"","country","origin","system","status","url","date_recorded","sysID","imageID","statusID","matID","Date"
"1","Russia","Soviet Union","T-62M","destroyed","https://twitter.com/UAWeapons/status/1544797070883684353","2022-09-29",1,1,1,"7-111","09/29/2022"
"2","Russia","Soviet Union","T-62M","destroyed","https://twitter.com/UAWeapons/status/1570762479357276162","2022-09-29",1,2,1,"7-121","09/29/2022"
"3","Russia","Soviet Union","T-62M","destroyed","https://twitter.com/UAWeapons/status/1572672235726573568","2022-09-29",1,3,1,"7-131","09/29/2022"
"4","Russia","Soviet Union","T-62M","abandoned","https://twitter.com/Blue_Sauron/status/1572563299576975361","2022-09-29",1,4,2,"7-142","09/29/2022"
"5","Russia","Soviet Union","T-62M","captured","https://twitter.com/UAWeapons/status/1570054722563997698","2022-09-29",1,5,3,"7-153","09/29/2022"
"6","Russia","Soviet Union","2 T-64A","destroyed","https://i.postimg.cc/fRWSdTBn/d32.png","2022-09-29",2,6,1,"7-261","09/29/2022"
"7","Russia","Soviet Union","2 T-64A","destroyed","https://twitter.com/UAWeapons/status/1561363838481666050","2022-09-29",2,7,1,"7-271","09/29/2022"
"8","Russia","Soviet Union","T-64BV","destroyed","https://i.postimg.cc/B63LSk6q/431v.png","2022-09-29",3,8,1,"7-381","09/29/2022"
"9","Russia","Soviet Union","T-64BV","destroyed","https://i.postimg.cc/zDKNSv0P/4431.png","2022-09-29",3,9,1,"7-391","09/29/2022"
"10","Russia","Soviet Union","T-64BV","destroyed","https://i.postimg.cc/vTVpDRV2/4fhh.png","2022-09-29",3,10,1,"7-3101","09/29/2022"
"11","Russia","Soviet Union","T-64BV","destroyed","https://i.postimg.cc/nLkXCgJk/5gk.png","2022-09-29",3,11,1,"7-3111","09/29/2022"
"12","Russia","Soviet Union","T-64BV","destroyed","https://i.postimg.cc/13SPjpnQ/325.png","2022-09-29",3,12,1,"7-3121","09/29/2022"
"13","Russia","Soviet Union","T-64BV","destroyed","https://i.postimg.cc/Dm38Wx0v/669.png","2022-09-29",3,13,1,"7-3131","09/29/2022"
"14","Russia","Soviet Union","T-64BV","destroyed","https://i.postimg.cc/cJd3fT2C/1001.jpg","2022-09-29",3,14,1,"7-3141","09/29/2022"
"15","Russia","Soviet Union","T-64BV","destroyed","https://i.postimg.cc/1581jxkd/b5.png","2022-09-29",3,15,1,"7-3151","09/29/2022"
"16","Russia","Soviet Union","T-64BV","destroyed","https://i.postimg.cc/6q8wYjYT/1007-t64bv.jpg","2022-09-29",3,16,1,"7-3161","09/29/2022"
"17","Russia","Soviet Union","T-64BV","destroyed","https://i.postimg.cc/Tw0Bjx5w/768.jpg","2022-09-29",3,17,1,"7-3171","09/29/2022"
"18","Russia","Soviet Union","T-64BV","destroyed","https://i.postimg.cc/3JVy55q6/d7.png","2022-09-29",3,18,1,"7-3181","09/29/2022"
"19","Russia","Soviet Union","T-64BV","destroyed","https://i.postimg.cc/MTWR5mFW/3dd2.png","2022-09-29",3,19,1,"7-3191","09/29/2022"
"20","Russia","Soviet Union","T-64BV","destroyed","https://i.postimg.cc/HnjRpt75/f2gh.jpg","2022-09-29",3,20,1,"7-3201","09/29/2022"
"21","Russia","Soviet Union","T-64BV","destroyed","https://i.postimg.cc/pTfSkjxd/23.jpg","2022-09-29",3,21,1,"7-3211","09/29/2022"
"22","Russia","Soviet Union","T-64BV","destroyed","https://i.postimg.cc/brCYNNH4/46.jpg","2022-09-29",3,22,1,"7-3221","09/29/2022"
"23","Russia","Soviet Union","T-64BV","destroyed","https://twitter.com/UAWeapons/status/1561363838481666050","2022-09-29",3,7,1,"7-371","09/29/2022"
"24","Russia","Soviet Union","T-64BV","destroyed","https://twitter.com/UAWeapons/status/1531973654313152515","2022-09-29",3,23,1,"7-3231","09/29/2022"
"25","Russia","Soviet Union","T-64BV","destroyed","https://i.postimg.cc/x1Ldg955/g55.jpg","2022-09-29",3,24,1,"7-3241","09/29/2022"
"26","Russia","Soviet Union","T-64BV","destroyed","https://twitter.com/UAWeapons/status/1534939583821107200","2022-09-29",3,25,1,"7-3251","09/29/2022"
"27","Russia","Soviet Union","T-64BV","destroyed","https://i.postimg.cc/W3f6ZSkK/3dg.png","2022-09-29",3,26,1,"7-3261","09/29/2022"
"28","Russia","Soviet Union","T-64BV","destroyed","https://twitter.com/UAWeapons/status/1539939158944358401","2022-09-29",3,27,1,"7-3271","09/29/2022"
"29","Russia","Soviet Union","T-64BV","destroyed","https://twitter.com/UAWeapons/status/1541049828288905218","2022-09-29",3,28,1,"7-3281","09/29/2022"
"30","Russia","Soviet Union","T-64BV","destroyed","https://twitter.com/UAWeapons/status/1546565537895006209","2022-09-29",3,29,1,"7-3291","09/29/2022"
"31","Russia","Soviet Union","T-64BV","destroyed","https://i.postimg.cc/t4vTP4WB/1001.jpg","2022-09-29",3,30,1,"7-3301","09/29/2022"
"32","Russia","Soviet Union","T-64BV","destroyed","https://i.postimg.cc/BvnT06jT/1002-t64bv.jpg","2022-09-29",3,31,1,"7-3311","09/29/2022"
"33","Russia","Soviet Union","T-64BV","destroyed","https://i.postimg.cc/rmv7hXSY/1000-t64bv.jpg","2022-09-29",3,32,1,"7-3321","09/29/2022"
"34","Russia","Soviet Union","T-64BV","destroyed","https://postlmg.cc/NL1NP1jq","2022-09-29",3,33,1,"7-3331","09/29/2022"
"35","Russia","Soviet Union","T-64BV","destroyed","https://i.postimg.cc/y6bmyjgM/1016-t64bv.jpg","2022-09-29",3,34,1,"7-3341","09/29/2022"
"36","Russia","Soviet Union","T-64BV","destroyed","https://i.postimg.cc/8k7tNFWS/1000-t72b.jpg","2022-09-29",3,35,1,"7-3351","09/29/2022"
"37","Russia","Soviet Union","T-64BV","damaged","https://postimg.cc/RqK9zGbg","2022-09-29",3,36,4,"7-3364","09/29/2022"
"38","Russia","Soviet Union","T-64BV","damaged","https://i.postimg.cc/SQYyjpnT/887.jpg","2022-09-29",3,37,4,"7-3374","09/29/2022"
"39","Russia","Soviet Union","T-64BV","abandoned","https://i.postimg.cc/2SxhnNXW/545.jpg","2022-09-29",3,38,2,"7-3382","09/29/2022"
"40","Russia","Soviet Union","T-64BV","abandoned","https://twitter.com/Osinttechnical/status/1543835821123534849","2022-09-29",3,39,2,"7-3392","09/29/2022"
"41","Russia","Soviet Union","T-64BV","captured","https://i.postimg.cc/rydk48wh/n0.png","2022-09-29",3,40,3,"7-3403","09/29/2022"
"42","Russia","Soviet Union","T-64BV","captured","https://i.postimg.cc/VL4dSdk8/32133.png","2022-09-29",3,41,3,"7-3413","09/29/2022"
"43","Russia","Soviet Union","T-64BV","damaged","https://i.postimg.cc/Gmh6ZzQv/31d.png","2022-09-29",3,42,4,"7-3424","09/29/2022"
"44","Russia","Soviet Union","T-64BV","captured","https://i.postimg.cc/Gmh6ZzQv/31d.png","2022-09-29",3,42,3,"7-3423","09/29/2022"
"45","Russia","Soviet Union","T-64BV","captured","https://i.postimg.cc/W4kWxSLT/7769.jpg","2022-09-29",3,43,3,"7-3433","09/29/2022"
"46","Russia","Soviet Union","T-64BV","captured","https://i.postimg.cc/v8J9YFfJ/1007.jpg","2022-09-29",3,44,3,"7-3443","09/29/2022"
"47","Russia","Soviet Union","T-72A","destroyed","https://i.postimg.cc/Prr1LXqZ/58.png","2022-09-29",4,45,1,"7-4451","09/29/2022"
"48","Russia","Soviet Union","T-72A","destroyed","https://i.postimg.cc/mrQPXJDB/e1.png","2022-09-29",4,46,1,"7-4461","09/29/2022"
"49","Russia","Soviet Union","T-72A","destroyed","https://i.postimg.cc/zBPksXf8/1000-t-72a.jpg","2022-09-29",4,47,1,"7-4471","09/29/2022"
"50","Russia","Soviet Union","T-72A","destroyed","https://i.postimg.cc/ZnhCrpqR/28.png","2022-09-29",4,48,1,"7-4481","09/29/2022"
"51","Russia","Soviet Union","T-72A","destroyed","https://i.postimg.cc/kX7BT8yc/65.jpg","2022-09-29",4,49,1,"7-4491","09/29/2022"
"52","Russia","Soviet Union","T-72A","destroyed","https://i.postimg.cc/Dy6Y8N89/g7.jpg","2022-09-29",4,50,1,"7-4501","09/29/2022"
"53","Russia","Soviet Union","T-72A","destroyed","https://i.postimg.cc/tg0SKYHf/2216.jpg","2022-09-29",4,51,1,"7-4511","09/29/2022"
"54","Russia","Soviet Union","T-72A","destroyed","https://i.postimg.cc/MG3NKhKh/1003.jpg","2022-09-29",4,52,1,"7-4521","09/29/2022"
"55","Russia","Soviet Union","T-72A","destroyed","https://i.postimg.cc/rwLTCjMW/554.jpg","2022-09-29",4,53,1,"7-4531","09/29/2022"
"56","Russia","Soviet Union","T-72A","destroyed","https://i.postimg.cc/bvVFDzy9/326.png","2022-09-29",4,54,1,"7-4541","09/29/2022"
"57","Russia","Soviet Union","T-72A","destroyed","https://twitter.com/UAWeapons/status/1545074010299547650","2022-09-29",4,55,1,"7-4551","09/29/2022"
"58","Russia","Soviet Union","T-72A","destroyed","https://i.postimg.cc/rw2xrW1L/1000-t72a.jpg","2022-09-29",4,56,1,"7-4561","09/29/2022"
"59","Russia","Soviet Union","T-72A","destroyed","https://i.postimg.cc/qB9j1Ns1/1001-t72a.jpg","2022-09-29",4,57,1,"7-4571","09/29/2022"
"60","Russia","Soviet Union","T-72A","destroyed","https://i.postimg.cc/2617wYVp/1021-t72a.jpg","2022-09-29",4,58,1,"7-4581","09/29/2022"
"61","Russia","Soviet Union","T-72A","damaged","https://i.postimg.cc/0jTSbC5M/1012.jpg","2022-09-29",4,59,4,"7-4594","09/29/2022"
"62","Russia","Soviet Union","T-72A","abandoned","https://i.postimg.cc/q7Pd3TMR/5g4.jpg","2022-09-29",4,60,2,"7-4602","09/29/2022"
"63","Russia","Soviet Union","T-72A","captured","https://i.postimg.cc/DfBZsDkg/558.png","2022-09-29",4,61,3,"7-4613","09/29/2022"
"64","Russia","Soviet Union","T-72A","captured","https://i.postimg.cc/tTk2850K/1d4.jpg","2022-09-29",4,62,3,"7-4623","09/29/2022"
"65","Russia","Soviet Union","T-72A","captured","https://i.postimg.cc/j283Hqqn/3d1d.png","2022-09-29",4,63,3,"7-4633","09/29/2022"
"66","Russia","Soviet Union","T-72A","captured","https://i.postimg.cc/pLZK95pC/6652.jpg","2022-09-29",4,64,3,"7-4643","09/29/2022"
"67","Russia","Soviet Union","T-72A","captured","https://i.postimg.cc/8zcL9Jbz/40.png","2022-09-29",4,65,3,"7-4653","09/29/2022"
"68","Russia","Soviet Union","T-72A","captured","https://i.postimg.cc/wMVfmqq2/499.png","2022-09-29",4,66,3,"7-4663","09/29/2022"
"69","Russia","Soviet Union","T-72A","captured","https://i.postimg.cc/gkg20f3r/ty.png","2022-09-29",4,67,3,"7-4673","09/29/2022"
"70","Russia","Soviet Union","T-72A","captured","https://i.postimg.cc/wB7PKkxS/f9.jpg","2022-09-29",4,68,3,"7-4683","09/29/2022"
"71","Russia","Soviet Union","T-72A","captured","https://i.postimg.cc/VkHjZR9j/266.png","2022-09-29",4,69,3,"7-4693","09/29/2022"
"72","Russia","Soviet Union","T-72A","captured","https://i.postimg.cc/BbJTW4Xw/44h.png","2022-09-29",4,70,3,"7-4703","09/29/2022"
"73","Russia","Soviet Union","T-72A","captured","https://i.postimg.cc/d18cYRk7/4f.jpg","2022-09-29",4,71,3,"7-4713","09/29/2022"
"74","Russia","Soviet Union","T-72A","captured","https://i.postimg.cc/HkMqRm4q/7j6.png","2022-09-29",4,72,3,"7-4723","09/29/2022"
"75","Russia","Soviet Union","T-72A","captured","https://i.postimg.cc/52nb5fqk/3222.jpg","2022-09-29",4,73,3,"7-4733","09/29/2022"
"76","Russia","Soviet Union","T-72A","captured","https://i.postimg.cc/JhJ6G2t4/5422.png","2022-09-29",4,74,3,"7-4743","09/29/2022"
"77","Russia","Soviet Union","8 T-72AV","destroyed","https://i.postimg.cc/Dz9N71pg/f5j.png","2022-09-29",5,75,1,"7-5751","09/29/2022"
"78","Russia","Soviet Union","8 T-72AV","destroyed","https://i.postimg.cc/nrvf8dH7/75.jpg","2022-09-29",5,76,1,"7-5761","09/29/2022"
"79","Russia","Soviet Union","8 T-72AV","destroyed","https://i.postimg.cc/3RNv9FcH/5547.jpg","2022-09-29",5,77,1,"7-5771","09/29/2022"
"80","Russia","Soviet Union","8 T-72AV","destroyed","https://i.postimg.cc/9XD3rDZP/1001-t-72av.jpg","2022-09-29",5,78,1,"7-5781","09/29/2022"
"81","Russia","Soviet Union","8 T-72AV","destroyed","https://i.postimg.cc/L5qn0rpP/1003-t72av.jpg","2022-09-29",5,79,1,"7-5791","09/29/2022"
"82","Russia","Soviet Union","8 T-72AV","damaged","https://i.postimg.cc/1RJLbc6f/689.png","2022-09-29",5,80,4,"7-5804","09/29/2022"
"83","Russia","Soviet Union","8 T-72AV","captured","https://i.postimg.cc/1RJLbc6f/689.png","2022-09-29",5,80,3,"7-5803","09/29/2022"
"84","Russia","Soviet Union","8 T-72AV","captured","https://i.postimg.cc/Y0ZfvWm2/d67.png","2022-09-29",5,81,3,"7-5813","09/29/2022"
"85","Russia","Soviet Union","8 T-72AV","captured","https://i.postimg.cc/HLP22qvC/4880.png","2022-09-29",5,82,3,"7-5823","09/29/2022"
"86","Russia","Soviet Union","T-72B","destroyed","https://i.postimg.cc/1XwLVN2J/1366.png","2022-09-29",6,83,1,"7-6831","09/29/2022"
"87","Russia","Soviet Union","T-72B","destroyed","https://i.postimg.cc/PJyDTMvz/3f.png","2022-09-29",6,84,1,"7-6841","09/29/2022"
"88","Russia","Soviet Union","T-72B","destroyed","https://i.postimg.cc/nVC3Hb5N/v90.png","2022-09-29",6,85,1,"7-6851","09/29/2022"
"89","Russia","Soviet Union","T-72B","destroyed","https://i.postimg.cc/1z0hr1Ck/5gg.png","2022-09-29",6,86,1,"7-6861","09/29/2022"
"90","Russia","Soviet Union","T-72B","destroyed","https://i.postimg.cc/T1X85D34/443fp.png","2022-09-29",6,87,1,"7-6871","09/29/2022"
"91","Russia","Soviet Union","T-72B","captured","https://i.postimg.cc/q78RX85k/v43.png","2022-09-29",6,88,3,"7-6883","09/29/2022"
"92","Russia","Soviet Union","T-72B","destroyed","https://i.postimg.cc/q78RX85k/v43.png","2022-09-29",6,88,1,"7-6881","09/29/2022"
"93","Russia","Soviet Union","T-72B","destroyed","https://i.postimg.cc/7LsDvrGm/b900.png","2022-09-29",6,89,1,"7-6891","09/29/2022"
"94","Russia","Soviet Union","T-72B","destroyed","https://i.postimg.cc/258nmcdH/443l.png","2022-09-29",6,90,1,"7-6901","09/29/2022"
"95","Russia","Soviet Union","T-72B","destroyed","https://i.postimg.cc/PJ6wWFCG/360.png","2022-09-29",6,91,1,"7-6911","09/29/2022"
"96","Russia","Soviet Union","T-72B","destroyed","https://i.postimg.cc/1z9rmbky/6r.png","2022-09-29",6,92,1,"7-6921","09/29/2022"
"97","Russia","Soviet Union","T-72B","destroyed","https://i.postimg.cc/13Sh2Bf1/581.png","2022-09-29",6,93,1,"7-6931","09/29/2022"
"98","Russia","Soviet Union","T-72B","destroyed","https://i.postimg.cc/NfHfvHzc/4678.png","2022-09-29",6,94,1,"7-6941","09/29/2022"
"99","Russia","Soviet Union","T-72B","destroyed","https://i.postimg.cc/4y1bhVKK/3588.png","2022-09-29",6,95,1,"7-6951","09/29/2022"
"100","Russia","Soviet Union","T-72B","destroyed","https://i.postimg.cc/LhdGMJ7x/7j0.jpg","2022-09-29",6,96,1,"7-6961","09/29/2022"
"101","Russia","Soviet Union","T-72B","destroyed","https://i.postimg.cc/VLnqCPFH/bt.png","2022-09-29",6,97,1,"7-6971","09/29/2022"
"102","Russia","Soviet Union","T-72B","destroyed","https://i.postimg.cc/QCRJKWZ1/4399.png","2022-09-29",6,98,1,"7-6981","09/29/2022"
"103","Russia","Soviet Union","T-72B","destroyed","https://i.postimg.cc/63jq82dV/467.png","2022-09-29",6,99,1,"7-6991","09/29/2022"
"104","Russia","Soviet Union","T-72B","destroyed","https://i.postimg.cc/PJVQs9nb/3380.png","2022-09-29",6,100,1,"7-61001","09/29/2022"
"105","Russia","Soviet Union","T-72B","destroyed","https://i.postimg.cc/YCF8cM3t/1002-t72b.jpg","2022-09-29",6,101,1,"7-61011","09/29/2022"
"106","Russia","Soviet Union","T-72B","destroyed","https://i.postimg.cc/PxGCwgBx/h0.jpg","2022-09-29",6,102,1,"7-61021","09/29/2022"
"107","Russia","Soviet Union","T-72B","destroyed","https://i.postimg.cc/Px2P9QYR/t11.png","2022-09-29",6,103,1,"7-61031","09/29/2022"
"108","Russia","Soviet Union","T-72B","destroyed","https://i.postimg.cc/QCzVxN6g/t12.png","2022-09-29",6,104,1,"7-61041","09/29/2022"
"109","Russia","Soviet Union","T-72B","destroyed","https://i.postimg.cc/0NMP51C0/d2.jpg","2022-09-29",6,105,1,"7-61051","09/29/2022"
"110","Russia","Soviet Union","T-72B","destroyed","https://i.postimg.cc/SsqWB6TF/54.jpg","2022-09-29",6,106,1,"7-61061","09/29/2022"
"111","Russia","Soviet Union","T-72B","destroyed","https://i.postimg.cc/MK7H2bYN/64.png","2022-09-29",6,107,1,"7-61071","09/29/2022"
"112","Russia","Soviet Union","T-72B","destroyed","https://i.postimg.cc/5ys6c7Ky/653.png","2022-09-29",6,108,1,"7-61081","09/29/2022"
"113","Russia","Soviet Union","T-72B","destroyed","https://i.postimg.cc/kXhmxnxZ/g65.jpg","2022-09-29",6,109,1,"7-61091","09/29/2022"
"114","Russia","Soviet Union","T-72B","destroyed","https://i.postimg.cc/dV04yqpr/d8.jpg","2022-09-29",6,110,1,"7-61101","09/29/2022"
"115","Russia","Soviet Union","T-72B","destroyed","https://i.postimg.cc/FHnGbMXq/13.jpg","2022-09-29",6,111,1,"7-61111","09/29/2022"
"116","Russia","Soviet Union","T-72B","destroyed","https://i.postimg.cc/ZnVfz5bh/sx.jpg","2022-09-29",6,112,1,"7-61121","09/29/2022"
"117","Russia","Soviet Union","T-72B","destroyed","https://i.postimg.cc/bwLgHcHD/d6.jpg","2022-09-29",6,113,1,"7-61131","09/29/2022"
"118","Russia","Soviet Union","T-72B","destroyed","https://i.postimg.cc/d0p84q71/85g.png","2022-09-29",6,114,1,"7-61141","09/29/2022"
"119","Russia","Soviet Union","T-72B","destroyed","https://postimg.cc/ZCqpTFYY","2022-09-29",6,115,1,"7-61151","09/29/2022"
"120","Russia","Soviet Union","T-72B","destroyed","https://i.postimg.cc/d02MvR3G/1002.jpg","2022-09-29",6,116,1,"7-61161","09/29/2022"
"121","Russia","Soviet Union","T-72B","destroyed","https://i.postimg.cc/TPD19KmC/41.png","2022-09-29",6,117,1,"7-61171","09/29/2022"
"122","Russia","Soviet Union","T-72B","destroyed","https://postimg.cc/2LSs8BCK","2022-09-29",6,118,1,"7-61181","09/29/2022"
"123","Russia","Soviet Union","T-72B","destroyed","https://postimg.cc/rKPksg0C","2022-09-29",6,119,1,"7-61191","09/29/2022"
"124","Russia","Soviet Union","T-72B","destroyed","https://i.postimg.cc/13kJ6tbc/65h.jpg","2022-09-29",6,120,1,"7-61201","09/29/2022"
"125","Russia","Soviet Union","T-72B","destroyed","https://i.postimg.cc/85VDbhxw/f46.jpg","2022-09-29",6,121,1,"7-61211","09/29/2022"
"126","Russia","Soviet Union","T-72B","destroyed","https://i.postimg.cc/xTF2ZrWX/32117.jpg","2022-09-29",6,122,1,"7-61221","09/29/2022"
"127","Russia","Soviet Union","T-72B","destroyed","https://i.postimg.cc/5y7ZDvKh/66.jpg","2022-09-29",6,123,1,"7-61231","09/29/2022"
"128","Russia","Soviet Union","T-72B","destroyed","https://i.postimg.cc/mDwxNKY2/677.jpg","2022-09-29",6,124,1,"7-61241","09/29/2022"
"129","Russia","Soviet Union","T-72B","destroyed","https://i.postimg.cc/rF0xgMxn/87.jpg","2022-09-29",6,125,1,"7-61251","09/29/2022"
"130","Russia","Soviet Union","T-72B","destroyed","https://i.postimg.cc/85xknTjh/4889.jpg","2022-09-29",6,126,1,"7-61261","09/29/2022"
"131","Russia","Soviet Union","T-72B","destroyed","https://i.postimg.cc/fLDbXZk5/d5.jpg","2022-09-29",6,127,1,"7-61271","09/29/2022"
"132","Russia","Soviet Union","T-72B","destroyed","https://i.postimg.cc/pdtCR4Gz/1003-t72b.jpg","2022-09-29",6,128,1,"7-61281","09/29/2022"
"133","Russia","Soviet Union","T-72B","destroyed","https://i.postimg.cc/SsSGz8pK/1004-t72b.jpg","2022-09-29",6,129,1,"7-61291","09/29/2022"
"134","Russia","Soviet Union","T-72B","destroyed","https://i.postimg.cc/vHJLtCdk/1005-t72b.jpg","2022-09-29",6,130,1,"7-61301","09/29/2022"
"135","Russia","Soviet Union","T-72B","destroyed","https://i.postimg.cc/wMNNW0t9/471.png","2022-09-29",6,131,1,"7-61311","09/29/2022"
"136","Russia","Soviet Union","T-72B","destroyed","https://i.postimg.cc/cCPmCv3L/79.jpg","2022-09-29",6,132,1,"7-61321","09/29/2022"
"137","Russia","Soviet Union","T-72B","destroyed","https://postimg.cc/4HT6Q4r9","2022-09-29",6,133,1,"7-61331","09/29/2022"
"138","Russia","Soviet Union","T-72B","destroyed","https://i.postimg.cc/DZRdpNXS/1015-t72b.jpg","2022-09-29",6,134,1,"7-61341","09/29/2022"
"139","Russia","Soviet Union","T-72B","destroyed","https://i.postimg.cc/5NvNKM1Y/387.jpg","2022-09-29",6,135,1,"7-61351","09/29/2022"
"140","Russia","Soviet Union","T-72B","destroyed","https://i.postimg.cc/PxFBTNbX/3377.jpg","2022-09-29",6,136,1,"7-61361","09/29/2022"
"141","Russia","Soviet Union","T-72B","destroyed","https://i.postimg.cc/Z55738s4/55.png","2022-09-29",6,137,1,"7-61371","09/29/2022"
"142","Russia","Soviet Union","T-72B","destroyed","https://i.postimg.cc/YSPc9rSW/6659.png","2022-09-29",6,138,1,"7-61381","09/29/2022"
"143","Russia","Soviet Union","T-72B","destroyed","https://i.postimg.cc/MHhL76xH/b1.jpg","2022-09-29",6,139,1,"7-61391","09/29/2022"
"144","Russia","Soviet Union","T-72B","destroyed","https://i.postimg.cc/mZqKfwM4/b2.jpg","2022-09-29",6,140,1,"7-61401","09/29/2022"
"145","Russia","Soviet Union","T-72B","destroyed","https://i.postimg.cc/K8hV48Js/b3.jpg","2022-09-29",6,141,1,"7-61411","09/29/2022"
"146","Russia","Soviet Union","T-72B","destroyed","https://i.postimg.cc/V6vZ2rk5/b4.jpg","2022-09-29",6,142,1,"7-61421","09/29/2022"
"147","Russia","Soviet Union","T-72B","destroyed","https://i.postimg.cc/vDFP10L6/b5.jpg","2022-09-29",6,143,1,"7-61431","09/29/2022"
"148","Russia","Soviet Union","T-72B","destroyed","https://i.postimg.cc/rwFNQzDh/4f3.png","2022-09-29",6,144,1,"7-61441","09/29/2022"
"149","Russia","Soviet Union","T-72B","destroyed","https://i.postimg.cc/9fQrgdd9/5g22.jpg","2022-09-29",6,145,1,"7-61451","09/29/2022"
"150","Russia","Soviet Union","T-72B","destroyed","https://twitter.com/UAWeapons/status/1524002774261850114","2022-09-29",6,146,1,"7-61461","09/29/2022"
"151","Russia","Soviet Union","T-72B","destroyed","https://i.postimg.cc/d0HHqhh8/dd30.jpg","2022-09-29",6,147,1,"7-61471","09/29/2022"
"152","Russia","Soviet Union","T-72B","destroyed","https://i.postimg.cc/MZP1tvq7/dd3.jpg","2022-09-29",6,148,1,"7-61481","09/29/2022"
"153","Russia","Soviet Union","T-72B","destroyed","https://i.postimg.cc/tCsWcp4L/dd4.jpg","2022-09-29",6,149,1,"7-61491","09/29/2022"
"154","Russia","Soviet Union","T-72B","destroyed","https://i.postimg.cc/4xNbMmqg/f43.jpg","2022-09-29",6,150,1,"7-61501","09/29/2022"
"155","Russia","Soviet Union","T-72B","destroyed","https://i.postimg.cc/htL4s02S/g5.jpg","2022-09-29",6,151,1,"7-61511","09/29/2022"
"156","Russia","Soviet Union","T-72B","destroyed","https://i.postimg.cc/xdgfD1rh/g6.jpg","2022-09-29",6,152,1,"7-61521","09/29/2022"
"157","Russia","Soviet Union","T-72B","destroyed","https://i.postimg.cc/76yX3XC3/33dp.jpg","2022-09-29",6,153,1,"7-61531","09/29/2022"
"158","Russia","Soviet Union","T-72B","destroyed","https://i.postimg.cc/jdbQyxjn/3d2.png","2022-09-29",6,154,1,"7-61541","09/29/2022"
"159","Russia","Soviet Union","T-72B","destroyed","https://i.postimg.cc/fTDmJ8Hx/4f44.png","2022-09-29",6,155,1,"7-61551","09/29/2022"
"160","Russia","Soviet Union","T-72B","destroyed","https://i.postimg.cc/2536SJhH/ff4.png","2022-09-29",6,156,1,"7-61561","09/29/2022"
"161","Russia","Soviet Union","T-72B","destroyed","https://i.postimg.cc/1R864rPm/66655.jpg","2022-09-29",6,157,1,"7-61571","09/29/2022"
"162","Russia","Soviet Union","T-72B","destroyed","https://i.postimg.cc/wMMskDxG/763.png","2022-09-29",6,158,1,"7-61581","09/29/2022"
"163","Russia","Soviet Union","T-72B","destroyed","https://i.postimg.cc/GtWpsVp3/1014.jpg","2022-09-29",6,159,1,"7-61591","09/29/2022"
"164","Russia","Soviet Union","T-72B","destroyed","https://twitter.com/UAWeapons/status/1546449671698145281","2022-09-29",6,160,1,"7-61601","09/29/2022"
"165","Russia","Soviet Union","T-72B","destroyed","https://i.postimg.cc/XJXdKG76/1012.jpg","2022-09-29",6,161,1,"7-61611","09/29/2022"
"166","Russia","Soviet Union","T-72B","destroyed","https://twitter.com/UAWeapons/status/1555188898824962048","2022-09-29",6,162,1,"7-61621","09/29/2022"
"167","Russia","Soviet Union","T-72B","destroyed","https://i.postimg.cc/RCykfvLk/1005-t72b.jpg","2022-09-29",6,163,1,"7-61631","09/29/2022"
"168","Russia","Soviet Union","T-72B","destroyed","https://i.postimg.cc/T3GDrcyZ/1004-t72b.jpg","2022-09-29",6,164,1,"7-61641","09/29/2022"
"169","Russia","Soviet Union","T-72B","destroyed","https://i.postimg.cc/PNntn2sh/1006-t72b.jpg","2022-09-29",6,165,1,"7-61651","09/29/2022"
"170","Russia","Soviet Union","T-72B","destroyed","https://twitter.com/RALee85/status/1558148936514342913","2022-09-29",6,166,1,"7-61661","09/29/2022"
"171","Russia","Soviet Union","T-72B","captured","https://i.postimg.cc/rmfPfp1n/286.png","2022-09-29",6,167,3,"7-61673","09/29/2022"
"172","Russia","Soviet Union","T-72B","destroyed","https://i.postimg.cc/rmfPfp1n/286.png","2022-09-29",6,167,1,"7-61671","09/29/2022"
"173","Russia","Soviet Union","T-72B","destroyed","https://twitter.com/UAWeapons/status/1565703774915760129","2022-09-29",6,168,1,"7-61681","09/29/2022"
"174","Russia","Soviet Union","T-72B","destroyed","https://twitter.com/UAWeapons/status/1559227773474017280","2022-09-29",6,169,1,"7-61691","09/29/2022"
"175","Russia","Soviet Union","T-72B","destroyed","https://i.postimg.cc/y8MgtCpq/1003.jpg","2022-09-29",6,170,1,"7-61701","09/29/2022"
"176","Russia","Soviet Union","T-72B","destroyed","https://i.postimg.cc/BnQK2Wcb/1001-t72b.jpg","2022-09-29",6,171,1,"7-61711","09/29/2022"
"177","Russia","Soviet Union","T-72B","destroyed","https://i.postimg.cc/gjvnW3xc/1006-t72b.jpg","2022-09-29",6,172,1,"7-61721","09/29/2022"
"178","Russia","Soviet Union","T-72B","destroyed","https://i.postimg.cc/FKnPgdrs/218.png","2022-09-29",6,173,1,"7-61731","09/29/2022"
"179","Russia","Soviet Union","T-72B","destroyed","https://i.postimg.cc/g2X2fTvd/1002-t72b.jpg","2022-09-29",6,174,1,"7-61741","09/29/2022"
"180","Russia","Soviet Union","T-72B","destroyed","https://twitter.com/UAWeapons/status/1572670481068883970","2022-09-29",6,175,1,"7-61751","09/29/2022"
"181","Russia","Soviet Union","T-72B","destroyed","https://i.postimg.cc/yxxk4wMR/1007-t72b.jpg","2022-09-29",6,176,1,"7-61761","09/29/2022"
"182","Russia","Soviet Union","T-72B","destroyed","https://i.postimg.cc/SRPjyg4v/1008-t72b.jpg","2022-09-29",6,177,1,"7-61771","09/29/2022"
"183","Russia","Soviet Union","T-72B","destroyed","https://i.postimg.cc/zfz1HnVL/2022-09-17-T-72-B.jpg","2022-09-29",6,178,1,"7-61781","09/29/2022"
"184","Russia","Soviet Union","T-72B","destroyed","https://twitter.com/UAWeapons/status/1572972291624951809","2022-09-29",6,179,1,"7-61791","09/29/2022"
"185","Russia","Soviet Union","T-72B","destroyed","https://i.postimg.cc/SjbR66Mq/1007-t72b.jpg","2022-09-29",6,180,1,"7-61801","09/29/2022"
"186","Russia","Soviet Union","T-72B","destroyed","https://twitter.com/UAWeapons/status/1573343531221106688","2022-09-29",6,181,1,"7-61811","09/29/2022"
"187","Russia","Soviet Union","T-72B","destroyed","https://i.postimg.cc/hvFY0K3J/2022-05-16-T-72-B.jpg","2022-09-29",6,182,1,"7-61821","09/29/2022"
"188","Russia","Soviet Union","T-72B","destroyed","https://i.postimg.cc/KjsGGSb7/2022-09-20-T-72-B.jpg","2022-09-29",6,183,1,"7-61831","09/29/2022"
"189","Russia","Soviet Union","T-72B","destroyed","https://twitter.com/UAWeapons/status/1575388020521443328","2022-09-29",6,184,1,"7-61841","09/29/2022"
"190","Russia","Soviet Union","T-72B","damaged","https://i.postimg.cc/HLqxBrSK/4fa.png","2022-09-29",6,185,4,"7-61854","09/29/2022"
"191","Russia","Soviet Union","T-72B","damaged","https://i.postimg.cc/0N1SXCLx/557.jpg","2022-09-29",6,186,4,"7-61864","09/29/2022"
"192","Russia","Soviet Union","T-72B","damaged","https://twitter.com/UAWeapons/status/1513495397414715392","2022-09-29",6,187,4,"7-61874","09/29/2022"
"193","Russia","Soviet Union","T-72B","damaged","https://i.postimg.cc/5091yjw5/1034.jpg","2022-09-29",6,188,4,"7-61884","09/29/2022"
"194","Russia","Soviet Union","T-72B","damaged","https://i.postimg.cc/8zz8WcH7/763.png","2022-09-29",6,189,4,"7-61894","09/29/2022"
"195","Russia","Soviet Union","T-72B","abandoned","https://i.postimg.cc/8zz8WcH7/763.png","2022-09-29",6,189,2,"7-61892","09/29/2022"
"196","Russia","Soviet Union","T-72B","abandoned","https://i.postimg.cc/1tvs3GFY/470.png","2022-09-29",6,190,2,"7-61902","09/29/2022"
"197","Russia","Soviet Union","T-72B","abandoned","https://i.postimg.cc/zv3Z8G8D/5570.png","2022-09-29",6,191,2,"7-61912","09/29/2022"
"198","Russia","Soviet Union","T-72B","abandoned","https://i.postimg.cc/KzgLWJ4m/341.png","2022-09-29",6,192,2,"7-61922","09/29/2022"
"199","Russia","Soviet Union","T-72B","damaged","https://i.postimg.cc/ZKwvnxCF/65h.jpg","2022-09-29",6,193,4,"7-61934","09/29/2022"
"200","Russia","Soviet Union","T-72B","abandoned","https://i.postimg.cc/ZKwvnxCF/65h.jpg","2022-09-29",6,193,2,"7-61932","09/29/2022"
"201","Russia","Soviet Union","T-72B","damaged","https://i.postimg.cc/wjfhLTQ3/4f9.jpg","2022-09-29",6,194,4,"7-61944","09/29/2022"
"202","Russia","Soviet Union","T-72B","abandoned","https://i.postimg.cc/wjfhLTQ3/4f9.jpg","2022-09-29",6,194,2,"7-61942","09/29/2022"
"203","Russia","Soviet Union","T-72B","damaged","https://i.postimg.cc/GhcpMPJj/53.jpg","2022-09-29",6,195,4,"7-61954","09/29/2022"
"204","Russia","Soviet Union","T-72B","abandoned","https://i.postimg.cc/GhcpMPJj/53.jpg","2022-09-29",6,195,2,"7-61952","09/29/2022"
"205","Russia","Soviet Union","T-72B","damaged","https://i.postimg.cc/Bv3rSysY/33213.png","2022-09-29",6,196,4,"7-61964","09/29/2022"
"206","Russia","Soviet Union","T-72B","captured","https://i.postimg.cc/Bv3rSysY/33213.png","2022-09-29",6,196,3,"7-61963","09/29/2022"
"207","Russia","Soviet Union","T-72B","damaged","https://i.postimg.cc/h4Tfc6FP/6523.png","2022-09-29",6,197,4,"7-61974","09/29/2022"
"208","Russia","Soviet Union","T-72B","captured","https://i.postimg.cc/h4Tfc6FP/6523.png","2022-09-29",6,197,3,"7-61973","09/29/2022"
"209","Russia","Soviet Union","T-72B","captured","https://i.postimg.cc/HxqJby2G/488.png","2022-09-29",6,198,3,"7-61983","09/29/2022"
"210","Russia","Soviet Union","T-72B","captured","https://i.postimg.cc/7hvdbLzy/5422.jpg","2022-09-29",6,199,3,"7-61993","09/29/2022"
"211","Russia","Soviet Union","T-72B","captured","https://i.postimg.cc/WzC3dgn1/d1d.jpg","2022-09-29",6,200,3,"7-62003","09/29/2022"
"212","Russia","Soviet Union","T-72B","captured","https://i.postimg.cc/KYj8D0H8/r3.jpg","2022-09-29",6,201,3,"7-62013","09/29/2022"
"213","Russia","Soviet Union","T-72B","captured","https://i.postimg.cc/rmsL0R73/4f1.png","2022-09-29",6,202,3,"7-62023","09/29/2022"
"214","Russia","Soviet Union","T-72B","captured","https://i.postimg.cc/2j7N340c/23f.jpg","2022-09-29",6,203,3,"7-62033","09/29/2022"
"215","Russia","Soviet Union","T-72B","captured","https://i.postimg.cc/Bv3rSysY/33213.png","2022-09-29",6,196,3,"7-61963","09/29/2022"
"216","Russia","Soviet Union","T-72B","captured","https://i.postimg.cc/Kcs8NxNt/5h.png","2022-09-29",6,204,3,"7-62043","09/29/2022"
"217","Russia","Soviet Union","T-72B","captured","https://i.postimg.cc/BQx2ch5r/c5.jpg","2022-09-29",6,205,3,"7-62053","09/29/2022"
"218","Russia","Soviet Union","T-72B","captured","https://i.postimg.cc/0yC7VGFY/bt8.png","2022-09-29",6,206,3,"7-62063","09/29/2022"
"219","Russia","Soviet Union","T-72B","captured","https://i.postimg.cc/DzjLTv2m/bt9.png","2022-09-29",6,207,3,"7-62073","09/29/2022"
"220","Russia","Soviet Union","T-72B","captured","https://i.postimg.cc/PfvWNfCr/c6.jpg","2022-09-29",6,208,3,"7-62083","09/29/2022"
"221","Russia","Soviet Union","T-72B","captured","https://i.postimg.cc/sDQ1HRfx/455.png","2022-09-29",6,209,3,"7-62093","09/29/2022"
"222","Russia","Soviet Union","T-72B","captured","https://i.postimg.cc/d1WfHr51/lk.png","2022-09-29",6,210,3,"7-62103","09/29/2022"
"223","Russia","Soviet Union","T-72B","captured","https://i.postimg.cc/Ssrz1DC1/5g5.jpg","2022-09-29",6,211,3,"7-62113","09/29/2022"
"224","Russia","Soviet Union","T-72B","captured","https://i.postimg.cc/fyGRTdNQ/766.jpg","2022-09-29",6,212,3,"7-62123","09/29/2022"
"225","Russia","Soviet Union","T-72B","captured","https://postimg.cc/K1DWKr21","2022-09-29",6,213,3,"7-62133","09/29/2022"
"226","Russia","Soviet Union","T-72B","captured","https://i.postimg.cc/k4jjk5XP/4433.jpg","2022-09-29",6,214,3,"7-62143","09/29/2022"
"227","Russia","Soviet Union","T-72B","captured","https://i.postimg.cc/cHZwX5sc/438k.png","2022-09-29",6,215,3,"7-62153","09/29/2022"
"228","Russia","Soviet Union","T-72B","captured","https://i.postimg.cc/X77rqZ1S/g6.jpg","2022-09-29",6,216,3,"7-62163","09/29/2022"
"229","Russia","Soviet Union","T-72B","captured","https://i.postimg.cc/0QJfZdry/5770.png","2022-09-29",6,217,3,"7-62173","09/29/2022"
"230","Russia","Soviet Union","T-72B","captured","https://i.postimg.cc/br5s38s0/887.jpg","2022-09-29",6,218,3,"7-62183","09/29/2022"
"231","Russia","Soviet Union","T-72B","captured","https://i.postimg.cc/dQZZfLKP/321.jpg","2022-09-29",6,219,3,"7-62193","09/29/2022"
"232","Russia","Soviet Union","T-72B","captured","https://i.postimg.cc/mkTx7PYz/3211.jpg","2022-09-29",6,220,3,"7-62203","09/29/2022"
"233","Russia","Soviet Union","T-72B","captured","https://i.postimg.cc/zX8WM3NJ/657.jpg","2022-09-29",6,221,3,"7-62213","09/29/2022"
"234","Russia","Soviet Union","T-72B","captured","https://i.postimg.cc/Pfwq9LqV/57.jpg","2022-09-29",6,222,3,"7-62223","09/29/2022"
"235","Russia","Soviet Union","T-72B","captured","https://i.postimg.cc/05hXSQ9J/443.jpg","2022-09-29",6,223,3,"7-62233","09/29/2022"
"236","Russia","Soviet Union","T-72B","captured","https://i.postimg.cc/CdpySyYv/665.jpg","2022-09-29",6,224,3,"7-62243","09/29/2022"
"237","Russia","Soviet Union","T-72B","captured","https://i.postimg.cc/jSd4yPzH/67.jpg","2022-09-29",6,225,3,"7-62253","09/29/2022"
"238","Russia","Soviet Union","T-72B","captured","https://i.postimg.cc/YCbHJVSt/988.jpg","2022-09-29",6,226,3,"7-62263","09/29/2022"
"239","Russia","Soviet Union","T-72B","captured","https://i.postimg.cc/KvjS4SnV/f55.png","2022-09-29",6,227,3,"7-62273","09/29/2022"
"240","Russia","Soviet Union","T-72B","captured","https://i.postimg.cc/8CbkWpK4/44f0.png","2022-09-29",6,228,3,"7-62283","09/29/2022"
"241","Russia","Soviet Union","T-72B","captured","https://i.postimg.cc/m22ky4yZ/778.jpg","2022-09-29",6,229,3,"7-62293","09/29/2022"
"242","Russia","Soviet Union","T-72B","captured","https://twitter.com/UAWeapons/status/1538474213220265985","2022-09-29",6,230,3,"7-62303","09/29/2022"
"243","Russia","Soviet Union","T-72B","captured","https://i.postimg.cc/MGqbLZm7/78.jpg","2022-09-29",6,231,3,"7-62313","09/29/2022"
"244","Russia","Soviet Union","T-72B","captured","https://i.postimg.cc/TY3dqqM5/52.png","2022-09-29",6,232,3,"7-62323","09/29/2022"
"245","Russia","Soviet Union","T-72B","captured","https://i.postimg.cc/26mGDmRD/m4.png","2022-09-29",6,233,3,"7-62333","09/29/2022"
"246","Russia","Soviet Union","T-72B","captured","https://i.postimg.cc/PJknPwNV/1245.png","2022-09-29",6,234,3,"7-62343","09/29/2022"
"247","Russia","Soviet Union","T-72B","captured","https://twitter.com/UAWeapons/status/1548761196542689280","2022-09-29",6,235,3,"7-62353","09/29/2022"
"248","Russia","Soviet Union","T-72B","captured","https://i.postimg.cc/rpJQGW17/46k.png","2022-09-29",6,236,3,"7-62363","09/29/2022"
"249","Russia","Soviet Union","T-72B","captured","https://i.postimg.cc/4xc1brgd/446.png","2022-09-29",6,237,3,"7-62373","09/29/2022"
"250","Russia","Soviet Union","T-72B","captured","https://i.postimg.cc/j2pMJbGF/1004.jpg","2022-09-29",6,238,3,"7-62383","09/29/2022"
"251","Russia","Soviet Union","T-72B","captured","https://i.postimg.cc/HWXSMGPQ/1001.jpg","2022-09-29",6,239,3,"7-62393","09/29/2022"
"252","Russia","Soviet Union","T-72B","captured","https://i.postimg.cc/8PQKDG7t/ta2.png","2022-09-29",6,240,3,"7-62403","09/29/2022"
"253","Russia","Soviet Union","T-72B","captured","https://i.postimg.cc/13gv8gsQ/g5mm.jpg","2022-09-29",6,241,3,"7-62413","09/29/2022"
"254","Russia","Soviet Union","T-72B","captured","https://i.postimg.cc/y8Cgm71v/366.png","2022-09-29",6,242,3,"7-62423","09/29/2022"
"255","Russia","Soviet Union","T-72B","captured","https://i.postimg.cc/L4LcxH8f/1018-t72b.jpg","2022-09-29",6,243,3,"7-62433","09/29/2022"
"256","Russia","Soviet Union","T-72B","captured","https://twitter.com/UAWeapons/status/1562002981394026498","2022-09-29",6,244,3,"7-62443","09/29/2022"
"257","Russia","Soviet Union","T-72B","captured","https://i.postimg.cc/xj50zPMP/4003-t72b.jpg","2022-09-29",6,245,3,"7-62453","09/29/2022"
"258","Russia","Soviet Union","T-72B","captured","https://twitter.com/UAWeapons/status/1569013204541374464","2022-09-29",6,246,3,"7-62463","09/29/2022"
"259","Russia","Soviet Union","T-72B","captured","https://twitter.com/UAWeapons/status/1569618856687058945","2022-09-29",6,247,3,"7-62473","09/29/2022"
"260","Russia","Soviet Union","T-72B","captured","https://i.postimg.cc/s2RyrRjc/4001-t72b.jpg","2022-09-29",6,248,3,"7-62483","09/29/2022"
"261","Russia","Soviet Union","T-72B","captured","https://twitter.com/UAWeapons/status/1570138425843408896","2022-09-29",6,249,3,"7-62493","09/29/2022"
"262","Russia","Soviet Union","T-72B","captured","https://i.postimg.cc/856PbNWN/1000.jpg","2022-09-29",6,250,3,"7-62503","09/29/2022"
"263","Russia","Soviet Union","T-72B","captured","https://i.postimg.cc/GmZRmMzH/1000-t72b.jpg","2022-09-29",6,251,3,"7-62513","09/29/2022"
"264","Russia","Soviet Union","T-72B","damaged","https://i.postimg.cc/kX0QbyD7/1008-t72b-capt.jpg","2022-09-29",6,252,4,"7-62524","09/29/2022"
"265","Russia","Soviet Union","T-72B","captured","https://i.postimg.cc/kX0QbyD7/1008-t72b-capt.jpg","2022-09-29",6,252,3,"7-62523","09/29/2022"
"266","Russia","Soviet Union","72 T-72B Obr. 1989","destroyed","https://i.postimg.cc/bwQmfRRD/763.png","2022-09-29",7,253,1,"7-72531","09/29/2022"
"267","Russia","Soviet Union","72 T-72B Obr. 1989","destroyed","https://i.postimg.cc/VLBGh0Lz/3dd1.jpg","2022-09-29",7,254,1,"7-72541","09/29/2022"
"268","Russia","Soviet Union","72 T-72B Obr. 1989","destroyed","https://i.postimg.cc/RhMrhxYT/90.png","2022-09-29",7,255,1,"7-72551","09/29/2022"
"269","Russia","Soviet Union","72 T-72B Obr. 1989","destroyed","https://i.postimg.cc/zGHMfQSs/32111.png","2022-09-29",7,256,1,"7-72561","09/29/2022"
"270","Russia","Soviet Union","72 T-72B Obr. 1989","destroyed","https://i.postimg.cc/kMbfTBHz/983.png","2022-09-29",7,257,1,"7-72571","09/29/2022"
"271","Russia","Soviet Union","72 T-72B Obr. 1989","destroyed","https://postlmg.cc/HJF3Zn73","2022-09-29",7,258,1,"7-72581","09/29/2022"
"272","Russia","Soviet Union","72 T-72B Obr. 1989","destroyed","https://i.postimg.cc/MGCKHyk2/557.png","2022-09-29",7,259,1,"7-72591","09/29/2022"
"273","Russia","Soviet Union","72 T-72B Obr. 1989","destroyed","https://i.postimg.cc/zDSXDb06/887.png","2022-09-29",7,260,1,"7-72601","09/29/2022"
"274","Russia","Soviet Union","72 T-72B Obr. 1989","destroyed","https://i.postimg.cc/KvkQ7MkL/542f2.jpg","2022-09-29",7,261,1,"7-72611","09/29/2022"
"275","Russia","Soviet Union","72 T-72B Obr. 1989","destroyed","https://i.postimg.cc/Dz08xgz6/d3n.jpg","2022-09-29",7,262,1,"7-72621","09/29/2022"
"276","Russia","Soviet Union","72 T-72B Obr. 1989","destroyed","https://i.postimg.cc/1zqHtqkm/3d3.jpg","2022-09-29",7,263,1,"7-72631","09/29/2022"
"277","Russia","Soviet Union","72 T-72B Obr. 1989","destroyed","https://postimg.cc/f36nCbj3","2022-09-29",7,264,1,"7-72641","09/29/2022"
"278","Russia","Soviet Union","72 T-72B Obr. 1989","destroyed","https://postimg.cc/MMVkF8d9","2022-09-29",7,265,1,"7-72651","09/29/2022"
"279","Russia","Soviet Union","72 T-72B Obr. 1989","destroyed","https://postimg.cc/zb8m6c65","2022-09-29",7,266,1,"7-72661","09/29/2022"
"280","Russia","Soviet Union","72 T-72B Obr. 1989","destroyed","https://i.postimg.cc/FK4x6j4C/tankk.png","2022-09-29",7,267,1,"7-72671","09/29/2022"
"281","Russia","Soviet Union","72 T-72B Obr. 1989","destroyed","https://postimg.cc/qtyVxLkS","2022-09-29",7,268,1,"7-72681","09/29/2022"
"282","Russia","Soviet Union","72 T-72B Obr. 1989","destroyed","https://i.postimg.cc/C5KNY21Q/1003.jpg","2022-09-29",7,269,1,"7-72691","09/29/2022"
"283","Russia","Soviet Union","72 T-72B Obr. 1989","destroyed","https://i.postimg.cc/VN4xdbdL/489.png","2022-09-29",7,270,1,"7-72701","09/29/2022"
"284","Russia","Soviet Union","72 T-72B Obr. 1989","destroyed","https://i.postimg.cc/PrqbsjfB/dt12.png","2022-09-29",7,271,1,"7-72711","09/29/2022"
"285","Russia","Soviet Union","72 T-72B Obr. 1989","destroyed","https://i.postimg.cc/XJy7Kgyg/32d.png","2022-09-29",7,272,1,"7-72721","09/29/2022"
"286","Russia","Soviet Union","72 T-72B Obr. 1989","destroyed","https://i.postimg.cc/qvjrTktx/6698.png","2022-09-29",7,273,1,"7-72731","09/29/2022"
"287","Russia","Soviet Union","72 T-72B Obr. 1989","destroyed","https://i.postimg.cc/sg5P6KjX/1007-t72b1989.jpg","2022-09-29",7,274,1,"7-72741","09/29/2022"
"288","Russia","Soviet Union","72 T-72B Obr. 1989","destroyed","https://i.postimg.cc/Fz8NG92N/763.jpg","2022-09-29",7,275,1,"7-72751","09/29/2022"
"289","Russia","Soviet Union","72 T-72B Obr. 1989","destroyed","https://i.postimg.cc/wvvXTB0n/5g.jpg","2022-09-29",7,276,1,"7-72761","09/29/2022"
"290","Russia","Soviet Union","72 T-72B Obr. 1989","destroyed","https://i.postimg.cc/dVBzXTYc/d87.png","2022-09-29",7,277,1,"7-72771","09/29/2022"
"291","Russia","Soviet Union","72 T-72B Obr. 1989","destroyed","https://i.postimg.cc/26XRVkYQ/325.jpg","2022-09-29",7,278,1,"7-72781","09/29/2022"
"292","Russia","Soviet Union","72 T-72B Obr. 1989","destroyed","https://i.postimg.cc/XNT4fqFk/g542.png","2022-09-29",7,279,1,"7-72791","09/29/2022"
"293","Russia","Soviet Union","72 T-72B Obr. 1989","destroyed","https://i.postimg.cc/bJHW72jf/5541.png","2022-09-29",7,280,1,"7-72801","09/29/2022"
"294","Russia","Soviet Union","72 T-72B Obr. 1989","destroyed","https://twitter.com/UAWeapons/status/1542891130924290051","2022-09-29",7,281,1,"7-72811","09/29/2022"
"295","Russia","Soviet Union","72 T-72B Obr. 1989","destroyed","https://twitter.com/RALee85/status/1543247481433104384","2022-09-29",7,282,1,"7-72821","09/29/2022"
"296","Russia","Soviet Union","72 T-72B Obr. 1989","abandoned","https://twitter.com/UAWeapons/status/1507764352774025217","2022-09-29",7,283,2,"7-72832","09/29/2022"
"297","Russia","Soviet Union","72 T-72B Obr. 1989","destroyed","https://twitter.com/UAWeapons/status/1507764352774025217","2022-09-29",7,283,1,"7-72831","09/29/2022"
"298","Russia","Soviet Union","72 T-72B Obr. 1989","destroyed","https://i.postimg.cc/bJYShwyX/1008-t72b1989.jpg","2022-09-29",7,284,1,"7-72841","09/29/2022"
"299","Russia","Soviet Union","72 T-72B Obr. 1989","destroyed","https://i.postimg.cc/JhR9DqgC/1000-t72b1989.jpg","2022-09-29",7,285,1,"7-72851","09/29/2022"
"300","Russia","Soviet Union","72 T-72B Obr. 1989","destroyed","https://twitter.com/UAWeapons/status/1523290805762686976","2022-09-29",7,286,1,"7-72861","09/29/2022"
"301","Russia","Soviet Union","72 T-72B Obr. 1989","destroyed","https://i.postimg.cc/Hkm3CFP5/1017-t72b1989.jpg","2022-09-29",7,287,1,"7-72871","09/29/2022"
"302","Russia","Soviet Union","72 T-72B Obr. 1989","destroyed","https://i.postimg.cc/1z5H8wS3/1020-t72b1989.jpg","2022-09-29",7,288,1,"7-72881","09/29/2022"
"303","Russia","Soviet Union","72 T-72B Obr. 1989","destroyed","https://i.postimg.cc/fTDpdnYs/1010-t72b1989.jpg","2022-09-29",7,289,1,"7-72891","09/29/2022"
"304","Russia","Soviet Union","72 T-72B Obr. 1989","destroyed","https://twitter.com/UAWeapons/status/1571150184947798018","2022-09-29",7,290,1,"7-72901","09/29/2022"
"305","Russia","Soviet Union","72 T-72B Obr. 1989","destroyed","https://i.postimg.cc/ZKX1sWqV/331.png","2022-09-29",7,291,1,"7-72911","09/29/2022"
"306","Russia","Soviet Union","72 T-72B Obr. 1989","destroyed","https://i.postimg.cc/kGRF58nz/2022-09-14-T-72-B3.jpg","2022-09-29",7,292,1,"7-72921","09/29/2022"
"307","Russia","Soviet Union","72 T-72B Obr. 1989","damaged","https://i.postimg.cc/Sx58mgzj/480.png","2022-09-29",7,293,4,"7-72934","09/29/2022"
"308","Russia","Soviet Union","72 T-72B Obr. 1989","damaged","https://twitter.com/UAWeapons/status/1557305465687744512","2022-09-29",7,294,4,"7-72944","09/29/2022"
"309","Russia","Soviet Union","72 T-72B Obr. 1989","damaged","https://twitter.com/Blue_Sauron/status/1575425367027892226","2022-09-29",7,295,4,"7-72954","09/29/2022"
"310","Russia","Soviet Union","72 T-72B Obr. 1989","abandoned","https://i.postimg.cc/rsFyfrR7/h8.png","2022-09-29",7,296,2,"7-72962","09/29/2022"
"311","Russia","Soviet Union","72 T-72B Obr. 1989","abandoned","https://i.postimg.cc/6qVQKzjC/4t.png","2022-09-29",7,297,2,"7-72972","09/29/2022"
"312","Russia","Soviet Union","72 T-72B Obr. 1989","abandoned","https://i.postimg.cc/bvc3zdgp/3g.png","2022-09-29",7,298,2,"7-72982","09/29/2022"
"313","Russia","Soviet Union","72 T-72B Obr. 1989","abandoned","https://i.postimg.cc/Twf33VDW/1009-t72b1989.jpg","2022-09-29",7,299,2,"7-72992","09/29/2022"
"314","Russia","Soviet Union","72 T-72B Obr. 1989","damaged","https://i.postimg.cc/9XgKbxBF/8.jpg","2022-09-29",7,300,4,"7-73004","09/29/2022"
"315","Russia","Soviet Union","72 T-72B Obr. 1989","captured","https://i.postimg.cc/9XgKbxBF/8.jpg","2022-09-29",7,300,3,"7-73003","09/29/2022"
"316","Russia","Soviet Union","72 T-72B Obr. 1989","damaged","https://i.postimg.cc/KcW6QX5W/652.png","2022-09-29",7,301,4,"7-73014","09/29/2022"
"317","Russia","Soviet Union","72 T-72B Obr. 1989","captured","https://i.postimg.cc/KcW6QX5W/652.png","2022-09-29",7,301,3,"7-73013","09/29/2022"
"318","Russia","Soviet Union","72 T-72B Obr. 1989","damaged","https://i.postimg.cc/K8GWjV0y/257.png","2022-09-29",7,302,4,"7-73024","09/29/2022"
"319","Russia","Soviet Union","72 T-72B Obr. 1989","captured","https://i.postimg.cc/K8GWjV0y/257.png","2022-09-29",7,302,3,"7-73023","09/29/2022"
"320","Russia","Soviet Union","72 T-72B Obr. 1989","captured","https://i.postimg.cc/rsY8xqYW/78.jpg","2022-09-29",7,303,3,"7-73033","09/29/2022"
"321","Russia","Soviet Union","72 T-72B Obr. 1989","captured","https://i.postimg.cc/kGRMXTtk/dg.png","2022-09-29",7,304,3,"7-73043","09/29/2022"
"322","Russia","Soviet Union","72 T-72B Obr. 1989","captured","https://i.postimg.cc/0NVQN9tX/3317.png","2022-09-29",7,305,3,"7-73053","09/29/2022"
"323","Russia","Soviet Union","72 T-72B Obr. 1989","captured","https://postimg.cc/563CSwdq","2022-09-29",7,306,3,"7-73063","09/29/2022"
"324","Russia","Soviet Union","72 T-72B Obr. 1989","captured","https://postimg.cc/TpGbbtS3","2022-09-29",7,307,3,"7-73073","09/29/2022"
"325","Russia","Soviet Union","72 T-72B Obr. 1989","captured","https://i.postimg.cc/qRWSgMZm/ttaank.png","2022-09-29",7,308,3,"7-73083","09/29/2022"
"326","Russia","Soviet Union","72 T-72B Obr. 1989","captured","https://i.postimg.cc/6qnFN46P/776.jpg","2022-09-29",7,309,3,"7-73093","09/29/2022"
"327","Russia","Soviet Union","72 T-72B Obr. 1989","captured","https://i.postimg.cc/WpCjQNyv/f433.jpg","2022-09-29",7,310,3,"7-73103","09/29/2022"
"328","Russia","Soviet Union","72 T-72B Obr. 1989","captured","https://i.postimg.cc/cH86SLw8/d4n.jpg","2022-09-29",7,311,3,"7-73113","09/29/2022"
"329","Russia","Soviet Union","72 T-72B Obr. 1989","captured","https://i.postimg.cc/wMkxsvDr/658.jpg","2022-09-29",7,312,3,"7-73123","09/29/2022"
"330","Russia","Soviet Union","72 T-72B Obr. 1989","captured","https://i.postimg.cc/pX9C94y9/h6.jpg","2022-09-29",7,313,3,"7-73133","09/29/2022"
"331","Russia","Soviet Union","72 T-72B Obr. 1989","captured","https://i.postimg.cc/NM8vPWBX/669.png","2022-09-29",7,314,3,"7-73143","09/29/2022"
"332","Russia","Soviet Union","72 T-72B Obr. 1989","captured","https://i.postimg.cc/ncVTvBjk/d8.png","2022-09-29",7,315,3,"7-73153","09/29/2022"
"333","Russia","Soviet Union","72 T-72B Obr. 1989","captured","https://i.postimg.cc/QdD8JTw6/78.png","2022-09-29",7,316,3,"7-73163","09/29/2022"
"334","Russia","Soviet Union","72 T-72B Obr. 1989","captured","https://i.postimg.cc/htZVDZjm/1002.jpg","2022-09-29",7,317,3,"7-73173","09/29/2022"
"335","Russia","Soviet Union","72 T-72B Obr. 1989","captured","https://twitter.com/UAWeapons/status/1566836619415527427","2022-09-29",7,318,3,"7-73183","09/29/2022"
"336","Russia","Soviet Union","72 T-72B Obr. 1989","captured","https://i.postimg.cc/prDXwQ40/4002-t72b1989.jpg","2022-09-29",7,319,3,"7-73193","09/29/2022"
"337","Russia","Soviet Union","72 T-72B Obr. 1989","captured","https://twitter.com/UAWeapons/status/1570137029349883904","2022-09-29",7,320,3,"7-73203","09/29/2022"
"338","Russia","Soviet Union","72 T-72B Obr. 1989","captured","https://twitter.com/UAWeapons/status/1575217795385950208","2022-09-29",7,321,3,"7-73213","09/29/2022"
"339","Russia","Soviet Union","72 T-72B Obr. 1989","captured","https://i.postimg.cc/8sggs0Kg/1003-t72-1989.jpg","2022-09-29",7,322,3,"7-73223","09/29/2022"
"340","Russia","Russia","11 T-72BA","destroyed","https://i.postimg.cc/63BxRw4S/1002-t72ba.jpg","2022-09-29",8,323,1,"7-83231","09/29/2022"
"341","Russia","Russia","11 T-72BA","damaged","https://i.postimg.cc/GptKrKXD/8887.jpg","2022-09-29",8,324,4,"7-83244","09/29/2022"
"342","Russia","Russia","11 T-72BA","captured","https://i.postimg.cc/PqbfD0QX/66.jpg","2022-09-29",8,325,3,"7-83253","09/29/2022"
"343","Russia","Russia","11 T-72BA","captured","https://i.postimg.cc/15GfGd3q/3328.jpg","2022-09-29",8,326,3,"7-83263","09/29/2022"
"344","Russia","Russia","11 T-72BA","captured","https://i.postimg.cc/mZH6y033/21.png","2022-09-29",8,327,3,"7-83273","09/29/2022"
"345","Russia","Russia","11 T-72BA","captured","https://i.postimg.cc/bvKbbG1N/1003.jpg","2022-09-29",8,328,3,"7-83283","09/29/2022"
"346","Russia","Russia","11 T-72BA","captured","https://i.postimg.cc/hjHCk489/1014-t72ba.jpg","2022-09-29",8,329,3,"7-83293","09/29/2022"
"347","Russia","Russia","11 T-72BA","captured","https://i.postimg.cc/j26rmYgX/1002-t72ba.jpg","2022-09-29",8,330,3,"7-83303","09/29/2022"
"348","Russia","Russia","11 T-72BA","captured","https://twitter.com/UAWeapons/status/1569292595997675523","2022-09-29",8,331,3,"7-83313","09/29/2022"
"349","Russia","Russia","11 T-72BA","captured","https://i.postimg.cc/6QZnSyPj/2022-09-19-T-72-BA.png","2022-09-29",8,332,3,"7-83323","09/29/2022"
"350","Russia","Russia","11 T-72BA","captured","https://i.postimg.cc/ZnPgbsJW/6521.png","2022-09-29",8,333,3,"7-83333","09/29/2022"
"351","Russia","Russia","T-72B3","destroyed","https://i.postimg.cc/9MgnjkFX/6hh.png","2022-09-29",9,334,1,"7-93341","09/29/2022"
"352","Russia","Russia","T-72B3","destroyed","https://i.postimg.cc/y6wWVgL9/4432.png","2022-09-29",9,335,1,"7-93351","09/29/2022"
"353","Russia","Russia","T-72B3","destroyed","https://i.postimg.cc/FRjjzC4G/551.png","2022-09-29",9,336,1,"7-93361","09/29/2022"
"354","Russia","Russia","T-72B3","destroyed","https://i.postimg.cc/Bn1tj0QC/4368.png","2022-09-29",9,337,1,"7-93371","09/29/2022"
"355","Russia","Russia","T-72B3","destroyed","https://i.postimg.cc/htc1rXFj/d31.png","2022-09-29",9,338,1,"7-93381","09/29/2022"
"356","Russia","Russia","T-72B3","destroyed","https://i.postimg.cc/XvVJCqzR/47.png","2022-09-29",9,339,1,"7-93391","09/29/2022"
"357","Russia","Russia","T-72B3","destroyed","https://i.postimg.cc/t4Cm0wNx/446.png","2022-09-29",9,340,1,"7-93401","09/29/2022"
"358","Russia","Russia","T-72B3","destroyed","https://i.postimg.cc/Ss1CCXmf/687.png","2022-09-29",9,341,1,"7-93411","09/29/2022"
"359","Russia","Russia","T-72B3","destroyed","https://i.postimg.cc/J0S24x0f/t1.png","2022-09-29",9,342,1,"7-93421","09/29/2022"
"360","Russia","Russia","T-72B3","destroyed","https://i.postimg.cc/XqFKRgfQ/1018-t72b3.png","2022-09-29",9,343,1,"7-93431","09/29/2022"
"361","Russia","Russia","T-72B3","destroyed","https://i.postimg.cc/y6FbBzcC/310.png","2022-09-29",9,344,1,"7-93441","09/29/2022"
"362","Russia","Russia","T-72B3","destroyed","https://twitter.com/UAWeapons/status/1507383319557820422","2022-09-29",9,345,1,"7-93451","09/29/2022"
"363","Russia","Russia","T-72B3","destroyed","https://i.postimg.cc/x1mWcYN6/cf2.jpg","2022-09-29",9,346,1,"7-93461","09/29/2022"
"364","Russia","Russia","T-72B3","destroyed","https://i.postimg.cc/x8pCbK4S/4f15.png","2022-09-29",9,347,1,"7-93471","09/29/2022"
"365","Russia","Russia","T-72B3","destroyed","https://i.postimg.cc/bNkLWqLp/1019-t72b3.jpg","2022-09-29",9,348,1,"7-93481","09/29/2022"
"366","Russia","Russia","T-72B3","destroyed","https://i.postimg.cc/SQ3vjddL/3212.png","2022-09-29",9,349,1,"7-93491","09/29/2022"
"367","Russia","Russia","T-72B3","destroyed","https://i.postimg.cc/qB8QqRVv/47.png","2022-09-29",9,350,1,"7-93501","09/29/2022"
"368","Russia","Russia","T-72B3","destroyed","https://i.postimg.cc/9fqfddtG/27.png","2022-09-29",9,351,1,"7-93511","09/29/2022"
"369","Russia","Russia","T-72B3","destroyed","https://i.postimg.cc/tRSzJC9K/670.png","2022-09-29",9,352,1,"7-93521","09/29/2022"
"370","Russia","Russia","T-72B3","destroyed","https://i.postimg.cc/VNHPkyZz/66889.jpg","2022-09-29",9,353,1,"7-93531","09/29/2022"
"371","Russia","Russia","T-72B3","destroyed","https://i.postimg.cc/DyqmxChr/43.jpg","2022-09-29",9,354,1,"7-93541","09/29/2022"
"372","Russia","Russia","T-72B3","destroyed","https://i.postimg.cc/BZjGgMFV/1004-t72b3.jpg","2022-09-29",9,355,1,"7-93551","09/29/2022"
"373","Russia","Russia","T-72B3","destroyed","https://i.postimg.cc/FsxQBrbD/a2.jpg","2022-09-29",9,356,1,"7-93561","09/29/2022"
"374","Russia","Russia","T-72B3","destroyed","https://i.postimg.cc/xdL8xk5q/542f.jpg","2022-09-29",9,357,1,"7-93571","09/29/2022"
"375","Russia","Russia","T-72B3","destroyed","https://postimg.cc/gn5nbDbF","2022-09-29",9,358,1,"7-93581","09/29/2022"
"376","Russia","Russia","T-72B3","destroyed","https://i.postimg.cc/sDyJXZVZ/46.png","2022-09-29",9,359,1,"7-93591","09/29/2022"
"377","Russia","Russia","T-72B3","destroyed","https://i.postimg.cc/C1nNrBjw/76.png","2022-09-29",9,360,1,"7-93601","09/29/2022"
"378","Russia","Russia","T-72B3","destroyed","https://i.postimg.cc/X7PRYxFs/776.jpg","2022-09-29",9,361,1,"7-93611","09/29/2022"
"379","Russia","Russia","T-72B3","destroyed","https://i.postimg.cc/4dN3cXLs/668.jpg","2022-09-29",9,362,1,"7-93621","09/29/2022"
"380","Russia","Russia","T-72B3","destroyed","https://i.postimg.cc/rFqPVqkj/578.png","2022-09-29",9,363,1,"7-93631","09/29/2022"
"381","Russia","Russia","T-72B3","destroyed","https://twitter.com/UAWeapons/status/1513909323025551368","2022-09-29",9,364,1,"7-93641","09/29/2022"
"382","Russia","Russia","T-72B3","destroyed","https://twitter.com/UAWeapons/status/1513991711936200713","2022-09-29",9,365,1,"7-93651","09/29/2022"
"383","Russia","Russia","T-72B3","destroyed","https://i.postimg.cc/MTRV0WgH/68899.jpg","2022-09-29",9,366,1,"7-93661","09/29/2022"
"384","Russia","Russia","T-72B3","destroyed","https://i.postimg.cc/hjBxDk3d/b33.jpg","2022-09-29",9,367,1,"7-93671","09/29/2022"
"385","Russia","Russia","T-72B3","destroyed","https://twitter.com/UAWeapons/status/1514929153820213253","2022-09-29",9,368,1,"7-93681","09/29/2022"
"386","Russia","Russia","T-72B3","destroyed","https://i.postimg.cc/5tbskrKq/t1.jpg","2022-09-29",9,369,1,"7-93691","09/29/2022"
"387","Russia","Russia","T-72B3","destroyed","https://i.postimg.cc/59CQfSy9/2004.jpg","2022-09-29",9,370,1,"7-93701","09/29/2022"
"388","Russia","Russia","T-72B3","destroyed","https://twitter.com/UAWeapons/status/1514918819621478407","2022-09-29",9,371,1,"7-93711","09/29/2022"
"389","Russia","Russia","T-72B3","destroyed","https://i.postimg.cc/dVx1SZv8/6539.png","2022-09-29",9,372,1,"7-93721","09/29/2022"
"390","Russia","Russia","T-72B3","destroyed","https://i.postimg.cc/FzHj59PK/g65.jpg","2022-09-29",9,373,1,"7-93731","09/29/2022"
"391","Russia","Russia","T-72B3","destroyed","https://postimg.cc/62Y8kj5j","2022-09-29",9,374,1,"7-93741","09/29/2022"
"392","Russia","Russia","T-72B3","destroyed","https://twitter.com/UAWeapons/status/1524360854514319361","2022-09-29",9,375,1,"7-93751","09/29/2022"
"393","Russia","Russia","T-72B3","destroyed","https://twitter.com/UAWeapons/status/1524458228251254784","2022-09-29",9,376,1,"7-93761","09/29/2022"
"394","Russia","Russia","T-72B3","destroyed","https://i.postimg.cc/m2Fr2kCt/998.jpg","2022-09-29",9,377,1,"7-93771","09/29/2022"
"395","Russia","Russia","T-72B3","destroyed","https://i.postimg.cc/zXH7mJPs/d3.jpg","2022-09-29",9,378,1,"7-93781","09/29/2022"
"396","Russia","Russia","T-72B3","destroyed","https://i.postimg.cc/KjRN8Fcg/763.jpg","2022-09-29",9,379,1,"7-93791","09/29/2022"
"397","Russia","Russia","T-72B3","destroyed","https://twitter.com/UAWeapons/status/1525901062057631747","2022-09-29",9,380,1,"7-93801","09/29/2022"
"398","Russia","Russia","T-72B3","destroyed","https://i.postimg.cc/xTXppdh7/6655.jpg","2022-09-29",9,381,1,"7-93811","09/29/2022"
"399","Russia","Russia","T-72B3","destroyed","https://i.postimg.cc/wxX1Pr3p/438.png","2022-09-29",9,382,1,"7-93821","09/29/2022"
"400","Russia","Russia","T-72B3","destroyed","https://twitter.com/UAWeapons/status/1528496108082712578","2022-09-29",9,383,1,"7-93831","09/29/2022"
"401","Russia","Russia","T-72B3","destroyed","https://i.postimg.cc/pTGj20ZR/554.jpg","2022-09-29",9,384,1,"7-93841","09/29/2022"
"402","Russia","Russia","T-72B3","destroyed","https://i.postimg.cc/Jzf7c2NY/hh6.jpg","2022-09-29",9,385,1,"7-93851","09/29/2022"
"403","Russia","Russia","T-72B3","destroyed","https://i.postimg.cc/x8CgQ6mG/1.png","2022-09-29",9,386,1,"7-93861","09/29/2022"
"404","Russia","Russia","T-72B3","destroyed","https://i.postimg.cc/jSTV5m1m/321.png","2022-09-29",9,387,1,"7-93871","09/29/2022"
"405","Russia","Russia","T-72B3","destroyed","https://i.postimg.cc/0j8djzdh/43h.png","2022-09-29",9,388,1,"7-93881","09/29/2022"
"406","Russia","Russia","T-72B3","destroyed","https://twitter.com/UAWeapons/status/1541061368434106368","2022-09-29",9,389,1,"7-93891","09/29/2022"
"407","Russia","Russia","T-72B3","destroyed","https://i.postimg.cc/Y26c3T4Q/k8o-GEw-Fr-jpg-large.jpg","2022-09-29",9,390,1,"7-93901","09/29/2022"
"408","Russia","Russia","T-72B3","captured","https://i.postimg.cc/YCx3jCLb/793.png","2022-09-29",9,391,3,"7-93913","09/29/2022"
"409","Russia","Russia","T-72B3","destroyed","https://i.postimg.cc/YCx3jCLb/793.png","2022-09-29",9,391,1,"7-93911","09/29/2022"
"410","Russia","Russia","T-72B3","destroyed","https://i.postimg.cc/Gm76tytp/Amx-HFk-If-png-medium.png","2022-09-29",9,392,1,"7-93921","09/29/2022"
"411","Russia","Russia","T-72B3","destroyed","https://i.postimg.cc/3x4PcZ3H/7j766.jpg","2022-09-29",9,393,1,"7-93931","09/29/2022"
"412","Russia","Russia","T-72B3","destroyed","https://twitter.com/UAWeapons/status/1542869832219099139","2022-09-29",9,394,1,"7-93941","09/29/2022"
"413","Russia","Russia","T-72B3","destroyed","https://twitter.com/RALee85/status/1544015117389631490","2022-09-29",9,395,1,"7-93951","09/29/2022"
"414","Russia","Russia","T-72B3","destroyed","https://twitter.com/RALee85/status/1544016163801387009","2022-09-29",9,396,1,"7-93961","09/29/2022"
"415","Russia","Russia","T-72B3","destroyed","https://i.postimg.cc/d05t9L0x/1018.jpg","2022-09-29",9,397,1,"7-93971","09/29/2022"
"416","Russia","Russia","T-72B3","destroyed","https://i.postimg.cc/fThXPcn6/2022-09-18-T-72-B3.png","2022-09-29",9,398,1,"7-93981","09/29/2022"
"417","Russia","Russia","T-72B3","destroyed","https://i.postimg.cc/7bvZVNPD/2022-09-23-T-72-B3-2.jpg","2022-09-29",9,399,1,"7-93991","09/29/2022"
"418","Russia","Russia","T-72B3","destroyed","https://i.postimg.cc/MKYBcZBg/1002-t72b3-4x.jpg","2022-09-29",9,400,1,"7-94001","09/29/2022"
"419","Russia","Russia","T-72B3","destroyed","https://i.postimg.cc/8kyRcpmB/tank.jpg","2022-09-29",9,401,1,"7-94011","09/29/2022"
"420","Russia","Russia","T-72B3","destroyed","https://i.postimg.cc/pT5RQXZt/1000.jpg","2022-09-29",9,402,1,"7-94021","09/29/2022"
"421","Russia","Russia","T-72B3","destroyed","https://twitter.com/UAWeapons/status/1552756805406789632","2022-09-29",9,403,1,"7-94031","09/29/2022"
"422","Russia","Russia","T-72B3","destroyed","https://i.postimg.cc/qRyBGz6W/1005-t72b3.png","2022-09-29",9,404,1,"7-94041","09/29/2022"
"423","Russia","Russia","T-72B3","destroyed","https://i.postimg.cc/V6TYBXrC/1006-t72b3.jpg","2022-09-29",9,405,1,"7-94051","09/29/2022"
"424","Russia","Russia","T-72B3","destroyed","https://i.postimg.cc/fkncTHrS/2022-09-23-T-72-B3.jpg","2022-09-29",9,406,1,"7-94061","09/29/2022"
"425","Russia","Russia","T-72B3","destroyed","https://i.postimg.cc/nzGvs57Z/1002.jpg","2022-09-29",9,407,1,"7-94071","09/29/2022"
"426","Russia","Russia","T-72B3","destroyed","https://i.postimg.cc/x8Lh6m9T/1000-t72b3.jpg","2022-09-29",9,408,1,"7-94081","09/29/2022"
"427","Russia","Russia","T-72B3","destroyed","https://twitter.com/UAWeapons/status/1565977656306409473","2022-09-29",9,409,1,"7-94091","09/29/2022"
"428","Russia","Russia","T-72B3","destroyed","https://postimg.cc/yJVpTh19","2022-09-29",9,410,1,"7-94101","09/29/2022"
"429","Russia","Russia","T-72B3","destroyed","https://twitter.com/UAWeapons/status/1569734765200248839","2022-09-29",9,411,1,"7-94111","09/29/2022"
"430","Russia","Russia","T-72B3","destroyed","https://i.postimg.cc/Wbg58TcQ/57880.jpg","2022-09-29",9,412,1,"7-94121","09/29/2022"
"431","Russia","Russia","T-72B3","destroyed","https://i.postimg.cc/tT8NxcCc/331.jpg","2022-09-29",9,413,1,"7-94131","09/29/2022"
"432","Russia","Russia","T-72B3","destroyed","https://twitter.com/RALee85/status/1568587749359513605","2022-09-29",9,414,1,"7-94141","09/29/2022"
"433","Russia","Russia","T-72B3","destroyed","https://i.postimg.cc/mhx5hGDQ/1006-t72b3.jpg","2022-09-29",9,415,1,"7-94151","09/29/2022"
"434","Russia","Russia","T-72B3","destroyed","https://twitter.com/UAWeapons/status/1569046260769775622","2022-09-29",9,416,1,"7-94161","09/29/2022"
"435","Russia","Russia","T-72B3","destroyed","https://i.postimg.cc/5NBDyF7J/1010-t72b1989.jpg","2022-09-29",9,417,1,"7-94171","09/29/2022"
"436","Russia","Russia","T-72B3","destroyed","https://twitter.com/UAWeapons/status/1569725397863993346","2022-09-29",9,418,1,"7-94181","09/29/2022"
"437","Russia","Russia","T-72B3","destroyed","https://i.postimg.cc/yY5bLbz0/2022-09-23-T-72-B3-3.jpg","2022-09-29",9,419,1,"7-94191","09/29/2022"
"438","Russia","Russia","T-72B3","destroyed","https://postimg.cc/vgV02xvP","2022-09-29",9,420,1,"7-94201","09/29/2022"
"439","Russia","Russia","T-72B3","destroyed","https://twitter.com/UAWeapons/status/1571225455402835971","2022-09-29",9,421,1,"7-94211","09/29/2022"
"440","Russia","Russia","T-72B3","destroyed","https://i.postimg.cc/4yf3q41F/1001-t72b3.jpg","2022-09-29",9,422,1,"7-94221","09/29/2022"
"441","Russia","Russia","T-72B3","destroyed","https://twitter.com/UAWeapons/status/1549434150561751041","2022-09-29",9,423,1,"7-94231","09/29/2022"
"442","Russia","Russia","T-72B3","destroyed","https://i.postimg.cc/63d4c17J/2022-09-28-T-72.jpg","2022-09-29",9,424,1,"7-94241","09/29/2022"
"443","Russia","Russia","T-72B3","damaged","https://twitter.com/RALee85/status/1544016163801387009","2022-09-29",9,396,4,"7-93964","09/29/2022"
"444","Russia","Russia","T-72B3","damaged","https://twitter.com/UAWeapons/status/1542986188100886529","2022-09-29",9,425,4,"7-94254","09/29/2022"
"445","Russia","Russia","T-72B3","damaged","https://i.postimg.cc/zfTsVnsF/579.png","2022-09-29",9,426,4,"7-94264","09/29/2022"
"446","Russia","Russia","T-72B3","damaged","https://twitter.com/UAWeapons/status/1508078103016488963","2022-09-29",9,427,4,"7-94274","09/29/2022"
"447","Russia","Russia","T-72B3","damaged","https://twitter.com/UAWeapons/status/1516860518870523905","2022-09-29",9,428,4,"7-94284","09/29/2022"
"448","Russia","Russia","T-72B3","damaged","https://twitter.com/RALee85/status/1562323160523046912","2022-09-29",9,429,4,"7-94294","09/29/2022"
"449","Russia","Russia","T-72B3","damaged","https://twitter.com/RALee85/status/1568608823421865985","2022-09-29",9,430,4,"7-94304","09/29/2022"
"450","Russia","Russia","T-72B3","damaged","https://twitter.com/UAWeapons/status/1573696104432111616","2022-09-29",9,431,4,"7-94314","09/29/2022"
"451","Russia","Russia","T-72B3","damaged","https://i.postimg.cc/gj3F2623/541.png","2022-09-29",9,432,4,"7-94324","09/29/2022"
"452","Russia","Russia","T-72B3","damaged","https://twitter.com/UAWeapons/status/1575452097469943818","2022-09-29",9,433,4,"7-94334","09/29/2022"
"453","Russia","Russia","T-72B3","abandoned","https://i.postimg.cc/nhLv8Gnm/35.png","2022-09-29",9,434,2,"7-94342","09/29/2022"
"454","Russia","Russia","T-72B3","abandoned","https://i.postimg.cc/9Q0cgWhd/3dh0.png","2022-09-29",9,435,2,"7-94352","09/29/2022"
"455","Russia","Russia","T-72B3","abandoned","https://i.postimg.cc/sDXVZcxD/d31.png","2022-09-29",9,436,2,"7-94362","09/29/2022"
"456","Russia","Russia","T-72B3","abandoned","https://i.postimg.cc/50y2CGW1/h8.jpg","2022-09-29",9,437,2,"7-94372","09/29/2022"
"457","Russia","Russia","T-72B3","abandoned","https://i.postimg.cc/XvQvXWhQ/5t.jpg","2022-09-29",9,438,2,"7-94382","09/29/2022"
"458","Russia","Russia","T-72B3","abandoned","https://i.postimg.cc/QMXtXC6F/53.jpg","2022-09-29",9,439,2,"7-94392","09/29/2022"
"459","Russia","Russia","T-72B3","damaged","https://i.postimg.cc/q7s3JVng/c7.jpg","2022-09-29",9,440,4,"7-94404","09/29/2022"
"460","Russia","Russia","T-72B3","abandoned","https://i.postimg.cc/q7s3JVng/c7.jpg","2022-09-29",9,440,2,"7-94402","09/29/2022"
"461","Russia","Russia","T-72B3","damaged","https://i.postimg.cc/xjhn41wr/68.jpg","2022-09-29",9,441,4,"7-94414","09/29/2022"
"462","Russia","Russia","T-72B3","abandoned","https://i.postimg.cc/xjhn41wr/68.jpg","2022-09-29",9,441,2,"7-94412","09/29/2022"
"463","Russia","Russia","T-72B3","damaged","https://twitter.com/Danspiun/status/1550256099609255936","2022-09-29",9,442,4,"7-94424","09/29/2022"
"464","Russia","Russia","T-72B3","captured","https://twitter.com/Danspiun/status/1550256099609255936","2022-09-29",9,442,3,"7-94423","09/29/2022"
"465","Russia","Russia","T-72B3","damaged","https://twitter.com/UAWeapons/status/1547277890483519488","2022-09-29",9,443,4,"7-94434","09/29/2022"
"466","Russia","Russia","T-72B3","captured","https://twitter.com/UAWeapons/status/1547277890483519488","2022-09-29",9,443,3,"7-94433","09/29/2022"
"467","Russia","Russia","T-72B3","damaged","https://i.postimg.cc/Qtf6spC1/4ff.png","2022-09-29",9,444,4,"7-94444","09/29/2022"
"468","Russia","Russia","T-72B3","captured","https://i.postimg.cc/Qtf6spC1/4ff.png","2022-09-29",9,444,3,"7-94443","09/29/2022"
"469","Russia","Russia","T-72B3","damaged","https://twitter.com/UAWeapons/status/1554422066358648832","2022-09-29",9,445,4,"7-94454","09/29/2022"
"470","Russia","Russia","T-72B3","captured","https://twitter.com/UAWeapons/status/1554422066358648832","2022-09-29",9,445,3,"7-94453","09/29/2022"
"471","Russia","Russia","T-72B3","captured","https://i.postimg.cc/pXgFwY27/t1.jpg","2022-09-29",9,446,3,"7-94463","09/29/2022"
"472","Russia","Russia","T-72B3","captured","https://i.postimg.cc/rFzyDDZ2/UKT4.png","2022-09-29",9,447,3,"7-94473","09/29/2022"
"473","Russia","Russia","T-72B3","captured","https://i.postimg.cc/q7gR9vL8/470.jpg","2022-09-29",9,448,3,"7-94483","09/29/2022"
"474","Russia","Russia","T-72B3","captured","https://i.postimg.cc/BbrZm385/h65.jpg","2022-09-29",9,449,3,"7-94493","09/29/2022"
"475","Russia","Russia","T-72B3","captured","https://i.postimg.cc/k5tTMYc7/770.png","2022-09-29",9,450,3,"7-94503","09/29/2022"
"476","Russia","Russia","T-72B3","captured","https://i.postimg.cc/ncxJ2jmX/a1.jpg","2022-09-29",9,451,3,"7-94513","09/29/2022"
"477","Russia","Russia","T-72B3","captured","https://i.postimg.cc/Qt65X9TS/f32.jpg","2022-09-29",9,452,3,"7-94523","09/29/2022"
"478","Russia","Russia","T-72B3","captured","https://i.postimg.cc/1RMvLRRz/21f.png","2022-09-29",9,453,3,"7-94533","09/29/2022"
"479","Russia","Russia","T-72B3","captured","https://i.postimg.cc/28W4RZZr/78.jpg","2022-09-29",9,454,3,"7-94543","09/29/2022"
"480","Russia","Russia","T-72B3","captured","https://i.postimg.cc/x15PFtgJ/tankk.png","2022-09-29",9,455,3,"7-94553","09/29/2022"
"481","Russia","Russia","T-72B3","captured","https://i.postimg.cc/q7brTN8J/ad1.png","2022-09-29",9,456,3,"7-94563","09/29/2022"
"482","Russia","Russia","T-72B3","captured","https://i.postimg.cc/6qsnM5bc/g65.png","2022-09-29",9,457,3,"7-94573","09/29/2022"
"483","Russia","Russia","T-72B3","captured","https://i.postimg.cc/R0Z46Kby/tt1.jpg","2022-09-29",9,458,3,"7-94583","09/29/2022"
"484","Russia","Russia","T-72B3","captured","https://i.postimg.cc/ryrZwpzX/v1.png","2022-09-29",9,459,3,"7-94593","09/29/2022"
"485","Russia","Russia","T-72B3","damaged","https://i.postimg.cc/Xqf7LzV9/1004-t72b3.jpg","2022-09-29",9,460,4,"7-94604","09/29/2022"
"486","Russia","Russia","T-72B3","captured","https://i.postimg.cc/Xqf7LzV9/1004-t72b3.jpg","2022-09-29",9,460,3,"7-94603","09/29/2022"
"487","Russia","Russia","T-72B3","captured","https://i.postimg.cc/6qwpRtyc/38.png","2022-09-29",9,461,3,"7-94613","09/29/2022"
"488","Russia","Russia","T-72B3","captured","https://i.postimg.cc/fRHGZ9qp/335.jpg","2022-09-29",9,462,3,"7-94623","09/29/2022"
"489","Russia","Russia","T-72B3","captured","https://i.postimg.cc/BngV8qTL/f6.jpg","2022-09-29",9,463,3,"7-94633","09/29/2022"
"490","Russia","Russia","T-72B3","captured","https://i.postimg.cc/k581qsGF/f7.jpg","2022-09-29",9,464,3,"7-94643","09/29/2022"
"491","Russia","Russia","T-72B3","captured","https://i.postimg.cc/76GgXDkH/62f.png","2022-09-29",9,465,3,"7-94653","09/29/2022"
"492","Russia","Russia","T-72B3","captured","https://i.postimg.cc/qRjvJYxg/799.png","2022-09-29",9,466,3,"7-94663","09/29/2022"
"493","Russia","Russia","T-72B3","captured","https://i.postimg.cc/d1qYtmnV/6hr.jpg","2022-09-29",9,467,3,"7-94673","09/29/2022"
"494","Russia","Russia","T-72B3","captured","https://i.postimg.cc/HnfR93tH/d1d.jpg","2022-09-29",9,468,3,"7-94683","09/29/2022"
"495","Russia","Russia","T-72B3","captured","https://i.postimg.cc/0QS5P0Wt/4d.jpg","2022-09-29",9,469,3,"7-94693","09/29/2022"
"496","Russia","Russia","T-72B3","captured","https://i.postimg.cc/JhrRczwF/65h.png","2022-09-29",9,470,3,"7-94703","09/29/2022"
"497","Russia","Russia","T-72B3","captured","https://i.postimg.cc/fRPSxpLn/f330.jpg","2022-09-29",9,471,3,"7-94713","09/29/2022"
"498","Russia","Russia","T-72B3","captured","https://i.postimg.cc/1XtXSHf4/65.jpg","2022-09-29",9,472,3,"7-94723","09/29/2022"
"499","Russia","Russia","T-72B3","captured","https://i.postimg.cc/sXK2DyVp/789.png","2022-09-29",9,473,3,"7-94733","09/29/2022"
"500","Russia","Russia","T-72B3","captured","https://i.postimg.cc/FzSnwdhF/j77.png","2022-09-29",9,474,3,"7-94743","09/29/2022"
"501","Russia","Russia","T-72B3","captured","https://postimg.cc/BthpbCF0","2022-09-29",9,475,3,"7-94753","09/29/2022"
"502","Russia","Russia","T-72B3","captured","https://i.postimg.cc/Gt5JnwQg/554.png","2022-09-29",9,476,3,"7-94763","09/29/2022"
"503","Russia","Russia","T-72B3","captured","https://i.postimg.cc/FzMQsXTM/568.png","2022-09-29",9,477,3,"7-94773","09/29/2022"
"504","Russia","Russia","T-72B3","captured","https://i.postimg.cc/c4Vb59My/3317.png","2022-09-29",9,478,3,"7-94783","09/29/2022"
"505","Russia","Russia","T-72B3","captured","https://i.postimg.cc/4yMrdXg1/d14.png","2022-09-29",9,479,3,"7-94793","09/29/2022"
"506","Russia","Russia","T-72B3","captured","https://i.postimg.cc/vZgjj3Mw/t1.jpg","2022-09-29",9,480,3,"7-94803","09/29/2022"
"507","Russia","Russia","T-72B3","captured","https://i.postimg.cc/gJdTxphG/t2.jpg","2022-09-29",9,481,3,"7-94813","09/29/2022"
"508","Russia","Russia","T-72B3","captured","https://i.postimg.cc/8P570LWL/2d4.png","2022-09-29",9,482,3,"7-94823","09/29/2022"
"509","Russia","Russia","T-72B3","captured","https://i.postimg.cc/VLDZFZSF/319.png","2022-09-29",9,483,3,"7-94833","09/29/2022"
"510","Russia","Russia","T-72B3","captured","https://i.postimg.cc/8PJ20HTg/2240.png","2022-09-29",9,484,3,"7-94843","09/29/2022"
"511","Russia","Russia","T-72B3","captured","https://twitter.com/UAWeapons/status/1567466643713921026","2022-09-29",9,485,3,"7-94853","09/29/2022"
"512","Russia","Russia","T-72B3","captured","https://i.postimg.cc/SKtXyhrB/1009-t72b3.jpg","2022-09-29",9,486,3,"7-94863","09/29/2022"
"513","Russia","Russia","T-72B3","damaged","https://i.postimg.cc/FRchYQZY/1048-t72b3.jpg","2022-09-29",9,487,4,"7-94874","09/29/2022"
"514","Russia","Russia","T-72B3","captured","https://i.postimg.cc/FRchYQZY/1048-t72b3.jpg","2022-09-29",9,487,3,"7-94873","09/29/2022"
"515","Russia","Russia","T-72B3","captured","https://twitter.com/UAWeapons/status/1568205056956141569","2022-09-29",9,488,3,"7-94883","09/29/2022"
"516","Russia","Russia","T-72B3","captured","https://twitter.com/UAWeapons/status/1568352148102025217","2022-09-29",9,489,3,"7-94893","09/29/2022"
"517","Russia","Russia","T-72B3","damaged","https://i.postimg.cc/cJ7JnbbS/1002-t72b3.jpg","2022-09-29",9,490,4,"7-94904","09/29/2022"
"518","Russia","Russia","T-72B3","captured","https://i.postimg.cc/cJ7JnbbS/1002-t72b3.jpg","2022-09-29",9,490,3,"7-94903","09/29/2022"
"519","Russia","Russia","T-72B3","captured","https://i.postimg.cc/RCY9f5m1/1007-t72b3.jpg","2022-09-29",9,491,3,"7-94913","09/29/2022"
"520","Russia","Russia","T-72B3","captured","https://i.postimg.cc/3RFfpFjq/1014-t72b3.jpg","2022-09-29",9,492,3,"7-94923","09/29/2022"
"521","Russia","Russia","T-72B3","captured","https://twitter.com/UAWeapons/status/1568899243397550080","2022-09-29",9,493,3,"7-94933","09/29/2022"
"522","Russia","Russia","T-72B3","captured","https://twitter.com/UAWeapons/status/1569621714346147847","2022-09-29",9,494,3,"7-94943","09/29/2022"
"523","Russia","Russia","T-72B3","captured","https://i.postimg.cc/XJMxpPXD/1025-t72b3.jpg","2022-09-29",9,495,3,"7-94953","09/29/2022"
"524","Russia","Russia","T-72B3","captured","https://twitter.com/UAWeapons/status/1570157461973401600","2022-09-29",9,496,3,"7-94963","09/29/2022"
"525","Russia","Russia","T-72B3","captured","https://i.postimg.cc/15jxYFDN/1029-t72b3.jpg","2022-09-29",9,497,3,"7-94973","09/29/2022"
"526","Russia","Russia","T-72B3","captured","https://twitter.com/UAWeapons/status/1569409287474003969","2022-09-29",9,498,3,"7-94983","09/29/2022"
"527","Russia","Russia","T-72B3","captured","https://twitter.com/UAWeapons/status/1570420216957440001","2022-09-29",9,499,3,"7-94993","09/29/2022"
"528","Russia","Russia","T-72B3","captured","https://twitter.com/UAWeapons/status/1571071832530505728","2022-09-29",9,500,3,"7-95003","09/29/2022"
"529","Russia","Russia","T-72B3","captured","https://i.postimg.cc/SxxSvW8Z/1004-t72b3.jpg","2022-09-29",9,501,3,"7-95013","09/29/2022"
"530","Russia","Russia","T-72B3","captured","https://i.postimg.cc/mDCBHVfr/1013-t72b3.png","2022-09-29",9,502,3,"7-95023","09/29/2022"
"531","Russia","Russia","T-72B3","captured","https://twitter.com/UAWeapons/status/1571508979318022144","2022-09-29",9,503,3,"7-95033","09/29/2022"
"532","Russia","Russia","T-72B3","captured","https://twitter.com/UAWeapons/status/1572154236183486467","2022-09-29",9,504,3,"7-95043","09/29/2022"
"533","Russia","Russia","T-72B3","captured","https://twitter.com/UAWeapons/status/1572332220697948161","2022-09-29",9,505,3,"7-95053","09/29/2022"
"534","Russia","Russia","T-72B3","captured","https://i.postimg.cc/Bb7bvPwP/1004-t72b3.jpg","2022-09-29",9,506,3,"7-95063","09/29/2022"
"535","Russia","Russia","T-72B3","captured","https://i.postimg.cc/fR6gGGhk/1010-t72b3.jpg","2022-09-29",9,507,3,"7-95073","09/29/2022"
"536","Russia","Russia","3 T-72B3 Obr. 2014","destroyed","https://twitter.com/UAWeapons/status/1573015274055426048","2022-09-29",10,508,1,"7-105081","09/29/2022"
"537","Russia","Russia","3 T-72B3 Obr. 2014","captured","https://twitter.com/UAWeapons/status/1573015274055426048","2022-09-29",10,508,3,"7-105083","09/29/2022"
"538","Russia","Russia","T-72B3 Obr. 2016","destroyed","https://i.postimg.cc/hGdX1BWT/346.png","2022-09-29",11,509,1,"7-115091","09/29/2022"
"539","Russia","Russia","T-72B3 Obr. 2016","destroyed","https://i.postimg.cc/2yqkVCFV/f3.png","2022-09-29",11,510,1,"7-115101","09/29/2022"
"540","Russia","Russia","T-72B3 Obr. 2016","destroyed","https://i.postimg.cc/QNPNvWh5/8j.png","2022-09-29",11,511,1,"7-115111","09/29/2022"
"541","Russia","Russia","T-72B3 Obr. 2016","destroyed","https://i.postimg.cc/L6tGr73p/bb665.png","2022-09-29",11,512,1,"7-115121","09/29/2022"
"542","Russia","Russia","T-72B3 Obr. 2016","destroyed","https://i.postimg.cc/5NmJVs3k/567.png","2022-09-29",11,513,1,"7-115131","09/29/2022"
"543","Russia","Russia","T-72B3 Obr. 2016","destroyed","https://i.postimg.cc/rybgd1tT/5g4.png","2022-09-29",11,514,1,"7-115141","09/29/2022"
"544","Russia","Russia","T-72B3 Obr. 2016","destroyed","https://i.postimg.cc/3RgpyvLd/556.jpg","2022-09-29",11,515,1,"7-115151","09/29/2022"
"545","Russia","Russia","T-72B3 Obr. 2016","destroyed","https://i.postimg.cc/j5CJ7pm9/4fgh.png","2022-09-29",11,516,1,"7-115161","09/29/2022"
"546","Russia","Russia","T-72B3 Obr. 2016","destroyed","https://i.postimg.cc/cL1v8KKC/4fs.png","2022-09-29",11,517,1,"7-115171","09/29/2022"
"547","Russia","Russia","T-72B3 Obr. 2016","destroyed","https://i.postimg.cc/mkc5FvnH/6996.png","2022-09-29",11,518,1,"7-115181","09/29/2022"
"548","Russia","Russia","T-72B3 Obr. 2016","destroyed","https://i.postimg.cc/yYwQcbj8/99.jpg","2022-09-29",11,519,1,"7-115191","09/29/2022"
"549","Russia","Russia","T-72B3 Obr. 2016","destroyed","https://i.postimg.cc/pVh8rpDb/36h.png","2022-09-29",11,520,1,"7-115201","09/29/2022"
"550","Russia","Russia","T-72B3 Obr. 2016","destroyed","https://i.postimg.cc/mrvgXNrT/6655.png","2022-09-29",11,521,1,"7-115211","09/29/2022"
"551","Russia","Russia","T-72B3 Obr. 2016","destroyed","https://i.postimg.cc/jS8n67Hd/661.png","2022-09-29",11,522,1,"7-115221","09/29/2022"
"552","Russia","Russia","T-72B3 Obr. 2016","destroyed","https://i.postimg.cc/yx9rcK2s/g9.jpg","2022-09-29",11,523,1,"7-115231","09/29/2022"
"553","Russia","Russia","T-72B3 Obr. 2016","destroyed","https://i.postimg.cc/59FrZ5yT/g8.jpg","2022-09-29",11,524,1,"7-115241","09/29/2022"
"554","Russia","Russia","T-72B3 Obr. 2016","destroyed","https://i.postimg.cc/R0N4J5Np/546.jpg","2022-09-29",11,525,1,"7-115251","09/29/2022"
"555","Russia","Russia","T-72B3 Obr. 2016","destroyed","https://i.postimg.cc/fRbh1njW/547.jpg","2022-09-29",11,526,1,"7-115261","09/29/2022"
"556","Russia","Russia","T-72B3 Obr. 2016","destroyed","https://i.postimg.cc/rsyFds36/e1.jpg","2022-09-29",11,527,1,"7-115271","09/29/2022"
"557","Russia","Russia","T-72B3 Obr. 2016","destroyed","https://i.postimg.cc/FsBsR9xq/e3.jpg","2022-09-29",11,528,1,"7-115281","09/29/2022"
"558","Russia","Russia","T-72B3 Obr. 2016","destroyed","https://i.postimg.cc/KYxKwWxr/46.png","2022-09-29",11,529,1,"7-115291","09/29/2022"
"559","Russia","Russia","T-72B3 Obr. 2016","destroyed","https://i.postimg.cc/MKfjQR9R/44311.png","2022-09-29",11,530,1,"7-115301","09/29/2022"
"560","Russia","Russia","T-72B3 Obr. 2016","destroyed","https://i.postimg.cc/Tw2ZzKTy/53.png","2022-09-29",11,531,1,"7-115311","09/29/2022"
"561","Russia","Russia","T-72B3 Obr. 2016","destroyed","https://i.postimg.cc/GpxG7gTS/57880.png","2022-09-29",11,532,1,"7-115321","09/29/2022"
"562","Russia","Russia","T-72B3 Obr. 2016","destroyed","https://i.postimg.cc/yxqXGHgH/k98.jpg","2022-09-29",11,533,1,"7-115331","09/29/2022"
"563","Russia","Russia","T-72B3 Obr. 2016","destroyed","https://i.postimg.cc/qBFDZJ2Z/58.png","2022-09-29",11,534,1,"7-115341","09/29/2022"
"564","Russia","Russia","T-72B3 Obr. 2016","destroyed","https://twitter.com/UAWeapons/status/1546449671698145281","2022-09-29",11,160,1,"7-111601","09/29/2022"
"565","Russia","Russia","T-72B3 Obr. 2016","destroyed","https://i.postimg.cc/3xnNjcv7/470.png","2022-09-29",11,535,1,"7-115351","09/29/2022"
"566","Russia","Russia","T-72B3 Obr. 2016","destroyed","https://i.postimg.cc/yY5Spy4d/669.png","2022-09-29",11,536,1,"7-115361","09/29/2022"
"567","Russia","Russia","T-72B3 Obr. 2016","destroyed","https://i.postimg.cc/htTBgrzv/344.png","2022-09-29",11,537,1,"7-115371","09/29/2022"
"568","Russia","Russia","T-72B3 Obr. 2016","destroyed","https://i.postimg.cc/GpWNFX0S/4311.png","2022-09-29",11,538,1,"7-115381","09/29/2022"
"569","Russia","Russia","T-72B3 Obr. 2016","destroyed","https://i.postimg.cc/JnBv7sBQ/20166.png","2022-09-29",11,539,1,"7-115391","09/29/2022"
"570","Russia","Russia","T-72B3 Obr. 2016","destroyed","https://i.postimg.cc/mg8BKtZV/t43.jpg","2022-09-29",11,540,1,"7-115401","09/29/2022"
"571","Russia","Russia","T-72B3 Obr. 2016","destroyed","https://postimg.cc/Wdfxk91n","2022-09-29",11,541,1,"7-115411","09/29/2022"
"572","Russia","Russia","T-72B3 Obr. 2016","destroyed","https://i.postimg.cc/W15Lmr3C/4f3.png","2022-09-29",11,542,1,"7-115421","09/29/2022"
"573","Russia","Russia","T-72B3 Obr. 2016","destroyed","https://i.postimg.cc/DZ3XbchS/19.jpg","2022-09-29",11,543,1,"7-115431","09/29/2022"
"574","Russia","Russia","T-72B3 Obr. 2016","destroyed","https://i.postimg.cc/bwKy4Hrh/448.jpg","2022-09-29",11,544,1,"7-115441","09/29/2022"
"575","Russia","Russia","T-72B3 Obr. 2016","destroyed","https://i.postimg.cc/PJWP8y1p/26.png","2022-09-29",11,545,1,"7-115451","09/29/2022"
"576","Russia","Russia","T-72B3 Obr. 2016","destroyed","https://twitter.com/UAWeapons/status/1522706604977762313","2022-09-29",11,546,1,"7-115461","09/29/2022"
"577","Russia","Russia","T-72B3 Obr. 2016","destroyed","https://i.postimg.cc/DZfW8666/652.jpg","2022-09-29",11,547,1,"7-115471","09/29/2022"
"578","Russia","Russia","T-72B3 Obr. 2016","destroyed","https://postlmg.cc/KR1n122n","2022-09-29",11,548,1,"7-115481","09/29/2022"
"579","Russia","Russia","T-72B3 Obr. 2016","destroyed","https://i.postimg.cc/jSmVN82H/7699.jpg","2022-09-29",11,549,1,"7-115491","09/29/2022"
"580","Russia","Russia","T-72B3 Obr. 2016","destroyed","https://i.postimg.cc/CLwS2yxJ/998.jpg","2022-09-29",11,550,1,"7-115501","09/29/2022"
"581","Russia","Russia","T-72B3 Obr. 2016","destroyed","https://i.postimg.cc/X7LSCCbC/1003.jpg","2022-09-29",11,551,1,"7-115511","09/29/2022"
"582","Russia","Russia","T-72B3 Obr. 2016","destroyed","https://i.postimg.cc/KYP3b5MV/1002.jpg","2022-09-29",11,552,1,"7-115521","09/29/2022"
"583","Russia","Russia","T-72B3 Obr. 2016","destroyed","https://i.postimg.cc/CMDk4NVc/1008-t72b3-2016.jpg","2022-09-29",11,553,1,"7-115531","09/29/2022"
"584","Russia","Russia","T-72B3 Obr. 2016","abandoned","https://i.postimg.cc/44PbCC3z/v44.png","2022-09-29",11,554,2,"7-115542","09/29/2022"
"585","Russia","Russia","T-72B3 Obr. 2016","destroyed","https://i.postimg.cc/44PbCC3z/v44.png","2022-09-29",11,554,1,"7-115541","09/29/2022"
"586","Russia","Russia","T-72B3 Obr. 2016","abandoned","https://i.postimg.cc/fy3BTKfJ/7768.png","2022-09-29",11,555,2,"7-115552","09/29/2022"
"587","Russia","Russia","T-72B3 Obr. 2016","destroyed","https://i.postimg.cc/fy3BTKfJ/7768.png","2022-09-29",11,555,1,"7-115551","09/29/2022"
"588","Russia","Russia","T-72B3 Obr. 2016","abandoned","https://i.postimg.cc/K8xRPxCd/8875.png","2022-09-29",11,556,2,"7-115562","09/29/2022"
"589","Russia","Russia","T-72B3 Obr. 2016","destroyed","https://i.postimg.cc/K8xRPxCd/8875.png","2022-09-29",11,556,1,"7-115561","09/29/2022"
"590","Russia","Russia","T-72B3 Obr. 2016","destroyed","https://i.postimg.cc/KjX698xd/1000-t72b3-2016-x3.jpg","2022-09-29",11,557,1,"7-115571","09/29/2022"
"591","Russia","Russia","T-72B3 Obr. 2016","destroyed","https://twitter.com/RALee85/status/1559945981789196290","2022-09-29",11,558,1,"7-115581","09/29/2022"
"592","Russia","Russia","T-72B3 Obr. 2016","destroyed","https://i.postimg.cc/brM0MBSG/1008-t72b3-2016.jpg","2022-09-29",11,559,1,"7-115591","09/29/2022"
"593","Russia","Russia","T-72B3 Obr. 2016","destroyed","https://i.postimg.cc/nrMY3Jrb/1009-t72b3-2016.jpg","2022-09-29",11,560,1,"7-115601","09/29/2022"
"594","Russia","Russia","T-72B3 Obr. 2016","destroyed","https://i.postimg.cc/sXxhrJr5/1010-t72b3-2016.jpg","2022-09-29",11,561,1,"7-115611","09/29/2022"
"595","Russia","Russia","T-72B3 Obr. 2016","destroyed","https://i.postimg.cc/rp84hkZn/1011-t72b3-2016.jpg","2022-09-29",11,562,1,"7-115621","09/29/2022"
"596","Russia","Russia","T-72B3 Obr. 2016","destroyed","https://i.postimg.cc/DzFrts0c/1012-t72b3-2016.jpg","2022-09-29",11,563,1,"7-115631","09/29/2022"
"597","Russia","Russia","T-72B3 Obr. 2016","destroyed","https://i.postimg.cc/2jWsksnR/1001-t72b3m.jpg","2022-09-29",11,564,1,"7-115641","09/29/2022"
"598","Russia","Russia","T-72B3 Obr. 2016","destroyed","https://i.postimg.cc/Z59nFSSH/1501-t72b3m.jpg","2022-09-29",11,565,1,"7-115651","09/29/2022"
"599","Russia","Russia","T-72B3 Obr. 2016","destroyed","https://i.postimg.cc/fyh76sMR/1005-t72b3m.jpg","2022-09-29",11,566,1,"7-115661","09/29/2022"
"600","Russia","Russia","T-72B3 Obr. 2016","destroyed","https://i.postimg.cc/VsjWXJFr/1006-t72b3m.jpg","2022-09-29",11,567,1,"7-115671","09/29/2022"
"601","Russia","Russia","T-72B3 Obr. 2016","destroyed","https://twitter.com/UAWeapons/status/1566127010174345218","2022-09-29",11,568,1,"7-115681","09/29/2022"
"602","Russia","Russia","T-72B3 Obr. 2016","destroyed","https://i.postimg.cc/52xmDLKW/1005-t72b3-2016.jpg","2022-09-29",11,569,1,"7-115691","09/29/2022"
"603","Russia","Russia","T-72B3 Obr. 2016","destroyed","https://i.postimg.cc/8CQ2Vn5q/1031-t72b3-2016.jpg","2022-09-29",11,570,1,"7-115701","09/29/2022"
"604","Russia","Russia","T-72B3 Obr. 2016","destroyed","https://i.postimg.cc/W1SsT1yQ/468.png","2022-09-29",11,571,1,"7-115711","09/29/2022"
"605","Russia","Russia","T-72B3 Obr. 2016","destroyed","https://twitter.com/UAWeapons/status/1568644104724090881","2022-09-29",11,572,1,"7-115721","09/29/2022"
"606","Russia","Russia","T-72B3 Obr. 2016","destroyed","https://twitter.com/UAWeapons/status/1569725397863993346","2022-09-29",11,418,1,"7-114181","09/29/2022"
"607","Russia","Russia","T-72B3 Obr. 2016","destroyed","https://twitter.com/UAWeapons/status/1570138425843408896","2022-09-29",11,249,1,"7-112491","09/29/2022"
"608","Russia","Russia","T-72B3 Obr. 2016","destroyed","https://i.postimg.cc/W1YmxBQ5/651.png","2022-09-29",11,573,1,"7-115731","09/29/2022"
"609","Russia","Russia","T-72B3 Obr. 2016","destroyed","https://twitter.com/UAWeapons/status/1572310466516361218","2022-09-29",11,574,1,"7-115741","09/29/2022"
"610","Russia","Russia","T-72B3 Obr. 2016","destroyed","https://i.postimg.cc/C55p3rRk/65g.jpg","2022-09-29",11,575,1,"7-115751","09/29/2022"
"611","Russia","Russia","T-72B3 Obr. 2016","destroyed","https://i.postimg.cc/nLmTSF1J/2022-09-23-T-72-B3-M.jpg","2022-09-29",11,576,1,"7-115761","09/29/2022"
"612","Russia","Russia","T-72B3 Obr. 2016","damaged","https://i.postimg.cc/ydXZ0pTM/1005-t72b3-2016.jpg","2022-09-29",11,577,4,"7-115774","09/29/2022"
"613","Russia","Russia","T-72B3 Obr. 2016","abandoned","https://i.postimg.cc/c6ysfCQt/c9.png","2022-09-29",11,578,2,"7-115782","09/29/2022"
"614","Russia","Russia","T-72B3 Obr. 2016","abandoned","https://i.postimg.cc/prkfqWMs/b4.jpg","2022-09-29",11,579,2,"7-115792","09/29/2022"
"615","Russia","Russia","T-72B3 Obr. 2016","abandoned","https://i.postimg.cc/G3jxcQTv/b55.jpg","2022-09-29",11,580,2,"7-115802","09/29/2022"
"616","Russia","Russia","T-72B3 Obr. 2016","abandoned","https://twitter.com/RALee85/status/1559945981789196290","2022-09-29",11,558,2,"7-115582","09/29/2022"
"617","Russia","Russia","T-72B3 Obr. 2016","captured","https://twitter.com/UAWeapons/status/1569968902079238145","2022-09-29",11,581,3,"7-115813","09/29/2022"
"618","Russia","Russia","T-72B3 Obr. 2016","damaged","https://i.postimg.cc/9Mhg9B0b/4g2.png","2022-09-29",11,582,4,"7-115824","09/29/2022"
"619","Russia","Russia","T-72B3 Obr. 2016","captured","https://i.postimg.cc/9Mhg9B0b/4g2.png","2022-09-29",11,582,3,"7-115823","09/29/2022"
"620","Russia","Russia","T-72B3 Obr. 2016","damaged","https://i.postimg.cc/yNv6K4zM/468.png","2022-09-29",11,583,4,"7-115834","09/29/2022"
"621","Russia","Russia","T-72B3 Obr. 2016","captured","https://i.postimg.cc/yNv6K4zM/468.png","2022-09-29",11,583,3,"7-115833","09/29/2022"
"622","Russia","Russia","T-72B3 Obr. 2016","damaged","https://i.postimg.cc/6Qf1vBC4/6h.png","2022-09-29",11,584,4,"7-115844","09/29/2022"
"623","Russia","Russia","T-72B3 Obr. 2016","captured","https://i.postimg.cc/6Qf1vBC4/6h.png","2022-09-29",11,584,3,"7-115843","09/29/2022"
"624","Russia","Russia","T-72B3 Obr. 2016","damaged","https://i.postimg.cc/g2BDpPHM/f4.jpg","2022-09-29",11,585,4,"7-115854","09/29/2022"
"625","Russia","Russia","T-72B3 Obr. 2016","captured","https://i.postimg.cc/g2BDpPHM/f4.jpg","2022-09-29",11,585,3,"7-115853","09/29/2022"
"626","Russia","Russia","T-72B3 Obr. 2016","damaged","https://postimg.cc/dhZdrR3R","2022-09-29",11,586,4,"7-115864","09/29/2022"
"627","Russia","Russia","T-72B3 Obr. 2016","captured","https://postimg.cc/dhZdrR3R","2022-09-29",11,586,3,"7-115863","09/29/2022"
"628","Russia","Russia","T-72B3 Obr. 2016","damaged","https://i.postimg.cc/jdfBfJPd/d10.jpg","2022-09-29",11,587,4,"7-115874","09/29/2022"
"629","Russia","Russia","T-72B3 Obr. 2016","captured","https://i.postimg.cc/jdfBfJPd/d10.jpg","2022-09-29",11,587,3,"7-115873","09/29/2022"
"630","Russia","Russia","T-72B3 Obr. 2016","damaged","https://i.postimg.cc/jjFPM35F/1007-t72b3-2016.jpg","2022-09-29",11,588,4,"7-115884","09/29/2022"
"631","Russia","Russia","T-72B3 Obr. 2016","captured","https://i.postimg.cc/jjFPM35F/1007-t72b3-2016.jpg","2022-09-29",11,588,3,"7-115883","09/29/2022"
"632","Russia","Russia","T-72B3 Obr. 2016","damaged","https://twitter.com/UAWeapons/status/1553999219156983808","2022-09-29",11,589,4,"7-115894","09/29/2022"
"633","Russia","Russia","T-72B3 Obr. 2016","captured","https://twitter.com/UAWeapons/status/1553999219156983808","2022-09-29",11,589,3,"7-115893","09/29/2022"
"634","Russia","Russia","T-72B3 Obr. 2016","captured","https://i.postimg.cc/SR1fCMXS/m3.png","2022-09-29",11,590,3,"7-115903","09/29/2022"
"635","Russia","Russia","T-72B3 Obr. 2016","captured","https://i.postimg.cc/44ryWyxp/698.png","2022-09-29",11,591,3,"7-115913","09/29/2022"
"636","Russia","Russia","T-72B3 Obr. 2016","captured","https://postimg.cc/nM5FPWSC","2022-09-29",11,592,3,"7-115923","09/29/2022"
"637","Russia","Russia","T-72B3 Obr. 2016","captured","https://i.postimg.cc/85dw1Jvb/n9.png","2022-09-29",11,593,3,"7-115933","09/29/2022"
"638","Russia","Russia","T-72B3 Obr. 2016","captured","https://i.postimg.cc/QxbX7PSj/bo.jpg","2022-09-29",11,594,3,"7-115943","09/29/2022"
"639","Russia","Russia","T-72B3 Obr. 2016","captured","https://i.postimg.cc/VsK9XjfC/d332.png","2022-09-29",11,595,3,"7-115953","09/29/2022"
"640","Russia","Russia","T-72B3 Obr. 2016","captured","https://i.postimg.cc/MG8fCYbX/3d3.png","2022-09-29",11,596,3,"7-115963","09/29/2022"
"641","Russia","Russia","T-72B3 Obr. 2016","captured","https://i.postimg.cc/DwB9FktZ/479p.png","2022-09-29",11,597,3,"7-115973","09/29/2022"
"642","Russia","Russia","T-72B3 Obr. 2016","captured","https://i.postimg.cc/3wPF3jtz/331.png","2022-09-29",11,598,3,"7-115983","09/29/2022"
"643","Russia","Russia","T-72B3 Obr. 2016","captured","https://i.postimg.cc/WpJWQz1d/ta1.png","2022-09-29",11,599,3,"7-115993","09/29/2022"
"644","Russia","Russia","T-72B3 Obr. 2016","captured","https://i.postimg.cc/RFS7hm3f/d15.png","2022-09-29",11,600,3,"7-116003","09/29/2022"
"645","Russia","Russia","T-72B3 Obr. 2016","captured","https://i.postimg.cc/rpYCXVgJ/4436.png","2022-09-29",11,601,3,"7-116013","09/29/2022"
"646","Russia","Russia","T-72B3 Obr. 2016","captured","https://i.postimg.cc/43hnyXsw/d138.png","2022-09-29",11,602,3,"7-116023","09/29/2022"
"647","Russia","Russia","T-72B3 Obr. 2016","captured","https://i.postimg.cc/4dfJWDSG/hh3.png","2022-09-29",11,603,3,"7-116033","09/29/2022"
"648","Russia","Russia","T-72B3 Obr. 2016","captured","https://i.postimg.cc/fLGLK0K6/466.png","2022-09-29",11,604,3,"7-116043","09/29/2022"
"649","Russia","Russia","T-72B3 Obr. 2016","captured","https://i.postimg.cc/d0LjtDt3/5555.png","2022-09-29",11,605,3,"7-116053","09/29/2022"
"650","Russia","Russia","T-72B3 Obr. 2016","captured","https://i.postimg.cc/prpmytmf/f433.png","2022-09-29",11,606,3,"7-116063","09/29/2022"
"651","Russia","Russia","T-72B3 Obr. 2016","captured","https://i.postimg.cc/Jnhs4Bys/fhj.png","2022-09-29",11,607,3,"7-116073","09/29/2022"
"652","Russia","Russia","T-72B3 Obr. 2016","captured","https://i.postimg.cc/L4CtS5dJ/52.png","2022-09-29",11,608,3,"7-116083","09/29/2022"
"653","Russia","Russia","T-72B3 Obr. 2016","captured","https://i.postimg.cc/FzV5CVy1/435.png","2022-09-29",11,609,3,"7-116093","09/29/2022"
"654","Russia","Russia","T-72B3 Obr. 2016","captured","https://i.postimg.cc/8Pz7Gmn9/4289.png","2022-09-29",11,610,3,"7-116103","09/29/2022"
"655","Russia","Russia","T-72B3 Obr. 2016","captured","https://i.postimg.cc/J0RFfQW0/4h.png","2022-09-29",11,611,3,"7-116113","09/29/2022"
"656","Russia","Russia","T-72B3 Obr. 2016","captured","https://i.postimg.cc/d34Jp1gM/4791.png","2022-09-29",11,612,3,"7-116123","09/29/2022"
"657","Russia","Russia","T-72B3 Obr. 2016","captured","https://i.postimg.cc/DyJM89qR/33113.png","2022-09-29",11,613,3,"7-116133","09/29/2022"
"658","Russia","Russia","T-72B3 Obr. 2016","captured","https://i.postimg.cc/gc7TZdsd/44133.png","2022-09-29",11,614,3,"7-116143","09/29/2022"
"659","Russia","Russia","T-72B3 Obr. 2016","captured","https://i.postimg.cc/RhbjnZTD/cf1.jpg","2022-09-29",11,615,3,"7-116153","09/29/2022"
"660","Russia","Russia","T-72B3 Obr. 2016","captured","https://i.postimg.cc/vTwPKBMC/5n.png","2022-09-29",11,616,3,"7-116163","09/29/2022"
"661","Russia","Russia","T-72B3 Obr. 2016","captured","https://i.postimg.cc/XqDJC4fx/r1.png","2022-09-29",11,617,3,"7-116173","09/29/2022"
"662","Russia","Russia","T-72B3 Obr. 2016","captured","https://i.postimg.cc/fRK9ddR5/b316bmp2.png","2022-09-29",11,618,3,"7-116183","09/29/2022"
"663","Russia","Russia","T-72B3 Obr. 2016","captured","https://i.postimg.cc/QdggKrXd/877.jpg","2022-09-29",11,619,3,"7-116193","09/29/2022"
"664","Russia","Russia","T-72B3 Obr. 2016","captured","https://i.postimg.cc/sgvr80pM/n9.jpg","2022-09-29",11,620,3,"7-116203","09/29/2022"
"665","Russia","Russia","T-72B3 Obr. 2016","captured","https://i.postimg.cc/J49SMv4v/832.png","2022-09-29",11,621,3,"7-116213","09/29/2022"
"666","Russia","Russia","T-72B3 Obr. 2016","captured","https://i.postimg.cc/QtRXGSfK/54.jpg","2022-09-29",11,622,3,"7-116223","09/29/2022"
"667","Russia","Russia","T-72B3 Obr. 2016","captured","https://i.postimg.cc/HxJnmn3k/4f.jpg","2022-09-29",11,623,3,"7-116233","09/29/2022"
"668","Russia","Russia","T-72B3 Obr. 2016","captured","https://i.postimg.cc/h4kpbwLj/388.png","2022-09-29",11,624,3,"7-116243","09/29/2022"
"669","Russia","Russia","T-72B3 Obr. 2016","captured","https://i.postimg.cc/qMT69cW0/76.jpg","2022-09-29",11,625,3,"7-116253","09/29/2022"
"670","Russia","Russia","T-72B3 Obr. 2016","captured","https://i.postimg.cc/NjRhJ77T/55.jpg","2022-09-29",11,626,3,"7-116263","09/29/2022"
"671","Russia","Russia","T-72B3 Obr. 2016","captured","https://i.postimg.cc/vBMRNW5R/3f.jpg","2022-09-29",11,627,3,"7-116273","09/29/2022"
"672","Russia","Russia","T-72B3 Obr. 2016","captured","https://i.postimg.cc/MHdnWbYQ/g422.jpg","2022-09-29",11,628,3,"7-116283","09/29/2022"
"673","Russia","Russia","T-72B3 Obr. 2016","captured","https://i.postimg.cc/C5X06fMk/985.jpg","2022-09-29",11,629,3,"7-116293","09/29/2022"
"674","Russia","Russia","T-72B3 Obr. 2016","captured","https://i.postimg.cc/YqvL9p4F/323.png","2022-09-29",11,630,3,"7-116303","09/29/2022"
"675","Russia","Russia","T-72B3 Obr. 2016","captured","https://twitter.com/UAWeapons/status/1542235728700211200","2022-09-29",11,631,3,"7-116313","09/29/2022"
"676","Russia","Russia","T-72B3 Obr. 2016","captured","https://twitter.com/UAWeapons/status/1544356465279901697","2022-09-29",11,632,3,"7-116323","09/29/2022"
"677","Russia","Russia","T-72B3 Obr. 2016","captured","https://i.postimg.cc/cJfQLSyB/653.png","2022-09-29",11,633,3,"7-116333","09/29/2022"
"678","Russia","Russia","T-72B3 Obr. 2016","captured","https://i.postimg.cc/Y9ZrwnNF/44334.jpg","2022-09-29",11,634,3,"7-116343","09/29/2022"
"679","Russia","Russia","T-72B3 Obr. 2016","captured","https://i.postimg.cc/xTRC7Jp2/1004-t72b3-2016.png","2022-09-29",11,635,3,"7-116353","09/29/2022"
"680","Russia","Russia","T-72B3 Obr. 2016","captured","https://i.postimg.cc/44jPkfsN/1005.jpg","2022-09-29",11,636,3,"7-116363","09/29/2022"
"681","Russia","Russia","T-72B3 Obr. 2016","captured","https://i.postimg.cc/WbGntCGL/432.png","2022-09-29",11,637,3,"7-116373","09/29/2022"
"682","Russia","Russia","T-72B3 Obr. 2016","captured","https://i.postimg.cc/Rhx51CZ2/7799.png","2022-09-29",11,638,3,"7-116383","09/29/2022"
"683","Russia","Russia","T-72B3 Obr. 2016","captured","https://i.postimg.cc/2SLnLCmB/659.png","2022-09-29",11,639,3,"7-116393","09/29/2022"
"684","Russia","Russia","T-72B3 Obr. 2016","captured","https://i.postimg.cc/c1c0T6DQ/1023-t72n3m.jpg","2022-09-29",11,640,3,"7-116403","09/29/2022"
"685","Russia","Russia","T-72B3 Obr. 2016","captured","https://i.postimg.cc/CKhm2Jgk/1003-t72b3-2016.jpg","2022-09-29",11,641,3,"7-116413","09/29/2022"
"686","Russia","Russia","T-72B3 Obr. 2016","captured","https://twitter.com/UAWeapons/status/1567460860540362763","2022-09-29",11,642,3,"7-116423","09/29/2022"
"687","Russia","Russia","T-72B3 Obr. 2016","captured","https://i.postimg.cc/pT8JzRtd/1006-t72b3-2016.jpg","2022-09-29",11,643,3,"7-116433","09/29/2022"
"688","Russia","Russia","T-72B3 Obr. 2016","captured","https://twitter.com/UAWeapons/status/1568899243397550080","2022-09-29",11,493,3,"7-114933","09/29/2022"
"689","Russia","Russia","T-72B3 Obr. 2016","captured","https://twitter.com/UAWeapons/status/1568578522125303814","2022-09-29",11,644,3,"7-116443","09/29/2022"
"690","Russia","Russia","T-72B3 Obr. 2016","captured","https://i.postimg.cc/c1Vxfgtc/1005-t72b3m.png","2022-09-29",11,645,3,"7-116453","09/29/2022"
"691","Russia","Russia","T-72B3 Obr. 2016","captured","https://twitter.com/UAWeapons/status/1569013204541374464","2022-09-29",11,246,3,"7-112463","09/29/2022"
"692","Russia","Russia","T-72B3 Obr. 2016","damaged","https://twitter.com/UAWeapons/status/1568967168473157632","2022-09-29",11,646,4,"7-116464","09/29/2022"
"693","Russia","Russia","T-72B3 Obr. 2016","captured","https://twitter.com/UAWeapons/status/1568967168473157632","2022-09-29",11,646,3,"7-116463","09/29/2022"
"694","Russia","Russia","T-72B3 Obr. 2016","captured","https://i.postimg.cc/mZ7Rt7LH/1001-t72b3m.jpg","2022-09-29",11,647,3,"7-116473","09/29/2022"
"695","Russia","Russia","T-72B3 Obr. 2016","captured","https://twitter.com/UAWeapons/status/1569736199413309442","2022-09-29",11,648,3,"7-116483","09/29/2022"
"696","Russia","Russia","T-72B3 Obr. 2016","captured","https://twitter.com/UAWeapons/status/1569768629696069638","2022-09-29",11,649,3,"7-116493","09/29/2022"
"697","Russia","Russia","T-72B3 Obr. 2016","captured","https://i.postimg.cc/vT0msRq8/1003-t72b3m.jpg","2022-09-29",11,650,3,"7-116503","09/29/2022"
"698","Russia","Russia","T-72B3 Obr. 2016","captured","https://i.postimg.cc/qB1BgTw4/1006-t72b3m.jpg","2022-09-29",11,651,3,"7-116513","09/29/2022"
"699","Russia","Russia","T-72B3 Obr. 2016","captured","https://i.postimg.cc/T1dFV38R/1010-t72b3m.jpg","2022-09-29",11,652,3,"7-116523","09/29/2022"
"700","Russia","Russia","T-72B3 Obr. 2016","captured","https://i.postimg.cc/CxHJ9YSH/1500-t72b3-orel.jpg","2022-09-29",11,653,3,"7-116533","09/29/2022"
"701","Russia","Russia","T-72B3 Obr. 2016","destroyed","https://twitter.com/UAWeapons/status/1569424767517597702","2022-09-29",11,654,1,"7-116541","09/29/2022"
"702","Russia","Russia","T-72B3 Obr. 2016","destroyed","https://i.postimg.cc/QMqhWFNV/1002-t72b3m.jpg","2022-09-29",11,655,1,"7-116551","09/29/2022"
"703","Russia","Russia","T-72B3 Obr. 2016","captured","https://i.postimg.cc/ZKxhSKRg/1004-t72b3.jpg","2022-09-29",11,656,3,"7-116563","09/29/2022"
"704","Russia","Russia","T-72B3 Obr. 2016","captured","https://twitter.com/UAWeapons/status/1574488865313898512","2022-09-29",11,657,3,"7-116573","09/29/2022"
"705","Russia","Russia","T-72B3 Obr. 2016","captured","https://twitter.com/UAWeapons/status/1574851468854759434","2022-09-29",11,658,3,"7-116583","09/29/2022"
"706","Russia","Russia","T-72B3 Obr. 2016","captured","https://i.postimg.cc/YCHDC99m/1001-t72b3m.jpg","2022-09-29",11,659,3,"7-116593","09/29/2022"
"707","Russia","Russia","T-72B3 Obr. 2016","captured","https://i.postimg.cc/cC1k5rNB/2022-09-14-T-72-B3-Obr-2016.jpg","2022-09-29",11,660,3,"7-116603","09/29/2022"
"708","Russia","Soviet Union","83 Unknown T-72","destroyed","https://twitter.com/UAWeapons/status/1566072209642340352","2022-09-29",12,661,1,"7-126611","09/29/2022"
"709","Russia","Soviet Union","83 Unknown T-72","destroyed","https://postimg.cc/v45ChHWR","2022-09-29",12,662,1,"7-126621","09/29/2022"
"710","Russia","Soviet Union","83 Unknown T-72","destroyed","https://i.postimg.cc/wBYxrYxF/tank.png","2022-09-29",12,663,1,"7-126631","09/29/2022"
"711","Russia","Soviet Union","83 Unknown T-72","destroyed","https://i.postimg.cc/0Q769GWp/476.png","2022-09-29",12,664,1,"7-126641","09/29/2022"
"712","Russia","Soviet Union","83 Unknown T-72","destroyed","https://i.postimg.cc/KYqn0jDX/3d11.png","2022-09-29",12,665,1,"7-126651","09/29/2022"
"713","Russia","Soviet Union","83 Unknown T-72","destroyed","https://twitter.com/UAWeapons/status/1510257894603776012","2022-09-29",12,666,1,"7-126661","09/29/2022"
"714","Russia","Soviet Union","83 Unknown T-72","destroyed","https://i.postimg.cc/RCTBSnS7/taank.png","2022-09-29",12,667,1,"7-126671","09/29/2022"
"715","Russia","Soviet Union","83 Unknown T-72","destroyed","https://i.postimg.cc/k4KvP6FY/d34.jpg","2022-09-29",12,668,1,"7-126681","09/29/2022"
"716","Russia","Soviet Union","83 Unknown T-72","destroyed","https://i.postimg.cc/cHrPdk0c/78.jpg","2022-09-29",12,669,1,"7-126691","09/29/2022"
"717","Russia","Soviet Union","83 Unknown T-72","destroyed","https://twitter.com/UAWeapons/status/1517505799416913921","2022-09-29",12,670,1,"7-126701","09/29/2022"
"718","Russia","Soviet Union","83 Unknown T-72","destroyed","https://twitter.com/UAWeapons/status/1520836638435422209","2022-09-29",12,671,1,"7-126711","09/29/2022"
"719","Russia","Soviet Union","83 Unknown T-72","destroyed","https://i.postimg.cc/rmxpkmmC/43ff.png","2022-09-29",12,672,1,"7-126721","09/29/2022"
"720","Russia","Soviet Union","83 Unknown T-72","destroyed","https://twitter.com/UAWeapons/status/1524129863447285761","2022-09-29",12,673,1,"7-126731","09/29/2022"
"721","Russia","Soviet Union","83 Unknown T-72","destroyed","https://i.postimg.cc/GtfzMV1j/3776.jpg","2022-09-29",12,674,1,"7-126741","09/29/2022"
"722","Russia","Soviet Union","83 Unknown T-72","destroyed","https://twitter.com/UAWeapons/status/1525961832313278465","2022-09-29",12,675,1,"7-126751","09/29/2022"
"723","Russia","Soviet Union","83 Unknown T-72","destroyed","https://twitter.com/UAWeapons/status/1528326529700200448","2022-09-29",12,676,1,"7-126761","09/29/2022"
"724","Russia","Soviet Union","83 Unknown T-72","destroyed","https://i.postimg.cc/K8h232cj/6h.png","2022-09-29",12,677,1,"7-126771","09/29/2022"
"725","Russia","Soviet Union","83 Unknown T-72","destroyed","https://i.postimg.cc/7L5ffZ52/1500-unkn-tank-2x.png","2022-09-29",12,678,1,"7-126781","09/29/2022"
"726","Russia","Soviet Union","83 Unknown T-72","destroyed","https://twitter.com/UAWeapons/status/1530575302895841280","2022-09-29",12,679,1,"7-126791","09/29/2022"
"727","Russia","Soviet Union","83 Unknown T-72","destroyed","https://i.postimg.cc/cLg02zbz/7663.jpg","2022-09-29",12,680,1,"7-126801","09/29/2022"
"728","Russia","Soviet Union","83 Unknown T-72","destroyed","https://twitter.com/UAWeapons/status/1538542381355737091","2022-09-29",12,681,1,"7-126811","09/29/2022"
"729","Russia","Soviet Union","83 Unknown T-72","destroyed","https://twitter.com/UAWeapons/status/1539601762272804866","2022-09-29",12,682,1,"7-126821","09/29/2022"
"730","Russia","Soviet Union","83 Unknown T-72","destroyed","https://twitter.com/UAWeapons/status/1541137859385622532","2022-09-29",12,683,1,"7-126831","09/29/2022"
"731","Russia","Soviet Union","83 Unknown T-72","destroyed","https://twitter.com/RALee85/status/1540218005816238081","2022-09-29",12,684,1,"7-126841","09/29/2022"
"732","Russia","Soviet Union","83 Unknown T-72","destroyed","https://twitter.com/Blue_Sauron/status/1544968755091886080","2022-09-29",12,685,1,"7-126851","09/29/2022"
"733","Russia","Soviet Union","83 Unknown T-72","destroyed","https://i.postimg.cc/0jZSwLfn/554.jpg","2022-09-29",12,686,1,"7-126861","09/29/2022"
"734","Russia","Soviet Union","83 Unknown T-72","destroyed","https://i.postimg.cc/htmtNsvz/4h.png","2022-09-29",12,687,1,"7-126871","09/29/2022"
"735","Russia","Soviet Union","83 Unknown T-72","destroyed","https://twitter.com/RALee85/status/1552961963487010816","2022-09-29",12,688,1,"7-126881","09/29/2022"
"736","Russia","Soviet Union","83 Unknown T-72","destroyed","https://twitter.com/UAWeapons/status/1548420470030028805","2022-09-29",12,689,1,"7-126891","09/29/2022"
"737","Russia","Soviet Union","83 Unknown T-72","destroyed","https://i.postimg.cc/SKwxT1Z8/1002.jpg","2022-09-29",12,690,1,"7-126901","09/29/2022"
"738","Russia","Soviet Union","83 Unknown T-72","destroyed","https://twitter.com/RALee85/status/1551145700712382465","2022-09-29",12,691,1,"7-126911","09/29/2022"
"739","Russia","Soviet Union","83 Unknown T-72","destroyed","https://twitter.com/UAWeapons/status/1551989446349815808","2022-09-29",12,692,1,"7-126921","09/29/2022"
"740","Russia","Soviet Union","83 Unknown T-72","destroyed","https://twitter.com/UAWeapons/status/1557111929927237632","2022-09-29",12,693,1,"7-126931","09/29/2022"
"741","Russia","Soviet Union","83 Unknown T-72","destroyed","https://twitter.com/UAWeapons/status/1569725397863993346","2022-09-29",12,418,1,"7-124181","09/29/2022"
"742","Russia","Soviet Union","83 Unknown T-72","destroyed","https://twitter.com/UAWeapons/status/1545075270826299394","2022-09-29",12,694,1,"7-126941","09/29/2022"
"743","Russia","Soviet Union","83 Unknown T-72","destroyed","https://i.postimg.cc/vHgrmVJg/4g.png","2022-09-29",12,695,1,"7-126951","09/29/2022"
"744","Russia","Soviet Union","83 Unknown T-72","destroyed","https://i.postimg.cc/WbHRhP82/89.png","2022-09-29",12,696,1,"7-126961","09/29/2022"
"745","Russia","Soviet Union","83 Unknown T-72","destroyed","https://twitter.com/UAWeapons/status/1505493660770648065","2022-09-29",12,697,1,"7-126971","09/29/2022"
"746","Russia","Soviet Union","83 Unknown T-72","destroyed","https://i.postimg.cc/KjX698xd/1000-t72b3-2016-x3.jpg","2022-09-29",12,557,1,"7-125571","09/29/2022"
"747","Russia","Soviet Union","83 Unknown T-72","destroyed","https://twitter.com/UAWeapons/status/1507409695161696257","2022-09-29",12,698,1,"7-126981","09/29/2022"
"748","Russia","Soviet Union","83 Unknown T-72","destroyed","https://i.postimg.cc/fTmYsJJb/54f.png","2022-09-29",12,699,1,"7-126991","09/29/2022"
"749","Russia","Soviet Union","83 Unknown T-72","destroyed","https://i.postimg.cc/8c5dSCVZ/4f7.png","2022-09-29",12,700,1,"7-127001","09/29/2022"
"750","Russia","Soviet Union","83 Unknown T-72","destroyed","https://i.postimg.cc/htv2yhvL/ut4.png","2022-09-29",12,701,1,"7-127011","09/29/2022"
"751","Russia","Soviet Union","83 Unknown T-72","destroyed","https://i.postimg.cc/pL85bGRX/7766.jpg","2022-09-29",12,702,1,"7-127021","09/29/2022"
"752","Russia","Soviet Union","83 Unknown T-72","destroyed","https://i.postimg.cc/cH5qSJ5N/77o.jpg","2022-09-29",12,703,1,"7-127031","09/29/2022"
"753","Russia","Soviet Union","83 Unknown T-72","destroyed","https://i.postimg.cc/ZnpTjkby/2212.jpg","2022-09-29",12,704,1,"7-127041","09/29/2022"
"754","Russia","Soviet Union","83 Unknown T-72","destroyed","https://twitter.com/UAWeapons/status/1529197849271058432","2022-09-29",12,705,1,"7-127051","09/29/2022"
"755","Russia","Soviet Union","83 Unknown T-72","destroyed","https://twitter.com/UAWeapons/status/1529504260676886529","2022-09-29",12,706,1,"7-127061","09/29/2022"
"756","Russia","Soviet Union","83 Unknown T-72","destroyed","https://i.postimg.cc/yxPbYYmS/g544.jpg","2022-09-29",12,707,1,"7-127071","09/29/2022"
"757","Russia","Soviet Union","83 Unknown T-72","damaged","https://twitter.com/UAWeapons/status/1566072209642340352","2022-09-29",12,661,4,"7-126614","09/29/2022"
"758","Russia","Soviet Union","83 Unknown T-72","damaged","https://twitter.com/UAWeapons/status/1568696183836577798","2022-09-29",12,708,4,"7-127084","09/29/2022"
"759","Russia","Soviet Union","83 Unknown T-72","damaged","https://i.postimg.cc/V6Kc8SKP/4370.jpg","2022-09-29",12,709,4,"7-127094","09/29/2022"
"760","Russia","Soviet Union","83 Unknown T-72","damaged","https://twitter.com/UAWeapons/status/1512060297607065602","2022-09-29",12,710,4,"7-127104","09/29/2022"
"761","Russia","Soviet Union","83 Unknown T-72","damaged","https://i.postimg.cc/kGf4RmBn/6h.jpg","2022-09-29",12,711,4,"7-127114","09/29/2022"
"762","Russia","Soviet Union","83 Unknown T-72","damaged","https://twitter.com/UAWeapons/status/1539601762272804866","2022-09-29",12,682,4,"7-126824","09/29/2022"
"763","Russia","Soviet Union","83 Unknown T-72","damaged","https://twitter.com/RALee85/status/1540218005816238081","2022-09-29",12,684,4,"7-126844","09/29/2022"
"764","Russia","Soviet Union","83 Unknown T-72","damaged","https://twitter.com/UAWeapons/status/1545125584036151297","2022-09-29",12,712,4,"7-127124","09/29/2022"
"765","Russia","Soviet Union","83 Unknown T-72","damaged","https://twitter.com/UAWeapons/status/1519310504832942080","2022-09-29",12,713,4,"7-127134","09/29/2022"
"766","Russia","Soviet Union","83 Unknown T-72","damaged","https://twitter.com/UAWeapons/status/1544068834604220417","2022-09-29",12,714,4,"7-127144","09/29/2022"
"767","Russia","Soviet Union","83 Unknown T-72","damaged","https://i.postimg.cc/y6rMNLPm/d13.jpg","2022-09-29",12,715,4,"7-127154","09/29/2022"
"768","Russia","Soviet Union","83 Unknown T-72","captured","https://i.postimg.cc/wx0H0JpY/1019-unkn-t72.jpg","2022-09-29",12,716,3,"7-127163","09/29/2022"
"769","Russia","Soviet Union","83 Unknown T-72","captured","https://twitter.com/UAWeapons/status/1568899243397550080","2022-09-29",12,493,3,"7-124933","09/29/2022"
"770","Russia","Soviet Union","83 Unknown T-72","captured","https://twitter.com/UAWeapons/status/1569229402860552192","2022-09-29",12,717,3,"7-127173","09/29/2022"
"771","Russia","Soviet Union","83 Unknown T-72","captured","https://i.postimg.cc/FHnYXRgw/57j.jpg","2022-09-29",12,718,3,"7-127183","09/29/2022"
"772","Russia","Soviet Union","119 T-80BV","destroyed","https://i.postimg.cc/fRTVS0Tt/7u5.png","2022-09-29",13,719,1,"7-137191","09/29/2022"
"773","Russia","Soviet Union","119 T-80BV","destroyed","https://i.postimg.cc/rFQR8BVG/689.png","2022-09-29",13,720,1,"7-137201","09/29/2022"
"774","Russia","Soviet Union","119 T-80BV","destroyed","https://i.postimg.cc/9fJ6B25d/ad22.jpg","2022-09-29",13,721,1,"7-137211","09/29/2022"
"775","Russia","Soviet Union","119 T-80BV","destroyed","https://i.postimg.cc/dVNBcJnB/658.jpg","2022-09-29",13,722,1,"7-137221","09/29/2022"
"776","Russia","Soviet Union","119 T-80BV","destroyed","https://postimg.cc/ftgJpyGm","2022-09-29",13,723,1,"7-137231","09/29/2022"
"777","Russia","Soviet Union","119 T-80BV","destroyed","https://i.postimg.cc/W39PgMKb/63f.jpg","2022-09-29",13,724,1,"7-137241","09/29/2022"
"778","Russia","Soviet Union","119 T-80BV","destroyed","https://i.postimg.cc/ZRypGcSC/6529.png","2022-09-29",13,725,1,"7-137251","09/29/2022"
"779","Russia","Soviet Union","119 T-80BV","destroyed","https://i.postimg.cc/nLrbrQ77/b1.png","2022-09-29",13,726,1,"7-137261","09/29/2022"
"780","Russia","Soviet Union","119 T-80BV","destroyed","https://i.postimg.cc/3wqMvJCq/b2.png","2022-09-29",13,727,1,"7-137271","09/29/2022"
"781","Russia","Soviet Union","119 T-80BV","destroyed","https://i.postimg.cc/027vTwP3/557.png","2022-09-29",13,728,1,"7-137281","09/29/2022"
"782","Russia","Soviet Union","119 T-80BV","destroyed","https://twitter.com/UAWeapons/status/1532760462873571334","2022-09-29",13,729,1,"7-137291","09/29/2022"
"783","Russia","Soviet Union","119 T-80BV","destroyed","https://i.postimg.cc/NMXy144j/5544.png","2022-09-29",13,730,1,"7-137301","09/29/2022"
"784","Russia","Soviet Union","119 T-80BV","destroyed","https://i.postimg.cc/02vS2Cnh/887.jpg","2022-09-29",13,731,1,"7-137311","09/29/2022"
"785","Russia","Soviet Union","119 T-80BV","destroyed","https://i.postimg.cc/2SGjFQ4b/665.jpg","2022-09-29",13,732,1,"7-137321","09/29/2022"
"786","Russia","Soviet Union","119 T-80BV","destroyed","https://i.postimg.cc/15Wq7HV2/f3.jpg","2022-09-29",13,733,1,"7-137331","09/29/2022"
"787","Russia","Soviet Union","119 T-80BV","destroyed","https://twitter.com/UAWeapons/status/1541017371116281856","2022-09-29",13,734,1,"7-137341","09/29/2022"
"788","Russia","Soviet Union","119 T-80BV","destroyed","https://twitter.com/UAWeapons/status/1541418033574551553","2022-09-29",13,735,1,"7-137351","09/29/2022"
"789","Russia","Soviet Union","119 T-80BV","destroyed","https://twitter.com/UAWeapons/status/1542871757719232512","2022-09-29",13,736,1,"7-137361","09/29/2022"
"790","Russia","Soviet Union","119 T-80BV","destroyed","https://twitter.com/Orxan_012/status/1543299399861903361","2022-09-29",13,737,1,"7-137371","09/29/2022"
"791","Russia","Soviet Union","119 T-80BV","destroyed","https://i.postimg.cc/YCQMHMpM/1011.jpg","2022-09-29",13,738,1,"7-137381","09/29/2022"
"792","Russia","Soviet Union","119 T-80BV","destroyed","https://twitter.com/UAWeapons/status/1543924470162886659","2022-09-29",13,739,1,"7-137391","09/29/2022"
"793","Russia","Soviet Union","119 T-80BV","destroyed","https://twitter.com/UAWeapons/status/1543985520300130305","2022-09-29",13,740,1,"7-137401","09/29/2022"
"794","Russia","Soviet Union","119 T-80BV","destroyed","https://twitter.com/Blue_Sauron/status/1544253911238070273","2022-09-29",13,741,1,"7-137411","09/29/2022"
"795","Russia","Soviet Union","119 T-80BV","destroyed","https://i.postimg.cc/yNvLh6T7/1000.jpg","2022-09-29",13,742,1,"7-137421","09/29/2022"
"796","Russia","Soviet Union","119 T-80BV","destroyed","https://i.postimg.cc/1zv5f6Tg/1005.jpg","2022-09-29",13,743,1,"7-137431","09/29/2022"
"797","Russia","Soviet Union","119 T-80BV","destroyed","https://i.postimg.cc/Gmt3cnVG/1006.jpg","2022-09-29",13,744,1,"7-137441","09/29/2022"
"798","Russia","Soviet Union","119 T-80BV","destroyed","https://i.postimg.cc/zf9CX1vj/1001.jpg","2022-09-29",13,745,1,"7-137451","09/29/2022"
"799","Russia","Soviet Union","119 T-80BV","destroyed","https://i.postimg.cc/SxbmMZrB/442.png","2022-09-29",13,746,1,"7-137461","09/29/2022"
"800","Russia","Soviet Union","119 T-80BV","destroyed","https://i.postimg.cc/HnFnDvJQ/3dgd.png","2022-09-29",13,747,1,"7-137471","09/29/2022"
"801","Russia","Soviet Union","119 T-80BV","destroyed","https://i.postimg.cc/X78NgvLf/f44.png","2022-09-29",13,748,1,"7-137481","09/29/2022"
"802","Russia","Soviet Union","119 T-80BV","destroyed","https://i.postimg.cc/c4WFMDVP/1000.jpg","2022-09-29",13,749,1,"7-137491","09/29/2022"
"803","Russia","Soviet Union","119 T-80BV","destroyed","https://twitter.com/UAWeapons/status/1552668515819208705","2022-09-29",13,750,1,"7-137501","09/29/2022"
"804","Russia","Soviet Union","119 T-80BV","destroyed","https://i.postimg.cc/WzB1j0sv/1000-t80bv.jpg","2022-09-29",13,751,1,"7-137511","09/29/2022"
"805","Russia","Soviet Union","119 T-80BV","destroyed","https://twitter.com/UAWeapons/status/1556214456669052929","2022-09-29",13,752,1,"7-137521","09/29/2022"
"806","Russia","Soviet Union","119 T-80BV","destroyed","https://twitter.com/UAWeapons/status/1553428936708837376","2022-09-29",13,753,1,"7-137531","09/29/2022"
"807","Russia","Soviet Union","119 T-80BV","abandoned","https://i.postimg.cc/mgFJxNpD/544.png","2022-09-29",13,754,2,"7-137542","09/29/2022"
"808","Russia","Soviet Union","119 T-80BV","destroyed","https://i.postimg.cc/mgFJxNpD/544.png","2022-09-29",13,754,1,"7-137541","09/29/2022"
"809","Russia","Soviet Union","119 T-80BV","destroyed","https://twitter.com/UAWeapons/status/1559189995625275396","2022-09-29",13,755,1,"7-137551","09/29/2022"
"810","Russia","Soviet Union","119 T-80BV","destroyed","https://i.postimg.cc/HLByRhfp/1013-t80bv.jpg","2022-09-29",13,756,1,"7-137561","09/29/2022"
"811","Russia","Soviet Union","119 T-80BV","destroyed","https://i.postimg.cc/nLyqDxjG/1009-t80bv.jpg","2022-09-29",13,757,1,"7-137571","09/29/2022"
"812","Russia","Soviet Union","119 T-80BV","destroyed","https://twitter.com/UAWeapons/status/1565693493812527108","2022-09-29",13,758,1,"7-137581","09/29/2022"
"813","Russia","Soviet Union","119 T-80BV","destroyed","https://twitter.com/UAWeapons/status/1565695602746396680","2022-09-29",13,759,1,"7-137591","09/29/2022"
"814","Russia","Soviet Union","119 T-80BV","destroyed","https://i.postimg.cc/K8WGNKcq/1002-t80bv.jpg","2022-09-29",13,760,1,"7-137601","09/29/2022"
"815","Russia","Soviet Union","119 T-80BV","destroyed","https://twitter.com/UAWeapons/status/1569405928914538496","2022-09-29",13,761,1,"7-137611","09/29/2022"
"816","Russia","Soviet Union","119 T-80BV","destroyed","https://twitter.com/UAWeapons/status/1569426437119123458","2022-09-29",13,762,1,"7-137621","09/29/2022"
"817","Russia","Soviet Union","119 T-80BV","destroyed","https://i.postimg.cc/hjBbwHmB/1013-t80bv.jpg","2022-09-29",13,763,1,"7-137631","09/29/2022"
"818","Russia","Soviet Union","119 T-80BV","destroyed","https://twitter.com/UAWeapons/status/1570091173825642497","2022-09-29",13,764,1,"7-137641","09/29/2022"
"819","Russia","Soviet Union","119 T-80BV","destroyed","https://twitter.com/UAWeapons/status/1570481019035258886","2022-09-29",13,765,1,"7-137651","09/29/2022"
"820","Russia","Soviet Union","119 T-80BV","destroyed","https://i.postimg.cc/63yvq1nG/2022-09-12-T-80-BV-2.png","2022-09-29",13,766,1,"7-137661","09/29/2022"
"821","Russia","Soviet Union","119 T-80BV","destroyed","https://i.postimg.cc/Bn4PHv23/2022-09-12-T-80-BV.png","2022-09-29",13,767,1,"7-137671","09/29/2022"
"822","Russia","Soviet Union","119 T-80BV","destroyed","https://twitter.com/UAWeapons/status/1572671983057510400","2022-09-29",13,768,1,"7-137681","09/29/2022"
"823","Russia","Soviet Union","119 T-80BV","destroyed","https://i.postimg.cc/TYwjZjKp/1003-unkn-t80.jpg","2022-09-29",13,769,1,"7-137691","09/29/2022"
"824","Russia","Soviet Union","119 T-80BV","destroyed","https://i.postimg.cc/nLyTXp5f/1003-t80bv.jpg","2022-09-29",13,770,1,"7-137701","09/29/2022"
"825","Russia","Soviet Union","119 T-80BV","destroyed","https://i.postimg.cc/Bv4J5rwn/2022-09-10-T-80-BV.jpg","2022-09-29",13,771,1,"7-137711","09/29/2022"
"826","Russia","Soviet Union","119 T-80BV","destroyed","https://twitter.com/UAWeapons/status/1573728155927470081","2022-09-29",13,772,1,"7-137721","09/29/2022"
"827","Russia","Soviet Union","119 T-80BV","destroyed","https://i.postimg.cc/W38PKhmt/2022-09-23-T-80-BV-2.jpg","2022-09-29",13,773,1,"7-137731","09/29/2022"
"828","Russia","Soviet Union","119 T-80BV","destroyed","https://i.postimg.cc/MHLg2RnZ/2022-09-23-T-80-BV.jpg","2022-09-29",13,774,1,"7-137741","09/29/2022"
"829","Russia","Soviet Union","119 T-80BV","destroyed","https://twitter.com/UAWeapons/status/1574862729478807561","2022-09-29",13,775,1,"7-137751","09/29/2022"
"830","Russia","Soviet Union","119 T-80BV","destroyed","https://i.postimg.cc/W4Gxns5H/T-80-BV-Kamyanka.png","2022-09-29",13,776,1,"7-137761","09/29/2022"
"831","Russia","Soviet Union","119 T-80BV","destroyed","https://i.postimg.cc/9QYzgmdq/T-80-BV-number-2-Izium.png","2022-09-29",13,777,1,"7-137771","09/29/2022"
"832","Russia","Soviet Union","119 T-80BV","destroyed","https://i.postimg.cc/GtSjVwcD/1003-Destroyed-T-80-BV.jpg","2022-09-29",13,778,1,"7-137781","09/29/2022"
"833","Russia","Soviet Union","119 T-80BV","damaged","https://i.postimg.cc/MpQzsjSp/1007-t80bv.jpg","2022-09-29",13,779,4,"7-137794","09/29/2022"
"834","Russia","Soviet Union","119 T-80BV","damaged","https://i.postimg.cc/hv8ShJDX/97.png","2022-09-29",13,780,4,"7-137804","09/29/2022"
"835","Russia","Soviet Union","119 T-80BV","abandoned","https://i.postimg.cc/hv8ShJDX/97.png","2022-09-29",13,780,2,"7-137802","09/29/2022"
"836","Russia","Soviet Union","119 T-80BV","damaged","https://twitter.com/UAWeapons/status/1541017371116281856","2022-09-29",13,734,4,"7-137344","09/29/2022"
"837","Russia","Soviet Union","119 T-80BV","abandoned","https://i.postimg.cc/X7GD7K2Y/h66.jpg","2022-09-29",13,781,2,"7-137812","09/29/2022"
"838","Russia","Soviet Union","119 T-80BV","damaged","https://twitter.com/UAWeapons/status/1572198403517419523","2022-09-29",13,782,4,"7-137824","09/29/2022"
"839","Russia","Soviet Union","119 T-80BV","captured","https://i.postimg.cc/4yWGbC6D/578.png","2022-09-29",13,783,3,"7-137833","09/29/2022"
"840","Russia","Soviet Union","119 T-80BV","captured","https://i.postimg.cc/ydxcLGC0/68.png","2022-09-29",13,784,3,"7-137843","09/29/2022"
"841","Russia","Soviet Union","119 T-80BV","captured","https://i.postimg.cc/1zNj1Pjv/44355.png","2022-09-29",13,785,3,"7-137853","09/29/2022"
"842","Russia","Soviet Union","119 T-80BV","captured","https://i.postimg.cc/bwdPNHP3/579.png","2022-09-29",13,786,3,"7-137863","09/29/2022"
"843","Russia","Soviet Union","119 T-80BV","captured","https://i.postimg.cc/dV7Y2m59/36.png","2022-09-29",13,787,3,"7-137873","09/29/2022"
"844","Russia","Soviet Union","119 T-80BV","captured","https://i.postimg.cc/vZft2pYF/1010.jpg","2022-09-29",13,788,3,"7-137883","09/29/2022"
"845","Russia","Soviet Union","119 T-80BV","captured","https://i.postimg.cc/25SzW9Xv/6h.jpg","2022-09-29",13,789,3,"7-137893","09/29/2022"
"846","Russia","Soviet Union","119 T-80BV","captured","https://i.postimg.cc/28NZTGvw/4449.png","2022-09-29",13,790,3,"7-137903","09/29/2022"
"847","Russia","Soviet Union","119 T-80BV","captured","https://i.postimg.cc/CxXtTwB7/g5.jpg","2022-09-29",13,791,3,"7-137913","09/29/2022"
"848","Russia","Soviet Union","119 T-80BV","captured","https://i.postimg.cc/m25sg2hc/37.jpg","2022-09-29",13,792,3,"7-137923","09/29/2022"
"849","Russia","Soviet Union","119 T-80BV","captured","https://i.postimg.cc/J7B4DXFq/665.jpg","2022-09-29",13,793,3,"7-137933","09/29/2022"
"850","Russia","Soviet Union","119 T-80BV","captured","https://i.postimg.cc/pL0kDz9x/f4.jpg","2022-09-29",13,794,3,"7-137943","09/29/2022"
"851","Russia","Soviet Union","119 T-80BV","captured","https://twitter.com/UAWeapons/status/1554949166467776512","2022-09-29",13,795,3,"7-137953","09/29/2022"
"852","Russia","Soviet Union","119 T-80BV","captured","https://i.postimg.cc/TPp0Q1mb/f5.jpg","2022-09-29",13,796,3,"7-137963","09/29/2022"
"853","Russia","Soviet Union","119 T-80BV","captured","https://i.postimg.cc/63bVWQwX/470.png","2022-09-29",13,797,3,"7-137973","09/29/2022"
"854","Russia","Soviet Union","119 T-80BV","captured","https://twitter.com/UAWeapons/status/1561729247223418880","2022-09-29",13,798,3,"7-137983","09/29/2022"
"855","Russia","Soviet Union","119 T-80BV","captured","https://twitter.com/Danspiun/status/1563497026880282635","2022-09-29",13,799,3,"7-137993","09/29/2022"
"856","Russia","Soviet Union","119 T-80BV","captured","https://twitter.com/UAWeapons/status/1563968461998641154","2022-09-29",13,800,3,"7-138003","09/29/2022"
"857","Russia","Soviet Union","119 T-80BV","damaged","https://twitter.com/UAWeapons/status/1564716856950366208","2022-09-29",13,801,4,"7-138014","09/29/2022"
"858","Russia","Soviet Union","119 T-80BV","captured","https://twitter.com/UAWeapons/status/1564716856950366208","2022-09-29",13,801,3,"7-138013","09/29/2022"
"859","Russia","Soviet Union","119 T-80BV","captured","https://twitter.com/Blue_Sauron/status/1568895598777991169","2022-09-29",13,802,3,"7-138023","09/29/2022"
"860","Russia","Soviet Union","119 T-80BV","captured","https://twitter.com/UAWeapons/status/1569426437119123458","2022-09-29",13,762,3,"7-137623","09/29/2022"
"861","Russia","Soviet Union","119 T-80BV","captured","https://twitter.com/UAWeapons/status/1569739016995569664","2022-09-29",13,803,3,"7-138033","09/29/2022"
"862","Russia","Soviet Union","119 T-80BV","captured","https://twitter.com/UAWeapons/status/1569736199413309442","2022-09-29",13,648,3,"7-136483","09/29/2022"
"863","Russia","Soviet Union","119 T-80BV","captured","https://twitter.com/UAWeapons/status/1569711880675139585","2022-09-29",13,804,3,"7-138043","09/29/2022"
"864","Russia","Soviet Union","119 T-80BV","captured","https://twitter.com/UAWeapons/status/1569640170562912259","2022-09-29",13,805,3,"7-138053","09/29/2022"
"865","Russia","Soviet Union","119 T-80BV","captured","https://twitter.com/UAWeapons/status/1569639365655072770","2022-09-29",13,806,3,"7-138063","09/29/2022"
"866","Russia","Soviet Union","119 T-80BV","damaged","https://twitter.com/UAWeapons/status/1570138425843408896","2022-09-29",13,249,4,"7-132494","09/29/2022"
"867","Russia","Soviet Union","119 T-80BV","captured","https://twitter.com/UAWeapons/status/1570138425843408896","2022-09-29",13,249,3,"7-132493","09/29/2022"
"868","Russia","Soviet Union","119 T-80BV","captured","https://twitter.com/UAWeapons/status/1570506077929877504","2022-09-29",13,807,3,"7-138073","09/29/2022"
"869","Russia","Soviet Union","119 T-80BV","captured","https://twitter.com/UAWeapons/status/1562876165164900352","2022-09-29",13,808,3,"7-138083","09/29/2022"
"870","Russia","Soviet Union","119 T-80BV","captured","https://twitter.com/UAWeapons/status/1570808949737394178","2022-09-29",13,809,3,"7-138093","09/29/2022"
"871","Russia","Soviet Union","119 T-80BV","captured","https://i.postimg.cc/3NfS2jCB/1009-t80bv.jpg","2022-09-29",13,810,3,"7-138103","09/29/2022"
"872","Russia","Soviet Union","119 T-80BV","captured","https://twitter.com/UAWeapons/status/1572154236183486467","2022-09-29",13,504,3,"7-135043","09/29/2022"
"873","Russia","Soviet Union","119 T-80BV","captured","https://i.postimg.cc/pV3r5Xzf/2022-09-18-T80-BV.jpg","2022-09-29",13,811,3,"7-138113","09/29/2022"
"874","Russia","Soviet Union","119 T-80BV","captured","https://i.postimg.cc/0QCWJrKJ/1009-t80bv.jpg","2022-09-29",13,812,3,"7-138123","09/29/2022"
"875","Russia","Soviet Union","119 T-80BV","captured","https://i.postimg.cc/7LddjXTx/1014-t80bv.jpg","2022-09-29",13,813,3,"7-138133","09/29/2022"
"876","Russia","Soviet Union","119 T-80BV","captured","https://i.postimg.cc/Qx5nD5X3/1002-t80bv.jpg","2022-09-29",13,814,3,"7-138143","09/29/2022"
"877","Russia","Soviet Union","119 T-80BV","captured","https://twitter.com/Danspiun/status/1566477992401977344","2022-09-29",13,815,3,"7-138153","09/29/2022"
"878","Russia","Soviet Union","119 T-80BV","captured","https://i.postimg.cc/fR8yKN6V/1013-t80bv.jpg","2022-09-29",13,816,3,"7-138163","09/29/2022"
"879","Russia","Soviet Union","119 T-80BV","captured","https://twitter.com/UAWeapons/status/1575477537861292035","2022-09-29",13,817,3,"7-138173","09/29/2022"
"880","Russia","Soviet Union","119 T-80BV","captured","https://i.postimg.cc/4NYp8LZK/2022-09-27-T-80-BV.jpg","2022-09-29",13,818,3,"7-138183","09/29/2022"
"881","Russia","Soviet Union","1 T-80BVK","captured","https://postimg.cc/SjXrcw7T","2022-09-29",14,819,3,"7-148193","09/29/2022"
"882","Russia","Russia","85 T-80U","destroyed","https://i.postimg.cc/NM9ys7Kt/c8.png","2022-09-29",15,820,1,"7-158201","09/29/2022"
"883","Russia","Russia","85 T-80U","destroyed","https://i.postimg.cc/0yppcmwj/1005.jpg","2022-09-29",15,821,1,"7-158211","09/29/2022"
"884","Russia","Russia","85 T-80U","destroyed","https://i.postimg.cc/F1tnjNHH/f431.png","2022-09-29",15,822,1,"7-158221","09/29/2022"
"885","Russia","Russia","85 T-80U","destroyed","https://i.postimg.cc/tRFL7Tj8/h7.jpg","2022-09-29",15,823,1,"7-158231","09/29/2022"
"886","Russia","Russia","85 T-80U","abandoned","https://i.postimg.cc/2Src3YPH/b67.png","2022-09-29",15,824,2,"7-158242","09/29/2022"
"887","Russia","Russia","85 T-80U","destroyed","https://i.postimg.cc/2Src3YPH/b67.png","2022-09-29",15,824,1,"7-158241","09/29/2022"
"888","Russia","Russia","85 T-80U","destroyed","https://i.postimg.cc/qRcxhvhj/7u5.jpg","2022-09-29",15,825,1,"7-158251","09/29/2022"
"889","Russia","Russia","85 T-80U","destroyed","https://i.postimg.cc/6Qx9fWM3/u1.jpg","2022-09-29",15,826,1,"7-158261","09/29/2022"
"890","Russia","Russia","85 T-80U","destroyed","https://i.postimg.cc/W1GRjM7N/r1.png","2022-09-29",15,827,1,"7-158271","09/29/2022"
"891","Russia","Russia","85 T-80U","destroyed","https://i.postimg.cc/GtccWdNQ/d11.png","2022-09-29",15,828,1,"7-158281","09/29/2022"
"892","Russia","Russia","85 T-80U","destroyed","https://i.postimg.cc/SxK50W3z/887.jpg","2022-09-29",15,829,1,"7-158291","09/29/2022"
"893","Russia","Russia","85 T-80U","destroyed","https://i.postimg.cc/RVRrnQvV/4322.jpg","2022-09-29",15,830,1,"7-158301","09/29/2022"
"894","Russia","Russia","85 T-80U","destroyed","https://i.postimg.cc/C5crKsZw/r1.jpg","2022-09-29",15,831,1,"7-158311","09/29/2022"
"895","Russia","Russia","85 T-80U","destroyed","https://i.postimg.cc/ZKY1hC9T/r2.jpg","2022-09-29",15,832,1,"7-158321","09/29/2022"
"896","Russia","Russia","85 T-80U","destroyed","https://i.postimg.cc/28Y9LSQg/4788.jpg","2022-09-29",15,833,1,"7-158331","09/29/2022"
"897","Russia","Russia","85 T-80U","destroyed","https://i.postimg.cc/Yq8R4fqm/5800.jpg","2022-09-29",15,834,1,"7-158341","09/29/2022"
"898","Russia","Russia","85 T-80U","destroyed","https://i.postimg.cc/pdQwzGBj/7763.png","2022-09-29",15,835,1,"7-158351","09/29/2022"
"899","Russia","Russia","85 T-80U","destroyed","https://i.postimg.cc/QxhMbJ3V/a1.png","2022-09-29",15,836,1,"7-158361","09/29/2022"
"900","Russia","Russia","85 T-80U","destroyed","https://i.postimg.cc/zvs4kSSz/g3-2yo-R5-jpg-large.jpg","2022-09-29",15,837,1,"7-158371","09/29/2022"
"901","Russia","Russia","85 T-80U","destroyed","https://i.postimg.cc/PfWyPFy0/465.jpg","2022-09-29",15,838,1,"7-158381","09/29/2022"
"902","Russia","Russia","85 T-80U","destroyed","https://i.postimg.cc/MGTLkhhC/655.jpg","2022-09-29",15,839,1,"7-158391","09/29/2022"
"903","Russia","Russia","85 T-80U","destroyed","https://i.postimg.cc/vTqM1th1/v1.png","2022-09-29",15,840,1,"7-158401","09/29/2022"
"904","Russia","Russia","85 T-80U","destroyed","https://i.postimg.cc/QCyhSf37/76.jpg","2022-09-29",15,841,1,"7-158411","09/29/2022"
"905","Russia","Russia","85 T-80U","destroyed","https://i.postimg.cc/XJp4BYQV/489.png","2022-09-29",15,842,1,"7-158421","09/29/2022"
"906","Russia","Russia","85 T-80U","destroyed","https://i.postimg.cc/1R0kpm9c/488.jpg","2022-09-29",15,843,1,"7-158431","09/29/2022"
"907","Russia","Russia","85 T-80U","destroyed","https://i.postimg.cc/43R4pVNp/5g.jpg","2022-09-29",15,844,1,"7-158441","09/29/2022"
"908","Russia","Russia","85 T-80U","destroyed","https://i.postimg.cc/DyPtqWL3/31.png","2022-09-29",15,845,1,"7-158451","09/29/2022"
"909","Russia","Russia","85 T-80U","destroyed","https://i.postimg.cc/d3GM8tWp/443.png","2022-09-29",15,846,1,"7-158461","09/29/2022"
"910","Russia","Russia","85 T-80U","destroyed","https://i.postimg.cc/QC9GXSks/477.png","2022-09-29",15,847,1,"7-158471","09/29/2022"
"911","Russia","Russia","85 T-80U","destroyed","https://i.postimg.cc/q7yrqVbh/1001.jpg","2022-09-29",15,848,1,"7-158481","09/29/2022"
"912","Russia","Russia","85 T-80U","destroyed","https://i.postimg.cc/mg4XyzzX/1004.jpg","2022-09-29",15,849,1,"7-158491","09/29/2022"
"913","Russia","Russia","85 T-80U","destroyed","https://i.postimg.cc/rpxkmFWx/1010-t80u.jpg","2022-09-29",15,850,1,"7-158501","09/29/2022"
"914","Russia","Russia","85 T-80U","abandoned","https://i.postimg.cc/JnZFQnwx/5477.png","2022-09-29",15,851,2,"7-158512","09/29/2022"
"915","Russia","Russia","85 T-80U","destroyed","https://i.postimg.cc/JnZFQnwx/5477.png","2022-09-29",15,851,1,"7-158511","09/29/2022"
"916","Russia","Russia","85 T-80U","abandoned","https://i.postimg.cc/5ys6P3S7/652.png","2022-09-29",15,852,2,"7-158522","09/29/2022"
"917","Russia","Russia","85 T-80U","destroyed","https://i.postimg.cc/5ys6P3S7/652.png","2022-09-29",15,852,1,"7-158521","09/29/2022"
"918","Russia","Russia","85 T-80U","destroyed","https://twitter.com/UAWeapons/status/1570485188786024450","2022-09-29",15,853,1,"7-158531","09/29/2022"
"919","Russia","Russia","85 T-80U","destroyed","https://twitter.com/naalsio26/status/1572321696488603648","2022-09-29",15,854,1,"7-158541","09/29/2022"
"920","Russia","Russia","85 T-80U","damaged","https://i.postimg.cc/6QgyG7dv/1000-t80u.jpg","2022-09-29",15,855,4,"7-158554","09/29/2022"
"921","Russia","Russia","85 T-80U","abandoned","https://i.postimg.cc/yYRCdvZV/1500-t80u.jpg","2022-09-29",15,856,2,"7-158562","09/29/2022"
"922","Russia","Russia","85 T-80U","abandoned","https://i.postimg.cc/Bb1f2rCj/b8.jpg","2022-09-29",15,857,2,"7-158572","09/29/2022"
"923","Russia","Russia","85 T-80U","abandoned","https://i.postimg.cc/6pZrMGJj/5554.png","2022-09-29",15,858,2,"7-158582","09/29/2022"
"924","Russia","Russia","85 T-80U","abandoned","https://i.postimg.cc/fT1zwVth/l2.png","2022-09-29",15,859,2,"7-158592","09/29/2022"
"925","Russia","Russia","85 T-80U","abandoned","https://i.postimg.cc/mg84T7cL/4g.jpg","2022-09-29",15,860,2,"7-158602","09/29/2022"
"926","Russia","Russia","85 T-80U","abandoned","https://i.postimg.cc/rF2MjVXk/5g3.jpg","2022-09-29",15,861,2,"7-158612","09/29/2022"
"927","Russia","Russia","85 T-80U","abandoned","https://i.postimg.cc/vBWYKzb7/47.png","2022-09-29",15,862,2,"7-158622","09/29/2022"
"928","Russia","Russia","85 T-80U","abandoned","https://i.postimg.cc/sf47Cvsh/76.jpg","2022-09-29",15,863,2,"7-158632","09/29/2022"
"929","Russia","Russia","85 T-80U","abandoned","https://i.postimg.cc/MGTLkhhC/655.jpg","2022-09-29",15,839,2,"7-158392","09/29/2022"
"930","Russia","Russia","85 T-80U","damaged","https://i.postimg.cc/Pf2gzrfP/f5.png","2022-09-29",15,864,4,"7-158644","09/29/2022"
"931","Russia","Russia","85 T-80U","captured","https://i.postimg.cc/Pf2gzrfP/f5.png","2022-09-29",15,864,3,"7-158643","09/29/2022"
"932","Russia","Russia","85 T-80U","damaged","https://i.postimg.cc/vZ0cT4bY/47j.png","2022-09-29",15,865,4,"7-158654","09/29/2022"
"933","Russia","Russia","85 T-80U","captured","https://i.postimg.cc/vZ0cT4bY/47j.png","2022-09-29",15,865,3,"7-158653","09/29/2022"
"934","Russia","Russia","85 T-80U","captured","https://i.postimg.cc/qRzMckW1/5472.png","2022-09-29",15,866,3,"7-158663","09/29/2022"
"935","Russia","Russia","85 T-80U","captured","https://i.postimg.cc/XY9XK8Qj/f25.png","2022-09-29",15,867,3,"7-158673","09/29/2022"
"936","Russia","Russia","85 T-80U","captured","https://i.postimg.cc/GtdbBMjV/4f7.png","2022-09-29",15,868,3,"7-158683","09/29/2022"
"937","Russia","Russia","85 T-80U","captured","https://i.postimg.cc/GmVvVvpf/8k.png","2022-09-29",15,869,3,"7-158693","09/29/2022"
"938","Russia","Russia","85 T-80U","captured","https://i.postimg.cc/7PWhmmcg/u8.jpg","2022-09-29",15,870,3,"7-158703","09/29/2022"
"939","Russia","Russia","85 T-80U","captured","https://twitter.com/UAWeapons/status/1573968779972907008","2022-09-29",15,871,3,"7-158713","09/29/2022"
"940","Russia","Russia","85 T-80U","captured","https://i.postimg.cc/HxYDSTTS/542.png","2022-09-29",15,872,3,"7-158723","09/29/2022"
"941","Russia","Russia","85 T-80U","captured","https://i.postimg.cc/pLq1qg8p/1002.jpg","2022-09-29",15,873,3,"7-158733","09/29/2022"
"942","Russia","Russia","85 T-80U","captured","https://i.postimg.cc/JnK0gXrB/763.png","2022-09-29",15,874,3,"7-158743","09/29/2022"
"943","Russia","Russia","85 T-80U","captured","https://i.postimg.cc/nrBdhrmk/3da.png","2022-09-29",15,875,3,"7-158753","09/29/2022"
"944","Russia","Russia","85 T-80U","captured","https://i.postimg.cc/SxpBCFNR/4433.png","2022-09-29",15,876,3,"7-158763","09/29/2022"
"945","Russia","Russia","85 T-80U","captured","https://i.postimg.cc/nrLk93TH/d2c.png","2022-09-29",15,877,3,"7-158773","09/29/2022"
"946","Russia","Russia","85 T-80U","captured","https://i.postimg.cc/W1bDL7xH/787.png","2022-09-29",15,878,3,"7-158783","09/29/2022"
"947","Russia","Russia","85 T-80U","captured","https://i.postimg.cc/sXz38mY9/32d.png","2022-09-29",15,879,3,"7-158793","09/29/2022"
"948","Russia","Russia","85 T-80U","captured","https://i.postimg.cc/YCx7XJ5N/4r.png","2022-09-29",15,880,3,"7-158803","09/29/2022"
"949","Russia","Russia","85 T-80U","captured","https://i.postimg.cc/nc7CpXxk/4y8.png","2022-09-29",15,881,3,"7-158813","09/29/2022"
"950","Russia","Russia","85 T-80U","captured","https://i.postimg.cc/9f2LgLrM/43f.jpg","2022-09-29",15,882,3,"7-158823","09/29/2022"
"951","Russia","Russia","85 T-80U","captured","https://i.postimg.cc/Gpp0CYB5/c1.jpg","2022-09-29",15,883,3,"7-158833","09/29/2022"
"952","Russia","Russia","85 T-80U","captured","https://i.postimg.cc/FHWbsTzf/87j.jpg","2022-09-29",15,884,3,"7-158843","09/29/2022"
"953","Russia","Russia","85 T-80U","captured","https://i.postimg.cc/7LFzTNhH/5466.png","2022-09-29",15,885,3,"7-158853","09/29/2022"
"954","Russia","Russia","85 T-80U","damaged","https://twitter.com/UAWeapons/status/1571501699348430849","2022-09-29",15,886,4,"7-158864","09/29/2022"
"955","Russia","Russia","85 T-80U","captured","https://twitter.com/UAWeapons/status/1571501699348430849","2022-09-29",15,886,3,"7-158863","09/29/2022"
"956","Russia","Russia","85 T-80U","captured","https://i.postimg.cc/PryFfPyC/1006.jpg","2022-09-29",15,887,3,"7-158873","09/29/2022"
"957","Russia","Russia","85 T-80U","captured","https://i.postimg.cc/fbG8qXzr/1007.jpg","2022-09-29",15,888,3,"7-158883","09/29/2022"
"958","Russia","Russia","85 T-80U","captured","https://i.postimg.cc/HkLvrdvB/1008.jpg","2022-09-29",15,889,3,"7-158893","09/29/2022"
"959","Russia","Russia","85 T-80U","captured","https://twitter.com/Danspiun/status/1554950823968399367","2022-09-29",15,890,3,"7-158903","09/29/2022"
"960","Russia","Russia","85 T-80U","captured","https://twitter.com/Blue_Sauron/status/1568895598777991169","2022-09-29",15,802,3,"7-158023","09/29/2022"
"961","Russia","Russia","85 T-80U","captured","https://twitter.com/UAWeapons/status/1569711880675139585","2022-09-29",15,804,3,"7-158043","09/29/2022"
"962","Russia","Russia","85 T-80U","captured","https://twitter.com/UAWeapons/status/1569973201358176258","2022-09-29",15,891,3,"7-158913","09/29/2022"
"963","Russia","Russia","85 T-80U","damaged","https://twitter.com/UAWeapons/status/1570479830562672640","2022-09-29",15,892,4,"7-158924","09/29/2022"
"964","Russia","Russia","85 T-80U","captured","https://twitter.com/UAWeapons/status/1570479830562672640","2022-09-29",15,892,3,"7-158923","09/29/2022"
"965","Russia","Russia","85 T-80U","captured","https://twitter.com/UAWeapons/status/1573968779972907008","2022-09-29",15,871,3,"7-158713","09/29/2022"
"966","Russia","Russia","85 T-80U","captured","https://i.postimg.cc/4xQL7g72/1000-t80u.jpg","2022-09-29",15,893,3,"7-158933","09/29/2022"
"967","Russia","Russia","T-80UK","abandoned","https://i.postimg.cc/Tw85mW08/f4.png","2022-09-29",16,894,2,"7-168942","09/29/2022"
"968","Russia","Russia","T-80UK","destroyed","https://i.postimg.cc/Tw85mW08/f4.png","2022-09-29",16,894,1,"7-168941","09/29/2022"
"969","Russia","Russia","T-80UK","captured","https://i.postimg.cc/RhG269gm/63.jpg","2022-09-29",16,895,3,"7-168953","09/29/2022"
"970","Russia","Russia","T-80UK","captured","https://i.postimg.cc/1znWKMQF/1009.jpg","2022-09-29",16,896,3,"7-168963","09/29/2022"
"971","Russia","Russia","T-80UE-1","destroyed","https://i.postimg.cc/YCSxpFYc/3d1.jpg","2022-09-29",17,897,1,"7-178971","09/29/2022"
"972","Russia","Russia","T-80UE-1","captured","https://i.postimg.cc/Ls88PXB9/74.png","2022-09-29",17,898,3,"7-178983","09/29/2022"
"973","Russia","Russia","T-80UE-1","captured","https://i.postimg.cc/FHDVg0xB/3dd.png","2022-09-29",17,899,3,"7-178993","09/29/2022"
"974","Russia","Russia","T-80UE-1","captured","https://postlmg.cc/HVYptsVc","2022-09-29",17,900,3,"7-179003","09/29/2022"
"975","Russia","Russia","T-80UE-1","captured","https://i.postimg.cc/fb0m5nJQ/4388.jpg","2022-09-29",17,901,3,"7-179013","09/29/2022"
"976","Russia","Russia","T-80UE-1","captured","https://i.postimg.cc/7PgrKTDY/s1.jpg","2022-09-29",17,902,3,"7-179023","09/29/2022"
"977","Russia","Russia","T-80UE-1","captured","https://i.postimg.cc/5N9DjYzn/390.png","2022-09-29",17,903,3,"7-179033","09/29/2022"
"978","Russia","Russia","T-80UM2","destroyed","https://i.postimg.cc/XJJ81n2X/68.png","2022-09-29",18,904,1,"7-189041","09/29/2022"
"979","Russia","Russia","40 T-80BVM","destroyed","https://i.postimg.cc/h469K9pD/4h.png","2022-09-29",19,905,1,"7-199051","09/29/2022"
"980","Russia","Russia","40 T-80BVM","destroyed","https://postimg.cc/n9zQmMvR","2022-09-29",19,906,1,"7-199061","09/29/2022"
"981","Russia","Russia","40 T-80BVM","destroyed","https://i.postimg.cc/YSnxY02f/1014-t80bvm.png","2022-09-29",19,907,1,"7-199071","09/29/2022"
"982","Russia","Russia","40 T-80BVM","destroyed","https://i.postimg.cc/JnXXXNbJ/1003.jpg","2022-09-29",19,908,1,"7-199081","09/29/2022"
"983","Russia","Russia","40 T-80BVM","destroyed","https://i.postimg.cc/MHv6Bc4t/366.jpg","2022-09-29",19,909,1,"7-199091","09/29/2022"
"984","Russia","Russia","40 T-80BVM","destroyed","https://i.postimg.cc/Dw8vCvxp/443.jpg","2022-09-29",19,910,1,"7-199101","09/29/2022"
"985","Russia","Russia","40 T-80BVM","destroyed","https://i.postimg.cc/0jpdhfs9/r2.jpg","2022-09-29",19,911,1,"7-199111","09/29/2022"
"986","Russia","Russia","40 T-80BVM","destroyed","https://i.postimg.cc/QN9PJ42B/g42.jpg","2022-09-29",19,912,1,"7-199121","09/29/2022"
"987","Russia","Russia","40 T-80BVM","destroyed","https://i.postimg.cc/rsrPys1G/g43.jpg","2022-09-29",19,913,1,"7-199131","09/29/2022"
"988","Russia","Russia","40 T-80BVM","destroyed","https://i.postimg.cc/cLmTmFNx/ff3.jpg","2022-09-29",19,914,1,"7-199141","09/29/2022"
"989","Russia","Russia","40 T-80BVM","destroyed","https://i.postimg.cc/L6wNT0jg/1010.jpg","2022-09-29",19,915,1,"7-199151","09/29/2022"
"990","Russia","Russia","40 T-80BVM","destroyed","https://i.postimg.cc/pVCJD7hg/1000-t80bvm.jpg","2022-09-29",19,916,1,"7-199161","09/29/2022"
"991","Russia","Russia","40 T-80BVM","destroyed","https://i.postimg.cc/G34Kvxyy/1005-t80bvm.jpg","2022-09-29",19,917,1,"7-199171","09/29/2022"
"992","Russia","Russia","40 T-80BVM","destroyed","https://i.postimg.cc/d0YT59gV/1007-t80bvm.jpg","2022-09-29",19,918,1,"7-199181","09/29/2022"
"993","Russia","Russia","40 T-80BVM","destroyed","https://twitter.com/UAWeapons/status/1568644104724090881","2022-09-29",19,572,1,"7-195721","09/29/2022"
"994","Russia","Russia","40 T-80BVM","destroyed","https://i.postimg.cc/RCbcS5MZ/2022-09-28-T-80-BVM.jpg","2022-09-29",19,919,1,"7-199191","09/29/2022"
"995","Russia","Russia","40 T-80BVM","destroyed","https://i.postimg.cc/Zq0SCqxN/1011-t80bvm.jpg","2022-09-29",19,920,1,"7-199201","09/29/2022"
"996","Russia","Russia","40 T-80BVM","damaged","https://twitter.com/UAWeapons/status/1552708993830854657","2022-09-29",19,921,4,"7-199214","09/29/2022"
"997","Russia","Russia","40 T-80BVM","damaged","https://i.postimg.cc/qRpN5jRw/1002-t80bvm.jpg","2022-09-29",19,922,4,"7-199224","09/29/2022"
"998","Russia","Russia","40 T-80BVM","damaged","https://i.postimg.cc/qMTDvQnb/1003-t80bvm.jpg","2022-09-29",19,923,4,"7-199234","09/29/2022"
"999","Russia","Russia","40 T-80BVM","abandoned","https://i.postimg.cc/qMTDvQnb/1003-t80bvm.jpg","2022-09-29",19,923,2,"7-199232","09/29/2022"
"1000","Russia","Russia","40 T-80BVM","damaged","https://i.postimg.cc/rwk9X6Y1/1000-t80bvm-nr-14.jpg","2022-09-29",19,924,4,"7-199244","09/29/2022"
"1001","Russia","Russia","40 T-80BVM","captured","https://i.postimg.cc/rwk9X6Y1/1000-t80bvm-nr-14.jpg","2022-09-29",19,924,3,"7-199243","09/29/2022"
"1002","Russia","Russia","40 T-80BVM","captured","https://i.postimg.cc/BQnQ8tqm/5799.png","2022-09-29",19,925,3,"7-199253","09/29/2022"
"1003","Russia","Russia","40 T-80BVM","captured","https://i.postimg.cc/jdKNRZQV/v6.jpg","2022-09-29",19,926,3,"7-199263","09/29/2022"
"1004","Russia","Russia","40 T-80BVM","captured","https://i.postimg.cc/KzmrkB8F/bf.png","2022-09-29",19,927,3,"7-199273","09/29/2022"
"1005","Russia","Russia","40 T-80BVM","captured","https://i.postimg.cc/DZqKW1G3/4gf.png","2022-09-29",19,928,3,"7-199283","09/29/2022"
"1006","Russia","Russia","40 T-80BVM","captured","https://i.postimg.cc/Jz3zpSPT/699.jpg","2022-09-29",19,929,3,"7-199293","09/29/2022"
"1007","Russia","Russia","40 T-80BVM","captured","https://i.postimg.cc/zBtgdVxQ/652.png","2022-09-29",19,930,3,"7-199303","09/29/2022"
"1008","Russia","Russia","40 T-80BVM","captured","https://i.postimg.cc/TwC8D6n3/678.png","2022-09-29",19,931,3,"7-199313","09/29/2022"
"1009","Russia","Russia","40 T-80BVM","captured","https://i.postimg.cc/7LpghV24/g2.jpg","2022-09-29",19,932,3,"7-199323","09/29/2022"
"1010","Russia","Russia","40 T-80BVM","captured","https://i.postimg.cc/tRvyG2y7/32.png","2022-09-29",19,933,3,"7-199333","09/29/2022"
"1011","Russia","Russia","40 T-80BVM","captured","https://i.postimg.cc/zDd2qYhc/658.jpg","2022-09-29",19,934,3,"7-199343","09/29/2022"
"1012","Russia","Russia","40 T-80BVM","captured","https://i.postimg.cc/Ls5fcmpp/332.png","2022-09-29",19,935,3,"7-199353","09/29/2022"
"1013","Russia","Russia","40 T-80BVM","captured","https://i.postimg.cc/rFRQbXwh/h5.jpg","2022-09-29",19,936,3,"7-199363","09/29/2022"
"1014","Russia","Russia","40 T-80BVM","captured","https://i.postimg.cc/pT8gPXns/g78.png","2022-09-29",19,937,3,"7-199373","09/29/2022"
"1015","Russia","Russia","40 T-80BVM","captured","https://i.postimg.cc/QMpKGxyL/324.png","2022-09-29",19,938,3,"7-199383","09/29/2022"
"1016","Russia","Russia","40 T-80BVM","captured","https://i.postimg.cc/fLpZW20x/d35.png","2022-09-29",19,939,3,"7-199393","09/29/2022"
"1017","Russia","Russia","40 T-80BVM","captured","https://postimg.cc/xkfbcmNr","2022-09-29",19,940,3,"7-199403","09/29/2022"
"1018","Russia","Russia","40 T-80BVM","captured","https://twitter.com/UAWeapons/status/1569038512116334592","2022-09-29",19,941,3,"7-199413","09/29/2022"
"1019","Russia","Russia","40 T-80BVM","captured","https://twitter.com/UAWeapons/status/1570423464971976705","2022-09-29",19,942,3,"7-199423","09/29/2022"
"1020","Russia","Russia","40 T-80BVM","damaged","https://i.postimg.cc/SKr2CC26/1003-t80bvm.jpg","2022-09-29",19,943,4,"7-199434","09/29/2022"
"1021","Russia","Russia","40 T-80BVM","captured","https://i.postimg.cc/SKr2CC26/1003-t80bvm.jpg","2022-09-29",19,943,3,"7-199433","09/29/2022"
"1022","Russia","Russia","5 Unknown T-80","destroyed","https://twitter.com/UAWeapons/status/1569229438864195589","2022-09-29",20,944,1,"7-209441","09/29/2022"
"1023","Russia","Russia","5 Unknown T-80","destroyed","https://i.postimg.cc/NMcs7XJn/5800.jpg","2022-09-29",20,945,1,"7-209451","09/29/2022"
"1024","Russia","Russia","5 Unknown T-80","abandoned","https://i.postimg.cc/65bxy8wG/8j.png","2022-09-29",20,946,2,"7-209462","09/29/2022"
"1025","Russia","Russia","5 Unknown T-80","captured","https://twitter.com/Blue_Sauron/status/1568895598777991169","2022-09-29",20,802,3,"7-208023","09/29/2022"
"1026","Russia","Russia","T-90A","destroyed","https://i.postimg.cc/4dtYkZVp/43.png","2022-09-29",21,947,1,"7-219471","09/29/2022"
"1027","Russia","Russia","T-90A","destroyed","https://i.postimg.cc/VsC0bQZ3/541.png","2022-09-29",21,948,1,"7-219481","09/29/2022"
"1028","Russia","Russia","T-90A","destroyed","https://i.postimg.cc/T2DGFDC5/h65.png","2022-09-29",21,949,1,"7-219491","09/29/2022"
"1029","Russia","Russia","T-90A","destroyed","https://i.postimg.cc/bNjTnG5H/762.png","2022-09-29",21,950,1,"7-219501","09/29/2022"
"1030","Russia","Russia","T-90A","destroyed","https://i.postimg.cc/Dy8ngXMd/887.jpg","2022-09-29",21,951,1,"7-219511","09/29/2022"
"1031","Russia","Russia","T-90A","destroyed","https://i.postimg.cc/tTdVSJcQ/577.jpg","2022-09-29",21,952,1,"7-219521","09/29/2022"
"1032","Russia","Russia","T-90A","destroyed","https://i.postimg.cc/YCR6HGkq/76.jpg","2022-09-29",21,953,1,"7-219531","09/29/2022"
"1033","Russia","Russia","T-90A","destroyed","https://i.postimg.cc/hv56LFZ3/t5.png","2022-09-29",21,954,1,"7-219541","09/29/2022"
"1034","Russia","Russia","T-90A","abandoned","https://i.postimg.cc/90XRZvq9/4432.png","2022-09-29",21,955,2,"7-219552","09/29/2022"
"1035","Russia","Russia","T-90A","destroyed","https://i.postimg.cc/90XRZvq9/4432.png","2022-09-29",21,955,1,"7-219551","09/29/2022"
"1036","Russia","Russia","T-90A","abandoned","https://i.postimg.cc/PJxLN77q/3h.png","2022-09-29",21,956,2,"7-219562","09/29/2022"
"1037","Russia","Russia","T-90A","destroyed","https://i.postimg.cc/PJxLN77q/3h.png","2022-09-29",21,956,1,"7-219561","09/29/2022"
"1038","Russia","Russia","T-90A","destroyed","https://twitter.com/UAWeapons/status/1570091921846026240","2022-09-29",21,957,1,"7-219571","09/29/2022"
"1039","Russia","Russia","T-90A","destroyed","https://twitter.com/RALee85/status/1575159507549933568","2022-09-29",21,958,1,"7-219581","09/29/2022"
"1040","Russia","Russia","T-90A","abandoned","https://i.postimg.cc/vHYqqTjM/544.png","2022-09-29",21,959,2,"7-219592","09/29/2022"
"1041","Russia","Russia","T-90A","abandoned","https://i.postimg.cc/5txSTbY7/368.png","2022-09-29",21,960,2,"7-219602","09/29/2022"
"1042","Russia","Russia","T-90A","captured","https://i.postimg.cc/85Vs1vt5/v6.jpg","2022-09-29",21,961,3,"7-219613","09/29/2022"
"1043","Russia","Russia","T-90A","captured","https://i.postimg.cc/L6XCZSwz/3f4.png","2022-09-29",21,962,3,"7-219623","09/29/2022"
"1044","Russia","Russia","T-90A","captured","https://i.postimg.cc/hPHLMRrc/65h.png","2022-09-29",21,963,3,"7-219633","09/29/2022"
"1045","Russia","Russia","T-90A","captured","https://i.postimg.cc/vTdS88R3/6h.jpg","2022-09-29",21,964,3,"7-219643","09/29/2022"
"1046","Russia","Russia","T-90A","captured","https://i.postimg.cc/Nj7PbcQ4/466.png","2022-09-29",21,965,3,"7-219653","09/29/2022"
"1047","Russia","Russia","T-90A","captured","https://i.postimg.cc/Wbw3jKGG/4j.png","2022-09-29",21,966,3,"7-219663","09/29/2022"
"1048","Russia","Russia","T-90A","captured","https://i.postimg.cc/02nsRB7F/36.png","2022-09-29",21,967,3,"7-219673","09/29/2022"
"1049","Russia","Russia","T-90A","abandoned","https://twitter.com/UAWeapons/status/1573971359092412416","2022-09-29",21,968,2,"7-219682","09/29/2022"
"1050","Russia","Russia","3 T-90M","destroyed","https://i.postimg.cc/9QQkNyG5/69.png","2022-09-29",22,969,1,"7-229691","09/29/2022"
"1051","Russia","Russia","3 T-90M","abandoned","https://i.postimg.cc/C1Zgwtwq/1004.jpg","2022-09-29",22,970,2,"7-229702","09/29/2022"
"1052","Russia","Russia","3 T-90M","captured","https://i.postimg.cc/ZKSvFkdP/1000.jpg","2022-09-29",22,971,3,"7-229713","09/29/2022"
"1053","Russia","Russia","141 Unknown tank","destroyed","https://i.postimg.cc/ZYXm1v90/d1k.png","2022-09-29",23,972,1,"7-239721","09/29/2022"
"1054","Russia","Russia","141 Unknown tank","destroyed","https://i.postimg.cc/FKmnM11S/43fh.png","2022-09-29",23,973,1,"7-239731","09/29/2022"
"1055","Russia","Russia","141 Unknown tank","destroyed","https://i.postimg.cc/PxJk1gpS/4688.png","2022-09-29",23,974,1,"7-239741","09/29/2022"
"1056","Russia","Russia","141 Unknown tank","destroyed","https://i.postimg.cc/DzBFGGz9/m9.jpg","2022-09-29",23,975,1,"7-239751","09/29/2022"
"1057","Russia","Russia","141 Unknown tank","destroyed","https://twitter.com/UAWeapons/status/1503839555555889153","2022-09-29",23,976,1,"7-239761","09/29/2022"
"1058","Russia","Russia","141 Unknown tank","destroyed","https://i.postimg.cc/FzXxr0rk/32.png","2022-09-29",23,977,1,"7-239771","09/29/2022"
"1059","Russia","Russia","141 Unknown tank","destroyed","https://twitter.com/UAWeapons/status/1505645975767064580","2022-09-29",23,978,1,"7-239781","09/29/2022"
"1060","Russia","Russia","141 Unknown tank","destroyed","https://i.postimg.cc/zXwV0qJ5/544.jpg","2022-09-29",23,979,1,"7-239791","09/29/2022"
"1061","Russia","Russia","141 Unknown tank","destroyed","https://twitter.com/RALee85/status/1506944223437897734","2022-09-29",23,980,1,"7-239801","09/29/2022"
"1062","Russia","Russia","141 Unknown tank","destroyed","https://twitter.com/UAWeapons/status/1507004560996401168","2022-09-29",23,981,1,"7-239811","09/29/2022"
"1063","Russia","Russia","141 Unknown tank","destroyed","https://i.postimg.cc/NMKQLbn8/8jj.jpg","2022-09-29",23,982,1,"7-239821","09/29/2022"
"1064","Russia","Russia","141 Unknown tank","destroyed","https://twitter.com/UAWeapons/status/1508569156525998084","2022-09-29",23,983,1,"7-239831","09/29/2022"
"1065","Russia","Russia","141 Unknown tank","destroyed","https://i.postimg.cc/MKS7yF3G/1007.jpg","2022-09-29",23,984,1,"7-239841","09/29/2022"
"1066","Russia","Russia","141 Unknown tank","destroyed","https://i.postimg.cc/cLzxC5Gj/1008.jpg","2022-09-29",23,985,1,"7-239851","09/29/2022"
"1067","Russia","Russia","141 Unknown tank","destroyed","https://i.postimg.cc/5ySG8G0n/2f.png","2022-09-29",23,986,1,"7-239861","09/29/2022"
"1068","Russia","Russia","141 Unknown tank","destroyed","https://i.postimg.cc/NjWVL03k/3211.jpg","2022-09-29",23,987,1,"7-239871","09/29/2022"
"1069","Russia","Russia","141 Unknown tank","destroyed","https://twitter.com/UAWeapons/status/1510015312648888325","2022-09-29",23,988,1,"7-239881","09/29/2022"
"1070","Russia","Russia","141 Unknown tank","destroyed","https://twitter.com/UAWeapons/status/1569621227542642691","2022-09-29",23,989,1,"7-239891","09/29/2022"
"1071","Russia","Russia","141 Unknown tank","destroyed","https://twitter.com/UAWeapons/status/1511724218848849920","2022-09-29",23,990,1,"7-239901","09/29/2022"
"1072","Russia","Russia","141 Unknown tank","destroyed","https://twitter.com/UAWeapons/status/1512009619387957254","2022-09-29",23,991,1,"7-239911","09/29/2022"
"1073","Russia","Russia","141 Unknown tank","destroyed","https://twitter.com/UAWeapons/status/1511692761048784907","2022-09-29",23,992,1,"7-239921","09/29/2022"
"1074","Russia","Russia","141 Unknown tank","destroyed","https://i.postimg.cc/T20j4wxV/dt11.png","2022-09-29",23,993,1,"7-239931","09/29/2022"
"1075","Russia","Russia","141 Unknown tank","destroyed","https://i.postimg.cc/rp0QX6Pk/578.jpg","2022-09-29",23,994,1,"7-239941","09/29/2022"
"1076","Russia","Russia","141 Unknown tank","destroyed","https://twitter.com/UAWeapons/status/1515784115055960071","2022-09-29",23,995,1,"7-239951","09/29/2022"
"1077","Russia","Russia","141 Unknown tank","destroyed","https://i.postimg.cc/pVZ9ZdST/1004-unkn-tank.jpg","2022-09-29",23,996,1,"7-239961","09/29/2022"
"1078","Russia","Russia","141 Unknown tank","destroyed","https://twitter.com/UAWeapons/status/1518654601611956229","2022-09-29",23,997,1,"7-239971","09/29/2022"
"1079","Russia","Russia","141 Unknown tank","destroyed","https://twitter.com/UAWeapons/status/1518654644544802818","2022-09-29",23,998,1,"7-239981","09/29/2022"
"1080","Russia","Russia","141 Unknown tank","destroyed","https://twitter.com/UAWeapons/status/1574819474984902660","2022-09-29",23,999,1,"7-239991","09/29/2022"
"1081","Russia","Russia","141 Unknown tank","destroyed","https://i.postimg.cc/pTqLw6r7/g11.jpg","2022-09-29",23,1000,1,"7-2310001","09/29/2022"
"1082","Russia","Russia","141 Unknown tank","destroyed","https://i.postimg.cc/d1fv2Z0W/448.png","2022-09-29",23,1001,1,"7-2310011","09/29/2022"
"1083","Russia","Russia","141 Unknown tank","destroyed","https://twitter.com/UAWeapons/status/1519750346498883585","2022-09-29",23,1002,1,"7-2310021","09/29/2022"
"1084","Russia","Russia","141 Unknown tank","destroyed","https://twitter.com/UAWeapons/status/1520054564732510215","2022-09-29",23,1003,1,"7-2310031","09/29/2022"
"1085","Russia","Russia","141 Unknown tank","destroyed","https://i.postimg.cc/fW9cht7Q/t1.png","2022-09-29",23,1004,1,"7-2310041","09/29/2022"
"1086","Russia","Russia","141 Unknown tank","destroyed","https://i.postimg.cc/9Q1J9NX2/444.jpg","2022-09-29",23,1005,1,"7-2310051","09/29/2022"
"1087","Russia","Russia","141 Unknown tank","destroyed","https://i.postimg.cc/kMQNyLLV/3f3.jpg","2022-09-29",23,1006,1,"7-2310061","09/29/2022"
"1088","Russia","Russia","141 Unknown tank","destroyed","https://i.postimg.cc/ZnP0rRzK/3d.png","2022-09-29",23,1007,1,"7-2310071","09/29/2022"
"1089","Russia","Russia","141 Unknown tank","destroyed","https://postimg.cc/kDFRpdkC","2022-09-29",23,1008,1,"7-2310081","09/29/2022"
"1090","Russia","Russia","141 Unknown tank","destroyed","https://twitter.com/UAWeapons/status/1524370554438004736","2022-09-29",23,1009,1,"7-2310091","09/29/2022"
"1091","Russia","Russia","141 Unknown tank","destroyed","https://twitter.com/UAWeapons/status/1522214564380569605","2022-09-29",23,1010,1,"7-2310101","09/29/2022"
"1092","Russia","Russia","141 Unknown tank","destroyed","https://twitter.com/UAWeapons/status/1529111411489636358","2022-09-29",23,1011,1,"7-2310111","09/29/2022"
"1093","Russia","Russia","141 Unknown tank","destroyed","https://i.postimg.cc/Hkc4GppB/4436.png","2022-09-29",23,1012,1,"7-2310121","09/29/2022"
"1094","Russia","Russia","141 Unknown tank","destroyed","https://twitter.com/UAWeapons/status/1529828913882583040","2022-09-29",23,1013,1,"7-2310131","09/29/2022"
"1095","Russia","Russia","141 Unknown tank","destroyed","https://i.postimg.cc/PxD6kXQc/7666.jpg","2022-09-29",23,1014,1,"7-2310141","09/29/2022"
"1096","Russia","Russia","141 Unknown tank","destroyed","https://i.postimg.cc/XJbRmFkm/6655.jpg","2022-09-29",23,1015,1,"7-2310151","09/29/2022"
"1097","Russia","Russia","141 Unknown tank","destroyed","https://i.postimg.cc/m2bVTrzz/4431.jpg","2022-09-29",23,1016,1,"7-2310161","09/29/2022"
"1098","Russia","Russia","141 Unknown tank","destroyed","https://i.postimg.cc/vmDJngJK/dd2.jpg","2022-09-29",23,1017,1,"7-2310171","09/29/2022"
"1099","Russia","Russia","141 Unknown tank","destroyed","https://twitter.com/UAWeapons/status/1535549426261008385","2022-09-29",23,1018,1,"7-2310181","09/29/2022"
"1100","Russia","Russia","141 Unknown tank","destroyed","https://i.postimg.cc/x1DGkX3Q/28.png","2022-09-29",23,1019,1,"7-2310191","09/29/2022"
"1101","Russia","Russia","141 Unknown tank","destroyed","https://twitter.com/UAWeapons/status/1537135796490231808","2022-09-29",23,1020,1,"7-2310201","09/29/2022"
"1102","Russia","Russia","141 Unknown tank","destroyed","https://twitter.com/UAWeapons/status/1536748207925088261","2022-09-29",23,1021,1,"7-2310211","09/29/2022"
"1103","Russia","Russia","141 Unknown tank","destroyed","https://twitter.com/UAWeapons/status/1537502655030956038","2022-09-29",23,1022,1,"7-2310221","09/29/2022"
"1104","Russia","Russia","141 Unknown tank","destroyed","https://twitter.com/UAWeapons/status/1538475247455850496","2022-09-29",23,1023,1,"7-2310231","09/29/2022"
"1105","Russia","Russia","141 Unknown tank","destroyed","https://twitter.com/UAWeapons/status/1538474573905252352","2022-09-29",23,1024,1,"7-2310241","09/29/2022"
"1106","Russia","Russia","141 Unknown tank","destroyed","https://i.postimg.cc/XNzTZ5zw/5g.png","2022-09-29",23,1025,1,"7-2310251","09/29/2022"
"1107","Russia","Russia","141 Unknown tank","destroyed","https://i.postimg.cc/D0VjgL8g/5541.jpg","2022-09-29",23,1026,1,"7-2310261","09/29/2022"
"1108","Russia","Russia","141 Unknown tank","destroyed","https://twitter.com/UAWeapons/status/1541387063408427009","2022-09-29",23,1027,1,"7-2310271","09/29/2022"
"1109","Russia","Russia","141 Unknown tank","destroyed","https://i.postimg.cc/k4HyYmhY/1004-unkn-tank.jpg","2022-09-29",23,1028,1,"7-2310281","09/29/2022"
"1110","Russia","Russia","141 Unknown tank","destroyed","https://i.postimg.cc/yW4t59rG/1005-tank-fuel-truck.jpg","2022-09-29",23,1029,1,"7-2310291","09/29/2022"
"1111","Russia","Russia","141 Unknown tank","destroyed","https://twitter.com/UAWeapons/status/1542963571310706689","2022-09-29",23,1030,1,"7-2310301","09/29/2022"
"1112","Russia","Russia","141 Unknown tank","destroyed","https://twitter.com/UAWeapons/status/1543547733197332480","2022-09-29",23,1031,1,"7-2310311","09/29/2022"
"1113","Russia","Russia","141 Unknown tank","destroyed","https://twitter.com/Blue_Sauron/status/1543546487849861120","2022-09-29",23,1032,1,"7-2310321","09/29/2022"
"1114","Russia","Russia","141 Unknown tank","destroyed","https://twitter.com/UAWeapons/status/1544577293460332544","2022-09-29",23,1033,1,"7-2310331","09/29/2022"
"1115","Russia","Russia","141 Unknown tank","destroyed","https://twitter.com/Blue_Sauron/status/1545507845508063234","2022-09-29",23,1034,1,"7-2310341","09/29/2022"
"1116","Russia","Russia","141 Unknown tank","destroyed","https://twitter.com/Blue_Sauron/status/1545668249886474241","2022-09-29",23,1035,1,"7-2310351","09/29/2022"
"1117","Russia","Russia","141 Unknown tank","destroyed","https://twitter.com/UAWeapons/status/1545728233173286913","2022-09-29",23,1036,1,"7-2310361","09/29/2022"
"1118","Russia","Russia","141 Unknown tank","destroyed","https://twitter.com/UAWeapons/status/1546089606365552640","2022-09-29",23,1037,1,"7-2310371","09/29/2022"
"1119","Russia","Russia","141 Unknown tank","destroyed","https://twitter.com/UAWeapons/status/1546579953671602178","2022-09-29",23,1038,1,"7-2310381","09/29/2022"
"1120","Russia","Russia","141 Unknown tank","destroyed","https://twitter.com/Blue_Sauron/status/1547198165182455808","2022-09-29",23,1039,1,"7-2310391","09/29/2022"
"1121","Russia","Russia","141 Unknown tank","destroyed","https://twitter.com/UAWeapons/status/1547654653889748998","2022-09-29",23,1040,1,"7-2310401","09/29/2022"
"1122","Russia","Russia","141 Unknown tank","destroyed","https://twitter.com/Blue_Sauron/status/1547854376047284229","2022-09-29",23,1041,1,"7-2310411","09/29/2022"
"1123","Russia","Russia","141 Unknown tank","destroyed","https://i.postimg.cc/D0jkH2ZD/1008.jpg","2022-09-29",23,1042,1,"7-2310421","09/29/2022"
"1124","Russia","Russia","141 Unknown tank","destroyed","https://i.postimg.cc/Y07qkGBC/1007.jpg","2022-09-29",23,1043,1,"7-2310431","09/29/2022"
"1125","Russia","Russia","141 Unknown tank","destroyed","https://twitter.com/UAWeapons/status/1567847516401434624","2022-09-29",23,1044,1,"7-2310441","09/29/2022"
"1126","Russia","Russia","141 Unknown tank","destroyed","https://twitter.com/UAWeapons/status/1550900206165696512","2022-09-29",23,1045,1,"7-2310451","09/29/2022"
"1127","Russia","Russia","141 Unknown tank","destroyed","https://twitter.com/UAWeapons/status/1553346896877477890","2022-09-29",23,1046,1,"7-2310461","09/29/2022"
"1128","Russia","Russia","141 Unknown tank","destroyed","https://twitter.com/UAWeapons/status/1567837725889384450","2022-09-29",23,1047,1,"7-2310471","09/29/2022"
"1129","Russia","Russia","141 Unknown tank","destroyed","https://i.postimg.cc/Hxcf7KKM/1003-unkn-t72.jpg","2022-09-29",23,1048,1,"7-2310481","09/29/2022"
"1130","Russia","Russia","141 Unknown tank","destroyed","https://i.postimg.cc/90x9bbw6/1003-3x-unkn-tank.jpg","2022-09-29",23,1049,1,"7-2310491","09/29/2022"
"1131","Russia","Russia","141 Unknown tank","destroyed","https://twitter.com/UAWeapons/status/1553847002877804551","2022-09-29",23,1050,1,"7-2310501","09/29/2022"
"1132","Russia","Russia","141 Unknown tank","destroyed","https://twitter.com/UAWeapons/status/1554872804365025282","2022-09-29",23,1051,1,"7-2310511","09/29/2022"
"1133","Russia","Russia","141 Unknown tank","destroyed","https://i.postimg.cc/50TWZFMg/1003-unkn-tank.jpg","2022-09-29",23,1052,1,"7-2310521","09/29/2022"
"1134","Russia","Russia","141 Unknown tank","destroyed","https://i.postimg.cc/MKyJFT30/1007-unkn-tank.jpg","2022-09-29",23,1053,1,"7-2310531","09/29/2022"
"1135","Russia","Russia","141 Unknown tank","destroyed","https://i.postimg.cc/Y9hwnzTj/1008-unkn-tank.jpg","2022-09-29",23,1054,1,"7-2310541","09/29/2022"
"1136","Russia","Russia","141 Unknown tank","destroyed","https://i.postimg.cc/Pfvj1KmR/1009-unkn-tank.jpg","2022-09-29",23,1055,1,"7-2310551","09/29/2022"
"1137","Russia","Russia","141 Unknown tank","destroyed","https://twitter.com/RALee85/status/1557720274518302720","2022-09-29",23,1056,1,"7-2310561","09/29/2022"
"1138","Russia","Russia","141 Unknown tank","destroyed","https://twitter.com/UAWeapons/status/1558758284521349125","2022-09-29",23,1057,1,"7-2310571","09/29/2022"
"1139","Russia","Russia","141 Unknown tank","destroyed","https://twitter.com/UAWeapons/status/1558930124329943043","2022-09-29",23,1058,1,"7-2310581","09/29/2022"
"1140","Russia","Russia","141 Unknown tank","destroyed","https://twitter.com/RALee85/status/1560008324124385281","2022-09-29",23,1059,1,"7-2310591","09/29/2022"
"1141","Russia","Russia","141 Unknown tank","destroyed","https://i.postimg.cc/QNQzp0fJ/1016-tank.jpg","2022-09-29",23,1060,1,"7-2310601","09/29/2022"
"1142","Russia","Russia","141 Unknown tank","destroyed","https://i.postimg.cc/5tHnRYnh/1004-unkn-tank.jpg","2022-09-29",23,1061,1,"7-2310611","09/29/2022"
"1143","Russia","Russia","141 Unknown tank","destroyed","https://twitter.com/RALee85/status/1560333378066448384","2022-09-29",23,1062,1,"7-2310621","09/29/2022"
"1144","Russia","Russia","141 Unknown tank","destroyed","https://twitter.com/RALee85/status/1560347251972739073","2022-09-29",23,1063,1,"7-2310631","09/29/2022"
"1145","Russia","Russia","141 Unknown tank","destroyed","https://i.postimg.cc/Jh2SqqZH/1000-unkn-tank-2x.jpg","2022-09-29",23,1064,1,"7-2310641","09/29/2022"
"1146","Russia","Russia","141 Unknown tank","destroyed","https://i.postimg.cc/QdS2BsMb/1009-unkn-tank.jpg","2022-09-29",23,1065,1,"7-2310651","09/29/2022"
"1147","Russia","Russia","141 Unknown tank","destroyed","https://i.postimg.cc/Bn5Dc6pP/1014-unkn-tank.jpg","2022-09-29",23,1066,1,"7-2310661","09/29/2022"
"1148","Russia","Russia","141 Unknown tank","destroyed","https://i.postimg.cc/Sx2YxcfP/1006-unkn-tank.jpg","2022-09-29",23,1067,1,"7-2310671","09/29/2022"
"1149","Russia","Russia","141 Unknown tank","destroyed","https://twitter.com/RALee85/status/1562899328532099075","2022-09-29",23,1068,1,"7-2310681","09/29/2022"
"1150","Russia","Russia","141 Unknown tank","destroyed","https://twitter.com/UAWeapons/status/1562865128189489155","2022-09-29",23,1069,1,"7-2310691","09/29/2022"
"1151","Russia","Russia","141 Unknown tank","destroyed","https://i.postimg.cc/P515v2Kw/1001-unkn-tank.jpg","2022-09-29",23,1070,1,"7-2310701","09/29/2022"
"1152","Russia","Russia","141 Unknown tank","destroyed","https://twitter.com/UAWeapons/status/1563175738022326272","2022-09-29",23,1071,1,"7-2310711","09/29/2022"
"1153","Russia","Russia","141 Unknown tank","destroyed","https://twitter.com/UAWeapons/status/1563933056326516736","2022-09-29",23,1072,1,"7-2310721","09/29/2022"
"1154","Russia","Russia","141 Unknown tank","destroyed","https://i.postimg.cc/Y9QYNPQK/1004-unkn-tank.jpg","2022-09-29",23,1073,1,"7-2310731","09/29/2022"
"1155","Russia","Russia","141 Unknown tank","destroyed","https://twitter.com/UAWeapons/status/1565986608003817472","2022-09-29",23,1074,1,"7-2310741","09/29/2022"
"1156","Russia","Russia","141 Unknown tank","destroyed","https://postimg.cc/CRvkWbCb","2022-09-29",23,1075,1,"7-2310751","09/29/2022"
"1157","Russia","Russia","141 Unknown tank","destroyed","https://twitter.com/UAWeapons/status/1567194634383679497","2022-09-29",23,1076,1,"7-2310761","09/29/2022"
"1158","Russia","Russia","141 Unknown tank","destroyed","https://twitter.com/UAWeapons/status/1567264410871136258","2022-09-29",23,1077,1,"7-2310771","09/29/2022"
"1159","Russia","Russia","141 Unknown tank","destroyed","https://i.postimg.cc/TYJxmDhT/1004-unkn-tank.jpg","2022-09-29",23,1078,1,"7-2310781","09/29/2022"
"1160","Russia","Russia","141 Unknown tank","destroyed","https://twitter.com/UAWeapons/status/1567848850748051461","2022-09-29",23,1079,1,"7-2310791","09/29/2022"
"1161","Russia","Russia","141 Unknown tank","destroyed","https://i.postimg.cc/s2CX1rKm/1005-unkn-tank.jpg","2022-09-29",23,1080,1,"7-2310801","09/29/2022"
"1162","Russia","Russia","141 Unknown tank","destroyed","https://twitter.com/UAWeapons/status/1569411914693738498","2022-09-29",23,1081,1,"7-2310811","09/29/2022"
"1163","Russia","Russia","141 Unknown tank","destroyed","https://twitter.com/UAWeapons/status/1574379264819941376","2022-09-29",23,1082,1,"7-2310821","09/29/2022"
"1164","Russia","Russia","141 Unknown tank","destroyed","https://i.postimg.cc/TY93dx2t/1023-unkn-tank.jpg","2022-09-29",23,1083,1,"7-2310831","09/29/2022"
"1165","Russia","Russia","141 Unknown tank","destroyed","https://twitter.com/Blue_Sauron/status/1574702622765891586","2022-09-29",23,1084,1,"7-2310841","09/29/2022"
"1166","Russia","Russia","141 Unknown tank","destroyed","https://twitter.com/UAWeapons/status/1575039152717905920","2022-09-29",23,1085,1,"7-2310851","09/29/2022"
"1167","Russia","Russia","141 Unknown tank","destroyed","https://twitter.com/UAWeapons/status/1575445575604002821","2022-09-29",23,1086,1,"7-2310861","09/29/2022"
"1168","Russia","Russia","141 Unknown tank","destroyed","https://i.postimg.cc/d398Jzxf/1007-2x-unkn-tank.jpg","2022-09-29",23,1087,1,"7-2310871","09/29/2022"
"1169","Russia","Russia","141 Unknown tank","destroyed","https://twitter.com/UAWeapons/status/1575531759374147584","2022-09-29",23,1088,1,"7-2310881","09/29/2022"
"1170","Russia","Russia","141 Unknown tank","destroyed","https://twitter.com/Blue_Sauron/status/1575555077724831744","2022-09-29",23,1089,1,"7-2310891","09/29/2022"
"1171","Russia","Russia","141 Unknown tank","destroyed","https://twitter.com/Blue_Sauron/status/1575425367027892226","2022-09-29",23,295,1,"7-232951","09/29/2022"
"1172","Russia","Russia","141 Unknown tank","damaged","https://twitter.com/UAWeapons/status/1507711151689375750","2022-09-29",23,1090,4,"7-2310904","09/29/2022"
"1173","Russia","Russia","141 Unknown tank","damaged","https://i.postimg.cc/SRCpdynN/652.jpg","2022-09-29",23,1091,4,"7-2310914","09/29/2022"
"1174","Russia","Russia","141 Unknown tank","damaged","https://twitter.com/UAWeapons/status/1524385443608936454","2022-09-29",23,1092,4,"7-2310924","09/29/2022"
"1175","Russia","Russia","141 Unknown tank","damaged","https://twitter.com/UAWeapons/status/1527620102895575040","2022-09-29",23,1093,4,"7-2310934","09/29/2022"
"1176","Russia","Russia","141 Unknown tank","damaged","https://twitter.com/UAWeapons/status/1535720555680305152","2022-09-29",23,1094,4,"7-2310944","09/29/2022"
"1177","Russia","Russia","141 Unknown tank","damaged","https://twitter.com/UAWeapons/status/1520362882743123968","2022-09-29",23,1095,4,"7-2310954","09/29/2022"
"1178","Russia","Russia","141 Unknown tank","damaged","https://i.postimg.cc/44SFGsk4/4373.png","2022-09-29",23,1096,4,"7-2310964","09/29/2022"
"1179","Russia","Russia","141 Unknown tank","damaged","https://twitter.com/UAWeapons/status/1546579953671602178","2022-09-29",23,1038,4,"7-2310384","09/29/2022"
"1180","Russia","Russia","141 Unknown tank","damaged","https://twitter.com/UAWeapons/status/1557732021937455104","2022-09-29",23,1097,4,"7-2310974","09/29/2022"
"1181","Russia","Russia","141 Unknown tank","abandoned","https://twitter.com/UAWeapons/status/1557732021937455104","2022-09-29",23,1097,2,"7-2310972","09/29/2022"
"1182","Russia","Russia","141 Unknown tank","damaged","https://i.postimg.cc/MKzpNpgY/1003.jpg","2022-09-29",23,1098,4,"7-2310984","09/29/2022"
"1183","Russia","Russia","141 Unknown tank","abandoned","https://i.postimg.cc/MKzpNpgY/1003.jpg","2022-09-29",23,1098,2,"7-2310982","09/29/2022"
"1184","Russia","Russia","141 Unknown tank","damaged","https://i.postimg.cc/8kwYcCfR/1002-unkn-tank.jpg","2022-09-29",23,1099,4,"7-2310994","09/29/2022"
"1185","Russia","Russia","141 Unknown tank","abandoned","https://i.postimg.cc/8kwYcCfR/1002-unkn-tank.jpg","2022-09-29",23,1099,2,"7-2310992","09/29/2022"
"1186","Russia","Russia","141 Unknown tank","abandoned","https://i.postimg.cc/j23fFqPt/875.jpg","2022-09-29",23,1100,2,"7-2311002","09/29/2022"
"1187","Russia","Russia","141 Unknown tank","abandoned","https://twitter.com/UAWeapons/status/1546089606365552640","2022-09-29",23,1037,2,"7-2310372","09/29/2022"
"1188","Russia","Soviet Union","20 BRM-1K reconnaissance vehicle","destroyed","https://postimg.cc/bGSbfRQm","2022-09-29",24,1101,1,"7-2411011","09/29/2022"
"1189","Russia","Soviet Union","20 BRM-1K reconnaissance vehicle","destroyed","https://i.postimg.cc/gj3KbRGG/fsl.png","2022-09-29",24,1102,1,"7-2411021","09/29/2022"
"1190","Russia","Soviet Union","20 BRM-1K reconnaissance vehicle","destroyed","https://i.postimg.cc/Ss7ZV5zW/d13p.png","2022-09-29",24,1103,1,"7-2411031","09/29/2022"
"1191","Russia","Soviet Union","20 BRM-1K reconnaissance vehicle","destroyed","https://i.postimg.cc/QVLrdHRK/6880.png","2022-09-29",24,1104,1,"7-2411041","09/29/2022"
"1192","Russia","Soviet Union","20 BRM-1K reconnaissance vehicle","destroyed","https://i.postimg.cc/yYnZX0Xs/488.png","2022-09-29",24,1105,1,"7-2411051","09/29/2022"
"1193","Russia","Soviet Union","20 BRM-1K reconnaissance vehicle","destroyed","https://i.postimg.cc/Yq5fmMHs/3d14.png","2022-09-29",24,1106,1,"7-2411061","09/29/2022"
"1194","Russia","Soviet Union","20 BRM-1K reconnaissance vehicle","destroyed","https://i.postimg.cc/yNVXckN7/s1.png","2022-09-29",24,1107,1,"7-2411071","09/29/2022"
"1195","Russia","Soviet Union","20 BRM-1K reconnaissance vehicle","destroyed","https://i.postimg.cc/7Lbhr8dz/6658.jpg","2022-09-29",24,1108,1,"7-2411081","09/29/2022"
"1196","Russia","Soviet Union","20 BRM-1K reconnaissance vehicle","destroyed","https://i.postimg.cc/85k1X8rv/1005-BRM-1-K.jpg","2022-09-29",24,1109,1,"7-2411091","09/29/2022"
"1197","Russia","Soviet Union","20 BRM-1K reconnaissance vehicle","destroyed","https://i.postimg.cc/3wGmwKjQ/55441.png","2022-09-29",24,1110,1,"7-2411101","09/29/2022"
"1198","Russia","Soviet Union","20 BRM-1K reconnaissance vehicle","destroyed","https://i.postimg.cc/MTJ9T91Y/f4339.png","2022-09-29",24,1111,1,"7-2411111","09/29/2022"
"1199","Russia","Soviet Union","20 BRM-1K reconnaissance vehicle","destroyed","https://twitter.com/UAWeapons/status/1569381077759807489","2022-09-29",24,1112,1,"7-2411121","09/29/2022"
"1200","Russia","Soviet Union","20 BRM-1K reconnaissance vehicle","destroyed","https://i.postimg.cc/bw8mSMpV/1010-BRM-1-K.jpg","2022-09-29",24,1113,1,"7-2411131","09/29/2022"
"1201","Russia","Soviet Union","20 BRM-1K reconnaissance vehicle","destroyed","https://i.postimg.cc/Hsr8XQHY/1000-bmp2.jpg","2022-09-29",24,1114,1,"7-2411141","09/29/2022"
"1202","Russia","Soviet Union","20 BRM-1K reconnaissance vehicle","captured","https://i.postimg.cc/W4LXNVTC/567.png","2022-09-29",24,1115,3,"7-2411153","09/29/2022"
"1203","Russia","Soviet Union","20 BRM-1K reconnaissance vehicle","captured","https://i.postimg.cc/Px4KPtq9/1003-brm1k.jpg","2022-09-29",24,1116,3,"7-2411163","09/29/2022"
"1204","Russia","Soviet Union","20 BRM-1K reconnaissance vehicle","captured","https://i.postimg.cc/g0nfvNjc/1013-brm1k.jpg","2022-09-29",24,1117,3,"7-2411173","09/29/2022"
"1205","Russia","Soviet Union","20 BRM-1K reconnaissance vehicle","captured","https://twitter.com/UAWeapons/status/1569229438864195589","2022-09-29",24,944,3,"7-249443","09/29/2022"
"1206","Russia","Soviet Union","20 BRM-1K reconnaissance vehicle","captured","https://i.postimg.cc/C16b4L6P/2022-09-13-Hlynske.jpg","2022-09-29",24,1118,3,"7-2411183","09/29/2022"
"1207","Russia","Soviet Union","20 BRM-1K reconnaissance vehicle","captured","https://i.postimg.cc/bw5k0g2X/1500-bmp2.jpg","2022-09-29",24,1119,3,"7-2411193","09/29/2022"
"1208","Russia","Soviet Union","3 BRDM-2","destroyed","https://i.postimg.cc/HWJMWnXs/d4.png","2022-09-29",25,1120,1,"7-2511201","09/29/2022"
"1209","Russia","Soviet Union","3 BRDM-2","destroyed","https://i.postimg.cc/Qx0xF42r/1001-brdm2.jpg","2022-09-29",25,1121,1,"7-2511211","09/29/2022"
"1210","Russia","Soviet Union","3 BRDM-2","destroyed","https://i.postimg.cc/hvs0Z6v0/1002-brdm2.jpg","2022-09-29",25,1122,1,"7-2511221","09/29/2022"
"1211","Russia","Soviet Union","MT-LB","destroyed","https://i.postimg.cc/2SJG2hyJ/9po.png","2022-09-29",26,1123,1,"7-2611231","09/29/2022"
"1212","Russia","Soviet Union","MT-LB","destroyed","https://i.postimg.cc/XvpJbF2W/k9.png","2022-09-29",26,1124,1,"7-2611241","09/29/2022"
"1213","Russia","Soviet Union","MT-LB","destroyed","https://twitter.com/UAWeapons/status/1498757622211784707","2022-09-29",26,1125,1,"7-2611251","09/29/2022"
"1214","Russia","Soviet Union","MT-LB","destroyed","https://i.postimg.cc/nLRctZ4r/d6.png","2022-09-29",26,1126,1,"7-2611261","09/29/2022"
"1215","Russia","Soviet Union","MT-LB","destroyed","https://i.postimg.cc/W4x4DFVB/54.jpg","2022-09-29",26,1127,1,"7-2611271","09/29/2022"
"1216","Russia","Soviet Union","MT-LB","destroyed","https://i.postimg.cc/CxNSkmyp/763.png","2022-09-29",26,1128,1,"7-2611281","09/29/2022"
"1217","Russia","Soviet Union","MT-LB","destroyed","https://i.postimg.cc/66k6rQ9g/d17.png","2022-09-29",26,1129,1,"7-2611291","09/29/2022"
"1218","Russia","Soviet Union","MT-LB","destroyed","https://i.postimg.cc/y6m6zVCB/525.png","2022-09-29",26,1130,1,"7-2611301","09/29/2022"
"1219","Russia","Soviet Union","MT-LB","destroyed","https://i.postimg.cc/gJ24TR94/457.png","2022-09-29",26,1131,1,"7-2611311","09/29/2022"
"1220","Russia","Soviet Union","MT-LB","destroyed","https://i.postimg.cc/kg4dJZ3y/23.png","2022-09-29",26,1132,1,"7-2611321","09/29/2022"
"1221","Russia","Soviet Union","MT-LB","destroyed","https://i.postimg.cc/XNTmHGBK/t1.png","2022-09-29",26,1133,1,"7-2611331","09/29/2022"
"1222","Russia","Soviet Union","MT-LB","destroyed","https://i.postimg.cc/GmRNRWQH/t2.png","2022-09-29",26,1134,1,"7-2611341","09/29/2022"
"1223","Russia","Soviet Union","MT-LB","destroyed","https://i.postimg.cc/RZ2hwWLF/3d5.png","2022-09-29",26,1135,1,"7-2611351","09/29/2022"
"1224","Russia","Soviet Union","MT-LB","destroyed","https://i.postimg.cc/tR5r7YLG/4f.png","2022-09-29",26,1136,1,"7-2611361","09/29/2022"
"1225","Russia","Soviet Union","MT-LB","destroyed","https://i.postimg.cc/23p4Kymk/t5.png","2022-09-29",26,1137,1,"7-2611371","09/29/2022"
"1226","Russia","Soviet Union","MT-LB","destroyed","https://i.postimg.cc/QNFfrp3V/332.jpg","2022-09-29",26,1138,1,"7-2611381","09/29/2022"
"1227","Russia","Soviet Union","MT-LB","destroyed","https://i.postimg.cc/xCyC3R9P/7ip.png","2022-09-29",26,1139,1,"7-2611391","09/29/2022"
"1228","Russia","Soviet Union","MT-LB","destroyed","https://i.postimg.cc/k5cwW0Hg/355.png","2022-09-29",26,1140,1,"7-2611401","09/29/2022"
"1229","Russia","Soviet Union","MT-LB","destroyed","https://i.postimg.cc/sg8MqfCK/1022-mtlb.jpg","2022-09-29",26,1141,1,"7-2611411","09/29/2022"
"1230","Russia","Soviet Union","MT-LB","destroyed","https://i.postimg.cc/R0vkHGqJ/mdes1.png","2022-09-29",26,1142,1,"7-2611421","09/29/2022"
"1231","Russia","Soviet Union","MT-LB","destroyed","https://i.postimg.cc/vmqG8CXZ/mdes2.png","2022-09-29",26,1143,1,"7-2611431","09/29/2022"
"1232","Russia","Soviet Union","MT-LB","destroyed","https://i.postimg.cc/ZYM41vF4/68.png","2022-09-29",26,1144,1,"7-2611441","09/29/2022"
"1233","Russia","Soviet Union","MT-LB","destroyed","https://i.postimg.cc/mhxq2y0D/mttllbb1.jpg","2022-09-29",26,1145,1,"7-2611451","09/29/2022"
"1234","Russia","Soviet Union","MT-LB","destroyed","https://postimg.cc/64wYVYXf","2022-09-29",26,1146,1,"7-2611461","09/29/2022"
"1235","Russia","Soviet Union","MT-LB","destroyed","https://postimg.cc/XrpSy7x7","2022-09-29",26,1147,1,"7-2611471","09/29/2022"
"1236","Russia","Soviet Union","MT-LB","destroyed","https://i.postimg.cc/fTmW72W8/XBb-IUx-U9-png-small.png","2022-09-29",26,1148,1,"7-2611481","09/29/2022"
"1237","Russia","Soviet Union","MT-LB","destroyed","https://i.postimg.cc/sfBgxfkd/mttttllbbb.jpg","2022-09-29",26,1149,1,"7-2611491","09/29/2022"
"1238","Russia","Soviet Union","MT-LB","destroyed","https://i.postimg.cc/G25V6CKv/mmtttlllbbbb.jpg","2022-09-29",26,1150,1,"7-2611501","09/29/2022"
"1239","Russia","Soviet Union","MT-LB","destroyed","https://i.postimg.cc/XJXdKG76/1012.jpg","2022-09-29",26,161,1,"7-261611","09/29/2022"
"1240","Russia","Soviet Union","MT-LB","destroyed","https://i.postimg.cc/bvNzhqx5/mttllbbb11.png","2022-09-29",26,1151,1,"7-2611511","09/29/2022"
"1241","Russia","Soviet Union","MT-LB","destroyed","https://i.postimg.cc/2S1FjYXP/m1.png","2022-09-29",26,1152,1,"7-2611521","09/29/2022"
"1242","Russia","Soviet Union","MT-LB","destroyed","https://i.postimg.cc/cHktJ5gH/mm1.png","2022-09-29",26,1153,1,"7-2611531","09/29/2022"
"1243","Russia","Soviet Union","MT-LB","destroyed","https://i.postimg.cc/nVQqzp2f/mm2.png","2022-09-29",26,1154,1,"7-2611541","09/29/2022"
"1244","Russia","Soviet Union","MT-LB","destroyed","https://i.postimg.cc/g2wrJ0xZ/652g.jpg","2022-09-29",26,1155,1,"7-2611551","09/29/2022"
"1245","Russia","Soviet Union","MT-LB","destroyed","https://i.postimg.cc/dQ2tP35V/43d.png","2022-09-29",26,1156,1,"7-2611561","09/29/2022"
"1246","Russia","Soviet Union","MT-LB","destroyed","https://i.postimg.cc/BnmkrP58/43ff.jpg","2022-09-29",26,1157,1,"7-2611571","09/29/2022"
"1247","Russia","Soviet Union","MT-LB","destroyed","https://twitter.com/UAWeapons/status/1523774073813168129","2022-09-29",26,1158,1,"7-2611581","09/29/2022"
"1248","Russia","Soviet Union","MT-LB","destroyed","https://twitter.com/UAWeapons/status/1525557064176648205","2022-09-29",26,1159,1,"7-2611591","09/29/2022"
"1249","Russia","Soviet Union","MT-LB","destroyed","https://twitter.com/UAWeapons/status/1527624405009977344","2022-09-29",26,1160,1,"7-2611601","09/29/2022"
"1250","Russia","Soviet Union","MT-LB","destroyed","https://twitter.com/UAWeapons/status/1527977843837255680","2022-09-29",26,1161,1,"7-2611611","09/29/2022"
"1251","Russia","Soviet Union","MT-LB","destroyed","https://twitter.com/UAWeapons/status/1528686611050942466","2022-09-29",26,1162,1,"7-2611621","09/29/2022"
"1252","Russia","Soviet Union","MT-LB","destroyed","https://twitter.com/UAWeapons/status/1525929877966315520","2022-09-29",26,1163,1,"7-2611631","09/29/2022"
"1253","Russia","Soviet Union","MT-LB","destroyed","https://i.postimg.cc/3JJCTH8P/23.jpg","2022-09-29",26,1164,1,"7-2611641","09/29/2022"
"1254","Russia","Soviet Union","MT-LB","destroyed","https://i.postimg.cc/2yjvr4D4/1.jpg","2022-09-29",26,1165,1,"7-2611651","09/29/2022"
"1255","Russia","Soviet Union","MT-LB","destroyed","https://i.postimg.cc/W1xMgFGv/4.jpg","2022-09-29",26,1166,1,"7-2611661","09/29/2022"
"1256","Russia","Soviet Union","MT-LB","destroyed","https://twitter.com/UAWeapons/status/1530210208751951872","2022-09-29",26,1167,1,"7-2611671","09/29/2022"
"1257","Russia","Soviet Union","MT-LB","destroyed","https://i.postimg.cc/2SWdnnqh/j7.jpg","2022-09-29",26,1168,1,"7-2611681","09/29/2022"
"1258","Russia","Soviet Union","MT-LB","destroyed","https://i.postimg.cc/QNPYJMzg/h777.jpg","2022-09-29",26,1169,1,"7-2611691","09/29/2022"
"1259","Russia","Soviet Union","MT-LB","destroyed","https://twitter.com/UAWeapons/status/1541061368434106368","2022-09-29",26,389,1,"7-263891","09/29/2022"
"1260","Russia","Soviet Union","MT-LB","destroyed","https://postimg.cc/Pp6LzMNd","2022-09-29",26,1170,1,"7-2611701","09/29/2022"
"1261","Russia","Soviet Union","MT-LB","destroyed","https://i.postimg.cc/cHwQVqVN/e-Vsa-X8-T8-jpg-large.jpg","2022-09-29",26,1171,1,"7-2611711","09/29/2022"
"1262","Russia","Soviet Union","MT-LB","destroyed","https://i.postimg.cc/W4JrkLpJ/kmz.png","2022-09-29",26,1172,1,"7-2611721","09/29/2022"
"1263","Russia","Soviet Union","MT-LB","destroyed","https://i.postimg.cc/T31nT5Z0/mmtttllbb.jpg","2022-09-29",26,1173,1,"7-2611731","09/29/2022"
"1264","Russia","Soviet Union","MT-LB","destroyed","https://i.postimg.cc/RVXcrLbq/mtlbb.jpg","2022-09-29",26,1174,1,"7-2611741","09/29/2022"
"1265","Russia","Soviet Union","MT-LB","destroyed","https://i.postimg.cc/T2jV06VV/mttllbb.png","2022-09-29",26,1175,1,"7-2611751","09/29/2022"
"1266","Russia","Soviet Union","MT-LB","destroyed","https://i.postimg.cc/mkS7gYLX/n-AF2-QMi1-jpg-small.jpg","2022-09-29",26,1176,1,"7-2611761","09/29/2022"
"1267","Russia","Soviet Union","MT-LB","destroyed","https://i.postimg.cc/SNyWtvdw/p-ZU4-Guo-L-jpg-medium.jpg","2022-09-29",26,1177,1,"7-2611771","09/29/2022"
"1268","Russia","Soviet Union","MT-LB","destroyed","https://i.postimg.cc/htYTvPnB/ziqz0z-Ur-jpg-large.jpg","2022-09-29",26,1178,1,"7-2611781","09/29/2022"
"1269","Russia","Soviet Union","MT-LB","destroyed","https://i.postimg.cc/rppG85WP/2022-09-18-MT-LB-1.jpg","2022-09-29",26,1179,1,"7-2611791","09/29/2022"
"1270","Russia","Soviet Union","MT-LB","destroyed","https://twitter.com/UAWeapons/status/1540759573581008897","2022-09-29",26,1180,1,"7-2611801","09/29/2022"
"1271","Russia","Soviet Union","MT-LB","destroyed","https://twitter.com/UAWeapons/status/1537885697721241600","2022-09-29",26,1181,1,"7-2611811","09/29/2022"
"1272","Russia","Soviet Union","MT-LB","destroyed","https://twitter.com/UAWeapons/status/1538608332218458114","2022-09-29",26,1182,1,"7-2611821","09/29/2022"
"1273","Russia","Soviet Union","MT-LB","destroyed","https://twitter.com/UAWeapons/status/1537106678654672896","2022-09-29",26,1183,1,"7-2611831","09/29/2022"
"1274","Russia","Soviet Union","MT-LB","destroyed","https://twitter.com/UAWeapons/status/1536387180611895296","2022-09-29",26,1184,1,"7-2611841","09/29/2022"
"1275","Russia","Soviet Union","MT-LB","destroyed","https://twitter.com/UAWeapons/status/1542984634778148864","2022-09-29",26,1185,1,"7-2611851","09/29/2022"
"1276","Russia","Soviet Union","MT-LB","destroyed","https://twitter.com/RALee85/status/1542909107832766470","2022-09-29",26,1186,1,"7-2611861","09/29/2022"
"1277","Russia","Soviet Union","MT-LB","destroyed","https://twitter.com/Blue_Sauron/status/1543249912351145986","2022-09-29",26,1187,1,"7-2611871","09/29/2022"
"1278","Russia","Soviet Union","MT-LB","destroyed","https://twitter.com/UAWeapons/status/1543208793907122179","2022-09-29",26,1188,1,"7-2611881","09/29/2022"
"1279","Russia","Soviet Union","MT-LB","destroyed","https://twitter.com/UAWeapons/status/1544438189070352384","2022-09-29",26,1189,1,"7-2611891","09/29/2022"
"1280","Russia","Soviet Union","MT-LB","destroyed","https://twitter.com/UAWeapons/status/1545356472699289600","2022-09-29",26,1190,1,"7-2611901","09/29/2022"
"1281","Russia","Soviet Union","MT-LB","destroyed","https://twitter.com/Blue_Sauron/status/1545662172029673473","2022-09-29",26,1191,1,"7-2611911","09/29/2022"
"1282","Russia","Soviet Union","MT-LB","destroyed","https://twitter.com/Blue_Sauron/status/1545668249886474241","2022-09-29",26,1035,1,"7-2610351","09/29/2022"
"1283","Russia","Soviet Union","MT-LB","destroyed","https://twitter.com/UAWeapons/status/1546089606365552640","2022-09-29",26,1037,1,"7-2610371","09/29/2022"
"1284","Russia","Soviet Union","MT-LB","destroyed","https://i.postimg.cc/wMv4MPKW/1006.jpg","2022-09-29",26,1192,1,"7-2611921","09/29/2022"
"1285","Russia","Soviet Union","MT-LB","destroyed","https://i.postimg.cc/q7yrqVbh/1001.jpg","2022-09-29",26,848,1,"7-268481","09/29/2022"
"1286","Russia","Soviet Union","MT-LB","destroyed","https://i.postimg.cc/TPyPcvcf/1005.jpg","2022-09-29",26,1193,1,"7-2611931","09/29/2022"
"1287","Russia","Soviet Union","MT-LB","destroyed","https://i.postimg.cc/gJWPGKj7/1001.jpg","2022-09-29",26,1194,1,"7-2611941","09/29/2022"
"1288","Russia","Soviet Union","MT-LB","destroyed","https://i.postimg.cc/tTNGJVV4/1002.jpg","2022-09-29",26,1195,1,"7-2611951","09/29/2022"
"1289","Russia","Soviet Union","MT-LB","destroyed","https://i.postimg.cc/C5vyHT7y/1003.jpg","2022-09-29",26,1196,1,"7-2611961","09/29/2022"
"1290","Russia","Soviet Union","MT-LB","destroyed","https://i.postimg.cc/QxvsrFVB/1023-mtlb.jpg","2022-09-29",26,1197,1,"7-2611971","09/29/2022"
"1291","Russia","Soviet Union","MT-LB","destroyed","https://i.postimg.cc/QVL9CqcX/1004.jpg","2022-09-29",26,1198,1,"7-2611981","09/29/2022"
"1292","Russia","Soviet Union","MT-LB","destroyed","https://twitter.com/UAWeapons/status/1550928068444913671","2022-09-29",26,1199,1,"7-2611991","09/29/2022"
"1293","Russia","Soviet Union","MT-LB","destroyed","https://twitter.com/UAWeapons/status/1550928100623622146","2022-09-29",26,1200,1,"7-2612001","09/29/2022"
"1294","Russia","Soviet Union","MT-LB","destroyed","https://twitter.com/UAWeapons/status/1552403997805404166","2022-09-29",26,1201,1,"7-2612011","09/29/2022"
"1295","Russia","Soviet Union","MT-LB","destroyed","https://twitter.com/UAWeapons/status/1555931635752771590","2022-09-29",26,1202,1,"7-2612021","09/29/2022"
"1296","Russia","Soviet Union","MT-LB","destroyed","https://i.postimg.cc/h4kxGnK4/1000-mtlb.jpg","2022-09-29",26,1203,1,"7-2612031","09/29/2022"
"1297","Russia","Soviet Union","MT-LB","destroyed","https://postimg.cc/DmJpccjq","2022-09-29",26,1204,1,"7-2612041","09/29/2022"
"1298","Russia","Soviet Union","MT-LB","destroyed","https://postimg.cc/9rsFgVjL","2022-09-29",26,1205,1,"7-2612051","09/29/2022"
"1299","Russia","Soviet Union","MT-LB","destroyed","https://postimg.cc/svWvr1mk","2022-09-29",26,1206,1,"7-2612061","09/29/2022"
"1300","Russia","Soviet Union","MT-LB","destroyed","https://i.postimg.cc/m2xGjMj2/1006-mtlb.jpg","2022-09-29",26,1207,1,"7-2612071","09/29/2022"
"1301","Russia","Soviet Union","MT-LB","destroyed","https://twitter.com/UAWeapons/status/1557039848179089409","2022-09-29",26,1208,1,"7-2612081","09/29/2022"
"1302","Russia","Soviet Union","MT-LB","destroyed","https://twitter.com/UAWeapons/status/1557111929927237632","2022-09-29",26,693,1,"7-266931","09/29/2022"
"1303","Russia","Soviet Union","MT-LB","destroyed","https://twitter.com/UAWeapons/status/1557655485456719872","2022-09-29",26,1209,1,"7-2612091","09/29/2022"
"1304","Russia","Soviet Union","MT-LB","destroyed","https://twitter.com/UAWeapons/status/1557684866266939392","2022-09-29",26,1210,1,"7-2612101","09/29/2022"
"1305","Russia","Soviet Union","MT-LB","destroyed","https://i.postimg.cc/G90HDCsq/1003-Kam-AZ-truck-mtlb.jpg","2022-09-29",26,1211,1,"7-2612111","09/29/2022"
"1306","Russia","Soviet Union","MT-LB","destroyed","https://twitter.com/UAWeapons/status/1558891446144565250","2022-09-29",26,1212,1,"7-2612121","09/29/2022"
"1307","Russia","Soviet Union","MT-LB","destroyed","https://i.postimg.cc/xCbryzDv/1001-mtlb.jpg","2022-09-29",26,1213,1,"7-2612131","09/29/2022"
"1308","Russia","Soviet Union","MT-LB","destroyed","https://i.postimg.cc/QCGRjz0H/1015-mtlb.jpg","2022-09-29",26,1214,1,"7-2612141","09/29/2022"
"1309","Russia","Soviet Union","MT-LB","destroyed","https://i.postimg.cc/d3gbhKM5/1008-mtlb.jpg","2022-09-29",26,1215,1,"7-2612151","09/29/2022"
"1310","Russia","Soviet Union","MT-LB","destroyed","https://i.postimg.cc/yYjcTw9v/76.png","2022-09-29",26,1216,1,"7-2612161","09/29/2022"
"1311","Russia","Soviet Union","MT-LB","destroyed","https://twitter.com/RALee85/status/1561806644543094784","2022-09-29",26,1217,1,"7-2612171","09/29/2022"
"1312","Russia","Soviet Union","MT-LB","destroyed","https://i.postimg.cc/PxXR92jd/2022-09-23-MT-LB.jpg","2022-09-29",26,1218,1,"7-2612181","09/29/2022"
"1313","Russia","Soviet Union","MT-LB","destroyed","https://twitter.com/UAWeapons/status/1566165635507408896","2022-09-29",26,1219,1,"7-2612191","09/29/2022"
"1314","Russia","Soviet Union","MT-LB","destroyed","https://twitter.com/UAWeapons/status/1566166372069134338","2022-09-29",26,1220,1,"7-2612201","09/29/2022"
"1315","Russia","Soviet Union","MT-LB","destroyed","https://i.postimg.cc/3JHkr9Xx/1016-mtlb.jpg","2022-09-29",26,1221,1,"7-2612211","09/29/2022"
"1316","Russia","Soviet Union","MT-LB","destroyed","https://i.postimg.cc/1twyLhYc/1019-mtlb.jpg","2022-09-29",26,1222,1,"7-2612221","09/29/2022"
"1317","Russia","Soviet Union","MT-LB","destroyed","https://twitter.com/UAWeapons/status/1569335718853640195","2022-09-29",26,1223,1,"7-2612231","09/29/2022"
"1318","Russia","Soviet Union","MT-LB","destroyed","https://twitter.com/UAWeapons/status/1569414094624538628","2022-09-29",26,1224,1,"7-2612241","09/29/2022"
"1319","Russia","Soviet Union","MT-LB","destroyed","https://i.postimg.cc/JzGgQ9gs/1000-mtlb-2x.jpg","2022-09-29",26,1225,1,"7-2612251","09/29/2022"
"1320","Russia","Soviet Union","MT-LB","destroyed","https://i.postimg.cc/3JLVmKLM/1028-mtlb-2x.jpg","2022-09-29",26,1226,1,"7-2612261","09/29/2022"
"1321","Russia","Soviet Union","MT-LB","destroyed","https://twitter.com/UAWeapons/status/1569647344282378240","2022-09-29",26,1227,1,"7-2612271","09/29/2022"
"1322","Russia","Soviet Union","MT-LB","destroyed","https://i.postimg.cc/jdVP6gFW/1004-mtlb.jpg","2022-09-29",26,1228,1,"7-2612281","09/29/2022"
"1323","Russia","Soviet Union","MT-LB","destroyed","https://twitter.com/UAWeapons/status/1570506077929877504","2022-09-29",26,807,1,"7-268071","09/29/2022"
"1324","Russia","Soviet Union","MT-LB","destroyed","https://twitter.com/UAWeapons/status/1570427754566324225","2022-09-29",26,1229,1,"7-2612291","09/29/2022"
"1325","Russia","Soviet Union","MT-LB","destroyed","https://i.postimg.cc/sxTRRJ3g/2022-09-14-307095797-3212297189018838-4688457807291624709-n.jpg","2022-09-29",26,1230,1,"7-2612301","09/29/2022"
"1326","Russia","Soviet Union","MT-LB","destroyed","https://i.postimg.cc/Nj6L0vnn/2022-06-21-MT-LB-289464886-5355703454473280-413864912559350879-n.png","2022-09-29",26,1231,1,"7-2612311","09/29/2022"
"1327","Russia","Soviet Union","MT-LB","destroyed","https://i.postimg.cc/g2NvRCZs/2022-09-18-MT-LB-2.jpg","2022-09-29",26,1232,1,"7-2612321","09/29/2022"
"1328","Russia","Soviet Union","MT-LB","destroyed","https://twitter.com/UAWeapons/status/1572155780698341376","2022-09-29",26,1233,1,"7-2612331","09/29/2022"
"1329","Russia","Soviet Union","MT-LB","destroyed","https://twitter.com/UAWeapons/status/1572332220697948161","2022-09-29",26,505,1,"7-265051","09/29/2022"
"1330","Russia","Soviet Union","MT-LB","destroyed","https://twitter.com/UAWeapons/status/1573414860775624704","2022-09-29",26,1234,1,"7-2612341","09/29/2022"
"1331","Russia","Soviet Union","MT-LB","destroyed","https://i.postimg.cc/C5RgtJGf/1003-mtlb.jpg","2022-09-29",26,1235,1,"7-2612351","09/29/2022"
"1332","Russia","Soviet Union","MT-LB","destroyed","https://twitter.com/UAWeapons/status/1574379264819941376","2022-09-29",26,1082,1,"7-2610821","09/29/2022"
"1333","Russia","Soviet Union","MT-LB","damaged","https://twitter.com/UAWeapons/status/1538608332218458114","2022-09-29",26,1182,4,"7-2611824","09/29/2022"
"1334","Russia","Soviet Union","MT-LB","abandoned","https://postimg.cc/VS1KyzvW","2022-09-29",26,1236,2,"7-2612362","09/29/2022"
"1335","Russia","Soviet Union","MT-LB","abandoned","https://i.postimg.cc/yYY0Hk5C/73.jpg","2022-09-29",26,1237,2,"7-2612372","09/29/2022"
"1336","Russia","Soviet Union","MT-LB","abandoned","https://i.postimg.cc/1z6127Wh/h54.png","2022-09-29",26,1238,2,"7-2612382","09/29/2022"
"1337","Russia","Soviet Union","MT-LB","abandoned","https://i.postimg.cc/vHYqqTjM/544.png","2022-09-29",26,959,2,"7-269592","09/29/2022"
"1338","Russia","Soviet Union","MT-LB","abandoned","https://twitter.com/UAWeapons/status/1543208793907122179","2022-09-29",26,1188,2,"7-2611882","09/29/2022"
"1339","Russia","Soviet Union","MT-LB","abandoned","https://i.postimg.cc/MT7GfMmt/467.png","2022-09-29",26,1239,2,"7-2612392","09/29/2022"
"1340","Russia","Soviet Union","MT-LB","abandoned","https://i.postimg.cc/SRx4st8h/46805.png","2022-09-29",26,1240,2,"7-2612402","09/29/2022"
"1341","Russia","Soviet Union","MT-LB","abandoned","https://i.postimg.cc/44Pdb9wn/48.png","2022-09-29",26,1241,2,"7-2612412","09/29/2022"
"1342","Russia","Soviet Union","MT-LB","abandoned","https://i.postimg.cc/26bSBK7B/6j.png","2022-09-29",26,1242,2,"7-2612422","09/29/2022"
"1343","Russia","Soviet Union","MT-LB","abandoned","https://i.postimg.cc/JzjbsLP6/44313.jpg","2022-09-29",26,1243,2,"7-2612432","09/29/2022"
"1344","Russia","Soviet Union","MT-LB","abandoned","https://i.postimg.cc/sXXbnXYV/mtlba3.jpg","2022-09-29",26,1244,2,"7-2612442","09/29/2022"
"1345","Russia","Soviet Union","MT-LB","abandoned","https://i.postimg.cc/C5DtPkWd/f2.jpg","2022-09-29",26,1245,2,"7-2612452","09/29/2022"
"1346","Russia","Soviet Union","MT-LB","abandoned","https://i.postimg.cc/j5Bm4Z3G/f1.jpg","2022-09-29",26,1246,2,"7-2612462","09/29/2022"
"1347","Russia","Soviet Union","MT-LB","captured","https://i.postimg.cc/T121NnkK/mcap3.jpg","2022-09-29",26,1247,3,"7-2612473","09/29/2022"
"1348","Russia","Soviet Union","MT-LB","captured","https://i.postimg.cc/J0TnftgP/mcap5.jpg","2022-09-29",26,1248,3,"7-2612483","09/29/2022"
"1349","Russia","Soviet Union","MT-LB","captured","https://i.postimg.cc/qBGCcvmt/mtttlllbbbb.png","2022-09-29",26,1249,3,"7-2612493","09/29/2022"
"1350","Russia","Soviet Union","MT-LB","captured","https://i.postimg.cc/jS1fW3MZ/mttllbb.png","2022-09-29",26,1250,3,"7-2612503","09/29/2022"
"1351","Russia","Soviet Union","MT-LB","captured","https://i.postimg.cc/Mp8q36MR/mmttllbbb.jpg","2022-09-29",26,1251,3,"7-2612513","09/29/2022"
"1352","Russia","Soviet Union","MT-LB","captured","https://i.postimg.cc/QCgg1gFV/mttlbb.png","2022-09-29",26,1252,3,"7-2612523","09/29/2022"
"1353","Russia","Soviet Union","MT-LB","captured","https://i.postimg.cc/Dw6Cthym/mtllllllbb.jpg","2022-09-29",26,1253,3,"7-2612533","09/29/2022"
"1354","Russia","Soviet Union","MT-LB","captured","https://i.postimg.cc/mkWNPp20/mttlbb.jpg","2022-09-29",26,1254,3,"7-2612543","09/29/2022"
"1355","Russia","Soviet Union","MT-LB","captured","https://i.postimg.cc/NGCL3qJs/223.jpg","2022-09-29",26,1255,3,"7-2612553","09/29/2022"
"1356","Russia","Soviet Union","MT-LB","captured","https://i.postimg.cc/Y0T6mhg2/887.jpg","2022-09-29",26,1256,3,"7-2612563","09/29/2022"
"1357","Russia","Soviet Union","MT-LB","captured","https://i.postimg.cc/KYjm92YL/998.jpg","2022-09-29",26,1257,3,"7-2612573","09/29/2022"
"1358","Russia","Soviet Union","MT-LB","captured","https://i.postimg.cc/rF926ys3/d11.jpg","2022-09-29",26,1258,3,"7-2612583","09/29/2022"
"1359","Russia","Soviet Union","MT-LB","captured","https://i.postimg.cc/TYbyywLR/284.png","2022-09-29",26,1259,3,"7-2612593","09/29/2022"
"1360","Russia","Soviet Union","MT-LB","captured","https://i.postimg.cc/Y0G7hqd2/431f.jpg","2022-09-29",26,1260,3,"7-2612603","09/29/2022"
"1361","Russia","Soviet Union","MT-LB","captured","https://i.postimg.cc/yxQ7Tpk8/328.jpg","2022-09-29",26,1261,3,"7-2612613","09/29/2022"
"1362","Russia","Soviet Union","MT-LB","captured","https://postimg.cc/k2np4knK","2022-09-29",26,1262,3,"7-2612623","09/29/2022"
"1363","Russia","Soviet Union","MT-LB","captured","https://i.postimg.cc/GhcXwc5b/47.png","2022-09-29",26,1263,3,"7-2612633","09/29/2022"
"1364","Russia","Soviet Union","MT-LB","captured","https://twitter.com/UAWeapons/status/1529865401072590848","2022-09-29",26,1264,3,"7-2612643","09/29/2022"
"1365","Russia","Soviet Union","MT-LB","captured","https://i.postimg.cc/BbNYQPQc/hh6.png","2022-09-29",26,1265,3,"7-2612653","09/29/2022"
"1366","Russia","Soviet Union","MT-LB","captured","https://i.postimg.cc/sx950sSB/Screenshot-8457.png","2022-09-29",26,1266,3,"7-2612663","09/29/2022"
"1367","Russia","Soviet Union","MT-LB","captured","https://i.postimg.cc/wTYJPs3P/Screenshot-8472.png","2022-09-29",26,1267,3,"7-2612673","09/29/2022"
"1368","Russia","Soviet Union","MT-LB","captured","https://i.postimg.cc/zfR1wLP0/3d.png","2022-09-29",26,1268,3,"7-2612683","09/29/2022"
"1369","Russia","Soviet Union","MT-LB","captured","https://i.postimg.cc/VLGGrwbj/h652.png","2022-09-29",26,1269,3,"7-2612693","09/29/2022"
"1370","Russia","Soviet Union","MT-LB","captured","https://i.postimg.cc/0NQJNZ6L/499.png","2022-09-29",26,1270,3,"7-2612703","09/29/2022"
"1371","Russia","Soviet Union","MT-LB","captured","https://i.postimg.cc/2jhR1hxm/1003-mtlb.jpg","2022-09-29",26,1271,3,"7-2612713","09/29/2022"
"1372","Russia","Soviet Union","MT-LB","captured","https://postimg.cc/LhJKL51n","2022-09-29",26,1272,3,"7-2612723","09/29/2022"
"1373","Russia","Soviet Union","MT-LB","captured","https://i.postimg.cc/59rtbb1q/7u.png","2022-09-29",26,1273,3,"7-2612733","09/29/2022"
"1374","Russia","Soviet Union","MT-LB","captured","https://i.postimg.cc/yd17Cb3g/556.png","2022-09-29",26,1274,3,"7-2612743","09/29/2022"
"1375","Russia","Soviet Union","MT-LB","captured","https://i.postimg.cc/R08pWBP4/4f13.png","2022-09-29",26,1275,3,"7-2612753","09/29/2022"
"1376","Russia","Soviet Union","MT-LB","captured","https://i.postimg.cc/8P8dYp4t/33190.png","2022-09-29",26,1276,3,"7-2612763","09/29/2022"
"1377","Russia","Soviet Union","MT-LB","captured","https://i.postimg.cc/25LrRT0N/159.png","2022-09-29",26,1277,3,"7-2612773","09/29/2022"
"1378","Russia","Soviet Union","MT-LB","captured","https://i.postimg.cc/zBV1Nswm/4178.png","2022-09-29",26,1278,3,"7-2612783","09/29/2022"
"1379","Russia","Soviet Union","MT-LB","captured","https://i.postimg.cc/mk6zFPwD/3256.png","2022-09-29",26,1279,3,"7-2612793","09/29/2022"
"1380","Russia","Soviet Union","MT-LB","captured","https://i.postimg.cc/NFpFq3xL/f5.png","2022-09-29",26,1280,3,"7-2612803","09/29/2022"
"1381","Russia","Soviet Union","MT-LB","captured","https://i.postimg.cc/MpFFy9Nx/d776.jpg","2022-09-29",26,1281,3,"7-2612813","09/29/2022"
"1382","Russia","Soviet Union","MT-LB","captured","https://i.postimg.cc/TwPYMJ20/327.png","2022-09-29",26,1282,3,"7-2612823","09/29/2022"
"1383","Russia","Soviet Union","MT-LB","captured","https://i.postimg.cc/VvX9cCkf/1001.jpg","2022-09-29",26,1283,3,"7-2612833","09/29/2022"
"1384","Russia","Soviet Union","MT-LB","captured","https://i.postimg.cc/hGSbqkz3/gm.jpg","2022-09-29",26,1284,3,"7-2612843","09/29/2022"
"1385","Russia","Soviet Union","MT-LB","captured","https://i.postimg.cc/htrfGgST/4f2.png","2022-09-29",26,1285,3,"7-2612853","09/29/2022"
"1386","Russia","Soviet Union","MT-LB","captured","https://i.postimg.cc/HL8ssP7K/2113.jpg","2022-09-29",26,1286,3,"7-2612863","09/29/2022"
"1387","Russia","Soviet Union","MT-LB","captured","https://i.postimg.cc/W3F7bj2Z/689.jpg","2022-09-29",26,1287,3,"7-2612873","09/29/2022"
"1388","Russia","Soviet Union","MT-LB","captured","https://i.postimg.cc/jdLY52gL/83.jpg","2022-09-29",26,1288,3,"7-2612883","09/29/2022"
"1389","Russia","Soviet Union","MT-LB","captured","https://twitter.com/UAWeapons/status/1553687272817659906","2022-09-29",26,1289,3,"7-2612893","09/29/2022"
"1390","Russia","Soviet Union","MT-LB","captured","https://i.postimg.cc/PNGV1q9Y/1005-mtlb.jpg","2022-09-29",26,1290,3,"7-2612903","09/29/2022"
"1391","Russia","Soviet Union","MT-LB","captured","https://i.postimg.cc/0y71Y84h/1001-mtlb.jpg","2022-09-29",26,1291,3,"7-2612913","09/29/2022"
"1392","Russia","Soviet Union","MT-LB","captured","https://i.postimg.cc/mkWRdTrm/1008.jpg","2022-09-29",26,1292,3,"7-2612923","09/29/2022"
"1393","Russia","Soviet Union","MT-LB","captured","https://i.postimg.cc/63qWGyGT/4331.jpg","2022-09-29",26,1293,3,"7-2612933","09/29/2022"
"1394","Russia","Soviet Union","MT-LB","captured","https://postimg.cc/NL86gZDS","2022-09-29",26,1294,3,"7-2612943","09/29/2022"
"1395","Russia","Soviet Union","MT-LB","captured","https://i.postimg.cc/3N7mRGKv/dv.jpg","2022-09-29",26,1295,3,"7-2612953","09/29/2022"
"1396","Russia","Soviet Union","MT-LB","captured","https://i.postimg.cc/W429dwZ6/v9.png","2022-09-29",26,1296,3,"7-2612963","09/29/2022"
"1397","Russia","Soviet Union","MT-LB","captured","https://i.postimg.cc/v8rV0sFZ/5t.jpg","2022-09-29",26,1297,3,"7-2612973","09/29/2022"
"1398","Russia","Soviet Union","MT-LB","captured","https://i.postimg.cc/d1d6qZKQ/558.png","2022-09-29",26,1298,3,"7-2612983","09/29/2022"
"1399","Russia","Soviet Union","MT-LB","captured","https://i.postimg.cc/3xDYnyx3/mtlbb.png","2022-09-29",26,1299,3,"7-2612993","09/29/2022"
"1400","Russia","Soviet Union","MT-LB","captured","https://i.postimg.cc/63TX4Tgs/mtlbbb.png","2022-09-29",26,1300,3,"7-2613003","09/29/2022"
"1401","Russia","Soviet Union","MT-LB","captured","https://i.postimg.cc/hP378d9t/1002-mtlb.jpg","2022-09-29",26,1301,3,"7-2613013","09/29/2022"
"1402","Russia","Soviet Union","MT-LB","captured","https://i.postimg.cc/FFMGvhv9/1001-mtlb.jpg","2022-09-29",26,1302,3,"7-2613023","09/29/2022"
"1403","Russia","Soviet Union","MT-LB","captured","https://twitter.com/UAWeapons/status/1568352148102025217","2022-09-29",26,489,3,"7-264893","09/29/2022"
"1404","Russia","Soviet Union","MT-LB","captured","https://i.postimg.cc/hj8F3KDf/1025-mtlb.jpg","2022-09-29",26,1303,3,"7-2613033","09/29/2022"
"1405","Russia","Soviet Union","MT-LB","captured","https://twitter.com/UAWeapons/status/1568985785176571913","2022-09-29",26,1304,3,"7-2613043","09/29/2022"
"1406","Russia","Soviet Union","MT-LB","captured","https://twitter.com/UAWeapons/status/1568899212976201728","2022-09-29",26,1305,3,"7-2613053","09/29/2022"
"1407","Russia","Soviet Union","MT-LB","captured","https://twitter.com/UAWeapons/status/1568899223139110913","2022-09-29",26,1306,3,"7-2613063","09/29/2022"
"1408","Russia","Soviet Union","MT-LB","captured","https://twitter.com/UAWeapons/status/1569058662869516289","2022-09-29",26,1307,3,"7-2613073","09/29/2022"
"1409","Russia","Soviet Union","MT-LB","captured","https://twitter.com/UAWeapons/status/1569069209724030976","2022-09-29",26,1308,3,"7-2613083","09/29/2022"
"1410","Russia","Soviet Union","MT-LB","captured","https://twitter.com/UAWeapons/status/1569229402860552192","2022-09-29",26,717,3,"7-267173","09/29/2022"
"1411","Russia","Soviet Union","MT-LB","captured","https://twitter.com/UAWeapons/status/1569618856687058945","2022-09-29",26,247,3,"7-262473","09/29/2022"
"1412","Russia","Soviet Union","MT-LB","captured","https://twitter.com/UAWeapons/status/1569381077759807489","2022-09-29",26,1112,3,"7-2611123","09/29/2022"
"1413","Russia","Soviet Union","MT-LB","captured","https://twitter.com/UAWeapons/status/1569229412205215744","2022-09-29",26,1309,3,"7-2613093","09/29/2022"
"1414","Russia","Soviet Union","MT-LB","captured","https://i.postimg.cc/dQ8GPxT2/2022-09-18-MT-LB-245.jpg","2022-09-29",26,1310,3,"7-2613103","09/29/2022"
"1415","Russia","Soviet Union","MT-LB","damaged","https://i.postimg.cc/XqCXBHXQ/1005-mtlb.jpg","2022-09-29",26,1311,4,"7-2613114","09/29/2022"
"1416","Russia","Soviet Union","MT-LB","captured","https://i.postimg.cc/XqCXBHXQ/1005-mtlb.jpg","2022-09-29",26,1311,3,"7-2613113","09/29/2022"
"1417","Russia","Soviet Union","MT-LB","captured","https://i.postimg.cc/J0J8nHnJ/1004-mtlb.jpg","2022-09-29",26,1312,3,"7-2613123","09/29/2022"
"1418","Russia","Soviet Union","MT-LB","captured","https://twitter.com/UAWeapons/status/1570152367915692033","2022-09-29",26,1313,3,"7-2613133","09/29/2022"
"1419","Russia","Soviet Union","MT-LB","captured","https://postimg.cc/5Yd8w937","2022-09-29",26,1314,3,"7-2613143","09/29/2022"
"1420","Russia","Soviet Union","MT-LB","captured","https://twitter.com/UAWeapons/status/1570342741913268225","2022-09-29",26,1315,3,"7-2613153","09/29/2022"
"1421","Russia","Soviet Union","MT-LB","captured","https://twitter.com/UAWeapons/status/1570423464971976705","2022-09-29",26,942,3,"7-269423","09/29/2022"
"1422","Russia","Soviet Union","MT-LB","captured","https://i.postimg.cc/PqSCgvBz/1003-mtlb.jpg","2022-09-29",26,1316,3,"7-2613163","09/29/2022"
"1423","Russia","Soviet Union","MT-LB","captured","https://twitter.com/UAWeapons/status/1570808949737394178","2022-09-29",26,809,3,"7-268093","09/29/2022"
"1424","Russia","Soviet Union","MT-LB","captured","https://twitter.com/UAWeapons/status/1571071832530505728","2022-09-29",26,500,3,"7-265003","09/29/2022"
"1425","Russia","Soviet Union","MT-LB","captured","https://twitter.com/UAWeapons/status/1571109617186541572","2022-09-29",26,1317,3,"7-2613173","09/29/2022"
"1426","Russia","Soviet Union","MT-LB","captured","https://i.postimg.cc/3JyhPFCR/2022-09-14-306889955-5387493924698347-491673469679484211-n.jpg","2022-09-29",26,1318,3,"7-2613183","09/29/2022"
"1427","Russia","Soviet Union","MT-LB","captured","https://twitter.com/UAWeapons/status/1571503345851924485","2022-09-29",26,1319,3,"7-2613193","09/29/2022"
"1428","Russia","Soviet Union","MT-LB","captured","https://twitter.com/UAWeapons/status/1571505879068942338","2022-09-29",26,1320,3,"7-2613203","09/29/2022"
"1429","Russia","Soviet Union","MT-LB","captured","https://i.postimg.cc/02bYDkvN/2022-09-17-MT-LB.png","2022-09-29",26,1321,3,"7-2613213","09/29/2022"
"1430","Russia","Soviet Union","MT-LB","damaged","https://twitter.com/naalsio26/status/1572364529723666435","2022-09-29",26,1322,4,"7-2613224","09/29/2022"
"1431","Russia","Soviet Union","MT-LB","captured","https://twitter.com/naalsio26/status/1572364529723666435","2022-09-29",26,1322,3,"7-2613223","09/29/2022"
"1432","Russia","Soviet Union","MT-LB","captured","https://twitter.com/UAWeapons/status/1572671983057510400","2022-09-29",26,768,3,"7-267683","09/29/2022"
"1433","Russia","Soviet Union","MT-LB","captured","https://twitter.com/UAWeapons/status/1572936489314426883","2022-09-29",26,1323,3,"7-2613233","09/29/2022"
"1434","Russia","Soviet Union","MT-LB","captured","https://i.postimg.cc/YqjffLqd/2022-09-24-MT-LB-313.jpg","2022-09-29",26,1324,3,"7-2613243","09/29/2022"
"1435","Russia","Soviet Union","MT-LB","captured","https://i.postimg.cc/m2SvVHJz/1004-mtlb.jpg","2022-09-29",26,1325,3,"7-2613253","09/29/2022"
"1436","Russia","Soviet Union","MT-LB","damaged","https://i.postimg.cc/BvPfD5JP/1004-mtlb.jpg","2022-09-29",26,1326,4,"7-2613264","09/29/2022"
"1437","Russia","Soviet Union","MT-LB","captured","https://i.postimg.cc/BvPfD5JP/1004-mtlb.jpg","2022-09-29",26,1326,3,"7-2613263","09/29/2022"
"1438","Russia","Soviet Union","MT-LB","captured","https://twitter.com/UAWeapons/status/1575163897564188677","2022-09-29",26,1327,3,"7-2613273","09/29/2022"
"1439","Russia","Soviet Union","MT-LB","damaged","https://i.postimg.cc/tgrDNJxG/2022-09-28-MT-LBVM.jpg","2022-09-29",26,1328,4,"7-2613284","09/29/2022"
"1440","Russia","Soviet Union","MT-LB","captured","https://i.postimg.cc/tgrDNJxG/2022-09-28-MT-LBVM.jpg","2022-09-29",26,1328,3,"7-2613283","09/29/2022"
"1441","Russia","Soviet Union","MT-LB","captured","https://i.postimg.cc/tgd3P60v/MT-LB-Izium.png","2022-09-29",26,1329,3,"7-2613293","09/29/2022"
"1442","Russia","Soviet Union","111 MT-LBVM and MT-LBVMK","destroyed","https://i.postimg.cc/0QPGdgX4/6658.png","2022-09-29",27,1330,1,"7-2713301","09/29/2022"
"1443","Russia","Soviet Union","111 MT-LBVM and MT-LBVMK","destroyed","https://i.postimg.cc/s21mgccV/1005.jpg","2022-09-29",27,1331,1,"7-2713311","09/29/2022"
"1444","Russia","Soviet Union","111 MT-LBVM and MT-LBVMK","destroyed","https://i.postimg.cc/PqKBYrNJ/357.png","2022-09-29",27,1332,1,"7-2713321","09/29/2022"
"1445","Russia","Soviet Union","111 MT-LBVM and MT-LBVMK","destroyed","https://i.postimg.cc/x86mN0TW/c13.jpg","2022-09-29",27,1333,1,"7-2713331","09/29/2022"
"1446","Russia","Soviet Union","111 MT-LBVM and MT-LBVMK","destroyed","https://i.postimg.cc/prBcbgMK/4131.png","2022-09-29",27,1334,1,"7-2713341","09/29/2022"
"1447","Russia","Soviet Union","111 MT-LBVM and MT-LBVMK","destroyed","https://i.postimg.cc/j5vFZVn2/86.png","2022-09-29",27,1335,1,"7-2713351","09/29/2022"
"1448","Russia","Soviet Union","111 MT-LBVM and MT-LBVMK","destroyed","https://i.postimg.cc/Hn8wz5qv/51.png","2022-09-29",27,1336,1,"7-2713361","09/29/2022"
"1449","Russia","Soviet Union","111 MT-LBVM and MT-LBVMK","destroyed","https://i.postimg.cc/HLVn9Mqn/777.jpg","2022-09-29",27,1337,1,"7-2713371","09/29/2022"
"1450","Russia","Soviet Union","111 MT-LBVM and MT-LBVMK","destroyed","https://i.postimg.cc/d14vc0zg/412.png","2022-09-29",27,1338,1,"7-2713381","09/29/2022"
"1451","Russia","Soviet Union","111 MT-LBVM and MT-LBVMK","destroyed","https://i.postimg.cc/mg7rsYXp/mtlbb1.png","2022-09-29",27,1339,1,"7-2713391","09/29/2022"
"1452","Russia","Soviet Union","111 MT-LBVM and MT-LBVMK","destroyed","https://i.postimg.cc/RCGKrB6J/mmtlb.png","2022-09-29",27,1340,1,"7-2713401","09/29/2022"
"1453","Russia","Soviet Union","111 MT-LBVM and MT-LBVMK","destroyed","https://i.postimg.cc/rw1nCrBC/687.jpg","2022-09-29",27,1341,1,"7-2713411","09/29/2022"
"1454","Russia","Soviet Union","111 MT-LBVM and MT-LBVMK","destroyed","https://i.postimg.cc/ZYVv2xcH/f211.jpg","2022-09-29",27,1342,1,"7-2713421","09/29/2022"
"1455","Russia","Soviet Union","111 MT-LBVM and MT-LBVMK","destroyed","https://i.postimg.cc/fRnQPZnN/7.jpg","2022-09-29",27,1343,1,"7-2713431","09/29/2022"
"1456","Russia","Soviet Union","111 MT-LBVM and MT-LBVMK","destroyed","https://postimg.cc/DSY3kXtc","2022-09-29",27,1344,1,"7-2713441","09/29/2022"
"1457","Russia","Soviet Union","111 MT-LBVM and MT-LBVMK","destroyed","https://postimg.cc/py5LcCjL","2022-09-29",27,1345,1,"7-2713451","09/29/2022"
"1458","Russia","Soviet Union","111 MT-LBVM and MT-LBVMK","destroyed","https://i.postimg.cc/597GBcKW/65g.jpg","2022-09-29",27,1346,1,"7-2713461","09/29/2022"
"1459","Russia","Soviet Union","111 MT-LBVM and MT-LBVMK","destroyed","https://i.postimg.cc/4dCxC0ZF/d1.jpg","2022-09-29",27,1347,1,"7-2713471","09/29/2022"
"1460","Russia","Soviet Union","111 MT-LBVM and MT-LBVMK","destroyed","https://i.postimg.cc/2S0vn39r/887.jpg","2022-09-29",27,1348,1,"7-2713481","09/29/2022"
"1461","Russia","Soviet Union","111 MT-LBVM and MT-LBVMK","destroyed","https://i.postimg.cc/WbjMVs5J/9986.jpg","2022-09-29",27,1349,1,"7-2713491","09/29/2022"
"1462","Russia","Soviet Union","111 MT-LBVM and MT-LBVMK","destroyed","https://i.postimg.cc/htHz1zp6/3f6.png","2022-09-29",27,1350,1,"7-2713501","09/29/2022"
"1463","Russia","Soviet Union","111 MT-LBVM and MT-LBVMK","destroyed","https://twitter.com/UAWeapons/status/1525961832313278465","2022-09-29",27,675,1,"7-276751","09/29/2022"
"1464","Russia","Soviet Union","111 MT-LBVM and MT-LBVMK","destroyed","https://i.postimg.cc/kghwkGGL/776.png","2022-09-29",27,1351,1,"7-2713511","09/29/2022"
"1465","Russia","Soviet Union","111 MT-LBVM and MT-LBVMK","destroyed","https://twitter.com/UAWeapons/status/1529115101294387202","2022-09-29",27,1352,1,"7-2713521","09/29/2022"
"1466","Russia","Soviet Union","111 MT-LBVM and MT-LBVMK","destroyed","https://postimg.cc/dhgGwzc1","2022-09-29",27,1353,1,"7-2713531","09/29/2022"
"1467","Russia","Soviet Union","111 MT-LBVM and MT-LBVMK","destroyed","https://postimg.cc/T5J2K5s1","2022-09-29",27,1354,1,"7-2713541","09/29/2022"
"1468","Russia","Soviet Union","111 MT-LBVM and MT-LBVMK","destroyed","https://i.postimg.cc/59Dp0xqF/1004-mtlbvmk.jpg","2022-09-29",27,1355,1,"7-2713551","09/29/2022"
"1469","Russia","Soviet Union","111 MT-LBVM and MT-LBVMK","destroyed","https://i.postimg.cc/XvNkhX3t/1005-mtlbvmk.jpg","2022-09-29",27,1356,1,"7-2713561","09/29/2022"
"1470","Russia","Soviet Union","111 MT-LBVM and MT-LBVMK","destroyed","https://i.postimg.cc/Jnzrgm8N/1000-mtlblvmk.jpg","2022-09-29",27,1357,1,"7-2713571","09/29/2022"
"1471","Russia","Soviet Union","111 MT-LBVM and MT-LBVMK","destroyed","https://postimg.cc/fVskJGFk","2022-09-29",27,1358,1,"7-2713581","09/29/2022"
"1472","Russia","Soviet Union","111 MT-LBVM and MT-LBVMK","destroyed","https://postimg.cc/3W3v7cbv","2022-09-29",27,1359,1,"7-2713591","09/29/2022"
"1473","Russia","Soviet Union","111 MT-LBVM and MT-LBVMK","destroyed","https://i.postimg.cc/GprT4q23/1006-mtlbvmk.jpg","2022-09-29",27,1360,1,"7-2713601","09/29/2022"
"1474","Russia","Soviet Union","111 MT-LBVM and MT-LBVMK","destroyed","https://i.postimg.cc/MKGTYTHn/1004-MT-LBVMK.jpg","2022-09-29",27,1361,1,"7-2713611","09/29/2022"
"1475","Russia","Soviet Union","111 MT-LBVM and MT-LBVMK","destroyed","https://i.postimg.cc/Jnt7Ns5w/1001-mtlb.jpg","2022-09-29",27,1362,1,"7-2713621","09/29/2022"
"1476","Russia","Soviet Union","111 MT-LBVM and MT-LBVMK","destroyed","https://i.postimg.cc/nrNx54P2/1018-bmp2.jpg","2022-09-29",27,1363,1,"7-2713631","09/29/2022"
"1477","Russia","Soviet Union","111 MT-LBVM and MT-LBVMK","destroyed","https://i.postimg.cc/65NF4JHb/1.png","2022-09-29",27,1364,1,"7-2713641","09/29/2022"
"1478","Russia","Soviet Union","111 MT-LBVM and MT-LBVMK","abandoned","https://i.postimg.cc/bwfz3Gyx/mtlba1.jpg","2022-09-29",27,1365,2,"7-2713652","09/29/2022"
"1479","Russia","Soviet Union","111 MT-LBVM and MT-LBVMK","abandoned","https://i.postimg.cc/Y21qgqY7/7766.jpg","2022-09-29",27,1366,2,"7-2713662","09/29/2022"
"1480","Russia","Soviet Union","111 MT-LBVM and MT-LBVMK","abandoned","https://i.postimg.cc/ZRgTChvT/f24.png","2022-09-29",27,1367,2,"7-2713672","09/29/2022"
"1481","Russia","Soviet Union","111 MT-LBVM and MT-LBVMK","abandoned","https://i.postimg.cc/mrJwQRQ2/f69.png","2022-09-29",27,1368,2,"7-2713682","09/29/2022"
"1482","Russia","Soviet Union","111 MT-LBVM and MT-LBVMK","abandoned","https://i.postimg.cc/43RcYDPt/m2.png","2022-09-29",27,1369,2,"7-2713692","09/29/2022"
"1483","Russia","Soviet Union","111 MT-LBVM and MT-LBVMK","abandoned","https://i.postimg.cc/mr3HCmpn/m3.png","2022-09-29",27,1370,2,"7-2713702","09/29/2022"
"1484","Russia","Soviet Union","111 MT-LBVM and MT-LBVMK","abandoned","https://i.postimg.cc/3RqpkBLf/329.png","2022-09-29",27,1371,2,"7-2713712","09/29/2022"
"1485","Russia","Soviet Union","111 MT-LBVM and MT-LBVMK","abandoned","https://i.postimg.cc/2SdCJzyP/mtlba2.jpg","2022-09-29",27,1372,2,"7-2713722","09/29/2022"
"1486","Russia","Soviet Union","111 MT-LBVM and MT-LBVMK","damaged","https://postimg.cc/mP4082r3","2022-09-29",27,1373,4,"7-2713734","09/29/2022"
"1487","Russia","Soviet Union","111 MT-LBVM and MT-LBVMK","captured","https://postimg.cc/mP4082r3","2022-09-29",27,1373,3,"7-2713733","09/29/2022"
"1488","Russia","Soviet Union","111 MT-LBVM and MT-LBVMK","captured","https://i.postimg.cc/prDZ3Csm/32.jpg","2022-09-29",27,1374,3,"7-2713743","09/29/2022"
"1489","Russia","Soviet Union","111 MT-LBVM and MT-LBVMK","captured","https://i.postimg.cc/0jsMpJvw/48j.png","2022-09-29",27,1375,3,"7-2713753","09/29/2022"
"1490","Russia","Soviet Union","111 MT-LBVM and MT-LBVMK","captured","https://i.postimg.cc/R0zbsmLL/6659.png","2022-09-29",27,1376,3,"7-2713763","09/29/2022"
"1491","Russia","Soviet Union","111 MT-LBVM and MT-LBVMK","captured","https://i.postimg.cc/MGBV9R2s/4fs.png","2022-09-29",27,1377,3,"7-2713773","09/29/2022"
"1492","Russia","Soviet Union","111 MT-LBVM and MT-LBVMK","captured","https://i.postimg.cc/1tVLvyy0/764.png","2022-09-29",27,1378,3,"7-2713783","09/29/2022"
"1493","Russia","Soviet Union","111 MT-LBVM and MT-LBVMK","captured","https://i.postimg.cc/vTgL7mXg/76.jpg","2022-09-29",27,1379,3,"7-2713793","09/29/2022"
"1494","Russia","Soviet Union","111 MT-LBVM and MT-LBVMK","captured","https://i.postimg.cc/RVc03z28/m2.png","2022-09-29",27,1380,3,"7-2713803","09/29/2022"
"1495","Russia","Soviet Union","111 MT-LBVM and MT-LBVMK","captured","https://i.postimg.cc/6qszKVTq/m11.png","2022-09-29",27,1381,3,"7-2713813","09/29/2022"
"1496","Russia","Soviet Union","111 MT-LBVM and MT-LBVMK","captured","https://i.postimg.cc/15BnwV6D/6hd.png","2022-09-29",27,1382,3,"7-2713823","09/29/2022"
"1497","Russia","Soviet Union","111 MT-LBVM and MT-LBVMK","captured","https://i.postimg.cc/W43P9JBg/311.png","2022-09-29",27,1383,3,"7-2713833","09/29/2022"
"1498","Russia","Soviet Union","111 MT-LBVM and MT-LBVMK","captured","https://i.postimg.cc/g0ZTbDyL/Screenshot-8648.png","2022-09-29",27,1384,3,"7-2713843","09/29/2022"
"1499","Russia","Soviet Union","111 MT-LBVM and MT-LBVMK","captured","https://i.postimg.cc/FRzrgz2x/y1.jpg","2022-09-29",27,1385,3,"7-2713853","09/29/2022"
"1500","Russia","Soviet Union","111 MT-LBVM and MT-LBVMK","captured","https://i.postimg.cc/rpgr934n/461.png","2022-09-29",27,1386,3,"7-2713863","09/29/2022"
"1501","Russia","Soviet Union","111 MT-LBVM and MT-LBVMK","captured","https://i.postimg.cc/C5QvvLdV/f56.png","2022-09-29",27,1387,3,"7-2713873","09/29/2022"
"1502","Russia","Soviet Union","111 MT-LBVM and MT-LBVMK","captured","https://i.postimg.cc/tT5WmDRj/cd.jpg","2022-09-29",27,1388,3,"7-2713883","09/29/2022"
"1503","Russia","Soviet Union","111 MT-LBVM and MT-LBVMK","captured","https://twitter.com/UAWeapons/status/1570808949737394178","2022-09-29",27,809,3,"7-278093","09/29/2022"
"1504","Russia","Soviet Union","111 MT-LBVM and MT-LBVMK","captured","https://i.postimg.cc/pLnGNjf0/77600.png","2022-09-29",27,1389,3,"7-2713893","09/29/2022"
"1505","Russia","Soviet Union","111 MT-LBVM and MT-LBVMK","captured","https://i.postimg.cc/CxQFG5Cj/4369.png","2022-09-29",27,1390,3,"7-2713903","09/29/2022"
"1506","Russia","Soviet Union","111 MT-LBVM and MT-LBVMK","captured","https://i.postimg.cc/yYgXB2kP/87.jpg","2022-09-29",27,1391,3,"7-2713913","09/29/2022"
"1507","Russia","Soviet Union","111 MT-LBVM and MT-LBVMK","captured","https://twitter.com/UAWeapons/status/1554001444491198464","2022-09-29",27,1392,3,"7-2713923","09/29/2022"
"1508","Russia","Soviet Union","111 MT-LBVM and MT-LBVMK","captured","https://i.postimg.cc/Rh92LGYG/578.png","2022-09-29",27,1393,3,"7-2713933","09/29/2022"
"1509","Russia","Soviet Union","111 MT-LBVM and MT-LBVMK","captured","https://i.postimg.cc/x1VVwZV9/790.jpg","2022-09-29",27,1394,3,"7-2713943","09/29/2022"
"1510","Russia","Soviet Union","111 MT-LBVM and MT-LBVMK","captured","https://i.postimg.cc/8kFc6Lh0/5579.png","2022-09-29",27,1395,3,"7-2713953","09/29/2022"
"1511","Russia","Soviet Union","111 MT-LBVM and MT-LBVMK","captured","https://i.postimg.cc/CMtw34vs/v1.png","2022-09-29",27,1396,3,"7-2713963","09/29/2022"
"1512","Russia","Soviet Union","111 MT-LBVM and MT-LBVMK","captured","https://i.postimg.cc/vZwbBZw1/v2.png","2022-09-29",27,1397,3,"7-2713973","09/29/2022"
"1513","Russia","Soviet Union","111 MT-LBVM and MT-LBVMK","captured","https://i.postimg.cc/2SdmBNC0/v3.png","2022-09-29",27,1398,3,"7-2713983","09/29/2022"
"1514","Russia","Soviet Union","111 MT-LBVM and MT-LBVMK","captured","https://i.postimg.cc/2yLzBnbf/297.png","2022-09-29",27,1399,3,"7-2713993","09/29/2022"
"1515","Russia","Soviet Union","111 MT-LBVM and MT-LBVMK","captured","https://i.postimg.cc/XqDZK50g/431t.png","2022-09-29",27,1400,3,"7-2714003","09/29/2022"
"1516","Russia","Soviet Union","111 MT-LBVM and MT-LBVMK","captured","https://i.postimg.cc/768Vvfb9/2h.png","2022-09-29",27,1401,3,"7-2714013","09/29/2022"
"1517","Russia","Soviet Union","111 MT-LBVM and MT-LBVMK","captured","https://i.postimg.cc/g0BW5skr/MTLB.png","2022-09-29",27,1402,3,"7-2714023","09/29/2022"
"1518","Russia","Soviet Union","111 MT-LBVM and MT-LBVMK","captured","https://i.postimg.cc/zDxckvvX/23.jpg","2022-09-29",27,1403,3,"7-2714033","09/29/2022"
"1519","Russia","Soviet Union","111 MT-LBVM and MT-LBVMK","captured","https://postimg.cc/hh2vkcP8","2022-09-29",27,1404,3,"7-2714043","09/29/2022"
"1520","Russia","Soviet Union","111 MT-LBVM and MT-LBVMK","captured","https://i.postimg.cc/59vv0CRv/mttllbbbbbbb.jpg","2022-09-29",27,1405,3,"7-2714053","09/29/2022"
"1521","Russia","Soviet Union","111 MT-LBVM and MT-LBVMK","captured","https://i.postimg.cc/MK27bDQd/m1cap1.jpg","2022-09-29",27,1406,3,"7-2714063","09/29/2022"
"1522","Russia","Soviet Union","111 MT-LBVM and MT-LBVMK","captured","https://i.postimg.cc/zBHhTbDs/mcap2.jpg","2022-09-29",27,1407,3,"7-2714073","09/29/2022"
"1523","Russia","Soviet Union","111 MT-LBVM and MT-LBVMK","captured","https://i.postimg.cc/SR0MdSJJ/mcap4.jpg","2022-09-29",27,1408,3,"7-2714083","09/29/2022"
"1524","Russia","Soviet Union","111 MT-LBVM and MT-LBVMK","captured","https://i.postimg.cc/SRWztBMV/mcap6.jpg","2022-09-29",27,1409,3,"7-2714093","09/29/2022"
"1525","Russia","Soviet Union","111 MT-LBVM and MT-LBVMK","captured","https://postimg.cc/239jHG22","2022-09-29",27,1410,3,"7-2714103","09/29/2022"
"1526","Russia","Soviet Union","111 MT-LBVM and MT-LBVMK","captured","https://postimg.cc/SXbx6KD4","2022-09-29",27,1411,3,"7-2714113","09/29/2022"
"1527","Russia","Soviet Union","111 MT-LBVM and MT-LBVMK","captured","https://postimg.cc/CZbdX8zd","2022-09-29",27,1412,3,"7-2714123","09/29/2022"
"1528","Russia","Soviet Union","111 MT-LBVM and MT-LBVMK","captured","https://postimg.cc/9rSMfb9r","2022-09-29",27,1413,3,"7-2714133","09/29/2022"
"1529","Russia","Soviet Union","111 MT-LBVM and MT-LBVMK","captured","https://i.postimg.cc/qgVD3qkv/c4.jpg","2022-09-29",27,1414,3,"7-2714143","09/29/2022"
"1530","Russia","Soviet Union","111 MT-LBVM and MT-LBVMK","captured","https://i.postimg.cc/sXrWQvpj/35.jpg","2022-09-29",27,1415,3,"7-2714153","09/29/2022"
"1531","Russia","Soviet Union","111 MT-LBVM and MT-LBVMK","captured","https://i.postimg.cc/1X5z3z9j/877.jpg","2022-09-29",27,1416,3,"7-2714163","09/29/2022"
"1532","Russia","Soviet Union","111 MT-LBVM and MT-LBVMK","captured","https://postimg.cc/67GLZgKq","2022-09-29",27,1417,3,"7-2714173","09/29/2022"
"1533","Russia","Soviet Union","111 MT-LBVM and MT-LBVMK","captured","https://postimg.cc/gxW55yxP","2022-09-29",27,1418,3,"7-2714183","09/29/2022"
"1534","Russia","Soviet Union","111 MT-LBVM and MT-LBVMK","captured","https://postimg.cc/ftbHxBJM","2022-09-29",27,1419,3,"7-2714193","09/29/2022"
"1535","Russia","Soviet Union","111 MT-LBVM and MT-LBVMK","captured","https://postimg.cc/kVkQ4mk3","2022-09-29",27,1420,3,"7-2714203","09/29/2022"
"1536","Russia","Soviet Union","111 MT-LBVM and MT-LBVMK","captured","https://postimg.cc/VS2TwTRd","2022-09-29",27,1421,3,"7-2714213","09/29/2022"
"1537","Russia","Soviet Union","111 MT-LBVM and MT-LBVMK","captured","https://i.postimg.cc/Pq8mrMPV/698.jpg","2022-09-29",27,1422,3,"7-2714223","09/29/2022"
"1538","Russia","Soviet Union","111 MT-LBVM and MT-LBVMK","captured","https://postimg.cc/nsVzGDZH","2022-09-29",27,1423,3,"7-2714233","09/29/2022"
"1539","Russia","Soviet Union","111 MT-LBVM and MT-LBVMK","captured","https://i.postimg.cc/FztFks9X/46.png","2022-09-29",27,1424,3,"7-2714243","09/29/2022"
"1540","Russia","Soviet Union","111 MT-LBVM and MT-LBVMK","captured","https://postimg.cc/kRxTbKK0","2022-09-29",27,1425,3,"7-2714253","09/29/2022"
"1541","Russia","Soviet Union","111 MT-LBVM and MT-LBVMK","captured","https://postimg.cc/MXQ6LHzg","2022-09-29",27,1426,3,"7-2714263","09/29/2022"
"1542","Russia","Soviet Union","111 MT-LBVM and MT-LBVMK","captured","https://twitter.com/UAWeapons/status/1566842191485587456","2022-09-29",27,1427,3,"7-2714273","09/29/2022"
"1543","Russia","Soviet Union","111 MT-LBVM and MT-LBVMK","captured","https://i.postimg.cc/TPcRwWK2/1009-MT-LBVM.jpg","2022-09-29",27,1428,3,"7-2714283","09/29/2022"
"1544","Russia","Soviet Union","111 MT-LBVM and MT-LBVMK","captured","https://twitter.com/UAWeapons/status/1568899212976201728","2022-09-29",27,1305,3,"7-2713053","09/29/2022"
"1545","Russia","Soviet Union","111 MT-LBVM and MT-LBVMK","captured","https://twitter.com/UAWeapons/status/1569427484025946113","2022-09-29",27,1429,3,"7-2714293","09/29/2022"
"1546","Russia","Soviet Union","111 MT-LBVM and MT-LBVMK","captured","https://twitter.com/UAWeapons/status/1572936489314426883","2022-09-29",27,1323,3,"7-2713233","09/29/2022"
"1547","Russia","Soviet Union","111 MT-LBVM and MT-LBVMK","captured","https://postimg.cc/14f49yH5","2022-09-29",27,1430,3,"7-2714303","09/29/2022"
"1548","Russia","Soviet Union","111 MT-LBVM and MT-LBVMK","captured","https://twitter.com/UAWeapons/status/1569229402860552192","2022-09-29",27,717,3,"7-277173","09/29/2022"
"1549","Russia","Soviet Union","111 MT-LBVM and MT-LBVMK","captured","https://twitter.com/UAWeapons/status/1569618856687058945","2022-09-29",27,247,3,"7-272473","09/29/2022"
"1550","Russia","Soviet Union","111 MT-LBVM and MT-LBVMK","captured","https://twitter.com/UAWeapons/status/1570781159067643904","2022-09-29",27,1431,3,"7-2714313","09/29/2022"
"1551","Russia","Soviet Union","111 MT-LBVM and MT-LBVMK","captured","https://i.postimg.cc/85L87pdz/2022-09-20-MT-LBVMK-1.jpg","2022-09-29",27,1432,3,"7-2714323","09/29/2022"
"1552","Russia","Soviet Union","111 MT-LBVM and MT-LBVMK","captured","https://i.postimg.cc/Kz8Sbqrc/8.png","2022-09-29",27,1433,3,"7-2714333","09/29/2022"
"1553","Russia","Soviet Union","111 MT-LBVM and MT-LBVMK","captured","https://i.postimg.cc/VkPfQMdw/1016-mtlb.jpg","2022-09-29",27,1434,3,"7-2714343","09/29/2022"
"1554","Russia","Soviet Union","10 MT-LB with ZU-23 AA gun","destroyed","https://postimg.cc/kVDPCNz0","2022-09-29",28,1435,1,"7-2814351","09/29/2022"
"1555","Russia","Soviet Union","10 MT-LB with ZU-23 AA gun","destroyed","https://i.postimg.cc/Cxfq7cg7/1006.jpg","2022-09-29",28,1436,1,"7-2814361","09/29/2022"
"1556","Russia","Soviet Union","10 MT-LB with ZU-23 AA gun","destroyed","https://i.postimg.cc/TPDQzj54/g89.png","2022-09-29",28,1437,1,"7-2814371","09/29/2022"
"1557","Russia","Soviet Union","10 MT-LB with ZU-23 AA gun","destroyed","https://i.postimg.cc/MZjRvHXZ/430.png","2022-09-29",28,1438,1,"7-2814381","09/29/2022"
"1558","Russia","Soviet Union","10 MT-LB with ZU-23 AA gun","destroyed","https://i.postimg.cc/YS9nMmZF/z1.jpg","2022-09-29",28,1439,1,"7-2814391","09/29/2022"
"1559","Russia","Soviet Union","10 MT-LB with ZU-23 AA gun","destroyed","https://i.postimg.cc/dVJNNf94/z2.jpg","2022-09-29",28,1440,1,"7-2814401","09/29/2022"
"1560","Russia","Soviet Union","10 MT-LB with ZU-23 AA gun","destroyed","https://twitter.com/UAWeapons/status/1560563455119134721","2022-09-29",28,1441,1,"7-2814411","09/29/2022"
"1561","Russia","Soviet Union","10 MT-LB with ZU-23 AA gun","destroyed","https://i.postimg.cc/NffYnYVZ/1032-MT-LB-with-ZU-23.jpg","2022-09-29",28,1442,1,"7-2814421","09/29/2022"
"1562","Russia","Soviet Union","10 MT-LB with ZU-23 AA gun","destroyed","https://twitter.com/UAWeapons/status/1574509085764243456","2022-09-29",28,1443,1,"7-2814431","09/29/2022"
"1563","Russia","Soviet Union","10 MT-LB with ZU-23 AA gun","captured","https://i.postimg.cc/hPYdwmmY/397.png","2022-09-29",28,1444,3,"7-2814443","09/29/2022"
"1564","Russia","Soviet Union","MT-LBM 6MB","destroyed","https://i.postimg.cc/SNh1zwS7/377.png","2022-09-29",29,1445,1,"7-2914451","09/29/2022"
"1565","Russia","Soviet Union","MT-LBM 6MB","abandoned","https://i.postimg.cc/pr29GJz8/359.png","2022-09-29",29,1446,2,"7-2914462","09/29/2022"
"1566","Russia","Soviet Union","MT-LBM 6MB","captured","https://i.postimg.cc/HWBy1LPP/1001-MT-LBM-6-MB.jpg","2022-09-29",29,1447,3,"7-2914473","09/29/2022"
"1567","Russia","Soviet Union","MT-LBu","destroyed","https://i.postimg.cc/CxhxWtzf/f7.png","2022-09-29",30,1448,1,"7-3014481","09/29/2022"
"1568","Russia","Soviet Union","MT-LBu","destroyed","https://i.postimg.cc/4dJshTDd/g41.png","2022-09-29",30,1449,1,"7-3014491","09/29/2022"
"1569","Russia","Soviet Union","MT-LBu","destroyed","https://i.postimg.cc/PryRdWDN/4g.png","2022-09-29",30,1450,1,"7-3014501","09/29/2022"
"1570","Russia","Soviet Union","MT-LBu","destroyed","https://i.postimg.cc/XqDZK50g/431t.png","2022-09-29",30,1400,1,"7-3014001","09/29/2022"
"1571","Russia","Soviet Union","MT-LBu","destroyed","https://i.postimg.cc/wxrgwvyk/678.png","2022-09-29",30,1451,1,"7-3014511","09/29/2022"
"1572","Russia","Soviet Union","MT-LBu","destroyed","https://i.postimg.cc/5tQLJCFb/554.jpg","2022-09-29",30,1452,1,"7-3014521","09/29/2022"
"1573","Russia","Soviet Union","MT-LBu","destroyed","https://twitter.com/RALee85/status/1551156042498822144","2022-09-29",30,1453,1,"7-3014531","09/29/2022"
"1574","Russia","Soviet Union","MT-LBu","destroyed","https://i.postimg.cc/qvLjsL7J/1011-MT-LBu.jpg","2022-09-29",30,1454,1,"7-3014541","09/29/2022"
"1575","Russia","Soviet Union","MT-LBu","abandoned","https://i.postimg.cc/rs9z99Nk/f16.png","2022-09-29",30,1455,2,"7-3014552","09/29/2022"
"1576","Russia","Soviet Union","MT-LBu","captured","https://i.postimg.cc/pV5ZRVDR/5548.png","2022-09-29",30,1456,3,"7-3014563","09/29/2022"
"1577","Russia","Soviet Union","MT-LBu","captured","https://i.postimg.cc/bvVkFC2H/Screenshot-8472.png","2022-09-29",30,1457,3,"7-3014573","09/29/2022"
"1578","Russia","Soviet Union","MT-LBu","captured","https://i.postimg.cc/0Q3ddJ37/5g2.png","2022-09-29",30,1458,3,"7-3014583","09/29/2022"
"1579","Russia","Soviet Union","MT-LBu","captured","https://i.postimg.cc/02qdRFmR/1d.png","2022-09-29",30,1459,3,"7-3014593","09/29/2022"
"1580","Russia","Soviet Union","MT-LBu","captured","https://i.postimg.cc/fTMW9rSn/469.png","2022-09-29",30,1460,3,"7-3014603","09/29/2022"
"1581","Russia","Russia","Vityaz DT-10PM articulated tracked carrier","destroyed","https://i.postimg.cc/J4C0Hmhf/4f9.png","2022-09-29",31,1461,1,"7-3114611","09/29/2022"
"1582","Russia","Russia","Vityaz DT-30 articulated tracked carrier","destroyed","https://i.postimg.cc/qRYCwdBj/16.png","2022-09-29",32,1462,1,"7-3214621","09/29/2022"
"1583","Russia","Russia","Vityaz DT-30 articulated tracked carrier","damaged","https://i.postimg.cc/wTZRmzx8/dt1.png","2022-09-29",32,1463,4,"7-3214634","09/29/2022"
"1584","Russia","Russia","Vityaz DT-30 articulated tracked carrier","captured","https://i.postimg.cc/wTZRmzx8/dt1.png","2022-09-29",32,1463,3,"7-3214633","09/29/2022"
"1585","Russia","Russia","Vityaz DT-30 articulated tracked carrier","captured","https://i.postimg.cc/fLbGschs/46.png","2022-09-29",32,1464,3,"7-3214643","09/29/2022"
"1586","Russia","Russia","GAZ-3344-20 'Aleut' articulated tracked carrier","destroyed","https://i.postimg.cc/dVJYL2Wq/46.jpg","2022-09-29",33,1465,1,"7-3314651","09/29/2022"
"1587","Russia","Russia","GAZ-3344-20 'Aleut' articulated tracked carrier","destroyed","https://i.postimg.cc/GhBRrQbK/689.jpg","2022-09-29",33,1466,1,"7-3314661","09/29/2022"
"1588","Russia","Soviet Union","2S1 with ZU-23 AA gun","captured","https://i.postimg.cc/Yq5q4HcW/88kj.png","2022-09-29",34,1467,3,"7-3414673","09/29/2022"
"1589","Russia","Soviet Union","Unknown BTR-D/BMD-2","destroyed","https://i.postimg.cc/FKDV2Ht0/1013-unkn-BTR-D-BMD2.jpg","2022-09-29",35,1468,1,"7-3514681","09/29/2022"
"1590","Russia","Soviet Union","Unknown BTR-D/BMD-2","destroyed","https://i.postimg.cc/cJVz3g10/r3.jpg","2022-09-29",35,1469,1,"7-3514691","09/29/2022"
"1591","Russia","Soviet Union","Unknown BTR-D/BMD-2","destroyed","https://i.postimg.cc/RZpyMpj3/r1.jpg","2022-09-29",35,1470,1,"7-3514701","09/29/2022"
"1592","Russia","Soviet Union","Unknown BTR-D/BMD-2","destroyed","https://i.postimg.cc/rpRfBBjy/466.jpg","2022-09-29",35,1471,1,"7-3514711","09/29/2022"
"1593","Russia","Soviet Union","Unknown BTR-D/BMD-2","destroyed","https://twitter.com/UAWeapons/status/1537885697721241600","2022-09-29",35,1181,1,"7-3511811","09/29/2022"
"1594","Russia","Soviet Union","Unknown BTR-D/BMD-2","destroyed","https://i.postimg.cc/8kr5kRYy/1014.jpg","2022-09-29",35,1472,1,"7-3514721","09/29/2022"
"1595","Russia","Soviet Union","Unknown BTR-D/BMD-2","captured","https://i.postimg.cc/bvJd7Wrw/3h.png","2022-09-29",35,1473,3,"7-3514733","09/29/2022"
"1596","Russia","Russia","Unknown AFV","destroyed","https://i.postimg.cc/Fs4CpZw6/665h.png","2022-09-29",36,1474,1,"7-3614741","09/29/2022"
"1597","Russia","Russia","Unknown AFV","destroyed","https://i.postimg.cc/nhwF3St9/96.png","2022-09-29",36,1475,1,"7-3614751","09/29/2022"
"1598","Russia","Russia","Unknown AFV","destroyed","https://i.postimg.cc/NMzzCDvd/4331.png","2022-09-29",36,1476,1,"7-3614761","09/29/2022"
"1599","Russia","Russia","Unknown AFV","destroyed","https://i.postimg.cc/76JL8hdw/at1.png","2022-09-29",36,1477,1,"7-3614771","09/29/2022"
"1600","Russia","Russia","Unknown AFV","destroyed","https://i.postimg.cc/HLcmjK2t/at2.png","2022-09-29",36,1478,1,"7-3614781","09/29/2022"
"1601","Russia","Russia","Unknown AFV","destroyed","https://i.postimg.cc/tCqHF7kJ/at3.png","2022-09-29",36,1479,1,"7-3614791","09/29/2022"
"1602","Russia","Russia","Unknown AFV","destroyed","https://i.postimg.cc/kGTN1hXj/3gj.png","2022-09-29",36,1480,1,"7-3614801","09/29/2022"
"1603","Russia","Russia","Unknown AFV","destroyed","https://i.postimg.cc/5N5fZdwK/4dh.png","2022-09-29",36,1481,1,"7-3614811","09/29/2022"
"1604","Russia","Russia","Unknown AFV","destroyed","https://i.postimg.cc/Sx6dtt0k/468p.png","2022-09-29",36,1482,1,"7-3614821","09/29/2022"
"1605","Russia","Russia","Unknown AFV","destroyed","https://i.postimg.cc/K4XKypTR/1002-unkn-afv.jpg","2022-09-29",36,1483,1,"7-3614831","09/29/2022"
"1606","Russia","Russia","Unknown AFV","destroyed","https://twitter.com/UAWeapons/status/1572190709440040960","2022-09-29",36,1484,1,"7-3614841","09/29/2022"
"1607","Russia","Russia","Unknown AFV","destroyed","https://i.postimg.cc/1z4BJ97X/32.png","2022-09-29",36,1485,1,"7-3614851","09/29/2022"
"1608","Russia","Russia","Unknown AFV","destroyed","https://twitter.com/UAWeapons/status/1505493946922942469","2022-09-29",36,1486,1,"7-3614861","09/29/2022"
"1609","Russia","Russia","Unknown AFV","destroyed","https://twitter.com/UAWeapons/status/1505649091627339781","2022-09-29",36,1487,1,"7-3614871","09/29/2022"
"1610","Russia","Russia","Unknown AFV","destroyed","https://i.postimg.cc/76wdk1Ff/355.png","2022-09-29",36,1488,1,"7-3614881","09/29/2022"
"1611","Russia","Russia","Unknown AFV","destroyed","https://twitter.com/UAWeapons/status/1506024208018649090","2022-09-29",36,1489,1,"7-3614891","09/29/2022"
"1612","Russia","Russia","Unknown AFV","destroyed","https://i.postimg.cc/jdd1HVXZ/d1.png","2022-09-29",36,1490,1,"7-3614901","09/29/2022"
"1613","Russia","Russia","Unknown AFV","destroyed","https://i.postimg.cc/RFLPtGJk/d2.png","2022-09-29",36,1491,1,"7-3614911","09/29/2022"
"1614","Russia","Russia","Unknown AFV","destroyed","https://twitter.com/UAWeapons/status/1506734299663548434","2022-09-29",36,1492,1,"7-3614921","09/29/2022"
"1615","Russia","Russia","Unknown AFV","destroyed","https://twitter.com/UAWeapons/status/1507039393378410497","2022-09-29",36,1493,1,"7-3614931","09/29/2022"
"1616","Russia","Russia","Unknown AFV","destroyed","https://twitter.com/UAWeapons/status/1507759843213561859","2022-09-29",36,1494,1,"7-3614941","09/29/2022"
"1617","Russia","Russia","Unknown AFV","destroyed","https://twitter.com/UAWeapons/status/1509296082668474371","2022-09-29",36,1495,1,"7-3614951","09/29/2022"
"1618","Russia","Russia","Unknown AFV","destroyed","https://i.postimg.cc/x8bbMsbk/76h.jpg","2022-09-29",36,1496,1,"7-3614961","09/29/2022"
"1619","Russia","Russia","Unknown AFV","destroyed","https://i.postimg.cc/90R2vhFM/uuk11.jpg","2022-09-29",36,1497,1,"7-3614971","09/29/2022"
"1620","Russia","Russia","Unknown AFV","destroyed","https://i.postimg.cc/1tzsrFkD/uuk10.jpg","2022-09-29",36,1498,1,"7-3614981","09/29/2022"
"1621","Russia","Russia","Unknown AFV","destroyed","https://i.postimg.cc/GtWRR5Hj/uuk4.jpg","2022-09-29",36,1499,1,"7-3614991","09/29/2022"
"1622","Russia","Russia","Unknown AFV","destroyed","https://twitter.com/UAWeapons/status/1512537128219160576","2022-09-29",36,1500,1,"7-3615001","09/29/2022"
"1623","Russia","Russia","Unknown AFV","destroyed","https://twitter.com/UAWeapons/status/1512180253485109249","2022-09-29",36,1501,1,"7-3615011","09/29/2022"
"1624","Russia","Russia","Unknown AFV","destroyed","https://twitter.com/UAWeapons/status/1512133600610824192","2022-09-29",36,1502,1,"7-3615021","09/29/2022"
"1625","Russia","Russia","Unknown AFV","destroyed","https://twitter.com/UAWeapons/status/1513212786985340937","2022-09-29",36,1503,1,"7-3615031","09/29/2022"
"1626","Russia","Russia","Unknown AFV","destroyed","https://twitter.com/UAWeapons/status/1513630493455138820","2022-09-29",36,1504,1,"7-3615041","09/29/2022"
"1627","Russia","Russia","Unknown AFV","destroyed","https://i.postimg.cc/P5BCd4Rj/f8.jpg","2022-09-29",36,1505,1,"7-3615051","09/29/2022"
"1628","Russia","Russia","Unknown AFV","destroyed","https://twitter.com/UAWeapons/status/1513631958433214467","2022-09-29",36,1506,1,"7-3615061","09/29/2022"
"1629","Russia","Russia","Unknown AFV","destroyed","https://twitter.com/UAWeapons/status/1513495397414715392","2022-09-29",36,187,1,"7-361871","09/29/2022"
"1630","Russia","Russia","Unknown AFV","destroyed","https://i.postimg.cc/02GFCJwR/f4.jpg","2022-09-29",36,1507,1,"7-3615071","09/29/2022"
"1631","Russia","Russia","Unknown AFV","destroyed","https://twitter.com/UAWeapons/status/1516454308463751178","2022-09-29",36,1508,1,"7-3615081","09/29/2022"
"1632","Russia","Russia","Unknown AFV","destroyed","https://twitter.com/UAWeapons/status/1519362818369376256","2022-09-29",36,1509,1,"7-3615091","09/29/2022"
"1633","Russia","Russia","Unknown AFV","destroyed","https://i.postimg.cc/vTGDP6cR/437.jpg","2022-09-29",36,1510,1,"7-3615101","09/29/2022"
"1634","Russia","Russia","Unknown AFV","destroyed","https://twitter.com/UAWeapons/status/1520763005109157889","2022-09-29",36,1511,1,"7-3615111","09/29/2022"
"1635","Russia","Russia","Unknown AFV","destroyed","https://i.postimg.cc/MHmkC3Ps/665.png","2022-09-29",36,1512,1,"7-3615121","09/29/2022"
"1636","Russia","Russia","Unknown AFV","destroyed","https://i.postimg.cc/XvvP2BQT/u1.jpg","2022-09-29",36,1513,1,"7-3615131","09/29/2022"
"1637","Russia","Russia","Unknown AFV","destroyed","https://twitter.com/UAWeapons/status/1521815118295838723","2022-09-29",36,1514,1,"7-3615141","09/29/2022"
"1638","Russia","Russia","Unknown AFV","destroyed","https://twitter.com/UAWeapons/status/1523612657680809985","2022-09-29",36,1515,1,"7-3615151","09/29/2022"
"1639","Russia","Russia","Unknown AFV","destroyed","https://twitter.com/UAWeapons/status/1524008954896035840","2022-09-29",36,1516,1,"7-3615161","09/29/2022"
"1640","Russia","Russia","Unknown AFV","destroyed","https://twitter.com/UAWeapons/status/1524735904274866176","2022-09-29",36,1517,1,"7-3615171","09/29/2022"
"1641","Russia","Russia","Unknown AFV","destroyed","https://twitter.com/UAWeapons/status/1524704234096189441","2022-09-29",36,1518,1,"7-3615181","09/29/2022"
"1642","Russia","Russia","Unknown AFV","destroyed","https://i.postimg.cc/wMntWy67/6536.jpg","2022-09-29",36,1519,1,"7-3615191","09/29/2022"
"1643","Russia","Russia","Unknown AFV","destroyed","https://twitter.com/UAWeapons/status/1525930435141898243","2022-09-29",36,1520,1,"7-3615201","09/29/2022"
"1644","Russia","Russia","Unknown AFV","destroyed","https://twitter.com/UAWeapons/status/1528095112517111808","2022-09-29",36,1521,1,"7-3615211","09/29/2022"
"1645","Russia","Russia","Unknown AFV","destroyed","https://twitter.com/UAWeapons/status/1527990476749647877","2022-09-29",36,1522,1,"7-3615221","09/29/2022"
"1646","Russia","Russia","Unknown AFV","destroyed","https://twitter.com/UAWeapons/status/1527771586044076032","2022-09-29",36,1523,1,"7-3615231","09/29/2022"
"1647","Russia","Russia","Unknown AFV","destroyed","https://twitter.com/UAWeapons/status/1527766199328817153","2022-09-29",36,1524,1,"7-3615241","09/29/2022"
"1648","Russia","Russia","Unknown AFV","destroyed","https://twitter.com/UAWeapons/status/1526573484725440512","2022-09-29",36,1525,1,"7-3615251","09/29/2022"
"1649","Russia","Russia","Unknown AFV","destroyed","https://twitter.com/UAWeapons/status/1526582495076024321","2022-09-29",36,1526,1,"7-3615261","09/29/2022"
"1650","Russia","Russia","Unknown AFV","destroyed","https://twitter.com/UAWeapons/status/1526311544765702148","2022-09-29",36,1527,1,"7-3615271","09/29/2022"
"1651","Russia","Russia","Unknown AFV","destroyed","https://twitter.com/UAWeapons/status/1528459041193738240","2022-09-29",36,1528,1,"7-3615281","09/29/2022"
"1652","Russia","Russia","Unknown AFV","destroyed","https://twitter.com/UAWeapons/status/1529135237850140672","2022-09-29",36,1529,1,"7-3615291","09/29/2022"
"1653","Russia","Russia","Unknown AFV","destroyed","https://twitter.com/UAWeapons/status/1529117936924995588","2022-09-29",36,1530,1,"7-3615301","09/29/2022"
"1654","Russia","Russia","Unknown AFV","destroyed","https://twitter.com/UAWeapons/status/1529818691759550465","2022-09-29",36,1531,1,"7-3615311","09/29/2022"
"1655","Russia","Russia","Unknown AFV","destroyed","https://twitter.com/UAWeapons/status/1529500592900648964","2022-09-29",36,1532,1,"7-3615321","09/29/2022"
"1656","Russia","Russia","Unknown AFV","destroyed","https://twitter.com/UAWeapons/status/1530488199042281474","2022-09-29",36,1533,1,"7-3615331","09/29/2022"
"1657","Russia","Russia","Unknown AFV","destroyed","https://twitter.com/UAWeapons/status/1531691373421858817","2022-09-29",36,1534,1,"7-3615341","09/29/2022"
"1658","Russia","Russia","Unknown AFV","destroyed","https://i.postimg.cc/DwKynW6Q/32.jpg","2022-09-29",36,1535,1,"7-3615351","09/29/2022"
"1659","Russia","Russia","Unknown AFV","destroyed","https://twitter.com/UAWeapons/status/1532745267015041024","2022-09-29",36,1536,1,"7-3615361","09/29/2022"
"1660","Russia","Russia","Unknown AFV","destroyed","https://i.postimg.cc/NMHbRf94/215.png","2022-09-29",36,1537,1,"7-3615371","09/29/2022"
"1661","Russia","Russia","Unknown AFV","destroyed","https://twitter.com/UAWeapons/status/1534869471004860418","2022-09-29",36,1538,1,"7-3615381","09/29/2022"
"1662","Russia","Russia","Unknown AFV","destroyed","https://twitter.com/UAWeapons/status/1534904095319916545","2022-09-29",36,1539,1,"7-3615391","09/29/2022"
"1663","Russia","Russia","Unknown AFV","destroyed","https://i.postimg.cc/br1J4wD0/d34.jpg","2022-09-29",36,1540,1,"7-3615401","09/29/2022"
"1664","Russia","Russia","Unknown AFV","destroyed","https://twitter.com/Blue_Sauron/status/1549057711920250882","2022-09-29",36,1541,1,"7-3615411","09/29/2022"
"1665","Russia","Russia","Unknown AFV","destroyed","https://i.postimg.cc/FKkLXjVw/880.png","2022-09-29",36,1542,1,"7-3615421","09/29/2022"
"1666","Russia","Russia","Unknown AFV","destroyed","https://twitter.com/UAWeapons/status/1536379481992085511","2022-09-29",36,1543,1,"7-3615431","09/29/2022"
"1667","Russia","Russia","Unknown AFV","destroyed","https://twitter.com/UAWeapons/status/1536347694716702726","2022-09-29",36,1544,1,"7-3615441","09/29/2022"
"1668","Russia","Russia","Unknown AFV","destroyed","https://twitter.com/UAWeapons/status/1536670455322525696","2022-09-29",36,1545,1,"7-3615451","09/29/2022"
"1669","Russia","Russia","Unknown AFV","destroyed","https://i.postimg.cc/pV5pqdsJ/1006.jpg","2022-09-29",36,1546,1,"7-3615461","09/29/2022"
"1670","Russia","Russia","Unknown AFV","destroyed","https://twitter.com/UAWeapons/status/1537902614355976193","2022-09-29",36,1547,1,"7-3615471","09/29/2022"
"1671","Russia","Russia","Unknown AFV","destroyed","https://i.postimg.cc/05wCfJNG/6gh6.png","2022-09-29",36,1548,1,"7-3615481","09/29/2022"
"1672","Russia","Russia","Unknown AFV","destroyed","https://i.postimg.cc/D0VjgL8g/5541.jpg","2022-09-29",36,1026,1,"7-3610261","09/29/2022"
"1673","Russia","Russia","Unknown AFV","destroyed","https://i.postimg.cc/VNyTMw9x/431.png","2022-09-29",36,1549,1,"7-3615491","09/29/2022"
"1674","Russia","Russia","Unknown AFV","destroyed","https://i.postimg.cc/Wb4DrBS1/800.jpg","2022-09-29",36,1550,1,"7-3615501","09/29/2022"
"1675","Russia","Russia","Unknown AFV","destroyed","https://i.postimg.cc/v8NM8YD9/1010.jpg","2022-09-29",36,1551,1,"7-3615511","09/29/2022"
"1676","Russia","Russia","Unknown AFV","destroyed","https://twitter.com/UAWeapons/status/1545032059491688449","2022-09-29",36,1552,1,"7-3615521","09/29/2022"
"1677","Russia","Russia","Unknown AFV","destroyed","https://twitter.com/Blue_Sauron/status/1574681050575679488","2022-09-29",36,1553,1,"7-3615531","09/29/2022"
"1678","Russia","Russia","Unknown AFV","destroyed","https://i.postimg.cc/8zh7P7NW/1008.jpg","2022-09-29",36,1554,1,"7-3615541","09/29/2022"
"1679","Russia","Russia","Unknown AFV","destroyed","https://twitter.com/RALee85/status/1546553538402308096","2022-09-29",36,1555,1,"7-3615551","09/29/2022"
"1680","Russia","Russia","Unknown AFV","destroyed","https://twitter.com/Blue_Sauron/status/1546393865212551170","2022-09-29",36,1556,1,"7-3615561","09/29/2022"
"1681","Russia","Russia","Unknown AFV","destroyed","https://twitter.com/UAWeapons/status/1547138563350855680","2022-09-29",36,1557,1,"7-3615571","09/29/2022"
"1682","Russia","Russia","Unknown AFV","destroyed","https://twitter.com/Blue_Sauron/status/1548302117059735552","2022-09-29",36,1558,1,"7-3615581","09/29/2022"
"1683","Russia","Russia","Unknown AFV","destroyed","https://i.postimg.cc/1tBLV9pt/1009.jpg","2022-09-29",36,1559,1,"7-3615591","09/29/2022"
"1684","Russia","Russia","Unknown AFV","destroyed","https://twitter.com/UAWeapons/status/1573230184525975552","2022-09-29",36,1560,1,"7-3615601","09/29/2022"
"1685","Russia","Russia","Unknown AFV","destroyed","https://twitter.com/Haruspexut/status/1549884416662671360","2022-09-29",36,1561,1,"7-3615611","09/29/2022"
"1686","Russia","Russia","Unknown AFV","destroyed","https://i.postimg.cc/KzThkpGG/1009.jpg","2022-09-29",36,1562,1,"7-3615621","09/29/2022"
"1687","Russia","Russia","Unknown AFV","destroyed","https://i.postimg.cc/wvFtyTFQ/1001.jpg","2022-09-29",36,1563,1,"7-3615631","09/29/2022"
"1688","Russia","Russia","Unknown AFV","destroyed","https://i.postimg.cc/xddhrdfH/1000-unknown-afv.jpg","2022-09-29",36,1564,1,"7-3615641","09/29/2022"
"1689","Russia","Russia","Unknown AFV","destroyed","https://twitter.com/UAWeapons/status/1554069854772142081","2022-09-29",36,1565,1,"7-3615651","09/29/2022"
"1690","Russia","Russia","Unknown AFV","destroyed","https://twitter.com/UAWeapons/status/1554481143147266049","2022-09-29",36,1566,1,"7-3615661","09/29/2022"
"1691","Russia","Russia","Unknown AFV","destroyed","https://i.postimg.cc/mkCMw1ns/1003-unkn-afv.jpg","2022-09-29",36,1567,1,"7-3615671","09/29/2022"
"1692","Russia","Russia","Unknown AFV","destroyed","https://twitter.com/RALee85/status/1555120965188784129","2022-09-29",36,1568,1,"7-3615681","09/29/2022"
"1693","Russia","Russia","Unknown AFV","destroyed","https://i.postimg.cc/sXzbXk7X/1002-unkn-afv.jpg","2022-09-29",36,1569,1,"7-3615691","09/29/2022"
"1694","Russia","Russia","Unknown AFV","destroyed","https://twitter.com/UAWeapons/status/1556211872696770561","2022-09-29",36,1570,1,"7-3615701","09/29/2022"
"1695","Russia","Russia","Unknown AFV","destroyed","https://twitter.com/UAWeapons/status/1556212421840310273","2022-09-29",36,1571,1,"7-3615711","09/29/2022"
"1696","Russia","Russia","Unknown AFV","destroyed","https://i.postimg.cc/FKrs9rX7/1008-unkn-afv.jpg","2022-09-29",36,1572,1,"7-3615721","09/29/2022"
"1697","Russia","Russia","Unknown AFV","destroyed","https://twitter.com/UAWeapons/status/1557115825303298049","2022-09-29",36,1573,1,"7-3615731","09/29/2022"
"1698","Russia","Russia","Unknown AFV","destroyed","https://twitter.com/UAWeapons/status/1557684415110725632","2022-09-29",36,1574,1,"7-3615741","09/29/2022"
"1699","Russia","Russia","Unknown AFV","destroyed","https://twitter.com/UAWeapons/status/1558899673821323266","2022-09-29",36,1575,1,"7-3615751","09/29/2022"
"1700","Russia","Russia","Unknown AFV","destroyed","https://twitter.com/RALee85/status/1559191825730134016","2022-09-29",36,1576,1,"7-3615761","09/29/2022"
"1701","Russia","Russia","Unknown AFV","destroyed","https://i.postimg.cc/gkxRLbgp/1002.jpg","2022-09-29",36,1577,1,"7-3615771","09/29/2022"
"1702","Russia","Russia","Unknown AFV","destroyed","https://twitter.com/UAWeapons/status/1532756586950709248","2022-09-29",36,1578,1,"7-3615781","09/29/2022"
"1703","Russia","Russia","Unknown AFV","destroyed","https://twitter.com/UAWeapons/status/1562084103410917377","2022-09-29",36,1579,1,"7-3615791","09/29/2022"
"1704","Russia","Russia","Unknown AFV","destroyed","https://i.postimg.cc/Mp39BQbk/1000-unkn-afv.jpg","2022-09-29",36,1580,1,"7-3615801","09/29/2022"
"1705","Russia","Russia","Unknown AFV","destroyed","https://i.postimg.cc/VvMpjSzj/1005-unkn-afv.jpg","2022-09-29",36,1581,1,"7-3615811","09/29/2022"
"1706","Russia","Russia","Unknown AFV","destroyed","https://i.postimg.cc/W1pv71Jg/1002-unkn-ifv.jpg","2022-09-29",36,1582,1,"7-3615821","09/29/2022"
"1707","Russia","Russia","Unknown AFV","destroyed","https://twitter.com/Danspiun/status/1566064122852171778","2022-09-29",36,1583,1,"7-3615831","09/29/2022"
"1708","Russia","Russia","Unknown AFV","destroyed","https://i.postimg.cc/ZRgHCSyx/1004-unkn-afv.jpg","2022-09-29",36,1584,1,"7-3615841","09/29/2022"
"1709","Russia","Russia","Unknown AFV","destroyed","https://twitter.com/UAWeapons/status/1566783630281740291","2022-09-29",36,1585,1,"7-3615851","09/29/2022"
"1710","Russia","Russia","Unknown AFV","destroyed","https://i.postimg.cc/QtSBz0k0/1035-unkn-AFV.jpg","2022-09-29",36,1586,1,"7-3615861","09/29/2022"
"1711","Russia","Russia","Unknown AFV","destroyed","https://twitter.com/UAWeapons/status/1568691333405249539","2022-09-29",36,1587,1,"7-3615871","09/29/2022"
"1712","Russia","Russia","Unknown AFV","destroyed","https://twitter.com/UAWeapons/status/1569411914693738498","2022-09-29",36,1081,1,"7-3610811","09/29/2022"
"1713","Russia","Russia","Unknown AFV","destroyed","https://twitter.com/UAWeapons/status/1575042703343034369","2022-09-29",36,1588,1,"7-3615881","09/29/2022"
"1714","Russia","Russia","Unknown AFV","damaged","https://twitter.com/UAWeapons/status/1522310446891610115","2022-09-29",36,1589,4,"7-3615894","09/29/2022"
"1715","Russia","Russia","Unknown AFV","damaged","https://twitter.com/UAWeapons/status/1518237093461385218","2022-09-29",36,1590,4,"7-3615904","09/29/2022"
"1716","Russia","Russia","Unknown AFV","damaged","https://twitter.com/UAWeapons/status/1524456618091589635","2022-09-29",36,1591,4,"7-3615914","09/29/2022"
"1717","Russia","Russia","Unknown AFV","damaged","https://twitter.com/UAWeapons/status/1539601165884743680","2022-09-29",36,1592,4,"7-3615924","09/29/2022"
"1718","Russia","Russia","Unknown AFV","damaged","https://i.postimg.cc/h4zTgvW3/1003-unkn-AFV.jpg","2022-09-29",36,1593,4,"7-3615934","09/29/2022"
"1719","Russia","Russia","Unknown AFV","damaged","https://twitter.com/Danspiun/status/1566064122852171778","2022-09-29",36,1583,4,"7-3615834","09/29/2022"
"1720","Russia","Russia","Unknown AFV","abandoned","https://i.postimg.cc/RhRQ6vSr/dd2.jpg","2022-09-29",36,1594,2,"7-3615942","09/29/2022"
"1721","Russia","Russia","Unknown AFV","captured","https://i.postimg.cc/pXJJrNhR/bj.png","2022-09-29",36,1595,3,"7-3615953","09/29/2022"
"1722","Russia","Russia","Unknown AFV","captured","https://i.postimg.cc/6px1pGbc/f8.jpg","2022-09-29",36,1596,3,"7-3615963","09/29/2022"
"1723","Russia","Soviet Union","159 BMP-1(P)","destroyed","https://i.postimg.cc/cLjxX33H/h8.png","2022-09-29",37,1597,1,"7-3715971","09/29/2022"
"1724","Russia","Soviet Union","159 BMP-1(P)","destroyed","https://i.postimg.cc/YSKxYwgj/12.jpg","2022-09-29",37,1598,1,"7-3715981","09/29/2022"
"1725","Russia","Soviet Union","159 BMP-1(P)","destroyed","https://i.postimg.cc/jjbzC407/79p.jpg","2022-09-29",37,1599,1,"7-3715991","09/29/2022"
"1726","Russia","Soviet Union","159 BMP-1(P)","destroyed","https://i.postimg.cc/Jh06DJ2r/f33.png","2022-09-29",37,1600,1,"7-3716001","09/29/2022"
"1727","Russia","Soviet Union","159 BMP-1(P)","destroyed","https://i.postimg.cc/QdyMRsTK/333.png","2022-09-29",37,1601,1,"7-3716011","09/29/2022"
"1728","Russia","Soviet Union","159 BMP-1(P)","destroyed","https://i.postimg.cc/SRC33TdQ/1001-bmp1.jpg","2022-09-29",37,1602,1,"7-3716021","09/29/2022"
"1729","Russia","Soviet Union","159 BMP-1(P)","destroyed","https://i.postimg.cc/cJyCvCjx/3d13.png","2022-09-29",37,1603,1,"7-3716031","09/29/2022"
"1730","Russia","Soviet Union","159 BMP-1(P)","destroyed","https://i.postimg.cc/zGvL43bp/553.png","2022-09-29",37,1604,1,"7-3716041","09/29/2022"
"1731","Russia","Soviet Union","159 BMP-1(P)","destroyed","https://i.postimg.cc/5N6p21Lx/3g.png","2022-09-29",37,1605,1,"7-3716051","09/29/2022"
"1732","Russia","Soviet Union","159 BMP-1(P)","destroyed","https://i.postimg.cc/qv40gQnq/46h.png","2022-09-29",37,1606,1,"7-3716061","09/29/2022"
"1733","Russia","Soviet Union","159 BMP-1(P)","destroyed","https://i.postimg.cc/zvqgGh3y/65.png","2022-09-29",37,1607,1,"7-3716071","09/29/2022"
"1734","Russia","Soviet Union","159 BMP-1(P)","destroyed","https://i.postimg.cc/1ztpktc4/f5.png","2022-09-29",37,1608,1,"7-3716081","09/29/2022"
"1735","Russia","Soviet Union","159 BMP-1(P)","destroyed","https://i.postimg.cc/zvJ1dfp1/b58.jpg","2022-09-29",37,1609,1,"7-3716091","09/29/2022"
"1736","Russia","Soviet Union","159 BMP-1(P)","destroyed","https://i.postimg.cc/vZpFJhXh/b56.jpg","2022-09-29",37,1610,1,"7-3716101","09/29/2022"
"1737","Russia","Soviet Union","159 BMP-1(P)","destroyed","https://i.postimg.cc/Ss40sKBz/b57.jpg","2022-09-29",37,1611,1,"7-3716111","09/29/2022"
"1738","Russia","Soviet Union","159 BMP-1(P)","destroyed","https://i.postimg.cc/X7RdKcMZ/4356.jpg","2022-09-29",37,1612,1,"7-3716121","09/29/2022"
"1739","Russia","Soviet Union","159 BMP-1(P)","destroyed","https://i.postimg.cc/CK9RyNdc/554.jpg","2022-09-29",37,1613,1,"7-3716131","09/29/2022"
"1740","Russia","Soviet Union","159 BMP-1(P)","destroyed","https://postimg.cc/K1rWwGkC","2022-09-29",37,1614,1,"7-3716141","09/29/2022"
"1741","Russia","Soviet Union","159 BMP-1(P)","destroyed","https://i.postimg.cc/cC4qqnch/29.jpg","2022-09-29",37,1615,1,"7-3716151","09/29/2022"
"1742","Russia","Soviet Union","159 BMP-1(P)","destroyed","https://i.postimg.cc/jdLWFdMP/d88.png","2022-09-29",37,1616,1,"7-3716161","09/29/2022"
"1743","Russia","Soviet Union","159 BMP-1(P)","destroyed","https://i.postimg.cc/900Tnqsv/157.png","2022-09-29",37,1617,1,"7-3716171","09/29/2022"
"1744","Russia","Soviet Union","159 BMP-1(P)","destroyed","https://i.postimg.cc/KYTGY20j/b1.png","2022-09-29",37,1618,1,"7-3716181","09/29/2022"
"1745","Russia","Soviet Union","159 BMP-1(P)","destroyed","https://i.postimg.cc/JnW1D2Fq/b2.png","2022-09-29",37,1619,1,"7-3716191","09/29/2022"
"1746","Russia","Soviet Union","159 BMP-1(P)","destroyed","https://i.postimg.cc/jdqS4BS3/b3.png","2022-09-29",37,1620,1,"7-3716201","09/29/2022"
"1747","Russia","Soviet Union","159 BMP-1(P)","destroyed","https://i.postimg.cc/zX7YyWyq/3h.png","2022-09-29",37,1621,1,"7-3716211","09/29/2022"
"1748","Russia","Soviet Union","159 BMP-1(P)","destroyed","https://twitter.com/UAWeapons/status/1526557758736277506","2022-09-29",37,1622,1,"7-3716221","09/29/2022"
"1749","Russia","Soviet Union","159 BMP-1(P)","destroyed","https://i.postimg.cc/NMDP4wxY/5544.jpg","2022-09-29",37,1623,1,"7-3716231","09/29/2022"
"1750","Russia","Soviet Union","159 BMP-1(P)","destroyed","https://i.postimg.cc/wjN2B8PF/g55.jpg","2022-09-29",37,1624,1,"7-3716241","09/29/2022"
"1751","Russia","Soviet Union","159 BMP-1(P)","destroyed","https://i.postimg.cc/wxPDR4Dr/n7.jpg","2022-09-29",37,1625,1,"7-3716251","09/29/2022"
"1752","Russia","Soviet Union","159 BMP-1(P)","destroyed","https://i.postimg.cc/D0CYk90F/4311.jpg","2022-09-29",37,1626,1,"7-3716261","09/29/2022"
"1753","Russia","Soviet Union","159 BMP-1(P)","destroyed","https://i.postimg.cc/vHk3rL6P/g5f.jpg","2022-09-29",37,1627,1,"7-3716271","09/29/2022"
"1754","Russia","Soviet Union","159 BMP-1(P)","destroyed","https://i.postimg.cc/jSYyq8fr/ggg.jpg","2022-09-29",37,1628,1,"7-3716281","09/29/2022"
"1755","Russia","Soviet Union","159 BMP-1(P)","destroyed","https://i.postimg.cc/vHyRTrt9/b11.jpg","2022-09-29",37,1629,1,"7-3716291","09/29/2022"
"1756","Russia","Soviet Union","159 BMP-1(P)","destroyed","https://i.postimg.cc/VsnQzGnm/b12.jpg","2022-09-29",37,1630,1,"7-3716301","09/29/2022"
"1757","Russia","Soviet Union","159 BMP-1(P)","destroyed","https://i.postimg.cc/kG9jJcPg/f44.jpg","2022-09-29",37,1631,1,"7-3716311","09/29/2022"
"1758","Russia","Soviet Union","159 BMP-1(P)","destroyed","https://i.postimg.cc/J0qpGkRc/f45.jpg","2022-09-29",37,1632,1,"7-3716321","09/29/2022"
"1759","Russia","Soviet Union","159 BMP-1(P)","destroyed","https://i.postimg.cc/qRBhphZd/y2.jpg","2022-09-29",37,1633,1,"7-3716331","09/29/2022"
"1760","Russia","Soviet Union","159 BMP-1(P)","destroyed","https://i.postimg.cc/FsYSfSFr/y1.jpg","2022-09-29",37,1634,1,"7-3716341","09/29/2022"
"1761","Russia","Soviet Union","159 BMP-1(P)","destroyed","https://i.postimg.cc/Sxfmmy26/n1.jpg","2022-09-29",37,1635,1,"7-3716351","09/29/2022"
"1762","Russia","Soviet Union","159 BMP-1(P)","destroyed","https://i.postimg.cc/RFNm1KPd/n2.jpg","2022-09-29",37,1636,1,"7-3716361","09/29/2022"
"1763","Russia","Soviet Union","159 BMP-1(P)","destroyed","https://i.postimg.cc/3RVTtNVT/n3.jpg","2022-09-29",37,1637,1,"7-3716371","09/29/2022"
"1764","Russia","Soviet Union","159 BMP-1(P)","destroyed","https://i.postimg.cc/5yzMT1WF/n4.jpg","2022-09-29",37,1638,1,"7-3716381","09/29/2022"
"1765","Russia","Soviet Union","159 BMP-1(P)","destroyed","https://i.postimg.cc/g0Md6NKr/n5.jpg","2022-09-29",37,1639,1,"7-3716391","09/29/2022"
"1766","Russia","Soviet Union","159 BMP-1(P)","destroyed","https://i.postimg.cc/DfRTHjjr/44yh.png","2022-09-29",37,1640,1,"7-3716401","09/29/2022"
"1767","Russia","Soviet Union","159 BMP-1(P)","destroyed","https://i.postimg.cc/hjBVG8Pf/576.jpg","2022-09-29",37,1641,1,"7-3716411","09/29/2022"
"1768","Russia","Soviet Union","159 BMP-1(P)","destroyed","https://i.postimg.cc/cLg02zbz/7663.jpg","2022-09-29",37,680,1,"7-376801","09/29/2022"
"1769","Russia","Soviet Union","159 BMP-1(P)","destroyed","https://i.postimg.cc/SKJRj00k/5456.jpg","2022-09-29",37,1642,1,"7-3716421","09/29/2022"
"1770","Russia","Soviet Union","159 BMP-1(P)","destroyed","https://i.postimg.cc/SRTgwTwV/55444.jpg","2022-09-29",37,1643,1,"7-3716431","09/29/2022"
"1771","Russia","Soviet Union","159 BMP-1(P)","destroyed","https://i.postimg.cc/MTwGkpPY/431.jpg","2022-09-29",37,1644,1,"7-3716441","09/29/2022"
"1772","Russia","Soviet Union","159 BMP-1(P)","destroyed","https://twitter.com/UAWeapons/status/1536424104957460480","2022-09-29",37,1645,1,"7-3716451","09/29/2022"
"1773","Russia","Soviet Union","159 BMP-1(P)","destroyed","https://i.postimg.cc/13LdtKgT/f55.png","2022-09-29",37,1646,1,"7-3716461","09/29/2022"
"1774","Russia","Soviet Union","159 BMP-1(P)","destroyed","https://i.postimg.cc/05wCfJNG/6gh6.png","2022-09-29",37,1548,1,"7-3715481","09/29/2022"
"1775","Russia","Soviet Union","159 BMP-1(P)","destroyed","https://i.postimg.cc/m296t5Ms/466.png","2022-09-29",37,1647,1,"7-3716471","09/29/2022"
"1776","Russia","Soviet Union","159 BMP-1(P)","destroyed","https://twitter.com/UAWeapons/status/1545075270826299394","2022-09-29",37,694,1,"7-376941","09/29/2022"
"1777","Russia","Soviet Union","159 BMP-1(P)","destroyed","https://i.postimg.cc/ry0x2F0G/1002.jpg","2022-09-29",37,1648,1,"7-3716481","09/29/2022"
"1778","Russia","Soviet Union","159 BMP-1(P)","destroyed","https://i.postimg.cc/6ppqyv27/1003.jpg","2022-09-29",37,1649,1,"7-3716491","09/29/2022"
"1779","Russia","Soviet Union","159 BMP-1(P)","destroyed","https://i.postimg.cc/k5kX8xGx/1001-bmp-1.png","2022-09-29",37,1650,1,"7-3716501","09/29/2022"
"1780","Russia","Soviet Union","159 BMP-1(P)","destroyed","https://i.postimg.cc/Kjk5xSKL/1002-bmp-1.jpg","2022-09-29",37,1651,1,"7-3716511","09/29/2022"
"1781","Russia","Soviet Union","159 BMP-1(P)","destroyed","https://i.postimg.cc/GhDZx6MH/1003-bmp-1.jpg","2022-09-29",37,1652,1,"7-3716521","09/29/2022"
"1782","Russia","Soviet Union","159 BMP-1(P)","destroyed","https://i.postimg.cc/7Z6cnBBV/5548.png","2022-09-29",37,1653,1,"7-3716531","09/29/2022"
"1783","Russia","Soviet Union","159 BMP-1(P)","destroyed","https://i.postimg.cc/pdZMq78d/1001-bmp1.jpg","2022-09-29",37,1654,1,"7-3716541","09/29/2022"
"1784","Russia","Soviet Union","159 BMP-1(P)","destroyed","https://i.postimg.cc/kgTGVNjG/1029-bmp1.jpg","2022-09-29",37,1655,1,"7-3716551","09/29/2022"
"1785","Russia","Soviet Union","159 BMP-1(P)","destroyed","https://i.postimg.cc/k4sWSjrW/57.png","2022-09-29",37,1656,1,"7-3716561","09/29/2022"
"1786","Russia","Soviet Union","159 BMP-1(P)","destroyed","https://postimg.cc/ftQK4jpK","2022-09-29",37,1657,1,"7-3716571","09/29/2022"
"1787","Russia","Soviet Union","159 BMP-1(P)","destroyed","https://i.postimg.cc/654L2khJ/31.png","2022-09-29",37,1658,1,"7-3716581","09/29/2022"
"1788","Russia","Soviet Union","159 BMP-1(P)","destroyed","https://twitter.com/UAWeapons/status/1568992480909205504","2022-09-29",37,1659,1,"7-3716591","09/29/2022"
"1789","Russia","Soviet Union","159 BMP-1(P)","destroyed","https://twitter.com/UAWeapons/status/1569229438864195589","2022-09-29",37,944,1,"7-379441","09/29/2022"
"1790","Russia","Soviet Union","159 BMP-1(P)","destroyed","https://i.postimg.cc/bwVycs9q/1002-bmp2.jpg","2022-09-29",37,1660,1,"7-3716601","09/29/2022"
"1791","Russia","Soviet Union","159 BMP-1(P)","destroyed","https://i.postimg.cc/v8hT99YR/1000-bmp1.jpg","2022-09-29",37,1661,1,"7-3716611","09/29/2022"
"1792","Russia","Soviet Union","159 BMP-1(P)","destroyed","https://twitter.com/UAWeapons/status/1574379264819941376","2022-09-29",37,1082,1,"7-3710821","09/29/2022"
"1793","Russia","Soviet Union","159 BMP-1(P)","destroyed","https://i.postimg.cc/d347mdTD/12.png","2022-09-29",37,1662,1,"7-3716621","09/29/2022"
"1794","Russia","Soviet Union","159 BMP-1(P)","destroyed","https://i.postimg.cc/ZRJnfDjT/BMP-1-Donetsk-region.png","2022-09-29",37,1663,1,"7-3716631","09/29/2022"
"1795","Russia","Soviet Union","159 BMP-1(P)","damaged","https://postimg.cc/DJp7JbvH","2022-09-29",37,1664,4,"7-3716644","09/29/2022"
"1796","Russia","Soviet Union","159 BMP-1(P)","damaged","https://twitter.com/UAWeapons/status/1535717957652865029","2022-09-29",37,1665,4,"7-3716654","09/29/2022"
"1797","Russia","Soviet Union","159 BMP-1(P)","damaged","https://i.postimg.cc/Z5cKsDdh/478.png","2022-09-29",37,1666,4,"7-3716664","09/29/2022"
"1798","Russia","Soviet Union","159 BMP-1(P)","abandoned","https://i.postimg.cc/Z5cKsDdh/478.png","2022-09-29",37,1666,2,"7-3716662","09/29/2022"
"1799","Russia","Soviet Union","159 BMP-1(P)","damaged","https://i.postimg.cc/QMPbRrpP/8j.png","2022-09-29",37,1667,4,"7-3716674","09/29/2022"
"1800","Russia","Soviet Union","159 BMP-1(P)","abandoned","https://i.postimg.cc/QMPbRrpP/8j.png","2022-09-29",37,1667,2,"7-3716672","09/29/2022"
"1801","Russia","Soviet Union","159 BMP-1(P)","damaged","https://i.postimg.cc/CLz7N7gC/d3.jpg","2022-09-29",37,1668,4,"7-3716684","09/29/2022"
"1802","Russia","Soviet Union","159 BMP-1(P)","abandoned","https://i.postimg.cc/CLz7N7gC/d3.jpg","2022-09-29",37,1668,2,"7-3716682","09/29/2022"
"1803","Russia","Soviet Union","159 BMP-1(P)","damaged","https://twitter.com/UAWeapons/status/1536424104957460480","2022-09-29",37,1645,4,"7-3716454","09/29/2022"
"1804","Russia","Soviet Union","159 BMP-1(P)","abandoned","https://twitter.com/UAWeapons/status/1536424104957460480","2022-09-29",37,1645,2,"7-3716452","09/29/2022"
"1805","Russia","Soviet Union","159 BMP-1(P)","abandoned","https://i.postimg.cc/D0F7t6vH/b55.jpg","2022-09-29",37,1669,2,"7-3716692","09/29/2022"
"1806","Russia","Soviet Union","159 BMP-1(P)","abandoned","https://i.postimg.cc/8Cpqfmv7/3322.jpg","2022-09-29",37,1670,2,"7-3716702","09/29/2022"
"1807","Russia","Soviet Union","159 BMP-1(P)","abandoned","https://i.postimg.cc/8ztZ9QFC/cs3.jpg","2022-09-29",37,1671,2,"7-3716712","09/29/2022"
"1808","Russia","Soviet Union","159 BMP-1(P)","abandoned","https://i.postimg.cc/P5dzz35Q/dd.jpg","2022-09-29",37,1672,2,"7-3716722","09/29/2022"
"1809","Russia","Soviet Union","159 BMP-1(P)","abandoned","https://i.postimg.cc/pXwSB7s7/441.jpg","2022-09-29",37,1673,2,"7-3716732","09/29/2022"
"1810","Russia","Soviet Union","159 BMP-1(P)","damaged","https://i.postimg.cc/W4wTp5Qd/6h5.png","2022-09-29",37,1674,4,"7-3716744","09/29/2022"
"1811","Russia","Soviet Union","159 BMP-1(P)","captured","https://i.postimg.cc/W4wTp5Qd/6h5.png","2022-09-29",37,1674,3,"7-3716743","09/29/2022"
"1812","Russia","Soviet Union","159 BMP-1(P)","captured","https://i.postimg.cc/vZKJYwpk/2022-09-11-BMP-1.jpg","2022-09-29",37,1675,3,"7-3716753","09/29/2022"
"1813","Russia","Soviet Union","159 BMP-1(P)","damaged","https://i.postimg.cc/4NDTHKWz/1000-bmp-1.jpg","2022-09-29",37,1676,4,"7-3716764","09/29/2022"
"1814","Russia","Soviet Union","159 BMP-1(P)","captured","https://i.postimg.cc/4NDTHKWz/1000-bmp-1.jpg","2022-09-29",37,1676,3,"7-3716763","09/29/2022"
"1815","Russia","Soviet Union","159 BMP-1(P)","captured","https://i.postimg.cc/Z5SQKHzb/32.png","2022-09-29",37,1677,3,"7-3716773","09/29/2022"
"1816","Russia","Soviet Union","159 BMP-1(P)","captured","https://i.postimg.cc/BvRYDG6F/3e.png","2022-09-29",37,1678,3,"7-3716783","09/29/2022"
"1817","Russia","Soviet Union","159 BMP-1(P)","captured","https://i.postimg.cc/x826xyLT/g0.png","2022-09-29",37,1679,3,"7-3716793","09/29/2022"
"1818","Russia","Soviet Union","159 BMP-1(P)","captured","https://i.postimg.cc/9XJw4wL4/6877.jpg","2022-09-29",37,1680,3,"7-3716803","09/29/2022"
"1819","Russia","Soviet Union","159 BMP-1(P)","captured","https://i.postimg.cc/Z5ZPkvKV/52.jpg","2022-09-29",37,1681,3,"7-3716813","09/29/2022"
"1820","Russia","Soviet Union","159 BMP-1(P)","captured","https://i.postimg.cc/br67qwCh/30.jpg","2022-09-29",37,1682,3,"7-3716823","09/29/2022"
"1821","Russia","Soviet Union","159 BMP-1(P)","captured","https://i.postimg.cc/Nj2bkD6q/389.png","2022-09-29",37,1683,3,"7-3716833","09/29/2022"
"1822","Russia","Soviet Union","159 BMP-1(P)","captured","https://i.postimg.cc/d3MG7nfd/dr.jpg","2022-09-29",37,1684,3,"7-3716843","09/29/2022"
"1823","Russia","Soviet Union","159 BMP-1(P)","captured","https://i.postimg.cc/CKSVtGFx/43f.png","2022-09-29",37,1685,3,"7-3716853","09/29/2022"
"1824","Russia","Soviet Union","159 BMP-1(P)","captured","https://i.postimg.cc/g0Yf4GDw/44f.png","2022-09-29",37,1686,3,"7-3716863","09/29/2022"
"1825","Russia","Soviet Union","159 BMP-1(P)","captured","https://twitter.com/UAWeapons/status/1527732387748233218","2022-09-29",37,1687,3,"7-3716873","09/29/2022"
"1826","Russia","Soviet Union","159 BMP-1(P)","captured","https://i.postimg.cc/FHQ3wKRX/h776.jpg","2022-09-29",37,1688,3,"7-3716883","09/29/2022"
"1827","Russia","Soviet Union","159 BMP-1(P)","captured","https://twitter.com/UAWeapons/status/1537774779591172096","2022-09-29",37,1689,3,"7-3716893","09/29/2022"
"1828","Russia","Soviet Union","159 BMP-1(P)","captured","https://i.postimg.cc/YSF30Tyn/7776.jpg","2022-09-29",37,1690,3,"7-3716903","09/29/2022"
"1829","Russia","Soviet Union","159 BMP-1(P)","captured","https://i.postimg.cc/02K6dR7P/ff4k.png","2022-09-29",37,1691,3,"7-3716913","09/29/2022"
"1830","Russia","Soviet Union","159 BMP-1(P)","captured","https://i.postimg.cc/sxG1jW4t/445.png","2022-09-29",37,1692,3,"7-3716923","09/29/2022"
"1831","Russia","Soviet Union","159 BMP-1(P)","captured","https://i.postimg.cc/c6y4Tnn0/87.jpg","2022-09-29",37,1693,3,"7-3716933","09/29/2022"
"1832","Russia","Soviet Union","159 BMP-1(P)","captured","https://i.postimg.cc/kG9LR8PP/67.png","2022-09-29",37,1694,3,"7-3716943","09/29/2022"
"1833","Russia","Soviet Union","159 BMP-1(P)","captured","https://i.postimg.cc/bwHvf499/1006.jpg","2022-09-29",37,1695,3,"7-3716953","09/29/2022"
"1834","Russia","Soviet Union","159 BMP-1(P)","captured","https://i.postimg.cc/jjbzC407/79p.jpg","2022-09-29",37,1599,3,"7-3715993","09/29/2022"
"1835","Russia","Soviet Union","159 BMP-1(P)","captured","https://twitter.com/UAWeapons/status/1546616242949312517","2022-09-29",37,1696,3,"7-3716963","09/29/2022"
"1836","Russia","Soviet Union","159 BMP-1(P)","captured","https://i.postimg.cc/HsNRcpkb/1002.jpg","2022-09-29",37,1697,3,"7-3716973","09/29/2022"
"1837","Russia","Soviet Union","159 BMP-1(P)","captured","https://i.postimg.cc/5NDK9ns3/1003.jpg","2022-09-29",37,1698,3,"7-3716983","09/29/2022"
"1838","Russia","Soviet Union","159 BMP-1(P)","captured","https://twitter.com/UAWeapons/status/1548716928415539202","2022-09-29",37,1699,3,"7-3716993","09/29/2022"
"1839","Russia","Soviet Union","159 BMP-1(P)","captured","https://i.postimg.cc/LXdd43CP/1004.jpg","2022-09-29",37,1700,3,"7-3717003","09/29/2022"
"1840","Russia","Soviet Union","159 BMP-1(P)","captured","https://i.postimg.cc/y697kxxm/1002.jpg","2022-09-29",37,1701,3,"7-3717013","09/29/2022"
"1841","Russia","Soviet Union","159 BMP-1(P)","captured","https://i.postimg.cc/sx43xwB6/33d.jpg","2022-09-29",37,1702,3,"7-3717023","09/29/2022"
"1842","Russia","Soviet Union","159 BMP-1(P)","captured","https://i.postimg.cc/kGp8z952/Screenshot-9133.png","2022-09-29",37,1703,3,"7-3717033","09/29/2022"
"1843","Russia","Soviet Union","159 BMP-1(P)","captured","https://i.postimg.cc/QM37RfjJ/Screenshot-9134.png","2022-09-29",37,1704,3,"7-3717043","09/29/2022"
"1844","Russia","Soviet Union","159 BMP-1(P)","captured","https://i.postimg.cc/bJLsPghp/ggg5.jpg","2022-09-29",37,1705,3,"7-3717053","09/29/2022"
"1845","Russia","Soviet Union","159 BMP-1(P)","captured","https://twitter.com/UAWeapons/status/1554939028432093184","2022-09-29",37,1706,3,"7-3717063","09/29/2022"
"1846","Russia","Soviet Union","159 BMP-1(P)","captured","https://i.postimg.cc/260SqLJ3/318.png","2022-09-29",37,1707,3,"7-3717073","09/29/2022"
"1847","Russia","Soviet Union","159 BMP-1(P)","captured","https://i.postimg.cc/yNmDQ6Zj/1002-bmp1.jpg","2022-09-29",37,1708,3,"7-3717083","09/29/2022"
"1848","Russia","Soviet Union","159 BMP-1(P)","captured","https://i.postimg.cc/650j2N8m/1002-bmp1.jpg","2022-09-29",37,1709,3,"7-3717093","09/29/2022"
"1849","Russia","Soviet Union","159 BMP-1(P)","captured","https://i.postimg.cc/bwWbxmv8/1003-bmp1.jpg","2022-09-29",37,1710,3,"7-3717103","09/29/2022"
"1850","Russia","Soviet Union","159 BMP-1(P)","captured","https://i.postimg.cc/d3sTsX5R/1004-bmp1.jpg","2022-09-29",37,1711,3,"7-3717113","09/29/2022"
"1851","Russia","Soviet Union","159 BMP-1(P)","captured","https://i.postimg.cc/hGmmpVJm/1005-bmp1.jpg","2022-09-29",37,1712,3,"7-3717123","09/29/2022"
"1852","Russia","Soviet Union","159 BMP-1(P)","captured","https://twitter.com/UAWeapons/status/1562876165164900352","2022-09-29",37,808,3,"7-378083","09/29/2022"
"1853","Russia","Soviet Union","159 BMP-1(P)","captured","https://twitter.com/UAWeapons/status/1563934285484236800","2022-09-29",37,1713,3,"7-3717133","09/29/2022"
"1854","Russia","Soviet Union","159 BMP-1(P)","captured","https://i.postimg.cc/FFqYfPGX/1044-bmp1.jpg","2022-09-29",37,1714,3,"7-3717143","09/29/2022"
"1855","Russia","Soviet Union","159 BMP-1(P)","damaged","https://i.postimg.cc/GmKgzL7N/1020-bmp1-2.jpg","2022-09-29",37,1715,4,"7-3717154","09/29/2022"
"1856","Russia","Soviet Union","159 BMP-1(P)","captured","https://i.postimg.cc/GmKgzL7N/1020-bmp1-2.jpg","2022-09-29",37,1715,3,"7-3717153","09/29/2022"
"1857","Russia","Soviet Union","159 BMP-1(P)","captured","https://i.postimg.cc/jStkzwXP/1021-bmp1.jpg","2022-09-29",37,1716,3,"7-3717163","09/29/2022"
"1858","Russia","Soviet Union","159 BMP-1(P)","captured","https://twitter.com/UAWeapons/status/1567970224015659011","2022-09-29",37,1717,3,"7-3717173","09/29/2022"
"1859","Russia","Soviet Union","159 BMP-1(P)","captured","https://i.postimg.cc/9QYM4kSj/1021-bmp1.jpg","2022-09-29",37,1718,3,"7-3717183","09/29/2022"
"1860","Russia","Soviet Union","159 BMP-1(P)","captured","https://i.postimg.cc/pLTnN0j2/1001-bmp1.jpg","2022-09-29",37,1719,3,"7-3717193","09/29/2022"
"1861","Russia","Soviet Union","159 BMP-1(P)","captured","https://i.postimg.cc/bwkF47Zn/1014-bmp2.jpg","2022-09-29",37,1720,3,"7-3717203","09/29/2022"
"1862","Russia","Soviet Union","159 BMP-1(P)","damaged","https://i.postimg.cc/ZnJGGXnj/1026-bmp1.jpg","2022-09-29",37,1721,4,"7-3717214","09/29/2022"
"1863","Russia","Soviet Union","159 BMP-1(P)","captured","https://i.postimg.cc/ZnJGGXnj/1026-bmp1.jpg","2022-09-29",37,1721,3,"7-3717213","09/29/2022"
"1864","Russia","Soviet Union","159 BMP-1(P)","captured","https://twitter.com/UAWeapons/status/1569058662869516289","2022-09-29",37,1307,3,"7-3713073","09/29/2022"
"1865","Russia","Soviet Union","159 BMP-1(P)","captured","https://i.postimg.cc/L6gn7XLT/1012-bmp1.jpg","2022-09-29",37,1722,3,"7-3717223","09/29/2022"
"1866","Russia","Soviet Union","159 BMP-1(P)","captured","https://i.postimg.cc/6QSJnxSM/1002-bmp1.jpg","2022-09-29",37,1723,3,"7-3717233","09/29/2022"
"1867","Russia","Soviet Union","159 BMP-1(P)","captured","https://twitter.com/UAWeapons/status/1569429188360167427","2022-09-29",37,1724,3,"7-3717243","09/29/2022"
"1868","Russia","Soviet Union","159 BMP-1(P)","captured","https://i.postimg.cc/RF1W2CVg/1015-bmp1.jpg","2022-09-29",37,1725,3,"7-3717253","09/29/2022"
"1869","Russia","Soviet Union","159 BMP-1(P)","captured","https://twitter.com/UAWeapons/status/1570157461973401600","2022-09-29",37,496,3,"7-374963","09/29/2022"
"1870","Russia","Soviet Union","159 BMP-1(P)","captured","https://i.postimg.cc/BQHYGVms/3gd.png","2022-09-29",37,1726,3,"7-3717263","09/29/2022"
"1871","Russia","Soviet Union","159 BMP-1(P)","captured","https://i.postimg.cc/MTC5QWBH/1002-bmp1.jpg","2022-09-29",37,1727,3,"7-3717273","09/29/2022"
"1872","Russia","Soviet Union","159 BMP-1(P)","captured","https://postimg.cc/0zKZyJT9","2022-09-29",37,1728,3,"7-3717283","09/29/2022"
"1873","Russia","Soviet Union","159 BMP-1(P)","captured","https://postimg.cc/ygWwhxR8","2022-09-29",37,1729,3,"7-3717293","09/29/2022"
"1874","Russia","Soviet Union","159 BMP-1(P)","captured","https://twitter.com/UAWeapons/status/1571180289560297476","2022-09-29",37,1730,3,"7-3717303","09/29/2022"
"1875","Russia","Soviet Union","159 BMP-1(P)","captured","https://postimg.cc/Yh1ntpQz","2022-09-29",37,1731,3,"7-3717313","09/29/2022"
"1876","Russia","Soviet Union","159 BMP-1(P)","captured","https://postimg.cc/D8D0p2CH","2022-09-29",37,1732,3,"7-3717323","09/29/2022"
"1877","Russia","Russia","BMP-1AM","destroyed","https://i.postimg.cc/kMNBcp0v/6899.png","2022-09-29",38,1733,1,"7-3817331","09/29/2022"
"1878","Russia","Russia","BMP-1AM","destroyed","https://i.postimg.cc/ZYwxwfgq/k87.jpg","2022-09-29",38,1734,1,"7-3817341","09/29/2022"
"1879","Russia","Russia","BMP-1AM","destroyed","https://twitter.com/UAWeapons/status/1529494451705593861","2022-09-29",38,1735,1,"7-3817351","09/29/2022"
"1880","Russia","Russia","BMP-1AM","destroyed","https://i.postimg.cc/nLJHLtbB/6h6h.jpg","2022-09-29",38,1736,1,"7-3817361","09/29/2022"
"1881","Russia","Russia","BMP-1AM","destroyed","https://i.postimg.cc/KjxTtT3d/4f0.png","2022-09-29",38,1737,1,"7-3817371","09/29/2022"
"1882","Russia","Russia","BMP-1AM","destroyed","https://i.postimg.cc/76XHnSxQ/1009.jpg","2022-09-29",38,1738,1,"7-3817381","09/29/2022"
"1883","Russia","Russia","BMP-1AM","captured","https://i.postimg.cc/8CbfN504/57h.png","2022-09-29",38,1739,3,"7-3817393","09/29/2022"
"1884","Russia","Russia","BMP-1AM","destroyed","https://i.postimg.cc/8CbfN504/57h.png","2022-09-29",38,1739,1,"7-3817391","09/29/2022"
"1885","Russia","Russia","BMP-1AM","destroyed","https://i.postimg.cc/90MrW0yq/1000-bmp1am.jpg","2022-09-29",38,1740,1,"7-3817401","09/29/2022"
"1886","Russia","Russia","BMP-1AM","destroyed","https://twitter.com/RALee85/status/1559268618864656388","2022-09-29",38,1741,1,"7-3817411","09/29/2022"
"1887","Russia","Russia","BMP-1AM","damaged","https://i.postimg.cc/HLqkkqg0/1003-bmp1am.jpg","2022-09-29",38,1742,4,"7-3817424","09/29/2022"
"1888","Russia","Russia","BMP-1AM","damaged","https://i.postimg.cc/0Nbx8HDv/dc.jpg","2022-09-29",38,1743,4,"7-3817434","09/29/2022"
"1889","Russia","Russia","BMP-1AM","abandoned","https://i.postimg.cc/0Nbx8HDv/dc.jpg","2022-09-29",38,1743,2,"7-3817432","09/29/2022"
"1890","Russia","Russia","BMP-1AM","abandoned","https://i.postimg.cc/j5fbfwMk/d4.jpg","2022-09-29",38,1744,2,"7-3817442","09/29/2022"
"1891","Russia","Russia","BMP-1AM","abandoned","https://i.postimg.cc/SQrpTVVm/548.png","2022-09-29",38,1745,2,"7-3817452","09/29/2022"
"1892","Russia","Russia","BMP-1AM","damaged","https://twitter.com/UAWeapons/status/1558386570432073728","2022-09-29",38,1746,4,"7-3817464","09/29/2022"
"1893","Russia","Russia","BMP-1AM","captured","https://twitter.com/UAWeapons/status/1558386570432073728","2022-09-29",38,1746,3,"7-3817463","09/29/2022"
"1894","Russia","Russia","BMP-1AM","damaged","https://i.postimg.cc/RZnJ6Wy7/1003-bmp1am.jpg","2022-09-29",38,1747,4,"7-3817474","09/29/2022"
"1895","Russia","Russia","BMP-1AM","captured","https://i.postimg.cc/RZnJ6Wy7/1003-bmp1am.jpg","2022-09-29",38,1747,3,"7-3817473","09/29/2022"
"1896","Russia","Soviet Union","500 BMP-2(K)","destroyed","https://i.postimg.cc/DfPKVNGh/13.png","2022-09-29",39,1748,1,"7-3917481","09/29/2022"
"1897","Russia","Soviet Union","500 BMP-2(K)","destroyed","https://i.postimg.cc/26qYmmgL/668.png","2022-09-29",39,1749,1,"7-3917491","09/29/2022"
"1898","Russia","Soviet Union","500 BMP-2(K)","destroyed","https://i.postimg.cc/43mvcd15/b1.png","2022-09-29",39,1750,1,"7-3917501","09/29/2022"
"1899","Russia","Soviet Union","500 BMP-2(K)","destroyed","https://i.postimg.cc/NMX1NzS2/b2.png","2022-09-29",39,1751,1,"7-3917511","09/29/2022"
"1900","Russia","Soviet Union","500 BMP-2(K)","destroyed","https://i.postimg.cc/7Z1483JC/4433.png","2022-09-29",39,1752,1,"7-3917521","09/29/2022"
"1901","Russia","Soviet Union","500 BMP-2(K)","destroyed","https://i.postimg.cc/vHXP8qy9/65.png","2022-09-29",39,1753,1,"7-3917531","09/29/2022"
"1902","Russia","Soviet Union","500 BMP-2(K)","destroyed","https://i.postimg.cc/Xvkd415C/gg6.jpg","2022-09-29",39,1754,1,"7-3917541","09/29/2022"
"1903","Russia","Soviet Union","500 BMP-2(K)","destroyed","https://i.postimg.cc/0j9NCj2K/f24.png","2022-09-29",39,1755,1,"7-3917551","09/29/2022"
"1904","Russia","Soviet Union","500 BMP-2(K)","destroyed","https://i.postimg.cc/FRqXfttT/436.png","2022-09-29",39,1756,1,"7-3917561","09/29/2022"
"1905","Russia","Soviet Union","500 BMP-2(K)","destroyed","https://i.postimg.cc/TPW4vs1n/212.png","2022-09-29",39,1757,1,"7-3917571","09/29/2022"
"1906","Russia","Soviet Union","500 BMP-2(K)","destroyed","https://i.postimg.cc/5NDvYDNJ/bbmmpp22.jpg","2022-09-29",39,1758,1,"7-3917581","09/29/2022"
"1907","Russia","Soviet Union","500 BMP-2(K)","destroyed","https://i.postimg.cc/gkTGLLWz/985.png","2022-09-29",39,1759,1,"7-3917591","09/29/2022"
"1908","Russia","Soviet Union","500 BMP-2(K)","destroyed","https://i.postimg.cc/mDcppvGx/1f7.png","2022-09-29",39,1760,1,"7-3917601","09/29/2022"
"1909","Russia","Soviet Union","500 BMP-2(K)","destroyed","https://i.postimg.cc/hPWjt8Fk/443.png","2022-09-29",39,1761,1,"7-3917611","09/29/2022"
"1910","Russia","Soviet Union","500 BMP-2(K)","destroyed","https://i.postimg.cc/tJXqrWt2/5y8.png","2022-09-29",39,1762,1,"7-3917621","09/29/2022"
"1911","Russia","Soviet Union","500 BMP-2(K)","destroyed","https://i.postimg.cc/ydzX833d/f46.png","2022-09-29",39,1763,1,"7-3917631","09/29/2022"
"1912","Russia","Soviet Union","500 BMP-2(K)","destroyed","https://i.postimg.cc/BbPvL9ZN/hh7.jpg","2022-09-29",39,1764,1,"7-3917641","09/29/2022"
"1913","Russia","Soviet Union","500 BMP-2(K)","destroyed","https://i.postimg.cc/vm4hHy4D/f23a.png","2022-09-29",39,1765,1,"7-3917651","09/29/2022"
"1914","Russia","Soviet Union","500 BMP-2(K)","destroyed","https://i.postimg.cc/dQCjCzmb/1006-bmp2.jpg","2022-09-29",39,1766,1,"7-3917661","09/29/2022"
"1915","Russia","Soviet Union","500 BMP-2(K)","destroyed","https://i.postimg.cc/PfvwgJQJ/4f22.png","2022-09-29",39,1767,1,"7-3917671","09/29/2022"
"1916","Russia","Soviet Union","500 BMP-2(K)","destroyed","https://i.postimg.cc/jSsg42Dg/213.png","2022-09-29",39,1768,1,"7-3917681","09/29/2022"
"1917","Russia","Soviet Union","500 BMP-2(K)","destroyed","https://i.postimg.cc/JhDwp7rZ/n8.png","2022-09-29",39,1769,1,"7-3917691","09/29/2022"
"1918","Russia","Soviet Union","500 BMP-2(K)","destroyed","https://postimg.cc/XBC00RJW","2022-09-29",39,1770,1,"7-3917701","09/29/2022"
"1919","Russia","Soviet Union","500 BMP-2(K)","destroyed","https://i.postimg.cc/vTjwtt3s/b2.png","2022-09-29",39,1771,1,"7-3917711","09/29/2022"
"1920","Russia","Soviet Union","500 BMP-2(K)","destroyed","https://i.postimg.cc/1XWcgCn1/653g.jpg","2022-09-29",39,1772,1,"7-3917721","09/29/2022"
"1921","Russia","Soviet Union","500 BMP-2(K)","destroyed","https://i.postimg.cc/ZqKnwD3v/f3hj.png","2022-09-29",39,1773,1,"7-3917731","09/29/2022"
"1922","Russia","Soviet Union","500 BMP-2(K)","destroyed","https://i.postimg.cc/dQ7HcyY7/bmp2.png","2022-09-29",39,1774,1,"7-3917741","09/29/2022"
"1923","Russia","Soviet Union","500 BMP-2(K)","destroyed","https://postlmg.cc/jny01hRh","2022-09-29",39,1775,1,"7-3917751","09/29/2022"
"1924","Russia","Soviet Union","500 BMP-2(K)","destroyed","https://i.postimg.cc/sxpLZX17/44f1.png","2022-09-29",39,1776,1,"7-3917761","09/29/2022"
"1925","Russia","Soviet Union","500 BMP-2(K)","destroyed","https://i.postimg.cc/m2bRRf7L/5g.png","2022-09-29",39,1777,1,"7-3917771","09/29/2022"
"1926","Russia","Soviet Union","500 BMP-2(K)","destroyed","https://i.postimg.cc/wxFtfg1F/jo.png","2022-09-29",39,1778,1,"7-3917781","09/29/2022"
"1927","Russia","Soviet Union","500 BMP-2(K)","destroyed","https://i.postimg.cc/rmjBhWPy/5y5.png","2022-09-29",39,1779,1,"7-3917791","09/29/2022"
"1928","Russia","Soviet Union","500 BMP-2(K)","destroyed","https://i.postimg.cc/NFmgtZsB/3d1.png","2022-09-29",39,1780,1,"7-3917801","09/29/2022"
"1929","Russia","Soviet Union","500 BMP-2(K)","destroyed","https://i.postimg.cc/vZpbpC2m/415.png","2022-09-29",39,1781,1,"7-3917811","09/29/2022"
"1930","Russia","Soviet Union","500 BMP-2(K)","destroyed","https://i.postimg.cc/3Jzmmyqb/57h.png","2022-09-29",39,1782,1,"7-3917821","09/29/2022"
"1931","Russia","Soviet Union","500 BMP-2(K)","destroyed","https://i.postimg.cc/Jzh9cSf0/313.png","2022-09-29",39,1783,1,"7-3917831","09/29/2022"
"1932","Russia","Soviet Union","500 BMP-2(K)","destroyed","https://i.postimg.cc/cCdrjdTk/1030-bmp2.jpg","2022-09-29",39,1784,1,"7-3917841","09/29/2022"
"1933","Russia","Soviet Union","500 BMP-2(K)","destroyed","https://i.postimg.cc/8PBwj8S7/7i.png","2022-09-29",39,1785,1,"7-3917851","09/29/2022"
"1934","Russia","Soviet Union","500 BMP-2(K)","destroyed","https://i.postimg.cc/JnYJmR9J/3d.png","2022-09-29",39,1786,1,"7-3917861","09/29/2022"
"1935","Russia","Soviet Union","500 BMP-2(K)","destroyed","https://i.postimg.cc/44pfYfdz/4fh.png","2022-09-29",39,1787,1,"7-3917871","09/29/2022"
"1936","Russia","Soviet Union","500 BMP-2(K)","destroyed","https://i.postimg.cc/T3bXJd6c/4g.png","2022-09-29",39,1788,1,"7-3917881","09/29/2022"
"1937","Russia","Soviet Union","500 BMP-2(K)","destroyed","https://i.postimg.cc/0jHKLbvz/f86.png","2022-09-29",39,1789,1,"7-3917891","09/29/2022"
"1938","Russia","Soviet Union","500 BMP-2(K)","destroyed","https://twitter.com/UAWeapons/status/1505490721989611524","2022-09-29",39,1790,1,"7-3917901","09/29/2022"
"1939","Russia","Soviet Union","500 BMP-2(K)","destroyed","https://i.postimg.cc/BnBx7nDb/764.png","2022-09-29",39,1791,1,"7-3917911","09/29/2022"
"1940","Russia","Soviet Union","500 BMP-2(K)","destroyed","https://i.postimg.cc/YSwk8bdb/1032-bmp2.jpg","2022-09-29",39,1792,1,"7-3917921","09/29/2022"
"1941","Russia","Soviet Union","500 BMP-2(K)","destroyed","https://i.postimg.cc/9M863pB3/1033-bmp2.jpg","2022-09-29",39,1793,1,"7-3917931","09/29/2022"
"1942","Russia","Soviet Union","500 BMP-2(K)","destroyed","https://i.postimg.cc/vTdWjXkN/355.png","2022-09-29",39,1794,1,"7-3917941","09/29/2022"
"1943","Russia","Soviet Union","500 BMP-2(K)","destroyed","https://i.postimg.cc/h4VCnDsZ/33188.png","2022-09-29",39,1795,1,"7-3917951","09/29/2022"
"1944","Russia","Soviet Union","500 BMP-2(K)","destroyed","https://i.postimg.cc/Jhfk4vJ9/d133.jpg","2022-09-29",39,1796,1,"7-3917961","09/29/2022"
"1945","Russia","Soviet Union","500 BMP-2(K)","destroyed","https://i.postimg.cc/NMD3tQD2/76.jpg","2022-09-29",39,1797,1,"7-3917971","09/29/2022"
"1946","Russia","Soviet Union","500 BMP-2(K)","destroyed","https://i.postimg.cc/9z5BPs2b/m1.png","2022-09-29",39,1798,1,"7-3917981","09/29/2022"
"1947","Russia","Soviet Union","500 BMP-2(K)","destroyed","https://i.postimg.cc/3J2MMTkK/m2.png","2022-09-29",39,1799,1,"7-3917991","09/29/2022"
"1948","Russia","Soviet Union","500 BMP-2(K)","destroyed","https://i.postimg.cc/CMfXDgHj/m3.png","2022-09-29",39,1800,1,"7-3918001","09/29/2022"
"1949","Russia","Soviet Union","500 BMP-2(K)","destroyed","https://i.postimg.cc/43dF3kxH/m4.png","2022-09-29",39,1801,1,"7-3918011","09/29/2022"
"1950","Russia","Soviet Union","500 BMP-2(K)","destroyed","https://i.postimg.cc/QtK4pQ5X/m5.png","2022-09-29",39,1802,1,"7-3918021","09/29/2022"
"1951","Russia","Soviet Union","500 BMP-2(K)","destroyed","https://i.postimg.cc/PJG6KCz1/m6.png","2022-09-29",39,1803,1,"7-3918031","09/29/2022"
"1952","Russia","Soviet Union","500 BMP-2(K)","destroyed","https://i.postimg.cc/fyY13NNs/1034-bmp2.jpg","2022-09-29",39,1804,1,"7-3918041","09/29/2022"
"1953","Russia","Soviet Union","500 BMP-2(K)","destroyed","https://i.postimg.cc/KvkpxVnz/t4.jpg","2022-09-29",39,1805,1,"7-3918051","09/29/2022"
"1954","Russia","Soviet Union","500 BMP-2(K)","destroyed","https://i.postimg.cc/HnJzWc8K/t5.jpg","2022-09-29",39,1806,1,"7-3918061","09/29/2022"
"1955","Russia","Soviet Union","500 BMP-2(K)","destroyed","https://i.postimg.cc/VNZcqP4V/4.png","2022-09-29",39,1807,1,"7-3918071","09/29/2022"
"1956","Russia","Soviet Union","500 BMP-2(K)","destroyed","https://twitter.com/UAWeapons/status/1506665767206592516","2022-09-29",39,1808,1,"7-3918081","09/29/2022"
"1957","Russia","Soviet Union","500 BMP-2(K)","destroyed","https://i.postimg.cc/TP1qqvsj/7644.jpg","2022-09-29",39,1809,1,"7-3918091","09/29/2022"
"1958","Russia","Soviet Union","500 BMP-2(K)","destroyed","https://i.postimg.cc/fTmYsJJb/54f.png","2022-09-29",39,699,1,"7-396991","09/29/2022"
"1959","Russia","Soviet Union","500 BMP-2(K)","destroyed","https://i.postimg.cc/zvB5NG1f/b11.jpg","2022-09-29",39,1810,1,"7-3918101","09/29/2022"
"1960","Russia","Soviet Union","500 BMP-2(K)","destroyed","https://i.postimg.cc/6QKYW16J/bmp22.jpg","2022-09-29",39,1811,1,"7-3918111","09/29/2022"
"1961","Russia","Soviet Union","500 BMP-2(K)","destroyed","https://i.postimg.cc/PxRWw6Hq/bmp222.jpg","2022-09-29",39,1812,1,"7-3918121","09/29/2022"
"1962","Russia","Soviet Union","500 BMP-2(K)","destroyed","https://i.postimg.cc/8cm0ZHPn/368.jpg","2022-09-29",39,1813,1,"7-3918131","09/29/2022"
"1963","Russia","Soviet Union","500 BMP-2(K)","destroyed","https://i.postimg.cc/DZHXtkmS/bbmp22.png","2022-09-29",39,1814,1,"7-3918141","09/29/2022"
"1964","Russia","Soviet Union","500 BMP-2(K)","destroyed","https://i.postimg.cc/d1bh52Sd/bmmp.png","2022-09-29",39,1815,1,"7-3918151","09/29/2022"
"1965","Russia","Soviet Union","500 BMP-2(K)","destroyed","https://i.postimg.cc/yNrgZ4mL/bmmmppp22.jpg","2022-09-29",39,1816,1,"7-3918161","09/29/2022"
"1966","Russia","Soviet Union","500 BMP-2(K)","destroyed","https://i.postimg.cc/2jZS8BVb/bmp.jpg","2022-09-29",39,1817,1,"7-3918171","09/29/2022"
"1967","Russia","Soviet Union","500 BMP-2(K)","destroyed","https://i.postimg.cc/nc8BHDGM/bmp22222222222.png","2022-09-29",39,1818,1,"7-3918181","09/29/2022"
"1968","Russia","Soviet Union","500 BMP-2(K)","destroyed","https://i.postimg.cc/9FNbyxhF/1014-bmp2.jpg","2022-09-29",39,1819,1,"7-3918191","09/29/2022"
"1969","Russia","Soviet Union","500 BMP-2(K)","destroyed","https://i.postimg.cc/8kWnGxFf/1000-bmp2.jpg","2022-09-29",39,1820,1,"7-3918201","09/29/2022"
"1970","Russia","Soviet Union","500 BMP-2(K)","destroyed","https://i.postimg.cc/x8mxhn6r/1000.jpg","2022-09-29",39,1821,1,"7-3918211","09/29/2022"
"1971","Russia","Soviet Union","500 BMP-2(K)","destroyed","https://i.postimg.cc/3JgpWxt1/bmpp2.png","2022-09-29",39,1822,1,"7-3918221","09/29/2022"
"1972","Russia","Soviet Union","500 BMP-2(K)","destroyed","https://i.postimg.cc/NG1NnbBw/bmp22222222.png","2022-09-29",39,1823,1,"7-3918231","09/29/2022"
"1973","Russia","Soviet Union","500 BMP-2(K)","destroyed","https://i.postimg.cc/Y2gVHMNZ/bbmmppp222.jpg","2022-09-29",39,1824,1,"7-3918241","09/29/2022"
"1974","Russia","Soviet Union","500 BMP-2(K)","destroyed","https://postimg.cc/phZCNkpj","2022-09-29",39,1825,1,"7-3918251","09/29/2022"
"1975","Russia","Soviet Union","500 BMP-2(K)","destroyed","https://i.postimg.cc/PqQS8KWB/1023.jpg","2022-09-29",39,1826,1,"7-3918261","09/29/2022"
"1976","Russia","Soviet Union","500 BMP-2(K)","destroyed","https://i.postimg.cc/B6Fh4BFH/bmpp.png","2022-09-29",39,1827,1,"7-3918271","09/29/2022"
"1977","Russia","Soviet Union","500 BMP-2(K)","destroyed","https://i.postimg.cc/VkMGzzds/1022.jpg","2022-09-29",39,1828,1,"7-3918281","09/29/2022"
"1978","Russia","Soviet Union","500 BMP-2(K)","destroyed","https://i.postimg.cc/RZPpRF96/bmmpp2222.jpg","2022-09-29",39,1829,1,"7-3918291","09/29/2022"
"1979","Russia","Soviet Union","500 BMP-2(K)","destroyed","https://i.postimg.cc/MKW6Bzsv/356.png","2022-09-29",39,1830,1,"7-3918301","09/29/2022"
"1980","Russia","Soviet Union","500 BMP-2(K)","destroyed","https://i.postimg.cc/Xq0sJBKh/bmmppp2.png","2022-09-29",39,1831,1,"7-3918311","09/29/2022"
"1981","Russia","Soviet Union","500 BMP-2(K)","destroyed","https://i.postimg.cc/J0cPB7Ph/dbmp2.png","2022-09-29",39,1832,1,"7-3918321","09/29/2022"
"1982","Russia","Soviet Union","500 BMP-2(K)","destroyed","https://i.postimg.cc/PqxGS9mb/1035-bmp2.jpg","2022-09-29",39,1833,1,"7-3918331","09/29/2022"
"1983","Russia","Soviet Union","500 BMP-2(K)","destroyed","https://i.postimg.cc/rFNPDjP9/bbmmp222.jpg","2022-09-29",39,1834,1,"7-3918341","09/29/2022"
"1984","Russia","Soviet Union","500 BMP-2(K)","destroyed","https://postimg.cc/mtqwGP2m","2022-09-29",39,1835,1,"7-3918351","09/29/2022"
"1985","Russia","Soviet Union","500 BMP-2(K)","destroyed","https://i.postimg.cc/RhsJYj0R/bb1.png","2022-09-29",39,1836,1,"7-3918361","09/29/2022"
"1986","Russia","Soviet Union","500 BMP-2(K)","destroyed","https://i.postimg.cc/QN07VWqT/bb2.jpg","2022-09-29",39,1837,1,"7-3918371","09/29/2022"
"1987","Russia","Soviet Union","500 BMP-2(K)","destroyed","https://i.postimg.cc/GhtyDhMS/bb3.jpg","2022-09-29",39,1838,1,"7-3918381","09/29/2022"
"1988","Russia","Soviet Union","500 BMP-2(K)","destroyed","https://twitter.com/Blue_Sauron/status/1544419526674186241","2022-09-29",39,1839,1,"7-3918391","09/29/2022"
"1989","Russia","Soviet Union","500 BMP-2(K)","destroyed","https://i.postimg.cc/2576JPcZ/bb4.png","2022-09-29",39,1840,1,"7-3918401","09/29/2022"
"1990","Russia","Soviet Union","500 BMP-2(K)","destroyed","https://i.postimg.cc/26fsBvjK/6889.png","2022-09-29",39,1841,1,"7-3918411","09/29/2022"
"1991","Russia","Soviet Union","500 BMP-2(K)","destroyed","https://i.postimg.cc/4xg917LB/1015-BMP-2.jpg","2022-09-29",39,1842,1,"7-3918421","09/29/2022"
"1992","Russia","Soviet Union","500 BMP-2(K)","destroyed","https://i.postimg.cc/Vs9djKj6/570.jpg","2022-09-29",39,1843,1,"7-3918431","09/29/2022"
"1993","Russia","Soviet Union","500 BMP-2(K)","destroyed","https://i.postimg.cc/Jz5BYrSm/1016-BMP-2.jpg","2022-09-29",39,1844,1,"7-3918441","09/29/2022"
"1994","Russia","Soviet Union","500 BMP-2(K)","destroyed","https://twitter.com/UAWeapons/status/1544038986825584641","2022-09-29",39,1845,1,"7-3918451","09/29/2022"
"1995","Russia","Soviet Union","500 BMP-2(K)","destroyed","https://i.postimg.cc/k43gSSGK/bbmpp22.jpg","2022-09-29",39,1846,1,"7-3918461","09/29/2022"
"1996","Russia","Soviet Union","500 BMP-2(K)","destroyed","https://twitter.com/UAWeapons/status/1551980952653537281","2022-09-29",39,1847,1,"7-3918471","09/29/2022"
"1997","Russia","Soviet Union","500 BMP-2(K)","destroyed","https://i.postimg.cc/1zzZVDL7/d2.jpg","2022-09-29",39,1848,1,"7-3918481","09/29/2022"
"1998","Russia","Soviet Union","500 BMP-2(K)","destroyed","https://i.postimg.cc/MpWCgyKZ/d3.jpg","2022-09-29",39,1849,1,"7-3918491","09/29/2022"
"1999","Russia","Soviet Union","500 BMP-2(K)","destroyed","https://i.postimg.cc/QxkL66Dn/d4.jpg","2022-09-29",39,1850,1,"7-3918501","09/29/2022"
"2000","Russia","Soviet Union","500 BMP-2(K)","destroyed","https://i.postimg.cc/7Yy8MFF2/d5.jpg","2022-09-29",39,1851,1,"7-3918511","09/29/2022"
"2001","Russia","Soviet Union","500 BMP-2(K)","destroyed","https://twitter.com/RALee85/status/1512530504104431620","2022-09-29",39,1852,1,"7-3918521","09/29/2022"
"2002","Russia","Soviet Union","500 BMP-2(K)","destroyed","https://i.postimg.cc/tTj3qQ2W/1037-bmp2.jpg","2022-09-29",39,1853,1,"7-3918531","09/29/2022"
"2003","Russia","Soviet Union","500 BMP-2(K)","destroyed","https://i.postimg.cc/zGqYgVvc/1038-bmp2.jpg","2022-09-29",39,1854,1,"7-3918541","09/29/2022"
"2004","Russia","Soviet Union","500 BMP-2(K)","destroyed","https://i.postimg.cc/RCwYL4k5/1039-bmp2.jpg","2022-09-29",39,1855,1,"7-3918551","09/29/2022"
"2005","Russia","Soviet Union","500 BMP-2(K)","destroyed","https://i.postimg.cc/SQGrKR0s/1040-bmp2.jpg","2022-09-29",39,1856,1,"7-3918561","09/29/2022"
"2006","Russia","Soviet Union","500 BMP-2(K)","destroyed","https://twitter.com/UAWeapons/status/1513627748035698692","2022-09-29",39,1857,1,"7-3918571","09/29/2022"
"2007","Russia","Soviet Union","500 BMP-2(K)","destroyed","https://i.postimg.cc/44wdvv7t/bbbmp222.png","2022-09-29",39,1858,1,"7-3918581","09/29/2022"
"2008","Russia","Soviet Union","500 BMP-2(K)","destroyed","https://i.postimg.cc/MGRH1hVK/bbbmmmp22.jpg","2022-09-29",39,1859,1,"7-3918591","09/29/2022"
"2009","Russia","Soviet Union","500 BMP-2(K)","destroyed","https://i.postimg.cc/DwRmJ2WM/bbmmp222.jpg","2022-09-29",39,1860,1,"7-3918601","09/29/2022"
"2010","Russia","Soviet Union","500 BMP-2(K)","destroyed","https://i.postimg.cc/br6wz8cL/bbmmpp22.png","2022-09-29",39,1861,1,"7-3918611","09/29/2022"
"2011","Russia","Soviet Union","500 BMP-2(K)","destroyed","https://i.postimg.cc/bN33mJLM/1041-bmp2.jpg","2022-09-29",39,1862,1,"7-3918621","09/29/2022"
"2012","Russia","Soviet Union","500 BMP-2(K)","destroyed","https://i.postimg.cc/DyZzxWLN/bmmmp2.png","2022-09-29",39,1863,1,"7-3918631","09/29/2022"
"2013","Russia","Soviet Union","500 BMP-2(K)","destroyed","https://i.postimg.cc/W3v38Xwm/bmp222.jpg","2022-09-29",39,1864,1,"7-3918641","09/29/2022"
"2014","Russia","Soviet Union","500 BMP-2(K)","destroyed","https://i.postimg.cc/rwDKwdp4/bmp222222.jpg","2022-09-29",39,1865,1,"7-3918651","09/29/2022"
"2015","Russia","Soviet Union","500 BMP-2(K)","destroyed","https://i.postimg.cc/CLPR0CwY/bbbbbbmmpppp222.jpg","2022-09-29",39,1866,1,"7-3918661","09/29/2022"
"2016","Russia","Soviet Union","500 BMP-2(K)","destroyed","https://i.postimg.cc/wMFP8044/f1.jpg","2022-09-29",39,1867,1,"7-3918671","09/29/2022"
"2017","Russia","Soviet Union","500 BMP-2(K)","destroyed","https://i.postimg.cc/bYR4twY0/f2.jpg","2022-09-29",39,1868,1,"7-3918681","09/29/2022"
"2018","Russia","Soviet Union","500 BMP-2(K)","destroyed","https://i.postimg.cc/59PnJYNr/bbmmmmpp222.jpg","2022-09-29",39,1869,1,"7-3918691","09/29/2022"
"2019","Russia","Soviet Union","500 BMP-2(K)","destroyed","https://i.postimg.cc/3xGB2tCM/bbmmmp222.jpg","2022-09-29",39,1870,1,"7-3918701","09/29/2022"
"2020","Russia","Soviet Union","500 BMP-2(K)","destroyed","https://i.postimg.cc/Nf5bjsKj/bbmmp22.jpg","2022-09-29",39,1871,1,"7-3918711","09/29/2022"
"2021","Russia","Soviet Union","500 BMP-2(K)","destroyed","https://i.postimg.cc/bvjRg13Z/bbmmpp222.jpg","2022-09-29",39,1872,1,"7-3918721","09/29/2022"
"2022","Russia","Soviet Union","500 BMP-2(K)","destroyed","https://i.postimg.cc/k5kjWpwg/1042-bmp2.jpg","2022-09-29",39,1873,1,"7-3918731","09/29/2022"
"2023","Russia","Soviet Union","500 BMP-2(K)","destroyed","https://i.postimg.cc/pdYJ6y6q/jv-Ex-Doh-I-jpg-large.jpg","2022-09-29",39,1874,1,"7-3918741","09/29/2022"
"2024","Russia","Soviet Union","500 BMP-2(K)","destroyed","https://i.postimg.cc/C1Cn59hG/10.png","2022-09-29",39,1875,1,"7-3918751","09/29/2022"
"2025","Russia","Soviet Union","500 BMP-2(K)","destroyed","https://i.postimg.cc/xT1NjsWm/11.png","2022-09-29",39,1876,1,"7-3918761","09/29/2022"
"2026","Russia","Soviet Union","500 BMP-2(K)","destroyed","https://i.postimg.cc/NFg9HbFW/13.png","2022-09-29",39,1877,1,"7-3918771","09/29/2022"
"2027","Russia","Soviet Union","500 BMP-2(K)","destroyed","https://twitter.com/UAWeapons/status/1575166980000481281","2022-09-29",39,1878,1,"7-3918781","09/29/2022"
"2028","Russia","Soviet Union","500 BMP-2(K)","destroyed","https://i.postimg.cc/152NR1zX/1043-bmp2.jpg","2022-09-29",39,1879,1,"7-3918791","09/29/2022"
"2029","Russia","Soviet Union","500 BMP-2(K)","destroyed","https://i.postimg.cc/P58xN0KC/1.jpg","2022-09-29",39,1880,1,"7-3918801","09/29/2022"
"2030","Russia","Soviet Union","500 BMP-2(K)","destroyed","https://i.postimg.cc/s2d2WK0w/2.png","2022-09-29",39,1881,1,"7-3918811","09/29/2022"
"2031","Russia","Soviet Union","500 BMP-2(K)","destroyed","https://i.postimg.cc/MHv6Bc4t/366.jpg","2022-09-29",39,909,1,"7-399091","09/29/2022"
"2032","Russia","Soviet Union","500 BMP-2(K)","destroyed","https://i.postimg.cc/9FQ13Yb8/325.jpg","2022-09-29",39,1882,1,"7-3918821","09/29/2022"
"2033","Russia","Soviet Union","500 BMP-2(K)","destroyed","https://i.postimg.cc/t4fBNnhr/326.jpg","2022-09-29",39,1883,1,"7-3918831","09/29/2022"
"2034","Russia","Soviet Union","500 BMP-2(K)","destroyed","https://i.postimg.cc/FsWw7Dt7/1044-bmp2.jpg","2022-09-29",39,1884,1,"7-3918841","09/29/2022"
"2035","Russia","Soviet Union","500 BMP-2(K)","destroyed","https://i.postimg.cc/GmRpjQdp/d3.jpg","2022-09-29",39,1885,1,"7-3918851","09/29/2022"
"2036","Russia","Soviet Union","500 BMP-2(K)","destroyed","https://i.postimg.cc/Qx1t5PLP/d4.jpg","2022-09-29",39,1886,1,"7-3918861","09/29/2022"
"2037","Russia","Soviet Union","500 BMP-2(K)","destroyed","https://i.postimg.cc/qMqytDx6/dd0.jpg","2022-09-29",39,1887,1,"7-3918871","09/29/2022"
"2038","Russia","Soviet Union","500 BMP-2(K)","destroyed","https://twitter.com/UAWeapons/status/1543194344680820739","2022-09-29",39,1888,1,"7-3918881","09/29/2022"
"2039","Russia","Soviet Union","500 BMP-2(K)","destroyed","https://i.postimg.cc/rpZGcpJN/1023-bmp2.jpg","2022-09-29",39,1889,1,"7-3918891","09/29/2022"
"2040","Russia","Soviet Union","500 BMP-2(K)","destroyed","https://i.postimg.cc/85dsQ5XQ/d5.jpg","2022-09-29",39,1890,1,"7-3918901","09/29/2022"
"2041","Russia","Soviet Union","500 BMP-2(K)","destroyed","https://i.postimg.cc/PJtJtj0L/d6.jpg","2022-09-29",39,1891,1,"7-3918911","09/29/2022"
"2042","Russia","Soviet Union","500 BMP-2(K)","destroyed","https://i.postimg.cc/0NwbnZpN/d1.jpg","2022-09-29",39,1892,1,"7-3918921","09/29/2022"
"2043","Russia","Soviet Union","500 BMP-2(K)","destroyed","https://i.postimg.cc/wMMvydQ7/43f1.png","2022-09-29",39,1893,1,"7-3918931","09/29/2022"
"2044","Russia","Soviet Union","500 BMP-2(K)","destroyed","https://i.postimg.cc/FzLnbdKJ/d3.jpg","2022-09-29",39,1894,1,"7-3918941","09/29/2022"
"2045","Russia","Soviet Union","500 BMP-2(K)","destroyed","https://i.postimg.cc/T2LSvScY/d4.jpg","2022-09-29",39,1895,1,"7-3918951","09/29/2022"
"2046","Russia","Soviet Union","500 BMP-2(K)","destroyed","https://i.postimg.cc/sDryZ9Ty/f1.jpg","2022-09-29",39,1896,1,"7-3918961","09/29/2022"
"2047","Russia","Soviet Union","500 BMP-2(K)","destroyed","https://i.postimg.cc/NfbnWrY3/321.png","2022-09-29",39,1897,1,"7-3918971","09/29/2022"
"2048","Russia","Soviet Union","500 BMP-2(K)","destroyed","https://i.postimg.cc/jjTJPCnj/35.png","2022-09-29",39,1898,1,"7-3918981","09/29/2022"
"2049","Russia","Soviet Union","500 BMP-2(K)","destroyed","https://i.postimg.cc/t4J9fb0z/876.jpg","2022-09-29",39,1899,1,"7-3918991","09/29/2022"
"2050","Russia","Soviet Union","500 BMP-2(K)","destroyed","https://i.postimg.cc/qMCtF28R/36.png","2022-09-29",39,1900,1,"7-3919001","09/29/2022"
"2051","Russia","Soviet Union","500 BMP-2(K)","destroyed","https://i.postimg.cc/N0G7yjxZ/m7.jpg","2022-09-29",39,1901,1,"7-3919011","09/29/2022"
"2052","Russia","Soviet Union","500 BMP-2(K)","destroyed","https://i.postimg.cc/X7z9ZysV/1045-bmp2.jpg","2022-09-29",39,1902,1,"7-3919021","09/29/2022"
"2053","Russia","Soviet Union","500 BMP-2(K)","destroyed","https://i.postimg.cc/sx5Z6kcp/m9.png","2022-09-29",39,1903,1,"7-3919031","09/29/2022"
"2054","Russia","Soviet Union","500 BMP-2(K)","destroyed","https://i.postimg.cc/zXrg9gNr/f3.jpg","2022-09-29",39,1904,1,"7-3919041","09/29/2022"
"2055","Russia","Soviet Union","500 BMP-2(K)","destroyed","https://i.postimg.cc/CKshnztj/3f6.png","2022-09-29",39,1905,1,"7-3919051","09/29/2022"
"2056","Russia","Soviet Union","500 BMP-2(K)","destroyed","https://i.postimg.cc/PxBfYfhk/767.jpg","2022-09-29",39,1906,1,"7-3919061","09/29/2022"
"2057","Russia","Soviet Union","500 BMP-2(K)","destroyed","https://twitter.com/UAWeapons/status/1525957529775259649","2022-09-29",39,1907,1,"7-3919071","09/29/2022"
"2058","Russia","Soviet Union","500 BMP-2(K)","destroyed","https://i.postimg.cc/jd7rmXnz/d32.jpg","2022-09-29",39,1908,1,"7-3919081","09/29/2022"
"2059","Russia","Soviet Union","500 BMP-2(K)","destroyed","https://i.postimg.cc/kghp79bw/1012.jpg","2022-09-29",39,1909,1,"7-3919091","09/29/2022"
"2060","Russia","Soviet Union","500 BMP-2(K)","destroyed","https://twitter.com/UAWeapons/status/1527399072973430788","2022-09-29",39,1910,1,"7-3919101","09/29/2022"
"2061","Russia","Soviet Union","500 BMP-2(K)","destroyed","https://i.postimg.cc/Y2Q9rXqk/b2.jpg","2022-09-29",39,1911,1,"7-3919111","09/29/2022"
"2062","Russia","Soviet Union","500 BMP-2(K)","destroyed","https://i.postimg.cc/xdhHqxbn/1004.jpg","2022-09-29",39,1912,1,"7-3919121","09/29/2022"
"2063","Russia","Soviet Union","500 BMP-2(K)","destroyed","https://i.postimg.cc/wMprp4rM/4433.jpg","2022-09-29",39,1913,1,"7-3919131","09/29/2022"
"2064","Russia","Soviet Union","500 BMP-2(K)","destroyed","https://twitter.com/UAWeapons/status/1529500592900648964","2022-09-29",39,1532,1,"7-3915321","09/29/2022"
"2065","Russia","Soviet Union","500 BMP-2(K)","destroyed","https://twitter.com/UAWeapons/status/1529815678961737728","2022-09-29",39,1914,1,"7-3919141","09/29/2022"
"2066","Russia","Soviet Union","500 BMP-2(K)","destroyed","https://i.postimg.cc/kGXzqNJk/877.jpg","2022-09-29",39,1915,1,"7-3919151","09/29/2022"
"2067","Russia","Soviet Union","500 BMP-2(K)","destroyed","https://i.postimg.cc/MTT4H1Yv/65.jpg","2022-09-29",39,1916,1,"7-3919161","09/29/2022"
"2068","Russia","Soviet Union","500 BMP-2(K)","destroyed","https://twitter.com/UAWeapons/status/1534146081545666560","2022-09-29",39,1917,1,"7-3919171","09/29/2022"
"2069","Russia","Soviet Union","500 BMP-2(K)","destroyed","https://i.postimg.cc/kMNTpbxp/3-RH595-Lt-jpg-medium.jpg","2022-09-29",39,1918,1,"7-3919181","09/29/2022"
"2070","Russia","Soviet Union","500 BMP-2(K)","destroyed","https://i.postimg.cc/D07PTxqY/76.jpg","2022-09-29",39,1919,1,"7-3919191","09/29/2022"
"2071","Russia","Soviet Union","500 BMP-2(K)","destroyed","https://i.postimg.cc/nLbYPTZR/1013.jpg","2022-09-29",39,1920,1,"7-3919201","09/29/2022"
"2072","Russia","Soviet Union","500 BMP-2(K)","destroyed","https://i.postimg.cc/Y08fqQR2/RKKfc5-Fo-jpg-large.jpg","2022-09-29",39,1921,1,"7-3919211","09/29/2022"
"2073","Russia","Soviet Union","500 BMP-2(K)","destroyed","https://i.postimg.cc/59mm3MJc/Xx7-Jp-c5-jpg-large.jpg","2022-09-29",39,1922,1,"7-3919221","09/29/2022"
"2074","Russia","Soviet Union","500 BMP-2(K)","destroyed","https://i.postimg.cc/gc3GxLMQ/1001.jpg","2022-09-29",39,1923,1,"7-3919231","09/29/2022"
"2075","Russia","Soviet Union","500 BMP-2(K)","destroyed","https://twitter.com/RALee85/status/1537329940651294720","2022-09-29",39,1924,1,"7-3919241","09/29/2022"
"2076","Russia","Soviet Union","500 BMP-2(K)","destroyed","https://twitter.com/UAWeapons/status/1536726507061751808","2022-09-29",39,1925,1,"7-3919251","09/29/2022"
"2077","Russia","Soviet Union","500 BMP-2(K)","destroyed","https://i.postimg.cc/yNZDncTJ/1007.jpg","2022-09-29",39,1926,1,"7-3919261","09/29/2022"
"2078","Russia","Soviet Union","500 BMP-2(K)","destroyed","https://twitter.com/UAWeapons/status/1542986188100886529","2022-09-29",39,425,1,"7-394251","09/29/2022"
"2079","Russia","Soviet Union","500 BMP-2(K)","destroyed","https://twitter.com/UAWeapons/status/1543979310171684864","2022-09-29",39,1927,1,"7-3919271","09/29/2022"
"2080","Russia","Soviet Union","500 BMP-2(K)","destroyed","https://i.postimg.cc/Y0X0DpFY/1006.jpg","2022-09-29",39,1928,1,"7-3919281","09/29/2022"
"2081","Russia","Soviet Union","500 BMP-2(K)","destroyed","https://twitter.com/RALee85/status/1544721320658755588","2022-09-29",39,1929,1,"7-3919291","09/29/2022"
"2082","Russia","Soviet Union","500 BMP-2(K)","destroyed","https://twitter.com/UAWeapons/status/1545075270826299394","2022-09-29",39,694,1,"7-396941","09/29/2022"
"2083","Russia","Soviet Union","500 BMP-2(K)","destroyed","https://i.postimg.cc/9M5Bxmz2/t-Nr0a0-N-jpg-large.jpg","2022-09-29",39,1930,1,"7-3919301","09/29/2022"
"2084","Russia","Soviet Union","500 BMP-2(K)","destroyed","https://postimg.cc/k2JswJBY","2022-09-29",39,1931,1,"7-3919311","09/29/2022"
"2085","Russia","Soviet Union","500 BMP-2(K)","destroyed","https://i.postimg.cc/T2ZHhHRX/1000.jpg","2022-09-29",39,1932,1,"7-3919321","09/29/2022"
"2086","Russia","Soviet Union","500 BMP-2(K)","destroyed","https://twitter.com/UAWeapons/status/1552351996178567170","2022-09-29",39,1933,1,"7-3919331","09/29/2022"
"2087","Russia","Soviet Union","500 BMP-2(K)","destroyed","https://i.postimg.cc/nzmMKHkw/1005-unkn-bmp.jpg","2022-09-29",39,1934,1,"7-3919341","09/29/2022"
"2088","Russia","Soviet Union","500 BMP-2(K)","destroyed","https://i.postimg.cc/rsCmbQ71/1007-bmp2.jpg","2022-09-29",39,1935,1,"7-3919351","09/29/2022"
"2089","Russia","Soviet Union","500 BMP-2(K)","destroyed","https://i.postimg.cc/fRjbDnRP/1007-bmp2.jpg","2022-09-29",39,1936,1,"7-3919361","09/29/2022"
"2090","Russia","Soviet Union","500 BMP-2(K)","destroyed","https://i.postimg.cc/pLnSBWBr/1005-bmp2.jpg","2022-09-29",39,1937,1,"7-3919371","09/29/2022"
"2091","Russia","Soviet Union","500 BMP-2(K)","destroyed","https://twitter.com/UAWeapons/status/1557060882420887552","2022-09-29",39,1938,1,"7-3919381","09/29/2022"
"2092","Russia","Soviet Union","500 BMP-2(K)","destroyed","https://i.postimg.cc/4NTgqtQD/1003-bmp2.jpg","2022-09-29",39,1939,1,"7-3919391","09/29/2022"
"2093","Russia","Soviet Union","500 BMP-2(K)","destroyed","https://i.postimg.cc/NGJKd8w8/1001-bmp-2.jpg","2022-09-29",39,1940,1,"7-3919401","09/29/2022"
"2094","Russia","Soviet Union","500 BMP-2(K)","destroyed","https://i.postimg.cc/gkxRLbgp/1002.jpg","2022-09-29",39,1577,1,"7-3915771","09/29/2022"
"2095","Russia","Soviet Union","500 BMP-2(K)","destroyed","https://i.postimg.cc/6qCxRKyr/1001-bmp2.jpg","2022-09-29",39,1941,1,"7-3919411","09/29/2022"
"2096","Russia","Soviet Union","500 BMP-2(K)","destroyed","https://i.postimg.cc/VkfPS31t/1002-bmp2.jpg","2022-09-29",39,1942,1,"7-3919421","09/29/2022"
"2097","Russia","Soviet Union","500 BMP-2(K)","destroyed","https://i.postimg.cc/T2b6BVCK/1003-bmp2.jpg","2022-09-29",39,1943,1,"7-3919431","09/29/2022"
"2098","Russia","Soviet Union","500 BMP-2(K)","destroyed","https://i.postimg.cc/jS4qmHqH/1004-bmp2.jpg","2022-09-29",39,1944,1,"7-3919441","09/29/2022"
"2099","Russia","Soviet Union","500 BMP-2(K)","destroyed","https://i.postimg.cc/j2tZgYMQ/1005-bmp2.jpg","2022-09-29",39,1945,1,"7-3919451","09/29/2022"
"2100","Russia","Soviet Union","500 BMP-2(K)","destroyed","https://i.postimg.cc/MHVNQkWJ/1001-ural-tanker.jpg","2022-09-29",39,1946,1,"7-3919461","09/29/2022"
"2101","Russia","Soviet Union","500 BMP-2(K)","destroyed","https://i.postimg.cc/VsTQGXSX/1004-bmp2.jpg","2022-09-29",39,1947,1,"7-3919471","09/29/2022"
"2102","Russia","Soviet Union","500 BMP-2(K)","destroyed","https://i.postimg.cc/pXhxRsN0/1007-bmp2.jpg","2022-09-29",39,1948,1,"7-3919481","09/29/2022"
"2103","Russia","Soviet Union","500 BMP-2(K)","destroyed","https://i.postimg.cc/K8pjPTWS/441.jpg","2022-09-29",39,1949,1,"7-3919491","09/29/2022"
"2104","Russia","Soviet Union","500 BMP-2(K)","destroyed","https://twitter.com/UAWeapons/status/1534149081534238720","2022-09-29",39,1950,1,"7-3919501","09/29/2022"
"2105","Russia","Soviet Union","500 BMP-2(K)","destroyed","https://i.postimg.cc/wBf1rCn9/1046-bmp2.jpg","2022-09-29",39,1951,1,"7-3919511","09/29/2022"
"2106","Russia","Soviet Union","500 BMP-2(K)","destroyed","https://i.postimg.cc/fbwWD8Yk/1047-bmp2.jpg","2022-09-29",39,1952,1,"7-3919521","09/29/2022"
"2107","Russia","Soviet Union","500 BMP-2(K)","destroyed","https://i.postimg.cc/8cWsjjcC/1048-bmp2.jpg","2022-09-29",39,1953,1,"7-3919531","09/29/2022"
"2108","Russia","Soviet Union","500 BMP-2(K)","destroyed","https://i.postimg.cc/jjzfk3t5/1049-bmp2.jpg","2022-09-29",39,1954,1,"7-3919541","09/29/2022"
"2109","Russia","Soviet Union","500 BMP-2(K)","destroyed","https://i.postimg.cc/J7K22PzP/1050-bmp2.jpg","2022-09-29",39,1955,1,"7-3919551","09/29/2022"
"2110","Russia","Soviet Union","500 BMP-2(K)","destroyed","https://i.postimg.cc/XqXchKsz/1051-bmp2.jpg","2022-09-29",39,1956,1,"7-3919561","09/29/2022"
"2111","Russia","Soviet Union","500 BMP-2(K)","destroyed","https://i.postimg.cc/9QN4g36C/1052-bmp2.jpg","2022-09-29",39,1957,1,"7-3919571","09/29/2022"
"2112","Russia","Soviet Union","500 BMP-2(K)","destroyed","https://i.postimg.cc/02M00fM6/1053-bmp2.jpg","2022-09-29",39,1958,1,"7-3919581","09/29/2022"
"2113","Russia","Soviet Union","500 BMP-2(K)","destroyed","https://i.postimg.cc/N0H0NK8k/1054-bmp2.jpg","2022-09-29",39,1959,1,"7-3919591","09/29/2022"
"2114","Russia","Soviet Union","500 BMP-2(K)","destroyed","https://i.postimg.cc/k562k1C8/1055-bmp2.jpg","2022-09-29",39,1960,1,"7-3919601","09/29/2022"
"2115","Russia","Soviet Union","500 BMP-2(K)","destroyed","https://i.postimg.cc/sXT4wH4W/1056-bmp2.jpg","2022-09-29",39,1961,1,"7-3919611","09/29/2022"
"2116","Russia","Soviet Union","500 BMP-2(K)","destroyed","https://twitter.com/UAWeapons/status/1572670481068883970","2022-09-29",39,175,1,"7-391751","09/29/2022"
"2117","Russia","Soviet Union","500 BMP-2(K)","destroyed","https://i.postimg.cc/7ZB7vJ2v/1058-bmp2.jpg","2022-09-29",39,1962,1,"7-3919621","09/29/2022"
"2118","Russia","Soviet Union","500 BMP-2(K)","destroyed","https://i.postimg.cc/d1cVgJ4P/1059-bmp2.jpg","2022-09-29",39,1963,1,"7-3919631","09/29/2022"
"2119","Russia","Soviet Union","500 BMP-2(K)","destroyed","https://i.postimg.cc/pdwmxfVS/1060-bmp2.jpg","2022-09-29",39,1964,1,"7-3919641","09/29/2022"
"2120","Russia","Soviet Union","500 BMP-2(K)","destroyed","https://i.postimg.cc/4NY2VM7X/1017-unkn-BMP.jpg","2022-09-29",39,1965,1,"7-3919651","09/29/2022"
"2121","Russia","Soviet Union","500 BMP-2(K)","destroyed","https://i.postimg.cc/yYNS2Mgs/1002-bmp2.jpg","2022-09-29",39,1966,1,"7-3919661","09/29/2022"
"2122","Russia","Soviet Union","500 BMP-2(K)","destroyed","https://twitter.com/UAWeapons/status/1565032213250457601","2022-09-29",39,1967,1,"7-3919671","09/29/2022"
"2123","Russia","Soviet Union","500 BMP-2(K)","destroyed","https://twitter.com/Danspiun/status/1565098137710014465","2022-09-29",39,1968,1,"7-3919681","09/29/2022"
"2124","Russia","Soviet Union","500 BMP-2(K)","destroyed","https://twitter.com/UAWeapons/status/1565735113203367936","2022-09-29",39,1969,1,"7-3919691","09/29/2022"
"2125","Russia","Soviet Union","500 BMP-2(K)","destroyed","https://i.postimg.cc/2jvK9ZfW/1008-bmp2.jpg","2022-09-29",39,1970,1,"7-3919701","09/29/2022"
"2126","Russia","Soviet Union","500 BMP-2(K)","destroyed","https://twitter.com/UAWeapons/status/1565987384818368512","2022-09-29",39,1971,1,"7-3919711","09/29/2022"
"2127","Russia","Soviet Union","500 BMP-2(K)","destroyed","https://twitter.com/UAWeapons/status/1566128424485273600","2022-09-29",39,1972,1,"7-3919721","09/29/2022"
"2128","Russia","Soviet Union","500 BMP-2(K)","destroyed","https://postimg.cc/wydhNQq8","2022-09-29",39,1973,1,"7-3919731","09/29/2022"
"2129","Russia","Soviet Union","500 BMP-2(K)","destroyed","https://i.postimg.cc/wjB5K0YL/1007-bmp1.jpg","2022-09-29",39,1974,1,"7-3919741","09/29/2022"
"2130","Russia","Soviet Union","500 BMP-2(K)","destroyed","https://i.postimg.cc/0jPffPkQ/1001-bmp2.jpg","2022-09-29",39,1975,1,"7-3919751","09/29/2022"
"2131","Russia","Soviet Union","500 BMP-2(K)","destroyed","https://twitter.com/UAWeapons/status/1566519627890544640","2022-09-29",39,1976,1,"7-3919761","09/29/2022"
"2132","Russia","Soviet Union","500 BMP-2(K)","destroyed","https://i.postimg.cc/g0x3PDvQ/1004-bmd2-bmp2.jpg","2022-09-29",39,1977,1,"7-3919771","09/29/2022"
"2133","Russia","Soviet Union","500 BMP-2(K)","destroyed","https://i.postimg.cc/nzL23s0h/1500-bmp2.jpg","2022-09-29",39,1978,1,"7-3919781","09/29/2022"
"2134","Russia","Soviet Union","500 BMP-2(K)","destroyed","https://i.postimg.cc/3Rpj12LP/1501-bmp2.jpg","2022-09-29",39,1979,1,"7-3919791","09/29/2022"
"2135","Russia","Soviet Union","500 BMP-2(K)","destroyed","https://i.postimg.cc/xCJX84pc/1010-bmp2-2x.jpg","2022-09-29",39,1980,1,"7-3919801","09/29/2022"
"2136","Russia","Soviet Union","500 BMP-2(K)","destroyed","https://i.postimg.cc/tgLXSCD4/1014-bmp2.jpg","2022-09-29",39,1981,1,"7-3919811","09/29/2022"
"2137","Russia","Soviet Union","500 BMP-2(K)","destroyed","https://i.postimg.cc/nrF1xG2R/1031-bmp2.jpg","2022-09-29",39,1982,1,"7-3919821","09/29/2022"
"2138","Russia","Soviet Union","500 BMP-2(K)","destroyed","https://twitter.com/UAWeapons/status/1567956407768547328","2022-09-29",39,1983,1,"7-3919831","09/29/2022"
"2139","Russia","Soviet Union","500 BMP-2(K)","destroyed","https://i.postimg.cc/2SQQ6gM7/2022-09-14-BMP-2-2.jpg","2022-09-29",39,1984,1,"7-3919841","09/29/2022"
"2140","Russia","Soviet Union","500 BMP-2(K)","destroyed","https://i.postimg.cc/P5sj3WPP/1001-bmp2.jpg","2022-09-29",39,1985,1,"7-3919851","09/29/2022"
"2141","Russia","Soviet Union","500 BMP-2(K)","destroyed","https://i.postimg.cc/TPdLB7x0/1007-bmp2.jpg","2022-09-29",39,1986,1,"7-3919861","09/29/2022"
"2142","Russia","Soviet Union","500 BMP-2(K)","destroyed","https://twitter.com/UAWeapons/status/1568966160808386560","2022-09-29",39,1987,1,"7-3919871","09/29/2022"
"2143","Russia","Soviet Union","500 BMP-2(K)","destroyed","https://twitter.com/UAWeapons/status/1569042031971819520","2022-09-29",39,1988,1,"7-3919881","09/29/2022"
"2144","Russia","Soviet Union","500 BMP-2(K)","destroyed","https://twitter.com/UAWeapons/status/1569335718853640195","2022-09-29",39,1223,1,"7-3912231","09/29/2022"
"2145","Russia","Soviet Union","500 BMP-2(K)","destroyed","https://twitter.com/UAWeapons/status/1569295685689954305","2022-09-29",39,1989,1,"7-3919891","09/29/2022"
"2146","Russia","Soviet Union","500 BMP-2(K)","destroyed","https://twitter.com/UAWeapons/status/1569739016995569664","2022-09-29",39,803,1,"7-398031","09/29/2022"
"2147","Russia","Soviet Union","500 BMP-2(K)","destroyed","https://i.postimg.cc/xTzyBp0Q/185.png","2022-09-29",39,1990,1,"7-3919901","09/29/2022"
"2148","Russia","Soviet Union","500 BMP-2(K)","destroyed","https://i.postimg.cc/hGgrL8RB/5414.png","2022-09-29",39,1991,1,"7-3919911","09/29/2022"
"2149","Russia","Soviet Union","500 BMP-2(K)","destroyed","https://twitter.com/UAWeapons/status/1570165087465525248","2022-09-29",39,1992,1,"7-3919921","09/29/2022"
"2150","Russia","Soviet Union","500 BMP-2(K)","destroyed","https://i.postimg.cc/nrqkK6Kk/1027-bmp2.jpg","2022-09-29",39,1993,1,"7-3919931","09/29/2022"
"2151","Russia","Soviet Union","500 BMP-2(K)","destroyed","https://i.postimg.cc/Y2FbwWcW/1026-bmp2.jpg","2022-09-29",39,1994,1,"7-3919941","09/29/2022"
"2152","Russia","Soviet Union","500 BMP-2(K)","destroyed","https://i.postimg.cc/SQ8kS5h2/1003-bmp3.jpg","2022-09-29",39,1995,1,"7-3919951","09/29/2022"
"2153","Russia","Soviet Union","500 BMP-2(K)","destroyed","https://postimg.cc/9rysYvDZ","2022-09-29",39,1996,1,"7-3919961","09/29/2022"
"2154","Russia","Soviet Union","500 BMP-2(K)","destroyed","https://i.postimg.cc/X7ZpR6s5/152725-deokupovana-Harkivshhyna-1355.jpg","2022-09-29",39,1997,1,"7-3919971","09/29/2022"
"2155","Russia","Soviet Union","500 BMP-2(K)","destroyed","https://twitter.com/UAWeapons/status/1574134957039095810","2022-09-29",39,1998,1,"7-3919981","09/29/2022"
"2156","Russia","Soviet Union","500 BMP-2(K)","destroyed","https://i.postimg.cc/nrZw4cm1/2022-09-24-BMP-2.jpg","2022-09-29",39,1999,1,"7-3919991","09/29/2022"
"2157","Russia","Soviet Union","500 BMP-2(K)","destroyed","https://twitter.com/UAWeapons/status/1575165023735148545","2022-09-29",39,2000,1,"7-3920001","09/29/2022"
"2158","Russia","Soviet Union","500 BMP-2(K)","destroyed","https://i.postimg.cc/gjkMyd3t/1000-bmp2.jpg","2022-09-29",39,2001,1,"7-3920011","09/29/2022"
"2159","Russia","Soviet Union","500 BMP-2(K)","destroyed","https://i.postimg.cc/3Rj6CnVN/1008-bmp2.jpg","2022-09-29",39,2002,1,"7-3920021","09/29/2022"
"2160","Russia","Soviet Union","500 BMP-2(K)","destroyed","https://i.postimg.cc/SxLyysMM/1019-bmp2.jpg","2022-09-29",39,2003,1,"7-3920031","09/29/2022"
"2161","Russia","Soviet Union","500 BMP-2(K)","destroyed","https://i.postimg.cc/4N3xshWn/1502-bmp2.jpg","2022-09-29",39,2004,1,"7-3920041","09/29/2022"
"2162","Russia","Soviet Union","500 BMP-2(K)","destroyed","https://i.postimg.cc/L6XpDxNg/2022-09-27-BMP-2.jpg","2022-09-29",39,2005,1,"7-3920051","09/29/2022"
"2163","Russia","Soviet Union","500 BMP-2(K)","destroyed","https://i.postimg.cc/RF3X0mb1/2022-09-28-BMP-2.jpg","2022-09-29",39,2006,1,"7-3920061","09/29/2022"
"2164","Russia","Soviet Union","500 BMP-2(K)","destroyed","https://i.postimg.cc/9fjYvBjL/1002-Destroyed-BMP-2.jpg","2022-09-29",39,2007,1,"7-3920071","09/29/2022"
"2165","Russia","Soviet Union","500 BMP-2(K)","damaged","https://twitter.com/UAWeapons/status/1543979310171684864","2022-09-29",39,1927,4,"7-3919274","09/29/2022"
"2166","Russia","Soviet Union","500 BMP-2(K)","damaged","https://i.postimg.cc/NLqKRCD1/g54.jpg","2022-09-29",39,2008,4,"7-3920084","09/29/2022"
"2167","Russia","Soviet Union","500 BMP-2(K)","damaged","https://twitter.com/UAWeapons/status/1560014804869414916","2022-09-29",39,2009,4,"7-3920094","09/29/2022"
"2168","Russia","Soviet Union","500 BMP-2(K)","damaged","https://twitter.com/Danspiun/status/1565338559099600896","2022-09-29",39,2010,4,"7-3920104","09/29/2022"
"2169","Russia","Soviet Union","500 BMP-2(K)","damaged","https://i.postimg.cc/90PmvbJk/1007-bmp2.jpg","2022-09-29",39,2011,4,"7-3920114","09/29/2022"
"2170","Russia","Soviet Union","500 BMP-2(K)","damaged","https://twitter.com/UAWeapons/status/1571499575663370241","2022-09-29",39,2012,4,"7-3920124","09/29/2022"
"2171","Russia","Soviet Union","500 BMP-2(K)","damaged","https://twitter.com/Blue_Sauron/status/1572514821471608832","2022-09-29",39,2013,4,"7-3920134","09/29/2022"
"2172","Russia","Soviet Union","500 BMP-2(K)","damaged","https://i.postimg.cc/XYyYKfsy/Screenshot-8236.png","2022-09-29",39,2014,4,"7-3920144","09/29/2022"
"2173","Russia","Soviet Union","500 BMP-2(K)","abandoned","https://i.postimg.cc/XYyYKfsy/Screenshot-8236.png","2022-09-29",39,2014,2,"7-3920142","09/29/2022"
"2174","Russia","Soviet Union","500 BMP-2(K)","damaged","https://i.postimg.cc/2jX5hmCS/u1.jpg","2022-09-29",39,2015,4,"7-3920154","09/29/2022"
"2175","Russia","Soviet Union","500 BMP-2(K)","abandoned","https://i.postimg.cc/2jX5hmCS/u1.jpg","2022-09-29",39,2015,2,"7-3920152","09/29/2022"
"2176","Russia","Soviet Union","500 BMP-2(K)","damaged","https://postlmg.cc/XXqxFmgP","2022-09-29",39,2016,4,"7-3920164","09/29/2022"
"2177","Russia","Soviet Union","500 BMP-2(K)","abandoned","https://postlmg.cc/XXqxFmgP","2022-09-29",39,2016,2,"7-3920162","09/29/2022"
"2178","Russia","Soviet Union","500 BMP-2(K)","damaged","https://i.postimg.cc/G38ZY9w0/1003-bmp2-damaged-abandoned.jpg","2022-09-29",39,2017,4,"7-3920174","09/29/2022"
"2179","Russia","Soviet Union","500 BMP-2(K)","abandoned","https://i.postimg.cc/G38ZY9w0/1003-bmp2-damaged-abandoned.jpg","2022-09-29",39,2017,2,"7-3920172","09/29/2022"
"2180","Russia","Soviet Union","500 BMP-2(K)","abandoned","https://i.postimg.cc/DznHJRJz/r2.jpg","2022-09-29",39,2018,2,"7-3920182","09/29/2022"
"2181","Russia","Soviet Union","500 BMP-2(K)","abandoned","https://i.postimg.cc/zBg2tRx0/436.png","2022-09-29",39,2019,2,"7-3920192","09/29/2022"
"2182","Russia","Soviet Union","500 BMP-2(K)","damaged","https://i.postimg.cc/rF84w7J1/fsl.png","2022-09-29",39,2020,4,"7-3920204","09/29/2022"
"2183","Russia","Soviet Union","500 BMP-2(K)","abandoned","https://i.postimg.cc/rF84w7J1/fsl.png","2022-09-29",39,2020,2,"7-3920202","09/29/2022"
"2184","Russia","Soviet Union","500 BMP-2(K)","damaged","https://twitter.com/UAWeapons/status/1536726507061751808","2022-09-29",39,1925,4,"7-3919254","09/29/2022"
"2185","Russia","Soviet Union","500 BMP-2(K)","abandoned","https://twitter.com/UAWeapons/status/1536726507061751808","2022-09-29",39,1925,2,"7-3919252","09/29/2022"
"2186","Russia","Soviet Union","500 BMP-2(K)","damaged","https://i.postimg.cc/vBy9TRg0/77699.png","2022-09-29",39,2021,4,"7-3920214","09/29/2022"
"2187","Russia","Soviet Union","500 BMP-2(K)","abandoned","https://i.postimg.cc/vBy9TRg0/77699.png","2022-09-29",39,2021,2,"7-3920212","09/29/2022"
"2188","Russia","Soviet Union","500 BMP-2(K)","abandoned","https://i.postimg.cc/W342ytqB/bmp2aban.png","2022-09-29",39,2022,2,"7-3920222","09/29/2022"
"2189","Russia","Soviet Union","500 BMP-2(K)","abandoned","https://i.postimg.cc/yYm1frDk/54.jpg","2022-09-29",39,2023,2,"7-3920232","09/29/2022"
"2190","Russia","Soviet Union","500 BMP-2(K)","abandoned","https://i.postimg.cc/MGjDbM6t/abanbmp2.jpg","2022-09-29",39,2024,2,"7-3920242","09/29/2022"
"2191","Russia","Soviet Union","500 BMP-2(K)","abandoned","https://i.postimg.cc/QxwSBJsV/bmp.jpg","2022-09-29",39,2025,2,"7-3920252","09/29/2022"
"2192","Russia","Soviet Union","500 BMP-2(K)","abandoned","https://i.postimg.cc/7hwWdnTr/ab10.png","2022-09-29",39,2026,2,"7-3920262","09/29/2022"
"2193","Russia","Soviet Union","500 BMP-2(K)","abandoned","https://i.postimg.cc/j5V9Qbx5/ab9.png","2022-09-29",39,2027,2,"7-3920272","09/29/2022"
"2194","Russia","Soviet Union","500 BMP-2(K)","abandoned","https://i.postimg.cc/5NY2mGtq/u2.jpg","2022-09-29",39,2028,2,"7-3920282","09/29/2022"
"2195","Russia","Soviet Union","500 BMP-2(K)","abandoned","https://i.postimg.cc/4N5xtm9S/b1.jpg","2022-09-29",39,2029,2,"7-3920292","09/29/2022"
"2196","Russia","Soviet Union","500 BMP-2(K)","abandoned","https://i.postimg.cc/T16zGXFS/ab1.png","2022-09-29",39,2030,2,"7-3920302","09/29/2022"
"2197","Russia","Soviet Union","500 BMP-2(K)","abandoned","https://i.postimg.cc/Jzn9RxY1/ab2.png","2022-09-29",39,2031,2,"7-3920312","09/29/2022"
"2198","Russia","Soviet Union","500 BMP-2(K)","abandoned","https://i.postimg.cc/BQzv1YB0/Screenshot-8238.png","2022-09-29",39,2032,2,"7-3920322","09/29/2022"
"2199","Russia","Soviet Union","500 BMP-2(K)","abandoned","https://i.postimg.cc/0yhrvYcw/1031-bmp2.jpg","2022-09-29",39,2033,2,"7-3920332","09/29/2022"
"2200","Russia","Soviet Union","500 BMP-2(K)","abandoned","https://i.postimg.cc/MGgQyPNn/ff22.png","2022-09-29",39,2034,2,"7-3920342","09/29/2022"
"2201","Russia","Soviet Union","500 BMP-2(K)","abandoned","https://i.postimg.cc/RFcYgDhT/ab11.png","2022-09-29",39,2035,2,"7-3920352","09/29/2022"
"2202","Russia","Soviet Union","500 BMP-2(K)","abandoned","https://i.postimg.cc/RZVFPVYR/465.png","2022-09-29",39,2036,2,"7-3920362","09/29/2022"
"2203","Russia","Soviet Union","500 BMP-2(K)","abandoned","https://i.postimg.cc/vmzFcYFS/4311.png","2022-09-29",39,2037,2,"7-3920372","09/29/2022"
"2204","Russia","Soviet Union","500 BMP-2(K)","abandoned","https://i.postimg.cc/4d30wt1k/r1.jpg","2022-09-29",39,2038,2,"7-3920382","09/29/2022"
"2205","Russia","Soviet Union","500 BMP-2(K)","abandoned","https://i.postimg.cc/15MCpgJd/3r5.png","2022-09-29",39,2039,2,"7-3920392","09/29/2022"
"2206","Russia","Soviet Union","500 BMP-2(K)","abandoned","https://i.postimg.cc/DwqTZzsJ/aa5.jpg","2022-09-29",39,2040,2,"7-3920402","09/29/2022"
"2207","Russia","Soviet Union","500 BMP-2(K)","abandoned","https://i.postimg.cc/MGTLkhhC/655.jpg","2022-09-29",39,839,2,"7-398392","09/29/2022"
"2208","Russia","Soviet Union","500 BMP-2(K)","abandoned","https://i.postimg.cc/MHv6Bc4t/366.jpg","2022-09-29",39,909,2,"7-399092","09/29/2022"
"2209","Russia","Soviet Union","500 BMP-2(K)","damaged","https://i.postimg.cc/G2kXxmxm/1017-bmp2.jpg","2022-09-29",39,2041,4,"7-3920414","09/29/2022"
"2210","Russia","Soviet Union","500 BMP-2(K)","abandoned","https://i.postimg.cc/G2kXxmxm/1017-bmp2.jpg","2022-09-29",39,2041,2,"7-3920412","09/29/2022"
"2211","Russia","Soviet Union","500 BMP-2(K)","damaged","https://i.postimg.cc/4nCw32NC/43133.png","2022-09-29",39,2042,4,"7-3920424","09/29/2022"
"2212","Russia","Soviet Union","500 BMP-2(K)","captured","https://i.postimg.cc/4nCw32NC/43133.png","2022-09-29",39,2042,3,"7-3920423","09/29/2022"
"2213","Russia","Soviet Union","500 BMP-2(K)","damaged","https://i.postimg.cc/MpqBBJ4S/bmp22222222222222.jpg","2022-09-29",39,2043,4,"7-3920434","09/29/2022"
"2214","Russia","Soviet Union","500 BMP-2(K)","captured","https://i.postimg.cc/MpqBBJ4S/bmp22222222222222.jpg","2022-09-29",39,2043,3,"7-3920433","09/29/2022"
"2215","Russia","Soviet Union","500 BMP-2(K)","damaged","https://i.postimg.cc/3x5FhZtV/bmmp2.jpg","2022-09-29",39,2044,4,"7-3920444","09/29/2022"
"2216","Russia","Soviet Union","500 BMP-2(K)","captured","https://i.postimg.cc/3x5FhZtV/bmmp2.jpg","2022-09-29",39,2044,3,"7-3920443","09/29/2022"
"2217","Russia","Soviet Union","500 BMP-2(K)","damaged","https://twitter.com/UAWeapons/status/1527761851441881089","2022-09-29",39,2045,4,"7-3920454","09/29/2022"
"2218","Russia","Soviet Union","500 BMP-2(K)","captured","https://twitter.com/UAWeapons/status/1527761851441881089","2022-09-29",39,2045,3,"7-3920453","09/29/2022"
"2219","Russia","Soviet Union","500 BMP-2(K)","damaged","https://i.postimg.cc/q7PzsbP6/1012.jpg","2022-09-29",39,2046,4,"7-3920464","09/29/2022"
"2220","Russia","Soviet Union","500 BMP-2(K)","captured","https://i.postimg.cc/q7PzsbP6/1012.jpg","2022-09-29",39,2046,3,"7-3920463","09/29/2022"
"2221","Russia","Soviet Union","500 BMP-2(K)","damaged","https://i.postimg.cc/RhxT6Pz9/663.png","2022-09-29",39,2047,4,"7-3920474","09/29/2022"
"2222","Russia","Soviet Union","500 BMP-2(K)","captured","https://i.postimg.cc/RhxT6Pz9/663.png","2022-09-29",39,2047,3,"7-3920473","09/29/2022"
"2223","Russia","Soviet Union","500 BMP-2(K)","damaged","https://i.postimg.cc/y80rBVY6/469.png","2022-09-29",39,2048,4,"7-3920484","09/29/2022"
"2224","Russia","Soviet Union","500 BMP-2(K)","captured","https://i.postimg.cc/y80rBVY6/469.png","2022-09-29",39,2048,3,"7-3920483","09/29/2022"
"2225","Russia","Soviet Union","500 BMP-2(K)","captured","https://i.postimg.cc/mg4BymXV/1036-bmp2.jpg","2022-09-29",39,2049,3,"7-3920493","09/29/2022"
"2226","Russia","Soviet Union","500 BMP-2(K)","captured","https://i.postimg.cc/SQDwxS89/25.jpg","2022-09-29",39,2050,3,"7-3920503","09/29/2022"
"2227","Russia","Soviet Union","500 BMP-2(K)","captured","https://i.postimg.cc/mgfNxnjn/21.jpg","2022-09-29",39,2051,3,"7-3920513","09/29/2022"
"2228","Russia","Soviet Union","500 BMP-2(K)","captured","https://i.postimg.cc/RFkLTCPg/47.png","2022-09-29",39,2052,3,"7-3920523","09/29/2022"
"2229","Russia","Soviet Union","500 BMP-2(K)","captured","https://i.postimg.cc/fRK9ddR5/b316bmp2.png","2022-09-29",39,618,3,"7-396183","09/29/2022"
"2230","Russia","Soviet Union","500 BMP-2(K)","captured","https://i.postimg.cc/hvfDVh3C/ff9.jpg","2022-09-29",39,2053,3,"7-3920533","09/29/2022"
"2231","Russia","Soviet Union","500 BMP-2(K)","captured","https://i.postimg.cc/cJBfnqWr/676.jpg","2022-09-29",39,2054,3,"7-3920543","09/29/2022"
"2232","Russia","Soviet Union","500 BMP-2(K)","captured","https://i.postimg.cc/NGzVhDzJ/bmp2222.png","2022-09-29",39,2055,3,"7-3920553","09/29/2022"
"2233","Russia","Soviet Union","500 BMP-2(K)","damaged","https://i.postimg.cc/858BR3qV/1170-bmp2.jpg","2022-09-29",39,2056,4,"7-3920564","09/29/2022"
"2234","Russia","Soviet Union","500 BMP-2(K)","captured","https://i.postimg.cc/858BR3qV/1170-bmp2.jpg","2022-09-29",39,2056,3,"7-3920563","09/29/2022"
"2235","Russia","Soviet Union","500 BMP-2(K)","captured","https://i.postimg.cc/j2mkzqf0/BMP22.png","2022-09-29",39,2057,3,"7-3920573","09/29/2022"
"2236","Russia","Soviet Union","500 BMP-2(K)","captured","https://i.postimg.cc/26HtS785/bbmmmpp222.jpg","2022-09-29",39,2058,3,"7-3920583","09/29/2022"
"2237","Russia","Soviet Union","500 BMP-2(K)","captured","https://i.postimg.cc/x1VhM1QC/321.png","2022-09-29",39,2059,3,"7-3920593","09/29/2022"
"2238","Russia","Soviet Union","500 BMP-2(K)","captured","https://i.postimg.cc/NMGVtztV/bmmpp2222.jpg","2022-09-29",39,2060,3,"7-3920603","09/29/2022"
"2239","Russia","Soviet Union","500 BMP-2(K)","captured","https://i.postimg.cc/j5T64qPp/b5.jpg","2022-09-29",39,2061,3,"7-3920613","09/29/2022"
"2240","Russia","Soviet Union","500 BMP-2(K)","captured","https://i.postimg.cc/DygqQynD/bmppp2.jpg","2022-09-29",39,2062,3,"7-3920623","09/29/2022"
"2241","Russia","Soviet Union","500 BMP-2(K)","captured","https://postimg.cc/F7dqnk1v","2022-09-29",39,2063,3,"7-3920633","09/29/2022"
"2242","Russia","Soviet Union","500 BMP-2(K)","captured","https://i.postimg.cc/CMfVLKCb/47h.png","2022-09-29",39,2064,3,"7-3920643","09/29/2022"
"2243","Russia","Soviet Union","500 BMP-2(K)","captured","https://i.postimg.cc/hPrZSFY9/4g.png","2022-09-29",39,2065,3,"7-3920653","09/29/2022"
"2244","Russia","Soviet Union","500 BMP-2(K)","captured","https://i.postimg.cc/bJgr4w9Y/7798.jpg","2022-09-29",39,2066,3,"7-3920663","09/29/2022"
"2245","Russia","Soviet Union","500 BMP-2(K)","captured","https://i.postimg.cc/RV5GgxsP/4315.jpg","2022-09-29",39,2067,3,"7-3920673","09/29/2022"
"2246","Russia","Soviet Union","500 BMP-2(K)","captured","https://i.postimg.cc/SN3dXB97/bmp22.jpg","2022-09-29",39,2068,3,"7-3920683","09/29/2022"
"2247","Russia","Soviet Union","500 BMP-2(K)","captured","https://i.postimg.cc/zvvMssWV/221.jpg","2022-09-29",39,2069,3,"7-3920693","09/29/2022"
"2248","Russia","Soviet Union","500 BMP-2(K)","captured","https://i.postimg.cc/9FFBKywz/5444.jpg","2022-09-29",39,2070,3,"7-3920703","09/29/2022"
"2249","Russia","Soviet Union","500 BMP-2(K)","captured","https://i.postimg.cc/8kZRr17K/3280.jpg","2022-09-29",39,2071,3,"7-3920713","09/29/2022"
"2250","Russia","Soviet Union","500 BMP-2(K)","captured","https://i.postimg.cc/hjwj83TY/3329.jpg","2022-09-29",39,2072,3,"7-3920723","09/29/2022"
"2251","Russia","Soviet Union","500 BMP-2(K)","captured","https://i.postimg.cc/SR9cJBwd/c3.jpg","2022-09-29",39,2073,3,"7-3920733","09/29/2022"
"2252","Russia","Soviet Union","500 BMP-2(K)","captured","https://i.postimg.cc/nM8Y2FvN/44f.jpg","2022-09-29",39,2074,3,"7-3920743","09/29/2022"
"2253","Russia","Soviet Union","500 BMP-2(K)","captured","https://i.postimg.cc/pX5ybwBC/v2.jpg","2022-09-29",39,2075,3,"7-3920753","09/29/2022"
"2254","Russia","Soviet Union","500 BMP-2(K)","captured","https://i.postimg.cc/wBPTB1rR/d21.jpg","2022-09-29",39,2076,3,"7-3920763","09/29/2022"
"2255","Russia","Soviet Union","500 BMP-2(K)","captured","https://i.postimg.cc/sggyDf2R/fss.jpg","2022-09-29",39,2077,3,"7-3920773","09/29/2022"
"2256","Russia","Soviet Union","500 BMP-2(K)","captured","https://i.postimg.cc/k5fP00Cg/65.jpg","2022-09-29",39,2078,3,"7-3920783","09/29/2022"
"2257","Russia","Soviet Union","500 BMP-2(K)","captured","https://i.postimg.cc/RZsTRqcz/766.jpg","2022-09-29",39,2079,3,"7-3920793","09/29/2022"
"2258","Russia","Soviet Union","500 BMP-2(K)","captured","https://i.postimg.cc/ZqNWKLX9/j88.jpg","2022-09-29",39,2080,3,"7-3920803","09/29/2022"
"2259","Russia","Soviet Union","500 BMP-2(K)","captured","https://i.postimg.cc/tgBqdBfm/776.jpg","2022-09-29",39,2081,3,"7-3920813","09/29/2022"
"2260","Russia","Soviet Union","500 BMP-2(K)","captured","https://i.postimg.cc/sDb7rVKc/87.jpg","2022-09-29",39,2082,3,"7-3920823","09/29/2022"
"2261","Russia","Soviet Union","500 BMP-2(K)","captured","https://i.postimg.cc/wxZ1QZMS/43f.png","2022-09-29",39,2083,3,"7-3920833","09/29/2022"
"2262","Russia","Soviet Union","500 BMP-2(K)","captured","https://i.postimg.cc/MHGqg8rP/h65.png","2022-09-29",39,2084,3,"7-3920843","09/29/2022"
"2263","Russia","Soviet Union","500 BMP-2(K)","captured","https://i.postimg.cc/Kcp6dLyH/1002-BMP-2.png","2022-09-29",39,2085,3,"7-3920853","09/29/2022"
"2264","Russia","Soviet Union","500 BMP-2(K)","captured","https://i.postimg.cc/T1HJcX0f/776.png","2022-09-29",39,2086,3,"7-3920863","09/29/2022"
"2265","Russia","Soviet Union","500 BMP-2(K)","captured","https://twitter.com/UAWeapons/status/1543285590979903489","2022-09-29",39,2087,3,"7-3920873","09/29/2022"
"2266","Russia","Soviet Union","500 BMP-2(K)","captured","https://i.postimg.cc/QtN7DcKC/559.png","2022-09-29",39,2088,3,"7-3920883","09/29/2022"
"2267","Russia","Soviet Union","500 BMP-2(K)","captured","https://i.postimg.cc/Zn38wp9q/680.png","2022-09-29",39,2089,3,"7-3920893","09/29/2022"
"2268","Russia","Soviet Union","500 BMP-2(K)","captured","https://i.postimg.cc/WpWpDmYd/1035.jpg","2022-09-29",39,2090,3,"7-3920903","09/29/2022"
"2269","Russia","Soviet Union","500 BMP-2(K)","captured","https://i.postimg.cc/Kjw7JqNY/4fh.png","2022-09-29",39,2091,3,"7-3920913","09/29/2022"
"2270","Russia","Soviet Union","500 BMP-2(K)","captured","https://i.postimg.cc/YqnQ7fv3/324.png","2022-09-29",39,2092,3,"7-3920923","09/29/2022"
"2271","Russia","Soviet Union","500 BMP-2(K)","captured","https://i.postimg.cc/0jqDtvcH/y6.png","2022-09-29",39,2093,3,"7-3920933","09/29/2022"
"2272","Russia","Soviet Union","500 BMP-2(K)","captured","https://i.postimg.cc/Gpj4tR0j/g45.png","2022-09-29",39,2094,3,"7-3920943","09/29/2022"
"2273","Russia","Soviet Union","500 BMP-2(K)","captured","https://i.postimg.cc/zDWm7gjd/5g8.png","2022-09-29",39,2095,3,"7-3920953","09/29/2022"
"2274","Russia","Soviet Union","500 BMP-2(K)","captured","https://i.postimg.cc/R0xn75Sp/d130.png","2022-09-29",39,2096,3,"7-3920963","09/29/2022"
"2275","Russia","Soviet Union","500 BMP-2(K)","captured","https://i.postimg.cc/DfsyWCT2/558.png","2022-09-29",39,2097,3,"7-3920973","09/29/2022"
"2276","Russia","Soviet Union","500 BMP-2(K)","captured","https://twitter.com/UAWeapons/status/1545124224095977473","2022-09-29",39,2098,3,"7-3920983","09/29/2022"
"2277","Russia","Soviet Union","500 BMP-2(K)","captured","https://twitter.com/UAWeapons/status/1533783291618279424","2022-09-29",39,2099,3,"7-3920993","09/29/2022"
"2278","Russia","Soviet Union","500 BMP-2(K)","captured","https://twitter.com/UAWeapons/status/1548761196542689280","2022-09-29",39,235,3,"7-392353","09/29/2022"
"2279","Russia","Soviet Union","500 BMP-2(K)","captured","https://i.postimg.cc/nLhQZ8jN/1019.jpg","2022-09-29",39,2100,3,"7-3921003","09/29/2022"
"2280","Russia","Soviet Union","500 BMP-2(K)","captured","https://i.postimg.cc/rFNcNHSz/1005.jpg","2022-09-29",39,2101,3,"7-3921013","09/29/2022"
"2281","Russia","Soviet Union","500 BMP-2(K)","captured","https://i.postimg.cc/zBkr0pBS/1006.jpg","2022-09-29",39,2102,3,"7-3921023","09/29/2022"
"2282","Russia","Soviet Union","500 BMP-2(K)","captured","https://i.postimg.cc/KY8cWFwf/5800.png","2022-09-29",39,2103,3,"7-3921033","09/29/2022"
"2283","Russia","Soviet Union","500 BMP-2(K)","captured","https://i.postimg.cc/tJ0ZVgRD/6662.jpg","2022-09-29",39,2104,3,"7-3921043","09/29/2022"
"2284","Russia","Soviet Union","500 BMP-2(K)","captured","https://i.postimg.cc/pVZrGVkh/Screenshot-9012.png","2022-09-29",39,2105,3,"7-3921053","09/29/2022"
"2285","Russia","Soviet Union","500 BMP-2(K)","captured","https://i.postimg.cc/J7y2rWCq/1001.jpg","2022-09-29",39,2106,3,"7-3921063","09/29/2022"
"2286","Russia","Soviet Union","500 BMP-2(K)","captured","https://i.postimg.cc/D0F4Kdkp/1d.png","2022-09-29",39,2107,3,"7-3921073","09/29/2022"
"2287","Russia","Soviet Union","500 BMP-2(K)","captured","https://i.postimg.cc/3rL56r3h/65h.jpg","2022-09-29",39,2108,3,"7-3921083","09/29/2022"
"2288","Russia","Soviet Union","500 BMP-2(K)","captured","https://i.postimg.cc/QtzzhVSs/3212.png","2022-09-29",39,2109,3,"7-3921093","09/29/2022"
"2289","Russia","Soviet Union","500 BMP-2(K)","captured","https://i.postimg.cc/gcXCN37v/367.png","2022-09-29",39,2110,3,"7-3921103","09/29/2022"
"2290","Russia","Soviet Union","500 BMP-2(K)","captured","https://i.postimg.cc/jjHkGMmr/1004-bmp2.jpg","2022-09-29",39,2111,3,"7-3921113","09/29/2022"
"2291","Russia","Soviet Union","500 BMP-2(K)","captured","https://i.postimg.cc/dQy18GgD/b1.png","2022-09-29",39,2112,3,"7-3921123","09/29/2022"
"2292","Russia","Soviet Union","500 BMP-2(K)","captured","https://twitter.com/UAWeapons/status/1562820655862599683","2022-09-29",39,2113,3,"7-3921133","09/29/2022"
"2293","Russia","Soviet Union","500 BMP-2(K)","captured","https://i.postimg.cc/j53xY9qG/1004-bmp2.jpg","2022-09-29",39,2114,3,"7-3921143","09/29/2022"
"2294","Russia","Soviet Union","500 BMP-2(K)","captured","https://twitter.com/Danspiun/status/1563617152309297153","2022-09-29",39,2115,3,"7-3921153","09/29/2022"
"2295","Russia","Soviet Union","500 BMP-2(K)","captured","https://i.postimg.cc/qM4Xwpmm/1008-bmp2.jpg","2022-09-29",39,2116,3,"7-3921163","09/29/2022"
"2296","Russia","Soviet Union","500 BMP-2(K)","captured","https://i.postimg.cc/9fnnKPMd/1002-bmp2.jpg","2022-09-29",39,2117,3,"7-3921173","09/29/2022"
"2297","Russia","Soviet Union","500 BMP-2(K)","captured","https://twitter.com/UAWeapons/status/1566029127773200387","2022-09-29",39,2118,3,"7-3921183","09/29/2022"
"2298","Russia","Soviet Union","500 BMP-2(K)","captured","https://twitter.com/UAWeapons/status/1566036414084546560","2022-09-29",39,2119,3,"7-3921193","09/29/2022"
"2299","Russia","Soviet Union","500 BMP-2(K)","damaged","https://twitter.com/UAWeapons/status/1566915724031008769","2022-09-29",39,2120,4,"7-3921204","09/29/2022"
"2300","Russia","Soviet Union","500 BMP-2(K)","captured","https://twitter.com/UAWeapons/status/1566915724031008769","2022-09-29",39,2120,3,"7-3921203","09/29/2022"
"2301","Russia","Soviet Union","500 BMP-2(K)","captured","https://twitter.com/UAWeapons/status/1567468458580889600","2022-09-29",39,2121,3,"7-3921213","09/29/2022"
"2302","Russia","Soviet Union","500 BMP-2(K)","captured","https://i.postimg.cc/bwK10C3n/1037-bmp2.jpg","2022-09-29",39,2122,3,"7-3921223","09/29/2022"
"2303","Russia","Soviet Union","500 BMP-2(K)","damaged","https://twitter.com/UAWeapons/status/1567956407768547328","2022-09-29",39,1983,4,"7-3919834","09/29/2022"
"2304","Russia","Soviet Union","500 BMP-2(K)","captured","https://twitter.com/UAWeapons/status/1567956407768547328","2022-09-29",39,1983,3,"7-3919833","09/29/2022"
"2305","Russia","Soviet Union","500 BMP-2(K)","captured","https://i.postimg.cc/mgXJn4Np/1003-bmp2.jpg","2022-09-29",39,2123,3,"7-3921233","09/29/2022"
"2306","Russia","Soviet Union","500 BMP-2(K)","captured","https://i.postimg.cc/2yr0697B/1013-bmp2.jpg","2022-09-29",39,2124,3,"7-3921243","09/29/2022"
"2307","Russia","Soviet Union","500 BMP-2(K)","damaged","https://i.postimg.cc/GmKgzL7N/1020-bmp1-2.jpg","2022-09-29",39,1715,4,"7-3917154","09/29/2022"
"2308","Russia","Soviet Union","500 BMP-2(K)","captured","https://i.postimg.cc/GmKgzL7N/1020-bmp1-2.jpg","2022-09-29",39,1715,3,"7-3917153","09/29/2022"
"2309","Russia","Soviet Union","500 BMP-2(K)","captured","https://i.postimg.cc/rssy7FFV/1012-bmp2.jpg","2022-09-29",39,2125,3,"7-3921253","09/29/2022"
"2310","Russia","Soviet Union","500 BMP-2(K)","captured","https://i.postimg.cc/5NjCTH0P/1500.jpg","2022-09-29",39,2126,3,"7-3921263","09/29/2022"
"2311","Russia","Soviet Union","500 BMP-2(K)","captured","https://i.postimg.cc/28BrWt1K/1015-bmp2.jpg","2022-09-29",39,2127,3,"7-3921273","09/29/2022"
"2312","Russia","Soviet Union","500 BMP-2(K)","captured","https://twitter.com/UAWeapons/status/1568342410043826177","2022-09-29",39,2128,3,"7-3921283","09/29/2022"
"2313","Russia","Soviet Union","500 BMP-2(K)","captured","https://i.postimg.cc/MHn95Nkv/1017-bmp2.jpg","2022-09-29",39,2129,3,"7-3921293","09/29/2022"
"2314","Russia","Soviet Union","500 BMP-2(K)","captured","https://i.postimg.cc/6pGXWmGB/1020-bmp2.jpg","2022-09-29",39,2130,3,"7-3921303","09/29/2022"
"2315","Russia","Soviet Union","500 BMP-2(K)","captured","https://i.postimg.cc/nzXwprB3/2022-09-25-BMP-2-Ural-4320.jpg","2022-09-29",39,2131,3,"7-3921313","09/29/2022"
"2316","Russia","Soviet Union","500 BMP-2(K)","captured","https://i.postimg.cc/9FnyQgwf/1015-bmp2.jpg","2022-09-29",39,2132,3,"7-3921323","09/29/2022"
"2317","Russia","Soviet Union","500 BMP-2(K)","captured","https://twitter.com/UAWeapons/status/1568899223139110913","2022-09-29",39,1306,3,"7-3913063","09/29/2022"
"2318","Russia","Soviet Union","500 BMP-2(K)","captured","https://twitter.com/UAWeapons/status/1568899212976201728","2022-09-29",39,1305,3,"7-3913053","09/29/2022"
"2319","Russia","Soviet Union","500 BMP-2(K)","captured","https://twitter.com/Danspiun/status/1570838412831363073","2022-09-29",39,2133,3,"7-3921333","09/29/2022"
"2320","Russia","Soviet Union","500 BMP-2(K)","captured","https://i.postimg.cc/zBdymHxd/1011-bmp2.jpg","2022-09-29",39,2134,3,"7-3921343","09/29/2022"
"2321","Russia","Soviet Union","500 BMP-2(K)","captured","https://twitter.com/UAWeapons/status/1568887483093422080","2022-09-29",39,2135,3,"7-3921353","09/29/2022"
"2322","Russia","Soviet Union","500 BMP-2(K)","captured","https://twitter.com/UAWeapons/status/1568899257771384832","2022-09-29",39,2136,3,"7-3921363","09/29/2022"
"2323","Russia","Soviet Union","500 BMP-2(K)","captured","https://twitter.com/UAWeapons/status/1568899233314381824","2022-09-29",39,2137,3,"7-3921373","09/29/2022"
"2324","Russia","Soviet Union","500 BMP-2(K)","captured","https://twitter.com/UAWeapons/status/1569058662869516289","2022-09-29",39,1307,3,"7-3913073","09/29/2022"
"2325","Russia","Soviet Union","500 BMP-2(K)","captured","https://twitter.com/UAWeapons/status/1569057880027832327","2022-09-29",39,2138,3,"7-3921383","09/29/2022"
"2326","Russia","Soviet Union","500 BMP-2(K)","captured","https://twitter.com/UAWeapons/status/1571186606140268547","2022-09-29",39,2139,3,"7-3921393","09/29/2022"
"2327","Russia","Soviet Union","500 BMP-2(K)","captured","https://twitter.com/UAWeapons/status/1569229421495701507","2022-09-29",39,2140,3,"7-3921403","09/29/2022"
"2328","Russia","Soviet Union","500 BMP-2(K)","captured","https://twitter.com/UAWeapons/status/1569427484025946113","2022-09-29",39,1429,3,"7-3914293","09/29/2022"
"2329","Russia","Soviet Union","500 BMP-2(K)","captured","https://twitter.com/UAWeapons/status/1569739016995569664","2022-09-29",39,803,3,"7-398033","09/29/2022"
"2330","Russia","Soviet Union","500 BMP-2(K)","captured","https://i.postimg.cc/pX4j4wN6/1006-bmp2.jpg","2022-09-29",39,2141,3,"7-3921413","09/29/2022"
"2331","Russia","Soviet Union","500 BMP-2(K)","captured","https://i.postimg.cc/pV0zY9sx/1007-bmp2.jpg","2022-09-29",39,2142,3,"7-3921423","09/29/2022"
"2332","Russia","Soviet Union","500 BMP-2(K)","captured","https://i.postimg.cc/Qxsw5yYv/1012-bmp2.jpg","2022-09-29",39,2143,3,"7-3921433","09/29/2022"
"2333","Russia","Soviet Union","500 BMP-2(K)","captured","https://i.postimg.cc/qBxQvjrj/1027-bmp2.jpg","2022-09-29",39,2144,3,"7-3921443","09/29/2022"
"2334","Russia","Soviet Union","500 BMP-2(K)","captured","https://i.postimg.cc/htf0Mnd5/1028-bmp2.jpg","2022-09-29",39,2145,3,"7-3921453","09/29/2022"
"2335","Russia","Soviet Union","500 BMP-2(K)","captured","https://i.postimg.cc/W36mtbBh/1029-bmp2.jpg","2022-09-29",39,2146,3,"7-3921463","09/29/2022"
"2336","Russia","Soviet Union","500 BMP-2(K)","captured","https://i.postimg.cc/PqDQsMKb/1030-bmp2.jpg","2022-09-29",39,2147,3,"7-3921473","09/29/2022"
"2337","Russia","Soviet Union","500 BMP-2(K)","captured","https://i.postimg.cc/NMw7grP3/1032-bmp2.jpg","2022-09-29",39,2148,3,"7-3921483","09/29/2022"
"2338","Russia","Soviet Union","500 BMP-2(K)","captured","https://twitter.com/UAWeapons/status/1570057618961350656","2022-09-29",39,2149,3,"7-3921493","09/29/2022"
"2339","Russia","Soviet Union","500 BMP-2(K)","captured","https://twitter.com/UAWeapons/status/1573697820699271168","2022-09-29",39,2150,3,"7-3921503","09/29/2022"
"2340","Russia","Soviet Union","500 BMP-2(K)","captured","https://twitter.com/UAWeapons/status/1570137029349883904","2022-09-29",39,320,3,"7-393203","09/29/2022"
"2341","Russia","Soviet Union","500 BMP-2(K)","captured","https://twitter.com/UAWeapons/status/1570152375238950912","2022-09-29",39,2151,3,"7-3921513","09/29/2022"
"2342","Russia","Soviet Union","500 BMP-2(K)","captured","https://twitter.com/UAWeapons/status/1570152367915692033","2022-09-29",39,1313,3,"7-3913133","09/29/2022"
"2343","Russia","Soviet Union","500 BMP-2(K)","captured","https://i.postimg.cc/Yq1nQmbH/1015-bmp2.jpg","2022-09-29",39,2152,3,"7-3921523","09/29/2022"
"2344","Russia","Soviet Union","500 BMP-2(K)","captured","https://twitter.com/UAWeapons/status/1572308686349144066","2022-09-29",39,2153,3,"7-3921533","09/29/2022"
"2345","Russia","Soviet Union","500 BMP-2(K)","captured","https://twitter.com/UAWeapons/status/1571071832530505728","2022-09-29",39,500,3,"7-395003","09/29/2022"
"2346","Russia","Soviet Union","500 BMP-2(K)","captured","https://i.postimg.cc/MKdbZwwp/2022-09-13-BMP-2.png","2022-09-29",39,2154,3,"7-3921543","09/29/2022"
"2347","Russia","Soviet Union","500 BMP-2(K)","captured","https://i.postimg.cc/tCyCh0gG/1008-brm-1k.jpg","2022-09-29",39,2155,3,"7-3921553","09/29/2022"
"2348","Russia","Soviet Union","500 BMP-2(K)","captured","https://i.postimg.cc/wTHKhVfY/1005-bmp2.jpg","2022-09-29",39,2156,3,"7-3921563","09/29/2022"
"2349","Russia","Soviet Union","500 BMP-2(K)","captured","https://i.postimg.cc/tCKxjXGx/1004-bmp2.jpg","2022-09-29",39,2157,3,"7-3921573","09/29/2022"
"2350","Russia","Soviet Union","500 BMP-2(K)","captured","https://twitter.com/UAWeapons/status/1572155780698341376","2022-09-29",39,1233,3,"7-3912333","09/29/2022"
"2351","Russia","Soviet Union","500 BMP-2(K)","captured","https://twitter.com/UAWeapons/status/1572505221187923969","2022-09-29",39,2158,3,"7-3921583","09/29/2022"
"2352","Russia","Soviet Union","500 BMP-2(K)","captured","https://i.postimg.cc/N0Nh6sYX/1005-bmp2.jpg","2022-09-29",39,2159,3,"7-3921593","09/29/2022"
"2353","Russia","Soviet Union","500 BMP-2(K)","captured","https://i.postimg.cc/85b4J6fC/2022-09-15-BMP-2.jpg","2022-09-29",39,2160,3,"7-3921603","09/29/2022"
"2354","Russia","Soviet Union","500 BMP-2(K)","captured","https://i.postimg.cc/sgKJNxZt/2022-09-14-BMP-2.jpg","2022-09-29",39,2161,3,"7-3921613","09/29/2022"
"2355","Russia","Soviet Union","500 BMP-2(K)","captured","https://twitter.com/UAWeapons/status/1572972291624951809","2022-09-29",39,179,3,"7-391793","09/29/2022"
"2356","Russia","Soviet Union","500 BMP-2(K)","captured","https://twitter.com/UAWeapons/status/1572974126293286913","2022-09-29",39,2162,3,"7-3921623","09/29/2022"
"2357","Russia","Soviet Union","500 BMP-2(K)","captured","https://twitter.com/UAWeapons/status/1572936489314426883","2022-09-29",39,1323,3,"7-3913233","09/29/2022"
"2358","Russia","Soviet Union","500 BMP-2(K)","captured","https://twitter.com/UAWeapons/status/1572936489314426883","2022-09-29",39,1323,3,"7-3913233","09/29/2022"
"2359","Russia","Soviet Union","500 BMP-2(K)","captured","https://twitter.com/UAWeapons/status/1572933469038317569","2022-09-29",39,2163,3,"7-3921633","09/29/2022"
"2360","Russia","Soviet Union","500 BMP-2(K)","captured","https://i.postimg.cc/mg9JHPjW/2022-09-23-BMP-2.jpg","2022-09-29",39,2164,3,"7-3921643","09/29/2022"
"2361","Russia","Soviet Union","500 BMP-2(K)","captured","https://twitter.com/UAWeapons/status/1574388532239425536","2022-09-29",39,2165,3,"7-3921653","09/29/2022"
"2362","Russia","Soviet Union","500 BMP-2(K)","captured","https://postimg.cc/4778T5nz","2022-09-29",39,2166,3,"7-3921663","09/29/2022"
"2363","Russia","Soviet Union","500 BMP-2(K)","captured","https://twitter.com/UAWeapons/status/1575037643632492544","2022-09-29",39,2167,3,"7-3921673","09/29/2022"
"2364","Russia","Soviet Union","500 BMP-2(K)","captured","https://twitter.com/UAWeapons/status/1575166980000481281","2022-09-29",39,1878,3,"7-3918783","09/29/2022"
"2365","Russia","Soviet Union","500 BMP-2(K)","captured","https://i.postimg.cc/ZYDFTmSB/1004-bm2-capt.jpg","2022-09-29",39,2168,3,"7-3921683","09/29/2022"
"2366","Russia","Russia","6 BMP-2M","destroyed","https://twitter.com/UAWeapons/status/1569679556629467137","2022-09-29",40,2169,1,"7-4021691","09/29/2022"
"2367","Russia","Russia","6 BMP-2M","destroyed","https://i.postimg.cc/QM8BYJnd/1000-bmp2m-2x.jpg","2022-09-29",40,2170,1,"7-4021701","09/29/2022"
"2368","Russia","Russia","6 BMP-2M","destroyed","https://twitter.com/UAWeapons/status/1575201856715821056","2022-09-29",40,2171,1,"7-4021711","09/29/2022"
"2369","Russia","Russia","6 BMP-2M","damaged","https://twitter.com/UAWeapons/status/1572504785693310978","2022-09-29",40,2172,4,"7-4021724","09/29/2022"
"2370","Russia","Russia","6 BMP-2M","captured","https://i.postimg.cc/hPqgtxcn/229.png","2022-09-29",40,2173,3,"7-4021733","09/29/2022"
"2371","Russia","Russia","BMP-2 675-sb3KDZ","captured","https://i.postimg.cc/rsJXQgr0/h66.jpg","2022-09-29",41,2174,3,"7-4121743","09/29/2022"
"2372","Russia","Soviet Union","69 Unknown BMP-1/2","destroyed","https://i.postimg.cc/kMkkHsRJ/ds.png","2022-09-29",42,2175,1,"7-4221751","09/29/2022"
"2373","Russia","Soviet Union","69 Unknown BMP-1/2","destroyed","https://twitter.com/UAWeapons/status/1503839555555889153","2022-09-29",42,976,1,"7-429761","09/29/2022"
"2374","Russia","Soviet Union","69 Unknown BMP-1/2","destroyed","https://twitter.com/RALee85/status/1552942531842871296","2022-09-29",42,2176,1,"7-4221761","09/29/2022"
"2375","Russia","Soviet Union","69 Unknown BMP-1/2","destroyed","https://twitter.com/UAWeapons/status/1554920074720559104","2022-09-29",42,2177,1,"7-4221771","09/29/2022"
"2376","Russia","Soviet Union","69 Unknown BMP-1/2","destroyed","https://i.postimg.cc/dt8Nrk8t/r33.png","2022-09-29",42,2178,1,"7-4221781","09/29/2022"
"2377","Russia","Soviet Union","69 Unknown BMP-1/2","destroyed","https://i.postimg.cc/8CxkwgGG/776.jpg","2022-09-29",42,2179,1,"7-4221791","09/29/2022"
"2378","Russia","Soviet Union","69 Unknown BMP-1/2","destroyed","https://i.postimg.cc/L6nFgHVP/433.png","2022-09-29",42,2180,1,"7-4221801","09/29/2022"
"2379","Russia","Soviet Union","69 Unknown BMP-1/2","destroyed","https://twitter.com/UAWeapons/status/1513937750566875148","2022-09-29",42,2181,1,"7-4221811","09/29/2022"
"2380","Russia","Soviet Union","69 Unknown BMP-1/2","destroyed","https://twitter.com/UAWeapons/status/1513599543723663370","2022-09-29",42,2182,1,"7-4221821","09/29/2022"
"2381","Russia","Soviet Union","69 Unknown BMP-1/2","destroyed","https://i.postimg.cc/TPKTjZ91/33.jpg","2022-09-29",42,2183,1,"7-4221831","09/29/2022"
"2382","Russia","Soviet Union","69 Unknown BMP-1/2","destroyed","https://twitter.com/UAWeapons/status/1518654644544802818","2022-09-29",42,998,1,"7-429981","09/29/2022"
"2383","Russia","Soviet Union","69 Unknown BMP-1/2","destroyed","https://i.postimg.cc/QMJ9vgwc/2d.png","2022-09-29",42,2184,1,"7-4221841","09/29/2022"
"2384","Russia","Soviet Union","69 Unknown BMP-1/2","destroyed","https://i.postimg.cc/sfcTzjyx/g5.jpg","2022-09-29",42,2185,1,"7-4221851","09/29/2022"
"2385","Russia","Soviet Union","69 Unknown BMP-1/2","destroyed","https://i.postimg.cc/Jh0nyFz9/44f.jpg","2022-09-29",42,2186,1,"7-4221861","09/29/2022"
"2386","Russia","Soviet Union","69 Unknown BMP-1/2","destroyed","https://twitter.com/UAWeapons/status/1528313148712833024","2022-09-29",42,2187,1,"7-4221871","09/29/2022"
"2387","Russia","Soviet Union","69 Unknown BMP-1/2","destroyed","https://twitter.com/UAWeapons/status/1527757923497168896","2022-09-29",42,2188,1,"7-4221881","09/29/2022"
"2388","Russia","Soviet Union","69 Unknown BMP-1/2","destroyed","https://twitter.com/UAWeapons/status/1527754511149936641","2022-09-29",42,2189,1,"7-4221891","09/29/2022"
"2389","Russia","Soviet Union","69 Unknown BMP-1/2","destroyed","https://twitter.com/UAWeapons/status/1527724630244564993","2022-09-29",42,2190,1,"7-4221901","09/29/2022"
"2390","Russia","Soviet Union","69 Unknown BMP-1/2","destroyed","https://twitter.com/UAWeapons/status/1527402108969951233","2022-09-29",42,2191,1,"7-4221911","09/29/2022"
"2391","Russia","Soviet Union","69 Unknown BMP-1/2","destroyed","https://twitter.com/UAWeapons/status/1527047154262474753","2022-09-29",42,2192,1,"7-4221921","09/29/2022"
"2392","Russia","Soviet Union","69 Unknown BMP-1/2","destroyed","https://twitter.com/UAWeapons/status/1528850834225782785","2022-09-29",42,2193,1,"7-4221931","09/29/2022"
"2393","Russia","Soviet Union","69 Unknown BMP-1/2","destroyed","https://i.postimg.cc/LX8DQRc9/4431.jpg","2022-09-29",42,2194,1,"7-4221941","09/29/2022"
"2394","Russia","Soviet Union","69 Unknown BMP-1/2","destroyed","https://i.postimg.cc/rm0MDRpr/32f.jpg","2022-09-29",42,2195,1,"7-4221951","09/29/2022"
"2395","Russia","Soviet Union","69 Unknown BMP-1/2","destroyed","https://twitter.com/RALee85/status/1530822005183983616","2022-09-29",42,2196,1,"7-4221961","09/29/2022"
"2396","Russia","Soviet Union","69 Unknown BMP-1/2","destroyed","https://twitter.com/UAWeapons/status/1531369866061664256","2022-09-29",42,2197,1,"7-4221971","09/29/2022"
"2397","Russia","Soviet Union","69 Unknown BMP-1/2","destroyed","https://twitter.com/UAWeapons/status/1533021443943956482","2022-09-29",42,2198,1,"7-4221981","09/29/2022"
"2398","Russia","Soviet Union","69 Unknown BMP-1/2","destroyed","https://twitter.com/UAWeapons/status/1533785755063050241","2022-09-29",42,2199,1,"7-4221991","09/29/2022"
"2399","Russia","Soviet Union","69 Unknown BMP-1/2","destroyed","https://twitter.com/UAWeapons/status/1534146940883156995","2022-09-29",42,2200,1,"7-4222001","09/29/2022"
"2400","Russia","Soviet Union","69 Unknown BMP-1/2","destroyed","https://twitter.com/UAWeapons/status/1534591070805409792","2022-09-29",42,2201,1,"7-4222011","09/29/2022"
"2401","Russia","Soviet Union","69 Unknown BMP-1/2","destroyed","https://twitter.com/UAWeapons/status/1534566681414352896","2022-09-29",42,2202,1,"7-4222021","09/29/2022"
"2402","Russia","Soviet Union","69 Unknown BMP-1/2","destroyed","https://i.postimg.cc/CKXTcKRm/Jf7s6u-WS-jpg-large.jpg","2022-09-29",42,2203,1,"7-4222031","09/29/2022"
"2403","Russia","Soviet Union","69 Unknown BMP-1/2","destroyed","https://twitter.com/UAWeapons/status/1548401083411623936","2022-09-29",42,2204,1,"7-4222041","09/29/2022"
"2404","Russia","Soviet Union","69 Unknown BMP-1/2","destroyed","https://twitter.com/UAWeapons/status/1538074149372952576","2022-09-29",42,2205,1,"7-4222051","09/29/2022"
"2405","Russia","Soviet Union","69 Unknown BMP-1/2","destroyed","https://twitter.com/UAWeapons/status/1538135200030400515","2022-09-29",42,2206,1,"7-4222061","09/29/2022"
"2406","Russia","Soviet Union","69 Unknown BMP-1/2","destroyed","https://twitter.com/UAWeapons/status/1538140289075974150","2022-09-29",42,2207,1,"7-4222071","09/29/2022"
"2407","Russia","Soviet Union","69 Unknown BMP-1/2","destroyed","https://twitter.com/UAWeapons/status/1539254186822586368","2022-09-29",42,2208,1,"7-4222081","09/29/2022"
"2408","Russia","Soviet Union","69 Unknown BMP-1/2","destroyed","https://twitter.com/UAWeapons/status/1539256229293350913","2022-09-29",42,2209,1,"7-4222091","09/29/2022"
"2409","Russia","Soviet Union","69 Unknown BMP-1/2","destroyed","https://twitter.com/RALee85/status/1540686770815131649","2022-09-29",42,2210,1,"7-4222101","09/29/2022"
"2410","Russia","Soviet Union","69 Unknown BMP-1/2","destroyed","https://twitter.com/Blue_Sauron/status/1541096114291630084","2022-09-29",42,2211,1,"7-4222111","09/29/2022"
"2411","Russia","Soviet Union","69 Unknown BMP-1/2","destroyed","https://twitter.com/UAWeapons/status/1540052534299082752","2022-09-29",42,2212,1,"7-4222121","09/29/2022"
"2412","Russia","Soviet Union","69 Unknown BMP-1/2","destroyed","https://i.postimg.cc/zG8P77HB/4f5.png","2022-09-29",42,2213,1,"7-4222131","09/29/2022"
"2413","Russia","Soviet Union","69 Unknown BMP-1/2","destroyed","https://i.postimg.cc/52MwH9Gh/j779.jpg","2022-09-29",42,2214,1,"7-4222141","09/29/2022"
"2414","Russia","Soviet Union","69 Unknown BMP-1/2","destroyed","https://twitter.com/UAWeapons/status/1544438189070352384","2022-09-29",42,1189,1,"7-4211891","09/29/2022"
"2415","Russia","Soviet Union","69 Unknown BMP-1/2","destroyed","https://twitter.com/UAWeapons/status/1574454914109022208","2022-09-29",42,2215,1,"7-4222151","09/29/2022"
"2416","Russia","Soviet Union","69 Unknown BMP-1/2","destroyed","https://twitter.com/Blue_Sauron/status/1544968755091886080","2022-09-29",42,685,1,"7-426851","09/29/2022"
"2417","Russia","Soviet Union","69 Unknown BMP-1/2","destroyed","https://twitter.com/UAWeapons/status/1545829375265865729","2022-09-29",42,2216,1,"7-4222161","09/29/2022"
"2418","Russia","Soviet Union","69 Unknown BMP-1/2","destroyed","https://i.postimg.cc/QMVZFd6B/1006-unkn-bmp.jpg","2022-09-29",42,2217,1,"7-4222171","09/29/2022"
"2419","Russia","Soviet Union","69 Unknown BMP-1/2","destroyed","https://i.postimg.cc/SKVMdCbr/1006.jpg","2022-09-29",42,2218,1,"7-4222181","09/29/2022"
"2420","Russia","Soviet Union","69 Unknown BMP-1/2","destroyed","https://i.postimg.cc/5NhttZ5J/1002-unkn-BMP.jpg","2022-09-29",42,2219,1,"7-4222191","09/29/2022"
"2421","Russia","Soviet Union","69 Unknown BMP-1/2","destroyed","https://i.postimg.cc/cCQkvVch/1009-unkn-bmp.jpg","2022-09-29",42,2220,1,"7-4222201","09/29/2022"
"2422","Russia","Soviet Union","69 Unknown BMP-1/2","destroyed","https://twitter.com/UAWeapons/status/1573410715679035392","2022-09-29",42,2221,1,"7-4222211","09/29/2022"
"2423","Russia","Soviet Union","69 Unknown BMP-1/2","destroyed","https://twitter.com/UAWeapons/status/1567266270290087949","2022-09-29",42,2222,1,"7-4222221","09/29/2022"
"2424","Russia","Soviet Union","69 Unknown BMP-1/2","destroyed","https://i.postimg.cc/TPggtV44/1041-bmp.jpg","2022-09-29",42,2223,1,"7-4222231","09/29/2022"
"2425","Russia","Soviet Union","69 Unknown BMP-1/2","destroyed","https://i.postimg.cc/nznjT67X/1042-bmp.jpg","2022-09-29",42,2224,1,"7-4222241","09/29/2022"
"2426","Russia","Soviet Union","69 Unknown BMP-1/2","destroyed","https://i.postimg.cc/rwtrpGMw/1043-bmp.jpg","2022-09-29",42,2225,1,"7-4222251","09/29/2022"
"2427","Russia","Soviet Union","69 Unknown BMP-1/2","destroyed","https://twitter.com/UAWeapons/status/1569411914693738498","2022-09-29",42,1081,1,"7-4210811","09/29/2022"
"2428","Russia","Soviet Union","69 Unknown BMP-1/2","destroyed","https://twitter.com/UAWeapons/status/1569726417771839496","2022-09-29",42,2226,1,"7-4222261","09/29/2022"
"2429","Russia","Soviet Union","69 Unknown BMP-1/2","destroyed","https://i.postimg.cc/MG4GCYZx/1017-bmp3.jpg","2022-09-29",42,2227,1,"7-4222271","09/29/2022"
"2430","Russia","Soviet Union","69 Unknown BMP-1/2","destroyed","https://i.postimg.cc/YC5Ckz3F/1008-unkn-bmp.jpg","2022-09-29",42,2228,1,"7-4222281","09/29/2022"
"2431","Russia","Soviet Union","69 Unknown BMP-1/2","damaged","https://twitter.com/UAWeapons/status/1517278456790269952","2022-09-29",42,2229,4,"7-4222294","09/29/2022"
"2432","Russia","Soviet Union","69 Unknown BMP-1/2","damaged","https://twitter.com/UAWeapons/status/1539006612525965314","2022-09-29",42,2230,4,"7-4222304","09/29/2022"
"2433","Russia","Soviet Union","69 Unknown BMP-1/2","damaged","https://twitter.com/UAWeapons/status/1539706697765322754","2022-09-29",42,2231,4,"7-4222314","09/29/2022"
"2434","Russia","Soviet Union","69 Unknown BMP-1/2","damaged","https://i.postimg.cc/vmWTdr9s/8j.png","2022-09-29",42,2232,4,"7-4222324","09/29/2022"
"2435","Russia","Soviet Union","69 Unknown BMP-1/2","abandoned","https://i.postimg.cc/vmWTdr9s/8j.png","2022-09-29",42,2232,2,"7-4222322","09/29/2022"
"2436","Russia","Soviet Union","69 Unknown BMP-1/2","abandoned","https://i.postimg.cc/mrftFwV5/5g.jpg","2022-09-29",42,2233,2,"7-4222332","09/29/2022"
"2437","Russia","Russia","BMP-3","destroyed","https://i.postimg.cc/ZRpWnkwZ/n89.png","2022-09-29",43,2234,1,"7-4322341","09/29/2022"
"2438","Russia","Russia","BMP-3","destroyed","https://i.postimg.cc/yxCSy6Dk/f6.png","2022-09-29",43,2235,1,"7-4322351","09/29/2022"
"2439","Russia","Russia","BMP-3","destroyed","https://i.postimg.cc/Bv2RqWVx/j7.png","2022-09-29",43,2236,1,"7-4322361","09/29/2022"
"2440","Russia","Russia","BMP-3","destroyed","https://i.postimg.cc/zD9kdGPS/d2.png","2022-09-29",43,2237,1,"7-4322371","09/29/2022"
"2441","Russia","Russia","BMP-3","destroyed","https://postimg.cc/5Xczy0Gd","2022-09-29",43,2238,1,"7-4322381","09/29/2022"
"2442","Russia","Russia","BMP-3","destroyed","https://i.postimg.cc/nrTwmbpw/d56.png","2022-09-29",43,2239,1,"7-4322391","09/29/2022"
"2443","Russia","Russia","BMP-3","destroyed","https://i.postimg.cc/qvrzRPzd/d331.png","2022-09-29",43,2240,1,"7-4322401","09/29/2022"
"2444","Russia","Russia","BMP-3","destroyed","https://i.postimg.cc/3RdFyFMH/r1.jpg","2022-09-29",43,2241,1,"7-4322411","09/29/2022"
"2445","Russia","Russia","BMP-3","destroyed","https://i.postimg.cc/MHB05ZKP/r2.jpg","2022-09-29",43,2242,1,"7-4322421","09/29/2022"
"2446","Russia","Russia","BMP-3","destroyed","https://i.postimg.cc/Cx9Ydf9d/5247.png","2022-09-29",43,2243,1,"7-4322431","09/29/2022"
"2447","Russia","Russia","BMP-3","destroyed","https://i.postimg.cc/2jtWWXx0/41.png","2022-09-29",43,2244,1,"7-4322441","09/29/2022"
"2448","Russia","Russia","BMP-3","destroyed","https://i.postimg.cc/GhHBmcX3/9o.jpg","2022-09-29",43,2245,1,"7-4322451","09/29/2022"
"2449","Russia","Russia","BMP-3","destroyed","https://i.postimg.cc/5t9tSpNV/1000-bmp3.jpg","2022-09-29",43,2246,1,"7-4322461","09/29/2022"
"2450","Russia","Russia","BMP-3","destroyed","https://i.postimg.cc/05JBw71t/90.png","2022-09-29",43,2247,1,"7-4322471","09/29/2022"
"2451","Russia","Russia","BMP-3","destroyed","https://i.postimg.cc/KY0xRb43/3h.png","2022-09-29",43,2248,1,"7-4322481","09/29/2022"
"2452","Russia","Russia","BMP-3","destroyed","https://i.postimg.cc/L8MHWvr5/76j.png","2022-09-29",43,2249,1,"7-4322491","09/29/2022"
"2453","Russia","Russia","BMP-3","destroyed","https://i.postimg.cc/DwyLdy4T/g5g.jpg","2022-09-29",43,2250,1,"7-4322501","09/29/2022"
"2454","Russia","Russia","BMP-3","destroyed","https://i.postimg.cc/3JkmRZMR/b2.png","2022-09-29",43,2251,1,"7-4322511","09/29/2022"
"2455","Russia","Russia","BMP-3","destroyed","https://i.postimg.cc/52vz5N2W/b3.png","2022-09-29",43,2252,1,"7-4322521","09/29/2022"
"2456","Russia","Russia","BMP-3","destroyed","https://i.postimg.cc/Y2zMFcHD/b4.png","2022-09-29",43,2253,1,"7-4322531","09/29/2022"
"2457","Russia","Russia","BMP-3","destroyed","https://i.postimg.cc/Nj5cZ5rZ/b5.png","2022-09-29",43,2254,1,"7-4322541","09/29/2022"
"2458","Russia","Russia","BMP-3","destroyed","https://i.postimg.cc/PqhsKgsJ/1003-bmp3.jpg","2022-09-29",43,2255,1,"7-4322551","09/29/2022"
"2459","Russia","Russia","BMP-3","destroyed","https://i.postimg.cc/y8DnDGDJ/44.jpg","2022-09-29",43,2256,1,"7-4322561","09/29/2022"
"2460","Russia","Russia","BMP-3","destroyed","https://i.postimg.cc/59CsXt9V/360.png","2022-09-29",43,2257,1,"7-4322571","09/29/2022"
"2461","Russia","Russia","BMP-3","destroyed","https://i.postimg.cc/wB2hgbSG/5541.jpg","2022-09-29",43,2258,1,"7-4322581","09/29/2022"
"2462","Russia","Russia","BMP-3","destroyed","https://i.postimg.cc/RFKhFFHS/5g.jpg","2022-09-29",43,2259,1,"7-4322591","09/29/2022"
"2463","Russia","Russia","BMP-3","destroyed","https://i.postimg.cc/FsDBqVBv/h8.jpg","2022-09-29",43,2260,1,"7-4322601","09/29/2022"
"2464","Russia","Russia","BMP-3","destroyed","https://twitter.com/UAWeapons/status/1558035724582244353","2022-09-29",43,2261,1,"7-4322611","09/29/2022"
"2465","Russia","Russia","BMP-3","destroyed","https://i.postimg.cc/Nf0wvd3v/f55.png","2022-09-29",43,2262,1,"7-4322621","09/29/2022"
"2466","Russia","Russia","BMP-3","destroyed","https://i.postimg.cc/449C2rVY/43g.png","2022-09-29",43,2263,1,"7-4322631","09/29/2022"
"2467","Russia","Russia","BMP-3","destroyed","https://i.postimg.cc/Njc46pns/1003-bmp3.jpg","2022-09-29",43,2264,1,"7-4322641","09/29/2022"
"2468","Russia","Russia","BMP-3","destroyed","https://i.postimg.cc/xTN6N6Q3/338.png","2022-09-29",43,2265,1,"7-4322651","09/29/2022"
"2469","Russia","Russia","BMP-3","destroyed","https://i.postimg.cc/L5xJGznM/13.jpg","2022-09-29",43,2266,1,"7-4322661","09/29/2022"
"2470","Russia","Russia","BMP-3","destroyed","https://i.postimg.cc/nLS1swVn/332.jpg","2022-09-29",43,2267,1,"7-4322671","09/29/2022"
"2471","Russia","Russia","BMP-3","destroyed","https://i.postimg.cc/3NFfWRm0/4431.jpg","2022-09-29",43,2268,1,"7-4322681","09/29/2022"
"2472","Russia","Russia","BMP-3","destroyed","https://postimg.cc/pyns9btm","2022-09-29",43,2269,1,"7-4322691","09/29/2022"
"2473","Russia","Russia","BMP-3","destroyed","https://i.postimg.cc/NjKXKp8m/7766.jpg","2022-09-29",43,2270,1,"7-4322701","09/29/2022"
"2474","Russia","Russia","BMP-3","destroyed","https://i.postimg.cc/B6BWv2CR/bb1.jpg","2022-09-29",43,2271,1,"7-4322711","09/29/2022"
"2475","Russia","Russia","BMP-3","destroyed","https://i.postimg.cc/90m6wz80/bb2.jpg","2022-09-29",43,2272,1,"7-4322721","09/29/2022"
"2476","Russia","Russia","BMP-3","destroyed","https://i.postimg.cc/jq1hFxRW/4470.jpg","2022-09-29",43,2273,1,"7-4322731","09/29/2022"
"2477","Russia","Russia","BMP-3","destroyed","https://i.postimg.cc/brJMxp1x/d23.jpg","2022-09-29",43,2274,1,"7-4322741","09/29/2022"
"2478","Russia","Russia","BMP-3","destroyed","https://i.postimg.cc/kXHmmmCL/55y.png","2022-09-29",43,2275,1,"7-4322751","09/29/2022"
"2479","Russia","Russia","BMP-3","destroyed","https://i.postimg.cc/903fgpLT/776.png","2022-09-29",43,2276,1,"7-4322761","09/29/2022"
"2480","Russia","Russia","BMP-3","destroyed","https://i.postimg.cc/dV27CywK/4380.jpg","2022-09-29",43,2277,1,"7-4322771","09/29/2022"
"2481","Russia","Russia","BMP-3","destroyed","https://twitter.com/UAWeapons/status/1521874306619351043","2022-09-29",43,2278,1,"7-4322781","09/29/2022"
"2482","Russia","Russia","BMP-3","destroyed","https://i.postimg.cc/rsb5qyk8/f21.jpg","2022-09-29",43,2279,1,"7-4322791","09/29/2022"
"2483","Russia","Russia","BMP-3","destroyed","https://i.postimg.cc/76KgQMtJ/f222.jpg","2022-09-29",43,2280,1,"7-4322801","09/29/2022"
"2484","Russia","Russia","BMP-3","destroyed","https://twitter.com/UAWeapons/status/1554759375650258944","2022-09-29",43,2281,1,"7-4322811","09/29/2022"
"2485","Russia","Russia","BMP-3","destroyed","https://postimg.cc/WtqBxh3c","2022-09-29",43,2282,1,"7-4322821","09/29/2022"
"2486","Russia","Russia","BMP-3","destroyed","https://i.postimg.cc/V6Zgjc32/4g.png","2022-09-29",43,2283,1,"7-4322831","09/29/2022"
"2487","Russia","Russia","BMP-3","destroyed","https://i.postimg.cc/MHRbC9wS/f2.jpg","2022-09-29",43,2284,1,"7-4322841","09/29/2022"
"2488","Russia","Russia","BMP-3","destroyed","https://twitter.com/UAWeapons/status/1528069300128518144","2022-09-29",43,2285,1,"7-4322851","09/29/2022"
"2489","Russia","Russia","BMP-3","destroyed","https://i.postimg.cc/sfLCwRMr/77663.jpg","2022-09-29",43,2286,1,"7-4322861","09/29/2022"
"2490","Russia","Russia","BMP-3","destroyed","https://i.postimg.cc/sXB5MN91/1005-bmp3.jpg","2022-09-29",43,2287,1,"7-4322871","09/29/2022"
"2491","Russia","Russia","BMP-3","destroyed","https://i.postimg.cc/Mp8LWqHb/1002.jpg","2022-09-29",43,2288,1,"7-4322881","09/29/2022"
"2492","Russia","Russia","BMP-3","destroyed","https://twitter.com/UAWeapons/status/1548308892307714048","2022-09-29",43,2289,1,"7-4322891","09/29/2022"
"2493","Russia","Russia","BMP-3","destroyed","https://twitter.com/UAWeapons/status/1531274223427125248","2022-09-29",43,2290,1,"7-4322901","09/29/2022"
"2494","Russia","Russia","BMP-3","destroyed","https://twitter.com/UAWeapons/status/1534499407235784705","2022-09-29",43,2291,1,"7-4322911","09/29/2022"
"2495","Russia","Russia","BMP-3","destroyed","https://twitter.com/UAWeapons/status/1536669461293457408","2022-09-29",43,2292,1,"7-4322921","09/29/2022"
"2496","Russia","Russia","BMP-3","destroyed","https://twitter.com/UAWeapons/status/1536817946131054593","2022-09-29",43,2293,1,"7-4322931","09/29/2022"
"2497","Russia","Russia","BMP-3","destroyed","https://i.postimg.cc/DzwfTPmr/65.png","2022-09-29",43,2294,1,"7-4322941","09/29/2022"
"2498","Russia","Russia","BMP-3","destroyed","https://twitter.com/RALee85/status/1538799556514693120","2022-09-29",43,2295,1,"7-4322951","09/29/2022"
"2499","Russia","Russia","BMP-3","destroyed","https://twitter.com/UAWeapons/status/1554152284380188677","2022-09-29",43,2296,1,"7-4322961","09/29/2022"
"2500","Russia","Russia","BMP-3","destroyed","https://i.postimg.cc/qv8dG2wX/1033.jpg","2022-09-29",43,2297,1,"7-4322971","09/29/2022"
"2501","Russia","Russia","BMP-3","destroyed","https://i.postimg.cc/gcQJvb8T/1004-bmp3.jpg","2022-09-29",43,2298,1,"7-4322981","09/29/2022"
"2502","Russia","Russia","BMP-3","destroyed","https://i.postimg.cc/VkL1hDMR/1061-bmp3.jpg","2022-09-29",43,2299,1,"7-4322991","09/29/2022"
"2503","Russia","Russia","BMP-3","destroyed","https://twitter.com/UAWeapons/status/1553443903797329920","2022-09-29",43,2300,1,"7-4323001","09/29/2022"
"2504","Russia","Russia","BMP-3","destroyed","https://twitter.com/UAWeapons/status/1563514551764938753","2022-09-29",43,2301,1,"7-4323011","09/29/2022"
"2505","Russia","Russia","BMP-3","destroyed","https://i.postimg.cc/sXHMm3ty/1004-bmp3.jpg","2022-09-29",43,2302,1,"7-4323021","09/29/2022"
"2506","Russia","Russia","BMP-3","destroyed","https://twitter.com/UAWeapons/status/1565060190269063170","2022-09-29",43,2303,1,"7-4323031","09/29/2022"
"2507","Russia","Russia","BMP-3","destroyed","https://i.postimg.cc/4dSR7vsG/1014-bmp3.jpg","2022-09-29",43,2304,1,"7-4323041","09/29/2022"
"2508","Russia","Russia","BMP-3","destroyed","https://i.postimg.cc/gJz86DFp/2022-09-11-BMP-3-Bairak.jpg","2022-09-29",43,2305,1,"7-4323051","09/29/2022"
"2509","Russia","Russia","BMP-3","destroyed","https://i.postimg.cc/brpWHdcP/1024-bmp3.jpg","2022-09-29",43,2306,1,"7-4323061","09/29/2022"
"2510","Russia","Russia","BMP-3","destroyed","https://twitter.com/UAWeapons/status/1572642431853821953","2022-09-29",43,2307,1,"7-4323071","09/29/2022"
"2511","Russia","Russia","BMP-3","destroyed","https://twitter.com/UAWeapons/status/1574134957039095810","2022-09-29",43,1998,1,"7-4319981","09/29/2022"
"2512","Russia","Russia","BMP-3","destroyed","https://twitter.com/UAWeapons/status/1575477537861292035","2022-09-29",43,817,1,"7-438171","09/29/2022"
"2513","Russia","Russia","BMP-3","destroyed","https://i.postimg.cc/KjVnQPNr/1009-bmp3-destr.jpg","2022-09-29",43,2308,1,"7-4323081","09/29/2022"
"2514","Russia","Russia","BMP-3","damaged","https://twitter.com/UAWeapons/status/1522706604977762313","2022-09-29",43,546,4,"7-435464","09/29/2022"
"2515","Russia","Russia","BMP-3","damaged","https://twitter.com/UAWeapons/status/1531274223427125248","2022-09-29",43,2290,4,"7-4322904","09/29/2022"
"2516","Russia","Russia","BMP-3","damaged","https://twitter.com/UAWeapons/status/1533100107402563589","2022-09-29",43,2309,4,"7-4323094","09/29/2022"
"2517","Russia","Russia","BMP-3","damaged","https://i.postimg.cc/fy3wzKJk/1005-bmp3.jpg","2022-09-29",43,2310,4,"7-4323104","09/29/2022"
"2518","Russia","Russia","BMP-3","abandoned","https://i.postimg.cc/4yK9s6df/76.jpg","2022-09-29",43,2311,2,"7-4323112","09/29/2022"
"2519","Russia","Russia","BMP-3","abandoned","https://i.postimg.cc/Y06k5PbX/1062-bmp3.jpg","2022-09-29",43,2312,2,"7-4323122","09/29/2022"
"2520","Russia","Russia","BMP-3","abandoned","https://i.postimg.cc/8PbNwqFc/1063-bmp3.jpg","2022-09-29",43,2313,2,"7-4323132","09/29/2022"
"2521","Russia","Russia","BMP-3","abandoned","https://i.postimg.cc/sfY8r74h/1001-bmp3-aband.png","2022-09-29",43,2314,2,"7-4323142","09/29/2022"
"2522","Russia","Russia","BMP-3","damaged","https://i.postimg.cc/WpmBhMvM/4d.png","2022-09-29",43,2315,4,"7-4323154","09/29/2022"
"2523","Russia","Russia","BMP-3","captured","https://i.postimg.cc/WpmBhMvM/4d.png","2022-09-29",43,2315,3,"7-4323153","09/29/2022"
"2524","Russia","Russia","BMP-3","damaged","https://i.postimg.cc/6qQy4ByR/588.png","2022-09-29",43,2316,4,"7-4323164","09/29/2022"
"2525","Russia","Russia","BMP-3","captured","https://i.postimg.cc/6qQy4ByR/588.png","2022-09-29",43,2316,3,"7-4323163","09/29/2022"
"2526","Russia","Russia","BMP-3","damaged","https://i.postimg.cc/HxnCghHt/446.jpg","2022-09-29",43,2317,4,"7-4323174","09/29/2022"
"2527","Russia","Russia","BMP-3","captured","https://i.postimg.cc/HxnCghHt/446.jpg","2022-09-29",43,2317,3,"7-4323173","09/29/2022"
"2528","Russia","Russia","BMP-3","damaged","https://i.postimg.cc/BQHt6Xc9/439.jpg","2022-09-29",43,2318,4,"7-4323184","09/29/2022"
"2529","Russia","Russia","BMP-3","captured","https://i.postimg.cc/BQHt6Xc9/439.jpg","2022-09-29",43,2318,3,"7-4323183","09/29/2022"
"2530","Russia","Russia","BMP-3","captured","https://i.postimg.cc/TP5dMtW3/743.png","2022-09-29",43,2319,3,"7-4323193","09/29/2022"
"2531","Russia","Russia","BMP-3","captured","https://i.postimg.cc/g2Pq67mf/bb1.png","2022-09-29",43,2320,3,"7-4323203","09/29/2022"
"2532","Russia","Russia","BMP-3","captured","https://i.postimg.cc/yYnYFgHs/bb2.jpg","2022-09-29",43,2321,3,"7-4323213","09/29/2022"
"2533","Russia","Russia","BMP-3","captured","https://i.postimg.cc/7L2dL4Qz/bn1.png","2022-09-29",43,2322,3,"7-4323223","09/29/2022"
"2534","Russia","Russia","BMP-3","captured","https://i.postimg.cc/fyTw3p2m/23.jpg","2022-09-29",43,2323,3,"7-4323233","09/29/2022"
"2535","Russia","Russia","BMP-3","captured","https://i.postimg.cc/rpGWpndW/7900.jpg","2022-09-29",43,2324,3,"7-4323243","09/29/2022"
"2536","Russia","Russia","BMP-3","captured","https://i.postimg.cc/3rbPcZKC/32.jpg","2022-09-29",43,2325,3,"7-4323253","09/29/2022"
"2537","Russia","Russia","BMP-3","captured","https://i.postimg.cc/cLVrtqYb/cc1.jpg","2022-09-29",43,2326,3,"7-4323263","09/29/2022"
"2538","Russia","Russia","BMP-3","captured","https://i.postimg.cc/1tSXMpv0/cc2.jpg","2022-09-29",43,2327,3,"7-4323273","09/29/2022"
"2539","Russia","Russia","BMP-3","captured","https://i.postimg.cc/wT2CXJ4J/b11.jpg","2022-09-29",43,2328,3,"7-4323283","09/29/2022"
"2540","Russia","Russia","BMP-3","captured","https://i.postimg.cc/L5fKj6dx/447.jpg","2022-09-29",43,2329,3,"7-4323293","09/29/2022"
"2541","Russia","Russia","BMP-3","captured","https://i.postimg.cc/vB4pd7z1/768.png","2022-09-29",43,2330,3,"7-4323303","09/29/2022"
"2542","Russia","Russia","BMP-3","captured","https://i.postimg.cc/RCkvgNdS/33h.jpg","2022-09-29",43,2331,3,"7-4323313","09/29/2022"
"2543","Russia","Russia","BMP-3","captured","https://i.postimg.cc/L8nKNtCk/760.jpg","2022-09-29",43,2332,3,"7-4323323","09/29/2022"
"2544","Russia","Russia","BMP-3","captured","https://i.postimg.cc/TwLDs8Yx/c2.jpg","2022-09-29",43,2333,3,"7-4323333","09/29/2022"
"2545","Russia","Russia","BMP-3","captured","https://i.postimg.cc/Fs5xyXbs/j9.jpg","2022-09-29",43,2334,3,"7-4323343","09/29/2022"
"2546","Russia","Russia","BMP-3","captured","https://i.postimg.cc/1tChfp67/h7.jpg","2022-09-29",43,2335,3,"7-4323353","09/29/2022"
"2547","Russia","Russia","BMP-3","captured","https://i.postimg.cc/XJqvjnqD/4387.png","2022-09-29",43,2336,3,"7-4323363","09/29/2022"
"2548","Russia","Russia","BMP-3","captured","https://i.postimg.cc/nzpCGZ4h/579.png","2022-09-29",43,2337,3,"7-4323373","09/29/2022"
"2549","Russia","Russia","BMP-3","captured","https://twitter.com/UAWeapons/status/1543589293439991815","2022-09-29",43,2338,3,"7-4323383","09/29/2022"
"2550","Russia","Russia","BMP-3","captured","https://i.postimg.cc/136yYkmF/1013.jpg","2022-09-29",43,2339,3,"7-4323393","09/29/2022"
"2551","Russia","Russia","BMP-3","captured","https://i.postimg.cc/6QwR5JLV/85.png","2022-09-29",43,2340,3,"7-4323403","09/29/2022"
"2552","Russia","Russia","BMP-3","captured","https://twitter.com/RALee85/status/1544002254948147205","2022-09-29",43,2341,3,"7-4323413","09/29/2022"
"2553","Russia","Russia","BMP-3","captured","https://i.postimg.cc/KYsHnvSn/38.png","2022-09-29",43,2342,3,"7-4323423","09/29/2022"
"2554","Russia","Russia","BMP-3","captured","https://i.postimg.cc/gc3DsCqV/Screenshot-8343.png","2022-09-29",43,2343,3,"7-4323433","09/29/2022"
"2555","Russia","Russia","BMP-3","captured","https://i.postimg.cc/yYBTbLvw/Screenshot-8345.png","2022-09-29",43,2344,3,"7-4323443","09/29/2022"
"2556","Russia","Russia","BMP-3","captured","https://i.postimg.cc/nrpgjrrf/1011.jpg","2022-09-29",43,2345,3,"7-4323453","09/29/2022"
"2557","Russia","Russia","BMP-3","captured","https://i.postimg.cc/hvXc8qJx/653.png","2022-09-29",43,2346,3,"7-4323463","09/29/2022"
"2558","Russia","Russia","BMP-3","captured","https://i.postimg.cc/RVd7t2bw/58.png","2022-09-29",43,2347,3,"7-4323473","09/29/2022"
"2559","Russia","Russia","BMP-3","captured","https://i.postimg.cc/B6V8FnM8/1004-bmp-3.jpg","2022-09-29",43,2348,3,"7-4323483","09/29/2022"
"2560","Russia","Russia","BMP-3","captured","https://i.postimg.cc/fLjQcz3R/51.jpg","2022-09-29",43,2349,3,"7-4323493","09/29/2022"
"2561","Russia","Russia","BMP-3","captured","https://i.postimg.cc/Ghw0nr5d/sfg.png","2022-09-29",43,2350,3,"7-4323503","09/29/2022"
"2562","Russia","Russia","BMP-3","captured","https://i.postimg.cc/Y90pN0MQ/d14g.png","2022-09-29",43,2351,3,"7-4323513","09/29/2022"
"2563","Russia","Russia","BMP-3","captured","https://i.postimg.cc/CLpMCKPM/14.png","2022-09-29",43,2352,3,"7-4323523","09/29/2022"
"2564","Russia","Russia","BMP-3","captured","https://i.postimg.cc/Gpgj5ZYm/2r.png","2022-09-29",43,2353,3,"7-4323533","09/29/2022"
"2565","Russia","Russia","BMP-3","captured","https://i.postimg.cc/SKwPQhVN/3311.jpg","2022-09-29",43,2354,3,"7-4323543","09/29/2022"
"2566","Russia","Russia","BMP-3","captured","https://i.postimg.cc/0j4pj428/6665.jpg","2022-09-29",43,2355,3,"7-4323553","09/29/2022"
"2567","Russia","Russia","BMP-3","captured","https://i.postimg.cc/B6v142qD/7j6.png","2022-09-29",43,2356,3,"7-4323563","09/29/2022"
"2568","Russia","Russia","BMP-3","captured","https://twitter.com/UAWeapons/status/1556652609368383490","2022-09-29",43,2357,3,"7-4323573","09/29/2022"
"2569","Russia","Russia","BMP-3","captured","https://i.postimg.cc/jjmjsLGw/dd1.jpg","2022-09-29",43,2358,3,"7-4323583","09/29/2022"
"2570","Russia","Russia","BMP-3","captured","https://i.postimg.cc/63KDjcrS/v6.png","2022-09-29",43,2359,3,"7-4323593","09/29/2022"
"2571","Russia","Russia","BMP-3","captured","https://i.postimg.cc/NFnwb5WB/1000.jpg","2022-09-29",43,2360,3,"7-4323603","09/29/2022"
"2572","Russia","Russia","BMP-3","captured","https://i.postimg.cc/7h2VzW38/1005-bmp3.jpg","2022-09-29",43,2361,3,"7-4323613","09/29/2022"
"2573","Russia","Russia","BMP-3","damaged","https://twitter.com/UAWeapons/status/1567823899785658368","2022-09-29",43,2362,4,"7-4323624","09/29/2022"
"2574","Russia","Russia","BMP-3","captured","https://twitter.com/UAWeapons/status/1567823899785658368","2022-09-29",43,2362,3,"7-4323623","09/29/2022"
"2575","Russia","Russia","BMP-3","captured","https://twitter.com/UAWeapons/status/1568649942113337345","2022-09-29",43,2363,3,"7-4323633","09/29/2022"
"2576","Russia","Russia","BMP-3","damaged","https://i.postimg.cc/L6wNT0jg/1010.jpg","2022-09-29",43,915,4,"7-439154","09/29/2022"
"2577","Russia","Russia","BMP-3","captured","https://i.postimg.cc/L6wNT0jg/1010.jpg","2022-09-29",43,915,3,"7-439153","09/29/2022"
"2578","Russia","Russia","BMP-3","captured","https://twitter.com/UAWeapons/status/1570488772290125825","2022-09-29",43,2364,3,"7-4323643","09/29/2022"
"2579","Russia","Russia","BMP-3","captured","https://twitter.com/UAWeapons/status/1570764195385446400","2022-09-29",43,2365,3,"7-4323653","09/29/2022"
"2580","Russia","Russia","BMP-3","captured","https://i.postimg.cc/pVDcn5RG/1000-bmp3.jpg","2022-09-29",43,2366,3,"7-4323663","09/29/2022"
"2581","Russia","Russia","BMP-3","captured","https://twitter.com/UAWeapons/status/1574388532239425536","2022-09-29",43,2165,3,"7-4321653","09/29/2022"
"2582","Russia","Russia","BMP-3","captured","https://i.postimg.cc/k4JF5XG8/1006-bmp3-capt.jpg","2022-09-29",43,2367,3,"7-4323673","09/29/2022"
"2583","Russia","Russia","3 BMO-T","destroyed","https://i.postimg.cc/SxSjNW3v/47hh.png","2022-09-29",44,2368,1,"7-4423681","09/29/2022"
"2584","Russia","Russia","3 BMO-T","destroyed","https://twitter.com/UAWeapons/status/1556194099572736001","2022-09-29",44,2369,1,"7-4423691","09/29/2022"
"2585","Russia","Russia","3 BMO-T","destroyed","https://twitter.com/UAWeapons/status/1570108217593630721","2022-09-29",44,2370,1,"7-4423701","09/29/2022"
"2586","Russia","Soviet Union","BMD-2","destroyed","https://postimg.cc/9wdsG1Hh","2022-09-29",45,2371,1,"7-4523711","09/29/2022"
"2587","Russia","Soviet Union","BMD-2","destroyed","https://i.postimg.cc/QtD182qg/tt6.jpg","2022-09-29",45,2372,1,"7-4523721","09/29/2022"
"2588","Russia","Soviet Union","BMD-2","destroyed","https://i.postimg.cc/pTY5BZzR/b7.png","2022-09-29",45,2373,1,"7-4523731","09/29/2022"
"2589","Russia","Soviet Union","BMD-2","destroyed","https://i.postimg.cc/qqxLSbMj/f56.png","2022-09-29",45,2374,1,"7-4523741","09/29/2022"
"2590","Russia","Soviet Union","BMD-2","destroyed","https://i.postimg.cc/y6ZsLcz6/f51.png","2022-09-29",45,2375,1,"7-4523751","09/29/2022"
"2591","Russia","Soviet Union","BMD-2","destroyed","https://i.postimg.cc/gJjhXYsC/h9.jpg","2022-09-29",45,2376,1,"7-4523761","09/29/2022"
"2592","Russia","Soviet Union","BMD-2","destroyed","https://i.postimg.cc/1tcPVmD9/4435.jpg","2022-09-29",45,2377,1,"7-4523771","09/29/2022"
"2593","Russia","Soviet Union","BMD-2","destroyed","https://i.postimg.cc/44vdkWcD/j6.jpg","2022-09-29",45,2378,1,"7-4523781","09/29/2022"
"2594","Russia","Soviet Union","BMD-2","destroyed","https://i.postimg.cc/8Ptzsstw/j7.jpg","2022-09-29",45,2379,1,"7-4523791","09/29/2022"
"2595","Russia","Soviet Union","BMD-2","destroyed","https://i.postimg.cc/mgk29Rn4/j8.jpg","2022-09-29",45,2380,1,"7-4523801","09/29/2022"
"2596","Russia","Soviet Union","BMD-2","destroyed","https://i.postimg.cc/8zYkB986/j9.jpg","2022-09-29",45,2381,1,"7-4523811","09/29/2022"
"2597","Russia","Soviet Union","BMD-2","destroyed","https://i.postimg.cc/N0qdzsNH/250.png","2022-09-29",45,2382,1,"7-4523821","09/29/2022"
"2598","Russia","Soviet Union","BMD-2","destroyed","https://i.postimg.cc/zXBnGNWH/54.jpg","2022-09-29",45,2383,1,"7-4523831","09/29/2022"
"2599","Russia","Soviet Union","BMD-2","destroyed","https://i.postimg.cc/KYyhjSr2/36hj.png","2022-09-29",45,2384,1,"7-4523841","09/29/2022"
"2600","Russia","Soviet Union","BMD-2","destroyed","https://i.postimg.cc/7PsrT3g9/3234.png","2022-09-29",45,2385,1,"7-4523851","09/29/2022"
"2601","Russia","Soviet Union","BMD-2","destroyed","https://i.postimg.cc/d04549yB/68.png","2022-09-29",45,2386,1,"7-4523861","09/29/2022"
"2602","Russia","Soviet Union","BMD-2","destroyed","https://i.postimg.cc/LsgdF0Fx/37.png","2022-09-29",45,2387,1,"7-4523871","09/29/2022"
"2603","Russia","Soviet Union","BMD-2","destroyed","https://i.postimg.cc/6pDdbg8R/1002.jpg","2022-09-29",45,2388,1,"7-4523881","09/29/2022"
"2604","Russia","Soviet Union","BMD-2","destroyed","https://i.postimg.cc/Bbbdh1RT/438.png","2022-09-29",45,2389,1,"7-4523891","09/29/2022"
"2605","Russia","Soviet Union","BMD-2","destroyed","https://i.postimg.cc/cLPcCR3Z/125.png","2022-09-29",45,2390,1,"7-4523901","09/29/2022"
"2606","Russia","Soviet Union","BMD-2","destroyed","https://i.postimg.cc/kGx5Nd1f/3h.png","2022-09-29",45,2391,1,"7-4523911","09/29/2022"
"2607","Russia","Soviet Union","BMD-2","destroyed","https://twitter.com/UAWeapons/status/1507390761100353540","2022-09-29",45,2392,1,"7-4523921","09/29/2022"
"2608","Russia","Soviet Union","BMD-2","destroyed","https://i.postimg.cc/SRdQbWhM/f43.png","2022-09-29",45,2393,1,"7-4523931","09/29/2022"
"2609","Russia","Soviet Union","BMD-2","destroyed","https://i.postimg.cc/9M6hWq5q/1004-bmd2.jpg","2022-09-29",45,2394,1,"7-4523941","09/29/2022"
"2610","Russia","Soviet Union","BMD-2","destroyed","https://i.postimg.cc/5tYxbp6y/54g6.jpg","2022-09-29",45,2395,1,"7-4523951","09/29/2022"
"2611","Russia","Soviet Union","BMD-2","destroyed","https://i.postimg.cc/2SjDFVrT/b12.png","2022-09-29",45,2396,1,"7-4523961","09/29/2022"
"2612","Russia","Soviet Union","BMD-2","destroyed","https://i.postimg.cc/vmcwkk1V/b13.png","2022-09-29",45,2397,1,"7-4523971","09/29/2022"
"2613","Russia","Soviet Union","BMD-2","destroyed","https://i.postimg.cc/25RgmgYf/1026-bmd2.jpg","2022-09-29",45,2398,1,"7-4523981","09/29/2022"
"2614","Russia","Soviet Union","BMD-2","destroyed","https://i.postimg.cc/sgpkkn4s/f443.jpg","2022-09-29",45,2399,1,"7-4523991","09/29/2022"
"2615","Russia","Soviet Union","BMD-2","destroyed","https://i.postimg.cc/7LFMh0TH/65.png","2022-09-29",45,2400,1,"7-4524001","09/29/2022"
"2616","Russia","Soviet Union","BMD-2","destroyed","https://twitter.com/UAWeapons/status/1514918819621478407","2022-09-29",45,371,1,"7-453711","09/29/2022"
"2617","Russia","Soviet Union","BMD-2","destroyed","https://i.postimg.cc/QdYKwLBc/76.jpg","2022-09-29",45,2401,1,"7-4524011","09/29/2022"
"2618","Russia","Soviet Union","BMD-2","destroyed","https://i.postimg.cc/Ghq4T0x6/bbbbmd2.jpg","2022-09-29",45,2402,1,"7-4524021","09/29/2022"
"2619","Russia","Soviet Union","BMD-2","destroyed","https://i.postimg.cc/KzBK1R05/bbbmmdd22.jpg","2022-09-29",45,2403,1,"7-4524031","09/29/2022"
"2620","Russia","Soviet Union","BMD-2","destroyed","https://i.postimg.cc/nLs9td7g/bbmd22.jpg","2022-09-29",45,2404,1,"7-4524041","09/29/2022"
"2621","Russia","Soviet Union","BMD-2","destroyed","https://i.postimg.cc/T1cpcBML/bbmdd2.jpg","2022-09-29",45,2405,1,"7-4524051","09/29/2022"
"2622","Russia","Soviet Union","BMD-2","destroyed","https://i.postimg.cc/bwvSFYcs/bu.jpg","2022-09-29",45,2406,1,"7-4524061","09/29/2022"
"2623","Russia","Soviet Union","BMD-2","destroyed","https://i.postimg.cc/mgktQddk/bbmmmd222.jpg","2022-09-29",45,2407,1,"7-4524071","09/29/2022"
"2624","Russia","Soviet Union","BMD-2","destroyed","https://i.postimg.cc/xTvdSTXR/1027.jpg","2022-09-29",45,2408,1,"7-4524081","09/29/2022"
"2625","Russia","Soviet Union","BMD-2","destroyed","https://i.postimg.cc/mkVg9MC7/bmddd2.jpg","2022-09-29",45,2409,1,"7-4524091","09/29/2022"
"2626","Russia","Soviet Union","BMD-2","destroyed","https://i.postimg.cc/0yqfdLkY/887.jpg","2022-09-29",45,2410,1,"7-4524101","09/29/2022"
"2627","Russia","Soviet Union","BMD-2","destroyed","https://i.postimg.cc/Df9dntb9/g7.png","2022-09-29",45,2411,1,"7-4524111","09/29/2022"
"2628","Russia","Soviet Union","BMD-2","destroyed","https://i.postimg.cc/Hs4Pk04p/443.png","2022-09-29",45,2412,1,"7-4524121","09/29/2022"
"2629","Russia","Soviet Union","BMD-2","destroyed","https://i.postimg.cc/hjyYDxLn/96.png","2022-09-29",45,2413,1,"7-4524131","09/29/2022"
"2630","Russia","Soviet Union","BMD-2","destroyed","https://i.postimg.cc/0QCqYTSQ/655.jpg","2022-09-29",45,2414,1,"7-4524141","09/29/2022"
"2631","Russia","Soviet Union","BMD-2","destroyed","https://i.postimg.cc/GtCyG3s9/332.png","2022-09-29",45,2415,1,"7-4524151","09/29/2022"
"2632","Russia","Soviet Union","BMD-2","destroyed","https://i.postimg.cc/Wb49Ns62/1013.jpg","2022-09-29",45,2416,1,"7-4524161","09/29/2022"
"2633","Russia","Soviet Union","BMD-2","destroyed","https://twitter.com/UAWeapons/status/1531547384081162241","2022-09-29",45,2417,1,"7-4524171","09/29/2022"
"2634","Russia","Soviet Union","BMD-2","destroyed","https://i.postimg.cc/HLrSGbvQ/d1.png","2022-09-29",45,2418,1,"7-4524181","09/29/2022"
"2635","Russia","Soviet Union","BMD-2","destroyed","https://i.postimg.cc/MZdZQGyg/1012.jpg","2022-09-29",45,2419,1,"7-4524191","09/29/2022"
"2636","Russia","Soviet Union","BMD-2","destroyed","https://twitter.com/UAWeapons/status/1535358242645213184","2022-09-29",45,2420,1,"7-4524201","09/29/2022"
"2637","Russia","Soviet Union","BMD-2","destroyed","https://i.postimg.cc/85h4p2F5/1000-BMD-2.jpg","2022-09-29",45,2421,1,"7-4524211","09/29/2022"
"2638","Russia","Soviet Union","BMD-2","destroyed","https://i.postimg.cc/htXmLKkL/1015.jpg","2022-09-29",45,2422,1,"7-4524221","09/29/2022"
"2639","Russia","Soviet Union","BMD-2","destroyed","https://i.postimg.cc/76kTr0f9/1016.jpg","2022-09-29",45,2423,1,"7-4524231","09/29/2022"
"2640","Russia","Soviet Union","BMD-2","destroyed","https://i.postimg.cc/SxHMVw4w/1017.jpg","2022-09-29",45,2424,1,"7-4524241","09/29/2022"
"2641","Russia","Soviet Union","BMD-2","destroyed","https://i.postimg.cc/6QRGPY5T/1018.jpg","2022-09-29",45,2425,1,"7-4524251","09/29/2022"
"2642","Russia","Soviet Union","BMD-2","destroyed","https://i.postimg.cc/c1cfZ97n/1020.jpg","2022-09-29",45,2426,1,"7-4524261","09/29/2022"
"2643","Russia","Soviet Union","BMD-2","destroyed","https://twitter.com/UAWeapons/status/1547270777887723524","2022-09-29",45,2427,1,"7-4524271","09/29/2022"
"2644","Russia","Soviet Union","BMD-2","destroyed","https://postlmg.cc/K3k4cZMk","2022-09-29",45,2428,1,"7-4524281","09/29/2022"
"2645","Russia","Soviet Union","BMD-2","destroyed","https://i.postimg.cc/43hjfLtx/1018-BMD2.jpg","2022-09-29",45,2429,1,"7-4524291","09/29/2022"
"2646","Russia","Soviet Union","BMD-2","destroyed","https://i.postimg.cc/Z5Q1htWQ/1019-BMD2.jpg","2022-09-29",45,2430,1,"7-4524301","09/29/2022"
"2647","Russia","Soviet Union","BMD-2","destroyed","https://i.postimg.cc/66hgpG7n/1020-BMD2.jpg","2022-09-29",45,2431,1,"7-4524311","09/29/2022"
"2648","Russia","Soviet Union","BMD-2","destroyed","https://i.postimg.cc/Vv4VG3yD/1021-BMD2.jpg","2022-09-29",45,2432,1,"7-4524321","09/29/2022"
"2649","Russia","Soviet Union","BMD-2","destroyed","https://i.postimg.cc/1XydKyd8/1022-BMD2.jpg","2022-09-29",45,2433,1,"7-4524331","09/29/2022"
"2650","Russia","Soviet Union","BMD-2","destroyed","https://i.postimg.cc/155Tn56T/1023-BMD2.jpg","2022-09-29",45,2434,1,"7-4524341","09/29/2022"
"2651","Russia","Soviet Union","BMD-2","destroyed","https://i.postimg.cc/K8CsHPVS/1024-BMD2.jpg","2022-09-29",45,2435,1,"7-4524351","09/29/2022"
"2652","Russia","Soviet Union","BMD-2","destroyed","https://i.postimg.cc/LXt7fJxd/1025-BMD2.jpg","2022-09-29",45,2436,1,"7-4524361","09/29/2022"
"2653","Russia","Soviet Union","BMD-2","destroyed","https://i.postimg.cc/DyjNqkPz/1026-BMD2.jpg","2022-09-29",45,2437,1,"7-4524371","09/29/2022"
"2654","Russia","Soviet Union","BMD-2","destroyed","https://i.postimg.cc/YCvsRndz/1027-BMD2.jpg","2022-09-29",45,2438,1,"7-4524381","09/29/2022"
"2655","Russia","Soviet Union","BMD-2","destroyed","https://twitter.com/UAWeapons/status/1554548397562101760","2022-09-29",45,2439,1,"7-4524391","09/29/2022"
"2656","Russia","Soviet Union","BMD-2","destroyed","https://i.postimg.cc/tgXzSVcX/1014-unkn-BTR-D-BMD2.jpg","2022-09-29",45,2440,1,"7-4524401","09/29/2022"
"2657","Russia","Soviet Union","BMD-2","destroyed","https://twitter.com/UAWeapons/status/1561711928665378816","2022-09-29",45,2441,1,"7-4524411","09/29/2022"
"2658","Russia","Soviet Union","BMD-2","destroyed","https://i.postimg.cc/bJSZm78t/1001-bmd2.jpg","2022-09-29",45,2442,1,"7-4524421","09/29/2022"
"2659","Russia","Soviet Union","BMD-2","destroyed","https://i.postimg.cc/02Tq6zbq/1008-bmd2.jpg","2022-09-29",45,2443,1,"7-4524431","09/29/2022"
"2660","Russia","Soviet Union","BMD-2","destroyed","https://i.postimg.cc/kghQ7K7Z/1001-bmd2.jpg","2022-09-29",45,2444,1,"7-4524441","09/29/2022"
"2661","Russia","Soviet Union","BMD-2","destroyed","https://twitter.com/UAWeapons/status/1566548024301592577","2022-09-29",45,2445,1,"7-4524451","09/29/2022"
"2662","Russia","Soviet Union","BMD-2","destroyed","https://i.postimg.cc/g0x3PDvQ/1004-bmd2-bmp2.jpg","2022-09-29",45,1977,1,"7-4519771","09/29/2022"
"2663","Russia","Soviet Union","BMD-2","destroyed","https://i.postimg.cc/sDtN6jgy/1013-bmd2.jpg","2022-09-29",45,2446,1,"7-4524461","09/29/2022"
"2664","Russia","Soviet Union","BMD-2","destroyed","https://twitter.com/UAWeapons/status/1569347507309711362","2022-09-29",45,2447,1,"7-4524471","09/29/2022"
"2665","Russia","Soviet Union","BMD-2","destroyed","https://twitter.com/UAWeapons/status/1569743311690252292","2022-09-29",45,2448,1,"7-4524481","09/29/2022"
"2666","Russia","Soviet Union","BMD-2","destroyed","https://twitter.com/UAWeapons/status/1570427754566324225","2022-09-29",45,1229,1,"7-4512291","09/29/2022"
"2667","Russia","Soviet Union","BMD-2","destroyed","https://i.postimg.cc/KYWM7NPV/1008-bmd2.jpg","2022-09-29",45,2449,1,"7-4524491","09/29/2022"
"2668","Russia","Soviet Union","BMD-2","destroyed","https://i.postimg.cc/PxGsMLq3/1007-bmd2.jpg","2022-09-29",45,2450,1,"7-4524501","09/29/2022"
"2669","Russia","Soviet Union","BMD-2","destroyed","https://twitter.com/Blue_Sauron/status/1575577902262861825","2022-09-29",45,2451,1,"7-4524511","09/29/2022"
"2670","Russia","Soviet Union","BMD-2","damaged","https://twitter.com/UAWeapons/status/1522706604977762313","2022-09-29",45,546,4,"7-455464","09/29/2022"
"2671","Russia","Soviet Union","BMD-2","damaged","https://twitter.com/UAWeapons/status/1534592976671866884","2022-09-29",45,2452,4,"7-4524524","09/29/2022"
"2672","Russia","Soviet Union","BMD-2","damaged","https://i.postimg.cc/X7HkcTPY/1000-bmd2.jpg","2022-09-29",45,2453,4,"7-4524534","09/29/2022"
"2673","Russia","Soviet Union","BMD-2","abandoned","https://i.postimg.cc/7hqDdFSC/1011.jpg","2022-09-29",45,2454,2,"7-4524542","09/29/2022"
"2674","Russia","Soviet Union","BMD-2","abandoned","https://i.postimg.cc/xjLsrGfV/79.png","2022-09-29",45,2455,2,"7-4524552","09/29/2022"
"2675","Russia","Soviet Union","BMD-2","abandoned","https://i.postimg.cc/W4N1CS83/v1.png","2022-09-29",45,2456,2,"7-4524562","09/29/2022"
"2676","Russia","Soviet Union","BMD-2","abandoned","https://i.postimg.cc/5NVXwfjS/350.png","2022-09-29",45,2457,2,"7-4524572","09/29/2022"
"2677","Russia","Soviet Union","BMD-2","abandoned","https://i.postimg.cc/q7ynHGm8/r6.png","2022-09-29",45,2458,2,"7-4524582","09/29/2022"
"2678","Russia","Soviet Union","BMD-2","abandoned","https://i.postimg.cc/CL2nNvdT/699.png","2022-09-29",45,2459,2,"7-4524592","09/29/2022"
"2679","Russia","Soviet Union","BMD-2","captured","https://i.postimg.cc/HkfYHj7g/g5.jpg","2022-09-29",45,2460,3,"7-4524603","09/29/2022"
"2680","Russia","Soviet Union","BMD-2","captured","https://i.postimg.cc/zGLz9Tv7/g66.jpg","2022-09-29",45,2461,3,"7-4524613","09/29/2022"
"2681","Russia","Soviet Union","BMD-2","captured","https://i.postimg.cc/85LwdnhZ/4566.png","2022-09-29",45,2462,3,"7-4524623","09/29/2022"
"2682","Russia","Soviet Union","BMD-2","captured","https://i.postimg.cc/gjmQ4Pbz/ff1.png","2022-09-29",45,2463,3,"7-4524633","09/29/2022"
"2683","Russia","Soviet Union","BMD-2","captured","https://i.postimg.cc/CxQFG5Cj/4369.png","2022-09-29",45,1390,3,"7-4513903","09/29/2022"
"2684","Russia","Soviet Union","BMD-2","captured","https://i.postimg.cc/mkFD3yBJ/g3.png","2022-09-29",45,2464,3,"7-4524643","09/29/2022"
"2685","Russia","Soviet Union","BMD-2","captured","https://i.postimg.cc/8cbYfsyx/752.png","2022-09-29",45,2465,3,"7-4524653","09/29/2022"
"2686","Russia","Soviet Union","BMD-2","captured","https://i.postimg.cc/13b7j5j8/f6.jpg","2022-09-29",45,2466,3,"7-4524663","09/29/2022"
"2687","Russia","Soviet Union","BMD-2","captured","https://i.postimg.cc/brzKpBC8/4311.png","2022-09-29",45,2467,3,"7-4524673","09/29/2022"
"2688","Russia","Soviet Union","BMD-2","captured","https://i.postimg.cc/v8PQY7S5/31d.png","2022-09-29",45,2468,3,"7-4524683","09/29/2022"
"2689","Russia","Soviet Union","BMD-2","captured","https://i.postimg.cc/63qWGyGT/4331.jpg","2022-09-29",45,1293,3,"7-4512933","09/29/2022"
"2690","Russia","Soviet Union","BMD-2","captured","https://i.postimg.cc/BbnPPB4q/7699.png","2022-09-29",45,2469,3,"7-4524693","09/29/2022"
"2691","Russia","Soviet Union","BMD-2","captured","https://i.postimg.cc/FKSqkpmJ/bbmdd222.png","2022-09-29",45,2470,3,"7-4524703","09/29/2022"
"2692","Russia","Soviet Union","BMD-2","captured","https://i.postimg.cc/BbpRQv3Y/bmd222222.jpg","2022-09-29",45,2471,3,"7-4524713","09/29/2022"
"2693","Russia","Soviet Union","BMD-2","captured","https://i.postimg.cc/hj9H6r5q/bmdd222.jpg","2022-09-29",45,2472,3,"7-4524723","09/29/2022"
"2694","Russia","Soviet Union","BMD-2","captured","https://i.postimg.cc/JnwfpgKq/226.jpg","2022-09-29",45,2473,3,"7-4524733","09/29/2022"
"2695","Russia","Soviet Union","BMD-2","captured","https://i.postimg.cc/V6rj0wxq/56.png","2022-09-29",45,2474,3,"7-4524743","09/29/2022"
"2696","Russia","Soviet Union","BMD-2","captured","https://i.postimg.cc/rssnsRcT/5799.png","2022-09-29",45,2475,3,"7-4524753","09/29/2022"
"2697","Russia","Soviet Union","BMD-2","captured","https://i.postimg.cc/kXzBXBWj/1003-BMD-2.png","2022-09-29",45,2476,3,"7-4524763","09/29/2022"
"2698","Russia","Soviet Union","BMD-2","captured","https://i.postimg.cc/Qtcw1bHZ/Screenshot-8646.png","2022-09-29",45,2477,3,"7-4524773","09/29/2022"
"2699","Russia","Soviet Union","BMD-2","captured","https://i.postimg.cc/Sxf7n6H3/j2.jpg","2022-09-29",45,2478,3,"7-4524783","09/29/2022"
"2700","Russia","Soviet Union","BMD-2","captured","https://i.postimg.cc/Cxhn6W6r/j10.jpg","2022-09-29",45,2479,3,"7-4524793","09/29/2022"
"2701","Russia","Soviet Union","BMD-2","captured","https://i.postimg.cc/PqH9BJfW/f36.png","2022-09-29",45,2480,3,"7-4524803","09/29/2022"
"2702","Russia","Soviet Union","BMD-2","captured","https://i.postimg.cc/ncLZMtrJ/g45.jpg","2022-09-29",45,2481,3,"7-4524813","09/29/2022"
"2703","Russia","Soviet Union","BMD-2","captured","https://i.postimg.cc/L8cMyYT9/44f.jpg","2022-09-29",45,2482,3,"7-4524823","09/29/2022"
"2704","Russia","Soviet Union","BMD-2","captured","https://i.postimg.cc/Jh4jNvgF/43100.png","2022-09-29",45,2483,3,"7-4524833","09/29/2022"
"2705","Russia","Soviet Union","BMD-2","captured","https://i.postimg.cc/k4XpdWZb/665.jpg","2022-09-29",45,2484,3,"7-4524843","09/29/2022"
"2706","Russia","Soviet Union","BMD-2","captured","https://i.postimg.cc/wvHJQgCV/d8.jpg","2022-09-29",45,2485,3,"7-4524853","09/29/2022"
"2707","Russia","Soviet Union","BMD-2","damaged","https://i.postimg.cc/nc5hKV4Y/1027-bmd2.jpg","2022-09-29",45,2486,4,"7-4524864","09/29/2022"
"2708","Russia","Soviet Union","BMD-2","captured","https://i.postimg.cc/nc5hKV4Y/1027-bmd2.jpg","2022-09-29",45,2486,3,"7-4524863","09/29/2022"
"2709","Russia","Soviet Union","BMD-2","captured","https://twitter.com/UAWeapons/status/1566130196897361920","2022-09-29",45,2487,3,"7-4524873","09/29/2022"
"2710","Russia","Soviet Union","BMD-2","captured","https://twitter.com/UAWeapons/status/1566510068060852224","2022-09-29",45,2488,3,"7-4524883","09/29/2022"
"2711","Russia","Soviet Union","BMD-2","captured","https://twitter.com/UAWeapons/status/1566781550280179716","2022-09-29",45,2489,3,"7-4524893","09/29/2022"
"2712","Russia","Soviet Union","BMD-2","captured","https://twitter.com/UAWeapons/status/1566785188117504001","2022-09-29",45,2490,3,"7-4524903","09/29/2022"
"2713","Russia","Soviet Union","BMD-2","captured","https://twitter.com/Danspiun/status/1566918901170147330","2022-09-29",45,2491,3,"7-4524913","09/29/2022"
"2714","Russia","Soviet Union","BMD-2","captured","https://i.postimg.cc/j26dJ0Hd/1021-bmd2.jpg","2022-09-29",45,2492,3,"7-4524923","09/29/2022"
"2715","Russia","Soviet Union","BMD-2","captured","https://twitter.com/UAWeapons/status/1569422856907358211","2022-09-29",45,2493,3,"7-4524933","09/29/2022"
"2716","Russia","Soviet Union","BMD-2","captured","https://i.postimg.cc/s22TFHyj/1003-bmd2.jpg","2022-09-29",45,2494,3,"7-4524943","09/29/2022"
"2717","Russia","Soviet Union","BMD-2","captured","https://twitter.com/UAWeapons/status/1575037072339271680","2022-09-29",45,2495,3,"7-4524953","09/29/2022"
"2718","Russia","Soviet Union","BMD-2","captured","https://i.postimg.cc/c197nQ4K/BMD-2-Kherson-region.png","2022-09-29",45,2496,3,"7-4524963","09/29/2022"
"2719","Russia","Russia","56 BMD-4M","destroyed","https://i.postimg.cc/gjmtWttx/548.png","2022-09-29",46,2497,1,"7-4624971","09/29/2022"
"2720","Russia","Russia","56 BMD-4M","destroyed","https://twitter.com/UAWeapons/status/1566785188117504001","2022-09-29",46,2490,1,"7-4624901","09/29/2022"
"2721","Russia","Russia","56 BMD-4M","destroyed","https://i.postimg.cc/VkZh32ty/31d1.png","2022-09-29",46,2498,1,"7-4624981","09/29/2022"
"2722","Russia","Russia","56 BMD-4M","destroyed","https://i.postimg.cc/L5Gn7kq7/1028-BMD4-M.jpg","2022-09-29",46,2499,1,"7-4624991","09/29/2022"
"2723","Russia","Russia","56 BMD-4M","destroyed","https://i.postimg.cc/bvbM01m3/6j.jpg","2022-09-29",46,2500,1,"7-4625001","09/29/2022"
"2724","Russia","Russia","56 BMD-4M","destroyed","https://i.postimg.cc/bwDnbPzb/1003.jpg","2022-09-29",46,2501,1,"7-4625011","09/29/2022"
"2725","Russia","Russia","56 BMD-4M","destroyed","https://i.postimg.cc/VNpbMGvw/36.png","2022-09-29",46,2502,1,"7-4625021","09/29/2022"
"2726","Russia","Russia","56 BMD-4M","destroyed","https://i.postimg.cc/vmr8FZ7x/46.png","2022-09-29",46,2503,1,"7-4625031","09/29/2022"
"2727","Russia","Russia","56 BMD-4M","destroyed","https://i.postimg.cc/4x8qKkJ2/31d.png","2022-09-29",46,2504,1,"7-4625041","09/29/2022"
"2728","Russia","Russia","56 BMD-4M","destroyed","https://i.postimg.cc/PxwDNw1S/328.png","2022-09-29",46,2505,1,"7-4625051","09/29/2022"
"2729","Russia","Russia","56 BMD-4M","destroyed","https://i.postimg.cc/tC3jcKg7/489.png","2022-09-29",46,2506,1,"7-4625061","09/29/2022"
"2730","Russia","Russia","56 BMD-4M","destroyed","https://i.postimg.cc/26J9bv70/m8.jpg","2022-09-29",46,2507,1,"7-4625071","09/29/2022"
"2731","Russia","Russia","56 BMD-4M","destroyed","https://postimg.cc/gxGvJGms","2022-09-29",46,2508,1,"7-4625081","09/29/2022"
"2732","Russia","Russia","56 BMD-4M","destroyed","https://i.postimg.cc/kGcF1R6C/332.png","2022-09-29",46,2509,1,"7-4625091","09/29/2022"
"2733","Russia","Russia","56 BMD-4M","destroyed","https://i.postimg.cc/8505Jdb5/1029-BMD4-M.jpg","2022-09-29",46,2510,1,"7-4625101","09/29/2022"
"2734","Russia","Russia","56 BMD-4M","destroyed","https://i.postimg.cc/1RKfY62Y/887.png","2022-09-29",46,2511,1,"7-4625111","09/29/2022"
"2735","Russia","Russia","56 BMD-4M","destroyed","https://postimg.cc/7GfzWswh","2022-09-29",46,2512,1,"7-4625121","09/29/2022"
"2736","Russia","Russia","56 BMD-4M","destroyed","https://i.postimg.cc/13fFqqxf/h7.jpg","2022-09-29",46,2513,1,"7-4625131","09/29/2022"
"2737","Russia","Russia","56 BMD-4M","destroyed","https://i.postimg.cc/gkY4fVJw/47.png","2022-09-29",46,2514,1,"7-4625141","09/29/2022"
"2738","Russia","Russia","56 BMD-4M","destroyed","https://i.postimg.cc/FR9rXCJd/764.png","2022-09-29",46,2515,1,"7-4625151","09/29/2022"
"2739","Russia","Russia","56 BMD-4M","destroyed","https://i.postimg.cc/VktSgT8X/443.png","2022-09-29",46,2516,1,"7-4625161","09/29/2022"
"2740","Russia","Russia","56 BMD-4M","destroyed","https://i.postimg.cc/Pr71rwRT/u8.jpg","2022-09-29",46,2517,1,"7-4625171","09/29/2022"
"2741","Russia","Russia","56 BMD-4M","destroyed","https://i.postimg.cc/fWGnsrbp/47.png","2022-09-29",46,2518,1,"7-4625181","09/29/2022"
"2742","Russia","Russia","56 BMD-4M","destroyed","https://twitter.com/UAWeapons/status/1520387930858168320","2022-09-29",46,2519,1,"7-4625191","09/29/2022"
"2743","Russia","Russia","56 BMD-4M","destroyed","https://i.postimg.cc/3rk40dLS/542.png","2022-09-29",46,2520,1,"7-4625201","09/29/2022"
"2744","Russia","Russia","56 BMD-4M","destroyed","https://twitter.com/UAWeapons/status/1537885697721241600","2022-09-29",46,1181,1,"7-4611811","09/29/2022"
"2745","Russia","Russia","56 BMD-4M","destroyed","https://i.postimg.cc/gJRBS0s9/1030.jpg","2022-09-29",46,2521,1,"7-4625211","09/29/2022"
"2746","Russia","Russia","56 BMD-4M","destroyed","https://i.postimg.cc/ZnxsmDXV/1028.jpg","2022-09-29",46,2522,1,"7-4625221","09/29/2022"
"2747","Russia","Russia","56 BMD-4M","destroyed","https://i.postimg.cc/tR3MFY7W/1029.jpg","2022-09-29",46,2523,1,"7-4625231","09/29/2022"
"2748","Russia","Russia","56 BMD-4M","destroyed","https://i.postimg.cc/YCKvz3BL/1030-BMD4-M.jpg","2022-09-29",46,2524,1,"7-4625241","09/29/2022"
"2749","Russia","Russia","56 BMD-4M","destroyed","https://i.postimg.cc/J7HrrCVs/1028-bmd4.jpg","2022-09-29",46,2525,1,"7-4625251","09/29/2022"
"2750","Russia","Russia","56 BMD-4M","destroyed","https://i.postimg.cc/Mp7vPQzP/1034-BMD4-M.jpg","2022-09-29",46,2526,1,"7-4625261","09/29/2022"
"2751","Russia","Russia","56 BMD-4M","destroyed","https://i.postimg.cc/TYqj7gsQ/1003-bmd4.jpg","2022-09-29",46,2527,1,"7-4625271","09/29/2022"
"2752","Russia","Russia","56 BMD-4M","destroyed","https://i.postimg.cc/cJVJPP1X/43113.jpg","2022-09-29",46,2528,1,"7-4625281","09/29/2022"
"2753","Russia","Russia","56 BMD-4M","destroyed","https://i.postimg.cc/DwjL7Fbn/1004-bmd4.jpg","2022-09-29",46,2529,1,"7-4625291","09/29/2022"
"2754","Russia","Russia","56 BMD-4M","destroyed","https://i.postimg.cc/qM21Btk0/1005-bmd4.jpg","2022-09-29",46,2530,1,"7-4625301","09/29/2022"
"2755","Russia","Russia","56 BMD-4M","destroyed","https://i.postimg.cc/rFCKDWjC/1002-BMD-4-M.jpg","2022-09-29",46,2531,1,"7-4625311","09/29/2022"
"2756","Russia","Russia","56 BMD-4M","damaged","https://i.postimg.cc/NfryXnSw/1032-BMD4-M.jpg","2022-09-29",46,2532,4,"7-4625324","09/29/2022"
"2757","Russia","Russia","56 BMD-4M","captured","https://i.postimg.cc/NfryXnSw/1032-BMD4-M.jpg","2022-09-29",46,2532,3,"7-4625323","09/29/2022"
"2758","Russia","Russia","56 BMD-4M","captured","https://i.postimg.cc/rmQV5Mdk/7io.jpg","2022-09-29",46,2533,3,"7-4625333","09/29/2022"
"2759","Russia","Russia","56 BMD-4M","captured","https://i.postimg.cc/KctKcZ6s/f6.jpg","2022-09-29",46,2534,3,"7-4625343","09/29/2022"
"2760","Russia","Russia","56 BMD-4M","captured","https://i.postimg.cc/QdftqHCS/433.png","2022-09-29",46,2535,3,"7-4625353","09/29/2022"
"2761","Russia","Russia","56 BMD-4M","captured","https://i.postimg.cc/PqdmJXWx/56.png","2022-09-29",46,2536,3,"7-4625363","09/29/2022"
"2762","Russia","Russia","56 BMD-4M","captured","https://i.postimg.cc/V6GCvp8t/cn.jpg","2022-09-29",46,2537,3,"7-4625373","09/29/2022"
"2763","Russia","Russia","56 BMD-4M","captured","https://i.postimg.cc/KvF02Nwn/g00.png","2022-09-29",46,2538,3,"7-4625383","09/29/2022"
"2764","Russia","Russia","56 BMD-4M","captured","https://i.postimg.cc/bvCr0GcK/f431.jpg","2022-09-29",46,2539,3,"7-4625393","09/29/2022"
"2765","Russia","Russia","56 BMD-4M","captured","https://twitter.com/UAWeapons/status/1532052853606473729","2022-09-29",46,2540,3,"7-4625403","09/29/2022"
"2766","Russia","Russia","56 BMD-4M","captured","https://twitter.com/RALee85/status/1539911200657625089","2022-09-29",46,2541,3,"7-4625413","09/29/2022"
"2767","Russia","Russia","56 BMD-4M","captured","https://i.postimg.cc/t4297Q5q/65.png","2022-09-29",46,2542,3,"7-4625423","09/29/2022"
"2768","Russia","Russia","254 BTR-82A(M)","destroyed","https://i.postimg.cc/85gFCPXs/bb1.png","2022-09-29",47,2543,1,"7-4725431","09/29/2022"
"2769","Russia","Russia","254 BTR-82A(M)","destroyed","https://i.postimg.cc/kXQV46L8/gg5.jpg","2022-09-29",47,2544,1,"7-4725441","09/29/2022"
"2770","Russia","Russia","254 BTR-82A(M)","destroyed","https://i.postimg.cc/fLfVC59M/o9.png","2022-09-29",47,2545,1,"7-4725451","09/29/2022"
"2771","Russia","Russia","254 BTR-82A(M)","destroyed","https://i.postimg.cc/T2mBfj1J/3rr.png","2022-09-29",47,2546,1,"7-4725461","09/29/2022"
"2772","Russia","Russia","254 BTR-82A(M)","destroyed","https://i.postimg.cc/rwBjMGCL/f45.png","2022-09-29",47,2547,1,"7-4725471","09/29/2022"
"2773","Russia","Russia","254 BTR-82A(M)","destroyed","https://i.postimg.cc/L6Y9kSnP/3d29.png","2022-09-29",47,2548,1,"7-4725481","09/29/2022"
"2774","Russia","Russia","254 BTR-82A(M)","destroyed","https://i.postimg.cc/vTB5NYNc/1001.jpg","2022-09-29",47,2549,1,"7-4725491","09/29/2022"
"2775","Russia","Russia","254 BTR-82A(M)","destroyed","https://i.postimg.cc/ZnxvZwsq/377.png","2022-09-29",47,2550,1,"7-4725501","09/29/2022"
"2776","Russia","Russia","254 BTR-82A(M)","destroyed","https://i.postimg.cc/QNFVSr4y/97.jpg","2022-09-29",47,2551,1,"7-4725511","09/29/2022"
"2777","Russia","Russia","254 BTR-82A(M)","destroyed","https://i.postimg.cc/sX6ZN5DV/43147.png","2022-09-29",47,2552,1,"7-4725521","09/29/2022"
"2778","Russia","Russia","254 BTR-82A(M)","destroyed","https://i.postimg.cc/kXN80wNc/33215.png","2022-09-29",47,2553,1,"7-4725531","09/29/2022"
"2779","Russia","Russia","254 BTR-82A(M)","destroyed","https://i.postimg.cc/T1YzwHZQ/431g.png","2022-09-29",47,2554,1,"7-4725541","09/29/2022"
"2780","Russia","Russia","254 BTR-82A(M)","destroyed","https://i.postimg.cc/yYfdBtrV/5hs.png","2022-09-29",47,2555,1,"7-4725551","09/29/2022"
"2781","Russia","Russia","254 BTR-82A(M)","destroyed","https://i.postimg.cc/vmhx7WvM/579.png","2022-09-29",47,2556,1,"7-4725561","09/29/2022"
"2782","Russia","Russia","254 BTR-82A(M)","destroyed","https://i.postimg.cc/9FfLxHM6/bk.jpg","2022-09-29",47,2557,1,"7-4725571","09/29/2022"
"2783","Russia","Russia","254 BTR-82A(M)","destroyed","https://i.postimg.cc/7h7n7vr5/466.jpg","2022-09-29",47,2558,1,"7-4725581","09/29/2022"
"2784","Russia","Russia","254 BTR-82A(M)","destroyed","https://i.postimg.cc/8P8299hw/425.png","2022-09-29",47,2559,1,"7-4725591","09/29/2022"
"2785","Russia","Russia","254 BTR-82A(M)","destroyed","https://i.postimg.cc/pX6DMmZQ/2fl.jpg","2022-09-29",47,2560,1,"7-4725601","09/29/2022"
"2786","Russia","Russia","254 BTR-82A(M)","destroyed","https://i.postimg.cc/DyRFYp5c/1d.jpg","2022-09-29",47,2561,1,"7-4725611","09/29/2022"
"2787","Russia","Russia","254 BTR-82A(M)","destroyed","https://i.postimg.cc/Rq5swtQw/a1.png","2022-09-29",47,2562,1,"7-4725621","09/29/2022"
"2788","Russia","Russia","254 BTR-82A(M)","destroyed","https://i.postimg.cc/rFym7vdd/1064-btr82a.jpg","2022-09-29",47,2563,1,"7-4725631","09/29/2022"
"2789","Russia","Russia","254 BTR-82A(M)","destroyed","https://i.postimg.cc/DyJs79db/766.jpg","2022-09-29",47,2564,1,"7-4725641","09/29/2022"
"2790","Russia","Russia","254 BTR-82A(M)","destroyed","https://i.postimg.cc/hG3hjQ8L/448.png","2022-09-29",47,2565,1,"7-4725651","09/29/2022"
"2791","Russia","Russia","254 BTR-82A(M)","destroyed","https://twitter.com/UAWeapons/status/1506219574508892165","2022-09-29",47,2566,1,"7-4725661","09/29/2022"
"2792","Russia","Russia","254 BTR-82A(M)","destroyed","https://i.postimg.cc/VLpFFQ78/36p.png","2022-09-29",47,2567,1,"7-4725671","09/29/2022"
"2793","Russia","Russia","254 BTR-82A(M)","destroyed","https://i.postimg.cc/XJFBcP12/33f.png","2022-09-29",47,2568,1,"7-4725681","09/29/2022"
"2794","Russia","Russia","254 BTR-82A(M)","destroyed","https://i.postimg.cc/KYmPhWwL/579.png","2022-09-29",47,2569,1,"7-4725691","09/29/2022"
"2795","Russia","Russia","254 BTR-82A(M)","destroyed","https://i.postimg.cc/50rwLjPZ/gmm.jpg","2022-09-29",47,2570,1,"7-4725701","09/29/2022"
"2796","Russia","Russia","254 BTR-82A(M)","destroyed","https://i.postimg.cc/m2nnJ630/3d1.png","2022-09-29",47,2571,1,"7-4725711","09/29/2022"
"2797","Russia","Russia","254 BTR-82A(M)","destroyed","https://i.postimg.cc/3JxwwYtD/46.png","2022-09-29",47,2572,1,"7-4725721","09/29/2022"
"2798","Russia","Russia","254 BTR-82A(M)","destroyed","https://i.postimg.cc/rFMf0Y44/336.png","2022-09-29",47,2573,1,"7-4725731","09/29/2022"
"2799","Russia","Russia","254 BTR-82A(M)","destroyed","https://i.postimg.cc/9FvYvXr6/543.png","2022-09-29",47,2574,1,"7-4725741","09/29/2022"
"2800","Russia","Russia","254 BTR-82A(M)","destroyed","https://i.postimg.cc/TP2ZyGVN/47.png","2022-09-29",47,2575,1,"7-4725751","09/29/2022"
"2801","Russia","Russia","254 BTR-82A(M)","destroyed","https://i.postimg.cc/QN6rh1q2/82.jpg","2022-09-29",47,2576,1,"7-4725761","09/29/2022"
"2802","Russia","Russia","254 BTR-82A(M)","destroyed","https://i.postimg.cc/XYLkTFmp/687.jpg","2022-09-29",47,2577,1,"7-4725771","09/29/2022"
"2803","Russia","Russia","254 BTR-82A(M)","destroyed","https://i.postimg.cc/59Sv9rwj/4789.png","2022-09-29",47,2578,1,"7-4725781","09/29/2022"
"2804","Russia","Russia","254 BTR-82A(M)","destroyed","https://i.postimg.cc/6QMfM50s/nm4.jpg","2022-09-29",47,2579,1,"7-4725791","09/29/2022"
"2805","Russia","Russia","254 BTR-82A(M)","destroyed","https://i.postimg.cc/3R6CHSVn/nm3.jpg","2022-09-29",47,2580,1,"7-4725801","09/29/2022"
"2806","Russia","Russia","254 BTR-82A(M)","destroyed","https://i.postimg.cc/1RMvLRRz/21f.png","2022-09-29",47,453,1,"7-474531","09/29/2022"
"2807","Russia","Russia","254 BTR-82A(M)","destroyed","https://i.postimg.cc/Cx7Wdkbp/d321.jpg","2022-09-29",47,2581,1,"7-4725811","09/29/2022"
"2808","Russia","Russia","254 BTR-82A(M)","destroyed","https://i.postimg.cc/LXcJhvWx/b1.png","2022-09-29",47,2582,1,"7-4725821","09/29/2022"
"2809","Russia","Russia","254 BTR-82A(M)","destroyed","https://i.postimg.cc/7hSfz08w/b2.png","2022-09-29",47,2583,1,"7-4725831","09/29/2022"
"2810","Russia","Russia","254 BTR-82A(M)","destroyed","https://i.postimg.cc/rFhmTQWf/1065-btr82a.jpg","2022-09-29",47,2584,1,"7-4725841","09/29/2022"
"2811","Russia","Russia","254 BTR-82A(M)","destroyed","https://i.postimg.cc/2jJVcstj/3g.jpg","2022-09-29",47,2585,1,"7-4725851","09/29/2022"
"2812","Russia","Russia","254 BTR-82A(M)","destroyed","https://i.postimg.cc/P5k4yKvZ/65j.png","2022-09-29",47,2586,1,"7-4725861","09/29/2022"
"2813","Russia","Russia","254 BTR-82A(M)","destroyed","https://i.postimg.cc/zDFMHh5n/187.png","2022-09-29",47,2587,1,"7-4725871","09/29/2022"
"2814","Russia","Russia","254 BTR-82A(M)","destroyed","https://i.postimg.cc/NG9kwZ1m/bt2.jpg","2022-09-29",47,2588,1,"7-4725881","09/29/2022"
"2815","Russia","Russia","254 BTR-82A(M)","destroyed","https://i.postimg.cc/mrpCvSkm/321.jpg","2022-09-29",47,2589,1,"7-4725891","09/29/2022"
"2816","Russia","Russia","254 BTR-82A(M)","destroyed","https://i.postimg.cc/cLXn3cRd/h7.jpg","2022-09-29",47,2590,1,"7-4725901","09/29/2022"
"2817","Russia","Russia","254 BTR-82A(M)","destroyed","https://i.postimg.cc/j2KrNPLN/24.png","2022-09-29",47,2591,1,"7-4725911","09/29/2022"
"2818","Russia","Russia","254 BTR-82A(M)","destroyed","https://i.postimg.cc/mgPC4L1M/v1.png","2022-09-29",47,2592,1,"7-4725921","09/29/2022"
"2819","Russia","Russia","254 BTR-82A(M)","destroyed","https://i.postimg.cc/yd4GJfTJ/1500-btr82.jpg","2022-09-29",47,2593,1,"7-4725931","09/29/2022"
"2820","Russia","Russia","254 BTR-82A(M)","destroyed","https://i.postimg.cc/tJRnMpHs/v3.png","2022-09-29",47,2594,1,"7-4725941","09/29/2022"
"2821","Russia","Russia","254 BTR-82A(M)","destroyed","https://i.postimg.cc/KzfRLwgx/v4.png","2022-09-29",47,2595,1,"7-4725951","09/29/2022"
"2822","Russia","Russia","254 BTR-82A(M)","destroyed","https://i.postimg.cc/ydc3JXMB/b5.png","2022-09-29",47,2596,1,"7-4725961","09/29/2022"
"2823","Russia","Russia","254 BTR-82A(M)","destroyed","https://i.postimg.cc/xCTRDdqL/5f.jpg","2022-09-29",47,2597,1,"7-4725971","09/29/2022"
"2824","Russia","Russia","254 BTR-82A(M)","destroyed","https://i.postimg.cc/Znc6HPxD/76.jpg","2022-09-29",47,2598,1,"7-4725981","09/29/2022"
"2825","Russia","Russia","254 BTR-82A(M)","destroyed","https://i.postimg.cc/kMx3FbWz/btr822aa.jpg","2022-09-29",47,2599,1,"7-4725991","09/29/2022"
"2826","Russia","Russia","254 BTR-82A(M)","destroyed","https://i.postimg.cc/ht6tzv2x/1066-btr82a.jpg","2022-09-29",47,2600,1,"7-4726001","09/29/2022"
"2827","Russia","Russia","254 BTR-82A(M)","destroyed","https://i.postimg.cc/SK8DFWQp/btr822a.jpg","2022-09-29",47,2601,1,"7-4726011","09/29/2022"
"2828","Russia","Russia","254 BTR-82A(M)","destroyed","https://i.postimg.cc/kXfHfFG1/btr.jpg","2022-09-29",47,2602,1,"7-4726021","09/29/2022"
"2829","Russia","Russia","254 BTR-82A(M)","destroyed","https://i.postimg.cc/c1728NSN/btrr.jpg","2022-09-29",47,2603,1,"7-4726031","09/29/2022"
"2830","Russia","Russia","254 BTR-82A(M)","destroyed","https://i.postimg.cc/x8QZF6L7/btrrr.jpg","2022-09-29",47,2604,1,"7-4726041","09/29/2022"
"2831","Russia","Russia","254 BTR-82A(M)","destroyed","https://i.postimg.cc/qRdBwYVv/1067-btr82a.jpg","2022-09-29",47,2605,1,"7-4726051","09/29/2022"
"2832","Russia","Russia","254 BTR-82A(M)","destroyed","https://i.postimg.cc/9QXhfQRS/btrr822.jpg","2022-09-29",47,2606,1,"7-4726061","09/29/2022"
"2833","Russia","Russia","254 BTR-82A(M)","destroyed","https://i.postimg.cc/k4mWN9MK/d3.jpg","2022-09-29",47,2607,1,"7-4726071","09/29/2022"
"2834","Russia","Russia","254 BTR-82A(M)","destroyed","https://i.postimg.cc/ydycv5W5/d4.jpg","2022-09-29",47,2608,1,"7-4726081","09/29/2022"
"2835","Russia","Russia","254 BTR-82A(M)","destroyed","https://i.postimg.cc/7hK7jc4t/d2.jpg","2022-09-29",47,2609,1,"7-4726091","09/29/2022"
"2836","Russia","Russia","254 BTR-82A(M)","destroyed","https://i.postimg.cc/ZqN80VP0/d1.jpg","2022-09-29",47,2610,1,"7-4726101","09/29/2022"
"2837","Russia","Russia","254 BTR-82A(M)","destroyed","https://i.postimg.cc/2j7x4csZ/3dl.jpg","2022-09-29",47,2611,1,"7-4726111","09/29/2022"
"2838","Russia","Russia","254 BTR-82A(M)","destroyed","https://i.postimg.cc/hPX9Gpsd/37.jpg","2022-09-29",47,2612,1,"7-4726121","09/29/2022"
"2839","Russia","Russia","254 BTR-82A(M)","destroyed","https://i.postimg.cc/ZnrXkMnW/328j.jpg","2022-09-29",47,2613,1,"7-4726131","09/29/2022"
"2840","Russia","Russia","254 BTR-82A(M)","destroyed","https://i.postimg.cc/j2Q33n3N/d15.png","2022-09-29",47,2614,1,"7-4726141","09/29/2022"
"2841","Russia","Russia","254 BTR-82A(M)","destroyed","https://i.postimg.cc/J4VTB093/28.png","2022-09-29",47,2615,1,"7-4726151","09/29/2022"
"2842","Russia","Russia","254 BTR-82A(M)","destroyed","https://i.postimg.cc/WbFxpPMx/335.png","2022-09-29",47,2616,1,"7-4726161","09/29/2022"
"2843","Russia","Russia","254 BTR-82A(M)","destroyed","https://i.postimg.cc/cL79616k/337.png","2022-09-29",47,2617,1,"7-4726171","09/29/2022"
"2844","Russia","Russia","254 BTR-82A(M)","destroyed","https://i.postimg.cc/KzGdmkN5/477.png","2022-09-29",47,2618,1,"7-4726181","09/29/2022"
"2845","Russia","Russia","254 BTR-82A(M)","destroyed","https://i.postimg.cc/P5xWSr86/dd2.jpg","2022-09-29",47,2619,1,"7-4726191","09/29/2022"
"2846","Russia","Russia","254 BTR-82A(M)","destroyed","https://i.postimg.cc/gkhmvsWY/47.jpg","2022-09-29",47,2620,1,"7-4726201","09/29/2022"
"2847","Russia","Russia","254 BTR-82A(M)","destroyed","https://i.postimg.cc/d0ccGZJX/3d.jpg","2022-09-29",47,2621,1,"7-4726211","09/29/2022"
"2848","Russia","Russia","254 BTR-82A(M)","destroyed","https://i.postimg.cc/jj60cq5j/4f.jpg","2022-09-29",47,2622,1,"7-4726221","09/29/2022"
"2849","Russia","Russia","254 BTR-82A(M)","destroyed","https://i.postimg.cc/9M2SQnXJ/g4.png","2022-09-29",47,2623,1,"7-4726231","09/29/2022"
"2850","Russia","Russia","254 BTR-82A(M)","destroyed","https://twitter.com/UAWeapons/status/1525872035439726593","2022-09-29",47,2624,1,"7-4726241","09/29/2022"
"2851","Russia","Russia","254 BTR-82A(M)","destroyed","https://i.postimg.cc/yx8HK2qj/66.png","2022-09-29",47,2625,1,"7-4726251","09/29/2022"
"2852","Russia","Russia","254 BTR-82A(M)","destroyed","https://twitter.com/UAWeapons/status/1530936343244771328","2022-09-29",47,2626,1,"7-4726261","09/29/2022"
"2853","Russia","Russia","254 BTR-82A(M)","destroyed","https://i.postimg.cc/50p4Bn1g/988.jpg","2022-09-29",47,2627,1,"7-4726271","09/29/2022"
"2854","Russia","Russia","254 BTR-82A(M)","destroyed","https://i.postimg.cc/Dw1dF0PH/1035-BTR82-A.jpg","2022-09-29",47,2628,1,"7-4726281","09/29/2022"
"2855","Russia","Russia","254 BTR-82A(M)","destroyed","https://i.postimg.cc/zXQb8dN2/4313.png","2022-09-29",47,2629,1,"7-4726291","09/29/2022"
"2856","Russia","Russia","254 BTR-82A(M)","destroyed","https://i.postimg.cc/bJPS4sPz/82.jpg","2022-09-29",47,2630,1,"7-4726301","09/29/2022"
"2857","Russia","Russia","254 BTR-82A(M)","destroyed","https://i.postimg.cc/qqbttw3R/Gp-PGI4f7-png-medium.png","2022-09-29",47,2631,1,"7-4726311","09/29/2022"
"2858","Russia","Russia","254 BTR-82A(M)","destroyed","https://twitter.com/Blue_Sauron/status/1543976425191006208","2022-09-29",47,2632,1,"7-4726321","09/29/2022"
"2859","Russia","Russia","254 BTR-82A(M)","destroyed","https://i.postimg.cc/kgRGwPgR/1002.jpg","2022-09-29",47,2633,1,"7-4726331","09/29/2022"
"2860","Russia","Russia","254 BTR-82A(M)","destroyed","https://i.postimg.cc/7Y6fG2vV/1003.jpg","2022-09-29",47,2634,1,"7-4726341","09/29/2022"
"2861","Russia","Russia","254 BTR-82A(M)","destroyed","https://i.postimg.cc/X73gC381/1004.jpg","2022-09-29",47,2635,1,"7-4726351","09/29/2022"
"2862","Russia","Russia","254 BTR-82A(M)","destroyed","https://i.postimg.cc/wjMPR42C/1008.jpg","2022-09-29",47,2636,1,"7-4726361","09/29/2022"
"2863","Russia","Russia","254 BTR-82A(M)","destroyed","https://i.postimg.cc/pyb8xjbg/1006.jpg","2022-09-29",47,2637,1,"7-4726371","09/29/2022"
"2864","Russia","Russia","254 BTR-82A(M)","destroyed","https://i.postimg.cc/d0vR0FW1/1036-BTR82-A.jpg","2022-09-29",47,2638,1,"7-4726381","09/29/2022"
"2865","Russia","Russia","254 BTR-82A(M)","destroyed","https://twitter.com/UAWeapons/status/1552408615159472133","2022-09-29",47,2639,1,"7-4726391","09/29/2022"
"2866","Russia","Russia","254 BTR-82A(M)","destroyed","https://i.postimg.cc/V65fCK6w/1007-btr82a.jpg","2022-09-29",47,2640,1,"7-4726401","09/29/2022"
"2867","Russia","Russia","254 BTR-82A(M)","destroyed","https://twitter.com/UAWeapons/status/1556214456669052929","2022-09-29",47,752,1,"7-477521","09/29/2022"
"2868","Russia","Russia","254 BTR-82A(M)","destroyed","https://i.postimg.cc/BQRtJP5N/1000-btr82a.jpg","2022-09-29",47,2641,1,"7-4726411","09/29/2022"
"2869","Russia","Russia","254 BTR-82A(M)","destroyed","https://twitter.com/RALee85/status/1557671172699000832","2022-09-29",47,2642,1,"7-4726421","09/29/2022"
"2870","Russia","Russia","254 BTR-82A(M)","destroyed","https://twitter.com/UAWeapons/status/1559191182411964425","2022-09-29",47,2643,1,"7-4726431","09/29/2022"
"2871","Russia","Russia","254 BTR-82A(M)","destroyed","https://twitter.com/RALee85/status/1559974897841065984","2022-09-29",47,2644,1,"7-4726441","09/29/2022"
"2872","Russia","Russia","254 BTR-82A(M)","destroyed","https://twitter.com/UAWeapons/status/1561093959723765760","2022-09-29",47,2645,1,"7-4726451","09/29/2022"
"2873","Russia","Russia","254 BTR-82A(M)","destroyed","https://i.postimg.cc/brQwkgCy/h5.jpg","2022-09-29",47,2646,1,"7-4726461","09/29/2022"
"2874","Russia","Russia","254 BTR-82A(M)","destroyed","https://twitter.com/UAWeapons/status/1507114939764420620","2022-09-29",47,2647,1,"7-4726471","09/29/2022"
"2875","Russia","Russia","254 BTR-82A(M)","destroyed","https://i.postimg.cc/J0rrVkhw/1068-btr82a.jpg","2022-09-29",47,2648,1,"7-4726481","09/29/2022"
"2876","Russia","Russia","254 BTR-82A(M)","destroyed","https://i.postimg.cc/h4s48pCK/1069-btr82a.jpg","2022-09-29",47,2649,1,"7-4726491","09/29/2022"
"2877","Russia","Russia","254 BTR-82A(M)","destroyed","https://i.postimg.cc/85Bp0HNB/1070-btr82a.jpg","2022-09-29",47,2650,1,"7-4726501","09/29/2022"
"2878","Russia","Russia","254 BTR-82A(M)","destroyed","https://i.postimg.cc/4xm3xVQs/1071-btr82a.jpg","2022-09-29",47,2651,1,"7-4726511","09/29/2022"
"2879","Russia","Russia","254 BTR-82A(M)","destroyed","https://i.postimg.cc/mkB7chgH/1000-btr82a.jpg","2022-09-29",47,2652,1,"7-4726521","09/29/2022"
"2880","Russia","Russia","254 BTR-82A(M)","destroyed","https://i.postimg.cc/5tbgy9jC/1011-bre82a.jpg","2022-09-29",47,2653,1,"7-4726531","09/29/2022"
"2881","Russia","Russia","254 BTR-82A(M)","destroyed","https://twitter.com/RALee85/status/1564497882409062401","2022-09-29",47,2654,1,"7-4726541","09/29/2022"
"2882","Russia","Russia","254 BTR-82A(M)","destroyed","https://i.postimg.cc/g0C4Jcff/1038-btr82.jpg","2022-09-29",47,2655,1,"7-4726551","09/29/2022"
"2883","Russia","Russia","254 BTR-82A(M)","destroyed","https://i.postimg.cc/7h6Cr0KD/1039-btr82.jpg","2022-09-29",47,2656,1,"7-4726561","09/29/2022"
"2884","Russia","Russia","254 BTR-82A(M)","destroyed","https://i.postimg.cc/m2sRtwLd/1001-btr82a.jpg","2022-09-29",47,2657,1,"7-4726571","09/29/2022"
"2885","Russia","Russia","254 BTR-82A(M)","destroyed","https://i.postimg.cc/1XQjF3sX/1006-btr82.jpg","2022-09-29",47,2658,1,"7-4726581","09/29/2022"
"2886","Russia","Russia","254 BTR-82A(M)","destroyed","https://i.postimg.cc/FRshJsSy/1017-btr82a.jpg","2022-09-29",47,2659,1,"7-4726591","09/29/2022"
"2887","Russia","Russia","254 BTR-82A(M)","destroyed","https://twitter.com/UAWeapons/status/1568988977075736576","2022-09-29",47,2660,1,"7-4726601","09/29/2022"
"2888","Russia","Russia","254 BTR-82A(M)","destroyed","https://twitter.com/UAWeapons/status/1569062661937152002","2022-09-29",47,2661,1,"7-4726611","09/29/2022"
"2889","Russia","Russia","254 BTR-82A(M)","destroyed","https://twitter.com/UAWeapons/status/1569229402860552192","2022-09-29",47,717,1,"7-477171","09/29/2022"
"2890","Russia","Russia","254 BTR-82A(M)","destroyed","https://twitter.com/UAWeapons/status/1569426437119123458","2022-09-29",47,762,1,"7-477621","09/29/2022"
"2891","Russia","Russia","254 BTR-82A(M)","destroyed","https://i.postimg.cc/sxnYMxNj/1018-btr82a.jpg","2022-09-29",47,2662,1,"7-4726621","09/29/2022"
"2892","Russia","Russia","254 BTR-82A(M)","destroyed","https://twitter.com/UAWeapons/status/1570506077929877504","2022-09-29",47,807,1,"7-478071","09/29/2022"
"2893","Russia","Russia","254 BTR-82A(M)","destroyed","https://twitter.com/UAWeapons/status/1570810376840957953","2022-09-29",47,2663,1,"7-4726631","09/29/2022"
"2894","Russia","Russia","254 BTR-82A(M)","destroyed","https://i.postimg.cc/FK8CbXQ3/2022-09-18-BTR-82-A.jpg","2022-09-29",47,2664,1,"7-4726641","09/29/2022"
"2895","Russia","Russia","254 BTR-82A(M)","destroyed","https://i.postimg.cc/sgj17X0F/1005-btr.jpg","2022-09-29",47,2665,1,"7-4726651","09/29/2022"
"2896","Russia","Russia","254 BTR-82A(M)","destroyed","https://i.postimg.cc/FFnr4K3N/2022-09-19-BTR-82-A.jpg","2022-09-29",47,2666,1,"7-4726661","09/29/2022"
"2897","Russia","Russia","254 BTR-82A(M)","destroyed","https://twitter.com/UAWeapons/status/1572972291624951809","2022-09-29",47,179,1,"7-471791","09/29/2022"
"2898","Russia","Russia","254 BTR-82A(M)","destroyed","https://twitter.com/UAWeapons/status/1572964845389058048","2022-09-29",47,2667,1,"7-4726671","09/29/2022"
"2899","Russia","Russia","254 BTR-82A(M)","destroyed","https://twitter.com/UAWeapons/status/1573697820699271168","2022-09-29",47,2150,1,"7-4721501","09/29/2022"
"2900","Russia","Russia","254 BTR-82A(M)","destroyed","https://i.postimg.cc/zDTZbMkk/1001-btr82a.jpg","2022-09-29",47,2668,1,"7-4726681","09/29/2022"
"2901","Russia","Russia","254 BTR-82A(M)","destroyed","https://i.postimg.cc/jqg1V3jn/1027-btr82a.jpg","2022-09-29",47,2669,1,"7-4726691","09/29/2022"
"2902","Russia","Russia","254 BTR-82A(M)","destroyed","https://i.postimg.cc/9FDncP48/1028-btr82a.jpg","2022-09-29",47,2670,1,"7-4726701","09/29/2022"
"2903","Russia","Russia","254 BTR-82A(M)","destroyed","https://twitter.com/UAWeapons/status/1575226529868840961","2022-09-29",47,2671,1,"7-4726711","09/29/2022"
"2904","Russia","Russia","254 BTR-82A(M)","destroyed","https://i.postimg.cc/XY0ypJKB/1006-btr82a.jpg","2022-09-29",47,2672,1,"7-4726721","09/29/2022"
"2905","Russia","Russia","254 BTR-82A(M)","destroyed","https://twitter.com/UAWeapons/status/1575137334529507330","2022-09-29",47,2673,1,"7-4726731","09/29/2022"
"2906","Russia","Russia","254 BTR-82A(M)","damaged","https://i.postimg.cc/4dcC0KqK/btr88222.jpg","2022-09-29",47,2674,4,"7-4726744","09/29/2022"
"2907","Russia","Russia","254 BTR-82A(M)","damaged","https://i.postimg.cc/Y0xCJmg2/44f.jpg","2022-09-29",47,2675,4,"7-4726754","09/29/2022"
"2908","Russia","Russia","254 BTR-82A(M)","damaged","https://twitter.com/UAWeapons/status/1516395004935213061","2022-09-29",47,2676,4,"7-4726764","09/29/2022"
"2909","Russia","Russia","254 BTR-82A(M)","damaged","https://i.postimg.cc/J4mqZVzj/btr8822.jpg","2022-09-29",47,2677,4,"7-4726774","09/29/2022"
"2910","Russia","Russia","254 BTR-82A(M)","damaged","https://twitter.com/UAWeapons/status/1524456618091589635","2022-09-29",47,1591,4,"7-4715914","09/29/2022"
"2911","Russia","Russia","254 BTR-82A(M)","damaged","https://twitter.com/UAWeapons/status/1558035528339128322","2022-09-29",47,2678,4,"7-4726784","09/29/2022"
"2912","Russia","Russia","254 BTR-82A(M)","abandoned","https://i.postimg.cc/25DqyNfS/55448.png","2022-09-29",47,2679,2,"7-4726792","09/29/2022"
"2913","Russia","Russia","254 BTR-82A(M)","abandoned","https://i.postimg.cc/pLXYWb0d/49.png","2022-09-29",47,2680,2,"7-4726802","09/29/2022"
"2914","Russia","Russia","254 BTR-82A(M)","abandoned","https://i.postimg.cc/PxBfYfhk/767.jpg","2022-09-29",47,1906,2,"7-4719062","09/29/2022"
"2915","Russia","Russia","254 BTR-82A(M)","abandoned","https://i.postimg.cc/1RJVYmjQ/82.png","2022-09-29",47,2681,2,"7-4726812","09/29/2022"
"2916","Russia","Russia","254 BTR-82A(M)","abandoned","https://i.postimg.cc/qMxr03Ry/82a.jpg","2022-09-29",47,2682,2,"7-4726822","09/29/2022"
"2917","Russia","Russia","254 BTR-82A(M)","abandoned","https://i.postimg.cc/bJDw1Gdq/46.png","2022-09-29",47,2683,2,"7-4726832","09/29/2022"
"2918","Russia","Russia","254 BTR-82A(M)","abandoned","https://i.postimg.cc/Kc32fSfv/6658.png","2022-09-29",47,2684,2,"7-4726842","09/29/2022"
"2919","Russia","Russia","254 BTR-82A(M)","abandoned","https://i.postimg.cc/d3ZQm1t0/rgg.png","2022-09-29",47,2685,2,"7-4726852","09/29/2022"
"2920","Russia","Russia","254 BTR-82A(M)","abandoned","https://i.postimg.cc/J01GbYLL/bb2.png","2022-09-29",47,2686,2,"7-4726862","09/29/2022"
"2921","Russia","Russia","254 BTR-82A(M)","damaged","https://twitter.com/UAWeapons/status/1525936384434913281","2022-09-29",47,2687,4,"7-4726874","09/29/2022"
"2922","Russia","Russia","254 BTR-82A(M)","abandoned","https://twitter.com/UAWeapons/status/1525936384434913281","2022-09-29",47,2687,2,"7-4726872","09/29/2022"
"2923","Russia","Russia","254 BTR-82A(M)","damaged","https://i.postimg.cc/BbS69p4N/66588.png","2022-09-29",47,2688,4,"7-4726884","09/29/2022"
"2924","Russia","Russia","254 BTR-82A(M)","captured","https://i.postimg.cc/BbS69p4N/66588.png","2022-09-29",47,2688,3,"7-4726883","09/29/2022"
"2925","Russia","Russia","254 BTR-82A(M)","damaged","https://i.postimg.cc/TY0tRgBM/4766.png","2022-09-29",47,2689,4,"7-4726894","09/29/2022"
"2926","Russia","Russia","254 BTR-82A(M)","captured","https://i.postimg.cc/TY0tRgBM/4766.png","2022-09-29",47,2689,3,"7-4726893","09/29/2022"
"2927","Russia","Russia","254 BTR-82A(M)","damaged","https://i.postimg.cc/RZQbNvvr/54.jpg","2022-09-29",47,2690,4,"7-4726904","09/29/2022"
"2928","Russia","Russia","254 BTR-82A(M)","captured","https://i.postimg.cc/RZQbNvvr/54.jpg","2022-09-29",47,2690,3,"7-4726903","09/29/2022"
"2929","Russia","Russia","254 BTR-82A(M)","captured","https://i.postimg.cc/CLMc38gC/346.png","2022-09-29",47,2691,3,"7-4726913","09/29/2022"
"2930","Russia","Russia","254 BTR-82A(M)","captured","https://i.postimg.cc/6pRscNqC/3311.png","2022-09-29",47,2692,3,"7-4726923","09/29/2022"
"2931","Russia","Russia","254 BTR-82A(M)","captured","https://i.postimg.cc/5yzVrP3b/6688.jpg","2022-09-29",47,2693,3,"7-4726933","09/29/2022"
"2932","Russia","Russia","254 BTR-82A(M)","captured","https://i.postimg.cc/J7P4V4M6/879.jpg","2022-09-29",47,2694,3,"7-4726943","09/29/2022"
"2933","Russia","Russia","254 BTR-82A(M)","captured","https://i.postimg.cc/bJbt0qwP/bt1.jpg","2022-09-29",47,2695,3,"7-4726953","09/29/2022"
"2934","Russia","Russia","254 BTR-82A(M)","captured","https://i.postimg.cc/ZnJ3m7tN/4311.png","2022-09-29",47,2696,3,"7-4726963","09/29/2022"
"2935","Russia","Russia","254 BTR-82A(M)","captured","https://i.postimg.cc/xd2rYqyW/45.png","2022-09-29",47,2697,3,"7-4726973","09/29/2022"
"2936","Russia","Russia","254 BTR-82A(M)","captured","https://i.postimg.cc/XJtjcXxY/658.png","2022-09-29",47,2698,3,"7-4726983","09/29/2022"
"2937","Russia","Russia","254 BTR-82A(M)","captured","https://i.postimg.cc/Xq9Xhr4s/v3.png","2022-09-29",47,2699,3,"7-4726993","09/29/2022"
"2938","Russia","Russia","254 BTR-82A(M)","captured","https://i.postimg.cc/jdQL4n85/v5.jpg","2022-09-29",47,2700,3,"7-4727003","09/29/2022"
"2939","Russia","Russia","254 BTR-82A(M)","captured","https://i.postimg.cc/fWd3krmY/v4.jpg","2022-09-29",47,2701,3,"7-4727013","09/29/2022"
"2940","Russia","Russia","254 BTR-82A(M)","captured","https://i.postimg.cc/mkxT43yQ/4f3.jpg","2022-09-29",47,2702,3,"7-4727023","09/29/2022"
"2941","Russia","Russia","254 BTR-82A(M)","captured","https://i.postimg.cc/jSQVn0Qn/ff2.jpg","2022-09-29",47,2703,3,"7-4727033","09/29/2022"
"2942","Russia","Russia","254 BTR-82A(M)","captured","https://i.postimg.cc/Cx7Wdkbp/d321.jpg","2022-09-29",47,2581,3,"7-4725813","09/29/2022"
"2943","Russia","Russia","254 BTR-82A(M)","captured","https://i.postimg.cc/sx1203yv/db.png","2022-09-29",47,2704,3,"7-4727043","09/29/2022"
"2944","Russia","Russia","254 BTR-82A(M)","captured","https://i.postimg.cc/fyfbHsH9/332.jpg","2022-09-29",47,2705,3,"7-4727053","09/29/2022"
"2945","Russia","Russia","254 BTR-82A(M)","captured","https://i.postimg.cc/wTPhLcmY/25.png","2022-09-29",47,2706,3,"7-4727063","09/29/2022"
"2946","Russia","Russia","254 BTR-82A(M)","captured","https://i.postimg.cc/sxY0TD5r/cc1.jpg","2022-09-29",47,2707,3,"7-4727073","09/29/2022"
"2947","Russia","Russia","254 BTR-82A(M)","captured","https://i.postimg.cc/kG3pNt6s/cc2.jpg","2022-09-29",47,2708,3,"7-4727083","09/29/2022"
"2948","Russia","Russia","254 BTR-82A(M)","captured","https://i.postimg.cc/zfX8Ls5G/87.jpg","2022-09-29",47,2709,3,"7-4727093","09/29/2022"
"2949","Russia","Russia","254 BTR-82A(M)","captured","https://i.postimg.cc/Ghn3hTJP/443.png","2022-09-29",47,2710,3,"7-4727103","09/29/2022"
"2950","Russia","Russia","254 BTR-82A(M)","captured","https://i.postimg.cc/wBffMpDD/323.jpg","2022-09-29",47,2711,3,"7-4727113","09/29/2022"
"2951","Russia","Russia","254 BTR-82A(M)","captured","https://i.postimg.cc/hGt49XJv/67.jpg","2022-09-29",47,2712,3,"7-4727123","09/29/2022"
"2952","Russia","Russia","254 BTR-82A(M)","captured","https://i.postimg.cc/dV4SXCJz/61.png","2022-09-29",47,2713,3,"7-4727133","09/29/2022"
"2953","Russia","Russia","254 BTR-82A(M)","captured","https://i.postimg.cc/qqcxSQjt/btr82aa.jpg","2022-09-29",47,2714,3,"7-4727143","09/29/2022"
"2954","Russia","Russia","254 BTR-82A(M)","captured","https://i.postimg.cc/yYPTTQDt/btr82.jpg","2022-09-29",47,2715,3,"7-4727153","09/29/2022"
"2955","Russia","Russia","254 BTR-82A(M)","captured","https://postimg.cc/xJgHCx4t","2022-09-29",47,2716,3,"7-4727163","09/29/2022"
"2956","Russia","Russia","254 BTR-82A(M)","captured","https://postimg.cc/jDJzXhDS","2022-09-29",47,2717,3,"7-4727173","09/29/2022"
"2957","Russia","Russia","254 BTR-82A(M)","captured","https://i.postimg.cc/zGXp9cvZ/b1.jpg","2022-09-29",47,2718,3,"7-4727183","09/29/2022"
"2958","Russia","Russia","254 BTR-82A(M)","captured","https://i.postimg.cc/kGvFHQdg/b2.jpg","2022-09-29",47,2719,3,"7-4727193","09/29/2022"
"2959","Russia","Russia","254 BTR-82A(M)","captured","https://i.postimg.cc/rpVT2Ltm/41.jpg","2022-09-29",47,2720,3,"7-4727203","09/29/2022"
"2960","Russia","Russia","254 BTR-82A(M)","captured","https://i.postimg.cc/50tm5PB9/1013-btr-82a.png","2022-09-29",47,2721,3,"7-4727213","09/29/2022"
"2961","Russia","Russia","254 BTR-82A(M)","captured","https://i.postimg.cc/T25xnSws/763.jpg","2022-09-29",47,2722,3,"7-4727223","09/29/2022"
"2962","Russia","Russia","254 BTR-82A(M)","captured","https://i.postimg.cc/PJJsygBj/h70.jpg","2022-09-29",47,2723,3,"7-4727233","09/29/2022"
"2963","Russia","Russia","254 BTR-82A(M)","captured","https://i.postimg.cc/Jnr8qy5L/f33.jpg","2022-09-29",47,2724,3,"7-4727243","09/29/2022"
"2964","Russia","Russia","254 BTR-82A(M)","captured","https://i.postimg.cc/fyWq3ZF7/j777.jpg","2022-09-29",47,2725,3,"7-4727253","09/29/2022"
"2965","Russia","Russia","254 BTR-82A(M)","captured","https://i.postimg.cc/vmkFs4Bx/4437.png","2022-09-29",47,2726,3,"7-4727263","09/29/2022"
"2966","Russia","Russia","254 BTR-82A(M)","captured","https://i.postimg.cc/jdHxdgRs/44f.png","2022-09-29",47,2727,3,"7-4727273","09/29/2022"
"2967","Russia","Russia","254 BTR-82A(M)","captured","https://i.postimg.cc/MTnD6Msb/45.jpg","2022-09-29",47,2728,3,"7-4727283","09/29/2022"
"2968","Russia","Russia","254 BTR-82A(M)","captured","https://i.postimg.cc/Y994gyQF/431.png","2022-09-29",47,2729,3,"7-4727293","09/29/2022"
"2969","Russia","Russia","254 BTR-82A(M)","captured","https://i.postimg.cc/Y994gyQF/431.png","2022-09-29",47,2729,3,"7-4727293","09/29/2022"
"2970","Russia","Russia","254 BTR-82A(M)","captured","https://i.postimg.cc/TY2FGgMp/gg5.png","2022-09-29",47,2730,3,"7-4727303","09/29/2022"
"2971","Russia","Russia","254 BTR-82A(M)","captured","https://i.postimg.cc/GpPxHgvr/65h.png","2022-09-29",47,2731,3,"7-4727313","09/29/2022"
"2972","Russia","Russia","254 BTR-82A(M)","captured","https://i.postimg.cc/qqFSQzs8/4f1f.png","2022-09-29",47,2732,3,"7-4727323","09/29/2022"
"2973","Russia","Russia","254 BTR-82A(M)","captured","https://twitter.com/UAWeapons/status/1553999985288642561","2022-09-29",47,2733,3,"7-4727333","09/29/2022"
"2974","Russia","Russia","254 BTR-82A(M)","captured","https://i.postimg.cc/fLkJ1YHZ/578.png","2022-09-29",47,2734,3,"7-4727343","09/29/2022"
"2975","Russia","Russia","254 BTR-82A(M)","captured","https://i.postimg.cc/C1XJ00CN/1002-btr-82a.jpg","2022-09-29",47,2735,3,"7-4727353","09/29/2022"
"2976","Russia","Russia","254 BTR-82A(M)","captured","https://i.postimg.cc/9fyrTNZ0/15.png","2022-09-29",47,2736,3,"7-4727363","09/29/2022"
"2977","Russia","Russia","254 BTR-82A(M)","captured","https://i.postimg.cc/rybYQ6TS/6hjj.png","2022-09-29",47,2737,3,"7-4727373","09/29/2022"
"2978","Russia","Russia","254 BTR-82A(M)","captured","https://i.postimg.cc/JntXrJN9/hd.jpg","2022-09-29",47,2738,3,"7-4727383","09/29/2022"
"2979","Russia","Russia","254 BTR-82A(M)","captured","https://i.postimg.cc/J7Jnf71f/h6.jpg","2022-09-29",47,2739,3,"7-4727393","09/29/2022"
"2980","Russia","Russia","254 BTR-82A(M)","captured","https://twitter.com/UAWeapons/status/1562418509577158656","2022-09-29",47,2740,3,"7-4727403","09/29/2022"
"2981","Russia","Russia","254 BTR-82A(M)","captured","https://twitter.com/UAWeapons/status/1567268160784502786","2022-09-29",47,2741,3,"7-4727413","09/29/2022"
"2982","Russia","Russia","254 BTR-82A(M)","captured","https://i.postimg.cc/8zFh6QBD/1040-btr82.jpg","2022-09-29",47,2742,3,"7-4727423","09/29/2022"
"2983","Russia","Russia","254 BTR-82A(M)","captured","https://twitter.com/UAWeapons/status/1567826815284043778","2022-09-29",47,2743,3,"7-4727433","09/29/2022"
"2984","Russia","Russia","254 BTR-82A(M)","captured","https://i.postimg.cc/y8jLb4Mp/1014-btr82a.jpg","2022-09-29",47,2744,3,"7-4727443","09/29/2022"
"2985","Russia","Russia","254 BTR-82A(M)","captured","https://i.postimg.cc/Bn4hpQV1/1024-btr82a.jpg","2022-09-29",47,2745,3,"7-4727453","09/29/2022"
"2986","Russia","Russia","254 BTR-82A(M)","captured","https://twitter.com/UAWeapons/status/1567922605495123972","2022-09-29",47,2746,3,"7-4727463","09/29/2022"
"2987","Russia","Russia","254 BTR-82A(M)","captured","https://twitter.com/UAWeapons/status/1567925068134506496","2022-09-29",47,2747,3,"7-4727473","09/29/2022"
"2988","Russia","Russia","254 BTR-82A(M)","captured","https://twitter.com/UAWeapons/status/1568207084159750146","2022-09-29",47,2748,3,"7-4727483","09/29/2022"
"2989","Russia","Russia","254 BTR-82A(M)","captured","https://i.postimg.cc/Vshzdwkt/1010-btr82a.jpg","2022-09-29",47,2749,3,"7-4727493","09/29/2022"
"2990","Russia","Russia","254 BTR-82A(M)","captured","https://i.postimg.cc/SN5jF8Mw/1011-btr82a.jpg","2022-09-29",47,2750,3,"7-4727503","09/29/2022"
"2991","Russia","Russia","254 BTR-82A(M)","captured","https://i.postimg.cc/Y08cp3Lk/1013-btr82a.jpg","2022-09-29",47,2751,3,"7-4727513","09/29/2022"
"2992","Russia","Russia","254 BTR-82A(M)","captured","https://twitter.com/UAWeapons/status/1568899233314381824","2022-09-29",47,2137,3,"7-4721373","09/29/2022"
"2993","Russia","Russia","254 BTR-82A(M)","captured","https://i.postimg.cc/RFjNVxzf/1008-btr-82a.jpg","2022-09-29",47,2752,3,"7-4727523","09/29/2022"
"2994","Russia","Russia","254 BTR-82A(M)","captured","https://i.postimg.cc/jq7D32zh/1009-btr-82a.jpg","2022-09-29",47,2753,3,"7-4727533","09/29/2022"
"2995","Russia","Russia","254 BTR-82A(M)","captured","https://twitter.com/Blue_Sauron/status/1568895598777991169","2022-09-29",47,802,3,"7-478023","09/29/2022"
"2996","Russia","Russia","254 BTR-82A(M)","captured","https://twitter.com/UAWeapons/status/1569229430765289472","2022-09-29",47,2754,3,"7-4727543","09/29/2022"
"2997","Russia","Russia","254 BTR-82A(M)","captured","https://twitter.com/UAWeapons/status/1569229421495701507","2022-09-29",47,2140,3,"7-4721403","09/29/2022"
"2998","Russia","Russia","254 BTR-82A(M)","captured","https://twitter.com/UAWeapons/status/1569229412205215744","2022-09-29",47,1309,3,"7-4713093","09/29/2022"
"2999","Russia","Russia","254 BTR-82A(M)","captured","https://twitter.com/UAWeapons/status/1569620233261817856","2022-09-29",47,2755,3,"7-4727553","09/29/2022"
"3000","Russia","Russia","254 BTR-82A(M)","captured","https://i.postimg.cc/C5fm6Bfw/57h.png","2022-09-29",47,2756,3,"7-4727563","09/29/2022"
"3001","Russia","Russia","254 BTR-82A(M)","captured","https://twitter.com/JimmySecUK/status/1569972968641499136","2022-09-29",47,2757,3,"7-4727573","09/29/2022"
"3002","Russia","Russia","254 BTR-82A(M)","damaged","https://twitter.com/UAWeapons/status/1570423464971976705","2022-09-29",47,942,4,"7-479424","09/29/2022"
"3003","Russia","Russia","254 BTR-82A(M)","captured","https://twitter.com/UAWeapons/status/1570423464971976705","2022-09-29",47,942,3,"7-479423","09/29/2022"
"3004","Russia","Russia","254 BTR-82A(M)","captured","https://twitter.com/UAWeapons/status/1570781159067643904","2022-09-29",47,1431,3,"7-4714313","09/29/2022"
"3005","Russia","Russia","254 BTR-82A(M)","damaged","https://i.postimg.cc/yxpp9Gb4/2022-09-17-BTR-82-A.png","2022-09-29",47,2758,4,"7-4727584","09/29/2022"
"3006","Russia","Russia","254 BTR-82A(M)","captured","https://i.postimg.cc/yxpp9Gb4/2022-09-17-BTR-82-A.png","2022-09-29",47,2758,3,"7-4727583","09/29/2022"
"3007","Russia","Russia","254 BTR-82A(M)","captured","https://twitter.com/UAWeapons/status/1570798006039085056","2022-09-29",47,2759,3,"7-4727593","09/29/2022"
"3008","Russia","Russia","254 BTR-82A(M)","captured","https://i.postimg.cc/pT0x80TF/2022-09-20-BTR-82-A-1.jpg","2022-09-29",47,2760,3,"7-4727603","09/29/2022"
"3009","Russia","Russia","254 BTR-82A(M)","captured","https://i.postimg.cc/Pqp2fPSM/1001-bttr82a.jpg","2022-09-29",47,2761,3,"7-4727613","09/29/2022"
"3010","Russia","Russia","254 BTR-82A(M)","captured","https://twitter.com/UAWeapons/status/1572936489314426883","2022-09-29",47,1323,3,"7-4713233","09/29/2022"
"3011","Russia","Russia","254 BTR-82A(M)","captured","https://i.postimg.cc/hjKYB1HP/2022-09-09-BTR-82-A.jpg","2022-09-29",47,2762,3,"7-4727623","09/29/2022"
"3012","Russia","Russia","254 BTR-82A(M)","captured","https://twitter.com/UAWeapons/status/1575165023735148545","2022-09-29",47,2000,3,"7-4720003","09/29/2022"
"3013","Russia","Russia","254 BTR-82A(M)","captured","https://twitter.com/UAWeapons/status/1575229645745954816","2022-09-29",47,2763,3,"7-4727633","09/29/2022"
"3014","Russia","Russia","254 BTR-82A(M)","captured","https://i.postimg.cc/05CH7L3v/2022-09-27-BTR-82-A.jpg","2022-09-29",47,2764,3,"7-4727643","09/29/2022"
"3015","Russia","Soviet Union","1 BTR-60PB","damaged","https://i.postimg.cc/28S1XDpx/1009-btr60.jpg","2022-09-29",48,2765,4,"7-4827654","09/29/2022"
"3016","Russia","Soviet Union","3 BTR-70","destroyed","https://i.postimg.cc/t42tHcCh/v5.png","2022-09-29",49,2766,1,"7-4927661","09/29/2022"
"3017","Russia","Soviet Union","3 BTR-70","destroyed","https://i.postimg.cc/NMWkzrGS/v6.png","2022-09-29",49,2767,1,"7-4927671","09/29/2022"
"3018","Russia","Soviet Union","3 BTR-70","captured","https://i.postimg.cc/ZRSyFsmQ/2022-09-13-BTR.png","2022-09-29",49,2768,3,"7-4927683","09/29/2022"
"3019","Russia","Russia","1 BTR-70M","destroyed","https://i.postimg.cc/C1Cr277d/4c.png","2022-09-29",50,2769,1,"7-5027691","09/29/2022"
"3020","Russia","Soviet Union","90 BTR-80","destroyed","https://i.postimg.cc/Dwp3QN7Q/Screenshot-8275.png","2022-09-29",51,2770,1,"7-5127701","09/29/2022"
"3021","Russia","Soviet Union","90 BTR-80","destroyed","https://i.postimg.cc/ZRMNRmvg/g433.jpg","2022-09-29",51,2771,1,"7-5127711","09/29/2022"
"3022","Russia","Soviet Union","90 BTR-80","destroyed","https://i.postimg.cc/vm666jzG/69.png","2022-09-29",51,2772,1,"7-5127721","09/29/2022"
"3023","Russia","Soviet Union","90 BTR-80","destroyed","https://i.postimg.cc/wj4RK6bb/235.png","2022-09-29",51,2773,1,"7-5127731","09/29/2022"
"3024","Russia","Soviet Union","90 BTR-80","destroyed","https://i.postimg.cc/FF8stwCs/5g8.jpg","2022-09-29",51,2774,1,"7-5127741","09/29/2022"
"3025","Russia","Soviet Union","90 BTR-80","destroyed","https://i.postimg.cc/dthr29YX/ddfg.jpg","2022-09-29",51,2775,1,"7-5127751","09/29/2022"
"3026","Russia","Soviet Union","90 BTR-80","destroyed","https://i.postimg.cc/02wsWV7w/dd1.png","2022-09-29",51,2776,1,"7-5127761","09/29/2022"
"3027","Russia","Soviet Union","90 BTR-80","destroyed","https://i.postimg.cc/BvQR3vq8/43g.png","2022-09-29",51,2777,1,"7-5127771","09/29/2022"
"3028","Russia","Soviet Union","90 BTR-80","destroyed","https://i.postimg.cc/wjT16cQp/f246.png","2022-09-29",51,2778,1,"7-5127781","09/29/2022"
"3029","Russia","Soviet Union","90 BTR-80","destroyed","https://i.postimg.cc/nLZMZG9D/4313.png","2022-09-29",51,2779,1,"7-5127791","09/29/2022"
"3030","Russia","Soviet Union","90 BTR-80","destroyed","https://i.postimg.cc/bvzcJ2vM/3d.jpg","2022-09-29",51,2780,1,"7-5127801","09/29/2022"
"3031","Russia","Soviet Union","90 BTR-80","destroyed","https://i.postimg.cc/zG7gJgJ8/976.png","2022-09-29",51,2781,1,"7-5127811","09/29/2022"
"3032","Russia","Soviet Union","90 BTR-80","destroyed","https://i.postimg.cc/y8k7xYxL/BTR80.png","2022-09-29",51,2782,1,"7-5127821","09/29/2022"
"3033","Russia","Soviet Union","90 BTR-80","destroyed","https://i.postimg.cc/6qt9pr4Z/btr80.jpg","2022-09-29",51,2783,1,"7-5127831","09/29/2022"
"3034","Russia","Soviet Union","90 BTR-80","destroyed","https://postimg.cc/WFgD1hW6","2022-09-29",51,2784,1,"7-5127841","09/29/2022"
"3035","Russia","Soviet Union","90 BTR-80","destroyed","https://i.postimg.cc/LXvww7xC/78.jpg","2022-09-29",51,2785,1,"7-5127851","09/29/2022"
"3036","Russia","Soviet Union","90 BTR-80","destroyed","https://i.postimg.cc/wMjKtQ8w/331.jpg","2022-09-29",51,2786,1,"7-5127861","09/29/2022"
"3037","Russia","Soviet Union","90 BTR-80","destroyed","https://i.postimg.cc/gJwrJx5M/4388.jpg","2022-09-29",51,2787,1,"7-5127871","09/29/2022"
"3038","Russia","Soviet Union","90 BTR-80","destroyed","https://i.postimg.cc/3rgKVvQM/11d.jpg","2022-09-29",51,2788,1,"7-5127881","09/29/2022"
"3039","Russia","Soviet Union","90 BTR-80","destroyed","https://i.postimg.cc/rpXfYGXY/327.jpg","2022-09-29",51,2789,1,"7-5127891","09/29/2022"
"3040","Russia","Soviet Union","90 BTR-80","destroyed","https://twitter.com/UAWeapons/status/1530121074515619841","2022-09-29",51,2790,1,"7-5127901","09/29/2022"
"3041","Russia","Soviet Union","90 BTR-80","destroyed","https://i.postimg.cc/x8Gj0RZm/b2.jpg","2022-09-29",51,2791,1,"7-5127911","09/29/2022"
"3042","Russia","Soviet Union","90 BTR-80","destroyed","https://twitter.com/UAWeapons/status/1534870120740298752","2022-09-29",51,2792,1,"7-5127921","09/29/2022"
"3043","Russia","Soviet Union","90 BTR-80","destroyed","https://twitter.com/UAWeapons/status/1539596174243528705","2022-09-29",51,2793,1,"7-5127931","09/29/2022"
"3044","Russia","Soviet Union","90 BTR-80","destroyed","https://i.postimg.cc/KjDPMswn/77j.jpg","2022-09-29",51,2794,1,"7-5127941","09/29/2022"
"3045","Russia","Soviet Union","90 BTR-80","destroyed","https://i.postimg.cc/4N9bkGGF/55g.png","2022-09-29",51,2795,1,"7-5127951","09/29/2022"
"3046","Russia","Soviet Union","90 BTR-80","destroyed","https://twitter.com/RALee85/status/1544016163801387009","2022-09-29",51,396,1,"7-513961","09/29/2022"
"3047","Russia","Soviet Union","90 BTR-80","destroyed","https://i.postimg.cc/j2Fg7XtR/1005.jpg","2022-09-29",51,2796,1,"7-5127961","09/29/2022"
"3048","Russia","Soviet Union","90 BTR-80","destroyed","https://i.postimg.cc/q7yrqVbh/1001.jpg","2022-09-29",51,848,1,"7-518481","09/29/2022"
"3049","Russia","Soviet Union","90 BTR-80","destroyed","https://i.postimg.cc/1zg0QzmX/1002.jpg","2022-09-29",51,2797,1,"7-5127971","09/29/2022"
"3050","Russia","Soviet Union","90 BTR-80","destroyed","https://i.postimg.cc/Y2vd4qQV/1003.jpg","2022-09-29",51,2798,1,"7-5127981","09/29/2022"
"3051","Russia","Soviet Union","90 BTR-80","destroyed","https://i.postimg.cc/DZ7JwbQz/1000.jpg","2022-09-29",51,2799,1,"7-5127991","09/29/2022"
"3052","Russia","Soviet Union","90 BTR-80","destroyed","https://i.postimg.cc/zGPf9L2c/1008-btr80.jpg","2022-09-29",51,2800,1,"7-5128001","09/29/2022"
"3053","Russia","Soviet Union","90 BTR-80","destroyed","https://i.postimg.cc/sX8jw3TM/1010-btr80.jpg","2022-09-29",51,2801,1,"7-5128011","09/29/2022"
"3054","Russia","Soviet Union","90 BTR-80","destroyed","https://postimg.cc/Z90NMhMR","2022-09-29",51,2802,1,"7-5128021","09/29/2022"
"3055","Russia","Soviet Union","90 BTR-80","destroyed","https://i.postimg.cc/v85rRWT8/1081-BTR-80.jpg","2022-09-29",51,2803,1,"7-5128031","09/29/2022"
"3056","Russia","Soviet Union","90 BTR-80","destroyed","https://i.postimg.cc/X7VyTmtx/1082-BTR-80.jpg","2022-09-29",51,2804,1,"7-5128041","09/29/2022"
"3057","Russia","Soviet Union","90 BTR-80","destroyed","https://i.postimg.cc/L6NZRvpS/1083-BTR-80.jpg","2022-09-29",51,2805,1,"7-5128051","09/29/2022"
"3058","Russia","Soviet Union","90 BTR-80","destroyed","https://i.postimg.cc/3x3VvJVv/1006-btr-80.jpg","2022-09-29",51,2806,1,"7-5128061","09/29/2022"
"3059","Russia","Soviet Union","90 BTR-80","destroyed","https://i.postimg.cc/ZKt1JLLj/1007-btr-80.jpg","2022-09-29",51,2807,1,"7-5128071","09/29/2022"
"3060","Russia","Soviet Union","90 BTR-80","destroyed","https://twitter.com/UAWeapons/status/1573229951393964033","2022-09-29",51,2808,1,"7-5128081","09/29/2022"
"3061","Russia","Soviet Union","90 BTR-80","damaged","https://twitter.com/UAWeapons/status/1514213065268596737","2022-09-29",51,2809,4,"7-5128094","09/29/2022"
"3062","Russia","Soviet Union","90 BTR-80","abandoned","https://i.postimg.cc/gcn1yNwd/h6.png","2022-09-29",51,2810,2,"7-5128102","09/29/2022"
"3063","Russia","Soviet Union","90 BTR-80","abandoned","https://i.postimg.cc/mrxdHDX8/43134.png","2022-09-29",51,2811,2,"7-5128112","09/29/2022"
"3064","Russia","Soviet Union","90 BTR-80","abandoned","https://i.postimg.cc/FRd1GGTm/f22.png","2022-09-29",51,2812,2,"7-5128122","09/29/2022"
"3065","Russia","Soviet Union","90 BTR-80","abandoned","https://i.postimg.cc/KjcSwP7f/579.png","2022-09-29",51,2813,2,"7-5128132","09/29/2022"
"3066","Russia","Soviet Union","90 BTR-80","damaged","https://i.postimg.cc/HsQGV9qw/nm.jpg","2022-09-29",51,2814,4,"7-5128144","09/29/2022"
"3067","Russia","Soviet Union","90 BTR-80","captured","https://i.postimg.cc/HsQGV9qw/nm.jpg","2022-09-29",51,2814,3,"7-5128143","09/29/2022"
"3068","Russia","Soviet Union","90 BTR-80","damaged","https://i.postimg.cc/rmL9smDd/4f5.jpg","2022-09-29",51,2815,4,"7-5128154","09/29/2022"
"3069","Russia","Soviet Union","90 BTR-80","captured","https://i.postimg.cc/rmL9smDd/4f5.jpg","2022-09-29",51,2815,3,"7-5128153","09/29/2022"
"3070","Russia","Soviet Union","90 BTR-80","captured","https://i.postimg.cc/MZY8btn5/4f77.png","2022-09-29",51,2816,3,"7-5128163","09/29/2022"
"3071","Russia","Soviet Union","90 BTR-80","captured","https://i.postimg.cc/Dy1dQRVX/1000-btr80.jpg","2022-09-29",51,2817,3,"7-5128173","09/29/2022"
"3072","Russia","Soviet Union","90 BTR-80","captured","https://postimg.cc/9RpV5hjH","2022-09-29",51,2818,3,"7-5128183","09/29/2022"
"3073","Russia","Soviet Union","90 BTR-80","captured","https://i.postimg.cc/0QhzJwNp/3277.png","2022-09-29",51,2819,3,"7-5128193","09/29/2022"
"3074","Russia","Soviet Union","90 BTR-80","captured","https://i.postimg.cc/0yN9bKkZ/3d13.png","2022-09-29",51,2820,3,"7-5128203","09/29/2022"
"3075","Russia","Soviet Union","90 BTR-80","captured","https://i.postimg.cc/9f4K0M1q/443f.png","2022-09-29",51,2821,3,"7-5128213","09/29/2022"
"3076","Russia","Soviet Union","90 BTR-80","captured","https://i.postimg.cc/XY0603X9/137.png","2022-09-29",51,2822,3,"7-5128223","09/29/2022"
"3077","Russia","Soviet Union","90 BTR-80","captured","https://i.postimg.cc/4d5xY5FN/f2f.png","2022-09-29",51,2823,3,"7-5128233","09/29/2022"
"3078","Russia","Soviet Union","90 BTR-80","captured","https://i.postimg.cc/qqpsFB3j/4313.png","2022-09-29",51,2824,3,"7-5128243","09/29/2022"
"3079","Russia","Soviet Union","90 BTR-80","captured","https://i.postimg.cc/hPp61ynw/4156.png","2022-09-29",51,2825,3,"7-5128253","09/29/2022"
"3080","Russia","Soviet Union","90 BTR-80","captured","https://i.postimg.cc/fTH27N6P/5t.png","2022-09-29",51,2826,3,"7-5128263","09/29/2022"
"3081","Russia","Soviet Union","90 BTR-80","captured","https://i.postimg.cc/sDsVMgDk/541.png","2022-09-29",51,2827,3,"7-5128273","09/29/2022"
"3082","Russia","Soviet Union","90 BTR-80","captured","https://i.postimg.cc/GmYjgxws/498.png","2022-09-29",51,2828,3,"7-5128283","09/29/2022"
"3083","Russia","Soviet Union","90 BTR-80","captured","https://i.postimg.cc/8kWxq31m/122.png","2022-09-29",51,2829,3,"7-5128293","09/29/2022"
"3084","Russia","Soviet Union","90 BTR-80","captured","https://i.postimg.cc/C1k9VdkN/48.png","2022-09-29",51,2830,3,"7-5128303","09/29/2022"
"3085","Russia","Soviet Union","90 BTR-80","captured","https://i.postimg.cc/KzCX8xb5/f68.png","2022-09-29",51,2831,3,"7-5128313","09/29/2022"
"3086","Russia","Soviet Union","90 BTR-80","captured","https://i.postimg.cc/HLN2m7X7/b55.jpg","2022-09-29",51,2832,3,"7-5128323","09/29/2022"
"3087","Russia","Soviet Union","90 BTR-80","captured","https://postimg.cc/XZ3JnzqY","2022-09-29",51,2833,3,"7-5128333","09/29/2022"
"3088","Russia","Soviet Union","90 BTR-80","captured","https://i.postimg.cc/FKnhWXjZ/431.jpg","2022-09-29",51,2834,3,"7-5128343","09/29/2022"
"3089","Russia","Soviet Union","90 BTR-80","captured","https://i.postimg.cc/cC1Jr9bf/3322.jpg","2022-09-29",51,2835,3,"7-5128353","09/29/2022"
"3090","Russia","Soviet Union","90 BTR-80","captured","https://i.postimg.cc/858P5L8g/Screenshot-8471.png","2022-09-29",51,2836,3,"7-5128363","09/29/2022"
"3091","Russia","Soviet Union","90 BTR-80","captured","https://i.postimg.cc/8cymMnKf/4433.png","2022-09-29",51,2837,3,"7-5128373","09/29/2022"
"3092","Russia","Soviet Union","90 BTR-80","captured","https://i.postimg.cc/J7gs84ZC/456.png","2022-09-29",51,2838,3,"7-5128383","09/29/2022"
"3093","Russia","Soviet Union","90 BTR-80","captured","https://i.postimg.cc/15nsWPhH/67.png","2022-09-29",51,2839,3,"7-5128393","09/29/2022"
"3094","Russia","Soviet Union","90 BTR-80","captured","https://i.postimg.cc/8krZNc9h/545.png","2022-09-29",51,2840,3,"7-5128403","09/29/2022"
"3095","Russia","Soviet Union","90 BTR-80","captured","https://i.postimg.cc/zvHPLhtq/1002-btr80.jpg","2022-09-29",51,2841,3,"7-5128413","09/29/2022"
"3096","Russia","Soviet Union","90 BTR-80","captured","https://i.postimg.cc/6Qbd5XZD/1001-btr80.jpg","2022-09-29",51,2842,3,"7-5128423","09/29/2022"
"3097","Russia","Soviet Union","90 BTR-80","captured","https://i.postimg.cc/J7gs84ZC/456.png","2022-09-29",51,2838,3,"7-5128383","09/29/2022"
"3098","Russia","Soviet Union","90 BTR-80","captured","https://i.postimg.cc/X7cbbJ2p/1002-BTR80.jpg","2022-09-29",51,2843,3,"7-5128433","09/29/2022"
"3099","Russia","Soviet Union","90 BTR-80","captured","https://twitter.com/UAWeapons/status/1567266909757792256","2022-09-29",51,2844,3,"7-5128443","09/29/2022"
"3100","Russia","Soviet Union","90 BTR-80","captured","https://i.postimg.cc/RVHNwcb6/1045-btr80.jpg","2022-09-29",51,2845,3,"7-5128453","09/29/2022"
"3101","Russia","Soviet Union","90 BTR-80","captured","https://i.postimg.cc/mDzdbQLf/1019-btr80.jpg","2022-09-29",51,2846,3,"7-5128463","09/29/2022"
"3102","Russia","Soviet Union","90 BTR-80","captured","https://twitter.com/UAWeapons/status/1568204161782620164","2022-09-29",51,2847,3,"7-5128473","09/29/2022"
"3103","Russia","Soviet Union","90 BTR-80","captured","https://i.postimg.cc/cCtyQKLn/1020-btr80.jpg","2022-09-29",51,2848,3,"7-5128483","09/29/2022"
"3104","Russia","Soviet Union","90 BTR-80","captured","https://i.postimg.cc/j5g8zKFp/1018-btr80.jpg","2022-09-29",51,2849,3,"7-5128493","09/29/2022"
"3105","Russia","Soviet Union","90 BTR-80","captured","https://twitter.com/UAWeapons/status/1569414094624538628","2022-09-29",51,1224,3,"7-5112243","09/29/2022"
"3106","Russia","Soviet Union","90 BTR-80","captured","https://i.postimg.cc/fyDKv0cc/1021.jpg","2022-09-29",51,2850,3,"7-5128503","09/29/2022"
"3107","Russia","Soviet Union","90 BTR-80","captured","https://twitter.com/UAWeapons/status/1570030472595644419","2022-09-29",51,2851,3,"7-5128513","09/29/2022"
"3108","Russia","Soviet Union","90 BTR-80","captured","https://i.postimg.cc/brdKgYVh/1007-btr80.jpg","2022-09-29",51,2852,3,"7-5128523","09/29/2022"
"3109","Russia","Soviet Union","90 BTR-80","captured","https://twitter.com/UAWeapons/status/1572155780698341376","2022-09-29",51,1233,3,"7-5112333","09/29/2022"
"3110","Russia","Soviet Union","90 BTR-80","captured","https://i.postimg.cc/pVZ3zcqT/2022-09-19-BTR-80.jpg","2022-09-29",51,2853,3,"7-5128533","09/29/2022"
"3111","Russia","Russia","41 Unknown BTR-80/BTR-82A","destroyed","https://i.postimg.cc/mgK888Mz/79.png","2022-09-29",52,2854,1,"7-5228541","09/29/2022"
"3112","Russia","Russia","41 Unknown BTR-80/BTR-82A","destroyed","https://twitter.com/UAWeapons/status/1510672889812594690","2022-09-29",52,2855,1,"7-5228551","09/29/2022"
"3113","Russia","Russia","41 Unknown BTR-80/BTR-82A","destroyed","https://twitter.com/UAWeapons/status/1513475137940574210","2022-09-29",52,2856,1,"7-5228561","09/29/2022"
"3114","Russia","Russia","41 Unknown BTR-80/BTR-82A","destroyed","https://i.postimg.cc/MHF5v47b/31.jpg","2022-09-29",52,2857,1,"7-5228571","09/29/2022"
"3115","Russia","Russia","41 Unknown BTR-80/BTR-82A","destroyed","https://twitter.com/UAWeapons/status/1515317934733803525","2022-09-29",52,2858,1,"7-5228581","09/29/2022"
"3116","Russia","Russia","41 Unknown BTR-80/BTR-82A","destroyed","https://i.postimg.cc/zXRyKzg8/43.jpg","2022-09-29",52,2859,1,"7-5228591","09/29/2022"
"3117","Russia","Russia","41 Unknown BTR-80/BTR-82A","destroyed","https://i.postimg.cc/yNM6kXQB/874.jpg","2022-09-29",52,2860,1,"7-5228601","09/29/2022"
"3118","Russia","Russia","41 Unknown BTR-80/BTR-82A","destroyed","https://i.postimg.cc/WzS9T9HX/771.jpg","2022-09-29",52,2861,1,"7-5228611","09/29/2022"
"3119","Russia","Russia","41 Unknown BTR-80/BTR-82A","destroyed","https://i.postimg.cc/xCZChY0R/r4.png","2022-09-29",52,2862,1,"7-5228621","09/29/2022"
"3120","Russia","Russia","41 Unknown BTR-80/BTR-82A","destroyed","https://i.postimg.cc/85J0GQ84/u2.jpg","2022-09-29",52,2863,1,"7-5228631","09/29/2022"
"3121","Russia","Russia","41 Unknown BTR-80/BTR-82A","destroyed","https://twitter.com/UAWeapons/status/1521908181542260738","2022-09-29",52,2864,1,"7-5228641","09/29/2022"
"3122","Russia","Russia","41 Unknown BTR-80/BTR-82A","destroyed","https://i.postimg.cc/7YyKnSxV/1000.jpg","2022-09-29",52,2865,1,"7-5228651","09/29/2022"
"3123","Russia","Russia","41 Unknown BTR-80/BTR-82A","destroyed","https://i.postimg.cc/mrNXFBqb/f3.jpg","2022-09-29",52,2866,1,"7-5228661","09/29/2022"
"3124","Russia","Russia","41 Unknown BTR-80/BTR-82A","destroyed","https://twitter.com/UAWeapons/status/1523774073813168129","2022-09-29",52,1158,1,"7-5211581","09/29/2022"
"3125","Russia","Russia","41 Unknown BTR-80/BTR-82A","destroyed","https://twitter.com/UAWeapons/status/1528848223519088644","2022-09-29",52,2867,1,"7-5228671","09/29/2022"
"3126","Russia","Russia","41 Unknown BTR-80/BTR-82A","destroyed","https://i.postimg.cc/G35SRpK4/221.jpg","2022-09-29",52,2868,1,"7-5228681","09/29/2022"
"3127","Russia","Russia","41 Unknown BTR-80/BTR-82A","destroyed","https://twitter.com/UAWeapons/status/1533153833999908866","2022-09-29",52,2869,1,"7-5228691","09/29/2022"
"3128","Russia","Russia","41 Unknown BTR-80/BTR-82A","destroyed","https://i.postimg.cc/mgLD6RbM/d33.jpg","2022-09-29",52,2870,1,"7-5228701","09/29/2022"
"3129","Russia","Russia","41 Unknown BTR-80/BTR-82A","destroyed","https://twitter.com/RALee85/status/1539919095671537664","2022-09-29",52,2871,1,"7-5228711","09/29/2022"
"3130","Russia","Russia","41 Unknown BTR-80/BTR-82A","destroyed","https://twitter.com/UAWeapons/status/1541042563255238656","2022-09-29",52,2872,1,"7-5228721","09/29/2022"
"3131","Russia","Russia","41 Unknown BTR-80/BTR-82A","destroyed","https://i.postimg.cc/tChd4VCG/4g.png","2022-09-29",52,2873,1,"7-5228731","09/29/2022"
"3132","Russia","Russia","41 Unknown BTR-80/BTR-82A","destroyed","https://i.postimg.cc/fb5RL39Q/1001.jpg","2022-09-29",52,2874,1,"7-5228741","09/29/2022"
"3133","Russia","Russia","41 Unknown BTR-80/BTR-82A","destroyed","https://twitter.com/UAWeapons/status/1546837916260892672","2022-09-29",52,2875,1,"7-5228751","09/29/2022"
"3134","Russia","Russia","41 Unknown BTR-80/BTR-82A","destroyed","https://twitter.com/UAWeapons/status/1547293335693443073","2022-09-29",52,2876,1,"7-5228761","09/29/2022"
"3135","Russia","Russia","41 Unknown BTR-80/BTR-82A","destroyed","https://twitter.com/RALee85/status/1549446821092679680","2022-09-29",52,2877,1,"7-5228771","09/29/2022"
"3136","Russia","Russia","41 Unknown BTR-80/BTR-82A","destroyed","https://i.postimg.cc/vmkdmwd2/1007.jpg","2022-09-29",52,2878,1,"7-5228781","09/29/2022"
"3137","Russia","Russia","41 Unknown BTR-80/BTR-82A","destroyed","https://twitter.com/RALee85/status/1560008324124385281","2022-09-29",52,1059,1,"7-5210591","09/29/2022"
"3138","Russia","Russia","41 Unknown BTR-80/BTR-82A","destroyed","https://i.postimg.cc/PfM4NLzZ/1001-btr.jpg","2022-09-29",52,2879,1,"7-5228791","09/29/2022"
"3139","Russia","Russia","41 Unknown BTR-80/BTR-82A","destroyed","https://i.postimg.cc/BnzNsd5V/1003-btr.jpg","2022-09-29",52,2880,1,"7-5228801","09/29/2022"
"3140","Russia","Russia","41 Unknown BTR-80/BTR-82A","destroyed","https://i.postimg.cc/qvQ6qcjz/1000-unkn-btr.jpg","2022-09-29",52,2881,1,"7-5228811","09/29/2022"
"3141","Russia","Russia","41 Unknown BTR-80/BTR-82A","destroyed","https://i.postimg.cc/4dM9Zzsj/1007-unkn-btr.jpg","2022-09-29",52,2882,1,"7-5228821","09/29/2022"
"3142","Russia","Russia","41 Unknown BTR-80/BTR-82A","destroyed","https://i.postimg.cc/RFWjZs8p/1004-btr.jpg","2022-09-29",52,2883,1,"7-5228831","09/29/2022"
"3143","Russia","Russia","41 Unknown BTR-80/BTR-82A","destroyed","https://twitter.com/UAWeapons/status/1569658125824786434","2022-09-29",52,2884,1,"7-5228841","09/29/2022"
"3144","Russia","Russia","41 Unknown BTR-80/BTR-82A","damaged","https://twitter.com/UAWeapons/status/1570482813857837056","2022-09-29",52,2885,4,"7-5228854","09/29/2022"
"3145","Russia","Russia","41 Unknown BTR-80/BTR-82A","damaged","https://twitter.com/UAWeapons/status/1521908181542260738","2022-09-29",52,2864,4,"7-5228644","09/29/2022"
"3146","Russia","Russia","41 Unknown BTR-80/BTR-82A","abandoned","https://twitter.com/UAWeapons/status/1521908181542260738","2022-09-29",52,2864,2,"7-5228642","09/29/2022"
"3147","Russia","Russia","41 Unknown BTR-80/BTR-82A","abandoned","https://i.postimg.cc/Wzwjm3MY/317.png","2022-09-29",52,2886,2,"7-5228862","09/29/2022"
"3148","Russia","Russia","41 Unknown BTR-80/BTR-82A","abandoned","https://i.postimg.cc/5yXs16gn/89.png","2022-09-29",52,2887,2,"7-5228872","09/29/2022"
"3149","Russia","Soviet Union","BTR-D","destroyed","https://i.postimg.cc/J4crJP7d/46.png","2022-09-29",53,2888,1,"7-5328881","09/29/2022"
"3150","Russia","Soviet Union","BTR-D","destroyed","https://i.postimg.cc/T2VG5ZJL/x3.jpg","2022-09-29",53,2889,1,"7-5328891","09/29/2022"
"3151","Russia","Soviet Union","BTR-D","destroyed","https://i.postimg.cc/hvBB3rct/x2.jpg","2022-09-29",53,2890,1,"7-5328901","09/29/2022"
"3152","Russia","Soviet Union","BTR-D","destroyed","https://i.postimg.cc/kgBKhrFT/884.png","2022-09-29",53,2891,1,"7-5328911","09/29/2022"
"3153","Russia","Soviet Union","BTR-D","destroyed","https://i.postimg.cc/KjyWxc2f/g59.png","2022-09-29",53,2892,1,"7-5328921","09/29/2022"
"3154","Russia","Soviet Union","BTR-D","destroyed","https://i.postimg.cc/fbFRg9Zx/1074-BTR-D.jpg","2022-09-29",53,2893,1,"7-5328931","09/29/2022"
"3155","Russia","Soviet Union","BTR-D","destroyed","https://i.postimg.cc/xjGW8VcZ/46.jpg","2022-09-29",53,2894,1,"7-5328941","09/29/2022"
"3156","Russia","Soviet Union","BTR-D","destroyed","https://i.postimg.cc/85fDZzJD/b6.jpg","2022-09-29",53,2895,1,"7-5328951","09/29/2022"
"3157","Russia","Soviet Union","BTR-D","destroyed","https://i.postimg.cc/MKSxYxW2/b5.jpg","2022-09-29",53,2896,1,"7-5328961","09/29/2022"
"3158","Russia","Soviet Union","BTR-D","destroyed","https://twitter.com/UAWeapons/status/1547270777887723524","2022-09-29",53,2427,1,"7-5324271","09/29/2022"
"3159","Russia","Soviet Union","BTR-D","destroyed","https://i.postimg.cc/RhC9cVD4/1021.jpg","2022-09-29",53,2897,1,"7-5328971","09/29/2022"
"3160","Russia","Soviet Union","BTR-D","destroyed","https://i.postimg.cc/gc8hBDvp/1037-BTR-D.jpg","2022-09-29",53,2898,1,"7-5328981","09/29/2022"
"3161","Russia","Soviet Union","BTR-D","destroyed","https://i.postimg.cc/1Xxr1wxj/332.jpg","2022-09-29",53,2899,1,"7-5328991","09/29/2022"
"3162","Russia","Soviet Union","BTR-D","destroyed","https://i.postimg.cc/Pq7LBz1K/1006-BMD-2.jpg","2022-09-29",53,2900,1,"7-5329001","09/29/2022"
"3163","Russia","Soviet Union","BTR-D","destroyed","https://i.postimg.cc/pTY35w0p/1075-BTR-D.jpg","2022-09-29",53,2901,1,"7-5329011","09/29/2022"
"3164","Russia","Soviet Union","BTR-D","destroyed","https://i.postimg.cc/mZzhXsLz/1011.png","2022-09-29",53,2902,1,"7-5329021","09/29/2022"
"3165","Russia","Soviet Union","BTR-D","destroyed","https://i.postimg.cc/4xXtmrZG/1024.jpg","2022-09-29",53,2903,1,"7-5329031","09/29/2022"
"3166","Russia","Soviet Union","BTR-D","destroyed","https://i.postimg.cc/7ZqZP87y/1025.jpg","2022-09-29",53,2904,1,"7-5329041","09/29/2022"
"3167","Russia","Soviet Union","BTR-D","destroyed","https://i.postimg.cc/DfbZBcFR/1026.jpg","2022-09-29",53,2905,1,"7-5329051","09/29/2022"
"3168","Russia","Soviet Union","BTR-D","destroyed","https://i.postimg.cc/pXy1P5t9/1076-BTR-D.jpg","2022-09-29",53,2906,1,"7-5329061","09/29/2022"
"3169","Russia","Soviet Union","BTR-D","destroyed","https://twitter.com/Blue_Sauron/status/1546990793033977856","2022-09-29",53,2907,1,"7-5329071","09/29/2022"
"3170","Russia","Soviet Union","BTR-D","destroyed","https://twitter.com/UAWeapons/status/1551972189955555332","2022-09-29",53,2908,1,"7-5329081","09/29/2022"
"3171","Russia","Soviet Union","BTR-D","destroyed","https://i.postimg.cc/7hrBH0XB/dg.png","2022-09-29",53,2909,1,"7-5329091","09/29/2022"
"3172","Russia","Soviet Union","BTR-D","destroyed","https://i.postimg.cc/yYZnkK9z/1012-BTR-D.jpg","2022-09-29",53,2910,1,"7-5329101","09/29/2022"
"3173","Russia","Soviet Union","BTR-D","destroyed","https://i.postimg.cc/dtFCMyBy/1038-BTR-D.jpg","2022-09-29",53,2911,1,"7-5329111","09/29/2022"
"3174","Russia","Soviet Union","BTR-D","destroyed","https://i.postimg.cc/1z8n0c9L/1039-BTR-D.jpg","2022-09-29",53,2912,1,"7-5329121","09/29/2022"
"3175","Russia","Soviet Union","BTR-D","destroyed","https://i.postimg.cc/rwFts27y/1041-BTR-D.jpg","2022-09-29",53,2913,1,"7-5329131","09/29/2022"
"3176","Russia","Soviet Union","BTR-D","destroyed","https://i.postimg.cc/vZqx6Sdr/1042-BTR-D.jpg","2022-09-29",53,2914,1,"7-5329141","09/29/2022"
"3177","Russia","Soviet Union","BTR-D","destroyed","https://i.postimg.cc/SsT7PVRg/1077-BTR-D.jpg","2022-09-29",53,2915,1,"7-5329151","09/29/2022"
"3178","Russia","Soviet Union","BTR-D","destroyed","https://i.postimg.cc/CLHdL5Hg/1078-BTR-D.jpg","2022-09-29",53,2916,1,"7-5329161","09/29/2022"
"3179","Russia","Soviet Union","BTR-D","destroyed","https://i.postimg.cc/v82r98q8/g54.jpg","2022-09-29",53,2917,1,"7-5329171","09/29/2022"
"3180","Russia","Soviet Union","BTR-D","abandoned","https://postimg.cc/14zY5RHW","2022-09-29",53,2918,2,"7-5329182","09/29/2022"
"3181","Russia","Soviet Union","BTR-D","abandoned","https://postimg.cc/xXL6FXfd","2022-09-29",53,2919,2,"7-5329192","09/29/2022"
"3182","Russia","Soviet Union","BTR-D","abandoned","https://i.postimg.cc/P5grPQ3H/4fj.png","2022-09-29",53,2920,2,"7-5329202","09/29/2022"
"3183","Russia","Soviet Union","BTR-D","abandoned","https://i.postimg.cc/zGYyLF60/38.png","2022-09-29",53,2921,2,"7-5329212","09/29/2022"
"3184","Russia","Soviet Union","BTR-D","abandoned","https://i.postimg.cc/MpyZQtQY/d12.jpg","2022-09-29",53,2922,2,"7-5329222","09/29/2022"
"3185","Russia","Soviet Union","BTR-D","damaged","https://i.postimg.cc/L6V1m8C0/1040-BTR-D.jpg","2022-09-29",53,2923,4,"7-5329234","09/29/2022"
"3186","Russia","Soviet Union","BTR-D","captured","https://i.postimg.cc/L6V1m8C0/1040-BTR-D.jpg","2022-09-29",53,2923,3,"7-5329233","09/29/2022"
"3187","Russia","Soviet Union","BTR-D","damaged","https://i.postimg.cc/9QZR97zk/7799.png","2022-09-29",53,2924,4,"7-5329244","09/29/2022"
"3188","Russia","Soviet Union","BTR-D","captured","https://i.postimg.cc/9QZR97zk/7799.png","2022-09-29",53,2924,3,"7-5329243","09/29/2022"
"3189","Russia","Soviet Union","BTR-D","captured","https://i.postimg.cc/Bnsmsrsf/5426.png","2022-09-29",53,2925,3,"7-5329253","09/29/2022"
"3190","Russia","Soviet Union","BTR-D","captured","https://i.postimg.cc/v8kQ5d8Z/4790.png","2022-09-29",53,2926,3,"7-5329263","09/29/2022"
"3191","Russia","Soviet Union","BTR-D","captured","https://i.postimg.cc/tgPskW5T/f5.png","2022-09-29",53,2927,3,"7-5329273","09/29/2022"
"3192","Russia","Soviet Union","BTR-D","captured","https://i.postimg.cc/hvHyhF8f/d3.png","2022-09-29",53,2928,3,"7-5329283","09/29/2022"
"3193","Russia","Soviet Union","BTR-D","captured","https://i.postimg.cc/Y9V7fHyY/j1.jpg","2022-09-29",53,2929,3,"7-5329293","09/29/2022"
"3194","Russia","Soviet Union","BTR-D","captured","https://i.postimg.cc/bN80m24w/6688.png","2022-09-29",53,2930,3,"7-5329303","09/29/2022"
"3195","Russia","Soviet Union","BTR-D","captured","https://i.postimg.cc/dt5X2Dt3/Screenshot-8647.png","2022-09-29",53,2931,3,"7-5329313","09/29/2022"
"3196","Russia","Soviet Union","BTR-D","captured","https://i.postimg.cc/cC5Xg9fm/b77.jpg","2022-09-29",53,2932,3,"7-5329323","09/29/2022"
"3197","Russia","Soviet Union","BTR-D","captured","https://i.postimg.cc/MK9vRkMx/vbb.jpg","2022-09-29",53,2933,3,"7-5329333","09/29/2022"
"3198","Russia","Soviet Union","BTR-D","captured","https://i.postimg.cc/1tcPVmD9/4435.jpg","2022-09-29",53,2377,3,"7-5323773","09/29/2022"
"3199","Russia","Soviet Union","BTR-D","captured","https://i.postimg.cc/R0wx2Ssc/44ff.jpg","2022-09-29",53,2934,3,"7-5329343","09/29/2022"
"3200","Russia","Soviet Union","BTR-D","captured","https://i.postimg.cc/43R2jzh3/441.png","2022-09-29",53,2935,3,"7-5329353","09/29/2022"
"3201","Russia","Soviet Union","BTR-D","captured","https://i.postimg.cc/VNsLBfRz/c2.png","2022-09-29",53,2936,3,"7-5329363","09/29/2022"
"3202","Russia","Soviet Union","BTR-D","captured","https://i.postimg.cc/vmpSy8RR/312.png","2022-09-29",53,2937,3,"7-5329373","09/29/2022"
"3203","Russia","Soviet Union","BTR-D","captured","https://i.postimg.cc/BQGX0HFp/1079-BTR-D.jpg","2022-09-29",53,2938,3,"7-5329383","09/29/2022"
"3204","Russia","Soviet Union","BTR-D","captured","https://i.postimg.cc/HkR9NQYF/1004-btr-d.jpg","2022-09-29",53,2939,3,"7-5329393","09/29/2022"
"3205","Russia","Soviet Union","BTR-D","captured","https://twitter.com/UAWeapons/status/1567468458580889600","2022-09-29",53,2121,3,"7-5321213","09/29/2022"
"3206","Russia","Soviet Union","BTR-D","captured","https://i.postimg.cc/qMtZ2zLN/1022-btr-d.jpg","2022-09-29",53,2940,3,"7-5329403","09/29/2022"
"3207","Russia","Russia","BTR-MDM 'Rakushka'","destroyed","https://i.postimg.cc/13fFqqxf/h7.jpg","2022-09-29",54,2513,1,"7-5425131","09/29/2022"
"3208","Russia","Russia","BTR-MDM 'Rakushka'","destroyed","https://postimg.cc/7GfzWswh","2022-09-29",54,2512,1,"7-5425121","09/29/2022"
"3209","Russia","Russia","BTR-MDM 'Rakushka'","destroyed","https://i.postimg.cc/Y2TPg5L4/32d.png","2022-09-29",54,2941,1,"7-5429411","09/29/2022"
"3210","Russia","Russia","BTR-MDM 'Rakushka'","destroyed","https://twitter.com/UAWeapons/status/1547270777887723524","2022-09-29",54,2427,1,"7-5424271","09/29/2022"
"3211","Russia","Russia","BTR-MDM 'Rakushka'","damaged","https://i.postimg.cc/BQty5xVw/4fn.png","2022-09-29",54,2942,4,"7-5429424","09/29/2022"
"3212","Russia","Russia","BTR-MDM 'Rakushka'","captured","https://i.postimg.cc/NFVY72Sw/g6.jpg","2022-09-29",54,2943,3,"7-5429433","09/29/2022"
"3213","Russia","Russia","BTR-MDM 'Rakushka'","captured","https://i.postimg.cc/2y3rZ7Hw/g7.jpg","2022-09-29",54,2944,3,"7-5429443","09/29/2022"
"3214","Russia","Russia","BTR-MDM 'Rakushka'","captured","https://i.postimg.cc/Jnrcqk0T/7764.png","2022-09-29",54,2945,3,"7-5429453","09/29/2022"
"3215","Russia","Russia","BTR-MDM 'Rakushka'","captured","https://i.postimg.cc/5tFT4FC5/ml.jpg","2022-09-29",54,2946,3,"7-5429463","09/29/2022"
"3216","Russia","Russia","BTR-MDM 'Rakushka'","captured","https://i.postimg.cc/zGLz9Tv7/g66.jpg","2022-09-29",54,2461,3,"7-5424613","09/29/2022"
"3217","Russia","Russia","BTR-MDM 'Rakushka'","captured","https://i.postimg.cc/Yq5ZCF8b/d1.png","2022-09-29",54,2947,3,"7-5429473","09/29/2022"
"3218","Russia","Russia","KamAZ-63968 Typhoon","destroyed","https://i.postimg.cc/44F652Md/nd.jpg","2022-09-29",55,2948,1,"7-5529481","09/29/2022"
"3219","Russia","Russia","KamAZ-63968 Typhoon","destroyed","https://i.postimg.cc/Y99X7XjX/43f.png","2022-09-29",55,2949,1,"7-5529491","09/29/2022"
"3220","Russia","Russia","KamAZ-63968 Typhoon","destroyed","https://i.postimg.cc/0yYrBkVz/d13.png","2022-09-29",55,2950,1,"7-5529501","09/29/2022"
"3221","Russia","Russia","KamAZ-63968 Typhoon","destroyed","https://i.postimg.cc/GhkB8z1W/3321.jpg","2022-09-29",55,2951,1,"7-5529511","09/29/2022"
"3222","Russia","Russia","KamAZ-63968 Typhoon","destroyed","https://i.postimg.cc/tTNphcWJ/57.jpg","2022-09-29",55,2952,1,"7-5529521","09/29/2022"
"3223","Russia","Russia","KamAZ-63968 Typhoon","destroyed","https://i.postimg.cc/y8SXjyQb/5880.png","2022-09-29",55,2953,1,"7-5529531","09/29/2022"
"3224","Russia","Russia","KamAZ-63968 Typhoon","destroyed","https://i.postimg.cc/hGNHtKPV/3d2.jpg","2022-09-29",55,2954,1,"7-5529541","09/29/2022"
"3225","Russia","Russia","KamAZ-63968 Typhoon","destroyed","https://i.postimg.cc/ZKs0qcNB/2022-09-19-Typhoon.jpg","2022-09-29",55,2955,1,"7-5529551","09/29/2022"
"3226","Russia","Russia","KamAZ-63968 Typhoon","damaged","https://i.postimg.cc/KjxFyJC2/48.jpg","2022-09-29",55,2956,4,"7-5529564","09/29/2022"
"3227","Russia","Russia","KamAZ-63968 Typhoon","damaged","https://i.postimg.cc/Kjr4dzfx/t11.jpg","2022-09-29",55,2957,4,"7-5529574","09/29/2022"
"3228","Russia","Russia","KamAZ-63968 Typhoon","damaged","https://i.postimg.cc/g0gcjCG4/1005-Kam-AZ-63968-Typhoon.jpg","2022-09-29",55,2958,4,"7-5529584","09/29/2022"
"3229","Russia","Russia","KamAZ-63968 Typhoon","abandoned","https://i.postimg.cc/g0gcjCG4/1005-Kam-AZ-63968-Typhoon.jpg","2022-09-29",55,2958,2,"7-5529582","09/29/2022"
"3230","Russia","Russia","KamAZ-63968 Typhoon","captured","https://postlmg.cc/sGfMhkCN","2022-09-29",55,2959,3,"7-5529593","09/29/2022"
"3231","Russia","Russia","KamAZ-63968 Typhoon","captured","https://i.postimg.cc/zBj0BNB9/4f7.png","2022-09-29",55,2960,3,"7-5529603","09/29/2022"
"3232","Russia","Russia","KamAZ-63968 Typhoon","captured","https://i.postimg.cc/8PWQX1wY/433.jpg","2022-09-29",55,2961,3,"7-5529613","09/29/2022"
"3233","Russia","Russia","KamAZ-63968 Typhoon","captured","https://i.postimg.cc/brjsCbQm/t12.jpg","2022-09-29",55,2962,3,"7-5529623","09/29/2022"
"3234","Russia","Russia","KamAZ-63968 Typhoon","captured","https://twitter.com/UAWeapons/status/1575040036667793419","2022-09-29",55,2963,3,"7-5529633","09/29/2022"
"3235","Russia","Russia","KamAZ-435029 Patrol-A","destroyed","https://i.postimg.cc/LshXQWpN/1000-Kam-AZ-435029-Patrol-A.jpg","2022-09-29",56,2964,1,"7-5629641","09/29/2022"
"3236","Russia","Russia","KamAZ-435029 Patrol-A","damaged","https://twitter.com/UAWeapons/status/1542239547156795393","2022-09-29",56,2965,4,"7-5629654","09/29/2022"
"3237","Russia","Russia","9 K-53949 Typhoon-K","destroyed","https://i.postimg.cc/vTpj86LK/ff4.jpg","2022-09-29",57,2966,1,"7-5729661","09/29/2022"
"3238","Russia","Russia","9 K-53949 Typhoon-K","destroyed","https://i.postimg.cc/JhCMFXN9/66886.jpg","2022-09-29",57,2967,1,"7-5729671","09/29/2022"
"3239","Russia","Russia","9 K-53949 Typhoon-K","destroyed","https://postimg.cc/ZC5TRxCn","2022-09-29",57,2968,1,"7-5729681","09/29/2022"
"3240","Russia","Russia","9 K-53949 Typhoon-K","destroyed","https://i.postimg.cc/9Q7PYs4j/5770.jpg","2022-09-29",57,2969,1,"7-5729691","09/29/2022"
"3241","Russia","Russia","9 K-53949 Typhoon-K","destroyed","https://i.postimg.cc/wxwMNsf3/5g.png","2022-09-29",57,2970,1,"7-5729701","09/29/2022"
"3242","Russia","Russia","9 K-53949 Typhoon-K","destroyed","https://i.postimg.cc/x8mQYssF/1009.jpg","2022-09-29",57,2971,1,"7-5729711","09/29/2022"
"3243","Russia","Russia","9 K-53949 Typhoon-K","abandoned","https://i.postimg.cc/N0hp3Q4m/545.jpg","2022-09-29",57,2972,2,"7-5729722","09/29/2022"
"3244","Russia","Russia","9 K-53949 Typhoon-K","captured","https://i.postimg.cc/63JHwmRH/5424.png","2022-09-29",57,2973,3,"7-5729733","09/29/2022"
"3245","Russia","Russia","9 K-53949 Typhoon-K","captured","https://postimg.cc/fVK20jGS","2022-09-29",57,2974,3,"7-5729743","09/29/2022"
"3246","Russia","Russia","9 K-53949 Linza","destroyed","https://i.postimg.cc/G346XbWV/57.jpg","2022-09-29",58,2975,1,"7-5829751","09/29/2022"
"3247","Russia","Russia","9 K-53949 Linza","destroyed","https://i.postimg.cc/C5v23gVK/773.png","2022-09-29",58,2976,1,"7-5829761","09/29/2022"
"3248","Russia","Russia","9 K-53949 Linza","destroyed","https://i.postimg.cc/fL424R3C/1012-linza-mrap.jpg","2022-09-29",58,2977,1,"7-5829771","09/29/2022"
"3249","Russia","Russia","9 K-53949 Linza","destroyed","https://i.postimg.cc/Pq64ZSTH/2022-09-18-Kam-AZ-Linza.png","2022-09-29",58,2978,1,"7-5829781","09/29/2022"
"3250","Russia","Russia","9 K-53949 Linza","damaged","https://i.postimg.cc/7PCL4bbm/221.jpg","2022-09-29",58,2979,4,"7-5829794","09/29/2022"
"3251","Russia","Russia","9 K-53949 Linza","captured","https://i.postimg.cc/287ZnN3m/6h7.png","2022-09-29",58,2980,3,"7-5829803","09/29/2022"
"3252","Russia","Russia","9 K-53949 Linza","captured","https://i.postimg.cc/Bv0zVHtL/542.png","2022-09-29",58,2981,3,"7-5829813","09/29/2022"
"3253","Russia","Russia","9 K-53949 Linza","captured","https://i.postimg.cc/nrpPX8Dc/d21d.jpg","2022-09-29",58,2982,3,"7-5829823","09/29/2022"
"3254","Russia","Russia","9 K-53949 Linza","damaged","https://twitter.com/UAWeapons/status/1568899249688952833","2022-09-29",58,2983,4,"7-5829834","09/29/2022"
"3255","Russia","Russia","9 K-53949 Linza","captured","https://twitter.com/UAWeapons/status/1568899249688952833","2022-09-29",58,2983,3,"7-5829833","09/29/2022"
"3256","Russia","Russia","GAZ Tigr","destroyed","https://i.postimg.cc/mDytXpGc/4f.jpg","2022-09-29",59,2984,1,"7-5929841","09/29/2022"
"3257","Russia","Russia","GAZ Tigr","destroyed","https://i.postimg.cc/HnZYs9hn/hh4.jpg","2022-09-29",59,2985,1,"7-5929851","09/29/2022"
"3258","Russia","Russia","GAZ Tigr","destroyed","https://i.postimg.cc/d0mp66yj/i2.jpg","2022-09-29",59,2986,1,"7-5929861","09/29/2022"
"3259","Russia","Russia","GAZ Tigr","destroyed","https://i.postimg.cc/QtfPGMSB/i3.jpg","2022-09-29",59,2987,1,"7-5929871","09/29/2022"
"3260","Russia","Russia","GAZ Tigr","destroyed","https://postimg.cc/ZBNCst4J","2022-09-29",59,2988,1,"7-5929881","09/29/2022"
"3261","Russia","Russia","GAZ Tigr","abandoned","https://i.postimg.cc/mDbvhs6S/n8.png","2022-09-29",59,2989,2,"7-5929892","09/29/2022"
"3262","Russia","Russia","GAZ Tigr","captured","https://i.postimg.cc/sDRQNbwy/567.png","2022-09-29",59,2990,3,"7-5929903","09/29/2022"
"3263","Russia","Russia","GAZ Tigr","captured","https://i.postimg.cc/zBHQr6sx/34.png","2022-09-29",59,2991,3,"7-5929913","09/29/2022"
"3264","Russia","Russia","GAZ Tigr","captured","https://postlmg.cc/vxV5zM97","2022-09-29",59,2992,3,"7-5929923","09/29/2022"
"3265","Russia","Russia","GAZ Tigr","captured","https://i.postimg.cc/Zn0SMcJX/50.png","2022-09-29",59,2993,3,"7-5929933","09/29/2022"
"3266","Russia","Russia","GAZ Tigr","captured","https://i.postimg.cc/8Cwxg6XG/4g.png","2022-09-29",59,2994,3,"7-5929943","09/29/2022"
"3267","Russia","Russia","GAZ Tigr","captured","https://i.postimg.cc/yxk4V4Lv/3870.png","2022-09-29",59,2995,3,"7-5929953","09/29/2022"
"3268","Russia","Russia","GAZ Tigr","captured","https://twitter.com/UAWeapons/status/1572617375328993283","2022-09-29",59,2996,3,"7-5929963","09/29/2022"
"3269","Russia","Russia","94 GAZ Tigr-M","destroyed","https://i.postimg.cc/W1VpzFcv/5578.png","2022-09-29",60,2997,1,"7-6029971","09/29/2022"
"3270","Russia","Russia","94 GAZ Tigr-M","destroyed","https://postimg.cc/f3bh0QRp","2022-09-29",60,2998,1,"7-6029981","09/29/2022"
"3271","Russia","Russia","94 GAZ Tigr-M","destroyed","https://i.postimg.cc/RFjRh5VD/776d.png","2022-09-29",60,2999,1,"7-6029991","09/29/2022"
"3272","Russia","Russia","94 GAZ Tigr-M","destroyed","https://postimg.cc/jnsX0hVw","2022-09-29",60,3000,1,"7-6030001","09/29/2022"
"3273","Russia","Russia","94 GAZ Tigr-M","destroyed","https://i.postimg.cc/XYsxrSnW/Screenshot-8293.png","2022-09-29",60,3001,1,"7-6030011","09/29/2022"
"3274","Russia","Russia","94 GAZ Tigr-M","destroyed","https://i.postimg.cc/pVGgCB1P/449.png","2022-09-29",60,3002,1,"7-6030021","09/29/2022"
"3275","Russia","Russia","94 GAZ Tigr-M","destroyed","https://i.postimg.cc/5trrQyZ5/435.png","2022-09-29",60,3003,1,"7-6030031","09/29/2022"
"3276","Russia","Russia","94 GAZ Tigr-M","destroyed","https://i.postimg.cc/7YDqZt1H/4435.png","2022-09-29",60,3004,1,"7-6030041","09/29/2022"
"3277","Russia","Russia","94 GAZ Tigr-M","destroyed","https://i.postimg.cc/d3jBDjhh/Screenshot-8448.png","2022-09-29",60,3005,1,"7-6030051","09/29/2022"
"3278","Russia","Russia","94 GAZ Tigr-M","destroyed","https://i.postimg.cc/RCcYydQJ/790.png","2022-09-29",60,3006,1,"7-6030061","09/29/2022"
"3279","Russia","Russia","94 GAZ Tigr-M","destroyed","https://i.postimg.cc/fTK9xgtM/47.png","2022-09-29",60,3007,1,"7-6030071","09/29/2022"
"3280","Russia","Russia","94 GAZ Tigr-M","destroyed","https://i.postimg.cc/Z52pQfkG/f8.png","2022-09-29",60,3008,1,"7-6030081","09/29/2022"
"3281","Russia","Russia","94 GAZ Tigr-M","destroyed","https://i.postimg.cc/Kz7JyDzQ/5gj.png","2022-09-29",60,3009,1,"7-6030091","09/29/2022"
"3282","Russia","Russia","94 GAZ Tigr-M","destroyed","https://i.postimg.cc/cH3pwwhk/43fhl.png","2022-09-29",60,3010,1,"7-6030101","09/29/2022"
"3283","Russia","Russia","94 GAZ Tigr-M","destroyed","https://i.postimg.cc/qRSdjptb/3211.jpg","2022-09-29",60,3011,1,"7-6030111","09/29/2022"
"3284","Russia","Russia","94 GAZ Tigr-M","destroyed","https://i.postimg.cc/zXnF2gfV/446.jpg","2022-09-29",60,3012,1,"7-6030121","09/29/2022"
"3285","Russia","Russia","94 GAZ Tigr-M","destroyed","https://i.postimg.cc/WzBJPSzg/460.png","2022-09-29",60,3013,1,"7-6030131","09/29/2022"
"3286","Russia","Russia","94 GAZ Tigr-M","destroyed","https://i.postimg.cc/Y93sd2MG/h8.jpg","2022-09-29",60,3014,1,"7-6030141","09/29/2022"
"3287","Russia","Russia","94 GAZ Tigr-M","destroyed","https://i.postimg.cc/XYK8HP1p/1004.jpg","2022-09-29",60,3015,1,"7-6030151","09/29/2022"
"3288","Russia","Russia","94 GAZ Tigr-M","destroyed","https://i.postimg.cc/j5dqRyjh/331.png","2022-09-29",60,3016,1,"7-6030161","09/29/2022"
"3289","Russia","Russia","94 GAZ Tigr-M","destroyed","https://i.postimg.cc/L4gdCpk8/88.png","2022-09-29",60,3017,1,"7-6030171","09/29/2022"
"3290","Russia","Russia","94 GAZ Tigr-M","destroyed","https://i.postimg.cc/VvBfTPyv/19.png","2022-09-29",60,3018,1,"7-6030181","09/29/2022"
"3291","Russia","Russia","94 GAZ Tigr-M","destroyed","https://i.postimg.cc/GtTzQ8KR/4477.jpg","2022-09-29",60,3019,1,"7-6030191","09/29/2022"
"3292","Russia","Russia","94 GAZ Tigr-M","destroyed","https://i.postimg.cc/nhG7vjV3/g1.png","2022-09-29",60,3020,1,"7-6030201","09/29/2022"
"3293","Russia","Russia","94 GAZ Tigr-M","destroyed","https://i.postimg.cc/ZnjTtDPc/399.png","2022-09-29",60,3021,1,"7-6030211","09/29/2022"
"3294","Russia","Russia","94 GAZ Tigr-M","destroyed","https://i.postimg.cc/5yk3wHxH/b1.png","2022-09-29",60,3022,1,"7-6030221","09/29/2022"
"3295","Russia","Russia","94 GAZ Tigr-M","destroyed","https://i.postimg.cc/gjTvKXcr/r3.jpg","2022-09-29",60,3023,1,"7-6030231","09/29/2022"
"3296","Russia","Russia","94 GAZ Tigr-M","destroyed","https://i.postimg.cc/zX8cCx7r/tigr.png","2022-09-29",60,3024,1,"7-6030241","09/29/2022"
"3297","Russia","Russia","94 GAZ Tigr-M","destroyed","https://i.postimg.cc/508svzFy/tigrr.jpg","2022-09-29",60,3025,1,"7-6030251","09/29/2022"
"3298","Russia","Russia","94 GAZ Tigr-M","destroyed","https://i.postimg.cc/QNFVSr4y/97.jpg","2022-09-29",60,2551,1,"7-6025511","09/29/2022"
"3299","Russia","Russia","94 GAZ Tigr-M","destroyed","https://i.postimg.cc/bNhmHYSf/549.png","2022-09-29",60,3026,1,"7-6030261","09/29/2022"
"3300","Russia","Russia","94 GAZ Tigr-M","destroyed","https://i.postimg.cc/pLyMD2X0/76.jpg","2022-09-29",60,3027,1,"7-6030271","09/29/2022"
"3301","Russia","Russia","94 GAZ Tigr-M","destroyed","https://i.postimg.cc/1RgcKhvH/680.jpg","2022-09-29",60,3028,1,"7-6030281","09/29/2022"
"3302","Russia","Russia","94 GAZ Tigr-M","destroyed","https://i.postimg.cc/Hn8Ycb71/437.png","2022-09-29",60,3029,1,"7-6030291","09/29/2022"
"3303","Russia","Russia","94 GAZ Tigr-M","destroyed","https://i.postimg.cc/25GZskrd/t3.jpg","2022-09-29",60,3030,1,"7-6030301","09/29/2022"
"3304","Russia","Russia","94 GAZ Tigr-M","destroyed","https://i.postimg.cc/V6fv1CdW/542.jpg","2022-09-29",60,3031,1,"7-6030311","09/29/2022"
"3305","Russia","Russia","94 GAZ Tigr-M","destroyed","https://i.postimg.cc/YCBKZ6s3/35.jpg","2022-09-29",60,3032,1,"7-6030321","09/29/2022"
"3306","Russia","Russia","94 GAZ Tigr-M","destroyed","https://i.postimg.cc/pdkwmgXG/36.jpg","2022-09-29",60,3033,1,"7-6030331","09/29/2022"
"3307","Russia","Russia","94 GAZ Tigr-M","destroyed","https://i.postimg.cc/3xC4LdKt/5411.png","2022-09-29",60,3034,1,"7-6030341","09/29/2022"
"3308","Russia","Russia","94 GAZ Tigr-M","destroyed","https://i.postimg.cc/Njf2pyQg/776j.jpg","2022-09-29",60,3035,1,"7-6030351","09/29/2022"
"3309","Russia","Russia","94 GAZ Tigr-M","destroyed","https://i.postimg.cc/zv620mgN/3f.jpg","2022-09-29",60,3036,1,"7-6030361","09/29/2022"
"3310","Russia","Russia","94 GAZ Tigr-M","destroyed","https://twitter.com/UAWeapons/status/1521088343303503878","2022-09-29",60,3037,1,"7-6030371","09/29/2022"
"3311","Russia","Russia","94 GAZ Tigr-M","destroyed","https://i.postimg.cc/h4YtYd47/4f2.jpg","2022-09-29",60,3038,1,"7-6030381","09/29/2022"
"3312","Russia","Russia","94 GAZ Tigr-M","destroyed","https://i.postimg.cc/8zr7qTDS/34.jpg","2022-09-29",60,3039,1,"7-6030391","09/29/2022"
"3313","Russia","Russia","94 GAZ Tigr-M","destroyed","https://i.postimg.cc/C5bQ7F9P/4f2.png","2022-09-29",60,3040,1,"7-6030401","09/29/2022"
"3314","Russia","Russia","94 GAZ Tigr-M","destroyed","https://twitter.com/UAWeapons/status/1540437582504493056","2022-09-29",60,3041,1,"7-6030411","09/29/2022"
"3315","Russia","Russia","94 GAZ Tigr-M","destroyed","https://twitter.com/UAWeapons/status/1542867352118870023","2022-09-29",60,3042,1,"7-6030421","09/29/2022"
"3316","Russia","Russia","94 GAZ Tigr-M","destroyed","https://i.postimg.cc/cJscVcPT/1005.jpg","2022-09-29",60,3043,1,"7-6030431","09/29/2022"
"3317","Russia","Russia","94 GAZ Tigr-M","destroyed","https://i.postimg.cc/266BKyzf/1005.jpg","2022-09-29",60,3044,1,"7-6030441","09/29/2022"
"3318","Russia","Russia","94 GAZ Tigr-M","destroyed","https://postimg.cc/PLB8Zct7","2022-09-29",60,3045,1,"7-6030451","09/29/2022"
"3319","Russia","Russia","94 GAZ Tigr-M","destroyed","https://twitter.com/RALee85/status/1558454515820535808","2022-09-29",60,3046,1,"7-6030461","09/29/2022"
"3320","Russia","Russia","94 GAZ Tigr-M","destroyed","https://i.postimg.cc/vZRf920n/t1.jpg","2022-09-29",60,3047,1,"7-6030471","09/29/2022"
"3321","Russia","Russia","94 GAZ Tigr-M","destroyed","https://i.postimg.cc/qv8nGcF5/t2.jpg","2022-09-29",60,3048,1,"7-6030481","09/29/2022"
"3322","Russia","Russia","94 GAZ Tigr-M","destroyed","https://i.postimg.cc/QxmWhD7V/1084-Tigr-M.jpg","2022-09-29",60,3049,1,"7-6030491","09/29/2022"
"3323","Russia","Russia","94 GAZ Tigr-M","destroyed","https://i.postimg.cc/9QfwfkPb/1085-Tigr-M.jpg","2022-09-29",60,3050,1,"7-6030501","09/29/2022"
"3324","Russia","Russia","94 GAZ Tigr-M","destroyed","https://twitter.com/UAWeapons/status/1561765335904260098","2022-09-29",60,3051,1,"7-6030511","09/29/2022"
"3325","Russia","Russia","94 GAZ Tigr-M","destroyed","https://twitter.com/UAWeapons/status/1568552147821764610","2022-09-29",60,3052,1,"7-6030521","09/29/2022"
"3326","Russia","Russia","94 GAZ Tigr-M","destroyed","https://postimg.cc/ZCGsX68Z","2022-09-29",60,3053,1,"7-6030531","09/29/2022"
"3327","Russia","Russia","94 GAZ Tigr-M","destroyed","https://i.postimg.cc/QC8YL8TB/54g.png","2022-09-29",60,3054,1,"7-6030541","09/29/2022"
"3328","Russia","Russia","94 GAZ Tigr-M","destroyed","https://twitter.com/UAWeapons/status/1570410876863143939","2022-09-29",60,3055,1,"7-6030551","09/29/2022"
"3329","Russia","Russia","94 GAZ Tigr-M","destroyed","https://i.postimg.cc/L58q5067/2022-09-15-GAZ-Tigr-M.jpg","2022-09-29",60,3056,1,"7-6030561","09/29/2022"
"3330","Russia","Russia","94 GAZ Tigr-M","destroyed","https://i.postimg.cc/90WkxyHp/1011-tigr-m.jpg","2022-09-29",60,3057,1,"7-6030571","09/29/2022"
"3331","Russia","Russia","94 GAZ Tigr-M","damaged","https://i.postimg.cc/ZKDrDbck/85.png","2022-09-29",60,3058,4,"7-6030584","09/29/2022"
"3332","Russia","Russia","94 GAZ Tigr-M","damaged","https://i.postimg.cc/50gTqtJF/35g.png","2022-09-29",60,3059,4,"7-6030594","09/29/2022"
"3333","Russia","Russia","94 GAZ Tigr-M","captured","https://i.postimg.cc/50gTqtJF/35g.png","2022-09-29",60,3059,3,"7-6030593","09/29/2022"
"3334","Russia","Russia","94 GAZ Tigr-M","captured","https://i.postimg.cc/TYnZsP1T/f1.png","2022-09-29",60,3060,3,"7-6030603","09/29/2022"
"3335","Russia","Russia","94 GAZ Tigr-M","captured","https://i.postimg.cc/BbVkvq1j/450.png","2022-09-29",60,3061,3,"7-6030613","09/29/2022"
"3336","Russia","Russia","94 GAZ Tigr-M","captured","https://i.postimg.cc/DZysb6p8/41.png","2022-09-29",60,3062,3,"7-6030623","09/29/2022"
"3337","Russia","Russia","94 GAZ Tigr-M","captured","https://i.postimg.cc/pL2jmr8d/3359.png","2022-09-29",60,3063,3,"7-6030633","09/29/2022"
"3338","Russia","Russia","94 GAZ Tigr-M","captured","https://i.postimg.cc/gkpDYMB3/ff4.png","2022-09-29",60,3064,3,"7-6030643","09/29/2022"
"3339","Russia","Russia","94 GAZ Tigr-M","captured","https://i.postimg.cc/L5tqXF8f/4431.png","2022-09-29",60,3065,3,"7-6030653","09/29/2022"
"3340","Russia","Russia","94 GAZ Tigr-M","captured","https://i.postimg.cc/7YrWKjhP/5544.png","2022-09-29",60,3066,3,"7-6030663","09/29/2022"
"3341","Russia","Russia","94 GAZ Tigr-M","captured","https://i.postimg.cc/wB3Qr50G/7j.jpg","2022-09-29",60,3067,3,"7-6030673","09/29/2022"
"3342","Russia","Russia","94 GAZ Tigr-M","captured","https://i.postimg.cc/0y3rs57q/43113.png","2022-09-29",60,3068,3,"7-6030683","09/29/2022"
"3343","Russia","Russia","94 GAZ Tigr-M","captured","https://i.postimg.cc/gJJfdqTc/7j.png","2022-09-29",60,3069,3,"7-6030693","09/29/2022"
"3344","Russia","Russia","94 GAZ Tigr-M","captured","https://i.postimg.cc/q7CHr66G/4890.png","2022-09-29",60,3070,3,"7-6030703","09/29/2022"
"3345","Russia","Russia","94 GAZ Tigr-M","captured","https://i.postimg.cc/L5KZcNnf/ty.png","2022-09-29",60,3071,3,"7-6030713","09/29/2022"
"3346","Russia","Russia","94 GAZ Tigr-M","captured","https://i.postimg.cc/P55LH5wM/25.png","2022-09-29",60,3072,3,"7-6030723","09/29/2022"
"3347","Russia","Russia","94 GAZ Tigr-M","captured","https://i.postimg.cc/kGy4r0MZ/j0.jpg","2022-09-29",60,3073,3,"7-6030733","09/29/2022"
"3348","Russia","Russia","94 GAZ Tigr-M","captured","https://i.postimg.cc/t45RJGBy/449.png","2022-09-29",60,3074,3,"7-6030743","09/29/2022"
"3349","Russia","Russia","94 GAZ Tigr-M","captured","https://i.postimg.cc/63xrN82L/6899.jpg","2022-09-29",60,3075,3,"7-6030753","09/29/2022"
"3350","Russia","Russia","94 GAZ Tigr-M","captured","https://i.postimg.cc/kgGKrSR2/77.png","2022-09-29",60,3076,3,"7-6030763","09/29/2022"
"3351","Russia","Russia","94 GAZ Tigr-M","captured","https://i.postimg.cc/TP0nt3pD/c1.jpg","2022-09-29",60,3077,3,"7-6030773","09/29/2022"
"3352","Russia","Russia","94 GAZ Tigr-M","captured","https://twitter.com/UAWeapons/status/1512430960054317056","2022-09-29",60,3078,3,"7-6030783","09/29/2022"
"3353","Russia","Russia","94 GAZ Tigr-M","captured","https://i.postimg.cc/YqLQXqct/6888.jpg","2022-09-29",60,3079,3,"7-6030793","09/29/2022"
"3354","Russia","Russia","94 GAZ Tigr-M","captured","https://i.postimg.cc/GhNxNwm8/7j.jpg","2022-09-29",60,3080,3,"7-6030803","09/29/2022"
"3355","Russia","Russia","94 GAZ Tigr-M","captured","https://i.postimg.cc/Pr4HqYDj/3221.jpg","2022-09-29",60,3081,3,"7-6030813","09/29/2022"
"3356","Russia","Russia","94 GAZ Tigr-M","captured","https://i.postimg.cc/dVQxVhc7/58p.png","2022-09-29",60,3082,3,"7-6030823","09/29/2022"
"3357","Russia","Russia","94 GAZ Tigr-M","captured","https://i.postimg.cc/JzBRKYtc/5j.png","2022-09-29",60,3083,3,"7-6030833","09/29/2022"
"3358","Russia","Russia","94 GAZ Tigr-M","damaged","https://i.postimg.cc/XqyHHVHS/382.png","2022-09-29",60,3084,4,"7-6030844","09/29/2022"
"3359","Russia","Russia","94 GAZ Tigr-M","captured","https://i.postimg.cc/XqyHHVHS/382.png","2022-09-29",60,3084,3,"7-6030843","09/29/2022"
"3360","Russia","Russia","94 GAZ Tigr-M","captured","https://twitter.com/UAWeapons/status/1575137334529507330","2022-09-29",60,2673,3,"7-6026733","09/29/2022"
"3361","Russia","Russia","94 GAZ Tigr-M","captured","https://twitter.com/UAWeapons/status/1575449638861152256","2022-09-29",60,3085,3,"7-6030853","09/29/2022"
"3362","Russia","Italy","Iveco LMV Rys","destroyed","https://i.postimg.cc/TPmCH0KS/ff2.png","2022-09-29",61,3086,1,"7-6130861","09/29/2022"
"3363","Russia","Italy","Iveco LMV Rys","destroyed","https://i.postimg.cc/fyNCwrR4/Screenshot-8447.png","2022-09-29",61,3087,1,"7-6130871","09/29/2022"
"3364","Russia","Italy","Iveco LMV Rys","destroyed","https://i.postimg.cc/5y3npSgL/345.png","2022-09-29",61,3088,1,"7-6130881","09/29/2022"
"3365","Russia","Italy","Iveco LMV Rys","destroyed","https://i.postimg.cc/cJnJnpW9/479.png","2022-09-29",61,3089,1,"7-6130891","09/29/2022"
"3366","Russia","Italy","Iveco LMV Rys","destroyed","https://i.postimg.cc/ydwY5tgX/i2.jpg","2022-09-29",61,3090,1,"7-6130901","09/29/2022"
"3367","Russia","Italy","Iveco LMV Rys","destroyed","https://i.postimg.cc/wxmBJqZW/i3.jpg","2022-09-29",61,3091,1,"7-6130911","09/29/2022"
"3368","Russia","Italy","Iveco LMV Rys","destroyed","https://i.postimg.cc/3xnr7d0w/i4.jpg","2022-09-29",61,3092,1,"7-6130921","09/29/2022"
"3369","Russia","Italy","Iveco LMV Rys","destroyed","https://i.postimg.cc/BQmRnDpR/770.png","2022-09-29",61,3093,1,"7-6130931","09/29/2022"
"3370","Russia","Italy","Iveco LMV Rys","destroyed","https://i.postimg.cc/zXv6Mfw5/v0.png","2022-09-29",61,3094,1,"7-6130941","09/29/2022"
"3371","Russia","Italy","Iveco LMV Rys","destroyed","https://i.postimg.cc/qBtRsq1b/17.png","2022-09-29",61,3095,1,"7-6130951","09/29/2022"
"3372","Russia","Italy","Iveco LMV Rys","destroyed","https://i.postimg.cc/j2NrXP8f/f8.png","2022-09-29",61,3096,1,"7-6130961","09/29/2022"
"3373","Russia","Italy","Iveco LMV Rys","destroyed","https://i.postimg.cc/B6bJC48P/4f.png","2022-09-29",61,3097,1,"7-6130971","09/29/2022"
"3374","Russia","Italy","Iveco LMV Rys","destroyed","https://i.postimg.cc/1z9HFPch/776.png","2022-09-29",61,3098,1,"7-6130981","09/29/2022"
"3375","Russia","Italy","Iveco LMV Rys","destroyed","https://i.postimg.cc/xCQgwyfb/43.jpg","2022-09-29",61,3099,1,"7-6130991","09/29/2022"
"3376","Russia","Italy","Iveco LMV Rys","destroyed","https://twitter.com/UAWeapons/status/1523768935933693953","2022-09-29",61,3100,1,"7-6131001","09/29/2022"
"3377","Russia","Italy","Iveco LMV Rys","destroyed","https://i.postimg.cc/ZK7DcBf8/666555.jpg","2022-09-29",61,3101,1,"7-6131011","09/29/2022"
"3378","Russia","Italy","Iveco LMV Rys","destroyed","https://i.postimg.cc/xTBprXjF/1025.jpg","2022-09-29",61,3102,1,"7-6131021","09/29/2022"
"3379","Russia","Italy","Iveco LMV Rys","abandoned","https://i.postimg.cc/zGz7j1NL/43.png","2022-09-29",61,3103,2,"7-6131032","09/29/2022"
"3380","Russia","Italy","Iveco LMV Rys","destroyed","https://i.postimg.cc/zGz7j1NL/43.png","2022-09-29",61,3103,1,"7-6131031","09/29/2022"
"3381","Russia","Italy","Iveco LMV Rys","damaged","https://i.postimg.cc/4xrt6Lwt/542.png","2022-09-29",61,3104,4,"7-6131044","09/29/2022"
"3382","Russia","Italy","Iveco LMV Rys","damaged","https://i.postimg.cc/7YV8ty42/6j.png","2022-09-29",61,3105,4,"7-6131054","09/29/2022"
"3383","Russia","Italy","Iveco LMV Rys","captured","https://i.postimg.cc/7YV8ty42/6j.png","2022-09-29",61,3105,3,"7-6131053","09/29/2022"
"3384","Russia","Italy","Iveco LMV Rys","damaged","https://i.postimg.cc/4d4Bvtwn/1024.jpg","2022-09-29",61,3106,4,"7-6131064","09/29/2022"
"3385","Russia","Italy","Iveco LMV Rys","captured","https://i.postimg.cc/4d4Bvtwn/1024.jpg","2022-09-29",61,3106,3,"7-6131063","09/29/2022"
"3386","Russia","Italy","Iveco LMV Rys","captured","https://i.postimg.cc/C5gfTFhF/680o.png","2022-09-29",61,3107,3,"7-6131073","09/29/2022"
"3387","Russia","Italy","Iveco LMV Rys","damaged","https://twitter.com/UAWeapons/status/1567533093568892928","2022-09-29",61,3108,4,"7-6131084","09/29/2022"
"3388","Russia","Italy","Iveco LMV Rys","captured","https://twitter.com/UAWeapons/status/1567533093568892928","2022-09-29",61,3108,3,"7-6131083","09/29/2022"
"3389","Russia","Italy","Iveco LMV Rys","damaged","https://twitter.com/UAWeapons/status/1569049877882994692","2022-09-29",61,3109,4,"7-6131094","09/29/2022"
"3390","Russia","Italy","Iveco LMV Rys","captured","https://twitter.com/UAWeapons/status/1569049877882994692","2022-09-29",61,3109,3,"7-6131093","09/29/2022"
"3391","Russia","Soviet Union","9 BMP-1KSh command and staff vehicle","destroyed","https://i.postimg.cc/0yvPnDBt/570.png","2022-09-29",62,3110,1,"7-6231101","09/29/2022"
"3392","Russia","Soviet Union","9 BMP-1KSh command and staff vehicle","destroyed","https://i.postimg.cc/MpV7xPwk/3321.jpg","2022-09-29",62,3111,1,"7-6231111","09/29/2022"
"3393","Russia","Soviet Union","9 BMP-1KSh command and staff vehicle","destroyed","https://i.postimg.cc/3Rwy43kG/g52.jpg","2022-09-29",62,3112,1,"7-6231121","09/29/2022"
"3394","Russia","Soviet Union","9 BMP-1KSh command and staff vehicle","destroyed","https://twitter.com/RALee85/status/1544015117389631490","2022-09-29",62,395,1,"7-623951","09/29/2022"
"3395","Russia","Soviet Union","9 BMP-1KSh command and staff vehicle","destroyed","https://i.postimg.cc/85RjYmHq/1080-BMD-1-KSh-A.jpg","2022-09-29",62,3113,1,"7-6231131","09/29/2022"
"3396","Russia","Soviet Union","9 BMP-1KSh command and staff vehicle","destroyed","https://i.postimg.cc/zvfhbD4d/1086-BMP-1-KSh.jpg","2022-09-29",62,3114,1,"7-6231141","09/29/2022"
"3397","Russia","Soviet Union","9 BMP-1KSh command and staff vehicle","captured","https://i.postimg.cc/xTFr1xKP/4467.png","2022-09-29",62,3115,3,"7-6231153","09/29/2022"
"3398","Russia","Soviet Union","9 BMP-1KSh command and staff vehicle","captured","https://i.postimg.cc/rwTTBzGX/332.png","2022-09-29",62,3116,3,"7-6231163","09/29/2022"
"3399","Russia","Soviet Union","9 BMP-1KSh command and staff vehicle","captured","https://i.postimg.cc/MHLs0Sw0/578.png","2022-09-29",62,3117,3,"7-6231173","09/29/2022"
"3400","Russia","Soviet Union","5 BMD-1KSh-A command vehicle","destroyed","https://i.postimg.cc/VNbkpMH1/6899.png","2022-09-29",63,3118,1,"7-6331181","09/29/2022"
"3401","Russia","Soviet Union","5 BMD-1KSh-A command vehicle","destroyed","https://i.postimg.cc/t4Sw4rfn/688.jpg","2022-09-29",63,3119,1,"7-6331191","09/29/2022"
"3402","Russia","Soviet Union","5 BMD-1KSh-A command vehicle","destroyed","https://i.postimg.cc/wMTvbVRh/232.jpg","2022-09-29",63,3120,1,"7-6331201","09/29/2022"
"3403","Russia","Soviet Union","5 BMD-1KSh-A command vehicle","captured","https://i.postimg.cc/kXM0JgZv/1023.jpg","2022-09-29",63,3121,3,"7-6331213","09/29/2022"
"3404","Russia","Soviet Union","5 BMD-1KSh-A command vehicle","captured","https://twitter.com/UAWeapons/status/1569736417047101441","2022-09-29",63,3122,3,"7-6331223","09/29/2022"
"3405","Russia","Soviet Union","BTR-60PU-12M air defence command vehicle","captured","https://i.postimg.cc/65NCK7h7/76.jpg","2022-09-29",64,3123,3,"7-6431233","09/29/2022"
"3406","Russia","Soviet Union","R-145BM1 command vehicle","destroyed","https://i.postimg.cc/7PTFyzdZ/f6.jpg","2022-09-29",65,3124,1,"7-6531241","09/29/2022"
"3407","Russia","Soviet Union","R-145BM1 command vehicle","destroyed","https://twitter.com/UAWeapons/status/1568552147821764610","2022-09-29",65,3052,1,"7-6530521","09/29/2022"
"3408","Russia","Soviet Union","R-145BM1 command vehicle","captured","https://i.postimg.cc/m2r7GPVb/485.png","2022-09-29",65,3125,3,"7-6531253","09/29/2022"
"3409","Russia","Russia","1 R-145BMA command vehicle","captured","https://twitter.com/UAWeapons/status/1575123760528719875","2022-09-29",66,3126,3,"7-6631263","09/29/2022"
"3410","Russia","Soviet Union",NA,"destroyed","https://i.postimg.cc/0NDDS05c/1043-R-142-NSA.jpg","2022-09-29",67,3127,1,"7-6731271","09/29/2022"
"3411","Russia","Soviet Union",NA,"destroyed","https://i.postimg.cc/G2Ndj56v/Screenshot-8192.png","2022-09-29",67,3128,1,"7-6731281","09/29/2022"
"3412","Russia","Russia","53 R-149MA1 command and staff vehicle","destroyed","https://i.postimg.cc/gjrp8521/553.jpg","2022-09-29",68,3129,1,"7-6831291","09/29/2022"
"3413","Russia","Russia","53 R-149MA1 command and staff vehicle","destroyed","https://i.postimg.cc/76946Frp/441.png","2022-09-29",68,3130,1,"7-6831301","09/29/2022"
"3414","Russia","Russia","53 R-149MA1 command and staff vehicle","destroyed","https://i.postimg.cc/VLWsVLQY/47j.png","2022-09-29",68,3131,1,"7-6831311","09/29/2022"
"3415","Russia","Russia","53 R-149MA1 command and staff vehicle","destroyed","https://i.postimg.cc/hPRLQrHQ/469.png","2022-09-29",68,3132,1,"7-6831321","09/29/2022"
"3416","Russia","Russia","53 R-149MA1 command and staff vehicle","destroyed","https://i.postimg.cc/CxXpy0S9/6655.jpg","2022-09-29",68,3133,1,"7-6831331","09/29/2022"
"3417","Russia","Russia","53 R-149MA1 command and staff vehicle","destroyed","https://i.postimg.cc/NjshHtRC/878.png","2022-09-29",68,3134,1,"7-6831341","09/29/2022"
"3418","Russia","Russia","53 R-149MA1 command and staff vehicle","destroyed","https://i.postimg.cc/6QCpSftV/544.png","2022-09-29",68,3135,1,"7-6831351","09/29/2022"
"3419","Russia","Russia","53 R-149MA1 command and staff vehicle","destroyed","https://i.postimg.cc/nzJmLm2t/54gs.png","2022-09-29",68,3136,1,"7-6831361","09/29/2022"
"3420","Russia","Russia","53 R-149MA1 command and staff vehicle","destroyed","https://i.postimg.cc/2yCz5CzC/f4.jpg","2022-09-29",68,3137,1,"7-6831371","09/29/2022"
"3421","Russia","Russia","53 R-149MA1 command and staff vehicle","destroyed","https://i.postimg.cc/sxK3QbX7/f5.jpg","2022-09-29",68,3138,1,"7-6831381","09/29/2022"
"3422","Russia","Russia","53 R-149MA1 command and staff vehicle","destroyed","https://i.postimg.cc/zvS0FffT/1087-R-149-MA1.jpg","2022-09-29",68,3139,1,"7-6831391","09/29/2022"
"3423","Russia","Russia","53 R-149MA1 command and staff vehicle","destroyed","https://twitter.com/UAWeapons/status/1540290449021321216","2022-09-29",68,3140,1,"7-6831401","09/29/2022"
"3424","Russia","Russia","53 R-149MA1 command and staff vehicle","destroyed","https://twitter.com/UAWeapons/status/1536387180611895296","2022-09-29",68,1184,1,"7-6811841","09/29/2022"
"3425","Russia","Russia","53 R-149MA1 command and staff vehicle","destroyed","https://i.postimg.cc/VLWM4CjN/1006.jpg","2022-09-29",68,3141,1,"7-6831411","09/29/2022"
"3426","Russia","Russia","53 R-149MA1 command and staff vehicle","destroyed","https://twitter.com/UAWeapons/status/1556984704728981506","2022-09-29",68,3142,1,"7-6831421","09/29/2022"
"3427","Russia","Russia","53 R-149MA1 command and staff vehicle","destroyed","https://i.postimg.cc/qBSmY4CW/rr32.jpg","2022-09-29",68,3143,1,"7-6831431","09/29/2022"
"3428","Russia","Russia","53 R-149MA1 command and staff vehicle","destroyed","https://twitter.com/UAWeapons/status/1568552147821764610","2022-09-29",68,3052,1,"7-6830521","09/29/2022"
"3429","Russia","Russia","53 R-149MA1 command and staff vehicle","destroyed","https://i.postimg.cc/WbyVPvz9/1022-R-149-MA1.jpg","2022-09-29",68,3144,1,"7-6831441","09/29/2022"
"3430","Russia","Russia","53 R-149MA1 command and staff vehicle","destroyed","https://i.postimg.cc/brRzKWTT/1008-R-166-0-5-signal-vehicle.jpg","2022-09-29",68,3145,1,"7-6831451","09/29/2022"
"3431","Russia","Russia","53 R-149MA1 command and staff vehicle","destroyed","https://twitter.com/UAWeapons/status/1569295685689954305","2022-09-29",68,1989,1,"7-6819891","09/29/2022"
"3432","Russia","Russia","53 R-149MA1 command and staff vehicle","captured","https://i.postimg.cc/zGV1nXMQ/2022-09-16-307376118-1414953492323400-3470982148527522066-n.jpg","2022-09-29",68,3146,3,"7-6831463","09/29/2022"
"3433","Russia","Russia","53 R-149MA1 command and staff vehicle","destroyed","https://i.postimg.cc/RZRTd3jc/2022-09-18-R-149-MA1.jpg","2022-09-29",68,3147,1,"7-6831471","09/29/2022"
"3434","Russia","Russia","53 R-149MA1 command and staff vehicle","destroyed","https://i.postimg.cc/pdvXZrd8/268.png","2022-09-29",68,3148,1,"7-6831481","09/29/2022"
"3435","Russia","Russia","53 R-149MA1 command and staff vehicle","destroyed","https://i.postimg.cc/rwG2Ky0d/2022-09-19-R-149-MA1.jpg","2022-09-29",68,3149,1,"7-6831491","09/29/2022"
"3436","Russia","Russia","53 R-149MA1 command and staff vehicle","destroyed","https://i.postimg.cc/Xv6pdvY9/2022-09-15-R-149-MA1.jpg","2022-09-29",68,3150,1,"7-6831501","09/29/2022"
"3437","Russia","Russia","53 R-149MA1 command and staff vehicle","destroyed","https://twitter.com/JimmySecUK/status/1569972968641499136","2022-09-29",68,2757,1,"7-6827571","09/29/2022"
"3438","Russia","Russia","53 R-149MA1 command and staff vehicle","damaged","https://i.postimg.cc/jSgsKMn3/g553.jpg","2022-09-29",68,3151,4,"7-6831514","09/29/2022"
"3439","Russia","Russia","53 R-149MA1 command and staff vehicle","abandoned","https://i.postimg.cc/jSgsKMn3/g553.jpg","2022-09-29",68,3151,2,"7-6831512","09/29/2022"
"3440","Russia","Russia","53 R-149MA1 command and staff vehicle","abandoned","https://postlmg.cc/DWr360St","2022-09-29",68,3152,2,"7-6831522","09/29/2022"
"3441","Russia","Russia","53 R-149MA1 command and staff vehicle","abandoned","https://postimg.cc/JDHcKJry","2022-09-29",68,3153,2,"7-6831532","09/29/2022"
"3442","Russia","Russia","53 R-149MA1 command and staff vehicle","captured","https://i.postimg.cc/kgBKhrFT/884.png","2022-09-29",68,2891,3,"7-6828913","09/29/2022"
"3443","Russia","Russia","53 R-149MA1 command and staff vehicle","captured","https://i.postimg.cc/SxdymMYS/f432.png","2022-09-29",68,3154,3,"7-6831543","09/29/2022"
"3444","Russia","Russia","53 R-149MA1 command and staff vehicle","captured","https://i.postimg.cc/hPWjc9Qs/mp.jpg","2022-09-29",68,3155,3,"7-6831553","09/29/2022"
"3445","Russia","Russia","53 R-149MA1 command and staff vehicle","captured","https://i.postimg.cc/P5zsqGHT/3313.png","2022-09-29",68,3156,3,"7-6831563","09/29/2022"
"3446","Russia","Russia","53 R-149MA1 command and staff vehicle","captured","https://i.postimg.cc/FzhWVBty/793.png","2022-09-29",68,3157,3,"7-6831573","09/29/2022"
"3447","Russia","Russia","53 R-149MA1 command and staff vehicle","captured","https://i.postimg.cc/4yYNv559/f7.jpg","2022-09-29",68,3158,3,"7-6831583","09/29/2022"
"3448","Russia","Russia","53 R-149MA1 command and staff vehicle","captured","https://i.postimg.cc/RFcfzjsM/43.png","2022-09-29",68,3159,3,"7-6831593","09/29/2022"
"3449","Russia","Russia","53 R-149MA1 command and staff vehicle","captured","https://i.postimg.cc/Px1S1M0W/7760.jpg","2022-09-29",68,3160,3,"7-6831603","09/29/2022"
"3450","Russia","Russia","53 R-149MA1 command and staff vehicle","captured","https://i.postimg.cc/yNJG3Xpt/776d.jpg","2022-09-29",68,3161,3,"7-6831613","09/29/2022"
"3451","Russia","Russia","53 R-149MA1 command and staff vehicle","captured","https://i.postimg.cc/mZQ9GzMB/87.jpg","2022-09-29",68,3162,3,"7-6831623","09/29/2022"
"3452","Russia","Russia","53 R-149MA1 command and staff vehicle","captured","https://i.postimg.cc/nLndbtWV/328.png","2022-09-29",68,3163,3,"7-6831633","09/29/2022"
"3453","Russia","Russia","53 R-149MA1 command and staff vehicle","captured","https://i.postimg.cc/zGzwY2Qn/6533.png","2022-09-29",68,3164,3,"7-6831643","09/29/2022"
"3454","Russia","Russia","53 R-149MA1 command and staff vehicle","captured","https://i.postimg.cc/hG5hhQJp/59.png","2022-09-29",68,3165,3,"7-6831653","09/29/2022"
"3455","Russia","Russia","53 R-149MA1 command and staff vehicle","captured","https://i.postimg.cc/4NBgyzgY/49.png","2022-09-29",68,3166,3,"7-6831663","09/29/2022"
"3456","Russia","Russia","53 R-149MA1 command and staff vehicle","captured","https://i.postimg.cc/Xq51SPXw/1026-r-166-05.jpg","2022-09-29",68,3167,3,"7-6831673","09/29/2022"
"3457","Russia","Russia","53 R-149MA1 command and staff vehicle","captured","https://twitter.com/CalibreObscura/status/1568282616373059586","2022-09-29",68,3168,3,"7-6831683","09/29/2022"
"3458","Russia","Russia","53 R-149MA1 command and staff vehicle","captured","https://twitter.com/UAWeapons/status/1569043961771163652","2022-09-29",68,3169,3,"7-6831693","09/29/2022"
"3459","Russia","Russia","53 R-149MA1 command and staff vehicle","captured","https://twitter.com/Blue_Sauron/status/1568895598777991169","2022-09-29",68,802,3,"7-688023","09/29/2022"
"3460","Russia","Russia","53 R-149MA1 command and staff vehicle","captured","https://twitter.com/UAWeapons/status/1569639365655072770","2022-09-29",68,806,3,"7-688063","09/29/2022"
"3461","Russia","Russia","53 R-149MA1 command and staff vehicle","captured","https://twitter.com/JimmySecUK/status/1569972968641499136","2022-09-29",68,2757,3,"7-6827573","09/29/2022"
"3462","Russia","Russia","53 R-149MA1 command and staff vehicle","captured","https://i.postimg.cc/7hcjWvjT/1006-r149ma1.jpg","2022-09-29",68,3170,3,"7-6831703","09/29/2022"
"3463","Russia","Russia","53 R-149MA1 command and staff vehicle","captured","https://i.postimg.cc/1tyw4znz/2022-09-12-R-149-MA1.jpg","2022-09-29",68,3171,3,"7-6831713","09/29/2022"
"3464","Russia","Russia","53 R-149MA1 command and staff vehicle","captured","https://i.postimg.cc/fbQcNH7P/2022-09-24-R-149-MA1-384.jpg","2022-09-29",68,3172,3,"7-6831723","09/29/2022"
"3465","Russia","Russia","28 R-149MA3 command and staff vehicle","destroyed","https://i.postimg.cc/nzTPBQHM/n1.png","2022-09-29",69,3173,1,"7-6931731","09/29/2022"
"3466","Russia","Russia","28 R-149MA3 command and staff vehicle","destroyed","https://i.postimg.cc/bvBXhTf2/b10.png","2022-09-29",69,3174,1,"7-6931741","09/29/2022"
"3467","Russia","Russia","28 R-149MA3 command and staff vehicle","destroyed","https://i.postimg.cc/BQJHLH9D/3t.png","2022-09-29",69,3175,1,"7-6931751","09/29/2022"
"3468","Russia","Russia","28 R-149MA3 command and staff vehicle","destroyed","https://i.postimg.cc/rFdc9YkL/328.png","2022-09-29",69,3176,1,"7-6931761","09/29/2022"
"3469","Russia","Russia","28 R-149MA3 command and staff vehicle","destroyed","https://i.postimg.cc/gJBq1TXx/531.jpg","2022-09-29",69,3177,1,"7-6931771","09/29/2022"
"3470","Russia","Russia","28 R-149MA3 command and staff vehicle","destroyed","https://i.postimg.cc/NMSDqKd5/4000-r149ma3.jpg","2022-09-29",69,3178,1,"7-6931781","09/29/2022"
"3471","Russia","Russia","28 R-149MA3 command and staff vehicle","destroyed","https://i.postimg.cc/KjqrrJN3/2022-09-11-R-149-MA3.jpg","2022-09-29",69,3179,1,"7-6931791","09/29/2022"
"3472","Russia","Russia","28 R-149MA3 command and staff vehicle","destroyed","https://i.postimg.cc/qqVD5KwH/2022-09-24-R-149-MA3.jpg","2022-09-29",69,3180,1,"7-6931801","09/29/2022"
"3473","Russia","Russia","28 R-149MA3 command and staff vehicle","damaged","https://i.postimg.cc/q7W198PZ/f431.png","2022-09-29",69,3181,4,"7-6931814","09/29/2022"
"3474","Russia","Russia","28 R-149MA3 command and staff vehicle","captured","https://i.postimg.cc/q7W198PZ/f431.png","2022-09-29",69,3181,3,"7-6931813","09/29/2022"
"3475","Russia","Russia","28 R-149MA3 command and staff vehicle","damaged","https://i.postimg.cc/65LWg9tK/554.jpg","2022-09-29",69,3182,4,"7-6931824","09/29/2022"
"3476","Russia","Russia","28 R-149MA3 command and staff vehicle","captured","https://i.postimg.cc/65LWg9tK/554.jpg","2022-09-29",69,3182,3,"7-6931823","09/29/2022"
"3477","Russia","Russia","28 R-149MA3 command and staff vehicle","captured","https://i.postimg.cc/cJCm25Z1/n2.png","2022-09-29",69,3183,3,"7-6931833","09/29/2022"
"3478","Russia","Russia","28 R-149MA3 command and staff vehicle","captured","https://i.postimg.cc/qMBBzkFq/Screenshot-8469.png","2022-09-29",69,3184,3,"7-6931843","09/29/2022"
"3479","Russia","Russia","28 R-149MA3 command and staff vehicle","captured","https://i.postimg.cc/66nd8KXn/4g2.jpg","2022-09-29",69,3185,3,"7-6931853","09/29/2022"
"3480","Russia","Russia","28 R-149MA3 command and staff vehicle","captured","https://i.postimg.cc/J0ntzbdY/1003-R-149-MA3.jpg","2022-09-29",69,3186,3,"7-6931863","09/29/2022"
"3481","Russia","Russia","28 R-149MA3 command and staff vehicle","captured","https://i.postimg.cc/fyYhkTDq/1002-R149-M3.jpg","2022-09-29",69,3187,3,"7-6931873","09/29/2022"
"3482","Russia","Russia","28 R-149MA3 command and staff vehicle","damaged","https://i.postimg.cc/dtQ6ZsNN/1003-btr80.jpg","2022-09-29",69,3188,4,"7-6931884","09/29/2022"
"3483","Russia","Russia","28 R-149MA3 command and staff vehicle","captured","https://i.postimg.cc/dtQ6ZsNN/1003-btr80.jpg","2022-09-29",69,3188,3,"7-6931883","09/29/2022"
"3484","Russia","Russia","28 R-149MA3 command and staff vehicle","captured","https://i.postimg.cc/QxNm91xs/1020-r-149ma3.jpg","2022-09-29",69,3189,3,"7-6931893","09/29/2022"
"3485","Russia","Russia","28 R-149MA3 command and staff vehicle","captured","https://i.postimg.cc/qMmL8qzK/1023-r-149ma3.jpg","2022-09-29",69,3190,3,"7-6931903","09/29/2022"
"3486","Russia","Russia","28 R-149MA3 command and staff vehicle","captured","https://i.postimg.cc/xCK5HPzj/1024-r-149ma3.jpg","2022-09-29",69,3191,3,"7-6931913","09/29/2022"
"3487","Russia","Russia","28 R-149MA3 command and staff vehicle","captured","https://i.postimg.cc/MHy2FbHY/18870.png","2022-09-29",69,3192,3,"7-6931923","09/29/2022"
"3488","Russia","Russia","28 R-149MA3 command and staff vehicle","captured","https://i.postimg.cc/1zNWBRfG/107.png","2022-09-29",69,3193,3,"7-6931933","09/29/2022"
"3489","Russia","Russia","28 R-149MA3 command and staff vehicle","captured","https://twitter.com/JimmySecUK/status/1569972968641499136","2022-09-29",69,2757,3,"7-6927573","09/29/2022"
"3490","Russia","Russia","28 R-149MA3 command and staff vehicle","captured","https://i.postimg.cc/kgBrnNN5/2022-09-13-R-149-MA3-2.jpg","2022-09-29",69,3194,3,"7-6931943","09/29/2022"
"3491","Russia","Russia","28 R-149MA3 command and staff vehicle","captured","https://i.postimg.cc/dVXbD7nj/2022-09-13-R-149-MA3-1.jpg","2022-09-29",69,3195,3,"7-6931953","09/29/2022"
"3492","Russia","Russia","28 R-149MA3 command and staff vehicle","captured","https://i.postimg.cc/9MD7mtQj/2022-09-13-R-149-MA3.jpg","2022-09-29",69,3196,3,"7-6931963","09/29/2022"
"3493","Russia","Russia","28 R-149MA3 command and staff vehicle","captured","https://twitter.com/UAWeapons/status/1573257821952610305","2022-09-29",69,3197,3,"7-6931973","09/29/2022"
"3494","Russia","Russia","28 R-149MA3 command and staff vehicle","captured","https://i.postimg.cc/nr0DG6X5/1005-btr80.jpg","2022-09-29",69,3198,3,"7-6931983","09/29/2022"
"3495","Russia","Russia","APE-5 command post","destroyed","https://i.postimg.cc/7Z2Hzzzv/ad9.jpg","2022-09-29",70,3199,1,"7-7031991","09/29/2022"
"3496","Russia","Russia","APE-5 command post","destroyed","https://i.postimg.cc/7hRs911J/544.jpg","2022-09-29",70,3200,1,"7-7032001","09/29/2022"
"3497","Russia","Russia","1 MSh-5350.1 command vehicle","captured","https://i.postimg.cc/SKbSYcM9/1009.jpg","2022-09-29",71,3201,3,"7-7132013","09/29/2022"
"3498","Russia","Russia","9S470M1 (or variant thereof) command post (for Buk-M1/2)","destroyed","https://i.postimg.cc/PJDSZJgG/46.png","2022-09-29",72,3202,1,"7-7232021","09/29/2022"
"3499","Russia","Russia","MP-2IM signals vehicle","abandoned","https://i.postimg.cc/wM1CmTC8/b89.png","2022-09-29",73,3203,2,"7-7332032","09/29/2022"
"3500","Russia","Russia","Barnaul-T 9<U+0421>932-1 automated system for air defence units","abandoned","https://i.postimg.cc/fTrQXZpK/g2.jpg","2022-09-29",74,3204,2,"7-7432042","09/29/2022"
"3501","Russia","Russia","Barnaul-T 9<U+0421>932-1 automated system for air defence units","captured","https://i.postimg.cc/PqBBRwbf/557.png","2022-09-29",74,3205,3,"7-7432053","09/29/2022"
"3502","Russia","Russia","Barnaul-T 9<U+0421>932-1 automated system for air defence units","captured","https://i.postimg.cc/7ZVjPfT2/3217.png","2022-09-29",74,3206,3,"7-7432063","09/29/2022"
"3503","Russia","Russia","Barnaul-T 9<U+0421>932-1 automated system for air defence units","captured","https://i.postimg.cc/VL6shSr2/357.jpg","2022-09-29",74,3207,3,"7-7432073","09/29/2022"
"3504","Russia","Russia","Barnaul-T 9<U+0421>932-1 automated system for air defence units","captured","https://i.postimg.cc/xqDwqCrN/887.jpg","2022-09-29",74,3208,3,"7-7432083","09/29/2022"
"3505","Russia","Russia","9S932-2 intelligence, control and command vehicle (for Barnaul-T)","captured","https://i.postimg.cc/sgRgNPnP/1001-9-S932-2.jpg","2022-09-29",75,3209,3,"7-7532093","09/29/2022"
"3506","Russia","Russia","1 Command vehicle for Podlet-K1 low-altitude S-band surveillance radar","destroyed","https://twitter.com/UAWeapons/status/1549523824521216002","2022-09-29",76,3210,1,"7-7632101","09/29/2022"
"3507","Russia","Russia","7 R-149AKSh-1 command and signals vehicle","destroyed","https://i.postimg.cc/WpDRMDHx/v2.jpg","2022-09-29",77,3211,1,"7-7732111","09/29/2022"
"3508","Russia","Russia","7 R-149AKSh-1 command and signals vehicle","destroyed","https://i.postimg.cc/4dS5fxv9/v1.jpg","2022-09-29",77,3212,1,"7-7732121","09/29/2022"
"3509","Russia","Russia","7 R-149AKSh-1 command and signals vehicle","destroyed","https://i.postimg.cc/prT5CBM4/kammazz.jpg","2022-09-29",77,3213,1,"7-7732131","09/29/2022"
"3510","Russia","Russia","7 R-149AKSh-1 command and signals vehicle","destroyed","https://i.postimg.cc/Rhhng7p9/4r.png","2022-09-29",77,3214,1,"7-7732141","09/29/2022"
"3511","Russia","Russia","7 R-149AKSh-1 command and signals vehicle","destroyed","https://i.postimg.cc/zDKVsQR4/3d11.png","2022-09-29",77,3215,1,"7-7732151","09/29/2022"
"3512","Russia","Russia","7 R-149AKSh-1 command and signals vehicle","destroyed","https://twitter.com/UAWeapons/status/1551216224897581057","2022-09-29",77,3216,1,"7-7732161","09/29/2022"
"3513","Russia","Russia","7 R-149AKSh-1 command and signals vehicle","captured","https://twitter.com/UAWeapons/status/1567925068134506496","2022-09-29",77,2747,3,"7-7727473","09/29/2022"
"3514","Russia","Russia","R-166-0.5 signals vehicle","destroyed","https://i.postimg.cc/65sVfNzw/57.png","2022-09-29",78,3217,1,"7-7832171","09/29/2022"
"3515","Russia","Russia","R-166-0.5 signals vehicle","destroyed","https://i.postimg.cc/9QXKsSGy/43888.png","2022-09-29",78,3218,1,"7-7832181","09/29/2022"
"3516","Russia","Russia","R-166-0.5 signals vehicle","destroyed","https://i.postimg.cc/MTSHrP8k/56.png","2022-09-29",78,3219,1,"7-7832191","09/29/2022"
"3517","Russia","Russia","R-166-0.5 signals vehicle","destroyed","https://i.postimg.cc/mrPwppT2/3e.jpg","2022-09-29",78,3220,1,"7-7832201","09/29/2022"
"3518","Russia","Russia","R-166-0.5 signals vehicle","destroyed","https://i.postimg.cc/4x9D2k4v/377.png","2022-09-29",78,3221,1,"7-7832211","09/29/2022"
"3519","Russia","Russia","R-166-0.5 signals vehicle","destroyed","https://i.postimg.cc/Vsx0tKjT/f4.jpg","2022-09-29",78,3222,1,"7-7832221","09/29/2022"
"3520","Russia","Russia","R-166-0.5 signals vehicle","destroyed","https://i.postimg.cc/JnHJv3H4/1006-R-166-0-5.jpg","2022-09-29",78,3223,1,"7-7832231","09/29/2022"
"3521","Russia","Russia","R-166-0.5 signals vehicle","destroyed","https://i.postimg.cc/90yCPKKv/1088-R-166-0-5.jpg","2022-09-29",78,3224,1,"7-7832241","09/29/2022"
"3522","Russia","Russia","R-166-0.5 signals vehicle","destroyed","https://twitter.com/Danspiun/status/1569384896899997699","2022-09-29",78,3225,1,"7-7832251","09/29/2022"
"3523","Russia","Russia","R-166-0.5 signals vehicle","destroyed","https://postimg.cc/3W9VWgDQ","2022-09-29",78,3226,1,"7-7832261","09/29/2022"
"3524","Russia","Russia","R-166-0.5 signals vehicle","destroyed","https://i.postimg.cc/bvH982yp/1001-Destroyed-R-166-0-5-signals-vehicle.jpg","2022-09-29",78,3227,1,"7-7832271","09/29/2022"
"3525","Russia","Russia","R-166-0.5 signals vehicle","abandoned","https://i.postimg.cc/BQ3JL2hJ/g55.png","2022-09-29",78,3228,2,"7-7832282","09/29/2022"
"3526","Russia","Russia","R-166-0.5 signals vehicle","damaged","https://i.postimg.cc/DyM4sHc5/21.jpg","2022-09-29",78,3229,4,"7-7832294","09/29/2022"
"3527","Russia","Russia","R-166-0.5 signals vehicle","captured","https://i.postimg.cc/DyM4sHc5/21.jpg","2022-09-29",78,3229,3,"7-7832293","09/29/2022"
"3528","Russia","Russia","R-166-0.5 signals vehicle","captured","https://i.postimg.cc/hj09FC87/5542.png","2022-09-29",78,3230,3,"7-7832303","09/29/2022"
"3529","Russia","Russia","R-166-0.5 signals vehicle","captured","https://postlmg.cc/SXJDzN7W","2022-09-29",78,3231,3,"7-7832313","09/29/2022"
"3530","Russia","Russia","R-166-0.5 signals vehicle","captured","https://i.postimg.cc/TwvP9pkB/676.jpg","2022-09-29",78,3232,3,"7-7832323","09/29/2022"
"3531","Russia","Russia","R-166-0.5 signals vehicle","captured","https://i.postimg.cc/nVQL8gps/474.jpg","2022-09-29",78,3233,3,"7-7832333","09/29/2022"
"3532","Russia","Russia","R-166-0.5 signals vehicle","captured","https://postimg.cc/zyFBRqf5","2022-09-29",78,3234,3,"7-7832343","09/29/2022"
"3533","Russia","Russia","1 P-260 Redut-2US communication system","destroyed","https://i.postimg.cc/4djvx2R9/1004-Redut-2-US-mobile-communication-system.jpg","2022-09-29",79,3235,1,"7-7932351","09/29/2022"
"3534","Russia","Russia","R-419L1 communications station","abandoned","https://i.postimg.cc/HWF2jVg6/5588.png","2022-09-29",80,3236,2,"7-8032362","09/29/2022"
"3535","Russia","Russia","R-419L1 communications station","destroyed","https://i.postimg.cc/SQ69cYqp/1000-R-419-L1.jpg","2022-09-29",80,3237,1,"7-8032371","09/29/2022"
"3536","Russia","Russia","P-260-U signals vehicle (for Redut-2US signal and communications system)","captured","https://i.postimg.cc/593fccyW/36h.png","2022-09-29",81,3238,3,"7-8132383","09/29/2022"
"3537","Russia","Russia","P-260-U signals vehicle (for Redut-2US signal and communications system)","destroyed","https://i.postimg.cc/593fccyW/36h.png","2022-09-29",81,3238,1,"7-8132381","09/29/2022"
"3538","Russia","Russia","3 MP-1IM signals vehicle","destroyed","https://i.postimg.cc/9fvZ5KjZ/4.png","2022-09-29",82,3239,1,"7-8232391","09/29/2022"
"3539","Russia","Russia","3 MP-1IM signals vehicle","captured","https://twitter.com/UAWeapons/status/1569418448588922886","2022-09-29",82,3240,3,"7-8232403","09/29/2022"
"3540","Russia","Russia","3 MP-1IM signals vehicle","captured","https://i.postimg.cc/HnjLqcJ3/1000-MP-1-IM-signals-vehicle.jpg","2022-09-29",82,3241,3,"7-8232413","09/29/2022"
"3541","Russia","Russia","1 MP-2IM signals vehicle","captured","https://i.postimg.cc/3rcMRpWJ/1025-r149ma1.jpg","2022-09-29",83,3242,3,"7-8332423","09/29/2022"
"3542","Russia","Russia","2 R-439-MD2 SatCom Station","destroyed","https://i.postimg.cc/YqR0zD6k/1004-R-439-MD2-Sat-Com-Station.jpg","2022-09-29",84,3243,1,"7-8432431","09/29/2022"
"3543","Russia","Russia","2 R-439-MD2 SatCom Station","destroyed","https://i.postimg.cc/jjkTYvp7/1009-p-439.jpg","2022-09-29",84,3244,1,"7-8432441","09/29/2022"
"3544","Russia","Russia","2 Auriga-1.2V portable satellite communications station","destroyed","https://twitter.com/UAWeapons/status/1561761610653384707","2022-09-29",85,3245,1,"7-8532451","09/29/2022"
"3545","Russia","Russia","2 Auriga-1.2V portable satellite communications station","captured","https://i.postimg.cc/K89Wbk54/1009-auriga-1-2.jpg","2022-09-29",85,3246,3,"7-8532463","09/29/2022"
"3546","Russia","Russia","1 R-381T2M 1.5-3000 MHz radio monitoring station from a modernized R-381TM Taran-M automatic signals intelligence complex","captured","https://twitter.com/UAWeapons/status/1570456587575218176","2022-09-29",86,3247,3,"7-8632473","09/29/2022"
"3547","Russia","Russia","6 Unknown communications station based on the KamAZ 6x6","destroyed","https://i.postimg.cc/nz96tZjZ/665.jpg","2022-09-29",87,3248,1,"7-8732481","09/29/2022"
"3548","Russia","Russia","6 Unknown communications station based on the KamAZ 6x6","destroyed","https://i.postimg.cc/dQ9WZJqg/5g.jpg","2022-09-29",87,3249,1,"7-8732491","09/29/2022"
"3549","Russia","Russia","6 Unknown communications station based on the KamAZ 6x6","destroyed","https://i.postimg.cc/FKjdyfpS/1006.jpg","2022-09-29",87,3250,1,"7-8732501","09/29/2022"
"3550","Russia","Russia","6 Unknown communications station based on the KamAZ 6x6","destroyed","https://i.postimg.cc/X7nH9fx0/1028.jpg","2022-09-29",87,3251,1,"7-8732511","09/29/2022"
"3551","Russia","Russia","6 Unknown communications station based on the KamAZ 6x6","destroyed","https://i.postimg.cc/L6vyDJ0g/1029.jpg","2022-09-29",87,3252,1,"7-8732521","09/29/2022"
"3552","Russia","Russia","6 Unknown communications station based on the KamAZ 6x6","damaged","https://i.postimg.cc/DfxxKLnD/84.png","2022-09-29",87,3253,4,"7-8732534","09/29/2022"
"3553","Russia","Russia","6 Unknown communications station based on the KamAZ 6x6","captured","https://i.postimg.cc/DfxxKLnD/84.png","2022-09-29",87,3253,3,"7-8732533","09/29/2022"
"3554","Russia","Russia","Unknown communications station","destroyed","https://i.postimg.cc/43B99JVP/57.png","2022-09-29",88,3254,1,"7-8832541","09/29/2022"
"3555","Russia","Soviet Union","UR-67 mine clearing charge on BTR-D APC","captured","https://i.postimg.cc/RZ6Qvh6C/4689.png","2022-09-29",89,3255,3,"7-8932553","09/29/2022"
"3556","Russia","Soviet Union","UR-77 'Meteorit' mine clearing vehicle","destroyed","https://i.postimg.cc/JnHjSKMn/d1g.png","2022-09-29",90,3256,1,"7-9032561","09/29/2022"
"3557","Russia","Soviet Union","UR-77 'Meteorit' mine clearing vehicle","destroyed","https://i.postimg.cc/kXgfzxLc/18.png","2022-09-29",90,3257,1,"7-9032571","09/29/2022"
"3558","Russia","Soviet Union","UR-77 'Meteorit' mine clearing vehicle","destroyed","https://i.postimg.cc/KY66ntZp/6h.png","2022-09-29",90,3258,1,"7-9032581","09/29/2022"
"3559","Russia","Soviet Union","UR-77 'Meteorit' mine clearing vehicle","destroyed","https://i.postimg.cc/MGQ4KXy7/357.png","2022-09-29",90,3259,1,"7-9032591","09/29/2022"
"3560","Russia","Soviet Union","UR-77 'Meteorit' mine clearing vehicle","abandoned","https://i.postimg.cc/rppvJs6P/jj.jpg","2022-09-29",90,3260,2,"7-9032602","09/29/2022"
"3561","Russia","Soviet Union","UR-77 'Meteorit' mine clearing vehicle","abandoned","https://i.postimg.cc/kg2sTMNt/874.jpg","2022-09-29",90,3261,2,"7-9032612","09/29/2022"
"3562","Russia","Soviet Union","UR-77 'Meteorit' mine clearing vehicle","captured","https://i.postimg.cc/cCYk2x7p/3v.png","2022-09-29",90,3262,3,"7-9032623","09/29/2022"
"3563","Russia","Soviet Union","UR-77 'Meteorit' mine clearing vehicle","captured","https://i.postimg.cc/LsvJmvb8/d23.png","2022-09-29",90,3263,3,"7-9032633","09/29/2022"
"3564","Russia","Soviet Union","UR-77 'Meteorit' mine clearing vehicle","captured","https://i.postimg.cc/L5KQWwN3/dfg.png","2022-09-29",90,3264,3,"7-9032643","09/29/2022"
"3565","Russia","Soviet Union","UR-77 'Meteorit' mine clearing vehicle","captured","https://i.postimg.cc/hth2jxzy/2o9.jpg","2022-09-29",90,3265,3,"7-9032653","09/29/2022"
"3566","Russia","Soviet Union","UR-77 'Meteorit' mine clearing vehicle","captured","https://i.postimg.cc/2SKG8Qg0/4311.png","2022-09-29",90,3266,3,"7-9032663","09/29/2022"
"3567","Russia","Soviet Union","UR-77 'Meteorit' mine clearing vehicle","captured","https://i.postimg.cc/vZ102s4z/73.jpg","2022-09-29",90,3267,3,"7-9032673","09/29/2022"
"3568","Russia","Soviet Union","UR-77 'Meteorit' mine clearing vehicle","captured","https://i.postimg.cc/52mKQRjc/87.jpg","2022-09-29",90,3268,3,"7-9032683","09/29/2022"
"3569","Russia","Soviet Union","UR-77 'Meteorit' mine clearing vehicle","captured","https://i.postimg.cc/q7kqm4Cq/1004-UR77.jpg","2022-09-29",90,3269,3,"7-9032693","09/29/2022"
"3570","Russia","Soviet Union","UR-77 'Meteorit' mine clearing vehicle","captured","https://twitter.com/Blue_Sauron/status/1568895598777991169","2022-09-29",90,802,3,"7-908023","09/29/2022"
"3571","Russia","Soviet Union","UR-77 'Meteorit' mine clearing vehicle","captured","https://i.postimg.cc/4xqQS0vN/1022-ur77.jpg","2022-09-29",90,3270,3,"7-9032703","09/29/2022"
"3572","Russia","Soviet Union","UR-77 'Meteorit' mine clearing vehicle","captured","https://twitter.com/UAWeapons/status/1570342741913268225","2022-09-29",90,1315,3,"7-9013153","09/29/2022"
"3573","Russia","Soviet Union","UR-77 'Meteorit' mine clearing vehicle","captured","https://twitter.com/UAWeapons/status/1572936489314426883","2022-09-29",90,1323,3,"7-9013233","09/29/2022"
"3574","Russia","Soviet Union","UR-77 'Meteorit' mine clearing vehicle","captured","https://twitter.com/UAWeapons/status/1573697820699271168","2022-09-29",90,2150,3,"7-9021503","09/29/2022"
"3575","Russia","Soviet Union","GMZ-3 minelayer","captured","https://i.postimg.cc/wTmtwnYL/f79.png","2022-09-29",91,3271,3,"7-9132713","09/29/2022"
"3576","Russia","Soviet Union","GMZ-3 minelayer","captured","https://i.postimg.cc/NMCsWzrC/1015-GMZ3.jpg","2022-09-29",91,3272,3,"7-9132723","09/29/2022"
"3577","Russia","Russia","4 RKhM-6 Povozka","destroyed","https://i.postimg.cc/NG8KrfS1/4315.png","2022-09-29",92,3273,1,"7-9232731","09/29/2022"
"3578","Russia","Russia","4 RKhM-6 Povozka","destroyed","https://i.postimg.cc/VN4xdbdL/489.png","2022-09-29",92,270,1,"7-922701","09/29/2022"
"3579","Russia","Russia","4 RKhM-6 Povozka","destroyed","https://i.postimg.cc/Hkc4GppB/4436.png","2022-09-29",92,1012,1,"7-9210121","09/29/2022"
"3580","Russia","Russia","4 RKhM-6 Povozka","destroyed","https://i.postimg.cc/pXBzH5Qc/554.png","2022-09-29",92,3274,1,"7-9232741","09/29/2022"
"3581","Russia","Soviet Union","1 RKhM-6 CBRN reconnaissance vehicle","destroyed","https://twitter.com/UAWeapons/status/1569057880027832327","2022-09-29",93,2138,1,"7-9321381","09/29/2022"
"3582","Russia","Soviet Union","BAT-2 heavy engineering vehicle","destroyed","https://i.postimg.cc/vmBPJS7W/5570.png","2022-09-29",94,3275,1,"7-9432751","09/29/2022"
"3583","Russia","Soviet Union","BAT-2 heavy engineering vehicle","destroyed","https://i.postimg.cc/wMkkqNzn/77.jpg","2022-09-29",94,3276,1,"7-9432761","09/29/2022"
"3584","Russia","Soviet Union","BAT-2 heavy engineering vehicle","destroyed","https://twitter.com/UAWeapons/status/1536723515633713152","2022-09-29",94,3277,1,"7-9432771","09/29/2022"
"3585","Russia","Soviet Union","BAT-2 heavy engineering vehicle","captured","https://i.postimg.cc/L43d0fPV/679.jpg","2022-09-29",94,3278,3,"7-9432783","09/29/2022"
"3586","Russia","Soviet Union","BAT-2 heavy engineering vehicle","captured","https://i.postimg.cc/MTt8ymNz/7j.jpg","2022-09-29",94,3279,3,"7-9432793","09/29/2022"
"3587","Russia","Soviet Union","BAT-2 heavy engineering vehicle","captured","https://postimg.cc/wtPXX08d","2022-09-29",94,3280,3,"7-9432803","09/29/2022"
"3588","Russia","Soviet Union","BAT-2 heavy engineering vehicle","captured","https://i.postimg.cc/4dt0n9Cj/1002-bat2.jpg","2022-09-29",94,3281,3,"7-9432813","09/29/2022"
"3589","Russia","Soviet Union","MDK-3 trench-digging vehicle","destroyed","https://i.postimg.cc/8CK2DQyr/1001-MDK-3-trench-digging-vehicle.jpg","2022-09-29",95,3282,1,"7-9532821","09/29/2022"
"3590","Russia","Soviet Union","MDK-3 trench-digging vehicle","captured","https://i.postimg.cc/V6MwNVdy/678.jpg","2022-09-29",95,3283,3,"7-9532833","09/29/2022"
"3591","Russia","Soviet Union","1 PZM-2 trench-digging vehicle","captured","https://i.postimg.cc/pTRdMqjT/2022-05-16-PZM-2.jpg","2022-09-29",96,3284,3,"7-9632843","09/29/2022"
"3592","Russia","Soviet Union","BTS-4A armoured recovery vehicle","captured","https://i.postimg.cc/YCpFWxWy/326.jpg","2022-09-29",97,3285,3,"7-9732853","09/29/2022"
"3593","Russia","Soviet Union","BREM-1 armoured recovery vehicle","destroyed","https://i.postimg.cc/h45Xz03k/g99.jpg","2022-09-29",98,3286,1,"7-9832861","09/29/2022"
"3594","Russia","Soviet Union","BREM-1 armoured recovery vehicle","destroyed","https://i.postimg.cc/3JtnQvpZ/1501-BREM-1-2.jpg","2022-09-29",98,3287,1,"7-9832871","09/29/2022"
"3595","Russia","Soviet Union","BREM-1 armoured recovery vehicle","destroyed","https://twitter.com/UAWeapons/status/1569405928914538496","2022-09-29",98,761,1,"7-987611","09/29/2022"
"3596","Russia","Soviet Union","BREM-1 armoured recovery vehicle","abandoned","https://i.postimg.cc/J06KWRhW/460.png","2022-09-29",98,3288,2,"7-9832882","09/29/2022"
"3597","Russia","Soviet Union","BREM-1 armoured recovery vehicle","abandoned","https://i.postimg.cc/yxvxyCTy/54.jpg","2022-09-29",98,3289,2,"7-9832892","09/29/2022"
"3598","Russia","Soviet Union","BREM-1 armoured recovery vehicle","abandoned","https://i.postimg.cc/ydK0fB0M/336.jpg","2022-09-29",98,3290,2,"7-9832902","09/29/2022"
"3599","Russia","Soviet Union","BREM-1 armoured recovery vehicle","captured","https://i.postimg.cc/jjCsCJcK/4f1.png","2022-09-29",98,3291,3,"7-9832913","09/29/2022"
"3600","Russia","Soviet Union","BREM-1 armoured recovery vehicle","captured","https://i.postimg.cc/nLpYNwFC/6612.jpg","2022-09-29",98,3292,3,"7-9832923","09/29/2022"
"3601","Russia","Soviet Union","BREM-1 armoured recovery vehicle","captured","https://i.postimg.cc/6QhDBD3N/43f.jpg","2022-09-29",98,3293,3,"7-9832933","09/29/2022"
"3602","Russia","Soviet Union","BREM-1 armoured recovery vehicle","captured","https://i.postimg.cc/yNws36pc/67.jpg","2022-09-29",98,3294,3,"7-9832943","09/29/2022"
"3603","Russia","Soviet Union","BREM-1 armoured recovery vehicle","captured","https://i.postimg.cc/C15pzLHk/88.jpg","2022-09-29",98,3295,3,"7-9832953","09/29/2022"
"3604","Russia","Soviet Union","BREM-1 armoured recovery vehicle","captured","https://i.postimg.cc/yxrD20wD/y6.jpg","2022-09-29",98,3296,3,"7-9832963","09/29/2022"
"3605","Russia","Soviet Union","BREM-1 armoured recovery vehicle","captured","https://i.postimg.cc/50T9QN8p/87.jpg","2022-09-29",98,3297,3,"7-9832973","09/29/2022"
"3606","Russia","Soviet Union","BREM-1 armoured recovery vehicle","captured","https://i.postimg.cc/SKgsHmDS/44360.png","2022-09-29",98,3298,3,"7-9832983","09/29/2022"
"3607","Russia","Soviet Union","BREM-1 armoured recovery vehicle","captured","https://twitter.com/UAWeapons/status/1568992480909205504","2022-09-29",98,1659,3,"7-9816593","09/29/2022"
"3608","Russia","Soviet Union","BREM-1 armoured recovery vehicle","captured","https://twitter.com/Blue_Sauron/status/1568895598777991169","2022-09-29",98,802,3,"7-988023","09/29/2022"
"3609","Russia","Soviet Union","BREM-1 armoured recovery vehicle","captured","https://i.postimg.cc/GtW8q9kw/378.png","2022-09-29",98,3299,3,"7-9832993","09/29/2022"
"3610","Russia","Soviet Union","BREM-2 armoured recovery vehicle","captured","https://i.postimg.cc/Tw3ZqJDG/5g55.jpg","2022-09-29",99,3300,3,"7-9933003","09/29/2022"
"3611","Russia","Czech Republic","BREM-Ch ''BREM-4'' armoured recovery vehicle","destroyed","https://i.postimg.cc/vZwKZj3B/54.png","2022-09-29",100,3301,1,"7-10033011","09/29/2022"
"3612","Russia","Czech Republic","BREM-Ch ''BREM-4'' armoured recovery vehicle","destroyed","https://i.postimg.cc/hv8CrPwZ/358.png","2022-09-29",100,3302,1,"7-10033021","09/29/2022"
"3613","Russia","Czech Republic","BREM-Ch ''BREM-4'' armoured recovery vehicle","destroyed","https://postimg.cc/CnYp9Ng0","2022-09-29",100,3303,1,"7-10033031","09/29/2022"
"3614","Russia","Czech Republic","BREM-Ch ''BREM-4'' armoured recovery vehicle","abandoned","https://i.postimg.cc/NjJtF5qR/4775.png","2022-09-29",100,3304,2,"7-10033042","09/29/2022"
"3615","Russia","Czech Republic","BREM-Ch ''BREM-4'' armoured recovery vehicle","captured","https://i.postimg.cc/q7tSgdkM/f32.jpg","2022-09-29",100,3305,3,"7-10033053","09/29/2022"
"3616","Russia","Russia","2 BREM-D armoured recovery vehicle","destroyed","https://i.postimg.cc/j2M9ZzYT/1072-BREM-D.jpg","2022-09-29",101,3306,1,"7-10133061","09/29/2022"
"3617","Russia","Russia","2 BREM-D armoured recovery vehicle","captured","https://i.postimg.cc/4d0VLM84/1009.jpg","2022-09-29",101,3307,3,"7-10133073","09/29/2022"
"3618","Russia","Russia","BREM-K armoured recovery vehicle","captured","https://i.postimg.cc/mkmwnq7g/760.png","2022-09-29",102,3308,3,"7-10233083","09/29/2022"
"3619","Russia","Russia","BREM-K armoured recovery vehicle","captured","https://i.postimg.cc/QCTQ7QCg/Screenshot-8472.png","2022-09-29",102,3309,3,"7-10233093","09/29/2022"
"3620","Russia","Russia","4 REM-KL recovery vehicle","destroyed","https://i.postimg.cc/6pqKy17t/arv.jpg","2022-09-29",103,3310,1,"7-10333101","09/29/2022"
"3621","Russia","Russia","4 REM-KL recovery vehicle","destroyed","https://i.postimg.cc/Pr38LrZ3/1045-REM-KL.jpg","2022-09-29",103,3311,1,"7-10333111","09/29/2022"
"3622","Russia","Russia","4 REM-KL recovery vehicle","damaged","https://i.postimg.cc/gktrF01S/1001-REM-KL-Kamaz-6x6.jpg","2022-09-29",103,3312,4,"7-10333124","09/29/2022"
"3623","Russia","Russia","4 REM-KL recovery vehicle","captured","https://i.postimg.cc/6QZqppsj/f8.png","2022-09-29",103,3313,3,"7-10333133","09/29/2022"
"3624","Russia","Russia","2 MTP-A2 recovery vehicle","destroyed","https://postimg.cc/LJDhBJCm","2022-09-29",104,3314,1,"7-10433141","09/29/2022"
"3625","Russia","Russia","2 MTP-A2 recovery vehicle","destroyed","https://i.postimg.cc/63qtFWRs/truckk.jpg","2022-09-29",104,3315,1,"7-10433151","09/29/2022"
"3626","Russia","Russia","1 MTP-A2.1 recovery vehicle","destroyed","https://i.postimg.cc/wxst0mgY/1013.jpg","2022-09-29",105,3316,1,"7-10533161","09/29/2022"
"3627","Russia","Russia","Ural-4320 KET-L recovery vehicle","damaged","https://i.postimg.cc/SsQHDVNQ/5579.png","2022-09-29",106,3317,4,"7-10633174","09/29/2022"
"3628","Russia","Russia","Ural-4320 KET-L recovery vehicle","captured","https://i.postimg.cc/SsQHDVNQ/5579.png","2022-09-29",106,3317,3,"7-10633173","09/29/2022"
"3629","Russia","Russia","Ural-4320 KT-L recovery vehicle","destroyed","https://i.postimg.cc/k56F4gkW/3dg0.png","2022-09-29",107,3318,1,"7-10733181","09/29/2022"
"3630","Russia","Russia","Ural-4320 KT-L recovery vehicle","destroyed","https://i.postimg.cc/59mzVmtM/1046-Ural-4320-KT-L.jpg","2022-09-29",107,3319,1,"7-10733191","09/29/2022"
"3631","Russia","Russia","Ural-4320 KT-L recovery vehicle","captured","https://i.postimg.cc/qRxkVf5t/113.jpg","2022-09-29",107,3320,3,"7-10733203","09/29/2022"
"3632","Russia","Russia","Ural-4320 KT-L recovery vehicle","captured","https://i.postimg.cc/2yPmSYZz/678.jpg","2022-09-29",107,3321,3,"7-10733213","09/29/2022"
"3633","Russia","Soviet Union","17 IMR-2(M) combat engineering vehicle","destroyed","https://i.postimg.cc/xdbysNZ7/5548.png","2022-09-29",108,3322,1,"7-10833221","09/29/2022"
"3634","Russia","Soviet Union","17 IMR-2(M) combat engineering vehicle","destroyed","https://i.postimg.cc/KvrcH3BB/1000.jpg","2022-09-29",108,3323,1,"7-10833231","09/29/2022"
"3635","Russia","Soviet Union","17 IMR-2(M) combat engineering vehicle","abandoned","https://i.postimg.cc/d18bTNg1/4362.png","2022-09-29",108,3324,2,"7-10833242","09/29/2022"
"3636","Russia","Soviet Union","17 IMR-2(M) combat engineering vehicle","destroyed","https://i.postimg.cc/d18bTNg1/4362.png","2022-09-29",108,3324,1,"7-10833241","09/29/2022"
"3637","Russia","Soviet Union","17 IMR-2(M) combat engineering vehicle","destroyed","https://twitter.com/UAWeapons/status/1569292595997675523","2022-09-29",108,331,1,"7-1083311","09/29/2022"
"3638","Russia","Soviet Union","17 IMR-2(M) combat engineering vehicle","destroyed","https://i.postimg.cc/C5FR0yRS/1003-imr2.jpg","2022-09-29",108,3325,1,"7-10833251","09/29/2022"
"3639","Russia","Soviet Union","17 IMR-2(M) combat engineering vehicle","destroyed","https://twitter.com/UAWeapons/status/1574379264819941376","2022-09-29",108,1082,1,"7-10810821","09/29/2022"
"3640","Russia","Soviet Union","17 IMR-2(M) combat engineering vehicle","destroyed","https://i.postimg.cc/y89pZVy0/1025-imr2.jpg","2022-09-29",108,3326,1,"7-10833261","09/29/2022"
"3641","Russia","Soviet Union","17 IMR-2(M) combat engineering vehicle","abandoned","https://i.postimg.cc/Y2Jw09RD/684.png","2022-09-29",108,3327,2,"7-10833272","09/29/2022"
"3642","Russia","Soviet Union","17 IMR-2(M) combat engineering vehicle","abandoned","https://i.postimg.cc/w38nDgW5/655.jpg","2022-09-29",108,3328,2,"7-10833282","09/29/2022"
"3643","Russia","Soviet Union","17 IMR-2(M) combat engineering vehicle","damaged","https://i.postimg.cc/B6tqKYCg/1014-IMR2.jpg","2022-09-29",108,3329,4,"7-10833294","09/29/2022"
"3644","Russia","Soviet Union","17 IMR-2(M) combat engineering vehicle","abandoned","https://i.postimg.cc/B6tqKYCg/1014-IMR2.jpg","2022-09-29",108,3329,2,"7-10833292","09/29/2022"
"3645","Russia","Soviet Union","17 IMR-2(M) combat engineering vehicle","captured","https://i.postimg.cc/W3Hvh6fz/3d11.png","2022-09-29",108,3330,3,"7-10833303","09/29/2022"
"3646","Russia","Soviet Union","17 IMR-2(M) combat engineering vehicle","captured","https://i.postimg.cc/g2S91zMw/112.png","2022-09-29",108,3331,3,"7-10833313","09/29/2022"
"3647","Russia","Soviet Union","17 IMR-2(M) combat engineering vehicle","captured","https://i.postimg.cc/6qdxjZ3m/36h.png","2022-09-29",108,3332,3,"7-10833323","09/29/2022"
"3648","Russia","Soviet Union","17 IMR-2(M) combat engineering vehicle","captured","https://i.postimg.cc/KYXppvNB/769.png","2022-09-29",108,3333,3,"7-10833333","09/29/2022"
"3649","Russia","Soviet Union","17 IMR-2(M) combat engineering vehicle","captured","https://i.postimg.cc/DZNhJF13/6659.png","2022-09-29",108,3334,3,"7-10833343","09/29/2022"
"3650","Russia","Soviet Union","17 IMR-2(M) combat engineering vehicle","damaged","https://twitter.com/UAWeapons/status/1569229469990227970","2022-09-29",108,3335,4,"7-10833354","09/29/2022"
"3651","Russia","Soviet Union","17 IMR-2(M) combat engineering vehicle","captured","https://twitter.com/UAWeapons/status/1569229469990227970","2022-09-29",108,3335,3,"7-10833353","09/29/2022"
"3652","Russia","Soviet Union","17 IMR-2(M) combat engineering vehicle","captured","https://i.postimg.cc/2yqkm7Qk/1017-imr2.jpg","2022-09-29",108,3336,3,"7-10833363","09/29/2022"
"3653","Russia","Russia","IMR-3M combat engineering vehicle","damaged","https://i.postimg.cc/nhNhsWMr/48.png","2022-09-29",109,3337,4,"7-10933374","09/29/2022"
"3654","Russia","Russia","IMR-3M combat engineering vehicle","captured","https://i.postimg.cc/nhNhsWMr/48.png","2022-09-29",109,3337,3,"7-10933373","09/29/2022"
"3655","Russia","Soviet Union","10 PTS-3 tracked amphibious transport","destroyed","https://i.postimg.cc/fLxxvMJ8/4770.png","2022-09-29",110,3338,1,"7-11033381","09/29/2022"
"3656","Russia","Soviet Union","10 PTS-3 tracked amphibious transport","destroyed","https://i.postimg.cc/BQ3qcwCh/1027.jpg","2022-09-29",110,3339,1,"7-11033391","09/29/2022"
"3657","Russia","Soviet Union","10 PTS-3 tracked amphibious transport","destroyed","https://i.postimg.cc/JzZgB6PQ/5g6.jpg","2022-09-29",110,3340,1,"7-11033401","09/29/2022"
"3658","Russia","Soviet Union","10 PTS-3 tracked amphibious transport","destroyed","https://twitter.com/UAWeapons/status/1560705939996643331","2022-09-29",110,3341,1,"7-11033411","09/29/2022"
"3659","Russia","Soviet Union","10 PTS-3 tracked amphibious transport","damaged","https://i.postimg.cc/65MmYqgR/776.jpg","2022-09-29",110,3342,4,"7-11033424","09/29/2022"
"3660","Russia","Soviet Union","10 PTS-3 tracked amphibious transport","abandoned","https://i.postimg.cc/65MmYqgR/776.jpg","2022-09-29",110,3342,2,"7-11033422","09/29/2022"
"3661","Russia","Soviet Union","10 PTS-3 tracked amphibious transport","abandoned","https://i.postimg.cc/Z5VK9XR3/v77.png","2022-09-29",110,3343,2,"7-11033432","09/29/2022"
"3662","Russia","Soviet Union","10 PTS-3 tracked amphibious transport","abandoned","https://i.postimg.cc/DzNv6s1w/v88.png","2022-09-29",110,3344,2,"7-11033442","09/29/2022"
"3663","Russia","Soviet Union","10 PTS-3 tracked amphibious transport","abandoned","https://i.postimg.cc/sDCVYrG0/431.png","2022-09-29",110,3345,2,"7-11033452","09/29/2022"
"3664","Russia","Soviet Union","10 PTS-3 tracked amphibious transport","abandoned","https://twitter.com/UAWeapons/status/1551593956743516160","2022-09-29",110,3346,2,"7-11033462","09/29/2022"
"3665","Russia","Soviet Union","10 PTS-3 tracked amphibious transport","captured","https://i.postimg.cc/yxSbRpfX/66.png","2022-09-29",110,3347,3,"7-11033473","09/29/2022"
"3666","Russia","Soviet Union","TMM-3 bridge layer","destroyed","https://i.postimg.cc/HxVW1CCJ/Screenshot-8212.png","2022-09-29",111,3348,1,"7-11133481","09/29/2022"
"3667","Russia","Soviet Union","TMM-3 bridge layer","destroyed","https://i.postimg.cc/XNywbSdd/6653.jpg","2022-09-29",111,3349,1,"7-11133491","09/29/2022"
"3668","Russia","Soviet Union","TMM-3 bridge layer","destroyed","https://i.postimg.cc/vHpcq96d/ff4.jpg","2022-09-29",111,3350,1,"7-11133501","09/29/2022"
"3669","Russia","Soviet Union","TMM-3 bridge layer","destroyed","https://i.postimg.cc/BQ8jBNbg/ff5.jpg","2022-09-29",111,3351,1,"7-11133511","09/29/2022"
"3670","Russia","Soviet Union","TMM-3 bridge layer","destroyed","https://i.postimg.cc/2jKsLmBy/4h7.png","2022-09-29",111,3352,1,"7-11133521","09/29/2022"
"3671","Russia","Soviet Union","TMM-3 bridge layer","destroyed","https://i.postimg.cc/CLNcvHW1/12.png","2022-09-29",111,3353,1,"7-11133531","09/29/2022"
"3672","Russia","Soviet Union","TMM-3 bridge layer","destroyed","https://i.postimg.cc/Bnnp26pF/2022-09-15-Kam-AZ-Bridge.png","2022-09-29",111,3354,1,"7-11133541","09/29/2022"
"3673","Russia","Soviet Union","TMM-3 bridge layer","abandoned","https://i.postimg.cc/C1DyRDFk/h89.jpg","2022-09-29",111,3355,2,"7-11133552","09/29/2022"
"3674","Russia","Soviet Union","TMM-3 bridge layer","abandoned","https://i.postimg.cc/rpPCMn2C/b89.png","2022-09-29",111,3356,2,"7-11133562","09/29/2022"
"3675","Russia","Soviet Union","TMM-3 bridge layer","damaged","https://i.postimg.cc/85dm6pjK/44565.png","2022-09-29",111,3357,4,"7-11133574","09/29/2022"
"3676","Russia","Soviet Union","TMM-3 bridge layer","abandoned","https://i.postimg.cc/85dm6pjK/44565.png","2022-09-29",111,3357,2,"7-11133572","09/29/2022"
"3677","Russia","Soviet Union","TMM-3 bridge layer","damaged","https://i.postimg.cc/MpYMvFpy/33160.png","2022-09-29",111,3358,4,"7-11133584","09/29/2022"
"3678","Russia","Soviet Union","TMM-3 bridge layer","captured","https://i.postimg.cc/MpYMvFpy/33160.png","2022-09-29",111,3358,3,"7-11133583","09/29/2022"
"3679","Russia","Soviet Union","TMM-3 bridge layer","damaged","https://i.postimg.cc/9fkRL7G3/762.jpg","2022-09-29",111,3359,4,"7-11133594","09/29/2022"
"3680","Russia","Soviet Union","TMM-3 bridge layer","captured","https://i.postimg.cc/9fkRL7G3/762.jpg","2022-09-29",111,3359,3,"7-11133593","09/29/2022"
"3681","Russia","Soviet Union","TMM-3 bridge layer","damaged","https://i.postimg.cc/FHXkWBMt/699.png","2022-09-29",111,3360,4,"7-11133604","09/29/2022"
"3682","Russia","Soviet Union","TMM-3 bridge layer","captured","https://i.postimg.cc/FHXkWBMt/699.png","2022-09-29",111,3360,3,"7-11133603","09/29/2022"
"3683","Russia","Soviet Union","TMM-3 bridge layer","captured","https://i.postimg.cc/L6LThN8t/315.png","2022-09-29",111,3361,3,"7-11133613","09/29/2022"
"3684","Russia","Soviet Union","TMM-3 bridge layer","captured","https://i.postimg.cc/FRhY7mzP/75.png","2022-09-29",111,3362,3,"7-11133623","09/29/2022"
"3685","Russia","Soviet Union","TMM-3 bridge layer","captured","https://i.postimg.cc/X7wjb8tg/Screenshot-8214.png","2022-09-29",111,3363,3,"7-11133633","09/29/2022"
"3686","Russia","Soviet Union","TMM-3 bridge layer","captured","https://i.postimg.cc/Y0Fpjf0M/Screenshot-8216.png","2022-09-29",111,3364,3,"7-11133643","09/29/2022"
"3687","Russia","Soviet Union","TMM-3 bridge layer","captured","https://i.postimg.cc/FHN9sS4X/Screenshot-8217.png","2022-09-29",111,3365,3,"7-11133653","09/29/2022"
"3688","Russia","Soviet Union","TMM-3 bridge layer","captured","https://i.postimg.cc/y8cSr8c9/3321.png","2022-09-29",111,3366,3,"7-11133663","09/29/2022"
"3689","Russia","Soviet Union","TMM-3 bridge layer","captured","https://i.postimg.cc/bJJr8yDm/f6.png","2022-09-29",111,3367,3,"7-11133673","09/29/2022"
"3690","Russia","Soviet Union","TMM-3 bridge layer","captured","https://i.postimg.cc/bJcHhFdy/32dd.png","2022-09-29",111,3368,3,"7-11133683","09/29/2022"
"3691","Russia","Soviet Union","TMM-3 bridge layer","captured","https://i.postimg.cc/XqyXXmYs/75.png","2022-09-29",111,3369,3,"7-11133693","09/29/2022"
"3692","Russia","Soviet Union","TMM-3 bridge layer","captured","https://i.postimg.cc/283hr2WJ/tm1.jpg","2022-09-29",111,3370,3,"7-11133703","09/29/2022"
"3693","Russia","Soviet Union","TMM-3 bridge layer","captured","https://i.postimg.cc/Jh3BPgwy/tm2.jpg","2022-09-29",111,3371,3,"7-11133713","09/29/2022"
"3694","Russia","Soviet Union","TMM-3 bridge layer","captured","https://i.postimg.cc/KvdwSrzj/889.jpg","2022-09-29",111,3372,3,"7-11133723","09/29/2022"
"3695","Russia","Russia","MTU-72 bridge layer","captured","https://i.postimg.cc/prZTvrWj/43ff.png","2022-09-29",112,3373,3,"7-11233733","09/29/2022"
"3696","Russia","Soviet Union","PMP floating bridge","destroyed","https://i.postimg.cc/2SK7crq5/4g.png","2022-09-29",113,3374,1,"7-11333741","09/29/2022"
"3697","Russia","Soviet Union","PMP floating bridge","destroyed","https://i.postimg.cc/vZ108y86/j767.jpg","2022-09-29",113,3375,1,"7-11333751","09/29/2022"
"3698","Russia","Soviet Union","PMP floating bridge","destroyed","https://i.postimg.cc/fy2tcnWQ/hh665.jpg","2022-09-29",113,3376,1,"7-11333761","09/29/2022"
"3699","Russia","Soviet Union","PMP floating bridge","destroyed","https://postimg.cc/PPCrNt2t","2022-09-29",113,3377,1,"7-11333771","09/29/2022"
"3700","Russia","Soviet Union","PMP floating bridge","destroyed","https://i.postimg.cc/y8h2z56N/2022-09-26-PMP-floating-bridge.jpg","2022-09-29",113,3378,1,"7-11333781","09/29/2022"
"3701","Russia","Soviet Union","PMP floating bridge","damaged","https://postimg.cc/mtdZGRwb","2022-09-29",113,3379,4,"7-11333794","09/29/2022"
"3702","Russia","Soviet Union","PMP floating bridge","captured","https://postimg.cc/mtdZGRwb","2022-09-29",113,3379,3,"7-11333793","09/29/2022"
"3703","Russia","Russia","PP-2005 floating bridge","destroyed","https://i.postimg.cc/nc4DjtyY/f43.png","2022-09-29",114,3380,1,"7-11433801","09/29/2022"
"3704","Russia","Russia","PP-2005 floating bridge","destroyed","https://i.postimg.cc/nrCPzsdX/68.jpg","2022-09-29",114,3381,1,"7-11433811","09/29/2022"
"3705","Russia","Russia","PP-2005 floating bridge","destroyed","https://i.postimg.cc/hPRrkJmV/p1.jpg","2022-09-29",114,3382,1,"7-11433821","09/29/2022"
"3706","Russia","Russia","PP-2005 floating bridge","destroyed","https://i.postimg.cc/05wnXGz8/p2.jpg","2022-09-29",114,3383,1,"7-11433831","09/29/2022"
"3707","Russia","Russia","PP-2005 floating bridge","destroyed","https://i.postimg.cc/ydhL2cnR/32d.png","2022-09-29",114,3384,1,"7-11433841","09/29/2022"
"3708","Russia","Russia","PP-2005 floating bridge","destroyed","https://postimg.cc/xcptSm9t","2022-09-29",114,3385,1,"7-11433851","09/29/2022"
"3709","Russia","Russia","PP-2005 floating bridge","destroyed","https://i.postimg.cc/RhsSCCsp/54g.jpg","2022-09-29",114,3386,1,"7-11433861","09/29/2022"
"3710","Russia","Russia","PP-2005 floating bridge","damaged","https://i.postimg.cc/s2M12CLf/32d3.png","2022-09-29",114,3387,4,"7-11433874","09/29/2022"
"3711","Russia","Russia","PP-2005 floating bridge","abandoned","https://i.postimg.cc/s2M12CLf/32d3.png","2022-09-29",114,3387,2,"7-11433872","09/29/2022"
"3712","Russia","Russia","PP-2005 floating bridge","damaged","https://i.postimg.cc/59RWtr9r/da2.jpg","2022-09-29",114,3388,4,"7-11433884","09/29/2022"
"3713","Russia","Russia","PP-2005 floating bridge","abandoned","https://i.postimg.cc/59RWtr9r/da2.jpg","2022-09-29",114,3388,2,"7-11433882","09/29/2022"
"3714","Russia","Russia","PP-2005 floating bridge","damaged","https://i.postimg.cc/9Q33dq7t/da1.jpg","2022-09-29",114,3389,4,"7-11433894","09/29/2022"
"3715","Russia","Russia","PP-2005 floating bridge","abandoned","https://i.postimg.cc/9Q33dq7t/da1.jpg","2022-09-29",114,3389,2,"7-11433892","09/29/2022"
"3716","Russia","Russia","PP-2005 floating bridge","abandoned","https://i.postimg.cc/WbxvqjmQ/g1.png","2022-09-29",114,3390,2,"7-11433902","09/29/2022"
"3717","Russia","Russia","PP-2005 floating bridge","abandoned","https://i.postimg.cc/V6M6jB13/32d3.png","2022-09-29",114,3391,2,"7-11433912","09/29/2022"
"3718","Russia","Russia","PP-2005 floating bridge","abandoned","https://i.postimg.cc/FKCXJCg1/ggg56.jpg","2022-09-29",114,3392,2,"7-11433922","09/29/2022"
"3719","Russia","Russia","PP-2005 floating bridge","abandoned","https://i.postimg.cc/7LjDWQCd/55441.jpg","2022-09-29",114,3393,2,"7-11433932","09/29/2022"
"3720","Russia","Russia","PP-2005 floating bridge","abandoned","https://i.postimg.cc/VsShLBGs/ff2.jpg","2022-09-29",114,3394,2,"7-11433942","09/29/2022"
"3721","Russia","Russia","PP-2005 floating bridge","captured","https://i.postimg.cc/T2c1BPwc/73.png","2022-09-29",114,3395,3,"7-11433953","09/29/2022"
"3722","Russia","Russia","PP-2005 floating bridge","captured","https://postimg.cc/yJjkVD4D","2022-09-29",114,3396,3,"7-11433963","09/29/2022"
"3723","Russia","Russia","PP-2005 floating bridge","captured","https://i.postimg.cc/P55BWBXd/58.png","2022-09-29",114,3397,3,"7-11433973","09/29/2022"
"3724","Russia","Russia","Pontoon bridge","destroyed","https://postlmg.cc/pmLtNfk9","2022-09-29",115,3398,1,"7-11533981","09/29/2022"
"3725","Russia","Russia","Pontoon bridge","destroyed","https://i.postimg.cc/Rh0jw5gt/5990.png","2022-09-29",115,3399,1,"7-11533991","09/29/2022"
"3726","Russia","Russia","Pontoon bridge","destroyed","https://i.postimg.cc/VvjJCp8W/465.jpg","2022-09-29",115,3400,1,"7-11534001","09/29/2022"
"3727","Russia","Russia","Pontoon bridge","destroyed","https://i.postimg.cc/85FGLNRs/2d.png","2022-09-29",115,3401,1,"7-11534011","09/29/2022"
"3728","Russia","Russia","Pontoon bridge","destroyed","https://i.postimg.cc/HkVDJgWT/1047-pontoon-bridge.jpg","2022-09-29",115,3402,1,"7-11534021","09/29/2022"
"3729","Russia","Russia","Pontoon bridge","abandoned","https://i.postimg.cc/FHRc7y1Q/657.png","2022-09-29",115,3403,2,"7-11534032","09/29/2022"
"3730","Russia","Russia","Pontoon bridge","captured","https://i.postimg.cc/7ZQSBQz3/c1.jpg","2022-09-29",115,3404,3,"7-11534043","09/29/2022"
"3731","Russia","Russia","Pontoon bridge","captured","https://i.postimg.cc/bwvQ9jZY/c2.jpg","2022-09-29",115,3405,3,"7-11534053","09/29/2022"
"3732","Russia","Russia","Pontoon bridge","captured","https://i.postimg.cc/J4yMTsbF/3d5.png","2022-09-29",115,3406,3,"7-11534063","09/29/2022"
"3733","Russia","Soviet Union","BMK-130M/BMK-150 towing and motor boat","captured","https://postimg.cc/8JyXzynr","2022-09-29",116,3407,3,"7-11634073","09/29/2022"
"3734","Russia","Soviet Union","BMK-460 towing and motor boat","destroyed","https://i.postimg.cc/Y045LRwF/4311.png","2022-09-29",117,3408,1,"7-11734081","09/29/2022"
"3735","Russia","Soviet Union","BMK-460 towing and motor boat","destroyed","https://i.postimg.cc/SKBDfx9w/4f4.jpg","2022-09-29",117,3409,1,"7-11734091","09/29/2022"
"3736","Russia","Soviet Union","BMK-460 towing and motor boat","destroyed","https://i.postimg.cc/BbQHy0Hh/kamaaz.jpg","2022-09-29",117,3410,1,"7-11734101","09/29/2022"
"3737","Russia","Soviet Union","BMK-460 towing and motor boat","abandoned","https://i.postimg.cc/x1SSzyhr/6h5.png","2022-09-29",117,3411,2,"7-11734112","09/29/2022"
"3738","Russia","Soviet Union","BMK-460 towing and motor boat","abandoned","https://i.postimg.cc/dQhHKCYh/87j.png","2022-09-29",117,3412,2,"7-11734122","09/29/2022"
"3739","Russia","Soviet Union","BMK-460 towing and motor boat","abandoned","https://i.postimg.cc/6q81dyJS/4f70.png","2022-09-29",117,3413,2,"7-11734132","09/29/2022"
"3740","Russia","Soviet Union","BMK-460 towing and motor boat","abandoned","https://i.postimg.cc/hj9Ln38X/442.jpg","2022-09-29",117,3414,2,"7-11734142","09/29/2022"
"3741","Russia","Soviet Union","BMK-460 towing and motor boat","abandoned","https://i.postimg.cc/L4NSYhXX/554f.jpg","2022-09-29",117,3415,2,"7-11734152","09/29/2022"
"3742","Russia","Soviet Union","BMK-460 towing and motor boat","abandoned","https://i.postimg.cc/hPxWtr7P/INqk1cd-M-jpg-large.jpg","2022-09-29",117,3416,2,"7-11734162","09/29/2022"
"3743","Russia","Soviet Union","KrAZ-255B with excavator","destroyed","https://i.postimg.cc/JzMycVvC/2s.png","2022-09-29",118,3417,1,"7-11834171","09/29/2022"
"3744","Russia","Russia","KamAZ-5350 with EOV-3523 excavator","destroyed","https://i.postimg.cc/tTr6V12R/m99.jpg","2022-09-29",119,3418,1,"7-11934181","09/29/2022"
"3745","Russia","Russia","KamAZ-5350 with EOV-3523 excavator","destroyed","https://postimg.cc/F1SGt9BP","2022-09-29",119,3419,1,"7-11934191","09/29/2022"
"3746","Russia","Russia","KamAZ-5350 with EOV-3523 excavator","destroyed","https://i.postimg.cc/xd2cNGZx/1089-Kam-AZ-5350-with-EOV-3523-Excavator.jpg","2022-09-29",119,3420,1,"7-11934201","09/29/2022"
"3747","Russia","Russia","KamAZ-5350 with EOV-3523 excavator","captured","https://i.postimg.cc/bvhJB8xz/774.png","2022-09-29",119,3421,3,"7-11934213","09/29/2022"
"3748","Russia","Russia","KamAZ-5350 with EOV-3523 excavator","captured","https://i.postimg.cc/dQZQWvBp/Screenshot-8218.png","2022-09-29",119,3422,3,"7-11934223","09/29/2022"
"3749","Russia","Russia","KamAZ-5350 with EOV-3523 excavator","captured","https://i.postimg.cc/T30TyPdL/Screenshot-8219.png","2022-09-29",119,3423,3,"7-11934233","09/29/2022"
"3750","Russia","Russia","KamAZ-5350 with EOV-3523 excavator","captured","https://i.postimg.cc/1tZrSqJQ/41.png","2022-09-29",119,3424,3,"7-11934243","09/29/2022"
"3751","Russia","Russia","6 KamAZ-5350 with KS-45719-7M crane","destroyed","https://i.postimg.cc/m2PYCSvv/6y.jpg","2022-09-29",120,3425,1,"7-12034251","09/29/2022"
"3752","Russia","Russia","6 KamAZ-5350 with KS-45719-7M crane","destroyed","https://i.postimg.cc/YSsBvNM7/09.png","2022-09-29",120,3426,1,"7-12034261","09/29/2022"
"3753","Russia","Russia","6 KamAZ-5350 with KS-45719-7M crane","destroyed","https://i.postimg.cc/Nf94MY0K/431.jpg","2022-09-29",120,3427,1,"7-12034271","09/29/2022"
"3754","Russia","Russia","6 KamAZ-5350 with KS-45719-7M crane","damaged","https://i.postimg.cc/brrYjVdG/1015.jpg","2022-09-29",120,3428,4,"7-12034284","09/29/2022"
"3755","Russia","Russia","6 KamAZ-5350 with KS-45719-7M crane","captured","https://i.postimg.cc/9fxS9VtW/v3.jpg","2022-09-29",120,3429,3,"7-12034293","09/29/2022"
"3756","Russia","Russia","6 KamAZ-5350 with KS-45719-7M crane","captured","https://i.postimg.cc/QCJWDwSM/1003-Kam-AZ-5350-with-KS-45719-7-M-crane.jpg","2022-09-29",120,3430,3,"7-12034303","09/29/2022"
"3757","Russia","Russia","KamAZ-5350 with crane","destroyed","https://i.postimg.cc/zXtR3QK8/744.png","2022-09-29",121,3431,1,"7-12134311","09/29/2022"
"3758","Russia","Russia","Ural-4320 with KS-3574M3 or KS-3574M crane","destroyed","https://i.postimg.cc/W3Hvh6fz/3d11.png","2022-09-29",122,3330,1,"7-12233301","09/29/2022"
"3759","Russia","Russia","Ural-4320 with KS-3574M3 or KS-3574M crane","destroyed","https://postimg.cc/JHk4ZQPn","2022-09-29",122,3432,1,"7-12234321","09/29/2022"
"3760","Russia","Russia","Ural-4320 with KS-3574M3 or KS-3574M crane","destroyed","https://i.postimg.cc/d1m4Nhmp/1016-Ural-4320-with-KS-3574-M3-or-KS-3574-M-crane.jpg","2022-09-29",122,3433,1,"7-12234331","09/29/2022"
"3761","Russia","Russia","Ural-4320 with KS-3574M3 or KS-3574M crane","captured","https://i.postimg.cc/tJgS3W4d/8.png","2022-09-29",122,3434,3,"7-12234343","09/29/2022"
"3762","Russia","Russia","2 KamAZ KMV-10V boom crane truck","destroyed","https://i.postimg.cc/L5Xq6HWm/1090-Kam-AZ-KMV-10-V-Boom-Crane-Truck.jpg","2022-09-29",123,3435,1,"7-12334351","09/29/2022"
"3763","Russia","Russia","2 KamAZ KMV-10V boom crane truck","captured","https://twitter.com/UAWeapons/status/1569229430765289472","2022-09-29",123,2754,3,"7-12327543","09/29/2022"
"3764","Russia","Russia","Ural-4320 with excavator","destroyed","https://i.postimg.cc/c4yxc120/65.jpg","2022-09-29",124,3436,1,"7-12434361","09/29/2022"
"3765","Russia","Russia","1 ED2x30-T400-3RA mobile generator","damaged","https://i.postimg.cc/y8Y4TJHv/318.png","2022-09-29",125,3437,4,"7-12534374","09/29/2022"
"3766","Russia","Russia","1 Mobile generator for Podlet-K1 low-altitude S-band surveillance radar","destroyed","https://twitter.com/UAWeapons/status/1549523824521216002","2022-09-29",126,3210,1,"7-12632101","09/29/2022"
"3767","Russia","Russia","1 MTO-UB1 maintenance vehicle","destroyed","https://i.postimg.cc/ydXDmNrD/uuuuraal4320.jpg","2022-09-29",127,3438,1,"7-12734381","09/29/2022"
"3768","Russia","Russia","2 MTO-AT mobile workshop","destroyed","https://i.postimg.cc/nrQBMBh6/u5.png","2022-09-29",128,3439,1,"7-12834391","09/29/2022"
"3769","Russia","Russia","2 MTO-AT mobile workshop","captured","https://i.postimg.cc/sXNfYtmn/1009.jpg","2022-09-29",128,3440,3,"7-12834403","09/29/2022"
"3770","Russia","Russia","1 MTO-AG-3M","destroyed","https://i.postimg.cc/SNmqGPbJ/1079-MTO-AG-3-M.jpg","2022-09-29",129,3441,1,"7-12934411","09/29/2022"
"3771","Russia","Russia","1 ARS-14U decontamination and degassing vehicle","destroyed","https://postimg.cc/jWGDT456","2022-09-29",130,3442,1,"7-13034421","09/29/2022"
"3772","Russia","Russia","1 Uran-6 mine-clearing robotic system","destroyed","https://twitter.com/UAWeapons/status/1575454077823090688","2022-09-29",131,3443,1,"7-13134431","09/29/2022"
"3773","Russia","Soviet Union","9P148 Konkurs","destroyed","https://i.postimg.cc/43GZYGB5/438.jpg","2022-09-29",132,3444,1,"7-13234441","09/29/2022"
"3774","Russia","Soviet Union","9P148 Konkurs","destroyed","https://twitter.com/UAWeapons/status/1527988430063316992","2022-09-29",132,3445,1,"7-13234451","09/29/2022"
"3775","Russia","Soviet Union","21 9P149 Shturm-S","destroyed","https://i.postimg.cc/FKPZs7Ws/874.png","2022-09-29",133,3446,1,"7-13334461","09/29/2022"
"3776","Russia","Soviet Union","21 9P149 Shturm-S","destroyed","https://i.postimg.cc/bJcwNx58/4431.jpg","2022-09-29",133,3447,1,"7-13334471","09/29/2022"
"3777","Russia","Soviet Union","21 9P149 Shturm-S","destroyed","https://i.postimg.cc/NFK5gWWf/4766.jpg","2022-09-29",133,3448,1,"7-13334481","09/29/2022"
"3778","Russia","Soviet Union","21 9P149 Shturm-S","destroyed","https://twitter.com/UAWeapons/status/1522928504937066497","2022-09-29",133,3449,1,"7-13334491","09/29/2022"
"3779","Russia","Soviet Union","21 9P149 Shturm-S","destroyed","https://i.postimg.cc/Qt0c2KGH/88j.jpg","2022-09-29",133,3450,1,"7-13334501","09/29/2022"
"3780","Russia","Soviet Union","21 9P149 Shturm-S","abandoned","https://i.postimg.cc/Qdw6LXPV/98u.png","2022-09-29",133,3451,2,"7-13334512","09/29/2022"
"3781","Russia","Soviet Union","21 9P149 Shturm-S","abandoned","https://i.postimg.cc/8PNsyDd1/3f.jpg","2022-09-29",133,3452,2,"7-13334522","09/29/2022"
"3782","Russia","Soviet Union","21 9P149 Shturm-S","abandoned","https://i.postimg.cc/QNk4QVWH/1f.png","2022-09-29",133,3453,2,"7-13334532","09/29/2022"
"3783","Russia","Soviet Union","21 9P149 Shturm-S","abandoned","https://i.postimg.cc/3JJmTx8c/77666.jpg","2022-09-29",133,3454,2,"7-13334542","09/29/2022"
"3784","Russia","Soviet Union","21 9P149 Shturm-S","captured","https://i.postimg.cc/NGyCzZHk/69.png","2022-09-29",133,3455,3,"7-13334553","09/29/2022"
"3785","Russia","Soviet Union","21 9P149 Shturm-S","captured","https://i.postimg.cc/5N0Bfk9M/4gd.png","2022-09-29",133,3456,3,"7-13334563","09/29/2022"
"3786","Russia","Soviet Union","21 9P149 Shturm-S","captured","https://i.postimg.cc/x1RP0Bm9/60.png","2022-09-29",133,3457,3,"7-13334573","09/29/2022"
"3787","Russia","Soviet Union","21 9P149 Shturm-S","captured","https://i.postimg.cc/j58tKX6Z/36.jpg","2022-09-29",133,3458,3,"7-13334583","09/29/2022"
"3788","Russia","Soviet Union","21 9P149 Shturm-S","captured","https://i.postimg.cc/gk7vsT8v/556.jpg","2022-09-29",133,3459,3,"7-13334593","09/29/2022"
"3789","Russia","Soviet Union","21 9P149 Shturm-S","captured","https://i.postimg.cc/TYcXSg7R/h65.jpg","2022-09-29",133,3460,3,"7-13334603","09/29/2022"
"3790","Russia","Soviet Union","21 9P149 Shturm-S","captured","https://i.postimg.cc/NF6wQHQk/h66.jpg","2022-09-29",133,3461,3,"7-13334613","09/29/2022"
"3791","Russia","Soviet Union","21 9P149 Shturm-S","captured","https://i.postimg.cc/DyV9PVmv/h7.jpg","2022-09-29",133,3462,3,"7-13334623","09/29/2022"
"3792","Russia","Soviet Union","21 9P149 Shturm-S","captured","https://i.postimg.cc/XqDwsNYC/1010.jpg","2022-09-29",133,3463,3,"7-13334633","09/29/2022"
"3793","Russia","Soviet Union","21 9P149 Shturm-S","captured","https://i.postimg.cc/44YrQL44/1025-shrurm-s.jpg","2022-09-29",133,3464,3,"7-13334643","09/29/2022"
"3794","Russia","Soviet Union","21 9P149 Shturm-S","captured","https://i.postimg.cc/7L4Q4KzW/1015-mtlb.jpg","2022-09-29",133,3465,3,"7-13334653","09/29/2022"
"3795","Russia","Russia","9P163M-1 Kornet-T","destroyed","https://i.postimg.cc/sfbm5Dp3/image.jpg","2022-09-29",134,3466,1,"7-13434661","09/29/2022"
"3796","Russia","Russia","9P163M-1 Kornet-T","destroyed","https://i.postimg.cc/LswcjT8T/h65.jpg","2022-09-29",134,3467,1,"7-13434671","09/29/2022"
"3797","Russia","Soviet Union","120mm 2B11/2S12","destroyed","https://i.postimg.cc/C5Bc8jtt/3d.png","2022-09-29",135,3468,1,"7-13534681","09/29/2022"
"3798","Russia","Soviet Union","120mm 2B11/2S12","destroyed","https://i.postimg.cc/zf5MFNC0/6688.jpg","2022-09-29",135,3469,1,"7-13534691","09/29/2022"
"3799","Russia","Soviet Union","120mm 2B11/2S12","destroyed","https://i.postimg.cc/vmm1qg3V/763.jpg","2022-09-29",135,3470,1,"7-13534701","09/29/2022"
"3800","Russia","Soviet Union","120mm 2B11/2S12","captured","https://i.postimg.cc/SKhJwYXP/4703.png","2022-09-29",135,3471,3,"7-13534713","09/29/2022"
"3801","Russia","Soviet Union","120mm 2B11/2S12","captured","https://i.postimg.cc/Xv95D8vY/579.png","2022-09-29",135,3472,3,"7-13534723","09/29/2022"
"3802","Russia","Soviet Union","120mm 2B11/2S12","captured","https://i.postimg.cc/mrwKqRw8/Screenshot-8952.png","2022-09-29",135,3473,3,"7-13534733","09/29/2022"
"3803","Russia","Soviet Union","120mm 2B11/2S12","captured","https://i.postimg.cc/SNc6Bh3F/524.png","2022-09-29",135,3474,3,"7-13534743","09/29/2022"
"3804","Russia","Soviet Union","120mm 2B11/2S12","captured","https://postlmg.cc/TKFDDmpP","2022-09-29",135,3475,3,"7-13534753","09/29/2022"
"3805","Russia","Russia","120mm 2B11/2S12A","destroyed","https://i.postimg.cc/Wzp2YBkD/d2.jpg","2022-09-29",136,3476,1,"7-13634761","09/29/2022"
"3806","Russia","Russia","120mm 2B11/2S12A","destroyed","https://twitter.com/UAWeapons/status/1565383263954378752","2022-09-29",136,3477,1,"7-13634771","09/29/2022"
"3807","Russia","Russia","120mm 2B11/2S12A","captured","https://i.postimg.cc/x11CC0NR/550.png","2022-09-29",136,3478,3,"7-13634783","09/29/2022"
"3808","Russia","Russia","120mm 2B11/2S12A","captured","https://postimg.cc/BtXGBmDp","2022-09-29",136,3479,3,"7-13634793","09/29/2022"
"3809","Russia","Soviet Union","4 2B9 Vasilek 82mm automatic gun mortar","destroyed","https://i.postimg.cc/wBtGg83R/1015-Ural-truck-2-B9-Vasilek-82mm-automatic-gun-mortar.jpg","2022-09-29",137,3480,1,"7-13734801","09/29/2022"
"3810","Russia","Soviet Union","4 2B9 Vasilek 82mm automatic gun mortar","captured","https://i.postimg.cc/fb3wwD8m/1011-2-B9-Vasilek.png","2022-09-29",137,3481,3,"7-13734813","09/29/2022"
"3811","Russia","Soviet Union","4 2B9 Vasilek 82mm automatic gun mortar","captured","https://i.postimg.cc/KYdmjwWV/1012-2-B9-Vasilek.png","2022-09-29",137,3482,3,"7-13734823","09/29/2022"
"3812","Russia","Soviet Union","4 2B9 Vasilek 82mm automatic gun mortar","captured","https://twitter.com/UAWeapons/status/1572585885274865665","2022-09-29",137,3483,3,"7-13734833","09/29/2022"
"3813","Russia","Russia","Unknown heavy mortar","destroyed","https://twitter.com/UAWeapons/status/1538167865471385602","2022-09-29",138,3484,1,"7-13834841","09/29/2022"
"3814","Russia","Russia","Unknown heavy mortar","destroyed","https://i.postimg.cc/50hM6yN9/1007-120mm-mortar.jpg","2022-09-29",138,3485,1,"7-13834851","09/29/2022"
"3815","Russia","Soviet Union","1 1V110 BM-21 Grad battery command vehicle","captured","https://i.postimg.cc/VLV92mk5/433.png","2022-09-29",139,3486,3,"7-13934863","09/29/2022"
"3816","Russia","Soviet Union","1 1V110 BM-21 Grad battery command vehicle","destroyed","https://i.postimg.cc/VLV92mk5/433.png","2022-09-29",139,3486,1,"7-13934861","09/29/2022"
"3817","Russia","Soviet Union","10 1V13(M) battery fire control center","destroyed","https://i.postimg.cc/BnQf3bzx/d134.jpg","2022-09-29",140,3487,1,"7-14034871","09/29/2022"
"3818","Russia","Soviet Union","10 1V13(M) battery fire control center","abandoned","https://i.postimg.cc/c4K0H35q/3211.png","2022-09-29",140,3488,2,"7-14034882","09/29/2022"
"3819","Russia","Soviet Union","10 1V13(M) battery fire control center","destroyed","https://i.postimg.cc/c4K0H35q/3211.png","2022-09-29",140,3488,1,"7-14034881","09/29/2022"
"3820","Russia","Soviet Union","10 1V13(M) battery fire control center","abandoned","https://i.postimg.cc/132LjY94/3213.png","2022-09-29",140,3489,2,"7-14034892","09/29/2022"
"3821","Russia","Soviet Union","10 1V13(M) battery fire control center","destroyed","https://i.postimg.cc/132LjY94/3213.png","2022-09-29",140,3489,1,"7-14034891","09/29/2022"
"3822","Russia","Soviet Union","10 1V13(M) battery fire control center","abandoned","https://i.postimg.cc/gc14s4Fb/a2.png","2022-09-29",140,3490,2,"7-14034902","09/29/2022"
"3823","Russia","Soviet Union","10 1V13(M) battery fire control center","captured","https://i.postimg.cc/MG0ThV5C/335.png","2022-09-29",140,3491,3,"7-14034913","09/29/2022"
"3824","Russia","Soviet Union","10 1V13(M) battery fire control center","captured","https://i.postimg.cc/zvT9vXFV/4ff.png","2022-09-29",140,3492,3,"7-14034923","09/29/2022"
"3825","Russia","Soviet Union","10 1V13(M) battery fire control center","captured","https://i.postimg.cc/QdsVWrSW/4311.png","2022-09-29",140,3493,3,"7-14034933","09/29/2022"
"3826","Russia","Soviet Union","10 1V13(M) battery fire control center","captured","https://i.postimg.cc/7684qCHZ/76j.png","2022-09-29",140,3494,3,"7-14034943","09/29/2022"
"3827","Russia","Soviet Union","10 1V13(M) battery fire control center","captured","https://i.postimg.cc/CxNMsZpw/f4311.jpg","2022-09-29",140,3495,3,"7-14034953","09/29/2022"
"3828","Russia","Soviet Union","10 1V13(M) battery fire control center","captured","https://postimg.cc/hJ81CDDV","2022-09-29",140,3496,3,"7-14034963","09/29/2022"
"3829","Russia","Soviet Union","10 1V13(M) battery fire control center","captured","https://i.postimg.cc/jC0Hsf1B/1001-1v12.png","2022-09-29",140,3497,3,"7-14034973","09/29/2022"
"3830","Russia","Soviet Union","8 1V14 battery command and forward observer vehicle","destroyed","https://i.postimg.cc/J4v1XMvj/1000.jpg","2022-09-29",141,3498,1,"7-14134981","09/29/2022"
"3831","Russia","Soviet Union","8 1V14 battery command and forward observer vehicle","abandoned","https://i.postimg.cc/63JZBWDQ/b76.png","2022-09-29",141,3499,2,"7-14134992","09/29/2022"
"3832","Russia","Soviet Union","8 1V14 battery command and forward observer vehicle","damaged","https://i.postimg.cc/sDTPR0kN/23.jpg","2022-09-29",141,3500,4,"7-14135004","09/29/2022"
"3833","Russia","Soviet Union","8 1V14 battery command and forward observer vehicle","captured","https://i.postimg.cc/sDTPR0kN/23.jpg","2022-09-29",141,3500,3,"7-14135003","09/29/2022"
"3834","Russia","Soviet Union","8 1V14 battery command and forward observer vehicle","captured","https://i.postimg.cc/xjmrvypy/516.png","2022-09-29",141,3501,3,"7-14135013","09/29/2022"
"3835","Russia","Soviet Union","8 1V14 battery command and forward observer vehicle","captured","https://i.postimg.cc/kgStdT9g/da.jpg","2022-09-29",141,3502,3,"7-14135023","09/29/2022"
"3836","Russia","Soviet Union","8 1V14 battery command and forward observer vehicle","captured","https://i.postimg.cc/CxxL2f5y/31f.png","2022-09-29",141,3503,3,"7-14135033","09/29/2022"
"3837","Russia","Soviet Union","8 1V14 battery command and forward observer vehicle","captured","https://postimg.cc/ZBZZ2kjm","2022-09-29",141,3504,3,"7-14135043","09/29/2022"
"3838","Russia","Soviet Union","8 1V14 battery command and forward observer vehicle","captured","https://i.postimg.cc/Qx92WtWg/1028-1v14.jpg","2022-09-29",141,3505,3,"7-14135053","09/29/2022"
"3839","Russia","Soviet Union","1 1V15M fire control and observation vehicle","destroyed","https://i.postimg.cc/6pHdsDmg/13.png","2022-09-29",142,3506,1,"7-14235061","09/29/2022"
"3840","Russia","Soviet Union","1V119 artillery fire direction vehicle","destroyed","https://i.postimg.cc/xT3kGN3J/f48.png","2022-09-29",143,3507,1,"7-14335071","09/29/2022"
"3841","Russia","Soviet Union","1V119 artillery fire direction vehicle","destroyed","https://i.postimg.cc/VvNbGBZ8/h6.jpg","2022-09-29",143,3508,1,"7-14335081","09/29/2022"
"3842","Russia","Soviet Union","1V119 artillery fire direction vehicle","captured","https://i.postimg.cc/tgYSCmW7/g76.png","2022-09-29",143,3509,3,"7-14335093","09/29/2022"
"3843","Russia","Soviet Union","1V119 artillery fire direction vehicle","captured","https://i.postimg.cc/J7kqnFJ0/ff2v.jpg","2022-09-29",143,3510,3,"7-14335103","09/29/2022"
"3844","Russia","Soviet Union","1V119 artillery fire direction vehicle","captured","https://i.postimg.cc/25yxPDFB/d18.png","2022-09-29",143,3511,3,"7-14335113","09/29/2022"
"3845","Russia","Soviet Union","1V119 artillery fire direction vehicle","captured","https://i.postimg.cc/jdkFKNbv/f1.png","2022-09-29",143,3512,3,"7-14335123","09/29/2022"
"3846","Russia","Soviet Union","1V119 artillery fire direction vehicle","captured","https://i.postimg.cc/PfK9K2XV/652.png","2022-09-29",143,3513,3,"7-14335133","09/29/2022"
"3847","Russia","Russia","1 1V1003 command and observation vehicle (for 1V198 artillery fire control system)","captured","https://twitter.com/UAWeapons/status/1571945145846710274","2022-09-29",144,3514,3,"7-14435143","09/29/2022"
"3848","Russia","Soviet Union","24 9T452 transporter-loader (for BM-27 'Uragan' MRL)","destroyed","https://i.postimg.cc/QNzHJ4Yk/n2.png","2022-09-29",145,3515,1,"7-14535151","09/29/2022"
"3849","Russia","Soviet Union","24 9T452 transporter-loader (for BM-27 'Uragan' MRL)","destroyed","https://i.postimg.cc/Qdy34PjC/d34.jpg","2022-09-29",145,3516,1,"7-14535161","09/29/2022"
"3850","Russia","Soviet Union","24 9T452 transporter-loader (for BM-27 'Uragan' MRL)","destroyed","https://i.postimg.cc/PxqrrXw4/t4.jpg","2022-09-29",145,3517,1,"7-14535171","09/29/2022"
"3851","Russia","Soviet Union","24 9T452 transporter-loader (for BM-27 'Uragan' MRL)","destroyed","https://i.postimg.cc/L6g5180Q/t5.jpg","2022-09-29",145,3518,1,"7-14535181","09/29/2022"
"3852","Russia","Soviet Union","24 9T452 transporter-loader (for BM-27 'Uragan' MRL)","destroyed","https://i.postimg.cc/sX4BXjKH/t6.jpg","2022-09-29",145,3519,1,"7-14535191","09/29/2022"
"3853","Russia","Soviet Union","24 9T452 transporter-loader (for BM-27 'Uragan' MRL)","destroyed","https://i.postimg.cc/C5Mr6Bt6/p-SBgo-B4-B-jpg-large.jpg","2022-09-29",145,3520,1,"7-14535201","09/29/2022"
"3854","Russia","Soviet Union","24 9T452 transporter-loader (for BM-27 'Uragan' MRL)","destroyed","https://twitter.com/UAWeapons/status/1520042517382766592","2022-09-29",145,3521,1,"7-14535211","09/29/2022"
"3855","Russia","Soviet Union","24 9T452 transporter-loader (for BM-27 'Uragan' MRL)","destroyed","https://i.postimg.cc/zGJzBKWH/18.png","2022-09-29",145,3522,1,"7-14535221","09/29/2022"
"3856","Russia","Soviet Union","24 9T452 transporter-loader (for BM-27 'Uragan' MRL)","destroyed","https://i.postimg.cc/g2NY6jqS/41.png","2022-09-29",145,3523,1,"7-14535231","09/29/2022"
"3857","Russia","Soviet Union","24 9T452 transporter-loader (for BM-27 'Uragan' MRL)","destroyed","https://twitter.com/UAWeapons/status/1536421907679129600","2022-09-29",145,3524,1,"7-14535241","09/29/2022"
"3858","Russia","Soviet Union","24 9T452 transporter-loader (for BM-27 'Uragan' MRL)","destroyed","https://i.postimg.cc/xTTBw0gn/1020.jpg","2022-09-29",145,3525,1,"7-14535251","09/29/2022"
"3859","Russia","Soviet Union","24 9T452 transporter-loader (for BM-27 'Uragan' MRL)","destroyed","https://twitter.com/UAWeapons/status/1544042293442875392","2022-09-29",145,3526,1,"7-14535261","09/29/2022"
"3860","Russia","Soviet Union","24 9T452 transporter-loader (for BM-27 'Uragan' MRL)","destroyed","https://i.postimg.cc/2Smyg1Wg/1000.jpg","2022-09-29",145,3527,1,"7-14535271","09/29/2022"
"3861","Russia","Soviet Union","24 9T452 transporter-loader (for BM-27 'Uragan' MRL)","destroyed","https://i.postimg.cc/t45Jb9tJ/1001.jpg","2022-09-29",145,3528,1,"7-14535281","09/29/2022"
"3862","Russia","Soviet Union","24 9T452 transporter-loader (for BM-27 'Uragan' MRL)","destroyed","https://twitter.com/Blue_Sauron/status/1569356938714009603","2022-09-29",145,3529,1,"7-14535291","09/29/2022"
"3863","Russia","Soviet Union","24 9T452 transporter-loader (for BM-27 'Uragan' MRL)","captured","https://i.postimg.cc/YCyjYGwT/dd3.jpg","2022-09-29",145,3530,3,"7-14535303","09/29/2022"
"3864","Russia","Soviet Union","24 9T452 transporter-loader (for BM-27 'Uragan' MRL)","captured","https://i.postimg.cc/KvPYBTtf/76.jpg","2022-09-29",145,3531,3,"7-14535313","09/29/2022"
"3865","Russia","Soviet Union","24 9T452 transporter-loader (for BM-27 'Uragan' MRL)","captured","https://i.postimg.cc/CMrjXScX/78.png","2022-09-29",145,3532,3,"7-14535323","09/29/2022"
"3866","Russia","Soviet Union","24 9T452 transporter-loader (for BM-27 'Uragan' MRL)","captured","https://i.postimg.cc/Jh5998QP/5588.jpg","2022-09-29",145,3533,3,"7-14535333","09/29/2022"
"3867","Russia","Soviet Union","24 9T452 transporter-loader (for BM-27 'Uragan' MRL)","captured","https://i.postimg.cc/Nfvm2pYM/47h.jpg","2022-09-29",145,3534,3,"7-14535343","09/29/2022"
"3868","Russia","Soviet Union","24 9T452 transporter-loader (for BM-27 'Uragan' MRL)","captured","https://twitter.com/UAWeapons/status/1570032496397455361","2022-09-29",145,3535,3,"7-14535353","09/29/2022"
"3869","Russia","Russia","TZM-T reloader vehicle (for TOS-1A)","destroyed","https://twitter.com/UAWeapons/status/1527564800041140226","2022-09-29",146,3536,1,"7-14635361","09/29/2022"
"3870","Russia","Russia","TZM-T reloader vehicle (for TOS-1A)","destroyed","https://i.postimg.cc/8P2r4854/d35.png","2022-09-29",146,3537,1,"7-14635371","09/29/2022"
"3871","Russia","Russia","TZM-T reloader vehicle (for TOS-1A)","abandoned","https://i.postimg.cc/3wM0txDr/4b.png","2022-09-29",146,3538,2,"7-14635382","09/29/2022"
"3872","Russia","Russia","TZM-T reloader vehicle (for TOS-1A)","destroyed","https://i.postimg.cc/3wM0txDr/4b.png","2022-09-29",146,3538,1,"7-14635381","09/29/2022"
"3873","Russia","Russia","TZM-T reloader vehicle (for TOS-1A)","abandoned","https://i.postimg.cc/T20m5nwc/5422.png","2022-09-29",146,3539,2,"7-14635392","09/29/2022"
"3874","Russia","Russia","TZM-T reloader vehicle (for TOS-1A)","destroyed","https://i.postimg.cc/T20m5nwc/5422.png","2022-09-29",146,3539,1,"7-14635391","09/29/2022"
"3875","Russia","Russia","TZM-T reloader vehicle (for TOS-1A)","captured","https://i.postimg.cc/BbJkL3hg/5f3.png","2022-09-29",146,3540,3,"7-14635403","09/29/2022"
"3876","Russia","Russia","TZM-T reloader vehicle (for TOS-1A)","captured","https://i.postimg.cc/gjSZQCQQ/468.png","2022-09-29",146,3541,3,"7-14635413","09/29/2022"
"3877","Russia","Russia","TZM-T reloader vehicle (for TOS-1A)","captured","https://i.postimg.cc/T1ZNX9Br/568.png","2022-09-29",146,3542,3,"7-14635423","09/29/2022"
"3878","Russia","Russia","TZM-T reloader vehicle (for TOS-1A)","captured","https://i.postimg.cc/289VZp85/5788.png","2022-09-29",146,3543,3,"7-14635433","09/29/2022"
"3879","Russia","Russia","1 PRP-4A Argus artillery reconnaissance vehicle","captured","https://i.postimg.cc/D0zgxyKF/1005-PRP-4-A-Argus-artillery-reconnaissance-vehicle.jpg","2022-09-29",147,3544,3,"7-14735443","09/29/2022"
"3880","Russia","Soviet Union","5 100mm MT-12 anti-tank gun","destroyed","https://twitter.com/UAWeapons/status/1522214564380569605","2022-09-29",148,1010,1,"7-14810101","09/29/2022"
"3881","Russia","Soviet Union","5 100mm MT-12 anti-tank gun","captured","https://i.postimg.cc/85pqC5hy/4y.png","2022-09-29",148,3545,3,"7-14835453","09/29/2022"
"3882","Russia","Soviet Union","5 100mm MT-12 anti-tank gun","captured","https://i.postimg.cc/HLLcDxQ0/1003-mt-12-rapira.jpg","2022-09-29",148,3546,3,"7-14835463","09/29/2022"
"3883","Russia","Soviet Union","5 100mm MT-12 anti-tank gun","captured","https://twitter.com/UAWeapons/status/1568338907950899203","2022-09-29",148,3547,3,"7-14835473","09/29/2022"
"3884","Russia","Soviet Union","5 100mm MT-12 anti-tank gun","captured","https://twitter.com/UAWeapons/status/1568985785176571913","2022-09-29",148,1304,3,"7-14813043","09/29/2022"
"3885","Russia","Soviet Union","8 120mm 2B16 Nona-K howitzer","destroyed","https://postimg.cc/qgLv3gdk","2022-09-29",149,3548,1,"7-14935481","09/29/2022"
"3886","Russia","Soviet Union","8 120mm 2B16 Nona-K howitzer","abandoned","https://i.postimg.cc/5jcQqnzn/hhj.jpg","2022-09-29",149,3549,2,"7-14935492","09/29/2022"
"3887","Russia","Soviet Union","8 120mm 2B16 Nona-K howitzer","abandoned","https://i.postimg.cc/sfM2Rn9R/f13.png","2022-09-29",149,3550,2,"7-14935502","09/29/2022"
"3888","Russia","Soviet Union","8 120mm 2B16 Nona-K howitzer","damaged","https://i.postimg.cc/q79rzL7Q/478.png","2022-09-29",149,3551,4,"7-14935514","09/29/2022"
"3889","Russia","Soviet Union","8 120mm 2B16 Nona-K howitzer","captured","https://i.postimg.cc/q79rzL7Q/478.png","2022-09-29",149,3551,3,"7-14935513","09/29/2022"
"3890","Russia","Soviet Union","8 120mm 2B16 Nona-K howitzer","captured","https://i.postimg.cc/wx2TJysb/4f2.jpg","2022-09-29",149,3552,3,"7-14935523","09/29/2022"
"3891","Russia","Soviet Union","8 120mm 2B16 Nona-K howitzer","captured","https://i.postimg.cc/QMJ8sWbG/n43.png","2022-09-29",149,3553,3,"7-14935533","09/29/2022"
"3892","Russia","Soviet Union","8 120mm 2B16 Nona-K howitzer","captured","https://i.postimg.cc/d0khcfdf/776.jpg","2022-09-29",149,3554,3,"7-14935543","09/29/2022"
"3893","Russia","Soviet Union","8 120mm 2B16 Nona-K howitzer","captured","https://twitter.com/UAWeapons/status/1554068137083117569","2022-09-29",149,3555,3,"7-14935553","09/29/2022"
"3894","Russia","Soviet Union","30 122mm D-30 howitzer","destroyed","https://i.postimg.cc/3wSr3YWv/g66.png","2022-09-29",150,3556,1,"7-15035561","09/29/2022"
"3895","Russia","Soviet Union","30 122mm D-30 howitzer","destroyed","https://postimg.cc/HcRgYnF5","2022-09-29",150,3557,1,"7-15035571","09/29/2022"
"3896","Russia","Soviet Union","30 122mm D-30 howitzer","abandoned","https://i.postimg.cc/DwP0wn1y/Screenshot-8485.png","2022-09-29",150,3558,2,"7-15035582","09/29/2022"
"3897","Russia","Soviet Union","30 122mm D-30 howitzer","abandoned","https://i.postimg.cc/XJ8bh0Y3/57.png","2022-09-29",150,3559,2,"7-15035592","09/29/2022"
"3898","Russia","Soviet Union","30 122mm D-30 howitzer","captured","https://postimg.cc/hzvFw3c2","2022-09-29",150,3560,3,"7-15035603","09/29/2022"
"3899","Russia","Soviet Union","30 122mm D-30 howitzer","captured","https://i.postimg.cc/DzQV61cq/dbb.png","2022-09-29",150,3561,3,"7-15035613","09/29/2022"
"3900","Russia","Soviet Union","30 122mm D-30 howitzer","captured","https://i.postimg.cc/j2rw6ZJ8/4f0.png","2022-09-29",150,3562,3,"7-15035623","09/29/2022"
"3901","Russia","Soviet Union","30 122mm D-30 howitzer","captured","https://i.postimg.cc/yND9cys5/5j.png","2022-09-29",150,3563,3,"7-15035633","09/29/2022"
"3902","Russia","Soviet Union","30 122mm D-30 howitzer","captured","https://i.postimg.cc/tTCN00pb/776.png","2022-09-29",150,3564,3,"7-15035643","09/29/2022"
"3903","Russia","Soviet Union","30 122mm D-30 howitzer","captured","https://i.postimg.cc/G9nprdqq/d25.png","2022-09-29",150,3565,3,"7-15035653","09/29/2022"
"3904","Russia","Soviet Union","30 122mm D-30 howitzer","captured","https://i.postimg.cc/J4SbdYFW/555.jpg","2022-09-29",150,3566,3,"7-15035663","09/29/2022"
"3905","Russia","Soviet Union","30 122mm D-30 howitzer","captured","https://i.postimg.cc/QtWtZFpF/j77.jpg","2022-09-29",150,3567,3,"7-15035673","09/29/2022"
"3906","Russia","Soviet Union","30 122mm D-30 howitzer","captured","https://i.postimg.cc/fLHffrmc/31d.png","2022-09-29",150,3568,3,"7-15035683","09/29/2022"
"3907","Russia","Soviet Union","30 122mm D-30 howitzer","damaged","https://i.postimg.cc/ZRrPVHSv/1169-d30.jpg","2022-09-29",150,3569,4,"7-15035694","09/29/2022"
"3908","Russia","Soviet Union","30 122mm D-30 howitzer","captured","https://i.postimg.cc/ZRrPVHSv/1169-d30.jpg","2022-09-29",150,3569,3,"7-15035693","09/29/2022"
"3909","Russia","Soviet Union","152mm D-20 gun-howitzer","destroyed","https://i.postimg.cc/sxxtHy7x/38.png","2022-09-29",151,3570,1,"7-15135701","09/29/2022"
"3910","Russia","Soviet Union","152mm D-20 gun-howitzer","captured","https://twitter.com/UAWeapons/status/1570491371903131649","2022-09-29",151,3571,3,"7-15135713","09/29/2022"
"3911","Russia","Soviet Union","48 152mm 2A65 Msta-B howitzer","destroyed","https://i.postimg.cc/prGV0k4f/Screenshot-8069.png","2022-09-29",152,3572,1,"7-15235721","09/29/2022"
"3912","Russia","Soviet Union","48 152mm 2A65 Msta-B howitzer","destroyed","https://i.postimg.cc/05cN22jz/Screenshot-8075.png","2022-09-29",152,3573,1,"7-15235731","09/29/2022"
"3913","Russia","Soviet Union","48 152mm 2A65 Msta-B howitzer","destroyed","https://i.postimg.cc/2Sv4t0Pb/b90.png","2022-09-29",152,3574,1,"7-15235741","09/29/2022"
"3914","Russia","Soviet Union","48 152mm 2A65 Msta-B howitzer","destroyed","https://i.postimg.cc/KcLNcy8g/84.jpg","2022-09-29",152,3575,1,"7-15235751","09/29/2022"
"3915","Russia","Soviet Union","48 152mm 2A65 Msta-B howitzer","destroyed","https://i.postimg.cc/3NHnkBVw/65h.jpg","2022-09-29",152,3576,1,"7-15235761","09/29/2022"
"3916","Russia","Soviet Union","48 152mm 2A65 Msta-B howitzer","destroyed","https://i.postimg.cc/QCBzM1tb/31.png","2022-09-29",152,3577,1,"7-15235771","09/29/2022"
"3917","Russia","Soviet Union","48 152mm 2A65 Msta-B howitzer","destroyed","https://twitter.com/UAWeapons/status/1520364599098462214","2022-09-29",152,3578,1,"7-15235781","09/29/2022"
"3918","Russia","Soviet Union","48 152mm 2A65 Msta-B howitzer","destroyed","https://i.postimg.cc/Znpnx6jR/988.jpg","2022-09-29",152,3579,1,"7-15235791","09/29/2022"
"3919","Russia","Soviet Union","48 152mm 2A65 Msta-B howitzer","destroyed","https://twitter.com/UAWeapons/status/1535017098765914129","2022-09-29",152,3580,1,"7-15235801","09/29/2022"
"3920","Russia","Soviet Union","48 152mm 2A65 Msta-B howitzer","destroyed","https://twitter.com/UAWeapons/status/1537523302951944195","2022-09-29",152,3581,1,"7-15235811","09/29/2022"
"3921","Russia","Soviet Union","48 152mm 2A65 Msta-B howitzer","destroyed","https://twitter.com/UAWeapons/status/1540049725042425861","2022-09-29",152,3582,1,"7-15235821","09/29/2022"
"3922","Russia","Soviet Union","48 152mm 2A65 Msta-B howitzer","destroyed","https://twitter.com/UAWeapons/status/1562761884800991233","2022-09-29",152,3583,1,"7-15235831","09/29/2022"
"3923","Russia","Soviet Union","48 152mm 2A65 Msta-B howitzer","destroyed","https://twitter.com/UAWeapons/status/1566403272050720769","2022-09-29",152,3584,1,"7-15235841","09/29/2022"
"3924","Russia","Soviet Union","48 152mm 2A65 Msta-B howitzer","destroyed","https://twitter.com/Blue_Sauron/status/1569280342531665922","2022-09-29",152,3585,1,"7-15235851","09/29/2022"
"3925","Russia","Soviet Union","48 152mm 2A65 Msta-B howitzer","destroyed","https://i.postimg.cc/1zBM000d/1002-msta-b.jpg","2022-09-29",152,3586,1,"7-15235861","09/29/2022"
"3926","Russia","Soviet Union","48 152mm 2A65 Msta-B howitzer","destroyed","https://twitter.com/UAWeapons/status/1574464545006854144","2022-09-29",152,3587,1,"7-15235871","09/29/2022"
"3927","Russia","Soviet Union","48 152mm 2A65 Msta-B howitzer","damaged","https://i.postimg.cc/yYx8J43v/Screenshot-8073.png","2022-09-29",152,3588,4,"7-15235884","09/29/2022"
"3928","Russia","Soviet Union","48 152mm 2A65 Msta-B howitzer","damaged","https://postimg.cc/q6CYJkkd","2022-09-29",152,3589,4,"7-15235894","09/29/2022"
"3929","Russia","Soviet Union","48 152mm 2A65 Msta-B howitzer","damaged","https://i.postimg.cc/Y9xbmgHf/6655.jpg","2022-09-29",152,3590,4,"7-15235904","09/29/2022"
"3930","Russia","Soviet Union","48 152mm 2A65 Msta-B howitzer","damaged","https://i.postimg.cc/QCTj6V1n/1003-1x-2-A65-Msta-B-damaged.jpg","2022-09-29",152,3591,4,"7-15235914","09/29/2022"
"3931","Russia","Soviet Union","48 152mm 2A65 Msta-B howitzer","abandoned","https://i.postimg.cc/13CTS2R9/431f.png","2022-09-29",152,3592,2,"7-15235922","09/29/2022"
"3932","Russia","Soviet Union","48 152mm 2A65 Msta-B howitzer","captured","https://i.postimg.cc/fyyLqsyT/45.png","2022-09-29",152,3593,3,"7-15235933","09/29/2022"
"3933","Russia","Soviet Union","48 152mm 2A65 Msta-B howitzer","captured","https://i.postimg.cc/v8NzV8Dr/ml.jpg","2022-09-29",152,3594,3,"7-15235943","09/29/2022"
"3934","Russia","Soviet Union","48 152mm 2A65 Msta-B howitzer","captured","https://i.postimg.cc/PxnRQvP2/57.png","2022-09-29",152,3595,3,"7-15235953","09/29/2022"
"3935","Russia","Soviet Union","48 152mm 2A65 Msta-B howitzer","captured","https://i.postimg.cc/NGX2Bc6r/c1.jpg","2022-09-29",152,3596,3,"7-15235963","09/29/2022"
"3936","Russia","Soviet Union","48 152mm 2A65 Msta-B howitzer","captured","https://i.postimg.cc/j5wwWVBm/c2.jpg","2022-09-29",152,3597,3,"7-15235973","09/29/2022"
"3937","Russia","Soviet Union","48 152mm 2A65 Msta-B howitzer","captured","https://i.postimg.cc/J0Ncj6gb/b56.jpg","2022-09-29",152,3598,3,"7-15235983","09/29/2022"
"3938","Russia","Soviet Union","48 152mm 2A65 Msta-B howitzer","captured","https://i.postimg.cc/NMzvD0kR/540.jpg","2022-09-29",152,3599,3,"7-15235993","09/29/2022"
"3939","Russia","Soviet Union","48 152mm 2A65 Msta-B howitzer","captured","https://i.postimg.cc/MK5RVChf/76j.png","2022-09-29",152,3600,3,"7-15236003","09/29/2022"
"3940","Russia","Soviet Union","48 152mm 2A65 Msta-B howitzer","captured","https://i.postimg.cc/hPHYt3Gw/67.png","2022-09-29",152,3601,3,"7-15236013","09/29/2022"
"3941","Russia","Soviet Union","48 152mm 2A65 Msta-B howitzer","captured","https://postimg.cc/phhtFG0p","2022-09-29",152,3602,3,"7-15236023","09/29/2022"
"3942","Russia","Soviet Union","48 152mm 2A65 Msta-B howitzer","damaged","https://i.postimg.cc/4338Nym4/1024-msta-b.jpg","2022-09-29",152,3603,4,"7-15236034","09/29/2022"
"3943","Russia","Soviet Union","48 152mm 2A65 Msta-B howitzer","captured","https://i.postimg.cc/4338Nym4/1024-msta-b.jpg","2022-09-29",152,3603,3,"7-15236033","09/29/2022"
"3944","Russia","Soviet Union","48 152mm 2A65 Msta-B howitzer","captured","https://twitter.com/UAWeapons/status/1568337843084206081","2022-09-29",152,3604,3,"7-15236043","09/29/2022"
"3945","Russia","Soviet Union","48 152mm 2A65 Msta-B howitzer","captured","https://twitter.com/UAWeapons/status/1569407860018225156","2022-09-29",152,3605,3,"7-15236053","09/29/2022"
"3946","Russia","Soviet Union","48 152mm 2A65 Msta-B howitzer","captured","https://twitter.com/UAWeapons/status/1569229430765289472","2022-09-29",152,2754,3,"7-15227543","09/29/2022"
"3947","Russia","Soviet Union","48 152mm 2A65 Msta-B howitzer","captured","https://twitter.com/UAWeapons/status/1571505879068942338","2022-09-29",152,1320,3,"7-15213203","09/29/2022"
"3948","Russia","Soviet Union","48 152mm 2A65 Msta-B howitzer","captured","https://twitter.com/UAWeapons/status/1573080312158076929","2022-09-29",152,3606,3,"7-15236063","09/29/2022"
"3949","Russia","Soviet Union","48 152mm 2A65 Msta-B howitzer","captured","https://twitter.com/UAWeapons/status/1574871051091189763","2022-09-29",152,3607,3,"7-15236073","09/29/2022"
"3950","Russia","Soviet Union","2 152mm 2A36 Giatsint-B:","destroyed","https://i.postimg.cc/NFvjMfrz/1015-2-A36-Giatsint-B.jpg","2022-09-29",153,3608,1,"7-15336081","09/29/2022"
"3951","Russia","Soviet Union","2 152mm 2A36 Giatsint-B:","captured","https://twitter.com/UAWeapons/status/1572616448601735181","2022-09-29",153,3609,3,"7-15336093","09/29/2022"
"3952","Russia","Soviet Union","4 Unknown towed artillery","destroyed","https://twitter.com/Blue_Sauron/status/1545642114486263808","2022-09-29",154,3610,1,"7-15436101","09/29/2022"
"3953","Russia","Soviet Union","4 Unknown towed artillery","destroyed","https://twitter.com/Blue_Sauron/status/1546433071335063558","2022-09-29",154,3611,1,"7-15436111","09/29/2022"
"3954","Russia","Soviet Union","4 Unknown towed artillery","destroyed","https://i.postimg.cc/3w5D0yxC/1034-unkn-towed-arty.jpg","2022-09-29",154,3612,1,"7-15436121","09/29/2022"
"3955","Russia","Soviet Union","120mm 2S9 Nona","destroyed","https://i.postimg.cc/Hs4Pk04p/443.png","2022-09-29",155,2412,1,"7-15524121","09/29/2022"
"3956","Russia","Soviet Union","120mm 2S9 Nona","destroyed","https://i.postimg.cc/ncC7ghxb/431.png","2022-09-29",155,3613,1,"7-15536131","09/29/2022"
"3957","Russia","Soviet Union","120mm 2S9 Nona","destroyed","https://i.postimg.cc/Mp83pkdp/7h5.jpg","2022-09-29",155,3614,1,"7-15536141","09/29/2022"
"3958","Russia","Soviet Union","120mm 2S9 Nona","destroyed","https://i.postimg.cc/x1Wr1Md0/1047-120mm-2-S9-Nona.jpg","2022-09-29",155,3615,1,"7-15536151","09/29/2022"
"3959","Russia","Soviet Union","120mm 2S9 Nona","destroyed","https://i.postimg.cc/DwWkhBnj/1048-120mm-2-S9-Nona.jpg","2022-09-29",155,3616,1,"7-15536161","09/29/2022"
"3960","Russia","Soviet Union","120mm 2S9 Nona","destroyed","https://i.postimg.cc/nzbtDYpw/1073-120mm-2-S9-Nona.jpg","2022-09-29",155,3617,1,"7-15536171","09/29/2022"
"3961","Russia","Soviet Union","120mm 2S9 Nona","destroyed","https://i.postimg.cc/3xcn04LV/1091-120mm-2-S9-Nona.jpg","2022-09-29",155,3618,1,"7-15536181","09/29/2022"
"3962","Russia","Soviet Union","120mm 2S9 Nona","destroyed","https://i.postimg.cc/Cx1cKH4b/1092-120mm-2-S9-Nona.jpg","2022-09-29",155,3619,1,"7-15536191","09/29/2022"
"3963","Russia","Soviet Union","120mm 2S9 Nona","abandoned","https://i.postimg.cc/KcgFMz7v/543.png","2022-09-29",155,3620,2,"7-15536202","09/29/2022"
"3964","Russia","Soviet Union","120mm 2S9 Nona","captured","https://i.postimg.cc/bwPz8VWX/6522.jpg","2022-09-29",155,3621,3,"7-15536213","09/29/2022"
"3965","Russia","Soviet Union","120mm 2S9 Nona","captured","https://i.postimg.cc/hvz00pQc/432u.png","2022-09-29",155,3622,3,"7-15536223","09/29/2022"
"3966","Russia","Soviet Union","120mm 2S9 Nona","captured","https://i.postimg.cc/Nfx4tqpS/5580.png","2022-09-29",155,3623,3,"7-15536233","09/29/2022"
"3967","Russia","Soviet Union","120mm 2S9 Nona","captured","https://i.postimg.cc/RhCMLMTS/t9.png","2022-09-29",155,3624,3,"7-15536243","09/29/2022"
"3968","Russia","Russia","3 120mm 2S23 Nona-SVK","captured","https://i.postimg.cc/Gtxd6gBr/4356.jpg","2022-09-29",156,3625,3,"7-15636253","09/29/2022"
"3969","Russia","Russia","3 120mm 2S23 Nona-SVK","captured","https://twitter.com/UAWeapons/status/1569292595997675523","2022-09-29",156,331,3,"7-1563313","09/29/2022"
"3970","Russia","Russia","3 120mm 2S23 Nona-SVK","captured","https://i.postimg.cc/PxTZYLdC/487.png","2022-09-29",156,3626,3,"7-15636263","09/29/2022"
"3971","Russia","Russia","120mm 2S34 Khosta","captured","https://i.postimg.cc/NFwX6m7d/763.png","2022-09-29",157,3627,3,"7-15736273","09/29/2022"
"3972","Russia","Russia","120mm 2S34 Khosta","captured","https://i.postimg.cc/HsKs7RyT/26.png","2022-09-29",157,3628,3,"7-15736283","09/29/2022"
"3973","Russia","Soviet Union","122mm 2S1 Gvozdika","destroyed","https://i.postimg.cc/TwswzQQW/f69.png","2022-09-29",158,3629,1,"7-15836291","09/29/2022"
"3974","Russia","Soviet Union","122mm 2S1 Gvozdika","destroyed","https://i.postimg.cc/Gh4ZTmJD/47.png","2022-09-29",158,3630,1,"7-15836301","09/29/2022"
"3975","Russia","Soviet Union","122mm 2S1 Gvozdika","destroyed","https://i.postimg.cc/NMN9JTWk/1093-2-S1-Gvozdika.jpg","2022-09-29",158,3631,1,"7-15836311","09/29/2022"
"3976","Russia","Soviet Union","122mm 2S1 Gvozdika","destroyed","https://i.postimg.cc/Dz8Sfc6C/66.jpg","2022-09-29",158,3632,1,"7-15836321","09/29/2022"
"3977","Russia","Soviet Union","122mm 2S1 Gvozdika","destroyed","https://twitter.com/UAWeapons/status/1521870197992398849","2022-09-29",158,3633,1,"7-15836331","09/29/2022"
"3978","Russia","Soviet Union","122mm 2S1 Gvozdika","destroyed","https://i.postimg.cc/9FDM3ZCg/42.jpg","2022-09-29",158,3634,1,"7-15836341","09/29/2022"
"3979","Russia","Soviet Union","122mm 2S1 Gvozdika","destroyed","https://i.postimg.cc/jqg5kZ0J/433.jpg","2022-09-29",158,3635,1,"7-15836351","09/29/2022"
"3980","Russia","Soviet Union","122mm 2S1 Gvozdika","destroyed","https://i.postimg.cc/GpwmXrHP/4319.png","2022-09-29",158,3636,1,"7-15836361","09/29/2022"
"3981","Russia","Soviet Union","122mm 2S1 Gvozdika","destroyed","https://i.postimg.cc/8k4m0kGB/8877.jpg","2022-09-29",158,3637,1,"7-15836371","09/29/2022"
"3982","Russia","Soviet Union","122mm 2S1 Gvozdika","destroyed","https://i.postimg.cc/pXJ1p1kC/48j.png","2022-09-29",158,3638,1,"7-15836381","09/29/2022"
"3983","Russia","Soviet Union","122mm 2S1 Gvozdika","destroyed","https://twitter.com/Blue_Sauron/status/1549999631903457281","2022-09-29",158,3639,1,"7-15836391","09/29/2022"
"3984","Russia","Soviet Union","122mm 2S1 Gvozdika","destroyed","https://i.postimg.cc/T1T0yZ29/1005-2s1-gvozdika.jpg","2022-09-29",158,3640,1,"7-15836401","09/29/2022"
"3985","Russia","Soviet Union","122mm 2S1 Gvozdika","damaged","https://i.postimg.cc/5t3YHBgX/1005-2s1-gvozdika.jpg","2022-09-29",158,3641,4,"7-15836414","09/29/2022"
"3986","Russia","Soviet Union","122mm 2S1 Gvozdika","damaged","https://i.postimg.cc/pXrnFmJS/48j.png","2022-09-29",158,3642,4,"7-15836424","09/29/2022"
"3987","Russia","Soviet Union","122mm 2S1 Gvozdika","abandoned","https://i.postimg.cc/pXrnFmJS/48j.png","2022-09-29",158,3642,2,"7-15836422","09/29/2022"
"3988","Russia","Soviet Union","122mm 2S1 Gvozdika","abandoned","https://i.postimg.cc/qBYJLRq1/63.png","2022-09-29",158,3643,2,"7-15836432","09/29/2022"
"3989","Russia","Soviet Union","122mm 2S1 Gvozdika","captured","https://i.postimg.cc/mrc8qtCb/3368.png","2022-09-29",158,3644,3,"7-15836443","09/29/2022"
"3990","Russia","Soviet Union","122mm 2S1 Gvozdika","captured","https://i.postimg.cc/rm5DhJhH/580.png","2022-09-29",158,3645,3,"7-15836453","09/29/2022"
"3991","Russia","Soviet Union","122mm 2S1 Gvozdika","captured","https://i.postimg.cc/pT8Fvzt5/332.jpg","2022-09-29",158,3646,3,"7-15836463","09/29/2022"
"3992","Russia","Soviet Union","122mm 2S1 Gvozdika","captured","https://i.postimg.cc/Jn4NkvVd/ddd4.jpg","2022-09-29",158,3647,3,"7-15836473","09/29/2022"
"3993","Russia","Soviet Union","122mm 2S1 Gvozdika","captured","https://twitter.com/UAWeapons/status/1570508008454778880","2022-09-29",158,3648,3,"7-15836483","09/29/2022"
"3994","Russia","Soviet Union","65 152mm 2S3(M) Akatsiya","destroyed","https://i.postimg.cc/sxhcr26w/668.png","2022-09-29",159,3649,1,"7-15936491","09/29/2022"
"3995","Russia","Soviet Union","65 152mm 2S3(M) Akatsiya","destroyed","https://i.postimg.cc/1RnbffKV/328.png","2022-09-29",159,3650,1,"7-15936501","09/29/2022"
"3996","Russia","Soviet Union","65 152mm 2S3(M) Akatsiya","destroyed","https://i.postimg.cc/VLvwssLw/r4.jpg","2022-09-29",159,3651,1,"7-15936511","09/29/2022"
"3997","Russia","Soviet Union","65 152mm 2S3(M) Akatsiya","destroyed","https://i.postimg.cc/j2120wR5/g7.png","2022-09-29",159,3652,1,"7-15936521","09/29/2022"
"3998","Russia","Soviet Union","65 152mm 2S3(M) Akatsiya","destroyed","https://twitter.com/UAWeapons/status/1507829418361860110","2022-09-29",159,3653,1,"7-15936531","09/29/2022"
"3999","Russia","Soviet Union","65 152mm 2S3(M) Akatsiya","destroyed","https://i.postimg.cc/SR913gH4/75.png","2022-09-29",159,3654,1,"7-15936541","09/29/2022"
"4000","Russia","Soviet Union","65 152mm 2S3(M) Akatsiya","destroyed","https://i.postimg.cc/g0tgRKM8/d21.png","2022-09-29",159,3655,1,"7-15936551","09/29/2022"
"4001","Russia","Soviet Union","65 152mm 2S3(M) Akatsiya","destroyed","https://i.postimg.cc/g0wV7WMx/65.jpg","2022-09-29",159,3656,1,"7-15936561","09/29/2022"
"4002","Russia","Soviet Union","65 152mm 2S3(M) Akatsiya","destroyed","https://i.postimg.cc/zBPkwBRD/76.jpg","2022-09-29",159,3657,1,"7-15936571","09/29/2022"
"4003","Russia","Soviet Union","65 152mm 2S3(M) Akatsiya","destroyed","https://i.postimg.cc/J4LT6ZRT/43f.jpg","2022-09-29",159,3658,1,"7-15936581","09/29/2022"
"4004","Russia","Soviet Union","65 152mm 2S3(M) Akatsiya","destroyed","https://i.postimg.cc/kGJ2D7rP/470.png","2022-09-29",159,3659,1,"7-15936591","09/29/2022"
"4005","Russia","Soviet Union","65 152mm 2S3(M) Akatsiya","destroyed","https://postimg.cc/4nBLj6tH","2022-09-29",159,3660,1,"7-15936601","09/29/2022"
"4006","Russia","Soviet Union","65 152mm 2S3(M) Akatsiya","destroyed","https://i.postimg.cc/j5GhS4qC/32f.jpg","2022-09-29",159,3661,1,"7-15936611","09/29/2022"
"4007","Russia","Soviet Union","65 152mm 2S3(M) Akatsiya","destroyed","https://i.postimg.cc/fynXfX78/4h.jpg","2022-09-29",159,3662,1,"7-15936621","09/29/2022"
"4008","Russia","Soviet Union","65 152mm 2S3(M) Akatsiya","destroyed","https://twitter.com/UAWeapons/status/1522923005747372032","2022-09-29",159,3663,1,"7-15936631","09/29/2022"
"4009","Russia","Soviet Union","65 152mm 2S3(M) Akatsiya","destroyed","https://i.postimg.cc/nLNcP5dC/5477.jpg","2022-09-29",159,3664,1,"7-15936641","09/29/2022"
"4010","Russia","Soviet Union","65 152mm 2S3(M) Akatsiya","destroyed","https://i.postimg.cc/qMpMcMBw/767.png","2022-09-29",159,3665,1,"7-15936651","09/29/2022"
"4011","Russia","Soviet Union","65 152mm 2S3(M) Akatsiya","destroyed","https://twitter.com/UAWeapons/status/1524474300874604545","2022-09-29",159,3666,1,"7-15936661","09/29/2022"
"4012","Russia","Soviet Union","65 152mm 2S3(M) Akatsiya","destroyed","https://i.postimg.cc/KvZ0nmv8/h6.jpg","2022-09-29",159,3667,1,"7-15936671","09/29/2022"
"4013","Russia","Soviet Union","65 152mm 2S3(M) Akatsiya","destroyed","https://twitter.com/UAWeapons/status/1539706037921583105","2022-09-29",159,3668,1,"7-15936681","09/29/2022"
"4014","Russia","Soviet Union","65 152mm 2S3(M) Akatsiya","destroyed","https://i.postimg.cc/L4t8XKXy/1007.jpg","2022-09-29",159,3669,1,"7-15936691","09/29/2022"
"4015","Russia","Soviet Union","65 152mm 2S3(M) Akatsiya","destroyed","https://i.postimg.cc/5Np9BB8L/1008.jpg","2022-09-29",159,3670,1,"7-15936701","09/29/2022"
"4016","Russia","Soviet Union","65 152mm 2S3(M) Akatsiya","destroyed","https://twitter.com/UAWeapons/status/1553708163895103491","2022-09-29",159,3671,1,"7-15936711","09/29/2022"
"4017","Russia","Soviet Union","65 152mm 2S3(M) Akatsiya","destroyed","https://i.postimg.cc/VLykR9Yt/1000-2-S3-Akatsya.jpg","2022-09-29",159,3672,1,"7-15936721","09/29/2022"
"4018","Russia","Soviet Union","65 152mm 2S3(M) Akatsiya","destroyed","https://postimg.cc/30C1Kmy0","2022-09-29",159,3673,1,"7-15936731","09/29/2022"
"4019","Russia","Soviet Union","65 152mm 2S3(M) Akatsiya","destroyed","https://i.postimg.cc/qvytp55N/1094-2-S3-Akatsiya.jpg","2022-09-29",159,3674,1,"7-15936741","09/29/2022"
"4020","Russia","Soviet Union","65 152mm 2S3(M) Akatsiya","destroyed","https://twitter.com/UAWeapons/status/1564984095591088129","2022-09-29",159,3675,1,"7-15936751","09/29/2022"
"4021","Russia","Soviet Union","65 152mm 2S3(M) Akatsiya","destroyed","https://twitter.com/UAWeapons/status/1565372183244951552","2022-09-29",159,3676,1,"7-15936761","09/29/2022"
"4022","Russia","Soviet Union","65 152mm 2S3(M) Akatsiya","destroyed","https://i.postimg.cc/yx2jLyPk/1028-2s3.jpg","2022-09-29",159,3677,1,"7-15936771","09/29/2022"
"4023","Russia","Soviet Union","65 152mm 2S3(M) Akatsiya","destroyed","https://i.postimg.cc/Hkwzt57k/1029-2s3-2x.jpg","2022-09-29",159,3678,1,"7-15936781","09/29/2022"
"4024","Russia","Soviet Union","65 152mm 2S3(M) Akatsiya","damaged","https://twitter.com/UAWeapons/status/1506371635754029059","2022-09-29",159,3679,4,"7-15936794","09/29/2022"
"4025","Russia","Soviet Union","65 152mm 2S3(M) Akatsiya","damaged","https://twitter.com/UAWeapons/status/1569742426469720066","2022-09-29",159,3680,4,"7-15936804","09/29/2022"
"4026","Russia","Soviet Union","65 152mm 2S3(M) Akatsiya","abandoned","https://i.postimg.cc/85D97Vs5/3v.png","2022-09-29",159,3681,2,"7-15936812","09/29/2022"
"4027","Russia","Soviet Union","65 152mm 2S3(M) Akatsiya","abandoned","https://i.postimg.cc/zD2FmSBx/j76.png","2022-09-29",159,3682,2,"7-15936822","09/29/2022"
"4028","Russia","Soviet Union","65 152mm 2S3(M) Akatsiya","captured","https://i.postimg.cc/mr6tkF1j/478.png","2022-09-29",159,3683,3,"7-15936833","09/29/2022"
"4029","Russia","Soviet Union","65 152mm 2S3(M) Akatsiya","captured","https://i.postimg.cc/brZmC6g0/3ff.jpg","2022-09-29",159,3684,3,"7-15936843","09/29/2022"
"4030","Russia","Soviet Union","65 152mm 2S3(M) Akatsiya","captured","https://i.postimg.cc/QC1Wqp3f/a11.jpg","2022-09-29",159,3685,3,"7-15936853","09/29/2022"
"4031","Russia","Soviet Union","65 152mm 2S3(M) Akatsiya","captured","https://i.postimg.cc/ZRgtgX6V/357.png","2022-09-29",159,3686,3,"7-15936863","09/29/2022"
"4032","Russia","Soviet Union","65 152mm 2S3(M) Akatsiya","captured","https://i.postimg.cc/qMHKvZsS/a13.jpg","2022-09-29",159,3687,3,"7-15936873","09/29/2022"
"4033","Russia","Soviet Union","65 152mm 2S3(M) Akatsiya","captured","https://i.postimg.cc/mgskC4w1/656.jpg","2022-09-29",159,3688,3,"7-15936883","09/29/2022"
"4034","Russia","Soviet Union","65 152mm 2S3(M) Akatsiya","captured","https://i.postimg.cc/s27VF9MQ/37.png","2022-09-29",159,3689,3,"7-15936893","09/29/2022"
"4035","Russia","Soviet Union","65 152mm 2S3(M) Akatsiya","captured","https://i.postimg.cc/BQMW1NcT/g3d.png","2022-09-29",159,3690,3,"7-15936903","09/29/2022"
"4036","Russia","Soviet Union","65 152mm 2S3(M) Akatsiya","captured","https://i.postimg.cc/HxmZKjb7/1010.jpg","2022-09-29",159,3691,3,"7-15936913","09/29/2022"
"4037","Russia","Soviet Union","65 152mm 2S3(M) Akatsiya","captured","https://i.postimg.cc/6p6CPGXJ/1005.jpg","2022-09-29",159,3692,3,"7-15936923","09/29/2022"
"4038","Russia","Soviet Union","65 152mm 2S3(M) Akatsiya","captured","https://i.postimg.cc/LXzG8LHV/1007.jpg","2022-09-29",159,3693,3,"7-15936933","09/29/2022"
"4039","Russia","Soviet Union","65 152mm 2S3(M) Akatsiya","captured","https://i.postimg.cc/Y9BBtK7d/470.png","2022-09-29",159,3694,3,"7-15936943","09/29/2022"
"4040","Russia","Soviet Union","65 152mm 2S3(M) Akatsiya","captured","https://i.postimg.cc/8kr2TQRq/324.png","2022-09-29",159,3695,3,"7-15936953","09/29/2022"
"4041","Russia","Soviet Union","65 152mm 2S3(M) Akatsiya","captured","https://i.postimg.cc/fL5dN7cf/1010-2s3.jpg","2022-09-29",159,3696,3,"7-15936963","09/29/2022"
"4042","Russia","Soviet Union","65 152mm 2S3(M) Akatsiya","captured","https://i.postimg.cc/nrRJr8kh/1023-2s3-akatsiya.jpg","2022-09-29",159,3697,3,"7-15936973","09/29/2022"
"4043","Russia","Soviet Union","65 152mm 2S3(M) Akatsiya","captured","https://i.postimg.cc/X780hggN/1019-2s3.jpg","2022-09-29",159,3698,3,"7-15936983","09/29/2022"
"4044","Russia","Soviet Union","65 152mm 2S3(M) Akatsiya","captured","https://twitter.com/UAWeapons/status/1568901256038567938","2022-09-29",159,3699,3,"7-15936993","09/29/2022"
"4045","Russia","Soviet Union","65 152mm 2S3(M) Akatsiya","captured","https://twitter.com/UAWeapons/status/1569229447093702657","2022-09-29",159,3700,3,"7-15937003","09/29/2022"
"4046","Russia","Soviet Union","65 152mm 2S3(M) Akatsiya","captured","https://twitter.com/UAWeapons/status/1569427484025946113","2022-09-29",159,1429,3,"7-15914293","09/29/2022"
"4047","Russia","Soviet Union","65 152mm 2S3(M) Akatsiya","captured","https://twitter.com/UAWeapons/status/1569639365655072770","2022-09-29",159,806,3,"7-1598063","09/29/2022"
"4048","Russia","Soviet Union","65 152mm 2S3(M) Akatsiya","captured","https://twitter.com/UAWeapons/status/1570420216957440001","2022-09-29",159,499,3,"7-1594993","09/29/2022"
"4049","Russia","Soviet Union","65 152mm 2S3(M) Akatsiya","captured","https://i.postimg.cc/595f9PS7/1006-2s3-akatsiya.jpg","2022-09-29",159,3701,3,"7-15937013","09/29/2022"
"4050","Russia","Soviet Union","65 152mm 2S3(M) Akatsiya","captured","https://i.postimg.cc/596nHfVj/2022-09-11-2-S3.jpg","2022-09-29",159,3702,3,"7-15937023","09/29/2022"
"4051","Russia","Soviet Union","65 152mm 2S3(M) Akatsiya","captured","https://twitter.com/Poutsup/status/1572255014046818306","2022-09-29",159,3703,3,"7-15937033","09/29/2022"
"4052","Russia","Soviet Union","65 152mm 2S3(M) Akatsiya","captured","https://i.postimg.cc/NfDNdhyR/1002-2s3.jpg","2022-09-29",159,3704,3,"7-15937043","09/29/2022"
"4053","Russia","Soviet Union","65 152mm 2S3(M) Akatsiya","captured","https://i.postimg.cc/0Qwqc9f4/2-S3-Izium.png","2022-09-29",159,3705,3,"7-15937053","09/29/2022"
"4054","Russia","Soviet Union","7 152mm 2S5 Giatsint-S","destroyed","https://twitter.com/UAWeapons/status/1560269391962353664","2022-09-29",160,3706,1,"7-16037061","09/29/2022"
"4055","Russia","Soviet Union","7 152mm 2S5 Giatsint-S","destroyed","https://twitter.com/Blue_Sauron/status/1575579082036690947","2022-09-29",160,3707,1,"7-16037071","09/29/2022"
"4056","Russia","Soviet Union","7 152mm 2S5 Giatsint-S","captured","https://twitter.com/UAWeapons/status/1570130085017001985","2022-09-29",160,3708,3,"7-16037083","09/29/2022"
"4057","Russia","Soviet Union","7 152mm 2S5 Giatsint-S","captured","https://twitter.com/UAWeapons/status/1570130067480801281","2022-09-29",160,3709,3,"7-16037093","09/29/2022"
"4058","Russia","Soviet Union","7 152mm 2S5 Giatsint-S","captured","https://twitter.com/UAWeapons/status/1571185439502962688","2022-09-29",160,3710,3,"7-16037103","09/29/2022"
"4059","Russia","Soviet Union","7 152mm 2S5 Giatsint-S","captured","https://i.postimg.cc/X7Y4HBp7/1001-2s5.jpg","2022-09-29",160,3711,3,"7-16037113","09/29/2022"
"4060","Russia","Soviet Union","76 152mm 2S19 Msta-S","destroyed","https://i.postimg.cc/pXqsWfDd/f68.png","2022-09-29",161,3712,1,"7-16137121","09/29/2022"
"4061","Russia","Soviet Union","76 152mm 2S19 Msta-S","destroyed","https://i.postimg.cc/43R30CTS/350.png","2022-09-29",161,3713,1,"7-16137131","09/29/2022"
"4062","Russia","Soviet Union","76 152mm 2S19 Msta-S","abandoned","https://i.postimg.cc/Nf5WZ40V/32da.png","2022-09-29",161,3714,2,"7-16137142","09/29/2022"
"4063","Russia","Soviet Union","76 152mm 2S19 Msta-S","destroyed","https://i.postimg.cc/Nf5WZ40V/32da.png","2022-09-29",161,3714,1,"7-16137141","09/29/2022"
"4064","Russia","Soviet Union","76 152mm 2S19 Msta-S","destroyed","https://i.postimg.cc/jdg79FvL/07.png","2022-09-29",161,3715,1,"7-16137151","09/29/2022"
"4065","Russia","Soviet Union","76 152mm 2S19 Msta-S","destroyed","https://i.postimg.cc/vBFf6Knh/629.png","2022-09-29",161,3716,1,"7-16137161","09/29/2022"
"4066","Russia","Soviet Union","76 152mm 2S19 Msta-S","destroyed","https://i.postimg.cc/YCbN5PHn/f2.jpg","2022-09-29",161,3717,1,"7-16137171","09/29/2022"
"4067","Russia","Soviet Union","76 152mm 2S19 Msta-S","destroyed","https://i.postimg.cc/W126fvQq/f1.png","2022-09-29",161,3718,1,"7-16137181","09/29/2022"
"4068","Russia","Soviet Union","76 152mm 2S19 Msta-S","destroyed","https://i.postimg.cc/Hnp6cgJk/3322.jpg","2022-09-29",161,3719,1,"7-16137191","09/29/2022"
"4069","Russia","Soviet Union","76 152mm 2S19 Msta-S","destroyed","https://i.postimg.cc/26vMjnHY/57j.jpg","2022-09-29",161,3720,1,"7-16137201","09/29/2022"
"4070","Russia","Soviet Union","76 152mm 2S19 Msta-S","destroyed","https://i.postimg.cc/9fjScx6X/m1.jpg","2022-09-29",161,3721,1,"7-16137211","09/29/2022"
"4071","Russia","Soviet Union","76 152mm 2S19 Msta-S","destroyed","https://i.postimg.cc/y8Rt4qrr/m2.jpg","2022-09-29",161,3722,1,"7-16137221","09/29/2022"
"4072","Russia","Soviet Union","76 152mm 2S19 Msta-S","destroyed","https://i.postimg.cc/xTtSFHyc/f3.png","2022-09-29",161,3723,1,"7-16137231","09/29/2022"
"4073","Russia","Soviet Union","76 152mm 2S19 Msta-S","destroyed","https://i.postimg.cc/9MSdSQtx/567.jpg","2022-09-29",161,3724,1,"7-16137241","09/29/2022"
"4074","Russia","Soviet Union","76 152mm 2S19 Msta-S","destroyed","https://i.postimg.cc/P5N125v3/4370.jpg","2022-09-29",161,3725,1,"7-16137251","09/29/2022"
"4075","Russia","Soviet Union","76 152mm 2S19 Msta-S","destroyed","https://i.postimg.cc/q7xFXPBQ/57.jpg","2022-09-29",161,3726,1,"7-16137261","09/29/2022"
"4076","Russia","Soviet Union","76 152mm 2S19 Msta-S","destroyed","https://i.postimg.cc/1zhRvmfp/t5.jpg","2022-09-29",161,3727,1,"7-16137271","09/29/2022"
"4077","Russia","Soviet Union","76 152mm 2S19 Msta-S","destroyed","https://i.postimg.cc/cL847g4x/t6.jpg","2022-09-29",161,3728,1,"7-16137281","09/29/2022"
"4078","Russia","Soviet Union","76 152mm 2S19 Msta-S","destroyed","https://i.postimg.cc/bvtk6kcm/t66.png","2022-09-29",161,3729,1,"7-16137291","09/29/2022"
"4079","Russia","Soviet Union","76 152mm 2S19 Msta-S","destroyed","https://i.postimg.cc/7ZC2606q/t65.jpg","2022-09-29",161,3730,1,"7-16137301","09/29/2022"
"4080","Russia","Soviet Union","76 152mm 2S19 Msta-S","destroyed","https://i.postimg.cc/XNQnDnWV/v2.png","2022-09-29",161,3731,1,"7-16137311","09/29/2022"
"4081","Russia","Soviet Union","76 152mm 2S19 Msta-S","destroyed","https://i.postimg.cc/MZN4Fy8L/1000.jpg","2022-09-29",161,3732,1,"7-16137321","09/29/2022"
"4082","Russia","Soviet Union","76 152mm 2S19 Msta-S","destroyed","https://i.postimg.cc/Hk7Dv1CZ/1004.jpg","2022-09-29",161,3733,1,"7-16137331","09/29/2022"
"4083","Russia","Soviet Union","76 152mm 2S19 Msta-S","destroyed","https://twitter.com/UAWeapons/status/1549432659239206915","2022-09-29",161,3734,1,"7-16137341","09/29/2022"
"4084","Russia","Soviet Union","76 152mm 2S19 Msta-S","destroyed","https://twitter.com/UAWeapons/status/1549035451150790656","2022-09-29",161,3735,1,"7-16137351","09/29/2022"
"4085","Russia","Soviet Union","76 152mm 2S19 Msta-S","destroyed","https://i.postimg.cc/rmR7XmTD/1049-152mm-2-S19-Msta-S.jpg","2022-09-29",161,3736,1,"7-16137361","09/29/2022"
"4086","Russia","Soviet Union","76 152mm 2S19 Msta-S","abandoned","https://i.postimg.cc/K8TKNKZ6/431.png","2022-09-29",161,3737,2,"7-16137372","09/29/2022"
"4087","Russia","Soviet Union","76 152mm 2S19 Msta-S","destroyed","https://i.postimg.cc/K8TKNKZ6/431.png","2022-09-29",161,3737,1,"7-16137371","09/29/2022"
"4088","Russia","Soviet Union","76 152mm 2S19 Msta-S","destroyed","https://i.postimg.cc/9Q3w923m/1095-2-S19-Msta-S.jpg","2022-09-29",161,3738,1,"7-16137381","09/29/2022"
"4089","Russia","Soviet Union","76 152mm 2S19 Msta-S","destroyed","https://i.postimg.cc/SQvMy8Dz/1096-2-S19-Msta-S.jpg","2022-09-29",161,3739,1,"7-16137391","09/29/2022"
"4090","Russia","Soviet Union","76 152mm 2S19 Msta-S","destroyed","https://i.postimg.cc/pLCh68nX/1007-msta-s.jpg","2022-09-29",161,3740,1,"7-16137401","09/29/2022"
"4091","Russia","Soviet Union","76 152mm 2S19 Msta-S","destroyed","https://i.postimg.cc/fb9tjf4n/1005-msta-s.jpg","2022-09-29",161,3741,1,"7-16137411","09/29/2022"
"4092","Russia","Soviet Union","76 152mm 2S19 Msta-S","destroyed","https://twitter.com/UAWeapons/status/1570152375238950912","2022-09-29",161,2151,1,"7-16121511","09/29/2022"
"4093","Russia","Soviet Union","76 152mm 2S19 Msta-S","destroyed","https://i.postimg.cc/ydCmnLfY/1012-msta-s.jpg","2022-09-29",161,3742,1,"7-16137421","09/29/2022"
"4094","Russia","Soviet Union","76 152mm 2S19 Msta-S","destroyed","https://twitter.com/UAWeapons/status/1572576635492388864","2022-09-29",161,3743,1,"7-16137431","09/29/2022"
"4095","Russia","Soviet Union","76 152mm 2S19 Msta-S","destroyed","https://i.postimg.cc/VkSYDc89/MSTA-S-Izium-area.png","2022-09-29",161,3744,1,"7-16137441","09/29/2022"
"4096","Russia","Soviet Union","76 152mm 2S19 Msta-S","damaged","https://i.postimg.cc/jqZ7G0y7/1005-msta-s-damaged.jpg","2022-09-29",161,3745,4,"7-16137454","09/29/2022"
"4097","Russia","Soviet Union","76 152mm 2S19 Msta-S","damaged","https://i.postimg.cc/ncrDxR1w/1006-msta-s-damaged.jpg","2022-09-29",161,3746,4,"7-16137464","09/29/2022"
"4098","Russia","Soviet Union","76 152mm 2S19 Msta-S","abandoned","https://i.postimg.cc/Y08W5pnP/557723.png","2022-09-29",161,3747,2,"7-16137472","09/29/2022"
"4099","Russia","Soviet Union","76 152mm 2S19 Msta-S","abandoned","https://i.postimg.cc/3NSNyzNR/ff3.jpg","2022-09-29",161,3748,2,"7-16137482","09/29/2022"
"4100","Russia","Soviet Union","76 152mm 2S19 Msta-S","abandoned","https://i.postimg.cc/VvcXHJpv/d27.png","2022-09-29",161,3749,2,"7-16137492","09/29/2022"
"4101","Russia","Soviet Union","76 152mm 2S19 Msta-S","abandoned","https://i.postimg.cc/NFFhC8rz/3350.jpg","2022-09-29",161,3750,2,"7-16137502","09/29/2022"
"4102","Russia","Soviet Union","76 152mm 2S19 Msta-S","abandoned","https://i.postimg.cc/mk7nKMHw/489.png","2022-09-29",161,3751,2,"7-16137512","09/29/2022"
"4103","Russia","Soviet Union","76 152mm 2S19 Msta-S","captured","https://i.postimg.cc/TwVtf4qx/5490.png","2022-09-29",161,3752,3,"7-16137523","09/29/2022"
"4104","Russia","Soviet Union","76 152mm 2S19 Msta-S","captured","https://i.postimg.cc/J0QbTYf7/6h.jpg","2022-09-29",161,3753,3,"7-16137533","09/29/2022"
"4105","Russia","Soviet Union","76 152mm 2S19 Msta-S","captured","https://i.postimg.cc/PqdwjNvQ/4441.png","2022-09-29",161,3754,3,"7-16137543","09/29/2022"
"4106","Russia","Soviet Union","76 152mm 2S19 Msta-S","captured","https://i.postimg.cc/ZKHmyGgk/2s5.png","2022-09-29",161,3755,3,"7-16137553","09/29/2022"
"4107","Russia","Soviet Union","76 152mm 2S19 Msta-S","captured","https://i.postimg.cc/4xzGdvw2/16.png","2022-09-29",161,3756,3,"7-16137563","09/29/2022"
"4108","Russia","Soviet Union","76 152mm 2S19 Msta-S","captured","https://i.postimg.cc/W1rbF9Xq/h76.jpg","2022-09-29",161,3757,3,"7-16137573","09/29/2022"
"4109","Russia","Soviet Union","76 152mm 2S19 Msta-S","captured","https://i.postimg.cc/6QXqszSK/32d.png","2022-09-29",161,3758,3,"7-16137583","09/29/2022"
"4110","Russia","Soviet Union","76 152mm 2S19 Msta-S","captured","https://i.postimg.cc/76N0kB0z/s1.jpg","2022-09-29",161,3759,3,"7-16137593","09/29/2022"
"4111","Russia","Soviet Union","76 152mm 2S19 Msta-S","captured","https://i.postimg.cc/k5Bj14kH/76.jpg","2022-09-29",161,3760,3,"7-16137603","09/29/2022"
"4112","Russia","Soviet Union","76 152mm 2S19 Msta-S","captured","https://i.postimg.cc/zBbygxv0/998.jpg","2022-09-29",161,3761,3,"7-16137613","09/29/2022"
"4113","Russia","Soviet Union","76 152mm 2S19 Msta-S","captured","https://i.postimg.cc/mDtZZJjS/687.png","2022-09-29",161,3762,3,"7-16137623","09/29/2022"
"4114","Russia","Soviet Union","76 152mm 2S19 Msta-S","captured","https://i.postimg.cc/MpTXKnr8/57799.jpg","2022-09-29",161,3763,3,"7-16137633","09/29/2022"
"4115","Russia","Soviet Union","76 152mm 2S19 Msta-S","captured","https://i.postimg.cc/GmjR3x8R/3g.jpg","2022-09-29",161,3764,3,"7-16137643","09/29/2022"
"4116","Russia","Soviet Union","76 152mm 2S19 Msta-S","captured","https://i.postimg.cc/DfS7qsFb/ff2.jpg","2022-09-29",161,3765,3,"7-16137653","09/29/2022"
"4117","Russia","Soviet Union","76 152mm 2S19 Msta-S","captured","https://i.postimg.cc/hjsf9tb9/66hf.png","2022-09-29",161,3766,3,"7-16137663","09/29/2022"
"4118","Russia","Soviet Union","76 152mm 2S19 Msta-S","captured","https://i.postimg.cc/vZPG0D9W/5f.png","2022-09-29",161,3767,3,"7-16137673","09/29/2022"
"4119","Russia","Soviet Union","76 152mm 2S19 Msta-S","captured","https://i.postimg.cc/wv0gDZCF/d332.png","2022-09-29",161,3768,3,"7-16137683","09/29/2022"
"4120","Russia","Soviet Union","76 152mm 2S19 Msta-S","captured","https://postimg.cc/Mvk7GZHm","2022-09-29",161,3769,3,"7-16137693","09/29/2022"
"4121","Russia","Soviet Union","76 152mm 2S19 Msta-S","captured","https://i.postimg.cc/2Sk1L977/66534.jpg","2022-09-29",161,3770,3,"7-16137703","09/29/2022"
"4122","Russia","Soviet Union","76 152mm 2S19 Msta-S","captured","https://i.postimg.cc/x8ZVc6HH/887.png","2022-09-29",161,3771,3,"7-16137713","09/29/2022"
"4123","Russia","Soviet Union","76 152mm 2S19 Msta-S","captured","https://i.postimg.cc/sghCGWxB/65.png","2022-09-29",161,3772,3,"7-16137723","09/29/2022"
"4124","Russia","Soviet Union","76 152mm 2S19 Msta-S","captured","https://i.postimg.cc/C5XkV6Vs/544.png","2022-09-29",161,3773,3,"7-16137733","09/29/2022"
"4125","Russia","Soviet Union","76 152mm 2S19 Msta-S","captured","https://i.postimg.cc/7ZtrPYcp/1020-msta-s.jpg","2022-09-29",161,3774,3,"7-16137743","09/29/2022"
"4126","Russia","Soviet Union","76 152mm 2S19 Msta-S","captured","https://twitter.com/UAWeapons/status/1569229469990227970","2022-09-29",161,3335,3,"7-16133353","09/29/2022"
"4127","Russia","Soviet Union","76 152mm 2S19 Msta-S","captured","https://postimg.cc/HJFBNZXC","2022-09-29",161,3775,3,"7-16137753","09/29/2022"
"4128","Russia","Soviet Union","76 152mm 2S19 Msta-S","captured","https://twitter.com/UAWeapons/status/1569424767517597702","2022-09-29",161,654,3,"7-1616543","09/29/2022"
"4129","Russia","Soviet Union","76 152mm 2S19 Msta-S","captured","https://twitter.com/UAWeapons/status/1569639365655072770","2022-09-29",161,806,3,"7-1618063","09/29/2022"
"4130","Russia","Soviet Union","76 152mm 2S19 Msta-S","captured","https://twitter.com/UAWeapons/status/1569962727392813057","2022-09-29",161,3776,3,"7-16137763","09/29/2022"
"4131","Russia","Soviet Union","76 152mm 2S19 Msta-S","captured","https://i.postimg.cc/MK00cndM/k8.png","2022-09-29",161,3777,3,"7-16137773","09/29/2022"
"4132","Russia","Soviet Union","76 152mm 2S19 Msta-S","captured","https://twitter.com/UAWeapons/status/1572507658879631360","2022-09-29",161,3778,3,"7-16137783","09/29/2022"
"4133","Russia","Soviet Union","76 152mm 2S19 Msta-S","abandoned","https://i.postimg.cc/g07hV40m/5547.png","2022-09-29",161,3779,2,"7-16137792","09/29/2022"
"4134","Russia","Russia","11 152mm 2S33 Msta-SM2","captured","https://i.postimg.cc/654NRtxk/583.png","2022-09-29",162,3780,3,"7-16237803","09/29/2022"
"4135","Russia","Russia","11 152mm 2S33 Msta-SM2","captured","https://i.postimg.cc/YSD5yMc0/369.png","2022-09-29",162,3781,3,"7-16237813","09/29/2022"
"4136","Russia","Russia","11 152mm 2S33 Msta-SM2","captured","https://i.postimg.cc/kGL6NWBJ/35.png","2022-09-29",162,3782,3,"7-16237823","09/29/2022"
"4137","Russia","Russia","11 152mm 2S33 Msta-SM2","captured","https://twitter.com/UAWeapons/status/1567980932199505920","2022-09-29",162,3783,3,"7-16237833","09/29/2022"
"4138","Russia","Russia","11 152mm 2S33 Msta-SM2","captured","https://i.postimg.cc/K88yyg9P/1021-msta-sm2.jpg","2022-09-29",162,3784,3,"7-16237843","09/29/2022"
"4139","Russia","Russia","11 152mm 2S33 Msta-SM2","captured","https://twitter.com/UAWeapons/status/1568899257771384832","2022-09-29",162,2136,3,"7-16221363","09/29/2022"
"4140","Russia","Russia","11 152mm 2S33 Msta-SM2","captured","https://twitter.com/UAWeapons/status/1571545765138382852","2022-09-29",162,3785,3,"7-16237853","09/29/2022"
"4141","Russia","Russia","11 152mm 2S33 Msta-SM2","captured","https://twitter.com/UAWeapons/status/1568901256038567938","2022-09-29",162,3699,3,"7-16236993","09/29/2022"
"4142","Russia","Russia","11 152mm 2S33 Msta-SM2","captured","https://twitter.com/UAWeapons/status/1574853608344064000","2022-09-29",162,3786,3,"7-16237863","09/29/2022"
"4143","Russia","Russia","11 152mm 2S33 Msta-SM2","captured","https://i.postimg.cc/HWwF34nD/1021-msta-sm2.jpg","2022-09-29",162,3787,3,"7-16237873","09/29/2022"
"4144","Russia","Soviet Union","2 203mm 2S7M Malka","destroyed","https://twitter.com/UAWeapons/status/1548035888025722880","2022-09-29",163,3788,1,"7-16337881","09/29/2022"
"4145","Russia","Soviet Union","2 203mm 2S7M Malka","damaged","https://i.postimg.cc/kXvxwvLv/1008.jpg","2022-09-29",163,3789,4,"7-16337894","09/29/2022"
"4146","Russia","Soviet Union","2 203mm 2S7M Malka","captured","https://i.postimg.cc/QtVFhxDL/1001-2s7-malka.jpg","2022-09-29",163,3790,3,"7-16337903","09/29/2022"
"4147","Russia","Soviet Union","240mm 2S4 Tyulpan","destroyed","https://twitter.com/UAWeapons/status/1528046054150754307","2022-09-29",164,3791,1,"7-16437911","09/29/2022"
"4148","Russia","Russia","9 Unknown SPG","destroyed","https://twitter.com/UAWeapons/status/1541387063408427009","2022-09-29",165,1027,1,"7-16510271","09/29/2022"
"4149","Russia","Russia","9 Unknown SPG","destroyed","https://twitter.com/UAWeapons/status/1542969635850575873","2022-09-29",165,3792,1,"7-16537921","09/29/2022"
"4150","Russia","Russia","9 Unknown SPG","destroyed","https://twitter.com/Blue_Sauron/status/1546082260952272896","2022-09-29",165,3793,1,"7-16537931","09/29/2022"
"4151","Russia","Russia","9 Unknown SPG","destroyed","https://i.postimg.cc/fL6mmfBC/1004-unkn-spg.jpg","2022-09-29",165,3794,1,"7-16537941","09/29/2022"
"4152","Russia","Russia","9 Unknown SPG","destroyed","https://twitter.com/UAWeapons/status/1562127670330155008","2022-09-29",165,3795,1,"7-16537951","09/29/2022"
"4153","Russia","Russia","9 Unknown SPG","destroyed","https://twitter.com/RALee85/status/1564401130095919105","2022-09-29",165,3796,1,"7-16537961","09/29/2022"
"4154","Russia","Russia","9 Unknown SPG","destroyed","https://i.postimg.cc/tT7DqT7g/1002-unkn-spg.jpg","2022-09-29",165,3797,1,"7-16537971","09/29/2022"
"4155","Russia","Russia","9 Unknown SPG","damaged","https://twitter.com/UAWeapons/status/1507012290536566788","2022-09-29",165,3798,4,"7-16537984","09/29/2022"
"4156","Russia","Russia","9 Unknown SPG","damaged","https://i.postimg.cc/brmSsT57/1001-unkn-spg.jpg","2022-09-29",165,3799,4,"7-16537994","09/29/2022"
"4157","Russia","Soviet Union","76 122mm BM-21 Grad","destroyed","https://i.postimg.cc/8c0jfFn1/b6.png","2022-09-29",166,3800,1,"7-16638001","09/29/2022"
"4158","Russia","Soviet Union","76 122mm BM-21 Grad","destroyed","https://i.postimg.cc/x16gjzR1/442.png","2022-09-29",166,3801,1,"7-16638011","09/29/2022"
"4159","Russia","Soviet Union","76 122mm BM-21 Grad","destroyed","https://i.postimg.cc/zvbmmfzD/888.png","2022-09-29",166,3802,1,"7-16638021","09/29/2022"
"4160","Russia","Soviet Union","76 122mm BM-21 Grad","destroyed","https://i.postimg.cc/L6z7w58H/331.png","2022-09-29",166,3803,1,"7-16638031","09/29/2022"
"4161","Russia","Soviet Union","76 122mm BM-21 Grad","destroyed","https://i.postimg.cc/wjWsfG3Z/1097-grad.png","2022-09-29",166,3804,1,"7-16638041","09/29/2022"
"4162","Russia","Soviet Union","76 122mm BM-21 Grad","destroyed","https://i.postimg.cc/hP1dTGYh/f1fl.png","2022-09-29",166,3805,1,"7-16638051","09/29/2022"
"4163","Russia","Soviet Union","76 122mm BM-21 Grad","destroyed","https://twitter.com/RALee85/status/1536227546878074881","2022-09-29",166,3806,1,"7-16638061","09/29/2022"
"4164","Russia","Soviet Union","76 122mm BM-21 Grad","destroyed","https://i.postimg.cc/854y7YpN/5422.png","2022-09-29",166,3807,1,"7-16638071","09/29/2022"
"4165","Russia","Soviet Union","76 122mm BM-21 Grad","destroyed","https://i.postimg.cc/KjBRqtbQ/f43.jpg","2022-09-29",166,3808,1,"7-16638081","09/29/2022"
"4166","Russia","Soviet Union","76 122mm BM-21 Grad","destroyed","https://i.postimg.cc/RZNw48Dh/79.jpg","2022-09-29",166,3809,1,"7-16638091","09/29/2022"
"4167","Russia","Soviet Union","76 122mm BM-21 Grad","destroyed","https://twitter.com/UAWeapons/status/1513475137940574210","2022-09-29",166,2856,1,"7-16628561","09/29/2022"
"4168","Russia","Soviet Union","76 122mm BM-21 Grad","destroyed","https://i.postimg.cc/5NkhbyGD/67.png","2022-09-29",166,3810,1,"7-16638101","09/29/2022"
"4169","Russia","Soviet Union","76 122mm BM-21 Grad","destroyed","https://i.postimg.cc/1ztmWPsG/547.jpg","2022-09-29",166,3811,1,"7-16638111","09/29/2022"
"4170","Russia","Soviet Union","76 122mm BM-21 Grad","destroyed","https://twitter.com/UAWeapons/status/1534498437911158786","2022-09-29",166,3812,1,"7-16638121","09/29/2022"
"4171","Russia","Soviet Union","76 122mm BM-21 Grad","destroyed","https://twitter.com/UAWeapons/status/1534591070805409792","2022-09-29",166,2201,1,"7-16622011","09/29/2022"
"4172","Russia","Soviet Union","76 122mm BM-21 Grad","destroyed","https://twitter.com/UAWeapons/status/1538098093375295489","2022-09-29",166,3813,1,"7-16638131","09/29/2022"
"4173","Russia","Soviet Union","76 122mm BM-21 Grad","destroyed","https://twitter.com/UAWeapons/status/1535286866379157504","2022-09-29",166,3814,1,"7-16638141","09/29/2022"
"4174","Russia","Soviet Union","76 122mm BM-21 Grad","destroyed","https://twitter.com/UAWeapons/status/1542892786348851200","2022-09-29",166,3815,1,"7-16638151","09/29/2022"
"4175","Russia","Soviet Union","76 122mm BM-21 Grad","destroyed","https://i.postimg.cc/FKnHxtc6/1002.jpg","2022-09-29",166,3816,1,"7-16638161","09/29/2022"
"4176","Russia","Soviet Union","76 122mm BM-21 Grad","destroyed","https://twitter.com/UAWeapons/status/1556343599868137473","2022-09-29",166,3817,1,"7-16638171","09/29/2022"
"4177","Russia","Soviet Union","76 122mm BM-21 Grad","destroyed","https://postimg.cc/XpyBXMF7","2022-09-29",166,3818,1,"7-16638181","09/29/2022"
"4178","Russia","Soviet Union","76 122mm BM-21 Grad","abandoned","https://i.postimg.cc/nr1Wrst0/439.png","2022-09-29",166,3819,2,"7-16638192","09/29/2022"
"4179","Russia","Soviet Union","76 122mm BM-21 Grad","destroyed","https://i.postimg.cc/nr1Wrst0/439.png","2022-09-29",166,3819,1,"7-16638191","09/29/2022"
"4180","Russia","Soviet Union","76 122mm BM-21 Grad","destroyed","https://i.postimg.cc/kGHcy5Hv/31.png","2022-09-29",166,3820,1,"7-16638201","09/29/2022"
"4181","Russia","Soviet Union","76 122mm BM-21 Grad","destroyed","https://i.postimg.cc/FK4nY3Hv/1033-bm21.jpg","2022-09-29",166,3821,1,"7-16638211","09/29/2022"
"4182","Russia","Soviet Union","76 122mm BM-21 Grad","destroyed","https://twitter.com/UAWeapons/status/1569292595997675523","2022-09-29",166,331,1,"7-1663311","09/29/2022"
"4183","Russia","Soviet Union","76 122mm BM-21 Grad","destroyed","https://i.postimg.cc/pdDKDq61/1016-bm21.jpg","2022-09-29",166,3822,1,"7-16638221","09/29/2022"
"4184","Russia","Soviet Union","76 122mm BM-21 Grad","damaged","https://twitter.com/UAWeapons/status/1550508867930529794","2022-09-29",166,3823,4,"7-16638234","09/29/2022"
"4185","Russia","Soviet Union","76 122mm BM-21 Grad","damaged","https://twitter.com/UAWeapons/status/1575041804738523137","2022-09-29",166,3824,4,"7-16638244","09/29/2022"
"4186","Russia","Soviet Union","76 122mm BM-21 Grad","abandoned","https://i.postimg.cc/KvMqQ1rx/65g.png","2022-09-29",166,3825,2,"7-16638252","09/29/2022"
"4187","Russia","Soviet Union","76 122mm BM-21 Grad","abandoned","https://i.postimg.cc/T3WhvbLL/v54.png","2022-09-29",166,3826,2,"7-16638262","09/29/2022"
"4188","Russia","Soviet Union","76 122mm BM-21 Grad","captured","https://i.postimg.cc/mDQLZTrw/4388.png","2022-09-29",166,3827,3,"7-16638273","09/29/2022"
"4189","Russia","Soviet Union","76 122mm BM-21 Grad","damaged","https://i.postimg.cc/QtHX5cSf/332.png","2022-09-29",166,3828,4,"7-16638284","09/29/2022"
"4190","Russia","Soviet Union","76 122mm BM-21 Grad","captured","https://i.postimg.cc/QtHX5cSf/332.png","2022-09-29",166,3828,3,"7-16638283","09/29/2022"
"4191","Russia","Soviet Union","76 122mm BM-21 Grad","damaged","https://i.postimg.cc/RZnpMSc8/43f6.png","2022-09-29",166,3829,4,"7-16638294","09/29/2022"
"4192","Russia","Soviet Union","76 122mm BM-21 Grad","captured","https://i.postimg.cc/RZnpMSc8/43f6.png","2022-09-29",166,3829,3,"7-16638293","09/29/2022"
"4193","Russia","Soviet Union","76 122mm BM-21 Grad","captured","https://i.postimg.cc/BvrV7rWP/v66.png","2022-09-29",166,3830,3,"7-16638303","09/29/2022"
"4194","Russia","Soviet Union","76 122mm BM-21 Grad","captured","https://i.postimg.cc/Dz8rx8Cw/54220.jpg","2022-09-29",166,3831,3,"7-16638313","09/29/2022"
"4195","Russia","Soviet Union","76 122mm BM-21 Grad","captured","https://i.postimg.cc/k5p0db8M/4311.png","2022-09-29",166,3832,3,"7-16638323","09/29/2022"
"4196","Russia","Soviet Union","76 122mm BM-21 Grad","captured","https://i.postimg.cc/3wSwNDzN/470.png","2022-09-29",166,3833,3,"7-16638333","09/29/2022"
"4197","Russia","Soviet Union","76 122mm BM-21 Grad","captured","https://i.postimg.cc/zvRv9XtB/368.png","2022-09-29",166,3834,3,"7-16638343","09/29/2022"
"4198","Russia","Soviet Union","76 122mm BM-21 Grad","captured","https://i.postimg.cc/JhgWzBJv/3565.png","2022-09-29",166,3835,3,"7-16638353","09/29/2022"
"4199","Russia","Soviet Union","76 122mm BM-21 Grad","captured","https://i.postimg.cc/y8bc88x5/4f21.png","2022-09-29",166,3836,3,"7-16638363","09/29/2022"
"4200","Russia","Soviet Union","76 122mm BM-21 Grad","captured","https://i.postimg.cc/9M5wW3yK/grad.png","2022-09-29",166,3837,3,"7-16638373","09/29/2022"
"4201","Russia","Soviet Union","76 122mm BM-21 Grad","captured","https://i.postimg.cc/j2NTBKXc/545.jpg","2022-09-29",166,3838,3,"7-16638383","09/29/2022"
"4202","Russia","Soviet Union","76 122mm BM-21 Grad","captured","https://i.postimg.cc/SK2rDG8h/4f5.jpg","2022-09-29",166,3839,3,"7-16638393","09/29/2022"
"4203","Russia","Soviet Union","76 122mm BM-21 Grad","captured","https://i.postimg.cc/sf9Dtyzs/77k.jpg","2022-09-29",166,3840,3,"7-16638403","09/29/2022"
"4204","Russia","Soviet Union","76 122mm BM-21 Grad","captured","https://i.postimg.cc/hjY0fnQ1/998.jpg","2022-09-29",166,3841,3,"7-16638413","09/29/2022"
"4205","Russia","Soviet Union","76 122mm BM-21 Grad","captured","https://i.postimg.cc/Hsm90YNz/76k.jpg","2022-09-29",166,3842,3,"7-16638423","09/29/2022"
"4206","Russia","Soviet Union","76 122mm BM-21 Grad","captured","https://i.postimg.cc/DZ0Q5pHc/6652.png","2022-09-29",166,3843,3,"7-16638433","09/29/2022"
"4207","Russia","Soviet Union","76 122mm BM-21 Grad","captured","https://i.postimg.cc/xCF0twG5/b6.png","2022-09-29",166,3844,3,"7-16638443","09/29/2022"
"4208","Russia","Soviet Union","76 122mm BM-21 Grad","captured","https://i.postimg.cc/ZR7VdSvP/1027-bm21.jpg","2022-09-29",166,3845,3,"7-16638453","09/29/2022"
"4209","Russia","Soviet Union","76 122mm BM-21 Grad","damaged","https://i.postimg.cc/43SsyRyt/1000-bm21.jpg","2022-09-29",166,3846,4,"7-16638464","09/29/2022"
"4210","Russia","Soviet Union","76 122mm BM-21 Grad","captured","https://i.postimg.cc/43SsyRyt/1000-bm21.jpg","2022-09-29",166,3846,3,"7-16638463","09/29/2022"
"4211","Russia","Soviet Union","76 122mm BM-21 Grad","damaged","https://i.postimg.cc/FKBjwrRR/1015-bm21-grad.jpg","2022-09-29",166,3847,4,"7-16638474","09/29/2022"
"4212","Russia","Soviet Union","76 122mm BM-21 Grad","captured","https://i.postimg.cc/FKBjwrRR/1015-bm21-grad.jpg","2022-09-29",166,3847,3,"7-16638473","09/29/2022"
"4213","Russia","Soviet Union","76 122mm BM-21 Grad","captured","https://twitter.com/UAWeapons/status/1568224082503802881","2022-09-29",166,3848,3,"7-16638483","09/29/2022"
"4214","Russia","Soviet Union","76 122mm BM-21 Grad","captured","https://i.postimg.cc/jqDdtNLQ/1009-bm21.jpg","2022-09-29",166,3849,3,"7-16638493","09/29/2022"
"4215","Russia","Soviet Union","76 122mm BM-21 Grad","captured","https://i.postimg.cc/nrjWgnVB/1011-bm21.jpg","2022-09-29",166,3850,3,"7-16638503","09/29/2022"
"4216","Russia","Soviet Union","76 122mm BM-21 Grad","captured","https://i.postimg.cc/Y0tKKV9b/1012-bm21.jpg","2022-09-29",166,3851,3,"7-16638513","09/29/2022"
"4217","Russia","Soviet Union","76 122mm BM-21 Grad","captured","https://twitter.com/UAWeapons/status/1569410346791706630","2022-09-29",166,3852,3,"7-16638523","09/29/2022"
"4218","Russia","Soviet Union","76 122mm BM-21 Grad","captured","https://postimg.cc/YjW1DDbW","2022-09-29",166,3853,3,"7-16638533","09/29/2022"
"4219","Russia","Soviet Union","76 122mm BM-21 Grad","captured","https://twitter.com/UAWeapons/status/1569347140035518466","2022-09-29",166,3854,3,"7-16638543","09/29/2022"
"4220","Russia","Soviet Union","76 122mm BM-21 Grad","captured","https://twitter.com/UAWeapons/status/1570137029349883904","2022-09-29",166,320,3,"7-1663203","09/29/2022"
"4221","Russia","Soviet Union","76 122mm BM-21 Grad","captured","https://i.postimg.cc/PJBtqvym/1018-bm21.jpg","2022-09-29",166,3855,3,"7-16638553","09/29/2022"
"4222","Russia","Soviet Union","220mm BM-27 Uragan","destroyed","https://i.postimg.cc/Lsr4xKW8/d43.png","2022-09-29",167,3856,1,"7-16738561","09/29/2022"
"4223","Russia","Soviet Union","220mm BM-27 Uragan","destroyed","https://i.postimg.cc/X7n4pd2j/d33.jpg","2022-09-29",167,3857,1,"7-16738571","09/29/2022"
"4224","Russia","Soviet Union","220mm BM-27 Uragan","destroyed","https://i.postimg.cc/TYzJc0TZ/547.jpg","2022-09-29",167,3858,1,"7-16738581","09/29/2022"
"4225","Russia","Soviet Union","220mm BM-27 Uragan","destroyed","https://i.postimg.cc/y6psW8sR/666.jpg","2022-09-29",167,3859,1,"7-16738591","09/29/2022"
"4226","Russia","Soviet Union","220mm BM-27 Uragan","destroyed","https://twitter.com/UAWeapons/status/1520042517382766592","2022-09-29",167,3521,1,"7-16735211","09/29/2022"
"4227","Russia","Soviet Union","220mm BM-27 Uragan","destroyed","https://twitter.com/UAWeapons/status/1536421907679129600","2022-09-29",167,3524,1,"7-16735241","09/29/2022"
"4228","Russia","Soviet Union","220mm BM-27 Uragan","destroyed","https://i.postimg.cc/RZ8dNxg6/1503-bm27-10.jpg","2022-09-29",167,3860,1,"7-16738601","09/29/2022"
"4229","Russia","Soviet Union","220mm BM-27 Uragan","destroyed","https://i.postimg.cc/02kc4f6Q/1500-bm27.jpg","2022-09-29",167,3861,1,"7-16738611","09/29/2022"
"4230","Russia","Soviet Union","220mm BM-27 Uragan","destroyed","https://twitter.com/UAWeapons/status/1544042293442875392","2022-09-29",167,3526,1,"7-16735261","09/29/2022"
"4231","Russia","Soviet Union","220mm BM-27 Uragan","destroyed","https://twitter.com/UAWeapons/status/1547272287501574144","2022-09-29",167,3862,1,"7-16738621","09/29/2022"
"4232","Russia","Soviet Union","220mm BM-27 Uragan","destroyed","https://i.postimg.cc/J7NYy6Nq/1027.jpg","2022-09-29",167,3863,1,"7-16738631","09/29/2022"
"4233","Russia","Soviet Union","220mm BM-27 Uragan","captured","https://i.postimg.cc/zGyV3M9z/1.png","2022-09-29",167,3864,3,"7-16738643","09/29/2022"
"4234","Russia","Soviet Union","220mm BM-27 Uragan","destroyed","https://i.postimg.cc/zGyV3M9z/1.png","2022-09-29",167,3864,1,"7-16738641","09/29/2022"
"4235","Russia","Soviet Union","220mm BM-27 Uragan","captured","https://i.postimg.cc/jSrgynrd/976.png","2022-09-29",167,3865,3,"7-16738653","09/29/2022"
"4236","Russia","Soviet Union","220mm BM-27 Uragan","destroyed","https://i.postimg.cc/jSrgynrd/976.png","2022-09-29",167,3865,1,"7-16738651","09/29/2022"
"4237","Russia","Soviet Union","220mm BM-27 Uragan","destroyed","https://twitter.com/UAWeapons/status/1558384123902828544","2022-09-29",167,3866,1,"7-16738661","09/29/2022"
"4238","Russia","Soviet Union","220mm BM-27 Uragan","destroyed","https://i.postimg.cc/pTFcphjf/1000-bm27-uragan.jpg","2022-09-29",167,3867,1,"7-16738671","09/29/2022"
"4239","Russia","Soviet Union","220mm BM-27 Uragan","destroyed","https://i.postimg.cc/MTzcdTLY/1168-BM-27.jpg","2022-09-29",167,3868,1,"7-16738681","09/29/2022"
"4240","Russia","Soviet Union","220mm BM-27 Uragan","destroyed","https://twitter.com/UAWeapons/status/1575041804738523137","2022-09-29",167,3824,1,"7-16738241","09/29/2022"
"4241","Russia","Soviet Union","220mm BM-27 Uragan","captured","https://i.postimg.cc/5yfjXY31/77690.png","2022-09-29",167,3869,3,"7-16738693","09/29/2022"
"4242","Russia","Russia","9 122mm 2B17 Tornado-G","destroyed","https://i.postimg.cc/fbsfnMYf/bb3.jpg","2022-09-29",168,3870,1,"7-16838701","09/29/2022"
"4243","Russia","Russia","9 122mm 2B17 Tornado-G","destroyed","https://i.postimg.cc/y85J3WwK/234.jpg","2022-09-29",168,3871,1,"7-16838711","09/29/2022"
"4244","Russia","Russia","9 122mm 2B17 Tornado-G","destroyed","https://i.postimg.cc/QCX5wrz5/54.jpg","2022-09-29",168,3872,1,"7-16838721","09/29/2022"
"4245","Russia","Russia","9 122mm 2B17 Tornado-G","destroyed","https://i.postimg.cc/brqkfSBj/4311.png","2022-09-29",168,3873,1,"7-16838731","09/29/2022"
"4246","Russia","Russia","9 122mm 2B17 Tornado-G","captured","https://i.postimg.cc/HxCqbSVV/38.png","2022-09-29",168,3874,3,"7-16838743","09/29/2022"
"4247","Russia","Russia","9 122mm 2B17 Tornado-G","captured","https://i.postimg.cc/nhS7s5SG/76.jpg","2022-09-29",168,3875,3,"7-16838753","09/29/2022"
"4248","Russia","Russia","9 122mm 2B17 Tornado-G","captured","https://i.postimg.cc/GpHTZxy2/1098-grad.png","2022-09-29",168,3876,3,"7-16838763","09/29/2022"
"4249","Russia","Russia","9 122mm 2B17 Tornado-G","captured","https://twitter.com/UAWeapons/status/1568899249688952833","2022-09-29",168,2983,3,"7-16829833","09/29/2022"
"4250","Russia","Russia","9 122mm 2B17 Tornado-G","captured","https://twitter.com/UAWeapons/status/1569347140035518466","2022-09-29",168,3854,3,"7-16838543","09/29/2022"
"4251","Russia","Russia","5 220mm TOS-1A","destroyed","https://twitter.com/UAWeapons/status/1569229459240230914","2022-09-29",169,3877,1,"7-16938771","09/29/2022"
"4252","Russia","Russia","5 220mm TOS-1A","damaged","https://i.postimg.cc/BbybtzsD/4311.png","2022-09-29",169,3878,4,"7-16938784","09/29/2022"
"4253","Russia","Russia","5 220mm TOS-1A","captured","https://i.postimg.cc/BbybtzsD/4311.png","2022-09-29",169,3878,3,"7-16938783","09/29/2022"
"4254","Russia","Russia","5 220mm TOS-1A","damaged","https://i.postimg.cc/C5BcPB1R/54f.png","2022-09-29",169,3879,4,"7-16938794","09/29/2022"
"4255","Russia","Russia","5 220mm TOS-1A","captured","https://i.postimg.cc/C5BcPB1R/54f.png","2022-09-29",169,3879,3,"7-16938793","09/29/2022"
"4256","Russia","Russia","5 220mm TOS-1A","captured","https://i.postimg.cc/dtj7Fs6v/5g5.png","2022-09-29",169,3880,3,"7-16938803","09/29/2022"
"4257","Russia","Russia","5 220mm TOS-1A","captured","https://i.postimg.cc/8kFRhmxQ/872.png","2022-09-29",169,3881,3,"7-16938813","09/29/2022"
"4258","Russia","Russia","2 Unknown MRL","destroyed","https://twitter.com/UAWeapons/status/1533131912423800832","2022-09-29",170,3882,1,"7-17038821","09/29/2022"
"4259","Russia","Russia","2 Unknown MRL","destroyed","https://i.postimg.cc/XJWFmZM7/1036-unkn-MRLS.jpg","2022-09-29",170,3883,1,"7-17038831","09/29/2022"
"4260","Russia","Soviet Union","11 23mm ZU-23-2","destroyed","https://i.postimg.cc/Y24jwX90/s2.png","2022-09-29",171,3884,1,"7-17138841","09/29/2022"
"4261","Russia","Soviet Union","11 23mm ZU-23-2","destroyed","https://i.postimg.cc/MKgzsYwB/366.png","2022-09-29",171,3885,1,"7-17138851","09/29/2022"
"4262","Russia","Soviet Union","11 23mm ZU-23-2","captured","https://i.postimg.cc/rwZrBrTp/4fh.png","2022-09-29",171,3886,3,"7-17138863","09/29/2022"
"4263","Russia","Soviet Union","11 23mm ZU-23-2","captured","https://i.postimg.cc/t4z6JH5f/3d14.png","2022-09-29",171,3887,3,"7-17138873","09/29/2022"
"4264","Russia","Soviet Union","11 23mm ZU-23-2","captured","https://i.postimg.cc/sD02YXhJ/42.png","2022-09-29",171,3888,3,"7-17138883","09/29/2022"
"4265","Russia","Soviet Union","11 23mm ZU-23-2","captured","https://i.postimg.cc/5t4w0KxM/467.png","2022-09-29",171,3889,3,"7-17138893","09/29/2022"
"4266","Russia","Soviet Union","11 23mm ZU-23-2","captured","https://twitter.com/UAWeapons/status/1529865401072590848","2022-09-29",171,1264,3,"7-17112643","09/29/2022"
"4267","Russia","Soviet Union","11 23mm ZU-23-2","captured","https://i.postimg.cc/Nfrp5ZsT/1030-zu23-2.jpg","2022-09-29",171,3890,3,"7-17138903","09/29/2022"
"4268","Russia","Soviet Union","11 23mm ZU-23-2","damaged","https://twitter.com/UAWeapons/status/1567822704601858048","2022-09-29",171,3891,4,"7-17138914","09/29/2022"
"4269","Russia","Soviet Union","11 23mm ZU-23-2","captured","https://twitter.com/UAWeapons/status/1567822704601858048","2022-09-29",171,3891,3,"7-17138913","09/29/2022"
"4270","Russia","Soviet Union","11 23mm ZU-23-2","captured","https://twitter.com/UAWeapons/status/1570342741913268225","2022-09-29",171,1315,3,"7-17113153","09/29/2022"
"4271","Russia","Soviet Union","11 23mm ZU-23-2","captured","https://twitter.com/UAWeapons/status/1574384853252018183","2022-09-29",171,3892,3,"7-17138923","09/29/2022"
"4272","Russia","Soviet Union","BTR-ZD Skrezhet","destroyed","https://i.postimg.cc/TY6t3Wxm/587.jpg","2022-09-29",172,3893,1,"7-17238931","09/29/2022"
"4273","Russia","Soviet Union","BTR-ZD Skrezhet","captured","https://i.postimg.cc/5yGCVnLj/g42.jpg","2022-09-29",172,3894,3,"7-17238943","09/29/2022"
"4274","Russia","Soviet Union","BTR-ZD Skrezhet","captured","https://i.postimg.cc/JzKW9PP2/776.jpg","2022-09-29",172,3895,3,"7-17238953","09/29/2022"
"4275","Russia","Soviet Union","6 ZSU-23-4 Shilka","destroyed","https://twitter.com/UAWeapons/status/1561728714936909827","2022-09-29",173,3896,1,"7-17338961","09/29/2022"
"4276","Russia","Soviet Union","6 ZSU-23-4 Shilka","abandoned","https://twitter.com/UAWeapons/status/1557038602185576454","2022-09-29",173,3897,2,"7-17338972","09/29/2022"
"4277","Russia","Soviet Union","6 ZSU-23-4 Shilka","damaged","https://i.postimg.cc/Y0chPZXk/43.jpg","2022-09-29",173,3898,4,"7-17338984","09/29/2022"
"4278","Russia","Soviet Union","6 ZSU-23-4 Shilka","captured","https://i.postimg.cc/Y0chPZXk/43.jpg","2022-09-29",173,3898,3,"7-17338983","09/29/2022"
"4279","Russia","Soviet Union","6 ZSU-23-4 Shilka","captured","https://i.postimg.cc/qBFHTdhw/767.jpg","2022-09-29",173,3899,3,"7-17338993","09/29/2022"
"4280","Russia","Soviet Union","6 ZSU-23-4 Shilka","captured","https://i.postimg.cc/pTWpqJSL/898.jpg","2022-09-29",173,3900,3,"7-17339003","09/29/2022"
"4281","Russia","Soviet Union","6 ZSU-23-4 Shilka","captured","https://twitter.com/UAWeapons/status/1568353478149292032","2022-09-29",173,3901,3,"7-17339013","09/29/2022"
"4282","Russia","Russia","11 2K22M1 Tunguska","destroyed","https://twitter.com/UAWeapons/status/1553713673180413952","2022-09-29",174,3902,1,"7-17439021","09/29/2022"
"4283","Russia","Russia","11 2K22M1 Tunguska","abandoned","https://i.postimg.cc/BZ7r1kkf/3d2.png","2022-09-29",174,3903,2,"7-17439032","09/29/2022"
"4284","Russia","Russia","11 2K22M1 Tunguska","destroyed","https://i.postimg.cc/BZ7r1kkf/3d2.png","2022-09-29",174,3903,1,"7-17439031","09/29/2022"
"4285","Russia","Russia","11 2K22M1 Tunguska","abandoned","https://i.postimg.cc/vTkPtPTr/668.png","2022-09-29",174,3904,2,"7-17439042","09/29/2022"
"4286","Russia","Russia","11 2K22M1 Tunguska","destroyed","https://i.postimg.cc/vTkPtPTr/668.png","2022-09-29",174,3904,1,"7-17439041","09/29/2022"
"4287","Russia","Russia","11 2K22M1 Tunguska","destroyed","https://i.postimg.cc/kGtr2xXt/33s.jpg","2022-09-29",174,3905,1,"7-17439051","09/29/2022"
"4288","Russia","Russia","11 2K22M1 Tunguska","destroyed","https://i.postimg.cc/gk8Yszvb/1001-tunguska.jpg","2022-09-29",174,3906,1,"7-17439061","09/29/2022"
"4289","Russia","Russia","11 2K22M1 Tunguska","damaged","https://i.postimg.cc/9MqLyHJZ/764.png","2022-09-29",174,3907,4,"7-17439074","09/29/2022"
"4290","Russia","Russia","11 2K22M1 Tunguska","abandoned","https://i.postimg.cc/9MqLyHJZ/764.png","2022-09-29",174,3907,2,"7-17439072","09/29/2022"
"4291","Russia","Russia","11 2K22M1 Tunguska","abandoned","https://i.postimg.cc/6pD3WrQj/gy67.png","2022-09-29",174,3908,2,"7-17439082","09/29/2022"
"4292","Russia","Russia","11 2K22M1 Tunguska","captured","https://twitter.com/UAWeapons/status/1568353478149292032","2022-09-29",174,3901,3,"7-17439013","09/29/2022"
"4293","Russia","Soviet Union","9K33 Osa","destroyed","https://i.postimg.cc/xChnM7jX/n2.png","2022-09-29",175,3909,1,"7-17539091","09/29/2022"
"4294","Russia","Soviet Union","9K33 Osa","destroyed","https://i.postimg.cc/02qrVz7s/33f.png","2022-09-29",175,3910,1,"7-17539101","09/29/2022"
"4295","Russia","Soviet Union","9K33 Osa","damaged","https://i.postimg.cc/PxkdsRX3/438.png","2022-09-29",175,3911,4,"7-17539114","09/29/2022"
"4296","Russia","Soviet Union","9K33 Osa","abandoned","https://i.postimg.cc/PxkdsRX3/438.png","2022-09-29",175,3911,2,"7-17539112","09/29/2022"
"4297","Russia","Soviet Union","9K33 Osa","abandoned","https://i.postimg.cc/3RKjWRVn/6657.png","2022-09-29",175,3912,2,"7-17539122","09/29/2022"
"4298","Russia","Soviet Union","9K33 Osa","captured","https://i.postimg.cc/ncXNZ3Yr/zx3.png","2022-09-29",175,3913,3,"7-17539133","09/29/2022"
"4299","Russia","Soviet Union","9K33 Osa","captured","https://i.postimg.cc/pXQz9HB6/67.png","2022-09-29",175,3914,3,"7-17539143","09/29/2022"
"4300","Russia","Soviet Union","9K35 Strela-10","destroyed","https://i.postimg.cc/d31w3KB2/5gg3.jpg","2022-09-29",176,3915,1,"7-17639151","09/29/2022"
"4301","Russia","Soviet Union","9K35 Strela-10","destroyed","https://i.postimg.cc/4Nr9T0c3/58.jpg","2022-09-29",176,3916,1,"7-17639161","09/29/2022"
"4302","Russia","Soviet Union","9K35 Strela-10","destroyed","https://i.postimg.cc/C1Sd0YRV/s1.png","2022-09-29",176,3917,1,"7-17639171","09/29/2022"
"4303","Russia","Soviet Union","9K35 Strela-10","destroyed","https://i.postimg.cc/5tZqPT0z/776.jpg","2022-09-29",176,3918,1,"7-17639181","09/29/2022"
"4304","Russia","Soviet Union","9K35 Strela-10","destroyed","https://i.postimg.cc/K8d6TG1F/f6.jpg","2022-09-29",176,3919,1,"7-17639191","09/29/2022"
"4305","Russia","Soviet Union","9K35 Strela-10","destroyed","https://i.postimg.cc/4dqk8LZH/43ff.jpg","2022-09-29",176,3920,1,"7-17639201","09/29/2022"
"4306","Russia","Soviet Union","9K35 Strela-10","abandoned","https://i.postimg.cc/rmQmjFmn/542.png","2022-09-29",176,3921,2,"7-17639212","09/29/2022"
"4307","Russia","Soviet Union","9K35 Strela-10","abandoned","https://i.postimg.cc/FKXqgKZj/n8.jpg","2022-09-29",176,3922,2,"7-17639222","09/29/2022"
"4308","Russia","Soviet Union","9K35 Strela-10","abandoned","https://i.postimg.cc/gcVRwKgk/v56.png","2022-09-29",176,3923,2,"7-17639232","09/29/2022"
"4309","Russia","Soviet Union","9K35 Strela-10","captured","https://i.postimg.cc/C5cvXW27/6656.png","2022-09-29",176,3924,3,"7-17639243","09/29/2022"
"4310","Russia","Soviet Union","9K35 Strela-10","captured","https://i.postimg.cc/v8c2krHH/38.png","2022-09-29",176,3925,3,"7-17639253","09/29/2022"
"4311","Russia","Soviet Union","9K35 Strela-10","captured","https://i.postimg.cc/9F8JTR1K/4f.png","2022-09-29",176,3926,3,"7-17639263","09/29/2022"
"4312","Russia","Soviet Union","9K35 Strela-10","captured","https://i.postimg.cc/3wsp6BLr/32y.jpg","2022-09-29",176,3927,3,"7-17639273","09/29/2022"
"4313","Russia","Russia","9A310M1-2 TELAR (for Buk-M1-2)","destroyed","https://i.postimg.cc/7LmZpjbQ/3k.png","2022-09-29",177,3928,1,"7-17739281","09/29/2022"
"4314","Russia","Russia","9A310M1-2 TELAR (for Buk-M1-2)","destroyed","https://i.postimg.cc/rwWB8ZKp/3167.png","2022-09-29",177,3929,1,"7-17739291","09/29/2022"
"4315","Russia","Russia","9A310M1-2 TELAR (for Buk-M1-2)","destroyed","https://twitter.com/UAWeapons/status/1574861244590333959","2022-09-29",177,3930,1,"7-17739301","09/29/2022"
"4316","Russia","Russia","9A310M1-2 TELAR (for Buk-M1-2)","damaged","https://i.postimg.cc/DZXDG2k3/779.png","2022-09-29",177,3931,4,"7-17739314","09/29/2022"
"4317","Russia","Russia","9A39M1-2 TEL (for Buk-M1-2)","destroyed","https://i.postimg.cc/T1P7tLF4/3k.png","2022-09-29",178,3932,1,"7-17839321","09/29/2022"
"4318","Russia","Russia","9A39M1-2 TEL (for Buk-M1-2)","destroyed","https://i.postimg.cc/TwCHLk7D/3322.png","2022-09-29",178,3933,1,"7-17839331","09/29/2022"
"4319","Russia","Russia","9A39M1-2 TEL (for Buk-M1-2)","destroyed","https://i.postimg.cc/1zTTNk8q/43.png","2022-09-29",178,3934,1,"7-17839341","09/29/2022"
"4320","Russia","Russia","9A39M1-2 TEL (for Buk-M1-2)","destroyed","https://i.postimg.cc/JnkF3pXd/t1.jpg","2022-09-29",178,3935,1,"7-17839351","09/29/2022"
"4321","Russia","Russia","9A39M1-2 TEL (for Buk-M1-2)","destroyed","https://i.postimg.cc/gjyBQrNV/t3.jpg","2022-09-29",178,3936,1,"7-17839361","09/29/2022"
"4322","Russia","Russia","9A317 TELAR (for Buk-M2)","destroyed","https://i.postimg.cc/02Xp3ZcM/1015.jpg","2022-09-29",179,3937,1,"7-17939371","09/29/2022"
"4323","Russia","Russia","9A317 TELAR (for Buk-M2)","destroyed","https://i.postimg.cc/44FRHhP5/456.png","2022-09-29",179,3938,1,"7-17939381","09/29/2022"
"4324","Russia","Russia","9A317 TELAR (for Buk-M2)","destroyed","https://i.postimg.cc/Ssmvwcc0/4378.png","2022-09-29",179,3939,1,"7-17939391","09/29/2022"
"4325","Russia","Russia","9A317 TELAR (for Buk-M2)","destroyed","https://i.postimg.cc/9FyFD1Sr/42d.png","2022-09-29",179,3940,1,"7-17939401","09/29/2022"
"4326","Russia","Russia","9A317 TELAR (for Buk-M2)","destroyed","https://twitter.com/UAWeapons/status/1566862026173038594","2022-09-29",179,3941,1,"7-17939411","09/29/2022"
"4327","Russia","Russia","9A317 TELAR (for Buk-M2)","damaged","https://i.postimg.cc/JnCgXRXL/1016-9-A317.jpg","2022-09-29",179,3942,4,"7-17939424","09/29/2022"
"4328","Russia","Russia","9A317 TELAR (for Buk-M2)","captured","https://i.postimg.cc/wx1tSZzy/48.jpg","2022-09-29",179,3943,3,"7-17939433","09/29/2022"
"4329","Russia","Russia","9A316 TEL (for Buk-M2)","captured","https://i.postimg.cc/cC3bYzgz/3d.jpg","2022-09-29",180,3944,3,"7-18039443","09/29/2022"
"4330","Russia","Russia","9A316 TEL (for Buk-M2)","captured","https://i.postimg.cc/yYtY083v/y5.jpg","2022-09-29",180,3945,3,"7-18039453","09/29/2022"
"4331","Russia","Russia","9A316 TEL (for Buk-M2)","captured","https://i.postimg.cc/4xw3DhHx/26.png","2022-09-29",180,3946,3,"7-18039463","09/29/2022"
"4332","Russia","Russia","Unknown Buk SAM system","destroyed","https://i.postimg.cc/sf0JFTHR/21d.jpg","2022-09-29",181,3947,1,"7-18139471","09/29/2022"
"4333","Russia","Russia","Unknown Buk SAM system","destroyed","https://i.postimg.cc/1tM362M2/668.jpg","2022-09-29",181,3948,1,"7-18139481","09/29/2022"
"4334","Russia","Russia","Unknown Buk SAM system","destroyed","https://i.postimg.cc/xTzzqrBh/5g3.jpg","2022-09-29",181,3949,1,"7-18139491","09/29/2022"
"4335","Russia","Soviet Union","9A330 Tor TLAR (for 9K330 Tor)","abandoned","https://i.postimg.cc/8PS5zQYB/4310.png","2022-09-29",182,3950,2,"7-18239502","09/29/2022"
"4336","Russia","Soviet Union","9A330 Tor TLAR (for 9K330 Tor)","damaged","https://i.postimg.cc/mgHPxQR3/5k.png","2022-09-29",182,3951,4,"7-18239514","09/29/2022"
"4337","Russia","Soviet Union","9A330 Tor TLAR (for 9K330 Tor)","abandoned","https://i.postimg.cc/mgHPxQR3/5k.png","2022-09-29",182,3951,2,"7-18239512","09/29/2022"
"4338","Russia","Soviet Union","9A330 Tor TLAR (for 9K330 Tor)","damaged","https://i.postimg.cc/1XzB0gjR/7j7.png","2022-09-29",182,3952,4,"7-18239524","09/29/2022"
"4339","Russia","Soviet Union","9A330 Tor TLAR (for 9K330 Tor)","captured","https://i.postimg.cc/1XzB0gjR/7j7.png","2022-09-29",182,3952,3,"7-18239523","09/29/2022"
"4340","Russia","Soviet Union","9A330 Tor TLAR (for 9K330 Tor)","damaged","https://i.postimg.cc/KvJ3w5Bp/g5.jpg","2022-09-29",182,3953,4,"7-18239534","09/29/2022"
"4341","Russia","Soviet Union","9A330 Tor TLAR (for 9K330 Tor)","captured","https://i.postimg.cc/KvJ3w5Bp/g5.jpg","2022-09-29",182,3953,3,"7-18239533","09/29/2022"
"4342","Russia","Soviet Union","9A330 Tor TLAR (for 9K330 Tor)","damaged","https://i.postimg.cc/CMbpsN0w/553.jpg","2022-09-29",182,3954,4,"7-18239544","09/29/2022"
"4343","Russia","Soviet Union","9A330 Tor TLAR (for 9K330 Tor)","captured","https://i.postimg.cc/CMbpsN0w/553.jpg","2022-09-29",182,3954,3,"7-18239543","09/29/2022"
"4344","Russia","Soviet Union","9A330 Tor TLAR (for 9K330 Tor)","captured","https://i.postimg.cc/kg4xSgBn/470.png","2022-09-29",182,3955,3,"7-18239553","09/29/2022"
"4345","Russia","Soviet Union","9A330 Tor TLAR (for 9K330 Tor)","captured","https://i.postimg.cc/tCmsLt4j/4f.png","2022-09-29",182,3956,3,"7-18239563","09/29/2022"
"4346","Russia","Soviet Union","9A330 Tor TLAR (for 9K330 Tor)","captured","https://i.postimg.cc/5yY0Q05W/g5.jpg","2022-09-29",182,3957,3,"7-18239573","09/29/2022"
"4347","Russia","Russia","6 9A331 TLAR (for 9K331 Tor-M1)","destroyed","https://postlmg.cc/PNZ3N6Xp","2022-09-29",183,3958,1,"7-18339581","09/29/2022"
"4348","Russia","Russia","6 9A331 TLAR (for 9K331 Tor-M1)","abandoned","https://i.postimg.cc/6pfMfZYj/f430.jpg","2022-09-29",183,3959,2,"7-18339592","09/29/2022"
"4349","Russia","Russia","6 9A331 TLAR (for 9K331 Tor-M1)","destroyed","https://i.postimg.cc/6pfMfZYj/f430.jpg","2022-09-29",183,3959,1,"7-18339591","09/29/2022"
"4350","Russia","Russia","6 9A331 TLAR (for 9K331 Tor-M1)","destroyed","https://twitter.com/UAWeapons/status/1566557906593615873","2022-09-29",183,3960,1,"7-18339601","09/29/2022"
"4351","Russia","Russia","6 9A331 TLAR (for 9K331 Tor-M1)","captured","https://i.postimg.cc/brZ2rDJN/3561.png","2022-09-29",183,3961,3,"7-18339613","09/29/2022"
"4352","Russia","Russia","6 9A331 TLAR (for 9K331 Tor-M1)","captured","https://twitter.com/UAWeapons/status/1568224082503802881","2022-09-29",183,3848,3,"7-18338483","09/29/2022"
"4353","Russia","Russia","5 9A331M TLAR (for 9K332 Tor-M2)","destroyed","https://i.postimg.cc/5tS4wn32/578.png","2022-09-29",184,3962,1,"7-18439621","09/29/2022"
"4354","Russia","Russia","5 9A331M TLAR (for 9K332 Tor-M2)","destroyed","https://i.postimg.cc/j58wCMNC/1010.jpg","2022-09-29",184,3963,1,"7-18439631","09/29/2022"
"4355","Russia","Russia","5 9A331M TLAR (for 9K332 Tor-M2)","destroyed","https://twitter.com/UAWeapons/status/1562552113535692800","2022-09-29",184,3964,1,"7-18439641","09/29/2022"
"4356","Russia","Russia","5 9A331M TLAR (for 9K332 Tor-M2)","abandoned","https://i.postimg.cc/9XnwhNCn/1012.jpg","2022-09-29",184,3965,2,"7-18439652","09/29/2022"
"4357","Russia","Russia","5 9A331M TLAR (for 9K332 Tor-M2)","captured","https://i.postimg.cc/xqrr3rgR/97.png","2022-09-29",184,3966,3,"7-18439663","09/29/2022"
"4358","Russia","Russia","10 Pantsir-S1","destroyed","https://i.postimg.cc/J00T0v1j/335s.png","2022-09-29",185,3967,1,"7-18539671","09/29/2022"
"4359","Russia","Russia","10 Pantsir-S1","abandoned","https://i.postimg.cc/nc1WwSy5/f6.png","2022-09-29",185,3968,2,"7-18539682","09/29/2022"
"4360","Russia","Russia","10 Pantsir-S1","destroyed","https://i.postimg.cc/nc1WwSy5/f6.png","2022-09-29",185,3968,1,"7-18539681","09/29/2022"
"4361","Russia","Russia","10 Pantsir-S1","destroyed","https://i.postimg.cc/Y0tmDR2R/43f.png","2022-09-29",185,3969,1,"7-18539691","09/29/2022"
"4362","Russia","Russia","10 Pantsir-S1","destroyed","https://i.postimg.cc/XJQhJ2mG/6891.png","2022-09-29",185,3970,1,"7-18539701","09/29/2022"
"4363","Russia","Russia","10 Pantsir-S1","destroyed","https://i.postimg.cc/hvfJmVbs/1011.jpg","2022-09-29",185,3971,1,"7-18539711","09/29/2022"
"4364","Russia","Russia","10 Pantsir-S1","destroyed","https://i.postimg.cc/257tkBZv/1000-Pantsir.jpg","2022-09-29",185,3972,1,"7-18539721","09/29/2022"
"4365","Russia","Russia","10 Pantsir-S1","destroyed","https://twitter.com/RALee85/status/1565963361648627713","2022-09-29",185,3973,1,"7-18539731","09/29/2022"
"4366","Russia","Russia","10 Pantsir-S1","damaged","https://i.postimg.cc/5yy3byX2/43j.png","2022-09-29",185,3974,4,"7-18539744","09/29/2022"
"4367","Russia","Russia","10 Pantsir-S1","captured","https://i.postimg.cc/5yy3byX2/43j.png","2022-09-29",185,3974,3,"7-18539743","09/29/2022"
"4368","Russia","Russia","10 Pantsir-S1","captured","https://postimg.cc/TpB4Xtbs/ec2c4921","2022-09-29",185,3975,3,"7-18539753","09/29/2022"
"4369","Russia","Russia","10 Pantsir-S1","captured","https://i.postimg.cc/QxrxMb4D/k88.png","2022-09-29",185,3976,3,"7-18539763","09/29/2022"
"4370","Russia","Soviet Union","2 TEL for S-300","destroyed","https://twitter.com/UAWeapons/status/1551216224897581057","2022-09-29",186,3216,1,"7-18632161","09/29/2022"
"4371","Russia","Russia","9S36 (for Buk-M2)","destroyed","https://i.postimg.cc/ZRZxmLh3/55.jpg","2022-09-29",187,3977,1,"7-18739771","09/29/2022"
"4372","Russia","Russia","9S36 (for Buk-M2)","captured","https://i.postimg.cc/T2bczB37/5g5.jpg","2022-09-29",187,3978,3,"7-18739783","09/29/2022"
"4373","Russia","Russia","1 48Ya6-K1 Podlet-K1 low-altitude S-band surveillance radar","destroyed","https://twitter.com/UAWeapons/status/1549458529752432641","2022-09-29",188,3979,1,"7-18839791","09/29/2022"
"4374","Russia","Russia","9S18<U+041C>1(-2) (for Buk-M2)","captured","https://i.postimg.cc/qMVp7ZP5/579.jpg","2022-09-29",189,3980,3,"7-18939803","09/29/2022"
"4375","Russia","Russia","9S18<U+041C>1(-3) (for Buk-M3)","destroyed","https://i.postimg.cc/1R8dSsf4/54fd.png","2022-09-29",190,3981,1,"7-19039811","09/29/2022"
"4376","Russia","Russia","PPRU-1(M) '9S80(-1)' 'Sborka' (for 9K35 Strela-10)","destroyed","https://i.postimg.cc/ZRnFXjBh/32.jpg","2022-09-29",191,3982,1,"7-19139821","09/29/2022"
"4377","Russia","Russia","PPRU-1(M) '9S80(-1)' 'Sborka' (for 9K35 Strela-10)","captured","https://i.postimg.cc/Bvg6z7R1/4388.png","2022-09-29",191,3983,3,"7-19139833","09/29/2022"
"4378","Russia","Russia","2 Fara ground surveillance radar","captured","https://i.postimg.cc/RVzmKMQT/41.png","2022-09-29",192,3984,3,"7-19239843","09/29/2022"
"4379","Russia","Russia","2 Fara ground surveillance radar","captured","https://i.postimg.cc/sDd4XP6T/55422.png","2022-09-29",192,3985,3,"7-19239853","09/29/2022"
"4380","Russia","Russia","SNAR-10M1 battlefield surveillance radar","captured","https://i.postimg.cc/Px9Q1Gck/45.jpg","2022-09-29",193,3986,3,"7-19339863","09/29/2022"
"4381","Russia","Russia","1L261 (for 1L260 Zoopark-1M counter-battery radar complex)","destroyed","https://postimg.cc/hQstNghL","2022-09-29",194,3987,1,"7-19439871","09/29/2022"
"4382","Russia","Russia","1L261 (for 1L260 Zoopark-1M counter-battery radar complex)","destroyed","https://twitter.com/UAWeapons/status/1560925593302089731","2022-09-29",194,3988,1,"7-19439881","09/29/2022"
"4383","Russia","Russia","1L261 (for 1L260 Zoopark-1M counter-battery radar complex)","captured","https://i.postimg.cc/TPXZzwYr/47h.png","2022-09-29",194,3989,3,"7-19439893","09/29/2022"
"4384","Russia","Russia","1L261 (for 1L260 Zoopark-1M counter-battery radar complex)","captured","https://twitter.com/UAWeapons/status/1568276847611498496","2022-09-29",194,3990,3,"7-19439903","09/29/2022"
"4385","Russia","Russia","1 1L271 portable mortar locating reconnaissance radar","captured","https://twitter.com/UAWeapons/status/1574760471990771713","2022-09-29",195,3991,3,"7-19539913","09/29/2022"
"4386","Russia","Russia","1 P-18T","destroyed","https://i.postimg.cc/4xh3RK5m/1032-P-18-T-Pantsir.jpg","2022-09-29",196,3992,1,"7-19639921","09/29/2022"
"4387","Russia","Russia","R-330BMV Borisoglebsk-2B","destroyed","https://i.postimg.cc/SQc4y8fS/3fr.png","2022-09-29",197,3993,1,"7-19739931","09/29/2022"
"4388","Russia","Russia","R-330BMV Borisoglebsk-2B","destroyed","https://i.postimg.cc/Gm2nLM9D/4431.jpg","2022-09-29",197,3994,1,"7-19739941","09/29/2022"
"4389","Russia","Russia","R-330BMV Borisoglebsk-2B","damaged","https://i.postimg.cc/wvzPRKsx/333.png","2022-09-29",197,3995,4,"7-19739954","09/29/2022"
"4390","Russia","Russia","R-330BMV Borisoglebsk-2B","captured","https://i.postimg.cc/q7sY5R4q/45.png","2022-09-29",197,3996,3,"7-19739963","09/29/2022"
"4391","Russia","Russia","R-330BMV Borisoglebsk-2B","captured","https://twitter.com/UAWeapons/status/1569707532687478784","2022-09-29",197,3997,3,"7-19739973","09/29/2022"
"4392","Russia","Russia","R-330ZH Zhitel","destroyed","https://i.postimg.cc/wjNHG3gj/1005-zhitel.jpg","2022-09-29",198,3998,1,"7-19839981","09/29/2022"
"4393","Russia","Russia","R-330ZH Zhitel","destroyed","https://i.postimg.cc/521T8KF2/f29.jpg","2022-09-29",198,3999,1,"7-19839991","09/29/2022"
"4394","Russia","Russia","R-330ZH Zhitel","destroyed","https://twitter.com/UAWeapons/status/1574151747723218945","2022-09-29",198,4000,1,"7-19840001","09/29/2022"
"4395","Russia","Russia","1L262E Rtut-BM","destroyed","https://i.postimg.cc/26yT1ms4/687.png","2022-09-29",199,4001,1,"7-19940011","09/29/2022"
"4396","Russia","Russia","Torn(-MDM)","captured","https://i.postimg.cc/Jn2VdkFf/35.png","2022-09-29",200,4002,3,"7-20040023","09/29/2022"
"4397","Russia","Russia","Silok-01 counter-UAV system","destroyed","https://twitter.com/UAWeapons/status/1537086962548482048","2022-09-29",201,4003,1,"7-20140031","09/29/2022"
"4398","Russia","Russia","Silok-01 counter-UAV system","captured","https://twitter.com/UAWeapons/status/1566363462175014913","2022-09-29",201,4004,3,"7-20140043","09/29/2022"
"4399","Russia","Russia","1RL257 Krasukha-4 (command post)","captured","https://i.postimg.cc/G3y10MLj/87.png","2022-09-29",202,4005,3,"7-20240053","09/29/2022"
"4400","Russia","Russia","1 Leer-2 electronic warfare system","destroyed","https://twitter.com/UAWeapons/status/1553681823573725184","2022-09-29",203,4006,1,"7-20340061","09/29/2022"
"4401","Russia","Russia","1 RLK-MC-A (ROSC-1) counter-UAV system","destroyed","https://twitter.com/UAWeapons/status/1557794437660557319","2022-09-29",204,4007,1,"7-20440071","09/29/2022"
"4402","Russia","Russia","1 Unknown EW system","destroyed","https://i.postimg.cc/5yQHTW6h/1001-unkn-EW.jpg","2022-09-29",205,4008,1,"7-20540081","09/29/2022"
"4403","Russia","Soviet Union","Su-25 close air support aircraft","destroyed","https://i.postimg.cc/L6456Fm4/38.png","2022-09-29",206,4009,1,"7-20640091","09/29/2022"
"4404","Russia","Soviet Union","Su-25 close air support aircraft","destroyed","https://i.postimg.cc/Mp371YRh/675.png","2022-09-29",206,4010,1,"7-20640101","09/29/2022"
"4405","Russia","Soviet Union","Su-25 close air support aircraft","destroyed","https://i.postimg.cc/VNx7Xd0x/n86.png","2022-09-29",206,4011,1,"7-20640111","09/29/2022"
"4406","Russia","Soviet Union","Su-25 close air support aircraft","destroyed","https://i.postimg.cc/SsTkvvtc/46.png","2022-09-29",206,4012,1,"7-20640121","09/29/2022"
"4407","Russia","Soviet Union","Su-25 close air support aircraft","destroyed","https://i.postimg.cc/zBCBJNs4/360.png","2022-09-29",206,4013,1,"7-20640131","09/29/2022"
"4408","Russia","Soviet Union","Su-25 close air support aircraft","destroyed","https://i.postimg.cc/RCjcz7sM/h7.jpg","2022-09-29",206,4014,1,"7-20640141","09/29/2022"
"4409","Russia","Soviet Union","Su-25 close air support aircraft","destroyed","https://twitter.com/RALee85/status/1507360503546449924","2022-09-29",206,4015,1,"7-20640151","09/29/2022"
"4410","Russia","Soviet Union","Su-25 close air support aircraft","destroyed","https://i.postimg.cc/DZ14y78S/316.png","2022-09-29",206,4016,1,"7-20640161","09/29/2022"
"4411","Russia","Soviet Union","Su-25 close air support aircraft","destroyed","https://i.postimg.cc/XJ2YWqt8/6y6.png","2022-09-29",206,4017,1,"7-20640171","09/29/2022"
"4412","Russia","Soviet Union","Su-25 close air support aircraft","destroyed","https://i.postimg.cc/bNnXPwcr/43g9.png","2022-09-29",206,4018,1,"7-20640181","09/29/2022"
"4413","Russia","Soviet Union","Su-25 close air support aircraft","destroyed","https://i.postimg.cc/PqBrzQ94/2d.png","2022-09-29",206,4019,1,"7-20640191","09/29/2022"
"4414","Russia","Soviet Union","Su-25 close air support aircraft","destroyed","https://i.postimg.cc/y6XbrW3z/6522.png","2022-09-29",206,4020,1,"7-20640201","09/29/2022"
"4415","Russia","Soviet Union","Su-25 close air support aircraft","destroyed","https://i.postimg.cc/RZbzx5tR/338.png","2022-09-29",206,4021,1,"7-20640211","09/29/2022"
"4416","Russia","Soviet Union","Su-25 close air support aircraft","destroyed","https://twitter.com/RALee85/status/1538798047249027072","2022-09-29",206,4022,1,"7-20640221","09/29/2022"
"4417","Russia","Soviet Union","Su-25 close air support aircraft","destroyed","https://twitter.com/UAWeapons/status/1539288719638859776","2022-09-29",206,4023,1,"7-20640231","09/29/2022"
"4418","Russia","Soviet Union","Su-25 close air support aircraft","destroyed","https://i.postimg.cc/ZY64Sn83/331.png","2022-09-29",206,4024,1,"7-20640241","09/29/2022"
"4419","Russia","Soviet Union","Su-25 close air support aircraft","destroyed","https://i.postimg.cc/0NjSWsy8/42.png","2022-09-29",206,4025,1,"7-20640251","09/29/2022"
"4420","Russia","Soviet Union","Su-25 close air support aircraft","damaged","https://i.postimg.cc/zBVmRBJ2/h9.png","2022-09-29",206,4026,4,"7-20640264","09/29/2022"
"4421","Russia","Soviet Union","Su-25 close air support aircraft","destroyed","https://i.postimg.cc/d0frJvX8/1008-su25.jpg","2022-09-29",206,4027,1,"7-20640271","09/29/2022"
"4422","Russia","Soviet Union","Su-25 close air support aircraft","destroyed","https://twitter.com/UAWeapons/status/1567464762098814983","2022-09-29",206,4028,1,"7-20640281","09/29/2022"
"4423","Russia","Soviet Union","Su-25 close air support aircraft","destroyed","https://twitter.com/UAWeapons/status/1569302325533020160","2022-09-29",206,4029,1,"7-20640291","09/29/2022"
"4424","Russia","Soviet Union","Su-25 close air support aircraft","damaged","https://twitter.com/UAWeapons/status/1535271617928081409","2022-09-29",206,4030,4,"7-20640304","09/29/2022"
"4425","Russia","Soviet Union","Su-24MR tactical reconnaissance aircraft","destroyed","https://i.postimg.cc/G3FmfyrS/6653.png","2022-09-29",207,4031,1,"7-20740311","09/29/2022"
"4426","Russia","Soviet Union","Su-24M/MR strike/tactical reconnaissance aircraft","destroyed","https://i.postimg.cc/nVD3fnwW/3326.png","2022-09-29",208,4032,1,"7-20840321","09/29/2022"
"4427","Russia","Soviet Union","Su-24M/MR strike/tactical reconnaissance aircraft","damaged","https://i.postimg.cc/mDQ1Vp8m/3326.png","2022-09-29",208,4033,4,"7-20840334","09/29/2022"
"4428","Russia","Soviet Union","Su-24M/MR strike/tactical reconnaissance aircraft","damaged","https://i.postimg.cc/mr7rGzCD/3326.png","2022-09-29",208,4034,4,"7-20840344","09/29/2022"
"4429","Russia","Russia","Su-30SM multirole aircraft","destroyed","https://i.postimg.cc/QNPryLw9/7699.png","2022-09-29",209,4035,1,"7-20940351","09/29/2022"
"4430","Russia","Russia","Su-30SM multirole aircraft","destroyed","https://i.postimg.cc/pTmn3GJ1/443.png","2022-09-29",209,4036,1,"7-20940361","09/29/2022"
"4431","Russia","Russia","Su-30SM multirole aircraft","destroyed","https://i.postimg.cc/3R8v9rk7/65.png","2022-09-29",209,4037,1,"7-20940371","09/29/2022"
"4432","Russia","Russia","Su-30SM multirole aircraft","destroyed","https://i.postimg.cc/8ch0qvfw/763.png","2022-09-29",209,4038,1,"7-20940381","09/29/2022"
"4433","Russia","Russia","Su-30SM multirole aircraft","destroyed","https://i.postimg.cc/05Wr4fXG/4fs.png","2022-09-29",209,4039,1,"7-20940391","09/29/2022"
"4434","Russia","Russia","Su-30SM multirole aircraft","destroyed","https://i.postimg.cc/FKS4JMHn/3326.png","2022-09-29",209,4040,1,"7-20940401","09/29/2022"
"4435","Russia","Russia","Su-30SM multirole aircraft","destroyed","https://i.postimg.cc/zGGdTPWX/1003-su30.jpg","2022-09-29",209,4041,1,"7-20940411","09/29/2022"
"4436","Russia","Russia","Su-30SM multirole aircraft","destroyed","https://twitter.com/UAWeapons/status/1569275480343281665","2022-09-29",209,4042,1,"7-20940421","09/29/2022"
"4437","Russia","Russia","Su-30SM multirole aircraft","damaged","https://i.postimg.cc/j5qMrfmQ/3326.png","2022-09-29",209,4043,4,"7-20940434","09/29/2022"
"4438","Russia","Russia","Su-35S multirole aircraft","destroyed","https://i.postimg.cc/9Xx2XhXx/32f.png","2022-09-29",210,4044,1,"7-21040441","09/29/2022"
"4439","Russia","Russia","Su-34 strike aircraft","destroyed","https://i.postimg.cc/c1MKNhpK/a2.png","2022-09-29",211,4045,1,"7-21140451","09/29/2022"
"4440","Russia","Russia","Su-34 strike aircraft","destroyed","https://i.postimg.cc/6q0TL6rV/a1.png","2022-09-29",211,4046,1,"7-21140461","09/29/2022"
"4441","Russia","Russia","Su-34 strike aircraft","destroyed","https://i.postimg.cc/XNTgS10c/b8.jpg","2022-09-29",211,4047,1,"7-21140471","09/29/2022"
"4442","Russia","Russia","Su-34 strike aircraft","destroyed","https://i.postimg.cc/brNRFNVw/46.png","2022-09-29",211,4048,1,"7-21140481","09/29/2022"
"4443","Russia","Russia","Su-34 strike aircraft","destroyed","https://i.postimg.cc/rpZdfjt7/5gh.png","2022-09-29",211,4049,1,"7-21140491","09/29/2022"
"4444","Russia","Russia","Su-34 strike aircraft","destroyed","https://twitter.com/MotolkoHelp/status/1516815396552200200","2022-09-29",211,4050,1,"7-21140501","09/29/2022"
"4445","Russia","Russia","Su-34 strike aircraft","destroyed","https://i.postimg.cc/k5Yj5H3G/790.png","2022-09-29",211,4051,1,"7-21140511","09/29/2022"
"4446","Russia","Russia","Su-34 strike aircraft","destroyed","https://twitter.com/UAWeapons/status/1519020714937962497","2022-09-29",211,4052,1,"7-21140521","09/29/2022"
"4447","Russia","Russia","Su-34 strike aircraft","destroyed","https://twitter.com/UAWeapons/status/1518542194646388738","2022-09-29",211,4053,1,"7-21140531","09/29/2022"
"4448","Russia","Russia","Su-34 strike aircraft","destroyed","https://i.postimg.cc/qv4zqnd1/55j.png","2022-09-29",211,4054,1,"7-21140541","09/29/2022"
"4449","Russia","Russia","Su-34 strike aircraft","destroyed","https://twitter.com/UAWeapons/status/1568710616868704258","2022-09-29",211,4055,1,"7-21140551","09/29/2022"
"4450","Russia","Russia","Su-34 strike aircraft","destroyed","https://twitter.com/RALee85/status/1569279954281705473","2022-09-29",211,4056,1,"7-21140561","09/29/2022"
"4451","Russia","Russia","Su-34 strike aircraft","destroyed","https://twitter.com/UAWeapons/status/1573726469355962372","2022-09-29",211,4057,1,"7-21140571","09/29/2022"
"4452","Russia","Russia","Su-34 strike aircraft","destroyed","https://twitter.com/UAWeapons/status/1573776608695042048","2022-09-29",211,4058,1,"7-21140581","09/29/2022"
"4453","Russia","Russia","Su-34M strike aircraft","destroyed","https://twitter.com/UAWeapons/status/1548937987567804417","2022-09-29",212,4059,1,"7-21240591","09/29/2022"
"4454","Russia","Russia","1 Unknown Su-30/Su-34/Su-35","destroyed","https://i.postimg.cc/4yvbSFJ1/1008.jpg","2022-09-29",213,4060,1,"7-21340601","09/29/2022"
"4455","Russia","Soviet Union","1 An-26 transport aircraft","destroyed","https://i.postimg.cc/R0ppMFNQ/448.png","2022-09-29",214,4061,1,"7-21440611","09/29/2022"
"4456","Russia","Russia","Mi-8 transport helicopter","destroyed","https://i.postimg.cc/Zq8KtSRg/37.png","2022-09-29",215,4062,1,"7-21540621","09/29/2022"
"4457","Russia","Russia","Mi-8 transport helicopter","destroyed","https://i.postimg.cc/YS3Jpmpz/4799.png","2022-09-29",215,4063,1,"7-21540631","09/29/2022"
"4458","Russia","Russia","Mi-8 transport helicopter","destroyed","https://i.postimg.cc/cHJ7QfR3/668.png","2022-09-29",215,4064,1,"7-21540641","09/29/2022"
"4459","Russia","Russia","Mi-8 transport helicopter","destroyed","https://i.postimg.cc/nrRXyX9x/367.png","2022-09-29",215,4065,1,"7-21540651","09/29/2022"
"4460","Russia","Russia","Mi-8 transport helicopter","destroyed","https://i.postimg.cc/XqtmXXdR/442.png","2022-09-29",215,4066,1,"7-21540661","09/29/2022"
"4461","Russia","Russia","Mi-8 transport helicopter","destroyed","https://postimg.cc/hJQ6678b","2022-09-29",215,4067,1,"7-21540671","09/29/2022"
"4462","Russia","Russia","Mi-8 transport helicopter","abandoned","https://i.postimg.cc/ncL87Pvg/65.png","2022-09-29",215,4068,2,"7-21540682","09/29/2022"
"4463","Russia","Russia","Mi-8 transport helicopter","destroyed","https://i.postimg.cc/ncL87Pvg/65.png","2022-09-29",215,4068,1,"7-21540681","09/29/2022"
"4464","Russia","Russia","Mi-8 transport helicopter","destroyed","https://i.postimg.cc/3J0cxpnW/549.png","2022-09-29",215,4069,1,"7-21540691","09/29/2022"
"4465","Russia","Russia","Mi-8 transport helicopter","destroyed","https://twitter.com/RALee85/status/1515925894568857602","2022-09-29",215,4070,1,"7-21540701","09/29/2022"
"4466","Russia","Russia","Mi-8 transport helicopter","destroyed","https://twitter.com/UAWeapons/status/1517145886194683904","2022-09-29",215,4071,1,"7-21540711","09/29/2022"
"4467","Russia","Russia","Mi-8 transport helicopter","destroyed","https://i.postimg.cc/NFMqWfJp/47.png","2022-09-29",215,4072,1,"7-21540721","09/29/2022"
"4468","Russia","Soviet Union","Mi-24P attack helicopter","destroyed","https://twitter.com/UAWeapons/status/1522207716755734528","2022-09-29",216,4073,1,"7-21640731","09/29/2022"
"4469","Russia","Soviet Union","Mi-24P attack helicopter","destroyed","https://i.postimg.cc/dVVvB2vh/48.png","2022-09-29",216,4074,1,"7-21640741","09/29/2022"
"4470","Russia","Soviet Union","Mi-24P attack helicopter","destroyed","https://i.postimg.cc/x82n2HvR/4f3.png","2022-09-29",216,4075,1,"7-21640751","09/29/2022"
"4471","Russia","Russia","Mi-35M attack helicopter","destroyed","https://i.postimg.cc/sgyP7pxk/d3.png","2022-09-29",217,4076,1,"7-21740761","09/29/2022"
"4472","Russia","Russia","Mi-35M attack helicopter","destroyed","https://i.postimg.cc/4x2WCZvL/135.png","2022-09-29",217,4077,1,"7-21740771","09/29/2022"
"4473","Russia","Russia","Mi-35M attack helicopter","destroyed","https://twitter.com/UAWeapons/status/1504481490276532228","2022-09-29",217,4078,1,"7-21740781","09/29/2022"
"4474","Russia","Russia","Mi-35M attack helicopter","destroyed","https://i.postimg.cc/PJJNvNF3/653.png","2022-09-29",217,4079,1,"7-21740791","09/29/2022"
"4475","Russia","Russia","Mi-35M attack helicopter","destroyed","https://twitter.com/UAWeapons/status/1537469034123386881","2022-09-29",217,4080,1,"7-21740801","09/29/2022"
"4476","Russia","Russia","Mi-28 attack helicopter","destroyed","https://twitter.com/oryxspioenkop/status/1502605989400489990","2022-09-29",218,4081,1,"7-21840811","09/29/2022"
"4477","Russia","Russia","Mi-28 attack helicopter","destroyed","https://twitter.com/UAWeapons/status/1509867710892711939","2022-09-29",218,4082,1,"7-21840821","09/29/2022"
"4478","Russia","Russia","Mi-28 attack helicopter","destroyed","https://postimg.cc/LqQ2Szf0","2022-09-29",218,4083,1,"7-21840831","09/29/2022"
"4479","Russia","Russia","Mi-28 attack helicopter","destroyed","https://i.postimg.cc/7LmXCpww/29.png","2022-09-29",218,4084,1,"7-21840841","09/29/2022"
"4480","Russia","Russia","Mi-28 attack helicopter","destroyed","https://i.postimg.cc/05mTSd1m/599.png","2022-09-29",218,4085,1,"7-21840851","09/29/2022"
"4481","Russia","Russia","Mi-28 attack helicopter","destroyed","https://i.postimg.cc/8Crd9Dky/7633.jpg","2022-09-29",218,4086,1,"7-21840861","09/29/2022"
"4482","Russia","Russia","Ka-52 'Alligator' attack helicopter","destroyed","https://i.postimg.cc/R0k4cc7Z/548.png","2022-09-29",219,4087,1,"7-21940871","09/29/2022"
"4483","Russia","Russia","Ka-52 'Alligator' attack helicopter","destroyed","https://i.postimg.cc/1tPVQmb4/4fd6.png","2022-09-29",219,4088,1,"7-21940881","09/29/2022"
"4484","Russia","Russia","Ka-52 'Alligator' attack helicopter","destroyed","https://i.postimg.cc/xTYxdB3c/4w.png","2022-09-29",219,4089,1,"7-21940891","09/29/2022"
"4485","Russia","Russia","Ka-52 'Alligator' attack helicopter","destroyed","https://i.postimg.cc/rwVSHcbt/37.png","2022-09-29",219,4090,1,"7-21940901","09/29/2022"
"4486","Russia","Russia","Ka-52 'Alligator' attack helicopter","destroyed","https://i.postimg.cc/MTn487kW/h2.png","2022-09-29",219,4091,1,"7-21940911","09/29/2022"
"4487","Russia","Russia","Ka-52 'Alligator' attack helicopter","destroyed","https://twitter.com/UAWeapons/status/1511292509619568640","2022-09-29",219,4092,1,"7-21940921","09/29/2022"
"4488","Russia","Russia","Ka-52 'Alligator' attack helicopter","destroyed","https://i.postimg.cc/4dzsQMTW/541.png","2022-09-29",219,4093,1,"7-21940931","09/29/2022"
"4489","Russia","Russia","Ka-52 'Alligator' attack helicopter","destroyed","https://twitter.com/UAWeapons/status/1520533369230086155","2022-09-29",219,4094,1,"7-21940941","09/29/2022"
"4490","Russia","Russia","Ka-52 'Alligator' attack helicopter","destroyed","https://i.postimg.cc/YCLMm1sx/2f4.png","2022-09-29",219,4095,1,"7-21940951","09/29/2022"
"4491","Russia","Russia","Ka-52 'Alligator' attack helicopter","destroyed","https://twitter.com/UAWeapons/status/1533391518970662912","2022-09-29",219,4096,1,"7-21940961","09/29/2022"
"4492","Russia","Russia","Ka-52 'Alligator' attack helicopter","destroyed","https://i.postimg.cc/d3mQqdqh/288.png","2022-09-29",219,4097,1,"7-21940971","09/29/2022"
"4493","Russia","Russia","Ka-52 'Alligator' attack helicopter","destroyed","https://twitter.com/RALee85/status/1559186083140739074","2022-09-29",219,4098,1,"7-21940981","09/29/2022"
"4494","Russia","Russia","Ka-52 'Alligator' attack helicopter","damaged","https://i.postimg.cc/tRxDy5TM/3288.png","2022-09-29",219,4099,4,"7-21940994","09/29/2022"
"4495","Russia","Russia","Ka-52 'Alligator' attack helicopter","abandoned","https://i.postimg.cc/tRxDy5TM/3288.png","2022-09-29",219,4099,2,"7-21940992","09/29/2022"
"4496","Russia","Russia","Ka-52 'Alligator' attack helicopter","destroyed","https://i.postimg.cc/tRxDy5TM/3288.png","2022-09-29",219,4099,1,"7-21940991","09/29/2022"
"4497","Russia","Russia","Ka-52 'Alligator' attack helicopter","damaged","https://i.postimg.cc/vmtC0wn8/57.png","2022-09-29",219,4100,4,"7-21941004","09/29/2022"
"4498","Russia","Russia","Ka-52 'Alligator' attack helicopter","abandoned","https://i.postimg.cc/vmtC0wn8/57.png","2022-09-29",219,4100,2,"7-21941002","09/29/2022"
"4499","Russia","Russia","Ka-52 'Alligator' attack helicopter","destroyed","https://i.postimg.cc/vmtC0wn8/57.png","2022-09-29",219,4100,1,"7-21941001","09/29/2022"
"4500","Russia","Russia","Ka-52 'Alligator' attack helicopter","destroyed","https://i.postimg.cc/k5N18rBH/1002-ka52.jpg","2022-09-29",219,4101,1,"7-21941011","09/29/2022"
"4501","Russia","Russia","Ka-52 'Alligator' attack helicopter","destroyed","https://twitter.com/UAWeapons/status/1572975784720998404","2022-09-29",219,4102,1,"7-21941021","09/29/2022"
"4502","Russia","Russia","Ka-52 'Alligator' attack helicopter","destroyed","https://twitter.com/UAWeapons/status/1541425714502705152","2022-09-29",219,4103,1,"7-21941031","09/29/2022"
"4503","Russia","Russia","Ka-52 'Alligator' attack helicopter","damaged","https://i.postimg.cc/0jWMTTRH/43d.png","2022-09-29",219,4104,4,"7-21941044","09/29/2022"
"4504","Russia","Russia","Ka-52 'Alligator' attack helicopter","captured","https://i.postimg.cc/0jWMTTRH/43d.png","2022-09-29",219,4104,3,"7-21941043","09/29/2022"
"4505","Russia","Russia","Unknown helicopter","destroyed","https://i.postimg.cc/NG9B0yBC/72.png","2022-09-29",220,4105,1,"7-22041051","09/29/2022"
"4506","Russia","Israel","3 Forpost reconnaissance UAV","destroyed","https://i.postimg.cc/QMfV9BST/35g.png","2022-09-29",221,4106,1,"7-22141061","09/29/2022"
"4507","Russia","Israel","3 Forpost reconnaissance UAV","destroyed","https://twitter.com/UAWeapons/status/1543997005294452743","2022-09-29",221,4107,1,"7-22141071","09/29/2022"
"4508","Russia","Israel","3 Forpost reconnaissance UAV","destroyed","https://i.postimg.cc/RhmxzhXp/d3.png","2022-09-29",221,4108,1,"7-22141081","09/29/2022"
"4509","Russia","Russia","Orion UCAV","destroyed","https://i.postimg.cc/FsNjfGyG/57.png","2022-09-29",222,4109,1,"7-22241091","09/29/2022"
"4510","Russia","Iran","1 Mohajer-6 UCAV","destroyed","https://twitter.com/UAWeapons/status/1573369579430354944","2022-09-29",223,4110,1,"7-22341101","09/29/2022"
"4511","Russia","Russia","Orlan-10 reconnaissance UAV","destroyed","https://i.postimg.cc/CKwKbTnN/5799.png","2022-09-29",224,4111,1,"7-22441111","09/29/2022"
"4512","Russia","Russia","Orlan-10 reconnaissance UAV","destroyed","https://i.postimg.cc/DfGxGMLk/3g.png","2022-09-29",224,4112,1,"7-22441121","09/29/2022"
"4513","Russia","Russia","Orlan-10 reconnaissance UAV","destroyed","https://i.postimg.cc/zXHnbFzQ/5gl.png","2022-09-29",224,4113,1,"7-22441131","09/29/2022"
"4514","Russia","Russia","Orlan-10 reconnaissance UAV","destroyed","https://i.postimg.cc/6QVsMf3H/6522.png","2022-09-29",224,4114,1,"7-22441141","09/29/2022"
"4515","Russia","Russia","Orlan-10 reconnaissance UAV","destroyed","https://i.postimg.cc/tgR0mVxp/331.png","2022-09-29",224,4115,1,"7-22441151","09/29/2022"
"4516","Russia","Russia","Orlan-10 reconnaissance UAV","destroyed","https://i.postimg.cc/yxB9PFbx/f5.png","2022-09-29",224,4116,1,"7-22441161","09/29/2022"
"4517","Russia","Russia","Orlan-10 reconnaissance UAV","destroyed","https://i.postimg.cc/nVBCPx9W/76.jpg","2022-09-29",224,4117,1,"7-22441171","09/29/2022"
"4518","Russia","Russia","Orlan-10 reconnaissance UAV","destroyed","https://i.postimg.cc/C11d0vhZ/35g.jpg","2022-09-29",224,4118,1,"7-22441181","09/29/2022"
"4519","Russia","Russia","Orlan-10 reconnaissance UAV","destroyed","https://i.postimg.cc/9FyvR6MK/4316.png","2022-09-29",224,4119,1,"7-22441191","09/29/2022"
"4520","Russia","Russia","Orlan-10 reconnaissance UAV","destroyed","https://i.postimg.cc/FRYR7QVY/669.png","2022-09-29",224,4120,1,"7-22441201","09/29/2022"
"4521","Russia","Russia","Orlan-10 reconnaissance UAV","destroyed","https://i.postimg.cc/6pDBhGh6/5h.png","2022-09-29",224,4121,1,"7-22441211","09/29/2022"
"4522","Russia","Russia","Orlan-10 reconnaissance UAV","destroyed","https://i.postimg.cc/85kvfqLf/6689.jpg","2022-09-29",224,4122,1,"7-22441221","09/29/2022"
"4523","Russia","Russia","Orlan-10 reconnaissance UAV","destroyed","https://i.postimg.cc/KYLkzGTc/37.png","2022-09-29",224,4123,1,"7-22441231","09/29/2022"
"4524","Russia","Russia","Orlan-10 reconnaissance UAV","destroyed","https://i.postimg.cc/J4nGRTnh/4jl.png","2022-09-29",224,4124,1,"7-22441241","09/29/2022"
"4525","Russia","Russia","Orlan-10 reconnaissance UAV","destroyed","https://i.postimg.cc/gjVssHLf/89.png","2022-09-29",224,4125,1,"7-22441251","09/29/2022"
"4526","Russia","Russia","Orlan-10 reconnaissance UAV","destroyed","https://i.postimg.cc/7YFSSDws/498.png","2022-09-29",224,4126,1,"7-22441261","09/29/2022"
"4527","Russia","Russia","Orlan-10 reconnaissance UAV","destroyed","https://i.postimg.cc/9fPVvT9R/t4.png","2022-09-29",224,4127,1,"7-22441271","09/29/2022"
"4528","Russia","Russia","Orlan-10 reconnaissance UAV","destroyed","https://i.postimg.cc/vTprjftg/542.jpg","2022-09-29",224,4128,1,"7-22441281","09/29/2022"
"4529","Russia","Russia","Orlan-10 reconnaissance UAV","destroyed","https://i.postimg.cc/fLXP3MWp/d21.jpg","2022-09-29",224,4129,1,"7-22441291","09/29/2022"
"4530","Russia","Russia","Orlan-10 reconnaissance UAV","destroyed","https://i.postimg.cc/F1t2dQdF/431.jpg","2022-09-29",224,4130,1,"7-22441301","09/29/2022"
"4531","Russia","Russia","Orlan-10 reconnaissance UAV","destroyed","https://twitter.com/UAWeapons/status/1521105540885192707","2022-09-29",224,4131,1,"7-22441311","09/29/2022"
"4532","Russia","Russia","Orlan-10 reconnaissance UAV","destroyed","https://i.postimg.cc/NMTgv9xM/387.png","2022-09-29",224,4132,1,"7-22441321","09/29/2022"
"4533","Russia","Russia","Orlan-10 reconnaissance UAV","destroyed","https://i.postimg.cc/Xq9krxQS/7663.jpg","2022-09-29",224,4133,1,"7-22441331","09/29/2022"
"4534","Russia","Russia","Orlan-10 reconnaissance UAV","destroyed","https://i.postimg.cc/kgg8Zp5G/47h.jpg","2022-09-29",224,4134,1,"7-22441341","09/29/2022"
"4535","Russia","Russia","Orlan-10 reconnaissance UAV","destroyed","https://i.postimg.cc/14x9rbSm/f66.jpg","2022-09-29",224,4135,1,"7-22441351","09/29/2022"
"4536","Russia","Russia","Orlan-10 reconnaissance UAV","destroyed","https://i.postimg.cc/ncgvFg30/g8.jpg","2022-09-29",224,4136,1,"7-22441361","09/29/2022"
"4537","Russia","Russia","Orlan-10 reconnaissance UAV","destroyed","https://i.postimg.cc/VsCR1LSN/589.png","2022-09-29",224,4137,1,"7-22441371","09/29/2022"
"4538","Russia","Russia","Orlan-10 reconnaissance UAV","destroyed","https://i.postimg.cc/Fs5cqXRf/f88.png","2022-09-29",224,4138,1,"7-22441381","09/29/2022"
"4539","Russia","Russia","Orlan-10 reconnaissance UAV","destroyed","https://i.postimg.cc/zBJtTyvc/54.jpg","2022-09-29",224,4139,1,"7-22441391","09/29/2022"
"4540","Russia","Russia","Orlan-10 reconnaissance UAV","destroyed","https://i.postimg.cc/VNxHMNty/43.jpg","2022-09-29",224,4140,1,"7-22441401","09/29/2022"
"4541","Russia","Russia","Orlan-10 reconnaissance UAV","destroyed","https://i.postimg.cc/CLDQYPF4/48.png","2022-09-29",224,4141,1,"7-22441411","09/29/2022"
"4542","Russia","Russia","Orlan-10 reconnaissance UAV","destroyed","https://i.postimg.cc/W3wy2LJK/o2.png","2022-09-29",224,4142,1,"7-22441421","09/29/2022"
"4543","Russia","Russia","Orlan-10 reconnaissance UAV","destroyed","https://i.postimg.cc/sxWR9n55/22s.jpg","2022-09-29",224,4143,1,"7-22441431","09/29/2022"
"4544","Russia","Russia","Orlan-10 reconnaissance UAV","destroyed","https://i.postimg.cc/sfkV79nR/f4.png","2022-09-29",224,4144,1,"7-22441441","09/29/2022"
"4545","Russia","Russia","Orlan-10 reconnaissance UAV","destroyed","https://twitter.com/UAWeapons/status/1543964967573020678","2022-09-29",224,4145,1,"7-22441451","09/29/2022"
"4546","Russia","Russia","Orlan-10 reconnaissance UAV","destroyed","https://i.postimg.cc/fbVLCq1n/1004.jpg","2022-09-29",224,4146,1,"7-22441461","09/29/2022"
"4547","Russia","Russia","Orlan-10 reconnaissance UAV","destroyed","https://i.postimg.cc/nhhztFNQ/1002-orlan-10.jpg","2022-09-29",224,4147,1,"7-22441471","09/29/2022"
"4548","Russia","Russia","Orlan-10 reconnaissance UAV","destroyed","https://i.postimg.cc/HxBmcRfR/475.png","2022-09-29",224,4148,1,"7-22441481","09/29/2022"
"4549","Russia","Russia","Orlan-10 reconnaissance UAV","destroyed","https://i.postimg.cc/1tctWvbr/f431.png","2022-09-29",224,4149,1,"7-22441491","09/29/2022"
"4550","Russia","Russia","Orlan-10 reconnaissance UAV","destroyed","https://twitter.com/UAWeapons/status/1558411984479158274","2022-09-29",224,4150,1,"7-22441501","09/29/2022"
"4551","Russia","Russia","Orlan-10 reconnaissance UAV","destroyed","https://twitter.com/UAWeapons/status/1560673609550417921","2022-09-29",224,4151,1,"7-22441511","09/29/2022"
"4552","Russia","Russia","Orlan-10 reconnaissance UAV","destroyed","https://twitter.com/UAWeapons/status/1563908371639574529","2022-09-29",224,4152,1,"7-22441521","09/29/2022"
"4553","Russia","Russia","Orlan-10 reconnaissance UAV","destroyed","https://twitter.com/UAWeapons/status/1564981255107739649","2022-09-29",224,4153,1,"7-22441531","09/29/2022"
"4554","Russia","Russia","Orlan-10 reconnaissance UAV","destroyed","https://i.postimg.cc/gJv1Z874/1002-orlan.jpg","2022-09-29",224,4154,1,"7-22441541","09/29/2022"
"4555","Russia","Russia","Orlan-10 reconnaissance UAV","destroyed","https://twitter.com/UAWeapons/status/1575450424496250881","2022-09-29",224,4155,1,"7-22441551","09/29/2022"
"4556","Russia","Russia","Orlan-10 reconnaissance UAV","captured","https://i.postimg.cc/6QqPwj1t/4f.jpg","2022-09-29",224,4156,3,"7-22441563","09/29/2022"
"4557","Russia","Russia","Orlan-10 reconnaissance UAV","captured","https://i.postimg.cc/NF1kqKHh/1.jpg","2022-09-29",224,4157,3,"7-22441573","09/29/2022"
"4558","Russia","Russia","Orlan-10 reconnaissance UAV","captured","https://i.postimg.cc/Zq7rm9pH/370.png","2022-09-29",224,4158,3,"7-22441583","09/29/2022"
"4559","Russia","Russia","Orlan-10 reconnaissance UAV","captured","https://i.postimg.cc/RZF5FGVc/576.jpg","2022-09-29",224,4159,3,"7-22441593","09/29/2022"
"4560","Russia","Russia","Orlan-10 reconnaissance UAV","captured","https://i.postimg.cc/dtPZbsKy/4f2.png","2022-09-29",224,4160,3,"7-22441603","09/29/2022"
"4561","Russia","Russia","Orlan-10 reconnaissance UAV","captured","https://i.postimg.cc/TY4KfK2d/57.jpg","2022-09-29",224,4161,3,"7-22441613","09/29/2022"
"4562","Russia","Russia","Orlan-10 reconnaissance UAV","captured","https://i.postimg.cc/QMpYq1Jn/65g.png","2022-09-29",224,4162,3,"7-22441623","09/29/2022"
"4563","Russia","Russia","Orlan-10 reconnaissance UAV","captured","https://i.postimg.cc/5N6BMbSX/g2.jpg","2022-09-29",224,4163,3,"7-22441633","09/29/2022"
"4564","Russia","Russia","Orlan-10 reconnaissance UAV","captured","https://i.postimg.cc/zX4cH9kG/378.png","2022-09-29",224,4164,3,"7-22441643","09/29/2022"
"4565","Russia","Russia","Orlan-10 reconnaissance UAV","captured","https://i.postimg.cc/YqNCVRZ8/689.jpg","2022-09-29",224,4165,3,"7-22441653","09/29/2022"
"4566","Russia","Russia","Orlan-10 reconnaissance UAV","captured","https://i.postimg.cc/vBGZW9Dm/769.jpg","2022-09-29",224,4166,3,"7-22441663","09/29/2022"
"4567","Russia","Russia","Orlan-10 reconnaissance UAV","captured","https://i.postimg.cc/jdHNY3wM/5471.jpg","2022-09-29",224,4167,3,"7-22441673","09/29/2022"
"4568","Russia","Russia","Orlan-10 reconnaissance UAV","captured","https://i.postimg.cc/sxc4pmht/684.png","2022-09-29",224,4168,3,"7-22441683","09/29/2022"
"4569","Russia","Russia","Orlan-10 reconnaissance UAV","captured","https://i.postimg.cc/fL9zMkcJ/f4.jpg","2022-09-29",224,4169,3,"7-22441693","09/29/2022"
"4570","Russia","Russia","Orlan-10 reconnaissance UAV","captured","https://i.postimg.cc/1X19XPBM/f5.jpg","2022-09-29",224,4170,3,"7-22441703","09/29/2022"
"4571","Russia","Russia","Orlan-10 reconnaissance UAV","captured","https://i.postimg.cc/8zkzDNf8/o1.png","2022-09-29",224,4171,3,"7-22441713","09/29/2022"
"4572","Russia","Russia","Orlan-10 reconnaissance UAV","captured","https://i.postimg.cc/hGqMhZgq/o3.png","2022-09-29",224,4172,3,"7-22441723","09/29/2022"
"4573","Russia","Russia","Orlan-10 reconnaissance UAV","captured","https://i.postimg.cc/9fZz7drg/778.jpg","2022-09-29",224,4173,3,"7-22441733","09/29/2022"
"4574","Russia","Russia","Orlan-10 reconnaissance UAV","captured","https://i.postimg.cc/wM3vnwmj/548.png","2022-09-29",224,4174,3,"7-22441743","09/29/2022"
"4575","Russia","Russia","Orlan-10 reconnaissance UAV","captured","https://i.postimg.cc/bJ9tZDL2/j77.jpg","2022-09-29",224,4175,3,"7-22441753","09/29/2022"
"4576","Russia","Russia","Orlan-10 reconnaissance UAV","captured","https://i.postimg.cc/nLwDTbvD/o1.jpg","2022-09-29",224,4176,3,"7-22441763","09/29/2022"
"4577","Russia","Russia","Orlan-10 reconnaissance UAV","captured","https://i.postimg.cc/Y95mK6D2/o2.jpg","2022-09-29",224,4177,3,"7-22441773","09/29/2022"
"4578","Russia","Russia","Orlan-10 reconnaissance UAV","captured","https://i.postimg.cc/JnpJ6DcS/4f88.png","2022-09-29",224,4178,3,"7-22441783","09/29/2022"
"4579","Russia","Russia","Orlan-10 reconnaissance UAV","captured","https://i.postimg.cc/wx21XFCw/090.jpg","2022-09-29",224,4179,3,"7-22441793","09/29/2022"
"4580","Russia","Russia","Orlan-10 reconnaissance UAV","captured","https://i.postimg.cc/SsmD3Q1Q/489.png","2022-09-29",224,4180,3,"7-22441803","09/29/2022"
"4581","Russia","Russia","Orlan-10 reconnaissance UAV","captured","https://i.postimg.cc/nhnvjKN9/433.png","2022-09-29",224,4181,3,"7-22441813","09/29/2022"
"4582","Russia","Russia","Orlan-10 reconnaissance UAV","captured","https://i.postimg.cc/CKJQDtPK/4488.png","2022-09-29",224,4182,3,"7-22441823","09/29/2022"
"4583","Russia","Russia","Orlan-10 reconnaissance UAV","captured","https://i.postimg.cc/vH8mfDPF/178.png","2022-09-29",224,4183,3,"7-22441833","09/29/2022"
"4584","Russia","Russia","Orlan-10 reconnaissance UAV","captured","https://i.postimg.cc/BbxhgctG/7761.jpg","2022-09-29",224,4184,3,"7-22441843","09/29/2022"
"4585","Russia","Russia","Orlan-10 reconnaissance UAV","captured","https://twitter.com/UAWeapons/status/1557721655991885824","2022-09-29",224,4185,3,"7-22441853","09/29/2022"
"4586","Russia","Russia","Orlan-10 reconnaissance UAV","captured","https://i.postimg.cc/xCxn758d/1100-orlan10.jpg","2022-09-29",224,4186,3,"7-22441863","09/29/2022"
"4587","Russia","Russia","Orlan-10 reconnaissance UAV","captured","https://i.postimg.cc/X7DyWsdF/1007-orlan10.jpg","2022-09-29",224,4187,3,"7-22441873","09/29/2022"
"4588","Russia","Russia","Orlan-10 reconnaissance UAV","captured","https://twitter.com/RALee85/status/1561460268994965505","2022-09-29",224,4188,3,"7-22441883","09/29/2022"
"4589","Russia","Russia","Orlan-10 reconnaissance UAV","captured","https://twitter.com/RALee85/status/1561952181779156993","2022-09-29",224,4189,3,"7-22441893","09/29/2022"
"4590","Russia","Russia","Orlan-10 reconnaissance UAV","captured","https://twitter.com/UAWeapons/status/1562762515993358336","2022-09-29",224,4190,3,"7-22441903","09/29/2022"
"4591","Russia","Russia","Orlan-10 reconnaissance UAV","captured","https://i.postimg.cc/0QzQdnnK/1002-orlan10.jpg","2022-09-29",224,4191,3,"7-22441913","09/29/2022"
"4592","Russia","Russia","Orlan-10 reconnaissance UAV","captured","https://twitter.com/UAWeapons/status/1566364893661511680","2022-09-29",224,4192,3,"7-22441923","09/29/2022"
"4593","Russia","Russia","Orlan-10 reconnaissance UAV","captured","https://twitter.com/UAWeapons/status/1568935751777415168","2022-09-29",224,4193,3,"7-22441933","09/29/2022"
"4594","Russia","Russia","Orlan-10 reconnaissance UAV","captured","https://twitter.com/UAWeapons/status/1573271316521787392","2022-09-29",224,4194,3,"7-22441943","09/29/2022"
"4595","Russia","Russia","Orlan-10 reconnaissance UAV","captured","https://twitter.com/UAWeapons/status/1575211477380001792","2022-09-29",224,4195,3,"7-22441953","09/29/2022"
"4596","Russia","Russia","3 Orlan-10 jamming UAV","destroyed","https://twitter.com/UAWeapons/status/1548015648613154818","2022-09-29",225,4196,1,"7-22541961","09/29/2022"
"4597","Russia","Russia","3 Orlan-10 jamming UAV","captured","https://i.postimg.cc/bJTQmCp8/6899.png","2022-09-29",225,4197,3,"7-22541973","09/29/2022"
"4598","Russia","Russia","3 Orlan-10 jamming UAV","captured","https://i.postimg.cc/TYLmNYfv/546.jpg","2022-09-29",225,4198,3,"7-22541983","09/29/2022"
"4599","Russia","Russia","8 'Orlan-20' ''Kartograf'' reconnaissance UAV","destroyed","https://i.postimg.cc/wjfQ6sKd/7j.jpg","2022-09-29",226,4199,1,"7-22641991","09/29/2022"
"4600","Russia","Russia","8 'Orlan-20' ''Kartograf'' reconnaissance UAV","destroyed","https://i.postimg.cc/tgwcwDnq/544.png","2022-09-29",226,4200,1,"7-22642001","09/29/2022"
"4601","Russia","Russia","8 'Orlan-20' ''Kartograf'' reconnaissance UAV","destroyed","https://i.postimg.cc/nrJ7kC7g/51.png","2022-09-29",226,4201,1,"7-22642011","09/29/2022"
"4602","Russia","Russia","8 'Orlan-20' ''Kartograf'' reconnaissance UAV","destroyed","https://twitter.com/UAWeapons/status/1553733587639353346","2022-09-29",226,4202,1,"7-22642021","09/29/2022"
"4603","Russia","Russia","8 'Orlan-20' ''Kartograf'' reconnaissance UAV","destroyed","https://twitter.com/UAWeapons/status/1561282572369403904","2022-09-29",226,4203,1,"7-22642031","09/29/2022"
"4604","Russia","Russia","8 'Orlan-20' ''Kartograf'' reconnaissance UAV","destroyed","https://twitter.com/UAWeapons/status/1571824407169101824","2022-09-29",226,4204,1,"7-22642041","09/29/2022"
"4605","Russia","Russia","8 'Orlan-20' ''Kartograf'' reconnaissance UAV","captured","https://i.postimg.cc/hPPz5cxF/877.jpg","2022-09-29",226,4205,3,"7-22642053","09/29/2022"
"4606","Russia","Russia","8 'Orlan-20' ''Kartograf'' reconnaissance UAV","damaged","https://twitter.com/UAWeapons/status/1565678439952269312","2022-09-29",226,4206,4,"7-22642064","09/29/2022"
"4607","Russia","Russia","8 'Orlan-20' ''Kartograf'' reconnaissance UAV","captured","https://twitter.com/UAWeapons/status/1565678439952269312","2022-09-29",226,4206,3,"7-22642063","09/29/2022"
"4608","Russia","Russia","Orlan-30 reconnaissance UAV","destroyed","https://i.postimg.cc/sgB11ZNw/68.png","2022-09-29",227,4207,1,"7-22742071","09/29/2022"
"4609","Russia","Russia","Orlan-30 reconnaissance UAV","destroyed","https://i.postimg.cc/Hkdgvsp2/652.jpg","2022-09-29",227,4208,1,"7-22742081","09/29/2022"
"4610","Russia","Russia","Orlan-30 reconnaissance UAV","captured","https://i.postimg.cc/Y9Ps2VXG/f5.png","2022-09-29",227,4209,3,"7-22742093","09/29/2022"
"4611","Russia","Russia","Orlan-30 reconnaissance UAV","captured","https://twitter.com/UAWeapons/status/1573271316521787392","2022-09-29",227,4194,3,"7-22741943","09/29/2022"
"4612","Russia","Russia","Eleron-3 reconnaissance UAV","destroyed","https://twitter.com/UAWeapons/status/1525923825333960705","2022-09-29",228,4210,1,"7-22842101","09/29/2022"
"4613","Russia","Russia","Eleron-3 reconnaissance UAV","captured","https://i.postimg.cc/hGsW7Rwk/36hp.png","2022-09-29",228,4211,3,"7-22842113","09/29/2022"
"4614","Russia","Russia","Eleron-3 reconnaissance UAV","captured","https://i.postimg.cc/ncWt99Cy/4ff.png","2022-09-29",228,4212,3,"7-22842123","09/29/2022"
"4615","Russia","Russia","Eleron-3 reconnaissance UAV","captured","https://i.postimg.cc/yxRnwVzy/421.png","2022-09-29",228,4213,3,"7-22842133","09/29/2022"
"4616","Russia","Russia","Eleron-3 reconnaissance UAV","captured","https://i.postimg.cc/dtTP9TgR/f50.png","2022-09-29",228,4214,3,"7-22842143","09/29/2022"
"4617","Russia","Russia","Eleron-3 reconnaissance UAV","captured","https://i.postimg.cc/V6S9fK6Z/769.png","2022-09-29",228,4215,3,"7-22842153","09/29/2022"
"4618","Russia","Russia","Eleron-3 reconnaissance UAV","captured","https://i.postimg.cc/G3GCT98B/479.png","2022-09-29",228,4216,3,"7-22842163","09/29/2022"
"4619","Russia","Russia","Eleron-3 reconnaissance UAV","captured","https://i.postimg.cc/t43HgRz7/49.png","2022-09-29",228,4217,3,"7-22842173","09/29/2022"
"4620","Russia","Russia","Eleron-3 reconnaissance UAV","captured","https://i.postimg.cc/8CbDZkFx/589.png","2022-09-29",228,4218,3,"7-22842183","09/29/2022"
"4621","Russia","Russia","Eleron-3 reconnaissance UAV","captured","https://i.postimg.cc/brBpB1P1/434.png","2022-09-29",228,4219,3,"7-22842193","09/29/2022"
"4622","Russia","Russia","Eleron-3 reconnaissance UAV","captured","https://i.postimg.cc/ht00FV6v/5g5.png","2022-09-29",228,4220,3,"7-22842203","09/29/2022"
"4623","Russia","Russia","Eleron-3 reconnaissance UAV","captured","https://i.postimg.cc/3RLLMqnV/1007-Eleron-3-reconnaissance-UAV.jpg","2022-09-29",228,4221,3,"7-22842213","09/29/2022"
"4624","Russia","Russia","Eleron-3 reconnaissance UAV","captured","https://twitter.com/UAWeapons/status/1561452400619159558","2022-09-29",228,4222,3,"7-22842223","09/29/2022"
"4625","Russia","Russia","1 Eleron T28ME reconnaissance UAV","captured","https://twitter.com/UAWeapons/status/1559628435819044864","2022-09-29",229,4223,3,"7-22942233","09/29/2022"
"4626","Russia","Russia","Takhion reconnaissance UAV","captured","https://i.postimg.cc/L8Hsjzh6/41.png","2022-09-29",230,4224,3,"7-23042243","09/29/2022"
"4627","Russia","Russia","Takhion reconnaissance UAV","captured","https://i.postimg.cc/26dxtGgS/554.jpg","2022-09-29",230,4225,3,"7-23042253","09/29/2022"
"4628","Russia","Russia","ZALA 421-16<U+0415>2 reconnaissance UAV","destroyed","https://i.postimg.cc/g0PSJpwZ/g2.jpg","2022-09-29",231,4226,1,"7-23142261","09/29/2022"
"4629","Russia","Russia","ZALA 421-16<U+0415>2 reconnaissance UAV","destroyed","https://i.postimg.cc/qqBxnjfW/480.png","2022-09-29",231,4227,1,"7-23142271","09/29/2022"
"4630","Russia","Russia","ZALA 421-16<U+0415>2 reconnaissance UAV","captured","https://i.postimg.cc/XqR7yK79/8744.jpg","2022-09-29",231,4228,3,"7-23142283","09/29/2022"
"4631","Russia","Russia","ZALA 421-16<U+0415>2 reconnaissance UAV","captured","https://i.postimg.cc/mZM31swq/1006.jpg","2022-09-29",231,4229,3,"7-23142293","09/29/2022"
"4632","Russia","Russia","ZALA 421-16<U+0415>2 reconnaissance UAV","captured","https://twitter.com/UAWeapons/status/1565999784208498689","2022-09-29",231,4230,3,"7-23142303","09/29/2022"
"4633","Russia","Russia","Merlin-VR reconnaissance UAV","destroyed","https://i.postimg.cc/x1NDqL6V/433.png","2022-09-29",232,4231,1,"7-23242311","09/29/2022"
"4634","Russia","Russia","Lastochka-M reconnaissance UAV","captured","https://i.postimg.cc/5NfHCQZp/4144.png","2022-09-29",233,4232,3,"7-23342323","09/29/2022"
"4635","Russia","Russia","Supercam S450 reconnaissance UAV","captured","https://i.postimg.cc/9fSnXycR/46g.png","2022-09-29",234,4233,3,"7-23442333","09/29/2022"
"4636","Russia","Russia","Unknown UAV","destroyed","https://twitter.com/UAWeapons/status/1534994117691949082","2022-09-29",235,4234,1,"7-23542341","09/29/2022"
"4637","Russia","Russia","Unknown UAV","destroyed","https://twitter.com/UAWeapons/status/1539305630963482626","2022-09-29",235,4235,1,"7-23542351","09/29/2022"
"4638","Russia","Soviet Union","Project 1164 Slava class guided missile cruiser 'Moskva'","destroyed","https://i.postimg.cc/GhPrsQVH/68.png","2022-09-29",236,4236,1,"7-23642361","09/29/2022"
"4639","Russia","Russia","5 Project 03160 Raptor class patrol boat","destroyed","https://i.postimg.cc/LX8JW4dJ/46.png","2022-09-29",237,4237,1,"7-23742371","09/29/2022"
"4640","Russia","Russia","5 Project 03160 Raptor class patrol boat","destroyed","https://i.postimg.cc/0yycFg18/6j.jpg","2022-09-29",237,4238,1,"7-23742381","09/29/2022"
"4641","Russia","Russia","5 Project 03160 Raptor class patrol boat","destroyed","https://i.postimg.cc/qqhnJFrH/1011.jpg","2022-09-29",237,4239,1,"7-23742391","09/29/2022"
"4642","Russia","Russia","5 Project 03160 Raptor class patrol boat","damaged","https://i.postimg.cc/Gh7yVRxL/4438.png","2022-09-29",237,4240,4,"7-23742404","09/29/2022"
"4643","Russia","Russia","5 Project 03160 Raptor class patrol boat","damaged","https://twitter.com/UAWeapons/status/1506229325598756872","2022-09-29",237,4241,4,"7-23742414","09/29/2022"
"4644","Russia","Russia","Project 02510 BK-16E high-speed assault boat","destroyed","https://i.postimg.cc/V6TjLx6w/7769.png","2022-09-29",238,4242,1,"7-23842421","09/29/2022"
"4645","Russia","Soviet Union","Project 1171 Tapir class landing ship 'Saratov (BDK-65)'","destroyed","https://twitter.com/RALee85/status/1506953417935179793","2022-09-29",239,4243,1,"7-23942431","09/29/2022"
"4646","Russia","Poland","Project 775 Ropucha class landing ship","damaged","https://i.postimg.cc/k4zbP5Ff/13.png","2022-09-29",240,4244,4,"7-24042444","09/29/2022"
"4647","Russia","Russia","Project 11770 Serna class landing craft","destroyed","https://i.postimg.cc/cJWjtN8s/437.png","2022-09-29",241,4245,1,"7-24142451","09/29/2022"
"4648","Russia","Russia","Project 22870 SB-739 Vasily Bekh rescue tug","destroyed","https://twitter.com/UAWeapons/status/1538455159914876928","2022-09-29",242,4246,1,"7-24242461","09/29/2022"
"4649","Russia","Russia","Fuel train","destroyed","https://i.postimg.cc/tTsYnFXR/325.png","2022-09-29",243,4247,1,"7-24342471","09/29/2022"
"4650","Russia","Russia","Fuel train","destroyed","https://i.postimg.cc/3NC7kwDJ/mn6.png","2022-09-29",243,4248,1,"7-24342481","09/29/2022"
"4651","Russia","Russia","Fuel train","destroyed","https://i.postimg.cc/HW76G4bv/1007.jpg","2022-09-29",243,4249,1,"7-24342491","09/29/2022"
"4652","Russia","Soviet Union","1 GAZ-51","captured","https://twitter.com/UAWeapons/status/1568354017025134592","2022-09-29",244,4250,3,"7-24442503","09/29/2022"
"4653","Russia","Soviet Union","GAZ-66","destroyed","https://i.postimg.cc/dQbNmhLb/43111.png","2022-09-29",245,4251,1,"7-24542511","09/29/2022"
"4654","Russia","Soviet Union","GAZ-66","destroyed","https://i.postimg.cc/289BmqmS/4f11.png","2022-09-29",245,4252,1,"7-24542521","09/29/2022"
"4655","Russia","Soviet Union","GAZ-66","destroyed","https://i.postimg.cc/Y25xk2P9/4f111.png","2022-09-29",245,4253,1,"7-24542531","09/29/2022"
"4656","Russia","Soviet Union","GAZ-66","destroyed","https://i.postimg.cc/TwV56zF6/577.jpg","2022-09-29",245,4254,1,"7-24542541","09/29/2022"
"4657","Russia","Soviet Union","GAZ-66","destroyed","https://i.postimg.cc/kMVKr282/2.png","2022-09-29",245,4255,1,"7-24542551","09/29/2022"
"4658","Russia","Soviet Union","GAZ-66","destroyed","https://i.postimg.cc/L8pDLp2k/7766.jpg","2022-09-29",245,4256,1,"7-24542561","09/29/2022"
"4659","Russia","Soviet Union","GAZ-66","destroyed","https://i.postimg.cc/fbH69YY8/4311.png","2022-09-29",245,4257,1,"7-24542571","09/29/2022"
"4660","Russia","Soviet Union","GAZ-66","captured","https://i.postimg.cc/9XPRbTw9/f43.png","2022-09-29",245,4258,3,"7-24542583","09/29/2022"
"4661","Russia","Soviet Union","GAZ-66","captured","https://i.postimg.cc/R0C7W7V9/4317.png","2022-09-29",245,4259,3,"7-24542593","09/29/2022"
"4662","Russia","Soviet Union","GAZ-66","captured","https://i.postimg.cc/pXvM15WK/d12.jpg","2022-09-29",245,4260,3,"7-24542603","09/29/2022"
"4663","Russia","Soviet Union","GAZ-66","captured","https://i.postimg.cc/jdSY0Bkm/2022-09-22-GAZ-66.jpg","2022-09-29",245,4261,3,"7-24542613","09/29/2022"
"4664","Russia","Soviet Union","GAZ-66","captured","https://twitter.com/UAWeapons/status/1569288340041568258","2022-09-29",245,4262,3,"7-24542623","09/29/2022"
"4665","Russia","Soviet Union","KrAZ-255B","destroyed","https://i.postimg.cc/sXkvh4bK/1012-kraz255.jpg","2022-09-29",246,4263,1,"7-24642631","09/29/2022"
"4666","Russia","Soviet Union","KrAZ-255B","captured","https://i.postimg.cc/B6LVH2xJ/668.png","2022-09-29",246,4264,3,"7-24642643","09/29/2022"
"4667","Russia","Soviet Union","4 KrAZ-255B tanker","destroyed","https://i.postimg.cc/j2CpfJXK/7990.png","2022-09-29",247,4265,1,"7-24742651","09/29/2022"
"4668","Russia","Soviet Union","4 KrAZ-255B tanker","destroyed","https://i.postimg.cc/rmWZRsXB/43fg.png","2022-09-29",247,4266,1,"7-24742661","09/29/2022"
"4669","Russia","Soviet Union","4 KrAZ-255B tanker","destroyed","https://i.postimg.cc/gjvfJxr8/cc5.jpg","2022-09-29",247,4267,1,"7-24742671","09/29/2022"
"4670","Russia","Soviet Union","4 KrAZ-255B tanker","damaged","https://i.postimg.cc/jSFbtdw7/1086-Kr-AZ-255-B-tanker.jpg","2022-09-29",247,4268,4,"7-24742684","09/29/2022"
"4671","Russia","Soviet Union","4 KrAZ-255B tanker","captured","https://i.postimg.cc/jSFbtdw7/1086-Kr-AZ-255-B-tanker.jpg","2022-09-29",247,4268,3,"7-24742683","09/29/2022"
"4672","Russia","Soviet Union","1 KrAZ-260 tanker","destroyed","https://i.postimg.cc/B6x9TThT/1087-Kr-AZ-260-tanker.jpg","2022-09-29",248,4269,1,"7-24842691","09/29/2022"
"4673","Russia","Soviet Union","9 ZiL-131","destroyed","https://i.postimg.cc/gc8PP5ZG/d3.png","2022-09-29",249,4270,1,"7-24942701","09/29/2022"
"4674","Russia","Soviet Union","9 ZiL-131","destroyed","https://i.postimg.cc/bv1b41zZ/f50.png","2022-09-29",249,4271,1,"7-24942711","09/29/2022"
"4675","Russia","Soviet Union","9 ZiL-131","destroyed","https://i.postimg.cc/s2JMN6H5/5g7.jpg","2022-09-29",249,4272,1,"7-24942721","09/29/2022"
"4676","Russia","Soviet Union","9 ZiL-131","destroyed","https://i.postimg.cc/nhrFcKR6/436.png","2022-09-29",249,4273,1,"7-24942731","09/29/2022"
"4677","Russia","Soviet Union","9 ZiL-131","destroyed","https://i.postimg.cc/MKVXwxx5/1020.jpg","2022-09-29",249,4274,1,"7-24942741","09/29/2022"
"4678","Russia","Soviet Union","9 ZiL-131","destroyed","https://i.postimg.cc/Kc3XThWK/1003-Zi-L-131.jpg","2022-09-29",249,4275,1,"7-24942751","09/29/2022"
"4679","Russia","Soviet Union","9 ZiL-131","abandoned","https://i.postimg.cc/8k2Hgm1B/Screenshot-8397.png","2022-09-29",249,4276,2,"7-24942762","09/29/2022"
"4680","Russia","Soviet Union","9 ZiL-131","damaged","https://i.postimg.cc/cCWTD2S8/54.jpg","2022-09-29",249,4277,4,"7-24942774","09/29/2022"
"4681","Russia","Soviet Union","9 ZiL-131","captured","https://i.postimg.cc/cCWTD2S8/54.jpg","2022-09-29",249,4277,3,"7-24942773","09/29/2022"
"4682","Russia","Soviet Union","9 ZiL-131","damaged","https://i.postimg.cc/tCWmqrwD/2022-09-19-Zi-L-131.jpg","2022-09-29",249,4278,4,"7-24942784","09/29/2022"
"4683","Russia","Soviet Union","9 ZiL-131","captured","https://i.postimg.cc/tCWmqrwD/2022-09-19-Zi-L-131.jpg","2022-09-29",249,4278,3,"7-24942783","09/29/2022"
"4684","Russia","Soviet Union","1 ZiL-131 tanker","captured","https://i.postimg.cc/NfFtVMs9/1021-zil-tanker.jpg","2022-09-29",250,4279,3,"7-25042793","09/29/2022"
"4685","Russia","Soviet Union","9T217 transloader (for 9K33 Osa)","destroyed","https://i.postimg.cc/bJq11m9D/4320.png","2022-09-29",251,4280,1,"7-25142801","09/29/2022"
"4686","Russia","Soviet Union","9T217 transloader (for 9K33 Osa)","captured","https://i.postimg.cc/J7XmSTvF/542g.png","2022-09-29",251,4281,3,"7-25142813","09/29/2022"
"4687","Russia","Soviet Union","9T217 transloader (for 9K33 Osa)","captured","https://twitter.com/UAWeapons/status/1568968911324073984","2022-09-29",251,4282,3,"7-25142823","09/29/2022"
"4688","Russia","Russia","9T244 transloader (for 9A330/1 Tor)","destroyed","https://i.postimg.cc/MGLdJQfV/d33.jpg","2022-09-29",252,4283,1,"7-25242831","09/29/2022"
"4689","Russia","Russia","9T244 transloader (for 9A330/1 Tor)","destroyed","https://twitter.com/UAWeapons/status/1568552147821764610","2022-09-29",252,3052,1,"7-25230521","09/29/2022"
"4690","Russia","Russia","9T244 transloader (for 9A330/1 Tor)","damaged","https://i.postimg.cc/x1t6g70s/d34.jpg","2022-09-29",252,4284,4,"7-25242844","09/29/2022"
"4691","Russia","Russia","9T244 transloader (for 9A330/1 Tor)","captured","https://i.postimg.cc/x1t6g70s/d34.jpg","2022-09-29",252,4284,3,"7-25242843","09/29/2022"
"4692","Russia","Russia","GAZ-3308","destroyed","https://i.postimg.cc/fbPfsN01/4g4.jpg","2022-09-29",253,4285,1,"7-25342851","09/29/2022"
"4693","Russia","Russia","GAZ-3308","destroyed","https://i.postimg.cc/nL2f6M5V/1007-GAZ-3308.jpg","2022-09-29",253,4286,1,"7-25342861","09/29/2022"
"4694","Russia","Russia","GAZ-3308","abandoned","https://postimg.cc/cg7mbbzG","2022-09-29",253,4287,2,"7-25342872","09/29/2022"
"4695","Russia","Russia","GAZ-3308","abandoned","https://i.postimg.cc/wjz9hn1C/361.png","2022-09-29",253,4288,2,"7-25342882","09/29/2022"
"4696","Russia","Russia","GAZ-3308","captured","https://postimg.cc/62xczXYh","2022-09-29",253,4289,3,"7-25342893","09/29/2022"
"4697","Russia","Russia","GAZ Sobol","destroyed","https://i.postimg.cc/gkPg5HgC/Screenshot-8289.png","2022-09-29",254,4290,1,"7-25442901","09/29/2022"
"4698","Russia","Russia","GAZ Sobol","abandoned","https://postimg.cc/87FbS5YH","2022-09-29",254,4291,2,"7-25442912","09/29/2022"
"4699","Russia","Soviet Union","Ural-375D","destroyed","https://i.postimg.cc/gj8g0qT9/dg.png","2022-09-29",255,4292,1,"7-25542921","09/29/2022"
"4700","Russia","Russia","430 Ural-4320","destroyed","https://postimg.cc/PvwcD3Fp","2022-09-29",256,4293,1,"7-25642931","09/29/2022"
"4701","Russia","Russia","430 Ural-4320","destroyed","https://postimg.cc/5jvTwsWN","2022-09-29",256,4294,1,"7-25642941","09/29/2022"
"4702","Russia","Russia","430 Ural-4320","destroyed","https://postimg.cc/vxWKbZt6","2022-09-29",256,4295,1,"7-25642951","09/29/2022"
"4703","Russia","Russia","430 Ural-4320","destroyed","https://postimg.cc/HVgK3bT0","2022-09-29",256,4296,1,"7-25642961","09/29/2022"
"4704","Russia","Russia","430 Ural-4320","destroyed","https://postimg.cc/f3bh0QRp","2022-09-29",256,2998,1,"7-25629981","09/29/2022"
"4705","Russia","Russia","430 Ural-4320","destroyed","https://i.postimg.cc/zBqf2xJ4/1163-ural.jpg","2022-09-29",256,4297,1,"7-25642971","09/29/2022"
"4706","Russia","Russia","430 Ural-4320","destroyed","https://i.postimg.cc/hPY0MfcX/5579.png","2022-09-29",256,4298,1,"7-25642981","09/29/2022"
"4707","Russia","Russia","430 Ural-4320","destroyed","https://i.postimg.cc/XNdxpWCR/b788.png","2022-09-29",256,4299,1,"7-25642991","09/29/2022"
"4708","Russia","Russia","430 Ural-4320","destroyed","https://i.postimg.cc/T38nZMBJ/5783.png","2022-09-29",256,4300,1,"7-25643001","09/29/2022"
"4709","Russia","Russia","430 Ural-4320","destroyed","https://i.postimg.cc/JnCgn2yN/794.png","2022-09-29",256,4301,1,"7-25643011","09/29/2022"
"4710","Russia","Russia","430 Ural-4320","destroyed","https://postimg.cc/kDPjqNFh","2022-09-29",256,4302,1,"7-25643021","09/29/2022"
"4711","Russia","Russia","430 Ural-4320","destroyed","https://i.postimg.cc/wBfFwpNT/6680.png","2022-09-29",256,4303,1,"7-25643031","09/29/2022"
"4712","Russia","Russia","430 Ural-4320","destroyed","https://i.postimg.cc/d1y6JQnH/b65.png","2022-09-29",256,4304,1,"7-25643041","09/29/2022"
"4713","Russia","Russia","430 Ural-4320","destroyed","https://i.postimg.cc/j5sDNGpb/d33.png","2022-09-29",256,4305,1,"7-25643051","09/29/2022"
"4714","Russia","Russia","430 Ural-4320","destroyed","https://i.postimg.cc/3w8MF5T8/f43.png","2022-09-29",256,4306,1,"7-25643061","09/29/2022"
"4715","Russia","Russia","430 Ural-4320","destroyed","https://i.postimg.cc/rw7JS1Gj/h8.jpg","2022-09-29",256,4307,1,"7-25643071","09/29/2022"
"4716","Russia","Russia","430 Ural-4320","destroyed","https://i.postimg.cc/QMknpc1R/uk.jpg","2022-09-29",256,4308,1,"7-25643081","09/29/2022"
"4717","Russia","Russia","430 Ural-4320","destroyed","https://i.postimg.cc/LX7pNThh/5h8.png","2022-09-29",256,4309,1,"7-25643091","09/29/2022"
"4718","Russia","Russia","430 Ural-4320","destroyed","https://i.postimg.cc/26swMW6w/ug1.png","2022-09-29",256,4310,1,"7-25643101","09/29/2022"
"4719","Russia","Russia","430 Ural-4320","destroyed","https://i.postimg.cc/sgX9wz9K/44fj.jpg","2022-09-29",256,4311,1,"7-25643111","09/29/2022"
"4720","Russia","Russia","430 Ural-4320","destroyed","https://i.postimg.cc/L6z7w58H/331.png","2022-09-29",256,3803,1,"7-25638031","09/29/2022"
"4721","Russia","Russia","430 Ural-4320","destroyed","https://i.postimg.cc/7hcLKtkP/r35.png","2022-09-29",256,4312,1,"7-25643121","09/29/2022"
"4722","Russia","Russia","430 Ural-4320","destroyed","https://i.postimg.cc/pV3Rk7Nn/Screenshot-8931.png","2022-09-29",256,4313,1,"7-25643131","09/29/2022"
"4723","Russia","Russia","430 Ural-4320","destroyed","https://i.postimg.cc/pLJvWLmD/Screenshot-8932.png","2022-09-29",256,4314,1,"7-25643141","09/29/2022"
"4724","Russia","Russia","430 Ural-4320","destroyed","https://i.postimg.cc/JzLmCkzr/Screenshot-8933.png","2022-09-29",256,4315,1,"7-25643151","09/29/2022"
"4725","Russia","Russia","430 Ural-4320","destroyed","https://i.postimg.cc/XvGK77dn/1150-ural.jpg","2022-09-29",256,4316,1,"7-25643161","09/29/2022"
"4726","Russia","Russia","430 Ural-4320","destroyed","https://postimg.cc/hXc2bHM2","2022-09-29",256,4317,1,"7-25643171","09/29/2022"
"4727","Russia","Russia","430 Ural-4320","destroyed","https://postimg.cc/F1SGt9BP","2022-09-29",256,3419,1,"7-25634191","09/29/2022"
"4728","Russia","Russia","430 Ural-4320","destroyed","https://i.postimg.cc/tC7dxFFt/r2d.png","2022-09-29",256,4318,1,"7-25643181","09/29/2022"
"4729","Russia","Russia","430 Ural-4320","destroyed","https://i.postimg.cc/LsmnzMrK/13.png","2022-09-29",256,4319,1,"7-25643191","09/29/2022"
"4730","Russia","Russia","430 Ural-4320","destroyed","https://i.postimg.cc/7Zv4rPZS/15.png","2022-09-29",256,4320,1,"7-25643201","09/29/2022"
"4731","Russia","Russia","430 Ural-4320","destroyed","https://i.postimg.cc/JzT9411T/31.png","2022-09-29",256,4321,1,"7-25643211","09/29/2022"
"4732","Russia","Russia","430 Ural-4320","destroyed","https://postimg.cc/Z90NMhMR","2022-09-29",256,2802,1,"7-25628021","09/29/2022"
"4733","Russia","Russia","430 Ural-4320","destroyed","https://i.postimg.cc/jjMdTV9K/5y.png","2022-09-29",256,4322,1,"7-25643221","09/29/2022"
"4734","Russia","Russia","430 Ural-4320","destroyed","https://i.postimg.cc/2S8SK8cT/356.png","2022-09-29",256,4323,1,"7-25643231","09/29/2022"
"4735","Russia","Russia","430 Ural-4320","destroyed","https://i.postimg.cc/YSJMdFCF/u1.png","2022-09-29",256,4324,1,"7-25643241","09/29/2022"
"4736","Russia","Russia","430 Ural-4320","destroyed","https://i.postimg.cc/MHwxS8RK/u2.png","2022-09-29",256,4325,1,"7-25643251","09/29/2022"
"4737","Russia","Russia","430 Ural-4320","destroyed","https://i.postimg.cc/JnZmvhs2/u3.png","2022-09-29",256,4326,1,"7-25643261","09/29/2022"
"4738","Russia","Russia","430 Ural-4320","destroyed","https://i.postimg.cc/hvNdTMHz/480.png","2022-09-29",256,4327,1,"7-25643271","09/29/2022"
"4739","Russia","Russia","430 Ural-4320","destroyed","https://i.postimg.cc/JtwW43J5/546.jpg","2022-09-29",256,4328,1,"7-25643281","09/29/2022"
"4740","Russia","Russia","430 Ural-4320","destroyed","https://i.postimg.cc/SKrj0sLS/u9.png","2022-09-29",256,4329,1,"7-25643291","09/29/2022"
"4741","Russia","Russia","430 Ural-4320","destroyed","https://i.postimg.cc/B6766VwR/h7.png","2022-09-29",256,4330,1,"7-25643301","09/29/2022"
"4742","Russia","Russia","430 Ural-4320","destroyed","https://i.postimg.cc/d3S45wNn/358.png","2022-09-29",256,4331,1,"7-25643311","09/29/2022"
"4743","Russia","Russia","430 Ural-4320","destroyed","https://i.postimg.cc/HLrDkbY3/dh.png","2022-09-29",256,4332,1,"7-25643321","09/29/2022"
"4744","Russia","Russia","430 Ural-4320","destroyed","https://i.postimg.cc/sxk0Y70k/1007.jpg","2022-09-29",256,4333,1,"7-25643331","09/29/2022"
"4745","Russia","Russia","430 Ural-4320","destroyed","https://i.postimg.cc/zBNLZJkt/1160-ural.jpg","2022-09-29",256,4334,1,"7-25643341","09/29/2022"
"4746","Russia","Russia","430 Ural-4320","destroyed","https://i.postimg.cc/5tLHRH8Q/1161-ural.jpg","2022-09-29",256,4335,1,"7-25643351","09/29/2022"
"4747","Russia","Russia","430 Ural-4320","destroyed","https://i.postimg.cc/hPvXqZ9B/1162-ural.jpg","2022-09-29",256,4336,1,"7-25643361","09/29/2022"
"4748","Russia","Russia","430 Ural-4320","destroyed","https://i.postimg.cc/pTjcf0Jk/9988.jpg","2022-09-29",256,4337,1,"7-25643371","09/29/2022"
"4749","Russia","Russia","430 Ural-4320","destroyed","https://i.postimg.cc/8C5HKcmP/2022-09-14-Kam-AZ-6x6-1.jpg","2022-09-29",256,4338,1,"7-25643381","09/29/2022"
"4750","Russia","Russia","430 Ural-4320","destroyed","https://i.postimg.cc/W1jSBC8w/b2.jpg","2022-09-29",256,4339,1,"7-25643391","09/29/2022"
"4751","Russia","Russia","430 Ural-4320","destroyed","https://i.postimg.cc/Bv7g160m/b3.jpg","2022-09-29",256,4340,1,"7-25643401","09/29/2022"
"4752","Russia","Russia","430 Ural-4320","destroyed","https://postlmg.cc/MnX1CFtV","2022-09-29",256,4341,1,"7-25643411","09/29/2022"
"4753","Russia","Russia","430 Ural-4320","destroyed","https://i.postimg.cc/sxrk8nRg/33290.png","2022-09-29",256,4342,1,"7-25643421","09/29/2022"
"4754","Russia","Russia","430 Ural-4320","destroyed","https://i.postimg.cc/J7ZxZxPv/5gh.png","2022-09-29",256,4343,1,"7-25643431","09/29/2022"
"4755","Russia","Russia","430 Ural-4320","destroyed","https://i.postimg.cc/5tQL19rT/6h.png","2022-09-29",256,4344,1,"7-25643441","09/29/2022"
"4756","Russia","Russia","430 Ural-4320","destroyed","https://i.postimg.cc/wvqT9dWy/1006.png","2022-09-29",256,4345,1,"7-25643451","09/29/2022"
"4757","Russia","Russia","430 Ural-4320","destroyed","https://i.postimg.cc/s2nzpHPb/1008.jpg","2022-09-29",256,4346,1,"7-25643461","09/29/2022"
"4758","Russia","Russia","430 Ural-4320","destroyed","https://i.postimg.cc/qqrrMpFc/3322.png","2022-09-29",256,4347,1,"7-25643471","09/29/2022"
"4759","Russia","Russia","430 Ural-4320","destroyed","https://i.postimg.cc/63yXzVYq/1009.jpg","2022-09-29",256,4348,1,"7-25643481","09/29/2022"
"4760","Russia","Russia","430 Ural-4320","destroyed","https://i.postimg.cc/fTxhHRjc/1010.jpg","2022-09-29",256,4349,1,"7-25643491","09/29/2022"
"4761","Russia","Russia","430 Ural-4320","destroyed","https://i.postimg.cc/3RVHqycB/1011.jpg","2022-09-29",256,4350,1,"7-25643501","09/29/2022"
"4762","Russia","Russia","430 Ural-4320","destroyed","https://i.postimg.cc/Lsd2tCpq/2022-09-21-Ural-4320-1.jpg","2022-09-29",256,4351,1,"7-25643511","09/29/2022"
"4763","Russia","Russia","430 Ural-4320","destroyed","https://i.postimg.cc/k4gLXjbV/468.png","2022-09-29",256,4352,1,"7-25643521","09/29/2022"
"4764","Russia","Russia","430 Ural-4320","destroyed","https://i.postimg.cc/C1JcwYZX/178.png","2022-09-29",256,4353,1,"7-25643531","09/29/2022"
"4765","Russia","Russia","430 Ural-4320","destroyed","https://i.postimg.cc/W4XDj6cN/dd11.png","2022-09-29",256,4354,1,"7-25643541","09/29/2022"
"4766","Russia","Russia","430 Ural-4320","destroyed","https://i.postimg.cc/cHcLYcQg/2dg.jpg","2022-09-29",256,4355,1,"7-25643551","09/29/2022"
"4767","Russia","Russia","430 Ural-4320","destroyed","https://i.postimg.cc/tTQg2hTq/413.png","2022-09-29",256,4356,1,"7-25643561","09/29/2022"
"4768","Russia","Russia","430 Ural-4320","destroyed","https://i.postimg.cc/bv8k4t2x/cb.png","2022-09-29",256,4357,1,"7-25643571","09/29/2022"
"4769","Russia","Russia","430 Ural-4320","destroyed","https://twitter.com/UAWeapons/status/1527725596972834818","2022-09-29",256,4358,1,"7-25643581","09/29/2022"
"4770","Russia","Russia","430 Ural-4320","destroyed","https://i.postimg.cc/bvtCN0DQ/1ural4320.png","2022-09-29",256,4359,1,"7-25643591","09/29/2022"
"4771","Russia","Russia","430 Ural-4320","destroyed","https://i.postimg.cc/MK3d7317/2-urall.png","2022-09-29",256,4360,1,"7-25643601","09/29/2022"
"4772","Russia","Russia","430 Ural-4320","destroyed","https://twitter.com/UAWeapons/status/1555931635752771590","2022-09-29",256,1202,1,"7-25612021","09/29/2022"
"4773","Russia","Russia","430 Ural-4320","destroyed","https://i.postimg.cc/BbFGfSWG/1012.jpg","2022-09-29",256,4361,1,"7-25643611","09/29/2022"
"4774","Russia","Russia","430 Ural-4320","destroyed","https://i.postimg.cc/9F3ht7TX/1013.jpg","2022-09-29",256,4362,1,"7-25643621","09/29/2022"
"4775","Russia","Russia","430 Ural-4320","destroyed","https://i.postimg.cc/FKFmkXSj/1014.jpg","2022-09-29",256,4363,1,"7-25643631","09/29/2022"
"4776","Russia","Russia","430 Ural-4320","destroyed","https://i.postimg.cc/mkym0kLq/1026.jpg","2022-09-29",256,4364,1,"7-25643641","09/29/2022"
"4777","Russia","Russia","430 Ural-4320","destroyed","https://i.postimg.cc/660H3p31/uraal4320.png","2022-09-29",256,4365,1,"7-25643651","09/29/2022"
"4778","Russia","Russia","430 Ural-4320","destroyed","https://i.postimg.cc/ZK5wyzvY/uraall4320.png","2022-09-29",256,4366,1,"7-25643661","09/29/2022"
"4779","Russia","Russia","430 Ural-4320","destroyed","https://i.postimg.cc/fR6CF32k/Ural4320.png","2022-09-29",256,4367,1,"7-25643671","09/29/2022"
"4780","Russia","Russia","430 Ural-4320","destroyed","https://i.postimg.cc/3R3X52gr/Ural432000.png","2022-09-29",256,4368,1,"7-25643681","09/29/2022"
"4781","Russia","Russia","430 Ural-4320","destroyed","https://i.postimg.cc/qqjQZjSd/ural4320000.jpg","2022-09-29",256,4369,1,"7-25643691","09/29/2022"
"4782","Russia","Russia","430 Ural-4320","destroyed","https://i.postimg.cc/1X9JHLWH/ural443200.jpg","2022-09-29",256,4370,1,"7-25643701","09/29/2022"
"4783","Russia","Russia","430 Ural-4320","destroyed","https://i.postimg.cc/rm27wd8K/1091-Ural-4320.jpg","2022-09-29",256,4371,1,"7-25643711","09/29/2022"
"4784","Russia","Russia","430 Ural-4320","destroyed","https://i.postimg.cc/1tKKfv9N/urall4320.png","2022-09-29",256,4372,1,"7-25643721","09/29/2022"
"4785","Russia","Russia","430 Ural-4320","destroyed","https://i.postimg.cc/QMQQyfKn/urall.png","2022-09-29",256,4373,1,"7-25643731","09/29/2022"
"4786","Russia","Russia","430 Ural-4320","destroyed","https://i.postimg.cc/15drnnZM/urall43200.png","2022-09-29",256,4374,1,"7-25643741","09/29/2022"
"4787","Russia","Russia","430 Ural-4320","destroyed","https://i.postimg.cc/NMb9FV6s/1005.jpg","2022-09-29",256,4375,1,"7-25643751","09/29/2022"
"4788","Russia","Russia","430 Ural-4320","destroyed","https://i.postimg.cc/0Nm0V8bn/1017-ural4320.jpg","2022-09-29",256,4376,1,"7-25643761","09/29/2022"
"4789","Russia","Russia","430 Ural-4320","destroyed","https://i.postimg.cc/9QfM8Pb9/1006-ural4320.jpg","2022-09-29",256,4377,1,"7-25643771","09/29/2022"
"4790","Russia","Russia","430 Ural-4320","destroyed","https://i.postimg.cc/Bv95prbK/uural432001.jpg","2022-09-29",256,4378,1,"7-25643781","09/29/2022"
"4791","Russia","Russia","430 Ural-4320","destroyed","https://twitter.com/UAWeapons/status/1553713673180413952","2022-09-29",256,3902,1,"7-25639021","09/29/2022"
"4792","Russia","Russia","430 Ural-4320","destroyed","https://i.postimg.cc/3xL9xcqF/1149-ural.jpg","2022-09-29",256,4379,1,"7-25643791","09/29/2022"
"4793","Russia","Russia","430 Ural-4320","destroyed","https://i.postimg.cc/9F0BQPsr/uuuuuraall4320.jpg","2022-09-29",256,4380,1,"7-25643801","09/29/2022"
"4794","Russia","Russia","430 Ural-4320","destroyed","https://i.postimg.cc/W41YLD0v/2ural.jpg","2022-09-29",256,4381,1,"7-25643811","09/29/2022"
"4795","Russia","Russia","430 Ural-4320","destroyed","https://i.postimg.cc/QMY4XXqW/4.jpg","2022-09-29",256,4382,1,"7-25643821","09/29/2022"
"4796","Russia","Russia","430 Ural-4320","destroyed","https://i.postimg.cc/gj8Nq3bv/437.jpg","2022-09-29",256,4383,1,"7-25643831","09/29/2022"
"4797","Russia","Russia","430 Ural-4320","destroyed","https://i.postimg.cc/X7KsrK8W/44.jpg","2022-09-29",256,4384,1,"7-25643841","09/29/2022"
"4798","Russia","Russia","430 Ural-4320","destroyed","https://i.postimg.cc/85qZ6t9p/444.jpg","2022-09-29",256,4385,1,"7-25643851","09/29/2022"
"4799","Russia","Russia","430 Ural-4320","destroyed","https://i.postimg.cc/Y9TM6L80/1012.jpg","2022-09-29",256,4386,1,"7-25643861","09/29/2022"
"4800","Russia","Russia","430 Ural-4320","destroyed","https://i.postimg.cc/Qtq3gwTV/ff41.jpg","2022-09-29",256,4387,1,"7-25643871","09/29/2022"
"4801","Russia","Russia","430 Ural-4320","destroyed","https://i.postimg.cc/yYCf6p0n/5t.jpg","2022-09-29",256,4388,1,"7-25643881","09/29/2022"
"4802","Russia","Russia","430 Ural-4320","destroyed","https://i.postimg.cc/NjfkL3F8/t3.jpg","2022-09-29",256,4389,1,"7-25643891","09/29/2022"
"4803","Russia","Russia","430 Ural-4320","destroyed","https://i.postimg.cc/bYkT504n/t4.jpg","2022-09-29",256,4390,1,"7-25643901","09/29/2022"
"4804","Russia","Russia","430 Ural-4320","destroyed","https://i.postimg.cc/Y0Kx9jLj/t5.jpg","2022-09-29",256,4391,1,"7-25643911","09/29/2022"
"4805","Russia","Russia","430 Ural-4320","destroyed","https://i.postimg.cc/Dyccvvvy/u4.jpg","2022-09-29",256,4392,1,"7-25643921","09/29/2022"
"4806","Russia","Russia","430 Ural-4320","destroyed","https://i.postimg.cc/dVHmC5Zb/ural420.jpg","2022-09-29",256,4393,1,"7-25643931","09/29/2022"
"4807","Russia","Russia","430 Ural-4320","destroyed","https://i.postimg.cc/VLwRPrcV/ural432000000.jpg","2022-09-29",256,4394,1,"7-25643941","09/29/2022"
"4808","Russia","Russia","430 Ural-4320","destroyed","https://i.postimg.cc/L5xhWbSR/urall43320.png","2022-09-29",256,4395,1,"7-25643951","09/29/2022"
"4809","Russia","Russia","430 Ural-4320","destroyed","https://i.postimg.cc/SRpfPFXk/1147-ural.jpg","2022-09-29",256,4396,1,"7-25643961","09/29/2022"
"4810","Russia","Russia","430 Ural-4320","destroyed","https://postimg.cc/bSdZ6QrQ","2022-09-29",256,4397,1,"7-25643971","09/29/2022"
"4811","Russia","Russia","430 Ural-4320","destroyed","https://postimg.cc/YjSLqwRh","2022-09-29",256,4398,1,"7-25643981","09/29/2022"
"4812","Russia","Russia","430 Ural-4320","destroyed","https://postimg.cc/5Y4YzcMK","2022-09-29",256,4399,1,"7-25643991","09/29/2022"
"4813","Russia","Russia","430 Ural-4320","destroyed","https://postimg.cc/KKr34GCg","2022-09-29",256,4400,1,"7-25644001","09/29/2022"
"4814","Russia","Russia","430 Ural-4320","destroyed","https://i.postimg.cc/ZnSrmgXd/uu.jpg","2022-09-29",256,4401,1,"7-25644011","09/29/2022"
"4815","Russia","Russia","430 Ural-4320","destroyed","https://i.postimg.cc/sD3p0kYF/uukt1.jpg","2022-09-29",256,4402,1,"7-25644021","09/29/2022"
"4816","Russia","Russia","430 Ural-4320","destroyed","https://i.postimg.cc/pd58FRHj/uukt2.jpg","2022-09-29",256,4403,1,"7-25644031","09/29/2022"
"4817","Russia","Russia","430 Ural-4320","destroyed","https://i.postimg.cc/fLx98CkT/uural.jpg","2022-09-29",256,4404,1,"7-25644041","09/29/2022"
"4818","Russia","Russia","430 Ural-4320","destroyed","https://i.postimg.cc/fRLYMYqB/uural43200.jpg","2022-09-29",256,4405,1,"7-25644051","09/29/2022"
"4819","Russia","Russia","430 Ural-4320","destroyed","https://postimg.cc/F7df3g2v","2022-09-29",256,4406,1,"7-25644061","09/29/2022"
"4820","Russia","Russia","430 Ural-4320","destroyed","https://i.postimg.cc/GhSHJVzx/uural43220.png","2022-09-29",256,4407,1,"7-25644071","09/29/2022"
"4821","Russia","Russia","430 Ural-4320","destroyed","https://i.postimg.cc/jS821GqB/u1.png","2022-09-29",256,4408,1,"7-25644081","09/29/2022"
"4822","Russia","Russia","430 Ural-4320","destroyed","https://postimg.cc/k6Y4tBsD","2022-09-29",256,4409,1,"7-25644091","09/29/2022"
"4823","Russia","Russia","430 Ural-4320","destroyed","https://i.postimg.cc/HkhXnjfH/uural44320.jpg","2022-09-29",256,4410,1,"7-25644101","09/29/2022"
"4824","Russia","Russia","430 Ural-4320","destroyed","https://i.postimg.cc/kMvS8TkT/uurall.jpg","2022-09-29",256,4411,1,"7-25644111","09/29/2022"
"4825","Russia","Russia","430 Ural-4320","destroyed","https://postimg.cc/zHLfw827","2022-09-29",256,4412,1,"7-25644121","09/29/2022"
"4826","Russia","Russia","430 Ural-4320","destroyed","https://i.postimg.cc/2ykV2fP2/uurall4320.jpg","2022-09-29",256,4413,1,"7-25644131","09/29/2022"
"4827","Russia","Russia","430 Ural-4320","destroyed","https://i.postimg.cc/MHfnmJF9/1000-1x-Ural-4320-1x-GAZ-Patriot-and-1x-UAZ-452.jpg","2022-09-29",256,4414,1,"7-25644141","09/29/2022"
"4828","Russia","Russia","430 Ural-4320","destroyed","https://i.postimg.cc/Pr68VPfZ/uurrall4320.jpg","2022-09-29",256,4415,1,"7-25644151","09/29/2022"
"4829","Russia","Russia","430 Ural-4320","destroyed","https://i.postimg.cc/tCRxzhbp/uuuraaaaal43200.jpg","2022-09-29",256,4416,1,"7-25644161","09/29/2022"
"4830","Russia","Russia","430 Ural-4320","destroyed","https://i.postimg.cc/T1NY05j3/uuuraall4320.jpg","2022-09-29",256,4417,1,"7-25644171","09/29/2022"
"4831","Russia","Russia","430 Ural-4320","destroyed","https://i.postimg.cc/526Qhbjr/uuurakk.jpg","2022-09-29",256,4418,1,"7-25644181","09/29/2022"
"4832","Russia","Russia","430 Ural-4320","destroyed","https://i.postimg.cc/CxXnYXqx/uuurall.jpg","2022-09-29",256,4419,1,"7-25644191","09/29/2022"
"4833","Russia","Russia","430 Ural-4320","destroyed","https://i.postimg.cc/vBd1xnXR/uuuralll443200.jpg","2022-09-29",256,4420,1,"7-25644201","09/29/2022"
"4834","Russia","Russia","430 Ural-4320","destroyed","https://i.postimg.cc/nc7knyhK/1002-Ural-4320.jpg","2022-09-29",256,4421,1,"7-25644211","09/29/2022"
"4835","Russia","Russia","430 Ural-4320","destroyed","https://i.postimg.cc/ZYH90Cdg/uuuurral4320.jpg","2022-09-29",256,4422,1,"7-25644221","09/29/2022"
"4836","Russia","Russia","430 Ural-4320","destroyed","https://i.postimg.cc/yYHQPpQt/n-Qcl-Xkg-G-jpg-medium.jpg","2022-09-29",256,4423,1,"7-25644231","09/29/2022"
"4837","Russia","Russia","430 Ural-4320","destroyed","https://i.postimg.cc/XJshhfrd/1.png","2022-09-29",256,4424,1,"7-25644241","09/29/2022"
"4838","Russia","Russia","430 Ural-4320","destroyed","https://i.postimg.cc/T1yk4ZMv/2.png","2022-09-29",256,4425,1,"7-25644251","09/29/2022"
"4839","Russia","Russia","430 Ural-4320","destroyed","https://i.postimg.cc/hjvMXHGQ/3.png","2022-09-29",256,4426,1,"7-25644261","09/29/2022"
"4840","Russia","Russia","430 Ural-4320","destroyed","https://i.postimg.cc/xjJD7ZPd/5.png","2022-09-29",256,4427,1,"7-25644271","09/29/2022"
"4841","Russia","Russia","430 Ural-4320","destroyed","https://i.postimg.cc/52JhX2WH/6.png","2022-09-29",256,4428,1,"7-25644281","09/29/2022"
"4842","Russia","Russia","430 Ural-4320","destroyed","https://i.postimg.cc/dQdNGcBG/554.jpg","2022-09-29",256,4429,1,"7-25644291","09/29/2022"
"4843","Russia","Russia","430 Ural-4320","destroyed","https://i.postimg.cc/wTQWb5nv/653.jpg","2022-09-29",256,4430,1,"7-25644301","09/29/2022"
"4844","Russia","Russia","430 Ural-4320","destroyed","https://i.postimg.cc/25yJ2rjH/2c-Aw-X5es-jpg-large.jpg","2022-09-29",256,4431,1,"7-25644311","09/29/2022"
"4845","Russia","Russia","430 Ural-4320","destroyed","https://i.postimg.cc/XvPPPmpn/e-L-23a-U4-jpg-large.jpg","2022-09-29",256,4432,1,"7-25644321","09/29/2022"
"4846","Russia","Russia","430 Ural-4320","destroyed","https://i.postimg.cc/W3Jyc8kg/ur.png","2022-09-29",256,4433,1,"7-25644331","09/29/2022"
"4847","Russia","Russia","430 Ural-4320","destroyed","https://i.postimg.cc/xCKzMNbR/1008-truck.png","2022-09-29",256,4434,1,"7-25644341","09/29/2022"
"4848","Russia","Russia","430 Ural-4320","destroyed","https://i.postimg.cc/QdVS8dJZ/1502-Ural-4320-176-177.jpg","2022-09-29",256,4435,1,"7-25644351","09/29/2022"
"4849","Russia","Russia","430 Ural-4320","destroyed","https://i.postimg.cc/8zKK8QRq/1015-ural.png","2022-09-29",256,4436,1,"7-25644361","09/29/2022"
"4850","Russia","Russia","430 Ural-4320","destroyed","https://i.postimg.cc/FKSCq5gR/1111-kamaz.jpg","2022-09-29",256,4437,1,"7-25644371","09/29/2022"
"4851","Russia","Russia","430 Ural-4320","destroyed","https://i.postimg.cc/W40kG01X/1017-ural.png","2022-09-29",256,4438,1,"7-25644381","09/29/2022"
"4852","Russia","Russia","430 Ural-4320","destroyed","https://i.postimg.cc/28B8Lr6x/1018-ural.png","2022-09-29",256,4439,1,"7-25644391","09/29/2022"
"4853","Russia","Russia","430 Ural-4320","destroyed","https://i.postimg.cc/T1vGrWhq/1019-ural.png","2022-09-29",256,4440,1,"7-25644401","09/29/2022"
"4854","Russia","Russia","430 Ural-4320","destroyed","https://i.postimg.cc/XY1bsPpv/1020-ural.png","2022-09-29",256,4441,1,"7-25644411","09/29/2022"
"4855","Russia","Russia","430 Ural-4320","destroyed","https://twitter.com/UAWeapons/status/1543339672096722955","2022-09-29",256,4442,1,"7-25644421","09/29/2022"
"4856","Russia","Russia","430 Ural-4320","destroyed","https://i.postimg.cc/DzTbNJnf/1001.jpg","2022-09-29",256,4443,1,"7-25644431","09/29/2022"
"4857","Russia","Russia","430 Ural-4320","destroyed","https://i.postimg.cc/gkxRLbgp/1002.jpg","2022-09-29",256,1577,1,"7-25615771","09/29/2022"
"4858","Russia","Russia","430 Ural-4320","destroyed","https://twitter.com/UAWeapons/status/1545748907422007301","2022-09-29",256,4444,1,"7-25644441","09/29/2022"
"4859","Russia","Russia","430 Ural-4320","destroyed","https://twitter.com/Blue_Sauron/status/1546375652999405568","2022-09-29",256,4445,1,"7-25644451","09/29/2022"
"4860","Russia","Russia","430 Ural-4320","destroyed","https://twitter.com/RALee85/status/1546553538402308096","2022-09-29",256,1555,1,"7-25615551","09/29/2022"
"4861","Russia","Russia","430 Ural-4320","destroyed","https://i.postimg.cc/MZvN59gR/1001.png","2022-09-29",256,4446,1,"7-25644461","09/29/2022"
"4862","Russia","Russia","430 Ural-4320","destroyed","https://i.postimg.cc/kGp2FbYL/1001.jpg","2022-09-29",256,4447,1,"7-25644471","09/29/2022"
"4863","Russia","Russia","430 Ural-4320","destroyed","https://twitter.com/UAWeapons/status/1547973657124777987","2022-09-29",256,4448,1,"7-25644481","09/29/2022"
"4864","Russia","Russia","430 Ural-4320","destroyed","https://i.postimg.cc/RVW6CgNm/1004.jpg","2022-09-29",256,4449,1,"7-25644491","09/29/2022"
"4865","Russia","Russia","430 Ural-4320","destroyed","https://twitter.com/UAWeapons/status/1551210350548336640","2022-09-29",256,4450,1,"7-25644501","09/29/2022"
"4866","Russia","Russia","430 Ural-4320","destroyed","https://i.postimg.cc/02q2n0M9/1005.jpg","2022-09-29",256,4451,1,"7-25644511","09/29/2022"
"4867","Russia","Russia","430 Ural-4320","destroyed","https://i.postimg.cc/XJXdKG76/1012.jpg","2022-09-29",256,161,1,"7-2561611","09/29/2022"
"4868","Russia","Russia","430 Ural-4320","destroyed","https://i.postimg.cc/HW91jt8H/1090-Ural-4320-3x.jpg","2022-09-29",256,4452,1,"7-25644521","09/29/2022"
"4869","Russia","Russia","430 Ural-4320","destroyed","https://i.postimg.cc/MHx1D74G/1148-ural.jpg","2022-09-29",256,4453,1,"7-25644531","09/29/2022"
"4870","Russia","Russia","430 Ural-4320","destroyed","https://i.postimg.cc/fb96s7QG/1092-Ural-4320.jpg","2022-09-29",256,4454,1,"7-25644541","09/29/2022"
"4871","Russia","Russia","430 Ural-4320","destroyed","https://i.postimg.cc/5NPcSNmR/1093-Ural-4320-2x.jpg","2022-09-29",256,4455,1,"7-25644551","09/29/2022"
"4872","Russia","Russia","430 Ural-4320","destroyed","https://i.postimg.cc/h4rNKPNt/1095-Ural-4320.jpg","2022-09-29",256,4456,1,"7-25644561","09/29/2022"
"4873","Russia","Russia","430 Ural-4320","destroyed","https://i.postimg.cc/3RjV4KR9/1096-Ural-4320.jpg","2022-09-29",256,4457,1,"7-25644571","09/29/2022"
"4874","Russia","Russia","430 Ural-4320","destroyed","https://i.postimg.cc/rwbv7n3G/1097-Ural-4320-3x.jpg","2022-09-29",256,4458,1,"7-25644581","09/29/2022"
"4875","Russia","Russia","430 Ural-4320","destroyed","https://i.postimg.cc/Y0pVQJL7/1098-Ural-4320-4x.jpg","2022-09-29",256,4459,1,"7-25644591","09/29/2022"
"4876","Russia","Russia","430 Ural-4320","destroyed","https://i.postimg.cc/fyBPCBY9/1099_Ural-4320_3x.jpg","2022-09-29",256,4460,1,"7-25644601","09/29/2022"
"4877","Russia","Russia","430 Ural-4320","destroyed","https://i.postimg.cc/FH2BTfkD/1100_Ural-4320_2x.jpg","2022-09-29",256,4461,1,"7-25644611","09/29/2022"
"4878","Russia","Russia","430 Ural-4320","destroyed","https://i.postimg.cc/RZ3Y11hW/1101_Ural-4320.jpg","2022-09-29",256,4462,1,"7-25644621","09/29/2022"
"4879","Russia","Russia","430 Ural-4320","destroyed","https://i.postimg.cc/fTqF0qz4/1102_Ural-4320.jpg","2022-09-29",256,4463,1,"7-25644631","09/29/2022"
"4880","Russia","Russia","430 Ural-4320","destroyed","https://i.postimg.cc/nchgrftY/1103_Ural-4320.jpg","2022-09-29",256,4464,1,"7-25644641","09/29/2022"
"4881","Russia","Russia","430 Ural-4320","destroyed","https://i.postimg.cc/FK3n89jm/1104_Ural-4320_3x.jpg","2022-09-29",256,4465,1,"7-25644651","09/29/2022"
"4882","Russia","Russia","430 Ural-4320","destroyed","https://i.postimg.cc/vTqPfDd7/1105_Ural-4320_2x.jpg","2022-09-29",256,4466,1,"7-25644661","09/29/2022"
"4883","Russia","Russia","430 Ural-4320","destroyed","https://i.postimg.cc/V6wHc3Rt/1106_Ural-4320_2x.jpg","2022-09-29",256,4467,1,"7-25644671","09/29/2022"
"4884","Russia","Russia","430 Ural-4320","destroyed","https://i.postimg.cc/c1XkVk8K/1107_Ural-4320_4x.jpg","2022-09-29",256,4468,1,"7-25644681","09/29/2022"
"4885","Russia","Russia","430 Ural-4320","destroyed","https://twitter.com/RALee85/status/1559945981789196290","2022-09-29",256,558,1,"7-2565581","09/29/2022"
"4886","Russia","Russia","430 Ural-4320","destroyed","https://i.postimg.cc/fyT2Vm1T/1108_Ural-4320.jpg","2022-09-29",256,4469,1,"7-25644691","09/29/2022"
"4887","Russia","Russia","430 Ural-4320","destroyed","https://i.postimg.cc/TP6cynDM/1123_Ural-4320.jpg","2022-09-29",256,4470,1,"7-25644701","09/29/2022"
"4888","Russia","Russia","430 Ural-4320","destroyed","https://i.postimg.cc/3JNf7jgt/1109_Ural-4320.jpg","2022-09-29",256,4471,1,"7-25644711","09/29/2022"
"4889","Russia","Russia","430 Ural-4320","destroyed","https://i.postimg.cc/Fs6WKfpN/1110_Ural-4320.jpg","2022-09-29",256,4472,1,"7-25644721","09/29/2022"
"4890","Russia","Russia","430 Ural-4320","destroyed","https://i.postimg.cc/TwQQvhh8/1111_Ural-4320.jpg","2022-09-29",256,4473,1,"7-25644731","09/29/2022"
"4891","Russia","Russia","430 Ural-4320","destroyed","https://i.postimg.cc/C1wJ2bhH/1112_Ural-4320.jpg","2022-09-29",256,4474,1,"7-25644741","09/29/2022"
"4892","Russia","Russia","430 Ural-4320","destroyed","https://i.postimg.cc/yNmvnLH8/1115_Ural-4320.jpg","2022-09-29",256,4475,1,"7-25644751","09/29/2022"
"4893","Russia","Russia","430 Ural-4320","destroyed","https://i.postimg.cc/zDtpdL9K/1116_Ural-4320.jpg","2022-09-29",256,4476,1,"7-25644761","09/29/2022"
"4894","Russia","Russia","430 Ural-4320","destroyed","https://i.postimg.cc/VvVR5TjD/1119_Ural-4320.jpg","2022-09-29",256,4477,1,"7-25644771","09/29/2022"
"4895","Russia","Russia","430 Ural-4320","destroyed","https://i.postimg.cc/fTVC1zNF/1120_Ural-4320.jpg","2022-09-29",256,4478,1,"7-25644781","09/29/2022"
"4896","Russia","Russia","430 Ural-4320","destroyed","https://i.postimg.cc/L6GDpc4s/1121_Ural-4320.jpg","2022-09-29",256,4479,1,"7-25644791","09/29/2022"
"4897","Russia","Russia","430 Ural-4320","destroyed","https://i.postimg.cc/Qd5bxfVJ/1122_Ural-4320_3x.jpg","2022-09-29",256,4480,1,"7-25644801","09/29/2022"
"4898","Russia","Russia","430 Ural-4320","destroyed","https://i.postimg.cc/mrfcy1th/1004-ural4320.jpg","2022-09-29",256,4481,1,"7-25644811","09/29/2022"
"4899","Russia","Russia","430 Ural-4320","destroyed","https://i.postimg.cc/fLYfvhzQ/1005-ural4320.jpg","2022-09-29",256,4482,1,"7-25644821","09/29/2022"
"4900","Russia","Russia","430 Ural-4320","destroyed","https://i.postimg.cc/85vtn6b3/1007-ural4320.jpg","2022-09-29",256,4483,1,"7-25644831","09/29/2022"
"4901","Russia","Russia","430 Ural-4320","destroyed","https://i.postimg.cc/m2kFLGvZ/1009-ural4320.jpg","2022-09-29",256,4484,1,"7-25644841","09/29/2022"
"4902","Russia","Russia","430 Ural-4320","destroyed","https://twitter.com/UAWeapons/status/1559224339567976452","2022-09-29",256,4485,1,"7-25644851","09/29/2022"
"4903","Russia","Russia","430 Ural-4320","destroyed","https://i.postimg.cc/CxhFS76S/1103-kamaz-2x.jpg","2022-09-29",256,4486,1,"7-25644861","09/29/2022"
"4904","Russia","Russia","430 Ural-4320","destroyed","https://i.postimg.cc/5N2C22WD/1152-ural.jpg","2022-09-29",256,4487,1,"7-25644871","09/29/2022"
"4905","Russia","Russia","430 Ural-4320","destroyed","https://i.postimg.cc/GmZ8KPT1/1153-ural.jpg","2022-09-29",256,4488,1,"7-25644881","09/29/2022"
"4906","Russia","Russia","430 Ural-4320","destroyed","https://i.postimg.cc/qqj6x9ym/1154-ural.jpg","2022-09-29",256,4489,1,"7-25644891","09/29/2022"
"4907","Russia","Russia","430 Ural-4320","destroyed","https://i.postimg.cc/rwbWbXb3/1155-ural.jpg","2022-09-29",256,4490,1,"7-25644901","09/29/2022"
"4908","Russia","Russia","430 Ural-4320","destroyed","https://i.postimg.cc/rm24VGq9/1156-ural.jpg","2022-09-29",256,4491,1,"7-25644911","09/29/2022"
"4909","Russia","Russia","430 Ural-4320","destroyed","https://i.postimg.cc/FFZSvJ8j/1157-ural.jpg","2022-09-29",256,4492,1,"7-25644921","09/29/2022"
"4910","Russia","Russia","430 Ural-4320","destroyed","https://i.postimg.cc/C5FfDFBB/1159-ural.jpg","2022-09-29",256,4493,1,"7-25644931","09/29/2022"
"4911","Russia","Russia","430 Ural-4320","destroyed","https://i.postimg.cc/25wj2ysj/1003-ural-unkn-truck.jpg","2022-09-29",256,4494,1,"7-25644941","09/29/2022"
"4912","Russia","Russia","430 Ural-4320","destroyed","https://i.postimg.cc/MTD1Lqjf/1007-UAZ-515195-Esaul.jpg","2022-09-29",256,4495,1,"7-25644951","09/29/2022"
"4913","Russia","Russia","430 Ural-4320","destroyed","https://i.postimg.cc/8kfvzjxt/1008-ural4320-2x.jpg","2022-09-29",256,4496,1,"7-25644961","09/29/2022"
"4914","Russia","Russia","430 Ural-4320","destroyed","https://i.postimg.cc/5tXDxk0L/1008-ural4320.jpg","2022-09-29",256,4497,1,"7-25644971","09/29/2022"
"4915","Russia","Russia","430 Ural-4320","destroyed","https://i.postimg.cc/rwkswTfJ/1026-ural4320.jpg","2022-09-29",256,4498,1,"7-25644981","09/29/2022"
"4916","Russia","Russia","430 Ural-4320","destroyed","https://i.postimg.cc/TPk30Df7/1028-ural4320-2x.jpg","2022-09-29",256,4499,1,"7-25644991","09/29/2022"
"4917","Russia","Russia","430 Ural-4320","destroyed","https://i.postimg.cc/MKrgGMQx/3.png","2022-09-29",256,4500,1,"7-25645001","09/29/2022"
"4918","Russia","Russia","430 Ural-4320","destroyed","https://i.postimg.cc/5ysp1Drm/1017-ural4320-x4.jpg","2022-09-29",256,4501,1,"7-25645011","09/29/2022"
"4919","Russia","Russia","430 Ural-4320","destroyed","https://twitter.com/Blue_Sauron/status/1569225008802852864","2022-09-29",256,4502,1,"7-25645021","09/29/2022"
"4920","Russia","Russia","430 Ural-4320","destroyed","https://twitter.com/UAWeapons/status/1569229480149000193","2022-09-29",256,4503,1,"7-25645031","09/29/2022"
"4921","Russia","Russia","430 Ural-4320","destroyed","https://twitter.com/UAWeapons/status/1573265046607908865","2022-09-29",256,4504,1,"7-25645041","09/29/2022"
"4922","Russia","Russia","430 Ural-4320","destroyed","https://i.postimg.cc/wBtGg83R/1015-Ural-truck-2-B9-Vasilek-82mm-automatic-gun-mortar.jpg","2022-09-29",256,3480,1,"7-25634801","09/29/2022"
"4923","Russia","Russia","430 Ural-4320","destroyed","https://twitter.com/UAWeapons/status/1570137029349883904","2022-09-29",256,320,1,"7-2563201","09/29/2022"
"4924","Russia","Russia","430 Ural-4320","destroyed","https://i.postimg.cc/6QyjFbLr/1008-ural4320.jpg","2022-09-29",256,4505,1,"7-25645051","09/29/2022"
"4925","Russia","Russia","430 Ural-4320","destroyed","https://i.postimg.cc/C5VcBhy7/1010-ural4320.jpg","2022-09-29",256,4506,1,"7-25645061","09/29/2022"
"4926","Russia","Russia","430 Ural-4320","destroyed","https://twitter.com/UAWeapons/status/1570485188786024450","2022-09-29",256,853,1,"7-2568531","09/29/2022"
"4927","Russia","Russia","430 Ural-4320","destroyed","https://i.postimg.cc/VLRsg7Sr/1001-ural4320.jpg","2022-09-29",256,4507,1,"7-25645071","09/29/2022"
"4928","Russia","Russia","430 Ural-4320","destroyed","https://i.postimg.cc/br9phscL/Ural-4320-145740-deokupovana-Harkivshhyna-1179-scaled.jpg","2022-09-29",256,4508,1,"7-25645081","09/29/2022"
"4929","Russia","Russia","430 Ural-4320","destroyed","https://twitter.com/UAWeapons/status/1571109617186541572","2022-09-29",256,1317,1,"7-25613171","09/29/2022"
"4930","Russia","Russia","430 Ural-4320","destroyed","https://i.postimg.cc/j553NhRN/2022-09-16-Ural-4320.png","2022-09-29",256,4509,1,"7-25645091","09/29/2022"
"4931","Russia","Russia","430 Ural-4320","destroyed","https://i.postimg.cc/F1tTM53g/2022-09-16-Ural-4320-2.png","2022-09-29",256,4510,1,"7-25645101","09/29/2022"
"4932","Russia","Russia","430 Ural-4320","destroyed","https://i.postimg.cc/KzLvSryB/2022-09-12-306353023-1506025769849683-7645808265423419642-n.jpg","2022-09-29",256,4511,1,"7-25645111","09/29/2022"
"4933","Russia","Russia","430 Ural-4320","destroyed","https://i.postimg.cc/JnfLfP8L/2022-09-14-Ural-4320-x2.png","2022-09-29",256,4512,1,"7-25645121","09/29/2022"
"4934","Russia","Russia","430 Ural-4320","destroyed","https://i.postimg.cc/dQjm0znW/2022-09-15-Ural-Federal.jpg","2022-09-29",256,4513,1,"7-25645131","09/29/2022"
"4935","Russia","Russia","430 Ural-4320","destroyed","https://i.postimg.cc/x8nvRRjy/2022-09-15-Ural-4320.jpg","2022-09-29",256,4514,1,"7-25645141","09/29/2022"
"4936","Russia","Russia","430 Ural-4320","destroyed","https://i.postimg.cc/CLGwfs9L/2022-09-19-Ural-4320.jpg","2022-09-29",256,4515,1,"7-25645151","09/29/2022"
"4937","Russia","Russia","430 Ural-4320","destroyed","https://i.postimg.cc/MHFqVLfw/2022-09-26-Ural-4320.jpg","2022-09-29",256,4516,1,"7-25645161","09/29/2022"
"4938","Russia","Russia","430 Ural-4320","destroyed","https://i.postimg.cc/ryC8D9By/2022-09-19-Ural-4320-3.jpg","2022-09-29",256,4517,1,"7-25645171","09/29/2022"
"4939","Russia","Russia","430 Ural-4320","destroyed","https://i.postimg.cc/tgHkHkyW/1022.jpg","2022-09-29",256,4518,1,"7-25645181","09/29/2022"
"4940","Russia","Russia","430 Ural-4320","destroyed","https://twitter.com/UAWeapons/status/1573665782466224129","2022-09-29",256,4519,1,"7-25645191","09/29/2022"
"4941","Russia","Russia","430 Ural-4320","destroyed","https://i.postimg.cc/6qhvZQ4f/6.png","2022-09-29",256,4520,1,"7-25645201","09/29/2022"
"4942","Russia","Russia","430 Ural-4320","destroyed","https://i.postimg.cc/XNK2KwXq/1029-ural4320.jpg","2022-09-29",256,4521,1,"7-25645211","09/29/2022"
"4943","Russia","Russia","430 Ural-4320","destroyed","https://i.postimg.cc/m2Sg1fML/ural-4320-balakliya.png","2022-09-29",256,4522,1,"7-25645221","09/29/2022"
"4944","Russia","Russia","430 Ural-4320","destroyed","https://i.postimg.cc/3x4V08XG/2.png","2022-09-29",256,4523,1,"7-25645231","09/29/2022"
"4945","Russia","Russia","430 Ural-4320","destroyed","https://twitter.com/Blue_Sauron/status/1575579082036690947","2022-09-29",256,3707,1,"7-25637071","09/29/2022"
"4946","Russia","Russia","430 Ural-4320","damaged","https://i.postimg.cc/D0HCdSTm/1000-ural4320.jpg","2022-09-29",256,4524,4,"7-25645244","09/29/2022"
"4947","Russia","Russia","430 Ural-4320","damaged","https://i.postimg.cc/YSs02PPZ/k9.png","2022-09-29",256,4525,4,"7-25645254","09/29/2022"
"4948","Russia","Russia","430 Ural-4320","damaged","https://twitter.com/UAWeapons/status/1524456618091589635","2022-09-29",256,1591,4,"7-25615914","09/29/2022"
"4949","Russia","Russia","430 Ural-4320","damaged","https://i.postimg.cc/NF1WZv0L/1002-ural4320.jpg","2022-09-29",256,4526,4,"7-25645264","09/29/2022"
"4950","Russia","Russia","430 Ural-4320","damaged","https://twitter.com/UAWeapons/status/1570482813857837056","2022-09-29",256,2885,4,"7-25628854","09/29/2022"
"4951","Russia","Russia","430 Ural-4320","damaged","https://twitter.com/UAWeapons/status/1573229914483998720","2022-09-29",256,4527,4,"7-25645274","09/29/2022"
"4952","Russia","Russia","430 Ural-4320","abandoned","https://i.postimg.cc/kMY6zXXK/g43.png","2022-09-29",256,4528,2,"7-25645282","09/29/2022"
"4953","Russia","Russia","430 Ural-4320","abandoned","https://i.postimg.cc/vHLG8bfn/352.png","2022-09-29",256,4529,2,"7-25645292","09/29/2022"
"4954","Russia","Russia","430 Ural-4320","abandoned","https://i.postimg.cc/gcZ4B3nc/46.png","2022-09-29",256,4530,2,"7-25645302","09/29/2022"
"4955","Russia","Russia","430 Ural-4320","abandoned","https://postimg.cc/yDMtjPBF","2022-09-29",256,4531,2,"7-25645312","09/29/2022"
"4956","Russia","Russia","430 Ural-4320","abandoned","https://i.postimg.cc/SRsdSqzn/1117_Ural-4320_abandoned.jpg","2022-09-29",256,4532,2,"7-25645322","09/29/2022"
"4957","Russia","Russia","430 Ural-4320","abandoned","https://i.postimg.cc/bNYcn21n/1089-Ural-4320-abandoned.jpg","2022-09-29",256,4533,2,"7-25645332","09/29/2022"
"4958","Russia","Russia","430 Ural-4320","abandoned","https://i.postimg.cc/R0KVpG33/Screenshot-8272.png","2022-09-29",256,4534,2,"7-25645342","09/29/2022"
"4959","Russia","Russia","430 Ural-4320","abandoned","https://i.postimg.cc/0yrVn7sf/4314.png","2022-09-29",256,4535,2,"7-25645352","09/29/2022"
"4960","Russia","Russia","430 Ural-4320","damaged","https://i.postimg.cc/xd8C4F47/tt2.png","2022-09-29",256,4536,4,"7-25645364","09/29/2022"
"4961","Russia","Russia","430 Ural-4320","abandoned","https://i.postimg.cc/xd8C4F47/tt2.png","2022-09-29",256,4536,2,"7-25645362","09/29/2022"
"4962","Russia","Russia","430 Ural-4320","abandoned","https://i.postimg.cc/tTB5g9by/359.png","2022-09-29",256,4537,2,"7-25645372","09/29/2022"
"4963","Russia","Russia","430 Ural-4320","abandoned","https://postimg.cc/fVYM97kP","2022-09-29",256,4538,2,"7-25645382","09/29/2022"
"4964","Russia","Russia","430 Ural-4320","abandoned","https://i.postimg.cc/GhTrHLBz/1006-Ural-4320.jpg","2022-09-29",256,4539,2,"7-25645392","09/29/2022"
"4965","Russia","Russia","430 Ural-4320","damaged","https://i.postimg.cc/FFkvLZYn/1016.jpg","2022-09-29",256,4540,4,"7-25645404","09/29/2022"
"4966","Russia","Russia","430 Ural-4320","captured","https://i.postimg.cc/FFkvLZYn/1016.jpg","2022-09-29",256,4540,3,"7-25645403","09/29/2022"
"4967","Russia","Russia","430 Ural-4320","damaged","https://postimg.cc/mhsHRWKh","2022-09-29",256,4541,4,"7-25645414","09/29/2022"
"4968","Russia","Russia","430 Ural-4320","captured","https://postimg.cc/mhsHRWKh","2022-09-29",256,4541,3,"7-25645413","09/29/2022"
"4969","Russia","Russia","430 Ural-4320","captured","https://i.postimg.cc/yd0nfG2V/ff1k.png","2022-09-29",256,4542,3,"7-25645423","09/29/2022"
"4970","Russia","Russia","430 Ural-4320","captured","https://i.postimg.cc/tJQ2f1yc/4u.png","2022-09-29",256,4543,3,"7-25645433","09/29/2022"
"4971","Russia","Russia","430 Ural-4320","captured","https://i.postimg.cc/R0C7W7V9/4317.png","2022-09-29",256,4259,3,"7-25642593","09/29/2022"
"4972","Russia","Russia","430 Ural-4320","captured","https://i.postimg.cc/kMQpDCyN/4689.png","2022-09-29",256,4544,3,"7-25645443","09/29/2022"
"4973","Russia","Russia","430 Ural-4320","captured","https://i.postimg.cc/SRTJGKGs/417.png","2022-09-29",256,4545,3,"7-25645453","09/29/2022"
"4974","Russia","Russia","430 Ural-4320","captured","https://i.postimg.cc/yxRcGjMS/c7.jpg","2022-09-29",256,4546,3,"7-25645463","09/29/2022"
"4975","Russia","Russia","430 Ural-4320","captured","https://i.postimg.cc/fR9PySkK/48.png","2022-09-29",256,4547,3,"7-25645473","09/29/2022"
"4976","Russia","Russia","430 Ural-4320","captured","https://i.postimg.cc/8PkhtK90/4h.png","2022-09-29",256,4548,3,"7-25645483","09/29/2022"
"4977","Russia","Russia","430 Ural-4320","captured","https://i.postimg.cc/mDnbcYkV/428.png","2022-09-29",256,4549,3,"7-25645493","09/29/2022"
"4978","Russia","Russia","430 Ural-4320","captured","https://i.postimg.cc/RZ3JXWWs/43.png","2022-09-29",256,4550,3,"7-25645503","09/29/2022"
"4979","Russia","Russia","430 Ural-4320","captured","https://i.postimg.cc/9MPX43LV/554f.png","2022-09-29",256,4551,3,"7-25645513","09/29/2022"
"4980","Russia","Russia","430 Ural-4320","captured","https://i.postimg.cc/Xq2HXNbD/98.jpg","2022-09-29",256,4552,3,"7-25645523","09/29/2022"
"4981","Russia","Russia","430 Ural-4320","captured","https://i.postimg.cc/Fs9dYTXf/3331.png","2022-09-29",256,4553,3,"7-25645533","09/29/2022"
"4982","Russia","Russia","430 Ural-4320","captured","https://i.postimg.cc/j5tvNFm9/665.jpg","2022-09-29",256,4554,3,"7-25645543","09/29/2022"
"4983","Russia","Russia","430 Ural-4320","captured","https://i.postimg.cc/QMJ8sWbG/n43.png","2022-09-29",256,3553,3,"7-25635533","09/29/2022"
"4984","Russia","Russia","430 Ural-4320","captured","https://i.postimg.cc/4dKLRgKK/47777.jpg","2022-09-29",256,4555,3,"7-25645553","09/29/2022"
"4985","Russia","Russia","430 Ural-4320","captured","https://i.postimg.cc/kGGtpJDZ/2dd.jpg","2022-09-29",256,4556,3,"7-25645563","09/29/2022"
"4986","Russia","Russia","430 Ural-4320","captured","https://i.postimg.cc/QtzDC1Gd/3d2.jpg","2022-09-29",256,4557,3,"7-25645573","09/29/2022"
"4987","Russia","Russia","430 Ural-4320","captured","https://i.postimg.cc/3xdpQc4z/68.jpg","2022-09-29",256,4558,3,"7-25645583","09/29/2022"
"4988","Russia","Russia","430 Ural-4320","captured","https://i.postimg.cc/4d04PjhS/u1.png","2022-09-29",256,4559,3,"7-25645593","09/29/2022"
"4989","Russia","Russia","430 Ural-4320","captured","https://i.postimg.cc/KYNghfZy/cc1.jpg","2022-09-29",256,4560,3,"7-25645603","09/29/2022"
"4990","Russia","Russia","430 Ural-4320","captured","https://i.postimg.cc/hvHX130V/cc2.jpg","2022-09-29",256,4561,3,"7-25645613","09/29/2022"
"4991","Russia","Russia","430 Ural-4320","captured","https://i.postimg.cc/bwKjNfwx/cc3.jpg","2022-09-29",256,4562,3,"7-25645623","09/29/2022"
"4992","Russia","Russia","430 Ural-4320","captured","https://i.postimg.cc/0yhB1dJk/t6.jpg","2022-09-29",256,4563,3,"7-25645633","09/29/2022"
"4993","Russia","Russia","430 Ural-4320","captured","https://i.postimg.cc/qR1HKMFG/573.png","2022-09-29",256,4564,3,"7-25645643","09/29/2022"
"4994","Russia","Russia","430 Ural-4320","captured","https://i.postimg.cc/P5MHH4Mc/887.png","2022-09-29",256,4565,3,"7-25645653","09/29/2022"
"4995","Russia","Russia","430 Ural-4320","captured","https://i.postimg.cc/tgL2M0xH/58.png","2022-09-29",256,4566,3,"7-25645663","09/29/2022"
"4996","Russia","Russia","430 Ural-4320","captured","https://i.postimg.cc/cHWH5g9M/uuu.png","2022-09-29",256,4567,3,"7-25645673","09/29/2022"
"4997","Russia","Russia","430 Ural-4320","captured","https://i.postimg.cc/7L9pJPK8/d5.jpg","2022-09-29",256,4568,3,"7-25645683","09/29/2022"
"4998","Russia","Russia","430 Ural-4320","captured","https://i.postimg.cc/QCrpmd5R/3.png","2022-09-29",256,4569,3,"7-25645693","09/29/2022"
"4999","Russia","Russia","430 Ural-4320","captured","https://i.postimg.cc/4xnDLkLN/1094-Ural-4320-captured.jpg","2022-09-29",256,4570,3,"7-25645703","09/29/2022"
"5000","Russia","Russia","430 Ural-4320","captured","https://i.postimg.cc/Z5GKzh1D/r1.png","2022-09-29",256,4571,3,"7-25645713","09/29/2022"
"5001","Russia","Russia","430 Ural-4320","captured","https://i.postimg.cc/dQSXZBB2/74.png","2022-09-29",256,4572,3,"7-25645723","09/29/2022"
"5002","Russia","Russia","430 Ural-4320","captured","https://i.postimg.cc/26Mr9sCf/667.png","2022-09-29",256,4573,3,"7-25645733","09/29/2022"
"5003","Russia","Russia","430 Ural-4320","captured","https://i.postimg.cc/VNwZpLhm/663.png","2022-09-29",256,4574,3,"7-25645743","09/29/2022"
"5004","Russia","Russia","430 Ural-4320","captured","https://i.postimg.cc/zvFf4vcZ/Screenshot-8471.png","2022-09-29",256,4575,3,"7-25645753","09/29/2022"
"5005","Russia","Russia","430 Ural-4320","captured","https://i.postimg.cc/6QcY6f4y/Screenshot-8473.png","2022-09-29",256,4576,3,"7-25645763","09/29/2022"
"5006","Russia","Russia","430 Ural-4320","captured","https://postimg.cc/gryBVFjK","2022-09-29",256,4577,3,"7-25645773","09/29/2022"
"5007","Russia","Russia","430 Ural-4320","captured","https://i.postimg.cc/0Qx3NNNy/bn8.png","2022-09-29",256,4578,3,"7-25645783","09/29/2022"
"5008","Russia","Russia","430 Ural-4320","captured","https://i.postimg.cc/WbY733HN/4g.png","2022-09-29",256,4579,3,"7-25645793","09/29/2022"
"5009","Russia","Russia","430 Ural-4320","captured","https://i.postimg.cc/SR1yPs6s/f2.png","2022-09-29",256,4580,3,"7-25645803","09/29/2022"
"5010","Russia","Russia","430 Ural-4320","captured","https://i.postimg.cc/1XtGFbF3/2d2.png","2022-09-29",256,4581,3,"7-25645813","09/29/2022"
"5011","Russia","Russia","430 Ural-4320","captured","https://i.postimg.cc/brjQ7Srg/66522.png","2022-09-29",256,4582,3,"7-25645823","09/29/2022"
"5012","Russia","Russia","430 Ural-4320","captured","https://i.postimg.cc/vmPKKKjX/r1.png","2022-09-29",256,4583,3,"7-25645833","09/29/2022"
"5013","Russia","Russia","430 Ural-4320","captured","https://i.postimg.cc/jSm1s8cQ/f57.png","2022-09-29",256,4584,3,"7-25645843","09/29/2022"
"5014","Russia","Russia","430 Ural-4320","captured","https://i.postimg.cc/FzLk3HcB/g43.jpg","2022-09-29",256,4585,3,"7-25645853","09/29/2022"
"5015","Russia","Russia","430 Ural-4320","captured","https://i.postimg.cc/3JZg39j4/u1.jpg","2022-09-29",256,4586,3,"7-25645863","09/29/2022"
"5016","Russia","Russia","430 Ural-4320","captured","https://i.postimg.cc/MT3RB1JY/4f70.png","2022-09-29",256,4587,3,"7-25645873","09/29/2022"
"5017","Russia","Russia","430 Ural-4320","captured","https://i.postimg.cc/mkzkbSC0/u1.jpg","2022-09-29",256,4588,3,"7-25645883","09/29/2022"
"5018","Russia","Russia","430 Ural-4320","captured","https://i.postimg.cc/7Lw5g0r2/u2.jpg","2022-09-29",256,4589,3,"7-25645893","09/29/2022"
"5019","Russia","Russia","430 Ural-4320","captured","https://i.postimg.cc/BQ3TWRFf/u2.jpg","2022-09-29",256,4590,3,"7-25645903","09/29/2022"
"5020","Russia","Russia","430 Ural-4320","captured","https://i.postimg.cc/g2cq6M8R/df.png","2022-09-29",256,4591,3,"7-25645913","09/29/2022"
"5021","Russia","Russia","430 Ural-4320","captured","https://i.postimg.cc/3xzdgFbn/ug2.png","2022-09-29",256,4592,3,"7-25645923","09/29/2022"
"5022","Russia","Russia","430 Ural-4320","damaged","https://i.postimg.cc/zG5zScVY/1144-ural-dam-capt.jpg","2022-09-29",256,4593,4,"7-25645934","09/29/2022"
"5023","Russia","Russia","430 Ural-4320","captured","https://i.postimg.cc/zG5zScVY/1144-ural-dam-capt.jpg","2022-09-29",256,4593,3,"7-25645933","09/29/2022"
"5024","Russia","Russia","430 Ural-4320","captured","https://i.postimg.cc/t4VDp20j/vv31.png","2022-09-29",256,4594,3,"7-25645943","09/29/2022"
"5025","Russia","Russia","430 Ural-4320","captured","https://i.postimg.cc/3xDL0Kfp/1113_Ural-4320_captured.jpg","2022-09-29",256,4595,3,"7-25645953","09/29/2022"
"5026","Russia","Russia","430 Ural-4320","captured","https://i.postimg.cc/8CmmLsRF/1114_Ural-4320_captured.jpg","2022-09-29",256,4596,3,"7-25645963","09/29/2022"
"5027","Russia","Russia","430 Ural-4320","captured","https://i.postimg.cc/pdQ2SCvY/cc2.png","2022-09-29",256,4597,3,"7-25645973","09/29/2022"
"5028","Russia","Russia","430 Ural-4320","captured","https://i.postimg.cc/Bvk4bF7L/Screenshot-8948.png","2022-09-29",256,4598,3,"7-25645983","09/29/2022"
"5029","Russia","Russia","430 Ural-4320","captured","https://i.postimg.cc/x8J1W6D5/1002-ural4320.jpg","2022-09-29",256,4599,3,"7-25645993","09/29/2022"
"5030","Russia","Russia","430 Ural-4320","captured","https://i.postimg.cc/t4r1pvJD/1001-ural4320.jpg","2022-09-29",256,4600,3,"7-25646003","09/29/2022"
"5031","Russia","Russia","430 Ural-4320","captured","https://i.postimg.cc/XvYntBf2/1145-ural-capt.jpg","2022-09-29",256,4601,3,"7-25646013","09/29/2022"
"5032","Russia","Russia","430 Ural-4320","captured","https://i.postimg.cc/qB90Qn1T/335.jpg","2022-09-29",256,4602,3,"7-25646023","09/29/2022"
"5033","Russia","Russia","430 Ural-4320","captured","https://i.postimg.cc/wvsYdX7k/1143-ural-capt-2x.jpg","2022-09-29",256,4603,3,"7-25646033","09/29/2022"
"5034","Russia","Russia","430 Ural-4320","captured","https://i.postimg.cc/T2gv7c8d/1146-ural-capt.jpg","2022-09-29",256,4604,3,"7-25646043","09/29/2022"
"5035","Russia","Russia","430 Ural-4320","captured","https://i.postimg.cc/hjpd1JQJ/6j.png","2022-09-29",256,4605,3,"7-25646053","09/29/2022"
"5036","Russia","Russia","430 Ural-4320","captured","https://i.postimg.cc/66gbyLs4/p6.png","2022-09-29",256,4606,3,"7-25646063","09/29/2022"
"5037","Russia","Russia","430 Ural-4320","captured","https://twitter.com/UAWeapons/status/1567465710745489410","2022-09-29",256,4607,3,"7-25646073","09/29/2022"
"5038","Russia","Russia","430 Ural-4320","captured","https://twitter.com/UAWeapons/status/1567850576754475009","2022-09-29",256,4608,3,"7-25646083","09/29/2022"
"5039","Russia","Russia","430 Ural-4320","damaged","https://i.postimg.cc/fRrqKKD6/1008-ural4320.png","2022-09-29",256,4609,4,"7-25646094","09/29/2022"
"5040","Russia","Russia","430 Ural-4320","captured","https://i.postimg.cc/fRrqKKD6/1008-ural4320.png","2022-09-29",256,4609,3,"7-25646093","09/29/2022"
"5041","Russia","Russia","430 Ural-4320","captured","https://i.postimg.cc/xCcT41d0/1030-ural4320.png","2022-09-29",256,4610,3,"7-25646103","09/29/2022"
"5042","Russia","Russia","430 Ural-4320","captured","https://i.postimg.cc/cH24yGKf/1027-ural4320.jpg","2022-09-29",256,4611,3,"7-25646113","09/29/2022"
"5043","Russia","Russia","430 Ural-4320","captured","https://i.postimg.cc/yN6N0P43/1025-ural4320.jpg","2022-09-29",256,4612,3,"7-25646123","09/29/2022"
"5044","Russia","Russia","430 Ural-4320","captured","https://i.postimg.cc/NMMwjChb/1024-ural4320.jpg","2022-09-29",256,4613,3,"7-25646133","09/29/2022"
"5045","Russia","Russia","430 Ural-4320","captured","https://i.postimg.cc/L6vZbdnC/1002-ural4320.jpg","2022-09-29",256,4614,3,"7-25646143","09/29/2022"
"5046","Russia","Russia","430 Ural-4320","captured","https://twitter.com/UAWeapons/status/1568641127577751553","2022-09-29",256,4615,3,"7-25646153","09/29/2022"
"5047","Russia","Russia","430 Ural-4320","captured","https://i.postimg.cc/KcH8L1W4/1016-ural4620.jpg","2022-09-29",256,4616,3,"7-25646163","09/29/2022"
"5048","Russia","Russia","430 Ural-4320","captured","https://twitter.com/UAWeapons/status/1568899249688952833","2022-09-29",256,2983,3,"7-25629833","09/29/2022"
"5049","Russia","Russia","430 Ural-4320","captured","https://twitter.com/UAWeapons/status/1568899264650280961","2022-09-29",256,4617,3,"7-25646173","09/29/2022"
"5050","Russia","Russia","430 Ural-4320","captured","https://twitter.com/UAWeapons/status/1569059447284142080","2022-09-29",256,4618,3,"7-25646183","09/29/2022"
"5051","Russia","Russia","430 Ural-4320","captured","https://i.postimg.cc/gJXqx8J5/1002-ural4320.jpg","2022-09-29",256,4619,3,"7-25646193","09/29/2022"
"5052","Russia","Russia","430 Ural-4320","captured","https://twitter.com/UAWeapons/status/1569229480149000193","2022-09-29",256,4503,3,"7-25645033","09/29/2022"
"5053","Russia","Russia","430 Ural-4320","captured","https://twitter.com/JimmySecUK/status/1569972968641499136","2022-09-29",256,2757,3,"7-25627573","09/29/2022"
"5054","Russia","Russia","430 Ural-4320","captured","https://i.postimg.cc/KzT98KW4/1009-ural4320.jpg","2022-09-29",256,4620,3,"7-25646203","09/29/2022"
"5055","Russia","Russia","430 Ural-4320","captured","https://i.postimg.cc/Dw2RWnRJ/2022-09-15-Ural-4320.png","2022-09-29",256,4621,3,"7-25646213","09/29/2022"
"5056","Russia","Russia","430 Ural-4320","captured","https://i.postimg.cc/G2dYVCTC/1017-ural4320.jpg","2022-09-29",256,4622,3,"7-25646223","09/29/2022"
"5057","Russia","Russia","430 Ural-4320","captured","https://i.postimg.cc/DfWRBfpD/2022-09-17-Ural-4320-1.jpg","2022-09-29",256,4623,3,"7-25646233","09/29/2022"
"5058","Russia","Russia","430 Ural-4320","captured","https://i.postimg.cc/263sTs8K/1002-ural4320.jpg","2022-09-29",256,4624,3,"7-25646243","09/29/2022"
"5059","Russia","Russia","430 Ural-4320","captured","https://i.postimg.cc/ydbZ4Gwt/1000-ural-4320.jpg","2022-09-29",256,4625,3,"7-25646253","09/29/2022"
"5060","Russia","Russia","430 Ural-4320","damaged","https://i.postimg.cc/4dMmdk4Y/1006-ural4320.jpg","2022-09-29",256,4626,4,"7-25646264","09/29/2022"
"5061","Russia","Russia","430 Ural-4320","captured","https://i.postimg.cc/4dMmdk4Y/1006-ural4320.jpg","2022-09-29",256,4626,3,"7-25646263","09/29/2022"
"5062","Russia","Russia","430 Ural-4320","captured","https://i.postimg.cc/W3bjmst8/1000-ural4320.jpg","2022-09-29",256,4627,3,"7-25646273","09/29/2022"
"5063","Russia","Russia","430 Ural-4320","captured","https://i.postimg.cc/nzXwprB3/2022-09-25-BMP-2-Ural-4320.jpg","2022-09-29",256,2131,3,"7-25621313","09/29/2022"
"5064","Russia","Russia","430 Ural-4320","captured","https://i.postimg.cc/j57VhkYt/1003-ural4320.jpg","2022-09-29",256,4628,3,"7-25646283","09/29/2022"
"5065","Russia","Russia","430 Ural-4320","captured","https://i.postimg.cc/gJ2tHG9m/Ural-4320-Izium.png","2022-09-29",256,4629,3,"7-25646293","09/29/2022"
"5066","Russia","Russia","110 Ural-4320 tanker","destroyed","https://postimg.cc/KR09bC8Z","2022-09-29",257,4630,1,"7-25746301","09/29/2022"
"5067","Russia","Russia","110 Ural-4320 tanker","destroyed","https://i.postimg.cc/QdHyx61H/57.png","2022-09-29",257,4631,1,"7-25746311","09/29/2022"
"5068","Russia","Russia","110 Ural-4320 tanker","destroyed","https://i.postimg.cc/cHbtsDMx/a1.png","2022-09-29",257,4632,1,"7-25746321","09/29/2022"
"5069","Russia","Russia","110 Ural-4320 tanker","destroyed","https://i.postimg.cc/wjbJR968/gh.jpg","2022-09-29",257,4633,1,"7-25746331","09/29/2022"
"5070","Russia","Russia","110 Ural-4320 tanker","destroyed","https://i.postimg.cc/Xq15xBFb/542j.jpg","2022-09-29",257,4634,1,"7-25746341","09/29/2022"
"5071","Russia","Russia","110 Ural-4320 tanker","destroyed","https://i.postimg.cc/8PnpHpHM/32fd.png","2022-09-29",257,4635,1,"7-25746351","09/29/2022"
"5072","Russia","Russia","110 Ural-4320 tanker","destroyed","https://i.postimg.cc/wMTvJqm1/p1.jpg","2022-09-29",257,4636,1,"7-25746361","09/29/2022"
"5073","Russia","Russia","110 Ural-4320 tanker","destroyed","https://i.postimg.cc/xTGXZZ0j/3d.png","2022-09-29",257,4637,1,"7-25746371","09/29/2022"
"5074","Russia","Russia","110 Ural-4320 tanker","destroyed","https://i.postimg.cc/Fs0W104C/3r5.png","2022-09-29",257,4638,1,"7-25746381","09/29/2022"
"5075","Russia","Russia","110 Ural-4320 tanker","destroyed","https://i.postimg.cc/XNkhZbW0/f5.png","2022-09-29",257,4639,1,"7-25746391","09/29/2022"
"5076","Russia","Russia","110 Ural-4320 tanker","destroyed","https://i.postimg.cc/DZmJkh0H/p5.png","2022-09-29",257,4640,1,"7-25746401","09/29/2022"
"5077","Russia","Russia","110 Ural-4320 tanker","destroyed","https://i.postimg.cc/wjD7VF7s/688.png","2022-09-29",257,4641,1,"7-25746411","09/29/2022"
"5078","Russia","Russia","110 Ural-4320 tanker","destroyed","https://i.postimg.cc/0NxrHmwX/u8.png","2022-09-29",257,4642,1,"7-25746421","09/29/2022"
"5079","Russia","Russia","110 Ural-4320 tanker","destroyed","https://twitter.com/UAWeapons/status/1509607505537773568","2022-09-29",257,4643,1,"7-25746431","09/29/2022"
"5080","Russia","Russia","110 Ural-4320 tanker","destroyed","https://i.postimg.cc/CxstkhF4/1.png","2022-09-29",257,4644,1,"7-25746441","09/29/2022"
"5081","Russia","Russia","110 Ural-4320 tanker","destroyed","https://i.postimg.cc/jdZP7mp7/2.jpg","2022-09-29",257,4645,1,"7-25746451","09/29/2022"
"5082","Russia","Russia","110 Ural-4320 tanker","destroyed","https://i.postimg.cc/y8x9XnKr/3.png","2022-09-29",257,4646,1,"7-25746461","09/29/2022"
"5083","Russia","Russia","110 Ural-4320 tanker","destroyed","https://i.postimg.cc/pLSj08XV/4.jpg","2022-09-29",257,4647,1,"7-25746471","09/29/2022"
"5084","Russia","Russia","110 Ural-4320 tanker","destroyed","https://i.postimg.cc/LXFF3yct/7.jpg","2022-09-29",257,4648,1,"7-25746481","09/29/2022"
"5085","Russia","Russia","110 Ural-4320 tanker","destroyed","https://i.postimg.cc/X7s3NcMB/ds1.jpg","2022-09-29",257,4649,1,"7-25746491","09/29/2022"
"5086","Russia","Russia","110 Ural-4320 tanker","destroyed","https://i.postimg.cc/8kBN9gtH/ds2.jpg","2022-09-29",257,4650,1,"7-25746501","09/29/2022"
"5087","Russia","Russia","110 Ural-4320 tanker","destroyed","https://i.postimg.cc/V6Xmzx1z/ds3.jpg","2022-09-29",257,4651,1,"7-25746511","09/29/2022"
"5088","Russia","Russia","110 Ural-4320 tanker","destroyed","https://i.postimg.cc/25Fdt3p7/466.jpg","2022-09-29",257,4652,1,"7-25746521","09/29/2022"
"5089","Russia","Russia","110 Ural-4320 tanker","destroyed","https://i.postimg.cc/MK7XNLHw/r-Pok9-Pm9-jpg-large.jpg","2022-09-29",257,4653,1,"7-25746531","09/29/2022"
"5090","Russia","Russia","110 Ural-4320 tanker","destroyed","https://i.postimg.cc/sxWywC1Q/1132-Ural-4320-tanker.jpg","2022-09-29",257,4654,1,"7-25746541","09/29/2022"
"5091","Russia","Russia","110 Ural-4320 tanker","destroyed","https://i.postimg.cc/50SRw47M/1004.jpg","2022-09-29",257,4655,1,"7-25746551","09/29/2022"
"5092","Russia","Russia","110 Ural-4320 tanker","destroyed","https://i.postimg.cc/brLH0dc3/25.png","2022-09-29",257,4656,1,"7-25746561","09/29/2022"
"5093","Russia","Russia","110 Ural-4320 tanker","destroyed","https://i.postimg.cc/9MYGVzMC/54.png","2022-09-29",257,4657,1,"7-25746571","09/29/2022"
"5094","Russia","Russia","110 Ural-4320 tanker","destroyed","https://i.postimg.cc/MZ1wRpz0/441.jpg","2022-09-29",257,4658,1,"7-25746581","09/29/2022"
"5095","Russia","Russia","110 Ural-4320 tanker","destroyed","https://i.postimg.cc/Jnb4ZqnY/1164-ural-tanker.jpg","2022-09-29",257,4659,1,"7-25746591","09/29/2022"
"5096","Russia","Russia","110 Ural-4320 tanker","destroyed","https://i.postimg.cc/x8R5wFRn/44444.jpg","2022-09-29",257,4660,1,"7-25746601","09/29/2022"
"5097","Russia","Russia","110 Ural-4320 tanker","destroyed","https://i.postimg.cc/MGSjH8dQ/4313.png","2022-09-29",257,4661,1,"7-25746611","09/29/2022"
"5098","Russia","Russia","110 Ural-4320 tanker","destroyed","https://i.postimg.cc/yx0YMWDm/24fo.png","2022-09-29",257,4662,1,"7-25746621","09/29/2022"
"5099","Russia","Russia","110 Ural-4320 tanker","destroyed","https://i.postimg.cc/c4bs4XFg/1024.jpg","2022-09-29",257,4663,1,"7-25746631","09/29/2022"
"5100","Russia","Russia","110 Ural-4320 tanker","destroyed","https://i.postimg.cc/yW4t59rG/1005-tank-fuel-truck.jpg","2022-09-29",257,1029,1,"7-25710291","09/29/2022"
"5101","Russia","Russia","110 Ural-4320 tanker","destroyed","https://i.postimg.cc/tTwp34RG/1124-Ural-4320-tanker.jpg","2022-09-29",257,4664,1,"7-25746641","09/29/2022"
"5102","Russia","Russia","110 Ural-4320 tanker","destroyed","https://i.postimg.cc/4NzscGrj/1125-Ural-4320-tanker.jpg","2022-09-29",257,4665,1,"7-25746651","09/29/2022"
"5103","Russia","Russia","110 Ural-4320 tanker","destroyed","https://i.postimg.cc/cJ1xZzk2/1126-Ural-4320-tanker.jpg","2022-09-29",257,4666,1,"7-25746661","09/29/2022"
"5104","Russia","Russia","110 Ural-4320 tanker","destroyed","https://i.postimg.cc/bYSzzkLy/1127-Ural-4320-tanker.jpg","2022-09-29",257,4667,1,"7-25746671","09/29/2022"
"5105","Russia","Russia","110 Ural-4320 tanker","destroyed","https://i.postimg.cc/63yB4vXh/1128-Ural-4320-tanker.jpg","2022-09-29",257,4668,1,"7-25746681","09/29/2022"
"5106","Russia","Russia","110 Ural-4320 tanker","destroyed","https://i.postimg.cc/8P8Tscnh/1129-Ural-4320-tanker.jpg","2022-09-29",257,4669,1,"7-25746691","09/29/2022"
"5107","Russia","Russia","110 Ural-4320 tanker","destroyed","https://i.postimg.cc/R0PM0TjF/1130-Ural-4320-tanker.jpg","2022-09-29",257,4670,1,"7-25746701","09/29/2022"
"5108","Russia","Russia","110 Ural-4320 tanker","destroyed","https://i.postimg.cc/hvXhnYvc/1135-Ural-4320-tanker.jpg","2022-09-29",257,4671,1,"7-25746711","09/29/2022"
"5109","Russia","Russia","110 Ural-4320 tanker","destroyed","https://i.postimg.cc/6pfWkKcC/1131-Ural-4320-tanker.jpg","2022-09-29",257,4672,1,"7-25746721","09/29/2022"
"5110","Russia","Russia","110 Ural-4320 tanker","destroyed","https://i.postimg.cc/fTJN6nWt/2022-09-21-Ural-4320-tanker-1.jpg","2022-09-29",257,4673,1,"7-25746731","09/29/2022"
"5111","Russia","Russia","110 Ural-4320 tanker","destroyed","https://i.postimg.cc/k4JrsLh5/2022-09-21-Ural-4320-tanker-2.jpg","2022-09-29",257,4674,1,"7-25746741","09/29/2022"
"5112","Russia","Russia","110 Ural-4320 tanker","destroyed","https://i.postimg.cc/2SgRSPn5/2022-09-20-Ural-4320-tanker-2.jpg","2022-09-29",257,4675,1,"7-25746751","09/29/2022"
"5113","Russia","Russia","110 Ural-4320 tanker","destroyed","https://i.postimg.cc/T3rrGNSM/2022-09-22-Ural-4320-tanker.jpg","2022-09-29",257,4676,1,"7-25746761","09/29/2022"
"5114","Russia","Russia","110 Ural-4320 tanker","destroyed","https://i.postimg.cc/hvkdRV1t/2022-09-22-Kam-AZ-x2-Ural-4320-tanker.jpg","2022-09-29",257,4677,1,"7-25746771","09/29/2022"
"5115","Russia","Russia","110 Ural-4320 tanker","destroyed","https://i.postimg.cc/pTSh61mZ/ural.png","2022-09-29",257,4678,1,"7-25746781","09/29/2022"
"5116","Russia","Russia","110 Ural-4320 tanker","destroyed","https://i.postimg.cc/bJ6hf5Tn/2022-09-26-Ural-4320-tanker.jpg","2022-09-29",257,4679,1,"7-25746791","09/29/2022"
"5117","Russia","Russia","110 Ural-4320 tanker","destroyed","https://i.postimg.cc/PrrYkfmb/1008-ural-tanker.jpg","2022-09-29",257,4680,1,"7-25746801","09/29/2022"
"5118","Russia","Russia","110 Ural-4320 tanker","destroyed","https://i.postimg.cc/MKrgGMQx/3.png","2022-09-29",257,4500,1,"7-25745001","09/29/2022"
"5119","Russia","Russia","110 Ural-4320 tanker","destroyed","https://i.postimg.cc/BQqmmX1g/1031-ural-tanker.jpg","2022-09-29",257,4681,1,"7-25746811","09/29/2022"
"5120","Russia","Russia","110 Ural-4320 tanker","abandoned","https://i.postimg.cc/vTzf9VLH/f2.png","2022-09-29",257,4682,2,"7-25746822","09/29/2022"
"5121","Russia","Russia","110 Ural-4320 tanker","abandoned","https://i.postimg.cc/3xMyy4yj/1013.jpg","2022-09-29",257,4683,2,"7-25746832","09/29/2022"
"5122","Russia","Russia","110 Ural-4320 tanker","captured","https://i.postimg.cc/Zn9NFrj5/q6.jpg","2022-09-29",257,4684,3,"7-25746843","09/29/2022"
"5123","Russia","Russia","110 Ural-4320 tanker","captured","https://i.postimg.cc/269vZHQt/q7.png","2022-09-29",257,4685,3,"7-25746853","09/29/2022"
"5124","Russia","Russia","110 Ural-4320 tanker","captured","https://i.postimg.cc/RhjHPNbQ/q8.png","2022-09-29",257,4686,3,"7-25746863","09/29/2022"
"5125","Russia","Russia","110 Ural-4320 tanker","captured","https://i.postimg.cc/Tw1hHZ5d/77h.png","2022-09-29",257,4687,3,"7-25746873","09/29/2022"
"5126","Russia","Russia","110 Ural-4320 tanker","captured","https://i.postimg.cc/3wkmWdwx/6522.png","2022-09-29",257,4688,3,"7-25746883","09/29/2022"
"5127","Russia","Russia","110 Ural-4320 tanker","captured","https://i.postimg.cc/RZ337kgr/p2.png","2022-09-29",257,4689,3,"7-25746893","09/29/2022"
"5128","Russia","Russia","110 Ural-4320 tanker","captured","https://i.postimg.cc/rmH8hcT2/y2.jpg","2022-09-29",257,4690,3,"7-25746903","09/29/2022"
"5129","Russia","Russia","110 Ural-4320 tanker","captured","https://i.postimg.cc/sfcQf9Xq/2d3.png","2022-09-29",257,4691,3,"7-25746913","09/29/2022"
"5130","Russia","Russia","110 Ural-4320 tanker","captured","https://i.postimg.cc/bJ99Y3Cc/g3.png","2022-09-29",257,4692,3,"7-25746923","09/29/2022"
"5131","Russia","Russia","110 Ural-4320 tanker","captured","https://i.postimg.cc/sxbfgd1x/690.png","2022-09-29",257,4693,3,"7-25746933","09/29/2022"
"5132","Russia","Russia","110 Ural-4320 tanker","captured","https://i.postimg.cc/268TQ1jg/51.png","2022-09-29",257,4694,3,"7-25746943","09/29/2022"
"5133","Russia","Russia","110 Ural-4320 tanker","captured","https://i.postimg.cc/dtPW0zsX/31.png","2022-09-29",257,4695,3,"7-25746953","09/29/2022"
"5134","Russia","Russia","110 Ural-4320 tanker","captured","https://i.postimg.cc/ydFtRxsy/d1.png","2022-09-29",257,4696,3,"7-25746963","09/29/2022"
"5135","Russia","Russia","110 Ural-4320 tanker","captured","https://i.postimg.cc/jdLY52gL/83.jpg","2022-09-29",257,1288,3,"7-25712883","09/29/2022"
"5136","Russia","Russia","110 Ural-4320 tanker","captured","https://i.postimg.cc/xCDjT7J8/c13.jpg","2022-09-29",257,4697,3,"7-25746973","09/29/2022"
"5137","Russia","Russia","110 Ural-4320 tanker","captured","https://i.postimg.cc/hvqznQ0z/urallll4320.png","2022-09-29",257,4698,3,"7-25746983","09/29/2022"
"5138","Russia","Russia","110 Ural-4320 tanker","captured","https://i.postimg.cc/tJgS3W4d/8.png","2022-09-29",257,3434,3,"7-25734343","09/29/2022"
"5139","Russia","Russia","110 Ural-4320 tanker","captured","https://i.postimg.cc/q7XLjZd4/546.jpg","2022-09-29",257,4699,3,"7-25746993","09/29/2022"
"5140","Russia","Russia","110 Ural-4320 tanker","captured","https://i.postimg.cc/76TRn240/47.png","2022-09-29",257,4700,3,"7-25747003","09/29/2022"
"5141","Russia","Russia","110 Ural-4320 tanker","captured","https://i.postimg.cc/25B4FSsj/d8.jpg","2022-09-29",257,4701,3,"7-25747013","09/29/2022"
"5142","Russia","Russia","110 Ural-4320 tanker","captured","https://i.postimg.cc/kXSVs9jv/59.png","2022-09-29",257,4702,3,"7-25747023","09/29/2022"
"5143","Russia","Russia","110 Ural-4320 tanker","captured","https://i.postimg.cc/XYVqPMqy/588.png","2022-09-29",257,4703,3,"7-25747033","09/29/2022"
"5144","Russia","Russia","110 Ural-4320 tanker","captured","https://i.postimg.cc/wB5xXD9C/4fg.png","2022-09-29",257,4704,3,"7-25747043","09/29/2022"
"5145","Russia","Russia","110 Ural-4320 tanker","captured","https://i.postimg.cc/RFwtWx8G/Ural43200.png","2022-09-29",257,4705,3,"7-25747053","09/29/2022"
"5146","Russia","Russia","110 Ural-4320 tanker","captured","https://i.postimg.cc/fR5byVj2/k88.jpg","2022-09-29",257,4706,3,"7-25747063","09/29/2022"
"5147","Russia","Russia","110 Ural-4320 tanker","captured","https://i.postimg.cc/CxbjQs0Z/q1.png","2022-09-29",257,4707,3,"7-25747073","09/29/2022"
"5148","Russia","Russia","110 Ural-4320 tanker","captured","https://i.postimg.cc/cJZQyt1F/q3.jpg","2022-09-29",257,4708,3,"7-25747083","09/29/2022"
"5149","Russia","Russia","110 Ural-4320 tanker","captured","https://i.postimg.cc/Jn500txp/55799.png","2022-09-29",257,4709,3,"7-25747093","09/29/2022"
"5150","Russia","Russia","110 Ural-4320 tanker","captured","https://i.postimg.cc/R0RwMCN4/q4.jpg","2022-09-29",257,4710,3,"7-25747103","09/29/2022"
"5151","Russia","Russia","110 Ural-4320 tanker","captured","https://i.postimg.cc/7Pc0PWYG/q9.jpg","2022-09-29",257,4711,3,"7-25747113","09/29/2022"
"5152","Russia","Russia","110 Ural-4320 tanker","captured","https://i.postimg.cc/nzhBM8D7/q5.jpg","2022-09-29",257,4712,3,"7-25747123","09/29/2022"
"5153","Russia","Russia","110 Ural-4320 tanker","captured","https://i.postimg.cc/cLhWDm1m/1133-Ural-4320-tanker.jpg","2022-09-29",257,4713,3,"7-25747133","09/29/2022"
"5154","Russia","Russia","110 Ural-4320 tanker","captured","https://i.postimg.cc/7ZwDMc4h/1134-Ural-4320-tanker.jpg","2022-09-29",257,4714,3,"7-25747143","09/29/2022"
"5155","Russia","Russia","110 Ural-4320 tanker","captured","https://i.postimg.cc/6545h9sc/1017-ural-tanker.jpg","2022-09-29",257,4715,3,"7-25747153","09/29/2022"
"5156","Russia","Russia","110 Ural-4320 tanker","captured","https://i.postimg.cc/vTYhXx2d/2022-09-18-Ural-4320-tanker.png","2022-09-29",257,4716,3,"7-25747163","09/29/2022"
"5157","Russia","Russia","110 Ural-4320 tanker","captured","https://twitter.com/UAWeapons/status/1568341095591088130","2022-09-29",257,4717,3,"7-25747173","09/29/2022"
"5158","Russia","Russia","110 Ural-4320 tanker","captured","https://twitter.com/UAWeapons/status/1568985785176571913","2022-09-29",257,1304,3,"7-25713043","09/29/2022"
"5159","Russia","Russia","110 Ural-4320 tanker","captured","https://twitter.com/UAWeapons/status/1569043961771163652","2022-09-29",257,3169,3,"7-25731693","09/29/2022"
"5160","Russia","Russia","110 Ural-4320 tanker","captured","https://twitter.com/UAWeapons/status/1569035760333897728","2022-09-29",257,4718,3,"7-25747183","09/29/2022"
"5161","Russia","Russia","110 Ural-4320 tanker","captured","https://twitter.com/UAWeapons/status/1569229459240230914","2022-09-29",257,3877,3,"7-25738773","09/29/2022"
"5162","Russia","Russia","110 Ural-4320 tanker","captured","https://i.postimg.cc/Z50SMBmC/5529.png","2022-09-29",257,4719,3,"7-25747193","09/29/2022"
"5163","Russia","Russia","110 Ural-4320 tanker","captured","https://i.postimg.cc/sxKjhZfr/1002-ural-tanker.jpg","2022-09-29",257,4720,3,"7-25747203","09/29/2022"
"5164","Russia","Russia","110 Ural-4320 tanker","captured","https://i.postimg.cc/cCnXz52N/2022-09-14-Ural-4320-tanker.png","2022-09-29",257,4721,3,"7-25747213","09/29/2022"
"5165","Russia","Russia","110 Ural-4320 tanker","captured","https://i.postimg.cc/gjkfNzCS/2022-09-16-Ural-4320-tanker.jpg","2022-09-29",257,4722,3,"7-25747223","09/29/2022"
"5166","Russia","Russia","110 Ural-4320 tanker","captured","https://i.postimg.cc/qMK1XyFF/1004-bmp2-ural-tanker-kamaz6x6.png","2022-09-29",257,4723,3,"7-25747233","09/29/2022"
"5167","Russia","Russia","110 Ural-4320 tanker","captured","https://i.postimg.cc/KzqbJCM2/1009-ural-tanker.jpg","2022-09-29",257,4724,3,"7-25747243","09/29/2022"
"5168","Russia","Russia","110 Ural-4320 tanker","captured","https://i.postimg.cc/C1tW2cRL/1001-ural-tanker.jpg","2022-09-29",257,4725,3,"7-25747253","09/29/2022"
"5169","Russia","Russia","110 Ural-4320 tanker","captured","https://i.postimg.cc/nrM4vRvh/1007-ural-tanker-capt.jpg","2022-09-29",257,4726,3,"7-25747263","09/29/2022"
"5170","Russia","Russia","6 Ural Avtozaks","destroyed","https://i.postimg.cc/1RJHS7Ck/4320ural.png","2022-09-29",258,4727,1,"7-25847271","09/29/2022"
"5171","Russia","Russia","6 Ural Avtozaks","destroyed","https://i.postimg.cc/Y0nfxjLr/uural4320001.jpg","2022-09-29",258,4728,1,"7-25847281","09/29/2022"
"5172","Russia","Russia","6 Ural Avtozaks","destroyed","https://i.postimg.cc/G2bNNBz1/1145-Ural-Avtozaks.jpg","2022-09-29",258,4729,1,"7-25847291","09/29/2022"
"5173","Russia","Russia","6 Ural Avtozaks","destroyed","https://i.postimg.cc/0ySTF1GP/1147-Ural-Avtozaks.jpg","2022-09-29",258,4730,1,"7-25847301","09/29/2022"
"5174","Russia","Russia","6 Ural Avtozaks","destroyed","https://i.postimg.cc/kXvznpZN/v7.png","2022-09-29",258,4731,1,"7-25847311","09/29/2022"
"5175","Russia","Russia","6 Ural Avtozaks","captured","https://i.postimg.cc/5N8S7H7h/1167-Ural-Avtozaks.jpg","2022-09-29",258,4732,3,"7-25847323","09/29/2022"
"5176","Russia","Russia","79 Ural-43206","destroyed","https://i.postimg.cc/9Q7VDLd8/ff4467.png","2022-09-29",259,4733,1,"7-25947331","09/29/2022"
"5177","Russia","Russia","79 Ural-43206","destroyed","https://i.postimg.cc/2STXdhYy/g5.png","2022-09-29",259,4734,1,"7-25947341","09/29/2022"
"5178","Russia","Russia","79 Ural-43206","destroyed","https://i.postimg.cc/J4zTrtZW/35.png","2022-09-29",259,4735,1,"7-25947351","09/29/2022"
"5179","Russia","Russia","79 Ural-43206","destroyed","https://i.postimg.cc/9XZZmmGc/47j.png","2022-09-29",259,4736,1,"7-25947361","09/29/2022"
"5180","Russia","Russia","79 Ural-43206","destroyed","https://i.postimg.cc/sxF4bvp5/86.jpg","2022-09-29",259,4737,1,"7-25947371","09/29/2022"
"5181","Russia","Russia","79 Ural-43206","destroyed","https://i.postimg.cc/nhx5YQnW/f4.png","2022-09-29",259,4738,1,"7-25947381","09/29/2022"
"5182","Russia","Russia","79 Ural-43206","destroyed","https://i.postimg.cc/667D9XHM/f5.png","2022-09-29",259,4739,1,"7-25947391","09/29/2022"
"5183","Russia","Russia","79 Ural-43206","destroyed","https://i.postimg.cc/C5Bc8jtt/3d.png","2022-09-29",259,3468,1,"7-25934681","09/29/2022"
"5184","Russia","Russia","79 Ural-43206","destroyed","https://i.postimg.cc/ZnLWCPrN/1d3.jpg","2022-09-29",259,4740,1,"7-25947401","09/29/2022"
"5185","Russia","Russia","79 Ural-43206","destroyed","https://i.postimg.cc/TPG0zN4V/431.jpg","2022-09-29",259,4741,1,"7-25947411","09/29/2022"
"5186","Russia","Russia","79 Ural-43206","destroyed","https://i.postimg.cc/wMkVNdC6/43h.png","2022-09-29",259,4742,1,"7-25947421","09/29/2022"
"5187","Russia","Russia","79 Ural-43206","destroyed","https://i.postimg.cc/MKpTsssK/6900.png","2022-09-29",259,4743,1,"7-25947431","09/29/2022"
"5188","Russia","Russia","79 Ural-43206","destroyed","https://i.postimg.cc/C5BJtX03/776.jpg","2022-09-29",259,4744,1,"7-25947441","09/29/2022"
"5189","Russia","Russia","79 Ural-43206","destroyed","https://i.postimg.cc/0N1gX3SH/7688.jpg","2022-09-29",259,4745,1,"7-25947451","09/29/2022"
"5190","Russia","Russia","79 Ural-43206","destroyed","https://i.postimg.cc/9FWs28PT/652.png","2022-09-29",259,4746,1,"7-25947461","09/29/2022"
"5191","Russia","Russia","79 Ural-43206","destroyed","https://i.postimg.cc/Cx5598Py/1017.jpg","2022-09-29",259,4747,1,"7-25947471","09/29/2022"
"5192","Russia","Russia","79 Ural-43206","destroyed","https://i.postimg.cc/GmftRpV4/1018.jpg","2022-09-29",259,4748,1,"7-25947481","09/29/2022"
"5193","Russia","Russia","79 Ural-43206","destroyed","https://i.postimg.cc/wx2WTfj1/57.jpg","2022-09-29",259,4749,1,"7-25947491","09/29/2022"
"5194","Russia","Russia","79 Ural-43206","destroyed","https://i.postimg.cc/Y0sYWVTj/uuu.png","2022-09-29",259,4750,1,"7-25947501","09/29/2022"
"5195","Russia","Russia","79 Ural-43206","destroyed","https://i.postimg.cc/wBsvjpY0/1019.jpg","2022-09-29",259,4751,1,"7-25947511","09/29/2022"
"5196","Russia","Russia","79 Ural-43206","destroyed","https://i.postimg.cc/rzXW4sdz/u6.jpg","2022-09-29",259,4752,1,"7-25947521","09/29/2022"
"5197","Russia","Russia","79 Ural-43206","destroyed","https://postimg.cc/F14p4DVP","2022-09-29",259,4753,1,"7-25947531","09/29/2022"
"5198","Russia","Russia","79 Ural-43206","destroyed","https://i.postimg.cc/28w7dJ9k/1003.jpg","2022-09-29",259,4754,1,"7-25947541","09/29/2022"
"5199","Russia","Russia","79 Ural-43206","destroyed","https://i.postimg.cc/NGkNyL0N/1020-ural43206.jpg","2022-09-29",259,4755,1,"7-25947551","09/29/2022"
"5200","Russia","Russia","79 Ural-43206","destroyed","https://i.postimg.cc/9XNzFcG2/1136-Ural-43206.jpg","2022-09-29",259,4756,1,"7-25947561","09/29/2022"
"5201","Russia","Russia","79 Ural-43206","destroyed","https://i.postimg.cc/x87dsP08/1137-Ural-43206.jpg","2022-09-29",259,4757,1,"7-25947571","09/29/2022"
"5202","Russia","Russia","79 Ural-43206","destroyed","https://i.postimg.cc/WbFzdxnk/1138-Ural-43206.jpg","2022-09-29",259,4758,1,"7-25947581","09/29/2022"
"5203","Russia","Russia","79 Ural-43206","destroyed","https://i.postimg.cc/jSfDFBnb/1139-Ural-43206.jpg","2022-09-29",259,4759,1,"7-25947591","09/29/2022"
"5204","Russia","Russia","79 Ural-43206","destroyed","https://i.postimg.cc/d0KhPnGT/1140-Ural-43206.jpg","2022-09-29",259,4760,1,"7-25947601","09/29/2022"
"5205","Russia","Russia","79 Ural-43206","destroyed","https://i.postimg.cc/3NWRCqQz/1143-Ural-43206-2x.jpg","2022-09-29",259,4761,1,"7-25947611","09/29/2022"
"5206","Russia","Russia","79 Ural-43206","destroyed","https://i.postimg.cc/W35zZvCM/1144-Ural-43206.jpg","2022-09-29",259,4762,1,"7-25947621","09/29/2022"
"5207","Russia","Russia","79 Ural-43206","destroyed","https://i.postimg.cc/bw6hK2Vh/1001.jpg","2022-09-29",259,4763,1,"7-25947631","09/29/2022"
"5208","Russia","Russia","79 Ural-43206","destroyed","https://twitter.com/UAWeapons/status/1565383263954378752","2022-09-29",259,3477,1,"7-25934771","09/29/2022"
"5209","Russia","Russia","79 Ural-43206","destroyed","https://i.postimg.cc/1Xvr3VY9/1032-ural43206.jpg","2022-09-29",259,4764,1,"7-25947641","09/29/2022"
"5210","Russia","Russia","79 Ural-43206","destroyed","https://i.postimg.cc/DyLffHJD/1002-ural43206.jpg","2022-09-29",259,4765,1,"7-25947651","09/29/2022"
"5211","Russia","Russia","79 Ural-43206","destroyed","https://i.postimg.cc/wTFHxTSw/2022-09-13-Ural-43206-1.jpg","2022-09-29",259,4766,1,"7-25947661","09/29/2022"
"5212","Russia","Russia","79 Ural-43206","destroyed","https://i.postimg.cc/TPFPcY0R/2022-09-19-Ural-43206.jpg","2022-09-29",259,4767,1,"7-25947671","09/29/2022"
"5213","Russia","Russia","79 Ural-43206","destroyed","https://i.postimg.cc/k4gLXjbV/468.png","2022-09-29",259,4352,1,"7-25943521","09/29/2022"
"5214","Russia","Russia","79 Ural-43206","destroyed","https://twitter.com/Blue_Sauron/status/1574692057100288000","2022-09-29",259,4768,1,"7-25947681","09/29/2022"
"5215","Russia","Russia","79 Ural-43206","destroyed","https://i.postimg.cc/brT7839W/1003-ural-43206.jpg","2022-09-29",259,4769,1,"7-25947691","09/29/2022"
"5216","Russia","Russia","79 Ural-43206","destroyed","https://i.postimg.cc/8kfvzjxt/1008-ural4320-2x.jpg","2022-09-29",259,4496,1,"7-25944961","09/29/2022"
"5217","Russia","Russia","79 Ural-43206","destroyed","https://i.postimg.cc/FHZGNpn5/b1.jpg","2022-09-29",259,4770,1,"7-25947701","09/29/2022"
"5218","Russia","Russia","79 Ural-43206","damaged","https://i.postimg.cc/L5TLJxZ8/5788.jpg","2022-09-29",259,4771,4,"7-25947714","09/29/2022"
"5219","Russia","Russia","79 Ural-43206","abandoned","https://i.postimg.cc/L5TLJxZ8/5788.jpg","2022-09-29",259,4771,2,"7-25947712","09/29/2022"
"5220","Russia","Russia","79 Ural-43206","damaged","https://i.postimg.cc/R0QNMfTp/1141-Ural-43206-abandoned-and-damaged.jpg","2022-09-29",259,4772,4,"7-25947724","09/29/2022"
"5221","Russia","Russia","79 Ural-43206","abandoned","https://i.postimg.cc/R0QNMfTp/1141-Ural-43206-abandoned-and-damaged.jpg","2022-09-29",259,4772,2,"7-25947722","09/29/2022"
"5222","Russia","Russia","79 Ural-43206","damaged","https://i.postimg.cc/9F3SwNRP/1007-ural43206.jpg","2022-09-29",259,4773,4,"7-25947734","09/29/2022"
"5223","Russia","Russia","79 Ural-43206","captured","https://i.postimg.cc/9F3SwNRP/1007-ural43206.jpg","2022-09-29",259,4773,3,"7-25947733","09/29/2022"
"5224","Russia","Russia","79 Ural-43206","captured","https://i.postimg.cc/D0q051ZQ/g788.png","2022-09-29",259,4774,3,"7-25947743","09/29/2022"
"5225","Russia","Russia","79 Ural-43206","captured","https://i.postimg.cc/vm6DrVLL/h79.jpg","2022-09-29",259,4775,3,"7-25947753","09/29/2022"
"5226","Russia","Russia","79 Ural-43206","captured","https://i.postimg.cc/LsWQyqd4/g59.png","2022-09-29",259,4776,3,"7-25947763","09/29/2022"
"5227","Russia","Russia","79 Ural-43206","captured","https://i.postimg.cc/9M7vtJW2/e12.png","2022-09-29",259,4777,3,"7-25947773","09/29/2022"
"5228","Russia","Russia","79 Ural-43206","captured","https://i.postimg.cc/jdJ9qN6J/f4.png","2022-09-29",259,4778,3,"7-25947783","09/29/2022"
"5229","Russia","Russia","79 Ural-43206","captured","https://i.postimg.cc/52Wv0qgD/43fhj.png","2022-09-29",259,4779,3,"7-25947793","09/29/2022"
"5230","Russia","Russia","79 Ural-43206","captured","https://i.postimg.cc/yxcnKznt/d32.png","2022-09-29",259,4780,3,"7-25947803","09/29/2022"
"5231","Russia","Russia","79 Ural-43206","captured","https://i.postimg.cc/90LzwR41/68.jpg","2022-09-29",259,4781,3,"7-25947813","09/29/2022"
"5232","Russia","Russia","79 Ural-43206","captured","https://i.postimg.cc/vTfzhY3Y/u7.jpg","2022-09-29",259,4782,3,"7-25947823","09/29/2022"
"5233","Russia","Russia","79 Ural-43206","captured","https://i.postimg.cc/g0MJ0bQM/q.jpg","2022-09-29",259,4783,3,"7-25947833","09/29/2022"
"5234","Russia","Russia","79 Ural-43206","captured","https://i.postimg.cc/x8R5wFRn/44444.jpg","2022-09-29",259,4660,3,"7-25946603","09/29/2022"
"5235","Russia","Russia","79 Ural-43206","captured","https://i.postimg.cc/yYj8Bk3k/1022-Ural-43206.png","2022-09-29",259,4784,3,"7-25947843","09/29/2022"
"5236","Russia","Russia","79 Ural-43206","abandoned","https://i.postimg.cc/k4x56Cb5/Screenshot-8409.png","2022-09-29",259,4785,2,"7-25947852","09/29/2022"
"5237","Russia","Russia","79 Ural-43206","captured","https://i.postimg.cc/ZKHxv1VF/d12.png","2022-09-29",259,4786,3,"7-25947863","09/29/2022"
"5238","Russia","Russia","79 Ural-43206","captured","https://i.postimg.cc/pdjsnMg9/c1.png","2022-09-29",259,4787,3,"7-25947873","09/29/2022"
"5239","Russia","Russia","79 Ural-43206","captured","https://i.postimg.cc/pTWyyTGW/1142-Ural-43206-captured.jpg","2022-09-29",259,4788,3,"7-25947883","09/29/2022"
"5240","Russia","Russia","79 Ural-43206","captured","https://i.postimg.cc/1tZJGYQv/c2.png","2022-09-29",259,4789,3,"7-25947893","09/29/2022"
"5241","Russia","Russia","79 Ural-43206","captured","https://i.postimg.cc/MKxHdbD5/1007-ural-43206.jpg","2022-09-29",259,4790,3,"7-25947903","09/29/2022"
"5242","Russia","Russia","79 Ural-43206","captured","https://i.postimg.cc/4xTDmwy5/Screenshot-8474.png","2022-09-29",259,4791,3,"7-25947913","09/29/2022"
"5243","Russia","Russia","79 Ural-43206","captured","https://i.postimg.cc/V6TWTXc8/1165-Ural-43206.jpg","2022-09-29",259,4792,3,"7-25947923","09/29/2022"
"5244","Russia","Russia","79 Ural-43206","captured","https://i.postimg.cc/htbzRKg3/1166-Ural-43206.jpg","2022-09-29",259,4793,3,"7-25947933","09/29/2022"
"5245","Russia","Russia","79 Ural-43206","captured","https://twitter.com/UAWeapons/status/1568641127577751553","2022-09-29",259,4615,3,"7-25946153","09/29/2022"
"5246","Russia","Russia","79 Ural-43206","captured","https://i.postimg.cc/Bvr4Dqdt/j46.png","2022-09-29",259,4794,3,"7-25947943","09/29/2022"
"5247","Russia","Russia","79 Ural-43206","captured","https://i.postimg.cc/TPkx2pw3/2022-09-15-Ural-43206.png","2022-09-29",259,4795,3,"7-25947953","09/29/2022"
"5248","Russia","Russia","79 Ural-43206","captured","https://i.postimg.cc/WzByPxtK/1010-ural4320.jpg","2022-09-29",259,4796,3,"7-25947963","09/29/2022"
"5249","Russia","Russia","79 Ural-43206","captured","https://i.postimg.cc/HxQDqpw4/2022-09-13-Ural-43206-2.jpg","2022-09-29",259,4797,3,"7-25947973","09/29/2022"
"5250","Russia","Russia","20 Ural Federal","destroyed","https://postimg.cc/YvcvvC98","2022-09-29",260,4798,1,"7-26047981","09/29/2022"
"5251","Russia","Russia","20 Ural Federal","destroyed","https://i.postimg.cc/R0338kTX/b90.png","2022-09-29",260,4799,1,"7-26047991","09/29/2022"
"5252","Russia","Russia","20 Ural Federal","destroyed","https://i.postimg.cc/3JGxN84G/58.png","2022-09-29",260,4800,1,"7-26048001","09/29/2022"
"5253","Russia","Russia","20 Ural Federal","destroyed","https://i.postimg.cc/RVDSn5T2/f1f.png","2022-09-29",260,4801,1,"7-26048011","09/29/2022"
"5254","Russia","Russia","20 Ural Federal","destroyed","https://i.postimg.cc/j57VDGnk/at2.jpg","2022-09-29",260,4802,1,"7-26048021","09/29/2022"
"5255","Russia","Russia","20 Ural Federal","destroyed","https://i.postimg.cc/XJ6nn7Vp/52.jpg","2022-09-29",260,4803,1,"7-26048031","09/29/2022"
"5256","Russia","Russia","20 Ural Federal","destroyed","https://i.postimg.cc/8PWNKXPH/1001-ural-federal.jpg","2022-09-29",260,4804,1,"7-26048041","09/29/2022"
"5257","Russia","Russia","20 Ural Federal","destroyed","https://postimg.cc/YvjdC8vQ","2022-09-29",260,4805,1,"7-26048051","09/29/2022"
"5258","Russia","Russia","20 Ural Federal","destroyed","https://i.postimg.cc/QdLD721D/1005-Ural-Federal.jpg","2022-09-29",260,4806,1,"7-26048061","09/29/2022"
"5259","Russia","Russia","20 Ural Federal","destroyed","https://i.postimg.cc/15FDsp55/1008-Ural-Federal.jpg","2022-09-29",260,4807,1,"7-26048071","09/29/2022"
"5260","Russia","Russia","20 Ural Federal","destroyed","https://twitter.com/UAWeapons/status/1568344642105532418","2022-09-29",260,4808,1,"7-26048081","09/29/2022"
"5261","Russia","Russia","20 Ural Federal","destroyed","https://twitter.com/Danspiun/status/1575256768392957953","2022-09-29",260,4809,1,"7-26048091","09/29/2022"
"5262","Russia","Russia","20 Ural Federal","destroyed","https://i.postimg.cc/dQjm0znW/2022-09-15-Ural-Federal.jpg","2022-09-29",260,4513,1,"7-26045131","09/29/2022"
"5263","Russia","Russia","20 Ural Federal","abandoned","https://i.postimg.cc/JhwxKbT0/4454.jpg","2022-09-29",260,4810,2,"7-26048102","09/29/2022"
"5264","Russia","Russia","20 Ural Federal","captured","https://i.postimg.cc/kgyJBXRg/54.jpg","2022-09-29",260,4811,3,"7-26048113","09/29/2022"
"5265","Russia","Russia","20 Ural Federal","captured","https://i.postimg.cc/8zRv7PLY/68.jpg","2022-09-29",260,4812,3,"7-26048123","09/29/2022"
"5266","Russia","Russia","20 Ural Federal","captured","https://postimg.cc/4nNVGy79","2022-09-29",260,4813,3,"7-26048133","09/29/2022"
"5267","Russia","Russia","20 Ural Federal","captured","https://i.postimg.cc/dV3Dkbgw/b8.png","2022-09-29",260,4814,3,"7-26048143","09/29/2022"
"5268","Russia","Russia","Ural-5323","destroyed","https://postlmg.cc/FfjPwQsf","2022-09-29",261,4815,1,"7-26148151","09/29/2022"
"5269","Russia","Russia","Ural-5323","captured","https://i.postimg.cc/tJKfr2qn/Ural88.png","2022-09-29",261,4816,3,"7-26148163","09/29/2022"
"5270","Russia","Russia","Ural-5323","captured","https://i.postimg.cc/cL0TQby9/2vl-TLGn-jpg-medium.jpg","2022-09-29",261,4817,3,"7-26148173","09/29/2022"
"5271","Russia","Russia","9 Ural-63704-0010 Tornado-U","destroyed","https://twitter.com/UAWeapons/status/1557364322963263488","2022-09-29",262,4818,1,"7-26248181","09/29/2022"
"5272","Russia","Russia","9 Ural-63704-0010 Tornado-U","damaged","https://twitter.com/UAWeapons/status/1572671983057510400","2022-09-29",262,768,4,"7-2627684","09/29/2022"
"5273","Russia","Russia","9 Ural-63704-0010 Tornado-U","abandoned","https://i.postimg.cc/Y0JH8vN0/79.png","2022-09-29",262,4819,2,"7-26248192","09/29/2022"
"5274","Russia","Russia","9 Ural-63704-0010 Tornado-U","captured","https://i.postimg.cc/bYkDHVSd/f6.png","2022-09-29",262,4820,3,"7-26248203","09/29/2022"
"5275","Russia","Russia","9 Ural-63704-0010 Tornado-U","captured","https://i.postimg.cc/BQgLTBWY/665.jpg","2022-09-29",262,4821,3,"7-26248213","09/29/2022"
"5276","Russia","Russia","9 Ural-63704-0010 Tornado-U","captured","https://i.postimg.cc/7hYc1SBr/1003-tornado.jpg","2022-09-29",262,4822,3,"7-26248223","09/29/2022"
"5277","Russia","Russia","9 Ural-63704-0010 Tornado-U","damaged","https://twitter.com/UAWeapons/status/1568628787457433600","2022-09-29",262,4823,4,"7-26248234","09/29/2022"
"5278","Russia","Russia","9 Ural-63704-0010 Tornado-U","captured","https://twitter.com/UAWeapons/status/1568628787457433600","2022-09-29",262,4823,3,"7-26248233","09/29/2022"
"5279","Russia","Russia","9 Ural-63704-0010 Tornado-U","captured","https://i.postimg.cc/sfcY995s/1030-ural-tornado-u.jpg","2022-09-29",262,4824,3,"7-26248243","09/29/2022"
"5280","Russia","Russia","Ural-542301 tank transporter","abandoned","https://i.postimg.cc/63s3pqTS/Screenshot-8407.png","2022-09-29",263,4825,2,"7-26348252","09/29/2022"
"5281","Russia","Russia","Ural-542301 tank transporter","captured","https://postimg.cc/jLhDtfSK","2022-09-29",263,4826,3,"7-26348263","09/29/2022"
"5282","Russia","Soviet Union","MAZ TZ-500 tanker","destroyed","https://i.postimg.cc/CKjxBjNC/667.jpg","2022-09-29",264,4827,1,"7-26448271","09/29/2022"
"5283","Russia","Russia","15 KamAZ 4x4","destroyed","https://i.postimg.cc/rFmHxYZQ/h0.png","2022-09-29",265,4828,1,"7-26548281","09/29/2022"
"5284","Russia","Russia","15 KamAZ 4x4","destroyed","https://i.postimg.cc/k56F4gkW/3dg0.png","2022-09-29",265,3318,1,"7-26533181","09/29/2022"
"5285","Russia","Russia","15 KamAZ 4x4","destroyed","https://i.postimg.cc/Yq8XDRGx/f3.png","2022-09-29",265,4829,1,"7-26548291","09/29/2022"
"5286","Russia","Russia","15 KamAZ 4x4","destroyed","https://i.postimg.cc/x1qHL8zR/1035.jpg","2022-09-29",265,4830,1,"7-26548301","09/29/2022"
"5287","Russia","Russia","15 KamAZ 4x4","destroyed","https://i.postimg.cc/GpyySfzT/1036.jpg","2022-09-29",265,4831,1,"7-26548311","09/29/2022"
"5288","Russia","Russia","15 KamAZ 4x4","destroyed","https://i.postimg.cc/RZQSmz11/1051-Kam-AZ-4x4.jpg","2022-09-29",265,4832,1,"7-26548321","09/29/2022"
"5289","Russia","Russia","15 KamAZ 4x4","destroyed","https://i.postimg.cc/jdXvWNHK/2022-09-15-Kam-AZ-4x4.png","2022-09-29",265,4833,1,"7-26548331","09/29/2022"
"5290","Russia","Russia","15 KamAZ 4x4","destroyed","https://i.postimg.cc/Bnnp26pF/2022-09-15-Kam-AZ-Bridge.png","2022-09-29",265,3354,1,"7-26533541","09/29/2022"
"5291","Russia","Russia","15 KamAZ 4x4","abandoned","https://i.postimg.cc/65M1yk1T/4245.png","2022-09-29",265,4834,2,"7-26548342","09/29/2022"
"5292","Russia","Russia","15 KamAZ 4x4","captured","https://i.postimg.cc/15s6XY76/Screenshot-9011.png","2022-09-29",265,4835,3,"7-26548353","09/29/2022"
"5293","Russia","Russia","15 KamAZ 4x4","captured","https://i.postimg.cc/J7ZPd0Bh/478.png","2022-09-29",265,4836,3,"7-26548363","09/29/2022"
"5294","Russia","Russia","15 KamAZ 4x4","captured","https://i.postimg.cc/Bvh7ygDj/kamazzz.png","2022-09-29",265,4837,3,"7-26548373","09/29/2022"
"5295","Russia","Russia","15 KamAZ 4x4","captured","https://twitter.com/UAWeapons/status/1569229421495701507","2022-09-29",265,2140,3,"7-26521403","09/29/2022"
"5296","Russia","Russia","15 KamAZ 4x4","captured","https://i.postimg.cc/j2WLp18c/1005-kamaz6x6.jpg","2022-09-29",265,4838,3,"7-26548383","09/29/2022"
"5297","Russia","Russia","15 KamAZ 4x4","captured","https://i.postimg.cc/brtKf1n0/1006-kamaz4x4.jpg","2022-09-29",265,4839,3,"7-26548393","09/29/2022"
"5298","Russia","Russia","454 KamAZ 6x6","destroyed","https://i.postimg.cc/TwqThWRp/8875.png","2022-09-29",266,4840,1,"7-26648401","09/29/2022"
"5299","Russia","Russia","454 KamAZ 6x6","destroyed","https://postimg.cc/G9KswLMf","2022-09-29",266,4841,1,"7-26648411","09/29/2022"
"5300","Russia","Russia","454 KamAZ 6x6","destroyed","https://i.postimg.cc/CxhFS76S/1103-kamaz-2x.jpg","2022-09-29",266,4486,1,"7-26644861","09/29/2022"
"5301","Russia","Russia","454 KamAZ 6x6","destroyed","https://i.postimg.cc/26rzdvFN/m8.png","2022-09-29",266,4842,1,"7-26648421","09/29/2022"
"5302","Russia","Russia","454 KamAZ 6x6","destroyed","https://i.postimg.cc/K8dLcdtV/h0.png","2022-09-29",266,4843,1,"7-26648431","09/29/2022"
"5303","Russia","Russia","454 KamAZ 6x6","destroyed","https://i.postimg.cc/VvQXkvCs/1000.jpg","2022-09-29",266,4844,1,"7-26648441","09/29/2022"
"5304","Russia","Russia","454 KamAZ 6x6","destroyed","https://i.postimg.cc/RCKcb7kW/1002.jpg","2022-09-29",266,4845,1,"7-26648451","09/29/2022"
"5305","Russia","Russia","454 KamAZ 6x6","destroyed","https://i.postimg.cc/MpmpyDDG/Screenshot-8209.png","2022-09-29",266,4846,1,"7-26648461","09/29/2022"
"5306","Russia","Russia","454 KamAZ 6x6","destroyed","https://i.postimg.cc/jj8q1SB0/Screenshot-8210.png","2022-09-29",266,4847,1,"7-26648471","09/29/2022"
"5307","Russia","Russia","454 KamAZ 6x6","destroyed","https://i.postimg.cc/nzgFHwH3/Screenshot-8211.png","2022-09-29",266,4848,1,"7-26648481","09/29/2022"
"5308","Russia","Russia","454 KamAZ 6x6","destroyed","https://postimg.cc/PvG7gwYj","2022-09-29",266,4849,1,"7-26648491","09/29/2022"
"5309","Russia","Russia","454 KamAZ 6x6","destroyed","https://i.postimg.cc/dQmFbzNj/6888.png","2022-09-29",266,4850,1,"7-26648501","09/29/2022"
"5310","Russia","Russia","454 KamAZ 6x6","destroyed","https://i.postimg.cc/zfp7Rm55/Screenshot-8276.png","2022-09-29",266,4851,1,"7-26648511","09/29/2022"
"5311","Russia","Russia","454 KamAZ 6x6","destroyed","https://i.postimg.cc/nrMnttVL/7k.png","2022-09-29",266,4852,1,"7-26648521","09/29/2022"
"5312","Russia","Russia","454 KamAZ 6x6","destroyed","https://i.postimg.cc/gkPg5HgC/Screenshot-8289.png","2022-09-29",266,4290,1,"7-26642901","09/29/2022"
"5313","Russia","Russia","454 KamAZ 6x6","destroyed","https://postimg.cc/5QNwkNv8","2022-09-29",266,4853,1,"7-26648531","09/29/2022"
"5314","Russia","Russia","454 KamAZ 6x6","destroyed","https://i.postimg.cc/fbWjcG2p/1131-kamaz-3x.jpg","2022-09-29",266,4854,1,"7-26648541","09/29/2022"
"5315","Russia","Russia","454 KamAZ 6x6","destroyed","https://i.postimg.cc/hPqDmdpD/554.png","2022-09-29",266,4855,1,"7-26648551","09/29/2022"
"5316","Russia","Russia","454 KamAZ 6x6","destroyed","https://i.postimg.cc/3RKjWRVn/6657.png","2022-09-29",266,3912,1,"7-26639121","09/29/2022"
"5317","Russia","Russia","454 KamAZ 6x6","destroyed","https://i.postimg.cc/dVZtMRWY/4456.png","2022-09-29",266,4856,1,"7-26648561","09/29/2022"
"5318","Russia","Russia","454 KamAZ 6x6","destroyed","https://i.postimg.cc/1ttjTBH0/4455.png","2022-09-29",266,4857,1,"7-26648571","09/29/2022"
"5319","Russia","Russia","454 KamAZ 6x6","destroyed","https://i.postimg.cc/6Q0p7yrb/b7.jpg","2022-09-29",266,4858,1,"7-26648581","09/29/2022"
"5320","Russia","Russia","454 KamAZ 6x6","destroyed","https://i.postimg.cc/5Nr1Q5n6/35.jpg","2022-09-29",266,4859,1,"7-26648591","09/29/2022"
"5321","Russia","Russia","454 KamAZ 6x6","destroyed","https://i.postimg.cc/qMD6Br5C/1044.jpg","2022-09-29",266,4860,1,"7-26648601","09/29/2022"
"5322","Russia","Russia","454 KamAZ 6x6","destroyed","https://i.postimg.cc/wTzhKtz0/1001.jpg","2022-09-29",266,4861,1,"7-26648611","09/29/2022"
"5323","Russia","Russia","454 KamAZ 6x6","destroyed","https://i.postimg.cc/BvPBrgh2/7u.png","2022-09-29",266,4862,1,"7-26648621","09/29/2022"
"5324","Russia","Russia","454 KamAZ 6x6","destroyed","https://i.postimg.cc/HxQ4xL1x/8u.png","2022-09-29",266,4863,1,"7-26648631","09/29/2022"
"5325","Russia","Russia","454 KamAZ 6x6","destroyed","https://i.postimg.cc/wBfFwpNT/6680.png","2022-09-29",266,4303,1,"7-26643031","09/29/2022"
"5326","Russia","Russia","454 KamAZ 6x6","destroyed","https://i.postimg.cc/zfSdmcc4/b00.jpg","2022-09-29",266,4864,1,"7-26648641","09/29/2022"
"5327","Russia","Russia","454 KamAZ 6x6","destroyed","https://i.postimg.cc/xC6t8bYR/b0.jpg","2022-09-29",266,4865,1,"7-26648651","09/29/2022"
"5328","Russia","Russia","454 KamAZ 6x6","destroyed","https://i.postimg.cc/WbyCJF97/g32.jpg","2022-09-29",266,4866,1,"7-26648661","09/29/2022"
"5329","Russia","Russia","454 KamAZ 6x6","destroyed","https://i.postimg.cc/RVN3Sy6D/4g.png","2022-09-29",266,4867,1,"7-26648671","09/29/2022"
"5330","Russia","Russia","454 KamAZ 6x6","destroyed","https://i.postimg.cc/XY1rcwrp/78.png","2022-09-29",266,4868,1,"7-26648681","09/29/2022"
"5331","Russia","Russia","454 KamAZ 6x6","destroyed","https://i.postimg.cc/SRc0ZRwz/a3.png","2022-09-29",266,4869,1,"7-26648691","09/29/2022"
"5332","Russia","Russia","454 KamAZ 6x6","destroyed","https://i.postimg.cc/rs5XkdbM/dd2.png","2022-09-29",266,4870,1,"7-26648701","09/29/2022"
"5333","Russia","Russia","454 KamAZ 6x6","destroyed","https://i.postimg.cc/W13WmFnz/d1s.png","2022-09-29",266,4871,1,"7-26648711","09/29/2022"
"5334","Russia","Russia","454 KamAZ 6x6","destroyed","https://i.postimg.cc/wvpMrTzN/ug4.png","2022-09-29",266,4872,1,"7-26648721","09/29/2022"
"5335","Russia","Russia","454 KamAZ 6x6","destroyed","https://i.postimg.cc/3NLwWXvj/ug3.png","2022-09-29",266,4873,1,"7-26648731","09/29/2022"
"5336","Russia","Russia","454 KamAZ 6x6","destroyed","https://i.postimg.cc/MTvNFYv4/235.png","2022-09-29",266,4874,1,"7-26648741","09/29/2022"
"5337","Russia","Russia","454 KamAZ 6x6","destroyed","https://i.postimg.cc/59mbsryH/kamaz1.jpg","2022-09-29",266,4875,1,"7-26648751","09/29/2022"
"5338","Russia","Russia","454 KamAZ 6x6","destroyed","https://i.postimg.cc/BnzBjwqS/554.png","2022-09-29",266,4876,1,"7-26648761","09/29/2022"
"5339","Russia","Russia","454 KamAZ 6x6","destroyed","https://i.postimg.cc/CKtyZSyN/43111.png","2022-09-29",266,4877,1,"7-26648771","09/29/2022"
"5340","Russia","Russia","454 KamAZ 6x6","destroyed","https://i.postimg.cc/Y9y2Pf6J/1052-Kam-AZ-6x6.jpg","2022-09-29",266,4878,1,"7-26648781","09/29/2022"
"5341","Russia","Russia","454 KamAZ 6x6","destroyed","https://i.postimg.cc/qqpLGvdP/1200.png","2022-09-29",266,4879,1,"7-26648791","09/29/2022"
"5342","Russia","Russia","454 KamAZ 6x6","destroyed","https://i.postimg.cc/8zVpxCvP/1053-Kam-AZ-6x6.jpg","2022-09-29",266,4880,1,"7-26648801","09/29/2022"
"5343","Russia","Russia","454 KamAZ 6x6","destroyed","https://i.postimg.cc/4NTY7Tss/43gdp.png","2022-09-29",266,4881,1,"7-26648811","09/29/2022"
"5344","Russia","Russia","454 KamAZ 6x6","destroyed","https://i.postimg.cc/FsXhTL90/f57.png","2022-09-29",266,4882,1,"7-26648821","09/29/2022"
"5345","Russia","Russia","454 KamAZ 6x6","destroyed","https://i.postimg.cc/3xPd6QPq/p0.jpg","2022-09-29",266,4883,1,"7-26648831","09/29/2022"
"5346","Russia","Russia","454 KamAZ 6x6","destroyed","https://i.postimg.cc/05bh56jh/447.png","2022-09-29",266,4884,1,"7-26648841","09/29/2022"
"5347","Russia","Russia","454 KamAZ 6x6","destroyed","https://i.postimg.cc/3rg5VvFm/g5.jpg","2022-09-29",266,4885,1,"7-26648851","09/29/2022"
"5348","Russia","Russia","454 KamAZ 6x6","destroyed","https://i.postimg.cc/kGN0b0gf/j4.png","2022-09-29",266,4886,1,"7-26648861","09/29/2022"
"5349","Russia","Russia","454 KamAZ 6x6","destroyed","https://i.postimg.cc/Hs9mcyJd/l6.png","2022-09-29",266,4887,1,"7-26648871","09/29/2022"
"5350","Russia","Russia","454 KamAZ 6x6","destroyed","https://i.postimg.cc/rwykSwWW/l5.png","2022-09-29",266,4888,1,"7-26648881","09/29/2022"
"5351","Russia","Russia","454 KamAZ 6x6","destroyed","https://i.postimg.cc/pX1zZS7d/d3.jpg","2022-09-29",266,4889,1,"7-26648891","09/29/2022"
"5352","Russia","Russia","454 KamAZ 6x6","destroyed","https://i.postimg.cc/sxTD3tSG/u5.jpg","2022-09-29",266,4890,1,"7-26648901","09/29/2022"
"5353","Russia","Russia","454 KamAZ 6x6","destroyed","https://i.postimg.cc/xCyC3R9P/7ip.png","2022-09-29",266,1139,1,"7-26611391","09/29/2022"
"5354","Russia","Russia","454 KamAZ 6x6","destroyed","https://i.postimg.cc/dVqzhjfY/v9.jpg","2022-09-29",266,4891,1,"7-26648911","09/29/2022"
"5355","Russia","Russia","454 KamAZ 6x6","destroyed","https://i.postimg.cc/MpfbQsnf/2f.jpg","2022-09-29",266,4892,1,"7-26648921","09/29/2022"
"5356","Russia","Russia","454 KamAZ 6x6","destroyed","https://i.postimg.cc/1zpGWfc9/3f.jpg","2022-09-29",266,4893,1,"7-26648931","09/29/2022"
"5357","Russia","Russia","454 KamAZ 6x6","destroyed","https://i.postimg.cc/ncCqydYS/g5.jpg","2022-09-29",266,4894,1,"7-26648941","09/29/2022"
"5358","Russia","Russia","454 KamAZ 6x6","destroyed","https://i.postimg.cc/QM7D7PNJ/1100.jpg","2022-09-29",266,4895,1,"7-26648951","09/29/2022"
"5359","Russia","Russia","454 KamAZ 6x6","destroyed","https://i.postimg.cc/NjR7pbw9/57.png","2022-09-29",266,4896,1,"7-26648961","09/29/2022"
"5360","Russia","Russia","454 KamAZ 6x6","destroyed","https://i.postimg.cc/6QwVSR9H/87.jpg","2022-09-29",266,4897,1,"7-26648971","09/29/2022"
"5361","Russia","Russia","454 KamAZ 6x6","destroyed","https://i.postimg.cc/GtBvYxQp/763.jpg","2022-09-29",266,4898,1,"7-26648981","09/29/2022"
"5362","Russia","Russia","454 KamAZ 6x6","destroyed","https://i.postimg.cc/1RTGSbmV/7900.jpg","2022-09-29",266,4899,1,"7-26648991","09/29/2022"
"5363","Russia","Russia","454 KamAZ 6x6","destroyed","https://i.postimg.cc/qvH2hnCk/5gg.png","2022-09-29",266,4900,1,"7-26649001","09/29/2022"
"5364","Russia","Russia","454 KamAZ 6x6","destroyed","https://i.postimg.cc/hG3hjQ8L/448.png","2022-09-29",266,2565,1,"7-26625651","09/29/2022"
"5365","Russia","Russia","454 KamAZ 6x6","destroyed","https://i.postimg.cc/9FhXWHwF/u9.png","2022-09-29",266,4901,1,"7-26649011","09/29/2022"
"5366","Russia","Russia","454 KamAZ 6x6","destroyed","https://i.postimg.cc/MpGH5fjg/dd12.png","2022-09-29",266,4902,1,"7-26649021","09/29/2022"
"5367","Russia","Russia","454 KamAZ 6x6","destroyed","https://i.postimg.cc/DzHSRSvZ/c7.png","2022-09-29",266,4903,1,"7-26649031","09/29/2022"
"5368","Russia","Russia","454 KamAZ 6x6","destroyed","https://i.postimg.cc/QCWFRHVQ/d5.jpg","2022-09-29",266,4904,1,"7-26649041","09/29/2022"
"5369","Russia","Russia","454 KamAZ 6x6","destroyed","https://i.postimg.cc/Pqrz0QH1/7j.jpg","2022-09-29",266,4905,1,"7-26649051","09/29/2022"
"5370","Russia","Russia","454 KamAZ 6x6","destroyed","https://i.postimg.cc/DzHJn4Sp/56.png","2022-09-29",266,4906,1,"7-26649061","09/29/2022"
"5371","Russia","Russia","454 KamAZ 6x6","destroyed","https://twitter.com/UAWeapons/status/1522214564380569605","2022-09-29",266,1010,1,"7-26610101","09/29/2022"
"5372","Russia","Russia","454 KamAZ 6x6","destroyed","https://i.postimg.cc/v8kHLhHn/1054-Kam-AZ-6x6.jpg","2022-09-29",266,4907,1,"7-26649071","09/29/2022"
"5373","Russia","Russia","454 KamAZ 6x6","destroyed","https://i.postimg.cc/Bv2qWPC6/2.png","2022-09-29",266,4908,1,"7-26649081","09/29/2022"
"5374","Russia","Russia","454 KamAZ 6x6","destroyed","https://i.postimg.cc/02CDvrcV/3kamax.jpg","2022-09-29",266,4909,1,"7-26649091","09/29/2022"
"5375","Russia","Russia","454 KamAZ 6x6","destroyed","https://i.postimg.cc/m29Zd9t5/1056-Kam-AZ-6x6.jpg","2022-09-29",266,4910,1,"7-26649101","09/29/2022"
"5376","Russia","Russia","454 KamAZ 6x6","destroyed","https://i.postimg.cc/C1DsjfnM/1201.jpg","2022-09-29",266,4911,1,"7-26649111","09/29/2022"
"5377","Russia","Russia","454 KamAZ 6x6","destroyed","https://postimg.cc/VJXsDdKJ","2022-09-29",266,4912,1,"7-26649121","09/29/2022"
"5378","Russia","Russia","454 KamAZ 6x6","destroyed","https://i.postimg.cc/3R5NnxtM/h78.jpg","2022-09-29",266,4913,1,"7-26649131","09/29/2022"
"5379","Russia","Russia","454 KamAZ 6x6","destroyed","https://postimg.cc/D89yrqPV","2022-09-29",266,4914,1,"7-26649141","09/29/2022"
"5380","Russia","Russia","454 KamAZ 6x6","destroyed","https://i.postimg.cc/k5T7VFpB/1057-Kam-AZ-6x6.jpg","2022-09-29",266,4915,1,"7-26649151","09/29/2022"
"5381","Russia","Russia","454 KamAZ 6x6","destroyed","https://postimg.cc/YhWtCvKd","2022-09-29",266,4916,1,"7-26649161","09/29/2022"
"5382","Russia","Russia","454 KamAZ 6x6","destroyed","https://postimg.cc/VSyrkxVC","2022-09-29",266,4917,1,"7-26649171","09/29/2022"
"5383","Russia","Russia","454 KamAZ 6x6","destroyed","https://postimg.cc/0rNQP5y4","2022-09-29",266,4918,1,"7-26649181","09/29/2022"
"5384","Russia","Russia","454 KamAZ 6x6","destroyed","https://i.postimg.cc/Qt28Drvy/1102-kamaz.jpg","2022-09-29",266,4919,1,"7-26649191","09/29/2022"
"5385","Russia","Russia","454 KamAZ 6x6","destroyed","https://i.postimg.cc/6QW2RHGj/1101-kamaz-3x.jpg","2022-09-29",266,4920,1,"7-26649201","09/29/2022"
"5386","Russia","Russia","454 KamAZ 6x6","destroyed","https://i.postimg.cc/sDKQ8qg8/kamazz.jpg","2022-09-29",266,4921,1,"7-26649211","09/29/2022"
"5387","Russia","Russia","454 KamAZ 6x6","destroyed","https://postimg.cc/vx1b9B1H","2022-09-29",266,4922,1,"7-26649221","09/29/2022"
"5388","Russia","Russia","454 KamAZ 6x6","destroyed","https://postimg.cc/14T9SpTg","2022-09-29",266,4923,1,"7-26649231","09/29/2022"
"5389","Russia","Russia","454 KamAZ 6x6","destroyed","https://postimg.cc/kDDnLjj3","2022-09-29",266,4924,1,"7-26649241","09/29/2022"
"5390","Russia","Russia","454 KamAZ 6x6","destroyed","https://postimg.cc/181snyys","2022-09-29",266,4925,1,"7-26649251","09/29/2022"
"5391","Russia","Russia","454 KamAZ 6x6","destroyed","https://postimg.cc/bGzPgLG5","2022-09-29",266,4926,1,"7-26649261","09/29/2022"
"5392","Russia","Russia","454 KamAZ 6x6","destroyed","https://postimg.cc/0zGx7hNm","2022-09-29",266,4927,1,"7-26649271","09/29/2022"
"5393","Russia","Russia","454 KamAZ 6x6","destroyed","https://postimg.cc/gXjWFJHq","2022-09-29",266,4928,1,"7-26649281","09/29/2022"
"5394","Russia","Russia","454 KamAZ 6x6","destroyed","https://i.postimg.cc/CKhFL6J3/1058-Kam-AZ-6x6.jpg","2022-09-29",266,4929,1,"7-26649291","09/29/2022"
"5395","Russia","Russia","454 KamAZ 6x6","destroyed","https://i.postimg.cc/1tvvCMbZ/1.jpg","2022-09-29",266,4930,1,"7-26649301","09/29/2022"
"5396","Russia","Russia","454 KamAZ 6x6","destroyed","https://i.postimg.cc/wBV2M0qs/kaaaaaaamaz.jpg","2022-09-29",266,4931,1,"7-26649311","09/29/2022"
"5397","Russia","Russia","454 KamAZ 6x6","destroyed","https://i.postimg.cc/Vv5D3nc0/653kam.jpg","2022-09-29",266,4932,1,"7-26649321","09/29/2022"
"5398","Russia","Russia","454 KamAZ 6x6","destroyed","https://i.postimg.cc/WzkVHRbk/1059-Kam-AZ-6x6.jpg","2022-09-29",266,4933,1,"7-26649331","09/29/2022"
"5399","Russia","Russia","454 KamAZ 6x6","destroyed","https://postimg.cc/K4Br25pj","2022-09-29",266,4934,1,"7-26649341","09/29/2022"
"5400","Russia","Russia","454 KamAZ 6x6","destroyed","https://postimg.cc/HVtwJkgC","2022-09-29",266,4935,1,"7-26649351","09/29/2022"
"5401","Russia","Russia","454 KamAZ 6x6","destroyed","https://postimg.cc/Y4TYc41Q","2022-09-29",266,4936,1,"7-26649361","09/29/2022"
"5402","Russia","Russia","454 KamAZ 6x6","destroyed","https://postimg.cc/D4rqP24L","2022-09-29",266,4937,1,"7-26649371","09/29/2022"
"5403","Russia","Russia","454 KamAZ 6x6","destroyed","https://postimg.cc/tZh1LBRH","2022-09-29",266,4938,1,"7-26649381","09/29/2022"
"5404","Russia","Russia","454 KamAZ 6x6","destroyed","https://postimg.cc/pmGKZcrG","2022-09-29",266,4939,1,"7-26649391","09/29/2022"
"5405","Russia","Russia","454 KamAZ 6x6","destroyed","https://postimg.cc/crdYNG8k","2022-09-29",266,4940,1,"7-26649401","09/29/2022"
"5406","Russia","Russia","454 KamAZ 6x6","destroyed","https://i.postimg.cc/L4qWQF4C/kaaamazzzzz2.png","2022-09-29",266,4941,1,"7-26649411","09/29/2022"
"5407","Russia","Russia","454 KamAZ 6x6","destroyed","https://i.postimg.cc/0y7cR9hn/kaamaaaz.jpg","2022-09-29",266,4942,1,"7-26649421","09/29/2022"
"5408","Russia","Russia","454 KamAZ 6x6","destroyed","https://i.postimg.cc/j53hQ2Jx/kaamaazz.jpg","2022-09-29",266,4943,1,"7-26649431","09/29/2022"
"5409","Russia","Russia","454 KamAZ 6x6","destroyed","https://i.postimg.cc/CKkGnJw4/kaamazzzz.jpg","2022-09-29",266,4944,1,"7-26649441","09/29/2022"
"5410","Russia","Russia","454 KamAZ 6x6","destroyed","https://i.postimg.cc/k4yWf466/kaamazzzzzzzz.jpg","2022-09-29",266,4945,1,"7-26649451","09/29/2022"
"5411","Russia","Russia","454 KamAZ 6x6","destroyed","https://postimg.cc/v1PgM4f0","2022-09-29",266,4946,1,"7-26649461","09/29/2022"
"5412","Russia","Russia","454 KamAZ 6x6","destroyed","https://postimg.cc/rR4KSgbH","2022-09-29",266,4947,1,"7-26649471","09/29/2022"
"5413","Russia","Russia","454 KamAZ 6x6","destroyed","https://postimg.cc/B8vbhJkH","2022-09-29",266,4948,1,"7-26649481","09/29/2022"
"5414","Russia","Russia","454 KamAZ 6x6","destroyed","https://i.postimg.cc/pT7xCVxv/1060-Kam-AZ-6x6.jpg","2022-09-29",266,4949,1,"7-26649491","09/29/2022"
"5415","Russia","Russia","454 KamAZ 6x6","destroyed","https://postimg.cc/GH0BcwTn","2022-09-29",266,4950,1,"7-26649501","09/29/2022"
"5416","Russia","Russia","454 KamAZ 6x6","destroyed","https://i.postimg.cc/kg9VKsfc/1061-Kam-AZ-6x6.jpg","2022-09-29",266,4951,1,"7-26649511","09/29/2022"
"5417","Russia","Russia","454 KamAZ 6x6","destroyed","https://i.postimg.cc/5jWJcP6k/1062-Kam-AZ-6x6.jpg","2022-09-29",266,4952,1,"7-26649521","09/29/2022"
"5418","Russia","Russia","454 KamAZ 6x6","destroyed","https://i.postimg.cc/zvcbcRJB/kamazz4and1ural.png","2022-09-29",266,4953,1,"7-26649531","09/29/2022"
"5419","Russia","Russia","454 KamAZ 6x6","destroyed","https://i.postimg.cc/G90HDCsq/1003-Kam-AZ-truck-mtlb.jpg","2022-09-29",266,1211,1,"7-26612111","09/29/2022"
"5420","Russia","Russia","454 KamAZ 6x6","destroyed","https://i.postimg.cc/G2zsv5Vv/kammazzz.png","2022-09-29",266,4954,1,"7-26649541","09/29/2022"
"5421","Russia","Russia","454 KamAZ 6x6","destroyed","https://i.postimg.cc/DZ7XJTj2/kkaaamaaaazzzaa.jpg","2022-09-29",266,4955,1,"7-26649551","09/29/2022"
"5422","Russia","Russia","454 KamAZ 6x6","destroyed","https://i.postimg.cc/4yQwHGTZ/kkaaamazz.jpg","2022-09-29",266,4956,1,"7-26649561","09/29/2022"
"5423","Russia","Russia","454 KamAZ 6x6","destroyed","https://i.postimg.cc/PJj2qx92/kkaamaaaaazza.jpg","2022-09-29",266,4957,1,"7-26649571","09/29/2022"
"5424","Russia","Russia","454 KamAZ 6x6","destroyed","https://i.postimg.cc/DwZ50Rpk/kkaamaaaazzaa.jpg","2022-09-29",266,4958,1,"7-26649581","09/29/2022"
"5425","Russia","Russia","454 KamAZ 6x6","destroyed","https://i.postimg.cc/yN3PXczL/kkaamaaz.png","2022-09-29",266,4959,1,"7-26649591","09/29/2022"
"5426","Russia","Russia","454 KamAZ 6x6","destroyed","https://i.postimg.cc/sxs4rLGL/kkaamaazzz.png","2022-09-29",266,4960,1,"7-26649601","09/29/2022"
"5427","Russia","Russia","454 KamAZ 6x6","destroyed","https://i.postimg.cc/MKz92nyG/kkaamaz.jpg","2022-09-29",266,4961,1,"7-26649611","09/29/2022"
"5428","Russia","Russia","454 KamAZ 6x6","destroyed","https://postimg.cc/njhmQ6vc","2022-09-29",266,4962,1,"7-26649621","09/29/2022"
"5429","Russia","Russia","454 KamAZ 6x6","destroyed","https://i.postimg.cc/8z046wxF/kkamaazz.jpg","2022-09-29",266,4963,1,"7-26649631","09/29/2022"
"5430","Russia","Russia","454 KamAZ 6x6","destroyed","https://i.postimg.cc/7h9MYNgZ/kkamaazzzz.png","2022-09-29",266,4964,1,"7-26649641","09/29/2022"
"5431","Russia","Russia","454 KamAZ 6x6","destroyed","https://i.postimg.cc/xTgt09R3/kkkamaaaz.jpg","2022-09-29",266,4965,1,"7-26649651","09/29/2022"
"5432","Russia","Russia","454 KamAZ 6x6","destroyed","https://i.postimg.cc/4xP66PMv/433.jpg","2022-09-29",266,4966,1,"7-26649661","09/29/2022"
"5433","Russia","Russia","454 KamAZ 6x6","destroyed","https://i.postimg.cc/PqF1cxdP/kamazzzaa.jpg","2022-09-29",266,4967,1,"7-26649671","09/29/2022"
"5434","Russia","Russia","454 KamAZ 6x6","destroyed","https://i.postimg.cc/LsszNfKc/kamazaza.jpg","2022-09-29",266,4968,1,"7-26649681","09/29/2022"
"5435","Russia","Russia","454 KamAZ 6x6","destroyed","https://twitter.com/UAWeapons/status/1535388997479972866","2022-09-29",266,4969,1,"7-26649691","09/29/2022"
"5436","Russia","Russia","454 KamAZ 6x6","destroyed","https://i.postimg.cc/FKXPQPBj/Y1ivk-XYV-jpg-medium.jpg","2022-09-29",266,4970,1,"7-26649701","09/29/2022"
"5437","Russia","Russia","454 KamAZ 6x6","destroyed","https://postlmg.cc/FkyX8Q51","2022-09-29",266,4971,1,"7-26649711","09/29/2022"
"5438","Russia","Russia","454 KamAZ 6x6","destroyed","https://postimg.cc/2bGfwhkH","2022-09-29",266,4972,1,"7-26649721","09/29/2022"
"5439","Russia","Russia","454 KamAZ 6x6","destroyed","https://i.postimg.cc/25yrMV1R/f0.png","2022-09-29",266,4973,1,"7-26649731","09/29/2022"
"5440","Russia","Russia","454 KamAZ 6x6","destroyed","https://postimg.cc/N58TZLJJ","2022-09-29",266,4974,1,"7-26649741","09/29/2022"
"5441","Russia","Russia","454 KamAZ 6x6","destroyed","https://postlmg.cc/G8NwHSzr","2022-09-29",266,4975,1,"7-26649751","09/29/2022"
"5442","Russia","Russia","454 KamAZ 6x6","destroyed","https://postlmg.cc/4YpcM9M1","2022-09-29",266,4976,1,"7-26649761","09/29/2022"
"5443","Russia","Russia","454 KamAZ 6x6","destroyed","https://i.postimg.cc/yYkSCvrL/1148-Kam-AZ-6x6-4x.jpg","2022-09-29",266,4977,1,"7-26649771","09/29/2022"
"5444","Russia","Russia","454 KamAZ 6x6","destroyed","https://i.postimg.cc/mk12C0qG/1010-truck.jpg","2022-09-29",266,4978,1,"7-26649781","09/29/2022"
"5445","Russia","Russia","454 KamAZ 6x6","destroyed","https://twitter.com/UAWeapons/status/1542984634778148864","2022-09-29",266,1185,1,"7-26611851","09/29/2022"
"5446","Russia","Russia","454 KamAZ 6x6","destroyed","https://twitter.com/UAWeapons/status/1542986188100886529","2022-09-29",266,425,1,"7-2664251","09/29/2022"
"5447","Russia","Russia","454 KamAZ 6x6","destroyed","https://i.postimg.cc/L5kDzMrm/4311.png","2022-09-29",266,4979,1,"7-26649791","09/29/2022"
"5448","Russia","Russia","454 KamAZ 6x6","destroyed","https://i.postimg.cc/tJmvt3ms/1015-Kamaz-6x6.png","2022-09-29",266,4980,1,"7-26649801","09/29/2022"
"5449","Russia","Russia","454 KamAZ 6x6","destroyed","https://i.postimg.cc/KcTcNRMS/1106-kamaz.jpg","2022-09-29",266,4981,1,"7-26649811","09/29/2022"
"5450","Russia","Russia","454 KamAZ 6x6","destroyed","https://twitter.com/Blue_Sauron/status/1545507845508063234","2022-09-29",266,1034,1,"7-26610341","09/29/2022"
"5451","Russia","Russia","454 KamAZ 6x6","destroyed","https://i.postimg.cc/BQjwGdBb/1004.png","2022-09-29",266,4982,1,"7-26649821","09/29/2022"
"5452","Russia","Russia","454 KamAZ 6x6","destroyed","https://twitter.com/Blue_Sauron/status/1547548521238351884","2022-09-29",266,4983,1,"7-26649831","09/29/2022"
"5453","Russia","Russia","454 KamAZ 6x6","destroyed","https://i.postimg.cc/NFMyH4D1/1002.jpg","2022-09-29",266,4984,1,"7-26649841","09/29/2022"
"5454","Russia","Russia","454 KamAZ 6x6","destroyed","https://i.postimg.cc/mrfx0pLb/1005.jpg","2022-09-29",266,4985,1,"7-26649851","09/29/2022"
"5455","Russia","Russia","454 KamAZ 6x6","destroyed","https://i.postimg.cc/zXJXcgkd/1004.jpg","2022-09-29",266,4986,1,"7-26649861","09/29/2022"
"5456","Russia","Russia","454 KamAZ 6x6","destroyed","https://i.postimg.cc/kGp2FbYL/1001.jpg","2022-09-29",266,4447,1,"7-26644471","09/29/2022"
"5457","Russia","Russia","454 KamAZ 6x6","destroyed","https://i.postimg.cc/QN4Kr2NS/1003.jpg","2022-09-29",266,4987,1,"7-26649871","09/29/2022"
"5458","Russia","Russia","454 KamAZ 6x6","destroyed","https://i.postimg.cc/RVW6CgNm/1004.jpg","2022-09-29",266,4449,1,"7-26644491","09/29/2022"
"5459","Russia","Russia","454 KamAZ 6x6","destroyed","https://i.postimg.cc/Y9Nmtm5p/1037.jpg","2022-09-29",266,4988,1,"7-26649881","09/29/2022"
"5460","Russia","Russia","454 KamAZ 6x6","destroyed","https://i.postimg.cc/76r2vNQs/1038.jpg","2022-09-29",266,4989,1,"7-26649891","09/29/2022"
"5461","Russia","Russia","454 KamAZ 6x6","destroyed","https://i.postimg.cc/t4f6kbdH/1039.jpg","2022-09-29",266,4990,1,"7-26649901","09/29/2022"
"5462","Russia","Russia","454 KamAZ 6x6","destroyed","https://i.postimg.cc/2yzLySYn/1040.jpg","2022-09-29",266,4991,1,"7-26649911","09/29/2022"
"5463","Russia","Russia","454 KamAZ 6x6","destroyed","https://i.postimg.cc/90JR7HXK/1041.jpg","2022-09-29",266,4992,1,"7-26649921","09/29/2022"
"5464","Russia","Russia","454 KamAZ 6x6","destroyed","https://i.postimg.cc/NfjrwFpc/1042.jpg","2022-09-29",266,4993,1,"7-26649931","09/29/2022"
"5465","Russia","Russia","454 KamAZ 6x6","destroyed","https://i.postimg.cc/J7qBgZ3x/1043.jpg","2022-09-29",266,4994,1,"7-26649941","09/29/2022"
"5466","Russia","Russia","454 KamAZ 6x6","destroyed","https://i.postimg.cc/wxysp71h/1063-Kam-AZ-6x6.jpg","2022-09-29",266,4995,1,"7-26649951","09/29/2022"
"5467","Russia","Russia","454 KamAZ 6x6","destroyed","https://i.postimg.cc/Wb0FdC6z/1064-Kam-AZ-6x6.jpg","2022-09-29",266,4996,1,"7-26649961","09/29/2022"
"5468","Russia","Russia","454 KamAZ 6x6","destroyed","https://i.postimg.cc/9fgr3hV8/1065-Kam-AZ-6x6.jpg","2022-09-29",266,4997,1,"7-26649971","09/29/2022"
"5469","Russia","Russia","454 KamAZ 6x6","destroyed","https://i.postimg.cc/HxRxLM83/1108-kamaz.jpg","2022-09-29",266,4998,1,"7-26649981","09/29/2022"
"5470","Russia","Russia","454 KamAZ 6x6","destroyed","https://i.postimg.cc/sfkGDsWb/1067-Kam-AZ-6x6.jpg","2022-09-29",266,4999,1,"7-26649991","09/29/2022"
"5471","Russia","Russia","454 KamAZ 6x6","destroyed","https://i.postimg.cc/1z3fYtxV/1068-Kam-AZ-6x6.jpg","2022-09-29",266,5000,1,"7-26650001","09/29/2022"
"5472","Russia","Russia","454 KamAZ 6x6","destroyed","https://i.postimg.cc/k4kG4v2W/1069-Kam-AZ-6x6.jpg","2022-09-29",266,5001,1,"7-26650011","09/29/2022"
"5473","Russia","Russia","454 KamAZ 6x6","destroyed","https://i.postimg.cc/fRGBYqnh/1104-kamaz.jpg","2022-09-29",266,5002,1,"7-26650021","09/29/2022"
"5474","Russia","Russia","454 KamAZ 6x6","destroyed","https://i.postimg.cc/7YPcLRDs/1105-kamaz.jpg","2022-09-29",266,5003,1,"7-26650031","09/29/2022"
"5475","Russia","Russia","454 KamAZ 6x6","destroyed","https://i.postimg.cc/DzRndy7T/1072-Kam-AZ-6x6.jpg","2022-09-29",266,5004,1,"7-26650041","09/29/2022"
"5476","Russia","Russia","454 KamAZ 6x6","destroyed","https://i.postimg.cc/1XGmzhhZ/1073-Kam-AZ-6x6.jpg","2022-09-29",266,5005,1,"7-26650051","09/29/2022"
"5477","Russia","Russia","454 KamAZ 6x6","destroyed","https://i.postimg.cc/d3YFpH7N/1074-Kam-AZ-6x6.jpg","2022-09-29",266,5006,1,"7-26650061","09/29/2022"
"5478","Russia","Russia","454 KamAZ 6x6","destroyed","https://i.postimg.cc/tRx7cwck/1075-Kam-AZ-6x6.jpg","2022-09-29",266,5007,1,"7-26650071","09/29/2022"
"5479","Russia","Russia","454 KamAZ 6x6","destroyed","https://i.postimg.cc/qqyRC6KS/1076-Kam-AZ-6x6.jpg","2022-09-29",266,5008,1,"7-26650081","09/29/2022"
"5480","Russia","Russia","454 KamAZ 6x6","destroyed","https://i.postimg.cc/m2SZfsyY/1077-Kam-AZ-6x6.jpg","2022-09-29",266,5009,1,"7-26650091","09/29/2022"
"5481","Russia","Russia","454 KamAZ 6x6","destroyed","https://postimg.cc/6ym4D2Vz","2022-09-29",266,5010,1,"7-26650101","09/29/2022"
"5482","Russia","Russia","454 KamAZ 6x6","destroyed","https://i.postimg.cc/zB38Tbsp/1055-Kam-AZ-6x6.jpg","2022-09-29",266,5011,1,"7-26650111","09/29/2022"
"5483","Russia","Russia","454 KamAZ 6x6","destroyed","https://i.postimg.cc/VvQVftqT/41.png","2022-09-29",266,5012,1,"7-26650121","09/29/2022"
"5484","Russia","Russia","454 KamAZ 6x6","destroyed","https://i.postimg.cc/ryxHhhcL/UKb-4b7p-jpg-large.jpg","2022-09-29",266,5013,1,"7-26650131","09/29/2022"
"5485","Russia","Russia","454 KamAZ 6x6","destroyed","https://i.postimg.cc/TYKMjDpy/1146-Kam-AZ-6x6.jpg","2022-09-29",266,5014,1,"7-26650141","09/29/2022"
"5486","Russia","Russia","454 KamAZ 6x6","destroyed","https://i.postimg.cc/mDJYGtLW/1134-kamaz.jpg","2022-09-29",266,5015,1,"7-26650151","09/29/2022"
"5487","Russia","Russia","454 KamAZ 6x6","destroyed","https://i.postimg.cc/q7tvzmJJ/1006-kamaz-6x6.jpg","2022-09-29",266,5016,1,"7-26650161","09/29/2022"
"5488","Russia","Russia","454 KamAZ 6x6","destroyed","https://twitter.com/UAWeapons/status/1557384679166283779","2022-09-29",266,5017,1,"7-26650171","09/29/2022"
"5489","Russia","Russia","454 KamAZ 6x6","destroyed","https://i.postimg.cc/PJ6VR6n3/1003.jpg","2022-09-29",266,5018,1,"7-26650181","09/29/2022"
"5490","Russia","Russia","454 KamAZ 6x6","destroyed","https://i.postimg.cc/Yq9sWwQJ/1006.jpg","2022-09-29",266,5019,1,"7-26650191","09/29/2022"
"5491","Russia","Russia","454 KamAZ 6x6","destroyed","https://i.postimg.cc/2jFxbm94/1006-ural4320.jpg","2022-09-29",266,5020,1,"7-26650201","09/29/2022"
"5492","Russia","Russia","454 KamAZ 6x6","destroyed","https://i.postimg.cc/26YZrLDg/1008-ural4320.jpg","2022-09-29",266,5021,1,"7-26650211","09/29/2022"
"5493","Russia","Russia","454 KamAZ 6x6","destroyed","https://i.postimg.cc/yxCQ91hw/1001-kamaz6x6-2x.jpg","2022-09-29",266,5022,1,"7-26650221","09/29/2022"
"5494","Russia","Russia","454 KamAZ 6x6","destroyed","https://i.postimg.cc/wBBTc2h0/1107-kamaz-3x.jpg","2022-09-29",266,5023,1,"7-26650231","09/29/2022"
"5495","Russia","Russia","454 KamAZ 6x6","destroyed","https://i.postimg.cc/YqwryM64/1109-kamaz.jpg","2022-09-29",266,5024,1,"7-26650241","09/29/2022"
"5496","Russia","Russia","454 KamAZ 6x6","destroyed","https://i.postimg.cc/rsMHxn4p/1110-kamaz.jpg","2022-09-29",266,5025,1,"7-26650251","09/29/2022"
"5497","Russia","Russia","454 KamAZ 6x6","destroyed","https://i.postimg.cc/FKSCq5gR/1111-kamaz.jpg","2022-09-29",266,4437,1,"7-26644371","09/29/2022"
"5498","Russia","Russia","454 KamAZ 6x6","destroyed","https://i.postimg.cc/SKYHhzqm/1112-kamaz.jpg","2022-09-29",266,5026,1,"7-26650261","09/29/2022"
"5499","Russia","Russia","454 KamAZ 6x6","destroyed","https://i.postimg.cc/02NWvJdh/1113-kamaz.jpg","2022-09-29",266,5027,1,"7-26650271","09/29/2022"
"5500","Russia","Russia","454 KamAZ 6x6","destroyed","https://i.postimg.cc/26f9Nc2x/1114-kamaz.jpg","2022-09-29",266,5028,1,"7-26650281","09/29/2022"
"5501","Russia","Russia","454 KamAZ 6x6","destroyed","https://i.postimg.cc/Df6jRcsq/1115-kamaz.jpg","2022-09-29",266,5029,1,"7-26650291","09/29/2022"
"5502","Russia","Russia","454 KamAZ 6x6","destroyed","https://i.postimg.cc/wBYQ1tLq/1116-kamaz.jpg","2022-09-29",266,5030,1,"7-26650301","09/29/2022"
"5503","Russia","Russia","454 KamAZ 6x6","destroyed","https://i.postimg.cc/PrF65rSJ/1117-kamaz.jpg","2022-09-29",266,5031,1,"7-26650311","09/29/2022"
"5504","Russia","Russia","454 KamAZ 6x6","destroyed","https://i.postimg.cc/T3LtLMs9/1118-kamaz.jpg","2022-09-29",266,5032,1,"7-26650321","09/29/2022"
"5505","Russia","Russia","454 KamAZ 6x6","destroyed","https://i.postimg.cc/BnT1wmP3/1119-kamaz.jpg","2022-09-29",266,5033,1,"7-26650331","09/29/2022"
"5506","Russia","Russia","454 KamAZ 6x6","destroyed","https://i.postimg.cc/J4BXjr1G/1120-kamaz.jpg","2022-09-29",266,5034,1,"7-26650341","09/29/2022"
"5507","Russia","Russia","454 KamAZ 6x6","destroyed","https://i.postimg.cc/nLnQ8qqD/1121-kamaz.jpg","2022-09-29",266,5035,1,"7-26650351","09/29/2022"
"5508","Russia","Russia","454 KamAZ 6x6","destroyed","https://i.postimg.cc/SsvXz536/1122-kamaz.jpg","2022-09-29",266,5036,1,"7-26650361","09/29/2022"
"5509","Russia","Russia","454 KamAZ 6x6","destroyed","https://i.postimg.cc/j55w2Kgq/1123-kamaz.jpg","2022-09-29",266,5037,1,"7-26650371","09/29/2022"
"5510","Russia","Russia","454 KamAZ 6x6","destroyed","https://i.postimg.cc/BvNPJtCw/1124-kamaz.jpg","2022-09-29",266,5038,1,"7-26650381","09/29/2022"
"5511","Russia","Russia","454 KamAZ 6x6","destroyed","https://i.postimg.cc/J4yNK3Q7/1125-kamaz.jpg","2022-09-29",266,5039,1,"7-26650391","09/29/2022"
"5512","Russia","Russia","454 KamAZ 6x6","destroyed","https://i.postimg.cc/c6qrF3s6/1126-kamaz.jpg","2022-09-29",266,5040,1,"7-26650401","09/29/2022"
"5513","Russia","Russia","454 KamAZ 6x6","destroyed","https://i.postimg.cc/Hs52d48Z/1127-kamaz.jpg","2022-09-29",266,5041,1,"7-26650411","09/29/2022"
"5514","Russia","Russia","454 KamAZ 6x6","destroyed","https://i.postimg.cc/3xFFD8B2/1128-kamaz.jpg","2022-09-29",266,5042,1,"7-26650421","09/29/2022"
"5515","Russia","Russia","454 KamAZ 6x6","destroyed","https://i.postimg.cc/rphGQf7m/1129-kamaz.jpg","2022-09-29",266,5043,1,"7-26650431","09/29/2022"
"5516","Russia","Russia","454 KamAZ 6x6","destroyed","https://i.postimg.cc/qBWLPZq6/1130-kamaz.jpg","2022-09-29",266,5044,1,"7-26650441","09/29/2022"
"5517","Russia","Russia","454 KamAZ 6x6","destroyed","https://i.postimg.cc/bw7qvNth/1000-kamaz6x6-2x.jpg","2022-09-29",266,5045,1,"7-26650451","09/29/2022"
"5518","Russia","Russia","454 KamAZ 6x6","destroyed","https://i.postimg.cc/76BDTbMt/1002-Kam-AZ-6x6.jpg","2022-09-29",266,5046,1,"7-26650461","09/29/2022"
"5519","Russia","Russia","454 KamAZ 6x6","destroyed","https://i.postimg.cc/yxw7kZZj/1007-kamaz-6x6.jpg","2022-09-29",266,5047,1,"7-26650471","09/29/2022"
"5520","Russia","Russia","454 KamAZ 6x6","destroyed","https://i.postimg.cc/Y9wSRNM0/u3.jpg","2022-09-29",266,5048,1,"7-26650481","09/29/2022"
"5521","Russia","Russia","454 KamAZ 6x6","destroyed","https://i.postimg.cc/pdjTKcN3/u2.jpg","2022-09-29",266,5049,1,"7-26650491","09/29/2022"
"5522","Russia","Russia","454 KamAZ 6x6","destroyed","https://i.postimg.cc/Bv7g160m/b3.jpg","2022-09-29",266,4340,1,"7-26643401","09/29/2022"
"5523","Russia","Russia","454 KamAZ 6x6","destroyed","https://i.postimg.cc/fWYGxK0F/r1.jpg","2022-09-29",266,5050,1,"7-26650501","09/29/2022"
"5524","Russia","Russia","454 KamAZ 6x6","destroyed","https://i.postimg.cc/BZLhyYkj/1006-kamaz-6x6.jpg","2022-09-29",266,5051,1,"7-26650511","09/29/2022"
"5525","Russia","Russia","454 KamAZ 6x6","destroyed","https://i.postimg.cc/CMtZfLGs/1002-unkn-afv-2x-kamaz-2x-unkn-truck.jpg","2022-09-29",266,5052,1,"7-26650521","09/29/2022"
"5526","Russia","Russia","454 KamAZ 6x6","destroyed","https://i.postimg.cc/SNRLLMNw/1005.jpg","2022-09-29",266,5053,1,"7-26650531","09/29/2022"
"5527","Russia","Russia","454 KamAZ 6x6","destroyed","https://i.postimg.cc/rwtS324j/1006.jpg","2022-09-29",266,5054,1,"7-26650541","09/29/2022"
"5528","Russia","Russia","454 KamAZ 6x6","destroyed","https://i.postimg.cc/Y9HmF3w4/1002-kamaz6x6.jpg","2022-09-29",266,5055,1,"7-26650551","09/29/2022"
"5529","Russia","Russia","454 KamAZ 6x6","destroyed","https://twitter.com/UAWeapons/status/1567823899785658368","2022-09-29",266,2362,1,"7-26623621","09/29/2022"
"5530","Russia","Russia","454 KamAZ 6x6","destroyed","https://i.postimg.cc/Dy7X6fy4/1004-kamaz6x6-2x-kamaz8x8.jpg","2022-09-29",266,5056,1,"7-26650561","09/29/2022"
"5531","Russia","Russia","454 KamAZ 6x6","destroyed","https://i.postimg.cc/J0JHfK7z/1008-kamaz6x6.jpg","2022-09-29",266,5057,1,"7-26650571","09/29/2022"
"5532","Russia","Russia","454 KamAZ 6x6","destroyed","https://twitter.com/Danspiun/status/1569384896899997699","2022-09-29",266,3225,1,"7-26632251","09/29/2022"
"5533","Russia","Russia","454 KamAZ 6x6","destroyed","https://twitter.com/UAWeapons/status/1569426437119123458","2022-09-29",266,762,1,"7-2667621","09/29/2022"
"5534","Russia","Russia","454 KamAZ 6x6","destroyed","https://i.postimg.cc/CMZMZH51/1003-unkn-truck.jpg","2022-09-29",266,5058,1,"7-26650581","09/29/2022"
"5535","Russia","Russia","454 KamAZ 6x6","destroyed","https://i.postimg.cc/rsCQ5BMk/1033-kamaz-6x6.jpg","2022-09-29",266,5059,1,"7-26650591","09/29/2022"
"5536","Russia","Russia","454 KamAZ 6x6","destroyed","https://i.postimg.cc/DZFwNSh4/1004-kamaz-6x6.jpg","2022-09-29",266,5060,1,"7-26650601","09/29/2022"
"5537","Russia","Russia","454 KamAZ 6x6","destroyed","https://i.postimg.cc/nhccnYLm/Kam-AZ-6x6-145547-deokupovana-Harkivshhyna-1159-scaled.jpg","2022-09-29",266,5061,1,"7-26650611","09/29/2022"
"5538","Russia","Russia","454 KamAZ 6x6","destroyed","https://i.postimg.cc/X7yY2cvc/Kam-AZ-6x6-144511-deokupovana-Harkivshhyna-1097-scaled.jpg","2022-09-29",266,5062,1,"7-26650621","09/29/2022"
"5539","Russia","Russia","454 KamAZ 6x6","destroyed","https://i.postimg.cc/ydZvWbPr/2022-09-13-Kam-AZ-6x6.png","2022-09-29",266,5063,1,"7-26650631","09/29/2022"
"5540","Russia","Russia","454 KamAZ 6x6","destroyed","https://i.postimg.cc/MT92JTp0/2022-09-16-Kam-AZ-6x6.png","2022-09-29",266,5064,1,"7-26650641","09/29/2022"
"5541","Russia","Russia","454 KamAZ 6x6","destroyed","https://i.postimg.cc/B6Qkp0Bj/2022-09-16-Kam-AZ-6x6-2.png","2022-09-29",266,5065,1,"7-26650651","09/29/2022"
"5542","Russia","Russia","454 KamAZ 6x6","destroyed","https://i.postimg.cc/Pf79W0pq/2022-09-16-Kam-AZ-6x6-x2.png","2022-09-29",266,5066,1,"7-26650661","09/29/2022"
"5543","Russia","Russia","454 KamAZ 6x6","destroyed","https://i.postimg.cc/9Q8LQvX3/2022-09-15-Kam-AZ-6x6.jpg","2022-09-29",266,5067,1,"7-26650671","09/29/2022"
"5544","Russia","Russia","454 KamAZ 6x6","destroyed","https://i.postimg.cc/jdvXMG7W/2022-09-15-Kam-AZ.jpg","2022-09-29",266,5068,1,"7-26650681","09/29/2022"
"5545","Russia","Russia","454 KamAZ 6x6","destroyed","https://i.postimg.cc/Th8Jb6L1/2022-09-15-2-Kam-AZ-6x6-1.jpg","2022-09-29",266,5069,1,"7-26650691","09/29/2022"
"5546","Russia","Russia","454 KamAZ 6x6","destroyed","https://i.postimg.cc/zBVQSqBF/2022-09-15-2-Kam-AZ-6x6-2.jpg","2022-09-29",266,5070,1,"7-26650701","09/29/2022"
"5547","Russia","Russia","454 KamAZ 6x6","destroyed","https://i.postimg.cc/QxLz1Grc/2022-09-15-2-Kam-AZ-6x6-3.jpg","2022-09-29",266,5071,1,"7-26650711","09/29/2022"
"5548","Russia","Russia","454 KamAZ 6x6","destroyed","https://i.postimg.cc/9QCNgd0M/2022-09-15-2-Kam-AZ-6x6-4.jpg","2022-09-29",266,5072,1,"7-26650721","09/29/2022"
"5549","Russia","Russia","454 KamAZ 6x6","destroyed","https://i.postimg.cc/1tnWVMCW/2022-09-15-2-Kam-AZ-6x6-5-x2.jpg","2022-09-29",266,5073,1,"7-26650731","09/29/2022"
"5550","Russia","Russia","454 KamAZ 6x6","destroyed","https://i.postimg.cc/hvkdRV1t/2022-09-22-Kam-AZ-x2-Ural-4320-tanker.jpg","2022-09-29",266,4677,1,"7-26646771","09/29/2022"
"5551","Russia","Russia","454 KamAZ 6x6","destroyed","https://i.postimg.cc/MKjwmPZC/1010-unkn-btr-2x-kamaz6x6.jpg","2022-09-29",266,5074,1,"7-26650741","09/29/2022"
"5552","Russia","Russia","454 KamAZ 6x6","destroyed","https://i.postimg.cc/13xJPk1X/1024-kamaz-6x6-with-Zu-23-2-autocannon.jpg","2022-09-29",266,5075,1,"7-26650751","09/29/2022"
"5553","Russia","Russia","454 KamAZ 6x6","destroyed","https://i.postimg.cc/xCNPQZZw/2022-09-14-Kam-AZ-6x6-2.jpg","2022-09-29",266,5076,1,"7-26650761","09/29/2022"
"5554","Russia","Russia","454 KamAZ 6x6","destroyed","https://i.postimg.cc/28gr8L3g/2022-09-14-Kam-AZ-6x6-3.jpg","2022-09-29",266,5077,1,"7-26650771","09/29/2022"
"5555","Russia","Russia","454 KamAZ 6x6","destroyed","https://i.postimg.cc/wvRnr0Qv/2022-09-14-Kam-AZ-6x6-4.jpg","2022-09-29",266,5078,1,"7-26650781","09/29/2022"
"5556","Russia","Russia","454 KamAZ 6x6","destroyed","https://i.postimg.cc/y8ht4DRm/2022-09-14-Kam-AZ-6x6-x4.jpg","2022-09-29",266,5079,1,"7-26650791","09/29/2022"
"5557","Russia","Russia","454 KamAZ 6x6","destroyed","https://twitter.com/UAWeapons/status/1575041804738523137","2022-09-29",266,3824,1,"7-26638241","09/29/2022"
"5558","Russia","Russia","454 KamAZ 6x6","destroyed","https://i.postimg.cc/KcVSX5KF/9.png","2022-09-29",266,5080,1,"7-26650801","09/29/2022"
"5559","Russia","Russia","454 KamAZ 6x6","destroyed","https://i.postimg.cc/BQMMk4TG/1030-ural4320.jpg","2022-09-29",266,5081,1,"7-26650811","09/29/2022"
"5560","Russia","Russia","454 KamAZ 6x6","damaged","https://postimg.cc/jWRY7hHb","2022-09-29",266,5082,4,"7-26650824","09/29/2022"
"5561","Russia","Russia","454 KamAZ 6x6","damaged","https://twitter.com/UAWeapons/status/1506960042347614218","2022-09-29",266,5083,4,"7-26650834","09/29/2022"
"5562","Russia","Russia","454 KamAZ 6x6","damaged","https://i.postimg.cc/zvHZkHg5/1001-kamaz-6x6.jpg","2022-09-29",266,5084,4,"7-26650844","09/29/2022"
"5563","Russia","Russia","454 KamAZ 6x6","damaged","https://i.postimg.cc/gktrF01S/1001-REM-KL-Kamaz-6x6.jpg","2022-09-29",266,3312,4,"7-26633124","09/29/2022"
"5564","Russia","Russia","454 KamAZ 6x6","damaged","https://i.postimg.cc/GhDp0yzL/tt1.png","2022-09-29",266,5085,4,"7-26650854","09/29/2022"
"5565","Russia","Russia","454 KamAZ 6x6","abandoned","https://i.postimg.cc/GhDp0yzL/tt1.png","2022-09-29",266,5085,2,"7-26650852","09/29/2022"
"5566","Russia","Russia","454 KamAZ 6x6","damaged","https://twitter.com/UAWeapons/status/1525936384434913281","2022-09-29",266,2687,4,"7-26626874","09/29/2022"
"5567","Russia","Russia","454 KamAZ 6x6","abandoned","https://twitter.com/UAWeapons/status/1525936384434913281","2022-09-29",266,2687,2,"7-26626872","09/29/2022"
"5568","Russia","Russia","454 KamAZ 6x6","abandoned","https://i.postimg.cc/tCPccYNm/v8.png","2022-09-29",266,5086,2,"7-26650862","09/29/2022"
"5569","Russia","Russia","454 KamAZ 6x6","abandoned","https://i.postimg.cc/RFmCkffg/Screenshot-8273.png","2022-09-29",266,5087,2,"7-26650872","09/29/2022"
"5570","Russia","Russia","454 KamAZ 6x6","abandoned","https://i.postimg.cc/Pf0f1L53/v3.png","2022-09-29",266,5088,2,"7-26650882","09/29/2022"
"5571","Russia","Russia","454 KamAZ 6x6","abandoned","https://i.postimg.cc/sgcVZwrF/ka1.png","2022-09-29",266,5089,2,"7-26650892","09/29/2022"
"5572","Russia","Russia","454 KamAZ 6x6","abandoned","https://i.postimg.cc/nh7tv50M/g2.png","2022-09-29",266,5090,2,"7-26650902","09/29/2022"
"5573","Russia","Russia","454 KamAZ 6x6","abandoned","https://i.postimg.cc/jjbYvXFc/g3.png","2022-09-29",266,5091,2,"7-26650912","09/29/2022"
"5574","Russia","Russia","454 KamAZ 6x6","abandoned","https://i.postimg.cc/SRcQVH07/44366.png","2022-09-29",266,5092,2,"7-26650922","09/29/2022"
"5575","Russia","Russia","454 KamAZ 6x6","abandoned","https://i.postimg.cc/43yxjGmX/432.png","2022-09-29",266,5093,2,"7-26650932","09/29/2022"
"5576","Russia","Russia","454 KamAZ 6x6","abandoned","https://i.postimg.cc/C1PHyw9b/a3.png","2022-09-29",266,5094,2,"7-26650942","09/29/2022"
"5577","Russia","Russia","454 KamAZ 6x6","abandoned","https://i.postimg.cc/rsDGMvL3/a4.png","2022-09-29",266,5095,2,"7-26650952","09/29/2022"
"5578","Russia","Russia","454 KamAZ 6x6","abandoned","https://twitter.com/UAWeapons/status/1527607537041801216","2022-09-29",266,5096,2,"7-26650962","09/29/2022"
"5579","Russia","Russia","454 KamAZ 6x6","abandoned","https://i.postimg.cc/gc7qNkVW/a5.png","2022-09-29",266,5097,2,"7-26650972","09/29/2022"
"5580","Russia","Russia","454 KamAZ 6x6","abandoned","https://i.postimg.cc/RC6RYDzZ/Screenshot-8396.png","2022-09-29",266,5098,2,"7-26650982","09/29/2022"
"5581","Russia","Russia","454 KamAZ 6x6","abandoned","https://i.postimg.cc/ZqYR92LP/Screenshot-8486.png","2022-09-29",266,5099,2,"7-26650992","09/29/2022"
"5582","Russia","Russia","454 KamAZ 6x6","damaged","https://postimg.cc/zb3wfMVh","2022-09-29",266,5100,4,"7-26651004","09/29/2022"
"5583","Russia","Russia","454 KamAZ 6x6","captured","https://postimg.cc/zb3wfMVh","2022-09-29",266,5100,3,"7-26651003","09/29/2022"
"5584","Russia","Russia","454 KamAZ 6x6","damaged","https://postimg.cc/3kSdwwpL","2022-09-29",266,5101,4,"7-26651014","09/29/2022"
"5585","Russia","Russia","454 KamAZ 6x6","captured","https://postimg.cc/3kSdwwpL","2022-09-29",266,5101,3,"7-26651013","09/29/2022"
"5586","Russia","Russia","454 KamAZ 6x6","damaged","https://postimg.cc/w71rrf27","2022-09-29",266,5102,4,"7-26651024","09/29/2022"
"5587","Russia","Russia","454 KamAZ 6x6","captured","https://postimg.cc/w71rrf27","2022-09-29",266,5102,3,"7-26651023","09/29/2022"
"5588","Russia","Russia","454 KamAZ 6x6","damaged","https://postimg.cc/vc6dRNB4","2022-09-29",266,5103,4,"7-26651034","09/29/2022"
"5589","Russia","Russia","454 KamAZ 6x6","captured","https://postimg.cc/vc6dRNB4","2022-09-29",266,5103,3,"7-26651033","09/29/2022"
"5590","Russia","Russia","454 KamAZ 6x6","damaged","https://postimg.cc/9R9Kd7mM","2022-09-29",266,5104,4,"7-26651044","09/29/2022"
"5591","Russia","Russia","454 KamAZ 6x6","captured","https://postimg.cc/9R9Kd7mM","2022-09-29",266,5104,3,"7-26651043","09/29/2022"
"5592","Russia","Russia","454 KamAZ 6x6","damaged","https://i.postimg.cc/VkpkSLDj/f87.png","2022-09-29",266,5105,4,"7-26651054","09/29/2022"
"5593","Russia","Russia","454 KamAZ 6x6","captured","https://i.postimg.cc/VkpkSLDj/f87.png","2022-09-29",266,5105,3,"7-26651053","09/29/2022"
"5594","Russia","Russia","454 KamAZ 6x6","damaged","https://i.postimg.cc/C1ZkcvPv/d3.png","2022-09-29",266,5106,4,"7-26651064","09/29/2022"
"5595","Russia","Russia","454 KamAZ 6x6","captured","https://i.postimg.cc/C1ZkcvPv/d3.png","2022-09-29",266,5106,3,"7-26651063","09/29/2022"
"5596","Russia","Russia","454 KamAZ 6x6","damaged","https://i.postimg.cc/Jn4wQ0L6/5411.jpg","2022-09-29",266,5107,4,"7-26651074","09/29/2022"
"5597","Russia","Russia","454 KamAZ 6x6","captured","https://i.postimg.cc/Jn4wQ0L6/5411.jpg","2022-09-29",266,5107,3,"7-26651073","09/29/2022"
"5598","Russia","Russia","454 KamAZ 6x6","captured","https://i.postimg.cc/Bbj44g2S/5580.png","2022-09-29",266,5108,3,"7-26651083","09/29/2022"
"5599","Russia","Russia","454 KamAZ 6x6","captured","https://i.postimg.cc/Gpxx4Hmg/kamaaaaaazzz.png","2022-09-29",266,5109,3,"7-26651093","09/29/2022"
"5600","Russia","Russia","454 KamAZ 6x6","captured","https://i.postimg.cc/761dYxFq/kamazzzzzzzzz.jpg","2022-09-29",266,5110,3,"7-26651103","09/29/2022"
"5601","Russia","Russia","454 KamAZ 6x6","captured","https://i.postimg.cc/QNcmw85M/kaammaaz.jpg","2022-09-29",266,5111,3,"7-26651113","09/29/2022"
"5602","Russia","Russia","454 KamAZ 6x6","captured","https://i.postimg.cc/J07sp5ZZ/kamazzzz2.png","2022-09-29",266,5112,3,"7-26651123","09/29/2022"
"5603","Russia","Russia","454 KamAZ 6x6","captured","https://i.postimg.cc/y6ngk2CP/kamazzzzzzz.jpg","2022-09-29",266,5113,3,"7-26651133","09/29/2022"
"5604","Russia","Russia","454 KamAZ 6x6","captured","https://postimg.cc/2qMgLwfM","2022-09-29",266,5114,3,"7-26651143","09/29/2022"
"5605","Russia","Russia","454 KamAZ 6x6","captured","https://i.postimg.cc/9ftT1Ms3/kkmaz.jpg","2022-09-29",266,5115,3,"7-26651153","09/29/2022"
"5606","Russia","Russia","454 KamAZ 6x6","captured","https://i.postimg.cc/0jpb5HvT/truckk.jpg","2022-09-29",266,5116,3,"7-26651163","09/29/2022"
"5607","Russia","Russia","454 KamAZ 6x6","captured","https://i.postimg.cc/v891vDn0/truckkk.jpg","2022-09-29",266,5117,3,"7-26651173","09/29/2022"
"5608","Russia","Russia","454 KamAZ 6x6","captured","https://i.postimg.cc/Dw880BbD/655.jpg","2022-09-29",266,5118,3,"7-26651183","09/29/2022"
"5609","Russia","Russia","454 KamAZ 6x6","captured","https://i.postimg.cc/Z57vYkLt/474.png","2022-09-29",266,5119,3,"7-26651193","09/29/2022"
"5610","Russia","Russia","454 KamAZ 6x6","captured","https://i.postimg.cc/tgbgQWJc/45.png","2022-09-29",266,5120,3,"7-26651203","09/29/2022"
"5611","Russia","Russia","454 KamAZ 6x6","captured","https://i.postimg.cc/Hn7xkb8m/688.png","2022-09-29",266,5121,3,"7-26651213","09/29/2022"
"5612","Russia","Russia","454 KamAZ 6x6","captured","https://i.postimg.cc/cC93z2Zk/3268.png","2022-09-29",266,5122,3,"7-26651223","09/29/2022"
"5613","Russia","Russia","454 KamAZ 6x6","captured","https://i.postimg.cc/RhtcC4h6/1133-kamaz-capt.jpg","2022-09-29",266,5123,3,"7-26651233","09/29/2022"
"5614","Russia","Russia","454 KamAZ 6x6","captured","https://i.postimg.cc/ZRJM1512/1008.jpg","2022-09-29",266,5124,3,"7-26651243","09/29/2022"
"5615","Russia","Russia","454 KamAZ 6x6","captured","https://i.postimg.cc/DZ0Q5pHc/6652.png","2022-09-29",266,3843,3,"7-26638433","09/29/2022"
"5616","Russia","Russia","454 KamAZ 6x6","captured","https://i.postimg.cc/cHx8rbLV/kamaaz.jpg","2022-09-29",266,5125,3,"7-26651253","09/29/2022"
"5617","Russia","Russia","454 KamAZ 6x6","captured","https://i.postimg.cc/1ttCbb4J/tt1.png","2022-09-29",266,5126,3,"7-26651263","09/29/2022"
"5618","Russia","Russia","454 KamAZ 6x6","captured","https://i.postimg.cc/k5QJrzV3/872.png","2022-09-29",266,5127,3,"7-26651273","09/29/2022"
"5619","Russia","Russia","454 KamAZ 6x6","captured","https://postimg.cc/1f97MCN1","2022-09-29",266,5128,3,"7-26651283","09/29/2022"
"5620","Russia","Russia","454 KamAZ 6x6","captured","https://i.postimg.cc/CMZjk24Y/f65.png","2022-09-29",266,5129,3,"7-26651293","09/29/2022"
"5621","Russia","Russia","454 KamAZ 6x6","captured","https://i.postimg.cc/vHq2KnbR/Screenshot-8561.png","2022-09-29",266,5130,3,"7-26651303","09/29/2022"
"5622","Russia","Russia","454 KamAZ 6x6","damaged","https://i.postimg.cc/pLHBThD2/1132-kamaz-capt-dam.jpg","2022-09-29",266,5131,4,"7-26651314","09/29/2022"
"5623","Russia","Russia","454 KamAZ 6x6","captured","https://i.postimg.cc/pLHBThD2/1132-kamaz-capt-dam.jpg","2022-09-29",266,5131,3,"7-26651313","09/29/2022"
"5624","Russia","Russia","454 KamAZ 6x6","captured","https://i.postimg.cc/TwPpRR2S/hh5.jpg","2022-09-29",266,5132,3,"7-26651323","09/29/2022"
"5625","Russia","Russia","454 KamAZ 6x6","captured","https://i.postimg.cc/VL2jHKQx/43g.png","2022-09-29",266,5133,3,"7-26651333","09/29/2022"
"5626","Russia","Russia","454 KamAZ 6x6","captured","https://i.postimg.cc/3xzdgFbn/ug2.png","2022-09-29",266,4592,3,"7-26645923","09/29/2022"
"5627","Russia","Russia","454 KamAZ 6x6","captured","https://i.postimg.cc/L4QhPQVK/325.png","2022-09-29",266,5134,3,"7-26651343","09/29/2022"
"5628","Russia","Russia","454 KamAZ 6x6","captured","https://i.postimg.cc/d0VpWVYH/f7.png","2022-09-29",266,5135,3,"7-26651353","09/29/2022"
"5629","Russia","Russia","454 KamAZ 6x6","captured","https://i.postimg.cc/sfcQf9Xq/2d3.png","2022-09-29",266,4691,3,"7-26646913","09/29/2022"
"5630","Russia","Russia","454 KamAZ 6x6","captured","https://i.postimg.cc/W4hRtsCh/e11.png","2022-09-29",266,5136,3,"7-26651363","09/29/2022"
"5631","Russia","Russia","454 KamAZ 6x6","captured","https://i.postimg.cc/G2jhxL3d/x1.png","2022-09-29",266,5137,3,"7-26651373","09/29/2022"
"5632","Russia","Russia","454 KamAZ 6x6","captured","https://i.postimg.cc/mrwWdspw/3d.png","2022-09-29",266,5138,3,"7-26651383","09/29/2022"
"5633","Russia","Russia","454 KamAZ 6x6","captured","https://i.postimg.cc/W39WJvjf/4387.png","2022-09-29",266,5139,3,"7-26651393","09/29/2022"
"5634","Russia","Russia","454 KamAZ 6x6","captured","https://i.postimg.cc/BZ8F4QH8/3dh.png","2022-09-29",266,5140,3,"7-26651403","09/29/2022"
"5635","Russia","Russia","454 KamAZ 6x6","captured","https://i.postimg.cc/FHz36Vf7/5542.png","2022-09-29",266,5141,3,"7-26651413","09/29/2022"
"5636","Russia","Russia","454 KamAZ 6x6","captured","https://i.postimg.cc/g2hkrxQg/5548.png","2022-09-29",266,5142,3,"7-26651423","09/29/2022"
"5637","Russia","Russia","454 KamAZ 6x6","captured","https://i.postimg.cc/23RZybKP/6800.png","2022-09-29",266,5143,3,"7-26651433","09/29/2022"
"5638","Russia","Russia","454 KamAZ 6x6","captured","https://i.postimg.cc/3RNSxNCt/324.png","2022-09-29",266,5144,3,"7-26651443","09/29/2022"
"5639","Russia","Russia","454 KamAZ 6x6","captured","https://i.postimg.cc/76fwSwM6/5f2.png","2022-09-29",266,5145,3,"7-26651453","09/29/2022"
"5640","Russia","Russia","454 KamAZ 6x6","captured","https://i.postimg.cc/wxFtfg1F/jo.png","2022-09-29",266,1778,3,"7-26617783","09/29/2022"
"5641","Russia","Russia","454 KamAZ 6x6","captured","https://i.postimg.cc/9fPDTqsX/468k.png","2022-09-29",266,5146,3,"7-26651463","09/29/2022"
"5642","Russia","Russia","454 KamAZ 6x6","captured","https://i.postimg.cc/d3vCfcTF/c1.jpg","2022-09-29",266,5147,3,"7-26651473","09/29/2022"
"5643","Russia","Russia","454 KamAZ 6x6","captured","https://i.postimg.cc/vHBnXzQ0/a11.png","2022-09-29",266,5148,3,"7-26651483","09/29/2022"
"5644","Russia","Russia","454 KamAZ 6x6","captured","https://i.postimg.cc/NLvw95MV/799.png","2022-09-29",266,5149,3,"7-26651493","09/29/2022"
"5645","Russia","Russia","454 KamAZ 6x6","captured","https://i.postimg.cc/prPqQKwb/42.png","2022-09-29",266,5150,3,"7-26651503","09/29/2022"
"5646","Russia","Russia","454 KamAZ 6x6","captured","https://i.postimg.cc/PxNtPC4t/48.png","2022-09-29",266,5151,3,"7-26651513","09/29/2022"
"5647","Russia","Russia","454 KamAZ 6x6","captured","https://i.postimg.cc/pL6VDhrq/3318.png","2022-09-29",266,5152,3,"7-26651523","09/29/2022"
"5648","Russia","Russia","454 KamAZ 6x6","captured","https://i.postimg.cc/26C6Ry5f/33177.png","2022-09-29",266,5153,3,"7-26651533","09/29/2022"
"5649","Russia","Russia","454 KamAZ 6x6","captured","https://i.postimg.cc/MHbTNXLC/c1.png","2022-09-29",266,5154,3,"7-26651543","09/29/2022"
"5650","Russia","Russia","454 KamAZ 6x6","captured","https://i.postimg.cc/N0VMfCPh/v8.png","2022-09-29",266,5155,3,"7-26651553","09/29/2022"
"5651","Russia","Russia","454 KamAZ 6x6","captured","https://i.postimg.cc/T34P0zD7/577.png","2022-09-29",266,5156,3,"7-26651563","09/29/2022"
"5652","Russia","Russia","454 KamAZ 6x6","captured","https://i.postimg.cc/Lsb5kznq/651.jpg","2022-09-29",266,5157,3,"7-26651573","09/29/2022"
"5653","Russia","Russia","454 KamAZ 6x6","captured","https://i.postimg.cc/Lsb5kznq/651.jpg","2022-09-29",266,5157,3,"7-26651573","09/29/2022"
"5654","Russia","Russia","454 KamAZ 6x6","captured","https://i.postimg.cc/Dyj9w5Db/k5.jpg","2022-09-29",266,5158,3,"7-26651583","09/29/2022"
"5655","Russia","Russia","454 KamAZ 6x6","captured","https://i.postimg.cc/X7YMWt2b/k6.jpg","2022-09-29",266,5159,3,"7-26651593","09/29/2022"
"5656","Russia","Russia","454 KamAZ 6x6","captured","https://i.postimg.cc/mkRgtYn5/224.png","2022-09-29",266,5160,3,"7-26651603","09/29/2022"
"5657","Russia","Russia","454 KamAZ 6x6","captured","https://i.postimg.cc/hhRXrfSQ/115.png","2022-09-29",266,5161,3,"7-26651613","09/29/2022"
"5658","Russia","Russia","454 KamAZ 6x6","captured","https://i.postimg.cc/YqLQXqct/6888.jpg","2022-09-29",266,3079,3,"7-26630793","09/29/2022"
"5659","Russia","Russia","454 KamAZ 6x6","captured","https://i.postimg.cc/QxZD33Vc/cc4.jpg","2022-09-29",266,5162,3,"7-26651623","09/29/2022"
"5660","Russia","Russia","454 KamAZ 6x6","captured","https://i.postimg.cc/SxjTZmMW/328.jpg","2022-09-29",266,5163,3,"7-26651633","09/29/2022"
"5661","Russia","Russia","454 KamAZ 6x6","captured","https://i.postimg.cc/0yhB1dJk/t6.jpg","2022-09-29",266,4563,3,"7-26645633","09/29/2022"
"5662","Russia","Russia","454 KamAZ 6x6","captured","https://i.postimg.cc/DyKTfyqk/3215.jpg","2022-09-29",266,5164,3,"7-26651643","09/29/2022"
"5663","Russia","Russia","454 KamAZ 6x6","captured","https://i.postimg.cc/V6msCW9Q/577.png","2022-09-29",266,5165,3,"7-26651653","09/29/2022"
"5664","Russia","Russia","454 KamAZ 6x6","captured","https://i.postimg.cc/xdd4shpJ/659.jpg","2022-09-29",266,5166,3,"7-26651663","09/29/2022"
"5665","Russia","Russia","454 KamAZ 6x6","captured","https://twitter.com/UAWeapons/status/1567823899785658368","2022-09-29",266,2362,3,"7-26623623","09/29/2022"
"5666","Russia","Russia","454 KamAZ 6x6","damaged","https://twitter.com/UAWeapons/status/1568341095591088130","2022-09-29",266,4717,4,"7-26647174","09/29/2022"
"5667","Russia","Russia","454 KamAZ 6x6","captured","https://twitter.com/UAWeapons/status/1568341095591088130","2022-09-29",266,4717,3,"7-26647173","09/29/2022"
"5668","Russia","Russia","454 KamAZ 6x6","captured","https://twitter.com/UAWeapons/status/1569043961771163652","2022-09-29",266,3169,3,"7-26631693","09/29/2022"
"5669","Russia","Russia","454 KamAZ 6x6","captured","https://twitter.com/UAWeapons/status/1569035760333897728","2022-09-29",266,4718,3,"7-26647183","09/29/2022"
"5670","Russia","Russia","454 KamAZ 6x6","captured","https://twitter.com/UAWeapons/status/1569058019866021894","2022-09-29",266,5167,3,"7-26651673","09/29/2022"
"5671","Russia","Russia","454 KamAZ 6x6","captured","https://i.postimg.cc/50HXVNDb/1010-kamaz6x6.jpg","2022-09-29",266,5168,3,"7-26651683","09/29/2022"
"5672","Russia","Russia","454 KamAZ 6x6","captured","https://i.postimg.cc/bvhD1hGR/1004-kamaz6x6.jpg","2022-09-29",266,5169,3,"7-26651693","09/29/2022"
"5673","Russia","Russia","454 KamAZ 6x6","captured","https://i.postimg.cc/fbgfWBwm/kamaz-5350.jpg","2022-09-29",266,5170,3,"7-26651703","09/29/2022"
"5674","Russia","Russia","454 KamAZ 6x6","damaged","https://twitter.com/UAWeapons/status/1568628787457433600","2022-09-29",266,4823,4,"7-26648234","09/29/2022"
"5675","Russia","Russia","454 KamAZ 6x6","captured","https://twitter.com/UAWeapons/status/1568628787457433600","2022-09-29",266,4823,3,"7-26648233","09/29/2022"
"5676","Russia","Russia","454 KamAZ 6x6","captured","https://i.postimg.cc/TP5xjp4q/2022-09-17-Kam-AZ-6x6-2.jpg","2022-09-29",266,5171,3,"7-26651713","09/29/2022"
"5677","Russia","Russia","454 KamAZ 6x6","captured","https://twitter.com/UAWeapons/status/1568899264650280961","2022-09-29",266,4617,3,"7-26646173","09/29/2022"
"5678","Russia","Russia","454 KamAZ 6x6","captured","https://twitter.com/UAWeapons/status/1570152375238950912","2022-09-29",266,2151,3,"7-26621513","09/29/2022"
"5679","Russia","Russia","454 KamAZ 6x6","captured","https://postimg.cc/LhjqNt4j","2022-09-29",266,5172,3,"7-26651723","09/29/2022"
"5680","Russia","Russia","454 KamAZ 6x6","captured","https://postimg.cc/gnnJQYwg","2022-09-29",266,5173,3,"7-26651733","09/29/2022"
"5681","Russia","Russia","454 KamAZ 6x6","captured","https://i.postimg.cc/W1778G7n/2022-09-19-Kam-AZ-6x6.jpg","2022-09-29",266,5174,3,"7-26651743","09/29/2022"
"5682","Russia","Russia","454 KamAZ 6x6","damaged","https://i.postimg.cc/9z58PTRG/2022-09-19-Kam-AZ-6x6-1.jpg","2022-09-29",266,5175,4,"7-26651754","09/29/2022"
"5683","Russia","Russia","454 KamAZ 6x6","captured","https://i.postimg.cc/9z58PTRG/2022-09-19-Kam-AZ-6x6-1.jpg","2022-09-29",266,5175,3,"7-26651753","09/29/2022"
"5684","Russia","Russia","454 KamAZ 6x6","captured","https://i.postimg.cc/fy3CCLwv/2022-09-17-Kam-AZ-6x6.jpg","2022-09-29",266,5176,3,"7-26651763","09/29/2022"
"5685","Russia","Russia","454 KamAZ 6x6","captured","https://i.postimg.cc/hG4WQzFg/1004-kamaz6x6.jpg","2022-09-29",266,5177,3,"7-26651773","09/29/2022"
"5686","Russia","Russia","454 KamAZ 6x6","captured","https://i.postimg.cc/qMK1XyFF/1004-bmp2-ural-tanker-kamaz6x6.png","2022-09-29",266,4723,3,"7-26647233","09/29/2022"
"5687","Russia","Russia","78 KamAZ 6x6 tanker","destroyed","https://i.postimg.cc/nc8Fg5Sz/Screenshot-8215.png","2022-09-29",267,5178,1,"7-26751781","09/29/2022"
"5688","Russia","Russia","78 KamAZ 6x6 tanker","destroyed","https://i.postimg.cc/wjDYJj9c/Screenshot-8224.png","2022-09-29",267,5179,1,"7-26751791","09/29/2022"
"5689","Russia","Russia","78 KamAZ 6x6 tanker","destroyed","https://i.postimg.cc/gjV6fNhS/5557.png","2022-09-29",267,5180,1,"7-26751801","09/29/2022"
"5690","Russia","Russia","78 KamAZ 6x6 tanker","destroyed","https://i.postimg.cc/rpcknGtL/fu1.jpg","2022-09-29",267,5181,1,"7-26751811","09/29/2022"
"5691","Russia","Russia","78 KamAZ 6x6 tanker","destroyed","https://i.postimg.cc/d37Pk4gG/fu2.jpg","2022-09-29",267,5182,1,"7-26751821","09/29/2022"
"5692","Russia","Russia","78 KamAZ 6x6 tanker","destroyed","https://i.postimg.cc/ZR75C68p/as44.jpg","2022-09-29",267,5183,1,"7-26751831","09/29/2022"
"5693","Russia","Russia","78 KamAZ 6x6 tanker","destroyed","https://i.postimg.cc/xTfVSWDZ/80.png","2022-09-29",267,5184,1,"7-26751841","09/29/2022"
"5694","Russia","Russia","78 KamAZ 6x6 tanker","destroyed","https://i.postimg.cc/C5Nyq4DJ/800.png","2022-09-29",267,5185,1,"7-26751851","09/29/2022"
"5695","Russia","Russia","78 KamAZ 6x6 tanker","destroyed","https://i.postimg.cc/tRxXd5HX/4f2b.png","2022-09-29",267,5186,1,"7-26751861","09/29/2022"
"5696","Russia","Russia","78 KamAZ 6x6 tanker","destroyed","https://i.postimg.cc/pTYNvKyj/57.png","2022-09-29",267,5187,1,"7-26751871","09/29/2022"
"5697","Russia","Russia","78 KamAZ 6x6 tanker","destroyed","https://i.postimg.cc/W1Z70rb7/321.jpg","2022-09-29",267,5188,1,"7-26751881","09/29/2022"
"5698","Russia","Russia","78 KamAZ 6x6 tanker","destroyed","https://i.postimg.cc/MGpbHFQy/kkamazzzz.png","2022-09-29",267,5189,1,"7-26751891","09/29/2022"
"5699","Russia","Russia","78 KamAZ 6x6 tanker","destroyed","https://i.postimg.cc/2jv51gFL/447.png","2022-09-29",267,5190,1,"7-26751901","09/29/2022"
"5700","Russia","Russia","78 KamAZ 6x6 tanker","destroyed","https://i.postimg.cc/CMQn5zjH/d5.png","2022-09-29",267,5191,1,"7-26751911","09/29/2022"
"5701","Russia","Russia","78 KamAZ 6x6 tanker","destroyed","https://i.postimg.cc/2SpnzCmC/2.png","2022-09-29",267,5192,1,"7-26751921","09/29/2022"
"5702","Russia","Russia","78 KamAZ 6x6 tanker","destroyed","https://i.postimg.cc/zG1xXs1Y/3.jpg","2022-09-29",267,5193,1,"7-26751931","09/29/2022"
"5703","Russia","Russia","78 KamAZ 6x6 tanker","destroyed","https://i.postimg.cc/15z97jdP/4.jpg","2022-09-29",267,5194,1,"7-26751941","09/29/2022"
"5704","Russia","Russia","78 KamAZ 6x6 tanker","destroyed","https://i.postimg.cc/sD03kJFW/5.jpg","2022-09-29",267,5195,1,"7-26751951","09/29/2022"
"5705","Russia","Russia","78 KamAZ 6x6 tanker","destroyed","https://i.postimg.cc/XvKSYfPQ/6.jpg","2022-09-29",267,5196,1,"7-26751961","09/29/2022"
"5706","Russia","Russia","78 KamAZ 6x6 tanker","destroyed","https://i.postimg.cc/Ssy02XFq/7.jpg","2022-09-29",267,5197,1,"7-26751971","09/29/2022"
"5707","Russia","Russia","78 KamAZ 6x6 tanker","destroyed","https://i.postimg.cc/FFTvSxH6/8.jpg","2022-09-29",267,5198,1,"7-26751981","09/29/2022"
"5708","Russia","Russia","78 KamAZ 6x6 tanker","destroyed","https://i.postimg.cc/pTw2SyGS/3f.jpg","2022-09-29",267,5199,1,"7-26751991","09/29/2022"
"5709","Russia","Russia","78 KamAZ 6x6 tanker","destroyed","https://i.postimg.cc/L4wjS4v3/gg.jpg","2022-09-29",267,5200,1,"7-26752001","09/29/2022"
"5710","Russia","Russia","78 KamAZ 6x6 tanker","destroyed","https://twitter.com/UAWeapons/status/1528845503433252866","2022-09-29",267,5201,1,"7-26752011","09/29/2022"
"5711","Russia","Russia","78 KamAZ 6x6 tanker","destroyed","https://i.postimg.cc/mDMRdfrF/1082-Kam-AZ-6x6-tanker.jpg","2022-09-29",267,5202,1,"7-26752021","09/29/2022"
"5712","Russia","Russia","78 KamAZ 6x6 tanker","destroyed","https://i.postimg.cc/L8pRqPGH/1016-kamaz-tanker.png","2022-09-29",267,5203,1,"7-26752031","09/29/2022"
"5713","Russia","Russia","78 KamAZ 6x6 tanker","destroyed","https://i.postimg.cc/L4jZ9H65/1004.jpg","2022-09-29",267,5204,1,"7-26752041","09/29/2022"
"5714","Russia","Russia","78 KamAZ 6x6 tanker","destroyed","https://i.postimg.cc/sDyG1tvc/1005.jpg","2022-09-29",267,5205,1,"7-26752051","09/29/2022"
"5715","Russia","Russia","78 KamAZ 6x6 tanker","destroyed","https://i.postimg.cc/fyZmdvct/1032.jpg","2022-09-29",267,5206,1,"7-26752061","09/29/2022"
"5716","Russia","Russia","78 KamAZ 6x6 tanker","destroyed","https://i.postimg.cc/m2L728ZK/1033.jpg","2022-09-29",267,5207,1,"7-26752071","09/29/2022"
"5717","Russia","Russia","78 KamAZ 6x6 tanker","destroyed","https://i.postimg.cc/kXTKVKBG/1034.jpg","2022-09-29",267,5208,1,"7-26752081","09/29/2022"
"5718","Russia","Russia","78 KamAZ 6x6 tanker","destroyed","https://i.postimg.cc/Bv2qWPC6/2.png","2022-09-29",267,4908,1,"7-26749081","09/29/2022"
"5719","Russia","Russia","78 KamAZ 6x6 tanker","destroyed","https://i.postimg.cc/SQ6kCh5B/1080-Kam-AZ-6x6-tanker.jpg","2022-09-29",267,5209,1,"7-26752091","09/29/2022"
"5720","Russia","Russia","78 KamAZ 6x6 tanker","destroyed","https://i.postimg.cc/Hs3mvtT3/1081-Kam-AZ-6x6-tanker.jpg","2022-09-29",267,5210,1,"7-26752101","09/29/2022"
"5721","Russia","Russia","78 KamAZ 6x6 tanker","destroyed","https://i.postimg.cc/rwJ13Wwy/1006-kamaz-6x6-tanker.jpg","2022-09-29",267,5211,1,"7-26752111","09/29/2022"
"5722","Russia","Russia","78 KamAZ 6x6 tanker","destroyed","https://i.postimg.cc/SRQtdB3Y/1005.jpg","2022-09-29",267,5212,1,"7-26752121","09/29/2022"
"5723","Russia","Russia","78 KamAZ 6x6 tanker","destroyed","https://i.postimg.cc/KcCNf3Ps/1002-Kam-AZ-fuel-truck.jpg","2022-09-29",267,5213,1,"7-26752131","09/29/2022"
"5724","Russia","Russia","78 KamAZ 6x6 tanker","destroyed","https://i.postimg.cc/mgrDW9jc/1136-kamaz-fuel.jpg","2022-09-29",267,5214,1,"7-26752141","09/29/2022"
"5725","Russia","Russia","78 KamAZ 6x6 tanker","destroyed","https://i.postimg.cc/vHhBKhrF/1137-kamaz-fuel.jpg","2022-09-29",267,5215,1,"7-26752151","09/29/2022"
"5726","Russia","Russia","78 KamAZ 6x6 tanker","destroyed","https://i.postimg.cc/3xbw8wft/1138-kamaz-fuel.jpg","2022-09-29",267,5216,1,"7-26752161","09/29/2022"
"5727","Russia","Russia","78 KamAZ 6x6 tanker","destroyed","https://i.postimg.cc/jqDHzmfT/vlc-RNksf-LLSic.png","2022-09-29",267,5217,1,"7-26752171","09/29/2022"
"5728","Russia","Russia","78 KamAZ 6x6 tanker","destroyed","https://i.postimg.cc/Wz2hXx4J/2022-09-26-Kam-AZ-6x6-tanker.jpg","2022-09-29",267,5218,1,"7-26752181","09/29/2022"
"5729","Russia","Russia","78 KamAZ 6x6 tanker","destroyed","https://i.postimg.cc/BZM6JY6M/2022-09-26-Kam-AZ-6x6-tanker-x2.jpg","2022-09-29",267,5219,1,"7-26752191","09/29/2022"
"5730","Russia","Russia","78 KamAZ 6x6 tanker","destroyed","https://i.postimg.cc/7YLpDMbm/1.png","2022-09-29",267,5220,1,"7-26752201","09/29/2022"
"5731","Russia","Russia","78 KamAZ 6x6 tanker","damaged","https://i.postimg.cc/XYdzk891/5g.png","2022-09-29",267,5221,4,"7-26752214","09/29/2022"
"5732","Russia","Russia","78 KamAZ 6x6 tanker","damaged","https://i.postimg.cc/DyJTzQPv/1002-kamaz-tanker-x2-damaged.jpg","2022-09-29",267,5222,4,"7-26752224","09/29/2022"
"5733","Russia","Russia","78 KamAZ 6x6 tanker","damaged","https://twitter.com/UAWeapons/status/1551210350548336640","2022-09-29",267,4450,4,"7-26744504","09/29/2022"
"5734","Russia","Russia","78 KamAZ 6x6 tanker","abandoned","https://i.postimg.cc/CK9ZnJrc/Screenshot-8398.png","2022-09-29",267,5223,2,"7-26752232","09/29/2022"
"5735","Russia","Russia","78 KamAZ 6x6 tanker","abandoned","https://i.postimg.cc/xTNQw51P/aa1.jpg","2022-09-29",267,5224,2,"7-26752242","09/29/2022"
"5736","Russia","Russia","78 KamAZ 6x6 tanker","damaged","https://i.postimg.cc/DfYbWs3H/Kamaz.png","2022-09-29",267,5225,4,"7-26752254","09/29/2022"
"5737","Russia","Russia","78 KamAZ 6x6 tanker","captured","https://i.postimg.cc/DfYbWs3H/Kamaz.png","2022-09-29",267,5225,3,"7-26752253","09/29/2022"
"5738","Russia","Russia","78 KamAZ 6x6 tanker","damaged","https://i.postimg.cc/m2TR1RH5/4311.jpg","2022-09-29",267,5226,4,"7-26752264","09/29/2022"
"5739","Russia","Russia","78 KamAZ 6x6 tanker","captured","https://i.postimg.cc/m2TR1RH5/4311.jpg","2022-09-29",267,5226,3,"7-26752263","09/29/2022"
"5740","Russia","Russia","78 KamAZ 6x6 tanker","captured","https://i.postimg.cc/T1dZFqtr/665.jpg","2022-09-29",267,5227,3,"7-26752273","09/29/2022"
"5741","Russia","Russia","78 KamAZ 6x6 tanker","captured","https://i.postimg.cc/SQ6NYYKQ/48.png","2022-09-29",267,5228,3,"7-26752283","09/29/2022"
"5742","Russia","Russia","78 KamAZ 6x6 tanker","captured","https://i.postimg.cc/FKptmK0L/33.jpg","2022-09-29",267,5229,3,"7-26752293","09/29/2022"
"5743","Russia","Russia","78 KamAZ 6x6 tanker","captured","https://i.postimg.cc/KYbKRw6R/337.jpg","2022-09-29",267,5230,3,"7-26752303","09/29/2022"
"5744","Russia","Russia","78 KamAZ 6x6 tanker","captured","https://i.postimg.cc/2y9NYXL9/565.jpg","2022-09-29",267,5231,3,"7-26752313","09/29/2022"
"5745","Russia","Russia","78 KamAZ 6x6 tanker","captured","https://i.postimg.cc/FFBjBjBd/1.png","2022-09-29",267,5232,3,"7-26752323","09/29/2022"
"5746","Russia","Russia","78 KamAZ 6x6 tanker","captured","https://i.postimg.cc/15tY3vhL/4456.png","2022-09-29",267,5233,3,"7-26752333","09/29/2022"
"5747","Russia","Russia","78 KamAZ 6x6 tanker","captured","https://i.postimg.cc/W3YpnCfM/b6.jpg","2022-09-29",267,5234,3,"7-26752343","09/29/2022"
"5748","Russia","Russia","78 KamAZ 6x6 tanker","captured","https://i.postimg.cc/T1zWDNNb/fu10.jpg","2022-09-29",267,5235,3,"7-26752353","09/29/2022"
"5749","Russia","Russia","78 KamAZ 6x6 tanker","captured","https://i.postimg.cc/QdrTNPTG/fu11.jpg","2022-09-29",267,5236,3,"7-26752363","09/29/2022"
"5750","Russia","Russia","78 KamAZ 6x6 tanker","captured","https://i.postimg.cc/7ZMT5V3C/fu12.jpg","2022-09-29",267,5237,3,"7-26752373","09/29/2022"
"5751","Russia","Russia","78 KamAZ 6x6 tanker","captured","https://i.postimg.cc/vmYxfVh0/fu13.jpg","2022-09-29",267,5238,3,"7-26752383","09/29/2022"
"5752","Russia","Russia","78 KamAZ 6x6 tanker","captured","https://i.postimg.cc/K4hRzk4r/fu14.jpg","2022-09-29",267,5239,3,"7-26752393","09/29/2022"
"5753","Russia","Russia","78 KamAZ 6x6 tanker","captured","https://i.postimg.cc/YSRVHR7N/ff8.jpg","2022-09-29",267,5240,3,"7-26752403","09/29/2022"
"5754","Russia","Russia","78 KamAZ 6x6 tanker","captured","https://i.postimg.cc/sf97hxtg/c2.jpg","2022-09-29",267,5241,3,"7-26752413","09/29/2022"
"5755","Russia","Russia","78 KamAZ 6x6 tanker","captured","https://i.postimg.cc/762Bt7mX/114.png","2022-09-29",267,5242,3,"7-26752423","09/29/2022"
"5756","Russia","Russia","78 KamAZ 6x6 tanker","captured","https://i.postimg.cc/pdnXvxd3/c12.jpg","2022-09-29",267,5243,3,"7-26752433","09/29/2022"
"5757","Russia","Russia","78 KamAZ 6x6 tanker","captured","https://i.postimg.cc/9MMhbMDr/vb1.png","2022-09-29",267,5244,3,"7-26752443","09/29/2022"
"5758","Russia","Russia","78 KamAZ 6x6 tanker","captured","https://i.postimg.cc/MHf8kFbw/vb2.png","2022-09-29",267,5245,3,"7-26752453","09/29/2022"
"5759","Russia","Russia","78 KamAZ 6x6 tanker","captured","https://i.postimg.cc/9QDRgJyX/f15.png","2022-09-29",267,5246,3,"7-26752463","09/29/2022"
"5760","Russia","Russia","78 KamAZ 6x6 tanker","captured","https://i.postimg.cc/yYLHzZtr/753.png","2022-09-29",267,5247,3,"7-26752473","09/29/2022"
"5761","Russia","Russia","78 KamAZ 6x6 tanker","captured","https://i.postimg.cc/3Nc2HsPC/89.jpg","2022-09-29",267,5248,3,"7-26752483","09/29/2022"
"5762","Russia","Russia","78 KamAZ 6x6 tanker","captured","https://i.postimg.cc/xTn8ghb3/1135-kamaz-fuel.jpg","2022-09-29",267,5249,3,"7-26752493","09/29/2022"
"5763","Russia","Russia","78 KamAZ 6x6 tanker","damaged","https://i.postimg.cc/JhRL94Pf/1026-ural-tanker.jpg","2022-09-29",267,5250,4,"7-26752504","09/29/2022"
"5764","Russia","Russia","78 KamAZ 6x6 tanker","captured","https://i.postimg.cc/JhRL94Pf/1026-ural-tanker.jpg","2022-09-29",267,5250,3,"7-26752503","09/29/2022"
"5765","Russia","Russia","78 KamAZ 6x6 tanker","captured","https://i.postimg.cc/nhGfLKP0/1000-kamaz-tanker.jpg","2022-09-29",267,5251,3,"7-26752513","09/29/2022"
"5766","Russia","Russia","14 KamAZ 8x8","destroyed","https://i.postimg.cc/fLwk6PF2/317.png","2022-09-29",268,5252,1,"7-26852521","09/29/2022"
"5767","Russia","Russia","14 KamAZ 8x8","destroyed","https://i.postimg.cc/QCFNDZqb/1150.png","2022-09-29",268,5253,1,"7-26852531","09/29/2022"
"5768","Russia","Russia","14 KamAZ 8x8","destroyed","https://i.postimg.cc/brsGLhjt/d5.png","2022-09-29",268,5254,1,"7-26852541","09/29/2022"
"5769","Russia","Russia","14 KamAZ 8x8","destroyed","https://twitter.com/UAWeapons/status/1538169293237633029","2022-09-29",268,5255,1,"7-26852551","09/29/2022"
"5770","Russia","Russia","14 KamAZ 8x8","destroyed","https://i.postimg.cc/d0VSKt9K/5g54.jpg","2022-09-29",268,5256,1,"7-26852561","09/29/2022"
"5771","Russia","Russia","14 KamAZ 8x8","destroyed","https://i.postimg.cc/zGBrsRBN/1083-Kam-AZ-8x8.jpg","2022-09-29",268,5257,1,"7-26852571","09/29/2022"
"5772","Russia","Russia","14 KamAZ 8x8","destroyed","https://i.postimg.cc/Dy7X6fy4/1004-kamaz6x6-2x-kamaz8x8.jpg","2022-09-29",268,5056,1,"7-26850561","09/29/2022"
"5773","Russia","Russia","14 KamAZ 8x8","captured","https://i.postimg.cc/qv81pwML/55444.jpg","2022-09-29",268,5258,3,"7-26852583","09/29/2022"
"5774","Russia","Russia","14 KamAZ 8x8","captured","https://twitter.com/UAWeapons/status/1568899264650280961","2022-09-29",268,4617,3,"7-26846173","09/29/2022"
"5775","Russia","Russia","14 KamAZ 8x8","captured","https://i.postimg.cc/wvhd7vgh/2022-09-28-Kam-AZ-8x8.jpg","2022-09-29",268,5259,3,"7-26852593","09/29/2022"
"5776","Russia","Russia","24 KamAZ Avtozaks","destroyed","https://i.postimg.cc/8C0xX3fD/t6.jpg","2022-09-29",269,5260,1,"7-26952601","09/29/2022"
"5777","Russia","Russia","24 KamAZ Avtozaks","destroyed","https://i.postimg.cc/NG2Hv3sw/665.png","2022-09-29",269,5261,1,"7-26952611","09/29/2022"
"5778","Russia","Russia","24 KamAZ Avtozaks","destroyed","https://postimg.cc/CznZMqFz","2022-09-29",269,5262,1,"7-26952621","09/29/2022"
"5779","Russia","Russia","24 KamAZ Avtozaks","destroyed","https://i.postimg.cc/Ssqsv6s3/tr1.png","2022-09-29",269,5263,1,"7-26952631","09/29/2022"
"5780","Russia","Russia","24 KamAZ Avtozaks","destroyed","https://i.postimg.cc/8z6QHD76/46g.jpg","2022-09-29",269,5264,1,"7-26952641","09/29/2022"
"5781","Russia","Russia","24 KamAZ Avtozaks","destroyed","https://i.postimg.cc/NF6Kxmgb/ukk2.jpg","2022-09-29",269,5265,1,"7-26952651","09/29/2022"
"5782","Russia","Russia","24 KamAZ Avtozaks","destroyed","https://i.postimg.cc/PJ5hcpv0/5544.jpg","2022-09-29",269,5266,1,"7-26952661","09/29/2022"
"5783","Russia","Russia","24 KamAZ Avtozaks","destroyed","https://i.postimg.cc/mhW4vFLD/Screenshot-8193.png","2022-09-29",269,5267,1,"7-26952671","09/29/2022"
"5784","Russia","Russia","24 KamAZ Avtozaks","destroyed","https://i.postimg.cc/RhCvjJ0x/ttr.jpg","2022-09-29",269,5268,1,"7-26952681","09/29/2022"
"5785","Russia","Russia","24 KamAZ Avtozaks","destroyed","https://i.postimg.cc/c4Hsh3jQ/ttrr.jpg","2022-09-29",269,5269,1,"7-26952691","09/29/2022"
"5786","Russia","Russia","24 KamAZ Avtozaks","destroyed","https://i.postimg.cc/bvXpqBvT/b677.jpg","2022-09-29",269,5270,1,"7-26952701","09/29/2022"
"5787","Russia","Russia","24 KamAZ Avtozaks","destroyed","https://i.postimg.cc/C1DsjfnM/1201.jpg","2022-09-29",269,4911,1,"7-26949111","09/29/2022"
"5788","Russia","Russia","24 KamAZ Avtozaks","destroyed","https://i.postimg.cc/SNGK2dR1/1139-Kam-AZ-Avtozaks.jpg","2022-09-29",269,5271,1,"7-26952711","09/29/2022"
"5789","Russia","Russia","24 KamAZ Avtozaks","destroyed","https://postimg.cc/rd1xVtNS","2022-09-29",269,5272,1,"7-26952721","09/29/2022"
"5790","Russia","Russia","24 KamAZ Avtozaks","destroyed","https://postimg.cc/KRCMt59P","2022-09-29",269,5273,1,"7-26952731","09/29/2022"
"5791","Russia","Russia","24 KamAZ Avtozaks","destroyed","https://i.postimg.cc/brsP08my/1003-Kam-AZ-Avtozaks-2x.jpg","2022-09-29",269,5274,1,"7-26952741","09/29/2022"
"5792","Russia","Russia","24 KamAZ Avtozaks","abandoned","https://i.postimg.cc/kg3NP1YY/a6.png","2022-09-29",269,5275,2,"7-26952752","09/29/2022"
"5793","Russia","Russia","24 KamAZ Avtozaks","captured","https://i.postimg.cc/dQhZ41xT/443.png","2022-09-29",269,5276,3,"7-26952763","09/29/2022"
"5794","Russia","Russia","24 KamAZ Avtozaks","captured","https://i.postimg.cc/3NXJzDHL/7760.png","2022-09-29",269,5277,3,"7-26952773","09/29/2022"
"5795","Russia","Russia","24 KamAZ Avtozaks","captured","https://i.postimg.cc/bNQBNBGY/Screenshot-8285.png","2022-09-29",269,5278,3,"7-26952783","09/29/2022"
"5796","Russia","Russia","24 KamAZ Avtozaks","captured","https://i.postimg.cc/Pq6cnvCm/Screenshot-8284.png","2022-09-29",269,5279,3,"7-26952793","09/29/2022"
"5797","Russia","Russia","24 KamAZ Avtozaks","captured","https://postimg.cc/zVzd9q5t","2022-09-29",269,5280,3,"7-26952803","09/29/2022"
"5798","Russia","Russia","24 KamAZ Avtozaks","damaged","https://i.postimg.cc/05BPkMNb/1004-Kam-AZ-Avtozaks.jpg","2022-09-29",269,5281,4,"7-26952814","09/29/2022"
"5799","Russia","Russia","24 KamAZ Avtozaks","captured","https://i.postimg.cc/05BPkMNb/1004-Kam-AZ-Avtozaks.jpg","2022-09-29",269,5281,3,"7-26952813","09/29/2022"
"5800","Russia","Russia","7 KamAZ-5350 with armoured cabin","destroyed","https://i.postimg.cc/9XPFRwh7/1000-kamaz-6x6.jpg","2022-09-29",270,5282,1,"7-27052821","09/29/2022"
"5801","Russia","Russia","7 KamAZ-5350 with armoured cabin","captured","https://i.postimg.cc/K8D371Tn/549.png","2022-09-29",270,5283,3,"7-27052833","09/29/2022"
"5802","Russia","Russia","7 KamAZ-5350 with armoured cabin","captured","https://i.postimg.cc/BbM8p4W3/p1.png","2022-09-29",270,5284,3,"7-27052843","09/29/2022"
"5803","Russia","Russia","7 KamAZ-5350 with armoured cabin","captured","https://i.postimg.cc/4NpY38Vb/3567.jpg","2022-09-29",270,5285,3,"7-27052853","09/29/2022"
"5804","Russia","Russia","7 KamAZ-5350 with armoured cabin","captured","https://i.postimg.cc/W39WJvjf/4387.png","2022-09-29",270,5139,3,"7-27051393","09/29/2022"
"5805","Russia","Russia","7 KamAZ-5350 with armoured cabin","captured","https://i.postimg.cc/xj6wSkMN/3ds1.png","2022-09-29",270,5286,3,"7-27052863","09/29/2022"
"5806","Russia","Russia","17 KamAZ with MM-501 armoured cabin","destroyed","https://i.postimg.cc/NF43VgvL/1084-Kam-AZ-with-armoured-cabin.jpg","2022-09-29",271,5287,1,"7-27152871","09/29/2022"
"5807","Russia","Russia","17 KamAZ with MM-501 armoured cabin","destroyed","https://i.postimg.cc/1XrSQGwm/1085-Kam-AZ-with-armoured-cabin.jpg","2022-09-29",271,5288,1,"7-27152881","09/29/2022"
"5808","Russia","Russia","17 KamAZ with MM-501 armoured cabin","destroyed","https://i.postimg.cc/rmWjR3ww/335.png","2022-09-29",271,5289,1,"7-27152891","09/29/2022"
"5809","Russia","Russia","17 KamAZ with MM-501 armoured cabin","destroyed","https://twitter.com/UAWeapons/status/1561446693580771329","2022-09-29",271,5290,1,"7-27152901","09/29/2022"
"5810","Russia","Russia","17 KamAZ with MM-501 armoured cabin","destroyed","https://twitter.com/UAWeapons/status/1568552147821764610","2022-09-29",271,3052,1,"7-27130521","09/29/2022"
"5811","Russia","Russia","17 KamAZ with MM-501 armoured cabin","destroyed","https://i.postimg.cc/3NjF2qgZ/2022-09-15-2-Kam-AZ-MM501.jpg","2022-09-29",271,5291,1,"7-27152911","09/29/2022"
"5812","Russia","Russia","17 KamAZ with MM-501 armoured cabin","destroyed","https://i.postimg.cc/wTdW3XhV/2022-09-15-2-Kam-AZ-6x6-tanker-1.jpg","2022-09-29",271,5292,1,"7-27152921","09/29/2022"
"5813","Russia","Russia","17 KamAZ with MM-501 armoured cabin","destroyed","https://i.postimg.cc/t44NV27h/2022-09-15-2-Unknown-Truck.jpg","2022-09-29",271,5293,1,"7-27152931","09/29/2022"
"5814","Russia","Russia","17 KamAZ with MM-501 armoured cabin","abandoned","https://i.postimg.cc/k5h1G2f3/39.png","2022-09-29",271,5294,2,"7-27152942","09/29/2022"
"5815","Russia","Russia","17 KamAZ with MM-501 armoured cabin","abandoned","https://i.postimg.cc/4yj6dBfd/a7.png","2022-09-29",271,5295,2,"7-27152952","09/29/2022"
"5816","Russia","Russia","17 KamAZ with MM-501 armoured cabin","captured","https://i.postimg.cc/yxJz9QDt/3d.png","2022-09-29",271,5296,3,"7-27152963","09/29/2022"
"5817","Russia","Russia","17 KamAZ with MM-501 armoured cabin","captured","https://i.postimg.cc/d110k8fj/26.png","2022-09-29",271,5297,3,"7-27152973","09/29/2022"
"5818","Russia","Russia","17 KamAZ with MM-501 armoured cabin","captured","https://i.postimg.cc/MHsx6TzV/kamaazzzaa.jpg","2022-09-29",271,5298,3,"7-27152983","09/29/2022"
"5819","Russia","Russia","17 KamAZ with MM-501 armoured cabin","captured","https://i.postimg.cc/HL9J2hX1/1007-kamaz-with-mm501-cabin.jpg","2022-09-29",271,5299,3,"7-27152993","09/29/2022"
"5820","Russia","Russia","17 KamAZ with MM-501 armoured cabin","damaged","https://twitter.com/UAWeapons/status/1568344642105532418","2022-09-29",271,4808,4,"7-27148084","09/29/2022"
"5821","Russia","Russia","17 KamAZ with MM-501 armoured cabin","captured","https://twitter.com/UAWeapons/status/1568344642105532418","2022-09-29",271,4808,3,"7-27148083","09/29/2022"
"5822","Russia","Russia","17 KamAZ with MM-501 armoured cabin","captured","https://twitter.com/UAWeapons/status/1567969237377101825","2022-09-29",271,5300,3,"7-27153003","09/29/2022"
"5823","Russia","Russia","17 KamAZ with MM-501 armoured cabin","captured","https://twitter.com/Danspiun/status/1575253321685864611","2022-09-29",271,5301,3,"7-27153013","09/29/2022"
"5824","Russia","Russia","KamAZ-6350 8x8 artillery tractor","destroyed","https://i.postimg.cc/VvPSc7kX/Screenshot-8070.png","2022-09-29",272,5302,1,"7-27253021","09/29/2022"
"5825","Russia","Russia","KamAZ-6350 8x8 artillery tractor","destroyed","https://i.postimg.cc/br0ZYQZW/Screenshot-8071.png","2022-09-29",272,5303,1,"7-27253031","09/29/2022"
"5826","Russia","Russia","KamAZ-6350 8x8 artillery tractor","destroyed","https://i.postimg.cc/XqZpQvds/469.png","2022-09-29",272,5304,1,"7-27253041","09/29/2022"
"5827","Russia","Russia","KamAZ-6350 8x8 artillery tractor","destroyed","https://twitter.com/UAWeapons/status/1560253379095535620","2022-09-29",272,5305,1,"7-27253051","09/29/2022"
"5828","Russia","Russia","KamAZ-6350 8x8 artillery tractor","damaged","https://i.postimg.cc/br6jRJWd/Screenshot-8072.png","2022-09-29",272,5306,4,"7-27253064","09/29/2022"
"5829","Russia","Russia","KamAZ-6350 8x8 artillery tractor","damaged","https://i.postimg.cc/nczxh49m/Screenshot-8074.png","2022-09-29",272,5307,4,"7-27253074","09/29/2022"
"5830","Russia","Russia","Civilian KamAZ 6x6 converted for military use","destroyed","https://postlmg.cc/fJzBs5BX","2022-09-29",273,5308,1,"7-27353081","09/29/2022"
"5831","Russia","Russia","Civilian KamAZ 6x6 converted for military use","captured","https://i.postimg.cc/5yqVsR4L/Screenshot-8949.png","2022-09-29",273,5309,3,"7-27353093","09/29/2022"
"5832","Russia","Russia","Civilian KamAZ 6x6 converted for military use","captured","https://i.postimg.cc/dQhZ41xT/443.png","2022-09-29",273,5276,3,"7-27352763","09/29/2022"
"5833","Russia","Soviet Union","15 UAZ-469 jeep","destroyed","https://twitter.com/UAWeapons/status/1500166161144688643","2022-09-29",274,5310,1,"7-27453101","09/29/2022"
"5834","Russia","Soviet Union","15 UAZ-469 jeep","destroyed","https://i.postimg.cc/hvfWmPFF/460.png","2022-09-29",274,5311,1,"7-27453111","09/29/2022"
"5835","Russia","Soviet Union","15 UAZ-469 jeep","destroyed","https://i.postimg.cc/qBPkvkhM/1000.jpg","2022-09-29",274,5312,1,"7-27453121","09/29/2022"
"5836","Russia","Soviet Union","15 UAZ-469 jeep","destroyed","https://i.postimg.cc/rwn5bbt5/1003-uaz469.jpg","2022-09-29",274,5313,1,"7-27453131","09/29/2022"
"5837","Russia","Soviet Union","15 UAZ-469 jeep","destroyed","https://twitter.com/UAWeapons/status/1568552147821764610","2022-09-29",274,3052,1,"7-27430521","09/29/2022"
"5838","Russia","Soviet Union","15 UAZ-469 jeep","destroyed","https://i.postimg.cc/5ygGP1bC/1020-jeep.jpg","2022-09-29",274,5314,1,"7-27453141","09/29/2022"
"5839","Russia","Soviet Union","15 UAZ-469 jeep","destroyed","https://twitter.com/UAWeapons/status/1569727630189936641","2022-09-29",274,5315,1,"7-27453151","09/29/2022"
"5840","Russia","Soviet Union","15 UAZ-469 jeep","destroyed","https://i.postimg.cc/ncfg8br0/2022-09-16-UAZ.jpg","2022-09-29",274,5316,1,"7-27453161","09/29/2022"
"5841","Russia","Soviet Union","15 UAZ-469 jeep","abandoned","https://i.postimg.cc/J4Nx3qRy/37h.png","2022-09-29",274,5317,2,"7-27453172","09/29/2022"
"5842","Russia","Soviet Union","15 UAZ-469 jeep","damaged","https://i.postimg.cc/1tx1VCKR/1088-UAZ-469.jpg","2022-09-29",274,5318,4,"7-27453184","09/29/2022"
"5843","Russia","Soviet Union","15 UAZ-469 jeep","captured","https://i.postimg.cc/1tx1VCKR/1088-UAZ-469.jpg","2022-09-29",274,5318,3,"7-27453183","09/29/2022"
"5844","Russia","Soviet Union","15 UAZ-469 jeep","captured","https://i.postimg.cc/CxsxqBbv/c1.png","2022-09-29",274,5319,3,"7-27453193","09/29/2022"
"5845","Russia","Soviet Union","15 UAZ-469 jeep","captured","https://i.postimg.cc/bwKN66rf/668.jpg","2022-09-29",274,5320,3,"7-27453203","09/29/2022"
"5846","Russia","Soviet Union","15 UAZ-469 jeep","captured","https://i.postimg.cc/7bvZVNPD/2022-09-23-T-72-B3-2.jpg","2022-09-29",274,399,3,"7-2743993","09/29/2022"
"5847","Russia","Soviet Union","15 UAZ-469 jeep","captured","https://i.postimg.cc/mDmWNdt1/1.png","2022-09-29",274,5321,3,"7-27453213","09/29/2022"
"5848","Russia","Soviet Union","17 UAZ-452 van","destroyed","https://i.postimg.cc/Jny94yX3/l7.png","2022-09-29",275,5322,1,"7-27553221","09/29/2022"
"5849","Russia","Soviet Union","17 UAZ-452 van","destroyed","https://i.postimg.cc/ZKzJYxNP/33118.png","2022-09-29",275,5323,1,"7-27553231","09/29/2022"
"5850","Russia","Soviet Union","17 UAZ-452 van","destroyed","https://i.postimg.cc/QtWqk3YK/41.png","2022-09-29",275,5324,1,"7-27553241","09/29/2022"
"5851","Russia","Soviet Union","17 UAZ-452 van","destroyed","https://postimg.cc/HrVmKTYn","2022-09-29",275,5325,1,"7-27553251","09/29/2022"
"5852","Russia","Soviet Union","17 UAZ-452 van","destroyed","https://twitter.com/UAWeapons/status/1530210208751951872","2022-09-29",275,1167,1,"7-27511671","09/29/2022"
"5853","Russia","Soviet Union","17 UAZ-452 van","destroyed","https://i.postimg.cc/sDbWpHLh/1000.jpg","2022-09-29",275,5326,1,"7-27553261","09/29/2022"
"5854","Russia","Soviet Union","17 UAZ-452 van","destroyed","https://i.postimg.cc/MHfnmJF9/1000-1x-Ural-4320-1x-GAZ-Patriot-and-1x-UAZ-452.jpg","2022-09-29",275,4414,1,"7-27544141","09/29/2022"
"5855","Russia","Soviet Union","17 UAZ-452 van","destroyed","https://twitter.com/Blue_Sauron/status/1574735692697337856","2022-09-29",275,5327,1,"7-27553271","09/29/2022"
"5856","Russia","Soviet Union","17 UAZ-452 van","destroyed","https://i.postimg.cc/ZnYq1x06/7.png","2022-09-29",275,5328,1,"7-27553281","09/29/2022"
"5857","Russia","Soviet Union","17 UAZ-452 van","damaged","https://i.postimg.cc/HxGSMy5N/1013-uaz452.jpg","2022-09-29",275,5329,4,"7-27553294","09/29/2022"
"5858","Russia","Soviet Union","17 UAZ-452 van","damaged","https://i.postimg.cc/Hk2737Xj/1005-uaz452.jpg","2022-09-29",275,5330,4,"7-27553304","09/29/2022"
"5859","Russia","Soviet Union","17 UAZ-452 van","abandoned","https://i.postimg.cc/Hk2737Xj/1005-uaz452.jpg","2022-09-29",275,5330,2,"7-27553302","09/29/2022"
"5860","Russia","Soviet Union","17 UAZ-452 van","damaged","https://i.postimg.cc/qv8yk3c1/66555.jpg","2022-09-29",275,5331,4,"7-27553314","09/29/2022"
"5861","Russia","Soviet Union","17 UAZ-452 van","captured","https://i.postimg.cc/qv8yk3c1/66555.jpg","2022-09-29",275,5331,3,"7-27553313","09/29/2022"
"5862","Russia","Soviet Union","17 UAZ-452 van","captured","https://i.postimg.cc/h49rZcwR/fd.png","2022-09-29",275,5332,3,"7-27553323","09/29/2022"
"5863","Russia","Soviet Union","17 UAZ-452 van","damaged","https://i.postimg.cc/02942jVH/1009-uar452.jpg","2022-09-29",275,5333,4,"7-27553334","09/29/2022"
"5864","Russia","Soviet Union","17 UAZ-452 van","captured","https://i.postimg.cc/02942jVH/1009-uar452.jpg","2022-09-29",275,5333,3,"7-27553333","09/29/2022"
"5865","Russia","Soviet Union","17 UAZ-452 van","captured","https://i.postimg.cc/RVC2W3LQ/1019-uaz452.jpg","2022-09-29",275,5334,3,"7-27553343","09/29/2022"
"5866","Russia","Soviet Union","17 UAZ-452 van","captured","https://postimg.cc/mcKm38z9","2022-09-29",275,5335,3,"7-27553353","09/29/2022"
"5867","Russia","Soviet Union","17 UAZ-452 van","captured","https://i.postimg.cc/QCRnfvKj/1007-uaz452.jpg","2022-09-29",275,5336,3,"7-27553363","09/29/2022"
"5868","Russia","Russia","3 UAZ Patriot jeep","destroyed","https://twitter.com/UAWeapons/status/1512442303100899328","2022-09-29",276,5337,1,"7-27653371","09/29/2022"
"5869","Russia","Russia","3 UAZ Patriot jeep","destroyed","https://i.postimg.cc/MHfnmJF9/1000-1x-Ural-4320-1x-GAZ-Patriot-and-1x-UAZ-452.jpg","2022-09-29",276,4414,1,"7-27644141","09/29/2022"
"5870","Russia","Russia","3 UAZ Patriot jeep","captured","https://i.postimg.cc/HsjyTykV/2022-09-15-UAZ-Patriot.png","2022-09-29",276,5338,3,"7-27653383","09/29/2022"
"5871","Russia","Russia","1 UAZ-31514","captured","https://twitter.com/UAWeapons/status/1572155780698341376","2022-09-29",277,1233,3,"7-27712333","09/29/2022"
"5872","Russia","Russia","UAZ-23632 pickup truck","captured","https://i.postimg.cc/Hk70g9v5/f234.png","2022-09-29",278,5339,3,"7-27853393","09/29/2022"
"5873","Russia","Russia","UAZ-23632 pickup truck","captured","https://postimg.cc/XrK56zCd","2022-09-29",278,5340,3,"7-27853403","09/29/2022"
"5874","Russia","Russia","UAZ-23632 pickup truck","captured","https://i.postimg.cc/QCK58qpb/patriot.jpg","2022-09-29",278,5341,3,"7-27853413","09/29/2022"
"5875","Russia","Russia","UAZ-23632-148-64 armed pickup truck","destroyed","https://twitter.com/UAWeapons/status/1523768935933693953","2022-09-29",279,3100,1,"7-27931001","09/29/2022"
"5876","Russia","Japan","Toyota Hilux pickup truck","destroyed","https://i.postimg.cc/XY7zvhsb/6k.png","2022-09-29",280,5342,1,"7-28053421","09/29/2022"
"5877","Russia","Russia","5 UAZ-394511 <U+2018>Esaul<U+2019>","destroyed","https://i.postimg.cc/VLdBWJq6/1021.jpg","2022-09-29",281,5343,1,"7-28153431","09/29/2022"
"5878","Russia","Russia","5 UAZ-394511 <U+2018>Esaul<U+2019>","destroyed","https://twitter.com/RALee85/status/1550251325958529027","2022-09-29",281,5344,1,"7-28153441","09/29/2022"
"5879","Russia","Russia","5 UAZ-394511 <U+2018>Esaul<U+2019>","destroyed","https://i.postimg.cc/Bbc53zvc/1003-esaul.jpg","2022-09-29",281,5345,1,"7-28153451","09/29/2022"
"5880","Russia","Russia","5 UAZ-394511 <U+2018>Esaul<U+2019>","damaged","https://i.postimg.cc/tggdgvNx/54g.jpg","2022-09-29",281,5346,4,"7-28153464","09/29/2022"
"5881","Russia","Russia","5 UAZ-394511 <U+2018>Esaul<U+2019>","captured","https://i.postimg.cc/tggdgvNx/54g.jpg","2022-09-29",281,5346,3,"7-28153463","09/29/2022"
"5882","Russia","Russia","5 UAZ-394511 <U+2018>Esaul<U+2019>","damaged","https://i.postimg.cc/3ww79TFW/1000-Esaul.png","2022-09-29",281,5347,4,"7-28153474","09/29/2022"
"5883","Russia","Russia","5 UAZ-394511 <U+2018>Esaul<U+2019>","captured","https://i.postimg.cc/3ww79TFW/1000-Esaul.png","2022-09-29",281,5347,3,"7-28153473","09/29/2022"
"5884","Russia","Russia","1 UAZ-515195 'Esaul'","destroyed","https://i.postimg.cc/MTD1Lqjf/1007-UAZ-515195-Esaul.jpg","2022-09-29",282,4495,1,"7-28244951","09/29/2022"
"5885","Russia","Russia","(Unknown) truck","destroyed","https://twitter.com/UAWeapons/status/1498757622211784707","2022-09-29",283,1125,1,"7-28311251","09/29/2022"
"5886","Russia","Russia","(Unknown) truck","destroyed","https://twitter.com/UAWeapons/status/1535274324730552320","2022-09-29",283,5348,1,"7-28353481","09/29/2022"
"5887","Russia","Russia","(Unknown) truck","destroyed","https://i.postimg.cc/h4TPx8Nh/76j.png","2022-09-29",283,5349,1,"7-28353491","09/29/2022"
"5888","Russia","Russia","(Unknown) truck","destroyed","https://twitter.com/UAWeapons/status/1555673498152058883","2022-09-29",283,5350,1,"7-28353501","09/29/2022"
"5889","Russia","Russia","(Unknown) truck","destroyed","https://i.postimg.cc/3wn7wzQM/686.png","2022-09-29",283,5351,1,"7-28353511","09/29/2022"
"5890","Russia","Russia","(Unknown) truck","destroyed","https://twitter.com/UAWeapons/status/1499429718281625601","2022-09-29",283,5352,1,"7-28353521","09/29/2022"
"5891","Russia","Russia","(Unknown) truck","destroyed","https://i.postimg.cc/q7W75Xdt/1000.jpg","2022-09-29",283,5353,1,"7-28353531","09/29/2022"
"5892","Russia","Russia","(Unknown) truck","destroyed","https://postimg.cc/RN6k1s2Z","2022-09-29",283,5354,1,"7-28353541","09/29/2022"
"5893","Russia","Russia","(Unknown) truck","destroyed","https://twitter.com/UAWeapons/status/1535286866379157504","2022-09-29",283,3814,1,"7-28338141","09/29/2022"
"5894","Russia","Russia","(Unknown) truck","destroyed","https://i.postimg.cc/JhFG4fyz/tt1.jpg","2022-09-29",283,5355,1,"7-28353551","09/29/2022"
"5895","Russia","Russia","(Unknown) truck","destroyed","https://i.postimg.cc/LXZhqxfB/tt2.jpg","2022-09-29",283,5356,1,"7-28353561","09/29/2022"
"5896","Russia","Russia","(Unknown) truck","destroyed","https://i.postimg.cc/3JGCMZcG/4f2.jpg","2022-09-29",283,5357,1,"7-28353571","09/29/2022"
"5897","Russia","Russia","(Unknown) truck","destroyed","https://i.postimg.cc/SR7zNYSk/f43.png","2022-09-29",283,5358,1,"7-28353581","09/29/2022"
"5898","Russia","Russia","(Unknown) truck","destroyed","https://postimg.cc/LY0cGKr9","2022-09-29",283,5359,1,"7-28353591","09/29/2022"
"5899","Russia","Russia","(Unknown) truck","destroyed","https://twitter.com/UAWeapons/status/1575041804738523137","2022-09-29",283,3824,1,"7-28338241","09/29/2022"
"5900","Russia","Russia","(Unknown) truck","destroyed","https://i.postimg.cc/hjR8g9pW/dj.jpg","2022-09-29",283,5360,1,"7-28353601","09/29/2022"
"5901","Russia","Russia","(Unknown) truck","destroyed","https://i.postimg.cc/L4zynf9N/779.png","2022-09-29",283,5361,1,"7-28353611","09/29/2022"
"5902","Russia","Russia","(Unknown) truck","destroyed","https://i.postimg.cc/XqZtqM6Z/p0.png","2022-09-29",283,5362,1,"7-28353621","09/29/2022"
"5903","Russia","Russia","(Unknown) truck","destroyed","https://i.postimg.cc/7LWFkPpv/l0.png","2022-09-29",283,5363,1,"7-28353631","09/29/2022"
"5904","Russia","Russia","(Unknown) truck","destroyed","https://i.postimg.cc/tJxyfnTm/l9.png","2022-09-29",283,5364,1,"7-28353641","09/29/2022"
"5905","Russia","Russia","(Unknown) truck","destroyed","https://i.postimg.cc/HLm0BjdY/r1.jpg","2022-09-29",283,5365,1,"7-28353651","09/29/2022"
"5906","Russia","Russia","(Unknown) truck","destroyed","https://i.postimg.cc/nL145Zhv/r2.jpg","2022-09-29",283,5366,1,"7-28353661","09/29/2022"
"5907","Russia","Russia","(Unknown) truck","destroyed","https://i.postimg.cc/vBHrwj4C/r3.jpg","2022-09-29",283,5367,1,"7-28353671","09/29/2022"
"5908","Russia","Russia","(Unknown) truck","destroyed","https://i.postimg.cc/j2dKY3xv/1150-unkn-truck.jpg","2022-09-29",283,5368,1,"7-28353681","09/29/2022"
"5909","Russia","Russia","(Unknown) truck","destroyed","https://i.postimg.cc/xdyWjGFZ/1149-unkn-truck.jpg","2022-09-29",283,5369,1,"7-28353691","09/29/2022"
"5910","Russia","Russia","(Unknown) truck","destroyed","https://i.postimg.cc/sxTD3tSG/u5.jpg","2022-09-29",283,4890,1,"7-28348901","09/29/2022"
"5911","Russia","Russia","(Unknown) truck","destroyed","https://twitter.com/Blue_Sauron/status/1543919804884701188","2022-09-29",283,5370,1,"7-28353701","09/29/2022"
"5912","Russia","Russia","(Unknown) truck","destroyed","https://twitter.com/UAWeapons/status/1553713673180413952","2022-09-29",283,3902,1,"7-28339021","09/29/2022"
"5913","Russia","Russia","(Unknown) truck","destroyed","https://i.postimg.cc/4yxGRmyR/321.png","2022-09-29",283,5371,1,"7-28353711","09/29/2022"
"5914","Russia","Russia","(Unknown) truck","destroyed","https://i.postimg.cc/K834NwrF/67.jpg","2022-09-29",283,5372,1,"7-28353721","09/29/2022"
"5915","Russia","Russia","(Unknown) truck","destroyed","https://i.postimg.cc/25wj2ysj/1003-ural-unkn-truck.jpg","2022-09-29",283,4494,1,"7-28344941","09/29/2022"
"5916","Russia","Russia","(Unknown) truck","destroyed","https://i.postimg.cc/fWYGxK0F/r1.jpg","2022-09-29",283,5050,1,"7-28350501","09/29/2022"
"5917","Russia","Russia","(Unknown) truck","destroyed","https://postlmg.cc/1grMhzNj","2022-09-29",283,5373,1,"7-28353731","09/29/2022"
"5918","Russia","Russia","(Unknown) truck","destroyed","https://i.postimg.cc/1XX04rgv/65.jpg","2022-09-29",283,5374,1,"7-28353741","09/29/2022"
"5919","Russia","Russia","(Unknown) truck","destroyed","https://i.postimg.cc/zXwV0qJ5/544.jpg","2022-09-29",283,979,1,"7-2839791","09/29/2022"
"5920","Russia","Russia","(Unknown) truck","destroyed","https://i.postimg.cc/hhRXrfSQ/115.png","2022-09-29",283,5161,1,"7-28351611","09/29/2022"
"5921","Russia","Russia","(Unknown) truck","destroyed","https://twitter.com/UAWeapons/status/1506600986944671749","2022-09-29",283,5375,1,"7-28353751","09/29/2022"
"5922","Russia","Russia","(Unknown) truck","destroyed","https://i.postimg.cc/2SygFqR9/113.png","2022-09-29",283,5376,1,"7-28353761","09/29/2022"
"5923","Russia","Russia","(Unknown) truck","destroyed","https://twitter.com/UAWeapons/status/1505306328851435523","2022-09-29",283,5377,1,"7-28353771","09/29/2022"
"5924","Russia","Russia","(Unknown) truck","destroyed","https://i.postimg.cc/13wN0z51/ut.jpg","2022-09-29",283,5378,1,"7-28353781","09/29/2022"
"5925","Russia","Russia","(Unknown) truck","destroyed","https://i.postimg.cc/zDxw333d/utt.jpg","2022-09-29",283,5379,1,"7-28353791","09/29/2022"
"5926","Russia","Russia","(Unknown) truck","destroyed","https://i.postimg.cc/13JfHnx2/682.png","2022-09-29",283,5380,1,"7-28353801","09/29/2022"
"5927","Russia","Russia","(Unknown) truck","destroyed","https://twitter.com/UAWeapons/status/1507836952694988804","2022-09-29",283,5381,1,"7-28353811","09/29/2022"
"5928","Russia","Russia","(Unknown) truck","destroyed","https://i.postimg.cc/cJPt3RFb/776.jpg","2022-09-29",283,5382,1,"7-28353821","09/29/2022"
"5929","Russia","Russia","(Unknown) truck","destroyed","https://i.postimg.cc/LXbx5t8X/u8s.jpg","2022-09-29",283,5383,1,"7-28353831","09/29/2022"
"5930","Russia","Russia","(Unknown) truck","destroyed","https://i.postimg.cc/0jRWbGP9/5433.jpg","2022-09-29",283,5384,1,"7-28353841","09/29/2022"
"5931","Russia","Russia","(Unknown) truck","destroyed","https://i.postimg.cc/nV0LJ3kK/3d1.jpg","2022-09-29",283,5385,1,"7-28353851","09/29/2022"
"5932","Russia","Russia","(Unknown) truck","destroyed","https://i.postimg.cc/Y0bFyQ0k/uuk1.jpg","2022-09-29",283,5386,1,"7-28353861","09/29/2022"
"5933","Russia","Russia","(Unknown) truck","destroyed","https://i.postimg.cc/G3Qv2nQN/uuk2.jpg","2022-09-29",283,5387,1,"7-28353871","09/29/2022"
"5934","Russia","Russia","(Unknown) truck","destroyed","https://i.postimg.cc/7LwxbdXs/uuk3.jpg","2022-09-29",283,5388,1,"7-28353881","09/29/2022"
"5935","Russia","Russia","(Unknown) truck","destroyed","https://i.postimg.cc/yNj7RjbV/uuk5.jpg","2022-09-29",283,5389,1,"7-28353891","09/29/2022"
"5936","Russia","Russia","(Unknown) truck","destroyed","https://i.postimg.cc/CL8Y7SQr/uuk7.jpg","2022-09-29",283,5390,1,"7-28353901","09/29/2022"
"5937","Russia","Russia","(Unknown) truck","destroyed","https://i.postimg.cc/fLgZ2Lsp/uuk12.jpg","2022-09-29",283,5391,1,"7-28353911","09/29/2022"
"5938","Russia","Russia","(Unknown) truck","destroyed","https://i.postimg.cc/dQpwGL4T/uuk13.jpg","2022-09-29",283,5392,1,"7-28353921","09/29/2022"
"5939","Russia","Russia","(Unknown) truck","destroyed","https://i.postimg.cc/cLNW5Pqx/uuk14.jpg","2022-09-29",283,5393,1,"7-28353931","09/29/2022"
"5940","Russia","Russia","(Unknown) truck","destroyed","https://i.postimg.cc/FKJVZSMC/76h.jpg","2022-09-29",283,5394,1,"7-28353941","09/29/2022"
"5941","Russia","Russia","(Unknown) truck","destroyed","https://i.postimg.cc/XYBn065L/1031.jpg","2022-09-29",283,5395,1,"7-28353951","09/29/2022"
"5942","Russia","Russia","(Unknown) truck","destroyed","https://i.postimg.cc/hjMxTDFD/1007.jpg","2022-09-29",283,5396,1,"7-28353961","09/29/2022"
"5943","Russia","Russia","(Unknown) truck","destroyed","https://twitter.com/RALee85/status/1543979720714469377","2022-09-29",283,5397,1,"7-28353971","09/29/2022"
"5944","Russia","Russia","(Unknown) truck","destroyed","https://i.postimg.cc/VNzNm95F/1002.jpg","2022-09-29",283,5398,1,"7-28353981","09/29/2022"
"5945","Russia","Russia","(Unknown) truck","destroyed","https://twitter.com/UAWeapons/status/1540437178928582657","2022-09-29",283,5399,1,"7-28353991","09/29/2022"
"5946","Russia","Russia","(Unknown) truck","destroyed","https://twitter.com/UAWeapons/status/1541792948572102659","2022-09-29",283,5400,1,"7-28354001","09/29/2022"
"5947","Russia","Russia","(Unknown) truck","destroyed","https://i.postimg.cc/CKV3VrJD/1151-unkn-truck-x7.jpg","2022-09-29",283,5401,1,"7-28354011","09/29/2022"
"5948","Russia","Russia","(Unknown) truck","destroyed","https://twitter.com/UAWeapons/status/1544068834604220417","2022-09-29",283,714,1,"7-2837141","09/29/2022"
"5949","Russia","Russia","(Unknown) truck","destroyed","https://twitter.com/Danspiun/status/1566064122852171778","2022-09-29",283,1583,1,"7-28315831","09/29/2022"
"5950","Russia","Russia","(Unknown) truck","destroyed","https://i.postimg.cc/FK5jQCg4/1004.jpg","2022-09-29",283,5402,1,"7-28354021","09/29/2022"
"5951","Russia","Russia","(Unknown) truck","destroyed","https://i.postimg.cc/7Y7b4hnh/1030-unkn-truck.jpg","2022-09-29",283,5403,1,"7-28354031","09/29/2022"
"5952","Russia","Russia","(Unknown) truck","destroyed","https://i.postimg.cc/CMtZfLGs/1002-unkn-afv-2x-kamaz-2x-unkn-truck.jpg","2022-09-29",283,5052,1,"7-28350521","09/29/2022"
"5953","Russia","Russia","(Unknown) truck","destroyed","https://twitter.com/UAWeapons/status/1550577114352599041","2022-09-29",283,5404,1,"7-28354041","09/29/2022"
"5954","Russia","Russia","(Unknown) truck","destroyed","https://i.postimg.cc/90G2S8K8/1004.jpg","2022-09-29",283,5405,1,"7-28354051","09/29/2022"
"5955","Russia","Russia","(Unknown) truck","destroyed","https://i.postimg.cc/y88KpQVC/1009.jpg","2022-09-29",283,5406,1,"7-28354061","09/29/2022"
"5956","Russia","Russia","(Unknown) truck","destroyed","https://i.postimg.cc/jqfkv75C/46.png","2022-09-29",283,5407,1,"7-28354071","09/29/2022"
"5957","Russia","Russia","(Unknown) truck","destroyed","https://i.postimg.cc/Y2GMHxpR/68.jpg","2022-09-29",283,5408,1,"7-28354081","09/29/2022"
"5958","Russia","Russia","(Unknown) truck","destroyed","https://i.postimg.cc/MKJ2823Z/4434.jpg","2022-09-29",283,5409,1,"7-28354091","09/29/2022"
"5959","Russia","Russia","(Unknown) truck","destroyed","https://i.postimg.cc/sXPHtgdQ/658.png","2022-09-29",283,5410,1,"7-28354101","09/29/2022"
"5960","Russia","Russia","(Unknown) truck","destroyed","https://postimg.cc/tY7D48RF","2022-09-29",283,5411,1,"7-28354111","09/29/2022"
"5961","Russia","Russia","(Unknown) truck","destroyed","https://i.postimg.cc/NjNzvkG1/u2.jpg","2022-09-29",283,5412,1,"7-28354121","09/29/2022"
"5962","Russia","Russia","(Unknown) truck","destroyed","https://i.postimg.cc/VNdHf052/u3.jpg","2022-09-29",283,5413,1,"7-28354131","09/29/2022"
"5963","Russia","Russia","(Unknown) truck","destroyed","https://i.postimg.cc/5yMPSPpM/u4.jpg","2022-09-29",283,5414,1,"7-28354141","09/29/2022"
"5964","Russia","Russia","(Unknown) truck","destroyed","https://twitter.com/UAWeapons/status/1514340774321831936","2022-09-29",283,5415,1,"7-28354151","09/29/2022"
"5965","Russia","Russia","(Unknown) truck","captured","https://i.postimg.cc/rFrpcfY9/43.jpg","2022-09-29",283,5416,3,"7-28354163","09/29/2022"
"5966","Russia","Russia","(Unknown) truck","destroyed","https://i.postimg.cc/rFrpcfY9/43.jpg","2022-09-29",283,5416,1,"7-28354161","09/29/2022"
"5967","Russia","Russia","(Unknown) truck","destroyed","https://twitter.com/Arslon_Xudosi/status/1513344309810057218","2022-09-29",283,5417,1,"7-28354171","09/29/2022"
"5968","Russia","Russia","(Unknown) truck","destroyed","https://twitter.com/UAWeapons/status/1513475137940574210","2022-09-29",283,2856,1,"7-28328561","09/29/2022"
"5969","Russia","Russia","(Unknown) truck","destroyed","https://i.postimg.cc/1tLwHSp5/7677.png","2022-09-29",283,5418,1,"7-28354181","09/29/2022"
"5970","Russia","Russia","(Unknown) truck","destroyed","https://i.postimg.cc/tCVhjMzP/uktru1.png","2022-09-29",283,5419,1,"7-28354191","09/29/2022"
"5971","Russia","Russia","(Unknown) truck","destroyed","https://i.postimg.cc/qvwdQ05x/u4.jpg","2022-09-29",283,5420,1,"7-28354201","09/29/2022"
"5972","Russia","Russia","(Unknown) truck","destroyed","https://i.postimg.cc/nLLfPg8b/u5.jpg","2022-09-29",283,5421,1,"7-28354211","09/29/2022"
"5973","Russia","Russia","(Unknown) truck","destroyed","https://i.postimg.cc/VNHPQg1S/u6.jpg","2022-09-29",283,5422,1,"7-28354221","09/29/2022"
"5974","Russia","Russia","(Unknown) truck","destroyed","https://i.postimg.cc/cJSHxJCV/33.jpg","2022-09-29",283,5423,1,"7-28354231","09/29/2022"
"5975","Russia","Russia","(Unknown) truck","destroyed","https://i.postimg.cc/0jnXSRjn/58.jpg","2022-09-29",283,5424,1,"7-28354241","09/29/2022"
"5976","Russia","Russia","(Unknown) truck","destroyed","https://i.postimg.cc/PqVr1ySs/664.png","2022-09-29",283,5425,1,"7-28354251","09/29/2022"
"5977","Russia","Russia","(Unknown) truck","destroyed","https://i.postimg.cc/x8DJBQB3/38.png","2022-09-29",283,5426,1,"7-28354261","09/29/2022"
"5978","Russia","Russia","(Unknown) truck","destroyed","https://twitter.com/UAWeapons/status/1520364599098462214","2022-09-29",283,3578,1,"7-28335781","09/29/2022"
"5979","Russia","Russia","(Unknown) truck","destroyed","https://i.postimg.cc/pL0YdJny/4311.jpg","2022-09-29",283,5427,1,"7-28354271","09/29/2022"
"5980","Russia","Russia","(Unknown) truck","destroyed","https://twitter.com/UAWeapons/status/1521047600065036291","2022-09-29",283,5428,1,"7-28354281","09/29/2022"
"5981","Russia","Russia","(Unknown) truck","destroyed","https://i.postimg.cc/ZKQzLKXv/1006.jpg","2022-09-29",283,5429,1,"7-28354291","09/29/2022"
"5982","Russia","Russia","(Unknown) truck","destroyed","https://i.postimg.cc/Ght1Ysg1/1007.jpg","2022-09-29",283,5430,1,"7-28354301","09/29/2022"
"5983","Russia","Russia","(Unknown) truck","destroyed","https://twitter.com/UAWeapons/status/1520839657201848320","2022-09-29",283,5431,1,"7-28354311","09/29/2022"
"5984","Russia","Russia","(Unknown) truck","destroyed","https://twitter.com/UAWeapons/status/1521566968943370240","2022-09-29",283,5432,1,"7-28354321","09/29/2022"
"5985","Russia","Russia","(Unknown) truck","destroyed","https://twitter.com/UAWeapons/status/1520042517382766592","2022-09-29",283,3521,1,"7-28335211","09/29/2022"
"5986","Russia","Russia","(Unknown) truck","destroyed","https://twitter.com/UAWeapons/status/1522658651516850176","2022-09-29",283,5433,1,"7-28354331","09/29/2022"
"5987","Russia","Russia","(Unknown) truck","destroyed","https://twitter.com/RALee85/status/1543979720714469377","2022-09-29",283,5397,1,"7-28353971","09/29/2022"
"5988","Russia","Russia","(Unknown) truck","destroyed","https://twitter.com/UAWeapons/status/1523774073813168129","2022-09-29",283,1158,1,"7-28311581","09/29/2022"
"5989","Russia","Russia","(Unknown) truck","destroyed","https://twitter.com/UAWeapons/status/1524477975361732608","2022-09-29",283,5434,1,"7-28354341","09/29/2022"
"5990","Russia","Russia","(Unknown) truck","destroyed","https://twitter.com/UAWeapons/status/1524786224266887168","2022-09-29",283,5435,1,"7-28354351","09/29/2022"
"5991","Russia","Russia","(Unknown) truck","destroyed","https://twitter.com/UAWeapons/status/1528326529700200448","2022-09-29",283,676,1,"7-2836761","09/29/2022"
"5992","Russia","Russia","(Unknown) truck","destroyed","https://twitter.com/UAWeapons/status/1527624405009977344","2022-09-29",283,1160,1,"7-28311601","09/29/2022"
"5993","Russia","Russia","(Unknown) truck","destroyed","https://i.postimg.cc/QMB1Hg9y/1001.jpg","2022-09-29",283,5436,1,"7-28354361","09/29/2022"
"5994","Russia","Russia","(Unknown) truck","destroyed","https://twitter.com/UAWeapons/status/1528848194179833857","2022-09-29",283,5437,1,"7-28354371","09/29/2022"
"5995","Russia","Russia","(Unknown) truck","destroyed","https://twitter.com/UAWeapons/status/1528845503433252866","2022-09-29",283,5201,1,"7-28352011","09/29/2022"
"5996","Russia","Russia","(Unknown) truck","destroyed","https://twitter.com/UAWeapons/status/1530525109781422082","2022-09-29",283,5438,1,"7-28354381","09/29/2022"
"5997","Russia","Russia","(Unknown) truck","destroyed","https://twitter.com/UAWeapons/status/1531310897590829059","2022-09-29",283,5439,1,"7-28354391","09/29/2022"
"5998","Russia","Russia","(Unknown) truck","destroyed","https://twitter.com/UAWeapons/status/1531689037509042176","2022-09-29",283,5440,1,"7-28354401","09/29/2022"
"5999","Russia","Russia","(Unknown) truck","destroyed","https://twitter.com/UAWeapons/status/1531691373421858817","2022-09-29",283,1534,1,"7-28315341","09/29/2022"
"6000","Russia","Russia","(Unknown) truck","destroyed","https://twitter.com/UAWeapons/status/1532756586950709248","2022-09-29",283,1578,1,"7-28315781","09/29/2022"
"6001","Russia","Russia","(Unknown) truck","destroyed","https://twitter.com/UAWeapons/status/1533149034017394691","2022-09-29",283,5441,1,"7-28354411","09/29/2022"
"6002","Russia","Russia","(Unknown) truck","destroyed","https://twitter.com/UAWeapons/status/1533785741842694147","2022-09-29",283,5442,1,"7-28354421","09/29/2022"
"6003","Russia","Russia","(Unknown) truck","destroyed","https://i.postimg.cc/Lsn5FNn5/u2.png","2022-09-29",283,5443,1,"7-28354431","09/29/2022"
"6004","Russia","Russia","(Unknown) truck","destroyed","https://i.postimg.cc/85vCjcdV/u3.png","2022-09-29",283,5444,1,"7-28354441","09/29/2022"
"6005","Russia","Russia","(Unknown) truck","destroyed","https://i.postimg.cc/rsCFNHYn/u4.png","2022-09-29",283,5445,1,"7-28354451","09/29/2022"
"6006","Russia","Russia","(Unknown) truck","destroyed","https://twitter.com/Blue_Sauron/status/1533193353705185281","2022-09-29",283,5446,1,"7-28354461","09/29/2022"
"6007","Russia","Russia","(Unknown) truck","destroyed","https://twitter.com/UAWeapons/status/1535552569782804483","2022-09-29",283,5447,1,"7-28354471","09/29/2022"
"6008","Russia","Russia","(Unknown) truck","destroyed","https://twitter.com/UAWeapons/status/1536017666930053120","2022-09-29",283,5448,1,"7-28354481","09/29/2022"
"6009","Russia","Russia","(Unknown) truck","destroyed","https://twitter.com/UAWeapons/status/1536387180611895296","2022-09-29",283,1184,1,"7-28311841","09/29/2022"
"6010","Russia","Russia","(Unknown) truck","destroyed","https://i.postimg.cc/CxpTWJdY/1014.png","2022-09-29",283,5449,1,"7-28354491","09/29/2022"
"6011","Russia","Russia","(Unknown) truck","destroyed","https://i.postimg.cc/sDmP0bq3/1002-unkn-truck.jpg","2022-09-29",283,5450,1,"7-28354501","09/29/2022"
"6012","Russia","Russia","(Unknown) truck","destroyed","https://twitter.com/UAWeapons/status/1566403272050720769","2022-09-29",283,3584,1,"7-28335841","09/29/2022"
"6013","Russia","Russia","(Unknown) truck","destroyed","https://i.postimg.cc/rs5zCtkT/1011-unkn-truck-5x.jpg","2022-09-29",283,5451,1,"7-28354511","09/29/2022"
"6014","Russia","Russia","(Unknown) truck","destroyed","https://twitter.com/UAWeapons/status/1572963998563241984","2022-09-29",283,5452,1,"7-28354521","09/29/2022"
"6015","Russia","Russia","(Unknown) truck","destroyed","https://twitter.com/UAWeapons/status/1573229951393964033","2022-09-29",283,2808,1,"7-28328081","09/29/2022"
"6016","Russia","Russia","(Unknown) truck","destroyed","https://twitter.com/UAWeapons/status/1567956407768547328","2022-09-29",283,1983,1,"7-28319831","09/29/2022"
"6017","Russia","Russia","(Unknown) truck","destroyed","https://i.postimg.cc/L8C45Yqb/Unknown-truck-145547-deokupovana-Harkivshhyna-1159-scaled.jpg","2022-09-29",283,5453,1,"7-28354531","09/29/2022"
"6018","Russia","Russia","(Unknown) truck","destroyed","https://i.postimg.cc/Y9TcCPQj/2022-09-16-unk-x1.png","2022-09-29",283,5454,1,"7-28354541","09/29/2022"
"6019","Russia","Russia","(Unknown) truck","destroyed","https://i.postimg.cc/Dw6tX019/2022-09-16-unk-x2.png","2022-09-29",283,5455,1,"7-28354551","09/29/2022"
"6020","Russia","Russia","(Unknown) truck","destroyed","https://i.postimg.cc/yYcKk7QK/2022-09-16-unk-x4.png","2022-09-29",283,5456,1,"7-28354561","09/29/2022"
"6021","Russia","Russia","(Unknown) truck","destroyed","https://i.postimg.cc/FzjX3hWn/2022-09-19-Unknown-Truck.jpg","2022-09-29",283,5457,1,"7-28354571","09/29/2022"
"6022","Russia","Russia","(Unknown) truck","destroyed","https://i.postimg.cc/Lsd2tCpq/2022-09-21-Ural-4320-1.jpg","2022-09-29",283,4351,1,"7-28343511","09/29/2022"
"6023","Russia","Russia","(Unknown) truck","destroyed","https://twitter.com/UAWeapons/status/1575042703343034369","2022-09-29",283,1588,1,"7-28315881","09/29/2022"
"6024","Russia","Russia","(Unknown) truck","damaged","https://i.postimg.cc/K834NwrF/67.jpg","2022-09-29",283,5372,4,"7-28353724","09/29/2022"
"6025","Russia","Russia","(Unknown) truck","damaged","https://postimg.cc/phTN0Xcc","2022-09-29",283,5458,4,"7-28354584","09/29/2022"
"6026","Russia","Russia","(Unknown) truck","damaged","https://postimg.cc/WDSL6J8J","2022-09-29",283,5459,4,"7-28354594","09/29/2022"
"6027","Russia","Russia","(Unknown) truck","damaged","https://twitter.com/UAWeapons/status/1524489058235387912","2022-09-29",283,5460,4,"7-28354604","09/29/2022"
"6028","Russia","Russia","(Unknown) truck","damaged","https://twitter.com/UAWeapons/status/1539006612525965314","2022-09-29",283,2230,4,"7-28322304","09/29/2022"
"6029","Russia","Russia","(Unknown) truck","damaged","https://i.postimg.cc/26pbyqvZ/v56.png","2022-09-29",283,5461,4,"7-28354614","09/29/2022"
"6030","Russia","Russia","(Unknown) truck","abandoned","https://i.postimg.cc/26pbyqvZ/v56.png","2022-09-29",283,5461,2,"7-28354612","09/29/2022"
"6031","Russia","Russia","(Unknown) truck","abandoned","https://i.postimg.cc/prhtMJt6/gg4.jpg","2022-09-29",283,5462,2,"7-28354622","09/29/2022"
"6032","Russia","Russia","(Unknown) truck","captured","https://i.postimg.cc/VNsLBfRz/c2.png","2022-09-29",283,2936,3,"7-28329363","09/29/2022"
"6033","Russia","Russia","(Unknown) truck","captured","https://i.postimg.cc/c4S9qLZj/412.png","2022-09-29",283,5463,3,"7-28354633","09/29/2022"
"6034","Russia","Russia","(Unknown) truck","captured","https://i.postimg.cc/g2mLCHw8/d36.png","2022-09-29",283,5464,3,"7-28354643","09/29/2022"
"6035","Russia","Russia","(Unknown) truck","captured","https://i.postimg.cc/wTPKF70y/y6.jpg","2022-09-29",283,5465,3,"7-28354653","09/29/2022"
"6036","Russia","Russia","(Unknown) truck","captured","https://i.postimg.cc/mkhh21bQ/542.jpg","2022-09-29",283,5466,3,"7-28354663","09/29/2022"
"6037","Russia","Russia","(Unknown) truck","captured","https://i.postimg.cc/vHcNtwjD/g70.png","2022-09-29",283,5467,3,"7-28354673","09/29/2022"
"6038","Russia","Russia","(Unknown) truck","captured","https://i.postimg.cc/GtMVCs56/7i.jpg","2022-09-29",283,5468,3,"7-28354683","09/29/2022"
"6039","Russia","Russia","(Unknown) truck","captured","https://i.postimg.cc/Y994gyQF/431.png","2022-09-29",283,2729,3,"7-28327293","09/29/2022"
"6040","Russia","Russia","(Unknown) truck","captured","https://i.postimg.cc/m27PXy1c/1005-truck.jpg","2022-09-29",283,5469,3,"7-28354693","09/29/2022"
"6041","Russia","Russia","(Unknown) truck","captured","https://i.postimg.cc/HWrVSBJQ/1029-unkn-truck.jpg","2022-09-29",283,5470,3,"7-28354703","09/29/2022"
"6042","Russia","Russia","(Unknown) truck","captured","https://i.postimg.cc/dQ4BZ4Q7/1003.jpg","2022-09-29",283,5471,3,"7-28354713","09/29/2022"
"6043","Russia","Russia","(Unknown) truck","captured","https://twitter.com/UAWeapons/status/1570764195385446400","2022-09-29",283,2365,3,"7-28323653","09/29/2022"
"6044","Russia","Russia","46 (Unknown) vehicle","destroyed","https://i.postimg.cc/cLy31D99/557.png","2022-09-29",284,5472,1,"7-28454721","09/29/2022"
"6045","Russia","Russia","46 (Unknown) vehicle","destroyed","https://i.postimg.cc/L5WpLtHC/370.png","2022-09-29",284,5473,1,"7-28454731","09/29/2022"
"6046","Russia","Russia","46 (Unknown) vehicle","destroyed","https://i.postimg.cc/v8Jyk5sf/4k.png","2022-09-29",284,5474,1,"7-28454741","09/29/2022"
"6047","Russia","Russia","46 (Unknown) vehicle","destroyed","https://i.postimg.cc/Qd0VGPhL/86.jpg","2022-09-29",284,5475,1,"7-28454751","09/29/2022"
"6048","Russia","Russia","46 (Unknown) vehicle","destroyed","https://i.postimg.cc/nLqV2cT1/43.jpg","2022-09-29",284,5476,1,"7-28454761","09/29/2022"
"6049","Russia","Russia","46 (Unknown) vehicle","destroyed","https://twitter.com/UAWeapons/status/1506354334229049345","2022-09-29",284,5477,1,"7-28454771","09/29/2022"
"6050","Russia","Russia","46 (Unknown) vehicle","destroyed","https://i.postimg.cc/fR5ZtPph/3327.png","2022-09-29",284,5478,1,"7-28454781","09/29/2022"
"6051","Russia","Russia","46 (Unknown) vehicle","destroyed","https://twitter.com/UAWeapons/status/1507111458726981643","2022-09-29",284,5479,1,"7-28454791","09/29/2022"
"6052","Russia","Russia","46 (Unknown) vehicle","destroyed","https://twitter.com/UAWeapons/status/1507304253131563008","2022-09-29",284,5480,1,"7-28454801","09/29/2022"
"6053","Russia","Russia","46 (Unknown) vehicle","destroyed","https://twitter.com/UAWeapons/status/1507004560996401168","2022-09-29",284,981,1,"7-2849811","09/29/2022"
"6054","Russia","Russia","46 (Unknown) vehicle","destroyed","https://i.postimg.cc/fRHmxgmg/43f.jpg","2022-09-29",284,5481,1,"7-28454811","09/29/2022"
"6055","Russia","Russia","46 (Unknown) vehicle","destroyed","https://i.postimg.cc/cLSkk07B/8k.jpg","2022-09-29",284,5482,1,"7-28454821","09/29/2022"
"6056","Russia","Russia","46 (Unknown) vehicle","destroyed","https://i.postimg.cc/VL9BV8Zm/4g.jpg","2022-09-29",284,5483,1,"7-28454831","09/29/2022"
"6057","Russia","Russia","46 (Unknown) vehicle","destroyed","https://twitter.com/UAWeapons/status/1513937750566875148","2022-09-29",284,2181,1,"7-28421811","09/29/2022"
"6058","Russia","Russia","46 (Unknown) vehicle","destroyed","https://twitter.com/UAWeapons/status/1513631958433214467","2022-09-29",284,1506,1,"7-28415061","09/29/2022"
"6059","Russia","Russia","46 (Unknown) vehicle","destroyed","https://twitter.com/Arslon_Xudosi/status/1513343490553491462","2022-09-29",284,5484,1,"7-28454841","09/29/2022"
"6060","Russia","Russia","46 (Unknown) vehicle","destroyed","https://twitter.com/UAWeapons/status/1513627748035698692","2022-09-29",284,1857,1,"7-28418571","09/29/2022"
"6061","Russia","Russia","46 (Unknown) vehicle","destroyed","https://twitter.com/UAWeapons/status/1514219788628856836","2022-09-29",284,5485,1,"7-28454851","09/29/2022"
"6062","Russia","Russia","46 (Unknown) vehicle","destroyed","https://twitter.com/UAWeapons/status/1515785104890765314","2022-09-29",284,5486,1,"7-28454861","09/29/2022"
"6063","Russia","Russia","46 (Unknown) vehicle","destroyed","https://twitter.com/UAWeapons/status/1514927847273603073","2022-09-29",284,5487,1,"7-28454871","09/29/2022"
"6064","Russia","Russia","46 (Unknown) vehicle","destroyed","https://i.postimg.cc/6QV8DSLV/889.jpg","2022-09-29",284,5488,1,"7-28454881","09/29/2022"
"6065","Russia","Russia","46 (Unknown) vehicle","destroyed","https://twitter.com/UAWeapons/status/1519311621755183104","2022-09-29",284,5489,1,"7-28454891","09/29/2022"
"6066","Russia","Russia","46 (Unknown) vehicle","destroyed","https://twitter.com/UAWeapons/status/1521099410175889409","2022-09-29",284,5490,1,"7-28454901","09/29/2022"
"6067","Russia","Russia","46 (Unknown) vehicle","destroyed","https://i.postimg.cc/HktGvgH7/6652.jpg","2022-09-29",284,5491,1,"7-28454911","09/29/2022"
"6068","Russia","Russia","46 (Unknown) vehicle","destroyed","https://twitter.com/UAWeapons/status/1533812727243751426","2022-09-29",284,5492,1,"7-28454921","09/29/2022"
"6069","Russia","Russia","46 (Unknown) vehicle","destroyed","https://twitter.com/UAWeapons/status/1536387180611895296","2022-09-29",284,1184,1,"7-28411841","09/29/2022"
"6070","Russia","Russia","46 (Unknown) vehicle","destroyed","https://i.postimg.cc/jqgPjSQv/1008.jpg","2022-09-29",284,5493,1,"7-28454931","09/29/2022"
"6071","Russia","Russia","46 (Unknown) vehicle","destroyed","https://i.postimg.cc/sg443ntt/1001-unkn-vehicle.jpg","2022-09-29",284,5494,1,"7-28454941","09/29/2022"
"6072","Russia","Russia","46 (Unknown) vehicle","destroyed","https://twitter.com/UAWeapons/status/1566557906593615873","2022-09-29",284,3960,1,"7-28439601","09/29/2022"
"6073","Russia","Russia","46 (Unknown) vehicle","destroyed","https://i.postimg.cc/d0xcjjZr/1011-unkn-veh.jpg","2022-09-29",284,5495,1,"7-28454951","09/29/2022"
"6074","Russia","Russia","46 (Unknown) vehicle","damaged","https://twitter.com/UAWeapons/status/1514229936898387972","2022-09-29",284,5496,4,"7-28454964","09/29/2022"
"6075","Russia","Russia","46 (Unknown) vehicle","damaged","https://twitter.com/UAWeapons/status/1515327665330442246","2022-09-29",284,5497,4,"7-28454974","09/29/2022"
"6076","Russia","Russia","46 (Unknown) vehicle","damaged","https://twitter.com/UAWeapons/status/1523070374077902848","2022-09-29",284,5498,4,"7-28454984","09/29/2022"
"6077","Russia","Russia","46 (Unknown) vehicle","captured","https://i.postimg.cc/WbLxNxYp/f1.jpg","2022-09-29",284,5499,3,"7-28454993","09/29/2022"
"6078","Russia","Soviet Union","T-64A","captured","https://i.postimg.cc/kXYMFPXM/39.jpg","2022-09-29",285,5500,3,"7-28555003","09/29/2022"
"6079","Russia","Soviet Union","T-64B","destroyed","https://i.postimg.cc/pX1zHz7L/431.png","2022-09-29",286,5501,1,"7-28655011","09/29/2022"
"6080","Ukraine","Soviet Union","T-64BV","destroyed","https://i.postimg.cc/vZnd6LYT/f321.png","2022-09-29",3,5502,1,"380-355021","09/29/2022"
"6081","Ukraine","Soviet Union","T-64BV","destroyed","https://i.postimg.cc/59wN4Ybq/689.png","2022-09-29",3,5503,1,"380-355031","09/29/2022"
"6082","Ukraine","Soviet Union","T-64BV","destroyed","https://i.postimg.cc/442p3Kn8/443.png","2022-09-29",3,5504,1,"380-355041","09/29/2022"
"6083","Ukraine","Soviet Union","T-64BV","destroyed","https://i.postimg.cc/xCXPxnKM/g3.png","2022-09-29",3,5505,1,"380-355051","09/29/2022"
"6084","Ukraine","Soviet Union","T-64BV","destroyed","https://i.postimg.cc/jSkfDQJC/765.png","2022-09-29",3,5506,1,"380-355061","09/29/2022"
"6085","Ukraine","Soviet Union","T-64BV","destroyed","https://i.postimg.cc/C1XTdKjW/n8.png","2022-09-29",3,5507,1,"380-355071","09/29/2022"
"6086","Ukraine","Soviet Union","T-64BV","destroyed","https://i.postimg.cc/44zyTqfZ/o9.png","2022-09-29",3,5508,1,"380-355081","09/29/2022"
"6087","Ukraine","Soviet Union","T-64BV","destroyed","https://i.postimg.cc/zfdggTnG/17.png","2022-09-29",3,5509,1,"380-355091","09/29/2022"
"6088","Ukraine","Soviet Union","T-64BV","destroyed","https://i.postimg.cc/rFvVhTXT/l9.png","2022-09-29",3,5510,1,"380-355101","09/29/2022"
"6089","Ukraine","Soviet Union","T-64BV","destroyed","https://i.postimg.cc/QCjpjn7n/4f6.png","2022-09-29",3,5511,1,"380-355111","09/29/2022"
"6090","Ukraine","Soviet Union","T-64BV","destroyed","https://i.postimg.cc/XvZLPhKf/24.png","2022-09-29",3,5512,1,"380-355121","09/29/2022"
"6091","Ukraine","Soviet Union","T-64BV","destroyed","https://i.postimg.cc/8zC4rW64/321.png","2022-09-29",3,5513,1,"380-355131","09/29/2022"
"6092","Ukraine","Soviet Union","T-64BV","destroyed","https://i.postimg.cc/LXjZKyB3/gy6.png","2022-09-29",3,5514,1,"380-355141","09/29/2022"
"6093","Ukraine","Soviet Union","T-64BV","destroyed","https://i.postimg.cc/GpXfM7DH/12.png","2022-09-29",3,5515,1,"380-355151","09/29/2022"
"6094","Ukraine","Soviet Union","T-64BV","destroyed","https://i.postimg.cc/MpP3ydft/35.png","2022-09-29",3,5516,1,"380-355161","09/29/2022"
"6095","Ukraine","Soviet Union","T-64BV","destroyed","https://i.postimg.cc/15YP8yQG/467.png","2022-09-29",3,5517,1,"380-355171","09/29/2022"
"6096","Ukraine","Soviet Union","T-64BV","destroyed","https://i.postimg.cc/15hWDxMQ/388.png","2022-09-29",3,5518,1,"380-355181","09/29/2022"
"6097","Ukraine","Soviet Union","T-64BV","destroyed","https://i.postimg.cc/T2L13XTz/47.png","2022-09-29",3,5519,1,"380-355191","09/29/2022"
"6098","Ukraine","Soviet Union","T-64BV","destroyed","https://i.postimg.cc/YqRKxCHL/4f8.png","2022-09-29",3,5520,1,"380-355201","09/29/2022"
"6099","Ukraine","Soviet Union","T-64BV","destroyed","https://i.postimg.cc/Dw7LbFQz/f7.png","2022-09-29",3,5521,1,"380-355211","09/29/2022"
"6100","Ukraine","Soviet Union","T-64BV","destroyed","https://i.postimg.cc/xTdfVcCD/57888.png","2022-09-29",3,5522,1,"380-355221","09/29/2022"
"6101","Ukraine","Soviet Union","T-64BV","destroyed","https://i.postimg.cc/fLNrqgBC/64.jpg","2022-09-29",3,5523,1,"380-355231","09/29/2022"
"6102","Ukraine","Soviet Union","T-64BV","destroyed","https://i.postimg.cc/fyK8zRsN/4448.png","2022-09-29",3,5524,1,"380-355241","09/29/2022"
"6103","Ukraine","Soviet Union","T-64BV","destroyed","https://i.postimg.cc/prjPXPJ9/566.jpg","2022-09-29",3,5525,1,"380-355251","09/29/2022"
"6104","Ukraine","Soviet Union","T-64BV","destroyed","https://i.postimg.cc/QNwyyn6n/433.png","2022-09-29",3,5526,1,"380-355261","09/29/2022"
"6105","Ukraine","Soviet Union","T-64BV","destroyed","https://i.postimg.cc/hvN4Jb1P/321.jpg","2022-09-29",3,5527,1,"380-355271","09/29/2022"
"6106","Ukraine","Soviet Union","T-64BV","destroyed","https://i.postimg.cc/HxJTB3XX/3.png","2022-09-29",3,5528,1,"380-355281","09/29/2022"
"6107","Ukraine","Soviet Union","T-64BV","destroyed","https://i.postimg.cc/Z5qPwc6K/329.png","2022-09-29",3,5529,1,"380-355291","09/29/2022"
"6108","Ukraine","Soviet Union","T-64BV","destroyed","https://twitter.com/UAWeapons/status/1521098647341043715","2022-09-29",3,5530,1,"380-355301","09/29/2022"
"6109","Ukraine","Soviet Union","T-64BV","destroyed","https://i.postimg.cc/8zZSVwcp/3d.png","2022-09-29",3,5531,1,"380-355311","09/29/2022"
"6110","Ukraine","Soviet Union","T-64BV","destroyed","https://i.postimg.cc/6QWpB0Bh/436.jpg","2022-09-29",3,5532,1,"380-355321","09/29/2022"
"6111","Ukraine","Soviet Union","T-64BV","destroyed","https://i.postimg.cc/PJJcNT5T/5.png","2022-09-29",3,5533,1,"380-355331","09/29/2022"
"6112","Ukraine","Soviet Union","T-64BV","destroyed","https://i.postimg.cc/3NhkLQWD/s2.jpg","2022-09-29",3,5534,1,"380-355341","09/29/2022"
"6113","Ukraine","Soviet Union","T-64BV","destroyed","https://i.postimg.cc/kGb27KBJ/t1.png","2022-09-29",3,5535,1,"380-355351","09/29/2022"
"6114","Ukraine","Soviet Union","T-64BV","destroyed","https://i.postimg.cc/xjcFVR3v/t1.png","2022-09-29",3,5536,1,"380-355361","09/29/2022"
"6115","Ukraine","Soviet Union","T-64BV","destroyed","https://i.postimg.cc/x8f0b3Jf/f99.png","2022-09-29",3,5537,1,"380-355371","09/29/2022"
"6116","Ukraine","Soviet Union","T-64BV","destroyed","https://i.postimg.cc/QNqTRbSk/437.png","2022-09-29",3,5538,1,"380-355381","09/29/2022"
"6117","Ukraine","Soviet Union","T-64BV","destroyed","https://i.postimg.cc/s2D0vSXN/6h9.png","2022-09-29",3,5539,1,"380-355391","09/29/2022"
"6118","Ukraine","Soviet Union","T-64BV","destroyed","https://i.postimg.cc/sfT5q0yc/2101.jpg","2022-09-29",3,5540,1,"380-355401","09/29/2022"
"6119","Ukraine","Soviet Union","T-64BV","destroyed","https://i.postimg.cc/T1pRFTnS/r1.png","2022-09-29",3,5541,1,"380-355411","09/29/2022"
"6120","Ukraine","Soviet Union","T-64BV","destroyed","https://i.postimg.cc/3w0fSRSV/f433.png","2022-09-29",3,5542,1,"380-355421","09/29/2022"
"6121","Ukraine","Soviet Union","T-64BV","destroyed","https://i.postimg.cc/d3f4jcRw/332.png","2022-09-29",3,5543,1,"380-355431","09/29/2022"
"6122","Ukraine","Soviet Union","T-64BV","destroyed","https://i.postimg.cc/RZ5F4Cnx/33211.png","2022-09-29",3,5544,1,"380-355441","09/29/2022"
"6123","Ukraine","Soviet Union","T-64BV","destroyed","https://i.postimg.cc/4N4WpZ7X/2000-T-64-46.jpg","2022-09-29",3,5545,1,"380-355451","09/29/2022"
"6124","Ukraine","Soviet Union","T-64BV","destroyed","https://i.postimg.cc/XqDcPG25/43f.png","2022-09-29",3,5546,1,"380-355461","09/29/2022"
"6125","Ukraine","Soviet Union","T-64BV","destroyed","https://i.postimg.cc/FKrR44Bb/fvv.png","2022-09-29",3,5547,1,"380-355471","09/29/2022"
"6126","Ukraine","Soviet Union","T-64BV","destroyed","https://i.postimg.cc/Hnr1mp5N/f45.png","2022-09-29",3,5548,1,"380-355481","09/29/2022"
"6127","Ukraine","Soviet Union","T-64BV","destroyed","https://i.postimg.cc/jdgTvHMR/v8.png","2022-09-29",3,5549,1,"380-355491","09/29/2022"
"6128","Ukraine","Soviet Union","T-64BV","destroyed","https://i.postimg.cc/PfS1c0GG/32d.png","2022-09-29",3,5550,1,"380-355501","09/29/2022"
"6129","Ukraine","Soviet Union","T-64BV","destroyed","https://i.postimg.cc/pVSp1P3g/1d4.png","2022-09-29",3,5551,1,"380-355511","09/29/2022"
"6130","Ukraine","Soviet Union","T-64BV","captured","https://i.postimg.cc/9MSNY0Yb/7j.png","2022-09-29",3,5552,3,"380-355523","09/29/2022"
"6131","Ukraine","Soviet Union","T-64BV","destroyed","https://i.postimg.cc/9MSNY0Yb/7j.png","2022-09-29",3,5552,1,"380-355521","09/29/2022"
"6132","Ukraine","Soviet Union","T-64BV","captured","https://i.postimg.cc/L8pWr96x/48.png","2022-09-29",3,5553,3,"380-355533","09/29/2022"
"6133","Ukraine","Soviet Union","T-64BV","destroyed","https://i.postimg.cc/L8pWr96x/48.png","2022-09-29",3,5553,1,"380-355531","09/29/2022"
"6134","Ukraine","Soviet Union","T-64BV","destroyed","https://i.postimg.cc/CLKqfNn2/2000-t64bv.jpg","2022-09-29",3,5554,1,"380-355541","09/29/2022"
"6135","Ukraine","Soviet Union","T-64BV","destroyed","https://i.postimg.cc/bNn2tsjG/2000-t64bv.jpg","2022-09-29",3,5555,1,"380-355551","09/29/2022"
"6136","Ukraine","Soviet Union","T-64BV","destroyed","https://i.postimg.cc/Vs3kp383/63.png","2022-09-29",3,5556,1,"380-355561","09/29/2022"
"6137","Ukraine","Soviet Union","T-64BV","destroyed","https://i.postimg.cc/VsbYqDC4/14.png","2022-09-29",3,5557,1,"380-355571","09/29/2022"
"6138","Ukraine","Soviet Union","T-64BV","destroyed","https://postimg.cc/MMHB68H0","2022-09-29",3,5558,1,"380-355581","09/29/2022"
"6139","Ukraine","Soviet Union","T-64BV","destroyed","https://twitter.com/UAWeapons/status/1569426437119123458","2022-09-29",3,762,1,"380-37621","09/29/2022"
"6140","Ukraine","Soviet Union","T-64BV","destroyed","https://i.postimg.cc/FRgG4nP8/6.png","2022-09-29",3,5559,1,"380-355591","09/29/2022"
"6141","Ukraine","Soviet Union","T-64BV","destroyed","https://i.postimg.cc/4yfhPvLm/1000.jpg","2022-09-29",3,5560,1,"380-355601","09/29/2022"
"6142","Ukraine","Soviet Union","T-64BV","destroyed","https://i.postimg.cc/x1Wv1Fcw/2022-09-28-UA-T-64-BV.jpg","2022-09-29",3,5561,1,"380-355611","09/29/2022"
"6143","Ukraine","Soviet Union","T-64BV","destroyed","https://twitter.com/UAWeapons/status/1575440756449361923","2022-09-29",3,5562,1,"380-355621","09/29/2022"
"6144","Ukraine","Soviet Union","T-64BV","damaged","https://twitter.com/UAWeapons/status/1522308548440563715","2022-09-29",3,5563,4,"380-355634","09/29/2022"
"6145","Ukraine","Soviet Union","T-64BV","damaged","https://i.postimg.cc/DwwCthLG/322.jpg","2022-09-29",3,5564,4,"380-355644","09/29/2022"
"6146","Ukraine","Soviet Union","T-64BV","damaged","https://twitter.com/UAWeapons/status/1537541023018139650","2022-09-29",3,5565,4,"380-355654","09/29/2022"
"6147","Ukraine","Soviet Union","T-64BV","abandoned","https://i.postimg.cc/fTV39LBr/5570.png","2022-09-29",3,5566,2,"380-355662","09/29/2022"
"6148","Ukraine","Soviet Union","T-64BV","abandoned","https://i.postimg.cc/k5m1QQ2y/dd3.png","2022-09-29",3,5567,2,"380-355672","09/29/2022"
"6149","Ukraine","Soviet Union","T-64BV","damaged","https://i.postimg.cc/k5m1QQ2y/dd3.png","2022-09-29",3,5567,4,"380-355674","09/29/2022"
"6150","Ukraine","Soviet Union","T-64BV","abandoned","https://i.postimg.cc/k5m1QQ2y/dd3.png","2022-09-29",3,5567,2,"380-355672","09/29/2022"
"6151","Ukraine","Soviet Union","T-64BV","abandoned","https://twitter.com/UAWeapons/status/1572668027933495297","2022-09-29",3,5568,2,"380-355682","09/29/2022"
"6152","Ukraine","Soviet Union","T-64BV","damaged","https://i.postimg.cc/6QWhgDnj/j8.png","2022-09-29",3,5569,4,"380-355694","09/29/2022"
"6153","Ukraine","Soviet Union","T-64BV","captured","https://i.postimg.cc/6QWhgDnj/j8.png","2022-09-29",3,5569,3,"380-355693","09/29/2022"
"6154","Ukraine","Soviet Union","T-64BV","damaged","https://i.postimg.cc/Nff9Q7xw/90.jpg","2022-09-29",3,5570,4,"380-355704","09/29/2022"
"6155","Ukraine","Soviet Union","T-64BV","captured","https://i.postimg.cc/Nff9Q7xw/90.jpg","2022-09-29",3,5570,3,"380-355703","09/29/2022"
"6156","Ukraine","Soviet Union","T-64BV","damaged","https://i.postimg.cc/DZyRGvkf/688.png","2022-09-29",3,5571,4,"380-355714","09/29/2022"
"6157","Ukraine","Soviet Union","T-64BV","captured","https://i.postimg.cc/DZyRGvkf/688.png","2022-09-29",3,5571,3,"380-355713","09/29/2022"
"6158","Ukraine","Soviet Union","T-64BV","captured","https://i.postimg.cc/nL9rTN9h/r134.png","2022-09-29",3,5572,3,"380-355723","09/29/2022"
"6159","Ukraine","Soviet Union","T-64BV","captured","https://i.postimg.cc/3Rpyrz3c/r133.png","2022-09-29",3,5573,3,"380-355733","09/29/2022"
"6160","Ukraine","Soviet Union","T-64BV","captured","https://i.postimg.cc/2y3ZvYBj/447.png","2022-09-29",3,5574,3,"380-355743","09/29/2022"
"6161","Ukraine","Soviet Union","T-64BV","captured","https://i.postimg.cc/G2TXN9cy/5g2.png","2022-09-29",3,5575,3,"380-355753","09/29/2022"
"6162","Ukraine","Soviet Union","T-64BV","captured","https://i.postimg.cc/0jpxNpJv/43177.png","2022-09-29",3,5576,3,"380-355763","09/29/2022"
"6163","Ukraine","Soviet Union","T-64BV","captured","https://i.postimg.cc/3J251m83/38.png","2022-09-29",3,5577,3,"380-355773","09/29/2022"
"6164","Ukraine","Soviet Union","T-64BV","captured","https://i.postimg.cc/YS1Yrpw6/63.png","2022-09-29",3,5578,3,"380-355783","09/29/2022"
"6165","Ukraine","Soviet Union","T-64BV","captured","https://i.postimg.cc/zfLHhQLW/dg.png","2022-09-29",3,5579,3,"380-355793","09/29/2022"
"6166","Ukraine","Soviet Union","T-64BV","captured","https://postlmg.cc/56yhT3pX","2022-09-29",3,5580,3,"380-355803","09/29/2022"
"6167","Ukraine","Soviet Union","T-64BV","captured","https://i.postimg.cc/sDFKKK91/54.png","2022-09-29",3,5581,3,"380-355813","09/29/2022"
"6168","Ukraine","Soviet Union","T-64BV","captured","https://i.postimg.cc/BQjyj4bG/488.png","2022-09-29",3,5582,3,"380-355823","09/29/2022"
"6169","Ukraine","Soviet Union","T-64BV","captured","https://i.postimg.cc/W1WwgJHW/86.png","2022-09-29",3,5583,3,"380-355833","09/29/2022"
"6170","Ukraine","Soviet Union","T-64BV","captured","https://i.postimg.cc/gjpfPnRp/5j.png","2022-09-29",3,5584,3,"380-355843","09/29/2022"
"6171","Ukraine","Soviet Union","T-64BV","captured","https://i.postimg.cc/JzrNdFy7/478.png","2022-09-29",3,5585,3,"380-355853","09/29/2022"
"6172","Ukraine","Soviet Union","T-64BV","captured","https://i.postimg.cc/cCFqFNny/657.png","2022-09-29",3,5586,3,"380-355863","09/29/2022"
"6173","Ukraine","Soviet Union","T-64BV","captured","https://i.postimg.cc/L4yq9P6p/97.png","2022-09-29",3,5587,3,"380-355873","09/29/2022"
"6174","Ukraine","Soviet Union","T-64BV","captured","https://i.postimg.cc/8Pp9dbcf/b22.jpg","2022-09-29",3,5588,3,"380-355883","09/29/2022"
"6175","Ukraine","Soviet Union","T-64BV","captured","https://i.postimg.cc/QdVzwxpX/b1.jpg","2022-09-29",3,5589,3,"380-355893","09/29/2022"
"6176","Ukraine","Soviet Union","T-64BV","captured","https://i.postimg.cc/6QbtWYWJ/446.png","2022-09-29",3,5590,3,"380-355903","09/29/2022"
"6177","Ukraine","Soviet Union","T-64BV","captured","https://i.postimg.cc/zvptnPV0/468.png","2022-09-29",3,5591,3,"380-355913","09/29/2022"
"6178","Ukraine","Soviet Union","T-64BV","captured","https://i.postimg.cc/V6mxyh0W/499.png","2022-09-29",3,5592,3,"380-355923","09/29/2022"
"6179","Ukraine","Soviet Union","T-64BV","captured","https://i.postimg.cc/qqYpK8YH/d7.jpg","2022-09-29",3,5593,3,"380-355933","09/29/2022"
"6180","Ukraine","Soviet Union","T-64BV","captured","https://i.postimg.cc/d1Tdz9Vt/133.png","2022-09-29",3,5594,3,"380-355943","09/29/2022"
"6181","Ukraine","Soviet Union","T-64BV","captured","https://i.postimg.cc/RVmydn25/15.png","2022-09-29",3,5595,3,"380-355953","09/29/2022"
"6182","Ukraine","Soviet Union","T-64BV","captured","https://i.postimg.cc/DfC3hYw7/35.png","2022-09-29",3,5596,3,"380-355963","09/29/2022"
"6183","Ukraine","Soviet Union","T-64BV","captured","https://i.postimg.cc/dV7Vd1MB/69.png","2022-09-29",3,5597,3,"380-355973","09/29/2022"
"6184","Ukraine","Soviet Union","T-64BV","captured","https://i.postimg.cc/5yBFw81P/44fs.png","2022-09-29",3,5598,3,"380-355983","09/29/2022"
"6185","Ukraine","Soviet Union","T-64BV","captured","https://i.postimg.cc/76xvHkhf/f467.png","2022-09-29",3,5599,3,"380-355993","09/29/2022"
"6186","Ukraine","Soviet Union","T-64BV","captured","https://i.postimg.cc/2yh1TrML/2000.jpg","2022-09-29",3,5600,3,"380-356003","09/29/2022"
"6187","Ukraine","Soviet Union","T-64BV","captured","https://i.postimg.cc/WzKkTv85/4433.png","2022-09-29",3,5601,3,"380-356013","09/29/2022"
"6188","Ukraine","Soviet Union","T-64BV","captured","https://twitter.com/UAWeapons/status/1545899307802365953","2022-09-29",3,5602,3,"380-356023","09/29/2022"
"6189","Ukraine","Soviet Union","T-64BV","captured","https://twitter.com/UAWeapons/status/1545899329633898496","2022-09-29",3,5603,3,"380-356033","09/29/2022"
"6190","Ukraine","Soviet Union","T-64BV","captured","https://i.postimg.cc/KYQn2WKg/89.png","2022-09-29",3,5604,3,"380-356043","09/29/2022"
"6191","Ukraine","Soviet Union","T-64BV","captured","https://i.postimg.cc/J0QyNDbH/d8.png","2022-09-29",3,5605,3,"380-356053","09/29/2022"
"6192","Ukraine","Soviet Union","T-64BV","captured","https://i.postimg.cc/1Xj69nby/316.png","2022-09-29",3,5606,3,"380-356063","09/29/2022"
"6193","Ukraine","Soviet Union","T-64BV","captured","https://i.postimg.cc/9fjZRhmN/t2.png","2022-09-29",3,5607,3,"380-356073","09/29/2022"
"6194","Ukraine","Soviet Union","T-64BV","captured","https://i.postimg.cc/6pZCp3Xv/t1.png","2022-09-29",3,5608,3,"380-356083","09/29/2022"
"6195","Ukraine","Soviet Union","T-64BV","captured","https://twitter.com/RALee85/status/1558887657324875777","2022-09-29",3,5609,3,"380-356093","09/29/2022"
"6196","Ukraine","Soviet Union","T-64BV","captured","https://i.postimg.cc/Bvd6csGs/2002-t64bv.jpg","2022-09-29",3,5610,3,"380-356103","09/29/2022"
"6197","Ukraine","Soviet Union","T-64BV","damaged","https://i.postimg.cc/d3FsgJDL/6898.png","2022-09-29",3,5611,4,"380-356114","09/29/2022"
"6198","Ukraine","Soviet Union","T-64BV","captured","https://i.postimg.cc/d3FsgJDL/6898.png","2022-09-29",3,5611,3,"380-356113","09/29/2022"
"6199","Ukraine","Soviet Union","T-64BV","captured","https://i.postimg.cc/1Xf6NdyB/f4.png","2022-09-29",3,5612,3,"380-356123","09/29/2022"
"6200","Ukraine","Soviet Union","T-64BV","captured","https://i.postimg.cc/XqS9FJwj/2001-t64bv.jpg","2022-09-29",3,5613,3,"380-356133","09/29/2022"
"6201","Ukraine","Ukraine","T-64BV Zr. 2017","destroyed","https://i.postimg.cc/gjqt7JQh/445.png","2022-09-29",287,5614,1,"380-28756141","09/29/2022"
"6202","Ukraine","Ukraine","T-64BV Zr. 2017","destroyed","https://i.postimg.cc/Vs7vQZSZ/316.png","2022-09-29",287,5615,1,"380-28756151","09/29/2022"
"6203","Ukraine","Ukraine","T-64BV Zr. 2017","destroyed","https://i.postimg.cc/zfsFJ69L/4318.png","2022-09-29",287,5616,1,"380-28756161","09/29/2022"
"6204","Ukraine","Ukraine","T-64BV Zr. 2017","destroyed","https://i.postimg.cc/kGMZ6sDS/5800.png","2022-09-29",287,5617,1,"380-28756171","09/29/2022"
"6205","Ukraine","Ukraine","T-64BV Zr. 2017","destroyed","https://i.postimg.cc/pdJks2vZ/478.png","2022-09-29",287,5618,1,"380-28756181","09/29/2022"
"6206","Ukraine","Ukraine","T-64BV Zr. 2017","destroyed","https://i.postimg.cc/dQpxYw9C/43.jpg","2022-09-29",287,5619,1,"380-28756191","09/29/2022"
"6207","Ukraine","Ukraine","T-64BV Zr. 2017","destroyed","https://i.postimg.cc/vHpYPGNQ/480.png","2022-09-29",287,5620,1,"380-28756201","09/29/2022"
"6208","Ukraine","Ukraine","T-64BV Zr. 2017","destroyed","https://i.postimg.cc/HkwhgSWw/d1g.png","2022-09-29",287,5621,1,"380-28756211","09/29/2022"
"6209","Ukraine","Ukraine","T-64BV Zr. 2017","destroyed","https://i.postimg.cc/QMzCS7rk/577.png","2022-09-29",287,5622,1,"380-28756221","09/29/2022"
"6210","Ukraine","Ukraine","T-64BV Zr. 2017","destroyed","https://i.postimg.cc/zB5nZsVd/2100.jpg","2022-09-29",287,5623,1,"380-28756231","09/29/2022"
"6211","Ukraine","Ukraine","T-64BV Zr. 2017","destroyed","https://i.postimg.cc/023D2MzK/2102.jpg","2022-09-29",287,5624,1,"380-28756241","09/29/2022"
"6212","Ukraine","Ukraine","T-64BV Zr. 2017","destroyed","https://i.postimg.cc/XJfhfrWd/3d7.png","2022-09-29",287,5625,1,"380-28756251","09/29/2022"
"6213","Ukraine","Ukraine","T-64BV Zr. 2017","destroyed","https://i.postimg.cc/N0CXKHQN/m90.png","2022-09-29",287,5626,1,"380-28756261","09/29/2022"
"6214","Ukraine","Ukraine","T-64BV Zr. 2017","destroyed","https://i.postimg.cc/fyQrfB6H/221.png","2022-09-29",287,5627,1,"380-28756271","09/29/2022"
"6215","Ukraine","Ukraine","T-64BV Zr. 2017","destroyed","https://postimg.cc/gL8dFh08","2022-09-29",287,5628,1,"380-28756281","09/29/2022"
"6216","Ukraine","Ukraine","T-64BV Zr. 2017","destroyed","https://i.postimg.cc/htCxmY20/33288.jpg","2022-09-29",287,5629,1,"380-28756291","09/29/2022"
"6217","Ukraine","Ukraine","T-64BV Zr. 2017","damaged","https://i.postimg.cc/CLn96SZZ/f7.png","2022-09-29",287,5630,4,"380-28756304","09/29/2022"
"6218","Ukraine","Ukraine","T-64BV Zr. 2017","abandoned","https://i.postimg.cc/CLn96SZZ/f7.png","2022-09-29",287,5630,2,"380-28756302","09/29/2022"
"6219","Ukraine","Ukraine","T-64BV Zr. 2017","abandoned","https://i.postimg.cc/qBsnPDXc/5548.png","2022-09-29",287,5631,2,"380-28756312","09/29/2022"
"6220","Ukraine","Ukraine","T-64BV Zr. 2017","abandoned","https://i.postimg.cc/8Pf8WQWH/557l.png","2022-09-29",287,5632,2,"380-28756322","09/29/2022"
"6221","Ukraine","Ukraine","T-64BV Zr. 2017","captured","https://i.postimg.cc/L88FZp4R/d135.png","2022-09-29",287,5633,3,"380-28756333","09/29/2022"
"6222","Ukraine","Ukraine","T-64BV Zr. 2017","captured","https://i.postimg.cc/hhF2509S/270.png","2022-09-29",287,5634,3,"380-28756343","09/29/2022"
"6223","Ukraine","Ukraine","T-64BV Zr. 2017","captured","https://i.postimg.cc/dtSpqWyp/7jj.png","2022-09-29",287,5635,3,"380-28756353","09/29/2022"
"6224","Ukraine","Ukraine","T-64BV Zr. 2017","captured","https://i.postimg.cc/k5dJtVjX/4f28.png","2022-09-29",287,5636,3,"380-28756363","09/29/2022"
"6225","Ukraine","Ukraine","T-64BV Zr. 2017","captured","https://i.postimg.cc/VN6JN05r/ff7.png","2022-09-29",287,5637,3,"380-28756373","09/29/2022"
"6226","Ukraine","Ukraine","T-64BV Zr. 2017","captured","https://i.postimg.cc/k5p35dF5/64.png","2022-09-29",287,5638,3,"380-28756383","09/29/2022"
"6227","Ukraine","Ukraine","T-64BV Zr. 2017","captured","https://i.postimg.cc/yxJgybJk/5t.png","2022-09-29",287,5639,3,"380-28756393","09/29/2022"
"6228","Ukraine","Ukraine","T-64BV Zr. 2017","captured","https://i.postimg.cc/vHhDkn9Q/4f.png","2022-09-29",287,5640,3,"380-28756403","09/29/2022"
"6229","Ukraine","Ukraine","T-64BV Zr. 2017","captured","https://i.postimg.cc/3r9hx6BG/54.jpg","2022-09-29",287,5641,3,"380-28756413","09/29/2022"
"6230","Ukraine","Ukraine","T-64BV Zr. 2017","captured","https://i.postimg.cc/NFdzWLQW/f8.png","2022-09-29",287,5642,3,"380-28756423","09/29/2022"
"6231","Ukraine","Ukraine","T-64BV Zr. 2017","captured","https://i.postimg.cc/Nf6rZd3y/4f.png","2022-09-29",287,5643,3,"380-28756433","09/29/2022"
"6232","Ukraine","Ukraine","T-64BV Zr. 2017","captured","https://i.postimg.cc/fy36bD8m/4f.png","2022-09-29",287,5644,3,"380-28756443","09/29/2022"
"6233","Ukraine","Ukraine","T-64BV Zr. 2017","captured","https://i.postimg.cc/gJP4b5sH/g7.png","2022-09-29",287,5645,3,"380-28756453","09/29/2022"
"6234","Ukraine","Ukraine","T-64BV Zr. 2017","captured","https://i.postimg.cc/280btFGT/d3.png","2022-09-29",287,5646,3,"380-28756463","09/29/2022"
"6235","Ukraine","Ukraine","T-64BV Zr. 2017","captured","https://i.postimg.cc/HnwDJT4x/3d.png","2022-09-29",287,5647,3,"380-28756473","09/29/2022"
"6236","Ukraine","Ukraine","T-64BV Zr. 2017","captured","https://i.postimg.cc/s2Yp08cW/96.png","2022-09-29",287,5648,3,"380-28756483","09/29/2022"
"6237","Ukraine","Ukraine","T-64BV Zr. 2017","captured","https://i.postimg.cc/nrZLNHw2/ca1.png","2022-09-29",287,5649,3,"380-28756493","09/29/2022"
"6238","Ukraine","Ukraine","T-64BV Zr. 2017","captured","https://i.postimg.cc/W3QJncFg/m91.png","2022-09-29",287,5650,3,"380-28756503","09/29/2022"
"6239","Ukraine","Ukraine","T-64BV Zr. 2017","captured","https://i.postimg.cc/J7ZyLgHY/d70.png","2022-09-29",287,5651,3,"380-28756513","09/29/2022"
"6240","Ukraine","Ukraine","T-64BV Zr. 2017","captured","https://i.postimg.cc/g0GqzfGF/da1.png","2022-09-29",287,5652,3,"380-28756523","09/29/2022"
"6241","Ukraine","Ukraine","T-64BV Zr. 2017","captured","https://postimg.cc/vxWbnnfX","2022-09-29",287,5653,3,"380-28756533","09/29/2022"
"6242","Ukraine","Ukraine","T-64BV Zr. 2017","captured","https://i.postimg.cc/qR73wNL8/31d.png","2022-09-29",287,5654,3,"380-28756543","09/29/2022"
"6243","Ukraine","Ukraine","T-64B1M","captured","https://i.postimg.cc/yYvXnZnp/489.png","2022-09-29",288,5655,3,"380-28856553","09/29/2022"
"6244","Ukraine","Ukraine","T-64B1M","captured","https://i.postimg.cc/SsBBNR2Q/2000.jpg","2022-09-29",288,5656,3,"380-28856563","09/29/2022"
"6245","Ukraine","Ukraine","T-64B1M","captured","https://i.postimg.cc/76RdfgGd/11d.png","2022-09-29",288,5657,3,"380-28856573","09/29/2022"
"6246","Ukraine","Ukraine","T-64B1M","captured","https://twitter.com/Militarylandnet/status/1549028799949508610","2022-09-29",288,5658,3,"380-28856583","09/29/2022"
"6247","Ukraine","Ukraine","T-64BM 'Bulat'","destroyed","https://i.postimg.cc/bNx0nWSP/18.png","2022-09-29",289,5659,1,"380-28956591","09/29/2022"
"6248","Ukraine","Ukraine","T-64BM 'Bulat'","destroyed","https://postimg.cc/Z0TNNMpN","2022-09-29",289,5660,1,"380-28956601","09/29/2022"
"6249","Ukraine","Ukraine","T-64BM 'Bulat'","destroyed","https://i.postimg.cc/7Zj68RhN/f8.jpg","2022-09-29",289,5661,1,"380-28956611","09/29/2022"
"6250","Ukraine","Ukraine","T-64BM 'Bulat'","destroyed","https://i.postimg.cc/CxrCX8V9/2000.jpg","2022-09-29",289,5662,1,"380-28956621","09/29/2022"
"6251","Ukraine","Ukraine","T-64BM 'Bulat'","destroyed","https://i.postimg.cc/MZgpmdQw/554.png","2022-09-29",289,5663,1,"380-28956631","09/29/2022"
"6252","Ukraine","Ukraine","T-64BM 'Bulat'","captured","https://i.postimg.cc/zfM54XwB/41.png","2022-09-29",289,5664,3,"380-28956643","09/29/2022"
"6253","Ukraine","Ukraine","T-64BM 'Bulat'","captured","https://i.postimg.cc/q7x0jxG7/85.png","2022-09-29",289,5665,3,"380-28956653","09/29/2022"
"6254","Ukraine","Ukraine","T-64BM 'Bulat'","captured","https://i.postimg.cc/tJbw1Xvk/2001.jpg","2022-09-29",289,5666,3,"380-28956663","09/29/2022"
"6255","Ukraine","Ukraine","T-64BM2 'Bulat'","destroyed","https://i.postimg.cc/ydCY0QZq/18.png","2022-09-29",290,5667,1,"380-29056671","09/29/2022"
"6256","Ukraine","Soviet Union","1 Unknown T-64","destroyed","https://postimg.cc/dL4rP92y","2022-09-29",291,5668,1,"380-29156681","09/29/2022"
"6257","Ukraine","Soviet Union","3 T-72 'Ural'","destroyed","https://i.postimg.cc/G2b9DLfn/224.jpg","2022-09-29",292,5669,1,"380-29256691","09/29/2022"
"6258","Ukraine","Soviet Union","3 T-72 'Ural'","damaged","https://i.postimg.cc/28hSgCVJ/ur3.png","2022-09-29",292,5670,4,"380-29256704","09/29/2022"
"6259","Ukraine","Soviet Union","3 T-72 'Ural'","captured","https://i.postimg.cc/fTr9bZyZ/d7k.png","2022-09-29",292,5671,3,"380-29256713","09/29/2022"
"6260","Ukraine","Poland","T-72M/M1(R)","destroyed","https://i.postimg.cc/C1WBWGGb/43ff.png","2022-09-29",293,5672,1,"380-29356721","09/29/2022"
"6261","Ukraine","Poland","T-72M/M1(R)","destroyed","https://i.postimg.cc/fLG1tZ6f/326.png","2022-09-29",293,5673,1,"380-29356731","09/29/2022"
"6262","Ukraine","Poland","T-72M/M1(R)","destroyed","https://i.postimg.cc/sDrMJHLM/2002-t72m1.jpg","2022-09-29",293,5674,1,"380-29356741","09/29/2022"
"6263","Ukraine","Poland","T-72M/M1(R)","destroyed","https://i.postimg.cc/pdsjGw7W/2007-t72m1.jpg","2022-09-29",293,5675,1,"380-29356751","09/29/2022"
"6264","Ukraine","Poland","T-72M/M1(R)","destroyed","https://i.postimg.cc/8P7mnpgD/2001-t72m1.jpg","2022-09-29",293,5676,1,"380-29356761","09/29/2022"
"6265","Ukraine","Poland","T-72M/M1(R)","destroyed","https://i.postimg.cc/rmpr0j8c/2003-t72m1.png","2022-09-29",293,5677,1,"380-29356771","09/29/2022"
"6266","Ukraine","Poland","T-72M/M1(R)","destroyed","https://i.postimg.cc/yNgZmHWd/2004-t72m1.jpg","2022-09-29",293,5678,1,"380-29356781","09/29/2022"
"6267","Ukraine","Poland","T-72M/M1(R)","destroyed","https://twitter.com/UAWeapons/status/1570138869227470848","2022-09-29",293,5679,1,"380-29356791","09/29/2022"
"6268","Ukraine","Poland","T-72M/M1(R)","damaged","https://i.postimg.cc/XqMpms7D/2000-t72m1.jpg","2022-09-29",293,5680,4,"380-29356804","09/29/2022"
"6269","Ukraine","Poland","T-72M/M1(R)","abandoned","https://i.postimg.cc/XqMpms7D/2000-t72m1.jpg","2022-09-29",293,5680,2,"380-29356802","09/29/2022"
"6270","Ukraine","Poland","T-72M/M1(R)","damaged","https://i.postimg.cc/TYJpNq8C/2001-t72m1.jpg","2022-09-29",293,5681,4,"380-29356814","09/29/2022"
"6271","Ukraine","Poland","T-72M/M1(R)","abandoned","https://i.postimg.cc/TYJpNq8C/2001-t72m1.jpg","2022-09-29",293,5681,2,"380-29356812","09/29/2022"
"6272","Ukraine","Poland","T-72M/M1(R)","captured","https://i.postimg.cc/hjkddd8B/47.png","2022-09-29",293,5682,3,"380-29356823","09/29/2022"
"6273","Ukraine","Poland","T-72M/M1(R)","captured","https://twitter.com/UAWeapons/status/1549762508885565441","2022-09-29",293,5683,3,"380-29356833","09/29/2022"
"6274","Ukraine","Poland","T-72M/M1(R)","captured","https://i.postimg.cc/3J5D4qNT/4380.png","2022-09-29",293,5684,3,"380-29356843","09/29/2022"
"6275","Ukraine","Poland","T-72M/M1(R)","captured","https://twitter.com/UAWeapons/status/1572151857451274241","2022-09-29",293,5685,3,"380-29356853","09/29/2022"
"6276","Ukraine","Soviet Union","T-72AV","destroyed","https://i.postimg.cc/GhcK4SxB/4370.png","2022-09-29",294,5686,1,"380-29456861","09/29/2022"
"6277","Ukraine","Soviet Union","T-72AV","destroyed","https://i.postimg.cc/05VtgVcv/437.png","2022-09-29",294,5687,1,"380-29456871","09/29/2022"
"6278","Ukraine","Soviet Union","T-72AV","destroyed","https://i.postimg.cc/d3XDd2Ct/33d.png","2022-09-29",294,5688,1,"380-29456881","09/29/2022"
"6279","Ukraine","Soviet Union","T-72AV","destroyed","https://i.postimg.cc/Hkb7WfTP/2001-t80bv.jpg","2022-09-29",294,5689,1,"380-29456891","09/29/2022"
"6280","Ukraine","Soviet Union","T-72AV","captured","https://twitter.com/UAWeapons/status/1545899307802365953","2022-09-29",294,5602,3,"380-29456023","09/29/2022"
"6281","Ukraine","Soviet Union","T-72AV","captured","https://twitter.com/RALee85/status/1558887657324875777","2022-09-29",294,5609,3,"380-29456093","09/29/2022"
"6282","Ukraine","Soviet Union","T-72AV","captured","https://i.postimg.cc/TY5yXFcQ/2002-t72av.jpg","2022-09-29",294,5690,3,"380-29456903","09/29/2022"
"6283","Ukraine","Soviet Union","T-72B","destroyed","https://i.postimg.cc/bv64mYDK/31.jpg","2022-09-29",6,5691,1,"380-656911","09/29/2022"
"6284","Ukraine","Soviet Union","T-72B","destroyed","https://i.postimg.cc/nh72ydxf/665g.jpg","2022-09-29",6,5692,1,"380-656921","09/29/2022"
"6285","Ukraine","Soviet Union","T-72B","destroyed","https://i.postimg.cc/fb66Bc5s/4f54.png","2022-09-29",6,5693,1,"380-656931","09/29/2022"
"6286","Ukraine","Soviet Union","T-72B","destroyed","https://i.postimg.cc/C1k9tR6q/7j7.png","2022-09-29",6,5694,1,"380-656941","09/29/2022"
"6287","Ukraine","Soviet Union","T-72B","destroyed","https://i.postimg.cc/4NYRbPdZ/3315.png","2022-09-29",6,5695,1,"380-656951","09/29/2022"
"6288","Ukraine","Soviet Union","T-72B","destroyed","https://i.postimg.cc/dt0yfr27/t33.png","2022-09-29",6,5696,1,"380-656961","09/29/2022"
"6289","Ukraine","Soviet Union","T-72B","destroyed","https://twitter.com/UAWeapons/status/1569014536824553473","2022-09-29",6,5697,1,"380-656971","09/29/2022"
"6290","Ukraine","Soviet Union","T-72B","destroyed","https://i.postimg.cc/7Y7NWPXP/1004-t72b.jpg","2022-09-29",6,5698,1,"380-656981","09/29/2022"
"6291","Ukraine","Soviet Union","T-72B","damaged","https://i.postimg.cc/7Lr4jy27/54d.jpg","2022-09-29",6,5699,4,"380-656994","09/29/2022"
"6292","Ukraine","Soviet Union","T-72B","captured","https://i.postimg.cc/Qt0YYkvD/321.png","2022-09-29",6,5700,3,"380-657003","09/29/2022"
"6293","Ukraine","Soviet Union","T-72B","captured","https://postlmg.cc/PLBJrr0x","2022-09-29",6,5701,3,"380-657013","09/29/2022"
"6294","Ukraine","Soviet Union","T-72B","captured","https://i.postimg.cc/gcvHPYnx/43.png","2022-09-29",6,5702,3,"380-657023","09/29/2022"
"6295","Ukraine","Soviet Union","T-72B","captured","https://postimg.cc/8smZ5GpV","2022-09-29",6,5703,3,"380-657033","09/29/2022"
"6296","Ukraine","Soviet Union","T-72B","captured","https://i.postimg.cc/FFbtjVK4/54.png","2022-09-29",6,5704,3,"380-657043","09/29/2022"
"6297","Ukraine","Soviet Union","T-72B","captured","https://i.postimg.cc/VLR2r3gr/29.png","2022-09-29",6,5705,3,"380-657053","09/29/2022"
"6298","Ukraine","Ukraine","T-72AMT","destroyed","https://i.postimg.cc/vmXWC41y/578.png","2022-09-29",295,5706,1,"380-29557061","09/29/2022"
"6299","Ukraine","Ukraine","T-72AMT","destroyed","https://i.postimg.cc/3JdLkxCn/52.png","2022-09-29",295,5707,1,"380-29557071","09/29/2022"
"6300","Ukraine","Ukraine","T-72AMT","destroyed","https://i.postimg.cc/Y2J7KwT7/358.png","2022-09-29",295,5708,1,"380-29557081","09/29/2022"
"6301","Ukraine","Ukraine","T-72AMT","destroyed","https://i.postimg.cc/sf8DdfMG/5777.jpg","2022-09-29",295,5709,1,"380-29557091","09/29/2022"
"6302","Ukraine","Ukraine","T-72AMT","destroyed","https://i.postimg.cc/j50rsXb3/2103.jpg","2022-09-29",295,5710,1,"380-29557101","09/29/2022"
"6303","Ukraine","Ukraine","T-72AMT","destroyed","https://i.postimg.cc/mkTf9ghQ/2104.jpg","2022-09-29",295,5711,1,"380-29557111","09/29/2022"
"6304","Ukraine","Ukraine","T-72AMT","damaged","https://twitter.com/UAWeapons/status/1569014536824553473","2022-09-29",295,5697,4,"380-29556974","09/29/2022"
"6305","Ukraine","Ukraine","T-72AMT","abandoned","https://twitter.com/UAWeapons/status/1569014536824553473","2022-09-29",295,5697,2,"380-29556972","09/29/2022"
"6306","Ukraine","Ukraine","T-72AMT","damaged","https://i.postimg.cc/QdkdMWKj/2000.jpg","2022-09-29",295,5712,4,"380-29557124","09/29/2022"
"6307","Ukraine","Ukraine","T-72AMT","captured","https://i.postimg.cc/QdkdMWKj/2000.jpg","2022-09-29",295,5712,3,"380-29557123","09/29/2022"
"6308","Ukraine","Ukraine","T-72AMT","captured","https://i.postimg.cc/nzS4xq5Z/310.png","2022-09-29",295,5713,3,"380-29557133","09/29/2022"
"6309","Ukraine","Ukraine","T-72AMT","captured","https://i.postimg.cc/qqjdYB88/543.png","2022-09-29",295,5714,3,"380-29557143","09/29/2022"
"6310","Ukraine","Ukraine","T-72AMT","captured","https://i.postimg.cc/P5Ssy6vp/24.jpg","2022-09-29",295,5715,3,"380-29557153","09/29/2022"
"6311","Ukraine","Soviet Union","T-80BV","destroyed","https://i.postimg.cc/TYx2VkmB/58.png","2022-09-29",296,5716,1,"380-29657161","09/29/2022"
"6312","Ukraine","Soviet Union","T-80BV","destroyed","https://i.postimg.cc/Fzm2Jyps/49.png","2022-09-29",296,5717,1,"380-29657171","09/29/2022"
"6313","Ukraine","Soviet Union","T-80BV","destroyed","https://twitter.com/UAWeapons/status/1534632102955720709","2022-09-29",296,5718,1,"380-29657181","09/29/2022"
"6314","Ukraine","Soviet Union","T-80BV","destroyed","https://i.postimg.cc/pdGFLp4T/444.png","2022-09-29",296,5719,1,"380-29657191","09/29/2022"
"6315","Ukraine","Soviet Union","T-80BV","destroyed","https://postimg.cc/d76zVQMS","2022-09-29",296,5720,1,"380-29657201","09/29/2022"
"6316","Ukraine","Soviet Union","T-80BV","abandoned","https://i.postimg.cc/MHW2qp47/d39.png","2022-09-29",296,5721,2,"380-29657212","09/29/2022"
"6317","Ukraine","Soviet Union","T-80BV","abandoned","https://twitter.com/UAWeapons/status/1572568028587626496","2022-09-29",296,5722,2,"380-29657222","09/29/2022"
"6318","Ukraine","Soviet Union","T-80BV","damaged","https://i.postimg.cc/0jXKJsjL/f58.png","2022-09-29",296,5723,4,"380-29657234","09/29/2022"
"6319","Ukraine","Soviet Union","T-80BV","captured","https://i.postimg.cc/0jXKJsjL/f58.png","2022-09-29",296,5723,3,"380-29657233","09/29/2022"
"6320","Ukraine","Soviet Union","T-80BV","damaged","https://i.postimg.cc/fb3dc6LV/389.png","2022-09-29",296,5724,4,"380-29657244","09/29/2022"
"6321","Ukraine","Soviet Union","T-80BV","captured","https://i.postimg.cc/fb3dc6LV/389.png","2022-09-29",296,5724,3,"380-29657243","09/29/2022"
"6322","Ukraine","Soviet Union","T-80BV","damaged","https://i.postimg.cc/VsJn5zPD/43f.jpg","2022-09-29",296,5725,4,"380-29657254","09/29/2022"
"6323","Ukraine","Soviet Union","T-80BV","captured","https://i.postimg.cc/VsJn5zPD/43f.jpg","2022-09-29",296,5725,3,"380-29657253","09/29/2022"
"6324","Ukraine","Soviet Union","T-80BV","damaged","https://i.postimg.cc/MT0KSR08/6522.png","2022-09-29",296,5726,4,"380-29657264","09/29/2022"
"6325","Ukraine","Soviet Union","T-80BV","captured","https://i.postimg.cc/MT0KSR08/6522.png","2022-09-29",296,5726,3,"380-29657263","09/29/2022"
"6326","Ukraine","Soviet Union","T-80BV","captured","https://i.postimg.cc/4NkSDvHN/f21.png","2022-09-29",296,5727,3,"380-29657273","09/29/2022"
"6327","Ukraine","Soviet Union","T-80BV","captured","https://i.postimg.cc/rFbMJRqZ/4f.png","2022-09-29",296,5728,3,"380-29657283","09/29/2022"
"6328","Ukraine","Soviet Union","T-80BV","captured","https://i.postimg.cc/G352G9YJ/580.png","2022-09-29",296,5729,3,"380-29657293","09/29/2022"
"6329","Ukraine","Soviet Union","T-80BV","captured","https://i.postimg.cc/zvh7qCq7/2105.jpg","2022-09-29",296,5730,3,"380-29657303","09/29/2022"
"6330","Ukraine","Soviet Union","T-80BV","captured","https://postimg.cc/DJfV8xMx","2022-09-29",296,5731,3,"380-29657313","09/29/2022"
"6331","Ukraine","Ukraine","25 Unknown tank","destroyed","https://i.postimg.cc/Gh328kFC/9p.jpg","2022-09-29",297,5732,1,"380-29757321","09/29/2022"
"6332","Ukraine","Ukraine","25 Unknown tank","destroyed","https://i.postimg.cc/bNcWpXjf/18.png","2022-09-29",297,5733,1,"380-29757331","09/29/2022"
"6333","Ukraine","Ukraine","25 Unknown tank","destroyed","https://i.postimg.cc/c1YzsdvS/t1.jpg","2022-09-29",297,5734,1,"380-29757341","09/29/2022"
"6334","Ukraine","Ukraine","25 Unknown tank","destroyed","https://i.postimg.cc/NF1Cbk3M/t2.jpg","2022-09-29",297,5735,1,"380-29757351","09/29/2022"
"6335","Ukraine","Ukraine","25 Unknown tank","destroyed","https://i.postimg.cc/3w3ndgMR/5785.jpg","2022-09-29",297,5736,1,"380-29757361","09/29/2022"
"6336","Ukraine","Ukraine","25 Unknown tank","destroyed","https://i.postimg.cc/TY2SVWkd/7j6.jpg","2022-09-29",297,5737,1,"380-29757371","09/29/2022"
"6337","Ukraine","Ukraine","25 Unknown tank","destroyed","https://i.postimg.cc/HWRkvB0S/3d.jpg","2022-09-29",297,5738,1,"380-29757381","09/29/2022"
"6338","Ukraine","Ukraine","25 Unknown tank","destroyed","https://i.postimg.cc/Hxx5wgcW/7h.jpg","2022-09-29",297,5739,1,"380-29757391","09/29/2022"
"6339","Ukraine","Ukraine","25 Unknown tank","destroyed","https://i.postimg.cc/mD59V5CY/8k.jpg","2022-09-29",297,5740,1,"380-29757401","09/29/2022"
"6340","Ukraine","Ukraine","25 Unknown tank","destroyed","https://i.postimg.cc/VNpV1yC4/554.jpg","2022-09-29",297,5741,1,"380-29757411","09/29/2022"
"6341","Ukraine","Ukraine","25 Unknown tank","destroyed","https://twitter.com/UAWeapons/status/1529407748768669699","2022-09-29",297,5742,1,"380-29757421","09/29/2022"
"6342","Ukraine","Ukraine","25 Unknown tank","destroyed","https://twitter.com/UAWeapons/status/1538541806329155585","2022-09-29",297,5743,1,"380-29757431","09/29/2022"
"6343","Ukraine","Ukraine","25 Unknown tank","destroyed","https://i.postimg.cc/Rhfdc4Mx/2000.jpg","2022-09-29",297,5744,1,"380-29757441","09/29/2022"
"6344","Ukraine","Ukraine","25 Unknown tank","destroyed","https://twitter.com/RALee85/status/1552954454797914115","2022-09-29",297,5745,1,"380-29757451","09/29/2022"
"6345","Ukraine","Ukraine","25 Unknown tank","destroyed","https://i.postimg.cc/j2SP6vwP/443.png","2022-09-29",297,5746,1,"380-29757461","09/29/2022"
"6346","Ukraine","Ukraine","25 Unknown tank","destroyed","https://twitter.com/RALee85/status/1556356059161366529","2022-09-29",297,5747,1,"380-29757471","09/29/2022"
"6347","Ukraine","Ukraine","25 Unknown tank","destroyed","https://i.postimg.cc/L4Y3j6JK/2001-unkn-tank.jpg","2022-09-29",297,5748,1,"380-29757481","09/29/2022"
"6348","Ukraine","Ukraine","25 Unknown tank","destroyed","https://i.postimg.cc/HkCbV4Xg/2004-unkn-tank.jpg","2022-09-29",297,5749,1,"380-29757491","09/29/2022"
"6349","Ukraine","Ukraine","25 Unknown tank","destroyed","https://i.postimg.cc/3w8pZ8tf/2006-unkn-tank.jpg","2022-09-29",297,5750,1,"380-29757501","09/29/2022"
"6350","Ukraine","Ukraine","25 Unknown tank","destroyed","https://i.postimg.cc/rpswWCnN/2002-unkn-tank-2x.jpg","2022-09-29",297,5751,1,"380-29757511","09/29/2022"
"6351","Ukraine","Ukraine","25 Unknown tank","destroyed","https://i.postimg.cc/CKRXtDyS/2003-unkn-tank.jpg","2022-09-29",297,5752,1,"380-29757521","09/29/2022"
"6352","Ukraine","Ukraine","25 Unknown tank","destroyed","https://twitter.com/UAWeapons/status/1571509015301046272","2022-09-29",297,5753,1,"380-29757531","09/29/2022"
"6353","Ukraine","Ukraine","25 Unknown tank","destroyed","https://i.postimg.cc/nLrKfNFJ/2000-unkn-afv.jpg","2022-09-29",297,5754,1,"380-29757541","09/29/2022"
"6354","Ukraine","Ukraine","25 Unknown tank","captured","https://i.postimg.cc/NjnfBYFT/2001-unkn-tank.jpg","2022-09-29",297,5755,3,"380-29757553","09/29/2022"
"6355","Ukraine","Soviet Union","14 BRM-1K reconnaissance vehicle","destroyed","https://i.postimg.cc/3JbrsBB1/d21.jpg","2022-09-29",298,5756,1,"380-29857561","09/29/2022"
"6356","Ukraine","Soviet Union","14 BRM-1K reconnaissance vehicle","destroyed","https://postimg.cc/dDYSKnQw","2022-09-29",298,5757,1,"380-29857571","09/29/2022"
"6357","Ukraine","Soviet Union","14 BRM-1K reconnaissance vehicle","destroyed","https://i.postimg.cc/C1j135Gd/224.png","2022-09-29",298,5758,1,"380-29857581","09/29/2022"
"6358","Ukraine","Soviet Union","14 BRM-1K reconnaissance vehicle","destroyed","https://i.postimg.cc/4dsFzt7v/443.png","2022-09-29",298,5759,1,"380-29857591","09/29/2022"
"6359","Ukraine","Soviet Union","14 BRM-1K reconnaissance vehicle","destroyed","https://twitter.com/UAWeapons/status/1570492289751064577","2022-09-29",298,5760,1,"380-29857601","09/29/2022"
"6360","Ukraine","Soviet Union","14 BRM-1K reconnaissance vehicle","damaged","https://twitter.com/UAWeapons/status/1568241700921016320","2022-09-29",298,5761,4,"380-29857614","09/29/2022"
"6361","Ukraine","Soviet Union","14 BRM-1K reconnaissance vehicle","abandoned","https://twitter.com/UAWeapons/status/1568241700921016320","2022-09-29",298,5761,2,"380-29857612","09/29/2022"
"6362","Ukraine","Soviet Union","14 BRM-1K reconnaissance vehicle","abandoned","https://twitter.com/UAWeapons/status/1574132894846648320","2022-09-29",298,5762,2,"380-29857622","09/29/2022"
"6363","Ukraine","Soviet Union","14 BRM-1K reconnaissance vehicle","damaged","https://i.postimg.cc/tC4jmbcK/446.png","2022-09-29",298,5763,4,"380-29857634","09/29/2022"
"6364","Ukraine","Soviet Union","14 BRM-1K reconnaissance vehicle","captured","https://i.postimg.cc/tC4jmbcK/446.png","2022-09-29",298,5763,3,"380-29857633","09/29/2022"
"6365","Ukraine","Soviet Union","14 BRM-1K reconnaissance vehicle","captured","https://i.postimg.cc/ZnMyg04W/6669.jpg","2022-09-29",298,5764,3,"380-29857643","09/29/2022"
"6366","Ukraine","Soviet Union","14 BRM-1K reconnaissance vehicle","captured","https://i.postimg.cc/0Q71gWbb/652.png","2022-09-29",298,5765,3,"380-29857653","09/29/2022"
"6367","Ukraine","Soviet Union","14 BRM-1K reconnaissance vehicle","captured","https://i.postimg.cc/ZKwfSH3R/t4.jpg","2022-09-29",298,5766,3,"380-29857663","09/29/2022"
"6368","Ukraine","Soviet Union","14 BRM-1K reconnaissance vehicle","captured","https://i.postimg.cc/65pcRcw1/448.png","2022-09-29",298,5767,3,"380-29857673","09/29/2022"
"6369","Ukraine","Soviet Union","14 BRM-1K reconnaissance vehicle","captured","https://postimg.cc/Xrdg4kJx","2022-09-29",298,5768,3,"380-29857683","09/29/2022"
"6370","Ukraine","Soviet Union","14 BRM-1K reconnaissance vehicle","captured","https://i.postimg.cc/gjKDwY6L/2110.jpg","2022-09-29",298,5769,3,"380-29857693","09/29/2022"
"6371","Ukraine","Soviet Union","14 BRM-1K reconnaissance vehicle","captured","https://i.postimg.cc/NfT6jcpW/98.png","2022-09-29",298,5770,3,"380-29857703","09/29/2022"
"6372","Ukraine","Soviet Union","14 BRM-1K reconnaissance vehicle","captured","https://i.postimg.cc/3xTgycqW/f1.png","2022-09-29",298,5771,3,"380-29857713","09/29/2022"
"6373","Ukraine","Soviet Union","BRDM-2","destroyed","https://postimg.cc/WhTyyztk","2022-09-29",299,5772,1,"380-29957721","09/29/2022"
"6374","Ukraine","Soviet Union","BRDM-2","destroyed","https://postimg.cc/R3y8pTnS","2022-09-29",299,5773,1,"380-29957731","09/29/2022"
"6375","Ukraine","Soviet Union","BRDM-2","destroyed","https://i.postimg.cc/gk37TCky/57h.png","2022-09-29",299,5774,1,"380-29957741","09/29/2022"
"6376","Ukraine","Soviet Union","BRDM-2","destroyed","https://i.postimg.cc/zB37hLrN/s3.png","2022-09-29",299,5775,1,"380-29957751","09/29/2022"
"6377","Ukraine","Soviet Union","BRDM-2","destroyed","https://postimg.cc/fVx7vWcJ","2022-09-29",299,5776,1,"380-29957761","09/29/2022"
"6378","Ukraine","Soviet Union","BRDM-2","destroyed","https://i.postimg.cc/XvY1CmCn/8j.png","2022-09-29",299,5777,1,"380-29957771","09/29/2022"
"6379","Ukraine","Soviet Union","BRDM-2","destroyed","https://i.postimg.cc/6pwbxCDL/62.png","2022-09-29",299,5778,1,"380-29957781","09/29/2022"
"6380","Ukraine","Soviet Union","BRDM-2","destroyed","https://i.postimg.cc/9M2VBs6f/25.png","2022-09-29",299,5779,1,"380-29957791","09/29/2022"
"6381","Ukraine","Soviet Union","BRDM-2","destroyed","https://i.postimg.cc/ht3GCSkq/388.png","2022-09-29",299,5780,1,"380-29957801","09/29/2022"
"6382","Ukraine","Soviet Union","BRDM-2","destroyed","https://i.postimg.cc/KYS1C2kz/7j.jpg","2022-09-29",299,5781,1,"380-29957811","09/29/2022"
"6383","Ukraine","Soviet Union","BRDM-2","destroyed","https://i.postimg.cc/ZngwN0QL/b1.png","2022-09-29",299,5782,1,"380-29957821","09/29/2022"
"6384","Ukraine","Soviet Union","BRDM-2","destroyed","https://i.postimg.cc/gJy48H5H/380.png","2022-09-29",299,5783,1,"380-29957831","09/29/2022"
"6385","Ukraine","Soviet Union","BRDM-2","destroyed","https://i.postimg.cc/JnSFMQKx/431.png","2022-09-29",299,5784,1,"380-29957841","09/29/2022"
"6386","Ukraine","Soviet Union","BRDM-2","destroyed","https://twitter.com/UAWeapons/status/1543956188957757441","2022-09-29",299,5785,1,"380-29957851","09/29/2022"
"6387","Ukraine","Soviet Union","BRDM-2","destroyed","https://twitter.com/UAWeapons/status/1545021770008240130","2022-09-29",299,5786,1,"380-29957861","09/29/2022"
"6388","Ukraine","Soviet Union","BRDM-2","destroyed","https://i.postimg.cc/SQMHBs2q/2006.png","2022-09-29",299,5787,1,"380-29957871","09/29/2022"
"6389","Ukraine","Soviet Union","BRDM-2","destroyed","https://postimg.cc/fS4PHG92","2022-09-29",299,5788,1,"380-29957881","09/29/2022"
"6390","Ukraine","Soviet Union","BRDM-2","destroyed","https://postimg.cc/gn7gNFbv","2022-09-29",299,5789,1,"380-29957891","09/29/2022"
"6391","Ukraine","Soviet Union","BRDM-2","destroyed","https://i.postimg.cc/ZR74W6B7/f4v.png","2022-09-29",299,5790,1,"380-29957901","09/29/2022"
"6392","Ukraine","Soviet Union","BRDM-2","destroyed","https://i.postimg.cc/wM4r5VgP/c9.png","2022-09-29",299,5791,1,"380-29957911","09/29/2022"
"6393","Ukraine","Soviet Union","BRDM-2","destroyed","https://i.postimg.cc/mZFYPYmc/331f.png","2022-09-29",299,5792,1,"380-29957921","09/29/2022"
"6394","Ukraine","Soviet Union","BRDM-2","destroyed","https://i.postimg.cc/zGqvmc01/d33.png","2022-09-29",299,5793,1,"380-29957931","09/29/2022"
"6395","Ukraine","Soviet Union","BRDM-2","destroyed","https://i.postimg.cc/mkykpPt7/6h8.png","2022-09-29",299,5794,1,"380-29957941","09/29/2022"
"6396","Ukraine","Soviet Union","BRDM-2","destroyed","https://i.postimg.cc/BnLsX84N/8j.png","2022-09-29",299,5795,1,"380-29957951","09/29/2022"
"6397","Ukraine","Soviet Union","BRDM-2","destroyed","https://i.postimg.cc/XY8hN4yx/7j.png","2022-09-29",299,5796,1,"380-29957961","09/29/2022"
"6398","Ukraine","Soviet Union","BRDM-2","destroyed","https://i.postimg.cc/Jn29hRYf/33270.png","2022-09-29",299,5797,1,"380-29957971","09/29/2022"
"6399","Ukraine","Soviet Union","BRDM-2","destroyed","https://postimg.cc/HjkmJ64K","2022-09-29",299,5798,1,"380-29957981","09/29/2022"
"6400","Ukraine","Soviet Union","BRDM-2","destroyed","https://postimg.cc/XBVT9YCd","2022-09-29",299,5799,1,"380-29957991","09/29/2022"
"6401","Ukraine","Soviet Union","BRDM-2","destroyed","https://twitter.com/UAWeapons/status/1566786799548223491","2022-09-29",299,5800,1,"380-29958001","09/29/2022"
"6402","Ukraine","Soviet Union","BRDM-2","damaged","https://i.postimg.cc/brg6QFkk/2.png","2022-09-29",299,5801,4,"380-29958014","09/29/2022"
"6403","Ukraine","Soviet Union","BRDM-2","captured","https://i.postimg.cc/Xq3SZTZj/d34.png","2022-09-29",299,5802,3,"380-29958023","09/29/2022"
"6404","Ukraine","Soviet Union","BRDM-2","captured","https://i.postimg.cc/wjZZCBgG/Screenshot-8367.png","2022-09-29",299,5803,3,"380-29958033","09/29/2022"
"6405","Ukraine","Soviet Union","BRDM-2","captured","https://i.postimg.cc/SxJH19F9/Screenshot-8366.png","2022-09-29",299,5804,3,"380-29958043","09/29/2022"
"6406","Ukraine","Soviet Union","BRDM-2","captured","https://i.postimg.cc/1RvcMjbR/3hl.png","2022-09-29",299,5805,3,"380-29958053","09/29/2022"
"6407","Ukraine","Soviet Union","BRDM-2","captured","https://i.postimg.cc/ry5PsgNL/d13.png","2022-09-29",299,5806,3,"380-29958063","09/29/2022"
"6408","Ukraine","Soviet Union","BRDM-2","captured","https://i.postimg.cc/ZYQhmscP/438.png","2022-09-29",299,5807,3,"380-29958073","09/29/2022"
"6409","Ukraine","Soviet Union","BRDM-2","captured","https://i.postimg.cc/fRy80Tc8/542.png","2022-09-29",299,5808,3,"380-29958083","09/29/2022"
"6410","Ukraine","Soviet Union","BRDM-2","captured","https://i.postimg.cc/26hQJK6t/4f1.png","2022-09-29",299,5809,3,"380-29958093","09/29/2022"
"6411","Ukraine","Soviet Union","BRDM-2","captured","https://i.postimg.cc/KcC7csQq/477.png","2022-09-29",299,5810,3,"380-29958103","09/29/2022"
"6412","Ukraine","Soviet Union","BRDM-2","captured","https://i.postimg.cc/HL340vkC/27.png","2022-09-29",299,5811,3,"380-29958113","09/29/2022"
"6413","Ukraine","Soviet Union","BRDM-2","captured","https://i.postimg.cc/htZsSH95/443.jpg","2022-09-29",299,5812,3,"380-29958123","09/29/2022"
"6414","Ukraine","Soviet Union","BRDM-2","captured","https://i.postimg.cc/Lsmp3xYM/37.png","2022-09-29",299,5813,3,"380-29958133","09/29/2022"
"6415","Ukraine","Soviet Union","BRDM-2","captured","https://i.postimg.cc/RZfGyS3W/4330.png","2022-09-29",299,5814,3,"380-29958143","09/29/2022"
"6416","Ukraine","Soviet Union","BRDM-2","captured","https://i.postimg.cc/bYGkc8Kq/358.png","2022-09-29",299,5815,3,"380-29958153","09/29/2022"
"6417","Ukraine","Soviet Union","BRDM-2","captured","https://i.postimg.cc/4NkchXtV/6650.png","2022-09-29",299,5816,3,"380-29958163","09/29/2022"
"6418","Ukraine","Soviet Union","BRDM-2","captured","https://i.postimg.cc/Znpzq7dX/f9.png","2022-09-29",299,5817,3,"380-29958173","09/29/2022"
"6419","Ukraine","Soviet Union","BRDM-2","captured","https://i.postimg.cc/bwB497M3/a11.png","2022-09-29",299,5818,3,"380-29958183","09/29/2022"
"6420","Ukraine","Soviet Union","BRDM-2","captured","https://i.postimg.cc/V6jT1dNV/a22.png","2022-09-29",299,5819,3,"380-29958193","09/29/2022"
"6421","Ukraine","Soviet Union","BRDM-2","captured","https://i.postimg.cc/TYfDBCPr/577.png","2022-09-29",299,5820,3,"380-29958203","09/29/2022"
"6422","Ukraine","Soviet Union","BRDM-2","captured","https://i.postimg.cc/x1Pz37Vk/5577.png","2022-09-29",299,5821,3,"380-29958213","09/29/2022"
"6423","Ukraine","Soviet Union","BRDM-2","captured","https://i.postimg.cc/7Pg0LbtM/553.png","2022-09-29",299,5822,3,"380-29958223","09/29/2022"
"6424","Ukraine","Soviet Union","BRDM-2","captured","https://i.postimg.cc/Nf1s0JTN/a3.png","2022-09-29",299,5823,3,"380-29958233","09/29/2022"
"6425","Ukraine","Soviet Union","BRDM-2","captured","https://i.postimg.cc/MKcHscPj/g544.png","2022-09-29",299,5824,3,"380-29958243","09/29/2022"
"6426","Ukraine","Soviet Union","BRDM-2","captured","https://i.postimg.cc/XvMt3H7S/4gj.png","2022-09-29",299,5825,3,"380-29958253","09/29/2022"
"6427","Ukraine","Soviet Union","BRDM-2","captured","https://i.postimg.cc/x8NZ9VzQ/bl.png","2022-09-29",299,5826,3,"380-29958263","09/29/2022"
"6428","Ukraine","Soviet Union","BRDM-2","captured","https://i.postimg.cc/vBJzLg4R/bl.png","2022-09-29",299,5827,3,"380-29958273","09/29/2022"
"6429","Ukraine","Soviet Union","BRDM-2","captured","https://i.postimg.cc/Y0pYBKNR/325.png","2022-09-29",299,5828,3,"380-29958283","09/29/2022"
"6430","Ukraine","Soviet Union","BRDM-2","captured","https://i.postimg.cc/HLz3dRwD/f455.png","2022-09-29",299,5829,3,"380-29958293","09/29/2022"
"6431","Ukraine","Soviet Union","BRDM-2","captured","https://postimg.cc/qgxtrDB5","2022-09-29",299,5830,3,"380-29958303","09/29/2022"
"6432","Ukraine","Soviet Union","BRDM-2","captured","https://i.postimg.cc/QNKN2xMZ/a1.png","2022-09-29",299,5831,3,"380-29958313","09/29/2022"
"6433","Ukraine","Soviet Union","BRDM-2","captured","https://i.postimg.cc/3JMrY5y4/a2.png","2022-09-29",299,5832,3,"380-29958323","09/29/2022"
"6434","Ukraine","Soviet Union","BRDM-2","captured","https://twitter.com/UAWeapons/status/1569740914821664770","2022-09-29",299,5833,3,"380-29958333","09/29/2022"
"6435","Ukraine","Ukraine","Vepr","destroyed","https://i.postimg.cc/yxBhsQ50/2000-Vepr-BRDM.png","2022-09-29",300,5834,1,"380-30058341","09/29/2022"
"6436","Ukraine","Ukraine","Vepr","captured","https://i.postimg.cc/WbkQmHty/5gl.png","2022-09-29",300,5835,3,"380-30058353","09/29/2022"
"6437","Ukraine","Soviet Union","17 MT-LB","destroyed","https://i.postimg.cc/ry4rL6Zz/4fs.png","2022-09-29",301,5836,1,"380-30158361","09/29/2022"
"6438","Ukraine","Soviet Union","17 MT-LB","destroyed","https://i.postimg.cc/15LSXyBT/5488.png","2022-09-29",301,5837,1,"380-30158371","09/29/2022"
"6439","Ukraine","Soviet Union","17 MT-LB","destroyed","https://twitter.com/UAWeapons/status/1531327070852325377","2022-09-29",301,5838,1,"380-30158381","09/29/2022"
"6440","Ukraine","Soviet Union","17 MT-LB","destroyed","https://i.postimg.cc/SsjQ8RFg/2003.jpg","2022-09-29",301,5839,1,"380-30158391","09/29/2022"
"6441","Ukraine","Soviet Union","17 MT-LB","destroyed","https://twitter.com/RALee85/status/1546178363567529984","2022-09-29",301,5840,1,"380-30158401","09/29/2022"
"6442","Ukraine","Soviet Union","17 MT-LB","destroyed","https://i.postimg.cc/1zTgwbHc/4478.png","2022-09-29",301,5841,1,"380-30158411","09/29/2022"
"6443","Ukraine","Soviet Union","17 MT-LB","destroyed","https://i.postimg.cc/NfD5FLv9/5g.png","2022-09-29",301,5842,1,"380-30158421","09/29/2022"
"6444","Ukraine","Soviet Union","17 MT-LB","destroyed","https://i.postimg.cc/hGJx5GSY/4fb.png","2022-09-29",301,5843,1,"380-30158431","09/29/2022"
"6445","Ukraine","Soviet Union","17 MT-LB","destroyed","https://i.postimg.cc/ydp0QSR2/fn.png","2022-09-29",301,5844,1,"380-30158441","09/29/2022"
"6446","Ukraine","Soviet Union","17 MT-LB","destroyed","https://i.postimg.cc/cH6bD7ny/321.png","2022-09-29",301,5845,1,"380-30158451","09/29/2022"
"6447","Ukraine","Soviet Union","17 MT-LB","destroyed","https://i.postimg.cc/nr9tsd8j/558.png","2022-09-29",301,5846,1,"380-30158461","09/29/2022"
"6448","Ukraine","Soviet Union","17 MT-LB","abandoned","https://i.postimg.cc/D00sLq8C/Screenshot-8261.png","2022-09-29",301,5847,2,"380-30158472","09/29/2022"
"6449","Ukraine","Soviet Union","17 MT-LB","captured","https://i.postimg.cc/fTkR5p00/12.png","2022-09-29",301,5848,3,"380-30158483","09/29/2022"
"6450","Ukraine","Soviet Union","17 MT-LB","captured","https://i.postimg.cc/66vbq3wB/776.png","2022-09-29",301,5849,3,"380-30158493","09/29/2022"
"6451","Ukraine","Soviet Union","17 MT-LB","captured","https://twitter.com/UAWeapons/status/1543548861653843968","2022-09-29",301,5850,3,"380-30158503","09/29/2022"
"6452","Ukraine","Soviet Union","17 MT-LB","captured","https://twitter.com/UAWeapons/status/1545899373724422151","2022-09-29",301,5851,3,"380-30158513","09/29/2022"
"6453","Ukraine","Soviet Union","MT-LB with ZU-23 AA gun","destroyed","https://i.postimg.cc/GmFC2VRb/456.png","2022-09-29",302,5852,1,"380-30258521","09/29/2022"
"6454","Ukraine","Soviet Union","MT-LB with ZU-23 AA gun","destroyed","https://postimg.cc/0zHcXggY","2022-09-29",302,5853,1,"380-30258531","09/29/2022"
"6455","Ukraine","Soviet Union","MT-LB with ZU-23 AA gun","destroyed","https://i.postimg.cc/Rhd3fZy0/id33166-06.jpg","2022-09-29",302,5854,1,"380-30258541","09/29/2022"
"6456","Ukraine","Soviet Union","MT-LB with ZU-23 AA gun","destroyed","https://i.postimg.cc/VkgPMXzY/f332.png","2022-09-29",302,5855,1,"380-30258551","09/29/2022"
"6457","Ukraine","Soviet Union","MT-LB with ZU-23 AA gun","destroyed","https://i.postimg.cc/L4PYbN1H/155.png","2022-09-29",302,5856,1,"380-30258561","09/29/2022"
"6458","Ukraine","Soviet Union","MT-LB with ZU-23 AA gun","destroyed","https://twitter.com/UAWeapons/status/1572307996771762178","2022-09-29",302,5857,1,"380-30258571","09/29/2022"
"6459","Ukraine","Soviet Union","MT-LB with ZU-23 AA gun","captured","https://i.postimg.cc/kMw23yTN/37h.png","2022-09-29",302,5858,3,"380-30258583","09/29/2022"
"6460","Ukraine","Soviet Union","MT-LB with ZU-23 AA gun","captured","https://i.postimg.cc/wxrq7CY2/4f4.png","2022-09-29",302,5859,3,"380-30258593","09/29/2022"
"6461","Ukraine","Soviet Union","BTS-4 ARV with ZU-23 AA gun","captured","https://i.postimg.cc/5tS2GFW7/d30.jpg","2022-09-29",303,5860,3,"380-30358603","09/29/2022"
"6462","Ukraine","Soviet Union","MT-LBu","destroyed","https://i.postimg.cc/tTtGQFZV/34.png","2022-09-29",30,5861,1,"380-3058611","09/29/2022"
"6463","Ukraine","Soviet Union","MT-LBu","destroyed","https://i.postimg.cc/RF2d9TK9/f89.png","2022-09-29",30,5862,1,"380-3058621","09/29/2022"
"6464","Ukraine","Soviet Union","MT-LBu","captured","https://i.postimg.cc/qqpf540b/a1.png","2022-09-29",30,5863,3,"380-3058633","09/29/2022"
"6465","Ukraine","Soviet Union","MT-LBu","captured","https://i.postimg.cc/RhB7NvQ0/776.png","2022-09-29",30,5864,3,"380-3058643","09/29/2022"
"6466","Ukraine","Ukraine","MT-LB-S Ambulance","destroyed","https://i.postimg.cc/Kcw23zMd/331.png","2022-09-29",304,5865,1,"380-30458651","09/29/2022"
"6467","Ukraine","Ukraine","MT-LB-S Ambulance","destroyed","https://i.postimg.cc/857p1Nfy/dd25.png","2022-09-29",304,5866,1,"380-30458661","09/29/2022"
"6468","Ukraine","Ukraine","MT-LB-S Ambulance","destroyed","https://i.postimg.cc/6pKNbR3y/6655.png","2022-09-29",304,5867,1,"380-30458671","09/29/2022"
"6469","Ukraine","Ukraine","MT-LB-S Ambulance","destroyed","https://i.postimg.cc/gjXpXXqd/144.png","2022-09-29",304,5868,1,"380-30458681","09/29/2022"
"6470","Ukraine","Ukraine","MT-LB-S Ambulance","destroyed","https://twitter.com/UAWeapons/status/1571108754393042947","2022-09-29",304,5869,1,"380-30458691","09/29/2022"
"6471","Ukraine","Ukraine","MT-LB-S Ambulance","destroyed","https://twitter.com/UAWeapons/status/1572307996771762178","2022-09-29",304,5857,1,"380-30458571","09/29/2022"
"6472","Ukraine","Ukraine","MT-LB-S Ambulance","abandoned","https://i.postimg.cc/3Jv5s5tq/468.png","2022-09-29",304,5870,2,"380-30458702","09/29/2022"
"6473","Ukraine","Ukraine","MT-LB-S Ambulance","captured","https://i.postimg.cc/hPb8k9Qw/8744.png","2022-09-29",304,5871,3,"380-30458713","09/29/2022"
"6474","Ukraine","Ukraine","MT-LB-S Ambulance","captured","https://i.postimg.cc/m2tfxBb9/d1.png","2022-09-29",304,5872,3,"380-30458723","09/29/2022"
"6475","Ukraine","Ukraine","BMM-70 Ambulance","destroyed","https://i.postimg.cc/9f7xTgdS/43.png","2022-09-29",305,5873,1,"380-30558731","09/29/2022"
"6476","Ukraine","Ukraine","BMM-4C Ambulance","destroyed","https://postlmg.cc/vgbkz5j3","2022-09-29",306,5874,1,"380-30658741","09/29/2022"
"6477","Ukraine","Ukraine","BMM-4C Ambulance","captured","https://i.postimg.cc/pdVsmcw4/66554.jpg","2022-09-29",306,5875,3,"380-30658753","09/29/2022"
"6478","Ukraine","Ukraine","Unknown AFV","destroyed","https://i.postimg.cc/SNyxgzqX/3280.png","2022-09-29",36,5876,1,"380-3658761","09/29/2022"
"6479","Ukraine","Ukraine","Unknown AFV","destroyed","https://i.postimg.cc/RZxLrS2h/443.jpg","2022-09-29",36,5877,1,"380-3658771","09/29/2022"
"6480","Ukraine","Ukraine","Unknown AFV","destroyed","https://i.postimg.cc/0yCWcKrP/13.jpg","2022-09-29",36,5878,1,"380-3658781","09/29/2022"
"6481","Ukraine","Ukraine","Unknown AFV","destroyed","https://i.postimg.cc/mDPmLdjg/14.jpg","2022-09-29",36,5879,1,"380-3658791","09/29/2022"
"6482","Ukraine","Ukraine","Unknown AFV","destroyed","https://i.postimg.cc/6qRzRyDs/15.jpg","2022-09-29",36,5880,1,"380-3658801","09/29/2022"
"6483","Ukraine","Ukraine","Unknown AFV","destroyed","https://i.postimg.cc/cCCVWyPT/40.png","2022-09-29",36,5881,1,"380-3658811","09/29/2022"
"6484","Ukraine","Ukraine","Unknown AFV","destroyed","https://i.postimg.cc/MpvjR67J/4t.jpg","2022-09-29",36,5882,1,"380-3658821","09/29/2022"
"6485","Ukraine","Ukraine","Unknown AFV","destroyed","https://i.postimg.cc/RZDhQVmk/5544.jpg","2022-09-29",36,5883,1,"380-3658831","09/29/2022"
"6486","Ukraine","Ukraine","Unknown AFV","destroyed","https://twitter.com/UAWeapons/status/1519769346624704514","2022-09-29",36,5884,1,"380-3658841","09/29/2022"
"6487","Ukraine","Ukraine","Unknown AFV","destroyed","https://i.postimg.cc/G20wN7sN/h7.jpg","2022-09-29",36,5885,1,"380-3658851","09/29/2022"
"6488","Ukraine","Ukraine","Unknown AFV","destroyed","https://i.postimg.cc/KjxXc1fD/h8.jpg","2022-09-29",36,5886,1,"380-3658861","09/29/2022"
"6489","Ukraine","Ukraine","Unknown AFV","destroyed","https://twitter.com/RALee85/status/1546190144335740928","2022-09-29",36,5887,1,"380-3658871","09/29/2022"
"6490","Ukraine","Ukraine","Unknown AFV","destroyed","https://twitter.com/UAWeapons/status/1550129446744576001","2022-09-29",36,5888,1,"380-3658881","09/29/2022"
"6491","Ukraine","Ukraine","Unknown AFV","destroyed","https://i.postimg.cc/HsbBTh78/2001-unkn-afv.jpg","2022-09-29",36,5889,1,"380-3658891","09/29/2022"
"6492","Ukraine","Soviet Union","BMP-1(P)","destroyed","https://i.postimg.cc/TwZXLdT1/d67.png","2022-09-29",307,5890,1,"380-30758901","09/29/2022"
"6493","Ukraine","Soviet Union","BMP-1(P)","destroyed","https://i.postimg.cc/V6Xg1gbX/886.png","2022-09-29",307,5891,1,"380-30758911","09/29/2022"
"6494","Ukraine","Soviet Union","BMP-1(P)","destroyed","https://i.postimg.cc/W4X6yy25/443689.png","2022-09-29",307,5892,1,"380-30758921","09/29/2022"
"6495","Ukraine","Soviet Union","BMP-1(P)","destroyed","https://i.postimg.cc/hG2MhLNM/s2.png","2022-09-29",307,5893,1,"380-30758931","09/29/2022"
"6496","Ukraine","Soviet Union","BMP-1(P)","destroyed","https://i.postimg.cc/j5X4H5W7/432.png","2022-09-29",307,5894,1,"380-30758941","09/29/2022"
"6497","Ukraine","Soviet Union","BMP-1(P)","destroyed","https://i.postimg.cc/ht5ZrGMM/68.jpg","2022-09-29",307,5895,1,"380-30758951","09/29/2022"
"6498","Ukraine","Soviet Union","BMP-1(P)","destroyed","https://i.postimg.cc/630tyFmK/b1.png","2022-09-29",307,5896,1,"380-30758961","09/29/2022"
"6499","Ukraine","Soviet Union","BMP-1(P)","destroyed","https://i.postimg.cc/nLKtP6Zm/b1.png","2022-09-29",307,5897,1,"380-30758971","09/29/2022"
"6500","Ukraine","Soviet Union","BMP-1(P)","destroyed","https://i.postimg.cc/vBPCRyK4/795.png","2022-09-29",307,5898,1,"380-30758981","09/29/2022"
"6501","Ukraine","Soviet Union","BMP-1(P)","destroyed","https://i.postimg.cc/d09V0NC2/3387.png","2022-09-29",307,5899,1,"380-30758991","09/29/2022"
"6502","Ukraine","Soviet Union","BMP-1(P)","destroyed","https://i.postimg.cc/XvKb6Y63/t8.png","2022-09-29",307,5900,1,"380-30759001","09/29/2022"
"6503","Ukraine","Soviet Union","BMP-1(P)","destroyed","https://i.postimg.cc/Tw3V9ZRL/67.png","2022-09-29",307,5901,1,"380-30759011","09/29/2022"
"6504","Ukraine","Soviet Union","BMP-1(P)","destroyed","https://i.postimg.cc/nhLG4MGY/14.png","2022-09-29",307,5902,1,"380-30759021","09/29/2022"
"6505","Ukraine","Soviet Union","BMP-1(P)","destroyed","https://i.postimg.cc/YCYxSQX0/443.jpg","2022-09-29",307,5903,1,"380-30759031","09/29/2022"
"6506","Ukraine","Soviet Union","BMP-1(P)","destroyed","https://i.postimg.cc/xdJBGM0N/d7.jpg","2022-09-29",307,5904,1,"380-30759041","09/29/2022"
"6507","Ukraine","Soviet Union","BMP-1(P)","destroyed","https://i.postimg.cc/HWFcRK9n/888777.png","2022-09-29",307,5905,1,"380-30759051","09/29/2022"
"6508","Ukraine","Soviet Union","BMP-1(P)","destroyed","https://i.postimg.cc/HksBZv63/769.png","2022-09-29",307,5906,1,"380-30759061","09/29/2022"
"6509","Ukraine","Soviet Union","BMP-1(P)","destroyed","https://i.postimg.cc/QCB8thnN/bb1.png","2022-09-29",307,5907,1,"380-30759071","09/29/2022"
"6510","Ukraine","Soviet Union","BMP-1(P)","destroyed","https://i.postimg.cc/6pV9THzZ/bb2.png","2022-09-29",307,5908,1,"380-30759081","09/29/2022"
"6511","Ukraine","Soviet Union","BMP-1(P)","destroyed","https://i.postimg.cc/N0PJS5Vj/324.jpg","2022-09-29",307,5909,1,"380-30759091","09/29/2022"
"6512","Ukraine","Soviet Union","BMP-1(P)","destroyed","https://i.postimg.cc/Pr7NtW4w/557.jpg","2022-09-29",307,5910,1,"380-30759101","09/29/2022"
"6513","Ukraine","Soviet Union","BMP-1(P)","destroyed","https://i.postimg.cc/44Hd5rqF/d21.png","2022-09-29",307,5911,1,"380-30759111","09/29/2022"
"6514","Ukraine","Soviet Union","BMP-1(P)","destroyed","https://i.postimg.cc/ht7Q50gL/1b.png","2022-09-29",307,5912,1,"380-30759121","09/29/2022"
"6515","Ukraine","Soviet Union","BMP-1(P)","destroyed","https://i.postimg.cc/3R9kvSCT/2b.png","2022-09-29",307,5913,1,"380-30759131","09/29/2022"
"6516","Ukraine","Soviet Union","BMP-1(P)","destroyed","https://i.postimg.cc/FHdY233z/13.png","2022-09-29",307,5914,1,"380-30759141","09/29/2022"
"6517","Ukraine","Soviet Union","BMP-1(P)","destroyed","https://i.postimg.cc/3rXZk3xY/32d.png","2022-09-29",307,5915,1,"380-30759151","09/29/2022"
"6518","Ukraine","Soviet Union","BMP-1(P)","destroyed","https://i.postimg.cc/nrr42DxW/44311.png","2022-09-29",307,5916,1,"380-30759161","09/29/2022"
"6519","Ukraine","Soviet Union","BMP-1(P)","destroyed","https://i.postimg.cc/RhMQWh7r/6h.jpg","2022-09-29",307,5917,1,"380-30759171","09/29/2022"
"6520","Ukraine","Soviet Union","BMP-1(P)","destroyed","https://i.postimg.cc/13TsKY3X/3f.png","2022-09-29",307,5918,1,"380-30759181","09/29/2022"
"6521","Ukraine","Soviet Union","BMP-1(P)","destroyed","https://i.postimg.cc/NjVDLb1z/443117.png","2022-09-29",307,5919,1,"380-30759191","09/29/2022"
"6522","Ukraine","Soviet Union","BMP-1(P)","destroyed","https://i.postimg.cc/MZrsfWbT/44f.png","2022-09-29",307,5920,1,"380-30759201","09/29/2022"
"6523","Ukraine","Soviet Union","BMP-1(P)","destroyed","https://i.postimg.cc/g0c5v0fY/g7.png","2022-09-29",307,5921,1,"380-30759211","09/29/2022"
"6524","Ukraine","Soviet Union","BMP-1(P)","destroyed","https://i.postimg.cc/9f8X1LMM/187.png","2022-09-29",307,5922,1,"380-30759221","09/29/2022"
"6525","Ukraine","Soviet Union","BMP-1(P)","destroyed","https://i.postimg.cc/wM5qBB1y/1014.png","2022-09-29",307,5923,1,"380-30759231","09/29/2022"
"6526","Ukraine","Soviet Union","BMP-1(P)","destroyed","https://i.postimg.cc/DwB8xCj6/2002.jpg","2022-09-29",307,5924,1,"380-30759241","09/29/2022"
"6527","Ukraine","Soviet Union","BMP-1(P)","destroyed","https://i.postimg.cc/bww6t2gy/2106.jpg","2022-09-29",307,5925,1,"380-30759251","09/29/2022"
"6528","Ukraine","Soviet Union","BMP-1(P)","destroyed","https://i.postimg.cc/sDVmkZtY/2107.jpg","2022-09-29",307,5926,1,"380-30759261","09/29/2022"
"6529","Ukraine","Soviet Union","BMP-1(P)","destroyed","https://i.postimg.cc/MHw5KcX8/2108.jpg","2022-09-29",307,5927,1,"380-30759271","09/29/2022"
"6530","Ukraine","Soviet Union","BMP-1(P)","destroyed","https://i.postimg.cc/MZ0t3YrZ/2109.jpg","2022-09-29",307,5928,1,"380-30759281","09/29/2022"
"6531","Ukraine","Soviet Union","BMP-1(P)","destroyed","https://i.postimg.cc/hj8BPX7f/443115.png","2022-09-29",307,5929,1,"380-30759291","09/29/2022"
"6532","Ukraine","Soviet Union","BMP-1(P)","destroyed","https://postimg.cc/3yVfRsn8","2022-09-29",307,5930,1,"380-30759301","09/29/2022"
"6533","Ukraine","Soviet Union","BMP-1(P)","destroyed","https://i.postimg.cc/59g9LZnc/p1.png","2022-09-29",307,5931,1,"380-30759311","09/29/2022"
"6534","Ukraine","Soviet Union","BMP-1(P)","destroyed","https://i.postimg.cc/QNbT9fpd/3dd.png","2022-09-29",307,5932,1,"380-30759321","09/29/2022"
"6535","Ukraine","Soviet Union","BMP-1(P)","destroyed","https://i.postimg.cc/mD8pRwzD/b4.png","2022-09-29",307,5933,1,"380-30759331","09/29/2022"
"6536","Ukraine","Soviet Union","BMP-1(P)","destroyed","https://i.postimg.cc/HW8MYFHG/4ff3.png","2022-09-29",307,5934,1,"380-30759341","09/29/2022"
"6537","Ukraine","Soviet Union","BMP-1(P)","destroyed","https://i.postimg.cc/Hn0khqcR/3dd4.png","2022-09-29",307,5935,1,"380-30759351","09/29/2022"
"6538","Ukraine","Soviet Union","BMP-1(P)","destroyed","https://i.postimg.cc/m2Fwt8xq/d332.png","2022-09-29",307,5936,1,"380-30759361","09/29/2022"
"6539","Ukraine","Soviet Union","BMP-1(P)","destroyed","https://twitter.com/UAWeapons/status/1554912880989970432","2022-09-29",307,5937,1,"380-30759371","09/29/2022"
"6540","Ukraine","Soviet Union","BMP-1(P)","destroyed","https://i.postimg.cc/W4sC7Sd1/b1.png","2022-09-29",307,5938,1,"380-30759381","09/29/2022"
"6541","Ukraine","Soviet Union","BMP-1(P)","destroyed","https://i.postimg.cc/brbf5rpy/b2.png","2022-09-29",307,5939,1,"380-30759391","09/29/2022"
"6542","Ukraine","Soviet Union","BMP-1(P)","destroyed","https://postimg.cc/cv9fPGfZ","2022-09-29",307,5940,1,"380-30759401","09/29/2022"
"6543","Ukraine","Soviet Union","BMP-1(P)","destroyed","https://postimg.cc/ts8v8c01","2022-09-29",307,5941,1,"380-30759411","09/29/2022"
"6544","Ukraine","Soviet Union","BMP-1(P)","destroyed","https://i.postimg.cc/tRL06tp8/4422.png","2022-09-29",307,5942,1,"380-30759421","09/29/2022"
"6545","Ukraine","Soviet Union","BMP-1(P)","destroyed","https://i.postimg.cc/MTHFgXbC/3318.png","2022-09-29",307,5943,1,"380-30759431","09/29/2022"
"6546","Ukraine","Soviet Union","BMP-1(P)","destroyed","https://i.postimg.cc/zvbXDz5M/113.png","2022-09-29",307,5944,1,"380-30759441","09/29/2022"
"6547","Ukraine","Soviet Union","BMP-1(P)","destroyed","https://i.postimg.cc/yd9s2fP4/114f.png","2022-09-29",307,5945,1,"380-30759451","09/29/2022"
"6548","Ukraine","Soviet Union","BMP-1(P)","destroyed","https://i.postimg.cc/7ZdvD3bx/d143.png","2022-09-29",307,5946,1,"380-30759461","09/29/2022"
"6549","Ukraine","Soviet Union","BMP-1(P)","destroyed","https://i.postimg.cc/bvhTQrBx/366.png","2022-09-29",307,5947,1,"380-30759471","09/29/2022"
"6550","Ukraine","Soviet Union","BMP-1(P)","destroyed","https://i.postimg.cc/XqG6zDBd/2001.png","2022-09-29",307,5948,1,"380-30759481","09/29/2022"
"6551","Ukraine","Soviet Union","BMP-1(P)","destroyed","https://i.postimg.cc/GmZyB5Xx/431.png","2022-09-29",307,5949,1,"380-30759491","09/29/2022"
"6552","Ukraine","Soviet Union","BMP-1(P)","abandoned","https://i.postimg.cc/xCcRWZKG/331d.png","2022-09-29",307,5950,2,"380-30759502","09/29/2022"
"6553","Ukraine","Soviet Union","BMP-1(P)","destroyed","https://i.postimg.cc/xCcRWZKG/331d.png","2022-09-29",307,5950,1,"380-30759501","09/29/2022"
"6554","Ukraine","Soviet Union","BMP-1(P)","destroyed","https://i.postimg.cc/c40JpJ6d/4f8.png","2022-09-29",307,5951,1,"380-30759511","09/29/2022"
"6555","Ukraine","Soviet Union","BMP-1(P)","destroyed","https://i.postimg.cc/HntQ4Pv5/333.png","2022-09-29",307,5952,1,"380-30759521","09/29/2022"
"6556","Ukraine","Soviet Union","BMP-1(P)","destroyed","https://i.postimg.cc/286TL1zC/d4.png","2022-09-29",307,5953,1,"380-30759531","09/29/2022"
"6557","Ukraine","Soviet Union","BMP-1(P)","destroyed","https://i.postimg.cc/022XGtCR/d5.png","2022-09-29",307,5954,1,"380-30759541","09/29/2022"
"6558","Ukraine","Soviet Union","BMP-1(P)","destroyed","https://i.postimg.cc/BZNMvTfh/d7.png","2022-09-29",307,5955,1,"380-30759551","09/29/2022"
"6559","Ukraine","Soviet Union","BMP-1(P)","destroyed","https://i.postimg.cc/9f1fbqy4/244.png","2022-09-29",307,5956,1,"380-30759561","09/29/2022"
"6560","Ukraine","Soviet Union","BMP-1(P)","destroyed","https://i.postimg.cc/qqnvW79k/2000-bmp1.jpg","2022-09-29",307,5957,1,"380-30759571","09/29/2022"
"6561","Ukraine","Soviet Union","BMP-1(P)","destroyed","https://i.postimg.cc/L5v7s7d5/2008-bmp1.jpg","2022-09-29",307,5958,1,"380-30759581","09/29/2022"
"6562","Ukraine","Soviet Union","BMP-1(P)","destroyed","https://i.postimg.cc/3rDsMq2d/1000-bmp1.jpg","2022-09-29",307,5959,1,"380-30759591","09/29/2022"
"6563","Ukraine","Soviet Union","BMP-1(P)","destroyed","https://i.postimg.cc/NGKDGrrW/551.png","2022-09-29",307,5960,1,"380-30759601","09/29/2022"
"6564","Ukraine","Soviet Union","BMP-1(P)","destroyed","https://i.postimg.cc/yx4M0NbB/2000-bmp1.png","2022-09-29",307,5961,1,"380-30759611","09/29/2022"
"6565","Ukraine","Soviet Union","BMP-1(P)","destroyed","https://i.postimg.cc/288YyJCv/2001-bmp1.jpg","2022-09-29",307,5962,1,"380-30759621","09/29/2022"
"6566","Ukraine","Soviet Union","BMP-1(P)","destroyed","https://twitter.com/UAWeapons/status/1569061435833044992","2022-09-29",307,5963,1,"380-30759631","09/29/2022"
"6567","Ukraine","Soviet Union","BMP-1(P)","destroyed","https://postimg.cc/BL0X1853","2022-09-29",307,5964,1,"380-30759641","09/29/2022"
"6568","Ukraine","Soviet Union","BMP-1(P)","destroyed","https://twitter.com/UAWeapons/status/1570157013480382473","2022-09-29",307,5965,1,"380-30759651","09/29/2022"
"6569","Ukraine","Soviet Union","BMP-1(P)","destroyed","https://postimg.cc/zHfVXKP7","2022-09-29",307,5966,1,"380-30759661","09/29/2022"
"6570","Ukraine","Soviet Union","BMP-1(P)","destroyed","https://twitter.com/UAWeapons/status/1570783958715240449","2022-09-29",307,5967,1,"380-30759671","09/29/2022"
"6571","Ukraine","Soviet Union","BMP-1(P)","destroyed","https://twitter.com/UAWeapons/status/1571108754393042947","2022-09-29",307,5869,1,"380-30758691","09/29/2022"
"6572","Ukraine","Soviet Union","BMP-1(P)","destroyed","https://twitter.com/UAWeapons/status/1574132894846648320","2022-09-29",307,5762,1,"380-30757621","09/29/2022"
"6573","Ukraine","Soviet Union","BMP-1(P)","destroyed","https://i.postimg.cc/CLW8cs7q/8.png","2022-09-29",307,5968,1,"380-30759681","09/29/2022"
"6574","Ukraine","Soviet Union","BMP-1(P)","destroyed","https://i.postimg.cc/CLwqgt8X/2022-09-11-UA-BMP-1-1.jpg","2022-09-29",307,5969,1,"380-30759691","09/29/2022"
"6575","Ukraine","Soviet Union","BMP-1(P)","destroyed","https://i.postimg.cc/Dy5bygdZ/2022-09-11-UA-BMP-1-2.jpg","2022-09-29",307,5970,1,"380-30759701","09/29/2022"
"6576","Ukraine","Soviet Union","BMP-1(P)","damaged","https://twitter.com/UAWeapons/status/1558416989827235840","2022-09-29",307,5971,4,"380-30759714","09/29/2022"
"6577","Ukraine","Soviet Union","BMP-1(P)","damaged","https://i.postimg.cc/FR5mKHKs/2000-bmp1.jpg","2022-09-29",307,5972,4,"380-30759724","09/29/2022"
"6578","Ukraine","Soviet Union","BMP-1(P)","abandoned","https://i.postimg.cc/JntgJKJ8/a2.png","2022-09-29",307,5973,2,"380-30759732","09/29/2022"
"6579","Ukraine","Soviet Union","BMP-1(P)","abandoned","https://i.postimg.cc/3rs64XwM/a3.png","2022-09-29",307,5974,2,"380-30759742","09/29/2022"
"6580","Ukraine","Soviet Union","BMP-1(P)","abandoned","https://i.postimg.cc/nzYYjDN8/Screenshot-8035.png","2022-09-29",307,5975,2,"380-30759752","09/29/2022"
"6581","Ukraine","Soviet Union","BMP-1(P)","abandoned","https://i.postimg.cc/vTY7Wmd4/Screenshot-8038.png","2022-09-29",307,5976,2,"380-30759762","09/29/2022"
"6582","Ukraine","Soviet Union","BMP-1(P)","abandoned","https://i.postimg.cc/TYfDBCPr/577.png","2022-09-29",307,5820,2,"380-30758202","09/29/2022"
"6583","Ukraine","Soviet Union","BMP-1(P)","abandoned","https://i.postimg.cc/sgxvL5xm/689.png","2022-09-29",307,5977,2,"380-30759772","09/29/2022"
"6584","Ukraine","Soviet Union","BMP-1(P)","abandoned","https://i.postimg.cc/K8C4kkjf/6h0.png","2022-09-29",307,5978,2,"380-30759782","09/29/2022"
"6585","Ukraine","Soviet Union","BMP-1(P)","abandoned","https://i.postimg.cc/9Ff2bthD/a1.png","2022-09-29",307,5979,2,"380-30759792","09/29/2022"
"6586","Ukraine","Soviet Union","BMP-1(P)","damaged","https://twitter.com/UAWeapons/status/1568241700921016320","2022-09-29",307,5761,4,"380-30757614","09/29/2022"
"6587","Ukraine","Soviet Union","BMP-1(P)","abandoned","https://twitter.com/UAWeapons/status/1568241700921016320","2022-09-29",307,5761,2,"380-30757612","09/29/2022"
"6588","Ukraine","Soviet Union","BMP-1(P)","abandoned","https://twitter.com/UAWeapons/status/1574132894846648320","2022-09-29",307,5762,2,"380-30757622","09/29/2022"
"6589","Ukraine","Soviet Union","BMP-1(P)","captured","https://i.postimg.cc/SxG3vCKt/2s1.jpg","2022-09-29",307,5980,3,"380-30759803","09/29/2022"
"6590","Ukraine","Soviet Union","BMP-1(P)","captured","https://i.postimg.cc/mkjw63QN/47.png","2022-09-29",307,5981,3,"380-30759813","09/29/2022"
"6591","Ukraine","Soviet Union","BMP-1(P)","captured","https://i.postimg.cc/6p7Hy3qs/d13.png","2022-09-29",307,5982,3,"380-30759823","09/29/2022"
"6592","Ukraine","Soviet Union","BMP-1(P)","captured","https://i.postimg.cc/kGwkvKqd/s1.png","2022-09-29",307,5983,3,"380-30759833","09/29/2022"
"6593","Ukraine","Soviet Union","BMP-1(P)","captured","https://i.postimg.cc/JzXgM3t5/d2.jpg","2022-09-29",307,5984,3,"380-30759843","09/29/2022"
"6594","Ukraine","Soviet Union","BMP-1(P)","captured","https://i.postimg.cc/d1x3ZrSF/b88.png","2022-09-29",307,5985,3,"380-30759853","09/29/2022"
"6595","Ukraine","Soviet Union","BMP-1(P)","captured","https://i.postimg.cc/d1JDTS9m/3378.png","2022-09-29",307,5986,3,"380-30759863","09/29/2022"
"6596","Ukraine","Soviet Union","BMP-1(P)","captured","https://i.postimg.cc/vm1vTsst/2003-bmp-1.jpg","2022-09-29",307,5987,3,"380-30759873","09/29/2022"
"6597","Ukraine","Soviet Union","BMP-1(P)","captured","https://i.postimg.cc/3wWC7D6Z/d33.png","2022-09-29",307,5988,3,"380-30759883","09/29/2022"
"6598","Ukraine","Soviet Union","BMP-1(P)","captured","https://i.postimg.cc/yxR7rzw0/776.png","2022-09-29",307,5989,3,"380-30759893","09/29/2022"
"6599","Ukraine","Soviet Union","BMP-1(P)","captured","https://i.postimg.cc/Hs0JyWbf/2005.jpg","2022-09-29",307,5990,3,"380-30759903","09/29/2022"
"6600","Ukraine","Soviet Union","BMP-1(P)","captured","https://i.postimg.cc/jqNSKcG6/332.png","2022-09-29",307,5991,3,"380-30759913","09/29/2022"
"6601","Ukraine","Soviet Union","BMP-1(P)","captured","https://twitter.com/UAWeapons/status/1558408794018877441","2022-09-29",307,5992,3,"380-30759923","09/29/2022"
"6602","Ukraine","Soviet Union","BMP-1(P)","captured","https://i.postimg.cc/xdQ31CLd/437.png","2022-09-29",307,5993,3,"380-30759933","09/29/2022"
"6603","Ukraine","Soviet Union","BMP-1(P)","captured","https://twitter.com/UAWeapons/status/1545899337682751489","2022-09-29",307,5994,3,"380-30759943","09/29/2022"
"6604","Ukraine","Soviet Union","BMP-1(P)","captured","https://i.postimg.cc/Z5TW0sSC/8877.png","2022-09-29",307,5995,3,"380-30759953","09/29/2022"
"6605","Ukraine","Soviet Union","BMP-1(P)","captured","https://i.postimg.cc/dt6JR8KK/366.png","2022-09-29",307,5996,3,"380-30759963","09/29/2022"
"6606","Ukraine","Soviet Union","BMP-1(P)","captured","https://i.postimg.cc/nrHwDscN/224.jpg","2022-09-29",307,5997,3,"380-30759973","09/29/2022"
"6607","Ukraine","Soviet Union","BMP-1(P)","captured","https://i.postimg.cc/SxWN91kv/379.png","2022-09-29",307,5998,3,"380-30759983","09/29/2022"
"6608","Ukraine","Ukraine","BMP-1TS","destroyed","https://i.postimg.cc/2SGz54Xn/213.png","2022-09-29",308,5999,1,"380-30859991","09/29/2022"
"6609","Ukraine","Ukraine","BMP-1U 'Shkval'","captured","https://i.postimg.cc/KcC7csQq/477.png","2022-09-29",309,5810,3,"380-30958103","09/29/2022"
"6610","Ukraine","Yugoslavia","1 BVP M-80A","damaged","https://twitter.com/UAWeapons/status/1574382524964421638","2022-09-29",310,6000,4,"380-31060004","09/29/2022"
"6611","Ukraine","Sweden","Pbv 501A","destroyed","https://twitter.com/UAWeapons/status/1544393722967760904","2022-09-29",311,6001,1,"380-31160011","09/29/2022"
"6612","Ukraine","Soviet Union","48 BMP-2(K)","destroyed","https://i.postimg.cc/LssXW6X2/r4.png","2022-09-29",312,6002,1,"380-31260021","09/29/2022"
"6613","Ukraine","Soviet Union","48 BMP-2(K)","destroyed","https://i.postimg.cc/5Ns0L8F8/37.png","2022-09-29",312,6003,1,"380-31260031","09/29/2022"
"6614","Ukraine","Soviet Union","48 BMP-2(K)","destroyed","https://i.postimg.cc/L6pWXxQX/578.png","2022-09-29",312,6004,1,"380-31260041","09/29/2022"
"6615","Ukraine","Soviet Union","48 BMP-2(K)","destroyed","https://i.postimg.cc/bNp68sdS/33217.jpg","2022-09-29",312,6005,1,"380-31260051","09/29/2022"
"6616","Ukraine","Soviet Union","48 BMP-2(K)","destroyed","https://i.postimg.cc/RhrGDjZZ/87.png","2022-09-29",312,6006,1,"380-31260061","09/29/2022"
"6617","Ukraine","Soviet Union","48 BMP-2(K)","destroyed","https://postimg.cc/bGFxKfck","2022-09-29",312,6007,1,"380-31260071","09/29/2022"
"6618","Ukraine","Soviet Union","48 BMP-2(K)","destroyed","https://i.postimg.cc/XJ300hWz/54k.jpg","2022-09-29",312,6008,1,"380-31260081","09/29/2022"
"6619","Ukraine","Soviet Union","48 BMP-2(K)","destroyed","https://twitter.com/UAWeapons/status/1523007832064503809","2022-09-29",312,6009,1,"380-31260091","09/29/2022"
"6620","Ukraine","Soviet Union","48 BMP-2(K)","destroyed","https://i.postimg.cc/k5p6Kykv/f4.png","2022-09-29",312,6010,1,"380-31260101","09/29/2022"
"6621","Ukraine","Soviet Union","48 BMP-2(K)","destroyed","https://i.postimg.cc/HnY605SY/b1.png","2022-09-29",312,6011,1,"380-31260111","09/29/2022"
"6622","Ukraine","Soviet Union","48 BMP-2(K)","destroyed","https://i.postimg.cc/VsgGfG6d/b2.png","2022-09-29",312,6012,1,"380-31260121","09/29/2022"
"6623","Ukraine","Soviet Union","48 BMP-2(K)","destroyed","https://i.postimg.cc/hjg5BSPb/6687.png","2022-09-29",312,6013,1,"380-31260131","09/29/2022"
"6624","Ukraine","Soviet Union","48 BMP-2(K)","destroyed","https://i.postimg.cc/2yXMT29N/2000.jpg","2022-09-29",312,6014,1,"380-31260141","09/29/2022"
"6625","Ukraine","Soviet Union","48 BMP-2(K)","destroyed","https://i.postimg.cc/mrrBtQrM/665.png","2022-09-29",312,6015,1,"380-31260151","09/29/2022"
"6626","Ukraine","Soviet Union","48 BMP-2(K)","destroyed","https://i.postimg.cc/pXJKNB0j/442.png","2022-09-29",312,6016,1,"380-31260161","09/29/2022"
"6627","Ukraine","Soviet Union","48 BMP-2(K)","destroyed","https://i.postimg.cc/6QRSwSFc/ff2.png","2022-09-29",312,6017,1,"380-31260171","09/29/2022"
"6628","Ukraine","Soviet Union","48 BMP-2(K)","destroyed","https://postimg.cc/BXqgy0X7","2022-09-29",312,6018,1,"380-31260181","09/29/2022"
"6629","Ukraine","Soviet Union","48 BMP-2(K)","destroyed","https://i.postimg.cc/rwp6mVH4/4369.png","2022-09-29",312,6019,1,"380-31260191","09/29/2022"
"6630","Ukraine","Soviet Union","48 BMP-2(K)","destroyed","https://i.postimg.cc/zX8ZsSS0/4368.png","2022-09-29",312,6020,1,"380-31260201","09/29/2022"
"6631","Ukraine","Soviet Union","48 BMP-2(K)","destroyed","https://i.postimg.cc/nrtbcv8V/4367.png","2022-09-29",312,6021,1,"380-31260211","09/29/2022"
"6632","Ukraine","Soviet Union","48 BMP-2(K)","destroyed","https://i.postimg.cc/7ZtX3RB6/4434.png","2022-09-29",312,6022,1,"380-31260221","09/29/2022"
"6633","Ukraine","Soviet Union","48 BMP-2(K)","destroyed","https://i.postimg.cc/yNVBRkbB/44377.png","2022-09-29",312,6023,1,"380-31260231","09/29/2022"
"6634","Ukraine","Soviet Union","48 BMP-2(K)","destroyed","https://postimg.cc/MMHB68H0","2022-09-29",312,5558,1,"380-31255581","09/29/2022"
"6635","Ukraine","Soviet Union","48 BMP-2(K)","destroyed","https://i.postimg.cc/NF5KFzvs/2003-bmp2.jpg","2022-09-29",312,6024,1,"380-31260241","09/29/2022"
"6636","Ukraine","Soviet Union","48 BMP-2(K)","destroyed","https://twitter.com/UAWeapons/status/1572506065102831617","2022-09-29",312,6025,1,"380-31260251","09/29/2022"
"6637","Ukraine","Soviet Union","48 BMP-2(K)","destroyed","https://twitter.com/UAWeapons/status/1572307996771762178","2022-09-29",312,5857,1,"380-31258571","09/29/2022"
"6638","Ukraine","Soviet Union","48 BMP-2(K)","destroyed","https://twitter.com/UAWeapons/status/1572668027933495297","2022-09-29",312,5568,1,"380-31255681","09/29/2022"
"6639","Ukraine","Soviet Union","48 BMP-2(K)","destroyed","https://i.postimg.cc/bwj36dcw/2000-bmp2.jpg","2022-09-29",312,6026,1,"380-31260261","09/29/2022"
"6640","Ukraine","Soviet Union","48 BMP-2(K)","destroyed","https://twitter.com/UAWeapons/status/1574390084790632453","2022-09-29",312,6027,1,"380-31260271","09/29/2022"
"6641","Ukraine","Soviet Union","48 BMP-2(K)","damaged","https://i.postimg.cc/cJfZ5HRh/547.jpg","2022-09-29",312,6028,4,"380-31260284","09/29/2022"
"6642","Ukraine","Soviet Union","48 BMP-2(K)","abandoned","https://i.postimg.cc/xT3v6qKT/4470.png","2022-09-29",312,6029,2,"380-31260292","09/29/2022"
"6643","Ukraine","Soviet Union","48 BMP-2(K)","abandoned","https://twitter.com/UAWeapons/status/1572668027933495297","2022-09-29",312,5568,2,"380-31255682","09/29/2022"
"6644","Ukraine","Soviet Union","48 BMP-2(K)","captured","https://i.postimg.cc/rpTdbQ9m/29.png","2022-09-29",312,6030,3,"380-31260303","09/29/2022"
"6645","Ukraine","Soviet Union","48 BMP-2(K)","captured","https://i.postimg.cc/s2NXdBd7/880.png","2022-09-29",312,6031,3,"380-31260313","09/29/2022"
"6646","Ukraine","Soviet Union","48 BMP-2(K)","captured","https://i.postimg.cc/cC2jmrRR/gg4.jpg","2022-09-29",312,6032,3,"380-31260323","09/29/2022"
"6647","Ukraine","Soviet Union","48 BMP-2(K)","captured","https://i.postimg.cc/T3fSzzth/b3.png","2022-09-29",312,6033,3,"380-31260333","09/29/2022"
"6648","Ukraine","Soviet Union","48 BMP-2(K)","captured","https://i.postimg.cc/Y0xNYsYy/b4.png","2022-09-29",312,6034,3,"380-31260343","09/29/2022"
"6649","Ukraine","Soviet Union","48 BMP-2(K)","captured","https://twitter.com/UAWeapons/status/1545899337682751489","2022-09-29",312,5994,3,"380-31259943","09/29/2022"
"6650","Ukraine","Soviet Union","48 BMP-2(K)","captured","https://i.postimg.cc/hGH1754W/2004-bmp-2.jpg","2022-09-29",312,6035,3,"380-31260353","09/29/2022"
"6651","Ukraine","Soviet Union","48 BMP-2(K)","captured","https://i.postimg.cc/7ZZ9vztc/2006-bmp2.jpg","2022-09-29",312,6036,3,"380-31260363","09/29/2022"
"6652","Ukraine","Soviet Union","48 BMP-2(K)","captured","https://i.postimg.cc/hv878tMd/2001-bmp2.jpg","2022-09-29",312,6037,3,"380-31260373","09/29/2022"
"6653","Ukraine","Soviet Union","48 BMP-2(K)","captured","https://i.postimg.cc/sDzpgMjK/2002-bmp2.jpg","2022-09-29",312,6038,3,"380-31260383","09/29/2022"
"6654","Ukraine","Ukraine","Unknown BMP-1/2","destroyed","https://twitter.com/UAWeapons/status/1538541806329155585","2022-09-29",313,5743,1,"380-31357431","09/29/2022"
"6655","Ukraine","Ukraine","Unknown BMP-1/2","destroyed","https://i.postimg.cc/nLQVL59W/2003-bmp.jpg","2022-09-29",313,6039,1,"380-31360391","09/29/2022"
"6656","Ukraine","Ukraine","Unknown BMP-1/2","destroyed","https://i.postimg.cc/2SFhvb7B/2005-unkn-bmp.jpg","2022-09-29",313,6040,1,"380-31360401","09/29/2022"
"6657","Ukraine","Ukraine","Unknown BMP-1/2","destroyed","https://twitter.com/UAWeapons/status/1572568028587626496","2022-09-29",313,5722,1,"380-31357221","09/29/2022"
"6658","Ukraine","Soviet Union","BMD-2","captured","https://i.postimg.cc/gkLq4R0v/86.png","2022-09-29",45,6041,3,"380-4560413","09/29/2022"
"6659","Ukraine","Soviet Union","BMD-2","captured","https://i.postimg.cc/Wbh0Nsh0/5899.png","2022-09-29",45,6042,3,"380-4560423","09/29/2022"
"6660","Ukraine","Ukraine","26 BTR-3","destroyed","https://i.postimg.cc/Cx33pLj5/4482.png","2022-09-29",314,6043,1,"380-31460431","09/29/2022"
"6661","Ukraine","Ukraine","26 BTR-3","destroyed","https://i.postimg.cc/13p9x7jH/da3.jpg","2022-09-29",314,6044,1,"380-31460441","09/29/2022"
"6662","Ukraine","Ukraine","26 BTR-3","destroyed","https://i.postimg.cc/s1dtp0fG/57.png","2022-09-29",314,6045,1,"380-31460451","09/29/2022"
"6663","Ukraine","Ukraine","26 BTR-3","destroyed","https://i.postimg.cc/mZmvrdsr/44333.png","2022-09-29",314,6046,1,"380-31460461","09/29/2022"
"6664","Ukraine","Ukraine","26 BTR-3","destroyed","https://i.postimg.cc/tC6bPmpj/da2.jpg","2022-09-29",314,6047,1,"380-31460471","09/29/2022"
"6665","Ukraine","Ukraine","26 BTR-3","destroyed","https://i.postimg.cc/bwrJWPZp/c2.png","2022-09-29",314,6048,1,"380-31460481","09/29/2022"
"6666","Ukraine","Ukraine","26 BTR-3","destroyed","https://i.postimg.cc/50qGRG89/g6.jpg","2022-09-29",314,6049,1,"380-31460491","09/29/2022"
"6667","Ukraine","Ukraine","26 BTR-3","destroyed","https://i.postimg.cc/7LGSpX6q/27.jpg","2022-09-29",314,6050,1,"380-31460501","09/29/2022"
"6668","Ukraine","Ukraine","26 BTR-3","destroyed","https://i.postimg.cc/QtJwg7GB/477.png","2022-09-29",314,6051,1,"380-31460511","09/29/2022"
"6669","Ukraine","Ukraine","26 BTR-3","destroyed","https://i.postimg.cc/LXqHVBXw/5gg.png","2022-09-29",314,6052,1,"380-31460521","09/29/2022"
"6670","Ukraine","Ukraine","26 BTR-3","destroyed","https://i.postimg.cc/T3WqBBs3/4ff.png","2022-09-29",314,6053,1,"380-31460531","09/29/2022"
"6671","Ukraine","Ukraine","26 BTR-3","destroyed","https://i.postimg.cc/pTVZjtGc/f32.png","2022-09-29",314,6054,1,"380-31460541","09/29/2022"
"6672","Ukraine","Ukraine","26 BTR-3","destroyed","https://i.postimg.cc/1RqTqVnq/3u.png","2022-09-29",314,6055,1,"380-31460551","09/29/2022"
"6673","Ukraine","Ukraine","26 BTR-3","destroyed","https://i.postimg.cc/c1zDZGcc/4443.png","2022-09-29",314,6056,1,"380-31460561","09/29/2022"
"6674","Ukraine","Ukraine","26 BTR-3","destroyed","https://postlmg.cc/CnfM4bwt","2022-09-29",314,6057,1,"380-31460571","09/29/2022"
"6675","Ukraine","Ukraine","26 BTR-3","destroyed","https://twitter.com/UAWeapons/status/1572307996771762178","2022-09-29",314,5857,1,"380-31458571","09/29/2022"
"6676","Ukraine","Ukraine","26 BTR-3","damaged","https://i.postimg.cc/pdWMwW8W/da1.jpg","2022-09-29",314,6058,4,"380-31460584","09/29/2022"
"6677","Ukraine","Ukraine","26 BTR-3","abandoned","https://twitter.com/UAWeapons/status/1572668027933495297","2022-09-29",314,5568,2,"380-31455682","09/29/2022"
"6678","Ukraine","Ukraine","26 BTR-3","captured","https://i.postimg.cc/wv6zrZdn/Screenshot-8248.png","2022-09-29",314,6059,3,"380-31460593","09/29/2022"
"6679","Ukraine","Ukraine","26 BTR-3","captured","https://i.postimg.cc/m2kRmDDP/g789.png","2022-09-29",314,6060,3,"380-31460603","09/29/2022"
"6680","Ukraine","Ukraine","26 BTR-3","captured","https://i.postimg.cc/yd8JRBxc/5j.png","2022-09-29",314,6061,3,"380-31460613","09/29/2022"
"6681","Ukraine","Ukraine","26 BTR-3","captured","https://i.postimg.cc/kMzdJ1XL/18.png","2022-09-29",314,6062,3,"380-31460623","09/29/2022"
"6682","Ukraine","Ukraine","26 BTR-3","captured","https://i.postimg.cc/c1B84mdp/4f.png","2022-09-29",314,6063,3,"380-31460633","09/29/2022"
"6683","Ukraine","Ukraine","BTR-4","destroyed","https://i.postimg.cc/W42RL0Ld/5554.png","2022-09-29",315,6064,1,"380-31560641","09/29/2022"
"6684","Ukraine","Ukraine","BTR-4","destroyed","https://i.postimg.cc/bYFbd2PW/6658.png","2022-09-29",315,6065,1,"380-31560651","09/29/2022"
"6685","Ukraine","Ukraine","BTR-4","destroyed","https://i.postimg.cc/CxV8BDWN/467.png","2022-09-29",315,6066,1,"380-31560661","09/29/2022"
"6686","Ukraine","Ukraine","BTR-4","destroyed","https://i.postimg.cc/7brvpRmG/665333.png","2022-09-29",315,6067,1,"380-31560671","09/29/2022"
"6687","Ukraine","Ukraine","BTR-4","destroyed","https://i.postimg.cc/W4swJQ4m/ds6.png","2022-09-29",315,6068,1,"380-31560681","09/29/2022"
"6688","Ukraine","Ukraine","BTR-4","destroyed","https://i.postimg.cc/g07BBKGD/Screenshot-9036.png","2022-09-29",315,6069,1,"380-31560691","09/29/2022"
"6689","Ukraine","Ukraine","BTR-4","destroyed","https://i.postimg.cc/d17NHGMd/3f6.png","2022-09-29",315,6070,1,"380-31560701","09/29/2022"
"6690","Ukraine","Ukraine","BTR-4","destroyed","https://i.postimg.cc/CM98gL2k/4690.png","2022-09-29",315,6071,1,"380-31560711","09/29/2022"
"6691","Ukraine","Ukraine","BTR-4","destroyed","https://i.postimg.cc/LXhWx2KG/b6.jpg","2022-09-29",315,6072,1,"380-31560721","09/29/2022"
"6692","Ukraine","Ukraine","BTR-4","destroyed","https://i.postimg.cc/52BbGJSn/8j.png","2022-09-29",315,6073,1,"380-31560731","09/29/2022"
"6693","Ukraine","Ukraine","BTR-4","destroyed","https://i.postimg.cc/ncbZ4y5B/79.png","2022-09-29",315,6074,1,"380-31560741","09/29/2022"
"6694","Ukraine","Ukraine","BTR-4","destroyed","https://i.postimg.cc/Bn4f4hbN/659.jpg","2022-09-29",315,6075,1,"380-31560751","09/29/2022"
"6695","Ukraine","Ukraine","BTR-4","destroyed","https://i.postimg.cc/5t3w4Fgz/4h.png","2022-09-29",315,6076,1,"380-31560761","09/29/2022"
"6696","Ukraine","Ukraine","BTR-4","destroyed","https://postimg.cc/qtMz8S36","2022-09-29",315,6077,1,"380-31560771","09/29/2022"
"6697","Ukraine","Ukraine","BTR-4","destroyed","https://i.postimg.cc/W1TXm8gD/5544.png","2022-09-29",315,6078,1,"380-31560781","09/29/2022"
"6698","Ukraine","Ukraine","BTR-4","destroyed","https://i.postimg.cc/3N61mFkq/436.png","2022-09-29",315,6079,1,"380-31560791","09/29/2022"
"6699","Ukraine","Ukraine","BTR-4","destroyed","https://i.postimg.cc/1XjS39jC/v1.jpg","2022-09-29",315,6080,1,"380-31560801","09/29/2022"
"6700","Ukraine","Ukraine","BTR-4","destroyed","https://i.postimg.cc/90HGmXB4/113.png","2022-09-29",315,6081,1,"380-31560811","09/29/2022"
"6701","Ukraine","Ukraine","BTR-4","captured","https://i.postimg.cc/Dww4MbR2/d16.png","2022-09-29",315,6082,3,"380-31560823","09/29/2022"
"6702","Ukraine","Ukraine","BTR-4","destroyed","https://i.postimg.cc/Dww4MbR2/d16.png","2022-09-29",315,6082,1,"380-31560821","09/29/2022"
"6703","Ukraine","Ukraine","BTR-4","captured","https://i.postimg.cc/ZYQQRrFQ/665.png","2022-09-29",315,6083,3,"380-31560833","09/29/2022"
"6704","Ukraine","Ukraine","BTR-4","destroyed","https://i.postimg.cc/ZYQQRrFQ/665.png","2022-09-29",315,6083,1,"380-31560831","09/29/2022"
"6705","Ukraine","Ukraine","BTR-4","destroyed","https://twitter.com/UAWeapons/status/1568992909797515264","2022-09-29",315,6084,1,"380-31560841","09/29/2022"
"6706","Ukraine","Ukraine","BTR-4","destroyed","https://i.postimg.cc/T3X6B52L/44f4.png","2022-09-29",315,6085,1,"380-31560851","09/29/2022"
"6707","Ukraine","Ukraine","BTR-4","destroyed","https://i.postimg.cc/g2QgqhXS/4.png","2022-09-29",315,6086,1,"380-31560861","09/29/2022"
"6708","Ukraine","Ukraine","BTR-4","destroyed","https://i.postimg.cc/ZRsF6NH2/2001-btr4.jpg","2022-09-29",315,6087,1,"380-31560871","09/29/2022"
"6709","Ukraine","Ukraine","BTR-4","damaged","https://twitter.com/RALee85/status/1497785823198162944","2022-09-29",315,6088,4,"380-31560884","09/29/2022"
"6710","Ukraine","Ukraine","BTR-4","abandoned","https://i.postimg.cc/mkdGX6cb/447.png","2022-09-29",315,6089,2,"380-31560892","09/29/2022"
"6711","Ukraine","Ukraine","BTR-4","abandoned","https://i.postimg.cc/xd84RZV8/Screenshot-9035.png","2022-09-29",315,6090,2,"380-31560902","09/29/2022"
"6712","Ukraine","Ukraine","BTR-4","captured","https://i.postimg.cc/YST0Gqf1/4f69.png","2022-09-29",315,6091,3,"380-31560913","09/29/2022"
"6713","Ukraine","Ukraine","BTR-4","captured","https://i.postimg.cc/j53CbfRq/4433.png","2022-09-29",315,6092,3,"380-31560923","09/29/2022"
"6714","Ukraine","Ukraine","BTR-4","captured","https://i.postimg.cc/Nf0nwQN3/c4.png","2022-09-29",315,6093,3,"380-31560933","09/29/2022"
"6715","Ukraine","Ukraine","BTR-4","captured","https://i.postimg.cc/XJv4gt66/Screenshot-8643.png","2022-09-29",315,6094,3,"380-31560943","09/29/2022"
"6716","Ukraine","Ukraine","BTR-4","captured","https://i.postimg.cc/DzFNDmJb/j1.png","2022-09-29",315,6095,3,"380-31560953","09/29/2022"
"6717","Ukraine","Ukraine","BTR-4","captured","https://i.postimg.cc/8zL3tL5S/j2.png","2022-09-29",315,6096,3,"380-31560963","09/29/2022"
"6718","Ukraine","Ukraine","BTR-4","captured","https://i.postimg.cc/65KrHtcb/413.png","2022-09-29",315,6097,3,"380-31560973","09/29/2022"
"6719","Ukraine","Ukraine","BTR-4","captured","https://i.postimg.cc/4x3jXzd0/4311.png","2022-09-29",315,6098,3,"380-31560983","09/29/2022"
"6720","Ukraine","Ukraine","BTR-4","captured","https://i.postimg.cc/sx8Mcqch/47.png","2022-09-29",315,6099,3,"380-31560993","09/29/2022"
"6721","Ukraine","Ukraine","BTR-4","captured","https://i.postimg.cc/QCRhgWpV/437.png","2022-09-29",315,6100,3,"380-31561003","09/29/2022"
"6722","Ukraine","Ukraine","BTR-4","captured","https://i.postimg.cc/6phJCJsP/667.png","2022-09-29",315,6101,3,"380-31561013","09/29/2022"
"6723","Ukraine","Ukraine","BTR-4","captured","https://i.postimg.cc/J0k2Wxhq/b5.jpg","2022-09-29",315,6102,3,"380-31561023","09/29/2022"
"6724","Ukraine","Ukraine","BTR-4","captured","https://i.postimg.cc/TYbH7h2W/46.png","2022-09-29",315,6103,3,"380-31561033","09/29/2022"
"6725","Ukraine","Ukraine","BTR-4","captured","https://i.postimg.cc/13p2q8Xq/46.png","2022-09-29",315,6104,3,"380-31561043","09/29/2022"
"6726","Ukraine","Ukraine","BTR-4","captured","https://i.postimg.cc/CLVKWfB3/87.png","2022-09-29",315,6105,3,"380-31561053","09/29/2022"
"6727","Ukraine","Ukraine","BTR-4","captured","https://i.postimg.cc/fTkNLbqJ/36.png","2022-09-29",315,6106,3,"380-31561063","09/29/2022"
"6728","Ukraine","Ukraine","BTR-4","captured","https://i.postimg.cc/Twhcyb1s/43j.png","2022-09-29",315,6107,3,"380-31561073","09/29/2022"
"6729","Ukraine","Ukraine","BTR-4","captured","https://i.postimg.cc/tCP3NpHR/c1.png","2022-09-29",315,6108,3,"380-31561083","09/29/2022"
"6730","Ukraine","Ukraine","BTR-4","captured","https://i.postimg.cc/htB9C6SL/c2.png","2022-09-29",315,6109,3,"380-31561093","09/29/2022"
"6731","Ukraine","Ukraine","BTR-4","captured","https://i.postimg.cc/wBxnxNsW/5g.png","2022-09-29",315,6110,3,"380-31561103","09/29/2022"
"6732","Ukraine","Soviet Union","BTR-60PB","destroyed","https://i.postimg.cc/wjsNB5WJ/2d4.png","2022-09-29",316,6111,1,"380-31661111","09/29/2022"
"6733","Ukraine","Soviet Union","BTR-60PB","destroyed","https://i.postimg.cc/X7fQsQrh/4438.png","2022-09-29",316,6112,1,"380-31661121","09/29/2022"
"6734","Ukraine","Soviet Union","BTR-60PB","destroyed","https://i.postimg.cc/TPn4rKqG/4f8.png","2022-09-29",316,6113,1,"380-31661131","09/29/2022"
"6735","Ukraine","Soviet Union","BTR-60PB","destroyed","https://postimg.cc/YvQyK3tb","2022-09-29",316,6114,1,"380-31661141","09/29/2022"
"6736","Ukraine","Soviet Union","BTR-60PB","destroyed","https://twitter.com/UAWeapons/status/1571108754393042947","2022-09-29",316,5869,1,"380-31658691","09/29/2022"
"6737","Ukraine","Soviet Union","BTR-60PB","captured","https://i.postimg.cc/wv5Mw3LL/Screenshot-8388.png","2022-09-29",316,6115,3,"380-31661153","09/29/2022"
"6738","Ukraine","Soviet Union","BTR-60PB","captured","https://i.postimg.cc/brZyFMTj/f4d.png","2022-09-29",316,6116,3,"380-31661163","09/29/2022"
"6739","Ukraine","Soviet Union","BTR-60PB","captured","https://i.postimg.cc/mgns2vNk/a1.png","2022-09-29",316,6117,3,"380-31661173","09/29/2022"
"6740","Ukraine","Soviet Union","BTR-60PB","captured","https://i.postimg.cc/7L6YdXNF/2111.jpg","2022-09-29",316,6118,3,"380-31661183","09/29/2022"
"6741","Ukraine","Soviet Union","BTR-70","destroyed","https://i.postimg.cc/FsJZ542w/4t.png","2022-09-29",317,6119,1,"380-31761191","09/29/2022"
"6742","Ukraine","Soviet Union","BTR-70","destroyed","https://i.postimg.cc/MGj5Kcdy/46.png","2022-09-29",317,6120,1,"380-31761201","09/29/2022"
"6743","Ukraine","Soviet Union","BTR-70","destroyed","https://i.postimg.cc/xdppgm3K/44389.png","2022-09-29",317,6121,1,"380-31761211","09/29/2022"
"6744","Ukraine","Soviet Union","BTR-70","destroyed","https://postimg.cc/rdFL4FzN","2022-09-29",317,6122,1,"380-31761221","09/29/2022"
"6745","Ukraine","Soviet Union","BTR-70","damaged","https://postimg.cc/rKptXh9Z","2022-09-29",317,6123,4,"380-31761234","09/29/2022"
"6746","Ukraine","Soviet Union","BTR-70","abandoned","https://i.postimg.cc/RCWcTD3F/579.png","2022-09-29",317,6124,2,"380-31761242","09/29/2022"
"6747","Ukraine","Soviet Union","BTR-70","captured","https://i.postimg.cc/9FS2wLRZ/Screenshot-8016.png","2022-09-29",317,6125,3,"380-31761253","09/29/2022"
"6748","Ukraine","Soviet Union","BTR-70","captured","https://i.postimg.cc/hvpjqwCG/Screenshot-8389.png","2022-09-29",317,6126,3,"380-31761263","09/29/2022"
"6749","Ukraine","Soviet Union","BTR-70","captured","https://i.postimg.cc/TYrB0g16/435.png","2022-09-29",317,6127,3,"380-31761273","09/29/2022"
"6750","Ukraine","Soviet Union","BTR-70","captured","https://i.postimg.cc/QC4rShLH/ca2.png","2022-09-29",317,6128,3,"380-31761283","09/29/2022"
"6751","Ukraine","Soviet Union","BTR-70","captured","https://i.postimg.cc/SxXFkBG3/31.png","2022-09-29",317,6129,3,"380-31761293","09/29/2022"
"6752","Ukraine","Soviet Union","BTR-70","captured","https://i.postimg.cc/W4GZXHLD/311.png","2022-09-29",317,6130,3,"380-31761303","09/29/2022"
"6753","Ukraine","Soviet Union","BTR-70","captured","https://i.postimg.cc/fTZRgryB/4678.jpg","2022-09-29",317,6131,3,"380-31761313","09/29/2022"
"6754","Ukraine","Soviet Union","BTR-70","captured","https://i.postimg.cc/vBCcdfx0/78.png","2022-09-29",317,6132,3,"380-31761323","09/29/2022"
"6755","Ukraine","Soviet Union","BTR-70","captured","https://i.postimg.cc/rFZ5bm4k/588.png","2022-09-29",317,6133,3,"380-31761333","09/29/2022"
"6756","Ukraine","Soviet Union","BTR-70","captured","https://i.postimg.cc/vBr82KhS/98.png","2022-09-29",317,6134,3,"380-31761343","09/29/2022"
"6757","Ukraine","Soviet Union","BTR-70","captured","https://i.postimg.cc/fbXdcQ6X/2d5.png","2022-09-29",317,6135,3,"380-31761353","09/29/2022"
"6758","Ukraine","Soviet Union","BTR-70","captured","https://i.postimg.cc/NF04r38N/2112.jpg","2022-09-29",317,6136,3,"380-31761363","09/29/2022"
"6759","Ukraine","Soviet Union","BTR-80","destroyed","https://i.postimg.cc/Sj0VZnW6/446i.png","2022-09-29",318,6137,1,"380-31861371","09/29/2022"
"6760","Ukraine","Soviet Union","BTR-80","destroyed","https://i.postimg.cc/1X15nzYz/670.png","2022-09-29",318,6138,1,"380-31861381","09/29/2022"
"6761","Ukraine","Soviet Union","BTR-80","destroyed","https://i.postimg.cc/vBMkTPJC/j8.jpg","2022-09-29",318,6139,1,"380-31861391","09/29/2022"
"6762","Ukraine","Soviet Union","BTR-80","destroyed","https://i.postimg.cc/W4LLXRmS/424.png","2022-09-29",318,6140,1,"380-31861401","09/29/2022"
"6763","Ukraine","Soviet Union","BTR-80","destroyed","https://i.postimg.cc/nzkzjRMq/3d.jpg","2022-09-29",318,6141,1,"380-31861411","09/29/2022"
"6764","Ukraine","Soviet Union","BTR-80","destroyed","https://i.postimg.cc/yYxK713w/c3.png","2022-09-29",318,6142,1,"380-31861421","09/29/2022"
"6765","Ukraine","Soviet Union","BTR-80","destroyed","https://i.postimg.cc/fTmggWDx/587.png","2022-09-29",318,6143,1,"380-31861431","09/29/2022"
"6766","Ukraine","Soviet Union","BTR-80","destroyed","https://i.postimg.cc/k5vgD9b4/33.png","2022-09-29",318,6144,1,"380-31861441","09/29/2022"
"6767","Ukraine","Soviet Union","BTR-80","destroyed","https://i.postimg.cc/kG3RCVp5/48.png","2022-09-29",318,6145,1,"380-31861451","09/29/2022"
"6768","Ukraine","Soviet Union","BTR-80","destroyed","https://i.postimg.cc/0jGsnKb4/547.png","2022-09-29",318,6146,1,"380-31861461","09/29/2022"
"6769","Ukraine","Soviet Union","BTR-80","destroyed","https://i.postimg.cc/CxPVHq9M/f11.jpg","2022-09-29",318,6147,1,"380-31861471","09/29/2022"
"6770","Ukraine","Soviet Union","BTR-80","destroyed","https://i.postimg.cc/251NH5fQ/f12.jpg","2022-09-29",318,6148,1,"380-31861481","09/29/2022"
"6771","Ukraine","Soviet Union","BTR-80","destroyed","https://i.postimg.cc/FsrgX9Kn/332.jpg","2022-09-29",318,6149,1,"380-31861491","09/29/2022"
"6772","Ukraine","Soviet Union","BTR-80","destroyed","https://i.postimg.cc/CLR2yQp3/f11.jpg","2022-09-29",318,6150,1,"380-31861501","09/29/2022"
"6773","Ukraine","Soviet Union","BTR-80","destroyed","https://i.postimg.cc/NGktnk4s/g5.png","2022-09-29",318,6151,1,"380-31861511","09/29/2022"
"6774","Ukraine","Soviet Union","BTR-80","destroyed","https://i.postimg.cc/SKnqdZ5Q/443.png","2022-09-29",318,6152,1,"380-31861521","09/29/2022"
"6775","Ukraine","Soviet Union","BTR-80","destroyed","https://twitter.com/UAWeapons/status/1548371030640447488","2022-09-29",318,6153,1,"380-31861531","09/29/2022"
"6776","Ukraine","Soviet Union","BTR-80","destroyed","https://i.postimg.cc/xd1Wh3HF/2001.jpg","2022-09-29",318,6154,1,"380-31861541","09/29/2022"
"6777","Ukraine","Soviet Union","BTR-80","destroyed","https://i.postimg.cc/j27gb4GT/t1.png","2022-09-29",318,6155,1,"380-31861551","09/29/2022"
"6778","Ukraine","Soviet Union","BTR-80","destroyed","https://i.postimg.cc/L8hCTR8w/4f.png","2022-09-29",318,6156,1,"380-31861561","09/29/2022"
"6779","Ukraine","Soviet Union","BTR-80","destroyed","https://i.postimg.cc/904JMsrz/44f2.png","2022-09-29",318,6157,1,"380-31861571","09/29/2022"
"6780","Ukraine","Soviet Union","BTR-80","destroyed","https://i.postimg.cc/3RKnmnxC/2r.png","2022-09-29",318,6158,1,"380-31861581","09/29/2022"
"6781","Ukraine","Soviet Union","BTR-80","destroyed","https://i.postimg.cc/MH8wxk6b/4f3.png","2022-09-29",318,6159,1,"380-31861591","09/29/2022"
"6782","Ukraine","Soviet Union","BTR-80","destroyed","https://i.postimg.cc/4y7TzJ8g/4f6.png","2022-09-29",318,6160,1,"380-31861601","09/29/2022"
"6783","Ukraine","Soviet Union","BTR-80","destroyed","https://i.postimg.cc/L8tT2TGp/v80.png","2022-09-29",318,6161,1,"380-31861611","09/29/2022"
"6784","Ukraine","Soviet Union","BTR-80","destroyed","https://i.postimg.cc/SKsgk4GQ/2001-btre80.jpg","2022-09-29",318,6162,1,"380-31861621","09/29/2022"
"6785","Ukraine","Soviet Union","BTR-80","destroyed","https://postimg.cc/0zjqChqL","2022-09-29",318,6163,1,"380-31861631","09/29/2022"
"6786","Ukraine","Soviet Union","BTR-80","destroyed","https://postimg.cc/PP462MbZ","2022-09-29",318,6164,1,"380-31861641","09/29/2022"
"6787","Ukraine","Soviet Union","BTR-80","destroyed","https://postimg.cc/3WGVCpbC","2022-09-29",318,6165,1,"380-31861651","09/29/2022"
"6788","Ukraine","Soviet Union","BTR-80","destroyed","https://postimg.cc/cvxJGDGm","2022-09-29",318,6166,1,"380-31861661","09/29/2022"
"6789","Ukraine","Soviet Union","BTR-80","destroyed","https://i.postimg.cc/yx2Hz9jp/1006-btr80.jpg","2022-09-29",318,6167,1,"380-31861671","09/29/2022"
"6790","Ukraine","Soviet Union","BTR-80","damaged","https://i.postimg.cc/BQG09mbr/2000-btr80-2x.jpg","2022-09-29",318,6168,4,"380-31861684","09/29/2022"
"6791","Ukraine","Soviet Union","BTR-80","damaged","https://postimg.cc/NK7P45WT","2022-09-29",318,6169,4,"380-31861694","09/29/2022"
"6792","Ukraine","Soviet Union","BTR-80","captured","https://postimg.cc/NK7P45WT","2022-09-29",318,6169,3,"380-31861693","09/29/2022"
"6793","Ukraine","Soviet Union","BTR-80","damaged","https://postimg.cc/67NyqCSj","2022-09-29",318,6170,4,"380-31861704","09/29/2022"
"6794","Ukraine","Soviet Union","BTR-80","captured","https://postimg.cc/67NyqCSj","2022-09-29",318,6170,3,"380-31861703","09/29/2022"
"6795","Ukraine","Soviet Union","BTR-80","damaged","https://postimg.cc/YhJxSHh3","2022-09-29",318,6171,4,"380-31861714","09/29/2022"
"6796","Ukraine","Soviet Union","BTR-80","captured","https://postimg.cc/YhJxSHh3","2022-09-29",318,6171,3,"380-31861713","09/29/2022"
"6797","Ukraine","Soviet Union","BTR-80","captured","https://i.postimg.cc/90DnYM8h/3315.png","2022-09-29",318,6172,3,"380-31861723","09/29/2022"
"6798","Ukraine","Soviet Union","BTR-80","captured","https://i.postimg.cc/xd4xBGTy/431d.png","2022-09-29",318,6173,3,"380-31861733","09/29/2022"
"6799","Ukraine","Soviet Union","BTR-80","captured","https://i.postimg.cc/HkHy452z/65.png","2022-09-29",318,6174,3,"380-31861743","09/29/2022"
"6800","Ukraine","Soviet Union","BTR-80","captured","https://i.postimg.cc/x1Fc9pdP/c1.png","2022-09-29",318,6175,3,"380-31861753","09/29/2022"
"6801","Ukraine","Soviet Union","BTR-80","captured","https://i.postimg.cc/XqT3ctMG/332.png","2022-09-29",318,6176,3,"380-31861763","09/29/2022"
"6802","Ukraine","Soviet Union","BTR-80","captured","https://i.postimg.cc/bN7VppHS/d332.png","2022-09-29",318,6177,3,"380-31861773","09/29/2022"
"6803","Ukraine","Soviet Union","BTR-80","captured","https://i.postimg.cc/dQSWMY46/b2.png","2022-09-29",318,6178,3,"380-31861783","09/29/2022"
"6804","Ukraine","Soviet Union","BTR-80","captured","https://i.postimg.cc/k5LtNkxW/286.png","2022-09-29",318,6179,3,"380-31861793","09/29/2022"
"6805","Ukraine","Soviet Union","BTR-80","captured","https://i.postimg.cc/kgcc9QGw/2d.png","2022-09-29",318,6180,3,"380-31861803","09/29/2022"
"6806","Ukraine","Soviet Union","BTR-80","captured","https://i.postimg.cc/TPTZNqg8/438.png","2022-09-29",318,6181,3,"380-31861813","09/29/2022"
"6807","Ukraine","Soviet Union","BTR-80","captured","https://i.postimg.cc/MZ0J7W2d/g59.png","2022-09-29",318,6182,3,"380-31861823","09/29/2022"
"6808","Ukraine","Soviet Union","BTR-80","captured","https://i.postimg.cc/HsvH2cmD/3322.png","2022-09-29",318,6183,3,"380-31861833","09/29/2022"
"6809","Ukraine","Soviet Union","BTR-80","captured","https://i.postimg.cc/MKPmRw6L/443333.png","2022-09-29",318,6184,3,"380-31861843","09/29/2022"
"6810","Ukraine","Soviet Union","BTR-80","captured","https://i.postimg.cc/m2wPCdGj/f5.png","2022-09-29",318,6185,3,"380-31861853","09/29/2022"
"6811","Ukraine","Soviet Union","BTR-80","captured","https://i.postimg.cc/vmfmGWrJ/f433.png","2022-09-29",318,6186,3,"380-31861863","09/29/2022"
"6812","Ukraine","Soviet Union","BTR-80","captured","https://i.postimg.cc/KjqNr910/399.png","2022-09-29",318,6187,3,"380-31861873","09/29/2022"
"6813","Ukraine","Soviet Union","BTR-80","captured","https://i.postimg.cc/tT1FPh0j/456.png","2022-09-29",318,6188,3,"380-31861883","09/29/2022"
"6814","Ukraine","Soviet Union","BTR-80","captured","https://i.postimg.cc/0jQF7XkN/87.png","2022-09-29",318,6189,3,"380-31861893","09/29/2022"
"6815","Ukraine","Soviet Union","BTR-80","captured","https://i.postimg.cc/43N0bh7c/47.png","2022-09-29",318,6190,3,"380-31861903","09/29/2022"
"6816","Ukraine","Soviet Union","BTR-80","captured","https://i.postimg.cc/KvBwK1YD/18.png","2022-09-29",318,6191,3,"380-31861913","09/29/2022"
"6817","Ukraine","Soviet Union","BTR-D","destroyed","https://i.postimg.cc/vHjxVmkb/688.png","2022-09-29",53,6192,1,"380-5361921","09/29/2022"
"6818","Ukraine","Soviet Union","BTR-D","captured","https://i.postimg.cc/1zMSVqKB/46l.png","2022-09-29",53,6193,3,"380-5361933","09/29/2022"
"6819","Ukraine","Soviet Union","GT-MU AFV converted to APC","captured","https://i.postimg.cc/v8C92pwN/4711.png","2022-09-29",319,6194,3,"380-31961943","09/29/2022"
"6820","Ukraine","Ukraine","3 Unknown BTR","destroyed","https://i.postimg.cc/mkDR4c81/v2.jpg","2022-09-29",320,6195,1,"380-32061951","09/29/2022"
"6821","Ukraine","Ukraine","3 Unknown BTR","destroyed","https://i.postimg.cc/MThNckLh/2002.jpg","2022-09-29",320,6196,1,"380-32061961","09/29/2022"
"6822","Ukraine","Ukraine","3 Unknown BTR","abandoned","https://i.postimg.cc/524HCBT8/b1.png","2022-09-29",320,6197,2,"380-32061972","09/29/2022"
"6823","Ukraine","Netherlands","YPR-765","destroyed","https://twitter.com/UAWeapons/status/1566398729208340480","2022-09-29",321,6198,1,"380-32161981","09/29/2022"
"6824","Ukraine","Netherlands","YPR-765","destroyed","https://twitter.com/UAWeapons/status/1569061435833044992","2022-09-29",321,5963,1,"380-32159631","09/29/2022"
"6825","Ukraine","Netherlands","YPR-765","destroyed","https://twitter.com/UAWeapons/status/1571108754393042947","2022-09-29",321,5869,1,"380-32158691","09/29/2022"
"6826","Ukraine","Netherlands","YPR-765","destroyed","https://i.postimg.cc/y656j2Kk/2004-YPR.jpg","2022-09-29",321,6199,1,"380-32161991","09/29/2022"
"6827","Ukraine","Netherlands","YPR-765","destroyed","https://i.postimg.cc/Kz8cp24g/2005-YPR.jpg","2022-09-29",321,6200,1,"380-32162001","09/29/2022"
"6828","Ukraine","Netherlands","YPR-765","damaged","https://twitter.com/UAWeapons/status/1566398729208340480","2022-09-29",321,6198,4,"380-32161984","09/29/2022"
"6829","Ukraine","Netherlands","YPR-765","damaged","https://twitter.com/UAWeapons/status/1570133414971408385","2022-09-29",321,6201,4,"380-32162014","09/29/2022"
"6830","Ukraine","Netherlands","YPR-765","damaged","https://twitter.com/UAWeapons/status/1574382524964421638","2022-09-29",321,6000,4,"380-32160004","09/29/2022"
"6831","Ukraine","Netherlands","YPR-765","captured","https://twitter.com/UAWeapons/status/1565775815102840832","2022-09-29",321,6202,3,"380-32162023","09/29/2022"
"6832","Ukraine","United States","3 M113A3 armored personnel carrier","destroyed","https://twitter.com/UAWeapons/status/1567167584327327745","2022-09-29",322,6203,1,"380-32262031","09/29/2022"
"6833","Ukraine","United States","3 M113A3 armored personnel carrier","destroyed","https://i.postimg.cc/76Tgf7Jt/2003-M113-A3.jpg","2022-09-29",322,6204,1,"380-32262041","09/29/2022"
"6834","Ukraine","United States","3 M113A3 armored personnel carrier","destroyed","https://twitter.com/UAWeapons/status/1575457247873929218","2022-09-29",322,6205,1,"380-32262051","09/29/2022"
"6835","Ukraine","United Kingdom","1 Pinzgauer Vector 718","damaged","https://i.postimg.cc/Bb85pvw6/2000-Pinzgauer-Vector-718.jpg","2022-09-29",323,6206,4,"380-32362064","09/29/2022"
"6836","Ukraine","Australia",NA,"destroyed","https://i.postimg.cc/FHCTpggb/2000-bushmaster.jpg","2022-09-29",67,6207,1,"380-6762071","09/29/2022"
"6837","Ukraine","Australia",NA,"damaged","https://i.postimg.cc/x8krj1Zk/2000-bushmaster.jpg","2022-09-29",67,6208,4,"380-6762084","09/29/2022"
"6838","Ukraine","United Kingdom","Alvis 4 'Mamba'","destroyed","https://i.postimg.cc/rmZv0zpp/22g.png","2022-09-29",324,6209,1,"380-32462091","09/29/2022"
"6839","Ukraine","United Kingdom","Alvis 4 'Mamba'","destroyed","https://i.postimg.cc/2S2dJCfG/2004-Mamba.jpg","2022-09-29",324,6210,1,"380-32462101","09/29/2022"
"6840","Ukraine","United Kingdom","Alvis 4 'Mamba'","captured","https://i.postimg.cc/gjNr6VZZ/6h.png","2022-09-29",324,6211,3,"380-32462113","09/29/2022"
"6841","Ukraine","Ukraine","Vepr","captured","https://i.postimg.cc/0j3NhvTH/32dj.png","2022-09-29",300,6212,3,"380-30062123","09/29/2022"
"6842","Ukraine","Turkey","BMC Kirpi","damaged","https://twitter.com/UAWeapons/status/1568241700921016320","2022-09-29",325,5761,4,"380-32557614","09/29/2022"
"6843","Ukraine","Turkey","BMC Kirpi","abandoned","https://twitter.com/UAWeapons/status/1568241700921016320","2022-09-29",325,5761,2,"380-32557612","09/29/2022"
"6844","Ukraine","Turkey","BMC Kirpi","destroyed","https://postimg.cc/K1CLqqs2","2022-09-29",325,6213,1,"380-32562131","09/29/2022"
"6845","Ukraine","United States","HMMWV","destroyed","https://i.postimg.cc/bY3x4Pp9/4478.png","2022-09-29",326,6214,1,"380-32662141","09/29/2022"
"6846","Ukraine","United States","HMMWV","destroyed","https://i.postimg.cc/TPmQqZVc/d2.png","2022-09-29",326,6215,1,"380-32662151","09/29/2022"
"6847","Ukraine","United States","HMMWV","destroyed","https://i.postimg.cc/MGv3ctZ7/098.png","2022-09-29",326,6216,1,"380-32662161","09/29/2022"
"6848","Ukraine","United States","HMMWV","destroyed","https://i.postimg.cc/kXZgsgrP/577.jpg","2022-09-29",326,6217,1,"380-32662171","09/29/2022"
"6849","Ukraine","United States","HMMWV","destroyed","https://i.postimg.cc/xdzyh4m5/54.png","2022-09-29",326,6218,1,"380-32662181","09/29/2022"
"6850","Ukraine","United States","HMMWV","destroyed","https://i.postimg.cc/WzWkhGrt/46.png","2022-09-29",326,6219,1,"380-32662191","09/29/2022"
"6851","Ukraine","United States","HMMWV","destroyed","https://i.postimg.cc/DzfLr2dt/4439.png","2022-09-29",326,6220,1,"380-32662201","09/29/2022"
"6852","Ukraine","United States","HMMWV","destroyed","https://i.postimg.cc/GpgTN8Dn/467.png","2022-09-29",326,6221,1,"380-32662211","09/29/2022"
"6853","Ukraine","United States","HMMWV","destroyed","https://i.postimg.cc/8PFMTZDp/d160.png","2022-09-29",326,6222,1,"380-32662221","09/29/2022"
"6854","Ukraine","United States","HMMWV","destroyed","https://i.postimg.cc/zvMHqDK2/58.png","2022-09-29",326,6223,1,"380-32662231","09/29/2022"
"6855","Ukraine","United States","HMMWV","destroyed","https://twitter.com/UAWeapons/status/1559225175547183104","2022-09-29",326,6224,1,"380-32662241","09/29/2022"
"6856","Ukraine","United States","HMMWV","destroyed","https://i.postimg.cc/rpfQ2WVb/2000-humwee.jpg","2022-09-29",326,6225,1,"380-32662251","09/29/2022"
"6857","Ukraine","United States","HMMWV","destroyed","https://i.postimg.cc/1Rw9LJv1/2002-HMMWV.jpg","2022-09-29",326,6226,1,"380-32662261","09/29/2022"
"6858","Ukraine","United States","HMMWV","destroyed","https://twitter.com/UAWeapons/status/1572506065102831617","2022-09-29",326,6025,1,"380-32660251","09/29/2022"
"6859","Ukraine","United States","HMMWV","damaged","https://i.postimg.cc/zGpRmpJ1/34.png","2022-09-29",326,6227,4,"380-32662274","09/29/2022"
"6860","Ukraine","United States","HMMWV","captured","https://i.postimg.cc/zGpRmpJ1/34.png","2022-09-29",326,6227,3,"380-32662273","09/29/2022"
"6861","Ukraine","United States","HMMWV","damaged","https://i.postimg.cc/7YLY6Kz4/14.png","2022-09-29",326,6228,4,"380-32662284","09/29/2022"
"6862","Ukraine","United States","HMMWV","captured","https://i.postimg.cc/7YLY6Kz4/14.png","2022-09-29",326,6228,3,"380-32662283","09/29/2022"
"6863","Ukraine","United States","HMMWV","damaged","https://twitter.com/UAWeapons/status/1543548844910206976","2022-09-29",326,6229,4,"380-32662294","09/29/2022"
"6864","Ukraine","United States","HMMWV","captured","https://twitter.com/UAWeapons/status/1543548844910206976","2022-09-29",326,6229,3,"380-32662293","09/29/2022"
"6865","Ukraine","United States","HMMWV","captured","https://twitter.com/UAWeapons/status/1543548844910206976","2022-09-29",326,6229,3,"380-32662293","09/29/2022"
"6866","Ukraine","United States","HMMWV","captured","https://i.postimg.cc/63FnxPNL/779.png","2022-09-29",326,6230,3,"380-32662303","09/29/2022"
"6867","Ukraine","United States","HMMWV","captured","https://i.postimg.cc/BbMBs1sW/80.jpg","2022-09-29",326,6231,3,"380-32662313","09/29/2022"
"6868","Ukraine","United States","HMMWV","captured","https://i.postimg.cc/FzBFNNC6/13.png","2022-09-29",326,6232,3,"380-32662323","09/29/2022"
"6869","Ukraine","United States","HMMWV","captured","https://i.postimg.cc/8c5k2j4W/12.png","2022-09-29",326,6233,3,"380-32662333","09/29/2022"
"6870","Ukraine","United States","HMMWV","captured","https://i.postimg.cc/26CSxHB0/r11.png","2022-09-29",326,6234,3,"380-32662343","09/29/2022"
"6871","Ukraine","United States","HMMWV","captured","https://i.postimg.cc/cCQ4kmGh/438.png","2022-09-29",326,6235,3,"380-32662353","09/29/2022"
"6872","Ukraine","United States","HMMWV","captured","https://i.postimg.cc/BvCM2mjW/43fs.png","2022-09-29",326,6236,3,"380-32662363","09/29/2022"
"6873","Ukraine","United States","HMMWV","captured","https://i.postimg.cc/J0mpRLkX/5799.png","2022-09-29",326,6237,3,"380-32662373","09/29/2022"
"6874","Ukraine","United States","HMMWV","captured","https://i.postimg.cc/zvFc1htz/d2.jpg","2022-09-29",326,6238,3,"380-32662383","09/29/2022"
"6875","Ukraine","United States","HMMWV","captured","https://i.postimg.cc/R0MP7jS3/55.png","2022-09-29",326,6239,3,"380-32662393","09/29/2022"
"6876","Ukraine","United States","HMMWV","captured","https://i.postimg.cc/vZSvfvgd/2002-M1151-HMMWV.png","2022-09-29",326,6240,3,"380-32662403","09/29/2022"
"6877","Ukraine","United States","6 HMMWV Ambulance","destroyed","https://i.postimg.cc/jqvqqgD1/2000-hmmwv-ambulance.jpg","2022-09-29",327,6241,1,"380-32762411","09/29/2022"
"6878","Ukraine","United States","6 HMMWV Ambulance","damaged","https://i.postimg.cc/y88wjYxy/d12.png","2022-09-29",327,6242,4,"380-32762424","09/29/2022"
"6879","Ukraine","United States","6 HMMWV Ambulance","captured","https://i.postimg.cc/y88wjYxy/d12.png","2022-09-29",327,6242,3,"380-32762423","09/29/2022"
"6880","Ukraine","United States","6 HMMWV Ambulance","damaged","https://i.postimg.cc/zX4hRNMG/4799.png","2022-09-29",327,6243,4,"380-32762434","09/29/2022"
"6881","Ukraine","United States","6 HMMWV Ambulance","captured","https://i.postimg.cc/zX4hRNMG/4799.png","2022-09-29",327,6243,3,"380-32762433","09/29/2022"
"6882","Ukraine","United States","6 HMMWV Ambulance","damaged","https://i.postimg.cc/MHHmB5bG/48800.png","2022-09-29",327,6244,4,"380-32762444","09/29/2022"
"6883","Ukraine","United States","6 HMMWV Ambulance","captured","https://i.postimg.cc/MHHmB5bG/48800.png","2022-09-29",327,6244,3,"380-32762443","09/29/2022"
"6884","Ukraine","United States","6 HMMWV Ambulance","captured","https://i.postimg.cc/XvyMfKLQ/4799.png","2022-09-29",327,6245,3,"380-32762453","09/29/2022"
"6885","Ukraine","United States","6 HMMWV Ambulance","captured","https://i.postimg.cc/MK2kh9D5/669.png","2022-09-29",327,6246,3,"380-32762463","09/29/2022"
"6886","Ukraine","United Kingdom","11 AT105A Saxon","destroyed","https://twitter.com/UAWeapons/status/1543548855802904576","2022-09-29",328,6247,1,"380-32862471","09/29/2022"
"6887","Ukraine","United Kingdom","11 AT105A Saxon","destroyed","https://i.postimg.cc/DZ4p8MBD/2001-AT105-Saxon.png","2022-09-29",328,6248,1,"380-32862481","09/29/2022"
"6888","Ukraine","United Kingdom","11 AT105A Saxon","captured","https://i.postimg.cc/D0SW3Ftv/575.png","2022-09-29",328,6249,3,"380-32862493","09/29/2022"
"6889","Ukraine","United Kingdom","11 AT105A Saxon","captured","https://i.postimg.cc/PqVrX1Xh/467.png","2022-09-29",328,6250,3,"380-32862503","09/29/2022"
"6890","Ukraine","United Kingdom","11 AT105A Saxon","captured","https://i.postimg.cc/pLx47HSV/2s.jpg","2022-09-29",328,6251,3,"380-32862513","09/29/2022"
"6891","Ukraine","United Kingdom","11 AT105A Saxon","captured","https://i.postimg.cc/mDzV6XNy/4f.png","2022-09-29",328,6252,3,"380-32862523","09/29/2022"
"6892","Ukraine","United Kingdom","11 AT105A Saxon","captured","https://i.postimg.cc/YCnc6ThL/43347.png","2022-09-29",328,6253,3,"380-32862533","09/29/2022"
"6893","Ukraine","United Kingdom","11 AT105A Saxon","captured","https://i.postimg.cc/tTLQ9j7F/77690.png","2022-09-29",328,6254,3,"380-32862543","09/29/2022"
"6894","Ukraine","United Kingdom","11 AT105A Saxon","captured","https://twitter.com/UAWeapons/status/1545899359132389377","2022-09-29",328,6255,3,"380-32862553","09/29/2022"
"6895","Ukraine","United Kingdom","11 AT105A Saxon","captured","https://i.postimg.cc/B6JyC2gs/4f66.png","2022-09-29",328,6256,3,"380-32862563","09/29/2022"
"6896","Ukraine","United Kingdom","11 AT105A Saxon","captured","https://i.postimg.cc/9F1QhjhH/2003-Saxon.jpg","2022-09-29",328,6257,3,"380-32862573","09/29/2022"
"6897","Ukraine","United Kingdom","4 Husky Tactical Support Vehicle","destroyed","https://twitter.com/UAWeapons/status/1560559890422083585","2022-09-29",329,6258,1,"380-32962581","09/29/2022"
"6898","Ukraine","United Kingdom","4 Husky Tactical Support Vehicle","destroyed","https://twitter.com/UAWeapons/status/1566779757647351808","2022-09-29",329,6259,1,"380-32962591","09/29/2022"
"6899","Ukraine","United Kingdom","4 Husky Tactical Support Vehicle","destroyed","https://twitter.com/UAWeapons/status/1574382524964421638","2022-09-29",329,6000,1,"380-32960001","09/29/2022"
"6900","Ukraine","United Kingdom","4 Husky Tactical Support Vehicle","damaged","https://twitter.com/UAWeapons/status/1558416989827235840","2022-09-29",329,5971,4,"380-32959714","09/29/2022"
"6901","Ukraine","Ukraine","5 KrAZ Cobra","destroyed","https://i.postimg.cc/66L4GMR8/86.png","2022-09-29",330,6260,1,"380-33062601","09/29/2022"
"6902","Ukraine","Ukraine","5 KrAZ Cobra","destroyed","https://i.postimg.cc/Vsnrdt20/461.jpg","2022-09-29",330,6261,1,"380-33062611","09/29/2022"
"6903","Ukraine","Ukraine","5 KrAZ Cobra","captured","https://i.postimg.cc/W1qPQGGZ/34.png","2022-09-29",330,6262,3,"380-33062623","09/29/2022"
"6904","Ukraine","Ukraine","5 KrAZ Cobra","captured","https://i.postimg.cc/d30jkjsf/28.jpg","2022-09-29",330,6263,3,"380-33062633","09/29/2022"
"6905","Ukraine","Ukraine","5 KrAZ Cobra","captured","https://i.postimg.cc/G3BcPS6m/2002-Kr-AZ-Cobra.jpg","2022-09-29",330,6264,3,"380-33062643","09/29/2022"
"6906","Ukraine","Ukraine","KrAZ Cougar","destroyed","https://postimg.cc/2bj6y1j4","2022-09-29",331,6265,1,"380-33162651","09/29/2022"
"6907","Ukraine","Ukraine","KrAZ Cougar","captured","https://i.postimg.cc/t4WXZNqX/487.png","2022-09-29",331,6266,3,"380-33162663","09/29/2022"
"6908","Ukraine","Ukraine","KrAZ Cougar","captured","https://i.postimg.cc/dVmfKMQL/5488.png","2022-09-29",331,6267,3,"380-33162673","09/29/2022"
"6909","Ukraine","Ukraine","KrAZ Spartan","destroyed","https://i.postimg.cc/J7bYm962/5808.png","2022-09-29",332,6268,1,"380-33262681","09/29/2022"
"6910","Ukraine","Ukraine","KrAZ Spartan","destroyed","https://i.postimg.cc/66LgCtZ4/65.jpg","2022-09-29",332,6269,1,"380-33262691","09/29/2022"
"6911","Ukraine","Ukraine","KrAZ Spartan","destroyed","https://i.postimg.cc/hjMs0bRv/6h60.png","2022-09-29",332,6270,1,"380-33262701","09/29/2022"
"6912","Ukraine","Ukraine","KrAZ Spartan","destroyed","https://i.postimg.cc/pLzwqpFM/4788.png","2022-09-29",332,6271,1,"380-33262711","09/29/2022"
"6913","Ukraine","Ukraine","KrAZ Spartan","destroyed","https://i.postimg.cc/ZYBTN6k6/32.png","2022-09-29",332,6272,1,"380-33262721","09/29/2022"
"6914","Ukraine","Ukraine","KrAZ Spartan","destroyed","https://i.postimg.cc/43kkdVMm/23d.png","2022-09-29",332,6273,1,"380-33262731","09/29/2022"
"6915","Ukraine","Ukraine","KrAZ Spartan","destroyed","https://i.postimg.cc/9fgt9Bwj/438.png","2022-09-29",332,6274,1,"380-33262741","09/29/2022"
"6916","Ukraine","Ukraine","KrAZ-MPV Shrek One","captured","https://i.postimg.cc/d0Rrf1C1/5472.png","2022-09-29",333,6275,3,"380-33362753","09/29/2022"
"6917","Ukraine","Ukraine","7 Novator","destroyed","https://i.postimg.cc/nL0M3Jsd/3770.png","2022-09-29",334,6276,1,"380-33462761","09/29/2022"
"6918","Ukraine","Ukraine","7 Novator","destroyed","https://i.postimg.cc/sXnWyLTC/332.png","2022-09-29",334,6277,1,"380-33462771","09/29/2022"
"6919","Ukraine","Ukraine","7 Novator","destroyed","https://twitter.com/UAWeapons/status/1552699448614060033","2022-09-29",334,6278,1,"380-33462781","09/29/2022"
"6920","Ukraine","Ukraine","7 Novator","destroyed","https://i.postimg.cc/fyC334SQ/2022-09-19-Novator.jpg","2022-09-29",334,6279,1,"380-33462791","09/29/2022"
"6921","Ukraine","Ukraine","7 Novator","destroyed","https://twitter.com/UAWeapons/status/1572307996771762178","2022-09-29",334,5857,1,"380-33458571","09/29/2022"
"6922","Ukraine","Ukraine","7 Novator","damaged","https://i.postimg.cc/MKMkcgwH/776.png","2022-09-29",334,6280,4,"380-33462804","09/29/2022"
"6923","Ukraine","Ukraine","7 Novator","captured","https://i.postimg.cc/pT6yB3Vt/43133.png","2022-09-29",334,6281,3,"380-33462813","09/29/2022"
"6924","Ukraine","Ukraine","7 Novator","captured","https://i.postimg.cc/0NjZLhGD/3189.png","2022-09-29",334,6282,3,"380-33462823","09/29/2022"
"6925","Ukraine","Ukraine","7 Novator","captured","https://i.postimg.cc/Ls6bb8HD/4387.png","2022-09-29",334,6283,3,"380-33462833","09/29/2022"
"6926","Ukraine","Ukraine","Varta","destroyed","https://i.postimg.cc/hPpt3yPt/7u.png","2022-09-29",335,6284,1,"380-33562841","09/29/2022"
"6927","Ukraine","Ukraine","Varta","destroyed","https://i.postimg.cc/MpPNBN48/311.jpg","2022-09-29",335,6285,1,"380-33562851","09/29/2022"
"6928","Ukraine","Ukraine","Varta","destroyed","https://i.postimg.cc/MHQ7P76Q/2000.jpg","2022-09-29",335,6286,1,"380-33562861","09/29/2022"
"6929","Ukraine","Ukraine","Varta","captured","https://i.postimg.cc/rmJCSVgp/g1.png","2022-09-29",335,6287,3,"380-33562873","09/29/2022"
"6930","Ukraine","Ukraine","Varta","captured","https://i.postimg.cc/442p3Kn8/443.png","2022-09-29",335,5504,3,"380-33555043","09/29/2022"
"6931","Ukraine","Ukraine","Varta","captured","https://i.postimg.cc/wj9GFM8d/66579.png","2022-09-29",335,6288,3,"380-33562883","09/29/2022"
"6932","Ukraine","Ukraine","Varta","captured","https://i.postimg.cc/c4jKpNP5/7u.png","2022-09-29",335,6289,3,"380-33562893","09/29/2022"
"6933","Ukraine","Ukraine","Varta","captured","https://i.postimg.cc/VvgqDJDh/7644.png","2022-09-29",335,6290,3,"380-33562903","09/29/2022"
"6934","Ukraine","Ukraine","Varta","captured","https://i.postimg.cc/1tG278jF/130.png","2022-09-29",335,6291,3,"380-33562913","09/29/2022"
"6935","Ukraine","Ukraine","Varta","captured","https://i.postimg.cc/28s1cv5k/f244.png","2022-09-29",335,6292,3,"380-33562923","09/29/2022"
"6936","Ukraine","Ukraine","Varta","captured","https://i.postimg.cc/zGf1Wqkg/4312.png","2022-09-29",335,6293,3,"380-33562933","09/29/2022"
"6937","Ukraine","Ukraine","Varta","captured","https://i.postimg.cc/ZnVDfxsb/438.png","2022-09-29",335,6294,3,"380-33562943","09/29/2022"
"6938","Ukraine","Ukraine","Varta","captured","https://i.postimg.cc/s2j9JmdL/f4.jpg","2022-09-29",335,6295,3,"380-33562953","09/29/2022"
"6939","Ukraine","Ukraine","Varta","captured","https://i.postimg.cc/4d7tkwNf/d1h.jpg","2022-09-29",335,6296,3,"380-33562963","09/29/2022"
"6940","Ukraine","Ukraine","Varta","captured","https://i.postimg.cc/xT2zK4zR/5547.png","2022-09-29",335,6297,3,"380-33562973","09/29/2022"
"6941","Ukraine","Ukraine","Varta","captured","https://twitter.com/UAWeapons/status/1545899359132389377","2022-09-29",335,6255,3,"380-33562553","09/29/2022"
"6942","Ukraine","Ukraine","Varta","captured","https://i.postimg.cc/MpqsfLzt/66590.png","2022-09-29",335,6298,3,"380-33562983","09/29/2022"
"6943","Ukraine","Ukraine","32 Kozak-2","destroyed","https://i.postimg.cc/L6pqJk7y/58.png","2022-09-29",336,6299,1,"380-33662991","09/29/2022"
"6944","Ukraine","Ukraine","32 Kozak-2","destroyed","https://i.postimg.cc/9Mk6MT7K/488.png","2022-09-29",336,6300,1,"380-33663001","09/29/2022"
"6945","Ukraine","Ukraine","32 Kozak-2","destroyed","https://i.postimg.cc/gjVypYKQ/5779.png","2022-09-29",336,6301,1,"380-33663011","09/29/2022"
"6946","Ukraine","Ukraine","32 Kozak-2","destroyed","https://i.postimg.cc/VL6Ht3VF/37.png","2022-09-29",336,6302,1,"380-33663021","09/29/2022"
"6947","Ukraine","Ukraine","32 Kozak-2","destroyed","https://i.postimg.cc/gJxgjt08/338.png","2022-09-29",336,6303,1,"380-33663031","09/29/2022"
"6948","Ukraine","Ukraine","32 Kozak-2","destroyed","https://i.postimg.cc/yNmyrwr1/776.jpg","2022-09-29",336,6304,1,"380-33663041","09/29/2022"
"6949","Ukraine","Ukraine","32 Kozak-2","destroyed","https://i.postimg.cc/yxFchcQ4/87.png","2022-09-29",336,6305,1,"380-33663051","09/29/2022"
"6950","Ukraine","Ukraine","32 Kozak-2","destroyed","https://i.postimg.cc/59YQgSVr/7j.png","2022-09-29",336,6306,1,"380-33663061","09/29/2022"
"6951","Ukraine","Ukraine","32 Kozak-2","destroyed","https://i.postimg.cc/8zb2St2m/4f6.png","2022-09-29",336,6307,1,"380-33663071","09/29/2022"
"6952","Ukraine","Ukraine","32 Kozak-2","destroyed","https://i.postimg.cc/WtRyGMTH/438.png","2022-09-29",336,6308,1,"380-33663081","09/29/2022"
"6953","Ukraine","Ukraine","32 Kozak-2","destroyed","https://i.postimg.cc/nzh1jhnC/f8.png","2022-09-29",336,6309,1,"380-33663091","09/29/2022"
"6954","Ukraine","Ukraine","32 Kozak-2","destroyed","https://i.postimg.cc/zG4jqSdM/ff7.png","2022-09-29",336,6310,1,"380-33663101","09/29/2022"
"6955","Ukraine","Ukraine","32 Kozak-2","destroyed","https://i.postimg.cc/dtWsMfpk/2000-kozak.jpg","2022-09-29",336,6311,1,"380-33663111","09/29/2022"
"6956","Ukraine","Ukraine","32 Kozak-2","destroyed","https://twitter.com/UAWeapons/status/1545021770008240130","2022-09-29",336,5786,1,"380-33657861","09/29/2022"
"6957","Ukraine","Ukraine","32 Kozak-2","destroyed","https://twitter.com/TheDeadDistrict/status/1546184796451340289","2022-09-29",336,6312,1,"380-33663121","09/29/2022"
"6958","Ukraine","Ukraine","32 Kozak-2","damaged","https://i.postimg.cc/1XzJ7nhW/d2g.png","2022-09-29",336,6313,4,"380-33663134","09/29/2022"
"6959","Ukraine","Ukraine","32 Kozak-2","captured","https://i.postimg.cc/1XzJ7nhW/d2g.png","2022-09-29",336,6313,3,"380-33663133","09/29/2022"
"6960","Ukraine","Ukraine","32 Kozak-2","captured","https://i.postimg.cc/SK6qfZwB/42g.png","2022-09-29",336,6314,3,"380-33663143","09/29/2022"
"6961","Ukraine","Ukraine","32 Kozak-2","captured","https://i.postimg.cc/3JFW2v5Y/13.png","2022-09-29",336,6315,3,"380-33663153","09/29/2022"
"6962","Ukraine","Ukraine","32 Kozak-2","captured","https://i.postimg.cc/m2ysRLJL/4313.png","2022-09-29",336,6316,3,"380-33663163","09/29/2022"
"6963","Ukraine","Ukraine","32 Kozak-2","captured","https://i.postimg.cc/Sx36XxJL/431.png","2022-09-29",336,6317,3,"380-33663173","09/29/2022"
"6964","Ukraine","Ukraine","32 Kozak-2","captured","https://i.postimg.cc/T2tH9nND/47.png","2022-09-29",336,6318,3,"380-33663183","09/29/2022"
"6965","Ukraine","Ukraine","32 Kozak-2","captured","https://i.postimg.cc/Ls6bb8HD/4387.png","2022-09-29",336,6283,3,"380-33662833","09/29/2022"
"6966","Ukraine","Ukraine","32 Kozak-2","captured","https://i.postimg.cc/HkPLj9c0/h7.png","2022-09-29",336,6319,3,"380-33663193","09/29/2022"
"6967","Ukraine","Ukraine","32 Kozak-2","captured","https://i.postimg.cc/05BPGh0h/299.png","2022-09-29",336,6320,3,"380-33663203","09/29/2022"
"6968","Ukraine","Ukraine","32 Kozak-2","captured","https://i.postimg.cc/xjFvMRPp/477.png","2022-09-29",336,6321,3,"380-33663213","09/29/2022"
"6969","Ukraine","Ukraine","32 Kozak-2","captured","https://i.postimg.cc/6QgvmvjC/875.png","2022-09-29",336,6322,3,"380-33663223","09/29/2022"
"6970","Ukraine","Ukraine","32 Kozak-2","captured","https://i.postimg.cc/rzXgXHfC/439.png","2022-09-29",336,6323,3,"380-33663233","09/29/2022"
"6971","Ukraine","Ukraine","32 Kozak-2","captured","https://i.postimg.cc/wB2FBc1t/58.png","2022-09-29",336,6324,3,"380-33663243","09/29/2022"
"6972","Ukraine","Ukraine","32 Kozak-2","captured","https://i.postimg.cc/kMcBVF09/f4.png","2022-09-29",336,6325,3,"380-33663253","09/29/2022"
"6973","Ukraine","Ukraine","32 Kozak-2","captured","https://i.postimg.cc/KcBnzr7B/35.png","2022-09-29",336,6326,3,"380-33663263","09/29/2022"
"6974","Ukraine","Ukraine","8 Kozak-2M1","destroyed","https://i.postimg.cc/5NBFJMMG/54h.png","2022-09-29",337,6327,1,"380-33763271","09/29/2022"
"6975","Ukraine","Ukraine","8 Kozak-2M1","destroyed","https://postimg.cc/grt2tmHn","2022-09-29",337,6328,1,"380-33763281","09/29/2022"
"6976","Ukraine","Ukraine","8 Kozak-2M1","destroyed","https://twitter.com/UAWeapons/status/1548987767320870912","2022-09-29",337,6329,1,"380-33763291","09/29/2022"
"6977","Ukraine","Ukraine","8 Kozak-2M1","destroyed","https://i.postimg.cc/mZzm5DLw/2000-Kozack-2m1.jpg","2022-09-29",337,6330,1,"380-33763301","09/29/2022"
"6978","Ukraine","Ukraine","8 Kozak-2M1","abandoned","https://postimg.cc/JD2WNfPx","2022-09-29",337,6331,2,"380-33763312","09/29/2022"
"6979","Ukraine","Ukraine","8 Kozak-2M1","captured","https://i.postimg.cc/26hQJK6t/4f1.png","2022-09-29",337,5809,3,"380-33758093","09/29/2022"
"6980","Ukraine","Ukraine","8 Kozak-2M1","captured","https://i.postimg.cc/Y9QmHJ7T/5549.png","2022-09-29",337,6332,3,"380-33763323","09/29/2022"
"6981","Ukraine","Ukraine","8 Kozak-2M1","captured","https://i.postimg.cc/KjvxRVmz/77.png","2022-09-29",337,6333,3,"380-33763333","09/29/2022"
"6982","Ukraine","Ukraine","8 Kozak-2M1","captured","https://twitter.com/UAWeapons/status/1551672584361615371","2022-09-29",337,6334,3,"380-33763343","09/29/2022"
"6983","Ukraine","Ukraine","1 Kozak-5","captured","https://twitter.com/UAWeapons/status/1547991723946610690","2022-09-29",338,6335,3,"380-33863353","09/29/2022"
"6984","Ukraine","Ukraine","Triton","captured","https://i.postimg.cc/x8sb9gDh/45.png","2022-09-29",339,6336,3,"380-33963363","09/29/2022"
"6985","Ukraine","Ukraine","Triton","captured","https://i.postimg.cc/SNrgtV68/57.png","2022-09-29",339,6337,3,"380-33963373","09/29/2022"
"6986","Ukraine","Ukraine","Triton","captured","https://i.postimg.cc/wT6qjjMS/277.png","2022-09-29",339,6338,3,"380-33963383","09/29/2022"
"6987","Ukraine","Soviet Union","BMP-1KSh","destroyed","https://i.postimg.cc/VLdFx7YY/b7.png","2022-09-29",340,6339,1,"380-34063391","09/29/2022"
"6988","Ukraine","Soviet Union","R-145BM1 command vehicle","captured","https://i.postimg.cc/nVsmGbjV/32.png","2022-09-29",65,6340,3,"380-6563403","09/29/2022"
"6989","Ukraine","Soviet Union","R-145BM1 command vehicle","captured","https://i.postimg.cc/3xZhwSqy/446.png","2022-09-29",65,6341,3,"380-6563413","09/29/2022"
"6990","Ukraine","Soviet Union","1 R-409A radio station vehicle","destroyed","https://twitter.com/UAWeapons/status/1547660596249694211","2022-09-29",341,6342,1,"380-34163421","09/29/2022"
"6991","Ukraine","Soviet Union","1 R-405M radio station vehicle","destroyed","https://twitter.com/UAWeapons/status/1547660596249694211","2022-09-29",342,6342,1,"380-34263421","09/29/2022"
"6992","Ukraine","Ukraine","K1Sh1 command and staff vehicle","captured","https://i.postimg.cc/qB5M9TWT/776.jpg","2022-09-29",343,6343,3,"380-34363433","09/29/2022"
"6993","Ukraine","Turkey","1 Radio relay station for TB2","destroyed","https://twitter.com/UAWeapons/status/1552621037057187840","2022-09-29",344,6344,1,"380-34463441","09/29/2022"
"6994","Ukraine","Soviet Union","IMR-2 combat engineering vehicle","captured","https://i.postimg.cc/BQxfxYwb/446.png","2022-09-29",345,6345,3,"380-34563453","09/29/2022"
"6995","Ukraine","Soviet Union","BAT-2 heavy engineering vehicle","captured","https://i.postimg.cc/2yj5tTbn/bl.png","2022-09-29",94,6346,3,"380-9463463","09/29/2022"
"6996","Ukraine","Soviet Union","MDK-3 trench-digging vehicle","captured","https://i.postimg.cc/ZYVS4vtw/3321.png","2022-09-29",95,6347,3,"380-9563473","09/29/2022"
"6997","Ukraine","Soviet Union","RKhM 'Kashalot'","destroyed","https://i.postimg.cc/FzPFS9vz/16.png","2022-09-29",346,6348,1,"380-34663481","09/29/2022"
"6998","Ukraine","Soviet Union","RKhM 'Kashalot'","captured","https://i.postimg.cc/FK0113Pj/776.png","2022-09-29",346,6349,3,"380-34663493","09/29/2022"
"6999","Ukraine","Soviet Union","3 BTS-4 armoured recovery vehicle","destroyed","https://i.postimg.cc/9QdSvxzZ/v4.png","2022-09-29",347,6350,1,"380-34763501","09/29/2022"
"7000","Ukraine","Soviet Union","3 BTS-4 armoured recovery vehicle","captured","https://i.postimg.cc/3J251m83/38.png","2022-09-29",347,5577,3,"380-34755773","09/29/2022"
"7001","Ukraine","Soviet Union","3 BTS-4 armoured recovery vehicle","captured","https://i.postimg.cc/BQyRX6qK/689.png","2022-09-29",347,6351,3,"380-34763513","09/29/2022"
"7002","Ukraine","Soviet Union","BREM-1 armoured recovery vehicle","captured","https://i.postimg.cc/Prww0Ysy/133.png","2022-09-29",98,6352,3,"380-9863523","09/29/2022"
"7003","Ukraine","Soviet Union","Ural-4320 KET-L recovery vehicle","destroyed","https://i.postimg.cc/P5y09mKr/448.png","2022-09-29",106,6353,1,"380-10663531","09/29/2022"
"7004","Ukraine","Soviet Union","1 MTO-AT mobile workshop","destroyed","https://twitter.com/UAWeapons/status/1545021770008240130","2022-09-29",348,5786,1,"380-34857861","09/29/2022"
"7005","Ukraine","Soviet Union","3 PMP floating bridge","destroyed","https://i.postimg.cc/zXWfXHm7/dr1.jpg","2022-09-29",349,6354,1,"380-34963541","09/29/2022"
"7006","Ukraine","Soviet Union","3 PMP floating bridge","destroyed","https://i.postimg.cc/0y027gyJ/dr3.jpg","2022-09-29",349,6355,1,"380-34963551","09/29/2022"
"7007","Ukraine","Soviet Union","3 PMP floating bridge","captured","https://twitter.com/UAWeapons/status/1545899373724422151","2022-09-29",349,5851,3,"380-34958513","09/29/2022"
"7008","Ukraine","Ukraine","2 TMM-3M1 bridge layer","captured","https://i.postimg.cc/jjscx2rh/245.png","2022-09-29",350,6356,3,"380-35063563","09/29/2022"
"7009","Ukraine","Ukraine","2 TMM-3M1 bridge layer","captured","https://twitter.com/UAWeapons/status/1545899373724422151","2022-09-29",350,5851,3,"380-35058513","09/29/2022"
"7010","Ukraine","Ukraine","Pontoon bridge","destroyed","https://i.postimg.cc/kXP1jwZp/576.jpg","2022-09-29",115,6357,1,"380-11563571","09/29/2022"
"7011","Ukraine","Soviet Union","KrAZ-255B with excavator","captured","https://i.postimg.cc/zBhLwYQk/678.png","2022-09-29",118,6358,3,"380-11863583","09/29/2022"
"7012","Ukraine","Soviet Union","1 KrAZ-255B pontoon bridge layer","captured","https://twitter.com/UAWeapons/status/1545021775846817792","2022-09-29",351,6359,3,"380-35163593","09/29/2022"
"7013","Ukraine","Soviet Union","3 KrAZ-260 pontoon bridge layer","destroyed","https://i.postimg.cc/TwmPMLRt/2002-Kraz-pontoon-bridge-truck.jpg","2022-09-29",352,6360,1,"380-35263601","09/29/2022"
"7014","Ukraine","Soviet Union","3 KrAZ-260 pontoon bridge layer","destroyed","https://postimg.cc/qhzGzYkn","2022-09-29",352,6361,1,"380-35263611","09/29/2022"
"7015","Ukraine","Soviet Union","1 GMZ-3 minelayer","destroyed","https://i.postimg.cc/W4xyQQTN/g6.png","2022-09-29",353,6362,1,"380-35363621","09/29/2022"
"7016","Ukraine","Soviet Union","1 UMP-350 engine heater","captured","https://twitter.com/UAWeapons/status/1552699442482094083","2022-09-29",354,6363,3,"380-35463633","09/29/2022"
"7017","Ukraine","Soviet Union","9P148 Konkurs ATGM carrier","destroyed","https://i.postimg.cc/8cpL1BtZ/k2.png","2022-09-29",355,6364,1,"380-35563641","09/29/2022"
"7018","Ukraine","Soviet Union","9P148 Konkurs ATGM carrier","destroyed","https://i.postimg.cc/JncbVdcy/k1.png","2022-09-29",355,6365,1,"380-35563651","09/29/2022"
"7019","Ukraine","Soviet Union","9P148 Konkurs ATGM carrier","destroyed","https://i.postimg.cc/1tbZXSMb/g7.png","2022-09-29",355,6366,1,"380-35563661","09/29/2022"
"7020","Ukraine","Soviet Union","9P148 Konkurs ATGM carrier","destroyed","https://i.postimg.cc/2SGg6p9V/438.png","2022-09-29",355,6367,1,"380-35563671","09/29/2022"
"7021","Ukraine","Soviet Union","9P148 Konkurs ATGM carrier","destroyed","https://i.postimg.cc/3Jy72wPb/443f.png","2022-09-29",355,6368,1,"380-35563681","09/29/2022"
"7022","Ukraine","Soviet Union","9P148 Konkurs ATGM carrier","destroyed","https://i.postimg.cc/7L4PFrFB/55440.png","2022-09-29",355,6369,1,"380-35563691","09/29/2022"
"7023","Ukraine","Soviet Union","9P148 Konkurs ATGM carrier","destroyed","https://i.postimg.cc/c4jFp2Sn/4433.png","2022-09-29",355,6370,1,"380-35563701","09/29/2022"
"7024","Ukraine","Soviet Union","9P148 Konkurs ATGM carrier","abandoned","https://i.postimg.cc/cLp0yYYV/795.png","2022-09-29",355,6371,2,"380-35563712","09/29/2022"
"7025","Ukraine","Soviet Union","9P148 Konkurs ATGM carrier","captured","https://i.postimg.cc/7PV70ZVz/4366.png","2022-09-29",355,6372,3,"380-35563723","09/29/2022"
"7026","Ukraine","Soviet Union","9P148 Konkurs ATGM carrier","captured","https://i.postimg.cc/Bbpc3Gnt/466.png","2022-09-29",355,6373,3,"380-35563733","09/29/2022"
"7027","Ukraine","Soviet Union","9P148 Konkurs ATGM carrier","captured","https://i.postimg.cc/6ppy8PZM/975.png","2022-09-29",355,6374,3,"380-35563743","09/29/2022"
"7028","Ukraine","Soviet Union","9P148 Konkurs ATGM carrier","captured","https://i.postimg.cc/59GrFQT8/87.png","2022-09-29",355,6375,3,"380-35563753","09/29/2022"
"7029","Ukraine","Soviet Union","9P148 Konkurs ATGM carrier","captured","https://i.postimg.cc/pLQFR0zy/2113.jpg","2022-09-29",355,6376,3,"380-35563763","09/29/2022"
"7030","Ukraine","Soviet Union","9P149 Shturm-S ATGM carrier","damaged","https://i.postimg.cc/DZ9hwS9W/49.png","2022-09-29",356,6377,4,"380-35663774","09/29/2022"
"7031","Ukraine","Soviet Union","9P149 Shturm-S ATGM carrier","captured","https://i.postimg.cc/DZ9hwS9W/49.png","2022-09-29",356,6377,3,"380-35663773","09/29/2022"
"7032","Ukraine","Soviet Union","9P149 Shturm-S ATGM carrier","captured","https://i.postimg.cc/Ls6srs8R/680.png","2022-09-29",356,6378,3,"380-35663783","09/29/2022"
"7033","Ukraine","Soviet Union","1 1V13 battery command and forward observer vehicle","destroyed","https://i.postimg.cc/9FVHcxnm/3c.png","2022-09-29",357,6379,1,"380-35763791","09/29/2022"
"7034","Ukraine","Soviet Union","1V14 battery command and forward observer vehicle","destroyed","https://i.postimg.cc/bwSwXSt1/f443.png","2022-09-29",358,6380,1,"380-35863801","09/29/2022"
"7035","Ukraine","Soviet Union","1V14 battery command and forward observer vehicle","destroyed","https://i.postimg.cc/Y94z13Qq/443f3.png","2022-09-29",358,6381,1,"380-35863811","09/29/2022"
"7036","Ukraine","Soviet Union","1V14 battery command and forward observer vehicle","destroyed","https://postimg.cc/dDvnqyKd","2022-09-29",358,6382,1,"380-35863821","09/29/2022"
"7037","Ukraine","Soviet Union","1V14 battery command and forward observer vehicle","captured","https://i.postimg.cc/MHmbxn3Q/437.png","2022-09-29",358,6383,3,"380-35863833","09/29/2022"
"7038","Ukraine","Soviet Union","1V15 battery command and forward observer vehicle","captured","https://i.postimg.cc/B6Ntjgtc/77k.jpg","2022-09-29",359,6384,3,"380-35963843","09/29/2022"
"7039","Ukraine","Soviet Union","1V18 'Klyon-1' artillery command and forward observer vehicle","captured","https://i.postimg.cc/15Tv1zdz/c24.png","2022-09-29",360,6385,3,"380-36063853","09/29/2022"
"7040","Ukraine","Soviet Union","1V18 'Klyon-1' artillery command and forward observer vehicle","captured","https://i.postimg.cc/rpVBPfZt/430.png","2022-09-29",360,6386,3,"380-36063863","09/29/2022"
"7041","Ukraine","United States","AN/TPQ-36 lightweight counter mortar radar","damaged","https://twitter.com/UAWeapons/status/1505623206014636035","2022-09-29",361,6387,4,"380-36163874","09/29/2022"
"7042","Ukraine","United States","AN/TPQ-49 lightweight counter mortar radar","captured","https://i.postimg.cc/fRgwnrkP/d6.png","2022-09-29",362,6388,3,"380-36263883","09/29/2022"
"7043","Ukraine","Soviet Union","9T452 transporter-loader (for BM-27 'Uragan' MRL)","destroyed","https://i.postimg.cc/SQd62jMf/37.png","2022-09-29",363,6389,1,"380-36363891","09/29/2022"
"7044","Ukraine","Soviet Union","9T452 transporter-loader (for BM-27 'Uragan' MRL)","destroyed","https://twitter.com/UAWeapons/status/1519331831006511104","2022-09-29",363,6390,1,"380-36363901","09/29/2022"
"7045","Ukraine","Soviet Union","100mm BS-3 anti-tank gun","destroyed","https://i.postimg.cc/N0z9cFYL/325.png","2022-09-29",364,6391,1,"380-36463911","09/29/2022"
"7046","Ukraine","Soviet Union","100mm BS-3 anti-tank gun","captured","https://i.postimg.cc/521HLsPL/b18.png","2022-09-29",364,6392,3,"380-36463923","09/29/2022"
"7047","Ukraine","Soviet Union","100mm BS-3 anti-tank gun","captured","https://i.postimg.cc/GmqpYdTn/b19.png","2022-09-29",364,6393,3,"380-36463933","09/29/2022"
"7048","Ukraine","Soviet Union","9 100mm MT-12 anti-tank gun","destroyed","https://i.postimg.cc/3x42G0DL/489.png","2022-09-29",365,6394,1,"380-36563941","09/29/2022"
"7049","Ukraine","Soviet Union","9 100mm MT-12 anti-tank gun","destroyed","https://twitter.com/UAWeapons/status/1543548850559926272","2022-09-29",365,6395,1,"380-36563951","09/29/2022"
"7050","Ukraine","Soviet Union","9 100mm MT-12 anti-tank gun","damaged","https://twitter.com/UAWeapons/status/1543548850559926272","2022-09-29",365,6395,4,"380-36563954","09/29/2022"
"7051","Ukraine","Soviet Union","9 100mm MT-12 anti-tank gun","abandoned","https://i.postimg.cc/MGrVpjLq/n2.png","2022-09-29",365,6396,2,"380-36563962","09/29/2022"
"7052","Ukraine","Soviet Union","9 100mm MT-12 anti-tank gun","captured","https://twitter.com/UAWeapons/status/1543548850559926272","2022-09-29",365,6395,3,"380-36563953","09/29/2022"
"7053","Ukraine","Soviet Union","9 100mm MT-12 anti-tank gun","captured","https://i.postimg.cc/rwkdKVj0/g5d.png","2022-09-29",365,6397,3,"380-36563973","09/29/2022"
"7054","Ukraine","Soviet Union","9 100mm MT-12 anti-tank gun","captured","https://i.postimg.cc/kX1Fgtzm/542f.png","2022-09-29",365,6398,3,"380-36563983","09/29/2022"
"7055","Ukraine","Soviet Union","9 100mm MT-12 anti-tank gun","captured","https://i.postimg.cc/ZqBJT7JB/43.png","2022-09-29",365,6399,3,"380-36563993","09/29/2022"
"7056","Ukraine","Soviet Union","9 100mm MT-12 anti-tank gun","captured","https://twitter.com/UAWeapons/status/1561047885692780546","2022-09-29",365,6400,3,"380-36564003","09/29/2022"
"7057","Ukraine","United Kingdom","1 105mm L119 howitzer","damaged","https://i.postimg.cc/CxyRM7P0/2001-L119-dmg.jpg","2022-09-29",366,6401,4,"380-36664014","09/29/2022"
"7058","Ukraine","Soviet Union","1 122mm D-30 howitzer","captured","https://i.postimg.cc/qRFHDJzm/653.png","2022-09-29",367,6402,3,"380-36764023","09/29/2022"
"7059","Ukraine","Soviet Union","152mm D-20 gun-howitzer","destroyed","https://i.postimg.cc/mrBgqrfC/g5.jpg","2022-09-29",151,6403,1,"380-15164031","09/29/2022"
"7060","Ukraine","Soviet Union","152mm D-20 gun-howitzer","captured","https://i.postimg.cc/WbSVYSNM/b18.png","2022-09-29",151,6404,3,"380-15164043","09/29/2022"
"7061","Ukraine","Soviet Union","152mm 2A36 Giatsint-B field-gun","abandoned","https://i.postimg.cc/65WyTWGL/g43g.png","2022-09-29",368,6405,2,"380-36864052","09/29/2022"
"7062","Ukraine","Soviet Union","152mm 2A36 Giatsint-B field-gun","captured","https://twitter.com/UAWeapons/status/1545899351167352832","2022-09-29",368,6406,3,"380-36864063","09/29/2022"
"7063","Ukraine","Soviet Union","152mm 2A65 Msta-B howitzer","abandoned","https://i.postimg.cc/zfBM7CWN/Screenshot-8227.png","2022-09-29",369,6407,2,"380-36964072","09/29/2022"
"7064","Ukraine","Soviet Union","152mm 2A65 Msta-B howitzer","abandoned","https://i.postimg.cc/gj9TG17c/Screenshot-8228.png","2022-09-29",369,6408,2,"380-36964082","09/29/2022"
"7065","Ukraine","Soviet Union","152mm 2A65 Msta-B howitzer","captured","https://i.postimg.cc/3Jq4jMxs/48.png","2022-09-29",369,6409,3,"380-36964093","09/29/2022"
"7066","Ukraine","United States","9 155mm M777A2 howitzer","destroyed","https://i.postimg.cc/5038mYyF/329.png","2022-09-29",370,6410,1,"380-37064101","09/29/2022"
"7067","Ukraine","United States","9 155mm M777A2 howitzer","destroyed","https://twitter.com/imp_navigator/status/1539215237139812352","2022-09-29",370,6411,1,"380-37064111","09/29/2022"
"7068","Ukraine","United States","9 155mm M777A2 howitzer","destroyed","https://twitter.com/imp_navigator/status/1539216203230679041","2022-09-29",370,6412,1,"380-37064121","09/29/2022"
"7069","Ukraine","United States","9 155mm M777A2 howitzer","destroyed","https://twitter.com/UAWeapons/status/1543640101695152130","2022-09-29",370,6413,1,"380-37064131","09/29/2022"
"7070","Ukraine","United States","9 155mm M777A2 howitzer","destroyed","https://twitter.com/UAWeapons/status/1547263296948027392","2022-09-29",370,6414,1,"380-37064141","09/29/2022"
"7071","Ukraine","United States","9 155mm M777A2 howitzer","destroyed","https://i.postimg.cc/mrFbHNbr/2000.jpg","2022-09-29",370,6415,1,"380-37064151","09/29/2022"
"7072","Ukraine","United States","9 155mm M777A2 howitzer","destroyed","https://i.postimg.cc/x8QXChFv/2000-m777.jpg","2022-09-29",370,6416,1,"380-37064161","09/29/2022"
"7073","Ukraine","United States","9 155mm M777A2 howitzer","destroyed","https://twitter.com/UAWeapons/status/1564339685337583619","2022-09-29",370,6417,1,"380-37064171","09/29/2022"
"7074","Ukraine","United States","9 155mm M777A2 howitzer","damaged","https://twitter.com/RALee85/status/1557298928248291330","2022-09-29",370,6418,4,"380-37064184","09/29/2022"
"7075","Ukraine","Ukraine","15 Unknown towed artillery","destroyed","https://i.postimg.cc/BnNpxWwv/33.jpg","2022-09-29",371,6419,1,"380-37164191","09/29/2022"
"7076","Ukraine","Ukraine","15 Unknown towed artillery","destroyed","https://i.postimg.cc/nV9FvX5k/f60.jpg","2022-09-29",371,6420,1,"380-37164201","09/29/2022"
"7077","Ukraine","Ukraine","15 Unknown towed artillery","destroyed","https://i.postimg.cc/T2zhHzWn/o1.jpg","2022-09-29",371,6421,1,"380-37164211","09/29/2022"
"7078","Ukraine","Ukraine","15 Unknown towed artillery","destroyed","https://i.postimg.cc/662ycWT9/o2.jpg","2022-09-29",371,6422,1,"380-37164221","09/29/2022"
"7079","Ukraine","Ukraine","15 Unknown towed artillery","destroyed","https://twitter.com/RALee85/status/1542517852334223362","2022-09-29",371,6423,1,"380-37164231","09/29/2022"
"7080","Ukraine","Ukraine","15 Unknown towed artillery","destroyed","https://twitter.com/UAWeapons/status/1554424738914734081","2022-09-29",371,6424,1,"380-37164241","09/29/2022"
"7081","Ukraine","Ukraine","15 Unknown towed artillery","destroyed","https://i.postimg.cc/pX5jvNV4/4f6.png","2022-09-29",371,6425,1,"380-37164251","09/29/2022"
"7082","Ukraine","Ukraine","15 Unknown towed artillery","destroyed","https://i.postimg.cc/prsHrVQv/f327.png","2022-09-29",371,6426,1,"380-37164261","09/29/2022"
"7083","Ukraine","Ukraine","15 Unknown towed artillery","damaged","https://i.postimg.cc/BnNpxWwv/33.jpg","2022-09-29",371,6419,4,"380-37164194","09/29/2022"
"7084","Ukraine","Ukraine","15 Unknown towed artillery","damaged","https://i.postimg.cc/J0jdMrPN/900.jpg","2022-09-29",371,6427,4,"380-37164274","09/29/2022"
"7085","Ukraine","Ukraine","15 Unknown towed artillery","damaged","https://i.postimg.cc/fRXrgT3b/11.png","2022-09-29",371,6428,4,"380-37164284","09/29/2022"
"7086","Ukraine","Ukraine","120mm Bars-8MMK","destroyed","https://i.postimg.cc/vZGsCswS/438.png","2022-09-29",372,6429,1,"380-37264291","09/29/2022"
"7087","Ukraine","Ukraine","120mm Bars-8MMK","destroyed","https://i.postimg.cc/15Y221DT/2000-Bars-8-MMK-120mm-self-propelled-mortar.png","2022-09-29",372,6430,1,"380-37264301","09/29/2022"
"7088","Ukraine","Ukraine","120mm BTR-3M2","destroyed","https://i.postimg.cc/Dz71KNKJ/43111.png","2022-09-29",373,6431,1,"380-37364311","09/29/2022"
"7089","Ukraine","Ukraine","120mm BTR-3M2","captured","https://i.postimg.cc/kgRrVZzb/41.png","2022-09-29",373,6432,3,"380-37364323","09/29/2022"
"7090","Ukraine","Ukraine","120mm BTR-3M2","captured","https://i.postimg.cc/8z2b2q6g/44311.png","2022-09-29",373,6433,3,"380-37364333","09/29/2022"
"7091","Ukraine","Soviet Union","122mm 2S1 Gvozdika","destroyed","https://i.postimg.cc/GhrFyfCw/4fhj.png","2022-09-29",158,6434,1,"380-15864341","09/29/2022"
"7092","Ukraine","Soviet Union","122mm 2S1 Gvozdika","destroyed","https://i.postimg.cc/43cbmftq/4466.png","2022-09-29",158,6435,1,"380-15864351","09/29/2022"
"7093","Ukraine","Soviet Union","122mm 2S1 Gvozdika","destroyed","https://i.postimg.cc/R0r6NcvQ/5577.png","2022-09-29",158,6436,1,"380-15864361","09/29/2022"
"7094","Ukraine","Soviet Union","122mm 2S1 Gvozdika","destroyed","https://i.postimg.cc/kG6swKK7/760.png","2022-09-29",158,6437,1,"380-15864371","09/29/2022"
"7095","Ukraine","Soviet Union","122mm 2S1 Gvozdika","destroyed","https://i.postimg.cc/tTtGQFZV/34.png","2022-09-29",158,5861,1,"380-15858611","09/29/2022"
"7096","Ukraine","Soviet Union","122mm 2S1 Gvozdika","destroyed","https://i.postimg.cc/pX8wjYSY/32.jpg","2022-09-29",158,6438,1,"380-15864381","09/29/2022"
"7097","Ukraine","Soviet Union","122mm 2S1 Gvozdika","destroyed","https://i.postimg.cc/HxmFmj4G/d32.png","2022-09-29",158,6439,1,"380-15864391","09/29/2022"
"7098","Ukraine","Soviet Union","122mm 2S1 Gvozdika","destroyed","https://i.postimg.cc/mkJTxMFW/443.png","2022-09-29",158,6440,1,"380-15864401","09/29/2022"
"7099","Ukraine","Soviet Union","122mm 2S1 Gvozdika","destroyed","https://i.postimg.cc/LsWnBWxz/44f.png","2022-09-29",158,6441,1,"380-15864411","09/29/2022"
"7100","Ukraine","Soviet Union","122mm 2S1 Gvozdika","destroyed","https://i.postimg.cc/cCSLsxC0/2001.jpg","2022-09-29",158,6442,1,"380-15864421","09/29/2022"
"7101","Ukraine","Soviet Union","122mm 2S1 Gvozdika","destroyed","https://i.postimg.cc/FF8RdV10/h7.png","2022-09-29",158,6443,1,"380-15864431","09/29/2022"
"7102","Ukraine","Soviet Union","122mm 2S1 Gvozdika","destroyed","https://i.postimg.cc/3wSMD9GC/444.png","2022-09-29",158,6444,1,"380-15864441","09/29/2022"
"7103","Ukraine","Soviet Union","122mm 2S1 Gvozdika","destroyed","https://twitter.com/UAWeapons/status/1569733001411444736","2022-09-29",158,6445,1,"380-15864451","09/29/2022"
"7104","Ukraine","Soviet Union","122mm 2S1 Gvozdika","damaged","https://i.postimg.cc/TwZV2tLf/799.jpg","2022-09-29",158,6446,4,"380-15864464","09/29/2022"
"7105","Ukraine","Soviet Union","122mm 2S1 Gvozdika","abandoned","https://i.postimg.cc/MKTfGGmK/334.png","2022-09-29",158,6447,2,"380-15864472","09/29/2022"
"7106","Ukraine","Soviet Union","122mm 2S1 Gvozdika","captured","https://i.postimg.cc/L6z1LJRS/578.png","2022-09-29",158,6448,3,"380-15864483","09/29/2022"
"7107","Ukraine","Soviet Union","122mm 2S1 Gvozdika","captured","https://i.postimg.cc/Pry1GzXj/49.png","2022-09-29",158,6449,3,"380-15864493","09/29/2022"
"7108","Ukraine","Soviet Union","122mm 2S1 Gvozdika","captured","https://i.postimg.cc/dVSd3sZN/d6.png","2022-09-29",158,6450,3,"380-15864503","09/29/2022"
"7109","Ukraine","Soviet Union","122mm 2S1 Gvozdika","captured","https://i.postimg.cc/nrk0d0M0/55.png","2022-09-29",158,6451,3,"380-15864513","09/29/2022"
"7110","Ukraine","Soviet Union","122mm 2S1 Gvozdika","captured","https://i.postimg.cc/rFmzzNcR/Screenshot-9591.png","2022-09-29",158,6452,3,"380-15864523","09/29/2022"
"7111","Ukraine","Soviet Union","122mm 2S1 Gvozdika","captured","https://i.postimg.cc/VLVvt0LG/Screenshot-9592.png","2022-09-29",158,6453,3,"380-15864533","09/29/2022"
"7112","Ukraine","Soviet Union","122mm 2S1 Gvozdika","captured","https://i.postimg.cc/Hk8x9Wrp/Screenshot-9593.png","2022-09-29",158,6454,3,"380-15864543","09/29/2022"
"7113","Ukraine","Soviet Union","122mm 2S1 Gvozdika","captured","https://postimg.cc/PPLMd7mP","2022-09-29",158,6455,3,"380-15864553","09/29/2022"
"7114","Ukraine","Soviet Union","122mm 2S1 Gvozdika","captured","https://twitter.com/UAWeapons/status/1545899351167352832","2022-09-29",158,6406,3,"380-15864063","09/29/2022"
"7115","Ukraine","Soviet Union","152mm 2S3 Akatsiya","destroyed","https://i.postimg.cc/wv9YQy6k/7769.jpg","2022-09-29",374,6456,1,"380-37464561","09/29/2022"
"7116","Ukraine","Soviet Union","152mm 2S3 Akatsiya","destroyed","https://i.postimg.cc/Z5pN65LF/v5.png","2022-09-29",374,6457,1,"380-37464571","09/29/2022"
"7117","Ukraine","Soviet Union","152mm 2S3 Akatsiya","destroyed","https://i.postimg.cc/L8VTPys4/4431.png","2022-09-29",374,6458,1,"380-37464581","09/29/2022"
"7118","Ukraine","Soviet Union","152mm 2S3 Akatsiya","destroyed","https://i.postimg.cc/RhvrzzvT/477.png","2022-09-29",374,6459,1,"380-37464591","09/29/2022"
"7119","Ukraine","Soviet Union","152mm 2S3 Akatsiya","destroyed","https://i.postimg.cc/hjZX3n0h/2000-2s3.jpg","2022-09-29",374,6460,1,"380-37464601","09/29/2022"
"7120","Ukraine","Soviet Union","152mm 2S3 Akatsiya","damaged","https://twitter.com/UAWeapons/status/1541534349589454848","2022-09-29",374,6461,4,"380-37464614","09/29/2022"
"7121","Ukraine","Soviet Union","152mm 2S3 Akatsiya","captured","https://postlmg.cc/56yhT3pX","2022-09-29",374,5580,3,"380-37455803","09/29/2022"
"7122","Ukraine","Soviet Union","152mm 2S3 Akatsiya","captured","https://i.postimg.cc/5N7Np35V/4j.png","2022-09-29",374,6462,3,"380-37464623","09/29/2022"
"7123","Ukraine","Soviet Union","152mm 2S3 Akatsiya","captured","https://twitter.com/UAWeapons/status/1519333255035686913","2022-09-29",374,6463,3,"380-37464633","09/29/2022"
"7124","Ukraine","Soviet Union","2 152mm 2S5 Giatsint-S","destroyed","https://i.postimg.cc/PxZcfjr7/2001-2S5.png","2022-09-29",375,6464,1,"380-37564641","09/29/2022"
"7125","Ukraine","Soviet Union","2 152mm 2S5 Giatsint-S","captured","https://i.postimg.cc/K857Hbg3/4f5.png","2022-09-29",375,6465,3,"380-37564653","09/29/2022"
"7126","Ukraine","Soviet Union","152mm 2S19 Msta-S","damaged","https://i.postimg.cc/C1gj33Mx/m3.png","2022-09-29",376,6466,4,"380-37664664","09/29/2022"
"7127","Ukraine","Soviet Union","152mm 2S19 Msta-S","damaged","https://i.postimg.cc/MTmyq9Xb/m4.png","2022-09-29",376,6467,4,"380-37664674","09/29/2022"
"7128","Ukraine","Norway","155mm M109A3GN","damaged","https://twitter.com/UAWeapons/status/1534148275581894659","2022-09-29",377,6468,4,"380-37764684","09/29/2022"
"7129","Ukraine","Norway","155mm M109A3GN","damaged","https://twitter.com/UAWeapons/status/1557039445953626114","2022-09-29",377,6469,4,"380-37764694","09/29/2022"
"7130","Ukraine","Poland","1 155mm AHS Krab","destroyed","https://twitter.com/RALee85/status/1548774188806275072","2022-09-29",378,6470,1,"380-37864701","09/29/2022"
"7131","Ukraine","Soviet Union","203mm 2S7 Pion","destroyed","https://i.postimg.cc/6pc6knVX/4j.png","2022-09-29",379,6471,1,"380-37964711","09/29/2022"
"7132","Ukraine","Soviet Union","203mm 2S7 Pion","destroyed","https://i.postimg.cc/bJFyLX2W/2000.jpg","2022-09-29",379,6472,1,"380-37964721","09/29/2022"
"7133","Ukraine","Soviet Union","203mm 2S7 Pion","damaged","https://i.postimg.cc/VLs0y1LY/d34.jpg","2022-09-29",379,6473,4,"380-37964734","09/29/2022"
"7134","Ukraine","Soviet Union","203mm 2S7 Pion","damaged","https://twitter.com/UAWeapons/status/1534866398303948801","2022-09-29",379,6474,4,"380-37964744","09/29/2022"
"7135","Ukraine","Soviet Union","203mm 2S7 Pion","damaged","https://i.postimg.cc/J4s5tfKL/4376.png","2022-09-29",379,6475,4,"380-37964754","09/29/2022"
"7136","Ukraine","Soviet Union","203mm 2S7 Pion","captured","https://i.postimg.cc/J4s5tfKL/4376.png","2022-09-29",379,6475,3,"380-37964753","09/29/2022"
"7137","Ukraine","Ukraine","Unknown SPG","destroyed","https://twitter.com/UAWeapons/status/1510694748595625984","2022-09-29",380,6476,1,"380-38064761","09/29/2022"
"7138","Ukraine","Ukraine","Unknown SPG","destroyed","https://i.postimg.cc/bwnVnG7W/435.png","2022-09-29",380,6477,1,"380-38064771","09/29/2022"
"7139","Ukraine","Soviet Union","122mm BM-21 Grad","destroyed","https://i.postimg.cc/rsL2SYH9/kl.png","2022-09-29",381,6478,1,"380-38164781","09/29/2022"
"7140","Ukraine","Soviet Union","122mm BM-21 Grad","destroyed","https://i.postimg.cc/T3HfML5w/gg2.jpg","2022-09-29",381,6479,1,"380-38164791","09/29/2022"
"7141","Ukraine","Soviet Union","122mm BM-21 Grad","destroyed","https://i.postimg.cc/hjmS0DjG/gg1.jpg","2022-09-29",381,6480,1,"380-38164801","09/29/2022"
"7142","Ukraine","Soviet Union","122mm BM-21 Grad","destroyed","https://twitter.com/UAWeapons/status/1508897454040788993","2022-09-29",381,6481,1,"380-38164811","09/29/2022"
"7143","Ukraine","Soviet Union","122mm BM-21 Grad","destroyed","https://i.postimg.cc/Df9KgCX2/f1.jpg","2022-09-29",381,6482,1,"380-38164821","09/29/2022"
"7144","Ukraine","Soviet Union","122mm BM-21 Grad","destroyed","https://i.postimg.cc/y8BCqkjt/f2.jpg","2022-09-29",381,6483,1,"380-38164831","09/29/2022"
"7145","Ukraine","Soviet Union","122mm BM-21 Grad","destroyed","https://i.postimg.cc/qqxFD9hq/4311.png","2022-09-29",381,6484,1,"380-38164841","09/29/2022"
"7146","Ukraine","Soviet Union","122mm BM-21 Grad","destroyed","https://i.postimg.cc/8CwjDC2m/m1.png","2022-09-29",381,6485,1,"380-38164851","09/29/2022"
"7147","Ukraine","Soviet Union","122mm BM-21 Grad","destroyed","https://i.postimg.cc/qRzn5nN3/m2.png","2022-09-29",381,6486,1,"380-38164861","09/29/2022"
"7148","Ukraine","Soviet Union","122mm BM-21 Grad","destroyed","https://i.postimg.cc/s2YyLgv8/36.png","2022-09-29",381,6487,1,"380-38164871","09/29/2022"
"7149","Ukraine","Soviet Union","122mm BM-21 Grad","destroyed","https://i.postimg.cc/TPYYh6Qm/5g7.png","2022-09-29",381,6488,1,"380-38164881","09/29/2022"
"7150","Ukraine","Soviet Union","122mm BM-21 Grad","destroyed","https://i.postimg.cc/7ZZy77ym/2dg.png","2022-09-29",381,6489,1,"380-38164891","09/29/2022"
"7151","Ukraine","Soviet Union","122mm BM-21 Grad","destroyed","https://i.postimg.cc/2S6HBzC5/j8.png","2022-09-29",381,6490,1,"380-38164901","09/29/2022"
"7152","Ukraine","Soviet Union","122mm BM-21 Grad","destroyed","https://i.postimg.cc/527hcjHL/1.png","2022-09-29",381,6491,1,"380-38164911","09/29/2022"
"7153","Ukraine","Soviet Union","122mm BM-21 Grad","captured","https://i.postimg.cc/zfxRt8ny/m1.png","2022-09-29",381,6492,3,"380-38164923","09/29/2022"
"7154","Ukraine","Soviet Union","122mm BM-21 Grad","captured","https://i.postimg.cc/3rnRpYg6/5hj.png","2022-09-29",381,6493,3,"380-38164933","09/29/2022"
"7155","Ukraine","Soviet Union","122mm BM-21 Grad","captured","https://twitter.com/UAWeapons/status/1545899367013531650","2022-09-29",381,6494,3,"380-38164943","09/29/2022"
"7156","Ukraine","Ukraine","1 Bastion-1","destroyed","https://i.postimg.cc/rs1CxrWd/2000-Bastion-1.jpg","2022-09-29",382,6495,1,"380-38264951","09/29/2022"
"7157","Ukraine","Soviet Union","220mm BM-27 Uragan","destroyed","https://twitter.com/UAWeapons/status/1519331831006511104","2022-09-29",167,6390,1,"380-16763901","09/29/2022"
"7158","Ukraine","Soviet Union","220mm BM-27 Uragan","captured","https://i.postimg.cc/MpZxknr7/437.png","2022-09-29",167,6496,3,"380-16764963","09/29/2022"
"7159","Ukraine","Soviet Union","220mm BM-27 Uragan","captured","https://i.postimg.cc/0yh6X2cL/346.png","2022-09-29",167,6497,3,"380-16764973","09/29/2022"
"7160","Ukraine","Soviet Union","220mm BM-27 Uragan","captured","https://i.postimg.cc/N0XpN0Rg/5.png","2022-09-29",167,6498,3,"380-16764983","09/29/2022"
"7161","Ukraine","Soviet Union","23mm ZU-23","captured","https://i.postimg.cc/2SDv44Hd/nm8.png","2022-09-29",383,6499,3,"380-38364993","09/29/2022"
"7162","Ukraine","Soviet Union","23mm ZU-23","captured","https://i.postimg.cc/W1NsGMGc/480.png","2022-09-29",383,6500,3,"380-38365003","09/29/2022"
"7163","Ukraine","Soviet Union","23mm ZU-23","captured","https://i.postimg.cc/QMmjt2Pr/21.png","2022-09-29",383,6501,3,"380-38365013","09/29/2022"
"7164","Ukraine","Finland","1 23mm 23 ItK 61","captured","https://twitter.com/UAWeapons/status/1566053206228074496","2022-09-29",384,6502,3,"380-38465023","09/29/2022"
"7165","Ukraine","Soviet Union","ZSU-23-4 Shilka","captured","https://i.postimg.cc/GtdHb84x/68.png","2022-09-29",385,6503,3,"380-38565033","09/29/2022"
"7166","Ukraine","Soviet Union","ZSU-23-4 Shilka","captured","https://i.postimg.cc/KcC7csQq/477.png","2022-09-29",385,5810,3,"380-38558103","09/29/2022"
"7167","Ukraine","Soviet Union","9K33 Osa","destroyed","https://i.postimg.cc/wM1d9gZR/b8.png","2022-09-29",175,6504,1,"380-17565041","09/29/2022"
"7168","Ukraine","Soviet Union","9K33 Osa","destroyed","https://i.postimg.cc/ht8yK3Lg/335.png","2022-09-29",175,6505,1,"380-17565051","09/29/2022"
"7169","Ukraine","Soviet Union","9K33 Osa","destroyed","https://i.postimg.cc/ncjkcdJN/589.png","2022-09-29",175,6506,1,"380-17565061","09/29/2022"
"7170","Ukraine","Soviet Union","9K33 Osa","destroyed","https://i.postimg.cc/9F6xPsMT/5547.png","2022-09-29",175,6507,1,"380-17565071","09/29/2022"
"7171","Ukraine","Soviet Union","9K33 Osa","destroyed","https://i.postimg.cc/bNHKQS1X/d12.png","2022-09-29",175,6508,1,"380-17565081","09/29/2022"
"7172","Ukraine","Soviet Union","9K33 Osa","destroyed","https://i.postimg.cc/d1Xpqq9t/6899.png","2022-09-29",175,6509,1,"380-17565091","09/29/2022"
"7173","Ukraine","Soviet Union","9K33 Osa","destroyed","https://i.postimg.cc/B6Tn4rKB/447.png","2022-09-29",175,6510,1,"380-17565101","09/29/2022"
"7174","Ukraine","Soviet Union","9K33 Osa","destroyed","https://i.postimg.cc/v8Lr9z2j/ffs.jpg","2022-09-29",175,6511,1,"380-17565111","09/29/2022"
"7175","Ukraine","Soviet Union","9K33 Osa","destroyed","https://i.postimg.cc/BQHD7Dk7/f4.jpg","2022-09-29",175,6512,1,"380-17565121","09/29/2022"
"7176","Ukraine","Soviet Union","9K33 Osa","destroyed","https://twitter.com/UAWeapons/status/1565031392601325572","2022-09-29",175,6513,1,"380-17565131","09/29/2022"
"7177","Ukraine","Soviet Union","9K33 Osa","captured","https://i.postimg.cc/D0wbscB4/y8.png","2022-09-29",175,6514,3,"380-17565143","09/29/2022"
"7178","Ukraine","Soviet Union","9K33 Osa","captured","https://i.postimg.cc/RhV6nh8X/Screenshot-8150.png","2022-09-29",175,6515,3,"380-17565153","09/29/2022"
"7179","Ukraine","Soviet Union","9K33 Osa","captured","https://i.postimg.cc/FsVhfCLV/245.png","2022-09-29",175,6516,3,"380-17565163","09/29/2022"
"7180","Ukraine","Soviet Union","9K35 Strela-10","destroyed","https://i.postimg.cc/pd9hFbS4/652g.png","2022-09-29",176,6517,1,"380-17665171","09/29/2022"
"7181","Ukraine","Soviet Union","9K35 Strela-10","abandoned","https://i.postimg.cc/B61Rm1DR/b8.png","2022-09-29",176,6518,2,"380-17665182","09/29/2022"
"7182","Ukraine","Soviet Union","9K35 Strela-10","damaged","https://postimg.cc/SYK0f1pm","2022-09-29",176,6519,4,"380-17665194","09/29/2022"
"7183","Ukraine","Soviet Union","9K35 Strela-10","captured","https://postimg.cc/SYK0f1pm","2022-09-29",176,6519,3,"380-17665193","09/29/2022"
"7184","Ukraine","Soviet Union","3 9A310M1 TELAR (for Buk-M1)","destroyed","https://i.postimg.cc/65Hjk0rQ/5542.png","2022-09-29",386,6520,1,"380-38665201","09/29/2022"
"7185","Ukraine","Soviet Union","3 9A310M1 TELAR (for Buk-M1)","destroyed","https://i.postimg.cc/R0zqrJKg/3d1.png","2022-09-29",386,6521,1,"380-38665211","09/29/2022"
"7186","Ukraine","Soviet Union","3 9A310M1 TELAR (for Buk-M1)","destroyed","https://twitter.com/UAWeapons/status/1554548223989219330","2022-09-29",386,6522,1,"380-38665221","09/29/2022"
"7187","Ukraine","Soviet Union","9A39M1 TEL (for Buk-M1)","destroyed","https://i.postimg.cc/X7cQ0YrW/5887.png","2022-09-29",387,6523,1,"380-38765231","09/29/2022"
"7188","Ukraine","Soviet Union","9A39M1 TEL (for Buk-M1)","destroyed","https://i.postimg.cc/rw35W1rk/dd5.png","2022-09-29",387,6524,1,"380-38765241","09/29/2022"
"7189","Ukraine","Soviet Union","9A39M1 TEL (for Buk-M1)","destroyed","https://i.postimg.cc/3x2Zkk5r/2001-buk.jpg","2022-09-29",387,6525,1,"380-38765251","09/29/2022"
"7190","Ukraine","Soviet Union","5P851A (launcher for S-300PT)","destroyed","https://i.postimg.cc/SxQDMrST/la1.jpg","2022-09-29",388,6526,1,"380-38865261","09/29/2022"
"7191","Ukraine","Soviet Union","5P851A (launcher for S-300PT)","destroyed","https://i.postimg.cc/5tT3DWwT/la2.jpg","2022-09-29",388,6527,1,"380-38865271","09/29/2022"
"7192","Ukraine","Soviet Union","5P851A (launcher for S-300PT)","destroyed","https://i.postimg.cc/BnhNcKtq/la3.jpg","2022-09-29",388,6528,1,"380-38865281","09/29/2022"
"7193","Ukraine","Soviet Union","5P851A (launcher for S-300PT)","destroyed","https://i.postimg.cc/bNpR7Tty/la4.jpg","2022-09-29",388,6529,1,"380-38865291","09/29/2022"
"7194","Ukraine","Soviet Union","5P851A (launcher for S-300PT)","destroyed","https://i.postimg.cc/Gt1jhPgj/la5.jpg","2022-09-29",388,6530,1,"380-38865301","09/29/2022"
"7195","Ukraine","Soviet Union","5P851A (launcher for S-300PT)","destroyed","https://i.postimg.cc/d1CBYN61/la6.jpg","2022-09-29",388,6531,1,"380-38865311","09/29/2022"
"7196","Ukraine","Soviet Union","5P851A (launcher for S-300PT)","destroyed","https://i.postimg.cc/QCkJBBRZ/la7.jpg","2022-09-29",388,6532,1,"380-38865321","09/29/2022"
"7197","Ukraine","Soviet Union","5P851A (launcher for S-300PT)","destroyed","https://i.postimg.cc/DfqgpDmp/la8.jpg","2022-09-29",388,6533,1,"380-38865331","09/29/2022"
"7198","Ukraine","Soviet Union","5P851A (launcher for S-300PT)","destroyed","https://i.postimg.cc/5NgmbCBw/la9.jpg","2022-09-29",388,6534,1,"380-38865341","09/29/2022"
"7199","Ukraine","Soviet Union","5P851A (launcher for S-300PT)","destroyed","https://i.postimg.cc/Z5qxR5HX/la10.jpg","2022-09-29",388,6535,1,"380-38865351","09/29/2022"
"7200","Ukraine","Soviet Union","5P851A (launcher for S-300PT)","destroyed","https://i.postimg.cc/qMs5nq8R/la11.jpg","2022-09-29",388,6536,1,"380-38865361","09/29/2022"
"7201","Ukraine","Soviet Union","5P851A (launcher for S-300PT)","destroyed","https://i.postimg.cc/RZvbTmRT/la12.jpg","2022-09-29",388,6537,1,"380-38865371","09/29/2022"
"7202","Ukraine","Soviet Union","5P85D (launcher for S-300PS)","destroyed","https://i.postimg.cc/HLc1zZDd/549.png","2022-09-29",389,6538,1,"380-38965381","09/29/2022"
"7203","Ukraine","Soviet Union","5P85D (launcher for S-300PS)","captured","https://i.postimg.cc/cJJR2T2B/58kj.png","2022-09-29",389,6539,3,"380-38965393","09/29/2022"
"7204","Ukraine","Soviet Union","5P85S (launcher for S-300PS)","destroyed","https://i.postimg.cc/5NDD40Fy/39.png","2022-09-29",390,6540,1,"380-39065401","09/29/2022"
"7205","Ukraine","Soviet Union","5P85S (launcher for S-300PS)","destroyed","https://i.postimg.cc/cLVfSxKP/Screenshot-9316.png","2022-09-29",390,6541,1,"380-39065411","09/29/2022"
"7206","Ukraine","Soviet Union","5P85S (launcher for S-300PS)","destroyed","https://i.postimg.cc/HnLc5z38/431.jpg","2022-09-29",390,6542,1,"380-39065421","09/29/2022"
"7207","Ukraine","Soviet Union","5P85S (launcher for S-300PS)","destroyed","https://i.postimg.cc/6qTqT35d/4321.jpg","2022-09-29",390,6543,1,"380-39065431","09/29/2022"
"7208","Ukraine","Soviet Union","5P85S (launcher for S-300PS)","captured","https://i.postimg.cc/1XTDTGhS/541.png","2022-09-29",390,6544,3,"380-39065443","09/29/2022"
"7209","Ukraine","Soviet Union","5P85D/S (launcher for S-300PS)","destroyed","https://twitter.com/UAWeapons/status/1509881676180172810","2022-09-29",391,6545,1,"380-39165451","09/29/2022"
"7210","Ukraine","Soviet Union","5P85D/S (launcher for S-300PS)","destroyed","https://i.postimg.cc/BQx2173B/689.png","2022-09-29",391,6546,1,"380-39165461","09/29/2022"
"7211","Ukraine","Soviet Union","5P85D/S (launcher for S-300PS)","destroyed","https://twitter.com/UAWeapons/status/1522555742938664960","2022-09-29",391,6547,1,"380-39165471","09/29/2022"
"7212","Ukraine","Soviet Union","P-14 'Tall King'","damaged","https://i.postimg.cc/rpWmrPLb/57.png","2022-09-29",392,6548,4,"380-39265484","09/29/2022"
"7213","Ukraine","Soviet Union","P-18 'Spoon Rest D'","captured","https://i.postimg.cc/05C9PWrs/3270.png","2022-09-29",393,6549,3,"380-39365493","09/29/2022"
"7214","Ukraine","Ukraine","P-18 'Malakhit'","captured","https://i.postimg.cc/0yLgprHM/470.png","2022-09-29",394,6550,3,"380-39465503","09/29/2022"
"7215","Ukraine","Soviet Union","P-19 'Flat Face B'","destroyed","https://i.postimg.cc/G2SG2d2W/578.png","2022-09-29",395,6551,1,"380-39565511","09/29/2022"
"7216","Ukraine","Soviet Union","P-35/37 'Bar Lock'","destroyed","https://i.postimg.cc/WpShQwBk/5547.png","2022-09-29",396,6552,1,"380-39665521","09/29/2022"
"7217","Ukraine","Soviet Union","PRV-11 'Side Net'","captured","https://i.postimg.cc/kG7k6sVR/47.png","2022-09-29",397,6553,3,"380-39765533","09/29/2022"
"7218","Ukraine","Soviet Union","PRV-13 'Odd Pair'","destroyed","https://i.postimg.cc/pXwx79Lj/557.png","2022-09-29",398,6554,1,"380-39865541","09/29/2022"
"7219","Ukraine","Soviet Union","1L22 'Parol'","destroyed","https://i.postimg.cc/SRjk0C96/6659.png","2022-09-29",399,6555,1,"380-39965551","09/29/2022"
"7220","Ukraine","Soviet Union","1L22 'Parol'","damaged","https://postimg.cc/9Dcvz02c","2022-09-29",399,6556,4,"380-39965564","09/29/2022"
"7221","Ukraine","Soviet Union","1L22 'Parol'","captured","https://i.postimg.cc/jqHGyDrQ/390.png","2022-09-29",399,6557,3,"380-39965573","09/29/2022"
"7222","Ukraine","Soviet Union","36D6 'Tin Shield'","destroyed","https://i.postimg.cc/m2kp8gCH/4fj.png","2022-09-29",400,6558,1,"380-40065581","09/29/2022"
"7223","Ukraine","Soviet Union","36D6 'Tin Shield'","destroyed","https://i.postimg.cc/QM6YtDQ5/57.png","2022-09-29",400,6559,1,"380-40065591","09/29/2022"
"7224","Ukraine","Soviet Union","36D6 'Tin Shield'","destroyed","https://i.postimg.cc/PJzGKLv0/2002.jpg","2022-09-29",400,6560,1,"380-40065601","09/29/2022"
"7225","Ukraine","Soviet Union","36D6 'Tin Shield'","abandoned","https://i.postimg.cc/Yqssmzzz/5549.png","2022-09-29",400,6561,2,"380-40065612","09/29/2022"
"7226","Ukraine","Soviet Union","5N63S 'Flap Lid B' (for S-300PS)","destroyed","https://i.postimg.cc/HL6xTdWb/776.jpg","2022-09-29",401,6562,1,"380-40165621","09/29/2022"
"7227","Ukraine","Soviet Union","5N63S 'Flap Lid B' (for S-300PS)","destroyed","https://i.postimg.cc/J4bbwxcQ/431.png","2022-09-29",401,6563,1,"380-40165631","09/29/2022"
"7228","Ukraine","Soviet Union","5N63S 'Flap Lid B' (for S-300PS)","destroyed","https://i.postimg.cc/vHQBPwXb/43g.png","2022-09-29",401,6564,1,"380-40165641","09/29/2022"
"7229","Ukraine","Soviet Union","5N63S 'Flap Lid B' (for S-300PS)","destroyed","https://twitter.com/UAWeapons/status/1522555742938664960","2022-09-29",401,6547,1,"380-40165471","09/29/2022"
"7230","Ukraine","Soviet Union","5N63S 'Flap Lid B' (for S-300PS)","destroyed","https://i.postimg.cc/1t8xmKF8/448.png","2022-09-29",401,6565,1,"380-40165651","09/29/2022"
"7231","Ukraine","Soviet Union","5N63-1 'Flap Lid A' on 40V6M mast (for S-300PT)","captured","https://i.postimg.cc/8kvsqvdC/d7.jpg","2022-09-29",402,6566,3,"380-40265663","09/29/2022"
"7232","Ukraine","Soviet Union","5N66M 'Clam Shell' on 40V6M mast (for S-300PT)","captured","https://i.postimg.cc/yd3VHh08/564.jpg","2022-09-29",403,6567,3,"380-40365673","09/29/2022"
"7233","Ukraine","Soviet Union","R-410-7,5 tropospheric radio relay communication station","destroyed","https://i.postimg.cc/G2RBm0Rp/ff3.jpg","2022-09-29",404,6568,1,"380-40465681","09/29/2022"
"7234","Ukraine","Soviet Union","1 SNAR-10 battlefield surveillance radar","captured","https://i.postimg.cc/c4DVgZbq/224.png","2022-09-29",405,6569,3,"380-40565693","09/29/2022"
"7235","Ukraine","Ukraine","NOTA","captured","https://i.postimg.cc/PxMv7FNc/4437.png","2022-09-29",406,6570,3,"380-40665703","09/29/2022"
"7236","Ukraine","Soviet Union","12 MiG-29 fighter aircraft","destroyed","https://i.postimg.cc/XYtgd1XH/g68.png","2022-09-29",407,6571,1,"380-40765711","09/29/2022"
"7237","Ukraine","Soviet Union","12 MiG-29 fighter aircraft","destroyed","https://i.postimg.cc/PJFMNfNM/p11.png","2022-09-29",407,6572,1,"380-40765721","09/29/2022"
"7238","Ukraine","Soviet Union","12 MiG-29 fighter aircraft","destroyed","https://i.postimg.cc/bYGXz89F/3f.png","2022-09-29",407,6573,1,"380-40765731","09/29/2022"
"7239","Ukraine","Soviet Union","12 MiG-29 fighter aircraft","destroyed","https://i.postimg.cc/tC7ZDK50/532.png","2022-09-29",407,6574,1,"380-40765741","09/29/2022"
"7240","Ukraine","Soviet Union","12 MiG-29 fighter aircraft","destroyed","https://i.postimg.cc/LsbV0JrJ/224.png","2022-09-29",407,6575,1,"380-40765751","09/29/2022"
"7241","Ukraine","Soviet Union","12 MiG-29 fighter aircraft","destroyed","https://i.postimg.cc/KcNhcMtc/3114.png","2022-09-29",407,6576,1,"380-40765761","09/29/2022"
"7242","Ukraine","Soviet Union","12 MiG-29 fighter aircraft","destroyed","https://i.postimg.cc/3JVBTws8/p12.png","2022-09-29",407,6577,1,"380-40765771","09/29/2022"
"7243","Ukraine","Soviet Union","12 MiG-29 fighter aircraft","destroyed","https://i.postimg.cc/TYpbCRPG/548.png","2022-09-29",407,6578,1,"380-40765781","09/29/2022"
"7244","Ukraine","Soviet Union","12 MiG-29 fighter aircraft","destroyed","https://i.postimg.cc/k5bY36V0/4f114.png","2022-09-29",407,6579,1,"380-40765791","09/29/2022"
"7245","Ukraine","Soviet Union","12 MiG-29 fighter aircraft","destroyed","https://i.postimg.cc/nLCsDSBB/542.png","2022-09-29",407,6580,1,"380-40765801","09/29/2022"
"7246","Ukraine","Soviet Union","12 MiG-29 fighter aircraft","destroyed","https://i.postimg.cc/nVsqVZzK/4388.png","2022-09-29",407,6581,1,"380-40765811","09/29/2022"
"7247","Ukraine","Soviet Union","12 MiG-29 fighter aircraft","destroyed","https://i.postimg.cc/bY9szz6f/6651.png","2022-09-29",407,6582,1,"380-40765821","09/29/2022"
"7248","Ukraine","Soviet Union","5 Su-27 fighter aircraft","destroyed","https://i.postimg.cc/XYtMphyC/5h.png","2022-09-29",408,6583,1,"380-40865831","09/29/2022"
"7249","Ukraine","Soviet Union","5 Su-27 fighter aircraft","destroyed","https://i.postimg.cc/bN1TbkjC/46.png","2022-09-29",408,6584,1,"380-40865841","09/29/2022"
"7250","Ukraine","Soviet Union","5 Su-27 fighter aircraft","destroyed","https://i.postimg.cc/dQWVLThg/326.png","2022-09-29",408,6585,1,"380-40865851","09/29/2022"
"7251","Ukraine","Soviet Union","5 Su-27 fighter aircraft","destroyed","https://i.postimg.cc/fR6S8HY7/4f.png","2022-09-29",408,6586,1,"380-40865861","09/29/2022"
"7252","Ukraine","Soviet Union","5 Su-27 fighter aircraft","destroyed","https://i.postimg.cc/g2crXNnW/662.png","2022-09-29",408,6587,1,"380-40865871","09/29/2022"
"7253","Ukraine","Soviet Union","13 Su-25 close air support aircraft","destroyed","https://i.postimg.cc/YC63jp5h/p1.png","2022-09-29",409,6588,1,"380-40965881","09/29/2022"
"7254","Ukraine","Soviet Union","13 Su-25 close air support aircraft","destroyed","https://i.postimg.cc/zfqkgsNp/p2.png","2022-09-29",409,6589,1,"380-40965891","09/29/2022"
"7255","Ukraine","Soviet Union","13 Su-25 close air support aircraft","destroyed","https://i.postimg.cc/rmZ7jy9j/3329.png","2022-09-29",409,6590,1,"380-40965901","09/29/2022"
"7256","Ukraine","Soviet Union","13 Su-25 close air support aircraft","destroyed","https://i.postimg.cc/C5fYn87Q/542f.png","2022-09-29",409,6591,1,"380-40965911","09/29/2022"
"7257","Ukraine","Soviet Union","13 Su-25 close air support aircraft","destroyed","https://i.postimg.cc/Hnv8NnNz/554.png","2022-09-29",409,6592,1,"380-40965921","09/29/2022"
"7258","Ukraine","Soviet Union","13 Su-25 close air support aircraft","destroyed","https://i.postimg.cc/N09Nt886/669.png","2022-09-29",409,6593,1,"380-40965931","09/29/2022"
"7259","Ukraine","Soviet Union","13 Su-25 close air support aircraft","destroyed","https://i.postimg.cc/mD8NFMTY/f5.png","2022-09-29",409,6594,1,"380-40965941","09/29/2022"
"7260","Ukraine","Soviet Union","13 Su-25 close air support aircraft","destroyed","https://twitter.com/UAWeapons/status/1530942829815529474","2022-09-29",409,6595,1,"380-40965951","09/29/2022"
"7261","Ukraine","Soviet Union","13 Su-25 close air support aircraft","destroyed","https://i.postimg.cc/sxysJGKk/58.png","2022-09-29",409,6596,1,"380-40965961","09/29/2022"
"7262","Ukraine","Soviet Union","13 Su-25 close air support aircraft","destroyed","https://i.postimg.cc/5tmrhZrn/2001.jpg","2022-09-29",409,6597,1,"380-40965971","09/29/2022"
"7263","Ukraine","Soviet Union","13 Su-25 close air support aircraft","destroyed","https://i.postimg.cc/BZhbRRp1/7762.png","2022-09-29",409,6598,1,"380-40965981","09/29/2022"
"7264","Ukraine","Soviet Union","13 Su-25 close air support aircraft","damaged","https://twitter.com/UAWeapons/status/1506317219000721412","2022-09-29",409,6599,4,"380-40965994","09/29/2022"
"7265","Ukraine","Soviet Union","13 Su-25 close air support aircraft","destroyed","https://twitter.com/UAWeapons/status/1571914761344012288","2022-09-29",409,6600,1,"380-40966001","09/29/2022"
"7266","Ukraine","Soviet Union","12 Su-24M strike aircraft","destroyed","https://i.postimg.cc/L85FXF1d/7999.png","2022-09-29",410,6601,1,"380-41066011","09/29/2022"
"7267","Ukraine","Soviet Union","12 Su-24M strike aircraft","destroyed","https://i.postimg.cc/wM3HJxdb/3260.png","2022-09-29",410,6602,1,"380-41066021","09/29/2022"
"7268","Ukraine","Soviet Union","12 Su-24M strike aircraft","destroyed","https://i.postimg.cc/RhpmNb6K/531.png","2022-09-29",410,6603,1,"380-41066031","09/29/2022"
"7269","Ukraine","Soviet Union","12 Su-24M strike aircraft","destroyed","https://i.postimg.cc/htJYmC3s/29.png","2022-09-29",410,6604,1,"380-41066041","09/29/2022"
"7270","Ukraine","Soviet Union","12 Su-24M strike aircraft","destroyed","https://i.postimg.cc/hGtH70n0/531.png","2022-09-29",410,6605,1,"380-41066051","09/29/2022"
"7271","Ukraine","Soviet Union","12 Su-24M strike aircraft","destroyed","https://i.postimg.cc/sx4cct9G/531.png","2022-09-29",410,6606,1,"380-41066061","09/29/2022"
"7272","Ukraine","Soviet Union","12 Su-24M strike aircraft","destroyed","https://i.postimg.cc/nVQQVmKN/398.png","2022-09-29",410,6607,1,"380-41066071","09/29/2022"
"7273","Ukraine","Soviet Union","12 Su-24M strike aircraft","destroyed","https://i.postimg.cc/0jF7pNht/27.png","2022-09-29",410,6608,1,"380-41066081","09/29/2022"
"7274","Ukraine","Soviet Union","12 Su-24M strike aircraft","destroyed","https://i.postimg.cc/8k69sX9b/6652.png","2022-09-29",410,6609,1,"380-41066091","09/29/2022"
"7275","Ukraine","Soviet Union","12 Su-24M strike aircraft","destroyed","https://twitter.com/UAWeapons/status/1539926975975985154","2022-09-29",410,6610,1,"380-41066101","09/29/2022"
"7276","Ukraine","Soviet Union","12 Su-24M strike aircraft","destroyed","https://i.postimg.cc/wv4ZVYw4/518.png","2022-09-29",410,6611,1,"380-41066111","09/29/2022"
"7277","Ukraine","Soviet Union","12 Su-24M strike aircraft","destroyed","https://twitter.com/UAWeapons/status/1575600234734161920","2022-09-29",410,6612,1,"380-41066121","09/29/2022"
"7278","Ukraine","Czech Republic","1 L-39 jet trainer/light attack aircraft","destroyed","https://i.postimg.cc/zf2nkrpX/3325.png","2022-09-29",411,6613,1,"380-41166131","09/29/2022"
"7279","Ukraine","Ukraine","1 Unknown fighter aircraft","destroyed","https://i.postimg.cc/zvCP7KWc/578.png","2022-09-29",412,6614,1,"380-41266141","09/29/2022"
"7280","Ukraine","Soviet Union","Il-76 transport aircraft","destroyed","https://twitter.com/Gerjon_/status/1511286171145494531","2022-09-29",413,6615,1,"380-41366151","09/29/2022"
"7281","Ukraine","Soviet Union","Il-76 transport aircraft","captured","https://postlmg.cc/ThyCtysH","2022-09-29",413,6616,3,"380-41366163","09/29/2022"
"7282","Ukraine","Soviet Union","An-26 transport aircraft","destroyed","https://i.postimg.cc/rmdB2PLQ/489.png","2022-09-29",414,6617,1,"380-41466171","09/29/2022"
"7283","Ukraine","Soviet Union","An-26 transport aircraft","destroyed","https://i.postimg.cc/qMX7RHPS/477.png","2022-09-29",414,6618,1,"380-41466181","09/29/2022"
"7284","Ukraine","Soviet Union","Mi-2 training helicopter","captured","https://i.postimg.cc/htNmVbzn/887.png","2022-09-29",415,6619,3,"380-41566193","09/29/2022"
"7285","Ukraine","Soviet Union","Mi-8 transport helicopter","destroyed","https://i.postimg.cc/yxM7bWpG/52.png","2022-09-29",215,6620,1,"380-21566201","09/29/2022"
"7286","Ukraine","Soviet Union","Mi-8 transport helicopter","destroyed","https://i.postimg.cc/J4BTqK7h/694.png","2022-09-29",215,6621,1,"380-21566211","09/29/2022"
"7287","Ukraine","Soviet Union","Mi-8 transport helicopter","destroyed","https://i.postimg.cc/FKpXBSV7/79.png","2022-09-29",215,6622,1,"380-21566221","09/29/2022"
"7288","Ukraine","Soviet Union","Mi-8 transport helicopter","destroyed","https://i.postimg.cc/wBW5vCQw/3d6.png","2022-09-29",215,6623,1,"380-21566231","09/29/2022"
"7289","Ukraine","Soviet Union","Mi-8 transport helicopter","destroyed","https://twitter.com/UAWeapons/status/1515301572137435140","2022-09-29",215,6624,1,"380-21566241","09/29/2022"
"7290","Ukraine","Soviet Union","Mi-8 transport helicopter","destroyed","https://twitter.com/UAWeapons/status/1561317728522276864","2022-09-29",215,6625,1,"380-21566251","09/29/2022"
"7291","Ukraine","Soviet Union","Mi-8 transport helicopter","destroyed","https://i.postimg.cc/136TTS48/1887.png","2022-09-29",215,6626,1,"380-21566261","09/29/2022"
"7292","Ukraine","Soviet Union","Mi-14 maritime helicopter","destroyed","https://i.postimg.cc/L8sSGDpF/26.png","2022-09-29",416,6627,1,"380-41666271","09/29/2022"
"7293","Ukraine","Soviet Union","Mi-24P attack helicopter","destroyed","https://i.postimg.cc/3xT0zpGZ/54.png","2022-09-29",216,6628,1,"380-21666281","09/29/2022"
"7294","Ukraine","Soviet Union","Mi-24 attack helicopter","destroyed","https://i.postimg.cc/N0fx6ym4/2s.png","2022-09-29",417,6629,1,"380-41766291","09/29/2022"
"7295","Ukraine","Ukraine","8 A1-SM Fury reconnaissance UAV","destroyed","https://i.postimg.cc/hGnpzJdF/4f0.png","2022-09-29",418,6630,1,"380-41866301","09/29/2022"
"7296","Ukraine","Ukraine","8 A1-SM Fury reconnaissance UAV","destroyed","https://i.postimg.cc/KvBkj4zY/554.png","2022-09-29",418,6631,1,"380-41866311","09/29/2022"
"7297","Ukraine","Ukraine","8 A1-SM Fury reconnaissance UAV","destroyed","https://i.postimg.cc/c4gpDpFx/488.png","2022-09-29",418,6632,1,"380-41866321","09/29/2022"
"7298","Ukraine","Ukraine","8 A1-SM Fury reconnaissance UAV","destroyed","https://twitter.com/UAWeapons/status/1535015023776522252","2022-09-29",418,6633,1,"380-41866331","09/29/2022"
"7299","Ukraine","Ukraine","8 A1-SM Fury reconnaissance UAV","destroyed","https://twitter.com/UAWeapons/status/1574027418280542208","2022-09-29",418,6634,1,"380-41866341","09/29/2022"
"7300","Ukraine","Ukraine","8 A1-SM Fury reconnaissance UAV","captured","https://i.postimg.cc/wj96QDhY/317.png","2022-09-29",418,6635,3,"380-41866353","09/29/2022"
"7301","Ukraine","Ukraine","8 A1-SM Fury reconnaissance UAV","captured","https://i.postimg.cc/NFtSQZQN/3d5.png","2022-09-29",418,6636,3,"380-41866363","09/29/2022"
"7302","Ukraine","Ukraine","8 A1-SM Fury reconnaissance UAV","captured","https://i.postimg.cc/zXLjKRdV/2001-A1-SM-Fury.jpg","2022-09-29",418,6637,3,"380-41866373","09/29/2022"
"7303","Ukraine","Ukraine","UJ-22 reconnaissance UAV","destroyed","https://i.postimg.cc/59D7MfKX/3351.png","2022-09-29",419,6638,1,"380-41966381","09/29/2022"
"7304","Ukraine","Ukraine","Leleka-100 reconnaissance UAV","destroyed","https://i.postimg.cc/4dbNf3bs/42.jpg","2022-09-29",420,6639,1,"380-42066391","09/29/2022"
"7305","Ukraine","Ukraine","Leleka-100 reconnaissance UAV","captured","https://i.postimg.cc/Nj2txW1y/d4.png","2022-09-29",420,6640,3,"380-42066403","09/29/2022"
"7306","Ukraine","Ukraine","Leleka-100 reconnaissance UAV","captured","https://i.postimg.cc/J7NmcVwY/6653.jpg","2022-09-29",420,6641,3,"380-42066413","09/29/2022"
"7307","Ukraine","Ukraine","Spaitech Sparrow reconnaissance UAV","captured","https://i.postimg.cc/D090Ds6d/d138.jpg","2022-09-29",421,6642,3,"380-42166423","09/29/2022"
"7308","Ukraine","Ukraine","2 Spectator-M1 reconnaissance UAV","destroyed","https://i.postimg.cc/dQG4GwTW/2001-Spectator-M1.jpg","2022-09-29",422,6643,1,"380-42266431","09/29/2022"
"7309","Ukraine","Ukraine","2 Spectator-M1 reconnaissance UAV","captured","https://i.postimg.cc/TwfHPPLT/55.png","2022-09-29",422,6644,3,"380-42266443","09/29/2022"
"7310","Ukraine","Ukraine","1 PD-1 multipurpose UAV","captured","https://twitter.com/UAWeapons/status/1572329524532072451","2022-09-29",423,6645,3,"380-42366453","09/29/2022"
"7311","Ukraine","Poland","FlyEye reconnaissance UAV","destroyed","https://i.postimg.cc/R008sKJv/6599.png","2022-09-29",424,6646,1,"380-42466461","09/29/2022"
"7312","Ukraine","Poland","FlyEye reconnaissance UAV","destroyed","https://i.postimg.cc/nrJ9rVL3/588.png","2022-09-29",424,6647,1,"380-42466471","09/29/2022"
"7313","Ukraine","Latvia","1 Penguin C reconnaissance UAV","captured","https://i.postimg.cc/ZKCQ6BwT/355.png","2022-09-29",425,6648,3,"380-42566483","09/29/2022"
"7314","Ukraine","Ukraine","Weaponised VTOL UAV","destroyed","https://i.postimg.cc/wj2q0xpq/987.png","2022-09-29",426,6649,1,"380-42666491","09/29/2022"
"7315","Ukraine","Ukraine","Weaponised VTOL UAV","captured","https://i.postimg.cc/XJjQbDmJ/488.png","2022-09-29",426,6650,3,"380-42666503","09/29/2022"
"7316","Ukraine","Turkey","Bayraktar TB2 UCAV","destroyed","https://i.postimg.cc/0yTqfP7n/314.png","2022-09-29",427,6651,1,"380-42766511","09/29/2022"
"7317","Ukraine","Turkey","Bayraktar TB2 UCAV","destroyed","https://i.postimg.cc/0rR38Jw1/241.png","2022-09-29",427,6652,1,"380-42766521","09/29/2022"
"7318","Ukraine","Turkey","Bayraktar TB2 UCAV","destroyed","https://twitter.com/UAWeapons/status/1519746926111080448","2022-09-29",427,6653,1,"380-42766531","09/29/2022"
"7319","Ukraine","Turkey","Bayraktar TB2 UCAV","destroyed","https://i.postimg.cc/PqzGsG3M/329.png","2022-09-29",427,6654,1,"380-42766541","09/29/2022"
"7320","Ukraine","Turkey","Bayraktar TB2 UCAV","destroyed","https://i.postimg.cc/kX0F9FCc/b1.png","2022-09-29",427,6655,1,"380-42766551","09/29/2022"
"7321","Ukraine","Turkey","Bayraktar TB2 UCAV","destroyed","https://i.postimg.cc/rFQWg4Vr/6522.png","2022-09-29",427,6656,1,"380-42766561","09/29/2022"
"7322","Ukraine","Turkey","Bayraktar TB2 UCAV","destroyed","https://i.postimg.cc/nh1W0Rc3/4.jpg","2022-09-29",427,6657,1,"380-42766571","09/29/2022"
"7323","Ukraine","Turkey","Bayraktar TB2 UCAV","destroyed","https://i.postimg.cc/nrWysFk5/43118.png","2022-09-29",427,6658,1,"380-42766581","09/29/2022"
"7324","Ukraine","Turkey","Bayraktar TB2 UCAV","destroyed","https://twitter.com/UAWeapons/status/1539693323010572288","2022-09-29",427,6659,1,"380-42766591","09/29/2022"
"7325","Ukraine","Turkey","Bayraktar TB2 UCAV","destroyed","https://i.postimg.cc/XNKtRCXz/2000.jpg","2022-09-29",427,6660,1,"380-42766601","09/29/2022"
"7326","Ukraine","Turkey","Bayraktar TB2 UCAV","destroyed","https://twitter.com/RALee85/status/1551346756201365506","2022-09-29",427,6661,1,"380-42766611","09/29/2022"
"7327","Ukraine","Turkey","Bayraktar TB2 UCAV","destroyed","https://i.postimg.cc/BnChYS2q/2003.jpg","2022-09-29",427,6662,1,"380-42766621","09/29/2022"
"7328","Ukraine","Turkey","Bayraktar TB2 UCAV","destroyed","https://twitter.com/UAWeapons/status/1557291571602669570","2022-09-29",427,6663,1,"380-42766631","09/29/2022"
"7329","Ukraine","Turkey","Bayraktar TB2 UCAV","destroyed","https://twitter.com/UAWeapons/status/1566399647505170432","2022-09-29",427,6664,1,"380-42766641","09/29/2022"
"7330","Ukraine","Turkey","1 Bayraktar Mini reconnaissance UAV","destroyed","https://twitter.com/UAWeapons/status/1561694761890758658","2022-09-29",428,6665,1,"380-42866651","09/29/2022"
"7331","Ukraine","Soviet Union","Krivak III class frigate 'Hetman Sahaydachniy'","destroyed","https://i.postimg.cc/yxy8CH6r/469.png","2022-09-29",429,6666,1,"380-42966661","09/29/2022"
"7332","Ukraine","Ukraine","Gyurza-M class gunboat","destroyed","https://i.postimg.cc/tCcm2Y7L/47.png","2022-09-29",430,6667,1,"380-43066671","09/29/2022"
"7333","Ukraine","Ukraine","Gyurza-M class gunboat","captured","https://i.postimg.cc/hjqgGwmt/f55.jpg","2022-09-29",430,6668,3,"380-43066683","09/29/2022"
"7334","Ukraine","Ukraine","Gyurza-M class gunboat","captured","https://i.postimg.cc/Xv5443pP/f6.jpg","2022-09-29",430,6669,3,"380-43066693","09/29/2022"
"7335","Ukraine","Ukraine","Gyurza-M class gunboat","captured","https://i.postimg.cc/wjr3y0Lx/28.png","2022-09-29",430,6670,3,"380-43066703","09/29/2022"
"7336","Ukraine","United States","Island class patrol boat P190 Slovyansk","destroyed","https://twitter.com/Militarylandnet/status/1500536901974986752","2022-09-29",431,6671,1,"380-43166711","09/29/2022"
"7337","Ukraine","Soviet Union","Stenka class patrol boat (Operated by the Sea Guard)","destroyed","https://i.postimg.cc/8zG990c2/36.png","2022-09-29",432,6672,1,"380-43266721","09/29/2022"
"7338","Ukraine","Soviet Union","3 Zhuk class patrol boat (Sea Guard)","destroyed","https://i.postimg.cc/q7JvJQmV/2001.jpg","2022-09-29",433,6673,1,"380-43366731","09/29/2022"
"7339","Ukraine","Soviet Union","3 Zhuk class patrol boat (Sea Guard)","captured","https://i.postimg.cc/L5nyF4sY/g77.jpg","2022-09-29",433,6674,3,"380-43366743","09/29/2022"
"7340","Ukraine","Soviet Union","3 Zhuk class patrol boat (Sea Guard)","captured","https://i.postimg.cc/654HHQSF/g78.jpg","2022-09-29",433,6675,3,"380-43366753","09/29/2022"
"7341","Ukraine","Soviet Union","Sorum class seagoing tugboat 'Korets' ''A830 or P186''","captured","https://i.postimg.cc/rw5PwbFs/64.jpg","2022-09-29",434,6676,3,"380-43466763","09/29/2022"
"7342","Ukraine","Soviet Union","1 Project 1258 Yevgenya Class minesweeper 'Henichesk'","destroyed","https://twitter.com/TarasChmut/status/1562888611707506688","2022-09-29",435,6677,1,"380-43566771","09/29/2022"
"7343","Ukraine","Ukraine","Small patrol boats (Sea Guard)","damaged","https://i.postimg.cc/R0pnx9T5/578.png","2022-09-29",436,6678,4,"380-43666784","09/29/2022"
"7344","Ukraine","Ukraine","Small patrol boats (Sea Guard)","captured","https://i.postimg.cc/R0pnx9T5/578.png","2022-09-29",436,6678,3,"380-43666783","09/29/2022"
"7345","Ukraine","Ukraine","Small patrol boats (Sea Guard)","captured","https://i.postimg.cc/15KK7NBC/v7.jpg","2022-09-29",436,6679,3,"380-43666793","09/29/2022"
"7346","Ukraine","Ukraine","Small patrol boats (Sea Guard)","captured","https://i.postimg.cc/J4hymDmd/c0.jpg","2022-09-29",436,6680,3,"380-43666803","09/29/2022"
"7347","Ukraine","Ukraine","Small patrol boats (Sea Guard)","captured","https://i.postimg.cc/kMQZ9Gw8/d9.jpg","2022-09-29",436,6681,3,"380-43666813","09/29/2022"
"7348","Ukraine","Ukraine","Small patrol boats (Sea Guard)","captured","https://i.postimg.cc/HxQSpv0H/d2.jpg","2022-09-29",436,6682,3,"380-43666823","09/29/2022"
"7349","Ukraine","Ukraine","Small patrol boats (Sea Guard)","captured","https://i.postimg.cc/9QK1yHJC/dg.jpg","2022-09-29",436,6683,3,"380-43666833","09/29/2022"
"7350","Ukraine","Ukraine","Small patrol boats (Sea Guard)","captured","https://i.postimg.cc/7LS17G5n/g9.jpg","2022-09-29",436,6684,3,"380-43666843","09/29/2022"
"7351","Ukraine","Poland","Pr.304 Amur Class command ship 'Donbas' ''U-500''","destroyed","https://i.postimg.cc/HxS8Hm41/28.png","2022-09-29",437,6685,1,"380-43766851","09/29/2022"
"7352","Ukraine","Soviet Union","3 KrAZ-255B","destroyed","https://i.postimg.cc/qqmmt6Nz/1002.jpg","2022-09-29",438,6686,1,"380-43866861","09/29/2022"
"7353","Ukraine","Soviet Union","3 KrAZ-255B","captured","https://i.postimg.cc/G2jDGvM1/Screenshot-9319.png","2022-09-29",438,6687,3,"380-43866873","09/29/2022"
"7354","Ukraine","Soviet Union","3 KrAZ-255B","captured","https://i.postimg.cc/g2gTpp0b/415.png","2022-09-29",438,6688,3,"380-43866883","09/29/2022"
"7355","Ukraine","Soviet Union","KrAZ-260","destroyed","https://i.postimg.cc/yNJmp5dK/truck2.jpg","2022-09-29",439,6689,1,"380-43966891","09/29/2022"
"7356","Ukraine","Soviet Union","KrAZ-260","captured","https://i.postimg.cc/C5r6DZvN/776.png","2022-09-29",439,6690,3,"380-43966903","09/29/2022"
"7357","Ukraine","Soviet Union","KrAZ-260","captured","https://i.postimg.cc/NjFSSs6g/43i.jpg","2022-09-29",439,6691,3,"380-43966913","09/29/2022"
"7358","Ukraine","Ukraine","21 KrAZ-6322","destroyed","https://i.postimg.cc/0QMkBhwk/Screenshot-8021.png","2022-09-29",440,6692,1,"380-44066921","09/29/2022"
"7359","Ukraine","Ukraine","21 KrAZ-6322","destroyed","https://i.postimg.cc/QtN9LzFN/5f.png","2022-09-29",440,6693,1,"380-44066931","09/29/2022"
"7360","Ukraine","Ukraine","21 KrAZ-6322","destroyed","https://i.postimg.cc/gcwyV5Jx/d3.png","2022-09-29",440,6694,1,"380-44066941","09/29/2022"
"7361","Ukraine","Ukraine","21 KrAZ-6322","destroyed","https://i.postimg.cc/vBdfY7td/Screenshot-8019.png","2022-09-29",440,6695,1,"380-44066951","09/29/2022"
"7362","Ukraine","Ukraine","21 KrAZ-6322","destroyed","https://i.postimg.cc/BZjGgMFV/1004-t72b3.jpg","2022-09-29",440,355,1,"380-4403551","09/29/2022"
"7363","Ukraine","Ukraine","21 KrAZ-6322","destroyed","https://i.postimg.cc/sfWCv4wL/s3.png","2022-09-29",440,6696,1,"380-44066961","09/29/2022"
"7364","Ukraine","Ukraine","21 KrAZ-6322","damaged","https://i.postimg.cc/MT0QM4sL/33311.png","2022-09-29",440,6697,4,"380-44066974","09/29/2022"
"7365","Ukraine","Ukraine","21 KrAZ-6322","captured","https://i.postimg.cc/MT0QM4sL/33311.png","2022-09-29",440,6697,3,"380-44066973","09/29/2022"
"7366","Ukraine","Ukraine","21 KrAZ-6322","captured","https://postimg.cc/v4CPT4hN","2022-09-29",440,6698,3,"380-44066983","09/29/2022"
"7367","Ukraine","Ukraine","21 KrAZ-6322","captured","https://i.postimg.cc/8c7GjB1r/31.png","2022-09-29",440,6699,3,"380-44066993","09/29/2022"
"7368","Ukraine","Ukraine","21 KrAZ-6322","captured","https://postimg.cc/jC9nGySm","2022-09-29",440,6700,3,"380-44067003","09/29/2022"
"7369","Ukraine","Ukraine","21 KrAZ-6322","captured","https://i.postimg.cc/m2sVjnKd/44311.png","2022-09-29",440,6701,3,"380-44067013","09/29/2022"
"7370","Ukraine","Ukraine","21 KrAZ-6322","captured","https://i.postimg.cc/QMb9yCQx/447.png","2022-09-29",440,6702,3,"380-44067023","09/29/2022"
"7371","Ukraine","Ukraine","21 KrAZ-6322","captured","https://i.postimg.cc/50CwqJ19/5444.png","2022-09-29",440,6703,3,"380-44067033","09/29/2022"
"7372","Ukraine","Ukraine","21 KrAZ-6322","captured","https://i.postimg.cc/hvdD2hLs/479.png","2022-09-29",440,6704,3,"380-44067043","09/29/2022"
"7373","Ukraine","Ukraine","21 KrAZ-6322","captured","https://i.postimg.cc/5NWBD7d7/1007.png","2022-09-29",440,6705,3,"380-44067053","09/29/2022"
"7374","Ukraine","Ukraine","21 KrAZ-6322","captured","https://i.postimg.cc/fTv9pMvy/1008.png","2022-09-29",440,6706,3,"380-44067063","09/29/2022"
"7375","Ukraine","Ukraine","21 KrAZ-6322","captured","https://postimg.cc/0zzW9YYS","2022-09-29",440,6707,3,"380-44067073","09/29/2022"
"7376","Ukraine","Ukraine","21 KrAZ-6322","captured","https://postimg.cc/G9jSKh34","2022-09-29",440,6708,3,"380-44067083","09/29/2022"
"7377","Ukraine","Ukraine","KrAZ-5233","destroyed","https://i.postimg.cc/jSJW85jm/64.jpg","2022-09-29",441,6709,1,"380-44167091","09/29/2022"
"7378","Ukraine","Ukraine","KrAZ-5233","destroyed","https://i.postimg.cc/3JQbBs2Q/287.png","2022-09-29",441,6710,1,"380-44167101","09/29/2022"
"7379","Ukraine","Ukraine","KrAZ-5233","destroyed","https://i.postimg.cc/Dz94dpc1/5g.png","2022-09-29",441,6711,1,"380-44167111","09/29/2022"
"7380","Ukraine","Ukraine","KrAZ-5233","captured","https://i.postimg.cc/fR5HJv28/dd11.png","2022-09-29",441,6712,3,"380-44167123","09/29/2022"
"7381","Ukraine","Ukraine","KrAZ-5233","captured","https://i.postimg.cc/sfJzxw3j/776.png","2022-09-29",441,6713,3,"380-44167133","09/29/2022"
"7382","Ukraine","Ukraine","KrAZ-5233","captured","https://i.postimg.cc/vmpRN9VB/480.png","2022-09-29",441,6714,3,"380-44167143","09/29/2022"
"7383","Ukraine","Ukraine","KrAZ-5233","captured","https://i.postimg.cc/jq49zBZC/480.png","2022-09-29",441,6715,3,"380-44167153","09/29/2022"
"7384","Ukraine","Ukraine","KrAZ-5233","captured","https://i.postimg.cc/265Nhxbz/393.png","2022-09-29",441,6716,3,"380-44167163","09/29/2022"
"7385","Ukraine","Ukraine","KrAZ-5233","captured","https://i.postimg.cc/kgbQvfh1/d16.png","2022-09-29",441,6717,3,"380-44167173","09/29/2022"
"7386","Ukraine","Ukraine","KrAZ-5233","captured","https://twitter.com/UAWeapons/status/1545021775846817792","2022-09-29",441,6359,3,"380-44163593","09/29/2022"
"7387","Ukraine","Ukraine","Bogdan-63172","destroyed","https://i.postimg.cc/nL8S357x/6h.png","2022-09-29",442,6718,1,"380-44267181","09/29/2022"
"7388","Ukraine","Ukraine","Bogdan-63172","destroyed","https://i.postimg.cc/26dvvmgq/t12.png","2022-09-29",442,6719,1,"380-44267191","09/29/2022"
"7389","Ukraine","Ukraine","Bogdan-63172","destroyed","https://i.postimg.cc/g25vbgv0/t11.png","2022-09-29",442,6720,1,"380-44267201","09/29/2022"
"7390","Ukraine","Ukraine","Bogdan-63172","destroyed","https://i.postimg.cc/5NBFhrqB/223.png","2022-09-29",442,6721,1,"380-44267211","09/29/2022"
"7391","Ukraine","Ukraine","Bogdan-63172","destroyed","https://i.postimg.cc/DfttyLxg/4r.png","2022-09-29",442,6722,1,"380-44267221","09/29/2022"
"7392","Ukraine","Ukraine","Bogdan-63172","destroyed","https://i.postimg.cc/Y0cPV5Ly/ku2.png","2022-09-29",442,6723,1,"380-44267231","09/29/2022"
"7393","Ukraine","Ukraine","Bogdan-63172","destroyed","https://i.postimg.cc/TPmQqZVc/d2.png","2022-09-29",442,6215,1,"380-44262151","09/29/2022"
"7394","Ukraine","Ukraine","Bogdan-63172","destroyed","https://i.postimg.cc/CM77xFvk/5542.png","2022-09-29",442,6724,1,"380-44267241","09/29/2022"
"7395","Ukraine","Ukraine","Bogdan-63172","destroyed","https://i.postimg.cc/qqmmt6Nz/1002.jpg","2022-09-29",442,6686,1,"380-44266861","09/29/2022"
"7396","Ukraine","Ukraine","Bogdan-63172","destroyed","https://i.postimg.cc/sDfHVsCc/3.png","2022-09-29",442,6725,1,"380-44267251","09/29/2022"
"7397","Ukraine","Ukraine","Bogdan-63172","damaged","https://i.postimg.cc/9fRbHBdp/f3.png","2022-09-29",442,6726,4,"380-44267264","09/29/2022"
"7398","Ukraine","Ukraine","Bogdan-63172","abandoned","https://i.postimg.cc/ZRVpWfKB/Screenshot-8260.png","2022-09-29",442,6727,2,"380-44267272","09/29/2022"
"7399","Ukraine","Ukraine","Bogdan-63172","abandoned","https://i.postimg.cc/hP4hp8v6/d46.png","2022-09-29",442,6728,2,"380-44267282","09/29/2022"
"7400","Ukraine","Ukraine","Bogdan-63172","captured","https://i.postimg.cc/7LSW8dKp/35.png","2022-09-29",442,6729,3,"380-44267293","09/29/2022"
"7401","Ukraine","Ukraine","2 Bogdan-63172 'Kozak'","destroyed","https://i.postimg.cc/g20xqXnG/1003.png","2022-09-29",443,6730,1,"380-44367301","09/29/2022"
"7402","Ukraine","Ukraine","2 Bogdan-63172 'Kozak'","captured","https://i.postimg.cc/x8sypSG9/5g2.png","2022-09-29",443,6731,3,"380-44367313","09/29/2022"
"7403","Ukraine","Soviet Union","9T217 transloader (for 9K33 Osa)","destroyed","https://i.postimg.cc/3JNY4mLP/Screenshot-8124.png","2022-09-29",251,6732,1,"380-25167321","09/29/2022"
"7404","Ukraine","Soviet Union","9T217 transloader (for 9K33 Osa)","destroyed","https://i.postimg.cc/Fsftzq6V/3116.png","2022-09-29",251,6733,1,"380-25167331","09/29/2022"
"7405","Ukraine","Soviet Union","1 GAZ-63","destroyed","https://i.postimg.cc/vZ7sdvHn/f4.png","2022-09-29",444,6734,1,"380-44467341","09/29/2022"
"7406","Ukraine","Soviet Union","GAZ-66","destroyed","https://postimg.cc/PP20VdH5","2022-09-29",245,6735,1,"380-24567351","09/29/2022"
"7407","Ukraine","Soviet Union","GAZ-66","destroyed","https://i.postimg.cc/hjdXLc6L/4f.png","2022-09-29",245,6736,1,"380-24567361","09/29/2022"
"7408","Ukraine","Soviet Union","GAZ-66","destroyed","https://i.postimg.cc/8PzD9FYh/f23.png","2022-09-29",245,6737,1,"380-24567371","09/29/2022"
"7409","Ukraine","Soviet Union","GAZ-66","destroyed","https://i.postimg.cc/4xrgYWx5/f235.png","2022-09-29",245,6738,1,"380-24567381","09/29/2022"
"7410","Ukraine","Soviet Union","GAZ-66","destroyed","https://i.postimg.cc/SQ1Xb993/r3.png","2022-09-29",245,6739,1,"380-24567391","09/29/2022"
"7411","Ukraine","Soviet Union","GAZ-66","destroyed","https://i.postimg.cc/PqdfwfZ1/r3.png","2022-09-29",245,6740,1,"380-24567401","09/29/2022"
"7412","Ukraine","Soviet Union","GAZ-66","destroyed","https://i.postimg.cc/43VV4DVy/Screenshot-9318.png","2022-09-29",245,6741,1,"380-24567411","09/29/2022"
"7413","Ukraine","Soviet Union","GAZ-66","destroyed","https://i.postimg.cc/0QHyTC2v/sa.png","2022-09-29",245,6742,1,"380-24567421","09/29/2022"
"7414","Ukraine","Soviet Union","GAZ-66","destroyed","https://i.postimg.cc/Lsnxj6d4/g8.png","2022-09-29",245,6743,1,"380-24567431","09/29/2022"
"7415","Ukraine","Soviet Union","GAZ-66","destroyed","https://i.postimg.cc/0QFPwLNj/33180.png","2022-09-29",245,6744,1,"380-24567441","09/29/2022"
"7416","Ukraine","Soviet Union","GAZ-66","destroyed","https://i.postimg.cc/qqgqjtjy/16.png","2022-09-29",245,6745,1,"380-24567451","09/29/2022"
"7417","Ukraine","Soviet Union","GAZ-66","destroyed","https://i.postimg.cc/s20y2R1W/542.png","2022-09-29",245,6746,1,"380-24567461","09/29/2022"
"7418","Ukraine","Soviet Union","GAZ-66","destroyed","https://i.postimg.cc/28rLyFdN/798.jpg","2022-09-29",245,6747,1,"380-24567471","09/29/2022"
"7419","Ukraine","Soviet Union","GAZ-66","destroyed","https://i.postimg.cc/MHYc7Wm7/588.png","2022-09-29",245,6748,1,"380-24567481","09/29/2022"
"7420","Ukraine","Soviet Union","GAZ-66","destroyed","https://postimg.cc/zbPPNnZC","2022-09-29",245,6749,1,"380-24567491","09/29/2022"
"7421","Ukraine","Soviet Union","GAZ-66","destroyed","https://i.postimg.cc/SN5W7BYL/d46.png","2022-09-29",245,6750,1,"380-24567501","09/29/2022"
"7422","Ukraine","Soviet Union","GAZ-66","destroyed","https://i.postimg.cc/tTFdQZ3L/1004.png","2022-09-29",245,6751,1,"380-24567511","09/29/2022"
"7423","Ukraine","Soviet Union","GAZ-66","destroyed","https://i.postimg.cc/tTFdQZ3L/1004.png","2022-09-29",245,6751,1,"380-24567511","09/29/2022"
"7424","Ukraine","Soviet Union","GAZ-66","destroyed","https://i.postimg.cc/gj9TG17c/Screenshot-8228.png","2022-09-29",245,6408,1,"380-24564081","09/29/2022"
"7425","Ukraine","Soviet Union","GAZ-66","destroyed","https://i.postimg.cc/jScSwHTb/Screenshot-8020.png","2022-09-29",245,6752,1,"380-24567521","09/29/2022"
"7426","Ukraine","Soviet Union","GAZ-66","destroyed","https://postlmg.cc/NykN8HC4","2022-09-29",245,6753,1,"380-24567531","09/29/2022"
"7427","Ukraine","Soviet Union","GAZ-66","damaged","https://i.postimg.cc/gjhmvGsF/g3.png","2022-09-29",245,6754,4,"380-24567544","09/29/2022"
"7428","Ukraine","Soviet Union","GAZ-66","damaged","https://i.postimg.cc/YC0mqTkH/58.png","2022-09-29",245,6755,4,"380-24567554","09/29/2022"
"7429","Ukraine","Soviet Union","GAZ-66","abandoned","https://i.postimg.cc/YC0mqTkH/58.png","2022-09-29",245,6755,2,"380-24567552","09/29/2022"
"7430","Ukraine","Soviet Union","GAZ-66","damaged","https://i.postimg.cc/gj9TG17c/Screenshot-8228.png","2022-09-29",245,6408,4,"380-24564084","09/29/2022"
"7431","Ukraine","Soviet Union","GAZ-66","abandoned","https://i.postimg.cc/gj9TG17c/Screenshot-8228.png","2022-09-29",245,6408,2,"380-24564082","09/29/2022"
"7432","Ukraine","Soviet Union","GAZ-66","abandoned","https://i.postimg.cc/qvyKsBvd/Screenshot-8260.png","2022-09-29",245,6756,2,"380-24567562","09/29/2022"
"7433","Ukraine","Soviet Union","GAZ-66","damaged","https://i.postimg.cc/prPjVJt8/688.jpg","2022-09-29",245,6757,4,"380-24567574","09/29/2022"
"7434","Ukraine","Soviet Union","GAZ-66","captured","https://i.postimg.cc/prPjVJt8/688.jpg","2022-09-29",245,6757,3,"380-24567573","09/29/2022"
"7435","Ukraine","Soviet Union","GAZ-66","damaged","https://i.postimg.cc/65xFtXnZ/2004.jpg","2022-09-29",245,6758,4,"380-24567584","09/29/2022"
"7436","Ukraine","Soviet Union","GAZ-66","captured","https://i.postimg.cc/65xFtXnZ/2004.jpg","2022-09-29",245,6758,3,"380-24567583","09/29/2022"
"7437","Ukraine","Soviet Union","GAZ-66","captured","https://i.postimg.cc/VLr5Xr51/542f.png","2022-09-29",245,6759,3,"380-24567593","09/29/2022"
"7438","Ukraine","Soviet Union","GAZ-66","captured","https://i.postimg.cc/Z507F6Jx/659.png","2022-09-29",245,6760,3,"380-24567603","09/29/2022"
"7439","Ukraine","Soviet Union","GAZ-66","captured","https://i.postimg.cc/gkG63gXS/g2.png","2022-09-29",245,6761,3,"380-24567613","09/29/2022"
"7440","Ukraine","Soviet Union","GAZ-66","captured","https://i.postimg.cc/Y0MjfS9G/43.png","2022-09-29",245,6762,3,"380-24567623","09/29/2022"
"7441","Ukraine","Soviet Union","GAZ-66","captured","https://i.postimg.cc/h40ThkyZ/4370.png","2022-09-29",245,6763,3,"380-24567633","09/29/2022"
"7442","Ukraine","Soviet Union","GAZ-66","captured","https://i.postimg.cc/xdmGTg40/386.png","2022-09-29",245,6764,3,"380-24567643","09/29/2022"
"7443","Ukraine","Soviet Union","GAZ-66","captured","https://i.postimg.cc/jSPZqkrv/776.png","2022-09-29",245,6765,3,"380-24567653","09/29/2022"
"7444","Ukraine","Soviet Union","GAZ-66","captured","https://i.postimg.cc/9MGPZgQM/Screenshot-8017.png","2022-09-29",245,6766,3,"380-24567663","09/29/2022"
"7445","Ukraine","Soviet Union","GAZ-66","captured","https://i.postimg.cc/pddP8SJY/Screenshot-8138.png","2022-09-29",245,6767,3,"380-24567673","09/29/2022"
"7446","Ukraine","Soviet Union","GAZ-66","captured","https://i.postimg.cc/Ls7FP8X2/Screenshot-8161.png","2022-09-29",245,6768,3,"380-24567683","09/29/2022"
"7447","Ukraine","Soviet Union","GAZ-66","captured","https://i.postimg.cc/s21R1h3T/Screenshot-8160.png","2022-09-29",245,6769,3,"380-24567693","09/29/2022"
"7448","Ukraine","Soviet Union","GAZ-66","captured","https://i.postimg.cc/6QKvXBw6/Screenshot-8148.png","2022-09-29",245,6770,3,"380-24567703","09/29/2022"
"7449","Ukraine","Soviet Union","GAZ-66","captured","https://i.postimg.cc/6QCMtvY4/3d.jpg","2022-09-29",245,6771,3,"380-24567713","09/29/2022"
"7450","Ukraine","Soviet Union","GAZ-66","captured","https://i.postimg.cc/tJz8byHq/46.png","2022-09-29",245,6772,3,"380-24567723","09/29/2022"
"7451","Ukraine","Soviet Union","GAZ-66","captured","https://i.postimg.cc/Cxj4pQ45/87.png","2022-09-29",245,6773,3,"380-24567733","09/29/2022"
"7452","Ukraine","Soviet Union","GAZ-66","captured","https://i.postimg.cc/rFZ5bm4k/588.png","2022-09-29",245,6133,3,"380-24561333","09/29/2022"
"7453","Ukraine","Soviet Union","GAZ-66","captured","https://i.postimg.cc/NGCNSPrF/4433.png","2022-09-29",245,6774,3,"380-24567743","09/29/2022"
"7454","Ukraine","Soviet Union","GAZ-66","captured","https://i.postimg.cc/ZKrb3H8r/14.png","2022-09-29",245,6775,3,"380-24567753","09/29/2022"
"7455","Ukraine","Soviet Union","GAZ-66","captured","https://i.postimg.cc/R0vMzqRd/g544.png","2022-09-29",245,6776,3,"380-24567763","09/29/2022"
"7456","Ukraine","Soviet Union","GAZ-66","captured","https://postimg.cc/JsnnQ5TW","2022-09-29",245,6777,3,"380-24567773","09/29/2022"
"7457","Ukraine","Soviet Union","GAZ-66","captured","https://i.postimg.cc/yNymWq1g/2114.jpg","2022-09-29",245,6778,3,"380-24567783","09/29/2022"
"7458","Ukraine","Soviet Union","GAZ-66","captured","https://i.postimg.cc/qR4Nyztq/113.png","2022-09-29",245,6779,3,"380-24567793","09/29/2022"
"7459","Ukraine","Soviet Union","GAZ-66","captured","https://i.postimg.cc/JnVmfxgG/bl.png","2022-09-29",245,6780,3,"380-24567803","09/29/2022"
"7460","Ukraine","Russia","GAZ-3308","captured","https://i.postimg.cc/ZKFx1vPD/776.png","2022-09-29",253,6781,3,"380-25367813","09/29/2022"
"7461","Ukraine","Soviet Union","ZiL-130","destroyed","https://i.postimg.cc/SxLW3hgy/59.png","2022-09-29",445,6782,1,"380-44567821","09/29/2022"
"7462","Ukraine","Soviet Union","74 ZiL-131","destroyed","https://i.postimg.cc/t4mkVgHr/36.png","2022-09-29",446,6783,1,"380-44667831","09/29/2022"
"7463","Ukraine","Soviet Union","74 ZiL-131","destroyed","https://i.postimg.cc/kgPHnGM8/j8.png","2022-09-29",446,6784,1,"380-44667841","09/29/2022"
"7464","Ukraine","Soviet Union","74 ZiL-131","destroyed","https://i.postimg.cc/yxvN7tc3/69.png","2022-09-29",446,6785,1,"380-44667851","09/29/2022"
"7465","Ukraine","Soviet Union","74 ZiL-131","destroyed","https://i.postimg.cc/TPjprZk7/g7889.png","2022-09-29",446,6786,1,"380-44667861","09/29/2022"
"7466","Ukraine","Soviet Union","74 ZiL-131","destroyed","https://i.postimg.cc/3wXqjPj0/Screenshot-8077.png","2022-09-29",446,6787,1,"380-44667871","09/29/2022"
"7467","Ukraine","Soviet Union","74 ZiL-131","destroyed","https://i.postimg.cc/K8Zh5MxD/ty.png","2022-09-29",446,6788,1,"380-44667881","09/29/2022"
"7468","Ukraine","Soviet Union","74 ZiL-131","destroyed","https://i.postimg.cc/qqgqjtjy/16.png","2022-09-29",446,6745,1,"380-44667451","09/29/2022"
"7469","Ukraine","Soviet Union","74 ZiL-131","destroyed","https://i.postimg.cc/zfNvWFGV/1010.png","2022-09-29",446,6789,1,"380-44667891","09/29/2022"
"7470","Ukraine","Soviet Union","74 ZiL-131","destroyed","https://i.postimg.cc/W4yTJ718/n89.jpg","2022-09-29",446,6790,1,"380-44667901","09/29/2022"
"7471","Ukraine","Soviet Union","74 ZiL-131","destroyed","https://i.postimg.cc/kMyYwYw2/f25.png","2022-09-29",446,6791,1,"380-44667911","09/29/2022"
"7472","Ukraine","Soviet Union","74 ZiL-131","destroyed","https://i.postimg.cc/W46c2YkQ/41.jpg","2022-09-29",446,6792,1,"380-44667921","09/29/2022"
"7473","Ukraine","Soviet Union","74 ZiL-131","destroyed","https://i.postimg.cc/vmzFrynH/688.png","2022-09-29",446,6793,1,"380-44667931","09/29/2022"
"7474","Ukraine","Soviet Union","74 ZiL-131","destroyed","https://i.postimg.cc/g0hRyMFD/4378.png","2022-09-29",446,6794,1,"380-44667941","09/29/2022"
"7475","Ukraine","Soviet Union","74 ZiL-131","destroyed","https://i.postimg.cc/YC4h80sW/699.png","2022-09-29",446,6795,1,"380-44667951","09/29/2022"
"7476","Ukraine","Soviet Union","74 ZiL-131","destroyed","https://i.postimg.cc/YC4h80sW/699.png","2022-09-29",446,6795,1,"380-44667951","09/29/2022"
"7477","Ukraine","Soviet Union","74 ZiL-131","destroyed","https://i.postimg.cc/Sxs8sWC3/39.png","2022-09-29",446,6796,1,"380-44667961","09/29/2022"
"7478","Ukraine","Soviet Union","74 ZiL-131","destroyed","https://i.postimg.cc/fRjwqY7k/438.png","2022-09-29",446,6797,1,"380-44667971","09/29/2022"
"7479","Ukraine","Soviet Union","74 ZiL-131","destroyed","https://i.postimg.cc/8PbzrMFn/6588.jpg","2022-09-29",446,6798,1,"380-44667981","09/29/2022"
"7480","Ukraine","Soviet Union","74 ZiL-131","destroyed","https://i.postimg.cc/L8LbrN1L/584.png","2022-09-29",446,6799,1,"380-44667991","09/29/2022"
"7481","Ukraine","Soviet Union","74 ZiL-131","destroyed","https://i.postimg.cc/TY8njjkJ/2116.jpg","2022-09-29",446,6800,1,"380-44668001","09/29/2022"
"7482","Ukraine","Soviet Union","74 ZiL-131","destroyed","https://i.postimg.cc/4ygjV7j4/2115.jpg","2022-09-29",446,6801,1,"380-44668011","09/29/2022"
"7483","Ukraine","Soviet Union","74 ZiL-131","destroyed","https://postimg.cc/njV33h6t","2022-09-29",446,6802,1,"380-44668021","09/29/2022"
"7484","Ukraine","Soviet Union","74 ZiL-131","destroyed","https://i.postimg.cc/CKNMhdv2/f4.png","2022-09-29",446,6803,1,"380-44668031","09/29/2022"
"7485","Ukraine","Soviet Union","74 ZiL-131","destroyed","https://i.postimg.cc/0NBngdSQ/2022-09-27-UA-Zi-L-131-with-ZU-23.jpg","2022-09-29",446,6804,1,"380-44668041","09/29/2022"
"7486","Ukraine","Soviet Union","74 ZiL-131","destroyed","https://i.postimg.cc/G2CKKhn3/2022-09-27-UA-Zi-L-131.jpg","2022-09-29",446,6805,1,"380-44668051","09/29/2022"
"7487","Ukraine","Soviet Union","74 ZiL-131","abandoned","https://i.postimg.cc/bvh79gN2/d240.png","2022-09-29",446,6806,2,"380-44668062","09/29/2022"
"7488","Ukraine","Soviet Union","74 ZiL-131","abandoned","https://i.postimg.cc/0j3LGCqH/Screenshot-8103.png","2022-09-29",446,6807,2,"380-44668072","09/29/2022"
"7489","Ukraine","Soviet Union","74 ZiL-131","captured","https://i.postimg.cc/P5Y9S2VJ/d23.png","2022-09-29",446,6808,3,"380-44668083","09/29/2022"
"7490","Ukraine","Soviet Union","74 ZiL-131","captured","https://i.postimg.cc/FsT4y5HJ/287.png","2022-09-29",446,6809,3,"380-44668093","09/29/2022"
"7491","Ukraine","Soviet Union","74 ZiL-131","captured","https://i.postimg.cc/YSjX5Wrj/dd11.png","2022-09-29",446,6810,3,"380-44668103","09/29/2022"
"7492","Ukraine","Soviet Union","74 ZiL-131","captured","https://i.postimg.cc/Znf3n1fc/542f.png","2022-09-29",446,6811,3,"380-44668113","09/29/2022"
"7493","Ukraine","Soviet Union","74 ZiL-131","captured","https://i.postimg.cc/0jN22LVY/d1h.png","2022-09-29",446,6812,3,"380-44668123","09/29/2022"
"7494","Ukraine","Soviet Union","74 ZiL-131","captured","https://i.postimg.cc/kXMB2DzL/43.png","2022-09-29",446,6813,3,"380-44668133","09/29/2022"
"7495","Ukraine","Soviet Union","74 ZiL-131","captured","https://i.postimg.cc/5tCYqTxz/5gh.png","2022-09-29",446,6814,3,"380-44668143","09/29/2022"
"7496","Ukraine","Soviet Union","74 ZiL-131","captured","https://i.postimg.cc/gJR5my9Q/769.png","2022-09-29",446,6815,3,"380-44668153","09/29/2022"
"7497","Ukraine","Soviet Union","74 ZiL-131","captured","https://i.postimg.cc/MpBn265v/Screenshot-8120.png","2022-09-29",446,6816,3,"380-44668163","09/29/2022"
"7498","Ukraine","Soviet Union","74 ZiL-131","captured","https://i.postimg.cc/52B628K8/776.png","2022-09-29",446,6817,3,"380-44668173","09/29/2022"
"7499","Ukraine","Soviet Union","74 ZiL-131","captured","https://i.postimg.cc/gjZJhhsy/14.png","2022-09-29",446,6818,3,"380-44668183","09/29/2022"
"7500","Ukraine","Soviet Union","74 ZiL-131","captured","https://i.postimg.cc/Fsxkm2Wh/71.png","2022-09-29",446,6819,3,"380-44668193","09/29/2022"
"7501","Ukraine","Soviet Union","74 ZiL-131","captured","https://i.postimg.cc/W3WjXwXL/Screenshot-8114.png","2022-09-29",446,6820,3,"380-44668203","09/29/2022"
"7502","Ukraine","Soviet Union","74 ZiL-131","captured","https://i.postimg.cc/WpqbXQL5/Screenshot-8113.png","2022-09-29",446,6821,3,"380-44668213","09/29/2022"
"7503","Ukraine","Soviet Union","74 ZiL-131","captured","https://i.postimg.cc/YCr7KPZK/Screenshot-8156.png","2022-09-29",446,6822,3,"380-44668223","09/29/2022"
"7504","Ukraine","Soviet Union","74 ZiL-131","captured","https://i.postimg.cc/SxghyrbX/Screenshot-8159.png","2022-09-29",446,6823,3,"380-44668233","09/29/2022"
"7505","Ukraine","Soviet Union","74 ZiL-131","captured","https://i.postimg.cc/jdK0P9sw/Screenshot-8123.png","2022-09-29",446,6824,3,"380-44668243","09/29/2022"
"7506","Ukraine","Soviet Union","74 ZiL-131","captured","https://i.postimg.cc/Dwx8tLC6/Screenshot-8135.png","2022-09-29",446,6825,3,"380-44668253","09/29/2022"
"7507","Ukraine","Soviet Union","74 ZiL-131","captured","https://i.postimg.cc/tTXvY0dp/Screenshot-8143.png","2022-09-29",446,6826,3,"380-44668263","09/29/2022"
"7508","Ukraine","Soviet Union","74 ZiL-131","captured","https://i.postimg.cc/HLj4KptJ/Screenshot-8116.png","2022-09-29",446,6827,3,"380-44668273","09/29/2022"
"7509","Ukraine","Soviet Union","74 ZiL-131","captured","https://i.postimg.cc/65Rmyxxy/5548.png","2022-09-29",446,6828,3,"380-44668283","09/29/2022"
"7510","Ukraine","Soviet Union","74 ZiL-131","captured","https://i.postimg.cc/CMqVxGPy/tt3.png","2022-09-29",446,6829,3,"380-44668293","09/29/2022"
"7511","Ukraine","Soviet Union","74 ZiL-131","captured","https://i.postimg.cc/66Rmy0HF/37.png","2022-09-29",446,6830,3,"380-44668303","09/29/2022"
"7512","Ukraine","Soviet Union","74 ZiL-131","captured","https://i.postimg.cc/BbS3BJ4w/668.jpg","2022-09-29",446,6831,3,"380-44668313","09/29/2022"
"7513","Ukraine","Soviet Union","74 ZiL-131","captured","https://i.postimg.cc/KzPKpVCk/Screenshot-8115.png","2022-09-29",446,6832,3,"380-44668323","09/29/2022"
"7514","Ukraine","Soviet Union","74 ZiL-131","captured","https://i.postimg.cc/vBpfYjxd/g8.png","2022-09-29",446,6833,3,"380-44668333","09/29/2022"
"7515","Ukraine","Soviet Union","74 ZiL-131","captured","https://i.postimg.cc/7LSW8dKp/35.png","2022-09-29",446,6729,3,"380-44667293","09/29/2022"
"7516","Ukraine","Soviet Union","74 ZiL-131","captured","https://i.postimg.cc/fL9yXJ40/bf.png","2022-09-29",446,6834,3,"380-44668343","09/29/2022"
"7517","Ukraine","Soviet Union","74 ZiL-131","captured","https://i.postimg.cc/Bb3Fnx8v/bl.png","2022-09-29",446,6835,3,"380-44668353","09/29/2022"
"7518","Ukraine","Soviet Union","74 ZiL-131","captured","https://postimg.cc/87Yh4HSS","2022-09-29",446,6836,3,"380-44668363","09/29/2022"
"7519","Ukraine","Soviet Union","74 ZiL-131","captured","https://i.postimg.cc/fLFKfwz9/s4.png","2022-09-29",446,6837,3,"380-44668373","09/29/2022"
"7520","Ukraine","Soviet Union","74 ZiL-131","captured","https://i.postimg.cc/c1tQ8kcJ/2117.jpg","2022-09-29",446,6838,3,"380-44668383","09/29/2022"
"7521","Ukraine","Soviet Union","74 ZiL-131","captured","https://i.postimg.cc/cChFLXF9/4333.png","2022-09-29",446,6839,3,"380-44668393","09/29/2022"
"7522","Ukraine","Soviet Union","1 ZiL-4331","captured","https://i.postimg.cc/jdwPsc1f/1012.jpg","2022-09-29",447,6840,3,"380-44768403","09/29/2022"
"7523","Ukraine","Soviet Union","ZiL-157","captured","https://i.postimg.cc/05h304Pd/Screenshot-8143.png","2022-09-29",448,6841,3,"380-44868413","09/29/2022"
"7524","Ukraine","Soviet Union","ZiL-181","destroyed","https://i.postimg.cc/4dh6yP2f/d1.png","2022-09-29",449,6842,1,"380-44968421","09/29/2022"
"7525","Ukraine","Soviet Union","17 Ural-375D","destroyed","https://i.postimg.cc/wMdN04Dt/3378.png","2022-09-29",450,6843,1,"380-45068431","09/29/2022"
"7526","Ukraine","Soviet Union","17 Ural-375D","destroyed","https://i.postimg.cc/tJCFTn3L/truck1.jpg","2022-09-29",450,6844,1,"380-45068441","09/29/2022"
"7527","Ukraine","Soviet Union","17 Ural-375D","destroyed","https://i.postimg.cc/Cxn2nXFK/311.png","2022-09-29",450,6845,1,"380-45068451","09/29/2022"
"7528","Ukraine","Soviet Union","17 Ural-375D","destroyed","https://postimg.cc/zLGjfVk0","2022-09-29",450,6846,1,"380-45068461","09/29/2022"
"7529","Ukraine","Soviet Union","17 Ural-375D","captured","https://i.postimg.cc/jdRM3Vky/f30.png","2022-09-29",450,6847,3,"380-45068473","09/29/2022"
"7530","Ukraine","Soviet Union","17 Ural-375D","captured","https://i.postimg.cc/90crT04r/776.png","2022-09-29",450,6848,3,"380-45068483","09/29/2022"
"7531","Ukraine","Soviet Union","17 Ural-375D","captured","https://i.postimg.cc/2SzvZzbq/443.png","2022-09-29",450,6849,3,"380-45068493","09/29/2022"
"7532","Ukraine","Soviet Union","17 Ural-375D","captured","https://i.postimg.cc/3JrJjW1H/Screenshot-8172.png","2022-09-29",450,6850,3,"380-45068503","09/29/2022"
"7533","Ukraine","Soviet Union","17 Ural-375D","captured","https://i.postimg.cc/L8n977GC/Screenshot-8173.png","2022-09-29",450,6851,3,"380-45068513","09/29/2022"
"7534","Ukraine","Soviet Union","17 Ural-375D","captured","https://i.postimg.cc/cHZMXQ6m/Screenshot-8149.png","2022-09-29",450,6852,3,"380-45068523","09/29/2022"
"7535","Ukraine","Soviet Union","17 Ural-375D","captured","https://i.postimg.cc/4y6PXBMj/Screenshot-8166.png","2022-09-29",450,6853,3,"380-45068533","09/29/2022"
"7536","Ukraine","Soviet Union","17 Ural-375D","captured","https://i.postimg.cc/3wrx1NYG/Screenshot-8113.png","2022-09-29",450,6854,3,"380-45068543","09/29/2022"
"7537","Ukraine","Soviet Union","17 Ural-375D","captured","https://i.postimg.cc/SsT2C89j/Screenshot-8133.png","2022-09-29",450,6855,3,"380-45068553","09/29/2022"
"7538","Ukraine","Soviet Union","17 Ural-375D","captured","https://i.postimg.cc/NM5JHFdK/4331.png","2022-09-29",450,6856,3,"380-45068563","09/29/2022"
"7539","Ukraine","Soviet Union","17 Ural-375D","captured","https://i.postimg.cc/tT4XMQ4W/6665.jpg","2022-09-29",450,6857,3,"380-45068573","09/29/2022"
"7540","Ukraine","Soviet Union","17 Ural-375D","captured","https://i.postimg.cc/vHvy3FYx/31.png","2022-09-29",450,6858,3,"380-45068583","09/29/2022"
"7541","Ukraine","Soviet Union","17 Ural-375D","captured","https://i.postimg.cc/P5WfMppV/399.png","2022-09-29",450,6859,3,"380-45068593","09/29/2022"
"7542","Ukraine","Soviet Union","26 Ural-4320","destroyed","https://postimg.cc/yJNnspb7","2022-09-29",451,6860,1,"380-45168601","09/29/2022"
"7543","Ukraine","Soviet Union","26 Ural-4320","destroyed","https://i.postimg.cc/vmqnP67C/223.png","2022-09-29",451,6861,1,"380-45168611","09/29/2022"
"7544","Ukraine","Soviet Union","26 Ural-4320","destroyed","https://i.postimg.cc/rshQS3MH/f4.png","2022-09-29",451,6862,1,"380-45168621","09/29/2022"
"7545","Ukraine","Soviet Union","26 Ural-4320","destroyed","https://i.postimg.cc/GmRQzM1X/g8k.png","2022-09-29",451,6863,1,"380-45168631","09/29/2022"
"7546","Ukraine","Soviet Union","26 Ural-4320","destroyed","https://i.postimg.cc/YStP5QYc/16.png","2022-09-29",451,6864,1,"380-45168641","09/29/2022"
"7547","Ukraine","Soviet Union","26 Ural-4320","destroyed","https://postimg.cc/zbPPNnZC","2022-09-29",451,6749,1,"380-45167491","09/29/2022"
"7548","Ukraine","Soviet Union","26 Ural-4320","destroyed","https://i.postimg.cc/TY5V8GDn/36.png","2022-09-29",451,6865,1,"380-45168651","09/29/2022"
"7549","Ukraine","Soviet Union","26 Ural-4320","destroyed","https://i.postimg.cc/JzB6VTpG/1009.png","2022-09-29",451,6866,1,"380-45168661","09/29/2022"
"7550","Ukraine","Soviet Union","26 Ural-4320","destroyed","https://postimg.cc/K17djsQB","2022-09-29",451,6867,1,"380-45168671","09/29/2022"
"7551","Ukraine","Soviet Union","26 Ural-4320","destroyed","https://i.postimg.cc/W1yLc2Qj/1011.png","2022-09-29",451,6868,1,"380-45168681","09/29/2022"
"7552","Ukraine","Soviet Union","26 Ural-4320","destroyed","https://i.postimg.cc/rm84TwFg/2022-09-16-UA-Ural-4320.png","2022-09-29",451,6869,1,"380-45168691","09/29/2022"
"7553","Ukraine","Soviet Union","26 Ural-4320","destroyed","https://i.postimg.cc/6p203Qjd/7.png","2022-09-29",451,6870,1,"380-45168701","09/29/2022"
"7554","Ukraine","Soviet Union","26 Ural-4320","destroyed","https://i.postimg.cc/HxyLd7jM/1018-unkn-truck-2x.jpg","2022-09-29",451,6871,1,"380-45168711","09/29/2022"
"7555","Ukraine","Soviet Union","26 Ural-4320","damaged","https://i.postimg.cc/GmVqtBjC/328.png","2022-09-29",451,6872,4,"380-45168724","09/29/2022"
"7556","Ukraine","Soviet Union","26 Ural-4320","captured","https://i.postimg.cc/GmVqtBjC/328.png","2022-09-29",451,6872,3,"380-45168723","09/29/2022"
"7557","Ukraine","Soviet Union","26 Ural-4320","captured","https://i.postimg.cc/C5t52NPf/Screenshot-8111.png","2022-09-29",451,6873,3,"380-45168733","09/29/2022"
"7558","Ukraine","Soviet Union","26 Ural-4320","captured","https://i.postimg.cc/SQtnjSSN/Screenshot-8112.png","2022-09-29",451,6874,3,"380-45168743","09/29/2022"
"7559","Ukraine","Soviet Union","26 Ural-4320","captured","https://i.postimg.cc/2SHMm16F/456.png","2022-09-29",451,6875,3,"380-45168753","09/29/2022"
"7560","Ukraine","Soviet Union","26 Ural-4320","captured","https://i.postimg.cc/02n6DFYg/314.png","2022-09-29",451,6876,3,"380-45168763","09/29/2022"
"7561","Ukraine","Soviet Union","26 Ural-4320","captured","https://i.postimg.cc/2yMp268K/tt1.png","2022-09-29",451,6877,3,"380-45168773","09/29/2022"
"7562","Ukraine","Soviet Union","26 Ural-4320","captured","https://i.postimg.cc/JnpvdY9K/32.png","2022-09-29",451,6878,3,"380-45168783","09/29/2022"
"7563","Ukraine","Soviet Union","26 Ural-4320","captured","https://i.postimg.cc/gjmtgKPy/470.png","2022-09-29",451,6879,3,"380-45168793","09/29/2022"
"7564","Ukraine","Soviet Union","26 Ural-4320","captured","https://postimg.cc/dLpRmzC7","2022-09-29",451,6880,3,"380-45168803","09/29/2022"
"7565","Ukraine","Soviet Union","26 Ural-4320","captured","https://i.postimg.cc/5tqNnVFZ/f3.png","2022-09-29",451,6881,3,"380-45168813","09/29/2022"
"7566","Ukraine","Soviet Union","26 Ural-4320","captured","https://i.postimg.cc/nrdDz39r/5g2.png","2022-09-29",451,6882,3,"380-45168823","09/29/2022"
"7567","Ukraine","Soviet Union","4 KamAZ","damaged","https://i.postimg.cc/yx42BBdm/u1.png","2022-09-29",452,6883,4,"380-45268834","09/29/2022"
"7568","Ukraine","Soviet Union","4 KamAZ","captured","https://i.postimg.cc/yx42BBdm/u1.png","2022-09-29",452,6883,3,"380-45268833","09/29/2022"
"7569","Ukraine","Soviet Union","4 KamAZ","captured","https://postimg.cc/zLGjfVk0","2022-09-29",452,6846,3,"380-45268463","09/29/2022"
"7570","Ukraine","Soviet Union","4 KamAZ","captured","https://i.postimg.cc/2yMp268K/tt1.png","2022-09-29",452,6877,3,"380-45268773","09/29/2022"
"7571","Ukraine","Soviet Union","4 KamAZ","captured","https://i.postimg.cc/cLZWjvBp/tt2.png","2022-09-29",452,6884,3,"380-45268843","09/29/2022"
"7572","Ukraine","Soviet Union","MAZ-537","destroyed","https://i.postimg.cc/25RJZzWf/Screenshot-8076.png","2022-09-29",453,6885,1,"380-45368851","09/29/2022"
"7573","Ukraine","Soviet Union","MAZ-537","captured","https://i.postimg.cc/7LSW8dKp/35.png","2022-09-29",453,6729,3,"380-45367293","09/29/2022"
"7574","Ukraine","Belarus","MAZ-5316","destroyed","https://i.postimg.cc/6pr9sdqZ/Screenshot-8019.png","2022-09-29",454,6886,1,"380-45468861","09/29/2022"
"7575","Ukraine","Belarus","MAZ-5316","destroyed","https://i.postimg.cc/52g8DrqH/n1.png","2022-09-29",454,6887,1,"380-45468871","09/29/2022"
"7576","Ukraine","Belarus","MAZ-5316","destroyed","https://i.postimg.cc/L6dvbgC5/v48.png","2022-09-29",454,6888,1,"380-45468881","09/29/2022"
"7577","Ukraine","Belarus","MAZ-5316","destroyed","https://i.postimg.cc/mrXBssWx/416.png","2022-09-29",454,6889,1,"380-45468891","09/29/2022"
"7578","Ukraine","Belarus","MAZ-5316","destroyed","https://postimg.cc/TyhVz2dc","2022-09-29",454,6890,1,"380-45468901","09/29/2022"
"7579","Ukraine","Belarus","MAZ-5316","damaged","https://i.postimg.cc/L6ZKgBD7/4ff.png","2022-09-29",454,6891,4,"380-45468914","09/29/2022"
"7580","Ukraine","Soviet Union","1 MAZ AC-8-500A Tanker","destroyed","https://i.postimg.cc/GmXZ5RDV/64.png","2022-09-29",455,6892,1,"380-45568921","09/29/2022"
"7581","Ukraine","United States","2 M1083A1P2 armored cargo truck","destroyed","https://i.postimg.cc/PrDcsPX5/2001.jpg","2022-09-29",456,6893,1,"380-45668931","09/29/2022"
"7582","Ukraine","United States","2 M1083A1P2 armored cargo truck","destroyed","https://twitter.com/UAWeapons/status/1564339685337583619","2022-09-29",456,6417,1,"380-45664171","09/29/2022"
"7583","Ukraine","Soviet Union","UAZ-469 jeep","destroyed","https://postlmg.cc/yWHNY0kF","2022-09-29",457,6894,1,"380-45768941","09/29/2022"
"7584","Ukraine","Soviet Union","UAZ-469 jeep","captured","https://i.postimg.cc/HLT8ySnD/1014.jpg","2022-09-29",457,6895,3,"380-45768953","09/29/2022"
"7585","Ukraine","Soviet Union","UAZ-469 jeep","captured","https://i.postimg.cc/tgpMs65F/Screenshot-8026.png","2022-09-29",457,6896,3,"380-45768963","09/29/2022"
"7586","Ukraine","Soviet Union","UAZ-469 jeep","captured","https://i.postimg.cc/kXMB2DzL/43.png","2022-09-29",457,6813,3,"380-45768133","09/29/2022"
"7587","Ukraine","Soviet Union","UAZ-469 jeep","captured","https://i.postimg.cc/90crT04r/776.png","2022-09-29",457,6848,3,"380-45768483","09/29/2022"
"7588","Ukraine","Soviet Union","UAZ-469 jeep","destroyed","https://i.postimg.cc/vHXz28qN/3f.jpg","2022-09-29",457,6897,1,"380-45768971","09/29/2022"
"7589","Ukraine","Soviet Union","UAZ-469 jeep","destroyed","https://i.postimg.cc/C5hRYrst/4f76.png","2022-09-29",457,6898,1,"380-45768981","09/29/2022"
"7590","Ukraine","Soviet Union","6 UAZ-452 van","destroyed","https://i.postimg.cc/Kc5kxLHn/hh6.jpg","2022-09-29",458,6899,1,"380-45868991","09/29/2022"
"7591","Ukraine","Soviet Union","6 UAZ-452 van","destroyed","https://i.postimg.cc/k5mD2Xc6/76.jpg","2022-09-29",458,6900,1,"380-45869001","09/29/2022"
"7592","Ukraine","Soviet Union","6 UAZ-452 van","destroyed","https://i.postimg.cc/3R9d5LPR/2000.jpg","2022-09-29",458,6901,1,"380-45869011","09/29/2022"
"7593","Ukraine","Soviet Union","6 UAZ-452 van","destroyed","https://i.postimg.cc/3R9d5LPR/2000.jpg","2022-09-29",458,6901,1,"380-45869011","09/29/2022"
"7594","Ukraine","Soviet Union","6 UAZ-452 van","captured","https://i.postimg.cc/NFjnSrgK/bl.png","2022-09-29",458,6902,3,"380-45869023","09/29/2022"
"7595","Ukraine","Soviet Union","6 UAZ-452 van","captured","https://i.postimg.cc/d0vnz2LL/2dh.png","2022-09-29",458,6903,3,"380-45869033","09/29/2022"
"7596","Ukraine","Germany","Armoured Volkswagen Amarok pickup truck","damaged","https://i.postimg.cc/tgB7S9GQ/65.png","2022-09-29",459,6904,4,"380-45969044","09/29/2022"
"7597","Ukraine","Germany","Armoured Volkswagen Amarok pickup truck","captured","https://i.postimg.cc/tgB7S9GQ/65.png","2022-09-29",459,6904,3,"380-45969043","09/29/2022"
"7598","Ukraine","Ukraine","Armed pickup truck","destroyed","https://i.postimg.cc/02vqMs8b/6690.jpg","2022-09-29",460,6905,1,"380-46069051","09/29/2022"
"7599","Ukraine","Ukraine","Armed pickup truck","destroyed","https://i.postimg.cc/Vsn8k6Px/6689.jpg","2022-09-29",460,6906,1,"380-46069061","09/29/2022"
"7600","Ukraine","Ukraine","Armed pickup truck","destroyed","https://i.postimg.cc/gjQnYBXn/87.jpg","2022-09-29",460,6907,1,"380-46069071","09/29/2022"
"7601","Ukraine","Ukraine","Armed tactical buggy","destroyed","https://i.postimg.cc/J7jYBMN3/32d.jpg","2022-09-29",461,6908,1,"380-46169081","09/29/2022"
"7602","Ukraine","United States","1 Ford Ranger","damaged","https://i.postimg.cc/zvKMKtZ3/2005.jpg","2022-09-29",462,6909,4,"380-46269094","09/29/2022"
"7603","Ukraine","United States","1 Ford Ranger","captured","https://i.postimg.cc/zvKMKtZ3/2005.jpg","2022-09-29",462,6909,3,"380-46269093","09/29/2022"
"7604","Ukraine","France","Peugeot P4","destroyed","https://i.postimg.cc/gkd4DQVG/2000-Peugeot-P4.jpg","2022-09-29",463,6910,1,"380-46369101","09/29/2022"
"7605","Ukraine","Ukraine","1 Unknown pickup","destroyed","https://i.postimg.cc/6qscrvxT/2000-pickup.jpg","2022-09-29",464,6911,1,"380-46469111","09/29/2022"
"7606","Ukraine","Ukraine","51 Unknown truck","destroyed","https://i.postimg.cc/zfsjQf9B/79.png","2022-09-29",465,6912,1,"380-46569121","09/29/2022"
"7607","Ukraine","Ukraine","51 Unknown truck","destroyed","https://i.postimg.cc/4yz0rXTH/6h6.jpg","2022-09-29",465,6913,1,"380-46569131","09/29/2022"
"7608","Ukraine","Ukraine","51 Unknown truck","destroyed","https://i.postimg.cc/ryd7kXqN/1013.png","2022-09-29",465,6914,1,"380-46569141","09/29/2022"
"7609","Ukraine","Ukraine","51 Unknown truck","destroyed","https://i.postimg.cc/QdnM0gx9/4fh.png","2022-09-29",465,6915,1,"380-46569151","09/29/2022"
"7610","Ukraine","Ukraine","51 Unknown truck","destroyed","https://i.postimg.cc/BnNpxWwv/33.jpg","2022-09-29",465,6419,1,"380-46564191","09/29/2022"
"7611","Ukraine","Ukraine","51 Unknown truck","destroyed","https://i.postimg.cc/02rY35Tx/580.png","2022-09-29",465,6916,1,"380-46569161","09/29/2022"
"7612","Ukraine","Ukraine","51 Unknown truck","destroyed","https://i.postimg.cc/sfPqrvYP/f22.png","2022-09-29",465,6917,1,"380-46569171","09/29/2022"
"7613","Ukraine","Ukraine","51 Unknown truck","destroyed","https://i.postimg.cc/J0jdMrPN/900.jpg","2022-09-29",465,6427,1,"380-46564271","09/29/2022"
"7614","Ukraine","Ukraine","51 Unknown truck","destroyed","https://i.postimg.cc/xTtBCC95/6hk.jpg","2022-09-29",465,6918,1,"380-46569181","09/29/2022"
"7615","Ukraine","Ukraine","51 Unknown truck","destroyed","https://i.postimg.cc/nV9FvX5k/f60.jpg","2022-09-29",465,6420,1,"380-46564201","09/29/2022"
"7616","Ukraine","Ukraine","51 Unknown truck","destroyed","https://i.postimg.cc/xjHhH1Wr/ku4.png","2022-09-29",465,6919,1,"380-46569191","09/29/2022"
"7617","Ukraine","Ukraine","51 Unknown truck","destroyed","https://i.postimg.cc/J0bFWpb7/ku3.png","2022-09-29",465,6920,1,"380-46569201","09/29/2022"
"7618","Ukraine","Ukraine","51 Unknown truck","destroyed","https://i.postimg.cc/fLSF8zy9/ku1.png","2022-09-29",465,6921,1,"380-46569211","09/29/2022"
"7619","Ukraine","Ukraine","51 Unknown truck","destroyed","https://i.postimg.cc/J46gfsKt/16.png","2022-09-29",465,6922,1,"380-46569221","09/29/2022"
"7620","Ukraine","Ukraine","51 Unknown truck","destroyed","https://i.postimg.cc/L8GZd2sh/321.png","2022-09-29",465,6923,1,"380-46569231","09/29/2022"
"7621","Ukraine","Ukraine","51 Unknown truck","destroyed","https://i.postimg.cc/vB4Tf41M/764.jpg","2022-09-29",465,6924,1,"380-46569241","09/29/2022"
"7622","Ukraine","Ukraine","51 Unknown truck","destroyed","https://twitter.com/RALee85/status/1512670441722327045","2022-09-29",465,6925,1,"380-46569251","09/29/2022"
"7623","Ukraine","Ukraine","51 Unknown truck","destroyed","https://i.postimg.cc/xdxy9bDS/t1.jpg","2022-09-29",465,6926,1,"380-46569261","09/29/2022"
"7624","Ukraine","Ukraine","51 Unknown truck","destroyed","https://i.postimg.cc/nzXKrcp9/t2.jpg","2022-09-29",465,6927,1,"380-46569271","09/29/2022"
"7625","Ukraine","Ukraine","51 Unknown truck","destroyed","https://i.postimg.cc/mg7VFFRp/668.jpg","2022-09-29",465,6928,1,"380-46569281","09/29/2022"
"7626","Ukraine","Ukraine","51 Unknown truck","destroyed","https://postimg.cc/67ZynDH1","2022-09-29",465,6929,1,"380-46569291","09/29/2022"
"7627","Ukraine","Ukraine","51 Unknown truck","destroyed","https://i.postimg.cc/8CzFgs7w/g1.jpg","2022-09-29",465,6930,1,"380-46569301","09/29/2022"
"7628","Ukraine","Ukraine","51 Unknown truck","destroyed","https://i.postimg.cc/4nRZf2Bs/g2.jpg","2022-09-29",465,6931,1,"380-46569311","09/29/2022"
"7629","Ukraine","Ukraine","51 Unknown truck","destroyed","https://twitter.com/UAWeapons/status/1543548850559926272","2022-09-29",465,6395,1,"380-46563951","09/29/2022"
"7630","Ukraine","Ukraine","51 Unknown truck","destroyed","https://i.postimg.cc/zvgJtQfW/2002.jpg","2022-09-29",465,6932,1,"380-46569321","09/29/2022"
"7631","Ukraine","Ukraine","51 Unknown truck","destroyed","https://twitter.com/UAWeapons/status/1545021770008240130","2022-09-29",465,5786,1,"380-46557861","09/29/2022"
"7632","Ukraine","Ukraine","51 Unknown truck","destroyed","https://twitter.com/UAWeapons/status/1545729747384156162","2022-09-29",465,6933,1,"380-46569331","09/29/2022"
"7633","Ukraine","Ukraine","51 Unknown truck","destroyed","https://twitter.com/RALee85/status/1545905428776747016","2022-09-29",465,6934,1,"380-46569341","09/29/2022"
"7634","Ukraine","Ukraine","51 Unknown truck","destroyed","https://postimg.cc/2VyHQjMk","2022-09-29",465,6935,1,"380-46569351","09/29/2022"
"7635","Ukraine","Ukraine","51 Unknown truck","destroyed","https://postimg.cc/m12m6TrS","2022-09-29",465,6936,1,"380-46569361","09/29/2022"
"7636","Ukraine","Ukraine","51 Unknown truck","destroyed","https://twitter.com/UAWeapons/status/1550486419243761666","2022-09-29",465,6937,1,"380-46569371","09/29/2022"
"7637","Ukraine","Ukraine","51 Unknown truck","destroyed","https://postimg.cc/0zmXQ3ph","2022-09-29",465,6938,1,"380-46569381","09/29/2022"
"7638","Ukraine","Ukraine","51 Unknown truck","destroyed","https://postimg.cc/YLhbwyrn","2022-09-29",465,6939,1,"380-46569391","09/29/2022"
"7639","Ukraine","Ukraine","51 Unknown truck","destroyed","https://postimg.cc/1fVJCTY4","2022-09-29",465,6940,1,"380-46569401","09/29/2022"
"7640","Ukraine","Ukraine","51 Unknown truck","destroyed","https://twitter.com/UAWeapons/status/1552699448614060033","2022-09-29",465,6278,1,"380-46562781","09/29/2022"
"7641","Ukraine","Ukraine","51 Unknown truck","destroyed","https://twitter.com/UAWeapons/status/1554424738914734081","2022-09-29",465,6424,1,"380-46564241","09/29/2022"
"7642","Ukraine","Ukraine","51 Unknown truck","destroyed","https://i.postimg.cc/15GCKJtS/2003-unkn-truck.jpg","2022-09-29",465,6941,1,"380-46569411","09/29/2022"
"7643","Ukraine","Ukraine","51 Unknown truck","destroyed","https://i.postimg.cc/gjNYh2K4/d35.png","2022-09-29",465,6942,1,"380-46569421","09/29/2022"
"7644","Ukraine","Ukraine","51 Unknown truck","destroyed","https://i.postimg.cc/W3smp5Yr/4ff2.png","2022-09-29",465,6943,1,"380-46569431","09/29/2022"
"7645","Ukraine","Ukraine","51 Unknown truck","destroyed","https://i.postimg.cc/VvC9w4xL/2000-unkn-truck.jpg","2022-09-29",465,6944,1,"380-46569441","09/29/2022"
"7646","Ukraine","Ukraine","51 Unknown truck","destroyed","https://i.postimg.cc/Yqv4XN4z/2006-truck.jpg","2022-09-29",465,6945,1,"380-46569451","09/29/2022"
"7647","Ukraine","Ukraine","51 Unknown truck","damaged","https://i.postimg.cc/4xBF4TJG/37.jpg","2022-09-29",465,6946,4,"380-46569464","09/29/2022"
"7648","Ukraine","Ukraine","51 Unknown truck","damaged","https://i.postimg.cc/3Jzj3bLL/bnm.png","2022-09-29",465,6947,4,"380-46569474","09/29/2022"
"7649","Ukraine","Ukraine","51 Unknown truck","abandoned","https://i.postimg.cc/3Jzj3bLL/bnm.png","2022-09-29",465,6947,2,"380-46569472","09/29/2022"
"7650","Ukraine","Ukraine","51 Unknown truck","captured","https://i.postimg.cc/JnP8Cxr0/Screenshot-8249.png","2022-09-29",465,6948,3,"380-46569483","09/29/2022"
"7651","Ukraine","Ukraine","Unknown vehicle","destroyed","https://twitter.com/UAWeapons/status/1506224014498357252","2022-09-29",466,6949,1,"380-46669491","09/29/2022"
"7652","Ukraine","Ukraine","Unknown vehicle","destroyed","https://i.postimg.cc/3rpVLX06/90.jpg","2022-09-29",466,6950,1,"380-46669501","09/29/2022"
"7653","Ukraine","Ukraine","Unknown vehicle","destroyed","https://i.postimg.cc/8zp60hrh/32.jpg","2022-09-29",466,6951,1,"380-46669511","09/29/2022"
"7654","Ukraine","Ukraine","Unknown vehicle","destroyed","https://i.postimg.cc/ZqBzP3Qx/5gj.png","2022-09-29",466,6952,1,"380-46669521","09/29/2022"
"7655","Ukraine","Ukraine","Unknown vehicle","destroyed","https://i.postimg.cc/3Nzz7rkv/u1.jpg","2022-09-29",466,6953,1,"380-46669531","09/29/2022"
"7656","Ukraine","Ukraine","Unknown vehicle","destroyed","https://i.postimg.cc/G3fWvKXm/u2.jpg","2022-09-29",466,6954,1,"380-46669541","09/29/2022"
"7657","Ukraine","Ukraine","Unknown vehicle","destroyed","https://i.postimg.cc/2SQgRDr1/u3.jpg","2022-09-29",466,6955,1,"380-46669551","09/29/2022"
"7658","Ukraine","Ukraine","Unknown vehicle","destroyed","https://i.postimg.cc/RVCJ72dZ/u1.jpg","2022-09-29",466,6956,1,"380-46669561","09/29/2022"
"7659","Ukraine","Ukraine","Unknown vehicle","destroyed","https://i.postimg.cc/wjyvFzmg/446.jpg","2022-09-29",466,6957,1,"380-46669571","09/29/2022"
"7660","Ukraine","Ukraine","Unknown vehicle","destroyed","https://i.postimg.cc/W43yHnyk/f6.jpg","2022-09-29",466,6958,1,"380-46669581","09/29/2022"
"7661","Ukraine","Ukraine","Unknown vehicle","destroyed","https://i.postimg.cc/pT562dRV/f7.jpg","2022-09-29",466,6959,1,"380-46669591","09/29/2022"
"7662","Ukraine","Ukraine","Unknown vehicle","destroyed","https://i.postimg.cc/VNxFWWP1/t11.jpg","2022-09-29",466,6960,1,"380-46669601","09/29/2022"
"7663","Ukraine","Ukraine","Unknown vehicle","destroyed","https://i.postimg.cc/yNgPRr5v/t12.jpg","2022-09-29",466,6961,1,"380-46669611","09/29/2022"
"7664","Ukraine","Ukraine","Unknown vehicle","destroyed","https://i.postimg.cc/qvjrSD3d/779.jpg","2022-09-29",466,6962,1,"380-46669621","09/29/2022"
"7665","Ukraine","Ukraine","Unknown vehicle","destroyed","https://i.postimg.cc/RFTN92sS/4467.jpg","2022-09-29",466,6963,1,"380-46669631","09/29/2022"
"7666","Ukraine","Ukraine","Unknown vehicle","destroyed","https://i.postimg.cc/GphX6Wjv/2001.jpg","2022-09-29",466,6964,1,"380-46669641","09/29/2022"
"7667","Ukraine","Ukraine","Unknown vehicle","destroyed","https://i.postimg.cc/L51NMbQS/2216.png","2022-09-29",466,6965,1,"380-46669651","09/29/2022"
"7668","Ukraine","Ukraine","Unknown vehicle","destroyed","https://i.postimg.cc/J4fq7bFd/2000-unkn-vehicle.jpg","2022-09-29",466,6966,1,"380-46669661","09/29/2022"
