"","country","origin","system","status","url","date_recorded","sysID","imageID","statusID","matID","Date"
"1","Russia","Soviet Union",NA,"destroyed","https://twitter.com/CalibreObscura/status/1670510694838546436","2023-11-16",1,1,1,"7-111","11/16/2023"
"2","Russia","Soviet Union","1 T-55A","damaged","https://i.postimg.cc/jdFBJdQb/1027-t55-dam-05-08-23.jpg","2023-11-16",2,2,2,"7-222","11/16/2023"
"3","Russia","Soviet Union","1 T-62 Obr. 1967","captured","https://i.postimg.cc/yxw0SFD6/1001-T-62-Obr-1967-capt.jpg","2023-11-16",3,3,3,"7-333","11/16/2023"
"4","Russia","Soviet Union","65 T-62M","destroyed","https://twitter.com/UAWeapons/status/1544797070883684353","2023-11-16",4,4,1,"7-441","11/16/2023"
"5","Russia","Soviet Union","65 T-62M","destroyed","https://i.postimg.cc/X72RXDmM/1024-t62m-destr-11-01-23.jpg","2023-11-16",4,5,1,"7-451","11/16/2023"
"6","Russia","Soviet Union","65 T-62M","destroyed","https://twitter.com/UAWeapons/status/1572672235726573568","2023-11-16",4,6,1,"7-461","11/16/2023"
"7","Russia","Soviet Union","65 T-62M","destroyed","https://twitter.com/UAWeapons/status/1581908407967092738","2023-11-16",4,7,1,"7-471","11/16/2023"
"8","Russia","Soviet Union","65 T-62M","destroyed","https://twitter.com/UAWeapons/status/1590474674999558145","2023-11-16",4,8,1,"7-481","11/16/2023"
"9","Russia","Soviet Union","65 T-62M","destroyed","https://i.postimg.cc/fy6S2qj0/1010-2x-t62m-destr.jpg","2023-11-16",4,9,1,"7-491","11/16/2023"
"10","Russia","Soviet Union","65 T-62M","destroyed","https://i.postimg.cc/2yRMkB97/55h.png","2023-11-16",4,10,1,"7-4101","11/16/2023"
"11","Russia","Soviet Union","65 T-62M","destroyed","https://i.postimg.cc/gkKRT9Sn/1014-t62m-destr-16-11-22.jpg","2023-11-16",4,11,1,"7-4111","11/16/2023"
"12","Russia","Soviet Union","65 T-62M","destroyed","https://i.postimg.cc/cLQ5SJcX/1005-t62m-destr-08-01-23.jpg","2023-11-16",4,12,1,"7-4121","11/16/2023"
"13","Russia","Soviet Union","65 T-62M","destroyed","https://i.postimg.cc/Dy4Mx64V/1038-t62m-destr-07-01-23.jpg","2023-11-16",4,13,1,"7-4131","11/16/2023"
"14","Russia","Soviet Union","65 T-62M","destroyed","https://i.postimg.cc/N0DghMNG/1005-t62m-destr-27-01-23.jpg","2023-11-16",4,14,1,"7-4141","11/16/2023"
"15","Russia","Soviet Union","65 T-62M","destroyed","https://i.postimg.cc/NFFTSxhD/1025-t62m-destr-20-03-23.jpg","2023-11-16",4,15,1,"7-4151","11/16/2023"
"16","Russia","Soviet Union","65 T-62M","destroyed","https://twitter.com/UAWeapons/status/1638590667323580425","2023-11-16",4,16,1,"7-4161","11/16/2023"
"17","Russia","Soviet Union","65 T-62M","destroyed","https://i.postimg.cc/KvkckFr1/1011-T-62-M-destr-26-05-23.jpg","2023-11-16",4,17,1,"7-4171","11/16/2023"
"18","Russia","Soviet Union","65 T-62M","destroyed","https://i.postimg.cc/3Js826nn/1012-T-62-M-destr-26-05-23.jpg","2023-11-16",4,18,1,"7-4181","11/16/2023"
"19","Russia","Soviet Union","65 T-62M","destroyed","https://i.postimg.cc/Gmr6pZ4Y/1001-t62m-destr-01-06-23.jpg","2023-11-16",4,19,1,"7-4191","11/16/2023"
"20","Russia","Soviet Union","65 T-62M","destroyed","https://twitter.com/UAWeapons/status/1566557906593615873","2023-11-16",4,20,1,"7-4201","11/16/2023"
"21","Russia","Soviet Union","65 T-62M","destroyed","https://i.postimg.cc/D0BRWLm2/1037-t62m-destr-03-06-23.jpg","2023-11-16",4,21,1,"7-4211","11/16/2023"
"22","Russia","Soviet Union","65 T-62M","destroyed","https://twitter.com/UAWeapons/status/1674811978408132611","2023-11-16",4,22,1,"7-4221","11/16/2023"
"23","Russia","Soviet Union","65 T-62M","destroyed","https://i.postimg.cc/Gh2rd9jj/1011-t62m-destr-25-08-23.jpg","2023-11-16",4,23,1,"7-4231","11/16/2023"
"24","Russia","Soviet Union","65 T-62M","destroyed","https://i.postimg.cc/PxJhBdpT/46.png","2023-11-16",4,24,1,"7-4241","11/16/2023"
"25","Russia","Soviet Union","65 T-62M","destroyed","https://i.postimg.cc/x1Gx3HLw/378.png","2023-11-16",4,25,1,"7-4251","11/16/2023"
"26","Russia","Soviet Union","65 T-62M","destroyed","https://i.postimg.cc/Dy4T0m9T/1045-T-62-M-destr-02-10-23.jpg","2023-11-16",4,26,1,"7-4261","11/16/2023"
"27","Russia","Soviet Union","65 T-62M","damaged","https://twitter.com/UAWeapons/status/1590474674999558145","2023-11-16",4,8,2,"7-482","11/16/2023"
"28","Russia","Soviet Union","65 T-62M","damaged","https://i.postimg.cc/QC25V0xC/1004-3-destr-BMP-2-2-destr-Kam-AZ-6x6-4-damaged-T-62-M-09-03-23.jpg","2023-11-16",4,27,2,"7-4272","11/16/2023"
"29","Russia","Soviet Union","65 T-62M","captured","https://twitter.com/UAWeapons/status/1570054722563997698","2023-11-16",4,28,3,"7-4283","11/16/2023"
"30","Russia","Soviet Union","65 T-62M","captured","https://i.postimg.cc/pdNwMqJq/4500-t62m-capt.jpg","2023-11-16",4,29,3,"7-4293","11/16/2023"
"31","Russia","Soviet Union","65 T-62M","captured","https://twitter.com/UAWeapons/status/1577227267226599424","2023-11-16",4,30,3,"7-4303","11/16/2023"
"32","Russia","Soviet Union","65 T-62M","captured","https://twitter.com/UAWeapons/status/1577323803478265856","2023-11-16",4,31,3,"7-4313","11/16/2023"
"33","Russia","Soviet Union","65 T-62M","captured","https://twitter.com/UAWeapons/status/1577189784057163778","2023-11-16",4,32,3,"7-4323","11/16/2023"
"34","Russia","Soviet Union","65 T-62M","captured","https://twitter.com/UAWeapons/status/1577645612891361281","2023-11-16",4,33,3,"7-4333","11/16/2023"
"35","Russia","Soviet Union","65 T-62M","captured","https://twitter.com/UAWeapons/status/1577553007725756419","2023-11-16",4,34,3,"7-4343","11/16/2023"
"36","Russia","Soviet Union","65 T-62M","damaged","https://twitter.com/UAWeapons/status/1577556971389075459","2023-11-16",4,35,2,"7-4352","11/16/2023"
"37","Russia","Soviet Union","65 T-62M","captured","https://twitter.com/UAWeapons/status/1577556971389075459","2023-11-16",4,35,3,"7-4353","11/16/2023"
"38","Russia","Soviet Union","65 T-62M","captured","https://twitter.com/UAWeapons/status/1577688073231540224","2023-11-16",4,36,3,"7-4363","11/16/2023"
"39","Russia","Soviet Union","65 T-62M","captured","https://i.postimg.cc/wMqmL10f/1007-t62m-capt.jpg","2023-11-16",4,37,3,"7-4373","11/16/2023"
"40","Russia","Soviet Union","65 T-62M","captured","https://twitter.com/UAWeapons/status/1578010258152251392","2023-11-16",4,38,3,"7-4383","11/16/2023"
"41","Russia","Soviet Union","65 T-62M","captured","https://twitter.com/UAWeapons/status/1578303114742235137","2023-11-16",4,39,3,"7-4393","11/16/2023"
"42","Russia","Soviet Union","65 T-62M","damaged","https://i.postimg.cc/bJ7wHhYW/4477.png","2023-11-16",4,40,2,"7-4402","11/16/2023"
"43","Russia","Soviet Union","65 T-62M","captured","https://i.postimg.cc/bJ7wHhYW/4477.png","2023-11-16",4,40,3,"7-4403","11/16/2023"
"44","Russia","Soviet Union","65 T-62M","captured","https://i.postimg.cc/YCYjXjLR/66988.png","2023-11-16",4,41,3,"7-4413","11/16/2023"
"45","Russia","Soviet Union","65 T-62M","captured","https://i.postimg.cc/d3dtQwnV/33.png","2023-11-16",4,42,3,"7-4423","11/16/2023"
"46","Russia","Soviet Union","65 T-62M","captured","https://i.postimg.cc/MHchSZQ2/1030-t62m-capt.jpg","2023-11-16",4,43,3,"7-4433","11/16/2023"
"47","Russia","Soviet Union","65 T-62M","captured","https://i.postimg.cc/1X70dZDm/1039-t62m-capt.jpg","2023-11-16",4,44,3,"7-4443","11/16/2023"
"48","Russia","Soviet Union","65 T-62M","captured","https://i.postimg.cc/pTZJDjTn/1040-t62m-capt.jpg","2023-11-16",4,45,3,"7-4453","11/16/2023"
"49","Russia","Soviet Union","65 T-62M","captured","https://i.postimg.cc/3RpSDGqs/1013-t62m-capt.jpg","2023-11-16",4,46,3,"7-4463","11/16/2023"
"50","Russia","Soviet Union","65 T-62M","captured","https://i.postimg.cc/mkKvpRHm/1010-t62m-capt.jpg","2023-11-16",4,47,3,"7-4473","11/16/2023"
"51","Russia","Soviet Union","65 T-62M","captured","https://i.postimg.cc/wMKK0gJ0/1053-t62m-capt.jpg","2023-11-16",4,48,3,"7-4483","11/16/2023"
"52","Russia","Soviet Union","65 T-62M","captured","https://i.postimg.cc/4dB8SySp/1011-t62m-capt.jpg","2023-11-16",4,49,3,"7-4493","11/16/2023"
"53","Russia","Soviet Union","65 T-62M","captured","https://i.postimg.cc/8zs9wPz4/1018-t62m-capt.jpg","2023-11-16",4,50,3,"7-4503","11/16/2023"
"54","Russia","Soviet Union","65 T-62M","captured","https://i.postimg.cc/TPRdPNxj/1003-t62m-capt.jpg","2023-11-16",4,51,3,"7-4513","11/16/2023"
"55","Russia","Soviet Union","65 T-62M","damaged","https://twitter.com/UAWeapons/status/1590447628726439936","2023-11-16",4,52,2,"7-4522","11/16/2023"
"56","Russia","Soviet Union","65 T-62M","captured","https://twitter.com/UAWeapons/status/1590447628726439936","2023-11-16",4,52,3,"7-4523","11/16/2023"
"57","Russia","Soviet Union","65 T-62M","captured","https://twitter.com/UAWeapons/status/1591036463634075648","2023-11-16",4,53,3,"7-4533","11/16/2023"
"58","Russia","Soviet Union","65 T-62M","captured","https://i.postimg.cc/kXjchcHX/875.png","2023-11-16",4,54,3,"7-4543","11/16/2023"
"59","Russia","Soviet Union","65 T-62M","captured","https://i.postimg.cc/T2SbrcFJ/1026-t62m-capt.jpg","2023-11-16",4,55,3,"7-4553","11/16/2023"
"60","Russia","Soviet Union","65 T-62M","damaged","https://twitter.com/UAWeapons/status/1591808737035096065","2023-11-16",4,56,2,"7-4562","11/16/2023"
"61","Russia","Soviet Union","65 T-62M","captured","https://twitter.com/UAWeapons/status/1591808737035096065","2023-11-16",4,56,3,"7-4563","11/16/2023"
"62","Russia","Soviet Union","65 T-62M","damaged","https://i.postimg.cc/SNKbZnT3/1015_t62m_dam_capt.jpg","2023-11-16",4,57,2,"7-4572","11/16/2023"
"63","Russia","Soviet Union","65 T-62M","captured","https://i.postimg.cc/SNKbZnT3/1015_t62m_dam_capt.jpg","2023-11-16",4,57,3,"7-4573","11/16/2023"
"64","Russia","Soviet Union","65 T-62M","captured","https://i.postimg.cc/wMqYYM6t/1011-t62m-capt.jpg","2023-11-16",4,58,3,"7-4583","11/16/2023"
"65","Russia","Soviet Union","65 T-62M","captured","https://i.postimg.cc/3RSgKWBp/33211.png","2023-11-16",4,59,3,"7-4593","11/16/2023"
"66","Russia","Soviet Union","65 T-62M","captured","https://i.postimg.cc/ydNdM2S1/1017-t62m-capt-06-10-22.jpg","2023-11-16",4,60,3,"7-4603","11/16/2023"
"67","Russia","Soviet Union","65 T-62M","captured","https://i.postimg.cc/sxXST942/1018-t62m-capt-25-11-22.jpg","2023-11-16",4,61,3,"7-4613","11/16/2023"
"68","Russia","Soviet Union","65 T-62M","captured","https://i.postimg.cc/zDP8jG93/1006-t62m-capt-30-11-22.jpg","2023-11-16",4,62,3,"7-4623","11/16/2023"
"69","Russia","Russia","T-62M Obr. 2022","destroyed","https://i.postimg.cc/fy03yn64/1001-t62m-2022-destr-15-03-23.png","2023-11-16",5,63,1,"7-5631","11/16/2023"
"70","Russia","Russia","T-62M Obr. 2022","destroyed","https://twitter.com/UAWeapons/status/1635951246069702656","2023-11-16",5,64,1,"7-5641","11/16/2023"
"71","Russia","Soviet Union","15 T-62MV","destroyed","https://i.postimg.cc/jSpnvgMJ/1008-t62m-destr.jpg","2023-11-16",6,65,1,"7-6651","11/16/2023"
"72","Russia","Soviet Union","15 T-62MV","destroyed","https://i.postimg.cc/LsC6DB9t/1004-t62mv-destr.jpg","2023-11-16",6,66,1,"7-6661","11/16/2023"
"73","Russia","Soviet Union","15 T-62MV","destroyed","https://i.postimg.cc/MpCc949Z/T-62-MV-destroyed.png","2023-11-16",6,67,1,"7-6671","11/16/2023"
"74","Russia","Soviet Union","15 T-62MV","destroyed","https://i.postimg.cc/T11BJSZh/1036-t64mv-destr-30-06-23.jpg","2023-11-16",6,68,1,"7-6681","11/16/2023"
"75","Russia","Soviet Union","15 T-62MV","damaged","https://i.postimg.cc/PrJqBtcm/1011-t62mv-dam-14-02-23.jpg","2023-11-16",6,69,2,"7-6692","11/16/2023"
"76","Russia","Soviet Union","15 T-62MV","damaged","https://i.postimg.cc/xjWHFMwX/1000-t62mv-dam-aband.jpg","2023-11-16",6,70,2,"7-6702","11/16/2023"
"77","Russia","Soviet Union","15 T-62MV","abandoned","https://i.postimg.cc/xjWHFMwX/1000-t62mv-dam-aband.jpg","2023-11-16",6,70,4,"7-6704","11/16/2023"
"78","Russia","Soviet Union","15 T-62MV","damaged","https://i.postimg.cc/MX2V8YzD/1501-t72mv-capt.jpg","2023-11-16",6,71,2,"7-6712","11/16/2023"
"79","Russia","Soviet Union","15 T-62MV","captured","https://i.postimg.cc/MX2V8YzD/1501-t72mv-capt.jpg","2023-11-16",6,71,3,"7-6713","11/16/2023"
"80","Russia","Soviet Union","15 T-62MV","captured","https://twitter.com/UAWeapons/status/1578300172676648960","2023-11-16",6,72,3,"7-6723","11/16/2023"
"81","Russia","Soviet Union","15 T-62MV","captured","https://i.postimg.cc/Tws21jVg/1001-t62mv-capt.jpg","2023-11-16",6,73,3,"7-6733","11/16/2023"
"82","Russia","Soviet Union","15 T-62MV","captured","https://i.postimg.cc/J074zcv2/1010-t62mv-capt.jpg","2023-11-16",6,74,3,"7-6743","11/16/2023"
"83","Russia","Soviet Union","15 T-62MV","captured","https://twitter.com/UAWeapons/status/1591010484287049730","2023-11-16",6,75,3,"7-6753","11/16/2023"
"84","Russia","Soviet Union","15 T-62MV","captured","https://i.postimg.cc/Y0dKr79d/1010-t62mv-capt.jpg","2023-11-16",6,76,3,"7-6763","11/16/2023"
"85","Russia","Soviet Union","15 T-62MV","captured","https://i.postimg.cc/1zy2B9Rk/1016-t62mv-capt.jpg","2023-11-16",6,77,3,"7-6773","11/16/2023"
"86","Russia","Soviet Union","15 T-62MV","captured","https://i.postimg.cc/K8PSTHMJ/1032-t62mv-capt-22-02-23.jpg","2023-11-16",6,78,3,"7-6783","11/16/2023"
"87","Russia","Russia","1 T-62MV Obr. 2022","destroyed","https://twitter.com/UAWeapons/status/1662066364138283008","2023-11-16",7,79,1,"7-7791","11/16/2023"
"88","Russia","Soviet Union","3 T-64A","destroyed","https://i.postimg.cc/fRWSdTBn/d32.png","2023-11-16",8,80,1,"7-8801","11/16/2023"
"89","Russia","Soviet Union","3 T-64A","destroyed","https://twitter.com/UAWeapons/status/1561363838481666050","2023-11-16",8,81,1,"7-8811","11/16/2023"
"90","Russia","Soviet Union","3 T-64A","damaged","https://i.postimg.cc/v86rnJdt/1040-T-64-A-dam-14-10-23.jpg","2023-11-16",8,82,2,"7-8822","11/16/2023"
"91","Russia","Soviet Union","74 T-64BV","destroyed","https://i.postimg.cc/B63LSk6q/431v.png","2023-11-16",9,83,1,"7-9831","11/16/2023"
"92","Russia","Soviet Union","74 T-64BV","destroyed","https://i.postimg.cc/52srpxzV/228.png","2023-11-16",9,84,1,"7-9841","11/16/2023"
"93","Russia","Soviet Union","74 T-64BV","destroyed","https://i.postimg.cc/vTVpDRV2/4fhh.png","2023-11-16",9,85,1,"7-9851","11/16/2023"
"94","Russia","Soviet Union","74 T-64BV","destroyed","https://i.postimg.cc/nLkXCgJk/5gk.png","2023-11-16",9,86,1,"7-9861","11/16/2023"
"95","Russia","Soviet Union","74 T-64BV","destroyed","https://i.postimg.cc/13SPjpnQ/325.png","2023-11-16",9,87,1,"7-9871","11/16/2023"
"96","Russia","Soviet Union","74 T-64BV","destroyed","https://i.postimg.cc/Dm38Wx0v/669.png","2023-11-16",9,88,1,"7-9881","11/16/2023"
"97","Russia","Soviet Union","74 T-64BV","destroyed","https://i.postimg.cc/fTTSrFKN/1036-t64bv-destr-16-10-23.jpg","2023-11-16",9,89,1,"7-9891","11/16/2023"
"98","Russia","Soviet Union","74 T-64BV","destroyed","https://i.postimg.cc/1581jxkd/b5.png","2023-11-16",9,90,1,"7-9901","11/16/2023"
"99","Russia","Soviet Union","74 T-64BV","destroyed","https://i.postimg.cc/6q8wYjYT/1007-t64bv.jpg","2023-11-16",9,91,1,"7-9911","11/16/2023"
"100","Russia","Soviet Union","74 T-64BV","destroyed","https://i.postimg.cc/Tw0Bjx5w/768.jpg","2023-11-16",9,92,1,"7-9921","11/16/2023"
"101","Russia","Soviet Union","74 T-64BV","destroyed","https://i.postimg.cc/3JVy55q6/d7.png","2023-11-16",9,93,1,"7-9931","11/16/2023"
"102","Russia","Soviet Union","74 T-64BV","destroyed","https://i.postimg.cc/MTWR5mFW/3dd2.png","2023-11-16",9,94,1,"7-9941","11/16/2023"
"103","Russia","Soviet Union","74 T-64BV","destroyed","https://i.postimg.cc/HnjRpt75/f2gh.jpg","2023-11-16",9,95,1,"7-9951","11/16/2023"
"104","Russia","Soviet Union","74 T-64BV","destroyed","https://i.postimg.cc/pTfSkjxd/23.jpg","2023-11-16",9,96,1,"7-9961","11/16/2023"
"105","Russia","Soviet Union","74 T-64BV","destroyed","https://i.postimg.cc/brCYNNH4/46.jpg","2023-11-16",9,97,1,"7-9971","11/16/2023"
"106","Russia","Soviet Union","74 T-64BV","destroyed","https://twitter.com/UAWeapons/status/1561363838481666050","2023-11-16",9,81,1,"7-9811","11/16/2023"
"107","Russia","Soviet Union","74 T-64BV","destroyed","https://twitter.com/UAWeapons/status/1531973654313152515","2023-11-16",9,98,1,"7-9981","11/16/2023"
"108","Russia","Soviet Union","74 T-64BV","destroyed","https://i.postimg.cc/x1Ldg955/g55.jpg","2023-11-16",9,99,1,"7-9991","11/16/2023"
"109","Russia","Soviet Union","74 T-64BV","destroyed","https://twitter.com/UAWeapons/status/1534939583821107200","2023-11-16",9,100,1,"7-91001","11/16/2023"
"110","Russia","Soviet Union","74 T-64BV","destroyed","https://i.postimg.cc/W3f6ZSkK/3dg.png","2023-11-16",9,101,1,"7-91011","11/16/2023"
"111","Russia","Soviet Union","74 T-64BV","destroyed","https://twitter.com/UAWeapons/status/1539939158944358401","2023-11-16",9,102,1,"7-91021","11/16/2023"
"112","Russia","Soviet Union","74 T-64BV","destroyed","https://twitter.com/UAWeapons/status/1541049828288905218","2023-11-16",9,103,1,"7-91031","11/16/2023"
"113","Russia","Soviet Union","74 T-64BV","destroyed","https://twitter.com/UAWeapons/status/1546565537895006209","2023-11-16",9,104,1,"7-91041","11/16/2023"
"114","Russia","Soviet Union","74 T-64BV","destroyed","https://i.postimg.cc/t4vTP4WB/1001.jpg","2023-11-16",9,105,1,"7-91051","11/16/2023"
"115","Russia","Soviet Union","74 T-64BV","destroyed","https://i.postimg.cc/BvnT06jT/1002-t64bv.jpg","2023-11-16",9,106,1,"7-91061","11/16/2023"
"116","Russia","Soviet Union","74 T-64BV","destroyed","https://i.postimg.cc/rmv7hXSY/1000-t64bv.jpg","2023-11-16",9,107,1,"7-91071","11/16/2023"
"117","Russia","Soviet Union","74 T-64BV","destroyed","https://postlmg.cc/NL1NP1jq","2023-11-16",9,108,1,"7-91081","11/16/2023"
"118","Russia","Soviet Union","74 T-64BV","destroyed","https://i.postimg.cc/y6bmyjgM/1016-t64bv.jpg","2023-11-16",9,109,1,"7-91091","11/16/2023"
"119","Russia","Soviet Union","74 T-64BV","destroyed","https://i.postimg.cc/8k7tNFWS/1000-t72b.jpg","2023-11-16",9,110,1,"7-91101","11/16/2023"
"120","Russia","Soviet Union","74 T-64BV","destroyed","https://i.postimg.cc/rwVpBPxz/1002-t64bv-destr.jpg","2023-11-16",9,111,1,"7-91111","11/16/2023"
"121","Russia","Soviet Union","74 T-64BV","destroyed","https://i.postimg.cc/T3Zf5dzw/2022-05-21-t-64bv.jpg","2023-11-16",9,112,1,"7-91121","11/16/2023"
"122","Russia","Soviet Union","74 T-64BV","destroyed","https://twitter.com/UAWeapons/status/1590407832796811264","2023-11-16",9,113,1,"7-91131","11/16/2023"
"123","Russia","Soviet Union","74 T-64BV","destroyed","https://twitter.com/UAWeapons/status/1596056609801003009","2023-11-16",9,114,1,"7-91141","11/16/2023"
"124","Russia","Soviet Union","74 T-64BV","destroyed","https://i.postimg.cc/qRvPnyXM/1009-t64bv-destr-06-12-22.jpg","2023-11-16",9,115,1,"7-91151","11/16/2023"
"125","Russia","Soviet Union","74 T-64BV","destroyed","https://twitter.com/UAWeapons/status/1607377878508765185","2023-11-16",9,116,1,"7-91161","11/16/2023"
"126","Russia","Soviet Union","74 T-64BV","destroyed","https://twitter.com/UAWeapons/status/1608544132288372741","2023-11-16",9,117,1,"7-91171","11/16/2023"
"127","Russia","Soviet Union","74 T-64BV","destroyed","https://i.postimg.cc/SQBFmB96/1002-unkn-tank-destr-10-02-23.jpg","2023-11-16",9,118,1,"7-91181","11/16/2023"
"128","Russia","Soviet Union","74 T-64BV","destroyed","https://i.postimg.cc/nL87YCsz/1015-t64bv-destr-05-03-23.jpg","2023-11-16",9,119,1,"7-91191","11/16/2023"
"129","Russia","Soviet Union","74 T-64BV","destroyed","https://i.postimg.cc/J7bVtJHs/1045-t64bv-destr-15-05-23.jpg","2023-11-16",9,120,1,"7-91201","11/16/2023"
"130","Russia","Soviet Union","74 T-64BV","destroyed","https://i.postimg.cc/W4JYCLMd/1063-T-64-BV-destr-14-05-23.jpg","2023-11-16",9,121,1,"7-91211","11/16/2023"
"131","Russia","Soviet Union","74 T-64BV","destroyed","https://i.postimg.cc/cCVFwSkP/1005-T-64-BV-destr-12-11-23.jpg","2023-11-16",9,122,1,"7-91221","11/16/2023"
"132","Russia","Soviet Union","74 T-64BV","destroyed","https://i.postimg.cc/RCbVZqfr/1003-T-64-BV-destr-26-05-23.jpg","2023-11-16",9,123,1,"7-91231","11/16/2023"
"133","Russia","Soviet Union","74 T-64BV","destroyed","https://i.postimg.cc/xCxJ91vh/1017-t64bv-destr-20-04-23.jpg","2023-11-16",9,124,1,"7-91241","11/16/2023"
"134","Russia","Soviet Union","74 T-64BV","destroyed","https://i.postimg.cc/fy7MKQJL/1040-T64bv-2x-bmp1-destr-18-07-23.jpg","2023-11-16",9,125,1,"7-91251","11/16/2023"
"135","Russia","Soviet Union","74 T-64BV","destroyed","https://i.postimg.cc/9XwQ7HVK/1004-t64bv-destr-31-05-23.jpg","2023-11-16",9,126,1,"7-91261","11/16/2023"
"136","Russia","Soviet Union","74 T-64BV","destroyed","https://i.postimg.cc/wTcQZgWp/1012-t64bv-destr-01-08-23.jpg","2023-11-16",9,127,1,"7-91271","11/16/2023"
"137","Russia","Soviet Union","74 T-64BV","destroyed","https://i.postimg.cc/Jzpc7KVY/1018-t64bv-destr-01-08-23.jpg","2023-11-16",9,128,1,"7-91281","11/16/2023"
"138","Russia","Soviet Union","74 T-64BV","destroyed","https://i.postimg.cc/0yk0qF3J/1023-T-64-BV-destr15-06-23.jpg","2023-11-16",9,129,1,"7-91291","11/16/2023"
"139","Russia","Soviet Union","74 T-64BV","destroyed","https://i.postimg.cc/P5Rv26cC/657.png","2023-11-16",9,130,1,"7-91301","11/16/2023"
"140","Russia","Soviet Union","74 T-64BV","destroyed","https://i.postimg.cc/QMgYnYvD/1009-t64bv-destr-25-01-23.jpg","2023-11-16",9,131,1,"7-91311","11/16/2023"
"141","Russia","Soviet Union","74 T-64BV","destroyed","https://i.postimg.cc/DwcdZ1KV/1002-T-64-BV-AMN-590951-and-BMP2-destr-13-10-23.jpg","2023-11-16",9,132,1,"7-91321","11/16/2023"
"142","Russia","Soviet Union","74 T-64BV","destroyed","https://postimg.cc/4HT6Q4r9","2023-11-16",9,133,1,"7-91331","11/16/2023"
"143","Russia","Soviet Union","74 T-64BV","destroyed","https://i.postimg.cc/HnPSzzXX/1028-1x-t64bv-1x-bmp1-destr-bmp1-aband-31-10-23.jpg","2023-11-16",9,134,1,"7-91341","11/16/2023"
"144","Russia","Soviet Union","74 T-64BV","destroyed","https://i.postimg.cc/QCgmSv5g/1016-64-BV-and-72-destr-19-10-23.jpg","2023-11-16",9,135,1,"7-91351","11/16/2023"
"145","Russia","Soviet Union","74 T-64BV","destroyed","https://i.postimg.cc/tJ1rsTkh/1012-2x-t64bv-1x-t72b-destr-11-11-23.jpg","2023-11-16",9,136,1,"7-91361","11/16/2023"
"146","Russia","Soviet Union","74 T-64BV","damaged","https://postimg.cc/RqK9zGbg","2023-11-16",9,137,2,"7-91372","11/16/2023"
"147","Russia","Soviet Union","74 T-64BV","damaged","https://i.postimg.cc/SQYyjpnT/887.jpg","2023-11-16",9,138,2,"7-91382","11/16/2023"
"148","Russia","Soviet Union","74 T-64BV","damaged","https://i.postimg.cc/dtFr6Q9b/1000-t64bv-dam-29-12-22.jpg","2023-11-16",9,139,2,"7-91392","11/16/2023"
"149","Russia","Soviet Union","74 T-64BV","damaged","https://i.postimg.cc/L52GF2Ln/1001-unkn-tank-dam-23-02-23.jpg","2023-11-16",9,140,2,"7-91402","11/16/2023"
"150","Russia","Soviet Union","74 T-64BV","damaged","https://i.postimg.cc/8c7Fcgw5/1001-t64bv-dam-11-06-23.jpg","2023-11-16",9,141,2,"7-91412","11/16/2023"
"151","Russia","Soviet Union","74 T-64BV","damaged","https://i.postimg.cc/857XmMJg/1069-t80bv-dam-02-10-23.jpg","2023-11-16",9,142,2,"7-91422","11/16/2023"
"152","Russia","Soviet Union","74 T-64BV","damaged","https://i.postimg.cc/ydGDx8dC/1037-t64bv-dam-14-10-23.jpg","2023-11-16",9,143,2,"7-91432","11/16/2023"
"153","Russia","Soviet Union","74 T-64BV","damaged","https://i.postimg.cc/cJd3fT2C/1001.jpg","2023-11-16",9,144,2,"7-91442","11/16/2023"
"154","Russia","Soviet Union","74 T-64BV","abandoned","https://i.postimg.cc/2SxhnNXW/545.jpg","2023-11-16",9,145,4,"7-91454","11/16/2023"
"155","Russia","Soviet Union","74 T-64BV","abandoned","https://twitter.com/Osinttechnical/status/1543835821123534849","2023-11-16",9,146,4,"7-91464","11/16/2023"
"156","Russia","Soviet Union","74 T-64BV","damaged","https://i.postimg.cc/jSJ8dJ3K/1042-t72b-aband-11-10-23.jpg","2023-11-16",9,147,2,"7-91472","11/16/2023"
"157","Russia","Soviet Union","74 T-64BV","abandoned","https://i.postimg.cc/jSJ8dJ3K/1042-t72b-aband-11-10-23.jpg","2023-11-16",9,147,4,"7-91474","11/16/2023"
"158","Russia","Soviet Union","74 T-64BV","damaged","https://i.postimg.cc/0NcRYBJS/1046-t64bv-dam-aband-18-10-23.jpg","2023-11-16",9,148,2,"7-91482","11/16/2023"
"159","Russia","Soviet Union","74 T-64BV","abandoned","https://i.postimg.cc/0NcRYBJS/1046-t64bv-dam-aband-18-10-23.jpg","2023-11-16",9,148,4,"7-91484","11/16/2023"
"160","Russia","Soviet Union","74 T-64BV","captured","https://i.postimg.cc/RVPvm2Tw/1000-t64bv-capt.jpg","2023-11-16",9,149,3,"7-91493","11/16/2023"
"161","Russia","Soviet Union","74 T-64BV","captured","https://i.postimg.cc/VL4dSdk8/32133.png","2023-11-16",9,150,3,"7-91503","11/16/2023"
"162","Russia","Soviet Union","74 T-64BV","damaged","https://i.postimg.cc/Gmh6ZzQv/31d.png","2023-11-16",9,151,2,"7-91512","11/16/2023"
"163","Russia","Soviet Union","74 T-64BV","captured","https://i.postimg.cc/Gmh6ZzQv/31d.png","2023-11-16",9,151,3,"7-91513","11/16/2023"
"164","Russia","Soviet Union","74 T-64BV","captured","https://i.postimg.cc/W4kWxSLT/7769.jpg","2023-11-16",9,152,3,"7-91523","11/16/2023"
"165","Russia","Soviet Union","74 T-64BV","captured","https://i.postimg.cc/v8J9YFfJ/1007.jpg","2023-11-16",9,153,3,"7-91533","11/16/2023"
"166","Russia","Soviet Union","2 T-72 'Ural'","destroyed","https://i.postimg.cc/y6RZBsQ6/1010-t72-A-destr-07-02-23.jpg","2023-11-16",10,154,1,"7-101541","11/16/2023"
"167","Russia","Soviet Union","2 T-72 'Ural'","damaged","https://i.postimg.cc/59CtGKz2/1018-t72ural-dam-aband-19-05-23.jpg","2023-11-16",10,155,2,"7-101552","11/16/2023"
"168","Russia","Soviet Union","2 T-72 'Ural'","abandoned","https://i.postimg.cc/59CtGKz2/1018-t72ural-dam-aband-19-05-23.jpg","2023-11-16",10,155,4,"7-101554","11/16/2023"
"169","Russia","Soviet Union","42 T-72A","destroyed","https://i.postimg.cc/Prr1LXqZ/58.png","2023-11-16",11,156,1,"7-111561","11/16/2023"
"170","Russia","Soviet Union","42 T-72A","destroyed","https://i.postimg.cc/mrQPXJDB/e1.png","2023-11-16",11,157,1,"7-111571","11/16/2023"
"171","Russia","Soviet Union","42 T-72A","destroyed","https://i.postimg.cc/zBPksXf8/1000-t-72a.jpg","2023-11-16",11,158,1,"7-111581","11/16/2023"
"172","Russia","Soviet Union","42 T-72A","destroyed","https://i.postimg.cc/ZnhCrpqR/28.png","2023-11-16",11,159,1,"7-111591","11/16/2023"
"173","Russia","Soviet Union","42 T-72A","destroyed","https://i.postimg.cc/kX7BT8yc/65.jpg","2023-11-16",11,160,1,"7-111601","11/16/2023"
"174","Russia","Soviet Union","42 T-72A","destroyed","https://i.postimg.cc/Dy6Y8N89/g7.jpg","2023-11-16",11,161,1,"7-111611","11/16/2023"
"175","Russia","Soviet Union","42 T-72A","destroyed","https://i.postimg.cc/tg0SKYHf/2216.jpg","2023-11-16",11,162,1,"7-111621","11/16/2023"
"176","Russia","Soviet Union","42 T-72A","destroyed","https://i.postimg.cc/MG3NKhKh/1003.jpg","2023-11-16",11,163,1,"7-111631","11/16/2023"
"177","Russia","Soviet Union","42 T-72A","destroyed","https://i.postimg.cc/rwLTCjMW/554.jpg","2023-11-16",11,164,1,"7-111641","11/16/2023"
"178","Russia","Soviet Union","42 T-72A","destroyed","https://i.postimg.cc/bvVFDzy9/326.png","2023-11-16",11,165,1,"7-111651","11/16/2023"
"179","Russia","Soviet Union","42 T-72A","destroyed","https://twitter.com/UAWeapons/status/1545074010299547650","2023-11-16",11,166,1,"7-111661","11/16/2023"
"180","Russia","Soviet Union","42 T-72A","destroyed","https://i.postimg.cc/rw2xrW1L/1000-t72a.jpg","2023-11-16",11,167,1,"7-111671","11/16/2023"
"181","Russia","Soviet Union","42 T-72A","destroyed","https://i.postimg.cc/qB9j1Ns1/1001-t72a.jpg","2023-11-16",11,168,1,"7-111681","11/16/2023"
"182","Russia","Soviet Union","42 T-72A","destroyed","https://i.postimg.cc/2617wYVp/1021-t72a.jpg","2023-11-16",11,169,1,"7-111691","11/16/2023"
"183","Russia","Soviet Union","42 T-72A","destroyed","https://i.postimg.cc/1Xsx5CvZ/BMP-1-Bilohorivka.png","2023-11-16",11,170,1,"7-111701","11/16/2023"
"184","Russia","Soviet Union","42 T-72A","destroyed","https://i.postimg.cc/j2vzgkHW/2022-05-05-t-72a.jpg","2023-11-16",11,171,1,"7-111711","11/16/2023"
"185","Russia","Soviet Union","42 T-72A","destroyed","https://i.postimg.cc/fyBYQFhq/2022-04-01-T-72-A.jpg","2023-11-16",11,172,1,"7-111721","11/16/2023"
"186","Russia","Soviet Union","42 T-72A","destroyed","https://i.postimg.cc/3JmzYVhg/2022-04-16-T-72-A-destroyed-Velyka-Dymerka.jpg","2023-11-16",11,173,1,"7-111731","11/16/2023"
"187","Russia","Soviet Union","42 T-72A","destroyed","https://i.postimg.cc/k465XfpW/4380.png","2023-11-16",11,174,1,"7-111741","11/16/2023"
"188","Russia","Soviet Union","42 T-72A","destroyed","https://i.postimg.cc/d18cYRk7/4f.jpg","2023-11-16",11,175,1,"7-111751","11/16/2023"
"189","Russia","Soviet Union","42 T-72A","destroyed","https://twitter.com/UAWeapons/status/1651964737742163969","2023-11-16",11,176,1,"7-111761","11/16/2023"
"190","Russia","Soviet Union","42 T-72A","destroyed","https://twitter.com/UAWeapons/status/1679217911246848000","2023-11-16",11,177,1,"7-111771","11/16/2023"
"191","Russia","Soviet Union","42 T-72A","destroyed","https://i.postimg.cc/66MQpsXm/1046-72-A-destr-20-08-23.jpg","2023-11-16",11,178,1,"7-111781","11/16/2023"
"192","Russia","Soviet Union","42 T-72A","destroyed","https://i.postimg.cc/wvnDPVDN/1003-t72-A-destr-12-10-23.jpg","2023-11-16",11,179,1,"7-111791","11/16/2023"
"193","Russia","Soviet Union","42 T-72A","damaged","https://i.postimg.cc/0jTSbC5M/1012.jpg","2023-11-16",11,180,2,"7-111802","11/16/2023"
"194","Russia","Soviet Union","42 T-72A","abandoned","https://i.postimg.cc/q7Pd3TMR/5g4.jpg","2023-11-16",11,181,4,"7-111814","11/16/2023"
"195","Russia","Soviet Union","42 T-72A","damaged","https://i.postimg.cc/pLvwFKqy/1009-1x-t72b-1x-t72-A-dam-aband-07-02-23.jpg","2023-11-16",11,182,2,"7-111822","11/16/2023"
"196","Russia","Soviet Union","42 T-72A","abandoned","https://i.postimg.cc/pLvwFKqy/1009-1x-t72b-1x-t72-A-dam-aband-07-02-23.jpg","2023-11-16",11,182,4,"7-111824","11/16/2023"
"197","Russia","Soviet Union","42 T-72A","damaged","https://twitter.com/UAWeapons/status/1651964737742163969","2023-11-16",11,176,2,"7-111762","11/16/2023"
"198","Russia","Soviet Union","42 T-72A","abandoned","https://twitter.com/UAWeapons/status/1651964737742163969","2023-11-16",11,176,4,"7-111764","11/16/2023"
"199","Russia","Soviet Union","42 T-72A","damaged","https://i.postimg.cc/DwFvf0H4/1016-BREM-1-BTR-82-A-T-72-A-T-72-B3-dam-aband-08-07-23.jpg","2023-11-16",11,183,2,"7-111832","11/16/2023"
"200","Russia","Soviet Union","42 T-72A","abandoned","https://i.postimg.cc/DwFvf0H4/1016-BREM-1-BTR-82-A-T-72-A-T-72-B3-dam-aband-08-07-23.jpg","2023-11-16",11,183,4,"7-111834","11/16/2023"
"201","Russia","Soviet Union","42 T-72A","damaged","https://i.postimg.cc/3N1qRr1N/1015-t72a-dam-aband-04-08-23.jpg","2023-11-16",11,184,2,"7-111842","11/16/2023"
"202","Russia","Soviet Union","42 T-72A","abandoned","https://i.postimg.cc/3N1qRr1N/1015-t72a-dam-aband-04-08-23.jpg","2023-11-16",11,184,4,"7-111844","11/16/2023"
"203","Russia","Soviet Union","42 T-72A","captured","https://i.postimg.cc/DfBZsDkg/558.png","2023-11-16",11,185,3,"7-111853","11/16/2023"
"204","Russia","Soviet Union","42 T-72A","captured","https://i.postimg.cc/tTk2850K/1d4.jpg","2023-11-16",11,186,3,"7-111863","11/16/2023"
"205","Russia","Soviet Union","42 T-72A","captured","https://i.postimg.cc/pLZK95pC/6652.jpg","2023-11-16",11,187,3,"7-111873","11/16/2023"
"206","Russia","Soviet Union","42 T-72A","captured","https://i.postimg.cc/8zcL9Jbz/40.png","2023-11-16",11,188,3,"7-111883","11/16/2023"
"207","Russia","Soviet Union","42 T-72A","captured","https://i.postimg.cc/wMVfmqq2/499.png","2023-11-16",11,189,3,"7-111893","11/16/2023"
"208","Russia","Soviet Union","42 T-72A","captured","https://i.postimg.cc/wB7PKkxS/f9.jpg","2023-11-16",11,190,3,"7-111903","11/16/2023"
"209","Russia","Soviet Union","42 T-72A","captured","https://i.postimg.cc/VkHjZR9j/266.png","2023-11-16",11,191,3,"7-111913","11/16/2023"
"210","Russia","Soviet Union","42 T-72A","captured","https://i.postimg.cc/BbJTW4Xw/44h.png","2023-11-16",11,192,3,"7-111923","11/16/2023"
"211","Russia","Soviet Union","42 T-72A","captured","https://i.postimg.cc/HkMqRm4q/7j6.png","2023-11-16",11,193,3,"7-111933","11/16/2023"
"212","Russia","Soviet Union","42 T-72A","captured","https://i.postimg.cc/JhJ6G2t4/5422.png","2023-11-16",11,194,3,"7-111943","11/16/2023"
"213","Russia","Soviet Union","42 T-72A","captured","https://twitter.com/UAWeapons/status/1576661554321567744","2023-11-16",11,195,3,"7-111953","11/16/2023"
"214","Russia","Soviet Union","13 T-72AV","destroyed","https://i.postimg.cc/mrW6qDwc/2022-03-01-T-72-AV-Makoshyne.jpg","2023-11-16",12,196,1,"7-121961","11/16/2023"
"215","Russia","Soviet Union","13 T-72AV","destroyed","https://i.postimg.cc/nrvf8dH7/75.jpg","2023-11-16",12,197,1,"7-121971","11/16/2023"
"216","Russia","Soviet Union","13 T-72AV","destroyed","https://i.postimg.cc/3RNv9FcH/5547.jpg","2023-11-16",12,198,1,"7-121981","11/16/2023"
"217","Russia","Soviet Union","13 T-72AV","destroyed","https://i.postimg.cc/9XD3rDZP/1001-t-72av.jpg","2023-11-16",12,199,1,"7-121991","11/16/2023"
"218","Russia","Soviet Union","13 T-72AV","destroyed","https://twitter.com/UAWeapons/status/1632850339400384514","2023-11-16",12,200,1,"7-122001","11/16/2023"
"219","Russia","Soviet Union","13 T-72AV","destroyed","https://i.postimg.cc/76DLfwhp/1040-t80bv-and-t80bvm-destr-20-08-23.jpg","2023-11-16",12,201,1,"7-122011","11/16/2023"
"220","Russia","Soviet Union","13 T-72AV","destroyed","https://i.postimg.cc/J07KL6Qb/32j.png","2023-11-16",12,202,1,"7-122021","11/16/2023"
"221","Russia","Soviet Union","13 T-72AV","destroyed","https://i.postimg.cc/W1BsqRcg/3265.png","2023-11-16",12,203,1,"7-122031","11/16/2023"
"222","Russia","Soviet Union","13 T-72AV","destroyed","https://twitter.com/UAWeapons/status/1713179991641309527","2023-11-16",12,204,1,"7-122041","11/16/2023"
"223","Russia","Soviet Union","13 T-72AV","damaged","https://i.postimg.cc/1RJLbc6f/689.png","2023-11-16",12,205,2,"7-122052","11/16/2023"
"224","Russia","Soviet Union","13 T-72AV","captured","https://i.postimg.cc/1RJLbc6f/689.png","2023-11-16",12,205,3,"7-122053","11/16/2023"
"225","Russia","Soviet Union","13 T-72AV","captured","https://i.postimg.cc/Y0ZfvWm2/d67.png","2023-11-16",12,206,3,"7-122063","11/16/2023"
"226","Russia","Soviet Union","13 T-72AV","captured","https://i.postimg.cc/HLP22qvC/4880.png","2023-11-16",12,207,3,"7-122073","11/16/2023"
"227","Russia","Soviet Union","13 T-72AV","captured","https://i.postimg.cc/fR99sv0Q/1019-t72av-capt.jpg","2023-11-16",12,208,3,"7-122083","11/16/2023"
"228","Russia","Soviet Union","T-72B","destroyed","https://i.postimg.cc/1XwLVN2J/1366.png","2023-11-16",13,209,1,"7-132091","11/16/2023"
"229","Russia","Soviet Union","T-72B","destroyed","https://i.postimg.cc/PJyDTMvz/3f.png","2023-11-16",13,210,1,"7-132101","11/16/2023"
"230","Russia","Soviet Union","T-72B","destroyed","https://i.postimg.cc/nVC3Hb5N/v90.png","2023-11-16",13,211,1,"7-132111","11/16/2023"
"231","Russia","Soviet Union","T-72B","destroyed","https://i.postimg.cc/1z0hr1Ck/5gg.png","2023-11-16",13,212,1,"7-132121","11/16/2023"
"232","Russia","Soviet Union","T-72B","destroyed","https://i.postimg.cc/ZRSh28Hf/1019-t72b-destr-18-06-23.png","2023-11-16",13,213,1,"7-132131","11/16/2023"
"233","Russia","Soviet Union","T-72B","captured","https://i.postimg.cc/q78RX85k/v43.png","2023-11-16",13,214,3,"7-132143","11/16/2023"
"234","Russia","Soviet Union","T-72B","destroyed","https://i.postimg.cc/q78RX85k/v43.png","2023-11-16",13,214,1,"7-132141","11/16/2023"
"235","Russia","Soviet Union","T-72B","destroyed","https://i.postimg.cc/7LsDvrGm/b900.png","2023-11-16",13,215,1,"7-132151","11/16/2023"
"236","Russia","Soviet Union","T-72B","destroyed","https://i.postimg.cc/258nmcdH/443l.png","2023-11-16",13,216,1,"7-132161","11/16/2023"
"237","Russia","Soviet Union","T-72B","destroyed","https://i.postimg.cc/PJ6wWFCG/360.png","2023-11-16",13,217,1,"7-132171","11/16/2023"
"238","Russia","Soviet Union","T-72B","destroyed","https://i.postimg.cc/1z9rmbky/6r.png","2023-11-16",13,218,1,"7-132181","11/16/2023"
"239","Russia","Soviet Union","T-72B","destroyed","https://i.postimg.cc/13Sh2Bf1/581.png","2023-11-16",13,219,1,"7-132191","11/16/2023"
"240","Russia","Soviet Union","T-72B","destroyed","https://i.postimg.cc/NfHfvHzc/4678.png","2023-11-16",13,220,1,"7-132201","11/16/2023"
"241","Russia","Soviet Union","T-72B","destroyed","https://i.postimg.cc/4y1bhVKK/3588.png","2023-11-16",13,221,1,"7-132211","11/16/2023"
"242","Russia","Soviet Union","T-72B","destroyed","https://i.postimg.cc/LhdGMJ7x/7j0.jpg","2023-11-16",13,222,1,"7-132221","11/16/2023"
"243","Russia","Soviet Union","T-72B","destroyed","https://i.postimg.cc/VLnqCPFH/bt.png","2023-11-16",13,223,1,"7-132231","11/16/2023"
"244","Russia","Soviet Union","T-72B","destroyed","https://i.postimg.cc/QCRJKWZ1/4399.png","2023-11-16",13,224,1,"7-132241","11/16/2023"
"245","Russia","Soviet Union","T-72B","destroyed","https://i.postimg.cc/63jq82dV/467.png","2023-11-16",13,225,1,"7-132251","11/16/2023"
"246","Russia","Soviet Union","T-72B","destroyed","https://i.postimg.cc/PJVQs9nb/3380.png","2023-11-16",13,226,1,"7-132261","11/16/2023"
"247","Russia","Soviet Union","T-72B","destroyed","https://i.postimg.cc/YCF8cM3t/1002-t72b.jpg","2023-11-16",13,227,1,"7-132271","11/16/2023"
"248","Russia","Soviet Union","T-72B","destroyed","https://i.postimg.cc/PxGCwgBx/h0.jpg","2023-11-16",13,228,1,"7-132281","11/16/2023"
"249","Russia","Soviet Union","T-72B","destroyed","https://i.postimg.cc/Px2P9QYR/t11.png","2023-11-16",13,229,1,"7-132291","11/16/2023"
"250","Russia","Soviet Union","T-72B","destroyed","https://i.postimg.cc/QCzVxN6g/t12.png","2023-11-16",13,230,1,"7-132301","11/16/2023"
"251","Russia","Soviet Union","T-72B","destroyed","https://i.postimg.cc/0NMP51C0/d2.jpg","2023-11-16",13,231,1,"7-132311","11/16/2023"
"252","Russia","Soviet Union","T-72B","destroyed","https://i.postimg.cc/SsqWB6TF/54.jpg","2023-11-16",13,232,1,"7-132321","11/16/2023"
"253","Russia","Soviet Union","T-72B","destroyed","https://i.postimg.cc/MK7H2bYN/64.png","2023-11-16",13,233,1,"7-132331","11/16/2023"
"254","Russia","Soviet Union","T-72B","destroyed","https://i.postimg.cc/5ys6c7Ky/653.png","2023-11-16",13,234,1,"7-132341","11/16/2023"
"255","Russia","Soviet Union","T-72B","destroyed","https://i.postimg.cc/kXhmxnxZ/g65.jpg","2023-11-16",13,235,1,"7-132351","11/16/2023"
"256","Russia","Soviet Union","T-72B","destroyed","https://i.postimg.cc/dV04yqpr/d8.jpg","2023-11-16",13,236,1,"7-132361","11/16/2023"
"257","Russia","Soviet Union","T-72B","destroyed","https://i.postimg.cc/FHnGbMXq/13.jpg","2023-11-16",13,237,1,"7-132371","11/16/2023"
"258","Russia","Soviet Union","T-72B","destroyed","https://i.postimg.cc/ZnVfz5bh/sx.jpg","2023-11-16",13,238,1,"7-132381","11/16/2023"
"259","Russia","Soviet Union","T-72B","destroyed","https://i.postimg.cc/bwLgHcHD/d6.jpg","2023-11-16",13,239,1,"7-132391","11/16/2023"
"260","Russia","Soviet Union","T-72B","destroyed","https://i.postimg.cc/d0p84q71/85g.png","2023-11-16",13,240,1,"7-132401","11/16/2023"
"261","Russia","Soviet Union","T-72B","destroyed","https://postimg.cc/ZCqpTFYY","2023-11-16",13,241,1,"7-132411","11/16/2023"
"262","Russia","Soviet Union","T-72B","destroyed","https://i.postimg.cc/d02MvR3G/1002.jpg","2023-11-16",13,242,1,"7-132421","11/16/2023"
"263","Russia","Soviet Union","T-72B","destroyed","https://i.postimg.cc/TPD19KmC/41.png","2023-11-16",13,243,1,"7-132431","11/16/2023"
"264","Russia","Soviet Union","T-72B","destroyed","https://postimg.cc/2LSs8BCK","2023-11-16",13,244,1,"7-132441","11/16/2023"
"265","Russia","Soviet Union","T-72B","destroyed","https://postimg.cc/rKPksg0C","2023-11-16",13,245,1,"7-132451","11/16/2023"
"266","Russia","Soviet Union","T-72B","destroyed","https://i.postimg.cc/13kJ6tbc/65h.jpg","2023-11-16",13,246,1,"7-132461","11/16/2023"
"267","Russia","Soviet Union","T-72B","destroyed","https://i.postimg.cc/85VDbhxw/f46.jpg","2023-11-16",13,247,1,"7-132471","11/16/2023"
"268","Russia","Soviet Union","T-72B","destroyed","https://i.postimg.cc/xTF2ZrWX/32117.jpg","2023-11-16",13,248,1,"7-132481","11/16/2023"
"269","Russia","Soviet Union","T-72B","destroyed","https://i.postimg.cc/5y7ZDvKh/66.jpg","2023-11-16",13,249,1,"7-132491","11/16/2023"
"270","Russia","Soviet Union","T-72B","destroyed","https://i.postimg.cc/mDwxNKY2/677.jpg","2023-11-16",13,250,1,"7-132501","11/16/2023"
"271","Russia","Soviet Union","T-72B","destroyed","https://i.postimg.cc/rF0xgMxn/87.jpg","2023-11-16",13,251,1,"7-132511","11/16/2023"
"272","Russia","Soviet Union","T-72B","destroyed","https://i.postimg.cc/85xknTjh/4889.jpg","2023-11-16",13,252,1,"7-132521","11/16/2023"
"273","Russia","Soviet Union","T-72B","destroyed","https://i.postimg.cc/fLDbXZk5/d5.jpg","2023-11-16",13,253,1,"7-132531","11/16/2023"
"274","Russia","Soviet Union","T-72B","destroyed","https://i.postimg.cc/pdtCR4Gz/1003-t72b.jpg","2023-11-16",13,254,1,"7-132541","11/16/2023"
"275","Russia","Soviet Union","T-72B","destroyed","https://i.postimg.cc/SsSGz8pK/1004-t72b.jpg","2023-11-16",13,255,1,"7-132551","11/16/2023"
"276","Russia","Soviet Union","T-72B","destroyed","https://i.postimg.cc/vHJLtCdk/1005-t72b.jpg","2023-11-16",13,256,1,"7-132561","11/16/2023"
"277","Russia","Soviet Union","T-72B","destroyed","https://i.postimg.cc/wMNNW0t9/471.png","2023-11-16",13,257,1,"7-132571","11/16/2023"
"278","Russia","Soviet Union","T-72B","destroyed","https://i.postimg.cc/cCPmCv3L/79.jpg","2023-11-16",13,258,1,"7-132581","11/16/2023"
"279","Russia","Soviet Union","T-72B","destroyed","https://i.postimg.cc/TPrfD5f5/1014-t72b-destr-23-10-23.jpg","2023-11-16",13,259,1,"7-132591","11/16/2023"
"280","Russia","Soviet Union","T-72B","destroyed","https://i.postimg.cc/DZRdpNXS/1015-t72b.jpg","2023-11-16",13,260,1,"7-132601","11/16/2023"
"281","Russia","Soviet Union","T-72B","destroyed","https://i.postimg.cc/5NvNKM1Y/387.jpg","2023-11-16",13,261,1,"7-132611","11/16/2023"
"282","Russia","Soviet Union","T-72B","destroyed","https://i.postimg.cc/PxFBTNbX/3377.jpg","2023-11-16",13,262,1,"7-132621","11/16/2023"
"283","Russia","Soviet Union","T-72B","destroyed","https://i.postimg.cc/Z55738s4/55.png","2023-11-16",13,263,1,"7-132631","11/16/2023"
"284","Russia","Soviet Union","T-72B","destroyed","https://i.postimg.cc/0NgPWQfy/2022-04-07-t-72b.jpg","2023-11-16",13,264,1,"7-132641","11/16/2023"
"285","Russia","Soviet Union","T-72B","destroyed","https://i.postimg.cc/MHhL76xH/b1.jpg","2023-11-16",13,265,1,"7-132651","11/16/2023"
"286","Russia","Soviet Union","T-72B","destroyed","https://i.postimg.cc/mZqKfwM4/b2.jpg","2023-11-16",13,266,1,"7-132661","11/16/2023"
"287","Russia","Soviet Union","T-72B","destroyed","https://i.postimg.cc/K8hV48Js/b3.jpg","2023-11-16",13,267,1,"7-132671","11/16/2023"
"288","Russia","Soviet Union","T-72B","destroyed","https://i.postimg.cc/V6vZ2rk5/b4.jpg","2023-11-16",13,268,1,"7-132681","11/16/2023"
"289","Russia","Soviet Union","T-72B","destroyed","https://i.postimg.cc/vDFP10L6/b5.jpg","2023-11-16",13,269,1,"7-132691","11/16/2023"
"290","Russia","Soviet Union","T-72B","destroyed","https://i.postimg.cc/rwFNQzDh/4f3.png","2023-11-16",13,270,1,"7-132701","11/16/2023"
"291","Russia","Soviet Union","T-72B","destroyed","https://i.postimg.cc/9fQrgdd9/5g22.jpg","2023-11-16",13,271,1,"7-132711","11/16/2023"
"292","Russia","Soviet Union","T-72B","destroyed","https://twitter.com/UAWeapons/status/1524002774261850114","2023-11-16",13,272,1,"7-132721","11/16/2023"
"293","Russia","Soviet Union","T-72B","destroyed","https://i.postimg.cc/d0HHqhh8/dd30.jpg","2023-11-16",13,273,1,"7-132731","11/16/2023"
"294","Russia","Soviet Union","T-72B","destroyed","https://i.postimg.cc/MZP1tvq7/dd3.jpg","2023-11-16",13,274,1,"7-132741","11/16/2023"
"295","Russia","Soviet Union","T-72B","destroyed","https://i.postimg.cc/tCsWcp4L/dd4.jpg","2023-11-16",13,275,1,"7-132751","11/16/2023"
"296","Russia","Soviet Union","T-72B","destroyed","https://i.postimg.cc/4xNbMmqg/f43.jpg","2023-11-16",13,276,1,"7-132761","11/16/2023"
"297","Russia","Soviet Union","T-72B","destroyed","https://i.postimg.cc/htL4s02S/g5.jpg","2023-11-16",13,277,1,"7-132771","11/16/2023"
"298","Russia","Soviet Union","T-72B","destroyed","https://i.postimg.cc/xdgfD1rh/g6.jpg","2023-11-16",13,278,1,"7-132781","11/16/2023"
"299","Russia","Soviet Union","T-72B","destroyed","https://i.postimg.cc/76yX3XC3/33dp.jpg","2023-11-16",13,279,1,"7-132791","11/16/2023"
"300","Russia","Soviet Union","T-72B","destroyed","https://i.postimg.cc/jdbQyxjn/3d2.png","2023-11-16",13,280,1,"7-132801","11/16/2023"
"301","Russia","Soviet Union","T-72B","destroyed","https://i.postimg.cc/fTDmJ8Hx/4f44.png","2023-11-16",13,281,1,"7-132811","11/16/2023"
"302","Russia","Soviet Union","T-72B","destroyed","https://i.postimg.cc/2536SJhH/ff4.png","2023-11-16",13,282,1,"7-132821","11/16/2023"
"303","Russia","Soviet Union","T-72B","destroyed","https://i.postimg.cc/1R864rPm/66655.jpg","2023-11-16",13,283,1,"7-132831","11/16/2023"
"304","Russia","Soviet Union","T-72B","destroyed","https://i.postimg.cc/63d4c17J/2022-09-28-T-72.jpg","2023-11-16",13,284,1,"7-132841","11/16/2023"
"305","Russia","Soviet Union","T-72B","destroyed","https://i.postimg.cc/GtWpsVp3/1014.jpg","2023-11-16",13,285,1,"7-132851","11/16/2023"
"306","Russia","Soviet Union","T-72B","destroyed","https://twitter.com/UAWeapons/status/1546449671698145281","2023-11-16",13,286,1,"7-132861","11/16/2023"
"307","Russia","Soviet Union","T-72B","destroyed","https://i.postimg.cc/XJXdKG76/1012.jpg","2023-11-16",13,287,1,"7-132871","11/16/2023"
"308","Russia","Soviet Union","T-72B","destroyed","https://twitter.com/UAWeapons/status/1555188898824962048","2023-11-16",13,288,1,"7-132881","11/16/2023"
"309","Russia","Soviet Union","T-72B","destroyed","https://i.postimg.cc/RCykfvLk/1005-t72b.jpg","2023-11-16",13,289,1,"7-132891","11/16/2023"
"310","Russia","Soviet Union","T-72B","destroyed","https://i.postimg.cc/T3GDrcyZ/1004-t72b.jpg","2023-11-16",13,290,1,"7-132901","11/16/2023"
"311","Russia","Soviet Union","T-72B","destroyed","https://i.postimg.cc/PNntn2sh/1006-t72b.jpg","2023-11-16",13,291,1,"7-132911","11/16/2023"
"312","Russia","Soviet Union","T-72B","destroyed","https://twitter.com/RALee85/status/1558148936514342913","2023-11-16",13,292,1,"7-132921","11/16/2023"
"313","Russia","Soviet Union","T-72B","captured","https://i.postimg.cc/rmfPfp1n/286.png","2023-11-16",13,293,3,"7-132933","11/16/2023"
"314","Russia","Soviet Union","T-72B","destroyed","https://i.postimg.cc/rmfPfp1n/286.png","2023-11-16",13,293,1,"7-132931","11/16/2023"
"315","Russia","Soviet Union","T-72B","destroyed","https://i.postimg.cc/15mLp1Wr/1016-t72b-destr.jpg","2023-11-16",13,294,1,"7-132941","11/16/2023"
"316","Russia","Soviet Union","T-72B","destroyed","https://twitter.com/UAWeapons/status/1625242267916070918","2023-11-16",13,295,1,"7-132951","11/16/2023"
"317","Russia","Soviet Union","T-72B","destroyed","https://i.postimg.cc/j29sgkKq/1001-T-72-B-destr-23-05-23.jpg","2023-11-16",13,296,1,"7-132961","11/16/2023"
"318","Russia","Soviet Union","T-72B","destroyed","https://i.postimg.cc/BnQK2Wcb/1001-t72b.jpg","2023-11-16",13,297,1,"7-132971","11/16/2023"
"319","Russia","Soviet Union","T-72B","destroyed","https://i.postimg.cc/SxN0MQHj/1007-t72b-destr-23-10-23.jpg","2023-11-16",13,298,1,"7-132981","11/16/2023"
"320","Russia","Soviet Union","T-72B","destroyed","https://i.postimg.cc/FKnPgdrs/218.png","2023-11-16",13,299,1,"7-132991","11/16/2023"
"321","Russia","Soviet Union","T-72B","destroyed","https://i.postimg.cc/g2X2fTvd/1002-t72b.jpg","2023-11-16",13,300,1,"7-133001","11/16/2023"
"322","Russia","Soviet Union","T-72B","destroyed","https://twitter.com/UAWeapons/status/1572670481068883970","2023-11-16",13,301,1,"7-133011","11/16/2023"
"323","Russia","Soviet Union","T-72B","destroyed","https://i.postimg.cc/yxxk4wMR/1007-t72b.jpg","2023-11-16",13,302,1,"7-133021","11/16/2023"
"324","Russia","Soviet Union","T-72B","destroyed","https://i.postimg.cc/SRPjyg4v/1008-t72b.jpg","2023-11-16",13,303,1,"7-133031","11/16/2023"
"325","Russia","Soviet Union","T-72B","destroyed","https://i.postimg.cc/C5Gtt2Xr/55420.png","2023-11-16",13,304,1,"7-133041","11/16/2023"
"326","Russia","Soviet Union","T-72B","destroyed","https://twitter.com/UAWeapons/status/1572972291624951809","2023-11-16",13,305,1,"7-133051","11/16/2023"
"327","Russia","Soviet Union","T-72B","destroyed","https://i.postimg.cc/SjbR66Mq/1007-t72b.jpg","2023-11-16",13,306,1,"7-133061","11/16/2023"
"328","Russia","Soviet Union","T-72B","destroyed","https://twitter.com/UAWeapons/status/1573343531221106688","2023-11-16",13,307,1,"7-133071","11/16/2023"
"329","Russia","Soviet Union","T-72B","destroyed","https://i.postimg.cc/hvFY0K3J/2022-05-16-T-72-B.jpg","2023-11-16",13,308,1,"7-133081","11/16/2023"
"330","Russia","Soviet Union","T-72B","destroyed","https://i.postimg.cc/KjsGGSb7/2022-09-20-T-72-B.jpg","2023-11-16",13,309,1,"7-133091","11/16/2023"
"331","Russia","Soviet Union","T-72B","destroyed","https://i.postimg.cc/FRhhCc8k/T-72B.png","2023-11-16",13,310,1,"7-133101","11/16/2023"
"332","Russia","Soviet Union","T-72B","destroyed","https://i.postimg.cc/x8CmqQYP/T-72-B-Sviatohirsk.png","2023-11-16",13,311,1,"7-133111","11/16/2023"
"333","Russia","Soviet Union","T-72B","destroyed","https://i.postimg.cc/hPn9K6Xn/1020-1x-t72b-2x-bmp1-1x-bmp2-destr.jpg","2023-11-16",13,312,1,"7-133121","11/16/2023"
"334","Russia","Soviet Union","T-72B","destroyed","https://i.postimg.cc/sxhDGBYd/1502-t72b-destr.jpg","2023-11-16",13,313,1,"7-133131","11/16/2023"
"335","Russia","Soviet Union","T-72B","destroyed","https://i.postimg.cc/KzX343B3/1022-t72b-destr.jpg","2023-11-16",13,314,1,"7-133141","11/16/2023"
"336","Russia","Soviet Union","T-72B","destroyed","https://twitter.com/UAWeapons/status/1581316972599705601","2023-11-16",13,315,1,"7-133151","11/16/2023"
"337","Russia","Soviet Union","T-72B","destroyed","https://i.postimg.cc/CMB4tR5b/2022-03-30-t-72b.jpg","2023-11-16",13,316,1,"7-133161","11/16/2023"
"338","Russia","Soviet Union","T-72B","destroyed","https://i.postimg.cc/Gh7FvV3V/2022-05-05-t-72b.jpg","2023-11-16",13,317,1,"7-133171","11/16/2023"
"339","Russia","Soviet Union","T-72B","destroyed","https://i.postimg.cc/pXttp8Jh/2022-05-12-t-72b.jpg","2023-11-16",13,318,1,"7-133181","11/16/2023"
"340","Russia","Soviet Union","T-72B","destroyed","https://i.postimg.cc/dQCYsnrc/2022-05-12-t-72b-2.jpg","2023-11-16",13,319,1,"7-133191","11/16/2023"
"341","Russia","Soviet Union","T-72B","destroyed","https://i.postimg.cc/0NyMtT4X/2022-06-14-t-72b.jpg","2023-11-16",13,320,1,"7-133201","11/16/2023"
"342","Russia","Soviet Union","T-72B","destroyed","https://i.postimg.cc/Wz0WQS3G/2022-06-28-t-72b.jpg","2023-11-16",13,321,1,"7-133211","11/16/2023"
"343","Russia","Soviet Union","T-72B","destroyed","https://i.postimg.cc/pdrH0jN8/2022-07-02-t-72b.jpg","2023-11-16",13,322,1,"7-133221","11/16/2023"
"344","Russia","Soviet Union","T-72B","destroyed","https://i.postimg.cc/JnP327Tg/2022-07-17-t-72b.jpg","2023-11-16",13,323,1,"7-133231","11/16/2023"
"345","Russia","Soviet Union","T-72B","destroyed","https://i.postimg.cc/767GSsg6/2022-07-31-t-72b.jpg","2023-11-16",13,324,1,"7-133241","11/16/2023"
"346","Russia","Soviet Union","T-72B","destroyed","https://i.postimg.cc/Xv6smtMq/2022-09-02-t-72b.jpg","2023-11-16",13,325,1,"7-133251","11/16/2023"
"347","Russia","Soviet Union","T-72B","captured","https://i.postimg.cc/yd0hn5Qc/1500.jpg","2023-11-16",13,326,3,"7-133263","11/16/2023"
"348","Russia","Soviet Union","T-72B","destroyed","https://i.postimg.cc/yd0hn5Qc/1500.jpg","2023-11-16",13,326,1,"7-133261","11/16/2023"
"349","Russia","Soviet Union","T-72B","destroyed","https://twitter.com/UAWeapons/status/1587483785435783172","2023-11-16",13,327,1,"7-133271","11/16/2023"
"350","Russia","Soviet Union","T-72B","destroyed","https://twitter.com/UAWeapons/status/1589576335793721344","2023-11-16",13,328,1,"7-133281","11/16/2023"
"351","Russia","Soviet Union","T-72B","destroyed","https://i.postimg.cc/s2ChNzvv/1000-t72b-destr-24-10.jpg","2023-11-16",13,329,1,"7-133291","11/16/2023"
"352","Russia","Soviet Union","T-72B","destroyed","https://i.postimg.cc/L4DMBtTj/1019-t72b-destr.png","2023-11-16",13,330,1,"7-133301","11/16/2023"
"353","Russia","Soviet Union","T-72B","destroyed","https://i.postimg.cc/wB2VGSkj/1029-t72b-destr-31-05-22.jpg","2023-11-16",13,331,1,"7-133311","11/16/2023"
"354","Russia","Soviet Union","T-72B","destroyed","https://i.postimg.cc/DwgVGWdV/1009-t72b-destr.jpg","2023-11-16",13,332,1,"7-133321","11/16/2023"
"355","Russia","Soviet Union","T-72B","destroyed","https://i.postimg.cc/g2dmqBbL/1000-t72b-destr.jpg","2023-11-16",13,333,1,"7-133331","11/16/2023"
"356","Russia","Soviet Union","T-72B","destroyed","https://i.postimg.cc/vBC28Wcy/11-10-2022-T-72-B-destroyed.png","2023-11-16",13,334,1,"7-133341","11/16/2023"
"357","Russia","Soviet Union","T-72B","destroyed","https://i.postimg.cc/MZQQkBRz/11-16-2022-T-72-B-destroyed.png","2023-11-16",13,335,1,"7-133351","11/16/2023"
"358","Russia","Soviet Union","T-72B","destroyed","https://i.postimg.cc/mgWF7qgv/1004-t72b-destr.jpg","2023-11-16",13,336,1,"7-133361","11/16/2023"
"359","Russia","Soviet Union","T-72B","destroyed","https://i.postimg.cc/7Pn7NYxv/1004-t72b-destr.jpg","2023-11-16",13,337,1,"7-133371","11/16/2023"
"360","Russia","Soviet Union","T-72B","destroyed","https://twitter.com/UAWeapons/status/1608223041388945408","2023-11-16",13,338,1,"7-133381","11/16/2023"
"361","Russia","Soviet Union","T-72B","destroyed","https://i.postimg.cc/Y9RJKWBT/2022-04-28-T-72-A-destroyed-Chernihiv.jpg","2023-11-16",13,339,1,"7-133391","11/16/2023"
"362","Russia","Soviet Union","T-72B","destroyed","https://twitter.com/UAWeapons/status/1612846200868450305","2023-11-16",13,340,1,"7-133401","11/16/2023"
"363","Russia","Soviet Union","T-72B","destroyed","https://twitter.com/UAWeapons/status/1613627261852286978","2023-11-16",13,341,1,"7-133411","11/16/2023"
"364","Russia","Soviet Union","T-72B","destroyed","https://i.postimg.cc/T3xNF4Kx/1004-t72b-destr-12-01-23.jpg","2023-11-16",13,342,1,"7-133421","11/16/2023"
"365","Russia","Soviet Union","T-72B","destroyed","https://twitter.com/UAWeapons/status/1615044073085145099","2023-11-16",13,343,1,"7-133431","11/16/2023"
"366","Russia","Soviet Union","T-72B","destroyed","https://i.postimg.cc/Wbkn2BNn/1008-t72b-destr-25-04-22.jpg","2023-11-16",13,344,1,"7-133441","11/16/2023"
"367","Russia","Soviet Union","T-72B","destroyed","https://i.postimg.cc/CxnWpPXT/1026-t72b-destr-30-11-22.jpg","2023-11-16",13,345,1,"7-133451","11/16/2023"
"368","Russia","Soviet Union","T-72B","destroyed","https://i.postimg.cc/XvdSzZCP/1023-t72b-destr-20-01-23.jpg","2023-11-16",13,346,1,"7-133461","11/16/2023"
"369","Russia","Soviet Union","T-72B","destroyed","https://i.postimg.cc/k5rLKnpv/1028-t72b-destr-20-01-23.jpg","2023-11-16",13,347,1,"7-133471","11/16/2023"
"370","Russia","Soviet Union","T-72B","destroyed","https://i.postimg.cc/LX02XWKr/1007-t72b-destr-and-bmp1-dam-27-01-23.jpg","2023-11-16",13,348,1,"7-133481","11/16/2023"
"371","Russia","Soviet Union","T-72B","destroyed","https://i.postimg.cc/NG85znc2/1012-t72b-destr-02-02-23.jpg","2023-11-16",13,349,1,"7-133491","11/16/2023"
"372","Russia","Soviet Union","T-72B","destroyed","https://i.postimg.cc/W18R7x1m/1029-t72b-destr-08-02-23.jpg","2023-11-16",13,350,1,"7-133501","11/16/2023"
"373","Russia","Soviet Union","T-72B","destroyed","https://i.postimg.cc/nhkLQRHd/1027-t72b-destr-xx-08-22.jpg","2023-11-16",13,351,1,"7-133511","11/16/2023"
"374","Russia","Soviet Union","T-72B","destroyed","https://i.postimg.cc/wxmTkTqR/1032-1x-t72b3m-2x-t72b-destr-xx-08-23.jpg","2023-11-16",13,352,1,"7-133521","11/16/2023"
"375","Russia","Soviet Union","T-72B","destroyed","https://i.postimg.cc/3JS2hqGk/1013-t72b-destr-22-02-23.jpg","2023-11-16",13,353,1,"7-133531","11/16/2023"
"376","Russia","Soviet Union","T-72B","destroyed","https://i.postimg.cc/y8xd2Xr7/1027-t72b-destr-19-10-23.jpg","2023-11-16",13,354,1,"7-133541","11/16/2023"
"377","Russia","Soviet Union","T-72B","destroyed","https://twitter.com/UAWeapons/status/1633111053574848512","2023-11-16",13,355,1,"7-133551","11/16/2023"
"378","Russia","Soviet Union","T-72B","destroyed","https://i.postimg.cc/zfzXh47C/1016-t72b-destr-07-03-23.jpg","2023-11-16",13,356,1,"7-133561","11/16/2023"
"379","Russia","Soviet Union","T-72B","destroyed","https://i.postimg.cc/Z5hpS7MD/1013-t72b-destr-10-03-23.jpg","2023-11-16",13,357,1,"7-133571","11/16/2023"
"380","Russia","Soviet Union","T-72B","destroyed","https://twitter.com/UAWeapons/status/1635311014760837122","2023-11-16",13,358,1,"7-133581","11/16/2023"
"381","Russia","Soviet Union","T-72B","destroyed","https://i.postimg.cc/K8hxLxrJ/1300-t72b.jpg","2023-11-16",13,359,1,"7-133591","11/16/2023"
"382","Russia","Soviet Union","T-72B","destroyed","https://i.postimg.cc/cHXzQt2Q/1011-t72b-destr-27-07-22.jpg","2023-11-16",13,360,1,"7-133601","11/16/2023"
"383","Russia","Soviet Union","T-72B","destroyed","https://i.postimg.cc/ZKmKg905/1029-t72b-destr-16-03-23.jpg","2023-11-16",13,361,1,"7-133611","11/16/2023"
"384","Russia","Soviet Union","T-72B","destroyed","https://i.postimg.cc/tg5ZB8KT/653.png","2023-11-16",13,362,1,"7-133621","11/16/2023"
"385","Russia","Soviet Union","T-72B","destroyed","https://i.postimg.cc/vZtVLXkh/578.png","2023-11-16",13,363,1,"7-133631","11/16/2023"
"386","Russia","Soviet Union","T-72B","destroyed","https://twitter.com/UAWeapons/status/1638845891254558720","2023-11-16",13,364,1,"7-133641","11/16/2023"
"387","Russia","Soviet Union","T-72B","destroyed","https://i.postimg.cc/1zpBJ5db/5470.png","2023-11-16",13,365,1,"7-133651","11/16/2023"
"388","Russia","Soviet Union","T-72B","destroyed","https://i.postimg.cc/FRW4GJTH/57p0.png","2023-11-16",13,366,1,"7-133661","11/16/2023"
"389","Russia","Soviet Union","T-72B","destroyed","https://i.postimg.cc/Y96bWhMX/88k.png","2023-11-16",13,367,1,"7-133671","11/16/2023"
"390","Russia","Soviet Union","T-72B","destroyed","https://i.postimg.cc/QMDX1n12/1012-t72b-destr-29-03-23.jpg","2023-11-16",13,368,1,"7-133681","11/16/2023"
"391","Russia","Soviet Union","T-72B","destroyed","https://i.postimg.cc/P51MfvZ2/338.png","2023-11-16",13,369,1,"7-133691","11/16/2023"
"392","Russia","Soviet Union","T-72B","destroyed","https://twitter.com/UAWeapons/status/1649325531899330561","2023-11-16",13,370,1,"7-133701","11/16/2023"
"393","Russia","Soviet Union","T-72B","destroyed","https://twitter.com/naalsio26/status/1716126930477428823","2023-11-16",13,371,1,"7-133711","11/16/2023"
"394","Russia","Soviet Union","T-72B","destroyed","https://twitter.com/UAWeapons/status/1651964737742163969","2023-11-16",13,176,1,"7-131761","11/16/2023"
"395","Russia","Soviet Union","T-72B","destroyed","https://i.postimg.cc/66bdS43W/1003-t72b-destr-09-06-22.jpg","2023-11-16",13,372,1,"7-133721","11/16/2023"
"396","Russia","Soviet Union","T-72B","destroyed","https://i.postimg.cc/3wZGZdVH/1017-t72b-destr-18-10-22.jpg","2023-11-16",13,373,1,"7-133731","11/16/2023"
"397","Russia","Soviet Union","T-72B","destroyed","https://i.postimg.cc/FsMvMnF4/1005-t72b-destr-10-11-22.jpg","2023-11-16",13,374,1,"7-133741","11/16/2023"
"398","Russia","Soviet Union","T-72B","destroyed","https://i.postimg.cc/C54Q7GbJ/1047-t72b-destr-15-05-23.jpg","2023-11-16",13,375,1,"7-133751","11/16/2023"
"399","Russia","Soviet Union","T-72B","destroyed","https://i.postimg.cc/WbTRZ30X/1002-t72b-dam-aband-09-05-23.jpg","2023-11-16",13,376,1,"7-133761","11/16/2023"
"400","Russia","Soviet Union","T-72B","destroyed","https://twitter.com/UAWeapons/status/1660011334329663488","2023-11-16",13,377,1,"7-133771","11/16/2023"
"401","Russia","Soviet Union","T-72B","destroyed","https://i.postimg.cc/C1fw3dzQ/1043-t72b-destr-10-05-23.png","2023-11-16",13,378,1,"7-133781","11/16/2023"
"402","Russia","Soviet Union","T-72B","destroyed","https://i.postimg.cc/NMkbxQZh/1025-unkn-tank-destr-24-02-23.jpg","2023-11-16",13,379,1,"7-133791","11/16/2023"
"403","Russia","Soviet Union","T-72B","destroyed","https://i.postimg.cc/0NSgtzXf/1035-t72b-destr-03-06-23.jpg","2023-11-16",13,380,1,"7-133801","11/16/2023"
"404","Russia","Soviet Union","T-72B","destroyed","https://i.postimg.cc/Bn8R6830/1003-t72b-destr-06-06-23.jpg","2023-11-16",13,381,1,"7-133811","11/16/2023"
"405","Russia","Soviet Union","T-72B","destroyed","https://twitter.com/UAWeapons/status/1668188125305159680","2023-11-16",13,382,1,"7-133821","11/16/2023"
"406","Russia","Soviet Union","T-72B","destroyed","https://i.postimg.cc/dQk605Nq/1300-2x-t80bv-destr-20-05-23.jpg","2023-11-16",13,383,1,"7-133831","11/16/2023"
"407","Russia","Soviet Union","T-72B","destroyed","https://i.postimg.cc/SsSZThcV/1057-t72b-destr-10-05-22.jpg","2023-11-16",13,384,1,"7-133841","11/16/2023"
"408","Russia","Soviet Union","T-72B","destroyed","https://i.postimg.cc/pT7qgQzm/1030-t72b-destr-30-06-23.jpg","2023-11-16",13,385,1,"7-133851","11/16/2023"
"409","Russia","Soviet Union","T-72B","destroyed","https://i.postimg.cc/Fzz1JcBV/1031-t72b-destr-26-06-23.jpg","2023-11-16",13,386,1,"7-133861","11/16/2023"
"410","Russia","Soviet Union","T-72B","destroyed","https://i.postimg.cc/Pqh4qTGB/1031-t72b-destr-06-07-23.jpg","2023-11-16",13,387,1,"7-133871","11/16/2023"
"411","Russia","Soviet Union","T-72B","destroyed","https://i.postimg.cc/jdpcGyMq/1033-t72b-destr-05-07-23.jpg","2023-11-16",13,388,1,"7-133881","11/16/2023"
"412","Russia","Soviet Union","T-72B","destroyed","https://i.postimg.cc/RCPTGJxc/1045-t72b-destr-28-04-23.jpg","2023-11-16",13,389,1,"7-133891","11/16/2023"
"413","Russia","Soviet Union","T-72B","destroyed","https://i.postimg.cc/jdY6J6Jr/1019-T-72-B-and-BTR-82-A-destr-07-07-23.jpg","2023-11-16",13,390,1,"7-133901","11/16/2023"
"414","Russia","Soviet Union","T-72B","destroyed","https://i.postimg.cc/d3xqShWY/1300-T-72-B-and-unkn-T72-destr-18-07-23.jpg","2023-11-16",13,391,1,"7-133911","11/16/2023"
"415","Russia","Soviet Union","T-72B","destroyed","https://i.postimg.cc/DZHfMBQx/1005-t72b-destr-28-02-23.jpg","2023-11-16",13,392,1,"7-133921","11/16/2023"
"416","Russia","Soviet Union","T-72B","destroyed","https://i.postimg.cc/0jrGFYqG/1010-t72b-destr-26-07-23.jpg","2023-11-16",13,393,1,"7-133931","11/16/2023"
"417","Russia","Soviet Union","T-72B","destroyed","https://i.postimg.cc/85ZBZyxP/1011-t72b-destr-26-07-23.jpg","2023-11-16",13,394,1,"7-133941","11/16/2023"
"418","Russia","Soviet Union","T-72B","destroyed","https://i.postimg.cc/W3GyjkJ6/1008-2x-t72b-destr-28-02-23.jpg","2023-11-16",13,395,1,"7-133951","11/16/2023"
"419","Russia","Soviet Union","T-72B","destroyed","https://i.postimg.cc/nhWg1ZJ7/1005-t72b-destr-27-07-23.jpg","2023-11-16",13,396,1,"7-133961","11/16/2023"
"420","Russia","Soviet Union","T-72B","destroyed","https://i.postimg.cc/T1cBjDdY/1002-72-B-destr-31-01-23.jpg","2023-11-16",13,397,1,"7-133971","11/16/2023"
"421","Russia","Soviet Union","T-72B","destroyed","https://i.postimg.cc/wv5vH2vg/2018-t72b-destr-27-07-23.jpg","2023-11-16",13,398,1,"7-133981","11/16/2023"
"422","Russia","Soviet Union","T-72B","destroyed","https://i.postimg.cc/tCHzBYNk/1031-t72b-destr-31-08-22.jpg","2023-11-16",13,399,1,"7-133991","11/16/2023"
"423","Russia","Soviet Union","T-72B","destroyed","https://twitter.com/UAWeapons/status/1689240998394671104","2023-11-16",13,400,1,"7-134001","11/16/2023"
"424","Russia","Soviet Union","T-72B","destroyed","https://i.postimg.cc/9XyF3Ftd/1020-t80b-destr-01-08-23.jpg","2023-11-16",13,401,1,"7-134011","11/16/2023"
"425","Russia","Soviet Union","T-72B","destroyed","https://i.postimg.cc/T1t1zFRB/1038-2x-t72b-destr-20-08-23.jpg","2023-11-16",13,402,1,"7-134021","11/16/2023"
"426","Russia","Soviet Union","T-72B","destroyed","https://i.postimg.cc/wjWJ67vp/1000-t72b-destr-20-08-23.jpg","2023-11-16",13,403,1,"7-134031","11/16/2023"
"427","Russia","Soviet Union","T-72B","destroyed","https://i.postimg.cc/j5xs4WFF/1017-72-B-destr-31-05-23.jpg","2023-11-16",13,404,1,"7-134041","11/16/2023"
"428","Russia","Soviet Union","T-72B","destroyed","https://i.postimg.cc/yYR7RpLg/433f.png","2023-11-16",13,405,1,"7-134051","11/16/2023"
"429","Russia","Soviet Union","T-72B","destroyed","https://i.postimg.cc/9Ms880ZR/1068-t72b-destr-02-04-23.jpg","2023-11-16",13,406,1,"7-134061","11/16/2023"
"430","Russia","Soviet Union","T-72B","destroyed","https://i.postimg.cc/ZRQLVbDf/1007-t72b3-obr-2022-destr-07-10-23.jpg","2023-11-16",13,407,1,"7-134071","11/16/2023"
"431","Russia","Soviet Union","T-72B","destroyed","https://i.postimg.cc/8c548Ff2/1300-T-72-B-destr-2x-T-72-B3-Obr-2022-dam-aband-05-10-23.jpg","2023-11-16",13,408,1,"7-134081","11/16/2023"
"432","Russia","Soviet Union","T-72B","destroyed","https://i.postimg.cc/JhZdKBjK/1023-T-72-B-destr-07-10-23.jpg","2023-11-16",13,409,1,"7-134091","11/16/2023"
"433","Russia","Soviet Union","T-72B","destroyed","https://i.postimg.cc/MG29cKgB/1046-t72b-destr-10-10-23.jpg","2023-11-16",13,410,1,"7-134101","11/16/2023"
"434","Russia","Soviet Union","T-72B","destroyed","https://i.postimg.cc/Ss1TQ86S/1008-t72b-destr-22-10-23.jpg","2023-11-16",13,411,1,"7-134111","11/16/2023"
"435","Russia","Soviet Union","T-72B","destroyed","https://i.postimg.cc/tJ1rsTkh/1012-2x-t64bv-1x-t72b-destr-11-11-23.jpg","2023-11-16",13,136,1,"7-131361","11/16/2023"
"436","Russia","Soviet Union","T-72B","damaged","https://i.postimg.cc/HLqxBrSK/4fa.png","2023-11-16",13,412,2,"7-134122","11/16/2023"
"437","Russia","Soviet Union","T-72B","damaged","https://i.postimg.cc/0N1SXCLx/557.jpg","2023-11-16",13,413,2,"7-134132","11/16/2023"
"438","Russia","Soviet Union","T-72B","damaged","https://twitter.com/UAWeapons/status/1513495397414715392","2023-11-16",13,414,2,"7-134142","11/16/2023"
"439","Russia","Soviet Union","T-72B","damaged","https://i.postimg.cc/5091yjw5/1034.jpg","2023-11-16",13,415,2,"7-134152","11/16/2023"
"440","Russia","Soviet Union","T-72B","damaged","https://i.postimg.cc/cHTsbjB9/1022-t72b-dam-17-02-23.jpg","2023-11-16",13,416,2,"7-134162","11/16/2023"
"441","Russia","Soviet Union","T-72B","damaged","https://i.postimg.cc/cJtsgPrD/44315.png","2023-11-16",13,417,2,"7-134172","11/16/2023"
"442","Russia","Soviet Union","T-72B","damaged","https://i.postimg.cc/LsSffzyT/1009-t72b-dam-01-05-23.jpg","2023-11-16",13,418,2,"7-134182","11/16/2023"
"443","Russia","Soviet Union","T-72B","damaged","https://i.postimg.cc/8zz8WcH7/763.png","2023-11-16",13,419,2,"7-134192","11/16/2023"
"444","Russia","Soviet Union","T-72B","abandoned","https://i.postimg.cc/8zz8WcH7/763.png","2023-11-16",13,419,4,"7-134194","11/16/2023"
"445","Russia","Soviet Union","T-72B","abandoned","https://i.postimg.cc/1tvs3GFY/470.png","2023-11-16",13,420,4,"7-134204","11/16/2023"
"446","Russia","Soviet Union","T-72B","abandoned","https://i.postimg.cc/zv3Z8G8D/5570.png","2023-11-16",13,421,4,"7-134214","11/16/2023"
"447","Russia","Soviet Union","T-72B","abandoned","https://i.postimg.cc/KzgLWJ4m/341.png","2023-11-16",13,422,4,"7-134224","11/16/2023"
"448","Russia","Soviet Union","T-72B","damaged","https://i.postimg.cc/ZKwvnxCF/65h.jpg","2023-11-16",13,423,2,"7-134232","11/16/2023"
"449","Russia","Soviet Union","T-72B","abandoned","https://i.postimg.cc/ZKwvnxCF/65h.jpg","2023-11-16",13,423,4,"7-134234","11/16/2023"
"450","Russia","Soviet Union","T-72B","abandoned","https://i.postimg.cc/137bbr2j/1005-t72b-aband-31-05-22.jpg","2023-11-16",13,424,4,"7-134244","11/16/2023"
"451","Russia","Soviet Union","T-72B","damaged","https://i.postimg.cc/GhcpMPJj/53.jpg","2023-11-16",13,425,2,"7-134252","11/16/2023"
"452","Russia","Soviet Union","T-72B","abandoned","https://i.postimg.cc/GhcpMPJj/53.jpg","2023-11-16",13,425,4,"7-134254","11/16/2023"
"453","Russia","Soviet Union","T-72B","abandoned","https://i.postimg.cc/597hV3rs/1005-t72b-aband.jpg","2023-11-16",13,426,4,"7-134264","11/16/2023"
"454","Russia","Soviet Union","T-72B","damaged","https://twitter.com/UAWeapons/status/1590375007930417152","2023-11-16",13,427,2,"7-134272","11/16/2023"
"455","Russia","Soviet Union","T-72B","abandoned","https://twitter.com/UAWeapons/status/1590375007930417152","2023-11-16",13,427,4,"7-134274","11/16/2023"
"456","Russia","Soviet Union","T-72B","abandoned","https://i.postimg.cc/X7M0NwP5/1017-t72b-and-brem1-aband-08-02-23.jpg","2023-11-16",13,428,4,"7-134284","11/16/2023"
"457","Russia","Soviet Union","T-72B","damaged","https://i.postimg.cc/pLvwFKqy/1009-1x-t72b-1x-t72-A-dam-aband-07-02-23.jpg","2023-11-16",13,182,2,"7-131822","11/16/2023"
"458","Russia","Soviet Union","T-72B","abandoned","https://i.postimg.cc/pLvwFKqy/1009-1x-t72b-1x-t72-A-dam-aband-07-02-23.jpg","2023-11-16",13,182,4,"7-131824","11/16/2023"
"459","Russia","Soviet Union","T-72B","abandoned","https://i.postimg.cc/SKWv4Wbb/1026-t72bobr22022-destr-t72b-brem1-mtlb-aband-31-10-23.jpg","2023-11-16",13,429,4,"7-134294","11/16/2023"
"460","Russia","Soviet Union","T-72B","abandoned","https://i.postimg.cc/j5M6g9QL/7763.png","2023-11-16",13,430,4,"7-134304","11/16/2023"
"461","Russia","Soviet Union","T-72B","abandoned","https://i.postimg.cc/7LVLvGFm/66.png","2023-11-16",13,431,4,"7-134314","11/16/2023"
"462","Russia","Soviet Union","T-72B","abandoned","https://i.postimg.cc/tC2cVzq4/1003-t72b-aband-31-05-22.jpg","2023-11-16",13,432,4,"7-134324","11/16/2023"
"463","Russia","Soviet Union","T-72B","abandoned","https://i.postimg.cc/3Nhq2S0d/1004-t72b-aband-31-05-22.jpg","2023-11-16",13,433,4,"7-134334","11/16/2023"
"464","Russia","Soviet Union","T-72B","damaged","https://i.postimg.cc/Z56HZ0Q8/1008-72-B-dam-aband-03-07-23.jpg","2023-11-16",13,434,2,"7-134342","11/16/2023"
"465","Russia","Soviet Union","T-72B","abandoned","https://i.postimg.cc/Z56HZ0Q8/1008-72-B-dam-aband-03-07-23.jpg","2023-11-16",13,434,4,"7-134344","11/16/2023"
"466","Russia","Soviet Union","T-72B","damaged","https://i.postimg.cc/4Nd157zz/1036-t72b-dam-aband-03-07-23.jpg","2023-11-16",13,435,2,"7-134352","11/16/2023"
"467","Russia","Soviet Union","T-72B","abandoned","https://i.postimg.cc/4Nd157zz/1036-t72b-dam-aband-03-07-23.jpg","2023-11-16",13,435,4,"7-134354","11/16/2023"
"468","Russia","Soviet Union","T-72B","damaged","https://i.postimg.cc/sDWVkfG0/4477.png","2023-11-16",13,436,2,"7-134362","11/16/2023"
"469","Russia","Soviet Union","T-72B","abandoned","https://i.postimg.cc/sDWVkfG0/4477.png","2023-11-16",13,436,4,"7-134364","11/16/2023"
"470","Russia","Soviet Union","T-72B","damaged","https://i.postimg.cc/KvgcN12R/3786.png","2023-11-16",13,437,2,"7-134372","11/16/2023"
"471","Russia","Soviet Union","T-72B","abandoned","https://i.postimg.cc/KvgcN12R/3786.png","2023-11-16",13,437,4,"7-134374","11/16/2023"
"472","Russia","Soviet Union","T-72B","abandoned","https://i.postimg.cc/ydjpgsNf/1027-t72b-aband.jpg","2023-11-16",13,438,4,"7-134384","11/16/2023"
"473","Russia","Soviet Union","T-72B","damaged","https://i.postimg.cc/Bv3rSysY/33213.png","2023-11-16",13,439,2,"7-134392","11/16/2023"
"474","Russia","Soviet Union","T-72B","captured","https://i.postimg.cc/Bv3rSysY/33213.png","2023-11-16",13,439,3,"7-134393","11/16/2023"
"475","Russia","Soviet Union","T-72B","damaged","https://i.postimg.cc/h4Tfc6FP/6523.png","2023-11-16",13,440,2,"7-134402","11/16/2023"
"476","Russia","Soviet Union","T-72B","captured","https://i.postimg.cc/h4Tfc6FP/6523.png","2023-11-16",13,440,3,"7-134403","11/16/2023"
"477","Russia","Soviet Union","T-72B","captured","https://i.postimg.cc/HxqJby2G/488.png","2023-11-16",13,441,3,"7-134413","11/16/2023"
"478","Russia","Soviet Union","T-72B","captured","https://i.postimg.cc/7hvdbLzy/5422.jpg","2023-11-16",13,442,3,"7-134423","11/16/2023"
"479","Russia","Soviet Union","T-72B","captured","https://i.postimg.cc/WzC3dgn1/d1d.jpg","2023-11-16",13,443,3,"7-134433","11/16/2023"
"480","Russia","Soviet Union","T-72B","captured","https://i.postimg.cc/KYj8D0H8/r3.jpg","2023-11-16",13,444,3,"7-134443","11/16/2023"
"481","Russia","Soviet Union","T-72B","captured","https://i.postimg.cc/rmsL0R73/4f1.png","2023-11-16",13,445,3,"7-134453","11/16/2023"
"482","Russia","Soviet Union","T-72B","captured","https://i.postimg.cc/2j7N340c/23f.jpg","2023-11-16",13,446,3,"7-134463","11/16/2023"
"483","Russia","Soviet Union","T-72B","captured","https://i.postimg.cc/Bv3rSysY/33213.png","2023-11-16",13,439,3,"7-134393","11/16/2023"
"484","Russia","Soviet Union","T-72B","captured","https://i.postimg.cc/fL1spx47/1001-t72b-capt.jpg","2023-11-16",13,447,3,"7-134473","11/16/2023"
"485","Russia","Soviet Union","T-72B","captured","https://i.postimg.cc/BQx2ch5r/c5.jpg","2023-11-16",13,448,3,"7-134483","11/16/2023"
"486","Russia","Soviet Union","T-72B","captured","https://i.postimg.cc/0yC7VGFY/bt8.png","2023-11-16",13,449,3,"7-134493","11/16/2023"
"487","Russia","Soviet Union","T-72B","captured","https://i.postimg.cc/DzjLTv2m/bt9.png","2023-11-16",13,450,3,"7-134503","11/16/2023"
"488","Russia","Soviet Union","T-72B","captured","https://i.postimg.cc/PfvWNfCr/c6.jpg","2023-11-16",13,451,3,"7-134513","11/16/2023"
"489","Russia","Soviet Union","T-72B","captured","https://i.postimg.cc/sDQ1HRfx/455.png","2023-11-16",13,452,3,"7-134523","11/16/2023"
"490","Russia","Soviet Union","T-72B","captured","https://i.postimg.cc/d1WfHr51/lk.png","2023-11-16",13,453,3,"7-134533","11/16/2023"
"491","Russia","Soviet Union","T-72B","captured","https://i.postimg.cc/Ssrz1DC1/5g5.jpg","2023-11-16",13,454,3,"7-134543","11/16/2023"
"492","Russia","Soviet Union","T-72B","captured","https://i.postimg.cc/vZbBJZJf/1026-t72b-capt.jpg","2023-11-16",13,455,3,"7-134553","11/16/2023"
"493","Russia","Soviet Union","T-72B","captured","https://postimg.cc/K1DWKr21","2023-11-16",13,456,3,"7-134563","11/16/2023"
"494","Russia","Soviet Union","T-72B","captured","https://i.postimg.cc/k4jjk5XP/4433.jpg","2023-11-16",13,457,3,"7-134573","11/16/2023"
"495","Russia","Soviet Union","T-72B","captured","https://i.postimg.cc/cHZwX5sc/438k.png","2023-11-16",13,458,3,"7-134583","11/16/2023"
"496","Russia","Soviet Union","T-72B","captured","https://i.postimg.cc/X77rqZ1S/g6.jpg","2023-11-16",13,459,3,"7-134593","11/16/2023"
"497","Russia","Soviet Union","T-72B","captured","https://i.postimg.cc/0QJfZdry/5770.png","2023-11-16",13,460,3,"7-134603","11/16/2023"
"498","Russia","Soviet Union","T-72B","captured","https://i.postimg.cc/br5s38s0/887.jpg","2023-11-16",13,461,3,"7-134613","11/16/2023"
"499","Russia","Soviet Union","T-72B","captured","https://i.postimg.cc/dQZZfLKP/321.jpg","2023-11-16",13,462,3,"7-134623","11/16/2023"
"500","Russia","Soviet Union","T-72B","captured","https://i.postimg.cc/mkTx7PYz/3211.jpg","2023-11-16",13,463,3,"7-134633","11/16/2023"
"501","Russia","Soviet Union","T-72B","captured","https://i.postimg.cc/zX8WM3NJ/657.jpg","2023-11-16",13,464,3,"7-134643","11/16/2023"
"502","Russia","Soviet Union","T-72B","captured","https://i.postimg.cc/DyvtJcVt/1013-t72b-capt.jpg","2023-11-16",13,465,3,"7-134653","11/16/2023"
"503","Russia","Soviet Union","T-72B","captured","https://i.postimg.cc/05hXSQ9J/443.jpg","2023-11-16",13,466,3,"7-134663","11/16/2023"
"504","Russia","Soviet Union","T-72B","captured","https://i.postimg.cc/NfgnqWvB/1012-t72b-16-Sep-2022-capt.jpg","2023-11-16",13,467,3,"7-134673","11/16/2023"
"505","Russia","Soviet Union","T-72B","captured","https://i.postimg.cc/htyH1YF5/1001-t72b-capt-25-01-23.jpg","2023-11-16",13,468,3,"7-134683","11/16/2023"
"506","Russia","Soviet Union","T-72B","captured","https://i.postimg.cc/YCbHJVSt/988.jpg","2023-11-16",13,469,3,"7-134693","11/16/2023"
"507","Russia","Soviet Union","T-72B","captured","https://i.postimg.cc/KvjS4SnV/f55.png","2023-11-16",13,470,3,"7-134703","11/16/2023"
"508","Russia","Soviet Union","T-72B","captured","https://i.postimg.cc/VsZB9600/2022-04-04-t-72b.jpg","2023-11-16",13,471,3,"7-134713","11/16/2023"
"509","Russia","Soviet Union","T-72B","captured","https://i.postimg.cc/m22ky4yZ/778.jpg","2023-11-16",13,472,3,"7-134723","11/16/2023"
"510","Russia","Soviet Union","T-72B","captured","https://twitter.com/UAWeapons/status/1538474213220265985","2023-11-16",13,473,3,"7-134733","11/16/2023"
"511","Russia","Soviet Union","T-72B","captured","https://i.postimg.cc/MGqbLZm7/78.jpg","2023-11-16",13,474,3,"7-134743","11/16/2023"
"512","Russia","Soviet Union","T-72B","captured","https://i.postimg.cc/TY3dqqM5/52.png","2023-11-16",13,475,3,"7-134753","11/16/2023"
"513","Russia","Soviet Union","T-72B","captured","https://i.postimg.cc/26mGDmRD/m4.png","2023-11-16",13,476,3,"7-134763","11/16/2023"
"514","Russia","Soviet Union","T-72B","captured","https://i.postimg.cc/PJknPwNV/1245.png","2023-11-16",13,477,3,"7-134773","11/16/2023"
"515","Russia","Soviet Union","T-72B","captured","https://twitter.com/UAWeapons/status/1548761196542689280","2023-11-16",13,478,3,"7-134783","11/16/2023"
"516","Russia","Soviet Union","T-72B","captured","https://i.postimg.cc/rpJQGW17/46k.png","2023-11-16",13,479,3,"7-134793","11/16/2023"
"517","Russia","Soviet Union","T-72B","captured","https://i.postimg.cc/FzfJxXc4/1002-t72b-capt.jpg","2023-11-16",13,480,3,"7-134803","11/16/2023"
"518","Russia","Soviet Union","T-72B","captured","https://i.postimg.cc/j2pMJbGF/1004.jpg","2023-11-16",13,481,3,"7-134813","11/16/2023"
"519","Russia","Soviet Union","T-72B","captured","https://i.postimg.cc/HWXSMGPQ/1001.jpg","2023-11-16",13,482,3,"7-134823","11/16/2023"
"520","Russia","Soviet Union","T-72B","captured","https://i.postimg.cc/8PQKDG7t/ta2.png","2023-11-16",13,483,3,"7-134833","11/16/2023"
"521","Russia","Soviet Union","T-72B","captured","https://i.postimg.cc/13gv8gsQ/g5mm.jpg","2023-11-16",13,484,3,"7-134843","11/16/2023"
"522","Russia","Soviet Union","T-72B","captured","https://i.postimg.cc/y8Cgm71v/366.png","2023-11-16",13,485,3,"7-134853","11/16/2023"
"523","Russia","Soviet Union","T-72B","captured","https://i.postimg.cc/L4LcxH8f/1018-t72b.jpg","2023-11-16",13,486,3,"7-134863","11/16/2023"
"524","Russia","Soviet Union","T-72B","captured","https://twitter.com/UAWeapons/status/1562002981394026498","2023-11-16",13,487,3,"7-134873","11/16/2023"
"525","Russia","Soviet Union","T-72B","captured","https://i.postimg.cc/xj50zPMP/4003-t72b.jpg","2023-11-16",13,488,3,"7-134883","11/16/2023"
"526","Russia","Soviet Union","T-72B","captured","https://twitter.com/UAWeapons/status/1569013204541374464","2023-11-16",13,489,3,"7-134893","11/16/2023"
"527","Russia","Soviet Union","T-72B","captured","https://twitter.com/UAWeapons/status/1569618856687058945","2023-11-16",13,490,3,"7-134903","11/16/2023"
"528","Russia","Soviet Union","T-72B","captured","https://i.postimg.cc/s2RyrRjc/4001-t72b.jpg","2023-11-16",13,491,3,"7-134913","11/16/2023"
"529","Russia","Soviet Union","T-72B","captured","https://twitter.com/UAWeapons/status/1570138425843408896","2023-11-16",13,492,3,"7-134923","11/16/2023"
"530","Russia","Soviet Union","T-72B","captured","https://i.postimg.cc/856PbNWN/1000.jpg","2023-11-16",13,493,3,"7-134933","11/16/2023"
"531","Russia","Soviet Union","T-72B","captured","https://i.postimg.cc/GmZRmMzH/1000-t72b.jpg","2023-11-16",13,494,3,"7-134943","11/16/2023"
"532","Russia","Soviet Union","T-72B","damaged","https://i.postimg.cc/kX0QbyD7/1008-t72b-capt.jpg","2023-11-16",13,495,2,"7-134952","11/16/2023"
"533","Russia","Soviet Union","T-72B","captured","https://i.postimg.cc/kX0QbyD7/1008-t72b-capt.jpg","2023-11-16",13,495,3,"7-134953","11/16/2023"
"534","Russia","Soviet Union","T-72B","damaged","https://i.postimg.cc/W4xvnYDb/1010-t72b-capt-dam.jpg","2023-11-16",13,496,2,"7-134962","11/16/2023"
"535","Russia","Soviet Union","T-72B","captured","https://i.postimg.cc/W4xvnYDb/1010-t72b-capt-dam.jpg","2023-11-16",13,496,3,"7-134963","11/16/2023"
"536","Russia","Soviet Union","T-72B","captured","https://i.postimg.cc/0yb7VJxh/1003-t72b-capt.jpg","2023-11-16",13,497,3,"7-134973","11/16/2023"
"537","Russia","Soviet Union","T-72B","captured","https://i.postimg.cc/hPC980F9/1004-t72bcapt.jpg","2023-11-16",13,498,3,"7-134983","11/16/2023"
"538","Russia","Soviet Union","T-72B","captured","https://twitter.com/UAWeapons/status/1578329315111944192","2023-11-16",13,499,3,"7-134993","11/16/2023"
"539","Russia","Soviet Union","T-72B","captured","https://i.postimg.cc/mkdwc9Fk/1022-t72b-capt.jpg","2023-11-16",13,500,3,"7-135003","11/16/2023"
"540","Russia","Soviet Union","T-72B","captured","https://i.postimg.cc/ryj9hHWN/1024-t72b-capt.jpg","2023-11-16",13,501,3,"7-135013","11/16/2023"
"541","Russia","Soviet Union","T-72B","captured","https://i.postimg.cc/XXMhCdn0/1014-t72b-capt-01-01-23.jpg","2023-11-16",13,502,3,"7-135023","11/16/2023"
"542","Russia","Soviet Union","T-72B","captured","https://i.postimg.cc/FFTKfYv1/1018-t72b-capt-22-01-23.jpg","2023-11-16",13,503,3,"7-135033","11/16/2023"
"543","Russia","Soviet Union","T-72B","damaged","https://i.postimg.cc/W4xvnYDb/1010-t72b-capt-dam.jpg","2023-11-16",13,496,2,"7-134962","11/16/2023"
"544","Russia","Soviet Union","T-72B","captured","https://i.postimg.cc/W4xvnYDb/1010-t72b-capt-dam.jpg","2023-11-16",13,496,3,"7-134963","11/16/2023"
"545","Russia","Soviet Union","T-72B","damaged","https://i.postimg.cc/X7jJqvZ8/276.png","2023-11-16",13,504,2,"7-135042","11/16/2023"
"546","Russia","Soviet Union","T-72B","captured","https://i.postimg.cc/X7jJqvZ8/276.png","2023-11-16",13,504,3,"7-135043","11/16/2023"
"547","Russia","Soviet Union","94 T-72B Obr. 1989","destroyed","https://i.postimg.cc/bwQmfRRD/763.png","2023-11-16",14,505,1,"7-145051","11/16/2023"
"548","Russia","Soviet Union","94 T-72B Obr. 1989","destroyed","https://i.postimg.cc/VLBGh0Lz/3dd1.jpg","2023-11-16",14,506,1,"7-145061","11/16/2023"
"549","Russia","Soviet Union","94 T-72B Obr. 1989","destroyed","https://i.postimg.cc/RhMrhxYT/90.png","2023-11-16",14,507,1,"7-145071","11/16/2023"
"550","Russia","Soviet Union","94 T-72B Obr. 1989","destroyed","https://i.postimg.cc/zGHMfQSs/32111.png","2023-11-16",14,508,1,"7-145081","11/16/2023"
"551","Russia","Soviet Union","94 T-72B Obr. 1989","destroyed","https://i.postimg.cc/kMbfTBHz/983.png","2023-11-16",14,509,1,"7-145091","11/16/2023"
"552","Russia","Soviet Union","94 T-72B Obr. 1989","destroyed","https://postlmg.cc/HJF3Zn73","2023-11-16",14,510,1,"7-145101","11/16/2023"
"553","Russia","Soviet Union","94 T-72B Obr. 1989","destroyed","https://i.postimg.cc/MGCKHyk2/557.png","2023-11-16",14,511,1,"7-145111","11/16/2023"
"554","Russia","Soviet Union","94 T-72B Obr. 1989","destroyed","https://i.postimg.cc/zDSXDb06/887.png","2023-11-16",14,512,1,"7-145121","11/16/2023"
"555","Russia","Soviet Union","94 T-72B Obr. 1989","destroyed","https://i.postimg.cc/KvkQ7MkL/542f2.jpg","2023-11-16",14,513,1,"7-145131","11/16/2023"
"556","Russia","Soviet Union","94 T-72B Obr. 1989","destroyed","https://twitter.com/UAWeapons/status/1575821067657936896","2023-11-16",14,514,1,"7-145141","11/16/2023"
"557","Russia","Soviet Union","94 T-72B Obr. 1989","destroyed","https://i.postimg.cc/1zqHtqkm/3d3.jpg","2023-11-16",14,515,1,"7-145151","11/16/2023"
"558","Russia","Soviet Union","94 T-72B Obr. 1989","destroyed","https://postimg.cc/f36nCbj3","2023-11-16",14,516,1,"7-145161","11/16/2023"
"559","Russia","Soviet Union","94 T-72B Obr. 1989","destroyed","https://postimg.cc/MMVkF8d9","2023-11-16",14,517,1,"7-145171","11/16/2023"
"560","Russia","Soviet Union","94 T-72B Obr. 1989","destroyed","https://postimg.cc/zb8m6c65","2023-11-16",14,518,1,"7-145181","11/16/2023"
"561","Russia","Soviet Union","94 T-72B Obr. 1989","destroyed","https://i.postimg.cc/2jhYp9fx/66591.png","2023-11-16",14,519,1,"7-145191","11/16/2023"
"562","Russia","Soviet Union","94 T-72B Obr. 1989","destroyed","https://i.postimg.cc/fkncTHrS/2022-09-23-T-72-B3.jpg","2023-11-16",14,520,1,"7-145201","11/16/2023"
"563","Russia","Soviet Union","94 T-72B Obr. 1989","destroyed","https://i.postimg.cc/C5KNY21Q/1003.jpg","2023-11-16",14,521,1,"7-145211","11/16/2023"
"564","Russia","Soviet Union","94 T-72B Obr. 1989","destroyed","https://i.postimg.cc/VN4xdbdL/489.png","2023-11-16",14,522,1,"7-145221","11/16/2023"
"565","Russia","Soviet Union","94 T-72B Obr. 1989","destroyed","https://i.postimg.cc/sf6XcSbH/03-31-2022-T-72-B-obr-1989-destroyed-Chernihiv-Region.png","2023-11-16",14,523,1,"7-145231","11/16/2023"
"566","Russia","Soviet Union","94 T-72B Obr. 1989","destroyed","https://twitter.com/UAWeapons/status/1600939618387402752","2023-11-16",14,524,1,"7-145241","11/16/2023"
"567","Russia","Soviet Union","94 T-72B Obr. 1989","destroyed","https://i.postimg.cc/XJy7Kgyg/32d.png","2023-11-16",14,525,1,"7-145251","11/16/2023"
"568","Russia","Soviet Union","94 T-72B Obr. 1989","destroyed","https://i.postimg.cc/qvjrTktx/6698.png","2023-11-16",14,526,1,"7-145261","11/16/2023"
"569","Russia","Soviet Union","94 T-72B Obr. 1989","destroyed","https://i.postimg.cc/sg5P6KjX/1007-t72b1989.jpg","2023-11-16",14,527,1,"7-145271","11/16/2023"
"570","Russia","Soviet Union","94 T-72B Obr. 1989","destroyed","https://i.postimg.cc/BvJXGT1P/T-72-obr-1989-Yampil-direction.png","2023-11-16",14,528,1,"7-145281","11/16/2023"
"571","Russia","Soviet Union","94 T-72B Obr. 1989","destroyed","https://i.postimg.cc/wvvXTB0n/5g.jpg","2023-11-16",14,529,1,"7-145291","11/16/2023"
"572","Russia","Soviet Union","94 T-72B Obr. 1989","destroyed","https://i.postimg.cc/dVBzXTYc/d87.png","2023-11-16",14,530,1,"7-145301","11/16/2023"
"573","Russia","Soviet Union","94 T-72B Obr. 1989","destroyed","https://postimg.cc/FfVsQnjg","2023-11-16",14,531,1,"7-145311","11/16/2023"
"574","Russia","Soviet Union","94 T-72B Obr. 1989","destroyed","https://i.postimg.cc/XNT4fqFk/g542.png","2023-11-16",14,532,1,"7-145321","11/16/2023"
"575","Russia","Soviet Union","94 T-72B Obr. 1989","destroyed","https://i.postimg.cc/bJHW72jf/5541.png","2023-11-16",14,533,1,"7-145331","11/16/2023"
"576","Russia","Soviet Union","94 T-72B Obr. 1989","destroyed","https://twitter.com/UAWeapons/status/1542891130924290051","2023-11-16",14,534,1,"7-145341","11/16/2023"
"577","Russia","Soviet Union","94 T-72B Obr. 1989","destroyed","https://i.postimg.cc/GppfHk7R/2022-04-07-t-72b-obr-1989-1.jpg","2023-11-16",14,535,1,"7-145351","11/16/2023"
"578","Russia","Soviet Union","94 T-72B Obr. 1989","abandoned","https://twitter.com/UAWeapons/status/1507764352774025217","2023-11-16",14,536,4,"7-145364","11/16/2023"
"579","Russia","Soviet Union","94 T-72B Obr. 1989","destroyed","https://twitter.com/UAWeapons/status/1507764352774025217","2023-11-16",14,536,1,"7-145361","11/16/2023"
"580","Russia","Soviet Union","94 T-72B Obr. 1989","destroyed","https://i.postimg.cc/bJYShwyX/1008-t72b1989.jpg","2023-11-16",14,537,1,"7-145371","11/16/2023"
"581","Russia","Soviet Union","94 T-72B Obr. 1989","destroyed","https://i.postimg.cc/JhR9DqgC/1000-t72b1989.jpg","2023-11-16",14,538,1,"7-145381","11/16/2023"
"582","Russia","Soviet Union","94 T-72B Obr. 1989","destroyed","https://twitter.com/UAWeapons/status/1523290805762686976","2023-11-16",14,539,1,"7-145391","11/16/2023"
"583","Russia","Soviet Union","94 T-72B Obr. 1989","destroyed","https://i.postimg.cc/Hkm3CFP5/1017-t72b1989.jpg","2023-11-16",14,540,1,"7-145401","11/16/2023"
"584","Russia","Soviet Union","94 T-72B Obr. 1989","destroyed","https://i.postimg.cc/1z5H8wS3/1020-t72b1989.jpg","2023-11-16",14,541,1,"7-145411","11/16/2023"
"585","Russia","Soviet Union","94 T-72B Obr. 1989","destroyed","https://i.postimg.cc/fTDpdnYs/1010-t72b1989.jpg","2023-11-16",14,542,1,"7-145421","11/16/2023"
"586","Russia","Soviet Union","94 T-72B Obr. 1989","destroyed","https://twitter.com/UAWeapons/status/1571150184947798018","2023-11-16",14,543,1,"7-145431","11/16/2023"
"587","Russia","Soviet Union","94 T-72B Obr. 1989","destroyed","https://i.postimg.cc/RFWcX8J9/1020-72-B-obr-1989-destr-30-11-22.jpg","2023-11-16",14,544,1,"7-145441","11/16/2023"
"588","Russia","Soviet Union","94 T-72B Obr. 1989","destroyed","https://i.postimg.cc/Bn1tj0QC/4368.png","2023-11-16",14,545,1,"7-145451","11/16/2023"
"589","Russia","Soviet Union","94 T-72B Obr. 1989","destroyed","https://i.postimg.cc/QxfqFY73/1050-t72b3-destr-07-02-23.jpg","2023-11-16",14,546,1,"7-145461","11/16/2023"
"590","Russia","Soviet Union","94 T-72B Obr. 1989","destroyed","https://i.postimg.cc/tRnjHrBy/1016-t72b1989-destr-08-02-23.jpg","2023-11-16",14,547,1,"7-145471","11/16/2023"
"591","Russia","Soviet Union","94 T-72B Obr. 1989","destroyed","https://i.postimg.cc/mkMncr9Q/1015-t72b1989-destr-09-02-23.jpg","2023-11-16",14,548,1,"7-145481","11/16/2023"
"592","Russia","Soviet Union","94 T-72B Obr. 1989","destroyed","https://i.postimg.cc/sfJXpGgd/kd0uOIzH.jpg","2023-11-16",14,549,1,"7-145491","11/16/2023"
"593","Russia","Soviet Union","94 T-72B Obr. 1989","destroyed","https://i.postimg.cc/C5hwhcgm/1017-t72b1989-dam-03-03-23.jpg","2023-11-16",14,550,1,"7-145501","11/16/2023"
"594","Russia","Soviet Union","94 T-72B Obr. 1989","destroyed","https://twitter.com/UAWeapons/status/1632055390723620865","2023-11-16",14,551,1,"7-145511","11/16/2023"
"595","Russia","Soviet Union","94 T-72B Obr. 1989","destroyed","https://i.postimg.cc/T1MYT19Q/1003-t72b1989-destr-19-03-23.jpg","2023-11-16",14,552,1,"7-145521","11/16/2023"
"596","Russia","Soviet Union","94 T-72B Obr. 1989","destroyed","https://twitter.com/UAWeapons/status/1638845891254558720","2023-11-16",14,364,1,"7-143641","11/16/2023"
"597","Russia","Soviet Union","94 T-72B Obr. 1989","destroyed","https://i.postimg.cc/ZYFZHnCh/54g.png","2023-11-16",14,553,1,"7-145531","11/16/2023"
"598","Russia","Soviet Union","94 T-72B Obr. 1989","destroyed","https://twitter.com/naalsio26/status/1646675665939251201","2023-11-16",14,554,1,"7-145541","11/16/2023"
"599","Russia","Soviet Union","94 T-72B Obr. 1989","destroyed","https://i.postimg.cc/JzNX9jFc/1300-t72b-1989-destr-21-05-22.jpg","2023-11-16",14,555,1,"7-145551","11/16/2023"
"600","Russia","Soviet Union","94 T-72B Obr. 1989","destroyed","https://i.postimg.cc/XY8mBQ5P/1025-t72b1989-destr-01-06-23.jpg","2023-11-16",14,556,1,"7-145561","11/16/2023"
"601","Russia","Soviet Union","94 T-72B Obr. 1989","destroyed","https://i.postimg.cc/XYx1N9sW/1025-T-72-B-Obr-1989-destr-31-05-22.jpg","2023-11-16",14,557,1,"7-145571","11/16/2023"
"602","Russia","Soviet Union","94 T-72B Obr. 1989","destroyed","https://i.postimg.cc/GpFYTkVd/1028-t72b-1989-destr-10-08-23.jpg","2023-11-16",14,558,1,"7-145581","11/16/2023"
"603","Russia","Soviet Union","94 T-72B Obr. 1989","destroyed","https://twitter.com/naalsio26/status/1691202124313407488","2023-11-16",14,559,1,"7-145591","11/16/2023"
"604","Russia","Soviet Union","94 T-72B Obr. 1989","destroyed","https://i.postimg.cc/BvFP3ZDP/1019-t72b1989-destr-13-08-23.jpg","2023-11-16",14,560,1,"7-145601","11/16/2023"
"605","Russia","Soviet Union","94 T-72B Obr. 1989","destroyed","https://i.postimg.cc/Bv58g2yR/76.png","2023-11-16",14,561,1,"7-145611","11/16/2023"
"606","Russia","Soviet Union","94 T-72B Obr. 1989","destroyed","https://i.postimg.cc/vZcrtNwL/43.png","2023-11-16",14,562,1,"7-145621","11/16/2023"
"607","Russia","Soviet Union","94 T-72B Obr. 1989","destroyed","https://i.postimg.cc/FR4MHRw3/2443.png","2023-11-16",14,563,1,"7-145631","11/16/2023"
"608","Russia","Soviet Union","94 T-72B Obr. 1989","damaged","https://twitter.com/UAWeapons/status/1557305465687744512","2023-11-16",14,564,2,"7-145642","11/16/2023"
"609","Russia","Soviet Union","94 T-72B Obr. 1989","damaged","https://i.postimg.cc/NFVwhZYY/1007-t72-1989-dam-06-05-23.jpg","2023-11-16",14,565,2,"7-145652","11/16/2023"
"610","Russia","Soviet Union","94 T-72B Obr. 1989","damaged","https://i.postimg.cc/zfTsVnsF/579.png","2023-11-16",14,566,2,"7-145662","11/16/2023"
"611","Russia","Soviet Union","94 T-72B Obr. 1989","damaged","https://i.postimg.cc/MGkFg94Y/1000-T-72-B-Obr-1989-dam-18-08-23.jpg","2023-11-16",14,567,2,"7-145672","11/16/2023"
"612","Russia","Soviet Union","94 T-72B Obr. 1989","damaged","https://i.postimg.cc/bNSwnVvB/245.png","2023-11-16",14,568,2,"7-145682","11/16/2023"
"613","Russia","Soviet Union","94 T-72B Obr. 1989","abandoned","https://i.postimg.cc/bNSwnVvB/245.png","2023-11-16",14,568,4,"7-145684","11/16/2023"
"614","Russia","Soviet Union","94 T-72B Obr. 1989","abandoned","https://i.postimg.cc/6qVQKzjC/4t.png","2023-11-16",14,569,4,"7-145694","11/16/2023"
"615","Russia","Soviet Union","94 T-72B Obr. 1989","abandoned","https://i.postimg.cc/Twf33VDW/1009-t72b1989.jpg","2023-11-16",14,570,4,"7-145704","11/16/2023"
"616","Russia","Soviet Union","94 T-72B Obr. 1989","damaged","https://i.postimg.cc/PrqbsjfB/dt12.png","2023-11-16",14,571,2,"7-145712","11/16/2023"
"617","Russia","Soviet Union","94 T-72B Obr. 1989","abandoned","https://i.postimg.cc/PrqbsjfB/dt12.png","2023-11-16",14,571,4,"7-145714","11/16/2023"
"618","Russia","Soviet Union","94 T-72B Obr. 1989","damaged","https://i.postimg.cc/3RdHN97X/1005-1x-bmp2-destr-1x-mtlb-aband-1x-t72b3-aband-09-02-23.jpg","2023-11-16",14,572,2,"7-145722","11/16/2023"
"619","Russia","Soviet Union","94 T-72B Obr. 1989","abandoned","https://i.postimg.cc/3RdHN97X/1005-1x-bmp2-destr-1x-mtlb-aband-1x-t72b3-aband-09-02-23.jpg","2023-11-16",14,572,4,"7-145724","11/16/2023"
"620","Russia","Soviet Union","94 T-72B Obr. 1989","damaged","https://i.postimg.cc/sX6f34fy/1301-t72b1989-dam-aband.jpg","2023-11-16",14,573,2,"7-145732","11/16/2023"
"621","Russia","Soviet Union","94 T-72B Obr. 1989","abandoned","https://i.postimg.cc/sX6f34fy/1301-t72b1989-dam-aband.jpg","2023-11-16",14,573,4,"7-145734","11/16/2023"
"622","Russia","Soviet Union","94 T-72B Obr. 1989","damaged","https://i.postimg.cc/9XgKbxBF/8.jpg","2023-11-16",14,574,2,"7-145742","11/16/2023"
"623","Russia","Soviet Union","94 T-72B Obr. 1989","captured","https://i.postimg.cc/9XgKbxBF/8.jpg","2023-11-16",14,574,3,"7-145743","11/16/2023"
"624","Russia","Soviet Union","94 T-72B Obr. 1989","damaged","https://i.postimg.cc/KcW6QX5W/652.png","2023-11-16",14,575,2,"7-145752","11/16/2023"
"625","Russia","Soviet Union","94 T-72B Obr. 1989","captured","https://i.postimg.cc/KcW6QX5W/652.png","2023-11-16",14,575,3,"7-145753","11/16/2023"
"626","Russia","Soviet Union","94 T-72B Obr. 1989","damaged","https://i.postimg.cc/K8GWjV0y/257.png","2023-11-16",14,576,2,"7-145762","11/16/2023"
"627","Russia","Soviet Union","94 T-72B Obr. 1989","captured","https://i.postimg.cc/K8GWjV0y/257.png","2023-11-16",14,576,3,"7-145763","11/16/2023"
"628","Russia","Soviet Union","94 T-72B Obr. 1989","captured","https://i.postimg.cc/rsY8xqYW/78.jpg","2023-11-16",14,577,3,"7-145773","11/16/2023"
"629","Russia","Soviet Union","94 T-72B Obr. 1989","captured","https://i.postimg.cc/kGRMXTtk/dg.png","2023-11-16",14,578,3,"7-145783","11/16/2023"
"630","Russia","Soviet Union","94 T-72B Obr. 1989","captured","https://i.postimg.cc/0NVQN9tX/3317.png","2023-11-16",14,579,3,"7-145793","11/16/2023"
"631","Russia","Soviet Union","94 T-72B Obr. 1989","captured","https://twitter.com/UAWeapons/status/1576608068133351425","2023-11-16",14,580,3,"7-145803","11/16/2023"
"632","Russia","Soviet Union","94 T-72B Obr. 1989","captured","https://twitter.com/UAWeapons/status/1575217795385950208","2023-11-16",14,581,3,"7-145813","11/16/2023"
"633","Russia","Soviet Union","94 T-72B Obr. 1989","captured","https://i.postimg.cc/qRWSgMZm/ttaank.png","2023-11-16",14,582,3,"7-145823","11/16/2023"
"634","Russia","Soviet Union","94 T-72B Obr. 1989","captured","https://i.postimg.cc/6qnFN46P/776.jpg","2023-11-16",14,583,3,"7-145833","11/16/2023"
"635","Russia","Soviet Union","94 T-72B Obr. 1989","captured","https://i.postimg.cc/8sggs0Kg/1003-t72-1989.jpg","2023-11-16",14,584,3,"7-145843","11/16/2023"
"636","Russia","Soviet Union","94 T-72B Obr. 1989","captured","https://i.postimg.cc/cH86SLw8/d4n.jpg","2023-11-16",14,585,3,"7-145853","11/16/2023"
"637","Russia","Soviet Union","94 T-72B Obr. 1989","captured","https://i.postimg.cc/wMkxsvDr/658.jpg","2023-11-16",14,586,3,"7-145863","11/16/2023"
"638","Russia","Soviet Union","94 T-72B Obr. 1989","captured","https://i.postimg.cc/pX9C94y9/h6.jpg","2023-11-16",14,587,3,"7-145873","11/16/2023"
"639","Russia","Soviet Union","94 T-72B Obr. 1989","captured","https://i.postimg.cc/NM8vPWBX/669.png","2023-11-16",14,588,3,"7-145883","11/16/2023"
"640","Russia","Soviet Union","94 T-72B Obr. 1989","captured","https://i.postimg.cc/ncVTvBjk/d8.png","2023-11-16",14,589,3,"7-145893","11/16/2023"
"641","Russia","Soviet Union","94 T-72B Obr. 1989","captured","https://i.postimg.cc/QdD8JTw6/78.png","2023-11-16",14,590,3,"7-145903","11/16/2023"
"642","Russia","Soviet Union","94 T-72B Obr. 1989","captured","https://i.postimg.cc/htZVDZjm/1002.jpg","2023-11-16",14,591,3,"7-145913","11/16/2023"
"643","Russia","Soviet Union","94 T-72B Obr. 1989","captured","https://twitter.com/UAWeapons/status/1566836619415527427","2023-11-16",14,592,3,"7-145923","11/16/2023"
"644","Russia","Soviet Union","94 T-72B Obr. 1989","captured","https://i.postimg.cc/prDXwQ40/4002-t72b1989.jpg","2023-11-16",14,593,3,"7-145933","11/16/2023"
"645","Russia","Soviet Union","94 T-72B Obr. 1989","captured","https://i.postimg.cc/sgGtMBw2/1003-t72b1989-capt-20-01-23.jpg","2023-11-16",14,594,3,"7-145943","11/16/2023"
"646","Russia","Russia","T-72B Obr. 2022","destroyed","https://twitter.com/UAWeapons/status/1632339858533367808","2023-11-16",15,595,1,"7-155951","11/16/2023"
"647","Russia","Russia","T-72B Obr. 2022","destroyed","https://i.postimg.cc/02cDmxgj/1016-t72b-2022-destr-01-07-23.jpg","2023-11-16",15,596,1,"7-155961","11/16/2023"
"648","Russia","Russia","T-72B Obr. 2022","destroyed","https://twitter.com/naalsio26/status/1696337466855141423","2023-11-16",15,597,1,"7-155971","11/16/2023"
"649","Russia","Russia","T-72B Obr. 2022","destroyed","https://i.postimg.cc/mrBfmjtL/1001-T-72-B-Obr-2022-destr-26-09-23.jpg","2023-11-16",15,598,1,"7-155981","11/16/2023"
"650","Russia","Russia","T-72B Obr. 2022","destroyed","https://i.postimg.cc/qBYPP4zZ/1039-t72b2022-destr-04-10-23.jpg","2023-11-16",15,599,1,"7-155991","11/16/2023"
"651","Russia","Russia","T-72B Obr. 2022","destroyed","https://i.postimg.cc/MpJhG507/1055-t72b3-obr2022-destr-03-10-23.jpg","2023-11-16",15,600,1,"7-156001","11/16/2023"
"652","Russia","Russia","T-72B Obr. 2022","destroyed","https://i.postimg.cc/65gMh8GF/3287.png","2023-11-16",15,601,1,"7-156011","11/16/2023"
"653","Russia","Russia","T-72B Obr. 2022","destroyed","https://i.postimg.cc/KvNJVmLG/1302-2x-t72b2022-destr.jpg","2023-11-16",15,602,1,"7-156021","11/16/2023"
"654","Russia","Russia","T-72B Obr. 2022","destroyed","https://i.postimg.cc/2Sr4scV3/1049-1x-destr-1x-aband-t72b-obr-2022-1x-unkn-t72-dam-aband-1x-bmp1-destr-2x-bmp2-destr.jpg","2023-11-16",15,603,1,"7-156031","11/16/2023"
"655","Russia","Russia","T-72B Obr. 2022","destroyed","https://i.postimg.cc/Hky4GFTG/1016-t72b-obr2022-destr-29-10-23.jpg","2023-11-16",15,604,1,"7-156041","11/16/2023"
"656","Russia","Russia","T-72B Obr. 2022","destroyed","https://i.postimg.cc/SKWv4Wbb/1026-t72bobr22022-destr-t72b-brem1-mtlb-aband-31-10-23.jpg","2023-11-16",15,429,1,"7-154291","11/16/2023"
"657","Russia","Russia","T-72B Obr. 2022","destroyed","https://i.postimg.cc/FRggd3xK/1009-t72bobr2022-and-bmp2-destr-02-11-23.jpg","2023-11-16",15,605,1,"7-156051","11/16/2023"
"658","Russia","Russia","T-72B Obr. 2022","destroyed","https://i.postimg.cc/QNP4RQNS/1016-T-72-B-Obr-2022-destr-11-11-23.jpg","2023-11-16",15,606,1,"7-156061","11/16/2023"
"659","Russia","Russia","T-72B Obr. 2022","damaged","https://i.postimg.cc/J0s6fHbS/1341-t72b-obr2022-dam-08-10-23.jpg","2023-11-16",15,607,2,"7-156072","11/16/2023"
"660","Russia","Russia","T-72B Obr. 2022","damaged","https://i.postimg.cc/DwFvf0H4/1016-BREM-1-BTR-82-A-T-72-A-T-72-B3-dam-aband-08-07-23.jpg","2023-11-16",15,183,2,"7-151832","11/16/2023"
"661","Russia","Russia","T-72B Obr. 2022","abandoned","https://i.postimg.cc/DwFvf0H4/1016-BREM-1-BTR-82-A-T-72-A-T-72-B3-dam-aband-08-07-23.jpg","2023-11-16",15,183,4,"7-151834","11/16/2023"
"662","Russia","Russia","T-72B Obr. 2022","damaged","https://i.postimg.cc/cLKTshcY/1016-t72b-2022-dam-aband-14-07-23.jpg","2023-11-16",15,608,2,"7-156082","11/16/2023"
"663","Russia","Russia","T-72B Obr. 2022","abandoned","https://i.postimg.cc/cLKTshcY/1016-t72b-2022-dam-aband-14-07-23.jpg","2023-11-16",15,608,4,"7-156084","11/16/2023"
"664","Russia","Russia","T-72B Obr. 2022","damaged","https://i.postimg.cc/K8KNkcMC/3260.png","2023-11-16",15,609,2,"7-156092","11/16/2023"
"665","Russia","Russia","T-72B Obr. 2022","abandoned","https://i.postimg.cc/K8KNkcMC/3260.png","2023-11-16",15,609,4,"7-156094","11/16/2023"
"666","Russia","Russia","T-72B Obr. 2022","damaged","https://i.postimg.cc/cC9D67N1/1032-T-72-B-Obr-2022-dam-aband-11-10-23.jpg","2023-11-16",15,610,2,"7-156102","11/16/2023"
"667","Russia","Russia","T-72B Obr. 2022","abandoned","https://i.postimg.cc/cC9D67N1/1032-T-72-B-Obr-2022-dam-aband-11-10-23.jpg","2023-11-16",15,610,4,"7-156104","11/16/2023"
"668","Russia","Russia","T-72B Obr. 2022","damaged","https://i.postimg.cc/2Sr4scV3/1049-1x-destr-1x-aband-t72b-obr-2022-1x-unkn-t72-dam-aband-1x-bmp1-destr-2x-bmp2-destr.jpg","2023-11-16",15,603,2,"7-156032","11/16/2023"
"669","Russia","Russia","T-72B Obr. 2022","abandoned","https://i.postimg.cc/2Sr4scV3/1049-1x-destr-1x-aband-t72b-obr-2022-1x-unkn-t72-dam-aband-1x-bmp1-destr-2x-bmp2-destr.jpg","2023-11-16",15,603,4,"7-156034","11/16/2023"
"670","Russia","Russia","T-72B Obr. 2022","damaged","https://i.postimg.cc/s2WJztQ7/1014-t72bobr2022-dam-aband-02-11-23.jpg","2023-11-16",15,611,2,"7-156112","11/16/2023"
"671","Russia","Russia","T-72B Obr. 2022","abandoned","https://i.postimg.cc/s2WJztQ7/1014-t72bobr2022-dam-aband-02-11-23.jpg","2023-11-16",15,611,4,"7-156114","11/16/2023"
"672","Russia","Russia","T-72B Obr. 2022","damaged","https://i.postimg.cc/MG11NVNY/1017-t72bobr2022-dam-aband.jpg","2023-11-16",15,612,2,"7-156122","11/16/2023"
"673","Russia","Russia","T-72B Obr. 2022","abandoned","https://i.postimg.cc/MG11NVNY/1017-t72bobr2022-dam-aband.jpg","2023-11-16",15,612,4,"7-156124","11/16/2023"
"674","Russia","Russia","T-72B Obr. 2022","damaged","https://i.postimg.cc/6q6vxVp5/1038-2x-t72b-obr2022-dam-aband-08-11-23.jpg","2023-11-16",15,613,2,"7-156132","11/16/2023"
"675","Russia","Russia","T-72B Obr. 2022","abandoned","https://i.postimg.cc/6q6vxVp5/1038-2x-t72b-obr2022-dam-aband-08-11-23.jpg","2023-11-16",15,613,4,"7-156134","11/16/2023"
"676","Russia","Russia","T-72B Obr. 2022","damaged","https://i.postimg.cc/Z5zfqJdd/1020-t72b-obr2022-dam-aband-12-11-23.jpg","2023-11-16",15,614,2,"7-156142","11/16/2023"
"677","Russia","Russia","T-72B Obr. 2022","abandoned","https://i.postimg.cc/Z5zfqJdd/1020-t72b-obr2022-dam-aband-12-11-23.jpg","2023-11-16",15,614,4,"7-156144","11/16/2023"
"678","Russia","Russia","29 T-72BA","destroyed","https://i.postimg.cc/pL9y12Tv/579.png","2023-11-16",16,615,1,"7-166151","11/16/2023"
"679","Russia","Russia","29 T-72BA","destroyed","https://i.postimg.cc/3RkbP4HG/1022-t72ba-destr.jpg","2023-11-16",16,616,1,"7-166161","11/16/2023"
"680","Russia","Russia","29 T-72BA","destroyed","https://i.postimg.cc/cLhH0NWj/1014-t72ba-destr.jpg","2023-11-16",16,617,1,"7-166171","11/16/2023"
"681","Russia","Russia","29 T-72BA","destroyed","https://i.postimg.cc/yY4BTXys/1061-t72ba-destr.jpg","2023-11-16",16,618,1,"7-166181","11/16/2023"
"682","Russia","Russia","29 T-72BA","destroyed","https://i.postimg.cc/Dz08xgz6/d3n.jpg","2023-11-16",16,619,1,"7-166191","11/16/2023"
"683","Russia","Russia","29 T-72BA","destroyed","https://i.postimg.cc/9QPwbp4r/1022-t72ba-destr.jpg","2023-11-16",16,620,1,"7-166201","11/16/2023"
"684","Russia","Russia","29 T-72BA","destroyed","https://i.postimg.cc/G23VDFWV/1003-T72-BA-destr-17-01-23.jpg","2023-11-16",16,621,1,"7-166211","11/16/2023"
"685","Russia","Russia","29 T-72BA","destroyed","https://i.postimg.cc/RV9vvz41/1016-t72ba-destr-19-02-23.jpg","2023-11-16",16,622,1,"7-166221","11/16/2023"
"686","Russia","Russia","29 T-72BA","destroyed","https://i.postimg.cc/v8Sy6xnj/1025-t72ba-destr-07-05-23.jpg","2023-11-16",16,623,1,"7-166231","11/16/2023"
"687","Russia","Russia","29 T-72BA","destroyed","https://i.postimg.cc/gcyQGW1R/1042-T-72-BA-destr-13-05-23.jpg","2023-11-16",16,624,1,"7-166241","11/16/2023"
"688","Russia","Russia","29 T-72BA","destroyed","https://i.postimg.cc/T1X85D34/443fp.png","2023-11-16",16,625,1,"7-166251","11/16/2023"
"689","Russia","Russia","29 T-72BA","damaged","https://i.postimg.cc/GptKrKXD/8887.jpg","2023-11-16",16,626,2,"7-166262","11/16/2023"
"690","Russia","Russia","29 T-72BA","damaged","https://i.postimg.cc/Sx58mgzj/480.png","2023-11-16",16,627,2,"7-166272","11/16/2023"
"691","Russia","Russia","29 T-72BA","captured","https://i.postimg.cc/PqbfD0QX/66.jpg","2023-11-16",16,628,3,"7-166283","11/16/2023"
"692","Russia","Russia","29 T-72BA","captured","https://i.postimg.cc/15GfGd3q/3328.jpg","2023-11-16",16,629,3,"7-166293","11/16/2023"
"693","Russia","Russia","29 T-72BA","captured","https://i.postimg.cc/mZH6y033/21.png","2023-11-16",16,630,3,"7-166303","11/16/2023"
"694","Russia","Russia","29 T-72BA","captured","https://i.postimg.cc/bvKbbG1N/1003.jpg","2023-11-16",16,631,3,"7-166313","11/16/2023"
"695","Russia","Russia","29 T-72BA","captured","https://i.postimg.cc/hjHCk489/1014-t72ba.jpg","2023-11-16",16,632,3,"7-166323","11/16/2023"
"696","Russia","Russia","29 T-72BA","captured","https://i.postimg.cc/j26rmYgX/1002-t72ba.jpg","2023-11-16",16,633,3,"7-166333","11/16/2023"
"697","Russia","Russia","29 T-72BA","captured","https://twitter.com/UAWeapons/status/1569292595997675523","2023-11-16",16,634,3,"7-166343","11/16/2023"
"698","Russia","Russia","29 T-72BA","captured","https://i.postimg.cc/6QZnSyPj/2022-09-19-T-72-BA.png","2023-11-16",16,635,3,"7-166353","11/16/2023"
"699","Russia","Russia","29 T-72BA","captured","https://i.postimg.cc/ZnPgbsJW/6521.png","2023-11-16",16,636,3,"7-166363","11/16/2023"
"700","Russia","Russia","29 T-72BA","captured","https://twitter.com/UAWeapons/status/1576956926130151424","2023-11-16",16,637,3,"7-166373","11/16/2023"
"701","Russia","Russia","29 T-72BA","captured","https://i.postimg.cc/YS6r5Rwf/1027-t72ba-capt.jpg","2023-11-16",16,638,3,"7-166383","11/16/2023"
"702","Russia","Russia","29 T-72BA","captured","https://i.postimg.cc/Qt65X9TS/f32.jpg","2023-11-16",16,639,3,"7-166393","11/16/2023"
"703","Russia","Russia","29 T-72BA","damaged","https://i.postimg.cc/3rtkQs7z/1013-t72ba-dam-capt.jpg","2023-11-16",16,640,2,"7-166402","11/16/2023"
"704","Russia","Russia","29 T-72BA","captured","https://i.postimg.cc/3rtkQs7z/1013-t72ba-dam-capt.jpg","2023-11-16",16,640,3,"7-166403","11/16/2023"
"705","Russia","Russia","29 T-72BA","captured","https://i.postimg.cc/WpCjQNyv/f433.jpg","2023-11-16",16,641,3,"7-166413","11/16/2023"
"706","Russia","Russia","29 T-72BA","captured","https://i.postimg.cc/6pb7hGNH/1009-t72ba-capt-02-02-23.jpg","2023-11-16",16,642,3,"7-166423","11/16/2023"
"707","Russia","Russia","29 T-72BA","captured","https://i.postimg.cc/yNm6FWgz/1029-t72ba-capt-17-02-23.jpg","2023-11-16",16,643,3,"7-166433","11/16/2023"
"708","Russia","Russia","345 T-72B3","destroyed","https://i.postimg.cc/cJ3zv6qW/1024-T-72-B3-destr-24-10-23.jpg","2023-11-16",17,644,1,"7-176441","11/16/2023"
"709","Russia","Russia","345 T-72B3","destroyed","https://i.postimg.cc/y6wWVgL9/4432.png","2023-11-16",17,645,1,"7-176451","11/16/2023"
"710","Russia","Russia","345 T-72B3","destroyed","https://i.postimg.cc/FRjjzC4G/551.png","2023-11-16",17,646,1,"7-176461","11/16/2023"
"711","Russia","Russia","345 T-72B3","destroyed","https://i.postimg.cc/Wzy2W252/10-11-2022-T-72-B3-destroyed-Sosnove-Donetsk-region.png","2023-11-16",17,647,1,"7-176471","11/16/2023"
"712","Russia","Russia","345 T-72B3","destroyed","https://i.postimg.cc/y6gsmSzS/10-20-2022-destroyed-Belgorod.png","2023-11-16",17,648,1,"7-176481","11/16/2023"
"713","Russia","Russia","345 T-72B3","destroyed","https://i.postimg.cc/XvVJCqzR/47.png","2023-11-16",17,649,1,"7-176491","11/16/2023"
"714","Russia","Russia","345 T-72B3","destroyed","https://i.postimg.cc/t4Cm0wNx/446.png","2023-11-16",17,650,1,"7-176501","11/16/2023"
"715","Russia","Russia","345 T-72B3","destroyed","https://i.postimg.cc/Ss1CCXmf/687.png","2023-11-16",17,651,1,"7-176511","11/16/2023"
"716","Russia","Russia","345 T-72B3","destroyed","https://i.postimg.cc/J0S24x0f/t1.png","2023-11-16",17,652,1,"7-176521","11/16/2023"
"717","Russia","Russia","345 T-72B3","destroyed","https://i.postimg.cc/XqFKRgfQ/1018-t72b3.png","2023-11-16",17,653,1,"7-176531","11/16/2023"
"718","Russia","Russia","345 T-72B3","destroyed","https://i.postimg.cc/y6FbBzcC/310.png","2023-11-16",17,654,1,"7-176541","11/16/2023"
"719","Russia","Russia","345 T-72B3","destroyed","https://twitter.com/UAWeapons/status/1507383319557820422","2023-11-16",17,655,1,"7-176551","11/16/2023"
"720","Russia","Russia","345 T-72B3","destroyed","https://i.postimg.cc/NffRWtKh/1004-t72b3-destr-20-02-23.jpg","2023-11-16",17,656,1,"7-176561","11/16/2023"
"721","Russia","Russia","345 T-72B3","destroyed","https://i.postimg.cc/V6q0xPpY/1038-72-B3-destr-30-11-22.jpg","2023-11-16",17,657,1,"7-176571","11/16/2023"
"722","Russia","Russia","345 T-72B3","destroyed","https://i.postimg.cc/bNkLWqLp/1019-t72b3.jpg","2023-11-16",17,658,1,"7-176581","11/16/2023"
"723","Russia","Russia","345 T-72B3","destroyed","https://i.postimg.cc/SQ3vjddL/3212.png","2023-11-16",17,659,1,"7-176591","11/16/2023"
"724","Russia","Russia","345 T-72B3","destroyed","https://i.postimg.cc/qB8QqRVv/47.png","2023-11-16",17,660,1,"7-176601","11/16/2023"
"725","Russia","Russia","345 T-72B3","destroyed","https://i.postimg.cc/9fqfddtG/27.png","2023-11-16",17,661,1,"7-176611","11/16/2023"
"726","Russia","Russia","345 T-72B3","destroyed","https://i.postimg.cc/tRSzJC9K/670.png","2023-11-16",17,662,1,"7-176621","11/16/2023"
"727","Russia","Russia","345 T-72B3","destroyed","https://i.postimg.cc/VNHPkyZz/66889.jpg","2023-11-16",17,663,1,"7-176631","11/16/2023"
"728","Russia","Russia","345 T-72B3","destroyed","https://i.postimg.cc/DyqmxChr/43.jpg","2023-11-16",17,664,1,"7-176641","11/16/2023"
"729","Russia","Russia","345 T-72B3","destroyed","https://i.postimg.cc/BZjGgMFV/1004-t72b3.jpg","2023-11-16",17,665,1,"7-176651","11/16/2023"
"730","Russia","Russia","345 T-72B3","destroyed","https://twitter.com/UAWeapons/status/1578108766004084736","2023-11-16",17,666,1,"7-176661","11/16/2023"
"731","Russia","Russia","345 T-72B3","destroyed","https://i.postimg.cc/xdL8xk5q/542f.jpg","2023-11-16",17,667,1,"7-176671","11/16/2023"
"732","Russia","Russia","345 T-72B3","destroyed","https://i.postimg.cc/HL0kY1k2/10-06-2022-T-72-B3-destroyed-Novooalexandrivka-Kherson-region.png","2023-11-16",17,668,1,"7-176681","11/16/2023"
"733","Russia","Russia","345 T-72B3","destroyed","https://i.postimg.cc/sDyJXZVZ/46.png","2023-11-16",17,669,1,"7-176691","11/16/2023"
"734","Russia","Russia","345 T-72B3","destroyed","https://i.postimg.cc/C1nNrBjw/76.png","2023-11-16",17,670,1,"7-176701","11/16/2023"
"735","Russia","Russia","345 T-72B3","destroyed","https://i.postimg.cc/X7PRYxFs/776.jpg","2023-11-16",17,671,1,"7-176711","11/16/2023"
"736","Russia","Russia","345 T-72B3","destroyed","https://i.postimg.cc/4dN3cXLs/668.jpg","2023-11-16",17,672,1,"7-176721","11/16/2023"
"737","Russia","Russia","345 T-72B3","destroyed","https://i.postimg.cc/rFqPVqkj/578.png","2023-11-16",17,673,1,"7-176731","11/16/2023"
"738","Russia","Russia","345 T-72B3","destroyed","https://twitter.com/UAWeapons/status/1513909323025551368","2023-11-16",17,674,1,"7-176741","11/16/2023"
"739","Russia","Russia","345 T-72B3","destroyed","https://i.postimg.cc/DzJ3yBR5/669p.png","2023-11-16",17,675,1,"7-176751","11/16/2023"
"740","Russia","Russia","345 T-72B3","destroyed","https://i.postimg.cc/MTRV0WgH/68899.jpg","2023-11-16",17,676,1,"7-176761","11/16/2023"
"741","Russia","Russia","345 T-72B3","destroyed","https://i.postimg.cc/hjBxDk3d/b33.jpg","2023-11-16",17,677,1,"7-176771","11/16/2023"
"742","Russia","Russia","345 T-72B3","destroyed","https://twitter.com/UAWeapons/status/1514929153820213253","2023-11-16",17,678,1,"7-176781","11/16/2023"
"743","Russia","Russia","345 T-72B3","destroyed","https://i.postimg.cc/MZ0dd6kF/3800.png","2023-11-16",17,679,1,"7-176791","11/16/2023"
"744","Russia","Russia","345 T-72B3","destroyed","https://i.postimg.cc/59CQfSy9/2004.jpg","2023-11-16",17,680,1,"7-176801","11/16/2023"
"745","Russia","Russia","345 T-72B3","destroyed","https://twitter.com/UAWeapons/status/1514918819621478407","2023-11-16",17,681,1,"7-176811","11/16/2023"
"746","Russia","Russia","345 T-72B3","destroyed","https://i.postimg.cc/dVx1SZv8/6539.png","2023-11-16",17,682,1,"7-176821","11/16/2023"
"747","Russia","Russia","345 T-72B3","destroyed","https://i.postimg.cc/4xbZ2JQ8/1035-t72b3-destr-02-04-23.jpg","2023-11-16",17,683,1,"7-176831","11/16/2023"
"748","Russia","Russia","345 T-72B3","destroyed","https://i.postimg.cc/tTyFj7HG/1029-72-B3-destr-04-11-23.jpg","2023-11-16",17,684,1,"7-176841","11/16/2023"
"749","Russia","Russia","345 T-72B3","destroyed","https://twitter.com/UAWeapons/status/1524360854514319361","2023-11-16",17,685,1,"7-176851","11/16/2023"
"750","Russia","Russia","345 T-72B3","destroyed","https://twitter.com/UAWeapons/status/1524458228251254784","2023-11-16",17,686,1,"7-176861","11/16/2023"
"751","Russia","Russia","345 T-72B3","destroyed","https://i.postimg.cc/m2Fr2kCt/998.jpg","2023-11-16",17,687,1,"7-176871","11/16/2023"
"752","Russia","Russia","345 T-72B3","destroyed","https://i.postimg.cc/zXH7mJPs/d3.jpg","2023-11-16",17,688,1,"7-176881","11/16/2023"
"753","Russia","Russia","345 T-72B3","destroyed","https://i.postimg.cc/KjRN8Fcg/763.jpg","2023-11-16",17,689,1,"7-176891","11/16/2023"
"754","Russia","Russia","345 T-72B3","destroyed","https://twitter.com/UAWeapons/status/1525901062057631747","2023-11-16",17,690,1,"7-176901","11/16/2023"
"755","Russia","Russia","345 T-72B3","destroyed","https://i.postimg.cc/xTXppdh7/6655.jpg","2023-11-16",17,691,1,"7-176911","11/16/2023"
"756","Russia","Russia","345 T-72B3","destroyed","https://i.postimg.cc/Y9BLC0GR/1007-t72b3-destr-T80b-dam-aband-02-11-23.jpg","2023-11-16",17,692,1,"7-176921","11/16/2023"
"757","Russia","Russia","345 T-72B3","destroyed","https://i.postimg.cc/Fsx5zkW2/1015-t72b3-destr-23-10-23.jpg","2023-11-16",17,693,1,"7-176931","11/16/2023"
"758","Russia","Russia","345 T-72B3","destroyed","https://i.postimg.cc/pTGj20ZR/554.jpg","2023-11-16",17,694,1,"7-176941","11/16/2023"
"759","Russia","Russia","345 T-72B3","destroyed","https://i.postimg.cc/Jzf7c2NY/hh6.jpg","2023-11-16",17,695,1,"7-176951","11/16/2023"
"760","Russia","Russia","345 T-72B3","destroyed","https://i.postimg.cc/x8CgQ6mG/1.png","2023-11-16",17,696,1,"7-176961","11/16/2023"
"761","Russia","Russia","345 T-72B3","destroyed","https://i.postimg.cc/jSTV5m1m/321.png","2023-11-16",17,697,1,"7-176971","11/16/2023"
"762","Russia","Russia","345 T-72B3","destroyed","https://i.postimg.cc/0j8djzdh/43h.png","2023-11-16",17,698,1,"7-176981","11/16/2023"
"763","Russia","Russia","345 T-72B3","destroyed","https://twitter.com/UAWeapons/status/1541061368434106368","2023-11-16",17,699,1,"7-176991","11/16/2023"
"764","Russia","Russia","345 T-72B3","destroyed","https://i.postimg.cc/Y26c3T4Q/k8o-GEw-Fr-jpg-large.jpg","2023-11-16",17,700,1,"7-177001","11/16/2023"
"765","Russia","Russia","345 T-72B3","captured","https://i.postimg.cc/YCx3jCLb/793.png","2023-11-16",17,701,3,"7-177013","11/16/2023"
"766","Russia","Russia","345 T-72B3","destroyed","https://i.postimg.cc/YCx3jCLb/793.png","2023-11-16",17,701,1,"7-177011","11/16/2023"
"767","Russia","Russia","345 T-72B3","destroyed","https://i.postimg.cc/Gm76tytp/Amx-HFk-If-png-medium.png","2023-11-16",17,702,1,"7-177021","11/16/2023"
"768","Russia","Russia","345 T-72B3","destroyed","https://i.postimg.cc/3x4PcZ3H/7j766.jpg","2023-11-16",17,703,1,"7-177031","11/16/2023"
"769","Russia","Russia","345 T-72B3","destroyed","https://twitter.com/UAWeapons/status/1542869832219099139","2023-11-16",17,704,1,"7-177041","11/16/2023"
"770","Russia","Russia","345 T-72B3","destroyed","https://twitter.com/RALee85/status/1544015117389631490","2023-11-16",17,705,1,"7-177051","11/16/2023"
"771","Russia","Russia","345 T-72B3","destroyed","https://twitter.com/RALee85/status/1544016163801387009","2023-11-16",17,706,1,"7-177061","11/16/2023"
"772","Russia","Russia","345 T-72B3","destroyed","https://i.postimg.cc/d05t9L0x/1018.jpg","2023-11-16",17,707,1,"7-177071","11/16/2023"
"773","Russia","Russia","345 T-72B3","destroyed","https://i.postimg.cc/fThXPcn6/2022-09-18-T-72-B3.png","2023-11-16",17,708,1,"7-177081","11/16/2023"
"774","Russia","Russia","345 T-72B3","destroyed","https://i.postimg.cc/7bvZVNPD/2022-09-23-T-72-B3-2.jpg","2023-11-16",17,709,1,"7-177091","11/16/2023"
"775","Russia","Russia","345 T-72B3","destroyed","https://i.postimg.cc/MKYBcZBg/1002-t72b3-4x.jpg","2023-11-16",17,710,1,"7-177101","11/16/2023"
"776","Russia","Russia","345 T-72B3","destroyed","https://i.postimg.cc/8kyRcpmB/tank.jpg","2023-11-16",17,711,1,"7-177111","11/16/2023"
"777","Russia","Russia","345 T-72B3","destroyed","https://i.postimg.cc/pT5RQXZt/1000.jpg","2023-11-16",17,712,1,"7-177121","11/16/2023"
"778","Russia","Russia","345 T-72B3","destroyed","https://twitter.com/UAWeapons/status/1552756805406789632","2023-11-16",17,713,1,"7-177131","11/16/2023"
"779","Russia","Russia","345 T-72B3","destroyed","https://i.postimg.cc/qRyBGz6W/1005-t72b3.png","2023-11-16",17,714,1,"7-177141","11/16/2023"
"780","Russia","Russia","345 T-72B3","destroyed","https://i.postimg.cc/V6TYBXrC/1006-t72b3.jpg","2023-11-16",17,715,1,"7-177151","11/16/2023"
"781","Russia","Russia","345 T-72B3","destroyed","https://i.postimg.cc/fLBWd7XS/05-18-2022-Tryrkuny-T-72-B3-destroyed.png","2023-11-16",17,716,1,"7-177161","11/16/2023"
"782","Russia","Russia","345 T-72B3","destroyed","https://postlmg.cc/c641d8GV","2023-11-16",17,717,1,"7-177171","11/16/2023"
"783","Russia","Russia","345 T-72B3","destroyed","https://postlmg.cc/tsZH2Crv","2023-11-16",17,718,1,"7-177181","11/16/2023"
"784","Russia","Russia","345 T-72B3","destroyed","https://i.postimg.cc/4Ndqc7Vp/1009-T-80-BVM-BTR-80-MT-LB-T-72-B3-and-Ural-4320-destr-24-11-22.jpg","2023-11-16",17,719,1,"7-177191","11/16/2023"
"785","Russia","Russia","345 T-72B3","destroyed","https://twitter.com/UAWeapons/status/1565977656306409473","2023-11-16",17,720,1,"7-177201","11/16/2023"
"786","Russia","Russia","345 T-72B3","destroyed","https://postimg.cc/yJVpTh19","2023-11-16",17,721,1,"7-177211","11/16/2023"
"787","Russia","Russia","345 T-72B3","destroyed","https://twitter.com/UAWeapons/status/1569734765200248839","2023-11-16",17,722,1,"7-177221","11/16/2023"
"788","Russia","Russia","345 T-72B3","destroyed","https://i.postimg.cc/Wbg58TcQ/57880.jpg","2023-11-16",17,723,1,"7-177231","11/16/2023"
"789","Russia","Russia","345 T-72B3","destroyed","https://i.postimg.cc/tT8NxcCc/331.jpg","2023-11-16",17,724,1,"7-177241","11/16/2023"
"790","Russia","Russia","345 T-72B3","destroyed","https://twitter.com/RALee85/status/1568587749359513605","2023-11-16",17,725,1,"7-177251","11/16/2023"
"791","Russia","Russia","345 T-72B3","destroyed","https://i.postimg.cc/mhx5hGDQ/1006-t72b3.jpg","2023-11-16",17,726,1,"7-177261","11/16/2023"
"792","Russia","Russia","345 T-72B3","destroyed","https://twitter.com/UAWeapons/status/1569046260769775622","2023-11-16",17,727,1,"7-177271","11/16/2023"
"793","Russia","Russia","345 T-72B3","destroyed","https://i.postimg.cc/5NBDyF7J/1010-t72b1989.jpg","2023-11-16",17,728,1,"7-177281","11/16/2023"
"794","Russia","Russia","345 T-72B3","destroyed","https://twitter.com/UAWeapons/status/1569725397863993346","2023-11-16",17,729,1,"7-177291","11/16/2023"
"795","Russia","Russia","345 T-72B3","destroyed","https://i.postimg.cc/yY5bLbz0/2022-09-23-T-72-B3-3.jpg","2023-11-16",17,730,1,"7-177301","11/16/2023"
"796","Russia","Russia","345 T-72B3","destroyed","https://postimg.cc/vgV02xvP","2023-11-16",17,731,1,"7-177311","11/16/2023"
"797","Russia","Russia","345 T-72B3","destroyed","https://twitter.com/UAWeapons/status/1571225455402835971","2023-11-16",17,732,1,"7-177321","11/16/2023"
"798","Russia","Russia","345 T-72B3","destroyed","https://i.postimg.cc/4yf3q41F/1001-t72b3.jpg","2023-11-16",17,733,1,"7-177331","11/16/2023"
"799","Russia","Russia","345 T-72B3","destroyed","https://twitter.com/UAWeapons/status/1549434150561751041","2023-11-16",17,734,1,"7-177341","11/16/2023"
"800","Russia","Russia","345 T-72B3","destroyed","https://i.postimg.cc/0j6pQt2H/1036-t72b3-destr.jpg","2023-11-16",17,735,1,"7-177351","11/16/2023"
"801","Russia","Russia","345 T-72B3","destroyed","https://i.postimg.cc/SNGmhGPD/1002-t72b3-destr.png","2023-11-16",17,736,1,"7-177361","11/16/2023"
"802","Russia","Russia","345 T-72B3","destroyed","https://i.postimg.cc/bwdWBHfG/1013-t72b3-destr.jpg","2023-11-16",17,737,1,"7-177371","11/16/2023"
"803","Russia","Russia","345 T-72B3","destroyed","https://twitter.com/UAWeapons/status/1576291796639879168","2023-11-16",17,738,1,"7-177381","11/16/2023"
"804","Russia","Russia","345 T-72B3","destroyed","https://twitter.com/Blue_Sauron/status/1576539355593572353","2023-11-16",17,739,1,"7-177391","11/16/2023"
"805","Russia","Russia","345 T-72B3","destroyed","https://i.postimg.cc/zvTBNmxH/1000-t72b3.jpg","2023-11-16",17,740,1,"7-177401","11/16/2023"
"806","Russia","Russia","345 T-72B3","destroyed","https://i.postimg.cc/LXHWYCLm/2022-10-02-T-72-B3.jpg","2023-11-16",17,741,1,"7-177411","11/16/2023"
"807","Russia","Russia","345 T-72B3","destroyed","https://i.postimg.cc/CxczSZCv/T-72-B3-Lyman-along-the-road.png","2023-11-16",17,742,1,"7-177421","11/16/2023"
"808","Russia","Russia","345 T-72B3","destroyed","https://i.postimg.cc/mDgZwQnH/4489.png","2023-11-16",17,743,1,"7-177431","11/16/2023"
"809","Russia","Russia","345 T-72B3","captured","https://i.postimg.cc/YCF5mbpS/5583.png","2023-11-16",17,744,3,"7-177443","11/16/2023"
"810","Russia","Russia","345 T-72B3","destroyed","https://i.postimg.cc/YCF5mbpS/5583.png","2023-11-16",17,744,1,"7-177441","11/16/2023"
"811","Russia","Russia","345 T-72B3","destroyed","https://i.postimg.cc/C5vfhZRC/1033-t72b3-destr-08-11-23.jpg","2023-11-16",17,745,1,"7-177451","11/16/2023"
"812","Russia","Russia","345 T-72B3","destroyed","https://i.postimg.cc/gjzPFKXM/1002-t72b3-destr.jpg","2023-11-16",17,746,1,"7-177461","11/16/2023"
"813","Russia","Russia","345 T-72B3","destroyed","https://i.postimg.cc/MTDZxnDS/1021-t72b3-destr-2022-09-12.jpg","2023-11-16",17,747,1,"7-177471","11/16/2023"
"814","Russia","Russia","345 T-72B3","destroyed","https://i.postimg.cc/ZK8msBw3/1002-t72b3-destr.jpg","2023-11-16",17,748,1,"7-177481","11/16/2023"
"815","Russia","Russia","345 T-72B3","destroyed","https://i.postimg.cc/fLjybt8x/2022-03-30-t-72b3.jpg","2023-11-16",17,749,1,"7-177491","11/16/2023"
"816","Russia","Russia","345 T-72B3","destroyed","https://i.postimg.cc/2SVPW7N1/1008-t72b3-destr-09-01-23.jpg","2023-11-16",17,750,1,"7-177501","11/16/2023"
"817","Russia","Russia","345 T-72B3","destroyed","https://i.postimg.cc/9QtQbjYb/2022-04-07-t-72b3.jpg","2023-11-16",17,751,1,"7-177511","11/16/2023"
"818","Russia","Russia","345 T-72B3","destroyed","https://i.postimg.cc/ydVvY98z/2022-04-04-t-72b3.jpg","2023-11-16",17,752,1,"7-177521","11/16/2023"
"819","Russia","Russia","345 T-72B3","destroyed","https://i.postimg.cc/Jh9RxFZK/2022-04-07-t-72b3-1.jpg","2023-11-16",17,753,1,"7-177531","11/16/2023"
"820","Russia","Russia","345 T-72B3","destroyed","https://i.postimg.cc/jjWszTwL/2022-04-07-t-72b3-2.jpg","2023-11-16",17,754,1,"7-177541","11/16/2023"
"821","Russia","Russia","345 T-72B3","destroyed","https://i.postimg.cc/4x2f7y3D/2022-04-07-t-72b3-3.jpg","2023-11-16",17,755,1,"7-177551","11/16/2023"
"822","Russia","Russia","345 T-72B3","destroyed","https://i.postimg.cc/QtRFdHdv/2022-04-16-t-72b3.jpg","2023-11-16",17,756,1,"7-177561","11/16/2023"
"823","Russia","Russia","345 T-72B3","destroyed","https://postlmg.cc/VJSTyZtS","2023-11-16",17,757,1,"7-177571","11/16/2023"
"824","Russia","Russia","345 T-72B3","destroyed","https://i.postimg.cc/wjNzvVSm/2022-06-13-t-72b3-1.jpg","2023-11-16",17,758,1,"7-177581","11/16/2023"
"825","Russia","Russia","345 T-72B3","destroyed","https://postlmg.cc/7bhq1CP5","2023-11-16",17,759,1,"7-177591","11/16/2023"
"826","Russia","Russia","345 T-72B3","destroyed","https://i.postimg.cc/gJt1tMfg/1036-T-72-B3-Kam-AZ-6x6-tanker-destr-3-11.jpg","2023-11-16",17,760,1,"7-177601","11/16/2023"
"827","Russia","Russia","345 T-72B3","destroyed","https://i.postimg.cc/rpM6DR1N/1028-unkn-tank-destr-4-11.jpg","2023-11-16",17,761,1,"7-177611","11/16/2023"
"828","Russia","Russia","345 T-72B3","destroyed","https://i.postimg.cc/76SSf9Kq/5549.png","2023-11-16",17,762,1,"7-177621","11/16/2023"
"829","Russia","Russia","345 T-72B3","destroyed","https://twitter.com/UAWeapons/status/1590100264530640897","2023-11-16",17,763,1,"7-177631","11/16/2023"
"830","Russia","Russia","345 T-72B3","destroyed","https://i.postimg.cc/XN1y0drM/1001-t72b3-destr-24-10.jpg","2023-11-16",17,764,1,"7-177641","11/16/2023"
"831","Russia","Russia","345 T-72B3","destroyed","https://twitter.com/UAWeapons/status/1591539522655117312","2023-11-16",17,765,1,"7-177651","11/16/2023"
"832","Russia","Russia","345 T-72B3","destroyed","https://i.postimg.cc/fbZjKjBJ/1008-t72b3-destr.jpg","2023-11-16",17,766,1,"7-177661","11/16/2023"
"833","Russia","Russia","345 T-72B3","destroyed","https://i.postimg.cc/Pqr51Fjf/1005-t72b3-destr.jpg","2023-11-16",17,767,1,"7-177671","11/16/2023"
"834","Russia","Russia","345 T-72B3","destroyed","https://twitter.com/UAWeapons/status/1596558083635003393","2023-11-16",17,768,1,"7-177681","11/16/2023"
"835","Russia","Russia","345 T-72B3","destroyed","https://i.postimg.cc/Hxk0GWGm/1002-t72b3-destr.jpg","2023-11-16",17,769,1,"7-177691","11/16/2023"
"836","Russia","Russia","345 T-72B3","destroyed","https://i.postimg.cc/s2SHfDYn/1014-t72b3-destr.jpg","2023-11-16",17,770,1,"7-177701","11/16/2023"
"837","Russia","Russia","345 T-72B3","destroyed","https://i.postimg.cc/htk8zRWc/1001-t72b3-destr.jpg","2023-11-16",17,771,1,"7-177711","11/16/2023"
"838","Russia","Russia","345 T-72B3","destroyed","https://i.postimg.cc/mgPtvSRw/1027-t72b3-destr.jpg","2023-11-16",17,772,1,"7-177721","11/16/2023"
"839","Russia","Russia","345 T-72B3","destroyed","https://i.postimg.cc/pTct2p66/1006-t72b3-destr-21-09-22.jpg","2023-11-16",17,773,1,"7-177731","11/16/2023"
"840","Russia","Russia","345 T-72B3","destroyed","https://i.postimg.cc/tC5B4j1G/2022-04-03-T-72-B3-captured-Chernihiv.jpg","2023-11-16",17,774,1,"7-177741","11/16/2023"
"841","Russia","Russia","345 T-72B3","destroyed","https://i.postimg.cc/zG2pTFSd/2022-04-07-T-72-B3-destroyed-Chernihiv.jpg","2023-11-16",17,775,1,"7-177751","11/16/2023"
"842","Russia","Russia","345 T-72B3","destroyed","https://i.postimg.cc/wvnP920k/1000-t72b3-dam-capt.jpg","2023-11-16",17,776,1,"7-177761","11/16/2023"
"843","Russia","Russia","345 T-72B3","destroyed","https://i.postimg.cc/pdppMfSG/T-72-B3-destroyed.png","2023-11-16",17,777,1,"7-177771","11/16/2023"
"844","Russia","Russia","345 T-72B3","destroyed","https://i.postimg.cc/28Qkhd6p/1501-t72b3-destr-t72b-aband.jpg","2023-11-16",17,778,1,"7-177781","11/16/2023"
"845","Russia","Russia","345 T-72B3","destroyed","https://i.postimg.cc/PJWxVFgm/1004-t72b3-destr.jpg","2023-11-16",17,779,1,"7-177791","11/16/2023"
"846","Russia","Russia","345 T-72B3","destroyed","https://i.postimg.cc/VLw50mt4/1007-t72b3-destr.jpg","2023-11-16",17,780,1,"7-177801","11/16/2023"
"847","Russia","Russia","345 T-72B3","destroyed","https://i.postimg.cc/1z8z1txR/1031-t72b3-destr-13-12-22.jpg","2023-11-16",17,781,1,"7-177811","11/16/2023"
"848","Russia","Russia","345 T-72B3","destroyed","https://twitter.com/UAWeapons/status/1591036463634075648","2023-11-16",17,53,1,"7-17531","11/16/2023"
"849","Russia","Russia","345 T-72B3","destroyed","https://i.postimg.cc/x1qfv1Dx/1008-t72b3-destr-23-12-22.jpg","2023-11-16",17,782,1,"7-177821","11/16/2023"
"850","Russia","Russia","345 T-72B3","destroyed","https://i.postimg.cc/Pq08wdxF/1027-T-72-B3-destr-29-12-22.jpg","2023-11-16",17,783,1,"7-177831","11/16/2023"
"851","Russia","Russia","345 T-72B3","destroyed","https://i.postimg.cc/HxShhPtm/1018-t72b3-destr-08-01-23.jpg","2023-11-16",17,784,1,"7-177841","11/16/2023"
"852","Russia","Russia","345 T-72B3","destroyed","https://i.postimg.cc/NjSZk2Qp/1003-t72b3-destr-10-01-23.jpg","2023-11-16",17,785,1,"7-177851","11/16/2023"
"853","Russia","Russia","345 T-72B3","destroyed","https://i.postimg.cc/ydpPdB3f/1009-t72b3-destr-31-12-22.jpg","2023-11-16",17,786,1,"7-177861","11/16/2023"
"854","Russia","Russia","345 T-72B3","destroyed","https://i.postimg.cc/TwfSmRwf/1012-t72b3-destr-01-01-23.jpg","2023-11-16",17,787,1,"7-177871","11/16/2023"
"855","Russia","Russia","345 T-72B3","destroyed","https://i.postimg.cc/D0pfRM61/1019-T-72-B3-destr-22-01-23.jpg","2023-11-16",17,788,1,"7-177881","11/16/2023"
"856","Russia","Russia","345 T-72B3","destroyed","https://twitter.com/UAWeapons/status/1618686362693279744","2023-11-16",17,789,1,"7-177891","11/16/2023"
"857","Russia","Russia","345 T-72B3","destroyed","https://i.postimg.cc/N0BgPTkP/1002-t72b3-destr-27-01-23.jpg","2023-11-16",17,790,1,"7-177901","11/16/2023"
"858","Russia","Russia","345 T-72B3","destroyed","https://twitter.com/UAWeapons/status/1620050309275058176","2023-11-16",17,791,1,"7-177911","11/16/2023"
"859","Russia","Russia","345 T-72B3","destroyed","https://i.postimg.cc/C58q06ph/1001-t72b3-destr-31-01-23.jpg","2023-11-16",17,792,1,"7-177921","11/16/2023"
"860","Russia","Russia","345 T-72B3","destroyed","https://i.postimg.cc/ryRW5z0B/1004-t72b3-destr-31-01-23.jpg","2023-11-16",17,793,1,"7-177931","11/16/2023"
"861","Russia","Russia","345 T-72B3","destroyed","https://i.postimg.cc/JnCNf9fb/1014-t72b3-destr-05-02-23.jpg","2023-11-16",17,794,1,"7-177941","11/16/2023"
"862","Russia","Russia","345 T-72B3","destroyed","https://i.postimg.cc/CL7cjLW9/1027-t72b3-destr-05-02-23.jpg","2023-11-16",17,795,1,"7-177951","11/16/2023"
"863","Russia","Russia","345 T-72B3","destroyed","https://i.postimg.cc/B6hMmG0p/1300-t72b3-dam-aband-10-02-23.jpg","2023-11-16",17,796,1,"7-177961","11/16/2023"
"864","Russia","Russia","345 T-72B3","destroyed","https://i.postimg.cc/N0BDbgmn/1002-t72b3-destr-11-02-23.jpg","2023-11-16",17,797,1,"7-177971","11/16/2023"
"865","Russia","Russia","345 T-72B3","destroyed","https://i.postimg.cc/2jKHmNNq/1010-t72b3-destr-11-02-23.jpg","2023-11-16",17,798,1,"7-177981","11/16/2023"
"866","Russia","Russia","345 T-72B3","destroyed","https://twitter.com/UAWeapons/status/1625924184806129678","2023-11-16",17,799,1,"7-177991","11/16/2023"
"867","Russia","Russia","345 T-72B3","destroyed","https://twitter.com/UAWeapons/status/1626665664172773376","2023-11-16",17,800,1,"7-178001","11/16/2023"
"868","Russia","Russia","345 T-72B3","destroyed","https://i.postimg.cc/Pq55bWJd/1002-T-72-B3-destr-17-02-23.jpg","2023-11-16",17,801,1,"7-178011","11/16/2023"
"869","Russia","Russia","345 T-72B3","destroyed","https://i.postimg.cc/htqns9CH/1022-t72b3-destr-05-02-23.jpg","2023-11-16",17,802,1,"7-178021","11/16/2023"
"870","Russia","Russia","345 T-72B3","destroyed","https://i.postimg.cc/J0Zr7K65/1031-t72b3-destr-xx-08-22.jpg","2023-11-16",17,803,1,"7-178031","11/16/2023"
"871","Russia","Russia","345 T-72B3","destroyed","https://i.postimg.cc/ht64L8Lt/1020-t72b3-destr-23-02-23.jpg","2023-11-16",17,804,1,"7-178041","11/16/2023"
"872","Russia","Russia","345 T-72B3","destroyed","https://i.postimg.cc/pdjWq9CY/1021-t72b3-destr-23-02-23.jpg","2023-11-16",17,805,1,"7-178051","11/16/2023"
"873","Russia","Russia","345 T-72B3","destroyed","https://i.postimg.cc/MH47XFMg/776p.png","2023-11-16",17,806,1,"7-178061","11/16/2023"
"874","Russia","Russia","345 T-72B3","destroyed","https://twitter.com/UAWeapons/status/1632458755446063106","2023-11-16",17,807,1,"7-178071","11/16/2023"
"875","Russia","Russia","345 T-72B3","destroyed","https://i.postimg.cc/QdkdHjQN/1013-t72b3-destr-27-12-22.jpg","2023-11-16",17,808,1,"7-178081","11/16/2023"
"876","Russia","Russia","345 T-72B3","destroyed","https://i.postimg.cc/bJFJpLQQ/1008-t72b3-destr-07-03-23.jpg","2023-11-16",17,809,1,"7-178091","11/16/2023"
"877","Russia","Russia","345 T-72B3","destroyed","https://i.postimg.cc/7hR7kTwk/1007-t72b3-destr-20-03-23.jpg","2023-11-16",17,810,1,"7-178101","11/16/2023"
"878","Russia","Russia","345 T-72B3","destroyed","https://twitter.com/UAWeapons/status/1639043413503881224","2023-11-16",17,811,1,"7-178111","11/16/2023"
"879","Russia","Russia","345 T-72B3","destroyed","https://i.postimg.cc/y823p1WS/1100-t72b3-dam-aband-06-02-23.jpg","2023-11-16",17,812,1,"7-178121","11/16/2023"
"880","Russia","Russia","345 T-72B3","destroyed","https://i.postimg.cc/VLVCtNv4/241.png","2023-11-16",17,813,1,"7-178131","11/16/2023"
"881","Russia","Russia","345 T-72B3","destroyed","https://i.postimg.cc/jjKVYjqf/3d11.png","2023-11-16",17,814,1,"7-178141","11/16/2023"
"882","Russia","Russia","345 T-72B3","destroyed","https://i.postimg.cc/Z52ZzPLs/1017-t72b3-destr-19-04-23.jpg","2023-11-16",17,815,1,"7-178151","11/16/2023"
"883","Russia","Russia","345 T-72B3","destroyed","https://i.postimg.cc/02H17Gh5/1055-t72b3-destr-01-05-23.jpg","2023-11-16",17,816,1,"7-178161","11/16/2023"
"884","Russia","Russia","345 T-72B3","destroyed","https://twitter.com/UAWeapons/status/1655572096888569857","2023-11-16",17,817,1,"7-178171","11/16/2023"
"885","Russia","Russia","345 T-72B3","destroyed","https://i.postimg.cc/sXdHR6cw/1060-T-72-B3-destr-01-05-23.jpg","2023-11-16",17,818,1,"7-178181","11/16/2023"
"886","Russia","Russia","345 T-72B3","destroyed","https://i.postimg.cc/fbnWwTDt/1010-3x-t72b3-destr-28-04-23.jpg","2023-11-16",17,819,1,"7-178191","11/16/2023"
"887","Russia","Russia","345 T-72B3","destroyed","https://i.postimg.cc/T3zNCRVH/1010-T-72-B3-destr-28-05-23.jpg","2023-11-16",17,820,1,"7-178201","11/16/2023"
"888","Russia","Russia","345 T-72B3","destroyed","https://i.postimg.cc/Yq7D7rrn/1006-T-72-B3-destr-22-05-23.jpg","2023-11-16",17,821,1,"7-178211","11/16/2023"
"889","Russia","Russia","345 T-72B3","destroyed","https://i.postimg.cc/g0xXLt5c/1031-1x-t72b3destr-09-02-23.jpg","2023-11-16",17,822,1,"7-178221","11/16/2023"
"890","Russia","Russia","345 T-72B3","destroyed","https://twitter.com/UAWeapons/status/1666495877798584333","2023-11-16",17,823,1,"7-178231","11/16/2023"
"891","Russia","Russia","345 T-72B3","destroyed","https://i.postimg.cc/qvbzLkc2/1025-t72b3-destr-08-06-23.jpg","2023-11-16",17,824,1,"7-178241","11/16/2023"
"892","Russia","Russia","345 T-72B3","destroyed","https://i.postimg.cc/76xnFmhL/1009-t72b3-destr-16-06-23.jpg","2023-11-16",17,825,1,"7-178251","11/16/2023"
"893","Russia","Russia","345 T-72B3","destroyed","https://i.postimg.cc/LskVQrH7/1040-t72b3-destr-23-06-23.jpg","2023-11-16",17,826,1,"7-178261","11/16/2023"
"894","Russia","Russia","345 T-72B3","destroyed","https://i.postimg.cc/k5x5QFVs/1013-T-72-B3-destr-20-06-23.jpg","2023-11-16",17,827,1,"7-178271","11/16/2023"
"895","Russia","Russia","345 T-72B3","destroyed","https://i.postimg.cc/LsTVYw2h/1003-t72b3-destr-04-07-23.jpg","2023-11-16",17,828,1,"7-178281","11/16/2023"
"896","Russia","Russia","345 T-72B3","destroyed","https://twitter.com/UAWeapons/status/1677326810067992578","2023-11-16",17,829,1,"7-178291","11/16/2023"
"897","Russia","Russia","345 T-72B3","destroyed","https://i.postimg.cc/sg30RT9K/1036-T-72-B3-destr-31-08-22.jpg","2023-11-16",17,830,1,"7-178301","11/16/2023"
"898","Russia","Russia","345 T-72B3","destroyed","https://i.postimg.cc/pT5sB4RV/1051-t72b3-destr-30-11-22.jpg","2023-11-16",17,831,1,"7-178311","11/16/2023"
"899","Russia","Russia","345 T-72B3","destroyed","https://i.postimg.cc/nzK0yLGP/1021-t72b3-destr-10-04-22.png","2023-11-16",17,832,1,"7-178321","11/16/2023"
"900","Russia","Russia","345 T-72B3","destroyed","https://i.postimg.cc/jqQwh016/1025-T-72-B3-destr-31-03-22.jpg","2023-11-16",17,833,1,"7-178331","11/16/2023"
"901","Russia","Russia","345 T-72B3","destroyed","https://i.postimg.cc/25yX3WL2/1004-t72b3-destr-05-07-23.jpg","2023-11-16",17,834,1,"7-178341","11/16/2023"
"902","Russia","Russia","345 T-72B3","destroyed","https://i.postimg.cc/C5tCgRF3/1020-T-72-B3-destr-18-06-23.jpg","2023-11-16",17,835,1,"7-178351","11/16/2023"
"903","Russia","Russia","345 T-72B3","destroyed","https://i.postimg.cc/x1bLnrPk/1009-t72b3-destr-01-08-23.jpg","2023-11-16",17,836,1,"7-178361","11/16/2023"
"904","Russia","Russia","345 T-72B3","destroyed","https://i.postimg.cc/TYBZ8ZXP/1013-t72b3-destr-07-08-23.jpg","2023-11-16",17,837,1,"7-178371","11/16/2023"
"905","Russia","Russia","345 T-72B3","destroyed","https://twitter.com/UAWeapons/status/1695511829546434937","2023-11-16",17,838,1,"7-178381","11/16/2023"
"906","Russia","Russia","345 T-72B3","destroyed","https://i.postimg.cc/76gNSCML/43.png","2023-11-16",17,839,1,"7-178391","11/16/2023"
"907","Russia","Russia","345 T-72B3","destroyed","https://i.postimg.cc/1R6kBptS/2770.png","2023-11-16",17,840,1,"7-178401","11/16/2023"
"908","Russia","Russia","345 T-72B3","destroyed","https://i.postimg.cc/fLvfV5Nc/3328.png","2023-11-16",17,841,1,"7-178411","11/16/2023"
"909","Russia","Russia","345 T-72B3","destroyed","https://twitter.com/naalsio26/status/1700978678476496999","2023-11-16",17,842,1,"7-178421","11/16/2023"
"910","Russia","Russia","345 T-72B3","destroyed","https://i.postimg.cc/zG0JPLrQ/287.png","2023-11-16",17,843,1,"7-178431","11/16/2023"
"911","Russia","Russia","345 T-72B3","destroyed","https://i.postimg.cc/tJWWGKtY/298.png","2023-11-16",17,844,1,"7-178441","11/16/2023"
"912","Russia","Russia","345 T-72B3","destroyed","https://i.postimg.cc/Ls1SsG5K/265.png","2023-11-16",17,845,1,"7-178451","11/16/2023"
"913","Russia","Russia","345 T-72B3","destroyed","https://i.postimg.cc/XYw6KmN1/1025-T-72-B3-destr-28-09-23.jpg","2023-11-16",17,846,1,"7-178461","11/16/2023"
"914","Russia","Russia","345 T-72B3","destroyed","https://i.postimg.cc/bYK7vpNH/1039-T-72-B3-destr-05-10-23.jpg","2023-11-16",17,847,1,"7-178471","11/16/2023"
"915","Russia","Russia","345 T-72B3","destroyed","https://i.postimg.cc/25Q2nNfK/1047-t72b3-destr-11-10-23.jpg","2023-11-16",17,848,1,"7-178481","11/16/2023"
"916","Russia","Russia","345 T-72B3","destroyed","https://i.postimg.cc/zXLKkpFX/1019-unkn-tank-destr-20-03-23.jpg","2023-11-16",17,849,1,"7-178491","11/16/2023"
"917","Russia","Russia","345 T-72B3","destroyed","https://i.postimg.cc/qMzDqfHL/1034-1x-t72b3-1x-t80bv-2x-unkn-tank-destr-1x-t80bv-aband-31-10-23.jpg","2023-11-16",17,850,1,"7-178501","11/16/2023"
"918","Russia","Russia","345 T-72B3","destroyed","https://i.postimg.cc/fTrFfzfp/1004-T-72-B3-T-72-B-destr-01-11-23.jpg","2023-11-16",17,851,1,"7-178511","11/16/2023"
"919","Russia","Russia","345 T-72B3","damaged","https://twitter.com/RALee85/status/1544016163801387009","2023-11-16",17,706,2,"7-177062","11/16/2023"
"920","Russia","Russia","345 T-72B3","damaged","https://twitter.com/UAWeapons/status/1542986188100886529","2023-11-16",17,852,2,"7-178522","11/16/2023"
"921","Russia","Russia","345 T-72B3","damaged","https://i.postimg.cc/wvF0yczL/1016-t72b3-dam-23-08-23.jpg","2023-11-16",17,853,2,"7-178532","11/16/2023"
"922","Russia","Russia","345 T-72B3","damaged","https://twitter.com/UAWeapons/status/1508078103016488963","2023-11-16",17,854,2,"7-178542","11/16/2023"
"923","Russia","Russia","345 T-72B3","damaged","https://twitter.com/UAWeapons/status/1516860518870523905","2023-11-16",17,855,2,"7-178552","11/16/2023"
"924","Russia","Russia","345 T-72B3","damaged","https://twitter.com/RALee85/status/1562323160523046912","2023-11-16",17,856,2,"7-178562","11/16/2023"
"925","Russia","Russia","345 T-72B3","damaged","https://twitter.com/RALee85/status/1568608823421865985","2023-11-16",17,857,2,"7-178572","11/16/2023"
"926","Russia","Russia","345 T-72B3","damaged","https://twitter.com/UAWeapons/status/1573696104432111616","2023-11-16",17,858,2,"7-178582","11/16/2023"
"927","Russia","Russia","345 T-72B3","damaged","https://i.postimg.cc/gj3F2623/541.png","2023-11-16",17,859,2,"7-178592","11/16/2023"
"928","Russia","Russia","345 T-72B3","damaged","https://twitter.com/UAWeapons/status/1575452097469943818","2023-11-16",17,860,2,"7-178602","11/16/2023"
"929","Russia","Russia","345 T-72B3","damaged","https://twitter.com/UAWeapons/status/1584871803377586176","2023-11-16",17,861,2,"7-178612","11/16/2023"
"930","Russia","Russia","345 T-72B3","damaged","https://twitter.com/RALee85/status/1586990650523803649","2023-11-16",17,862,2,"7-178622","11/16/2023"
"931","Russia","Russia","345 T-72B3","damaged","https://i.postimg.cc/rsyFds36/e1.jpg","2023-11-16",17,863,2,"7-178632","11/16/2023"
"932","Russia","Russia","345 T-72B3","damaged","https://i.postimg.cc/FsBsR9xq/e3.jpg","2023-11-16",17,864,2,"7-178642","11/16/2023"
"933","Russia","Russia","345 T-72B3","damaged","https://i.postimg.cc/WbkKpN96/1008-t72b3-dam-06-01-23.jpg","2023-11-16",17,865,2,"7-178652","11/16/2023"
"934","Russia","Russia","345 T-72B3","damaged","https://i.postimg.cc/5y05sMWX/1010-t72b3-dam-14-02-23.jpg","2023-11-16",17,866,2,"7-178662","11/16/2023"
"935","Russia","Russia","345 T-72B3","damaged","https://i.postimg.cc/ZKvYVYJy/1009-t72b3-dam-11-02-23.jpg","2023-11-16",17,867,2,"7-178672","11/16/2023"
"936","Russia","Russia","345 T-72B3","damaged","https://i.postimg.cc/t4mYxw9n/1304-5x-BMP1-and-1x-t72b3-destroyed-21-02-23.jpg","2023-11-16",17,868,2,"7-178682","11/16/2023"
"937","Russia","Russia","345 T-72B3","damaged","https://twitter.com/UAWeapons/status/1638845891254558720","2023-11-16",17,364,2,"7-173642","11/16/2023"
"938","Russia","Russia","345 T-72B3","damaged","https://i.postimg.cc/fTvTV3hd/1002-t72b3-dam-20-04-23.jpg","2023-11-16",17,869,2,"7-178692","11/16/2023"
"939","Russia","Russia","345 T-72B3","damaged","https://i.postimg.cc/tCJhvnZN/1034-T-72-B3-dam-07-08-23.jpg","2023-11-16",17,870,2,"7-178702","11/16/2023"
"940","Russia","Russia","345 T-72B3","damaged","https://i.postimg.cc/G90xtbhX/1500-t72b3-dam-09-08-23.jpg","2023-11-16",17,871,2,"7-178712","11/16/2023"
"941","Russia","Russia","345 T-72B3","damaged","https://i.postimg.cc/8z9bq15T/1000-t72b3-dam-27-10-23.jpg","2023-11-16",17,872,2,"7-178722","11/16/2023"
"942","Russia","Russia","345 T-72B3","abandoned","https://i.postimg.cc/B6G0Xqkx/1018-t72b3-aband-20-04-23.jpg","2023-11-16",17,873,4,"7-178734","11/16/2023"
"943","Russia","Russia","345 T-72B3","abandoned","https://i.postimg.cc/bwnqPYs5/1038-t72b3-aband-08-03-23.jpg","2023-11-16",17,874,4,"7-178744","11/16/2023"
"944","Russia","Russia","345 T-72B3","damaged","https://i.postimg.cc/pV0T1W6X/1103-t72b3-dam-aband-06-02-23.jpg","2023-11-16",17,875,2,"7-178752","11/16/2023"
"945","Russia","Russia","345 T-72B3","abandoned","https://i.postimg.cc/pV0T1W6X/1103-t72b3-dam-aband-06-02-23.jpg","2023-11-16",17,875,4,"7-178754","11/16/2023"
"946","Russia","Russia","345 T-72B3","damaged","https://i.postimg.cc/ZnYH71hW/1003-t72b3-dam-aband-25-02-23.jpg","2023-11-16",17,876,2,"7-178762","11/16/2023"
"947","Russia","Russia","345 T-72B3","abandoned","https://i.postimg.cc/ZnYH71hW/1003-t72b3-dam-aband-25-02-23.jpg","2023-11-16",17,876,4,"7-178764","11/16/2023"
"948","Russia","Russia","345 T-72B3","damaged","https://i.postimg.cc/PrcKCW36/1005-t72b3-dam-aband-22-06-23.jpg","2023-11-16",17,877,2,"7-178772","11/16/2023"
"949","Russia","Russia","345 T-72B3","abandoned","https://i.postimg.cc/PrcKCW36/1005-t72b3-dam-aband-22-06-23.jpg","2023-11-16",17,877,4,"7-178774","11/16/2023"
"950","Russia","Russia","345 T-72B3","damaged","https://i.postimg.cc/Znhxjxwq/1016-t72b3-dam-aband-22-06-23.jpg","2023-11-16",17,878,2,"7-178782","11/16/2023"
"951","Russia","Russia","345 T-72B3","abandoned","https://i.postimg.cc/Znhxjxwq/1016-t72b3-dam-aband-22-06-23.jpg","2023-11-16",17,878,4,"7-178784","11/16/2023"
"952","Russia","Russia","345 T-72B3","damaged","https://i.postimg.cc/T3nKTC1X/1017-t72b3-aband-09-07-23.jpg","2023-11-16",17,879,2,"7-178792","11/16/2023"
"953","Russia","Russia","345 T-72B3","abandoned","https://i.postimg.cc/T3nKTC1X/1017-t72b3-aband-09-07-23.jpg","2023-11-16",17,879,4,"7-178794","11/16/2023"
"954","Russia","Russia","345 T-72B3","damaged","https://i.postimg.cc/q7s3JVng/c7.jpg","2023-11-16",17,880,2,"7-178802","11/16/2023"
"955","Russia","Russia","345 T-72B3","abandoned","https://i.postimg.cc/q7s3JVng/c7.jpg","2023-11-16",17,880,4,"7-178804","11/16/2023"
"956","Russia","Russia","345 T-72B3","damaged","https://i.postimg.cc/xjhn41wr/68.jpg","2023-11-16",17,881,2,"7-178812","11/16/2023"
"957","Russia","Russia","345 T-72B3","abandoned","https://i.postimg.cc/xjhn41wr/68.jpg","2023-11-16",17,881,4,"7-178814","11/16/2023"
"958","Russia","Russia","345 T-72B3","damaged","https://twitter.com/UAWeapons/status/1593277101003755521","2023-11-16",17,882,2,"7-178822","11/16/2023"
"959","Russia","Russia","345 T-72B3","abandoned","https://twitter.com/UAWeapons/status/1593277101003755521","2023-11-16",17,882,4,"7-178824","11/16/2023"
"960","Russia","Russia","345 T-72B3","damaged","https://i.postimg.cc/6QHXBFs6/1002-t72b3-dam-aband-09-02-23.jpg","2023-11-16",17,883,2,"7-178832","11/16/2023"
"961","Russia","Russia","345 T-72B3","abandoned","https://i.postimg.cc/6QHXBFs6/1002-t72b3-dam-aband-09-02-23.jpg","2023-11-16",17,883,4,"7-178834","11/16/2023"
"962","Russia","Russia","345 T-72B3","damaged","https://twitter.com/UAWeapons/status/1629570643866910723","2023-11-16",17,884,2,"7-178842","11/16/2023"
"963","Russia","Russia","345 T-72B3","abandoned","https://twitter.com/UAWeapons/status/1629570643866910723","2023-11-16",17,884,4,"7-178844","11/16/2023"
"964","Russia","Russia","345 T-72B3","damaged","https://postlmg.cc/dhTQRzCD","2023-11-16",17,885,2,"7-178852","11/16/2023"
"965","Russia","Russia","345 T-72B3","abandoned","https://postlmg.cc/dhTQRzCD","2023-11-16",17,885,4,"7-178854","11/16/2023"
"966","Russia","Russia","345 T-72B3","damaged","https://i.postimg.cc/x1xNCV6F/1030-1x-t72b3-dam-aband-09-02-23.jpg","2023-11-16",17,886,2,"7-178862","11/16/2023"
"967","Russia","Russia","345 T-72B3","abandoned","https://i.postimg.cc/x1xNCV6F/1030-1x-t72b3-dam-aband-09-02-23.jpg","2023-11-16",17,886,4,"7-178864","11/16/2023"
"968","Russia","Russia","345 T-72B3","abandoned","https://i.postimg.cc/mgsRjQN4/1010-1x-t72b3-aband-1x-unkn-tank-aband-09-02-23.jpg","2023-11-16",17,887,4,"7-178874","11/16/2023"
"969","Russia","Russia","345 T-72B3","damaged","https://i.postimg.cc/8kxTJ87j/1006-1x-t72b3-destr-1x-t90a-destr-09-02-23.jpg","2023-11-16",17,888,2,"7-178882","11/16/2023"
"970","Russia","Russia","345 T-72B3","abandoned","https://i.postimg.cc/8kxTJ87j/1006-1x-t72b3-destr-1x-t90a-destr-09-02-23.jpg","2023-11-16",17,888,4,"7-178884","11/16/2023"
"971","Russia","Russia","345 T-72B3","damaged","https://i.postimg.cc/FzCFWSp4/1044-t72b3-dam-aband-17-08-23.jpg","2023-11-16",17,889,2,"7-178892","11/16/2023"
"972","Russia","Russia","345 T-72B3","abandoned","https://i.postimg.cc/FzCFWSp4/1044-t72b3-dam-aband-17-08-23.jpg","2023-11-16",17,889,4,"7-178894","11/16/2023"
"973","Russia","Russia","345 T-72B3","damaged","https://i.postimg.cc/J0tMSfm3/1005-72-B3-and-80-BVM-dam-aband-20-08-23.jpg","2023-11-16",17,890,2,"7-178902","11/16/2023"
"974","Russia","Russia","345 T-72B3","abandoned","https://i.postimg.cc/J0tMSfm3/1005-72-B3-and-80-BVM-dam-aband-20-08-23.jpg","2023-11-16",17,890,4,"7-178904","11/16/2023"
"975","Russia","Russia","345 T-72B3","abandoned","https://i.postimg.cc/gkxDdQG7/5554.png","2023-11-16",17,891,4,"7-178914","11/16/2023"
"976","Russia","Russia","345 T-72B3","abandoned","https://i.postimg.cc/fyBP7Tg5/4313.png","2023-11-16",17,892,4,"7-178924","11/16/2023"
"977","Russia","Russia","345 T-72B3","damaged","https://i.postimg.cc/bwbMh8NJ/3212.png","2023-11-16",17,893,2,"7-178932","11/16/2023"
"978","Russia","Russia","345 T-72B3","abandoned","https://i.postimg.cc/bwbMh8NJ/3212.png","2023-11-16",17,893,4,"7-178934","11/16/2023"
"979","Russia","Russia","345 T-72B3","abandoned","https://i.postimg.cc/rFHnk9JQ/1041-t72b3-aband-11-10-23.jpg","2023-11-16",17,894,4,"7-178944","11/16/2023"
"980","Russia","Russia","345 T-72B3","abandoned","https://i.postimg.cc/rsFyfrR7/h8.png","2023-11-16",17,895,4,"7-178954","11/16/2023"
"981","Russia","Russia","345 T-72B3","damaged","https://twitter.com/Danspiun/status/1550256099609255936","2023-11-16",17,896,2,"7-178962","11/16/2023"
"982","Russia","Russia","345 T-72B3","captured","https://twitter.com/Danspiun/status/1550256099609255936","2023-11-16",17,896,3,"7-178963","11/16/2023"
"983","Russia","Russia","345 T-72B3","damaged","https://twitter.com/UAWeapons/status/1547277890483519488","2023-11-16",17,897,2,"7-178972","11/16/2023"
"984","Russia","Russia","345 T-72B3","captured","https://twitter.com/UAWeapons/status/1547277890483519488","2023-11-16",17,897,3,"7-178973","11/16/2023"
"985","Russia","Russia","345 T-72B3","damaged","https://i.postimg.cc/Qtf6spC1/4ff.png","2023-11-16",17,898,2,"7-178982","11/16/2023"
"986","Russia","Russia","345 T-72B3","captured","https://i.postimg.cc/Qtf6spC1/4ff.png","2023-11-16",17,898,3,"7-178983","11/16/2023"
"987","Russia","Russia","345 T-72B3","damaged","https://twitter.com/UAWeapons/status/1554422066358648832","2023-11-16",17,899,2,"7-178992","11/16/2023"
"988","Russia","Russia","345 T-72B3","captured","https://twitter.com/UAWeapons/status/1554422066358648832","2023-11-16",17,899,3,"7-178993","11/16/2023"
"989","Russia","Russia","345 T-72B3","captured","https://i.postimg.cc/pXgFwY27/t1.jpg","2023-11-16",17,900,3,"7-179003","11/16/2023"
"990","Russia","Russia","345 T-72B3","damaged","https://i.postimg.cc/52swFDRw/1008-t72b3-capt.jpg","2023-11-16",17,901,2,"7-179012","11/16/2023"
"991","Russia","Russia","345 T-72B3","captured","https://i.postimg.cc/52swFDRw/1008-t72b3-capt.jpg","2023-11-16",17,901,3,"7-179013","11/16/2023"
"992","Russia","Russia","345 T-72B3","captured","https://i.postimg.cc/q7gR9vL8/470.jpg","2023-11-16",17,902,3,"7-179023","11/16/2023"
"993","Russia","Russia","345 T-72B3","captured","https://i.postimg.cc/BbrZm385/h65.jpg","2023-11-16",17,903,3,"7-179033","11/16/2023"
"994","Russia","Russia","345 T-72B3","captured","https://i.postimg.cc/k5tTMYc7/770.png","2023-11-16",17,904,3,"7-179043","11/16/2023"
"995","Russia","Russia","345 T-72B3","captured","https://i.postimg.cc/ncxJ2jmX/a1.jpg","2023-11-16",17,905,3,"7-179053","11/16/2023"
"996","Russia","Russia","345 T-72B3","captured","https://i.postimg.cc/C1rGwyYq/1011-t72b3-capt.jpg","2023-11-16",17,906,3,"7-179063","11/16/2023"
"997","Russia","Russia","345 T-72B3","captured","https://i.postimg.cc/1RMvLRRz/21f.png","2023-11-16",17,907,3,"7-179073","11/16/2023"
"998","Russia","Russia","345 T-72B3","captured","https://postimg.cc/R3gQYYjY","2023-11-16",17,908,3,"7-179083","11/16/2023"
"999","Russia","Russia","345 T-72B3","captured","https://i.postimg.cc/t4ZV3QNj/1013-t72b3-capt.jpg","2023-11-16",17,909,3,"7-179093","11/16/2023"
"1000","Russia","Russia","345 T-72B3","captured","https://i.postimg.cc/x15PFtgJ/tankk.png","2023-11-16",17,910,3,"7-179103","11/16/2023"
"1001","Russia","Russia","345 T-72B3","captured","https://i.postimg.cc/q7brTN8J/ad1.png","2023-11-16",17,911,3,"7-179113","11/16/2023"
"1002","Russia","Russia","345 T-72B3","captured","https://i.postimg.cc/6qsnM5bc/g65.png","2023-11-16",17,912,3,"7-179123","11/16/2023"
"1003","Russia","Russia","345 T-72B3","captured","https://i.postimg.cc/R0Z46Kby/tt1.jpg","2023-11-16",17,913,3,"7-179133","11/16/2023"
"1004","Russia","Russia","345 T-72B3","captured","https://i.postimg.cc/ryrZwpzX/v1.png","2023-11-16",17,914,3,"7-179143","11/16/2023"
"1005","Russia","Russia","345 T-72B3","damaged","https://i.postimg.cc/Xqf7LzV9/1004-t72b3.jpg","2023-11-16",17,915,2,"7-179152","11/16/2023"
"1006","Russia","Russia","345 T-72B3","captured","https://i.postimg.cc/Xqf7LzV9/1004-t72b3.jpg","2023-11-16",17,915,3,"7-179153","11/16/2023"
"1007","Russia","Russia","345 T-72B3","captured","https://i.postimg.cc/6qwpRtyc/38.png","2023-11-16",17,916,3,"7-179163","11/16/2023"
"1008","Russia","Russia","345 T-72B3","captured","https://i.postimg.cc/fRHGZ9qp/335.jpg","2023-11-16",17,917,3,"7-179173","11/16/2023"
"1009","Russia","Russia","345 T-72B3","captured","https://i.postimg.cc/BngV8qTL/f6.jpg","2023-11-16",17,918,3,"7-179183","11/16/2023"
"1010","Russia","Russia","345 T-72B3","captured","https://i.postimg.cc/k581qsGF/f7.jpg","2023-11-16",17,919,3,"7-179193","11/16/2023"
"1011","Russia","Russia","345 T-72B3","captured","https://i.postimg.cc/76GgXDkH/62f.png","2023-11-16",17,920,3,"7-179203","11/16/2023"
"1012","Russia","Russia","345 T-72B3","captured","https://i.postimg.cc/qRjvJYxg/799.png","2023-11-16",17,921,3,"7-179213","11/16/2023"
"1013","Russia","Russia","345 T-72B3","captured","https://i.postimg.cc/d1qYtmnV/6hr.jpg","2023-11-16",17,922,3,"7-179223","11/16/2023"
"1014","Russia","Russia","345 T-72B3","captured","https://i.postimg.cc/HnfR93tH/d1d.jpg","2023-11-16",17,923,3,"7-179233","11/16/2023"
"1015","Russia","Russia","345 T-72B3","captured","https://i.postimg.cc/0QS5P0Wt/4d.jpg","2023-11-16",17,924,3,"7-179243","11/16/2023"
"1016","Russia","Russia","345 T-72B3","captured","https://i.postimg.cc/JhrRczwF/65h.png","2023-11-16",17,925,3,"7-179253","11/16/2023"
"1017","Russia","Russia","345 T-72B3","captured","https://i.postimg.cc/fRPSxpLn/f330.jpg","2023-11-16",17,926,3,"7-179263","11/16/2023"
"1018","Russia","Russia","345 T-72B3","captured","https://i.postimg.cc/vZ5yQytW/2544.png","2023-11-16",17,927,3,"7-179273","11/16/2023"
"1019","Russia","Russia","345 T-72B3","captured","https://i.postimg.cc/sXK2DyVp/789.png","2023-11-16",17,928,3,"7-179283","11/16/2023"
"1020","Russia","Russia","345 T-72B3","captured","https://i.postimg.cc/jdCq0dnp/1003-t72b3-capt.jpg","2023-11-16",17,929,3,"7-179293","11/16/2023"
"1021","Russia","Russia","345 T-72B3","captured","https://postimg.cc/BthpbCF0","2023-11-16",17,930,3,"7-179303","11/16/2023"
"1022","Russia","Russia","345 T-72B3","captured","https://i.postimg.cc/Gt5JnwQg/554.png","2023-11-16",17,931,3,"7-179313","11/16/2023"
"1023","Russia","Russia","345 T-72B3","captured","https://i.postimg.cc/FzMQsXTM/568.png","2023-11-16",17,932,3,"7-179323","11/16/2023"
"1024","Russia","Russia","345 T-72B3","captured","https://i.postimg.cc/c4Vb59My/3317.png","2023-11-16",17,933,3,"7-179333","11/16/2023"
"1025","Russia","Russia","345 T-72B3","captured","https://i.postimg.cc/4yMrdXg1/d14.png","2023-11-16",17,934,3,"7-179343","11/16/2023"
"1026","Russia","Russia","345 T-72B3","captured","https://i.postimg.cc/vZgjj3Mw/t1.jpg","2023-11-16",17,935,3,"7-179353","11/16/2023"
"1027","Russia","Russia","345 T-72B3","captured","https://i.postimg.cc/gJdTxphG/t2.jpg","2023-11-16",17,936,3,"7-179363","11/16/2023"
"1028","Russia","Russia","345 T-72B3","captured","https://i.postimg.cc/W1mqjQRy/2022-04-08-t-72b3.jpg","2023-11-16",17,937,3,"7-179373","11/16/2023"
"1029","Russia","Russia","345 T-72B3","captured","https://i.postimg.cc/8P570LWL/2d4.png","2023-11-16",17,938,3,"7-179383","11/16/2023"
"1030","Russia","Russia","345 T-72B3","captured","https://i.postimg.cc/VLDZFZSF/319.png","2023-11-16",17,939,3,"7-179393","11/16/2023"
"1031","Russia","Russia","345 T-72B3","captured","https://i.postimg.cc/8PJ20HTg/2240.png","2023-11-16",17,940,3,"7-179403","11/16/2023"
"1032","Russia","Russia","345 T-72B3","captured","https://twitter.com/UAWeapons/status/1567466643713921026","2023-11-16",17,941,3,"7-179413","11/16/2023"
"1033","Russia","Russia","345 T-72B3","captured","https://i.postimg.cc/SKtXyhrB/1009-t72b3.jpg","2023-11-16",17,942,3,"7-179423","11/16/2023"
"1034","Russia","Russia","345 T-72B3","damaged","https://i.postimg.cc/FRchYQZY/1048-t72b3.jpg","2023-11-16",17,943,2,"7-179432","11/16/2023"
"1035","Russia","Russia","345 T-72B3","captured","https://i.postimg.cc/FRchYQZY/1048-t72b3.jpg","2023-11-16",17,943,3,"7-179433","11/16/2023"
"1036","Russia","Russia","345 T-72B3","captured","https://twitter.com/UAWeapons/status/1568205056956141569","2023-11-16",17,944,3,"7-179443","11/16/2023"
"1037","Russia","Russia","345 T-72B3","captured","https://twitter.com/UAWeapons/status/1568352148102025217","2023-11-16",17,945,3,"7-179453","11/16/2023"
"1038","Russia","Russia","345 T-72B3","damaged","https://i.postimg.cc/cJ7JnbbS/1002-t72b3.jpg","2023-11-16",17,946,2,"7-179462","11/16/2023"
"1039","Russia","Russia","345 T-72B3","captured","https://i.postimg.cc/cJ7JnbbS/1002-t72b3.jpg","2023-11-16",17,946,3,"7-179463","11/16/2023"
"1040","Russia","Russia","345 T-72B3","captured","https://i.postimg.cc/RCY9f5m1/1007-t72b3.jpg","2023-11-16",17,947,3,"7-179473","11/16/2023"
"1041","Russia","Russia","345 T-72B3","captured","https://i.postimg.cc/3RFfpFjq/1014-t72b3.jpg","2023-11-16",17,948,3,"7-179483","11/16/2023"
"1042","Russia","Russia","345 T-72B3","captured","https://twitter.com/UAWeapons/status/1568899243397550080","2023-11-16",17,949,3,"7-179493","11/16/2023"
"1043","Russia","Russia","345 T-72B3","captured","https://i.postimg.cc/MHpbtGM3/1038-t72b3-capt.jpg","2023-11-16",17,950,3,"7-179503","11/16/2023"
"1044","Russia","Russia","345 T-72B3","captured","https://i.postimg.cc/XJMxpPXD/1025-t72b3.jpg","2023-11-16",17,951,3,"7-179513","11/16/2023"
"1045","Russia","Russia","345 T-72B3","captured","https://twitter.com/UAWeapons/status/1570157461973401600","2023-11-16",17,952,3,"7-179523","11/16/2023"
"1046","Russia","Russia","345 T-72B3","captured","https://i.postimg.cc/15jxYFDN/1029-t72b3.jpg","2023-11-16",17,953,3,"7-179533","11/16/2023"
"1047","Russia","Russia","345 T-72B3","captured","https://twitter.com/UAWeapons/status/1569409287474003969","2023-11-16",17,954,3,"7-179543","11/16/2023"
"1048","Russia","Russia","345 T-72B3","captured","https://twitter.com/UAWeapons/status/1570420216957440001","2023-11-16",17,955,3,"7-179553","11/16/2023"
"1049","Russia","Russia","345 T-72B3","captured","https://twitter.com/UAWeapons/status/1571071832530505728","2023-11-16",17,956,3,"7-179563","11/16/2023"
"1050","Russia","Russia","345 T-72B3","captured","https://i.postimg.cc/0rRCJ9dk/1000-T-72-B3-capt-27-05-23.jpg","2023-11-16",17,957,3,"7-179573","11/16/2023"
"1051","Russia","Russia","345 T-72B3","damaged","https://postimg.cc/gn5nbDbF","2023-11-16",17,958,2,"7-179582","11/16/2023"
"1052","Russia","Russia","345 T-72B3","captured","https://postimg.cc/gn5nbDbF","2023-11-16",17,958,3,"7-179583","11/16/2023"
"1053","Russia","Russia","345 T-72B3","captured","https://twitter.com/UAWeapons/status/1571508979318022144","2023-11-16",17,959,3,"7-179593","11/16/2023"
"1054","Russia","Russia","345 T-72B3","captured","https://twitter.com/UAWeapons/status/1572154236183486467","2023-11-16",17,960,3,"7-179603","11/16/2023"
"1055","Russia","Russia","345 T-72B3","captured","https://twitter.com/UAWeapons/status/1572332220697948161","2023-11-16",17,961,3,"7-179613","11/16/2023"
"1056","Russia","Russia","345 T-72B3","captured","https://i.postimg.cc/Bb7bvPwP/1004-t72b3.jpg","2023-11-16",17,962,3,"7-179623","11/16/2023"
"1057","Russia","Russia","345 T-72B3","captured","https://i.postimg.cc/fR6gGGhk/1010-t72b3.jpg","2023-11-16",17,963,3,"7-179633","11/16/2023"
"1058","Russia","Russia","345 T-72B3","captured","https://twitter.com/UAWeapons/status/1575875389188030464","2023-11-16",17,964,3,"7-179643","11/16/2023"
"1059","Russia","Russia","345 T-72B3","captured","https://twitter.com/UAWeapons/status/1576481167410597890","2023-11-16",17,965,3,"7-179653","11/16/2023"
"1060","Russia","Russia","345 T-72B3","captured","https://i.postimg.cc/xqrMwHgc/1020-t72b3-capt.jpg","2023-11-16",17,966,3,"7-179663","11/16/2023"
"1061","Russia","Russia","345 T-72B3","captured","https://i.postimg.cc/HkdDXTds/1022-t72b3-capt-08-02-23.jpg","2023-11-16",17,967,3,"7-179673","11/16/2023"
"1062","Russia","Russia","345 T-72B3","captured","https://i.postimg.cc/JnQCHfnK/1036-t72b3-capt.jpg","2023-11-16",17,968,3,"7-179683","11/16/2023"
"1063","Russia","Russia","345 T-72B3","damaged","https://twitter.com/UAWeapons/status/1589590305158107137","2023-11-16",17,969,2,"7-179692","11/16/2023"
"1064","Russia","Russia","345 T-72B3","captured","https://twitter.com/UAWeapons/status/1589590305158107137","2023-11-16",17,969,3,"7-179693","11/16/2023"
"1065","Russia","Russia","345 T-72B3","damaged","https://i.postimg.cc/Z5csPstY/1001-t72b3-dam-capt.jpg","2023-11-16",17,970,2,"7-179702","11/16/2023"
"1066","Russia","Russia","345 T-72B3","captured","https://i.postimg.cc/Z5csPstY/1001-t72b3-dam-capt.jpg","2023-11-16",17,970,3,"7-179703","11/16/2023"
"1067","Russia","Russia","345 T-72B3","captured","https://i.postimg.cc/DwRYKbXJ/1017-t72b3-capt.jpg","2023-11-16",17,971,3,"7-179713","11/16/2023"
"1068","Russia","Russia","345 T-72B3","captured","https://i.postimg.cc/bJ96bCFk/1019-t72b3-capt.jpg","2023-11-16",17,972,3,"7-179723","11/16/2023"
"1069","Russia","Russia","345 T-72B3","captured","https://i.postimg.cc/tJBtY1yM/1028-t72b3-capt.jpg","2023-11-16",17,973,3,"7-179733","11/16/2023"
"1070","Russia","Russia","345 T-72B3","captured","https://i.postimg.cc/nrgPN6Xf/1014-t72b3-capt-15-01-23.jpg","2023-11-16",17,974,3,"7-179743","11/16/2023"
"1071","Russia","Russia","345 T-72B3","captured","https://i.postimg.cc/J4tzjR7x/1017-t72b3-capt-22-01-23.jpg","2023-11-16",17,975,3,"7-179753","11/16/2023"
"1072","Russia","Russia","3 T-72B3 Obr. 2014","destroyed","https://twitter.com/UAWeapons/status/1573015274055426048","2023-11-16",18,976,1,"7-189761","11/16/2023"
"1073","Russia","Russia","3 T-72B3 Obr. 2014","captured","https://twitter.com/UAWeapons/status/1573015274055426048","2023-11-16",18,976,3,"7-189763","11/16/2023"
"1074","Russia","Russia","T-72B3 Obr. 2016","destroyed","https://i.postimg.cc/hGdX1BWT/346.png","2023-11-16",19,977,1,"7-199771","11/16/2023"
"1075","Russia","Russia","T-72B3 Obr. 2016","destroyed","https://i.postimg.cc/2yqkVCFV/f3.png","2023-11-16",19,978,1,"7-199781","11/16/2023"
"1076","Russia","Russia","T-72B3 Obr. 2016","destroyed","https://i.postimg.cc/QNPNvWh5/8j.png","2023-11-16",19,979,1,"7-199791","11/16/2023"
"1077","Russia","Russia","T-72B3 Obr. 2016","destroyed","https://i.postimg.cc/L6tGr73p/bb665.png","2023-11-16",19,980,1,"7-199801","11/16/2023"
"1078","Russia","Russia","T-72B3 Obr. 2016","destroyed","https://i.postimg.cc/5NmJVs3k/567.png","2023-11-16",19,981,1,"7-199811","11/16/2023"
"1079","Russia","Russia","T-72B3 Obr. 2016","destroyed","https://i.postimg.cc/rybgd1tT/5g4.png","2023-11-16",19,982,1,"7-199821","11/16/2023"
"1080","Russia","Russia","T-72B3 Obr. 2016","destroyed","https://i.postimg.cc/3RgpyvLd/556.jpg","2023-11-16",19,983,1,"7-199831","11/16/2023"
"1081","Russia","Russia","T-72B3 Obr. 2016","destroyed","https://i.postimg.cc/ZnVRTqXc/1003-t72b3m-destr.jpg","2023-11-16",19,984,1,"7-199841","11/16/2023"
"1082","Russia","Russia","T-72B3 Obr. 2016","destroyed","https://i.postimg.cc/TYQqS7HP/1023-t72b3m-destr.jpg","2023-11-16",19,985,1,"7-199851","11/16/2023"
"1083","Russia","Russia","T-72B3 Obr. 2016","destroyed","https://i.postimg.cc/mkc5FvnH/6996.png","2023-11-16",19,986,1,"7-199861","11/16/2023"
"1084","Russia","Russia","T-72B3 Obr. 2016","destroyed","https://i.postimg.cc/yYwQcbj8/99.jpg","2023-11-16",19,987,1,"7-199871","11/16/2023"
"1085","Russia","Russia","T-72B3 Obr. 2016","destroyed","https://i.postimg.cc/pVh8rpDb/36h.png","2023-11-16",19,988,1,"7-199881","11/16/2023"
"1086","Russia","Russia","T-72B3 Obr. 2016","destroyed","https://i.postimg.cc/mrvgXNrT/6655.png","2023-11-16",19,989,1,"7-199891","11/16/2023"
"1087","Russia","Russia","T-72B3 Obr. 2016","destroyed","https://postimg.cc/62Y8kj5j","2023-11-16",19,990,1,"7-199901","11/16/2023"
"1088","Russia","Russia","T-72B3 Obr. 2016","destroyed","https://i.postimg.cc/yx9rcK2s/g9.jpg","2023-11-16",19,991,1,"7-199911","11/16/2023"
"1089","Russia","Russia","T-72B3 Obr. 2016","destroyed","https://i.postimg.cc/R0N4J5Np/546.jpg","2023-11-16",19,992,1,"7-199921","11/16/2023"
"1090","Russia","Russia","T-72B3 Obr. 2016","destroyed","https://i.postimg.cc/fRbh1njW/547.jpg","2023-11-16",19,993,1,"7-199931","11/16/2023"
"1091","Russia","Russia","T-72B3 Obr. 2016","destroyed","https://i.postimg.cc/VLVZRmS6/1008-t72b3-destr.jpg","2023-11-16",19,994,1,"7-199941","11/16/2023"
"1092","Russia","Russia","T-72B3 Obr. 2016","destroyed","https://twitter.com/UAWeapons/status/1584532037829939200","2023-11-16",19,995,1,"7-199951","11/16/2023"
"1093","Russia","Russia","T-72B3 Obr. 2016","destroyed","https://twitter.com/UAWeapons/status/1586410159756058624","2023-11-16",19,996,1,"7-199961","11/16/2023"
"1094","Russia","Russia","T-72B3 Obr. 2016","destroyed","https://i.postimg.cc/MKfjQR9R/44311.png","2023-11-16",19,997,1,"7-199971","11/16/2023"
"1095","Russia","Russia","T-72B3 Obr. 2016","destroyed","https://i.postimg.cc/Tw2ZzKTy/53.png","2023-11-16",19,998,1,"7-199981","11/16/2023"
"1096","Russia","Russia","T-72B3 Obr. 2016","destroyed","https://i.postimg.cc/xT0GGk8Y/1018-t72b3m-destr-25-04-23.jpg","2023-11-16",19,999,1,"7-199991","11/16/2023"
"1097","Russia","Russia","T-72B3 Obr. 2016","destroyed","https://i.postimg.cc/yxqXGHgH/k98.jpg","2023-11-16",19,1000,1,"7-1910001","11/16/2023"
"1098","Russia","Russia","T-72B3 Obr. 2016","destroyed","https://i.postimg.cc/qBFDZJ2Z/58.png","2023-11-16",19,1001,1,"7-1910011","11/16/2023"
"1099","Russia","Russia","T-72B3 Obr. 2016","destroyed","https://i.postimg.cc/x1mWcYN6/cf2.jpg","2023-11-16",19,1002,1,"7-1910021","11/16/2023"
"1100","Russia","Russia","T-72B3 Obr. 2016","destroyed","https://i.postimg.cc/3xnNjcv7/470.png","2023-11-16",19,1003,1,"7-1910031","11/16/2023"
"1101","Russia","Russia","T-72B3 Obr. 2016","destroyed","https://i.postimg.cc/sgk2XpBP/44u.png","2023-11-16",19,1004,1,"7-1910041","11/16/2023"
"1102","Russia","Russia","T-72B3 Obr. 2016","destroyed","https://i.postimg.cc/htTBgrzv/344.png","2023-11-16",19,1005,1,"7-1910051","11/16/2023"
"1103","Russia","Russia","T-72B3 Obr. 2016","destroyed","https://i.postimg.cc/GpWNFX0S/4311.png","2023-11-16",19,1006,1,"7-1910061","11/16/2023"
"1104","Russia","Russia","T-72B3 Obr. 2016","destroyed","https://i.postimg.cc/JnBv7sBQ/20166.png","2023-11-16",19,1007,1,"7-1910071","11/16/2023"
"1105","Russia","Russia","T-72B3 Obr. 2016","destroyed","https://i.postimg.cc/mg8BKtZV/t43.jpg","2023-11-16",19,1008,1,"7-1910081","11/16/2023"
"1106","Russia","Russia","T-72B3 Obr. 2016","destroyed","https://postimg.cc/Wdfxk91n","2023-11-16",19,1009,1,"7-1910091","11/16/2023"
"1107","Russia","Russia","T-72B3 Obr. 2016","destroyed","https://i.postimg.cc/W15Lmr3C/4f3.png","2023-11-16",19,1010,1,"7-1910101","11/16/2023"
"1108","Russia","Russia","T-72B3 Obr. 2016","destroyed","https://i.postimg.cc/DZ3XbchS/19.jpg","2023-11-16",19,1011,1,"7-1910111","11/16/2023"
"1109","Russia","Russia","T-72B3 Obr. 2016","destroyed","https://i.postimg.cc/bwKy4Hrh/448.jpg","2023-11-16",19,1012,1,"7-1910121","11/16/2023"
"1110","Russia","Russia","T-72B3 Obr. 2016","destroyed","https://i.postimg.cc/PJWP8y1p/26.png","2023-11-16",19,1013,1,"7-1910131","11/16/2023"
"1111","Russia","Russia","T-72B3 Obr. 2016","destroyed","https://twitter.com/UAWeapons/status/1522706604977762313","2023-11-16",19,1014,1,"7-1910141","11/16/2023"
"1112","Russia","Russia","T-72B3 Obr. 2016","destroyed","https://i.postimg.cc/DZfW8666/652.jpg","2023-11-16",19,1015,1,"7-1910151","11/16/2023"
"1113","Russia","Russia","T-72B3 Obr. 2016","destroyed","https://postlmg.cc/KR1n122n","2023-11-16",19,1016,1,"7-1910161","11/16/2023"
"1114","Russia","Russia","T-72B3 Obr. 2016","destroyed","https://i.postimg.cc/jSmVN82H/7699.jpg","2023-11-16",19,1017,1,"7-1910171","11/16/2023"
"1115","Russia","Russia","T-72B3 Obr. 2016","destroyed","https://i.postimg.cc/8PMsPjkv/4467.png","2023-11-16",19,1018,1,"7-1910181","11/16/2023"
"1116","Russia","Russia","T-72B3 Obr. 2016","destroyed","https://i.postimg.cc/X7LSCCbC/1003.jpg","2023-11-16",19,1019,1,"7-1910191","11/16/2023"
"1117","Russia","Russia","T-72B3 Obr. 2016","destroyed","https://i.postimg.cc/jSyy8y0h/3f6.png","2023-11-16",19,1020,1,"7-1910201","11/16/2023"
"1118","Russia","Russia","T-72B3 Obr. 2016","destroyed","https://i.postimg.cc/CMDk4NVc/1008-t72b3-2016.jpg","2023-11-16",19,1021,1,"7-1910211","11/16/2023"
"1119","Russia","Russia","T-72B3 Obr. 2016","abandoned","https://i.postimg.cc/44PbCC3z/v44.png","2023-11-16",19,1022,4,"7-1910224","11/16/2023"
"1120","Russia","Russia","T-72B3 Obr. 2016","destroyed","https://i.postimg.cc/44PbCC3z/v44.png","2023-11-16",19,1022,1,"7-1910221","11/16/2023"
"1121","Russia","Russia","T-72B3 Obr. 2016","abandoned","https://i.postimg.cc/fy3BTKfJ/7768.png","2023-11-16",19,1023,4,"7-1910234","11/16/2023"
"1122","Russia","Russia","T-72B3 Obr. 2016","destroyed","https://i.postimg.cc/fy3BTKfJ/7768.png","2023-11-16",19,1023,1,"7-1910231","11/16/2023"
"1123","Russia","Russia","T-72B3 Obr. 2016","abandoned","https://i.postimg.cc/K8xRPxCd/8875.png","2023-11-16",19,1024,4,"7-1910244","11/16/2023"
"1124","Russia","Russia","T-72B3 Obr. 2016","destroyed","https://i.postimg.cc/K8xRPxCd/8875.png","2023-11-16",19,1024,1,"7-1910241","11/16/2023"
"1125","Russia","Russia","T-72B3 Obr. 2016","destroyed","https://i.postimg.cc/KjX698xd/1000-t72b3-2016-x3.jpg","2023-11-16",19,1025,1,"7-1910251","11/16/2023"
"1126","Russia","Russia","T-72B3 Obr. 2016","destroyed","https://twitter.com/RALee85/status/1559945981789196290","2023-11-16",19,1026,1,"7-1910261","11/16/2023"
"1127","Russia","Russia","T-72B3 Obr. 2016","destroyed","https://i.postimg.cc/brM0MBSG/1008-t72b3-2016.jpg","2023-11-16",19,1027,1,"7-1910271","11/16/2023"
"1128","Russia","Russia","T-72B3 Obr. 2016","destroyed","https://i.postimg.cc/sXxhrJr5/1010-t72b3-2016.jpg","2023-11-16",19,1028,1,"7-1910281","11/16/2023"
"1129","Russia","Russia","T-72B3 Obr. 2016","destroyed","https://i.postimg.cc/ncKL6pzg/1004-T-72-B3-Obr-2016-destr-30-07-23.jpg","2023-11-16",19,1029,1,"7-1910291","11/16/2023"
"1130","Russia","Russia","T-72B3 Obr. 2016","destroyed","https://i.postimg.cc/DzFrts0c/1012-t72b3-2016.jpg","2023-11-16",19,1030,1,"7-1910301","11/16/2023"
"1131","Russia","Russia","T-72B3 Obr. 2016","destroyed","https://i.postimg.cc/2jWsksnR/1001-t72b3m.jpg","2023-11-16",19,1031,1,"7-1910311","11/16/2023"
"1132","Russia","Russia","T-72B3 Obr. 2016","destroyed","https://i.postimg.cc/Z59nFSSH/1501-t72b3m.jpg","2023-11-16",19,1032,1,"7-1910321","11/16/2023"
"1133","Russia","Russia","T-72B3 Obr. 2016","destroyed","https://i.postimg.cc/fyh76sMR/1005-t72b3m.jpg","2023-11-16",19,1033,1,"7-1910331","11/16/2023"
"1134","Russia","Russia","T-72B3 Obr. 2016","destroyed","https://i.postimg.cc/VsjWXJFr/1006-t72b3m.jpg","2023-11-16",19,1034,1,"7-1910341","11/16/2023"
"1135","Russia","Russia","T-72B3 Obr. 2016","destroyed","https://twitter.com/UAWeapons/status/1566127010174345218","2023-11-16",19,1035,1,"7-1910351","11/16/2023"
"1136","Russia","Russia","T-72B3 Obr. 2016","destroyed","https://i.postimg.cc/VsqGWxKr/1003-t72b3m-destr.jpg","2023-11-16",19,1036,1,"7-1910361","11/16/2023"
"1137","Russia","Russia","T-72B3 Obr. 2016","destroyed","https://i.postimg.cc/Mpjk3Ycs/u.png","2023-11-16",19,1037,1,"7-1910371","11/16/2023"
"1138","Russia","Russia","T-72B3 Obr. 2016","destroyed","https://i.postimg.cc/W1SsT1yQ/468.png","2023-11-16",19,1038,1,"7-1910381","11/16/2023"
"1139","Russia","Russia","T-72B3 Obr. 2016","destroyed","https://twitter.com/UAWeapons/status/1568644104724090881","2023-11-16",19,1039,1,"7-1910391","11/16/2023"
"1140","Russia","Russia","T-72B3 Obr. 2016","destroyed","https://twitter.com/UAWeapons/status/1569725397863993346","2023-11-16",19,729,1,"7-197291","11/16/2023"
"1141","Russia","Russia","T-72B3 Obr. 2016","destroyed","https://twitter.com/UAWeapons/status/1570138425843408896","2023-11-16",19,492,1,"7-194921","11/16/2023"
"1142","Russia","Russia","T-72B3 Obr. 2016","destroyed","https://i.postimg.cc/W1YmxBQ5/651.png","2023-11-16",19,1040,1,"7-1910401","11/16/2023"
"1143","Russia","Russia","T-72B3 Obr. 2016","destroyed","https://twitter.com/UAWeapons/status/1572310466516361218","2023-11-16",19,1041,1,"7-1910411","11/16/2023"
"1144","Russia","Russia","T-72B3 Obr. 2016","destroyed","https://i.postimg.cc/C55p3rRk/65g.jpg","2023-11-16",19,1042,1,"7-1910421","11/16/2023"
"1145","Russia","Russia","T-72B3 Obr. 2016","destroyed","https://i.postimg.cc/ZRjhttn1/6h6p.png","2023-11-16",19,1043,1,"7-1910431","11/16/2023"
"1146","Russia","Russia","T-72B3 Obr. 2016","destroyed","https://i.postimg.cc/bJk2Hh1M/1019-t72b3m-destr.jpg","2023-11-16",19,1044,1,"7-1910441","11/16/2023"
"1147","Russia","Russia","T-72B3 Obr. 2016","destroyed","https://i.postimg.cc/66zm8dtC/1017-T-72-B3-M-destr.png","2023-11-16",19,1045,1,"7-1910451","11/16/2023"
"1148","Russia","Russia","T-72B3 Obr. 2016","destroyed","https://i.postimg.cc/158WDmsx/2022-04-10-t-72b3-obr-2016.jpg","2023-11-16",19,1046,1,"7-1910461","11/16/2023"
"1149","Russia","Russia","T-72B3 Obr. 2016","destroyed","https://postimg.cc/DmFqnNRW","2023-11-16",19,1047,1,"7-1910471","11/16/2023"
"1150","Russia","Russia","T-72B3 Obr. 2016","destroyed","https://i.postimg.cc/JhcW3h77/2022-08-30-t-72b3-obr-2016.jpg","2023-11-16",19,1048,1,"7-1910481","11/16/2023"
"1151","Russia","Russia","T-72B3 Obr. 2016","destroyed","https://i.postimg.cc/0NjPYn4D/1004-t72b3m-destr.jpg","2023-11-16",19,1049,1,"7-1910491","11/16/2023"
"1152","Russia","Russia","T-72B3 Obr. 2016","destroyed","https://twitter.com/UAWeapons/status/1575783659721740288","2023-11-16",19,1050,1,"7-1910501","11/16/2023"
"1153","Russia","Russia","T-72B3 Obr. 2016","destroyed","https://i.postimg.cc/6pxGPp97/1003-t72b3m-destr.jpg","2023-11-16",19,1051,1,"7-1910511","11/16/2023"
"1154","Russia","Russia","T-72B3 Obr. 2016","destroyed","https://i.postimg.cc/qvx7wTGb/1500-t72b3m-destr.jpg","2023-11-16",19,1052,1,"7-1910521","11/16/2023"
"1155","Russia","Russia","T-72B3 Obr. 2016","destroyed","https://i.postimg.cc/BvCFLgQC/1017-T-72-B3-obr-2016-destr.jpg","2023-11-16",19,1053,1,"7-1910531","11/16/2023"
"1156","Russia","Russia","T-72B3 Obr. 2016","destroyed","https://twitter.com/UAWeapons/status/1596126216133971969","2023-11-16",19,1054,1,"7-1910541","11/16/2023"
"1157","Russia","Russia","T-72B3 Obr. 2016","destroyed","https://twitter.com/UAWeapons/status/1602279682841448451","2023-11-16",19,1055,1,"7-1910551","11/16/2023"
"1158","Russia","Russia","T-72B3 Obr. 2016","destroyed","https://i.postimg.cc/k5KdsVjc/1002-T-72-B3-Obr-2016-destr-22-12-22.jpg","2023-11-16",19,1056,1,"7-1910561","11/16/2023"
"1159","Russia","Russia","T-72B3 Obr. 2016","destroyed","https://i.postimg.cc/8kh59zdh/1010-t72b3m-destr-04-01-23.jpg","2023-11-16",19,1057,1,"7-1910571","11/16/2023"
"1160","Russia","Russia","T-72B3 Obr. 2016","destroyed","https://i.postimg.cc/Y2sPNZ9f/1042-T-72-B3-M-destr-09-01-23.jpg","2023-11-16",19,1058,1,"7-1910581","11/16/2023"
"1161","Russia","Russia","T-72B3 Obr. 2016","destroyed","https://i.postimg.cc/xCQZttzf/1046-t72b3obr2016-destr-08-06-23.jpg","2023-11-16",19,1059,1,"7-1910591","11/16/2023"
"1162","Russia","Russia","T-72B3 Obr. 2016","destroyed","https://i.postimg.cc/nhJvCQDp/T-72-B3-destroyed-possibly-Sviatohirsk.png","2023-11-16",19,1060,1,"7-1910601","11/16/2023"
"1163","Russia","Russia","T-72B3 Obr. 2016","destroyed","https://i.postimg.cc/y8Z6rnZS/1002-t72b3m-destr-23-11-22.jpg","2023-11-16",19,1061,1,"7-1910611","11/16/2023"
"1164","Russia","Russia","T-72B3 Obr. 2016","destroyed","https://i.postimg.cc/yx8YQHmV/1014-t72b3m-destr-23-01-23.jpg","2023-11-16",19,1062,1,"7-1910621","11/16/2023"
"1165","Russia","Russia","T-72B3 Obr. 2016","destroyed","https://i.postimg.cc/J444B58j/1004-t72b3m-destr-28-01-23.jpg","2023-11-16",19,1063,1,"7-1910631","11/16/2023"
"1166","Russia","Russia","T-72B3 Obr. 2016","destroyed","https://i.postimg.cc/V6NmMm7v/1000-t72b3m-destr-16-02-23.jpg","2023-11-16",19,1064,1,"7-1910641","11/16/2023"
"1167","Russia","Russia","T-72B3 Obr. 2016","destroyed","https://i.postimg.cc/wxmTkTqR/1032-1x-t72b3m-2x-t72b-destr-xx-08-23.jpg","2023-11-16",19,352,1,"7-193521","11/16/2023"
"1168","Russia","Russia","T-72B3 Obr. 2016","destroyed","https://i.postimg.cc/Zqcww9L7/6k.png","2023-11-16",19,1065,1,"7-1910651","11/16/2023"
"1169","Russia","Russia","T-72B3 Obr. 2016","destroyed","https://i.postimg.cc/4y0F0kJy/1031-t72b3m-destr-13-03-23.jpg","2023-11-16",19,1066,1,"7-1910661","11/16/2023"
"1170","Russia","Russia","T-72B3 Obr. 2016","destroyed","https://i.postimg.cc/Yq4PW93W/1032-t72b3m-destr-13-03-23.png","2023-11-16",19,1067,1,"7-1910671","11/16/2023"
"1171","Russia","Russia","T-72B3 Obr. 2016","destroyed","https://twitter.com/UAWeapons/status/1635725524545798151","2023-11-16",19,1068,1,"7-1910681","11/16/2023"
"1172","Russia","Russia","T-72B3 Obr. 2016","destroyed","https://i.postimg.cc/SNC3WxH5/6g.png","2023-11-16",19,1069,1,"7-1910691","11/16/2023"
"1173","Russia","Russia","T-72B3 Obr. 2016","destroyed","https://i.postimg.cc/KcqtRwm3/1006-t72b3m-destr-30-11-22.jpg","2023-11-16",19,1070,1,"7-1910701","11/16/2023"
"1174","Russia","Russia","T-72B3 Obr. 2016","destroyed","https://i.postimg.cc/Nj1CzjQr/4f7.png","2023-11-16",19,1071,1,"7-1910711","11/16/2023"
"1175","Russia","Russia","T-72B3 Obr. 2016","destroyed","https://i.postimg.cc/KvdcvYzv/1008-t72b3m-destr-31-03-23.jpg","2023-11-16",19,1072,1,"7-1910721","11/16/2023"
"1176","Russia","Russia","T-72B3 Obr. 2016","destroyed","https://i.postimg.cc/NjwBxym9/1031-t72b3m-destr-01-04-23.jpg","2023-11-16",19,1073,1,"7-1910731","11/16/2023"
"1177","Russia","Russia","T-72B3 Obr. 2016","destroyed","https://twitter.com/naalsio26/status/1648145283010707456","2023-11-16",19,1074,1,"7-1910741","11/16/2023"
"1178","Russia","Russia","T-72B3 Obr. 2016","destroyed","https://i.postimg.cc/MHnjxtTW/1039-t72b3m-destr-05-05-23.jpg","2023-11-16",19,1075,1,"7-1910751","11/16/2023"
"1179","Russia","Russia","T-72B3 Obr. 2016","destroyed","https://i.postimg.cc/GtncGm3V/1006-t72b3m-destr-02-05-23.jpg","2023-11-16",19,1076,1,"7-1910761","11/16/2023"
"1180","Russia","Russia","T-72B3 Obr. 2016","destroyed","https://i.postimg.cc/hjj5zvzC/4890.png","2023-11-16",19,1077,1,"7-1910771","11/16/2023"
"1181","Russia","Russia","T-72B3 Obr. 2016","destroyed","https://i.postimg.cc/V6Gb32zG/1002-t72b3m-destr-19-04-23.jpg","2023-11-16",19,1078,1,"7-1910781","11/16/2023"
"1182","Russia","Russia","T-72B3 Obr. 2016","destroyed","https://i.postimg.cc/0QxW1cHY/1012-T-72-B3-Obr-2016-destr-13-02-23.jpg","2023-11-16",19,1079,1,"7-1910791","11/16/2023"
"1183","Russia","Russia","T-72B3 Obr. 2016","destroyed","https://i.postimg.cc/bJ4Bc832/1003-T-72-B3-Obr-2016-destr-09-11-22.jpg","2023-11-16",19,1080,1,"7-1910801","11/16/2023"
"1184","Russia","Russia","T-72B3 Obr. 2016","destroyed","https://i.postimg.cc/QCMXY2gd/1300-5x-t72b3m-destr-21-03-22.jpg","2023-11-16",19,1081,1,"7-1910811","11/16/2023"
"1185","Russia","Russia","T-72B3 Obr. 2016","destroyed","https://i.postimg.cc/nhMSXpnX/1002-t72b3-2016-destr-14-07-23.jpg","2023-11-16",19,1082,1,"7-1910821","11/16/2023"
"1186","Russia","Russia","T-72B3 Obr. 2016","destroyed","https://i.postimg.cc/KcN0QRzK/1030-t72b3m-destr-10-07-23.jpg","2023-11-16",19,1083,1,"7-1910831","11/16/2023"
"1187","Russia","Russia","T-72B3 Obr. 2016","destroyed","https://i.postimg.cc/WzXS4fKm/1034-t72b3m-destr-16-07-23.jpg","2023-11-16",19,1084,1,"7-1910841","11/16/2023"
"1188","Russia","Russia","T-72B3 Obr. 2016","destroyed","https://i.postimg.cc/0j708sP7/1001-2x-t72b3m-destr-01-08-23.jpg","2023-11-16",19,1085,1,"7-1910851","11/16/2023"
"1189","Russia","Russia","T-72B3 Obr. 2016","destroyed","https://i.postimg.cc/rp5mVKV1/1024-t72b3-2016-destr-17-08-23.jpg","2023-11-16",19,1086,1,"7-1910861","11/16/2023"
"1190","Russia","Russia","T-72B3 Obr. 2016","destroyed","https://twitter.com/naalsio26/status/1696331884010086592","2023-11-16",19,1087,1,"7-1910871","11/16/2023"
"1191","Russia","Russia","T-72B3 Obr. 2016","destroyed","https://twitter.com/UAWeapons/status/1697263030168367373","2023-11-16",19,1088,1,"7-1910881","11/16/2023"
"1192","Russia","Russia","T-72B3 Obr. 2016","destroyed","https://i.postimg.cc/DyjJd9SH/436.png","2023-11-16",19,1089,1,"7-1910891","11/16/2023"
"1193","Russia","Russia","T-72B3 Obr. 2016","destroyed","https://twitter.com/naalsio26/status/1706069090819866957","2023-11-16",19,1090,1,"7-1910901","11/16/2023"
"1194","Russia","Russia","T-72B3 Obr. 2016","destroyed","https://i.postimg.cc/K85WGZSw/1054-T-72-B3-Obr-2016-destr-01-03-22.jpg","2023-11-16",19,1091,1,"7-1910911","11/16/2023"
"1195","Russia","Russia","T-72B3 Obr. 2016","destroyed","https://i.postimg.cc/g2fTvKLn/1000-T-72-B3-Obr-2016-destr-08-04-23.jpg","2023-11-16",19,1092,1,"7-1910921","11/16/2023"
"1196","Russia","Russia","T-72B3 Obr. 2016","destroyed","https://i.postimg.cc/rw3byxPg/1033-T-72-B3-Obr-2016-destr-15-10-23.jpg","2023-11-16",19,1093,1,"7-1910931","11/16/2023"
"1197","Russia","Russia","T-72B3 Obr. 2016","destroyed","https://i.postimg.cc/pdMQPkdm/1012-T-72-B3-Obr-2016-destr-17-09-23.jpg","2023-11-16",19,1094,1,"7-1910941","11/16/2023"
"1198","Russia","Russia","T-72B3 Obr. 2016","destroyed","https://i.postimg.cc/9MgnjkFX/6hh.png","2023-11-16",19,1095,1,"7-1910951","11/16/2023"
"1199","Russia","Russia","T-72B3 Obr. 2016","destroyed","https://i.postimg.cc/L547Nh7K/1010-t72b3obr2016-destr-btr82a-dam-28-10-23.jpg","2023-11-16",19,1096,1,"7-1910961","11/16/2023"
"1200","Russia","Russia","T-72B3 Obr. 2016","damaged","https://i.postimg.cc/ydXZ0pTM/1005-t72b3-2016.jpg","2023-11-16",19,1097,2,"7-1910972","11/16/2023"
"1201","Russia","Russia","T-72B3 Obr. 2016","damaged","https://i.postimg.cc/GpxG7gTS/57880.png","2023-11-16",19,1098,2,"7-1910982","11/16/2023"
"1202","Russia","Russia","T-72B3 Obr. 2016","damaged","https://i.postimg.cc/QxBc410X/1001-t72b3m-dam.jpg","2023-11-16",19,1099,2,"7-1910992","11/16/2023"
"1203","Russia","Russia","T-72B3 Obr. 2016","damaged","https://i.postimg.cc/h40Y5VnK/1004-t72b3m-dam-29-07-23.jpg","2023-11-16",19,1100,2,"7-1911002","11/16/2023"
"1204","Russia","Russia","T-72B3 Obr. 2016","abandoned","https://i.postimg.cc/prkfqWMs/b4.jpg","2023-11-16",19,1101,4,"7-1911014","11/16/2023"
"1205","Russia","Russia","T-72B3 Obr. 2016","abandoned","https://twitter.com/RALee85/status/1559945981789196290","2023-11-16",19,1026,4,"7-1910264","11/16/2023"
"1206","Russia","Russia","T-72B3 Obr. 2016","damaged","https://i.postimg.cc/sXqKsJX1/24.png","2023-11-16",19,1102,2,"7-1911022","11/16/2023"
"1207","Russia","Russia","T-72B3 Obr. 2016","abandoned","https://i.postimg.cc/sXqKsJX1/24.png","2023-11-16",19,1102,4,"7-1911024","11/16/2023"
"1208","Russia","Russia","T-72B3 Obr. 2016","damaged","https://i.postimg.cc/Bvs4cFYr/1012-t72b3-obr2022-dam-aband-20-10-23.jpg","2023-11-16",19,1103,2,"7-1911032","11/16/2023"
"1209","Russia","Russia","T-72B3 Obr. 2016","abandoned","https://i.postimg.cc/Bvs4cFYr/1012-t72b3-obr2022-dam-aband-20-10-23.jpg","2023-11-16",19,1103,4,"7-1911034","11/16/2023"
"1210","Russia","Russia","T-72B3 Obr. 2016","captured","https://twitter.com/UAWeapons/status/1569968902079238145","2023-11-16",19,1104,3,"7-1911043","11/16/2023"
"1211","Russia","Russia","T-72B3 Obr. 2016","captured","https://i.postimg.cc/QdZttw9X/5g5.png","2023-11-16",19,1105,3,"7-1911053","11/16/2023"
"1212","Russia","Russia","T-72B3 Obr. 2016","damaged","https://i.postimg.cc/YqDks9dS/6j.png","2023-11-16",19,1106,2,"7-1911062","11/16/2023"
"1213","Russia","Russia","T-72B3 Obr. 2016","captured","https://i.postimg.cc/YqDks9dS/6j.png","2023-11-16",19,1106,3,"7-1911063","11/16/2023"
"1214","Russia","Russia","T-72B3 Obr. 2016","captured","https://i.postimg.cc/W37zCQfh/439.png","2023-11-16",19,1107,3,"7-1911073","11/16/2023"
"1215","Russia","Russia","T-72B3 Obr. 2016","damaged","https://i.postimg.cc/g2BDpPHM/f4.jpg","2023-11-16",19,1108,2,"7-1911082","11/16/2023"
"1216","Russia","Russia","T-72B3 Obr. 2016","captured","https://i.postimg.cc/g2BDpPHM/f4.jpg","2023-11-16",19,1108,3,"7-1911083","11/16/2023"
"1217","Russia","Russia","T-72B3 Obr. 2016","damaged","https://postimg.cc/dhZdrR3R","2023-11-16",19,1109,2,"7-1911092","11/16/2023"
"1218","Russia","Russia","T-72B3 Obr. 2016","captured","https://postimg.cc/dhZdrR3R","2023-11-16",19,1109,3,"7-1911093","11/16/2023"
"1219","Russia","Russia","T-72B3 Obr. 2016","damaged","https://i.postimg.cc/jdfBfJPd/d10.jpg","2023-11-16",19,1110,2,"7-1911102","11/16/2023"
"1220","Russia","Russia","T-72B3 Obr. 2016","captured","https://i.postimg.cc/jdfBfJPd/d10.jpg","2023-11-16",19,1110,3,"7-1911103","11/16/2023"
"1221","Russia","Russia","T-72B3 Obr. 2016","damaged","https://i.postimg.cc/jjFPM35F/1007-t72b3-2016.jpg","2023-11-16",19,1111,2,"7-1911112","11/16/2023"
"1222","Russia","Russia","T-72B3 Obr. 2016","captured","https://i.postimg.cc/jjFPM35F/1007-t72b3-2016.jpg","2023-11-16",19,1111,3,"7-1911113","11/16/2023"
"1223","Russia","Russia","T-72B3 Obr. 2016","damaged","https://twitter.com/UAWeapons/status/1553999219156983808","2023-11-16",19,1112,2,"7-1911122","11/16/2023"
"1224","Russia","Russia","T-72B3 Obr. 2016","captured","https://twitter.com/UAWeapons/status/1553999219156983808","2023-11-16",19,1112,3,"7-1911123","11/16/2023"
"1225","Russia","Russia","T-72B3 Obr. 2016","captured","https://i.postimg.cc/SR1fCMXS/m3.png","2023-11-16",19,1113,3,"7-1911133","11/16/2023"
"1226","Russia","Russia","T-72B3 Obr. 2016","captured","https://i.postimg.cc/44ryWyxp/698.png","2023-11-16",19,1114,3,"7-1911143","11/16/2023"
"1227","Russia","Russia","T-72B3 Obr. 2016","captured","https://postimg.cc/nM5FPWSC","2023-11-16",19,1115,3,"7-1911153","11/16/2023"
"1228","Russia","Russia","T-72B3 Obr. 2016","captured","https://i.postimg.cc/85dw1Jvb/n9.png","2023-11-16",19,1116,3,"7-1911163","11/16/2023"
"1229","Russia","Russia","T-72B3 Obr. 2016","captured","https://i.postimg.cc/QxbX7PSj/bo.jpg","2023-11-16",19,1117,3,"7-1911173","11/16/2023"
"1230","Russia","Russia","T-72B3 Obr. 2016","captured","https://i.postimg.cc/VsK9XjfC/d332.png","2023-11-16",19,1118,3,"7-1911183","11/16/2023"
"1231","Russia","Russia","T-72B3 Obr. 2016","captured","https://i.postimg.cc/3wPF3jtz/331.png","2023-11-16",19,1119,3,"7-1911193","11/16/2023"
"1232","Russia","Russia","T-72B3 Obr. 2016","captured","https://twitter.com/UAWeapons/status/1599033138583244800","2023-11-16",19,1120,3,"7-1911203","11/16/2023"
"1233","Russia","Russia","T-72B3 Obr. 2016","captured","https://i.postimg.cc/RFS7hm3f/d15.png","2023-11-16",19,1121,3,"7-1911213","11/16/2023"
"1234","Russia","Russia","T-72B3 Obr. 2016","captured","https://i.postimg.cc/rpYCXVgJ/4436.png","2023-11-16",19,1122,3,"7-1911223","11/16/2023"
"1235","Russia","Russia","T-72B3 Obr. 2016","captured","https://i.postimg.cc/43hnyXsw/d138.png","2023-11-16",19,1123,3,"7-1911233","11/16/2023"
"1236","Russia","Russia","T-72B3 Obr. 2016","captured","https://i.postimg.cc/4dfJWDSG/hh3.png","2023-11-16",19,1124,3,"7-1911243","11/16/2023"
"1237","Russia","Russia","T-72B3 Obr. 2016","captured","https://i.postimg.cc/d0LjtDt3/5555.png","2023-11-16",19,1125,3,"7-1911253","11/16/2023"
"1238","Russia","Russia","T-72B3 Obr. 2016","captured","https://i.postimg.cc/Jnhs4Bys/fhj.png","2023-11-16",19,1126,3,"7-1911263","11/16/2023"
"1239","Russia","Russia","T-72B3 Obr. 2016","captured","https://i.postimg.cc/L4CtS5dJ/52.png","2023-11-16",19,1127,3,"7-1911273","11/16/2023"
"1240","Russia","Russia","T-72B3 Obr. 2016","captured","https://i.postimg.cc/FzV5CVy1/435.png","2023-11-16",19,1128,3,"7-1911283","11/16/2023"
"1241","Russia","Russia","T-72B3 Obr. 2016","captured","https://i.postimg.cc/8Pz7Gmn9/4289.png","2023-11-16",19,1129,3,"7-1911293","11/16/2023"
"1242","Russia","Russia","T-72B3 Obr. 2016","captured","https://i.postimg.cc/J0RFfQW0/4h.png","2023-11-16",19,1130,3,"7-1911303","11/16/2023"
"1243","Russia","Russia","T-72B3 Obr. 2016","captured","https://i.postimg.cc/d34Jp1gM/4791.png","2023-11-16",19,1131,3,"7-1911313","11/16/2023"
"1244","Russia","Russia","T-72B3 Obr. 2016","captured","https://i.postimg.cc/DyJM89qR/33113.png","2023-11-16",19,1132,3,"7-1911323","11/16/2023"
"1245","Russia","Russia","T-72B3 Obr. 2016","captured","https://i.postimg.cc/gc7TZdsd/44133.png","2023-11-16",19,1133,3,"7-1911333","11/16/2023"
"1246","Russia","Russia","T-72B3 Obr. 2016","captured","https://i.postimg.cc/RhbjnZTD/cf1.jpg","2023-11-16",19,1134,3,"7-1911343","11/16/2023"
"1247","Russia","Russia","T-72B3 Obr. 2016","captured","https://twitter.com/naalsio26/status/1681970718911676417","2023-11-16",19,1135,3,"7-1911353","11/16/2023"
"1248","Russia","Russia","T-72B3 Obr. 2016","captured","https://i.postimg.cc/XqDJC4fx/r1.png","2023-11-16",19,1136,3,"7-1911363","11/16/2023"
"1249","Russia","Russia","T-72B3 Obr. 2016","captured","https://i.postimg.cc/fRK9ddR5/b316bmp2.png","2023-11-16",19,1137,3,"7-1911373","11/16/2023"
"1250","Russia","Russia","T-72B3 Obr. 2016","captured","https://i.postimg.cc/QdggKrXd/877.jpg","2023-11-16",19,1138,3,"7-1911383","11/16/2023"
"1251","Russia","Russia","T-72B3 Obr. 2016","captured","https://i.postimg.cc/sgvr80pM/n9.jpg","2023-11-16",19,1139,3,"7-1911393","11/16/2023"
"1252","Russia","Russia","T-72B3 Obr. 2016","captured","https://i.postimg.cc/J49SMv4v/832.png","2023-11-16",19,1140,3,"7-1911403","11/16/2023"
"1253","Russia","Russia","T-72B3 Obr. 2016","captured","https://i.postimg.cc/QtRXGSfK/54.jpg","2023-11-16",19,1141,3,"7-1911413","11/16/2023"
"1254","Russia","Russia","T-72B3 Obr. 2016","captured","https://postlmg.cc/CdqDcDqR","2023-11-16",19,1142,3,"7-1911423","11/16/2023"
"1255","Russia","Russia","T-72B3 Obr. 2016","captured","https://i.postimg.cc/h4kpbwLj/388.png","2023-11-16",19,1143,3,"7-1911433","11/16/2023"
"1256","Russia","Russia","T-72B3 Obr. 2016","captured","https://i.postimg.cc/qMT69cW0/76.jpg","2023-11-16",19,1144,3,"7-1911443","11/16/2023"
"1257","Russia","Russia","T-72B3 Obr. 2016","captured","https://i.postimg.cc/NjRhJ77T/55.jpg","2023-11-16",19,1145,3,"7-1911453","11/16/2023"
"1258","Russia","Russia","T-72B3 Obr. 2016","captured","https://i.postimg.cc/vBMRNW5R/3f.jpg","2023-11-16",19,1146,3,"7-1911463","11/16/2023"
"1259","Russia","Russia","T-72B3 Obr. 2016","captured","https://i.postimg.cc/MHdnWbYQ/g422.jpg","2023-11-16",19,1147,3,"7-1911473","11/16/2023"
"1260","Russia","Russia","T-72B3 Obr. 2016","captured","https://i.postimg.cc/YqvL9p4F/323.png","2023-11-16",19,1148,3,"7-1911483","11/16/2023"
"1261","Russia","Russia","T-72B3 Obr. 2016","captured","https://twitter.com/UAWeapons/status/1542235728700211200","2023-11-16",19,1149,3,"7-1911493","11/16/2023"
"1262","Russia","Russia","T-72B3 Obr. 2016","captured","https://twitter.com/UAWeapons/status/1544356465279901697","2023-11-16",19,1150,3,"7-1911503","11/16/2023"
"1263","Russia","Russia","T-72B3 Obr. 2016","captured","https://i.postimg.cc/cJfQLSyB/653.png","2023-11-16",19,1151,3,"7-1911513","11/16/2023"
"1264","Russia","Russia","T-72B3 Obr. 2016","captured","https://i.postimg.cc/Y9ZrwnNF/44334.jpg","2023-11-16",19,1152,3,"7-1911523","11/16/2023"
"1265","Russia","Russia","T-72B3 Obr. 2016","captured","https://i.postimg.cc/xTRC7Jp2/1004-t72b3-2016.png","2023-11-16",19,1153,3,"7-1911533","11/16/2023"
"1266","Russia","Russia","T-72B3 Obr. 2016","captured","https://i.postimg.cc/44jPkfsN/1005.jpg","2023-11-16",19,1154,3,"7-1911543","11/16/2023"
"1267","Russia","Russia","T-72B3 Obr. 2016","captured","https://i.postimg.cc/WbGntCGL/432.png","2023-11-16",19,1155,3,"7-1911553","11/16/2023"
"1268","Russia","Russia","T-72B3 Obr. 2016","damaged","https://twitter.com/UAWeapons/status/1591702182629343232","2023-11-16",19,1156,2,"7-1911562","11/16/2023"
"1269","Russia","Russia","T-72B3 Obr. 2016","captured","https://twitter.com/UAWeapons/status/1591702182629343232","2023-11-16",19,1156,3,"7-1911563","11/16/2023"
"1270","Russia","Russia","T-72B3 Obr. 2016","captured","https://i.postimg.cc/xj6P8Lhw/1033-t72b3m-capt.jpg","2023-11-16",19,1157,3,"7-1911573","11/16/2023"
"1271","Russia","Russia","T-72B3 Obr. 2016","captured","https://i.postimg.cc/c1c0T6DQ/1023-t72n3m.jpg","2023-11-16",19,1158,3,"7-1911583","11/16/2023"
"1272","Russia","Russia","T-72B3 Obr. 2016","captured","https://i.postimg.cc/SxxSvW8Z/1004-t72b3.jpg","2023-11-16",19,1159,3,"7-1911593","11/16/2023"
"1273","Russia","Russia","T-72B3 Obr. 2016","captured","https://twitter.com/UAWeapons/status/1567460860540362763","2023-11-16",19,1160,3,"7-1911603","11/16/2023"
"1274","Russia","Russia","T-72B3 Obr. 2016","captured","https://i.postimg.cc/pT8JzRtd/1006-t72b3-2016.jpg","2023-11-16",19,1161,3,"7-1911613","11/16/2023"
"1275","Russia","Russia","T-72B3 Obr. 2016","captured","https://twitter.com/UAWeapons/status/1568899243397550080","2023-11-16",19,949,3,"7-199493","11/16/2023"
"1276","Russia","Russia","T-72B3 Obr. 2016","captured","https://twitter.com/UAWeapons/status/1568578522125303814","2023-11-16",19,1162,3,"7-1911623","11/16/2023"
"1277","Russia","Russia","T-72B3 Obr. 2016","captured","https://i.postimg.cc/c1Vxfgtc/1005-t72b3m.png","2023-11-16",19,1163,3,"7-1911633","11/16/2023"
"1278","Russia","Russia","T-72B3 Obr. 2016","captured","https://twitter.com/UAWeapons/status/1569013204541374464","2023-11-16",19,489,3,"7-194893","11/16/2023"
"1279","Russia","Russia","T-72B3 Obr. 2016","damaged","https://twitter.com/UAWeapons/status/1568967168473157632","2023-11-16",19,1164,2,"7-1911642","11/16/2023"
"1280","Russia","Russia","T-72B3 Obr. 2016","captured","https://twitter.com/UAWeapons/status/1568967168473157632","2023-11-16",19,1164,3,"7-1911643","11/16/2023"
"1281","Russia","Russia","T-72B3 Obr. 2016","captured","https://i.postimg.cc/mZ7Rt7LH/1001-t72b3m.jpg","2023-11-16",19,1165,3,"7-1911653","11/16/2023"
"1282","Russia","Russia","T-72B3 Obr. 2016","captured","https://twitter.com/UAWeapons/status/1569736199413309442","2023-11-16",19,1166,3,"7-1911663","11/16/2023"
"1283","Russia","Russia","T-72B3 Obr. 2016","captured","https://twitter.com/UAWeapons/status/1569768629696069638","2023-11-16",19,1167,3,"7-1911673","11/16/2023"
"1284","Russia","Russia","T-72B3 Obr. 2016","captured","https://i.postimg.cc/vT0msRq8/1003-t72b3m.jpg","2023-11-16",19,1168,3,"7-1911683","11/16/2023"
"1285","Russia","Russia","T-72B3 Obr. 2016","captured","https://i.postimg.cc/qB1BgTw4/1006-t72b3m.jpg","2023-11-16",19,1169,3,"7-1911693","11/16/2023"
"1286","Russia","Russia","T-72B3 Obr. 2016","captured","https://i.postimg.cc/5y4WSsxy/1004-T-72-B3-Obr-2016-capt-01-05-23.jpg","2023-11-16",19,1170,3,"7-1911703","11/16/2023"
"1287","Russia","Russia","T-72B3 Obr. 2016","damaged","https://i.postimg.cc/cJHYN7ns/329.png","2023-11-16",19,1171,2,"7-1911712","11/16/2023"
"1288","Russia","Russia","T-72B3 Obr. 2016","captured","https://i.postimg.cc/cJHYN7ns/329.png","2023-11-16",19,1171,3,"7-1911713","11/16/2023"
"1289","Russia","Russia","T-72B3 Obr. 2016","captured","https://twitter.com/UAWeapons/status/1569424767517597702","2023-11-16",19,1172,3,"7-1911723","11/16/2023"
"1290","Russia","Russia","T-72B3 Obr. 2016","captured","https://i.postimg.cc/QMqhWFNV/1002-t72b3m.jpg","2023-11-16",19,1173,3,"7-1911733","11/16/2023"
"1291","Russia","Russia","T-72B3 Obr. 2016","captured","https://i.postimg.cc/ZKxhSKRg/1004-t72b3.jpg","2023-11-16",19,1174,3,"7-1911743","11/16/2023"
"1292","Russia","Russia","T-72B3 Obr. 2016","captured","https://twitter.com/UAWeapons/status/1574488865313898512","2023-11-16",19,1175,3,"7-1911753","11/16/2023"
"1293","Russia","Russia","T-72B3 Obr. 2016","captured","https://twitter.com/UAWeapons/status/1574851468854759434","2023-11-16",19,1176,3,"7-1911763","11/16/2023"
"1294","Russia","Russia","T-72B3 Obr. 2016","captured","https://i.postimg.cc/YCHDC99m/1001-t72b3m.jpg","2023-11-16",19,1177,3,"7-1911773","11/16/2023"
"1295","Russia","Russia","T-72B3 Obr. 2016","captured","https://i.postimg.cc/cC1k5rNB/2022-09-14-T-72-B3-Obr-2016.jpg","2023-11-16",19,1178,3,"7-1911783","11/16/2023"
"1296","Russia","Russia","T-72B3 Obr. 2016","captured","https://postlmg.cc/xNV1ffCr","2023-11-16",19,1179,3,"7-1911793","11/16/2023"
"1297","Russia","Russia","T-72B3 Obr. 2016","captured","https://i.postimg.cc/jSSsgJY7/1012-t72b3m-capt.jpg","2023-11-16",19,1180,3,"7-1911803","11/16/2023"
"1298","Russia","Russia","T-72B3 Obr. 2016","captured","https://i.postimg.cc/fTZWdrH5/1013-t72b3m-capt.jpg","2023-11-16",19,1181,3,"7-1911813","11/16/2023"
"1299","Russia","Russia","T-72B3 Obr. 2016","captured","https://i.postimg.cc/bNJc382x/1009-t72b3m-capt.jpg","2023-11-16",19,1182,3,"7-1911823","11/16/2023"
"1300","Russia","Russia","T-72B3 Obr. 2016","captured","https://i.postimg.cc/BZNfTttZ/1010-t72b3m-capt.jpg","2023-11-16",19,1183,3,"7-1911833","11/16/2023"
"1301","Russia","Russia","T-72B3 Obr. 2016","captured","https://i.postimg.cc/76vHtWDq/1011-t72b3m-capt.jpg","2023-11-16",19,1184,3,"7-1911843","11/16/2023"
"1302","Russia","Russia","T-72B3 Obr. 2016","captured","https://i.postimg.cc/CLkGNt8y/1017-t72b3-2016.jpg","2023-11-16",19,1185,3,"7-1911853","11/16/2023"
"1303","Russia","Russia","T-72B3 Obr. 2016","captured","https://i.postimg.cc/C5D0gzY3/1042-t72b3m-capt.jpg","2023-11-16",19,1186,3,"7-1911863","11/16/2023"
"1304","Russia","Russia","T-72B3 Obr. 2016","captured","https://i.postimg.cc/x192wfZZ/1063-t72b3m-capt.jpg","2023-11-16",19,1187,3,"7-1911873","11/16/2023"
"1305","Russia","Russia","T-72B3 Obr. 2016","captured","https://i.postimg.cc/dQNHR7dY/1006-t72b3m-capt.png","2023-11-16",19,1188,3,"7-1911883","11/16/2023"
"1306","Russia","Russia","T-72B3 Obr. 2016","captured","https://i.postimg.cc/t4Yp4Drw/1005-t72b3m-capt.jpg","2023-11-16",19,1189,3,"7-1911893","11/16/2023"
"1307","Russia","Russia","T-72B3 Obr. 2016","damaged","https://i.postimg.cc/HnHqRR38/1007-t72b3m-dam-capt.jpg","2023-11-16",19,1190,2,"7-1911902","11/16/2023"
"1308","Russia","Russia","T-72B3 Obr. 2016","captured","https://i.postimg.cc/HnHqRR38/1007-t72b3m-dam-capt.jpg","2023-11-16",19,1190,3,"7-1911903","11/16/2023"
"1309","Russia","Russia","T-72B3 Obr. 2016","captured","https://i.postimg.cc/mDCBHVfr/1013-t72b3.png","2023-11-16",19,1191,3,"7-1911913","11/16/2023"
"1310","Russia","Russia","T-72B3 Obr. 2016","captured","https://i.postimg.cc/c6ysfCQt/c9.png","2023-11-16",19,1192,3,"7-1911923","11/16/2023"
"1311","Russia","Russia","T-72B3 Obr. 2016","captured","https://i.postimg.cc/Vv3pmJsM/1029-t72b3m-capt-4-11.jpg","2023-11-16",19,1193,3,"7-1911933","11/16/2023"
"1312","Russia","Russia","T-72B3 Obr. 2016","captured","https://i.postimg.cc/d02dJ3vC/1042-t72b3m-capt.jpg","2023-11-16",19,1194,3,"7-1911943","11/16/2023"
"1313","Russia","Russia","T-72B3 Obr. 2016","captured","https://twitter.com/UAWeapons/status/1593000581966462977","2023-11-16",19,1195,3,"7-1911953","11/16/2023"
"1314","Russia","Russia","T-72B3 Obr. 2016","captured","https://i.postimg.cc/vTKf8ZHF/1005-t72b3m-capt.jpg","2023-11-16",19,1196,3,"7-1911963","11/16/2023"
"1315","Russia","Russia","T-72B3 Obr. 2016","captured","https://i.postimg.cc/8P4cdYF5/1004-T-72-B3-Obr2016-capt.jpg","2023-11-16",19,1197,3,"7-1911973","11/16/2023"
"1316","Russia","Russia","T-72B3 Obr. 2016","captured","https://i.postimg.cc/pdmFrm2F/1019-t72b3m-capt-30-03-22.jpg","2023-11-16",19,1198,3,"7-1911983","11/16/2023"
"1317","Russia","Russia","T-72B3 Obr. 2016","captured","https://i.postimg.cc/5jcsmnSt/1031-t72b3m-capt-03-01-23.jpg","2023-11-16",19,1199,3,"7-1911993","11/16/2023"
"1318","Russia","Russia","T-72B3 Obr. 2016","captured","https://i.postimg.cc/R0pjkffN/1025-t72b3m-capt-09-02-23.jpg","2023-11-16",19,1200,3,"7-1912003","11/16/2023"
"1319","Russia","Russia","T-72B3 Obr. 2016","captured","https://i.postimg.cc/vBxQvyYf/211.png","2023-11-16",19,1201,3,"7-1912013","11/16/2023"
"1320","Russia","Russia","T-72B3 Obr. 2016","captured","https://i.postimg.cc/YqKsdrv5/1044-T-72-B3-Obr-2016-capt-31-05-23.jpg","2023-11-16",19,1202,3,"7-1912023","11/16/2023"
"1321","Russia","Russia","T-72B3 Obr. 2022","destroyed","https://i.postimg.cc/TPDMYCQS/t47.png","2023-11-16",20,1203,1,"7-2012031","11/16/2023"
"1322","Russia","Russia","T-72B3 Obr. 2022","destroyed","https://i.postimg.cc/Y0TvmDyx/1039-t72b3-2022-destr-12-06-23.jpg","2023-11-16",20,1204,1,"7-2012041","11/16/2023"
"1323","Russia","Russia","T-72B3 Obr. 2022","destroyed","https://i.postimg.cc/QC4cxhP7/1022-72-B3-obr-2022-destr-10-08-23.jpg","2023-11-16",20,1205,1,"7-2012051","11/16/2023"
"1324","Russia","Russia","T-72B3 Obr. 2022","destroyed","https://twitter.com/UAWeapons/status/1706705383220191290","2023-11-16",20,1206,1,"7-2012061","11/16/2023"
"1325","Russia","Russia","T-72B3 Obr. 2022","destroyed","https://i.postimg.cc/65gMh8GF/3287.png","2023-11-16",20,601,1,"7-206011","11/16/2023"
"1326","Russia","Russia","T-72B3 Obr. 2022","destroyed","https://i.postimg.cc/TYHLHYXC/2870.png","2023-11-16",20,1207,1,"7-2012071","11/16/2023"
"1327","Russia","Russia","T-72B3 Obr. 2022","destroyed","https://i.postimg.cc/ZnkPPzYP/244.png","2023-11-16",20,1208,1,"7-2012081","11/16/2023"
"1328","Russia","Russia","T-72B3 Obr. 2022","destroyed","https://i.postimg.cc/Nj8Z2XbW/1052-t72b3-obr2016-destr-03-10-23.jpg","2023-11-16",20,1209,1,"7-2012091","11/16/2023"
"1329","Russia","Russia","T-72B3 Obr. 2022","destroyed","https://i.postimg.cc/mrbJYr5h/1053-t72b3-obr2016-destr-03-10-23.jpg","2023-11-16",20,1210,1,"7-2012101","11/16/2023"
"1330","Russia","Russia","T-72B3 Obr. 2022","destroyed","https://i.postimg.cc/FRvC6sZv/1008-t72b3-obr2022-destr-09-10-23.jpg","2023-11-16",20,1211,1,"7-2012111","11/16/2023"
"1331","Russia","Russia","T-72B3 Obr. 2022","destroyed","https://i.postimg.cc/9M04c7cB/1006-t72b3-destr-12-10-23.jpg","2023-11-16",20,1212,1,"7-2012121","11/16/2023"
"1332","Russia","Russia","T-72B3 Obr. 2022","destroyed","https://i.postimg.cc/Dyk6YNB9/1337-t72obr2022-16-10-23.jpg","2023-11-16",20,1213,1,"7-2012131","11/16/2023"
"1333","Russia","Russia","T-72B3 Obr. 2022","destroyed","https://twitter.com/bayraktar_1love/status/1717282837173330045","2023-11-16",20,1214,1,"7-2012141","11/16/2023"
"1334","Russia","Russia","T-72B3 Obr. 2022","destroyed","https://twitter.com/bayraktar_1love/status/1717970886374928790","2023-11-16",20,1215,1,"7-2012151","11/16/2023"
"1335","Russia","Russia","T-72B3 Obr. 2022","damaged","https://i.postimg.cc/SKyVKtMG/1001-T-72-B-Obr-2022-destr-2x-T-72-B3-Obr-2022-dam-aband-05-10-23.png","2023-11-16",20,1216,2,"7-2012162","11/16/2023"
"1336","Russia","Russia","T-72B3 Obr. 2022","abandoned","https://i.postimg.cc/SKyVKtMG/1001-T-72-B-Obr-2022-destr-2x-T-72-B3-Obr-2022-dam-aband-05-10-23.png","2023-11-16",20,1216,4,"7-2012164","11/16/2023"
"1337","Russia","Russia","T-72B3 Obr. 2022","damaged","https://i.postimg.cc/zGHQdsdB/1003-T-72-B3-obr-2022-dam-aband-01-11-23.jpg","2023-11-16",20,1217,2,"7-2012172","11/16/2023"
"1338","Russia","Russia","T-72B3 Obr. 2022","abandoned","https://i.postimg.cc/zGHQdsdB/1003-T-72-B3-obr-2022-dam-aband-01-11-23.jpg","2023-11-16",20,1217,4,"7-2012174","11/16/2023"
"1339","Russia","Russia","Unknown T-72","destroyed","https://twitter.com/UAWeapons/status/1566072209642340352","2023-11-16",21,1218,1,"7-2112181","11/16/2023"
"1340","Russia","Russia","Unknown T-72","destroyed","https://postimg.cc/v45ChHWR","2023-11-16",21,1219,1,"7-2112191","11/16/2023"
"1341","Russia","Russia","Unknown T-72","destroyed","https://i.postimg.cc/wBYxrYxF/tank.png","2023-11-16",21,1220,1,"7-2112201","11/16/2023"
"1342","Russia","Russia","Unknown T-72","destroyed","https://i.postimg.cc/0Q769GWp/476.png","2023-11-16",21,1221,1,"7-2112211","11/16/2023"
"1343","Russia","Russia","Unknown T-72","destroyed","https://i.postimg.cc/KYqn0jDX/3d11.png","2023-11-16",21,1222,1,"7-2112221","11/16/2023"
"1344","Russia","Russia","Unknown T-72","destroyed","https://twitter.com/UAWeapons/status/1510257894603776012","2023-11-16",21,1223,1,"7-2112231","11/16/2023"
"1345","Russia","Russia","Unknown T-72","destroyed","https://i.postimg.cc/RCTBSnS7/taank.png","2023-11-16",21,1224,1,"7-2112241","11/16/2023"
"1346","Russia","Russia","Unknown T-72","destroyed","https://i.postimg.cc/k4KvP6FY/d34.jpg","2023-11-16",21,1225,1,"7-2112251","11/16/2023"
"1347","Russia","Russia","Unknown T-72","destroyed","https://i.postimg.cc/cHrPdk0c/78.jpg","2023-11-16",21,1226,1,"7-2112261","11/16/2023"
"1348","Russia","Russia","Unknown T-72","destroyed","https://twitter.com/UAWeapons/status/1517505799416913921","2023-11-16",21,1227,1,"7-2112271","11/16/2023"
"1349","Russia","Russia","Unknown T-72","destroyed","https://twitter.com/UAWeapons/status/1520836638435422209","2023-11-16",21,1228,1,"7-2112281","11/16/2023"
"1350","Russia","Russia","Unknown T-72","destroyed","https://twitter.com/UAWeapons/status/1607377878508765185","2023-11-16",21,116,1,"7-211161","11/16/2023"
"1351","Russia","Russia","Unknown T-72","destroyed","https://twitter.com/UAWeapons/status/1524129863447285761","2023-11-16",21,1229,1,"7-2112291","11/16/2023"
"1352","Russia","Russia","Unknown T-72","destroyed","https://i.postimg.cc/QCgmSv5g/1016-64-BV-and-72-destr-19-10-23.jpg","2023-11-16",21,135,1,"7-211351","11/16/2023"
"1353","Russia","Russia","Unknown T-72","destroyed","https://i.postimg.cc/GtfzMV1j/3776.jpg","2023-11-16",21,1230,1,"7-2112301","11/16/2023"
"1354","Russia","Russia","Unknown T-72","destroyed","https://twitter.com/UAWeapons/status/1525961832313278465","2023-11-16",21,1231,1,"7-2112311","11/16/2023"
"1355","Russia","Russia","Unknown T-72","destroyed","https://twitter.com/UAWeapons/status/1528326529700200448","2023-11-16",21,1232,1,"7-2112321","11/16/2023"
"1356","Russia","Russia","Unknown T-72","destroyed","https://i.postimg.cc/K8h232cj/6h.png","2023-11-16",21,1233,1,"7-2112331","11/16/2023"
"1357","Russia","Russia","Unknown T-72","destroyed","https://i.postimg.cc/7L5ffZ52/1500-unkn-tank-2x.png","2023-11-16",21,1234,1,"7-2112341","11/16/2023"
"1358","Russia","Russia","Unknown T-72","destroyed","https://twitter.com/UAWeapons/status/1530575302895841280","2023-11-16",21,1235,1,"7-2112351","11/16/2023"
"1359","Russia","Russia","Unknown T-72","destroyed","https://i.postimg.cc/cLg02zbz/7663.jpg","2023-11-16",21,1236,1,"7-2112361","11/16/2023"
"1360","Russia","Russia","Unknown T-72","destroyed","https://i.postimg.cc/W47YvJ2Q/1035-t80bv-destr-13-03-23.png","2023-11-16",21,1237,1,"7-2112371","11/16/2023"
"1361","Russia","Russia","Unknown T-72","destroyed","https://twitter.com/UAWeapons/status/1538542381355737091","2023-11-16",21,1238,1,"7-2112381","11/16/2023"
"1362","Russia","Russia","Unknown T-72","destroyed","https://twitter.com/UAWeapons/status/1539601762272804866","2023-11-16",21,1239,1,"7-2112391","11/16/2023"
"1363","Russia","Russia","Unknown T-72","destroyed","https://twitter.com/UAWeapons/status/1541137859385622532","2023-11-16",21,1240,1,"7-2112401","11/16/2023"
"1364","Russia","Russia","Unknown T-72","destroyed","https://twitter.com/RALee85/status/1540218005816238081","2023-11-16",21,1241,1,"7-2112411","11/16/2023"
"1365","Russia","Russia","Unknown T-72","destroyed","https://twitter.com/Blue_Sauron/status/1544968755091886080","2023-11-16",21,1242,1,"7-2112421","11/16/2023"
"1366","Russia","Russia","Unknown T-72","destroyed","https://i.postimg.cc/0jZSwLfn/554.jpg","2023-11-16",21,1243,1,"7-2112431","11/16/2023"
"1367","Russia","Russia","Unknown T-72","destroyed","https://i.postimg.cc/htmtNsvz/4h.png","2023-11-16",21,1244,1,"7-2112441","11/16/2023"
"1368","Russia","Russia","Unknown T-72","destroyed","https://twitter.com/RALee85/status/1552961963487010816","2023-11-16",21,1245,1,"7-2112451","11/16/2023"
"1369","Russia","Russia","Unknown T-72","destroyed","https://twitter.com/UAWeapons/status/1548420470030028805","2023-11-16",21,1246,1,"7-2112461","11/16/2023"
"1370","Russia","Russia","Unknown T-72","destroyed","https://i.postimg.cc/SKwxT1Z8/1002.jpg","2023-11-16",21,1247,1,"7-2112471","11/16/2023"
"1371","Russia","Russia","Unknown T-72","destroyed","https://twitter.com/RALee85/status/1551145700712382465","2023-11-16",21,1248,1,"7-2112481","11/16/2023"
"1372","Russia","Russia","Unknown T-72","destroyed","https://twitter.com/UAWeapons/status/1551989446349815808","2023-11-16",21,1249,1,"7-2112491","11/16/2023"
"1373","Russia","Russia","Unknown T-72","destroyed","https://twitter.com/UAWeapons/status/1557111929927237632","2023-11-16",21,1250,1,"7-2112501","11/16/2023"
"1374","Russia","Russia","Unknown T-72","destroyed","https://twitter.com/UAWeapons/status/1569725397863993346","2023-11-16",21,729,1,"7-217291","11/16/2023"
"1375","Russia","Russia","Unknown T-72","destroyed","https://twitter.com/UAWeapons/status/1545075270826299394","2023-11-16",21,1251,1,"7-2112511","11/16/2023"
"1376","Russia","Russia","Unknown T-72","destroyed","https://i.postimg.cc/vHgrmVJg/4g.png","2023-11-16",21,1252,1,"7-2112521","11/16/2023"
"1377","Russia","Russia","Unknown T-72","destroyed","https://i.postimg.cc/WbHRhP82/89.png","2023-11-16",21,1253,1,"7-2112531","11/16/2023"
"1378","Russia","Russia","Unknown T-72","destroyed","https://twitter.com/UAWeapons/status/1505493660770648065","2023-11-16",21,1254,1,"7-2112541","11/16/2023"
"1379","Russia","Russia","Unknown T-72","destroyed","https://i.postimg.cc/KjX698xd/1000-t72b3-2016-x3.jpg","2023-11-16",21,1025,1,"7-2110251","11/16/2023"
"1380","Russia","Russia","Unknown T-72","destroyed","https://twitter.com/UAWeapons/status/1507409695161696257","2023-11-16",21,1255,1,"7-2112551","11/16/2023"
"1381","Russia","Russia","Unknown T-72","destroyed","https://i.postimg.cc/fTmYsJJb/54f.png","2023-11-16",21,1256,1,"7-2112561","11/16/2023"
"1382","Russia","Russia","Unknown T-72","destroyed","https://i.postimg.cc/8c5dSCVZ/4f7.png","2023-11-16",21,1257,1,"7-2112571","11/16/2023"
"1383","Russia","Russia","Unknown T-72","destroyed","https://i.postimg.cc/htv2yhvL/ut4.png","2023-11-16",21,1258,1,"7-2112581","11/16/2023"
"1384","Russia","Russia","Unknown T-72","destroyed","https://i.postimg.cc/pL85bGRX/7766.jpg","2023-11-16",21,1259,1,"7-2112591","11/16/2023"
"1385","Russia","Russia","Unknown T-72","destroyed","https://i.postimg.cc/cH5qSJ5N/77o.jpg","2023-11-16",21,1260,1,"7-2112601","11/16/2023"
"1386","Russia","Russia","Unknown T-72","destroyed","https://i.postimg.cc/ZnpTjkby/2212.jpg","2023-11-16",21,1261,1,"7-2112611","11/16/2023"
"1387","Russia","Russia","Unknown T-72","destroyed","https://twitter.com/UAWeapons/status/1529197849271058432","2023-11-16",21,1262,1,"7-2112621","11/16/2023"
"1388","Russia","Russia","Unknown T-72","destroyed","https://i.postimg.cc/TY72j52F/1040-unkn-t72-destr-28-01-23.jpg","2023-11-16",21,1263,1,"7-2112631","11/16/2023"
"1389","Russia","Russia","Unknown T-72","destroyed","https://i.postimg.cc/fRfBsKwq/kd0uOIzH.jpg","2023-11-16",21,1264,1,"7-2112641","11/16/2023"
"1390","Russia","Russia","Unknown T-72","destroyed","https://i.postimg.cc/qMZc3k22/1008-unkn-t72-destr-02-11-23.jpg","2023-11-16",21,1265,1,"7-2112651","11/16/2023"
"1391","Russia","Russia","Unknown T-72","destroyed","https://i.postimg.cc/j5mG7ZCN/2022-04-29-unk-t-72.jpg","2023-11-16",21,1266,1,"7-2112661","11/16/2023"
"1392","Russia","Russia","Unknown T-72","destroyed","https://i.postimg.cc/Kj10xyLz/2022-08-10-unk-t-72.jpg","2023-11-16",21,1267,1,"7-2112671","11/16/2023"
"1393","Russia","Russia","Unknown T-72","destroyed","https://i.postimg.cc/L6zv8gxs/2022-09-03-unk-t-72-2.jpg","2023-11-16",21,1268,1,"7-2112681","11/16/2023"
"1394","Russia","Russia","Unknown T-72","destroyed","https://twitter.com/Blue_Sauron/status/1584788206574182400","2023-11-16",21,1269,1,"7-2112691","11/16/2023"
"1395","Russia","Russia","Unknown T-72","destroyed","https://i.postimg.cc/sD611qV9/1004-unkn-t72-destr.jpg","2023-11-16",21,1270,1,"7-2112701","11/16/2023"
"1396","Russia","Russia","Unknown T-72","destroyed","https://i.postimg.cc/FKvWWmW3/1015-unkn-t72-destr.jpg","2023-11-16",21,1271,1,"7-2112711","11/16/2023"
"1397","Russia","Russia","Unknown T-72","destroyed","https://i.postimg.cc/28k85xHf/1007-unkn-t72-destr-24-12-22.jpg","2023-11-16",21,1272,1,"7-2112721","11/16/2023"
"1398","Russia","Russia","Unknown T-72","destroyed","https://i.postimg.cc/BQQWJNhb/2022-06-20-Unknown-T-72-destroyed-Chernihiv.jpg","2023-11-16",21,1273,1,"7-2112731","11/16/2023"
"1399","Russia","Russia","Unknown T-72","destroyed","https://i.postimg.cc/sfpJXrBD/2022-06-02-Unknown-T-72-destroyed-Bohdanivka.jpg","2023-11-16",21,1274,1,"7-2112741","11/16/2023"
"1400","Russia","Russia","Unknown T-72","destroyed","https://twitter.com/UAWeapons/status/1600978956554944512","2023-11-16",21,1275,1,"7-2112751","11/16/2023"
"1401","Russia","Russia","Unknown T-72","destroyed","https://i.postimg.cc/pV6B64PB/image.jpg","2023-11-16",21,1276,1,"7-2112761","11/16/2023"
"1402","Russia","Russia","Unknown T-72","destroyed","https://i.postimg.cc/PJMvxDts/f4.png","2023-11-16",21,1277,1,"7-2112771","11/16/2023"
"1403","Russia","Russia","Unknown T-72","destroyed","https://i.postimg.cc/8kt8RrM3/1023-unkn-t72-destr-16-01-23.jpg","2023-11-16",21,1278,1,"7-2112781","11/16/2023"
"1404","Russia","Russia","Unknown T-72","destroyed","https://twitter.com/UAWeapons/status/1635642311810994179","2023-11-16",21,1279,1,"7-2112791","11/16/2023"
"1405","Russia","Russia","Unknown T-72","destroyed","https://twitter.com/UAWeapons/status/1636099163367587843","2023-11-16",21,1280,1,"7-2112801","11/16/2023"
"1406","Russia","Russia","Unknown T-72","destroyed","https://i.postimg.cc/h4Zwvx9n/1018-unkn-t72-destr-14-03-23.jpg","2023-11-16",21,1281,1,"7-2112811","11/16/2023"
"1407","Russia","Russia","Unknown T-72","destroyed","https://i.postimg.cc/zfQGP0Hs/1035-unkn-t72-destr-16-03-23.jpg","2023-11-16",21,1282,1,"7-2112821","11/16/2023"
"1408","Russia","Russia","Unknown T-72","destroyed","https://i.postimg.cc/yxfKdJsD/3222.png","2023-11-16",21,1283,1,"7-2112831","11/16/2023"
"1409","Russia","Russia","Unknown T-72","destroyed","https://i.postimg.cc/ydYsrgfn/1009-unkn-t72-destr-31-03-23.jpg","2023-11-16",21,1284,1,"7-2112841","11/16/2023"
"1410","Russia","Russia","Unknown T-72","destroyed","https://i.postimg.cc/3wYZZkx5/66590.png","2023-11-16",21,1285,1,"7-2112851","11/16/2023"
"1411","Russia","Russia","Unknown T-72","destroyed","https://i.postimg.cc/027phwn4/7796.png","2023-11-16",21,1286,1,"7-2112861","11/16/2023"
"1412","Russia","Russia","Unknown T-72","destroyed","https://postlmg.cc/JD8TfTR7","2023-11-16",21,1287,1,"7-2112871","11/16/2023"
"1413","Russia","Russia","Unknown T-72","destroyed","https://postlmg.cc/ygYDsvfv","2023-11-16",21,1288,1,"7-2112881","11/16/2023"
"1414","Russia","Russia","Unknown T-72","destroyed","https://twitter.com/UAWeapons/status/1652390786841935872","2023-11-16",21,1289,1,"7-2112891","11/16/2023"
"1415","Russia","Russia","Unknown T-72","destroyed","https://i.postimg.cc/wvVWqLSS/1007-unkn-t72-destr-28-05-23.jpg","2023-11-16",21,1290,1,"7-2112901","11/16/2023"
"1416","Russia","Russia","Unknown T-72","destroyed","https://i.postimg.cc/SQgZHLL9/1015-unkn-t72-destr-29-05-23.jpg","2023-11-16",21,1291,1,"7-2112911","11/16/2023"
"1417","Russia","Russia","Unknown T-72","destroyed","https://i.postimg.cc/5NtNGRkV/1018-unkn-tank-destr-29-05-23.jpg","2023-11-16",21,1292,1,"7-2112921","11/16/2023"
"1418","Russia","Russia","Unknown T-72","destroyed","https://i.postimg.cc/NF6NXV4k/1008-unkn-t72-destr-21-05-23.jpg","2023-11-16",21,1293,1,"7-2112931","11/16/2023"
"1419","Russia","Russia","Unknown T-72","destroyed","https://i.postimg.cc/7hBn4wyG/1038-unkn-tank-destr-02-07-23.jpg","2023-11-16",21,1294,1,"7-2112941","11/16/2023"
"1420","Russia","Russia","Unknown T-72","destroyed","https://i.postimg.cc/YqbJhYDd/1000-unkn-T-72-destr-29-07-23.jpg","2023-11-16",21,1295,1,"7-2112951","11/16/2023"
"1421","Russia","Russia","Unknown T-72","destroyed","https://i.postimg.cc/L5mbs8td/1001-unkn-t72-destr-29-07-23.jpg","2023-11-16",21,1296,1,"7-2112961","11/16/2023"
"1422","Russia","Russia","Unknown T-72","destroyed","https://i.postimg.cc/7Pm3Nn6L/1029-unkn-t72-destr-09-08-23.jpg","2023-11-16",21,1297,1,"7-2112971","11/16/2023"
"1423","Russia","Russia","Unknown T-72","destroyed","https://i.postimg.cc/DwL1QGjv/1009-unkn-afv-destr-17-06-23.jpg","2023-11-16",21,1298,1,"7-2112981","11/16/2023"
"1424","Russia","Russia","Unknown T-72","destroyed","https://twitter.com/UAWeapons/status/1697642444538384548","2023-11-16",21,1299,1,"7-2112991","11/16/2023"
"1425","Russia","Russia","Unknown T-72","destroyed","https://i.postimg.cc/YCXt6N93/588.png","2023-11-16",21,1300,1,"7-2113001","11/16/2023"
"1426","Russia","Russia","Unknown T-72","destroyed","https://i.postimg.cc/ZRJdQPSQ/476.png","2023-11-16",21,1301,1,"7-2113011","11/16/2023"
"1427","Russia","Russia","Unknown T-72","destroyed","https://i.postimg.cc/Xv7zXTnJ/1070-unkn-t72-destr-02-10-23.jpg","2023-11-16",21,1302,1,"7-2113021","11/16/2023"
"1428","Russia","Russia","Unknown T-72","destroyed","https://i.postimg.cc/PxMVns3w/1024-unkn-t72-destr-06-10-23.jpg","2023-11-16",21,1303,1,"7-2113031","11/16/2023"
"1429","Russia","Russia","Unknown T-72","destroyed","https://i.postimg.cc/8cqVFffn/1013-unknown-t72-destr-20-10-23.jpg","2023-11-16",21,1304,1,"7-2113041","11/16/2023"
"1430","Russia","Russia","Unknown T-72","destroyed","https://i.postimg.cc/0QXvsBkv/1014-2x-unknown-t72-destr-20-10-23.jpg","2023-11-16",21,1305,1,"7-2113051","11/16/2023"
"1431","Russia","Russia","Unknown T-72","destroyed","https://i.postimg.cc/MHcSKmHQ/1021-unkn-t72-destr-19-10-23.jpg","2023-11-16",21,1306,1,"7-2113061","11/16/2023"
"1432","Russia","Russia","Unknown T-72","destroyed","https://i.postimg.cc/wTzY9QVX/1009-unkn-t72-destr-23-10-23.jpg","2023-11-16",21,1307,1,"7-2113071","11/16/2023"
"1433","Russia","Russia","Unknown T-72","destroyed","https://i.postimg.cc/BnPqJwzg/1035-unkn-t72-destr-21-10-23.jpg","2023-11-16",21,1308,1,"7-2113081","11/16/2023"
"1434","Russia","Russia","Unknown T-72","destroyed","https://i.postimg.cc/FsFwT9Sb/1031-unkn-T-72-destr-12-10-23.jpg","2023-11-16",21,1309,1,"7-2113091","11/16/2023"
"1435","Russia","Russia","Unknown T-72","damaged","https://twitter.com/UAWeapons/status/1566072209642340352","2023-11-16",21,1218,2,"7-2112182","11/16/2023"
"1436","Russia","Russia","Unknown T-72","damaged","https://twitter.com/UAWeapons/status/1568696183836577798","2023-11-16",21,1310,2,"7-2113102","11/16/2023"
"1437","Russia","Russia","Unknown T-72","damaged","https://i.postimg.cc/V6Kc8SKP/4370.jpg","2023-11-16",21,1311,2,"7-2113112","11/16/2023"
"1438","Russia","Russia","Unknown T-72","damaged","https://twitter.com/UAWeapons/status/1512060297607065602","2023-11-16",21,1312,2,"7-2113122","11/16/2023"
"1439","Russia","Russia","Unknown T-72","damaged","https://i.postimg.cc/kGf4RmBn/6h.jpg","2023-11-16",21,1313,2,"7-2113132","11/16/2023"
"1440","Russia","Russia","Unknown T-72","damaged","https://twitter.com/UAWeapons/status/1539601762272804866","2023-11-16",21,1239,2,"7-2112392","11/16/2023"
"1441","Russia","Russia","Unknown T-72","damaged","https://twitter.com/RALee85/status/1540218005816238081","2023-11-16",21,1241,2,"7-2112412","11/16/2023"
"1442","Russia","Russia","Unknown T-72","damaged","https://twitter.com/UAWeapons/status/1545125584036151297","2023-11-16",21,1314,2,"7-2113142","11/16/2023"
"1443","Russia","Russia","Unknown T-72","damaged","https://twitter.com/UAWeapons/status/1519310504832942080","2023-11-16",21,1315,2,"7-2113152","11/16/2023"
"1444","Russia","Russia","Unknown T-72","damaged","https://twitter.com/UAWeapons/status/1544068834604220417","2023-11-16",21,1316,2,"7-2113162","11/16/2023"
"1445","Russia","Russia","Unknown T-72","damaged","https://i.postimg.cc/y6rMNLPm/d13.jpg","2023-11-16",21,1317,2,"7-2113172","11/16/2023"
"1446","Russia","Russia","Unknown T-72","damaged","https://i.postimg.cc/Qt6bWPzx/2022-05-10-unk-t-72.jpg","2023-11-16",21,1318,2,"7-2113182","11/16/2023"
"1447","Russia","Russia","Unknown T-72","damaged","https://twitter.com/UAWeapons/status/1583472053293699072","2023-11-16",21,1319,2,"7-2113192","11/16/2023"
"1448","Russia","Russia","Unknown T-72","damaged","https://i.postimg.cc/50B79BK1/1046-unkn-t72-dam-15-05-23.jpg","2023-11-16",21,1320,2,"7-2113202","11/16/2023"
"1449","Russia","Russia","Unknown T-72","damaged","https://i.postimg.cc/8zSNkws4/1030-unkn-tank-aband.jpg","2023-11-16",21,1321,2,"7-2113212","11/16/2023"
"1450","Russia","Russia","Unknown T-72","abandoned","https://i.postimg.cc/8zSNkws4/1030-unkn-tank-aband.jpg","2023-11-16",21,1321,4,"7-2113214","11/16/2023"
"1451","Russia","Russia","Unknown T-72","abandoned","https://i.postimg.cc/d3xqShWY/1300-T-72-B-and-unkn-T72-destr-18-07-23.jpg","2023-11-16",21,391,4,"7-213914","11/16/2023"
"1452","Russia","Russia","Unknown T-72","damaged","https://i.postimg.cc/2Sr4scV3/1049-1x-destr-1x-aband-t72b-obr-2022-1x-unkn-t72-dam-aband-1x-bmp1-destr-2x-bmp2-destr.jpg","2023-11-16",21,603,2,"7-216032","11/16/2023"
"1453","Russia","Russia","Unknown T-72","abandoned","https://i.postimg.cc/2Sr4scV3/1049-1x-destr-1x-aband-t72b-obr-2022-1x-unkn-t72-dam-aband-1x-bmp1-destr-2x-bmp2-destr.jpg","2023-11-16",21,603,4,"7-216034","11/16/2023"
"1454","Russia","Russia","Unknown T-72","damaged","https://i.postimg.cc/R0R9P02N/1028-unkn-t72-dam-aband-19-10-23.jpg","2023-11-16",21,1322,2,"7-2113222","11/16/2023"
"1455","Russia","Russia","Unknown T-72","abandoned","https://i.postimg.cc/R0R9P02N/1028-unkn-t72-dam-aband-19-10-23.jpg","2023-11-16",21,1322,4,"7-2113224","11/16/2023"
"1456","Russia","Russia","Unknown T-72","abandoned","https://i.postimg.cc/8kynTp9c/1030-unkn-t72-and-MT-LB-with-ZU-23-aband-31-10-23.jpg","2023-11-16",21,1323,4,"7-2113234","11/16/2023"
"1457","Russia","Russia","Unknown T-72","damaged","https://i.postimg.cc/KcfDm7zq/1007-t72b3obr2016-destr-unkn-t72-dam-aband-02-11-23.jpg","2023-11-16",21,1324,2,"7-2113242","11/16/2023"
"1458","Russia","Russia","Unknown T-72","abandoned","https://i.postimg.cc/KcfDm7zq/1007-t72b3obr2016-destr-unkn-t72-dam-aband-02-11-23.jpg","2023-11-16",21,1324,4,"7-2113244","11/16/2023"
"1459","Russia","Russia","Unknown T-72","abandoned","https://i.postimg.cc/tCm7DKvx/1031-t80bv-aband-23-07-23.jpg","2023-11-16",21,1325,4,"7-2113254","11/16/2023"
"1460","Russia","Russia","Unknown T-72","captured","https://twitter.com/UAWeapons/status/1568899243397550080","2023-11-16",21,949,3,"7-219493","11/16/2023"
"1461","Russia","Russia","Unknown T-72","captured","https://twitter.com/UAWeapons/status/1569229402860552192","2023-11-16",21,1326,3,"7-2113263","11/16/2023"
"1462","Russia","Russia","Unknown T-72","captured","https://i.postimg.cc/FHnYXRgw/57j.jpg","2023-11-16",21,1327,3,"7-2113273","11/16/2023"
"1463","Russia","Soviet Union","2 T-80B","destroyed","https://i.postimg.cc/Z51H0NfQ/1041-t80b-destr-15-07-23.jpg","2023-11-16",22,1328,1,"7-2213281","11/16/2023"
"1464","Russia","Soviet Union","2 T-80B","damaged","https://i.postimg.cc/BQ0pVZmx/1031-t80b-dam-aband-02-11-23.jpg","2023-11-16",22,1329,2,"7-2213292","11/16/2023"
"1465","Russia","Soviet Union","2 T-80B","abandoned","https://i.postimg.cc/BQ0pVZmx/1031-t80b-dam-aband-02-11-23.jpg","2023-11-16",22,1329,4,"7-2213294","11/16/2023"
"1466","Russia","Soviet Union","T-80BV","destroyed","https://i.postimg.cc/fRTVS0Tt/7u5.png","2023-11-16",23,1330,1,"7-2313301","11/16/2023"
"1467","Russia","Soviet Union","T-80BV","destroyed","https://i.postimg.cc/rFQR8BVG/689.png","2023-11-16",23,1331,1,"7-2313311","11/16/2023"
"1468","Russia","Soviet Union","T-80BV","destroyed","https://i.postimg.cc/9fJ6B25d/ad22.jpg","2023-11-16",23,1332,1,"7-2313321","11/16/2023"
"1469","Russia","Soviet Union","T-80BV","destroyed","https://i.postimg.cc/rscpBPfc/1300-t80bv-destr-21-04-22.jpg","2023-11-16",23,1333,1,"7-2313331","11/16/2023"
"1470","Russia","Soviet Union","T-80BV","destroyed","https://postimg.cc/ftgJpyGm","2023-11-16",23,1334,1,"7-2313341","11/16/2023"
"1471","Russia","Soviet Union","T-80BV","destroyed","https://i.postimg.cc/tJG3GrcD/t4.png","2023-11-16",23,1335,1,"7-2313351","11/16/2023"
"1472","Russia","Soviet Union","T-80BV","destroyed","https://i.postimg.cc/c4Cb9Krn/1047-t80bv-destr-08-06-23.jpg","2023-11-16",23,1336,1,"7-2313361","11/16/2023"
"1473","Russia","Soviet Union","T-80BV","destroyed","https://i.postimg.cc/L8kbfyFJ/1003-t80bv-destr-06-01-23.jpg","2023-11-16",23,1337,1,"7-2313371","11/16/2023"
"1474","Russia","Soviet Union","T-80BV","destroyed","https://i.postimg.cc/kgPHB0zr/1004-t80bv-destr-06-01-23.jpg","2023-11-16",23,1338,1,"7-2313381","11/16/2023"
"1475","Russia","Soviet Union","T-80BV","destroyed","https://i.postimg.cc/027vTwP3/557.png","2023-11-16",23,1339,1,"7-2313391","11/16/2023"
"1476","Russia","Soviet Union","T-80BV","destroyed","https://twitter.com/UAWeapons/status/1532760462873571334","2023-11-16",23,1340,1,"7-2313401","11/16/2023"
"1477","Russia","Soviet Union","T-80BV","destroyed","https://i.postimg.cc/NMXy144j/5544.png","2023-11-16",23,1341,1,"7-2313411","11/16/2023"
"1478","Russia","Soviet Union","T-80BV","destroyed","https://i.postimg.cc/rs9rXqxF/8j0.png","2023-11-16",23,1342,1,"7-2313421","11/16/2023"
"1479","Russia","Soviet Union","T-80BV","destroyed","https://i.postimg.cc/2SGjFQ4b/665.jpg","2023-11-16",23,1343,1,"7-2313431","11/16/2023"
"1480","Russia","Soviet Union","T-80BV","destroyed","https://i.postimg.cc/15Wq7HV2/f3.jpg","2023-11-16",23,1344,1,"7-2313441","11/16/2023"
"1481","Russia","Soviet Union","T-80BV","destroyed","https://twitter.com/UAWeapons/status/1541017371116281856","2023-11-16",23,1345,1,"7-2313451","11/16/2023"
"1482","Russia","Soviet Union","T-80BV","destroyed","https://twitter.com/UAWeapons/status/1541418033574551553","2023-11-16",23,1346,1,"7-2313461","11/16/2023"
"1483","Russia","Soviet Union","T-80BV","destroyed","https://twitter.com/UAWeapons/status/1542871757719232512","2023-11-16",23,1347,1,"7-2313471","11/16/2023"
"1484","Russia","Soviet Union","T-80BV","destroyed","https://twitter.com/Orxan_012/status/1543299399861903361","2023-11-16",23,1348,1,"7-2313481","11/16/2023"
"1485","Russia","Soviet Union","T-80BV","destroyed","https://i.postimg.cc/YCQMHMpM/1011.jpg","2023-11-16",23,1349,1,"7-2313491","11/16/2023"
"1486","Russia","Soviet Union","T-80BV","destroyed","https://twitter.com/UAWeapons/status/1543924470162886659","2023-11-16",23,1350,1,"7-2313501","11/16/2023"
"1487","Russia","Soviet Union","T-80BV","destroyed","https://twitter.com/UAWeapons/status/1543985520300130305","2023-11-16",23,1351,1,"7-2313511","11/16/2023"
"1488","Russia","Soviet Union","T-80BV","destroyed","https://twitter.com/Blue_Sauron/status/1544253911238070273","2023-11-16",23,1352,1,"7-2313521","11/16/2023"
"1489","Russia","Soviet Union","T-80BV","destroyed","https://i.postimg.cc/yNvLh6T7/1000.jpg","2023-11-16",23,1353,1,"7-2313531","11/16/2023"
"1490","Russia","Soviet Union","T-80BV","destroyed","https://i.postimg.cc/1zv5f6Tg/1005.jpg","2023-11-16",23,1354,1,"7-2313541","11/16/2023"
"1491","Russia","Soviet Union","T-80BV","destroyed","https://i.postimg.cc/gk8cBKX8/1013-t80bv-destr-31-12-22.jpg","2023-11-16",23,1355,1,"7-2313551","11/16/2023"
"1492","Russia","Soviet Union","T-80BV","destroyed","https://i.postimg.cc/zf9CX1vj/1001.jpg","2023-11-16",23,1356,1,"7-2313561","11/16/2023"
"1493","Russia","Soviet Union","T-80BV","destroyed","https://i.postimg.cc/SxbmMZrB/442.png","2023-11-16",23,1357,1,"7-2313571","11/16/2023"
"1494","Russia","Soviet Union","T-80BV","destroyed","https://i.postimg.cc/HnFnDvJQ/3dgd.png","2023-11-16",23,1358,1,"7-2313581","11/16/2023"
"1495","Russia","Soviet Union","T-80BV","destroyed","https://i.postimg.cc/X78NgvLf/f44.png","2023-11-16",23,1359,1,"7-2313591","11/16/2023"
"1496","Russia","Soviet Union","T-80BV","destroyed","https://twitter.com/UAWeapons/status/1552668515819208705","2023-11-16",23,1360,1,"7-2313601","11/16/2023"
"1497","Russia","Soviet Union","T-80BV","destroyed","https://i.postimg.cc/WzB1j0sv/1000-t80bv.jpg","2023-11-16",23,1361,1,"7-2313611","11/16/2023"
"1498","Russia","Soviet Union","T-80BV","destroyed","https://twitter.com/UAWeapons/status/1556214456669052929","2023-11-16",23,1362,1,"7-2313621","11/16/2023"
"1499","Russia","Soviet Union","T-80BV","destroyed","https://twitter.com/UAWeapons/status/1553428936708837376","2023-11-16",23,1363,1,"7-2313631","11/16/2023"
"1500","Russia","Soviet Union","T-80BV","abandoned","https://i.postimg.cc/mgFJxNpD/544.png","2023-11-16",23,1364,4,"7-2313644","11/16/2023"
"1501","Russia","Soviet Union","T-80BV","destroyed","https://i.postimg.cc/mgFJxNpD/544.png","2023-11-16",23,1364,1,"7-2313641","11/16/2023"
"1502","Russia","Soviet Union","T-80BV","destroyed","https://i.postimg.cc/yxxfWpjK/6hp.png","2023-11-16",23,1365,1,"7-2313651","11/16/2023"
"1503","Russia","Soviet Union","T-80BV","destroyed","https://i.postimg.cc/HLByRhfp/1013-t80bv.jpg","2023-11-16",23,1366,1,"7-2313661","11/16/2023"
"1504","Russia","Soviet Union","T-80BV","destroyed","https://i.postimg.cc/nLyqDxjG/1009-t80bv.jpg","2023-11-16",23,1367,1,"7-2313671","11/16/2023"
"1505","Russia","Soviet Union","T-80BV","destroyed","https://twitter.com/UAWeapons/status/1565693493812527108","2023-11-16",23,1368,1,"7-2313681","11/16/2023"
"1506","Russia","Soviet Union","T-80BV","destroyed","https://twitter.com/UAWeapons/status/1565695602746396680","2023-11-16",23,1369,1,"7-2313691","11/16/2023"
"1507","Russia","Soviet Union","T-80BV","destroyed","https://i.postimg.cc/K8WGNKcq/1002-t80bv.jpg","2023-11-16",23,1370,1,"7-2313701","11/16/2023"
"1508","Russia","Soviet Union","T-80BV","destroyed","https://twitter.com/UAWeapons/status/1569405928914538496","2023-11-16",23,1371,1,"7-2313711","11/16/2023"
"1509","Russia","Soviet Union","T-80BV","destroyed","https://twitter.com/UAWeapons/status/1569426437119123458","2023-11-16",23,1372,1,"7-2313721","11/16/2023"
"1510","Russia","Soviet Union","T-80BV","destroyed","https://i.postimg.cc/hjBbwHmB/1013-t80bv.jpg","2023-11-16",23,1373,1,"7-2313731","11/16/2023"
"1511","Russia","Soviet Union","T-80BV","destroyed","https://i.postimg.cc/Kz8pyQgp/1006-t80bv-destr-12-11-23.jpg","2023-11-16",23,1374,1,"7-2313741","11/16/2023"
"1512","Russia","Soviet Union","T-80BV","destroyed","https://twitter.com/UAWeapons/status/1570481019035258886","2023-11-16",23,1375,1,"7-2313751","11/16/2023"
"1513","Russia","Soviet Union","T-80BV","destroyed","https://i.postimg.cc/63yvq1nG/2022-09-12-T-80-BV-2.png","2023-11-16",23,1376,1,"7-2313761","11/16/2023"
"1514","Russia","Soviet Union","T-80BV","destroyed","https://i.postimg.cc/Bn4PHv23/2022-09-12-T-80-BV.png","2023-11-16",23,1377,1,"7-2313771","11/16/2023"
"1515","Russia","Soviet Union","T-80BV","destroyed","https://twitter.com/UAWeapons/status/1572671983057510400","2023-11-16",23,1378,1,"7-2313781","11/16/2023"
"1516","Russia","Soviet Union","T-80BV","destroyed","https://i.postimg.cc/TYwjZjKp/1003-unkn-t80.jpg","2023-11-16",23,1379,1,"7-2313791","11/16/2023"
"1517","Russia","Soviet Union","T-80BV","destroyed","https://i.postimg.cc/mDtj58hB/1001-2x-unkn-tank-ural-destr.jpg","2023-11-16",23,1380,1,"7-2313801","11/16/2023"
"1518","Russia","Soviet Union","T-80BV","destroyed","https://i.postimg.cc/J0hML7Bw/1007-t80bv-destr.jpg","2023-11-16",23,1381,1,"7-2313811","11/16/2023"
"1519","Russia","Soviet Union","T-80BV","destroyed","https://twitter.com/UAWeapons/status/1573728155927470081","2023-11-16",23,1382,1,"7-2313821","11/16/2023"
"1520","Russia","Soviet Union","T-80BV","destroyed","https://postlmg.cc/MvGwf23c","2023-11-16",23,1383,1,"7-2313831","11/16/2023"
"1521","Russia","Soviet Union","T-80BV","destroyed","https://i.postimg.cc/MHLg2RnZ/2022-09-23-T-80-BV.jpg","2023-11-16",23,1384,1,"7-2313841","11/16/2023"
"1522","Russia","Soviet Union","T-80BV","destroyed","https://twitter.com/UAWeapons/status/1574862729478807561","2023-11-16",23,1385,1,"7-2313851","11/16/2023"
"1523","Russia","Soviet Union","T-80BV","destroyed","https://i.postimg.cc/W4Gxns5H/T-80-BV-Kamyanka.png","2023-11-16",23,1386,1,"7-2313861","11/16/2023"
"1524","Russia","Soviet Union","T-80BV","destroyed","https://i.postimg.cc/9QYzgmdq/T-80-BV-number-2-Izium.png","2023-11-16",23,1387,1,"7-2313871","11/16/2023"
"1525","Russia","Soviet Union","T-80BV","destroyed","https://i.postimg.cc/tR199pHX/2022-10-02-T-80-BV-x2.jpg","2023-11-16",23,1388,1,"7-2313881","11/16/2023"
"1526","Russia","Soviet Union","T-80BV","destroyed","https://i.postimg.cc/XvQhBBK6/1034-t80bv-destr.jpg","2023-11-16",23,1389,1,"7-2313891","11/16/2023"
"1527","Russia","Soviet Union","T-80BV","destroyed","https://i.postimg.cc/rshn7LQf/1006-t80bv-destr.jpg","2023-11-16",23,1390,1,"7-2313901","11/16/2023"
"1528","Russia","Soviet Union","T-80BV","destroyed","https://i.postimg.cc/2694zrQG/T-80-BV-destr.png","2023-11-16",23,1391,1,"7-2313911","11/16/2023"
"1529","Russia","Soviet Union","T-80BV","destroyed","https://i.postimg.cc/7Y8NbYvt/T-80-BV-2-destr.png","2023-11-16",23,1392,1,"7-2313921","11/16/2023"
"1530","Russia","Soviet Union","T-80BV","destroyed","https://i.postimg.cc/FKBXkjKt/1019-t80bv-destr.jpg","2023-11-16",23,1393,1,"7-2313931","11/16/2023"
"1531","Russia","Soviet Union","T-80BV","destroyed","https://i.postimg.cc/j2dHxXd0/2022-06-29-t-80bv.jpg","2023-11-16",23,1394,1,"7-2313941","11/16/2023"
"1532","Russia","Soviet Union","T-80BV","destroyed","https://twitter.com/UAWeapons/status/1581946609654730752","2023-11-16",23,1395,1,"7-2313951","11/16/2023"
"1533","Russia","Soviet Union","T-80BV","destroyed","https://i.postimg.cc/hGnXJwZ9/1041-t80bv-destr-30-11-22.jpg","2023-11-16",23,1396,1,"7-2313961","11/16/2023"
"1534","Russia","Soviet Union","T-80BV","destroyed","https://twitter.com/UAWeapons/status/1583087366918770688","2023-11-16",23,1397,1,"7-2313971","11/16/2023"
"1535","Russia","Soviet Union","T-80BV","destroyed","https://i.postimg.cc/6q4YFRmV/1010-t80bv-destr.jpg","2023-11-16",23,1398,1,"7-2313981","11/16/2023"
"1536","Russia","Soviet Union","T-80BV","destroyed","https://i.postimg.cc/ZRnJ89CC/1001-t80bv-destr.jpg","2023-11-16",23,1399,1,"7-2313991","11/16/2023"
"1537","Russia","Soviet Union","T-80BV","destroyed","https://twitter.com/UAWeapons/status/1586431172674027521","2023-11-16",23,1400,1,"7-2314001","11/16/2023"
"1538","Russia","Soviet Union","T-80BV","destroyed","https://twitter.com/UAWeapons/status/1587093662290395142","2023-11-16",23,1401,1,"7-2314011","11/16/2023"
"1539","Russia","Soviet Union","T-80BV","destroyed","https://i.postimg.cc/wvZ3tPpJ/1030-btr82a-dam-aband-and-t80bv-destr.jpg","2023-11-16",23,1402,1,"7-2314021","11/16/2023"
"1540","Russia","Soviet Union","T-80BV","destroyed","https://twitter.com/UAWeapons/status/1588434914256781313","2023-11-16",23,1403,1,"7-2314031","11/16/2023"
"1541","Russia","Soviet Union","T-80BV","destroyed","https://twitter.com/UAWeapons/status/1589610994602426370","2023-11-16",23,1404,1,"7-2314041","11/16/2023"
"1542","Russia","Soviet Union","T-80BV","destroyed","https://twitter.com/UAWeapons/status/1589246896597774344","2023-11-16",23,1405,1,"7-2314051","11/16/2023"
"1543","Russia","Soviet Union","T-80BV","destroyed","https://twitter.com/UAWeapons/status/1589899337609248768","2023-11-16",23,1406,1,"7-2314061","11/16/2023"
"1544","Russia","Soviet Union","T-80BV","destroyed","https://twitter.com/UAWeapons/status/1590446219884576768","2023-11-16",23,1407,1,"7-2314071","11/16/2023"
"1545","Russia","Soviet Union","T-80BV","destroyed","https://twitter.com/UAWeapons/status/1591128135848058881","2023-11-16",23,1408,1,"7-2314081","11/16/2023"
"1546","Russia","Soviet Union","T-80BV","destroyed","https://i.postimg.cc/C52pZnq6/4h.png","2023-11-16",23,1409,1,"7-2314091","11/16/2023"
"1547","Russia","Soviet Union","T-80BV","destroyed","https://twitter.com/UAWeapons/status/1591364069445218305","2023-11-16",23,1410,1,"7-2314101","11/16/2023"
"1548","Russia","Soviet Union","T-80BV","destroyed","https://twitter.com/UAWeapons/status/1613197785104543745","2023-11-16",23,1411,1,"7-2314111","11/16/2023"
"1549","Russia","Soviet Union","T-80BV","destroyed","https://i.postimg.cc/6qf3g23C/1003-t80bv-destr.jpg","2023-11-16",23,1412,1,"7-2314121","11/16/2023"
"1550","Russia","Soviet Union","T-80BV","destroyed","https://twitter.com/UAWeapons/status/1595473890196815876","2023-11-16",23,1413,1,"7-2314131","11/16/2023"
"1551","Russia","Soviet Union","T-80BV","destroyed","https://i.postimg.cc/c46yRRsY/1002-t80bv-destr.jpg","2023-11-16",23,1414,1,"7-2314141","11/16/2023"
"1552","Russia","Soviet Union","T-80BV","destroyed","https://i.postimg.cc/QdxytfkB/1010-t80bv-destr.jpg","2023-11-16",23,1415,1,"7-2314151","11/16/2023"
"1553","Russia","Soviet Union","T-80BV","destroyed","https://i.postimg.cc/j2RgnKgg/1003-t80bv-destr.jpg","2023-11-16",23,1416,1,"7-2314161","11/16/2023"
"1554","Russia","Soviet Union","T-80BV","destroyed","https://i.postimg.cc/tRzZWT2h/1000-t80bv-destr.png","2023-11-16",23,1417,1,"7-2314171","11/16/2023"
"1555","Russia","Soviet Union","T-80BV","destroyed","https://twitter.com/UAWeapons/status/1600192977904619520","2023-11-16",23,1418,1,"7-2314181","11/16/2023"
"1556","Russia","Soviet Union","T-80BV","destroyed","https://twitter.com/UAWeapons/status/1601187630577688578","2023-11-16",23,1419,1,"7-2314191","11/16/2023"
"1557","Russia","Soviet Union","T-80BV","destroyed","https://twitter.com/UAWeapons/status/1601195547729473536","2023-11-16",23,1420,1,"7-2314201","11/16/2023"
"1558","Russia","Soviet Union","T-80BV","destroyed","https://twitter.com/UAWeapons/status/1601957647695183878","2023-11-16",23,1421,1,"7-2314211","11/16/2023"
"1559","Russia","Soviet Union","T-80BV","destroyed","https://i.postimg.cc/BZBrPxfF/230.png","2023-11-16",23,1422,1,"7-2314221","11/16/2023"
"1560","Russia","Soviet Union","T-80BV","destroyed","https://i.postimg.cc/d1t8HPDw/487.png","2023-11-16",23,1423,1,"7-2314231","11/16/2023"
"1561","Russia","Soviet Union","T-80BV","destroyed","https://twitter.com/UAWeapons/status/1604167651902758912","2023-11-16",23,1424,1,"7-2314241","11/16/2023"
"1562","Russia","Soviet Union","T-80BV","destroyed","https://i.postimg.cc/yNRtQ6dB/1002-t80bv-destr-10-01-23.jpg","2023-11-16",23,1425,1,"7-2314251","11/16/2023"
"1563","Russia","Soviet Union","T-80BV","destroyed","https://i.postimg.cc/GtvS0FPG/1011-bmp3-destr.jpg","2023-11-16",23,1426,1,"7-2314261","11/16/2023"
"1564","Russia","Soviet Union","T-80BV","destroyed","https://twitter.com/UAWeapons/status/1618686362693279744","2023-11-16",23,789,1,"7-237891","11/16/2023"
"1565","Russia","Soviet Union","T-80BV","destroyed","https://i.postimg.cc/5tZ6BYgb/1003-t80bv-and-btr80-destr-24-01-23.jpg","2023-11-16",23,1427,1,"7-2314271","11/16/2023"
"1566","Russia","Soviet Union","T-80BV","destroyed","https://i.postimg.cc/RZ2MyrHT/1011-2x-t80bv-destr-28-01-23.jpg","2023-11-16",23,1428,1,"7-2314281","11/16/2023"
"1567","Russia","Soviet Union","T-80BV","destroyed","https://twitter.com/UAWeapons/status/1619780030275674112","2023-11-16",23,1429,1,"7-2314291","11/16/2023"
"1568","Russia","Soviet Union","T-80BV","destroyed","https://twitter.com/UAWeapons/status/1622936279225712642","2023-11-16",23,1430,1,"7-2314301","11/16/2023"
"1569","Russia","Soviet Union","T-80BV","destroyed","https://i.postimg.cc/nLjTbKCt/1015-t80bv-destr-31-01-23.jpg","2023-11-16",23,1431,1,"7-2314311","11/16/2023"
"1570","Russia","Soviet Union","T-80BV","destroyed","https://i.postimg.cc/t4ft51Dv/1020-t80bv-destr-06-02-23.jpg","2023-11-16",23,1432,1,"7-2314321","11/16/2023"
"1571","Russia","Soviet Union","T-80BV","destroyed","https://i.postimg.cc/VLqTmdmw/1001-t80bv-destr-10-02-23.jpg","2023-11-16",23,1433,1,"7-2314331","11/16/2023"
"1572","Russia","Soviet Union","T-80BV","destroyed","https://i.postimg.cc/VNJnnktx/1330-umkn-tank-destr-08-02-23.jpg","2023-11-16",23,1434,1,"7-2314341","11/16/2023"
"1573","Russia","Soviet Union","T-80BV","destroyed","https://i.postimg.cc/GpCkZD1w/1017-t80bv-destr-14-02-23.jpg","2023-11-16",23,1435,1,"7-2314351","11/16/2023"
"1574","Russia","Soviet Union","T-80BV","destroyed","https://twitter.com/UAWeapons/status/1626600071310774275","2023-11-16",23,1436,1,"7-2314361","11/16/2023"
"1575","Russia","Soviet Union","T-80BV","destroyed","https://twitter.com/UAWeapons/status/1626665664172773376","2023-11-16",23,800,1,"7-238001","11/16/2023"
"1576","Russia","Soviet Union","T-80BV","destroyed","https://i.postimg.cc/jSJSSMR2/1007-t80bv-destr-16-02-23.jpg","2023-11-16",23,1437,1,"7-2314371","11/16/2023"
"1577","Russia","Soviet Union","T-80BV","destroyed","https://i.postimg.cc/R05V6w0R/1031-t80bv-destr-17-02-23.jpg","2023-11-16",23,1438,1,"7-2314381","11/16/2023"
"1578","Russia","Soviet Union","T-80BV","destroyed","https://i.postimg.cc/y6tsgq06/1015-t80bv-destr-15-02-23.jpg","2023-11-16",23,1439,1,"7-2314391","11/16/2023"
"1579","Russia","Soviet Union","T-80BV","destroyed","https://i.postimg.cc/9Qg2PRT1/1002-T80-BV-destr-2x-bmp1-dam-aband-23-02-23.jpg","2023-11-16",23,1440,1,"7-2314401","11/16/2023"
"1580","Russia","Soviet Union","T-80BV","destroyed","https://i.postimg.cc/X7pcrKN6/1015-t80bv-destr-23-02-23.jpg","2023-11-16",23,1441,1,"7-2314411","11/16/2023"
"1581","Russia","Soviet Union","T-80BV","destroyed","https://i.postimg.cc/3xdJ0fDq/1022-t80bv-destr-23-02-23.jpg","2023-11-16",23,1442,1,"7-2314421","11/16/2023"
"1582","Russia","Soviet Union","T-80BV","destroyed","https://i.postimg.cc/j5QsYGGD/1036-t80bv-destr-03-03-23.jpg","2023-11-16",23,1443,1,"7-2314431","11/16/2023"
"1583","Russia","Soviet Union","T-80BV","destroyed","https://twitter.com/UAWeapons/status/1632009594804240384","2023-11-16",23,1444,1,"7-2314441","11/16/2023"
"1584","Russia","Soviet Union","T-80BV","destroyed","https://twitter.com/UAWeapons/status/1632679147242659840","2023-11-16",23,1445,1,"7-2314451","11/16/2023"
"1585","Russia","Soviet Union","T-80BV","destroyed","https://twitter.com/UAWeapons/status/1630135537750142977","2023-11-16",23,1446,1,"7-2314461","11/16/2023"
"1586","Russia","Soviet Union","T-80BV","destroyed","https://i.postimg.cc/q7736RZZ/1001-t80bv-destr-03-03-23.jpg","2023-11-16",23,1447,1,"7-2314471","11/16/2023"
"1587","Russia","Soviet Union","T-80BV","destroyed","https://i.postimg.cc/Pxgp7MfB/1023-t80bv-destr-03-03-23.jpg","2023-11-16",23,1448,1,"7-2314481","11/16/2023"
"1588","Russia","Soviet Union","T-80BV","destroyed","https://i.postimg.cc/ZKhvFjMN/1027-t80bv-destr-22-02-23.jpg","2023-11-16",23,1449,1,"7-2314491","11/16/2023"
"1589","Russia","Soviet Union","T-80BV","destroyed","https://i.postimg.cc/KzwxhNcm/1300-t80bv-destr-06-03-23.jpg","2023-11-16",23,1450,1,"7-2314501","11/16/2023"
"1590","Russia","Soviet Union","T-80BV","destroyed","https://i.postimg.cc/tTpxwwNG/1016-t80bv-destr-06-03-23.jpg","2023-11-16",23,1451,1,"7-2314511","11/16/2023"
"1591","Russia","Soviet Union","T-80BV","destroyed","https://i.postimg.cc/g28BgT1c/1002-t80bv-destr-15-03-23.jpg","2023-11-16",23,1452,1,"7-2314521","11/16/2023"
"1592","Russia","Soviet Union","T-80BV","destroyed","https://i.postimg.cc/K89P5Dcc/1033t80bv-destr-13-03-23.jpg","2023-11-16",23,1453,1,"7-2314531","11/16/2023"
"1593","Russia","Soviet Union","T-80BV","destroyed","https://i.postimg.cc/Pq4Vc0N8/1030-t80bv-destr-11-11-23.jpg","2023-11-16",23,1454,1,"7-2314541","11/16/2023"
"1594","Russia","Soviet Union","T-80BV","destroyed","https://i.postimg.cc/5N51zR0K/1030-t80bv-destr-08-10-23.jpg","2023-11-16",23,1455,1,"7-2314551","11/16/2023"
"1595","Russia","Soviet Union","T-80BV","destroyed","https://i.postimg.cc/GhgZdFZK/1042-t80bv-destr-08-06-23.jpg","2023-11-16",23,1456,1,"7-2314561","11/16/2023"
"1596","Russia","Soviet Union","T-80BV","destroyed","https://i.postimg.cc/XY9PknzS/f5.png","2023-11-16",23,1457,1,"7-2314571","11/16/2023"
"1597","Russia","Soviet Union","T-80BV","destroyed","https://i.postimg.cc/VspsCwBh/1500-t80bv-destr-03-08-23.jpg","2023-11-16",23,1458,1,"7-2314581","11/16/2023"
"1598","Russia","Soviet Union","T-80BV","destroyed","https://i.postimg.cc/k5dG5xH3/551.png","2023-11-16",23,1459,1,"7-2314591","11/16/2023"
"1599","Russia","Soviet Union","T-80BV","destroyed","https://i.postimg.cc/63WMmpNF/542.png","2023-11-16",23,1460,1,"7-2314601","11/16/2023"
"1600","Russia","Soviet Union","T-80BV","destroyed","https://i.postimg.cc/VvK9bzm2/54g9.png","2023-11-16",23,1461,1,"7-2314611","11/16/2023"
"1601","Russia","Soviet Union","T-80BV","destroyed","https://i.postimg.cc/0jBSFMV0/1011-t80bv-destr-24-03-23.jpg","2023-11-16",23,1462,1,"7-2314621","11/16/2023"
"1602","Russia","Soviet Union","T-80BV","destroyed","https://twitter.com/UAWeapons/status/1642557163422769159","2023-11-16",23,1463,1,"7-2314631","11/16/2023"
"1603","Russia","Soviet Union","T-80BV","destroyed","https://i.postimg.cc/GmJJD352/76g.png","2023-11-16",23,1464,1,"7-2314641","11/16/2023"
"1604","Russia","Soviet Union","T-80BV","destroyed","https://i.postimg.cc/yx880ybR/7776.png","2023-11-16",23,1465,1,"7-2314651","11/16/2023"
"1605","Russia","Soviet Union","T-80BV","destroyed","https://twitter.com/UAWeapons/status/1646483435274240006","2023-11-16",23,1466,1,"7-2314661","11/16/2023"
"1606","Russia","Soviet Union","T-80BV","destroyed","https://i.postimg.cc/hPpkRhnN/3d.png","2023-11-16",23,1467,1,"7-2314671","11/16/2023"
"1607","Russia","Soviet Union","T-80BV","destroyed","https://i.postimg.cc/j5r4SZP9/1010-t72bobr2022-destr-02-11-23.jpg","2023-11-16",23,1468,1,"7-2314681","11/16/2023"
"1608","Russia","Soviet Union","T-80BV","destroyed","https://i.postimg.cc/WzrGF7G3/6652.png","2023-11-16",23,1469,1,"7-2314691","11/16/2023"
"1609","Russia","Soviet Union","T-80BV","destroyed","https://i.postimg.cc/2S2jvPs2/1027-t80bv-destr-15-05-23.jpg","2023-11-16",23,1470,1,"7-2314701","11/16/2023"
"1610","Russia","Soviet Union","T-80BV","destroyed","https://twitter.com/PaulJawin/status/1650261723394211840","2023-11-16",23,1471,1,"7-2314711","11/16/2023"
"1611","Russia","Soviet Union","T-80BV","destroyed","https://twitter.com/UAWeapons/status/1651964737742163969","2023-11-16",23,176,1,"7-231761","11/16/2023"
"1612","Russia","Soviet Union","T-80BV","destroyed","https://i.postimg.cc/13nhBnZG/1052-t80bv-destr-29-04-23.jpg","2023-11-16",23,1472,1,"7-2314721","11/16/2023"
"1613","Russia","Soviet Union","T-80BV","destroyed","https://i.postimg.cc/GhyCWKZ0/1030-t80bv-destr-19-10-23.jpg","2023-11-16",23,1473,1,"7-2314731","11/16/2023"
"1614","Russia","Soviet Union","T-80BV","destroyed","https://twitter.com/UAWeapons/status/1653382134780813313","2023-11-16",23,1474,1,"7-2314741","11/16/2023"
"1615","Russia","Soviet Union","T-80BV","destroyed","https://i.postimg.cc/TYZn28gB/1022-t80bv-destr-27-04-23.jpg","2023-11-16",23,1475,1,"7-2314751","11/16/2023"
"1616","Russia","Soviet Union","T-80BV","destroyed","https://i.postimg.cc/9fjCQ39Q/1005-t80bv-destr-05-05-23.jpg","2023-11-16",23,1476,1,"7-2314761","11/16/2023"
"1617","Russia","Soviet Union","T-80BV","destroyed","https://twitter.com/RALee85/status/1658396821243215873","2023-11-16",23,1477,1,"7-2314771","11/16/2023"
"1618","Russia","Soviet Union","T-80BV","destroyed","https://i.postimg.cc/MGcgwj8K/1030-t80bv-destr-12-05-23.jpg","2023-11-16",23,1478,1,"7-2314781","11/16/2023"
"1619","Russia","Soviet Union","T-80BV","destroyed","https://twitter.com/UAWeapons/status/1660286197497753600","2023-11-16",23,1479,1,"7-2314791","11/16/2023"
"1620","Russia","Soviet Union","T-80BV","destroyed","https://i.postimg.cc/Wpx8SkM9/1013-BMP-2-two-MT-LBs-and-T-80-BV-destr-23-05-23.jpg","2023-11-16",23,1480,1,"7-2314801","11/16/2023"
"1621","Russia","Soviet Union","T-80BV","destroyed","https://i.postimg.cc/rF2pLGGC/1007-t80bv-destr-01-05-23.jpg","2023-11-16",23,1481,1,"7-2314811","11/16/2023"
"1622","Russia","Soviet Union","T-80BV","destroyed","https://i.postimg.cc/d1Dg5dTw/1006-t80bv-destr-14-06-23.jpg","2023-11-16",23,1482,1,"7-2314821","11/16/2023"
"1623","Russia","Soviet Union","T-80BV","destroyed","https://i.postimg.cc/mgwqRVYT/1013-t80bv-destr-15-06-23.jpg","2023-11-16",23,1483,1,"7-2314831","11/16/2023"
"1624","Russia","Soviet Union","T-80BV","destroyed","https://i.postimg.cc/8Pn0fdjG/1005-2x-t80bv-dam-aband-24-05-23.jpg","2023-11-16",23,1484,1,"7-2314841","11/16/2023"
"1625","Russia","Soviet Union","T-80BV","destroyed","https://i.postimg.cc/wxyC45Kt/1002-t80bv-destr-21-04-23.jpg","2023-11-16",23,1485,1,"7-2314851","11/16/2023"
"1626","Russia","Soviet Union","T-80BV","destroyed","https://i.postimg.cc/QxcRhXdh/1003-t80bv-destr-21-04-23.jpg","2023-11-16",23,1486,1,"7-2314861","11/16/2023"
"1627","Russia","Soviet Union","T-80BV","destroyed","https://i.postimg.cc/3rsPsy7t/1004-t80bv-destr-21-04-23.jpg","2023-11-16",23,1487,1,"7-2314871","11/16/2023"
"1628","Russia","Soviet Union","T-80BV","destroyed","https://i.postimg.cc/4dRDjXrT/1027-t80bv-destr-04-06-23.jpg","2023-11-16",23,1488,1,"7-2314881","11/16/2023"
"1629","Russia","Soviet Union","T-80BV","destroyed","https://i.postimg.cc/vTr4LfXm/1004-t80bv-destr-10-06-23.jpg","2023-11-16",23,1489,1,"7-2314891","11/16/2023"
"1630","Russia","Soviet Union","T-80BV","destroyed","https://i.postimg.cc/52NXLHzx/1024-t80bv-destr-09-06-23.jpg","2023-11-16",23,1490,1,"7-2314901","11/16/2023"
"1631","Russia","Soviet Union","T-80BV","destroyed","https://twitter.com/UAWeapons/status/1668612403058311171","2023-11-16",23,1491,1,"7-2314911","11/16/2023"
"1632","Russia","Soviet Union","T-80BV","destroyed","https://i.postimg.cc/SKGYtrJy/1031-t80bv-destr-12-06-23.jpg","2023-11-16",23,1492,1,"7-2314921","11/16/2023"
"1633","Russia","Soviet Union","T-80BV","destroyed","https://i.postimg.cc/DzpM4ZpD/1001-t80bv-destr-13-06-23.jpg","2023-11-16",23,1493,1,"7-2314931","11/16/2023"
"1634","Russia","Soviet Union","T-80BV","destroyed","https://i.postimg.cc/V6Tpp6jM/1005-t80bv-destr-14-06-23.jpg","2023-11-16",23,1494,1,"7-2314941","11/16/2023"
"1635","Russia","Soviet Union","T-80BV","destroyed","https://i.postimg.cc/BbZMFjw1/1048-t80bv-destr-21-06-23.jpg","2023-11-16",23,1495,1,"7-2314951","11/16/2023"
"1636","Russia","Soviet Union","T-80BV","destroyed","https://i.postimg.cc/YScR3ns7/1044-t80bv-destr-21-06-23.jpg","2023-11-16",23,1496,1,"7-2314961","11/16/2023"
"1637","Russia","Soviet Union","T-80BV","destroyed","https://i.postimg.cc/qv3wyNWp/1012-t80bv-destr-23-06-23.jpg","2023-11-16",23,1497,1,"7-2314971","11/16/2023"
"1638","Russia","Soviet Union","T-80BV","destroyed","https://i.postimg.cc/sXWJpN98/1003-T-80-BV-destr-21-06-23.jpg","2023-11-16",23,1498,1,"7-2314981","11/16/2023"
"1639","Russia","Soviet Union","T-80BV","destroyed","https://i.postimg.cc/3xL97pxL/1004-t80bv-destr-21-06-23.jpg","2023-11-16",23,1499,1,"7-2314991","11/16/2023"
"1640","Russia","Soviet Union","T-80BV","destroyed","https://i.postimg.cc/VvBBh0hW/1032-t80bv-destr-18-06-23.jpg","2023-11-16",23,1500,1,"7-2315001","11/16/2023"
"1641","Russia","Soviet Union","T-80BV","destroyed","https://i.postimg.cc/FFjZzwKk/1033-t80bv-destr-18-06-23.jpg","2023-11-16",23,1501,1,"7-2315011","11/16/2023"
"1642","Russia","Soviet Union","T-80BV","destroyed","https://i.postimg.cc/529pZpbY/1036-t80bv-destr-17-06-23.jpg","2023-11-16",23,1502,1,"7-2315021","11/16/2023"
"1643","Russia","Soviet Union","T-80BV","destroyed","https://twitter.com/UAWeapons/status/1674481857386168320","2023-11-16",23,1503,1,"7-2315031","11/16/2023"
"1644","Russia","Soviet Union","T-80BV","destroyed","https://i.postimg.cc/zvDNLfY8/1013-t80bv-destr-25-08-23.jpg","2023-11-16",23,1504,1,"7-2315041","11/16/2023"
"1645","Russia","Soviet Union","T-80BV","destroyed","https://i.postimg.cc/yxKnSxLL/1010-2x-t80bv-destr-29-06-23.jpg","2023-11-16",23,1505,1,"7-2315051","11/16/2023"
"1646","Russia","Soviet Union","T-80BV","destroyed","https://i.postimg.cc/3JJFMPV0/1005-t80bv-destr-29-06-23.jpg","2023-11-16",23,1506,1,"7-2315061","11/16/2023"
"1647","Russia","Soviet Union","T-80BV","destroyed","https://i.postimg.cc/htCJKKPd/1032-t80bv-destr-29-06-23.jpg","2023-11-16",23,1507,1,"7-2315071","11/16/2023"
"1648","Russia","Soviet Union","T-80BV","destroyed","https://i.postimg.cc/wBT6N8pq/1019-t80bv-destr-02-07-23.jpg","2023-11-16",23,1508,1,"7-2315081","11/16/2023"
"1649","Russia","Soviet Union","T-80BV","destroyed","https://twitter.com/naalsio26/status/1676373218846711808","2023-11-16",23,1509,1,"7-2315091","11/16/2023"
"1650","Russia","Soviet Union","T-80BV","destroyed","https://i.postimg.cc/tT4Nhk4k/1017-t80bv-destr-05-07-23.jpg","2023-11-16",23,1510,1,"7-2315101","11/16/2023"
"1651","Russia","Soviet Union","T-80BV","destroyed","https://i.postimg.cc/wjkM8LWG/1006-T80bv-destr-07-07-23.jpg","2023-11-16",23,1511,1,"7-2315111","11/16/2023"
"1652","Russia","Soviet Union","T-80BV","destroyed","https://i.postimg.cc/BQHtpd2s/1009-T80bv-destr-07-07-23.jpg","2023-11-16",23,1512,1,"7-2315121","11/16/2023"
"1653","Russia","Soviet Union","T-80BV","destroyed","https://i.postimg.cc/g0GZfwPm/1001-t80bv-destr-09-07-23.jpg","2023-11-16",23,1513,1,"7-2315131","11/16/2023"
"1654","Russia","Soviet Union","T-80BV","destroyed","https://i.postimg.cc/6Q0TvqCj/1007-t80bv-destr-08-07-23.jpg","2023-11-16",23,1514,1,"7-2315141","11/16/2023"
"1655","Russia","Soviet Union","T-80BV","destroyed","https://i.postimg.cc/dQTfRkVR/1023-t80bv-destr-28-02-23.jpg","2023-11-16",23,1515,1,"7-2315151","11/16/2023"
"1656","Russia","Soviet Union","T-80BV","destroyed","https://i.postimg.cc/pdTGmySF/1042-2x-t80bv-destr-18-03-23.jpg","2023-11-16",23,1516,1,"7-2315161","11/16/2023"
"1657","Russia","Soviet Union","T-80BV","destroyed","https://i.postimg.cc/qRTQ6DHd/1300-t80bv-destr-29-06-23.jpg","2023-11-16",23,1517,1,"7-2315171","11/16/2023"
"1658","Russia","Soviet Union","T-80BV","destroyed","https://i.postimg.cc/T1vZbjyq/1003-t80bv-destr-11-07-23.jpg","2023-11-16",23,1518,1,"7-2315181","11/16/2023"
"1659","Russia","Soviet Union","T-80BV","destroyed","https://i.postimg.cc/SNDvQbGG/1005-t80bv-destr-11-07-23.jpg","2023-11-16",23,1519,1,"7-2315191","11/16/2023"
"1660","Russia","Soviet Union","T-80BV","destroyed","https://i.postimg.cc/52yk6K7W/1014-t80bv-destr-18-04-23.jpg","2023-11-16",23,1520,1,"7-2315201","11/16/2023"
"1661","Russia","Soviet Union","T-80BV","destroyed","https://i.postimg.cc/133gN2NB/1008-t80bv-destr-05-07-23.jpg","2023-11-16",23,1521,1,"7-2315211","11/16/2023"
"1662","Russia","Soviet Union","T-80BV","destroyed","https://twitter.com/UAWeapons/status/1645700390283796480","2023-11-16",23,1522,1,"7-2315221","11/16/2023"
"1663","Russia","Soviet Union","T-80BV","destroyed","https://i.postimg.cc/sXCTHW7W/1033-t80bv-destr-15-07-23.jpg","2023-11-16",23,1523,1,"7-2315231","11/16/2023"
"1664","Russia","Soviet Union","T-80BV","destroyed","https://i.postimg.cc/Ssgx4x7m/1000-t80bv-destr-16-07-23.jpg","2023-11-16",23,1524,1,"7-2315241","11/16/2023"
"1665","Russia","Soviet Union","T-80BV","destroyed","https://twitter.com/UAWeapons/status/1681577857665966081","2023-11-16",23,1525,1,"7-2315251","11/16/2023"
"1666","Russia","Soviet Union","T-80BV","destroyed","https://i.postimg.cc/V63qgnGn/1005-T-80-BV-destr-20-07-23.jpg","2023-11-16",23,1526,1,"7-2315261","11/16/2023"
"1667","Russia","Soviet Union","T-80BV","destroyed","https://i.postimg.cc/Ls838HgY/1006-T-80-BV-destr-20-07-23.jpg","2023-11-16",23,1527,1,"7-2315271","11/16/2023"
"1668","Russia","Soviet Union","T-80BV","destroyed","https://i.postimg.cc/fTYKHqhL/1034-t80bv-destr-30-06-23.jpg","2023-11-16",23,1528,1,"7-2315281","11/16/2023"
"1669","Russia","Soviet Union","T-80BV","destroyed","https://i.postimg.cc/kXNQNVxR/1035-t80bv-destr-04-06-23.jpg","2023-11-16",23,1529,1,"7-2315291","11/16/2023"
"1670","Russia","Soviet Union","T-80BV","destroyed","https://i.postimg.cc/zG0TM92J/1037-t80bv-destr-21-07-23.jpg","2023-11-16",23,1530,1,"7-2315301","11/16/2023"
"1671","Russia","Soviet Union","T-80BV","destroyed","https://i.postimg.cc/VvwM0wYZ/1300-t80bv-destr.jpg","2023-11-16",23,1531,1,"7-2315311","11/16/2023"
"1672","Russia","Soviet Union","T-80BV","destroyed","https://i.postimg.cc/G3kYSs4y/1014-T-80-BV-destr-16-07-23.jpg","2023-11-16",23,1532,1,"7-2315321","11/16/2023"
"1673","Russia","Soviet Union","T-80BV","destroyed","https://i.postimg.cc/hP2XH8cf/1028-t80bv-destr-22-07-23.jpg","2023-11-16",23,1533,1,"7-2315331","11/16/2023"
"1674","Russia","Soviet Union","T-80BV","destroyed","https://i.postimg.cc/kXLjJRgQ/1009-t80bv-destr-24-07-23.jpg","2023-11-16",23,1534,1,"7-2315341","11/16/2023"
"1675","Russia","Soviet Union","T-80BV","destroyed","https://i.postimg.cc/RFNVdjt3/1000-t80bv-destr-22-05-23.jpg","2023-11-16",23,1535,1,"7-2315351","11/16/2023"
"1676","Russia","Soviet Union","T-80BV","destroyed","https://i.postimg.cc/Gh0hPgm2/1007-t80bv-destr-24-07-23.jpg","2023-11-16",23,1536,1,"7-2315361","11/16/2023"
"1677","Russia","Soviet Union","T-80BV","destroyed","https://twitter.com/UAWeapons/status/1684161700113838081","2023-11-16",23,1537,1,"7-2315371","11/16/2023"
"1678","Russia","Soviet Union","T-80BV","destroyed","https://i.postimg.cc/bJy9HXCB/1012-t80bv-destr-26-07-23.jpg","2023-11-16",23,1538,1,"7-2315381","11/16/2023"
"1679","Russia","Soviet Union","T-80BV","destroyed","https://i.postimg.cc/fR5TWVYs/1300-t72b3-and-t80bv-13-06-23.jpg","2023-11-16",23,1539,1,"7-2315391","11/16/2023"
"1680","Russia","Soviet Union","T-80BV","destroyed","https://i.postimg.cc/yd4GwPW8/1003-t80bv-destr-19-07-23.jpg","2023-11-16",23,1540,1,"7-2315401","11/16/2023"
"1681","Russia","Soviet Union","T-80BV","destroyed","https://i.postimg.cc/rptbnbVH/1007-t80bv-destr-28-02-23.jpg","2023-11-16",23,1541,1,"7-2315411","11/16/2023"
"1682","Russia","Soviet Union","T-80BV","destroyed","https://i.postimg.cc/vHHKFD8f/1009-t80bv-destr-28-07-23.jpg","2023-11-16",23,1542,1,"7-2315421","11/16/2023"
"1683","Russia","Soviet Union","T-80BV","destroyed","https://i.postimg.cc/T2b9jrgh/1000-t80bv-destr-30-06-23.jpg","2023-11-16",23,1543,1,"7-2315431","11/16/2023"
"1684","Russia","Soviet Union","T-80BV","destroyed","https://twitter.com/UAWeapons/status/1687121077107884032","2023-11-16",23,1544,1,"7-2315441","11/16/2023"
"1685","Russia","Soviet Union","T-80BV","destroyed","https://i.postimg.cc/zBm62c3z/1026-t80bv-destr-05-08-23.jpg","2023-11-16",23,1545,1,"7-2315451","11/16/2023"
"1686","Russia","Soviet Union","T-80BV","destroyed","https://twitter.com/UAWeapons/status/1689954843496960000","2023-11-16",23,1546,1,"7-2315461","11/16/2023"
"1687","Russia","Soviet Union","T-80BV","destroyed","https://i.postimg.cc/wTrDCxD8/1025-t80bv-destr-03-08-23.jpg","2023-11-16",23,1547,1,"7-2315471","11/16/2023"
"1688","Russia","Soviet Union","T-80BV","destroyed","https://i.postimg.cc/1339N0xB/1005-t80bv-destr-11-08-23.jpg","2023-11-16",23,1548,1,"7-2315481","11/16/2023"
"1689","Russia","Soviet Union","T-80BV","destroyed","https://i.postimg.cc/d1LkmMzW/1011-t80bv-destr-11-08-23.jpg","2023-11-16",23,1549,1,"7-2315491","11/16/2023"
"1690","Russia","Soviet Union","T-80BV","destroyed","https://i.postimg.cc/7LbYj3mh/1016-2x-t80bv-1x-destr-1x-aband-1x-bmp1-destr-14-08-23.jpg","2023-11-16",23,1550,1,"7-2315501","11/16/2023"
"1691","Russia","Soviet Union","T-80BV","destroyed","https://i.postimg.cc/9FpmM8kz/1021-T-80-BV-destr-13-08-23.jpg","2023-11-16",23,1551,1,"7-2315511","11/16/2023"
"1692","Russia","Soviet Union","T-80BV","destroyed","https://i.postimg.cc/Qdfd64gv/1027-t80bv-destr-05-08-23.jpg","2023-11-16",23,1552,1,"7-2315521","11/16/2023"
"1693","Russia","Soviet Union","T-80BV","destroyed","https://i.postimg.cc/KzMc8ZXy/1028-t80bv-destr-03-08-23.jpg","2023-11-16",23,1553,1,"7-2315531","11/16/2023"
"1694","Russia","Soviet Union","T-80BV","destroyed","https://i.postimg.cc/m27KyBp4/1001-t80bv-destr-31-07-23.jpg","2023-11-16",23,1554,1,"7-2315541","11/16/2023"
"1695","Russia","Soviet Union","T-80BV","destroyed","https://i.postimg.cc/Ss7JrjHS/1014-t80bv-destr-18-08-23.jpg","2023-11-16",23,1555,1,"7-2315551","11/16/2023"
"1696","Russia","Soviet Union","T-80BV","destroyed","https://i.postimg.cc/CLKzGh70/1030-t80bv-destr-26-07-23.jpg","2023-11-16",23,1556,1,"7-2315561","11/16/2023"
"1697","Russia","Soviet Union","T-80BV","destroyed","https://i.postimg.cc/Nj3Fv1cG/1034-t80bv-destr-3x-bmp1-destr-23-07-23.jpg","2023-11-16",23,1557,1,"7-2315571","11/16/2023"
"1698","Russia","Soviet Union","T-80BV","destroyed","https://i.postimg.cc/XYGqPstD/1035-2x-t80bv-bmp1-unkn-afv-destr-23-07-23.jpg","2023-11-16",23,1558,1,"7-2315581","11/16/2023"
"1699","Russia","Soviet Union","T-80BV","destroyed","https://i.postimg.cc/nz3nRF8c/1012-80-BV-destr-03-08-23.jpg","2023-11-16",23,1559,1,"7-2315591","11/16/2023"
"1700","Russia","Soviet Union","T-80BV","destroyed","https://i.postimg.cc/RV6vdxg4/1015-t80bv-destr-31-12-22.jpg","2023-11-16",23,1560,1,"7-2315601","11/16/2023"
"1701","Russia","Soviet Union","T-80BV","destroyed","https://i.postimg.cc/m2vB6pnM/1016-t80bv-destr-31-12-22.jpg","2023-11-16",23,1561,1,"7-2315611","11/16/2023"
"1702","Russia","Soviet Union","T-80BV","destroyed","https://i.postimg.cc/mkvMttP7/1024-t80bv-destr-23-08-23.jpg","2023-11-16",23,1562,1,"7-2315621","11/16/2023"
"1703","Russia","Soviet Union","T-80BV","destroyed","https://i.postimg.cc/BZNsr226/1008-t80bv-destr-25-08-23.jpg","2023-11-16",23,1563,1,"7-2315631","11/16/2023"
"1704","Russia","Soviet Union","T-80BV","destroyed","https://i.postimg.cc/ZnN8ZB3X/32655.png","2023-11-16",23,1564,1,"7-2315641","11/16/2023"
"1705","Russia","Soviet Union","T-80BV","destroyed","https://twitter.com/Danspiun/status/1699802600026362002","2023-11-16",23,1565,1,"7-2315651","11/16/2023"
"1706","Russia","Soviet Union","T-80BV","destroyed","https://i.postimg.cc/NfScLkb2/443.png","2023-11-16",23,1566,1,"7-2315661","11/16/2023"
"1707","Russia","Soviet Union","T-80BV","destroyed","https://i.postimg.cc/1RNtBXTF/133.png","2023-11-16",23,1567,1,"7-2315671","11/16/2023"
"1708","Russia","Soviet Union","T-80BV","destroyed","https://i.postimg.cc/HLxcfM3W/352.png","2023-11-16",23,1568,1,"7-2315681","11/16/2023"
"1709","Russia","Soviet Union","T-80BV","destroyed","https://i.postimg.cc/QtPSk4Q9/245.png","2023-11-16",23,1569,1,"7-2315691","11/16/2023"
"1710","Russia","Soviet Union","T-80BV","destroyed","https://i.postimg.cc/fTRH3Brs/432.png","2023-11-16",23,1570,1,"7-2315701","11/16/2023"
"1711","Russia","Soviet Union","T-80BV","destroyed","https://i.postimg.cc/bJ8jRbCW/198.png","2023-11-16",23,1571,1,"7-2315711","11/16/2023"
"1712","Russia","Soviet Union","T-80BV","destroyed","https://i.postimg.cc/K8B9ZWQS/763.png","2023-11-16",23,1572,1,"7-2315721","11/16/2023"
"1713","Russia","Soviet Union","T-80BV","destroyed","https://i.postimg.cc/qq9gN2rj/2242.png","2023-11-16",23,1573,1,"7-2315731","11/16/2023"
"1714","Russia","Soviet Union","T-80BV","destroyed","https://i.postimg.cc/0yRW5rNS/4318.png","2023-11-16",23,1574,1,"7-2315741","11/16/2023"
"1715","Russia","Soviet Union","T-80BV","destroyed","https://i.postimg.cc/3N01YH59/7h.png","2023-11-16",23,1575,1,"7-2315751","11/16/2023"
"1716","Russia","Soviet Union","T-80BV","destroyed","https://i.postimg.cc/CxCrwthn/541.png","2023-11-16",23,1576,1,"7-2315761","11/16/2023"
"1717","Russia","Soviet Union","T-80BV","destroyed","https://i.postimg.cc/8C489v6h/1011-t80bv-destr-04-10-23.jpg","2023-11-16",23,1577,1,"7-2315771","11/16/2023"
"1718","Russia","Soviet Union","T-80BV","destroyed","https://i.postimg.cc/qvfd34rC/1029-t80bv-destr-28-09-23.jpg","2023-11-16",23,1578,1,"7-2315781","11/16/2023"
"1719","Russia","Soviet Union","T-80BV","destroyed","https://i.postimg.cc/YSCbKkqF/1001-T-80-BV-destr-05-10-23.jpg","2023-11-16",23,1579,1,"7-2315791","11/16/2023"
"1720","Russia","Soviet Union","T-80BV","destroyed","https://i.postimg.cc/gJjDVX4X/1032-T-80-BV-destr-02-10-23.jpg","2023-11-16",23,1580,1,"7-2315801","11/16/2023"
"1721","Russia","Soviet Union","T-80BV","destroyed","https://twitter.com/UAWeapons/status/1712904641300644099","2023-11-16",23,1581,1,"7-2315811","11/16/2023"
"1722","Russia","Soviet Union","T-80BV","destroyed","https://i.postimg.cc/wMJDdmkG/1009-t80bv-destr-16-04-23.jpg","2023-11-16",23,1582,1,"7-2315821","11/16/2023"
"1723","Russia","Soviet Union","T-80BV","destroyed","https://i.postimg.cc/brqS8Ff1/1009-T-80-BV-destr-27-08-23.jpg","2023-11-16",23,1583,1,"7-2315831","11/16/2023"
"1724","Russia","Soviet Union","T-80BV","destroyed","https://i.postimg.cc/XYrGVCm1/1052-T-80-BV-13-10-23.jpg","2023-11-16",23,1584,1,"7-2315841","11/16/2023"
"1725","Russia","Soviet Union","T-80BV","destroyed","https://i.postimg.cc/J46HVq6B/1040-t80bv-destr-14-10-23.jpg","2023-11-16",23,1585,1,"7-2315851","11/16/2023"
"1726","Russia","Soviet Union","T-80BV","destroyed","https://i.postimg.cc/x1GSCCft/1019-t80bv-destr-10-10-23.jpg","2023-11-16",23,1586,1,"7-2315861","11/16/2023"
"1727","Russia","Soviet Union","T-80BV","destroyed","https://twitter.com/UAWeapons/status/1651305712188784658","2023-11-16",23,1587,1,"7-2315871","11/16/2023"
"1728","Russia","Soviet Union","T-80BV","destroyed","https://i.postimg.cc/NGDz9WnK/1009-t80bv-destr-26-10-23.jpg","2023-11-16",23,1588,1,"7-2315881","11/16/2023"
"1729","Russia","Soviet Union","T-80BV","destroyed","https://i.postimg.cc/htkyRgX5/1052-t80bv-destr-21-05-23.jpg","2023-11-16",23,1589,1,"7-2315891","11/16/2023"
"1730","Russia","Soviet Union","T-80BV","destroyed","https://i.postimg.cc/kGjHZq3V/1018-2x-t80bv-1x-destr-1x-dam-aband-31-10-23.jpg","2023-11-16",23,1590,1,"7-2315901","11/16/2023"
"1731","Russia","Soviet Union","T-80BV","destroyed","https://i.postimg.cc/tTpm4Y9Z/1022-t80bv-destr-31-10-23.jpg","2023-11-16",23,1591,1,"7-2315911","11/16/2023"
"1732","Russia","Soviet Union","T-80BV","destroyed","https://i.postimg.cc/qMzDqfHL/1034-1x-t72b3-1x-t80bv-2x-unkn-tank-destr-1x-t80bv-aband-31-10-23.jpg","2023-11-16",23,850,1,"7-238501","11/16/2023"
"1733","Russia","Soviet Union","T-80BV","destroyed","https://i.postimg.cc/QCfQSDwG/1013-t80bv-destr-02-11-23.jpg","2023-11-16",23,1592,1,"7-2315921","11/16/2023"
"1734","Russia","Soviet Union","T-80BV","destroyed","https://i.postimg.cc/wBk7DVnn/1037-T-80-BV-destr-08-10-23.jpg","2023-11-16",23,1593,1,"7-2315931","11/16/2023"
"1735","Russia","Soviet Union","T-80BV","destroyed","https://i.postimg.cc/BQdL3tx7/1039-T-80-BV-destr-01-11-23.jpg","2023-11-16",23,1594,1,"7-2315941","11/16/2023"
"1736","Russia","Soviet Union","T-80BV","damaged","https://i.postimg.cc/50gzxD1g/1025-t80bv-dam.jpg","2023-11-16",23,1595,2,"7-2315952","11/16/2023"
"1737","Russia","Soviet Union","T-80BV","damaged","https://twitter.com/UAWeapons/status/1588498074787512320","2023-11-16",23,1596,2,"7-2315962","11/16/2023"
"1738","Russia","Soviet Union","T-80BV","damaged","https://twitter.com/UAWeapons/status/1601187630577688578","2023-11-16",23,1419,2,"7-2314192","11/16/2023"
"1739","Russia","Soviet Union","T-80BV","damaged","https://i.postimg.cc/cL0nqm9W/1040-t80bv-01-02-23.jpg","2023-11-16",23,1597,2,"7-2315972","11/16/2023"
"1740","Russia","Soviet Union","T-80BV","damaged","https://i.postimg.cc/k4WcDnQ1/1029-t80bv-dam-05-02-23.jpg","2023-11-16",23,1598,2,"7-2315982","11/16/2023"
"1741","Russia","Soviet Union","T-80BV","damaged","https://i.postimg.cc/PrCzZhMc/1014-t80bv-dam-13-02-23.jpg","2023-11-16",23,1599,2,"7-2315992","11/16/2023"
"1742","Russia","Soviet Union","T-80BV","damaged","https://i.postimg.cc/7ZD6h8yG/1023-t80bv-dam-18-02-23.jpg","2023-11-16",23,1600,2,"7-2316002","11/16/2023"
"1743","Russia","Soviet Union","T-80BV","damaged","https://i.postimg.cc/fWGk4S2v/1026-t80bv-dam-19-02-23.jpg","2023-11-16",23,1601,2,"7-2316012","11/16/2023"
"1744","Russia","Soviet Union","T-80BV","damaged","https://twitter.com/UAWeapons/status/1632836792662491136","2023-11-16",23,1602,2,"7-2316022","11/16/2023"
"1745","Russia","Soviet Union","T-80BV","damaged","https://i.postimg.cc/wxF35sSp/5579.png","2023-11-16",23,1603,2,"7-2316032","11/16/2023"
"1746","Russia","Soviet Union","T-80BV","damaged","https://i.postimg.cc/kGwTKndp/1070-t80bv-dam-15-05-23.jpg","2023-11-16",23,1604,2,"7-2316042","11/16/2023"
"1747","Russia","Soviet Union","T-80BV","damaged","https://i.postimg.cc/NjRtB7Lr/1014-t80bv-capt-08-04-23.jpg","2023-11-16",23,1605,2,"7-2316052","11/16/2023"
"1748","Russia","Soviet Union","T-80BV","damaged","https://twitter.com/UAWeapons/status/1626579093801271304","2023-11-16",23,1606,2,"7-2316062","11/16/2023"
"1749","Russia","Soviet Union","T-80BV","damaged","https://i.postimg.cc/qMDY0QPX/1040-t80bv-dam-03-06-23.jpg","2023-11-16",23,1607,2,"7-2316072","11/16/2023"
"1750","Russia","Soviet Union","T-80BV","damaged","https://i.postimg.cc/W4Cnqvrg/1035-t80bv-dam-17-06-23.jpg","2023-11-16",23,1608,2,"7-2316082","11/16/2023"
"1751","Russia","Soviet Union","T-80BV","damaged","https://twitter.com/UAWeapons/status/1674481857386168320","2023-11-16",23,1503,2,"7-2315032","11/16/2023"
"1752","Russia","Soviet Union","T-80BV","damaged","https://i.postimg.cc/dQHHfxMS/1007-t80bv-dam-23-07-23.jpg","2023-11-16",23,1609,2,"7-2316092","11/16/2023"
"1753","Russia","Soviet Union","T-80BV","damaged","https://twitter.com/UAWeapons/status/1690356279439507456","2023-11-16",23,1610,2,"7-2316102","11/16/2023"
"1754","Russia","Soviet Union","T-80BV","damaged","https://i.postimg.cc/0NJwCwCK/1010-t80bv-dam-12-10-23.jpg","2023-11-16",23,1611,2,"7-2316112","11/16/2023"
"1755","Russia","Soviet Union","T-80BV","damaged","https://i.postimg.cc/hv8ShJDX/97.png","2023-11-16",23,1612,2,"7-2316122","11/16/2023"
"1756","Russia","Soviet Union","T-80BV","abandoned","https://i.postimg.cc/hv8ShJDX/97.png","2023-11-16",23,1612,4,"7-2316124","11/16/2023"
"1757","Russia","Soviet Union","T-80BV","damaged","https://twitter.com/UAWeapons/status/1541017371116281856","2023-11-16",23,1345,2,"7-2313452","11/16/2023"
"1758","Russia","Soviet Union","T-80BV","abandoned","https://i.postimg.cc/1thW7m9y/1035-t80bv-aband-09-07-23.jpg","2023-11-16",23,1613,4,"7-2316134","11/16/2023"
"1759","Russia","Soviet Union","T-80BV","damaged","https://twitter.com/UAWeapons/status/1572198403517419523","2023-11-16",23,1614,2,"7-2316142","11/16/2023"
"1760","Russia","Soviet Union","T-80BV","damaged","https://twitter.com/UAWeapons/status/1581721575597883392","2023-11-16",23,1615,2,"7-2316152","11/16/2023"
"1761","Russia","Soviet Union","T-80BV","damaged","https://twitter.com/UAWeapons/status/1589360080457461763","2023-11-16",23,1616,2,"7-2316162","11/16/2023"
"1762","Russia","Soviet Union","T-80BV","abandoned","https://twitter.com/UAWeapons/status/1589360080457461763","2023-11-16",23,1616,4,"7-2316164","11/16/2023"
"1763","Russia","Soviet Union","T-80BV","damaged","https://i.postimg.cc/2857gx7R/1019-t80bv-dam-aband.jpg","2023-11-16",23,1617,2,"7-2316172","11/16/2023"
"1764","Russia","Soviet Union","T-80BV","abandoned","https://i.postimg.cc/2857gx7R/1019-t80bv-dam-aband.jpg","2023-11-16",23,1617,4,"7-2316174","11/16/2023"
"1765","Russia","Soviet Union","T-80BV","damaged","https://twitter.com/UAWeapons/status/1601185077626810368","2023-11-16",23,1618,2,"7-2316182","11/16/2023"
"1766","Russia","Soviet Union","T-80BV","abandoned","https://twitter.com/UAWeapons/status/1601185077626810368","2023-11-16",23,1618,4,"7-2316184","11/16/2023"
"1767","Russia","Soviet Union","T-80BV","damaged","https://i.postimg.cc/Vk38X9Fv/1000-t80bv-dam-aband.jpg","2023-11-16",23,1619,2,"7-2316192","11/16/2023"
"1768","Russia","Soviet Union","T-80BV","abandoned","https://i.postimg.cc/Vk38X9Fv/1000-t80bv-dam-aband.jpg","2023-11-16",23,1619,4,"7-2316194","11/16/2023"
"1769","Russia","Soviet Union","T-80BV","damaged","https://i.postimg.cc/NMSHWvVC/1014-t80bv-dam-aband-31-01-23.jpg","2023-11-16",23,1620,2,"7-2316202","11/16/2023"
"1770","Russia","Soviet Union","T-80BV","abandoned","https://i.postimg.cc/NMSHWvVC/1014-t80bv-dam-aband-31-01-23.jpg","2023-11-16",23,1620,4,"7-2316204","11/16/2023"
"1771","Russia","Soviet Union","T-80BV","damaged","https://twitter.com/UAWeapons/status/1622943432581779459","2023-11-16",23,1621,2,"7-2316212","11/16/2023"
"1772","Russia","Soviet Union","T-80BV","abandoned","https://twitter.com/UAWeapons/status/1622943432581779459","2023-11-16",23,1621,4,"7-2316214","11/16/2023"
"1773","Russia","Soviet Union","T-80BV","damaged","https://i.postimg.cc/bvw7VLZ7/1032-t80bv-dam-09-02-23.jpg","2023-11-16",23,1622,2,"7-2316222","11/16/2023"
"1774","Russia","Soviet Union","T-80BV","abandoned","https://i.postimg.cc/bvw7VLZ7/1032-t80bv-dam-09-02-23.jpg","2023-11-16",23,1622,4,"7-2316224","11/16/2023"
"1775","Russia","Soviet Union","T-80BV","damaged","https://i.postimg.cc/8zVxQgLR/1042-2x-t80bv-dam-aband-12-02-23.jpg","2023-11-16",23,1623,2,"7-2316232","11/16/2023"
"1776","Russia","Soviet Union","T-80BV","abandoned","https://i.postimg.cc/8zVxQgLR/1042-2x-t80bv-dam-aband-12-02-23.jpg","2023-11-16",23,1623,4,"7-2316234","11/16/2023"
"1777","Russia","Soviet Union","T-80BV","damaged","https://i.postimg.cc/gkxT6kHq/1026-t80bv-aband-06-02-23.jpg","2023-11-16",23,1624,2,"7-2316242","11/16/2023"
"1778","Russia","Soviet Union","T-80BV","abandoned","https://i.postimg.cc/gkxT6kHq/1026-t80bv-aband-06-02-23.jpg","2023-11-16",23,1624,4,"7-2316244","11/16/2023"
"1779","Russia","Soviet Union","T-80BV","damaged","https://i.postimg.cc/rpfGkc17/5541.png","2023-11-16",23,1625,2,"7-2316252","11/16/2023"
"1780","Russia","Soviet Union","T-80BV","abandoned","https://i.postimg.cc/rpfGkc17/5541.png","2023-11-16",23,1625,4,"7-2316254","11/16/2023"
"1781","Russia","Soviet Union","T-80BV","damaged","https://i.postimg.cc/3NRK5BLK/1025-2x-t80bv-1x-aband-1x-dam-aband-11-02-23.jpg","2023-11-16",23,1626,2,"7-2316262","11/16/2023"
"1782","Russia","Soviet Union","T-80BV","abandoned","https://i.postimg.cc/3NRK5BLK/1025-2x-t80bv-1x-aband-1x-dam-aband-11-02-23.jpg","2023-11-16",23,1626,4,"7-2316264","11/16/2023"
"1783","Russia","Soviet Union","T-80BV","abandoned","https://i.postimg.cc/3NRK5BLK/1025-2x-t80bv-1x-aband-1x-dam-aband-11-02-23.jpg","2023-11-16",23,1626,4,"7-2316264","11/16/2023"
"1784","Russia","Soviet Union","T-80BV","damaged","https://i.postimg.cc/2yRYthkb/1036-t80bv-dam-aband-19-02-23.jpg","2023-11-16",23,1627,2,"7-2316272","11/16/2023"
"1785","Russia","Soviet Union","T-80BV","abandoned","https://i.postimg.cc/2yRYthkb/1036-t80bv-dam-aband-19-02-23.jpg","2023-11-16",23,1627,4,"7-2316274","11/16/2023"
"1786","Russia","Soviet Union","T-80BV","damaged","https://i.postimg.cc/sgM7gJPw/1001-bmp3-and-t-80bv-dam-aband-06-02-23.jpg","2023-11-16",23,1628,2,"7-2316282","11/16/2023"
"1787","Russia","Soviet Union","T-80BV","abandoned","https://i.postimg.cc/sgM7gJPw/1001-bmp3-and-t-80bv-dam-aband-06-02-23.jpg","2023-11-16",23,1628,4,"7-2316284","11/16/2023"
"1788","Russia","Soviet Union","T-80BV","damaged","https://i.postimg.cc/qMzDqfHL/1034-1x-t72b3-1x-t80bv-2x-unkn-tank-destr-1x-t80bv-aband-31-10-23.jpg","2023-11-16",23,850,2,"7-238502","11/16/2023"
"1789","Russia","Soviet Union","T-80BV","abandoned","https://i.postimg.cc/qMzDqfHL/1034-1x-t72b3-1x-t80bv-2x-unkn-tank-destr-1x-t80bv-aband-31-10-23.jpg","2023-11-16",23,850,4,"7-238504","11/16/2023"
"1790","Russia","Soviet Union","T-80BV","damaged","https://i.postimg.cc/zvW2tVvv/1000-2x-T-72b3-1x-t72-2x-bmp3-2x-btr82-dan-aband-1x-bmp3-destr-24-01-23.jpg","2023-11-16",23,1629,2,"7-2316292","11/16/2023"
"1791","Russia","Soviet Union","T-80BV","abandoned","https://i.postimg.cc/zvW2tVvv/1000-2x-T-72b3-1x-t72-2x-bmp3-2x-btr82-dan-aband-1x-bmp3-destr-24-01-23.jpg","2023-11-16",23,1629,4,"7-2316294","11/16/2023"
"1792","Russia","Soviet Union","T-80BV","damaged","https://i.postimg.cc/52RyPWV1/1006-t80bv-dam-aband-03-03-23.jpg","2023-11-16",23,1630,2,"7-2316302","11/16/2023"
"1793","Russia","Soviet Union","T-80BV","abandoned","https://i.postimg.cc/52RyPWV1/1006-t80bv-dam-aband-03-03-23.jpg","2023-11-16",23,1630,4,"7-2316304","11/16/2023"
"1794","Russia","Soviet Union","T-80BV","damaged","https://i.postimg.cc/XYJXc7tQ/1007-t80bv-dam-aband-03-03-23.jpg","2023-11-16",23,1631,2,"7-2316312","11/16/2023"
"1795","Russia","Soviet Union","T-80BV","abandoned","https://i.postimg.cc/XYJXc7tQ/1007-t80bv-dam-aband-03-03-23.jpg","2023-11-16",23,1631,4,"7-2316314","11/16/2023"
"1796","Russia","Soviet Union","T-80BV","abandoned","https://twitter.com/UAWeapons/status/1632458755446063106","2023-11-16",23,807,4,"7-238074","11/16/2023"
"1797","Russia","Soviet Union","T-80BV","damaged","https://i.postimg.cc/P5rfXBWG/1028-t80bv-dam-aband-16-03-23.jpg","2023-11-16",23,1632,2,"7-2316322","11/16/2023"
"1798","Russia","Soviet Union","T-80BV","abandoned","https://i.postimg.cc/P5rfXBWG/1028-t80bv-dam-aband-16-03-23.jpg","2023-11-16",23,1632,4,"7-2316324","11/16/2023"
"1799","Russia","Soviet Union","T-80BV","damaged","https://i.postimg.cc/T1V21xNx/1032-t80bv-dam-aband-28-11-22.jpg","2023-11-16",23,1633,2,"7-2316332","11/16/2023"
"1800","Russia","Soviet Union","T-80BV","abandoned","https://i.postimg.cc/T1V21xNx/1032-t80bv-dam-aband-28-11-22.jpg","2023-11-16",23,1633,4,"7-2316334","11/16/2023"
"1801","Russia","Soviet Union","T-80BV","damaged","https://i.postimg.cc/s29yBnP9/1021-t80bv-dam-aband-07-05-23.jpg","2023-11-16",23,1634,2,"7-2316342","11/16/2023"
"1802","Russia","Soviet Union","T-80BV","abandoned","https://i.postimg.cc/s29yBnP9/1021-t80bv-dam-aband-07-05-23.jpg","2023-11-16",23,1634,4,"7-2316344","11/16/2023"
"1803","Russia","Soviet Union","T-80BV","damaged","https://i.postimg.cc/q7sJgVvm/1007-t80bv-dam-aband-15-05-23.jpg","2023-11-16",23,1635,2,"7-2316352","11/16/2023"
"1804","Russia","Soviet Union","T-80BV","abandoned","https://i.postimg.cc/q7sJgVvm/1007-t80bv-dam-aband-15-05-23.jpg","2023-11-16",23,1635,4,"7-2316354","11/16/2023"
"1805","Russia","Soviet Union","T-80BV","abandoned","https://i.postimg.cc/NFxPr3vB/1034-t80bv-aband-09-07-23.jpg","2023-11-16",23,1636,4,"7-2316364","11/16/2023"
"1806","Russia","Soviet Union","T-80BV","abandoned","https://i.postimg.cc/7LbYj3mh/1016-2x-t80bv-1x-destr-1x-aband-1x-bmp1-destr-14-08-23.jpg","2023-11-16",23,1550,4,"7-2315504","11/16/2023"
"1807","Russia","Soviet Union","T-80BV","damaged","https://i.postimg.cc/kGjHZq3V/1018-2x-t80bv-1x-destr-1x-dam-aband-31-10-23.jpg","2023-11-16",23,1590,2,"7-2315902","11/16/2023"
"1808","Russia","Soviet Union","T-80BV","abandoned","https://i.postimg.cc/kGjHZq3V/1018-2x-t80bv-1x-destr-1x-dam-aband-31-10-23.jpg","2023-11-16",23,1590,4,"7-2315904","11/16/2023"
"1809","Russia","Soviet Union","T-80BV","damaged","https://i.postimg.cc/8zDZ4M2t/1000-T-80-BV-Dam-Aband-05-10-23.jpg","2023-11-16",23,1637,2,"7-2316372","11/16/2023"
"1810","Russia","Soviet Union","T-80BV","abandoned","https://i.postimg.cc/8zDZ4M2t/1000-T-80-BV-Dam-Aband-05-10-23.jpg","2023-11-16",23,1637,4,"7-2316374","11/16/2023"
"1811","Russia","Soviet Union","T-80BV","damaged","https://i.postimg.cc/50gJPcHx/1019-mtlb-destr-t80bv-dam-aband-22-10-23.jpg","2023-11-16",23,1638,2,"7-2316382","11/16/2023"
"1812","Russia","Soviet Union","T-80BV","abandoned","https://i.postimg.cc/50gJPcHx/1019-mtlb-destr-t80bv-dam-aband-22-10-23.jpg","2023-11-16",23,1638,4,"7-2316384","11/16/2023"
"1813","Russia","Soviet Union","T-80BV","damaged","https://i.postimg.cc/9QsZwqJJ/1001-2x-t80bv-dam-aband-06-11-23.jpg","2023-11-16",23,1639,2,"7-2316392","11/16/2023"
"1814","Russia","Soviet Union","T-80BV","abandoned","https://i.postimg.cc/9QsZwqJJ/1001-2x-t80bv-dam-aband-06-11-23.jpg","2023-11-16",23,1639,4,"7-2316394","11/16/2023"
"1815","Russia","Soviet Union","T-80BV","captured","https://i.postimg.cc/4yWGbC6D/578.png","2023-11-16",23,1640,3,"7-2316403","11/16/2023"
"1816","Russia","Soviet Union","T-80BV","captured","https://i.postimg.cc/ydxcLGC0/68.png","2023-11-16",23,1641,3,"7-2316413","11/16/2023"
"1817","Russia","Soviet Union","T-80BV","captured","https://i.postimg.cc/1zNj1Pjv/44355.png","2023-11-16",23,1642,3,"7-2316423","11/16/2023"
"1818","Russia","Soviet Union","T-80BV","captured","https://i.postimg.cc/bwdPNHP3/579.png","2023-11-16",23,1643,3,"7-2316433","11/16/2023"
"1819","Russia","Soviet Union","T-80BV","captured","https://i.postimg.cc/dV7Y2m59/36.png","2023-11-16",23,1644,3,"7-2316443","11/16/2023"
"1820","Russia","Soviet Union","T-80BV","captured","https://i.postimg.cc/vZft2pYF/1010.jpg","2023-11-16",23,1645,3,"7-2316453","11/16/2023"
"1821","Russia","Soviet Union","T-80BV","captured","https://i.postimg.cc/25SzW9Xv/6h.jpg","2023-11-16",23,1646,3,"7-2316463","11/16/2023"
"1822","Russia","Soviet Union","T-80BV","captured","https://i.postimg.cc/28NZTGvw/4449.png","2023-11-16",23,1647,3,"7-2316473","11/16/2023"
"1823","Russia","Soviet Union","T-80BV","captured","https://i.postimg.cc/CxXtTwB7/g5.jpg","2023-11-16",23,1648,3,"7-2316483","11/16/2023"
"1824","Russia","Soviet Union","T-80BV","captured","https://i.postimg.cc/m25sg2hc/37.jpg","2023-11-16",23,1649,3,"7-2316493","11/16/2023"
"1825","Russia","Soviet Union","T-80BV","captured","https://i.postimg.cc/J7B4DXFq/665.jpg","2023-11-16",23,1650,3,"7-2316503","11/16/2023"
"1826","Russia","Soviet Union","T-80BV","captured","https://i.postimg.cc/pL0kDz9x/f4.jpg","2023-11-16",23,1651,3,"7-2316513","11/16/2023"
"1827","Russia","Soviet Union","T-80BV","captured","https://twitter.com/UAWeapons/status/1554949166467776512","2023-11-16",23,1652,3,"7-2316523","11/16/2023"
"1828","Russia","Soviet Union","T-80BV","captured","https://i.postimg.cc/TPp0Q1mb/f5.jpg","2023-11-16",23,1653,3,"7-2316533","11/16/2023"
"1829","Russia","Soviet Union","T-80BV","captured","https://i.postimg.cc/63bVWQwX/470.png","2023-11-16",23,1654,3,"7-2316543","11/16/2023"
"1830","Russia","Soviet Union","T-80BV","captured","https://i.postimg.cc/66npYVWP/1044-t80bv-capt-xx-10-22.jpg","2023-11-16",23,1655,3,"7-2316553","11/16/2023"
"1831","Russia","Soviet Union","T-80BV","captured","https://twitter.com/Danspiun/status/1563497026880282635","2023-11-16",23,1656,3,"7-2316563","11/16/2023"
"1832","Russia","Soviet Union","T-80BV","captured","https://twitter.com/UAWeapons/status/1563968461998641154","2023-11-16",23,1657,3,"7-2316573","11/16/2023"
"1833","Russia","Soviet Union","T-80BV","damaged","https://twitter.com/UAWeapons/status/1564716856950366208","2023-11-16",23,1658,2,"7-2316582","11/16/2023"
"1834","Russia","Soviet Union","T-80BV","captured","https://twitter.com/UAWeapons/status/1564716856950366208","2023-11-16",23,1658,3,"7-2316583","11/16/2023"
"1835","Russia","Soviet Union","T-80BV","captured","https://twitter.com/Blue_Sauron/status/1568895598777991169","2023-11-16",23,1659,3,"7-2316593","11/16/2023"
"1836","Russia","Soviet Union","T-80BV","captured","https://twitter.com/UAWeapons/status/1569426437119123458","2023-11-16",23,1372,3,"7-2313723","11/16/2023"
"1837","Russia","Soviet Union","T-80BV","captured","https://twitter.com/UAWeapons/status/1569739016995569664","2023-11-16",23,1660,3,"7-2316603","11/16/2023"
"1838","Russia","Soviet Union","T-80BV","captured","https://i.postimg.cc/3NZKqv00/68p.png","2023-11-16",23,1661,3,"7-2316613","11/16/2023"
"1839","Russia","Soviet Union","T-80BV","captured","https://postlmg.cc/yWmcFzWC","2023-11-16",23,1662,3,"7-2316623","11/16/2023"
"1840","Russia","Soviet Union","T-80BV","captured","https://twitter.com/UAWeapons/status/1569711880675139585","2023-11-16",23,1663,3,"7-2316633","11/16/2023"
"1841","Russia","Soviet Union","T-80BV","captured","https://twitter.com/UAWeapons/status/1569640170562912259","2023-11-16",23,1664,3,"7-2316643","11/16/2023"
"1842","Russia","Soviet Union","T-80BV","captured","https://twitter.com/UAWeapons/status/1569639365655072770","2023-11-16",23,1665,3,"7-2316653","11/16/2023"
"1843","Russia","Soviet Union","T-80BV","captured","https://i.postimg.cc/SK3422K0/488.png","2023-11-16",23,1666,3,"7-2316663","11/16/2023"
"1844","Russia","Soviet Union","T-80BV","captured","https://twitter.com/UAWeapons/status/1570506077929877504","2023-11-16",23,1667,3,"7-2316673","11/16/2023"
"1845","Russia","Soviet Union","T-80BV","captured","https://twitter.com/UAWeapons/status/1562876165164900352","2023-11-16",23,1668,3,"7-2316683","11/16/2023"
"1846","Russia","Soviet Union","T-80BV","captured","https://twitter.com/UAWeapons/status/1570808949737394178","2023-11-16",23,1669,3,"7-2316693","11/16/2023"
"1847","Russia","Soviet Union","T-80BV","captured","https://i.postimg.cc/3NfS2jCB/1009-t80bv.jpg","2023-11-16",23,1670,3,"7-2316703","11/16/2023"
"1848","Russia","Soviet Union","T-80BV","captured","https://twitter.com/UAWeapons/status/1572154236183486467","2023-11-16",23,960,3,"7-239603","11/16/2023"
"1849","Russia","Soviet Union","T-80BV","captured","https://i.postimg.cc/pV3r5Xzf/2022-09-18-T80-BV.jpg","2023-11-16",23,1671,3,"7-2316713","11/16/2023"
"1850","Russia","Soviet Union","T-80BV","captured","https://i.postimg.cc/0QCWJrKJ/1009-t80bv.jpg","2023-11-16",23,1672,3,"7-2316723","11/16/2023"
"1851","Russia","Soviet Union","T-80BV","captured","https://i.postimg.cc/7LddjXTx/1014-t80bv.jpg","2023-11-16",23,1673,3,"7-2316733","11/16/2023"
"1852","Russia","Soviet Union","T-80BV","captured","https://i.postimg.cc/Qx5nD5X3/1002-t80bv.jpg","2023-11-16",23,1674,3,"7-2316743","11/16/2023"
"1853","Russia","Soviet Union","T-80BV","captured","https://twitter.com/Danspiun/status/1566477992401977344","2023-11-16",23,1675,3,"7-2316753","11/16/2023"
"1854","Russia","Soviet Union","T-80BV","captured","https://i.postimg.cc/fR8yKN6V/1013-t80bv.jpg","2023-11-16",23,1676,3,"7-2316763","11/16/2023"
"1855","Russia","Soviet Union","T-80BV","captured","https://i.postimg.cc/2STDrpRS/1037-2x-t-80bv-dam-capt.jpg","2023-11-16",23,1677,3,"7-2316773","11/16/2023"
"1856","Russia","Soviet Union","T-80BV","captured","https://i.postimg.cc/4NYp8LZK/2022-09-27-T-80-BV.jpg","2023-11-16",23,1678,3,"7-2316783","11/16/2023"
"1857","Russia","Soviet Union","T-80BV","captured","https://twitter.com/UAWeapons/status/1576199767675138048","2023-11-16",23,1679,3,"7-2316793","11/16/2023"
"1858","Russia","Soviet Union","T-80BV","captured","https://twitter.com/UAWeapons/status/1576607791170564098","2023-11-16",23,1680,3,"7-2316803","11/16/2023"
"1859","Russia","Soviet Union","T-80BV","captured","https://twitter.com/UAWeapons/status/1576871029003022336","2023-11-16",23,1681,3,"7-2316813","11/16/2023"
"1860","Russia","Soviet Union","T-80BV","captured","https://i.postimg.cc/Y0XcMDTL/1008-t80bv-capt.jpg","2023-11-16",23,1682,3,"7-2316823","11/16/2023"
"1861","Russia","Soviet Union","T-80BV","captured","https://i.postimg.cc/13DCzp4r/1037-t80bv-capt.jpg","2023-11-16",23,1683,3,"7-2316833","11/16/2023"
"1862","Russia","Soviet Union","T-80BV","captured","https://i.postimg.cc/dtynW8Rc/1031-t80bv-capt.jpg","2023-11-16",23,1684,3,"7-2316843","11/16/2023"
"1863","Russia","Soviet Union","T-80BV","captured","https://i.postimg.cc/qq9wJRTF/1032-t80bv-capt.jpg","2023-11-16",23,1685,3,"7-2316853","11/16/2023"
"1864","Russia","Soviet Union","T-80BV","captured","https://twitter.com/UAWeapons/status/1578297535713914880","2023-11-16",23,1686,3,"7-2316863","11/16/2023"
"1865","Russia","Soviet Union","T-80BV","captured","https://i.postimg.cc/tJMp3mhy/1025-t80bv-capt.jpg","2023-11-16",23,1687,3,"7-2316873","11/16/2023"
"1866","Russia","Soviet Union","T-80BV","captured","https://i.postimg.cc/RVsyDwYv/1015-t80bv-capt.jpg","2023-11-16",23,1688,3,"7-2316883","11/16/2023"
"1867","Russia","Soviet Union","T-80BV","captured","https://i.postimg.cc/RV86r1xZ/1002-t80bv-capt.jpg","2023-11-16",23,1689,3,"7-2316893","11/16/2023"
"1868","Russia","Soviet Union","T-80BV","damaged","https://i.postimg.cc/mgFkH5NF/1500-2x-t80bv-destr-1.jpg","2023-11-16",23,1690,2,"7-2316902","11/16/2023"
"1869","Russia","Soviet Union","T-80BV","captured","https://i.postimg.cc/mgFkH5NF/1500-2x-t80bv-destr-1.jpg","2023-11-16",23,1690,3,"7-2316903","11/16/2023"
"1870","Russia","Soviet Union","T-80BV","captured","https://i.postimg.cc/1RDMdsTh/1013-t80bv-capt.jpg","2023-11-16",23,1691,3,"7-2316913","11/16/2023"
"1871","Russia","Soviet Union","T-80BV","damaged","https://i.postimg.cc/X7sR125X/1003-t80bv-dam-capt.jpg","2023-11-16",23,1692,2,"7-2316922","11/16/2023"
"1872","Russia","Soviet Union","T-80BV","captured","https://i.postimg.cc/X7sR125X/1003-t80bv-dam-capt.jpg","2023-11-16",23,1692,3,"7-2316923","11/16/2023"
"1873","Russia","Soviet Union","T-80BV","captured","https://i.postimg.cc/3NwPRsSL/1012-t80bv-capt.jpg","2023-11-16",23,1693,3,"7-2316933","11/16/2023"
"1874","Russia","Soviet Union","T-80BV","captured","https://i.postimg.cc/CKJP8w88/1021-t80bv-capt.jpg","2023-11-16",23,1694,3,"7-2316943","11/16/2023"
"1875","Russia","Soviet Union","T-80BV","captured","https://i.postimg.cc/zBtjG5fZ/1016-t80bv-capt.jpg","2023-11-16",23,1695,3,"7-2316953","11/16/2023"
"1876","Russia","Soviet Union","T-80BV","damaged","https://twitter.com/UAWeapons/status/1587378383465455617","2023-11-16",23,1696,2,"7-2316962","11/16/2023"
"1877","Russia","Soviet Union","T-80BV","captured","https://twitter.com/UAWeapons/status/1587378383465455617","2023-11-16",23,1696,3,"7-2316963","11/16/2023"
"1878","Russia","Soviet Union","T-80BV","damaged","https://i.postimg.cc/26pW1mc1/1500-T-80-BV-damaged-1-captured.jpg","2023-11-16",23,1697,2,"7-2316972","11/16/2023"
"1879","Russia","Soviet Union","T-80BV","captured","https://i.postimg.cc/26pW1mc1/1500-T-80-BV-damaged-1-captured.jpg","2023-11-16",23,1697,3,"7-2316973","11/16/2023"
"1880","Russia","Soviet Union","T-80BV","captured","https://i.postimg.cc/jjX6kwFv/1035-t80bv-capt.jpg","2023-11-16",23,1698,3,"7-2316983","11/16/2023"
"1881","Russia","Soviet Union","T-80BV","captured","https://i.postimg.cc/BZk9cbpc/1006-t80bv-capt.jpg","2023-11-16",23,1699,3,"7-2316993","11/16/2023"
"1882","Russia","Soviet Union","T-80BV","captured","https://twitter.com/UAWeapons/status/1596615546186915841","2023-11-16",23,1700,3,"7-2317003","11/16/2023"
"1883","Russia","Soviet Union","T-80BV","captured","https://i.postimg.cc/4NLY20Cy/1010-t80bv-capt.jpg","2023-11-16",23,1701,3,"7-2317013","11/16/2023"
"1884","Russia","Soviet Union","T-80BV","captured","https://i.postimg.cc/YCnFt6w7/1013-t80bv-capt-07-11-22.jpg","2023-11-16",23,1702,3,"7-2317023","11/16/2023"
"1885","Russia","Soviet Union","T-80BV","captured","https://i.postimg.cc/g2KtWHhZ/1005-t80bv-capt-12-01-23.jpg","2023-11-16",23,1703,3,"7-2317033","11/16/2023"
"1886","Russia","Soviet Union","T-80BV","captured","https://i.postimg.cc/hjnWWS8t/1026-t80bv-capt-20-01-23.jpg","2023-11-16",23,1704,3,"7-2317043","11/16/2023"
"1887","Russia","Soviet Union","T-80BV","captured","https://i.postimg.cc/XNgDfg0Z/1011-t80bv-capt-30-11-22.jpg","2023-11-16",23,1705,3,"7-2317053","11/16/2023"
"1888","Russia","Soviet Union","T-80BV","captured","https://i.postimg.cc/63s3XVqm/1041-t80bv-capt-28-02-23.jpg","2023-11-16",23,1706,3,"7-2317063","11/16/2023"
"1889","Russia","Soviet Union","T-80BV","captured","https://i.postimg.cc/1XM0nHnz/1003-t80bv-capt-28-06-23.jpg","2023-11-16",23,1707,3,"7-2317073","11/16/2023"
"1890","Russia","Soviet Union","T-80BV","captured","https://i.postimg.cc/7PNnWxsy/1004-t80bv-capt-28-06-23.jpg","2023-11-16",23,1708,3,"7-2317083","11/16/2023"
"1891","Russia","Soviet Union","T-80BV","damaged","https://i.postimg.cc/15nMCvcY/1010-t80bv-dam-capt-31-10-22.jpg","2023-11-16",23,1709,2,"7-2317092","11/16/2023"
"1892","Russia","Soviet Union","T-80BV","captured","https://i.postimg.cc/15nMCvcY/1010-t80bv-dam-capt-31-10-22.jpg","2023-11-16",23,1709,3,"7-2317093","11/16/2023"
"1893","Russia","Soviet Union","T-80BV","captured","https://i.postimg.cc/X7GD7K2Y/h66.jpg","2023-11-16",23,1710,3,"7-2317103","11/16/2023"
"1894","Russia","Soviet Union","T-80BV","captured","https://i.postimg.cc/PxC7dQHG/1040-t80bv-capt-13-09-22.jpg","2023-11-16",23,1711,3,"7-2317113","11/16/2023"
"1895","Russia","Russia","8 T-80BV Obr. 2022","destroyed","https://i.postimg.cc/C506Q84w/1031-t80bv-2022-01-07-23.jpg","2023-11-16",24,1712,1,"7-2417121","11/16/2023"
"1896","Russia","Russia","8 T-80BV Obr. 2022","destroyed","https://i.postimg.cc/k5ZhJBqw/1500-t80bv2022-28-07-23.jpg","2023-11-16",24,1713,1,"7-2417131","11/16/2023"
"1897","Russia","Russia","8 T-80BV Obr. 2022","destroyed","https://i.postimg.cc/mhWsgDrL/1040-t80bv2022-destr-27-06-23.jpg","2023-11-16",24,1714,1,"7-2417141","11/16/2023"
"1898","Russia","Russia","8 T-80BV Obr. 2022","destroyed","https://i.postimg.cc/sDdrP7wV/1043-t80bv2022-destr-02-08-23.jpg","2023-11-16",24,1715,1,"7-2417151","11/16/2023"
"1899","Russia","Russia","8 T-80BV Obr. 2022","destroyed","https://twitter.com/UAWeapons/status/1691132746171666448","2023-11-16",24,1716,1,"7-2417161","11/16/2023"
"1900","Russia","Russia","8 T-80BV Obr. 2022","destroyed","https://i.postimg.cc/rp14zVTr/1009-T-80-BV-Obr-2022-destr-22-08-23.jpg","2023-11-16",24,1717,1,"7-2417171","11/16/2023"
"1901","Russia","Russia","8 T-80BV Obr. 2022","destroyed","https://i.postimg.cc/rmNrHZcP/1005-t80bv-obr2022-destr-06-11-23.jpg","2023-11-16",24,1718,1,"7-2417181","11/16/2023"
"1902","Russia","Russia","8 T-80BV Obr. 2022","damaged","https://i.postimg.cc/prLXJCDC/1042-t80bvm-unkn-t80-bmp1-and-bmp2-destr-20-08-23.jpg","2023-11-16",24,1719,2,"7-2417192","11/16/2023"
"1903","Russia","Russia","8 T-80BV Obr. 2022","abandoned","https://i.postimg.cc/prLXJCDC/1042-t80bvm-unkn-t80-bmp1-and-bmp2-destr-20-08-23.jpg","2023-11-16",24,1719,4,"7-2417194","11/16/2023"
"1904","Russia","Russia","94 T-80U","destroyed","https://i.postimg.cc/NM9ys7Kt/c8.png","2023-11-16",25,1720,1,"7-2517201","11/16/2023"
"1905","Russia","Russia","94 T-80U","destroyed","https://i.postimg.cc/0yppcmwj/1005.jpg","2023-11-16",25,1721,1,"7-2517211","11/16/2023"
"1906","Russia","Russia","94 T-80U","destroyed","https://i.postimg.cc/F1tnjNHH/f431.png","2023-11-16",25,1722,1,"7-2517221","11/16/2023"
"1907","Russia","Russia","94 T-80U","destroyed","https://i.postimg.cc/tRFL7Tj8/h7.jpg","2023-11-16",25,1723,1,"7-2517231","11/16/2023"
"1908","Russia","Russia","94 T-80U","abandoned","https://i.postimg.cc/2Src3YPH/b67.png","2023-11-16",25,1724,4,"7-2517244","11/16/2023"
"1909","Russia","Russia","94 T-80U","destroyed","https://i.postimg.cc/2Src3YPH/b67.png","2023-11-16",25,1724,1,"7-2517241","11/16/2023"
"1910","Russia","Russia","94 T-80U","destroyed","https://i.postimg.cc/qRcxhvhj/7u5.jpg","2023-11-16",25,1725,1,"7-2517251","11/16/2023"
"1911","Russia","Russia","94 T-80U","destroyed","https://i.postimg.cc/6Qx9fWM3/u1.jpg","2023-11-16",25,1726,1,"7-2517261","11/16/2023"
"1912","Russia","Russia","94 T-80U","destroyed","https://i.postimg.cc/W1GRjM7N/r1.png","2023-11-16",25,1727,1,"7-2517271","11/16/2023"
"1913","Russia","Russia","94 T-80U","destroyed","https://i.postimg.cc/GtccWdNQ/d11.png","2023-11-16",25,1728,1,"7-2517281","11/16/2023"
"1914","Russia","Russia","94 T-80U","destroyed","https://i.postimg.cc/SxK50W3z/887.jpg","2023-11-16",25,1729,1,"7-2517291","11/16/2023"
"1915","Russia","Russia","94 T-80U","destroyed","https://i.postimg.cc/RVRrnQvV/4322.jpg","2023-11-16",25,1730,1,"7-2517301","11/16/2023"
"1916","Russia","Russia","94 T-80U","destroyed","https://i.postimg.cc/C5crKsZw/r1.jpg","2023-11-16",25,1731,1,"7-2517311","11/16/2023"
"1917","Russia","Russia","94 T-80U","destroyed","https://i.postimg.cc/ZKY1hC9T/r2.jpg","2023-11-16",25,1732,1,"7-2517321","11/16/2023"
"1918","Russia","Russia","94 T-80U","destroyed","https://twitter.com/naalsio26/status/1572321696488603648","2023-11-16",25,1733,1,"7-2517331","11/16/2023"
"1919","Russia","Russia","94 T-80U","destroyed","https://i.postimg.cc/Yq8R4fqm/5800.jpg","2023-11-16",25,1734,1,"7-2517341","11/16/2023"
"1920","Russia","Russia","94 T-80U","destroyed","https://i.postimg.cc/pdQwzGBj/7763.png","2023-11-16",25,1735,1,"7-2517351","11/16/2023"
"1921","Russia","Russia","94 T-80U","destroyed","https://i.postimg.cc/QxhMbJ3V/a1.png","2023-11-16",25,1736,1,"7-2517361","11/16/2023"
"1922","Russia","Russia","94 T-80U","destroyed","https://i.postimg.cc/GtL2TLf6/2022-03-24-t-80u.jpg","2023-11-16",25,1737,1,"7-2517371","11/16/2023"
"1923","Russia","Russia","94 T-80U","destroyed","https://i.postimg.cc/PfWyPFy0/465.jpg","2023-11-16",25,1738,1,"7-2517381","11/16/2023"
"1924","Russia","Russia","94 T-80U","destroyed","https://i.postimg.cc/MGTLkhhC/655.jpg","2023-11-16",25,1739,1,"7-2517391","11/16/2023"
"1925","Russia","Russia","94 T-80U","destroyed","https://i.postimg.cc/vTqM1th1/v1.png","2023-11-16",25,1740,1,"7-2517401","11/16/2023"
"1926","Russia","Russia","94 T-80U","destroyed","https://i.postimg.cc/QCyhSf37/76.jpg","2023-11-16",25,1741,1,"7-2517411","11/16/2023"
"1927","Russia","Russia","94 T-80U","destroyed","https://i.postimg.cc/XJp4BYQV/489.png","2023-11-16",25,1742,1,"7-2517421","11/16/2023"
"1928","Russia","Russia","94 T-80U","destroyed","https://i.postimg.cc/1R0kpm9c/488.jpg","2023-11-16",25,1743,1,"7-2517431","11/16/2023"
"1929","Russia","Russia","94 T-80U","destroyed","https://i.postimg.cc/43R4pVNp/5g.jpg","2023-11-16",25,1744,1,"7-2517441","11/16/2023"
"1930","Russia","Russia","94 T-80U","destroyed","https://i.postimg.cc/DyPtqWL3/31.png","2023-11-16",25,1745,1,"7-2517451","11/16/2023"
"1931","Russia","Russia","94 T-80U","destroyed","https://i.postimg.cc/d3GM8tWp/443.png","2023-11-16",25,1746,1,"7-2517461","11/16/2023"
"1932","Russia","Russia","94 T-80U","destroyed","https://i.postimg.cc/QC9GXSks/477.png","2023-11-16",25,1747,1,"7-2517471","11/16/2023"
"1933","Russia","Russia","94 T-80U","destroyed","https://i.postimg.cc/q7yrqVbh/1001.jpg","2023-11-16",25,1748,1,"7-2517481","11/16/2023"
"1934","Russia","Russia","94 T-80U","destroyed","https://i.postimg.cc/mg4XyzzX/1004.jpg","2023-11-16",25,1749,1,"7-2517491","11/16/2023"
"1935","Russia","Russia","94 T-80U","destroyed","https://i.postimg.cc/rpxkmFWx/1010-t80u.jpg","2023-11-16",25,1750,1,"7-2517501","11/16/2023"
"1936","Russia","Russia","94 T-80U","abandoned","https://i.postimg.cc/JnZFQnwx/5477.png","2023-11-16",25,1751,4,"7-2517514","11/16/2023"
"1937","Russia","Russia","94 T-80U","destroyed","https://i.postimg.cc/JnZFQnwx/5477.png","2023-11-16",25,1751,1,"7-2517511","11/16/2023"
"1938","Russia","Russia","94 T-80U","abandoned","https://i.postimg.cc/5ys6P3S7/652.png","2023-11-16",25,1752,4,"7-2517524","11/16/2023"
"1939","Russia","Russia","94 T-80U","destroyed","https://i.postimg.cc/5ys6P3S7/652.png","2023-11-16",25,1752,1,"7-2517521","11/16/2023"
"1940","Russia","Russia","94 T-80U","destroyed","https://twitter.com/UAWeapons/status/1570485188786024450","2023-11-16",25,1753,1,"7-2517531","11/16/2023"
"1941","Russia","Russia","94 T-80U","destroyed","https://i.postimg.cc/5NDMqwwX/131j.png","2023-11-16",25,1754,1,"7-2517541","11/16/2023"
"1942","Russia","Russia","94 T-80U","destroyed","https://i.postimg.cc/zXD0Dc89/558p.png","2023-11-16",25,1755,1,"7-2517551","11/16/2023"
"1943","Russia","Russia","94 T-80U","destroyed","https://i.postimg.cc/LXBMPcFG/1042-t80u-destr-27-04-23.jpg","2023-11-16",25,1756,1,"7-2517561","11/16/2023"
"1944","Russia","Russia","94 T-80U","destroyed","https://i.postimg.cc/v8vqpv6t/1053-t80u-destr-15-05-23.jpg","2023-11-16",25,1757,1,"7-2517571","11/16/2023"
"1945","Russia","Russia","94 T-80U","destroyed","https://i.postimg.cc/VNmk3vK4/1301-t80u-destr-05-08-22.jpg","2023-11-16",25,1758,1,"7-2517581","11/16/2023"
"1946","Russia","Russia","94 T-80U","destroyed","https://i.postimg.cc/NFCpTYGD/1014-t80u-destr-29-05-23.jpg","2023-11-16",25,1759,1,"7-2517591","11/16/2023"
"1947","Russia","Russia","94 T-80U","destroyed","https://i.postimg.cc/yYRCdvZV/1500-t80u.jpg","2023-11-16",25,1760,1,"7-2517601","11/16/2023"
"1948","Russia","Russia","94 T-80U","damaged","https://i.postimg.cc/GhVxv3yB/1002-t80u-dam.jpg","2023-11-16",25,1761,2,"7-2517612","11/16/2023"
"1949","Russia","Russia","94 T-80U","abandoned","https://i.postimg.cc/MGTLkhhC/655.jpg","2023-11-16",25,1739,4,"7-2517394","11/16/2023"
"1950","Russia","Russia","94 T-80U","abandoned","https://i.postimg.cc/6pZrMGJj/5554.png","2023-11-16",25,1762,4,"7-2517624","11/16/2023"
"1951","Russia","Russia","94 T-80U","abandoned","https://i.postimg.cc/fT1zwVth/l2.png","2023-11-16",25,1763,4,"7-2517634","11/16/2023"
"1952","Russia","Russia","94 T-80U","abandoned","https://i.postimg.cc/rF2MjVXk/5g3.jpg","2023-11-16",25,1764,4,"7-2517644","11/16/2023"
"1953","Russia","Russia","94 T-80U","abandoned","https://i.postimg.cc/sf47Cvsh/76.jpg","2023-11-16",25,1765,4,"7-2517654","11/16/2023"
"1954","Russia","Russia","94 T-80U","damaged","https://i.postimg.cc/Pf2gzrfP/f5.png","2023-11-16",25,1766,2,"7-2517662","11/16/2023"
"1955","Russia","Russia","94 T-80U","captured","https://i.postimg.cc/Pf2gzrfP/f5.png","2023-11-16",25,1766,3,"7-2517663","11/16/2023"
"1956","Russia","Russia","94 T-80U","damaged","https://i.postimg.cc/vZ0cT4bY/47j.png","2023-11-16",25,1767,2,"7-2517672","11/16/2023"
"1957","Russia","Russia","94 T-80U","captured","https://i.postimg.cc/vZ0cT4bY/47j.png","2023-11-16",25,1767,3,"7-2517673","11/16/2023"
"1958","Russia","Russia","94 T-80U","captured","https://i.postimg.cc/qRzMckW1/5472.png","2023-11-16",25,1768,3,"7-2517683","11/16/2023"
"1959","Russia","Russia","94 T-80U","captured","https://i.postimg.cc/GtdbBMjV/4f7.png","2023-11-16",25,1769,3,"7-2517693","11/16/2023"
"1960","Russia","Russia","94 T-80U","captured","https://i.postimg.cc/GmVvVvpf/8k.png","2023-11-16",25,1770,3,"7-2517703","11/16/2023"
"1961","Russia","Russia","94 T-80U","captured","https://i.postimg.cc/wxNsmn0H/1018-t80u-capt-07-11-22.jpg","2023-11-16",25,1771,3,"7-2517713","11/16/2023"
"1962","Russia","Russia","94 T-80U","captured","https://twitter.com/UAWeapons/status/1573968779972907008","2023-11-16",25,1772,3,"7-2517723","11/16/2023"
"1963","Russia","Russia","94 T-80U","captured","https://i.postimg.cc/HxYDSTTS/542.png","2023-11-16",25,1773,3,"7-2517733","11/16/2023"
"1964","Russia","Russia","94 T-80U","captured","https://i.postimg.cc/pLq1qg8p/1002.jpg","2023-11-16",25,1774,3,"7-2517743","11/16/2023"
"1965","Russia","Russia","94 T-80U","captured","https://i.postimg.cc/JnK0gXrB/763.png","2023-11-16",25,1775,3,"7-2517753","11/16/2023"
"1966","Russia","Russia","94 T-80U","captured","https://i.postimg.cc/nrBdhrmk/3da.png","2023-11-16",25,1776,3,"7-2517763","11/16/2023"
"1967","Russia","Russia","94 T-80U","captured","https://i.postimg.cc/HL2bZ1pP/443f.png","2023-11-16",25,1777,3,"7-2517773","11/16/2023"
"1968","Russia","Russia","94 T-80U","captured","https://i.postimg.cc/nrLk93TH/d2c.png","2023-11-16",25,1778,3,"7-2517783","11/16/2023"
"1969","Russia","Russia","94 T-80U","captured","https://i.postimg.cc/W1bDL7xH/787.png","2023-11-16",25,1779,3,"7-2517793","11/16/2023"
"1970","Russia","Russia","94 T-80U","captured","https://i.postimg.cc/sXz38mY9/32d.png","2023-11-16",25,1780,3,"7-2517803","11/16/2023"
"1971","Russia","Russia","94 T-80U","captured","https://i.postimg.cc/YCx7XJ5N/4r.png","2023-11-16",25,1781,3,"7-2517813","11/16/2023"
"1972","Russia","Russia","94 T-80U","captured","https://i.postimg.cc/nc7CpXxk/4y8.png","2023-11-16",25,1782,3,"7-2517823","11/16/2023"
"1973","Russia","Russia","94 T-80U","captured","https://i.postimg.cc/9f2LgLrM/43f.jpg","2023-11-16",25,1783,3,"7-2517833","11/16/2023"
"1974","Russia","Russia","94 T-80U","captured","https://i.postimg.cc/Gpp0CYB5/c1.jpg","2023-11-16",25,1784,3,"7-2517843","11/16/2023"
"1975","Russia","Russia","94 T-80U","captured","https://i.postimg.cc/FHWbsTzf/87j.jpg","2023-11-16",25,1785,3,"7-2517853","11/16/2023"
"1976","Russia","Russia","94 T-80U","captured","https://i.postimg.cc/7LFzTNhH/5466.png","2023-11-16",25,1786,3,"7-2517863","11/16/2023"
"1977","Russia","Russia","94 T-80U","damaged","https://twitter.com/UAWeapons/status/1571501699348430849","2023-11-16",25,1787,2,"7-2517872","11/16/2023"
"1978","Russia","Russia","94 T-80U","captured","https://twitter.com/UAWeapons/status/1571501699348430849","2023-11-16",25,1787,3,"7-2517873","11/16/2023"
"1979","Russia","Russia","94 T-80U","captured","https://i.postimg.cc/PryFfPyC/1006.jpg","2023-11-16",25,1788,3,"7-2517883","11/16/2023"
"1980","Russia","Russia","94 T-80U","captured","https://i.postimg.cc/fbG8qXzr/1007.jpg","2023-11-16",25,1789,3,"7-2517893","11/16/2023"
"1981","Russia","Russia","94 T-80U","captured","https://i.postimg.cc/HkLvrdvB/1008.jpg","2023-11-16",25,1790,3,"7-2517903","11/16/2023"
"1982","Russia","Russia","94 T-80U","captured","https://twitter.com/Danspiun/status/1554950823968399367","2023-11-16",25,1791,3,"7-2517913","11/16/2023"
"1983","Russia","Russia","94 T-80U","captured","https://twitter.com/Blue_Sauron/status/1568895598777991169","2023-11-16",25,1659,3,"7-2516593","11/16/2023"
"1984","Russia","Russia","94 T-80U","captured","https://twitter.com/UAWeapons/status/1569711880675139585","2023-11-16",25,1663,3,"7-2516633","11/16/2023"
"1985","Russia","Russia","94 T-80U","captured","https://twitter.com/UAWeapons/status/1569973201358176258","2023-11-16",25,1792,3,"7-2517923","11/16/2023"
"1986","Russia","Russia","94 T-80U","damaged","https://twitter.com/UAWeapons/status/1570479830562672640","2023-11-16",25,1793,2,"7-2517932","11/16/2023"
"1987","Russia","Russia","94 T-80U","captured","https://twitter.com/UAWeapons/status/1570479830562672640","2023-11-16",25,1793,3,"7-2517933","11/16/2023"
"1988","Russia","Russia","94 T-80U","captured","https://i.postimg.cc/02QTc2CN/1024-t80u-capt-28-02-22.jpg","2023-11-16",25,1794,3,"7-2517943","11/16/2023"
"1989","Russia","Russia","94 T-80U","captured","https://i.postimg.cc/N0xBxC8j/2022-04-02-t-80u.jpg","2023-11-16",25,1795,3,"7-2517953","11/16/2023"
"1990","Russia","Russia","94 T-80U","captured","https://i.postimg.cc/595rrfGs/1013-t80u-capt-05-Oct-2022.jpg","2023-11-16",25,1796,3,"7-2517963","11/16/2023"
"1991","Russia","Russia","94 T-80U","captured","https://i.postimg.cc/GtWS2RYB/1007-t80u-dam-capt.jpg","2023-11-16",25,1797,3,"7-2517973","11/16/2023"
"1992","Russia","Russia","94 T-80U","captured","https://i.postimg.cc/1znWKMQF/1009.jpg","2023-11-16",25,1798,3,"7-2517983","11/16/2023"
"1993","Russia","Russia","94 T-80U","captured","https://i.postimg.cc/Gp7V5dDV/1007-t80u-capt.jpg","2023-11-16",25,1799,3,"7-2517993","11/16/2023"
"1994","Russia","Russia","94 T-80U","captured","https://i.postimg.cc/5N9DjYzn/390.png","2023-11-16",25,1800,3,"7-2518003","11/16/2023"
"1995","Russia","Russia","94 T-80U","captured","https://i.postimg.cc/4xQL7g72/1000-t80u.jpg","2023-11-16",25,1801,3,"7-2518013","11/16/2023"
"1996","Russia","Russia","94 T-80U","captured","https://i.postimg.cc/vBWYKzb7/47.png","2023-11-16",25,1802,3,"7-2518023","11/16/2023"
"1997","Russia","Russia","94 T-80U","captured","https://i.postimg.cc/Bb1f2rCj/b8.jpg","2023-11-16",25,1803,3,"7-2518033","11/16/2023"
"1998","Russia","Russia","T-80UK","abandoned","https://i.postimg.cc/Tw85mW08/f4.png","2023-11-16",26,1804,4,"7-2618044","11/16/2023"
"1999","Russia","Russia","T-80UK","destroyed","https://i.postimg.cc/Tw85mW08/f4.png","2023-11-16",26,1804,1,"7-2618041","11/16/2023"
"2000","Russia","Russia","T-80UK","captured","https://i.postimg.cc/RhG269gm/63.jpg","2023-11-16",26,1805,3,"7-2618053","11/16/2023"
"2001","Russia","Russia","T-80UE-1","destroyed","https://i.postimg.cc/YCSxpFYc/3d1.jpg","2023-11-16",27,1806,1,"7-2718061","11/16/2023"
"2002","Russia","Russia","T-80UE-1","destroyed","https://i.postimg.cc/8cmCrDPJ/1008-T-80-UE-1-destr-06-06-23.jpg","2023-11-16",27,1807,1,"7-2718071","11/16/2023"
"2003","Russia","Russia","T-80UE-1","captured","https://i.postimg.cc/Ls88PXB9/74.png","2023-11-16",27,1808,3,"7-2718083","11/16/2023"
"2004","Russia","Russia","T-80UE-1","captured","https://i.postimg.cc/FHDVg0xB/3dd.png","2023-11-16",27,1809,3,"7-2718093","11/16/2023"
"2005","Russia","Russia","T-80UE-1","captured","https://postlmg.cc/HVYptsVc","2023-11-16",27,1810,3,"7-2718103","11/16/2023"
"2006","Russia","Russia","T-80UE-1","captured","https://i.postimg.cc/fb0m5nJQ/4388.jpg","2023-11-16",27,1811,3,"7-2718113","11/16/2023"
"2007","Russia","Russia","T-80UM2","destroyed","https://i.postimg.cc/XJJ81n2X/68.png","2023-11-16",28,1812,1,"7-2818121","11/16/2023"
"2008","Russia","Russia","104 T-80BVM","destroyed","https://i.postimg.cc/h469K9pD/4h.png","2023-11-16",29,1813,1,"7-2918131","11/16/2023"
"2009","Russia","Russia","104 T-80BVM","destroyed","https://postimg.cc/n9zQmMvR","2023-11-16",29,1814,1,"7-2918141","11/16/2023"
"2010","Russia","Russia","104 T-80BVM","destroyed","https://i.postimg.cc/YSnxY02f/1014-t80bvm.png","2023-11-16",29,1815,1,"7-2918151","11/16/2023"
"2011","Russia","Russia","104 T-80BVM","destroyed","https://i.postimg.cc/JnXXXNbJ/1003.jpg","2023-11-16",29,1816,1,"7-2918161","11/16/2023"
"2012","Russia","Russia","104 T-80BVM","destroyed","https://i.postimg.cc/MHv6Bc4t/366.jpg","2023-11-16",29,1817,1,"7-2918171","11/16/2023"
"2013","Russia","Russia","104 T-80BVM","destroyed","https://i.postimg.cc/Dw8vCvxp/443.jpg","2023-11-16",29,1818,1,"7-2918181","11/16/2023"
"2014","Russia","Russia","104 T-80BVM","destroyed","https://i.postimg.cc/SKVJwv66/f48.png","2023-11-16",29,1819,1,"7-2918191","11/16/2023"
"2015","Russia","Russia","104 T-80BVM","destroyed","https://i.postimg.cc/QN9PJ42B/g42.jpg","2023-11-16",29,1820,1,"7-2918201","11/16/2023"
"2016","Russia","Russia","104 T-80BVM","destroyed","https://i.postimg.cc/rsrPys1G/g43.jpg","2023-11-16",29,1821,1,"7-2918211","11/16/2023"
"2017","Russia","Russia","104 T-80BVM","destroyed","https://i.postimg.cc/cLmTmFNx/ff3.jpg","2023-11-16",29,1822,1,"7-2918221","11/16/2023"
"2018","Russia","Russia","104 T-80BVM","destroyed","https://i.postimg.cc/L6wNT0jg/1010.jpg","2023-11-16",29,1823,1,"7-2918231","11/16/2023"
"2019","Russia","Russia","104 T-80BVM","destroyed","https://i.postimg.cc/pVCJD7hg/1000-t80bvm.jpg","2023-11-16",29,1824,1,"7-2918241","11/16/2023"
"2020","Russia","Russia","104 T-80BVM","destroyed","https://i.postimg.cc/G34Kvxyy/1005-t80bvm.jpg","2023-11-16",29,1825,1,"7-2918251","11/16/2023"
"2021","Russia","Russia","104 T-80BVM","destroyed","https://i.postimg.cc/d0YT59gV/1007-t80bvm.jpg","2023-11-16",29,1826,1,"7-2918261","11/16/2023"
"2022","Russia","Russia","104 T-80BVM","destroyed","https://twitter.com/UAWeapons/status/1568644104724090881","2023-11-16",29,1039,1,"7-2910391","11/16/2023"
"2023","Russia","Russia","104 T-80BVM","destroyed","https://i.postimg.cc/RCbcS5MZ/2022-09-28-T-80-BVM.jpg","2023-11-16",29,1827,1,"7-2918271","11/16/2023"
"2024","Russia","Russia","104 T-80BVM","destroyed","https://i.postimg.cc/Zq0SCqxN/1011-t80bvm.jpg","2023-11-16",29,1828,1,"7-2918281","11/16/2023"
"2025","Russia","Russia","104 T-80BVM","destroyed","https://twitter.com/UAWeapons/status/1577310511212920834","2023-11-16",29,1829,1,"7-2918291","11/16/2023"
"2026","Russia","Russia","104 T-80BVM","destroyed","https://i.postimg.cc/Y0MpMLhV/1013-t80bvm-destr.jpg","2023-11-16",29,1830,1,"7-2918301","11/16/2023"
"2027","Russia","Russia","104 T-80BVM","destroyed","https://twitter.com/UAWeapons/status/1580635435717390339","2023-11-16",29,1831,1,"7-2918311","11/16/2023"
"2028","Russia","Russia","104 T-80BVM","destroyed","https://twitter.com/UAWeapons/status/1582334588575096832","2023-11-16",29,1832,1,"7-2918321","11/16/2023"
"2029","Russia","Russia","104 T-80BVM","destroyed","https://twitter.com/UAWeapons/status/1588958407163523072","2023-11-16",29,1833,1,"7-2918331","11/16/2023"
"2030","Russia","Russia","104 T-80BVM","destroyed","https://twitter.com/UAWeapons/status/1588215458204979206","2023-11-16",29,1834,1,"7-2918341","11/16/2023"
"2031","Russia","Russia","104 T-80BVM","destroyed","https://twitter.com/UAWeapons/status/1590825960148193280","2023-11-16",29,1835,1,"7-2918351","11/16/2023"
"2032","Russia","Russia","104 T-80BVM","destroyed","https://i.postimg.cc/dt1qYDkp/1008-t80bvm-destr.jpg","2023-11-16",29,1836,1,"7-2918361","11/16/2023"
"2033","Russia","Russia","104 T-80BVM","destroyed","https://i.postimg.cc/wBG63pCF/1015-t80bvm-destr.jpg","2023-11-16",29,1837,1,"7-2918371","11/16/2023"
"2034","Russia","Russia","104 T-80BVM","destroyed","https://i.postimg.cc/GhMyZ78q/1006-t80bvm-destr.jpg","2023-11-16",29,1838,1,"7-2918381","11/16/2023"
"2035","Russia","Russia","104 T-80BVM","destroyed","https://i.postimg.cc/2yFSZ0jH/1024-t80bvm-destr-05-01-23.jpg","2023-11-16",29,1839,1,"7-2918391","11/16/2023"
"2036","Russia","Russia","104 T-80BVM","destroyed","https://twitter.com/UAWeapons/status/1620050309275058176","2023-11-16",29,791,1,"7-297911","11/16/2023"
"2037","Russia","Russia","104 T-80BVM","destroyed","https://i.postimg.cc/DZ4Snh33/t0.png","2023-11-16",29,1840,1,"7-2918401","11/16/2023"
"2038","Russia","Russia","104 T-80BVM","destroyed","https://twitter.com/UAWeapons/status/1622990039079682048","2023-11-16",29,1841,1,"7-2918411","11/16/2023"
"2039","Russia","Russia","104 T-80BVM","destroyed","https://twitter.com/UAWeapons/status/1627355631643504641","2023-11-16",29,1842,1,"7-2918421","11/16/2023"
"2040","Russia","Russia","104 T-80BVM","destroyed","https://twitter.com/UAWeapons/status/1630135537750142977","2023-11-16",29,1446,1,"7-2914461","11/16/2023"
"2041","Russia","Russia","104 T-80BVM","destroyed","https://i.postimg.cc/7ZyLH5TQ/1006-t80bvm-destr-08-03-23.jpg","2023-11-16",29,1843,1,"7-2918431","11/16/2023"
"2042","Russia","Russia","104 T-80BVM","destroyed","https://i.postimg.cc/jjQWHv0g/1010-t80bvm-destr-11-03-23.jpg","2023-11-16",29,1844,1,"7-2918441","11/16/2023"
"2043","Russia","Russia","104 T-80BVM","destroyed","https://i.postimg.cc/ZK1MFS7D/1007-t80bvm-destr-15-03-23.jpg","2023-11-16",29,1845,1,"7-2918451","11/16/2023"
"2044","Russia","Russia","104 T-80BVM","destroyed","https://i.postimg.cc/CxcKBnBr/4770.png","2023-11-16",29,1846,1,"7-2918461","11/16/2023"
"2045","Russia","Russia","104 T-80BVM","destroyed","https://i.postimg.cc/C1gvFPG7/1030-t80bvm-destr-20-06-23.jpg","2023-11-16",29,1847,1,"7-2918471","11/16/2023"
"2046","Russia","Russia","104 T-80BVM","destroyed","https://i.postimg.cc/RFZpH2h0/798p.png","2023-11-16",29,1848,1,"7-2918481","11/16/2023"
"2047","Russia","Russia","104 T-80BVM","captured","https://i.postimg.cc/MTxMwmws/2500.jpg","2023-11-16",29,1849,3,"7-2918493","11/16/2023"
"2048","Russia","Russia","104 T-80BVM","destroyed","https://i.postimg.cc/MTxMwmws/2500.jpg","2023-11-16",29,1849,1,"7-2918491","11/16/2023"
"2049","Russia","Russia","104 T-80BVM","destroyed","https://twitter.com/UAWeapons/status/1660593445864390656","2023-11-16",29,1850,1,"7-2918501","11/16/2023"
"2050","Russia","Russia","104 T-80BVM","destroyed","https://i.postimg.cc/9XZRLvWD/1301-t80bvm-destr-16-03-23.jpg","2023-11-16",29,1851,1,"7-2918511","11/16/2023"
"2051","Russia","Russia","104 T-80BVM","destroyed","https://twitter.com/UAWeapons/status/1668189765223473158","2023-11-16",29,1852,1,"7-2918521","11/16/2023"
"2052","Russia","Russia","104 T-80BVM","destroyed","https://i.postimg.cc/kX4TXtb0/1017-t80bvm-destr-26-08-22.jpg","2023-11-16",29,1853,1,"7-2918531","11/16/2023"
"2053","Russia","Russia","104 T-80BVM","destroyed","https://i.postimg.cc/1RJkMnxf/1300-t80bvm-destr-07-07-23.jpg","2023-11-16",29,1854,1,"7-2918541","11/16/2023"
"2054","Russia","Russia","104 T-80BVM","destroyed","https://i.postimg.cc/63RZZDq8/1040-t80bvm-destr-13-07-23.jpg","2023-11-16",29,1855,1,"7-2918551","11/16/2023"
"2055","Russia","Russia","104 T-80BVM","destroyed","https://i.postimg.cc/gj8vTjQ5/1004-t80bvm-destr-20-07-23.jpg","2023-11-16",29,1856,1,"7-2918561","11/16/2023"
"2056","Russia","Russia","104 T-80BVM","destroyed","https://i.postimg.cc/XNCcJ1q8/1007-t80bvm-destr-20-07-23.jpg","2023-11-16",29,1857,1,"7-2918571","11/16/2023"
"2057","Russia","Russia","104 T-80BVM","destroyed","https://i.postimg.cc/Dw2qx2gj/1036-t80bvm-destr-30-06-23.jpg","2023-11-16",29,1858,1,"7-2918581","11/16/2023"
"2058","Russia","Russia","104 T-80BVM","destroyed","https://i.postimg.cc/fbyYhB1Y/1040-t80bvm-destr-30-06-23.jpg","2023-11-16",29,1859,1,"7-2918591","11/16/2023"
"2059","Russia","Russia","104 T-80BVM","destroyed","https://i.postimg.cc/XqVQ4027/1006-t90m-destr-14-07-23.jpg","2023-11-16",29,1860,1,"7-2918601","11/16/2023"
"2060","Russia","Russia","104 T-80BVM","destroyed","https://i.postimg.cc/9fxQGWD5/1014-t80bvm-destr-10-08-22.jpg","2023-11-16",29,1861,1,"7-2918611","11/16/2023"
"2061","Russia","Russia","104 T-80BVM","destroyed","https://i.postimg.cc/rsX8PPLq/1031-t80bvm-destr-30-06-23.jpg","2023-11-16",29,1862,1,"7-2918621","11/16/2023"
"2062","Russia","Russia","104 T-80BVM","destroyed","https://i.postimg.cc/BQGbt1Q7/1022-t80bvm-destr-21-06-23.jpg","2023-11-16",29,1863,1,"7-2918631","11/16/2023"
"2063","Russia","Russia","104 T-80BVM","destroyed","https://i.postimg.cc/76DLfwhp/1040-t80bv-and-t80bvm-destr-20-08-23.jpg","2023-11-16",29,201,1,"7-292011","11/16/2023"
"2064","Russia","Russia","104 T-80BVM","destroyed","https://i.postimg.cc/pdXVXs8P/286.png","2023-11-16",29,1864,1,"7-2918641","11/16/2023"
"2065","Russia","Russia","104 T-80BVM","destroyed","https://i.postimg.cc/k48qb0qh/432.png","2023-11-16",29,1865,1,"7-2918651","11/16/2023"
"2066","Russia","Russia","104 T-80BVM","destroyed","https://i.postimg.cc/xj4Q9LF5/1022-T-80-BVM-destr-25-09-23.jpg","2023-11-16",29,1866,1,"7-2918661","11/16/2023"
"2067","Russia","Russia","104 T-80BVM","destroyed","https://i.postimg.cc/W4bmJt2d/1004-t80bvm-destr-12-10-23.jpg","2023-11-16",29,1867,1,"7-2918671","11/16/2023"
"2068","Russia","Russia","104 T-80BVM","destroyed","https://i.postimg.cc/T3v6fm6K/1029-t80bvm-destr-12-10-23.jpg","2023-11-16",29,1868,1,"7-2918681","11/16/2023"
"2069","Russia","Russia","104 T-80BVM","destroyed","https://i.postimg.cc/rsXX01LL/1036-T-80-BVM-destr-29-09-23.jpg","2023-11-16",29,1869,1,"7-2918691","11/16/2023"
"2070","Russia","Russia","104 T-80BVM","destroyed","https://i.postimg.cc/4Ndqc7Vp/1009-T-80-BVM-BTR-80-MT-LB-T-72-B3-and-Ural-4320-destr-24-11-22.jpg","2023-11-16",29,719,1,"7-297191","11/16/2023"
"2071","Russia","Russia","104 T-80BVM","damaged","https://twitter.com/UAWeapons/status/1552708993830854657","2023-11-16",29,1870,2,"7-2918702","11/16/2023"
"2072","Russia","Russia","104 T-80BVM","damaged","https://i.postimg.cc/qRpN5jRw/1002-t80bvm.jpg","2023-11-16",29,1871,2,"7-2918712","11/16/2023"
"2073","Russia","Russia","104 T-80BVM","damaged","https://i.postimg.cc/SNjfMJpJ/1035-t80bvm-dam.jpg","2023-11-16",29,1872,2,"7-2918722","11/16/2023"
"2074","Russia","Russia","104 T-80BVM","damaged","https://i.postimg.cc/0jpdhfs9/r2.jpg","2023-11-16",29,1873,2,"7-2918732","11/16/2023"
"2075","Russia","Russia","104 T-80BVM","damaged","https://i.postimg.cc/2Sgct83P/1022-t80bvm-destr-13-06-23.jpg","2023-11-16",29,1874,2,"7-2918742","11/16/2023"
"2076","Russia","Russia","104 T-80BVM","damaged","https://i.postimg.cc/g0tqwf3M/1032-T-80-BVM-dam-16-07-23.jpg","2023-11-16",29,1875,2,"7-2918752","11/16/2023"
"2077","Russia","Russia","104 T-80BVM","damaged","https://i.postimg.cc/c4R5jpYr/1001-t80bvm-dam-aband-10-07-23.jpg","2023-11-16",29,1876,2,"7-2918762","11/16/2023"
"2078","Russia","Russia","104 T-80BVM","abandoned","https://i.postimg.cc/c4R5jpYr/1001-t80bvm-dam-aband-10-07-23.jpg","2023-11-16",29,1876,4,"7-2918764","11/16/2023"
"2079","Russia","Russia","104 T-80BVM","damaged","https://i.postimg.cc/J0tMSfm3/1005-72-B3-and-80-BVM-dam-aband-20-08-23.jpg","2023-11-16",29,890,2,"7-298902","11/16/2023"
"2080","Russia","Russia","104 T-80BVM","abandoned","https://i.postimg.cc/J0tMSfm3/1005-72-B3-and-80-BVM-dam-aband-20-08-23.jpg","2023-11-16",29,890,4,"7-298904","11/16/2023"
"2081","Russia","Russia","104 T-80BVM","damaged","https://i.postimg.cc/rwk9X6Y1/1000-t80bvm-nr-14.jpg","2023-11-16",29,1877,2,"7-2918772","11/16/2023"
"2082","Russia","Russia","104 T-80BVM","captured","https://i.postimg.cc/rwk9X6Y1/1000-t80bvm-nr-14.jpg","2023-11-16",29,1877,3,"7-2918773","11/16/2023"
"2083","Russia","Russia","104 T-80BVM","captured","https://i.postimg.cc/bNbT5wgq/1005-t80bvm-capt-24-05-23.png","2023-11-16",29,1878,3,"7-2918783","11/16/2023"
"2084","Russia","Russia","104 T-80BVM","captured","https://i.postimg.cc/jdKNRZQV/v6.jpg","2023-11-16",29,1879,3,"7-2918793","11/16/2023"
"2085","Russia","Russia","104 T-80BVM","captured","https://i.postimg.cc/KzmrkB8F/bf.png","2023-11-16",29,1880,3,"7-2918803","11/16/2023"
"2086","Russia","Russia","104 T-80BVM","captured","https://i.postimg.cc/DZqKW1G3/4gf.png","2023-11-16",29,1881,3,"7-2918813","11/16/2023"
"2087","Russia","Russia","104 T-80BVM","captured","https://i.postimg.cc/Jz3zpSPT/699.jpg","2023-11-16",29,1882,3,"7-2918823","11/16/2023"
"2088","Russia","Russia","104 T-80BVM","captured","https://i.postimg.cc/zBtgdVxQ/652.png","2023-11-16",29,1883,3,"7-2918833","11/16/2023"
"2089","Russia","Russia","104 T-80BVM","captured","https://i.postimg.cc/TwC8D6n3/678.png","2023-11-16",29,1884,3,"7-2918843","11/16/2023"
"2090","Russia","Russia","104 T-80BVM","captured","https://i.postimg.cc/7LpghV24/g2.jpg","2023-11-16",29,1885,3,"7-2918853","11/16/2023"
"2091","Russia","Russia","104 T-80BVM","captured","https://i.postimg.cc/tRvyG2y7/32.png","2023-11-16",29,1886,3,"7-2918863","11/16/2023"
"2092","Russia","Russia","104 T-80BVM","captured","https://i.postimg.cc/zDd2qYhc/658.jpg","2023-11-16",29,1887,3,"7-2918873","11/16/2023"
"2093","Russia","Russia","104 T-80BVM","captured","https://i.postimg.cc/Ls5fcmpp/332.png","2023-11-16",29,1888,3,"7-2918883","11/16/2023"
"2094","Russia","Russia","104 T-80BVM","captured","https://i.postimg.cc/rFRQbXwh/h5.jpg","2023-11-16",29,1889,3,"7-2918893","11/16/2023"
"2095","Russia","Russia","104 T-80BVM","captured","https://i.postimg.cc/pT8gPXns/g78.png","2023-11-16",29,1890,3,"7-2918903","11/16/2023"
"2096","Russia","Russia","104 T-80BVM","captured","https://i.postimg.cc/QMpKGxyL/324.png","2023-11-16",29,1891,3,"7-2918913","11/16/2023"
"2097","Russia","Russia","104 T-80BVM","captured","https://i.postimg.cc/fLpZW20x/d35.png","2023-11-16",29,1892,3,"7-2918923","11/16/2023"
"2098","Russia","Russia","104 T-80BVM","captured","https://postimg.cc/xkfbcmNr","2023-11-16",29,1893,3,"7-2918933","11/16/2023"
"2099","Russia","Russia","104 T-80BVM","captured","https://twitter.com/UAWeapons/status/1569038512116334592","2023-11-16",29,1894,3,"7-2918943","11/16/2023"
"2100","Russia","Russia","104 T-80BVM","captured","https://i.postimg.cc/jqhrZ0cY/1501-t80bvm-capt.jpg","2023-11-16",29,1895,3,"7-2918953","11/16/2023"
"2101","Russia","Russia","104 T-80BVM","damaged","https://i.postimg.cc/SKr2CC26/1003-t80bvm.jpg","2023-11-16",29,1896,2,"7-2918962","11/16/2023"
"2102","Russia","Russia","104 T-80BVM","captured","https://i.postimg.cc/SKr2CC26/1003-t80bvm.jpg","2023-11-16",29,1896,3,"7-2918963","11/16/2023"
"2103","Russia","Russia","104 T-80BVM","captured","https://i.postimg.cc/hj94SdBL/488.png","2023-11-16",29,1897,3,"7-2918973","11/16/2023"
"2104","Russia","Russia","104 T-80BVM","captured","https://i.postimg.cc/G2kcWxhG/1008-t80bvm-capt.jpg","2023-11-16",29,1898,3,"7-2918983","11/16/2023"
"2105","Russia","Russia","104 T-80BVM","captured","https://i.postimg.cc/FzphRFSK/1012-t80bvm-capt.jpg","2023-11-16",29,1899,3,"7-2918993","11/16/2023"
"2106","Russia","Russia","104 T-80BVM","captured","https://twitter.com/UAWeapons/status/1578057102626537472","2023-11-16",29,1900,3,"7-2919003","11/16/2023"
"2107","Russia","Russia","104 T-80BVM","damaged","https://i.postimg.cc/W3S234zd/1031-t80bvm-dam-capt.jpg","2023-11-16",29,1901,2,"7-2919012","11/16/2023"
"2108","Russia","Russia","104 T-80BVM","captured","https://i.postimg.cc/W3S234zd/1031-t80bvm-dam-capt.jpg","2023-11-16",29,1901,3,"7-2919013","11/16/2023"
"2109","Russia","Russia","104 T-80BVM","captured","https://i.postimg.cc/5yzWxdKB/1015-t80bvm-capt.jpg","2023-11-16",29,1902,3,"7-2919023","11/16/2023"
"2110","Russia","Russia","104 T-80BVM","captured","https://i.postimg.cc/FKrZysss/1028-t80bvm-capt.jpg","2023-11-16",29,1903,3,"7-2919033","11/16/2023"
"2111","Russia","Russia","104 T-80BVM","captured","https://twitter.com/UAWeapons/status/1584210907332083713","2023-11-16",29,1904,3,"7-2919043","11/16/2023"
"2112","Russia","Russia","104 T-80BVM","damaged","https://twitter.com/UAWeapons/status/1589003470040100869","2023-11-16",29,1905,2,"7-2919052","11/16/2023"
"2113","Russia","Russia","104 T-80BVM","captured","https://twitter.com/UAWeapons/status/1589003470040100869","2023-11-16",29,1905,3,"7-2919053","11/16/2023"
"2114","Russia","Russia","104 T-80BVM","captured","https://i.postimg.cc/hG5kw26r/1006-t80bvm-captured-and-stripped.jpg","2023-11-16",29,1906,3,"7-2919063","11/16/2023"
"2115","Russia","Russia","104 T-80BVM","captured","https://i.postimg.cc/NfVhpKMn/1000-t80bvm-capt.jpg","2023-11-16",29,1907,3,"7-2919073","11/16/2023"
"2116","Russia","Russia","104 T-80BVM","captured","https://i.postimg.cc/sxq0VQ80/1022-t80bvm-capt-08-01-23.jpg","2023-11-16",29,1908,3,"7-2919083","11/16/2023"
"2117","Russia","Russia","104 T-80BVM","captured","https://i.postimg.cc/mg86Vqy2/87.png","2023-11-16",29,1909,3,"7-2919093","11/16/2023"
"2118","Russia","Russia","T-80BVM Obr. 2022","destroyed","https://twitter.com/UAWeapons/status/1619347400312913923","2023-11-16",30,1910,1,"7-3019101","11/16/2023"
"2119","Russia","Russia","T-80BVM Obr. 2022","destroyed","https://i.postimg.cc/wMDRKRqm/1301-t80bvm-destr-13-05-23.jpg","2023-11-16",30,1911,1,"7-3019111","11/16/2023"
"2120","Russia","Russia","T-80BVM Obr. 2022","destroyed","https://i.postimg.cc/65bYJgCt/1037-80-BVM-obr-2022-destr-16-07-23.jpg","2023-11-16",30,1912,1,"7-3019121","11/16/2023"
"2121","Russia","Russia","T-80BVM Obr. 2022","destroyed","https://i.postimg.cc/DyCkh0hY/379.png","2023-11-16",30,1913,1,"7-3019131","11/16/2023"
"2122","Russia","Russia","T-80BVM Obr. 2022","destroyed","https://i.postimg.cc/Kv9wVd76/1038-T-80-BVM-Obr-2022-destr-12-10-23.jpg","2023-11-16",30,1914,1,"7-3019141","11/16/2023"
"2123","Russia","Russia","T-80BVM Obr. 2022","destroyed","https://i.postimg.cc/1txzNrb7/1201-t80bvm-2022-destr-11-10-23.jpg","2023-11-16",30,1915,1,"7-3019151","11/16/2023"
"2124","Russia","Russia","T-80BVM Obr. 2022","damaged","https://twitter.com/UAWeapons/status/1660286197497753600","2023-11-16",30,1479,2,"7-3014792","11/16/2023"
"2125","Russia","Russia","T-80BVM Obr. 2022","abandoned","https://twitter.com/UAWeapons/status/1660286197497753600","2023-11-16",30,1479,4,"7-3014794","11/16/2023"
"2126","Russia","Russia","Unknown T-80","destroyed","https://twitter.com/UAWeapons/status/1569229438864195589","2023-11-16",31,1916,1,"7-3119161","11/16/2023"
"2127","Russia","Russia","Unknown T-80","destroyed","https://twitter.com/Blue_Sauron/status/1590426914686402560","2023-11-16",31,1917,1,"7-3119171","11/16/2023"
"2128","Russia","Russia","Unknown T-80","destroyed","https://twitter.com/naalsio26/status/1652121622910849024","2023-11-16",31,1918,1,"7-3119181","11/16/2023"
"2129","Russia","Russia","Unknown T-80","destroyed","https://i.postimg.cc/prLXJCDC/1042-t80bvm-unkn-t80-bmp1-and-bmp2-destr-20-08-23.jpg","2023-11-16",31,1719,1,"7-3117191","11/16/2023"
"2130","Russia","Russia","Unknown T-80","damaged","https://i.postimg.cc/fRTWmwwr/1010-unkn-T80-dam-22-04-23.jpg","2023-11-16",31,1919,2,"7-3119192","11/16/2023"
"2131","Russia","Russia","Unknown T-80","damaged","https://i.postimg.cc/8PX3CG1d/1051-unkn-t80-dam-30-09-23.png","2023-11-16",31,1920,2,"7-3119202","11/16/2023"
"2132","Russia","Russia","Unknown T-80","damaged","https://i.postimg.cc/c1RSYb7Q/1005-16-10-23.jpg","2023-11-16",31,1921,2,"7-3119212","11/16/2023"
"2133","Russia","Russia","Unknown T-80","abandoned","https://i.postimg.cc/c1RSYb7Q/1005-16-10-23.jpg","2023-11-16",31,1921,4,"7-3119214","11/16/2023"
"2134","Russia","Russia","Unknown T-80","captured","https://twitter.com/Blue_Sauron/status/1568895598777991169","2023-11-16",31,1659,3,"7-3116593","11/16/2023"
"2135","Russia","Russia","T-90A","destroyed","https://i.postimg.cc/4dtYkZVp/43.png","2023-11-16",32,1922,1,"7-3219221","11/16/2023"
"2136","Russia","Russia","T-90A","destroyed","https://i.postimg.cc/VsC0bQZ3/541.png","2023-11-16",32,1923,1,"7-3219231","11/16/2023"
"2137","Russia","Russia","T-90A","destroyed","https://i.postimg.cc/T2DGFDC5/h65.png","2023-11-16",32,1924,1,"7-3219241","11/16/2023"
"2138","Russia","Russia","T-90A","destroyed","https://i.postimg.cc/bNjTnG5H/762.png","2023-11-16",32,1925,1,"7-3219251","11/16/2023"
"2139","Russia","Russia","T-90A","destroyed","https://i.postimg.cc/Dy8ngXMd/887.jpg","2023-11-16",32,1926,1,"7-3219261","11/16/2023"
"2140","Russia","Russia","T-90A","destroyed","https://i.postimg.cc/FRT4p7BY/1016-t90a-destr-06-05-23.jpg","2023-11-16",32,1927,1,"7-3219271","11/16/2023"
"2141","Russia","Russia","T-90A","destroyed","https://i.postimg.cc/YCR6HGkq/76.jpg","2023-11-16",32,1928,1,"7-3219281","11/16/2023"
"2142","Russia","Russia","T-90A","destroyed","https://i.postimg.cc/hv56LFZ3/t5.png","2023-11-16",32,1929,1,"7-3219291","11/16/2023"
"2143","Russia","Russia","T-90A","abandoned","https://i.postimg.cc/90XRZvq9/4432.png","2023-11-16",32,1930,4,"7-3219304","11/16/2023"
"2144","Russia","Russia","T-90A","destroyed","https://i.postimg.cc/90XRZvq9/4432.png","2023-11-16",32,1930,1,"7-3219301","11/16/2023"
"2145","Russia","Russia","T-90A","destroyed","https://i.postimg.cc/fT6XqX87/1017-t90a-destr-18-03-23.jpg","2023-11-16",32,1931,1,"7-3219311","11/16/2023"
"2146","Russia","Russia","T-90A","destroyed","https://twitter.com/UAWeapons/status/1570091921846026240","2023-11-16",32,1932,1,"7-3219321","11/16/2023"
"2147","Russia","Russia","T-90A","destroyed","https://twitter.com/RALee85/status/1575159507549933568","2023-11-16",32,1933,1,"7-3219331","11/16/2023"
"2148","Russia","Russia","T-90A","destroyed","https://twitter.com/Blue_Sauron/status/1592581707173355520","2023-11-16",32,1934,1,"7-3219341","11/16/2023"
"2149","Russia","Russia","T-90A","destroyed","https://i.postimg.cc/W1F61by5/1021-t90a-destr.jpg","2023-11-16",32,1935,1,"7-3219351","11/16/2023"
"2150","Russia","Russia","T-90A","destroyed","https://i.postimg.cc/KvMdnZLL/1010-t90a-destr-20-11-22.jpg","2023-11-16",32,1936,1,"7-3219361","11/16/2023"
"2151","Russia","Russia","T-90A","destroyed","https://i.postimg.cc/50fCkvNT/1025-T90-A-destr-11-12-22.jpg","2023-11-16",32,1937,1,"7-3219371","11/16/2023"
"2152","Russia","Russia","T-90A","destroyed","https://i.postimg.cc/J0GF614Q/1021-t90a-destr-16-01-23.jpg","2023-11-16",32,1938,1,"7-3219381","11/16/2023"
"2153","Russia","Russia","T-90A","destroyed","https://i.postimg.cc/zDwVhfgY/1009-t90a-destr-28-01-23.jpg","2023-11-16",32,1939,1,"7-3219391","11/16/2023"
"2154","Russia","Russia","T-90A","destroyed","https://twitter.com/UAWeapons/status/1620050309275058176","2023-11-16",32,791,1,"7-327911","11/16/2023"
"2155","Russia","Russia","T-90A","destroyed","https://i.postimg.cc/JnBzwZbG/1021-t90a-destr-14-03-23.jpg","2023-11-16",32,1940,1,"7-3219401","11/16/2023"
"2156","Russia","Russia","T-90A","destroyed","https://twitter.com/UAWeapons/status/1697642444538384548","2023-11-16",32,1299,1,"7-3212991","11/16/2023"
"2157","Russia","Russia","T-90A","damaged","https://i.postimg.cc/nzG3M4TJ/1047-t90a-dam-30-04-23.jpg","2023-11-16",32,1941,2,"7-3219412","11/16/2023"
"2158","Russia","Russia","T-90A","abandoned","https://i.postimg.cc/5txSTbY7/368.png","2023-11-16",32,1942,4,"7-3219424","11/16/2023"
"2159","Russia","Russia","T-90A","damaged","https://i.postimg.cc/8kxTJ87j/1006-1x-t72b3-destr-1x-t90a-destr-09-02-23.jpg","2023-11-16",32,888,2,"7-328882","11/16/2023"
"2160","Russia","Russia","T-90A","abandoned","https://i.postimg.cc/8kxTJ87j/1006-1x-t72b3-destr-1x-t90a-destr-09-02-23.jpg","2023-11-16",32,888,4,"7-328884","11/16/2023"
"2161","Russia","Russia","T-90A","captured","https://i.postimg.cc/85Vs1vt5/v6.jpg","2023-11-16",32,1943,3,"7-3219433","11/16/2023"
"2162","Russia","Russia","T-90A","captured","https://i.postimg.cc/L6XCZSwz/3f4.png","2023-11-16",32,1944,3,"7-3219443","11/16/2023"
"2163","Russia","Russia","T-90A","captured","https://i.postimg.cc/hPHLMRrc/65h.png","2023-11-16",32,1945,3,"7-3219453","11/16/2023"
"2164","Russia","Russia","T-90A","captured","https://i.postimg.cc/Z5kD2N6W/1024-t90a-capt-08-01-23.jpg","2023-11-16",32,1946,3,"7-3219463","11/16/2023"
"2165","Russia","Russia","T-90A","captured","https://i.postimg.cc/Cdp0dM2b/1023-t90a-capt.jpg","2023-11-16",32,1947,3,"7-3219473","11/16/2023"
"2166","Russia","Russia","T-90A","captured","https://i.postimg.cc/Nj7PbcQ4/466.png","2023-11-16",32,1948,3,"7-3219483","11/16/2023"
"2167","Russia","Russia","T-90A","captured","https://i.postimg.cc/Wbw3jKGG/4j.png","2023-11-16",32,1949,3,"7-3219493","11/16/2023"
"2168","Russia","Russia","T-90A","captured","https://i.postimg.cc/02nsRB7F/36.png","2023-11-16",32,1950,3,"7-3219503","11/16/2023"
"2169","Russia","Russia","T-90A","captured","https://twitter.com/UAWeapons/status/1573971359092412416","2023-11-16",32,1951,3,"7-3219513","11/16/2023"
"2170","Russia","Russia","1 T-90AK","captured","https://i.postimg.cc/c1Yh3kKH/1300-t90ak-capt-02-03-22.jpg","2023-11-16",33,1952,3,"7-3319523","11/16/2023"
"2171","Russia","Russia","7 T-90S","destroyed","https://twitter.com/UAWeapons/status/1610679194413076480","2023-11-16",34,1953,1,"7-3419531","11/16/2023"
"2172","Russia","Russia","7 T-90S","destroyed","https://i.postimg.cc/MGq3K8Px/1039-t90s-destr-09-01-23.jpg","2023-11-16",34,1954,1,"7-3419541","11/16/2023"
"2173","Russia","Russia","7 T-90S","destroyed","https://twitter.com/UAWeapons/status/1622633889314250752","2023-11-16",34,1955,1,"7-3419551","11/16/2023"
"2174","Russia","Russia","7 T-90S","destroyed","https://twitter.com/UAWeapons/status/1652326195730567168","2023-11-16",34,1956,1,"7-3419561","11/16/2023"
"2175","Russia","Russia","7 T-90S","damaged","https://twitter.com/UAWeapons/status/1622633889314250752","2023-11-16",34,1955,2,"7-3419552","11/16/2023"
"2176","Russia","Russia","7 T-90S","abandoned","https://twitter.com/UAWeapons/status/1622633889314250752","2023-11-16",34,1955,4,"7-3419554","11/16/2023"
"2177","Russia","Russia","7 T-90S","captured","https://twitter.com/UAWeapons/status/1613325613795770371","2023-11-16",34,1957,3,"7-3419573","11/16/2023"
"2178","Russia","Russia","T-90M","destroyed","https://i.postimg.cc/9QQkNyG5/69.png","2023-11-16",35,1958,1,"7-3519581","11/16/2023"
"2179","Russia","Russia","T-90M","destroyed","https://twitter.com/UAWeapons/status/1596126216133971969","2023-11-16",35,1054,1,"7-3510541","11/16/2023"
"2180","Russia","Russia","T-90M","destroyed","https://twitter.com/UAWeapons/status/1607424741903851522","2023-11-16",35,1959,1,"7-3519591","11/16/2023"
"2181","Russia","Russia","T-90M","destroyed","https://i.postimg.cc/ydwNCp5H/3272.png","2023-11-16",35,1960,1,"7-3519601","11/16/2023"
"2182","Russia","Russia","T-90M","destroyed","https://twitter.com/Danspiun/status/1640028810736279552","2023-11-16",35,1961,1,"7-3519611","11/16/2023"
"2183","Russia","Russia","T-90M","destroyed","https://twitter.com/UAWeapons/status/1628838977271697412","2023-11-16",35,1962,1,"7-3519621","11/16/2023"
"2184","Russia","Russia","T-90M","destroyed","https://i.postimg.cc/7hX0fsQQ/1011-t90-M-destr-22-02-23.jpg","2023-11-16",35,1963,1,"7-3519631","11/16/2023"
"2185","Russia","Russia","T-90M","destroyed","https://i.postimg.cc/GmkHGFCC/1015-t90m-destr-23-11-22.jpg","2023-11-16",35,1964,1,"7-3519641","11/16/2023"
"2186","Russia","Russia","T-90M","destroyed","https://i.postimg.cc/nLXKpg3z/860.png","2023-11-16",35,1965,1,"7-3519651","11/16/2023"
"2187","Russia","Russia","T-90M","destroyed","https://twitter.com/bayraktar_1love/status/1718665324260647079","2023-11-16",35,1966,1,"7-3519661","11/16/2023"
"2188","Russia","Russia","T-90M","destroyed","https://twitter.com/UAWeapons/status/1643903272506327040","2023-11-16",35,1967,1,"7-3519671","11/16/2023"
"2189","Russia","Russia","T-90M","destroyed","https://twitter.com/UAWeapons/status/1654156620383789056","2023-11-16",35,1968,1,"7-3519681","11/16/2023"
"2190","Russia","Russia","T-90M","destroyed","https://twitter.com/bayraktar_1love/status/1717282837173330045","2023-11-16",35,1214,1,"7-3512141","11/16/2023"
"2191","Russia","Russia","T-90M","destroyed","https://twitter.com/UAWeapons/status/1664687807418212352","2023-11-16",35,1969,1,"7-3519691","11/16/2023"
"2192","Russia","Russia","T-90M","destroyed","https://twitter.com/UAWeapons/status/1676552154843164672","2023-11-16",35,1970,1,"7-3519701","11/16/2023"
"2193","Russia","Russia","T-90M","destroyed","https://i.postimg.cc/KjcDC4Ch/1010-t90m-destr-12-07-23.jpg","2023-11-16",35,1971,1,"7-3519711","11/16/2023"
"2194","Russia","Russia","T-90M","destroyed","https://twitter.com/UAWeapons/status/1681632156097847296","2023-11-16",35,1972,1,"7-3519721","11/16/2023"
"2195","Russia","Russia","T-90M","destroyed","https://i.postimg.cc/dQWxztfy/1009-t90m-destr-07-08-23.jpg","2023-11-16",35,1973,1,"7-3519731","11/16/2023"
"2196","Russia","Russia","T-90M","destroyed","https://i.postimg.cc/3w5mwLLt/1024-t90m-destr-11-09-23.jpg","2023-11-16",35,1974,1,"7-3519741","11/16/2023"
"2197","Russia","Russia","T-90M","destroyed","https://i.postimg.cc/wjqGp1m9/332.png","2023-11-16",35,1975,1,"7-3519751","11/16/2023"
"2198","Russia","Russia","T-90M","destroyed","https://i.postimg.cc/fyqzxcvW/27.png","2023-11-16",35,1976,1,"7-3519761","11/16/2023"
"2199","Russia","Russia","T-90M","destroyed","https://twitter.com/naalsio26/status/1702377660737900821","2023-11-16",35,1977,1,"7-3519771","11/16/2023"
"2200","Russia","Russia","T-90M","destroyed","https://i.postimg.cc/B6vW0vTR/1002-t90m-destr-01-10-23.jpg","2023-11-16",35,1978,1,"7-3519781","11/16/2023"
"2201","Russia","Russia","T-90M","destroyed","https://i.postimg.cc/SRXwnttr/1048-t90m-destr-01-10-23.jpg","2023-11-16",35,1979,1,"7-3519791","11/16/2023"
"2202","Russia","Russia","T-90M","destroyed","https://i.postimg.cc/jdVtWzd1/1301-t90m-destr-06-10-23.jpg","2023-11-16",35,1980,1,"7-3519801","11/16/2023"
"2203","Russia","Russia","T-90M","destroyed","https://i.postimg.cc/jS6ZtrL5/1028-t90m-destr-08-10-23.jpg","2023-11-16",35,1981,1,"7-3519811","11/16/2023"
"2204","Russia","Russia","T-90M","destroyed","https://i.postimg.cc/L5Z3Wccm/1029-t90m-destr-08-10-23.jpg","2023-11-16",35,1982,1,"7-3519821","11/16/2023"
"2205","Russia","Russia","T-90M","destroyed","https://i.postimg.cc/ZRtys5f7/1035-t90m-destr-15-10-23.jpg","2023-11-16",35,1983,1,"7-3519831","11/16/2023"
"2206","Russia","Russia","T-90M","destroyed","https://i.postimg.cc/j5bfZYVf/1029-T-90-M-destr-31-08-23.jpg","2023-11-16",35,1984,1,"7-3519841","11/16/2023"
"2207","Russia","Russia","T-90M","damaged","https://twitter.com/UAWeapons/status/1586020392044761089","2023-11-16",35,1985,2,"7-3519852","11/16/2023"
"2208","Russia","Russia","T-90M","damaged","https://twitter.com/UAWeapons/status/1603095789768769536","2023-11-16",35,1986,2,"7-3519862","11/16/2023"
"2209","Russia","Russia","T-90M","damaged","https://twitter.com/UAWeapons/status/1608913553704226816","2023-11-16",35,1987,2,"7-3519872","11/16/2023"
"2210","Russia","Russia","T-90M","damaged","https://i.postimg.cc/KzPDFFmB/1000-t90m-dam-28-06-23.jpg","2023-11-16",35,1988,2,"7-3519882","11/16/2023"
"2211","Russia","Russia","T-90M","damaged","https://twitter.com/NOELreports/status/1678411936394891267","2023-11-16",35,1989,2,"7-3519892","11/16/2023"
"2212","Russia","Russia","T-90M","damaged","https://i.postimg.cc/C5J6np7R/1006-t90m-dam-17-07-23.jpg","2023-11-16",35,1990,2,"7-3519902","11/16/2023"
"2213","Russia","Russia","T-90M","damaged","https://i.postimg.cc/jj76dcgj/335.png","2023-11-16",35,1991,2,"7-3519912","11/16/2023"
"2214","Russia","Russia","T-90M","damaged","https://twitter.com/NOELreports/status/1662073671949725697","2023-11-16",35,1992,2,"7-3519922","11/16/2023"
"2215","Russia","Russia","T-90M","damaged","https://twitter.com/UAWeapons/status/1581733028870488064","2023-11-16",35,1993,2,"7-3519932","11/16/2023"
"2216","Russia","Russia","T-90M","abandoned","https://twitter.com/UAWeapons/status/1581733028870488064","2023-11-16",35,1993,4,"7-3519934","11/16/2023"
"2217","Russia","Russia","T-90M","damaged","https://i.postimg.cc/NfvGCqFJ/1043-t90m-dam-aband-18-02-23.jpg","2023-11-16",35,1994,2,"7-3519942","11/16/2023"
"2218","Russia","Russia","T-90M","abandoned","https://i.postimg.cc/NfvGCqFJ/1043-t90m-dam-aband-18-02-23.jpg","2023-11-16",35,1994,4,"7-3519944","11/16/2023"
"2219","Russia","Russia","T-90M","damaged","https://i.postimg.cc/VN02R8fZ/1023-t90m-dam-aband-04-08-23.jpg","2023-11-16",35,1995,2,"7-3519952","11/16/2023"
"2220","Russia","Russia","T-90M","abandoned","https://i.postimg.cc/VN02R8fZ/1023-t90m-dam-aband-04-08-23.jpg","2023-11-16",35,1995,4,"7-3519954","11/16/2023"
"2221","Russia","Russia","T-90M","damaged","https://twitter.com/UAWeapons/status/1691132746171666448","2023-11-16",35,1716,2,"7-3517162","11/16/2023"
"2222","Russia","Russia","T-90M","abandoned","https://twitter.com/UAWeapons/status/1691132746171666448","2023-11-16",35,1716,4,"7-3517164","11/16/2023"
"2223","Russia","Russia","T-90M","damaged","https://postimg.cc/7C4qWVjY","2023-11-16",35,1996,2,"7-3519962","11/16/2023"
"2224","Russia","Russia","T-90M","abandoned","https://postimg.cc/7C4qWVjY","2023-11-16",35,1996,4,"7-3519964","11/16/2023"
"2225","Russia","Russia","T-90M","damaged","https://i.postimg.cc/XqwfQ1XR/245.png","2023-11-16",35,1997,2,"7-3519972","11/16/2023"
"2226","Russia","Russia","T-90M","abandoned","https://i.postimg.cc/XqwfQ1XR/245.png","2023-11-16",35,1997,4,"7-3519974","11/16/2023"
"2227","Russia","Russia","T-90M","damaged","https://i.postimg.cc/W4X8q6mc/1000-T-90-M-dam-aband-05-10-23.png","2023-11-16",35,1998,2,"7-3519982","11/16/2023"
"2228","Russia","Russia","T-90M","abandoned","https://i.postimg.cc/W4X8q6mc/1000-T-90-M-dam-aband-05-10-23.png","2023-11-16",35,1998,4,"7-3519984","11/16/2023"
"2229","Russia","Russia","T-90M","damaged","https://i.postimg.cc/kGsz7H0t/1012-t90m-dam-aband-23-10-23.jpg","2023-11-16",35,1999,2,"7-3519992","11/16/2023"
"2230","Russia","Russia","T-90M","abandoned","https://i.postimg.cc/kGsz7H0t/1012-t90m-dam-aband-23-10-23.jpg","2023-11-16",35,1999,4,"7-3519994","11/16/2023"
"2231","Russia","Russia","T-90M","captured","https://i.postimg.cc/ZKSvFkdP/1000.jpg","2023-11-16",35,2000,3,"7-3520003","11/16/2023"
"2232","Russia","Russia","T-90M","captured","https://twitter.com/UAWeapons/status/1599145281538641920","2023-11-16",35,2001,3,"7-3520013","11/16/2023"
"2233","Russia","Russia","T-90M","captured","https://i.postimg.cc/9MS80Tgb/769.png","2023-11-16",35,2002,3,"7-3520023","11/16/2023"
"2234","Russia","Russia","286 Unknown tank","destroyed","https://i.postimg.cc/ZYXm1v90/d1k.png","2023-11-16",36,2003,1,"7-3620031","11/16/2023"
"2235","Russia","Russia","286 Unknown tank","destroyed","https://i.postimg.cc/PxJk1gpS/4688.png","2023-11-16",36,2004,1,"7-3620041","11/16/2023"
"2236","Russia","Russia","286 Unknown tank","destroyed","https://i.postimg.cc/DzBFGGz9/m9.jpg","2023-11-16",36,2005,1,"7-3620051","11/16/2023"
"2237","Russia","Russia","286 Unknown tank","destroyed","https://twitter.com/UAWeapons/status/1503839555555889153","2023-11-16",36,2006,1,"7-3620061","11/16/2023"
"2238","Russia","Russia","286 Unknown tank","destroyed","https://i.postimg.cc/FzXxr0rk/32.png","2023-11-16",36,2007,1,"7-3620071","11/16/2023"
"2239","Russia","Russia","286 Unknown tank","destroyed","https://twitter.com/UAWeapons/status/1505645975767064580","2023-11-16",36,2008,1,"7-3620081","11/16/2023"
"2240","Russia","Russia","286 Unknown tank","destroyed","https://i.postimg.cc/zXwV0qJ5/544.jpg","2023-11-16",36,2009,1,"7-3620091","11/16/2023"
"2241","Russia","Russia","286 Unknown tank","destroyed","https://i.postimg.cc/NMKQLbn8/8jj.jpg","2023-11-16",36,2010,1,"7-3620101","11/16/2023"
"2242","Russia","Russia","286 Unknown tank","destroyed","https://twitter.com/UAWeapons/status/1508569156525998084","2023-11-16",36,2011,1,"7-3620111","11/16/2023"
"2243","Russia","Russia","286 Unknown tank","destroyed","https://i.postimg.cc/MKS7yF3G/1007.jpg","2023-11-16",36,2012,1,"7-3620121","11/16/2023"
"2244","Russia","Russia","286 Unknown tank","destroyed","https://i.postimg.cc/cLzxC5Gj/1008.jpg","2023-11-16",36,2013,1,"7-3620131","11/16/2023"
"2245","Russia","Russia","286 Unknown tank","destroyed","https://i.postimg.cc/5ySG8G0n/2f.png","2023-11-16",36,2014,1,"7-3620141","11/16/2023"
"2246","Russia","Russia","286 Unknown tank","destroyed","https://i.postimg.cc/NjWVL03k/3211.jpg","2023-11-16",36,2015,1,"7-3620151","11/16/2023"
"2247","Russia","Russia","286 Unknown tank","destroyed","https://twitter.com/UAWeapons/status/1510015312648888325","2023-11-16",36,2016,1,"7-3620161","11/16/2023"
"2248","Russia","Russia","286 Unknown tank","destroyed","https://i.postimg.cc/L4vGhBYH/1019-unkn-tank-destr-31-10-23.jpg","2023-11-16",36,2017,1,"7-3620171","11/16/2023"
"2249","Russia","Russia","286 Unknown tank","destroyed","https://twitter.com/UAWeapons/status/1511724218848849920","2023-11-16",36,2018,1,"7-3620181","11/16/2023"
"2250","Russia","Russia","286 Unknown tank","destroyed","https://twitter.com/UAWeapons/status/1512009619387957254","2023-11-16",36,2019,1,"7-3620191","11/16/2023"
"2251","Russia","Russia","286 Unknown tank","destroyed","https://twitter.com/UAWeapons/status/1511692761048784907","2023-11-16",36,2020,1,"7-3620201","11/16/2023"
"2252","Russia","Russia","286 Unknown tank","destroyed","https://i.postimg.cc/Bb7b5KMJ/1015-unkn-tank-destr.jpg","2023-11-16",36,2021,1,"7-3620211","11/16/2023"
"2253","Russia","Russia","286 Unknown tank","destroyed","https://twitter.com/UAWeapons/status/1671122223250243585","2023-11-16",36,2022,1,"7-3620221","11/16/2023"
"2254","Russia","Russia","286 Unknown tank","destroyed","https://twitter.com/UAWeapons/status/1515784115055960071","2023-11-16",36,2023,1,"7-3620231","11/16/2023"
"2255","Russia","Russia","286 Unknown tank","destroyed","https://i.postimg.cc/pVZ9ZdST/1004-unkn-tank.jpg","2023-11-16",36,2024,1,"7-3620241","11/16/2023"
"2256","Russia","Russia","286 Unknown tank","destroyed","https://twitter.com/UAWeapons/status/1518654601611956229","2023-11-16",36,2025,1,"7-3620251","11/16/2023"
"2257","Russia","Russia","286 Unknown tank","destroyed","https://twitter.com/UAWeapons/status/1518654644544802818","2023-11-16",36,2026,1,"7-3620261","11/16/2023"
"2258","Russia","Russia","286 Unknown tank","destroyed","https://twitter.com/UAWeapons/status/1574819474984902660","2023-11-16",36,2027,1,"7-3620271","11/16/2023"
"2259","Russia","Russia","286 Unknown tank","destroyed","https://i.postimg.cc/pTqLw6r7/g11.jpg","2023-11-16",36,2028,1,"7-3620281","11/16/2023"
"2260","Russia","Russia","286 Unknown tank","destroyed","https://i.postimg.cc/d1fv2Z0W/448.png","2023-11-16",36,2029,1,"7-3620291","11/16/2023"
"2261","Russia","Russia","286 Unknown tank","destroyed","https://twitter.com/UAWeapons/status/1519750346498883585","2023-11-16",36,2030,1,"7-3620301","11/16/2023"
"2262","Russia","Russia","286 Unknown tank","destroyed","https://twitter.com/UAWeapons/status/1520054564732510215","2023-11-16",36,2031,1,"7-3620311","11/16/2023"
"2263","Russia","Russia","286 Unknown tank","destroyed","https://twitter.com/UAWeapons/status/1584532037829939200","2023-11-16",36,995,1,"7-369951","11/16/2023"
"2264","Russia","Russia","286 Unknown tank","destroyed","https://i.postimg.cc/9Q1J9NX2/444.jpg","2023-11-16",36,2032,1,"7-3620321","11/16/2023"
"2265","Russia","Russia","286 Unknown tank","destroyed","https://i.postimg.cc/kMQNyLLV/3f3.jpg","2023-11-16",36,2033,1,"7-3620331","11/16/2023"
"2266","Russia","Russia","286 Unknown tank","destroyed","https://i.postimg.cc/ZnP0rRzK/3d.png","2023-11-16",36,2034,1,"7-3620341","11/16/2023"
"2267","Russia","Russia","286 Unknown tank","destroyed","https://i.postimg.cc/nc1rvgYx/1006-unkn-tank-destr.jpg","2023-11-16",36,2035,1,"7-3620351","11/16/2023"
"2268","Russia","Russia","286 Unknown tank","destroyed","https://twitter.com/UAWeapons/status/1524370554438004736","2023-11-16",36,2036,1,"7-3620361","11/16/2023"
"2269","Russia","Russia","286 Unknown tank","destroyed","https://twitter.com/UAWeapons/status/1522214564380569605","2023-11-16",36,2037,1,"7-3620371","11/16/2023"
"2270","Russia","Russia","286 Unknown tank","destroyed","https://twitter.com/UAWeapons/status/1529111411489636358","2023-11-16",36,2038,1,"7-3620381","11/16/2023"
"2271","Russia","Russia","286 Unknown tank","destroyed","https://i.postimg.cc/Hkc4GppB/4436.png","2023-11-16",36,2039,1,"7-3620391","11/16/2023"
"2272","Russia","Russia","286 Unknown tank","destroyed","https://twitter.com/UAWeapons/status/1529828913882583040","2023-11-16",36,2040,1,"7-3620401","11/16/2023"
"2273","Russia","Russia","286 Unknown tank","destroyed","https://i.postimg.cc/PxD6kXQc/7666.jpg","2023-11-16",36,2041,1,"7-3620411","11/16/2023"
"2274","Russia","Russia","286 Unknown tank","destroyed","https://i.postimg.cc/KcBq1j22/5559.png","2023-11-16",36,2042,1,"7-3620421","11/16/2023"
"2275","Russia","Russia","286 Unknown tank","destroyed","https://i.postimg.cc/m2bVTrzz/4431.jpg","2023-11-16",36,2043,1,"7-3620431","11/16/2023"
"2276","Russia","Russia","286 Unknown tank","destroyed","https://i.postimg.cc/vmDJngJK/dd2.jpg","2023-11-16",36,2044,1,"7-3620441","11/16/2023"
"2277","Russia","Russia","286 Unknown tank","destroyed","https://twitter.com/UAWeapons/status/1535549426261008385","2023-11-16",36,2045,1,"7-3620451","11/16/2023"
"2278","Russia","Russia","286 Unknown tank","destroyed","https://i.postimg.cc/x1DGkX3Q/28.png","2023-11-16",36,2046,1,"7-3620461","11/16/2023"
"2279","Russia","Russia","286 Unknown tank","destroyed","https://twitter.com/UAWeapons/status/1537135796490231808","2023-11-16",36,2047,1,"7-3620471","11/16/2023"
"2280","Russia","Russia","286 Unknown tank","destroyed","https://i.postimg.cc/nrwYRpSP/1009-unkn-tank-destr.jpg","2023-11-16",36,2048,1,"7-3620481","11/16/2023"
"2281","Russia","Russia","286 Unknown tank","destroyed","https://twitter.com/UAWeapons/status/1537502655030956038","2023-11-16",36,2049,1,"7-3620491","11/16/2023"
"2282","Russia","Russia","286 Unknown tank","destroyed","https://twitter.com/UAWeapons/status/1538475247455850496","2023-11-16",36,2050,1,"7-3620501","11/16/2023"
"2283","Russia","Russia","286 Unknown tank","destroyed","https://twitter.com/UAWeapons/status/1538474573905252352","2023-11-16",36,2051,1,"7-3620511","11/16/2023"
"2284","Russia","Russia","286 Unknown tank","destroyed","https://i.postimg.cc/XNzTZ5zw/5g.png","2023-11-16",36,2052,1,"7-3620521","11/16/2023"
"2285","Russia","Russia","286 Unknown tank","destroyed","https://i.postimg.cc/D0VjgL8g/5541.jpg","2023-11-16",36,2053,1,"7-3620531","11/16/2023"
"2286","Russia","Russia","286 Unknown tank","destroyed","https://twitter.com/UAWeapons/status/1541387063408427009","2023-11-16",36,2054,1,"7-3620541","11/16/2023"
"2287","Russia","Russia","286 Unknown tank","destroyed","https://i.postimg.cc/k4HyYmhY/1004-unkn-tank.jpg","2023-11-16",36,2055,1,"7-3620551","11/16/2023"
"2288","Russia","Russia","286 Unknown tank","destroyed","https://i.postimg.cc/yW4t59rG/1005-tank-fuel-truck.jpg","2023-11-16",36,2056,1,"7-3620561","11/16/2023"
"2289","Russia","Russia","286 Unknown tank","destroyed","https://twitter.com/UAWeapons/status/1542963571310706689","2023-11-16",36,2057,1,"7-3620571","11/16/2023"
"2290","Russia","Russia","286 Unknown tank","destroyed","https://twitter.com/UAWeapons/status/1543547733197332480","2023-11-16",36,2058,1,"7-3620581","11/16/2023"
"2291","Russia","Russia","286 Unknown tank","destroyed","https://twitter.com/Blue_Sauron/status/1543546487849861120","2023-11-16",36,2059,1,"7-3620591","11/16/2023"
"2292","Russia","Russia","286 Unknown tank","destroyed","https://twitter.com/UAWeapons/status/1544577293460332544","2023-11-16",36,2060,1,"7-3620601","11/16/2023"
"2293","Russia","Russia","286 Unknown tank","destroyed","https://twitter.com/Blue_Sauron/status/1545507845508063234","2023-11-16",36,2061,1,"7-3620611","11/16/2023"
"2294","Russia","Russia","286 Unknown tank","destroyed","https://twitter.com/Blue_Sauron/status/1545668249886474241","2023-11-16",36,2062,1,"7-3620621","11/16/2023"
"2295","Russia","Russia","286 Unknown tank","destroyed","https://i.postimg.cc/Wp5gB2Wx/1033-unkn-tank-destr-19-10-23.jpg","2023-11-16",36,2063,1,"7-3620631","11/16/2023"
"2296","Russia","Russia","286 Unknown tank","destroyed","https://twitter.com/UAWeapons/status/1581341970504773633","2023-11-16",36,2064,1,"7-3620641","11/16/2023"
"2297","Russia","Russia","286 Unknown tank","destroyed","https://twitter.com/UAWeapons/status/1546579953671602178","2023-11-16",36,2065,1,"7-3620651","11/16/2023"
"2298","Russia","Russia","286 Unknown tank","destroyed","https://twitter.com/Blue_Sauron/status/1547198165182455808","2023-11-16",36,2066,1,"7-3620661","11/16/2023"
"2299","Russia","Russia","286 Unknown tank","destroyed","https://twitter.com/UAWeapons/status/1547654653889748998","2023-11-16",36,2067,1,"7-3620671","11/16/2023"
"2300","Russia","Russia","286 Unknown tank","destroyed","https://twitter.com/Blue_Sauron/status/1547854376047284229","2023-11-16",36,2068,1,"7-3620681","11/16/2023"
"2301","Russia","Russia","286 Unknown tank","destroyed","https://i.postimg.cc/D0jkH2ZD/1008.jpg","2023-11-16",36,2069,1,"7-3620691","11/16/2023"
"2302","Russia","Russia","286 Unknown tank","destroyed","https://i.postimg.cc/Y07qkGBC/1007.jpg","2023-11-16",36,2070,1,"7-3620701","11/16/2023"
"2303","Russia","Russia","286 Unknown tank","destroyed","https://twitter.com/UAWeapons/status/1567847516401434624","2023-11-16",36,2071,1,"7-3620711","11/16/2023"
"2304","Russia","Russia","286 Unknown tank","destroyed","https://twitter.com/UAWeapons/status/1550900206165696512","2023-11-16",36,2072,1,"7-3620721","11/16/2023"
"2305","Russia","Russia","286 Unknown tank","destroyed","https://twitter.com/UAWeapons/status/1553346896877477890","2023-11-16",36,2073,1,"7-3620731","11/16/2023"
"2306","Russia","Russia","286 Unknown tank","destroyed","https://twitter.com/UAWeapons/status/1598000787971448832","2023-11-16",36,2074,1,"7-3620741","11/16/2023"
"2307","Russia","Russia","286 Unknown tank","destroyed","https://i.postimg.cc/90x9bbw6/1003-3x-unkn-tank.jpg","2023-11-16",36,2075,1,"7-3620751","11/16/2023"
"2308","Russia","Russia","286 Unknown tank","destroyed","https://i.postimg.cc/L61CRJnS/1031-unkn-tank-destr-11-11-23.jpg","2023-11-16",36,2076,1,"7-3620761","11/16/2023"
"2309","Russia","Russia","286 Unknown tank","destroyed","https://i.postimg.cc/50TWZFMg/1003-unkn-tank.jpg","2023-11-16",36,2077,1,"7-3620771","11/16/2023"
"2310","Russia","Russia","286 Unknown tank","destroyed","https://i.postimg.cc/MKyJFT30/1007-unkn-tank.jpg","2023-11-16",36,2078,1,"7-3620781","11/16/2023"
"2311","Russia","Russia","286 Unknown tank","destroyed","https://i.postimg.cc/Y9hwnzTj/1008-unkn-tank.jpg","2023-11-16",36,2079,1,"7-3620791","11/16/2023"
"2312","Russia","Russia","286 Unknown tank","destroyed","https://i.postimg.cc/Pfvj1KmR/1009-unkn-tank.jpg","2023-11-16",36,2080,1,"7-3620801","11/16/2023"
"2313","Russia","Russia","286 Unknown tank","destroyed","https://twitter.com/RALee85/status/1557720274518302720","2023-11-16",36,2081,1,"7-3620811","11/16/2023"
"2314","Russia","Russia","286 Unknown tank","destroyed","https://twitter.com/UAWeapons/status/1558758284521349125","2023-11-16",36,2082,1,"7-3620821","11/16/2023"
"2315","Russia","Russia","286 Unknown tank","destroyed","https://twitter.com/UAWeapons/status/1558930124329943043","2023-11-16",36,2083,1,"7-3620831","11/16/2023"
"2316","Russia","Russia","286 Unknown tank","destroyed","https://twitter.com/RALee85/status/1560008324124385281","2023-11-16",36,2084,1,"7-3620841","11/16/2023"
"2317","Russia","Russia","286 Unknown tank","destroyed","https://i.postimg.cc/QNQzp0fJ/1016-tank.jpg","2023-11-16",36,2085,1,"7-3620851","11/16/2023"
"2318","Russia","Russia","286 Unknown tank","destroyed","https://i.postimg.cc/5tHnRYnh/1004-unkn-tank.jpg","2023-11-16",36,2086,1,"7-3620861","11/16/2023"
"2319","Russia","Russia","286 Unknown tank","destroyed","https://twitter.com/RALee85/status/1560333378066448384","2023-11-16",36,2087,1,"7-3620871","11/16/2023"
"2320","Russia","Russia","286 Unknown tank","destroyed","https://twitter.com/RALee85/status/1560347251972739073","2023-11-16",36,2088,1,"7-3620881","11/16/2023"
"2321","Russia","Russia","286 Unknown tank","destroyed","https://i.postimg.cc/zGHKgnG6/1013-ubkn-tank-destr-05-03-23.jpg","2023-11-16",36,2089,1,"7-3620891","11/16/2023"
"2322","Russia","Russia","286 Unknown tank","destroyed","https://i.postimg.cc/QdS2BsMb/1009-unkn-tank.jpg","2023-11-16",36,2090,1,"7-3620901","11/16/2023"
"2323","Russia","Russia","286 Unknown tank","destroyed","https://i.postimg.cc/Z5TKWTMW/1047-unkn-tank-destr-20-05-23.jpg","2023-11-16",36,2091,1,"7-3620911","11/16/2023"
"2324","Russia","Russia","286 Unknown tank","destroyed","https://i.postimg.cc/Sx2YxcfP/1006-unkn-tank.jpg","2023-11-16",36,2092,1,"7-3620921","11/16/2023"
"2325","Russia","Russia","286 Unknown tank","destroyed","https://twitter.com/RALee85/status/1562899328532099075","2023-11-16",36,2093,1,"7-3620931","11/16/2023"
"2326","Russia","Russia","286 Unknown tank","destroyed","https://twitter.com/UAWeapons/status/1562865128189489155","2023-11-16",36,2094,1,"7-3620941","11/16/2023"
"2327","Russia","Russia","286 Unknown tank","destroyed","https://twitter.com/UAWeapons/status/1587216834562072579","2023-11-16",36,2095,1,"7-3620951","11/16/2023"
"2328","Russia","Russia","286 Unknown tank","destroyed","https://i.postimg.cc/t4c6P5FH/1008-unkn-tank-destr-16-10-23.png","2023-11-16",36,2096,1,"7-3620961","11/16/2023"
"2329","Russia","Russia","286 Unknown tank","destroyed","https://twitter.com/UAWeapons/status/1563933056326516736","2023-11-16",36,2097,1,"7-3620971","11/16/2023"
"2330","Russia","Russia","286 Unknown tank","destroyed","https://twitter.com/UAWeapons/status/1565986608003817472","2023-11-16",36,2098,1,"7-3620981","11/16/2023"
"2331","Russia","Russia","286 Unknown tank","destroyed","https://postimg.cc/CRvkWbCb","2023-11-16",36,2099,1,"7-3620991","11/16/2023"
"2332","Russia","Russia","286 Unknown tank","destroyed","https://twitter.com/UAWeapons/status/1567194634383679497","2023-11-16",36,2100,1,"7-3621001","11/16/2023"
"2333","Russia","Russia","286 Unknown tank","destroyed","https://twitter.com/UAWeapons/status/1567264410871136258","2023-11-16",36,2101,1,"7-3621011","11/16/2023"
"2334","Russia","Russia","286 Unknown tank","destroyed","https://i.postimg.cc/TYJxmDhT/1004-unkn-tank.jpg","2023-11-16",36,2102,1,"7-3621021","11/16/2023"
"2335","Russia","Russia","286 Unknown tank","destroyed","https://twitter.com/UAWeapons/status/1567848850748051461","2023-11-16",36,2103,1,"7-3621031","11/16/2023"
"2336","Russia","Russia","286 Unknown tank","destroyed","https://i.postimg.cc/s2CX1rKm/1005-unkn-tank.jpg","2023-11-16",36,2104,1,"7-3621041","11/16/2023"
"2337","Russia","Russia","286 Unknown tank","destroyed","https://twitter.com/UAWeapons/status/1569411914693738498","2023-11-16",36,2105,1,"7-3621051","11/16/2023"
"2338","Russia","Russia","286 Unknown tank","destroyed","https://twitter.com/UAWeapons/status/1574379264819941376","2023-11-16",36,2106,1,"7-3621061","11/16/2023"
"2339","Russia","Russia","286 Unknown tank","destroyed","https://i.postimg.cc/TY93dx2t/1023-unkn-tank.jpg","2023-11-16",36,2107,1,"7-3621071","11/16/2023"
"2340","Russia","Russia","286 Unknown tank","destroyed","https://twitter.com/Blue_Sauron/status/1574702622765891586","2023-11-16",36,2108,1,"7-3621081","11/16/2023"
"2341","Russia","Russia","286 Unknown tank","destroyed","https://twitter.com/UAWeapons/status/1575039152717905920","2023-11-16",36,2109,1,"7-3621091","11/16/2023"
"2342","Russia","Russia","286 Unknown tank","destroyed","https://twitter.com/UAWeapons/status/1575445575604002821","2023-11-16",36,2110,1,"7-3621101","11/16/2023"
"2343","Russia","Russia","286 Unknown tank","destroyed","https://twitter.com/UAWeapons/status/1575531759374147584","2023-11-16",36,2111,1,"7-3621111","11/16/2023"
"2344","Russia","Russia","286 Unknown tank","destroyed","https://twitter.com/Blue_Sauron/status/1575555077724831744","2023-11-16",36,2112,1,"7-3621121","11/16/2023"
"2345","Russia","Russia","286 Unknown tank","destroyed","https://twitter.com/Blue_Sauron/status/1575425367027892226","2023-11-16",36,2113,1,"7-3621131","11/16/2023"
"2346","Russia","Russia","286 Unknown tank","destroyed","https://twitter.com/UAWeapons/status/1638858332462018561","2023-11-16",36,2114,1,"7-3621141","11/16/2023"
"2347","Russia","Russia","286 Unknown tank","destroyed","https://twitter.com/Blue_Sauron/status/1577601196579323904","2023-11-16",36,2115,1,"7-3621151","11/16/2023"
"2348","Russia","Russia","286 Unknown tank","destroyed","https://twitter.com/UAWeapons/status/1577946715646214145","2023-11-16",36,2116,1,"7-3621161","11/16/2023"
"2349","Russia","Russia","286 Unknown tank","destroyed","https://twitter.com/Blue_Sauron/status/1579039067232083969","2023-11-16",36,2117,1,"7-3621171","11/16/2023"
"2350","Russia","Russia","286 Unknown tank","destroyed","https://i.postimg.cc/SKd0Lvh5/1012-unkn-tank-destr.jpg","2023-11-16",36,2118,1,"7-3621181","11/16/2023"
"2351","Russia","Russia","286 Unknown tank","destroyed","https://twitter.com/Blue_Sauron/status/1579812214995046400","2023-11-16",36,2119,1,"7-3621191","11/16/2023"
"2352","Russia","Russia","286 Unknown tank","destroyed","https://twitter.com/UAWeapons/status/1579913595298942976","2023-11-16",36,2120,1,"7-3621201","11/16/2023"
"2353","Russia","Russia","286 Unknown tank","destroyed","https://twitter.com/UAWeapons/status/1580922556235718658","2023-11-16",36,2121,1,"7-3621211","11/16/2023"
"2354","Russia","Russia","286 Unknown tank","destroyed","https://i.postimg.cc/ydSK5dsN/1005-unkn-tank-destr.jpg","2023-11-16",36,2122,1,"7-3621221","11/16/2023"
"2355","Russia","Russia","286 Unknown tank","destroyed","https://i.postimg.cc/GmHV1qqH/1041-unkn-tank-destr-25-10-23.jpg","2023-11-16",36,2123,1,"7-3621231","11/16/2023"
"2356","Russia","Russia","286 Unknown tank","destroyed","https://twitter.com/UAWeapons/status/1581947467175964672","2023-11-16",36,2124,1,"7-3621241","11/16/2023"
"2357","Russia","Russia","286 Unknown tank","destroyed","https://twitter.com/UAWeapons/status/1583087366918770688","2023-11-16",36,1397,1,"7-3613971","11/16/2023"
"2358","Russia","Russia","286 Unknown tank","destroyed","https://twitter.com/UAWeapons/status/1585696020599836672","2023-11-16",36,2125,1,"7-3621251","11/16/2023"
"2359","Russia","Russia","286 Unknown tank","destroyed","https://twitter.com/UAWeapons/status/1589634879205298178","2023-11-16",36,2126,1,"7-3621261","11/16/2023"
"2360","Russia","Russia","286 Unknown tank","destroyed","https://twitter.com/Blue_Sauron/status/1589319415056977920","2023-11-16",36,2127,1,"7-3621271","11/16/2023"
"2361","Russia","Russia","286 Unknown tank","destroyed","https://twitter.com/Blue_Sauron/status/1588594971128406016","2023-11-16",36,2128,1,"7-3621281","11/16/2023"
"2362","Russia","Russia","286 Unknown tank","destroyed","https://twitter.com/Blue_Sauron/status/1589620712180174848","2023-11-16",36,2129,1,"7-3621291","11/16/2023"
"2363","Russia","Russia","286 Unknown tank","destroyed","https://twitter.com/Blue_Sauron/status/1592550342591647744","2023-11-16",36,2130,1,"7-3621301","11/16/2023"
"2364","Russia","Russia","286 Unknown tank","destroyed","https://twitter.com/UAWeapons/status/1592875660871012352","2023-11-16",36,2131,1,"7-3621311","11/16/2023"
"2365","Russia","Russia","286 Unknown tank","destroyed","https://i.postimg.cc/wBWyXJnP/1024-unkn-tank-destr-18-07-23.jpg","2023-11-16",36,2132,1,"7-3621321","11/16/2023"
"2366","Russia","Russia","286 Unknown tank","destroyed","https://twitter.com/UAWeapons/status/1594383471874637826","2023-11-16",36,2133,1,"7-3621331","11/16/2023"
"2367","Russia","Russia","286 Unknown tank","destroyed","https://twitter.com/UAWeapons/status/1595893585668349952","2023-11-16",36,2134,1,"7-3621341","11/16/2023"
"2368","Russia","Russia","286 Unknown tank","destroyed","https://i.postimg.cc/Sxx79RTr/1003-2x-unkn-tank-2x-unkn-bmp1-2-destr.jpg","2023-11-16",36,2135,1,"7-3621351","11/16/2023"
"2369","Russia","Russia","286 Unknown tank","destroyed","https://i.postimg.cc/9MpytgvR/98.png","2023-11-16",36,2136,1,"7-3621361","11/16/2023"
"2370","Russia","Russia","286 Unknown tank","destroyed","https://i.postimg.cc/sf8Wg1dD/1020-unkn-tank-destr.jpg","2023-11-16",36,2137,1,"7-3621371","11/16/2023"
"2371","Russia","Russia","286 Unknown tank","destroyed","https://i.postimg.cc/3Rfvpxk1/1023-unkn-tank-destr.jpg","2023-11-16",36,2138,1,"7-3621381","11/16/2023"
"2372","Russia","Russia","286 Unknown tank","destroyed","https://i.postimg.cc/VvNWWdgt/1008-bmp2-and-unkn-tank-destr.jpg","2023-11-16",36,2139,1,"7-3621391","11/16/2023"
"2373","Russia","Russia","286 Unknown tank","destroyed","https://i.postimg.cc/BvsN7mGC/1039-unkn-tank-destr-19-01-23.jpg","2023-11-16",36,2140,1,"7-3621401","11/16/2023"
"2374","Russia","Russia","286 Unknown tank","destroyed","https://i.postimg.cc/43vfXdwf/1007-1x-unkn-tank-destr-4x-bmp3-aband-22-01-23.jpg","2023-11-16",36,2141,1,"7-3621411","11/16/2023"
"2375","Russia","Russia","286 Unknown tank","destroyed","https://i.postimg.cc/wv66Mpbh/1021-unkn-tank-destr-23-01-23.jpg","2023-11-16",36,2142,1,"7-3621421","11/16/2023"
"2376","Russia","Russia","286 Unknown tank","destroyed","https://i.postimg.cc/prvrSw3S/1016-unkn-tank-destr-14-01-23.jpg","2023-11-16",36,2143,1,"7-3621431","11/16/2023"
"2377","Russia","Russia","286 Unknown tank","destroyed","https://i.postimg.cc/rFSrYb9g/1002-unkn-tank-destr-31-01-23.jpg","2023-11-16",36,2144,1,"7-3621441","11/16/2023"
"2378","Russia","Russia","286 Unknown tank","destroyed","https://i.postimg.cc/KzRTq89g/1015-unkn-tank-destr-31-01-23.png","2023-11-16",36,2145,1,"7-3621451","11/16/2023"
"2379","Russia","Russia","286 Unknown tank","destroyed","https://i.postimg.cc/jj8N47hb/1029-unkn-tank-destr-31-01-23.jpg","2023-11-16",36,2146,1,"7-3621461","11/16/2023"
"2380","Russia","Russia","286 Unknown tank","destroyed","https://i.postimg.cc/8PWNLyvw/1008-bmp2-destr-1x-unkn-tank-destr-09-02-23.jpg","2023-11-16",36,2147,1,"7-3621471","11/16/2023"
"2381","Russia","Russia","286 Unknown tank","destroyed","https://i.postimg.cc/vTNGQVj5/1032-2x-unkn-tank-destr-17-02-23.jpg","2023-11-16",36,2148,1,"7-3621481","11/16/2023"
"2382","Russia","Russia","286 Unknown tank","destroyed","https://i.postimg.cc/tTfQxPZv/1014-unkn-tank-destr-15-02-23.jpg","2023-11-16",36,2149,1,"7-3621491","11/16/2023"
"2383","Russia","Russia","286 Unknown tank","destroyed","https://twitter.com/RALee85/status/1628418119239696384","2023-11-16",36,2150,1,"7-3621501","11/16/2023"
"2384","Russia","Russia","286 Unknown tank","destroyed","https://i.postimg.cc/J4qMndzf/1021-unkn-tank-destr-23-02-23.jpg","2023-11-16",36,2151,1,"7-3621511","11/16/2023"
"2385","Russia","Russia","286 Unknown tank","destroyed","https://i.postimg.cc/T3xNW2TW/1011-bmp3-destr-05-02-23.jpg","2023-11-16",36,2152,1,"7-3621521","11/16/2023"
"2386","Russia","Russia","286 Unknown tank","destroyed","https://i.postimg.cc/fL8mLy6b/1008-unkm-tank-destr-25-02-23.jpg","2023-11-16",36,2153,1,"7-3621531","11/16/2023"
"2387","Russia","Russia","286 Unknown tank","destroyed","https://i.postimg.cc/15jBBC7z/1016-unkn-tank-destr-23-02-23.jpg","2023-11-16",36,2154,1,"7-3621541","11/16/2023"
"2388","Russia","Russia","286 Unknown tank","destroyed","https://i.postimg.cc/nLWHSqcm/1042-unkn-tank-destr-10-05-23.png","2023-11-16",36,2155,1,"7-3621551","11/16/2023"
"2389","Russia","Russia","286 Unknown tank","destroyed","https://i.postimg.cc/FRQ9q9nt/1032-unkn-tank-destr-02-03-23.jpg","2023-11-16",36,2156,1,"7-3621561","11/16/2023"
"2390","Russia","Russia","286 Unknown tank","destroyed","https://i.postimg.cc/x84rCrKJ/1128-unkn-tank-destr-28-02-23.jpg","2023-11-16",36,2157,1,"7-3621571","11/16/2023"
"2391","Russia","Russia","286 Unknown tank","destroyed","https://i.postimg.cc/BnqN7L9f/1302-unkn-tank-03-03-23.jpg","2023-11-16",36,2158,1,"7-3621581","11/16/2023"
"2392","Russia","Russia","286 Unknown tank","destroyed","https://i.postimg.cc/nh02yFpj/1301-unkn-tank-03-03-23.jpg","2023-11-16",36,2159,1,"7-3621591","11/16/2023"
"2393","Russia","Russia","286 Unknown tank","destroyed","https://i.postimg.cc/mkvgFDpk/1012-unkn-tank-destr-08-03-23.jpg","2023-11-16",36,2160,1,"7-3621601","11/16/2023"
"2394","Russia","Russia","286 Unknown tank","destroyed","https://i.postimg.cc/1zpFWs6K/1011-unkn-tank-destr-04-03-23.jpg","2023-11-16",36,2161,1,"7-3621611","11/16/2023"
"2395","Russia","Russia","286 Unknown tank","destroyed","https://i.postimg.cc/CK0rX4VG/1004-unkn-tank-destr-15-03-23.jpg","2023-11-16",36,2162,1,"7-3621621","11/16/2023"
"2396","Russia","Russia","286 Unknown tank","destroyed","https://twitter.com/ServiceSsu/status/1637017523727003648","2023-11-16",36,2163,1,"7-3621631","11/16/2023"
"2397","Russia","Russia","286 Unknown tank","destroyed","https://i.postimg.cc/J4Q4W1Bc/1042-unkn-tank-destr-16-03-23.jpg","2023-11-16",36,2164,1,"7-3621641","11/16/2023"
"2398","Russia","Russia","286 Unknown tank","destroyed","https://i.postimg.cc/3xyq4qRs/1029-unkn-tank-destr-05-10-23.jpg","2023-11-16",36,2165,1,"7-3621651","11/16/2023"
"2399","Russia","Russia","286 Unknown tank","destroyed","https://i.postimg.cc/7YvNQsmk/3213.png","2023-11-16",36,2166,1,"7-3621661","11/16/2023"
"2400","Russia","Russia","286 Unknown tank","destroyed","https://i.postimg.cc/8z5xjs6w/664.png","2023-11-16",36,2167,1,"7-3621671","11/16/2023"
"2401","Russia","Russia","286 Unknown tank","destroyed","https://i.postimg.cc/QxdWzxFv/587.png","2023-11-16",36,2168,1,"7-3621681","11/16/2023"
"2402","Russia","Russia","286 Unknown tank","destroyed","https://i.postimg.cc/9Qt5qVpF/5425.png","2023-11-16",36,2169,1,"7-3621691","11/16/2023"
"2403","Russia","Russia","286 Unknown tank","destroyed","https://i.postimg.cc/WzrGN3cJ/542f.png","2023-11-16",36,2170,1,"7-3621701","11/16/2023"
"2404","Russia","Russia","286 Unknown tank","destroyed","https://i.postimg.cc/4dkP7TCM/443.png","2023-11-16",36,2171,1,"7-3621711","11/16/2023"
"2405","Russia","Russia","286 Unknown tank","destroyed","https://i.postimg.cc/GtYSbN5g/1024-unkn-tank-destr-01-07-23.jpg","2023-11-16",36,2172,1,"7-3621721","11/16/2023"
"2406","Russia","Russia","286 Unknown tank","destroyed","https://twitter.com/UAWeapons/status/1684869980712525825","2023-11-16",36,2173,1,"7-3621731","11/16/2023"
"2407","Russia","Russia","286 Unknown tank","destroyed","https://twitter.com/UAWeapons/status/1645890836888952833","2023-11-16",36,2174,1,"7-3621741","11/16/2023"
"2408","Russia","Russia","286 Unknown tank","destroyed","https://i.postimg.cc/X764pbVy/1026-unkn-tank-destr-10-10-23.jpg","2023-11-16",36,2175,1,"7-3621751","11/16/2023"
"2409","Russia","Russia","286 Unknown tank","destroyed","https://i.postimg.cc/tC23BXn6/1016-unkn-tank-2x-bmp2-destr-25-04-23.jpg","2023-11-16",36,2176,1,"7-3621761","11/16/2023"
"2410","Russia","Russia","286 Unknown tank","destroyed","https://i.postimg.cc/NG87r8gp/1014-unkn-tank-destr-25-04-23.jpg","2023-11-16",36,2177,1,"7-3621771","11/16/2023"
"2411","Russia","Russia","286 Unknown tank","destroyed","https://i.postimg.cc/3JygHr4g/1029-unkn-tank-destr-30-11-22.jpg","2023-11-16",36,2178,1,"7-3621781","11/16/2023"
"2412","Russia","Russia","286 Unknown tank","destroyed","https://i.postimg.cc/Z5ppCfLn/1037-unkn-tank-destr-05-05-23.jpg","2023-11-16",36,2179,1,"7-3621791","11/16/2023"
"2413","Russia","Russia","286 Unknown tank","destroyed","https://i.postimg.cc/zBzNTn0m/1010-unkn-tank-destr-06-05-23.jpg","2023-11-16",36,2180,1,"7-3621801","11/16/2023"
"2414","Russia","Russia","286 Unknown tank","destroyed","https://twitter.com/UAWeapons/status/1659123190008885248","2023-11-16",36,2181,1,"7-3621811","11/16/2023"
"2415","Russia","Russia","286 Unknown tank","destroyed","https://i.postimg.cc/yNgbnDRd/1042-unkn-tank-destr-10-05-23.jpg","2023-11-16",36,2182,1,"7-3621821","11/16/2023"
"2416","Russia","Russia","286 Unknown tank","destroyed","https://i.postimg.cc/T1XFKTpP/1044-unkn-tank-destr-10-05-23.jpg","2023-11-16",36,2183,1,"7-3621831","11/16/2023"
"2417","Russia","Russia","286 Unknown tank","destroyed","https://i.postimg.cc/R09BF6np/1015-unkn-tank-destr-11-05-23.jpg","2023-11-16",36,2184,1,"7-3621841","11/16/2023"
"2418","Russia","Russia","286 Unknown tank","destroyed","https://i.postimg.cc/0yjBGJjd/1034-unkn-tank-destr-12-05-23.jpg","2023-11-16",36,2185,1,"7-3621851","11/16/2023"
"2419","Russia","Russia","286 Unknown tank","destroyed","https://i.postimg.cc/m2hd4cV5/1016-2x-unkn-tank-destr-29-05-23.jpg","2023-11-16",36,2186,1,"7-3621861","11/16/2023"
"2420","Russia","Russia","286 Unknown tank","destroyed","https://i.postimg.cc/pXqtGnrc/1000-unkn-tank-destr-19-05-23.jpg","2023-11-16",36,2187,1,"7-3621871","11/16/2023"
"2421","Russia","Russia","286 Unknown tank","destroyed","https://i.postimg.cc/hvdNJn88/1011-Unknown-tank-destr-30-05-23.jpg","2023-11-16",36,2188,1,"7-3621881","11/16/2023"
"2422","Russia","Russia","286 Unknown tank","destroyed","https://i.postimg.cc/rpZHQsQC/1029-unkn-tank-unkn-bmp-destr.jpg","2023-11-16",36,2189,1,"7-3621891","11/16/2023"
"2423","Russia","Russia","286 Unknown tank","destroyed","https://i.postimg.cc/dVpPm263/1000-unkn-tank-destr-05-06-23.jpg","2023-11-16",36,2190,1,"7-3621901","11/16/2023"
"2424","Russia","Russia","286 Unknown tank","destroyed","https://i.postimg.cc/GtcZhqL7/1019-unkn-tank-destr-06-06-23.jpg","2023-11-16",36,2191,1,"7-3621911","11/16/2023"
"2425","Russia","Russia","286 Unknown tank","destroyed","https://i.postimg.cc/C1fpxvXN/1043-Unknown-tank-destr-09-10-23.jpg","2023-11-16",36,2192,1,"7-3621921","11/16/2023"
"2426","Russia","Russia","286 Unknown tank","destroyed","https://i.postimg.cc/gJC0sKsM/1010-unkn-tank-destr-17-07-23.jpg","2023-11-16",36,2193,1,"7-3621931","11/16/2023"
"2427","Russia","Russia","286 Unknown tank","destroyed","https://i.postimg.cc/HkjrHJk3/1033-unkn-tank-destr-22-07-23.jpg","2023-11-16",36,2194,1,"7-3621941","11/16/2023"
"2428","Russia","Russia","286 Unknown tank","destroyed","https://twitter.com/UAWeapons/status/1668515155100028929","2023-11-16",36,2195,1,"7-3621951","11/16/2023"
"2429","Russia","Russia","286 Unknown tank","destroyed","https://i.postimg.cc/9Fv9406j/1000-unkn-tank-destr-10-06-23.jpg","2023-11-16",36,2196,1,"7-3621961","11/16/2023"
"2430","Russia","Russia","286 Unknown tank","destroyed","https://i.postimg.cc/L8L1jRSg/1022-unkn-tank-destr-28-02-23.jpg","2023-11-16",36,2197,1,"7-3621971","11/16/2023"
"2431","Russia","Russia","286 Unknown tank","destroyed","https://i.postimg.cc/Hn3cL4TR/1024-1x-destr-1x-dam-aband-unkn-tank-Remdiesel-Z-STS-Akhmat-destr-15-10-23.jpg","2023-11-16",36,2198,1,"7-3621981","11/16/2023"
"2432","Russia","Russia","286 Unknown tank","destroyed","https://i.postimg.cc/gc4MWKny/1029-unkn-tank-destr-10-06-23.jpg","2023-11-16",36,2199,1,"7-3621991","11/16/2023"
"2433","Russia","Russia","286 Unknown tank","destroyed","https://i.postimg.cc/G2qxdGTx/1023-unkn-destr-23-06-23.jpg","2023-11-16",36,2200,1,"7-3622001","11/16/2023"
"2434","Russia","Russia","286 Unknown tank","destroyed","https://i.postimg.cc/zfV7fBLq/1034-unkn-tank-destr-17-06-23.jpg","2023-11-16",36,2201,1,"7-3622011","11/16/2023"
"2435","Russia","Russia","286 Unknown tank","destroyed","https://i.postimg.cc/d04qfmMn/1061-unkn-tank-destr-27-06-23.jpg","2023-11-16",36,2202,1,"7-3622021","11/16/2023"
"2436","Russia","Russia","286 Unknown tank","destroyed","https://i.postimg.cc/MHzbp4G4/1019-unkn-tank-destr-29-06-23.jpg","2023-11-16",36,2203,1,"7-3622031","11/16/2023"
"2437","Russia","Russia","286 Unknown tank","destroyed","https://i.postimg.cc/nLDd12jZ/1014-unkn-tank-destr-09-07-23.jpg","2023-11-16",36,2204,1,"7-3622041","11/16/2023"
"2438","Russia","Russia","286 Unknown tank","destroyed","https://i.postimg.cc/m2dHN5Bk/1001-unkn-tank-destr-16-08-23.jpg","2023-11-16",36,2205,1,"7-3622051","11/16/2023"
"2439","Russia","Russia","286 Unknown tank","destroyed","https://i.postimg.cc/tJrjFH9P/1010-unkn-tank-destr-25-08-23.jpg","2023-11-16",36,2206,1,"7-3622061","11/16/2023"
"2440","Russia","Russia","286 Unknown tank","destroyed","https://i.postimg.cc/QxnXP6bS/4f2.png","2023-11-16",36,2207,1,"7-3622071","11/16/2023"
"2441","Russia","Russia","286 Unknown tank","destroyed","https://i.postimg.cc/cJZgcfgP/298.png","2023-11-16",36,2208,1,"7-3622081","11/16/2023"
"2442","Russia","Russia","286 Unknown tank","destroyed","https://i.postimg.cc/HnSQDS4L/3264.png","2023-11-16",36,2209,1,"7-3622091","11/16/2023"
"2443","Russia","Russia","286 Unknown tank","destroyed","https://i.postimg.cc/HLvXV1VD/33550.png","2023-11-16",36,2210,1,"7-3622101","11/16/2023"
"2444","Russia","Russia","286 Unknown tank","destroyed","https://twitter.com/UAWeapons/status/1701222919127380053","2023-11-16",36,2211,1,"7-3622111","11/16/2023"
"2445","Russia","Russia","286 Unknown tank","destroyed","https://i.postimg.cc/3wNGffHX/337.png","2023-11-16",36,2212,1,"7-3622121","11/16/2023"
"2446","Russia","Russia","286 Unknown tank","destroyed","https://i.postimg.cc/nL8KyQQK/2240.png","2023-11-16",36,2213,1,"7-3622131","11/16/2023"
"2447","Russia","Russia","286 Unknown tank","destroyed","https://i.postimg.cc/j2VL5ztv/2426.png","2023-11-16",36,2214,1,"7-3622141","11/16/2023"
"2448","Russia","Russia","286 Unknown tank","destroyed","https://i.postimg.cc/wjN45gSz/6525.png","2023-11-16",36,2215,1,"7-3622151","11/16/2023"
"2449","Russia","Russia","286 Unknown tank","destroyed","https://twitter.com/bayraktar_1love/status/1707355382606131591","2023-11-16",36,2216,1,"7-3622161","11/16/2023"
"2450","Russia","Russia","286 Unknown tank","destroyed","https://i.postimg.cc/TYDzGFb2/1054-unkn-tank-destr-03-10-23.jpg","2023-11-16",36,2217,1,"7-3622171","11/16/2023"
"2451","Russia","Russia","286 Unknown tank","destroyed","https://i.postimg.cc/v8jPvzJQ/1014-unkn-tank-destr-05-10-23.jpg","2023-11-16",36,2218,1,"7-3622181","11/16/2023"
"2452","Russia","Russia","286 Unknown tank","destroyed","https://i.postimg.cc/y65KptpX/1009-unkn-tank-destr-20-10-23.jpg","2023-11-16",36,2219,1,"7-3622191","11/16/2023"
"2453","Russia","Russia","286 Unknown tank","destroyed","https://i.postimg.cc/c1RSYb7Q/1005-16-10-23.jpg","2023-11-16",36,1921,1,"7-3619211","11/16/2023"
"2454","Russia","Russia","286 Unknown tank","destroyed","https://i.postimg.cc/qMzDqfHL/1034-1x-t72b3-1x-t80bv-2x-unkn-tank-destr-1x-t80bv-aband-31-10-23.jpg","2023-11-16",36,850,1,"7-368501","11/16/2023"
"2455","Russia","Russia","286 Unknown tank","damaged","https://twitter.com/UAWeapons/status/1507711151689375750","2023-11-16",36,2220,2,"7-3622202","11/16/2023"
"2456","Russia","Russia","286 Unknown tank","damaged","https://i.postimg.cc/SRCpdynN/652.jpg","2023-11-16",36,2221,2,"7-3622212","11/16/2023"
"2457","Russia","Russia","286 Unknown tank","damaged","https://twitter.com/UAWeapons/status/1524385443608936454","2023-11-16",36,2222,2,"7-3622222","11/16/2023"
"2458","Russia","Russia","286 Unknown tank","damaged","https://twitter.com/UAWeapons/status/1527620102895575040","2023-11-16",36,2223,2,"7-3622232","11/16/2023"
"2459","Russia","Russia","286 Unknown tank","damaged","https://twitter.com/UAWeapons/status/1535720555680305152","2023-11-16",36,2224,2,"7-3622242","11/16/2023"
"2460","Russia","Russia","286 Unknown tank","damaged","https://twitter.com/UAWeapons/status/1520362882743123968","2023-11-16",36,2225,2,"7-3622252","11/16/2023"
"2461","Russia","Russia","286 Unknown tank","damaged","https://i.postimg.cc/44SFGsk4/4373.png","2023-11-16",36,2226,2,"7-3622262","11/16/2023"
"2462","Russia","Russia","286 Unknown tank","damaged","https://twitter.com/UAWeapons/status/1546579953671602178","2023-11-16",36,2065,2,"7-3620652","11/16/2023"
"2463","Russia","Russia","286 Unknown tank","damaged","https://i.postimg.cc/6TJJTbQf/1015-unkn-tank-dam-07-07-23.jpg","2023-11-16",36,2227,2,"7-3622272","11/16/2023"
"2464","Russia","Russia","286 Unknown tank","damaged","https://twitter.com/UAWeapons/status/1603095789768769536","2023-11-16",36,1986,2,"7-3619862","11/16/2023"
"2465","Russia","Russia","286 Unknown tank","damaged","https://twitter.com/GloOouD/status/1615255676070027264","2023-11-16",36,2228,2,"7-3622282","11/16/2023"
"2466","Russia","Russia","286 Unknown tank","damaged","https://i.postimg.cc/DZRMmPFy/1042-unkn-tank-dam-08-10-23.jpg","2023-11-16",36,2229,2,"7-3622292","11/16/2023"
"2467","Russia","Russia","286 Unknown tank","damaged","https://i.postimg.cc/QCnnR1qd/1025-unkn-tank-dam-12-01-23.jpg","2023-11-16",36,2230,2,"7-3622302","11/16/2023"
"2468","Russia","Russia","286 Unknown tank","damaged","https://twitter.com/ServiceSsu/status/1637017523727003648","2023-11-16",36,2163,2,"7-3621632","11/16/2023"
"2469","Russia","Russia","286 Unknown tank","damaged","https://i.postimg.cc/c4vCHb58/132.png","2023-11-16",36,2231,2,"7-3622312","11/16/2023"
"2470","Russia","Russia","286 Unknown tank","damaged","https://i.postimg.cc/KjFWWwkp/3320.png","2023-11-16",36,2232,2,"7-3622322","11/16/2023"
"2471","Russia","Russia","286 Unknown tank","damaged","https://i.postimg.cc/HsLjWZ4N/331f.png","2023-11-16",36,2233,2,"7-3622332","11/16/2023"
"2472","Russia","Russia","286 Unknown tank","damaged","https://i.postimg.cc/Wz5LW03n/1005-t90m-dam-30-04-23.jpg","2023-11-16",36,2234,2,"7-3622342","11/16/2023"
"2473","Russia","Russia","286 Unknown tank","damaged","https://i.postimg.cc/tg4f3Wt4/1014-unkn-tank-dam-02-06-23.jpg","2023-11-16",36,2235,2,"7-3622352","11/16/2023"
"2474","Russia","Russia","286 Unknown tank","damaged","https://i.postimg.cc/bNwK7CFd/1029-unkn-tank-dam-04-06-23.jpg","2023-11-16",36,2236,2,"7-3622362","11/16/2023"
"2475","Russia","Russia","286 Unknown tank","damaged","https://i.postimg.cc/Qt5Ch12q/1021-unkn-tank-dam-10-06-23.jpg","2023-11-16",36,2237,2,"7-3622372","11/16/2023"
"2476","Russia","Russia","286 Unknown tank","damaged","https://i.postimg.cc/k5CtcZM1/1032-unkn-tank-dam-13-06-23.jpg","2023-11-16",36,2238,2,"7-3622382","11/16/2023"
"2477","Russia","Russia","286 Unknown tank","damaged","https://twitter.com/UAWeapons/status/1557732021937455104","2023-11-16",36,2239,2,"7-3622392","11/16/2023"
"2478","Russia","Russia","286 Unknown tank","abandoned","https://twitter.com/UAWeapons/status/1557732021937455104","2023-11-16",36,2239,4,"7-3622394","11/16/2023"
"2479","Russia","Russia","286 Unknown tank","damaged","https://i.postimg.cc/MKzpNpgY/1003.jpg","2023-11-16",36,2240,2,"7-3622402","11/16/2023"
"2480","Russia","Russia","286 Unknown tank","abandoned","https://i.postimg.cc/MKzpNpgY/1003.jpg","2023-11-16",36,2240,4,"7-3622404","11/16/2023"
"2481","Russia","Russia","286 Unknown tank","damaged","https://i.postimg.cc/8kwYcCfR/1002-unkn-tank.jpg","2023-11-16",36,2241,2,"7-3622412","11/16/2023"
"2482","Russia","Russia","286 Unknown tank","abandoned","https://i.postimg.cc/8kwYcCfR/1002-unkn-tank.jpg","2023-11-16",36,2241,4,"7-3622414","11/16/2023"
"2483","Russia","Russia","286 Unknown tank","abandoned","https://i.postimg.cc/j23fFqPt/875.jpg","2023-11-16",36,2242,4,"7-3622424","11/16/2023"
"2484","Russia","Russia","286 Unknown tank","abandoned","https://i.postimg.cc/vHYqqTjM/544.png","2023-11-16",36,2243,4,"7-3622434","11/16/2023"
"2485","Russia","Russia","286 Unknown tank","abandoned","https://i.postimg.cc/mgsRjQN4/1010-1x-t72b3-aband-1x-unkn-tank-aband-09-02-23.jpg","2023-11-16",36,887,4,"7-368874","11/16/2023"
"2486","Russia","Russia","286 Unknown tank","damaged","https://i.postimg.cc/g0JBYvSX/443f.png","2023-11-16",36,2244,2,"7-3622442","11/16/2023"
"2487","Russia","Russia","286 Unknown tank","abandoned","https://i.postimg.cc/g0JBYvSX/443f.png","2023-11-16",36,2244,4,"7-3622444","11/16/2023"
"2488","Russia","Russia","286 Unknown tank","abandoned","https://i.postimg.cc/mrMMY2nR/1017-unkn-tank-aband-31-10-23.jpg","2023-11-16",36,2245,4,"7-3622454","11/16/2023"
"2489","Russia","Russia","286 Unknown tank","abandoned","https://i.postimg.cc/WzdjsRck/1015-unkn-tank-aband-28-03-23.jpg","2023-11-16",36,2246,4,"7-3622464","11/16/2023"
"2490","Russia","Russia","286 Unknown tank","damaged","https://i.postimg.cc/0Q2wX91K/1018-2x-unkn-tank-dam-aband-02-05-23.jpg","2023-11-16",36,2247,2,"7-3622472","11/16/2023"
"2491","Russia","Russia","286 Unknown tank","abandoned","https://i.postimg.cc/0Q2wX91K/1018-2x-unkn-tank-dam-aband-02-05-23.jpg","2023-11-16",36,2247,4,"7-3622474","11/16/2023"
"2492","Russia","Russia","286 Unknown tank","damaged","https://i.postimg.cc/nrbnpZmc/1041-unkn-tank-aband-10-05-23.png","2023-11-16",36,2248,2,"7-3622482","11/16/2023"
"2493","Russia","Russia","286 Unknown tank","abandoned","https://i.postimg.cc/nrbnpZmc/1041-unkn-tank-aband-10-05-23.png","2023-11-16",36,2248,4,"7-3622484","11/16/2023"
"2494","Russia","Russia","286 Unknown tank","damaged","https://i.postimg.cc/MZLM4XKj/1034-unkn-tank-dam-aband-13-06-23.jpg","2023-11-16",36,2249,2,"7-3622492","11/16/2023"
"2495","Russia","Russia","286 Unknown tank","abandoned","https://i.postimg.cc/MZLM4XKj/1034-unkn-tank-dam-aband-13-06-23.jpg","2023-11-16",36,2249,4,"7-3622494","11/16/2023"
"2496","Russia","Russia","286 Unknown tank","damaged","https://i.postimg.cc/HWXLWfZ8/1010-2x-unkn-tank-dam-aband-12-10-23.jpg","2023-11-16",36,2250,2,"7-3622502","11/16/2023"
"2497","Russia","Russia","286 Unknown tank","abandoned","https://i.postimg.cc/HWXLWfZ8/1010-2x-unkn-tank-dam-aband-12-10-23.jpg","2023-11-16",36,2250,4,"7-3622504","11/16/2023"
"2498","Russia","Russia","286 Unknown tank","damaged","https://i.postimg.cc/Hn3cL4TR/1024-1x-destr-1x-dam-aband-unkn-tank-Remdiesel-Z-STS-Akhmat-destr-15-10-23.jpg","2023-11-16",36,2198,2,"7-3621982","11/16/2023"
"2499","Russia","Russia","286 Unknown tank","abandoned","https://i.postimg.cc/Hn3cL4TR/1024-1x-destr-1x-dam-aband-unkn-tank-Remdiesel-Z-STS-Akhmat-destr-15-10-23.jpg","2023-11-16",36,2198,4,"7-3621984","11/16/2023"
"2500","Russia","Russia","286 Unknown tank","abandoned","https://i.postimg.cc/xjz9fCS2/1039-unkn-tank-aband-23-10-23.jpg","2023-11-16",36,2251,4,"7-3622514","11/16/2023"
"2501","Russia","Russia","286 Unknown tank","damaged","https://i.postimg.cc/nzpZYVhR/1004-unkn-tank-dam-aband-20-10-23.jpg","2023-11-16",36,2252,2,"7-3622522","11/16/2023"
"2502","Russia","Russia","286 Unknown tank","abandoned","https://i.postimg.cc/nzpZYVhR/1004-unkn-tank-dam-aband-20-10-23.jpg","2023-11-16",36,2252,4,"7-3622524","11/16/2023"
"2503","Russia","Russia","286 Unknown tank","damaged","https://i.postimg.cc/8C8TcmQV/1005-unkn-tank-and-btr82-aband-2x-unkn-afv-destr-20-10-23.jpg","2023-11-16",36,2253,2,"7-3622532","11/16/2023"
"2504","Russia","Russia","286 Unknown tank","abandoned","https://i.postimg.cc/8C8TcmQV/1005-unkn-tank-and-btr82-aband-2x-unkn-afv-destr-20-10-23.jpg","2023-11-16",36,2253,4,"7-3622534","11/16/2023"
"2505","Russia","Russia","286 Unknown tank","damaged","https://i.postimg.cc/DZPHr1xP/1017-unkn-tank-dam-aband-31-10-23.jpg","2023-11-16",36,2254,2,"7-3622542","11/16/2023"
"2506","Russia","Russia","286 Unknown tank","abandoned","https://i.postimg.cc/DZPHr1xP/1017-unkn-tank-dam-aband-31-10-23.jpg","2023-11-16",36,2254,4,"7-3622544","11/16/2023"
"2507","Russia","Russia","3 BMPT Terminator","destroyed","https://i.postimg.cc/vZznvbJ8/1000-bmpt-terminator-destr-09-02-23.jpg","2023-11-16",37,2255,1,"7-3722551","11/16/2023"
"2508","Russia","Russia","3 BMPT Terminator","damaged","https://twitter.com/UAWeapons/status/1690356279439507456","2023-11-16",37,1610,2,"7-3716102","11/16/2023"
"2509","Russia","Russia","3 BMPT Terminator","damaged","https://i.postimg.cc/HsMrPc9H/1017-bmpt-terminator-dam-27-09-23.jpg","2023-11-16",37,2256,2,"7-3722562","11/16/2023"
"2510","Russia","Soviet Union","27 BRM-1(K) reconnaissance vehicle","destroyed","https://postimg.cc/bGSbfRQm","2023-11-16",38,2257,1,"7-3822571","11/16/2023"
"2511","Russia","Soviet Union","27 BRM-1(K) reconnaissance vehicle","destroyed","https://i.postimg.cc/gj3KbRGG/fsl.png","2023-11-16",38,2258,1,"7-3822581","11/16/2023"
"2512","Russia","Soviet Union","27 BRM-1(K) reconnaissance vehicle","destroyed","https://i.postimg.cc/Ss7ZV5zW/d13p.png","2023-11-16",38,2259,1,"7-3822591","11/16/2023"
"2513","Russia","Soviet Union","27 BRM-1(K) reconnaissance vehicle","destroyed","https://i.postimg.cc/QVLrdHRK/6880.png","2023-11-16",38,2260,1,"7-3822601","11/16/2023"
"2514","Russia","Soviet Union","27 BRM-1(K) reconnaissance vehicle","destroyed","https://twitter.com/RALee85/status/1588905221341982726","2023-11-16",38,2261,1,"7-3822611","11/16/2023"
"2515","Russia","Soviet Union","27 BRM-1(K) reconnaissance vehicle","destroyed","https://i.postimg.cc/Yq5fmMHs/3d14.png","2023-11-16",38,2262,1,"7-3822621","11/16/2023"
"2516","Russia","Soviet Union","27 BRM-1(K) reconnaissance vehicle","destroyed","https://i.postimg.cc/yNVXckN7/s1.png","2023-11-16",38,2263,1,"7-3822631","11/16/2023"
"2517","Russia","Soviet Union","27 BRM-1(K) reconnaissance vehicle","destroyed","https://twitter.com/UAWeapons/status/1632009594804240384","2023-11-16",38,1444,1,"7-3814441","11/16/2023"
"2518","Russia","Soviet Union","27 BRM-1(K) reconnaissance vehicle","destroyed","https://i.postimg.cc/85k1X8rv/1005-BRM-1-K.jpg","2023-11-16",38,2264,1,"7-3822641","11/16/2023"
"2519","Russia","Soviet Union","27 BRM-1(K) reconnaissance vehicle","destroyed","https://i.postimg.cc/3wGmwKjQ/55441.png","2023-11-16",38,2265,1,"7-3822651","11/16/2023"
"2520","Russia","Soviet Union","27 BRM-1(K) reconnaissance vehicle","destroyed","https://i.postimg.cc/MTJ9T91Y/f4339.png","2023-11-16",38,2266,1,"7-3822661","11/16/2023"
"2521","Russia","Soviet Union","27 BRM-1(K) reconnaissance vehicle","destroyed","https://twitter.com/UAWeapons/status/1569381077759807489","2023-11-16",38,2267,1,"7-3822671","11/16/2023"
"2522","Russia","Soviet Union","27 BRM-1(K) reconnaissance vehicle","destroyed","https://i.postimg.cc/bw8mSMpV/1010-BRM-1-K.jpg","2023-11-16",38,2268,1,"7-3822681","11/16/2023"
"2523","Russia","Soviet Union","27 BRM-1(K) reconnaissance vehicle","destroyed","https://i.postimg.cc/vT22xsWD/76j.png","2023-11-16",38,2269,1,"7-3822691","11/16/2023"
"2524","Russia","Soviet Union","27 BRM-1(K) reconnaissance vehicle","destroyed","https://i.postimg.cc/VkcJyfKt/1030-BRM-1-K-reconnaissance-vehicle-destr-28-09-23.jpg","2023-11-16",38,2270,1,"7-3822701","11/16/2023"
"2525","Russia","Soviet Union","27 BRM-1(K) reconnaissance vehicle","destroyed","https://i.postimg.cc/RCkyH1PJ/1047-brm1k-destr-25-10-23.jpg","2023-11-16",38,2271,1,"7-3822711","11/16/2023"
"2526","Russia","Soviet Union","27 BRM-1(K) reconnaissance vehicle","damaged","https://twitter.com/Blue_Sauron/status/1577397473257361408","2023-11-16",38,2272,2,"7-3822722","11/16/2023"
"2527","Russia","Soviet Union","27 BRM-1(K) reconnaissance vehicle","damaged","https://i.postimg.cc/MH5RvRmc/1009-bmp1-dam-aband-26-01-23.jpg","2023-11-16",38,2273,2,"7-3822732","11/16/2023"
"2528","Russia","Soviet Union","27 BRM-1(K) reconnaissance vehicle","abandoned","https://i.postimg.cc/MH5RvRmc/1009-bmp1-dam-aband-26-01-23.jpg","2023-11-16",38,2273,4,"7-3822734","11/16/2023"
"2529","Russia","Soviet Union","27 BRM-1(K) reconnaissance vehicle","captured","https://i.postimg.cc/W4LXNVTC/567.png","2023-11-16",38,2274,3,"7-3822743","11/16/2023"
"2530","Russia","Soviet Union","27 BRM-1(K) reconnaissance vehicle","captured","https://i.postimg.cc/Px4KPtq9/1003-brm1k.jpg","2023-11-16",38,2275,3,"7-3822753","11/16/2023"
"2531","Russia","Soviet Union","27 BRM-1(K) reconnaissance vehicle","captured","https://i.postimg.cc/g0nfvNjc/1013-brm1k.jpg","2023-11-16",38,2276,3,"7-3822763","11/16/2023"
"2532","Russia","Soviet Union","27 BRM-1(K) reconnaissance vehicle","captured","https://twitter.com/UAWeapons/status/1569229438864195589","2023-11-16",38,1916,3,"7-3819163","11/16/2023"
"2533","Russia","Soviet Union","27 BRM-1(K) reconnaissance vehicle","captured","https://i.postimg.cc/C16b4L6P/2022-09-13-Hlynske.jpg","2023-11-16",38,2277,3,"7-3822773","11/16/2023"
"2534","Russia","Soviet Union","27 BRM-1(K) reconnaissance vehicle","captured","https://i.postimg.cc/MT4jCVsM/874.png","2023-11-16",38,2278,3,"7-3822783","11/16/2023"
"2535","Russia","Soviet Union","27 BRM-1(K) reconnaissance vehicle","captured","https://i.postimg.cc/yYnZX0Xs/488.png","2023-11-16",38,2279,3,"7-3822793","11/16/2023"
"2536","Russia","Soviet Union","27 BRM-1(K) reconnaissance vehicle","captured","https://i.postimg.cc/k4vsL4Hv/1010-brm-1k-capt.jpg","2023-11-16",38,2280,3,"7-3822803","11/16/2023"
"2537","Russia","Soviet Union","27 BRM-1(K) reconnaissance vehicle","captured","https://i.postimg.cc/SNkW4Ccj/1003-brm1k-capt-31-03-22.jpg","2023-11-16",38,2281,3,"7-3822813","11/16/2023"
"2538","Russia","Russia","BRM-1K Obr. 2021","destroyed","https://twitter.com/naalsio26/status/1697801555703951738","2023-11-16",39,2282,1,"7-3922821","11/16/2023"
"2539","Russia","Russia","BRM-1K Obr. 2021","captured","https://twitter.com/UAWeapons/status/1585305139552096256","2023-11-16",39,2283,3,"7-3922833","11/16/2023"
"2540","Russia","Soviet Union","4 BRDM-2","destroyed","https://i.postimg.cc/HWJMWnXs/d4.png","2023-11-16",40,2284,1,"7-4022841","11/16/2023"
"2541","Russia","Soviet Union","4 BRDM-2","destroyed","https://i.postimg.cc/Qx0xF42r/1001-brdm2.jpg","2023-11-16",40,2285,1,"7-4022851","11/16/2023"
"2542","Russia","Soviet Union","4 BRDM-2","destroyed","https://i.postimg.cc/SKp8Djnm/1007-brdm2-destr-06-02-23.jpg","2023-11-16",40,2286,1,"7-4022861","11/16/2023"
"2543","Russia","Soviet Union","4 BRDM-2","captured","https://i.postimg.cc/13Mk6Qxd/1006-brdm2-capt.jpg","2023-11-16",40,2287,3,"7-4022873","11/16/2023"
"2544","Russia","Russia","BRDM-2M/A","destroyed","https://i.postimg.cc/v8CG30jL/343.png","2023-11-16",41,2288,1,"7-4122881","11/16/2023"
"2545","Russia","Russia","BRDM-2M/A","destroyed","https://i.postimg.cc/SNFZhR0b/1035-BRDM-2-destr-12-10-23.jpg","2023-11-16",41,2289,1,"7-4122891","11/16/2023"
"2546","Russia","Soviet Union","2 BRDM-2RKhb chemical reconnaissance vehicle","captured","https://i.postimg.cc/Znvff41t/1018-BRDM-2-capt.jpg","2023-11-16",42,2290,3,"7-4222903","11/16/2023"
"2547","Russia","Soviet Union","2 BRDM-2RKhb chemical reconnaissance vehicle","captured","https://i.postimg.cc/q7LBSPrv/1026-BRDM-2-Rhb-capt.jpg","2023-11-16",42,2291,3,"7-4222913","11/16/2023"
"2548","Russia","Soviet Union","2 BRDM-2-based ZS-82 PsyOps vehicle","destroyed","https://i.postimg.cc/J4cL6170/1051-ZS-82-Psy-Ops-vehicle-destr.jpg","2023-11-16",43,2292,1,"7-4322921","11/16/2023"
"2549","Russia","Soviet Union","2 BRDM-2-based ZS-82 PsyOps vehicle","captured","https://i.postimg.cc/50j3PF6L/1001-Psy-Ops-vehicle-capt.jpg","2023-11-16",43,2293,3,"7-4322933","11/16/2023"
"2550","Russia","Soviet Union","1 BTR-80-based ZS-88 PsyOps vehicle","destroyed","https://i.postimg.cc/m277pMh1/1008-ZS-88-destr.jpg","2023-11-16",44,2294,1,"7-4422941","11/16/2023"
"2551","Russia","Soviet Union","1 BTR-80 with 57mm UB-32 unguided aircraft rocket pods","damaged","https://twitter.com/UAWeapons/status/1670712082826764288","2023-11-16",45,2295,2,"7-4522952","11/16/2023"
"2552","Russia","Soviet Union","MT-LB","destroyed","https://i.postimg.cc/2SJG2hyJ/9po.png","2023-11-16",46,2296,1,"7-4622961","11/16/2023"
"2553","Russia","Soviet Union","MT-LB","destroyed","https://i.postimg.cc/XvpJbF2W/k9.png","2023-11-16",46,2297,1,"7-4622971","11/16/2023"
"2554","Russia","Soviet Union","MT-LB","destroyed","https://twitter.com/UAWeapons/status/1498757622211784707","2023-11-16",46,2298,1,"7-4622981","11/16/2023"
"2555","Russia","Soviet Union","MT-LB","destroyed","https://i.postimg.cc/nLRctZ4r/d6.png","2023-11-16",46,2299,1,"7-4622991","11/16/2023"
"2556","Russia","Soviet Union","MT-LB","destroyed","https://i.postimg.cc/W4x4DFVB/54.jpg","2023-11-16",46,2300,1,"7-4623001","11/16/2023"
"2557","Russia","Soviet Union","MT-LB","destroyed","https://i.postimg.cc/CxNSkmyp/763.png","2023-11-16",46,2301,1,"7-4623011","11/16/2023"
"2558","Russia","Soviet Union","MT-LB","destroyed","https://i.postimg.cc/66k6rQ9g/d17.png","2023-11-16",46,2302,1,"7-4623021","11/16/2023"
"2559","Russia","Soviet Union","MT-LB","destroyed","https://i.postimg.cc/y6m6zVCB/525.png","2023-11-16",46,2303,1,"7-4623031","11/16/2023"
"2560","Russia","Soviet Union","MT-LB","destroyed","https://i.postimg.cc/gJ24TR94/457.png","2023-11-16",46,2304,1,"7-4623041","11/16/2023"
"2561","Russia","Soviet Union","MT-LB","destroyed","https://i.postimg.cc/kg4dJZ3y/23.png","2023-11-16",46,2305,1,"7-4623051","11/16/2023"
"2562","Russia","Soviet Union","MT-LB","destroyed","https://i.postimg.cc/XNTmHGBK/t1.png","2023-11-16",46,2306,1,"7-4623061","11/16/2023"
"2563","Russia","Soviet Union","MT-LB","destroyed","https://i.postimg.cc/GmRNRWQH/t2.png","2023-11-16",46,2307,1,"7-4623071","11/16/2023"
"2564","Russia","Soviet Union","MT-LB","destroyed","https://i.postimg.cc/RZ2hwWLF/3d5.png","2023-11-16",46,2308,1,"7-4623081","11/16/2023"
"2565","Russia","Soviet Union","MT-LB","destroyed","https://i.postimg.cc/tR5r7YLG/4f.png","2023-11-16",46,2309,1,"7-4623091","11/16/2023"
"2566","Russia","Soviet Union","MT-LB","destroyed","https://i.postimg.cc/23p4Kymk/t5.png","2023-11-16",46,2310,1,"7-4623101","11/16/2023"
"2567","Russia","Soviet Union","MT-LB","destroyed","https://i.postimg.cc/QNFfrp3V/332.jpg","2023-11-16",46,2311,1,"7-4623111","11/16/2023"
"2568","Russia","Soviet Union","MT-LB","destroyed","https://i.postimg.cc/xCyC3R9P/7ip.png","2023-11-16",46,2312,1,"7-4623121","11/16/2023"
"2569","Russia","Soviet Union","MT-LB","destroyed","https://i.postimg.cc/k5cwW0Hg/355.png","2023-11-16",46,2313,1,"7-4623131","11/16/2023"
"2570","Russia","Soviet Union","MT-LB","destroyed","https://i.postimg.cc/sg8MqfCK/1022-mtlb.jpg","2023-11-16",46,2314,1,"7-4623141","11/16/2023"
"2571","Russia","Soviet Union","MT-LB","destroyed","https://i.postimg.cc/R0vkHGqJ/mdes1.png","2023-11-16",46,2315,1,"7-4623151","11/16/2023"
"2572","Russia","Soviet Union","MT-LB","destroyed","https://i.postimg.cc/vmqG8CXZ/mdes2.png","2023-11-16",46,2316,1,"7-4623161","11/16/2023"
"2573","Russia","Soviet Union","MT-LB","destroyed","https://i.postimg.cc/ZYM41vF4/68.png","2023-11-16",46,2317,1,"7-4623171","11/16/2023"
"2574","Russia","Soviet Union","MT-LB","destroyed","https://i.postimg.cc/mhxq2y0D/mttllbb1.jpg","2023-11-16",46,2318,1,"7-4623181","11/16/2023"
"2575","Russia","Soviet Union","MT-LB","destroyed","https://postimg.cc/64wYVYXf","2023-11-16",46,2319,1,"7-4623191","11/16/2023"
"2576","Russia","Soviet Union","MT-LB","destroyed","https://postimg.cc/XrpSy7x7","2023-11-16",46,2320,1,"7-4623201","11/16/2023"
"2577","Russia","Soviet Union","MT-LB","destroyed","https://i.postimg.cc/fTmW72W8/XBb-IUx-U9-png-small.png","2023-11-16",46,2321,1,"7-4623211","11/16/2023"
"2578","Russia","Soviet Union","MT-LB","destroyed","https://i.postimg.cc/sfBgxfkd/mttttllbbb.jpg","2023-11-16",46,2322,1,"7-4623221","11/16/2023"
"2579","Russia","Soviet Union","MT-LB","destroyed","https://i.postimg.cc/G25V6CKv/mmtttlllbbbb.jpg","2023-11-16",46,2323,1,"7-4623231","11/16/2023"
"2580","Russia","Soviet Union","MT-LB","destroyed","https://i.postimg.cc/XJXdKG76/1012.jpg","2023-11-16",46,287,1,"7-462871","11/16/2023"
"2581","Russia","Soviet Union","MT-LB","destroyed","https://i.postimg.cc/bvNzhqx5/mttllbbb11.png","2023-11-16",46,2324,1,"7-4623241","11/16/2023"
"2582","Russia","Soviet Union","MT-LB","destroyed","https://i.postimg.cc/2S1FjYXP/m1.png","2023-11-16",46,2325,1,"7-4623251","11/16/2023"
"2583","Russia","Soviet Union","MT-LB","destroyed","https://i.postimg.cc/cHktJ5gH/mm1.png","2023-11-16",46,2326,1,"7-4623261","11/16/2023"
"2584","Russia","Soviet Union","MT-LB","destroyed","https://i.postimg.cc/nVQqzp2f/mm2.png","2023-11-16",46,2327,1,"7-4623271","11/16/2023"
"2585","Russia","Soviet Union","MT-LB","destroyed","https://i.postimg.cc/g2wrJ0xZ/652g.jpg","2023-11-16",46,2328,1,"7-4623281","11/16/2023"
"2586","Russia","Soviet Union","MT-LB","destroyed","https://i.postimg.cc/dQ2tP35V/43d.png","2023-11-16",46,2329,1,"7-4623291","11/16/2023"
"2587","Russia","Soviet Union","MT-LB","destroyed","https://i.postimg.cc/BnmkrP58/43ff.jpg","2023-11-16",46,2330,1,"7-4623301","11/16/2023"
"2588","Russia","Soviet Union","MT-LB","destroyed","https://twitter.com/UAWeapons/status/1523774073813168129","2023-11-16",46,2331,1,"7-4623311","11/16/2023"
"2589","Russia","Soviet Union","MT-LB","destroyed","https://twitter.com/UAWeapons/status/1525557064176648205","2023-11-16",46,2332,1,"7-4623321","11/16/2023"
"2590","Russia","Soviet Union","MT-LB","destroyed","https://twitter.com/UAWeapons/status/1527624405009977344","2023-11-16",46,2333,1,"7-4623331","11/16/2023"
"2591","Russia","Soviet Union","MT-LB","destroyed","https://twitter.com/UAWeapons/status/1527977843837255680","2023-11-16",46,2334,1,"7-4623341","11/16/2023"
"2592","Russia","Soviet Union","MT-LB","destroyed","https://twitter.com/UAWeapons/status/1528686611050942466","2023-11-16",46,2335,1,"7-4623351","11/16/2023"
"2593","Russia","Soviet Union","MT-LB","destroyed","https://twitter.com/UAWeapons/status/1525929877966315520","2023-11-16",46,2336,1,"7-4623361","11/16/2023"
"2594","Russia","Soviet Union","MT-LB","destroyed","https://i.postimg.cc/3JJCTH8P/23.jpg","2023-11-16",46,2337,1,"7-4623371","11/16/2023"
"2595","Russia","Soviet Union","MT-LB","destroyed","https://i.postimg.cc/2yjvr4D4/1.jpg","2023-11-16",46,2338,1,"7-4623381","11/16/2023"
"2596","Russia","Soviet Union","MT-LB","destroyed","https://i.postimg.cc/W1xMgFGv/4.jpg","2023-11-16",46,2339,1,"7-4623391","11/16/2023"
"2597","Russia","Soviet Union","MT-LB","destroyed","https://twitter.com/UAWeapons/status/1530210208751951872","2023-11-16",46,2340,1,"7-4623401","11/16/2023"
"2598","Russia","Soviet Union","MT-LB","destroyed","https://i.postimg.cc/2SWdnnqh/j7.jpg","2023-11-16",46,2341,1,"7-4623411","11/16/2023"
"2599","Russia","Soviet Union","MT-LB","destroyed","https://i.postimg.cc/QNPYJMzg/h777.jpg","2023-11-16",46,2342,1,"7-4623421","11/16/2023"
"2600","Russia","Soviet Union","MT-LB","destroyed","https://twitter.com/UAWeapons/status/1541061368434106368","2023-11-16",46,699,1,"7-466991","11/16/2023"
"2601","Russia","Soviet Union","MT-LB","destroyed","https://postimg.cc/Pp6LzMNd","2023-11-16",46,2343,1,"7-4623431","11/16/2023"
"2602","Russia","Soviet Union","MT-LB","destroyed","https://i.postimg.cc/cHwQVqVN/e-Vsa-X8-T8-jpg-large.jpg","2023-11-16",46,2344,1,"7-4623441","11/16/2023"
"2603","Russia","Soviet Union","MT-LB","destroyed","https://i.postimg.cc/W4JrkLpJ/kmz.png","2023-11-16",46,2345,1,"7-4623451","11/16/2023"
"2604","Russia","Soviet Union","MT-LB","destroyed","https://i.postimg.cc/T31nT5Z0/mmtttllbb.jpg","2023-11-16",46,2346,1,"7-4623461","11/16/2023"
"2605","Russia","Soviet Union","MT-LB","destroyed","https://i.postimg.cc/RVXcrLbq/mtlbb.jpg","2023-11-16",46,2347,1,"7-4623471","11/16/2023"
"2606","Russia","Soviet Union","MT-LB","destroyed","https://postlmg.cc/PNNpxXj3","2023-11-16",46,2348,1,"7-4623481","11/16/2023"
"2607","Russia","Soviet Union","MT-LB","destroyed","https://twitter.com/Blue_Sauron/status/1585283128834330628","2023-11-16",46,2349,1,"7-4623491","11/16/2023"
"2608","Russia","Soviet Union","MT-LB","destroyed","https://i.postimg.cc/SNyWtvdw/p-ZU4-Guo-L-jpg-medium.jpg","2023-11-16",46,2350,1,"7-4623501","11/16/2023"
"2609","Russia","Soviet Union","MT-LB","destroyed","https://i.postimg.cc/htYTvPnB/ziqz0z-Ur-jpg-large.jpg","2023-11-16",46,2351,1,"7-4623511","11/16/2023"
"2610","Russia","Soviet Union","MT-LB","destroyed","https://twitter.com/UAWeapons/status/1584129363095990272","2023-11-16",46,2352,1,"7-4623521","11/16/2023"
"2611","Russia","Soviet Union","MT-LB","destroyed","https://twitter.com/UAWeapons/status/1540759573581008897","2023-11-16",46,2353,1,"7-4623531","11/16/2023"
"2612","Russia","Soviet Union","MT-LB","destroyed","https://twitter.com/UAWeapons/status/1537885697721241600","2023-11-16",46,2354,1,"7-4623541","11/16/2023"
"2613","Russia","Soviet Union","MT-LB","destroyed","https://twitter.com/UAWeapons/status/1538608332218458114","2023-11-16",46,2355,1,"7-4623551","11/16/2023"
"2614","Russia","Soviet Union","MT-LB","destroyed","https://twitter.com/UAWeapons/status/1537106678654672896","2023-11-16",46,2356,1,"7-4623561","11/16/2023"
"2615","Russia","Soviet Union","MT-LB","destroyed","https://twitter.com/UAWeapons/status/1536387180611895296","2023-11-16",46,2357,1,"7-4623571","11/16/2023"
"2616","Russia","Soviet Union","MT-LB","destroyed","https://twitter.com/UAWeapons/status/1542984634778148864","2023-11-16",46,2358,1,"7-4623581","11/16/2023"
"2617","Russia","Soviet Union","MT-LB","destroyed","https://i.postimg.cc/g2GkTVfj/4477.png","2023-11-16",46,2359,1,"7-4623591","11/16/2023"
"2618","Russia","Soviet Union","MT-LB","destroyed","https://twitter.com/RALee85/status/1542909107832766470","2023-11-16",46,2360,1,"7-4623601","11/16/2023"
"2619","Russia","Soviet Union","MT-LB","destroyed","https://twitter.com/Blue_Sauron/status/1543249912351145986","2023-11-16",46,2361,1,"7-4623611","11/16/2023"
"2620","Russia","Soviet Union","MT-LB","destroyed","https://twitter.com/UAWeapons/status/1543208793907122179","2023-11-16",46,2362,1,"7-4623621","11/16/2023"
"2621","Russia","Soviet Union","MT-LB","destroyed","https://twitter.com/UAWeapons/status/1544438189070352384","2023-11-16",46,2363,1,"7-4623631","11/16/2023"
"2622","Russia","Soviet Union","MT-LB","destroyed","https://twitter.com/UAWeapons/status/1545356472699289600","2023-11-16",46,2364,1,"7-4623641","11/16/2023"
"2623","Russia","Soviet Union","MT-LB","destroyed","https://twitter.com/Blue_Sauron/status/1545662172029673473","2023-11-16",46,2365,1,"7-4623651","11/16/2023"
"2624","Russia","Soviet Union","MT-LB","destroyed","https://twitter.com/Blue_Sauron/status/1545668249886474241","2023-11-16",46,2062,1,"7-4620621","11/16/2023"
"2625","Russia","Soviet Union","MT-LB","destroyed","https://twitter.com/UAWeapons/status/1546089606365552640","2023-11-16",46,2366,1,"7-4623661","11/16/2023"
"2626","Russia","Soviet Union","MT-LB","destroyed","https://i.postimg.cc/wMv4MPKW/1006.jpg","2023-11-16",46,2367,1,"7-4623671","11/16/2023"
"2627","Russia","Soviet Union","MT-LB","destroyed","https://i.postimg.cc/q7yrqVbh/1001.jpg","2023-11-16",46,1748,1,"7-4617481","11/16/2023"
"2628","Russia","Soviet Union","MT-LB","destroyed","https://i.postimg.cc/TPyPcvcf/1005.jpg","2023-11-16",46,2368,1,"7-4623681","11/16/2023"
"2629","Russia","Soviet Union","MT-LB","destroyed","https://i.postimg.cc/gJWPGKj7/1001.jpg","2023-11-16",46,2369,1,"7-4623691","11/16/2023"
"2630","Russia","Soviet Union","MT-LB","destroyed","https://i.postimg.cc/tTNGJVV4/1002.jpg","2023-11-16",46,2370,1,"7-4623701","11/16/2023"
"2631","Russia","Soviet Union","MT-LB","destroyed","https://i.postimg.cc/C5vyHT7y/1003.jpg","2023-11-16",46,2371,1,"7-4623711","11/16/2023"
"2632","Russia","Soviet Union","MT-LB","destroyed","https://i.postimg.cc/QxvsrFVB/1023-mtlb.jpg","2023-11-16",46,2372,1,"7-4623721","11/16/2023"
"2633","Russia","Soviet Union","MT-LB","destroyed","https://i.postimg.cc/QVL9CqcX/1004.jpg","2023-11-16",46,2373,1,"7-4623731","11/16/2023"
"2634","Russia","Soviet Union","MT-LB","destroyed","https://twitter.com/UAWeapons/status/1550928068444913671","2023-11-16",46,2374,1,"7-4623741","11/16/2023"
"2635","Russia","Soviet Union","MT-LB","destroyed","https://twitter.com/UAWeapons/status/1550928100623622146","2023-11-16",46,2375,1,"7-4623751","11/16/2023"
"2636","Russia","Soviet Union","MT-LB","destroyed","https://twitter.com/UAWeapons/status/1552403997805404166","2023-11-16",46,2376,1,"7-4623761","11/16/2023"
"2637","Russia","Soviet Union","MT-LB","destroyed","https://twitter.com/UAWeapons/status/1555931635752771590","2023-11-16",46,2377,1,"7-4623771","11/16/2023"
"2638","Russia","Soviet Union","MT-LB","destroyed","https://i.postimg.cc/h4kxGnK4/1000-mtlb.jpg","2023-11-16",46,2378,1,"7-4623781","11/16/2023"
"2639","Russia","Soviet Union","MT-LB","destroyed","https://postimg.cc/DmJpccjq","2023-11-16",46,2379,1,"7-4623791","11/16/2023"
"2640","Russia","Soviet Union","MT-LB","destroyed","https://postimg.cc/9rsFgVjL","2023-11-16",46,2380,1,"7-4623801","11/16/2023"
"2641","Russia","Soviet Union","MT-LB","destroyed","https://postimg.cc/svWvr1mk","2023-11-16",46,2381,1,"7-4623811","11/16/2023"
"2642","Russia","Soviet Union","MT-LB","destroyed","https://i.postimg.cc/m2xGjMj2/1006-mtlb.jpg","2023-11-16",46,2382,1,"7-4623821","11/16/2023"
"2643","Russia","Soviet Union","MT-LB","destroyed","https://twitter.com/UAWeapons/status/1557039848179089409","2023-11-16",46,2383,1,"7-4623831","11/16/2023"
"2644","Russia","Soviet Union","MT-LB","destroyed","https://twitter.com/UAWeapons/status/1557111929927237632","2023-11-16",46,1250,1,"7-4612501","11/16/2023"
"2645","Russia","Soviet Union","MT-LB","destroyed","https://twitter.com/UAWeapons/status/1557655485456719872","2023-11-16",46,2384,1,"7-4623841","11/16/2023"
"2646","Russia","Soviet Union","MT-LB","destroyed","https://twitter.com/UAWeapons/status/1557684866266939392","2023-11-16",46,2385,1,"7-4623851","11/16/2023"
"2647","Russia","Soviet Union","MT-LB","destroyed","https://i.postimg.cc/G90HDCsq/1003-Kam-AZ-truck-mtlb.jpg","2023-11-16",46,2386,1,"7-4623861","11/16/2023"
"2648","Russia","Soviet Union","MT-LB","destroyed","https://twitter.com/UAWeapons/status/1558891446144565250","2023-11-16",46,2387,1,"7-4623871","11/16/2023"
"2649","Russia","Soviet Union","MT-LB","destroyed","https://i.postimg.cc/xCbryzDv/1001-mtlb.jpg","2023-11-16",46,2388,1,"7-4623881","11/16/2023"
"2650","Russia","Soviet Union","MT-LB","destroyed","https://i.postimg.cc/QCGRjz0H/1015-mtlb.jpg","2023-11-16",46,2389,1,"7-4623891","11/16/2023"
"2651","Russia","Soviet Union","MT-LB","destroyed","https://i.postimg.cc/jqDGwdXy/1009-mtlb-destr-30-10-23.jpg","2023-11-16",46,2390,1,"7-4623901","11/16/2023"
"2652","Russia","Soviet Union","MT-LB","destroyed","https://i.postimg.cc/yYjcTw9v/76.png","2023-11-16",46,2391,1,"7-4623911","11/16/2023"
"2653","Russia","Soviet Union","MT-LB","destroyed","https://twitter.com/RALee85/status/1561806644543094784","2023-11-16",46,2392,1,"7-4623921","11/16/2023"
"2654","Russia","Soviet Union","MT-LB","destroyed","https://i.postimg.cc/PxXR92jd/2022-09-23-MT-LB.jpg","2023-11-16",46,2393,1,"7-4623931","11/16/2023"
"2655","Russia","Soviet Union","MT-LB","destroyed","https://twitter.com/UAWeapons/status/1566165635507408896","2023-11-16",46,2394,1,"7-4623941","11/16/2023"
"2656","Russia","Soviet Union","MT-LB","destroyed","https://twitter.com/UAWeapons/status/1566166372069134338","2023-11-16",46,2395,1,"7-4623951","11/16/2023"
"2657","Russia","Soviet Union","MT-LB","destroyed","https://i.postimg.cc/3JHkr9Xx/1016-mtlb.jpg","2023-11-16",46,2396,1,"7-4623961","11/16/2023"
"2658","Russia","Soviet Union","MT-LB","destroyed","https://i.postimg.cc/YSxJ51ZJ/3337.png","2023-11-16",46,2397,1,"7-4623971","11/16/2023"
"2659","Russia","Soviet Union","MT-LB","destroyed","https://twitter.com/UAWeapons/status/1569335718853640195","2023-11-16",46,2398,1,"7-4623981","11/16/2023"
"2660","Russia","Soviet Union","MT-LB","destroyed","https://i.postimg.cc/nLV8FkKD/1001-mtlb-destr.jpg","2023-11-16",46,2399,1,"7-4623991","11/16/2023"
"2661","Russia","Soviet Union","MT-LB","captured","https://i.postimg.cc/zfR1wLP0/3d.png","2023-11-16",46,2400,3,"7-4624003","11/16/2023"
"2662","Russia","Soviet Union","MT-LB","destroyed","https://i.postimg.cc/zfR1wLP0/3d.png","2023-11-16",46,2400,1,"7-4624001","11/16/2023"
"2663","Russia","Soviet Union","MT-LB","destroyed","https://i.postimg.cc/JzGgQ9gs/1000-mtlb-2x.jpg","2023-11-16",46,2401,1,"7-4624011","11/16/2023"
"2664","Russia","Soviet Union","MT-LB","destroyed","https://i.postimg.cc/3JLVmKLM/1028-mtlb-2x.jpg","2023-11-16",46,2402,1,"7-4624021","11/16/2023"
"2665","Russia","Soviet Union","MT-LB","destroyed","https://twitter.com/UAWeapons/status/1569647344282378240","2023-11-16",46,2403,1,"7-4624031","11/16/2023"
"2666","Russia","Soviet Union","MT-LB","destroyed","https://i.postimg.cc/jdVP6gFW/1004-mtlb.jpg","2023-11-16",46,2404,1,"7-4624041","11/16/2023"
"2667","Russia","Soviet Union","MT-LB","destroyed","https://twitter.com/UAWeapons/status/1570506077929877504","2023-11-16",46,1667,1,"7-4616671","11/16/2023"
"2668","Russia","Soviet Union","MT-LB","destroyed","https://twitter.com/UAWeapons/status/1570427754566324225","2023-11-16",46,2405,1,"7-4624051","11/16/2023"
"2669","Russia","Soviet Union","MT-LB","destroyed","https://i.postimg.cc/sxTRRJ3g/2022-09-14-307095797-3212297189018838-4688457807291624709-n.jpg","2023-11-16",46,2406,1,"7-4624061","11/16/2023"
"2670","Russia","Soviet Union","MT-LB","destroyed","https://i.postimg.cc/d3k4HXL6/2022-09-29-MT-LB.jpg","2023-11-16",46,2407,1,"7-4624071","11/16/2023"
"2671","Russia","Soviet Union","MT-LB","destroyed","https://i.postimg.cc/g2NvRCZs/2022-09-18-MT-LB-2.jpg","2023-11-16",46,2408,1,"7-4624081","11/16/2023"
"2672","Russia","Soviet Union","MT-LB","destroyed","https://twitter.com/UAWeapons/status/1572155780698341376","2023-11-16",46,2409,1,"7-4624091","11/16/2023"
"2673","Russia","Soviet Union","MT-LB","destroyed","https://twitter.com/UAWeapons/status/1572332220697948161","2023-11-16",46,961,1,"7-469611","11/16/2023"
"2674","Russia","Soviet Union","MT-LB","destroyed","https://twitter.com/UAWeapons/status/1573414860775624704","2023-11-16",46,2410,1,"7-4624101","11/16/2023"
"2675","Russia","Soviet Union","MT-LB","destroyed","https://i.postimg.cc/C5RgtJGf/1003-mtlb.jpg","2023-11-16",46,2411,1,"7-4624111","11/16/2023"
"2676","Russia","Soviet Union","MT-LB","destroyed","https://twitter.com/UAWeapons/status/1574379264819941376","2023-11-16",46,2106,1,"7-4621061","11/16/2023"
"2677","Russia","Soviet Union","MT-LB","destroyed","https://twitter.com/UAWeapons/status/1576130135262040065","2023-11-16",46,2412,1,"7-4624121","11/16/2023"
"2678","Russia","Soviet Union","MT-LB","destroyed","https://twitter.com/naalsio26/status/1576664189074305025","2023-11-16",46,2413,1,"7-4624131","11/16/2023"
"2679","Russia","Soviet Union","MT-LB","destroyed","https://i.postimg.cc/J4W0qnhN/1006-mtlb-destr.jpg","2023-11-16",46,2414,1,"7-4624141","11/16/2023"
"2680","Russia","Soviet Union","MT-LB","destroyed","https://i.postimg.cc/pLvbFhyZ/2022-04-10-MT-LB.jpg","2023-11-16",46,2415,1,"7-4624151","11/16/2023"
"2681","Russia","Soviet Union","MT-LB","destroyed","https://twitter.com/UAWeapons/status/1577257323927511041","2023-11-16",46,2416,1,"7-4624161","11/16/2023"
"2682","Russia","Soviet Union","MT-LB","destroyed","https://i.postimg.cc/3xF5Q6Gh/1000-mtlb-destr.jpg","2023-11-16",46,2417,1,"7-4624171","11/16/2023"
"2683","Russia","Soviet Union","MT-LB","destroyed","https://i.postimg.cc/4yFCkNNL/1014-mtlb-destr.jpg","2023-11-16",46,2418,1,"7-4624181","11/16/2023"
"2684","Russia","Soviet Union","MT-LB","destroyed","https://i.postimg.cc/cHQqbYR7/1002-mtlb-destr.jpg","2023-11-16",46,2419,1,"7-4624191","11/16/2023"
"2685","Russia","Soviet Union","MT-LB","destroyed","https://i.postimg.cc/zGF4xZFZ/MT-LB-Kharkiv-region.png","2023-11-16",46,2420,1,"7-4624201","11/16/2023"
"2686","Russia","Soviet Union","MT-LB","destroyed","https://i.postimg.cc/J7X6TCR6/MT-LB-Izium.png","2023-11-16",46,2421,1,"7-4624211","11/16/2023"
"2687","Russia","Soviet Union","MT-LB","destroyed","https://i.postimg.cc/qqKv01z9/2022-03-27-MT-LB.jpg","2023-11-16",46,2422,1,"7-4624221","11/16/2023"
"2688","Russia","Soviet Union","MT-LB","destroyed","https://postimg.cc/xq7kNwj0","2023-11-16",46,2423,1,"7-4624231","11/16/2023"
"2689","Russia","Soviet Union","MT-LB","destroyed","https://i.postimg.cc/Pqd0PhP5/1002-mtlb-destr.jpg","2023-11-16",46,2424,1,"7-4624241","11/16/2023"
"2690","Russia","Soviet Union","MT-LB","destroyed","https://twitter.com/UAWeapons/status/1580291630913187840","2023-11-16",46,2425,1,"7-4624251","11/16/2023"
"2691","Russia","Soviet Union","MT-LB","destroyed","https://i.postimg.cc/6qSDyw6d/1028-mtlb-destr.jpg","2023-11-16",46,2426,1,"7-4624261","11/16/2023"
"2692","Russia","Soviet Union","MT-LB","destroyed","https://i.postimg.cc/pTS0BCNv/1052-mtlb-destr.jpg","2023-11-16",46,2427,1,"7-4624271","11/16/2023"
"2693","Russia","Soviet Union","MT-LB","destroyed","https://i.postimg.cc/yYY0Hk5C/73.jpg","2023-11-16",46,2428,1,"7-4624281","11/16/2023"
"2694","Russia","Soviet Union","MT-LB","destroyed","https://i.postimg.cc/bw1fF0Hb/1016-mtlb-destr.jpg","2023-11-16",46,2429,1,"7-4624291","11/16/2023"
"2695","Russia","Soviet Union","MT-LB","destroyed","https://i.postimg.cc/ht21zWFf/1027-mtlb-destr-10-01-23.jpg","2023-11-16",46,2430,1,"7-4624301","11/16/2023"
"2696","Russia","Soviet Union","MT-LB","destroyed","https://i.postimg.cc/LsWSFHTR/2022-04-06-mt-lb.jpg","2023-11-16",46,2431,1,"7-4624311","11/16/2023"
"2697","Russia","Soviet Union","MT-LB","destroyed","https://i.postimg.cc/gJrcGLFt/2022-04-07-mt-lb.jpg","2023-11-16",46,2432,1,"7-4624321","11/16/2023"
"2698","Russia","Soviet Union","MT-LB","destroyed","https://i.postimg.cc/W45bR6KJ/2022-04-07-mt-lb-2.jpg","2023-11-16",46,2433,1,"7-4624331","11/16/2023"
"2699","Russia","Soviet Union","MT-LB","destroyed","https://i.postimg.cc/3wV7pKzN/2022-04-07-mt-lb-4.jpg","2023-11-16",46,2434,1,"7-4624341","11/16/2023"
"2700","Russia","Soviet Union","MT-LB","destroyed","https://i.postimg.cc/NGkD3dk0/2022-04-13-mt-lb.jpg","2023-11-16",46,2435,1,"7-4624351","11/16/2023"
"2701","Russia","Soviet Union","MT-LB","destroyed","https://i.postimg.cc/jjhCxngy/2022-04-21-mt-lb.jpg","2023-11-16",46,2436,1,"7-4624361","11/16/2023"
"2702","Russia","Soviet Union","MT-LB","destroyed","https://i.postimg.cc/66m7kRyg/2022-04-22-MT-LB.jpg","2023-11-16",46,2437,1,"7-4624371","11/16/2023"
"2703","Russia","Soviet Union","MT-LB","destroyed","https://i.postimg.cc/hPMJ8779/2022-05-06-mt-lb.jpg","2023-11-16",46,2438,1,"7-4624381","11/16/2023"
"2704","Russia","Soviet Union","MT-LB","destroyed","https://i.postimg.cc/BngPBSm1/2022-05-30-mt-lb.jpg","2023-11-16",46,2439,1,"7-4624391","11/16/2023"
"2705","Russia","Soviet Union","MT-LB","destroyed","https://i.postimg.cc/9M1xYzD2/2022-06-28-mt-lb.jpg","2023-11-16",46,2440,1,"7-4624401","11/16/2023"
"2706","Russia","Soviet Union","MT-LB","destroyed","https://i.postimg.cc/CLrNKWqv/2022-07-09-mt-lb.jpg","2023-11-16",46,2441,1,"7-4624411","11/16/2023"
"2707","Russia","Soviet Union","MT-LB","destroyed","https://i.postimg.cc/G2J6DgQ4/2022-08-08-mt-lb.jpg","2023-11-16",46,2442,1,"7-4624421","11/16/2023"
"2708","Russia","Soviet Union","MT-LB","destroyed","https://twitter.com/UAWeapons/status/1582008510334009345","2023-11-16",46,2443,1,"7-4624431","11/16/2023"
"2709","Russia","Soviet Union","MT-LB","destroyed","https://postimg.cc/YjgZZkgk","2023-11-16",46,2444,1,"7-4624441","11/16/2023"
"2710","Russia","Soviet Union","MT-LB","destroyed","https://i.postimg.cc/v8xs7f84/1014-imr2-mtlb-destr.jpg","2023-11-16",46,2445,1,"7-4624451","11/16/2023"
"2711","Russia","Soviet Union","MT-LB","destroyed","https://i.postimg.cc/dDPqmqS0/1011-mtlb-destr.jpg","2023-11-16",46,2446,1,"7-4624461","11/16/2023"
"2712","Russia","Soviet Union","MT-LB","destroyed","https://i.postimg.cc/7hTH2C9c/1012-mtlb-destr.jpg","2023-11-16",46,2447,1,"7-4624471","11/16/2023"
"2713","Russia","Soviet Union","MT-LB","destroyed","https://i.postimg.cc/XvmSs4PB/1011-mtlb-REM-KL-destr.jpg","2023-11-16",46,2448,1,"7-4624481","11/16/2023"
"2714","Russia","Soviet Union","MT-LB","destroyed","https://i.postimg.cc/NjGcMNTF/1005-mtlb-destr.jpg","2023-11-16",46,2449,1,"7-4624491","11/16/2023"
"2715","Russia","Soviet Union","MT-LB","destroyed","https://i.postimg.cc/66dJhsfT/1003-mtlb-destr.png","2023-11-16",46,2450,1,"7-4624501","11/16/2023"
"2716","Russia","Soviet Union","MT-LB","destroyed","https://i.postimg.cc/zfVYwVx1/1002-mtlb-destr.jpg","2023-11-16",46,2451,1,"7-4624511","11/16/2023"
"2717","Russia","Soviet Union","MT-LB","destroyed","https://i.postimg.cc/x1H1nZ8B/09-15-2022-MT-l-B-destroyed.png","2023-11-16",46,2452,1,"7-4624521","11/16/2023"
"2718","Russia","Soviet Union","MT-LB","destroyed","https://i.postimg.cc/qMZ1hFdM/1005-mtlb-destr-25-10.jpg","2023-11-16",46,2453,1,"7-4624531","11/16/2023"
"2719","Russia","Soviet Union","MT-LB","destroyed","https://twitter.com/UAWeapons/status/1590474674999558145","2023-11-16",46,8,1,"7-4681","11/16/2023"
"2720","Russia","Soviet Union","MT-LB","destroyed","https://i.postimg.cc/fy0Tpsxg/1016-mtlb-destr-14-03-23.jpg","2023-11-16",46,2454,1,"7-4624541","11/16/2023"
"2721","Russia","Soviet Union","MT-LB","destroyed","https://i.postimg.cc/mZ3TDLpT/1014-MT-LB-destr-10-08-23.jpg","2023-11-16",46,2455,1,"7-4624551","11/16/2023"
"2722","Russia","Soviet Union","MT-LB","destroyed","https://i.postimg.cc/KjyqwqSL/1005-mtlb-destr.jpg","2023-11-16",46,2456,1,"7-4624561","11/16/2023"
"2723","Russia","Soviet Union","MT-LB","destroyed","https://i.postimg.cc/RhNFDv9N/2022-11-12-MT-LB.jpg","2023-11-16",46,2457,1,"7-4624571","11/16/2023"
"2724","Russia","Soviet Union","MT-LB","destroyed","https://i.postimg.cc/tTDZcrxm/2022-11-12-MT-LB-2.jpg","2023-11-16",46,2458,1,"7-4624581","11/16/2023"
"2725","Russia","Soviet Union","MT-LB","destroyed","https://i.postimg.cc/ZnTzY6K2/1010-mtlb-destr.jpg","2023-11-16",46,2459,1,"7-4624591","11/16/2023"
"2726","Russia","Soviet Union","MT-LB","destroyed","https://i.postimg.cc/3NTNtCKK/1004-mtlb-destr.jpg","2023-11-16",46,2460,1,"7-4624601","11/16/2023"
"2727","Russia","Soviet Union","MT-LB","destroyed","https://i.postimg.cc/DzcctpHh/1017-MT-LB-destr.jpg","2023-11-16",46,2461,1,"7-4624611","11/16/2023"
"2728","Russia","Soviet Union","MT-LB","destroyed","https://i.postimg.cc/QtfBLYBf/1004-REM-KL-and-MT-LB-destr.jpg","2023-11-16",46,2462,1,"7-4624621","11/16/2023"
"2729","Russia","Soviet Union","MT-LB","destroyed","https://i.postimg.cc/tgHnFxQN/1018-mtlb-destr.jpg","2023-11-16",46,2463,1,"7-4624631","11/16/2023"
"2730","Russia","Soviet Union","MT-LB","destroyed","https://i.postimg.cc/prRwhBR0/2022-04-01-MT-LB-destroyed-Peremoha.jpg","2023-11-16",46,2464,1,"7-4624641","11/16/2023"
"2731","Russia","Soviet Union","MT-LB","destroyed","https://i.postimg.cc/pLxWJs6f/1000-mtlb-destr.jpg","2023-11-16",46,2465,1,"7-4624651","11/16/2023"
"2732","Russia","Soviet Union","MT-LB","destroyed","https://i.postimg.cc/kGscmdcZ/1001-mtlb-destr-21-09-22.jpg","2023-11-16",46,2466,1,"7-4624661","11/16/2023"
"2733","Russia","Soviet Union","MT-LB","destroyed","https://i.postimg.cc/gk4Sfqsn/1030-mtlb-destr-03-01-23.jpg","2023-11-16",46,2467,1,"7-4624671","11/16/2023"
"2734","Russia","Soviet Union","MT-LB","destroyed","https://i.postimg.cc/6p3gdKV0/1027-mtlb-destr-08-01-23.jpg","2023-11-16",46,2468,1,"7-4624681","11/16/2023"
"2735","Russia","Soviet Union","MT-LB","destroyed","https://i.postimg.cc/65cCpqhc/1008-mtlb-destr-10-12-22.jpg","2023-11-16",46,2469,1,"7-4624691","11/16/2023"
"2736","Russia","Soviet Union","MT-LB","destroyed","https://i.postimg.cc/WzG0ZJ91/1005-mtlb-destr-17-01-23.jpg","2023-11-16",46,2470,1,"7-4624701","11/16/2023"
"2737","Russia","Soviet Union","MT-LB","destroyed","https://i.postimg.cc/nz6tRvdN/1024-mtlb-destr-20-01-23.jpg","2023-11-16",46,2471,1,"7-4624711","11/16/2023"
"2738","Russia","Soviet Union","MT-LB","destroyed","https://i.postimg.cc/x8MVWch8/1032-mtlb-destr-18-01-23.jpg","2023-11-16",46,2472,1,"7-4624721","11/16/2023"
"2739","Russia","Soviet Union","MT-LB","destroyed","https://i.postimg.cc/T121NnkK/mcap3.jpg","2023-11-16",46,2473,1,"7-4624731","11/16/2023"
"2740","Russia","Soviet Union","MT-LB","destroyed","https://i.postimg.cc/63TX4Tgs/mtlbbb.png","2023-11-16",46,2474,1,"7-4624741","11/16/2023"
"2741","Russia","Soviet Union","MT-LB","destroyed","https://i.postimg.cc/L89V84bc/1006-MT-LB-destr-25-01-23.jpg","2023-11-16",46,2475,1,"7-4624751","11/16/2023"
"2742","Russia","Soviet Union","MT-LB","destroyed","https://i.postimg.cc/VLBRw0D9/1018-mtlb-destr-25-01-23.jpg","2023-11-16",46,2476,1,"7-4624761","11/16/2023"
"2743","Russia","Soviet Union","MT-LB","destroyed","https://i.postimg.cc/bdccynQV/1000-mtlb-destr-28-01-23.jpg","2023-11-16",46,2477,1,"7-4624771","11/16/2023"
"2744","Russia","Soviet Union","MT-LB","destroyed","https://i.postimg.cc/fy0QQC00/1035-mtlb-destr-29-01-23.jpg","2023-11-16",46,2478,1,"7-4624781","11/16/2023"
"2745","Russia","Soviet Union","MT-LB","destroyed","https://i.postimg.cc/dV9jLLMq/1009-unkn-bmp12-destr-09-02-23.jpg","2023-11-16",46,2479,1,"7-4624791","11/16/2023"
"2746","Russia","Soviet Union","MT-LB","destroyed","https://i.postimg.cc/gjf09CLZ/1003-mtlb-destr-11-02-23.jpg","2023-11-16",46,2480,1,"7-4624801","11/16/2023"
"2747","Russia","Soviet Union","MT-LB","destroyed","https://twitter.com/UAWeapons/status/1628727710729048064","2023-11-16",46,2481,1,"7-4624811","11/16/2023"
"2748","Russia","Soviet Union","MT-LB","destroyed","https://twitter.com/UAWeapons/status/1628840738749403139","2023-11-16",46,2482,1,"7-4624821","11/16/2023"
"2749","Russia","Soviet Union","MT-LB","destroyed","https://twitter.com/HKaaman/status/1628435340758339584","2023-11-16",46,2483,1,"7-4624831","11/16/2023"
"2750","Russia","Soviet Union","MT-LB","destroyed","https://i.postimg.cc/nzCNH0Pt/1003-mtlb-destr-23-02-23.jpg","2023-11-16",46,2484,1,"7-4624841","11/16/2023"
"2751","Russia","Soviet Union","MT-LB","destroyed","https://i.postimg.cc/jj8G0GvX/1014-mtlb-destr-18-02-23.jpg","2023-11-16",46,2485,1,"7-4624851","11/16/2023"
"2752","Russia","Soviet Union","MT-LB","destroyed","https://i.postimg.cc/nLV6WHKr/1015-mtlb-destr-19-02-23.jpg","2023-11-16",46,2486,1,"7-4624861","11/16/2023"
"2753","Russia","Soviet Union","MT-LB","destroyed","https://i.postimg.cc/Sx0spG9r/1026-mtlb-destr-02-03-23.jpg","2023-11-16",46,2487,1,"7-4624871","11/16/2023"
"2754","Russia","Soviet Union","MT-LB","destroyed","https://twitter.com/UAWeapons/status/1634593353303052288","2023-11-16",46,2488,1,"7-4624881","11/16/2023"
"2755","Russia","Soviet Union","MT-LB","destroyed","https://twitter.com/UAWeapons/status/1635988608782925824","2023-11-16",46,2489,1,"7-4624891","11/16/2023"
"2756","Russia","Soviet Union","MT-LB","destroyed","https://twitter.com/UAWeapons/status/1636021932016427008","2023-11-16",46,2490,1,"7-4624901","11/16/2023"
"2757","Russia","Soviet Union","MT-LB","destroyed","https://i.postimg.cc/mr0G9rn9/1040-mtlb-destr-16-03-23.jpg","2023-11-16",46,2491,1,"7-4624911","11/16/2023"
"2758","Russia","Soviet Union","MT-LB","destroyed","https://twitter.com/UAWeapons/status/1638929414737018880","2023-11-16",46,2492,1,"7-4624921","11/16/2023"
"2759","Russia","Soviet Union","MT-LB","destroyed","https://i.postimg.cc/RhKZvLTs/4356.png","2023-11-16",46,2493,1,"7-4624931","11/16/2023"
"2760","Russia","Soviet Union","MT-LB","destroyed","https://i.postimg.cc/43fq3xCV/1001-mtlb-destr-27-03-23.png","2023-11-16",46,2494,1,"7-4624941","11/16/2023"
"2761","Russia","Soviet Union","MT-LB","destroyed","https://twitter.com/NOELreports/status/1642502827908972546","2023-11-16",46,2495,1,"7-4624951","11/16/2023"
"2762","Russia","Soviet Union","MT-LB","destroyed","https://i.postimg.cc/4x0MXhRB/1011-mtlb-destr-24-08-23.jpg","2023-11-16",46,2496,1,"7-4624961","11/16/2023"
"2763","Russia","Soviet Union","MT-LB","destroyed","https://twitter.com/naalsio26/status/1643774095266332672","2023-11-16",46,2497,1,"7-4624971","11/16/2023"
"2764","Russia","Soviet Union","MT-LB","destroyed","https://twitter.com/naalsio26/status/1647414483583639553","2023-11-16",46,2498,1,"7-4624981","11/16/2023"
"2765","Russia","Soviet Union","MT-LB","destroyed","https://twitter.com/naalsio26/status/1646671524600901632","2023-11-16",46,2499,1,"7-4624991","11/16/2023"
"2766","Russia","Soviet Union","MT-LB","destroyed","https://twitter.com/UAWeapons/status/1647681866437107715","2023-11-16",46,2500,1,"7-4625001","11/16/2023"
"2767","Russia","Soviet Union","MT-LB","destroyed","https://i.postimg.cc/wjpx1QNt/1009-mtlb-destr-13-02-23.jpg","2023-11-16",46,2501,1,"7-4625011","11/16/2023"
"2768","Russia","Soviet Union","MT-LB","destroyed","https://i.postimg.cc/506bhPhr/1012-mtlb-destr-30-04-23.jpg","2023-11-16",46,2502,1,"7-4625021","11/16/2023"
"2769","Russia","Soviet Union","MT-LB","destroyed","https://i.postimg.cc/3xF8m0jt/1041-mtlb-destr-28-04-23.jpg","2023-11-16",46,2503,1,"7-4625031","11/16/2023"
"2770","Russia","Soviet Union","MT-LB","destroyed","https://i.postimg.cc/LsvpmxMq/1000-mtlb-destr-05-05-23.jpg","2023-11-16",46,2504,1,"7-4625041","11/16/2023"
"2771","Russia","Soviet Union","MT-LB","destroyed","https://i.postimg.cc/02mr91Xb/1020-bmp1-and-mtlb-destr-07-05-23.jpg","2023-11-16",46,2505,1,"7-4625051","11/16/2023"
"2772","Russia","Soviet Union","MT-LB","destroyed","https://i.postimg.cc/y6DkrZFh/1027-mtlb-destr-08-05-23.jpg","2023-11-16",46,2506,1,"7-4625061","11/16/2023"
"2773","Russia","Soviet Union","MT-LB","destroyed","https://i.postimg.cc/90w5tVwT/1031-mtlb-destr-09-05-23.jpg","2023-11-16",46,2507,1,"7-4625071","11/16/2023"
"2774","Russia","Soviet Union","MT-LB","destroyed","https://i.postimg.cc/SspTp3jw/1012-mtlb-destr-04-05-23.jpg","2023-11-16",46,2508,1,"7-4625081","11/16/2023"
"2775","Russia","Soviet Union","MT-LB","destroyed","https://twitter.com/naalsio26/status/1657852654737842176","2023-11-16",46,2509,1,"7-4625091","11/16/2023"
"2776","Russia","Soviet Union","MT-LB","destroyed","https://i.postimg.cc/YqcH27rz/1001-mtlb-destr-09-05-23.jpg","2023-11-16",46,2510,1,"7-4625101","11/16/2023"
"2777","Russia","Soviet Union","MT-LB","destroyed","https://i.postimg.cc/htp6mRBw/1020-mtlb-destr-28-02-22.jpg","2023-11-16",46,2511,1,"7-4625111","11/16/2023"
"2778","Russia","Soviet Union","MT-LB","destroyed","https://i.postimg.cc/pT8sqgwP/1024-mtlb-destr-13-05-23.jpg","2023-11-16",46,2512,1,"7-4625121","11/16/2023"
"2779","Russia","Soviet Union","MT-LB","destroyed","https://i.postimg.cc/3xKzWJPm/1036-mtlb-destr-12-05-23.jpg","2023-11-16",46,2513,1,"7-4625131","11/16/2023"
"2780","Russia","Soviet Union","MT-LB","destroyed","https://twitter.com/UAWeapons/status/1659481263420440577","2023-11-16",46,2514,1,"7-4625141","11/16/2023"
"2781","Russia","Soviet Union","MT-LB","destroyed","https://i.postimg.cc/1z10n7qC/1040-mtlb-destr-13-05-23.jpg","2023-11-16",46,2515,1,"7-4625151","11/16/2023"
"2782","Russia","Soviet Union","MT-LB","destroyed","https://i.postimg.cc/Wpx8SkM9/1013-BMP-2-two-MT-LBs-and-T-80-BV-destr-23-05-23.jpg","2023-11-16",46,1480,1,"7-4614801","11/16/2023"
"2783","Russia","Soviet Union","MT-LB","destroyed","https://i.postimg.cc/7ZPk1kS1/1004-MT-LB-destr-26-05-23.jpg","2023-11-16",46,2516,1,"7-4625161","11/16/2023"
"2784","Russia","Soviet Union","MT-LB","destroyed","https://twitter.com/UAWeapons/status/1663491454340067329","2023-11-16",46,2517,1,"7-4625171","11/16/2023"
"2785","Russia","Soviet Union","MT-LB","destroyed","https://i.postimg.cc/90LL196D/1015-mtlb-destr-23-05-23.jpg","2023-11-16",46,2518,1,"7-4625181","11/16/2023"
"2786","Russia","Soviet Union","MT-LB","destroyed","https://i.postimg.cc/5tPhNDKX/1016-mtlb-destr-03-06-23.jpg","2023-11-16",46,2519,1,"7-4625191","11/16/2023"
"2787","Russia","Soviet Union","MT-LB","destroyed","https://i.postimg.cc/05KTPWYN/1023-mtlb-destr-07-06-23.jpg","2023-11-16",46,2520,1,"7-4625201","11/16/2023"
"2788","Russia","Soviet Union","MT-LB","destroyed","https://i.postimg.cc/fyqyk31y/1302-mtlb-destr-12-09-22.jpg","2023-11-16",46,2521,1,"7-4625211","11/16/2023"
"2789","Russia","Soviet Union","MT-LB","destroyed","https://i.postimg.cc/pdHzjcqj/1306-mtlb-destr-02-06-23.jpg","2023-11-16",46,2522,1,"7-4625221","11/16/2023"
"2790","Russia","Soviet Union","MT-LB","destroyed","https://i.postimg.cc/XqYwJ2nb/1014-mtlb-destr-05-06-23.jpg","2023-11-16",46,2523,1,"7-4625231","11/16/2023"
"2791","Russia","Soviet Union","MT-LB","destroyed","https://i.postimg.cc/Gtgvskps/1016-mtlb-destr-03-06-23.jpg","2023-11-16",46,2524,1,"7-4625241","11/16/2023"
"2792","Russia","Soviet Union","MT-LB","destroyed","https://twitter.com/UAWeapons/status/1668515155100028929","2023-11-16",46,2195,1,"7-4621951","11/16/2023"
"2793","Russia","Soviet Union","MT-LB","destroyed","https://i.postimg.cc/Df1D84Jq/1021-mtlb-destr-28-02-23.jpg","2023-11-16",46,2525,1,"7-4625251","11/16/2023"
"2794","Russia","Soviet Union","MT-LB","destroyed","https://i.postimg.cc/D0t1sV11/1010-mtlb-destr-15-06-23.jpg","2023-11-16",46,2526,1,"7-4625261","11/16/2023"
"2795","Russia","Soviet Union","MT-LB","destroyed","https://i.postimg.cc/Jh8Zphvb/1000-2x-mtlb-destr-16-06-23.jpg","2023-11-16",46,2527,1,"7-4625271","11/16/2023"
"2796","Russia","Soviet Union","MT-LB","destroyed","https://i.postimg.cc/g2qyNdXK/1016-mtlb-destr-12-06-23.jpg","2023-11-16",46,2528,1,"7-4625281","11/16/2023"
"2797","Russia","Soviet Union","MT-LB","destroyed","https://i.postimg.cc/prXdDnTr/1003-mtlb-destr-21-06-23.jpg","2023-11-16",46,2529,1,"7-4625291","11/16/2023"
"2798","Russia","Soviet Union","MT-LB","destroyed","https://i.postimg.cc/MpjpbwW7/1021-mtlb-destr-23-06-23.jpg","2023-11-16",46,2530,1,"7-4625301","11/16/2023"
"2799","Russia","Soviet Union","MT-LB","destroyed","https://i.postimg.cc/pXB3hqZk/1051-mtlb-destr-25-06-23.jpg","2023-11-16",46,2531,1,"7-4625311","11/16/2023"
"2800","Russia","Soviet Union","MT-LB","destroyed","https://i.postimg.cc/8c3x73K1/1009-mtlb-destr-30-06-23.jpg","2023-11-16",46,2532,1,"7-4625321","11/16/2023"
"2801","Russia","Soviet Union","MT-LB","destroyed","https://i.postimg.cc/MGFR9ZKy/1034-mtlb-destr-30-06-23.jpg","2023-11-16",46,2533,1,"7-4625331","11/16/2023"
"2802","Russia","Soviet Union","MT-LB","destroyed","https://i.postimg.cc/RCc0Jz6t/1023-mtlb-destr-30-06-23.jpg","2023-11-16",46,2534,1,"7-4625341","11/16/2023"
"2803","Russia","Soviet Union","MT-LB","destroyed","https://twitter.com/naalsio26/status/1676373218846711808","2023-11-16",46,1509,1,"7-4615091","11/16/2023"
"2804","Russia","Soviet Union","MT-LB","destroyed","https://i.postimg.cc/C1tY0vZ6/1012-mtlb-destr-04-07-23.jpg","2023-11-16",46,2535,1,"7-4625351","11/16/2023"
"2805","Russia","Soviet Union","MT-LB","destroyed","https://i.postimg.cc/qMSSJ5Ft/1001-mtlb-destr-06-07-23.jpg","2023-11-16",46,2536,1,"7-4625361","11/16/2023"
"2806","Russia","Soviet Union","MT-LB","destroyed","https://i.postimg.cc/hPF2LTML/1028-mtlb-destr-17-06-23.jpg","2023-11-16",46,2537,1,"7-4625371","11/16/2023"
"2807","Russia","Soviet Union","MT-LB","destroyed","https://i.postimg.cc/4yNgSy9J/1008-2x-mtlb-destr-14-07-23.jpg","2023-11-16",46,2538,1,"7-4625381","11/16/2023"
"2808","Russia","Soviet Union","MT-LB","destroyed","https://i.postimg.cc/3NST5hX2/1013-MT-LB-destr-30-08-22.jpg","2023-11-16",46,2539,1,"7-4625391","11/16/2023"
"2809","Russia","Soviet Union","MT-LB","destroyed","https://twitter.com/naalsio26/status/1680758845633691648","2023-11-16",46,2540,1,"7-4625401","11/16/2023"
"2810","Russia","Soviet Union","MT-LB","destroyed","https://i.postimg.cc/kXKBGLsB/1016-mtlb-destr-21-05-23.jpg","2023-11-16",46,2541,1,"7-4625411","11/16/2023"
"2811","Russia","Soviet Union","MT-LB","destroyed","https://i.postimg.cc/ncY0TSvk/1018-MT-LB-destr-05-07-23.jpg","2023-11-16",46,2542,1,"7-4625421","11/16/2023"
"2812","Russia","Soviet Union","MT-LB","destroyed","https://i.postimg.cc/Zq4yd80b/1023-mtlb-destr-26-07-23.jpg","2023-11-16",46,2543,1,"7-4625431","11/16/2023"
"2813","Russia","Soviet Union","MT-LB","destroyed","https://i.postimg.cc/HxPM8H5B/1020-MT-LB-destr-28-07-23.jpg","2023-11-16",46,2544,1,"7-4625441","11/16/2023"
"2814","Russia","Soviet Union","MT-LB","destroyed","https://i.postimg.cc/FRPF6f26/1027-MT-LB-destr-02-08-23.jpg","2023-11-16",46,2545,1,"7-4625451","11/16/2023"
"2815","Russia","Soviet Union","MT-LB","destroyed","https://i.postimg.cc/TPJ3rNQf/1034-mtlb-destr-19-07-23.jpg","2023-11-16",46,2546,1,"7-4625461","11/16/2023"
"2816","Russia","Soviet Union","MT-LB","destroyed","https://i.postimg.cc/Wp9LTSHn/1005-mtlb-and-bmp2-destr-12-07-23.jpg","2023-11-16",46,2547,1,"7-4625471","11/16/2023"
"2817","Russia","Soviet Union","MT-LB","destroyed","https://i.postimg.cc/XvhCh4h1/1005-MT-LB-destr-03-08-23.jpg","2023-11-16",46,2548,1,"7-4625481","11/16/2023"
"2818","Russia","Soviet Union","MT-LB","destroyed","https://i.postimg.cc/PJHh49JG/1000-MT-LB-12-08-23.jpg","2023-11-16",46,2549,1,"7-4625491","11/16/2023"
"2819","Russia","Soviet Union","MT-LB","destroyed","https://i.postimg.cc/j2YShykM/1005-mtlb-destr-13-08-23.jpg","2023-11-16",46,2550,1,"7-4625501","11/16/2023"
"2820","Russia","Soviet Union","MT-LB","destroyed","https://i.postimg.cc/0QwNmVZ6/1010-mtlb-destr-14-08-23.jpg","2023-11-16",46,2551,1,"7-4625511","11/16/2023"
"2821","Russia","Soviet Union","MT-LB","destroyed","https://i.postimg.cc/yYgxWfnX/1013-mtlb-with-mine-launchers-destr-19-08-23.jpg","2023-11-16",46,2552,1,"7-4625521","11/16/2023"
"2822","Russia","Soviet Union","MT-LB","destroyed","https://twitter.com/UAWeapons/status/1694036666137125034","2023-11-16",46,2553,1,"7-4625531","11/16/2023"
"2823","Russia","Soviet Union","MT-LB","destroyed","https://i.postimg.cc/jq4GfzBH/1019-mtlb-destr-22-08-23.jpg","2023-11-16",46,2554,1,"7-4625541","11/16/2023"
"2824","Russia","Soviet Union","MT-LB","destroyed","https://i.postimg.cc/nrWHpvRm/764.png","2023-11-16",46,2555,1,"7-4625551","11/16/2023"
"2825","Russia","Soviet Union","MT-LB","destroyed","https://i.postimg.cc/P5rB2LSs/763.png","2023-11-16",46,2556,1,"7-4625561","11/16/2023"
"2826","Russia","Soviet Union","MT-LB","destroyed","https://i.postimg.cc/T2tF7V4d/3544.png","2023-11-16",46,2557,1,"7-4625571","11/16/2023"
"2827","Russia","Soviet Union","MT-LB","destroyed","https://i.postimg.cc/13Qd4vgK/13.png","2023-11-16",46,2558,1,"7-4625581","11/16/2023"
"2828","Russia","Soviet Union","MT-LB","destroyed","https://i.postimg.cc/hPpm7jv3/558.png","2023-11-16",46,2559,1,"7-4625591","11/16/2023"
"2829","Russia","Soviet Union","MT-LB","destroyed","https://i.postimg.cc/htyvMRjN/16.png","2023-11-16",46,2560,1,"7-4625601","11/16/2023"
"2830","Russia","Soviet Union","MT-LB","destroyed","https://i.postimg.cc/Kjxmx0jn/15.png","2023-11-16",46,2561,1,"7-4625611","11/16/2023"
"2831","Russia","Soviet Union","MT-LB","destroyed","https://i.postimg.cc/mr1ZBfhv/365.png","2023-11-16",46,2562,1,"7-4625621","11/16/2023"
"2832","Russia","Soviet Union","MT-LB","destroyed","https://i.postimg.cc/bYSwc7MQ/4370.png","2023-11-16",46,2563,1,"7-4625631","11/16/2023"
"2833","Russia","Soviet Union","MT-LB","destroyed","https://i.postimg.cc/TYCKsFdM/3267.png","2023-11-16",46,2564,1,"7-4625641","11/16/2023"
"2834","Russia","Soviet Union","MT-LB","destroyed","https://i.postimg.cc/J4nrsnLv/3325.png","2023-11-16",46,2565,1,"7-4625651","11/16/2023"
"2835","Russia","Soviet Union","MT-LB","destroyed","https://i.postimg.cc/85GW4kh8/633.png","2023-11-16",46,2566,1,"7-4625661","11/16/2023"
"2836","Russia","Soviet Union","MT-LB","destroyed","https://i.postimg.cc/MTLtBj3D/3380.png","2023-11-16",46,2567,1,"7-4625671","11/16/2023"
"2837","Russia","Soviet Union","MT-LB","destroyed","https://i.postimg.cc/0QYqvXDg/228.png","2023-11-16",46,2568,1,"7-4625681","11/16/2023"
"2838","Russia","Soviet Union","MT-LB","destroyed","https://i.postimg.cc/59zXkPdS/54211.png","2023-11-16",46,2569,1,"7-4625691","11/16/2023"
"2839","Russia","Soviet Union","MT-LB","destroyed","https://i.postimg.cc/6pthvFWc/25.png","2023-11-16",46,2570,1,"7-4625701","11/16/2023"
"2840","Russia","Soviet Union","MT-LB","destroyed","https://twitter.com/naalsio26/status/1701717302545174632","2023-11-16",46,2571,1,"7-4625711","11/16/2023"
"2841","Russia","Soviet Union","MT-LB","destroyed","https://postimg.cc/dLQKNf6D","2023-11-16",46,2572,1,"7-4625721","11/16/2023"
"2842","Russia","Soviet Union","MT-LB","destroyed","https://i.postimg.cc/cHC7sNy2/4426.png","2023-11-16",46,2573,1,"7-4625731","11/16/2023"
"2843","Russia","Soviet Union","MT-LB","destroyed","https://i.postimg.cc/y80v5BsT/33289.png","2023-11-16",46,2574,1,"7-4625741","11/16/2023"
"2844","Russia","Soviet Union","MT-LB","destroyed","https://i.postimg.cc/kgSpmKFK/651.png","2023-11-16",46,2575,1,"7-4625751","11/16/2023"
"2845","Russia","Soviet Union","MT-LB","destroyed","https://i.postimg.cc/x1Q49qsZ/3285.png","2023-11-16",46,2576,1,"7-4625761","11/16/2023"
"2846","Russia","Soviet Union","MT-LB","destroyed","https://i.postimg.cc/D0Htc8fH/764.png","2023-11-16",46,2577,1,"7-4625771","11/16/2023"
"2847","Russia","Soviet Union","MT-LB","destroyed","https://i.postimg.cc/qRymQkRX/1018-mtlb-destr-07-10-23.jpg","2023-11-16",46,2578,1,"7-4625781","11/16/2023"
"2848","Russia","Soviet Union","MT-LB","destroyed","https://twitter.com/UAWeapons/status/1712135129458491509","2023-11-16",46,2579,1,"7-4625791","11/16/2023"
"2849","Russia","Soviet Union","MT-LB","destroyed","https://i.postimg.cc/Zq0JRmv6/1018-mtlb-destr-10-10-23.jpg","2023-11-16",46,2580,1,"7-4625801","11/16/2023"
"2850","Russia","Soviet Union","MT-LB","destroyed","https://twitter.com/UAWeapons/status/1712904641300644099","2023-11-16",46,1581,1,"7-4615811","11/16/2023"
"2851","Russia","Soviet Union","MT-LB","destroyed","https://twitter.com/UAWeapons/status/1712552062364561824","2023-11-16",46,2581,1,"7-4625811","11/16/2023"
"2852","Russia","Soviet Union","MT-LB","destroyed","https://i.postimg.cc/vmYBYVGN/1001-mtlb-destr-13-10-23.jpg","2023-11-16",46,2582,1,"7-4625821","11/16/2023"
"2853","Russia","Soviet Union","MT-LB","destroyed","https://i.postimg.cc/KYPs3zBM/1000-MT-LB-destr-16-10-23.png","2023-11-16",46,2583,1,"7-4625831","11/16/2023"
"2854","Russia","Soviet Union","MT-LB","destroyed","https://i.postimg.cc/Z5Hr48dH/1010-1x-mtlb-1x-bmp1-2x-bmp2-1x-btr82a-1x-btr80-destr-20-10-23.jpg","2023-11-16",46,2584,1,"7-4625841","11/16/2023"
"2855","Russia","Soviet Union","MT-LB","destroyed","https://i.postimg.cc/DyGLDV6q/1048-2x-mtlb-destr-18-10-23.jpg","2023-11-16",46,2585,1,"7-4625851","11/16/2023"
"2856","Russia","Soviet Union","MT-LB","destroyed","https://i.postimg.cc/wMCJvFqy/1058-mtlb-destr-20-10-23.jpg","2023-11-16",46,2586,1,"7-4625861","11/16/2023"
"2857","Russia","Soviet Union","MT-LB","destroyed","https://i.postimg.cc/50gJPcHx/1019-mtlb-destr-t80bv-dam-aband-22-10-23.jpg","2023-11-16",46,1638,1,"7-4616381","11/16/2023"
"2858","Russia","Soviet Union","MT-LB","destroyed","https://i.postimg.cc/1XzLzfvF/1011-mtlb-destr-23-10-23.jpg","2023-11-16",46,2587,1,"7-4625871","11/16/2023"
"2859","Russia","Soviet Union","MT-LB","destroyed","https://i.postimg.cc/769FDgnD/1012-mtlb-destr-23-10-23.jpg","2023-11-16",46,2588,1,"7-4625881","11/16/2023"
"2860","Russia","Soviet Union","MT-LB","destroyed","https://i.postimg.cc/j2kBnt1F/1031-MT-LB-destr-13-10-23.jpg","2023-11-16",46,2589,1,"7-4625891","11/16/2023"
"2861","Russia","Soviet Union","MT-LB","destroyed","https://i.postimg.cc/jj3gMRvF/1002-mtlb-destr-27-10-23.jpg","2023-11-16",46,2590,1,"7-4625901","11/16/2023"
"2862","Russia","Soviet Union","MT-LB","destroyed","https://i.postimg.cc/26qHJgK8/1008-mtlb-destr-26-10-23.jpg","2023-11-16",46,2591,1,"7-4625911","11/16/2023"
"2863","Russia","Soviet Union","MT-LB","destroyed","https://i.postimg.cc/8zD05Kjt/1020-MT-LB-destr-26-10-23.jpg","2023-11-16",46,2592,1,"7-4625921","11/16/2023"
"2864","Russia","Soviet Union","MT-LB","destroyed","https://i.postimg.cc/Wb0ysLbd/1023-MT-LB-destr-24-10-23.jpg","2023-11-16",46,2593,1,"7-4625931","11/16/2023"
"2865","Russia","Soviet Union","MT-LB","destroyed","https://i.postimg.cc/13HYNGFP/1037-MT-LB-destr-12-10-23.jpg","2023-11-16",46,2594,1,"7-4625941","11/16/2023"
"2866","Russia","Soviet Union","MT-LB","destroyed","https://i.postimg.cc/90wtWkyq/1003-MT-LB-destr-22-10-23.jpg","2023-11-16",46,2595,1,"7-4625951","11/16/2023"
"2867","Russia","Soviet Union","MT-LB","destroyed","https://i.postimg.cc/pTX4zZsw/1010-2x-bmp2-destr-22-10-23.jpg","2023-11-16",46,2596,1,"7-4625961","11/16/2023"
"2868","Russia","Soviet Union","MT-LB","destroyed","https://i.postimg.cc/4Ndqc7Vp/1009-T-80-BVM-BTR-80-MT-LB-T-72-B3-and-Ural-4320-destr-24-11-22.jpg","2023-11-16",46,719,1,"7-467191","11/16/2023"
"2869","Russia","Soviet Union","MT-LB","destroyed","https://i.postimg.cc/GhLsrD6w/1014-MT-LB-destr-31-10-23.jpg","2023-11-16",46,2597,1,"7-4625971","11/16/2023"
"2870","Russia","Soviet Union","MT-LB","destroyed","https://i.postimg.cc/t47ZnjXB/1016-MT-LB-btr80-destr-31-10-23.jpg","2023-11-16",46,2598,1,"7-4625981","11/16/2023"
"2871","Russia","Soviet Union","MT-LB","destroyed","https://i.postimg.cc/0Q7J508x/1023-MT-LB-destr-31-10-23.jpg","2023-11-16",46,2599,1,"7-4625991","11/16/2023"
"2872","Russia","Soviet Union","MT-LB","destroyed","https://i.postimg.cc/j2dr76yq/1042-bmp2-and-mtlb-destr-02-11-23.jpg","2023-11-16",46,2600,1,"7-4626001","11/16/2023"
"2873","Russia","Soviet Union","MT-LB","destroyed","https://i.postimg.cc/bJRhrVDF/1019-mtlb-destr-03-11-23.jpg","2023-11-16",46,2601,1,"7-4626011","11/16/2023"
"2874","Russia","Soviet Union","MT-LB","destroyed","https://i.postimg.cc/2jP1wf4S/1003-mtlb-destr-06-11-23.jpg","2023-11-16",46,2602,1,"7-4626021","11/16/2023"
"2875","Russia","Soviet Union","MT-LB","destroyed","https://i.postimg.cc/j5DjH82f/1010-mtlb-destr-btr80-dam-aband-05-11-23.jpg","2023-11-16",46,2603,1,"7-4626031","11/16/2023"
"2876","Russia","Soviet Union","MT-LB","destroyed","https://i.postimg.cc/K8b46rpX/1021-MT-LB-destr-04-11-23.jpg","2023-11-16",46,2604,1,"7-4626041","11/16/2023"
"2877","Russia","Soviet Union","MT-LB","destroyed","https://i.postimg.cc/kgyDq6L2/1022-MT-LB-destr-04-11-23.jpg","2023-11-16",46,2605,1,"7-4626051","11/16/2023"
"2878","Russia","Soviet Union","MT-LB","destroyed","https://i.postimg.cc/BvY61WSs/1025-MT-LB-destr-30-10-23.jpg","2023-11-16",46,2606,1,"7-4626061","11/16/2023"
"2879","Russia","Soviet Union","MT-LB","destroyed","https://i.postimg.cc/pr8X7pDX/1043-MT-LB-with-pr-377uvm-jammer-destr-06-11-23.jpg","2023-11-16",46,2607,1,"7-4626071","11/16/2023"
"2880","Russia","Soviet Union","MT-LB","destroyed","https://i.postimg.cc/TYMPbJ6y/1046-MT-LB-destr-26-10-23.jpg","2023-11-16",46,2608,1,"7-4626081","11/16/2023"
"2881","Russia","Soviet Union","MT-LB","destroyed","https://i.postimg.cc/dt2VjZs5/1047-MTLB-BTR-82-A-destr-28-10-23.jpg","2023-11-16",46,2609,1,"7-4626091","11/16/2023"
"2882","Russia","Soviet Union","MT-LB","destroyed","https://i.postimg.cc/Gt2k25cV/1013-mtlb-destr-12-11-23.jpg","2023-11-16",46,2610,1,"7-4626101","11/16/2023"
"2883","Russia","Soviet Union","MT-LB","destroyed","https://i.postimg.cc/DZ7QVzR2/1026-MT-LB-destr-10-11-23.jpg","2023-11-16",46,2611,1,"7-4626111","11/16/2023"
"2884","Russia","Soviet Union","MT-LB","damaged","https://twitter.com/UAWeapons/status/1538608332218458114","2023-11-16",46,2355,2,"7-4623552","11/16/2023"
"2885","Russia","Soviet Union","MT-LB","damaged","https://i.postimg.cc/SRHN20p9/1018-mtlb-dam-5-11.jpg","2023-11-16",46,2612,2,"7-4626122","11/16/2023"
"2886","Russia","Soviet Union","MT-LB","damaged","https://i.postimg.cc/HjG6RFgJ/1024-mtlb-dam.jpg","2023-11-16",46,2613,2,"7-4626132","11/16/2023"
"2887","Russia","Soviet Union","MT-LB","damaged","https://i.postimg.cc/9fsDqRcg/1016-mtlb-dam-14-02-23.jpg","2023-11-16",46,2614,2,"7-4626142","11/16/2023"
"2888","Russia","Soviet Union","MT-LB","damaged","https://twitter.com/UAWeapons/status/1643289460774166532","2023-11-16",46,2615,2,"7-4626152","11/16/2023"
"2889","Russia","Soviet Union","MT-LB","damaged","https://i.postimg.cc/6QnTwXgW/1036-mtlb-dam-22-06-23.jpg","2023-11-16",46,2616,2,"7-4626162","11/16/2023"
"2890","Russia","Soviet Union","MT-LB","damaged","https://i.postimg.cc/rszvFc9n/1018-mtlb-dam-29-06-23.jpg","2023-11-16",46,2617,2,"7-4626172","11/16/2023"
"2891","Russia","Soviet Union","MT-LB","damaged","https://i.postimg.cc/WpfBYF2Q/1025-mtlb-dam-28-06-23.jpg","2023-11-16",46,2618,2,"7-4626182","11/16/2023"
"2892","Russia","Soviet Union","MT-LB","damaged","https://i.postimg.cc/hPfNqB2W/1018-mtlb-dam-08-07-23.jpg","2023-11-16",46,2619,2,"7-4626192","11/16/2023"
"2893","Russia","Soviet Union","MT-LB","damaged","https://i.postimg.cc/qR1yNKkb/1019-mtlb-dam-12-07-23.jpg","2023-11-16",46,2620,2,"7-4626202","11/16/2023"
"2894","Russia","Soviet Union","MT-LB","damaged","https://twitter.com/UAWeapons/status/1691132746171666448","2023-11-16",46,1716,2,"7-4617162","11/16/2023"
"2895","Russia","Soviet Union","MT-LB","damaged","https://i.postimg.cc/MZbjh5Pm/1008-mtlb-dam-01-11-23.jpg","2023-11-16",46,2621,2,"7-4626212","11/16/2023"
"2896","Russia","Soviet Union","MT-LB","abandoned","https://postimg.cc/VS1KyzvW","2023-11-16",46,2622,4,"7-4626224","11/16/2023"
"2897","Russia","Soviet Union","MT-LB","abandoned","https://i.postimg.cc/1z6127Wh/h54.png","2023-11-16",46,2623,4,"7-4626234","11/16/2023"
"2898","Russia","Soviet Union","MT-LB","abandoned","https://i.postimg.cc/vHYqqTjM/544.png","2023-11-16",46,2243,4,"7-4622434","11/16/2023"
"2899","Russia","Soviet Union","MT-LB","abandoned","https://i.postimg.cc/MT7GfMmt/467.png","2023-11-16",46,2624,4,"7-4626244","11/16/2023"
"2900","Russia","Soviet Union","MT-LB","abandoned","https://i.postimg.cc/SRx4st8h/46805.png","2023-11-16",46,2625,4,"7-4626254","11/16/2023"
"2901","Russia","Soviet Union","MT-LB","abandoned","https://i.postimg.cc/44Pdb9wn/48.png","2023-11-16",46,2626,4,"7-4626264","11/16/2023"
"2902","Russia","Soviet Union","MT-LB","abandoned","https://i.postimg.cc/26bSBK7B/6j.png","2023-11-16",46,2627,4,"7-4626274","11/16/2023"
"2903","Russia","Soviet Union","MT-LB","abandoned","https://i.postimg.cc/JzjbsLP6/44313.jpg","2023-11-16",46,2628,4,"7-4626284","11/16/2023"
"2904","Russia","Soviet Union","MT-LB","abandoned","https://i.postimg.cc/sXXbnXYV/mtlba3.jpg","2023-11-16",46,2629,4,"7-4626294","11/16/2023"
"2905","Russia","Soviet Union","MT-LB","abandoned","https://i.postimg.cc/C5DtPkWd/f2.jpg","2023-11-16",46,2630,4,"7-4626304","11/16/2023"
"2906","Russia","Soviet Union","MT-LB","abandoned","https://i.postimg.cc/j5Bm4Z3G/f1.jpg","2023-11-16",46,2631,4,"7-4626314","11/16/2023"
"2907","Russia","Soviet Union","MT-LB","damaged","https://i.postimg.cc/6qZJL38T/1004-1x-mtlb-dam-aband-2x-bmp2-1x-destr-1x-dam-aband-2x-t72b3-dam-aband-09-02-23.jpg","2023-11-16",46,2632,2,"7-4626322","11/16/2023"
"2908","Russia","Soviet Union","MT-LB","abandoned","https://i.postimg.cc/6qZJL38T/1004-1x-mtlb-dam-aband-2x-bmp2-1x-destr-1x-dam-aband-2x-t72b3-dam-aband-09-02-23.jpg","2023-11-16",46,2632,4,"7-4626324","11/16/2023"
"2909","Russia","Soviet Union","MT-LB","abandoned","https://i.postimg.cc/3RdHN97X/1005-1x-bmp2-destr-1x-mtlb-aband-1x-t72b3-aband-09-02-23.jpg","2023-11-16",46,572,4,"7-465724","11/16/2023"
"2910","Russia","Soviet Union","MT-LB","abandoned","https://i.postimg.cc/6q7QmWqK/1028-mtlb-aband-07-02-23.jpg","2023-11-16",46,2633,4,"7-4626334","11/16/2023"
"2911","Russia","Soviet Union","MT-LB","abandoned","https://i.postimg.cc/J7xY1wsR/1016-mtlb-aband-23-05-23.jpg","2023-11-16",46,2634,4,"7-4626344","11/16/2023"
"2912","Russia","Soviet Union","MT-LB","abandoned","https://i.postimg.cc/KzwCtB2F/1012-mtlb-aband-02-06-23.jpg","2023-11-16",46,2635,4,"7-4626354","11/16/2023"
"2913","Russia","Soviet Union","MT-LB","abandoned","https://i.postimg.cc/jdK1NqPB/1029-MT-LB-aband-13-06-23.jpg","2023-11-16",46,2636,4,"7-4626364","11/16/2023"
"2914","Russia","Soviet Union","MT-LB","damaged","https://i.postimg.cc/c4bhDpG9/1039-mtlb-dam-aband-02-07-23.jpg","2023-11-16",46,2637,2,"7-4626372","11/16/2023"
"2915","Russia","Soviet Union","MT-LB","abandoned","https://i.postimg.cc/c4bhDpG9/1039-mtlb-dam-aband-02-07-23.jpg","2023-11-16",46,2637,4,"7-4626374","11/16/2023"
"2916","Russia","Soviet Union","MT-LB","damaged","https://i.postimg.cc/HLQtkjcR/1040-mtlb-dam-aband-02-07-23.jpg","2023-11-16",46,2638,2,"7-4626382","11/16/2023"
"2917","Russia","Soviet Union","MT-LB","abandoned","https://i.postimg.cc/HLQtkjcR/1040-mtlb-dam-aband-02-07-23.jpg","2023-11-16",46,2638,4,"7-4626384","11/16/2023"
"2918","Russia","Soviet Union","MT-LB","abandoned","https://i.postimg.cc/Vk0R2KYY/1041-mtlb-aband-02-07-23.jpg","2023-11-16",46,2639,4,"7-4626394","11/16/2023"
"2919","Russia","Soviet Union","MT-LB","damaged","https://i.postimg.cc/QMh1Rfhk/1014-MT-LB-dam-aband-29-07-23.jpg","2023-11-16",46,2640,2,"7-4626402","11/16/2023"
"2920","Russia","Soviet Union","MT-LB","abandoned","https://i.postimg.cc/QMh1Rfhk/1014-MT-LB-dam-aband-29-07-23.jpg","2023-11-16",46,2640,4,"7-4626404","11/16/2023"
"2921","Russia","Soviet Union","MT-LB","abandoned","https://i.postimg.cc/8zBjN2Y0/1019-MT-LB-aband-25-08-23.jpg","2023-11-16",46,2641,4,"7-4626414","11/16/2023"
"2922","Russia","Soviet Union","MT-LB","damaged","https://twitter.com/UAWeapons/status/1712147257338867867","2023-11-16",46,2642,2,"7-4626422","11/16/2023"
"2923","Russia","Soviet Union","MT-LB","abandoned","https://twitter.com/UAWeapons/status/1712147257338867867","2023-11-16",46,2642,4,"7-4626424","11/16/2023"
"2924","Russia","Soviet Union","MT-LB","abandoned","https://i.postimg.cc/XJxHxz2N/1001-MT-LB-aband-16-10-23.png","2023-11-16",46,2643,4,"7-4626434","11/16/2023"
"2925","Russia","Soviet Union","MT-LB","abandoned","https://i.postimg.cc/mZdv5yry/1032-MT-LB-aband-10-10-23.jpg","2023-11-16",46,2644,4,"7-4626444","11/16/2023"
"2926","Russia","Soviet Union","MT-LB","abandoned","https://i.postimg.cc/SKWv4Wbb/1026-t72bobr22022-destr-t72b-brem1-mtlb-aband-31-10-23.jpg","2023-11-16",46,429,4,"7-464294","11/16/2023"
"2927","Russia","Soviet Union","MT-LB","abandoned","https://i.postimg.cc/2ywbhjbK/1024-MT-LB-aband-31-10-23.jpg","2023-11-16",46,2645,4,"7-4626454","11/16/2023"
"2928","Russia","Soviet Union","MT-LB","abandoned","https://i.postimg.cc/13TgpjXs/1029-mtlb-aband-31-10-23.jpg","2023-11-16",46,2646,4,"7-4626464","11/16/2023"
"2929","Russia","Soviet Union","MT-LB","abandoned","https://i.postimg.cc/Gt5vsxt2/1000-mtlb-dam-aband-10-11-23.jpg","2023-11-16",46,2647,4,"7-4626474","11/16/2023"
"2930","Russia","Soviet Union","MT-LB","captured","https://i.postimg.cc/3NYBVwgm/1018-mtlb-capt-28-12-22.jpg","2023-11-16",46,2648,3,"7-4626483","11/16/2023"
"2931","Russia","Soviet Union","MT-LB","captured","https://i.postimg.cc/J0TnftgP/mcap5.jpg","2023-11-16",46,2649,3,"7-4626493","11/16/2023"
"2932","Russia","Soviet Union","MT-LB","captured","https://i.postimg.cc/qBGCcvmt/mtttlllbbbb.png","2023-11-16",46,2650,3,"7-4626503","11/16/2023"
"2933","Russia","Soviet Union","MT-LB","captured","https://i.postimg.cc/jS1fW3MZ/mttllbb.png","2023-11-16",46,2651,3,"7-4626513","11/16/2023"
"2934","Russia","Soviet Union","MT-LB","damaged","https://i.postimg.cc/rppG85WP/2022-09-18-MT-LB-1.jpg","2023-11-16",46,2652,2,"7-4626522","11/16/2023"
"2935","Russia","Soviet Union","MT-LB","captured","https://i.postimg.cc/rppG85WP/2022-09-18-MT-LB-1.jpg","2023-11-16",46,2652,3,"7-4626523","11/16/2023"
"2936","Russia","Soviet Union","MT-LB","captured","https://i.postimg.cc/QCgg1gFV/mttlbb.png","2023-11-16",46,2653,3,"7-4626533","11/16/2023"
"2937","Russia","Soviet Union","MT-LB","captured","https://i.postimg.cc/Dw6Cthym/mtllllllbb.jpg","2023-11-16",46,2654,3,"7-4626543","11/16/2023"
"2938","Russia","Soviet Union","MT-LB","captured","https://i.postimg.cc/mkWNPp20/mttlbb.jpg","2023-11-16",46,2655,3,"7-4626553","11/16/2023"
"2939","Russia","Soviet Union","MT-LB","captured","https://i.postimg.cc/NGCL3qJs/223.jpg","2023-11-16",46,2656,3,"7-4626563","11/16/2023"
"2940","Russia","Soviet Union","MT-LB","captured","https://i.postimg.cc/Y0T6mhg2/887.jpg","2023-11-16",46,2657,3,"7-4626573","11/16/2023"
"2941","Russia","Soviet Union","MT-LB","captured","https://i.postimg.cc/KYjm92YL/998.jpg","2023-11-16",46,2658,3,"7-4626583","11/16/2023"
"2942","Russia","Soviet Union","MT-LB","captured","https://i.postimg.cc/rF926ys3/d11.jpg","2023-11-16",46,2659,3,"7-4626593","11/16/2023"
"2943","Russia","Soviet Union","MT-LB","captured","https://i.postimg.cc/TYbyywLR/284.png","2023-11-16",46,2660,3,"7-4626603","11/16/2023"
"2944","Russia","Soviet Union","MT-LB","captured","https://i.postimg.cc/Y0G7hqd2/431f.jpg","2023-11-16",46,2661,3,"7-4626613","11/16/2023"
"2945","Russia","Soviet Union","MT-LB","captured","https://i.postimg.cc/yxQ7Tpk8/328.jpg","2023-11-16",46,2662,3,"7-4626623","11/16/2023"
"2946","Russia","Soviet Union","MT-LB","captured","https://postimg.cc/k2np4knK","2023-11-16",46,2663,3,"7-4626633","11/16/2023"
"2947","Russia","Soviet Union","MT-LB","captured","https://i.postimg.cc/GhcXwc5b/47.png","2023-11-16",46,2664,3,"7-4626643","11/16/2023"
"2948","Russia","Soviet Union","MT-LB","captured","https://twitter.com/UAWeapons/status/1529865401072590848","2023-11-16",46,2665,3,"7-4626653","11/16/2023"
"2949","Russia","Soviet Union","MT-LB","captured","https://i.postimg.cc/BbNYQPQc/hh6.png","2023-11-16",46,2666,3,"7-4626663","11/16/2023"
"2950","Russia","Soviet Union","MT-LB","captured","https://i.postimg.cc/sx950sSB/Screenshot-8457.png","2023-11-16",46,2667,3,"7-4626673","11/16/2023"
"2951","Russia","Soviet Union","MT-LB","captured","https://i.postimg.cc/wTYJPs3P/Screenshot-8472.png","2023-11-16",46,2668,3,"7-4626683","11/16/2023"
"2952","Russia","Soviet Union","MT-LB","captured","https://i.postimg.cc/7ZT3nwTc/1012-mtlb-capt.jpg","2023-11-16",46,2669,3,"7-4626693","11/16/2023"
"2953","Russia","Soviet Union","MT-LB","captured","https://i.postimg.cc/VLGGrwbj/h652.png","2023-11-16",46,2670,3,"7-4626703","11/16/2023"
"2954","Russia","Soviet Union","MT-LB","captured","https://i.postimg.cc/0NQJNZ6L/499.png","2023-11-16",46,2671,3,"7-4626713","11/16/2023"
"2955","Russia","Soviet Union","MT-LB","captured","https://i.postimg.cc/2jhR1hxm/1003-mtlb.jpg","2023-11-16",46,2672,3,"7-4626723","11/16/2023"
"2956","Russia","Soviet Union","MT-LB","captured","https://postimg.cc/LhJKL51n","2023-11-16",46,2673,3,"7-4626733","11/16/2023"
"2957","Russia","Soviet Union","MT-LB","captured","https://i.postimg.cc/59rtbb1q/7u.png","2023-11-16",46,2674,3,"7-4626743","11/16/2023"
"2958","Russia","Soviet Union","MT-LB","captured","https://i.postimg.cc/yd17Cb3g/556.png","2023-11-16",46,2675,3,"7-4626753","11/16/2023"
"2959","Russia","Soviet Union","MT-LB","captured","https://i.postimg.cc/R08pWBP4/4f13.png","2023-11-16",46,2676,3,"7-4626763","11/16/2023"
"2960","Russia","Soviet Union","MT-LB","captured","https://i.postimg.cc/8P8dYp4t/33190.png","2023-11-16",46,2677,3,"7-4626773","11/16/2023"
"2961","Russia","Soviet Union","MT-LB","captured","https://i.postimg.cc/25LrRT0N/159.png","2023-11-16",46,2678,3,"7-4626783","11/16/2023"
"2962","Russia","Soviet Union","MT-LB","captured","https://i.postimg.cc/zBV1Nswm/4178.png","2023-11-16",46,2679,3,"7-4626793","11/16/2023"
"2963","Russia","Soviet Union","MT-LB","captured","https://i.postimg.cc/mk6zFPwD/3256.png","2023-11-16",46,2680,3,"7-4626803","11/16/2023"
"2964","Russia","Soviet Union","MT-LB","captured","https://i.postimg.cc/NFpFq3xL/f5.png","2023-11-16",46,2681,3,"7-4626813","11/16/2023"
"2965","Russia","Soviet Union","MT-LB","captured","https://i.postimg.cc/MpFFy9Nx/d776.jpg","2023-11-16",46,2682,3,"7-4626823","11/16/2023"
"2966","Russia","Soviet Union","MT-LB","captured","https://i.postimg.cc/TwPYMJ20/327.png","2023-11-16",46,2683,3,"7-4626833","11/16/2023"
"2967","Russia","Soviet Union","MT-LB","captured","https://i.postimg.cc/VvX9cCkf/1001.jpg","2023-11-16",46,2684,3,"7-4626843","11/16/2023"
"2968","Russia","Soviet Union","MT-LB","captured","https://i.postimg.cc/G2CmZ1Qr/1006-mtlb-capt.jpg","2023-11-16",46,2685,3,"7-4626853","11/16/2023"
"2969","Russia","Soviet Union","MT-LB","captured","https://i.postimg.cc/3x3gDQjJ/MT-LB-captured-unknown-date-4th-Tank-Div.png","2023-11-16",46,2686,3,"7-4626863","11/16/2023"
"2970","Russia","Soviet Union","MT-LB","captured","https://i.postimg.cc/HL8ssP7K/2113.jpg","2023-11-16",46,2687,3,"7-4626873","11/16/2023"
"2971","Russia","Soviet Union","MT-LB","captured","https://i.postimg.cc/W3F7bj2Z/689.jpg","2023-11-16",46,2688,3,"7-4626883","11/16/2023"
"2972","Russia","Soviet Union","MT-LB","captured","https://i.postimg.cc/jdLY52gL/83.jpg","2023-11-16",46,2689,3,"7-4626893","11/16/2023"
"2973","Russia","Soviet Union","MT-LB","captured","https://twitter.com/UAWeapons/status/1553687272817659906","2023-11-16",46,2690,3,"7-4626903","11/16/2023"
"2974","Russia","Soviet Union","MT-LB","captured","https://i.postimg.cc/PNGV1q9Y/1005-mtlb.jpg","2023-11-16",46,2691,3,"7-4626913","11/16/2023"
"2975","Russia","Soviet Union","MT-LB","captured","https://i.postimg.cc/0y71Y84h/1001-mtlb.jpg","2023-11-16",46,2692,3,"7-4626923","11/16/2023"
"2976","Russia","Soviet Union","MT-LB","captured","https://i.postimg.cc/mkWRdTrm/1008.jpg","2023-11-16",46,2693,3,"7-4626933","11/16/2023"
"2977","Russia","Soviet Union","MT-LB","captured","https://i.postimg.cc/63qWGyGT/4331.jpg","2023-11-16",46,2694,3,"7-4626943","11/16/2023"
"2978","Russia","Soviet Union","MT-LB","captured","https://postimg.cc/NL86gZDS","2023-11-16",46,2695,3,"7-4626953","11/16/2023"
"2979","Russia","Soviet Union","MT-LB","captured","https://i.postimg.cc/3N7mRGKv/dv.jpg","2023-11-16",46,2696,3,"7-4626963","11/16/2023"
"2980","Russia","Soviet Union","MT-LB","captured","https://i.postimg.cc/W429dwZ6/v9.png","2023-11-16",46,2697,3,"7-4626973","11/16/2023"
"2981","Russia","Soviet Union","MT-LB","captured","https://i.postimg.cc/v8rV0sFZ/5t.jpg","2023-11-16",46,2698,3,"7-4626983","11/16/2023"
"2982","Russia","Soviet Union","MT-LB","captured","https://i.postimg.cc/d1d6qZKQ/558.png","2023-11-16",46,2699,3,"7-4626993","11/16/2023"
"2983","Russia","Soviet Union","MT-LB","captured","https://i.postimg.cc/3xDYnyx3/mtlbb.png","2023-11-16",46,2700,3,"7-4627003","11/16/2023"
"2984","Russia","Soviet Union","MT-LB","captured","https://i.postimg.cc/zDWg4wbf/1004-mtlb-capt.jpg","2023-11-16",46,2701,3,"7-4627013","11/16/2023"
"2985","Russia","Soviet Union","MT-LB","captured","https://i.postimg.cc/hP378d9t/1002-mtlb.jpg","2023-11-16",46,2702,3,"7-4627023","11/16/2023"
"2986","Russia","Soviet Union","MT-LB","captured","https://i.postimg.cc/FFMGvhv9/1001-mtlb.jpg","2023-11-16",46,2703,3,"7-4627033","11/16/2023"
"2987","Russia","Soviet Union","MT-LB","captured","https://twitter.com/UAWeapons/status/1568352148102025217","2023-11-16",46,945,3,"7-469453","11/16/2023"
"2988","Russia","Soviet Union","MT-LB","captured","https://postlmg.cc/XBwtkG9z","2023-11-16",46,2704,3,"7-4627043","11/16/2023"
"2989","Russia","Soviet Union","MT-LB","captured","https://twitter.com/UAWeapons/status/1568985785176571913","2023-11-16",46,2705,3,"7-4627053","11/16/2023"
"2990","Russia","Soviet Union","MT-LB","captured","https://twitter.com/UAWeapons/status/1568899212976201728","2023-11-16",46,2706,3,"7-4627063","11/16/2023"
"2991","Russia","Soviet Union","MT-LB","captured","https://twitter.com/UAWeapons/status/1568899223139110913","2023-11-16",46,2707,3,"7-4627073","11/16/2023"
"2992","Russia","Soviet Union","MT-LB","captured","https://twitter.com/UAWeapons/status/1569058662869516289","2023-11-16",46,2708,3,"7-4627083","11/16/2023"
"2993","Russia","Soviet Union","MT-LB","captured","https://twitter.com/UAWeapons/status/1569069209724030976","2023-11-16",46,2709,3,"7-4627093","11/16/2023"
"2994","Russia","Soviet Union","MT-LB","captured","https://i.postimg.cc/QVGxrzmN/1014-mtlb-capt-11-03-23.png","2023-11-16",46,2710,3,"7-4627103","11/16/2023"
"2995","Russia","Soviet Union","MT-LB","captured","https://twitter.com/UAWeapons/status/1569229402860552192","2023-11-16",46,1326,3,"7-4613263","11/16/2023"
"2996","Russia","Soviet Union","MT-LB","captured","https://postimg.cc/wRt7bV28","2023-11-16",46,2711,3,"7-4627113","11/16/2023"
"2997","Russia","Soviet Union","MT-LB","captured","https://i.postimg.cc/TPvCPVdM/1006-mtlb-capt-09-01-23.jpg","2023-11-16",46,2712,3,"7-4627123","11/16/2023"
"2998","Russia","Soviet Union","MT-LB","captured","https://twitter.com/UAWeapons/status/1569229412205215744","2023-11-16",46,2713,3,"7-4627133","11/16/2023"
"2999","Russia","Soviet Union","MT-LB","captured","https://i.postimg.cc/dQ8GPxT2/2022-09-18-MT-LB-245.jpg","2023-11-16",46,2714,3,"7-4627143","11/16/2023"
"3000","Russia","Soviet Union","MT-LB","damaged","https://i.postimg.cc/XqCXBHXQ/1005-mtlb.jpg","2023-11-16",46,2715,2,"7-4627152","11/16/2023"
"3001","Russia","Soviet Union","MT-LB","captured","https://i.postimg.cc/XqCXBHXQ/1005-mtlb.jpg","2023-11-16",46,2715,3,"7-4627153","11/16/2023"
"3002","Russia","Soviet Union","MT-LB","captured","https://i.postimg.cc/J0J8nHnJ/1004-mtlb.jpg","2023-11-16",46,2716,3,"7-4627163","11/16/2023"
"3003","Russia","Soviet Union","MT-LB","captured","https://twitter.com/UAWeapons/status/1570152367915692033","2023-11-16",46,2717,3,"7-4627173","11/16/2023"
"3004","Russia","Soviet Union","MT-LB","captured","https://postimg.cc/5Yd8w937","2023-11-16",46,2718,3,"7-4627183","11/16/2023"
"3005","Russia","Soviet Union","MT-LB","captured","https://twitter.com/UAWeapons/status/1570342741913268225","2023-11-16",46,2719,3,"7-4627193","11/16/2023"
"3006","Russia","Soviet Union","MT-LB","captured","https://twitter.com/UAWeapons/status/1570423464971976705","2023-11-16",46,2720,3,"7-4627203","11/16/2023"
"3007","Russia","Soviet Union","MT-LB","captured","https://i.postimg.cc/PqSCgvBz/1003-mtlb.jpg","2023-11-16",46,2721,3,"7-4627213","11/16/2023"
"3008","Russia","Soviet Union","MT-LB","captured","https://twitter.com/UAWeapons/status/1570808949737394178","2023-11-16",46,1669,3,"7-4616693","11/16/2023"
"3009","Russia","Soviet Union","MT-LB","captured","https://twitter.com/UAWeapons/status/1571071832530505728","2023-11-16",46,956,3,"7-469563","11/16/2023"
"3010","Russia","Soviet Union","MT-LB","captured","https://twitter.com/UAWeapons/status/1571109617186541572","2023-11-16",46,2722,3,"7-4627223","11/16/2023"
"3011","Russia","Soviet Union","MT-LB","captured","https://i.postimg.cc/3JyhPFCR/2022-09-14-306889955-5387493924698347-491673469679484211-n.jpg","2023-11-16",46,2723,3,"7-4627233","11/16/2023"
"3012","Russia","Soviet Union","MT-LB","captured","https://twitter.com/UAWeapons/status/1571503345851924485","2023-11-16",46,2724,3,"7-4627243","11/16/2023"
"3013","Russia","Soviet Union","MT-LB","captured","https://twitter.com/UAWeapons/status/1571505879068942338","2023-11-16",46,2725,3,"7-4627253","11/16/2023"
"3014","Russia","Soviet Union","MT-LB","captured","https://i.postimg.cc/02bYDkvN/2022-09-17-MT-LB.png","2023-11-16",46,2726,3,"7-4627263","11/16/2023"
"3015","Russia","Soviet Union","MT-LB","damaged","https://twitter.com/naalsio26/status/1572364529723666435","2023-11-16",46,2727,2,"7-4627272","11/16/2023"
"3016","Russia","Soviet Union","MT-LB","captured","https://twitter.com/naalsio26/status/1572364529723666435","2023-11-16",46,2727,3,"7-4627273","11/16/2023"
"3017","Russia","Soviet Union","MT-LB","captured","https://twitter.com/UAWeapons/status/1572671983057510400","2023-11-16",46,1378,3,"7-4613783","11/16/2023"
"3018","Russia","Soviet Union","MT-LB","captured","https://twitter.com/UAWeapons/status/1572936489314426883","2023-11-16",46,2728,3,"7-4627283","11/16/2023"
"3019","Russia","Soviet Union","MT-LB","captured","https://i.postimg.cc/YqjffLqd/2022-09-24-MT-LB-313.jpg","2023-11-16",46,2729,3,"7-4627293","11/16/2023"
"3020","Russia","Soviet Union","MT-LB","captured","https://i.postimg.cc/m2SvVHJz/1004-mtlb.jpg","2023-11-16",46,2730,3,"7-4627303","11/16/2023"
"3021","Russia","Soviet Union","MT-LB","damaged","https://i.postimg.cc/BvPfD5JP/1004-mtlb.jpg","2023-11-16",46,2731,2,"7-4627312","11/16/2023"
"3022","Russia","Soviet Union","MT-LB","captured","https://i.postimg.cc/BvPfD5JP/1004-mtlb.jpg","2023-11-16",46,2731,3,"7-4627313","11/16/2023"
"3023","Russia","Soviet Union","MT-LB","captured","https://twitter.com/UAWeapons/status/1575163897564188677","2023-11-16",46,2732,3,"7-4627323","11/16/2023"
"3024","Russia","Soviet Union","MT-LB","damaged","https://i.postimg.cc/tgrDNJxG/2022-09-28-MT-LBVM.jpg","2023-11-16",46,2733,2,"7-4627332","11/16/2023"
"3025","Russia","Soviet Union","MT-LB","captured","https://i.postimg.cc/tgrDNJxG/2022-09-28-MT-LBVM.jpg","2023-11-16",46,2733,3,"7-4627333","11/16/2023"
"3026","Russia","Soviet Union","MT-LB","captured","https://i.postimg.cc/tgd3P60v/MT-LB-Izium.png","2023-11-16",46,2734,3,"7-4627343","11/16/2023"
"3027","Russia","Soviet Union","MT-LB","captured","https://i.postimg.cc/Jtw8J2wJ/MT-LB-Kharkiv-region.png","2023-11-16",46,2735,3,"7-4627353","11/16/2023"
"3028","Russia","Soviet Union","MT-LB","captured","https://i.postimg.cc/Zq1wy2Js/322.png","2023-11-16",46,2736,3,"7-4627363","11/16/2023"
"3029","Russia","Soviet Union","MT-LB","captured","https://i.postimg.cc/6qV9SrQd/1011-mtlb-capt.jpg","2023-11-16",46,2737,3,"7-4627373","11/16/2023"
"3030","Russia","Soviet Union","MT-LB","captured","https://i.postimg.cc/gjQwn8Vr/1008-mtlb-capt.jpg","2023-11-16",46,2738,3,"7-4627383","11/16/2023"
"3031","Russia","Soviet Union","MT-LB","captured","https://i.postimg.cc/SsQY5yQQ/1019-mtlb-capt.jpg","2023-11-16",46,2739,3,"7-4627393","11/16/2023"
"3032","Russia","Soviet Union","MT-LB","captured","https://i.postimg.cc/DfMCwmrW/1003-mtlb-capt.jpg","2023-11-16",46,2740,3,"7-4627403","11/16/2023"
"3033","Russia","Soviet Union","MT-LB","captured","https://twitter.com/UAWeapons/status/1574384853252018183","2023-11-16",46,2741,3,"7-4627413","11/16/2023"
"3034","Russia","Soviet Union","MT-LB","captured","https://i.postimg.cc/4xhVKscf/1013-mtlb-capt.jpg","2023-11-16",46,2742,3,"7-4627423","11/16/2023"
"3035","Russia","Soviet Union","MT-LB","captured","https://twitter.com/UAWeapons/status/1577992861144023041","2023-11-16",46,2743,3,"7-4627433","11/16/2023"
"3036","Russia","Soviet Union","MT-LB","captured","https://i.postimg.cc/1XnFSmzK/1009-mtlb-capt.jpg","2023-11-16",46,2744,3,"7-4627443","11/16/2023"
"3037","Russia","Soviet Union","MT-LB","captured","https://twitter.com/UAWeapons/status/1578364181765509120","2023-11-16",46,2745,3,"7-4627453","11/16/2023"
"3038","Russia","Soviet Union","MT-LB","captured","https://i.postimg.cc/RVsSDLT5/1031-mtlb-capt.jpg","2023-11-16",46,2746,3,"7-4627463","11/16/2023"
"3039","Russia","Soviet Union","MT-LB","captured","https://i.postimg.cc/br1p4d5P/2022-10-02-MT-LB.jpg","2023-11-16",46,2747,3,"7-4627473","11/16/2023"
"3040","Russia","Soviet Union","MT-LB","captured","https://i.postimg.cc/bJnWmxZX/1033-mtlb-capt.jpg","2023-11-16",46,2748,3,"7-4627483","11/16/2023"
"3041","Russia","Soviet Union","MT-LB","captured","https://i.postimg.cc/NFZWMHr3/1024-mtlb-capt.jpg","2023-11-16",46,2749,3,"7-4627493","11/16/2023"
"3042","Russia","Soviet Union","MT-LB","captured","https://i.postimg.cc/gJjLXQKw/1000-mtlb-capt.jpg","2023-11-16",46,2750,3,"7-4627503","11/16/2023"
"3043","Russia","Soviet Union","MT-LB","captured","https://i.postimg.cc/W3Z9XrsJ/1040-mtlb-capt.jpg","2023-11-16",46,2751,3,"7-4627513","11/16/2023"
"3044","Russia","Soviet Union","MT-LB","captured","https://i.postimg.cc/rsdH6bGz/1041-mtlb-capt.jpg","2023-11-16",46,2752,3,"7-4627523","11/16/2023"
"3045","Russia","Soviet Union","MT-LB","captured","https://i.postimg.cc/NfBNk5S5/1049-mtlb-capt.jpg","2023-11-16",46,2753,3,"7-4627533","11/16/2023"
"3046","Russia","Soviet Union","MT-LB","damaged","https://i.postimg.cc/1tTmXRym/2022-04-07-mt-lb-3.jpg","2023-11-16",46,2754,2,"7-4627542","11/16/2023"
"3047","Russia","Soviet Union","MT-LB","captured","https://i.postimg.cc/1tTmXRym/2022-04-07-mt-lb-3.jpg","2023-11-16",46,2754,3,"7-4627543","11/16/2023"
"3048","Russia","Soviet Union","MT-LB","damaged","https://i.postimg.cc/qvFGmcRj/2022-04-07-mt-lb-1.jpg","2023-11-16",46,2755,2,"7-4627552","11/16/2023"
"3049","Russia","Soviet Union","MT-LB","captured","https://i.postimg.cc/qvFGmcRj/2022-04-07-mt-lb-1.jpg","2023-11-16",46,2755,3,"7-4627553","11/16/2023"
"3050","Russia","Soviet Union","MT-LB","captured","https://i.postimg.cc/Y0TQ6mwh/2022-04-01-mt-lb.jpg","2023-11-16",46,2756,3,"7-4627563","11/16/2023"
"3051","Russia","Soviet Union","MT-LB","captured","https://i.postimg.cc/kGD9kTnT/1022-mtlb-capt-20-03-23.jpg","2023-11-16",46,2757,3,"7-4627573","11/16/2023"
"3052","Russia","Soviet Union","MT-LB","captured","https://i.postimg.cc/kGb77NGR/1008-mtlb-capt.jpg","2023-11-16",46,2758,3,"7-4627583","11/16/2023"
"3053","Russia","Soviet Union","MT-LB","captured","https://i.postimg.cc/8PYdvjsM/1002-mtlb-capt.jpg","2023-11-16",46,2759,3,"7-4627593","11/16/2023"
"3054","Russia","Soviet Union","MT-LB","captured","https://i.postimg.cc/Gpx3sskQ/07-26-2022-MT-LB-captured-Mykolaiv-Region.png","2023-11-16",46,2760,3,"7-4627603","11/16/2023"
"3055","Russia","Soviet Union","MT-LB","captured","https://i.postimg.cc/d1t0gmBh/1004-mtlb-capt-6-11.jpg","2023-11-16",46,2761,3,"7-4627613","11/16/2023"
"3056","Russia","Soviet Union","MT-LB","captured","https://i.postimg.cc/Hxf6Wf5z/1002-mtlb-capt.jpg","2023-11-16",46,2762,3,"7-4627623","11/16/2023"
"3057","Russia","Soviet Union","MT-LB","captured","https://i.postimg.cc/7hrmNCv6/1019-mtlb-capt.jpg","2023-11-16",46,2763,3,"7-4627633","11/16/2023"
"3058","Russia","Soviet Union","MT-LB","captured","https://i.postimg.cc/SNpRvfFR/1008-mtlb-capt.jpg","2023-11-16",46,2764,3,"7-4627643","11/16/2023"
"3059","Russia","Soviet Union","MT-LB","captured","https://i.postimg.cc/W3NDHc4D/1015-mtlb-capt.jpg","2023-11-16",46,2765,3,"7-4627653","11/16/2023"
"3060","Russia","Soviet Union","MT-LB","captured","https://i.postimg.cc/FHShndXr/d29.png","2023-11-16",46,2766,3,"7-4627663","11/16/2023"
"3061","Russia","Soviet Union","MT-LB","captured","https://i.postimg.cc/DfG6CMGM/1020-mtlb-capt-25-01-23.jpg","2023-11-16",46,2767,3,"7-4627673","11/16/2023"
"3062","Russia","Soviet Union","MT-LB","captured","https://i.postimg.cc/B6mKSgMv/1023-mtlb-capt-04-02-23.jpg","2023-11-16",46,2768,3,"7-4627683","11/16/2023"
"3063","Russia","Soviet Union","MT-LB","captured","https://i.postimg.cc/8cy03X6z/1010-mtlb-capt-21-03-22.jpg","2023-11-16",46,2769,3,"7-4627693","11/16/2023"
"3064","Russia","Soviet Union","MT-LB","captured","https://i.postimg.cc/N0C47hgP/1008-mtlb-capt-20-02-23.jpg","2023-11-16",46,2770,3,"7-4627703","11/16/2023"
"3065","Russia","Soviet Union","MT-LB","captured","https://i.postimg.cc/kXCkgkxB/1029-MT-LB-capt-07-03-22.jpg","2023-11-16",46,2771,3,"7-4627713","11/16/2023"
"3066","Russia","Soviet Union","MT-LB","captured","https://twitter.com/naalsio26/status/1700630278002163794","2023-11-16",46,2772,3,"7-4627723","11/16/2023"
"3067","Russia","Soviet Union","MT-LB","captured","https://i.postimg.cc/cHd4K1r3/1067-MT-LB-capt-30-03-22.jpg","2023-11-16",46,2773,3,"7-4627733","11/16/2023"
"3068","Russia","Soviet Union","188 MT-LBVM and MT-LBVMK","destroyed","https://i.postimg.cc/0QPGdgX4/6658.png","2023-11-16",47,2774,1,"7-4727741","11/16/2023"
"3069","Russia","Soviet Union","188 MT-LBVM and MT-LBVMK","destroyed","https://i.postimg.cc/s21mgccV/1005.jpg","2023-11-16",47,2775,1,"7-4727751","11/16/2023"
"3070","Russia","Soviet Union","188 MT-LBVM and MT-LBVMK","destroyed","https://i.postimg.cc/PqKBYrNJ/357.png","2023-11-16",47,2776,1,"7-4727761","11/16/2023"
"3071","Russia","Soviet Union","188 MT-LBVM and MT-LBVMK","destroyed","https://i.postimg.cc/PrSXcMws/2022-10-02-mt-lbvm-1.jpg","2023-11-16",47,2777,1,"7-4727771","11/16/2023"
"3072","Russia","Soviet Union","188 MT-LBVM and MT-LBVMK","destroyed","https://i.postimg.cc/prBcbgMK/4131.png","2023-11-16",47,2778,1,"7-4727781","11/16/2023"
"3073","Russia","Soviet Union","188 MT-LBVM and MT-LBVMK","destroyed","https://i.postimg.cc/j5vFZVn2/86.png","2023-11-16",47,2779,1,"7-4727791","11/16/2023"
"3074","Russia","Soviet Union","188 MT-LBVM and MT-LBVMK","destroyed","https://i.postimg.cc/Hn8wz5qv/51.png","2023-11-16",47,2780,1,"7-4727801","11/16/2023"
"3075","Russia","Soviet Union","188 MT-LBVM and MT-LBVMK","destroyed","https://i.postimg.cc/HLVn9Mqn/777.jpg","2023-11-16",47,2781,1,"7-4727811","11/16/2023"
"3076","Russia","Soviet Union","188 MT-LBVM and MT-LBVMK","destroyed","https://i.postimg.cc/d14vc0zg/412.png","2023-11-16",47,2782,1,"7-4727821","11/16/2023"
"3077","Russia","Soviet Union","188 MT-LBVM and MT-LBVMK","destroyed","https://i.postimg.cc/mg7rsYXp/mtlbb1.png","2023-11-16",47,2783,1,"7-4727831","11/16/2023"
"3078","Russia","Soviet Union","188 MT-LBVM and MT-LBVMK","destroyed","https://i.postimg.cc/RCGKrB6J/mmtlb.png","2023-11-16",47,2784,1,"7-4727841","11/16/2023"
"3079","Russia","Soviet Union","188 MT-LBVM and MT-LBVMK","destroyed","https://i.postimg.cc/rw1nCrBC/687.jpg","2023-11-16",47,2785,1,"7-4727851","11/16/2023"
"3080","Russia","Soviet Union","188 MT-LBVM and MT-LBVMK","destroyed","https://i.postimg.cc/ZYVv2xcH/f211.jpg","2023-11-16",47,2786,1,"7-4727861","11/16/2023"
"3081","Russia","Soviet Union","188 MT-LBVM and MT-LBVMK","destroyed","https://i.postimg.cc/fRnQPZnN/7.jpg","2023-11-16",47,2787,1,"7-4727871","11/16/2023"
"3082","Russia","Soviet Union","188 MT-LBVM and MT-LBVMK","destroyed","https://postimg.cc/DSY3kXtc","2023-11-16",47,2788,1,"7-4727881","11/16/2023"
"3083","Russia","Soviet Union","188 MT-LBVM and MT-LBVMK","destroyed","https://postimg.cc/py5LcCjL","2023-11-16",47,2789,1,"7-4727891","11/16/2023"
"3084","Russia","Soviet Union","188 MT-LBVM and MT-LBVMK","destroyed","https://i.postimg.cc/597GBcKW/65g.jpg","2023-11-16",47,2790,1,"7-4727901","11/16/2023"
"3085","Russia","Soviet Union","188 MT-LBVM and MT-LBVMK","destroyed","https://i.postimg.cc/4dCxC0ZF/d1.jpg","2023-11-16",47,2791,1,"7-4727911","11/16/2023"
"3086","Russia","Soviet Union","188 MT-LBVM and MT-LBVMK","destroyed","https://i.postimg.cc/2S0vn39r/887.jpg","2023-11-16",47,2792,1,"7-4727921","11/16/2023"
"3087","Russia","Soviet Union","188 MT-LBVM and MT-LBVMK","destroyed","https://i.postimg.cc/WbjMVs5J/9986.jpg","2023-11-16",47,2793,1,"7-4727931","11/16/2023"
"3088","Russia","Soviet Union","188 MT-LBVM and MT-LBVMK","destroyed","https://i.postimg.cc/htHz1zp6/3f6.png","2023-11-16",47,2794,1,"7-4727941","11/16/2023"
"3089","Russia","Soviet Union","188 MT-LBVM and MT-LBVMK","destroyed","https://twitter.com/UAWeapons/status/1525961832313278465","2023-11-16",47,1231,1,"7-4712311","11/16/2023"
"3090","Russia","Soviet Union","188 MT-LBVM and MT-LBVMK","destroyed","https://i.postimg.cc/VkQmCj59/32d1.png","2023-11-16",47,2795,1,"7-4727951","11/16/2023"
"3091","Russia","Soviet Union","188 MT-LBVM and MT-LBVMK","destroyed","https://twitter.com/UAWeapons/status/1529115101294387202","2023-11-16",47,2796,1,"7-4727961","11/16/2023"
"3092","Russia","Soviet Union","188 MT-LBVM and MT-LBVMK","destroyed","https://postimg.cc/t1HRv6TX","2023-11-16",47,2797,1,"7-4727971","11/16/2023"
"3093","Russia","Soviet Union","188 MT-LBVM and MT-LBVMK","destroyed","https://postimg.cc/T5J2K5s1","2023-11-16",47,2798,1,"7-4727981","11/16/2023"
"3094","Russia","Soviet Union","188 MT-LBVM and MT-LBVMK","destroyed","https://i.postimg.cc/59Dp0xqF/1004-mtlbvmk.jpg","2023-11-16",47,2799,1,"7-4727991","11/16/2023"
"3095","Russia","Soviet Union","188 MT-LBVM and MT-LBVMK","destroyed","https://i.postimg.cc/qvjgCm7s/2022-08-14-mt-lbvm.jpg","2023-11-16",47,2800,1,"7-4728001","11/16/2023"
"3096","Russia","Soviet Union","188 MT-LBVM and MT-LBVMK","destroyed","https://i.postimg.cc/Jnzrgm8N/1000-mtlblvmk.jpg","2023-11-16",47,2801,1,"7-4728011","11/16/2023"
"3097","Russia","Soviet Union","188 MT-LBVM and MT-LBVMK","destroyed","https://postimg.cc/fVskJGFk","2023-11-16",47,2802,1,"7-4728021","11/16/2023"
"3098","Russia","Soviet Union","188 MT-LBVM and MT-LBVMK","destroyed","https://postimg.cc/3W3v7cbv","2023-11-16",47,2803,1,"7-4728031","11/16/2023"
"3099","Russia","Soviet Union","188 MT-LBVM and MT-LBVMK","destroyed","https://i.postimg.cc/GprT4q23/1006-mtlbvmk.jpg","2023-11-16",47,2804,1,"7-4728041","11/16/2023"
"3100","Russia","Soviet Union","188 MT-LBVM and MT-LBVMK","destroyed","https://i.postimg.cc/MKGTYTHn/1004-MT-LBVMK.jpg","2023-11-16",47,2805,1,"7-4728051","11/16/2023"
"3101","Russia","Soviet Union","188 MT-LBVM and MT-LBVMK","destroyed","https://i.postimg.cc/Jnt7Ns5w/1001-mtlb.jpg","2023-11-16",47,2806,1,"7-4728061","11/16/2023"
"3102","Russia","Soviet Union","188 MT-LBVM and MT-LBVMK","destroyed","https://i.postimg.cc/nrNx54P2/1018-bmp2.jpg","2023-11-16",47,2807,1,"7-4728071","11/16/2023"
"3103","Russia","Soviet Union","188 MT-LBVM and MT-LBVMK","destroyed","https://i.postimg.cc/65NF4JHb/1.png","2023-11-16",47,2808,1,"7-4728081","11/16/2023"
"3104","Russia","Soviet Union","188 MT-LBVM and MT-LBVMK","destroyed","https://i.postimg.cc/Y0hGrbmJ/1017-MT-LBVMK-destr.jpg","2023-11-16",47,2809,1,"7-4728091","11/16/2023"
"3105","Russia","Soviet Union","188 MT-LBVM and MT-LBVMK","destroyed","https://i.postimg.cc/52X4dQPH/1011-MT-LBVMK-destr.jpg","2023-11-16",47,2810,1,"7-4728101","11/16/2023"
"3106","Russia","Soviet Union","188 MT-LBVM and MT-LBVMK","destroyed","https://i.postimg.cc/MGMFG7bc/1042-mtlbvmk-destr.jpg","2023-11-16",47,2811,1,"7-4728111","11/16/2023"
"3107","Russia","Soviet Union","188 MT-LBVM and MT-LBVMK","destroyed","https://i.postimg.cc/L53JbJQF/2022-04-30-mt-lbvm.jpg","2023-11-16",47,2812,1,"7-4728121","11/16/2023"
"3108","Russia","Soviet Union","188 MT-LBVM and MT-LBVMK","destroyed","https://i.postimg.cc/P5xCSrm0/2022-04-30-mt-lbvm-2.jpg","2023-11-16",47,2813,1,"7-4728131","11/16/2023"
"3109","Russia","Soviet Union","188 MT-LBVM and MT-LBVMK","destroyed","https://i.postimg.cc/yxmCR0zY/2022-05-06-mt-lbvm.jpg","2023-11-16",47,2814,1,"7-4728141","11/16/2023"
"3110","Russia","Soviet Union","188 MT-LBVM and MT-LBVMK","destroyed","https://i.postimg.cc/LXZpHrCP/2022-05-15-mt-lbvm.jpg","2023-11-16",47,2815,1,"7-4728151","11/16/2023"
"3111","Russia","Soviet Union","188 MT-LBVM and MT-LBVMK","destroyed","https://i.postimg.cc/hvWqhp65/2022-06-21-mt-lbvm.jpg","2023-11-16",47,2816,1,"7-4728161","11/16/2023"
"3112","Russia","Soviet Union","188 MT-LBVM and MT-LBVMK","destroyed","https://i.postimg.cc/kXs3GXJx/2022-07-09-mt-lbvm.jpg","2023-11-16",47,2817,1,"7-4728171","11/16/2023"
"3113","Russia","Soviet Union","188 MT-LBVM and MT-LBVMK","destroyed","https://i.postimg.cc/k415C61f/1021-MT-LBVMK-and-Kam-AZ-6x6-destr-4-11.jpg","2023-11-16",47,2818,1,"7-4728181","11/16/2023"
"3114","Russia","Soviet Union","188 MT-LBVM and MT-LBVMK","destroyed","https://i.postimg.cc/90DkvGwk/1027-MT-LBVMK-destr.jpg","2023-11-16",47,2819,1,"7-4728191","11/16/2023"
"3115","Russia","Soviet Union","188 MT-LBVM and MT-LBVMK","destroyed","https://i.postimg.cc/RFsMB2S2/1002-MT-LBVMK-destr.jpg","2023-11-16",47,2820,1,"7-4728201","11/16/2023"
"3116","Russia","Soviet Union","188 MT-LBVM and MT-LBVMK","destroyed","https://i.postimg.cc/9FD9K8GH/1009-MT-LBVMK-destr.jpg","2023-11-16",47,2821,1,"7-4728211","11/16/2023"
"3117","Russia","Soviet Union","188 MT-LBVM and MT-LBVMK","destroyed","https://i.postimg.cc/XqyKzCbk/1002-MT-LBVMK-destr.jpg","2023-11-16",47,2822,1,"7-4728221","11/16/2023"
"3118","Russia","Soviet Union","188 MT-LBVM and MT-LBVMK","destroyed","https://i.postimg.cc/RZxH5S0C/1004-mtlbvmk-destr-24-2.jpg","2023-11-16",47,2823,1,"7-4728231","11/16/2023"
"3119","Russia","Soviet Union","188 MT-LBVM and MT-LBVMK","destroyed","https://i.postimg.cc/Zqmcszfj/1022-2x-MT-LBVMK-destr.jpg","2023-11-16",47,2824,1,"7-4728241","11/16/2023"
"3120","Russia","Soviet Union","188 MT-LBVM and MT-LBVMK","destroyed","https://i.postimg.cc/jdGvN7Pp/1029-MT-LBVMK-destr.jpg","2023-11-16",47,2825,1,"7-4728251","11/16/2023"
"3121","Russia","Soviet Union","188 MT-LBVM and MT-LBVMK","destroyed","https://i.postimg.cc/XYdLgYgp/1030-MT-LBVMK-destr.jpg","2023-11-16",47,2826,1,"7-4728261","11/16/2023"
"3122","Russia","Soviet Union","188 MT-LBVM and MT-LBVMK","destroyed","https://i.postimg.cc/XNwxZZjt/2022-03-16-MT-LBVM-destroyed.jpg","2023-11-16",47,2827,1,"7-4728271","11/16/2023"
"3123","Russia","Soviet Union","188 MT-LBVM and MT-LBVMK","destroyed","https://i.postimg.cc/zBHhTbDs/mcap2.jpg","2023-11-16",47,2828,1,"7-4728281","11/16/2023"
"3124","Russia","Soviet Union","188 MT-LBVM and MT-LBVMK","destroyed","https://i.postimg.cc/PrQ85tMs/1007-MT-LBVMK-destr.jpg","2023-11-16",47,2829,1,"7-4728291","11/16/2023"
"3125","Russia","Soviet Union","188 MT-LBVM and MT-LBVMK","destroyed","https://i.postimg.cc/G2kKXDsb/1003-MT-LBVMK-destr.jpg","2023-11-16",47,2830,1,"7-4728301","11/16/2023"
"3126","Russia","Soviet Union","188 MT-LBVM and MT-LBVMK","destroyed","https://i.postimg.cc/J4WqS5c4/1011-MT-LBVM-destr-24-01-23.jpg","2023-11-16",47,2831,1,"7-4728311","11/16/2023"
"3127","Russia","Soviet Union","188 MT-LBVM and MT-LBVMK","destroyed","https://i.postimg.cc/fLyhBDzC/1037-MT-LBVMK-destr-04-03-22.jpg","2023-11-16",47,2832,1,"7-4728321","11/16/2023"
"3128","Russia","Soviet Union","188 MT-LBVM and MT-LBVMK","destroyed","https://i.postimg.cc/gJr1sQf2/1003-mtlbvmk-destr-30-01-23.jpg","2023-11-16",47,2833,1,"7-4728331","11/16/2023"
"3129","Russia","Soviet Union","188 MT-LBVM and MT-LBVMK","destroyed","https://i.postimg.cc/xTMcGLxc/1006-mtlbvmk-destr-17-02-23.jpg","2023-11-16",47,2834,1,"7-4728341","11/16/2023"
"3130","Russia","Soviet Union","188 MT-LBVM and MT-LBVMK","destroyed","https://i.postimg.cc/bYLWsrBf/1025-MT-LB-VMK-destr-18-02-23.jpg","2023-11-16",47,2835,1,"7-4728351","11/16/2023"
"3131","Russia","Soviet Union","188 MT-LBVM and MT-LBVMK","destroyed","https://i.postimg.cc/HnSdQtY6/1005-mtlbvmk-destr-08-10-22.jpg","2023-11-16",47,2836,1,"7-4728361","11/16/2023"
"3132","Russia","Soviet Union","188 MT-LBVM and MT-LBVMK","destroyed","https://i.postimg.cc/vTBScq58/467p.png","2023-11-16",47,2837,1,"7-4728371","11/16/2023"
"3133","Russia","Soviet Union","188 MT-LBVM and MT-LBVMK","destroyed","https://i.postimg.cc/nMfbT5jb/1032-MT-LBVMK-destr-02-04-23.jpg","2023-11-16",47,2838,1,"7-4728381","11/16/2023"
"3134","Russia","Soviet Union","188 MT-LBVM and MT-LBVMK","destroyed","https://i.postimg.cc/1zR9HRJs/1040-MT-LBVMK-destr-27-04-23.jpg","2023-11-16",47,2839,1,"7-4728391","11/16/2023"
"3135","Russia","Soviet Union","188 MT-LBVM and MT-LBVMK","destroyed","https://i.postimg.cc/QdKJ7xB2/1006-MT-LBVMK-destr-28-11-22.jpg","2023-11-16",47,2840,1,"7-4728401","11/16/2023"
"3136","Russia","Soviet Union","188 MT-LBVM and MT-LBVMK","destroyed","https://i.postimg.cc/SQVfF3Wj/1012-MT-LBVMK-destr-30-05-23.jpg","2023-11-16",47,2841,1,"7-4728411","11/16/2023"
"3137","Russia","Soviet Union","188 MT-LBVM and MT-LBVMK","destroyed","https://i.postimg.cc/44W6MT1N/1022-MT-LBVMK-destr-08-06-23.jpg","2023-11-16",47,2842,1,"7-4728421","11/16/2023"
"3138","Russia","Soviet Union","188 MT-LBVM and MT-LBVMK","destroyed","https://i.postimg.cc/ncy19m1N/1000-MT-LBVM-destr-12-06-23.jpg","2023-11-16",47,2843,1,"7-4728431","11/16/2023"
"3139","Russia","Soviet Union","188 MT-LBVM and MT-LBVMK","destroyed","https://i.postimg.cc/B6tsdWvK/1006-MT-LBVMK-destr-05-05-23.jpg","2023-11-16",47,2844,1,"7-4728441","11/16/2023"
"3140","Russia","Soviet Union","188 MT-LBVM and MT-LBVMK","destroyed","https://i.postimg.cc/7PJBJm1P/1012-MT-LBVMK-destr-30-05-22.jpg","2023-11-16",47,2845,1,"7-4728451","11/16/2023"
"3141","Russia","Soviet Union","188 MT-LBVM and MT-LBVMK","destroyed","https://twitter.com/naalsio26/status/1678943074368536577","2023-11-16",47,2846,1,"7-4728461","11/16/2023"
"3142","Russia","Soviet Union","188 MT-LBVM and MT-LBVMK","destroyed","https://i.postimg.cc/zGzpQw71/1021-MT-LBVMK-destr-19-07-23.jpg","2023-11-16",47,2847,1,"7-4728471","11/16/2023"
"3143","Russia","Soviet Union","188 MT-LBVM and MT-LBVMK","destroyed","https://i.postimg.cc/JhxZmjhw/1019-MT-LBVMK-destr-28-07-23.jpg","2023-11-16",47,2848,1,"7-4728481","11/16/2023"
"3144","Russia","Soviet Union","188 MT-LBVM and MT-LBVMK","destroyed","https://i.postimg.cc/t4w3P7gF/1003-MT-LBVMK-destr-28-01-23.jpg","2023-11-16",47,2849,1,"7-4728491","11/16/2023"
"3145","Russia","Soviet Union","188 MT-LBVM and MT-LBVMK","destroyed","https://i.postimg.cc/XqgWDLBr/1006-MT-LBVMK-destr-10-08-23.jpg","2023-11-16",47,2850,1,"7-4728501","11/16/2023"
"3146","Russia","Soviet Union","188 MT-LBVM and MT-LBVMK","destroyed","https://i.postimg.cc/Zq4Lw1XL/1030-mtlb-destr-13-12-22.jpg","2023-11-16",47,2851,1,"7-4728511","11/16/2023"
"3147","Russia","Soviet Union","188 MT-LBVM and MT-LBVMK","destroyed","https://i.postimg.cc/sX8RG132/1034-mtlb-destr-02-04-23.jpg","2023-11-16",47,2852,1,"7-4728521","11/16/2023"
"3148","Russia","Soviet Union","188 MT-LBVM and MT-LBVMK","destroyed","https://i.postimg.cc/XYdLBXZx/3276.png","2023-11-16",47,2853,1,"7-4728531","11/16/2023"
"3149","Russia","Soviet Union","188 MT-LBVM and MT-LBVMK","destroyed","https://i.postimg.cc/wvnj0hRG/1031-MT-LBVMK-destr-08-11-23.jpg","2023-11-16",47,2854,1,"7-4728541","11/16/2023"
"3150","Russia","Soviet Union","188 MT-LBVM and MT-LBVMK","destroyed","https://i.postimg.cc/7PT6bQp8/1040-MT-LBVMK-destr-28-02-23.jpg","2023-11-16",47,2855,1,"7-4728551","11/16/2023"
"3151","Russia","Soviet Union","188 MT-LBVM and MT-LBVMK","destroyed","https://i.postimg.cc/B6NTJ0G2/1014-mtlbvmk-destr-12-11-23.jpg","2023-11-16",47,2856,1,"7-4728561","11/16/2023"
"3152","Russia","Soviet Union","188 MT-LBVM and MT-LBVMK","damaged","https://i.postimg.cc/yYthh002/1037-MT-LBVMK-dam-aband-03-07-23.jpg","2023-11-16",47,2857,2,"7-4728572","11/16/2023"
"3153","Russia","Soviet Union","188 MT-LBVM and MT-LBVMK","abandoned","https://i.postimg.cc/bwfz3Gyx/mtlba1.jpg","2023-11-16",47,2858,4,"7-4728584","11/16/2023"
"3154","Russia","Soviet Union","188 MT-LBVM and MT-LBVMK","abandoned","https://i.postimg.cc/Y21qgqY7/7766.jpg","2023-11-16",47,2859,4,"7-4728594","11/16/2023"
"3155","Russia","Soviet Union","188 MT-LBVM and MT-LBVMK","abandoned","https://i.postimg.cc/ZRgTChvT/f24.png","2023-11-16",47,2860,4,"7-4728604","11/16/2023"
"3156","Russia","Soviet Union","188 MT-LBVM and MT-LBVMK","abandoned","https://i.postimg.cc/mrJwQRQ2/f69.png","2023-11-16",47,2861,4,"7-4728614","11/16/2023"
"3157","Russia","Soviet Union","188 MT-LBVM and MT-LBVMK","abandoned","https://i.postimg.cc/43RcYDPt/m2.png","2023-11-16",47,2862,4,"7-4728624","11/16/2023"
"3158","Russia","Soviet Union","188 MT-LBVM and MT-LBVMK","abandoned","https://i.postimg.cc/mr3HCmpn/m3.png","2023-11-16",47,2863,4,"7-4728634","11/16/2023"
"3159","Russia","Soviet Union","188 MT-LBVM and MT-LBVMK","abandoned","https://i.postimg.cc/3RqpkBLf/329.png","2023-11-16",47,2864,4,"7-4728644","11/16/2023"
"3160","Russia","Soviet Union","188 MT-LBVM and MT-LBVMK","abandoned","https://i.postimg.cc/2SdCJzyP/mtlba2.jpg","2023-11-16",47,2865,4,"7-4728654","11/16/2023"
"3161","Russia","Soviet Union","188 MT-LBVM and MT-LBVMK","damaged","https://postimg.cc/mP4082r3","2023-11-16",47,2866,2,"7-4728662","11/16/2023"
"3162","Russia","Soviet Union","188 MT-LBVM and MT-LBVMK","captured","https://postimg.cc/mP4082r3","2023-11-16",47,2866,3,"7-4728663","11/16/2023"
"3163","Russia","Soviet Union","188 MT-LBVM and MT-LBVMK","captured","https://i.postimg.cc/prDZ3Csm/32.jpg","2023-11-16",47,2867,3,"7-4728673","11/16/2023"
"3164","Russia","Soviet Union","188 MT-LBVM and MT-LBVMK","captured","https://i.postimg.cc/0jsMpJvw/48j.png","2023-11-16",47,2868,3,"7-4728683","11/16/2023"
"3165","Russia","Soviet Union","188 MT-LBVM and MT-LBVMK","captured","https://i.postimg.cc/R0zbsmLL/6659.png","2023-11-16",47,2869,3,"7-4728693","11/16/2023"
"3166","Russia","Soviet Union","188 MT-LBVM and MT-LBVMK","captured","https://i.postimg.cc/MGBV9R2s/4fs.png","2023-11-16",47,2870,3,"7-4728703","11/16/2023"
"3167","Russia","Soviet Union","188 MT-LBVM and MT-LBVMK","captured","https://i.postimg.cc/1tVLvyy0/764.png","2023-11-16",47,2871,3,"7-4728713","11/16/2023"
"3168","Russia","Soviet Union","188 MT-LBVM and MT-LBVMK","captured","https://i.postimg.cc/vTgL7mXg/76.jpg","2023-11-16",47,2872,3,"7-4728723","11/16/2023"
"3169","Russia","Soviet Union","188 MT-LBVM and MT-LBVMK","captured","https://i.postimg.cc/RVc03z28/m2.png","2023-11-16",47,2873,3,"7-4728733","11/16/2023"
"3170","Russia","Soviet Union","188 MT-LBVM and MT-LBVMK","captured","https://i.postimg.cc/6qszKVTq/m11.png","2023-11-16",47,2874,3,"7-4728743","11/16/2023"
"3171","Russia","Soviet Union","188 MT-LBVM and MT-LBVMK","captured","https://i.postimg.cc/15BnwV6D/6hd.png","2023-11-16",47,2875,3,"7-4728753","11/16/2023"
"3172","Russia","Soviet Union","188 MT-LBVM and MT-LBVMK","captured","https://i.postimg.cc/W43P9JBg/311.png","2023-11-16",47,2876,3,"7-4728763","11/16/2023"
"3173","Russia","Soviet Union","188 MT-LBVM and MT-LBVMK","captured","https://i.postimg.cc/g0ZTbDyL/Screenshot-8648.png","2023-11-16",47,2877,3,"7-4728773","11/16/2023"
"3174","Russia","Soviet Union","188 MT-LBVM and MT-LBVMK","captured","https://i.postimg.cc/jd6K2zSL/1001-mtlbvmk-capt.jpg","2023-11-16",47,2878,3,"7-4728783","11/16/2023"
"3175","Russia","Soviet Union","188 MT-LBVM and MT-LBVMK","captured","https://i.postimg.cc/rpgr934n/461.png","2023-11-16",47,2879,3,"7-4728793","11/16/2023"
"3176","Russia","Soviet Union","188 MT-LBVM and MT-LBVMK","captured","https://i.postimg.cc/C5QvvLdV/f56.png","2023-11-16",47,2880,3,"7-4728803","11/16/2023"
"3177","Russia","Soviet Union","188 MT-LBVM and MT-LBVMK","captured","https://i.postimg.cc/tT5WmDRj/cd.jpg","2023-11-16",47,2881,3,"7-4728813","11/16/2023"
"3178","Russia","Soviet Union","188 MT-LBVM and MT-LBVMK","captured","https://twitter.com/UAWeapons/status/1570808949737394178","2023-11-16",47,1669,3,"7-4716693","11/16/2023"
"3179","Russia","Soviet Union","188 MT-LBVM and MT-LBVMK","captured","https://i.postimg.cc/pLnGNjf0/77600.png","2023-11-16",47,2882,3,"7-4728823","11/16/2023"
"3180","Russia","Soviet Union","188 MT-LBVM and MT-LBVMK","captured","https://i.postimg.cc/CxQFG5Cj/4369.png","2023-11-16",47,2883,3,"7-4728833","11/16/2023"
"3181","Russia","Soviet Union","188 MT-LBVM and MT-LBVMK","captured","https://i.postimg.cc/yYgXB2kP/87.jpg","2023-11-16",47,2884,3,"7-4728843","11/16/2023"
"3182","Russia","Soviet Union","188 MT-LBVM and MT-LBVMK","captured","https://twitter.com/UAWeapons/status/1554001444491198464","2023-11-16",47,2885,3,"7-4728853","11/16/2023"
"3183","Russia","Soviet Union","188 MT-LBVM and MT-LBVMK","captured","https://i.postimg.cc/Rh92LGYG/578.png","2023-11-16",47,2886,3,"7-4728863","11/16/2023"
"3184","Russia","Soviet Union","188 MT-LBVM and MT-LBVMK","captured","https://i.postimg.cc/x1VVwZV9/790.jpg","2023-11-16",47,2887,3,"7-4728873","11/16/2023"
"3185","Russia","Soviet Union","188 MT-LBVM and MT-LBVMK","captured","https://i.postimg.cc/8kFc6Lh0/5579.png","2023-11-16",47,2888,3,"7-4728883","11/16/2023"
"3186","Russia","Soviet Union","188 MT-LBVM and MT-LBVMK","captured","https://i.postimg.cc/CMtw34vs/v1.png","2023-11-16",47,2889,3,"7-4728893","11/16/2023"
"3187","Russia","Soviet Union","188 MT-LBVM and MT-LBVMK","captured","https://i.postimg.cc/vZwbBZw1/v2.png","2023-11-16",47,2890,3,"7-4728903","11/16/2023"
"3188","Russia","Soviet Union","188 MT-LBVM and MT-LBVMK","captured","https://i.postimg.cc/2SdmBNC0/v3.png","2023-11-16",47,2891,3,"7-4728913","11/16/2023"
"3189","Russia","Soviet Union","188 MT-LBVM and MT-LBVMK","captured","https://i.postimg.cc/2yLzBnbf/297.png","2023-11-16",47,2892,3,"7-4728923","11/16/2023"
"3190","Russia","Soviet Union","188 MT-LBVM and MT-LBVMK","captured","https://i.postimg.cc/XqDZK50g/431t.png","2023-11-16",47,2893,3,"7-4728933","11/16/2023"
"3191","Russia","Soviet Union","188 MT-LBVM and MT-LBVMK","captured","https://i.postimg.cc/768Vvfb9/2h.png","2023-11-16",47,2894,3,"7-4728943","11/16/2023"
"3192","Russia","Soviet Union","188 MT-LBVM and MT-LBVMK","captured","https://i.postimg.cc/g0BW5skr/MTLB.png","2023-11-16",47,2895,3,"7-4728953","11/16/2023"
"3193","Russia","Soviet Union","188 MT-LBVM and MT-LBVMK","captured","https://i.postimg.cc/zDxckvvX/23.jpg","2023-11-16",47,2896,3,"7-4728963","11/16/2023"
"3194","Russia","Soviet Union","188 MT-LBVM and MT-LBVMK","captured","https://postimg.cc/hh2vkcP8","2023-11-16",47,2897,3,"7-4728973","11/16/2023"
"3195","Russia","Soviet Union","188 MT-LBVM and MT-LBVMK","captured","https://i.postimg.cc/59vv0CRv/mttllbbbbbbb.jpg","2023-11-16",47,2898,3,"7-4728983","11/16/2023"
"3196","Russia","Soviet Union","188 MT-LBVM and MT-LBVMK","captured","https://i.postimg.cc/MK27bDQd/m1cap1.jpg","2023-11-16",47,2899,3,"7-4728993","11/16/2023"
"3197","Russia","Soviet Union","188 MT-LBVM and MT-LBVMK","captured","https://i.postimg.cc/YCcRW43Z/1036-MT-LB-VMK-capt.jpg","2023-11-16",47,2900,3,"7-4729003","11/16/2023"
"3198","Russia","Soviet Union","188 MT-LBVM and MT-LBVMK","captured","https://i.postimg.cc/SR0MdSJJ/mcap4.jpg","2023-11-16",47,2901,3,"7-4729013","11/16/2023"
"3199","Russia","Soviet Union","188 MT-LBVM and MT-LBVMK","captured","https://i.postimg.cc/SRWztBMV/mcap6.jpg","2023-11-16",47,2902,3,"7-4729023","11/16/2023"
"3200","Russia","Soviet Union","188 MT-LBVM and MT-LBVMK","captured","https://postimg.cc/239jHG22","2023-11-16",47,2903,3,"7-4729033","11/16/2023"
"3201","Russia","Soviet Union","188 MT-LBVM and MT-LBVMK","damaged","https://i.postimg.cc/Y0Rs4CTd/2022-10-01-MT-LBVM.jpg","2023-11-16",47,2904,2,"7-4729042","11/16/2023"
"3202","Russia","Soviet Union","188 MT-LBVM and MT-LBVMK","captured","https://i.postimg.cc/Y0Rs4CTd/2022-10-01-MT-LBVM.jpg","2023-11-16",47,2904,3,"7-4729043","11/16/2023"
"3203","Russia","Soviet Union","188 MT-LBVM and MT-LBVMK","captured","https://postimg.cc/CZbdX8zd","2023-11-16",47,2905,3,"7-4729053","11/16/2023"
"3204","Russia","Soviet Union","188 MT-LBVM and MT-LBVMK","captured","https://postimg.cc/9rSMfb9r","2023-11-16",47,2906,3,"7-4729063","11/16/2023"
"3205","Russia","Soviet Union","188 MT-LBVM and MT-LBVMK","captured","https://i.postimg.cc/qgVD3qkv/c4.jpg","2023-11-16",47,2907,3,"7-4729073","11/16/2023"
"3206","Russia","Soviet Union","188 MT-LBVM and MT-LBVMK","captured","https://i.postimg.cc/sXrWQvpj/35.jpg","2023-11-16",47,2908,3,"7-4729083","11/16/2023"
"3207","Russia","Soviet Union","188 MT-LBVM and MT-LBVMK","captured","https://i.postimg.cc/1X5z3z9j/877.jpg","2023-11-16",47,2909,3,"7-4729093","11/16/2023"
"3208","Russia","Soviet Union","188 MT-LBVM and MT-LBVMK","captured","https://postimg.cc/67GLZgKq","2023-11-16",47,2910,3,"7-4729103","11/16/2023"
"3209","Russia","Soviet Union","188 MT-LBVM and MT-LBVMK","captured","https://postimg.cc/gxW55yxP","2023-11-16",47,2911,3,"7-4729113","11/16/2023"
"3210","Russia","Soviet Union","188 MT-LBVM and MT-LBVMK","captured","https://postimg.cc/ftbHxBJM","2023-11-16",47,2912,3,"7-4729123","11/16/2023"
"3211","Russia","Soviet Union","188 MT-LBVM and MT-LBVMK","captured","https://postimg.cc/kVkQ4mk3","2023-11-16",47,2913,3,"7-4729133","11/16/2023"
"3212","Russia","Soviet Union","188 MT-LBVM and MT-LBVMK","captured","https://postimg.cc/VS2TwTRd","2023-11-16",47,2914,3,"7-4729143","11/16/2023"
"3213","Russia","Soviet Union","188 MT-LBVM and MT-LBVMK","captured","https://i.postimg.cc/Pq8mrMPV/698.jpg","2023-11-16",47,2915,3,"7-4729153","11/16/2023"
"3214","Russia","Soviet Union","188 MT-LBVM and MT-LBVMK","captured","https://postimg.cc/nsVzGDZH","2023-11-16",47,2916,3,"7-4729163","11/16/2023"
"3215","Russia","Soviet Union","188 MT-LBVM and MT-LBVMK","captured","https://i.postimg.cc/FztFks9X/46.png","2023-11-16",47,2917,3,"7-4729173","11/16/2023"
"3216","Russia","Soviet Union","188 MT-LBVM and MT-LBVMK","captured","https://postimg.cc/kRxTbKK0","2023-11-16",47,2918,3,"7-4729183","11/16/2023"
"3217","Russia","Soviet Union","188 MT-LBVM and MT-LBVMK","captured","https://postimg.cc/MXQ6LHzg","2023-11-16",47,2919,3,"7-4729193","11/16/2023"
"3218","Russia","Soviet Union","188 MT-LBVM and MT-LBVMK","captured","https://twitter.com/UAWeapons/status/1566842191485587456","2023-11-16",47,2920,3,"7-4729203","11/16/2023"
"3219","Russia","Soviet Union","188 MT-LBVM and MT-LBVMK","captured","https://i.postimg.cc/TPcRwWK2/1009-MT-LBVM.jpg","2023-11-16",47,2921,3,"7-4729213","11/16/2023"
"3220","Russia","Soviet Union","188 MT-LBVM and MT-LBVMK","captured","https://twitter.com/UAWeapons/status/1568899212976201728","2023-11-16",47,2706,3,"7-4727063","11/16/2023"
"3221","Russia","Soviet Union","188 MT-LBVM and MT-LBVMK","captured","https://twitter.com/UAWeapons/status/1569427484025946113","2023-11-16",47,2922,3,"7-4729223","11/16/2023"
"3222","Russia","Soviet Union","188 MT-LBVM and MT-LBVMK","captured","https://twitter.com/UAWeapons/status/1572936489314426883","2023-11-16",47,2728,3,"7-4727283","11/16/2023"
"3223","Russia","Soviet Union","188 MT-LBVM and MT-LBVMK","captured","https://postimg.cc/14f49yH5","2023-11-16",47,2923,3,"7-4729233","11/16/2023"
"3224","Russia","Soviet Union","188 MT-LBVM and MT-LBVMK","captured","https://twitter.com/UAWeapons/status/1569229402860552192","2023-11-16",47,1326,3,"7-4713263","11/16/2023"
"3225","Russia","Soviet Union","188 MT-LBVM and MT-LBVMK","captured","https://twitter.com/UAWeapons/status/1569618856687058945","2023-11-16",47,490,3,"7-474903","11/16/2023"
"3226","Russia","Soviet Union","188 MT-LBVM and MT-LBVMK","captured","https://twitter.com/UAWeapons/status/1570781159067643904","2023-11-16",47,2924,3,"7-4729243","11/16/2023"
"3227","Russia","Soviet Union","188 MT-LBVM and MT-LBVMK","captured","https://i.postimg.cc/85L87pdz/2022-09-20-MT-LBVMK-1.jpg","2023-11-16",47,2925,3,"7-4729253","11/16/2023"
"3228","Russia","Soviet Union","188 MT-LBVM and MT-LBVMK","captured","https://i.postimg.cc/Kz8Sbqrc/8.png","2023-11-16",47,2926,3,"7-4729263","11/16/2023"
"3229","Russia","Soviet Union","188 MT-LBVM and MT-LBVMK","captured","https://i.postimg.cc/VkPfQMdw/1016-mtlb.jpg","2023-11-16",47,2927,3,"7-4729273","11/16/2023"
"3230","Russia","Soviet Union","188 MT-LBVM and MT-LBVMK","captured","https://i.postimg.cc/SQX20BVC/2022-09-11-MT-LB.png","2023-11-16",47,2928,3,"7-4729283","11/16/2023"
"3231","Russia","Soviet Union","188 MT-LBVM and MT-LBVMK","captured","https://i.postimg.cc/YqL80N1Q/1019-MT-LBVMK-capt.jpg","2023-11-16",47,2929,3,"7-4729293","11/16/2023"
"3232","Russia","Soviet Union","188 MT-LBVM and MT-LBVMK","captured","https://i.postimg.cc/fbVdHhrc/1022-mtlbvmk-capt.jpg","2023-11-16",47,2930,3,"7-4729303","11/16/2023"
"3233","Russia","Soviet Union","188 MT-LBVM and MT-LBVMK","captured","https://i.postimg.cc/L4V6zpYs/1010-MT-LBVMK-capt.jpg","2023-11-16",47,2931,3,"7-4729313","11/16/2023"
"3234","Russia","Soviet Union","188 MT-LBVM and MT-LBVMK","captured","https://i.postimg.cc/BvYcTjYY/MT-LBVM-K-capt.png","2023-11-16",47,2932,3,"7-4729323","11/16/2023"
"3235","Russia","Soviet Union","188 MT-LBVM and MT-LBVMK","captured","https://i.postimg.cc/SR75hmLD/1020-mtlbvmk-capt.jpg","2023-11-16",47,2933,3,"7-4729333","11/16/2023"
"3236","Russia","Soviet Union","188 MT-LBVM and MT-LBVMK","captured","https://i.postimg.cc/gjP5Qxhx/1019-mtlbvmk-2x-capt.jpg","2023-11-16",47,2934,3,"7-4729343","11/16/2023"
"3237","Russia","Soviet Union","188 MT-LBVM and MT-LBVMK","captured","https://twitter.com/UAWeapons/status/1581596993981665284","2023-11-16",47,2935,3,"7-4729353","11/16/2023"
"3238","Russia","Soviet Union","188 MT-LBVM and MT-LBVMK","captured","https://i.postimg.cc/Wb7HNZBB/1014-mtlbvmk-capt-25-Sep-2022.jpg","2023-11-16",47,2936,3,"7-4729363","11/16/2023"
"3239","Russia","Soviet Union","188 MT-LBVM and MT-LBVMK","captured","https://i.postimg.cc/8cjT3KxK/07-26-2022-MT-LBVM-K-captured-Mykolaiv-Region.png","2023-11-16",47,2937,3,"7-4729373","11/16/2023"
"3240","Russia","Soviet Union","188 MT-LBVM and MT-LBVMK","damaged","https://i.postimg.cc/WzxyjhM1/1012-mtlbvmk-dam-capt.jpg","2023-11-16",47,2938,2,"7-4729382","11/16/2023"
"3241","Russia","Soviet Union","188 MT-LBVM and MT-LBVMK","captured","https://i.postimg.cc/WzxyjhM1/1012-mtlbvmk-dam-capt.jpg","2023-11-16",47,2938,3,"7-4729383","11/16/2023"
"3242","Russia","Soviet Union","188 MT-LBVM and MT-LBVMK","captured","https://i.postimg.cc/26NkkVKv/1013-mtlbvmk-capt.jpg","2023-11-16",47,2939,3,"7-4729393","11/16/2023"
"3243","Russia","Soviet Union","188 MT-LBVM and MT-LBVMK","captured","https://i.postimg.cc/y856GfhL/1015-mtlbvm-capt.jpg","2023-11-16",47,2940,3,"7-4729403","11/16/2023"
"3244","Russia","Soviet Union","188 MT-LBVM and MT-LBVMK","captured","https://i.postimg.cc/sxfmzzdd/1003-MT-LBVMK-capt.jpg","2023-11-16",47,2941,3,"7-4729413","11/16/2023"
"3245","Russia","Soviet Union","188 MT-LBVM and MT-LBVMK","captured","https://i.postimg.cc/xCQySv9y/1001-MT-LBVMK-capt.jpg","2023-11-16",47,2942,3,"7-4729423","11/16/2023"
"3246","Russia","Soviet Union","188 MT-LBVM and MT-LBVMK","captured","https://i.postimg.cc/NMx8GKMh/1002-MT-LBVMK-capt-19-11.jpg","2023-11-16",47,2943,3,"7-4729433","11/16/2023"
"3247","Russia","Soviet Union","188 MT-LBVM and MT-LBVMK","captured","https://i.postimg.cc/dQjnd8YB/1011-MT-LBVMK-capt-23-12-22.jpg","2023-11-16",47,2944,3,"7-4729443","11/16/2023"
"3248","Russia","Soviet Union","188 MT-LBVM and MT-LBVMK","captured","https://i.postimg.cc/DfWkynkb/1005-MT-LBVMK-capt-12-11-22.jpg","2023-11-16",47,2945,3,"7-4729453","11/16/2023"
"3249","Russia","Soviet Union","188 MT-LBVM and MT-LBVMK","captured","https://i.postimg.cc/rmZmj08g/1020-mtlb-capt-11-02-23.jpg","2023-11-16",47,2946,3,"7-4729463","11/16/2023"
"3250","Russia","Soviet Union","188 MT-LBVM and MT-LBVMK","captured","https://i.postimg.cc/yYd59KMg/1011-MT-LBVMK-capt-21-03-22.jpg","2023-11-16",47,2947,3,"7-4729473","11/16/2023"
"3251","Russia","Soviet Union","188 MT-LBVM and MT-LBVMK","captured","https://i.postimg.cc/LX3HsprK/1014-MT-LBVMK-capt-08-03-23.jpg","2023-11-16",47,2948,3,"7-4729483","11/16/2023"
"3252","Russia","Soviet Union","188 MT-LBVM and MT-LBVMK","captured","https://twitter.com/naalsio26/status/1644519437653901312","2023-11-16",47,2949,3,"7-4729493","11/16/2023"
"3253","Russia","Soviet Union","188 MT-LBVM and MT-LBVMK","captured","https://i.postimg.cc/W3VgPMRK/1036-MT-LBVMK-capt-30-04-23.jpg","2023-11-16",47,2950,3,"7-4729503","11/16/2023"
"3254","Russia","Soviet Union","188 MT-LBVM and MT-LBVMK","captured","https://i.postimg.cc/hGKnFHNW/1033-MT-LBVMK-capt-09-05-23.jpg","2023-11-16",47,2951,3,"7-4729513","11/16/2023"
"3255","Russia","Soviet Union","188 MT-LBVM and MT-LBVMK","captured","https://i.postimg.cc/HL1Vkrjv/2032-MT-LBVMK-capt-20-05-22.jpg","2023-11-16",47,2952,3,"7-4729523","11/16/2023"
"3256","Russia","Soviet Union","36 MT-LB with ZU-23 AA gun","destroyed","https://postimg.cc/kVDPCNz0","2023-11-16",48,2953,1,"7-4829531","11/16/2023"
"3257","Russia","Soviet Union","36 MT-LB with ZU-23 AA gun","destroyed","https://i.postimg.cc/Cxfq7cg7/1006.jpg","2023-11-16",48,2954,1,"7-4829541","11/16/2023"
"3258","Russia","Soviet Union","36 MT-LB with ZU-23 AA gun","destroyed","https://i.postimg.cc/TPDQzj54/g89.png","2023-11-16",48,2955,1,"7-4829551","11/16/2023"
"3259","Russia","Soviet Union","36 MT-LB with ZU-23 AA gun","destroyed","https://i.postimg.cc/MZjRvHXZ/430.png","2023-11-16",48,2956,1,"7-4829561","11/16/2023"
"3260","Russia","Soviet Union","36 MT-LB with ZU-23 AA gun","destroyed","https://twitter.com/UAWeapons/status/1560563455119134721","2023-11-16",48,2957,1,"7-4829571","11/16/2023"
"3261","Russia","Soviet Union","36 MT-LB with ZU-23 AA gun","destroyed","https://i.postimg.cc/NffYnYVZ/1032-MT-LB-with-ZU-23.jpg","2023-11-16",48,2958,1,"7-4829581","11/16/2023"
"3262","Russia","Soviet Union","36 MT-LB with ZU-23 AA gun","destroyed","https://twitter.com/UAWeapons/status/1574509085764243456","2023-11-16",48,2959,1,"7-4829591","11/16/2023"
"3263","Russia","Soviet Union","36 MT-LB with ZU-23 AA gun","destroyed","https://i.postimg.cc/jd5ckR4y/1000-mtlb-with-zu-23-2-destr.jpg","2023-11-16",48,2960,1,"7-4829601","11/16/2023"
"3264","Russia","Soviet Union","36 MT-LB with ZU-23 AA gun","destroyed","https://twitter.com/UAWeapons/status/1597601606899564544","2023-11-16",48,2961,1,"7-4829611","11/16/2023"
"3265","Russia","Soviet Union","36 MT-LB with ZU-23 AA gun","destroyed","https://i.postimg.cc/Nj1vfKM4/1012-MT-LB-with-ZU-23-destr-05-01-23.jpg","2023-11-16",48,2962,1,"7-4829621","11/16/2023"
"3266","Russia","Soviet Union","36 MT-LB with ZU-23 AA gun","destroyed","https://i.postimg.cc/h499NpzH/1011-mtlb-with-zu-23-2-destr-15-01-23.jpg","2023-11-16",48,2963,1,"7-4829631","11/16/2023"
"3267","Russia","Soviet Union","36 MT-LB with ZU-23 AA gun","destroyed","https://i.postimg.cc/zfNDSn22/1004-MT-LBVMK-destr.jpg","2023-11-16",48,2964,1,"7-4829641","11/16/2023"
"3268","Russia","Soviet Union","36 MT-LB with ZU-23 AA gun","destroyed","https://twitter.com/UAWeapons/status/1646067095296245760","2023-11-16",48,2965,1,"7-4829651","11/16/2023"
"3269","Russia","Soviet Union","36 MT-LB with ZU-23 AA gun","destroyed","https://i.postimg.cc/6qXBLkfd/1000-MT-LB-with-ZU-23-AA-gun-destr-26-05-23.jpg","2023-11-16",48,2966,1,"7-4829661","11/16/2023"
"3270","Russia","Soviet Union","36 MT-LB with ZU-23 AA gun","destroyed","https://twitter.com/UAWeapons/status/1664266607089311745","2023-11-16",48,2967,1,"7-4829671","11/16/2023"
"3271","Russia","Soviet Union","36 MT-LB with ZU-23 AA gun","destroyed","https://i.postimg.cc/1zg7P81V/1013-MT-LB-with-the-ZU-23-2-destr-12-06-23.jpg","2023-11-16",48,2968,1,"7-4829681","11/16/2023"
"3272","Russia","Soviet Union","36 MT-LB with ZU-23 AA gun","destroyed","https://i.postimg.cc/prYVwDbC/1009-MT-LB-with-ZU-23-AA-gun-destr-26-06-23.jpg","2023-11-16",48,2969,1,"7-4829691","11/16/2023"
"3273","Russia","Soviet Union","36 MT-LB with ZU-23 AA gun","destroyed","https://i.postimg.cc/vmcB4gf8/1022-MT-LB-with-ZU-23-destr-27-06-23.jpg","2023-11-16",48,2970,1,"7-4829701","11/16/2023"
"3274","Russia","Soviet Union","36 MT-LB with ZU-23 AA gun","destroyed","https://i.postimg.cc/Yq07N47R/1009-MT-LB-with-ZU-23-2-destr-14-07-23.jpg","2023-11-16",48,2971,1,"7-4829711","11/16/2023"
"3275","Russia","Soviet Union","36 MT-LB with ZU-23 AA gun","destroyed","https://i.postimg.cc/FHz4Hnj4/65h.png","2023-11-16",48,2972,1,"7-4829721","11/16/2023"
"3276","Russia","Soviet Union","36 MT-LB with ZU-23 AA gun","destroyed","https://twitter.com/naalsio26/status/1700978680284254256","2023-11-16",48,2973,1,"7-4829731","11/16/2023"
"3277","Russia","Soviet Union","36 MT-LB with ZU-23 AA gun","destroyed","https://i.postimg.cc/Pq5VbCbD/1022-MT-LB-with-ZU-23-destr-24-10-23.jpg","2023-11-16",48,2974,1,"7-4829741","11/16/2023"
"3278","Russia","Soviet Union","36 MT-LB with ZU-23 AA gun","destroyed","https://i.postimg.cc/SRqYnYs9/1015-MT-LB-with-ZU-23-destr-31-10-23.jpg","2023-11-16",48,2975,1,"7-4829751","11/16/2023"
"3279","Russia","Soviet Union","36 MT-LB with ZU-23 AA gun","destroyed","https://i.postimg.cc/9XSDS3DB/1030-unkn-t72-and-MT-LB-with-ZU-23-destr-02-11-23.jpg","2023-11-16",48,2976,1,"7-4829761","11/16/2023"
"3280","Russia","Soviet Union","36 MT-LB with ZU-23 AA gun","damaged","https://i.postimg.cc/LXw1Nj5p/370.png","2023-11-16",48,2977,2,"7-4829772","11/16/2023"
"3281","Russia","Soviet Union","36 MT-LB with ZU-23 AA gun","captured","https://twitter.com/UAWeapons/status/1569618856687058945","2023-11-16",48,490,3,"7-484903","11/16/2023"
"3282","Russia","Soviet Union","36 MT-LB with ZU-23 AA gun","captured","https://i.postimg.cc/cJQVPpQZ/1035-mtlb-with-zu-23-2-capt.jpg","2023-11-16",48,2978,3,"7-4829783","11/16/2023"
"3283","Russia","Soviet Union","36 MT-LB with ZU-23 AA gun","captured","https://i.postimg.cc/Gm7YJpq3/1023-MT-LB-with-ZU-23-AA-gun.jpg","2023-11-16",48,2979,3,"7-4829793","11/16/2023"
"3284","Russia","Soviet Union","36 MT-LB with ZU-23 AA gun","captured","https://i.postimg.cc/8crFr596/MT-LB-with-ZU-23-2-autocannon.png","2023-11-16",48,2980,3,"7-4829803","11/16/2023"
"3285","Russia","Soviet Union","36 MT-LB with ZU-23 AA gun","captured","https://i.postimg.cc/kXqzyt9Z/1024-MT-LB-with-Zu-23-2-capt.jpg","2023-11-16",48,2981,3,"7-4829813","11/16/2023"
"3286","Russia","Soviet Union","36 MT-LB with ZU-23 AA gun","captured","https://i.postimg.cc/wBZn5fTc/1026-MT-LB-with-Zu-23-2-capt.jpg","2023-11-16",48,2982,3,"7-4829823","11/16/2023"
"3287","Russia","Soviet Union","36 MT-LB with ZU-23 AA gun","captured","https://i.postimg.cc/HnwkWzK7/2022-09-01-mt-lb-with-zu-23.jpg","2023-11-16",48,2983,3,"7-4829833","11/16/2023"
"3288","Russia","Soviet Union","36 MT-LB with ZU-23 AA gun","captured","https://twitter.com/UAWeapons/status/1604925646689505280","2023-11-16",48,2984,3,"7-4829843","11/16/2023"
"3289","Russia","Soviet Union","36 MT-LB with ZU-23 AA gun","captured","https://i.postimg.cc/L6c699vC/4f5.png","2023-11-16",48,2985,3,"7-4829853","11/16/2023"
"3290","Russia","Soviet Union","36 MT-LB with ZU-23 AA gun","captured","https://i.postimg.cc/4xNpKypX/1030-mtlb-with-zu232-capt-19-01-23.jpg","2023-11-16",48,2986,3,"7-4829863","11/16/2023"
"3291","Russia","Soviet Union","36 MT-LB with ZU-23 AA gun","captured","https://i.postimg.cc/m2QKFP6f/1026-MT-LB-with-ZU-23-AA-gun-capt-03-06-23.jpg","2023-11-16",48,2987,3,"7-4829873","11/16/2023"
"3292","Russia","Soviet Union","MT-LB With 14.5mm BPU-1 Turret","destroyed","https://postimg.cc/TyVCqXXS","2023-11-16",49,2988,1,"7-4929881","11/16/2023"
"3293","Russia","Soviet Union","1 MT-LB with 14.5mm 2M-7 naval gun mount","captured","https://twitter.com/UAWeapons/status/1621590682849648644","2023-11-16",50,2989,3,"7-5029893","11/16/2023"
"3294","Russia","Soviet Union","1 MT-LB with AZP S-60 AA gun","destroyed","https://i.postimg.cc/FRd8KrBL/1016-mtlb-with-AZP-S-60-AA-gun-23-05-23.jpg","2023-11-16",51,2990,1,"7-5129901","11/16/2023"
"3295","Russia","Soviet Union","2 MT-LB with 100mm MT-12 anti-tank gun","destroyed","https://i.postimg.cc/26zWcHbZ/1007-MT-LB-with-MT12-destr-09-06-23.jpg","2023-11-16",52,2991,1,"7-5229911","11/16/2023"
"3296","Russia","Soviet Union","2 MT-LB with 100mm MT-12 anti-tank gun","destroyed","https://i.postimg.cc/WzWc6D7G/1035-MT-LB-with-100-MM-MT-12-destr-04-11-23.jpg","2023-11-16",52,2992,1,"7-5229921","11/16/2023"
"3297","Russia","Soviet Union","MT-LB with 82-mm automatic mortar 2B9 Vasilek","destroyed","https://i.postimg.cc/tJpjdq8y/5586.png","2023-11-16",53,2993,1,"7-5329931","11/16/2023"
"3298","Russia","Soviet Union","MT-LB with 82-mm automatic mortar 2B9 Vasilek","damaged","https://i.postimg.cc/nhSS6vgt/1037-MT-LB-with-82-mm-automatic-mortar-2-B9-Vasilek-dam-12-06-23.jpg","2023-11-16",53,2994,2,"7-5329942","11/16/2023"
"3299","Russia","Soviet Union","1 MT-LB with 25mm 2M-3 naval gun","destroyed","https://i.postimg.cc/hGHy9JSt/1040-MTLB-with-25mm-2-M-3-naval-gun-destr-08-10-23.jpg","2023-11-16",54,2995,1,"7-5429951","11/16/2023"
"3300","Russia","Soviet Union","MT-LBu","destroyed","https://i.postimg.cc/CxhxWtzf/f7.png","2023-11-16",55,2996,1,"7-5529961","11/16/2023"
"3301","Russia","Soviet Union","MT-LBu","destroyed","https://i.postimg.cc/RVbjxG9f/1306-MT-LBu-destr-25-02-22.jpg","2023-11-16",55,2997,1,"7-5529971","11/16/2023"
"3302","Russia","Soviet Union","MT-LBu","destroyed","https://i.postimg.cc/PryRdWDN/4g.png","2023-11-16",55,2998,1,"7-5529981","11/16/2023"
"3303","Russia","Soviet Union","MT-LBu","destroyed","https://i.postimg.cc/XqDZK50g/431t.png","2023-11-16",55,2893,1,"7-5528931","11/16/2023"
"3304","Russia","Soviet Union","MT-LBu","destroyed","https://i.postimg.cc/wxrgwvyk/678.png","2023-11-16",55,2999,1,"7-5529991","11/16/2023"
"3305","Russia","Soviet Union","MT-LBu","destroyed","https://i.postimg.cc/5tQLJCFb/554.jpg","2023-11-16",55,3000,1,"7-5530001","11/16/2023"
"3306","Russia","Soviet Union","MT-LBu","destroyed","https://twitter.com/RALee85/status/1551156042498822144","2023-11-16",55,3001,1,"7-5530011","11/16/2023"
"3307","Russia","Soviet Union","MT-LBu","destroyed","https://i.postimg.cc/qvLjsL7J/1011-MT-LBu.jpg","2023-11-16",55,3002,1,"7-5530021","11/16/2023"
"3308","Russia","Soviet Union","MT-LBu","destroyed","https://i.postimg.cc/QdJLdpQh/1005-mt-lbu-destr-31-01-23.jpg","2023-11-16",55,3003,1,"7-5530031","11/16/2023"
"3309","Russia","Soviet Union","MT-LBu","destroyed","https://i.postimg.cc/dVMCqPYT/1000-MT-LBu-and-BM-27-Uragan-destr-26-07-23.jpg","2023-11-16",55,3004,1,"7-5530041","11/16/2023"
"3310","Russia","Soviet Union","MT-LBu","abandoned","https://i.postimg.cc/rs9z99Nk/f16.png","2023-11-16",55,3005,4,"7-5530054","11/16/2023"
"3311","Russia","Soviet Union","MT-LBu","captured","https://twitter.com/UAWeapons/status/1583809626402738176","2023-11-16",55,3006,3,"7-5530063","11/16/2023"
"3312","Russia","Soviet Union","MT-LBu","captured","https://i.postimg.cc/bvVkFC2H/Screenshot-8472.png","2023-11-16",55,3007,3,"7-5530073","11/16/2023"
"3313","Russia","Soviet Union","MT-LBu","captured","https://i.postimg.cc/0Q3ddJ37/5g2.png","2023-11-16",55,3008,3,"7-5530083","11/16/2023"
"3314","Russia","Soviet Union","MT-LBu","captured","https://i.postimg.cc/02qdRFmR/1d.png","2023-11-16",55,3009,3,"7-5530093","11/16/2023"
"3315","Russia","Soviet Union","MT-LBu","captured","https://i.postimg.cc/fTMW9rSn/469.png","2023-11-16",55,3010,3,"7-5530103","11/16/2023"
"3316","Russia","Russia","Vityaz DT-10PM articulated tracked carrier","destroyed","https://i.postimg.cc/J4C0Hmhf/4f9.png","2023-11-16",56,3011,1,"7-5630111","11/16/2023"
"3317","Russia","Russia","Vityaz DT-30 articulated tracked carrier","destroyed","https://i.postimg.cc/qRYCwdBj/16.png","2023-11-16",57,3012,1,"7-5730121","11/16/2023"
"3318","Russia","Russia","Vityaz DT-30 articulated tracked carrier","damaged","https://i.postimg.cc/wTZRmzx8/dt1.png","2023-11-16",57,3013,2,"7-5730132","11/16/2023"
"3319","Russia","Russia","Vityaz DT-30 articulated tracked carrier","captured","https://i.postimg.cc/wTZRmzx8/dt1.png","2023-11-16",57,3013,3,"7-5730133","11/16/2023"
"3320","Russia","Russia","Vityaz DT-30 articulated tracked carrier","captured","https://i.postimg.cc/fLbGschs/46.png","2023-11-16",57,3014,3,"7-5730143","11/16/2023"
"3321","Russia","Russia","Vityaz DT-30 articulated tracked carrier","damaged","https://i.postimg.cc/xd6QYt7M/1037-D-30-Vityaz-dam-capt-03-04-23.jpg","2023-11-16",57,3015,2,"7-5730152","11/16/2023"
"3322","Russia","Russia","Vityaz DT-30 articulated tracked carrier","captured","https://i.postimg.cc/xd6QYt7M/1037-D-30-Vityaz-dam-capt-03-04-23.jpg","2023-11-16",57,3015,3,"7-5730153","11/16/2023"
"3323","Russia","Russia","GAZ-3344-20 'Aleut' articulated tracked carrier","destroyed","https://i.postimg.cc/dVJYL2Wq/46.jpg","2023-11-16",58,3016,1,"7-5830161","11/16/2023"
"3324","Russia","Russia","GAZ-3344-20 'Aleut' articulated tracked carrier","destroyed","https://i.postimg.cc/GhBRrQbK/689.jpg","2023-11-16",58,3017,1,"7-5830171","11/16/2023"
"3325","Russia","Soviet Union","2S1 with ZU-23 AA gun","captured","https://i.postimg.cc/Yq5q4HcW/88kj.png","2023-11-16",59,3018,3,"7-5930183","11/16/2023"
"3326","Russia","Soviet Union","Unknown BTR-D/BMD-2","destroyed","https://i.postimg.cc/FKDV2Ht0/1013-unkn-BTR-D-BMD2.jpg","2023-11-16",60,3019,1,"7-6030191","11/16/2023"
"3327","Russia","Soviet Union","Unknown BTR-D/BMD-2","destroyed","https://i.postimg.cc/cJVz3g10/r3.jpg","2023-11-16",60,3020,1,"7-6030201","11/16/2023"
"3328","Russia","Soviet Union","Unknown BTR-D/BMD-2","destroyed","https://i.postimg.cc/RZpyMpj3/r1.jpg","2023-11-16",60,3021,1,"7-6030211","11/16/2023"
"3329","Russia","Soviet Union","Unknown BTR-D/BMD-2","destroyed","https://twitter.com/UAWeapons/status/1537885697721241600","2023-11-16",60,2354,1,"7-6023541","11/16/2023"
"3330","Russia","Soviet Union","Unknown BTR-D/BMD-2","destroyed","https://i.postimg.cc/8kr5kRYy/1014.jpg","2023-11-16",60,3022,1,"7-6030221","11/16/2023"
"3331","Russia","Soviet Union","Unknown BTR-D/BMD-2","destroyed","https://i.postimg.cc/P55rRmPc/1039-unkn-bmd2-btrd-destr.jpg","2023-11-16",60,3023,1,"7-6030231","11/16/2023"
"3332","Russia","Soviet Union","Unknown BTR-D/BMD-2","destroyed","https://i.postimg.cc/W1mC4PBt/1012-BMD-2-and-BTR-D-BMD-2-destr-08-01-23.jpg","2023-11-16",60,3024,1,"7-6030241","11/16/2023"
"3333","Russia","Soviet Union","Unknown BTR-D/BMD-2","destroyed","https://i.postimg.cc/7hTV65zt/1001-BMD-2-or-BTR-D-destr-10-05-23.jpg","2023-11-16",60,3025,1,"7-6030251","11/16/2023"
"3334","Russia","Soviet Union","Unknown BTR-D/BMD-2","destroyed","https://i.postimg.cc/DZ7pVVyR/1002-unkn-bmd-destr-24-07-23.jpg","2023-11-16",60,3026,1,"7-6030261","11/16/2023"
"3335","Russia","Soviet Union","Unknown BTR-D/BMD-2","destroyed","https://i.postimg.cc/tJMBVYtH/1003-unkn-bmd-destr-24-07-23.jpg","2023-11-16",60,3027,1,"7-6030271","11/16/2023"
"3336","Russia","Soviet Union","2 BMM-80 ambulance","destroyed","https://twitter.com/UAWeapons/status/1591808737035096065","2023-11-16",61,56,1,"7-61561","11/16/2023"
"3337","Russia","Soviet Union","2 BMM-80 ambulance","destroyed","https://i.postimg.cc/PJD2G5fv/1014-BMM-80-ambulance-destr-30-11-22.jpg","2023-11-16",61,3028,1,"7-6130281","11/16/2023"
"3338","Russia","Russia","Unknown AFV","destroyed","https://i.postimg.cc/Fs4CpZw6/665h.png","2023-11-16",62,3029,1,"7-6230291","11/16/2023"
"3339","Russia","Russia","Unknown AFV","destroyed","https://i.postimg.cc/nhwF3St9/96.png","2023-11-16",62,3030,1,"7-6230301","11/16/2023"
"3340","Russia","Russia","Unknown AFV","destroyed","https://i.postimg.cc/NMzzCDvd/4331.png","2023-11-16",62,3031,1,"7-6230311","11/16/2023"
"3341","Russia","Russia","Unknown AFV","destroyed","https://i.postimg.cc/76JL8hdw/at1.png","2023-11-16",62,3032,1,"7-6230321","11/16/2023"
"3342","Russia","Russia","Unknown AFV","destroyed","https://i.postimg.cc/HLcmjK2t/at2.png","2023-11-16",62,3033,1,"7-6230331","11/16/2023"
"3343","Russia","Russia","Unknown AFV","destroyed","https://i.postimg.cc/tCqHF7kJ/at3.png","2023-11-16",62,3034,1,"7-6230341","11/16/2023"
"3344","Russia","Russia","Unknown AFV","destroyed","https://i.postimg.cc/kGTN1hXj/3gj.png","2023-11-16",62,3035,1,"7-6230351","11/16/2023"
"3345","Russia","Russia","Unknown AFV","destroyed","https://i.postimg.cc/5N5fZdwK/4dh.png","2023-11-16",62,3036,1,"7-6230361","11/16/2023"
"3346","Russia","Russia","Unknown AFV","destroyed","https://i.postimg.cc/Sx6dtt0k/468p.png","2023-11-16",62,3037,1,"7-6230371","11/16/2023"
"3347","Russia","Russia","Unknown AFV","destroyed","https://i.postimg.cc/K4XKypTR/1002-unkn-afv.jpg","2023-11-16",62,3038,1,"7-6230381","11/16/2023"
"3348","Russia","Russia","Unknown AFV","destroyed","https://twitter.com/UAWeapons/status/1572190709440040960","2023-11-16",62,3039,1,"7-6230391","11/16/2023"
"3349","Russia","Russia","Unknown AFV","destroyed","https://i.postimg.cc/1z4BJ97X/32.png","2023-11-16",62,3040,1,"7-6230401","11/16/2023"
"3350","Russia","Russia","Unknown AFV","destroyed","https://twitter.com/UAWeapons/status/1505493946922942469","2023-11-16",62,3041,1,"7-6230411","11/16/2023"
"3351","Russia","Russia","Unknown AFV","destroyed","https://twitter.com/UAWeapons/status/1505649091627339781","2023-11-16",62,3042,1,"7-6230421","11/16/2023"
"3352","Russia","Russia","Unknown AFV","destroyed","https://i.postimg.cc/76wdk1Ff/355.png","2023-11-16",62,3043,1,"7-6230431","11/16/2023"
"3353","Russia","Russia","Unknown AFV","destroyed","https://twitter.com/UAWeapons/status/1506024208018649090","2023-11-16",62,3044,1,"7-6230441","11/16/2023"
"3354","Russia","Russia","Unknown AFV","destroyed","https://i.postimg.cc/jdd1HVXZ/d1.png","2023-11-16",62,3045,1,"7-6230451","11/16/2023"
"3355","Russia","Russia","Unknown AFV","destroyed","https://i.postimg.cc/RFLPtGJk/d2.png","2023-11-16",62,3046,1,"7-6230461","11/16/2023"
"3356","Russia","Russia","Unknown AFV","destroyed","https://twitter.com/UAWeapons/status/1506734299663548434","2023-11-16",62,3047,1,"7-6230471","11/16/2023"
"3357","Russia","Russia","Unknown AFV","destroyed","https://twitter.com/UAWeapons/status/1507039393378410497","2023-11-16",62,3048,1,"7-6230481","11/16/2023"
"3358","Russia","Russia","Unknown AFV","destroyed","https://twitter.com/UAWeapons/status/1507759843213561859","2023-11-16",62,3049,1,"7-6230491","11/16/2023"
"3359","Russia","Russia","Unknown AFV","destroyed","https://twitter.com/UAWeapons/status/1509296082668474371","2023-11-16",62,3050,1,"7-6230501","11/16/2023"
"3360","Russia","Russia","Unknown AFV","destroyed","https://twitter.com/UAWeapons/status/1507004560996401168","2023-11-16",62,3051,1,"7-6230511","11/16/2023"
"3361","Russia","Russia","Unknown AFV","destroyed","https://i.postimg.cc/90R2vhFM/uuk11.jpg","2023-11-16",62,3052,1,"7-6230521","11/16/2023"
"3362","Russia","Russia","Unknown AFV","destroyed","https://i.postimg.cc/1tzsrFkD/uuk10.jpg","2023-11-16",62,3053,1,"7-6230531","11/16/2023"
"3363","Russia","Russia","Unknown AFV","destroyed","https://i.postimg.cc/GtWRR5Hj/uuk4.jpg","2023-11-16",62,3054,1,"7-6230541","11/16/2023"
"3364","Russia","Russia","Unknown AFV","destroyed","https://twitter.com/UAWeapons/status/1512537128219160576","2023-11-16",62,3055,1,"7-6230551","11/16/2023"
"3365","Russia","Russia","Unknown AFV","destroyed","https://twitter.com/UAWeapons/status/1512180253485109249","2023-11-16",62,3056,1,"7-6230561","11/16/2023"
"3366","Russia","Russia","Unknown AFV","destroyed","https://twitter.com/UAWeapons/status/1512133600610824192","2023-11-16",62,3057,1,"7-6230571","11/16/2023"
"3367","Russia","Russia","Unknown AFV","destroyed","https://twitter.com/UAWeapons/status/1513212786985340937","2023-11-16",62,3058,1,"7-6230581","11/16/2023"
"3368","Russia","Russia","Unknown AFV","destroyed","https://twitter.com/UAWeapons/status/1513630493455138820","2023-11-16",62,3059,1,"7-6230591","11/16/2023"
"3369","Russia","Russia","Unknown AFV","destroyed","https://i.postimg.cc/P5BCd4Rj/f8.jpg","2023-11-16",62,3060,1,"7-6230601","11/16/2023"
"3370","Russia","Russia","Unknown AFV","destroyed","https://twitter.com/UAWeapons/status/1513631958433214467","2023-11-16",62,3061,1,"7-6230611","11/16/2023"
"3371","Russia","Russia","Unknown AFV","destroyed","https://twitter.com/UAWeapons/status/1513495397414715392","2023-11-16",62,414,1,"7-624141","11/16/2023"
"3372","Russia","Russia","Unknown AFV","destroyed","https://i.postimg.cc/02GFCJwR/f4.jpg","2023-11-16",62,3062,1,"7-6230621","11/16/2023"
"3373","Russia","Russia","Unknown AFV","destroyed","https://twitter.com/UAWeapons/status/1516454308463751178","2023-11-16",62,3063,1,"7-6230631","11/16/2023"
"3374","Russia","Russia","Unknown AFV","destroyed","https://twitter.com/UAWeapons/status/1519362818369376256","2023-11-16",62,3064,1,"7-6230641","11/16/2023"
"3375","Russia","Russia","Unknown AFV","destroyed","https://i.postimg.cc/vTGDP6cR/437.jpg","2023-11-16",62,3065,1,"7-6230651","11/16/2023"
"3376","Russia","Russia","Unknown AFV","destroyed","https://twitter.com/UAWeapons/status/1520763005109157889","2023-11-16",62,3066,1,"7-6230661","11/16/2023"
"3377","Russia","Russia","Unknown AFV","destroyed","https://twitter.com/Blue_Sauron/status/1586797993910743041","2023-11-16",62,3067,1,"7-6230671","11/16/2023"
"3378","Russia","Russia","Unknown AFV","destroyed","https://i.postimg.cc/XvvP2BQT/u1.jpg","2023-11-16",62,3068,1,"7-6230681","11/16/2023"
"3379","Russia","Russia","Unknown AFV","destroyed","https://twitter.com/UAWeapons/status/1521815118295838723","2023-11-16",62,3069,1,"7-6230691","11/16/2023"
"3380","Russia","Russia","Unknown AFV","destroyed","https://twitter.com/UAWeapons/status/1523612657680809985","2023-11-16",62,3070,1,"7-6230701","11/16/2023"
"3381","Russia","Russia","Unknown AFV","destroyed","https://i.postimg.cc/DyZd26g6/1024-unkn-towed-arty-unkn-AFV-destr-02-06-23.jpg","2023-11-16",62,3071,1,"7-6230711","11/16/2023"
"3382","Russia","Russia","Unknown AFV","destroyed","https://i.postimg.cc/hjg8FDwh/1013-unkn-afv-destr-06-06-23.jpg","2023-11-16",62,3072,1,"7-6230721","11/16/2023"
"3383","Russia","Russia","Unknown AFV","destroyed","https://i.postimg.cc/GhQ5j0jt/1005-unkn-afv-destr-11-06-23.jpg","2023-11-16",62,3073,1,"7-6230731","11/16/2023"
"3384","Russia","Russia","Unknown AFV","destroyed","https://i.postimg.cc/XYGqPstD/1035-2x-t80bv-bmp1-unkn-afv-destr-23-07-23.jpg","2023-11-16",62,1558,1,"7-6215581","11/16/2023"
"3385","Russia","Russia","Unknown AFV","destroyed","https://i.postimg.cc/5t4BrG8W/1004-unkn-afv-destr-19-06-23.jpg","2023-11-16",62,3074,1,"7-6230741","11/16/2023"
"3386","Russia","Russia","Unknown AFV","destroyed","https://twitter.com/UAWeapons/status/1524735904274866176","2023-11-16",62,3075,1,"7-6230751","11/16/2023"
"3387","Russia","Russia","Unknown AFV","destroyed","https://twitter.com/UAWeapons/status/1524704234096189441","2023-11-16",62,3076,1,"7-6230761","11/16/2023"
"3388","Russia","Russia","Unknown AFV","destroyed","https://i.postimg.cc/qv6Bq7D4/1002-unkn-afv-destr.jpg","2023-11-16",62,3077,1,"7-6230771","11/16/2023"
"3389","Russia","Russia","Unknown AFV","destroyed","https://twitter.com/UAWeapons/status/1525930435141898243","2023-11-16",62,3078,1,"7-6230781","11/16/2023"
"3390","Russia","Russia","Unknown AFV","destroyed","https://twitter.com/UAWeapons/status/1528095112517111808","2023-11-16",62,3079,1,"7-6230791","11/16/2023"
"3391","Russia","Russia","Unknown AFV","destroyed","https://twitter.com/UAWeapons/status/1527990476749647877","2023-11-16",62,3080,1,"7-6230801","11/16/2023"
"3392","Russia","Russia","Unknown AFV","destroyed","https://twitter.com/UAWeapons/status/1527771586044076032","2023-11-16",62,3081,1,"7-6230811","11/16/2023"
"3393","Russia","Russia","Unknown AFV","destroyed","https://twitter.com/UAWeapons/status/1527766199328817153","2023-11-16",62,3082,1,"7-6230821","11/16/2023"
"3394","Russia","Russia","Unknown AFV","destroyed","https://i.postimg.cc/ZK8tPtjb/4437.png","2023-11-16",62,3083,1,"7-6230831","11/16/2023"
"3395","Russia","Russia","Unknown AFV","destroyed","https://twitter.com/UAWeapons/status/1526582495076024321","2023-11-16",62,3084,1,"7-6230841","11/16/2023"
"3396","Russia","Russia","Unknown AFV","destroyed","https://twitter.com/UAWeapons/status/1526311544765702148","2023-11-16",62,3085,1,"7-6230851","11/16/2023"
"3397","Russia","Russia","Unknown AFV","destroyed","https://twitter.com/UAWeapons/status/1528459041193738240","2023-11-16",62,3086,1,"7-6230861","11/16/2023"
"3398","Russia","Russia","Unknown AFV","destroyed","https://twitter.com/UAWeapons/status/1529135237850140672","2023-11-16",62,3087,1,"7-6230871","11/16/2023"
"3399","Russia","Russia","Unknown AFV","destroyed","https://twitter.com/UAWeapons/status/1529117936924995588","2023-11-16",62,3088,1,"7-6230881","11/16/2023"
"3400","Russia","Russia","Unknown AFV","destroyed","https://twitter.com/UAWeapons/status/1529818691759550465","2023-11-16",62,3089,1,"7-6230891","11/16/2023"
"3401","Russia","Russia","Unknown AFV","destroyed","https://twitter.com/UAWeapons/status/1529500592900648964","2023-11-16",62,3090,1,"7-6230901","11/16/2023"
"3402","Russia","Russia","Unknown AFV","destroyed","https://twitter.com/UAWeapons/status/1530488199042281474","2023-11-16",62,3091,1,"7-6230911","11/16/2023"
"3403","Russia","Russia","Unknown AFV","destroyed","https://twitter.com/UAWeapons/status/1531691373421858817","2023-11-16",62,3092,1,"7-6230921","11/16/2023"
"3404","Russia","Russia","Unknown AFV","destroyed","https://i.postimg.cc/DwKynW6Q/32.jpg","2023-11-16",62,3093,1,"7-6230931","11/16/2023"
"3405","Russia","Russia","Unknown AFV","destroyed","https://twitter.com/UAWeapons/status/1532745267015041024","2023-11-16",62,3094,1,"7-6230941","11/16/2023"
"3406","Russia","Russia","Unknown AFV","destroyed","https://i.postimg.cc/NMHbRf94/215.png","2023-11-16",62,3095,1,"7-6230951","11/16/2023"
"3407","Russia","Russia","Unknown AFV","destroyed","https://twitter.com/UAWeapons/status/1534869471004860418","2023-11-16",62,3096,1,"7-6230961","11/16/2023"
"3408","Russia","Russia","Unknown AFV","destroyed","https://twitter.com/UAWeapons/status/1534904095319916545","2023-11-16",62,3097,1,"7-6230971","11/16/2023"
"3409","Russia","Russia","Unknown AFV","destroyed","https://i.postimg.cc/br1J4wD0/d34.jpg","2023-11-16",62,3098,1,"7-6230981","11/16/2023"
"3410","Russia","Russia","Unknown AFV","destroyed","https://twitter.com/Blue_Sauron/status/1549057711920250882","2023-11-16",62,3099,1,"7-6230991","11/16/2023"
"3411","Russia","Russia","Unknown AFV","destroyed","https://i.postimg.cc/FKkLXjVw/880.png","2023-11-16",62,3100,1,"7-6231001","11/16/2023"
"3412","Russia","Russia","Unknown AFV","destroyed","https://twitter.com/UAWeapons/status/1536379481992085511","2023-11-16",62,3101,1,"7-6231011","11/16/2023"
"3413","Russia","Russia","Unknown AFV","destroyed","https://twitter.com/UAWeapons/status/1536347694716702726","2023-11-16",62,3102,1,"7-6231021","11/16/2023"
"3414","Russia","Russia","Unknown AFV","destroyed","https://twitter.com/UAWeapons/status/1536670455322525696","2023-11-16",62,3103,1,"7-6231031","11/16/2023"
"3415","Russia","Russia","Unknown AFV","destroyed","https://i.postimg.cc/pV5pqdsJ/1006.jpg","2023-11-16",62,3104,1,"7-6231041","11/16/2023"
"3416","Russia","Russia","Unknown AFV","destroyed","https://twitter.com/UAWeapons/status/1537902614355976193","2023-11-16",62,3105,1,"7-6231051","11/16/2023"
"3417","Russia","Russia","Unknown AFV","destroyed","https://i.postimg.cc/05wCfJNG/6gh6.png","2023-11-16",62,3106,1,"7-6231061","11/16/2023"
"3418","Russia","Russia","Unknown AFV","destroyed","https://i.postimg.cc/D0VjgL8g/5541.jpg","2023-11-16",62,2053,1,"7-6220531","11/16/2023"
"3419","Russia","Russia","Unknown AFV","destroyed","https://i.postimg.cc/VNyTMw9x/431.png","2023-11-16",62,3107,1,"7-6231071","11/16/2023"
"3420","Russia","Russia","Unknown AFV","destroyed","https://i.postimg.cc/Wb4DrBS1/800.jpg","2023-11-16",62,3108,1,"7-6231081","11/16/2023"
"3421","Russia","Russia","Unknown AFV","destroyed","https://i.postimg.cc/v8NM8YD9/1010.jpg","2023-11-16",62,3109,1,"7-6231091","11/16/2023"
"3422","Russia","Russia","Unknown AFV","destroyed","https://twitter.com/UAWeapons/status/1545032059491688449","2023-11-16",62,3110,1,"7-6231101","11/16/2023"
"3423","Russia","Russia","Unknown AFV","destroyed","https://twitter.com/Blue_Sauron/status/1574681050575679488","2023-11-16",62,3111,1,"7-6231111","11/16/2023"
"3424","Russia","Russia","Unknown AFV","destroyed","https://i.postimg.cc/8zh7P7NW/1008.jpg","2023-11-16",62,3112,1,"7-6231121","11/16/2023"
"3425","Russia","Russia","Unknown AFV","destroyed","https://twitter.com/RALee85/status/1546553538402308096","2023-11-16",62,3113,1,"7-6231131","11/16/2023"
"3426","Russia","Russia","Unknown AFV","destroyed","https://twitter.com/Blue_Sauron/status/1546393865212551170","2023-11-16",62,3114,1,"7-6231141","11/16/2023"
"3427","Russia","Russia","Unknown AFV","destroyed","https://twitter.com/UAWeapons/status/1547138563350855680","2023-11-16",62,3115,1,"7-6231151","11/16/2023"
"3428","Russia","Russia","Unknown AFV","destroyed","https://twitter.com/Blue_Sauron/status/1548302117059735552","2023-11-16",62,3116,1,"7-6231161","11/16/2023"
"3429","Russia","Russia","Unknown AFV","destroyed","https://i.postimg.cc/1tBLV9pt/1009.jpg","2023-11-16",62,3117,1,"7-6231171","11/16/2023"
"3430","Russia","Russia","Unknown AFV","destroyed","https://twitter.com/UAWeapons/status/1573230184525975552","2023-11-16",62,3118,1,"7-6231181","11/16/2023"
"3431","Russia","Russia","Unknown AFV","destroyed","https://twitter.com/Haruspexut/status/1549884416662671360","2023-11-16",62,3119,1,"7-6231191","11/16/2023"
"3432","Russia","Russia","Unknown AFV","destroyed","https://i.postimg.cc/KzThkpGG/1009.jpg","2023-11-16",62,3120,1,"7-6231201","11/16/2023"
"3433","Russia","Russia","Unknown AFV","destroyed","https://twitter.com/Blue_Sauron/status/1587397129282134016","2023-11-16",62,3121,1,"7-6231211","11/16/2023"
"3434","Russia","Russia","Unknown AFV","destroyed","https://i.postimg.cc/xddhrdfH/1000-unknown-afv.jpg","2023-11-16",62,3122,1,"7-6231221","11/16/2023"
"3435","Russia","Russia","Unknown AFV","destroyed","https://twitter.com/UAWeapons/status/1554069854772142081","2023-11-16",62,3123,1,"7-6231231","11/16/2023"
"3436","Russia","Russia","Unknown AFV","destroyed","https://twitter.com/UAWeapons/status/1554481143147266049","2023-11-16",62,3124,1,"7-6231241","11/16/2023"
"3437","Russia","Russia","Unknown AFV","destroyed","https://i.postimg.cc/mkCMw1ns/1003-unkn-afv.jpg","2023-11-16",62,3125,1,"7-6231251","11/16/2023"
"3438","Russia","Russia","Unknown AFV","destroyed","https://twitter.com/RALee85/status/1555120965188784129","2023-11-16",62,3126,1,"7-6231261","11/16/2023"
"3439","Russia","Russia","Unknown AFV","destroyed","https://i.postimg.cc/sXzbXk7X/1002-unkn-afv.jpg","2023-11-16",62,3127,1,"7-6231271","11/16/2023"
"3440","Russia","Russia","Unknown AFV","destroyed","https://twitter.com/UAWeapons/status/1556211872696770561","2023-11-16",62,3128,1,"7-6231281","11/16/2023"
"3441","Russia","Russia","Unknown AFV","destroyed","https://twitter.com/UAWeapons/status/1556212421840310273","2023-11-16",62,3129,1,"7-6231291","11/16/2023"
"3442","Russia","Russia","Unknown AFV","destroyed","https://i.postimg.cc/FKrs9rX7/1008-unkn-afv.jpg","2023-11-16",62,3130,1,"7-6231301","11/16/2023"
"3443","Russia","Russia","Unknown AFV","destroyed","https://twitter.com/UAWeapons/status/1557115825303298049","2023-11-16",62,3131,1,"7-6231311","11/16/2023"
"3444","Russia","Russia","Unknown AFV","destroyed","https://twitter.com/UAWeapons/status/1557684415110725632","2023-11-16",62,3132,1,"7-6231321","11/16/2023"
"3445","Russia","Russia","Unknown AFV","destroyed","https://twitter.com/UAWeapons/status/1558899673821323266","2023-11-16",62,3133,1,"7-6231331","11/16/2023"
"3446","Russia","Russia","Unknown AFV","destroyed","https://twitter.com/RALee85/status/1559191825730134016","2023-11-16",62,3134,1,"7-6231341","11/16/2023"
"3447","Russia","Russia","Unknown AFV","destroyed","https://i.postimg.cc/gkxRLbgp/1002.jpg","2023-11-16",62,3135,1,"7-6231351","11/16/2023"
"3448","Russia","Russia","Unknown AFV","destroyed","https://twitter.com/Blue_Sauron/status/1585708206696849413","2023-11-16",62,3136,1,"7-6231361","11/16/2023"
"3449","Russia","Russia","Unknown AFV","destroyed","https://twitter.com/UAWeapons/status/1562084103410917377","2023-11-16",62,3137,1,"7-6231371","11/16/2023"
"3450","Russia","Russia","Unknown AFV","destroyed","https://i.postimg.cc/Mp39BQbk/1000-unkn-afv.jpg","2023-11-16",62,3138,1,"7-6231381","11/16/2023"
"3451","Russia","Russia","Unknown AFV","destroyed","https://i.postimg.cc/VvMpjSzj/1005-unkn-afv.jpg","2023-11-16",62,3139,1,"7-6231391","11/16/2023"
"3452","Russia","Russia","Unknown AFV","destroyed","https://i.postimg.cc/W1pv71Jg/1002-unkn-ifv.jpg","2023-11-16",62,3140,1,"7-6231401","11/16/2023"
"3453","Russia","Russia","Unknown AFV","destroyed","https://twitter.com/Danspiun/status/1566064122852171778","2023-11-16",62,3141,1,"7-6231411","11/16/2023"
"3454","Russia","Russia","Unknown AFV","destroyed","https://i.postimg.cc/ZRgHCSyx/1004-unkn-afv.jpg","2023-11-16",62,3142,1,"7-6231421","11/16/2023"
"3455","Russia","Russia","Unknown AFV","destroyed","https://twitter.com/UAWeapons/status/1566783630281740291","2023-11-16",62,3143,1,"7-6231431","11/16/2023"
"3456","Russia","Russia","Unknown AFV","destroyed","https://i.postimg.cc/QtSBz0k0/1035-unkn-AFV.jpg","2023-11-16",62,3144,1,"7-6231441","11/16/2023"
"3457","Russia","Russia","Unknown AFV","destroyed","https://twitter.com/UAWeapons/status/1568691333405249539","2023-11-16",62,3145,1,"7-6231451","11/16/2023"
"3458","Russia","Russia","Unknown AFV","destroyed","https://twitter.com/UAWeapons/status/1569411914693738498","2023-11-16",62,2105,1,"7-6221051","11/16/2023"
"3459","Russia","Russia","Unknown AFV","destroyed","https://twitter.com/UAWeapons/status/1575042703343034369","2023-11-16",62,3146,1,"7-6231461","11/16/2023"
"3460","Russia","Russia","Unknown AFV","destroyed","https://twitter.com/Blue_Sauron/status/1576462685872349184","2023-11-16",62,3147,1,"7-6231471","11/16/2023"
"3461","Russia","Russia","Unknown AFV","destroyed","https://twitter.com/UAWeapons/status/1577920474201333760","2023-11-16",62,3148,1,"7-6231481","11/16/2023"
"3462","Russia","Russia","Unknown AFV","destroyed","https://twitter.com/UAWeapons/status/1577993277919346689","2023-11-16",62,3149,1,"7-6231491","11/16/2023"
"3463","Russia","Russia","Unknown AFV","destroyed","https://i.postimg.cc/7Lmt5Dmf/1045-unkn-afv-destr.jpg","2023-11-16",62,3150,1,"7-6231501","11/16/2023"
"3464","Russia","Russia","Unknown AFV","destroyed","https://twitter.com/EuromaidanPress/status/1609248268675960834","2023-11-16",62,3151,1,"7-6231511","11/16/2023"
"3465","Russia","Russia","Unknown AFV","destroyed","https://i.postimg.cc/J4Qb4ZDT/1013-unkn-afv-destr-18-01-23.jpg","2023-11-16",62,3152,1,"7-6231521","11/16/2023"
"3466","Russia","Russia","Unknown AFV","destroyed","https://i.postimg.cc/wBNwBH8J/1010-unkn-afv-destr-31-01-23.jpg","2023-11-16",62,3153,1,"7-6231531","11/16/2023"
"3467","Russia","Russia","Unknown AFV","destroyed","https://i.postimg.cc/NFhdGxLQ/1007-unknown-AFV-destr-25-02-23.jpg","2023-11-16",62,3154,1,"7-6231541","11/16/2023"
"3468","Russia","Russia","Unknown AFV","destroyed","https://i.postimg.cc/brYqD5hG/1019-unkn-afv-destr-06-03-23.jpg","2023-11-16",62,3155,1,"7-6231551","11/16/2023"
"3469","Russia","Russia","Unknown AFV","destroyed","https://i.postimg.cc/Jz9rsXsT/1006-unkn-afv-destr-11-03-23.jpg","2023-11-16",62,3156,1,"7-6231561","11/16/2023"
"3470","Russia","Russia","Unknown AFV","destroyed","https://i.postimg.cc/2jqQrBGg/1003-unkn-afv-destr-15-03-23.png","2023-11-16",62,3157,1,"7-6231571","11/16/2023"
"3471","Russia","Russia","Unknown AFV","destroyed","https://i.postimg.cc/NjjYqSTK/1039-unkn-afv-destr-16-03-23.jpg","2023-11-16",62,3158,1,"7-6231581","11/16/2023"
"3472","Russia","Russia","Unknown AFV","destroyed","https://i.postimg.cc/661Bdx0g/1000-unkn-afv-destr-20-03-23.jpg","2023-11-16",62,3159,1,"7-6231591","11/16/2023"
"3473","Russia","Russia","Unknown AFV","destroyed","https://twitter.com/UAWeapons/status/1638659416051400705","2023-11-16",62,3160,1,"7-6231601","11/16/2023"
"3474","Russia","Russia","Unknown AFV","destroyed","https://i.postimg.cc/9MBF1VTg/3360.png","2023-11-16",62,3161,1,"7-6231611","11/16/2023"
"3475","Russia","Russia","Unknown AFV","destroyed","https://i.postimg.cc/P5w5WkrY/3155.png","2023-11-16",62,3162,1,"7-6231621","11/16/2023"
"3476","Russia","Russia","Unknown AFV","destroyed","https://i.postimg.cc/SsG5VD9C/4315.png","2023-11-16",62,3163,1,"7-6231631","11/16/2023"
"3477","Russia","Russia","Unknown AFV","destroyed","https://i.postimg.cc/L6jn3LqV/7640.png","2023-11-16",62,3164,1,"7-6231641","11/16/2023"
"3478","Russia","Russia","Unknown AFV","destroyed","https://i.postimg.cc/FHq7vzyB/131r.png","2023-11-16",62,3165,1,"7-6231651","11/16/2023"
"3479","Russia","Russia","Unknown AFV","destroyed","https://twitter.com/UAWeapons/status/1641170318185185283","2023-11-16",62,3166,1,"7-6231661","11/16/2023"
"3480","Russia","Russia","Unknown AFV","destroyed","https://i.postimg.cc/pLmH8Mmc/1017-unkn-afv-destr-28-03-23.jpg","2023-11-16",62,3167,1,"7-6231671","11/16/2023"
"3481","Russia","Russia","Unknown AFV","destroyed","https://i.postimg.cc/9Q6p1BWn/66954.png","2023-11-16",62,3168,1,"7-6231681","11/16/2023"
"3482","Russia","Russia","Unknown AFV","destroyed","https://i.postimg.cc/BvybdXzC/3t.png","2023-11-16",62,3169,1,"7-6231691","11/16/2023"
"3483","Russia","Russia","Unknown AFV","destroyed","https://twitter.com/Danspiun/status/1650511126709391365","2023-11-16",62,3170,1,"7-6231701","11/16/2023"
"3484","Russia","Russia","Unknown AFV","destroyed","https://i.postimg.cc/pTB8VpRd/1038-unkn-afv-destr-05-05-23.jpg","2023-11-16",62,3171,1,"7-6231711","11/16/2023"
"3485","Russia","Russia","Unknown AFV","destroyed","https://i.postimg.cc/P5w762xG/1032-unkn-afv-destr-09-05-23.jpg","2023-11-16",62,3172,1,"7-6231721","11/16/2023"
"3486","Russia","Russia","Unknown AFV","destroyed","https://i.postimg.cc/NjfPBCHx/1029-unkn-afv-destr-12-05-23.jpg","2023-11-16",62,3173,1,"7-6231731","11/16/2023"
"3487","Russia","Russia","Unknown AFV","destroyed","https://i.postimg.cc/hjS9MJMV/1048-unkn-afv-destr-20-05-23.png","2023-11-16",62,3174,1,"7-6231741","11/16/2023"
"3488","Russia","Russia","Unknown AFV","destroyed","https://i.postimg.cc/MKF0XB3S/1016-unkn-afv-destr-02-06-23.jpg","2023-11-16",62,3175,1,"7-6231751","11/16/2023"
"3489","Russia","Russia","Unknown AFV","destroyed","https://i.postimg.cc/SKgkTQm4/1002-unkn-afv-destr-04-07-23.jpg","2023-11-16",62,3176,1,"7-6231761","11/16/2023"
"3490","Russia","Russia","Unknown AFV","destroyed","https://i.postimg.cc/bvHQjM4j/1031-unkn-afv-destr-12-07-23.jpg","2023-11-16",62,3177,1,"7-6231771","11/16/2023"
"3491","Russia","Russia","Unknown AFV","destroyed","https://i.postimg.cc/G3qrsFW9/1003-unkn-afv-destr-14-07-23.jpg","2023-11-16",62,3178,1,"7-6231781","11/16/2023"
"3492","Russia","Russia","Unknown AFV","destroyed","https://i.postimg.cc/63vhZMWC/1025-unkn-afv-destr-21-07-23.jpg","2023-11-16",62,3179,1,"7-6231791","11/16/2023"
"3493","Russia","Russia","Unknown AFV","destroyed","https://i.postimg.cc/3RwpwWyk/1005-unkn-afv-destr-30-07-23.jpg","2023-11-16",62,3180,1,"7-6231801","11/16/2023"
"3494","Russia","Russia","Unknown AFV","destroyed","https://i.postimg.cc/65hfLF6x/254.png","2023-11-16",62,3181,1,"7-6231811","11/16/2023"
"3495","Russia","Russia","Unknown AFV","destroyed","https://i.postimg.cc/c1RSYb7Q/1005-16-10-23.jpg","2023-11-16",62,1921,1,"7-6219211","11/16/2023"
"3496","Russia","Russia","Unknown AFV","destroyed","https://i.postimg.cc/8C3B4wGG/1007-16-10-23.jpg","2023-11-16",62,3182,1,"7-6231821","11/16/2023"
"3497","Russia","Russia","Unknown AFV","destroyed","https://i.postimg.cc/cHdkRSB5/1003-unkn-afv-destr-16-10-23.png","2023-11-16",62,3183,1,"7-6231831","11/16/2023"
"3498","Russia","Russia","Unknown AFV","destroyed","https://i.postimg.cc/8C8TcmQV/1005-unkn-tank-and-btr82-aband-2x-unkn-afv-destr-20-10-23.jpg","2023-11-16",62,2253,1,"7-6222531","11/16/2023"
"3499","Russia","Russia","Unknown AFV","damaged","https://twitter.com/UAWeapons/status/1522310446891610115","2023-11-16",62,3184,2,"7-6231842","11/16/2023"
"3500","Russia","Russia","Unknown AFV","damaged","https://twitter.com/UAWeapons/status/1518237093461385218","2023-11-16",62,3185,2,"7-6231852","11/16/2023"
"3501","Russia","Russia","Unknown AFV","damaged","https://twitter.com/UAWeapons/status/1524456618091589635","2023-11-16",62,3186,2,"7-6231862","11/16/2023"
"3502","Russia","Russia","Unknown AFV","damaged","https://twitter.com/UAWeapons/status/1539601165884743680","2023-11-16",62,3187,2,"7-6231872","11/16/2023"
"3503","Russia","Russia","Unknown AFV","damaged","https://i.postimg.cc/h4zTgvW3/1003-unkn-AFV.jpg","2023-11-16",62,3188,2,"7-6231882","11/16/2023"
"3504","Russia","Russia","Unknown AFV","damaged","https://twitter.com/Danspiun/status/1566064122852171778","2023-11-16",62,3141,2,"7-6231412","11/16/2023"
"3505","Russia","Russia","Unknown AFV","damaged","https://i.postimg.cc/tCkBS9GD/1051-unkn-afv-dam.jpg","2023-11-16",62,3189,2,"7-6231892","11/16/2023"
"3506","Russia","Russia","Unknown AFV","damaged","https://twitter.com/EuromaidanPress/status/1609248268675960834","2023-11-16",62,3151,2,"7-6231512","11/16/2023"
"3507","Russia","Russia","Unknown AFV","damaged","https://i.postimg.cc/C5zDqBgx/540.png","2023-11-16",62,3190,2,"7-6231902","11/16/2023"
"3508","Russia","Russia","Unknown AFV","damaged","https://i.postimg.cc/Hnp9Zjpq/1006-unkn-afv-dam-24-04-23.jpg","2023-11-16",62,3191,2,"7-6231912","11/16/2023"
"3509","Russia","Russia","Unknown AFV","damaged","https://i.postimg.cc/DyVtZr6P/1036-unkn-afv-dam-03-06-23.jpg","2023-11-16",62,3192,2,"7-6231922","11/16/2023"
"3510","Russia","Russia","Unknown AFV","abandoned","https://i.postimg.cc/RhRQ6vSr/dd2.jpg","2023-11-16",62,3193,4,"7-6231934","11/16/2023"
"3511","Russia","Russia","Unknown AFV","abandoned","https://i.postimg.cc/c49WrLL8/1016-unkn-afv-aband-28-03-23.jpg","2023-11-16",62,3194,4,"7-6231944","11/16/2023"
"3512","Russia","Russia","Unknown AFV","captured","https://i.postimg.cc/pXJJrNhR/bj.png","2023-11-16",62,3195,3,"7-6231953","11/16/2023"
"3513","Russia","Russia","Unknown AFV","captured","https://i.postimg.cc/6px1pGbc/f8.jpg","2023-11-16",62,3196,3,"7-6231963","11/16/2023"
"3514","Russia","Soviet Union","BMP-1(P)","destroyed","https://i.postimg.cc/cLjxX33H/h8.png","2023-11-16",63,3197,1,"7-6331971","11/16/2023"
"3515","Russia","Soviet Union","BMP-1(P)","destroyed","https://i.postimg.cc/YSKxYwgj/12.jpg","2023-11-16",63,3198,1,"7-6331981","11/16/2023"
"3516","Russia","Soviet Union","BMP-1(P)","destroyed","https://i.postimg.cc/jjbzC407/79p.jpg","2023-11-16",63,3199,1,"7-6331991","11/16/2023"
"3517","Russia","Soviet Union","BMP-1(P)","destroyed","https://i.postimg.cc/Jh06DJ2r/f33.png","2023-11-16",63,3200,1,"7-6332001","11/16/2023"
"3518","Russia","Soviet Union","BMP-1(P)","destroyed","https://i.postimg.cc/4yzDpVqN/1065-bmp1-destr-04-10-23.jpg","2023-11-16",63,3201,1,"7-6332011","11/16/2023"
"3519","Russia","Soviet Union","BMP-1(P)","destroyed","https://i.postimg.cc/SRC33TdQ/1001-bmp1.jpg","2023-11-16",63,3202,1,"7-6332021","11/16/2023"
"3520","Russia","Soviet Union","BMP-1(P)","destroyed","https://i.postimg.cc/cJyCvCjx/3d13.png","2023-11-16",63,3203,1,"7-6332031","11/16/2023"
"3521","Russia","Soviet Union","BMP-1(P)","destroyed","https://i.postimg.cc/zGvL43bp/553.png","2023-11-16",63,3204,1,"7-6332041","11/16/2023"
"3522","Russia","Soviet Union","BMP-1(P)","destroyed","https://i.postimg.cc/5N6p21Lx/3g.png","2023-11-16",63,3205,1,"7-6332051","11/16/2023"
"3523","Russia","Soviet Union","BMP-1(P)","destroyed","https://i.postimg.cc/qv40gQnq/46h.png","2023-11-16",63,3206,1,"7-6332061","11/16/2023"
"3524","Russia","Soviet Union","BMP-1(P)","destroyed","https://i.postimg.cc/zvqgGh3y/65.png","2023-11-16",63,3207,1,"7-6332071","11/16/2023"
"3525","Russia","Soviet Union","BMP-1(P)","destroyed","https://i.postimg.cc/1ztpktc4/f5.png","2023-11-16",63,3208,1,"7-6332081","11/16/2023"
"3526","Russia","Soviet Union","BMP-1(P)","destroyed","https://i.postimg.cc/zvJ1dfp1/b58.jpg","2023-11-16",63,3209,1,"7-6332091","11/16/2023"
"3527","Russia","Soviet Union","BMP-1(P)","destroyed","https://i.postimg.cc/vZpFJhXh/b56.jpg","2023-11-16",63,3210,1,"7-6332101","11/16/2023"
"3528","Russia","Soviet Union","BMP-1(P)","destroyed","https://i.postimg.cc/Ss40sKBz/b57.jpg","2023-11-16",63,3211,1,"7-6332111","11/16/2023"
"3529","Russia","Soviet Union","BMP-1(P)","destroyed","https://i.postimg.cc/X7RdKcMZ/4356.jpg","2023-11-16",63,3212,1,"7-6332121","11/16/2023"
"3530","Russia","Soviet Union","BMP-1(P)","destroyed","https://i.postimg.cc/CK9RyNdc/554.jpg","2023-11-16",63,3213,1,"7-6332131","11/16/2023"
"3531","Russia","Soviet Union","BMP-1(P)","destroyed","https://postimg.cc/K1rWwGkC","2023-11-16",63,3214,1,"7-6332141","11/16/2023"
"3532","Russia","Soviet Union","BMP-1(P)","destroyed","https://i.postimg.cc/cC4qqnch/29.jpg","2023-11-16",63,3215,1,"7-6332151","11/16/2023"
"3533","Russia","Soviet Union","BMP-1(P)","destroyed","https://i.postimg.cc/jdLWFdMP/d88.png","2023-11-16",63,3216,1,"7-6332161","11/16/2023"
"3534","Russia","Soviet Union","BMP-1(P)","destroyed","https://i.postimg.cc/900Tnqsv/157.png","2023-11-16",63,3217,1,"7-6332171","11/16/2023"
"3535","Russia","Soviet Union","BMP-1(P)","destroyed","https://i.postimg.cc/KYTGY20j/b1.png","2023-11-16",63,3218,1,"7-6332181","11/16/2023"
"3536","Russia","Soviet Union","BMP-1(P)","destroyed","https://i.postimg.cc/JnW1D2Fq/b2.png","2023-11-16",63,3219,1,"7-6332191","11/16/2023"
"3537","Russia","Soviet Union","BMP-1(P)","destroyed","https://i.postimg.cc/jdqS4BS3/b3.png","2023-11-16",63,3220,1,"7-6332201","11/16/2023"
"3538","Russia","Soviet Union","BMP-1(P)","destroyed","https://i.postimg.cc/zX7YyWyq/3h.png","2023-11-16",63,3221,1,"7-6332211","11/16/2023"
"3539","Russia","Soviet Union","BMP-1(P)","destroyed","https://twitter.com/UAWeapons/status/1526557758736277506","2023-11-16",63,3222,1,"7-6332221","11/16/2023"
"3540","Russia","Soviet Union","BMP-1(P)","destroyed","https://i.postimg.cc/TYHkB6yT/1501-2x-bmp1-destr.jpg","2023-11-16",63,3223,1,"7-6332231","11/16/2023"
"3541","Russia","Soviet Union","BMP-1(P)","destroyed","https://i.postimg.cc/8cnGwHNB/1016-bmp1-destr.jpg","2023-11-16",63,3224,1,"7-6332241","11/16/2023"
"3542","Russia","Soviet Union","BMP-1(P)","destroyed","https://i.postimg.cc/wjN2B8PF/g55.jpg","2023-11-16",63,3225,1,"7-6332251","11/16/2023"
"3543","Russia","Soviet Union","BMP-1(P)","destroyed","https://i.postimg.cc/wxPDR4Dr/n7.jpg","2023-11-16",63,3226,1,"7-6332261","11/16/2023"
"3544","Russia","Soviet Union","BMP-1(P)","destroyed","https://i.postimg.cc/D0CYk90F/4311.jpg","2023-11-16",63,3227,1,"7-6332271","11/16/2023"
"3545","Russia","Soviet Union","BMP-1(P)","destroyed","https://i.postimg.cc/vHk3rL6P/g5f.jpg","2023-11-16",63,3228,1,"7-6332281","11/16/2023"
"3546","Russia","Soviet Union","BMP-1(P)","destroyed","https://i.postimg.cc/jSYyq8fr/ggg.jpg","2023-11-16",63,3229,1,"7-6332291","11/16/2023"
"3547","Russia","Soviet Union","BMP-1(P)","destroyed","https://i.postimg.cc/vHyRTrt9/b11.jpg","2023-11-16",63,3230,1,"7-6332301","11/16/2023"
"3548","Russia","Soviet Union","BMP-1(P)","destroyed","https://i.postimg.cc/VsnQzGnm/b12.jpg","2023-11-16",63,3231,1,"7-6332311","11/16/2023"
"3549","Russia","Soviet Union","BMP-1(P)","destroyed","https://i.postimg.cc/kG9jJcPg/f44.jpg","2023-11-16",63,3232,1,"7-6332321","11/16/2023"
"3550","Russia","Soviet Union","BMP-1(P)","destroyed","https://i.postimg.cc/J0qpGkRc/f45.jpg","2023-11-16",63,3233,1,"7-6332331","11/16/2023"
"3551","Russia","Soviet Union","BMP-1(P)","destroyed","https://i.postimg.cc/qRBhphZd/y2.jpg","2023-11-16",63,3234,1,"7-6332341","11/16/2023"
"3552","Russia","Soviet Union","BMP-1(P)","destroyed","https://i.postimg.cc/FsYSfSFr/y1.jpg","2023-11-16",63,3235,1,"7-6332351","11/16/2023"
"3553","Russia","Soviet Union","BMP-1(P)","destroyed","https://i.postimg.cc/Sxfmmy26/n1.jpg","2023-11-16",63,3236,1,"7-6332361","11/16/2023"
"3554","Russia","Soviet Union","BMP-1(P)","destroyed","https://i.postimg.cc/RFNm1KPd/n2.jpg","2023-11-16",63,3237,1,"7-6332371","11/16/2023"
"3555","Russia","Soviet Union","BMP-1(P)","destroyed","https://i.postimg.cc/3RVTtNVT/n3.jpg","2023-11-16",63,3238,1,"7-6332381","11/16/2023"
"3556","Russia","Soviet Union","BMP-1(P)","destroyed","https://i.postimg.cc/5yzMT1WF/n4.jpg","2023-11-16",63,3239,1,"7-6332391","11/16/2023"
"3557","Russia","Soviet Union","BMP-1(P)","destroyed","https://i.postimg.cc/g0Md6NKr/n5.jpg","2023-11-16",63,3240,1,"7-6332401","11/16/2023"
"3558","Russia","Soviet Union","BMP-1(P)","destroyed","https://i.postimg.cc/DfRTHjjr/44yh.png","2023-11-16",63,3241,1,"7-6332411","11/16/2023"
"3559","Russia","Soviet Union","BMP-1(P)","destroyed","https://i.postimg.cc/hjBVG8Pf/576.jpg","2023-11-16",63,3242,1,"7-6332421","11/16/2023"
"3560","Russia","Soviet Union","BMP-1(P)","destroyed","https://i.postimg.cc/cLg02zbz/7663.jpg","2023-11-16",63,1236,1,"7-6312361","11/16/2023"
"3561","Russia","Soviet Union","BMP-1(P)","destroyed","https://i.postimg.cc/SKJRj00k/5456.jpg","2023-11-16",63,3243,1,"7-6332431","11/16/2023"
"3562","Russia","Soviet Union","BMP-1(P)","destroyed","https://i.postimg.cc/8PBwj8S7/7i.png","2023-11-16",63,3244,1,"7-6332441","11/16/2023"
"3563","Russia","Soviet Union","BMP-1(P)","destroyed","https://i.postimg.cc/MTwGkpPY/431.jpg","2023-11-16",63,3245,1,"7-6332451","11/16/2023"
"3564","Russia","Soviet Union","BMP-1(P)","destroyed","https://i.postimg.cc/7ZcHCsgh/1002-3x-bmp1-destr-nr58-counted.jpg","2023-11-16",63,3246,1,"7-6332461","11/16/2023"
"3565","Russia","Soviet Union","BMP-1(P)","destroyed","https://i.postimg.cc/m296t5Ms/466.png","2023-11-16",63,3247,1,"7-6332471","11/16/2023"
"3566","Russia","Soviet Union","BMP-1(P)","destroyed","https://twitter.com/UAWeapons/status/1545075270826299394","2023-11-16",63,1251,1,"7-6312511","11/16/2023"
"3567","Russia","Soviet Union","BMP-1(P)","destroyed","https://i.postimg.cc/ry0x2F0G/1002.jpg","2023-11-16",63,3248,1,"7-6332481","11/16/2023"
"3568","Russia","Soviet Union","BMP-1(P)","destroyed","https://i.postimg.cc/6ppqyv27/1003.jpg","2023-11-16",63,3249,1,"7-6332491","11/16/2023"
"3569","Russia","Soviet Union","BMP-1(P)","destroyed","https://i.postimg.cc/k5kX8xGx/1001-bmp-1.png","2023-11-16",63,3250,1,"7-6332501","11/16/2023"
"3570","Russia","Soviet Union","BMP-1(P)","destroyed","https://i.postimg.cc/Kjk5xSKL/1002-bmp-1.jpg","2023-11-16",63,3251,1,"7-6332511","11/16/2023"
"3571","Russia","Soviet Union","BMP-1(P)","destroyed","https://i.postimg.cc/GhDZx6MH/1003-bmp-1.jpg","2023-11-16",63,3252,1,"7-6332521","11/16/2023"
"3572","Russia","Soviet Union","BMP-1(P)","destroyed","https://i.postimg.cc/7Z6cnBBV/5548.png","2023-11-16",63,3253,1,"7-6332531","11/16/2023"
"3573","Russia","Soviet Union","BMP-1(P)","destroyed","https://i.postimg.cc/pdZMq78d/1001-bmp1.jpg","2023-11-16",63,3254,1,"7-6332541","11/16/2023"
"3574","Russia","Soviet Union","BMP-1(P)","destroyed","https://i.postimg.cc/LsX9WPTk/1003-bmp1-destr-17-02-23.jpg","2023-11-16",63,3255,1,"7-6332551","11/16/2023"
"3575","Russia","Soviet Union","BMP-1(P)","destroyed","https://twitter.com/RALee85/status/1559268618864656388","2023-11-16",63,3256,1,"7-6332561","11/16/2023"
"3576","Russia","Soviet Union","BMP-1(P)","destroyed","https://postimg.cc/ftQK4jpK","2023-11-16",63,3257,1,"7-6332571","11/16/2023"
"3577","Russia","Soviet Union","BMP-1(P)","destroyed","https://i.postimg.cc/654L2khJ/31.png","2023-11-16",63,3258,1,"7-6332581","11/16/2023"
"3578","Russia","Soviet Union","BMP-1(P)","destroyed","https://twitter.com/UAWeapons/status/1568992480909205504","2023-11-16",63,3259,1,"7-6332591","11/16/2023"
"3579","Russia","Soviet Union","BMP-1(P)","destroyed","https://twitter.com/UAWeapons/status/1569229438864195589","2023-11-16",63,1916,1,"7-6319161","11/16/2023"
"3580","Russia","Soviet Union","BMP-1(P)","destroyed","https://i.postimg.cc/bwVycs9q/1002-bmp2.jpg","2023-11-16",63,3260,1,"7-6332601","11/16/2023"
"3581","Russia","Soviet Union","BMP-1(P)","destroyed","https://i.postimg.cc/v8hT99YR/1000-bmp1.jpg","2023-11-16",63,3261,1,"7-6332611","11/16/2023"
"3582","Russia","Soviet Union","BMP-1(P)","destroyed","https://twitter.com/UAWeapons/status/1574379264819941376","2023-11-16",63,2106,1,"7-6321061","11/16/2023"
"3583","Russia","Soviet Union","BMP-1(P)","destroyed","https://i.postimg.cc/d347mdTD/12.png","2023-11-16",63,3262,1,"7-6332621","11/16/2023"
"3584","Russia","Soviet Union","BMP-1(P)","destroyed","https://i.postimg.cc/sfSwXtvv/1039-1x-bmp1-destr-and-btr80-dam-aband-07-06-23.jpg","2023-11-16",63,3263,1,"7-6332631","11/16/2023"
"3585","Russia","Soviet Union","BMP-1(P)","destroyed","https://i.postimg.cc/yY7261mt/2022-10-01-BMP-1.jpg","2023-11-16",63,3264,1,"7-6332641","11/16/2023"
"3586","Russia","Soviet Union","BMP-1(P)","destroyed","https://i.postimg.cc/HsWjkHvj/BMP-1-Bilohorivka.png","2023-11-16",63,3265,1,"7-6332651","11/16/2023"
"3587","Russia","Soviet Union","BMP-1(P)","destroyed","https://i.postimg.cc/hPn9K6Xn/1020-1x-t72b-2x-bmp1-1x-bmp2-destr.jpg","2023-11-16",63,312,1,"7-633121","11/16/2023"
"3588","Russia","Soviet Union","BMP-1(P)","destroyed","https://i.postimg.cc/L4vgmfVv/1002-bmp1-destr.jpg","2023-11-16",63,3266,1,"7-6332661","11/16/2023"
"3589","Russia","Soviet Union","BMP-1(P)","destroyed","https://i.postimg.cc/8zf7dYgn/1012-bmp1-destr.jpg","2023-11-16",63,3267,1,"7-6332671","11/16/2023"
"3590","Russia","Soviet Union","BMP-1(P)","destroyed","https://i.postimg.cc/6Q3rF8Rq/BMP-1-Kharkiv-region.png","2023-11-16",63,3268,1,"7-6332681","11/16/2023"
"3591","Russia","Soviet Union","BMP-1(P)","destroyed","https://i.postimg.cc/dQbQK0Wn/2022-03-30-bmp-1.jpg","2023-11-16",63,3269,1,"7-6332691","11/16/2023"
"3592","Russia","Soviet Union","BMP-1(P)","destroyed","https://i.postimg.cc/RhHQnDyg/2022-04-21-bmp-1-1.jpg","2023-11-16",63,3270,1,"7-6332701","11/16/2023"
"3593","Russia","Soviet Union","BMP-1(P)","destroyed","https://i.postimg.cc/FR1xhRZ5/2022-04-21-bmp-1-2.jpg","2023-11-16",63,3271,1,"7-6332711","11/16/2023"
"3594","Russia","Soviet Union","BMP-1(P)","destroyed","https://i.postimg.cc/NjWk6mbm/2022-04-30-bmp-1.jpg","2023-11-16",63,3272,1,"7-6332721","11/16/2023"
"3595","Russia","Soviet Union","BMP-1(P)","destroyed","https://i.postimg.cc/6QnwrsKh/2022-05-11-bmp-1.jpg","2023-11-16",63,3273,1,"7-6332731","11/16/2023"
"3596","Russia","Soviet Union","BMP-1(P)","destroyed","https://i.postimg.cc/NjyQ09PS/2022-05-27-bmp-1.jpg","2023-11-16",63,3274,1,"7-6332741","11/16/2023"
"3597","Russia","Soviet Union","BMP-1(P)","destroyed","https://i.postimg.cc/HnMF4X7N/2022-06-08-bmp-1.jpg","2023-11-16",63,3275,1,"7-6332751","11/16/2023"
"3598","Russia","Soviet Union","BMP-1(P)","destroyed","https://i.postimg.cc/T3Cxq9sf/2022-06-14-bmp-1.jpg","2023-11-16",63,3276,1,"7-6332761","11/16/2023"
"3599","Russia","Soviet Union","BMP-1(P)","destroyed","https://twitter.com/Blue_Sauron/status/1587109105310777345","2023-11-16",63,3277,1,"7-6332771","11/16/2023"
"3600","Russia","Soviet Union","BMP-1(P)","destroyed","https://twitter.com/Blue_Sauron/status/1582085664211816449","2023-11-16",63,3278,1,"7-6332781","11/16/2023"
"3601","Russia","Soviet Union","BMP-1(P)","destroyed","https://i.postimg.cc/wTCk5PzZ/1013-bmp1-destr.jpg","2023-11-16",63,3279,1,"7-6332791","11/16/2023"
"3602","Russia","Soviet Union","BMP-1(P)","destroyed","https://i.postimg.cc/4dm3ghZ0/1004-bmp1-destr.jpg","2023-11-16",63,3280,1,"7-6332801","11/16/2023"
"3603","Russia","Soviet Union","BMP-1(P)","destroyed","https://twitter.com/UAWeapons/status/1584487106717822976","2023-11-16",63,3281,1,"7-6332811","11/16/2023"
"3604","Russia","Soviet Union","BMP-1(P)","destroyed","https://twitter.com/UAWeapons/status/1586833829506998272","2023-11-16",63,3282,1,"7-6332821","11/16/2023"
"3605","Russia","Soviet Union","BMP-1(P)","destroyed","https://twitter.com/UAWeapons/status/1586833829506998272","2023-11-16",63,3282,1,"7-6332821","11/16/2023"
"3606","Russia","Soviet Union","BMP-1(P)","destroyed","https://twitter.com/UAWeapons/status/1587790899043569664","2023-11-16",63,3283,1,"7-6332831","11/16/2023"
"3607","Russia","Soviet Union","BMP-1(P)","destroyed","https://twitter.com/UAWeapons/status/1590375007930417152","2023-11-16",63,427,1,"7-634271","11/16/2023"
"3608","Russia","Soviet Union","BMP-1(P)","destroyed","https://i.postimg.cc/T30Z5YxC/1022-bmp1-destr.jpg","2023-11-16",63,3284,1,"7-6332841","11/16/2023"
"3609","Russia","Soviet Union","BMP-1(P)","destroyed","https://i.postimg.cc/650HYjPQ/1023-bmp1-destr.jpg","2023-11-16",63,3285,1,"7-6332851","11/16/2023"
"3610","Russia","Soviet Union","BMP-1(P)","destroyed","https://i.postimg.cc/C5cTtD4x/1032-bmp1-destr.jpg","2023-11-16",63,3286,1,"7-6332861","11/16/2023"
"3611","Russia","Soviet Union","BMP-1(P)","destroyed","https://i.postimg.cc/13LdtKgT/f55.png","2023-11-16",63,3287,1,"7-6332871","11/16/2023"
"3612","Russia","Soviet Union","BMP-1(P)","destroyed","https://i.postimg.cc/05wCfJNG/6gh6.png","2023-11-16",63,3106,1,"7-6331061","11/16/2023"
"3613","Russia","Soviet Union","BMP-1(P)","destroyed","https://i.postimg.cc/fRbJhVNN/1000-bmp1-destr.jpg","2023-11-16",63,3288,1,"7-6332881","11/16/2023"
"3614","Russia","Soviet Union","BMP-1(P)","destroyed","https://i.postimg.cc/KvfRVnCf/1001-bmp1-destr.jpg","2023-11-16",63,3289,1,"7-6332891","11/16/2023"
"3615","Russia","Soviet Union","BMP-1(P)","destroyed","https://i.postimg.cc/VLmJD7Z5/1003-bmp1-destr.jpg","2023-11-16",63,3290,1,"7-6332901","11/16/2023"
"3616","Russia","Soviet Union","BMP-1(P)","destroyed","https://twitter.com/UAWeapons/status/1598771235223089152","2023-11-16",63,3291,1,"7-6332911","11/16/2023"
"3617","Russia","Soviet Union","BMP-1(P)","destroyed","https://i.postimg.cc/vBhbxyKK/1025-2xbmp1-destr.jpg","2023-11-16",63,3292,1,"7-6332921","11/16/2023"
"3618","Russia","Soviet Union","BMP-1(P)","destroyed","https://i.postimg.cc/rmWwvhdF/1025-bmp1-destr.jpg","2023-11-16",63,3293,1,"7-6332931","11/16/2023"
"3619","Russia","Soviet Union","BMP-1(P)","destroyed","https://twitter.com/UAWeapons/status/1607727356835254272","2023-11-16",63,3294,1,"7-6332941","11/16/2023"
"3620","Russia","Soviet Union","BMP-1(P)","destroyed","https://i.postimg.cc/tTf9nLHt/1019-2x-bmp1-destr-29-12-22.jpg","2023-11-16",63,3295,1,"7-6332951","11/16/2023"
"3621","Russia","Soviet Union","BMP-1(P)","destroyed","https://i.postimg.cc/kXSgKXGV/1016-bmp1-destr-25-12-22.jpg","2023-11-16",63,3296,1,"7-6332961","11/16/2023"
"3622","Russia","Soviet Union","BMP-1(P)","destroyed","https://i.postimg.cc/GhPFjtqp/1012-3x-unkn-bmp12-destr-07-01-23.jpg","2023-11-16",63,3297,1,"7-6332971","11/16/2023"
"3623","Russia","Soviet Union","BMP-1(P)","destroyed","https://i.postimg.cc/qqqy1119/1017-2x-bmp1-destr-07-01-23.jpg","2023-11-16",63,3298,1,"7-6332981","11/16/2023"
"3624","Russia","Soviet Union","BMP-1(P)","destroyed","https://i.postimg.cc/0y1hxNHL/1001-bmp1-destr-12-01-23.jpg","2023-11-16",63,3299,1,"7-6332991","11/16/2023"
"3625","Russia","Soviet Union","BMP-1(P)","destroyed","https://twitter.com/UAWeapons/status/1615371212305190912","2023-11-16",63,3300,1,"7-6333001","11/16/2023"
"3626","Russia","Soviet Union","BMP-1(P)","destroyed","https://twitter.com/UAWeapons/status/1615044073085145099","2023-11-16",63,343,1,"7-633431","11/16/2023"
"3627","Russia","Soviet Union","BMP-1(P)","destroyed","https://i.postimg.cc/Gp394NpC/1008-bmp1-destr-17-01-23.jpg","2023-11-16",63,3301,1,"7-6333011","11/16/2023"
"3628","Russia","Soviet Union","BMP-1(P)","destroyed","https://i.postimg.cc/vZhZwztS/1015-bmp1-destr-16-01-23.jpg","2023-11-16",63,3302,1,"7-6333021","11/16/2023"
"3629","Russia","Soviet Union","BMP-1(P)","destroyed","https://i.postimg.cc/MKbKCYMG/1015-bmp1-destr-15-01-23.jpg","2023-11-16",63,3303,1,"7-6333031","11/16/2023"
"3630","Russia","Soviet Union","BMP-1(P)","destroyed","https://i.postimg.cc/13grPwMv/1006-bmp1-destr-21-01-23.jpg","2023-11-16",63,3304,1,"7-6333041","11/16/2023"
"3631","Russia","Soviet Union","BMP-1(P)","destroyed","https://i.postimg.cc/q7prdDxt/1025-bmp1-destr-15-01-23.jpg","2023-11-16",63,3305,1,"7-6333051","11/16/2023"
"3632","Russia","Soviet Union","BMP-1(P)","destroyed","https://i.postimg.cc/PfCCwxsy/1005-bmp2-destr-03-03-23.jpg","2023-11-16",63,3306,1,"7-6333061","11/16/2023"
"3633","Russia","Soviet Union","BMP-1(P)","destroyed","https://twitter.com/UAWeapons/status/1632458755446063106","2023-11-16",63,807,1,"7-638071","11/16/2023"
"3634","Russia","Soviet Union","BMP-1(P)","destroyed","https://i.postimg.cc/X7spbVS1/1005-1x-bmp1-destr-1x-bmp2-destr-25-01-23.jpg","2023-11-16",63,3307,1,"7-6333071","11/16/2023"
"3635","Russia","Soviet Union","BMP-1(P)","destroyed","https://i.postimg.cc/HxQb1FJ9/1019-bmp1-destr-27-01-23.jpg","2023-11-16",63,3308,1,"7-6333081","11/16/2023"
"3636","Russia","Soviet Union","BMP-1(P)","destroyed","https://i.postimg.cc/fTyyPQLV/1015-bmp1-destr-28-01-23.jpg","2023-11-16",63,3309,1,"7-6333091","11/16/2023"
"3637","Russia","Soviet Union","BMP-1(P)","destroyed","https://i.postimg.cc/QMQd7X6y/1022-bmp1-destr-14-01-23.jpg","2023-11-16",63,3310,1,"7-6333101","11/16/2023"
"3638","Russia","Soviet Union","BMP-1(P)","destroyed","https://twitter.com/GloOouD/status/1620029849762172930","2023-11-16",63,3311,1,"7-6333111","11/16/2023"
"3639","Russia","Soviet Union","BMP-1(P)","destroyed","https://i.postimg.cc/G2V7329k/1016-bmp1-destr-31-01-23.jpg","2023-11-16",63,3312,1,"7-6333121","11/16/2023"
"3640","Russia","Soviet Union","BMP-1(P)","destroyed","https://i.postimg.cc/zfPppBC9/1020-bmp1-destr-30-01-23.jpg","2023-11-16",63,3313,1,"7-6333131","11/16/2023"
"3641","Russia","Soviet Union","BMP-1(P)","destroyed","https://twitter.com/UAWeapons/status/1622943432581779459","2023-11-16",63,1621,1,"7-6316211","11/16/2023"
"3642","Russia","Soviet Union","BMP-1(P)","destroyed","https://i.postimg.cc/nV71Y8RK/1026-bmp1-destr-04-02-23.jpg","2023-11-16",63,3314,1,"7-6333141","11/16/2023"
"3643","Russia","Soviet Union","BMP-1(P)","destroyed","https://i.postimg.cc/ZKxF28hC/1030-bmp1-destr-05-02-23.jpg","2023-11-16",63,3315,1,"7-6333151","11/16/2023"
"3644","Russia","Soviet Union","BMP-1(P)","destroyed","https://i.postimg.cc/Bb3bwY15/1301-bmp1-destr-05-02-23.jpg","2023-11-16",63,3316,1,"7-6333161","11/16/2023"
"3645","Russia","Soviet Union","BMP-1(P)","destroyed","https://i.postimg.cc/Y9T1JFFx/1000-2x-bmp-1-1x-destr-1x-dam-09-02-23.jpg","2023-11-16",63,3317,1,"7-6333171","11/16/2023"
"3646","Russia","Soviet Union","BMP-1(P)","destroyed","https://i.postimg.cc/G2Q9s68t/1011-bmp1-destr-07-02-23.jpg","2023-11-16",63,3318,1,"7-6333181","11/16/2023"
"3647","Russia","Soviet Union","BMP-1(P)","destroyed","https://i.postimg.cc/Mp2tYtKP/1011-bmp1-destr-11-02-23.jpg","2023-11-16",63,3319,1,"7-6333191","11/16/2023"
"3648","Russia","Soviet Union","BMP-1(P)","destroyed","https://twitter.com/UAWeapons/status/1625083296387325954","2023-11-16",63,3320,1,"7-6333201","11/16/2023"
"3649","Russia","Soviet Union","BMP-1(P)","destroyed","https://i.postimg.cc/HkzZsXd6/1023-bmp1-destr-29-01-23.jpg","2023-11-16",63,3321,1,"7-6333211","11/16/2023"
"3650","Russia","Soviet Union","BMP-1(P)","destroyed","https://i.postimg.cc/5NDTTfNd/1006-bmp1-destr-14-02-23.jpg","2023-11-16",63,3322,1,"7-6333221","11/16/2023"
"3651","Russia","Soviet Union","BMP-1(P)","destroyed","https://i.postimg.cc/BnK6CjLd/1006-bmp1-destr-07-02-23.jpg","2023-11-16",63,3323,1,"7-6333231","11/16/2023"
"3652","Russia","Soviet Union","BMP-1(P)","destroyed","https://twitter.com/UAWeapons/status/1626625310903894030","2023-11-16",63,3324,1,"7-6333241","11/16/2023"
"3653","Russia","Soviet Union","BMP-1(P)","destroyed","https://i.postimg.cc/Y2m9k1wb/1000-bmp1-destr-16-02-23.jpg","2023-11-16",63,3325,1,"7-6333251","11/16/2023"
"3654","Russia","Soviet Union","BMP-1(P)","destroyed","https://i.postimg.cc/prqKJgnq/1039-bmp1-destr-20-02-23.jpg","2023-11-16",63,3326,1,"7-6333261","11/16/2023"
"3655","Russia","Soviet Union","BMP-1(P)","destroyed","https://i.postimg.cc/t4mYxw9n/1304-5x-BMP1-and-1x-t72b3-destroyed-21-02-23.jpg","2023-11-16",63,868,1,"7-638681","11/16/2023"
"3656","Russia","Soviet Union","BMP-1(P)","destroyed","https://i.postimg.cc/DZL6s5gD/887o.png","2023-11-16",63,3327,1,"7-6333271","11/16/2023"
"3657","Russia","Soviet Union","BMP-1(P)","destroyed","https://i.postimg.cc/fygLV2wj/1013-bmp1-destr-23-02-23.jpg","2023-11-16",63,3328,1,"7-6333281","11/16/2023"
"3658","Russia","Soviet Union","BMP-1(P)","destroyed","https://i.postimg.cc/Gtw6gD0S/1002-bmp1-destr-xx-03-22.jpg","2023-11-16",63,3329,1,"7-6333291","11/16/2023"
"3659","Russia","Soviet Union","BMP-1(P)","destroyed","https://i.postimg.cc/GhzSGVpf/1004-bmp1-destr-24-02-23.jpg","2023-11-16",63,3330,1,"7-6333301","11/16/2023"
"3660","Russia","Soviet Union","BMP-1(P)","destroyed","https://i.postimg.cc/BnQkzsys/1005-bmp1-destr-24-02-23.jpg","2023-11-16",63,3331,1,"7-6333311","11/16/2023"
"3661","Russia","Soviet Union","BMP-1(P)","destroyed","https://i.postimg.cc/K8zpNfk8/1010-bmp1-destr-20-02-23.jpg","2023-11-16",63,3332,1,"7-6333321","11/16/2023"
"3662","Russia","Soviet Union","BMP-1(P)","destroyed","https://i.postimg.cc/y6jNLfL5/1000-bmp1-destr-18-04-23.jpg","2023-11-16",63,3333,1,"7-6333331","11/16/2023"
"3663","Russia","Soviet Union","BMP-1(P)","destroyed","https://i.postimg.cc/9FMLvFMY/1005-bmp1-destr-28-02-23.jpg","2023-11-16",63,3334,1,"7-6333341","11/16/2023"
"3664","Russia","Soviet Union","BMP-1(P)","destroyed","https://i.postimg.cc/SQVZTzyK/1008-bmp1-destr-28-02-23.jpg","2023-11-16",63,3335,1,"7-6333351","11/16/2023"
"3665","Russia","Soviet Union","BMP-1(P)","destroyed","https://twitter.com/UAWeapons/status/1631365078170624027","2023-11-16",63,3336,1,"7-6333361","11/16/2023"
"3666","Russia","Soviet Union","BMP-1(P)","destroyed","https://i.postimg.cc/4ddTjmbS/1016-bmp1-destr-01-03-23.jpg","2023-11-16",63,3337,1,"7-6333371","11/16/2023"
"3667","Russia","Soviet Union","BMP-1(P)","destroyed","https://i.postimg.cc/Yq1q6LX6/1027-bmp1-destr-02-03-23.jpg","2023-11-16",63,3338,1,"7-6333381","11/16/2023"
"3668","Russia","Soviet Union","BMP-1(P)","destroyed","https://i.postimg.cc/VL48KBRv/1028-bmp1-destr-30-10-22.jpg","2023-11-16",63,3339,1,"7-6333391","11/16/2023"
"3669","Russia","Soviet Union","BMP-1(P)","destroyed","https://i.postimg.cc/5ySVdwWP/1029-bmp1-destr-24-02-23.jpg","2023-11-16",63,3340,1,"7-6333401","11/16/2023"
"3670","Russia","Soviet Union","BMP-1(P)","destroyed","https://i.postimg.cc/9FPJBPkB/1300-bmp1-destr-03-03-23.jpg","2023-11-16",63,3341,1,"7-6333411","11/16/2023"
"3671","Russia","Soviet Union","BMP-1(P)","destroyed","https://i.postimg.cc/5NyWvvZR/1010-bmp1-destr-08-03-23.jpg","2023-11-16",63,3342,1,"7-6333421","11/16/2023"
"3672","Russia","Soviet Union","BMP-1(P)","destroyed","https://twitter.com/UAWeapons/status/1634132358264700928","2023-11-16",63,3343,1,"7-6333431","11/16/2023"
"3673","Russia","Soviet Union","BMP-1(P)","destroyed","https://twitter.com/UAWeapons/status/1634171780272193536","2023-11-16",63,3344,1,"7-6333441","11/16/2023"
"3674","Russia","Soviet Union","BMP-1(P)","destroyed","https://twitter.com/UAWeapons/status/1634295537846419466","2023-11-16",63,3345,1,"7-6333451","11/16/2023"
"3675","Russia","Soviet Union","BMP-1(P)","destroyed","https://i.postimg.cc/XYVcRNqz/1005-bmp1-destr-09-03-23.jpg","2023-11-16",63,3346,1,"7-6333461","11/16/2023"
"3676","Russia","Soviet Union","BMP-1(P)","destroyed","https://i.postimg.cc/7ZmMwvTY/1014-bmp1-destr-10-03-23.jpg","2023-11-16",63,3347,1,"7-6333471","11/16/2023"
"3677","Russia","Soviet Union","BMP-1(P)","destroyed","https://i.postimg.cc/XNDTNbGL/1008-2x-bmp1x-destr-11-03-23.jpg","2023-11-16",63,3348,1,"7-6333481","11/16/2023"
"3678","Russia","Soviet Union","BMP-1(P)","destroyed","https://twitter.com/UAWeapons/status/1635313931731492865","2023-11-16",63,3349,1,"7-6333491","11/16/2023"
"3679","Russia","Soviet Union","BMP-1(P)","destroyed","https://i.postimg.cc/SKM4mdXJ/1034-bmp1-destr-13-03-23.jpg","2023-11-16",63,3350,1,"7-6333501","11/16/2023"
"3680","Russia","Soviet Union","BMP-1(P)","destroyed","https://i.postimg.cc/cHmd5HBY/1003-bmp1-destr-20-04-23.jpg","2023-11-16",63,3351,1,"7-6333511","11/16/2023"
"3681","Russia","Soviet Union","BMP-1(P)","destroyed","https://i.postimg.cc/RZ5fg1np/1019-bmp1-destr-18-03-23.jpg","2023-11-16",63,3352,1,"7-6333521","11/16/2023"
"3682","Russia","Soviet Union","BMP-1(P)","destroyed","https://i.postimg.cc/BbnJW0mz/1013-bmp1-destr-23-04-23.jpg","2023-11-16",63,3353,1,"7-6333531","11/16/2023"
"3683","Russia","Soviet Union","BMP-1(P)","destroyed","https://i.postimg.cc/SRxKC2Jx/764.png","2023-11-16",63,3354,1,"7-6333541","11/16/2023"
"3684","Russia","Soviet Union","BMP-1(P)","destroyed","https://twitter.com/GloOouD/status/1639946908813631490","2023-11-16",63,3355,1,"7-6333551","11/16/2023"
"3685","Russia","Soviet Union","BMP-1(P)","destroyed","https://twitter.com/UAWeapons/status/1640347628381650944","2023-11-16",63,3356,1,"7-6333561","11/16/2023"
"3686","Russia","Soviet Union","BMP-1(P)","destroyed","https://i.postimg.cc/SQtPXjbG/447p.png","2023-11-16",63,3357,1,"7-6333571","11/16/2023"
"3687","Russia","Soviet Union","BMP-1(P)","destroyed","https://i.postimg.cc/fTZnSCb7/3554.png","2023-11-16",63,3358,1,"7-6333581","11/16/2023"
"3688","Russia","Soviet Union","BMP-1(P)","destroyed","https://i.postimg.cc/brT40GYY/24.png","2023-11-16",63,3359,1,"7-6333591","11/16/2023"
"3689","Russia","Soviet Union","BMP-1(P)","destroyed","https://i.postimg.cc/G2td6pzQ/4f5.png","2023-11-16",63,3360,1,"7-6333601","11/16/2023"
"3690","Russia","Soviet Union","BMP-1(P)","destroyed","https://i.postimg.cc/dVZ0Fyj0/1013-bmp1-destr-31-08-22.jpg","2023-11-16",63,3361,1,"7-6333611","11/16/2023"
"3691","Russia","Soviet Union","BMP-1(P)","destroyed","https://i.postimg.cc/qq3Hs07x/1033-bmp1-destr-01-04-23.jpg","2023-11-16",63,3362,1,"7-6333621","11/16/2023"
"3692","Russia","Soviet Union","BMP-1(P)","destroyed","https://i.postimg.cc/1tyjbLyk/329.png","2023-11-16",63,3363,1,"7-6333631","11/16/2023"
"3693","Russia","Soviet Union","BMP-1(P)","destroyed","https://twitter.com/UAWeapons/status/1644695620215603201","2023-11-16",63,3364,1,"7-6333641","11/16/2023"
"3694","Russia","Soviet Union","BMP-1(P)","destroyed","https://twitter.com/naalsio26/status/1645241186779553792","2023-11-16",63,3365,1,"7-6333651","11/16/2023"
"3695","Russia","Soviet Union","BMP-1(P)","destroyed","https://twitter.com/UAWeapons/status/1645179309726871552","2023-11-16",63,3366,1,"7-6333661","11/16/2023"
"3696","Russia","Soviet Union","BMP-1(P)","destroyed","https://twitter.com/UAWeapons/status/1628086920604528641","2023-11-16",63,3367,1,"7-6333671","11/16/2023"
"3697","Russia","Soviet Union","BMP-1(P)","destroyed","https://i.postimg.cc/K8mq4wpx/1002-bmp1-destr-21-02-23.jpg","2023-11-16",63,3368,1,"7-6333681","11/16/2023"
"3698","Russia","Soviet Union","BMP-1(P)","destroyed","https://twitter.com/UAWeapons/status/1648063216553975808","2023-11-16",63,3369,1,"7-6333691","11/16/2023"
"3699","Russia","Soviet Union","BMP-1(P)","destroyed","https://twitter.com/naalsio26/status/1648089516165439488","2023-11-16",63,3370,1,"7-6333701","11/16/2023"
"3700","Russia","Soviet Union","BMP-1(P)","destroyed","https://twitter.com/UAWeapons/status/1649083598169948163","2023-11-16",63,3371,1,"7-6333711","11/16/2023"
"3701","Russia","Soviet Union","BMP-1(P)","destroyed","https://twitter.com/UAWeapons/status/1648968658964860928","2023-11-16",63,3372,1,"7-6333721","11/16/2023"
"3702","Russia","Soviet Union","BMP-1(P)","destroyed","https://twitter.com/UAWeapons/status/1648258815282798593","2023-11-16",63,3373,1,"7-6333731","11/16/2023"
"3703","Russia","Soviet Union","BMP-1(P)","destroyed","https://i.postimg.cc/cCWRbCcR/1008-t72b-bmp1-destr-25-04-23.jpg","2023-11-16",63,3374,1,"7-6333741","11/16/2023"
"3704","Russia","Soviet Union","BMP-1(P)","destroyed","https://i.postimg.cc/NM704kfx/1012-bmp1-destr-25-04-23.jpg","2023-11-16",63,3375,1,"7-6333751","11/16/2023"
"3705","Russia","Soviet Union","BMP-1(P)","destroyed","https://i.postimg.cc/kGTgrMS6/1015-bmp1-destr-25-04-23.jpg","2023-11-16",63,3376,1,"7-6333761","11/16/2023"
"3706","Russia","Soviet Union","BMP-1(P)","destroyed","https://i.postimg.cc/TP2DD6bW/1014-bmp1-destr-17-04-23.jpg","2023-11-16",63,3377,1,"7-6333771","11/16/2023"
"3707","Russia","Soviet Union","BMP-1(P)","destroyed","https://i.postimg.cc/V6prp0Vj/1043-bmp1-destr-28-04-23.jpg","2023-11-16",63,3378,1,"7-6333781","11/16/2023"
"3708","Russia","Soviet Union","BMP-1(P)","destroyed","https://i.postimg.cc/kMWgqH6r/1051-bmp1-destr-29-04-23.jpg","2023-11-16",63,3379,1,"7-6333791","11/16/2023"
"3709","Russia","Soviet Union","BMP-1(P)","destroyed","https://twitter.com/UAWeapons/status/1653378959495536643","2023-11-16",63,3380,1,"7-6333801","11/16/2023"
"3710","Russia","Soviet Union","BMP-1(P)","destroyed","https://i.postimg.cc/02mr91Xb/1020-bmp1-and-mtlb-destr-07-05-23.jpg","2023-11-16",63,2505,1,"7-6325051","11/16/2023"
"3711","Russia","Soviet Union","BMP-1(P)","destroyed","https://i.postimg.cc/xTvQ8fvN/1026-bmp1-destr-07-05-23.jpg","2023-11-16",63,3381,1,"7-6333811","11/16/2023"
"3712","Russia","Soviet Union","BMP-1(P)","captured","https://i.postimg.cc/pLfnfG7c/1301-bmp1-12-03-22.jpg","2023-11-16",63,3382,3,"7-6333823","11/16/2023"
"3713","Russia","Soviet Union","BMP-1(P)","destroyed","https://i.postimg.cc/pLfnfG7c/1301-bmp1-12-03-22.jpg","2023-11-16",63,3382,1,"7-6333821","11/16/2023"
"3714","Russia","Soviet Union","BMP-1(P)","destroyed","https://i.postimg.cc/3wsbq3jZ/1043-bmp1-destr-10-05-23.jpg","2023-11-16",63,3383,1,"7-6333831","11/16/2023"
"3715","Russia","Soviet Union","BMP-1(P)","destroyed","https://i.postimg.cc/3N2JrJzz/1037-bmp1-destr-09-05-23.jpg","2023-11-16",63,3384,1,"7-6333841","11/16/2023"
"3716","Russia","Soviet Union","BMP-1(P)","destroyed","https://i.postimg.cc/kgY4L2nx/1002-bmp1-destr-18-05-23.jpg","2023-11-16",63,3385,1,"7-6333851","11/16/2023"
"3717","Russia","Soviet Union","BMP-1(P)","destroyed","https://i.postimg.cc/mk3knVDD/1006-bmp1-destr-17-05-23.jpg","2023-11-16",63,3386,1,"7-6333861","11/16/2023"
"3718","Russia","Soviet Union","BMP-1(P)","destroyed","https://i.postimg.cc/PqcCvP9t/1011-2x-bmp2-destr-21-05-23.jpg","2023-11-16",63,3387,1,"7-6333871","11/16/2023"
"3719","Russia","Soviet Union","BMP-1(P)","destroyed","https://i.postimg.cc/K84QZxJ2/1009-bmp1-destr-28-04-23.jpg","2023-11-16",63,3388,1,"7-6333881","11/16/2023"
"3720","Russia","Soviet Union","BMP-1(P)","destroyed","https://i.postimg.cc/L6D8VzPf/1010-bmp1-destr-25-05-23.jpg","2023-11-16",63,3389,1,"7-6333891","11/16/2023"
"3721","Russia","Soviet Union","BMP-1(P)","destroyed","https://i.postimg.cc/brZPBqcH/1013-bmp1-destr-11-07-23.jpg","2023-11-16",63,3390,1,"7-6333901","11/16/2023"
"3722","Russia","Soviet Union","BMP-1(P)","destroyed","https://i.postimg.cc/9fcqXkRj/1009-bmp1-destr-21-05-23.jpg","2023-11-16",63,3391,1,"7-6333911","11/16/2023"
"3723","Russia","Soviet Union","BMP-1(P)","destroyed","https://twitter.com/UAWeapons/status/1664271858647314432","2023-11-16",63,3392,1,"7-6333921","11/16/2023"
"3724","Russia","Soviet Union","BMP-1(P)","destroyed","https://i.postimg.cc/G3kh4nMh/1000-bmp1-destr-01-06-23.jpg","2023-11-16",63,3393,1,"7-6333931","11/16/2023"
"3725","Russia","Soviet Union","BMP-1(P)","destroyed","https://i.postimg.cc/25M8ZkR3/1013-bmp1-destr-31-05-23.jpg","2023-11-16",63,3394,1,"7-6333941","11/16/2023"
"3726","Russia","Soviet Union","BMP-1(P)","destroyed","https://i.postimg.cc/d3Ks550Y/1026-bmp1-destr-01-06-23.jpg","2023-11-16",63,3395,1,"7-6333951","11/16/2023"
"3727","Russia","Soviet Union","BMP-1(P)","destroyed","https://i.postimg.cc/FKRTHzL4/1045-bmp1-destr-08-06-23.jpg","2023-11-16",63,3396,1,"7-6333961","11/16/2023"
"3728","Russia","Soviet Union","BMP-1(P)","destroyed","https://i.postimg.cc/wjMgVDjj/1002-bmp1-destr-10-06-23.jpg","2023-11-16",63,3397,1,"7-6333971","11/16/2023"
"3729","Russia","Soviet Union","BMP-1(P)","destroyed","https://i.postimg.cc/VLYYJxyM/1009-bmp1-destr-17-06-22.jpg","2023-11-16",63,3398,1,"7-6333981","11/16/2023"
"3730","Russia","Soviet Union","BMP-1(P)","destroyed","https://twitter.com/UAWeapons/status/1668909278504075265","2023-11-16",63,3399,1,"7-6333991","11/16/2023"
"3731","Russia","Soviet Union","BMP-1(P)","destroyed","https://i.postimg.cc/G25G5wdz/1013-BMP-1-destr-12-12-22.jpg","2023-11-16",63,3400,1,"7-6334001","11/16/2023"
"3732","Russia","Soviet Union","BMP-1(P)","destroyed","https://i.postimg.cc/XvbHYQFs/1033-bmp1-destr-22-05-23.jpg","2023-11-16",63,3401,1,"7-6334011","11/16/2023"
"3733","Russia","Soviet Union","BMP-1(P)","destroyed","https://i.postimg.cc/W4SpswT3/1017-bmp1-destr-23-06-23.jpg","2023-11-16",63,3402,1,"7-6334021","11/16/2023"
"3734","Russia","Soviet Union","BMP-1(P)","destroyed","https://i.postimg.cc/W4sbRHRC/1020-bmp1-destr-23-06-23.jpg","2023-11-16",63,3403,1,"7-6334031","11/16/2023"
"3735","Russia","Soviet Union","BMP-1(P)","destroyed","https://i.postimg.cc/qR5k3BtH/1037-bmp1-destr-22-06-23.jpg","2023-11-16",63,3404,1,"7-6334041","11/16/2023"
"3736","Russia","Soviet Union","BMP-1(P)","destroyed","https://i.postimg.cc/R0zptfFk/1055-bmp1-destr-10-05-22.jpg","2023-11-16",63,3405,1,"7-6334051","11/16/2023"
"3737","Russia","Soviet Union","BMP-1(P)","destroyed","https://i.postimg.cc/K8Ts4QZ7/1056-bmp1-destr-10-05-22.jpg","2023-11-16",63,3406,1,"7-6334061","11/16/2023"
"3738","Russia","Soviet Union","BMP-1(P)","destroyed","https://i.postimg.cc/3RTLMstm/1049-bmp1-destr-28-04-23.jpg","2023-11-16",63,3407,1,"7-6334071","11/16/2023"
"3739","Russia","Soviet Union","BMP-1(P)","destroyed","https://i.postimg.cc/FH5bBsq0/1047-2x-bmp1-destr-25-06-23.jpg","2023-11-16",63,3408,1,"7-6334081","11/16/2023"
"3740","Russia","Soviet Union","BMP-1(P)","destroyed","https://i.postimg.cc/BnT5QVBQ/1011-bmp1-destr-23-06-23.jpg","2023-11-16",63,3409,1,"7-6334091","11/16/2023"
"3741","Russia","Soviet Union","BMP-1(P)","destroyed","https://i.postimg.cc/634ZgsyF/1033-bmp1-destr-29-06-23.jpg","2023-11-16",63,3410,1,"7-6334101","11/16/2023"
"3742","Russia","Soviet Union","BMP-1(P)","destroyed","https://i.postimg.cc/rwgBvfdz/1008-bmp1-destr-31-05-23.jpg","2023-11-16",63,3411,1,"7-6334111","11/16/2023"
"3743","Russia","Soviet Union","BMP-1(P)","destroyed","https://i.postimg.cc/jS818C97/1014-bmp1-and-ural4320-destr-01-07-23.jpg","2023-11-16",63,3412,1,"7-6334121","11/16/2023"
"3744","Russia","Soviet Union","BMP-1(P)","destroyed","https://twitter.com/naalsio26/status/1676373218846711808","2023-11-16",63,1509,1,"7-6315091","11/16/2023"
"3745","Russia","Soviet Union","BMP-1(P)","destroyed","https://i.postimg.cc/3w1mtGyw/1001-bmp1-destr-04-07-23.jpg","2023-11-16",63,3413,1,"7-6334131","11/16/2023"
"3746","Russia","Soviet Union","BMP-1(P)","destroyed","https://i.postimg.cc/BnM0qg2R/1000-bmp1-dam-06-07-23.jpg","2023-11-16",63,3414,1,"7-6334141","11/16/2023"
"3747","Russia","Soviet Union","BMP-1(P)","destroyed","https://twitter.com/UAWeapons/status/1551980952653537281","2023-11-16",63,3415,1,"7-6334151","11/16/2023"
"3748","Russia","Soviet Union","BMP-1(P)","destroyed","https://i.postimg.cc/dQmn0PH5/1008-bmp1-destr-08-07-23.jpg","2023-11-16",63,3416,1,"7-6334161","11/16/2023"
"3749","Russia","Soviet Union","BMP-1(P)","destroyed","https://i.postimg.cc/bJFyxFLW/1013-bmp1-destr-09-07-23.jpg","2023-11-16",63,3417,1,"7-6334171","11/16/2023"
"3750","Russia","Soviet Union","BMP-1(P)","destroyed","https://i.postimg.cc/7L9Y6Lzx/1016-bmp1-destr-09-07-23.jpg","2023-11-16",63,3418,1,"7-6334181","11/16/2023"
"3751","Russia","Soviet Union","BMP-1(P)","destroyed","https://i.postimg.cc/B6ZbcF3L/1018-bmp1-destr-09-07-23.jpg","2023-11-16",63,3419,1,"7-6334191","11/16/2023"
"3752","Russia","Soviet Union","BMP-1(P)","destroyed","https://i.postimg.cc/Fzm5n8Nv/1008-bmp1-destr-09-07-23.jpg","2023-11-16",63,3420,1,"7-6334201","11/16/2023"
"3753","Russia","Soviet Union","BMP-1(P)","destroyed","https://i.postimg.cc/cCQkvVch/1009-unkn-bmp.jpg","2023-11-16",63,3421,1,"7-6334211","11/16/2023"
"3754","Russia","Soviet Union","BMP-1(P)","destroyed","https://i.postimg.cc/pLBtzzTx/1030-2x-bmp1-destr-12-07-23.jpg","2023-11-16",63,3422,1,"7-6334221","11/16/2023"
"3755","Russia","Soviet Union","BMP-1(P)","destroyed","https://i.postimg.cc/VNF208KN/1028-bmp1-destr-12-07-23.jpg","2023-11-16",63,3423,1,"7-6334231","11/16/2023"
"3756","Russia","Soviet Union","BMP-1(P)","destroyed","https://i.postimg.cc/fL2F5vnn/1007-bmp1-destr-13-07-23.jpg","2023-11-16",63,3424,1,"7-6334241","11/16/2023"
"3757","Russia","Soviet Union","BMP-1(P)","destroyed","https://i.postimg.cc/QCN0CpGM/1050-bmp1-destr-28-04-23.jpg","2023-11-16",63,3425,1,"7-6334251","11/16/2023"
"3758","Russia","Soviet Union","BMP-1(P)","destroyed","https://twitter.com/UAWeapons/status/1681381783583989760","2023-11-16",63,3426,1,"7-6334261","11/16/2023"
"3759","Russia","Soviet Union","BMP-1(P)","destroyed","https://i.postimg.cc/fy7MKQJL/1040-T64bv-2x-bmp1-destr-18-07-23.jpg","2023-11-16",63,125,1,"7-631251","11/16/2023"
"3760","Russia","Soviet Union","BMP-1(P)","destroyed","https://i.postimg.cc/0jvhfMgg/1003-bmp1-destr-17-07-23.jpg","2023-11-16",63,3427,1,"7-6334271","11/16/2023"
"3761","Russia","Soviet Union","BMP-1(P)","destroyed","https://i.postimg.cc/zBK9KwcS/1013-bmp1-destr-17-07-23.jpg","2023-11-16",63,3428,1,"7-6334281","11/16/2023"
"3762","Russia","Soviet Union","BMP-1(P)","destroyed","https://i.postimg.cc/W1yKyfRw/1034-bmp1-destr-20-04-23.jpg","2023-11-16",63,3429,1,"7-6334291","11/16/2023"
"3763","Russia","Soviet Union","BMP-1(P)","destroyed","https://i.postimg.cc/Y9KPrGC4/1039-bmp1-destr-19-07-23.jpg","2023-11-16",63,3430,1,"7-6334301","11/16/2023"
"3764","Russia","Soviet Union","BMP-1(P)","destroyed","https://i.postimg.cc/155j3ZsK/1043-bmp1-destr-18-07-23.jpg","2023-11-16",63,3431,1,"7-6334311","11/16/2023"
"3765","Russia","Soviet Union","BMP-1(P)","destroyed","https://i.postimg.cc/T3KNnqyL/1046-bmp1-destr-28-04-23.jpg","2023-11-16",63,3432,1,"7-6334321","11/16/2023"
"3766","Russia","Soviet Union","BMP-1(P)","destroyed","https://i.postimg.cc/bw4CgDb6/1047-bmp1-destr-28-04-23.jpg","2023-11-16",63,3433,1,"7-6334331","11/16/2023"
"3767","Russia","Soviet Union","BMP-1(P)","destroyed","https://i.postimg.cc/SK8ZvSfm/1048-bmp1-destr-28-04-23.jpg","2023-11-16",63,3434,1,"7-6334341","11/16/2023"
"3768","Russia","Soviet Union","BMP-1(P)","destroyed","https://i.postimg.cc/PJhp3yHG/1002-bmp1-destr-30-05-23.jpg","2023-11-16",63,3435,1,"7-6334351","11/16/2023"
"3769","Russia","Soviet Union","BMP-1(P)","destroyed","https://i.postimg.cc/13z61vqs/1010-bmp1-destr-20-07-23.jpg","2023-11-16",63,3436,1,"7-6334361","11/16/2023"
"3770","Russia","Soviet Union","BMP-1(P)","destroyed","https://i.postimg.cc/T19yZb2K/1017-bmp1-destr-20-07-23.jpg","2023-11-16",63,3437,1,"7-6334371","11/16/2023"
"3771","Russia","Soviet Union","BMP-1(P)","destroyed","https://i.postimg.cc/X7sGL9Dh/1038-bmp1-destr-21-07-23.jpg","2023-11-16",63,3438,1,"7-6334381","11/16/2023"
"3772","Russia","Soviet Union","BMP-1(P)","destroyed","https://i.postimg.cc/X7jB9sxd/1039-bmp1-destr-21-07-23.jpg","2023-11-16",63,3439,1,"7-6334391","11/16/2023"
"3773","Russia","Soviet Union","BMP-1(P)","destroyed","https://i.postimg.cc/2jtWyR1C/1010-BMP-1-P-destr-21-07-23.jpg","2023-11-16",63,3440,1,"7-6334401","11/16/2023"
"3774","Russia","Soviet Union","BMP-1(P)","destroyed","https://i.postimg.cc/5yXFgpRc/1030-bmp1-destr-22-07-23.jpg","2023-11-16",63,3441,1,"7-6334411","11/16/2023"
"3775","Russia","Soviet Union","BMP-1(P)","destroyed","https://i.postimg.cc/ZKydy7Np/1031-bmp1-destr-22-07-23.jpg","2023-11-16",63,3442,1,"7-6334421","11/16/2023"
"3776","Russia","Soviet Union","BMP-1(P)","destroyed","https://i.postimg.cc/J0SH2Jfs/1032-bmp1-destr-22-07-23.jpg","2023-11-16",63,3443,1,"7-6334431","11/16/2023"
"3777","Russia","Soviet Union","BMP-1(P)","destroyed","https://i.postimg.cc/cLy87R7j/1034-BMP-1-destr-21-07-23.jpg","2023-11-16",63,3444,1,"7-6334441","11/16/2023"
"3778","Russia","Soviet Union","BMP-1(P)","destroyed","https://i.postimg.cc/C1Pqb9JH/1035-BMP-1-destr-21-07-23.jpg","2023-11-16",63,3445,1,"7-6334451","11/16/2023"
"3779","Russia","Soviet Union","BMP-1(P)","destroyed","https://i.postimg.cc/BvNLGdW9/1041-bmp1-destr-21-07-23.jpg","2023-11-16",63,3446,1,"7-6334461","11/16/2023"
"3780","Russia","Soviet Union","BMP-1(P)","destroyed","https://i.postimg.cc/xdsFYZ43/1018-1x-bmp1-2x-bmp2-destr-25-07-23.jpg","2023-11-16",63,3447,1,"7-6334471","11/16/2023"
"3781","Russia","Soviet Union","BMP-1(P)","destroyed","https://i.postimg.cc/T3Qkxgh0/1038-unkn-bmp-destr-07-06-23.jpg","2023-11-16",63,3448,1,"7-6334481","11/16/2023"
"3782","Russia","Soviet Union","BMP-1(P)","destroyed","https://i.postimg.cc/rskGFK33/1003-bmp1-destr-25-07-23.jpg","2023-11-16",63,3449,1,"7-6334491","11/16/2023"
"3783","Russia","Soviet Union","BMP-1(P)","destroyed","https://i.postimg.cc/CL475sFN/1007-bmp1-destr-24-05-23.jpg","2023-11-16",63,3450,1,"7-6334501","11/16/2023"
"3784","Russia","Soviet Union","BMP-1(P)","destroyed","https://i.postimg.cc/rmWCkSn5/1009-bmp1-destr-26-07-23.jpg","2023-11-16",63,3451,1,"7-6334511","11/16/2023"
"3785","Russia","Soviet Union","BMP-1(P)","destroyed","https://i.postimg.cc/bJJfZqJc/1022-3x-bmp1-destr-01-08-23.jpg","2023-11-16",63,3452,1,"7-6334521","11/16/2023"
"3786","Russia","Soviet Union","BMP-1(P)","destroyed","https://twitter.com/UAWeapons/status/1688875255836651520","2023-11-16",63,3453,1,"7-6334531","11/16/2023"
"3787","Russia","Soviet Union","BMP-1(P)","destroyed","https://i.postimg.cc/13DRPPfY/1033-BMP-1-P-destr-07-08-23.jpg","2023-11-16",63,3454,1,"7-6334541","11/16/2023"
"3788","Russia","Soviet Union","BMP-1(P)","destroyed","https://i.postimg.cc/7LbYj3mh/1016-2x-t80bv-1x-destr-1x-aband-1x-bmp1-destr-14-08-23.jpg","2023-11-16",63,1550,1,"7-6315501","11/16/2023"
"3789","Russia","Soviet Union","BMP-1(P)","destroyed","https://i.postimg.cc/T3vbMYsg/1012-bmp1-destr-10-08-23.jpg","2023-11-16",63,3455,1,"7-6334551","11/16/2023"
"3790","Russia","Soviet Union","BMP-1(P)","destroyed","https://i.postimg.cc/7LxThtwL/1003-bmp1-destr-12-08-23.jpg","2023-11-16",63,3456,1,"7-6334561","11/16/2023"
"3791","Russia","Soviet Union","BMP-1(P)","destroyed","https://i.postimg.cc/252LZdS7/1010-bmp1-destr-10-08-23.jpg","2023-11-16",63,3457,1,"7-6334571","11/16/2023"
"3792","Russia","Soviet Union","BMP-1(P)","destroyed","https://i.postimg.cc/nzWsdH7s/1015-bmp1-destr-10-08-23.jpg","2023-11-16",63,3458,1,"7-6334581","11/16/2023"
"3793","Russia","Soviet Union","BMP-1(P)","destroyed","https://i.postimg.cc/RCw7xd9V/1007-bmp1-destr-15-08-23.jpg","2023-11-16",63,3459,1,"7-6334591","11/16/2023"
"3794","Russia","Soviet Union","BMP-1(P)","destroyed","https://i.postimg.cc/X789pvpR/1009-bmp1-destr-05-07-23.jpg","2023-11-16",63,3460,1,"7-6334601","11/16/2023"
"3795","Russia","Soviet Union","BMP-1(P)","destroyed","https://i.postimg.cc/Jht3wW79/1011-bmp1-destr-09-08-23.jpg","2023-11-16",63,3461,1,"7-6334611","11/16/2023"
"3796","Russia","Soviet Union","BMP-1(P)","destroyed","https://i.postimg.cc/SKf5MRYX/1015-bmp1-destr-16-08-23.jpg","2023-11-16",63,3462,1,"7-6334621","11/16/2023"
"3797","Russia","Soviet Union","BMP-1(P)","destroyed","https://i.postimg.cc/Nj3Fv1cG/1034-t80bv-destr-3x-bmp1-destr-23-07-23.jpg","2023-11-16",63,1557,1,"7-6315571","11/16/2023"
"3798","Russia","Soviet Union","BMP-1(P)","destroyed","https://i.postimg.cc/XYGqPstD/1035-2x-t80bv-bmp1-unkn-afv-destr-23-07-23.jpg","2023-11-16",63,1558,1,"7-6315581","11/16/2023"
"3799","Russia","Soviet Union","BMP-1(P)","destroyed","https://i.postimg.cc/prLXJCDC/1042-t80bvm-unkn-t80-bmp1-and-bmp2-destr-20-08-23.jpg","2023-11-16",63,1719,1,"7-6317191","11/16/2023"
"3800","Russia","Soviet Union","BMP-1(P)","destroyed","https://i.postimg.cc/Gh7fgK1N/1015-bmp1-destr-18-08-23.jpg","2023-11-16",63,3463,1,"7-6334631","11/16/2023"
"3801","Russia","Soviet Union","BMP-1(P)","destroyed","https://i.postimg.cc/x1B4nd83/1016-bmp1-destr-18-08-23.jpg","2023-11-16",63,3464,1,"7-6334641","11/16/2023"
"3802","Russia","Soviet Union","BMP-1(P)","destroyed","https://i.postimg.cc/CKym96rv/1032-bmp1-destr-23-07-23.jpg","2023-11-16",63,3465,1,"7-6334651","11/16/2023"
"3803","Russia","Soviet Union","BMP-1(P)","destroyed","https://i.postimg.cc/fLkXvkrS/1000-bmp1-destr-24-08-23.jpg","2023-11-16",63,3466,1,"7-6334661","11/16/2023"
"3804","Russia","Soviet Union","BMP-1(P)","destroyed","https://i.postimg.cc/RCNTCg4m/1006-bmp1-destr-24-08-23.jpg","2023-11-16",63,3467,1,"7-6334671","11/16/2023"
"3805","Russia","Soviet Union","BMP-1(P)","destroyed","https://i.postimg.cc/BvmHD2MG/1007-bmp1-destr-31-07-23.jpg","2023-11-16",63,3468,1,"7-6334681","11/16/2023"
"3806","Russia","Soviet Union","BMP-1(P)","destroyed","https://i.postimg.cc/s2t0SzKb/334.png","2023-11-16",63,3469,1,"7-6334691","11/16/2023"
"3807","Russia","Soviet Union","BMP-1(P)","destroyed","https://twitter.com/naalsio26/status/1697046913571344671","2023-11-16",63,3470,1,"7-6334701","11/16/2023"
"3808","Russia","Soviet Union","BMP-1(P)","destroyed","https://i.postimg.cc/nz21S5fg/76j.png","2023-11-16",63,3471,1,"7-6334711","11/16/2023"
"3809","Russia","Soviet Union","BMP-1(P)","destroyed","https://i.postimg.cc/76nB8h0B/29.png","2023-11-16",63,3472,1,"7-6334721","11/16/2023"
"3810","Russia","Soviet Union","BMP-1(P)","destroyed","https://i.postimg.cc/Pr7nFVtC/25.png","2023-11-16",63,3473,1,"7-6334731","11/16/2023"
"3811","Russia","Soviet Union","BMP-1(P)","destroyed","https://i.postimg.cc/rwTJ2MmH/659.png","2023-11-16",63,3474,1,"7-6334741","11/16/2023"
"3812","Russia","Soviet Union","BMP-1(P)","destroyed","https://i.postimg.cc/cCK2hMgq/438.png","2023-11-16",63,3475,1,"7-6334751","11/16/2023"
"3813","Russia","Soviet Union","BMP-1(P)","destroyed","https://i.postimg.cc/3RWy9CVT/6535.png","2023-11-16",63,3476,1,"7-6334761","11/16/2023"
"3814","Russia","Soviet Union","BMP-1(P)","destroyed","https://i.postimg.cc/3RCfhqTg/43877.png","2023-11-16",63,3477,1,"7-6334771","11/16/2023"
"3815","Russia","Soviet Union","BMP-1(P)","destroyed","https://i.postimg.cc/RVQYx1yz/338.png","2023-11-16",63,3478,1,"7-6334781","11/16/2023"
"3816","Russia","Soviet Union","BMP-1(P)","destroyed","https://i.postimg.cc/Kjq3NG8N/65221.png","2023-11-16",63,3479,1,"7-6334791","11/16/2023"
"3817","Russia","Soviet Union","BMP-1(P)","destroyed","https://i.postimg.cc/qBFBdJ72/235.png","2023-11-16",63,3480,1,"7-6334801","11/16/2023"
"3818","Russia","Soviet Union","BMP-1(P)","destroyed","https://i.postimg.cc/fyBP7Tg5/4313.png","2023-11-16",63,892,1,"7-638921","11/16/2023"
"3819","Russia","Soviet Union","BMP-1(P)","destroyed","https://twitter.com/UAWeapons/status/1703762405208059906","2023-11-16",63,3481,1,"7-6334811","11/16/2023"
"3820","Russia","Soviet Union","BMP-1(P)","destroyed","https://i.postimg.cc/0jvw1GHR/254.png","2023-11-16",63,3482,1,"7-6334821","11/16/2023"
"3821","Russia","Soviet Union","BMP-1(P)","destroyed","https://i.postimg.cc/Tw39wdp1/2477.png","2023-11-16",63,3483,1,"7-6334831","11/16/2023"
"3822","Russia","Soviet Union","BMP-1(P)","destroyed","https://i.postimg.cc/y8Lz1jfh/24211.png","2023-11-16",63,3484,1,"7-6334841","11/16/2023"
"3823","Russia","Soviet Union","BMP-1(P)","destroyed","https://i.postimg.cc/SKKYRZmm/5481.png","2023-11-16",63,3485,1,"7-6334851","11/16/2023"
"3824","Russia","Soviet Union","BMP-1(P)","destroyed","https://i.postimg.cc/RFkjqD58/3g3.png","2023-11-16",63,3486,1,"7-6334861","11/16/2023"
"3825","Russia","Soviet Union","BMP-1(P)","destroyed","https://i.postimg.cc/ZRxryW1S/335.png","2023-11-16",63,3487,1,"7-6334871","11/16/2023"
"3826","Russia","Soviet Union","BMP-1(P)","destroyed","https://i.postimg.cc/Rh8q39Vm/221.png","2023-11-16",63,3488,1,"7-6334881","11/16/2023"
"3827","Russia","Soviet Union","BMP-1(P)","destroyed","https://i.postimg.cc/593YB1KB/1014-unkn-bmp-destr.jpg","2023-11-16",63,3489,1,"7-6334891","11/16/2023"
"3828","Russia","Soviet Union","BMP-1(P)","destroyed","https://i.postimg.cc/nLKtP6Zm/b1.png","2023-11-16",63,3490,1,"7-6334901","11/16/2023"
"3829","Russia","Soviet Union","BMP-1(P)","destroyed","https://i.postimg.cc/yYtdDCqc/3279.png","2023-11-16",63,3491,1,"7-6334911","11/16/2023"
"3830","Russia","Soviet Union","BMP-1(P)","destroyed","https://i.postimg.cc/SxYndNLg/2462.png","2023-11-16",63,3492,1,"7-6334921","11/16/2023"
"3831","Russia","Soviet Union","BMP-1(P)","destroyed","https://i.postimg.cc/SQtQPbx3/218.png","2023-11-16",63,3493,1,"7-6334931","11/16/2023"
"3832","Russia","Soviet Union","BMP-1(P)","destroyed","https://i.postimg.cc/63f2ZjVw/6526.png","2023-11-16",63,3494,1,"7-6334941","11/16/2023"
"3833","Russia","Soviet Union","BMP-1(P)","destroyed","https://i.postimg.cc/hjPPVNHK/328.png","2023-11-16",63,3495,1,"7-6334951","11/16/2023"
"3834","Russia","Soviet Union","BMP-1(P)","destroyed","https://i.postimg.cc/25nNBWvc/1026-2x-bmp1-destr-28-09-23.jpg","2023-11-16",63,3496,1,"7-6334961","11/16/2023"
"3835","Russia","Soviet Union","BMP-1(P)","destroyed","https://i.postimg.cc/2SbDrM5f/1021-bmp1-destr-25-09-23.jpg","2023-11-16",63,3497,1,"7-6334971","11/16/2023"
"3836","Russia","Soviet Union","BMP-1(P)","destroyed","https://i.postimg.cc/3JbhMYYB/1037-bmp1-destr-31-08-23.jpg","2023-11-16",63,3498,1,"7-6334981","11/16/2023"
"3837","Russia","Soviet Union","BMP-1(P)","destroyed","https://i.postimg.cc/d3FM8c3H/1031-2x-bmp1-destr-02-10-23.jpg","2023-11-16",63,3499,1,"7-6334991","11/16/2023"
"3838","Russia","Soviet Union","BMP-1(P)","destroyed","https://i.postimg.cc/ryG2qsZv/1027-BMP-1-P-destr-06-10-23.jpg","2023-11-16",63,3500,1,"7-6335001","11/16/2023"
"3839","Russia","Soviet Union","BMP-1(P)","destroyed","https://i.postimg.cc/g2TfgZr6/1020-bmp1-destr-10-10-23.jpg","2023-11-16",63,3501,1,"7-6335011","11/16/2023"
"3840","Russia","Soviet Union","BMP-1(P)","destroyed","https://i.postimg.cc/4xdDv54g/1013-bmp1-destr-10-10-23.jpg","2023-11-16",63,3502,1,"7-6335021","11/16/2023"
"3841","Russia","Soviet Union","BMP-1(P)","destroyed","https://i.postimg.cc/25PNSZDf/1005-bmp1-destr-30-11-22.jpg","2023-11-16",63,3503,1,"7-6335031","11/16/2023"
"3842","Russia","Soviet Union","BMP-1(P)","destroyed","https://i.postimg.cc/pVfdgvbT/1005-2x-bmp1-and-btr82a-destr-12-10-23.jpg","2023-11-16",63,3504,1,"7-6335041","11/16/2023"
"3843","Russia","Soviet Union","BMP-1(P)","destroyed","https://i.postimg.cc/FFLSzwt5/1032-BMP-1-P-destr-11-10-23.jpg","2023-11-16",63,3505,1,"7-6335051","11/16/2023"
"3844","Russia","Soviet Union","BMP-1(P)","destroyed","https://i.postimg.cc/8C3B4wGG/1007-16-10-23.jpg","2023-11-16",63,3182,1,"7-6331821","11/16/2023"
"3845","Russia","Soviet Union","BMP-1(P)","destroyed","https://i.postimg.cc/W34ZBHGC/1039-BMP-1-destr-15-10-23.jpg","2023-11-16",63,3506,1,"7-6335061","11/16/2023"
"3846","Russia","Soviet Union","BMP-1(P)","destroyed","https://i.postimg.cc/CxyjRJ0n/1002-BMP-1-destr-16-10-23.png","2023-11-16",63,3507,1,"7-6335071","11/16/2023"
"3847","Russia","Soviet Union","BMP-1(P)","destroyed","https://i.postimg.cc/d3ky1ZS9/1011-bmp1-destr-16-10-23.jpg","2023-11-16",63,3508,1,"7-6335081","11/16/2023"
"3848","Russia","Soviet Union","BMP-1(P)","destroyed","https://i.postimg.cc/2Sr4scV3/1049-1x-destr-1x-aband-t72b-obr-2022-1x-unkn-t72-dam-aband-1x-bmp1-destr-2x-bmp2-destr.jpg","2023-11-16",63,603,1,"7-636031","11/16/2023"
"3849","Russia","Soviet Union","BMP-1(P)","destroyed","https://i.postimg.cc/zBtMjgMV/1001-bmp1-destr-22-10-23.jpg","2023-11-16",63,3509,1,"7-6335091","11/16/2023"
"3850","Russia","Soviet Union","BMP-1(P)","destroyed","https://i.postimg.cc/y84GvBfX/1014-bmp1-destr-23-10-23.jpg","2023-11-16",63,3510,1,"7-6335101","11/16/2023"
"3851","Russia","Soviet Union","BMP-1(P)","destroyed","https://i.postimg.cc/QCFznMGS/1020-bmp1-destr-23-10-23.jpg","2023-11-16",63,3511,1,"7-6335111","11/16/2023"
"3852","Russia","Soviet Union","BMP-1(P)","destroyed","https://i.postimg.cc/nhDcZcSr/1007-bmp1-destr-24-10-23.jpg","2023-11-16",63,3512,1,"7-6335121","11/16/2023"
"3853","Russia","Soviet Union","BMP-1(P)","destroyed","https://i.postimg.cc/BQyQd1gR/1001-bmp1-destr-24-10-23.jpg","2023-11-16",63,3513,1,"7-6335131","11/16/2023"
"3854","Russia","Soviet Union","BMP-1(P)","destroyed","https://i.postimg.cc/658g7jLX/1018-bmp1-destr-26-10-23.jpg","2023-11-16",63,3514,1,"7-6335141","11/16/2023"
"3855","Russia","Soviet Union","BMP-1(P)","destroyed","https://i.postimg.cc/bJFLpP52/1036-BMP-1-P-destr-12-10-23.jpg","2023-11-16",63,3515,1,"7-6335151","11/16/2023"
"3856","Russia","Soviet Union","BMP-1(P)","destroyed","https://i.postimg.cc/g2PCfy8b/1045-bmp1-destr-22-10-23.jpg","2023-11-16",63,3516,1,"7-6335161","11/16/2023"
"3857","Russia","Soviet Union","BMP-1(P)","destroyed","https://i.postimg.cc/h4Mfjs2X/1011-BMP-1-P-destr-15-07-23.jpg","2023-11-16",63,3517,1,"7-6335171","11/16/2023"
"3858","Russia","Soviet Union","BMP-1(P)","destroyed","https://i.postimg.cc/q7f7Y5v5/1013-bmp1-destr-30-10-23.jpg","2023-11-16",63,3518,1,"7-6335181","11/16/2023"
"3859","Russia","Soviet Union","BMP-1(P)","destroyed","https://i.postimg.cc/wv2T1xcC/1025-BMP-1-P-destr-27-10-23.jpg","2023-11-16",63,3519,1,"7-6335191","11/16/2023"
"3860","Russia","Soviet Union","BMP-1(P)","destroyed","https://i.postimg.cc/vTSYvPKX/1029-BMP-1-P-destr-26-10-23.jpg","2023-11-16",63,3520,1,"7-6335201","11/16/2023"
"3861","Russia","Soviet Union","BMP-1(P)","destroyed","https://i.postimg.cc/HnPSzzXX/1028-1x-t64bv-1x-bmp1-destr-bmp1-aband-31-10-23.jpg","2023-11-16",63,134,1,"7-631341","11/16/2023"
"3862","Russia","Soviet Union","BMP-1(P)","destroyed","https://i.postimg.cc/RhNynd06/1020-bmp1-destr-31-10-23.jpg","2023-11-16",63,3521,1,"7-6335211","11/16/2023"
"3863","Russia","Soviet Union","BMP-1(P)","destroyed","https://i.postimg.cc/x8Tc1zCM/1004-bmp1-destr-03-11-23.jpg","2023-11-16",63,3522,1,"7-6335221","11/16/2023"
"3864","Russia","Soviet Union","BMP-1(P)","damaged","https://postimg.cc/DJp7JbvH","2023-11-16",63,3523,2,"7-6335232","11/16/2023"
"3865","Russia","Soviet Union","BMP-1(P)","damaged","https://twitter.com/UAWeapons/status/1535717957652865029","2023-11-16",63,3524,2,"7-6335242","11/16/2023"
"3866","Russia","Soviet Union","BMP-1(P)","damaged","https://i.postimg.cc/T3Nz9Vsd/1008-bmp1-dam-7-11.jpg","2023-11-16",63,3525,2,"7-6335252","11/16/2023"
"3867","Russia","Soviet Union","BMP-1(P)","damaged","https://i.postimg.cc/L857nq8r/1010-bmp1-dam-7-11.jpg","2023-11-16",63,3526,2,"7-6335262","11/16/2023"
"3868","Russia","Soviet Union","BMP-1(P)","damaged","https://twitter.com/UAWeapons/status/1593346084767678465","2023-11-16",63,3527,2,"7-6335272","11/16/2023"
"3869","Russia","Soviet Union","BMP-1(P)","damaged","https://i.postimg.cc/jSdqvwhm/1015-bmp1-dam.jpg","2023-11-16",63,3528,2,"7-6335282","11/16/2023"
"3870","Russia","Soviet Union","BMP-1(P)","damaged","https://twitter.com/UAWeapons/status/1607727356835254272","2023-11-16",63,3294,2,"7-6332942","11/16/2023"
"3871","Russia","Soviet Union","BMP-1(P)","damaged","https://i.postimg.cc/Sx4JFz5n/1027-bmp1-dam.jpg","2023-11-16",63,3529,2,"7-6335292","11/16/2023"
"3872","Russia","Soviet Union","BMP-1(P)","damaged","https://twitter.com/UAWeapons/status/1615371212305190912","2023-11-16",63,3300,2,"7-6333002","11/16/2023"
"3873","Russia","Soviet Union","BMP-1(P)","damaged","https://i.postimg.cc/LX02XWKr/1007-t72b-destr-and-bmp1-dam-27-01-23.jpg","2023-11-16",63,348,2,"7-633482","11/16/2023"
"3874","Russia","Soviet Union","BMP-1(P)","damaged","https://i.postimg.cc/xTwhH3Pb/1002-bmp1-dam-12-03-23.jpg","2023-11-16",63,3530,2,"7-6335302","11/16/2023"
"3875","Russia","Soviet Union","BMP-1(P)","damaged","https://i.postimg.cc/gJ9YRcqv/7767.png","2023-11-16",63,3531,2,"7-6335312","11/16/2023"
"3876","Russia","Soviet Union","BMP-1(P)","damaged","https://i.postimg.cc/15YfS1G5/t.png","2023-11-16",63,3532,2,"7-6335322","11/16/2023"
"3877","Russia","Soviet Union","BMP-1(P)","damaged","https://i.postimg.cc/RVmjGpWv/27.png","2023-11-16",63,3533,2,"7-6335332","11/16/2023"
"3878","Russia","Soviet Union","BMP-1(P)","damaged","https://i.postimg.cc/ncQYNzsm/1031-BMP-1-P-dam-19-06-23.jpg","2023-11-16",63,3534,2,"7-6335342","11/16/2023"
"3879","Russia","Soviet Union","BMP-1(P)","damaged","https://i.postimg.cc/KzQ1h797/1027-bmp1-dam-28-06-23.jpg","2023-11-16",63,3535,2,"7-6335352","11/16/2023"
"3880","Russia","Soviet Union","BMP-1(P)","damaged","https://i.postimg.cc/WpWd9nqT/1022-bmp1-dam-27-06-23.jpg","2023-11-16",63,3536,2,"7-6335362","11/16/2023"
"3881","Russia","Soviet Union","BMP-1(P)","damaged","https://i.postimg.cc/RFV4wcgY/1017-bmp1-dam-01-08-23.jpg","2023-11-16",63,3537,2,"7-6335372","11/16/2023"
"3882","Russia","Soviet Union","BMP-1(P)","damaged","https://i.postimg.cc/wThTZxST/4f.png","2023-11-16",63,3538,2,"7-6335382","11/16/2023"
"3883","Russia","Soviet Union","BMP-1(P)","damaged","https://i.postimg.cc/MHhSpxcG/4335.png","2023-11-16",63,3539,2,"7-6335392","11/16/2023"
"3884","Russia","Soviet Union","BMP-1(P)","damaged","https://i.postimg.cc/vBKR0Mtv/8873.png","2023-11-16",63,3540,2,"7-6335402","11/16/2023"
"3885","Russia","Soviet Union","BMP-1(P)","damaged","https://i.postimg.cc/SR33DXqF/1053-bmp1-dam-21-10-23.jpg","2023-11-16",63,3541,2,"7-6335412","11/16/2023"
"3886","Russia","Soviet Union","BMP-1(P)","damaged","https://i.postimg.cc/Z5cKsDdh/478.png","2023-11-16",63,3542,2,"7-6335422","11/16/2023"
"3887","Russia","Soviet Union","BMP-1(P)","abandoned","https://i.postimg.cc/Z5cKsDdh/478.png","2023-11-16",63,3542,4,"7-6335424","11/16/2023"
"3888","Russia","Soviet Union","BMP-1(P)","damaged","https://i.postimg.cc/QMPbRrpP/8j.png","2023-11-16",63,3543,2,"7-6335432","11/16/2023"
"3889","Russia","Soviet Union","BMP-1(P)","abandoned","https://i.postimg.cc/QMPbRrpP/8j.png","2023-11-16",63,3543,4,"7-6335434","11/16/2023"
"3890","Russia","Soviet Union","BMP-1(P)","damaged","https://i.postimg.cc/CLz7N7gC/d3.jpg","2023-11-16",63,3544,2,"7-6335442","11/16/2023"
"3891","Russia","Soviet Union","BMP-1(P)","abandoned","https://i.postimg.cc/CLz7N7gC/d3.jpg","2023-11-16",63,3544,4,"7-6335444","11/16/2023"
"3892","Russia","Soviet Union","BMP-1(P)","abandoned","https://i.postimg.cc/D0F7t6vH/b55.jpg","2023-11-16",63,3545,4,"7-6335454","11/16/2023"
"3893","Russia","Soviet Union","BMP-1(P)","abandoned","https://i.postimg.cc/8Cpqfmv7/3322.jpg","2023-11-16",63,3546,4,"7-6335464","11/16/2023"
"3894","Russia","Soviet Union","BMP-1(P)","abandoned","https://i.postimg.cc/8ztZ9QFC/cs3.jpg","2023-11-16",63,3547,4,"7-6335474","11/16/2023"
"3895","Russia","Soviet Union","BMP-1(P)","abandoned","https://i.postimg.cc/pXwSB7s7/441.jpg","2023-11-16",63,3548,4,"7-6335484","11/16/2023"
"3896","Russia","Soviet Union","BMP-1(P)","damaged","https://twitter.com/Blue_Sauron/status/1577397473257361408","2023-11-16",63,2272,2,"7-6322722","11/16/2023"
"3897","Russia","Soviet Union","BMP-1(P)","abandoned","https://twitter.com/Blue_Sauron/status/1577397473257361408","2023-11-16",63,2272,4,"7-6322724","11/16/2023"
"3898","Russia","Soviet Union","BMP-1(P)","damaged","https://i.postimg.cc/CxMnZsGG/1002-bmp1-dam-aband-06-11-23.jpg","2023-11-16",63,3549,2,"7-6335492","11/16/2023"
"3899","Russia","Soviet Union","BMP-1(P)","abandoned","https://i.postimg.cc/CxMnZsGG/1002-bmp1-dam-aband-06-11-23.jpg","2023-11-16",63,3549,4,"7-6335494","11/16/2023"
"3900","Russia","Soviet Union","BMP-1(P)","damaged","https://i.postimg.cc/jdr64fMQ/1021-bmp1-dam-aband.jpg","2023-11-16",63,3550,2,"7-6335502","11/16/2023"
"3901","Russia","Soviet Union","BMP-1(P)","abandoned","https://i.postimg.cc/jdr64fMQ/1021-bmp1-dam-aband.jpg","2023-11-16",63,3550,4,"7-6335504","11/16/2023"
"3902","Russia","Soviet Union","BMP-1(P)","abandoned","https://i.postimg.cc/D0v3B5LN/1033-bmp1-aband.jpg","2023-11-16",63,3551,4,"7-6335514","11/16/2023"
"3903","Russia","Soviet Union","BMP-1(P)","damaged","https://i.postimg.cc/XJPbVTY2/1015-bmp1-dam-aband.jpg","2023-11-16",63,3552,2,"7-6335522","11/16/2023"
"3904","Russia","Soviet Union","BMP-1(P)","abandoned","https://i.postimg.cc/XJPbVTY2/1015-bmp1-dam-aband.jpg","2023-11-16",63,3552,4,"7-6335524","11/16/2023"
"3905","Russia","Soviet Union","BMP-1(P)","damaged","https://i.postimg.cc/8ktswz18/1012-bmp1-dam-aband-28-01-23.jpg","2023-11-16",63,3553,2,"7-6335532","11/16/2023"
"3906","Russia","Soviet Union","BMP-1(P)","abandoned","https://i.postimg.cc/8ktswz18/1012-bmp1-dam-aband-28-01-23.jpg","2023-11-16",63,3553,4,"7-6335534","11/16/2023"
"3907","Russia","Soviet Union","BMP-1(P)","damaged","https://i.postimg.cc/26hVmcLJ/1006-bmp1-dam-aband-02-02-23.jpg","2023-11-16",63,3554,2,"7-6335542","11/16/2023"
"3908","Russia","Soviet Union","BMP-1(P)","abandoned","https://i.postimg.cc/26hVmcLJ/1006-bmp1-dam-aband-02-02-23.jpg","2023-11-16",63,3554,4,"7-6335544","11/16/2023"
"3909","Russia","Soviet Union","BMP-1(P)","damaged","https://twitter.com/UAWeapons/status/1622943432581779459","2023-11-16",63,1621,2,"7-6316212","11/16/2023"
"3910","Russia","Soviet Union","BMP-1(P)","abandoned","https://twitter.com/UAWeapons/status/1622943432581779459","2023-11-16",63,1621,4,"7-6316214","11/16/2023"
"3911","Russia","Soviet Union","BMP-1(P)","damaged","https://i.postimg.cc/sfTvfdC0/1007-bmp1-dam-aband-07-02-23.jpg","2023-11-16",63,3555,2,"7-6335552","11/16/2023"
"3912","Russia","Soviet Union","BMP-1(P)","abandoned","https://i.postimg.cc/sfTvfdC0/1007-bmp1-dam-aband-07-02-23.jpg","2023-11-16",63,3555,4,"7-6335554","11/16/2023"
"3913","Russia","Soviet Union","BMP-1(P)","abandoned","https://i.postimg.cc/4yJztJnY/1008-bmp1-aband-10-02-23.jpg","2023-11-16",63,3556,4,"7-6335564","11/16/2023"
"3914","Russia","Soviet Union","BMP-1(P)","abandoned","https://i.postimg.cc/fT7fqSzd/1006-bmp1-aband-09-03-23.jpg","2023-11-16",63,3557,4,"7-6335574","11/16/2023"
"3915","Russia","Soviet Union","BMP-1(P)","damaged","https://i.postimg.cc/vTMbqnZD/1019-bmp1-dam-aband-26-02-23.jpg","2023-11-16",63,3558,2,"7-6335582","11/16/2023"
"3916","Russia","Soviet Union","BMP-1(P)","abandoned","https://i.postimg.cc/vTMbqnZD/1019-bmp1-dam-aband-26-02-23.jpg","2023-11-16",63,3558,4,"7-6335584","11/16/2023"
"3917","Russia","Soviet Union","BMP-1(P)","damaged","https://twitter.com/GloOouD/status/1641418947315613696","2023-11-16",63,3559,2,"7-6335592","11/16/2023"
"3918","Russia","Soviet Union","BMP-1(P)","abandoned","https://twitter.com/GloOouD/status/1641418947315613696","2023-11-16",63,3559,4,"7-6335594","11/16/2023"
"3919","Russia","Soviet Union","BMP-1(P)","damaged","https://twitter.com/UAWeapons/status/1643343199321161729","2023-11-16",63,3560,2,"7-6335602","11/16/2023"
"3920","Russia","Soviet Union","BMP-1(P)","abandoned","https://twitter.com/UAWeapons/status/1643343199321161729","2023-11-16",63,3560,4,"7-6335604","11/16/2023"
"3921","Russia","Soviet Union","BMP-1(P)","damaged","https://i.postimg.cc/W4thWvnf/332d5.png","2023-11-16",63,3561,2,"7-6335612","11/16/2023"
"3922","Russia","Soviet Union","BMP-1(P)","abandoned","https://i.postimg.cc/W4thWvnf/332d5.png","2023-11-16",63,3561,4,"7-6335614","11/16/2023"
"3923","Russia","Soviet Union","BMP-1(P)","damaged","https://twitter.com/UAWeapons/status/1660286197497753600","2023-11-16",63,1479,2,"7-6314792","11/16/2023"
"3924","Russia","Soviet Union","BMP-1(P)","abandoned","https://twitter.com/UAWeapons/status/1660286197497753600","2023-11-16",63,1479,4,"7-6314794","11/16/2023"
"3925","Russia","Soviet Union","BMP-1(P)","damaged","https://i.postimg.cc/RFF6KnLs/1018-bmp1-dan-aband-24-05-23.jpg","2023-11-16",63,3562,2,"7-6335622","11/16/2023"
"3926","Russia","Soviet Union","BMP-1(P)","abandoned","https://i.postimg.cc/RFF6KnLs/1018-bmp1-dan-aband-24-05-23.jpg","2023-11-16",63,3562,4,"7-6335624","11/16/2023"
"3927","Russia","Soviet Union","BMP-1(P)","abandoned","https://i.postimg.cc/rmPdJFh8/1010-bmp1-aband-21-05-23.jpg","2023-11-16",63,3563,4,"7-6335634","11/16/2023"
"3928","Russia","Soviet Union","BMP-1(P)","damaged","https://i.postimg.cc/rFDYndMN/1014-bmp1-dam-aband-11-06-23.jpg","2023-11-16",63,3564,2,"7-6335642","11/16/2023"
"3929","Russia","Soviet Union","BMP-1(P)","abandoned","https://i.postimg.cc/rFDYndMN/1014-bmp1-dam-aband-11-06-23.jpg","2023-11-16",63,3564,4,"7-6335644","11/16/2023"
"3930","Russia","Soviet Union","BMP-1(P)","damaged","https://i.postimg.cc/q7pstx1c/1048-bmp1-dam-aband-25-06-23.jpg","2023-11-16",63,3565,2,"7-6335652","11/16/2023"
"3931","Russia","Soviet Union","BMP-1(P)","abandoned","https://i.postimg.cc/q7pstx1c/1048-bmp1-dam-aband-25-06-23.jpg","2023-11-16",63,3565,4,"7-6335654","11/16/2023"
"3932","Russia","Soviet Union","BMP-1(P)","damaged","https://i.postimg.cc/3RLRLwrL/1015-bmp1-damaged-and-abandoned-09-07-23.jpg","2023-11-16",63,3566,2,"7-6335662","11/16/2023"
"3933","Russia","Soviet Union","BMP-1(P)","abandoned","https://i.postimg.cc/3RLRLwrL/1015-bmp1-damaged-and-abandoned-09-07-23.jpg","2023-11-16",63,3566,4,"7-6335664","11/16/2023"
"3934","Russia","Soviet Union","BMP-1(P)","abandoned","https://i.postimg.cc/qBSBgSNC/1014-bmp1-abandoned-09-07-23.jpg","2023-11-16",63,3567,4,"7-6335674","11/16/2023"
"3935","Russia","Soviet Union","BMP-1(P)","abandoned","https://i.postimg.cc/FFMfw7gq/1019-bmp1-abandoned-09-07-23.jpg","2023-11-16",63,3568,4,"7-6335684","11/16/2023"
"3936","Russia","Soviet Union","BMP-1(P)","damaged","https://i.postimg.cc/gJg9QWh7/1001-bmp1-dam-aband-13-07-23.jpg","2023-11-16",63,3569,2,"7-6335692","11/16/2023"
"3937","Russia","Soviet Union","BMP-1(P)","abandoned","https://i.postimg.cc/gJg9QWh7/1001-bmp1-dam-aband-13-07-23.jpg","2023-11-16",63,3569,4,"7-6335694","11/16/2023"
"3938","Russia","Soviet Union","BMP-1(P)","damaged","https://i.postimg.cc/V648Y3sp/436.png","2023-11-16",63,3570,2,"7-6335702","11/16/2023"
"3939","Russia","Soviet Union","BMP-1(P)","abandoned","https://i.postimg.cc/V648Y3sp/436.png","2023-11-16",63,3570,4,"7-6335704","11/16/2023"
"3940","Russia","Soviet Union","BMP-1(P)","damaged","https://i.postimg.cc/vTcrKxqJ/32766.png","2023-11-16",63,3571,2,"7-6335712","11/16/2023"
"3941","Russia","Soviet Union","BMP-1(P)","abandoned","https://i.postimg.cc/vTcrKxqJ/32766.png","2023-11-16",63,3571,4,"7-6335714","11/16/2023"
"3942","Russia","Soviet Union","BMP-1(P)","damaged","https://i.postimg.cc/QtRwN793/652.png","2023-11-16",63,3572,2,"7-6335722","11/16/2023"
"3943","Russia","Soviet Union","BMP-1(P)","abandoned","https://i.postimg.cc/QtRwN793/652.png","2023-11-16",63,3572,4,"7-6335724","11/16/2023"
"3944","Russia","Soviet Union","BMP-1(P)","abandoned","https://i.postimg.cc/kMx3QrtW/3251.png","2023-11-16",63,3573,4,"7-6335734","11/16/2023"
"3945","Russia","Soviet Union","BMP-1(P)","abandoned","https://i.postimg.cc/hjTw1xhK/319.png","2023-11-16",63,3574,4,"7-6335744","11/16/2023"
"3946","Russia","Soviet Union","BMP-1(P)","damaged","https://i.postimg.cc/FKxtNsb3/1041-bmp1-dam-aband-18-10-23.jpg","2023-11-16",63,3575,2,"7-6335752","11/16/2023"
"3947","Russia","Soviet Union","BMP-1(P)","abandoned","https://i.postimg.cc/FKxtNsb3/1041-bmp1-dam-aband-18-10-23.jpg","2023-11-16",63,3575,4,"7-6335754","11/16/2023"
"3948","Russia","Soviet Union","BMP-1(P)","abandoned","https://i.postimg.cc/HnPSzzXX/1028-1x-t64bv-1x-bmp1-destr-bmp1-aband-31-10-23.jpg","2023-11-16",63,134,4,"7-631344","11/16/2023"
"3949","Russia","Soviet Union","BMP-1(P)","abandoned","https://i.postimg.cc/L4brFcyz/1021-bmp1-aband-31-10-23.jpg","2023-11-16",63,3576,4,"7-6335764","11/16/2023"
"3950","Russia","Soviet Union","BMP-1(P)","damaged","https://i.postimg.cc/RZ9c8R8k/1001-bmp1-dam-aband-10-11-23.jpg","2023-11-16",63,3577,2,"7-6335772","11/16/2023"
"3951","Russia","Soviet Union","BMP-1(P)","abandoned","https://i.postimg.cc/RZ9c8R8k/1001-bmp1-dam-aband-10-11-23.jpg","2023-11-16",63,3577,4,"7-6335774","11/16/2023"
"3952","Russia","Soviet Union","BMP-1(P)","damaged","https://i.postimg.cc/W4wTp5Qd/6h5.png","2023-11-16",63,3578,2,"7-6335782","11/16/2023"
"3953","Russia","Soviet Union","BMP-1(P)","captured","https://i.postimg.cc/W4wTp5Qd/6h5.png","2023-11-16",63,3578,3,"7-6335783","11/16/2023"
"3954","Russia","Soviet Union","BMP-1(P)","captured","https://i.postimg.cc/vZKJYwpk/2022-09-11-BMP-1.jpg","2023-11-16",63,3579,3,"7-6335793","11/16/2023"
"3955","Russia","Soviet Union","BMP-1(P)","damaged","https://i.postimg.cc/4NDTHKWz/1000-bmp-1.jpg","2023-11-16",63,3580,2,"7-6335802","11/16/2023"
"3956","Russia","Soviet Union","BMP-1(P)","captured","https://i.postimg.cc/4NDTHKWz/1000-bmp-1.jpg","2023-11-16",63,3580,3,"7-6335803","11/16/2023"
"3957","Russia","Soviet Union","BMP-1(P)","captured","https://i.postimg.cc/Z5SQKHzb/32.png","2023-11-16",63,3581,3,"7-6335813","11/16/2023"
"3958","Russia","Soviet Union","BMP-1(P)","captured","https://i.postimg.cc/tgcR3bkz/1001-bmp1-capt-06-03-22.jpg","2023-11-16",63,3582,3,"7-6335823","11/16/2023"
"3959","Russia","Soviet Union","BMP-1(P)","captured","https://i.postimg.cc/x826xyLT/g0.png","2023-11-16",63,3583,3,"7-6335833","11/16/2023"
"3960","Russia","Soviet Union","BMP-1(P)","captured","https://i.postimg.cc/9XJw4wL4/6877.jpg","2023-11-16",63,3584,3,"7-6335843","11/16/2023"
"3961","Russia","Soviet Union","BMP-1(P)","captured","https://i.postimg.cc/Z5ZPkvKV/52.jpg","2023-11-16",63,3585,3,"7-6335853","11/16/2023"
"3962","Russia","Soviet Union","BMP-1(P)","captured","https://i.postimg.cc/br67qwCh/30.jpg","2023-11-16",63,3586,3,"7-6335863","11/16/2023"
"3963","Russia","Soviet Union","BMP-1(P)","captured","https://i.postimg.cc/Nj2bkD6q/389.png","2023-11-16",63,3587,3,"7-6335873","11/16/2023"
"3964","Russia","Soviet Union","BMP-1(P)","captured","https://i.postimg.cc/d3MG7nfd/dr.jpg","2023-11-16",63,3588,3,"7-6335883","11/16/2023"
"3965","Russia","Soviet Union","BMP-1(P)","captured","https://i.postimg.cc/CKSVtGFx/43f.png","2023-11-16",63,3589,3,"7-6335893","11/16/2023"
"3966","Russia","Soviet Union","BMP-1(P)","captured","https://i.postimg.cc/g0Yf4GDw/44f.png","2023-11-16",63,3590,3,"7-6335903","11/16/2023"
"3967","Russia","Soviet Union","BMP-1(P)","captured","https://twitter.com/UAWeapons/status/1527732387748233218","2023-11-16",63,3591,3,"7-6335913","11/16/2023"
"3968","Russia","Soviet Union","BMP-1(P)","captured","https://i.postimg.cc/FHQ3wKRX/h776.jpg","2023-11-16",63,3592,3,"7-6335923","11/16/2023"
"3969","Russia","Soviet Union","BMP-1(P)","captured","https://twitter.com/UAWeapons/status/1537774779591172096","2023-11-16",63,3593,3,"7-6335933","11/16/2023"
"3970","Russia","Soviet Union","BMP-1(P)","captured","https://i.postimg.cc/YSF30Tyn/7776.jpg","2023-11-16",63,3594,3,"7-6335943","11/16/2023"
"3971","Russia","Soviet Union","BMP-1(P)","captured","https://i.postimg.cc/02K6dR7P/ff4k.png","2023-11-16",63,3595,3,"7-6335953","11/16/2023"
"3972","Russia","Soviet Union","BMP-1(P)","captured","https://i.postimg.cc/sxG1jW4t/445.png","2023-11-16",63,3596,3,"7-6335963","11/16/2023"
"3973","Russia","Soviet Union","BMP-1(P)","captured","https://i.postimg.cc/NMNqGSRk/2022-03-02-BMP-1-abandoned-and-destroyed-Borodyanka.jpg","2023-11-16",63,3597,3,"7-6335973","11/16/2023"
"3974","Russia","Soviet Union","BMP-1(P)","captured","https://i.postimg.cc/kG9LR8PP/67.png","2023-11-16",63,3598,3,"7-6335983","11/16/2023"
"3975","Russia","Soviet Union","BMP-1(P)","captured","https://i.postimg.cc/bwHvf499/1006.jpg","2023-11-16",63,3599,3,"7-6335993","11/16/2023"
"3976","Russia","Soviet Union","BMP-1(P)","captured","https://i.postimg.cc/jjbzC407/79p.jpg","2023-11-16",63,3199,3,"7-6331993","11/16/2023"
"3977","Russia","Soviet Union","BMP-1(P)","captured","https://i.postimg.cc/Fsfzxfk5/1004-bmp1-capt.jpg","2023-11-16",63,3600,3,"7-6336003","11/16/2023"
"3978","Russia","Soviet Union","BMP-1(P)","captured","https://i.postimg.cc/HsNRcpkb/1002.jpg","2023-11-16",63,3601,3,"7-6336013","11/16/2023"
"3979","Russia","Soviet Union","BMP-1(P)","captured","https://i.postimg.cc/5NDK9ns3/1003.jpg","2023-11-16",63,3602,3,"7-6336023","11/16/2023"
"3980","Russia","Soviet Union","BMP-1(P)","captured","https://twitter.com/UAWeapons/status/1548716928415539202","2023-11-16",63,3603,3,"7-6336033","11/16/2023"
"3981","Russia","Soviet Union","BMP-1(P)","captured","https://i.postimg.cc/LXdd43CP/1004.jpg","2023-11-16",63,3604,3,"7-6336043","11/16/2023"
"3982","Russia","Soviet Union","BMP-1(P)","captured","https://i.postimg.cc/y697kxxm/1002.jpg","2023-11-16",63,3605,3,"7-6336053","11/16/2023"
"3983","Russia","Soviet Union","BMP-1(P)","captured","https://i.postimg.cc/RZGCGdcV/1018-bmp1-capt-16-02-23.jpg","2023-11-16",63,3606,3,"7-6336063","11/16/2023"
"3984","Russia","Soviet Union","BMP-1(P)","captured","https://i.postimg.cc/kGp8z952/Screenshot-9133.png","2023-11-16",63,3607,3,"7-6336073","11/16/2023"
"3985","Russia","Soviet Union","BMP-1(P)","captured","https://i.postimg.cc/sx0W64vt/1011-bmp1-capt-29-12-22.jpg","2023-11-16",63,3608,3,"7-6336083","11/16/2023"
"3986","Russia","Soviet Union","BMP-1(P)","captured","https://i.postimg.cc/bJLsPghp/ggg5.jpg","2023-11-16",63,3609,3,"7-6336093","11/16/2023"
"3987","Russia","Soviet Union","BMP-1(P)","captured","https://twitter.com/UAWeapons/status/1554939028432093184","2023-11-16",63,3610,3,"7-6336103","11/16/2023"
"3988","Russia","Soviet Union","BMP-1(P)","captured","https://i.postimg.cc/260SqLJ3/318.png","2023-11-16",63,3611,3,"7-6336113","11/16/2023"
"3989","Russia","Soviet Union","BMP-1(P)","captured","https://i.postimg.cc/yNmDQ6Zj/1002-bmp1.jpg","2023-11-16",63,3612,3,"7-6336123","11/16/2023"
"3990","Russia","Soviet Union","BMP-1(P)","captured","https://i.postimg.cc/650j2N8m/1002-bmp1.jpg","2023-11-16",63,3613,3,"7-6336133","11/16/2023"
"3991","Russia","Soviet Union","BMP-1(P)","captured","https://i.postimg.cc/KjDp9sDR/1014-vmp1-capt-31-03-22.jpg","2023-11-16",63,3614,3,"7-6336143","11/16/2023"
"3992","Russia","Soviet Union","BMP-1(P)","captured","https://i.postimg.cc/d3sTsX5R/1004-bmp1.jpg","2023-11-16",63,3615,3,"7-6336153","11/16/2023"
"3993","Russia","Soviet Union","BMP-1(P)","captured","https://i.postimg.cc/cJxxpRmY/1006-bmp1-capt-04-01-23.jpg","2023-11-16",63,3616,3,"7-6336163","11/16/2023"
"3994","Russia","Soviet Union","BMP-1(P)","captured","https://twitter.com/UAWeapons/status/1562876165164900352","2023-11-16",63,1668,3,"7-6316683","11/16/2023"
"3995","Russia","Soviet Union","BMP-1(P)","captured","https://twitter.com/UAWeapons/status/1563934285484236800","2023-11-16",63,3617,3,"7-6336173","11/16/2023"
"3996","Russia","Soviet Union","BMP-1(P)","captured","https://i.postimg.cc/8Cf8LBcp/5g.png","2023-11-16",63,3618,3,"7-6336183","11/16/2023"
"3997","Russia","Soviet Union","BMP-1(P)","damaged","https://i.postimg.cc/GmKgzL7N/1020-bmp1-2.jpg","2023-11-16",63,3619,2,"7-6336192","11/16/2023"
"3998","Russia","Soviet Union","BMP-1(P)","captured","https://i.postimg.cc/GmKgzL7N/1020-bmp1-2.jpg","2023-11-16",63,3619,3,"7-6336193","11/16/2023"
"3999","Russia","Soviet Union","BMP-1(P)","captured","https://i.postimg.cc/jStkzwXP/1021-bmp1.jpg","2023-11-16",63,3620,3,"7-6336203","11/16/2023"
"4000","Russia","Soviet Union","BMP-1(P)","captured","https://twitter.com/UAWeapons/status/1567970224015659011","2023-11-16",63,3621,3,"7-6336213","11/16/2023"
"4001","Russia","Soviet Union","BMP-1(P)","captured","https://i.postimg.cc/9QYM4kSj/1021-bmp1.jpg","2023-11-16",63,3622,3,"7-6336223","11/16/2023"
"4002","Russia","Soviet Union","BMP-1(P)","captured","https://i.postimg.cc/pLTnN0j2/1001-bmp1.jpg","2023-11-16",63,3623,3,"7-6336233","11/16/2023"
"4003","Russia","Soviet Union","BMP-1(P)","captured","https://i.postimg.cc/bwkF47Zn/1014-bmp2.jpg","2023-11-16",63,3624,3,"7-6336243","11/16/2023"
"4004","Russia","Soviet Union","BMP-1(P)","damaged","https://i.postimg.cc/RFMKbwc6/779j.png","2023-11-16",63,3625,2,"7-6336252","11/16/2023"
"4005","Russia","Soviet Union","BMP-1(P)","captured","https://i.postimg.cc/RFMKbwc6/779j.png","2023-11-16",63,3625,3,"7-6336253","11/16/2023"
"4006","Russia","Soviet Union","BMP-1(P)","captured","https://twitter.com/UAWeapons/status/1569058662869516289","2023-11-16",63,2708,3,"7-6327083","11/16/2023"
"4007","Russia","Soviet Union","BMP-1(P)","captured","https://i.postimg.cc/L6gn7XLT/1012-bmp1.jpg","2023-11-16",63,3626,3,"7-6336263","11/16/2023"
"4008","Russia","Soviet Union","BMP-1(P)","captured","https://i.postimg.cc/DzfhLZrb/1020-bmp-1-capt.jpg","2023-11-16",63,3627,3,"7-6336273","11/16/2023"
"4009","Russia","Soviet Union","BMP-1(P)","captured","https://twitter.com/UAWeapons/status/1569429188360167427","2023-11-16",63,3628,3,"7-6336283","11/16/2023"
"4010","Russia","Soviet Union","BMP-1(P)","captured","https://i.postimg.cc/RF1W2CVg/1015-bmp1.jpg","2023-11-16",63,3629,3,"7-6336293","11/16/2023"
"4011","Russia","Soviet Union","BMP-1(P)","captured","https://twitter.com/UAWeapons/status/1570157461973401600","2023-11-16",63,952,3,"7-639523","11/16/2023"
"4012","Russia","Soviet Union","BMP-1(P)","captured","https://i.postimg.cc/BQHYGVms/3gd.png","2023-11-16",63,3630,3,"7-6336303","11/16/2023"
"4013","Russia","Soviet Union","BMP-1(P)","captured","https://i.postimg.cc/MTC5QWBH/1002-bmp1.jpg","2023-11-16",63,3631,3,"7-6336313","11/16/2023"
"4014","Russia","Soviet Union","BMP-1(P)","captured","https://postimg.cc/0zKZyJT9","2023-11-16",63,3632,3,"7-6336323","11/16/2023"
"4015","Russia","Soviet Union","BMP-1(P)","captured","https://postimg.cc/ygWwhxR8","2023-11-16",63,3633,3,"7-6336333","11/16/2023"
"4016","Russia","Soviet Union","BMP-1(P)","captured","https://twitter.com/UAWeapons/status/1571180289560297476","2023-11-16",63,3634,3,"7-6336343","11/16/2023"
"4017","Russia","Soviet Union","BMP-1(P)","captured","https://postimg.cc/Yh1ntpQz","2023-11-16",63,3635,3,"7-6336353","11/16/2023"
"4018","Russia","Soviet Union","BMP-1(P)","captured","https://postimg.cc/D8D0p2CH","2023-11-16",63,3636,3,"7-6336363","11/16/2023"
"4019","Russia","Soviet Union","BMP-1(P)","captured","https://i.postimg.cc/DzKKF4L9/1008-bmp1-captu.jpg","2023-11-16",63,3637,3,"7-6336373","11/16/2023"
"4020","Russia","Soviet Union","BMP-1(P)","captured","https://i.postimg.cc/tCLKgxh2/2022-09-27-BMP-1.jpg","2023-11-16",63,3638,3,"7-6336383","11/16/2023"
"4021","Russia","Soviet Union","BMP-1(P)","captured","https://i.postimg.cc/mgq5H5pG/2022-09-14-BMP-1.jpg","2023-11-16",63,3639,3,"7-6336393","11/16/2023"
"4022","Russia","Soviet Union","BMP-1(P)","captured","https://twitter.com/UAWeapons/status/1577572528683466752","2023-11-16",63,3640,3,"7-6336403","11/16/2023"
"4023","Russia","Soviet Union","BMP-1(P)","captured","https://i.postimg.cc/vmRc0vQ8/1022-bmp-1-capt.jpg","2023-11-16",63,3641,3,"7-6336413","11/16/2023"
"4024","Russia","Soviet Union","BMP-1(P)","captured","https://i.postimg.cc/d08DpT12/1027-bmp1-capt.jpg","2023-11-16",63,3642,3,"7-6336423","11/16/2023"
"4025","Russia","Soviet Union","BMP-1(P)","captured","https://i.postimg.cc/bNJDrJCP/1028-bmp-1-capt.jpg","2023-11-16",63,3643,3,"7-6336433","11/16/2023"
"4026","Russia","Soviet Union","BMP-1(P)","captured","https://i.postimg.cc/FsBfL48L/1030-bmp1-capt.jpg","2023-11-16",63,3644,3,"7-6336443","11/16/2023"
"4027","Russia","Soviet Union","BMP-1(P)","captured","https://i.postimg.cc/HnydwBYG/1017-bmp1-dam-capt-25-12-22.jpg","2023-11-16",63,3645,3,"7-6336453","11/16/2023"
"4028","Russia","Soviet Union","BMP-1(P)","captured","https://i.postimg.cc/PfRWPNHg/1014-bmp1-capt.jpg","2023-11-16",63,3646,3,"7-6336463","11/16/2023"
"4029","Russia","Soviet Union","BMP-1(P)","damaged","https://i.postimg.cc/hvfV2RLZ/1033-bmp-1-dam-capt.jpg","2023-11-16",63,3647,2,"7-6336472","11/16/2023"
"4030","Russia","Soviet Union","BMP-1(P)","captured","https://i.postimg.cc/hvfV2RLZ/1033-bmp-1-dam-capt.jpg","2023-11-16",63,3647,3,"7-6336473","11/16/2023"
"4031","Russia","Soviet Union","BMP-1(P)","captured","https://twitter.com/naalsio26/status/1582059160274755588","2023-11-16",63,3648,3,"7-6336483","11/16/2023"
"4032","Russia","Soviet Union","BMP-1(P)","captured","https://i.postimg.cc/DwrtvmfN/1000-brm-1k-capt.jpg","2023-11-16",63,3649,3,"7-6336493","11/16/2023"
"4033","Russia","Soviet Union","BMP-1(P)","captured","https://i.postimg.cc/cHz0XsnT/1008-bmp1-capt.jpg","2023-11-16",63,3650,3,"7-6336503","11/16/2023"
"4034","Russia","Soviet Union","BMP-1(P)","captured","https://i.postimg.cc/Z5XRxNvW/1001-bmp1-capt.jpg","2023-11-16",63,3651,3,"7-6336513","11/16/2023"
"4035","Russia","Soviet Union","BMP-1(P)","damaged","https://i.postimg.cc/brQPVZt6/1007-bmp1-dam-capt-7-11.jpg","2023-11-16",63,3652,2,"7-6336522","11/16/2023"
"4036","Russia","Soviet Union","BMP-1(P)","captured","https://i.postimg.cc/brQPVZt6/1007-bmp1-dam-capt-7-11.jpg","2023-11-16",63,3652,3,"7-6336523","11/16/2023"
"4037","Russia","Soviet Union","BMP-1(P)","captured","https://twitter.com/UAWeapons/status/1588278800164347907","2023-11-16",63,3653,3,"7-6336533","11/16/2023"
"4038","Russia","Soviet Union","BMP-1(P)","damaged","https://i.postimg.cc/bNrQH1Xq/1005-bmp1-dam-capt-21-01-23.jpg","2023-11-16",63,3654,2,"7-6336542","11/16/2023"
"4039","Russia","Soviet Union","BMP-1(P)","captured","https://i.postimg.cc/bNrQH1Xq/1005-bmp1-dam-capt-21-01-23.jpg","2023-11-16",63,3654,3,"7-6336543","11/16/2023"
"4040","Russia","Soviet Union","BMP-1(P)","captured","https://i.postimg.cc/cCY4mNcV/1013-bmp1-capt-10-09-22.jpg","2023-11-16",63,3655,3,"7-6336553","11/16/2023"
"4041","Russia","Soviet Union","BMP-1(P)","captured","https://i.postimg.cc/Jn7Wv97x/439.png","2023-11-16",63,3656,3,"7-6336563","11/16/2023"
"4042","Russia","Soviet Union","BMP-1(P)","captured","https://i.postimg.cc/pLWDgHbm/1028-bmp1-capt.jpg","2023-11-16",63,3657,3,"7-6336573","11/16/2023"
"4043","Russia","Soviet Union","BMP-1(P)","captured","https://i.postimg.cc/15rLPmb4/1014-bmp1-capt.png","2023-11-16",63,3658,3,"7-6336583","11/16/2023"
"4044","Russia","Soviet Union","BMP-1(P)","captured","https://i.postimg.cc/nL8H6073/1023-bmp1-capt.jpg","2023-11-16",63,3659,3,"7-6336593","11/16/2023"
"4045","Russia","Soviet Union","BMP-1(P)","captured","https://i.postimg.cc/P5dzz35Q/dd.jpg","2023-11-16",63,3660,3,"7-6336603","11/16/2023"
"4046","Russia","Soviet Union","BMP-1(P)","captured","https://i.postimg.cc/TP8V402k/1001-bmp1-capt.jpg","2023-11-16",63,3661,3,"7-6336613","11/16/2023"
"4047","Russia","Soviet Union","BMP-1(P)","damaged","https://i.postimg.cc/R0kDQ427/1012-bmp1-dam-capt.jpg","2023-11-16",63,3662,2,"7-6336622","11/16/2023"
"4048","Russia","Soviet Union","BMP-1(P)","captured","https://i.postimg.cc/R0kDQ427/1012-bmp1-dam-capt.jpg","2023-11-16",63,3662,3,"7-6336623","11/16/2023"
"4049","Russia","Soviet Union","BMP-1(P)","captured","https://i.postimg.cc/9FswnBrK/1005-brm-1k-capt.jpg","2023-11-16",63,3663,3,"7-6336633","11/16/2023"
"4050","Russia","Soviet Union","BMP-1(P)","captured","https://i.postimg.cc/9FdNXqSm/1005-bmp1-capt.jpg","2023-11-16",63,3664,3,"7-6336643","11/16/2023"
"4051","Russia","Russia","BMP-1AM","destroyed","https://i.postimg.cc/kMNBcp0v/6899.png","2023-11-16",64,3665,1,"7-6436651","11/16/2023"
"4052","Russia","Russia","BMP-1AM","destroyed","https://i.postimg.cc/ZYwxwfgq/k87.jpg","2023-11-16",64,3666,1,"7-6436661","11/16/2023"
"4053","Russia","Russia","BMP-1AM","destroyed","https://twitter.com/UAWeapons/status/1529494451705593861","2023-11-16",64,3667,1,"7-6436671","11/16/2023"
"4054","Russia","Russia","BMP-1AM","destroyed","https://i.postimg.cc/nLJHLtbB/6h6h.jpg","2023-11-16",64,3668,1,"7-6436681","11/16/2023"
"4055","Russia","Russia","BMP-1AM","destroyed","https://i.postimg.cc/KjxTtT3d/4f0.png","2023-11-16",64,3669,1,"7-6436691","11/16/2023"
"4056","Russia","Russia","BMP-1AM","destroyed","https://i.postimg.cc/76XHnSxQ/1009.jpg","2023-11-16",64,3670,1,"7-6436701","11/16/2023"
"4057","Russia","Russia","BMP-1AM","captured","https://i.postimg.cc/8CbfN504/57h.png","2023-11-16",64,3671,3,"7-6436713","11/16/2023"
"4058","Russia","Russia","BMP-1AM","destroyed","https://i.postimg.cc/8CbfN504/57h.png","2023-11-16",64,3671,1,"7-6436711","11/16/2023"
"4059","Russia","Russia","BMP-1AM","destroyed","https://i.postimg.cc/90MrW0yq/1000-bmp1am.jpg","2023-11-16",64,3672,1,"7-6436721","11/16/2023"
"4060","Russia","Russia","BMP-1AM","destroyed","https://i.postimg.cc/sgCPYz3m/315234247-3330800447199285-3742808101932339868-n.jpg","2023-11-16",64,3673,1,"7-6436731","11/16/2023"
"4061","Russia","Russia","BMP-1AM","destroyed","https://i.postimg.cc/FsDV2V2h/6h5.png","2023-11-16",64,3674,1,"7-6436741","11/16/2023"
"4062","Russia","Russia","BMP-1AM","destroyed","https://i.postimg.cc/QdWGPmGZ/3116.png","2023-11-16",64,3675,1,"7-6436751","11/16/2023"
"4063","Russia","Russia","BMP-1AM","destroyed","https://i.postimg.cc/BQvvTDWx/1028-bmp1am-destr-24-04-03.jpg","2023-11-16",64,3676,1,"7-6436761","11/16/2023"
"4064","Russia","Russia","BMP-1AM","destroyed","https://i.postimg.cc/ZKfC2HP7/1007-bmp1am-destr-25-04-23.jpg","2023-11-16",64,3677,1,"7-6436771","11/16/2023"
"4065","Russia","Russia","BMP-1AM","destroyed","https://i.postimg.cc/mD0ss1zB/1010-BMP-1-AM-destr-26-05-23.jpg","2023-11-16",64,3678,1,"7-6436781","11/16/2023"
"4066","Russia","Russia","BMP-1AM","destroyed","https://i.postimg.cc/59FkzXk9/1007-BMP-1-AM-destr-31-05-23.jpg","2023-11-16",64,3679,1,"7-6436791","11/16/2023"
"4067","Russia","Russia","BMP-1AM","destroyed","https://i.postimg.cc/XvjFSFXK/1026-bmp1am-destr-19-07-23.jpg","2023-11-16",64,3680,1,"7-6436801","11/16/2023"
"4068","Russia","Russia","BMP-1AM","destroyed","https://twitter.com/Danspiun/status/1698835944701374475","2023-11-16",64,3681,1,"7-6436811","11/16/2023"
"4069","Russia","Russia","BMP-1AM","destroyed","https://i.postimg.cc/0yZjGsLK/4387.png","2023-11-16",64,3682,1,"7-6436821","11/16/2023"
"4070","Russia","Russia","BMP-1AM","destroyed","https://i.postimg.cc/VN9wvFwS/1023-bmp1am-destr-19-10-23.jpg","2023-11-16",64,3683,1,"7-6436831","11/16/2023"
"4071","Russia","Russia","BMP-1AM","destroyed","https://i.postimg.cc/x88VsDzH/1027-bmp1am-and-bmp2-destr-19-10-23.jpg","2023-11-16",64,3684,1,"7-6436841","11/16/2023"
"4072","Russia","Russia","BMP-1AM","damaged","https://i.postimg.cc/qvkx4tbF/11-14-2022-BMP-1-AM-damaged.png","2023-11-16",64,3685,2,"7-6436852","11/16/2023"
"4073","Russia","Russia","BMP-1AM","damaged","https://i.postimg.cc/xTp3WtGk/1029-bmp1am-dam-20-01-23.jpg","2023-11-16",64,3686,2,"7-6436862","11/16/2023"
"4074","Russia","Russia","BMP-1AM","damaged","https://i.postimg.cc/XvQ0b93c/1002-bmp1am-dam-17-08-23.jpg","2023-11-16",64,3687,2,"7-6436872","11/16/2023"
"4075","Russia","Russia","BMP-1AM","damaged","https://i.postimg.cc/0Nbx8HDv/dc.jpg","2023-11-16",64,3688,2,"7-6436882","11/16/2023"
"4076","Russia","Russia","BMP-1AM","abandoned","https://i.postimg.cc/0Nbx8HDv/dc.jpg","2023-11-16",64,3688,4,"7-6436884","11/16/2023"
"4077","Russia","Russia","BMP-1AM","abandoned","https://i.postimg.cc/j5fbfwMk/d4.jpg","2023-11-16",64,3689,4,"7-6436894","11/16/2023"
"4078","Russia","Russia","BMP-1AM","abandoned","https://i.postimg.cc/SQrpTVVm/548.png","2023-11-16",64,3690,4,"7-6436904","11/16/2023"
"4079","Russia","Russia","BMP-1AM","damaged","https://twitter.com/UAWeapons/status/1628467332648411137","2023-11-16",64,3691,2,"7-6436912","11/16/2023"
"4080","Russia","Russia","BMP-1AM","abandoned","https://twitter.com/UAWeapons/status/1628467332648411137","2023-11-16",64,3691,4,"7-6436914","11/16/2023"
"4081","Russia","Russia","BMP-1AM","damaged","https://i.postimg.cc/2SNYFz2v/1023-BMP-1-P-dam-aband-15-08-23.jpg","2023-11-16",64,3692,2,"7-6436922","11/16/2023"
"4082","Russia","Russia","BMP-1AM","abandoned","https://i.postimg.cc/2SNYFz2v/1023-BMP-1-P-dam-aband-15-08-23.jpg","2023-11-16",64,3692,4,"7-6436924","11/16/2023"
"4083","Russia","Russia","BMP-1AM","damaged","https://i.postimg.cc/3rnkfHx6/548.png","2023-11-16",64,3693,2,"7-6436932","11/16/2023"
"4084","Russia","Russia","BMP-1AM","abandoned","https://i.postimg.cc/3rnkfHx6/548.png","2023-11-16",64,3693,4,"7-6436934","11/16/2023"
"4085","Russia","Russia","BMP-1AM","abandoned","https://twitter.com/Danspiun/status/1724039908635849028","2023-11-16",64,3694,4,"7-6436944","11/16/2023"
"4086","Russia","Russia","BMP-1AM","damaged","https://twitter.com/UAWeapons/status/1558386570432073728","2023-11-16",64,3695,2,"7-6436952","11/16/2023"
"4087","Russia","Russia","BMP-1AM","captured","https://twitter.com/UAWeapons/status/1558386570432073728","2023-11-16",64,3695,3,"7-6436953","11/16/2023"
"4088","Russia","Russia","BMP-1AM","damaged","https://i.postimg.cc/RZnJ6Wy7/1003-bmp1am.jpg","2023-11-16",64,3696,2,"7-6436962","11/16/2023"
"4089","Russia","Russia","BMP-1AM","captured","https://i.postimg.cc/RZnJ6Wy7/1003-bmp1am.jpg","2023-11-16",64,3696,3,"7-6436963","11/16/2023"
"4090","Russia","Russia","BMP-1AM","captured","https://i.postimg.cc/SRvNL7cN/1002-bmp1am-capt.png","2023-11-16",64,3697,3,"7-6436973","11/16/2023"
"4091","Russia","Russia","BMP-1AM","damaged","https://twitter.com/UAWeapons/status/1592896768194535424","2023-11-16",64,3698,2,"7-6436982","11/16/2023"
"4092","Russia","Russia","BMP-1AM","captured","https://twitter.com/UAWeapons/status/1592896768194535424","2023-11-16",64,3698,3,"7-6436983","11/16/2023"
"4093","Russia","Russia","BMP-1AM","captured","https://twitter.com/UAWeapons/status/1592860273375076359","2023-11-16",64,3699,3,"7-6436993","11/16/2023"
"4094","Russia","Russia","BMP-1AM","captured","https://i.postimg.cc/qqV2j4WQ/1021-bmp1am-capt-09-03-23.jpg","2023-11-16",64,3700,3,"7-6437003","11/16/2023"
"4095","Russia","Russia","BMP-1AM","captured","https://i.postimg.cc/J0NZFSL8/1022-bmp1am-capt-09-03-23.jpg","2023-11-16",64,3701,3,"7-6437013","11/16/2023"
"4096","Russia","Soviet Union","1046 BMP-2(K)","destroyed","https://i.postimg.cc/DfPKVNGh/13.png","2023-11-16",65,3702,1,"7-6537021","11/16/2023"
"4097","Russia","Soviet Union","1046 BMP-2(K)","destroyed","https://i.postimg.cc/26qYmmgL/668.png","2023-11-16",65,3703,1,"7-6537031","11/16/2023"
"4098","Russia","Soviet Union","1046 BMP-2(K)","destroyed","https://i.postimg.cc/43mvcd15/b1.png","2023-11-16",65,3704,1,"7-6537041","11/16/2023"
"4099","Russia","Soviet Union","1046 BMP-2(K)","destroyed","https://i.postimg.cc/NMX1NzS2/b2.png","2023-11-16",65,3705,1,"7-6537051","11/16/2023"
"4100","Russia","Soviet Union","1046 BMP-2(K)","destroyed","https://i.postimg.cc/7Z1483JC/4433.png","2023-11-16",65,3706,1,"7-6537061","11/16/2023"
"4101","Russia","Soviet Union","1046 BMP-2(K)","destroyed","https://i.postimg.cc/vHXP8qy9/65.png","2023-11-16",65,3707,1,"7-6537071","11/16/2023"
"4102","Russia","Soviet Union","1046 BMP-2(K)","destroyed","https://i.postimg.cc/Xvkd415C/gg6.jpg","2023-11-16",65,3708,1,"7-6537081","11/16/2023"
"4103","Russia","Soviet Union","1046 BMP-2(K)","destroyed","https://i.postimg.cc/0j9NCj2K/f24.png","2023-11-16",65,3709,1,"7-6537091","11/16/2023"
"4104","Russia","Soviet Union","1046 BMP-2(K)","destroyed","https://i.postimg.cc/bN5jGvj1/1013-bmp2-destr.jpg","2023-11-16",65,3710,1,"7-6537101","11/16/2023"
"4105","Russia","Soviet Union","1046 BMP-2(K)","destroyed","https://i.postimg.cc/MGW4MFw5/1022-bmp2-destr-06-01-23.jpg","2023-11-16",65,3711,1,"7-6537111","11/16/2023"
"4106","Russia","Soviet Union","1046 BMP-2(K)","destroyed","https://i.postimg.cc/5NDvYDNJ/bbmmpp22.jpg","2023-11-16",65,3712,1,"7-6537121","11/16/2023"
"4107","Russia","Soviet Union","1046 BMP-2(K)","destroyed","https://i.postimg.cc/gkTGLLWz/985.png","2023-11-16",65,3713,1,"7-6537131","11/16/2023"
"4108","Russia","Soviet Union","1046 BMP-2(K)","destroyed","https://twitter.com/UAWeapons/status/1586833829506998272","2023-11-16",65,3282,1,"7-6532821","11/16/2023"
"4109","Russia","Soviet Union","1046 BMP-2(K)","destroyed","https://i.postimg.cc/hPWjt8Fk/443.png","2023-11-16",65,3714,1,"7-6537141","11/16/2023"
"4110","Russia","Soviet Union","1046 BMP-2(K)","destroyed","https://i.postimg.cc/tJXqrWt2/5y8.png","2023-11-16",65,3715,1,"7-6537151","11/16/2023"
"4111","Russia","Soviet Union","1046 BMP-2(K)","destroyed","https://i.postimg.cc/ydzX833d/f46.png","2023-11-16",65,3716,1,"7-6537161","11/16/2023"
"4112","Russia","Soviet Union","1046 BMP-2(K)","destroyed","https://i.postimg.cc/BbPvL9ZN/hh7.jpg","2023-11-16",65,3717,1,"7-6537171","11/16/2023"
"4113","Russia","Soviet Union","1046 BMP-2(K)","destroyed","https://i.postimg.cc/vm4hHy4D/f23a.png","2023-11-16",65,3718,1,"7-6537181","11/16/2023"
"4114","Russia","Soviet Union","1046 BMP-2(K)","destroyed","https://i.postimg.cc/dQCjCzmb/1006-bmp2.jpg","2023-11-16",65,3719,1,"7-6537191","11/16/2023"
"4115","Russia","Soviet Union","1046 BMP-2(K)","destroyed","https://i.postimg.cc/PfvwgJQJ/4f22.png","2023-11-16",65,3720,1,"7-6537201","11/16/2023"
"4116","Russia","Soviet Union","1046 BMP-2(K)","destroyed","https://i.postimg.cc/jSsg42Dg/213.png","2023-11-16",65,3721,1,"7-6537211","11/16/2023"
"4117","Russia","Soviet Union","1046 BMP-2(K)","destroyed","https://i.postimg.cc/JhDwp7rZ/n8.png","2023-11-16",65,3722,1,"7-6537221","11/16/2023"
"4118","Russia","Soviet Union","1046 BMP-2(K)","destroyed","https://postimg.cc/XBC00RJW","2023-11-16",65,3723,1,"7-6537231","11/16/2023"
"4119","Russia","Soviet Union","1046 BMP-2(K)","destroyed","https://i.postimg.cc/3r029r2n/1010-bmp2-destr.jpg","2023-11-16",65,3724,1,"7-6537241","11/16/2023"
"4120","Russia","Soviet Union","1046 BMP-2(K)","destroyed","https://i.postimg.cc/1XWcgCn1/653g.jpg","2023-11-16",65,3725,1,"7-6537251","11/16/2023"
"4121","Russia","Soviet Union","1046 BMP-2(K)","destroyed","https://i.postimg.cc/ZqKnwD3v/f3hj.png","2023-11-16",65,3726,1,"7-6537261","11/16/2023"
"4122","Russia","Soviet Union","1046 BMP-2(K)","destroyed","https://i.postimg.cc/dQ7HcyY7/bmp2.png","2023-11-16",65,3727,1,"7-6537271","11/16/2023"
"4123","Russia","Soviet Union","1046 BMP-2(K)","destroyed","https://postlmg.cc/jny01hRh","2023-11-16",65,3728,1,"7-6537281","11/16/2023"
"4124","Russia","Soviet Union","1046 BMP-2(K)","destroyed","https://i.postimg.cc/sxpLZX17/44f1.png","2023-11-16",65,3729,1,"7-6537291","11/16/2023"
"4125","Russia","Soviet Union","1046 BMP-2(K)","destroyed","https://i.postimg.cc/m2bRRf7L/5g.png","2023-11-16",65,3730,1,"7-6537301","11/16/2023"
"4126","Russia","Soviet Union","1046 BMP-2(K)","destroyed","https://i.postimg.cc/Hk71bCpR/1010-bmp2-destr.jpg","2023-11-16",65,3731,1,"7-6537311","11/16/2023"
"4127","Russia","Soviet Union","1046 BMP-2(K)","destroyed","https://i.postimg.cc/ydz8Z3P1/3217.png","2023-11-16",65,3732,1,"7-6537321","11/16/2023"
"4128","Russia","Soviet Union","1046 BMP-2(K)","destroyed","https://i.postimg.cc/NFmgtZsB/3d1.png","2023-11-16",65,3733,1,"7-6537331","11/16/2023"
"4129","Russia","Soviet Union","1046 BMP-2(K)","destroyed","https://i.postimg.cc/vZpbpC2m/415.png","2023-11-16",65,3734,1,"7-6537341","11/16/2023"
"4130","Russia","Soviet Union","1046 BMP-2(K)","destroyed","https://i.postimg.cc/3Jzmmyqb/57h.png","2023-11-16",65,3735,1,"7-6537351","11/16/2023"
"4131","Russia","Soviet Union","1046 BMP-2(K)","destroyed","https://i.postimg.cc/Jzh9cSf0/313.png","2023-11-16",65,3736,1,"7-6537361","11/16/2023"
"4132","Russia","Soviet Union","1046 BMP-2(K)","destroyed","https://i.postimg.cc/cCdrjdTk/1030-bmp2.jpg","2023-11-16",65,3737,1,"7-6537371","11/16/2023"
"4133","Russia","Soviet Union","1046 BMP-2(K)","destroyed","https://twitter.com/UAWeapons/status/1586443119985274880","2023-11-16",65,3738,1,"7-6537381","11/16/2023"
"4134","Russia","Soviet Union","1046 BMP-2(K)","destroyed","https://i.postimg.cc/JnYJmR9J/3d.png","2023-11-16",65,3739,1,"7-6537391","11/16/2023"
"4135","Russia","Soviet Union","1046 BMP-2(K)","destroyed","https://i.postimg.cc/CK4yw2np/1011-bmp2-destr-23-04-23.jpg","2023-11-16",65,3740,1,"7-6537401","11/16/2023"
"4136","Russia","Soviet Union","1046 BMP-2(K)","destroyed","https://i.postimg.cc/T3bXJd6c/4g.png","2023-11-16",65,3741,1,"7-6537411","11/16/2023"
"4137","Russia","Soviet Union","1046 BMP-2(K)","destroyed","https://i.postimg.cc/0jHKLbvz/f86.png","2023-11-16",65,3742,1,"7-6537421","11/16/2023"
"4138","Russia","Soviet Union","1046 BMP-2(K)","destroyed","https://twitter.com/UAWeapons/status/1505490721989611524","2023-11-16",65,3743,1,"7-6537431","11/16/2023"
"4139","Russia","Soviet Union","1046 BMP-2(K)","destroyed","https://i.postimg.cc/BnBx7nDb/764.png","2023-11-16",65,3744,1,"7-6537441","11/16/2023"
"4140","Russia","Soviet Union","1046 BMP-2(K)","destroyed","https://i.postimg.cc/YSwk8bdb/1032-bmp2.jpg","2023-11-16",65,3745,1,"7-6537451","11/16/2023"
"4141","Russia","Soviet Union","1046 BMP-2(K)","destroyed","https://i.postimg.cc/9M863pB3/1033-bmp2.jpg","2023-11-16",65,3746,1,"7-6537461","11/16/2023"
"4142","Russia","Soviet Union","1046 BMP-2(K)","destroyed","https://i.postimg.cc/vTdWjXkN/355.png","2023-11-16",65,3747,1,"7-6537471","11/16/2023"
"4143","Russia","Soviet Union","1046 BMP-2(K)","destroyed","https://i.postimg.cc/h4VCnDsZ/33188.png","2023-11-16",65,3748,1,"7-6537481","11/16/2023"
"4144","Russia","Soviet Union","1046 BMP-2(K)","destroyed","https://i.postimg.cc/Jhfk4vJ9/d133.jpg","2023-11-16",65,3749,1,"7-6537491","11/16/2023"
"4145","Russia","Soviet Union","1046 BMP-2(K)","destroyed","https://i.postimg.cc/NMD3tQD2/76.jpg","2023-11-16",65,3750,1,"7-6537501","11/16/2023"
"4146","Russia","Soviet Union","1046 BMP-2(K)","destroyed","https://i.postimg.cc/9z5BPs2b/m1.png","2023-11-16",65,3751,1,"7-6537511","11/16/2023"
"4147","Russia","Soviet Union","1046 BMP-2(K)","destroyed","https://i.postimg.cc/3J2MMTkK/m2.png","2023-11-16",65,3752,1,"7-6537521","11/16/2023"
"4148","Russia","Soviet Union","1046 BMP-2(K)","destroyed","https://i.postimg.cc/CMfXDgHj/m3.png","2023-11-16",65,3753,1,"7-6537531","11/16/2023"
"4149","Russia","Soviet Union","1046 BMP-2(K)","destroyed","https://i.postimg.cc/43dF3kxH/m4.png","2023-11-16",65,3754,1,"7-6537541","11/16/2023"
"4150","Russia","Soviet Union","1046 BMP-2(K)","destroyed","https://i.postimg.cc/QtK4pQ5X/m5.png","2023-11-16",65,3755,1,"7-6537551","11/16/2023"
"4151","Russia","Soviet Union","1046 BMP-2(K)","destroyed","https://i.postimg.cc/PJG6KCz1/m6.png","2023-11-16",65,3756,1,"7-6537561","11/16/2023"
"4152","Russia","Soviet Union","1046 BMP-2(K)","destroyed","https://i.postimg.cc/fyY13NNs/1034-bmp2.jpg","2023-11-16",65,3757,1,"7-6537571","11/16/2023"
"4153","Russia","Soviet Union","1046 BMP-2(K)","destroyed","https://i.postimg.cc/KvkpxVnz/t4.jpg","2023-11-16",65,3758,1,"7-6537581","11/16/2023"
"4154","Russia","Soviet Union","1046 BMP-2(K)","destroyed","https://i.postimg.cc/HnJzWc8K/t5.jpg","2023-11-16",65,3759,1,"7-6537591","11/16/2023"
"4155","Russia","Soviet Union","1046 BMP-2(K)","destroyed","https://i.postimg.cc/VNZcqP4V/4.png","2023-11-16",65,3760,1,"7-6537601","11/16/2023"
"4156","Russia","Soviet Union","1046 BMP-2(K)","destroyed","https://twitter.com/UAWeapons/status/1506665767206592516","2023-11-16",65,3761,1,"7-6537611","11/16/2023"
"4157","Russia","Soviet Union","1046 BMP-2(K)","destroyed","https://i.postimg.cc/TP1qqvsj/7644.jpg","2023-11-16",65,3762,1,"7-6537621","11/16/2023"
"4158","Russia","Soviet Union","1046 BMP-2(K)","destroyed","https://i.postimg.cc/fTmYsJJb/54f.png","2023-11-16",65,1256,1,"7-6512561","11/16/2023"
"4159","Russia","Soviet Union","1046 BMP-2(K)","destroyed","https://i.postimg.cc/zvB5NG1f/b11.jpg","2023-11-16",65,3763,1,"7-6537631","11/16/2023"
"4160","Russia","Soviet Union","1046 BMP-2(K)","destroyed","https://i.postimg.cc/6QKYW16J/bmp22.jpg","2023-11-16",65,3764,1,"7-6537641","11/16/2023"
"4161","Russia","Soviet Union","1046 BMP-2(K)","destroyed","https://i.postimg.cc/90g5GGjH/c5.png","2023-11-16",65,3765,1,"7-6537651","11/16/2023"
"4162","Russia","Soviet Union","1046 BMP-2(K)","destroyed","https://i.postimg.cc/8cm0ZHPn/368.jpg","2023-11-16",65,3766,1,"7-6537661","11/16/2023"
"4163","Russia","Soviet Union","1046 BMP-2(K)","destroyed","https://i.postimg.cc/DZHXtkmS/bbmp22.png","2023-11-16",65,3767,1,"7-6537671","11/16/2023"
"4164","Russia","Soviet Union","1046 BMP-2(K)","destroyed","https://i.postimg.cc/d1bh52Sd/bmmp.png","2023-11-16",65,3768,1,"7-6537681","11/16/2023"
"4165","Russia","Soviet Union","1046 BMP-2(K)","destroyed","https://i.postimg.cc/yNrgZ4mL/bmmmppp22.jpg","2023-11-16",65,3769,1,"7-6537691","11/16/2023"
"4166","Russia","Soviet Union","1046 BMP-2(K)","destroyed","https://i.postimg.cc/2jZS8BVb/bmp.jpg","2023-11-16",65,3770,1,"7-6537701","11/16/2023"
"4167","Russia","Soviet Union","1046 BMP-2(K)","destroyed","https://i.postimg.cc/nc8BHDGM/bmp22222222222.png","2023-11-16",65,3771,1,"7-6537711","11/16/2023"
"4168","Russia","Soviet Union","1046 BMP-2(K)","destroyed","https://i.postimg.cc/9FNbyxhF/1014-bmp2.jpg","2023-11-16",65,3772,1,"7-6537721","11/16/2023"
"4169","Russia","Soviet Union","1046 BMP-2(K)","destroyed","https://twitter.com/UAWeapons/status/1584494128075010051","2023-11-16",65,3773,1,"7-6537731","11/16/2023"
"4170","Russia","Soviet Union","1046 BMP-2(K)","destroyed","https://i.postimg.cc/x8mxhn6r/1000.jpg","2023-11-16",65,3774,1,"7-6537741","11/16/2023"
"4171","Russia","Soviet Union","1046 BMP-2(K)","destroyed","https://i.postimg.cc/3JgpWxt1/bmpp2.png","2023-11-16",65,3775,1,"7-6537751","11/16/2023"
"4172","Russia","Soviet Union","1046 BMP-2(K)","destroyed","https://i.postimg.cc/NG1NnbBw/bmp22222222.png","2023-11-16",65,3776,1,"7-6537761","11/16/2023"
"4173","Russia","Soviet Union","1046 BMP-2(K)","destroyed","https://i.postimg.cc/Y2gVHMNZ/bbmmppp222.jpg","2023-11-16",65,3777,1,"7-6537771","11/16/2023"
"4174","Russia","Soviet Union","1046 BMP-2(K)","destroyed","https://postimg.cc/phZCNkpj","2023-11-16",65,3778,1,"7-6537781","11/16/2023"
"4175","Russia","Soviet Union","1046 BMP-2(K)","destroyed","https://twitter.com/UAWeapons/status/1584490371987668992","2023-11-16",65,3779,1,"7-6537791","11/16/2023"
"4176","Russia","Soviet Union","1046 BMP-2(K)","destroyed","https://i.postimg.cc/cJDJ2cqY/1017-bmp2-destr.jpg","2023-11-16",65,3780,1,"7-6537801","11/16/2023"
"4177","Russia","Soviet Union","1046 BMP-2(K)","destroyed","https://i.postimg.cc/02N9bNqq/c4.png","2023-11-16",65,3781,1,"7-6537811","11/16/2023"
"4178","Russia","Soviet Union","1046 BMP-2(K)","destroyed","https://i.postimg.cc/RZPpRF96/bmmpp2222.jpg","2023-11-16",65,3782,1,"7-6537821","11/16/2023"
"4179","Russia","Soviet Union","1046 BMP-2(K)","destroyed","https://i.postimg.cc/MKW6Bzsv/356.png","2023-11-16",65,3783,1,"7-6537831","11/16/2023"
"4180","Russia","Soviet Union","1046 BMP-2(K)","destroyed","https://i.postimg.cc/Xq0sJBKh/bmmppp2.png","2023-11-16",65,3784,1,"7-6537841","11/16/2023"
"4181","Russia","Soviet Union","1046 BMP-2(K)","destroyed","https://i.postimg.cc/J0cPB7Ph/dbmp2.png","2023-11-16",65,3785,1,"7-6537851","11/16/2023"
"4182","Russia","Soviet Union","1046 BMP-2(K)","destroyed","https://i.postimg.cc/PqxGS9mb/1035-bmp2.jpg","2023-11-16",65,3786,1,"7-6537861","11/16/2023"
"4183","Russia","Soviet Union","1046 BMP-2(K)","destroyed","https://i.postimg.cc/rFNPDjP9/bbmmp222.jpg","2023-11-16",65,3787,1,"7-6537871","11/16/2023"
"4184","Russia","Soviet Union","1046 BMP-2(K)","destroyed","https://postimg.cc/mtqwGP2m","2023-11-16",65,3788,1,"7-6537881","11/16/2023"
"4185","Russia","Soviet Union","1046 BMP-2(K)","destroyed","https://i.postimg.cc/RhsJYj0R/bb1.png","2023-11-16",65,3789,1,"7-6537891","11/16/2023"
"4186","Russia","Soviet Union","1046 BMP-2(K)","destroyed","https://i.postimg.cc/QN07VWqT/bb2.jpg","2023-11-16",65,3790,1,"7-6537901","11/16/2023"
"4187","Russia","Soviet Union","1046 BMP-2(K)","destroyed","https://i.postimg.cc/GhtyDhMS/bb3.jpg","2023-11-16",65,3791,1,"7-6537911","11/16/2023"
"4188","Russia","Soviet Union","1046 BMP-2(K)","destroyed","https://twitter.com/Blue_Sauron/status/1544419526674186241","2023-11-16",65,3792,1,"7-6537921","11/16/2023"
"4189","Russia","Soviet Union","1046 BMP-2(K)","destroyed","https://i.postimg.cc/2576JPcZ/bb4.png","2023-11-16",65,3793,1,"7-6537931","11/16/2023"
"4190","Russia","Soviet Union","1046 BMP-2(K)","destroyed","https://i.postimg.cc/26fsBvjK/6889.png","2023-11-16",65,3794,1,"7-6537941","11/16/2023"
"4191","Russia","Soviet Union","1046 BMP-2(K)","destroyed","https://i.postimg.cc/4xg917LB/1015-BMP-2.jpg","2023-11-16",65,3795,1,"7-6537951","11/16/2023"
"4192","Russia","Soviet Union","1046 BMP-2(K)","destroyed","https://i.postimg.cc/Vs9djKj6/570.jpg","2023-11-16",65,3796,1,"7-6537961","11/16/2023"
"4193","Russia","Soviet Union","1046 BMP-2(K)","destroyed","https://i.postimg.cc/Jz5BYrSm/1016-BMP-2.jpg","2023-11-16",65,3797,1,"7-6537971","11/16/2023"
"4194","Russia","Soviet Union","1046 BMP-2(K)","destroyed","https://twitter.com/UAWeapons/status/1544038986825584641","2023-11-16",65,3798,1,"7-6537981","11/16/2023"
"4195","Russia","Soviet Union","1046 BMP-2(K)","destroyed","https://i.postimg.cc/k43gSSGK/bbmpp22.jpg","2023-11-16",65,3799,1,"7-6537991","11/16/2023"
"4196","Russia","Soviet Union","1046 BMP-2(K)","destroyed","https://i.postimg.cc/jqwdZGy2/1008-bmp2-destr-07-07-23.jpg","2023-11-16",65,3800,1,"7-6538001","11/16/2023"
"4197","Russia","Soviet Union","1046 BMP-2(K)","destroyed","https://i.postimg.cc/1zzZVDL7/d2.jpg","2023-11-16",65,3801,1,"7-6538011","11/16/2023"
"4198","Russia","Soviet Union","1046 BMP-2(K)","destroyed","https://i.postimg.cc/MpWCgyKZ/d3.jpg","2023-11-16",65,3802,1,"7-6538021","11/16/2023"
"4199","Russia","Soviet Union","1046 BMP-2(K)","destroyed","https://i.postimg.cc/QxkL66Dn/d4.jpg","2023-11-16",65,3803,1,"7-6538031","11/16/2023"
"4200","Russia","Soviet Union","1046 BMP-2(K)","destroyed","https://i.postimg.cc/7Yy8MFF2/d5.jpg","2023-11-16",65,3804,1,"7-6538041","11/16/2023"
"4201","Russia","Soviet Union","1046 BMP-2(K)","destroyed","https://twitter.com/RALee85/status/1512530504104431620","2023-11-16",65,3805,1,"7-6538051","11/16/2023"
"4202","Russia","Soviet Union","1046 BMP-2(K)","destroyed","https://i.postimg.cc/tTj3qQ2W/1037-bmp2.jpg","2023-11-16",65,3806,1,"7-6538061","11/16/2023"
"4203","Russia","Soviet Union","1046 BMP-2(K)","destroyed","https://i.postimg.cc/zGqYgVvc/1038-bmp2.jpg","2023-11-16",65,3807,1,"7-6538071","11/16/2023"
"4204","Russia","Soviet Union","1046 BMP-2(K)","destroyed","https://i.postimg.cc/RCwYL4k5/1039-bmp2.jpg","2023-11-16",65,3808,1,"7-6538081","11/16/2023"
"4205","Russia","Soviet Union","1046 BMP-2(K)","destroyed","https://i.postimg.cc/SQGrKR0s/1040-bmp2.jpg","2023-11-16",65,3809,1,"7-6538091","11/16/2023"
"4206","Russia","Soviet Union","1046 BMP-2(K)","destroyed","https://i.postimg.cc/SNBQwjNM/1007-BMP-2-destr-30-11-22.jpg","2023-11-16",65,3810,1,"7-6538101","11/16/2023"
"4207","Russia","Soviet Union","1046 BMP-2(K)","destroyed","https://i.postimg.cc/6qFCmKTJ/1011-bmp2-destr-09-01-23.jpg","2023-11-16",65,3811,1,"7-6538111","11/16/2023"
"4208","Russia","Soviet Union","1046 BMP-2(K)","destroyed","https://i.postimg.cc/MGRH1hVK/bbbmmmp22.jpg","2023-11-16",65,3812,1,"7-6538121","11/16/2023"
"4209","Russia","Soviet Union","1046 BMP-2(K)","destroyed","https://i.postimg.cc/DwRmJ2WM/bbmmp222.jpg","2023-11-16",65,3813,1,"7-6538131","11/16/2023"
"4210","Russia","Soviet Union","1046 BMP-2(K)","destroyed","https://i.postimg.cc/br6wz8cL/bbmmpp22.png","2023-11-16",65,3814,1,"7-6538141","11/16/2023"
"4211","Russia","Soviet Union","1046 BMP-2(K)","destroyed","https://i.postimg.cc/bN33mJLM/1041-bmp2.jpg","2023-11-16",65,3815,1,"7-6538151","11/16/2023"
"4212","Russia","Soviet Union","1046 BMP-2(K)","destroyed","https://i.postimg.cc/DyZzxWLN/bmmmp2.png","2023-11-16",65,3816,1,"7-6538161","11/16/2023"
"4213","Russia","Soviet Union","1046 BMP-2(K)","destroyed","https://i.postimg.cc/W3v38Xwm/bmp222.jpg","2023-11-16",65,3817,1,"7-6538171","11/16/2023"
"4214","Russia","Soviet Union","1046 BMP-2(K)","destroyed","https://i.postimg.cc/J4gnKQFb/10-06-2022-BMP-2-x-2-destroyed-Velyka-Olexandrivka-Kherson-region.png","2023-11-16",65,3818,1,"7-6538181","11/16/2023"
"4215","Russia","Soviet Union","1046 BMP-2(K)","destroyed","https://postlmg.cc/F19RgZv9","2023-11-16",65,3819,1,"7-6538191","11/16/2023"
"4216","Russia","Soviet Union","1046 BMP-2(K)","destroyed","https://i.postimg.cc/wMFP8044/f1.jpg","2023-11-16",65,3820,1,"7-6538201","11/16/2023"
"4217","Russia","Soviet Union","1046 BMP-2(K)","destroyed","https://i.postimg.cc/bYR4twY0/f2.jpg","2023-11-16",65,3821,1,"7-6538211","11/16/2023"
"4218","Russia","Soviet Union","1046 BMP-2(K)","destroyed","https://i.postimg.cc/59PnJYNr/bbmmmmpp222.jpg","2023-11-16",65,3822,1,"7-6538221","11/16/2023"
"4219","Russia","Soviet Union","1046 BMP-2(K)","destroyed","https://i.postimg.cc/3xGB2tCM/bbmmmp222.jpg","2023-11-16",65,3823,1,"7-6538231","11/16/2023"
"4220","Russia","Soviet Union","1046 BMP-2(K)","destroyed","https://i.postimg.cc/Nf5bjsKj/bbmmp22.jpg","2023-11-16",65,3824,1,"7-6538241","11/16/2023"
"4221","Russia","Soviet Union","1046 BMP-2(K)","destroyed","https://i.postimg.cc/bvjRg13Z/bbmmpp222.jpg","2023-11-16",65,3825,1,"7-6538251","11/16/2023"
"4222","Russia","Soviet Union","1046 BMP-2(K)","destroyed","https://i.postimg.cc/gcNhQbnK/1045-bmp2-destr-20-02-23.jpg","2023-11-16",65,3826,1,"7-6538261","11/16/2023"
"4223","Russia","Soviet Union","1046 BMP-2(K)","destroyed","https://twitter.com/UAWeapons/status/1582454710371352576","2023-11-16",65,3827,1,"7-6538271","11/16/2023"
"4224","Russia","Soviet Union","1046 BMP-2(K)","destroyed","https://i.postimg.cc/C1Cn59hG/10.png","2023-11-16",65,3828,1,"7-6538281","11/16/2023"
"4225","Russia","Soviet Union","1046 BMP-2(K)","destroyed","https://twitter.com/UAWeapons/status/1646257758298152961","2023-11-16",65,3829,1,"7-6538291","11/16/2023"
"4226","Russia","Soviet Union","1046 BMP-2(K)","destroyed","https://i.postimg.cc/NFg9HbFW/13.png","2023-11-16",65,3830,1,"7-6538301","11/16/2023"
"4227","Russia","Soviet Union","1046 BMP-2(K)","destroyed","https://twitter.com/UAWeapons/status/1575166980000481281","2023-11-16",65,3831,1,"7-6538311","11/16/2023"
"4228","Russia","Soviet Union","1046 BMP-2(K)","destroyed","https://i.postimg.cc/152NR1zX/1043-bmp2.jpg","2023-11-16",65,3832,1,"7-6538321","11/16/2023"
"4229","Russia","Soviet Union","1046 BMP-2(K)","destroyed","https://i.postimg.cc/P58xN0KC/1.jpg","2023-11-16",65,3833,1,"7-6538331","11/16/2023"
"4230","Russia","Soviet Union","1046 BMP-2(K)","destroyed","https://i.postimg.cc/s2d2WK0w/2.png","2023-11-16",65,3834,1,"7-6538341","11/16/2023"
"4231","Russia","Soviet Union","1046 BMP-2(K)","destroyed","https://i.postimg.cc/MHv6Bc4t/366.jpg","2023-11-16",65,1817,1,"7-6518171","11/16/2023"
"4232","Russia","Soviet Union","1046 BMP-2(K)","destroyed","https://i.postimg.cc/9FQ13Yb8/325.jpg","2023-11-16",65,3835,1,"7-6538351","11/16/2023"
"4233","Russia","Soviet Union","1046 BMP-2(K)","destroyed","https://i.postimg.cc/t4fBNnhr/326.jpg","2023-11-16",65,3836,1,"7-6538361","11/16/2023"
"4234","Russia","Soviet Union","1046 BMP-2(K)","destroyed","https://i.postimg.cc/FsWw7Dt7/1044-bmp2.jpg","2023-11-16",65,3837,1,"7-6538371","11/16/2023"
"4235","Russia","Soviet Union","1046 BMP-2(K)","destroyed","https://i.postimg.cc/GmRpjQdp/d3.jpg","2023-11-16",65,3838,1,"7-6538381","11/16/2023"
"4236","Russia","Soviet Union","1046 BMP-2(K)","destroyed","https://i.postimg.cc/Qx1t5PLP/d4.jpg","2023-11-16",65,3839,1,"7-6538391","11/16/2023"
"4237","Russia","Soviet Union","1046 BMP-2(K)","destroyed","https://i.postimg.cc/qMqytDx6/dd0.jpg","2023-11-16",65,3840,1,"7-6538401","11/16/2023"
"4238","Russia","Soviet Union","1046 BMP-2(K)","destroyed","https://twitter.com/UAWeapons/status/1543194344680820739","2023-11-16",65,3841,1,"7-6538411","11/16/2023"
"4239","Russia","Soviet Union","1046 BMP-2(K)","destroyed","https://i.postimg.cc/rpZGcpJN/1023-bmp2.jpg","2023-11-16",65,3842,1,"7-6538421","11/16/2023"
"4240","Russia","Soviet Union","1046 BMP-2(K)","destroyed","https://i.postimg.cc/85dsQ5XQ/d5.jpg","2023-11-16",65,3843,1,"7-6538431","11/16/2023"
"4241","Russia","Soviet Union","1046 BMP-2(K)","destroyed","https://i.postimg.cc/PJtJtj0L/d6.jpg","2023-11-16",65,3844,1,"7-6538441","11/16/2023"
"4242","Russia","Soviet Union","1046 BMP-2(K)","destroyed","https://i.postimg.cc/0NwbnZpN/d1.jpg","2023-11-16",65,3845,1,"7-6538451","11/16/2023"
"4243","Russia","Soviet Union","1046 BMP-2(K)","destroyed","https://i.postimg.cc/wMMvydQ7/43f1.png","2023-11-16",65,3846,1,"7-6538461","11/16/2023"
"4244","Russia","Soviet Union","1046 BMP-2(K)","destroyed","https://i.postimg.cc/FzLnbdKJ/d3.jpg","2023-11-16",65,3847,1,"7-6538471","11/16/2023"
"4245","Russia","Soviet Union","1046 BMP-2(K)","destroyed","https://i.postimg.cc/T2LSvScY/d4.jpg","2023-11-16",65,3848,1,"7-6538481","11/16/2023"
"4246","Russia","Soviet Union","1046 BMP-2(K)","destroyed","https://i.postimg.cc/sDryZ9Ty/f1.jpg","2023-11-16",65,3849,1,"7-6538491","11/16/2023"
"4247","Russia","Soviet Union","1046 BMP-2(K)","destroyed","https://i.postimg.cc/NfbnWrY3/321.png","2023-11-16",65,3850,1,"7-6538501","11/16/2023"
"4248","Russia","Soviet Union","1046 BMP-2(K)","destroyed","https://i.postimg.cc/jjTJPCnj/35.png","2023-11-16",65,3851,1,"7-6538511","11/16/2023"
"4249","Russia","Soviet Union","1046 BMP-2(K)","destroyed","https://i.postimg.cc/t4J9fb0z/876.jpg","2023-11-16",65,3852,1,"7-6538521","11/16/2023"
"4250","Russia","Soviet Union","1046 BMP-2(K)","destroyed","https://i.postimg.cc/qMCtF28R/36.png","2023-11-16",65,3853,1,"7-6538531","11/16/2023"
"4251","Russia","Soviet Union","1046 BMP-2(K)","destroyed","https://i.postimg.cc/N0G7yjxZ/m7.jpg","2023-11-16",65,3854,1,"7-6538541","11/16/2023"
"4252","Russia","Soviet Union","1046 BMP-2(K)","destroyed","https://i.postimg.cc/X7z9ZysV/1045-bmp2.jpg","2023-11-16",65,3855,1,"7-6538551","11/16/2023"
"4253","Russia","Soviet Union","1046 BMP-2(K)","destroyed","https://i.postimg.cc/sx5Z6kcp/m9.png","2023-11-16",65,3856,1,"7-6538561","11/16/2023"
"4254","Russia","Soviet Union","1046 BMP-2(K)","destroyed","https://i.postimg.cc/zXrg9gNr/f3.jpg","2023-11-16",65,3857,1,"7-6538571","11/16/2023"
"4255","Russia","Soviet Union","1046 BMP-2(K)","destroyed","https://i.postimg.cc/CKshnztj/3f6.png","2023-11-16",65,3858,1,"7-6538581","11/16/2023"
"4256","Russia","Soviet Union","1046 BMP-2(K)","destroyed","https://i.postimg.cc/PxBfYfhk/767.jpg","2023-11-16",65,3859,1,"7-6538591","11/16/2023"
"4257","Russia","Soviet Union","1046 BMP-2(K)","destroyed","https://twitter.com/UAWeapons/status/1525957529775259649","2023-11-16",65,3860,1,"7-6538601","11/16/2023"
"4258","Russia","Soviet Union","1046 BMP-2(K)","destroyed","https://i.postimg.cc/jd7rmXnz/d32.jpg","2023-11-16",65,3861,1,"7-6538611","11/16/2023"
"4259","Russia","Soviet Union","1046 BMP-2(K)","destroyed","https://i.postimg.cc/kghp79bw/1012.jpg","2023-11-16",65,3862,1,"7-6538621","11/16/2023"
"4260","Russia","Soviet Union","1046 BMP-2(K)","destroyed","https://twitter.com/UAWeapons/status/1527399072973430788","2023-11-16",65,3863,1,"7-6538631","11/16/2023"
"4261","Russia","Soviet Union","1046 BMP-2(K)","destroyed","https://i.postimg.cc/Y2Q9rXqk/b2.jpg","2023-11-16",65,3864,1,"7-6538641","11/16/2023"
"4262","Russia","Soviet Union","1046 BMP-2(K)","destroyed","https://i.postimg.cc/xdhHqxbn/1004.jpg","2023-11-16",65,3865,1,"7-6538651","11/16/2023"
"4263","Russia","Soviet Union","1046 BMP-2(K)","destroyed","https://i.postimg.cc/wMprp4rM/4433.jpg","2023-11-16",65,3866,1,"7-6538661","11/16/2023"
"4264","Russia","Soviet Union","1046 BMP-2(K)","destroyed","https://twitter.com/UAWeapons/status/1529500592900648964","2023-11-16",65,3090,1,"7-6530901","11/16/2023"
"4265","Russia","Soviet Union","1046 BMP-2(K)","destroyed","https://twitter.com/UAWeapons/status/1529815678961737728","2023-11-16",65,3867,1,"7-6538671","11/16/2023"
"4266","Russia","Soviet Union","1046 BMP-2(K)","destroyed","https://i.postimg.cc/kGXzqNJk/877.jpg","2023-11-16",65,3868,1,"7-6538681","11/16/2023"
"4267","Russia","Soviet Union","1046 BMP-2(K)","destroyed","https://i.postimg.cc/MTT4H1Yv/65.jpg","2023-11-16",65,3869,1,"7-6538691","11/16/2023"
"4268","Russia","Soviet Union","1046 BMP-2(K)","destroyed","https://twitter.com/UAWeapons/status/1534146081545666560","2023-11-16",65,3870,1,"7-6538701","11/16/2023"
"4269","Russia","Soviet Union","1046 BMP-2(K)","destroyed","https://i.postimg.cc/kMNTpbxp/3-RH595-Lt-jpg-medium.jpg","2023-11-16",65,3871,1,"7-6538711","11/16/2023"
"4270","Russia","Soviet Union","1046 BMP-2(K)","destroyed","https://i.postimg.cc/D07PTxqY/76.jpg","2023-11-16",65,3872,1,"7-6538721","11/16/2023"
"4271","Russia","Soviet Union","1046 BMP-2(K)","destroyed","https://i.postimg.cc/nLbYPTZR/1013.jpg","2023-11-16",65,3873,1,"7-6538731","11/16/2023"
"4272","Russia","Soviet Union","1046 BMP-2(K)","destroyed","https://i.postimg.cc/Y08fqQR2/RKKfc5-Fo-jpg-large.jpg","2023-11-16",65,3874,1,"7-6538741","11/16/2023"
"4273","Russia","Soviet Union","1046 BMP-2(K)","destroyed","https://i.postimg.cc/cHs46kKN/10-11-2022-BMP-2-destroyed-Kherson-region.png","2023-11-16",65,3875,1,"7-6538751","11/16/2023"
"4274","Russia","Soviet Union","1046 BMP-2(K)","destroyed","https://i.postimg.cc/gc3GxLMQ/1001.jpg","2023-11-16",65,3876,1,"7-6538761","11/16/2023"
"4275","Russia","Soviet Union","1046 BMP-2(K)","destroyed","https://twitter.com/RALee85/status/1537329940651294720","2023-11-16",65,3877,1,"7-6538771","11/16/2023"
"4276","Russia","Soviet Union","1046 BMP-2(K)","destroyed","https://twitter.com/UAWeapons/status/1536726507061751808","2023-11-16",65,3878,1,"7-6538781","11/16/2023"
"4277","Russia","Soviet Union","1046 BMP-2(K)","destroyed","https://i.postimg.cc/yNZDncTJ/1007.jpg","2023-11-16",65,3879,1,"7-6538791","11/16/2023"
"4278","Russia","Soviet Union","1046 BMP-2(K)","destroyed","https://twitter.com/UAWeapons/status/1542986188100886529","2023-11-16",65,852,1,"7-658521","11/16/2023"
"4279","Russia","Soviet Union","1046 BMP-2(K)","destroyed","https://twitter.com/UAWeapons/status/1543979310171684864","2023-11-16",65,3880,1,"7-6538801","11/16/2023"
"4280","Russia","Soviet Union","1046 BMP-2(K)","destroyed","https://twitter.com/UAWeapons/status/1575165023735148545","2023-11-16",65,3881,1,"7-6538811","11/16/2023"
"4281","Russia","Soviet Union","1046 BMP-2(K)","destroyed","https://twitter.com/RALee85/status/1544721320658755588","2023-11-16",65,3882,1,"7-6538821","11/16/2023"
"4282","Russia","Soviet Union","1046 BMP-2(K)","destroyed","https://twitter.com/UAWeapons/status/1545075270826299394","2023-11-16",65,1251,1,"7-6512511","11/16/2023"
"4283","Russia","Soviet Union","1046 BMP-2(K)","destroyed","https://i.postimg.cc/9M5Bxmz2/t-Nr0a0-N-jpg-large.jpg","2023-11-16",65,3883,1,"7-6538831","11/16/2023"
"4284","Russia","Soviet Union","1046 BMP-2(K)","destroyed","https://postimg.cc/k2JswJBY","2023-11-16",65,3884,1,"7-6538841","11/16/2023"
"4285","Russia","Soviet Union","1046 BMP-2(K)","destroyed","https://i.postimg.cc/T2ZHhHRX/1000.jpg","2023-11-16",65,3885,1,"7-6538851","11/16/2023"
"4286","Russia","Soviet Union","1046 BMP-2(K)","destroyed","https://twitter.com/UAWeapons/status/1552351996178567170","2023-11-16",65,3886,1,"7-6538861","11/16/2023"
"4287","Russia","Soviet Union","1046 BMP-2(K)","destroyed","https://i.postimg.cc/nzmMKHkw/1005-unkn-bmp.jpg","2023-11-16",65,3887,1,"7-6538871","11/16/2023"
"4288","Russia","Soviet Union","1046 BMP-2(K)","destroyed","https://i.postimg.cc/rsCmbQ71/1007-bmp2.jpg","2023-11-16",65,3888,1,"7-6538881","11/16/2023"
"4289","Russia","Soviet Union","1046 BMP-2(K)","destroyed","https://i.postimg.cc/fRjbDnRP/1007-bmp2.jpg","2023-11-16",65,3889,1,"7-6538891","11/16/2023"
"4290","Russia","Soviet Union","1046 BMP-2(K)","destroyed","https://i.postimg.cc/pLnSBWBr/1005-bmp2.jpg","2023-11-16",65,3890,1,"7-6538901","11/16/2023"
"4291","Russia","Soviet Union","1046 BMP-2(K)","destroyed","https://twitter.com/UAWeapons/status/1557060882420887552","2023-11-16",65,3891,1,"7-6538911","11/16/2023"
"4292","Russia","Soviet Union","1046 BMP-2(K)","destroyed","https://i.postimg.cc/4NTgqtQD/1003-bmp2.jpg","2023-11-16",65,3892,1,"7-6538921","11/16/2023"
"4293","Russia","Soviet Union","1046 BMP-2(K)","destroyed","https://i.postimg.cc/NGJKd8w8/1001-bmp-2.jpg","2023-11-16",65,3893,1,"7-6538931","11/16/2023"
"4294","Russia","Soviet Union","1046 BMP-2(K)","destroyed","https://i.postimg.cc/gkxRLbgp/1002.jpg","2023-11-16",65,3135,1,"7-6531351","11/16/2023"
"4295","Russia","Soviet Union","1046 BMP-2(K)","destroyed","https://i.postimg.cc/6qCxRKyr/1001-bmp2.jpg","2023-11-16",65,3894,1,"7-6538941","11/16/2023"
"4296","Russia","Soviet Union","1046 BMP-2(K)","destroyed","https://i.postimg.cc/VkfPS31t/1002-bmp2.jpg","2023-11-16",65,3895,1,"7-6538951","11/16/2023"
"4297","Russia","Soviet Union","1046 BMP-2(K)","destroyed","https://i.postimg.cc/T2b6BVCK/1003-bmp2.jpg","2023-11-16",65,3896,1,"7-6538961","11/16/2023"
"4298","Russia","Soviet Union","1046 BMP-2(K)","destroyed","https://i.postimg.cc/jS4qmHqH/1004-bmp2.jpg","2023-11-16",65,3897,1,"7-6538971","11/16/2023"
"4299","Russia","Soviet Union","1046 BMP-2(K)","destroyed","https://i.postimg.cc/j2tZgYMQ/1005-bmp2.jpg","2023-11-16",65,3898,1,"7-6538981","11/16/2023"
"4300","Russia","Soviet Union","1046 BMP-2(K)","destroyed","https://i.postimg.cc/MHVNQkWJ/1001-ural-tanker.jpg","2023-11-16",65,3899,1,"7-6538991","11/16/2023"
"4301","Russia","Soviet Union","1046 BMP-2(K)","destroyed","https://i.postimg.cc/VsTQGXSX/1004-bmp2.jpg","2023-11-16",65,3900,1,"7-6539001","11/16/2023"
"4302","Russia","Soviet Union","1046 BMP-2(K)","destroyed","https://i.postimg.cc/pXhxRsN0/1007-bmp2.jpg","2023-11-16",65,3901,1,"7-6539011","11/16/2023"
"4303","Russia","Soviet Union","1046 BMP-2(K)","destroyed","https://i.postimg.cc/K8pjPTWS/441.jpg","2023-11-16",65,3902,1,"7-6539021","11/16/2023"
"4304","Russia","Soviet Union","1046 BMP-2(K)","destroyed","https://i.postimg.cc/85BqVLY2/n7.png","2023-11-16",65,3903,1,"7-6539031","11/16/2023"
"4305","Russia","Soviet Union","1046 BMP-2(K)","destroyed","https://i.postimg.cc/wBf1rCn9/1046-bmp2.jpg","2023-11-16",65,3904,1,"7-6539041","11/16/2023"
"4306","Russia","Soviet Union","1046 BMP-2(K)","destroyed","https://i.postimg.cc/fbwWD8Yk/1047-bmp2.jpg","2023-11-16",65,3905,1,"7-6539051","11/16/2023"
"4307","Russia","Soviet Union","1046 BMP-2(K)","destroyed","https://i.postimg.cc/8cWsjjcC/1048-bmp2.jpg","2023-11-16",65,3906,1,"7-6539061","11/16/2023"
"4308","Russia","Soviet Union","1046 BMP-2(K)","destroyed","https://i.postimg.cc/jjzfk3t5/1049-bmp2.jpg","2023-11-16",65,3907,1,"7-6539071","11/16/2023"
"4309","Russia","Soviet Union","1046 BMP-2(K)","destroyed","https://i.postimg.cc/J7K22PzP/1050-bmp2.jpg","2023-11-16",65,3908,1,"7-6539081","11/16/2023"
"4310","Russia","Soviet Union","1046 BMP-2(K)","destroyed","https://i.postimg.cc/XqXchKsz/1051-bmp2.jpg","2023-11-16",65,3909,1,"7-6539091","11/16/2023"
"4311","Russia","Soviet Union","1046 BMP-2(K)","destroyed","https://i.postimg.cc/9QN4g36C/1052-bmp2.jpg","2023-11-16",65,3910,1,"7-6539101","11/16/2023"
"4312","Russia","Soviet Union","1046 BMP-2(K)","destroyed","https://i.postimg.cc/02M00fM6/1053-bmp2.jpg","2023-11-16",65,3911,1,"7-6539111","11/16/2023"
"4313","Russia","Soviet Union","1046 BMP-2(K)","destroyed","https://i.postimg.cc/N0H0NK8k/1054-bmp2.jpg","2023-11-16",65,3912,1,"7-6539121","11/16/2023"
"4314","Russia","Soviet Union","1046 BMP-2(K)","destroyed","https://i.postimg.cc/k562k1C8/1055-bmp2.jpg","2023-11-16",65,3913,1,"7-6539131","11/16/2023"
"4315","Russia","Soviet Union","1046 BMP-2(K)","destroyed","https://i.postimg.cc/sXT4wH4W/1056-bmp2.jpg","2023-11-16",65,3914,1,"7-6539141","11/16/2023"
"4316","Russia","Soviet Union","1046 BMP-2(K)","destroyed","https://twitter.com/UAWeapons/status/1648968658964860928","2023-11-16",65,3372,1,"7-6533721","11/16/2023"
"4317","Russia","Soviet Union","1046 BMP-2(K)","destroyed","https://i.postimg.cc/7ZB7vJ2v/1058-bmp2.jpg","2023-11-16",65,3915,1,"7-6539151","11/16/2023"
"4318","Russia","Soviet Union","1046 BMP-2(K)","destroyed","https://i.postimg.cc/d1cVgJ4P/1059-bmp2.jpg","2023-11-16",65,3916,1,"7-6539161","11/16/2023"
"4319","Russia","Soviet Union","1046 BMP-2(K)","destroyed","https://i.postimg.cc/pdwmxfVS/1060-bmp2.jpg","2023-11-16",65,3917,1,"7-6539171","11/16/2023"
"4320","Russia","Soviet Union","1046 BMP-2(K)","destroyed","https://i.postimg.cc/4NY2VM7X/1017-unkn-BMP.jpg","2023-11-16",65,3918,1,"7-6539181","11/16/2023"
"4321","Russia","Soviet Union","1046 BMP-2(K)","destroyed","https://twitter.com/UAWeapons/status/1577307279505989633","2023-11-16",65,3919,1,"7-6539191","11/16/2023"
"4322","Russia","Soviet Union","1046 BMP-2(K)","destroyed","https://twitter.com/UAWeapons/status/1565032213250457601","2023-11-16",65,3920,1,"7-6539201","11/16/2023"
"4323","Russia","Soviet Union","1046 BMP-2(K)","destroyed","https://twitter.com/Danspiun/status/1565098137710014465","2023-11-16",65,3921,1,"7-6539211","11/16/2023"
"4324","Russia","Soviet Union","1046 BMP-2(K)","destroyed","https://twitter.com/UAWeapons/status/1565735113203367936","2023-11-16",65,3922,1,"7-6539221","11/16/2023"
"4325","Russia","Soviet Union","1046 BMP-2(K)","destroyed","https://i.postimg.cc/2jvK9ZfW/1008-bmp2.jpg","2023-11-16",65,3923,1,"7-6539231","11/16/2023"
"4326","Russia","Soviet Union","1046 BMP-2(K)","destroyed","https://twitter.com/UAWeapons/status/1565987384818368512","2023-11-16",65,3924,1,"7-6539241","11/16/2023"
"4327","Russia","Soviet Union","1046 BMP-2(K)","destroyed","https://twitter.com/UAWeapons/status/1566128424485273600","2023-11-16",65,3925,1,"7-6539251","11/16/2023"
"4328","Russia","Soviet Union","1046 BMP-2(K)","destroyed","https://postimg.cc/wydhNQq8","2023-11-16",65,3926,1,"7-6539261","11/16/2023"
"4329","Russia","Soviet Union","1046 BMP-2(K)","destroyed","https://i.postimg.cc/wjB5K0YL/1007-bmp1.jpg","2023-11-16",65,3927,1,"7-6539271","11/16/2023"
"4330","Russia","Soviet Union","1046 BMP-2(K)","destroyed","https://i.postimg.cc/0jPffPkQ/1001-bmp2.jpg","2023-11-16",65,3928,1,"7-6539281","11/16/2023"
"4331","Russia","Soviet Union","1046 BMP-2(K)","destroyed","https://twitter.com/UAWeapons/status/1566519627890544640","2023-11-16",65,3929,1,"7-6539291","11/16/2023"
"4332","Russia","Soviet Union","1046 BMP-2(K)","destroyed","https://i.postimg.cc/50Bc2rdY/2022-05-04-BMP-2-destroyed.jpg","2023-11-16",65,3930,1,"7-6539301","11/16/2023"
"4333","Russia","Soviet Union","1046 BMP-2(K)","destroyed","https://i.postimg.cc/nzL23s0h/1500-bmp2.jpg","2023-11-16",65,3931,1,"7-6539311","11/16/2023"
"4334","Russia","Soviet Union","1046 BMP-2(K)","destroyed","https://i.postimg.cc/3Rpj12LP/1501-bmp2.jpg","2023-11-16",65,3932,1,"7-6539321","11/16/2023"
"4335","Russia","Soviet Union","1046 BMP-2(K)","destroyed","https://i.postimg.cc/xCJX84pc/1010-bmp2-2x.jpg","2023-11-16",65,3933,1,"7-6539331","11/16/2023"
"4336","Russia","Soviet Union","1046 BMP-2(K)","destroyed","https://i.postimg.cc/tgLXSCD4/1014-bmp2.jpg","2023-11-16",65,3934,1,"7-6539341","11/16/2023"
"4337","Russia","Soviet Union","1046 BMP-2(K)","destroyed","https://i.postimg.cc/nrF1xG2R/1031-bmp2.jpg","2023-11-16",65,3935,1,"7-6539351","11/16/2023"
"4338","Russia","Soviet Union","1046 BMP-2(K)","destroyed","https://twitter.com/UAWeapons/status/1567956407768547328","2023-11-16",65,3936,1,"7-6539361","11/16/2023"
"4339","Russia","Soviet Union","1046 BMP-2(K)","destroyed","https://i.postimg.cc/2SQQ6gM7/2022-09-14-BMP-2-2.jpg","2023-11-16",65,3937,1,"7-6539371","11/16/2023"
"4340","Russia","Soviet Union","1046 BMP-2(K)","destroyed","https://i.postimg.cc/P5sj3WPP/1001-bmp2.jpg","2023-11-16",65,3938,1,"7-6539381","11/16/2023"
"4341","Russia","Soviet Union","1046 BMP-2(K)","destroyed","https://i.postimg.cc/J4GZyvFm/1015-bmp2-destr-02-01-23.jpg","2023-11-16",65,3939,1,"7-6539391","11/16/2023"
"4342","Russia","Soviet Union","1046 BMP-2(K)","destroyed","https://twitter.com/UAWeapons/status/1568966160808386560","2023-11-16",65,3940,1,"7-6539401","11/16/2023"
"4343","Russia","Soviet Union","1046 BMP-2(K)","destroyed","https://i.postimg.cc/nrSTmKnr/1002-bmp2-destr.jpg","2023-11-16",65,3941,1,"7-6539411","11/16/2023"
"4344","Russia","Soviet Union","1046 BMP-2(K)","destroyed","https://postlmg.cc/G4pYTHHR","2023-11-16",65,3942,1,"7-6539421","11/16/2023"
"4345","Russia","Soviet Union","1046 BMP-2(K)","destroyed","https://twitter.com/UAWeapons/status/1569295685689954305","2023-11-16",65,3943,1,"7-6539431","11/16/2023"
"4346","Russia","Soviet Union","1046 BMP-2(K)","destroyed","https://twitter.com/UAWeapons/status/1569739016995569664","2023-11-16",65,1660,1,"7-6516601","11/16/2023"
"4347","Russia","Soviet Union","1046 BMP-2(K)","destroyed","https://i.postimg.cc/xTzyBp0Q/185.png","2023-11-16",65,3944,1,"7-6539441","11/16/2023"
"4348","Russia","Soviet Union","1046 BMP-2(K)","destroyed","https://i.postimg.cc/hGgrL8RB/5414.png","2023-11-16",65,3945,1,"7-6539451","11/16/2023"
"4349","Russia","Soviet Union","1046 BMP-2(K)","destroyed","https://twitter.com/UAWeapons/status/1570165087465525248","2023-11-16",65,3946,1,"7-6539461","11/16/2023"
"4350","Russia","Soviet Union","1046 BMP-2(K)","destroyed","https://i.postimg.cc/nrqkK6Kk/1027-bmp2.jpg","2023-11-16",65,3947,1,"7-6539471","11/16/2023"
"4351","Russia","Soviet Union","1046 BMP-2(K)","destroyed","https://i.postimg.cc/Y2FbwWcW/1026-bmp2.jpg","2023-11-16",65,3948,1,"7-6539481","11/16/2023"
"4352","Russia","Soviet Union","1046 BMP-2(K)","destroyed","https://i.postimg.cc/SQ8kS5h2/1003-bmp3.jpg","2023-11-16",65,3949,1,"7-6539491","11/16/2023"
"4353","Russia","Soviet Union","1046 BMP-2(K)","destroyed","https://postimg.cc/9rysYvDZ","2023-11-16",65,3950,1,"7-6539501","11/16/2023"
"4354","Russia","Soviet Union","1046 BMP-2(K)","destroyed","https://i.postimg.cc/X7ZpR6s5/152725-deokupovana-Harkivshhyna-1355.jpg","2023-11-16",65,3951,1,"7-6539511","11/16/2023"
"4355","Russia","Soviet Union","1046 BMP-2(K)","destroyed","https://i.postimg.cc/FK5Py22V/2022-09-26-BMP-2.jpg","2023-11-16",65,3952,1,"7-6539521","11/16/2023"
"4356","Russia","Soviet Union","1046 BMP-2(K)","destroyed","https://i.postimg.cc/nrZw4cm1/2022-09-24-BMP-2.jpg","2023-11-16",65,3953,1,"7-6539531","11/16/2023"
"4357","Russia","Soviet Union","1046 BMP-2(K)","destroyed","https://i.postimg.cc/RF3X0mb1/2022-09-28-BMP-2.jpg","2023-11-16",65,3954,1,"7-6539541","11/16/2023"
"4358","Russia","Soviet Union","1046 BMP-2(K)","destroyed","https://i.postimg.cc/NG5Wtqp3/776.png","2023-11-16",65,3955,1,"7-6539551","11/16/2023"
"4359","Russia","Soviet Union","1046 BMP-2(K)","destroyed","https://i.postimg.cc/3Rj6CnVN/1008-bmp2.jpg","2023-11-16",65,3956,1,"7-6539561","11/16/2023"
"4360","Russia","Soviet Union","1046 BMP-2(K)","destroyed","https://i.postimg.cc/SxLyysMM/1019-bmp2.jpg","2023-11-16",65,3957,1,"7-6539571","11/16/2023"
"4361","Russia","Soviet Union","1046 BMP-2(K)","destroyed","https://i.postimg.cc/4N3xshWn/1502-bmp2.jpg","2023-11-16",65,3958,1,"7-6539581","11/16/2023"
"4362","Russia","Soviet Union","1046 BMP-2(K)","destroyed","https://i.postimg.cc/L6XpDxNg/2022-09-27-BMP-2.jpg","2023-11-16",65,3959,1,"7-6539591","11/16/2023"
"4363","Russia","Soviet Union","1046 BMP-2(K)","destroyed","https://i.postimg.cc/zB9NJtPz/4433.png","2023-11-16",65,3960,1,"7-6539601","11/16/2023"
"4364","Russia","Soviet Union","1046 BMP-2(K)","destroyed","https://i.postimg.cc/6QvS9W3t/1500-bmp2-destr.jpg","2023-11-16",65,3961,1,"7-6539611","11/16/2023"
"4365","Russia","Soviet Union","1046 BMP-2(K)","destroyed","https://i.postimg.cc/D0TKVWd9/1012-bmp2.jpg","2023-11-16",65,3962,1,"7-6539621","11/16/2023"
"4366","Russia","Soviet Union","1046 BMP-2(K)","destroyed","https://i.postimg.cc/Qt6L7RTd/2022-09-23-BMP-2.jpg","2023-11-16",65,3963,1,"7-6539631","11/16/2023"
"4367","Russia","Soviet Union","1046 BMP-2(K)","destroyed","https://twitter.com/UAWeapons/status/1576291796639879168","2023-11-16",65,738,1,"7-657381","11/16/2023"
"4368","Russia","Soviet Union","1046 BMP-2(K)","destroyed","https://twitter.com/naalsio26/status/1576664189074305025","2023-11-16",65,2413,1,"7-6524131","11/16/2023"
"4369","Russia","Soviet Union","1046 BMP-2(K)","destroyed","https://i.postimg.cc/W3hkPKqC/1005-bmp2-destr.jpg","2023-11-16",65,3964,1,"7-6539641","11/16/2023"
"4370","Russia","Soviet Union","1046 BMP-2(K)","destroyed","https://i.postimg.cc/nVwwSF6B/1038-bmp2-destr.jpg","2023-11-16",65,3965,1,"7-6539651","11/16/2023"
"4371","Russia","Soviet Union","1046 BMP-2(K)","destroyed","https://i.postimg.cc/hPn9K6Xn/1020-1x-t72b-2x-bmp1-1x-bmp2-destr.jpg","2023-11-16",65,312,1,"7-653121","11/16/2023"
"4372","Russia","Soviet Union","1046 BMP-2(K)","destroyed","https://i.postimg.cc/kgPmZYtH/1003-bmp2-destr.jpg","2023-11-16",65,3966,1,"7-6539661","11/16/2023"
"4373","Russia","Soviet Union","1046 BMP-2(K)","destroyed","https://i.postimg.cc/xCQJbnYx/BMP-2-Kamaz-6x6-destroyed.png","2023-11-16",65,3967,1,"7-6539671","11/16/2023"
"4374","Russia","Soviet Union","1046 BMP-2(K)","destroyed","https://i.postimg.cc/sfcfcQ1L/1003-bmp2-destr.jpg","2023-11-16",65,3968,1,"7-6539681","11/16/2023"
"4375","Russia","Soviet Union","1046 BMP-2(K)","destroyed","https://i.postimg.cc/X7YjDjCY/1037-bmp2-destr.jpg","2023-11-16",65,3969,1,"7-6539691","11/16/2023"
"4376","Russia","Soviet Union","1046 BMP-2(K)","destroyed","https://i.postimg.cc/zfbY5DF0/2022-06-08-BMP-2-destroyed-Kyiv.jpg","2023-11-16",65,3970,1,"7-6539701","11/16/2023"
"4377","Russia","Soviet Union","1046 BMP-2(K)","destroyed","https://i.postimg.cc/cHcycpgL/BMP-2-destroyed-Yarova.png","2023-11-16",65,3971,1,"7-6539711","11/16/2023"
"4378","Russia","Soviet Union","1046 BMP-2(K)","destroyed","https://i.postimg.cc/gJRP9s7C/1007-bmp2-destr.jpg","2023-11-16",65,3972,1,"7-6539721","11/16/2023"
"4379","Russia","Soviet Union","1046 BMP-2(K)","destroyed","https://i.postimg.cc/6qrwZcLr/1020-bmp2-destr.jpg","2023-11-16",65,3973,1,"7-6539731","11/16/2023"
"4380","Russia","Soviet Union","1046 BMP-2(K)","destroyed","https://i.postimg.cc/L4y6Wsgk/1034-bmp2-destr.jpg","2023-11-16",65,3974,1,"7-6539741","11/16/2023"
"4381","Russia","Soviet Union","1046 BMP-2(K)","destroyed","https://i.postimg.cc/xCPYQ1mM/1001-bmp2-destr.jpg","2023-11-16",65,3975,1,"7-6539751","11/16/2023"
"4382","Russia","Soviet Union","1046 BMP-2(K)","destroyed","https://i.postimg.cc/WbqMrjbh/1043-bmp2-destr.jpg","2023-11-16",65,3976,1,"7-6539761","11/16/2023"
"4383","Russia","Soviet Union","1046 BMP-2(K)","destroyed","https://i.postimg.cc/6qk4z25T/1057-bmp2-destr.jpg","2023-11-16",65,3977,1,"7-6539771","11/16/2023"
"4384","Russia","Soviet Union","1046 BMP-2(K)","destroyed","https://i.postimg.cc/268GhmSy/1003-bmp2-destr.jpg","2023-11-16",65,3978,1,"7-6539781","11/16/2023"
"4385","Russia","Soviet Union","1046 BMP-2(K)","destroyed","https://i.postimg.cc/vH1P0QL6/1004-bmp2-destr.jpg","2023-11-16",65,3979,1,"7-6539791","11/16/2023"
"4386","Russia","Soviet Union","1046 BMP-2(K)","destroyed","https://i.postimg.cc/Bb08pTgC/2022-03-11-bmp-2.jpg","2023-11-16",65,3980,1,"7-6539801","11/16/2023"
"4387","Russia","Soviet Union","1046 BMP-2(K)","destroyed","https://i.postimg.cc/VkY1CTDK/2022-03-24-bmp-2.jpg","2023-11-16",65,3981,1,"7-6539811","11/16/2023"
"4388","Russia","Soviet Union","1046 BMP-2(K)","destroyed","https://i.postimg.cc/cLLYGvj2/2022-03-30-bmp-2-1.jpg","2023-11-16",65,3982,1,"7-6539821","11/16/2023"
"4389","Russia","Soviet Union","1046 BMP-2(K)","destroyed","https://i.postimg.cc/7Y1wbDMC/2022-03-17-bmp-2.jpg","2023-11-16",65,3983,1,"7-6539831","11/16/2023"
"4390","Russia","Soviet Union","1046 BMP-2(K)","destroyed","https://i.postimg.cc/hG35xf6d/2022-04-01-bmp-2.jpg","2023-11-16",65,3984,1,"7-6539841","11/16/2023"
"4391","Russia","Soviet Union","1046 BMP-2(K)","destroyed","https://i.postimg.cc/tgqCmmrj/2022-04-07-bmp-2-2.jpg","2023-11-16",65,3985,1,"7-6539851","11/16/2023"
"4392","Russia","Soviet Union","1046 BMP-2(K)","destroyed","https://i.postimg.cc/25mZSDdZ/2022-04-07-BMP-2.jpg","2023-11-16",65,3986,1,"7-6539861","11/16/2023"
"4393","Russia","Soviet Union","1046 BMP-2(K)","destroyed","https://i.postimg.cc/fbdy3hGp/1025-bmp2-destr-24-04-23.jpg","2023-11-16",65,3987,1,"7-6539871","11/16/2023"
"4394","Russia","Soviet Union","1046 BMP-2(K)","destroyed","https://i.postimg.cc/L55kKdws/2022-04-25-bmp-2.jpg","2023-11-16",65,3988,1,"7-6539881","11/16/2023"
"4395","Russia","Soviet Union","1046 BMP-2(K)","destroyed","https://i.postimg.cc/nzjw1nfw/2022-05-01-bmp-2.jpg","2023-11-16",65,3989,1,"7-6539891","11/16/2023"
"4396","Russia","Soviet Union","1046 BMP-2(K)","destroyed","https://i.postimg.cc/Y9778XqB/2022-05-02-bmp-2.jpg","2023-11-16",65,3990,1,"7-6539901","11/16/2023"
"4397","Russia","Soviet Union","1046 BMP-2(K)","destroyed","https://i.postimg.cc/B6C0zxXL/2022-05-02-bmp-2-2.jpg","2023-11-16",65,3991,1,"7-6539911","11/16/2023"
"4398","Russia","Soviet Union","1046 BMP-2(K)","destroyed","https://i.postimg.cc/xjgjf906/2022-05-08-bmp-2.jpg","2023-11-16",65,3992,1,"7-6539921","11/16/2023"
"4399","Russia","Soviet Union","1046 BMP-2(K)","destroyed","https://i.postimg.cc/d0qNyWJB/443f0.png","2023-11-16",65,3993,1,"7-6539931","11/16/2023"
"4400","Russia","Soviet Union","1046 BMP-2(K)","destroyed","https://i.postimg.cc/k4pKTqwz/2022-05-10-bmp-2-2.jpg","2023-11-16",65,3994,1,"7-6539941","11/16/2023"
"4401","Russia","Soviet Union","1046 BMP-2(K)","destroyed","https://i.postimg.cc/RV2gRkZW/2022-05-19-bmp-2.jpg","2023-11-16",65,3995,1,"7-6539951","11/16/2023"
"4402","Russia","Soviet Union","1046 BMP-2(K)","destroyed","https://i.postimg.cc/Dy8nVF65/2022-06-11-bmp-2.jpg","2023-11-16",65,3996,1,"7-6539961","11/16/2023"
"4403","Russia","Soviet Union","1046 BMP-2(K)","destroyed","https://i.postimg.cc/7PW8SsQw/2022-06-20-bmp-2.jpg","2023-11-16",65,3997,1,"7-6539971","11/16/2023"
"4404","Russia","Soviet Union","1046 BMP-2(K)","destroyed","https://twitter.com/naalsio26/status/1643122464187097090","2023-11-16",65,3998,1,"7-6539981","11/16/2023"
"4405","Russia","Soviet Union","1046 BMP-2(K)","destroyed","https://i.postimg.cc/zBRf68F7/2022-07-23-bmp-2.jpg","2023-11-16",65,3999,1,"7-6539991","11/16/2023"
"4406","Russia","Soviet Union","1046 BMP-2(K)","destroyed","https://i.postimg.cc/8kJxfVfY/t4.png","2023-11-16",65,4000,1,"7-6540001","11/16/2023"
"4407","Russia","Soviet Union","1046 BMP-2(K)","destroyed","https://i.postimg.cc/hvTfzcJv/2022-08-26-bmp-2.jpg","2023-11-16",65,4001,1,"7-6540011","11/16/2023"
"4408","Russia","Soviet Union","1046 BMP-2(K)","destroyed","https://i.postimg.cc/HkLGyDnF/2022-09-11-bmp-2.jpg","2023-11-16",65,4002,1,"7-6540021","11/16/2023"
"4409","Russia","Soviet Union","1046 BMP-2(K)","destroyed","https://i.postimg.cc/jdNgBTzj/1501-bmp2-destr.jpg","2023-11-16",65,4003,1,"7-6540031","11/16/2023"
"4410","Russia","Soviet Union","1046 BMP-2(K)","destroyed","https://twitter.com/UAWeapons/status/1587483785435783172","2023-11-16",65,327,1,"7-653271","11/16/2023"
"4411","Russia","Soviet Union","1046 BMP-2(K)","destroyed","https://i.postimg.cc/FRYQ68JJ/1002-bmp2-destr.jpg","2023-11-16",65,4004,1,"7-6540041","11/16/2023"
"4412","Russia","Soviet Union","1046 BMP-2(K)","destroyed","https://i.postimg.cc/vTjwtt3s/b2.png","2023-11-16",65,4005,1,"7-6540051","11/16/2023"
"4413","Russia","Soviet Union","1046 BMP-2(K)","destroyed","https://i.postimg.cc/8zCXSTDt/1050-bmp2-destr.jpg","2023-11-16",65,4006,1,"7-6540061","11/16/2023"
"4414","Russia","Soviet Union","1046 BMP-2(K)","destroyed","https://twitter.com/UAWeapons/status/1588215458204979206","2023-11-16",65,1834,1,"7-6518341","11/16/2023"
"4415","Russia","Soviet Union","1046 BMP-2(K)","destroyed","https://twitter.com/UAWeapons/status/1589360080457461763","2023-11-16",65,1616,1,"7-6516161","11/16/2023"
"4416","Russia","Soviet Union","1046 BMP-2(K)","destroyed","https://twitter.com/UAWeapons/status/1589181759211524098","2023-11-16",65,4007,1,"7-6540071","11/16/2023"
"4417","Russia","Soviet Union","1046 BMP-2(K)","destroyed","https://twitter.com/UAWeapons/status/1588955655255511040","2023-11-16",65,4008,1,"7-6540081","11/16/2023"
"4418","Russia","Soviet Union","1046 BMP-2(K)","destroyed","https://i.postimg.cc/28gSVGz0/1025-bmp2-destr.jpg","2023-11-16",65,4009,1,"7-6540091","11/16/2023"
"4419","Russia","Soviet Union","1046 BMP-2(K)","destroyed","https://i.postimg.cc/9QwwcLR6/1017-2x-bmp2-destr.jpg","2023-11-16",65,4010,1,"7-6540101","11/16/2023"
"4420","Russia","Soviet Union","1046 BMP-2(K)","destroyed","https://postlmg.cc/vD7PPzpY","2023-11-16",65,4011,1,"7-6540111","11/16/2023"
"4421","Russia","Soviet Union","1046 BMP-2(K)","destroyed","https://i.postimg.cc/RVqK3GkV/1003-bmp2-destr-11-09.jpg","2023-11-16",65,4012,1,"7-6540121","11/16/2023"
"4422","Russia","Soviet Union","1046 BMP-2(K)","destroyed","https://i.postimg.cc/wTPJDLz5/1004-bmp2-destr-11-09.jpg","2023-11-16",65,4013,1,"7-6540131","11/16/2023"
"4423","Russia","Soviet Union","1046 BMP-2(K)","destroyed","https://i.postimg.cc/V6D0vb4C/1005-bmp2-destr-05-10.jpg","2023-11-16",65,4014,1,"7-6540141","11/16/2023"
"4424","Russia","Soviet Union","1046 BMP-2(K)","destroyed","https://i.postimg.cc/vBQ6Gv7y/1006-bmp2-destr-05-10.jpg","2023-11-16",65,4015,1,"7-6540151","11/16/2023"
"4425","Russia","Soviet Union","1046 BMP-2(K)","destroyed","https://i.postimg.cc/v8PJX4tz/1007-bmp2-destr.jpg","2023-11-16",65,4016,1,"7-6540161","11/16/2023"
"4426","Russia","Soviet Union","1046 BMP-2(K)","destroyed","https://i.postimg.cc/pTs60SzT/1019-bmp2-destr.jpg","2023-11-16",65,4017,1,"7-6540171","11/16/2023"
"4427","Russia","Soviet Union","1046 BMP-2(K)","destroyed","https://i.postimg.cc/Nf5WnQNw/1020-bmp2-destr.jpg","2023-11-16",65,4018,1,"7-6540181","11/16/2023"
"4428","Russia","Soviet Union","1046 BMP-2(K)","destroyed","https://i.postimg.cc/8zjW289J/1006-bmp2-destr.jpg","2023-11-16",65,4019,1,"7-6540191","11/16/2023"
"4429","Russia","Soviet Union","1046 BMP-2(K)","destroyed","https://i.postimg.cc/fykg1vfv/1028-bmp2-destr.jpg","2023-11-16",65,4020,1,"7-6540201","11/16/2023"
"4430","Russia","Soviet Union","1046 BMP-2(K)","destroyed","https://i.postimg.cc/4NFRQ6d8/1026-bmp2-destr-24-11-22.jpg","2023-11-16",65,4021,1,"7-6540211","11/16/2023"
"4431","Russia","Soviet Union","1046 BMP-2(K)","destroyed","https://i.postimg.cc/brWJX4NL/2022-11-12-BMP-2.jpg","2023-11-16",65,4022,1,"7-6540221","11/16/2023"
"4432","Russia","Soviet Union","1046 BMP-2(K)","destroyed","https://i.postimg.cc/qv18r54j/1005-2x-bmp2-destr-14-11.jpg","2023-11-16",65,4023,1,"7-6540231","11/16/2023"
"4433","Russia","Soviet Union","1046 BMP-2(K)","destroyed","https://i.postimg.cc/CLbYCM9c/1009-bmp2-destr.jpg","2023-11-16",65,4024,1,"7-6540241","11/16/2023"
"4434","Russia","Soviet Union","1046 BMP-2(K)","destroyed","https://i.postimg.cc/905b1SRr/1002-bmp2-destr.jpg","2023-11-16",65,4025,1,"7-6540251","11/16/2023"
"4435","Russia","Soviet Union","1046 BMP-2(K)","destroyed","https://i.postimg.cc/X7gLcsVY/1006-bmp2-destr.jpg","2023-11-16",65,4026,1,"7-6540261","11/16/2023"
"4436","Russia","Soviet Union","1046 BMP-2(K)","destroyed","https://twitter.com/UAWeapons/status/1596126216133971969","2023-11-16",65,1054,1,"7-6510541","11/16/2023"
"4437","Russia","Soviet Union","1046 BMP-2(K)","destroyed","https://i.postimg.cc/qRtTMPyS/1002-bmp2-destr.jpg","2023-11-16",65,4027,1,"7-6540271","11/16/2023"
"4438","Russia","Soviet Union","1046 BMP-2(K)","destroyed","https://i.postimg.cc/L6h6SzQm/1004-bmp2-destr.jpg","2023-11-16",65,4028,1,"7-6540281","11/16/2023"
"4439","Russia","Soviet Union","1046 BMP-2(K)","destroyed","https://i.postimg.cc/BvzBh5zt/1006-bmp2-destr.jpg","2023-11-16",65,4029,1,"7-6540291","11/16/2023"
"4440","Russia","Soviet Union","1046 BMP-2(K)","destroyed","https://i.postimg.cc/NFFYgc4d/1008-bmp2-destr.jpg","2023-11-16",65,4030,1,"7-6540301","11/16/2023"
"4441","Russia","Soviet Union","1046 BMP-2(K)","destroyed","https://i.postimg.cc/ydwnNhh2/1011-bmp2-destr.jpg","2023-11-16",65,4031,1,"7-6540311","11/16/2023"
"4442","Russia","Soviet Union","1046 BMP-2(K)","destroyed","https://i.postimg.cc/SKtfdz2H/11-11-2022-BMP-2-destroyed.png","2023-11-16",65,4032,1,"7-6540321","11/16/2023"
"4443","Russia","Soviet Union","1046 BMP-2(K)","destroyed","https://i.postimg.cc/KjkFLFs2/66h.png","2023-11-16",65,4033,1,"7-6540331","11/16/2023"
"4444","Russia","Soviet Union","1046 BMP-2(K)","destroyed","https://i.postimg.cc/L8h147Tz/1017-bmp2-destr.jpg","2023-11-16",65,4034,1,"7-6540341","11/16/2023"
"4445","Russia","Soviet Union","1046 BMP-2(K)","destroyed","https://i.postimg.cc/nrGcLCYy/1008-bmp2-destr.jpg","2023-11-16",65,4035,1,"7-6540351","11/16/2023"
"4446","Russia","Soviet Union","1046 BMP-2(K)","destroyed","https://i.postimg.cc/7hLDgc8Z/1002-bmp2-destr.jpg","2023-11-16",65,4036,1,"7-6540361","11/16/2023"
"4447","Russia","Soviet Union","1046 BMP-2(K)","destroyed","https://i.postimg.cc/DyMfc2zk/1012-bmp2-destr.jpg","2023-11-16",65,4037,1,"7-6540371","11/16/2023"
"4448","Russia","Soviet Union","1046 BMP-2(K)","destroyed","https://i.postimg.cc/P5ZbYHcY/1005-bmp2-destr-10-11-22.jpg","2023-11-16",65,4038,1,"7-6540381","11/16/2023"
"4449","Russia","Soviet Union","1046 BMP-2(K)","destroyed","https://i.postimg.cc/Jh2NZhxr/1011-bmp2-destr.jpg","2023-11-16",65,4039,1,"7-6540391","11/16/2023"
"4450","Russia","Soviet Union","1046 BMP-2(K)","destroyed","https://twitter.com/UAWeapons/status/1600465604380614656","2023-11-16",65,4040,1,"7-6540401","11/16/2023"
"4451","Russia","Soviet Union","1046 BMP-2(K)","destroyed","https://i.postimg.cc/NGm00wMJ/1007-bmp2-capt.jpg","2023-11-16",65,4041,1,"7-6540411","11/16/2023"
"4452","Russia","Soviet Union","1046 BMP-2(K)","destroyed","https://i.postimg.cc/rpGYLknf/2022-07-09-BMP-2-destroyed-Makoshyne.jpg","2023-11-16",65,4042,1,"7-6540421","11/16/2023"
"4453","Russia","Soviet Union","1046 BMP-2(K)","destroyed","https://i.postimg.cc/CLh64vrQ/1016-bmp2-destr.jpg","2023-11-16",65,4043,1,"7-6540431","11/16/2023"
"4454","Russia","Soviet Union","1046 BMP-2(K)","destroyed","https://twitter.com/UAWeapons/status/1601957647695183878","2023-11-16",65,1421,1,"7-6514211","11/16/2023"
"4455","Russia","Soviet Union","1046 BMP-2(K)","destroyed","https://i.postimg.cc/ZKLKrF66/1001-bmp2-destr.jpg","2023-11-16",65,4044,1,"7-6540441","11/16/2023"
"4456","Russia","Soviet Union","1046 BMP-2(K)","destroyed","https://i.postimg.cc/yxm6p0t4/1006-bmp2-destr.jpg","2023-11-16",65,4045,1,"7-6540451","11/16/2023"
"4457","Russia","Soviet Union","1046 BMP-2(K)","destroyed","https://i.postimg.cc/YScZtrnd/1021-bmp1-destr.jpg","2023-11-16",65,4046,1,"7-6540461","11/16/2023"
"4458","Russia","Soviet Union","1046 BMP-2(K)","destroyed","https://twitter.com/UAWeapons/status/1607139683393503233","2023-11-16",65,4047,1,"7-6540471","11/16/2023"
"4459","Russia","Soviet Union","1046 BMP-2(K)","destroyed","https://i.postimg.cc/VvNWWdgt/1008-bmp2-and-unkn-tank-destr.jpg","2023-11-16",65,2139,1,"7-6521391","11/16/2023"
"4460","Russia","Soviet Union","1046 BMP-2(K)","destroyed","https://i.postimg.cc/RC33cmKZ/1017-bmp2-destr-31-03-22.jpg","2023-11-16",65,4048,1,"7-6540481","11/16/2023"
"4461","Russia","Soviet Union","1046 BMP-2(K)","destroyed","https://i.postimg.cc/VkJDXLgj/1018-bmp2-destr-31-12-22.jpg","2023-11-16",65,4049,1,"7-6540491","11/16/2023"
"4462","Russia","Soviet Union","1046 BMP-2(K)","destroyed","https://i.postimg.cc/rmNJqdyL/1021-bmp2-destr-18-03-22.jpg","2023-11-16",65,4050,1,"7-6540501","11/16/2023"
"4463","Russia","Soviet Union","1046 BMP-2(K)","destroyed","https://i.postimg.cc/NMcDh8c4/1022-bmp2-destr-18-03-22.jpg","2023-11-16",65,4051,1,"7-6540511","11/16/2023"
"4464","Russia","Soviet Union","1046 BMP-2(K)","destroyed","https://i.postimg.cc/fkQZBmyV/1018-bmp2-destr-25-12-22.jpg","2023-11-16",65,4052,1,"7-6540521","11/16/2023"
"4465","Russia","Soviet Union","1046 BMP-2(K)","destroyed","https://i.postimg.cc/g2N3f59F/1005-bmp2-destr-06-01-23.jpg","2023-11-16",65,4053,1,"7-6540531","11/16/2023"
"4466","Russia","Soviet Union","1046 BMP-2(K)","destroyed","https://i.postimg.cc/ZRTpzmkq/3216.png","2023-11-16",65,4054,1,"7-6540541","11/16/2023"
"4467","Russia","Soviet Union","1046 BMP-2(K)","destroyed","https://i.postimg.cc/mDS9T0VB/1041-bmp2-destr-20-02-23.jpg","2023-11-16",65,4055,1,"7-6540551","11/16/2023"
"4468","Russia","Soviet Union","1046 BMP-2(K)","destroyed","https://i.postimg.cc/PxRWw6Hq/bmp222.jpg","2023-11-16",65,4056,1,"7-6540561","11/16/2023"
"4469","Russia","Soviet Union","1046 BMP-2(K)","destroyed","https://i.postimg.cc/3xVp7SQL/1007-bmp2-capt.jpg","2023-11-16",65,4057,1,"7-6540571","11/16/2023"
"4470","Russia","Soviet Union","1046 BMP-2(K)","destroyed","https://i.postimg.cc/PqMzr0VY/1004-bmp2-destr-10-01-23.jpg","2023-11-16",65,4058,1,"7-6540581","11/16/2023"
"4471","Russia","Soviet Union","1046 BMP-2(K)","destroyed","https://i.postimg.cc/yYSmSDrV/1005-bmp2-destr-10-01-23.jpg","2023-11-16",65,4059,1,"7-6540591","11/16/2023"
"4472","Russia","Soviet Union","1046 BMP-2(K)","destroyed","https://i.postimg.cc/cCnZ5vLS/1010-bmp2-destr-15-01-23.jpg","2023-11-16",65,4060,1,"7-6540601","11/16/2023"
"4473","Russia","Soviet Union","1046 BMP-2(K)","destroyed","https://i.postimg.cc/JhtrBVTy/1034-bmp2-destr-19-01-23.jpg","2023-11-16",65,4061,1,"7-6540611","11/16/2023"
"4474","Russia","Soviet Union","1046 BMP-2(K)","destroyed","https://i.postimg.cc/P5XrT8YQ/1036-bmp2-destr-19-01-23.jpg","2023-11-16",65,4062,1,"7-6540621","11/16/2023"
"4475","Russia","Soviet Union","1046 BMP-2(K)","destroyed","https://i.postimg.cc/J0CMgyRJ/1037-bmp2-destr-19-01-23.jpg","2023-11-16",65,4063,1,"7-6540631","11/16/2023"
"4476","Russia","Soviet Union","1046 BMP-2(K)","destroyed","https://i.postimg.cc/vBjr7bxV/1025-BMP-2-destr-22-12-22.jpg","2023-11-16",65,4064,1,"7-6540641","11/16/2023"
"4477","Russia","Soviet Union","1046 BMP-2(K)","destroyed","https://i.postimg.cc/dVK9SsHR/1023-bmp2-destr-03-09-22.jpg","2023-11-16",65,4065,1,"7-6540651","11/16/2023"
"4478","Russia","Soviet Union","1046 BMP-2(K)","destroyed","https://i.postimg.cc/44bYW68g/1003-bmp2-destr-25-01-23.jpg","2023-11-16",65,4066,1,"7-6540661","11/16/2023"
"4479","Russia","Soviet Union","1046 BMP-2(K)","destroyed","https://i.postimg.cc/X7spbVS1/1005-1x-bmp1-destr-1x-bmp2-destr-25-01-23.jpg","2023-11-16",65,3307,1,"7-6533071","11/16/2023"
"4480","Russia","Soviet Union","1046 BMP-2(K)","destroyed","https://i.postimg.cc/RZqqCjvS/1014-bmp2-destr-24-01-23.jpg","2023-11-16",65,4067,1,"7-6540671","11/16/2023"
"4481","Russia","Soviet Union","1046 BMP-2(K)","destroyed","https://i.postimg.cc/NFBmsbmq/1020-3x-bmp2-destr-27-01-23.jpg","2023-11-16",65,4068,1,"7-6540681","11/16/2023"
"4482","Russia","Soviet Union","1046 BMP-2(K)","destroyed","https://i.postimg.cc/SxzsyLcq/1023-bmp2-destr-22-01-23.jpg","2023-11-16",65,4069,1,"7-6540691","11/16/2023"
"4483","Russia","Soviet Union","1046 BMP-2(K)","destroyed","https://twitter.com/UAWeapons/status/1620050309275058176","2023-11-16",65,791,1,"7-657911","11/16/2023"
"4484","Russia","Soviet Union","1046 BMP-2(K)","destroyed","https://i.postimg.cc/BvZwMkd1/1025-BMP-2-and-unkn-truck-destr-30-01-23.jpg","2023-11-16",65,4070,1,"7-6540701","11/16/2023"
"4485","Russia","Soviet Union","1046 BMP-2(K)","destroyed","https://i.postimg.cc/BnpmLNXZ/1031-bmp2-destr-31-01-23.jpg","2023-11-16",65,4071,1,"7-6540711","11/16/2023"
"4486","Russia","Soviet Union","1046 BMP-2(K)","destroyed","https://twitter.com/UAWeapons/status/1622325275856977922","2023-11-16",65,4072,1,"7-6540721","11/16/2023"
"4487","Russia","Soviet Union","1046 BMP-2(K)","destroyed","https://twitter.com/UAWeapons/status/1622700135359676416","2023-11-16",65,4073,1,"7-6540731","11/16/2023"
"4488","Russia","Soviet Union","1046 BMP-2(K)","destroyed","https://i.postimg.cc/RV7X9rwC/1008-bmp2-destr-06-02-23.jpg","2023-11-16",65,4074,1,"7-6540741","11/16/2023"
"4489","Russia","Soviet Union","1046 BMP-2(K)","destroyed","https://i.postimg.cc/Z5D3zjsK/1046-bmp2-destr-07-02-23.jpg","2023-11-16",65,4075,1,"7-6540751","11/16/2023"
"4490","Russia","Soviet Union","1046 BMP-2(K)","destroyed","https://i.postimg.cc/MpZbSnWt/1047-bmp2-destr-07-02-23.jpg","2023-11-16",65,4076,1,"7-6540761","11/16/2023"
"4491","Russia","Soviet Union","1046 BMP-2(K)","destroyed","https://i.postimg.cc/9MLWSb1N/1106-bmp2-destr-06-02-23.jpg","2023-11-16",65,4077,1,"7-6540771","11/16/2023"
"4492","Russia","Soviet Union","1046 BMP-2(K)","destroyed","https://i.postimg.cc/6qZJL38T/1004-1x-mtlb-dam-aband-2x-bmp2-1x-destr-1x-dam-aband-2x-t72b3-dam-aband-09-02-23.jpg","2023-11-16",65,2632,1,"7-6526321","11/16/2023"
"4493","Russia","Soviet Union","1046 BMP-2(K)","destroyed","https://i.postimg.cc/8PWNLyvw/1008-bmp2-destr-1x-unkn-tank-destr-09-02-23.jpg","2023-11-16",65,2147,1,"7-6521471","11/16/2023"
"4494","Russia","Soviet Union","1046 BMP-2(K)","destroyed","https://i.postimg.cc/9fFtTCVy/1007-bmp2-destr-09-02-23.jpg","2023-11-16",65,4078,1,"7-6540781","11/16/2023"
"4495","Russia","Soviet Union","1046 BMP-2(K)","destroyed","https://i.postimg.cc/fLSdjbPS/1014-bmp2-destr-08-02-23.jpg","2023-11-16",65,4079,1,"7-6540791","11/16/2023"
"4496","Russia","Soviet Union","1046 BMP-2(K)","destroyed","https://i.postimg.cc/R0zVnNNG/1107-bmp2-destr-06-02-23.jpg","2023-11-16",65,4080,1,"7-6540801","11/16/2023"
"4497","Russia","Soviet Union","1046 BMP-2(K)","destroyed","https://i.postimg.cc/3NNr0NQf/1016-bmp2-destr-10-02-23.jpg","2023-11-16",65,4081,1,"7-6540811","11/16/2023"
"4498","Russia","Soviet Union","1046 BMP-2(K)","destroyed","https://i.postimg.cc/d1PTbNpp/1025-bmp2-destr-04-02-23.jpg","2023-11-16",65,4082,1,"7-6540821","11/16/2023"
"4499","Russia","Soviet Union","1046 BMP-2(K)","destroyed","https://i.postimg.cc/8kwj4Cpq/1031-bmp2-destr-09-02-23.jpg","2023-11-16",65,4083,1,"7-6540831","11/16/2023"
"4500","Russia","Soviet Union","1046 BMP-2(K)","destroyed","https://i.postimg.cc/bwSrqHxh/1032-bmp2-destr-09-02-23.jpg","2023-11-16",65,4084,1,"7-6540841","11/16/2023"
"4501","Russia","Soviet Union","1046 BMP-2(K)","destroyed","https://i.postimg.cc/VkKxZ3rs/1040-bmp2-destr-08-02-23.jpg","2023-11-16",65,4085,1,"7-6540851","11/16/2023"
"4502","Russia","Soviet Union","1046 BMP-2(K)","destroyed","https://i.postimg.cc/W3q2NPxh/1023-bm2-destr-16-02-23.jpg","2023-11-16",65,4086,1,"7-6540861","11/16/2023"
"4503","Russia","Soviet Union","1046 BMP-2(K)","destroyed","https://i.postimg.cc/JzyxNL9B/1305-bmp2-destr-07-02-23.jpg","2023-11-16",65,4087,1,"7-6540871","11/16/2023"
"4504","Russia","Soviet Union","1046 BMP-2(K)","destroyed","https://twitter.com/UAWeapons/status/1625242267916070918","2023-11-16",65,295,1,"7-652951","11/16/2023"
"4505","Russia","Soviet Union","1046 BMP-2(K)","destroyed","https://i.postimg.cc/25QsngYp/1015-2x-bmp2-destr-14-02-23.jpg","2023-11-16",65,4088,1,"7-6540881","11/16/2023"
"4506","Russia","Soviet Union","1046 BMP-2(K)","destroyed","https://twitter.com/UAWeapons/status/1630254340689494021","2023-11-16",65,4089,1,"7-6540891","11/16/2023"
"4507","Russia","Soviet Union","1046 BMP-2(K)","destroyed","https://i.postimg.cc/T14FR6Vb/1003-bmp2-destr-14-02-23.jpg","2023-11-16",65,4090,1,"7-6540901","11/16/2023"
"4508","Russia","Soviet Union","1046 BMP-2(K)","destroyed","https://twitter.com/UAWeapons/status/1627293833468715008","2023-11-16",65,4091,1,"7-6540911","11/16/2023"
"4509","Russia","Soviet Union","1046 BMP-2(K)","destroyed","https://twitter.com/UAWeapons/status/1628038007772020742","2023-11-16",65,4092,1,"7-6540921","11/16/2023"
"4510","Russia","Soviet Union","1046 BMP-2(K)","destroyed","https://i.postimg.cc/RVn9wh19/314o.png","2023-11-16",65,4093,1,"7-6540931","11/16/2023"
"4511","Russia","Soviet Union","1046 BMP-2(K)","destroyed","https://i.postimg.cc/VvMGb8cL/1000-bmp2-destr-24-01-23.png","2023-11-16",65,4094,1,"7-6540941","11/16/2023"
"4512","Russia","Soviet Union","1046 BMP-2(K)","destroyed","https://i.postimg.cc/VN6KWMch/1005-bmp2-destr-21-02-23.jpg","2023-11-16",65,4095,1,"7-6540951","11/16/2023"
"4513","Russia","Soviet Union","1046 BMP-2(K)","destroyed","https://i.postimg.cc/xTDFVcKk/1007-bmp2-destr-21-02-23.jpg","2023-11-16",65,4096,1,"7-6540961","11/16/2023"
"4514","Russia","Soviet Union","1046 BMP-2(K)","destroyed","https://i.postimg.cc/htMCmsNx/1014-bmp2-destr-22-02-23.jpg","2023-11-16",65,4097,1,"7-6540971","11/16/2023"
"4515","Russia","Soviet Union","1046 BMP-2(K)","destroyed","https://i.postimg.cc/zB73rD6Q/1010-bmp2-destr-xx-03-22.jpg","2023-11-16",65,4098,1,"7-6540981","11/16/2023"
"4516","Russia","Soviet Union","1046 BMP-2(K)","destroyed","https://i.postimg.cc/ydsWt3Q9/1017-bmp2-destr-17-02-23.jpg","2023-11-16",65,4099,1,"7-6540991","11/16/2023"
"4517","Russia","Soviet Union","1046 BMP-2(K)","destroyed","https://i.postimg.cc/gjDfBm3Q/1039-bmp2-destr-04-03-23.jpg","2023-11-16",65,4100,1,"7-6541001","11/16/2023"
"4518","Russia","Soviet Union","1046 BMP-2(K)","destroyed","https://twitter.com/UAWeapons/status/1629570643866910723","2023-11-16",65,884,1,"7-658841","11/16/2023"
"4519","Russia","Soviet Union","1046 BMP-2(K)","destroyed","https://i.postimg.cc/251JzGrK/1006-bmp2-destr-29-03-22.jpg","2023-11-16",65,4101,1,"7-6541011","11/16/2023"
"4520","Russia","Soviet Union","1046 BMP-2(K)","destroyed","https://i.postimg.cc/J7xQ2JWD/1009-bmp2-destr-25-02-23.jpg","2023-11-16",65,4102,1,"7-6541021","11/16/2023"
"4521","Russia","Soviet Union","1046 BMP-2(K)","destroyed","https://i.postimg.cc/yNRPQbVs/1026-bmp2-destr-24-02-23.jpg","2023-11-16",65,4103,1,"7-6541031","11/16/2023"
"4522","Russia","Soviet Union","1046 BMP-2(K)","destroyed","https://i.postimg.cc/DZFqCfjP/1027-bmp2-destr-24-02-23.jpg","2023-11-16",65,4104,1,"7-6541041","11/16/2023"
"4523","Russia","Soviet Union","1046 BMP-2(K)","destroyed","https://i.postimg.cc/DZMKhnxy/1031-bmp2-destr-02-03-23.jpg","2023-11-16",65,4105,1,"7-6541051","11/16/2023"
"4524","Russia","Soviet Union","1046 BMP-2(K)","destroyed","https://twitter.com/UAWeapons/status/1632452835093753858","2023-11-16",65,4106,1,"7-6541061","11/16/2023"
"4525","Russia","Soviet Union","1046 BMP-2(K)","destroyed","https://twitter.com/RALee85/status/1617596495405907987","2023-11-16",65,4107,1,"7-6541071","11/16/2023"
"4526","Russia","Soviet Union","1046 BMP-2(K)","destroyed","https://i.postimg.cc/SQTbV9wS/1127-bmp2-destr-28-02-23.jpg","2023-11-16",65,4108,1,"7-6541081","11/16/2023"
"4527","Russia","Soviet Union","1046 BMP-2(K)","destroyed","https://i.postimg.cc/524HDy1N/1000-t80bv-dam-aband-2x-bmp2-destr-27-02-23.jpg","2023-11-16",65,4109,1,"7-6541091","11/16/2023"
"4528","Russia","Soviet Union","1046 BMP-2(K)","destroyed","https://i.postimg.cc/43HRNCTH/1011-bmp2-destr-04-11-22.jpg","2023-11-16",65,4110,1,"7-6541101","11/16/2023"
"4529","Russia","Soviet Union","1046 BMP-2(K)","destroyed","https://i.postimg.cc/L8rSmXQ0/1007-bmp2-destr-08-03-23.jpg","2023-11-16",65,4111,1,"7-6541111","11/16/2023"
"4530","Russia","Soviet Union","1046 BMP-2(K)","destroyed","https://i.postimg.cc/zGL5mW7g/1009-bmp2-destr-08-03-23.jpg","2023-11-16",65,4112,1,"7-6541121","11/16/2023"
"4531","Russia","Soviet Union","1046 BMP-2(K)","destroyed","https://i.postimg.cc/8zkJLy1V/1018-bmp2-destr-07-03-23.jpg","2023-11-16",65,4113,1,"7-6541131","11/16/2023"
"4532","Russia","Soviet Union","1046 BMP-2(K)","destroyed","https://twitter.com/UAWeapons/status/1634295537846419466","2023-11-16",65,3345,1,"7-6533451","11/16/2023"
"4533","Russia","Soviet Union","1046 BMP-2(K)","destroyed","https://i.postimg.cc/QC25V0xC/1004-3-destr-BMP-2-2-destr-Kam-AZ-6x6-4-damaged-T-62-M-09-03-23.jpg","2023-11-16",65,27,1,"7-65271","11/16/2023"
"4534","Russia","Soviet Union","1046 BMP-2(K)","destroyed","https://i.postimg.cc/cCjjFRy2/1012-bmp2-destr-05-03-23.jpg","2023-11-16",65,4114,1,"7-6541141","11/16/2023"
"4535","Russia","Soviet Union","1046 BMP-2(K)","destroyed","https://i.postimg.cc/ncjNCPqJ/1018-bmp2-destr-05-03-23.jpg","2023-11-16",65,4115,1,"7-6541151","11/16/2023"
"4536","Russia","Soviet Union","1046 BMP-2(K)","destroyed","https://i.postimg.cc/90pVvfDb/1023-bmp2-destr-13-03-23.jpg","2023-11-16",65,4116,1,"7-6541161","11/16/2023"
"4537","Russia","Soviet Union","1046 BMP-2(K)","destroyed","https://i.postimg.cc/T3SG8F3z/1029-bmp2-destr-30-06-22.jpg","2023-11-16",65,4117,1,"7-6541171","11/16/2023"
"4538","Russia","Soviet Union","1046 BMP-2(K)","destroyed","https://twitter.com/UAWeapons/status/1636693146720432128","2023-11-16",65,4118,1,"7-6541181","11/16/2023"
"4539","Russia","Soviet Union","1046 BMP-2(K)","destroyed","https://i.postimg.cc/26KLhnDw/1009-bmp2-destr-18-03-23.jpg","2023-11-16",65,4119,1,"7-6541191","11/16/2023"
"4540","Russia","Soviet Union","1046 BMP-2(K)","destroyed","https://i.postimg.cc/BvNKZd7R/1023-bmp2-and-btr-d-destr-17-03-23.jpg","2023-11-16",65,4120,1,"7-6541201","11/16/2023"
"4541","Russia","Soviet Union","1046 BMP-2(K)","destroyed","https://i.postimg.cc/s23WrVmp/1033-bmp2-destr-16-03-23.jpg","2023-11-16",65,4121,1,"7-6541211","11/16/2023"
"4542","Russia","Soviet Union","1046 BMP-2(K)","destroyed","https://i.postimg.cc/DmVWYFm4/1034-bmp2-destr-16-03-23.jpg","2023-11-16",65,4122,1,"7-6541221","11/16/2023"
"4543","Russia","Soviet Union","1046 BMP-2(K)","destroyed","https://i.postimg.cc/c1vXjmrd/1043-bmp2-destr-16-03-23.jpg","2023-11-16",65,4123,1,"7-6541231","11/16/2023"
"4544","Russia","Soviet Union","1046 BMP-2(K)","destroyed","https://postlmg.cc/H8rSdk7F","2023-11-16",65,4124,1,"7-6541241","11/16/2023"
"4545","Russia","Soviet Union","1046 BMP-2(K)","destroyed","https://i.postimg.cc/HnpDgBdq/1021-bmp2-destr-20-03-23.jpg","2023-11-16",65,4125,1,"7-6541251","11/16/2023"
"4546","Russia","Soviet Union","1046 BMP-2(K)","destroyed","https://postlmg.cc/nCqYHpS3","2023-11-16",65,4126,1,"7-6541261","11/16/2023"
"4547","Russia","Soviet Union","1046 BMP-2(K)","destroyed","https://i.postimg.cc/sfcCcdJs/1029-bmp2-destr-20-03-23.jpg","2023-11-16",65,4127,1,"7-6541271","11/16/2023"
"4548","Russia","Soviet Union","1046 BMP-2(K)","destroyed","https://i.postimg.cc/mDyJ8CC8/1032-bmp2-destr-16-03-23.jpg","2023-11-16",65,4128,1,"7-6541281","11/16/2023"
"4549","Russia","Soviet Union","1046 BMP-2(K)","destroyed","https://twitter.com/UAWeapons/status/1638959148845989888","2023-11-16",65,4129,1,"7-6541291","11/16/2023"
"4550","Russia","Soviet Union","1046 BMP-2(K)","destroyed","https://twitter.com/UAWeapons/status/1638845891254558720","2023-11-16",65,364,1,"7-653641","11/16/2023"
"4551","Russia","Soviet Union","1046 BMP-2(K)","destroyed","https://i.postimg.cc/FzcBP1Mj/698.png","2023-11-16",65,4130,1,"7-6541301","11/16/2023"
"4552","Russia","Soviet Union","1046 BMP-2(K)","destroyed","https://i.postimg.cc/jdHJLQfQ/576.png","2023-11-16",65,4131,1,"7-6541311","11/16/2023"
"4553","Russia","Soviet Union","1046 BMP-2(K)","destroyed","https://i.postimg.cc/CKYkMCv6/4679.png","2023-11-16",65,4132,1,"7-6541321","11/16/2023"
"4554","Russia","Soviet Union","1046 BMP-2(K)","destroyed","https://i.postimg.cc/tC23BXn6/1016-unkn-tank-2x-bmp2-destr-25-04-23.jpg","2023-11-16",65,2176,1,"7-6521761","11/16/2023"
"4555","Russia","Soviet Union","1046 BMP-2(K)","destroyed","https://i.postimg.cc/7PnCMw5y/1005-bmp2-destr-24-04-23.jpg","2023-11-16",65,4133,1,"7-6541331","11/16/2023"
"4556","Russia","Soviet Union","1046 BMP-2(K)","destroyed","https://i.postimg.cc/xCHmSmjk/1017-bmp2-destr-25-04-23.jpg","2023-11-16",65,4134,1,"7-6541341","11/16/2023"
"4557","Russia","Soviet Union","1046 BMP-2(K)","destroyed","https://twitter.com/UAWeapons/status/1652682227891798017","2023-11-16",65,4135,1,"7-6541351","11/16/2023"
"4558","Russia","Soviet Union","1046 BMP-2(K)","destroyed","https://i.postimg.cc/HLLrLtGw/1045-2x-bmp2-destr-28-04-23.jpg","2023-11-16",65,4136,1,"7-6541361","11/16/2023"
"4559","Russia","Soviet Union","1046 BMP-2(K)","destroyed","https://i.postimg.cc/C1zncsmh/1037-bmp2-destr-27-04-23.jpg","2023-11-16",65,4137,1,"7-6541371","11/16/2023"
"4560","Russia","Soviet Union","1046 BMP-2(K)","destroyed","https://i.postimg.cc/MpSRzRK5/1015-bmp2-destr-18-04-23.jpg","2023-11-16",65,4138,1,"7-6541381","11/16/2023"
"4561","Russia","Soviet Union","1046 BMP-2(K)","destroyed","https://i.postimg.cc/8C7NP3Gf/1014-bmp2-destr-04-05-23.jpg","2023-11-16",65,4139,1,"7-6541391","11/16/2023"
"4562","Russia","Soviet Union","1046 BMP-2(K)","destroyed","https://i.postimg.cc/VsnsC3Cj/1030-bmp2-destr-28-04-23.jpg","2023-11-16",65,4140,1,"7-6541401","11/16/2023"
"4563","Russia","Soviet Union","1046 BMP-2(K)","destroyed","https://twitter.com/UAWeapons/status/1655197008787898368","2023-11-16",65,4141,1,"7-6541411","11/16/2023"
"4564","Russia","Soviet Union","1046 BMP-2(K)","destroyed","https://i.postimg.cc/X7dj5cbJ/1018-bmp2-destr-06-05-23.jpg","2023-11-16",65,4142,1,"7-6541421","11/16/2023"
"4565","Russia","Soviet Union","1046 BMP-2(K)","destroyed","https://i.postimg.cc/DykF7JXK/1030-bmp2-destr-09-05-23.jpg","2023-11-16",65,4143,1,"7-6541431","11/16/2023"
"4566","Russia","Soviet Union","1046 BMP-2(K)","destroyed","https://i.postimg.cc/qvJ6WLkj/1004-bmp2-destr-10-11-22.jpg","2023-11-16",65,4144,1,"7-6541441","11/16/2023"
"4567","Russia","Soviet Union","1046 BMP-2(K)","destroyed","https://i.postimg.cc/kgJX9Csh/1049-bmp2-destr-15-05-23.jpg","2023-11-16",65,4145,1,"7-6541451","11/16/2023"
"4568","Russia","Soviet Union","1046 BMP-2(K)","destroyed","https://i.postimg.cc/tCH4SWxb/1052-bmp2-destr-15-05-23.jpg","2023-11-16",65,4146,1,"7-6541461","11/16/2023"
"4569","Russia","Soviet Union","1046 BMP-2(K)","destroyed","https://twitter.com/UAWeapons/status/1659933879803736067","2023-11-16",65,4147,1,"7-6541471","11/16/2023"
"4570","Russia","Soviet Union","1046 BMP-2(K)","destroyed","https://i.postimg.cc/3r2kWrBT/1004-BMP-2-with-ZU-23-2-AA-gun-destr-04-12-22.jpg","2023-11-16",65,4148,1,"7-6541481","11/16/2023"
"4571","Russia","Soviet Union","1046 BMP-2(K)","destroyed","https://i.postimg.cc/d071FJ1g/1022-bmp2-destr-30-11-22.jpg","2023-11-16",65,4149,1,"7-6541491","11/16/2023"
"4572","Russia","Soviet Union","1046 BMP-2(K)","destroyed","https://i.postimg.cc/0jv27mfq/1035-bmp2-destr-19-05-23.jpg","2023-11-16",65,4150,1,"7-6541501","11/16/2023"
"4573","Russia","Soviet Union","1046 BMP-2(K)","destroyed","https://i.postimg.cc/Wpx8SkM9/1013-BMP-2-two-MT-LBs-and-T-80-BV-destr-23-05-23.jpg","2023-11-16",65,1480,1,"7-6514801","11/16/2023"
"4574","Russia","Soviet Union","1046 BMP-2(K)","destroyed","https://i.postimg.cc/J0HsdVgj/1024-bmp2-destr-30-09-22.jpg","2023-11-16",65,4151,1,"7-6541511","11/16/2023"
"4575","Russia","Soviet Union","1046 BMP-2(K)","destroyed","https://i.postimg.cc/gkmcRt5y/1015-bmp2-destr-02-06-23.jpg","2023-11-16",65,4152,1,"7-6541521","11/16/2023"
"4576","Russia","Soviet Union","1046 BMP-2(K)","destroyed","https://i.postimg.cc/rm4yGBMj/1019-bmp2-destr-01-06-23.jpg","2023-11-16",65,4153,1,"7-6541531","11/16/2023"
"4577","Russia","Soviet Union","1046 BMP-2(K)","destroyed","https://i.postimg.cc/7hMxdSCT/1028-bmp2-destr-01-06-23.jpg","2023-11-16",65,4154,1,"7-6541541","11/16/2023"
"4578","Russia","Soviet Union","1046 BMP-2(K)","destroyed","https://i.postimg.cc/DyX5SR0S/1001-2x-bmp2-destr-05-06-23.jpg","2023-11-16",65,4155,1,"7-6541551","11/16/2023"
"4579","Russia","Soviet Union","1046 BMP-2(K)","destroyed","https://i.postimg.cc/SxSr9HXM/1303-bmp2-destr-02-06-23.jpg","2023-11-16",65,4156,1,"7-6541561","11/16/2023"
"4580","Russia","Soviet Union","1046 BMP-2(K)","destroyed","https://i.postimg.cc/pTz2jxXQ/1003-bmp2-destr-10-06-23.jpg","2023-11-16",65,4157,1,"7-6541571","11/16/2023"
"4581","Russia","Soviet Union","1046 BMP-2(K)","destroyed","https://twitter.com/UAWeapons/status/1668515155100028929","2023-11-16",65,2195,1,"7-6521951","11/16/2023"
"4582","Russia","Soviet Union","1046 BMP-2(K)","destroyed","https://i.postimg.cc/KYWTS5nB/1011-bmp2-destr-12-06-23.jpg","2023-11-16",65,4158,1,"7-6541581","11/16/2023"
"4583","Russia","Soviet Union","1046 BMP-2(K)","destroyed","https://i.postimg.cc/GmhT4fKv/1015-bmp2-destr-12-06-23.jpg","2023-11-16",65,4159,1,"7-6541591","11/16/2023"
"4584","Russia","Soviet Union","1046 BMP-2(K)","destroyed","https://i.postimg.cc/CLftGd4x/1022-BMP-2-K-destr-16-10-23.jpg","2023-11-16",65,4160,1,"7-6541601","11/16/2023"
"4585","Russia","Soviet Union","1046 BMP-2(K)","destroyed","https://i.postimg.cc/qRxT21ns/1016-2x-bmp2-1x-destr-1x-dam-aband-18-06-23.jpg","2023-11-16",65,4161,1,"7-6541611","11/16/2023"
"4586","Russia","Soviet Union","1046 BMP-2(K)","destroyed","https://i.postimg.cc/wMZF8Vgc/1005-bmp2-destr-19-06-23.jpg","2023-11-16",65,4162,1,"7-6541621","11/16/2023"
"4587","Russia","Soviet Union","1046 BMP-2(K)","destroyed","https://twitter.com/naalsio26/status/1672028393964023809","2023-11-16",65,4163,1,"7-6541631","11/16/2023"
"4588","Russia","Soviet Union","1046 BMP-2(K)","destroyed","https://i.postimg.cc/rw1FPLH5/1010-2x-bmp2-destr-21-06-23.jpg","2023-11-16",65,4164,1,"7-6541641","11/16/2023"
"4589","Russia","Soviet Union","1046 BMP-2(K)","destroyed","https://i.postimg.cc/XqBncMFG/1039-bmp2-destr-24-06-23.jpg","2023-11-16",65,4165,1,"7-6541651","11/16/2023"
"4590","Russia","Soviet Union","1046 BMP-2(K)","destroyed","https://i.postimg.cc/HsRhpFCs/1054-bmp2-destr-10-05-22.jpg","2023-11-16",65,4166,1,"7-6541661","11/16/2023"
"4591","Russia","Soviet Union","1046 BMP-2(K)","destroyed","https://i.postimg.cc/jjQg45nL/1053-bmp2-destr-10-05-22.jpg","2023-11-16",65,4167,1,"7-6541671","11/16/2023"
"4592","Russia","Soviet Union","1046 BMP-2(K)","destroyed","https://i.postimg.cc/0NZp7K4T/1001-bmp2-destr-21-06-23.jpg","2023-11-16",65,4168,1,"7-6541681","11/16/2023"
"4593","Russia","Soviet Union","1046 BMP-2(K)","destroyed","https://i.postimg.cc/3JzdhxZq/1021-bmp2-destr-29-06-23.jpg","2023-11-16",65,4169,1,"7-6541691","11/16/2023"
"4594","Russia","Soviet Union","1046 BMP-2(K)","destroyed","https://i.postimg.cc/c4vrPnfY/1020-bmp2-destr-28-06-23.jpg","2023-11-16",65,4170,1,"7-6541701","11/16/2023"
"4595","Russia","Soviet Union","1046 BMP-2(K)","destroyed","https://twitter.com/UAWeapons/status/1675795782153261056","2023-11-16",65,4171,1,"7-6541711","11/16/2023"
"4596","Russia","Soviet Union","1046 BMP-2(K)","destroyed","https://i.postimg.cc/y6SLFLsc/1030-bmp2-destr-25-06-23.jpg","2023-11-16",65,4172,1,"7-6541721","11/16/2023"
"4597","Russia","Soviet Union","1046 BMP-2(K)","destroyed","https://i.postimg.cc/76L7dL7n/1007-bmp2-destr-03-07-23.jpg","2023-11-16",65,4173,1,"7-6541731","11/16/2023"
"4598","Russia","Soviet Union","1046 BMP-2(K)","destroyed","https://i.postimg.cc/SR29QtgX/1020-bmp2-destr-05-07-23.jpg","2023-11-16",65,4174,1,"7-6541741","11/16/2023"
"4599","Russia","Soviet Union","1046 BMP-2(K)","destroyed","https://i.postimg.cc/PqT1by5c/1026-bmp2-destr-19-06-23.jpg","2023-11-16",65,4175,1,"7-6541751","11/16/2023"
"4600","Russia","Soviet Union","1046 BMP-2(K)","destroyed","https://i.postimg.cc/qMH0QgkD/1007-bmp2-destr-07-07-23.jpg","2023-11-16",65,4176,1,"7-6541761","11/16/2023"
"4601","Russia","Soviet Union","1046 BMP-2(K)","destroyed","https://i.postimg.cc/Jn0DcyyV/1001-bmp2-destr-12-08-23.jpg","2023-11-16",65,4177,1,"7-6541771","11/16/2023"
"4602","Russia","Soviet Union","1046 BMP-2(K)","destroyed","https://i.postimg.cc/FzZ5tpHL/1002-bmp2-destr-09-07-23.jpg","2023-11-16",65,4178,1,"7-6541781","11/16/2023"
"4603","Russia","Soviet Union","1046 BMP-2(K)","destroyed","https://i.postimg.cc/vB5whbRX/1033-BMP-2-destr-31-08-22.jpg","2023-11-16",65,4179,1,"7-6541791","11/16/2023"
"4604","Russia","Soviet Union","1046 BMP-2(K)","destroyed","https://i.postimg.cc/8C2VLsYj/1034-BMP-2-destr-31-08-22.jpg","2023-11-16",65,4180,1,"7-6541801","11/16/2023"
"4605","Russia","Soviet Union","1046 BMP-2(K)","destroyed","https://i.postimg.cc/28kNQs0F/1039-bmp2-destr-27-06-23.jpg","2023-11-16",65,4181,1,"7-6541811","11/16/2023"
"4606","Russia","Soviet Union","1046 BMP-2(K)","destroyed","https://i.postimg.cc/T3h8SrMK/1043-BMP-2-destr-09-02-23.jpg","2023-11-16",65,4182,1,"7-6541821","11/16/2023"
"4607","Russia","Soviet Union","1046 BMP-2(K)","destroyed","https://i.postimg.cc/bv27Ypv8/1049-bmp2-destr-30-11-22.jpg","2023-11-16",65,4183,1,"7-6541831","11/16/2023"
"4608","Russia","Soviet Union","1046 BMP-2(K)","destroyed","https://i.postimg.cc/HLJrvsYT/1001-unkn-bmp-destr-bmp2-dam-03-02-2023.jpg","2023-11-16",65,4184,1,"7-6541841","11/16/2023"
"4609","Russia","Soviet Union","1046 BMP-2(K)","destroyed","https://twitter.com/UAWeapons/status/1586833829506998272","2023-11-16",65,3282,1,"7-6532821","11/16/2023"
"4610","Russia","Soviet Union","1046 BMP-2(K)","destroyed","https://twitter.com/UAWeapons/status/1527754511149936641","2023-11-16",65,4185,1,"7-6541851","11/16/2023"
"4611","Russia","Soviet Union","1046 BMP-2(K)","destroyed","https://twitter.com/UAWeapons/status/1513599543723663370","2023-11-16",65,4186,1,"7-6541861","11/16/2023"
"4612","Russia","Soviet Union","1046 BMP-2(K)","destroyed","https://i.postimg.cc/Gt4ffsdB/1006-bmp2-destr-13-07-23.jpg","2023-11-16",65,4187,1,"7-6541871","11/16/2023"
"4613","Russia","Soviet Union","1046 BMP-2(K)","destroyed","https://i.postimg.cc/m2FqNMmJ/1027-2x-bmp2-destr-12-07-23.jpg","2023-11-16",65,4188,1,"7-6541881","11/16/2023"
"4614","Russia","Soviet Union","1046 BMP-2(K)","destroyed","https://i.postimg.cc/440q9wQp/1029-bmp2-destr-12-07-23.jpg","2023-11-16",65,4189,1,"7-6541891","11/16/2023"
"4615","Russia","Soviet Union","1046 BMP-2(K)","destroyed","https://i.postimg.cc/2Sgy1sqz/1046-bmp2-destr-16-07-23.jpg","2023-11-16",65,4190,1,"7-6541901","11/16/2023"
"4616","Russia","Soviet Union","1046 BMP-2(K)","destroyed","https://i.postimg.cc/HnWkGHNt/1036-bmp2-dam-15-07-23.jpg","2023-11-16",65,4191,1,"7-6541911","11/16/2023"
"4617","Russia","Soviet Union","1046 BMP-2(K)","destroyed","https://i.postimg.cc/c1czWJyH/1041-bmp1-and-bmp2-destr-18-07-23.jpg","2023-11-16",65,4192,1,"7-6541921","11/16/2023"
"4618","Russia","Soviet Union","1046 BMP-2(K)","destroyed","https://i.postimg.cc/R0jkWpXZ/1002-bmp2-destr-17-07-23.jpg","2023-11-16",65,4193,1,"7-6541931","11/16/2023"
"4619","Russia","Soviet Union","1046 BMP-2(K)","destroyed","https://i.postimg.cc/GtjVSLr4/1025-bmp2-destr-18-07-23.jpg","2023-11-16",65,4194,1,"7-6541941","11/16/2023"
"4620","Russia","Soviet Union","1046 BMP-2(K)","destroyed","https://i.postimg.cc/xTxFkFdV/1031-bmp2-destr-19-07-23.jpg","2023-11-16",65,4195,1,"7-6541951","11/16/2023"
"4621","Russia","Soviet Union","1046 BMP-2(K)","destroyed","https://i.postimg.cc/kMkkHsRJ/ds.png","2023-11-16",65,4196,1,"7-6541961","11/16/2023"
"4622","Russia","Soviet Union","1046 BMP-2(K)","destroyed","https://twitter.com/UAWeapons/status/1554920074720559104","2023-11-16",65,4197,1,"7-6541971","11/16/2023"
"4623","Russia","Soviet Union","1046 BMP-2(K)","destroyed","https://i.postimg.cc/XYXZzXRv/1028-bmp2-destr-31-03-23.jpg","2023-11-16",65,4198,1,"7-6541981","11/16/2023"
"4624","Russia","Soviet Union","1046 BMP-2(K)","destroyed","https://i.postimg.cc/Qdn78cQ5/1009-bmp2-destr-20-07-23.jpg","2023-11-16",65,4199,1,"7-6541991","11/16/2023"
"4625","Russia","Soviet Union","1046 BMP-2(K)","destroyed","https://i.postimg.cc/1tPBwNfk/1027-bmp2-destr-22-06-23.jpg","2023-11-16",65,4200,1,"7-6542001","11/16/2023"
"4626","Russia","Soviet Union","1046 BMP-2(K)","destroyed","https://i.postimg.cc/76nmgSxT/2009-bmp2-destr-29-06-23.jpg","2023-11-16",65,4201,1,"7-6542011","11/16/2023"
"4627","Russia","Soviet Union","1046 BMP-2(K)","destroyed","https://i.postimg.cc/xdsFYZ43/1018-1x-bmp1-2x-bmp2-destr-25-07-23.jpg","2023-11-16",65,3447,1,"7-6534471","11/16/2023"
"4628","Russia","Soviet Union","1046 BMP-2(K)","destroyed","https://i.postimg.cc/9QYng0PS/1006-bmp2-destr-25-07-23.jpg","2023-11-16",65,4202,1,"7-6542021","11/16/2023"
"4629","Russia","Soviet Union","1046 BMP-2(K)","destroyed","https://i.postimg.cc/xjXBj0YJ/1025-bmp2-destr-05-07-23.jpg","2023-11-16",65,4203,1,"7-6542031","11/16/2023"
"4630","Russia","Soviet Union","1046 BMP-2(K)","destroyed","https://i.postimg.cc/QMDd8M4c/1001-bmp2-and-1-V14-destr-17-07-23.jpg","2023-11-16",65,4204,1,"7-6542041","11/16/2023"
"4631","Russia","Soviet Union","1046 BMP-2(K)","destroyed","https://i.postimg.cc/WbM4QrSs/1013-bmp2-destr-30-07-23.jpg","2023-11-16",65,4205,1,"7-6542051","11/16/2023"
"4632","Russia","Soviet Union","1046 BMP-2(K)","destroyed","https://i.postimg.cc/RZ6gSS6C/1018-bmp2-destr-30-07-23.jpg","2023-11-16",65,4206,1,"7-6542061","11/16/2023"
"4633","Russia","Soviet Union","1046 BMP-2(K)","destroyed","https://i.postimg.cc/5NtvJsYf/1022-bmp2-destr-28-07-23.jpg","2023-11-16",65,4207,1,"7-6542071","11/16/2023"
"4634","Russia","Soviet Union","1046 BMP-2(K)","destroyed","https://i.postimg.cc/pL41zhbn/1023-bmp2-destr-28-07-23.jpg","2023-11-16",65,4208,1,"7-6542081","11/16/2023"
"4635","Russia","Soviet Union","1046 BMP-2(K)","destroyed","https://i.postimg.cc/x1wtqwMv/1024-bmp2-destr-28-07-23.jpg","2023-11-16",65,4209,1,"7-6542091","11/16/2023"
"4636","Russia","Soviet Union","1046 BMP-2(K)","destroyed","https://i.postimg.cc/6pnWK67M/1015-bmp2-destr-30-11-22.jpg","2023-11-16",65,4210,1,"7-6542101","11/16/2023"
"4637","Russia","Soviet Union","1046 BMP-2(K)","destroyed","https://i.postimg.cc/N0tgjhmB/1016-bmp2-destr-30-11-22.jpg","2023-11-16",65,4211,1,"7-6542111","11/16/2023"
"4638","Russia","Soviet Union","1046 BMP-2(K)","destroyed","https://i.postimg.cc/fbvM3HfX/1019-bmp2-destr-17-07-23.jpg","2023-11-16",65,4212,1,"7-6542121","11/16/2023"
"4639","Russia","Soviet Union","1046 BMP-2(K)","destroyed","https://i.postimg.cc/bvqhjxfv/1021-bmp2-destr-02-08-23.jpg","2023-11-16",65,4213,1,"7-6542131","11/16/2023"
"4640","Russia","Soviet Union","1046 BMP-2(K)","destroyed","https://i.postimg.cc/850QWxJF/1028-bmp2-destr-01-08-23.jpg","2023-11-16",65,4214,1,"7-6542141","11/16/2023"
"4641","Russia","Soviet Union","1046 BMP-2(K)","destroyed","https://i.postimg.cc/GtT0jzGX/1029-bmp2-destr-01-08-23.jpg","2023-11-16",65,4215,1,"7-6542151","11/16/2023"
"4642","Russia","Soviet Union","1046 BMP-2(K)","destroyed","https://i.postimg.cc/DfSmDTcM/1030-bmp2-destr-01-08-23.jpg","2023-11-16",65,4216,1,"7-6542161","11/16/2023"
"4643","Russia","Soviet Union","1046 BMP-2(K)","destroyed","https://i.postimg.cc/Wp9LTSHn/1005-mtlb-and-bmp2-destr-12-07-23.jpg","2023-11-16",65,2547,1,"7-6525471","11/16/2023"
"4644","Russia","Soviet Union","1046 BMP-2(K)","destroyed","https://i.postimg.cc/fb8dwL0G/1019-bmp2-destr-07-08-23.jpg","2023-11-16",65,4217,1,"7-6542171","11/16/2023"
"4645","Russia","Soviet Union","1046 BMP-2(K)","destroyed","https://i.postimg.cc/d3DtKyy8/1004-bmp2-destr-04-06-23.jpg","2023-11-16",65,4218,1,"7-6542181","11/16/2023"
"4646","Russia","Soviet Union","1046 BMP-2(K)","destroyed","https://twitter.com/UAWeapons/status/1691132746171666448","2023-11-16",65,1716,1,"7-6517161","11/16/2023"
"4647","Russia","Soviet Union","1046 BMP-2(K)","destroyed","https://i.postimg.cc/s28Ys0v1/1008-bmp2-destr-28-02-23.jpg","2023-11-16",65,4219,1,"7-6542191","11/16/2023"
"4648","Russia","Soviet Union","1046 BMP-2(K)","destroyed","https://i.postimg.cc/MKxy6BK0/1013-bmp2-destr-15-08-23.jpg","2023-11-16",65,4220,1,"7-6542201","11/16/2023"
"4649","Russia","Soviet Union","1046 BMP-2(K)","destroyed","https://i.postimg.cc/B6hVmzg4/1017-bmp2-destr-16-08-23.jpg","2023-11-16",65,4221,1,"7-6542211","11/16/2023"
"4650","Russia","Soviet Union","1046 BMP-2(K)","destroyed","https://i.postimg.cc/TP6F1g1M/1018-bmp2-destr-16-08-23.jpg","2023-11-16",65,4222,1,"7-6542221","11/16/2023"
"4651","Russia","Soviet Union","1046 BMP-2(K)","destroyed","https://i.postimg.cc/prLXJCDC/1042-t80bvm-unkn-t80-bmp1-and-bmp2-destr-20-08-23.jpg","2023-11-16",65,1719,1,"7-6517191","11/16/2023"
"4652","Russia","Soviet Union","1046 BMP-2(K)","destroyed","https://i.postimg.cc/C5qqWXYF/1005-bmp2-destr-24-08-23.jpg","2023-11-16",65,4223,1,"7-6542231","11/16/2023"
"4653","Russia","Soviet Union","1046 BMP-2(K)","destroyed","https://i.postimg.cc/g2qvzChj/1001-bmp2-destr-24-08-23.jpg","2023-11-16",65,4224,1,"7-6542241","11/16/2023"
"4654","Russia","Soviet Union","1046 BMP-2(K)","destroyed","https://i.postimg.cc/xqVzY5TL/1002-bmp2-destr-24-08-23.jpg","2023-11-16",65,4225,1,"7-6542251","11/16/2023"
"4655","Russia","Soviet Union","1046 BMP-2(K)","destroyed","https://i.postimg.cc/zfzTVxwj/1003-bmp2-destr-24-08-23.jpg","2023-11-16",65,4226,1,"7-6542261","11/16/2023"
"4656","Russia","Soviet Union","1046 BMP-2(K)","destroyed","https://i.postimg.cc/WbbrVmKf/1020-bmp2-destr-25-08-23.jpg","2023-11-16",65,4227,1,"7-6542271","11/16/2023"
"4657","Russia","Soviet Union","1046 BMP-2(K)","destroyed","https://i.postimg.cc/mZSMKpdH/1021-bmp2-destr-25-08-23.jpg","2023-11-16",65,4228,1,"7-6542281","11/16/2023"
"4658","Russia","Soviet Union","1046 BMP-2(K)","destroyed","https://i.postimg.cc/nVRgRV96/47.png","2023-11-16",65,4229,1,"7-6542291","11/16/2023"
"4659","Russia","Soviet Union","1046 BMP-2(K)","destroyed","https://i.postimg.cc/pr3pqbt3/336.png","2023-11-16",65,4230,1,"7-6542301","11/16/2023"
"4660","Russia","Soviet Union","1046 BMP-2(K)","destroyed","https://i.postimg.cc/sD9KXSkF/43f.png","2023-11-16",65,4231,1,"7-6542311","11/16/2023"
"4661","Russia","Soviet Union","1046 BMP-2(K)","destroyed","https://i.postimg.cc/fTnN9NZt/t54.png","2023-11-16",65,4232,1,"7-6542321","11/16/2023"
"4662","Russia","Soviet Union","1046 BMP-2(K)","destroyed","https://i.postimg.cc/Bvw0FR1X/2025-bmp2-destr-04-06-23.jpg","2023-11-16",65,4233,1,"7-6542331","11/16/2023"
"4663","Russia","Soviet Union","1046 BMP-2(K)","destroyed","https://i.postimg.cc/8kqh6J4g/25.png","2023-11-16",65,4234,1,"7-6542341","11/16/2023"
"4664","Russia","Soviet Union","1046 BMP-2(K)","destroyed","https://i.postimg.cc/jdy8VfKq/42.png","2023-11-16",65,4235,1,"7-6542351","11/16/2023"
"4665","Russia","Soviet Union","1046 BMP-2(K)","destroyed","https://i.postimg.cc/kXyhhCbM/39.png","2023-11-16",65,4236,1,"7-6542361","11/16/2023"
"4666","Russia","Soviet Union","1046 BMP-2(K)","destroyed","https://i.postimg.cc/8Cy7y71d/325.png","2023-11-16",65,4237,1,"7-6542371","11/16/2023"
"4667","Russia","Soviet Union","1046 BMP-2(K)","destroyed","https://i.postimg.cc/prfBmLX3/467.png","2023-11-16",65,4238,1,"7-6542381","11/16/2023"
"4668","Russia","Soviet Union","1046 BMP-2(K)","destroyed","https://i.postimg.cc/xT2SGGXN/2875.png","2023-11-16",65,4239,1,"7-6542391","11/16/2023"
"4669","Russia","Soviet Union","1046 BMP-2(K)","destroyed","https://postimg.cc/JDzdy20n","2023-11-16",65,4240,1,"7-6542401","11/16/2023"
"4670","Russia","Soviet Union","1046 BMP-2(K)","destroyed","https://i.postimg.cc/XqtwBPpz/2260.png","2023-11-16",65,4241,1,"7-6542411","11/16/2023"
"4671","Russia","Soviet Union","1046 BMP-2(K)","destroyed","https://i.postimg.cc/VNsD83Mq/23.png","2023-11-16",65,4242,1,"7-6542421","11/16/2023"
"4672","Russia","Soviet Union","1046 BMP-2(K)","destroyed","https://i.postimg.cc/qML15J6J/3366.png","2023-11-16",65,4243,1,"7-6542431","11/16/2023"
"4673","Russia","Soviet Union","1046 BMP-2(K)","destroyed","https://i.postimg.cc/cLzMprxS/4760.png","2023-11-16",65,4244,1,"7-6542441","11/16/2023"
"4674","Russia","Soviet Union","1046 BMP-2(K)","destroyed","https://i.postimg.cc/gcDnhF47/323.png","2023-11-16",65,4245,1,"7-6542451","11/16/2023"
"4675","Russia","Soviet Union","1046 BMP-2(K)","destroyed","https://i.postimg.cc/QtPSk4Q9/245.png","2023-11-16",65,1569,1,"7-6515691","11/16/2023"
"4676","Russia","Soviet Union","1046 BMP-2(K)","destroyed","https://i.postimg.cc/pdB9dCDj/221.png","2023-11-16",65,4246,1,"7-6542461","11/16/2023"
"4677","Russia","Soviet Union","1046 BMP-2(K)","destroyed","https://i.postimg.cc/4Nz3kFys/227.png","2023-11-16",65,4247,1,"7-6542471","11/16/2023"
"4678","Russia","Soviet Union","1046 BMP-2(K)","destroyed","https://i.postimg.cc/7ZKwqvk8/449.png","2023-11-16",65,4248,1,"7-6542481","11/16/2023"
"4679","Russia","Soviet Union","1046 BMP-2(K)","destroyed","https://i.postimg.cc/fW5g0vkD/3376.png","2023-11-16",65,4249,1,"7-6542491","11/16/2023"
"4680","Russia","Soviet Union","1046 BMP-2(K)","destroyed","https://postimg.cc/qNRqFXKt","2023-11-16",65,4250,1,"7-6542501","11/16/2023"
"4681","Russia","Soviet Union","1046 BMP-2(K)","destroyed","https://i.postimg.cc/jSqfnzw0/7631.png","2023-11-16",65,4251,1,"7-6542511","11/16/2023"
"4682","Russia","Soviet Union","1046 BMP-2(K)","destroyed","https://i.postimg.cc/k5LHm5v5/269.png","2023-11-16",65,4252,1,"7-6542521","11/16/2023"
"4683","Russia","Soviet Union","1046 BMP-2(K)","destroyed","https://i.postimg.cc/7ZKvpDRC/276.png","2023-11-16",65,4253,1,"7-6542531","11/16/2023"
"4684","Russia","Soviet Union","1046 BMP-2(K)","destroyed","https://twitter.com/naalsio26/status/1704298220791218636","2023-11-16",65,4254,1,"7-6542541","11/16/2023"
"4685","Russia","Soviet Union","1046 BMP-2(K)","destroyed","https://i.postimg.cc/CKRRzP78/279.png","2023-11-16",65,4255,1,"7-6542551","11/16/2023"
"4686","Russia","Soviet Union","1046 BMP-2(K)","destroyed","https://i.postimg.cc/66nGrPXL/542.png","2023-11-16",65,4256,1,"7-6542561","11/16/2023"
"4687","Russia","Soviet Union","1046 BMP-2(K)","destroyed","https://i.postimg.cc/8c87q81h/43190.png","2023-11-16",65,4257,1,"7-6542571","11/16/2023"
"4688","Russia","Soviet Union","1046 BMP-2(K)","destroyed","https://i.postimg.cc/6q9X7zck/5421.png","2023-11-16",65,4258,1,"7-6542581","11/16/2023"
"4689","Russia","Soviet Union","1046 BMP-2(K)","destroyed","https://i.postimg.cc/tJHCcjPJ/5425.png","2023-11-16",65,4259,1,"7-6542591","11/16/2023"
"4690","Russia","Soviet Union","1046 BMP-2(K)","destroyed","https://i.postimg.cc/yNhfRQgq/5429.png","2023-11-16",65,4260,1,"7-6542601","11/16/2023"
"4691","Russia","Soviet Union","1046 BMP-2(K)","destroyed","https://i.postimg.cc/gk0pBnFj/1027-bmp2-destr-28-09-23.jpg","2023-11-16",65,4261,1,"7-6542611","11/16/2023"
"4692","Russia","Soviet Union","1046 BMP-2(K)","destroyed","https://i.postimg.cc/0QfgVqV7/1056-bmp2-destr-03-10-23.jpg","2023-11-16",65,4262,1,"7-6542621","11/16/2023"
"4693","Russia","Soviet Union","1046 BMP-2(K)","destroyed","https://i.postimg.cc/tTVQCLz6/1066-BMP-2-K-destr-30-03-22.jpg","2023-11-16",65,4263,1,"7-6542631","11/16/2023"
"4694","Russia","Soviet Union","1046 BMP-2(K)","destroyed","https://i.postimg.cc/yx4qJvfb/1071-bmp2-destr-30-10-22.jpg","2023-11-16",65,4264,1,"7-6542641","11/16/2023"
"4695","Russia","Soviet Union","1046 BMP-2(K)","destroyed","https://i.postimg.cc/L4Ts0LGw/1015-bmp2-destr-06-10-23.jpg","2023-11-16",65,4265,1,"7-6542651","11/16/2023"
"4696","Russia","Soviet Union","1046 BMP-2(K)","destroyed","https://i.postimg.cc/C5R8HX28/1004-bmp2-destr-31-08-22.jpg","2023-11-16",65,4266,1,"7-6542661","11/16/2023"
"4697","Russia","Soviet Union","1046 BMP-2(K)","destroyed","https://i.postimg.cc/WpygbpDw/1006-bmp2-destr-28-02-23.jpg","2023-11-16",65,4267,1,"7-6542671","11/16/2023"
"4698","Russia","Soviet Union","1046 BMP-2(K)","destroyed","https://i.postimg.cc/FH5S3PVf/1012-bmp2-destr-10-10-23.jpg","2023-11-16",65,4268,1,"7-6542681","11/16/2023"
"4699","Russia","Soviet Union","1046 BMP-2(K)","destroyed","https://twitter.com/UAWeapons/status/1712552062364561824","2023-11-16",65,2581,1,"7-6525811","11/16/2023"
"4700","Russia","Soviet Union","1046 BMP-2(K)","destroyed","https://i.postimg.cc/DwcdZ1KV/1002-T-64-BV-AMN-590951-and-BMP2-destr-13-10-23.jpg","2023-11-16",65,132,1,"7-651321","11/16/2023"
"4701","Russia","Soviet Union","1046 BMP-2(K)","destroyed","https://i.postimg.cc/TwyDr4pb/1013-bmp2-destr-13-10-23.jpg","2023-11-16",65,4269,1,"7-6542691","11/16/2023"
"4702","Russia","Soviet Union","1046 BMP-2(K)","destroyed","https://i.postimg.cc/YqNmfgqd/1015-bmp2-destr-13-10-23.jpg","2023-11-16",65,4270,1,"7-6542701","11/16/2023"
"4703","Russia","Soviet Union","1046 BMP-2(K)","destroyed","https://i.postimg.cc/VkVsjLM7/1030-bmp2-destr-11-10-23.jpg","2023-11-16",65,4271,1,"7-6542711","11/16/2023"
"4704","Russia","Soviet Union","1046 BMP-2(K)","destroyed","https://i.postimg.cc/c4GnnTZK/1033-bmp2-destr-10-10-23.jpg","2023-11-16",65,4272,1,"7-6542721","11/16/2023"
"4705","Russia","Soviet Union","1046 BMP-2(K)","destroyed","https://i.postimg.cc/9Fn0PM5V/1019-bmp2-destr-31-10-23.jpg","2023-11-16",65,4273,1,"7-6542731","11/16/2023"
"4706","Russia","Soviet Union","1046 BMP-2(K)","destroyed","https://i.postimg.cc/RF4ZCJf1/1020-bmp2-destr-28-10-23.jpg","2023-11-16",65,4274,1,"7-6542741","11/16/2023"
"4707","Russia","Soviet Union","1046 BMP-2(K)","destroyed","https://i.postimg.cc/x8BZrS9Q/1012-2x-bmp2-destr-22-10-23.jpg","2023-11-16",65,4275,1,"7-6542751","11/16/2023"
"4708","Russia","Soviet Union","1046 BMP-2(K)","destroyed","https://i.postimg.cc/B6hdPYVv/1044-bmp2-destr-18-10-23.jpg","2023-11-16",65,4276,1,"7-6542761","11/16/2023"
"4709","Russia","Soviet Union","1046 BMP-2(K)","destroyed","https://i.postimg.cc/25rhw6Vz/1021-BMP-2-destr-31-08-23.jpg","2023-11-16",65,4277,1,"7-6542771","11/16/2023"
"4710","Russia","Soviet Union","1046 BMP-2(K)","destroyed","https://i.postimg.cc/2Sr4scV3/1049-1x-destr-1x-aband-t72b-obr-2022-1x-unkn-t72-dam-aband-1x-bmp1-destr-2x-bmp2-destr.jpg","2023-11-16",65,603,1,"7-656031","11/16/2023"
"4711","Russia","Soviet Union","1046 BMP-2(K)","destroyed","https://i.postimg.cc/6psFZGYC/1056-2x-bmp2-destr-21-10-23.jpg","2023-11-16",65,4278,1,"7-6542781","11/16/2023"
"4712","Russia","Soviet Union","1046 BMP-2(K)","destroyed","https://i.postimg.cc/C1mVHLzS/1015-3x-bmp2-destr-19-10-23.jpg","2023-11-16",65,4279,1,"7-6542791","11/16/2023"
"4713","Russia","Soviet Union","1046 BMP-2(K)","destroyed","https://i.postimg.cc/gJYWZ6cg/1017-bmp2-destr-19-10-23.jpg","2023-11-16",65,4280,1,"7-6542801","11/16/2023"
"4714","Russia","Soviet Union","1046 BMP-2(K)","destroyed","https://i.postimg.cc/43RZXSDk/1022-bmp2-destr-19-10-23.jpg","2023-11-16",65,4281,1,"7-6542811","11/16/2023"
"4715","Russia","Soviet Union","1046 BMP-2(K)","destroyed","https://i.postimg.cc/x88VsDzH/1027-bmp1am-and-bmp2-destr-19-10-23.jpg","2023-11-16",65,3684,1,"7-6536841","11/16/2023"
"4716","Russia","Soviet Union","1046 BMP-2(K)","destroyed","https://i.postimg.cc/QxBr1DsZ/1031-bmp2-destr-19-10-23.jpg","2023-11-16",65,4282,1,"7-6542821","11/16/2023"
"4717","Russia","Soviet Union","1046 BMP-2(K)","destroyed","https://i.postimg.cc/6QWDQ9MH/1048-bmp2-destr-25-10-23.jpg","2023-11-16",65,4283,1,"7-6542831","11/16/2023"
"4718","Russia","Soviet Union","1046 BMP-2(K)","destroyed","https://i.postimg.cc/KvLXqpK5/1044-bmp2-destr-28-02-23.jpg","2023-11-16",65,4284,1,"7-6542841","11/16/2023"
"4719","Russia","Soviet Union","1046 BMP-2(K)","destroyed","https://i.postimg.cc/pLD78pPZ/1005-2x-bmp2-destr-01-11-23.jpg","2023-11-16",65,4285,1,"7-6542851","11/16/2023"
"4720","Russia","Soviet Union","1046 BMP-2(K)","destroyed","https://i.postimg.cc/qM6WJ1YW/1007-bmp2-destr-01-11-23.jpg","2023-11-16",65,4286,1,"7-6542861","11/16/2023"
"4721","Russia","Soviet Union","1046 BMP-2(K)","destroyed","https://i.postimg.cc/Zq4QL4Rh/1025-BMP-2-destr-31-10-23.jpg","2023-11-16",65,4287,1,"7-6542871","11/16/2023"
"4722","Russia","Soviet Union","1046 BMP-2(K)","destroyed","https://i.postimg.cc/FRggd3xK/1009-t72bobr2022-and-bmp2-destr-02-11-23.jpg","2023-11-16",65,605,1,"7-656051","11/16/2023"
"4723","Russia","Soviet Union","1046 BMP-2(K)","destroyed","https://i.postimg.cc/j2dr76yq/1042-bmp2-and-mtlb-destr-02-11-23.jpg","2023-11-16",65,2600,1,"7-6526001","11/16/2023"
"4724","Russia","Soviet Union","1046 BMP-2(K)","destroyed","https://i.postimg.cc/Y2bvybn3/1015-2x-bmp2-1x-destr-1x-aband.jpg","2023-11-16",65,4288,1,"7-6542881","11/16/2023"
"4725","Russia","Soviet Union","1046 BMP-2(K)","destroyed","https://i.postimg.cc/HxMrGZmg/1007-BMP-2-destr-17-10-23.jpg","2023-11-16",65,4289,1,"7-6542891","11/16/2023"
"4726","Russia","Soviet Union","1046 BMP-2(K)","destroyed","https://i.postimg.cc/d3mD3hDN/1018-BMP-2-K-destr-01-11-23.jpg","2023-11-16",65,4290,1,"7-6542901","11/16/2023"
"4727","Russia","Soviet Union","1046 BMP-2(K)","destroyed","https://i.postimg.cc/7Y9fyJFf/1032-BMP-2-destr-03-09-23.jpg","2023-11-16",65,4291,1,"7-6542911","11/16/2023"
"4728","Russia","Soviet Union","1046 BMP-2(K)","destroyed","https://i.postimg.cc/5y1NhfpB/1039-bmp2-destr-06-11-23.jpg","2023-11-16",65,4292,1,"7-6542921","11/16/2023"
"4729","Russia","Soviet Union","1046 BMP-2(K)","destroyed","https://i.postimg.cc/xdwdPvzF/1044-bmp2-destr-06-11-23.jpg","2023-11-16",65,4293,1,"7-6542931","11/16/2023"
"4730","Russia","Soviet Union","1046 BMP-2(K)","destroyed","https://i.postimg.cc/QMY1FrtD/1009-bmp2-destr-31-12-22.jpg","2023-11-16",65,4294,1,"7-6542941","11/16/2023"
"4731","Russia","Soviet Union","1046 BMP-2(K)","destroyed","https://i.postimg.cc/XNRKK3g7/1010-1x-destr-2x-dam-aband-bmp2-11-11-23.jpg","2023-11-16",65,4295,1,"7-6542951","11/16/2023"
"4732","Russia","Soviet Union","1046 BMP-2(K)","destroyed","https://i.postimg.cc/PxLZZFpw/1011-bmp2-destr-11-11-23.jpg","2023-11-16",65,4296,1,"7-6542961","11/16/2023"
"4733","Russia","Soviet Union","1046 BMP-2(K)","damaged","https://twitter.com/UAWeapons/status/1543979310171684864","2023-11-16",65,3880,2,"7-6538802","11/16/2023"
"4734","Russia","Soviet Union","1046 BMP-2(K)","damaged","https://i.postimg.cc/NLqKRCD1/g54.jpg","2023-11-16",65,4297,2,"7-6542972","11/16/2023"
"4735","Russia","Soviet Union","1046 BMP-2(K)","damaged","https://twitter.com/UAWeapons/status/1560014804869414916","2023-11-16",65,4298,2,"7-6542982","11/16/2023"
"4736","Russia","Soviet Union","1046 BMP-2(K)","damaged","https://twitter.com/Danspiun/status/1565338559099600896","2023-11-16",65,4299,2,"7-6542992","11/16/2023"
"4737","Russia","Soviet Union","1046 BMP-2(K)","damaged","https://i.postimg.cc/90PmvbJk/1007-bmp2.jpg","2023-11-16",65,4300,2,"7-6543002","11/16/2023"
"4738","Russia","Soviet Union","1046 BMP-2(K)","damaged","https://twitter.com/UAWeapons/status/1571499575663370241","2023-11-16",65,4301,2,"7-6543012","11/16/2023"
"4739","Russia","Soviet Union","1046 BMP-2(K)","damaged","https://twitter.com/UAWeapons/status/1576153130751827969","2023-11-16",65,4302,2,"7-6543022","11/16/2023"
"4740","Russia","Soviet Union","1046 BMP-2(K)","damaged","https://i.postimg.cc/fLVPtcWv/1026-bmp2-dam.jpg","2023-11-16",65,4303,2,"7-6543032","11/16/2023"
"4741","Russia","Soviet Union","1046 BMP-2(K)","damaged","https://twitter.com/UAWeapons/status/1607727356835254272","2023-11-16",65,3294,2,"7-6532942","11/16/2023"
"4742","Russia","Soviet Union","1046 BMP-2(K)","damaged","https://i.postimg.cc/KjtNZD62/1030-bmp2-dam-31-01-23.jpg","2023-11-16",65,4304,2,"7-6543042","11/16/2023"
"4743","Russia","Soviet Union","1046 BMP-2(K)","damaged","https://i.postimg.cc/HLJrvsYT/1001-unkn-bmp-destr-bmp2-dam-03-02-2023.jpg","2023-11-16",65,4184,2,"7-6541842","11/16/2023"
"4744","Russia","Soviet Union","1046 BMP-2(K)","damaged","https://i.postimg.cc/TYVNdf9t/1008-bmp2-dam-19-02-23.jpg","2023-11-16",65,4305,2,"7-6543052","11/16/2023"
"4745","Russia","Soviet Union","1046 BMP-2(K)","damaged","https://i.postimg.cc/DfLrm4bN/1017-bmp2-dam-10-03-23.jpg","2023-11-16",65,4306,2,"7-6543062","11/16/2023"
"4746","Russia","Soviet Union","1046 BMP-2(K)","damaged","https://i.postimg.cc/B60r409V/1000-bmp2-dam-14-03-23.jpg","2023-11-16",65,4307,2,"7-6543072","11/16/2023"
"4747","Russia","Soviet Union","1046 BMP-2(K)","damaged","https://i.postimg.cc/qRTWsjhN/1027-bmp2-dam-20-03-23.jpg","2023-11-16",65,4308,2,"7-6543082","11/16/2023"
"4748","Russia","Soviet Union","1046 BMP-2(K)","damaged","https://postimg.cc/ZBQwMT73","2023-11-16",65,4309,2,"7-6543092","11/16/2023"
"4749","Russia","Soviet Union","1046 BMP-2(K)","damaged","https://i.postimg.cc/TYGpb87W/1005-bmp2-dam-17-05-23.jpg","2023-11-16",65,4310,2,"7-6543102","11/16/2023"
"4750","Russia","Soviet Union","1046 BMP-2(K)","damaged","https://i.postimg.cc/rmHCm9LG/1006-bmp2-dam-30-05-23.jpg","2023-11-16",65,4311,2,"7-6543112","11/16/2023"
"4751","Russia","Soviet Union","1046 BMP-2(K)","damaged","https://i.postimg.cc/Kj66pL5x/1024-bmp2-dam-02-08-23.jpg","2023-11-16",65,4312,2,"7-6543122","11/16/2023"
"4752","Russia","Soviet Union","1046 BMP-2(K)","damaged","https://twitter.com/NOELreports/status/1689657017521090560","2023-11-16",65,4313,2,"7-6543132","11/16/2023"
"4753","Russia","Soviet Union","1046 BMP-2(K)","damaged","https://i.postimg.cc/g2JqkKZ7/1003-bmp2-dam-16-08-23.jpg","2023-11-16",65,4314,2,"7-6543142","11/16/2023"
"4754","Russia","Soviet Union","1046 BMP-2(K)","damaged","https://i.postimg.cc/jdghmMFT/376.png","2023-11-16",65,4315,2,"7-6543152","11/16/2023"
"4755","Russia","Soviet Union","1046 BMP-2(K)","damaged","https://i.postimg.cc/brS69FkB/1038-BMP-2-K-dam-22-10-23.jpg","2023-11-16",65,4316,2,"7-6543162","11/16/2023"
"4756","Russia","Soviet Union","1046 BMP-2(K)","damaged","https://i.postimg.cc/8k7gWzN9/1043-bmp2-dam-22-10-23.jpg","2023-11-16",65,4317,2,"7-6543172","11/16/2023"
"4757","Russia","Soviet Union","1046 BMP-2(K)","damaged","https://i.postimg.cc/XYyYKfsy/Screenshot-8236.png","2023-11-16",65,4318,2,"7-6543182","11/16/2023"
"4758","Russia","Soviet Union","1046 BMP-2(K)","abandoned","https://i.postimg.cc/XYyYKfsy/Screenshot-8236.png","2023-11-16",65,4318,4,"7-6543184","11/16/2023"
"4759","Russia","Soviet Union","1046 BMP-2(K)","damaged","https://i.postimg.cc/qRxT21ns/1016-2x-bmp2-1x-destr-1x-dam-aband-18-06-23.jpg","2023-11-16",65,4161,2,"7-6541612","11/16/2023"
"4760","Russia","Soviet Union","1046 BMP-2(K)","abandoned","https://i.postimg.cc/qRxT21ns/1016-2x-bmp2-1x-destr-1x-dam-aband-18-06-23.jpg","2023-11-16",65,4161,4,"7-6541614","11/16/2023"
"4761","Russia","Soviet Union","1046 BMP-2(K)","damaged","https://postlmg.cc/XXqxFmgP","2023-11-16",65,4319,2,"7-6543192","11/16/2023"
"4762","Russia","Soviet Union","1046 BMP-2(K)","abandoned","https://postlmg.cc/XXqxFmgP","2023-11-16",65,4319,4,"7-6543194","11/16/2023"
"4763","Russia","Soviet Union","1046 BMP-2(K)","damaged","https://i.postimg.cc/G38ZY9w0/1003-bmp2-damaged-abandoned.jpg","2023-11-16",65,4320,2,"7-6543202","11/16/2023"
"4764","Russia","Soviet Union","1046 BMP-2(K)","abandoned","https://i.postimg.cc/G38ZY9w0/1003-bmp2-damaged-abandoned.jpg","2023-11-16",65,4320,4,"7-6543204","11/16/2023"
"4765","Russia","Soviet Union","1046 BMP-2(K)","abandoned","https://i.postimg.cc/DznHJRJz/r2.jpg","2023-11-16",65,4321,4,"7-6543214","11/16/2023"
"4766","Russia","Soviet Union","1046 BMP-2(K)","abandoned","https://i.postimg.cc/zBg2tRx0/436.png","2023-11-16",65,4322,4,"7-6543224","11/16/2023"
"4767","Russia","Soviet Union","1046 BMP-2(K)","damaged","https://twitter.com/UAWeapons/status/1536726507061751808","2023-11-16",65,3878,2,"7-6538782","11/16/2023"
"4768","Russia","Soviet Union","1046 BMP-2(K)","abandoned","https://twitter.com/UAWeapons/status/1536726507061751808","2023-11-16",65,3878,4,"7-6538784","11/16/2023"
"4769","Russia","Soviet Union","1046 BMP-2(K)","damaged","https://i.postimg.cc/vBy9TRg0/77699.png","2023-11-16",65,4323,2,"7-6543232","11/16/2023"
"4770","Russia","Soviet Union","1046 BMP-2(K)","abandoned","https://i.postimg.cc/vBy9TRg0/77699.png","2023-11-16",65,4323,4,"7-6543234","11/16/2023"
"4771","Russia","Soviet Union","1046 BMP-2(K)","abandoned","https://twitter.com/UAWeapons/status/1589181759211524098","2023-11-16",65,4007,4,"7-6540074","11/16/2023"
"4772","Russia","Soviet Union","1046 BMP-2(K)","abandoned","https://i.postimg.cc/yYm1frDk/54.jpg","2023-11-16",65,4324,4,"7-6543244","11/16/2023"
"4773","Russia","Soviet Union","1046 BMP-2(K)","abandoned","https://i.postimg.cc/MGjDbM6t/abanbmp2.jpg","2023-11-16",65,4325,4,"7-6543254","11/16/2023"
"4774","Russia","Soviet Union","1046 BMP-2(K)","abandoned","https://i.postimg.cc/QxwSBJsV/bmp.jpg","2023-11-16",65,4326,4,"7-6543264","11/16/2023"
"4775","Russia","Soviet Union","1046 BMP-2(K)","abandoned","https://i.postimg.cc/7hwWdnTr/ab10.png","2023-11-16",65,4327,4,"7-6543274","11/16/2023"
"4776","Russia","Soviet Union","1046 BMP-2(K)","abandoned","https://i.postimg.cc/j5V9Qbx5/ab9.png","2023-11-16",65,4328,4,"7-6543284","11/16/2023"
"4777","Russia","Soviet Union","1046 BMP-2(K)","abandoned","https://i.postimg.cc/5NY2mGtq/u2.jpg","2023-11-16",65,4329,4,"7-6543294","11/16/2023"
"4778","Russia","Soviet Union","1046 BMP-2(K)","abandoned","https://i.postimg.cc/4N5xtm9S/b1.jpg","2023-11-16",65,4330,4,"7-6543304","11/16/2023"
"4779","Russia","Soviet Union","1046 BMP-2(K)","abandoned","https://i.postimg.cc/L4Crkzcs/1005-bmp2-aband-14-02-23.jpg","2023-11-16",65,4331,4,"7-6543314","11/16/2023"
"4780","Russia","Soviet Union","1046 BMP-2(K)","abandoned","https://i.postimg.cc/Jzn9RxY1/ab2.png","2023-11-16",65,4332,4,"7-6543324","11/16/2023"
"4781","Russia","Soviet Union","1046 BMP-2(K)","abandoned","https://i.postimg.cc/BQzv1YB0/Screenshot-8238.png","2023-11-16",65,4333,4,"7-6543334","11/16/2023"
"4782","Russia","Soviet Union","1046 BMP-2(K)","abandoned","https://i.postimg.cc/0yhrvYcw/1031-bmp2.jpg","2023-11-16",65,4334,4,"7-6543344","11/16/2023"
"4783","Russia","Soviet Union","1046 BMP-2(K)","abandoned","https://i.postimg.cc/GpzT4jGT/1017-bmp2-aband-23-05-23.jpg","2023-11-16",65,4335,4,"7-6543354","11/16/2023"
"4784","Russia","Soviet Union","1046 BMP-2(K)","abandoned","https://i.postimg.cc/RFcYgDhT/ab11.png","2023-11-16",65,4336,4,"7-6543364","11/16/2023"
"4785","Russia","Soviet Union","1046 BMP-2(K)","abandoned","https://i.postimg.cc/RZVFPVYR/465.png","2023-11-16",65,4337,4,"7-6543374","11/16/2023"
"4786","Russia","Soviet Union","1046 BMP-2(K)","abandoned","https://i.postimg.cc/vmzFcYFS/4311.png","2023-11-16",65,4338,4,"7-6543384","11/16/2023"
"4787","Russia","Soviet Union","1046 BMP-2(K)","abandoned","https://i.postimg.cc/4d30wt1k/r1.jpg","2023-11-16",65,4339,4,"7-6543394","11/16/2023"
"4788","Russia","Soviet Union","1046 BMP-2(K)","abandoned","https://i.postimg.cc/MGTLkhhC/655.jpg","2023-11-16",65,1739,4,"7-6517394","11/16/2023"
"4789","Russia","Soviet Union","1046 BMP-2(K)","damaged","https://i.postimg.cc/G2kXxmxm/1017-bmp2.jpg","2023-11-16",65,4340,2,"7-6543402","11/16/2023"
"4790","Russia","Soviet Union","1046 BMP-2(K)","abandoned","https://i.postimg.cc/G2kXxmxm/1017-bmp2.jpg","2023-11-16",65,4340,4,"7-6543404","11/16/2023"
"4791","Russia","Soviet Union","1046 BMP-2(K)","abandoned","https://twitter.com/UAWeapons/status/1584532037829939200","2023-11-16",65,995,4,"7-659954","11/16/2023"
"4792","Russia","Soviet Union","1046 BMP-2(K)","abandoned","https://i.postimg.cc/SsBxhTfn/1029-bmp2-aband-14-01-23.jpg","2023-11-16",65,4341,4,"7-6543414","11/16/2023"
"4793","Russia","Soviet Union","1046 BMP-2(K)","damaged","https://i.postimg.cc/NF4LLtyM/1004-2x-bmp2-dam-aband-1x-BTR82-A-destr-25-01-23.jpg","2023-11-16",65,4342,2,"7-6543422","11/16/2023"
"4794","Russia","Soviet Union","1046 BMP-2(K)","abandoned","https://i.postimg.cc/NF4LLtyM/1004-2x-bmp2-dam-aband-1x-BTR82-A-destr-25-01-23.jpg","2023-11-16",65,4342,4,"7-6543424","11/16/2023"
"4795","Russia","Soviet Union","1046 BMP-2(K)","damaged","https://i.postimg.cc/gk7jFtXN/1013-bmp2-dam-aband-28-01-23.jpg","2023-11-16",65,4343,2,"7-6543432","11/16/2023"
"4796","Russia","Soviet Union","1046 BMP-2(K)","abandoned","https://i.postimg.cc/gk7jFtXN/1013-bmp2-dam-aband-28-01-23.jpg","2023-11-16",65,4343,4,"7-6543434","11/16/2023"
"4797","Russia","Soviet Union","1046 BMP-2(K)","damaged","https://i.postimg.cc/vT31VQms/1020-bmp2-dam-aband-24-01-23.jpg","2023-11-16",65,4344,2,"7-6543442","11/16/2023"
"4798","Russia","Soviet Union","1046 BMP-2(K)","abandoned","https://i.postimg.cc/vT31VQms/1020-bmp2-dam-aband-24-01-23.jpg","2023-11-16",65,4344,4,"7-6543444","11/16/2023"
"4799","Russia","Soviet Union","1046 BMP-2(K)","damaged","https://twitter.com/UAWeapons/status/1622943432581779459","2023-11-16",65,1621,2,"7-6516212","11/16/2023"
"4800","Russia","Soviet Union","1046 BMP-2(K)","abandoned","https://twitter.com/UAWeapons/status/1622943432581779459","2023-11-16",65,1621,4,"7-6516214","11/16/2023"
"4801","Russia","Soviet Union","1046 BMP-2(K)","damaged","https://i.postimg.cc/6qZJL38T/1004-1x-mtlb-dam-aband-2x-bmp2-1x-destr-1x-dam-aband-2x-t72b3-dam-aband-09-02-23.jpg","2023-11-16",65,2632,2,"7-6526322","11/16/2023"
"4802","Russia","Soviet Union","1046 BMP-2(K)","abandoned","https://i.postimg.cc/6qZJL38T/1004-1x-mtlb-dam-aband-2x-bmp2-1x-destr-1x-dam-aband-2x-t72b3-dam-aband-09-02-23.jpg","2023-11-16",65,2632,4,"7-6526324","11/16/2023"
"4803","Russia","Soviet Union","1046 BMP-2(K)","damaged","https://i.postimg.cc/7653s956/1001-bmp2-dam-aband-09-02-23.jpg","2023-11-16",65,4345,2,"7-6543452","11/16/2023"
"4804","Russia","Soviet Union","1046 BMP-2(K)","abandoned","https://i.postimg.cc/7653s956/1001-bmp2-dam-aband-09-02-23.jpg","2023-11-16",65,4345,4,"7-6543454","11/16/2023"
"4805","Russia","Soviet Union","1046 BMP-2(K)","abandoned","https://i.postimg.cc/3RdHN97X/1005-1x-bmp2-destr-1x-mtlb-aband-1x-t72b3-aband-09-02-23.jpg","2023-11-16",65,572,4,"7-655724","11/16/2023"
"4806","Russia","Soviet Union","1046 BMP-2(K)","damaged","https://i.postimg.cc/m2hhtXbZ/1004-2x-bmp2-dam-aband-07-02-23.jpg","2023-11-16",65,4346,2,"7-6543462","11/16/2023"
"4807","Russia","Soviet Union","1046 BMP-2(K)","abandoned","https://i.postimg.cc/m2hhtXbZ/1004-2x-bmp2-dam-aband-07-02-23.jpg","2023-11-16",65,4346,4,"7-6543464","11/16/2023"
"4808","Russia","Soviet Union","1046 BMP-2(K)","damaged","https://i.postimg.cc/TYyYRK9p/1013-bmp2-dam-aband-07-02-23.jpg","2023-11-16",65,4347,2,"7-6543472","11/16/2023"
"4809","Russia","Soviet Union","1046 BMP-2(K)","abandoned","https://i.postimg.cc/TYyYRK9p/1013-bmp2-dam-aband-07-02-23.jpg","2023-11-16",65,4347,4,"7-6543474","11/16/2023"
"4810","Russia","Soviet Union","1046 BMP-2(K)","abandoned","https://i.postimg.cc/kXkMD71w/1014-bmp2-aband-07-02-23.jpg","2023-11-16",65,4348,4,"7-6543484","11/16/2023"
"4811","Russia","Soviet Union","1046 BMP-2(K)","damaged","https://twitter.com/UAWeapons/status/1624007672965083136","2023-11-16",65,4349,2,"7-6543492","11/16/2023"
"4812","Russia","Soviet Union","1046 BMP-2(K)","abandoned","https://twitter.com/UAWeapons/status/1624007672965083136","2023-11-16",65,4349,4,"7-6543494","11/16/2023"
"4813","Russia","Soviet Union","1046 BMP-2(K)","damaged","https://i.postimg.cc/9Qg2PRT1/1002-T80-BV-destr-2x-bmp1-dam-aband-23-02-23.jpg","2023-11-16",65,1440,2,"7-6514402","11/16/2023"
"4814","Russia","Soviet Union","1046 BMP-2(K)","abandoned","https://i.postimg.cc/9Qg2PRT1/1002-T80-BV-destr-2x-bmp1-dam-aband-23-02-23.jpg","2023-11-16",65,1440,4,"7-6514404","11/16/2023"
"4815","Russia","Soviet Union","1046 BMP-2(K)","damaged","https://twitter.com/UAWeapons/status/1635313931731492865","2023-11-16",65,3349,2,"7-6533492","11/16/2023"
"4816","Russia","Soviet Union","1046 BMP-2(K)","abandoned","https://twitter.com/UAWeapons/status/1635313931731492865","2023-11-16",65,3349,4,"7-6533494","11/16/2023"
"4817","Russia","Soviet Union","1046 BMP-2(K)","abandoned","https://i.postimg.cc/bJpD8zvX/4313.png","2023-11-16",65,4350,4,"7-6543504","11/16/2023"
"4818","Russia","Soviet Union","1046 BMP-2(K)","abandoned","https://i.postimg.cc/7PFyFHxK/4.png","2023-11-16",65,4351,4,"7-6543514","11/16/2023"
"4819","Russia","Soviet Union","1046 BMP-2(K)","damaged","https://i.postimg.cc/wM3zbrF6/4430.png","2023-11-16",65,4352,2,"7-6543522","11/16/2023"
"4820","Russia","Soviet Union","1046 BMP-2(K)","abandoned","https://i.postimg.cc/wM3zbrF6/4430.png","2023-11-16",65,4352,4,"7-6543524","11/16/2023"
"4821","Russia","Soviet Union","1046 BMP-2(K)","abandoned","https://i.postimg.cc/vH9fRXMD/1019-bmp2-aband-14-02-23.jpg","2023-11-16",65,4353,4,"7-6543534","11/16/2023"
"4822","Russia","Soviet Union","1046 BMP-2(K)","damaged","https://i.postimg.cc/Df4bs5S5/1044-bmp2-dam-aband-28-04-23.jpg","2023-11-16",65,4354,2,"7-6543542","11/16/2023"
"4823","Russia","Soviet Union","1046 BMP-2(K)","abandoned","https://i.postimg.cc/Df4bs5S5/1044-bmp2-dam-aband-28-04-23.jpg","2023-11-16",65,4354,4,"7-6543544","11/16/2023"
"4824","Russia","Soviet Union","1046 BMP-2(K)","damaged","https://twitter.com/UAWeapons/status/1660286197497753600","2023-11-16",65,1479,2,"7-6514792","11/16/2023"
"4825","Russia","Soviet Union","1046 BMP-2(K)","abandoned","https://twitter.com/UAWeapons/status/1660286197497753600","2023-11-16",65,1479,4,"7-6514794","11/16/2023"
"4826","Russia","Soviet Union","1046 BMP-2(K)","abandoned","https://i.postimg.cc/mrftFwV5/5g.jpg","2023-11-16",65,4355,4,"7-6543554","11/16/2023"
"4827","Russia","Soviet Union","1046 BMP-2(K)","damaged","https://i.postimg.cc/CxtZTS0s/1041-2x-bmp3-destr-1x-bmp2-dam-aband-21-07-23.jpg","2023-11-16",65,4356,2,"7-6543562","11/16/2023"
"4828","Russia","Soviet Union","1046 BMP-2(K)","abandoned","https://i.postimg.cc/CxtZTS0s/1041-2x-bmp3-destr-1x-bmp2-dam-aband-21-07-23.jpg","2023-11-16",65,4356,4,"7-6543564","11/16/2023"
"4829","Russia","Soviet Union","1046 BMP-2(K)","damaged","https://i.postimg.cc/sxC5ZQPr/1018-bmp2-dam-aband-12-08-23.jpg","2023-11-16",65,4357,2,"7-6543572","11/16/2023"
"4830","Russia","Soviet Union","1046 BMP-2(K)","abandoned","https://i.postimg.cc/sxC5ZQPr/1018-bmp2-dam-aband-12-08-23.jpg","2023-11-16",65,4357,4,"7-6543574","11/16/2023"
"4831","Russia","Soviet Union","1046 BMP-2(K)","damaged","https://i.postimg.cc/dVZ5HK6k/1026-brem1-destr-and-bmp2-dam-aband-19-08-23.jpg","2023-11-16",65,4358,2,"7-6543582","11/16/2023"
"4832","Russia","Soviet Union","1046 BMP-2(K)","abandoned","https://i.postimg.cc/dVZ5HK6k/1026-brem1-destr-and-bmp2-dam-aband-19-08-23.jpg","2023-11-16",65,4358,4,"7-6543584","11/16/2023"
"4833","Russia","Soviet Union","1046 BMP-2(K)","abandoned","https://i.postimg.cc/bJpLwShk/1033-bmp2-aband-23-07-23.jpg","2023-11-16",65,4359,4,"7-6543594","11/16/2023"
"4834","Russia","Soviet Union","1046 BMP-2(K)","damaged","https://i.postimg.cc/s2zyRwj8/328.png","2023-11-16",65,4360,2,"7-6543602","11/16/2023"
"4835","Russia","Soviet Union","1046 BMP-2(K)","abandoned","https://i.postimg.cc/s2zyRwj8/328.png","2023-11-16",65,4360,4,"7-6543604","11/16/2023"
"4836","Russia","Soviet Union","1046 BMP-2(K)","damaged","https://i.postimg.cc/0NfNx9pj/2249.png","2023-11-16",65,4361,2,"7-6543612","11/16/2023"
"4837","Russia","Soviet Union","1046 BMP-2(K)","abandoned","https://i.postimg.cc/0NfNx9pj/2249.png","2023-11-16",65,4361,4,"7-6543614","11/16/2023"
"4838","Russia","Soviet Union","1046 BMP-2(K)","abandoned","https://i.postimg.cc/k44Hjd9L/3g3.png","2023-11-16",65,4362,4,"7-6543624","11/16/2023"
"4839","Russia","Soviet Union","1046 BMP-2(K)","damaged","https://i.postimg.cc/c1RSYb7Q/1005-16-10-23.jpg","2023-11-16",65,1921,2,"7-6519212","11/16/2023"
"4840","Russia","Soviet Union","1046 BMP-2(K)","abandoned","https://i.postimg.cc/c1RSYb7Q/1005-16-10-23.jpg","2023-11-16",65,1921,4,"7-6519214","11/16/2023"
"4841","Russia","Soviet Union","1046 BMP-2(K)","damaged","https://i.postimg.cc/FHtWY9Hy/1026-bmp2-dam-aband-24-10-23.jpg","2023-11-16",65,4363,2,"7-6543632","11/16/2023"
"4842","Russia","Soviet Union","1046 BMP-2(K)","abandoned","https://i.postimg.cc/FHtWY9Hy/1026-bmp2-dam-aband-24-10-23.jpg","2023-11-16",65,4363,4,"7-6543634","11/16/2023"
"4843","Russia","Soviet Union","1046 BMP-2(K)","damaged","https://i.postimg.cc/fR4pJxQy/1006-bmp2-dam-aband-20-10-23.jpg","2023-11-16",65,4364,2,"7-6543642","11/16/2023"
"4844","Russia","Soviet Union","1046 BMP-2(K)","abandoned","https://i.postimg.cc/fR4pJxQy/1006-bmp2-dam-aband-20-10-23.jpg","2023-11-16",65,4364,4,"7-6543644","11/16/2023"
"4845","Russia","Soviet Union","1046 BMP-2(K)","abandoned","https://i.postimg.cc/TP047FL5/1031-Abandoned-Russian-BMP-2-31-10-23.jpg","2023-11-16",65,4365,4,"7-6543654","11/16/2023"
"4846","Russia","Soviet Union","1046 BMP-2(K)","abandoned","https://i.postimg.cc/pTd1gCzG/1032-Abandoned-Russian-BMP-2-31-10-23.jpg","2023-11-16",65,4366,4,"7-6543664","11/16/2023"
"4847","Russia","Soviet Union","1046 BMP-2(K)","abandoned","https://i.postimg.cc/qBNpKXSx/1035-Abandoned-Russian-BMP-2-31-10-23.jpg","2023-11-16",65,4367,4,"7-6543674","11/16/2023"
"4848","Russia","Soviet Union","1046 BMP-2(K)","abandoned","https://i.postimg.cc/Y2bvybn3/1015-2x-bmp2-1x-destr-1x-aband.jpg","2023-11-16",65,4288,4,"7-6542884","11/16/2023"
"4849","Russia","Soviet Union","1046 BMP-2(K)","damaged","https://i.postimg.cc/C5NLY96W/1037-2x-dam-aband-bmp2-1x-brem-1-aband-08-11-23.jpg","2023-11-16",65,4368,2,"7-6543682","11/16/2023"
"4850","Russia","Soviet Union","1046 BMP-2(K)","abandoned","https://i.postimg.cc/C5NLY96W/1037-2x-dam-aband-bmp2-1x-brem-1-aband-08-11-23.jpg","2023-11-16",65,4368,4,"7-6543684","11/16/2023"
"4851","Russia","Soviet Union","1046 BMP-2(K)","damaged","https://i.postimg.cc/1znt6Cfq/1036-2x-BMP-2-destr-08-11-23.jpg","2023-11-16",65,4369,2,"7-6543692","11/16/2023"
"4852","Russia","Soviet Union","1046 BMP-2(K)","abandoned","https://i.postimg.cc/1znt6Cfq/1036-2x-BMP-2-destr-08-11-23.jpg","2023-11-16",65,4369,4,"7-6543694","11/16/2023"
"4853","Russia","Soviet Union","1046 BMP-2(K)","damaged","https://i.postimg.cc/XNRKK3g7/1010-1x-destr-2x-dam-aband-bmp2-11-11-23.jpg","2023-11-16",65,4295,2,"7-6542952","11/16/2023"
"4854","Russia","Soviet Union","1046 BMP-2(K)","abandoned","https://i.postimg.cc/XNRKK3g7/1010-1x-destr-2x-dam-aband-bmp2-11-11-23.jpg","2023-11-16",65,4295,4,"7-6542954","11/16/2023"
"4855","Russia","Soviet Union","1046 BMP-2(K)","damaged","https://i.postimg.cc/4nCw32NC/43133.png","2023-11-16",65,4370,2,"7-6543702","11/16/2023"
"4856","Russia","Soviet Union","1046 BMP-2(K)","captured","https://i.postimg.cc/4nCw32NC/43133.png","2023-11-16",65,4370,3,"7-6543703","11/16/2023"
"4857","Russia","Soviet Union","1046 BMP-2(K)","damaged","https://i.postimg.cc/MpqBBJ4S/bmp22222222222222.jpg","2023-11-16",65,4371,2,"7-6543712","11/16/2023"
"4858","Russia","Soviet Union","1046 BMP-2(K)","captured","https://i.postimg.cc/MpqBBJ4S/bmp22222222222222.jpg","2023-11-16",65,4371,3,"7-6543713","11/16/2023"
"4859","Russia","Soviet Union","1046 BMP-2(K)","damaged","https://i.postimg.cc/3x5FhZtV/bmmp2.jpg","2023-11-16",65,4372,2,"7-6543722","11/16/2023"
"4860","Russia","Soviet Union","1046 BMP-2(K)","captured","https://i.postimg.cc/3x5FhZtV/bmmp2.jpg","2023-11-16",65,4372,3,"7-6543723","11/16/2023"
"4861","Russia","Soviet Union","1046 BMP-2(K)","damaged","https://twitter.com/UAWeapons/status/1527761851441881089","2023-11-16",65,4373,2,"7-6543732","11/16/2023"
"4862","Russia","Soviet Union","1046 BMP-2(K)","captured","https://twitter.com/UAWeapons/status/1527761851441881089","2023-11-16",65,4373,3,"7-6543733","11/16/2023"
"4863","Russia","Soviet Union","1046 BMP-2(K)","damaged","https://i.postimg.cc/q7PzsbP6/1012.jpg","2023-11-16",65,4374,2,"7-6543742","11/16/2023"
"4864","Russia","Soviet Union","1046 BMP-2(K)","captured","https://i.postimg.cc/q7PzsbP6/1012.jpg","2023-11-16",65,4374,3,"7-6543743","11/16/2023"
"4865","Russia","Soviet Union","1046 BMP-2(K)","damaged","https://i.postimg.cc/RhxT6Pz9/663.png","2023-11-16",65,4375,2,"7-6543752","11/16/2023"
"4866","Russia","Soviet Union","1046 BMP-2(K)","captured","https://i.postimg.cc/RhxT6Pz9/663.png","2023-11-16",65,4375,3,"7-6543753","11/16/2023"
"4867","Russia","Soviet Union","1046 BMP-2(K)","damaged","https://i.postimg.cc/y80rBVY6/469.png","2023-11-16",65,4376,2,"7-6543762","11/16/2023"
"4868","Russia","Soviet Union","1046 BMP-2(K)","captured","https://i.postimg.cc/y80rBVY6/469.png","2023-11-16",65,4376,3,"7-6543763","11/16/2023"
"4869","Russia","Soviet Union","1046 BMP-2(K)","captured","https://i.postimg.cc/mg4BymXV/1036-bmp2.jpg","2023-11-16",65,4377,3,"7-6543773","11/16/2023"
"4870","Russia","Soviet Union","1046 BMP-2(K)","captured","https://i.postimg.cc/SQDwxS89/25.jpg","2023-11-16",65,4378,3,"7-6543783","11/16/2023"
"4871","Russia","Soviet Union","1046 BMP-2(K)","captured","https://i.postimg.cc/mgfNxnjn/21.jpg","2023-11-16",65,4379,3,"7-6543793","11/16/2023"
"4872","Russia","Soviet Union","1046 BMP-2(K)","captured","https://i.postimg.cc/RFkLTCPg/47.png","2023-11-16",65,4380,3,"7-6543803","11/16/2023"
"4873","Russia","Soviet Union","1046 BMP-2(K)","captured","https://i.postimg.cc/fRK9ddR5/b316bmp2.png","2023-11-16",65,1137,3,"7-6511373","11/16/2023"
"4874","Russia","Soviet Union","1046 BMP-2(K)","captured","https://i.postimg.cc/hvfDVh3C/ff9.jpg","2023-11-16",65,4381,3,"7-6543813","11/16/2023"
"4875","Russia","Soviet Union","1046 BMP-2(K)","captured","https://i.postimg.cc/cJBfnqWr/676.jpg","2023-11-16",65,4382,3,"7-6543823","11/16/2023"
"4876","Russia","Soviet Union","1046 BMP-2(K)","captured","https://i.postimg.cc/NGzVhDzJ/bmp2222.png","2023-11-16",65,4383,3,"7-6543833","11/16/2023"
"4877","Russia","Soviet Union","1046 BMP-2(K)","damaged","https://i.postimg.cc/858BR3qV/1170-bmp2.jpg","2023-11-16",65,4384,2,"7-6543842","11/16/2023"
"4878","Russia","Soviet Union","1046 BMP-2(K)","captured","https://i.postimg.cc/858BR3qV/1170-bmp2.jpg","2023-11-16",65,4384,3,"7-6543843","11/16/2023"
"4879","Russia","Soviet Union","1046 BMP-2(K)","captured","https://i.postimg.cc/j2mkzqf0/BMP22.png","2023-11-16",65,4385,3,"7-6543853","11/16/2023"
"4880","Russia","Soviet Union","1046 BMP-2(K)","captured","https://i.postimg.cc/26HtS785/bbmmmpp222.jpg","2023-11-16",65,4386,3,"7-6543863","11/16/2023"
"4881","Russia","Soviet Union","1046 BMP-2(K)","captured","https://i.postimg.cc/x1VhM1QC/321.png","2023-11-16",65,4387,3,"7-6543873","11/16/2023"
"4882","Russia","Soviet Union","1046 BMP-2(K)","captured","https://i.postimg.cc/NMGVtztV/bmmpp2222.jpg","2023-11-16",65,4388,3,"7-6543883","11/16/2023"
"4883","Russia","Soviet Union","1046 BMP-2(K)","captured","https://i.postimg.cc/j5T64qPp/b5.jpg","2023-11-16",65,4389,3,"7-6543893","11/16/2023"
"4884","Russia","Soviet Union","1046 BMP-2(K)","captured","https://i.postimg.cc/DygqQynD/bmppp2.jpg","2023-11-16",65,4390,3,"7-6543903","11/16/2023"
"4885","Russia","Soviet Union","1046 BMP-2(K)","captured","https://postimg.cc/F7dqnk1v","2023-11-16",65,4391,3,"7-6543913","11/16/2023"
"4886","Russia","Soviet Union","1046 BMP-2(K)","captured","https://i.postimg.cc/CMfVLKCb/47h.png","2023-11-16",65,4392,3,"7-6543923","11/16/2023"
"4887","Russia","Soviet Union","1046 BMP-2(K)","captured","https://i.postimg.cc/hPrZSFY9/4g.png","2023-11-16",65,4393,3,"7-6543933","11/16/2023"
"4888","Russia","Soviet Union","1046 BMP-2(K)","captured","https://i.postimg.cc/bJgr4w9Y/7798.jpg","2023-11-16",65,4394,3,"7-6543943","11/16/2023"
"4889","Russia","Soviet Union","1046 BMP-2(K)","captured","https://i.postimg.cc/RV5GgxsP/4315.jpg","2023-11-16",65,4395,3,"7-6543953","11/16/2023"
"4890","Russia","Soviet Union","1046 BMP-2(K)","captured","https://i.postimg.cc/SN3dXB97/bmp22.jpg","2023-11-16",65,4396,3,"7-6543963","11/16/2023"
"4891","Russia","Soviet Union","1046 BMP-2(K)","captured","https://i.postimg.cc/zvvMssWV/221.jpg","2023-11-16",65,4397,3,"7-6543973","11/16/2023"
"4892","Russia","Soviet Union","1046 BMP-2(K)","captured","https://i.postimg.cc/mDKS62Vy/13p.png","2023-11-16",65,4398,3,"7-6543983","11/16/2023"
"4893","Russia","Soviet Union","1046 BMP-2(K)","captured","https://i.postimg.cc/6QtcmZXP/1006-bmp2-capt.jpg","2023-11-16",65,4399,3,"7-6543993","11/16/2023"
"4894","Russia","Soviet Union","1046 BMP-2(K)","captured","https://i.postimg.cc/hjwj83TY/3329.jpg","2023-11-16",65,4400,3,"7-6544003","11/16/2023"
"4895","Russia","Soviet Union","1046 BMP-2(K)","captured","https://i.postimg.cc/SR9cJBwd/c3.jpg","2023-11-16",65,4401,3,"7-6544013","11/16/2023"
"4896","Russia","Soviet Union","1046 BMP-2(K)","captured","https://i.postimg.cc/nM8Y2FvN/44f.jpg","2023-11-16",65,4402,3,"7-6544023","11/16/2023"
"4897","Russia","Soviet Union","1046 BMP-2(K)","captured","https://postlmg.cc/gnLCkc2f","2023-11-16",65,4403,3,"7-6544033","11/16/2023"
"4898","Russia","Soviet Union","1046 BMP-2(K)","captured","https://i.postimg.cc/wBPTB1rR/d21.jpg","2023-11-16",65,4404,3,"7-6544043","11/16/2023"
"4899","Russia","Soviet Union","1046 BMP-2(K)","captured","https://i.postimg.cc/sggyDf2R/fss.jpg","2023-11-16",65,4405,3,"7-6544053","11/16/2023"
"4900","Russia","Soviet Union","1046 BMP-2(K)","captured","https://i.postimg.cc/k5fP00Cg/65.jpg","2023-11-16",65,4406,3,"7-6544063","11/16/2023"
"4901","Russia","Soviet Union","1046 BMP-2(K)","captured","https://i.postimg.cc/RZsTRqcz/766.jpg","2023-11-16",65,4407,3,"7-6544073","11/16/2023"
"4902","Russia","Soviet Union","1046 BMP-2(K)","captured","https://i.postimg.cc/26Wgj1jJ/1040-bmp2-capt-10-05-23.jpg","2023-11-16",65,4408,3,"7-6544083","11/16/2023"
"4903","Russia","Soviet Union","1046 BMP-2(K)","captured","https://i.postimg.cc/htsmhXqP/1011-bmp2-capt.jpg","2023-11-16",65,4409,3,"7-6544093","11/16/2023"
"4904","Russia","Soviet Union","1046 BMP-2(K)","captured","https://i.postimg.cc/sDb7rVKc/87.jpg","2023-11-16",65,4410,3,"7-6544103","11/16/2023"
"4905","Russia","Soviet Union","1046 BMP-2(K)","captured","https://i.postimg.cc/wxZ1QZMS/43f.png","2023-11-16",65,4411,3,"7-6544113","11/16/2023"
"4906","Russia","Soviet Union","1046 BMP-2(K)","captured","https://i.postimg.cc/MHGqg8rP/h65.png","2023-11-16",65,4412,3,"7-6544123","11/16/2023"
"4907","Russia","Soviet Union","1046 BMP-2(K)","captured","https://i.postimg.cc/Kcp6dLyH/1002-BMP-2.png","2023-11-16",65,4413,3,"7-6544133","11/16/2023"
"4908","Russia","Soviet Union","1046 BMP-2(K)","captured","https://i.postimg.cc/T1HJcX0f/776.png","2023-11-16",65,4414,3,"7-6544143","11/16/2023"
"4909","Russia","Soviet Union","1046 BMP-2(K)","captured","https://twitter.com/UAWeapons/status/1543285590979903489","2023-11-16",65,4415,3,"7-6544153","11/16/2023"
"4910","Russia","Soviet Union","1046 BMP-2(K)","captured","https://i.postimg.cc/QtN7DcKC/559.png","2023-11-16",65,4416,3,"7-6544163","11/16/2023"
"4911","Russia","Soviet Union","1046 BMP-2(K)","captured","https://i.postimg.cc/Zn38wp9q/680.png","2023-11-16",65,4417,3,"7-6544173","11/16/2023"
"4912","Russia","Soviet Union","1046 BMP-2(K)","captured","https://i.postimg.cc/WpWpDmYd/1035.jpg","2023-11-16",65,4418,3,"7-6544183","11/16/2023"
"4913","Russia","Soviet Union","1046 BMP-2(K)","captured","https://i.postimg.cc/Kjw7JqNY/4fh.png","2023-11-16",65,4419,3,"7-6544193","11/16/2023"
"4914","Russia","Soviet Union","1046 BMP-2(K)","captured","https://i.postimg.cc/YqnQ7fv3/324.png","2023-11-16",65,4420,3,"7-6544203","11/16/2023"
"4915","Russia","Soviet Union","1046 BMP-2(K)","captured","https://i.postimg.cc/0jqDtvcH/y6.png","2023-11-16",65,4421,3,"7-6544213","11/16/2023"
"4916","Russia","Soviet Union","1046 BMP-2(K)","captured","https://i.postimg.cc/Gpj4tR0j/g45.png","2023-11-16",65,4422,3,"7-6544223","11/16/2023"
"4917","Russia","Soviet Union","1046 BMP-2(K)","captured","https://i.postimg.cc/zDWm7gjd/5g8.png","2023-11-16",65,4423,3,"7-6544233","11/16/2023"
"4918","Russia","Soviet Union","1046 BMP-2(K)","captured","https://i.postimg.cc/R0xn75Sp/d130.png","2023-11-16",65,4424,3,"7-6544243","11/16/2023"
"4919","Russia","Soviet Union","1046 BMP-2(K)","captured","https://i.postimg.cc/DfsyWCT2/558.png","2023-11-16",65,4425,3,"7-6544253","11/16/2023"
"4920","Russia","Soviet Union","1046 BMP-2(K)","captured","https://twitter.com/UAWeapons/status/1545124224095977473","2023-11-16",65,4426,3,"7-6544263","11/16/2023"
"4921","Russia","Soviet Union","1046 BMP-2(K)","captured","https://twitter.com/UAWeapons/status/1533783291618279424","2023-11-16",65,4427,3,"7-6544273","11/16/2023"
"4922","Russia","Soviet Union","1046 BMP-2(K)","captured","https://twitter.com/UAWeapons/status/1548761196542689280","2023-11-16",65,478,3,"7-654783","11/16/2023"
"4923","Russia","Soviet Union","1046 BMP-2(K)","captured","https://i.postimg.cc/nLhQZ8jN/1019.jpg","2023-11-16",65,4428,3,"7-6544283","11/16/2023"
"4924","Russia","Soviet Union","1046 BMP-2(K)","captured","https://i.postimg.cc/rFNcNHSz/1005.jpg","2023-11-16",65,4429,3,"7-6544293","11/16/2023"
"4925","Russia","Soviet Union","1046 BMP-2(K)","captured","https://i.postimg.cc/zBkr0pBS/1006.jpg","2023-11-16",65,4430,3,"7-6544303","11/16/2023"
"4926","Russia","Soviet Union","1046 BMP-2(K)","captured","https://i.postimg.cc/KY8cWFwf/5800.png","2023-11-16",65,4431,3,"7-6544313","11/16/2023"
"4927","Russia","Soviet Union","1046 BMP-2(K)","captured","https://i.postimg.cc/tJ0ZVgRD/6662.jpg","2023-11-16",65,4432,3,"7-6544323","11/16/2023"
"4928","Russia","Soviet Union","1046 BMP-2(K)","captured","https://i.postimg.cc/pVZrGVkh/Screenshot-9012.png","2023-11-16",65,4433,3,"7-6544333","11/16/2023"
"4929","Russia","Soviet Union","1046 BMP-2(K)","captured","https://twitter.com/UAWeapons/status/1586753104363638792","2023-11-16",65,4434,3,"7-6544343","11/16/2023"
"4930","Russia","Soviet Union","1046 BMP-2(K)","captured","https://i.postimg.cc/D0F4Kdkp/1d.png","2023-11-16",65,4435,3,"7-6544353","11/16/2023"
"4931","Russia","Soviet Union","1046 BMP-2(K)","captured","https://i.postimg.cc/g2yWPyV2/1004-bmp2-capt.jpg","2023-11-16",65,4436,3,"7-6544363","11/16/2023"
"4932","Russia","Soviet Union","1046 BMP-2(K)","captured","https://i.postimg.cc/QtzzhVSs/3212.png","2023-11-16",65,4437,3,"7-6544373","11/16/2023"
"4933","Russia","Soviet Union","1046 BMP-2(K)","captured","https://i.postimg.cc/gcXCN37v/367.png","2023-11-16",65,4438,3,"7-6544383","11/16/2023"
"4934","Russia","Soviet Union","1046 BMP-2(K)","captured","https://i.postimg.cc/jjHkGMmr/1004-bmp2.jpg","2023-11-16",65,4439,3,"7-6544393","11/16/2023"
"4935","Russia","Soviet Union","1046 BMP-2(K)","captured","https://i.postimg.cc/dQy18GgD/b1.png","2023-11-16",65,4440,3,"7-6544403","11/16/2023"
"4936","Russia","Soviet Union","1046 BMP-2(K)","captured","https://twitter.com/UAWeapons/status/1562820655862599683","2023-11-16",65,4441,3,"7-6544413","11/16/2023"
"4937","Russia","Soviet Union","1046 BMP-2(K)","captured","https://i.postimg.cc/j53xY9qG/1004-bmp2.jpg","2023-11-16",65,4442,3,"7-6544423","11/16/2023"
"4938","Russia","Soviet Union","1046 BMP-2(K)","captured","https://twitter.com/Danspiun/status/1563617152309297153","2023-11-16",65,4443,3,"7-6544433","11/16/2023"
"4939","Russia","Soviet Union","1046 BMP-2(K)","captured","https://i.postimg.cc/HxnzqZkg/1002-BMP-2-capt-10-05-23.jpg","2023-11-16",65,4444,3,"7-6544443","11/16/2023"
"4940","Russia","Soviet Union","1046 BMP-2(K)","captured","https://i.postimg.cc/9fnnKPMd/1002-bmp2.jpg","2023-11-16",65,4445,3,"7-6544453","11/16/2023"
"4941","Russia","Soviet Union","1046 BMP-2(K)","captured","https://i.postimg.cc/5yk1NcwX/1013-bmp2-capt.jpg","2023-11-16",65,4446,3,"7-6544463","11/16/2023"
"4942","Russia","Soviet Union","1046 BMP-2(K)","captured","https://twitter.com/UAWeapons/status/1566036414084546560","2023-11-16",65,4447,3,"7-6544473","11/16/2023"
"4943","Russia","Soviet Union","1046 BMP-2(K)","damaged","https://twitter.com/UAWeapons/status/1566915724031008769","2023-11-16",65,4448,2,"7-6544482","11/16/2023"
"4944","Russia","Soviet Union","1046 BMP-2(K)","captured","https://twitter.com/UAWeapons/status/1566915724031008769","2023-11-16",65,4448,3,"7-6544483","11/16/2023"
"4945","Russia","Soviet Union","1046 BMP-2(K)","captured","https://twitter.com/UAWeapons/status/1567468458580889600","2023-11-16",65,4449,3,"7-6544493","11/16/2023"
"4946","Russia","Soviet Union","1046 BMP-2(K)","captured","https://postimg.cc/mPHvd9Sy","2023-11-16",65,4450,3,"7-6544503","11/16/2023"
"4947","Russia","Soviet Union","1046 BMP-2(K)","damaged","https://twitter.com/UAWeapons/status/1567956407768547328","2023-11-16",65,3936,2,"7-6539362","11/16/2023"
"4948","Russia","Soviet Union","1046 BMP-2(K)","captured","https://twitter.com/UAWeapons/status/1567956407768547328","2023-11-16",65,3936,3,"7-6539363","11/16/2023"
"4949","Russia","Soviet Union","1046 BMP-2(K)","captured","https://i.postimg.cc/mgXJn4Np/1003-bmp2.jpg","2023-11-16",65,4451,3,"7-6544513","11/16/2023"
"4950","Russia","Soviet Union","1046 BMP-2(K)","captured","https://i.postimg.cc/2yr0697B/1013-bmp2.jpg","2023-11-16",65,4452,3,"7-6544523","11/16/2023"
"4951","Russia","Soviet Union","1046 BMP-2(K)","damaged","https://i.postimg.cc/GmKgzL7N/1020-bmp1-2.jpg","2023-11-16",65,3619,2,"7-6536192","11/16/2023"
"4952","Russia","Soviet Union","1046 BMP-2(K)","captured","https://i.postimg.cc/GmKgzL7N/1020-bmp1-2.jpg","2023-11-16",65,3619,3,"7-6536193","11/16/2023"
"4953","Russia","Soviet Union","1046 BMP-2(K)","captured","https://i.postimg.cc/rssy7FFV/1012-bmp2.jpg","2023-11-16",65,4453,3,"7-6544533","11/16/2023"
"4954","Russia","Soviet Union","1046 BMP-2(K)","captured","https://i.postimg.cc/5NjCTH0P/1500.jpg","2023-11-16",65,4454,3,"7-6544543","11/16/2023"
"4955","Russia","Soviet Union","1046 BMP-2(K)","captured","https://i.postimg.cc/28BrWt1K/1015-bmp2.jpg","2023-11-16",65,4455,3,"7-6544553","11/16/2023"
"4956","Russia","Soviet Union","1046 BMP-2(K)","captured","https://twitter.com/UAWeapons/status/1568342410043826177","2023-11-16",65,4456,3,"7-6544563","11/16/2023"
"4957","Russia","Soviet Union","1046 BMP-2(K)","captured","https://i.postimg.cc/MHn95Nkv/1017-bmp2.jpg","2023-11-16",65,4457,3,"7-6544573","11/16/2023"
"4958","Russia","Soviet Union","1046 BMP-2(K)","damaged","https://i.postimg.cc/L6t8g25P/1017-bmp2-dam-capt-16-02-23.jpg","2023-11-16",65,4458,2,"7-6544582","11/16/2023"
"4959","Russia","Soviet Union","1046 BMP-2(K)","captured","https://i.postimg.cc/L6t8g25P/1017-bmp2-dam-capt-16-02-23.jpg","2023-11-16",65,4458,3,"7-6544583","11/16/2023"
"4960","Russia","Soviet Union","1046 BMP-2(K)","captured","https://i.postimg.cc/nzXwprB3/2022-09-25-BMP-2-Ural-4320.jpg","2023-11-16",65,4459,3,"7-6544593","11/16/2023"
"4961","Russia","Soviet Union","1046 BMP-2(K)","captured","https://i.postimg.cc/9FnyQgwf/1015-bmp2.jpg","2023-11-16",65,4460,3,"7-6544603","11/16/2023"
"4962","Russia","Soviet Union","1046 BMP-2(K)","captured","https://twitter.com/UAWeapons/status/1568899223139110913","2023-11-16",65,2707,3,"7-6527073","11/16/2023"
"4963","Russia","Soviet Union","1046 BMP-2(K)","captured","https://twitter.com/UAWeapons/status/1568899212976201728","2023-11-16",65,2706,3,"7-6527063","11/16/2023"
"4964","Russia","Soviet Union","1046 BMP-2(K)","captured","https://twitter.com/Danspiun/status/1570838412831363073","2023-11-16",65,4461,3,"7-6544613","11/16/2023"
"4965","Russia","Soviet Union","1046 BMP-2(K)","captured","https://i.postimg.cc/zBdymHxd/1011-bmp2.jpg","2023-11-16",65,4462,3,"7-6544623","11/16/2023"
"4966","Russia","Soviet Union","1046 BMP-2(K)","captured","https://twitter.com/UAWeapons/status/1568887483093422080","2023-11-16",65,4463,3,"7-6544633","11/16/2023"
"4967","Russia","Soviet Union","1046 BMP-2(K)","captured","https://twitter.com/UAWeapons/status/1568899257771384832","2023-11-16",65,4464,3,"7-6544643","11/16/2023"
"4968","Russia","Soviet Union","1046 BMP-2(K)","captured","https://twitter.com/UAWeapons/status/1568899233314381824","2023-11-16",65,4465,3,"7-6544653","11/16/2023"
"4969","Russia","Soviet Union","1046 BMP-2(K)","captured","https://twitter.com/UAWeapons/status/1569058662869516289","2023-11-16",65,2708,3,"7-6527083","11/16/2023"
"4970","Russia","Soviet Union","1046 BMP-2(K)","captured","https://twitter.com/UAWeapons/status/1569057880027832327","2023-11-16",65,4466,3,"7-6544663","11/16/2023"
"4971","Russia","Soviet Union","1046 BMP-2(K)","captured","https://twitter.com/UAWeapons/status/1571186606140268547","2023-11-16",65,4467,3,"7-6544673","11/16/2023"
"4972","Russia","Soviet Union","1046 BMP-2(K)","captured","https://twitter.com/UAWeapons/status/1569229421495701507","2023-11-16",65,4468,3,"7-6544683","11/16/2023"
"4973","Russia","Soviet Union","1046 BMP-2(K)","captured","https://twitter.com/UAWeapons/status/1569427484025946113","2023-11-16",65,2922,3,"7-6529223","11/16/2023"
"4974","Russia","Soviet Union","1046 BMP-2(K)","captured","https://twitter.com/UAWeapons/status/1569739016995569664","2023-11-16",65,1660,3,"7-6516603","11/16/2023"
"4975","Russia","Soviet Union","1046 BMP-2(K)","captured","https://i.postimg.cc/pX4j4wN6/1006-bmp2.jpg","2023-11-16",65,4469,3,"7-6544693","11/16/2023"
"4976","Russia","Soviet Union","1046 BMP-2(K)","captured","https://i.postimg.cc/pV0zY9sx/1007-bmp2.jpg","2023-11-16",65,4470,3,"7-6544703","11/16/2023"
"4977","Russia","Soviet Union","1046 BMP-2(K)","captured","https://i.postimg.cc/Qxsw5yYv/1012-bmp2.jpg","2023-11-16",65,4471,3,"7-6544713","11/16/2023"
"4978","Russia","Soviet Union","1046 BMP-2(K)","captured","https://i.postimg.cc/qBxQvjrj/1027-bmp2.jpg","2023-11-16",65,4472,3,"7-6544723","11/16/2023"
"4979","Russia","Soviet Union","1046 BMP-2(K)","captured","https://i.postimg.cc/htf0Mnd5/1028-bmp2.jpg","2023-11-16",65,4473,3,"7-6544733","11/16/2023"
"4980","Russia","Soviet Union","1046 BMP-2(K)","captured","https://i.postimg.cc/W36mtbBh/1029-bmp2.jpg","2023-11-16",65,4474,3,"7-6544743","11/16/2023"
"4981","Russia","Soviet Union","1046 BMP-2(K)","captured","https://i.postimg.cc/PqDQsMKb/1030-bmp2.jpg","2023-11-16",65,4475,3,"7-6544753","11/16/2023"
"4982","Russia","Soviet Union","1046 BMP-2(K)","captured","https://i.postimg.cc/NMw7grP3/1032-bmp2.jpg","2023-11-16",65,4476,3,"7-6544763","11/16/2023"
"4983","Russia","Soviet Union","1046 BMP-2(K)","captured","https://twitter.com/UAWeapons/status/1570057618961350656","2023-11-16",65,4477,3,"7-6544773","11/16/2023"
"4984","Russia","Soviet Union","1046 BMP-2(K)","captured","https://twitter.com/UAWeapons/status/1573697820699271168","2023-11-16",65,4478,3,"7-6544783","11/16/2023"
"4985","Russia","Soviet Union","1046 BMP-2(K)","captured","https://twitter.com/UAWeapons/status/1570137029349883904","2023-11-16",65,4479,3,"7-6544793","11/16/2023"
"4986","Russia","Soviet Union","1046 BMP-2(K)","captured","https://i.postimg.cc/gch17HLN/448.png","2023-11-16",65,4480,3,"7-6544803","11/16/2023"
"4987","Russia","Soviet Union","1046 BMP-2(K)","captured","https://twitter.com/UAWeapons/status/1570152375238950912","2023-11-16",65,4481,3,"7-6544813","11/16/2023"
"4988","Russia","Soviet Union","1046 BMP-2(K)","captured","https://twitter.com/UAWeapons/status/1570152367915692033","2023-11-16",65,2717,3,"7-6527173","11/16/2023"
"4989","Russia","Soviet Union","1046 BMP-2(K)","captured","https://i.postimg.cc/Yq1nQmbH/1015-bmp2.jpg","2023-11-16",65,4482,3,"7-6544823","11/16/2023"
"4990","Russia","Soviet Union","1046 BMP-2(K)","captured","https://twitter.com/UAWeapons/status/1572308686349144066","2023-11-16",65,4483,3,"7-6544833","11/16/2023"
"4991","Russia","Soviet Union","1046 BMP-2(K)","captured","https://twitter.com/UAWeapons/status/1571071832530505728","2023-11-16",65,956,3,"7-659563","11/16/2023"
"4992","Russia","Soviet Union","1046 BMP-2(K)","captured","https://i.postimg.cc/MKdbZwwp/2022-09-13-BMP-2.png","2023-11-16",65,4484,3,"7-6544843","11/16/2023"
"4993","Russia","Soviet Union","1046 BMP-2(K)","captured","https://i.postimg.cc/tCyCh0gG/1008-brm-1k.jpg","2023-11-16",65,4485,3,"7-6544853","11/16/2023"
"4994","Russia","Soviet Union","1046 BMP-2(K)","captured","https://i.postimg.cc/wTHKhVfY/1005-bmp2.jpg","2023-11-16",65,4486,3,"7-6544863","11/16/2023"
"4995","Russia","Soviet Union","1046 BMP-2(K)","captured","https://i.postimg.cc/rmVZHhNg/669.png","2023-11-16",65,4487,3,"7-6544873","11/16/2023"
"4996","Russia","Soviet Union","1046 BMP-2(K)","captured","https://twitter.com/UAWeapons/status/1572155780698341376","2023-11-16",65,2409,3,"7-6524093","11/16/2023"
"4997","Russia","Soviet Union","1046 BMP-2(K)","captured","https://twitter.com/UAWeapons/status/1572505221187923969","2023-11-16",65,4488,3,"7-6544883","11/16/2023"
"4998","Russia","Soviet Union","1046 BMP-2(K)","damaged","https://i.postimg.cc/bwCDkRVW/1014-bmp2-dam-12-06-23.jpg","2023-11-16",65,4489,2,"7-6544892","11/16/2023"
"4999","Russia","Soviet Union","1046 BMP-2(K)","captured","https://i.postimg.cc/bwCDkRVW/1014-bmp2-dam-12-06-23.jpg","2023-11-16",65,4489,3,"7-6544893","11/16/2023"
"5000","Russia","Soviet Union","1046 BMP-2(K)","captured","https://i.postimg.cc/85b4J6fC/2022-09-15-BMP-2.jpg","2023-11-16",65,4490,3,"7-6544903","11/16/2023"
"5001","Russia","Soviet Union","1046 BMP-2(K)","captured","https://i.postimg.cc/sgKJNxZt/2022-09-14-BMP-2.jpg","2023-11-16",65,4491,3,"7-6544913","11/16/2023"
"5002","Russia","Soviet Union","1046 BMP-2(K)","captured","https://twitter.com/UAWeapons/status/1572972291624951809","2023-11-16",65,305,3,"7-653053","11/16/2023"
"5003","Russia","Soviet Union","1046 BMP-2(K)","captured","https://twitter.com/UAWeapons/status/1572974126293286913","2023-11-16",65,4492,3,"7-6544923","11/16/2023"
"5004","Russia","Soviet Union","1046 BMP-2(K)","captured","https://twitter.com/UAWeapons/status/1572936489314426883","2023-11-16",65,2728,3,"7-6527283","11/16/2023"
"5005","Russia","Soviet Union","1046 BMP-2(K)","captured","https://twitter.com/UAWeapons/status/1572936489314426883","2023-11-16",65,2728,3,"7-6527283","11/16/2023"
"5006","Russia","Soviet Union","1046 BMP-2(K)","captured","https://twitter.com/UAWeapons/status/1572933469038317569","2023-11-16",65,4493,3,"7-6544933","11/16/2023"
"5007","Russia","Soviet Union","1046 BMP-2(K)","captured","https://i.postimg.cc/mg9JHPjW/2022-09-23-BMP-2.jpg","2023-11-16",65,4494,3,"7-6544943","11/16/2023"
"5008","Russia","Soviet Union","1046 BMP-2(K)","captured","https://twitter.com/UAWeapons/status/1574388532239425536","2023-11-16",65,4495,3,"7-6544953","11/16/2023"
"5009","Russia","Soviet Union","1046 BMP-2(K)","captured","https://postimg.cc/4778T5nz","2023-11-16",65,4496,3,"7-6544963","11/16/2023"
"5010","Russia","Soviet Union","1046 BMP-2(K)","captured","https://twitter.com/UAWeapons/status/1575037643632492544","2023-11-16",65,4497,3,"7-6544973","11/16/2023"
"5011","Russia","Soviet Union","1046 BMP-2(K)","captured","https://twitter.com/UAWeapons/status/1575166980000481281","2023-11-16",65,3831,3,"7-6538313","11/16/2023"
"5012","Russia","Soviet Union","1046 BMP-2(K)","captured","https://i.postimg.cc/ZYDFTmSB/1004-bm2-capt.jpg","2023-11-16",65,4498,3,"7-6544983","11/16/2023"
"5013","Russia","Soviet Union","1046 BMP-2(K)","captured","https://postlmg.cc/w3rKpRgX","2023-11-16",65,4499,3,"7-6544993","11/16/2023"
"5014","Russia","Soviet Union","1046 BMP-2(K)","captured","https://i.postimg.cc/vBhy081p/1009-bmp2-capt.jpg","2023-11-16",65,4500,3,"7-6545003","11/16/2023"
"5015","Russia","Soviet Union","1046 BMP-2(K)","captured","https://i.postimg.cc/bYMyQdx2/2022-09-11-BMP-2-UAZ-469.png","2023-11-16",65,4501,3,"7-6545013","11/16/2023"
"5016","Russia","Soviet Union","1046 BMP-2(K)","captured","https://i.postimg.cc/V5QP2rgG/2022-09-11-BMP-2-1.png","2023-11-16",65,4502,3,"7-6545023","11/16/2023"
"5017","Russia","Soviet Union","1046 BMP-2(K)","captured","https://twitter.com/UAWeapons/status/1576584782854893568","2023-11-16",65,4503,3,"7-6545033","11/16/2023"
"5018","Russia","Soviet Union","1046 BMP-2(K)","captured","https://i.postimg.cc/bJzqvNd7/1023-bmp2-capt.jpg","2023-11-16",65,4504,3,"7-6545043","11/16/2023"
"5019","Russia","Soviet Union","1046 BMP-2(K)","captured","https://i.postimg.cc/sXwsGdhv/1001-bmp2-capt.jpg","2023-11-16",65,4505,3,"7-6545053","11/16/2023"
"5020","Russia","Soviet Union","1046 BMP-2(K)","captured","https://twitter.com/UAWeapons/status/1577650945701433344","2023-11-16",65,4506,3,"7-6545063","11/16/2023"
"5021","Russia","Soviet Union","1046 BMP-2(K)","captured","https://i.postimg.cc/v8xsWCVX/1023-bmp2-capt.jpg","2023-11-16",65,4507,3,"7-6545073","11/16/2023"
"5022","Russia","Soviet Union","1046 BMP-2(K)","captured","https://i.postimg.cc/k4zP0vkx/1024-bmp2-capt.jpg","2023-11-16",65,4508,3,"7-6545083","11/16/2023"
"5023","Russia","Soviet Union","1046 BMP-2(K)","captured","https://twitter.com/UAWeapons/status/1577926941377708032","2023-11-16",65,4509,3,"7-6545093","11/16/2023"
"5024","Russia","Soviet Union","1046 BMP-2(K)","damaged","https://i.postimg.cc/zBJ4yRy2/1009-bmp2-dam-capt.jpg","2023-11-16",65,4510,2,"7-6545102","11/16/2023"
"5025","Russia","Soviet Union","1046 BMP-2(K)","captured","https://i.postimg.cc/zBJ4yRy2/1009-bmp2-dam-capt.jpg","2023-11-16",65,4510,3,"7-6545103","11/16/2023"
"5026","Russia","Soviet Union","1046 BMP-2(K)","captured","https://i.postimg.cc/y8MXKdsq/43fp.png","2023-11-16",65,4511,3,"7-6545113","11/16/2023"
"5027","Russia","Soviet Union","1046 BMP-2(K)","captured","https://i.postimg.cc/7LTZKdXr/1010-bmp2-capt.jpg","2023-11-16",65,4512,3,"7-6545123","11/16/2023"
"5028","Russia","Soviet Union","1046 BMP-2(K)","captured","https://i.postimg.cc/xjPTpKG8/1011-bmp2-capt.jpg","2023-11-16",65,4513,3,"7-6545133","11/16/2023"
"5029","Russia","Soviet Union","1046 BMP-2(K)","captured","https://i.postimg.cc/vHnnSZkY/1005-bmp2-capt.jpg","2023-11-16",65,4514,3,"7-6545143","11/16/2023"
"5030","Russia","Soviet Union","1046 BMP-2(K)","captured","https://i.postimg.cc/8cRvK1PX/1015-bmp2-capt.jpg","2023-11-16",65,4515,3,"7-6545153","11/16/2023"
"5031","Russia","Soviet Union","1046 BMP-2(K)","captured","https://i.postimg.cc/zXkTv7hg/1019-bmp2-capt.jpg","2023-11-16",65,4516,3,"7-6545163","11/16/2023"
"5032","Russia","Soviet Union","1046 BMP-2(K)","captured","https://i.postimg.cc/cH7ZbKjZ/BMP-2-captured.png","2023-11-16",65,4517,3,"7-6545173","11/16/2023"
"5033","Russia","Soviet Union","1046 BMP-2(K)","captured","https://i.postimg.cc/mkvKZ3Rg/1004-bmp2-capt-26-03-23.jpg","2023-11-16",65,4518,3,"7-6545183","11/16/2023"
"5034","Russia","Soviet Union","1046 BMP-2(K)","captured","https://i.postimg.cc/gJcV6ZnW/1018-bmp2-capt.jpg","2023-11-16",65,4519,3,"7-6545193","11/16/2023"
"5035","Russia","Soviet Union","1046 BMP-2(K)","captured","https://i.postimg.cc/sgD3bx0c/1019-bmp2-capt-02-05-23.jpg","2023-11-16",65,4520,3,"7-6545203","11/16/2023"
"5036","Russia","Soviet Union","1046 BMP-2(K)","captured","https://i.postimg.cc/B6vFvfVZ/1056-bmp2-capt.jpg","2023-11-16",65,4521,3,"7-6545213","11/16/2023"
"5037","Russia","Soviet Union","1046 BMP-2(K)","captured","https://twitter.com/UAWeapons/status/1581301356123811841","2023-11-16",65,4522,3,"7-6545223","11/16/2023"
"5038","Russia","Soviet Union","1046 BMP-2(K)","captured","https://i.postimg.cc/fRnxkXKP/2022-04-01-bmp-2-2.jpg","2023-11-16",65,4523,3,"7-6545233","11/16/2023"
"5039","Russia","Soviet Union","1046 BMP-2(K)","captured","https://i.postimg.cc/0j32rY1H/2022-04-01-bmp-2-3.jpg","2023-11-16",65,4524,3,"7-6545243","11/16/2023"
"5040","Russia","Soviet Union","1046 BMP-2(K)","captured","https://i.postimg.cc/J7k7YTzQ/1006-bmp2-capt.jpg","2023-11-16",65,4525,3,"7-6545253","11/16/2023"
"5041","Russia","Soviet Union","1046 BMP-2(K)","captured","https://i.postimg.cc/R0CFgDY4/1005-bmp2-capt.jpg","2023-11-16",65,4526,3,"7-6545263","11/16/2023"
"5042","Russia","Soviet Union","1046 BMP-2(K)","captured","https://i.postimg.cc/L4gsQfxY/1011-bmp2-capt.jpg","2023-11-16",65,4527,3,"7-6545273","11/16/2023"
"5043","Russia","Soviet Union","1046 BMP-2(K)","captured","https://i.postimg.cc/Jz3hxk8C/1007-bmp2-capt.jpg","2023-11-16",65,4528,3,"7-6545283","11/16/2023"
"5044","Russia","Soviet Union","1046 BMP-2(K)","captured","https://i.postimg.cc/qv97BSD9/1005-bmp2-capt.jpg","2023-11-16",65,4529,3,"7-6545293","11/16/2023"
"5045","Russia","Soviet Union","1046 BMP-2(K)","captured","https://i.postimg.cc/mZwh3dhH/1006-bmp2-capt.jpg","2023-11-16",65,4530,3,"7-6545303","11/16/2023"
"5046","Russia","Soviet Union","1046 BMP-2(K)","captured","https://i.postimg.cc/Y2zpnvGn/1001-2x-bmp2-capt.jpg","2023-11-16",65,4531,3,"7-6545313","11/16/2023"
"5047","Russia","Soviet Union","1046 BMP-2(K)","captured","https://i.postimg.cc/qqqJxtXb/10-05-2022-BMP-2-captured-Kherson-region.png","2023-11-16",65,4532,3,"7-6545323","11/16/2023"
"5048","Russia","Soviet Union","1046 BMP-2(K)","captured","https://i.postimg.cc/k4rmf6fn/1002-bmp2-capt.jpg","2023-11-16",65,4533,3,"7-6545333","11/16/2023"
"5049","Russia","Soviet Union","1046 BMP-2(K)","captured","https://i.postimg.cc/zfczYfts/1028-bmp2-capt-17-02-23.jpg","2023-11-16",65,4534,3,"7-6545343","11/16/2023"
"5050","Russia","Soviet Union","1046 BMP-2(K)","damaged","https://i.postimg.cc/wxFtfg1F/jo.png","2023-11-16",65,4535,2,"7-6545352","11/16/2023"
"5051","Russia","Soviet Union","1046 BMP-2(K)","captured","https://i.postimg.cc/wxFtfg1F/jo.png","2023-11-16",65,4535,3,"7-6545353","11/16/2023"
"5052","Russia","Soviet Union","1046 BMP-2(K)","captured","https://i.postimg.cc/yx9C1Rj1/1003-bmp2-capt.jpg","2023-11-16",65,4536,3,"7-6545363","11/16/2023"
"5053","Russia","Soviet Union","1046 BMP-2(K)","captured","https://i.postimg.cc/tgmKFkmR/1010-bmp2-capt.jpg","2023-11-16",65,4537,3,"7-6545373","11/16/2023"
"5054","Russia","Soviet Union","1046 BMP-2(K)","captured","https://i.postimg.cc/RV20rmSc/04-01-2022-BMP-2-Captured-Trostianets.png","2023-11-16",65,4538,3,"7-6545383","11/16/2023"
"5055","Russia","Soviet Union","1046 BMP-2(K)","captured","https://i.postimg.cc/rpS8GPLH/1011-bmp2-capt.jpg","2023-11-16",65,4539,3,"7-6545393","11/16/2023"
"5056","Russia","Soviet Union","1046 BMP-2(K)","captured","https://i.postimg.cc/RZ0rKsXp/1013-bmp2-capt-6-11.jpg","2023-11-16",65,4540,3,"7-6545403","11/16/2023"
"5057","Russia","Soviet Union","1046 BMP-2(K)","captured","https://i.postimg.cc/sxFyJYvQ/1006-bmp2-capt-7-11.jpg","2023-11-16",65,4541,3,"7-6545413","11/16/2023"
"5058","Russia","Soviet Union","1046 BMP-2(K)","damaged","https://twitter.com/UAWeapons/status/1589590305158107137","2023-11-16",65,969,2,"7-659692","11/16/2023"
"5059","Russia","Soviet Union","1046 BMP-2(K)","captured","https://twitter.com/UAWeapons/status/1589590305158107137","2023-11-16",65,969,3,"7-659693","11/16/2023"
"5060","Russia","Soviet Union","1046 BMP-2(K)","captured","https://i.postimg.cc/WtL7HfSQ/1004-bmp2-capt.jpg","2023-11-16",65,4542,3,"7-6545423","11/16/2023"
"5061","Russia","Soviet Union","1046 BMP-2(K)","captured","https://i.postimg.cc/v8fzL25R/1007-2x-bmp2-capt.jpg","2023-11-16",65,4543,3,"7-6545433","11/16/2023"
"5062","Russia","Soviet Union","1046 BMP-2(K)","captured","https://i.postimg.cc/1tnJHd6d/1000-bmp2-capt-10-02-23.jpg","2023-11-16",65,4544,3,"7-6545443","11/16/2023"
"5063","Russia","Soviet Union","1046 BMP-2(K)","captured","https://i.postimg.cc/hP6HWNwQ/1024-bmp2-capt.jpg","2023-11-16",65,4545,3,"7-6545453","11/16/2023"
"5064","Russia","Soviet Union","1046 BMP-2(K)","captured","https://i.postimg.cc/3xGzKn5S/1008-bmp2-capt.jpg","2023-11-16",65,4546,3,"7-6545463","11/16/2023"
"5065","Russia","Soviet Union","1046 BMP-2(K)","captured","https://i.postimg.cc/ZYNFNHx5/1001-bmp2-capt-14-11.jpg","2023-11-16",65,4547,3,"7-6545473","11/16/2023"
"5066","Russia","Soviet Union","1046 BMP-2(K)","captured","https://i.postimg.cc/zBRpC5fs/1001-bmp2-capt.jpg","2023-11-16",65,4548,3,"7-6545483","11/16/2023"
"5067","Russia","Soviet Union","1046 BMP-2(K)","captured","https://i.postimg.cc/Xq4bFz4G/1004-bmp2-capt.jpg","2023-11-16",65,4549,3,"7-6545493","11/16/2023"
"5068","Russia","Soviet Union","1046 BMP-2(K)","damaged","https://i.postimg.cc/439HV9jy/1009-bmp2-dam-capt.jpg","2023-11-16",65,4550,2,"7-6545502","11/16/2023"
"5069","Russia","Soviet Union","1046 BMP-2(K)","captured","https://i.postimg.cc/439HV9jy/1009-bmp2-dam-capt.jpg","2023-11-16",65,4550,3,"7-6545503","11/16/2023"
"5070","Russia","Soviet Union","1046 BMP-2(K)","captured","https://i.postimg.cc/DwqTZzsJ/aa5.jpg","2023-11-16",65,4551,3,"7-6545513","11/16/2023"
"5071","Russia","Soviet Union","1046 BMP-2(K)","captured","https://i.postimg.cc/HsgQQRwy/1013-bmp2-capt.jpg","2023-11-16",65,4552,3,"7-6545523","11/16/2023"
"5072","Russia","Soviet Union","1046 BMP-2(K)","captured","https://i.postimg.cc/qgVHKyny/1010-BMP-2-capt-27-12-22.jpg","2023-11-16",65,4553,3,"7-6545533","11/16/2023"
"5073","Russia","Soviet Union","1046 BMP-2(K)","captured","https://i.postimg.cc/fbwZ5cPv/1016-bmp2-capt-31-10-22.jpg","2023-11-16",65,4554,3,"7-6545543","11/16/2023"
"5074","Russia","Soviet Union","1046 BMP-2(K)","captured","https://i.postimg.cc/XvMf6LQW/1012-bmp2-capt-01-01-23.jpg","2023-11-16",65,4555,3,"7-6545553","11/16/2023"
"5075","Russia","Soviet Union","1046 BMP-2(K)","captured","https://i.postimg.cc/9QjFp5wL/1007-bmp2-capt-04-01-23.jpg","2023-11-16",65,4556,3,"7-6545563","11/16/2023"
"5076","Russia","Soviet Union","1046 BMP-2(K)","captured","https://i.postimg.cc/Sx7Q1TWk/1008-bmp2-capt-xx-12-22.jpg","2023-11-16",65,4557,3,"7-6545573","11/16/2023"
"5077","Russia","Soviet Union","1046 BMP-2(K)","captured","https://i.postimg.cc/RCknjYnH/1011-bmp2-capt-05-01-23.jpg","2023-11-16",65,4558,3,"7-6545583","11/16/2023"
"5078","Russia","Soviet Union","1046 BMP-2(K)","captured","https://i.postimg.cc/15MCpgJd/3r5.png","2023-11-16",65,4559,3,"7-6545593","11/16/2023"
"5079","Russia","Soviet Union","1046 BMP-2(K)","captured","https://i.postimg.cc/02qyX4N3/1043-bmp2-capt-19-01-23.jpg","2023-11-16",65,4560,3,"7-6545603","11/16/2023"
"5080","Russia","Soviet Union","1046 BMP-2(K)","captured","https://i.postimg.cc/1RJGqJjW/1011-bmp2-capt-17-09-22.jpg","2023-11-16",65,4561,3,"7-6545613","11/16/2023"
"5081","Russia","Soviet Union","1046 BMP-2(K)","captured","https://i.postimg.cc/Fzs06L7g/1025-bmp2-capt-20-01-23.jpg","2023-11-16",65,4562,3,"7-6545623","11/16/2023"
"5082","Russia","Soviet Union","1046 BMP-2(K)","captured","https://i.postimg.cc/Pf8S3vxw/1006-bmp2-capt-06-02-23.jpg","2023-11-16",65,4563,3,"7-6545633","11/16/2023"
"5083","Russia","Soviet Union","1046 BMP-2(K)","damaged","https://i.postimg.cc/3wgdtFBY/1009-bmp2-dam-capt-23-02-23.jpg","2023-11-16",65,4564,2,"7-6545642","11/16/2023"
"5084","Russia","Soviet Union","1046 BMP-2(K)","captured","https://i.postimg.cc/3wgdtFBY/1009-bmp2-dam-capt-23-02-23.jpg","2023-11-16",65,4564,3,"7-6545643","11/16/2023"
"5085","Russia","Soviet Union","1046 BMP-2(K)","damaged","https://i.postimg.cc/3RgMmgNK/1038-bmp2-dam-capt-05-03-23.jpg","2023-11-16",65,4565,2,"7-6545652","11/16/2023"
"5086","Russia","Soviet Union","1046 BMP-2(K)","captured","https://i.postimg.cc/3RgMmgNK/1038-bmp2-dam-capt-05-03-23.jpg","2023-11-16",65,4565,3,"7-6545653","11/16/2023"
"5087","Russia","Soviet Union","1046 BMP-2(K)","captured","https://i.postimg.cc/5tF9Q5ng/1006-bmp2-capt-16-06-23.jpg","2023-11-16",65,4566,3,"7-6545663","11/16/2023"
"5088","Russia","Soviet Union","1046 BMP-2(K)","captured","https://i.postimg.cc/fLnzc3PN/1011-bmp2-capt-17-06-23.jpg","2023-11-16",65,4567,3,"7-6545673","11/16/2023"
"5089","Russia","Soviet Union","1046 BMP-2(K)","captured","https://i.postimg.cc/d3nJc5Vs/1015-bmp2-capt-18-06-23.jpg","2023-11-16",65,4568,3,"7-6545683","11/16/2023"
"5090","Russia","Soviet Union","1046 BMP-2(K)","damaged","https://i.postimg.cc/7hfXWc8Z/1006-bmp2-dam-capt-30-09-22.jpg","2023-11-16",65,4569,2,"7-6545692","11/16/2023"
"5091","Russia","Soviet Union","1046 BMP-2(K)","captured","https://i.postimg.cc/7hfXWc8Z/1006-bmp2-dam-capt-30-09-22.jpg","2023-11-16",65,4569,3,"7-6545693","11/16/2023"
"5092","Russia","Soviet Union","1046 BMP-2(K)","captured","https://i.postimg.cc/K8S8fY0Z/1027-bmp2-capt-22-06-23.jpg","2023-11-16",65,4570,3,"7-6545703","11/16/2023"
"5093","Russia","Soviet Union","1046 BMP-2(K)","captured","https://i.postimg.cc/054Q6nmK/1008-bmp2-capt-21-06-23.jpg","2023-11-16",65,4571,3,"7-6545713","11/16/2023"
"5094","Russia","Soviet Union","1046 BMP-2(K)","damaged","https://i.postimg.cc/2jX5hmCS/u1.jpg","2023-11-16",65,4572,2,"7-6545722","11/16/2023"
"5095","Russia","Soviet Union","1046 BMP-2(K)","captured","https://i.postimg.cc/2jX5hmCS/u1.jpg","2023-11-16",65,4572,3,"7-6545723","11/16/2023"
"5096","Russia","Soviet Union","1046 BMP-2(K)","captured","https://i.postimg.cc/MGgQyPNn/ff22.png","2023-11-16",65,4573,3,"7-6545733","11/16/2023"
"5097","Russia","Soviet Union","1046 BMP-2(K)","captured","https://i.postimg.cc/Pq0z964t/1017-bmp2-capt-03-04-22.jpg","2023-11-16",65,4574,3,"7-6545743","11/16/2023"
"5098","Russia","Soviet Union","1046 BMP-2(K)","captured","https://i.postimg.cc/ZRgNsZG7/1008-bmp2-capt-22-08-23.jpg","2023-11-16",65,4575,3,"7-6545753","11/16/2023"
"5099","Russia","Soviet Union","1046 BMP-2(K)","captured","https://i.postimg.cc/TYbqghKH/1010-bmp2-capt-24-08-23.jpg","2023-11-16",65,4576,3,"7-6545763","11/16/2023"
"5100","Russia","Soviet Union","1046 BMP-2(K)","damaged","https://i.postimg.cc/PfLvPxS9/226.png","2023-11-16",65,4577,2,"7-6545772","11/16/2023"
"5101","Russia","Soviet Union","1046 BMP-2(K)","captured","https://i.postimg.cc/PfLvPxS9/226.png","2023-11-16",65,4577,3,"7-6545773","11/16/2023"
"5102","Russia","Soviet Union","1046 BMP-2(K)","captured","https://i.postimg.cc/3RgGBb5v/76440.png","2023-11-16",65,4578,3,"7-6545783","11/16/2023"
"5103","Russia","Soviet Union","1046 BMP-2(K)","captured","https://i.postimg.cc/hP7xJFTW/1017-BMP-2-capt-10-10-23.jpg","2023-11-16",65,4579,3,"7-6545793","11/16/2023"
"5104","Russia","Russia","BMP-2M Berezhok","destroyed","https://twitter.com/UAWeapons/status/1569679556629467137","2023-11-16",66,4580,1,"7-6645801","11/16/2023"
"5105","Russia","Russia","BMP-2M Berezhok","destroyed","https://i.postimg.cc/QM8BYJnd/1000-bmp2m-2x.jpg","2023-11-16",66,4581,1,"7-6645811","11/16/2023"
"5106","Russia","Russia","BMP-2M Berezhok","destroyed","https://twitter.com/UAWeapons/status/1575201856715821056","2023-11-16",66,4582,1,"7-6645821","11/16/2023"
"5107","Russia","Russia","BMP-2M Berezhok","destroyed","https://twitter.com/UAWeapons/status/1628038007772020742","2023-11-16",66,4092,1,"7-6640921","11/16/2023"
"5108","Russia","Russia","BMP-2M Berezhok","destroyed","https://twitter.com/UAWeapons/status/1630622337228849155","2023-11-16",66,4583,1,"7-6645831","11/16/2023"
"5109","Russia","Russia","BMP-2M Berezhok","destroyed","https://i.postimg.cc/kGR6cDMd/1002-bmp2-destr-19-03-23.jpg","2023-11-16",66,4584,1,"7-6645841","11/16/2023"
"5110","Russia","Russia","BMP-2M Berezhok","destroyed","https://i.postimg.cc/4yfMyWD0/43114.png","2023-11-16",66,4585,1,"7-6645851","11/16/2023"
"5111","Russia","Russia","BMP-2M Berezhok","destroyed","https://i.postimg.cc/m2whNdJp/1015-bmp2m-destr-22-05-23.jpg","2023-11-16",66,4586,1,"7-6645861","11/16/2023"
"5112","Russia","Russia","BMP-2M Berezhok","destroyed","https://i.postimg.cc/mrd2XX14/1035-BMP-2-M-destr-02-05-23.jpg","2023-11-16",66,4587,1,"7-6645871","11/16/2023"
"5113","Russia","Russia","BMP-2M Berezhok","destroyed","https://i.postimg.cc/G2p3s1Pv/1000-bmp2-destr-06-07-23.jpg","2023-11-16",66,4588,1,"7-6645881","11/16/2023"
"5114","Russia","Russia","BMP-2M Berezhok","destroyed","https://i.postimg.cc/DZhZZ7p4/288.png","2023-11-16",66,4589,1,"7-6645891","11/16/2023"
"5115","Russia","Russia","BMP-2M Berezhok","destroyed","https://i.postimg.cc/kGR6cDMd/1002-bmp2-destr-19-03-23.jpg","2023-11-16",66,4584,1,"7-6645841","11/16/2023"
"5116","Russia","Russia","BMP-2M Berezhok","destroyed","https://i.postimg.cc/rmYnzkvL/3244.png","2023-11-16",66,4590,1,"7-6645901","11/16/2023"
"5117","Russia","Russia","BMP-2M Berezhok","destroyed","https://twitter.com/UAWeapons/status/1710312195425243146","2023-11-16",66,4591,1,"7-6645911","11/16/2023"
"5118","Russia","Russia","BMP-2M Berezhok","destroyed","https://i.postimg.cc/Y9NS7W04/1044-BMP-2-M-destr-07-10-23.jpg","2023-11-16",66,4592,1,"7-6645921","11/16/2023"
"5119","Russia","Russia","BMP-2M Berezhok","destroyed","https://i.postimg.cc/jSHF19mV/1011-bmp2m-destr-22-10-23.jpg","2023-11-16",66,4593,1,"7-6645931","11/16/2023"
"5120","Russia","Russia","BMP-2M Berezhok","destroyed","https://i.postimg.cc/59DdmWt0/1039-BMP-2-M-destr-31-08-23.jpg","2023-11-16",66,4594,1,"7-6645941","11/16/2023"
"5121","Russia","Russia","BMP-2M Berezhok","damaged","https://i.postimg.cc/65qh99ZT/380.png","2023-11-16",66,4595,2,"7-6645952","11/16/2023"
"5122","Russia","Russia","BMP-2M Berezhok","damaged","https://i.postimg.cc/DZCRZH73/1013-bmp2m-dam-30-10-23.jpg","2023-11-16",66,4596,2,"7-6645962","11/16/2023"
"5123","Russia","Russia","BMP-2M Berezhok","captured","https://i.postimg.cc/hPqgtxcn/229.png","2023-11-16",66,4597,3,"7-6645973","11/16/2023"
"5124","Russia","Russia","BMP-2M Berezhok","captured","https://i.postimg.cc/y8DRWbGV/2219.png","2023-11-16",66,4598,3,"7-6645983","11/16/2023"
"5125","Russia","Russia","BMP-2M Berezhok","damaged","https://twitter.com/UAWeapons/status/1577686060473225217","2023-11-16",66,4599,2,"7-6645992","11/16/2023"
"5126","Russia","Russia","BMP-2M Berezhok","captured","https://twitter.com/UAWeapons/status/1577686060473225217","2023-11-16",66,4599,3,"7-6645993","11/16/2023"
"5127","Russia","Russia","BMP-2M Berezhok","captured","https://twitter.com/UAWeapons/status/1577738971286749184","2023-11-16",66,4600,3,"7-6646003","11/16/2023"
"5128","Russia","Russia","BMP-2M Berezhok","captured","https://i.postimg.cc/RhRhyC5j/1003-bmp2m-capt.jpg","2023-11-16",66,4601,3,"7-6646013","11/16/2023"
"5129","Russia","Russia","BMP-2M Berezhok","captured","https://i.postimg.cc/dQNVP2Gb/1018-bmp2m-capt-10-02-23.jpg","2023-11-16",66,4602,3,"7-6646023","11/16/2023"
"5130","Russia","Russia","BMP-2M Berezhok","captured","https://i.postimg.cc/mgH9jkZv/1007-bmp2-capt-27-10.jpg","2023-11-16",66,4603,3,"7-6646033","11/16/2023"
"5131","Russia","Russia","BMP-2M Berezhok","captured","https://i.postimg.cc/dtxz64Y5/763.png","2023-11-16",66,4604,3,"7-6646043","11/16/2023"
"5132","Russia","Russia","BMP-2 675-sb3KDZ","destroyed","https://i.postimg.cc/D0NRFvR3/1004-BMP-2-675-SB3-KDZ-destr.jpg","2023-11-16",67,4605,1,"7-6746051","11/16/2023"
"5133","Russia","Russia","BMP-2 675-sb3KDZ","destroyed","https://i.postimg.cc/gkbWtRbK/1007-BMP-2-675-sb3-KDZ-destr-27-05-23.jpg","2023-11-16",67,4606,1,"7-6746061","11/16/2023"
"5134","Russia","Russia","BMP-2 675-sb3KDZ","destroyed","https://i.postimg.cc/L6pvZN1v/1043-BMP-2-675-sb3-KDZ-destr-08-06-23.jpg","2023-11-16",67,4607,1,"7-6746071","11/16/2023"
"5135","Russia","Russia","BMP-2 675-sb3KDZ","destroyed","https://twitter.com/UAWeapons/status/1668515155100028929","2023-11-16",67,2195,1,"7-6721951","11/16/2023"
"5136","Russia","Russia","BMP-2 675-sb3KDZ","destroyed","https://i.postimg.cc/d04zYVcF/1011-BMP-2-with-675-sb3-KDZ-add-on-armour-destr-29-06-23.jpg","2023-11-16",67,4608,1,"7-6746081","11/16/2023"
"5137","Russia","Russia","BMP-2 675-sb3KDZ","destroyed","https://i.postimg.cc/g0kLXD2p/43700.png","2023-11-16",67,4609,1,"7-6746091","11/16/2023"
"5138","Russia","Russia","BMP-2 675-sb3KDZ","destroyed","https://i.postimg.cc/5yMtsw3g/5554.png","2023-11-16",67,4610,1,"7-6746101","11/16/2023"
"5139","Russia","Russia","BMP-2 675-sb3KDZ","destroyed","https://i.postimg.cc/tRnt6VGM/1026-2x-BMP-2-675-sb3-KDZ-destr-06-10-23.jpg","2023-11-16",67,4611,1,"7-6746111","11/16/2023"
"5140","Russia","Russia","BMP-2 675-sb3KDZ","destroyed","https://i.postimg.cc/ht9VTx4y/1025-BMP-2-675-sb3-KDZ-destr-22-09-23.jpg","2023-11-16",67,4612,1,"7-6746121","11/16/2023"
"5141","Russia","Russia","BMP-2 675-sb3KDZ","destroyed","https://i.postimg.cc/xCCpcdCY/1027-BMP-2-675-sb3-KDZ-destr-10-10-23.jpg","2023-11-16",67,4613,1,"7-6746131","11/16/2023"
"5142","Russia","Russia","BMP-2 675-sb3KDZ","destroyed","https://i.postimg.cc/vBNq9dgn/1028-BMP-2-675-sb3-KDZ-btr82a-destr-10-10-23.jpg","2023-11-16",67,4614,1,"7-6746141","11/16/2023"
"5143","Russia","Russia","BMP-2 675-sb3KDZ","destroyed","https://i.postimg.cc/9QN0D5F2/1035-BMP-2-destr-08-11-23.jpg","2023-11-16",67,4615,1,"7-6746151","11/16/2023"
"5144","Russia","Russia","BMP-2 675-sb3KDZ","destroyed","https://i.postimg.cc/1znt6Cfq/1036-2x-BMP-2-destr-08-11-23.jpg","2023-11-16",67,4369,1,"7-6743691","11/16/2023"
"5145","Russia","Russia","BMP-2 675-sb3KDZ","captured","https://i.postimg.cc/rsJXQgr0/h66.jpg","2023-11-16",67,4616,3,"7-6746163","11/16/2023"
"5146","Russia","Russia","BMP-2 675-sb3KDZ","damaged","https://i.postimg.cc/05pQKcnw/1031-BMP-2-675-sb3-KDZ-dam-capt.jpg","2023-11-16",67,4617,2,"7-6746172","11/16/2023"
"5147","Russia","Russia","BMP-2 675-sb3KDZ","captured","https://i.postimg.cc/05pQKcnw/1031-BMP-2-675-sb3-KDZ-dam-capt.jpg","2023-11-16",67,4617,3,"7-6746173","11/16/2023"
"5148","Russia","Soviet Union","131 Unknown BMP-1/2","destroyed","https://i.postimg.cc/RFVycDYL/1015-unkn-bmp-destr-12-07-23.jpg","2023-11-16",68,4618,1,"7-6846181","11/16/2023"
"5149","Russia","Soviet Union","131 Unknown BMP-1/2","destroyed","https://twitter.com/UAWeapons/status/1503839555555889153","2023-11-16",68,2006,1,"7-6820061","11/16/2023"
"5150","Russia","Soviet Union","131 Unknown BMP-1/2","destroyed","https://twitter.com/RALee85/status/1552942531842871296","2023-11-16",68,4619,1,"7-6846191","11/16/2023"
"5151","Russia","Soviet Union","131 Unknown BMP-1/2","destroyed","https://i.postimg.cc/TPmwgtmn/1005-unkn-bmp-destr-14-07-23.jpg","2023-11-16",68,4620,1,"7-6846201","11/16/2023"
"5152","Russia","Soviet Union","131 Unknown BMP-1/2","destroyed","https://i.postimg.cc/dt8Nrk8t/r33.png","2023-11-16",68,4621,1,"7-6846211","11/16/2023"
"5153","Russia","Soviet Union","131 Unknown BMP-1/2","destroyed","https://i.postimg.cc/8CxkwgGG/776.jpg","2023-11-16",68,4622,1,"7-6846221","11/16/2023"
"5154","Russia","Soviet Union","131 Unknown BMP-1/2","destroyed","https://i.postimg.cc/L6nFgHVP/433.png","2023-11-16",68,4623,1,"7-6846231","11/16/2023"
"5155","Russia","Soviet Union","131 Unknown BMP-1/2","destroyed","https://twitter.com/UAWeapons/status/1513937750566875148","2023-11-16",68,4624,1,"7-6846241","11/16/2023"
"5156","Russia","Soviet Union","131 Unknown BMP-1/2","destroyed","https://i.postimg.cc/kG8mx9LZ/1009-unkn-bmp-destr-06-05-23.jpg","2023-11-16",68,4625,1,"7-6846251","11/16/2023"
"5157","Russia","Soviet Union","131 Unknown BMP-1/2","destroyed","https://i.postimg.cc/C5pdJ9wX/1013-unkn-bmp-destr-21-05-23.jpg","2023-11-16",68,4626,1,"7-6846261","11/16/2023"
"5158","Russia","Soviet Union","131 Unknown BMP-1/2","destroyed","https://i.postimg.cc/TPKTjZ91/33.jpg","2023-11-16",68,4627,1,"7-6846271","11/16/2023"
"5159","Russia","Soviet Union","131 Unknown BMP-1/2","destroyed","https://twitter.com/UAWeapons/status/1518654644544802818","2023-11-16",68,2026,1,"7-6820261","11/16/2023"
"5160","Russia","Soviet Union","131 Unknown BMP-1/2","destroyed","https://i.postimg.cc/QMJ9vgwc/2d.png","2023-11-16",68,4628,1,"7-6846281","11/16/2023"
"5161","Russia","Soviet Union","131 Unknown BMP-1/2","destroyed","https://i.postimg.cc/sfcTzjyx/g5.jpg","2023-11-16",68,4629,1,"7-6846291","11/16/2023"
"5162","Russia","Soviet Union","131 Unknown BMP-1/2","destroyed","https://i.postimg.cc/Jh0nyFz9/44f.jpg","2023-11-16",68,4630,1,"7-6846301","11/16/2023"
"5163","Russia","Soviet Union","131 Unknown BMP-1/2","destroyed","https://twitter.com/UAWeapons/status/1528313148712833024","2023-11-16",68,4631,1,"7-6846311","11/16/2023"
"5164","Russia","Soviet Union","131 Unknown BMP-1/2","destroyed","https://twitter.com/UAWeapons/status/1527757923497168896","2023-11-16",68,4632,1,"7-6846321","11/16/2023"
"5165","Russia","Soviet Union","131 Unknown BMP-1/2","destroyed","https://i.postimg.cc/y8NYpkhG/1000-unkn-bmp-destr-24-05-23.jpg","2023-11-16",68,4633,1,"7-6846331","11/16/2023"
"5166","Russia","Soviet Union","131 Unknown BMP-1/2","destroyed","https://twitter.com/UAWeapons/status/1527724630244564993","2023-11-16",68,4634,1,"7-6846341","11/16/2023"
"5167","Russia","Soviet Union","131 Unknown BMP-1/2","destroyed","https://twitter.com/UAWeapons/status/1527402108969951233","2023-11-16",68,4635,1,"7-6846351","11/16/2023"
"5168","Russia","Soviet Union","131 Unknown BMP-1/2","destroyed","https://twitter.com/UAWeapons/status/1527047154262474753","2023-11-16",68,4636,1,"7-6846361","11/16/2023"
"5169","Russia","Soviet Union","131 Unknown BMP-1/2","destroyed","https://twitter.com/UAWeapons/status/1528850834225782785","2023-11-16",68,4637,1,"7-6846371","11/16/2023"
"5170","Russia","Soviet Union","131 Unknown BMP-1/2","destroyed","https://i.postimg.cc/LX8DQRc9/4431.jpg","2023-11-16",68,4638,1,"7-6846381","11/16/2023"
"5171","Russia","Soviet Union","131 Unknown BMP-1/2","destroyed","https://i.postimg.cc/rm0MDRpr/32f.jpg","2023-11-16",68,4639,1,"7-6846391","11/16/2023"
"5172","Russia","Soviet Union","131 Unknown BMP-1/2","destroyed","https://twitter.com/RALee85/status/1530822005183983616","2023-11-16",68,4640,1,"7-6846401","11/16/2023"
"5173","Russia","Soviet Union","131 Unknown BMP-1/2","destroyed","https://i.postimg.cc/T3rkmZKZ/1032-unkn-bmp-destr-15-10-23.jpg","2023-11-16",68,4641,1,"7-6846411","11/16/2023"
"5174","Russia","Soviet Union","131 Unknown BMP-1/2","destroyed","https://twitter.com/UAWeapons/status/1533021443943956482","2023-11-16",68,4642,1,"7-6846421","11/16/2023"
"5175","Russia","Soviet Union","131 Unknown BMP-1/2","destroyed","https://twitter.com/UAWeapons/status/1533785755063050241","2023-11-16",68,4643,1,"7-6846431","11/16/2023"
"5176","Russia","Soviet Union","131 Unknown BMP-1/2","destroyed","https://twitter.com/UAWeapons/status/1534146940883156995","2023-11-16",68,4644,1,"7-6846441","11/16/2023"
"5177","Russia","Soviet Union","131 Unknown BMP-1/2","destroyed","https://twitter.com/UAWeapons/status/1534591070805409792","2023-11-16",68,4645,1,"7-6846451","11/16/2023"
"5178","Russia","Soviet Union","131 Unknown BMP-1/2","destroyed","https://twitter.com/UAWeapons/status/1534566681414352896","2023-11-16",68,4646,1,"7-6846461","11/16/2023"
"5179","Russia","Soviet Union","131 Unknown BMP-1/2","destroyed","https://i.postimg.cc/CKXTcKRm/Jf7s6u-WS-jpg-large.jpg","2023-11-16",68,4647,1,"7-6846471","11/16/2023"
"5180","Russia","Soviet Union","131 Unknown BMP-1/2","destroyed","https://twitter.com/UAWeapons/status/1548401083411623936","2023-11-16",68,4648,1,"7-6846481","11/16/2023"
"5181","Russia","Soviet Union","131 Unknown BMP-1/2","destroyed","https://twitter.com/UAWeapons/status/1538074149372952576","2023-11-16",68,4649,1,"7-6846491","11/16/2023"
"5182","Russia","Soviet Union","131 Unknown BMP-1/2","destroyed","https://twitter.com/UAWeapons/status/1538135200030400515","2023-11-16",68,4650,1,"7-6846501","11/16/2023"
"5183","Russia","Soviet Union","131 Unknown BMP-1/2","destroyed","https://twitter.com/UAWeapons/status/1538140289075974150","2023-11-16",68,4651,1,"7-6846511","11/16/2023"
"5184","Russia","Soviet Union","131 Unknown BMP-1/2","destroyed","https://twitter.com/UAWeapons/status/1539254186822586368","2023-11-16",68,4652,1,"7-6846521","11/16/2023"
"5185","Russia","Soviet Union","131 Unknown BMP-1/2","destroyed","https://twitter.com/UAWeapons/status/1539256229293350913","2023-11-16",68,4653,1,"7-6846531","11/16/2023"
"5186","Russia","Soviet Union","131 Unknown BMP-1/2","destroyed","https://twitter.com/RALee85/status/1540686770815131649","2023-11-16",68,4654,1,"7-6846541","11/16/2023"
"5187","Russia","Soviet Union","131 Unknown BMP-1/2","destroyed","https://twitter.com/Blue_Sauron/status/1541096114291630084","2023-11-16",68,4655,1,"7-6846551","11/16/2023"
"5188","Russia","Soviet Union","131 Unknown BMP-1/2","destroyed","https://twitter.com/UAWeapons/status/1540052534299082752","2023-11-16",68,4656,1,"7-6846561","11/16/2023"
"5189","Russia","Soviet Union","131 Unknown BMP-1/2","destroyed","https://i.postimg.cc/zG8P77HB/4f5.png","2023-11-16",68,4657,1,"7-6846571","11/16/2023"
"5190","Russia","Soviet Union","131 Unknown BMP-1/2","destroyed","https://i.postimg.cc/52MwH9Gh/j779.jpg","2023-11-16",68,4658,1,"7-6846581","11/16/2023"
"5191","Russia","Soviet Union","131 Unknown BMP-1/2","destroyed","https://twitter.com/UAWeapons/status/1544438189070352384","2023-11-16",68,2363,1,"7-6823631","11/16/2023"
"5192","Russia","Soviet Union","131 Unknown BMP-1/2","destroyed","https://twitter.com/UAWeapons/status/1574454914109022208","2023-11-16",68,4659,1,"7-6846591","11/16/2023"
"5193","Russia","Soviet Union","131 Unknown BMP-1/2","destroyed","https://twitter.com/Blue_Sauron/status/1544968755091886080","2023-11-16",68,1242,1,"7-6812421","11/16/2023"
"5194","Russia","Soviet Union","131 Unknown BMP-1/2","destroyed","https://twitter.com/UAWeapons/status/1545829375265865729","2023-11-16",68,4660,1,"7-6846601","11/16/2023"
"5195","Russia","Soviet Union","131 Unknown BMP-1/2","destroyed","https://i.postimg.cc/QMVZFd6B/1006-unkn-bmp.jpg","2023-11-16",68,4661,1,"7-6846611","11/16/2023"
"5196","Russia","Soviet Union","131 Unknown BMP-1/2","destroyed","https://i.postimg.cc/pVcDmtTx/1011-unkn-bmp12-destr-09-01-23.jpg","2023-11-16",68,4662,1,"7-6846621","11/16/2023"
"5197","Russia","Soviet Union","131 Unknown BMP-1/2","destroyed","https://i.postimg.cc/5NhttZ5J/1002-unkn-BMP.jpg","2023-11-16",68,4663,1,"7-6846631","11/16/2023"
"5198","Russia","Soviet Union","131 Unknown BMP-1/2","destroyed","https://i.postimg.cc/rFRQGvNh/1038-unkn-bmp-destr-08-05-23.jpg","2023-11-16",68,4664,1,"7-6846641","11/16/2023"
"5199","Russia","Soviet Union","131 Unknown BMP-1/2","destroyed","https://twitter.com/UAWeapons/status/1573410715679035392","2023-11-16",68,4665,1,"7-6846651","11/16/2023"
"5200","Russia","Soviet Union","131 Unknown BMP-1/2","destroyed","https://twitter.com/UAWeapons/status/1567266270290087949","2023-11-16",68,4666,1,"7-6846661","11/16/2023"
"5201","Russia","Soviet Union","131 Unknown BMP-1/2","destroyed","https://i.postimg.cc/TPggtV44/1041-bmp.jpg","2023-11-16",68,4667,1,"7-6846671","11/16/2023"
"5202","Russia","Soviet Union","131 Unknown BMP-1/2","destroyed","https://i.postimg.cc/nznjT67X/1042-bmp.jpg","2023-11-16",68,4668,1,"7-6846681","11/16/2023"
"5203","Russia","Soviet Union","131 Unknown BMP-1/2","destroyed","https://twitter.com/UAWeapons/status/1569411914693738498","2023-11-16",68,2105,1,"7-6821051","11/16/2023"
"5204","Russia","Soviet Union","131 Unknown BMP-1/2","destroyed","https://twitter.com/UAWeapons/status/1569726417771839496","2023-11-16",68,4669,1,"7-6846691","11/16/2023"
"5205","Russia","Soviet Union","131 Unknown BMP-1/2","destroyed","https://twitter.com/naalsio26/status/1576664189074305025","2023-11-16",68,2413,1,"7-6824131","11/16/2023"
"5206","Russia","Soviet Union","131 Unknown BMP-1/2","destroyed","https://i.postimg.cc/26NjHn4s/1005-unkn-bmp-destr.jpg","2023-11-16",68,4670,1,"7-6846701","11/16/2023"
"5207","Russia","Soviet Union","131 Unknown BMP-1/2","destroyed","https://i.postimg.cc/BnQs8x8F/1014-unkn-bmp12-destr.jpg","2023-11-16",68,4671,1,"7-6846711","11/16/2023"
"5208","Russia","Soviet Union","131 Unknown BMP-1/2","destroyed","https://i.postimg.cc/mk41pzYj/389.png","2023-11-16",68,4672,1,"7-6846721","11/16/2023"
"5209","Russia","Soviet Union","131 Unknown BMP-1/2","destroyed","https://i.postimg.cc/CKMYYCS3/1011-unkn-bmp-destr.jpg","2023-11-16",68,4673,1,"7-6846731","11/16/2023"
"5210","Russia","Soviet Union","131 Unknown BMP-1/2","destroyed","https://i.postimg.cc/7hd0ctXH/1046-unkn-bmp12-destr.jpg","2023-11-16",68,4674,1,"7-6846741","11/16/2023"
"5211","Russia","Soviet Union","131 Unknown BMP-1/2","destroyed","https://twitter.com/UAWeapons/status/1581248786713968641","2023-11-16",68,4675,1,"7-6846751","11/16/2023"
"5212","Russia","Soviet Union","131 Unknown BMP-1/2","destroyed","https://i.postimg.cc/nVjDSxMx/1025-unkn-bmp-destr-05-01-23.jpg","2023-11-16",68,4676,1,"7-6846761","11/16/2023"
"5213","Russia","Soviet Union","131 Unknown BMP-1/2","destroyed","https://twitter.com/RALee85/status/1596425803776069634","2023-11-16",68,4677,1,"7-6846771","11/16/2023"
"5214","Russia","Soviet Union","131 Unknown BMP-1/2","destroyed","https://twitter.com/UAWeapons/status/1583925276991696896","2023-11-16",68,4678,1,"7-6846781","11/16/2023"
"5215","Russia","Soviet Union","131 Unknown BMP-1/2","destroyed","https://i.postimg.cc/rw3c0W3m/1006-unkn-bmp-destr.jpg","2023-11-16",68,4679,1,"7-6846791","11/16/2023"
"5216","Russia","Soviet Union","131 Unknown BMP-1/2","destroyed","https://i.postimg.cc/xCswk2BZ/image.jpg","2023-11-16",68,4680,1,"7-6846801","11/16/2023"
"5217","Russia","Soviet Union","131 Unknown BMP-1/2","destroyed","https://i.postimg.cc/DfXhc6HZ/1016-unkn-bmp-destr-27-05-23.jpg","2023-11-16",68,4681,1,"7-6846811","11/16/2023"
"5218","Russia","Soviet Union","131 Unknown BMP-1/2","destroyed","https://i.postimg.cc/qR26xY9X/1015-unkn-bmp-destr-20-07-23.jpg","2023-11-16",68,4682,1,"7-6846821","11/16/2023"
"5219","Russia","Soviet Union","131 Unknown BMP-1/2","destroyed","https://twitter.com/UAWeapons/status/1587877743336849410","2023-11-16",68,4683,1,"7-6846831","11/16/2023"
"5220","Russia","Soviet Union","131 Unknown BMP-1/2","destroyed","https://twitter.com/UAWeapons/status/1589312549253971968","2023-11-16",68,4684,1,"7-6846841","11/16/2023"
"5221","Russia","Soviet Union","131 Unknown BMP-1/2","destroyed","https://i.postimg.cc/C1BCmsyJ/1004-unkn-bmp-destr-13-11.jpg","2023-11-16",68,4685,1,"7-6846851","11/16/2023"
"5222","Russia","Soviet Union","131 Unknown BMP-1/2","destroyed","https://i.postimg.cc/Sxx79RTr/1003-2x-unkn-tank-2x-unkn-bmp1-2-destr.jpg","2023-11-16",68,2135,1,"7-6821351","11/16/2023"
"5223","Russia","Soviet Union","131 Unknown BMP-1/2","destroyed","https://i.postimg.cc/Dw4Q6HhJ/1004-unkn-bmp1-2-destr.jpg","2023-11-16",68,4686,1,"7-6846861","11/16/2023"
"5224","Russia","Soviet Union","131 Unknown BMP-1/2","destroyed","https://i.postimg.cc/J0qYLJ0x/1000-1x-unkn-bmp12-destr-3x-ural-tanker-destr.jpg","2023-11-16",68,4687,1,"7-6846871","11/16/2023"
"5225","Russia","Soviet Union","131 Unknown BMP-1/2","destroyed","https://twitter.com/UAWeapons/status/1604433218870345729","2023-11-16",68,4688,1,"7-6846881","11/16/2023"
"5226","Russia","Soviet Union","131 Unknown BMP-1/2","destroyed","https://twitter.com/UAWeapons/status/1606658647131820032","2023-11-16",68,4689,1,"7-6846891","11/16/2023"
"5227","Russia","Soviet Union","131 Unknown BMP-1/2","destroyed","https://twitter.com/UAWeapons/status/1607727356835254272","2023-11-16",68,3294,1,"7-6832941","11/16/2023"
"5228","Russia","Soviet Union","131 Unknown BMP-1/2","destroyed","https://twitter.com/GloOouD/status/1615255676070027264","2023-11-16",68,2228,1,"7-6822281","11/16/2023"
"5229","Russia","Soviet Union","131 Unknown BMP-1/2","destroyed","https://i.postimg.cc/vBkmSZtY/1011-unkn-bmp12-destr-16-01-23.jpg","2023-11-16",68,4690,1,"7-6846901","11/16/2023"
"5230","Russia","Soviet Union","131 Unknown BMP-1/2","destroyed","https://i.postimg.cc/bJDybjcK/1007-unkn-bmp12-destr-17-01-23.jpg","2023-11-16",68,4691,1,"7-6846911","11/16/2023"
"5231","Russia","Soviet Union","131 Unknown BMP-1/2","destroyed","https://i.postimg.cc/k5hMBgZQ/1006-unkn-bmp12-destr-08-01-23.jpg","2023-11-16",68,4692,1,"7-6846921","11/16/2023"
"5232","Russia","Soviet Union","131 Unknown BMP-1/2","destroyed","https://twitter.com/UAWeapons/status/1621470601742368768","2023-11-16",68,4693,1,"7-6846931","11/16/2023"
"5233","Russia","Soviet Union","131 Unknown BMP-1/2","destroyed","https://i.postimg.cc/8kK0mdQC/1001-unkn-bmp-destr-19-06-23.jpg","2023-11-16",68,4694,1,"7-6846941","11/16/2023"
"5234","Russia","Soviet Union","131 Unknown BMP-1/2","destroyed","https://i.postimg.cc/jSvcwz8G/1009-unkn-bmp-destr-06-02-23.jpg","2023-11-16",68,4695,1,"7-6846951","11/16/2023"
"5235","Russia","Soviet Union","131 Unknown BMP-1/2","destroyed","https://i.postimg.cc/vH4C04yt/1007-unkn-bmp-destr-14-02-23.jpg","2023-11-16",68,4696,1,"7-6846961","11/16/2023"
"5236","Russia","Soviet Union","131 Unknown BMP-1/2","destroyed","https://i.postimg.cc/pXbddpWx/1012-unkn-bmp12-destr-10-02-23.jpg","2023-11-16",68,4697,1,"7-6846971","11/16/2023"
"5237","Russia","Soviet Union","131 Unknown BMP-1/2","destroyed","https://i.postimg.cc/pLnnm9k0/1042-unkn-bmp-destr-20-02-23.jpg","2023-11-16",68,4698,1,"7-6846981","11/16/2023"
"5238","Russia","Soviet Union","131 Unknown BMP-1/2","destroyed","https://i.postimg.cc/FRX4zScG/1036-2x-unkn-BMP-12-destr-15-03-23.png","2023-11-16",68,4699,1,"7-6846991","11/16/2023"
"5239","Russia","Soviet Union","131 Unknown BMP-1/2","destroyed","https://i.postimg.cc/yNxKqtm1/t1p.png","2023-11-16",68,4700,1,"7-6847001","11/16/2023"
"5240","Russia","Soviet Union","131 Unknown BMP-1/2","destroyed","https://i.postimg.cc/jdtG0BTp/t2p.png","2023-11-16",68,4701,1,"7-6847011","11/16/2023"
"5241","Russia","Soviet Union","131 Unknown BMP-1/2","destroyed","https://i.postimg.cc/SQw1vFt7/4f2.png","2023-11-16",68,4702,1,"7-6847021","11/16/2023"
"5242","Russia","Soviet Union","131 Unknown BMP-1/2","destroyed","https://i.postimg.cc/Y0wgQ3bg/3d1.png","2023-11-16",68,4703,1,"7-6847031","11/16/2023"
"5243","Russia","Soviet Union","131 Unknown BMP-1/2","destroyed","https://i.postimg.cc/nc3JbX1h/a1.png","2023-11-16",68,4704,1,"7-6847041","11/16/2023"
"5244","Russia","Soviet Union","131 Unknown BMP-1/2","destroyed","https://i.postimg.cc/qMMpsWpT/h7.png","2023-11-16",68,4705,1,"7-6847051","11/16/2023"
"5245","Russia","Soviet Union","131 Unknown BMP-1/2","destroyed","https://twitter.com/AlexRaptor94/status/1649040358897070080","2023-11-16",68,4706,1,"7-6847061","11/16/2023"
"5246","Russia","Soviet Union","131 Unknown BMP-1/2","destroyed","https://i.postimg.cc/vTb4FSSj/1000-unkn-bmp-mt12-ural4320-destr-27-04-23.jpg","2023-11-16",68,4707,1,"7-6847071","11/16/2023"
"5247","Russia","Soviet Union","131 Unknown BMP-1/2","destroyed","https://i.postimg.cc/FsDwyHDq/1027-unkn-bmp-destr-19-07-23.jpg","2023-11-16",68,4708,1,"7-6847081","11/16/2023"
"5248","Russia","Soviet Union","131 Unknown BMP-1/2","destroyed","https://i.postimg.cc/bYH2G70q/1027-unkn-bmp-destr-18-07-23.jpg","2023-11-16",68,4709,1,"7-6847091","11/16/2023"
"5249","Russia","Soviet Union","131 Unknown BMP-1/2","destroyed","https://i.postimg.cc/k5Pv7xPw/1025-unkn-bmp-destr-28-07-23.jpg","2023-11-16",68,4710,1,"7-6847101","11/16/2023"
"5250","Russia","Soviet Union","131 Unknown BMP-1/2","destroyed","https://i.postimg.cc/8cxZsFW1/1025-unkn-bmp-destr-04-08-23.jpg","2023-11-16",68,4711,1,"7-6847111","11/16/2023"
"5251","Russia","Soviet Union","131 Unknown BMP-1/2","destroyed","https://i.postimg.cc/c1RSYb7Q/1005-16-10-23.jpg","2023-11-16",68,1921,1,"7-6819211","11/16/2023"
"5252","Russia","Soviet Union","131 Unknown BMP-1/2","destroyed","https://i.postimg.cc/MTzGK3fW/58.png","2023-11-16",68,4712,1,"7-6847121","11/16/2023"
"5253","Russia","Soviet Union","131 Unknown BMP-1/2","destroyed","https://i.postimg.cc/mDq6Skfh/313.png","2023-11-16",68,4713,1,"7-6847131","11/16/2023"
"5254","Russia","Soviet Union","131 Unknown BMP-1/2","destroyed","https://i.postimg.cc/Y95VN0Y8/3288.png","2023-11-16",68,4714,1,"7-6847141","11/16/2023"
"5255","Russia","Soviet Union","131 Unknown BMP-1/2","destroyed","https://i.postimg.cc/8CPg5d7h/439.png","2023-11-16",68,4715,1,"7-6847151","11/16/2023"
"5256","Russia","Soviet Union","131 Unknown BMP-1/2","destroyed","https://postimg.cc/K1cq85Q4","2023-11-16",68,4716,1,"7-6847161","11/16/2023"
"5257","Russia","Soviet Union","131 Unknown BMP-1/2","destroyed","https://postimg.cc/svJzLwv2","2023-11-16",68,4717,1,"7-6847171","11/16/2023"
"5258","Russia","Soviet Union","131 Unknown BMP-1/2","destroyed","https://i.postimg.cc/D0zfLVx8/1022-3x-unkn-bmp-destr-30-10-23.jpg","2023-11-16",68,4718,1,"7-6847181","11/16/2023"
"5259","Russia","Soviet Union","131 Unknown BMP-1/2","damaged","https://twitter.com/UAWeapons/status/1517278456790269952","2023-11-16",68,4719,2,"7-6847192","11/16/2023"
"5260","Russia","Soviet Union","131 Unknown BMP-1/2","damaged","https://twitter.com/UAWeapons/status/1539006612525965314","2023-11-16",68,4720,2,"7-6847202","11/16/2023"
"5261","Russia","Soviet Union","131 Unknown BMP-1/2","damaged","https://twitter.com/UAWeapons/status/1539706697765322754","2023-11-16",68,4721,2,"7-6847212","11/16/2023"
"5262","Russia","Soviet Union","131 Unknown BMP-1/2","damaged","https://i.postimg.cc/vmWTdr9s/8j.png","2023-11-16",68,4722,2,"7-6847222","11/16/2023"
"5263","Russia","Soviet Union","131 Unknown BMP-1/2","abandoned","https://i.postimg.cc/vmWTdr9s/8j.png","2023-11-16",68,4722,4,"7-6847224","11/16/2023"
"5264","Russia","Soviet Union","131 Unknown BMP-1/2","damaged","https://i.postimg.cc/nz2SWCgX/31d.png","2023-11-16",68,4723,2,"7-6847232","11/16/2023"
"5265","Russia","Soviet Union","131 Unknown BMP-1/2","abandoned","https://i.postimg.cc/nz2SWCgX/31d.png","2023-11-16",68,4723,4,"7-6847234","11/16/2023"
"5266","Russia","Soviet Union","131 Unknown BMP-1/2","abandoned","https://i.postimg.cc/3RQMCm3n/a2.png","2023-11-16",68,4724,4,"7-6847244","11/16/2023"
"5267","Russia","Soviet Union","131 Unknown BMP-1/2","damaged","https://i.postimg.cc/jdKxj2FJ/1019-2x-T64bv-destr-18-07-23.jpg","2023-11-16",68,4725,2,"7-6847252","11/16/2023"
"5268","Russia","Soviet Union","131 Unknown BMP-1/2","abandoned","https://i.postimg.cc/jdKxj2FJ/1019-2x-T64bv-destr-18-07-23.jpg","2023-11-16",68,4725,4,"7-6847254","11/16/2023"
"5269","Russia","Soviet Union","131 Unknown BMP-1/2","abandoned","https://i.postimg.cc/d1SSvC9q/1033-unkn-bmp1-2-aband-31-10-23.jpg","2023-11-16",68,4726,4,"7-6847264","11/16/2023"
"5270","Russia","Russia","BMP-3","destroyed","https://i.postimg.cc/ZRpWnkwZ/n89.png","2023-11-16",69,4727,1,"7-6947271","11/16/2023"
"5271","Russia","Russia","BMP-3","destroyed","https://i.postimg.cc/yxCSy6Dk/f6.png","2023-11-16",69,4728,1,"7-6947281","11/16/2023"
"5272","Russia","Russia","BMP-3","destroyed","https://i.postimg.cc/Bv2RqWVx/j7.png","2023-11-16",69,4729,1,"7-6947291","11/16/2023"
"5273","Russia","Russia","BMP-3","destroyed","https://i.postimg.cc/zD9kdGPS/d2.png","2023-11-16",69,4730,1,"7-6947301","11/16/2023"
"5274","Russia","Russia","BMP-3","destroyed","https://postimg.cc/5Xczy0Gd","2023-11-16",69,4731,1,"7-6947311","11/16/2023"
"5275","Russia","Russia","BMP-3","destroyed","https://i.postimg.cc/nrTwmbpw/d56.png","2023-11-16",69,4732,1,"7-6947321","11/16/2023"
"5276","Russia","Russia","BMP-3","destroyed","https://i.postimg.cc/qvrzRPzd/d331.png","2023-11-16",69,4733,1,"7-6947331","11/16/2023"
"5277","Russia","Russia","BMP-3","destroyed","https://i.postimg.cc/3RdFyFMH/r1.jpg","2023-11-16",69,4734,1,"7-6947341","11/16/2023"
"5278","Russia","Russia","BMP-3","destroyed","https://i.postimg.cc/MHB05ZKP/r2.jpg","2023-11-16",69,4735,1,"7-6947351","11/16/2023"
"5279","Russia","Russia","BMP-3","destroyed","https://i.postimg.cc/Cx9Ydf9d/5247.png","2023-11-16",69,4736,1,"7-6947361","11/16/2023"
"5280","Russia","Russia","BMP-3","destroyed","https://i.postimg.cc/2jtWWXx0/41.png","2023-11-16",69,4737,1,"7-6947371","11/16/2023"
"5281","Russia","Russia","BMP-3","destroyed","https://i.postimg.cc/GhHBmcX3/9o.jpg","2023-11-16",69,4738,1,"7-6947381","11/16/2023"
"5282","Russia","Russia","BMP-3","destroyed","https://i.postimg.cc/5t9tSpNV/1000-bmp3.jpg","2023-11-16",69,4739,1,"7-6947391","11/16/2023"
"5283","Russia","Russia","BMP-3","destroyed","https://i.postimg.cc/05JBw71t/90.png","2023-11-16",69,4740,1,"7-6947401","11/16/2023"
"5284","Russia","Russia","BMP-3","destroyed","https://i.postimg.cc/KY0xRb43/3h.png","2023-11-16",69,4741,1,"7-6947411","11/16/2023"
"5285","Russia","Russia","BMP-3","destroyed","https://i.postimg.cc/L8MHWvr5/76j.png","2023-11-16",69,4742,1,"7-6947421","11/16/2023"
"5286","Russia","Russia","BMP-3","destroyed","https://i.postimg.cc/DwyLdy4T/g5g.jpg","2023-11-16",69,4743,1,"7-6947431","11/16/2023"
"5287","Russia","Russia","BMP-3","destroyed","https://i.postimg.cc/3JkmRZMR/b2.png","2023-11-16",69,4744,1,"7-6947441","11/16/2023"
"5288","Russia","Russia","BMP-3","destroyed","https://i.postimg.cc/52vz5N2W/b3.png","2023-11-16",69,4745,1,"7-6947451","11/16/2023"
"5289","Russia","Russia","BMP-3","destroyed","https://i.postimg.cc/Y2zMFcHD/b4.png","2023-11-16",69,4746,1,"7-6947461","11/16/2023"
"5290","Russia","Russia","BMP-3","destroyed","https://i.postimg.cc/Nj5cZ5rZ/b5.png","2023-11-16",69,4747,1,"7-6947471","11/16/2023"
"5291","Russia","Russia","BMP-3","destroyed","https://i.postimg.cc/PqhsKgsJ/1003-bmp3.jpg","2023-11-16",69,4748,1,"7-6947481","11/16/2023"
"5292","Russia","Russia","BMP-3","destroyed","https://i.postimg.cc/y8DnDGDJ/44.jpg","2023-11-16",69,4749,1,"7-6947491","11/16/2023"
"5293","Russia","Russia","BMP-3","destroyed","https://i.postimg.cc/59CsXt9V/360.png","2023-11-16",69,4750,1,"7-6947501","11/16/2023"
"5294","Russia","Russia","BMP-3","destroyed","https://i.postimg.cc/wB2hgbSG/5541.jpg","2023-11-16",69,4751,1,"7-6947511","11/16/2023"
"5295","Russia","Russia","BMP-3","destroyed","https://i.postimg.cc/RFKhFFHS/5g.jpg","2023-11-16",69,4752,1,"7-6947521","11/16/2023"
"5296","Russia","Russia","BMP-3","destroyed","https://i.postimg.cc/FsDBqVBv/h8.jpg","2023-11-16",69,4753,1,"7-6947531","11/16/2023"
"5297","Russia","Russia","BMP-3","destroyed","https://twitter.com/UAWeapons/status/1558035724582244353","2023-11-16",69,4754,1,"7-6947541","11/16/2023"
"5298","Russia","Russia","BMP-3","destroyed","https://i.postimg.cc/Nf0wvd3v/f55.png","2023-11-16",69,4755,1,"7-6947551","11/16/2023"
"5299","Russia","Russia","BMP-3","destroyed","https://i.postimg.cc/449C2rVY/43g.png","2023-11-16",69,4756,1,"7-6947561","11/16/2023"
"5300","Russia","Russia","BMP-3","destroyed","https://i.postimg.cc/Njc46pns/1003-bmp3.jpg","2023-11-16",69,4757,1,"7-6947571","11/16/2023"
"5301","Russia","Russia","BMP-3","destroyed","https://i.postimg.cc/xTN6N6Q3/338.png","2023-11-16",69,4758,1,"7-6947581","11/16/2023"
"5302","Russia","Russia","BMP-3","destroyed","https://i.postimg.cc/L5xJGznM/13.jpg","2023-11-16",69,4759,1,"7-6947591","11/16/2023"
"5303","Russia","Russia","BMP-3","destroyed","https://i.postimg.cc/nLS1swVn/332.jpg","2023-11-16",69,4760,1,"7-6947601","11/16/2023"
"5304","Russia","Russia","BMP-3","destroyed","https://i.postimg.cc/3NFfWRm0/4431.jpg","2023-11-16",69,4761,1,"7-6947611","11/16/2023"
"5305","Russia","Russia","BMP-3","destroyed","https://postimg.cc/pyns9btm","2023-11-16",69,4762,1,"7-6947621","11/16/2023"
"5306","Russia","Russia","BMP-3","destroyed","https://i.postimg.cc/NjKXKp8m/7766.jpg","2023-11-16",69,4763,1,"7-6947631","11/16/2023"
"5307","Russia","Russia","BMP-3","destroyed","https://i.postimg.cc/B6BWv2CR/bb1.jpg","2023-11-16",69,4764,1,"7-6947641","11/16/2023"
"5308","Russia","Russia","BMP-3","destroyed","https://i.postimg.cc/90m6wz80/bb2.jpg","2023-11-16",69,4765,1,"7-6947651","11/16/2023"
"5309","Russia","Russia","BMP-3","destroyed","https://i.postimg.cc/jq1hFxRW/4470.jpg","2023-11-16",69,4766,1,"7-6947661","11/16/2023"
"5310","Russia","Russia","BMP-3","destroyed","https://i.postimg.cc/brJMxp1x/d23.jpg","2023-11-16",69,4767,1,"7-6947671","11/16/2023"
"5311","Russia","Russia","BMP-3","destroyed","https://i.postimg.cc/kXHmmmCL/55y.png","2023-11-16",69,4768,1,"7-6947681","11/16/2023"
"5312","Russia","Russia","BMP-3","destroyed","https://i.postimg.cc/903fgpLT/776.png","2023-11-16",69,4769,1,"7-6947691","11/16/2023"
"5313","Russia","Russia","BMP-3","destroyed","https://i.postimg.cc/dV27CywK/4380.jpg","2023-11-16",69,4770,1,"7-6947701","11/16/2023"
"5314","Russia","Russia","BMP-3","destroyed","https://twitter.com/UAWeapons/status/1521874306619351043","2023-11-16",69,4771,1,"7-6947711","11/16/2023"
"5315","Russia","Russia","BMP-3","destroyed","https://i.postimg.cc/rsb5qyk8/f21.jpg","2023-11-16",69,4772,1,"7-6947721","11/16/2023"
"5316","Russia","Russia","BMP-3","destroyed","https://i.postimg.cc/76KgQMtJ/f222.jpg","2023-11-16",69,4773,1,"7-6947731","11/16/2023"
"5317","Russia","Russia","BMP-3","destroyed","https://twitter.com/UAWeapons/status/1554759375650258944","2023-11-16",69,4774,1,"7-6947741","11/16/2023"
"5318","Russia","Russia","BMP-3","destroyed","https://i.postimg.cc/fbx1P241/1032-bmp3-destr-08-03-23.jpg","2023-11-16",69,4775,1,"7-6947751","11/16/2023"
"5319","Russia","Russia","BMP-3","destroyed","https://i.postimg.cc/V6Zgjc32/4g.png","2023-11-16",69,4776,1,"7-6947761","11/16/2023"
"5320","Russia","Russia","BMP-3","destroyed","https://i.postimg.cc/MHRbC9wS/f2.jpg","2023-11-16",69,4777,1,"7-6947771","11/16/2023"
"5321","Russia","Russia","BMP-3","destroyed","https://twitter.com/UAWeapons/status/1528069300128518144","2023-11-16",69,4778,1,"7-6947781","11/16/2023"
"5322","Russia","Russia","BMP-3","destroyed","https://i.postimg.cc/sfLCwRMr/77663.jpg","2023-11-16",69,4779,1,"7-6947791","11/16/2023"
"5323","Russia","Russia","BMP-3","destroyed","https://i.postimg.cc/sXB5MN91/1005-bmp3.jpg","2023-11-16",69,4780,1,"7-6947801","11/16/2023"
"5324","Russia","Russia","BMP-3","destroyed","https://i.postimg.cc/Mp8LWqHb/1002.jpg","2023-11-16",69,4781,1,"7-6947811","11/16/2023"
"5325","Russia","Russia","BMP-3","destroyed","https://twitter.com/UAWeapons/status/1548308892307714048","2023-11-16",69,4782,1,"7-6947821","11/16/2023"
"5326","Russia","Russia","BMP-3","destroyed","https://twitter.com/UAWeapons/status/1531274223427125248","2023-11-16",69,4783,1,"7-6947831","11/16/2023"
"5327","Russia","Russia","BMP-3","destroyed","https://twitter.com/UAWeapons/status/1534499407235784705","2023-11-16",69,4784,1,"7-6947841","11/16/2023"
"5328","Russia","Russia","BMP-3","destroyed","https://twitter.com/UAWeapons/status/1536669461293457408","2023-11-16",69,4785,1,"7-6947851","11/16/2023"
"5329","Russia","Russia","BMP-3","destroyed","https://twitter.com/UAWeapons/status/1536817946131054593","2023-11-16",69,4786,1,"7-6947861","11/16/2023"
"5330","Russia","Russia","BMP-3","destroyed","https://i.postimg.cc/DzwfTPmr/65.png","2023-11-16",69,4787,1,"7-6947871","11/16/2023"
"5331","Russia","Russia","BMP-3","destroyed","https://twitter.com/RALee85/status/1538799556514693120","2023-11-16",69,4788,1,"7-6947881","11/16/2023"
"5332","Russia","Russia","BMP-3","destroyed","https://twitter.com/UAWeapons/status/1554152284380188677","2023-11-16",69,4789,1,"7-6947891","11/16/2023"
"5333","Russia","Russia","BMP-3","destroyed","https://i.postimg.cc/qv8dG2wX/1033.jpg","2023-11-16",69,4790,1,"7-6947901","11/16/2023"
"5334","Russia","Russia","BMP-3","destroyed","https://i.postimg.cc/gcQJvb8T/1004-bmp3.jpg","2023-11-16",69,4791,1,"7-6947911","11/16/2023"
"5335","Russia","Russia","BMP-3","destroyed","https://i.postimg.cc/VkL1hDMR/1061-bmp3.jpg","2023-11-16",69,4792,1,"7-6947921","11/16/2023"
"5336","Russia","Russia","BMP-3","destroyed","https://twitter.com/UAWeapons/status/1553443903797329920","2023-11-16",69,4793,1,"7-6947931","11/16/2023"
"5337","Russia","Russia","BMP-3","destroyed","https://twitter.com/UAWeapons/status/1563514551764938753","2023-11-16",69,4794,1,"7-6947941","11/16/2023"
"5338","Russia","Russia","BMP-3","destroyed","https://i.postimg.cc/sXHMm3ty/1004-bmp3.jpg","2023-11-16",69,4795,1,"7-6947951","11/16/2023"
"5339","Russia","Russia","BMP-3","destroyed","https://twitter.com/UAWeapons/status/1565060190269063170","2023-11-16",69,4796,1,"7-6947961","11/16/2023"
"5340","Russia","Russia","BMP-3","destroyed","https://i.postimg.cc/4dSR7vsG/1014-bmp3.jpg","2023-11-16",69,4797,1,"7-6947971","11/16/2023"
"5341","Russia","Russia","BMP-3","destroyed","https://i.postimg.cc/gJz86DFp/2022-09-11-BMP-3-Bairak.jpg","2023-11-16",69,4798,1,"7-6947981","11/16/2023"
"5342","Russia","Russia","BMP-3","destroyed","https://i.postimg.cc/brpWHdcP/1024-bmp3.jpg","2023-11-16",69,4799,1,"7-6947991","11/16/2023"
"5343","Russia","Russia","BMP-3","destroyed","https://twitter.com/UAWeapons/status/1572642431853821953","2023-11-16",69,4800,1,"7-6948001","11/16/2023"
"5344","Russia","Russia","BMP-3","destroyed","https://twitter.com/UAWeapons/status/1574134957039095810","2023-11-16",69,4801,1,"7-6948011","11/16/2023"
"5345","Russia","Russia","BMP-3","destroyed","https://twitter.com/UAWeapons/status/1575477537861292035","2023-11-16",69,4802,1,"7-6948021","11/16/2023"
"5346","Russia","Russia","BMP-3","destroyed","https://i.postimg.cc/9MNn6ZQY/1005-bmp3-destr.jpg","2023-11-16",69,4803,1,"7-6948031","11/16/2023"
"5347","Russia","Russia","BMP-3","destroyed","https://i.postimg.cc/ncTf5hsW/1017-bmp3-destr.jpg","2023-11-16",69,4804,1,"7-6948041","11/16/2023"
"5348","Russia","Russia","BMP-3","destroyed","https://twitter.com/UAWeapons/status/1576480412020264960","2023-11-16",69,4805,1,"7-6948051","11/16/2023"
"5349","Russia","Russia","BMP-3","destroyed","https://i.postimg.cc/cLFJ0BBh/1004-bmp3-destr.jpg","2023-11-16",69,4806,1,"7-6948061","11/16/2023"
"5350","Russia","Russia","BMP-3","destroyed","https://i.postimg.cc/j5G63g62/1006-bmp3-destr.jpg","2023-11-16",69,4807,1,"7-6948071","11/16/2023"
"5351","Russia","Russia","BMP-3","destroyed","https://i.postimg.cc/P5tmVHRQ/1006-bmp3-destr-06-01-23.jpg","2023-11-16",69,4808,1,"7-6948081","11/16/2023"
"5352","Russia","Russia","BMP-3","destroyed","https://twitter.com/UAWeapons/status/1580479537879846912","2023-11-16",69,4809,1,"7-6948091","11/16/2023"
"5353","Russia","Russia","BMP-3","destroyed","https://twitter.com/Blue_Sauron/status/1580776692318056449","2023-11-16",69,4810,1,"7-6948101","11/16/2023"
"5354","Russia","Russia","BMP-3","destroyed","https://i.postimg.cc/d1W8RVyT/1025-bmp3-destr.jpg","2023-11-16",69,4811,1,"7-6948111","11/16/2023"
"5355","Russia","Russia","BMP-3","destroyed","https://i.postimg.cc/s2tZWwXC/2022-03-30-bmp-3-1.jpg","2023-11-16",69,4812,1,"7-6948121","11/16/2023"
"5356","Russia","Russia","BMP-3","destroyed","https://i.postimg.cc/ht6BhG9Z/2022-04-21-bmp-3-1.jpg","2023-11-16",69,4813,1,"7-6948131","11/16/2023"
"5357","Russia","Russia","BMP-3","destroyed","https://i.postimg.cc/25WfWfGk/2022-04-21-bmp-3-2.jpg","2023-11-16",69,4814,1,"7-6948141","11/16/2023"
"5358","Russia","Russia","BMP-3","destroyed","https://i.postimg.cc/0yXSk81Q/2022-04-28-bmp-3-1.jpg","2023-11-16",69,4815,1,"7-6948151","11/16/2023"
"5359","Russia","Russia","BMP-3","destroyed","https://i.postimg.cc/25qZ3PCx/2022-04-28-bmp-3-2.jpg","2023-11-16",69,4816,1,"7-6948161","11/16/2023"
"5360","Russia","Russia","BMP-3","destroyed","https://i.postimg.cc/k4yNPZCv/2022-04-30-bmp-3-1.jpg","2023-11-16",69,4817,1,"7-6948171","11/16/2023"
"5361","Russia","Russia","BMP-3","destroyed","https://i.postimg.cc/3Rhj6hsw/2022-04-30-bmp-3-2.jpg","2023-11-16",69,4818,1,"7-6948181","11/16/2023"
"5362","Russia","Russia","BMP-3","destroyed","https://i.postimg.cc/pVqQ0gq2/2022-05-20-bmp-3.jpg","2023-11-16",69,4819,1,"7-6948191","11/16/2023"
"5363","Russia","Russia","BMP-3","destroyed","https://i.postimg.cc/D0LTzqC6/2022-05-22-bmp-3.jpg","2023-11-16",69,4820,1,"7-6948201","11/16/2023"
"5364","Russia","Russia","BMP-3","destroyed","https://i.postimg.cc/fbPL8Jmk/2022-06-26-bmp-3.jpg","2023-11-16",69,4821,1,"7-6948211","11/16/2023"
"5365","Russia","Russia","BMP-3","destroyed","https://i.postimg.cc/V6fPKc5q/2022-08-18-bmp-3-2.jpg","2023-11-16",69,4822,1,"7-6948221","11/16/2023"
"5366","Russia","Russia","BMP-3","destroyed","https://i.postimg.cc/XvTtmrL0/2022-09-11-bmp-3-1.jpg","2023-11-16",69,4823,1,"7-6948231","11/16/2023"
"5367","Russia","Russia","BMP-3","destroyed","https://i.postimg.cc/GmgWP7st/2022-09-11-bmp-3-x2.jpg","2023-11-16",69,4824,1,"7-6948241","11/16/2023"
"5368","Russia","Russia","BMP-3","destroyed","https://i.postimg.cc/NF83GTjR/1006-bmp3-destr.jpg","2023-11-16",69,4825,1,"7-6948251","11/16/2023"
"5369","Russia","Russia","BMP-3","destroyed","https://i.postimg.cc/6qMx9GCB/1003-bmp3-destr.jpg","2023-11-16",69,4826,1,"7-6948261","11/16/2023"
"5370","Russia","Russia","BMP-3","destroyed","https://i.postimg.cc/FKSvjzXx/1004-bmp3-destr.jpg","2023-11-16",69,4827,1,"7-6948271","11/16/2023"
"5371","Russia","Russia","BMP-3","destroyed","https://i.postimg.cc/QMZmcdZQ/1010-bmp3-destr.jpg","2023-11-16",69,4828,1,"7-6948281","11/16/2023"
"5372","Russia","Russia","BMP-3","destroyed","https://i.postimg.cc/Pr71rwRT/u8.jpg","2023-11-16",69,4829,1,"7-6948291","11/16/2023"
"5373","Russia","Russia","BMP-3","destroyed","https://i.postimg.cc/pXH3rwzp/1017-bmp3-destr-01-07-23.jpg","2023-11-16",69,4830,1,"7-6948301","11/16/2023"
"5374","Russia","Russia","BMP-3","destroyed","https://i.postimg.cc/Qtn53rJG/1009-bmp3-destr-03-07-23.jpg","2023-11-16",69,4831,1,"7-6948311","11/16/2023"
"5375","Russia","Russia","BMP-3","destroyed","https://i.postimg.cc/PxpRysP6/1013-bmp3-destr.jpg","2023-11-16",69,4832,1,"7-6948321","11/16/2023"
"5376","Russia","Russia","BMP-3","destroyed","https://i.postimg.cc/hG7YbRJ2/1018-bmp3-destr.jpg","2023-11-16",69,4833,1,"7-6948331","11/16/2023"
"5377","Russia","Russia","BMP-3","destroyed","https://twitter.com/666_mancer/status/1621443801314123776","2023-11-16",69,4834,1,"7-6948341","11/16/2023"
"5378","Russia","Russia","BMP-3","destroyed","https://i.postimg.cc/L806F79r/1003-bmp3-destr.jpg","2023-11-16",69,4835,1,"7-6948351","11/16/2023"
"5379","Russia","Russia","BMP-3","destroyed","https://i.postimg.cc/hPstpvH4/1012-bmp3-destr.png","2023-11-16",69,4836,1,"7-6948361","11/16/2023"
"5380","Russia","Russia","BMP-3","destroyed","https://twitter.com/UAWeapons/status/1592819436414963712","2023-11-16",69,4837,1,"7-6948371","11/16/2023"
"5381","Russia","Russia","BMP-3","destroyed","https://twitter.com/UAWeapons/status/1594415847312850947","2023-11-16",69,4838,1,"7-6948381","11/16/2023"
"5382","Russia","Russia","BMP-3","destroyed","https://i.postimg.cc/sgn7C2tY/1014-bmp3-destr.jpg","2023-11-16",69,4839,1,"7-6948391","11/16/2023"
"5383","Russia","Russia","BMP-3","destroyed","https://i.postimg.cc/85zvj6zs/1014-1x-bmp3-1x-unkn-tank-destr.jpg","2023-11-16",69,4840,1,"7-6948401","11/16/2023"
"5384","Russia","Russia","BMP-3","destroyed","https://i.postimg.cc/Gt44Dtx5/g6.png","2023-11-16",69,4841,1,"7-6948411","11/16/2023"
"5385","Russia","Russia","BMP-3","destroyed","https://i.postimg.cc/zfQfyzKM/1003-bmp3-destr.jpg","2023-11-16",69,4842,1,"7-6948421","11/16/2023"
"5386","Russia","Russia","BMP-3","destroyed","https://i.postimg.cc/cL9xzx9H/1012-bmp3-destr-23-11-22.jpg","2023-11-16",69,4843,1,"7-6948431","11/16/2023"
"5387","Russia","Russia","BMP-3","destroyed","https://i.postimg.cc/Kvb8ks3Z/1013-bmp3-destr-23-11-22.jpg","2023-11-16",69,4844,1,"7-6948441","11/16/2023"
"5388","Russia","Russia","BMP-3","destroyed","https://i.postimg.cc/Xvx27gCN/4387.png","2023-11-16",69,4845,1,"7-6948451","11/16/2023"
"5389","Russia","Russia","BMP-3","destroyed","https://i.postimg.cc/zvR130Lq/1022-bmp3-destr-28-12-22.jpg","2023-11-16",69,4846,1,"7-6948461","11/16/2023"
"5390","Russia","Russia","BMP-3","destroyed","https://i.postimg.cc/tghhq6Mx/1006-bmp3-destr-01-01-23.jpg","2023-11-16",69,4847,1,"7-6948471","11/16/2023"
"5391","Russia","Russia","BMP-3","destroyed","https://i.postimg.cc/Z5FxGG2G/1008-bmp3-destr-22-01-23.jpg","2023-11-16",69,4848,1,"7-6948481","11/16/2023"
"5392","Russia","Russia","BMP-3","destroyed","https://i.postimg.cc/KY0rznZQ/1020-bmp3-destr-23-01-23.jpg","2023-11-16",69,4849,1,"7-6948491","11/16/2023"
"5393","Russia","Russia","BMP-3","destroyed","https://i.postimg.cc/2ymVzySM/1007-bmp3-destr-25-01-23.jpg","2023-11-16",69,4850,1,"7-6948501","11/16/2023"
"5394","Russia","Russia","BMP-3","destroyed","https://i.postimg.cc/Jn7MBjHs/1042-bmp3-destr-29-01-23.jpg","2023-11-16",69,4851,1,"7-6948511","11/16/2023"
"5395","Russia","Russia","BMP-3","destroyed","https://twitter.com/GloOouD/status/1620024773098217472","2023-11-16",69,4852,1,"7-6948521","11/16/2023"
"5396","Russia","Russia","BMP-3","destroyed","https://i.postimg.cc/RZBYnNdd/1013-bmp3-destr-31-01-23.jpg","2023-11-16",69,4853,1,"7-6948531","11/16/2023"
"5397","Russia","Russia","BMP-3","destroyed","https://i.postimg.cc/nLyDCrty/1049-bmp3-destr-07-02-23.jpg","2023-11-16",69,4854,1,"7-6948541","11/16/2023"
"5398","Russia","Russia","BMP-3","destroyed","https://i.postimg.cc/9XDv88CC/1024-bmp3-destr-04-02-23.jpg","2023-11-16",69,4855,1,"7-6948551","11/16/2023"
"5399","Russia","Russia","BMP-3","destroyed","https://twitter.com/UAWeapons/status/1627038417740505088","2023-11-16",69,4856,1,"7-6948561","11/16/2023"
"5400","Russia","Russia","BMP-3","destroyed","https://twitter.com/UAWeapons/status/1629515791509880832","2023-11-16",69,4857,1,"7-6948571","11/16/2023"
"5401","Russia","Russia","BMP-3","destroyed","https://i.postimg.cc/qBWzXTpT/1037-bmp3-destr-03-03-23.jpg","2023-11-16",69,4858,1,"7-6948581","11/16/2023"
"5402","Russia","Russia","BMP-3","destroyed","https://i.postimg.cc/nrJJP3gj/1013-bmp3-destr-17-03-22.jpg","2023-11-16",69,4859,1,"7-6948591","11/16/2023"
"5403","Russia","Russia","BMP-3","destroyed","https://twitter.com/UAWeapons/status/1638463648648626177","2023-11-16",69,4860,1,"7-6948601","11/16/2023"
"5404","Russia","Russia","BMP-3","destroyed","https://i.postimg.cc/SN6LZjkr/411.png","2023-11-16",69,4861,1,"7-6948611","11/16/2023"
"5405","Russia","Russia","BMP-3","destroyed","https://i.postimg.cc/HW4B0NNJ/4475.png","2023-11-16",69,4862,1,"7-6948621","11/16/2023"
"5406","Russia","Russia","BMP-3","destroyed","https://i.postimg.cc/NGTN0DbQ/437h.png","2023-11-16",69,4863,1,"7-6948631","11/16/2023"
"5407","Russia","Russia","BMP-3","destroyed","https://i.postimg.cc/bvZW8Fgp/43f.png","2023-11-16",69,4864,1,"7-6948641","11/16/2023"
"5408","Russia","Russia","BMP-3","destroyed","https://i.postimg.cc/bvP70Dw3/779.png","2023-11-16",69,4865,1,"7-6948651","11/16/2023"
"5409","Russia","Russia","BMP-3","destroyed","https://i.postimg.cc/XNhtDnyD/766.png","2023-11-16",69,4866,1,"7-6948661","11/16/2023"
"5410","Russia","Russia","BMP-3","destroyed","https://twitter.com/naalsio26/status/1647017081055985675","2023-11-16",69,4867,1,"7-6948671","11/16/2023"
"5411","Russia","Russia","BMP-3","destroyed","https://twitter.com/UAWeapons/status/1647949838732984321","2023-11-16",69,4868,1,"7-6948681","11/16/2023"
"5412","Russia","Russia","BMP-3","destroyed","https://i.postimg.cc/HWFXPRqf/1021-bmp3-destr-31-08-22.jpg","2023-11-16",69,4869,1,"7-6948691","11/16/2023"
"5413","Russia","Russia","BMP-3","destroyed","https://i.postimg.cc/xCJqvT1q/1049-bmp3-destr-28-04-23.jpg","2023-11-16",69,4870,1,"7-6948701","11/16/2023"
"5414","Russia","Russia","BMP-3","destroyed","https://twitter.com/UAWeapons/status/1659300830103707649","2023-11-16",69,4871,1,"7-6948711","11/16/2023"
"5415","Russia","Russia","BMP-3","destroyed","https://i.postimg.cc/yYpnFVHp/2702-bmp3-destr-10-05-23.jpg","2023-11-16",69,4872,1,"7-6948721","11/16/2023"
"5416","Russia","Russia","BMP-3","destroyed","https://i.postimg.cc/6pNZwcn3/1034-bmp3-destr-05-07-23.jpg","2023-11-16",69,4873,1,"7-6948731","11/16/2023"
"5417","Russia","Russia","BMP-3","destroyed","https://i.postimg.cc/ZYgVKJbk/1020-bmp3-destr-06-06-23.jpg","2023-11-16",69,4874,1,"7-6948741","11/16/2023"
"5418","Russia","Russia","BMP-3","destroyed","https://i.postimg.cc/Bv8ZqHrV/1018-bmp3-destr-10-06-23.jpg","2023-11-16",69,4875,1,"7-6948751","11/16/2023"
"5419","Russia","Russia","BMP-3","destroyed","https://i.postimg.cc/kX17jYHw/1014-bmp3-destr-17-06-23.jpg","2023-11-16",69,4876,1,"7-6948761","11/16/2023"
"5420","Russia","Russia","BMP-3","destroyed","https://i.postimg.cc/qB513kyh/1040-bmp3-destr-20-06-23.jpg","2023-11-16",69,4877,1,"7-6948771","11/16/2023"
"5421","Russia","Russia","BMP-3","destroyed","https://i.postimg.cc/50kSL3Yd/1035-bmp3-destr-20-05-23.jpg","2023-11-16",69,4878,1,"7-6948781","11/16/2023"
"5422","Russia","Russia","BMP-3","destroyed","https://i.postimg.cc/DytQkdkt/1066-mtlb-destr-24-06-23.jpg","2023-11-16",69,4879,1,"7-6948791","11/16/2023"
"5423","Russia","Russia","BMP-3","destroyed","https://i.postimg.cc/280R20Jp/1038-BMP-3-destr-31-05-22.jpg","2023-11-16",69,4880,1,"7-6948801","11/16/2023"
"5424","Russia","Russia","BMP-3","destroyed","https://i.postimg.cc/66dXvwsJ/1000-bmp3-destr-28-04-23.jpg","2023-11-16",69,4881,1,"7-6948811","11/16/2023"
"5425","Russia","Russia","BMP-3","destroyed","https://i.postimg.cc/3w4MJQjq/1023-bmp3-destr-17-07-23.jpg","2023-11-16",69,4882,1,"7-6948821","11/16/2023"
"5426","Russia","Russia","BMP-3","destroyed","https://i.postimg.cc/CxtZTS0s/1041-2x-bmp3-destr-1x-bmp2-dam-aband-21-07-23.jpg","2023-11-16",69,4356,1,"7-6943561","11/16/2023"
"5427","Russia","Russia","BMP-3","destroyed","https://i.postimg.cc/LsY1nhDW/1008-bmp3-destr-20-07-23.jpg","2023-11-16",69,4883,1,"7-6948831","11/16/2023"
"5428","Russia","Russia","BMP-3","destroyed","https://twitter.com/naalsio26/status/1682907021618696192","2023-11-16",69,4884,1,"7-6948841","11/16/2023"
"5429","Russia","Russia","BMP-3","destroyed","https://twitter.com/UAWeapons/status/1683100062778372098","2023-11-16",69,4885,1,"7-6948851","11/16/2023"
"5430","Russia","Russia","BMP-3","destroyed","https://i.postimg.cc/dV2Z5h40/1004-bmp3-destr-23-07-23.jpg","2023-11-16",69,4886,1,"7-6948861","11/16/2023"
"5431","Russia","Russia","BMP-3","destroyed","https://i.postimg.cc/zfqb6qcF/1040-bmp3-destr-23-07-23.jpg","2023-11-16",69,4887,1,"7-6948871","11/16/2023"
"5432","Russia","Russia","BMP-3","destroyed","https://i.postimg.cc/tR6RxPKF/1003-bmp3-destr-18-05-23.jpg","2023-11-16",69,4888,1,"7-6948881","11/16/2023"
"5433","Russia","Russia","BMP-3","destroyed","https://i.postimg.cc/mDXRjtqg/1004-BMP-3-destr-22-07-23.jpg","2023-11-16",69,4889,1,"7-6948891","11/16/2023"
"5434","Russia","Russia","BMP-3","destroyed","https://i.postimg.cc/L8MLDGpb/1004-bmp-destr-12-06-23.jpg","2023-11-16",69,4890,1,"7-6948901","11/16/2023"
"5435","Russia","Russia","BMP-3","destroyed","https://i.postimg.cc/Nf9fJRYt/1023-bmp3-destr-10-08-23.jpg","2023-11-16",69,4891,1,"7-6948911","11/16/2023"
"5436","Russia","Russia","BMP-3","destroyed","https://i.postimg.cc/pXR39K6r/1002-bmp3-destr-02-08-23.jpg","2023-11-16",69,4892,1,"7-6948921","11/16/2023"
"5437","Russia","Russia","BMP-3","destroyed","https://i.postimg.cc/7Z5WFzHL/1004-bmp3-destr-16-08-23.jpg","2023-11-16",69,4893,1,"7-6948931","11/16/2023"
"5438","Russia","Russia","BMP-3","destroyed","https://i.postimg.cc/rwLGJcWy/1015-bmp3-destr-22-05-23.jpg","2023-11-16",69,4894,1,"7-6948941","11/16/2023"
"5439","Russia","Russia","BMP-3","destroyed","https://i.postimg.cc/KvqT8khc/1007-bmp3-destr-26-08-23.jpg","2023-11-16",69,4895,1,"7-6948951","11/16/2023"
"5440","Russia","Russia","BMP-3","destroyed","https://i.postimg.cc/dtRPx6Nv/398.png","2023-11-16",69,4896,1,"7-6948961","11/16/2023"
"5441","Russia","Russia","BMP-3","destroyed","https://i.postimg.cc/43hJcMc6/2870.png","2023-11-16",69,4897,1,"7-6948971","11/16/2023"
"5442","Russia","Russia","BMP-3","destroyed","https://twitter.com/naalsio26/status/1700550811082743853","2023-11-16",69,4898,1,"7-6948981","11/16/2023"
"5443","Russia","Russia","BMP-3","destroyed","https://i.postimg.cc/Hn366tm1/4385.png","2023-11-16",69,4899,1,"7-6948991","11/16/2023"
"5444","Russia","Russia","BMP-3","destroyed","https://i.postimg.cc/fyWKS092/4319.png","2023-11-16",69,4900,1,"7-6949001","11/16/2023"
"5445","Russia","Russia","BMP-3","destroyed","https://i.postimg.cc/t4sQhjyK/5415.png","2023-11-16",69,4901,1,"7-6949011","11/16/2023"
"5446","Russia","Russia","BMP-3","destroyed","https://i.postimg.cc/MZ5xD1Lg/1008-bmp3-destr-04-10-23.jpg","2023-11-16",69,4902,1,"7-6949021","11/16/2023"
"5447","Russia","Russia","BMP-3","destroyed","https://i.postimg.cc/Vkxc6gS0/1028-bmp3-destr-28-09-23.jpg","2023-11-16",69,4903,1,"7-6949031","11/16/2023"
"5448","Russia","Russia","BMP-3","destroyed","https://i.postimg.cc/2ycsf7R6/1043-bmp3-destr-29-09-23.jpg","2023-11-16",69,4904,1,"7-6949041","11/16/2023"
"5449","Russia","Russia","BMP-3","destroyed","https://i.postimg.cc/wvH85BQ6/1049-bmp3-destr-01-10-23.jpg","2023-11-16",69,4905,1,"7-6949051","11/16/2023"
"5450","Russia","Russia","BMP-3","destroyed","https://i.postimg.cc/KjZ88830/1008-bmp3-destr-07-10-23.jpg","2023-11-16",69,4906,1,"7-6949061","11/16/2023"
"5451","Russia","Russia","BMP-3","destroyed","https://i.postimg.cc/qvDzQj8X/1010-BMP-3-destr-20-09-23.jpg","2023-11-16",69,4907,1,"7-6949071","11/16/2023"
"5452","Russia","Russia","BMP-3","destroyed","https://i.postimg.cc/1z7FVQ5P/1019-bmp3-destr-12-10-23.jpg","2023-11-16",69,4908,1,"7-6949081","11/16/2023"
"5453","Russia","Russia","BMP-3","destroyed","https://i.postimg.cc/6QcR1XvC/1043-bmp3-destr-31-08-23.jpg","2023-11-16",69,4909,1,"7-6949091","11/16/2023"
"5454","Russia","Russia","BMP-3","destroyed","https://i.postimg.cc/2jKsztWc/1054-bmp3-destr-21-10-23.jpg","2023-11-16",69,4910,1,"7-6949101","11/16/2023"
"5455","Russia","Russia","BMP-3","destroyed","https://i.postimg.cc/4dgmKSC9/1001-bmp3-destr-20-10-23.jpg","2023-11-16",69,4911,1,"7-6949111","11/16/2023"
"5456","Russia","Russia","BMP-3","destroyed","https://i.postimg.cc/ZK057Lrr/1000-bmp3-destr-24-10-23.jpg","2023-11-16",69,4912,1,"7-6949121","11/16/2023"
"5457","Russia","Russia","BMP-3","destroyed","https://i.postimg.cc/GtVMJRJ1/1017-2x-bmp3-destr-27-10-23.jpg","2023-11-16",69,4913,1,"7-6949131","11/16/2023"
"5458","Russia","Russia","BMP-3","destroyed","https://i.postimg.cc/g2MX3Lsf/1012-BMP-3-destr-30-10-23.jpg","2023-11-16",69,4914,1,"7-6949141","11/16/2023"
"5459","Russia","Russia","BMP-3","destroyed","https://i.postimg.cc/CLSzts63/1020-BMP-3-destr-30-07-23.jpg","2023-11-16",69,4915,1,"7-6949151","11/16/2023"
"5460","Russia","Russia","BMP-3","destroyed","https://i.postimg.cc/HsbwBKS0/1022-bmp3-destr-28-02-23.jpg","2023-11-16",69,4916,1,"7-6949161","11/16/2023"
"5461","Russia","Russia","BMP-3","destroyed","https://i.postimg.cc/YSCQ2St8/1023-bmp3-destr-28-02-23.jpg","2023-11-16",69,4917,1,"7-6949171","11/16/2023"
"5462","Russia","Russia","BMP-3","destroyed","https://i.postimg.cc/fTQXtCwV/1037-bmp3-destr-08-11-23.jpg","2023-11-16",69,4918,1,"7-6949181","11/16/2023"
"5463","Russia","Russia","BMP-3","damaged","https://twitter.com/UAWeapons/status/1522706604977762313","2023-11-16",69,1014,2,"7-6910142","11/16/2023"
"5464","Russia","Russia","BMP-3","damaged","https://twitter.com/UAWeapons/status/1531274223427125248","2023-11-16",69,4783,2,"7-6947832","11/16/2023"
"5465","Russia","Russia","BMP-3","damaged","https://twitter.com/UAWeapons/status/1533100107402563589","2023-11-16",69,4919,2,"7-6949192","11/16/2023"
"5466","Russia","Russia","BMP-3","damaged","https://i.postimg.cc/fy3wzKJk/1005-bmp3.jpg","2023-11-16",69,4920,2,"7-6949202","11/16/2023"
"5467","Russia","Russia","BMP-3","damaged","https://i.postimg.cc/q7z1vV8B/1024-bmp3-dmg.jpg","2023-11-16",69,4921,2,"7-6949212","11/16/2023"
"5468","Russia","Russia","BMP-3","damaged","https://i.postimg.cc/KYrmDcyM/1036-bmp3-dam.jpg","2023-11-16",69,4922,2,"7-6949222","11/16/2023"
"5469","Russia","Russia","BMP-3","damaged","https://twitter.com/UAWeapons/status/1581947467175964672","2023-11-16",69,2124,2,"7-6921242","11/16/2023"
"5470","Russia","Russia","BMP-3","damaged","https://i.postimg.cc/sgbnxw8h/1011-bmp3-dam-7-11.jpg","2023-11-16",69,4923,2,"7-6949232","11/16/2023"
"5471","Russia","Russia","BMP-3","damaged","https://i.postimg.cc/nzJ0YMnV/1012-bmp3-dam-7-11.jpg","2023-11-16",69,4924,2,"7-6949242","11/16/2023"
"5472","Russia","Russia","BMP-3","damaged","https://i.postimg.cc/Tw5r9XNr/1012-bmp3-dam.jpg","2023-11-16",69,4925,2,"7-6949252","11/16/2023"
"5473","Russia","Russia","BMP-3","damaged","https://i.postimg.cc/c1p81YYf/1005-bmp3-dam-14-01-23.jpg","2023-11-16",69,4926,2,"7-6949262","11/16/2023"
"5474","Russia","Russia","BMP-3","damaged","https://twitter.com/UAWeapons/status/1618686362693279744","2023-11-16",69,789,2,"7-697892","11/16/2023"
"5475","Russia","Russia","BMP-3","damaged","https://i.postimg.cc/s2LYGpck/1018-bmp3-dam-09-03-23.jpg","2023-11-16",69,4927,2,"7-6949272","11/16/2023"
"5476","Russia","Russia","BMP-3","damaged","https://i.postimg.cc/tJZLHSKc/1012-bmp3-dam-24-03-23.jpg","2023-11-16",69,4928,2,"7-6949282","11/16/2023"
"5477","Russia","Russia","BMP-3","damaged","https://i.postimg.cc/tCbqt238/1023-bmp3-dam-27-04-23.jpg","2023-11-16",69,4929,2,"7-6949292","11/16/2023"
"5478","Russia","Russia","BMP-3","damaged","https://i.postimg.cc/1RFzrJ4M/1067-bmp3-dam-14-05-23.jpg","2023-11-16",69,4930,2,"7-6949302","11/16/2023"
"5479","Russia","Russia","BMP-3","damaged","https://i.postimg.cc/dt4tThZz/1054-bmp3-dam-22-05-23.jpg","2023-11-16",69,4931,2,"7-6949312","11/16/2023"
"5480","Russia","Russia","BMP-3","damaged","https://i.postimg.cc/zvW2tVvv/1000-2x-T-72b3-1x-t72-2x-bmp3-2x-btr82-dan-aband-1x-bmp3-destr-24-01-23.jpg","2023-11-16",69,1629,2,"7-6916292","11/16/2023"
"5481","Russia","Russia","BMP-3","damaged","https://i.postimg.cc/gJcgvjgR/1032-bmp3-dam-20-06-23.jpg","2023-11-16",69,4932,2,"7-6949322","11/16/2023"
"5482","Russia","Russia","BMP-3","damaged","https://i.postimg.cc/d31Ls7Xb/1007-bmp3-dam-29-06-23.jpg","2023-11-16",69,4933,2,"7-6949332","11/16/2023"
"5483","Russia","Russia","BMP-3","damaged","https://i.postimg.cc/9FdjL0ny/1044-bmd-3-dam-02-08-23.jpg","2023-11-16",69,4934,2,"7-6949342","11/16/2023"
"5484","Russia","Russia","BMP-3","abandoned","https://i.postimg.cc/2SVWqRn3/88j.png","2023-11-16",69,4935,4,"7-6949354","11/16/2023"
"5485","Russia","Russia","BMP-3","abandoned","https://i.postimg.cc/Y06k5PbX/1062-bmp3.jpg","2023-11-16",69,4936,4,"7-6949364","11/16/2023"
"5486","Russia","Russia","BMP-3","abandoned","https://i.postimg.cc/8PbNwqFc/1063-bmp3.jpg","2023-11-16",69,4937,4,"7-6949374","11/16/2023"
"5487","Russia","Russia","BMP-3","abandoned","https://i.postimg.cc/sfY8r74h/1001-bmp3-aband.png","2023-11-16",69,4938,4,"7-6949384","11/16/2023"
"5488","Russia","Russia","BMP-3","abandoned","https://twitter.com/UAWeapons/status/1577310511212920834","2023-11-16",69,1829,4,"7-6918294","11/16/2023"
"5489","Russia","Russia","BMP-3","damaged","https://i.postimg.cc/QM9zTHYN/1024-bmp3-and-btr82a-dam-aband.jpg","2023-11-16",69,4939,2,"7-6949392","11/16/2023"
"5490","Russia","Russia","BMP-3","abandoned","https://i.postimg.cc/QM9zTHYN/1024-bmp3-and-btr82a-dam-aband.jpg","2023-11-16",69,4939,4,"7-6949394","11/16/2023"
"5491","Russia","Russia","BMP-3","damaged","https://i.postimg.cc/NMWX9DZ8/1001-bmp3-dam-aband-21-01-23.jpg","2023-11-16",69,4940,2,"7-6949402","11/16/2023"
"5492","Russia","Russia","BMP-3","abandoned","https://i.postimg.cc/NMWX9DZ8/1001-bmp3-dam-aband-21-01-23.jpg","2023-11-16",69,4940,4,"7-6949404","11/16/2023"
"5493","Russia","Russia","BMP-3","abandoned","https://i.postimg.cc/43vfXdwf/1007-1x-unkn-tank-destr-4x-bmp3-aband-22-01-23.jpg","2023-11-16",69,2141,4,"7-6921414","11/16/2023"
"5494","Russia","Russia","BMP-3","damaged","https://i.postimg.cc/QCTHH3jq/66580.jpg","2023-11-16",69,4941,2,"7-6949412","11/16/2023"
"5495","Russia","Russia","BMP-3","abandoned","https://i.postimg.cc/QCTHH3jq/66580.jpg","2023-11-16",69,4941,4,"7-6949414","11/16/2023"
"5496","Russia","Russia","BMP-3","damaged","https://i.postimg.cc/JzRKzTQN/1013-bmp3-dam-aband-05-02-23.jpg","2023-11-16",69,4942,2,"7-6949422","11/16/2023"
"5497","Russia","Russia","BMP-3","abandoned","https://i.postimg.cc/JzRKzTQN/1013-bmp3-dam-aband-05-02-23.jpg","2023-11-16",69,4942,4,"7-6949424","11/16/2023"
"5498","Russia","Russia","BMP-3","damaged","https://i.postimg.cc/KvfBJmnT/1037-bmp3-dam-aband-05-02-23.jpg","2023-11-16",69,4943,2,"7-6949432","11/16/2023"
"5499","Russia","Russia","BMP-3","abandoned","https://i.postimg.cc/KvfBJmnT/1037-bmp3-dam-aband-05-02-23.jpg","2023-11-16",69,4943,4,"7-6949434","11/16/2023"
"5500","Russia","Russia","BMP-3","abandoned","https://twitter.com/UAWeapons/status/1652390786841935872","2023-11-16",69,1289,4,"7-6912894","11/16/2023"
"5501","Russia","Russia","BMP-3","damaged","https://i.postimg.cc/vmXsPW9n/1028-bmp3-dam-aband-02-03-23.jpg","2023-11-16",69,4944,2,"7-6949442","11/16/2023"
"5502","Russia","Russia","BMP-3","abandoned","https://i.postimg.cc/vmXsPW9n/1028-bmp3-dam-aband-02-03-23.jpg","2023-11-16",69,4944,4,"7-6949444","11/16/2023"
"5503","Russia","Russia","BMP-3","damaged","https://i.postimg.cc/Kcs8DJ6Q/1035-bmp3-dam-aband-10-08-23.jpg","2023-11-16",69,4945,2,"7-6949452","11/16/2023"
"5504","Russia","Russia","BMP-3","abandoned","https://i.postimg.cc/Kcs8DJ6Q/1035-bmp3-dam-aband-10-08-23.jpg","2023-11-16",69,4945,4,"7-6949454","11/16/2023"
"5505","Russia","Russia","BMP-3","damaged","https://i.postimg.cc/xC55Jjf7/1045-bmp3-dam-aband-17-08-23.jpg","2023-11-16",69,4946,2,"7-6949462","11/16/2023"
"5506","Russia","Russia","BMP-3","abandoned","https://i.postimg.cc/xC55Jjf7/1045-bmp3-dam-aband-17-08-23.jpg","2023-11-16",69,4946,4,"7-6949464","11/16/2023"
"5507","Russia","Russia","BMP-3","damaged","https://i.postimg.cc/gJ32txyc/1041-BMP-3-dam-aband-06-11-23.jpg","2023-11-16",69,4947,2,"7-6949472","11/16/2023"
"5508","Russia","Russia","BMP-3","abandoned","https://i.postimg.cc/gJ32txyc/1041-BMP-3-dam-aband-06-11-23.jpg","2023-11-16",69,4947,4,"7-6949474","11/16/2023"
"5509","Russia","Russia","BMP-3","damaged","https://i.postimg.cc/WpmBhMvM/4d.png","2023-11-16",69,4948,2,"7-6949482","11/16/2023"
"5510","Russia","Russia","BMP-3","captured","https://i.postimg.cc/WpmBhMvM/4d.png","2023-11-16",69,4948,3,"7-6949483","11/16/2023"
"5511","Russia","Russia","BMP-3","damaged","https://i.postimg.cc/6qQy4ByR/588.png","2023-11-16",69,4949,2,"7-6949492","11/16/2023"
"5512","Russia","Russia","BMP-3","captured","https://i.postimg.cc/6qQy4ByR/588.png","2023-11-16",69,4949,3,"7-6949493","11/16/2023"
"5513","Russia","Russia","BMP-3","damaged","https://i.postimg.cc/HxnCghHt/446.jpg","2023-11-16",69,4950,2,"7-6949502","11/16/2023"
"5514","Russia","Russia","BMP-3","captured","https://i.postimg.cc/HxnCghHt/446.jpg","2023-11-16",69,4950,3,"7-6949503","11/16/2023"
"5515","Russia","Russia","BMP-3","damaged","https://i.postimg.cc/BQHt6Xc9/439.jpg","2023-11-16",69,4951,2,"7-6949512","11/16/2023"
"5516","Russia","Russia","BMP-3","captured","https://i.postimg.cc/BQHt6Xc9/439.jpg","2023-11-16",69,4951,3,"7-6949513","11/16/2023"
"5517","Russia","Russia","BMP-3","captured","https://i.postimg.cc/TP5dMtW3/743.png","2023-11-16",69,4952,3,"7-6949523","11/16/2023"
"5518","Russia","Russia","BMP-3","captured","https://i.postimg.cc/g2Pq67mf/bb1.png","2023-11-16",69,4953,3,"7-6949533","11/16/2023"
"5519","Russia","Russia","BMP-3","captured","https://i.postimg.cc/yYnYFgHs/bb2.jpg","2023-11-16",69,4954,3,"7-6949543","11/16/2023"
"5520","Russia","Russia","BMP-3","captured","https://i.postimg.cc/7L2dL4Qz/bn1.png","2023-11-16",69,4955,3,"7-6949553","11/16/2023"
"5521","Russia","Russia","BMP-3","captured","https://i.postimg.cc/fyTw3p2m/23.jpg","2023-11-16",69,4956,3,"7-6949563","11/16/2023"
"5522","Russia","Russia","BMP-3","captured","https://i.postimg.cc/rpGWpndW/7900.jpg","2023-11-16",69,4957,3,"7-6949573","11/16/2023"
"5523","Russia","Russia","BMP-3","captured","https://i.postimg.cc/3rbPcZKC/32.jpg","2023-11-16",69,4958,3,"7-6949583","11/16/2023"
"5524","Russia","Russia","BMP-3","captured","https://i.postimg.cc/cLVrtqYb/cc1.jpg","2023-11-16",69,4959,3,"7-6949593","11/16/2023"
"5525","Russia","Russia","BMP-3","captured","https://i.postimg.cc/1tSXMpv0/cc2.jpg","2023-11-16",69,4960,3,"7-6949603","11/16/2023"
"5526","Russia","Russia","BMP-3","damaged","https://i.postimg.cc/P5jGs2FZ/1043-bmp3-dam-capt-29-01-23.jpg","2023-11-16",69,4961,2,"7-6949612","11/16/2023"
"5527","Russia","Russia","BMP-3","captured","https://i.postimg.cc/P5jGs2FZ/1043-bmp3-dam-capt-29-01-23.jpg","2023-11-16",69,4961,3,"7-6949613","11/16/2023"
"5528","Russia","Russia","BMP-3","captured","https://i.postimg.cc/L5fKj6dx/447.jpg","2023-11-16",69,4962,3,"7-6949623","11/16/2023"
"5529","Russia","Russia","BMP-3","captured","https://i.postimg.cc/vB4pd7z1/768.png","2023-11-16",69,4963,3,"7-6949633","11/16/2023"
"5530","Russia","Russia","BMP-3","captured","https://i.postimg.cc/RCkvgNdS/33h.jpg","2023-11-16",69,4964,3,"7-6949643","11/16/2023"
"5531","Russia","Russia","BMP-3","captured","https://i.postimg.cc/L8nKNtCk/760.jpg","2023-11-16",69,4965,3,"7-6949653","11/16/2023"
"5532","Russia","Russia","BMP-3","captured","https://i.postimg.cc/TwLDs8Yx/c2.jpg","2023-11-16",69,4966,3,"7-6949663","11/16/2023"
"5533","Russia","Russia","BMP-3","captured","https://i.postimg.cc/Fs5xyXbs/j9.jpg","2023-11-16",69,4967,3,"7-6949673","11/16/2023"
"5534","Russia","Russia","BMP-3","captured","https://i.postimg.cc/1tChfp67/h7.jpg","2023-11-16",69,4968,3,"7-6949683","11/16/2023"
"5535","Russia","Russia","BMP-3","captured","https://i.postimg.cc/XJqvjnqD/4387.png","2023-11-16",69,4969,3,"7-6949693","11/16/2023"
"5536","Russia","Russia","BMP-3","captured","https://i.postimg.cc/nzpCGZ4h/579.png","2023-11-16",69,4970,3,"7-6949703","11/16/2023"
"5537","Russia","Russia","BMP-3","captured","https://twitter.com/UAWeapons/status/1543589293439991815","2023-11-16",69,4971,3,"7-6949713","11/16/2023"
"5538","Russia","Russia","BMP-3","captured","https://i.postimg.cc/136yYkmF/1013.jpg","2023-11-16",69,4972,3,"7-6949723","11/16/2023"
"5539","Russia","Russia","BMP-3","captured","https://i.postimg.cc/6QwR5JLV/85.png","2023-11-16",69,4973,3,"7-6949733","11/16/2023"
"5540","Russia","Russia","BMP-3","captured","https://twitter.com/UAWeapons/status/1589365956450869248","2023-11-16",69,4974,3,"7-6949743","11/16/2023"
"5541","Russia","Russia","BMP-3","captured","https://i.postimg.cc/KYsHnvSn/38.png","2023-11-16",69,4975,3,"7-6949753","11/16/2023"
"5542","Russia","Russia","BMP-3","captured","https://i.postimg.cc/gc3DsCqV/Screenshot-8343.png","2023-11-16",69,4976,3,"7-6949763","11/16/2023"
"5543","Russia","Russia","BMP-3","captured","https://i.postimg.cc/yYBTbLvw/Screenshot-8345.png","2023-11-16",69,4977,3,"7-6949773","11/16/2023"
"5544","Russia","Russia","BMP-3","captured","https://i.postimg.cc/nrpgjrrf/1011.jpg","2023-11-16",69,4978,3,"7-6949783","11/16/2023"
"5545","Russia","Russia","BMP-3","captured","https://i.postimg.cc/hvXc8qJx/653.png","2023-11-16",69,4979,3,"7-6949793","11/16/2023"
"5546","Russia","Russia","BMP-3","captured","https://i.postimg.cc/yYpqMm5G/1015-bmp3-capt-20-03-23.jpg","2023-11-16",69,4980,3,"7-6949803","11/16/2023"
"5547","Russia","Russia","BMP-3","captured","https://i.postimg.cc/B6V8FnM8/1004-bmp-3.jpg","2023-11-16",69,4981,3,"7-6949813","11/16/2023"
"5548","Russia","Russia","BMP-3","captured","https://i.postimg.cc/fLjQcz3R/51.jpg","2023-11-16",69,4982,3,"7-6949823","11/16/2023"
"5549","Russia","Russia","BMP-3","captured","https://i.postimg.cc/Ghw0nr5d/sfg.png","2023-11-16",69,4983,3,"7-6949833","11/16/2023"
"5550","Russia","Russia","BMP-3","captured","https://i.postimg.cc/Y90pN0MQ/d14g.png","2023-11-16",69,4984,3,"7-6949843","11/16/2023"
"5551","Russia","Russia","BMP-3","captured","https://i.postimg.cc/CLpMCKPM/14.png","2023-11-16",69,4985,3,"7-6949853","11/16/2023"
"5552","Russia","Russia","BMP-3","captured","https://i.postimg.cc/Gpgj5ZYm/2r.png","2023-11-16",69,4986,3,"7-6949863","11/16/2023"
"5553","Russia","Russia","BMP-3","captured","https://i.postimg.cc/SKwPQhVN/3311.jpg","2023-11-16",69,4987,3,"7-6949873","11/16/2023"
"5554","Russia","Russia","BMP-3","captured","https://i.postimg.cc/0j4pj428/6665.jpg","2023-11-16",69,4988,3,"7-6949883","11/16/2023"
"5555","Russia","Russia","BMP-3","captured","https://i.postimg.cc/B6v142qD/7j6.png","2023-11-16",69,4989,3,"7-6949893","11/16/2023"
"5556","Russia","Russia","BMP-3","captured","https://twitter.com/UAWeapons/status/1556652609368383490","2023-11-16",69,4990,3,"7-6949903","11/16/2023"
"5557","Russia","Russia","BMP-3","captured","https://i.postimg.cc/jjmjsLGw/dd1.jpg","2023-11-16",69,4991,3,"7-6949913","11/16/2023"
"5558","Russia","Russia","BMP-3","captured","https://i.postimg.cc/63KDjcrS/v6.png","2023-11-16",69,4992,3,"7-6949923","11/16/2023"
"5559","Russia","Russia","BMP-3","captured","https://i.postimg.cc/NFnwb5WB/1000.jpg","2023-11-16",69,4993,3,"7-6949933","11/16/2023"
"5560","Russia","Russia","BMP-3","captured","https://i.postimg.cc/7h2VzW38/1005-bmp3.jpg","2023-11-16",69,4994,3,"7-6949943","11/16/2023"
"5561","Russia","Russia","BMP-3","damaged","https://twitter.com/UAWeapons/status/1567823899785658368","2023-11-16",69,4995,2,"7-6949952","11/16/2023"
"5562","Russia","Russia","BMP-3","captured","https://twitter.com/UAWeapons/status/1567823899785658368","2023-11-16",69,4995,3,"7-6949953","11/16/2023"
"5563","Russia","Russia","BMP-3","captured","https://twitter.com/UAWeapons/status/1568649942113337345","2023-11-16",69,4996,3,"7-6949963","11/16/2023"
"5564","Russia","Russia","BMP-3","damaged","https://i.postimg.cc/L6wNT0jg/1010.jpg","2023-11-16",69,1823,2,"7-6918232","11/16/2023"
"5565","Russia","Russia","BMP-3","captured","https://i.postimg.cc/L6wNT0jg/1010.jpg","2023-11-16",69,1823,3,"7-6918233","11/16/2023"
"5566","Russia","Russia","BMP-3","captured","https://i.postimg.cc/g02p1XJY/1004-bmp3-capt.jpg","2023-11-16",69,4997,3,"7-6949973","11/16/2023"
"5567","Russia","Russia","BMP-3","captured","https://twitter.com/UAWeapons/status/1570764195385446400","2023-11-16",69,4998,3,"7-6949983","11/16/2023"
"5568","Russia","Russia","BMP-3","captured","https://i.postimg.cc/pVDcn5RG/1000-bmp3.jpg","2023-11-16",69,4999,3,"7-6949993","11/16/2023"
"5569","Russia","Russia","BMP-3","captured","https://i.postimg.cc/Vv7Dd27t/1004-bmp3-capt-28-02-23.jpg","2023-11-16",69,5000,3,"7-6950003","11/16/2023"
"5570","Russia","Russia","BMP-3","captured","https://i.postimg.cc/k4JF5XG8/1006-bmp3-capt.jpg","2023-11-16",69,5001,3,"7-6950013","11/16/2023"
"5571","Russia","Russia","BMP-3","captured","https://i.postimg.cc/43YGpRxS/1008-bmp3-capt.jpg","2023-11-16",69,5002,3,"7-6950023","11/16/2023"
"5572","Russia","Russia","BMP-3","captured","https://i.postimg.cc/5NdkR2KH/1023-bmp3-capt.jpg","2023-11-16",69,5003,3,"7-6950033","11/16/2023"
"5573","Russia","Russia","BMP-3","captured","https://i.postimg.cc/Bn9XhqVY/2022-10-01-BMP-3.jpg","2023-11-16",69,5004,3,"7-6950043","11/16/2023"
"5574","Russia","Russia","BMP-3","captured","https://i.postimg.cc/hP1nKFXN/1018-bmp3-capt.jpg","2023-11-16",69,5005,3,"7-6950053","11/16/2023"
"5575","Russia","Russia","BMP-3","captured","https://i.postimg.cc/zvJvZh2v/1001-bmp3-capt.jpg","2023-11-16",69,5006,3,"7-6950063","11/16/2023"
"5576","Russia","Russia","BMP-3","damaged","https://i.postimg.cc/y8jfPYmB/3870.png","2023-11-16",69,5007,2,"7-6950072","11/16/2023"
"5577","Russia","Russia","BMP-3","captured","https://i.postimg.cc/y8jfPYmB/3870.png","2023-11-16",69,5007,3,"7-6950073","11/16/2023"
"5578","Russia","Russia","BMP-3 688M sb. 3KDZ","destroyed","https://twitter.com/UAWeapons/status/1626579093801271304","2023-11-16",70,1606,1,"7-7016061","11/16/2023"
"5579","Russia","Russia","BMP-3 688M sb. 3KDZ","destroyed","https://i.postimg.cc/PJx0sxwh/1009-bmp3-destr-14-02-23.jpg","2023-11-16",70,5008,1,"7-7050081","11/16/2023"
"5580","Russia","Russia","BMP-3 688M sb. 3KDZ","destroyed","https://twitter.com/UAWeapons/status/1628792868461592577","2023-11-16",70,5009,1,"7-7050091","11/16/2023"
"5581","Russia","Russia","BMP-3 688M sb. 3KDZ","destroyed","https://twitter.com/UAWeapons/status/1630607586490761219","2023-11-16",70,5010,1,"7-7050101","11/16/2023"
"5582","Russia","Russia","BMP-3 688M sb. 3KDZ","destroyed","https://i.postimg.cc/Zq7f1s3b/35.png","2023-11-16",70,5011,1,"7-7050111","11/16/2023"
"5583","Russia","Russia","BMP-3 688M sb. 3KDZ","destroyed","https://twitter.com/UAWeapons/status/1652390786841935872","2023-11-16",70,1289,1,"7-7012891","11/16/2023"
"5584","Russia","Russia","BMP-3 688M sb. 3KDZ","destroyed","https://twitter.com/UAWeapons/status/1652740400099254272","2023-11-16",70,5012,1,"7-7050121","11/16/2023"
"5585","Russia","Russia","BMP-3 688M sb. 3KDZ","destroyed","https://twitter.com/UAWeapons/status/1669393615099920414","2023-11-16",70,5013,1,"7-7050131","11/16/2023"
"5586","Russia","Russia","BMP-3 688M sb. 3KDZ","destroyed","https://i.postimg.cc/y8qnLvf7/1043-bmp3-668-M-destr-19-06-23.jpg","2023-11-16",70,5014,1,"7-7050141","11/16/2023"
"5587","Russia","Russia","BMP-3 688M sb. 3KDZ","destroyed","https://i.postimg.cc/wvp4Rbht/1005-bmp3m688-destr-17-08-23.jpg","2023-11-16",70,5015,1,"7-7050151","11/16/2023"
"5588","Russia","Russia","BMP-3 688M sb. 3KDZ","destroyed","https://twitter.com/naalsio26/status/1708847606091116771","2023-11-16",70,5016,1,"7-7050161","11/16/2023"
"5589","Russia","Russia","BMP-3 688M sb. 3KDZ","destroyed","https://i.postimg.cc/Y2DHv95x/1026-2x-destr-2x-aband-bmp3-19-10-23.jpg","2023-11-16",70,5017,1,"7-7050171","11/16/2023"
"5590","Russia","Russia","BMP-3 688M sb. 3KDZ","damaged","https://twitter.com/UAWeapons/status/1667268315712987136","2023-11-16",70,5018,2,"7-7050182","11/16/2023"
"5591","Russia","Russia","BMP-3 688M sb. 3KDZ","damaged","https://i.postimg.cc/T1PkzZc5/1055-bmp3-668-M-dam-21-06-23.jpg","2023-11-16",70,5019,2,"7-7050192","11/16/2023"
"5592","Russia","Russia","BMP-3 688M sb. 3KDZ","damaged","https://i.postimg.cc/VvH7mD7G/1056-bmp3-668-M-dam-21-06-23.jpg","2023-11-16",70,5020,2,"7-7050202","11/16/2023"
"5593","Russia","Russia","BMP-3 688M sb. 3KDZ","damaged","https://i.postimg.cc/xjMSj5NC/1300-bmp3-dad-aband-06-02-23.jpg","2023-11-16",70,5021,2,"7-7050212","11/16/2023"
"5594","Russia","Russia","BMP-3 688M sb. 3KDZ","abandoned","https://i.postimg.cc/xjMSj5NC/1300-bmp3-dad-aband-06-02-23.jpg","2023-11-16",70,5021,4,"7-7050214","11/16/2023"
"5595","Russia","Russia","BMP-3 688M sb. 3KDZ","damaged","https://i.postimg.cc/rpbqN2hC/1302-bmp3-uparmored-damaged-and-abandoned-24-01-23.jpg","2023-11-16",70,5022,2,"7-7050222","11/16/2023"
"5596","Russia","Russia","BMP-3 688M sb. 3KDZ","abandoned","https://i.postimg.cc/rpbqN2hC/1302-bmp3-uparmored-damaged-and-abandoned-24-01-23.jpg","2023-11-16",70,5022,4,"7-7050224","11/16/2023"
"5597","Russia","Russia","BMP-3 688M sb. 3KDZ","damaged","https://i.postimg.cc/YCKXHWMR/1014-bmp3m688-dam-aband-04-08-23.jpg","2023-11-16",70,5023,2,"7-7050232","11/16/2023"
"5598","Russia","Russia","BMP-3 688M sb. 3KDZ","abandoned","https://i.postimg.cc/YCKXHWMR/1014-bmp3m688-dam-aband-04-08-23.jpg","2023-11-16",70,5023,4,"7-7050234","11/16/2023"
"5599","Russia","Russia","BMP-3 688M sb. 3KDZ","abandoned","https://i.postimg.cc/Y2DHv95x/1026-2x-destr-2x-aband-bmp3-19-10-23.jpg","2023-11-16",70,5017,4,"7-7050174","11/16/2023"
"5600","Russia","Russia","BMP-3 688M sb. 3KDZ","captured","https://i.postimg.cc/FsFq4XV1/1034-bmp3-688-capt-31-07-23.jpg","2023-11-16",70,5024,3,"7-7050243","11/16/2023"
"5601","Russia","Russia","MT-LBM 6MB","destroyed","https://i.postimg.cc/SNh1zwS7/377.png","2023-11-16",71,5025,1,"7-7150251","11/16/2023"
"5602","Russia","Russia","MT-LBM 6MB","destroyed","https://twitter.com/naalsio26/status/1648058459701800960","2023-11-16",71,5026,1,"7-7150261","11/16/2023"
"5603","Russia","Russia","MT-LBM 6MB","destroyed","https://i.postimg.cc/nrhn18WH/1031-mtlb-6mb-destr-27-04-23.jpg","2023-11-16",71,5027,1,"7-7150271","11/16/2023"
"5604","Russia","Russia","MT-LBM 6MB","destroyed","https://i.postimg.cc/0yW9vvTq/1011-6mb-destr-13-03-23.jpg","2023-11-16",71,5028,1,"7-7150281","11/16/2023"
"5605","Russia","Russia","MT-LBM 6MB","destroyed","https://i.postimg.cc/YSnM7d1X/1029-MT-LB-6-MB-destr-08-05-23.jpg","2023-11-16",71,5029,1,"7-7150291","11/16/2023"
"5606","Russia","Russia","MT-LBM 6MB","destroyed","https://i.postimg.cc/t43xjbg5/1003-MT-LB-6-MB-destr-30-05-23.jpg","2023-11-16",71,5030,1,"7-7150301","11/16/2023"
"5607","Russia","Russia","MT-LBM 6MB","destroyed","https://i.postimg.cc/8kYKZYYq/1019-MT-LBM-6-MB-destr-02-08-23.jpg","2023-11-16",71,5031,1,"7-7150311","11/16/2023"
"5608","Russia","Russia","MT-LBM 6MB","destroyed","https://i.postimg.cc/JnVnhX3D/65.png","2023-11-16",71,5032,1,"7-7150321","11/16/2023"
"5609","Russia","Russia","MT-LBM 6MB","damaged","https://i.postimg.cc/1zfLqhP3/1029-MT-LBM-6-BM-dam.jpg","2023-11-16",71,5033,2,"7-7150332","11/16/2023"
"5610","Russia","Russia","MT-LBM 6MB","damaged","https://i.postimg.cc/gJRx9bcb/1030-mtlb-6mb-dam-13-06-23.jpg","2023-11-16",71,5034,2,"7-7150342","11/16/2023"
"5611","Russia","Russia","MT-LBM 6MB","abandoned","https://i.postimg.cc/pr29GJz8/359.png","2023-11-16",71,5035,4,"7-7150354","11/16/2023"
"5612","Russia","Russia","MT-LBM 6MB","captured","https://i.postimg.cc/HWBy1LPP/1001-MT-LBM-6-MB.jpg","2023-11-16",71,5036,3,"7-7150363","11/16/2023"
"5613","Russia","Russia","MT-LBM 6MB","damaged","https://i.postimg.cc/rpMDVjLj/1028-MT-LBM-6-BM-cam-capt.jpg","2023-11-16",71,5037,2,"7-7150372","11/16/2023"
"5614","Russia","Russia","MT-LBM 6MB","captured","https://i.postimg.cc/rpMDVjLj/1028-MT-LBM-6-BM-cam-capt.jpg","2023-11-16",71,5037,3,"7-7150373","11/16/2023"
"5615","Russia","Russia","MT-LBM 6MB","captured","https://i.postimg.cc/fbVXKPHF/1018-MT-LB-6-MB-capt-18-01-23.jpg","2023-11-16",71,5038,3,"7-7150383","11/16/2023"
"5616","Russia","Soviet Union","BMD-2","destroyed","https://postimg.cc/9wdsG1Hh","2023-11-16",72,5039,1,"7-7250391","11/16/2023"
"5617","Russia","Soviet Union","BMD-2","destroyed","https://i.postimg.cc/QtD182qg/tt6.jpg","2023-11-16",72,5040,1,"7-7250401","11/16/2023"
"5618","Russia","Soviet Union","BMD-2","destroyed","https://i.postimg.cc/pTY5BZzR/b7.png","2023-11-16",72,5041,1,"7-7250411","11/16/2023"
"5619","Russia","Soviet Union","BMD-2","destroyed","https://i.postimg.cc/qqxLSbMj/f56.png","2023-11-16",72,5042,1,"7-7250421","11/16/2023"
"5620","Russia","Soviet Union","BMD-2","destroyed","https://i.postimg.cc/y6ZsLcz6/f51.png","2023-11-16",72,5043,1,"7-7250431","11/16/2023"
"5621","Russia","Soviet Union","BMD-2","destroyed","https://i.postimg.cc/gJjhXYsC/h9.jpg","2023-11-16",72,5044,1,"7-7250441","11/16/2023"
"5622","Russia","Soviet Union","BMD-2","destroyed","https://i.postimg.cc/1tcPVmD9/4435.jpg","2023-11-16",72,5045,1,"7-7250451","11/16/2023"
"5623","Russia","Soviet Union","BMD-2","destroyed","https://i.postimg.cc/44vdkWcD/j6.jpg","2023-11-16",72,5046,1,"7-7250461","11/16/2023"
"5624","Russia","Soviet Union","BMD-2","destroyed","https://i.postimg.cc/8Ptzsstw/j7.jpg","2023-11-16",72,5047,1,"7-7250471","11/16/2023"
"5625","Russia","Soviet Union","BMD-2","destroyed","https://i.postimg.cc/mgk29Rn4/j8.jpg","2023-11-16",72,5048,1,"7-7250481","11/16/2023"
"5626","Russia","Soviet Union","BMD-2","destroyed","https://i.postimg.cc/8zYkB986/j9.jpg","2023-11-16",72,5049,1,"7-7250491","11/16/2023"
"5627","Russia","Soviet Union","BMD-2","destroyed","https://i.postimg.cc/N0qdzsNH/250.png","2023-11-16",72,5050,1,"7-7250501","11/16/2023"
"5628","Russia","Soviet Union","BMD-2","destroyed","https://i.postimg.cc/zXBnGNWH/54.jpg","2023-11-16",72,5051,1,"7-7250511","11/16/2023"
"5629","Russia","Soviet Union","BMD-2","destroyed","https://i.postimg.cc/KYyhjSr2/36hj.png","2023-11-16",72,5052,1,"7-7250521","11/16/2023"
"5630","Russia","Soviet Union","BMD-2","destroyed","https://i.postimg.cc/7PsrT3g9/3234.png","2023-11-16",72,5053,1,"7-7250531","11/16/2023"
"5631","Russia","Soviet Union","BMD-2","destroyed","https://i.postimg.cc/d04549yB/68.png","2023-11-16",72,5054,1,"7-7250541","11/16/2023"
"5632","Russia","Soviet Union","BMD-2","destroyed","https://i.postimg.cc/LsgdF0Fx/37.png","2023-11-16",72,5055,1,"7-7250551","11/16/2023"
"5633","Russia","Soviet Union","BMD-2","destroyed","https://i.postimg.cc/6pDdbg8R/1002.jpg","2023-11-16",72,5056,1,"7-7250561","11/16/2023"
"5634","Russia","Soviet Union","BMD-2","destroyed","https://i.postimg.cc/Bbbdh1RT/438.png","2023-11-16",72,5057,1,"7-7250571","11/16/2023"
"5635","Russia","Soviet Union","BMD-2","destroyed","https://i.postimg.cc/cLPcCR3Z/125.png","2023-11-16",72,5058,1,"7-7250581","11/16/2023"
"5636","Russia","Soviet Union","BMD-2","destroyed","https://i.postimg.cc/kGx5Nd1f/3h.png","2023-11-16",72,5059,1,"7-7250591","11/16/2023"
"5637","Russia","Soviet Union","BMD-2","destroyed","https://twitter.com/UAWeapons/status/1507390761100353540","2023-11-16",72,5060,1,"7-7250601","11/16/2023"
"5638","Russia","Soviet Union","BMD-2","destroyed","https://i.postimg.cc/5y50Gr4N/1009-bmd-2-destr.jpg","2023-11-16",72,5061,1,"7-7250611","11/16/2023"
"5639","Russia","Soviet Union","BMD-2","destroyed","https://i.postimg.cc/9M6hWq5q/1004-bmd2.jpg","2023-11-16",72,5062,1,"7-7250621","11/16/2023"
"5640","Russia","Soviet Union","BMD-2","destroyed","https://i.postimg.cc/5tYxbp6y/54g6.jpg","2023-11-16",72,5063,1,"7-7250631","11/16/2023"
"5641","Russia","Soviet Union","BMD-2","destroyed","https://i.postimg.cc/2SjDFVrT/b12.png","2023-11-16",72,5064,1,"7-7250641","11/16/2023"
"5642","Russia","Soviet Union","BMD-2","destroyed","https://i.postimg.cc/vmcwkk1V/b13.png","2023-11-16",72,5065,1,"7-7250651","11/16/2023"
"5643","Russia","Soviet Union","BMD-2","destroyed","https://i.postimg.cc/25RgmgYf/1026-bmd2.jpg","2023-11-16",72,5066,1,"7-7250661","11/16/2023"
"5644","Russia","Soviet Union","BMD-2","destroyed","https://i.postimg.cc/Kzg8L65Y/1016-bmd2-destr-28-10.jpg","2023-11-16",72,5067,1,"7-7250671","11/16/2023"
"5645","Russia","Soviet Union","BMD-2","destroyed","https://i.postimg.cc/sgpkkn4s/f443.jpg","2023-11-16",72,5068,1,"7-7250681","11/16/2023"
"5646","Russia","Soviet Union","BMD-2","destroyed","https://i.postimg.cc/7LFMh0TH/65.png","2023-11-16",72,5069,1,"7-7250691","11/16/2023"
"5647","Russia","Soviet Union","BMD-2","destroyed","https://twitter.com/UAWeapons/status/1514918819621478407","2023-11-16",72,681,1,"7-726811","11/16/2023"
"5648","Russia","Soviet Union","BMD-2","destroyed","https://i.postimg.cc/QdYKwLBc/76.jpg","2023-11-16",72,5070,1,"7-7250701","11/16/2023"
"5649","Russia","Soviet Union","BMD-2","destroyed","https://i.postimg.cc/Ghq4T0x6/bbbbmd2.jpg","2023-11-16",72,5071,1,"7-7250711","11/16/2023"
"5650","Russia","Soviet Union","BMD-2","destroyed","https://i.postimg.cc/KzBK1R05/bbbmmdd22.jpg","2023-11-16",72,5072,1,"7-7250721","11/16/2023"
"5651","Russia","Soviet Union","BMD-2","destroyed","https://i.postimg.cc/nLs9td7g/bbmd22.jpg","2023-11-16",72,5073,1,"7-7250731","11/16/2023"
"5652","Russia","Soviet Union","BMD-2","destroyed","https://i.postimg.cc/T1cpcBML/bbmdd2.jpg","2023-11-16",72,5074,1,"7-7250741","11/16/2023"
"5653","Russia","Soviet Union","BMD-2","destroyed","https://i.postimg.cc/xCZChY0R/r4.png","2023-11-16",72,5075,1,"7-7250751","11/16/2023"
"5654","Russia","Soviet Union","BMD-2","destroyed","https://i.postimg.cc/mgktQddk/bbmmmd222.jpg","2023-11-16",72,5076,1,"7-7250761","11/16/2023"
"5655","Russia","Soviet Union","BMD-2","destroyed","https://i.postimg.cc/xTvdSTXR/1027.jpg","2023-11-16",72,5077,1,"7-7250771","11/16/2023"
"5656","Russia","Soviet Union","BMD-2","destroyed","https://i.postimg.cc/mkVg9MC7/bmddd2.jpg","2023-11-16",72,5078,1,"7-7250781","11/16/2023"
"5657","Russia","Soviet Union","BMD-2","destroyed","https://i.postimg.cc/0yqfdLkY/887.jpg","2023-11-16",72,5079,1,"7-7250791","11/16/2023"
"5658","Russia","Soviet Union","BMD-2","destroyed","https://i.postimg.cc/Df9dntb9/g7.png","2023-11-16",72,5080,1,"7-7250801","11/16/2023"
"5659","Russia","Soviet Union","BMD-2","destroyed","https://i.postimg.cc/Hs4Pk04p/443.png","2023-11-16",72,5081,1,"7-7250811","11/16/2023"
"5660","Russia","Soviet Union","BMD-2","destroyed","https://i.postimg.cc/hjyYDxLn/96.png","2023-11-16",72,5082,1,"7-7250821","11/16/2023"
"5661","Russia","Soviet Union","BMD-2","destroyed","https://i.postimg.cc/0QCqYTSQ/655.jpg","2023-11-16",72,5083,1,"7-7250831","11/16/2023"
"5662","Russia","Soviet Union","BMD-2","destroyed","https://i.postimg.cc/qMhYJLF9/BMD-2-destroyed.png","2023-11-16",72,5084,1,"7-7250841","11/16/2023"
"5663","Russia","Soviet Union","BMD-2","destroyed","https://i.postimg.cc/Wb49Ns62/1013.jpg","2023-11-16",72,5085,1,"7-7250851","11/16/2023"
"5664","Russia","Soviet Union","BMD-2","destroyed","https://twitter.com/UAWeapons/status/1531547384081162241","2023-11-16",72,5086,1,"7-7250861","11/16/2023"
"5665","Russia","Soviet Union","BMD-2","destroyed","https://i.postimg.cc/HLrSGbvQ/d1.png","2023-11-16",72,5087,1,"7-7250871","11/16/2023"
"5666","Russia","Soviet Union","BMD-2","destroyed","https://i.postimg.cc/MZdZQGyg/1012.jpg","2023-11-16",72,5088,1,"7-7250881","11/16/2023"
"5667","Russia","Soviet Union","BMD-2","destroyed","https://twitter.com/UAWeapons/status/1535358242645213184","2023-11-16",72,5089,1,"7-7250891","11/16/2023"
"5668","Russia","Soviet Union","BMD-2","destroyed","https://i.postimg.cc/YSdLmGG3/1004-unkn-bmd2-btrd.jpg","2023-11-16",72,5090,1,"7-7250901","11/16/2023"
"5669","Russia","Soviet Union","BMD-2","destroyed","https://i.postimg.cc/htXmLKkL/1015.jpg","2023-11-16",72,5091,1,"7-7250911","11/16/2023"
"5670","Russia","Soviet Union","BMD-2","destroyed","https://i.postimg.cc/76kTr0f9/1016.jpg","2023-11-16",72,5092,1,"7-7250921","11/16/2023"
"5671","Russia","Soviet Union","BMD-2","destroyed","https://i.postimg.cc/SxHMVw4w/1017.jpg","2023-11-16",72,5093,1,"7-7250931","11/16/2023"
"5672","Russia","Soviet Union","BMD-2","destroyed","https://i.postimg.cc/6QRGPY5T/1018.jpg","2023-11-16",72,5094,1,"7-7250941","11/16/2023"
"5673","Russia","Soviet Union","BMD-2","destroyed","https://i.postimg.cc/c1cfZ97n/1020.jpg","2023-11-16",72,5095,1,"7-7250951","11/16/2023"
"5674","Russia","Soviet Union","BMD-2","destroyed","https://twitter.com/UAWeapons/status/1547270777887723524","2023-11-16",72,5096,1,"7-7250961","11/16/2023"
"5675","Russia","Soviet Union","BMD-2","destroyed","https://postlmg.cc/K3k4cZMk","2023-11-16",72,5097,1,"7-7250971","11/16/2023"
"5676","Russia","Soviet Union","BMD-2","destroyed","https://i.postimg.cc/43hjfLtx/1018-BMD2.jpg","2023-11-16",72,5098,1,"7-7250981","11/16/2023"
"5677","Russia","Soviet Union","BMD-2","destroyed","https://i.postimg.cc/Z5Q1htWQ/1019-BMD2.jpg","2023-11-16",72,5099,1,"7-7250991","11/16/2023"
"5678","Russia","Soviet Union","BMD-2","destroyed","https://i.postimg.cc/66hgpG7n/1020-BMD2.jpg","2023-11-16",72,5100,1,"7-7251001","11/16/2023"
"5679","Russia","Soviet Union","BMD-2","destroyed","https://i.postimg.cc/Vv4VG3yD/1021-BMD2.jpg","2023-11-16",72,5101,1,"7-7251011","11/16/2023"
"5680","Russia","Soviet Union","BMD-2","destroyed","https://i.postimg.cc/1XydKyd8/1022-BMD2.jpg","2023-11-16",72,5102,1,"7-7251021","11/16/2023"
"5681","Russia","Soviet Union","BMD-2","destroyed","https://i.postimg.cc/155Tn56T/1023-BMD2.jpg","2023-11-16",72,5103,1,"7-7251031","11/16/2023"
"5682","Russia","Soviet Union","BMD-2","destroyed","https://i.postimg.cc/K8CsHPVS/1024-BMD2.jpg","2023-11-16",72,5104,1,"7-7251041","11/16/2023"
"5683","Russia","Soviet Union","BMD-2","destroyed","https://i.postimg.cc/LXt7fJxd/1025-BMD2.jpg","2023-11-16",72,5105,1,"7-7251051","11/16/2023"
"5684","Russia","Soviet Union","BMD-2","destroyed","https://i.postimg.cc/DyjNqkPz/1026-BMD2.jpg","2023-11-16",72,5106,1,"7-7251061","11/16/2023"
"5685","Russia","Soviet Union","BMD-2","destroyed","https://i.postimg.cc/YCvsRndz/1027-BMD2.jpg","2023-11-16",72,5107,1,"7-7251071","11/16/2023"
"5686","Russia","Soviet Union","BMD-2","destroyed","https://twitter.com/UAWeapons/status/1554548397562101760","2023-11-16",72,5108,1,"7-7251081","11/16/2023"
"5687","Russia","Soviet Union","BMD-2","destroyed","https://i.postimg.cc/tgXzSVcX/1014-unkn-BTR-D-BMD2.jpg","2023-11-16",72,5109,1,"7-7251091","11/16/2023"
"5688","Russia","Soviet Union","BMD-2","destroyed","https://twitter.com/UAWeapons/status/1561711928665378816","2023-11-16",72,5110,1,"7-7251101","11/16/2023"
"5689","Russia","Soviet Union","BMD-2","destroyed","https://i.postimg.cc/bJSZm78t/1001-bmd2.jpg","2023-11-16",72,5111,1,"7-7251111","11/16/2023"
"5690","Russia","Soviet Union","BMD-2","destroyed","https://i.postimg.cc/W1mC4PBt/1012-BMD-2-and-BTR-D-BMD-2-destr-08-01-23.jpg","2023-11-16",72,3024,1,"7-7230241","11/16/2023"
"5691","Russia","Soviet Union","BMD-2","destroyed","https://i.postimg.cc/kghQ7K7Z/1001-bmd2.jpg","2023-11-16",72,5112,1,"7-7251121","11/16/2023"
"5692","Russia","Soviet Union","BMD-2","destroyed","https://twitter.com/UAWeapons/status/1566548024301592577","2023-11-16",72,5113,1,"7-7251131","11/16/2023"
"5693","Russia","Soviet Union","BMD-2","destroyed","https://i.postimg.cc/g0x3PDvQ/1004-bmd2-bmp2.jpg","2023-11-16",72,5114,1,"7-7251141","11/16/2023"
"5694","Russia","Soviet Union","BMD-2","destroyed","https://i.postimg.cc/sDtN6jgy/1013-bmd2.jpg","2023-11-16",72,5115,1,"7-7251151","11/16/2023"
"5695","Russia","Soviet Union","BMD-2","destroyed","https://twitter.com/UAWeapons/status/1569347507309711362","2023-11-16",72,5116,1,"7-7251161","11/16/2023"
"5696","Russia","Soviet Union","BMD-2","destroyed","https://twitter.com/UAWeapons/status/1569743311690252292","2023-11-16",72,5117,1,"7-7251171","11/16/2023"
"5697","Russia","Soviet Union","BMD-2","destroyed","https://twitter.com/UAWeapons/status/1570427754566324225","2023-11-16",72,2405,1,"7-7224051","11/16/2023"
"5698","Russia","Soviet Union","BMD-2","destroyed","https://i.postimg.cc/KYWM7NPV/1008-bmd2.jpg","2023-11-16",72,5118,1,"7-7251181","11/16/2023"
"5699","Russia","Soviet Union","BMD-2","destroyed","https://i.postimg.cc/PxGsMLq3/1007-bmd2.jpg","2023-11-16",72,5119,1,"7-7251191","11/16/2023"
"5700","Russia","Soviet Union","BMD-2","destroyed","https://postimg.cc/py0hbHcw","2023-11-16",72,5120,1,"7-7251201","11/16/2023"
"5701","Russia","Soviet Union","BMD-2","destroyed","https://i.postimg.cc/nLVm3MFH/1010-bmd2-destr.jpg","2023-11-16",72,5121,1,"7-7251211","11/16/2023"
"5702","Russia","Soviet Union","BMD-2","destroyed","https://i.postimg.cc/mD6HzpvY/1059-bmd2-destr.jpg","2023-11-16",72,5122,1,"7-7251221","11/16/2023"
"5703","Russia","Soviet Union","BMD-2","destroyed","https://i.postimg.cc/Hnc7Q4mf/1060-bmd2-destr.jpg","2023-11-16",72,5123,1,"7-7251231","11/16/2023"
"5704","Russia","Soviet Union","BMD-2","destroyed","https://i.postimg.cc/WbQ5KQXY/1009-bmd2-destr.jpg","2023-11-16",72,5124,1,"7-7251241","11/16/2023"
"5705","Russia","Soviet Union","BMD-2","destroyed","https://i.postimg.cc/pXqF58nf/1010-bmd2-destr.jpg","2023-11-16",72,5125,1,"7-7251251","11/16/2023"
"5706","Russia","Soviet Union","BMD-2","destroyed","https://i.postimg.cc/XYmp10Zy/2022-03-11-bmd-2.jpg","2023-11-16",72,5126,1,"7-7251261","11/16/2023"
"5707","Russia","Soviet Union","BMD-2","destroyed","https://i.postimg.cc/g08qNjB5/2022-06-24-bmd-2.jpg","2023-11-16",72,5127,1,"7-7251271","11/16/2023"
"5708","Russia","Soviet Union","BMD-2","destroyed","https://i.postimg.cc/mD9hWFG3/2022-07-13-bmd-2.jpg","2023-11-16",72,5128,1,"7-7251281","11/16/2023"
"5709","Russia","Soviet Union","BMD-2","destroyed","https://i.postimg.cc/6p73Xtcr/1007-2x-bmd2-destr.jpg","2023-11-16",72,5129,1,"7-7251291","11/16/2023"
"5710","Russia","Soviet Union","BMD-2","destroyed","https://i.postimg.cc/66MMFKCK/1016-bmd2-destr-06-Oct-2022.jpg","2023-11-16",72,5130,1,"7-7251301","11/16/2023"
"5711","Russia","Soviet Union","BMD-2","destroyed","https://twitter.com/Blue_Sauron/status/1585349005659500544","2023-11-16",72,5131,1,"7-7251311","11/16/2023"
"5712","Russia","Soviet Union","BMD-2","destroyed","https://twitter.com/UAWeapons/status/1585556946194669575","2023-11-16",72,5132,1,"7-7251321","11/16/2023"
"5713","Russia","Soviet Union","BMD-2","destroyed","https://i.postimg.cc/yYZnkK9z/1012-BTR-D.jpg","2023-11-16",72,5133,1,"7-7251331","11/16/2023"
"5714","Russia","Soviet Union","BMD-2","destroyed","https://i.postimg.cc/bNCrPLp7/10-29-2022-BMD-2-destroyed.png","2023-11-16",72,5134,1,"7-7251341","11/16/2023"
"5715","Russia","Soviet Union","BMD-2","destroyed","https://twitter.com/UAWeapons/status/1590727718290993155","2023-11-16",72,5135,1,"7-7251351","11/16/2023"
"5716","Russia","Soviet Union","BMD-2","destroyed","https://i.postimg.cc/tgrVdMdv/1002-bmd2-destr-30-06-22.jpg","2023-11-16",72,5136,1,"7-7251361","11/16/2023"
"5717","Russia","Soviet Union","BMD-2","destroyed","https://i.postimg.cc/KvrWCv1x/1009-bmd2-destr.jpg","2023-11-16",72,5137,1,"7-7251371","11/16/2023"
"5718","Russia","Soviet Union","BMD-2","destroyed","https://i.postimg.cc/RV9ZSgYy/37.png","2023-11-16",72,5138,1,"7-7251381","11/16/2023"
"5719","Russia","Soviet Union","BMD-2","destroyed","https://twitter.com/UAWeapons/status/1591539898456186880","2023-11-16",72,5139,1,"7-7251391","11/16/2023"
"5720","Russia","Soviet Union","BMD-2","destroyed","https://twitter.com/UAWeapons/status/1591808966002380800","2023-11-16",72,5140,1,"7-7251401","11/16/2023"
"5721","Russia","Soviet Union","BMD-2","destroyed","https://i.postimg.cc/15Yp4TNS/1009-bmd2-destr.jpg","2023-11-16",72,5141,1,"7-7251411","11/16/2023"
"5722","Russia","Soviet Union","BMD-2","destroyed","https://i.postimg.cc/h4s8RhDf/1014-bmd2-destr.jpg","2023-11-16",72,5142,1,"7-7251421","11/16/2023"
"5723","Russia","Soviet Union","BMD-2","destroyed","https://twitter.com/UAWeapons/status/1594064584742211584","2023-11-16",72,5143,1,"7-7251431","11/16/2023"
"5724","Russia","Soviet Union","BMD-2","destroyed","https://i.postimg.cc/G2cBTfvK/2022-06-23-BMD-2-captured-Bucha.jpg","2023-11-16",72,5144,1,"7-7251441","11/16/2023"
"5725","Russia","Soviet Union","BMD-2","destroyed","https://i.postimg.cc/B61cRLWp/1001-bmd2-destr.jpg","2023-11-16",72,5145,1,"7-7251451","11/16/2023"
"5726","Russia","Soviet Union","BMD-2","destroyed","https://i.postimg.cc/J0sCsJwx/11-19-2022-BMD-2-destroyed.png","2023-11-16",72,5146,1,"7-7251461","11/16/2023"
"5727","Russia","Soviet Union","BMD-2","destroyed","https://twitter.com/naalsio26/status/1597146621623476225","2023-11-16",72,5147,1,"7-7251471","11/16/2023"
"5728","Russia","Soviet Union","BMD-2","destroyed","https://i.postimg.cc/43dvYcz2/1002-BMD-2-destr.jpg","2023-11-16",72,5148,1,"7-7251481","11/16/2023"
"5729","Russia","Soviet Union","BMD-2","destroyed","https://i.postimg.cc/xCNmKmyM/2022-04-05-BMD-2-destroyed-Kyiv.jpg","2023-11-16",72,5149,1,"7-7251491","11/16/2023"
"5730","Russia","Soviet Union","BMD-2","destroyed","https://i.postimg.cc/nc9p3TCd/1010-2-S9-Nona-120mm-SPM-destr.jpg","2023-11-16",72,5150,1,"7-7251501","11/16/2023"
"5731","Russia","Soviet Union","BMD-2","destroyed","https://postimg.cc/34tNHT1H","2023-11-16",72,5151,1,"7-7251511","11/16/2023"
"5732","Russia","Soviet Union","BMD-2","destroyed","https://i.postimg.cc/WzdM8zNw/1026-BMD-2-destr-11-01-23.jpg","2023-11-16",72,5152,1,"7-7251521","11/16/2023"
"5733","Russia","Soviet Union","BMD-2","destroyed","https://i.postimg.cc/8k4sQvJG/2022-05-26-btr-d.jpg","2023-11-16",72,5153,1,"7-7251531","11/16/2023"
"5734","Russia","Soviet Union","BMD-2","destroyed","https://i.postimg.cc/yxQ0C8Rq/1020-bmd2-destr-07-11-22.jpg","2023-11-16",72,5154,1,"7-7251541","11/16/2023"
"5735","Russia","Soviet Union","BMD-2","destroyed","https://i.postimg.cc/hGjr9f6h/1001-bmp3-destr-04-02-23.jpg","2023-11-16",72,5155,1,"7-7251551","11/16/2023"
"5736","Russia","Soviet Union","BMD-2","destroyed","https://i.postimg.cc/cHHVNT37/1037-bmd2-destr-12-02-23.jpg","2023-11-16",72,5156,1,"7-7251561","11/16/2023"
"5737","Russia","Soviet Union","BMD-2","destroyed","https://i.postimg.cc/9Q2Xj5QG/1038-bmd2-destr-12-02-23.jpg","2023-11-16",72,5157,1,"7-7251571","11/16/2023"
"5738","Russia","Soviet Union","BMD-2","destroyed","https://twitter.com/naalsio26/status/1643449201236357123","2023-11-16",72,5158,1,"7-7251581","11/16/2023"
"5739","Russia","Soviet Union","BMD-2","destroyed","https://i.postimg.cc/7Yhzytzr/1024-bmd2-destr-30-01-23.jpg","2023-11-16",72,5159,1,"7-7251591","11/16/2023"
"5740","Russia","Soviet Union","BMD-2","destroyed","https://i.postimg.cc/sgB55Hf4/1040-bmd2-destr-20-02-23.jpg","2023-11-16",72,5160,1,"7-7251601","11/16/2023"
"5741","Russia","Soviet Union","BMD-2","destroyed","https://i.postimg.cc/1XV152d0/1003-bmd2-destr-03-03-23.jpg","2023-11-16",72,5161,1,"7-7251611","11/16/2023"
"5742","Russia","Soviet Union","BMD-2","destroyed","https://i.postimg.cc/bYHzGmmn/1020-bmd2-destr-07-10-22.jpg","2023-11-16",72,5162,1,"7-7251621","11/16/2023"
"5743","Russia","Soviet Union","BMD-2","destroyed","https://i.postimg.cc/vmSm3KW2/1026-bmd2-destr-13-05-23.jpg","2023-11-16",72,5163,1,"7-7251631","11/16/2023"
"5744","Russia","Soviet Union","BMD-2","destroyed","https://i.postimg.cc/B6rnG17x/1027-bmd2-destr-13-05-23.jpg","2023-11-16",72,5164,1,"7-7251641","11/16/2023"
"5745","Russia","Soviet Union","BMD-2","destroyed","https://twitter.com/UAWeapons/status/1660389486730067974","2023-11-16",72,5165,1,"7-7251651","11/16/2023"
"5746","Russia","Soviet Union","BMD-2","destroyed","https://i.postimg.cc/85xK3GsV/1025-BMD-2-destr-01-06-23.jpg","2023-11-16",72,5166,1,"7-7251661","11/16/2023"
"5747","Russia","Soviet Union","BMD-2","destroyed","https://i.postimg.cc/m28TCmRn/1000-bmd2-destr-10-06-23.jpg","2023-11-16",72,5167,1,"7-7251671","11/16/2023"
"5748","Russia","Soviet Union","BMD-2","destroyed","https://i.postimg.cc/R02WbZBT/1018-bmd2-destr-20-04-23.jpg","2023-11-16",72,5168,1,"7-7251681","11/16/2023"
"5749","Russia","Soviet Union","BMD-2","destroyed","https://twitter.com/UAWeapons/status/1673595561407021057","2023-11-16",72,5169,1,"7-7251691","11/16/2023"
"5750","Russia","Soviet Union","BMD-2","destroyed","https://i.postimg.cc/bvxG3fkB/1011-bmd2-destr-29-06-23.jpg","2023-11-16",72,5170,1,"7-7251701","11/16/2023"
"5751","Russia","Soviet Union","BMD-2","destroyed","https://i.postimg.cc/9067DtkL/1015-bmd2-destr-23-06-23.jpg","2023-11-16",72,5171,1,"7-7251711","11/16/2023"
"5752","Russia","Soviet Union","BMD-2","destroyed","https://i.postimg.cc/52wwFTbL/1016-bmd-2-destr-23-06-23.jpg","2023-11-16",72,5172,1,"7-7251721","11/16/2023"
"5753","Russia","Soviet Union","BMD-2","destroyed","https://i.postimg.cc/0yjFc14N/1028-bmd2-destr-17-07-23.jpg","2023-11-16",72,5173,1,"7-7251731","11/16/2023"
"5754","Russia","Soviet Union","BMD-2","destroyed","https://i.postimg.cc/fb6nzqTp/1021-bmd2-destr-28-07-23.jpg","2023-11-16",72,5174,1,"7-7251741","11/16/2023"
"5755","Russia","Soviet Union","BMD-2","destroyed","https://i.postimg.cc/G2kPB9dr/1017-bmd2-destr-12-05-23.jpg","2023-11-16",72,5175,1,"7-7251751","11/16/2023"
"5756","Russia","Soviet Union","BMD-2","destroyed","https://i.postimg.cc/XqqN6wF5/1014-BMD-2-destr-31-07-23.jpg","2023-11-16",72,5176,1,"7-7251761","11/16/2023"
"5757","Russia","Soviet Union","BMD-2","destroyed","https://i.postimg.cc/DfNnb4LC/1020-BMD-2-destr-02-08-23.jpg","2023-11-16",72,5177,1,"7-7251771","11/16/2023"
"5758","Russia","Soviet Union","BMD-2","destroyed","https://i.postimg.cc/mZKhW5X2/1032-BMD-2-destr-19-07-23.jpg","2023-11-16",72,5178,1,"7-7251781","11/16/2023"
"5759","Russia","Soviet Union","BMD-2","destroyed","https://i.postimg.cc/Nj7TzbGf/1001-bmd2-destr-07-08-23.jpg","2023-11-16",72,5179,1,"7-7251791","11/16/2023"
"5760","Russia","Soviet Union","BMD-2","destroyed","https://i.postimg.cc/NLqKcpdB/1030-BMD-2-destr-30-11-22.jpg","2023-11-16",72,5180,1,"7-7251801","11/16/2023"
"5761","Russia","Soviet Union","BMD-2","destroyed","https://i.postimg.cc/gcQHx32Z/1012-BMD-2-destr-31-07-23.jpg","2023-11-16",72,5181,1,"7-7251811","11/16/2023"
"5762","Russia","Soviet Union","BMD-2","destroyed","https://i.postimg.cc/rsgrWzdJ/1006-bmd2-destr-30-10-22.jpg","2023-11-16",72,5182,1,"7-7251821","11/16/2023"
"5763","Russia","Soviet Union","BMD-2","destroyed","https://twitter.com/naalsio26/status/1698840912334397531","2023-11-16",72,5183,1,"7-7251831","11/16/2023"
"5764","Russia","Soviet Union","BMD-2","destroyed","https://i.postimg.cc/13SWCswv/35.png","2023-11-16",72,5184,1,"7-7251841","11/16/2023"
"5765","Russia","Soviet Union","BMD-2","destroyed","https://twitter.com/naalsio26/status/1702444465808453760","2023-11-16",72,5185,1,"7-7251851","11/16/2023"
"5766","Russia","Soviet Union","BMD-2","destroyed","https://i.postimg.cc/G2zTZTsC/425.png","2023-11-16",72,5186,1,"7-7251861","11/16/2023"
"5767","Russia","Soviet Union","BMD-2","destroyed","https://i.postimg.cc/Bvzf3q2s/1055-BMD-2-destr-22-09-23.jpg","2023-11-16",72,5187,1,"7-7251871","11/16/2023"
"5768","Russia","Soviet Union","BMD-2","destroyed","https://i.postimg.cc/VsSStRgL/1000-BMD-2-destr-24-07-23.jpg","2023-11-16",72,5188,1,"7-7251881","11/16/2023"
"5769","Russia","Soviet Union","BMD-2","destroyed","https://i.postimg.cc/fTZtb3zX/1003-BMD-2-destr-09-10-23.jpg","2023-11-16",72,5189,1,"7-7251891","11/16/2023"
"5770","Russia","Soviet Union","BMD-2","destroyed","https://i.postimg.cc/4xHdWgsc/1017-bmd2-destr-30-10-23.jpg","2023-11-16",72,5190,1,"7-7251901","11/16/2023"
"5771","Russia","Soviet Union","BMD-2","destroyed","https://i.postimg.cc/ncgVjPBh/1033-BMD-2-destr-25-10-23.jpg","2023-11-16",72,5191,1,"7-7251911","11/16/2023"
"5772","Russia","Soviet Union","BMD-2","destroyed","https://i.postimg.cc/FzW1dHdq/1001-bmd2-destr-03-11-23.jpg","2023-11-16",72,5192,1,"7-7251921","11/16/2023"
"5773","Russia","Soviet Union","BMD-2","destroyed","https://i.postimg.cc/43qYSCrP/1004-BMD-2-destr-20-10-23.jpg","2023-11-16",72,5193,1,"7-7251931","11/16/2023"
"5774","Russia","Soviet Union","BMD-2","destroyed","https://i.postimg.cc/wMd79Xxs/1019-BMD-2-destr-01-11-23.jpg","2023-11-16",72,5194,1,"7-7251941","11/16/2023"
"5775","Russia","Soviet Union","BMD-2","damaged","https://twitter.com/UAWeapons/status/1522706604977762313","2023-11-16",72,1014,2,"7-7210142","11/16/2023"
"5776","Russia","Soviet Union","BMD-2","damaged","https://twitter.com/UAWeapons/status/1534592976671866884","2023-11-16",72,5195,2,"7-7251952","11/16/2023"
"5777","Russia","Soviet Union","BMD-2","damaged","https://i.postimg.cc/X7HkcTPY/1000-bmd2.jpg","2023-11-16",72,5196,2,"7-7251962","11/16/2023"
"5778","Russia","Soviet Union","BMD-2","damaged","https://i.postimg.cc/8CqpssDP/1026-bmd2-dam-09-06-23.jpg","2023-11-16",72,5197,2,"7-7251972","11/16/2023"
"5779","Russia","Soviet Union","BMD-2","damaged","https://i.postimg.cc/9QnP4qPQ/1007-bmd2-dam-10-08-23.jpg","2023-11-16",72,5198,2,"7-7251982","11/16/2023"
"5780","Russia","Soviet Union","BMD-2","abandoned","https://i.postimg.cc/7hqDdFSC/1011.jpg","2023-11-16",72,5199,4,"7-7251994","11/16/2023"
"5781","Russia","Soviet Union","BMD-2","abandoned","https://i.postimg.cc/xjLsrGfV/79.png","2023-11-16",72,5200,4,"7-7252004","11/16/2023"
"5782","Russia","Soviet Union","BMD-2","abandoned","https://i.postimg.cc/5NVXwfjS/350.png","2023-11-16",72,5201,4,"7-7252014","11/16/2023"
"5783","Russia","Soviet Union","BMD-2","abandoned","https://i.postimg.cc/q7ynHGm8/r6.png","2023-11-16",72,5202,4,"7-7252024","11/16/2023"
"5784","Russia","Soviet Union","BMD-2","abandoned","https://i.postimg.cc/CL2nNvdT/699.png","2023-11-16",72,5203,4,"7-7252034","11/16/2023"
"5785","Russia","Soviet Union","BMD-2","damaged","https://i.postimg.cc/ncKxWZrF/1020-bmd2-dam-aband-08-07-23.jpg","2023-11-16",72,5204,2,"7-7252042","11/16/2023"
"5786","Russia","Soviet Union","BMD-2","abandoned","https://i.postimg.cc/ncKxWZrF/1020-bmd2-dam-aband-08-07-23.jpg","2023-11-16",72,5204,4,"7-7252044","11/16/2023"
"5787","Russia","Soviet Union","BMD-2","damaged","https://i.postimg.cc/L5WKwCtW/1004-bmd2-dam-aband-20-10-23.jpg","2023-11-16",72,5205,2,"7-7252052","11/16/2023"
"5788","Russia","Soviet Union","BMD-2","abandoned","https://i.postimg.cc/L5WKwCtW/1004-bmd2-dam-aband-20-10-23.jpg","2023-11-16",72,5205,4,"7-7252054","11/16/2023"
"5789","Russia","Soviet Union","BMD-2","captured","https://i.postimg.cc/HkfYHj7g/g5.jpg","2023-11-16",72,5206,3,"7-7252063","11/16/2023"
"5790","Russia","Soviet Union","BMD-2","captured","https://i.postimg.cc/zGLz9Tv7/g66.jpg","2023-11-16",72,5207,3,"7-7252073","11/16/2023"
"5791","Russia","Soviet Union","BMD-2","captured","https://i.postimg.cc/85LwdnhZ/4566.png","2023-11-16",72,5208,3,"7-7252083","11/16/2023"
"5792","Russia","Soviet Union","BMD-2","captured","https://i.postimg.cc/gjmQ4Pbz/ff1.png","2023-11-16",72,5209,3,"7-7252093","11/16/2023"
"5793","Russia","Soviet Union","BMD-2","captured","https://i.postimg.cc/CxQFG5Cj/4369.png","2023-11-16",72,2883,3,"7-7228833","11/16/2023"
"5794","Russia","Soviet Union","BMD-2","captured","https://i.postimg.cc/mkFD3yBJ/g3.png","2023-11-16",72,5210,3,"7-7252103","11/16/2023"
"5795","Russia","Soviet Union","BMD-2","captured","https://i.postimg.cc/8cbYfsyx/752.png","2023-11-16",72,5211,3,"7-7252113","11/16/2023"
"5796","Russia","Soviet Union","BMD-2","captured","https://i.postimg.cc/13b7j5j8/f6.jpg","2023-11-16",72,5212,3,"7-7252123","11/16/2023"
"5797","Russia","Soviet Union","BMD-2","captured","https://i.postimg.cc/brzKpBC8/4311.png","2023-11-16",72,5213,3,"7-7252133","11/16/2023"
"5798","Russia","Soviet Union","BMD-2","captured","https://i.postimg.cc/v8PQY7S5/31d.png","2023-11-16",72,5214,3,"7-7252143","11/16/2023"
"5799","Russia","Soviet Union","BMD-2","captured","https://i.postimg.cc/63qWGyGT/4331.jpg","2023-11-16",72,2694,3,"7-7226943","11/16/2023"
"5800","Russia","Soviet Union","BMD-2","captured","https://i.postimg.cc/BbnPPB4q/7699.png","2023-11-16",72,5215,3,"7-7252153","11/16/2023"
"5801","Russia","Soviet Union","BMD-2","captured","https://i.postimg.cc/FKSqkpmJ/bbmdd222.png","2023-11-16",72,5216,3,"7-7252163","11/16/2023"
"5802","Russia","Soviet Union","BMD-2","captured","https://i.postimg.cc/dVT9JRNk/5554.png","2023-11-16",72,5217,3,"7-7252173","11/16/2023"
"5803","Russia","Soviet Union","BMD-2","captured","https://i.postimg.cc/hj9H6r5q/bmdd222.jpg","2023-11-16",72,5218,3,"7-7252183","11/16/2023"
"5804","Russia","Soviet Union","BMD-2","captured","https://i.postimg.cc/JnwfpgKq/226.jpg","2023-11-16",72,5219,3,"7-7252193","11/16/2023"
"5805","Russia","Soviet Union","BMD-2","captured","https://i.postimg.cc/V6rj0wxq/56.png","2023-11-16",72,5220,3,"7-7252203","11/16/2023"
"5806","Russia","Soviet Union","BMD-2","captured","https://twitter.com/naalsio26/status/1617007401554657280","2023-11-16",72,5221,3,"7-7252213","11/16/2023"
"5807","Russia","Soviet Union","BMD-2","captured","https://i.postimg.cc/kXzBXBWj/1003-BMD-2.png","2023-11-16",72,5222,3,"7-7252223","11/16/2023"
"5808","Russia","Soviet Union","BMD-2","captured","https://i.postimg.cc/Qtcw1bHZ/Screenshot-8646.png","2023-11-16",72,5223,3,"7-7252233","11/16/2023"
"5809","Russia","Soviet Union","BMD-2","captured","https://i.postimg.cc/Sxf7n6H3/j2.jpg","2023-11-16",72,5224,3,"7-7252243","11/16/2023"
"5810","Russia","Soviet Union","BMD-2","captured","https://i.postimg.cc/Cxhn6W6r/j10.jpg","2023-11-16",72,5225,3,"7-7252253","11/16/2023"
"5811","Russia","Soviet Union","BMD-2","captured","https://i.postimg.cc/PqH9BJfW/f36.png","2023-11-16",72,5226,3,"7-7252263","11/16/2023"
"5812","Russia","Soviet Union","BMD-2","captured","https://i.postimg.cc/ncLZMtrJ/g45.jpg","2023-11-16",72,5227,3,"7-7252273","11/16/2023"
"5813","Russia","Soviet Union","BMD-2","captured","https://i.postimg.cc/L8cMyYT9/44f.jpg","2023-11-16",72,5228,3,"7-7252283","11/16/2023"
"5814","Russia","Soviet Union","BMD-2","captured","https://i.postimg.cc/Jh4jNvgF/43100.png","2023-11-16",72,5229,3,"7-7252293","11/16/2023"
"5815","Russia","Soviet Union","BMD-2","captured","https://i.postimg.cc/k4XpdWZb/665.jpg","2023-11-16",72,5230,3,"7-7252303","11/16/2023"
"5816","Russia","Soviet Union","BMD-2","captured","https://i.postimg.cc/wvHJQgCV/d8.jpg","2023-11-16",72,5231,3,"7-7252313","11/16/2023"
"5817","Russia","Soviet Union","BMD-2","damaged","https://i.postimg.cc/nc5hKV4Y/1027-bmd2.jpg","2023-11-16",72,5232,2,"7-7252322","11/16/2023"
"5818","Russia","Soviet Union","BMD-2","captured","https://i.postimg.cc/nc5hKV4Y/1027-bmd2.jpg","2023-11-16",72,5232,3,"7-7252323","11/16/2023"
"5819","Russia","Soviet Union","BMD-2","captured","https://twitter.com/UAWeapons/status/1566130196897361920","2023-11-16",72,5233,3,"7-7252333","11/16/2023"
"5820","Russia","Soviet Union","BMD-2","captured","https://twitter.com/UAWeapons/status/1566510068060852224","2023-11-16",72,5234,3,"7-7252343","11/16/2023"
"5821","Russia","Soviet Union","BMD-2","captured","https://twitter.com/UAWeapons/status/1566781550280179716","2023-11-16",72,5235,3,"7-7252353","11/16/2023"
"5822","Russia","Soviet Union","BMD-2","captured","https://twitter.com/UAWeapons/status/1593639141237002242","2023-11-16",72,5236,3,"7-7252363","11/16/2023"
"5823","Russia","Soviet Union","BMD-2","captured","https://twitter.com/Danspiun/status/1566918901170147330","2023-11-16",72,5237,3,"7-7252373","11/16/2023"
"5824","Russia","Soviet Union","BMD-2","captured","https://i.postimg.cc/j26dJ0Hd/1021-bmd2.jpg","2023-11-16",72,5238,3,"7-7252383","11/16/2023"
"5825","Russia","Soviet Union","BMD-2","damaged","https://i.postimg.cc/bJXcZ6zC/1020-bmd2-dam-capt-06-03-23.jpg","2023-11-16",72,5239,2,"7-7252392","11/16/2023"
"5826","Russia","Soviet Union","BMD-2","captured","https://i.postimg.cc/bJXcZ6zC/1020-bmd2-dam-capt-06-03-23.jpg","2023-11-16",72,5239,3,"7-7252393","11/16/2023"
"5827","Russia","Soviet Union","BMD-2","captured","https://i.postimg.cc/s22TFHyj/1003-bmd2.jpg","2023-11-16",72,5240,3,"7-7252403","11/16/2023"
"5828","Russia","Soviet Union","BMD-2","captured","https://twitter.com/UAWeapons/status/1575037072339271680","2023-11-16",72,5241,3,"7-7252413","11/16/2023"
"5829","Russia","Soviet Union","BMD-2","captured","https://i.postimg.cc/c197nQ4K/BMD-2-Kherson-region.png","2023-11-16",72,5242,3,"7-7252423","11/16/2023"
"5830","Russia","Soviet Union","BMD-2","captured","https://i.postimg.cc/8P08Y3hq/1011-bmd2-capt.jpg","2023-11-16",72,5243,3,"7-7252433","11/16/2023"
"5831","Russia","Soviet Union","BMD-2","captured","https://twitter.com/UAWeapons/status/1578400346359169024","2023-11-16",72,5244,3,"7-7252443","11/16/2023"
"5832","Russia","Soviet Union","BMD-2","captured","https://i.postimg.cc/TYsxfSK7/1005-bmd2-capt.jpg","2023-11-16",72,5245,3,"7-7252453","11/16/2023"
"5833","Russia","Soviet Union","BMD-2","captured","https://i.postimg.cc/8zrS5HW1/1006-bmd2-capt.jpg","2023-11-16",72,5246,3,"7-7252463","11/16/2023"
"5834","Russia","Soviet Union","BMD-2","captured","https://i.postimg.cc/7L8yT2MS/1007-bmd2-capt.jpg","2023-11-16",72,5247,3,"7-7252473","11/16/2023"
"5835","Russia","Soviet Union","BMD-2","captured","https://i.postimg.cc/8ktDnsNV/1008-bmd2-capt.jpg","2023-11-16",72,5248,3,"7-7252483","11/16/2023"
"5836","Russia","Soviet Union","BMD-2","captured","https://i.postimg.cc/yNpBp6gm/2022-04-05-bmd-2.jpg","2023-11-16",72,5249,3,"7-7252493","11/16/2023"
"5837","Russia","Soviet Union","BMD-2","damaged","https://i.postimg.cc/PxmkcXR1/1001-bmd2-dam-capt.jpg","2023-11-16",72,5250,2,"7-7252502","11/16/2023"
"5838","Russia","Soviet Union","BMD-2","captured","https://i.postimg.cc/PxmkcXR1/1001-bmd2-dam-capt.jpg","2023-11-16",72,5250,3,"7-7252503","11/16/2023"
"5839","Russia","Soviet Union","BMD-2","captured","https://i.postimg.cc/yYHQnk5W/1011-bmd2-capt-6-3.jpg","2023-11-16",72,5251,3,"7-7252513","11/16/2023"
"5840","Russia","Soviet Union","BMD-2","captured","https://i.postimg.cc/9MP1fWSq/1030-bmd2-capt.jpg","2023-11-16",72,5252,3,"7-7252523","11/16/2023"
"5841","Russia","Soviet Union","BMD-2","captured","https://i.postimg.cc/JhcgX0hj/1014-bmd2-capt.jpg","2023-11-16",72,5253,3,"7-7252533","11/16/2023"
"5842","Russia","Soviet Union","BMD-2","captured","https://i.postimg.cc/SxgQsNGF/1032-bmd2-capt-19-01-23.jpg","2023-11-16",72,5254,3,"7-7252543","11/16/2023"
"5843","Russia","Soviet Union","BMD-2","captured","https://i.postimg.cc/TYm1dJFj/1033-BMD-2-capt-19-07-23.jpg","2023-11-16",72,5255,3,"7-7252553","11/16/2023"
"5844","Russia","Soviet Union","BMD-2","captured","https://i.postimg.cc/HkMYQ994/1034-bmd2-capt-31-07-23.jpg","2023-11-16",72,5256,3,"7-7252563","11/16/2023"
"5845","Russia","Soviet Union","BMD-2","captured","https://i.postimg.cc/qMtZ2zLN/1022-btr-d.jpg","2023-11-16",72,5257,3,"7-7252573","11/16/2023"
"5846","Russia","Russia","BMD-4M","destroyed","https://postlmg.cc/vDYpVm04","2023-11-16",73,5258,1,"7-7352581","11/16/2023"
"5847","Russia","Russia","BMD-4M","destroyed","https://twitter.com/naalsio26/status/1646298059565826055","2023-11-16",73,5259,1,"7-7352591","11/16/2023"
"5848","Russia","Russia","BMD-4M","destroyed","https://i.postimg.cc/VkZh32ty/31d1.png","2023-11-16",73,5260,1,"7-7352601","11/16/2023"
"5849","Russia","Russia","BMD-4M","destroyed","https://i.postimg.cc/L5Gn7kq7/1028-BMD4-M.jpg","2023-11-16",73,5261,1,"7-7352611","11/16/2023"
"5850","Russia","Russia","BMD-4M","destroyed","https://i.postimg.cc/wB9P5sq2/BMD-4-M-destroyed.png","2023-11-16",73,5262,1,"7-7352621","11/16/2023"
"5851","Russia","Russia","BMD-4M","destroyed","https://i.postimg.cc/bwDnbPzb/1003.jpg","2023-11-16",73,5263,1,"7-7352631","11/16/2023"
"5852","Russia","Russia","BMD-4M","destroyed","https://i.postimg.cc/VNpbMGvw/36.png","2023-11-16",73,5264,1,"7-7352641","11/16/2023"
"5853","Russia","Russia","BMD-4M","destroyed","https://i.postimg.cc/vmr8FZ7x/46.png","2023-11-16",73,5265,1,"7-7352651","11/16/2023"
"5854","Russia","Russia","BMD-4M","destroyed","https://i.postimg.cc/4x8qKkJ2/31d.png","2023-11-16",73,5266,1,"7-7352661","11/16/2023"
"5855","Russia","Russia","BMD-4M","destroyed","https://i.postimg.cc/PxwDNw1S/328.png","2023-11-16",73,5267,1,"7-7352671","11/16/2023"
"5856","Russia","Russia","BMD-4M","destroyed","https://i.postimg.cc/tC3jcKg7/489.png","2023-11-16",73,5268,1,"7-7352681","11/16/2023"
"5857","Russia","Russia","BMD-4M","destroyed","https://i.postimg.cc/26J9bv70/m8.jpg","2023-11-16",73,5269,1,"7-7352691","11/16/2023"
"5858","Russia","Russia","BMD-4M","destroyed","https://postimg.cc/gxGvJGms","2023-11-16",73,5270,1,"7-7352701","11/16/2023"
"5859","Russia","Russia","BMD-4M","destroyed","https://i.postimg.cc/kGcF1R6C/332.png","2023-11-16",73,5271,1,"7-7352711","11/16/2023"
"5860","Russia","Russia","BMD-4M","destroyed","https://i.postimg.cc/8505Jdb5/1029-BMD4-M.jpg","2023-11-16",73,5272,1,"7-7352721","11/16/2023"
"5861","Russia","Russia","BMD-4M","destroyed","https://i.postimg.cc/1RKfY62Y/887.png","2023-11-16",73,5273,1,"7-7352731","11/16/2023"
"5862","Russia","Russia","BMD-4M","destroyed","https://postimg.cc/7GfzWswh","2023-11-16",73,5274,1,"7-7352741","11/16/2023"
"5863","Russia","Russia","BMD-4M","destroyed","https://i.postimg.cc/13fFqqxf/h7.jpg","2023-11-16",73,5275,1,"7-7352751","11/16/2023"
"5864","Russia","Russia","BMD-4M","destroyed","https://i.postimg.cc/gkY4fVJw/47.png","2023-11-16",73,5276,1,"7-7352761","11/16/2023"
"5865","Russia","Russia","BMD-4M","destroyed","https://i.postimg.cc/FR9rXCJd/764.png","2023-11-16",73,5277,1,"7-7352771","11/16/2023"
"5866","Russia","Russia","BMD-4M","destroyed","https://i.postimg.cc/VktSgT8X/443.png","2023-11-16",73,5278,1,"7-7352781","11/16/2023"
"5867","Russia","Russia","BMD-4M","destroyed","https://twitter.com/UAWeapons/status/1587377574866571267","2023-11-16",73,5279,1,"7-7352791","11/16/2023"
"5868","Russia","Russia","BMD-4M","destroyed","https://i.postimg.cc/fWGnsrbp/47.png","2023-11-16",73,5280,1,"7-7352801","11/16/2023"
"5869","Russia","Russia","BMD-4M","destroyed","https://twitter.com/UAWeapons/status/1520387930858168320","2023-11-16",73,5281,1,"7-7352811","11/16/2023"
"5870","Russia","Russia","BMD-4M","destroyed","https://i.postimg.cc/3rk40dLS/542.png","2023-11-16",73,5282,1,"7-7352821","11/16/2023"
"5871","Russia","Russia","BMD-4M","destroyed","https://twitter.com/UAWeapons/status/1537885697721241600","2023-11-16",73,2354,1,"7-7323541","11/16/2023"
"5872","Russia","Russia","BMD-4M","destroyed","https://i.postimg.cc/gJRBS0s9/1030.jpg","2023-11-16",73,5283,1,"7-7352831","11/16/2023"
"5873","Russia","Russia","BMD-4M","destroyed","https://i.postimg.cc/ZnxsmDXV/1028.jpg","2023-11-16",73,5284,1,"7-7352841","11/16/2023"
"5874","Russia","Russia","BMD-4M","destroyed","https://i.postimg.cc/tR3MFY7W/1029.jpg","2023-11-16",73,5285,1,"7-7352851","11/16/2023"
"5875","Russia","Russia","BMD-4M","destroyed","https://i.postimg.cc/YCKvz3BL/1030-BMD4-M.jpg","2023-11-16",73,5286,1,"7-7352861","11/16/2023"
"5876","Russia","Russia","BMD-4M","destroyed","https://i.postimg.cc/J7HrrCVs/1028-bmd4.jpg","2023-11-16",73,5287,1,"7-7352871","11/16/2023"
"5877","Russia","Russia","BMD-4M","destroyed","https://i.postimg.cc/Mp7vPQzP/1034-BMD4-M.jpg","2023-11-16",73,5288,1,"7-7352881","11/16/2023"
"5878","Russia","Russia","BMD-4M","destroyed","https://i.postimg.cc/TYqj7gsQ/1003-bmd4.jpg","2023-11-16",73,5289,1,"7-7352891","11/16/2023"
"5879","Russia","Russia","BMD-4M","destroyed","https://i.postimg.cc/DwjL7Fbn/1004-bmd4.jpg","2023-11-16",73,5290,1,"7-7352901","11/16/2023"
"5880","Russia","Russia","BMD-4M","destroyed","https://i.postimg.cc/qM21Btk0/1005-bmd4.jpg","2023-11-16",73,5291,1,"7-7352911","11/16/2023"
"5881","Russia","Russia","BMD-4M","destroyed","https://i.postimg.cc/rFCKDWjC/1002-BMD-4-M.jpg","2023-11-16",73,5292,1,"7-7352921","11/16/2023"
"5882","Russia","Russia","BMD-4M","destroyed","https://i.postimg.cc/26vhcfQZ/2022-06-02-BMD-4-M.jpg","2023-11-16",73,5293,1,"7-7352931","11/16/2023"
"5883","Russia","Russia","BMD-4M","destroyed","https://i.postimg.cc/XYDKcdKt/2022-04-28-bmd-4m.jpg","2023-11-16",73,5294,1,"7-7352941","11/16/2023"
"5884","Russia","Russia","BMD-4M","destroyed","https://twitter.com/UAWeapons/status/1592961940011487234","2023-11-16",73,5295,1,"7-7352951","11/16/2023"
"5885","Russia","Russia","BMD-4M","destroyed","https://i.postimg.cc/Ls3m18jG/11-16-2022-BMD-4-M-destroyed.jpg","2023-11-16",73,5296,1,"7-7352961","11/16/2023"
"5886","Russia","Russia","BMD-4M","destroyed","https://i.postimg.cc/wjFcx2ss/1001-bmp3-destr.jpg","2023-11-16",73,5297,1,"7-7352971","11/16/2023"
"5887","Russia","Russia","BMD-4M","destroyed","https://i.postimg.cc/Ls5jRTRq/1002-BMD-4-destr-06-01-23.jpg","2023-11-16",73,5298,1,"7-7352981","11/16/2023"
"5888","Russia","Russia","BMD-4M","destroyed","https://i.postimg.cc/pdqfn8BW/1500-bmp3-destr.jpg","2023-11-16",73,5299,1,"7-7352991","11/16/2023"
"5889","Russia","Russia","BMD-4M","destroyed","https://i.postimg.cc/ZYBdhj9T/1006-BMD-4-M-destr-14-01-23.jpg","2023-11-16",73,5300,1,"7-7353001","11/16/2023"
"5890","Russia","Russia","BMD-4M","destroyed","https://twitter.com/UAWeapons/status/1616792046689189888","2023-11-16",73,5301,1,"7-7353011","11/16/2023"
"5891","Russia","Russia","BMD-4M","destroyed","https://i.postimg.cc/RC6QS62Q/1006-bmd4m-destr-22-01-23.jpg","2023-11-16",73,5302,1,"7-7353021","11/16/2023"
"5892","Russia","Russia","BMD-4M","destroyed","https://i.postimg.cc/DfRz4tw8/1013-bmd4m-destr-31-08-22.jpg","2023-11-16",73,5303,1,"7-7353031","11/16/2023"
"5893","Russia","Russia","BMD-4M","destroyed","https://i.postimg.cc/0yCsBd3L/f50.png","2023-11-16",73,5304,1,"7-7353041","11/16/2023"
"5894","Russia","Russia","BMD-4M","destroyed","https://twitter.com/naalsio26/status/1643362913158156292","2023-11-16",73,5305,1,"7-7353051","11/16/2023"
"5895","Russia","Russia","BMD-4M","destroyed","https://i.postimg.cc/Rhd9kqnH/66593.png","2023-11-16",73,5306,1,"7-7353061","11/16/2023"
"5896","Russia","Russia","BMD-4M","destroyed","https://i.postimg.cc/Cx6M3Smx/1001-BMD-4-M-destr-23-05-23.jpg","2023-11-16",73,5307,1,"7-7353071","11/16/2023"
"5897","Russia","Russia","BMD-4M","destroyed","https://i.postimg.cc/4Nk2QXr6/1030-bmd4m-destr-04-06-23.jpg","2023-11-16",73,5308,1,"7-7353081","11/16/2023"
"5898","Russia","Russia","BMD-4M","destroyed","https://twitter.com/UAWeapons/status/1669650394501246977","2023-11-16",73,5309,1,"7-7353091","11/16/2023"
"5899","Russia","Russia","BMD-4M","destroyed","https://twitter.com/UAWeapons/status/1673255797130686466","2023-11-16",73,5310,1,"7-7353101","11/16/2023"
"5900","Russia","Russia","BMD-4M","destroyed","https://i.postimg.cc/0QTfm4kB/1064-bmd4m-destr-13-06-23.jpg","2023-11-16",73,5311,1,"7-7353111","11/16/2023"
"5901","Russia","Russia","BMD-4M","destroyed","https://i.postimg.cc/DfdKbvPw/1041-BMD-4-M-destr-11-07-23.jpg","2023-11-16",73,5312,1,"7-7353121","11/16/2023"
"5902","Russia","Russia","BMD-4M","destroyed","https://i.postimg.cc/z3mC8wNj/1003-bmd4-destr-23-07-23.jpg","2023-11-16",73,5313,1,"7-7353131","11/16/2023"
"5903","Russia","Russia","BMD-4M","destroyed","https://i.postimg.cc/tRM9c2hK/1025-bmd4m-dam-27-07-23.jpg","2023-11-16",73,5314,1,"7-7353141","11/16/2023"
"5904","Russia","Russia","BMD-4M","destroyed","https://i.postimg.cc/J0TpgrSJ/1001-bmd4m-destr-17-08-23.jpg","2023-11-16",73,5315,1,"7-7353151","11/16/2023"
"5905","Russia","Russia","BMD-4M","destroyed","https://i.postimg.cc/vHBqnn6v/1007-bmd4m-destr-18-08-23.jpg","2023-11-16",73,5316,1,"7-7353161","11/16/2023"
"5906","Russia","Russia","BMD-4M","destroyed","https://i.postimg.cc/CxCgcWQ2/1020-bmd4m-destr-22-08-23.jpg","2023-11-16",73,5317,1,"7-7353171","11/16/2023"
"5907","Russia","Russia","BMD-4M","destroyed","https://twitter.com/UAWeapons/status/1695502263022748045","2023-11-16",73,5318,1,"7-7353181","11/16/2023"
"5908","Russia","Russia","BMD-4M","destroyed","https://twitter.com/UAWeapons/status/1699339313714991424","2023-11-16",73,5319,1,"7-7353191","11/16/2023"
"5909","Russia","Russia","BMD-4M","destroyed","https://i.postimg.cc/6qg80n6T/32887.png","2023-11-16",73,5320,1,"7-7353201","11/16/2023"
"5910","Russia","Russia","BMD-4M","destroyed","https://i.postimg.cc/8cMfYfdP/1014-bmd4m-destr-13-10-23.jpg","2023-11-16",73,5321,1,"7-7353211","11/16/2023"
"5911","Russia","Russia","BMD-4M","destroyed","https://i.postimg.cc/1zXnQj0d/1039-bmd4m-destr-14-10-23.jpg","2023-11-16",73,5322,1,"7-7353221","11/16/2023"
"5912","Russia","Russia","BMD-4M","destroyed","https://i.postimg.cc/Hkpy3L8H/1032-bmd4m-destr-08-06-23.jpg","2023-11-16",73,5323,1,"7-7353231","11/16/2023"
"5913","Russia","Russia","BMD-4M","damaged","https://i.postimg.cc/pd3x9ZVG/1033-bmd2-dam-02-05-23.jpg","2023-11-16",73,5324,2,"7-7353242","11/16/2023"
"5914","Russia","Russia","BMD-4M","damaged","https://i.postimg.cc/k5cn6cNQ/1030-bmd4m-dam-10-08-23.jpg","2023-11-16",73,5325,2,"7-7353252","11/16/2023"
"5915","Russia","Russia","BMD-4M","damaged","https://i.postimg.cc/5txMTsc2/1011-bmd4m-dam-22-08-23.jpg","2023-11-16",73,5326,2,"7-7353262","11/16/2023"
"5916","Russia","Russia","BMD-4M","damaged","https://i.postimg.cc/KYVQ34Vs/1012-BMD-4-dam-aband-30-06-23.jpg","2023-11-16",73,5327,2,"7-7353272","11/16/2023"
"5917","Russia","Russia","BMD-4M","abandoned","https://i.postimg.cc/KYVQ34Vs/1012-BMD-4-dam-aband-30-06-23.jpg","2023-11-16",73,5327,4,"7-7353274","11/16/2023"
"5918","Russia","Russia","BMD-4M","damaged","https://i.postimg.cc/zv6MwhLd/1002-bmd4m-dam-aband-31-10-23.jpg","2023-11-16",73,5328,2,"7-7353282","11/16/2023"
"5919","Russia","Russia","BMD-4M","abandoned","https://i.postimg.cc/zv6MwhLd/1002-bmd4m-dam-aband-31-10-23.jpg","2023-11-16",73,5328,4,"7-7353284","11/16/2023"
"5920","Russia","Russia","BMD-4M","damaged","https://i.postimg.cc/NfryXnSw/1032-BMD4-M.jpg","2023-11-16",73,5329,2,"7-7353292","11/16/2023"
"5921","Russia","Russia","BMD-4M","captured","https://i.postimg.cc/NfryXnSw/1032-BMD4-M.jpg","2023-11-16",73,5329,3,"7-7353293","11/16/2023"
"5922","Russia","Russia","BMD-4M","captured","https://i.postimg.cc/rmQV5Mdk/7io.jpg","2023-11-16",73,5330,3,"7-7353303","11/16/2023"
"5923","Russia","Russia","BMD-4M","captured","https://i.postimg.cc/KctKcZ6s/f6.jpg","2023-11-16",73,5331,3,"7-7353313","11/16/2023"
"5924","Russia","Russia","BMD-4M","captured","https://i.postimg.cc/QdftqHCS/433.png","2023-11-16",73,5332,3,"7-7353323","11/16/2023"
"5925","Russia","Russia","BMD-4M","captured","https://i.postimg.cc/PqdmJXWx/56.png","2023-11-16",73,5333,3,"7-7353333","11/16/2023"
"5926","Russia","Russia","BMD-4M","captured","https://i.postimg.cc/V6GCvp8t/cn.jpg","2023-11-16",73,5334,3,"7-7353343","11/16/2023"
"5927","Russia","Russia","BMD-4M","captured","https://i.postimg.cc/KvF02Nwn/g00.png","2023-11-16",73,5335,3,"7-7353353","11/16/2023"
"5928","Russia","Russia","BMD-4M","captured","https://i.postimg.cc/bvCr0GcK/f431.jpg","2023-11-16",73,5336,3,"7-7353363","11/16/2023"
"5929","Russia","Russia","BMD-4M","captured","https://twitter.com/UAWeapons/status/1532052853606473729","2023-11-16",73,5337,3,"7-7353373","11/16/2023"
"5930","Russia","Russia","BMD-4M","captured","https://i.postimg.cc/t4297Q5q/65.png","2023-11-16",73,5338,3,"7-7353383","11/16/2023"
"5931","Russia","Russia","BMD-4M","captured","https://i.postimg.cc/CxGLCNhQ/2022-03-04-BMD-4-M-captured-Hostomel.jpg","2023-11-16",73,5339,3,"7-7353393","11/16/2023"
"5932","Russia","Russia","BMD-4M","damaged","https://i.postimg.cc/44w2nPnd/1019-BMD-4-M-dam-capt-18-08-23.jpg","2023-11-16",73,5340,2,"7-7353402","11/16/2023"
"5933","Russia","Russia","BMD-4M","captured","https://i.postimg.cc/44w2nPnd/1019-BMD-4-M-dam-capt-18-08-23.jpg","2023-11-16",73,5340,3,"7-7353403","11/16/2023"
"5934","Russia","Russia","552 BTR-82A(M)","destroyed","https://i.postimg.cc/85gFCPXs/bb1.png","2023-11-16",74,5341,1,"7-7453411","11/16/2023"
"5935","Russia","Russia","552 BTR-82A(M)","destroyed","https://i.postimg.cc/kXQV46L8/gg5.jpg","2023-11-16",74,5342,1,"7-7453421","11/16/2023"
"5936","Russia","Russia","552 BTR-82A(M)","destroyed","https://i.postimg.cc/fLfVC59M/o9.png","2023-11-16",74,5343,1,"7-7453431","11/16/2023"
"5937","Russia","Russia","552 BTR-82A(M)","destroyed","https://i.postimg.cc/T2mBfj1J/3rr.png","2023-11-16",74,5344,1,"7-7453441","11/16/2023"
"5938","Russia","Russia","552 BTR-82A(M)","destroyed","https://i.postimg.cc/rwBjMGCL/f45.png","2023-11-16",74,5345,1,"7-7453451","11/16/2023"
"5939","Russia","Russia","552 BTR-82A(M)","destroyed","https://i.postimg.cc/L6Y9kSnP/3d29.png","2023-11-16",74,5346,1,"7-7453461","11/16/2023"
"5940","Russia","Russia","552 BTR-82A(M)","destroyed","https://i.postimg.cc/vTB5NYNc/1001.jpg","2023-11-16",74,5347,1,"7-7453471","11/16/2023"
"5941","Russia","Russia","552 BTR-82A(M)","destroyed","https://i.postimg.cc/ZnxvZwsq/377.png","2023-11-16",74,5348,1,"7-7453481","11/16/2023"
"5942","Russia","Russia","552 BTR-82A(M)","destroyed","https://i.postimg.cc/QNFVSr4y/97.jpg","2023-11-16",74,5349,1,"7-7453491","11/16/2023"
"5943","Russia","Russia","552 BTR-82A(M)","destroyed","https://i.postimg.cc/sX6ZN5DV/43147.png","2023-11-16",74,5350,1,"7-7453501","11/16/2023"
"5944","Russia","Russia","552 BTR-82A(M)","destroyed","https://i.postimg.cc/kXN80wNc/33215.png","2023-11-16",74,5351,1,"7-7453511","11/16/2023"
"5945","Russia","Russia","552 BTR-82A(M)","destroyed","https://i.postimg.cc/T1YzwHZQ/431g.png","2023-11-16",74,5352,1,"7-7453521","11/16/2023"
"5946","Russia","Russia","552 BTR-82A(M)","destroyed","https://i.postimg.cc/yYfdBtrV/5hs.png","2023-11-16",74,5353,1,"7-7453531","11/16/2023"
"5947","Russia","Russia","552 BTR-82A(M)","destroyed","https://i.postimg.cc/vmhx7WvM/579.png","2023-11-16",74,5354,1,"7-7453541","11/16/2023"
"5948","Russia","Russia","552 BTR-82A(M)","destroyed","https://i.postimg.cc/9FfLxHM6/bk.jpg","2023-11-16",74,5355,1,"7-7453551","11/16/2023"
"5949","Russia","Russia","552 BTR-82A(M)","destroyed","https://i.postimg.cc/7h7n7vr5/466.jpg","2023-11-16",74,5356,1,"7-7453561","11/16/2023"
"5950","Russia","Russia","552 BTR-82A(M)","destroyed","https://i.postimg.cc/8P8299hw/425.png","2023-11-16",74,5357,1,"7-7453571","11/16/2023"
"5951","Russia","Russia","552 BTR-82A(M)","destroyed","https://i.postimg.cc/pX6DMmZQ/2fl.jpg","2023-11-16",74,5358,1,"7-7453581","11/16/2023"
"5952","Russia","Russia","552 BTR-82A(M)","destroyed","https://postlmg.cc/Dm6csM4Y","2023-11-16",74,5359,1,"7-7453591","11/16/2023"
"5953","Russia","Russia","552 BTR-82A(M)","destroyed","https://i.postimg.cc/cHMX5Q6P/f5.png","2023-11-16",74,5360,1,"7-7453601","11/16/2023"
"5954","Russia","Russia","552 BTR-82A(M)","destroyed","https://i.postimg.cc/MGtnPHqd/g55.png","2023-11-16",74,5361,1,"7-7453611","11/16/2023"
"5955","Russia","Russia","552 BTR-82A(M)","destroyed","https://i.postimg.cc/rFym7vdd/1064-btr82a.jpg","2023-11-16",74,5362,1,"7-7453621","11/16/2023"
"5956","Russia","Russia","552 BTR-82A(M)","destroyed","https://i.postimg.cc/DyJs79db/766.jpg","2023-11-16",74,5363,1,"7-7453631","11/16/2023"
"5957","Russia","Russia","552 BTR-82A(M)","destroyed","https://i.postimg.cc/vBkZHHZZ/1006-btr82a-destr.jpg","2023-11-16",74,5364,1,"7-7453641","11/16/2023"
"5958","Russia","Russia","552 BTR-82A(M)","destroyed","https://twitter.com/UAWeapons/status/1506219574508892165","2023-11-16",74,5365,1,"7-7453651","11/16/2023"
"5959","Russia","Russia","552 BTR-82A(M)","destroyed","https://i.postimg.cc/VLpFFQ78/36p.png","2023-11-16",74,5366,1,"7-7453661","11/16/2023"
"5960","Russia","Russia","552 BTR-82A(M)","destroyed","https://i.postimg.cc/XJFBcP12/33f.png","2023-11-16",74,5367,1,"7-7453671","11/16/2023"
"5961","Russia","Russia","552 BTR-82A(M)","destroyed","https://i.postimg.cc/KYmPhWwL/579.png","2023-11-16",74,5368,1,"7-7453681","11/16/2023"
"5962","Russia","Russia","552 BTR-82A(M)","destroyed","https://i.postimg.cc/50rwLjPZ/gmm.jpg","2023-11-16",74,5369,1,"7-7453691","11/16/2023"
"5963","Russia","Russia","552 BTR-82A(M)","destroyed","https://i.postimg.cc/m2nnJ630/3d1.png","2023-11-16",74,5370,1,"7-7453701","11/16/2023"
"5964","Russia","Russia","552 BTR-82A(M)","destroyed","https://i.postimg.cc/3JxwwYtD/46.png","2023-11-16",74,5371,1,"7-7453711","11/16/2023"
"5965","Russia","Russia","552 BTR-82A(M)","destroyed","https://i.postimg.cc/rFMf0Y44/336.png","2023-11-16",74,5372,1,"7-7453721","11/16/2023"
"5966","Russia","Russia","552 BTR-82A(M)","destroyed","https://i.postimg.cc/9FvYvXr6/543.png","2023-11-16",74,5373,1,"7-7453731","11/16/2023"
"5967","Russia","Russia","552 BTR-82A(M)","destroyed","https://i.postimg.cc/TP2ZyGVN/47.png","2023-11-16",74,5374,1,"7-7453741","11/16/2023"
"5968","Russia","Russia","552 BTR-82A(M)","destroyed","https://i.postimg.cc/QN6rh1q2/82.jpg","2023-11-16",74,5375,1,"7-7453751","11/16/2023"
"5969","Russia","Russia","552 BTR-82A(M)","destroyed","https://i.postimg.cc/XYLkTFmp/687.jpg","2023-11-16",74,5376,1,"7-7453761","11/16/2023"
"5970","Russia","Russia","552 BTR-82A(M)","destroyed","https://i.postimg.cc/59Sv9rwj/4789.png","2023-11-16",74,5377,1,"7-7453771","11/16/2023"
"5971","Russia","Russia","552 BTR-82A(M)","destroyed","https://i.postimg.cc/6QMfM50s/nm4.jpg","2023-11-16",74,5378,1,"7-7453781","11/16/2023"
"5972","Russia","Russia","552 BTR-82A(M)","destroyed","https://i.postimg.cc/3R6CHSVn/nm3.jpg","2023-11-16",74,5379,1,"7-7453791","11/16/2023"
"5973","Russia","Russia","552 BTR-82A(M)","destroyed","https://i.postimg.cc/zGvvczFd/3223.png","2023-11-16",74,5380,1,"7-7453801","11/16/2023"
"5974","Russia","Russia","552 BTR-82A(M)","destroyed","https://i.postimg.cc/Cx7Wdkbp/d321.jpg","2023-11-16",74,5381,1,"7-7453811","11/16/2023"
"5975","Russia","Russia","552 BTR-82A(M)","destroyed","https://i.postimg.cc/LXcJhvWx/b1.png","2023-11-16",74,5382,1,"7-7453821","11/16/2023"
"5976","Russia","Russia","552 BTR-82A(M)","destroyed","https://i.postimg.cc/7hSfz08w/b2.png","2023-11-16",74,5383,1,"7-7453831","11/16/2023"
"5977","Russia","Russia","552 BTR-82A(M)","destroyed","https://i.postimg.cc/rFhmTQWf/1065-btr82a.jpg","2023-11-16",74,5384,1,"7-7453841","11/16/2023"
"5978","Russia","Russia","552 BTR-82A(M)","destroyed","https://i.postimg.cc/2jJVcstj/3g.jpg","2023-11-16",74,5385,1,"7-7453851","11/16/2023"
"5979","Russia","Russia","552 BTR-82A(M)","destroyed","https://i.postimg.cc/P5k4yKvZ/65j.png","2023-11-16",74,5386,1,"7-7453861","11/16/2023"
"5980","Russia","Russia","552 BTR-82A(M)","destroyed","https://i.postimg.cc/zDFMHh5n/187.png","2023-11-16",74,5387,1,"7-7453871","11/16/2023"
"5981","Russia","Russia","552 BTR-82A(M)","destroyed","https://i.postimg.cc/NG9kwZ1m/bt2.jpg","2023-11-16",74,5388,1,"7-7453881","11/16/2023"
"5982","Russia","Russia","552 BTR-82A(M)","destroyed","https://i.postimg.cc/mrpCvSkm/321.jpg","2023-11-16",74,5389,1,"7-7453891","11/16/2023"
"5983","Russia","Russia","552 BTR-82A(M)","destroyed","https://postimg.cc/xJgHCx4t","2023-11-16",74,5390,1,"7-7453901","11/16/2023"
"5984","Russia","Russia","552 BTR-82A(M)","destroyed","https://i.postimg.cc/j2KrNPLN/24.png","2023-11-16",74,5391,1,"7-7453911","11/16/2023"
"5985","Russia","Russia","552 BTR-82A(M)","destroyed","https://i.postimg.cc/mgPC4L1M/v1.png","2023-11-16",74,5392,1,"7-7453921","11/16/2023"
"5986","Russia","Russia","552 BTR-82A(M)","destroyed","https://i.postimg.cc/yd4GJfTJ/1500-btr82.jpg","2023-11-16",74,5393,1,"7-7453931","11/16/2023"
"5987","Russia","Russia","552 BTR-82A(M)","destroyed","https://i.postimg.cc/tJRnMpHs/v3.png","2023-11-16",74,5394,1,"7-7453941","11/16/2023"
"5988","Russia","Russia","552 BTR-82A(M)","destroyed","https://i.postimg.cc/KzfRLwgx/v4.png","2023-11-16",74,5395,1,"7-7453951","11/16/2023"
"5989","Russia","Russia","552 BTR-82A(M)","destroyed","https://i.postimg.cc/ydc3JXMB/b5.png","2023-11-16",74,5396,1,"7-7453961","11/16/2023"
"5990","Russia","Russia","552 BTR-82A(M)","destroyed","https://i.postimg.cc/qqjkMY9r/1011-btr82a-destr.jpg","2023-11-16",74,5397,1,"7-7453971","11/16/2023"
"5991","Russia","Russia","552 BTR-82A(M)","destroyed","https://i.postimg.cc/Znc6HPxD/76.jpg","2023-11-16",74,5398,1,"7-7453981","11/16/2023"
"5992","Russia","Russia","552 BTR-82A(M)","destroyed","https://i.postimg.cc/kMx3FbWz/btr822aa.jpg","2023-11-16",74,5399,1,"7-7453991","11/16/2023"
"5993","Russia","Russia","552 BTR-82A(M)","destroyed","https://i.postimg.cc/ht6tzv2x/1066-btr82a.jpg","2023-11-16",74,5400,1,"7-7454001","11/16/2023"
"5994","Russia","Russia","552 BTR-82A(M)","destroyed","https://i.postimg.cc/SK8DFWQp/btr822a.jpg","2023-11-16",74,5401,1,"7-7454011","11/16/2023"
"5995","Russia","Russia","552 BTR-82A(M)","destroyed","https://i.postimg.cc/kXfHfFG1/btr.jpg","2023-11-16",74,5402,1,"7-7454021","11/16/2023"
"5996","Russia","Russia","552 BTR-82A(M)","destroyed","https://i.postimg.cc/c1728NSN/btrr.jpg","2023-11-16",74,5403,1,"7-7454031","11/16/2023"
"5997","Russia","Russia","552 BTR-82A(M)","destroyed","https://i.postimg.cc/x8QZF6L7/btrrr.jpg","2023-11-16",74,5404,1,"7-7454041","11/16/2023"
"5998","Russia","Russia","552 BTR-82A(M)","destroyed","https://i.postimg.cc/qRdBwYVv/1067-btr82a.jpg","2023-11-16",74,5405,1,"7-7454051","11/16/2023"
"5999","Russia","Russia","552 BTR-82A(M)","destroyed","https://i.postimg.cc/9QXhfQRS/btrr822.jpg","2023-11-16",74,5406,1,"7-7454061","11/16/2023"
"6000","Russia","Russia","552 BTR-82A(M)","destroyed","https://i.postimg.cc/k4mWN9MK/d3.jpg","2023-11-16",74,5407,1,"7-7454071","11/16/2023"
"6001","Russia","Russia","552 BTR-82A(M)","destroyed","https://i.postimg.cc/ydycv5W5/d4.jpg","2023-11-16",74,5408,1,"7-7454081","11/16/2023"
"6002","Russia","Russia","552 BTR-82A(M)","destroyed","https://i.postimg.cc/7hK7jc4t/d2.jpg","2023-11-16",74,5409,1,"7-7454091","11/16/2023"
"6003","Russia","Russia","552 BTR-82A(M)","destroyed","https://i.postimg.cc/ZqN80VP0/d1.jpg","2023-11-16",74,5410,1,"7-7454101","11/16/2023"
"6004","Russia","Russia","552 BTR-82A(M)","destroyed","https://i.postimg.cc/2j7x4csZ/3dl.jpg","2023-11-16",74,5411,1,"7-7454111","11/16/2023"
"6005","Russia","Russia","552 BTR-82A(M)","destroyed","https://i.postimg.cc/hPX9Gpsd/37.jpg","2023-11-16",74,5412,1,"7-7454121","11/16/2023"
"6006","Russia","Russia","552 BTR-82A(M)","destroyed","https://i.postimg.cc/ZnrXkMnW/328j.jpg","2023-11-16",74,5413,1,"7-7454131","11/16/2023"
"6007","Russia","Russia","552 BTR-82A(M)","destroyed","https://i.postimg.cc/j2Q33n3N/d15.png","2023-11-16",74,5414,1,"7-7454141","11/16/2023"
"6008","Russia","Russia","552 BTR-82A(M)","destroyed","https://i.postimg.cc/J4VTB093/28.png","2023-11-16",74,5415,1,"7-7454151","11/16/2023"
"6009","Russia","Russia","552 BTR-82A(M)","destroyed","https://i.postimg.cc/WbFxpPMx/335.png","2023-11-16",74,5416,1,"7-7454161","11/16/2023"
"6010","Russia","Russia","552 BTR-82A(M)","destroyed","https://i.postimg.cc/cL79616k/337.png","2023-11-16",74,5417,1,"7-7454171","11/16/2023"
"6011","Russia","Russia","552 BTR-82A(M)","destroyed","https://i.postimg.cc/SKz39r9p/3350.png","2023-11-16",74,5418,1,"7-7454181","11/16/2023"
"6012","Russia","Russia","552 BTR-82A(M)","destroyed","https://i.postimg.cc/qMLt6kqF/1055-btr82a-destr-08-10-23.jpg","2023-11-16",74,5419,1,"7-7454191","11/16/2023"
"6013","Russia","Russia","552 BTR-82A(M)","destroyed","https://i.postimg.cc/gkhmvsWY/47.jpg","2023-11-16",74,5420,1,"7-7454201","11/16/2023"
"6014","Russia","Russia","552 BTR-82A(M)","destroyed","https://i.postimg.cc/d0ccGZJX/3d.jpg","2023-11-16",74,5421,1,"7-7454211","11/16/2023"
"6015","Russia","Russia","552 BTR-82A(M)","destroyed","https://i.postimg.cc/jj60cq5j/4f.jpg","2023-11-16",74,5422,1,"7-7454221","11/16/2023"
"6016","Russia","Russia","552 BTR-82A(M)","destroyed","https://i.postimg.cc/9M2SQnXJ/g4.png","2023-11-16",74,5423,1,"7-7454231","11/16/2023"
"6017","Russia","Russia","552 BTR-82A(M)","destroyed","https://twitter.com/UAWeapons/status/1525872035439726593","2023-11-16",74,5424,1,"7-7454241","11/16/2023"
"6018","Russia","Russia","552 BTR-82A(M)","destroyed","https://i.postimg.cc/ZnpHvcn9/43823.png","2023-11-16",74,5425,1,"7-7454251","11/16/2023"
"6019","Russia","Russia","552 BTR-82A(M)","destroyed","https://twitter.com/UAWeapons/status/1530936343244771328","2023-11-16",74,5426,1,"7-7454261","11/16/2023"
"6020","Russia","Russia","552 BTR-82A(M)","destroyed","https://i.postimg.cc/50p4Bn1g/988.jpg","2023-11-16",74,5427,1,"7-7454271","11/16/2023"
"6021","Russia","Russia","552 BTR-82A(M)","destroyed","https://i.postimg.cc/Dw1dF0PH/1035-BTR82-A.jpg","2023-11-16",74,5428,1,"7-7454281","11/16/2023"
"6022","Russia","Russia","552 BTR-82A(M)","destroyed","https://i.postimg.cc/zXQb8dN2/4313.png","2023-11-16",74,5429,1,"7-7454291","11/16/2023"
"6023","Russia","Russia","552 BTR-82A(M)","destroyed","https://i.postimg.cc/bJPS4sPz/82.jpg","2023-11-16",74,5430,1,"7-7454301","11/16/2023"
"6024","Russia","Russia","552 BTR-82A(M)","destroyed","https://i.postimg.cc/qqbttw3R/Gp-PGI4f7-png-medium.png","2023-11-16",74,5431,1,"7-7454311","11/16/2023"
"6025","Russia","Russia","552 BTR-82A(M)","destroyed","https://twitter.com/Blue_Sauron/status/1543976425191006208","2023-11-16",74,5432,1,"7-7454321","11/16/2023"
"6026","Russia","Russia","552 BTR-82A(M)","destroyed","https://i.postimg.cc/kgRGwPgR/1002.jpg","2023-11-16",74,5433,1,"7-7454331","11/16/2023"
"6027","Russia","Russia","552 BTR-82A(M)","destroyed","https://i.postimg.cc/7Y6fG2vV/1003.jpg","2023-11-16",74,5434,1,"7-7454341","11/16/2023"
"6028","Russia","Russia","552 BTR-82A(M)","destroyed","https://i.postimg.cc/X73gC381/1004.jpg","2023-11-16",74,5435,1,"7-7454351","11/16/2023"
"6029","Russia","Russia","552 BTR-82A(M)","destroyed","https://i.postimg.cc/wjMPR42C/1008.jpg","2023-11-16",74,5436,1,"7-7454361","11/16/2023"
"6030","Russia","Russia","552 BTR-82A(M)","destroyed","https://i.postimg.cc/pyb8xjbg/1006.jpg","2023-11-16",74,5437,1,"7-7454371","11/16/2023"
"6031","Russia","Russia","552 BTR-82A(M)","destroyed","https://i.postimg.cc/d0vR0FW1/1036-BTR82-A.jpg","2023-11-16",74,5438,1,"7-7454381","11/16/2023"
"6032","Russia","Russia","552 BTR-82A(M)","destroyed","https://twitter.com/UAWeapons/status/1552408615159472133","2023-11-16",74,5439,1,"7-7454391","11/16/2023"
"6033","Russia","Russia","552 BTR-82A(M)","destroyed","https://i.postimg.cc/V65fCK6w/1007-btr82a.jpg","2023-11-16",74,5440,1,"7-7454401","11/16/2023"
"6034","Russia","Russia","552 BTR-82A(M)","destroyed","https://twitter.com/UAWeapons/status/1556214456669052929","2023-11-16",74,1362,1,"7-7413621","11/16/2023"
"6035","Russia","Russia","552 BTR-82A(M)","destroyed","https://i.postimg.cc/BQRtJP5N/1000-btr82a.jpg","2023-11-16",74,5441,1,"7-7454411","11/16/2023"
"6036","Russia","Russia","552 BTR-82A(M)","destroyed","https://twitter.com/RALee85/status/1557671172699000832","2023-11-16",74,5442,1,"7-7454421","11/16/2023"
"6037","Russia","Russia","552 BTR-82A(M)","destroyed","https://twitter.com/UAWeapons/status/1559191182411964425","2023-11-16",74,5443,1,"7-7454431","11/16/2023"
"6038","Russia","Russia","552 BTR-82A(M)","destroyed","https://twitter.com/RALee85/status/1559974897841065984","2023-11-16",74,5444,1,"7-7454441","11/16/2023"
"6039","Russia","Russia","552 BTR-82A(M)","destroyed","https://twitter.com/UAWeapons/status/1561093959723765760","2023-11-16",74,5445,1,"7-7454451","11/16/2023"
"6040","Russia","Russia","552 BTR-82A(M)","destroyed","https://i.postimg.cc/brQwkgCy/h5.jpg","2023-11-16",74,5446,1,"7-7454461","11/16/2023"
"6041","Russia","Russia","552 BTR-82A(M)","destroyed","https://twitter.com/UAWeapons/status/1507114939764420620","2023-11-16",74,5447,1,"7-7454471","11/16/2023"
"6042","Russia","Russia","552 BTR-82A(M)","destroyed","https://i.postimg.cc/J0rrVkhw/1068-btr82a.jpg","2023-11-16",74,5448,1,"7-7454481","11/16/2023"
"6043","Russia","Russia","552 BTR-82A(M)","destroyed","https://i.postimg.cc/h4s48pCK/1069-btr82a.jpg","2023-11-16",74,5449,1,"7-7454491","11/16/2023"
"6044","Russia","Russia","552 BTR-82A(M)","destroyed","https://i.postimg.cc/85Bp0HNB/1070-btr82a.jpg","2023-11-16",74,5450,1,"7-7454501","11/16/2023"
"6045","Russia","Russia","552 BTR-82A(M)","destroyed","https://i.postimg.cc/4xm3xVQs/1071-btr82a.jpg","2023-11-16",74,5451,1,"7-7454511","11/16/2023"
"6046","Russia","Russia","552 BTR-82A(M)","destroyed","https://i.postimg.cc/mkB7chgH/1000-btr82a.jpg","2023-11-16",74,5452,1,"7-7454521","11/16/2023"
"6047","Russia","Russia","552 BTR-82A(M)","destroyed","https://i.postimg.cc/5tbgy9jC/1011-bre82a.jpg","2023-11-16",74,5453,1,"7-7454531","11/16/2023"
"6048","Russia","Russia","552 BTR-82A(M)","destroyed","https://twitter.com/RALee85/status/1564497882409062401","2023-11-16",74,5454,1,"7-7454541","11/16/2023"
"6049","Russia","Russia","552 BTR-82A(M)","destroyed","https://twitter.com/naalsio26/status/1648064844023713807","2023-11-16",74,5455,1,"7-7454551","11/16/2023"
"6050","Russia","Russia","552 BTR-82A(M)","destroyed","https://i.postimg.cc/7h6Cr0KD/1039-btr82.jpg","2023-11-16",74,5456,1,"7-7454561","11/16/2023"
"6051","Russia","Russia","552 BTR-82A(M)","destroyed","https://i.postimg.cc/m2sRtwLd/1001-btr82a.jpg","2023-11-16",74,5457,1,"7-7454571","11/16/2023"
"6052","Russia","Russia","552 BTR-82A(M)","destroyed","https://i.postimg.cc/1XQjF3sX/1006-btr82.jpg","2023-11-16",74,5458,1,"7-7454581","11/16/2023"
"6053","Russia","Russia","552 BTR-82A(M)","destroyed","https://i.postimg.cc/FRshJsSy/1017-btr82a.jpg","2023-11-16",74,5459,1,"7-7454591","11/16/2023"
"6054","Russia","Russia","552 BTR-82A(M)","destroyed","https://twitter.com/UAWeapons/status/1568988977075736576","2023-11-16",74,5460,1,"7-7454601","11/16/2023"
"6055","Russia","Russia","552 BTR-82A(M)","destroyed","https://twitter.com/UAWeapons/status/1569062661937152002","2023-11-16",74,5461,1,"7-7454611","11/16/2023"
"6056","Russia","Russia","552 BTR-82A(M)","destroyed","https://twitter.com/UAWeapons/status/1569229402860552192","2023-11-16",74,1326,1,"7-7413261","11/16/2023"
"6057","Russia","Russia","552 BTR-82A(M)","destroyed","https://twitter.com/UAWeapons/status/1569426437119123458","2023-11-16",74,1372,1,"7-7413721","11/16/2023"
"6058","Russia","Russia","552 BTR-82A(M)","destroyed","https://i.postimg.cc/sxnYMxNj/1018-btr82a.jpg","2023-11-16",74,5462,1,"7-7454621","11/16/2023"
"6059","Russia","Russia","552 BTR-82A(M)","destroyed","https://twitter.com/UAWeapons/status/1570506077929877504","2023-11-16",74,1667,1,"7-7416671","11/16/2023"
"6060","Russia","Russia","552 BTR-82A(M)","destroyed","https://twitter.com/UAWeapons/status/1570810376840957953","2023-11-16",74,5463,1,"7-7454631","11/16/2023"
"6061","Russia","Russia","552 BTR-82A(M)","destroyed","https://i.postimg.cc/FK8CbXQ3/2022-09-18-BTR-82-A.jpg","2023-11-16",74,5464,1,"7-7454641","11/16/2023"
"6062","Russia","Russia","552 BTR-82A(M)","destroyed","https://i.postimg.cc/Bb4PMS3K/5580.png","2023-11-16",74,5465,1,"7-7454651","11/16/2023"
"6063","Russia","Russia","552 BTR-82A(M)","destroyed","https://i.postimg.cc/FFnr4K3N/2022-09-19-BTR-82-A.jpg","2023-11-16",74,5466,1,"7-7454661","11/16/2023"
"6064","Russia","Russia","552 BTR-82A(M)","destroyed","https://twitter.com/UAWeapons/status/1572972291624951809","2023-11-16",74,305,1,"7-743051","11/16/2023"
"6065","Russia","Russia","552 BTR-82A(M)","destroyed","https://twitter.com/UAWeapons/status/1572964845389058048","2023-11-16",74,5467,1,"7-7454671","11/16/2023"
"6066","Russia","Russia","552 BTR-82A(M)","destroyed","https://twitter.com/UAWeapons/status/1573697820699271168","2023-11-16",74,4478,1,"7-7444781","11/16/2023"
"6067","Russia","Russia","552 BTR-82A(M)","destroyed","https://i.postimg.cc/zDTZbMkk/1001-btr82a.jpg","2023-11-16",74,5468,1,"7-7454681","11/16/2023"
"6068","Russia","Russia","552 BTR-82A(M)","destroyed","https://i.postimg.cc/jqg1V3jn/1027-btr82a.jpg","2023-11-16",74,5469,1,"7-7454691","11/16/2023"
"6069","Russia","Russia","552 BTR-82A(M)","destroyed","https://i.postimg.cc/43cc36JX/1008-BTR-82-A-destr.jpg","2023-11-16",74,5470,1,"7-7454701","11/16/2023"
"6070","Russia","Russia","552 BTR-82A(M)","destroyed","https://twitter.com/UAWeapons/status/1575226529868840961","2023-11-16",74,5471,1,"7-7454711","11/16/2023"
"6071","Russia","Russia","552 BTR-82A(M)","destroyed","https://i.postimg.cc/XY0ypJKB/1006-btr82a.jpg","2023-11-16",74,5472,1,"7-7454721","11/16/2023"
"6072","Russia","Russia","552 BTR-82A(M)","destroyed","https://twitter.com/UAWeapons/status/1575137334529507330","2023-11-16",74,5473,1,"7-7454731","11/16/2023"
"6073","Russia","Russia","552 BTR-82A(M)","destroyed","https://twitter.com/UAWeapons/status/1575874463387701248","2023-11-16",74,5474,1,"7-7454741","11/16/2023"
"6074","Russia","Russia","552 BTR-82A(M)","destroyed","https://i.postimg.cc/TPsRsYsx/1000-btr82a-destr.jpg","2023-11-16",74,5475,1,"7-7454751","11/16/2023"
"6075","Russia","Russia","552 BTR-82A(M)","destroyed","https://twitter.com/UAWeapons/status/1576274996707487744","2023-11-16",74,5476,1,"7-7454761","11/16/2023"
"6076","Russia","Russia","552 BTR-82A(M)","destroyed","https://i.postimg.cc/VLB6H8S3/1005-btr82a-destr.jpg","2023-11-16",74,5477,1,"7-7454771","11/16/2023"
"6077","Russia","Russia","552 BTR-82A(M)","destroyed","https://i.postimg.cc/hvvg9yLM/1015-btr82a.jpg","2023-11-16",74,5478,1,"7-7454781","11/16/2023"
"6078","Russia","Russia","552 BTR-82A(M)","destroyed","https://i.postimg.cc/0NG8xJ5G/1021-btr82a-destr.jpg","2023-11-16",74,5479,1,"7-7454791","11/16/2023"
"6079","Russia","Russia","552 BTR-82A(M)","destroyed","https://i.postimg.cc/90fPSBxp/2022-04-03-BTR-82-A.jpg","2023-11-16",74,5480,1,"7-7454801","11/16/2023"
"6080","Russia","Russia","552 BTR-82A(M)","destroyed","https://twitter.com/UAWeapons/status/1577310974427639809","2023-11-16",74,5481,1,"7-7454811","11/16/2023"
"6081","Russia","Russia","552 BTR-82A(M)","destroyed","https://i.postimg.cc/rpQ9dgTx/1033-btr82a-destr.jpg","2023-11-16",74,5482,1,"7-7454821","11/16/2023"
"6082","Russia","Russia","552 BTR-82A(M)","destroyed","https://i.postimg.cc/GmMQtqdY/1034-btr82a-destr.jpg","2023-11-16",74,5483,1,"7-7454831","11/16/2023"
"6083","Russia","Russia","552 BTR-82A(M)","destroyed","https://twitter.com/UAWeapons/status/1577995665854046216","2023-11-16",74,5484,1,"7-7454841","11/16/2023"
"6084","Russia","Russia","552 BTR-82A(M)","destroyed","https://i.postimg.cc/Fzkx83tk/BTR-82-A-Yampil.png","2023-11-16",74,5485,1,"7-7454851","11/16/2023"
"6085","Russia","Russia","552 BTR-82A(M)","destroyed","https://i.postimg.cc/fy7GhDdg/1023-btr82a-destr.jpg","2023-11-16",74,5486,1,"7-7454861","11/16/2023"
"6086","Russia","Russia","552 BTR-82A(M)","destroyed","https://postlmg.cc/TyNWD1zF","2023-11-16",74,5487,1,"7-7454871","11/16/2023"
"6087","Russia","Russia","552 BTR-82A(M)","destroyed","https://i.postimg.cc/hvFsfvPJ/BTR-82-A-destroyed.png","2023-11-16",74,5488,1,"7-7454881","11/16/2023"
"6088","Russia","Russia","552 BTR-82A(M)","destroyed","https://i.postimg.cc/W4dv8Twb/1018-BTR-82-A-destr.png","2023-11-16",74,5489,1,"7-7454891","11/16/2023"
"6089","Russia","Russia","552 BTR-82A(M)","destroyed","https://i.postimg.cc/x1H3rQWW/1008-btr82a-10-10-2022.jpg","2023-11-16",74,5490,1,"7-7454901","11/16/2023"
"6090","Russia","Russia","552 BTR-82A(M)","destroyed","https://i.postimg.cc/9fYPMpXb/1009-btr82a-10-10-2022.jpg","2023-11-16",74,5491,1,"7-7454911","11/16/2023"
"6091","Russia","Russia","552 BTR-82A(M)","destroyed","https://i.postimg.cc/nLJYp5xM/1021-btr82a-destr.jpg","2023-11-16",74,5492,1,"7-7454921","11/16/2023"
"6092","Russia","Russia","552 BTR-82A(M)","destroyed","https://i.postimg.cc/DwV1PD85/1043-btr82a-destr.jpg","2023-11-16",74,5493,1,"7-7454931","11/16/2023"
"6093","Russia","Russia","552 BTR-82A(M)","destroyed","https://i.postimg.cc/brfQLhz1/1012-btr82a-destr.jpg","2023-11-16",74,5494,1,"7-7454941","11/16/2023"
"6094","Russia","Russia","552 BTR-82A(M)","destroyed","https://i.postimg.cc/qM7qk7y3/2022-03-30-btr-82a.jpg","2023-11-16",74,5495,1,"7-7454951","11/16/2023"
"6095","Russia","Russia","552 BTR-82A(M)","destroyed","https://i.postimg.cc/8PtxdpFN/2022-04-01-btr-82a-1.jpg","2023-11-16",74,5496,1,"7-7454961","11/16/2023"
"6096","Russia","Russia","552 BTR-82A(M)","destroyed","https://i.postimg.cc/MHYNFxd0/2022-04-01-btr-82a-2.jpg","2023-11-16",74,5497,1,"7-7454971","11/16/2023"
"6097","Russia","Russia","552 BTR-82A(M)","destroyed","https://i.postimg.cc/rsfp16Xs/2022-04-12-btr-82a.jpg","2023-11-16",74,5498,1,"7-7454981","11/16/2023"
"6098","Russia","Russia","552 BTR-82A(M)","destroyed","https://i.postimg.cc/2Sv2X012/2022-04-21-btr-82a.jpg","2023-11-16",74,5499,1,"7-7454991","11/16/2023"
"6099","Russia","Russia","552 BTR-82A(M)","destroyed","https://i.postimg.cc/Y0ChBHqM/5g6.png","2023-11-16",74,5500,1,"7-7455001","11/16/2023"
"6100","Russia","Russia","552 BTR-82A(M)","destroyed","https://i.postimg.cc/SQG7xjBy/2022-05-08-btr-82a.jpg","2023-11-16",74,5501,1,"7-7455011","11/16/2023"
"6101","Russia","Russia","552 BTR-82A(M)","destroyed","https://i.postimg.cc/25kwXTL5/2022-05-12-btr-82a.jpg","2023-11-16",74,5502,1,"7-7455021","11/16/2023"
"6102","Russia","Russia","552 BTR-82A(M)","destroyed","https://i.postimg.cc/JzyQHP3R/2022-05-17-btr-82a.jpg","2023-11-16",74,5503,1,"7-7455031","11/16/2023"
"6103","Russia","Russia","552 BTR-82A(M)","destroyed","https://i.postimg.cc/NFNQpkN3/2022-05-31-btr-82a-2.jpg","2023-11-16",74,5504,1,"7-7455041","11/16/2023"
"6104","Russia","Russia","552 BTR-82A(M)","destroyed","https://i.postimg.cc/QMJSjVk7/2022-05-31-btr-82a.jpg","2023-11-16",74,5505,1,"7-7455051","11/16/2023"
"6105","Russia","Russia","552 BTR-82A(M)","destroyed","https://i.postimg.cc/4yLzm9mK/2022-06-05-btr-82a.jpg","2023-11-16",74,5506,1,"7-7455061","11/16/2023"
"6106","Russia","Russia","552 BTR-82A(M)","destroyed","https://i.postimg.cc/C1M75YmQ/2022-06-11-btr-82a.jpg","2023-11-16",74,5507,1,"7-7455071","11/16/2023"
"6107","Russia","Russia","552 BTR-82A(M)","destroyed","https://i.postimg.cc/wT519x8b/2022-06-20-btr-82a.jpg","2023-11-16",74,5508,1,"7-7455081","11/16/2023"
"6108","Russia","Russia","552 BTR-82A(M)","destroyed","https://i.postimg.cc/CK9nBTnX/2022-06-30-btr-82a-x2.jpg","2023-11-16",74,5509,1,"7-7455091","11/16/2023"
"6109","Russia","Russia","552 BTR-82A(M)","destroyed","https://i.postimg.cc/jSsL2VRq/2022-07-03-btr-82a.jpg","2023-11-16",74,5510,1,"7-7455101","11/16/2023"
"6110","Russia","Russia","552 BTR-82A(M)","destroyed","https://i.postimg.cc/VLwJccWy/1029-btr82a-destr-30-10-22.jpg","2023-11-16",74,5511,1,"7-7455111","11/16/2023"
"6111","Russia","Russia","552 BTR-82A(M)","destroyed","https://i.postimg.cc/xjZsgcDb/2022-08-09-btr-82a.jpg","2023-11-16",74,5512,1,"7-7455121","11/16/2023"
"6112","Russia","Russia","552 BTR-82A(M)","destroyed","https://i.postimg.cc/L5KsMwyp/2022-08-24-btr-82a.jpg","2023-11-16",74,5513,1,"7-7455131","11/16/2023"
"6113","Russia","Russia","552 BTR-82A(M)","destroyed","https://i.postimg.cc/ZR786pSq/1010-btr82a-destr-09-01-23.jpg","2023-11-16",74,5514,1,"7-7455141","11/16/2023"
"6114","Russia","Russia","552 BTR-82A(M)","destroyed","https://i.postimg.cc/qB3CWWsb/2022-10-10-btr-82a-x2.jpg","2023-11-16",74,5515,1,"7-7455151","11/16/2023"
"6115","Russia","Russia","552 BTR-82A(M)","destroyed","https://i.postimg.cc/vHbRqP0h/1017-btr82a-destr.jpg","2023-11-16",74,5516,1,"7-7455161","11/16/2023"
"6116","Russia","Russia","552 BTR-82A(M)","destroyed","https://i.postimg.cc/g018RYXV/1017-btr82a-destr-07-Oct-2022.jpg","2023-11-16",74,5517,1,"7-7455171","11/16/2023"
"6117","Russia","Russia","552 BTR-82A(M)","destroyed","https://i.postimg.cc/Bv2QYs7c/1018-btr82a-destr-30-Sep-2022.jpg","2023-11-16",74,5518,1,"7-7455181","11/16/2023"
"6118","Russia","Russia","552 BTR-82A(M)","destroyed","https://i.postimg.cc/FKXKXHNz/08-30-2022-BTR-82-A-destroyed-Bilohirka-Kherson-region.png","2023-11-16",74,5519,1,"7-7455191","11/16/2023"
"6119","Russia","Russia","552 BTR-82A(M)","destroyed","https://i.postimg.cc/d1FFqScX/1017-btr82a-destr.jpg","2023-11-16",74,5520,1,"7-7455201","11/16/2023"
"6120","Russia","Russia","552 BTR-82A(M)","destroyed","https://twitter.com/UAWeapons/status/1585207857653649408","2023-11-16",74,5521,1,"7-7455211","11/16/2023"
"6121","Russia","Russia","552 BTR-82A(M)","destroyed","https://i.postimg.cc/cHtYNxWT/10-10-2022-BTR-82-AT-destroyed-Lyman-district.png","2023-11-16",74,5522,1,"7-7455221","11/16/2023"
"6122","Russia","Russia","552 BTR-82A(M)","destroyed","https://i.postimg.cc/yxn8RcnJ/1500-btr82a.jpg","2023-11-16",74,5523,1,"7-7455231","11/16/2023"
"6123","Russia","Russia","552 BTR-82A(M)","destroyed","https://i.postimg.cc/htXhPDty/1026-btr82a-destr-25-06-23.jpg","2023-11-16",74,5524,1,"7-7455241","11/16/2023"
"6124","Russia","Russia","552 BTR-82A(M)","destroyed","https://i.postimg.cc/kGS85w7k/1006-btr82a-destr.jpg","2023-11-16",74,5525,1,"7-7455251","11/16/2023"
"6125","Russia","Russia","552 BTR-82A(M)","destroyed","https://i.postimg.cc/sDF7LFcy/1007-btr82a-destr.jpg","2023-11-16",74,5526,1,"7-7455261","11/16/2023"
"6126","Russia","Russia","552 BTR-82A(M)","destroyed","https://i.postimg.cc/hGt49XJv/67.jpg","2023-11-16",74,5527,1,"7-7455271","11/16/2023"
"6127","Russia","Russia","552 BTR-82A(M)","destroyed","https://twitter.com/UAWeapons/status/1587877743336849410","2023-11-16",74,4683,1,"7-7446831","11/16/2023"
"6128","Russia","Russia","552 BTR-82A(M)","destroyed","https://i.postimg.cc/x8P7bMHS/1015-btr82a-destr-6-11.jpg","2023-11-16",74,5528,1,"7-7455281","11/16/2023"
"6129","Russia","Russia","552 BTR-82A(M)","destroyed","https://i.postimg.cc/T2QCgRFG/1026-btr82a-destr-4-11.jpg","2023-11-16",74,5529,1,"7-7455291","11/16/2023"
"6130","Russia","Russia","552 BTR-82A(M)","destroyed","https://twitter.com/UAWeapons/status/1588143551334039552","2023-11-16",74,5530,1,"7-7455301","11/16/2023"
"6131","Russia","Russia","552 BTR-82A(M)","destroyed","https://twitter.com/UAWeapons/status/1588999384540549120","2023-11-16",74,5531,1,"7-7455311","11/16/2023"
"6132","Russia","Russia","552 BTR-82A(M)","destroyed","https://i.postimg.cc/yxGJX4M6/1008-btr82a-destr-18-10.jpg","2023-11-16",74,5532,1,"7-7455321","11/16/2023"
"6133","Russia","Russia","552 BTR-82A(M)","destroyed","https://i.postimg.cc/BbbLKQww/1009-btr82a-destr-25-10.jpg","2023-11-16",74,5533,1,"7-7455331","11/16/2023"
"6134","Russia","Russia","552 BTR-82A(M)","destroyed","https://twitter.com/UAWeapons/status/1591539522655117312","2023-11-16",74,765,1,"7-747651","11/16/2023"
"6135","Russia","Russia","552 BTR-82A(M)","destroyed","https://i.postimg.cc/YqqhZfKw/1027-btr82a-destr-24-02-23.jpg","2023-11-16",74,5534,1,"7-7455341","11/16/2023"
"6136","Russia","Russia","552 BTR-82A(M)","destroyed","https://twitter.com/UAWeapons/status/1591372411005718528","2023-11-16",74,5535,1,"7-7455351","11/16/2023"
"6137","Russia","Russia","552 BTR-82A(M)","destroyed","https://i.postimg.cc/ZK4q8psD/1034-btr82a-destr.jpg","2023-11-16",74,5536,1,"7-7455361","11/16/2023"
"6138","Russia","Russia","552 BTR-82A(M)","destroyed","https://i.postimg.cc/sDKgdG2S/1001-btr82a-destr.jpg","2023-11-16",74,5537,1,"7-7455371","11/16/2023"
"6139","Russia","Russia","552 BTR-82A(M)","destroyed","https://i.postimg.cc/ZqVMPXT7/1002-btr82a-destr.jpg","2023-11-16",74,5538,1,"7-7455381","11/16/2023"
"6140","Russia","Russia","552 BTR-82A(M)","destroyed","https://i.postimg.cc/vBK2k9x5/1003-btr82a-destr.jpg","2023-11-16",74,5539,1,"7-7455391","11/16/2023"
"6141","Russia","Russia","552 BTR-82A(M)","destroyed","https://i.postimg.cc/9fc19QZ5/1007-btr-82a-destr.jpg","2023-11-16",74,5540,1,"7-7455401","11/16/2023"
"6142","Russia","Russia","552 BTR-82A(M)","destroyed","https://i.postimg.cc/GtXvFg7k/1006-btr82a-destr.jpg","2023-11-16",74,5541,1,"7-7455411","11/16/2023"
"6143","Russia","Russia","552 BTR-82A(M)","destroyed","https://i.postimg.cc/YqXHGRV0/1012-btr82a-destr.jpg","2023-11-16",74,5542,1,"7-7455421","11/16/2023"
"6144","Russia","Russia","552 BTR-82A(M)","destroyed","https://i.postimg.cc/NMfv4cWQ/1014-btr82a-destr.jpg","2023-11-16",74,5543,1,"7-7455431","11/16/2023"
"6145","Russia","Russia","552 BTR-82A(M)","destroyed","https://twitter.com/UAWeapons/status/1597208161047703553","2023-11-16",74,5544,1,"7-7455441","11/16/2023"
"6146","Russia","Russia","552 BTR-82A(M)","destroyed","https://i.postimg.cc/7LgxD0nw/1018-BTR-82-AT-destr.jpg","2023-11-16",74,5545,1,"7-7455451","11/16/2023"
"6147","Russia","Russia","552 BTR-82A(M)","destroyed","https://i.postimg.cc/7LfTHBQ0/1030-btr82a-destr.jpg","2023-11-16",74,5546,1,"7-7455461","11/16/2023"
"6148","Russia","Russia","552 BTR-82A(M)","destroyed","https://i.postimg.cc/NfkRbDDP/1006-btr82a-destr.jpg","2023-11-16",74,5547,1,"7-7455471","11/16/2023"
"6149","Russia","Russia","552 BTR-82A(M)","destroyed","https://i.postimg.cc/1zf6mQQL/1007-btr82a-destr.jpg","2023-11-16",74,5548,1,"7-7455481","11/16/2023"
"6150","Russia","Russia","552 BTR-82A(M)","destroyed","https://i.postimg.cc/s2qW1Nf1/1026-btr82a-destr.jpg","2023-11-16",74,5549,1,"7-7455491","11/16/2023"
"6151","Russia","Russia","552 BTR-82A(M)","destroyed","https://twitter.com/UAWeapons/status/1600596811957342316","2023-11-16",74,5550,1,"7-7455501","11/16/2023"
"6152","Russia","Russia","552 BTR-82A(M)","destroyed","https://twitter.com/naalsio26/status/1648431825365393408","2023-11-16",74,5551,1,"7-7455511","11/16/2023"
"6153","Russia","Russia","552 BTR-82A(M)","destroyed","https://i.postimg.cc/d16rdYvQ/1005-btr82a-destr-01-01-23.jpg","2023-11-16",74,5552,1,"7-7455521","11/16/2023"
"6154","Russia","Russia","552 BTR-82A(M)","destroyed","https://i.postimg.cc/BZNF8QCp/2022-04-14-BTR-82-A-destroyed-Kharkiv.jpg","2023-11-16",74,5553,1,"7-7455531","11/16/2023"
"6155","Russia","Russia","552 BTR-82A(M)","destroyed","https://i.postimg.cc/NMbm6gR1/2022-07-14-BTR-82-A-destroyed-Shevchenkove.jpg","2023-11-16",74,5554,1,"7-7455541","11/16/2023"
"6156","Russia","Russia","552 BTR-82A(M)","destroyed","https://i.postimg.cc/MTyBNzVQ/1005-btr82a-destr.jpg","2023-11-16",74,5555,1,"7-7455551","11/16/2023"
"6157","Russia","Russia","552 BTR-82A(M)","destroyed","https://i.postimg.cc/cLdkvLyQ/1006-btr82a-destr.jpg","2023-11-16",74,5556,1,"7-7455561","11/16/2023"
"6158","Russia","Russia","552 BTR-82A(M)","destroyed","https://i.postimg.cc/1zJSdgh1/1006-BTR-82-A-destr-24-12-22.jpg","2023-11-16",74,5557,1,"7-7455571","11/16/2023"
"6159","Russia","Russia","552 BTR-82A(M)","destroyed","https://i.postimg.cc/6pZ4wqdQ/1500-btr82a-destr.jpg","2023-11-16",74,5558,1,"7-7455581","11/16/2023"
"6160","Russia","Russia","552 BTR-82A(M)","destroyed","https://i.postimg.cc/KYykYbND/1501-btr82a-destr.jpg","2023-11-16",74,5559,1,"7-7455591","11/16/2023"
"6161","Russia","Russia","552 BTR-82A(M)","destroyed","https://postimg.cc/H8cv6JXg","2023-11-16",74,5560,1,"7-7455601","11/16/2023"
"6162","Russia","Russia","552 BTR-82A(M)","destroyed","https://i.postimg.cc/1RMvLRRz/21f.png","2023-11-16",74,907,1,"7-749071","11/16/2023"
"6163","Russia","Russia","552 BTR-82A(M)","destroyed","https://i.postimg.cc/d0fr0yt5/1000-btr82a-destr-06-01-23.jpg","2023-11-16",74,5561,1,"7-7455611","11/16/2023"
"6164","Russia","Russia","552 BTR-82A(M)","destroyed","https://i.postimg.cc/SsDcLBf6/1037-btr82a-destr-06-01-23.jpg","2023-11-16",74,5562,1,"7-7455621","11/16/2023"
"6165","Russia","Russia","552 BTR-82A(M)","destroyed","https://twitter.com/naalsio26/status/1646663661581221888","2023-11-16",74,5563,1,"7-7455631","11/16/2023"
"6166","Russia","Russia","552 BTR-82A(M)","destroyed","https://i.postimg.cc/7ZwZRc02/1004-BTR-82-A-destr-17-01-23.jpg","2023-11-16",74,5564,1,"7-7455641","11/16/2023"
"6167","Russia","Russia","552 BTR-82A(M)","destroyed","https://i.postimg.cc/RhwvsQ0d/1005-btr82a-destr-17-01-23.jpg","2023-11-16",74,5565,1,"7-7455651","11/16/2023"
"6168","Russia","Russia","552 BTR-82A(M)","destroyed","https://i.postimg.cc/d1L1BydN/1009-btr82a-destr-17-01-23.jpg","2023-11-16",74,5566,1,"7-7455661","11/16/2023"
"6169","Russia","Russia","552 BTR-82A(M)","destroyed","https://i.postimg.cc/8PhCtDJG/1017-btr82a-destr-16-01-23.jpg","2023-11-16",74,5567,1,"7-7455671","11/16/2023"
"6170","Russia","Russia","552 BTR-82A(M)","destroyed","https://i.postimg.cc/NF4LLtyM/1004-2x-bmp2-dam-aband-1x-BTR82-A-destr-25-01-23.jpg","2023-11-16",74,4342,1,"7-7443421","11/16/2023"
"6171","Russia","Russia","552 BTR-82A(M)","destroyed","https://i.postimg.cc/cHfvyw0f/1026-btr82a-destr-02-10-22.jpg","2023-11-16",74,5568,1,"7-7455681","11/16/2023"
"6172","Russia","Russia","552 BTR-82A(M)","destroyed","https://i.postimg.cc/qvRc6mYp/1008-btr82a-destr-26-01-23.jpg","2023-11-16",74,5569,1,"7-7455691","11/16/2023"
"6173","Russia","Russia","552 BTR-82A(M)","destroyed","https://i.postimg.cc/4xNPb4Kk/1011-btr82a-destr-26-02-22.jpg","2023-11-16",74,5570,1,"7-7455701","11/16/2023"
"6174","Russia","Russia","552 BTR-82A(M)","destroyed","https://i.postimg.cc/KzXtVmYY/1014-1x-destr-1x-capt-btr82a-xx-04-22.jpg","2023-11-16",74,5571,1,"7-7455711","11/16/2023"
"6175","Russia","Russia","552 BTR-82A(M)","destroyed","https://i.postimg.cc/VLYwGxY3/1302-btr82a-destr-02-04-22.jpg","2023-11-16",74,5572,1,"7-7455721","11/16/2023"
"6176","Russia","Russia","552 BTR-82A(M)","destroyed","https://i.postimg.cc/Gtc8tBdK/1017-btr82a-destr-24-01-23.jpg","2023-11-16",74,5573,1,"7-7455731","11/16/2023"
"6177","Russia","Russia","552 BTR-82A(M)","destroyed","https://i.postimg.cc/7Y8mpPGQ/1002-btr82a-destr-02-02-23.jpg","2023-11-16",74,5574,1,"7-7455741","11/16/2023"
"6178","Russia","Russia","552 BTR-82A(M)","destroyed","https://i.postimg.cc/tJhVwMpX/1012-btr82a-destr-08-02-23.jpg","2023-11-16",74,5575,1,"7-7455751","11/16/2023"
"6179","Russia","Russia","552 BTR-82A(M)","destroyed","https://i.postimg.cc/fTf9vp8C/1013-btr82a-destr-08-02-23.jpg","2023-11-16",74,5576,1,"7-7455761","11/16/2023"
"6180","Russia","Russia","552 BTR-82A(M)","destroyed","https://i.postimg.cc/3x816Nmm/1012-btr82a-destr-11-02-23.jpg","2023-11-16",74,5577,1,"7-7455771","11/16/2023"
"6181","Russia","Russia","552 BTR-82A(M)","destroyed","https://i.postimg.cc/k4LgK5WQ/1016-btr82a-destr-01-04-22.jpg","2023-11-16",74,5578,1,"7-7455781","11/16/2023"
"6182","Russia","Russia","552 BTR-82A(M)","destroyed","https://i.postimg.cc/SKC8vXMX/1016-BTR-82-A-destr-16-02-23.jpg","2023-11-16",74,5579,1,"7-7455791","11/16/2023"
"6183","Russia","Russia","552 BTR-82A(M)","destroyed","https://i.postimg.cc/VLZjrPwN/1018-BTR-82-A-destr-16-02-23.jpg","2023-11-16",74,5580,1,"7-7455801","11/16/2023"
"6184","Russia","Russia","552 BTR-82A(M)","destroyed","https://i.postimg.cc/L68t86r7/1029-btr82a-destr-xx-08-22.jpg","2023-11-16",74,5581,1,"7-7455811","11/16/2023"
"6185","Russia","Russia","552 BTR-82A(M)","destroyed","https://i.postimg.cc/pL7Cr46n/1008-btr82a-destr-15-05-23.jpg","2023-11-16",74,5582,1,"7-7455821","11/16/2023"
"6186","Russia","Russia","552 BTR-82A(M)","destroyed","https://i.postimg.cc/jd2LtmDr/76.png","2023-11-16",74,5583,1,"7-7455831","11/16/2023"
"6187","Russia","Russia","552 BTR-82A(M)","destroyed","https://i.postimg.cc/qB3yvSdf/1025-BTR-82-A-destr-10-11-23.jpg","2023-11-16",74,5584,1,"7-7455841","11/16/2023"
"6188","Russia","Russia","552 BTR-82A(M)","destroyed","https://i.postimg.cc/fb1Zxzvv/1022-btr82a-destr-03-03-23.jpg","2023-11-16",74,5585,1,"7-7455851","11/16/2023"
"6189","Russia","Russia","552 BTR-82A(M)","destroyed","https://i.postimg.cc/xjvYzSNK/1030-btr82a-destr-24-02-23.jpg","2023-11-16",74,5586,1,"7-7455861","11/16/2023"
"6190","Russia","Russia","552 BTR-82A(M)","destroyed","https://i.postimg.cc/9M9rcKBy/1020-btr82a-destr-07-03-23.jpg","2023-11-16",74,5587,1,"7-7455871","11/16/2023"
"6191","Russia","Russia","552 BTR-82A(M)","destroyed","https://twitter.com/naalsio26/status/1633583364929118211","2023-11-16",74,5588,1,"7-7455881","11/16/2023"
"6192","Russia","Russia","552 BTR-82A(M)","destroyed","https://i.postimg.cc/MTjy7v3v/1020-btr82a-destr-08-03-23.jpg","2023-11-16",74,5589,1,"7-7455891","11/16/2023"
"6193","Russia","Russia","552 BTR-82A(M)","destroyed","https://twitter.com/UAWeapons/status/1635598293886435329","2023-11-16",74,5590,1,"7-7455901","11/16/2023"
"6194","Russia","Russia","552 BTR-82A(M)","destroyed","https://i.postimg.cc/JzmYXzNd/3f4.png","2023-11-16",74,5591,1,"7-7455911","11/16/2023"
"6195","Russia","Russia","552 BTR-82A(M)","destroyed","https://i.postimg.cc/zDMZDsgn/446.png","2023-11-16",74,5592,1,"7-7455921","11/16/2023"
"6196","Russia","Russia","552 BTR-82A(M)","destroyed","https://i.postimg.cc/qB2DL982/480.png","2023-11-16",74,5593,1,"7-7455931","11/16/2023"
"6197","Russia","Russia","552 BTR-82A(M)","destroyed","https://i.postimg.cc/65VZdZ3Y/1027-btr82a-destr-10-11-23.jpg","2023-11-16",74,5594,1,"7-7455941","11/16/2023"
"6198","Russia","Russia","552 BTR-82A(M)","destroyed","https://i.postimg.cc/nh0xDBw9/443f6.png","2023-11-16",74,5595,1,"7-7455951","11/16/2023"
"6199","Russia","Russia","552 BTR-82A(M)","destroyed","https://i.postimg.cc/d1Hc2XZ3/gg.png","2023-11-16",74,5596,1,"7-7455961","11/16/2023"
"6200","Russia","Russia","552 BTR-82A(M)","destroyed","https://i.postimg.cc/6QJdC9JH/6899.png","2023-11-16",74,5597,1,"7-7455971","11/16/2023"
"6201","Russia","Russia","552 BTR-82A(M)","destroyed","https://i.postimg.cc/02PvqLwK/3380.png","2023-11-16",74,5598,1,"7-7455981","11/16/2023"
"6202","Russia","Russia","552 BTR-82A(M)","destroyed","https://twitter.com/naalsio26/status/1651029309526618115","2023-11-16",74,5599,1,"7-7455991","11/16/2023"
"6203","Russia","Russia","552 BTR-82A(M)","destroyed","https://i.postimg.cc/nhgMcLPq/1019-BTR-82-A-destr-26-04-23.jpg","2023-11-16",74,5600,1,"7-7456001","11/16/2023"
"6204","Russia","Russia","552 BTR-82A(M)","destroyed","https://i.postimg.cc/WzN1fqdc/1027-btr82a-destr-24-04-23.jpg","2023-11-16",74,5601,1,"7-7456011","11/16/2023"
"6205","Russia","Russia","552 BTR-82A(M)","destroyed","https://i.postimg.cc/dtSV41vg/1029-btr82a-destr-24-04-23.jpg","2023-11-16",74,5602,1,"7-7456021","11/16/2023"
"6206","Russia","Russia","552 BTR-82A(M)","destroyed","https://i.postimg.cc/6pfZq38X/1016-btr82a-destr-19-04-23.jpg","2023-11-16",74,5603,1,"7-7456031","11/16/2023"
"6207","Russia","Russia","552 BTR-82A(M)","destroyed","https://i.postimg.cc/FHTkvLzm/1009-btr82a-destr-06-05-23.jpg","2023-11-16",74,5604,1,"7-7456041","11/16/2023"
"6208","Russia","Russia","552 BTR-82A(M)","destroyed","https://twitter.com/naalsio26/status/1657081730124111881","2023-11-16",74,5605,1,"7-7456051","11/16/2023"
"6209","Russia","Russia","552 BTR-82A(M)","destroyed","https://twitter.com/naalsio26/status/1657852654737842176","2023-11-16",74,2509,1,"7-7425091","11/16/2023"
"6210","Russia","Russia","552 BTR-82A(M)","destroyed","https://i.postimg.cc/JhtyhbT6/1000-btr82a-destr-06-03-23.jpg","2023-11-16",74,5606,1,"7-7456061","11/16/2023"
"6211","Russia","Russia","552 BTR-82A(M)","destroyed","https://i.postimg.cc/Y94HZzSd/1000-BTR-82-A-destr-23-05-23.jpg","2023-11-16",74,5607,1,"7-7456071","11/16/2023"
"6212","Russia","Russia","552 BTR-82A(M)","destroyed","https://i.postimg.cc/8cMVPkMW/1002-btr82a-destr-26-05-23.jpg","2023-11-16",74,5608,1,"7-7456081","11/16/2023"
"6213","Russia","Russia","552 BTR-82A(M)","destroyed","https://i.postimg.cc/3RkfnN8B/1009-btr82a-destr-01-06-23.jpg","2023-11-16",74,5609,1,"7-7456091","11/16/2023"
"6214","Russia","Russia","552 BTR-82A(M)","destroyed","https://i.postimg.cc/Y0cRRxyr/1011-btr82a-destr-02-06-23.jpg","2023-11-16",74,5610,1,"7-7456101","11/16/2023"
"6215","Russia","Russia","552 BTR-82A(M)","destroyed","https://i.postimg.cc/FzPXB1T1/1003-btr82a-destr-16-06-23.jpg","2023-11-16",74,5611,1,"7-7456111","11/16/2023"
"6216","Russia","Russia","552 BTR-82A(M)","destroyed","https://i.postimg.cc/9XBm9Qt6/1013-btr82a-destr-17-06-23.jpg","2023-11-16",74,5612,1,"7-7456121","11/16/2023"
"6217","Russia","Russia","552 BTR-82A(M)","destroyed","https://i.postimg.cc/Pqy4rhdq/1046-btr82a-destr-13-03-23.jpg","2023-11-16",74,5613,1,"7-7456131","11/16/2023"
"6218","Russia","Russia","552 BTR-82A(M)","destroyed","https://i.postimg.cc/NMMsF2jx/1014-BTR-82-A-destr-23-06-23.jpg","2023-11-16",74,5614,1,"7-7456141","11/16/2023"
"6219","Russia","Russia","552 BTR-82A(M)","destroyed","https://i.postimg.cc/QNFvRBFX/1066-btr82a-destr-25-06-23.jpg","2023-11-16",74,5615,1,"7-7456151","11/16/2023"
"6220","Russia","Russia","552 BTR-82A(M)","destroyed","https://i.postimg.cc/hjKXYZ0P/1008-btr82a-destr-27-06-23.jpg","2023-11-16",74,5616,1,"7-7456161","11/16/2023"
"6221","Russia","Russia","552 BTR-82A(M)","destroyed","https://i.postimg.cc/4y0yvyCk/1032-btr82a-destr-26-06-23.jpg","2023-11-16",74,5617,1,"7-7456171","11/16/2023"
"6222","Russia","Russia","552 BTR-82A(M)","destroyed","https://i.postimg.cc/02RcZ7y3/1012-btr82a-destr-30-05-23.jpg","2023-11-16",74,5618,1,"7-7456181","11/16/2023"
"6223","Russia","Russia","552 BTR-82A(M)","destroyed","https://twitter.com/UAWeapons/status/1677028437918195715","2023-11-16",74,5619,1,"7-7456191","11/16/2023"
"6224","Russia","Russia","552 BTR-82A(M)","destroyed","https://i.postimg.cc/xjhHpndL/1032-2x-btr82a-destr-06-07-23.jpg","2023-11-16",74,5620,1,"7-7456201","11/16/2023"
"6225","Russia","Russia","552 BTR-82A(M)","destroyed","https://i.postimg.cc/K8XPjxSm/1021-btr82a-destr-05-07-23.jpg","2023-11-16",74,5621,1,"7-7456211","11/16/2023"
"6226","Russia","Russia","552 BTR-82A(M)","destroyed","https://i.postimg.cc/MG3qYDT1/1002-btr82a-destr-05-07-23.jpg","2023-11-16",74,5622,1,"7-7456221","11/16/2023"
"6227","Russia","Russia","552 BTR-82A(M)","destroyed","https://i.postimg.cc/3rzVdPJL/1026-btr82a-destr-23-07-23.jpg","2023-11-16",74,5623,1,"7-7456231","11/16/2023"
"6228","Russia","Russia","552 BTR-82A(M)","destroyed","https://i.postimg.cc/fLnVrGZH/1015-btr82a-destr-12-07-23.jpg","2023-11-16",74,5624,1,"7-7456241","11/16/2023"
"6229","Russia","Russia","552 BTR-82A(M)","destroyed","https://i.postimg.cc/jdY6J6Jr/1019-T-72-B-and-BTR-82-A-destr-07-07-23.jpg","2023-11-16",74,390,1,"7-743901","11/16/2023"
"6230","Russia","Russia","552 BTR-82A(M)","destroyed","https://i.postimg.cc/yNMS9Br8/1016-BTR-82-A-destr-20-07-23.jpg","2023-11-16",74,5625,1,"7-7456251","11/16/2023"
"6231","Russia","Russia","552 BTR-82A(M)","destroyed","https://i.postimg.cc/cLf0LVYF/1010-btr82a-destr-18-07-23.jpg","2023-11-16",74,5626,1,"7-7456261","11/16/2023"
"6232","Russia","Russia","552 BTR-82A(M)","destroyed","https://i.postimg.cc/k52vjrW1/1002-3x-btr82a-destr-05-07-23.jpg","2023-11-16",74,5627,1,"7-7456271","11/16/2023"
"6233","Russia","Russia","552 BTR-82A(M)","destroyed","https://i.postimg.cc/zvQzzVSc/1009-BTR-82-A-destr-13-09-22.jpg","2023-11-16",74,5628,1,"7-7456281","11/16/2023"
"6234","Russia","Russia","552 BTR-82A(M)","destroyed","https://i.postimg.cc/7h5Bx15s/1000-btr82a-destr-04-08-23.jpg","2023-11-16",74,5629,1,"7-7456291","11/16/2023"
"6235","Russia","Russia","552 BTR-82A(M)","destroyed","https://i.postimg.cc/kGZMMgQL/1016-BTR-82-A-destr-31-05-22.jpg","2023-11-16",74,5630,1,"7-7456301","11/16/2023"
"6236","Russia","Russia","552 BTR-82A(M)","destroyed","https://i.postimg.cc/DwQX23VD/1026-BTR-82-A-destr-09-08-23.jpg","2023-11-16",74,5631,1,"7-7456311","11/16/2023"
"6237","Russia","Russia","552 BTR-82A(M)","destroyed","https://i.postimg.cc/pLsQ1dvf/1002-btr82a-destr-01-12-22.jpg","2023-11-16",74,5632,1,"7-7456321","11/16/2023"
"6238","Russia","Russia","552 BTR-82A(M)","destroyed","https://i.postimg.cc/JzzZJWXG/1020-btr82a-destr-13-08-23.jpg","2023-11-16",74,5633,1,"7-7456331","11/16/2023"
"6239","Russia","Russia","552 BTR-82A(M)","destroyed","https://i.postimg.cc/brY63DVp/1003-2x-BTR-82-A-destr-15-12-22.jpg","2023-11-16",74,5634,1,"7-7456341","11/16/2023"
"6240","Russia","Russia","552 BTR-82A(M)","destroyed","https://i.postimg.cc/hPdgdJbc/1006-btr82a-destr-22-08-23.jpg","2023-11-16",74,5635,1,"7-7456351","11/16/2023"
"6241","Russia","Russia","552 BTR-82A(M)","destroyed","https://i.postimg.cc/zvqhVTfv/1001-BTR-82-A-destr-17-08-23.jpg","2023-11-16",74,5636,1,"7-7456361","11/16/2023"
"6242","Russia","Russia","552 BTR-82A(M)","destroyed","https://twitter.com/naalsio26/status/1696334722891149422","2023-11-16",74,5637,1,"7-7456371","11/16/2023"
"6243","Russia","Russia","552 BTR-82A(M)","destroyed","https://i.postimg.cc/FHSkxmkM/22f.png","2023-11-16",74,5638,1,"7-7456381","11/16/2023"
"6244","Russia","Russia","552 BTR-82A(M)","destroyed","https://i.postimg.cc/zXqcdxdx/240.png","2023-11-16",74,5639,1,"7-7456391","11/16/2023"
"6245","Russia","Russia","552 BTR-82A(M)","destroyed","https://i.postimg.cc/KYmHQCKS/386.png","2023-11-16",74,5640,1,"7-7456401","11/16/2023"
"6246","Russia","Russia","552 BTR-82A(M)","destroyed","https://i.postimg.cc/Jhgt2WM6/4366.png","2023-11-16",74,5641,1,"7-7456411","11/16/2023"
"6247","Russia","Russia","552 BTR-82A(M)","destroyed","https://i.postimg.cc/CLhjdNRy/260.png","2023-11-16",74,5642,1,"7-7456421","11/16/2023"
"6248","Russia","Russia","552 BTR-82A(M)","destroyed","https://twitter.com/naalsio26/status/1702074560210743589","2023-11-16",74,5643,1,"7-7456431","11/16/2023"
"6249","Russia","Russia","552 BTR-82A(M)","destroyed","https://twitter.com/naalsio26/status/1703151882221269257","2023-11-16",74,5644,1,"7-7456441","11/16/2023"
"6250","Russia","Russia","552 BTR-82A(M)","destroyed","https://twitter.com/naalsio26/status/1703202499899842889","2023-11-16",74,5645,1,"7-7456451","11/16/2023"
"6251","Russia","Russia","552 BTR-82A(M)","destroyed","https://i.postimg.cc/zv60tGcR/3660.png","2023-11-16",74,5646,1,"7-7456461","11/16/2023"
"6252","Russia","Russia","552 BTR-82A(M)","destroyed","https://i.postimg.cc/QxvQSDTC/3286.png","2023-11-16",74,5647,1,"7-7456471","11/16/2023"
"6253","Russia","Russia","552 BTR-82A(M)","destroyed","https://twitter.com/naalsio26/status/1705741204028092867","2023-11-16",74,5648,1,"7-7456481","11/16/2023"
"6254","Russia","Russia","552 BTR-82A(M)","destroyed","https://i.postimg.cc/D0y9DYNH/1038-btr82a-destr-04-10-23.jpg","2023-11-16",74,5649,1,"7-7456491","11/16/2023"
"6255","Russia","Russia","552 BTR-82A(M)","destroyed","https://i.postimg.cc/XJ6vt8jS/1045-BTR-82-A-destr-07-10-23.jpg","2023-11-16",74,5650,1,"7-7456501","11/16/2023"
"6256","Russia","Russia","552 BTR-82A(M)","destroyed","https://i.postimg.cc/nLsMWB28/1036-BTR-82-A-destr-09-10-23.jpg","2023-11-16",74,5651,1,"7-7456511","11/16/2023"
"6257","Russia","Russia","552 BTR-82A(M)","destroyed","https://i.postimg.cc/t44shLV4/1037-BTR-82-A-destr-09-10-23.jpg","2023-11-16",74,5652,1,"7-7456521","11/16/2023"
"6258","Russia","Russia","552 BTR-82A(M)","destroyed","https://i.postimg.cc/ry01WKrH/1000-btr82a-destr-13-10-23.jpg","2023-11-16",74,5653,1,"7-7456531","11/16/2023"
"6259","Russia","Russia","552 BTR-82A(M)","destroyed","https://i.postimg.cc/pVfdgvbT/1005-2x-bmp1-and-btr82a-destr-12-10-23.jpg","2023-11-16",74,3504,1,"7-7435041","11/16/2023"
"6260","Russia","Russia","552 BTR-82A(M)","destroyed","https://i.postimg.cc/jSZwBbfN/1012-BTR-82-A-destr-08-10-23.jpg","2023-11-16",74,5654,1,"7-7456541","11/16/2023"
"6261","Russia","Russia","552 BTR-82A(M)","destroyed","https://i.postimg.cc/ydrRsynd/1027-btr82a-destr-15-10-23.jpg","2023-11-16",74,5655,1,"7-7456551","11/16/2023"
"6262","Russia","Russia","552 BTR-82A(M)","destroyed","https://i.postimg.cc/WbqGpCBP/1015-BTR-82-A-destr-10-10-23.jpg","2023-11-16",74,5656,1,"7-7456561","11/16/2023"
"6263","Russia","Russia","552 BTR-82A(M)","destroyed","https://i.postimg.cc/Z5Hr48dH/1010-1x-mtlb-1x-bmp1-2x-bmp2-1x-btr82a-1x-btr80-destr-20-10-23.jpg","2023-11-16",74,2584,1,"7-7425841","11/16/2023"
"6264","Russia","Russia","552 BTR-82A(M)","destroyed","https://i.postimg.cc/RFhrXLcD/1050-4x-btr-82-and-unkn-tank-destr-destr-20-10-23.jpg","2023-11-16",74,5657,1,"7-7456571","11/16/2023"
"6265","Russia","Russia","552 BTR-82A(M)","destroyed","https://i.postimg.cc/g2ZmFWBH/1020-2x-btr82a-destr-19-10-23.jpg","2023-11-16",74,5658,1,"7-7456581","11/16/2023"
"6266","Russia","Russia","552 BTR-82A(M)","destroyed","https://i.postimg.cc/RVjxTYV6/1033-btr82a-destr-20-10-23.jpg","2023-11-16",74,5659,1,"7-7456591","11/16/2023"
"6267","Russia","Russia","552 BTR-82A(M)","destroyed","https://i.postimg.cc/tgpfSG0T/1063-btr82a-destr-10-10-23.jpg","2023-11-16",74,5660,1,"7-7456601","11/16/2023"
"6268","Russia","Russia","552 BTR-82A(M)","destroyed","https://i.postimg.cc/mrjnKpRS/1067-btr82a-destr-16-10-23.jpg","2023-11-16",74,5661,1,"7-7456611","11/16/2023"
"6269","Russia","Russia","552 BTR-82A(M)","destroyed","https://twitter.com/UAWeapons/status/1712552062364561824","2023-11-16",74,2581,1,"7-7425811","11/16/2023"
"6270","Russia","Russia","552 BTR-82A(M)","destroyed","https://i.postimg.cc/vBNq9dgn/1028-BMP-2-675-sb3-KDZ-btr82a-destr-10-10-23.jpg","2023-11-16",74,4614,1,"7-7446141","11/16/2023"
"6271","Russia","Russia","552 BTR-82A(M)","destroyed","https://i.postimg.cc/d0nSsCJ4/1025-btr82a-destr-19-10-23.jpg","2023-11-16",74,5662,1,"7-7456621","11/16/2023"
"6272","Russia","Russia","552 BTR-82A(M)","destroyed","https://i.postimg.cc/k57pPsP2/1017-BTR-82-A-destr-06-08-23.jpg","2023-11-16",74,5663,1,"7-7456631","11/16/2023"
"6273","Russia","Russia","552 BTR-82A(M)","destroyed","https://i.postimg.cc/vBP2Tf4T/1005-BTR-82-A-destr-19-08-23.png","2023-11-16",74,5664,1,"7-7456641","11/16/2023"
"6274","Russia","Russia","552 BTR-82A(M)","destroyed","https://i.postimg.cc/Fz7WLzSZ/1006-BTR-82-A-destr-19-08-23.png","2023-11-16",74,5665,1,"7-7456651","11/16/2023"
"6275","Russia","Russia","552 BTR-82A(M)","destroyed","https://i.postimg.cc/pL8SCm6c/1015-BTR-82-A-destr-19-08-23.jpg","2023-11-16",74,5666,1,"7-7456661","11/16/2023"
"6276","Russia","Russia","552 BTR-82A(M)","destroyed","https://i.postimg.cc/dtgXG24T/1016-BTR-82-A-destr-19-08-23.jpg","2023-11-16",74,5667,1,"7-7456671","11/16/2023"
"6277","Russia","Russia","552 BTR-82A(M)","destroyed","https://i.postimg.cc/8k0nVd8n/1028-btr82a-destr-19-10-23.jpg","2023-11-16",74,5668,1,"7-7456681","11/16/2023"
"6278","Russia","Russia","552 BTR-82A(M)","destroyed","https://i.postimg.cc/vHx281b8/1029-btr82a-destr-19-10-23.jpg","2023-11-16",74,5669,1,"7-7456691","11/16/2023"
"6279","Russia","Russia","552 BTR-82A(M)","destroyed","https://i.postimg.cc/TwPQz1t6/1034-btr82a-destr-12-10-23.jpg","2023-11-16",74,5670,1,"7-7456701","11/16/2023"
"6280","Russia","Russia","552 BTR-82A(M)","destroyed","https://i.postimg.cc/2ybG5Jp9/1040-BTR-82-AT-destr-29-08-23.jpg","2023-11-16",74,5671,1,"7-7456711","11/16/2023"
"6281","Russia","Russia","552 BTR-82A(M)","destroyed","https://i.postimg.cc/VkBx1SWr/1050-btr82a-destr-22-10-23.jpg","2023-11-16",74,5672,1,"7-7456721","11/16/2023"
"6282","Russia","Russia","552 BTR-82A(M)","destroyed","https://i.postimg.cc/Y9zjQzky/1002-BTR-82-AT-dam-22-10-23.jpg","2023-11-16",74,5673,1,"7-7456731","11/16/2023"
"6283","Russia","Russia","552 BTR-82A(M)","destroyed","https://i.postimg.cc/4Ndnhc0B/1010-BTR-82-A-destr-23-10-23.jpg","2023-11-16",74,5674,1,"7-7456741","11/16/2023"
"6284","Russia","Russia","552 BTR-82A(M)","destroyed","https://i.postimg.cc/zvDv7HGD/1014-btr82a-destr-29-10-23.jpg","2023-11-16",74,5675,1,"7-7456751","11/16/2023"
"6285","Russia","Russia","552 BTR-82A(M)","destroyed","https://i.postimg.cc/8cy50k7R/1015-btr82a-destr-29-10-23.jpg","2023-11-16",74,5676,1,"7-7456761","11/16/2023"
"6286","Russia","Russia","552 BTR-82A(M)","destroyed","https://i.postimg.cc/7LyxXJBv/1035-BTR-82-A-destr-26-09-23.jpg","2023-11-16",74,5677,1,"7-7456771","11/16/2023"
"6287","Russia","Russia","552 BTR-82A(M)","destroyed","https://i.postimg.cc/W1MCwbHC/1057-bmp3-destr-20-10-23.jpg","2023-11-16",74,5678,1,"7-7456781","11/16/2023"
"6288","Russia","Russia","552 BTR-82A(M)","destroyed","https://twitter.com/bayraktar_1love/status/1720163629692027217","2023-11-16",74,5679,1,"7-7456791","11/16/2023"
"6289","Russia","Russia","552 BTR-82A(M)","destroyed","https://twitter.com/wartranslated/status/1720000649419534626","2023-11-16",74,5680,1,"7-7456801","11/16/2023"
"6290","Russia","Russia","552 BTR-82A(M)","destroyed","https://i.postimg.cc/vH26D35B/1034-2x-btr82a-destr-04-11-23.jpg","2023-11-16",74,5681,1,"7-7456811","11/16/2023"
"6291","Russia","Russia","552 BTR-82A(M)","destroyed","https://i.postimg.cc/qv9hxqbH/1011-btr82a-destr-27-10-23.jpg","2023-11-16",74,5682,1,"7-7456821","11/16/2023"
"6292","Russia","Russia","552 BTR-82A(M)","destroyed","https://i.postimg.cc/PqYL3H9p/1038-BTR-82-A-destr-20-09-23.jpg","2023-11-16",74,5683,1,"7-7456831","11/16/2023"
"6293","Russia","Russia","552 BTR-82A(M)","destroyed","https://i.postimg.cc/dt2VjZs5/1047-MTLB-BTR-82-A-destr-28-10-23.jpg","2023-11-16",74,2609,1,"7-7426091","11/16/2023"
"6294","Russia","Russia","552 BTR-82A(M)","destroyed","https://i.postimg.cc/bvsGgYFd/1008-BTR-82-A-destr-05-11-23.jpg","2023-11-16",74,5684,1,"7-7456841","11/16/2023"
"6295","Russia","Russia","552 BTR-82A(M)","destroyed","https://i.postimg.cc/VsjJDV49/1023-BTR-82-A-M-destr-15-10-23.jpg","2023-11-16",74,5685,1,"7-7456851","11/16/2023"
"6296","Russia","Russia","552 BTR-82A(M)","destroyed","https://i.postimg.cc/7h02tGNP/1004-BTR-82-A-destr-29-09-23.jpg","2023-11-16",74,5686,1,"7-7456861","11/16/2023"
"6297","Russia","Russia","552 BTR-82A(M)","destroyed","https://i.postimg.cc/Qdbpr7ZH/1015-btr82a-destr-19-10-23.jpg","2023-11-16",74,5687,1,"7-7456871","11/16/2023"
"6298","Russia","Russia","552 BTR-82A(M)","destroyed","https://i.postimg.cc/j5GfhQPk/1024-BTR-82-A-destr-10-11-23.jpg","2023-11-16",74,5688,1,"7-7456881","11/16/2023"
"6299","Russia","Russia","552 BTR-82A(M)","damaged","https://i.postimg.cc/4dcC0KqK/btr88222.jpg","2023-11-16",74,5689,2,"7-7456892","11/16/2023"
"6300","Russia","Russia","552 BTR-82A(M)","damaged","https://i.postimg.cc/Y0xCJmg2/44f.jpg","2023-11-16",74,5690,2,"7-7456902","11/16/2023"
"6301","Russia","Russia","552 BTR-82A(M)","damaged","https://twitter.com/UAWeapons/status/1516395004935213061","2023-11-16",74,5691,2,"7-7456912","11/16/2023"
"6302","Russia","Russia","552 BTR-82A(M)","damaged","https://i.postimg.cc/J4mqZVzj/btr8822.jpg","2023-11-16",74,5692,2,"7-7456922","11/16/2023"
"6303","Russia","Russia","552 BTR-82A(M)","damaged","https://twitter.com/UAWeapons/status/1524456618091589635","2023-11-16",74,3186,2,"7-7431862","11/16/2023"
"6304","Russia","Russia","552 BTR-82A(M)","damaged","https://twitter.com/UAWeapons/status/1558035528339128322","2023-11-16",74,5693,2,"7-7456932","11/16/2023"
"6305","Russia","Russia","552 BTR-82A(M)","damaged","https://i.postimg.cc/GtxPG6dm/1016-2x-btr82a-dam-26-01-23.jpg","2023-11-16",74,5694,2,"7-7456942","11/16/2023"
"6306","Russia","Russia","552 BTR-82A(M)","damaged","https://i.postimg.cc/brhHGqX5/1017-btr82a-dam-26-01-23.jpg","2023-11-16",74,5695,2,"7-7456952","11/16/2023"
"6307","Russia","Russia","552 BTR-82A(M)","damaged","https://i.postimg.cc/bwqNQWSB/1001-btr82a-dam-17-02-23.jpg","2023-11-16",74,5696,2,"7-7456962","11/16/2023"
"6308","Russia","Russia","552 BTR-82A(M)","damaged","https://i.postimg.cc/59X00x1h/1014-btr82a-dam-23-03-23.jpg","2023-11-16",74,5697,2,"7-7456972","11/16/2023"
"6309","Russia","Russia","552 BTR-82A(M)","damaged","https://i.postimg.cc/N0W0fZ2F/1003-btr82a-dam-17-05-23.jpg","2023-11-16",74,5698,2,"7-7456982","11/16/2023"
"6310","Russia","Russia","552 BTR-82A(M)","damaged","https://i.postimg.cc/zvW2tVvv/1000-2x-T-72b3-1x-t72-2x-bmp3-2x-btr82-dan-aband-1x-bmp3-destr-24-01-23.jpg","2023-11-16",74,1629,2,"7-7416292","11/16/2023"
"6311","Russia","Russia","552 BTR-82A(M)","damaged","https://i.postimg.cc/BnD73d88/1031-btr82a-dam-20-06-23.jpg","2023-11-16",74,5699,2,"7-7456992","11/16/2023"
"6312","Russia","Russia","552 BTR-82A(M)","damaged","https://i.postimg.cc/y6hMNP97/1014-btr82a-dam-17-07-23.jpg","2023-11-16",74,5700,2,"7-7457002","11/16/2023"
"6313","Russia","Russia","552 BTR-82A(M)","damaged","https://i.postimg.cc/qBwXRcYV/42f.png","2023-11-16",74,5701,2,"7-7457012","11/16/2023"
"6314","Russia","Russia","552 BTR-82A(M)","damaged","https://twitter.com/naalsio26/status/1705741204028092867","2023-11-16",74,5648,2,"7-7456482","11/16/2023"
"6315","Russia","Russia","552 BTR-82A(M)","damaged","https://i.postimg.cc/mrs55bxL/1007-BTR-82-A-dam-19-08-23.jpg","2023-11-16",74,5702,2,"7-7457022","11/16/2023"
"6316","Russia","Russia","552 BTR-82A(M)","damaged","https://i.postimg.cc/GtWQTQdL/1042-BTR-82-A-dam-19-10-23.jpg","2023-11-16",74,5703,2,"7-7457032","11/16/2023"
"6317","Russia","Russia","552 BTR-82A(M)","damaged","https://i.postimg.cc/L547Nh7K/1010-t72b3obr2016-destr-btr82a-dam-28-10-23.jpg","2023-11-16",74,1096,2,"7-7410962","11/16/2023"
"6318","Russia","Russia","552 BTR-82A(M)","abandoned","https://i.postimg.cc/25DqyNfS/55448.png","2023-11-16",74,5704,4,"7-7457044","11/16/2023"
"6319","Russia","Russia","552 BTR-82A(M)","abandoned","https://i.postimg.cc/pLXYWb0d/49.png","2023-11-16",74,5705,4,"7-7457054","11/16/2023"
"6320","Russia","Russia","552 BTR-82A(M)","damaged","https://i.postimg.cc/Kv83yg9v/1021-btr82a-dam-aband-24-01-23.jpg","2023-11-16",74,5706,2,"7-7457062","11/16/2023"
"6321","Russia","Russia","552 BTR-82A(M)","abandoned","https://i.postimg.cc/Kv83yg9v/1021-btr82a-dam-aband-24-01-23.jpg","2023-11-16",74,5706,4,"7-7457064","11/16/2023"
"6322","Russia","Russia","552 BTR-82A(M)","abandoned","https://i.postimg.cc/kXN1jSHW/6h.png","2023-11-16",74,5707,4,"7-7457074","11/16/2023"
"6323","Russia","Russia","552 BTR-82A(M)","damaged","https://twitter.com/UAWeapons/status/1597208161047703553","2023-11-16",74,5544,2,"7-7455442","11/16/2023"
"6324","Russia","Russia","552 BTR-82A(M)","abandoned","https://twitter.com/UAWeapons/status/1597208161047703553","2023-11-16",74,5544,4,"7-7455444","11/16/2023"
"6325","Russia","Russia","552 BTR-82A(M)","abandoned","https://i.postimg.cc/bJDw1Gdq/46.png","2023-11-16",74,5708,4,"7-7457084","11/16/2023"
"6326","Russia","Russia","552 BTR-82A(M)","abandoned","https://i.postimg.cc/d3ZQm1t0/rgg.png","2023-11-16",74,5709,4,"7-7457094","11/16/2023"
"6327","Russia","Russia","552 BTR-82A(M)","damaged","https://i.postimg.cc/wvZ3tPpJ/1030-btr82a-dam-aband-and-t80bv-destr.jpg","2023-11-16",74,1402,2,"7-7414022","11/16/2023"
"6328","Russia","Russia","552 BTR-82A(M)","abandoned","https://i.postimg.cc/wvZ3tPpJ/1030-btr82a-dam-aband-and-t80bv-destr.jpg","2023-11-16",74,1402,4,"7-7414024","11/16/2023"
"6329","Russia","Russia","552 BTR-82A(M)","damaged","https://i.postimg.cc/DwFvf0H4/1016-BREM-1-BTR-82-A-T-72-A-T-72-B3-dam-aband-08-07-23.jpg","2023-11-16",74,183,2,"7-741832","11/16/2023"
"6330","Russia","Russia","552 BTR-82A(M)","abandoned","https://i.postimg.cc/DwFvf0H4/1016-BREM-1-BTR-82-A-T-72-A-T-72-B3-dam-aband-08-07-23.jpg","2023-11-16",74,183,4,"7-741834","11/16/2023"
"6331","Russia","Russia","552 BTR-82A(M)","damaged","https://i.postimg.cc/L8sKw1J2/1001-btr82a-dam-aband-17-07-23.jpg","2023-11-16",74,5710,2,"7-7457102","11/16/2023"
"6332","Russia","Russia","552 BTR-82A(M)","abandoned","https://i.postimg.cc/L8sKw1J2/1001-btr82a-dam-aband-17-07-23.jpg","2023-11-16",74,5710,4,"7-7457104","11/16/2023"
"6333","Russia","Russia","552 BTR-82A(M)","damaged","https://i.postimg.cc/8C8TcmQV/1005-unkn-tank-and-btr82-aband-2x-unkn-afv-destr-20-10-23.jpg","2023-11-16",74,2253,2,"7-7422532","11/16/2023"
"6334","Russia","Russia","552 BTR-82A(M)","abandoned","https://i.postimg.cc/8C8TcmQV/1005-unkn-tank-and-btr82-aband-2x-unkn-afv-destr-20-10-23.jpg","2023-11-16",74,2253,4,"7-7422534","11/16/2023"
"6335","Russia","Russia","552 BTR-82A(M)","damaged","https://i.postimg.cc/BbS69p4N/66588.png","2023-11-16",74,5711,2,"7-7457112","11/16/2023"
"6336","Russia","Russia","552 BTR-82A(M)","captured","https://i.postimg.cc/BbS69p4N/66588.png","2023-11-16",74,5711,3,"7-7457113","11/16/2023"
"6337","Russia","Russia","552 BTR-82A(M)","captured","https://i.postimg.cc/cH678rCW/1026-btr82a-capt-23-01-23.jpg","2023-11-16",74,5712,3,"7-7457123","11/16/2023"
"6338","Russia","Russia","552 BTR-82A(M)","damaged","https://i.postimg.cc/RZQbNvvr/54.jpg","2023-11-16",74,5713,2,"7-7457132","11/16/2023"
"6339","Russia","Russia","552 BTR-82A(M)","captured","https://i.postimg.cc/RZQbNvvr/54.jpg","2023-11-16",74,5713,3,"7-7457133","11/16/2023"
"6340","Russia","Russia","552 BTR-82A(M)","captured","https://i.postimg.cc/CLMc38gC/346.png","2023-11-16",74,5714,3,"7-7457143","11/16/2023"
"6341","Russia","Russia","552 BTR-82A(M)","captured","https://i.postimg.cc/6pRscNqC/3311.png","2023-11-16",74,5715,3,"7-7457153","11/16/2023"
"6342","Russia","Russia","552 BTR-82A(M)","captured","https://i.postimg.cc/5yzVrP3b/6688.jpg","2023-11-16",74,5716,3,"7-7457163","11/16/2023"
"6343","Russia","Russia","552 BTR-82A(M)","captured","https://i.postimg.cc/J7P4V4M6/879.jpg","2023-11-16",74,5717,3,"7-7457173","11/16/2023"
"6344","Russia","Russia","552 BTR-82A(M)","captured","https://i.postimg.cc/bJbt0qwP/bt1.jpg","2023-11-16",74,5718,3,"7-7457183","11/16/2023"
"6345","Russia","Russia","552 BTR-82A(M)","captured","https://i.postimg.cc/ZnJ3m7tN/4311.png","2023-11-16",74,5719,3,"7-7457193","11/16/2023"
"6346","Russia","Russia","552 BTR-82A(M)","captured","https://i.postimg.cc/xd2rYqyW/45.png","2023-11-16",74,5720,3,"7-7457203","11/16/2023"
"6347","Russia","Russia","552 BTR-82A(M)","captured","https://i.postimg.cc/XJtjcXxY/658.png","2023-11-16",74,5721,3,"7-7457213","11/16/2023"
"6348","Russia","Russia","552 BTR-82A(M)","captured","https://i.postimg.cc/Xq9Xhr4s/v3.png","2023-11-16",74,5722,3,"7-7457223","11/16/2023"
"6349","Russia","Russia","552 BTR-82A(M)","captured","https://i.postimg.cc/jdQL4n85/v5.jpg","2023-11-16",74,5723,3,"7-7457233","11/16/2023"
"6350","Russia","Russia","552 BTR-82A(M)","captured","https://i.postimg.cc/fWd3krmY/v4.jpg","2023-11-16",74,5724,3,"7-7457243","11/16/2023"
"6351","Russia","Russia","552 BTR-82A(M)","captured","https://i.postimg.cc/mkxT43yQ/4f3.jpg","2023-11-16",74,5725,3,"7-7457253","11/16/2023"
"6352","Russia","Russia","552 BTR-82A(M)","captured","https://i.postimg.cc/jSQVn0Qn/ff2.jpg","2023-11-16",74,5726,3,"7-7457263","11/16/2023"
"6353","Russia","Russia","552 BTR-82A(M)","captured","https://i.postimg.cc/Cx7Wdkbp/d321.jpg","2023-11-16",74,5381,3,"7-7453813","11/16/2023"
"6354","Russia","Russia","552 BTR-82A(M)","captured","https://i.postimg.cc/sx1203yv/db.png","2023-11-16",74,5727,3,"7-7457273","11/16/2023"
"6355","Russia","Russia","552 BTR-82A(M)","captured","https://i.postimg.cc/fyfbHsH9/332.jpg","2023-11-16",74,5728,3,"7-7457283","11/16/2023"
"6356","Russia","Russia","552 BTR-82A(M)","captured","https://i.postimg.cc/wTPhLcmY/25.png","2023-11-16",74,5729,3,"7-7457293","11/16/2023"
"6357","Russia","Russia","552 BTR-82A(M)","captured","https://i.postimg.cc/KzXtVmYY/1014-1x-destr-1x-capt-btr82a-xx-04-22.jpg","2023-11-16",74,5571,3,"7-7455713","11/16/2023"
"6358","Russia","Russia","552 BTR-82A(M)","captured","https://i.postimg.cc/kG3pNt6s/cc2.jpg","2023-11-16",74,5730,3,"7-7457303","11/16/2023"
"6359","Russia","Russia","552 BTR-82A(M)","captured","https://i.postimg.cc/zfX8Ls5G/87.jpg","2023-11-16",74,5731,3,"7-7457313","11/16/2023"
"6360","Russia","Russia","552 BTR-82A(M)","captured","https://i.postimg.cc/Ghn3hTJP/443.png","2023-11-16",74,5732,3,"7-7457323","11/16/2023"
"6361","Russia","Russia","552 BTR-82A(M)","captured","https://i.postimg.cc/Z543Tr2M/1008-btr82a-capt.jpg","2023-11-16",74,5733,3,"7-7457333","11/16/2023"
"6362","Russia","Russia","552 BTR-82A(M)","captured","https://i.postimg.cc/dV4SXCJz/61.png","2023-11-16",74,5734,3,"7-7457343","11/16/2023"
"6363","Russia","Russia","552 BTR-82A(M)","captured","https://i.postimg.cc/qqcxSQjt/btr82aa.jpg","2023-11-16",74,5735,3,"7-7457353","11/16/2023"
"6364","Russia","Russia","552 BTR-82A(M)","damaged","https://i.postimg.cc/cLXn3cRd/h7.jpg","2023-11-16",74,5736,2,"7-7457362","11/16/2023"
"6365","Russia","Russia","552 BTR-82A(M)","captured","https://i.postimg.cc/cLXn3cRd/h7.jpg","2023-11-16",74,5736,3,"7-7457363","11/16/2023"
"6366","Russia","Russia","552 BTR-82A(M)","captured","https://i.postimg.cc/rFWq9FfP/1006-btr82a-capt.jpg","2023-11-16",74,5737,3,"7-7457373","11/16/2023"
"6367","Russia","Russia","552 BTR-82A(M)","captured","https://postimg.cc/jDJzXhDS","2023-11-16",74,5738,3,"7-7457383","11/16/2023"
"6368","Russia","Russia","552 BTR-82A(M)","captured","https://i.postimg.cc/zGXp9cvZ/b1.jpg","2023-11-16",74,5739,3,"7-7457393","11/16/2023"
"6369","Russia","Russia","552 BTR-82A(M)","captured","https://i.postimg.cc/kGvFHQdg/b2.jpg","2023-11-16",74,5740,3,"7-7457403","11/16/2023"
"6370","Russia","Russia","552 BTR-82A(M)","captured","https://twitter.com/naalsio26/status/1660445252094664706","2023-11-16",74,5741,3,"7-7457413","11/16/2023"
"6371","Russia","Russia","552 BTR-82A(M)","captured","https://i.postimg.cc/50tm5PB9/1013-btr-82a.png","2023-11-16",74,5742,3,"7-7457423","11/16/2023"
"6372","Russia","Russia","552 BTR-82A(M)","captured","https://i.postimg.cc/T25xnSws/763.jpg","2023-11-16",74,5743,3,"7-7457433","11/16/2023"
"6373","Russia","Russia","552 BTR-82A(M)","captured","https://i.postimg.cc/PJJsygBj/h70.jpg","2023-11-16",74,5744,3,"7-7457443","11/16/2023"
"6374","Russia","Russia","552 BTR-82A(M)","captured","https://i.postimg.cc/Jnr8qy5L/f33.jpg","2023-11-16",74,5745,3,"7-7457453","11/16/2023"
"6375","Russia","Russia","552 BTR-82A(M)","captured","https://i.postimg.cc/fyWq3ZF7/j777.jpg","2023-11-16",74,5746,3,"7-7457463","11/16/2023"
"6376","Russia","Russia","552 BTR-82A(M)","captured","https://i.postimg.cc/YCPrbT3R/1052-btr82a-capt-22-05-23.png","2023-11-16",74,5747,3,"7-7457473","11/16/2023"
"6377","Russia","Russia","552 BTR-82A(M)","captured","https://i.postimg.cc/jdHxdgRs/44f.png","2023-11-16",74,5748,3,"7-7457483","11/16/2023"
"6378","Russia","Russia","552 BTR-82A(M)","captured","https://i.postimg.cc/MTnD6Msb/45.jpg","2023-11-16",74,5749,3,"7-7457493","11/16/2023"
"6379","Russia","Russia","552 BTR-82A(M)","captured","https://i.postimg.cc/Y994gyQF/431.png","2023-11-16",74,5750,3,"7-7457503","11/16/2023"
"6380","Russia","Russia","552 BTR-82A(M)","captured","https://i.postimg.cc/Y994gyQF/431.png","2023-11-16",74,5750,3,"7-7457503","11/16/2023"
"6381","Russia","Russia","552 BTR-82A(M)","captured","https://i.postimg.cc/TY2FGgMp/gg5.png","2023-11-16",74,5751,3,"7-7457513","11/16/2023"
"6382","Russia","Russia","552 BTR-82A(M)","captured","https://i.postimg.cc/GpPxHgvr/65h.png","2023-11-16",74,5752,3,"7-7457523","11/16/2023"
"6383","Russia","Russia","552 BTR-82A(M)","captured","https://i.postimg.cc/qqFSQzs8/4f1f.png","2023-11-16",74,5753,3,"7-7457533","11/16/2023"
"6384","Russia","Russia","552 BTR-82A(M)","captured","https://twitter.com/UAWeapons/status/1553999985288642561","2023-11-16",74,5754,3,"7-7457543","11/16/2023"
"6385","Russia","Russia","552 BTR-82A(M)","captured","https://i.postimg.cc/fLkJ1YHZ/578.png","2023-11-16",74,5755,3,"7-7457553","11/16/2023"
"6386","Russia","Russia","552 BTR-82A(M)","captured","https://i.postimg.cc/C1XJ00CN/1002-btr-82a.jpg","2023-11-16",74,5756,3,"7-7457563","11/16/2023"
"6387","Russia","Russia","552 BTR-82A(M)","captured","https://i.postimg.cc/9fyrTNZ0/15.png","2023-11-16",74,5757,3,"7-7457573","11/16/2023"
"6388","Russia","Russia","552 BTR-82A(M)","captured","https://i.postimg.cc/rybYQ6TS/6hjj.png","2023-11-16",74,5758,3,"7-7457583","11/16/2023"
"6389","Russia","Russia","552 BTR-82A(M)","captured","https://i.postimg.cc/JntXrJN9/hd.jpg","2023-11-16",74,5759,3,"7-7457593","11/16/2023"
"6390","Russia","Russia","552 BTR-82A(M)","captured","https://i.postimg.cc/J7Jnf71f/h6.jpg","2023-11-16",74,5760,3,"7-7457603","11/16/2023"
"6391","Russia","Russia","552 BTR-82A(M)","captured","https://twitter.com/UAWeapons/status/1562418509577158656","2023-11-16",74,5761,3,"7-7457613","11/16/2023"
"6392","Russia","Russia","552 BTR-82A(M)","captured","https://twitter.com/UAWeapons/status/1567268160784502786","2023-11-16",74,5762,3,"7-7457623","11/16/2023"
"6393","Russia","Russia","552 BTR-82A(M)","captured","https://i.postimg.cc/8zFh6QBD/1040-btr82.jpg","2023-11-16",74,5763,3,"7-7457633","11/16/2023"
"6394","Russia","Russia","552 BTR-82A(M)","captured","https://twitter.com/UAWeapons/status/1567826815284043778","2023-11-16",74,5764,3,"7-7457643","11/16/2023"
"6395","Russia","Russia","552 BTR-82A(M)","captured","https://i.postimg.cc/y8jLb4Mp/1014-btr82a.jpg","2023-11-16",74,5765,3,"7-7457653","11/16/2023"
"6396","Russia","Russia","552 BTR-82A(M)","captured","https://i.postimg.cc/Bn4hpQV1/1024-btr82a.jpg","2023-11-16",74,5766,3,"7-7457663","11/16/2023"
"6397","Russia","Russia","552 BTR-82A(M)","captured","https://twitter.com/UAWeapons/status/1567922605495123972","2023-11-16",74,5767,3,"7-7457673","11/16/2023"
"6398","Russia","Russia","552 BTR-82A(M)","captured","https://i.postimg.cc/zG2q9XqP/1014-btr82a-capt.jpg","2023-11-16",74,5768,3,"7-7457683","11/16/2023"
"6399","Russia","Russia","552 BTR-82A(M)","captured","https://twitter.com/UAWeapons/status/1568207084159750146","2023-11-16",74,5769,3,"7-7457693","11/16/2023"
"6400","Russia","Russia","552 BTR-82A(M)","captured","https://i.postimg.cc/Vshzdwkt/1010-btr82a.jpg","2023-11-16",74,5770,3,"7-7457703","11/16/2023"
"6401","Russia","Russia","552 BTR-82A(M)","captured","https://i.postimg.cc/mZK8GHHC/1010-btr82a-capt-13-10-22.jpg","2023-11-16",74,5771,3,"7-7457713","11/16/2023"
"6402","Russia","Russia","552 BTR-82A(M)","captured","https://i.postimg.cc/Y08cp3Lk/1013-btr82a.jpg","2023-11-16",74,5772,3,"7-7457723","11/16/2023"
"6403","Russia","Russia","552 BTR-82A(M)","captured","https://twitter.com/UAWeapons/status/1568899233314381824","2023-11-16",74,4465,3,"7-7444653","11/16/2023"
"6404","Russia","Russia","552 BTR-82A(M)","captured","https://i.postimg.cc/RFjNVxzf/1008-btr-82a.jpg","2023-11-16",74,5773,3,"7-7457733","11/16/2023"
"6405","Russia","Russia","552 BTR-82A(M)","captured","https://i.postimg.cc/jq7D32zh/1009-btr-82a.jpg","2023-11-16",74,5774,3,"7-7457743","11/16/2023"
"6406","Russia","Russia","552 BTR-82A(M)","captured","https://twitter.com/Blue_Sauron/status/1568895598777991169","2023-11-16",74,1659,3,"7-7416593","11/16/2023"
"6407","Russia","Russia","552 BTR-82A(M)","captured","https://twitter.com/UAWeapons/status/1569229430765289472","2023-11-16",74,5775,3,"7-7457753","11/16/2023"
"6408","Russia","Russia","552 BTR-82A(M)","captured","https://twitter.com/UAWeapons/status/1569229421495701507","2023-11-16",74,4468,3,"7-7444683","11/16/2023"
"6409","Russia","Russia","552 BTR-82A(M)","captured","https://twitter.com/UAWeapons/status/1569229412205215744","2023-11-16",74,2713,3,"7-7427133","11/16/2023"
"6410","Russia","Russia","552 BTR-82A(M)","captured","https://twitter.com/UAWeapons/status/1569620233261817856","2023-11-16",74,5776,3,"7-7457763","11/16/2023"
"6411","Russia","Russia","552 BTR-82A(M)","captured","https://i.postimg.cc/C5fm6Bfw/57h.png","2023-11-16",74,5777,3,"7-7457773","11/16/2023"
"6412","Russia","Russia","552 BTR-82A(M)","captured","https://twitter.com/JimmySecUK/status/1569972968641499136","2023-11-16",74,5778,3,"7-7457783","11/16/2023"
"6413","Russia","Russia","552 BTR-82A(M)","damaged","https://twitter.com/UAWeapons/status/1570423464971976705","2023-11-16",74,2720,2,"7-7427202","11/16/2023"
"6414","Russia","Russia","552 BTR-82A(M)","captured","https://twitter.com/UAWeapons/status/1570423464971976705","2023-11-16",74,2720,3,"7-7427203","11/16/2023"
"6415","Russia","Russia","552 BTR-82A(M)","captured","https://i.postimg.cc/v8xvLFWj/1068-btr82a-capt-14-05-23.jpg","2023-11-16",74,5779,3,"7-7457793","11/16/2023"
"6416","Russia","Russia","552 BTR-82A(M)","damaged","https://i.postimg.cc/yxpp9Gb4/2022-09-17-BTR-82-A.png","2023-11-16",74,5780,2,"7-7457802","11/16/2023"
"6417","Russia","Russia","552 BTR-82A(M)","captured","https://i.postimg.cc/yxpp9Gb4/2022-09-17-BTR-82-A.png","2023-11-16",74,5780,3,"7-7457803","11/16/2023"
"6418","Russia","Russia","552 BTR-82A(M)","captured","https://twitter.com/UAWeapons/status/1570798006039085056","2023-11-16",74,5781,3,"7-7457813","11/16/2023"
"6419","Russia","Russia","552 BTR-82A(M)","captured","https://i.postimg.cc/pT0x80TF/2022-09-20-BTR-82-A-1.jpg","2023-11-16",74,5782,3,"7-7457823","11/16/2023"
"6420","Russia","Russia","552 BTR-82A(M)","captured","https://i.postimg.cc/Pqp2fPSM/1001-bttr82a.jpg","2023-11-16",74,5783,3,"7-7457833","11/16/2023"
"6421","Russia","Russia","552 BTR-82A(M)","captured","https://twitter.com/UAWeapons/status/1572936489314426883","2023-11-16",74,2728,3,"7-7427283","11/16/2023"
"6422","Russia","Russia","552 BTR-82A(M)","captured","https://i.postimg.cc/hjKYB1HP/2022-09-09-BTR-82-A.jpg","2023-11-16",74,5784,3,"7-7457843","11/16/2023"
"6423","Russia","Russia","552 BTR-82A(M)","captured","https://twitter.com/UAWeapons/status/1575165023735148545","2023-11-16",74,3881,3,"7-7438813","11/16/2023"
"6424","Russia","Russia","552 BTR-82A(M)","captured","https://twitter.com/naalsio26/status/1643840868757958656","2023-11-16",74,5785,3,"7-7457853","11/16/2023"
"6425","Russia","Russia","552 BTR-82A(M)","captured","https://i.postimg.cc/05CH7L3v/2022-09-27-BTR-82-A.jpg","2023-11-16",74,5786,3,"7-7457863","11/16/2023"
"6426","Russia","Russia","552 BTR-82A(M)","captured","https://i.postimg.cc/fTHktwkQ/BTR-82-A-Kharkiv-region.png","2023-11-16",74,5787,3,"7-7457873","11/16/2023"
"6427","Russia","Russia","552 BTR-82A(M)","captured","https://i.postimg.cc/SQHPSvvz/1019-btr82a-capt.jpg","2023-11-16",74,5788,3,"7-7457883","11/16/2023"
"6428","Russia","Russia","552 BTR-82A(M)","captured","https://twitter.com/UAWeapons/status/1577310974427639809","2023-11-16",74,5481,3,"7-7454813","11/16/2023"
"6429","Russia","Russia","552 BTR-82A(M)","captured","https://pic.twitter.com/a9BoN1E03K","2023-11-16",74,5789,3,"7-7457893","11/16/2023"
"6430","Russia","Russia","552 BTR-82A(M)","captured","https://i.postimg.cc/90LBSzv7/1039-btr80-capt.jpg","2023-11-16",74,5790,3,"7-7457903","11/16/2023"
"6431","Russia","Russia","552 BTR-82A(M)","captured","https://i.postimg.cc/Rhxk8NWH/1005-btr82a-capt.jpg","2023-11-16",74,5791,3,"7-7457913","11/16/2023"
"6432","Russia","Russia","552 BTR-82A(M)","captured","https://i.postimg.cc/hG6WLCgM/1006-btr82a-capt.jpg","2023-11-16",74,5792,3,"7-7457923","11/16/2023"
"6433","Russia","Russia","552 BTR-82A(M)","captured","https://i.postimg.cc/nzJ5S2zL/9.png","2023-11-16",74,5793,3,"7-7457933","11/16/2023"
"6434","Russia","Russia","552 BTR-82A(M)","captured","https://i.postimg.cc/T2VVXM78/2022-04-02-btr-82a-2.jpg","2023-11-16",74,5794,3,"7-7457943","11/16/2023"
"6435","Russia","Russia","552 BTR-82A(M)","captured","https://i.postimg.cc/c1jLcc7Z/1006-btr82a-capt.jpg","2023-11-16",74,5795,3,"7-7457953","11/16/2023"
"6436","Russia","Russia","552 BTR-82A(M)","captured","https://i.postimg.cc/PxWk7LX7/10-01-2022-BTR-82-A-M-captured.png","2023-11-16",74,5796,3,"7-7457963","11/16/2023"
"6437","Russia","Russia","552 BTR-82A(M)","captured","https://i.postimg.cc/7YBW16S4/1002-btr82a-capt.jpg","2023-11-16",74,5797,3,"7-7457973","11/16/2023"
"6438","Russia","Russia","552 BTR-82A(M)","captured","https://i.postimg.cc/PrRyVSdR/1043-btr82a-capt.jpg","2023-11-16",74,5798,3,"7-7457983","11/16/2023"
"6439","Russia","Russia","552 BTR-82A(M)","captured","https://i.postimg.cc/3w0prWBM/1013-btr82a-capt.jpg","2023-11-16",74,5799,3,"7-7457993","11/16/2023"
"6440","Russia","Russia","552 BTR-82A(M)","captured","https://i.postimg.cc/DZL6sBsn/1014-btr82a-capt.jpg","2023-11-16",74,5800,3,"7-7458003","11/16/2023"
"6441","Russia","Russia","552 BTR-82A(M)","captured","https://i.postimg.cc/yxVkgLGc/1030-btr82a-capt.jpg","2023-11-16",74,5801,3,"7-7458013","11/16/2023"
"6442","Russia","Russia","552 BTR-82A(M)","captured","https://i.postimg.cc/zGjrMtzW/1012-btr82a-capt.jpg","2023-11-16",74,5802,3,"7-7458023","11/16/2023"
"6443","Russia","Russia","552 BTR-82A(M)","captured","https://i.postimg.cc/zv53xbMC/1014-btr82a-capt.jpg","2023-11-16",74,5803,3,"7-7458033","11/16/2023"
"6444","Russia","Russia","552 BTR-82A(M)","captured","https://i.postimg.cc/SR6rPrCV/1011-btr-82a-capt.jpg","2023-11-16",74,5804,3,"7-7458043","11/16/2023"
"6445","Russia","Russia","552 BTR-82A(M)","captured","https://i.postimg.cc/WbZnnFnb/1022-btr82a-capt-23-01-23.jpg","2023-11-16",74,5805,3,"7-7458053","11/16/2023"
"6446","Russia","Russia","552 BTR-82A(M)","captured","https://i.postimg.cc/0QvqJ4sY/1002-btr82a-capt-07-03-23.jpg","2023-11-16",74,5806,3,"7-7458063","11/16/2023"
"6447","Russia","Russia","552 BTR-82A(M)","captured","https://i.postimg.cc/59wH5c3Z/1016-btr82a-capt.jpg","2023-11-16",74,5807,3,"7-7458073","11/16/2023"
"6448","Russia","Russia","552 BTR-82A(M)","captured","https://i.postimg.cc/V6mzNvKM/1010-btr82a-capt.jpg","2023-11-16",74,5808,3,"7-7458083","11/16/2023"
"6449","Russia","Russia","552 BTR-82A(M)","captured","https://i.postimg.cc/0NBCZ91n/1000-btr82a-capt-04-02-23.jpg","2023-11-16",74,5809,3,"7-7458093","11/16/2023"
"6450","Russia","Russia","552 BTR-82A(M)","captured","https://i.postimg.cc/ZRgYPZGn/1002-btr82a-capt.jpg","2023-11-16",74,5810,3,"7-7458103","11/16/2023"
"6451","Russia","Russia","552 BTR-82A(M)","captured","https://i.postimg.cc/h4TXwGxb/1028-btr82a-capt-12-12-22.jpg","2023-11-16",74,5811,3,"7-7458113","11/16/2023"
"6452","Russia","Russia","552 BTR-82A(M)","captured","https://i.postimg.cc/hvGx15PL/1016-btr82a-capt-02-01-23.jpg","2023-11-16",74,5812,3,"7-7458123","11/16/2023"
"6453","Russia","Russia","552 BTR-82A(M)","damaged","https://i.postimg.cc/3wPBcrqm/2022-04-04-BTR-82-A-destroyed-D-30-captured-Chernihiv.jpg","2023-11-16",74,5813,2,"7-7458132","11/16/2023"
"6454","Russia","Russia","552 BTR-82A(M)","captured","https://i.postimg.cc/3wPBcrqm/2022-04-04-BTR-82-A-destroyed-D-30-captured-Chernihiv.jpg","2023-11-16",74,5813,3,"7-7458133","11/16/2023"
"6455","Russia","Russia","552 BTR-82A(M)","captured","https://i.postimg.cc/3rqjRX1S/1029-btr82a-capt-10-03-22.jpg","2023-11-16",74,5814,3,"7-7458143","11/16/2023"
"6456","Russia","Russia","552 BTR-82A(M)","captured","https://i.postimg.cc/SKCLY4B8/1019-btr82a-capt-27-11-22.jpg","2023-11-16",74,5815,3,"7-7458153","11/16/2023"
"6457","Russia","Russia","552 BTR-82A(M)","captured","https://twitter.com/naalsio26/status/1657081730124111881","2023-11-16",74,5605,3,"7-7456053","11/16/2023"
"6458","Russia","Russia","552 BTR-82A(M)","captured","https://i.postimg.cc/43ycS0hX/1020-btr82a-capt-31-03-22.jpg","2023-11-16",74,5816,3,"7-7458163","11/16/2023"
"6459","Russia","Russia","552 BTR-82A(M)","captured","https://i.postimg.cc/QxWMc7k4/1030-btr82a-capt-21-06-23.jpg","2023-11-16",74,5817,3,"7-7458173","11/16/2023"
"6460","Russia","Russia","552 BTR-82A(M)","captured","https://i.postimg.cc/RhCcczrG/1065-btr82a-capt-30-11-22.jpg","2023-11-16",74,5818,3,"7-7458183","11/16/2023"
"6461","Russia","Russia","552 BTR-82A(M)","captured","https://i.postimg.cc/jqk0hRtw/1022-btr82a-and-kamaz-capt-30-04-22.jpg","2023-11-16",74,5819,3,"7-7458193","11/16/2023"
"6462","Russia","Russia","552 BTR-82A(M)","damaged","https://i.postimg.cc/qMbzTh46/1023-btr82a-dam-capt-30-11-22.jpg","2023-11-16",74,5820,2,"7-7458202","11/16/2023"
"6463","Russia","Russia","552 BTR-82A(M)","captured","https://i.postimg.cc/qMbzTh46/1023-btr82a-dam-capt-30-11-22.jpg","2023-11-16",74,5820,3,"7-7458203","11/16/2023"
"6464","Russia","Russia","552 BTR-82A(M)","captured","https://i.postimg.cc/RCYyJwKY/1002-btr82a-capt-30-11-22.jpg","2023-11-16",74,5821,3,"7-7458213","11/16/2023"
"6465","Russia","Soviet Union","1 BTR-50","destroyed","https://twitter.com/UAWeapons/status/1713192932906320385","2023-11-16",75,5822,1,"7-7558221","11/16/2023"
"6466","Russia","Soviet Union","1 BTR-60PB","damaged","https://i.postimg.cc/28S1XDpx/1009-btr60.jpg","2023-11-16",76,5823,2,"7-7658232","11/16/2023"
"6467","Russia","Soviet Union","4 BTR-70","destroyed","https://i.postimg.cc/t42tHcCh/v5.png","2023-11-16",77,5824,1,"7-7758241","11/16/2023"
"6468","Russia","Soviet Union","4 BTR-70","destroyed","https://i.postimg.cc/NMWkzrGS/v6.png","2023-11-16",77,5825,1,"7-7758251","11/16/2023"
"6469","Russia","Soviet Union","4 BTR-70","destroyed","https://twitter.com/UAWeapons/status/1591539898456186880","2023-11-16",77,5139,1,"7-7751391","11/16/2023"
"6470","Russia","Soviet Union","4 BTR-70","captured","https://i.postimg.cc/ZRSyFsmQ/2022-09-13-BTR.png","2023-11-16",77,5826,3,"7-7758263","11/16/2023"
"6471","Russia","Russia","BTR-70M","destroyed","https://i.postimg.cc/C1Cr277d/4c.png","2023-11-16",78,5827,1,"7-7858271","11/16/2023"
"6472","Russia","Russia","BTR-70M","destroyed","https://i.postimg.cc/85xLYVny/887.png","2023-11-16",78,5828,1,"7-7858281","11/16/2023"
"6473","Russia","Russia","BTR-70M","captured","https://i.postimg.cc/MKXLg0xH/1000-btr80-capt.jpg","2023-11-16",78,5829,3,"7-7858293","11/16/2023"
"6474","Russia","Soviet Union","185 BTR-80","destroyed","https://i.postimg.cc/Dwp3QN7Q/Screenshot-8275.png","2023-11-16",79,5830,1,"7-7958301","11/16/2023"
"6475","Russia","Soviet Union","185 BTR-80","destroyed","https://i.postimg.cc/ZRMNRmvg/g433.jpg","2023-11-16",79,5831,1,"7-7958311","11/16/2023"
"6476","Russia","Soviet Union","185 BTR-80","destroyed","https://i.postimg.cc/vm1NCSTX/87j8.png","2023-11-16",79,5832,1,"7-7958321","11/16/2023"
"6477","Russia","Soviet Union","185 BTR-80","destroyed","https://i.postimg.cc/wj4RK6bb/235.png","2023-11-16",79,5833,1,"7-7958331","11/16/2023"
"6478","Russia","Soviet Union","185 BTR-80","destroyed","https://i.postimg.cc/FF8stwCs/5g8.jpg","2023-11-16",79,5834,1,"7-7958341","11/16/2023"
"6479","Russia","Soviet Union","185 BTR-80","destroyed","https://i.postimg.cc/dthr29YX/ddfg.jpg","2023-11-16",79,5835,1,"7-7958351","11/16/2023"
"6480","Russia","Soviet Union","185 BTR-80","destroyed","https://i.postimg.cc/02wsWV7w/dd1.png","2023-11-16",79,5836,1,"7-7958361","11/16/2023"
"6481","Russia","Soviet Union","185 BTR-80","destroyed","https://i.postimg.cc/BvQR3vq8/43g.png","2023-11-16",79,5837,1,"7-7958371","11/16/2023"
"6482","Russia","Soviet Union","185 BTR-80","destroyed","https://i.postimg.cc/wjT16cQp/f246.png","2023-11-16",79,5838,1,"7-7958381","11/16/2023"
"6483","Russia","Soviet Union","185 BTR-80","destroyed","https://i.postimg.cc/nLZMZG9D/4313.png","2023-11-16",79,5839,1,"7-7958391","11/16/2023"
"6484","Russia","Soviet Union","185 BTR-80","destroyed","https://i.postimg.cc/bvzcJ2vM/3d.jpg","2023-11-16",79,5840,1,"7-7958401","11/16/2023"
"6485","Russia","Soviet Union","185 BTR-80","destroyed","https://i.postimg.cc/zG7gJgJ8/976.png","2023-11-16",79,5841,1,"7-7958411","11/16/2023"
"6486","Russia","Soviet Union","185 BTR-80","destroyed","https://i.postimg.cc/y8k7xYxL/BTR80.png","2023-11-16",79,5842,1,"7-7958421","11/16/2023"
"6487","Russia","Soviet Union","185 BTR-80","destroyed","https://i.postimg.cc/6qt9pr4Z/btr80.jpg","2023-11-16",79,5843,1,"7-7958431","11/16/2023"
"6488","Russia","Soviet Union","185 BTR-80","destroyed","https://postimg.cc/WFgD1hW6","2023-11-16",79,5844,1,"7-7958441","11/16/2023"
"6489","Russia","Soviet Union","185 BTR-80","destroyed","https://i.postimg.cc/LXvww7xC/78.jpg","2023-11-16",79,5845,1,"7-7958451","11/16/2023"
"6490","Russia","Soviet Union","185 BTR-80","destroyed","https://i.postimg.cc/wMjKtQ8w/331.jpg","2023-11-16",79,5846,1,"7-7958461","11/16/2023"
"6491","Russia","Soviet Union","185 BTR-80","destroyed","https://i.postimg.cc/gJwrJx5M/4388.jpg","2023-11-16",79,5847,1,"7-7958471","11/16/2023"
"6492","Russia","Soviet Union","185 BTR-80","destroyed","https://i.postimg.cc/3rgKVvQM/11d.jpg","2023-11-16",79,5848,1,"7-7958481","11/16/2023"
"6493","Russia","Soviet Union","185 BTR-80","destroyed","https://i.postimg.cc/rpXfYGXY/327.jpg","2023-11-16",79,5849,1,"7-7958491","11/16/2023"
"6494","Russia","Soviet Union","185 BTR-80","destroyed","https://twitter.com/UAWeapons/status/1530121074515619841","2023-11-16",79,5850,1,"7-7958501","11/16/2023"
"6495","Russia","Soviet Union","185 BTR-80","destroyed","https://i.postimg.cc/x8Gj0RZm/b2.jpg","2023-11-16",79,5851,1,"7-7958511","11/16/2023"
"6496","Russia","Soviet Union","185 BTR-80","destroyed","https://twitter.com/UAWeapons/status/1534870120740298752","2023-11-16",79,5852,1,"7-7958521","11/16/2023"
"6497","Russia","Soviet Union","185 BTR-80","destroyed","https://twitter.com/UAWeapons/status/1539596174243528705","2023-11-16",79,5853,1,"7-7958531","11/16/2023"
"6498","Russia","Soviet Union","185 BTR-80","destroyed","https://i.postimg.cc/KjDPMswn/77j.jpg","2023-11-16",79,5854,1,"7-7958541","11/16/2023"
"6499","Russia","Soviet Union","185 BTR-80","destroyed","https://i.postimg.cc/4N9bkGGF/55g.png","2023-11-16",79,5855,1,"7-7958551","11/16/2023"
"6500","Russia","Soviet Union","185 BTR-80","destroyed","https://twitter.com/RALee85/status/1544016163801387009","2023-11-16",79,706,1,"7-797061","11/16/2023"
"6501","Russia","Soviet Union","185 BTR-80","destroyed","https://i.postimg.cc/pTx3gTNc/1300-btr80-destr-12-07-22.jpg","2023-11-16",79,5856,1,"7-7958561","11/16/2023"
"6502","Russia","Soviet Union","185 BTR-80","destroyed","https://i.postimg.cc/q7yrqVbh/1001.jpg","2023-11-16",79,1748,1,"7-7917481","11/16/2023"
"6503","Russia","Soviet Union","185 BTR-80","destroyed","https://i.postimg.cc/1zg0QzmX/1002.jpg","2023-11-16",79,5857,1,"7-7958571","11/16/2023"
"6504","Russia","Soviet Union","185 BTR-80","destroyed","https://i.postimg.cc/Y2vd4qQV/1003.jpg","2023-11-16",79,5858,1,"7-7958581","11/16/2023"
"6505","Russia","Soviet Union","185 BTR-80","destroyed","https://i.postimg.cc/vHXf2VcH/6650.png","2023-11-16",79,5859,1,"7-7958591","11/16/2023"
"6506","Russia","Soviet Union","185 BTR-80","destroyed","https://i.postimg.cc/zGPf9L2c/1008-btr80.jpg","2023-11-16",79,5860,1,"7-7958601","11/16/2023"
"6507","Russia","Soviet Union","185 BTR-80","destroyed","https://i.postimg.cc/sX8jw3TM/1010-btr80.jpg","2023-11-16",79,5861,1,"7-7958611","11/16/2023"
"6508","Russia","Soviet Union","185 BTR-80","destroyed","https://postimg.cc/Z90NMhMR","2023-11-16",79,5862,1,"7-7958621","11/16/2023"
"6509","Russia","Soviet Union","185 BTR-80","destroyed","https://i.postimg.cc/v85rRWT8/1081-BTR-80.jpg","2023-11-16",79,5863,1,"7-7958631","11/16/2023"
"6510","Russia","Soviet Union","185 BTR-80","destroyed","https://i.postimg.cc/X7VyTmtx/1082-BTR-80.jpg","2023-11-16",79,5864,1,"7-7958641","11/16/2023"
"6511","Russia","Soviet Union","185 BTR-80","destroyed","https://i.postimg.cc/L6NZRvpS/1083-BTR-80.jpg","2023-11-16",79,5865,1,"7-7958651","11/16/2023"
"6512","Russia","Soviet Union","185 BTR-80","destroyed","https://i.postimg.cc/3x3VvJVv/1006-btr-80.jpg","2023-11-16",79,5866,1,"7-7958661","11/16/2023"
"6513","Russia","Soviet Union","185 BTR-80","destroyed","https://i.postimg.cc/ZKt1JLLj/1007-btr-80.jpg","2023-11-16",79,5867,1,"7-7958671","11/16/2023"
"6514","Russia","Soviet Union","185 BTR-80","destroyed","https://twitter.com/UAWeapons/status/1573229951393964033","2023-11-16",79,5868,1,"7-7958681","11/16/2023"
"6515","Russia","Soviet Union","185 BTR-80","destroyed","https://i.postimg.cc/QxfrHCbZ/1017-btr80-destr.jpg","2023-11-16",79,5869,1,"7-7958691","11/16/2023"
"6516","Russia","Soviet Union","185 BTR-80","destroyed","https://i.postimg.cc/mD7sDSdm/1018-btr80-destr.jpg","2023-11-16",79,5870,1,"7-7958701","11/16/2023"
"6517","Russia","Soviet Union","185 BTR-80","destroyed","https://i.postimg.cc/5yX5rQS1/44.png","2023-11-16",79,5871,1,"7-7958711","11/16/2023"
"6518","Russia","Soviet Union","185 BTR-80","destroyed","https://i.postimg.cc/VkFVpqsK/BTR-80-destroyed.png","2023-11-16",79,5872,1,"7-7958721","11/16/2023"
"6519","Russia","Soviet Union","185 BTR-80","destroyed","https://i.postimg.cc/dQ5BGwPY/1005-btr80-destr.jpg","2023-11-16",79,5873,1,"7-7958731","11/16/2023"
"6520","Russia","Soviet Union","185 BTR-80","destroyed","https://i.postimg.cc/Y0bjNHx3/1049-BTR-80-destr-20-05-23.jpg","2023-11-16",79,5874,1,"7-7958741","11/16/2023"
"6521","Russia","Soviet Union","185 BTR-80","destroyed","https://i.postimg.cc/BZhPcStC/2022-03-30-btr-80-1.jpg","2023-11-16",79,5875,1,"7-7958751","11/16/2023"
"6522","Russia","Soviet Union","185 BTR-80","destroyed","https://i.postimg.cc/tCG10Zfx/2022-03-30-btr-80-2.jpg","2023-11-16",79,5876,1,"7-7958761","11/16/2023"
"6523","Russia","Soviet Union","185 BTR-80","destroyed","https://i.postimg.cc/ZqSVk63Z/2022-05-08-btr-80.jpg","2023-11-16",79,5877,1,"7-7958771","11/16/2023"
"6524","Russia","Soviet Union","185 BTR-80","destroyed","https://i.postimg.cc/QtPJC34B/2022-06-23-btr-80.jpg","2023-11-16",79,5878,1,"7-7958781","11/16/2023"
"6525","Russia","Soviet Union","185 BTR-80","destroyed","https://twitter.com/GloOouD/status/1620025168382033920","2023-11-16",79,5879,1,"7-7958791","11/16/2023"
"6526","Russia","Soviet Union","185 BTR-80","destroyed","https://i.postimg.cc/G2G6CbgT/2022-09-28-btr-80.jpg","2023-11-16",79,5880,1,"7-7958801","11/16/2023"
"6527","Russia","Soviet Union","185 BTR-80","destroyed","https://i.postimg.cc/vHf9RDy3/1010-btr80-destr.jpg","2023-11-16",79,5881,1,"7-7958811","11/16/2023"
"6528","Russia","Soviet Union","185 BTR-80","destroyed","https://i.postimg.cc/133J931M/1015-btr80-destr-01-Jul-2022.jpg","2023-11-16",79,5882,1,"7-7958821","11/16/2023"
"6529","Russia","Soviet Union","185 BTR-80","destroyed","https://i.postimg.cc/ZK3Xw8RX/10-19-2022-BTR-80-destroyed-Kherson-region.png","2023-11-16",79,5883,1,"7-7958831","11/16/2023"
"6530","Russia","Soviet Union","185 BTR-80","destroyed","https://i.postimg.cc/y6gsmSzS/10-20-2022-destroyed-Belgorod.png","2023-11-16",79,648,1,"7-796481","11/16/2023"
"6531","Russia","Soviet Union","185 BTR-80","destroyed","https://twitter.com/UAWeapons/status/1585316127982305282","2023-11-16",79,5884,1,"7-7958841","11/16/2023"
"6532","Russia","Soviet Union","185 BTR-80","destroyed","https://i.postimg.cc/L8MwRvf0/1007-btr80-destr.jpg","2023-11-16",79,5885,1,"7-7958851","11/16/2023"
"6533","Russia","Soviet Union","185 BTR-80","destroyed","https://i.postimg.cc/HWf7LmhQ/1009-btr80-destr.jpg","2023-11-16",79,5886,1,"7-7958861","11/16/2023"
"6534","Russia","Soviet Union","185 BTR-80","destroyed","https://twitter.com/UAWeapons/status/1536387180611895296","2023-11-16",79,2357,1,"7-7923571","11/16/2023"
"6535","Russia","Soviet Union","185 BTR-80","destroyed","https://twitter.com/UAWeapons/status/1588487908713205760","2023-11-16",79,5887,1,"7-7958871","11/16/2023"
"6536","Russia","Soviet Union","185 BTR-80","destroyed","https://i.postimg.cc/CxMvT9wg/1008-btr80-destr.jpg","2023-11-16",79,5888,1,"7-7958881","11/16/2023"
"6537","Russia","Soviet Union","185 BTR-80","destroyed","https://i.postimg.cc/FsbTmCKb/1006-btr80-destr.jpg","2023-11-16",79,5889,1,"7-7958891","11/16/2023"
"6538","Russia","Soviet Union","185 BTR-80","destroyed","https://twitter.com/UAWeapons/status/1590462176652689408","2023-11-16",79,5890,1,"7-7958901","11/16/2023"
"6539","Russia","Soviet Union","185 BTR-80","destroyed","https://i.postimg.cc/0ySjTrhx/1022-btr80-destr.jpg","2023-11-16",79,5891,1,"7-7958911","11/16/2023"
"6540","Russia","Soviet Union","185 BTR-80","destroyed","https://postlmg.cc/0MgmwdJL","2023-11-16",79,5892,1,"7-7958921","11/16/2023"
"6541","Russia","Soviet Union","185 BTR-80","destroyed","https://i.postimg.cc/MHF5v47b/31.jpg","2023-11-16",79,5893,1,"7-7958931","11/16/2023"
"6542","Russia","Soviet Union","185 BTR-80","destroyed","https://i.postimg.cc/qRdgRrD2/1005-btr80-destr.jpg","2023-11-16",79,5894,1,"7-7958941","11/16/2023"
"6543","Russia","Soviet Union","185 BTR-80","destroyed","https://i.postimg.cc/C5YTNK2T/03-30-2022-BTR-80-destroyed.png","2023-11-16",79,5895,1,"7-7958951","11/16/2023"
"6544","Russia","Soviet Union","185 BTR-80","destroyed","https://i.postimg.cc/CMqnRjz2/11-16-2022-BTR-80-destroyed.png","2023-11-16",79,5896,1,"7-7958961","11/16/2023"
"6545","Russia","Soviet Union","185 BTR-80","destroyed","https://i.postimg.cc/mrGJfb2m/1027-btr80-destr.jpg","2023-11-16",79,5897,1,"7-7958971","11/16/2023"
"6546","Russia","Soviet Union","185 BTR-80","destroyed","https://i.postimg.cc/5t2vtRg8/1011-BTR-80-destr.jpg","2023-11-16",79,5898,1,"7-7958981","11/16/2023"
"6547","Russia","Soviet Union","185 BTR-80","destroyed","https://i.postimg.cc/0NZ73ywy/1015-btr80-destr.jpg","2023-11-16",79,5899,1,"7-7958991","11/16/2023"
"6548","Russia","Soviet Union","185 BTR-80","destroyed","https://twitter.com/UAWeapons/status/1608913553704226816","2023-11-16",79,1987,1,"7-7919871","11/16/2023"
"6549","Russia","Soviet Union","185 BTR-80","destroyed","https://i.postimg.cc/3JNxjPvX/1011-btr80-destr-24-12-22.jpg","2023-11-16",79,5900,1,"7-7959001","11/16/2023"
"6550","Russia","Soviet Union","185 BTR-80","destroyed","https://i.postimg.cc/SQDKMyJQ/1026-BTR-80-destr-01-12-22.jpg","2023-11-16",79,5901,1,"7-7959011","11/16/2023"
"6551","Russia","Soviet Union","185 BTR-80","destroyed","https://i.postimg.cc/3x1Lfc1w/1004-btr80-destr-01-03-22.jpg","2023-11-16",79,5902,1,"7-7959021","11/16/2023"
"6552","Russia","Soviet Union","185 BTR-80","destroyed","https://i.postimg.cc/T3shj0yF/1001-btr80-destr-17-11-22.jpg","2023-11-16",79,5903,1,"7-7959031","11/16/2023"
"6553","Russia","Soviet Union","185 BTR-80","destroyed","https://i.postimg.cc/15bsBJt8/1009-BTR-80-destr-17-05-23.jpg","2023-11-16",79,5904,1,"7-7959041","11/16/2023"
"6554","Russia","Soviet Union","185 BTR-80","destroyed","https://i.postimg.cc/6Qbd5XZD/1001-btr80.jpg","2023-11-16",79,5905,1,"7-7959051","11/16/2023"
"6555","Russia","Soviet Union","185 BTR-80","destroyed","https://i.postimg.cc/ZnPxT2Rd/1010-btr80-destr-17-01-23.jpg","2023-11-16",79,5906,1,"7-7959061","11/16/2023"
"6556","Russia","Soviet Union","185 BTR-80","destroyed","https://i.postimg.cc/Fz34mhTS/1031-btr80-destr-18-11-22.jpg","2023-11-16",79,5907,1,"7-7959071","11/16/2023"
"6557","Russia","Soviet Union","185 BTR-80","destroyed","https://i.postimg.cc/L68byMt3/1002-btr80-destr-25-01-23.jpg","2023-11-16",79,5908,1,"7-7959081","11/16/2023"
"6558","Russia","Soviet Union","185 BTR-80","destroyed","https://i.postimg.cc/zvVSm1s5/1004-btr80-destr-14-01-23.jpg","2023-11-16",79,5909,1,"7-7959091","11/16/2023"
"6559","Russia","Soviet Union","185 BTR-80","destroyed","https://i.postimg.cc/L5TJmfDT/1018-ural4320-and-btr80-18-07-23-destr.jpg","2023-11-16",79,5910,1,"7-7959101","11/16/2023"
"6560","Russia","Soviet Union","185 BTR-80","destroyed","https://i.postimg.cc/NF2DNdN7/1019-btr80-destr-09-03-23.jpg","2023-11-16",79,5911,1,"7-7959111","11/16/2023"
"6561","Russia","Soviet Union","185 BTR-80","destroyed","https://i.postimg.cc/1z6kkzTF/1024-BRDM-2-destr-12-03-23.jpg","2023-11-16",79,5912,1,"7-7959121","11/16/2023"
"6562","Russia","Soviet Union","185 BTR-80","destroyed","https://i.postimg.cc/wvzSqrJR/548j.png","2023-11-16",79,5913,1,"7-7959131","11/16/2023"
"6563","Russia","Soviet Union","185 BTR-80","destroyed","https://i.postimg.cc/N0Gz4Hdt/32.png","2023-11-16",79,5914,1,"7-7959141","11/16/2023"
"6564","Russia","Soviet Union","185 BTR-80","destroyed","https://i.postimg.cc/KjbDpbSg/1001-btr-80-destr-27-04-23.jpg","2023-11-16",79,5915,1,"7-7959151","11/16/2023"
"6565","Russia","Soviet Union","185 BTR-80","destroyed","https://i.postimg.cc/RFghx6pP/1000-btr80-destr-30-04-23.jpg","2023-11-16",79,5916,1,"7-7959161","11/16/2023"
"6566","Russia","Soviet Union","185 BTR-80","destroyed","https://i.postimg.cc/FRPjvXRY/1028-btr80-destr-08-05-23.jpg","2023-11-16",79,5917,1,"7-7959171","11/16/2023"
"6567","Russia","Soviet Union","185 BTR-80","destroyed","https://i.postimg.cc/rpPCRrwW/1023-btr80-destr-01-06-23.jpg","2023-11-16",79,5918,1,"7-7959181","11/16/2023"
"6568","Russia","Soviet Union","185 BTR-80","destroyed","https://i.postimg.cc/ZqXsg0Mq/1016-BTR-80-destr-22-06-23.jpg","2023-11-16",79,5919,1,"7-7959191","11/16/2023"
"6569","Russia","Soviet Union","185 BTR-80","destroyed","https://i.postimg.cc/BQ2BCfSs/1043-BTR-80-destr-26-03-23.jpg","2023-11-16",79,5920,1,"7-7959201","11/16/2023"
"6570","Russia","Soviet Union","185 BTR-80","destroyed","https://i.postimg.cc/mr6b3br4/1001-btr80-destr-26-06-23.jpg","2023-11-16",79,5921,1,"7-7959211","11/16/2023"
"6571","Russia","Soviet Union","185 BTR-80","destroyed","https://i.postimg.cc/dQyBcw0m/1025-BTR-80-with-RP-377-UVM-IED-jammer-destr-30-06-23.jpg","2023-11-16",79,5922,1,"7-7959221","11/16/2023"
"6572","Russia","Soviet Union","185 BTR-80","destroyed","https://i.postimg.cc/TYZYXrgH/1005-BTR-80-destr-18-09-22.jpg","2023-11-16",79,5923,1,"7-7959231","11/16/2023"
"6573","Russia","Soviet Union","185 BTR-80","destroyed","https://twitter.com/UAWeapons/status/1679520414538641408","2023-11-16",79,5924,1,"7-7959241","11/16/2023"
"6574","Russia","Soviet Union","185 BTR-80","destroyed","https://i.postimg.cc/gjVCyBHL/1025-btr80-destr-15-06-23.jpg","2023-11-16",79,5925,1,"7-7959251","11/16/2023"
"6575","Russia","Soviet Union","185 BTR-80","destroyed","https://i.postimg.cc/V64G5ck3/1027-BTR-80-destr-16-08-23.jpg","2023-11-16",79,5926,1,"7-7959261","11/16/2023"
"6576","Russia","Soviet Union","185 BTR-80","destroyed","https://i.postimg.cc/L4zKSLff/1000-btr80-destr-26-08-23.jpg","2023-11-16",79,5927,1,"7-7959271","11/16/2023"
"6577","Russia","Soviet Union","185 BTR-80","destroyed","https://i.postimg.cc/0QydbB1h/7643.png","2023-11-16",79,5928,1,"7-7959281","11/16/2023"
"6578","Russia","Soviet Union","185 BTR-80","destroyed","https://i.postimg.cc/q7XzH6M6/488.png","2023-11-16",79,5929,1,"7-7959291","11/16/2023"
"6579","Russia","Soviet Union","185 BTR-80","destroyed","https://i.postimg.cc/90nNWSDk/3280.png","2023-11-16",79,5930,1,"7-7959301","11/16/2023"
"6580","Russia","Soviet Union","185 BTR-80","destroyed","https://twitter.com/naalsio26/status/1700606079720210486","2023-11-16",79,5931,1,"7-7959311","11/16/2023"
"6581","Russia","Soviet Union","185 BTR-80","destroyed","https://twitter.com/naalsio26/status/1700866392193380793","2023-11-16",79,5932,1,"7-7959321","11/16/2023"
"6582","Russia","Soviet Union","185 BTR-80","destroyed","https://i.postimg.cc/7PMdpBVq/328.png","2023-11-16",79,5933,1,"7-7959331","11/16/2023"
"6583","Russia","Soviet Union","185 BTR-80","destroyed","https://twitter.com/naalsio26/status/1705659369654804499","2023-11-16",79,5934,1,"7-7959341","11/16/2023"
"6584","Russia","Soviet Union","185 BTR-80","destroyed","https://twitter.com/UAWeapons/status/1713179991641309527","2023-11-16",79,204,1,"7-792041","11/16/2023"
"6585","Russia","Soviet Union","185 BTR-80","destroyed","https://i.postimg.cc/5tmS9XQK/1002-btr80-destr-11-10-23.jpg","2023-11-16",79,5935,1,"7-7959351","11/16/2023"
"6586","Russia","Soviet Union","185 BTR-80","destroyed","https://i.postimg.cc/Z5Hr48dH/1010-1x-mtlb-1x-bmp1-2x-bmp2-1x-btr82a-1x-btr80-destr-20-10-23.jpg","2023-11-16",79,2584,1,"7-7925841","11/16/2023"
"6587","Russia","Soviet Union","185 BTR-80","destroyed","https://i.postimg.cc/K8WZkqWS/1004-BTR-80-destr-06-08-23.jpg","2023-11-16",79,5936,1,"7-7959361","11/16/2023"
"6588","Russia","Soviet Union","185 BTR-80","destroyed","https://i.postimg.cc/t47ZnjXB/1016-MT-LB-btr80-destr-31-10-23.jpg","2023-11-16",79,2598,1,"7-7925981","11/16/2023"
"6589","Russia","Soviet Union","185 BTR-80","destroyed","https://i.postimg.cc/SKyk3mRM/1016-BTR-80-destr-24-11-22.jpg","2023-11-16",79,5937,1,"7-7959371","11/16/2023"
"6590","Russia","Soviet Union","185 BTR-80","damaged","https://twitter.com/UAWeapons/status/1514213065268596737","2023-11-16",79,5938,2,"7-7959382","11/16/2023"
"6591","Russia","Soviet Union","185 BTR-80","damaged","https://i.postimg.cc/05mySw8r/1022-btr80-dam-13-10-23.jpg","2023-11-16",79,5939,2,"7-7959392","11/16/2023"
"6592","Russia","Soviet Union","185 BTR-80","damaged","https://i.postimg.cc/ZRKFWJrb/1046-2x-BTR-80-1x-destr-1x-dam-14-10-23.jpg","2023-11-16",79,5940,2,"7-7959402","11/16/2023"
"6593","Russia","Soviet Union","185 BTR-80","abandoned","https://i.postimg.cc/gcn1yNwd/h6.png","2023-11-16",79,5941,4,"7-7959414","11/16/2023"
"6594","Russia","Soviet Union","185 BTR-80","abandoned","https://i.postimg.cc/mrxdHDX8/43134.png","2023-11-16",79,5942,4,"7-7959424","11/16/2023"
"6595","Russia","Soviet Union","185 BTR-80","abandoned","https://i.postimg.cc/FRd1GGTm/f22.png","2023-11-16",79,5943,4,"7-7959434","11/16/2023"
"6596","Russia","Soviet Union","185 BTR-80","abandoned","https://i.postimg.cc/KjcSwP7f/579.png","2023-11-16",79,5944,4,"7-7959444","11/16/2023"
"6597","Russia","Soviet Union","185 BTR-80","abandoned","https://i.postimg.cc/yNYJHDjJ/1012-btr80-aband-07-06-23.jpg","2023-11-16",79,5945,4,"7-7959454","11/16/2023"
"6598","Russia","Soviet Union","185 BTR-80","damaged","https://i.postimg.cc/YqN4CPXT/1036-btr80-dam-aband-30-05-23.jpg","2023-11-16",79,5946,2,"7-7959462","11/16/2023"
"6599","Russia","Soviet Union","185 BTR-80","abandoned","https://i.postimg.cc/YqN4CPXT/1036-btr80-dam-aband-30-05-23.jpg","2023-11-16",79,5946,4,"7-7959464","11/16/2023"
"6600","Russia","Soviet Union","185 BTR-80","damaged","https://i.postimg.cc/056Mq5Lk/1065-btr80-dam-aband-11-10-23.jpg","2023-11-16",79,5947,2,"7-7959472","11/16/2023"
"6601","Russia","Soviet Union","185 BTR-80","abandoned","https://i.postimg.cc/056Mq5Lk/1065-btr80-dam-aband-11-10-23.jpg","2023-11-16",79,5947,4,"7-7959474","11/16/2023"
"6602","Russia","Soviet Union","185 BTR-80","damaged","https://i.postimg.cc/sggTN8y2/1010-mtlb-destr-btr80-dam-aband-05-11-23.jpg","2023-11-16",79,5948,2,"7-7959482","11/16/2023"
"6603","Russia","Soviet Union","185 BTR-80","abandoned","https://i.postimg.cc/sggTN8y2/1010-mtlb-destr-btr80-dam-aband-05-11-23.jpg","2023-11-16",79,5948,4,"7-7959484","11/16/2023"
"6604","Russia","Soviet Union","185 BTR-80","damaged","https://i.postimg.cc/HsQGV9qw/nm.jpg","2023-11-16",79,5949,2,"7-7959492","11/16/2023"
"6605","Russia","Soviet Union","185 BTR-80","captured","https://i.postimg.cc/HsQGV9qw/nm.jpg","2023-11-16",79,5949,3,"7-7959493","11/16/2023"
"6606","Russia","Soviet Union","185 BTR-80","damaged","https://i.postimg.cc/rmL9smDd/4f5.jpg","2023-11-16",79,5950,2,"7-7959502","11/16/2023"
"6607","Russia","Soviet Union","185 BTR-80","captured","https://i.postimg.cc/rmL9smDd/4f5.jpg","2023-11-16",79,5950,3,"7-7959503","11/16/2023"
"6608","Russia","Soviet Union","185 BTR-80","captured","https://i.postimg.cc/MZY8btn5/4f77.png","2023-11-16",79,5951,3,"7-7959513","11/16/2023"
"6609","Russia","Soviet Union","185 BTR-80","captured","https://i.postimg.cc/Dy1dQRVX/1000-btr80.jpg","2023-11-16",79,5952,3,"7-7959523","11/16/2023"
"6610","Russia","Soviet Union","185 BTR-80","captured","https://i.postimg.cc/8cKJC0KY/image.jpg","2023-11-16",79,5953,3,"7-7959533","11/16/2023"
"6611","Russia","Soviet Union","185 BTR-80","captured","https://i.postimg.cc/0QhzJwNp/3277.png","2023-11-16",79,5954,3,"7-7959543","11/16/2023"
"6612","Russia","Soviet Union","185 BTR-80","captured","https://i.postimg.cc/0yN9bKkZ/3d13.png","2023-11-16",79,5955,3,"7-7959553","11/16/2023"
"6613","Russia","Soviet Union","185 BTR-80","captured","https://postimg.cc/Yhq1prvQ","2023-11-16",79,5956,3,"7-7959563","11/16/2023"
"6614","Russia","Soviet Union","185 BTR-80","captured","https://i.postimg.cc/XY0603X9/137.png","2023-11-16",79,5957,3,"7-7959573","11/16/2023"
"6615","Russia","Soviet Union","185 BTR-80","captured","https://i.postimg.cc/4d5xY5FN/f2f.png","2023-11-16",79,5958,3,"7-7959583","11/16/2023"
"6616","Russia","Soviet Union","185 BTR-80","captured","https://i.postimg.cc/qqpsFB3j/4313.png","2023-11-16",79,5959,3,"7-7959593","11/16/2023"
"6617","Russia","Soviet Union","185 BTR-80","captured","https://i.postimg.cc/hPp61ynw/4156.png","2023-11-16",79,5960,3,"7-7959603","11/16/2023"
"6618","Russia","Soviet Union","185 BTR-80","captured","https://i.postimg.cc/fTH27N6P/5t.png","2023-11-16",79,5961,3,"7-7959613","11/16/2023"
"6619","Russia","Soviet Union","185 BTR-80","captured","https://i.postimg.cc/sDsVMgDk/541.png","2023-11-16",79,5962,3,"7-7959623","11/16/2023"
"6620","Russia","Soviet Union","185 BTR-80","captured","https://i.postimg.cc/GmYjgxws/498.png","2023-11-16",79,5963,3,"7-7959633","11/16/2023"
"6621","Russia","Soviet Union","185 BTR-80","captured","https://i.postimg.cc/8kWxq31m/122.png","2023-11-16",79,5964,3,"7-7959643","11/16/2023"
"6622","Russia","Soviet Union","185 BTR-80","captured","https://i.postimg.cc/C1k9VdkN/48.png","2023-11-16",79,5965,3,"7-7959653","11/16/2023"
"6623","Russia","Soviet Union","185 BTR-80","captured","https://i.postimg.cc/KzCX8xb5/f68.png","2023-11-16",79,5966,3,"7-7959663","11/16/2023"
"6624","Russia","Soviet Union","185 BTR-80","captured","https://i.postimg.cc/HLN2m7X7/b55.jpg","2023-11-16",79,5967,3,"7-7959673","11/16/2023"
"6625","Russia","Soviet Union","185 BTR-80","captured","https://postimg.cc/XZ3JnzqY","2023-11-16",79,5968,3,"7-7959683","11/16/2023"
"6626","Russia","Soviet Union","185 BTR-80","captured","https://i.postimg.cc/FKnhWXjZ/431.jpg","2023-11-16",79,5969,3,"7-7959693","11/16/2023"
"6627","Russia","Soviet Union","185 BTR-80","captured","https://i.postimg.cc/cC1Jr9bf/3322.jpg","2023-11-16",79,5970,3,"7-7959703","11/16/2023"
"6628","Russia","Soviet Union","185 BTR-80","captured","https://i.postimg.cc/858P5L8g/Screenshot-8471.png","2023-11-16",79,5971,3,"7-7959713","11/16/2023"
"6629","Russia","Soviet Union","185 BTR-80","captured","https://i.postimg.cc/8cymMnKf/4433.png","2023-11-16",79,5972,3,"7-7959723","11/16/2023"
"6630","Russia","Soviet Union","185 BTR-80","captured","https://i.postimg.cc/J7gs84ZC/456.png","2023-11-16",79,5973,3,"7-7959733","11/16/2023"
"6631","Russia","Soviet Union","185 BTR-80","captured","https://i.postimg.cc/15nsWPhH/67.png","2023-11-16",79,5974,3,"7-7959743","11/16/2023"
"6632","Russia","Soviet Union","185 BTR-80","captured","https://i.postimg.cc/xCd1nMS7/1010-btr80-capt-03-10-22.png","2023-11-16",79,5975,3,"7-7959753","11/16/2023"
"6633","Russia","Soviet Union","185 BTR-80","captured","https://i.postimg.cc/zvHPLhtq/1002-btr80.jpg","2023-11-16",79,5976,3,"7-7959763","11/16/2023"
"6634","Russia","Soviet Union","185 BTR-80","captured","https://twitter.com/UAWeapons/status/1577254750529036288","2023-11-16",79,5977,3,"7-7959773","11/16/2023"
"6635","Russia","Soviet Union","185 BTR-80","captured","https://postlmg.cc/sB8Cszbn","2023-11-16",79,5978,3,"7-7959783","11/16/2023"
"6636","Russia","Soviet Union","185 BTR-80","captured","https://i.postimg.cc/X7cbbJ2p/1002-BTR80.jpg","2023-11-16",79,5979,3,"7-7959793","11/16/2023"
"6637","Russia","Soviet Union","185 BTR-80","captured","https://twitter.com/UAWeapons/status/1567266909757792256","2023-11-16",79,5980,3,"7-7959803","11/16/2023"
"6638","Russia","Soviet Union","185 BTR-80","captured","https://i.postimg.cc/RVHNwcb6/1045-btr80.jpg","2023-11-16",79,5981,3,"7-7959813","11/16/2023"
"6639","Russia","Soviet Union","185 BTR-80","captured","https://i.postimg.cc/mDzdbQLf/1019-btr80.jpg","2023-11-16",79,5982,3,"7-7959823","11/16/2023"
"6640","Russia","Soviet Union","185 BTR-80","captured","https://twitter.com/UAWeapons/status/1568204161782620164","2023-11-16",79,5983,3,"7-7959833","11/16/2023"
"6641","Russia","Soviet Union","185 BTR-80","captured","https://i.postimg.cc/cCtyQKLn/1020-btr80.jpg","2023-11-16",79,5984,3,"7-7959843","11/16/2023"
"6642","Russia","Soviet Union","185 BTR-80","captured","https://i.postimg.cc/j5g8zKFp/1018-btr80.jpg","2023-11-16",79,5985,3,"7-7959853","11/16/2023"
"6643","Russia","Soviet Union","185 BTR-80","captured","https://twitter.com/UAWeapons/status/1569414094624538628","2023-11-16",79,5986,3,"7-7959863","11/16/2023"
"6644","Russia","Soviet Union","185 BTR-80","captured","https://i.postimg.cc/fyDKv0cc/1021.jpg","2023-11-16",79,5987,3,"7-7959873","11/16/2023"
"6645","Russia","Soviet Union","185 BTR-80","captured","https://twitter.com/UAWeapons/status/1570030472595644419","2023-11-16",79,5988,3,"7-7959883","11/16/2023"
"6646","Russia","Soviet Union","185 BTR-80","captured","https://i.postimg.cc/8cP5Q6Kz/764p.png","2023-11-16",79,5989,3,"7-7959893","11/16/2023"
"6647","Russia","Soviet Union","185 BTR-80","captured","https://twitter.com/UAWeapons/status/1572155780698341376","2023-11-16",79,2409,3,"7-7924093","11/16/2023"
"6648","Russia","Soviet Union","185 BTR-80","captured","https://i.postimg.cc/pVZ3zcqT/2022-09-19-BTR-80.jpg","2023-11-16",79,5990,3,"7-7959903","11/16/2023"
"6649","Russia","Soviet Union","185 BTR-80","captured","https://twitter.com/UAWeapons/status/1576567002726301696","2023-11-16",79,5991,3,"7-7959913","11/16/2023"
"6650","Russia","Soviet Union","185 BTR-80","captured","https://twitter.com/UAWeapons/status/1576838855927697408","2023-11-16",79,5992,3,"7-7959923","11/16/2023"
"6651","Russia","Soviet Union","185 BTR-80","captured","https://twitter.com/UAWeapons/status/1577046483278647301","2023-11-16",79,5993,3,"7-7959933","11/16/2023"
"6652","Russia","Soviet Union","185 BTR-80","captured","https://i.postimg.cc/mrdswsjp/1028-BTR-80-capt.jpg","2023-11-16",79,5994,3,"7-7959943","11/16/2023"
"6653","Russia","Soviet Union","185 BTR-80","captured","https://i.postimg.cc/J0rqPjd8/1040-btr80-capt.jpg","2023-11-16",79,5995,3,"7-7959953","11/16/2023"
"6654","Russia","Soviet Union","185 BTR-80","captured","https://i.postimg.cc/x8bC9wQ9/1016-btr80-capt.jpg","2023-11-16",79,5996,3,"7-7959963","11/16/2023"
"6655","Russia","Soviet Union","185 BTR-80","captured","https://i.postimg.cc/9XL5BMjw/1016-btr80-capt.jpg","2023-11-16",79,5997,3,"7-7959973","11/16/2023"
"6656","Russia","Soviet Union","185 BTR-80","captured","https://i.postimg.cc/PrbXTPZp/1002-btr80-capt.jpg","2023-11-16",79,5998,3,"7-7959983","11/16/2023"
"6657","Russia","Soviet Union","185 BTR-80","captured","https://i.postimg.cc/HLP6xfDL/1007-btr80-capt.jpg","2023-11-16",79,5999,3,"7-7959993","11/16/2023"
"6658","Russia","Soviet Union","185 BTR-80","captured","https://i.postimg.cc/j5931htc/1019-btr80-capt.jpg","2023-11-16",79,6000,3,"7-7960003","11/16/2023"
"6659","Russia","Soviet Union","185 BTR-80","captured","https://twitter.com/UAWeapons/status/1590475052021321728","2023-11-16",79,6001,3,"7-7960013","11/16/2023"
"6660","Russia","Soviet Union","185 BTR-80","captured","https://i.postimg.cc/zftMb340/1027-btr80-capt-16-02-23.jpg","2023-11-16",79,6002,3,"7-7960023","11/16/2023"
"6661","Russia","Russia","50 Unknown BTR-80/BTR-82A","destroyed","https://i.postimg.cc/mgK888Mz/79.png","2023-11-16",80,6003,1,"7-8060031","11/16/2023"
"6662","Russia","Russia","50 Unknown BTR-80/BTR-82A","destroyed","https://twitter.com/UAWeapons/status/1510672889812594690","2023-11-16",80,6004,1,"7-8060041","11/16/2023"
"6663","Russia","Russia","50 Unknown BTR-80/BTR-82A","destroyed","https://twitter.com/UAWeapons/status/1513475137940574210","2023-11-16",80,6005,1,"7-8060051","11/16/2023"
"6664","Russia","Russia","50 Unknown BTR-80/BTR-82A","destroyed","https://i.postimg.cc/SxDJYGfK/356.png","2023-11-16",80,6006,1,"7-8060061","11/16/2023"
"6665","Russia","Russia","50 Unknown BTR-80/BTR-82A","destroyed","https://twitter.com/UAWeapons/status/1515317934733803525","2023-11-16",80,6007,1,"7-8060071","11/16/2023"
"6666","Russia","Russia","50 Unknown BTR-80/BTR-82A","destroyed","https://twitter.com/UAWeapons/status/1579913595298942976","2023-11-16",80,2120,1,"7-8021201","11/16/2023"
"6667","Russia","Russia","50 Unknown BTR-80/BTR-82A","destroyed","https://i.postimg.cc/yNM6kXQB/874.jpg","2023-11-16",80,6008,1,"7-8060081","11/16/2023"
"6668","Russia","Russia","50 Unknown BTR-80/BTR-82A","destroyed","https://i.postimg.cc/k4rNJ0Sp/1012-BTR-80-or-82-destr-12-02-23.jpg","2023-11-16",80,6009,1,"7-8060091","11/16/2023"
"6669","Russia","Russia","50 Unknown BTR-80/BTR-82A","destroyed","https://twitter.com/UAWeapons/status/1584532037829939200","2023-11-16",80,995,1,"7-809951","11/16/2023"
"6670","Russia","Russia","50 Unknown BTR-80/BTR-82A","destroyed","https://i.postimg.cc/85J0GQ84/u2.jpg","2023-11-16",80,6010,1,"7-8060101","11/16/2023"
"6671","Russia","Russia","50 Unknown BTR-80/BTR-82A","destroyed","https://twitter.com/UAWeapons/status/1521908181542260738","2023-11-16",80,6011,1,"7-8060111","11/16/2023"
"6672","Russia","Russia","50 Unknown BTR-80/BTR-82A","destroyed","https://i.postimg.cc/1tLZgvKt/1011-unkn-btr-destr.jpg","2023-11-16",80,6012,1,"7-8060121","11/16/2023"
"6673","Russia","Russia","50 Unknown BTR-80/BTR-82A","destroyed","https://twitter.com/UAWeapons/status/1523774073813168129","2023-11-16",80,2331,1,"7-8023311","11/16/2023"
"6674","Russia","Russia","50 Unknown BTR-80/BTR-82A","destroyed","https://i.postimg.cc/NFj3N78m/1054-BTR-80-or-82-destr-04-10-23.jpg","2023-11-16",80,6013,1,"7-8060131","11/16/2023"
"6675","Russia","Russia","50 Unknown BTR-80/BTR-82A","destroyed","https://i.postimg.cc/sf8LsYCJ/1011-BTR-80-82-destr-01-08-23.jpg","2023-11-16",80,6014,1,"7-8060141","11/16/2023"
"6676","Russia","Russia","50 Unknown BTR-80/BTR-82A","destroyed","https://twitter.com/UAWeapons/status/1533153833999908866","2023-11-16",80,6015,1,"7-8060151","11/16/2023"
"6677","Russia","Russia","50 Unknown BTR-80/BTR-82A","destroyed","https://i.postimg.cc/mgLD6RbM/d33.jpg","2023-11-16",80,6016,1,"7-8060161","11/16/2023"
"6678","Russia","Russia","50 Unknown BTR-80/BTR-82A","destroyed","https://twitter.com/RALee85/status/1539919095671537664","2023-11-16",80,6017,1,"7-8060171","11/16/2023"
"6679","Russia","Russia","50 Unknown BTR-80/BTR-82A","destroyed","https://twitter.com/UAWeapons/status/1541042563255238656","2023-11-16",80,6018,1,"7-8060181","11/16/2023"
"6680","Russia","Russia","50 Unknown BTR-80/BTR-82A","destroyed","https://i.postimg.cc/tChd4VCG/4g.png","2023-11-16",80,6019,1,"7-8060191","11/16/2023"
"6681","Russia","Russia","50 Unknown BTR-80/BTR-82A","destroyed","https://i.postimg.cc/fb5RL39Q/1001.jpg","2023-11-16",80,6020,1,"7-8060201","11/16/2023"
"6682","Russia","Russia","50 Unknown BTR-80/BTR-82A","destroyed","https://twitter.com/UAWeapons/status/1546837916260892672","2023-11-16",80,6021,1,"7-8060211","11/16/2023"
"6683","Russia","Russia","50 Unknown BTR-80/BTR-82A","destroyed","https://twitter.com/UAWeapons/status/1547293335693443073","2023-11-16",80,6022,1,"7-8060221","11/16/2023"
"6684","Russia","Russia","50 Unknown BTR-80/BTR-82A","destroyed","https://twitter.com/RALee85/status/1549446821092679680","2023-11-16",80,6023,1,"7-8060231","11/16/2023"
"6685","Russia","Russia","50 Unknown BTR-80/BTR-82A","destroyed","https://i.postimg.cc/vmkdmwd2/1007.jpg","2023-11-16",80,6024,1,"7-8060241","11/16/2023"
"6686","Russia","Russia","50 Unknown BTR-80/BTR-82A","destroyed","https://twitter.com/RALee85/status/1560008324124385281","2023-11-16",80,2084,1,"7-8020841","11/16/2023"
"6687","Russia","Russia","50 Unknown BTR-80/BTR-82A","destroyed","https://i.postimg.cc/PfM4NLzZ/1001-btr.jpg","2023-11-16",80,6025,1,"7-8060251","11/16/2023"
"6688","Russia","Russia","50 Unknown BTR-80/BTR-82A","destroyed","https://i.postimg.cc/BnzNsd5V/1003-btr.jpg","2023-11-16",80,6026,1,"7-8060261","11/16/2023"
"6689","Russia","Russia","50 Unknown BTR-80/BTR-82A","destroyed","https://i.postimg.cc/qvQ6qcjz/1000-unkn-btr.jpg","2023-11-16",80,6027,1,"7-8060271","11/16/2023"
"6690","Russia","Russia","50 Unknown BTR-80/BTR-82A","destroyed","https://i.postimg.cc/4dM9Zzsj/1007-unkn-btr.jpg","2023-11-16",80,6028,1,"7-8060281","11/16/2023"
"6691","Russia","Russia","50 Unknown BTR-80/BTR-82A","destroyed","https://twitter.com/UAWeapons/status/1569658125824786434","2023-11-16",80,6029,1,"7-8060291","11/16/2023"
"6692","Russia","Russia","50 Unknown BTR-80/BTR-82A","destroyed","https://twitter.com/UAWeapons/status/1587379764737761280","2023-11-16",80,6030,1,"7-8060301","11/16/2023"
"6693","Russia","Russia","50 Unknown BTR-80/BTR-82A","destroyed","https://twitter.com/UAWeapons/status/1591128135848058881","2023-11-16",80,1408,1,"7-8014081","11/16/2023"
"6694","Russia","Russia","50 Unknown BTR-80/BTR-82A","destroyed","https://i.postimg.cc/13F8Vz4t/1013-unkn-btr-destr-30-04-23.jpg","2023-11-16",80,6031,1,"7-8060311","11/16/2023"
"6695","Russia","Russia","50 Unknown BTR-80/BTR-82A","destroyed","https://i.postimg.cc/XJ8G6q0k/1010-unkn-btr-destr-30-11-22.jpg","2023-11-16",80,6032,1,"7-8060321","11/16/2023"
"6696","Russia","Russia","50 Unknown BTR-80/BTR-82A","destroyed","https://i.postimg.cc/QN0ws2P1/1002-unkn-btr80-82-destr-05-06-23.jpg","2023-11-16",80,6033,1,"7-8060331","11/16/2023"
"6697","Russia","Russia","50 Unknown BTR-80/BTR-82A","destroyed","https://twitter.com/UAWeapons/status/1675064038852624384","2023-11-16",80,6034,1,"7-8060341","11/16/2023"
"6698","Russia","Russia","50 Unknown BTR-80/BTR-82A","destroyed","https://i.postimg.cc/TP4MQhfx/1023-unkn-btr80-82-destr-30-11-22.jpg","2023-11-16",80,6035,1,"7-8060351","11/16/2023"
"6699","Russia","Russia","50 Unknown BTR-80/BTR-82A","destroyed","https://i.postimg.cc/jqJNSMRT/1033-unkn-btr-destr-30-07-23.jpg","2023-11-16",80,6036,1,"7-8060361","11/16/2023"
"6700","Russia","Russia","50 Unknown BTR-80/BTR-82A","damaged","https://twitter.com/UAWeapons/status/1570482813857837056","2023-11-16",80,6037,2,"7-8060372","11/16/2023"
"6701","Russia","Russia","50 Unknown BTR-80/BTR-82A","damaged","https://i.postimg.cc/mkHsVtZD/1026-unkn-btr-dam-20-03-23.jpg","2023-11-16",80,6038,2,"7-8060382","11/16/2023"
"6702","Russia","Russia","50 Unknown BTR-80/BTR-82A","damaged","https://i.postimg.cc/7hnvvt65/1009-unkn-btr80-82a-dam-05-07-23.jpg","2023-11-16",80,6039,2,"7-8060392","11/16/2023"
"6703","Russia","Russia","50 Unknown BTR-80/BTR-82A","damaged","https://twitter.com/UAWeapons/status/1521908181542260738","2023-11-16",80,6011,2,"7-8060112","11/16/2023"
"6704","Russia","Russia","50 Unknown BTR-80/BTR-82A","abandoned","https://twitter.com/UAWeapons/status/1521908181542260738","2023-11-16",80,6011,4,"7-8060114","11/16/2023"
"6705","Russia","Russia","50 Unknown BTR-80/BTR-82A","abandoned","https://i.postimg.cc/Wzwjm3MY/317.png","2023-11-16",80,6040,4,"7-8060404","11/16/2023"
"6706","Russia","Russia","50 Unknown BTR-80/BTR-82A","abandoned","https://i.postimg.cc/5yXs16gn/89.png","2023-11-16",80,6041,4,"7-8060414","11/16/2023"
"6707","Russia","Russia","50 Unknown BTR-80/BTR-82A","damaged","https://i.postimg.cc/2S03jFcL/1039-BTR-80-82-A-dam-aband-08-11-23.jpg","2023-11-16",80,6042,2,"7-8060422","11/16/2023"
"6708","Russia","Russia","50 Unknown BTR-80/BTR-82A","abandoned","https://i.postimg.cc/2S03jFcL/1039-BTR-80-82-A-dam-aband-08-11-23.jpg","2023-11-16",80,6042,4,"7-8060424","11/16/2023"
"6709","Russia","Russia","Remdiesel Z-STS Akhmat","destroyed","https://twitter.com/UAWeapons/status/1577250357549608960","2023-11-16",81,6043,1,"7-8160431","11/16/2023"
"6710","Russia","Russia","Remdiesel Z-STS Akhmat","destroyed","https://twitter.com/UAWeapons/status/1591539522655117312","2023-11-16",81,765,1,"7-817651","11/16/2023"
"6711","Russia","Russia","Remdiesel Z-STS Akhmat","destroyed","https://i.postimg.cc/QdHpZmjF/1001-Remdiesel-Z-STS-Akhmat-destr-06-01-23.jpg","2023-11-16",81,6044,1,"7-8160441","11/16/2023"
"6712","Russia","Russia","Remdiesel Z-STS Akhmat","destroyed","https://i.postimg.cc/FRpSjvkn/1004-Z-STS-Akhmat-destr-27-02-23.jpg","2023-11-16",81,6045,1,"7-8160451","11/16/2023"
"6713","Russia","Russia","Remdiesel Z-STS Akhmat","destroyed","https://twitter.com/UAWeapons/status/1645500394812973072","2023-11-16",81,6046,1,"7-8160461","11/16/2023"
"6714","Russia","Russia","Remdiesel Z-STS Akhmat","destroyed","https://i.postimg.cc/TPWjR1TD/1026-Z-STS-Akhmat-destr-23-04-23.jpg","2023-11-16",81,6047,1,"7-8160471","11/16/2023"
"6715","Russia","Russia","Remdiesel Z-STS Akhmat","destroyed","https://i.postimg.cc/fTTrF4R1/1015-Akhmat-destr-23-06-23.jpg","2023-11-16",81,6048,1,"7-8160481","11/16/2023"
"6716","Russia","Russia","Remdiesel Z-STS Akhmat","destroyed","https://i.postimg.cc/3RzvM2mF/1010-btr-d-and-Akhmad-APC-destr-04-08-23.jpg","2023-11-16",81,6049,1,"7-8160491","11/16/2023"
"6717","Russia","Russia","Remdiesel Z-STS Akhmat","destroyed","https://i.postimg.cc/tRtcKSry/1007-STS-Akhmat-destr-12-10-23.jpg","2023-11-16",81,6050,1,"7-8160501","11/16/2023"
"6718","Russia","Russia","Remdiesel Z-STS Akhmat","destroyed","https://i.postimg.cc/L4JQDV1H/1024-Remdiesel-Z-STS-Akhmat-destr-15-10-23.jpg","2023-11-16",81,6051,1,"7-8160511","11/16/2023"
"6719","Russia","Russia","Remdiesel Z-STS Akhmat","damaged","https://i.postimg.cc/QM15BwQj/542p.png","2023-11-16",81,6052,2,"7-8160522","11/16/2023"
"6720","Russia","Russia","Remdiesel Z-STS Akhmat","damaged","https://twitter.com/RALee85/status/1663993455251722240","2023-11-16",81,6053,2,"7-8160532","11/16/2023"
"6721","Russia","Russia","Remdiesel Z-STS Akhmat","abandoned","https://twitter.com/RALee85/status/1663993455251722240","2023-11-16",81,6053,4,"7-8160534","11/16/2023"
"6722","Russia","Russia","Remdiesel Z-STS Akhmat","captured","https://i.postimg.cc/hjzpjPBJ/1016-Remdiesel-Z-STS-Akhmat-capt-07-01-23.jpg","2023-11-16",81,6054,3,"7-8160543","11/16/2023"
"6723","Russia","Russia","4 Ural-VV","destroyed","https://i.postimg.cc/mgqV1Dqq/1015-ural4320vv-destr.jpg","2023-11-16",82,6055,1,"7-8260551","11/16/2023"
"6724","Russia","Russia","4 Ural-VV","destroyed","https://i.postimg.cc/MpXdGRsV/1016-ural4320vv-destr.jpg","2023-11-16",82,6056,1,"7-8260561","11/16/2023"
"6725","Russia","Russia","4 Ural-VV","destroyed","https://i.postimg.cc/cCLt7Zhy/1008-Ural-VV-destr-17-05-23.jpg","2023-11-16",82,6057,1,"7-8260571","11/16/2023"
"6726","Russia","Russia","4 Ural-VV","captured","https://i.postimg.cc/J4PyjvbV/1005-Ural-4320-VV-capt.jpg","2023-11-16",82,6058,3,"7-8260583","11/16/2023"
"6727","Russia","Soviet Union","BTR-D","destroyed","https://i.postimg.cc/J4crJP7d/46.png","2023-11-16",83,6059,1,"7-8360591","11/16/2023"
"6728","Russia","Soviet Union","BTR-D","destroyed","https://i.postimg.cc/T2VG5ZJL/x3.jpg","2023-11-16",83,6060,1,"7-8360601","11/16/2023"
"6729","Russia","Soviet Union","BTR-D","destroyed","https://i.postimg.cc/hvBB3rct/x2.jpg","2023-11-16",83,6061,1,"7-8360611","11/16/2023"
"6730","Russia","Soviet Union","BTR-D","destroyed","https://i.postimg.cc/kgBKhrFT/884.png","2023-11-16",83,6062,1,"7-8360621","11/16/2023"
"6731","Russia","Soviet Union","BTR-D","destroyed","https://i.postimg.cc/KjyWxc2f/g59.png","2023-11-16",83,6063,1,"7-8360631","11/16/2023"
"6732","Russia","Soviet Union","BTR-D","destroyed","https://i.postimg.cc/fbFRg9Zx/1074-BTR-D.jpg","2023-11-16",83,6064,1,"7-8360641","11/16/2023"
"6733","Russia","Soviet Union","BTR-D","destroyed","https://i.postimg.cc/xjGW8VcZ/46.jpg","2023-11-16",83,6065,1,"7-8360651","11/16/2023"
"6734","Russia","Soviet Union","BTR-D","destroyed","https://i.postimg.cc/85fDZzJD/b6.jpg","2023-11-16",83,6066,1,"7-8360661","11/16/2023"
"6735","Russia","Soviet Union","BTR-D","destroyed","https://i.postimg.cc/MKSxYxW2/b5.jpg","2023-11-16",83,6067,1,"7-8360671","11/16/2023"
"6736","Russia","Soviet Union","BTR-D","destroyed","https://twitter.com/UAWeapons/status/1547270777887723524","2023-11-16",83,5096,1,"7-8350961","11/16/2023"
"6737","Russia","Soviet Union","BTR-D","destroyed","https://i.postimg.cc/RhC9cVD4/1021.jpg","2023-11-16",83,6068,1,"7-8360681","11/16/2023"
"6738","Russia","Soviet Union","BTR-D","destroyed","https://i.postimg.cc/gc8hBDvp/1037-BTR-D.jpg","2023-11-16",83,6069,1,"7-8360691","11/16/2023"
"6739","Russia","Soviet Union","BTR-D","destroyed","https://i.postimg.cc/1Xxr1wxj/332.jpg","2023-11-16",83,6070,1,"7-8360701","11/16/2023"
"6740","Russia","Soviet Union","BTR-D","destroyed","https://i.postimg.cc/Pq7LBz1K/1006-BMD-2.jpg","2023-11-16",83,6071,1,"7-8360711","11/16/2023"
"6741","Russia","Soviet Union","BTR-D","destroyed","https://i.postimg.cc/pTY35w0p/1075-BTR-D.jpg","2023-11-16",83,6072,1,"7-8360721","11/16/2023"
"6742","Russia","Soviet Union","BTR-D","destroyed","https://i.postimg.cc/mZzhXsLz/1011.png","2023-11-16",83,6073,1,"7-8360731","11/16/2023"
"6743","Russia","Soviet Union","BTR-D","destroyed","https://i.postimg.cc/4xXtmrZG/1024.jpg","2023-11-16",83,6074,1,"7-8360741","11/16/2023"
"6744","Russia","Soviet Union","BTR-D","destroyed","https://i.postimg.cc/7ZqZP87y/1025.jpg","2023-11-16",83,6075,1,"7-8360751","11/16/2023"
"6745","Russia","Soviet Union","BTR-D","destroyed","https://i.postimg.cc/DfbZBcFR/1026.jpg","2023-11-16",83,6076,1,"7-8360761","11/16/2023"
"6746","Russia","Soviet Union","BTR-D","destroyed","https://i.postimg.cc/pXy1P5t9/1076-BTR-D.jpg","2023-11-16",83,6077,1,"7-8360771","11/16/2023"
"6747","Russia","Soviet Union","BTR-D","destroyed","https://i.postimg.cc/BvNKZd7R/1023-bmp2-and-btr-d-destr-17-03-23.jpg","2023-11-16",83,4120,1,"7-8341201","11/16/2023"
"6748","Russia","Soviet Union","BTR-D","destroyed","https://twitter.com/UAWeapons/status/1551972189955555332","2023-11-16",83,6078,1,"7-8360781","11/16/2023"
"6749","Russia","Soviet Union","BTR-D","destroyed","https://i.postimg.cc/7hrBH0XB/dg.png","2023-11-16",83,6079,1,"7-8360791","11/16/2023"
"6750","Russia","Soviet Union","BTR-D","destroyed","https://i.postimg.cc/yYZnkK9z/1012-BTR-D.jpg","2023-11-16",83,5133,1,"7-8351331","11/16/2023"
"6751","Russia","Soviet Union","BTR-D","destroyed","https://i.postimg.cc/dtFCMyBy/1038-BTR-D.jpg","2023-11-16",83,6080,1,"7-8360801","11/16/2023"
"6752","Russia","Soviet Union","BTR-D","destroyed","https://i.postimg.cc/1z8n0c9L/1039-BTR-D.jpg","2023-11-16",83,6081,1,"7-8360811","11/16/2023"
"6753","Russia","Soviet Union","BTR-D","destroyed","https://i.postimg.cc/rwFts27y/1041-BTR-D.jpg","2023-11-16",83,6082,1,"7-8360821","11/16/2023"
"6754","Russia","Soviet Union","BTR-D","destroyed","https://i.postimg.cc/vZqx6Sdr/1042-BTR-D.jpg","2023-11-16",83,6083,1,"7-8360831","11/16/2023"
"6755","Russia","Soviet Union","BTR-D","destroyed","https://i.postimg.cc/SsT7PVRg/1077-BTR-D.jpg","2023-11-16",83,6084,1,"7-8360841","11/16/2023"
"6756","Russia","Soviet Union","BTR-D","destroyed","https://i.postimg.cc/CLHdL5Hg/1078-BTR-D.jpg","2023-11-16",83,6085,1,"7-8360851","11/16/2023"
"6757","Russia","Soviet Union","BTR-D","destroyed","https://i.postimg.cc/xdhqZ3BT/2022-03-03-btr-d.jpg","2023-11-16",83,6086,1,"7-8360861","11/16/2023"
"6758","Russia","Soviet Union","BTR-D","destroyed","https://i.postimg.cc/02Tq6zbq/1008-bmd2.jpg","2023-11-16",83,6087,1,"7-8360871","11/16/2023"
"6759","Russia","Soviet Union","BTR-D","destroyed","https://i.postimg.cc/Y0b9L5FB/10-21-2022-BTR-D-destroyed-Kherson-region.png","2023-11-16",83,6088,1,"7-8360881","11/16/2023"
"6760","Russia","Soviet Union","BTR-D","destroyed","https://i.postimg.cc/v82r98q8/g54.jpg","2023-11-16",83,6089,1,"7-8360891","11/16/2023"
"6761","Russia","Soviet Union","BTR-D","destroyed","https://i.postimg.cc/zvd8hYMx/1007-btrd-ural4320-destr.jpg","2023-11-16",83,6090,1,"7-8360901","11/16/2023"
"6762","Russia","Soviet Union","BTR-D","destroyed","https://twitter.com/UAWeapons/status/1591489046194585601","2023-11-16",83,6091,1,"7-8360911","11/16/2023"
"6763","Russia","Soviet Union","BTR-D","destroyed","https://i.postimg.cc/bJG9Dw3T/1021-btr-d-destr.jpg","2023-11-16",83,6092,1,"7-8360921","11/16/2023"
"6764","Russia","Soviet Union","BTR-D","destroyed","https://twitter.com/naalsio26/status/1597146621623476225","2023-11-16",83,5147,1,"7-8351471","11/16/2023"
"6765","Russia","Soviet Union","BTR-D","destroyed","https://i.postimg.cc/g2X8c2ww/1004-btrd-destr-10-23.jpg","2023-11-16",83,6093,1,"7-8360931","11/16/2023"
"6766","Russia","Soviet Union","BTR-D","destroyed","https://i.postimg.cc/Y23NZYp9/1008-BTR-D-destr-28-01-23.jpg","2023-11-16",83,6094,1,"7-8360941","11/16/2023"
"6767","Russia","Soviet Union","BTR-D","destroyed","https://i.postimg.cc/5y7kW78V/1017-btr-d-destr-06-03-22.jpg","2023-11-16",83,6095,1,"7-8360951","11/16/2023"
"6768","Russia","Soviet Union","BTR-D","destroyed","https://i.postimg.cc/bJs9B44Z/1011-btr-d-destr-01-05-23.jpg","2023-11-16",83,6096,1,"7-8360961","11/16/2023"
"6769","Russia","Soviet Union","BTR-D","captured","https://i.postimg.cc/FFD4cJny/2700.jpg","2023-11-16",83,6097,3,"7-8360973","11/16/2023"
"6770","Russia","Soviet Union","BTR-D","destroyed","https://i.postimg.cc/FFD4cJny/2700.jpg","2023-11-16",83,6097,1,"7-8360971","11/16/2023"
"6771","Russia","Soviet Union","BTR-D","destroyed","https://i.postimg.cc/Cxc0KPrB/1033-2x-btr-d-destr-13-06-23.jpg","2023-11-16",83,6098,1,"7-8360981","11/16/2023"
"6772","Russia","Soviet Union","BTR-D","destroyed","https://i.postimg.cc/7PzqNNhd/1019-BTR-D-destr-20-04-23.jpg","2023-11-16",83,6099,1,"7-8360991","11/16/2023"
"6773","Russia","Soviet Union","BTR-D","destroyed","https://i.postimg.cc/BZrCDnGM/1015-btr-d-destr-17-06-23.jpg","2023-11-16",83,6100,1,"7-8361001","11/16/2023"
"6774","Russia","Soviet Union","BTR-D","destroyed","https://i.postimg.cc/tCdN7kWs/1011-btr-d-destr-04-07-23.jpg","2023-11-16",83,6101,1,"7-8361011","11/16/2023"
"6775","Russia","Soviet Union","BTR-D","destroyed","https://i.postimg.cc/c4pdZsKK/1000-btr-d-destr-26-04-23.jpg","2023-11-16",83,6102,1,"7-8361021","11/16/2023"
"6776","Russia","Soviet Union","BTR-D","destroyed","https://i.postimg.cc/3RzvM2mF/1010-btr-d-and-Akhmad-APC-destr-04-08-23.jpg","2023-11-16",83,6049,1,"7-8360491","11/16/2023"
"6777","Russia","Soviet Union","BTR-D","destroyed","https://i.postimg.cc/3RF6CkTD/237.png","2023-11-16",83,6103,1,"7-8361031","11/16/2023"
"6778","Russia","Soviet Union","BTR-D","destroyed","https://i.postimg.cc/8chkgqyL/1028-BTR-D-destr-11-10-23.jpg","2023-11-16",83,6104,1,"7-8361041","11/16/2023"
"6779","Russia","Soviet Union","BTR-D","abandoned","https://postimg.cc/14zY5RHW","2023-11-16",83,6105,4,"7-8361054","11/16/2023"
"6780","Russia","Soviet Union","BTR-D","abandoned","https://postimg.cc/xXL6FXfd","2023-11-16",83,6106,4,"7-8361064","11/16/2023"
"6781","Russia","Soviet Union","BTR-D","abandoned","https://i.postimg.cc/P5grPQ3H/4fj.png","2023-11-16",83,6107,4,"7-8361074","11/16/2023"
"6782","Russia","Soviet Union","BTR-D","abandoned","https://i.postimg.cc/zGYyLF60/38.png","2023-11-16",83,6108,4,"7-8361084","11/16/2023"
"6783","Russia","Soviet Union","BTR-D","abandoned","https://i.postimg.cc/LXc2pJCx/1028-BTR-D-aband-13-06-23.jpg","2023-11-16",83,6109,4,"7-8361094","11/16/2023"
"6784","Russia","Soviet Union","BTR-D","damaged","https://i.postimg.cc/C5Hs9B4P/1029-BTR-D-dam-aband-13-08-23.jpg","2023-11-16",83,6110,2,"7-8361102","11/16/2023"
"6785","Russia","Soviet Union","BTR-D","abandoned","https://i.postimg.cc/C5Hs9B4P/1029-BTR-D-dam-aband-13-08-23.jpg","2023-11-16",83,6110,4,"7-8361104","11/16/2023"
"6786","Russia","Soviet Union","BTR-D","damaged","https://i.postimg.cc/L6V1m8C0/1040-BTR-D.jpg","2023-11-16",83,6111,2,"7-8361112","11/16/2023"
"6787","Russia","Soviet Union","BTR-D","captured","https://i.postimg.cc/L6V1m8C0/1040-BTR-D.jpg","2023-11-16",83,6111,3,"7-8361113","11/16/2023"
"6788","Russia","Soviet Union","BTR-D","damaged","https://i.postimg.cc/9QZR97zk/7799.png","2023-11-16",83,6112,2,"7-8361122","11/16/2023"
"6789","Russia","Soviet Union","BTR-D","captured","https://i.postimg.cc/9QZR97zk/7799.png","2023-11-16",83,6112,3,"7-8361123","11/16/2023"
"6790","Russia","Soviet Union","BTR-D","captured","https://i.postimg.cc/Bnsmsrsf/5426.png","2023-11-16",83,6113,3,"7-8361133","11/16/2023"
"6791","Russia","Soviet Union","BTR-D","captured","https://i.postimg.cc/v8kQ5d8Z/4790.png","2023-11-16",83,6114,3,"7-8361143","11/16/2023"
"6792","Russia","Soviet Union","BTR-D","captured","https://i.postimg.cc/tgPskW5T/f5.png","2023-11-16",83,6115,3,"7-8361153","11/16/2023"
"6793","Russia","Soviet Union","BTR-D","captured","https://i.postimg.cc/hvHyhF8f/d3.png","2023-11-16",83,6116,3,"7-8361163","11/16/2023"
"6794","Russia","Soviet Union","BTR-D","captured","https://i.postimg.cc/Y9V7fHyY/j1.jpg","2023-11-16",83,6117,3,"7-8361173","11/16/2023"
"6795","Russia","Soviet Union","BTR-D","captured","https://i.postimg.cc/K835KQqm/1000-btr-d-capt.jpg","2023-11-16",83,6118,3,"7-8361183","11/16/2023"
"6796","Russia","Soviet Union","BTR-D","captured","https://twitter.com/UAWeapons/status/1577332880694542338","2023-11-16",83,6119,3,"7-8361193","11/16/2023"
"6797","Russia","Soviet Union","BTR-D","captured","https://i.postimg.cc/cC5Xg9fm/b77.jpg","2023-11-16",83,6120,3,"7-8361203","11/16/2023"
"6798","Russia","Soviet Union","BTR-D","captured","https://i.postimg.cc/7YbNVdwT/1022-BTR-D-capt.jpg","2023-11-16",83,6121,3,"7-8361213","11/16/2023"
"6799","Russia","Soviet Union","BTR-D","captured","https://i.postimg.cc/1tcPVmD9/4435.jpg","2023-11-16",83,5045,3,"7-8350453","11/16/2023"
"6800","Russia","Soviet Union","BTR-D","captured","https://i.postimg.cc/R0wx2Ssc/44ff.jpg","2023-11-16",83,6122,3,"7-8361223","11/16/2023"
"6801","Russia","Soviet Union","BTR-D","captured","https://i.postimg.cc/43R2jzh3/441.png","2023-11-16",83,6123,3,"7-8361233","11/16/2023"
"6802","Russia","Soviet Union","BTR-D","captured","https://i.postimg.cc/VNsLBfRz/c2.png","2023-11-16",83,6124,3,"7-8361243","11/16/2023"
"6803","Russia","Soviet Union","BTR-D","captured","https://i.postimg.cc/vmpSy8RR/312.png","2023-11-16",83,6125,3,"7-8361253","11/16/2023"
"6804","Russia","Soviet Union","BTR-D","captured","https://i.postimg.cc/BQGX0HFp/1079-BTR-D.jpg","2023-11-16",83,6126,3,"7-8361263","11/16/2023"
"6805","Russia","Soviet Union","BTR-D","captured","https://i.postimg.cc/C17M6YQZ/1019-BTR-D-capt.jpg","2023-11-16",83,6127,3,"7-8361273","11/16/2023"
"6806","Russia","Soviet Union","BTR-D","captured","https://twitter.com/UAWeapons/status/1567468458580889600","2023-11-16",83,4449,3,"7-8344493","11/16/2023"
"6807","Russia","Soviet Union","BTR-D","captured","https://i.postimg.cc/5yyXCVrD/327.png","2023-11-16",83,6128,3,"7-8361283","11/16/2023"
"6808","Russia","Russia","BTR-MDM Rakushka","destroyed","https://i.postimg.cc/13fFqqxf/h7.jpg","2023-11-16",84,5275,1,"7-8452751","11/16/2023"
"6809","Russia","Russia","BTR-MDM Rakushka","destroyed","https://postimg.cc/7GfzWswh","2023-11-16",84,5274,1,"7-8452741","11/16/2023"
"6810","Russia","Russia","BTR-MDM Rakushka","destroyed","https://i.postimg.cc/Y2TPg5L4/32d.png","2023-11-16",84,6129,1,"7-8461291","11/16/2023"
"6811","Russia","Russia","BTR-MDM Rakushka","destroyed","https://twitter.com/UAWeapons/status/1547270777887723524","2023-11-16",84,5096,1,"7-8450961","11/16/2023"
"6812","Russia","Russia","BTR-MDM Rakushka","destroyed","https://i.postimg.cc/bYDYMnRs/2022-03-30-btr-mdm.jpg","2023-11-16",84,6130,1,"7-8461301","11/16/2023"
"6813","Russia","Russia","BTR-MDM Rakushka","destroyed","https://i.postimg.cc/tggBKNvN/1026-BTR-MDM-Rakushka-destr-08-01-23.jpg","2023-11-16",84,6131,1,"7-8461311","11/16/2023"
"6814","Russia","Russia","BTR-MDM Rakushka","destroyed","https://i.postimg.cc/fbnkZStr/1048-BTR-MDM-destr-19-03-23.jpg","2023-11-16",84,6132,1,"7-8461321","11/16/2023"
"6815","Russia","Russia","BTR-MDM Rakushka","destroyed","https://i.postimg.cc/tC294w3x/4f.png","2023-11-16",84,6133,1,"7-8461331","11/16/2023"
"6816","Russia","Russia","BTR-MDM Rakushka","destroyed","https://twitter.com/UAWeapons/status/1679215765822611458","2023-11-16",84,6134,1,"7-8461341","11/16/2023"
"6817","Russia","Russia","BTR-MDM Rakushka","destroyed","https://i.postimg.cc/W1Wvby7r/1018-BTR-MDM-Rakushka-destr-07-04-23.jpg","2023-11-16",84,6135,1,"7-8461351","11/16/2023"
"6818","Russia","Russia","BTR-MDM Rakushka","destroyed","https://i.postimg.cc/CKTN5P3z/1014-BTR-MDM-destr-31-12-22.jpg","2023-11-16",84,6136,1,"7-8461361","11/16/2023"
"6819","Russia","Russia","BTR-MDM Rakushka","destroyed","https://i.postimg.cc/hPd5jXSR/1008-BTR-MDM-Rakushka-destr-29-07-23.jpg","2023-11-16",84,6137,1,"7-8461371","11/16/2023"
"6820","Russia","Russia","BTR-MDM Rakushka","destroyed","https://i.postimg.cc/X74yp3YD/25.png","2023-11-16",84,6138,1,"7-8461381","11/16/2023"
"6821","Russia","Russia","BTR-MDM Rakushka","destroyed","https://i.postimg.cc/CMvTRXYN/1049-btr-mdm-destr-11-10-23.png","2023-11-16",84,6139,1,"7-8461391","11/16/2023"
"6822","Russia","Russia","BTR-MDM Rakushka","damaged","https://i.postimg.cc/BQty5xVw/4fn.png","2023-11-16",84,6140,2,"7-8461402","11/16/2023"
"6823","Russia","Russia","BTR-MDM Rakushka","damaged","https://i.postimg.cc/Pxh8Yvkm/1016-mdm-dam-06-03-23.jpg","2023-11-16",84,6141,2,"7-8461412","11/16/2023"
"6824","Russia","Russia","BTR-MDM Rakushka","captured","https://i.postimg.cc/NFVY72Sw/g6.jpg","2023-11-16",84,6142,3,"7-8461423","11/16/2023"
"6825","Russia","Russia","BTR-MDM Rakushka","captured","https://i.postimg.cc/2y3rZ7Hw/g7.jpg","2023-11-16",84,6143,3,"7-8461433","11/16/2023"
"6826","Russia","Russia","BTR-MDM Rakushka","captured","https://i.postimg.cc/Jnrcqk0T/7764.png","2023-11-16",84,6144,3,"7-8461443","11/16/2023"
"6827","Russia","Russia","BTR-MDM Rakushka","captured","https://i.postimg.cc/5tFT4FC5/ml.jpg","2023-11-16",84,6145,3,"7-8461453","11/16/2023"
"6828","Russia","Russia","BTR-MDM Rakushka","captured","https://i.postimg.cc/zGLz9Tv7/g66.jpg","2023-11-16",84,5207,3,"7-8452073","11/16/2023"
"6829","Russia","Russia","BTR-MDM Rakushka","captured","https://i.postimg.cc/Yq5ZCF8b/d1.png","2023-11-16",84,6146,3,"7-8461463","11/16/2023"
"6830","Russia","Russia","BTR-MDM Rakushka","captured","https://twitter.com/UAWeapons/status/1590462176652689408","2023-11-16",84,5890,3,"7-8458903","11/16/2023"
"6831","Russia","Russia","BTR-MDM Rakushka","captured","https://i.postimg.cc/jqzcDmrH/1004-BTR-MDM-Rakushka-capt-12-08-23.jpg","2023-11-16",84,6147,3,"7-8461473","11/16/2023"
"6832","Russia","Russia","4 BMO-T","destroyed","https://i.postimg.cc/SxSjNW3v/47hh.png","2023-11-16",85,6148,1,"7-8561481","11/16/2023"
"6833","Russia","Russia","4 BMO-T","destroyed","https://twitter.com/UAWeapons/status/1556194099572736001","2023-11-16",85,6149,1,"7-8561491","11/16/2023"
"6834","Russia","Russia","4 BMO-T","destroyed","https://twitter.com/UAWeapons/status/1570108217593630721","2023-11-16",85,6150,1,"7-8561501","11/16/2023"
"6835","Russia","Russia","4 BMO-T","captured","https://i.postimg.cc/NG8VFkdW/1024-bmo-t-capt-21-07-23.jpg","2023-11-16",85,6151,3,"7-8561513","11/16/2023"
"6836","Russia","Russia","KamAZ-63968 Typhoon","destroyed","https://i.postimg.cc/44F652Md/nd.jpg","2023-11-16",86,6152,1,"7-8661521","11/16/2023"
"6837","Russia","Russia","KamAZ-63968 Typhoon","destroyed","https://i.postimg.cc/Y99X7XjX/43f.png","2023-11-16",86,6153,1,"7-8661531","11/16/2023"
"6838","Russia","Russia","KamAZ-63968 Typhoon","destroyed","https://i.postimg.cc/0yYrBkVz/d13.png","2023-11-16",86,6154,1,"7-8661541","11/16/2023"
"6839","Russia","Russia","KamAZ-63968 Typhoon","destroyed","https://i.postimg.cc/GhkB8z1W/3321.jpg","2023-11-16",86,6155,1,"7-8661551","11/16/2023"
"6840","Russia","Russia","KamAZ-63968 Typhoon","destroyed","https://i.postimg.cc/tTNphcWJ/57.jpg","2023-11-16",86,6156,1,"7-8661561","11/16/2023"
"6841","Russia","Russia","KamAZ-63968 Typhoon","destroyed","https://i.postimg.cc/y8SXjyQb/5880.png","2023-11-16",86,6157,1,"7-8661571","11/16/2023"
"6842","Russia","Russia","KamAZ-63968 Typhoon","destroyed","https://i.postimg.cc/ZKs0qcNB/2022-09-19-Typhoon.jpg","2023-11-16",86,6158,1,"7-8661581","11/16/2023"
"6843","Russia","Russia","KamAZ-63968 Typhoon","destroyed","https://i.postimg.cc/VL6172LZ/1005-Kam-AZ-63968-Typhoon-K.jpg","2023-11-16",86,6159,1,"7-8661591","11/16/2023"
"6844","Russia","Russia","KamAZ-63968 Typhoon","destroyed","https://twitter.com/UAWeapons/status/1578108420841824256","2023-11-16",86,6160,1,"7-8661601","11/16/2023"
"6845","Russia","Russia","KamAZ-63968 Typhoon","destroyed","https://i.postimg.cc/mrMqNgQD/1032-Kam-AZ-63968-Typhoon-K-destr.png","2023-11-16",86,6161,1,"7-8661611","11/16/2023"
"6846","Russia","Russia","KamAZ-63968 Typhoon","destroyed","https://i.postimg.cc/yYXjwRR5/1006-kamaz-typhoon-destr.jpg","2023-11-16",86,6162,1,"7-8661621","11/16/2023"
"6847","Russia","Russia","KamAZ-63968 Typhoon","destroyed","https://i.postimg.cc/Zq87zWJY/1010-Kam-AZ-63968-Typhoon-destr.jpg","2023-11-16",86,6163,1,"7-8661631","11/16/2023"
"6848","Russia","Russia","KamAZ-63968 Typhoon","destroyed","https://twitter.com/UAWeapons/status/1591516873392541696","2023-11-16",86,6164,1,"7-8661641","11/16/2023"
"6849","Russia","Russia","KamAZ-63968 Typhoon","destroyed","https://i.postimg.cc/9FPx2wqg/1015-Kam-AZ-63968-Taifun-K-destr-23-01-23.jpg","2023-11-16",86,6165,1,"7-8661651","11/16/2023"
"6850","Russia","Russia","KamAZ-63968 Typhoon","destroyed","https://i.postimg.cc/Rhp8y0jC/1016-Kam-AZ-63968-Typhoon-destr-27-06-23.jpg","2023-11-16",86,6166,1,"7-8661661","11/16/2023"
"6851","Russia","Russia","KamAZ-63968 Typhoon","destroyed","https://i.postimg.cc/mrvzjThQ/1029-Kam-AZ-63968-Typhoon-destr-17-07-23.jpg","2023-11-16",86,6167,1,"7-8661671","11/16/2023"
"6852","Russia","Russia","KamAZ-63968 Typhoon","destroyed","https://i.postimg.cc/nzzKHgM0/234.png","2023-11-16",86,6168,1,"7-8661681","11/16/2023"
"6853","Russia","Russia","KamAZ-63968 Typhoon","destroyed","https://i.postimg.cc/1Rb1QWnT/397.png","2023-11-16",86,6169,1,"7-8661691","11/16/2023"
"6854","Russia","Russia","KamAZ-63968 Typhoon","damaged","https://i.postimg.cc/KjxFyJC2/48.jpg","2023-11-16",86,6170,2,"7-8661702","11/16/2023"
"6855","Russia","Russia","KamAZ-63968 Typhoon","damaged","https://i.postimg.cc/Kjr4dzfx/t11.jpg","2023-11-16",86,6171,2,"7-8661712","11/16/2023"
"6856","Russia","Russia","KamAZ-63968 Typhoon","damaged","https://i.postimg.cc/g0gcjCG4/1005-Kam-AZ-63968-Typhoon.jpg","2023-11-16",86,6172,2,"7-8661722","11/16/2023"
"6857","Russia","Russia","KamAZ-63968 Typhoon","abandoned","https://i.postimg.cc/g0gcjCG4/1005-Kam-AZ-63968-Typhoon.jpg","2023-11-16",86,6172,4,"7-8661724","11/16/2023"
"6858","Russia","Russia","KamAZ-63968 Typhoon","captured","https://i.postimg.cc/VvY67tg9/g68.png","2023-11-16",86,6173,3,"7-8661733","11/16/2023"
"6859","Russia","Russia","KamAZ-63968 Typhoon","captured","https://i.postimg.cc/8PWQX1wY/433.jpg","2023-11-16",86,6174,3,"7-8661743","11/16/2023"
"6860","Russia","Russia","KamAZ-63968 Typhoon","captured","https://i.postimg.cc/brjsCbQm/t12.jpg","2023-11-16",86,6175,3,"7-8661753","11/16/2023"
"6861","Russia","Russia","KamAZ-63968 Typhoon","captured","https://twitter.com/UAWeapons/status/1575040036667793419","2023-11-16",86,6176,3,"7-8661763","11/16/2023"
"6862","Russia","Russia","KamAZ-63968 Typhoon","captured","https://i.postimg.cc/nLd1TnS8/1013-Kam-AZ-63968-Typhoon-capt-10-05-23.jpg","2023-11-16",86,6177,3,"7-8661773","11/16/2023"
"6863","Russia","Russia","KamAZ-435029 Patrol-A","destroyed","https://i.postimg.cc/LshXQWpN/1000-Kam-AZ-435029-Patrol-A.jpg","2023-11-16",87,6178,1,"7-8761781","11/16/2023"
"6864","Russia","Russia","KamAZ-435029 Patrol-A","destroyed","https://i.postimg.cc/V6TWKY0s/1042-Kam-AZ-435029-Patrol-A-destr-26-03-23.jpg","2023-11-16",87,6179,1,"7-8761791","11/16/2023"
"6865","Russia","Russia","KamAZ-435029 Patrol-A","damaged","https://twitter.com/UAWeapons/status/1542239547156795393","2023-11-16",87,6180,2,"7-8761802","11/16/2023"
"6866","Russia","Russia","8 K-53949 Typhoon-K","destroyed","https://i.postimg.cc/vTpj86LK/ff4.jpg","2023-11-16",88,6181,1,"7-8861811","11/16/2023"
"6867","Russia","Russia","8 K-53949 Typhoon-K","destroyed","https://i.postimg.cc/JhCMFXN9/66886.jpg","2023-11-16",88,6182,1,"7-8861821","11/16/2023"
"6868","Russia","Russia","8 K-53949 Typhoon-K","destroyed","https://postimg.cc/ZC5TRxCn","2023-11-16",88,6183,1,"7-8861831","11/16/2023"
"6869","Russia","Russia","8 K-53949 Typhoon-K","destroyed","https://i.postimg.cc/9Q7PYs4j/5770.jpg","2023-11-16",88,6184,1,"7-8861841","11/16/2023"
"6870","Russia","Russia","8 K-53949 Typhoon-K","destroyed","https://i.postimg.cc/wxwMNsf3/5g.png","2023-11-16",88,6185,1,"7-8861851","11/16/2023"
"6871","Russia","Russia","8 K-53949 Typhoon-K","destroyed","https://i.postimg.cc/x8mQYssF/1009.jpg","2023-11-16",88,6186,1,"7-8861861","11/16/2023"
"6872","Russia","Russia","8 K-53949 Typhoon-K","destroyed","https://twitter.com/UAWeapons/status/1577238046784704513","2023-11-16",88,6187,1,"7-8861871","11/16/2023"
"6873","Russia","Russia","8 K-53949 Typhoon-K","captured","https://i.postimg.cc/63JHwmRH/5424.png","2023-11-16",88,6188,3,"7-8861883","11/16/2023"
"6874","Russia","Russia","12 K-53949 Linza","destroyed","https://i.postimg.cc/G346XbWV/57.jpg","2023-11-16",89,6189,1,"7-8961891","11/16/2023"
"6875","Russia","Russia","12 K-53949 Linza","destroyed","https://i.postimg.cc/C5v23gVK/773.png","2023-11-16",89,6190,1,"7-8961901","11/16/2023"
"6876","Russia","Russia","12 K-53949 Linza","destroyed","https://i.postimg.cc/fL424R3C/1012-linza-mrap.jpg","2023-11-16",89,6191,1,"7-8961911","11/16/2023"
"6877","Russia","Russia","12 K-53949 Linza","destroyed","https://i.postimg.cc/Pq64ZSTH/2022-09-18-Kam-AZ-Linza.png","2023-11-16",89,6192,1,"7-8961921","11/16/2023"
"6878","Russia","Russia","12 K-53949 Linza","destroyed","https://i.postimg.cc/dQS0WYZm/2022-04-01-linza.jpg","2023-11-16",89,6193,1,"7-8961931","11/16/2023"
"6879","Russia","Russia","12 K-53949 Linza","destroyed","https://i.postimg.cc/6Q78TZYb/1024-Linza-ambulance-destr.jpg","2023-11-16",89,6194,1,"7-8961941","11/16/2023"
"6880","Russia","Russia","12 K-53949 Linza","destroyed","https://i.postimg.cc/d1qLLM86/1019-Kam-AZ-53949-Linza-destr-06-03-23.jpg","2023-11-16",89,6195,1,"7-8961951","11/16/2023"
"6881","Russia","Russia","12 K-53949 Linza","destroyed","https://i.postimg.cc/MKT66GDy/1061-Kam-AZ-53949-Linza-destr-10-10-23.jpg","2023-11-16",89,6196,1,"7-8961961","11/16/2023"
"6882","Russia","Russia","12 K-53949 Linza","damaged","https://i.postimg.cc/7PCL4bbm/221.jpg","2023-11-16",89,6197,2,"7-8961972","11/16/2023"
"6883","Russia","Russia","12 K-53949 Linza","captured","https://i.postimg.cc/287ZnN3m/6h7.png","2023-11-16",89,6198,3,"7-8961983","11/16/2023"
"6884","Russia","Russia","12 K-53949 Linza","captured","https://i.postimg.cc/Bv0zVHtL/542.png","2023-11-16",89,6199,3,"7-8961993","11/16/2023"
"6885","Russia","Russia","12 K-53949 Linza","damaged","https://twitter.com/UAWeapons/status/1568899249688952833","2023-11-16",89,6200,2,"7-8962002","11/16/2023"
"6886","Russia","Russia","12 K-53949 Linza","captured","https://twitter.com/UAWeapons/status/1568899249688952833","2023-11-16",89,6200,3,"7-8962003","11/16/2023"
"6887","Russia","Russia","4 BPM-97 Vystrel","destroyed","https://twitter.com/UAWeapons/status/1600215276494069762","2023-11-16",90,6201,1,"7-9062011","11/16/2023"
"6888","Russia","Russia","4 BPM-97 Vystrel","captured","https://i.postimg.cc/85NPHstQ/1012-BPM-97-Vystrel-capt.jpg","2023-11-16",90,6202,3,"7-9062023","11/16/2023"
"6889","Russia","Russia","4 BPM-97 Vystrel","captured","https://i.postimg.cc/s2MfqCCY/1004-Vystrel-capt-17-01-23.jpg","2023-11-16",90,6203,3,"7-9062033","11/16/2023"
"6890","Russia","Russia","4 BPM-97 Vystrel","captured","https://twitter.com/UAWeapons/status/1625792249660317696","2023-11-16",90,6204,3,"7-9062043","11/16/2023"
"6891","Russia","Russia","GAZ Tigr","destroyed","https://i.postimg.cc/mDytXpGc/4f.jpg","2023-11-16",91,6205,1,"7-9162051","11/16/2023"
"6892","Russia","Russia","GAZ Tigr","destroyed","https://i.postimg.cc/HnZYs9hn/hh4.jpg","2023-11-16",91,6206,1,"7-9162061","11/16/2023"
"6893","Russia","Russia","GAZ Tigr","destroyed","https://i.postimg.cc/d0mp66yj/i2.jpg","2023-11-16",91,6207,1,"7-9162071","11/16/2023"
"6894","Russia","Russia","GAZ Tigr","destroyed","https://i.postimg.cc/QtfPGMSB/i3.jpg","2023-11-16",91,6208,1,"7-9162081","11/16/2023"
"6895","Russia","Russia","GAZ Tigr","destroyed","https://postimg.cc/ZBNCst4J","2023-11-16",91,6209,1,"7-9162091","11/16/2023"
"6896","Russia","Russia","GAZ Tigr","destroyed","https://i.postimg.cc/XYsxrSnW/Screenshot-8293.png","2023-11-16",91,6210,1,"7-9162101","11/16/2023"
"6897","Russia","Russia","GAZ Tigr","destroyed","https://i.postimg.cc/YSq05cBN/1008-GAZ-Tigr-destr-28-05-23.jpg","2023-11-16",91,6211,1,"7-9162111","11/16/2023"
"6898","Russia","Russia","GAZ Tigr","abandoned","https://i.postimg.cc/mDbvhs6S/n8.png","2023-11-16",91,6212,4,"7-9162124","11/16/2023"
"6899","Russia","Russia","GAZ Tigr","captured","https://i.postimg.cc/sDRQNbwy/567.png","2023-11-16",91,6213,3,"7-9162133","11/16/2023"
"6900","Russia","Russia","GAZ Tigr","captured","https://i.postimg.cc/zBHQr6sx/34.png","2023-11-16",91,6214,3,"7-9162143","11/16/2023"
"6901","Russia","Russia","GAZ Tigr","captured","https://postlmg.cc/vxV5zM97","2023-11-16",91,6215,3,"7-9162153","11/16/2023"
"6902","Russia","Russia","GAZ Tigr","captured","https://i.postimg.cc/Zn0SMcJX/50.png","2023-11-16",91,6216,3,"7-9162163","11/16/2023"
"6903","Russia","Russia","GAZ Tigr","captured","https://i.postimg.cc/8Cwxg6XG/4g.png","2023-11-16",91,6217,3,"7-9162173","11/16/2023"
"6904","Russia","Russia","GAZ Tigr","captured","https://i.postimg.cc/yxk4V4Lv/3870.png","2023-11-16",91,6218,3,"7-9162183","11/16/2023"
"6905","Russia","Russia","GAZ Tigr","captured","https://twitter.com/UAWeapons/status/1572617375328993283","2023-11-16",91,6219,3,"7-9162193","11/16/2023"
"6906","Russia","Russia","157 GAZ Tigr-M","destroyed","https://i.postimg.cc/W1VpzFcv/5578.png","2023-11-16",92,6220,1,"7-9262201","11/16/2023"
"6907","Russia","Russia","157 GAZ Tigr-M","destroyed","https://postimg.cc/f3bh0QRp","2023-11-16",92,6221,1,"7-9262211","11/16/2023"
"6908","Russia","Russia","157 GAZ Tigr-M","destroyed","https://i.postimg.cc/RFjRh5VD/776d.png","2023-11-16",92,6222,1,"7-9262221","11/16/2023"
"6909","Russia","Russia","157 GAZ Tigr-M","destroyed","https://postimg.cc/jnsX0hVw","2023-11-16",92,6223,1,"7-9262231","11/16/2023"
"6910","Russia","Russia","157 GAZ Tigr-M","destroyed","https://i.postimg.cc/0jqwkRGt/1038-tigr-m-destr-01-02-23.jpg","2023-11-16",92,6224,1,"7-9262241","11/16/2023"
"6911","Russia","Russia","157 GAZ Tigr-M","destroyed","https://i.postimg.cc/pVGgCB1P/449.png","2023-11-16",92,6225,1,"7-9262251","11/16/2023"
"6912","Russia","Russia","157 GAZ Tigr-M","destroyed","https://i.postimg.cc/5trrQyZ5/435.png","2023-11-16",92,6226,1,"7-9262261","11/16/2023"
"6913","Russia","Russia","157 GAZ Tigr-M","destroyed","https://i.postimg.cc/7YDqZt1H/4435.png","2023-11-16",92,6227,1,"7-9262271","11/16/2023"
"6914","Russia","Russia","157 GAZ Tigr-M","destroyed","https://i.postimg.cc/d3jBDjhh/Screenshot-8448.png","2023-11-16",92,6228,1,"7-9262281","11/16/2023"
"6915","Russia","Russia","157 GAZ Tigr-M","destroyed","https://i.postimg.cc/RCcYydQJ/790.png","2023-11-16",92,6229,1,"7-9262291","11/16/2023"
"6916","Russia","Russia","157 GAZ Tigr-M","destroyed","https://i.postimg.cc/R0yRJt12/4g.png","2023-11-16",92,6230,1,"7-9262301","11/16/2023"
"6917","Russia","Russia","157 GAZ Tigr-M","destroyed","https://i.postimg.cc/Z52pQfkG/f8.png","2023-11-16",92,6231,1,"7-9262311","11/16/2023"
"6918","Russia","Russia","157 GAZ Tigr-M","destroyed","https://i.postimg.cc/Kz7JyDzQ/5gj.png","2023-11-16",92,6232,1,"7-9262321","11/16/2023"
"6919","Russia","Russia","157 GAZ Tigr-M","destroyed","https://i.postimg.cc/cH3pwwhk/43fhl.png","2023-11-16",92,6233,1,"7-9262331","11/16/2023"
"6920","Russia","Russia","157 GAZ Tigr-M","destroyed","https://i.postimg.cc/2yb8p5X1/1016-tigr-m-destr-12-01-23.jpg","2023-11-16",92,6234,1,"7-9262341","11/16/2023"
"6921","Russia","Russia","157 GAZ Tigr-M","destroyed","https://i.postimg.cc/2ysSzc8x/1024-tigr-m-destr.jpg","2023-11-16",92,6235,1,"7-9262351","11/16/2023"
"6922","Russia","Russia","157 GAZ Tigr-M","destroyed","https://i.postimg.cc/WzBJPSzg/460.png","2023-11-16",92,6236,1,"7-9262361","11/16/2023"
"6923","Russia","Russia","157 GAZ Tigr-M","destroyed","https://i.postimg.cc/jjJ4BWnK/2022-04-07-tigr-m-2.jpg","2023-11-16",92,6237,1,"7-9262371","11/16/2023"
"6924","Russia","Russia","157 GAZ Tigr-M","destroyed","https://i.postimg.cc/XYK8HP1p/1004.jpg","2023-11-16",92,6238,1,"7-9262381","11/16/2023"
"6925","Russia","Russia","157 GAZ Tigr-M","destroyed","https://i.postimg.cc/j5dqRyjh/331.png","2023-11-16",92,6239,1,"7-9262391","11/16/2023"
"6926","Russia","Russia","157 GAZ Tigr-M","destroyed","https://i.postimg.cc/L4gdCpk8/88.png","2023-11-16",92,6240,1,"7-9262401","11/16/2023"
"6927","Russia","Russia","157 GAZ Tigr-M","destroyed","https://i.postimg.cc/VvBfTPyv/19.png","2023-11-16",92,6241,1,"7-9262411","11/16/2023"
"6928","Russia","Russia","157 GAZ Tigr-M","destroyed","https://i.postimg.cc/GtTzQ8KR/4477.jpg","2023-11-16",92,6242,1,"7-9262421","11/16/2023"
"6929","Russia","Russia","157 GAZ Tigr-M","destroyed","https://i.postimg.cc/nhG7vjV3/g1.png","2023-11-16",92,6243,1,"7-9262431","11/16/2023"
"6930","Russia","Russia","157 GAZ Tigr-M","destroyed","https://i.postimg.cc/ZnjTtDPc/399.png","2023-11-16",92,6244,1,"7-9262441","11/16/2023"
"6931","Russia","Russia","157 GAZ Tigr-M","destroyed","https://i.postimg.cc/nLW4tLJz/1009-tigr-m-destr-15-01-23.jpg","2023-11-16",92,6245,1,"7-9262451","11/16/2023"
"6932","Russia","Russia","157 GAZ Tigr-M","destroyed","https://i.postimg.cc/gjTvKXcr/r3.jpg","2023-11-16",92,6246,1,"7-9262461","11/16/2023"
"6933","Russia","Russia","157 GAZ Tigr-M","destroyed","https://i.postimg.cc/prcVKTxR/1021-gaz-tigr-m-destr-28-12-22.jpg","2023-11-16",92,6247,1,"7-9262471","11/16/2023"
"6934","Russia","Russia","157 GAZ Tigr-M","destroyed","https://i.postimg.cc/508svzFy/tigrr.jpg","2023-11-16",92,6248,1,"7-9262481","11/16/2023"
"6935","Russia","Russia","157 GAZ Tigr-M","destroyed","https://i.postimg.cc/QNFVSr4y/97.jpg","2023-11-16",92,5349,1,"7-9253491","11/16/2023"
"6936","Russia","Russia","157 GAZ Tigr-M","destroyed","https://i.postimg.cc/bNhmHYSf/549.png","2023-11-16",92,6249,1,"7-9262491","11/16/2023"
"6937","Russia","Russia","157 GAZ Tigr-M","destroyed","https://i.postimg.cc/pLyMD2X0/76.jpg","2023-11-16",92,6250,1,"7-9262501","11/16/2023"
"6938","Russia","Russia","157 GAZ Tigr-M","destroyed","https://i.postimg.cc/Fzp5QNGS/1001-gaz-tigr-m-destr-20-05-23.jpg","2023-11-16",92,6251,1,"7-9262511","11/16/2023"
"6939","Russia","Russia","157 GAZ Tigr-M","destroyed","https://i.postimg.cc/Hn8Ycb71/437.png","2023-11-16",92,6252,1,"7-9262521","11/16/2023"
"6940","Russia","Russia","157 GAZ Tigr-M","destroyed","https://i.postimg.cc/25GZskrd/t3.jpg","2023-11-16",92,6253,1,"7-9262531","11/16/2023"
"6941","Russia","Russia","157 GAZ Tigr-M","destroyed","https://twitter.com/UAWeapons/status/1645500394812973072","2023-11-16",92,6046,1,"7-9260461","11/16/2023"
"6942","Russia","Russia","157 GAZ Tigr-M","destroyed","https://i.postimg.cc/YCBKZ6s3/35.jpg","2023-11-16",92,6254,1,"7-9262541","11/16/2023"
"6943","Russia","Russia","157 GAZ Tigr-M","destroyed","https://i.postimg.cc/pdkwmgXG/36.jpg","2023-11-16",92,6255,1,"7-9262551","11/16/2023"
"6944","Russia","Russia","157 GAZ Tigr-M","destroyed","https://i.postimg.cc/3xC4LdKt/5411.png","2023-11-16",92,6256,1,"7-9262561","11/16/2023"
"6945","Russia","Russia","157 GAZ Tigr-M","destroyed","https://i.postimg.cc/Njf2pyQg/776j.jpg","2023-11-16",92,6257,1,"7-9262571","11/16/2023"
"6946","Russia","Russia","157 GAZ Tigr-M","destroyed","https://i.postimg.cc/zv620mgN/3f.jpg","2023-11-16",92,6258,1,"7-9262581","11/16/2023"
"6947","Russia","Russia","157 GAZ Tigr-M","destroyed","https://twitter.com/UAWeapons/status/1521088343303503878","2023-11-16",92,6259,1,"7-9262591","11/16/2023"
"6948","Russia","Russia","157 GAZ Tigr-M","destroyed","https://i.postimg.cc/0ywN4wgh/10-09-2022-Tigr-M-destroyed.png","2023-11-16",92,6260,1,"7-9262601","11/16/2023"
"6949","Russia","Russia","157 GAZ Tigr-M","destroyed","https://i.postimg.cc/8zr7qTDS/34.jpg","2023-11-16",92,6261,1,"7-9262611","11/16/2023"
"6950","Russia","Russia","157 GAZ Tigr-M","destroyed","https://i.postimg.cc/8k0Zkw8m/1003-gaz-tigr-m-destr.jpg","2023-11-16",92,6262,1,"7-9262621","11/16/2023"
"6951","Russia","Russia","157 GAZ Tigr-M","destroyed","https://twitter.com/UAWeapons/status/1540437582504493056","2023-11-16",92,6263,1,"7-9262631","11/16/2023"
"6952","Russia","Russia","157 GAZ Tigr-M","destroyed","https://i.postimg.cc/XvrGS6SX/1028-gaz-tigr-m-destr.jpg","2023-11-16",92,6264,1,"7-9262641","11/16/2023"
"6953","Russia","Russia","157 GAZ Tigr-M","destroyed","https://i.postimg.cc/cJscVcPT/1005.jpg","2023-11-16",92,6265,1,"7-9262651","11/16/2023"
"6954","Russia","Russia","157 GAZ Tigr-M","destroyed","https://i.postimg.cc/vBWKHMVX/10-07-2022-Tigr-M-Arbalet-DM-destroyed.png","2023-11-16",92,6266,1,"7-9262661","11/16/2023"
"6955","Russia","Russia","157 GAZ Tigr-M","destroyed","https://postimg.cc/PLB8Zct7","2023-11-16",92,6267,1,"7-9262671","11/16/2023"
"6956","Russia","Russia","157 GAZ Tigr-M","destroyed","https://twitter.com/RALee85/status/1558454515820535808","2023-11-16",92,6268,1,"7-9262681","11/16/2023"
"6957","Russia","Russia","157 GAZ Tigr-M","destroyed","https://i.postimg.cc/vZRf920n/t1.jpg","2023-11-16",92,6269,1,"7-9262691","11/16/2023"
"6958","Russia","Russia","157 GAZ Tigr-M","destroyed","https://i.postimg.cc/qv8nGcF5/t2.jpg","2023-11-16",92,6270,1,"7-9262701","11/16/2023"
"6959","Russia","Russia","157 GAZ Tigr-M","destroyed","https://i.postimg.cc/QxmWhD7V/1084-Tigr-M.jpg","2023-11-16",92,6271,1,"7-9262711","11/16/2023"
"6960","Russia","Russia","157 GAZ Tigr-M","destroyed","https://i.postimg.cc/9QfwfkPb/1085-Tigr-M.jpg","2023-11-16",92,6272,1,"7-9262721","11/16/2023"
"6961","Russia","Russia","157 GAZ Tigr-M","destroyed","https://twitter.com/UAWeapons/status/1561765335904260098","2023-11-16",92,6273,1,"7-9262731","11/16/2023"
"6962","Russia","Russia","157 GAZ Tigr-M","destroyed","https://twitter.com/UAWeapons/status/1568552147821764610","2023-11-16",92,6274,1,"7-9262741","11/16/2023"
"6963","Russia","Russia","157 GAZ Tigr-M","destroyed","https://postimg.cc/ZCGsX68Z","2023-11-16",92,6275,1,"7-9262751","11/16/2023"
"6964","Russia","Russia","157 GAZ Tigr-M","destroyed","https://i.postimg.cc/QC8YL8TB/54g.png","2023-11-16",92,6276,1,"7-9262761","11/16/2023"
"6965","Russia","Russia","157 GAZ Tigr-M","destroyed","https://twitter.com/naalsio26/status/1642683469674283008","2023-11-16",92,6277,1,"7-9262771","11/16/2023"
"6966","Russia","Russia","157 GAZ Tigr-M","destroyed","https://i.postimg.cc/L58q5067/2022-09-15-GAZ-Tigr-M.jpg","2023-11-16",92,6278,1,"7-9262781","11/16/2023"
"6967","Russia","Russia","157 GAZ Tigr-M","destroyed","https://i.postimg.cc/90WkxyHp/1011-tigr-m.jpg","2023-11-16",92,6279,1,"7-9262791","11/16/2023"
"6968","Russia","Russia","157 GAZ Tigr-M","destroyed","https://i.postimg.cc/XY7HLgVy/2x-Gaz-Tigr-M.png","2023-11-16",92,6280,1,"7-9262801","11/16/2023"
"6969","Russia","Russia","157 GAZ Tigr-M","destroyed","https://twitter.com/UAWeapons/status/1575820275484352514","2023-11-16",92,6281,1,"7-9262811","11/16/2023"
"6970","Russia","Russia","157 GAZ Tigr-M","destroyed","https://i.postimg.cc/qB6Qcb9G/1006-tigr-m.jpg","2023-11-16",92,6282,1,"7-9262821","11/16/2023"
"6971","Russia","Russia","157 GAZ Tigr-M","destroyed","https://i.postimg.cc/D09ddJ6B/1004-GAZ-Tigr-M-destr.jpg","2023-11-16",92,6283,1,"7-9262831","11/16/2023"
"6972","Russia","Russia","157 GAZ Tigr-M","destroyed","https://i.postimg.cc/vmhZJXCf/1026-Tigr-M-destr-13-03-23.jpg","2023-11-16",92,6284,1,"7-9262841","11/16/2023"
"6973","Russia","Russia","157 GAZ Tigr-M","destroyed","https://i.postimg.cc/SKVXHQGQ/1035-tigr-m-destr.jpg","2023-11-16",92,6285,1,"7-9262851","11/16/2023"
"6974","Russia","Russia","157 GAZ Tigr-M","destroyed","https://twitter.com/UAWeapons/status/1581561979461783552","2023-11-16",92,6286,1,"7-9262861","11/16/2023"
"6975","Russia","Russia","157 GAZ Tigr-M","destroyed","https://i.postimg.cc/zfTCDszR/2022-04-02-tigr-m.jpg","2023-11-16",92,6287,1,"7-9262871","11/16/2023"
"6976","Russia","Russia","157 GAZ Tigr-M","destroyed","https://i.postimg.cc/VsSxkZfj/2022-04-04-tigr-m.jpg","2023-11-16",92,6288,1,"7-9262881","11/16/2023"
"6977","Russia","Russia","157 GAZ Tigr-M","destroyed","https://i.postimg.cc/HnT0JBZs/2022-04-07-tigr-m-1.jpg","2023-11-16",92,6289,1,"7-9262891","11/16/2023"
"6978","Russia","Russia","157 GAZ Tigr-M","destroyed","https://i.postimg.cc/y6gsmSzS/10-20-2022-destroyed-Belgorod.png","2023-11-16",92,648,1,"7-926481","11/16/2023"
"6979","Russia","Russia","157 GAZ Tigr-M","destroyed","https://twitter.com/UAWeapons/status/1646580037456637952","2023-11-16",92,6290,1,"7-9262901","11/16/2023"
"6980","Russia","Russia","157 GAZ Tigr-M","destroyed","https://i.postimg.cc/W4vXvtxR/1035-gaz-tigr-m-destr-3-11.jpg","2023-11-16",92,6291,1,"7-9262911","11/16/2023"
"6981","Russia","Russia","157 GAZ Tigr-M","destroyed","https://twitter.com/UAWeapons/status/1589214779780247552","2023-11-16",92,6292,1,"7-9262921","11/16/2023"
"6982","Russia","Russia","157 GAZ Tigr-M","destroyed","https://twitter.com/UAWeapons/status/1591128135848058881","2023-11-16",92,1408,1,"7-9214081","11/16/2023"
"6983","Russia","Russia","157 GAZ Tigr-M","destroyed","https://i.postimg.cc/NFVwFQ55/1009-gaz-tigr-m-destr.jpg","2023-11-16",92,6293,1,"7-9262931","11/16/2023"
"6984","Russia","Russia","157 GAZ Tigr-M","destroyed","https://twitter.com/UAWeapons/status/1595329885215637504","2023-11-16",92,6294,1,"7-9262941","11/16/2023"
"6985","Russia","Russia","157 GAZ Tigr-M","destroyed","https://i.postimg.cc/dVj0CMff/2022-11-13-Gaz-Tigr-M-destroyed.jpg","2023-11-16",92,6295,1,"7-9262951","11/16/2023"
"6986","Russia","Russia","157 GAZ Tigr-M","destroyed","https://i.postimg.cc/vmVsQYsY/1002-2x-GAZ-Tigr-M-destr.jpg","2023-11-16",92,6296,1,"7-9262961","11/16/2023"
"6987","Russia","Russia","157 GAZ Tigr-M","destroyed","https://i.postimg.cc/T2WLTwMS/2022-02-24-GAZ-Tigr-M-abandoned-and-destroyed-x2-Rivnopillia.jpg","2023-11-16",92,6297,1,"7-9262971","11/16/2023"
"6988","Russia","Russia","157 GAZ Tigr-M","destroyed","https://i.postimg.cc/T2WLTwMS/2022-02-24-GAZ-Tigr-M-abandoned-and-destroyed-x2-Rivnopillia.jpg","2023-11-16",92,6297,1,"7-9262971","11/16/2023"
"6989","Russia","Russia","157 GAZ Tigr-M","destroyed","https://i.postimg.cc/wvJxkngk/1003-tigr-m-destr.jpg","2023-11-16",92,6298,1,"7-9262981","11/16/2023"
"6990","Russia","Russia","157 GAZ Tigr-M","destroyed","https://i.postimg.cc/zfqn0g3Q/1016-tigr-destr-10-12-22.jpg","2023-11-16",92,6299,1,"7-9262991","11/16/2023"
"6991","Russia","Russia","157 GAZ Tigr-M","destroyed","https://i.postimg.cc/d182L5mt/1001-GAZ-Tigr-M-destr-17-02-23.jpg","2023-11-16",92,6300,1,"7-9263001","11/16/2023"
"6992","Russia","Russia","157 GAZ Tigr-M","destroyed","https://i.postimg.cc/MpcCzhnH/1012-tigr-m-destr-22-02-23.jpg","2023-11-16",92,6301,1,"7-9263011","11/16/2023"
"6993","Russia","Russia","157 GAZ Tigr-M","destroyed","https://i.postimg.cc/bNzY8mwT/1032-gaz-tigr-m-destr-26-02-23.jpg","2023-11-16",92,6302,1,"7-9263021","11/16/2023"
"6994","Russia","Russia","157 GAZ Tigr-M","destroyed","https://i.postimg.cc/MHht71SZ/1001-gaz-tigr-m-destr-26-02-23.jpg","2023-11-16",92,6303,1,"7-9263031","11/16/2023"
"6995","Russia","Russia","157 GAZ Tigr-M","destroyed","https://i.postimg.cc/jS7W14xH/1025-gaz-togr-m-destr-02-03-23.jpg","2023-11-16",92,6304,1,"7-9263041","11/16/2023"
"6996","Russia","Russia","157 GAZ Tigr-M","destroyed","https://i.postimg.cc/Cxj1NwNv/1025-Tigr-M-destr-13-03-23.jpg","2023-11-16",92,6305,1,"7-9263051","11/16/2023"
"6997","Russia","Russia","157 GAZ Tigr-M","destroyed","https://i.postimg.cc/ryjWvnV2/1020-tigr-m-destr-13-02-23.jpg","2023-11-16",92,6306,1,"7-9263061","11/16/2023"
"6998","Russia","Russia","157 GAZ Tigr-M","destroyed","https://i.postimg.cc/KcNKhPyM/1039-gaz-tigr-m-destr-15-05-23.png","2023-11-16",92,6307,1,"7-9263071","11/16/2023"
"6999","Russia","Russia","157 GAZ Tigr-M","destroyed","https://i.postimg.cc/kG6synp4/1015-tigr-m-destr-04-06-23.jpg","2023-11-16",92,6308,1,"7-9263081","11/16/2023"
"7000","Russia","Russia","157 GAZ Tigr-M","destroyed","https://i.postimg.cc/fThS7yz7/1006-GAZ-Tigr-M-destr-31-12-22.jpg","2023-11-16",92,6309,1,"7-9263091","11/16/2023"
"7001","Russia","Russia","157 GAZ Tigr-M","destroyed","https://twitter.com/UAWeapons/status/1675064469184036864","2023-11-16",92,6310,1,"7-9263101","11/16/2023"
"7002","Russia","Russia","157 GAZ Tigr-M","destroyed","https://i.postimg.cc/GhGDshLt/1029-GAZ-Tigr-M-and-Kamaz6x6-destr-28-06-23.jpg","2023-11-16",92,6311,1,"7-9263111","11/16/2023"
"7003","Russia","Russia","157 GAZ Tigr-M","destroyed","https://i.postimg.cc/y8KZh4xP/1030-GAZ-Tigr-M-destr-28-06-23.jpg","2023-11-16",92,6312,1,"7-9263121","11/16/2023"
"7004","Russia","Russia","157 GAZ Tigr-M","destroyed","https://i.postimg.cc/Cx4fmPfV/1031-GAZ-Tigr-M-destr-28-06-23.jpg","2023-11-16",92,6313,1,"7-9263131","11/16/2023"
"7005","Russia","Russia","157 GAZ Tigr-M","destroyed","https://i.postimg.cc/PrSygxPH/1011-GAZ-Tigr-M-destr-21-07-23.jpg","2023-11-16",92,6314,1,"7-9263141","11/16/2023"
"7006","Russia","Russia","157 GAZ Tigr-M","destroyed","https://i.postimg.cc/kgTjHWy8/1013-tigr-m-destr-06-08-23.jpg","2023-11-16",92,6315,1,"7-9263151","11/16/2023"
"7007","Russia","Russia","157 GAZ Tigr-M","destroyed","https://i.postimg.cc/8CsygsyY/1014-tigr-m-destr-06-08-23.jpg","2023-11-16",92,6316,1,"7-9263161","11/16/2023"
"7008","Russia","Russia","157 GAZ Tigr-M","destroyed","https://i.postimg.cc/fWjPGJkQ/1009-GAZ-Tigr-M-destr-23-04-23.jpg","2023-11-16",92,6317,1,"7-9263171","11/16/2023"
"7009","Russia","Russia","157 GAZ Tigr-M","destroyed","https://i.postimg.cc/BZT9vBdC/354.png","2023-11-16",92,6318,1,"7-9263181","11/16/2023"
"7010","Russia","Russia","157 GAZ Tigr-M","destroyed","https://i.postimg.cc/vmCK3Mjn/2.png","2023-11-16",92,6319,1,"7-9263191","11/16/2023"
"7011","Russia","Russia","157 GAZ Tigr-M","destroyed","https://i.postimg.cc/504rt84c/37.png","2023-11-16",92,6320,1,"7-9263201","11/16/2023"
"7012","Russia","Russia","157 GAZ Tigr-M","destroyed","https://i.postimg.cc/MpNTw1m0/3355.png","2023-11-16",92,6321,1,"7-9263211","11/16/2023"
"7013","Russia","Russia","157 GAZ Tigr-M","destroyed","https://twitter.com/naalsio26/status/1703869671496102202","2023-11-16",92,6322,1,"7-9263221","11/16/2023"
"7014","Russia","Russia","157 GAZ Tigr-M","destroyed","https://i.postimg.cc/4y6bwQcr/6520.png","2023-11-16",92,6323,1,"7-9263231","11/16/2023"
"7015","Russia","Russia","157 GAZ Tigr-M","destroyed","https://i.postimg.cc/RF45tzNP/1028-GAZ-Tigr-M-destr-08-10-23.jpg","2023-11-16",92,6324,1,"7-9263241","11/16/2023"
"7016","Russia","Russia","157 GAZ Tigr-M","destroyed","https://i.postimg.cc/3RF8R4VZ/1032-tigr-m-destr-20-10-23.jpg","2023-11-16",92,6325,1,"7-9263251","11/16/2023"
"7017","Russia","Russia","157 GAZ Tigr-M","destroyed","https://i.postimg.cc/d0KgzqT8/1041-GAZ-Tigr-M-destr-06-09-23.jpg","2023-11-16",92,6326,1,"7-9263261","11/16/2023"
"7018","Russia","Russia","157 GAZ Tigr-M","destroyed","https://i.postimg.cc/dVJBZFfp/1014-Tigr-M-destr-25-10-23.jpg","2023-11-16",92,6327,1,"7-9263271","11/16/2023"
"7019","Russia","Russia","157 GAZ Tigr-M","destroyed","https://i.postimg.cc/2y6swhgx/1007-tigr-m-destr-28-10-23.jpg","2023-11-16",92,6328,1,"7-9263281","11/16/2023"
"7020","Russia","Russia","157 GAZ Tigr-M","damaged","https://i.postimg.cc/ZKDrDbck/85.png","2023-11-16",92,6329,2,"7-9263292","11/16/2023"
"7021","Russia","Russia","157 GAZ Tigr-M","damaged","https://i.postimg.cc/VNfwTjSQ/1035-gaz-tigr-m-dam-09-02-23.jpg","2023-11-16",92,6330,2,"7-9263302","11/16/2023"
"7022","Russia","Russia","157 GAZ Tigr-M","damaged","https://i.postimg.cc/02QTz78X/1033-tigr-m-dam-05-02-23.jpg","2023-11-16",92,6331,2,"7-9263312","11/16/2023"
"7023","Russia","Russia","157 GAZ Tigr-M","damaged","https://i.postimg.cc/htPF84Mz/1041-tigr-m-dam-10-05-23.jpg","2023-11-16",92,6332,2,"7-9263322","11/16/2023"
"7024","Russia","Russia","157 GAZ Tigr-M","damaged","https://i.postimg.cc/nhkK6K9P/1052-tigr-m-dam-25-06-23.jpg","2023-11-16",92,6333,2,"7-9263332","11/16/2023"
"7025","Russia","Russia","157 GAZ Tigr-M","damaged","https://i.postimg.cc/MG5GT2Z0/255.png","2023-11-16",92,6334,2,"7-9263342","11/16/2023"
"7026","Russia","Russia","157 GAZ Tigr-M","damaged","https://i.postimg.cc/50gTqtJF/35g.png","2023-11-16",92,6335,2,"7-9263352","11/16/2023"
"7027","Russia","Russia","157 GAZ Tigr-M","captured","https://i.postimg.cc/50gTqtJF/35g.png","2023-11-16",92,6335,3,"7-9263353","11/16/2023"
"7028","Russia","Russia","157 GAZ Tigr-M","captured","https://i.postimg.cc/TYnZsP1T/f1.png","2023-11-16",92,6336,3,"7-9263363","11/16/2023"
"7029","Russia","Russia","157 GAZ Tigr-M","captured","https://i.postimg.cc/W33DVR9G/1044-tigr-m-capt.jpg","2023-11-16",92,6337,3,"7-9263373","11/16/2023"
"7030","Russia","Russia","157 GAZ Tigr-M","captured","https://i.postimg.cc/DZysb6p8/41.png","2023-11-16",92,6338,3,"7-9263383","11/16/2023"
"7031","Russia","Russia","157 GAZ Tigr-M","captured","https://i.postimg.cc/pL2jmr8d/3359.png","2023-11-16",92,6339,3,"7-9263393","11/16/2023"
"7032","Russia","Russia","157 GAZ Tigr-M","captured","https://i.postimg.cc/gkpDYMB3/ff4.png","2023-11-16",92,6340,3,"7-9263403","11/16/2023"
"7033","Russia","Russia","157 GAZ Tigr-M","captured","https://i.postimg.cc/L5tqXF8f/4431.png","2023-11-16",92,6341,3,"7-9263413","11/16/2023"
"7034","Russia","Russia","157 GAZ Tigr-M","captured","https://i.postimg.cc/7YrWKjhP/5544.png","2023-11-16",92,6342,3,"7-9263423","11/16/2023"
"7035","Russia","Russia","157 GAZ Tigr-M","captured","https://i.postimg.cc/zBcyXdM9/1015-tigr-m-capt.jpg","2023-11-16",92,6343,3,"7-9263433","11/16/2023"
"7036","Russia","Russia","157 GAZ Tigr-M","captured","https://i.postimg.cc/bN5FxX6P/1007-tigr-m-capt.jpg","2023-11-16",92,6344,3,"7-9263443","11/16/2023"
"7037","Russia","Russia","157 GAZ Tigr-M","captured","https://i.postimg.cc/gJJfdqTc/7j.png","2023-11-16",92,6345,3,"7-9263453","11/16/2023"
"7038","Russia","Russia","157 GAZ Tigr-M","captured","https://i.postimg.cc/wvDJ4Vgv/Tigr-M-captured.png","2023-11-16",92,6346,3,"7-9263463","11/16/2023"
"7039","Russia","Russia","157 GAZ Tigr-M","captured","https://i.postimg.cc/L5KZcNnf/ty.png","2023-11-16",92,6347,3,"7-9263473","11/16/2023"
"7040","Russia","Russia","157 GAZ Tigr-M","captured","https://i.postimg.cc/CKCb5wrs/4fp.png","2023-11-16",92,6348,3,"7-9263483","11/16/2023"
"7041","Russia","Russia","157 GAZ Tigr-M","captured","https://i.postimg.cc/kGy4r0MZ/j0.jpg","2023-11-16",92,6349,3,"7-9263493","11/16/2023"
"7042","Russia","Russia","157 GAZ Tigr-M","captured","https://i.postimg.cc/t45RJGBy/449.png","2023-11-16",92,6350,3,"7-9263503","11/16/2023"
"7043","Russia","Russia","157 GAZ Tigr-M","captured","https://i.postimg.cc/63xrN82L/6899.jpg","2023-11-16",92,6351,3,"7-9263513","11/16/2023"
"7044","Russia","Russia","157 GAZ Tigr-M","captured","https://i.postimg.cc/kgGKrSR2/77.png","2023-11-16",92,6352,3,"7-9263523","11/16/2023"
"7045","Russia","Russia","157 GAZ Tigr-M","captured","https://i.postimg.cc/TP0nt3pD/c1.jpg","2023-11-16",92,6353,3,"7-9263533","11/16/2023"
"7046","Russia","Russia","157 GAZ Tigr-M","captured","https://twitter.com/UAWeapons/status/1512430960054317056","2023-11-16",92,6354,3,"7-9263543","11/16/2023"
"7047","Russia","Russia","157 GAZ Tigr-M","captured","https://i.postimg.cc/YqLQXqct/6888.jpg","2023-11-16",92,6355,3,"7-9263553","11/16/2023"
"7048","Russia","Russia","157 GAZ Tigr-M","captured","https://i.postimg.cc/GhNxNwm8/7j.jpg","2023-11-16",92,6356,3,"7-9263563","11/16/2023"
"7049","Russia","Russia","157 GAZ Tigr-M","captured","https://i.postimg.cc/5yk3wHxH/b1.png","2023-11-16",92,6357,3,"7-9263573","11/16/2023"
"7050","Russia","Russia","157 GAZ Tigr-M","captured","https://i.postimg.cc/dVQxVhc7/58p.png","2023-11-16",92,6358,3,"7-9263583","11/16/2023"
"7051","Russia","Russia","157 GAZ Tigr-M","captured","https://i.postimg.cc/6Ts0FCgs/1007-tigr-m-capt-09-03-23.jpg","2023-11-16",92,6359,3,"7-9263593","11/16/2023"
"7052","Russia","Russia","157 GAZ Tigr-M","damaged","https://i.postimg.cc/XqyHHVHS/382.png","2023-11-16",92,6360,2,"7-9263602","11/16/2023"
"7053","Russia","Russia","157 GAZ Tigr-M","captured","https://i.postimg.cc/XqyHHVHS/382.png","2023-11-16",92,6360,3,"7-9263603","11/16/2023"
"7054","Russia","Russia","157 GAZ Tigr-M","captured","https://twitter.com/UAWeapons/status/1575137334529507330","2023-11-16",92,5473,3,"7-9254733","11/16/2023"
"7055","Russia","Russia","157 GAZ Tigr-M","captured","https://twitter.com/UAWeapons/status/1575449638861152256","2023-11-16",92,6361,3,"7-9263613","11/16/2023"
"7056","Russia","Russia","157 GAZ Tigr-M","captured","https://i.postimg.cc/pd7XnV7n/1001-tigr-m.jpg","2023-11-16",92,6362,3,"7-9263623","11/16/2023"
"7057","Russia","Russia","157 GAZ Tigr-M","captured","https://i.postimg.cc/Kz4k7Gty/1001-GAZ-Tigr-M-capt.jpg","2023-11-16",92,6363,3,"7-9263633","11/16/2023"
"7058","Russia","Russia","157 GAZ Tigr-M","captured","https://twitter.com/UAWeapons/status/1578456970977497088","2023-11-16",92,6364,3,"7-9263643","11/16/2023"
"7059","Russia","Russia","AMN-590951","destroyed","https://twitter.com/UAWeapons/status/1660389486730067974","2023-11-16",93,5165,1,"7-9351651","11/16/2023"
"7060","Russia","Russia","AMN-590951","destroyed","https://i.postimg.cc/qMJTdzFs/27.png","2023-11-16",93,6365,1,"7-9363651","11/16/2023"
"7061","Russia","Russia","AMN-590951","destroyed","https://i.postimg.cc/SKkgLKKq/1017-AMN-590951-destr-15-08-23.jpg","2023-11-16",93,6366,1,"7-9363661","11/16/2023"
"7062","Russia","Russia","AMN-590951","destroyed","https://twitter.com/UAWeapons/status/1700836577398718525","2023-11-16",93,6367,1,"7-9363671","11/16/2023"
"7063","Russia","Russia","AMN-590951","destroyed","https://i.postimg.cc/DwcdZ1KV/1002-T-64-BV-AMN-590951-and-BMP2-destr-13-10-23.jpg","2023-11-16",93,132,1,"7-931321","11/16/2023"
"7064","Russia","Russia","AMN-590951","destroyed","https://i.postimg.cc/65GrmBvh/1047-ural-59095-destr-18-10-23.jpg","2023-11-16",93,6368,1,"7-9363681","11/16/2023"
"7065","Russia","Russia","AMN-590951","destroyed","https://i.postimg.cc/mZdv5yry/1032-MT-LB-aband-10-10-23.jpg","2023-11-16",93,2644,1,"7-9326441","11/16/2023"
"7066","Russia","Russia","AMN-590951","destroyed","https://i.postimg.cc/6QMzJN1Y/1005-AMN-590951-destr-11-01-23.jpg","2023-11-16",93,6369,1,"7-9363691","11/16/2023"
"7067","Russia","Russia","AMN-590951","damaged","https://i.postimg.cc/fTmSMP32/1036-VPK-59095-S-VPK-Ural-dam-13-10-23.jpg","2023-11-16",93,6370,2,"7-9363702","11/16/2023"
"7068","Russia","Russia","AMN-590951","damaged","https://twitter.com/UAWeapons/status/1660389486730067974","2023-11-16",93,5165,2,"7-9351652","11/16/2023"
"7069","Russia","Russia","AMN-590951","abandoned","https://twitter.com/UAWeapons/status/1660389486730067974","2023-11-16",93,5165,4,"7-9351654","11/16/2023"
"7070","Russia","Russia","AMN-590951","damaged","https://i.postimg.cc/13hGxb01/1038-ural-59095-dam-aband-18-10-23.jpg","2023-11-16",93,6371,2,"7-9363712","11/16/2023"
"7071","Russia","Russia","AMN-590951","abandoned","https://i.postimg.cc/13hGxb01/1038-ural-59095-dam-aband-18-10-23.jpg","2023-11-16",93,6371,4,"7-9363714","11/16/2023"
"7072","Russia","Russia","AMN-590951","damaged","https://i.postimg.cc/7PR195f6/1045-ural-59095-dam-aband-18-10-23.jpg","2023-11-16",93,6372,2,"7-9363722","11/16/2023"
"7073","Russia","Russia","AMN-590951","abandoned","https://i.postimg.cc/7PR195f6/1045-ural-59095-dam-aband-18-10-23.jpg","2023-11-16",93,6372,4,"7-9363724","11/16/2023"
"7074","Russia","Russia","AMN-590951","captured","https://twitter.com/UAWeapons/status/1578037471106899968","2023-11-16",93,6373,3,"7-9363733","11/16/2023"
"7075","Russia","Russia","AMN-590951","captured","https://i.postimg.cc/65y5xNCk/1037-AMN-590951-capt.jpg","2023-11-16",93,6374,3,"7-9363743","11/16/2023"
"7076","Russia","Russia","AMN-590951","captured","https://i.postimg.cc/Y9HrK3Yz/1003-AMN-590951-capt.jpg","2023-11-16",93,6375,3,"7-9363753","11/16/2023"
"7077","Russia","Italy","Iveco LMV Rys","destroyed","https://i.postimg.cc/TPmCH0KS/ff2.png","2023-11-16",94,6376,1,"7-9463761","11/16/2023"
"7078","Russia","Italy","Iveco LMV Rys","destroyed","https://i.postimg.cc/fyNCwrR4/Screenshot-8447.png","2023-11-16",94,6377,1,"7-9463771","11/16/2023"
"7079","Russia","Italy","Iveco LMV Rys","destroyed","https://i.postimg.cc/5y3npSgL/345.png","2023-11-16",94,6378,1,"7-9463781","11/16/2023"
"7080","Russia","Italy","Iveco LMV Rys","destroyed","https://i.postimg.cc/cJnJnpW9/479.png","2023-11-16",94,6379,1,"7-9463791","11/16/2023"
"7081","Russia","Italy","Iveco LMV Rys","destroyed","https://i.postimg.cc/ydwY5tgX/i2.jpg","2023-11-16",94,6380,1,"7-9463801","11/16/2023"
"7082","Russia","Italy","Iveco LMV Rys","destroyed","https://i.postimg.cc/wxmBJqZW/i3.jpg","2023-11-16",94,6381,1,"7-9463811","11/16/2023"
"7083","Russia","Italy","Iveco LMV Rys","destroyed","https://i.postimg.cc/3xnr7d0w/i4.jpg","2023-11-16",94,6382,1,"7-9463821","11/16/2023"
"7084","Russia","Italy","Iveco LMV Rys","destroyed","https://i.postimg.cc/BQmRnDpR/770.png","2023-11-16",94,6383,1,"7-9463831","11/16/2023"
"7085","Russia","Italy","Iveco LMV Rys","destroyed","https://twitter.com/UAWeapons/status/1646580037456637952","2023-11-16",94,6290,1,"7-9462901","11/16/2023"
"7086","Russia","Italy","Iveco LMV Rys","destroyed","https://i.postimg.cc/qBtRsq1b/17.png","2023-11-16",94,6384,1,"7-9463841","11/16/2023"
"7087","Russia","Italy","Iveco LMV Rys","destroyed","https://i.postimg.cc/vmWQqP0R/4799.png","2023-11-16",94,6385,1,"7-9463851","11/16/2023"
"7088","Russia","Italy","Iveco LMV Rys","destroyed","https://i.postimg.cc/B6bJC48P/4f.png","2023-11-16",94,6386,1,"7-9463861","11/16/2023"
"7089","Russia","Italy","Iveco LMV Rys","destroyed","https://i.postimg.cc/1z9HFPch/776.png","2023-11-16",94,6387,1,"7-9463871","11/16/2023"
"7090","Russia","Italy","Iveco LMV Rys","destroyed","https://i.postimg.cc/xCQgwyfb/43.jpg","2023-11-16",94,6388,1,"7-9463881","11/16/2023"
"7091","Russia","Italy","Iveco LMV Rys","destroyed","https://twitter.com/UAWeapons/status/1523768935933693953","2023-11-16",94,6389,1,"7-9463891","11/16/2023"
"7092","Russia","Italy","Iveco LMV Rys","destroyed","https://i.postimg.cc/ZK7DcBf8/666555.jpg","2023-11-16",94,6390,1,"7-9463901","11/16/2023"
"7093","Russia","Italy","Iveco LMV Rys","destroyed","https://i.postimg.cc/wMFjmbMs/63.png","2023-11-16",94,6391,1,"7-9463911","11/16/2023"
"7094","Russia","Italy","Iveco LMV Rys","abandoned","https://i.postimg.cc/zGz7j1NL/43.png","2023-11-16",94,6392,4,"7-9463924","11/16/2023"
"7095","Russia","Italy","Iveco LMV Rys","destroyed","https://i.postimg.cc/zGz7j1NL/43.png","2023-11-16",94,6392,1,"7-9463921","11/16/2023"
"7096","Russia","Italy","Iveco LMV Rys","destroyed","https://i.postimg.cc/RFZCd0F6/1501-iveco-destr.jpg","2023-11-16",94,6393,1,"7-9463931","11/16/2023"
"7097","Russia","Italy","Iveco LMV Rys","destroyed","https://i.postimg.cc/BbRTg715/1018-Iveco-LMV-Rys-destr.jpg","2023-11-16",94,6394,1,"7-9463941","11/16/2023"
"7098","Russia","Italy","Iveco LMV Rys","destroyed","https://i.postimg.cc/c4t4Xjgg/f2.png","2023-11-16",94,6395,1,"7-9463951","11/16/2023"
"7099","Russia","Italy","Iveco LMV Rys","destroyed","https://i.postimg.cc/sgVTgfYj/1024-LMV-Rys-destr-23-01-23.jpg","2023-11-16",94,6396,1,"7-9463961","11/16/2023"
"7100","Russia","Italy","Iveco LMV Rys","destroyed","https://i.postimg.cc/26Ns2KYV/447.png","2023-11-16",94,6397,1,"7-9463971","11/16/2023"
"7101","Russia","Italy","Iveco LMV Rys","destroyed","https://i.postimg.cc/029Nb0Vh/437.png","2023-11-16",94,6398,1,"7-9463981","11/16/2023"
"7102","Russia","Italy","Iveco LMV Rys","damaged","https://i.postimg.cc/4xrt6Lwt/542.png","2023-11-16",94,6399,2,"7-9463992","11/16/2023"
"7103","Russia","Italy","Iveco LMV Rys","damaged","https://i.postimg.cc/0QnvxgKW/1072-Iveco-LMV-dam-30-08-22.jpg","2023-11-16",94,6400,2,"7-9464002","11/16/2023"
"7104","Russia","Italy","Iveco LMV Rys","damaged","https://i.postimg.cc/7YV8ty42/6j.png","2023-11-16",94,6401,2,"7-9464012","11/16/2023"
"7105","Russia","Italy","Iveco LMV Rys","captured","https://i.postimg.cc/7YV8ty42/6j.png","2023-11-16",94,6401,3,"7-9464013","11/16/2023"
"7106","Russia","Italy","Iveco LMV Rys","damaged","https://i.postimg.cc/4d4Bvtwn/1024.jpg","2023-11-16",94,6402,2,"7-9464022","11/16/2023"
"7107","Russia","Italy","Iveco LMV Rys","captured","https://i.postimg.cc/4d4Bvtwn/1024.jpg","2023-11-16",94,6402,3,"7-9464023","11/16/2023"
"7108","Russia","Italy","Iveco LMV Rys","captured","https://i.postimg.cc/C5gfTFhF/680o.png","2023-11-16",94,6403,3,"7-9464033","11/16/2023"
"7109","Russia","Italy","Iveco LMV Rys","damaged","https://twitter.com/UAWeapons/status/1567533093568892928","2023-11-16",94,6404,2,"7-9464042","11/16/2023"
"7110","Russia","Italy","Iveco LMV Rys","captured","https://twitter.com/UAWeapons/status/1567533093568892928","2023-11-16",94,6404,3,"7-9464043","11/16/2023"
"7111","Russia","Italy","Iveco LMV Rys","damaged","https://twitter.com/UAWeapons/status/1569049877882994692","2023-11-16",94,6405,2,"7-9464052","11/16/2023"
"7112","Russia","Italy","Iveco LMV Rys","captured","https://twitter.com/UAWeapons/status/1569049877882994692","2023-11-16",94,6405,3,"7-9464053","11/16/2023"
"7113","Russia","Russia","1 GAZ-3937 Vodnik","captured","https://twitter.com/oryxspioenkop/status/1640854498062090240","2023-11-16",95,6406,3,"7-9564063","11/16/2023"
"7114","Russia","Russia","1 KamAZ Patrol","destroyed","https://i.postimg.cc/wBKgQQdV/1037-Kam-AZ-Patrol-destr-17-10-23.jpg","2023-11-16",96,6407,1,"7-9664071","11/16/2023"
"7115","Russia","Soviet Union","13 BMP-1KSh command and staff vehicle","destroyed","https://i.postimg.cc/0yvPnDBt/570.png","2023-11-16",97,6408,1,"7-9764081","11/16/2023"
"7116","Russia","Soviet Union","13 BMP-1KSh command and staff vehicle","destroyed","https://i.postimg.cc/MpV7xPwk/3321.jpg","2023-11-16",97,6409,1,"7-9764091","11/16/2023"
"7117","Russia","Soviet Union","13 BMP-1KSh command and staff vehicle","destroyed","https://i.postimg.cc/3Rwy43kG/g52.jpg","2023-11-16",97,6410,1,"7-9764101","11/16/2023"
"7118","Russia","Soviet Union","13 BMP-1KSh command and staff vehicle","destroyed","https://twitter.com/RALee85/status/1544015117389631490","2023-11-16",97,705,1,"7-977051","11/16/2023"
"7119","Russia","Soviet Union","13 BMP-1KSh command and staff vehicle","destroyed","https://i.postimg.cc/zvfhbD4d/1086-BMP-1-KSh.jpg","2023-11-16",97,6411,1,"7-9764111","11/16/2023"
"7120","Russia","Soviet Union","13 BMP-1KSh command and staff vehicle","destroyed","https://i.postimg.cc/MHLs0Sw0/578.png","2023-11-16",97,6412,1,"7-9764121","11/16/2023"
"7121","Russia","Soviet Union","13 BMP-1KSh command and staff vehicle","destroyed","https://i.postimg.cc/BbPg08Ps/1502-BMP-1-KSh-destr.jpg","2023-11-16",97,6413,1,"7-9764131","11/16/2023"
"7122","Russia","Soviet Union","13 BMP-1KSh command and staff vehicle","destroyed","https://i.postimg.cc/JzPxY8b1/3.png","2023-11-16",97,6414,1,"7-9764141","11/16/2023"
"7123","Russia","Soviet Union","13 BMP-1KSh command and staff vehicle","captured","https://i.postimg.cc/xTFr1xKP/4467.png","2023-11-16",97,6415,3,"7-9764153","11/16/2023"
"7124","Russia","Soviet Union","13 BMP-1KSh command and staff vehicle","captured","https://i.postimg.cc/3Jr7cV81/2022-04-23-bmp-1ksh.jpg","2023-11-16",97,6416,3,"7-9764163","11/16/2023"
"7125","Russia","Soviet Union","13 BMP-1KSh command and staff vehicle","captured","https://i.postimg.cc/k4ST5ZmF/1010-BMP-1-KSh-capt-01-08-23.jpg","2023-11-16",97,6417,3,"7-9764173","11/16/2023"
"7126","Russia","Soviet Union","13 BMP-1KSh command and staff vehicle","captured","https://i.postimg.cc/YS8KWtjG/7636.png","2023-11-16",97,6418,3,"7-9764183","11/16/2023"
"7127","Russia","Soviet Union","13 BMP-1KSh command and staff vehicle","captured","https://i.postimg.cc/15j9fZCb/1064-BMP-1-KSh-command-and-staff-vehicle-capt-30-09-22.jpg","2023-11-16",97,6419,3,"7-9764193","11/16/2023"
"7128","Russia","Soviet Union","12 BMD-1KSh-A command vehicle","destroyed","https://i.postimg.cc/VNbkpMH1/6899.png","2023-11-16",98,6420,1,"7-9864201","11/16/2023"
"7129","Russia","Soviet Union","12 BMD-1KSh-A command vehicle","destroyed","https://i.postimg.cc/t4Sw4rfn/688.jpg","2023-11-16",98,6421,1,"7-9864211","11/16/2023"
"7130","Russia","Soviet Union","12 BMD-1KSh-A command vehicle","destroyed","https://i.postimg.cc/wMTvbVRh/232.jpg","2023-11-16",98,6422,1,"7-9864221","11/16/2023"
"7131","Russia","Soviet Union","12 BMD-1KSh-A command vehicle","destroyed","https://i.postimg.cc/MHH51SBP/2022-06-16-bmd-1ksh-a.jpg","2023-11-16",98,6423,1,"7-9864231","11/16/2023"
"7132","Russia","Soviet Union","12 BMD-1KSh-A command vehicle","destroyed","https://i.postimg.cc/85RjYmHq/1080-BMD-1-KSh-A.jpg","2023-11-16",98,6424,1,"7-9864241","11/16/2023"
"7133","Russia","Soviet Union","12 BMD-1KSh-A command vehicle","destroyed","https://i.postimg.cc/kgQ0Sdj5/1001-BMD-1-KSh-A-destr.jpg","2023-11-16",98,6425,1,"7-9864251","11/16/2023"
"7134","Russia","Soviet Union","12 BMD-1KSh-A command vehicle","destroyed","https://i.postimg.cc/Vvpzc98Y/08-14-2022-Soledar-BMD-1-Ksh-A-destroyed.png","2023-11-16",98,6426,1,"7-9864261","11/16/2023"
"7135","Russia","Soviet Union","12 BMD-1KSh-A command vehicle","destroyed","https://twitter.com/naalsio26/status/1597146621623476225","2023-11-16",98,5147,1,"7-9851471","11/16/2023"
"7136","Russia","Soviet Union","12 BMD-1KSh-A command vehicle","captured","https://i.postimg.cc/kXM0JgZv/1023.jpg","2023-11-16",98,6427,3,"7-9864273","11/16/2023"
"7137","Russia","Soviet Union","12 BMD-1KSh-A command vehicle","captured","https://twitter.com/UAWeapons/status/1569736417047101441","2023-11-16",98,6428,3,"7-9864283","11/16/2023"
"7138","Russia","Soviet Union","12 BMD-1KSh-A command vehicle","captured","https://i.postimg.cc/9XkLvCxB/1023-BMD-1-KSh-A.jpg","2023-11-16",98,6429,3,"7-9864293","11/16/2023"
"7139","Russia","Soviet Union","12 BMD-1KSh-A command vehicle","captured","https://i.postimg.cc/bN80m24w/6688.png","2023-11-16",98,6430,3,"7-9864303","11/16/2023"
"7140","Russia","Soviet Union","1 BTR-60PU-12command vehicle","captured","https://i.postimg.cc/65NCK7h7/76.jpg","2023-11-16",99,6431,3,"7-9964313","11/16/2023"
"7141","Russia","Soviet Union","1 R-145BM command vehicle","captured","https://i.postimg.cc/fLLWyZ83/327g.png","2023-11-16",100,6432,3,"7-10064323","11/16/2023"
"7142","Russia","Soviet Union","R-145BM1 command vehicle","destroyed","https://i.postimg.cc/7PTFyzdZ/f6.jpg","2023-11-16",101,6433,1,"7-10164331","11/16/2023"
"7143","Russia","Soviet Union","R-145BM1 command vehicle","destroyed","https://twitter.com/UAWeapons/status/1568552147821764610","2023-11-16",101,6274,1,"7-10162741","11/16/2023"
"7144","Russia","Soviet Union","R-145BM1 command vehicle","destroyed","https://i.postimg.cc/C1pgBDS6/R-145-BM1-Derhachi-district.png","2023-11-16",101,6434,1,"7-10164341","11/16/2023"
"7145","Russia","Soviet Union","R-145BM1 command vehicle","destroyed","https://i.postimg.cc/Y000RLYD/1041-R-145-BM1-destr-03-02-23.jpg","2023-11-16",101,6435,1,"7-10164351","11/16/2023"
"7146","Russia","Soviet Union","R-145BM1 command vehicle","captured","https://i.postimg.cc/m2r7GPVb/485.png","2023-11-16",101,6436,3,"7-10164363","11/16/2023"
"7147","Russia","Russia","1 R-145BMA command vehicle","captured","https://twitter.com/UAWeapons/status/1575123760528719875","2023-11-16",102,6437,3,"7-10264373","11/16/2023"
"7148","Russia","Soviet Union",NA,"destroyed","https://i.postimg.cc/0NDDS05c/1043-R-142-NSA.jpg","2023-11-16",1,6438,1,"7-164381","11/16/2023"
"7149","Russia","Soviet Union",NA,"destroyed","https://i.postimg.cc/G2Ndj56v/Screenshot-8192.png","2023-11-16",1,6439,1,"7-164391","11/16/2023"
"7150","Russia","Russia","R-149MA1 command and staff vehicle","destroyed","https://i.postimg.cc/gjrp8521/553.jpg","2023-11-16",103,6440,1,"7-10364401","11/16/2023"
"7151","Russia","Russia","R-149MA1 command and staff vehicle","destroyed","https://i.postimg.cc/76946Frp/441.png","2023-11-16",103,6441,1,"7-10364411","11/16/2023"
"7152","Russia","Russia","R-149MA1 command and staff vehicle","destroyed","https://i.postimg.cc/VLWsVLQY/47j.png","2023-11-16",103,6442,1,"7-10364421","11/16/2023"
"7153","Russia","Russia","R-149MA1 command and staff vehicle","destroyed","https://i.postimg.cc/hPRLQrHQ/469.png","2023-11-16",103,6443,1,"7-10364431","11/16/2023"
"7154","Russia","Russia","R-149MA1 command and staff vehicle","destroyed","https://i.postimg.cc/CxXpy0S9/6655.jpg","2023-11-16",103,6444,1,"7-10364441","11/16/2023"
"7155","Russia","Russia","R-149MA1 command and staff vehicle","destroyed","https://i.postimg.cc/NjshHtRC/878.png","2023-11-16",103,6445,1,"7-10364451","11/16/2023"
"7156","Russia","Russia","R-149MA1 command and staff vehicle","destroyed","https://i.postimg.cc/6QCpSftV/544.png","2023-11-16",103,6446,1,"7-10364461","11/16/2023"
"7157","Russia","Russia","R-149MA1 command and staff vehicle","destroyed","https://i.postimg.cc/nzJmLm2t/54gs.png","2023-11-16",103,6447,1,"7-10364471","11/16/2023"
"7158","Russia","Russia","R-149MA1 command and staff vehicle","destroyed","https://i.postimg.cc/2yCz5CzC/f4.jpg","2023-11-16",103,6448,1,"7-10364481","11/16/2023"
"7159","Russia","Russia","R-149MA1 command and staff vehicle","destroyed","https://i.postimg.cc/sxK3QbX7/f5.jpg","2023-11-16",103,6449,1,"7-10364491","11/16/2023"
"7160","Russia","Russia","R-149MA1 command and staff vehicle","destroyed","https://i.postimg.cc/zvS0FffT/1087-R-149-MA1.jpg","2023-11-16",103,6450,1,"7-10364501","11/16/2023"
"7161","Russia","Russia","R-149MA1 command and staff vehicle","destroyed","https://twitter.com/UAWeapons/status/1540290449021321216","2023-11-16",103,6451,1,"7-10364511","11/16/2023"
"7162","Russia","Russia","R-149MA1 command and staff vehicle","destroyed","https://i.postimg.cc/y6gsmSzS/10-20-2022-destroyed-Belgorod.png","2023-11-16",103,648,1,"7-1036481","11/16/2023"
"7163","Russia","Russia","R-149MA1 command and staff vehicle","destroyed","https://i.postimg.cc/VLWM4CjN/1006.jpg","2023-11-16",103,6452,1,"7-10364521","11/16/2023"
"7164","Russia","Russia","R-149MA1 command and staff vehicle","destroyed","https://twitter.com/UAWeapons/status/1556984704728981506","2023-11-16",103,6453,1,"7-10364531","11/16/2023"
"7165","Russia","Russia","R-149MA1 command and staff vehicle","destroyed","https://i.postimg.cc/qBSmY4CW/rr32.jpg","2023-11-16",103,6454,1,"7-10364541","11/16/2023"
"7166","Russia","Russia","R-149MA1 command and staff vehicle","destroyed","https://twitter.com/UAWeapons/status/1568552147821764610","2023-11-16",103,6274,1,"7-10362741","11/16/2023"
"7167","Russia","Russia","R-149MA1 command and staff vehicle","destroyed","https://i.postimg.cc/WbyVPvz9/1022-R-149-MA1.jpg","2023-11-16",103,6455,1,"7-10364551","11/16/2023"
"7168","Russia","Russia","R-149MA1 command and staff vehicle","destroyed","https://i.postimg.cc/brRzKWTT/1008-R-166-0-5-signal-vehicle.jpg","2023-11-16",103,6456,1,"7-10364561","11/16/2023"
"7169","Russia","Russia","R-149MA1 command and staff vehicle","destroyed","https://twitter.com/UAWeapons/status/1569295685689954305","2023-11-16",103,3943,1,"7-10339431","11/16/2023"
"7170","Russia","Russia","R-149MA1 command and staff vehicle","destroyed","https://i.postimg.cc/zGV1nXMQ/2022-09-16-307376118-1414953492323400-3470982148527522066-n.jpg","2023-11-16",103,6457,1,"7-10364571","11/16/2023"
"7171","Russia","Russia","R-149MA1 command and staff vehicle","destroyed","https://i.postimg.cc/ZRbn7YVc/2022-05-26-r-149ma1.jpg","2023-11-16",103,6458,1,"7-10364581","11/16/2023"
"7172","Russia","Russia","R-149MA1 command and staff vehicle","destroyed","https://i.postimg.cc/pdvXZrd8/268.png","2023-11-16",103,6459,1,"7-10364591","11/16/2023"
"7173","Russia","Russia","R-149MA1 command and staff vehicle","destroyed","https://i.postimg.cc/rwG2Ky0d/2022-09-19-R-149-MA1.jpg","2023-11-16",103,6460,1,"7-10364601","11/16/2023"
"7174","Russia","Russia","R-149MA1 command and staff vehicle","destroyed","https://i.postimg.cc/Xv6pdvY9/2022-09-15-R-149-MA1.jpg","2023-11-16",103,6461,1,"7-10364611","11/16/2023"
"7175","Russia","Russia","R-149MA1 command and staff vehicle","destroyed","https://twitter.com/JimmySecUK/status/1569972968641499136","2023-11-16",103,5778,1,"7-10357781","11/16/2023"
"7176","Russia","Russia","R-149MA1 command and staff vehicle","destroyed","https://twitter.com/naalsio26/status/1576664189074305025","2023-11-16",103,2413,1,"7-10324131","11/16/2023"
"7177","Russia","Russia","R-149MA1 command and staff vehicle","destroyed","https://i.postimg.cc/HnVJdt4Z/R-149-MA1-destroyed-Izium-district.png","2023-11-16",103,6462,1,"7-10364621","11/16/2023"
"7178","Russia","Russia","R-149MA1 command and staff vehicle","destroyed","https://i.postimg.cc/nrwFp2Zp/1023-R-149-MA1-destr.jpg","2023-11-16",103,6463,1,"7-10364631","11/16/2023"
"7179","Russia","Russia","R-149MA1 command and staff vehicle","destroyed","https://i.postimg.cc/hG3XBMx7/2022-03-20-r-149ma1.jpg","2023-11-16",103,6464,1,"7-10364641","11/16/2023"
"7180","Russia","Russia","R-149MA1 command and staff vehicle","destroyed","https://i.postimg.cc/bJcxdPvF/1030-r-149ma1-destr-24-04-23.jpg","2023-11-16",103,6465,1,"7-10364651","11/16/2023"
"7181","Russia","Russia","R-149MA1 command and staff vehicle","destroyed","https://i.postimg.cc/4xL7SN0r/1024-R149-MA1-destr.jpg","2023-11-16",103,6466,1,"7-10364661","11/16/2023"
"7182","Russia","Russia","R-149MA1 command and staff vehicle","destroyed","https://i.postimg.cc/CxQbfPwz/1003-R-149-MA1-destr-07-04-22.jpg","2023-11-16",103,6467,1,"7-10364671","11/16/2023"
"7183","Russia","Russia","R-149MA1 command and staff vehicle","destroyed","https://i.postimg.cc/3NxJyGst/1005-R-149-MA1-destr.jpg","2023-11-16",103,6468,1,"7-10364681","11/16/2023"
"7184","Russia","Russia","R-149MA1 command and staff vehicle","destroyed","https://i.postimg.cc/FKcFy4Xk/1000-R-149-MA1-destr-10-01-23.jpg","2023-11-16",103,6469,1,"7-10364691","11/16/2023"
"7185","Russia","Russia","R-149MA1 command and staff vehicle","destroyed","https://i.postimg.cc/vmwbbR5D/1014-R-149-MA1-destr-02-03-22.jpg","2023-11-16",103,6470,1,"7-10364701","11/16/2023"
"7186","Russia","Russia","R-149MA1 command and staff vehicle","destroyed","https://i.postimg.cc/qqq2jpHg/1003-R-149-MA1-destr-xx-09-22.jpg","2023-11-16",103,6471,1,"7-10364711","11/16/2023"
"7187","Russia","Russia","R-149MA1 command and staff vehicle","destroyed","https://i.postimg.cc/15KcLcFJ/7649.png","2023-11-16",103,6472,1,"7-10364721","11/16/2023"
"7188","Russia","Russia","R-149MA1 command and staff vehicle","destroyed","https://twitter.com/naalsio26/status/1647793504892878852","2023-11-16",103,6473,1,"7-10364731","11/16/2023"
"7189","Russia","Russia","R-149MA1 command and staff vehicle","destroyed","https://i.postimg.cc/bwSfYXNJ/1011-r149ma1-destr-05-05-23.jpg","2023-11-16",103,6474,1,"7-10364741","11/16/2023"
"7190","Russia","Russia","R-149MA1 command and staff vehicle","destroyed","https://twitter.com/naalsio26/status/1657852654737842176","2023-11-16",103,2509,1,"7-10325091","11/16/2023"
"7191","Russia","Russia","R-149MA1 command and staff vehicle","destroyed","https://i.postimg.cc/3NKdDR2N/1008-R-149-MA1-destr-19-08-22.jpg","2023-11-16",103,6475,1,"7-10364751","11/16/2023"
"7192","Russia","Russia","R-149MA1 command and staff vehicle","destroyed","https://i.postimg.cc/W3q3wBR9/1011-R-149-MA1-destr-09-09-22.jpg","2023-11-16",103,6476,1,"7-10364761","11/16/2023"
"7193","Russia","Russia","R-149MA1 command and staff vehicle","destroyed","https://i.postimg.cc/j2VjgMtR/1012-R-149-MA1-destr-09-09-22.jpg","2023-11-16",103,6477,1,"7-10364771","11/16/2023"
"7194","Russia","Russia","R-149MA1 command and staff vehicle","destroyed","https://i.postimg.cc/Gtrn6FXP/25g.png","2023-11-16",103,6478,1,"7-10364781","11/16/2023"
"7195","Russia","Russia","R-149MA1 command and staff vehicle","destroyed","https://i.postimg.cc/0QmkH6Fh/1013-R149-MA1-destr-03-03-23.jpg","2023-11-16",103,6479,1,"7-10364791","11/16/2023"
"7196","Russia","Russia","R-149MA1 command and staff vehicle","destroyed","https://i.postimg.cc/jjsxfW90/1018-R-149-MA1-destr-18-10-23.jpg","2023-11-16",103,6480,1,"7-10364801","11/16/2023"
"7197","Russia","Russia","R-149MA1 command and staff vehicle","damaged","https://i.postimg.cc/Qtx1kf1W/1067-r149ma1-dam-24-06-23.jpg","2023-11-16",103,6481,2,"7-10364812","11/16/2023"
"7198","Russia","Russia","R-149MA1 command and staff vehicle","damaged","https://i.postimg.cc/02Ywpr6H/1002-R-149-MA1-dam-17-07-23.jpg","2023-11-16",103,6482,2,"7-10364822","11/16/2023"
"7199","Russia","Russia","R-149MA1 command and staff vehicle","damaged","https://i.postimg.cc/jSgsKMn3/g553.jpg","2023-11-16",103,6483,2,"7-10364832","11/16/2023"
"7200","Russia","Russia","R-149MA1 command and staff vehicle","abandoned","https://i.postimg.cc/jSgsKMn3/g553.jpg","2023-11-16",103,6483,4,"7-10364834","11/16/2023"
"7201","Russia","Russia","R-149MA1 command and staff vehicle","abandoned","https://postimg.cc/JDHcKJry","2023-11-16",103,6484,4,"7-10364844","11/16/2023"
"7202","Russia","Russia","R-149MA1 command and staff vehicle","captured","https://i.postimg.cc/kgBKhrFT/884.png","2023-11-16",103,6062,3,"7-10360623","11/16/2023"
"7203","Russia","Russia","R-149MA1 command and staff vehicle","captured","https://i.postimg.cc/hGDPP7gN/1016-R149-MA1-capt.jpg","2023-11-16",103,6485,3,"7-10364853","11/16/2023"
"7204","Russia","Russia","R-149MA1 command and staff vehicle","captured","https://i.postimg.cc/hPWjc9Qs/mp.jpg","2023-11-16",103,6486,3,"7-10364863","11/16/2023"
"7205","Russia","Russia","R-149MA1 command and staff vehicle","captured","https://i.postimg.cc/P5zsqGHT/3313.png","2023-11-16",103,6487,3,"7-10364873","11/16/2023"
"7206","Russia","Russia","R-149MA1 command and staff vehicle","captured","https://i.postimg.cc/FzhWVBty/793.png","2023-11-16",103,6488,3,"7-10364883","11/16/2023"
"7207","Russia","Russia","R-149MA1 command and staff vehicle","captured","https://i.postimg.cc/4yYNv559/f7.jpg","2023-11-16",103,6489,3,"7-10364893","11/16/2023"
"7208","Russia","Russia","R-149MA1 command and staff vehicle","captured","https://i.postimg.cc/RFcfzjsM/43.png","2023-11-16",103,6490,3,"7-10364903","11/16/2023"
"7209","Russia","Russia","R-149MA1 command and staff vehicle","captured","https://i.postimg.cc/Px1S1M0W/7760.jpg","2023-11-16",103,6491,3,"7-10364913","11/16/2023"
"7210","Russia","Russia","R-149MA1 command and staff vehicle","captured","https://i.postimg.cc/kMTPR1dq/1006-R-149-MA1-capt.jpg","2023-11-16",103,6492,3,"7-10364923","11/16/2023"
"7211","Russia","Russia","R-149MA1 command and staff vehicle","captured","https://i.postimg.cc/RFLsS9wp/1022-R-149-MA1-capt-30-11-22.jpg","2023-11-16",103,6493,3,"7-10364933","11/16/2023"
"7212","Russia","Russia","R-149MA1 command and staff vehicle","captured","https://i.postimg.cc/nLndbtWV/328.png","2023-11-16",103,6494,3,"7-10364943","11/16/2023"
"7213","Russia","Russia","R-149MA1 command and staff vehicle","captured","https://i.postimg.cc/zGzwY2Qn/6533.png","2023-11-16",103,6495,3,"7-10364953","11/16/2023"
"7214","Russia","Russia","R-149MA1 command and staff vehicle","captured","https://i.postimg.cc/hG5hhQJp/59.png","2023-11-16",103,6496,3,"7-10364963","11/16/2023"
"7215","Russia","Russia","R-149MA1 command and staff vehicle","captured","https://i.postimg.cc/4NBgyzgY/49.png","2023-11-16",103,6497,3,"7-10364973","11/16/2023"
"7216","Russia","Russia","R-149MA1 command and staff vehicle","captured","https://i.postimg.cc/Xq51SPXw/1026-r-166-05.jpg","2023-11-16",103,6498,3,"7-10364983","11/16/2023"
"7217","Russia","Russia","R-149MA1 command and staff vehicle","captured","https://i.postimg.cc/L6S1qWf0/1017-r149ma1-capt.jpg","2023-11-16",103,6499,3,"7-10364993","11/16/2023"
"7218","Russia","Russia","R-149MA1 command and staff vehicle","captured","https://twitter.com/UAWeapons/status/1569043961771163652","2023-11-16",103,6500,3,"7-10365003","11/16/2023"
"7219","Russia","Russia","R-149MA1 command and staff vehicle","captured","https://twitter.com/Blue_Sauron/status/1568895598777991169","2023-11-16",103,1659,3,"7-10316593","11/16/2023"
"7220","Russia","Russia","R-149MA1 command and staff vehicle","captured","https://twitter.com/UAWeapons/status/1569639365655072770","2023-11-16",103,1665,3,"7-10316653","11/16/2023"
"7221","Russia","Russia","R-149MA1 command and staff vehicle","captured","https://twitter.com/JimmySecUK/status/1569972968641499136","2023-11-16",103,5778,3,"7-10357783","11/16/2023"
"7222","Russia","Russia","R-149MA1 command and staff vehicle","captured","https://i.postimg.cc/7hcjWvjT/1006-r149ma1.jpg","2023-11-16",103,6501,3,"7-10365013","11/16/2023"
"7223","Russia","Russia","R-149MA1 command and staff vehicle","captured","https://i.postimg.cc/1tyw4znz/2022-09-12-R-149-MA1.jpg","2023-11-16",103,6502,3,"7-10365023","11/16/2023"
"7224","Russia","Russia","R-149MA1 command and staff vehicle","captured","https://i.postimg.cc/fbQcNH7P/2022-09-24-R-149-MA1-384.jpg","2023-11-16",103,6503,3,"7-10365033","11/16/2023"
"7225","Russia","Russia","R-149MA1 command and staff vehicle","captured","https://i.postimg.cc/QdBYb8c1/1014-btr82a-R-149-MA1-capt.png","2023-11-16",103,6504,3,"7-10365043","11/16/2023"
"7226","Russia","Russia","R-149MA1 command and staff vehicle","damaged","https://twitter.com/Poutsup/status/1580257159769571328","2023-11-16",103,6505,2,"7-10365052","11/16/2023"
"7227","Russia","Russia","R-149MA1 command and staff vehicle","captured","https://twitter.com/Poutsup/status/1580257159769571328","2023-11-16",103,6505,3,"7-10365053","11/16/2023"
"7228","Russia","Russia","R-149MA1 command and staff vehicle","captured","https://i.postimg.cc/X7R081F4/1018-R-149-MA1-capt.jpg","2023-11-16",103,6506,3,"7-10365063","11/16/2023"
"7229","Russia","Russia","R-149MA1 command and staff vehicle","damaged","https://i.postimg.cc/HLwGZths/1013-R-149-MA1-dam-capt.jpg","2023-11-16",103,6507,2,"7-10365072","11/16/2023"
"7230","Russia","Russia","R-149MA1 command and staff vehicle","captured","https://i.postimg.cc/HLwGZths/1013-R-149-MA1-dam-capt.jpg","2023-11-16",103,6507,3,"7-10365073","11/16/2023"
"7231","Russia","Russia","R-149MA1 command and staff vehicle","captured","https://i.postimg.cc/ht7ZMCwd/1011-R149-MA1-capt.jpg","2023-11-16",103,6508,3,"7-10365083","11/16/2023"
"7232","Russia","Russia","R-149MA1 command and staff vehicle","captured","https://i.postimg.cc/pT66ndrm/1005-r149ma1-capt.jpg","2023-11-16",103,6509,3,"7-10365093","11/16/2023"
"7233","Russia","Russia","R-149MA1 command and staff vehicle","captured","https://twitter.com/UAWeapons/status/1590771444002488320","2023-11-16",103,6510,3,"7-10365103","11/16/2023"
"7234","Russia","Russia","37 R-149MA3 command and staff vehicle","destroyed","https://i.postimg.cc/nzTPBQHM/n1.png","2023-11-16",104,6511,1,"7-10465111","11/16/2023"
"7235","Russia","Russia","37 R-149MA3 command and staff vehicle","destroyed","https://i.postimg.cc/bvBXhTf2/b10.png","2023-11-16",104,6512,1,"7-10465121","11/16/2023"
"7236","Russia","Russia","37 R-149MA3 command and staff vehicle","destroyed","https://i.postimg.cc/BQJHLH9D/3t.png","2023-11-16",104,6513,1,"7-10465131","11/16/2023"
"7237","Russia","Russia","37 R-149MA3 command and staff vehicle","destroyed","https://i.postimg.cc/rFdc9YkL/328.png","2023-11-16",104,6514,1,"7-10465141","11/16/2023"
"7238","Russia","Russia","37 R-149MA3 command and staff vehicle","destroyed","https://i.postimg.cc/gJBq1TXx/531.jpg","2023-11-16",104,6515,1,"7-10465151","11/16/2023"
"7239","Russia","Russia","37 R-149MA3 command and staff vehicle","destroyed","https://i.postimg.cc/NMSDqKd5/4000-r149ma3.jpg","2023-11-16",104,6516,1,"7-10465161","11/16/2023"
"7240","Russia","Russia","37 R-149MA3 command and staff vehicle","destroyed","https://i.postimg.cc/KjqrrJN3/2022-09-11-R-149-MA3.jpg","2023-11-16",104,6517,1,"7-10465171","11/16/2023"
"7241","Russia","Russia","37 R-149MA3 command and staff vehicle","destroyed","https://i.postimg.cc/qqVD5KwH/2022-09-24-R-149-MA3.jpg","2023-11-16",104,6518,1,"7-10465181","11/16/2023"
"7242","Russia","Russia","37 R-149MA3 command and staff vehicle","destroyed","https://i.postimg.cc/DwF5ZPWM/R-149MA3.png","2023-11-16",104,6519,1,"7-10465191","11/16/2023"
"7243","Russia","Russia","37 R-149MA3 command and staff vehicle","destroyed","https://i.postimg.cc/6pqLkbCm/1019-r149ma3-destr-02-oct-2022.jpg","2023-11-16",104,6520,1,"7-10465201","11/16/2023"
"7244","Russia","Russia","37 R-149MA3 command and staff vehicle","destroyed","https://i.postimg.cc/3RkVMVCR/1003-R-149-MA3-destr.jpg","2023-11-16",104,6521,1,"7-10465211","11/16/2023"
"7245","Russia","Russia","37 R-149MA3 command and staff vehicle","destroyed","https://i.postimg.cc/QxMcPbhJ/1000-R-149-MA3-destr.jpg","2023-11-16",104,6522,1,"7-10465221","11/16/2023"
"7246","Russia","Russia","37 R-149MA3 command and staff vehicle","destroyed","https://i.postimg.cc/gJD2ksTw/1023-R-149-MA3-destr-28-12-22.jpg","2023-11-16",104,6523,1,"7-10465231","11/16/2023"
"7247","Russia","Russia","37 R-149MA3 command and staff vehicle","destroyed","https://twitter.com/naalsio26/status/1616795023344865281","2023-11-16",104,6524,1,"7-10465241","11/16/2023"
"7248","Russia","Russia","37 R-149MA3 command and staff vehicle","destroyed","https://i.postimg.cc/4dBnpQ7h/1032-R-149-MA3-destr-01-03-22.jpg","2023-11-16",104,6525,1,"7-10465251","11/16/2023"
"7249","Russia","Russia","37 R-149MA3 command and staff vehicle","damaged","https://i.postimg.cc/q7W198PZ/f431.png","2023-11-16",104,6526,2,"7-10465262","11/16/2023"
"7250","Russia","Russia","37 R-149MA3 command and staff vehicle","captured","https://i.postimg.cc/q7W198PZ/f431.png","2023-11-16",104,6526,3,"7-10465263","11/16/2023"
"7251","Russia","Russia","37 R-149MA3 command and staff vehicle","damaged","https://i.postimg.cc/65LWg9tK/554.jpg","2023-11-16",104,6527,2,"7-10465272","11/16/2023"
"7252","Russia","Russia","37 R-149MA3 command and staff vehicle","captured","https://i.postimg.cc/65LWg9tK/554.jpg","2023-11-16",104,6527,3,"7-10465273","11/16/2023"
"7253","Russia","Russia","37 R-149MA3 command and staff vehicle","captured","https://i.postimg.cc/cJCm25Z1/n2.png","2023-11-16",104,6528,3,"7-10465283","11/16/2023"
"7254","Russia","Russia","37 R-149MA3 command and staff vehicle","captured","https://i.postimg.cc/qMBBzkFq/Screenshot-8469.png","2023-11-16",104,6529,3,"7-10465293","11/16/2023"
"7255","Russia","Russia","37 R-149MA3 command and staff vehicle","captured","https://i.postimg.cc/66nd8KXn/4g2.jpg","2023-11-16",104,6530,3,"7-10465303","11/16/2023"
"7256","Russia","Russia","37 R-149MA3 command and staff vehicle","captured","https://i.postimg.cc/J0ntzbdY/1003-R-149-MA3.jpg","2023-11-16",104,6531,3,"7-10465313","11/16/2023"
"7257","Russia","Russia","37 R-149MA3 command and staff vehicle","captured","https://i.postimg.cc/fyYhkTDq/1002-R149-M3.jpg","2023-11-16",104,6532,3,"7-10465323","11/16/2023"
"7258","Russia","Russia","37 R-149MA3 command and staff vehicle","damaged","https://i.postimg.cc/dtQ6ZsNN/1003-btr80.jpg","2023-11-16",104,6533,2,"7-10465332","11/16/2023"
"7259","Russia","Russia","37 R-149MA3 command and staff vehicle","captured","https://i.postimg.cc/dtQ6ZsNN/1003-btr80.jpg","2023-11-16",104,6533,3,"7-10465333","11/16/2023"
"7260","Russia","Russia","37 R-149MA3 command and staff vehicle","captured","https://i.postimg.cc/QxNm91xs/1020-r-149ma3.jpg","2023-11-16",104,6534,3,"7-10465343","11/16/2023"
"7261","Russia","Russia","37 R-149MA3 command and staff vehicle","captured","https://i.postimg.cc/qMmL8qzK/1023-r-149ma3.jpg","2023-11-16",104,6535,3,"7-10465353","11/16/2023"
"7262","Russia","Russia","37 R-149MA3 command and staff vehicle","captured","https://i.postimg.cc/xCK5HPzj/1024-r-149ma3.jpg","2023-11-16",104,6536,3,"7-10465363","11/16/2023"
"7263","Russia","Russia","37 R-149MA3 command and staff vehicle","captured","https://i.postimg.cc/vT2LCVrr/7770.png","2023-11-16",104,6537,3,"7-10465373","11/16/2023"
"7264","Russia","Russia","37 R-149MA3 command and staff vehicle","captured","https://i.postimg.cc/1zNWBRfG/107.png","2023-11-16",104,6538,3,"7-10465383","11/16/2023"
"7265","Russia","Russia","37 R-149MA3 command and staff vehicle","captured","https://twitter.com/JimmySecUK/status/1569972968641499136","2023-11-16",104,5778,3,"7-10457783","11/16/2023"
"7266","Russia","Russia","37 R-149MA3 command and staff vehicle","captured","https://i.postimg.cc/dVXbD7nj/2022-09-13-R-149-MA3-1.jpg","2023-11-16",104,6539,3,"7-10465393","11/16/2023"
"7267","Russia","Russia","37 R-149MA3 command and staff vehicle","captured","https://i.postimg.cc/9MD7mtQj/2022-09-13-R-149-MA3.jpg","2023-11-16",104,6540,3,"7-10465403","11/16/2023"
"7268","Russia","Russia","37 R-149MA3 command and staff vehicle","captured","https://twitter.com/UAWeapons/status/1573257821952610305","2023-11-16",104,6541,3,"7-10465413","11/16/2023"
"7269","Russia","Russia","37 R-149MA3 command and staff vehicle","captured","https://i.postimg.cc/nr0DG6X5/1005-btr80.jpg","2023-11-16",104,6542,3,"7-10465423","11/16/2023"
"7270","Russia","Russia","37 R-149MA3 command and staff vehicle","captured","https://i.postimg.cc/W1WjD1TZ/1009-R-149-MA3-capt.jpg","2023-11-16",104,6543,3,"7-10465433","11/16/2023"
"7271","Russia","Russia","37 R-149MA3 command and staff vehicle","damaged","https://i.postimg.cc/qvy9mBSj/1013-R-149-MA3-dmg-capt.jpg","2023-11-16",104,6544,2,"7-10465442","11/16/2023"
"7272","Russia","Russia","37 R-149MA3 command and staff vehicle","captured","https://i.postimg.cc/qvy9mBSj/1013-R-149-MA3-dmg-capt.jpg","2023-11-16",104,6544,3,"7-10465443","11/16/2023"
"7273","Russia","Russia","37 R-149MA3 command and staff vehicle","captured","https://i.postimg.cc/PfzSb7j5/1012-r149ma3-capt-28-12-22.jpg","2023-11-16",104,6545,3,"7-10465453","11/16/2023"
"7274","Russia","Russia","APE-5 command post","destroyed","https://i.postimg.cc/7Z2Hzzzv/ad9.jpg","2023-11-16",105,6546,1,"7-10565461","11/16/2023"
"7275","Russia","Russia","APE-5 command post","destroyed","https://i.postimg.cc/7hRs911J/544.jpg","2023-11-16",105,6547,1,"7-10565471","11/16/2023"
"7276","Russia","Russia","APE-5 command post","destroyed","https://i.postimg.cc/kMfBF10F/43f.png","2023-11-16",105,6548,1,"7-10565481","11/16/2023"
"7277","Russia","Russia","APE-5 command post","destroyed","https://i.postimg.cc/HLqqKPYs/1022-APE-5-destr-25-01-23.jpg","2023-11-16",105,6549,1,"7-10565491","11/16/2023"
"7278","Russia","Russia","APE-5 command post","destroyed","https://i.postimg.cc/xTqNvSBF/1006-ape5-destr-05-03-23.jpg","2023-11-16",105,6550,1,"7-10565501","11/16/2023"
"7279","Russia","Russia","2 MSh-5350.1 command vehicle","destroyed","https://i.postimg.cc/6QBZwyJs/1301-MSH-5350-1-destr-14-09-22.jpg","2023-11-16",106,6551,1,"7-10665511","11/16/2023"
"7280","Russia","Russia","2 MSh-5350.1 command vehicle","captured","https://i.postimg.cc/SKbSYcM9/1009.jpg","2023-11-16",106,6552,3,"7-10665523","11/16/2023"
"7281","Russia","Russia","9S470M1 (or variant thereof) command post (for Buk-M1/2)","destroyed","https://i.postimg.cc/PJDSZJgG/46.png","2023-11-16",107,6553,1,"7-10765531","11/16/2023"
"7282","Russia","Russia","9S470M1 (or variant thereof) command post (for Buk-M1/2)","captured","https://i.postimg.cc/yYjsPKKR/2022-04-20-9-S470-M1.jpg","2023-11-16",107,6554,3,"7-10765543","11/16/2023"
"7283","Russia","Russia","Barnaul-T 9?932-1 automated system for air defence units","destroyed","https://i.postimg.cc/FRsz7F88/2022-04-03-barnaul-t.jpg","2023-11-16",108,6555,1,"7-10865551","11/16/2023"
"7284","Russia","Russia","Barnaul-T 9?932-1 automated system for air defence units","destroyed","https://i.postimg.cc/bvMbDdtk/1026-9-S932-1-Barnaul-T-destr-16-03-23.jpg","2023-11-16",108,6556,1,"7-10865561","11/16/2023"
"7285","Russia","Russia","Barnaul-T 9?932-1 automated system for air defence units","captured","https://i.postimg.cc/PqBBRwbf/557.png","2023-11-16",108,6557,3,"7-10865573","11/16/2023"
"7286","Russia","Russia","Barnaul-T 9?932-1 automated system for air defence units","captured","https://i.postimg.cc/7ZVjPfT2/3217.png","2023-11-16",108,6558,3,"7-10865583","11/16/2023"
"7287","Russia","Russia","Barnaul-T 9?932-1 automated system for air defence units","captured","https://i.postimg.cc/VL6shSr2/357.jpg","2023-11-16",108,6559,3,"7-10865593","11/16/2023"
"7288","Russia","Russia","Barnaul-T 9?932-1 automated system for air defence units","captured","https://i.postimg.cc/xqDwqCrN/887.jpg","2023-11-16",108,6560,3,"7-10865603","11/16/2023"
"7289","Russia","Russia","9S932-2 intelligence, control and command vehicle (for Barnaul-T)","captured","https://i.postimg.cc/sgRgNPnP/1001-9-S932-2.jpg","2023-11-16",109,6561,3,"7-10965613","11/16/2023"
"7290","Russia","Russia","1 Command vehicle for Podlet-K1 low-altitude S-band surveillance radar","destroyed","https://twitter.com/UAWeapons/status/1549523824521216002","2023-11-16",110,6562,1,"7-11065621","11/16/2023"
"7291","Russia","Russia","1 55K6A command post for S-400","destroyed","https://twitter.com/UAWeapons/status/1663600729775554561","2023-11-16",111,6563,1,"7-11165631","11/16/2023"
"7292","Russia","Russia","19 R-149AKSh-1 command and signals vehicle","destroyed","https://i.postimg.cc/WpDRMDHx/v2.jpg","2023-11-16",112,6564,1,"7-11265641","11/16/2023"
"7293","Russia","Russia","19 R-149AKSh-1 command and signals vehicle","destroyed","https://i.postimg.cc/4dS5fxv9/v1.jpg","2023-11-16",112,6565,1,"7-11265651","11/16/2023"
"7294","Russia","Russia","19 R-149AKSh-1 command and signals vehicle","destroyed","https://i.postimg.cc/prT5CBM4/kammazz.jpg","2023-11-16",112,6566,1,"7-11265661","11/16/2023"
"7295","Russia","Russia","19 R-149AKSh-1 command and signals vehicle","destroyed","https://i.postimg.cc/Rhhng7p9/4r.png","2023-11-16",112,6567,1,"7-11265671","11/16/2023"
"7296","Russia","Russia","19 R-149AKSh-1 command and signals vehicle","destroyed","https://i.postimg.cc/zDKVsQR4/3d11.png","2023-11-16",112,6568,1,"7-11265681","11/16/2023"
"7297","Russia","Russia","19 R-149AKSh-1 command and signals vehicle","destroyed","https://twitter.com/UAWeapons/status/1551216224897581057","2023-11-16",112,6569,1,"7-11265691","11/16/2023"
"7298","Russia","Russia","19 R-149AKSh-1 command and signals vehicle","destroyed","https://i.postimg.cc/Z5TPPcw0/1006-R-149-AKSh-1-destr.jpg","2023-11-16",112,6570,1,"7-11265701","11/16/2023"
"7299","Russia","Russia","19 R-149AKSh-1 command and signals vehicle","destroyed","https://i.postimg.cc/1z5kr9J8/1008-R-149-AKSh-1-destr.jpg","2023-11-16",112,6571,1,"7-11265711","11/16/2023"
"7300","Russia","Russia","19 R-149AKSh-1 command and signals vehicle","destroyed","https://i.postimg.cc/x8FsTJkb/1006-R-149-AKSh-1-destr-08-01-23.jpg","2023-11-16",112,6572,1,"7-11265721","11/16/2023"
"7301","Russia","Russia","19 R-149AKSh-1 command and signals vehicle","destroyed","https://i.postimg.cc/yxCQ91hw/1001-kamaz6x6-2x.jpg","2023-11-16",112,6573,1,"7-11265731","11/16/2023"
"7302","Russia","Russia","19 R-149AKSh-1 command and signals vehicle","destroyed","https://i.postimg.cc/W32GqM9G/1030-R-149-AKSH-1-destr-19-02-23.jpg","2023-11-16",112,6574,1,"7-11265741","11/16/2023"
"7303","Russia","Russia","19 R-149AKSh-1 command and signals vehicle","destroyed","https://i.postimg.cc/Kv3gbp55/5576.png","2023-11-16",112,6575,1,"7-11265751","11/16/2023"
"7304","Russia","Russia","19 R-149AKSh-1 command and signals vehicle","destroyed","https://i.postimg.cc/D02wqpGj/1011-R-149-AKSh-1-destr-29-03-23.jpg","2023-11-16",112,6576,1,"7-11265761","11/16/2023"
"7305","Russia","Russia","19 R-149AKSh-1 command and signals vehicle","destroyed","https://i.postimg.cc/N01mLvFL/3322.png","2023-11-16",112,6577,1,"7-11265771","11/16/2023"
"7306","Russia","Russia","19 R-149AKSh-1 command and signals vehicle","destroyed","https://i.postimg.cc/PJDztYXh/1040-R-149-AKSh-1-command-and-staff-vehicle-destr-16-05-23.jpg","2023-11-16",112,6578,1,"7-11265781","11/16/2023"
"7307","Russia","Russia","19 R-149AKSh-1 command and signals vehicle","destroyed","https://twitter.com/naalsio26/status/1678943074368536577","2023-11-16",112,2846,1,"7-11228461","11/16/2023"
"7308","Russia","Russia","19 R-149AKSh-1 command and signals vehicle","damaged","https://i.postimg.cc/W16X8ZmR/1028-R149-AKSh-1-dam-04-11-23.jpg","2023-11-16",112,6579,2,"7-11265792","11/16/2023"
"7309","Russia","Russia","19 R-149AKSh-1 command and signals vehicle","captured","https://twitter.com/UAWeapons/status/1567925068134506496","2023-11-16",112,6580,3,"7-11265803","11/16/2023"
"7310","Russia","Russia","1 R-149BMRg command and signals vehicle","destroyed","https://twitter.com/naalsio26/status/1680758845633691648","2023-11-16",113,2540,1,"7-11325401","11/16/2023"
"7311","Russia","Russia","1 R-161 signals vehicle","destroyed","https://i.postimg.cc/c49bGDKC/1028-R-161-radio-station-destr-22-06-23.jpg","2023-11-16",114,6581,1,"7-11465811","11/16/2023"
"7312","Russia","Russia","R-166-0.5 signals vehicle","destroyed","https://i.postimg.cc/65sVfNzw/57.png","2023-11-16",115,6582,1,"7-11565821","11/16/2023"
"7313","Russia","Russia","R-166-0.5 signals vehicle","destroyed","https://i.postimg.cc/9QXKsSGy/43888.png","2023-11-16",115,6583,1,"7-11565831","11/16/2023"
"7314","Russia","Russia","R-166-0.5 signals vehicle","destroyed","https://i.postimg.cc/MTSHrP8k/56.png","2023-11-16",115,6584,1,"7-11565841","11/16/2023"
"7315","Russia","Russia","R-166-0.5 signals vehicle","destroyed","https://i.postimg.cc/mrPwppT2/3e.jpg","2023-11-16",115,6585,1,"7-11565851","11/16/2023"
"7316","Russia","Russia","R-166-0.5 signals vehicle","destroyed","https://i.postimg.cc/4x9D2k4v/377.png","2023-11-16",115,6586,1,"7-11565861","11/16/2023"
"7317","Russia","Russia","R-166-0.5 signals vehicle","destroyed","https://i.postimg.cc/JnHJv3H4/1006-R-166-0-5.jpg","2023-11-16",115,6587,1,"7-11565871","11/16/2023"
"7318","Russia","Russia","R-166-0.5 signals vehicle","destroyed","https://i.postimg.cc/90yCPKKv/1088-R-166-0-5.jpg","2023-11-16",115,6588,1,"7-11565881","11/16/2023"
"7319","Russia","Russia","R-166-0.5 signals vehicle","destroyed","https://twitter.com/Danspiun/status/1569384896899997699","2023-11-16",115,6589,1,"7-11565891","11/16/2023"
"7320","Russia","Russia","R-166-0.5 signals vehicle","destroyed","https://postimg.cc/3W9VWgDQ","2023-11-16",115,6590,1,"7-11565901","11/16/2023"
"7321","Russia","Russia","R-166-0.5 signals vehicle","destroyed","https://i.postimg.cc/bvH982yp/1001-Destroyed-R-166-0-5-signals-vehicle.jpg","2023-11-16",115,6591,1,"7-11565911","11/16/2023"
"7322","Russia","Russia","R-166-0.5 signals vehicle","destroyed","https://i.postimg.cc/7YDKWNBF/1001-R-166-0-5-destr.jpg","2023-11-16",115,6592,1,"7-11565921","11/16/2023"
"7323","Russia","Russia","R-166-0.5 signals vehicle","destroyed","https://i.postimg.cc/VvddNBRZ/1501.png","2023-11-16",115,6593,1,"7-11565931","11/16/2023"
"7324","Russia","Russia","R-166-0.5 signals vehicle","destroyed","https://twitter.com/UAWeapons/status/1591808737035096065","2023-11-16",115,56,1,"7-115561","11/16/2023"
"7325","Russia","Russia","R-166-0.5 signals vehicle","destroyed","https://i.postimg.cc/tJx9m3tn/1008-R-166-0-5-signals-vehicle-destr.jpg","2023-11-16",115,6594,1,"7-11565941","11/16/2023"
"7326","Russia","Russia","R-166-0.5 signals vehicle","destroyed","https://i.postimg.cc/3xbDSXsG/1032-R-166-Artek-destr-27-02-22.jpg","2023-11-16",115,6595,1,"7-11565951","11/16/2023"
"7327","Russia","Russia","R-166-0.5 signals vehicle","destroyed","https://i.postimg.cc/DyM4sHc5/21.jpg","2023-11-16",115,6596,1,"7-11565961","11/16/2023"
"7328","Russia","Russia","R-166-0.5 signals vehicle","destroyed","https://i.postimg.cc/8zTY42Q7/144.png","2023-11-16",115,6597,1,"7-11565971","11/16/2023"
"7329","Russia","Russia","R-166-0.5 signals vehicle","captured","https://i.postimg.cc/SsXX4WkW/2022-03-30-r-166.jpg","2023-11-16",115,6598,3,"7-11565983","11/16/2023"
"7330","Russia","Russia","R-166-0.5 signals vehicle","captured","https://i.postimg.cc/hj09FC87/5542.png","2023-11-16",115,6599,3,"7-11565993","11/16/2023"
"7331","Russia","Russia","R-166-0.5 signals vehicle","captured","https://postlmg.cc/SXJDzN7W","2023-11-16",115,6600,3,"7-11566003","11/16/2023"
"7332","Russia","Russia","R-166-0.5 signals vehicle","captured","https://i.postimg.cc/TwvP9pkB/676.jpg","2023-11-16",115,6601,3,"7-11566013","11/16/2023"
"7333","Russia","Russia","R-166-0.5 signals vehicle","captured","https://i.postimg.cc/nVQL8gps/474.jpg","2023-11-16",115,6602,3,"7-11566023","11/16/2023"
"7334","Russia","Russia","R-166-0.5 signals vehicle","captured","https://postimg.cc/zyFBRqf5","2023-11-16",115,6603,3,"7-11566033","11/16/2023"
"7335","Russia","Russia","1 P-240 digital communications vehicle","destroyed","https://i.postimg.cc/zvxJnqxj/1000-P-240-DA-destr-02-01-23.jpg","2023-11-16",116,6604,1,"7-11666041","11/16/2023"
"7336","Russia","Russia","1 P-260 Redut-2US communication system","destroyed","https://i.postimg.cc/4djvx2R9/1004-Redut-2-US-mobile-communication-system.jpg","2023-11-16",117,6605,1,"7-11766051","11/16/2023"
"7337","Russia","Russia","P-260-U signals vehicle (for Redut-2US signal and communications system)","captured","https://i.postimg.cc/593fccyW/36h.png","2023-11-16",118,6606,3,"7-11866063","11/16/2023"
"7338","Russia","Russia","P-260-U signals vehicle (for Redut-2US signal and communications system)","destroyed","https://i.postimg.cc/593fccyW/36h.png","2023-11-16",118,6606,1,"7-11866061","11/16/2023"
"7339","Russia","Russia","2 R-431AM antenna module for the Redut-2US communications system","destroyed","https://i.postimg.cc/qvgQTMCN/1023-R-431-AM-antenna-module-for-the-Redut-2-US-communications-system-destr-01-12-22.jpg","2023-11-16",119,6607,1,"7-11966071","11/16/2023"
"7340","Russia","Russia","2 R-431AM antenna module for the Redut-2US communications system","destroyed","https://i.postimg.cc/G3YSrDs7/1021-R-431-AM-antenna-module-for-the-Redut-2-US-communications-system-destr-08-12-22.png","2023-11-16",119,6608,1,"7-11966081","11/16/2023"
"7341","Russia","Russia","3 R-419L1 communications station","destroyed","https://i.postimg.cc/SQ69cYqp/1000-R-419-L1.jpg","2023-11-16",120,6609,1,"7-12066091","11/16/2023"
"7342","Russia","Russia","3 R-419L1 communications station","destroyed","https://i.postimg.cc/9fPsJpYT/2022-02-26-R-149-L1-abandoned-and-destroyed-Horodnya.jpg","2023-11-16",120,6610,1,"7-12066101","11/16/2023"
"7343","Russia","Russia","3 R-419L1 communications station","destroyed","https://twitter.com/bayraktar_1love/status/1720475987761107278","2023-11-16",120,6611,1,"7-12066111","11/16/2023"
"7344","Russia","Russia","10 MP-1IM signals vehicle","destroyed","https://i.postimg.cc/9fvZ5KjZ/4.png","2023-11-16",121,6612,1,"7-12166121","11/16/2023"
"7345","Russia","Russia","10 MP-1IM signals vehicle","destroyed","https://i.postimg.cc/R03jg7cR/2022-09-28-mp-1-2im.jpg","2023-11-16",121,6613,1,"7-12166131","11/16/2023"
"7346","Russia","Russia","10 MP-1IM signals vehicle","destroyed","https://i.postimg.cc/mZjs3KJK/1007-MP-1-IM-destr.jpg","2023-11-16",121,6614,1,"7-12166141","11/16/2023"
"7347","Russia","Russia","10 MP-1IM signals vehicle","destroyed","https://i.postimg.cc/RZRTd3jc/2022-09-18-R-149-MA1.jpg","2023-11-16",121,6615,1,"7-12166151","11/16/2023"
"7348","Russia","Russia","10 MP-1IM signals vehicle","destroyed","https://i.postimg.cc/d3pZQKHB/1019-MP-1-IM-Signals-vehicle.jpg","2023-11-16",121,6616,1,"7-12166161","11/16/2023"
"7349","Russia","Russia","10 MP-1IM signals vehicle","destroyed","https://i.postimg.cc/wjHLCvsf/1006-MP-1-IM-destr.jpg","2023-11-16",121,6617,1,"7-12166171","11/16/2023"
"7350","Russia","Russia","10 MP-1IM signals vehicle","destroyed","https://i.postimg.cc/ydBkYrBR/1500-MP-1-IM-signals-vehicle-destr-01-05-22.jpg","2023-11-16",121,6618,1,"7-12166181","11/16/2023"
"7351","Russia","Russia","10 MP-1IM signals vehicle","captured","https://twitter.com/UAWeapons/status/1569418448588922886","2023-11-16",121,6619,3,"7-12166193","11/16/2023"
"7352","Russia","Russia","10 MP-1IM signals vehicle","captured","https://i.postimg.cc/HnjLqcJ3/1000-MP-1-IM-signals-vehicle.jpg","2023-11-16",121,6620,3,"7-12166203","11/16/2023"
"7353","Russia","Russia","10 MP-1IM signals vehicle","captured","https://i.postimg.cc/cJyjh6cw/1023-MP-1-IM-capt.jpg","2023-11-16",121,6621,3,"7-12166213","11/16/2023"
"7354","Russia","Russia","2 MP-2IM signals vehicle","destroyed","https://i.postimg.cc/wM1CmTC8/b89.png","2023-11-16",122,6622,1,"7-12266221","11/16/2023"
"7355","Russia","Russia","2 MP-2IM signals vehicle","captured","https://i.postimg.cc/3rcMRpWJ/1025-r149ma1.jpg","2023-11-16",122,6623,3,"7-12266233","11/16/2023"
"7356","Russia","Russia","2 R-439-MD2 SatCom Station","destroyed","https://i.postimg.cc/YqR0zD6k/1004-R-439-MD2-Sat-Com-Station.jpg","2023-11-16",123,6624,1,"7-12366241","11/16/2023"
"7357","Russia","Russia","2 R-439-MD2 SatCom Station","destroyed","https://i.postimg.cc/jjkTYvp7/1009-p-439.jpg","2023-11-16",123,6625,1,"7-12366251","11/16/2023"
"7358","Russia","Russia","1 R-441 SatCom station","destroyed","https://i.postimg.cc/KjnC1xzq/1005-R-441-satcom-station-destr.jpg","2023-11-16",124,6626,1,"7-12466261","11/16/2023"
"7359","Russia","Russia","3 Auriga-1.2V portable satellite communications station","destroyed","https://twitter.com/UAWeapons/status/1561761610653384707","2023-11-16",125,6627,1,"7-12566271","11/16/2023"
"7360","Russia","Russia","3 Auriga-1.2V portable satellite communications station","destroyed","https://i.postimg.cc/ZqksgZ0G/1030-r448-auriga-destr-08-02-23.jpg","2023-11-16",125,6628,1,"7-12566281","11/16/2023"
"7361","Russia","Russia","3 Auriga-1.2V portable satellite communications station","captured","https://i.postimg.cc/K89Wbk54/1009-auriga-1-2.jpg","2023-11-16",125,6629,3,"7-12566293","11/16/2023"
"7362","Russia","Russia","R-381T2M radio monitoring station from a modernised R-381TM Taran-M automatic signals intelligence complex","destroyed","https://twitter.com/naalsio26/status/1643424559280816129","2023-11-16",126,6630,1,"7-12666301","11/16/2023"
"7363","Russia","Russia","R-381T2M radio monitoring station from a modernised R-381TM Taran-M automatic signals intelligence complex","destroyed","https://i.postimg.cc/HWhzL6F9/1030-R-381-T2-M-monitoring-stations-for-Taran-M-destr-3-11.jpg","2023-11-16",126,6631,1,"7-12666311","11/16/2023"
"7364","Russia","Russia","R-381T2M radio monitoring station from a modernised R-381TM Taran-M automatic signals intelligence complex","destroyed","https://postimg.cc/DJZGQnVb","2023-11-16",126,6632,1,"7-12666321","11/16/2023"
"7365","Russia","Russia","R-381T2M radio monitoring station from a modernised R-381TM Taran-M automatic signals intelligence complex","destroyed","https://postimg.cc/NyN9jSyG","2023-11-16",126,6633,1,"7-12666331","11/16/2023"
"7366","Russia","Russia","R-381T2M radio monitoring station from a modernised R-381TM Taran-M automatic signals intelligence complex","captured","https://twitter.com/UAWeapons/status/1570456587575218176","2023-11-16",126,6634,3,"7-12666343","11/16/2023"
"7367","Russia","Russia","1 Orlan-10 UAV control station","destroyed","https://i.postimg.cc/wB9ScbPQ/1003-orlan-UAV-control-station-destr.jpg","2023-11-16",127,6635,1,"7-12766351","11/16/2023"
"7368","Russia","Russia","1 Lancet loitering munition launcher and control station","destroyed","https://i.postimg.cc/Jh3ZJvRs/7648.png","2023-11-16",128,6636,1,"7-12866361","11/16/2023"
"7369","Russia","Russia","P-230T command vehicle","destroyed","https://i.postimg.cc/zXnF2gfV/446.jpg","2023-11-16",129,6637,1,"7-12966371","11/16/2023"
"7370","Russia","Russia","P-230T command vehicle","destroyed","https://i.postimg.cc/nchfXYJw/1005-P-230-T-command-vehicle-destr-01-07-22.jpg","2023-11-16",129,6638,1,"7-12966381","11/16/2023"
"7371","Russia","Russia","P-230T command vehicle","destroyed","https://i.postimg.cc/mkV8pH0k/465.png","2023-11-16",129,6639,1,"7-12966391","11/16/2023"
"7372","Russia","Russia","1 MPUS-K mobile command post","destroyed","https://i.postimg.cc/GhpnHTL5/448.png","2023-11-16",130,6640,1,"7-13066401","11/16/2023"
"7373","Russia","Russia","Unknown communications station based on the KamAZ 6x6","destroyed","https://i.postimg.cc/nz96tZjZ/665.jpg","2023-11-16",131,6641,1,"7-13166411","11/16/2023"
"7374","Russia","Russia","Unknown communications station based on the KamAZ 6x6","destroyed","https://i.postimg.cc/dQ9WZJqg/5g.jpg","2023-11-16",131,6642,1,"7-13166421","11/16/2023"
"7375","Russia","Russia","Unknown communications station based on the KamAZ 6x6","destroyed","https://i.postimg.cc/FKjdyfpS/1006.jpg","2023-11-16",131,6643,1,"7-13166431","11/16/2023"
"7376","Russia","Russia","Unknown communications station based on the KamAZ 6x6","destroyed","https://i.postimg.cc/X7nH9fx0/1028.jpg","2023-11-16",131,6644,1,"7-13166441","11/16/2023"
"7377","Russia","Russia","Unknown communications station based on the KamAZ 6x6","destroyed","https://i.postimg.cc/L6vyDJ0g/1029.jpg","2023-11-16",131,6645,1,"7-13166451","11/16/2023"
"7378","Russia","Russia","1 Unknown UAV control station","destroyed","https://twitter.com/UAWeapons/status/1711812998359060514","2023-11-16",132,6646,1,"7-13266461","11/16/2023"
"7379","Russia","Russia","Unknown communications station","destroyed","https://i.postimg.cc/43B99JVP/57.png","2023-11-16",133,6647,1,"7-13366471","11/16/2023"
"7380","Russia","Russia","1 Unknown command vehicle on GAZ Tigr chassis","destroyed","https://i.postimg.cc/0QNftXSs/1048-Unknown-command-vehicle-on-GAZ-Tigr-chassis-destr-28-02-23.jpg","2023-11-16",134,6648,1,"7-13466481","11/16/2023"
"7381","Russia","Soviet Union","UR-67 mine clearing charge on BTR-D APC","captured","https://i.postimg.cc/RZ6Qvh6C/4689.png","2023-11-16",135,6649,3,"7-13566493","11/16/2023"
"7382","Russia","Soviet Union","UR-77 'Meteorit' mine clearing vehicle","destroyed","https://i.postimg.cc/JnHjSKMn/d1g.png","2023-11-16",136,6650,1,"7-13666501","11/16/2023"
"7383","Russia","Soviet Union","UR-77 'Meteorit' mine clearing vehicle","destroyed","https://i.postimg.cc/kXgfzxLc/18.png","2023-11-16",136,6651,1,"7-13666511","11/16/2023"
"7384","Russia","Soviet Union","UR-77 'Meteorit' mine clearing vehicle","destroyed","https://twitter.com/UAWeapons/status/1627230060926185472","2023-11-16",136,6652,1,"7-13666521","11/16/2023"
"7385","Russia","Soviet Union","UR-77 'Meteorit' mine clearing vehicle","destroyed","https://twitter.com/UAWeapons/status/1582491195162230785","2023-11-16",136,6653,1,"7-13666531","11/16/2023"
"7386","Russia","Soviet Union","UR-77 'Meteorit' mine clearing vehicle","destroyed","https://i.postimg.cc/3Nx2T1f1/1014-ur77-destr.jpg","2023-11-16",136,6654,1,"7-13666541","11/16/2023"
"7387","Russia","Soviet Union","UR-77 'Meteorit' mine clearing vehicle","destroyed","https://i.postimg.cc/66by3zxk/1016-ur77-destr-06-02-23.jpg","2023-11-16",136,6655,1,"7-13666551","11/16/2023"
"7388","Russia","Soviet Union","UR-77 'Meteorit' mine clearing vehicle","destroyed","https://twitter.com/UAWeapons/status/1624106002944491521","2023-11-16",136,6656,1,"7-13666561","11/16/2023"
"7389","Russia","Soviet Union","UR-77 'Meteorit' mine clearing vehicle","destroyed","https://i.postimg.cc/3Nh8kBC3/1024-ur77-destr-15-03-22.jpg","2023-11-16",136,6657,1,"7-13666571","11/16/2023"
"7390","Russia","Soviet Union","UR-77 'Meteorit' mine clearing vehicle","destroyed","https://i.postimg.cc/grbP7mrK/1013-ur77-destr-20-03-23.jpg","2023-11-16",136,6658,1,"7-13666581","11/16/2023"
"7391","Russia","Soviet Union","UR-77 'Meteorit' mine clearing vehicle","destroyed","https://i.postimg.cc/Gt75QDYq/1018-ur77-destr-06-06-23.jpg","2023-11-16",136,6659,1,"7-13666591","11/16/2023"
"7392","Russia","Soviet Union","UR-77 'Meteorit' mine clearing vehicle","destroyed","https://twitter.com/UAWeapons/status/1691088581513678848","2023-11-16",136,6660,1,"7-13666601","11/16/2023"
"7393","Russia","Soviet Union","UR-77 'Meteorit' mine clearing vehicle","destroyed","https://twitter.com/UAWeapons/status/1709652270546104451","2023-11-16",136,6661,1,"7-13666611","11/16/2023"
"7394","Russia","Soviet Union","UR-77 'Meteorit' mine clearing vehicle","destroyed","https://i.postimg.cc/5tmS9XQK/1002-btr80-destr-11-10-23.jpg","2023-11-16",136,5935,1,"7-13659351","11/16/2023"
"7395","Russia","Soviet Union","UR-77 'Meteorit' mine clearing vehicle","destroyed","https://i.postimg.cc/W1Xf9h6W/1028-ur77-destr-18-10-23.jpg","2023-11-16",136,6662,1,"7-13666621","11/16/2023"
"7396","Russia","Soviet Union","UR-77 'Meteorit' mine clearing vehicle","abandoned","https://i.postimg.cc/kg2sTMNt/874.jpg","2023-11-16",136,6663,4,"7-13666634","11/16/2023"
"7397","Russia","Soviet Union","UR-77 'Meteorit' mine clearing vehicle","captured","https://i.postimg.cc/cCYk2x7p/3v.png","2023-11-16",136,6664,3,"7-13666643","11/16/2023"
"7398","Russia","Soviet Union","UR-77 'Meteorit' mine clearing vehicle","captured","https://i.postimg.cc/LsvJmvb8/d23.png","2023-11-16",136,6665,3,"7-13666653","11/16/2023"
"7399","Russia","Soviet Union","UR-77 'Meteorit' mine clearing vehicle","captured","https://i.postimg.cc/L5KQWwN3/dfg.png","2023-11-16",136,6666,3,"7-13666663","11/16/2023"
"7400","Russia","Soviet Union","UR-77 'Meteorit' mine clearing vehicle","captured","https://i.postimg.cc/hth2jxzy/2o9.jpg","2023-11-16",136,6667,3,"7-13666673","11/16/2023"
"7401","Russia","Soviet Union","UR-77 'Meteorit' mine clearing vehicle","captured","https://i.postimg.cc/2SKG8Qg0/4311.png","2023-11-16",136,6668,3,"7-13666683","11/16/2023"
"7402","Russia","Soviet Union","UR-77 'Meteorit' mine clearing vehicle","captured","https://i.postimg.cc/26TxxR9z/7790.png","2023-11-16",136,6669,3,"7-13666693","11/16/2023"
"7403","Russia","Soviet Union","UR-77 'Meteorit' mine clearing vehicle","captured","https://i.postimg.cc/q7kqm4Cq/1004-UR77.jpg","2023-11-16",136,6670,3,"7-13666703","11/16/2023"
"7404","Russia","Soviet Union","UR-77 'Meteorit' mine clearing vehicle","captured","https://twitter.com/Blue_Sauron/status/1568895598777991169","2023-11-16",136,1659,3,"7-13616593","11/16/2023"
"7405","Russia","Soviet Union","UR-77 'Meteorit' mine clearing vehicle","captured","https://i.postimg.cc/4xqQS0vN/1022-ur77.jpg","2023-11-16",136,6671,3,"7-13666713","11/16/2023"
"7406","Russia","Soviet Union","UR-77 'Meteorit' mine clearing vehicle","captured","https://twitter.com/UAWeapons/status/1570342741913268225","2023-11-16",136,2719,3,"7-13627193","11/16/2023"
"7407","Russia","Soviet Union","UR-77 'Meteorit' mine clearing vehicle","captured","https://twitter.com/UAWeapons/status/1572936489314426883","2023-11-16",136,2728,3,"7-13627283","11/16/2023"
"7408","Russia","Soviet Union","UR-77 'Meteorit' mine clearing vehicle","captured","https://twitter.com/UAWeapons/status/1573697820699271168","2023-11-16",136,4478,3,"7-13644783","11/16/2023"
"7409","Russia","Soviet Union","UR-77 'Meteorit' mine clearing vehicle","captured","https://i.postimg.cc/jdxfxb87/1008-ur77-capt.jpg","2023-11-16",136,6672,3,"7-13666723","11/16/2023"
"7410","Russia","Soviet Union","UR-77 'Meteorit' mine clearing vehicle","captured","https://i.postimg.cc/NMwcbtgv/1008-ur77-capt.jpg","2023-11-16",136,6673,3,"7-13666733","11/16/2023"
"7411","Russia","Soviet Union","UR-77 'Meteorit' mine clearing vehicle","captured","https://i.postimg.cc/2jLkDDxH/2022-04-03-UR-77-captured-Chernihiv.jpg","2023-11-16",136,6674,3,"7-13666743","11/16/2023"
"7412","Russia","Soviet Union","UR-77 'Meteorit' mine clearing vehicle","captured","https://i.postimg.cc/v85hmJD4/1002-ur77-capt-31-03-22.jpg","2023-11-16",136,6675,3,"7-13666753","11/16/2023"
"7413","Russia","Soviet Union","UR-77 'Meteorit' mine clearing vehicle","captured","https://i.postimg.cc/rppvJs6P/jj.jpg","2023-11-16",136,6676,3,"7-13666763","11/16/2023"
"7414","Russia","Soviet Union","GMZ-3 minelayer","destroyed","https://i.postimg.cc/1zpMBP7R/1020-gmz-3-destr-24-04-23.jpg","2023-11-16",137,6677,1,"7-13766771","11/16/2023"
"7415","Russia","Soviet Union","GMZ-3 minelayer","captured","https://i.postimg.cc/wTmtwnYL/f79.png","2023-11-16",137,6678,3,"7-13766783","11/16/2023"
"7416","Russia","Soviet Union","GMZ-3 minelayer","captured","https://i.postimg.cc/NMCsWzrC/1015-GMZ3.jpg","2023-11-16",137,6679,3,"7-13766793","11/16/2023"
"7417","Russia","Soviet Union","GMZ-3 minelayer","captured","https://i.postimg.cc/brJ9LqZW/1021-gmz3-capt.jpg","2023-11-16",137,6680,3,"7-13766803","11/16/2023"
"7418","Russia","Russia","9 RKhM-6 Povozka CBRN reconnaissance vehicle","destroyed","https://i.postimg.cc/NG8KrfS1/4315.png","2023-11-16",138,6681,1,"7-13866811","11/16/2023"
"7419","Russia","Russia","9 RKhM-6 Povozka CBRN reconnaissance vehicle","destroyed","https://i.postimg.cc/VN4xdbdL/489.png","2023-11-16",138,522,1,"7-1385221","11/16/2023"
"7420","Russia","Russia","9 RKhM-6 Povozka CBRN reconnaissance vehicle","destroyed","https://i.postimg.cc/Hkc4GppB/4436.png","2023-11-16",138,2039,1,"7-13820391","11/16/2023"
"7421","Russia","Russia","9 RKhM-6 Povozka CBRN reconnaissance vehicle","destroyed","https://i.postimg.cc/9FdrPZJD/1200-povozka-destr-02-03-22.jpg","2023-11-16",138,6682,1,"7-13866821","11/16/2023"
"7422","Russia","Russia","9 RKhM-6 Povozka CBRN reconnaissance vehicle","destroyed","https://twitter.com/UAWeapons/status/1569057880027832327","2023-11-16",138,4466,1,"7-13844661","11/16/2023"
"7423","Russia","Russia","9 RKhM-6 Povozka CBRN reconnaissance vehicle","destroyed","https://i.postimg.cc/9Q60Mz0L/2022-04-07-rkhm-6.jpg","2023-11-16",138,6683,1,"7-13866831","11/16/2023"
"7424","Russia","Russia","9 RKhM-6 Povozka CBRN reconnaissance vehicle","destroyed","https://i.postimg.cc/3J69bhXQ/1014-RKh-M-6-CBRN-reconnaissance-vehicle-destr-05-01-23.jpg","2023-11-16",138,6684,1,"7-13866841","11/16/2023"
"7425","Russia","Russia","9 RKhM-6 Povozka CBRN reconnaissance vehicle","destroyed","https://i.postimg.cc/g2hknppQ/1018-RKh-M-6-CBRN-destr-16-01-23.jpg","2023-11-16",138,6685,1,"7-13866851","11/16/2023"
"7426","Russia","Russia","9 RKhM-6 Povozka CBRN reconnaissance vehicle","captured","https://i.postimg.cc/05Ccf3yh/2022-10-05-rkhm-6.jpg","2023-11-16",138,6686,3,"7-13866863","11/16/2023"
"7427","Russia","Soviet Union","BAT-2 heavy engineering vehicle","destroyed","https://i.postimg.cc/vmBPJS7W/5570.png","2023-11-16",139,6687,1,"7-13966871","11/16/2023"
"7428","Russia","Soviet Union","BAT-2 heavy engineering vehicle","destroyed","https://i.postimg.cc/wMkkqNzn/77.jpg","2023-11-16",139,6688,1,"7-13966881","11/16/2023"
"7429","Russia","Soviet Union","BAT-2 heavy engineering vehicle","destroyed","https://twitter.com/UAWeapons/status/1536723515633713152","2023-11-16",139,6689,1,"7-13966891","11/16/2023"
"7430","Russia","Soviet Union","BAT-2 heavy engineering vehicle","damaged","https://i.postimg.cc/ZqMrGfJf/1001-BAT-2-dam-26-07-23.jpg","2023-11-16",139,6690,2,"7-13966902","11/16/2023"
"7431","Russia","Soviet Union","BAT-2 heavy engineering vehicle","damaged","https://i.postimg.cc/gc1ST6V3/1006-bat2-dam-17-10-23.jpg","2023-11-16",139,6691,2,"7-13966912","11/16/2023"
"7432","Russia","Soviet Union","BAT-2 heavy engineering vehicle","captured","https://i.postimg.cc/L43d0fPV/679.jpg","2023-11-16",139,6692,3,"7-13966923","11/16/2023"
"7433","Russia","Soviet Union","BAT-2 heavy engineering vehicle","captured","https://i.postimg.cc/MTt8ymNz/7j.jpg","2023-11-16",139,6693,3,"7-13966933","11/16/2023"
"7434","Russia","Soviet Union","BAT-2 heavy engineering vehicle","captured","https://postimg.cc/wtPXX08d","2023-11-16",139,6694,3,"7-13966943","11/16/2023"
"7435","Russia","Soviet Union","MDK-3 trench-digging vehicle","destroyed","https://i.postimg.cc/8CK2DQyr/1001-MDK-3-trench-digging-vehicle.jpg","2023-11-16",140,6695,1,"7-14066951","11/16/2023"
"7436","Russia","Soviet Union","MDK-3 trench-digging vehicle","damaged","https://i.postimg.cc/CL1PF9N1/1035-MDK-3-trench-digger-dam.jpg","2023-11-16",140,6696,2,"7-14066962","11/16/2023"
"7437","Russia","Soviet Union","MDK-3 trench-digging vehicle","captured","https://i.postimg.cc/V6MwNVdy/678.jpg","2023-11-16",140,6697,3,"7-14066973","11/16/2023"
"7438","Russia","Soviet Union","1 PZM-2 trench-digging vehicle","captured","https://i.postimg.cc/pTRdMqjT/2022-05-16-PZM-2.jpg","2023-11-16",141,6698,3,"7-14166983","11/16/2023"
"7439","Russia","Soviet Union","BTS-4A armoured recovery vehicle","captured","https://i.postimg.cc/YCpFWxWy/326.jpg","2023-11-16",142,6699,3,"7-14266993","11/16/2023"
"7440","Russia","Soviet Union","BTS-4A armoured recovery vehicle","damaged","https://i.postimg.cc/J4bcvNY5/1050-BTS-4-dam-15-05-23.jpg","2023-11-16",142,6700,2,"7-14267002","11/16/2023"
"7441","Russia","Soviet Union","BTS-4A armoured recovery vehicle","damaged","https://i.postimg.cc/R0LsJTcj/429.png","2023-11-16",142,6701,2,"7-14267012","11/16/2023"
"7442","Russia","Soviet Union","BTS-4A armoured recovery vehicle","abandoned","https://i.postimg.cc/8PqH77vz/3327.png","2023-11-16",142,6702,4,"7-14267024","11/16/2023"
"7443","Russia","Soviet Union","BREM-1 armoured recovery vehicle","destroyed","https://i.postimg.cc/h45Xz03k/g99.jpg","2023-11-16",143,6703,1,"7-14367031","11/16/2023"
"7444","Russia","Soviet Union","BREM-1 armoured recovery vehicle","destroyed","https://i.postimg.cc/3JtnQvpZ/1501-BREM-1-2.jpg","2023-11-16",143,6704,1,"7-14367041","11/16/2023"
"7445","Russia","Soviet Union","BREM-1 armoured recovery vehicle","destroyed","https://twitter.com/UAWeapons/status/1569405928914538496","2023-11-16",143,1371,1,"7-14313711","11/16/2023"
"7446","Russia","Soviet Union","BREM-1 armoured recovery vehicle","destroyed","https://i.postimg.cc/yNws36pc/67.jpg","2023-11-16",143,6705,1,"7-14367051","11/16/2023"
"7447","Russia","Soviet Union","BREM-1 armoured recovery vehicle","destroyed","https://i.postimg.cc/C15pzLHk/88.jpg","2023-11-16",143,6706,1,"7-14367061","11/16/2023"
"7448","Russia","Soviet Union","BREM-1 armoured recovery vehicle","destroyed","https://twitter.com/UAWeapons/status/1595762561525456902","2023-11-16",143,6707,1,"7-14367071","11/16/2023"
"7449","Russia","Soviet Union","BREM-1 armoured recovery vehicle","destroyed","https://i.postimg.cc/59BvMtdp/image.jpg","2023-11-16",143,6708,1,"7-14367081","11/16/2023"
"7450","Russia","Soviet Union","BREM-1 armoured recovery vehicle","destroyed","https://i.postimg.cc/PxWJBTHk/1025-brem1-destr.jpg","2023-11-16",143,6709,1,"7-14367091","11/16/2023"
"7451","Russia","Soviet Union","BREM-1 armoured recovery vehicle","destroyed","https://i.postimg.cc/x1LFRthJ/1010-brem1-destr-14-02-23.jpg","2023-11-16",143,6710,1,"7-14367101","11/16/2023"
"7452","Russia","Soviet Union","BREM-1 armoured recovery vehicle","destroyed","https://i.postimg.cc/9QsjhT0M/1004-BREM-1-destr-14-07-23.jpg","2023-11-16",143,6711,1,"7-14367111","11/16/2023"
"7453","Russia","Soviet Union","BREM-1 armoured recovery vehicle","destroyed","https://i.postimg.cc/BvDmnR05/1002-brem1-destr-08-08-23.jpg","2023-11-16",143,6712,1,"7-14367121","11/16/2023"
"7454","Russia","Soviet Union","BREM-1 armoured recovery vehicle","destroyed","https://i.postimg.cc/x8cFhPxH/1016-brem1-destr-16-08-23.jpg","2023-11-16",143,6713,1,"7-14367131","11/16/2023"
"7455","Russia","Soviet Union","BREM-1 armoured recovery vehicle","destroyed","https://i.postimg.cc/tTMxsKgy/117.png","2023-11-16",143,6714,1,"7-14367141","11/16/2023"
"7456","Russia","Soviet Union","BREM-1 armoured recovery vehicle","destroyed","https://i.postimg.cc/mDCK8nVD/1013-BREM-1-destr-21-08-23.jpg","2023-11-16",143,6715,1,"7-14367151","11/16/2023"
"7457","Russia","Soviet Union","BREM-1 armoured recovery vehicle","destroyed","https://i.postimg.cc/7PW7XRbR/1004-BREM-1-destr-24-08-23.jpg","2023-11-16",143,6716,1,"7-14367161","11/16/2023"
"7458","Russia","Soviet Union","BREM-1 armoured recovery vehicle","destroyed","https://i.postimg.cc/Kc5GxcZ9/4446.png","2023-11-16",143,6717,1,"7-14367171","11/16/2023"
"7459","Russia","Soviet Union","BREM-1 armoured recovery vehicle","destroyed","https://twitter.com/naalsio26/status/1704198281817923952","2023-11-16",143,6718,1,"7-14367181","11/16/2023"
"7460","Russia","Soviet Union","BREM-1 armoured recovery vehicle","destroyed","https://i.postimg.cc/pXk27McV/1018-BREM-1-destr-27-09-23.jpg","2023-11-16",143,6719,1,"7-14367191","11/16/2023"
"7461","Russia","Soviet Union","BREM-1 armoured recovery vehicle","destroyed","https://i.postimg.cc/zvrzmz1v/1031-BREM-1-armoured-recovery-vehicle-destr-28-09-23.jpg","2023-11-16",143,6720,1,"7-14367201","11/16/2023"
"7462","Russia","Soviet Union","BREM-1 armoured recovery vehicle","destroyed","https://i.postimg.cc/jqJ8mNFh/1019-brem1-destr-12-09-23.jpg","2023-11-16",143,6721,1,"7-14367211","11/16/2023"
"7463","Russia","Soviet Union","BREM-1 armoured recovery vehicle","destroyed","https://i.postimg.cc/GhNSWZr4/1028-BREM-1-destr-17-10-23.jpg","2023-11-16",143,6722,1,"7-14367221","11/16/2023"
"7464","Russia","Soviet Union","BREM-1 armoured recovery vehicle","destroyed","https://i.postimg.cc/sgh0swDw/1029-BREM-1-destr-17-10-23.jpg","2023-11-16",143,6723,1,"7-14367231","11/16/2023"
"7465","Russia","Soviet Union","BREM-1 armoured recovery vehicle","damaged","https://i.postimg.cc/DwFvf0H4/1016-BREM-1-BTR-82-A-T-72-A-T-72-B3-dam-aband-08-07-23.jpg","2023-11-16",143,183,2,"7-1431832","11/16/2023"
"7466","Russia","Soviet Union","BREM-1 armoured recovery vehicle","abandoned","https://i.postimg.cc/DwFvf0H4/1016-BREM-1-BTR-82-A-T-72-A-T-72-B3-dam-aband-08-07-23.jpg","2023-11-16",143,183,4,"7-1431834","11/16/2023"
"7467","Russia","Soviet Union","BREM-1 armoured recovery vehicle","abandoned","https://i.postimg.cc/yxvxyCTy/54.jpg","2023-11-16",143,6724,4,"7-14367244","11/16/2023"
"7468","Russia","Soviet Union","BREM-1 armoured recovery vehicle","abandoned","https://i.postimg.cc/ydK0fB0M/336.jpg","2023-11-16",143,6725,4,"7-14367254","11/16/2023"
"7469","Russia","Soviet Union","BREM-1 armoured recovery vehicle","abandoned","https://i.postimg.cc/X7M0NwP5/1017-t72b-and-brem1-aband-08-02-23.jpg","2023-11-16",143,428,4,"7-1434284","11/16/2023"
"7470","Russia","Soviet Union","BREM-1 armoured recovery vehicle","abandoned","https://i.postimg.cc/c4jBktHW/1028-brem1-aband-xx-08-22.jpg","2023-11-16",143,6726,4,"7-14367264","11/16/2023"
"7471","Russia","Soviet Union","BREM-1 armoured recovery vehicle","abandoned","https://i.postimg.cc/LsHhHGmp/1015-brem1-dam-aband-10-10-23.jpg","2023-11-16",143,6727,4,"7-14367274","11/16/2023"
"7472","Russia","Soviet Union","BREM-1 armoured recovery vehicle","abandoned","https://i.postimg.cc/SKWv4Wbb/1026-t72bobr22022-destr-t72b-brem1-mtlb-aband-31-10-23.jpg","2023-11-16",143,429,4,"7-1434294","11/16/2023"
"7473","Russia","Soviet Union","BREM-1 armoured recovery vehicle","captured","https://i.postimg.cc/jjCsCJcK/4f1.png","2023-11-16",143,6728,3,"7-14367283","11/16/2023"
"7474","Russia","Soviet Union","BREM-1 armoured recovery vehicle","captured","https://i.postimg.cc/nLpYNwFC/6612.jpg","2023-11-16",143,6729,3,"7-14367293","11/16/2023"
"7475","Russia","Soviet Union","BREM-1 armoured recovery vehicle","captured","https://i.postimg.cc/6QhDBD3N/43f.jpg","2023-11-16",143,6730,3,"7-14367303","11/16/2023"
"7476","Russia","Soviet Union","BREM-1 armoured recovery vehicle","captured","https://twitter.com/UAWeapons/status/1589365956450869248","2023-11-16",143,4974,3,"7-14349743","11/16/2023"
"7477","Russia","Soviet Union","BREM-1 armoured recovery vehicle","captured","https://i.postimg.cc/yxrD20wD/y6.jpg","2023-11-16",143,6731,3,"7-14367313","11/16/2023"
"7478","Russia","Soviet Union","BREM-1 armoured recovery vehicle","captured","https://i.postimg.cc/50T9QN8p/87.jpg","2023-11-16",143,6732,3,"7-14367323","11/16/2023"
"7479","Russia","Soviet Union","BREM-1 armoured recovery vehicle","captured","https://i.postimg.cc/SKgsHmDS/44360.png","2023-11-16",143,6733,3,"7-14367333","11/16/2023"
"7480","Russia","Soviet Union","BREM-1 armoured recovery vehicle","captured","https://twitter.com/UAWeapons/status/1568992480909205504","2023-11-16",143,3259,3,"7-14332593","11/16/2023"
"7481","Russia","Soviet Union","BREM-1 armoured recovery vehicle","captured","https://twitter.com/Blue_Sauron/status/1568895598777991169","2023-11-16",143,1659,3,"7-14316593","11/16/2023"
"7482","Russia","Soviet Union","BREM-1 armoured recovery vehicle","captured","https://i.postimg.cc/GtW8q9kw/378.png","2023-11-16",143,6734,3,"7-14367343","11/16/2023"
"7483","Russia","Soviet Union","BREM-1 armoured recovery vehicle","captured","https://i.postimg.cc/bJ9fVcz2/1000-brem-1.png","2023-11-16",143,6735,3,"7-14367353","11/16/2023"
"7484","Russia","Soviet Union","BREM-1 armoured recovery vehicle","captured","https://twitter.com/UAWeapons/status/1576871029003022336","2023-11-16",143,1681,3,"7-14316813","11/16/2023"
"7485","Russia","Soviet Union","BREM-1 armoured recovery vehicle","captured","https://i.postimg.cc/xdMVHsPy/1008-brem1-capt-23-02-23.jpg","2023-11-16",143,6736,3,"7-14367363","11/16/2023"
"7486","Russia","Soviet Union","BREM-1 armoured recovery vehicle","captured","https://i.postimg.cc/wMt3FKVK/1005-brem1-capt-16-06-23.jpg","2023-11-16",143,6737,3,"7-14367373","11/16/2023"
"7487","Russia","Soviet Union","BREM-1 armoured recovery vehicle","captured","https://i.postimg.cc/6qtF3QQ6/1025-BREM-1-capt-xx-xx-22.jpg","2023-11-16",143,6738,3,"7-14367383","11/16/2023"
"7488","Russia","Soviet Union","BREM-1 armoured recovery vehicle","captured","https://i.postimg.cc/J06KWRhW/460.png","2023-11-16",143,6739,3,"7-14367393","11/16/2023"
"7489","Russia","Soviet Union","BREM-2 armoured recovery vehicle","captured","https://i.postimg.cc/Tw3ZqJDG/5g55.jpg","2023-11-16",144,6740,3,"7-14467403","11/16/2023"
"7490","Russia","Czech Republic","BREM-Ch ''BREM-4'' armoured recovery vehicle","destroyed","https://i.postimg.cc/hv8CrPwZ/358.png","2023-11-16",145,6741,1,"7-14567411","11/16/2023"
"7491","Russia","Czech Republic","BREM-Ch ''BREM-4'' armoured recovery vehicle","destroyed","https://postimg.cc/CnYp9Ng0","2023-11-16",145,6742,1,"7-14567421","11/16/2023"
"7492","Russia","Czech Republic","BREM-Ch ''BREM-4'' armoured recovery vehicle","abandoned","https://i.postimg.cc/NjJtF5qR/4775.png","2023-11-16",145,6743,4,"7-14567434","11/16/2023"
"7493","Russia","Czech Republic","BREM-Ch ''BREM-4'' armoured recovery vehicle","captured","https://i.postimg.cc/q7tSgdkM/f32.jpg","2023-11-16",145,6744,3,"7-14567443","11/16/2023"
"7494","Russia","Russia","3 BREM-D armoured recovery vehicle","destroyed","https://i.postimg.cc/j2M9ZzYT/1072-BREM-D.jpg","2023-11-16",146,6745,1,"7-14667451","11/16/2023"
"7495","Russia","Russia","3 BREM-D armoured recovery vehicle","captured","https://i.postimg.cc/4d0VLM84/1009.jpg","2023-11-16",146,6746,3,"7-14667463","11/16/2023"
"7496","Russia","Russia","3 BREM-D armoured recovery vehicle","captured","https://i.postimg.cc/pd1sR5gb/1040-brem-d-capt-09-01-23.jpg","2023-11-16",146,6747,3,"7-14667473","11/16/2023"
"7497","Russia","Russia","BREM-K armoured recovery vehicle","destroyed","https://i.postimg.cc/263GCXsm/1018-BREM-K-ARV-destr-25-10-23.jpg","2023-11-16",147,6748,1,"7-14767481","11/16/2023"
"7498","Russia","Russia","BREM-K armoured recovery vehicle","captured","https://i.postimg.cc/mkmwnq7g/760.png","2023-11-16",147,6749,3,"7-14767493","11/16/2023"
"7499","Russia","Russia","BREM-K armoured recovery vehicle","captured","https://i.postimg.cc/QCTQ7QCg/Screenshot-8472.png","2023-11-16",147,6750,3,"7-14767503","11/16/2023"
"7500","Russia","Russia","BREM-K armoured recovery vehicle","captured","https://i.postimg.cc/vZx0n9Cw/1013-BREM-K-capt.jpg","2023-11-16",147,6751,3,"7-14767513","11/16/2023"
"7501","Russia","Russia","9 REM-KL recovery vehicle","destroyed","https://i.postimg.cc/6pqKy17t/arv.jpg","2023-11-16",148,6752,1,"7-14867521","11/16/2023"
"7502","Russia","Russia","9 REM-KL recovery vehicle","destroyed","https://i.postimg.cc/Pr38LrZ3/1045-REM-KL.jpg","2023-11-16",148,6753,1,"7-14867531","11/16/2023"
"7503","Russia","Russia","9 REM-KL recovery vehicle","destroyed","https://i.postimg.cc/brxWQC9G/2022-03-27-rem-kl.jpg","2023-11-16",148,6754,1,"7-14867541","11/16/2023"
"7504","Russia","Russia","9 REM-KL recovery vehicle","destroyed","https://i.postimg.cc/XvmSs4PB/1011-mtlb-REM-KL-destr.jpg","2023-11-16",148,2448,1,"7-14824481","11/16/2023"
"7505","Russia","Russia","9 REM-KL recovery vehicle","destroyed","https://i.postimg.cc/QtfBLYBf/1004-REM-KL-and-MT-LB-destr.jpg","2023-11-16",148,2462,1,"7-14824621","11/16/2023"
"7506","Russia","Russia","9 REM-KL recovery vehicle","destroyed","https://i.postimg.cc/QtLVtNzK/1004-rem-kl-destr-01-01-23.jpg","2023-11-16",148,6755,1,"7-14867551","11/16/2023"
"7507","Russia","Russia","9 REM-KL recovery vehicle","destroyed","https://i.postimg.cc/wjdGNGgw/1024-REM-KL-destr-17-03-23.jpg","2023-11-16",148,6756,1,"7-14867561","11/16/2023"
"7508","Russia","Russia","9 REM-KL recovery vehicle","damaged","https://i.postimg.cc/gktrF01S/1001-REM-KL-Kamaz-6x6.jpg","2023-11-16",148,6757,2,"7-14867572","11/16/2023"
"7509","Russia","Russia","9 REM-KL recovery vehicle","captured","https://i.postimg.cc/6QZqppsj/f8.png","2023-11-16",148,6758,3,"7-14867583","11/16/2023"
"7510","Russia","Russia","1 BREM-L armoured recovery vehicle","destroyed","https://i.postimg.cc/cJc5zG5b/1042-brem-l-destr-03-08-23.jpg","2023-11-16",149,6759,1,"7-14967591","11/16/2023"
"7511","Russia","Russia","3 MTP-A2 recovery vehicle","destroyed","https://postimg.cc/LJDhBJCm","2023-11-16",150,6760,1,"7-15067601","11/16/2023"
"7512","Russia","Russia","3 MTP-A2 recovery vehicle","destroyed","https://i.postimg.cc/63qtFWRs/truckk.jpg","2023-11-16",150,6761,1,"7-15067611","11/16/2023"
"7513","Russia","Russia","3 MTP-A2 recovery vehicle","abandoned","https://i.postimg.cc/jjbYvXFc/g3.png","2023-11-16",150,6762,4,"7-15067624","11/16/2023"
"7514","Russia","Russia","4 MTP-A2.1 recovery vehicle","destroyed","https://i.postimg.cc/wxst0mgY/1013.jpg","2023-11-16",151,6763,1,"7-15167631","11/16/2023"
"7515","Russia","Russia","4 MTP-A2.1 recovery vehicle","destroyed","https://postimg.cc/f3bh0QRp","2023-11-16",151,6221,1,"7-15162211","11/16/2023"
"7516","Russia","Russia","4 MTP-A2.1 recovery vehicle","captured","https://i.postimg.cc/8PgBhYPn/1012-MTP-A21-ARV.jpg","2023-11-16",151,6764,3,"7-15167643","11/16/2023"
"7517","Russia","Russia","4 MTP-A2.1 recovery vehicle","captured","https://i.postimg.cc/CKhrPnZD/1007-MTP-A2-1-recovery-vehicle-capt-13-09-22.jpg","2023-11-16",151,6765,3,"7-15167653","11/16/2023"
"7518","Russia","Russia","Ural-4320 KET-L recovery vehicle","destroyed","https://i.postimg.cc/Xv6Tfhd4/2022-02-26-KET-L-abandoned-and-destroyed-Horodnya.jpg","2023-11-16",152,6766,1,"7-15267661","11/16/2023"
"7519","Russia","Russia","Ural-4320 KET-L recovery vehicle","captured","https://i.postimg.cc/Gtp7CJpC/1029-Ural-4320-KET-L-recovery-vehicle-capt-08-01-23.jpg","2023-11-16",152,6767,3,"7-15267673","11/16/2023"
"7520","Russia","Russia","Ural-4320 KET-L recovery vehicle","captured","https://i.postimg.cc/PqdGQQbh/1031-KET-L-capt-22-02-23.jpg","2023-11-16",152,6768,3,"7-15267683","11/16/2023"
"7521","Russia","Russia","Ural-4320 KT-L recovery vehicle","destroyed","https://i.postimg.cc/k56F4gkW/3dg0.png","2023-11-16",153,6769,1,"7-15367691","11/16/2023"
"7522","Russia","Russia","Ural-4320 KT-L recovery vehicle","destroyed","https://i.postimg.cc/59mzVmtM/1046-Ural-4320-KT-L.jpg","2023-11-16",153,6770,1,"7-15367701","11/16/2023"
"7523","Russia","Russia","Ural-4320 KT-L recovery vehicle","destroyed","https://i.postimg.cc/SNhg6qwr/1023-Ural-4320-KT-L-recovery-vehicle-destr.jpg","2023-11-16",153,6771,1,"7-15367711","11/16/2023"
"7524","Russia","Russia","Ural-4320 KT-L recovery vehicle","captured","https://i.postimg.cc/qRxkVf5t/113.jpg","2023-11-16",153,6772,3,"7-15367723","11/16/2023"
"7525","Russia","Russia","Ural-4320 KT-L recovery vehicle","captured","https://i.postimg.cc/2yPmSYZz/678.jpg","2023-11-16",153,6773,3,"7-15367733","11/16/2023"
"7526","Russia","Soviet Union","1 KrAZ-260 KT-L recovery vehicle","destroyed","https://i.postimg.cc/28mjH1md/1020-kamaz6x6-destr-06-08-23.jpg","2023-11-16",154,6774,1,"7-15467741","11/16/2023"
"7527","Russia","Soviet Union","33 IMR-2(M) combat engineering vehicle","destroyed","https://i.postimg.cc/xdbysNZ7/5548.png","2023-11-16",155,6775,1,"7-15567751","11/16/2023"
"7528","Russia","Soviet Union","33 IMR-2(M) combat engineering vehicle","destroyed","https://i.postimg.cc/KvrcH3BB/1000.jpg","2023-11-16",155,6776,1,"7-15567761","11/16/2023"
"7529","Russia","Soviet Union","33 IMR-2(M) combat engineering vehicle","abandoned","https://i.postimg.cc/d18bTNg1/4362.png","2023-11-16",155,6777,4,"7-15567774","11/16/2023"
"7530","Russia","Soviet Union","33 IMR-2(M) combat engineering vehicle","destroyed","https://i.postimg.cc/d18bTNg1/4362.png","2023-11-16",155,6777,1,"7-15567771","11/16/2023"
"7531","Russia","Soviet Union","33 IMR-2(M) combat engineering vehicle","destroyed","https://twitter.com/UAWeapons/status/1569292595997675523","2023-11-16",155,634,1,"7-1556341","11/16/2023"
"7532","Russia","Soviet Union","33 IMR-2(M) combat engineering vehicle","destroyed","https://i.postimg.cc/C5FR0yRS/1003-imr2.jpg","2023-11-16",155,6778,1,"7-15567781","11/16/2023"
"7533","Russia","Soviet Union","33 IMR-2(M) combat engineering vehicle","destroyed","https://twitter.com/UAWeapons/status/1574379264819941376","2023-11-16",155,2106,1,"7-15521061","11/16/2023"
"7534","Russia","Soviet Union","33 IMR-2(M) combat engineering vehicle","destroyed","https://i.postimg.cc/SxBLhShh/2022-04-02-imr-2.jpg","2023-11-16",155,6779,1,"7-15567791","11/16/2023"
"7535","Russia","Soviet Union","33 IMR-2(M) combat engineering vehicle","destroyed","https://i.postimg.cc/y89pZVy0/1025-imr2.jpg","2023-11-16",155,6780,1,"7-15567801","11/16/2023"
"7536","Russia","Soviet Union","33 IMR-2(M) combat engineering vehicle","destroyed","https://i.postimg.cc/v8xs7f84/1014-imr2-mtlb-destr.jpg","2023-11-16",155,2445,1,"7-15524451","11/16/2023"
"7537","Russia","Soviet Union","33 IMR-2(M) combat engineering vehicle","destroyed","https://twitter.com/UAWeapons/status/1619804666447163392","2023-11-16",155,6781,1,"7-15567811","11/16/2023"
"7538","Russia","Soviet Union","33 IMR-2(M) combat engineering vehicle","destroyed","https://twitter.com/UAWeapons/status/1638845891254558720","2023-11-16",155,364,1,"7-1553641","11/16/2023"
"7539","Russia","Soviet Union","33 IMR-2(M) combat engineering vehicle","destroyed","https://i.postimg.cc/MTtPqsnH/1006-imr2-destr-31-03-22.jpg","2023-11-16",155,6782,1,"7-15567821","11/16/2023"
"7540","Russia","Soviet Union","33 IMR-2(M) combat engineering vehicle","destroyed","https://i.postimg.cc/TYh4HR88/1007-2x-Destroyed-IMR-2-12-11-23.jpg","2023-11-16",155,6783,1,"7-15567831","11/16/2023"
"7541","Russia","Soviet Union","33 IMR-2(M) combat engineering vehicle","damaged","https://twitter.com/RALee85/status/1657123146032459777","2023-11-16",155,6784,2,"7-15567842","11/16/2023"
"7542","Russia","Soviet Union","33 IMR-2(M) combat engineering vehicle","abandoned","https://i.postimg.cc/Y2Jw09RD/684.png","2023-11-16",155,6785,4,"7-15567854","11/16/2023"
"7543","Russia","Soviet Union","33 IMR-2(M) combat engineering vehicle","abandoned","https://i.postimg.cc/w38nDgW5/655.jpg","2023-11-16",155,6786,4,"7-15567864","11/16/2023"
"7544","Russia","Soviet Union","33 IMR-2(M) combat engineering vehicle","damaged","https://i.postimg.cc/B6tqKYCg/1014-IMR2.jpg","2023-11-16",155,6787,2,"7-15567872","11/16/2023"
"7545","Russia","Soviet Union","33 IMR-2(M) combat engineering vehicle","abandoned","https://i.postimg.cc/B6tqKYCg/1014-IMR2.jpg","2023-11-16",155,6787,4,"7-15567874","11/16/2023"
"7546","Russia","Soviet Union","33 IMR-2(M) combat engineering vehicle","abandoned","https://i.postimg.cc/C5gkvgY8/13.png","2023-11-16",155,6788,4,"7-15567884","11/16/2023"
"7547","Russia","Soviet Union","33 IMR-2(M) combat engineering vehicle","damaged","https://i.postimg.cc/FHkWFNbt/1034-imr2-dam-aband-09-10-23.jpg","2023-11-16",155,6789,2,"7-15567892","11/16/2023"
"7548","Russia","Soviet Union","33 IMR-2(M) combat engineering vehicle","abandoned","https://i.postimg.cc/FHkWFNbt/1034-imr2-dam-aband-09-10-23.jpg","2023-11-16",155,6789,4,"7-15567894","11/16/2023"
"7549","Russia","Soviet Union","33 IMR-2(M) combat engineering vehicle","abandoned","https://i.postimg.cc/BbBnXphj/1028-imr2-aband-31-08-23.jpg","2023-11-16",155,6790,4,"7-15567904","11/16/2023"
"7550","Russia","Soviet Union","33 IMR-2(M) combat engineering vehicle","captured","https://i.postimg.cc/W3Hvh6fz/3d11.png","2023-11-16",155,6791,3,"7-15567913","11/16/2023"
"7551","Russia","Soviet Union","33 IMR-2(M) combat engineering vehicle","captured","https://i.postimg.cc/g2S91zMw/112.png","2023-11-16",155,6792,3,"7-15567923","11/16/2023"
"7552","Russia","Soviet Union","33 IMR-2(M) combat engineering vehicle","captured","https://i.postimg.cc/6qdxjZ3m/36h.png","2023-11-16",155,6793,3,"7-15567933","11/16/2023"
"7553","Russia","Soviet Union","33 IMR-2(M) combat engineering vehicle","captured","https://i.postimg.cc/KYXppvNB/769.png","2023-11-16",155,6794,3,"7-15567943","11/16/2023"
"7554","Russia","Soviet Union","33 IMR-2(M) combat engineering vehicle","captured","https://i.postimg.cc/DZNhJF13/6659.png","2023-11-16",155,6795,3,"7-15567953","11/16/2023"
"7555","Russia","Soviet Union","33 IMR-2(M) combat engineering vehicle","damaged","https://twitter.com/UAWeapons/status/1569229469990227970","2023-11-16",155,6796,2,"7-15567962","11/16/2023"
"7556","Russia","Soviet Union","33 IMR-2(M) combat engineering vehicle","captured","https://twitter.com/UAWeapons/status/1569229469990227970","2023-11-16",155,6796,3,"7-15567963","11/16/2023"
"7557","Russia","Soviet Union","33 IMR-2(M) combat engineering vehicle","captured","https://i.postimg.cc/2yqkm7Qk/1017-imr2.jpg","2023-11-16",155,6797,3,"7-15567973","11/16/2023"
"7558","Russia","Soviet Union","33 IMR-2(M) combat engineering vehicle","captured","https://i.postimg.cc/jdXx44mT/1003-imr2.png","2023-11-16",155,6798,3,"7-15567983","11/16/2023"
"7559","Russia","Soviet Union","33 IMR-2(M) combat engineering vehicle","captured","https://i.postimg.cc/MHBMtRnf/2022-03-13-imr-2.jpg","2023-11-16",155,6799,3,"7-15567993","11/16/2023"
"7560","Russia","Soviet Union","33 IMR-2(M) combat engineering vehicle","captured","https://i.postimg.cc/bN93LWPj/1006-imr2-capt.jpg","2023-11-16",155,6800,3,"7-15568003","11/16/2023"
"7561","Russia","Soviet Union","33 IMR-2(M) combat engineering vehicle","captured","https://i.postimg.cc/ZR57JZRp/1015-imr2-capt-15-02-23.jpg","2023-11-16",155,6801,3,"7-15568013","11/16/2023"
"7562","Russia","Soviet Union","33 IMR-2(M) combat engineering vehicle","captured","https://i.postimg.cc/Vk3cJyXk/1012-imr2-capt-23-02-23.jpg","2023-11-16",155,6802,3,"7-15568023","11/16/2023"
"7563","Russia","Russia","IMR-3M combat engineering vehicle","damaged","https://i.postimg.cc/nhNhsWMr/48.png","2023-11-16",156,6803,2,"7-15668032","11/16/2023"
"7564","Russia","Russia","IMR-3M combat engineering vehicle","captured","https://i.postimg.cc/nhNhsWMr/48.png","2023-11-16",156,6803,3,"7-15668033","11/16/2023"
"7565","Russia","Soviet Union","16 PTS-2 tracked amphibious transport","destroyed","https://i.postimg.cc/fLxxvMJ8/4770.png","2023-11-16",157,6804,1,"7-15768041","11/16/2023"
"7566","Russia","Soviet Union","16 PTS-2 tracked amphibious transport","destroyed","https://i.postimg.cc/BQ3qcwCh/1027.jpg","2023-11-16",157,6805,1,"7-15768051","11/16/2023"
"7567","Russia","Soviet Union","16 PTS-2 tracked amphibious transport","destroyed","https://i.postimg.cc/JzZgB6PQ/5g6.jpg","2023-11-16",157,6806,1,"7-15768061","11/16/2023"
"7568","Russia","Soviet Union","16 PTS-2 tracked amphibious transport","destroyed","https://twitter.com/UAWeapons/status/1560705939996643331","2023-11-16",157,6807,1,"7-15768071","11/16/2023"
"7569","Russia","Soviet Union","16 PTS-2 tracked amphibious transport","destroyed","https://i.postimg.cc/L6byhvCV/1003-PTS-2-dam-capt.jpg","2023-11-16",157,6808,1,"7-15768081","11/16/2023"
"7570","Russia","Soviet Union","16 PTS-2 tracked amphibious transport","destroyed","https://i.postimg.cc/h4dVjsZv/213.png","2023-11-16",157,6809,1,"7-15768091","11/16/2023"
"7571","Russia","Soviet Union","16 PTS-2 tracked amphibious transport","destroyed","https://i.postimg.cc/MG2rDfk6/1000-PTS-2-destr-24-07-23.jpg","2023-11-16",157,6810,1,"7-15768101","11/16/2023"
"7572","Russia","Soviet Union","16 PTS-2 tracked amphibious transport","destroyed","https://i.postimg.cc/KYPpscFn/1001-PTS-2-destr-24-07-23.jpg","2023-11-16",157,6811,1,"7-15768111","11/16/2023"
"7573","Russia","Soviet Union","16 PTS-2 tracked amphibious transport","damaged","https://i.postimg.cc/65MmYqgR/776.jpg","2023-11-16",157,6812,2,"7-15768122","11/16/2023"
"7574","Russia","Soviet Union","16 PTS-2 tracked amphibious transport","abandoned","https://i.postimg.cc/65MmYqgR/776.jpg","2023-11-16",157,6812,4,"7-15768124","11/16/2023"
"7575","Russia","Soviet Union","16 PTS-2 tracked amphibious transport","abandoned","https://i.postimg.cc/Z5VK9XR3/v77.png","2023-11-16",157,6813,4,"7-15768134","11/16/2023"
"7576","Russia","Soviet Union","16 PTS-2 tracked amphibious transport","abandoned","https://i.postimg.cc/DzNv6s1w/v88.png","2023-11-16",157,6814,4,"7-15768144","11/16/2023"
"7577","Russia","Soviet Union","16 PTS-2 tracked amphibious transport","abandoned","https://i.postimg.cc/sDCVYrG0/431.png","2023-11-16",157,6815,4,"7-15768154","11/16/2023"
"7578","Russia","Soviet Union","16 PTS-2 tracked amphibious transport","captured","https://twitter.com/UAWeapons/status/1551593956743516160","2023-11-16",157,6816,3,"7-15768163","11/16/2023"
"7579","Russia","Soviet Union","16 PTS-2 tracked amphibious transport","captured","https://i.postimg.cc/yxSbRpfX/66.png","2023-11-16",157,6817,3,"7-15768173","11/16/2023"
"7580","Russia","Soviet Union","16 PTS-2 tracked amphibious transport","captured","https://twitter.com/UAWeapons/status/1584932053615022081","2023-11-16",157,6818,3,"7-15768183","11/16/2023"
"7581","Russia","Soviet Union","16 PTS-2 tracked amphibious transport","captured","https://i.postimg.cc/SsjTq0fx/1037-PTS-2-capt-17-03-23.jpg","2023-11-16",157,6819,3,"7-15768193","11/16/2023"
"7582","Russia","Russia","MTU-72 bridge layer","destroyed","https://twitter.com/UAWeapons/status/1618270737856622592","2023-11-16",158,6820,1,"7-15868201","11/16/2023"
"7583","Russia","Russia","MTU-72 bridge layer","destroyed","https://i.postimg.cc/gkTp1Hph/54260.png","2023-11-16",158,6821,1,"7-15868211","11/16/2023"
"7584","Russia","Russia","MTU-72 bridge layer","captured","https://i.postimg.cc/prZTvrWj/43ff.png","2023-11-16",158,6822,3,"7-15868223","11/16/2023"
"7585","Russia","Soviet Union","TMM-3 bridge layer","destroyed","https://i.postimg.cc/HxVW1CCJ/Screenshot-8212.png","2023-11-16",159,6823,1,"7-15968231","11/16/2023"
"7586","Russia","Soviet Union","TMM-3 bridge layer","destroyed","https://i.postimg.cc/XNywbSdd/6653.jpg","2023-11-16",159,6824,1,"7-15968241","11/16/2023"
"7587","Russia","Soviet Union","TMM-3 bridge layer","destroyed","https://i.postimg.cc/vHpcq96d/ff4.jpg","2023-11-16",159,6825,1,"7-15968251","11/16/2023"
"7588","Russia","Soviet Union","TMM-3 bridge layer","destroyed","https://i.postimg.cc/BQ8jBNbg/ff5.jpg","2023-11-16",159,6826,1,"7-15968261","11/16/2023"
"7589","Russia","Soviet Union","TMM-3 bridge layer","destroyed","https://i.postimg.cc/2jKsLmBy/4h7.png","2023-11-16",159,6827,1,"7-15968271","11/16/2023"
"7590","Russia","Soviet Union","TMM-3 bridge layer","destroyed","https://i.postimg.cc/CLNcvHW1/12.png","2023-11-16",159,6828,1,"7-15968281","11/16/2023"
"7591","Russia","Soviet Union","TMM-3 bridge layer","destroyed","https://i.postimg.cc/Bnnp26pF/2022-09-15-Kam-AZ-Bridge.png","2023-11-16",159,6829,1,"7-15968291","11/16/2023"
"7592","Russia","Soviet Union","TMM-3 bridge layer","destroyed","https://i.postimg.cc/FzJxKKQd/1005-TMM-3-destr-17-02-23.jpg","2023-11-16",159,6830,1,"7-15968301","11/16/2023"
"7593","Russia","Soviet Union","TMM-3 bridge layer","destroyed","https://i.postimg.cc/zvYkjj2D/1019-TMM-3-bridge-layer-destr-24-05-23.jpg","2023-11-16",159,6831,1,"7-15968311","11/16/2023"
"7594","Russia","Soviet Union","TMM-3 bridge layer","destroyed","https://twitter.com/naalsio26/status/1678943074368536577","2023-11-16",159,2846,1,"7-15928461","11/16/2023"
"7595","Russia","Soviet Union","TMM-3 bridge layer","abandoned","https://i.postimg.cc/C1DyRDFk/h89.jpg","2023-11-16",159,6832,4,"7-15968324","11/16/2023"
"7596","Russia","Soviet Union","TMM-3 bridge layer","damaged","https://i.postimg.cc/MpYMvFpy/33160.png","2023-11-16",159,6833,2,"7-15968332","11/16/2023"
"7597","Russia","Soviet Union","TMM-3 bridge layer","captured","https://i.postimg.cc/MpYMvFpy/33160.png","2023-11-16",159,6833,3,"7-15968333","11/16/2023"
"7598","Russia","Soviet Union","TMM-3 bridge layer","damaged","https://i.postimg.cc/9fkRL7G3/762.jpg","2023-11-16",159,6834,2,"7-15968342","11/16/2023"
"7599","Russia","Soviet Union","TMM-3 bridge layer","captured","https://i.postimg.cc/9fkRL7G3/762.jpg","2023-11-16",159,6834,3,"7-15968343","11/16/2023"
"7600","Russia","Soviet Union","TMM-3 bridge layer","damaged","https://i.postimg.cc/FHXkWBMt/699.png","2023-11-16",159,6835,2,"7-15968352","11/16/2023"
"7601","Russia","Soviet Union","TMM-3 bridge layer","captured","https://i.postimg.cc/FHXkWBMt/699.png","2023-11-16",159,6835,3,"7-15968353","11/16/2023"
"7602","Russia","Soviet Union","TMM-3 bridge layer","captured","https://i.postimg.cc/L6LThN8t/315.png","2023-11-16",159,6836,3,"7-15968363","11/16/2023"
"7603","Russia","Soviet Union","TMM-3 bridge layer","captured","https://i.postimg.cc/FRhY7mzP/75.png","2023-11-16",159,6837,3,"7-15968373","11/16/2023"
"7604","Russia","Soviet Union","TMM-3 bridge layer","captured","https://i.postimg.cc/X7wjb8tg/Screenshot-8214.png","2023-11-16",159,6838,3,"7-15968383","11/16/2023"
"7605","Russia","Soviet Union","TMM-3 bridge layer","captured","https://i.postimg.cc/Y0Fpjf0M/Screenshot-8216.png","2023-11-16",159,6839,3,"7-15968393","11/16/2023"
"7606","Russia","Soviet Union","TMM-3 bridge layer","captured","https://i.postimg.cc/FHN9sS4X/Screenshot-8217.png","2023-11-16",159,6840,3,"7-15968403","11/16/2023"
"7607","Russia","Soviet Union","TMM-3 bridge layer","captured","https://i.postimg.cc/y8cSr8c9/3321.png","2023-11-16",159,6841,3,"7-15968413","11/16/2023"
"7608","Russia","Soviet Union","TMM-3 bridge layer","captured","https://i.postimg.cc/bJJr8yDm/f6.png","2023-11-16",159,6842,3,"7-15968423","11/16/2023"
"7609","Russia","Soviet Union","TMM-3 bridge layer","captured","https://i.postimg.cc/bJcHhFdy/32dd.png","2023-11-16",159,6843,3,"7-15968433","11/16/2023"
"7610","Russia","Soviet Union","TMM-3 bridge layer","captured","https://i.postimg.cc/XqyXXmYs/75.png","2023-11-16",159,6844,3,"7-15968443","11/16/2023"
"7611","Russia","Soviet Union","TMM-3 bridge layer","captured","https://i.postimg.cc/283hr2WJ/tm1.jpg","2023-11-16",159,6845,3,"7-15968453","11/16/2023"
"7612","Russia","Soviet Union","TMM-3 bridge layer","captured","https://i.postimg.cc/KvdwSrzj/889.jpg","2023-11-16",159,6846,3,"7-15968463","11/16/2023"
"7613","Russia","Soviet Union","TMM-3 bridge layer","captured","https://i.postimg.cc/1Rw9WSrx/1005-tmm-3.jpg","2023-11-16",159,6847,3,"7-15968473","11/16/2023"
"7614","Russia","Soviet Union","TMM-3 bridge layer","captured","https://i.postimg.cc/9QtNR27B/image.jpg","2023-11-16",159,6848,3,"7-15968483","11/16/2023"
"7615","Russia","Soviet Union","TMM-3 bridge layer","damaged","https://i.postimg.cc/85dm6pjK/44565.png","2023-11-16",159,6849,2,"7-15968492","11/16/2023"
"7616","Russia","Soviet Union","TMM-3 bridge layer","captured","https://i.postimg.cc/85dm6pjK/44565.png","2023-11-16",159,6849,3,"7-15968493","11/16/2023"
"7617","Russia","Soviet Union","12 PMP floating bridge","destroyed","https://i.postimg.cc/2SK7crq5/4g.png","2023-11-16",160,6850,1,"7-16068501","11/16/2023"
"7618","Russia","Soviet Union","12 PMP floating bridge","destroyed","https://i.postimg.cc/vZ108y86/j767.jpg","2023-11-16",160,6851,1,"7-16068511","11/16/2023"
"7619","Russia","Soviet Union","12 PMP floating bridge","destroyed","https://i.postimg.cc/fy2tcnWQ/hh665.jpg","2023-11-16",160,6852,1,"7-16068521","11/16/2023"
"7620","Russia","Soviet Union","12 PMP floating bridge","destroyed","https://postimg.cc/PPCrNt2t","2023-11-16",160,6853,1,"7-16068531","11/16/2023"
"7621","Russia","Soviet Union","12 PMP floating bridge","destroyed","https://i.postimg.cc/y8h2z56N/2022-09-26-PMP-floating-bridge.jpg","2023-11-16",160,6854,1,"7-16068541","11/16/2023"
"7622","Russia","Soviet Union","12 PMP floating bridge","destroyed","https://i.postimg.cc/vZBj90Sv/2022-10-01-Kam-AZ-PMP.jpg","2023-11-16",160,6855,1,"7-16068551","11/16/2023"
"7623","Russia","Soviet Union","12 PMP floating bridge","destroyed","https://i.postimg.cc/m2Rkkb87/1031-pontoon-truck-destr-26-02-22.jpg","2023-11-16",160,6856,1,"7-16068561","11/16/2023"
"7624","Russia","Soviet Union","12 PMP floating bridge","damaged","https://postimg.cc/mtdZGRwb","2023-11-16",160,6857,2,"7-16068572","11/16/2023"
"7625","Russia","Soviet Union","12 PMP floating bridge","captured","https://postimg.cc/mtdZGRwb","2023-11-16",160,6857,3,"7-16068573","11/16/2023"
"7626","Russia","Soviet Union","12 PMP floating bridge","captured","https://i.postimg.cc/YqgQ9JDw/1007-pmp-pontoon.jpg","2023-11-16",160,6858,3,"7-16068583","11/16/2023"
"7627","Russia","Soviet Union","12 PMP floating bridge","captured","https://i.postimg.cc/BvqpBqdF/1010-PMP-floating-bridge-capt-28-02-23.jpg","2023-11-16",160,6859,3,"7-16068593","11/16/2023"
"7628","Russia","Russia","PP-2005 floating bridge","destroyed","https://i.postimg.cc/nc4DjtyY/f43.png","2023-11-16",161,6860,1,"7-16168601","11/16/2023"
"7629","Russia","Russia","PP-2005 floating bridge","destroyed","https://i.postimg.cc/nrCPzsdX/68.jpg","2023-11-16",161,6861,1,"7-16168611","11/16/2023"
"7630","Russia","Russia","PP-2005 floating bridge","destroyed","https://i.postimg.cc/hPRrkJmV/p1.jpg","2023-11-16",161,6862,1,"7-16168621","11/16/2023"
"7631","Russia","Russia","PP-2005 floating bridge","destroyed","https://i.postimg.cc/05wnXGz8/p2.jpg","2023-11-16",161,6863,1,"7-16168631","11/16/2023"
"7632","Russia","Russia","PP-2005 floating bridge","destroyed","https://i.postimg.cc/ydhL2cnR/32d.png","2023-11-16",161,6864,1,"7-16168641","11/16/2023"
"7633","Russia","Russia","PP-2005 floating bridge","destroyed","https://postimg.cc/xcptSm9t","2023-11-16",161,6865,1,"7-16168651","11/16/2023"
"7634","Russia","Russia","PP-2005 floating bridge","destroyed","https://i.postimg.cc/RhsSCCsp/54g.jpg","2023-11-16",161,6866,1,"7-16168661","11/16/2023"
"7635","Russia","Russia","PP-2005 floating bridge","destroyed","https://i.postimg.cc/25snvPvF/1021-floating-bridge-destr.jpg","2023-11-16",161,6867,1,"7-16168671","11/16/2023"
"7636","Russia","Russia","PP-2005 floating bridge","destroyed","https://i.postimg.cc/JnPmMgWr/2022-04-07-PP-2005-destroyed-Moshchun.jpg","2023-11-16",161,6868,1,"7-16168681","11/16/2023"
"7637","Russia","Russia","PP-2005 floating bridge","destroyed","https://i.postimg.cc/2y9zFtHc/2022-04-08-PP-2005-destroyed-Moshchun.jpg","2023-11-16",161,6869,1,"7-16168691","11/16/2023"
"7638","Russia","Russia","PP-2005 floating bridge","destroyed","https://i.postimg.cc/m2PMSWpd/1017-kamaz-6x6-destr-25-11-22.jpg","2023-11-16",161,6870,1,"7-16168701","11/16/2023"
"7639","Russia","Russia","PP-2005 floating bridge","destroyed","https://i.postimg.cc/qqLYzFpT/554p.png","2023-11-16",161,6871,1,"7-16168711","11/16/2023"
"7640","Russia","Russia","PP-2005 floating bridge","damaged","https://i.postimg.cc/s2M12CLf/32d3.png","2023-11-16",161,6872,2,"7-16168722","11/16/2023"
"7641","Russia","Russia","PP-2005 floating bridge","abandoned","https://i.postimg.cc/s2M12CLf/32d3.png","2023-11-16",161,6872,4,"7-16168724","11/16/2023"
"7642","Russia","Russia","PP-2005 floating bridge","damaged","https://i.postimg.cc/59RWtr9r/da2.jpg","2023-11-16",161,6873,2,"7-16168732","11/16/2023"
"7643","Russia","Russia","PP-2005 floating bridge","abandoned","https://i.postimg.cc/59RWtr9r/da2.jpg","2023-11-16",161,6873,4,"7-16168734","11/16/2023"
"7644","Russia","Russia","PP-2005 floating bridge","damaged","https://i.postimg.cc/9Q33dq7t/da1.jpg","2023-11-16",161,6874,2,"7-16168742","11/16/2023"
"7645","Russia","Russia","PP-2005 floating bridge","abandoned","https://i.postimg.cc/9Q33dq7t/da1.jpg","2023-11-16",161,6874,4,"7-16168744","11/16/2023"
"7646","Russia","Russia","PP-2005 floating bridge","abandoned","https://i.postimg.cc/V6M6jB13/32d3.png","2023-11-16",161,6875,4,"7-16168754","11/16/2023"
"7647","Russia","Russia","PP-2005 floating bridge","abandoned","https://i.postimg.cc/FKCXJCg1/ggg56.jpg","2023-11-16",161,6876,4,"7-16168764","11/16/2023"
"7648","Russia","Russia","PP-2005 floating bridge","abandoned","https://i.postimg.cc/7LjDWQCd/55441.jpg","2023-11-16",161,6877,4,"7-16168774","11/16/2023"
"7649","Russia","Russia","PP-2005 floating bridge","abandoned","https://i.postimg.cc/VsShLBGs/ff2.jpg","2023-11-16",161,6878,4,"7-16168784","11/16/2023"
"7650","Russia","Russia","PP-2005 floating bridge","captured","https://i.postimg.cc/T2c1BPwc/73.png","2023-11-16",161,6879,3,"7-16168793","11/16/2023"
"7651","Russia","Russia","PP-2005 floating bridge","captured","https://postimg.cc/yJjkVD4D","2023-11-16",161,6880,3,"7-16168803","11/16/2023"
"7652","Russia","Russia","PP-2005 floating bridge","captured","https://i.postimg.cc/P55BWBXd/58.png","2023-11-16",161,6881,3,"7-16168813","11/16/2023"
"7653","Russia","Russia","PP-2005 floating bridge","captured","https://i.postimg.cc/dthWRbGf/1014-PP-2005-pontoon-6-11.jpg","2023-11-16",161,6882,3,"7-16168823","11/16/2023"
"7654","Russia","Russia","Pontoon bridge","destroyed","https://postlmg.cc/pmLtNfk9","2023-11-16",162,6883,1,"7-16268831","11/16/2023"
"7655","Russia","Russia","Pontoon bridge","destroyed","https://i.postimg.cc/Rh0jw5gt/5990.png","2023-11-16",162,6884,1,"7-16268841","11/16/2023"
"7656","Russia","Russia","Pontoon bridge","destroyed","https://i.postimg.cc/VvjJCp8W/465.jpg","2023-11-16",162,6885,1,"7-16268851","11/16/2023"
"7657","Russia","Russia","Pontoon bridge","destroyed","https://i.postimg.cc/85FGLNRs/2d.png","2023-11-16",162,6886,1,"7-16268861","11/16/2023"
"7658","Russia","Russia","Pontoon bridge","destroyed","https://i.postimg.cc/HkVDJgWT/1047-pontoon-bridge.jpg","2023-11-16",162,6887,1,"7-16268871","11/16/2023"
"7659","Russia","Russia","Pontoon bridge","destroyed","https://i.postimg.cc/1RDN8gqk/1016-pontoon-bridge-destr-15-05-22.jpg","2023-11-16",162,6888,1,"7-16268881","11/16/2023"
"7660","Russia","Russia","Pontoon bridge","abandoned","https://i.postimg.cc/FHRc7y1Q/657.png","2023-11-16",162,6889,4,"7-16268894","11/16/2023"
"7661","Russia","Russia","Pontoon bridge","captured","https://i.postimg.cc/7ZQSBQz3/c1.jpg","2023-11-16",162,6890,3,"7-16268903","11/16/2023"
"7662","Russia","Russia","Pontoon bridge","captured","https://i.postimg.cc/bwvQ9jZY/c2.jpg","2023-11-16",162,6891,3,"7-16268913","11/16/2023"
"7663","Russia","Russia","Pontoon bridge","captured","https://i.postimg.cc/J4yMTsbF/3d5.png","2023-11-16",162,6892,3,"7-16268923","11/16/2023"
"7664","Russia","Soviet Union","BMK-130M/BMK-150 towing and motor boat","captured","https://postimg.cc/8JyXzynr","2023-11-16",163,6893,3,"7-16368933","11/16/2023"
"7665","Russia","Soviet Union","BMK-460 towing and motor boat","destroyed","https://i.postimg.cc/13Zpg2Bw/1041-BMK-460-destr-3-11.jpg","2023-11-16",164,6894,1,"7-16468941","11/16/2023"
"7666","Russia","Soviet Union","BMK-460 towing and motor boat","destroyed","https://i.postimg.cc/YC16yPsh/429.png","2023-11-16",164,6895,1,"7-16468951","11/16/2023"
"7667","Russia","Soviet Union","BMK-460 towing and motor boat","abandoned","https://i.postimg.cc/x1SSzyhr/6h5.png","2023-11-16",164,6896,4,"7-16468964","11/16/2023"
"7668","Russia","Soviet Union","BMK-460 towing and motor boat","abandoned","https://i.postimg.cc/dQhHKCYh/87j.png","2023-11-16",164,6897,4,"7-16468974","11/16/2023"
"7669","Russia","Soviet Union","BMK-460 towing and motor boat","abandoned","https://i.postimg.cc/6q81dyJS/4f70.png","2023-11-16",164,6898,4,"7-16468984","11/16/2023"
"7670","Russia","Soviet Union","BMK-460 towing and motor boat","abandoned","https://i.postimg.cc/hj9Ln38X/442.jpg","2023-11-16",164,6899,4,"7-16468994","11/16/2023"
"7671","Russia","Soviet Union","BMK-460 towing and motor boat","abandoned","https://i.postimg.cc/L4NSYhXX/554f.jpg","2023-11-16",164,6900,4,"7-16469004","11/16/2023"
"7672","Russia","Soviet Union","BMK-460 towing and motor boat","abandoned","https://i.postimg.cc/hPxWtr7P/INqk1cd-M-jpg-large.jpg","2023-11-16",164,6901,4,"7-16469014","11/16/2023"
"7673","Russia","Soviet Union","2 BMK-MT towing and motor boat","destroyed","https://i.postimg.cc/Ls2ZbB60/1500.jpg","2023-11-16",165,6902,1,"7-16569021","11/16/2023"
"7674","Russia","Soviet Union","2 BMK-MT towing and motor boat","destroyed","https://i.postimg.cc/BbQHy0Hh/kamaaz.jpg","2023-11-16",165,6903,1,"7-16569031","11/16/2023"
"7675","Russia","Soviet Union","3 BMK-MO towing and motor boat","damaged","https://i.postimg.cc/NMP650Cj/1040-BMK-MO-dam-3-11.jpg","2023-11-16",166,6904,2,"7-16669042","11/16/2023"
"7676","Russia","Soviet Union","3 BMK-MO towing and motor boat","captured","https://i.postimg.cc/Gm3vTCWV/1017-BMK-MO-tugboat-capt-29-01-23.jpg","2023-11-16",166,6905,3,"7-16669053","11/16/2023"
"7677","Russia","Soviet Union","3 BMK-MO towing and motor boat","damaged","https://i.postimg.cc/0NVWL5m4/1036-tugboat-BMK-MO-dam-capt-17-03-23.jpg","2023-11-16",166,6906,2,"7-16669062","11/16/2023"
"7678","Russia","Soviet Union","3 BMK-MO towing and motor boat","captured","https://i.postimg.cc/0NVWL5m4/1036-tugboat-BMK-MO-dam-capt-17-03-23.jpg","2023-11-16",166,6906,3,"7-16669063","11/16/2023"
"7679","Russia","Soviet Union","KrAZ-255B with excavator","destroyed","https://i.postimg.cc/JzMycVvC/2s.png","2023-11-16",167,6907,1,"7-16769071","11/16/2023"
"7680","Russia","Soviet Union","KrAZ-255B with excavator","destroyed","https://i.postimg.cc/wM5SkYHF/1012-EOV-4421-on-the-chassis-of-a-Kraz-255-destr-25-08-23.jpg","2023-11-16",167,6908,1,"7-16769081","11/16/2023"
"7681","Russia","Soviet Union","KrAZ-255B with excavator","damaged","https://i.postimg.cc/Fz6RBFxr/1045-Kr-AZ-255-B-with-excavator-dam-07-02-23.jpg","2023-11-16",167,6909,2,"7-16769092","11/16/2023"
"7682","Russia","Soviet Union","KrAZ-255B with excavator","damaged","https://i.postimg.cc/DfGNCfsm/1002-Kr-AZ-255-B-based-EOV-4421-excavator-20-04-23.jpg","2023-11-16",167,6910,2,"7-16769102","11/16/2023"
"7683","Russia","Russia","KamAZ-5350 with EOV-3523 excavator","destroyed","https://i.postimg.cc/tTr6V12R/m99.jpg","2023-11-16",168,6911,1,"7-16869111","11/16/2023"
"7684","Russia","Russia","KamAZ-5350 with EOV-3523 excavator","destroyed","https://postimg.cc/F1SGt9BP","2023-11-16",168,6912,1,"7-16869121","11/16/2023"
"7685","Russia","Russia","KamAZ-5350 with EOV-3523 excavator","destroyed","https://i.postimg.cc/xd2cNGZx/1089-Kam-AZ-5350-with-EOV-3523-Excavator.jpg","2023-11-16",168,6913,1,"7-16869131","11/16/2023"
"7686","Russia","Russia","KamAZ-5350 with EOV-3523 excavator","destroyed","https://i.postimg.cc/jqccjB88/2022-11-13-Kam-AZ-5350-with-EOV-3523-excavator-destroyed.jpg","2023-11-16",168,6914,1,"7-16869141","11/16/2023"
"7687","Russia","Russia","KamAZ-5350 with EOV-3523 excavator","destroyed","https://twitter.com/UAWeapons/status/1653061690819215360","2023-11-16",168,6915,1,"7-16869151","11/16/2023"
"7688","Russia","Russia","KamAZ-5350 with EOV-3523 excavator","destroyed","https://i.postimg.cc/C1nCGxR2/1008-Kam-AZ-5350-with-EOV-3523-excavator-destr-28-05-23.jpg","2023-11-16",168,6916,1,"7-16869161","11/16/2023"
"7689","Russia","Russia","KamAZ-5350 with EOV-3523 excavator","destroyed","https://i.postimg.cc/mD1fSGKW/1004-Kam-AZ-5350-with-EOV-3523-excavator-destr-17-06-23.jpg","2023-11-16",168,6917,1,"7-16869171","11/16/2023"
"7690","Russia","Russia","KamAZ-5350 with EOV-3523 excavator","destroyed","https://i.postimg.cc/43SRt3L1/1056-EOV-3523-based-on-the-Ural-4320-destr-19-07-23.jpg","2023-11-16",168,6918,1,"7-16869181","11/16/2023"
"7691","Russia","Russia","KamAZ-5350 with EOV-3523 excavator","destroyed","https://i.postimg.cc/VLYhC0T5/1023-EOV-3523-excavator-destr-19-07-23.jpg","2023-11-16",168,6919,1,"7-16869191","11/16/2023"
"7692","Russia","Russia","KamAZ-5350 with EOV-3523 excavator","destroyed","https://i.postimg.cc/N0SNBtWj/1007-Kam-AZ-5350-with-EOV-3523-excavator-destr-28-07-23.jpg","2023-11-16",168,6920,1,"7-16869201","11/16/2023"
"7693","Russia","Russia","KamAZ-5350 with EOV-3523 excavator","destroyed","https://i.postimg.cc/y6Xp9b23/1001-kamaz-EOW-3523-excavator-destr-09-08-23.jpg","2023-11-16",168,6921,1,"7-16869211","11/16/2023"
"7694","Russia","Russia","KamAZ-5350 with EOV-3523 excavator","destroyed","https://i.postimg.cc/VvpC6J3w/1014-Kam-AZ-5350-with-EOV-3523-excavator-destr-24-08-23.jpg","2023-11-16",168,6922,1,"7-16869221","11/16/2023"
"7695","Russia","Russia","KamAZ-5350 with EOV-3523 excavator","destroyed","https://i.postimg.cc/G3Bb9zRy/2544.png","2023-11-16",168,6923,1,"7-16869231","11/16/2023"
"7696","Russia","Russia","KamAZ-5350 with EOV-3523 excavator","destroyed","https://i.postimg.cc/pVfVfFDF/1042-Kam-AZ-5350-with-EOV-3523-excavator-destr-02-10-23.jpg","2023-11-16",168,6924,1,"7-16869241","11/16/2023"
"7697","Russia","Russia","KamAZ-5350 with EOV-3523 excavator","captured","https://i.postimg.cc/bvhJB8xz/774.png","2023-11-16",168,6925,3,"7-16869253","11/16/2023"
"7698","Russia","Russia","KamAZ-5350 with EOV-3523 excavator","captured","https://i.postimg.cc/dQZQWvBp/Screenshot-8218.png","2023-11-16",168,6926,3,"7-16869263","11/16/2023"
"7699","Russia","Russia","KamAZ-5350 with EOV-3523 excavator","captured","https://i.postimg.cc/T30TyPdL/Screenshot-8219.png","2023-11-16",168,6927,3,"7-16869273","11/16/2023"
"7700","Russia","Russia","KamAZ-5350 with EOV-3523 excavator","captured","https://i.postimg.cc/1tZrSqJQ/41.png","2023-11-16",168,6928,3,"7-16869283","11/16/2023"
"7701","Russia","Russia","KamAZ-5350 with EOV-3523 excavator","captured","https://twitter.com/UAWeapons/status/1584932053615022081","2023-11-16",168,6818,3,"7-16868183","11/16/2023"
"7702","Russia","Russia","KamAZ-5350 with KS-45719-7M crane","destroyed","https://i.postimg.cc/m2PYCSvv/6y.jpg","2023-11-16",169,6929,1,"7-16969291","11/16/2023"
"7703","Russia","Russia","KamAZ-5350 with KS-45719-7M crane","destroyed","https://i.postimg.cc/YSsBvNM7/09.png","2023-11-16",169,6930,1,"7-16969301","11/16/2023"
"7704","Russia","Russia","KamAZ-5350 with KS-45719-7M crane","destroyed","https://i.postimg.cc/Nf94MY0K/431.jpg","2023-11-16",169,6931,1,"7-16969311","11/16/2023"
"7705","Russia","Russia","KamAZ-5350 with KS-45719-7M crane","destroyed","https://i.postimg.cc/tCMM3FbC/1026-Kam-AZ-5350-with-KS-45719-7-M-crane-destr-08-02-23.jpg","2023-11-16",169,6932,1,"7-16969321","11/16/2023"
"7706","Russia","Russia","KamAZ-5350 with KS-45719-7M crane","destroyed","https://i.postimg.cc/sf4mP9Nc/548.png","2023-11-16",169,6933,1,"7-16969331","11/16/2023"
"7707","Russia","Russia","KamAZ-5350 with KS-45719-7M crane","captured","https://i.postimg.cc/9fxS9VtW/v3.jpg","2023-11-16",169,6934,3,"7-16969343","11/16/2023"
"7708","Russia","Russia","KamAZ-5350 with KS-45719-7M crane","captured","https://i.postimg.cc/QCJWDwSM/1003-Kam-AZ-5350-with-KS-45719-7-M-crane.jpg","2023-11-16",169,6935,3,"7-16969353","11/16/2023"
"7709","Russia","Russia","Ural-4320 with KS-3574M3 or KS-3574M crane","destroyed","https://i.postimg.cc/W3Hvh6fz/3d11.png","2023-11-16",170,6791,1,"7-17067911","11/16/2023"
"7710","Russia","Russia","Ural-4320 with KS-3574M3 or KS-3574M crane","destroyed","https://postimg.cc/JHk4ZQPn","2023-11-16",170,6936,1,"7-17069361","11/16/2023"
"7711","Russia","Russia","Ural-4320 with KS-3574M3 or KS-3574M crane","destroyed","https://i.postimg.cc/d1m4Nhmp/1016-Ural-4320-with-KS-3574-M3-or-KS-3574-M-crane.jpg","2023-11-16",170,6937,1,"7-17069371","11/16/2023"
"7712","Russia","Russia","Ural-4320 with KS-3574M3 or KS-3574M crane","captured","https://i.postimg.cc/tJgS3W4d/8.png","2023-11-16",170,6938,3,"7-17069383","11/16/2023"
"7713","Russia","Russia","1 Ural-375D with 8T210 crane","captured","https://i.postimg.cc/QdknJJMh/1006-Ural-375-D-with-8-T210-crane-capt-13-09-22.jpg","2023-11-16",171,6939,3,"7-17169393","11/16/2023"
"7714","Russia","Russia","1 KamAZ-63501 with KS-55729-7M 32-ton crane","destroyed","https://twitter.com/UAWeapons/status/1577647293544660993","2023-11-16",172,6940,1,"7-17269401","11/16/2023"
"7715","Russia","Russia","7 KamAZ KMV-10V boom crane truck","destroyed","https://i.postimg.cc/L5Xq6HWm/1090-Kam-AZ-KMV-10-V-Boom-Crane-Truck.jpg","2023-11-16",173,6941,1,"7-17369411","11/16/2023"
"7716","Russia","Russia","7 KamAZ KMV-10V boom crane truck","destroyed","https://i.postimg.cc/63Y10qWy/2022-04-01-KMV.jpg","2023-11-16",173,6942,1,"7-17369421","11/16/2023"
"7717","Russia","Russia","7 KamAZ KMV-10V boom crane truck","destroyed","https://i.postimg.cc/9QjXSCPf/1023-Kam-AZ-KMV-10-V-boom-crane-truck-destr-13-01-23.jpg","2023-11-16",173,6943,1,"7-17369431","11/16/2023"
"7718","Russia","Russia","7 KamAZ KMV-10V boom crane truck","destroyed","https://i.postimg.cc/ncX1Hrqp/1034-Kam-AZ-KMV-10-V-boom-crane-truck-destr-30-11-22.jpg","2023-11-16",173,6944,1,"7-17369441","11/16/2023"
"7719","Russia","Russia","7 KamAZ KMV-10V boom crane truck","destroyed","https://i.postimg.cc/BvcR3dxR/1029-Kam-AZ-KMV-20-K-boom-crane-truck-destr-29-09-23.jpg","2023-11-16",173,6945,1,"7-17369451","11/16/2023"
"7720","Russia","Russia","7 KamAZ KMV-10V boom crane truck","captured","https://twitter.com/UAWeapons/status/1569229430765289472","2023-11-16",173,5775,3,"7-17357753","11/16/2023"
"7721","Russia","Russia","7 KamAZ KMV-10V boom crane truck","captured","https://i.postimg.cc/0N7wzdhk/1012-Kam-AZ-KMV-10-V-boom-crane-capt-05-03-23.jpg","2023-11-16",173,6946,3,"7-17369463","11/16/2023"
"7722","Russia","Russia","Ural-4320 with EOV-3521 excavator","destroyed","https://i.postimg.cc/c4yxc120/65.jpg","2023-11-16",174,6947,1,"7-17469471","11/16/2023"
"7723","Russia","Russia","Ural-4320 with EOV-3521 excavator","destroyed","https://i.postimg.cc/NjBtTx1Q/874.png","2023-11-16",174,6948,1,"7-17469481","11/16/2023"
"7724","Russia","Russia","Ural-4320 with EOV-3521 excavator","destroyed","https://i.postimg.cc/dtyLyY3r/1010-Ural-4320-with-EOV-3521-excavator-destr-14-06-23.jpg","2023-11-16",174,6949,1,"7-17469491","11/16/2023"
"7725","Russia","Russia","Ural-4320 with EOV-3521 excavator","captured","https://i.postimg.cc/bJd8DmK1/1016-Ural-4320-with-EOV-3521-excavator-capt-19-03-23.jpg","2023-11-16",174,6950,3,"7-17469503","11/16/2023"
"7726","Russia","Russia","1 ED2x30-T400-3RA mobile generator","damaged","https://i.postimg.cc/y8Y4TJHv/318.png","2023-11-16",175,6951,2,"7-17569512","11/16/2023"
"7727","Russia","Russia","1 Mobile generator for Podlet-K1 low-altitude S-band surveillance radar","destroyed","https://twitter.com/UAWeapons/status/1549523824521216002","2023-11-16",176,6562,1,"7-17665621","11/16/2023"
"7728","Russia","Russia","3 MTO-UB1 maintenance vehicle","destroyed","https://i.postimg.cc/ydXDmNrD/uuuuraal4320.jpg","2023-11-16",177,6952,1,"7-17769521","11/16/2023"
"7729","Russia","Russia","3 MTO-UB1 maintenance vehicle","captured","https://postimg.cc/gryBVFjK","2023-11-16",177,6953,3,"7-17769533","11/16/2023"
"7730","Russia","Russia","3 MTO-UB1 maintenance vehicle","captured","https://i.postimg.cc/0Qx3NNNy/bn8.png","2023-11-16",177,6954,3,"7-17769543","11/16/2023"
"7731","Russia","Russia","1 MTO-UB2 maintenance vehicle","destroyed","https://i.postimg.cc/0N5pkJcT/1013-ural4320-and-Ural43206-destr-13-02-23.jpg","2023-11-16",178,6955,1,"7-17869551","11/16/2023"
"7732","Russia","Russia","3 MTO-AT mobile workshop","destroyed","https://i.postimg.cc/nrQBMBh6/u5.png","2023-11-16",179,6956,1,"7-17969561","11/16/2023"
"7733","Russia","Russia","3 MTO-AT mobile workshop","destroyed","https://i.postimg.cc/bvbVvPrq/1029-Zil-131-destr.jpg","2023-11-16",179,6957,1,"7-17969571","11/16/2023"
"7734","Russia","Russia","3 MTO-AT mobile workshop","captured","https://i.postimg.cc/sXNfYtmn/1009.jpg","2023-11-16",179,6958,3,"7-17969583","11/16/2023"
"7735","Russia","Russia","1 MTO-AG-3M mobile workshop","destroyed","https://i.postimg.cc/SNmqGPbJ/1079-MTO-AG-3-M.jpg","2023-11-16",180,6959,1,"7-18069591","11/16/2023"
"7736","Russia","Russia","3 ARS-14 decontamination and degassing vehicle","destroyed","https://postimg.cc/jWGDT456","2023-11-16",181,6960,1,"7-18169601","11/16/2023"
"7737","Russia","Russia","3 ARS-14 decontamination and degassing vehicle","captured","https://i.postimg.cc/nrM4vRvh/1007-ural-tanker-capt.jpg","2023-11-16",181,6961,3,"7-18169613","11/16/2023"
"7738","Russia","Russia","3 ARS-14 decontamination and degassing vehicle","captured","https://i.postimg.cc/Y0wzL7N9/2022-03-17-ars-14.jpg","2023-11-16",181,6962,3,"7-18169623","11/16/2023"
"7739","Russia","Russia","1 Uran-6 mine-clearing robotic system","destroyed","https://twitter.com/UAWeapons/status/1575454077823090688","2023-11-16",182,6963,1,"7-18269631","11/16/2023"
"7740","Russia","Russia","2 ISDM Zemledeliye remote mine-laying system","destroyed","https://twitter.com/UAWeapons/status/1631646207155027969","2023-11-16",183,6964,1,"7-18369641","11/16/2023"
"7741","Russia","Russia","2 ISDM Zemledeliye remote mine-laying system","destroyed","https://i.postimg.cc/SsjGLXst/1017-ISDM-Zemledeliye-destr-22-06-23.jpg","2023-11-16",183,6965,1,"7-18369651","11/16/2023"
"7742","Russia","Russia","2 ZiL-131 UMZ mine laying vehicle","destroyed","https://i.postimg.cc/hGDsjZqn/1038-Zi-L-131-UMZ-mine-laying-vehicle-destr-15-06-23.jpg","2023-11-16",184,6966,1,"7-18469661","11/16/2023"
"7743","Russia","Russia","2 ZiL-131 UMZ mine laying vehicle","destroyed","https://i.postimg.cc/CM90b9BM/6522.png","2023-11-16",184,6967,1,"7-18469671","11/16/2023"
"7744","Russia","Soviet Union","1 TDA-3 mobile smoke generator","destroyed","https://i.postimg.cc/cJ77JDc1/1046-TDA-3-mobile-smoke-generator-destr-20-02-23.jpg","2023-11-16",185,6968,1,"7-18569681","11/16/2023"
"7745","Russia","Soviet Union","1 APA-80 engine starting vehicle","destroyed","https://twitter.com/UAWeapons/status/1599835567612911616","2023-11-16",186,6969,1,"7-18669691","11/16/2023"
"7746","Russia","Soviet Union","2 MZA-M.1 battery charge and repair workshop","destroyed","https://i.postimg.cc/Bv7g160m/b3.jpg","2023-11-16",187,6970,1,"7-18769701","11/16/2023"
"7747","Russia","Soviet Union","2 MZA-M.1 battery charge and repair workshop","captured","https://i.postimg.cc/QMhMYvYj/1022-MZA-M-1-battery-charge-and-repair-workshop-capt-05-08-22.jpg","2023-11-16",187,6971,3,"7-18769713","11/16/2023"
"7748","Russia","Soviet Union","9P148 Konkurs","destroyed","https://i.postimg.cc/43GZYGB5/438.jpg","2023-11-16",188,6972,1,"7-18869721","11/16/2023"
"7749","Russia","Soviet Union","9P148 Konkurs","destroyed","https://twitter.com/UAWeapons/status/1527988430063316992","2023-11-16",188,6973,1,"7-18869731","11/16/2023"
"7750","Russia","Soviet Union","9P148 Konkurs","damaged","https://i.postimg.cc/KYLvDyD2/1007-9-P148-Konkurs-dmg-capt.jpg","2023-11-16",188,6974,2,"7-18869742","11/16/2023"
"7751","Russia","Soviet Union","9P148 Konkurs","captured","https://i.postimg.cc/KYLvDyD2/1007-9-P148-Konkurs-dmg-capt.jpg","2023-11-16",188,6974,3,"7-18869743","11/16/2023"
"7752","Russia","Soviet Union","37 9P149 Shturm-S","destroyed","https://i.postimg.cc/FKPZs7Ws/874.png","2023-11-16",189,6975,1,"7-18969751","11/16/2023"
"7753","Russia","Soviet Union","37 9P149 Shturm-S","destroyed","https://i.postimg.cc/YqPYwTdK/1500-1703-Shturm-S-destr.jpg","2023-11-16",189,6976,1,"7-18969761","11/16/2023"
"7754","Russia","Soviet Union","37 9P149 Shturm-S","destroyed","https://i.postimg.cc/NFK5gWWf/4766.jpg","2023-11-16",189,6977,1,"7-18969771","11/16/2023"
"7755","Russia","Soviet Union","37 9P149 Shturm-S","destroyed","https://twitter.com/UAWeapons/status/1522928504937066497","2023-11-16",189,6978,1,"7-18969781","11/16/2023"
"7756","Russia","Soviet Union","37 9P149 Shturm-S","destroyed","https://i.postimg.cc/Qt0c2KGH/88j.jpg","2023-11-16",189,6979,1,"7-18969791","11/16/2023"
"7757","Russia","Soviet Union","37 9P149 Shturm-S","destroyed","https://i.postimg.cc/5N6QJKYJ/1015-2-P149-Shturm-S-destr.jpg","2023-11-16",189,6980,1,"7-18969801","11/16/2023"
"7758","Russia","Soviet Union","37 9P149 Shturm-S","destroyed","https://i.postimg.cc/pTsZ9gZY/1003-shturm-s-destr-27-01-23.jpg","2023-11-16",189,6981,1,"7-18969811","11/16/2023"
"7759","Russia","Soviet Union","37 9P149 Shturm-S","destroyed","https://i.postimg.cc/PqBPgsJY/1005-shturm-s-destr-02-02-23.jpg","2023-11-16",189,6982,1,"7-18969821","11/16/2023"
"7760","Russia","Soviet Union","37 9P149 Shturm-S","destroyed","https://i.postimg.cc/pdX4LKcm/1004-9-P149-Shturm-S-destr-17-02-23.jpg","2023-11-16",189,6983,1,"7-18969831","11/16/2023"
"7761","Russia","Soviet Union","37 9P149 Shturm-S","destroyed","https://i.postimg.cc/GtYS5Kt5/1020-shturm-s-destr-16-02-23.jpg","2023-11-16",189,6984,1,"7-18969841","11/16/2023"
"7762","Russia","Soviet Union","37 9P149 Shturm-S","destroyed","https://i.postimg.cc/44L5kV7W/1019-9-P149-Shturm-S-destr-07-05-23.jpg","2023-11-16",189,6985,1,"7-18969851","11/16/2023"
"7763","Russia","Soviet Union","37 9P149 Shturm-S","destroyed","https://i.postimg.cc/yxdfdFRP/1005-shturm-s-destr-31-03-23.jpg","2023-11-16",189,6986,1,"7-18969861","11/16/2023"
"7764","Russia","Soviet Union","37 9P149 Shturm-S","destroyed","https://i.postimg.cc/9Mxphx2Y/32.png","2023-11-16",189,6987,1,"7-18969871","11/16/2023"
"7765","Russia","Soviet Union","37 9P149 Shturm-S","damaged","https://i.postimg.cc/W3TYnDFn/1057-shuturm-s-dam-21-06-23.jpg","2023-11-16",189,6988,2,"7-18969882","11/16/2023"
"7766","Russia","Soviet Union","37 9P149 Shturm-S","abandoned","https://i.postimg.cc/Qdw6LXPV/98u.png","2023-11-16",189,6989,4,"7-18969894","11/16/2023"
"7767","Russia","Soviet Union","37 9P149 Shturm-S","abandoned","https://i.postimg.cc/8PNsyDd1/3f.jpg","2023-11-16",189,6990,4,"7-18969904","11/16/2023"
"7768","Russia","Soviet Union","37 9P149 Shturm-S","abandoned","https://i.postimg.cc/3JJmTx8c/77666.jpg","2023-11-16",189,6991,4,"7-18969914","11/16/2023"
"7769","Russia","Soviet Union","37 9P149 Shturm-S","captured","https://i.postimg.cc/NGyCzZHk/69.png","2023-11-16",189,6992,3,"7-18969923","11/16/2023"
"7770","Russia","Soviet Union","37 9P149 Shturm-S","captured","https://i.postimg.cc/5N0Bfk9M/4gd.png","2023-11-16",189,6993,3,"7-18969933","11/16/2023"
"7771","Russia","Soviet Union","37 9P149 Shturm-S","captured","https://i.postimg.cc/x1RP0Bm9/60.png","2023-11-16",189,6994,3,"7-18969943","11/16/2023"
"7772","Russia","Soviet Union","37 9P149 Shturm-S","captured","https://i.postimg.cc/cCtmqSjG/1024-9-P149-Shturm-S-capt.jpg","2023-11-16",189,6995,3,"7-18969953","11/16/2023"
"7773","Russia","Soviet Union","37 9P149 Shturm-S","captured","https://i.postimg.cc/gk7vsT8v/556.jpg","2023-11-16",189,6996,3,"7-18969963","11/16/2023"
"7774","Russia","Soviet Union","37 9P149 Shturm-S","captured","https://i.postimg.cc/JhPdDVg1/6889.png","2023-11-16",189,6997,3,"7-18969973","11/16/2023"
"7775","Russia","Soviet Union","37 9P149 Shturm-S","captured","https://i.postimg.cc/NF6wQHQk/h66.jpg","2023-11-16",189,6998,3,"7-18969983","11/16/2023"
"7776","Russia","Soviet Union","37 9P149 Shturm-S","captured","https://i.postimg.cc/XqDwsNYC/1010.jpg","2023-11-16",189,6999,3,"7-18969993","11/16/2023"
"7777","Russia","Soviet Union","37 9P149 Shturm-S","captured","https://i.postimg.cc/44YrQL44/1025-shrurm-s.jpg","2023-11-16",189,7000,3,"7-18970003","11/16/2023"
"7778","Russia","Soviet Union","37 9P149 Shturm-S","captured","https://i.postimg.cc/7L4Q4KzW/1015-mtlb.jpg","2023-11-16",189,7001,3,"7-18970013","11/16/2023"
"7779","Russia","Soviet Union","37 9P149 Shturm-S","captured","https://i.postimg.cc/HsSVwMCB/2022-04-17-Shturm.jpg","2023-11-16",189,7002,3,"7-18970023","11/16/2023"
"7780","Russia","Soviet Union","37 9P149 Shturm-S","captured","https://i.postimg.cc/s2d6LYd0/1004-shturm-s-capt.jpg","2023-11-16",189,7003,3,"7-18970033","11/16/2023"
"7781","Russia","Soviet Union","37 9P149 Shturm-S","captured","https://i.postimg.cc/BvXMtD87/1013-9-P149-Shturm-S-capt.jpg","2023-11-16",189,7004,3,"7-18970043","11/16/2023"
"7782","Russia","Soviet Union","37 9P149 Shturm-S","captured","https://i.postimg.cc/QNk4QVWH/1f.png","2023-11-16",189,7005,3,"7-18970053","11/16/2023"
"7783","Russia","Soviet Union","37 9P149 Shturm-S","captured","https://i.postimg.cc/qvNRsWPf/1009-Shturm-S-capt.jpg","2023-11-16",189,7006,3,"7-18970063","11/16/2023"
"7784","Russia","Soviet Union","37 9P149 Shturm-S","captured","https://i.postimg.cc/hGHfjgP4/1006-shturm-s-capt-18-03-22.jpg","2023-11-16",189,7007,3,"7-18970073","11/16/2023"
"7785","Russia","Soviet Union","37 9P149 Shturm-S","captured","https://i.postimg.cc/T2D7k426/1005-Shturm-S-capt-22-01-23.jpg","2023-11-16",189,7008,3,"7-18970083","11/16/2023"
"7786","Russia","Soviet Union","37 9P149 Shturm-S","captured","https://i.postimg.cc/J4Q1b7cS/1001-shturm-s-capt-27-01-23.jpg","2023-11-16",189,7009,3,"7-18970093","11/16/2023"
"7787","Russia","Russia","9P163M-1 Kornet-T","destroyed","https://i.postimg.cc/sfbm5Dp3/image.jpg","2023-11-16",190,7010,1,"7-19070101","11/16/2023"
"7788","Russia","Russia","9P163M-1 Kornet-T","destroyed","https://i.postimg.cc/LswcjT8T/h65.jpg","2023-11-16",190,7011,1,"7-19070111","11/16/2023"
"7789","Russia","Soviet Union","1 1V110 BM-21 Grad battery command vehicle","captured","https://i.postimg.cc/VLV92mk5/433.png","2023-11-16",191,7012,3,"7-19170123","11/16/2023"
"7790","Russia","Soviet Union","1 1V110 BM-21 Grad battery command vehicle","destroyed","https://i.postimg.cc/VLV92mk5/433.png","2023-11-16",191,7012,1,"7-19170121","11/16/2023"
"7791","Russia","Soviet Union","1V13(M) battery fire control center","destroyed","https://i.postimg.cc/BnQf3bzx/d134.jpg","2023-11-16",192,7013,1,"7-19270131","11/16/2023"
"7792","Russia","Soviet Union","1V13(M) battery fire control center","abandoned","https://i.postimg.cc/c4K0H35q/3211.png","2023-11-16",192,7014,4,"7-19270144","11/16/2023"
"7793","Russia","Soviet Union","1V13(M) battery fire control center","destroyed","https://i.postimg.cc/c4K0H35q/3211.png","2023-11-16",192,7014,1,"7-19270141","11/16/2023"
"7794","Russia","Soviet Union","1V13(M) battery fire control center","abandoned","https://i.postimg.cc/132LjY94/3213.png","2023-11-16",192,7015,4,"7-19270154","11/16/2023"
"7795","Russia","Soviet Union","1V13(M) battery fire control center","destroyed","https://i.postimg.cc/132LjY94/3213.png","2023-11-16",192,7015,1,"7-19270151","11/16/2023"
"7796","Russia","Soviet Union","1V13(M) battery fire control center","destroyed","https://i.postimg.cc/CxYFzQpq/2022-03-30-1v13.jpg","2023-11-16",192,7016,1,"7-19270161","11/16/2023"
"7797","Russia","Soviet Union","1V13(M) battery fire control center","destroyed","https://i.postimg.cc/nzfWTj2X/1019-1-V13-1-destr-25-01-23.jpg","2023-11-16",192,7017,1,"7-19270171","11/16/2023"
"7798","Russia","Soviet Union","1V13(M) battery fire control center","destroyed","https://i.postimg.cc/23R7LfzH/1002-1-V13-1-battery-fire-control-centre-destr-17-02-23.jpg","2023-11-16",192,7018,1,"7-19270181","11/16/2023"
"7799","Russia","Soviet Union","1V13(M) battery fire control center","destroyed","https://i.postimg.cc/1zVvxGpC/1010-1v13-destr-03-03-23.jpg","2023-11-16",192,7019,1,"7-19270191","11/16/2023"
"7800","Russia","Soviet Union","1V13(M) battery fire control center","destroyed","https://i.postimg.cc/wTKQwf2B/1028-1-V13-destr-12-05-23.jpg","2023-11-16",192,7020,1,"7-19270201","11/16/2023"
"7801","Russia","Soviet Union","1V13(M) battery fire control center","abandoned","https://i.postimg.cc/gc14s4Fb/a2.png","2023-11-16",192,7021,4,"7-19270214","11/16/2023"
"7802","Russia","Soviet Union","1V13(M) battery fire control center","captured","https://i.postimg.cc/zvT9vXFV/4ff.png","2023-11-16",192,7022,3,"7-19270223","11/16/2023"
"7803","Russia","Soviet Union","1V13(M) battery fire control center","captured","https://i.postimg.cc/QdsVWrSW/4311.png","2023-11-16",192,7023,3,"7-19270233","11/16/2023"
"7804","Russia","Soviet Union","1V13(M) battery fire control center","captured","https://i.postimg.cc/7684qCHZ/76j.png","2023-11-16",192,7024,3,"7-19270243","11/16/2023"
"7805","Russia","Soviet Union","1V13(M) battery fire control center","captured","https://i.postimg.cc/CxNMsZpw/f4311.jpg","2023-11-16",192,7025,3,"7-19270253","11/16/2023"
"7806","Russia","Soviet Union","1V13(M) battery fire control center","captured","https://postimg.cc/hJ81CDDV","2023-11-16",192,7026,3,"7-19270263","11/16/2023"
"7807","Russia","Soviet Union","1V13(M) battery fire control center","captured","https://i.postimg.cc/jC0Hsf1B/1001-1v12.png","2023-11-16",192,7027,3,"7-19270273","11/16/2023"
"7808","Russia","Soviet Union","1V13(M) battery fire control center","captured","https://i.postimg.cc/9QdFYVQr/1020-1-V13-capt.jpg","2023-11-16",192,7028,3,"7-19270283","11/16/2023"
"7809","Russia","Soviet Union","1V13(M) battery fire control center","damaged","https://i.postimg.cc/4yqQF3pS/1000-1-V13-dam-capt.jpg","2023-11-16",192,7029,2,"7-19270292","11/16/2023"
"7810","Russia","Soviet Union","1V13(M) battery fire control center","captured","https://i.postimg.cc/4yqQF3pS/1000-1-V13-dam-capt.jpg","2023-11-16",192,7029,3,"7-19270293","11/16/2023"
"7811","Russia","Soviet Union","1V13(M) battery fire control center","captured","https://i.postimg.cc/j2LJrjX2/1021-1-V13-1-battery-fire-control-centre-capt.jpg","2023-11-16",192,7030,3,"7-19270303","11/16/2023"
"7812","Russia","Soviet Union","1V13(M) battery fire control center","captured","https://i.postimg.cc/BZBtS0Bt/1003-1-V13-capt-01-01-23.jpg","2023-11-16",192,7031,3,"7-19270313","11/16/2023"
"7813","Russia","Soviet Union","1V13(M) battery fire control center","captured","https://i.postimg.cc/sx9cZ22w/1350.png","2023-11-16",192,7032,3,"7-19270323","11/16/2023"
"7814","Russia","Soviet Union","1V13(M) battery fire control center","captured","https://i.postimg.cc/0jNMcmJZ/1005-1v13-capt-31-03-22.jpg","2023-11-16",192,7033,3,"7-19270333","11/16/2023"
"7815","Russia","Soviet Union","20 1V14 battery command and forward observer vehicle","destroyed","https://i.postimg.cc/J4v1XMvj/1000.jpg","2023-11-16",193,7034,1,"7-19370341","11/16/2023"
"7816","Russia","Soviet Union","20 1V14 battery command and forward observer vehicle","destroyed","https://i.postimg.cc/rm6QqDj8/1011-1v14-destr-03-03-23.jpg","2023-11-16",193,7035,1,"7-19370351","11/16/2023"
"7817","Russia","Soviet Union","20 1V14 battery command and forward observer vehicle","destroyed","https://i.postimg.cc/QMpTVfrP/376.png","2023-11-16",193,7036,1,"7-19370361","11/16/2023"
"7818","Russia","Soviet Union","20 1V14 battery command and forward observer vehicle","destroyed","https://i.postimg.cc/QMDd8M4c/1001-bmp2-and-1-V14-destr-17-07-23.jpg","2023-11-16",193,4204,1,"7-19342041","11/16/2023"
"7819","Russia","Soviet Union","20 1V14 battery command and forward observer vehicle","destroyed","https://i.postimg.cc/vmcPJT2K/1026-1-V14-destr-02-08-23.jpg","2023-11-16",193,7037,1,"7-19370371","11/16/2023"
"7820","Russia","Soviet Union","20 1V14 battery command and forward observer vehicle","abandoned","https://i.postimg.cc/RhfQQc5g/1019-1-V14-M-aband-04-03-23.jpg","2023-11-16",193,7038,4,"7-19370384","11/16/2023"
"7821","Russia","Soviet Union","20 1V14 battery command and forward observer vehicle","damaged","https://i.postimg.cc/sDTPR0kN/23.jpg","2023-11-16",193,7039,2,"7-19370392","11/16/2023"
"7822","Russia","Soviet Union","20 1V14 battery command and forward observer vehicle","captured","https://i.postimg.cc/sDTPR0kN/23.jpg","2023-11-16",193,7039,3,"7-19370393","11/16/2023"
"7823","Russia","Soviet Union","20 1V14 battery command and forward observer vehicle","captured","https://i.postimg.cc/xjmrvypy/516.png","2023-11-16",193,7040,3,"7-19370403","11/16/2023"
"7824","Russia","Soviet Union","20 1V14 battery command and forward observer vehicle","captured","https://i.postimg.cc/kgStdT9g/da.jpg","2023-11-16",193,7041,3,"7-19370413","11/16/2023"
"7825","Russia","Soviet Union","20 1V14 battery command and forward observer vehicle","captured","https://i.postimg.cc/CxxL2f5y/31f.png","2023-11-16",193,7042,3,"7-19370423","11/16/2023"
"7826","Russia","Soviet Union","20 1V14 battery command and forward observer vehicle","captured","https://postimg.cc/ZBZZ2kjm","2023-11-16",193,7043,3,"7-19370433","11/16/2023"
"7827","Russia","Soviet Union","20 1V14 battery command and forward observer vehicle","captured","https://i.postimg.cc/Qx92WtWg/1028-1v14.jpg","2023-11-16",193,7044,3,"7-19370443","11/16/2023"
"7828","Russia","Soviet Union","20 1V14 battery command and forward observer vehicle","captured","https://i.postimg.cc/Y0XdW5q3/2022-09-28-1-V14.jpg","2023-11-16",193,7045,3,"7-19370453","11/16/2023"
"7829","Russia","Soviet Union","20 1V14 battery command and forward observer vehicle","captured","https://i.postimg.cc/C5MFGQ4C/2022-03-31-1v14.jpg","2023-11-16",193,7046,3,"7-19370463","11/16/2023"
"7830","Russia","Soviet Union","20 1V14 battery command and forward observer vehicle","captured","https://i.postimg.cc/44cvGBvc/2022-04-05-1v14.jpg","2023-11-16",193,7047,3,"7-19370473","11/16/2023"
"7831","Russia","Soviet Union","20 1V14 battery command and forward observer vehicle","captured","https://i.postimg.cc/L6X8dDzq/1009-1-V14-capt.jpg","2023-11-16",193,7048,3,"7-19370483","11/16/2023"
"7832","Russia","Soviet Union","20 1V14 battery command and forward observer vehicle","captured","https://i.postimg.cc/XY6VJj7v/1000-1-V14-M-capt-14-11.jpg","2023-11-16",193,7049,3,"7-19370493","11/16/2023"
"7833","Russia","Soviet Union","20 1V14 battery command and forward observer vehicle","captured","https://i.postimg.cc/BnLKPJxJ/1008-1v14-m-capt-31-03-22.jpg","2023-11-16",193,7050,3,"7-19370503","11/16/2023"
"7834","Russia","Soviet Union","20 1V14 battery command and forward observer vehicle","captured","https://i.postimg.cc/63JZBWDQ/b76.png","2023-11-16",193,7051,3,"7-19370513","11/16/2023"
"7835","Russia","Soviet Union","20 1V14 battery command and forward observer vehicle","captured","https://twitter.com/UAWeapons/status/1567982537942646785","2023-11-16",193,7052,3,"7-19370523","11/16/2023"
"7836","Russia","Soviet Union","2 1V15M fire control and observation vehicle","destroyed","https://i.postimg.cc/6pHdsDmg/13.png","2023-11-16",194,7053,1,"7-19470531","11/16/2023"
"7837","Russia","Soviet Union","2 1V15M fire control and observation vehicle","destroyed","https://twitter.com/RALee85/status/1636829669960867840","2023-11-16",194,7054,1,"7-19470541","11/16/2023"
"7838","Russia","Soviet Union","1 1V16 battalion fire direction vehicle","captured","https://i.postimg.cc/k4wxmzP1/1005-1-V16-battalion-fire-direction-centre-capt.jpg","2023-11-16",195,7055,3,"7-19570553","11/16/2023"
"7839","Russia","Soviet Union","2 1V18 'Klyon-1' artillery command and forward observer vehicle","destroyed","https://i.postimg.cc/15WZCcXV/2022-06-04-1-V18.jpg","2023-11-16",196,7056,1,"7-19670561","11/16/2023"
"7840","Russia","Soviet Union","2 1V18 'Klyon-1' artillery command and forward observer vehicle","destroyed","https://i.postimg.cc/MpQBSTcQ/1012-1-V18-Klyon-1-destr-15-08-22.jpg","2023-11-16",196,7057,1,"7-19670571","11/16/2023"
"7841","Russia","Soviet Union","1V119 artillery fire direction vehicle","destroyed","https://i.postimg.cc/VvNbGBZ8/h6.jpg","2023-11-16",197,7058,1,"7-19770581","11/16/2023"
"7842","Russia","Soviet Union","1V119 artillery fire direction vehicle","destroyed","https://i.postimg.cc/T1P9Tbdh/1050-1-V119-Rheostat-destr-28-04-23.jpg","2023-11-16",197,7059,1,"7-19770591","11/16/2023"
"7843","Russia","Soviet Union","1V119 artillery fire direction vehicle","destroyed","https://i.postimg.cc/qBbGHh3D/1031-1-V119-artillery-fire-direction-vehicle-destr-30-11-22.jpg","2023-11-16",197,7060,1,"7-19770601","11/16/2023"
"7844","Russia","Soviet Union","1V119 artillery fire direction vehicle","captured","https://i.postimg.cc/tgYSCmW7/g76.png","2023-11-16",197,7061,3,"7-19770613","11/16/2023"
"7845","Russia","Soviet Union","1V119 artillery fire direction vehicle","captured","https://i.postimg.cc/J7kqnFJ0/ff2v.jpg","2023-11-16",197,7062,3,"7-19770623","11/16/2023"
"7846","Russia","Soviet Union","1V119 artillery fire direction vehicle","captured","https://i.postimg.cc/25yxPDFB/d18.png","2023-11-16",197,7063,3,"7-19770633","11/16/2023"
"7847","Russia","Soviet Union","1V119 artillery fire direction vehicle","captured","https://i.postimg.cc/jdkFKNbv/f1.png","2023-11-16",197,7064,3,"7-19770643","11/16/2023"
"7848","Russia","Soviet Union","1V119 artillery fire direction vehicle","captured","https://i.postimg.cc/PfK9K2XV/652.png","2023-11-16",197,7065,3,"7-19770653","11/16/2023"
"7849","Russia","Soviet Union","1V119 artillery fire direction vehicle","captured","https://twitter.com/UAWeapons/status/1592510084072247296","2023-11-16",197,7066,3,"7-19770663","11/16/2023"
"7850","Russia","Soviet Union","1V119 artillery fire direction vehicle","captured","https://i.postimg.cc/WbQY9ZBB/11-10-2022-1-V119-captured.jpg","2023-11-16",197,7067,3,"7-19770673","11/16/2023"
"7851","Russia","Soviet Union","1V119 artillery fire direction vehicle","captured","https://i.postimg.cc/6p0ntXr9/1007-1-V119-capt.jpg","2023-11-16",197,7068,3,"7-19770683","11/16/2023"
"7852","Russia","Russia","1 1V1003 command and observation vehicle (for 1V198 artillery fire control system)","captured","https://twitter.com/UAWeapons/status/1571945145846710274","2023-11-16",198,7069,3,"7-19870693","11/16/2023"
"7853","Russia","Soviet Union","40 9T452 transporter-loader (for BM-27 Uragan MRL)","destroyed","https://i.postimg.cc/QNzHJ4Yk/n2.png","2023-11-16",199,7070,1,"7-19970701","11/16/2023"
"7854","Russia","Soviet Union","40 9T452 transporter-loader (for BM-27 Uragan MRL)","destroyed","https://i.postimg.cc/Qdy34PjC/d34.jpg","2023-11-16",199,7071,1,"7-19970711","11/16/2023"
"7855","Russia","Soviet Union","40 9T452 transporter-loader (for BM-27 Uragan MRL)","destroyed","https://twitter.com/UAWeapons/status/1584498062705061889","2023-11-16",199,7072,1,"7-19970721","11/16/2023"
"7856","Russia","Soviet Union","40 9T452 transporter-loader (for BM-27 Uragan MRL)","destroyed","https://i.postimg.cc/L6g5180Q/t5.jpg","2023-11-16",199,7073,1,"7-19970731","11/16/2023"
"7857","Russia","Soviet Union","40 9T452 transporter-loader (for BM-27 Uragan MRL)","destroyed","https://i.postimg.cc/sX4BXjKH/t6.jpg","2023-11-16",199,7074,1,"7-19970741","11/16/2023"
"7858","Russia","Soviet Union","40 9T452 transporter-loader (for BM-27 Uragan MRL)","destroyed","https://i.postimg.cc/C5Mr6Bt6/p-SBgo-B4-B-jpg-large.jpg","2023-11-16",199,7075,1,"7-19970751","11/16/2023"
"7859","Russia","Soviet Union","40 9T452 transporter-loader (for BM-27 Uragan MRL)","destroyed","https://twitter.com/UAWeapons/status/1520042517382766592","2023-11-16",199,7076,1,"7-19970761","11/16/2023"
"7860","Russia","Soviet Union","40 9T452 transporter-loader (for BM-27 Uragan MRL)","destroyed","https://i.postimg.cc/zGJzBKWH/18.png","2023-11-16",199,7077,1,"7-19970771","11/16/2023"
"7861","Russia","Soviet Union","40 9T452 transporter-loader (for BM-27 Uragan MRL)","destroyed","https://i.postimg.cc/g2NY6jqS/41.png","2023-11-16",199,7078,1,"7-19970781","11/16/2023"
"7862","Russia","Soviet Union","40 9T452 transporter-loader (for BM-27 Uragan MRL)","destroyed","https://i.postimg.cc/BbKqvQP2/1059-9-T452-transloader-for-BM-27-Uragan-MRL-destr-01-05-22.jpg","2023-11-16",199,7079,1,"7-19970791","11/16/2023"
"7863","Russia","Soviet Union","40 9T452 transporter-loader (for BM-27 Uragan MRL)","destroyed","https://i.postimg.cc/xTTBw0gn/1020.jpg","2023-11-16",199,7080,1,"7-19970801","11/16/2023"
"7864","Russia","Soviet Union","40 9T452 transporter-loader (for BM-27 Uragan MRL)","destroyed","https://twitter.com/UAWeapons/status/1544042293442875392","2023-11-16",199,7081,1,"7-19970811","11/16/2023"
"7865","Russia","Soviet Union","40 9T452 transporter-loader (for BM-27 Uragan MRL)","destroyed","https://i.postimg.cc/2Smyg1Wg/1000.jpg","2023-11-16",199,7082,1,"7-19970821","11/16/2023"
"7866","Russia","Soviet Union","40 9T452 transporter-loader (for BM-27 Uragan MRL)","destroyed","https://i.postimg.cc/t45Jb9tJ/1001.jpg","2023-11-16",199,7083,1,"7-19970831","11/16/2023"
"7867","Russia","Soviet Union","40 9T452 transporter-loader (for BM-27 Uragan MRL)","destroyed","https://twitter.com/Blue_Sauron/status/1569356938714009603","2023-11-16",199,7084,1,"7-19970841","11/16/2023"
"7868","Russia","Soviet Union","40 9T452 transporter-loader (for BM-27 Uragan MRL)","destroyed","https://twitter.com/UAWeapons/status/1577963416739880960","2023-11-16",199,7085,1,"7-19970851","11/16/2023"
"7869","Russia","Soviet Union","40 9T452 transporter-loader (for BM-27 Uragan MRL)","destroyed","https://twitter.com/UAWeapons/status/1582703407696969728","2023-11-16",199,7086,1,"7-19970861","11/16/2023"
"7870","Russia","Soviet Union","40 9T452 transporter-loader (for BM-27 Uragan MRL)","destroyed","https://i.postimg.cc/P5GvBT8f/1004-9-T452-transloader-for-the-BM-27-destr.jpg","2023-11-16",199,7087,1,"7-19970871","11/16/2023"
"7871","Russia","Soviet Union","40 9T452 transporter-loader (for BM-27 Uragan MRL)","destroyed","https://twitter.com/UAWeapons/status/1596483166679621632","2023-11-16",199,7088,1,"7-19970881","11/16/2023"
"7872","Russia","Soviet Union","40 9T452 transporter-loader (for BM-27 Uragan MRL)","destroyed","https://i.postimg.cc/fLBdwQwm/2022-11-13-9-T452-transloader.jpg","2023-11-16",199,7089,1,"7-19970891","11/16/2023"
"7873","Russia","Soviet Union","40 9T452 transporter-loader (for BM-27 Uragan MRL)","destroyed","https://i.postimg.cc/vDRY1gmP/d26.png","2023-11-16",199,7090,1,"7-19970901","11/16/2023"
"7874","Russia","Soviet Union","40 9T452 transporter-loader (for BM-27 Uragan MRL)","destroyed","https://i.postimg.cc/k4z6c54S/3f7.png","2023-11-16",199,7091,1,"7-19970911","11/16/2023"
"7875","Russia","Soviet Union","40 9T452 transporter-loader (for BM-27 Uragan MRL)","destroyed","https://i.postimg.cc/bwjf7FGC/4470.png","2023-11-16",199,7092,1,"7-19970921","11/16/2023"
"7876","Russia","Soviet Union","40 9T452 transporter-loader (for BM-27 Uragan MRL)","destroyed","https://i.postimg.cc/cHKKQW8L/1058-9-T452-transloader-for-BM-27-Uragan-MRL-destr-01-05-22.jpg","2023-11-16",199,7093,1,"7-19970931","11/16/2023"
"7877","Russia","Soviet Union","40 9T452 transporter-loader (for BM-27 Uragan MRL)","captured","https://i.postimg.cc/YCyjYGwT/dd3.jpg","2023-11-16",199,7094,3,"7-19970943","11/16/2023"
"7878","Russia","Soviet Union","40 9T452 transporter-loader (for BM-27 Uragan MRL)","captured","https://i.postimg.cc/KvPYBTtf/76.jpg","2023-11-16",199,7095,3,"7-19970953","11/16/2023"
"7879","Russia","Soviet Union","40 9T452 transporter-loader (for BM-27 Uragan MRL)","captured","https://i.postimg.cc/CMrjXScX/78.png","2023-11-16",199,7096,3,"7-19970963","11/16/2023"
"7880","Russia","Soviet Union","40 9T452 transporter-loader (for BM-27 Uragan MRL)","captured","https://i.postimg.cc/Jh5998QP/5588.jpg","2023-11-16",199,7097,3,"7-19970973","11/16/2023"
"7881","Russia","Soviet Union","40 9T452 transporter-loader (for BM-27 Uragan MRL)","captured","https://i.postimg.cc/Nfvm2pYM/47h.jpg","2023-11-16",199,7098,3,"7-19970983","11/16/2023"
"7882","Russia","Soviet Union","40 9T452 transporter-loader (for BM-27 Uragan MRL)","captured","https://twitter.com/UAWeapons/status/1570032496397455361","2023-11-16",199,7099,3,"7-19970993","11/16/2023"
"7883","Russia","Soviet Union","40 9T452 transporter-loader (for BM-27 Uragan MRL)","captured","https://i.postimg.cc/MKNZWrDv/1043-bm27-loader-capt.jpg","2023-11-16",199,7100,3,"7-19971003","11/16/2023"
"7884","Russia","Soviet Union","40 9T452 transporter-loader (for BM-27 Uragan MRL)","captured","https://i.postimg.cc/dt5yDxXS/1012-bm27-loader.jpg","2023-11-16",199,7101,3,"7-19971013","11/16/2023"
"7885","Russia","Soviet Union","40 9T452 transporter-loader (for BM-27 Uragan MRL)","captured","https://twitter.com/UAWeapons/status/1583435517529841665","2023-11-16",199,7102,3,"7-19971023","11/16/2023"
"7886","Russia","Soviet Union","40 9T452 transporter-loader (for BM-27 Uragan MRL)","captured","https://i.postimg.cc/0QCjJH9p/Ural-43206-captured.png","2023-11-16",199,7103,3,"7-19971033","11/16/2023"
"7887","Russia","Soviet Union","40 9T452 transporter-loader (for BM-27 Uragan MRL)","captured","https://i.postimg.cc/KjKTM4mz/1030-9-T452-transloader-for-the-BM-27-capt-30-11-23.jpg","2023-11-16",199,7104,3,"7-19971043","11/16/2023"
"7888","Russia","Soviet Union","1 TZM 9T234-2 transporter-loader (for BM-30 Smerch)","destroyed","https://twitter.com/UAWeapons/status/1643016349566791680","2023-11-16",200,7105,1,"7-20071051","11/16/2023"
"7889","Russia","Russia","TZM-T reloader vehicle (for TOS-1A)","destroyed","https://twitter.com/UAWeapons/status/1527564800041140226","2023-11-16",201,7106,1,"7-20171061","11/16/2023"
"7890","Russia","Russia","TZM-T reloader vehicle (for TOS-1A)","destroyed","https://i.postimg.cc/8P2r4854/d35.png","2023-11-16",201,7107,1,"7-20171071","11/16/2023"
"7891","Russia","Russia","TZM-T reloader vehicle (for TOS-1A)","abandoned","https://i.postimg.cc/3wM0txDr/4b.png","2023-11-16",201,7108,4,"7-20171084","11/16/2023"
"7892","Russia","Russia","TZM-T reloader vehicle (for TOS-1A)","destroyed","https://i.postimg.cc/3wM0txDr/4b.png","2023-11-16",201,7108,1,"7-20171081","11/16/2023"
"7893","Russia","Russia","TZM-T reloader vehicle (for TOS-1A)","captured","https://i.postimg.cc/BbJkL3hg/5f3.png","2023-11-16",201,7109,3,"7-20171093","11/16/2023"
"7894","Russia","Russia","TZM-T reloader vehicle (for TOS-1A)","captured","https://i.postimg.cc/gjSZQCQQ/468.png","2023-11-16",201,7110,3,"7-20171103","11/16/2023"
"7895","Russia","Russia","TZM-T reloader vehicle (for TOS-1A)","captured","https://i.postimg.cc/T1ZNX9Br/568.png","2023-11-16",201,7111,3,"7-20171113","11/16/2023"
"7896","Russia","Russia","TZM-T reloader vehicle (for TOS-1A)","captured","https://i.postimg.cc/289VZp85/5788.png","2023-11-16",201,7112,3,"7-20171123","11/16/2023"
"7897","Russia","Soviet Union","2 PRP-4(M) artillery reconnaissance vehicle","destroyed","https://i.postimg.cc/sgtfngSZ/1019-PRP-4-M-destr-03-04-23.jpg","2023-11-16",202,7113,1,"7-20271131","11/16/2023"
"7898","Russia","Soviet Union","2 PRP-4(M) artillery reconnaissance vehicle","destroyed","https://i.postimg.cc/s2bfcP6p/1044-PRP-4-M-artillery-reconnaissance-vehicle-destr-07-10-22.jpg","2023-11-16",202,7114,1,"7-20271141","11/16/2023"
"7899","Russia","Russia","1 PRP-4A Argus artillery reconnaissance vehicle","captured","https://i.postimg.cc/D0zgxyKF/1005-PRP-4-A-Argus-artillery-reconnaissance-vehicle.jpg","2023-11-16",203,7115,3,"7-20371153","11/16/2023"
"7900","Russia","Soviet Union","12 82mm 2B9 Vasilek automatic gun mortar","destroyed","https://postimg.cc/zLrjFQCq","2023-11-16",204,7116,1,"7-20471161","11/16/2023"
"7901","Russia","Soviet Union","12 82mm 2B9 Vasilek automatic gun mortar","destroyed","https://i.postimg.cc/QC69ZM5s/1065-2-B9-Vasilek-destr-14-05-23.jpg","2023-11-16",204,7117,1,"7-20471171","11/16/2023"
"7902","Russia","Soviet Union","12 82mm 2B9 Vasilek automatic gun mortar","destroyed","https://i.postimg.cc/hjm3S2hT/1005-82mm-2-B9-Vasilek-automatic-gun-mortar-destr-02-04-22.jpg","2023-11-16",204,7118,1,"7-20471181","11/16/2023"
"7903","Russia","Soviet Union","12 82mm 2B9 Vasilek automatic gun mortar","destroyed","https://i.postimg.cc/zfLydkDp/1000-vasilek-mortar-destr-30-07-23.jpg","2023-11-16",204,7119,1,"7-20471191","11/16/2023"
"7904","Russia","Soviet Union","12 82mm 2B9 Vasilek automatic gun mortar","destroyed","https://i.postimg.cc/76vDXY12/1081-82mm-2-B9-Vasilek-destr-18-10-23.jpg","2023-11-16",204,7120,1,"7-20471201","11/16/2023"
"7905","Russia","Soviet Union","12 82mm 2B9 Vasilek automatic gun mortar","destroyed","https://i.postimg.cc/xCP6x2yf/1047-Ural-4320-36-with-a-2-B9-Vasilek-destr-05-11-23.jpg","2023-11-16",204,7121,1,"7-20471211","11/16/2023"
"7906","Russia","Soviet Union","12 82mm 2B9 Vasilek automatic gun mortar","captured","https://postimg.cc/qtTfwVVv","2023-11-16",204,7122,3,"7-20471223","11/16/2023"
"7907","Russia","Soviet Union","12 82mm 2B9 Vasilek automatic gun mortar","captured","https://postimg.cc/06dTHWPd","2023-11-16",204,7123,3,"7-20471233","11/16/2023"
"7908","Russia","Soviet Union","12 82mm 2B9 Vasilek automatic gun mortar","captured","https://twitter.com/UAWeapons/status/1572585885274865665","2023-11-16",204,7124,3,"7-20471243","11/16/2023"
"7909","Russia","Soviet Union","12 82mm 2B9 Vasilek automatic gun mortar","captured","https://postimg.cc/143VJGgH","2023-11-16",204,7125,3,"7-20471253","11/16/2023"
"7910","Russia","Soviet Union","12 82mm 2B9 Vasilek automatic gun mortar","captured","https://i.postimg.cc/cCcFbq8C/55440.png","2023-11-16",204,7126,3,"7-20471263","11/16/2023"
"7911","Russia","Soviet Union","12 82mm 2B9 Vasilek automatic gun mortar","damaged","https://i.postimg.cc/c4vBxx7x/1037-2-B9-Vasilek-dam-capt-06-10-23.jpg","2023-11-16",204,7127,2,"7-20471272","11/16/2023"
"7912","Russia","Soviet Union","12 82mm 2B9 Vasilek automatic gun mortar","captured","https://i.postimg.cc/c4vBxx7x/1037-2-B9-Vasilek-dam-capt-06-10-23.jpg","2023-11-16",204,7127,3,"7-20471273","11/16/2023"
"7913","Russia","Soviet Union","28 100mm MT-12 anti-tank gun","destroyed","https://twitter.com/UAWeapons/status/1522214564380569605","2023-11-16",205,2037,1,"7-20520371","11/16/2023"
"7914","Russia","Soviet Union","28 100mm MT-12 anti-tank gun","destroyed","https://i.postimg.cc/hGZmQ1Z6/1025-mt12-destr.jpg","2023-11-16",205,7128,1,"7-20571281","11/16/2023"
"7915","Russia","Soviet Union","28 100mm MT-12 anti-tank gun","destroyed","https://i.postimg.cc/JhtZzjGR/1027-mt12-destr-18-03-23.jpg","2023-11-16",205,7129,1,"7-20571291","11/16/2023"
"7916","Russia","Soviet Union","28 100mm MT-12 anti-tank gun","destroyed","https://i.postimg.cc/V6nfPt41/64.png","2023-11-16",205,7130,1,"7-20571301","11/16/2023"
"7917","Russia","Soviet Union","28 100mm MT-12 anti-tank gun","destroyed","https://twitter.com/UAWeapons/status/1648644868929998849","2023-11-16",205,7131,1,"7-20571311","11/16/2023"
"7918","Russia","Soviet Union","28 100mm MT-12 anti-tank gun","destroyed","https://i.postimg.cc/vTb4FSSj/1000-unkn-bmp-mt12-ural4320-destr-27-04-23.jpg","2023-11-16",205,4707,1,"7-20547071","11/16/2023"
"7919","Russia","Soviet Union","28 100mm MT-12 anti-tank gun","destroyed","https://twitter.com/UAWeapons/status/1661733659773403136","2023-11-16",205,7132,1,"7-20571321","11/16/2023"
"7920","Russia","Soviet Union","28 100mm MT-12 anti-tank gun","destroyed","https://i.postimg.cc/TPN6y9Z2/1015-ural4320-and-mt12-destr-23-05-23.jpg","2023-11-16",205,7133,1,"7-20571331","11/16/2023"
"7921","Russia","Soviet Union","28 100mm MT-12 anti-tank gun","destroyed","https://i.postimg.cc/W1yNgNzv/1002-mt-12-rapira-destr-29-06-23.jpg","2023-11-16",205,7134,1,"7-20571341","11/16/2023"
"7922","Russia","Soviet Union","28 100mm MT-12 anti-tank gun","destroyed","https://i.postimg.cc/63cqZ76x/1022-mt12-rapira-destr-05-07-23.jpg","2023-11-16",205,7135,1,"7-20571351","11/16/2023"
"7923","Russia","Soviet Union","28 100mm MT-12 anti-tank gun","destroyed","https://i.postimg.cc/Fsqg5nP5/1018-100mm-MT-12-anti-tank-gun-destr-06-07-23.jpg","2023-11-16",205,7136,1,"7-20571361","11/16/2023"
"7924","Russia","Soviet Union","28 100mm MT-12 anti-tank gun","destroyed","https://i.postimg.cc/x8bgxwHy/1013-MT-12-destr-26-07-23.jpg","2023-11-16",205,7137,1,"7-20571371","11/16/2023"
"7925","Russia","Soviet Union","28 100mm MT-12 anti-tank gun","destroyed","https://i.postimg.cc/RCwCrLbj/1007-mt12-destr-07-08-23.jpg","2023-11-16",205,7138,1,"7-20571381","11/16/2023"
"7926","Russia","Soviet Union","28 100mm MT-12 anti-tank gun","destroyed","https://i.postimg.cc/PrSRq9m6/1002-mt12-destr-13-08-23.jpg","2023-11-16",205,7139,1,"7-20571391","11/16/2023"
"7927","Russia","Soviet Union","28 100mm MT-12 anti-tank gun","destroyed","https://i.postimg.cc/Qdq3m4W9/65.png","2023-11-16",205,7140,1,"7-20571401","11/16/2023"
"7928","Russia","Soviet Union","28 100mm MT-12 anti-tank gun","destroyed","https://i.postimg.cc/Ss6Gh553/343.png","2023-11-16",205,7141,1,"7-20571411","11/16/2023"
"7929","Russia","Soviet Union","28 100mm MT-12 anti-tank gun","destroyed","https://i.postimg.cc/HxTtdbzR/1004-MT-12-Rapira-anti-tank-gun-destr-04-10-23.jpg","2023-11-16",205,7142,1,"7-20571421","11/16/2023"
"7930","Russia","Soviet Union","28 100mm MT-12 anti-tank gun","destroyed","https://twitter.com/UAWeapons/status/1712904641300644099","2023-11-16",205,1581,1,"7-20515811","11/16/2023"
"7931","Russia","Soviet Union","28 100mm MT-12 anti-tank gun","damaged","https://twitter.com/UAWeapons/status/1648644868929998849","2023-11-16",205,7131,2,"7-20571312","11/16/2023"
"7932","Russia","Soviet Union","28 100mm MT-12 anti-tank gun","damaged","https://i.postimg.cc/VLTtJhnR/1034-100mm-MT-12-anti-tank-gun-dam-30-09-23.jpg","2023-11-16",205,7143,2,"7-20571432","11/16/2023"
"7933","Russia","Soviet Union","28 100mm MT-12 anti-tank gun","captured","https://i.postimg.cc/85pqC5hy/4y.png","2023-11-16",205,7144,3,"7-20571443","11/16/2023"
"7934","Russia","Soviet Union","28 100mm MT-12 anti-tank gun","captured","https://i.postimg.cc/HLLcDxQ0/1003-mt-12-rapira.jpg","2023-11-16",205,7145,3,"7-20571453","11/16/2023"
"7935","Russia","Soviet Union","28 100mm MT-12 anti-tank gun","captured","https://twitter.com/UAWeapons/status/1568338907950899203","2023-11-16",205,7146,3,"7-20571463","11/16/2023"
"7936","Russia","Soviet Union","28 100mm MT-12 anti-tank gun","captured","https://twitter.com/UAWeapons/status/1568985785176571913","2023-11-16",205,2705,3,"7-20527053","11/16/2023"
"7937","Russia","Soviet Union","28 100mm MT-12 anti-tank gun","captured","https://i.postimg.cc/c4m22Vn1/1004-mt-12-capt.jpg","2023-11-16",205,7147,3,"7-20571473","11/16/2023"
"7938","Russia","Soviet Union","28 100mm MT-12 anti-tank gun","captured","https://i.postimg.cc/rmvCS2HL/1000-mt12-capt-21-10.jpg","2023-11-16",205,7148,3,"7-20571483","11/16/2023"
"7939","Russia","Soviet Union","28 100mm MT-12 anti-tank gun","captured","https://i.postimg.cc/ydJZm3wd/1019-mt12-capt.jpg","2023-11-16",205,7149,3,"7-20571493","11/16/2023"
"7940","Russia","Soviet Union","28 100mm MT-12 anti-tank gun","captured","https://i.postimg.cc/WzpFyZdX/1021-mt12-capt-03-04-22.jpg","2023-11-16",205,7150,3,"7-20571503","11/16/2023"
"7941","Russia","Soviet Union","12 120mm 2B16 Nona-K gun mortar","destroyed","https://postimg.cc/qgLv3gdk","2023-11-16",206,7151,1,"7-20671511","11/16/2023"
"7942","Russia","Soviet Union","12 120mm 2B16 Nona-K gun mortar","destroyed","https://twitter.com/UAWeapons/status/1646170284976685068","2023-11-16",206,7152,1,"7-20671521","11/16/2023"
"7943","Russia","Soviet Union","12 120mm 2B16 Nona-K gun mortar","abandoned","https://i.postimg.cc/5jcQqnzn/hhj.jpg","2023-11-16",206,7153,4,"7-20671534","11/16/2023"
"7944","Russia","Soviet Union","12 120mm 2B16 Nona-K gun mortar","abandoned","https://i.postimg.cc/sfM2Rn9R/f13.png","2023-11-16",206,7154,4,"7-20671544","11/16/2023"
"7945","Russia","Soviet Union","12 120mm 2B16 Nona-K gun mortar","damaged","https://i.postimg.cc/q79rzL7Q/478.png","2023-11-16",206,7155,2,"7-20671552","11/16/2023"
"7946","Russia","Soviet Union","12 120mm 2B16 Nona-K gun mortar","captured","https://i.postimg.cc/q79rzL7Q/478.png","2023-11-16",206,7155,3,"7-20671553","11/16/2023"
"7947","Russia","Soviet Union","12 120mm 2B16 Nona-K gun mortar","captured","https://i.postimg.cc/wx2TJysb/4f2.jpg","2023-11-16",206,7156,3,"7-20671563","11/16/2023"
"7948","Russia","Soviet Union","12 120mm 2B16 Nona-K gun mortar","captured","https://i.postimg.cc/QMJ8sWbG/n43.png","2023-11-16",206,7157,3,"7-20671573","11/16/2023"
"7949","Russia","Soviet Union","12 120mm 2B16 Nona-K gun mortar","captured","https://i.postimg.cc/d0khcfdf/776.jpg","2023-11-16",206,7158,3,"7-20671583","11/16/2023"
"7950","Russia","Soviet Union","12 120mm 2B16 Nona-K gun mortar","captured","https://twitter.com/UAWeapons/status/1554068137083117569","2023-11-16",206,7159,3,"7-20671593","11/16/2023"
"7951","Russia","Soviet Union","12 120mm 2B16 Nona-K gun mortar","captured","https://i.postimg.cc/KvnpNqL9/1010-nona-k-capt.jpg","2023-11-16",206,7160,3,"7-20671603","11/16/2023"
"7952","Russia","Soviet Union","12 120mm 2B16 Nona-K gun mortar","captured","https://i.postimg.cc/43q5mT6p/1018-nona-k-capt.jpg","2023-11-16",206,7161,3,"7-20671613","11/16/2023"
"7953","Russia","Soviet Union","12 120mm 2B16 Nona-K gun mortar","captured","https://i.postimg.cc/wvQ6rQv6/1012-2b16-nona-k-capt-31-03-22.jpg","2023-11-16",206,7162,3,"7-20671623","11/16/2023"
"7954","Russia","Soviet Union","122mm D-30 howitzer","destroyed","https://i.postimg.cc/3wSr3YWv/g66.png","2023-11-16",207,7163,1,"7-20771631","11/16/2023"
"7955","Russia","Soviet Union","122mm D-30 howitzer","destroyed","https://postimg.cc/HcRgYnF5","2023-11-16",207,7164,1,"7-20771641","11/16/2023"
"7956","Russia","Soviet Union","122mm D-30 howitzer","destroyed","https://twitter.com/UAWeapons/status/1582628632349941761","2023-11-16",207,7165,1,"7-20771651","11/16/2023"
"7957","Russia","Soviet Union","122mm D-30 howitzer","destroyed","https://i.postimg.cc/W3n259Fz/1004-d30-destr-21-01-23.jpg","2023-11-16",207,7166,1,"7-20771661","11/16/2023"
"7958","Russia","Soviet Union","122mm D-30 howitzer","destroyed","https://twitter.com/UAWeapons/status/1621229640751759362","2023-11-16",207,7167,1,"7-20771671","11/16/2023"
"7959","Russia","Soviet Union","122mm D-30 howitzer","destroyed","https://twitter.com/UAWeapons/status/1657768000714407937","2023-11-16",207,7168,1,"7-20771681","11/16/2023"
"7960","Russia","Soviet Union","122mm D-30 howitzer","destroyed","https://twitter.com/PaulJawin/status/1658352729666797570","2023-11-16",207,7169,1,"7-20771691","11/16/2023"
"7961","Russia","Soviet Union","122mm D-30 howitzer","destroyed","https://i.postimg.cc/bNzctnWp/1021-d30-destr-30-11-22.jpg","2023-11-16",207,7170,1,"7-20771701","11/16/2023"
"7962","Russia","Soviet Union","122mm D-30 howitzer","destroyed","https://i.postimg.cc/nc08Yzf7/1023-d30-destr-14-05-23.jpg","2023-11-16",207,7171,1,"7-20771711","11/16/2023"
"7963","Russia","Soviet Union","122mm D-30 howitzer","destroyed","https://i.postimg.cc/jSTLhw8F/1002-d30-destr-28-05-23.jpg","2023-11-16",207,7172,1,"7-20771721","11/16/2023"
"7964","Russia","Soviet Union","122mm D-30 howitzer","destroyed","https://twitter.com/UAWeapons/status/1667109358725918722","2023-11-16",207,7173,1,"7-20771731","11/16/2023"
"7965","Russia","Soviet Union","122mm D-30 howitzer","destroyed","https://i.postimg.cc/hG2JqFZc/1007-d30-destr-14-06-23.jpg","2023-11-16",207,7174,1,"7-20771741","11/16/2023"
"7966","Russia","Soviet Union","122mm D-30 howitzer","destroyed","https://twitter.com/NOELreports/status/1671928319208570893","2023-11-16",207,7175,1,"7-20771751","11/16/2023"
"7967","Russia","Soviet Union","122mm D-30 howitzer","destroyed","https://i.postimg.cc/nV2Y9CGQ/1011-D-30-destr-23-06-23.jpg","2023-11-16",207,7176,1,"7-20771761","11/16/2023"
"7968","Russia","Soviet Union","122mm D-30 howitzer","destroyed","https://i.postimg.cc/4dbv5dCq/1031-D-30-destr-21-06-23.jpg","2023-11-16",207,7177,1,"7-20771771","11/16/2023"
"7969","Russia","Soviet Union","122mm D-30 howitzer","destroyed","https://i.postimg.cc/J0rNdLMn/1032-D-30-destr-21-06-23.jpg","2023-11-16",207,7178,1,"7-20771781","11/16/2023"
"7970","Russia","Soviet Union","122mm D-30 howitzer","destroyed","https://i.postimg.cc/BbmxrVnC/1034-D-30-destr-22-06-23.jpg","2023-11-16",207,7179,1,"7-20771791","11/16/2023"
"7971","Russia","Soviet Union","122mm D-30 howitzer","destroyed","https://i.postimg.cc/vHSrXkjY/1035-D-30-destr-22-06-23.jpg","2023-11-16",207,7180,1,"7-20771801","11/16/2023"
"7972","Russia","Soviet Union","122mm D-30 howitzer","destroyed","https://i.postimg.cc/KY7g1HDc/1004-2-A18-D-30-destr-07-07-23.jpg","2023-11-16",207,7181,1,"7-20771811","11/16/2023"
"7973","Russia","Soviet Union","122mm D-30 howitzer","destroyed","https://i.postimg.cc/d0c2DZP5/1015-122mm-2-A18-D-30-howitzer-destr-08-07-23.jpg","2023-11-16",207,7182,1,"7-20771821","11/16/2023"
"7974","Russia","Soviet Union","122mm D-30 howitzer","destroyed","https://i.postimg.cc/DZ21PVzs/1016-122mm-2-A18-D-30-howitzer-destr-08-07-23.jpg","2023-11-16",207,7183,1,"7-20771831","11/16/2023"
"7975","Russia","Soviet Union","122mm D-30 howitzer","destroyed","https://i.postimg.cc/J0RpZSpS/1033-d30-destr-21-07-23.jpg","2023-11-16",207,7184,1,"7-20771841","11/16/2023"
"7976","Russia","Soviet Union","122mm D-30 howitzer","destroyed","https://i.postimg.cc/yxzVXWyd/1019-d30-destr-25-07-23.jpg","2023-11-16",207,7185,1,"7-20771851","11/16/2023"
"7977","Russia","Soviet Union","122mm D-30 howitzer","destroyed","https://i.postimg.cc/cJt8y836/1010-d30-destr-07-08-23.jpg","2023-11-16",207,7186,1,"7-20771861","11/16/2023"
"7978","Russia","Soviet Union","122mm D-30 howitzer","destroyed","https://i.postimg.cc/RZDnDTNj/1022-d30-destr-06-08-23.jpg","2023-11-16",207,7187,1,"7-20771871","11/16/2023"
"7979","Russia","Soviet Union","122mm D-30 howitzer","destroyed","https://i.postimg.cc/XY7v3t6f/1019-D-30-destr-05-08-23.jpg","2023-11-16",207,7188,1,"7-20771881","11/16/2023"
"7980","Russia","Soviet Union","122mm D-30 howitzer","destroyed","https://i.postimg.cc/0NVd9k8y/1008-d30-destr-18-08-23.jpg","2023-11-16",207,7189,1,"7-20771891","11/16/2023"
"7981","Russia","Soviet Union","122mm D-30 howitzer","destroyed","https://i.postimg.cc/Prm0m0JF/1026-d30-destr-14-08-23.jpg","2023-11-16",207,7190,1,"7-20771901","11/16/2023"
"7982","Russia","Soviet Union","122mm D-30 howitzer","destroyed","https://i.postimg.cc/YqcJLtrW/1029-d30-destr-11-08-23.jpg","2023-11-16",207,7191,1,"7-20771911","11/16/2023"
"7983","Russia","Soviet Union","122mm D-30 howitzer","destroyed","https://i.postimg.cc/HL6zTg8f/665.png","2023-11-16",207,7192,1,"7-20771921","11/16/2023"
"7984","Russia","Soviet Union","122mm D-30 howitzer","destroyed","https://i.postimg.cc/3wTjhqcg/3260.png","2023-11-16",207,7193,1,"7-20771931","11/16/2023"
"7985","Russia","Soviet Union","122mm D-30 howitzer","destroyed","https://i.postimg.cc/FRdrh0H3/335.png","2023-11-16",207,7194,1,"7-20771941","11/16/2023"
"7986","Russia","Soviet Union","122mm D-30 howitzer","destroyed","https://i.postimg.cc/yYVnBW6m/35.png","2023-11-16",207,7195,1,"7-20771951","11/16/2023"
"7987","Russia","Soviet Union","122mm D-30 howitzer","destroyed","https://i.postimg.cc/9Q8WSTrD/27.png","2023-11-16",207,7196,1,"7-20771961","11/16/2023"
"7988","Russia","Soviet Union","122mm D-30 howitzer","destroyed","https://i.postimg.cc/GhTJszyT/3256.png","2023-11-16",207,7197,1,"7-20771971","11/16/2023"
"7989","Russia","Soviet Union","122mm D-30 howitzer","destroyed","https://postimg.cc/f3TttD5N","2023-11-16",207,7198,1,"7-20771981","11/16/2023"
"7990","Russia","Soviet Union","122mm D-30 howitzer","destroyed","https://i.postimg.cc/GmyyGjj1/1007-d30-destr-04-10-23.jpg","2023-11-16",207,7199,1,"7-20771991","11/16/2023"
"7991","Russia","Soviet Union","122mm D-30 howitzer","destroyed","https://i.postimg.cc/d3CxNHk7/1019-d30-destr-10-10-23.jpg","2023-11-16",207,7200,1,"7-20772001","11/16/2023"
"7992","Russia","Soviet Union","122mm D-30 howitzer","destroyed","https://i.postimg.cc/rF6bRk35/1045-d30-destr-11-10-23.jpg","2023-11-16",207,7201,1,"7-20772011","11/16/2023"
"7993","Russia","Soviet Union","122mm D-30 howitzer","destroyed","https://i.postimg.cc/7hGN4CXt/1030-d30-destr-08-09-23.jpg","2023-11-16",207,7202,1,"7-20772021","11/16/2023"
"7994","Russia","Soviet Union","122mm D-30 howitzer","damaged","https://i.postimg.cc/ydLdQpsx/1028-d30-dam-16-06-23.jpg","2023-11-16",207,7203,2,"7-20772032","11/16/2023"
"7995","Russia","Soviet Union","122mm D-30 howitzer","damaged","https://i.postimg.cc/JnVRYpjY/1014-d30-dam-28-06-23.jpg","2023-11-16",207,7204,2,"7-20772042","11/16/2023"
"7996","Russia","Soviet Union","122mm D-30 howitzer","damaged","https://i.postimg.cc/g2ZyYq5w/1048-2-A18-D-30-dam-10-07-23.jpg","2023-11-16",207,7205,2,"7-20772052","11/16/2023"
"7997","Russia","Soviet Union","122mm D-30 howitzer","damaged","https://i.postimg.cc/qvXxZcSn/1028-ural4320-destr-d30-dam-26-07-23.jpg","2023-11-16",207,7206,2,"7-20772062","11/16/2023"
"7998","Russia","Soviet Union","122mm D-30 howitzer","damaged","https://i.postimg.cc/L6kyMdBp/76.png","2023-11-16",207,7207,2,"7-20772072","11/16/2023"
"7999","Russia","Soviet Union","122mm D-30 howitzer","damaged","https://i.postimg.cc/QC9mmJjK/653.png","2023-11-16",207,7208,2,"7-20772082","11/16/2023"
"8000","Russia","Soviet Union","122mm D-30 howitzer","damaged","https://i.postimg.cc/qvXxZcSn/1028-ural4320-destr-d30-dam-26-07-23.jpg","2023-11-16",207,7206,2,"7-20772062","11/16/2023"
"8001","Russia","Soviet Union","122mm D-30 howitzer","damaged","https://i.postimg.cc/8ChZW4nt/1031-d30-dam-11-10-23.jpg","2023-11-16",207,7209,2,"7-20772092","11/16/2023"
"8002","Russia","Soviet Union","122mm D-30 howitzer","abandoned","https://i.postimg.cc/DwP0wn1y/Screenshot-8485.png","2023-11-16",207,7210,4,"7-20772104","11/16/2023"
"8003","Russia","Soviet Union","122mm D-30 howitzer","abandoned","https://i.postimg.cc/XJ8bh0Y3/57.png","2023-11-16",207,7211,4,"7-20772114","11/16/2023"
"8004","Russia","Soviet Union","122mm D-30 howitzer","captured","https://postimg.cc/hzvFw3c2","2023-11-16",207,7212,3,"7-20772123","11/16/2023"
"8005","Russia","Soviet Union","122mm D-30 howitzer","captured","https://i.postimg.cc/DzQV61cq/dbb.png","2023-11-16",207,7213,3,"7-20772133","11/16/2023"
"8006","Russia","Soviet Union","122mm D-30 howitzer","captured","https://i.postimg.cc/j2rw6ZJ8/4f0.png","2023-11-16",207,7214,3,"7-20772143","11/16/2023"
"8007","Russia","Soviet Union","122mm D-30 howitzer","captured","https://i.postimg.cc/yND9cys5/5j.png","2023-11-16",207,7215,3,"7-20772153","11/16/2023"
"8008","Russia","Soviet Union","122mm D-30 howitzer","captured","https://i.postimg.cc/tTCN00pb/776.png","2023-11-16",207,7216,3,"7-20772163","11/16/2023"
"8009","Russia","Soviet Union","122mm D-30 howitzer","captured","https://i.postimg.cc/J4SbdYFW/555.jpg","2023-11-16",207,7217,3,"7-20772173","11/16/2023"
"8010","Russia","Soviet Union","122mm D-30 howitzer","captured","https://i.postimg.cc/QtWtZFpF/j77.jpg","2023-11-16",207,7218,3,"7-20772183","11/16/2023"
"8011","Russia","Soviet Union","122mm D-30 howitzer","captured","https://i.postimg.cc/fLHffrmc/31d.png","2023-11-16",207,7219,3,"7-20772193","11/16/2023"
"8012","Russia","Soviet Union","122mm D-30 howitzer","damaged","https://i.postimg.cc/ZRrPVHSv/1169-d30.jpg","2023-11-16",207,7220,2,"7-20772202","11/16/2023"
"8013","Russia","Soviet Union","122mm D-30 howitzer","captured","https://i.postimg.cc/ZRrPVHSv/1169-d30.jpg","2023-11-16",207,7220,3,"7-20772203","11/16/2023"
"8014","Russia","Soviet Union","122mm D-30 howitzer","captured","https://i.postimg.cc/50jSr7Ch/1024-d30-capt.jpg","2023-11-16",207,7221,3,"7-20772213","11/16/2023"
"8015","Russia","Soviet Union","122mm D-30 howitzer","captured","https://i.postimg.cc/1z9N40Qg/10-22-2022-D-30-captured-Kherson-region.png","2023-11-16",207,7222,3,"7-20772223","11/16/2023"
"8016","Russia","Soviet Union","122mm D-30 howitzer","captured","https://i.postimg.cc/Gt5GBD2v/1017-d30-capt.jpg","2023-11-16",207,7223,3,"7-20772233","11/16/2023"
"8017","Russia","Soviet Union","122mm D-30 howitzer","captured","https://i.postimg.cc/C5YZJhxf/1014-d30-capt.jpg","2023-11-16",207,7224,3,"7-20772243","11/16/2023"
"8018","Russia","Soviet Union","122mm D-30 howitzer","captured","https://twitter.com/UAWeapons/status/1593921096536903683","2023-11-16",207,7225,3,"7-20772253","11/16/2023"
"8019","Russia","Soviet Union","122mm D-30 howitzer","captured","https://i.postimg.cc/3wPBcrqm/2022-04-04-BTR-82-A-destroyed-D-30-captured-Chernihiv.jpg","2023-11-16",207,5813,3,"7-20758133","11/16/2023"
"8020","Russia","Soviet Union","122mm D-30 howitzer","captured","https://i.postimg.cc/prvhTyCT/1009-d30-capt.jpg","2023-11-16",207,7226,3,"7-20772263","11/16/2023"
"8021","Russia","Soviet Union","152mm D-20 gun-howitzer","destroyed","https://i.postimg.cc/sxxtHy7x/38.png","2023-11-16",208,7227,1,"7-20872271","11/16/2023"
"8022","Russia","Soviet Union","152mm D-20 gun-howitzer","destroyed","https://twitter.com/UAWeapons/status/1577737276783837196","2023-11-16",208,7228,1,"7-20872281","11/16/2023"
"8023","Russia","Soviet Union","152mm D-20 gun-howitzer","destroyed","https://i.postimg.cc/7LZbCGFB/1024-152mm-D-20-gun-howitzer-destr-21-01-23.jpg","2023-11-16",208,7229,1,"7-20872291","11/16/2023"
"8024","Russia","Soviet Union","152mm D-20 gun-howitzer","destroyed","https://i.postimg.cc/Rh7vpvr6/1029-d20-destr-28-01-23.jpg","2023-11-16",208,7230,1,"7-20872301","11/16/2023"
"8025","Russia","Soviet Union","152mm D-20 gun-howitzer","destroyed","https://twitter.com/UAWeapons/status/1621117988618338309","2023-11-16",208,7231,1,"7-20872311","11/16/2023"
"8026","Russia","Soviet Union","152mm D-20 gun-howitzer","destroyed","https://twitter.com/UAWeapons/status/1623273226322206721","2023-11-16",208,7232,1,"7-20872321","11/16/2023"
"8027","Russia","Soviet Union","152mm D-20 gun-howitzer","destroyed","https://twitter.com/UAWeapons/status/1623729219103608834","2023-11-16",208,7233,1,"7-20872331","11/16/2023"
"8028","Russia","Soviet Union","152mm D-20 gun-howitzer","destroyed","https://i.postimg.cc/J0vcKm2T/1014-d20-destr-27-05-23.jpg","2023-11-16",208,7234,1,"7-20872341","11/16/2023"
"8029","Russia","Soviet Union","152mm D-20 gun-howitzer","destroyed","https://i.postimg.cc/GpPkD3bd/1021-152mm-D-20-gun-howitzer-destr-04-07-23.jpg","2023-11-16",208,7235,1,"7-20872351","11/16/2023"
"8030","Russia","Soviet Union","152mm D-20 gun-howitzer","destroyed","https://twitter.com/RALee85/status/1688688902817685504","2023-11-16",208,7236,1,"7-20872361","11/16/2023"
"8031","Russia","Soviet Union","152mm D-20 gun-howitzer","destroyed","https://i.postimg.cc/Hxj0xqx4/1009-d20-destr-18-08-23.jpg","2023-11-16",208,7237,1,"7-20872371","11/16/2023"
"8032","Russia","Soviet Union","152mm D-20 gun-howitzer","destroyed","https://i.postimg.cc/kgdycY1q/1025-d20-destr-19-08-23.jpg","2023-11-16",208,7238,1,"7-20872381","11/16/2023"
"8033","Russia","Soviet Union","152mm D-20 gun-howitzer","destroyed","https://i.postimg.cc/y6hBVzMY/3279.png","2023-11-16",208,7239,1,"7-20872391","11/16/2023"
"8034","Russia","Soviet Union","152mm D-20 gun-howitzer","destroyed","https://i.postimg.cc/jSfRnwcp/1044-d20-destr-03-11-23.jpg","2023-11-16",208,7240,1,"7-20872401","11/16/2023"
"8035","Russia","Soviet Union","152mm D-20 gun-howitzer","destroyed","https://i.postimg.cc/cJN0Rx5r/1048-d20-destr-21-10-23.jpg","2023-11-16",208,7241,1,"7-20872411","11/16/2023"
"8036","Russia","Soviet Union","152mm D-20 gun-howitzer","damaged","https://i.postimg.cc/gj2R3Wt5/1018-D-20-destr.jpg","2023-11-16",208,7242,2,"7-20872422","11/16/2023"
"8037","Russia","Soviet Union","152mm D-20 gun-howitzer","damaged","https://twitter.com/Danspiun/status/1625209496111878164","2023-11-16",208,7243,2,"7-20872432","11/16/2023"
"8038","Russia","Soviet Union","152mm D-20 gun-howitzer","damaged","https://i.postimg.cc/y6gPkS2D/1026-152mm-D-20-gun-howitzer-dam-23-06-23.jpg","2023-11-16",208,7244,2,"7-20872442","11/16/2023"
"8039","Russia","Soviet Union","152mm D-20 gun-howitzer","damaged","https://i.postimg.cc/xCLzgtZt/1005-d20-dam-26-08-23.jpg","2023-11-16",208,7245,2,"7-20872452","11/16/2023"
"8040","Russia","Soviet Union","152mm D-20 gun-howitzer","damaged","https://i.postimg.cc/QdN2qKRP/1059-d20-dam-17-10-23.jpg","2023-11-16",208,7246,2,"7-20872462","11/16/2023"
"8041","Russia","Soviet Union","152mm D-20 gun-howitzer","damaged","https://i.postimg.cc/HnPTXbfg/1043-d20-dam-05-11-23.jpg","2023-11-16",208,7247,2,"7-20872472","11/16/2023"
"8042","Russia","Soviet Union","152mm D-20 gun-howitzer","captured","https://twitter.com/UAWeapons/status/1570491371903131649","2023-11-16",208,7248,3,"7-20872483","11/16/2023"
"8043","Russia","Soviet Union","152mm D-20 gun-howitzer","captured","https://twitter.com/UAWeapons/status/1577737276783837196","2023-11-16",208,7228,3,"7-20872283","11/16/2023"
"8044","Russia","Soviet Union","116 152mm 2A65 Msta-B howitzer","destroyed","https://i.postimg.cc/prGV0k4f/Screenshot-8069.png","2023-11-16",209,7249,1,"7-20972491","11/16/2023"
"8045","Russia","Soviet Union","116 152mm 2A65 Msta-B howitzer","destroyed","https://i.postimg.cc/05cN22jz/Screenshot-8075.png","2023-11-16",209,7250,1,"7-20972501","11/16/2023"
"8046","Russia","Soviet Union","116 152mm 2A65 Msta-B howitzer","destroyed","https://i.postimg.cc/2Sv4t0Pb/b90.png","2023-11-16",209,7251,1,"7-20972511","11/16/2023"
"8047","Russia","Soviet Union","116 152mm 2A65 Msta-B howitzer","destroyed","https://i.postimg.cc/KcLNcy8g/84.jpg","2023-11-16",209,7252,1,"7-20972521","11/16/2023"
"8048","Russia","Soviet Union","116 152mm 2A65 Msta-B howitzer","destroyed","https://i.postimg.cc/3NHnkBVw/65h.jpg","2023-11-16",209,7253,1,"7-20972531","11/16/2023"
"8049","Russia","Soviet Union","116 152mm 2A65 Msta-B howitzer","destroyed","https://i.postimg.cc/QCBzM1tb/31.png","2023-11-16",209,7254,1,"7-20972541","11/16/2023"
"8050","Russia","Soviet Union","116 152mm 2A65 Msta-B howitzer","destroyed","https://twitter.com/UAWeapons/status/1520364599098462214","2023-11-16",209,7255,1,"7-20972551","11/16/2023"
"8051","Russia","Soviet Union","116 152mm 2A65 Msta-B howitzer","destroyed","https://i.postimg.cc/Znpnx6jR/988.jpg","2023-11-16",209,7256,1,"7-20972561","11/16/2023"
"8052","Russia","Soviet Union","116 152mm 2A65 Msta-B howitzer","destroyed","https://twitter.com/UAWeapons/status/1535017098765914129","2023-11-16",209,7257,1,"7-20972571","11/16/2023"
"8053","Russia","Soviet Union","116 152mm 2A65 Msta-B howitzer","destroyed","https://twitter.com/UAWeapons/status/1537523302951944195","2023-11-16",209,7258,1,"7-20972581","11/16/2023"
"8054","Russia","Soviet Union","116 152mm 2A65 Msta-B howitzer","destroyed","https://twitter.com/UAWeapons/status/1540049725042425861","2023-11-16",209,7259,1,"7-20972591","11/16/2023"
"8055","Russia","Soviet Union","116 152mm 2A65 Msta-B howitzer","destroyed","https://twitter.com/UAWeapons/status/1562761884800991233","2023-11-16",209,7260,1,"7-20972601","11/16/2023"
"8056","Russia","Soviet Union","116 152mm 2A65 Msta-B howitzer","destroyed","https://twitter.com/UAWeapons/status/1566403272050720769","2023-11-16",209,7261,1,"7-20972611","11/16/2023"
"8057","Russia","Soviet Union","116 152mm 2A65 Msta-B howitzer","destroyed","https://twitter.com/Blue_Sauron/status/1569280342531665922","2023-11-16",209,7262,1,"7-20972621","11/16/2023"
"8058","Russia","Soviet Union","116 152mm 2A65 Msta-B howitzer","destroyed","https://i.postimg.cc/1zBM000d/1002-msta-b.jpg","2023-11-16",209,7263,1,"7-20972631","11/16/2023"
"8059","Russia","Soviet Union","116 152mm 2A65 Msta-B howitzer","destroyed","https://twitter.com/UAWeapons/status/1574464545006854144","2023-11-16",209,7264,1,"7-20972641","11/16/2023"
"8060","Russia","Soviet Union","116 152mm 2A65 Msta-B howitzer","destroyed","https://twitter.com/UAWeapons/status/1578373648251244546","2023-11-16",209,7265,1,"7-20972651","11/16/2023"
"8061","Russia","Soviet Union","116 152mm 2A65 Msta-B howitzer","destroyed","https://i.postimg.cc/gj9VW3jy/1015-msta-b-destr.jpg","2023-11-16",209,7266,1,"7-20972661","11/16/2023"
"8062","Russia","Soviet Union","116 152mm 2A65 Msta-B howitzer","destroyed","https://i.postimg.cc/c1DJW5Yh/1038-msta-b-destr.jpg","2023-11-16",209,7267,1,"7-20972671","11/16/2023"
"8063","Russia","Soviet Union","116 152mm 2A65 Msta-B howitzer","destroyed","https://i.postimg.cc/pdZWKbtj/2022-05-21-2a65-msta-b.jpg","2023-11-16",209,7268,1,"7-20972681","11/16/2023"
"8064","Russia","Soviet Union","116 152mm 2A65 Msta-B howitzer","destroyed","https://i.postimg.cc/G2J15f28/1009-msta-b-destr.jpg","2023-11-16",209,7269,1,"7-20972691","11/16/2023"
"8065","Russia","Soviet Union","116 152mm 2A65 Msta-B howitzer","destroyed","https://i.postimg.cc/G34LHjGr/1004-msta-b-destr.jpg","2023-11-16",209,7270,1,"7-20972701","11/16/2023"
"8066","Russia","Soviet Union","116 152mm 2A65 Msta-B howitzer","destroyed","https://twitter.com/UAWeapons/status/1591883021598310400","2023-11-16",209,7271,1,"7-20972711","11/16/2023"
"8067","Russia","Soviet Union","116 152mm 2A65 Msta-B howitzer","destroyed","https://twitter.com/UAWeapons/status/1592152640997437440","2023-11-16",209,7272,1,"7-20972721","11/16/2023"
"8068","Russia","Soviet Union","116 152mm 2A65 Msta-B howitzer","destroyed","https://twitter.com/UAWeapons/status/1596092725669269504","2023-11-16",209,7273,1,"7-20972731","11/16/2023"
"8069","Russia","Soviet Union","116 152mm 2A65 Msta-B howitzer","destroyed","https://twitter.com/UAWeapons/status/1600968524993769472","2023-11-16",209,7274,1,"7-20972741","11/16/2023"
"8070","Russia","Soviet Union","116 152mm 2A65 Msta-B howitzer","destroyed","https://i.postimg.cc/26L1KRMZ/43flo.png","2023-11-16",209,7275,1,"7-20972751","11/16/2023"
"8071","Russia","Soviet Union","116 152mm 2A65 Msta-B howitzer","destroyed","https://i.postimg.cc/8PyhY9g8/1007-msta-b-destr-06-01-23.jpg","2023-11-16",209,7276,1,"7-20972761","11/16/2023"
"8072","Russia","Soviet Union","116 152mm 2A65 Msta-B howitzer","destroyed","https://i.postimg.cc/q7XkKvj5/1046-msta-b-destr-29-01-23.jpg","2023-11-16",209,7277,1,"7-20972771","11/16/2023"
"8073","Russia","Soviet Union","116 152mm 2A65 Msta-B howitzer","destroyed","https://twitter.com/UAWeapons/status/1623729219103608834","2023-11-16",209,7233,1,"7-20972331","11/16/2023"
"8074","Russia","Soviet Union","116 152mm 2A65 Msta-B howitzer","destroyed","https://twitter.com/UAWeapons/status/1625083296387325954","2023-11-16",209,3320,1,"7-20933201","11/16/2023"
"8075","Russia","Soviet Union","116 152mm 2A65 Msta-B howitzer","destroyed","https://i.postimg.cc/DyXx2prS/1014-msta-b-destr-27-02-23.jpg","2023-11-16",209,7278,1,"7-20972781","11/16/2023"
"8076","Russia","Soviet Union","116 152mm 2A65 Msta-B howitzer","destroyed","https://i.postimg.cc/dVbCQSHN/1009-msta-b-destr-03-03-23.jpg","2023-11-16",209,7279,1,"7-20972791","11/16/2023"
"8077","Russia","Soviet Union","116 152mm 2A65 Msta-B howitzer","destroyed","https://i.postimg.cc/KvBSjfZM/1012-msta-b-destr-10-03-23.jpg","2023-11-16",209,7280,1,"7-20972801","11/16/2023"
"8078","Russia","Soviet Union","116 152mm 2A65 Msta-B howitzer","destroyed","https://i.postimg.cc/rs0ytTsN/1030-msta-b-destr-12-03-23.png","2023-11-16",209,7281,1,"7-20972811","11/16/2023"
"8079","Russia","Soviet Union","116 152mm 2A65 Msta-B howitzer","destroyed","https://i.postimg.cc/FHT0vTFP/1041-msta-b-destr-16-03-23.jpg","2023-11-16",209,7282,1,"7-20972821","11/16/2023"
"8080","Russia","Soviet Union","116 152mm 2A65 Msta-B howitzer","destroyed","https://i.postimg.cc/NFdHmMJj/1012-msta-b-destr-03-05-23.jpg","2023-11-16",209,7283,1,"7-20972831","11/16/2023"
"8081","Russia","Soviet Union","116 152mm 2A65 Msta-B howitzer","destroyed","https://i.postimg.cc/s2kj5XCy/1056-2-A65-Msta-B-destr-22-05-23.jpg","2023-11-16",209,7284,1,"7-20972841","11/16/2023"
"8082","Russia","Soviet Union","116 152mm 2A65 Msta-B howitzer","destroyed","https://i.postimg.cc/gcCGqgrn/1002-2-A65-Msta-B-destr-24-05-23.jpg","2023-11-16",209,7285,1,"7-20972851","11/16/2023"
"8083","Russia","Soviet Union","116 152mm 2A65 Msta-B howitzer","destroyed","https://i.postimg.cc/02DzmdCS/1004-MT-12-Rapira-destr-28-05-23.jpg","2023-11-16",209,7286,1,"7-20972861","11/16/2023"
"8084","Russia","Soviet Union","116 152mm 2A65 Msta-B howitzer","destroyed","https://i.postimg.cc/fTKvcYcZ/1001-2-A65-Msta-B-destr-31-05-23.jpg","2023-11-16",209,7287,1,"7-20972871","11/16/2023"
"8085","Russia","Soviet Union","116 152mm 2A65 Msta-B howitzer","destroyed","https://i.postimg.cc/FRXz6rP8/1005-152mm-2-A65-Msta-B-howitzer-destr-27-05-23.jpg","2023-11-16",209,7288,1,"7-20972881","11/16/2023"
"8086","Russia","Soviet Union","116 152mm 2A65 Msta-B howitzer","destroyed","https://i.postimg.cc/C5mKdjFp/1017-msta-b-destr-02-06-23.jpg","2023-11-16",209,7289,1,"7-20972891","11/16/2023"
"8087","Russia","Soviet Union","116 152mm 2A65 Msta-B howitzer","destroyed","https://i.postimg.cc/fbTvrT0C/1001-2-A65-Msta-B-destr-10-06-23.jpg","2023-11-16",209,7290,1,"7-20972901","11/16/2023"
"8088","Russia","Soviet Union","116 152mm 2A65 Msta-B howitzer","destroyed","https://i.postimg.cc/FFPdDzHp/1003-msta-b-destr-20-06-23.jpg","2023-11-16",209,7291,1,"7-20972911","11/16/2023"
"8089","Russia","Soviet Union","116 152mm 2A65 Msta-B howitzer","destroyed","https://i.postimg.cc/pdYy8XSD/1013-msta-b-destr-10-06-23.jpg","2023-11-16",209,7292,1,"7-20972921","11/16/2023"
"8090","Russia","Soviet Union","116 152mm 2A65 Msta-B howitzer","destroyed","https://i.postimg.cc/JnMtt3LQ/1018-msta-b-destr-05-07-23.jpg","2023-11-16",209,7293,1,"7-20972931","11/16/2023"
"8091","Russia","Soviet Union","116 152mm 2A65 Msta-B howitzer","destroyed","https://i.postimg.cc/tRBWd8QY/1010-152mm-2-A65-Msta-B-towed-howitzer-destr-15-08-22.jpg","2023-11-16",209,7294,1,"7-20972941","11/16/2023"
"8092","Russia","Soviet Union","116 152mm 2A65 Msta-B howitzer","destroyed","https://i.postimg.cc/9f73LMW7/1038-Msta-B-destr-16-07-23.jpg","2023-11-16",209,7295,1,"7-20972951","11/16/2023"
"8093","Russia","Soviet Union","116 152mm 2A65 Msta-B howitzer","destroyed","https://i.postimg.cc/wxczK7D5/1039-Msta-B-destr-16-07-23.jpg","2023-11-16",209,7296,1,"7-20972961","11/16/2023"
"8094","Russia","Soviet Union","116 152mm 2A65 Msta-B howitzer","destroyed","https://i.postimg.cc/mkqV5c2v/1003-Msta-B-destr-04-08-23.jpg","2023-11-16",209,7297,1,"7-20972971","11/16/2023"
"8095","Russia","Soviet Union","116 152mm 2A65 Msta-B howitzer","destroyed","https://i.postimg.cc/qMPjcCFn/1004-Msta-B-destr-04-08-23.jpg","2023-11-16",209,7298,1,"7-20972981","11/16/2023"
"8096","Russia","Soviet Union","116 152mm 2A65 Msta-B howitzer","destroyed","https://i.postimg.cc/05VWyL3m/1015-msta-b-destr-06-08-23.jpg","2023-11-16",209,7299,1,"7-20972991","11/16/2023"
"8097","Russia","Soviet Union","116 152mm 2A65 Msta-B howitzer","destroyed","https://i.postimg.cc/J4XqjCQp/1029-2-65-Msta-B-destr-24-07-23.jpg","2023-11-16",209,7300,1,"7-20973001","11/16/2023"
"8098","Russia","Soviet Union","116 152mm 2A65 Msta-B howitzer","destroyed","https://i.postimg.cc/43SpYFCV/1020-msta-b-destr-23-08-23.jpg","2023-11-16",209,7301,1,"7-20973011","11/16/2023"
"8099","Russia","Soviet Union","116 152mm 2A65 Msta-B howitzer","destroyed","https://i.postimg.cc/MKVHRsg8/2443.png","2023-11-16",209,7302,1,"7-20973021","11/16/2023"
"8100","Russia","Soviet Union","116 152mm 2A65 Msta-B howitzer","destroyed","https://i.postimg.cc/P5kV4NY4/5428.png","2023-11-16",209,7303,1,"7-20973031","11/16/2023"
"8101","Russia","Soviet Union","116 152mm 2A65 Msta-B howitzer","destroyed","https://i.postimg.cc/GmJDkfht/311.png","2023-11-16",209,7304,1,"7-20973041","11/16/2023"
"8102","Russia","Soviet Union","116 152mm 2A65 Msta-B howitzer","destroyed","https://i.postimg.cc/nLfQkQd9/1035-2-A65-Msta-B-howitzer-destr-30-09-23.jpg","2023-11-16",209,7305,1,"7-20973051","11/16/2023"
"8103","Russia","Soviet Union","116 152mm 2A65 Msta-B howitzer","destroyed","https://i.postimg.cc/Rh4Dsf8Y/1024-Msta-B-destr-30-10-23.jpg","2023-11-16",209,7306,1,"7-20973061","11/16/2023"
"8104","Russia","Soviet Union","116 152mm 2A65 Msta-B howitzer","damaged","https://i.postimg.cc/yYx8J43v/Screenshot-8073.png","2023-11-16",209,7307,2,"7-20973072","11/16/2023"
"8105","Russia","Soviet Union","116 152mm 2A65 Msta-B howitzer","damaged","https://postimg.cc/q6CYJkkd","2023-11-16",209,7308,2,"7-20973082","11/16/2023"
"8106","Russia","Soviet Union","116 152mm 2A65 Msta-B howitzer","damaged","https://i.postimg.cc/Y9xbmgHf/6655.jpg","2023-11-16",209,7309,2,"7-20973092","11/16/2023"
"8107","Russia","Soviet Union","116 152mm 2A65 Msta-B howitzer","damaged","https://i.postimg.cc/QCTj6V1n/1003-1x-2-A65-Msta-B-damaged.jpg","2023-11-16",209,7310,2,"7-20973102","11/16/2023"
"8108","Russia","Soviet Union","116 152mm 2A65 Msta-B howitzer","damaged","https://i.postimg.cc/qMcHc095/1017-ural4320-msta-b-dam-25-05-23.jpg","2023-11-16",209,7311,2,"7-20973112","11/16/2023"
"8109","Russia","Soviet Union","116 152mm 2A65 Msta-B howitzer","damaged","https://i.postimg.cc/PJFCx3R9/1002-msta-b-dam-20-06-23.jpg","2023-11-16",209,7312,2,"7-20973122","11/16/2023"
"8110","Russia","Soviet Union","116 152mm 2A65 Msta-B howitzer","damaged","https://i.postimg.cc/15Kzks2R/1002-Msta-B-dam-09-08-23.jpg","2023-11-16",209,7313,2,"7-20973132","11/16/2023"
"8111","Russia","Soviet Union","116 152mm 2A65 Msta-B howitzer","damaged","https://i.postimg.cc/KYGDXkhW/1000-msta-b-dam-16-08-23.jpg","2023-11-16",209,7314,2,"7-20973142","11/16/2023"
"8112","Russia","Soviet Union","116 152mm 2A65 Msta-B howitzer","damaged","https://i.postimg.cc/6ptgzzG6/1003-Msta-B-dam-30-06-23.jpg","2023-11-16",209,7315,2,"7-20973152","11/16/2023"
"8113","Russia","Soviet Union","116 152mm 2A65 Msta-B howitzer","damaged","https://i.postimg.cc/gkCctfsL/47.png","2023-11-16",209,7316,2,"7-20973162","11/16/2023"
"8114","Russia","Soviet Union","116 152mm 2A65 Msta-B howitzer","damaged","https://i.postimg.cc/c4cqYB5w/1062-msta-b-dam-17-10-23.jpg","2023-11-16",209,7317,2,"7-20973172","11/16/2023"
"8115","Russia","Soviet Union","116 152mm 2A65 Msta-B howitzer","abandoned","https://i.postimg.cc/13CTS2R9/431f.png","2023-11-16",209,7318,4,"7-20973184","11/16/2023"
"8116","Russia","Soviet Union","116 152mm 2A65 Msta-B howitzer","captured","https://i.postimg.cc/fyyLqsyT/45.png","2023-11-16",209,7319,3,"7-20973193","11/16/2023"
"8117","Russia","Soviet Union","116 152mm 2A65 Msta-B howitzer","captured","https://i.postimg.cc/v8NzV8Dr/ml.jpg","2023-11-16",209,7320,3,"7-20973203","11/16/2023"
"8118","Russia","Soviet Union","116 152mm 2A65 Msta-B howitzer","captured","https://i.postimg.cc/PxnRQvP2/57.png","2023-11-16",209,7321,3,"7-20973213","11/16/2023"
"8119","Russia","Soviet Union","116 152mm 2A65 Msta-B howitzer","captured","https://i.postimg.cc/NGX2Bc6r/c1.jpg","2023-11-16",209,7322,3,"7-20973223","11/16/2023"
"8120","Russia","Soviet Union","116 152mm 2A65 Msta-B howitzer","captured","https://i.postimg.cc/j5wwWVBm/c2.jpg","2023-11-16",209,7323,3,"7-20973233","11/16/2023"
"8121","Russia","Soviet Union","116 152mm 2A65 Msta-B howitzer","captured","https://i.postimg.cc/J0Ncj6gb/b56.jpg","2023-11-16",209,7324,3,"7-20973243","11/16/2023"
"8122","Russia","Soviet Union","116 152mm 2A65 Msta-B howitzer","captured","https://i.postimg.cc/NMzvD0kR/540.jpg","2023-11-16",209,7325,3,"7-20973253","11/16/2023"
"8123","Russia","Soviet Union","116 152mm 2A65 Msta-B howitzer","captured","https://i.postimg.cc/MK5RVChf/76j.png","2023-11-16",209,7326,3,"7-20973263","11/16/2023"
"8124","Russia","Soviet Union","116 152mm 2A65 Msta-B howitzer","captured","https://i.postimg.cc/hPHYt3Gw/67.png","2023-11-16",209,7327,3,"7-20973273","11/16/2023"
"8125","Russia","Soviet Union","116 152mm 2A65 Msta-B howitzer","captured","https://postimg.cc/phhtFG0p","2023-11-16",209,7328,3,"7-20973283","11/16/2023"
"8126","Russia","Soviet Union","116 152mm 2A65 Msta-B howitzer","damaged","https://i.postimg.cc/4338Nym4/1024-msta-b.jpg","2023-11-16",209,7329,2,"7-20973292","11/16/2023"
"8127","Russia","Soviet Union","116 152mm 2A65 Msta-B howitzer","captured","https://i.postimg.cc/4338Nym4/1024-msta-b.jpg","2023-11-16",209,7329,3,"7-20973293","11/16/2023"
"8128","Russia","Soviet Union","116 152mm 2A65 Msta-B howitzer","captured","https://twitter.com/UAWeapons/status/1568337843084206081","2023-11-16",209,7330,3,"7-20973303","11/16/2023"
"8129","Russia","Soviet Union","116 152mm 2A65 Msta-B howitzer","captured","https://twitter.com/UAWeapons/status/1569407860018225156","2023-11-16",209,7331,3,"7-20973313","11/16/2023"
"8130","Russia","Soviet Union","116 152mm 2A65 Msta-B howitzer","captured","https://twitter.com/UAWeapons/status/1569229430765289472","2023-11-16",209,5775,3,"7-20957753","11/16/2023"
"8131","Russia","Soviet Union","116 152mm 2A65 Msta-B howitzer","captured","https://twitter.com/UAWeapons/status/1571505879068942338","2023-11-16",209,2725,3,"7-20927253","11/16/2023"
"8132","Russia","Soviet Union","116 152mm 2A65 Msta-B howitzer","captured","https://twitter.com/UAWeapons/status/1573080312158076929","2023-11-16",209,7332,3,"7-20973323","11/16/2023"
"8133","Russia","Soviet Union","116 152mm 2A65 Msta-B howitzer","captured","https://twitter.com/UAWeapons/status/1574871051091189763","2023-11-16",209,7333,3,"7-20973333","11/16/2023"
"8134","Russia","Soviet Union","116 152mm 2A65 Msta-B howitzer","captured","https://twitter.com/UAWeapons/status/1576529472823898112","2023-11-16",209,7334,3,"7-20973343","11/16/2023"
"8135","Russia","Soviet Union","116 152mm 2A65 Msta-B howitzer","captured","https://twitter.com/UAWeapons/status/1578458351838859264","2023-11-16",209,7335,3,"7-20973353","11/16/2023"
"8136","Russia","Soviet Union","116 152mm 2A65 Msta-B howitzer","captured","https://i.postimg.cc/Kzxp2XWv/1036-msta-b-capt.jpg","2023-11-16",209,7336,3,"7-20973363","11/16/2023"
"8137","Russia","Soviet Union","116 152mm 2A65 Msta-B howitzer","captured","https://i.postimg.cc/VLThwSLR/1002-msta-b-capt.jpg","2023-11-16",209,7337,3,"7-20973373","11/16/2023"
"8138","Russia","Soviet Union","116 152mm 2A65 Msta-B howitzer","damaged","https://twitter.com/UAWeapons/status/1582098520143974401","2023-11-16",209,7338,2,"7-20973382","11/16/2023"
"8139","Russia","Soviet Union","116 152mm 2A65 Msta-B howitzer","captured","https://twitter.com/UAWeapons/status/1582098520143974401","2023-11-16",209,7338,3,"7-20973383","11/16/2023"
"8140","Russia","Soviet Union","116 152mm 2A65 Msta-B howitzer","captured","https://i.postimg.cc/RZxCkVbD/1000-msta-b-capt.jpg","2023-11-16",209,7339,3,"7-20973393","11/16/2023"
"8141","Russia","Soviet Union","116 152mm 2A65 Msta-B howitzer","captured","https://i.postimg.cc/L57pxBf6/1019-msta-b-capt.jpg","2023-11-16",209,7340,3,"7-20973403","11/16/2023"
"8142","Russia","Soviet Union","116 152mm 2A65 Msta-B howitzer","captured","https://i.postimg.cc/s24WYqxj/1015-msta-b-capt.jpg","2023-11-16",209,7341,3,"7-20973413","11/16/2023"
"8143","Russia","Soviet Union","116 152mm 2A65 Msta-B howitzer","damaged","https://i.postimg.cc/90BMsYQ0/1004-msta-b-dam-capt.jpg","2023-11-16",209,7342,2,"7-20973422","11/16/2023"
"8144","Russia","Soviet Union","116 152mm 2A65 Msta-B howitzer","captured","https://i.postimg.cc/90BMsYQ0/1004-msta-b-dam-capt.jpg","2023-11-16",209,7342,3,"7-20973423","11/16/2023"
"8145","Russia","Soviet Union","116 152mm 2A65 Msta-B howitzer","damaged","https://twitter.com/UAWeapons/status/1592967105892462592","2023-11-16",209,7343,2,"7-20973432","11/16/2023"
"8146","Russia","Soviet Union","116 152mm 2A65 Msta-B howitzer","captured","https://twitter.com/UAWeapons/status/1592967105892462592","2023-11-16",209,7343,3,"7-20973433","11/16/2023"
"8147","Russia","Soviet Union","116 152mm 2A65 Msta-B howitzer","captured","https://i.postimg.cc/j2XDFpD3/1015-2-A65-Msta-B-capt.jpg","2023-11-16",209,7344,3,"7-20973443","11/16/2023"
"8148","Russia","Soviet Union","116 152mm 2A65 Msta-B howitzer","captured","https://twitter.com/UAWeapons/status/1600968524993769472","2023-11-16",209,7274,3,"7-20972743","11/16/2023"
"8149","Russia","Soviet Union","116 152mm 2A65 Msta-B howitzer","captured","https://i.postimg.cc/HnWp18cb/1016-msta-b-capt-capt-31-03-22.jpg","2023-11-16",209,7345,3,"7-20973453","11/16/2023"
"8150","Russia","Soviet Union","116 152mm 2A65 Msta-B howitzer","captured","https://i.postimg.cc/wBMXPmnZ/1000-msta-b-capt-13-01-23.jpg","2023-11-16",209,7346,3,"7-20973463","11/16/2023"
"8151","Russia","Soviet Union","116 152mm 2A65 Msta-B howitzer","captured","https://i.postimg.cc/J7TBtT9F/1016-msta-b-capt-19-04-22.jpg","2023-11-16",209,7347,3,"7-20973473","11/16/2023"
"8152","Russia","Soviet Union","116 152mm 2A65 Msta-B howitzer","captured","https://i.postimg.cc/05T77GvK/1007-3x-Msta-B-capt-30-11-22.jpg","2023-11-16",209,7348,3,"7-20973483","11/16/2023"
"8153","Russia","Soviet Union","152mm 2A36 Giatsint-B field-gun","destroyed","https://i.postimg.cc/NFvjMfrz/1015-2-A36-Giatsint-B.jpg","2023-11-16",210,7349,1,"7-21073491","11/16/2023"
"8154","Russia","Soviet Union","152mm 2A36 Giatsint-B field-gun","destroyed","https://i.postimg.cc/qBmcjWWk/1020-2-A36-Giatsint-B-destr.jpg","2023-11-16",210,7350,1,"7-21073501","11/16/2023"
"8155","Russia","Soviet Union","152mm 2A36 Giatsint-B field-gun","destroyed","https://i.postimg.cc/y8Y8hSfr/1027-152mm-2-A36-Giatsint-B-field-gun-destr-12-10-22.jpg","2023-11-16",210,7351,1,"7-21073511","11/16/2023"
"8156","Russia","Soviet Union","152mm 2A36 Giatsint-B field-gun","destroyed","https://twitter.com/UAWeapons/status/1621117988618338309","2023-11-16",210,7231,1,"7-21072311","11/16/2023"
"8157","Russia","Soviet Union","152mm 2A36 Giatsint-B field-gun","destroyed","https://twitter.com/UAWeapons/status/1625083296387325954","2023-11-16",210,3320,1,"7-21033201","11/16/2023"
"8158","Russia","Soviet Union","152mm 2A36 Giatsint-B field-gun","destroyed","https://twitter.com/PaulJawin/status/1628298531369803776","2023-11-16",210,7352,1,"7-21073521","11/16/2023"
"8159","Russia","Soviet Union","152mm 2A36 Giatsint-B field-gun","destroyed","https://i.postimg.cc/N0S7hDhV/1004-2-A36-Giatsint-B-destr-23-02-23.jpg","2023-11-16",210,7353,1,"7-21073531","11/16/2023"
"8160","Russia","Soviet Union","152mm 2A36 Giatsint-B field-gun","destroyed","https://i.postimg.cc/vBn7Gnbm/1005-2-A36-Giatsint-B-destr-23-02-23.jpg","2023-11-16",210,7354,1,"7-21073541","11/16/2023"
"8161","Russia","Soviet Union","152mm 2A36 Giatsint-B field-gun","destroyed","https://i.postimg.cc/kGdQG5gv/1006-2-A36-Giatsint-B-destr-23-02-23.jpg","2023-11-16",210,7355,1,"7-21073551","11/16/2023"
"8162","Russia","Soviet Union","152mm 2A36 Giatsint-B field-gun","destroyed","https://i.postimg.cc/NG18VRdJ/1007-2-A36-Giatsint-B-destr-23-02-23.jpg","2023-11-16",210,7356,1,"7-21073561","11/16/2023"
"8163","Russia","Soviet Union","152mm 2A36 Giatsint-B field-gun","destroyed","https://i.postimg.cc/xTFG0kjW/1012-2a36-destr-03-03-23.jpg","2023-11-16",210,7357,1,"7-21073571","11/16/2023"
"8164","Russia","Soviet Union","152mm 2A36 Giatsint-B field-gun","destroyed","https://i.postimg.cc/Sx26jyJj/1013-2a36-destr-03-03-23.jpg","2023-11-16",210,7358,1,"7-21073581","11/16/2023"
"8165","Russia","Soviet Union","152mm 2A36 Giatsint-B field-gun","destroyed","https://i.postimg.cc/FK00gDb4/1014-2a36-destr-01-03-23.jpg","2023-11-16",210,7359,1,"7-21073591","11/16/2023"
"8166","Russia","Soviet Union","152mm 2A36 Giatsint-B field-gun","destroyed","https://i.postimg.cc/jSpz7G7c/1015-2a36-destr-01-03-23.jpg","2023-11-16",210,7360,1,"7-21073601","11/16/2023"
"8167","Russia","Soviet Union","152mm 2A36 Giatsint-B field-gun","destroyed","https://i.postimg.cc/jjzPSPxT/1014-2-A36-Giatsint-B-field-gun-destr-05-03-23.jpg","2023-11-16",210,7361,1,"7-21073611","11/16/2023"
"8168","Russia","Soviet Union","152mm 2A36 Giatsint-B field-gun","destroyed","https://i.postimg.cc/L8BWyTGH/7636.png","2023-11-16",210,7362,1,"7-21073621","11/16/2023"
"8169","Russia","Soviet Union","152mm 2A36 Giatsint-B field-gun","destroyed","https://i.postimg.cc/4d3QQbRF/4377.png","2023-11-16",210,7363,1,"7-21073631","11/16/2023"
"8170","Russia","Soviet Union","152mm 2A36 Giatsint-B field-gun","destroyed","https://twitter.com/UAWeapons/status/1643660283192147968","2023-11-16",210,7364,1,"7-21073641","11/16/2023"
"8171","Russia","Soviet Union","152mm 2A36 Giatsint-B field-gun","destroyed","https://i.postimg.cc/76S571Pt/38k.png","2023-11-16",210,7365,1,"7-21073651","11/16/2023"
"8172","Russia","Soviet Union","152mm 2A36 Giatsint-B field-gun","destroyed","https://i.postimg.cc/fW5098PF/1015-152mm-2-A36-Giatsint-B-destr-11-05-23.jpg","2023-11-16",210,7366,1,"7-21073661","11/16/2023"
"8173","Russia","Soviet Union","152mm 2A36 Giatsint-B field-gun","destroyed","https://twitter.com/UAWeapons/status/1659212107014103042","2023-11-16",210,7367,1,"7-21073671","11/16/2023"
"8174","Russia","Soviet Union","152mm 2A36 Giatsint-B field-gun","destroyed","https://i.postimg.cc/4x1n2fqN/1003-2x-2s36-destr-28-05-23.jpg","2023-11-16",210,7368,1,"7-21073681","11/16/2023"
"8175","Russia","Soviet Union","152mm 2A36 Giatsint-B field-gun","destroyed","https://i.postimg.cc/JnXrkjJv/1021-2-A36-Giatsint-B-destr-25-07-23.jpg","2023-11-16",210,7369,1,"7-21073691","11/16/2023"
"8176","Russia","Soviet Union","152mm 2A36 Giatsint-B field-gun","destroyed","https://i.postimg.cc/WzsbPmVB/1010-2-A36-destr-29-07-23.jpg","2023-11-16",210,7370,1,"7-21073701","11/16/2023"
"8177","Russia","Soviet Union","152mm 2A36 Giatsint-B field-gun","destroyed","https://i.postimg.cc/Wp0HQ5d6/33551.png","2023-11-16",210,7371,1,"7-21073711","11/16/2023"
"8178","Russia","Soviet Union","152mm 2A36 Giatsint-B field-gun","destroyed","https://i.postimg.cc/y8ptjLNh/2659.png","2023-11-16",210,7372,1,"7-21073721","11/16/2023"
"8179","Russia","Soviet Union","152mm 2A36 Giatsint-B field-gun","destroyed","https://i.postimg.cc/59sLVytD/1006-2-A36-destr-04-10-23.jpg","2023-11-16",210,7373,1,"7-21073731","11/16/2023"
"8180","Russia","Soviet Union","152mm 2A36 Giatsint-B field-gun","destroyed","https://i.postimg.cc/BQtDQ3Lb/1033-2-A36-destr-01-10-23.jpg","2023-11-16",210,7374,1,"7-21073741","11/16/2023"
"8181","Russia","Soviet Union","152mm 2A36 Giatsint-B field-gun","destroyed","https://i.postimg.cc/MZfNGTPW/1035-2a36-destr-03-10-23.jpg","2023-11-16",210,7375,1,"7-21073751","11/16/2023"
"8182","Russia","Soviet Union","152mm 2A36 Giatsint-B field-gun","damaged","https://twitter.com/UAWeapons/status/1615763761624764417","2023-11-16",210,7376,2,"7-21073762","11/16/2023"
"8183","Russia","Soviet Union","152mm 2A36 Giatsint-B field-gun","damaged","https://i.postimg.cc/RFBncy4r/1006-152mm-2-A36-Giatsint-B-field-gun-dam-09-05-23.jpg","2023-11-16",210,7377,2,"7-21073772","11/16/2023"
"8184","Russia","Soviet Union","152mm 2A36 Giatsint-B field-gun","damaged","https://i.postimg.cc/MGRQfqkb/1007-152mm-2-A36-Giatsint-B-field-gun-dam-09-05-23.jpg","2023-11-16",210,7378,2,"7-21073782","11/16/2023"
"8185","Russia","Soviet Union","152mm 2A36 Giatsint-B field-gun","damaged","https://i.postimg.cc/TwRYntqQ/2465.png","2023-11-16",210,7379,2,"7-21073792","11/16/2023"
"8186","Russia","Soviet Union","152mm 2A36 Giatsint-B field-gun","captured","https://twitter.com/UAWeapons/status/1572616448601735181","2023-11-16",210,7380,3,"7-21073803","11/16/2023"
"8187","Russia","Soviet Union","152mm 2A36 Giatsint-B field-gun","captured","https://twitter.com/UAWeapons/status/1578108247377989633","2023-11-16",210,7381,3,"7-21073813","11/16/2023"
"8188","Russia","Soviet Union","152mm 2A36 Giatsint-B field-gun","captured","https://twitter.com/UAWeapons/status/1577923327150067712","2023-11-16",210,7382,3,"7-21073823","11/16/2023"
"8189","Russia","Soviet Union","152mm 2A36 Giatsint-B field-gun","damaged","https://twitter.com/UAWeapons/status/1591878699577647108","2023-11-16",210,7383,2,"7-21073832","11/16/2023"
"8190","Russia","Soviet Union","152mm 2A36 Giatsint-B field-gun","captured","https://twitter.com/UAWeapons/status/1591878699577647108","2023-11-16",210,7383,3,"7-21073833","11/16/2023"
"8191","Russia","Soviet Union","152mm 2A36 Giatsint-B field-gun","captured","https://twitter.com/UAWeapons/status/1592637435485519872","2023-11-16",210,7384,3,"7-21073843","11/16/2023"
"8192","Russia","Soviet Union","152mm 2A36 Giatsint-B field-gun","captured","https://twitter.com/UAWeapons/status/1598417166356856833","2023-11-16",210,7385,3,"7-21073853","11/16/2023"
"8193","Russia","Soviet Union","152mm 2A36 Giatsint-B field-gun","captured","https://twitter.com/UAWeapons/status/1600052653521879041","2023-11-16",210,7386,3,"7-21073863","11/16/2023"
"8194","Russia","Soviet Union","152mm 2A36 Giatsint-B field-gun","captured","https://i.postimg.cc/Vs27hfRW/4f.png","2023-11-16",210,7387,3,"7-21073873","11/16/2023"
"8195","Russia","Russia","Unknown towed artillery","destroyed","https://twitter.com/Blue_Sauron/status/1545642114486263808","2023-11-16",211,7388,1,"7-21173881","11/16/2023"
"8196","Russia","Russia","Unknown towed artillery","destroyed","https://twitter.com/Blue_Sauron/status/1546433071335063558","2023-11-16",211,7389,1,"7-21173891","11/16/2023"
"8197","Russia","Russia","Unknown towed artillery","destroyed","https://i.postimg.cc/3w5D0yxC/1034-unkn-towed-arty.jpg","2023-11-16",211,7390,1,"7-21173901","11/16/2023"
"8198","Russia","Russia","Unknown towed artillery","destroyed","https://i.postimg.cc/wBhKJhNY/1001-unkn-towed-arty-destr-10-05-23.jpg","2023-11-16",211,7391,1,"7-21173911","11/16/2023"
"8199","Russia","Russia","Unknown towed artillery","destroyed","https://i.postimg.cc/NMY3x589/1002-unkn-towed-arty-destr-10-05-23.jpg","2023-11-16",211,7392,1,"7-21173921","11/16/2023"
"8200","Russia","Russia","Unknown towed artillery","destroyed","https://i.postimg.cc/DyZd26g6/1024-unkn-towed-arty-unkn-AFV-destr-02-06-23.jpg","2023-11-16",211,3071,1,"7-21130711","11/16/2023"
"8201","Russia","Russia","Unknown towed artillery","destroyed","https://i.postimg.cc/3x2Hrh92/1029-unkn-truck-and-unkn-arty-destr-10-06-23.jpg","2023-11-16",211,7393,1,"7-21173931","11/16/2023"
"8202","Russia","Russia","Unknown towed artillery","destroyed","https://i.postimg.cc/2SN3dKLJ/1001-unkn-art-destr-16-06-23.jpg","2023-11-16",211,7394,1,"7-21173941","11/16/2023"
"8203","Russia","Russia","Unknown towed artillery","destroyed","https://i.postimg.cc/W3Js12zW/1005-unkn-towed-arty-destr-25-07-23.jpg","2023-11-16",211,7395,1,"7-21173951","11/16/2023"
"8204","Russia","Russia","Unknown towed artillery","destroyed","https://i.postimg.cc/15vNmGDG/248.png","2023-11-16",211,7396,1,"7-21173961","11/16/2023"
"8205","Russia","Russia","Unknown towed artillery","damaged","https://i.postimg.cc/ZR8Zs0xr/442.png","2023-11-16",211,7397,2,"7-21173972","11/16/2023"
"8206","Russia","Russia","Unknown towed artillery","damaged","https://i.postimg.cc/Y0hz1jbG/1013-unkn-towed-ary-destr-27-05-23.jpg","2023-11-16",211,7398,2,"7-21173982","11/16/2023"
"8207","Russia","Soviet Union","44 120mm 2S9 Nona","destroyed","https://i.postimg.cc/Hs4Pk04p/443.png","2023-11-16",212,5081,1,"7-21250811","11/16/2023"
"8208","Russia","Soviet Union","44 120mm 2S9 Nona","destroyed","https://i.postimg.cc/ncC7ghxb/431.png","2023-11-16",212,7399,1,"7-21273991","11/16/2023"
"8209","Russia","Soviet Union","44 120mm 2S9 Nona","destroyed","https://i.postimg.cc/Mp83pkdp/7h5.jpg","2023-11-16",212,7400,1,"7-21274001","11/16/2023"
"8210","Russia","Soviet Union","44 120mm 2S9 Nona","destroyed","https://i.postimg.cc/x1Wr1Md0/1047-120mm-2-S9-Nona.jpg","2023-11-16",212,7401,1,"7-21274011","11/16/2023"
"8211","Russia","Soviet Union","44 120mm 2S9 Nona","destroyed","https://i.postimg.cc/DwWkhBnj/1048-120mm-2-S9-Nona.jpg","2023-11-16",212,7402,1,"7-21274021","11/16/2023"
"8212","Russia","Soviet Union","44 120mm 2S9 Nona","destroyed","https://i.postimg.cc/nzbtDYpw/1073-120mm-2-S9-Nona.jpg","2023-11-16",212,7403,1,"7-21274031","11/16/2023"
"8213","Russia","Soviet Union","44 120mm 2S9 Nona","destroyed","https://i.postimg.cc/3xcn04LV/1091-120mm-2-S9-Nona.jpg","2023-11-16",212,7404,1,"7-21274041","11/16/2023"
"8214","Russia","Soviet Union","44 120mm 2S9 Nona","destroyed","https://i.postimg.cc/Cx1cKH4b/1092-120mm-2-S9-Nona.jpg","2023-11-16",212,7405,1,"7-21274051","11/16/2023"
"8215","Russia","Soviet Union","44 120mm 2S9 Nona","destroyed","https://i.postimg.cc/yYPrFnDq/1001-2-S9-Nona-destr.jpg","2023-11-16",212,7406,1,"7-21274061","11/16/2023"
"8216","Russia","Soviet Union","44 120mm 2S9 Nona","destroyed","https://i.postimg.cc/qRn8wghc/1011-120mm-2-S9-Nona-self-propelled-mortar-destr.jpg","2023-11-16",212,7407,1,"7-21274071","11/16/2023"
"8217","Russia","Soviet Union","44 120mm 2S9 Nona","destroyed","https://twitter.com/UAWeapons/status/1591541286775173120","2023-11-16",212,7408,1,"7-21274081","11/16/2023"
"8218","Russia","Soviet Union","44 120mm 2S9 Nona","destroyed","https://twitter.com/naalsio26/status/1597146621623476225","2023-11-16",212,5147,1,"7-21251471","11/16/2023"
"8219","Russia","Soviet Union","44 120mm 2S9 Nona","destroyed","https://i.postimg.cc/xThJ1GMz/1011-Nona-SVK-destr.jpg","2023-11-16",212,7409,1,"7-21274091","11/16/2023"
"8220","Russia","Soviet Union","44 120mm 2S9 Nona","destroyed","https://i.postimg.cc/rpRfBBjy/466.jpg","2023-11-16",212,7410,1,"7-21274101","11/16/2023"
"8221","Russia","Soviet Union","44 120mm 2S9 Nona","destroyed","https://twitter.com/UAWeapons/status/1618228592558878727","2023-11-16",212,7411,1,"7-21274111","11/16/2023"
"8222","Russia","Soviet Union","44 120mm 2S9 Nona","destroyed","https://i.postimg.cc/mrnZtdND/1006-nona-destr-28-01-23.jpg","2023-11-16",212,7412,1,"7-21274121","11/16/2023"
"8223","Russia","Soviet Union","44 120mm 2S9 Nona","destroyed","https://i.postimg.cc/GtGp0kDp/1010-2-S9-Nona-destr-28-01-23.jpg","2023-11-16",212,7413,1,"7-21274131","11/16/2023"
"8224","Russia","Soviet Union","44 120mm 2S9 Nona","destroyed","https://i.postimg.cc/8cKwy9Xq/4310.png","2023-11-16",212,7414,1,"7-21274141","11/16/2023"
"8225","Russia","Soviet Union","44 120mm 2S9 Nona","destroyed","https://i.postimg.cc/zXKJ64KY/87j.png","2023-11-16",212,7415,1,"7-21274151","11/16/2023"
"8226","Russia","Soviet Union","44 120mm 2S9 Nona","destroyed","https://twitter.com/UAWeapons/status/1643637750329999365","2023-11-16",212,7416,1,"7-21274161","11/16/2023"
"8227","Russia","Soviet Union","44 120mm 2S9 Nona","destroyed","https://twitter.com/UAWeapons/status/1644301994641727489","2023-11-16",212,7417,1,"7-21274171","11/16/2023"
"8228","Russia","Soviet Union","44 120mm 2S9 Nona","destroyed","https://twitter.com/UAWeapons/status/1644407441008861187","2023-11-16",212,7418,1,"7-21274181","11/16/2023"
"8229","Russia","Soviet Union","44 120mm 2S9 Nona","destroyed","https://i.postimg.cc/pTB7m4dN/1044-nona-s-destr-08-06-23.jpg","2023-11-16",212,7419,1,"7-21274191","11/16/2023"
"8230","Russia","Soviet Union","44 120mm 2S9 Nona","destroyed","https://i.postimg.cc/mrhPZFj4/1004-nona-s-destr-11-06-23.jpg","2023-11-16",212,7420,1,"7-21274201","11/16/2023"
"8231","Russia","Soviet Union","44 120mm 2S9 Nona","destroyed","https://i.postimg.cc/wM5L5qFs/1017-bmp3-destr-14-08-23.jpg","2023-11-16",212,7421,1,"7-21274211","11/16/2023"
"8232","Russia","Soviet Union","44 120mm 2S9 Nona","destroyed","https://i.postimg.cc/g23RcqMh/1024-120mm-2-S9-Nona-destr-19-08-23.jpg","2023-11-16",212,7422,1,"7-21274221","11/16/2023"
"8233","Russia","Soviet Union","44 120mm 2S9 Nona","destroyed","https://postimg.cc/Z9YpS4WL","2023-11-16",212,7423,1,"7-21274231","11/16/2023"
"8234","Russia","Soviet Union","44 120mm 2S9 Nona","destroyed","https://postimg.cc/r0BDKkw3","2023-11-16",212,7424,1,"7-21274241","11/16/2023"
"8235","Russia","Soviet Union","44 120mm 2S9 Nona","destroyed","https://twitter.com/UAWeapons/status/1703759553945289125","2023-11-16",212,7425,1,"7-21274251","11/16/2023"
"8236","Russia","Soviet Union","44 120mm 2S9 Nona","destroyed","https://twitter.com/UAWeapons/status/1705852827233300773","2023-11-16",212,7426,1,"7-21274261","11/16/2023"
"8237","Russia","Soviet Union","44 120mm 2S9 Nona","destroyed","https://i.postimg.cc/sxX9ZytJ/1017-nona-destr-06-10-23.jpg","2023-11-16",212,7427,1,"7-21274271","11/16/2023"
"8238","Russia","Soviet Union","44 120mm 2S9 Nona","destroyed","https://i.postimg.cc/43k52D9J/1030-2-S9-Nona-S-destr-05-10-23.jpg","2023-11-16",212,7428,1,"7-21274281","11/16/2023"
"8239","Russia","Soviet Union","44 120mm 2S9 Nona","destroyed","https://i.postimg.cc/FRqCyfFF/1033-nona-s-destr-15-10-23.jpg","2023-11-16",212,7429,1,"7-21274291","11/16/2023"
"8240","Russia","Soviet Union","44 120mm 2S9 Nona","destroyed","https://i.postimg.cc/SKDmy246/1016-nona-s-destr-24-10-23.jpg","2023-11-16",212,7430,1,"7-21274301","11/16/2023"
"8241","Russia","Soviet Union","44 120mm 2S9 Nona","destroyed","https://i.postimg.cc/Prwfm5bH/1021-Nona-S-destr-18-10-23.jpg","2023-11-16",212,7431,1,"7-21274311","11/16/2023"
"8242","Russia","Soviet Union","44 120mm 2S9 Nona","destroyed","https://i.postimg.cc/65g9QLrV/1030-Nona-S-destr-01-11-23.jpg","2023-11-16",212,7432,1,"7-21274321","11/16/2023"
"8243","Russia","Soviet Union","44 120mm 2S9 Nona","damaged","https://twitter.com/RALee85/status/1625019873700065281","2023-11-16",212,7433,2,"7-21274332","11/16/2023"
"8244","Russia","Soviet Union","44 120mm 2S9 Nona","damaged","https://i.postimg.cc/XqZqgh0x/39.png","2023-11-16",212,7434,2,"7-21274342","11/16/2023"
"8245","Russia","Soviet Union","44 120mm 2S9 Nona","captured","https://i.postimg.cc/bwPz8VWX/6522.jpg","2023-11-16",212,7435,3,"7-21274353","11/16/2023"
"8246","Russia","Soviet Union","44 120mm 2S9 Nona","captured","https://i.postimg.cc/hvz00pQc/432u.png","2023-11-16",212,7436,3,"7-21274363","11/16/2023"
"8247","Russia","Soviet Union","44 120mm 2S9 Nona","captured","https://i.postimg.cc/Nfx4tqpS/5580.png","2023-11-16",212,7437,3,"7-21274373","11/16/2023"
"8248","Russia","Soviet Union","44 120mm 2S9 Nona","captured","https://i.postimg.cc/RhCMLMTS/t9.png","2023-11-16",212,7438,3,"7-21274383","11/16/2023"
"8249","Russia","Soviet Union","44 120mm 2S9 Nona","captured","https://i.postimg.cc/NM4Ycgvc/1010-2s9-nona-capt-01-01-23.jpg","2023-11-16",212,7439,3,"7-21274393","11/16/2023"
"8250","Russia","Russia","4 120mm 2S23 Nona-SVK","destroyed","https://i.postimg.cc/QMxYCjn6/1000-non-svk-destr.jpg","2023-11-16",213,7440,1,"7-21374401","11/16/2023"
"8251","Russia","Russia","4 120mm 2S23 Nona-SVK","captured","https://i.postimg.cc/Gtxd6gBr/4356.jpg","2023-11-16",213,7441,3,"7-21374413","11/16/2023"
"8252","Russia","Russia","4 120mm 2S23 Nona-SVK","captured","https://twitter.com/UAWeapons/status/1569292595997675523","2023-11-16",213,634,3,"7-2136343","11/16/2023"
"8253","Russia","Russia","4 120mm 2S23 Nona-SVK","captured","https://i.postimg.cc/PxTZYLdC/487.png","2023-11-16",213,7442,3,"7-21374423","11/16/2023"
"8254","Russia","Russia","120mm 2S34 Khosta","captured","https://i.postimg.cc/NFwX6m7d/763.png","2023-11-16",214,7443,3,"7-21474433","11/16/2023"
"8255","Russia","Russia","120mm 2S34 Khosta","captured","https://i.postimg.cc/HsKs7RyT/26.png","2023-11-16",214,7444,3,"7-21474443","11/16/2023"
"8256","Russia","Soviet Union","122mm 2S1 Gvozdika","destroyed","https://i.postimg.cc/TwswzQQW/f69.png","2023-11-16",215,7445,1,"7-21574451","11/16/2023"
"8257","Russia","Soviet Union","122mm 2S1 Gvozdika","destroyed","https://i.postimg.cc/Gh4ZTmJD/47.png","2023-11-16",215,7446,1,"7-21574461","11/16/2023"
"8258","Russia","Soviet Union","122mm 2S1 Gvozdika","destroyed","https://i.postimg.cc/NMN9JTWk/1093-2-S1-Gvozdika.jpg","2023-11-16",215,7447,1,"7-21574471","11/16/2023"
"8259","Russia","Soviet Union","122mm 2S1 Gvozdika","destroyed","https://i.postimg.cc/Dz8Sfc6C/66.jpg","2023-11-16",215,7448,1,"7-21574481","11/16/2023"
"8260","Russia","Soviet Union","122mm 2S1 Gvozdika","destroyed","https://twitter.com/UAWeapons/status/1521870197992398849","2023-11-16",215,7449,1,"7-21574491","11/16/2023"
"8261","Russia","Soviet Union","122mm 2S1 Gvozdika","destroyed","https://i.postimg.cc/9FDM3ZCg/42.jpg","2023-11-16",215,7450,1,"7-21574501","11/16/2023"
"8262","Russia","Soviet Union","122mm 2S1 Gvozdika","destroyed","https://i.postimg.cc/jqg5kZ0J/433.jpg","2023-11-16",215,7451,1,"7-21574511","11/16/2023"
"8263","Russia","Soviet Union","122mm 2S1 Gvozdika","destroyed","https://i.postimg.cc/GpwmXrHP/4319.png","2023-11-16",215,7452,1,"7-21574521","11/16/2023"
"8264","Russia","Soviet Union","122mm 2S1 Gvozdika","destroyed","https://i.postimg.cc/8k4m0kGB/8877.jpg","2023-11-16",215,7453,1,"7-21574531","11/16/2023"
"8265","Russia","Soviet Union","122mm 2S1 Gvozdika","destroyed","https://i.postimg.cc/pXJ1p1kC/48j.png","2023-11-16",215,7454,1,"7-21574541","11/16/2023"
"8266","Russia","Soviet Union","122mm 2S1 Gvozdika","destroyed","https://twitter.com/Blue_Sauron/status/1549999631903457281","2023-11-16",215,7455,1,"7-21574551","11/16/2023"
"8267","Russia","Soviet Union","122mm 2S1 Gvozdika","destroyed","https://i.postimg.cc/T1T0yZ29/1005-2s1-gvozdika.jpg","2023-11-16",215,7456,1,"7-21574561","11/16/2023"
"8268","Russia","Soviet Union","122mm 2S1 Gvozdika","destroyed","https://i.postimg.cc/RZmgfxM1/1035-2s1-destr.jpg","2023-11-16",215,7457,1,"7-21574571","11/16/2023"
"8269","Russia","Soviet Union","122mm 2S1 Gvozdika","destroyed","https://twitter.com/UAWeapons/status/1586408213213499392","2023-11-16",215,7458,1,"7-21574581","11/16/2023"
"8270","Russia","Soviet Union","122mm 2S1 Gvozdika","destroyed","https://twitter.com/UAWeapons/status/1590470427218178049","2023-11-16",215,7459,1,"7-21574591","11/16/2023"
"8271","Russia","Soviet Union","122mm 2S1 Gvozdika","destroyed","https://twitter.com/UAWeapons/status/1590719204202012672","2023-11-16",215,7460,1,"7-21574601","11/16/2023"
"8272","Russia","Soviet Union","122mm 2S1 Gvozdika","destroyed","https://twitter.com/Blue_Sauron/status/1590794826421014528","2023-11-16",215,7461,1,"7-21574611","11/16/2023"
"8273","Russia","Soviet Union","122mm 2S1 Gvozdika","destroyed","https://i.postimg.cc/NMKDCGCs/1010-3x-2s1-Gvozdika-destr-09-01-23.jpg","2023-11-16",215,7462,1,"7-21574621","11/16/2023"
"8274","Russia","Soviet Union","122mm 2S1 Gvozdika","destroyed","https://i.postimg.cc/3NpB7SHz/1028-2-S1-Gvozdika-destr-08-01-23.jpg","2023-11-16",215,7463,1,"7-21574631","11/16/2023"
"8275","Russia","Soviet Union","122mm 2S1 Gvozdika","destroyed","https://twitter.com/UAWeapons/status/1615763761624764417","2023-11-16",215,7376,1,"7-21573761","11/16/2023"
"8276","Russia","Soviet Union","122mm 2S1 Gvozdika","destroyed","https://i.postimg.cc/rmXY5VD8/1016-2s1-destr-11-05-23.jpg","2023-11-16",215,7464,1,"7-21574641","11/16/2023"
"8277","Russia","Soviet Union","122mm 2S1 Gvozdika","destroyed","https://twitter.com/UAWeapons/status/1619324672700739590","2023-11-16",215,7465,1,"7-21574651","11/16/2023"
"8278","Russia","Soviet Union","122mm 2S1 Gvozdika","destroyed","https://i.postimg.cc/wjjyJQny/1000-2s1-destr-03-02-23.jpg","2023-11-16",215,7466,1,"7-21574661","11/16/2023"
"8279","Russia","Soviet Union","122mm 2S1 Gvozdika","destroyed","https://twitter.com/UAWeapons/status/1622254111444946944","2023-11-16",215,7467,1,"7-21574671","11/16/2023"
"8280","Russia","Soviet Union","122mm 2S1 Gvozdika","destroyed","https://twitter.com/UAWeapons/status/1622302947706109953","2023-11-16",215,7468,1,"7-21574681","11/16/2023"
"8281","Russia","Soviet Union","122mm 2S1 Gvozdika","destroyed","https://twitter.com/UAWeapons/status/1623273226322206721","2023-11-16",215,7232,1,"7-21572321","11/16/2023"
"8282","Russia","Soviet Union","122mm 2S1 Gvozdika","destroyed","https://i.postimg.cc/BQnTCvch/1023-2s1-destr-08-02-23.jpg","2023-11-16",215,7469,1,"7-21574691","11/16/2023"
"8283","Russia","Soviet Union","122mm 2S1 Gvozdika","destroyed","https://i.postimg.cc/445vtct7/1024-2s1-destr-08-02-23.jpg","2023-11-16",215,7470,1,"7-21574701","11/16/2023"
"8284","Russia","Soviet Union","122mm 2S1 Gvozdika","destroyed","https://i.postimg.cc/j50K1X1y/1012-2s1-destr-21-02-23.jpg","2023-11-16",215,7471,1,"7-21574711","11/16/2023"
"8285","Russia","Soviet Union","122mm 2S1 Gvozdika","destroyed","https://i.postimg.cc/RhWFG0rH/1009-2s1-destr-03-03-23.jpg","2023-11-16",215,7472,1,"7-21574721","11/16/2023"
"8286","Russia","Soviet Union","122mm 2S1 Gvozdika","destroyed","https://twitter.com/UAWeapons/status/1634558130007822336","2023-11-16",215,7473,1,"7-21574731","11/16/2023"
"8287","Russia","Soviet Union","122mm 2S1 Gvozdika","destroyed","https://twitter.com/naalsio26/status/1640096081080991744","2023-11-16",215,7474,1,"7-21574741","11/16/2023"
"8288","Russia","Soviet Union","122mm 2S1 Gvozdika","destroyed","https://i.postimg.cc/cJV6s5jb/1320.png","2023-11-16",215,7475,1,"7-21574751","11/16/2023"
"8289","Russia","Soviet Union","122mm 2S1 Gvozdika","destroyed","https://twitter.com/UAWeapons/status/1651564282918719489","2023-11-16",215,7476,1,"7-21574761","11/16/2023"
"8290","Russia","Soviet Union","122mm 2S1 Gvozdika","destroyed","https://i.postimg.cc/W1jjxtGV/1003-2-S1-Gvozdika-destr-11-05-23.jpg","2023-11-16",215,7477,1,"7-21574771","11/16/2023"
"8291","Russia","Soviet Union","122mm 2S1 Gvozdika","destroyed","https://i.postimg.cc/7ZVD4D92/1004-2-S1-Gvozdika-destr-11-05-23.jpg","2023-11-16",215,7478,1,"7-21574781","11/16/2023"
"8292","Russia","Soviet Union","122mm 2S1 Gvozdika","destroyed","https://i.postimg.cc/DZCcJ1d3/1005-2-S1-Gvozdika-destr-26-05-23.jpg","2023-11-16",215,7479,1,"7-21574791","11/16/2023"
"8293","Russia","Soviet Union","122mm 2S1 Gvozdika","destroyed","https://i.postimg.cc/W4ktSF70/1010-122mm-2-S1-Gvozdika-destr-31-05-23.jpg","2023-11-16",215,7480,1,"7-21574801","11/16/2023"
"8294","Russia","Soviet Union","122mm 2S1 Gvozdika","destroyed","https://twitter.com/UAWeapons/status/1676137451683733504","2023-11-16",215,7481,1,"7-21574811","11/16/2023"
"8295","Russia","Soviet Union","122mm 2S1 Gvozdika","destroyed","https://i.postimg.cc/nczjv1QR/1004-2s1-destr-04-07-23.jpg","2023-11-16",215,7482,1,"7-21574821","11/16/2023"
"8296","Russia","Soviet Union","122mm 2S1 Gvozdika","destroyed","https://i.postimg.cc/W1qdyb80/1024-2s1-destr-05-07-23.jpg","2023-11-16",215,7483,1,"7-21574831","11/16/2023"
"8297","Russia","Soviet Union","122mm 2S1 Gvozdika","destroyed","https://i.postimg.cc/QCMtJXV9/1028-2s1-destr-03-09-22.jpg","2023-11-16",215,7484,1,"7-21574841","11/16/2023"
"8298","Russia","Soviet Union","122mm 2S1 Gvozdika","destroyed","https://i.postimg.cc/43H0ZNFQ/1035-2s1-destr-16-07-23.jpg","2023-11-16",215,7485,1,"7-21574851","11/16/2023"
"8299","Russia","Soviet Union","122mm 2S1 Gvozdika","destroyed","https://twitter.com/NOELreports/status/1683788235900702722","2023-11-16",215,7486,1,"7-21574861","11/16/2023"
"8300","Russia","Soviet Union","122mm 2S1 Gvozdika","destroyed","https://i.postimg.cc/XvMWbKcs/1026-2-S1-destr-28-07-23.jpg","2023-11-16",215,7487,1,"7-21574871","11/16/2023"
"8301","Russia","Soviet Union","122mm 2S1 Gvozdika","destroyed","https://i.postimg.cc/BbzyCsmm/1028-2s1-destr-28-07-23.jpg","2023-11-16",215,7488,1,"7-21574881","11/16/2023"
"8302","Russia","Soviet Union","122mm 2S1 Gvozdika","destroyed","https://i.postimg.cc/Dzb0SkBz/1006-2s1-destr-07-08-23.jpg","2023-11-16",215,7489,1,"7-21574891","11/16/2023"
"8303","Russia","Soviet Union","122mm 2S1 Gvozdika","destroyed","https://i.postimg.cc/wxFqTjgV/1011-2s1-destr-07-08-23.jpg","2023-11-16",215,7490,1,"7-21574901","11/16/2023"
"8304","Russia","Soviet Union","122mm 2S1 Gvozdika","destroyed","https://i.postimg.cc/3rLhQfFf/1012-2s1-destr-07-08-23.jpg","2023-11-16",215,7491,1,"7-21574911","11/16/2023"
"8305","Russia","Soviet Union","122mm 2S1 Gvozdika","destroyed","https://i.postimg.cc/k4Q5yNr3/1030-2s1-destr-08-08-23.jpg","2023-11-16",215,7492,1,"7-21574921","11/16/2023"
"8306","Russia","Soviet Union","122mm 2S1 Gvozdika","destroyed","https://i.postimg.cc/9QzNwbbc/1007-2s1-destr-11-08-23.jpg","2023-11-16",215,7493,1,"7-21574931","11/16/2023"
"8307","Russia","Soviet Union","122mm 2S1 Gvozdika","destroyed","https://i.postimg.cc/k4MHFCWT/1014-2s1-destr-09-08-23.jpg","2023-11-16",215,7494,1,"7-21574941","11/16/2023"
"8308","Russia","Soviet Union","122mm 2S1 Gvozdika","destroyed","https://i.postimg.cc/ydtSQWT2/1036-2s1-destr-26-07-23.jpg","2023-11-16",215,7495,1,"7-21574951","11/16/2023"
"8309","Russia","Soviet Union","122mm 2S1 Gvozdika","destroyed","https://i.postimg.cc/bYxTvknx/54g0.png","2023-11-16",215,7496,1,"7-21574961","11/16/2023"
"8310","Russia","Soviet Union","122mm 2S1 Gvozdika","destroyed","https://twitter.com/naalsio26/status/1696920434363580869","2023-11-16",215,7497,1,"7-21574971","11/16/2023"
"8311","Russia","Soviet Union","122mm 2S1 Gvozdika","destroyed","https://i.postimg.cc/dQkT9sNR/290.png","2023-11-16",215,7498,1,"7-21574981","11/16/2023"
"8312","Russia","Soviet Union","122mm 2S1 Gvozdika","destroyed","https://i.postimg.cc/5yzdG0m3/554.png","2023-11-16",215,7499,1,"7-21574991","11/16/2023"
"8313","Russia","Soviet Union","122mm 2S1 Gvozdika","destroyed","https://i.postimg.cc/g0ZM4DyS/298.png","2023-11-16",215,7500,1,"7-21575001","11/16/2023"
"8314","Russia","Soviet Union","122mm 2S1 Gvozdika","destroyed","https://twitter.com/UAWeapons/status/1704108316660543615","2023-11-16",215,7501,1,"7-21575011","11/16/2023"
"8315","Russia","Soviet Union","122mm 2S1 Gvozdika","destroyed","https://i.postimg.cc/HkV31X17/425.png","2023-11-16",215,7502,1,"7-21575021","11/16/2023"
"8316","Russia","Soviet Union","122mm 2S1 Gvozdika","destroyed","https://i.postimg.cc/Zns6kv0G/1026-2-S1-Gvozdika-destr-02-10-23.jpg","2023-11-16",215,7503,1,"7-21575031","11/16/2023"
"8317","Russia","Soviet Union","122mm 2S1 Gvozdika","destroyed","https://i.postimg.cc/VvRt9hC3/1001-2s1-destr-25-04-22.jpg","2023-11-16",215,7504,1,"7-21575041","11/16/2023"
"8318","Russia","Soviet Union","122mm 2S1 Gvozdika","destroyed","https://i.postimg.cc/fTzmWw4Z/1002-2x-2s1-destr-25-04-22.jpg","2023-11-16",215,7505,1,"7-21575051","11/16/2023"
"8319","Russia","Soviet Union","122mm 2S1 Gvozdika","destroyed","https://i.postimg.cc/Pfz1kCR2/1003-2s1-destr-25-04-22.jpg","2023-11-16",215,7506,1,"7-21575061","11/16/2023"
"8320","Russia","Soviet Union","122mm 2S1 Gvozdika","destroyed","https://i.postimg.cc/Dzbb8bB6/1021-2s1-destr-26-10-23.jpg","2023-11-16",215,7507,1,"7-21575071","11/16/2023"
"8321","Russia","Soviet Union","122mm 2S1 Gvozdika","destroyed","https://i.postimg.cc/k4TCPxMb/1002-2s1-destr-02-11-23.jpg","2023-11-16",215,7508,1,"7-21575081","11/16/2023"
"8322","Russia","Soviet Union","122mm 2S1 Gvozdika","damaged","https://i.postimg.cc/MGjWYCfj/1006-2s1-dam-29-06-23.jpg","2023-11-16",215,7509,2,"7-21575092","11/16/2023"
"8323","Russia","Soviet Union","122mm 2S1 Gvozdika","damaged","https://i.postimg.cc/PJkqJdmS/1002-2s1-dam-25-06-23.jpg","2023-11-16",215,7510,2,"7-21575102","11/16/2023"
"8324","Russia","Soviet Union","122mm 2S1 Gvozdika","damaged","https://i.postimg.cc/pXrnFmJS/48j.png","2023-11-16",215,7511,2,"7-21575112","11/16/2023"
"8325","Russia","Soviet Union","122mm 2S1 Gvozdika","abandoned","https://i.postimg.cc/pXrnFmJS/48j.png","2023-11-16",215,7511,4,"7-21575114","11/16/2023"
"8326","Russia","Soviet Union","122mm 2S1 Gvozdika","abandoned","https://i.postimg.cc/qBYJLRq1/63.png","2023-11-16",215,7512,4,"7-21575124","11/16/2023"
"8327","Russia","Soviet Union","122mm 2S1 Gvozdika","captured","https://i.postimg.cc/mrc8qtCb/3368.png","2023-11-16",215,7513,3,"7-21575133","11/16/2023"
"8328","Russia","Soviet Union","122mm 2S1 Gvozdika","captured","https://i.postimg.cc/rm5DhJhH/580.png","2023-11-16",215,7514,3,"7-21575143","11/16/2023"
"8329","Russia","Soviet Union","122mm 2S1 Gvozdika","captured","https://i.postimg.cc/pT8Fvzt5/332.jpg","2023-11-16",215,7515,3,"7-21575153","11/16/2023"
"8330","Russia","Soviet Union","122mm 2S1 Gvozdika","captured","https://i.postimg.cc/Jn4NkvVd/ddd4.jpg","2023-11-16",215,7516,3,"7-21575163","11/16/2023"
"8331","Russia","Soviet Union","122mm 2S1 Gvozdika","captured","https://twitter.com/UAWeapons/status/1570508008454778880","2023-11-16",215,7517,3,"7-21575173","11/16/2023"
"8332","Russia","Soviet Union","122mm 2S1 Gvozdika","captured","https://i.postimg.cc/HLrvMGXF/1016-2s1-gvozdika-dam-capt.jpg","2023-11-16",215,7518,3,"7-21575183","11/16/2023"
"8333","Russia","Soviet Union","122mm 2S1 Gvozdika","captured","https://twitter.com/Blue_Sauron/status/1590781731552038912","2023-11-16",215,7519,3,"7-21575193","11/16/2023"
"8334","Russia","Soviet Union","122mm 2S1 Gvozdika","captured","https://twitter.com/UAWeapons/status/1591720519035981830","2023-11-16",215,7520,3,"7-21575203","11/16/2023"
"8335","Russia","Soviet Union","152mm 2S3(M) Akatsiya","destroyed","https://i.postimg.cc/sxhcr26w/668.png","2023-11-16",216,7521,1,"7-21675211","11/16/2023"
"8336","Russia","Soviet Union","152mm 2S3(M) Akatsiya","destroyed","https://i.postimg.cc/1RnbffKV/328.png","2023-11-16",216,7522,1,"7-21675221","11/16/2023"
"8337","Russia","Soviet Union","152mm 2S3(M) Akatsiya","destroyed","https://i.postimg.cc/VLvwssLw/r4.jpg","2023-11-16",216,7523,1,"7-21675231","11/16/2023"
"8338","Russia","Soviet Union","152mm 2S3(M) Akatsiya","destroyed","https://i.postimg.cc/j2120wR5/g7.png","2023-11-16",216,7524,1,"7-21675241","11/16/2023"
"8339","Russia","Soviet Union","152mm 2S3(M) Akatsiya","destroyed","https://twitter.com/UAWeapons/status/1507829418361860110","2023-11-16",216,7525,1,"7-21675251","11/16/2023"
"8340","Russia","Soviet Union","152mm 2S3(M) Akatsiya","destroyed","https://i.postimg.cc/SR913gH4/75.png","2023-11-16",216,7526,1,"7-21675261","11/16/2023"
"8341","Russia","Soviet Union","152mm 2S3(M) Akatsiya","destroyed","https://i.postimg.cc/g0tgRKM8/d21.png","2023-11-16",216,7527,1,"7-21675271","11/16/2023"
"8342","Russia","Soviet Union","152mm 2S3(M) Akatsiya","destroyed","https://i.postimg.cc/g0wV7WMx/65.jpg","2023-11-16",216,7528,1,"7-21675281","11/16/2023"
"8343","Russia","Soviet Union","152mm 2S3(M) Akatsiya","destroyed","https://i.postimg.cc/zBPkwBRD/76.jpg","2023-11-16",216,7529,1,"7-21675291","11/16/2023"
"8344","Russia","Soviet Union","152mm 2S3(M) Akatsiya","destroyed","https://i.postimg.cc/J4LT6ZRT/43f.jpg","2023-11-16",216,7530,1,"7-21675301","11/16/2023"
"8345","Russia","Soviet Union","152mm 2S3(M) Akatsiya","destroyed","https://i.postimg.cc/kGJ2D7rP/470.png","2023-11-16",216,7531,1,"7-21675311","11/16/2023"
"8346","Russia","Soviet Union","152mm 2S3(M) Akatsiya","destroyed","https://postimg.cc/4nBLj6tH","2023-11-16",216,7532,1,"7-21675321","11/16/2023"
"8347","Russia","Soviet Union","152mm 2S3(M) Akatsiya","destroyed","https://i.postimg.cc/j5GhS4qC/32f.jpg","2023-11-16",216,7533,1,"7-21675331","11/16/2023"
"8348","Russia","Soviet Union","152mm 2S3(M) Akatsiya","destroyed","https://i.postimg.cc/fynXfX78/4h.jpg","2023-11-16",216,7534,1,"7-21675341","11/16/2023"
"8349","Russia","Soviet Union","152mm 2S3(M) Akatsiya","destroyed","https://twitter.com/UAWeapons/status/1522923005747372032","2023-11-16",216,7535,1,"7-21675351","11/16/2023"
"8350","Russia","Soviet Union","152mm 2S3(M) Akatsiya","destroyed","https://i.postimg.cc/nLNcP5dC/5477.jpg","2023-11-16",216,7536,1,"7-21675361","11/16/2023"
"8351","Russia","Soviet Union","152mm 2S3(M) Akatsiya","destroyed","https://i.postimg.cc/qMpMcMBw/767.png","2023-11-16",216,7537,1,"7-21675371","11/16/2023"
"8352","Russia","Soviet Union","152mm 2S3(M) Akatsiya","destroyed","https://twitter.com/UAWeapons/status/1524474300874604545","2023-11-16",216,7538,1,"7-21675381","11/16/2023"
"8353","Russia","Soviet Union","152mm 2S3(M) Akatsiya","destroyed","https://i.postimg.cc/KvZ0nmv8/h6.jpg","2023-11-16",216,7539,1,"7-21675391","11/16/2023"
"8354","Russia","Soviet Union","152mm 2S3(M) Akatsiya","destroyed","https://twitter.com/UAWeapons/status/1539706037921583105","2023-11-16",216,7540,1,"7-21675401","11/16/2023"
"8355","Russia","Soviet Union","152mm 2S3(M) Akatsiya","destroyed","https://i.postimg.cc/L4t8XKXy/1007.jpg","2023-11-16",216,7541,1,"7-21675411","11/16/2023"
"8356","Russia","Soviet Union","152mm 2S3(M) Akatsiya","destroyed","https://i.postimg.cc/5Np9BB8L/1008.jpg","2023-11-16",216,7542,1,"7-21675421","11/16/2023"
"8357","Russia","Soviet Union","152mm 2S3(M) Akatsiya","destroyed","https://twitter.com/UAWeapons/status/1553708163895103491","2023-11-16",216,7543,1,"7-21675431","11/16/2023"
"8358","Russia","Soviet Union","152mm 2S3(M) Akatsiya","destroyed","https://i.postimg.cc/VLykR9Yt/1000-2-S3-Akatsya.jpg","2023-11-16",216,7544,1,"7-21675441","11/16/2023"
"8359","Russia","Soviet Union","152mm 2S3(M) Akatsiya","destroyed","https://postimg.cc/30C1Kmy0","2023-11-16",216,7545,1,"7-21675451","11/16/2023"
"8360","Russia","Soviet Union","152mm 2S3(M) Akatsiya","destroyed","https://i.postimg.cc/qvytp55N/1094-2-S3-Akatsiya.jpg","2023-11-16",216,7546,1,"7-21675461","11/16/2023"
"8361","Russia","Soviet Union","152mm 2S3(M) Akatsiya","destroyed","https://twitter.com/UAWeapons/status/1564984095591088129","2023-11-16",216,7547,1,"7-21675471","11/16/2023"
"8362","Russia","Soviet Union","152mm 2S3(M) Akatsiya","destroyed","https://twitter.com/UAWeapons/status/1565372183244951552","2023-11-16",216,7548,1,"7-21675481","11/16/2023"
"8363","Russia","Soviet Union","152mm 2S3(M) Akatsiya","destroyed","https://i.postimg.cc/yx2jLyPk/1028-2s3.jpg","2023-11-16",216,7549,1,"7-21675491","11/16/2023"
"8364","Russia","Soviet Union","152mm 2S3(M) Akatsiya","destroyed","https://i.postimg.cc/Hkwzt57k/1029-2s3-2x.jpg","2023-11-16",216,7550,1,"7-21675501","11/16/2023"
"8365","Russia","Soviet Union","152mm 2S3(M) Akatsiya","destroyed","https://i.postimg.cc/R0vMXyWL/2-S3-Kharkiv-region.png","2023-11-16",216,7551,1,"7-21675511","11/16/2023"
"8366","Russia","Soviet Union","152mm 2S3(M) Akatsiya","destroyed","https://i.postimg.cc/RZRvfLvb/2022-03-30-2s3.jpg","2023-11-16",216,7552,1,"7-21675521","11/16/2023"
"8367","Russia","Soviet Union","152mm 2S3(M) Akatsiya","destroyed","https://i.postimg.cc/fknrqpfj/2022-04-07-2s3.jpg","2023-11-16",216,7553,1,"7-21675531","11/16/2023"
"8368","Russia","Soviet Union","152mm 2S3(M) Akatsiya","destroyed","https://i.postimg.cc/C1W0Yv4d/2022-05-11-2s3.jpg","2023-11-16",216,7554,1,"7-21675541","11/16/2023"
"8369","Russia","Soviet Union","152mm 2S3(M) Akatsiya","destroyed","https://i.postimg.cc/sx7cxJtT/2022-05-11-2s3-2.jpg","2023-11-16",216,7555,1,"7-21675551","11/16/2023"
"8370","Russia","Soviet Union","152mm 2S3(M) Akatsiya","destroyed","https://postimg.cc/cryL598h","2023-11-16",216,7556,1,"7-21675561","11/16/2023"
"8371","Russia","Soviet Union","152mm 2S3(M) Akatsiya","destroyed","https://postimg.cc/Lnt8dttp","2023-11-16",216,7557,1,"7-21675571","11/16/2023"
"8372","Russia","Soviet Union","152mm 2S3(M) Akatsiya","destroyed","https://postimg.cc/xXBhf6Bd","2023-11-16",216,7558,1,"7-21675581","11/16/2023"
"8373","Russia","Soviet Union","152mm 2S3(M) Akatsiya","destroyed","https://twitter.com/UAWeapons/status/1586656362511171584","2023-11-16",216,7559,1,"7-21675591","11/16/2023"
"8374","Russia","Soviet Union","152mm 2S3(M) Akatsiya","destroyed","https://i.postimg.cc/J4VggTyr/1001-2s3-destr.jpg","2023-11-16",216,7560,1,"7-21675601","11/16/2023"
"8375","Russia","Soviet Union","152mm 2S3(M) Akatsiya","destroyed","https://i.postimg.cc/bJnRnFgW/1009-2s3-destr.jpg","2023-11-16",216,7561,1,"7-21675611","11/16/2023"
"8376","Russia","Soviet Union","152mm 2S3(M) Akatsiya","destroyed","https://i.postimg.cc/3wRJMLxj/1003-2-S3-Akatsiya-destr-14-11.jpg","2023-11-16",216,7562,1,"7-21675621","11/16/2023"
"8377","Russia","Soviet Union","152mm 2S3(M) Akatsiya","destroyed","https://i.postimg.cc/3x9JcMYJ/1020-2s3-destr.jpg","2023-11-16",216,7563,1,"7-21675631","11/16/2023"
"8378","Russia","Soviet Union","152mm 2S3(M) Akatsiya","destroyed","https://i.postimg.cc/QMyNjpF2/1024-2-S3-Akatsiya-destr.jpg","2023-11-16",216,7564,1,"7-21675641","11/16/2023"
"8379","Russia","Soviet Union","152mm 2S3(M) Akatsiya","destroyed","https://i.postimg.cc/8cZJsdky/1005-152mm-2-S3-Akatsiya-destr.jpg","2023-11-16",216,7565,1,"7-21675651","11/16/2023"
"8380","Russia","Soviet Union","152mm 2S3(M) Akatsiya","destroyed","https://i.postimg.cc/8zvFJFmn/1020-2s3-destr.jpg","2023-11-16",216,7566,1,"7-21675661","11/16/2023"
"8381","Russia","Soviet Union","152mm 2S3(M) Akatsiya","destroyed","https://i.postimg.cc/C51nhP7H/378.png","2023-11-16",216,7567,1,"7-21675671","11/16/2023"
"8382","Russia","Soviet Union","152mm 2S3(M) Akatsiya","destroyed","https://i.postimg.cc/fL72CHwG/69.png","2023-11-16",216,7568,1,"7-21675681","11/16/2023"
"8383","Russia","Soviet Union","152mm 2S3(M) Akatsiya","destroyed","https://i.postimg.cc/Cxt2JP81/65f.png","2023-11-16",216,7569,1,"7-21675691","11/16/2023"
"8384","Russia","Soviet Union","152mm 2S3(M) Akatsiya","destroyed","https://i.postimg.cc/nzqB10G8/1002-t80bv-destr.jpg","2023-11-16",216,7570,1,"7-21675701","11/16/2023"
"8385","Russia","Soviet Union","152mm 2S3(M) Akatsiya","destroyed","https://i.postimg.cc/4dFNFcwC/1015-2s3-akatsiya-destr-25-12-22.jpg","2023-11-16",216,7571,1,"7-21675711","11/16/2023"
"8386","Russia","Soviet Union","152mm 2S3(M) Akatsiya","destroyed","https://i.postimg.cc/KvRYhLHZ/1001-2-S3-Akatsiya-destr-17-01-23.jpg","2023-11-16",216,7572,1,"7-21675721","11/16/2023"
"8387","Russia","Soviet Union","152mm 2S3(M) Akatsiya","destroyed","https://twitter.com/UAWeapons/status/1615757639153254400","2023-11-16",216,7573,1,"7-21675731","11/16/2023"
"8388","Russia","Soviet Union","152mm 2S3(M) Akatsiya","destroyed","https://i.postimg.cc/nz6dFvkg/1003-2-S3-Akatsiya-destr-22-01-23.jpg","2023-11-16",216,7574,1,"7-21675741","11/16/2023"
"8389","Russia","Soviet Union","152mm 2S3(M) Akatsiya","destroyed","https://i.postimg.cc/0j2cHpwy/1008-2s3-destr-25-01-23.jpg","2023-11-16",216,7575,1,"7-21675751","11/16/2023"
"8390","Russia","Soviet Union","152mm 2S3(M) Akatsiya","destroyed","https://i.postimg.cc/MGvRtYKY/1032-2s3-destr-01-02-23.jpg","2023-11-16",216,7576,1,"7-21675761","11/16/2023"
"8391","Russia","Soviet Union","152mm 2S3(M) Akatsiya","destroyed","https://i.postimg.cc/651nm6MD/1004-2s3-destr-14-04-23.jpg","2023-11-16",216,7577,1,"7-21675771","11/16/2023"
"8392","Russia","Soviet Union","152mm 2S3(M) Akatsiya","destroyed","https://i.postimg.cc/vZTBdVKQ/1022-2s3-destr-04-02-23.jpg","2023-11-16",216,7578,1,"7-21675781","11/16/2023"
"8393","Russia","Soviet Union","152mm 2S3(M) Akatsiya","destroyed","https://twitter.com/UAWeapons/status/1623702986722537472","2023-11-16",216,7579,1,"7-21675791","11/16/2023"
"8394","Russia","Soviet Union","152mm 2S3(M) Akatsiya","destroyed","https://i.postimg.cc/65bdbNMB/1011-2s3-destr-15-11-22.jpg","2023-11-16",216,7580,1,"7-21675801","11/16/2023"
"8395","Russia","Soviet Union","152mm 2S3(M) Akatsiya","destroyed","https://twitter.com/UAWeapons/status/1624520765616824321","2023-11-16",216,7581,1,"7-21675811","11/16/2023"
"8396","Russia","Soviet Union","152mm 2S3(M) Akatsiya","destroyed","https://twitter.com/UAWeapons/status/1625242267916070918","2023-11-16",216,295,1,"7-2162951","11/16/2023"
"8397","Russia","Soviet Union","152mm 2S3(M) Akatsiya","destroyed","https://i.postimg.cc/d3g0fKvS/1008-2s3-destr-03-03-23.jpg","2023-11-16",216,7582,1,"7-21675821","11/16/2023"
"8398","Russia","Soviet Union","152mm 2S3(M) Akatsiya","destroyed","https://twitter.com/naalsio26/status/1634023490562011137","2023-11-16",216,7583,1,"7-21675831","11/16/2023"
"8399","Russia","Soviet Union","152mm 2S3(M) Akatsiya","destroyed","https://twitter.com/UAWeapons/status/1638103539347070976","2023-11-16",216,7584,1,"7-21675841","11/16/2023"
"8400","Russia","Soviet Union","152mm 2S3(M) Akatsiya","destroyed","https://twitter.com/naalsio26/status/1640106030561468416","2023-11-16",216,7585,1,"7-21675851","11/16/2023"
"8401","Russia","Soviet Union","152mm 2S3(M) Akatsiya","destroyed","https://twitter.com/naalsio26/status/1644116969648431104","2023-11-16",216,7586,1,"7-21675861","11/16/2023"
"8402","Russia","Soviet Union","152mm 2S3(M) Akatsiya","destroyed","https://twitter.com/UAWeapons/status/1644721793834315779","2023-11-16",216,7587,1,"7-21675871","11/16/2023"
"8403","Russia","Soviet Union","152mm 2S3(M) Akatsiya","destroyed","https://i.postimg.cc/bNJCh7rL/1023-2s3-destr-30-11-22.jpg","2023-11-16",216,7588,1,"7-21675881","11/16/2023"
"8404","Russia","Soviet Union","152mm 2S3(M) Akatsiya","destroyed","https://i.postimg.cc/Gps5B8h7/1041-2-S3-destr-15-05-23.jpg","2023-11-16",216,7589,1,"7-21675891","11/16/2023"
"8405","Russia","Soviet Union","152mm 2S3(M) Akatsiya","destroyed","https://i.postimg.cc/rpwTFbZY/1007-152mm-2-S3-Akatsiya-destr-17-05-23.jpg","2023-11-16",216,7590,1,"7-21675901","11/16/2023"
"8406","Russia","Soviet Union","152mm 2S3(M) Akatsiya","destroyed","https://twitter.com/UAWeapons/status/1666827430261141504","2023-11-16",216,7591,1,"7-21675911","11/16/2023"
"8407","Russia","Soviet Union","152mm 2S3(M) Akatsiya","destroyed","https://i.postimg.cc/q7yWTzVv/1024-2-S3-Akatsiya-destr-07-06-23.jpg","2023-11-16",216,7592,1,"7-21675921","11/16/2023"
"8408","Russia","Soviet Union","152mm 2S3(M) Akatsiya","destroyed","https://i.postimg.cc/xCX39x5b/1005-152-MM-2-S3-Akatsiya-SPG-destr-09-06-23.jpg","2023-11-16",216,7593,1,"7-21675931","11/16/2023"
"8409","Russia","Soviet Union","152mm 2S3(M) Akatsiya","destroyed","https://twitter.com/UAWeapons/status/1669266433618976773","2023-11-16",216,7594,1,"7-21675941","11/16/2023"
"8410","Russia","Soviet Union","152mm 2S3(M) Akatsiya","destroyed","https://twitter.com/UAWeapons/status/1670525924465410049","2023-11-16",216,7595,1,"7-21675951","11/16/2023"
"8411","Russia","Soviet Union","152mm 2S3(M) Akatsiya","destroyed","https://i.postimg.cc/zvPfd9Rd/1029-2s3-destr-03-09-23.jpg","2023-11-16",216,7596,1,"7-21675961","11/16/2023"
"8412","Russia","Soviet Union","152mm 2S3(M) Akatsiya","destroyed","https://twitter.com/UAWeapons/status/1680144566421270528","2023-11-16",216,7597,1,"7-21675971","11/16/2023"
"8413","Russia","Soviet Union","152mm 2S3(M) Akatsiya","destroyed","https://i.postimg.cc/3R9FyMf2/1007-2s3-destr-17-07-23.jpg","2023-11-16",216,7598,1,"7-21675981","11/16/2023"
"8414","Russia","Soviet Union","152mm 2S3(M) Akatsiya","destroyed","https://i.postimg.cc/W1XGybbZ/1002-2-S3-destr-12-05-23.jpg","2023-11-16",216,7599,1,"7-21675991","11/16/2023"
"8415","Russia","Soviet Union","152mm 2S3(M) Akatsiya","destroyed","https://i.postimg.cc/bN0HQ973/1025-2s3-destr-23-07-23.jpg","2023-11-16",216,7600,1,"7-21676001","11/16/2023"
"8416","Russia","Soviet Union","152mm 2S3(M) Akatsiya","destroyed","https://i.postimg.cc/8ckTBqBM/1018-2s3-destr-17-06-23.jpg","2023-11-16",216,7601,1,"7-21676011","11/16/2023"
"8417","Russia","Soviet Union","152mm 2S3(M) Akatsiya","destroyed","https://i.postimg.cc/nrdpd005/1024-2s3-destr-18-07-23.jpg","2023-11-16",216,7602,1,"7-21676021","11/16/2023"
"8418","Russia","Soviet Union","152mm 2S3(M) Akatsiya","destroyed","https://i.postimg.cc/nrDD4ghj/1017-2s3-destr-07-08-23.jpg","2023-11-16",216,7603,1,"7-21676031","11/16/2023"
"8419","Russia","Soviet Union","152mm 2S3(M) Akatsiya","destroyed","https://i.postimg.cc/kXD31fkD/1004-2s3-destr-15-08-23.jpg","2023-11-16",216,7604,1,"7-21676041","11/16/2023"
"8420","Russia","Soviet Union","152mm 2S3(M) Akatsiya","destroyed","https://i.postimg.cc/QxPLRc3m/1015-2s3-destr-15-08-23.jpg","2023-11-16",216,7605,1,"7-21676051","11/16/2023"
"8421","Russia","Soviet Union","152mm 2S3(M) Akatsiya","destroyed","https://i.postimg.cc/Qx21rnqs/1033-2s3-destr-22-08-23.jpg","2023-11-16",216,7606,1,"7-21676061","11/16/2023"
"8422","Russia","Soviet Union","152mm 2S3(M) Akatsiya","destroyed","https://i.postimg.cc/RZv2SqBJ/438o.png","2023-11-16",216,7607,1,"7-21676071","11/16/2023"
"8423","Russia","Soviet Union","152mm 2S3(M) Akatsiya","destroyed","https://i.postimg.cc/YSt7jqrk/3270.png","2023-11-16",216,7608,1,"7-21676081","11/16/2023"
"8424","Russia","Soviet Union","152mm 2S3(M) Akatsiya","destroyed","https://i.postimg.cc/02BWspRW/287.png","2023-11-16",216,7609,1,"7-21676091","11/16/2023"
"8425","Russia","Soviet Union","152mm 2S3(M) Akatsiya","destroyed","https://i.postimg.cc/bN6Yk0s9/4380.png","2023-11-16",216,7610,1,"7-21676101","11/16/2023"
"8426","Russia","Soviet Union","152mm 2S3(M) Akatsiya","destroyed","https://twitter.com/UAWeapons/status/1709861744779153919","2023-11-16",216,7611,1,"7-21676111","11/16/2023"
"8427","Russia","Soviet Union","152mm 2S3(M) Akatsiya","destroyed","https://i.postimg.cc/Bn1pgStY/1005-2-S3-M-Akatsiya-destr-04-10-23.jpg","2023-11-16",216,7612,1,"7-21676121","11/16/2023"
"8428","Russia","Soviet Union","152mm 2S3(M) Akatsiya","destroyed","https://i.postimg.cc/YS6x5d6Q/1006-2-S3-M-Akatsiya-destr-05-10-23.jpg","2023-11-16",216,7613,1,"7-21676131","11/16/2023"
"8429","Russia","Soviet Union","152mm 2S3(M) Akatsiya","destroyed","https://i.postimg.cc/43Kb1Khy/1021-2s3-destr-10-10-23.jpg","2023-11-16",216,7614,1,"7-21676141","11/16/2023"
"8430","Russia","Soviet Union","152mm 2S3(M) Akatsiya","destroyed","https://i.postimg.cc/TPZjNRr9/1011-2-S3-Akatsiya-destr-27-09-23.jpg","2023-11-16",216,7615,1,"7-21676151","11/16/2023"
"8431","Russia","Soviet Union","152mm 2S3(M) Akatsiya","destroyed","https://i.postimg.cc/c4jfX3pY/1018-2s3-destr-13-10-23.jpg","2023-11-16",216,7616,1,"7-21676161","11/16/2023"
"8432","Russia","Soviet Union","152mm 2S3(M) Akatsiya","destroyed","https://i.postimg.cc/JhrFMVd8/1013-152mm-2-S3-M-Akatsiya-destr-13-10-23.jpg","2023-11-16",216,7617,1,"7-21676171","11/16/2023"
"8433","Russia","Soviet Union","152mm 2S3(M) Akatsiya","destroyed","https://i.postimg.cc/sX10GPr0/1019-2s3-destr-09-10-23.jpg","2023-11-16",216,7618,1,"7-21676181","11/16/2023"
"8434","Russia","Soviet Union","152mm 2S3(M) Akatsiya","destroyed","https://i.postimg.cc/G385cjz4/1028-2s3-destr-17-10-23.jpg","2023-11-16",216,7619,1,"7-21676191","11/16/2023"
"8435","Russia","Soviet Union","152mm 2S3(M) Akatsiya","destroyed","https://i.postimg.cc/sD5HWDky/1047-2-S3-destr-14-10-23.jpg","2023-11-16",216,7620,1,"7-21676201","11/16/2023"
"8436","Russia","Soviet Union","152mm 2S3(M) Akatsiya","destroyed","https://i.postimg.cc/Y0kgW7h6/1018-2-S3-destr-16-10-23.jpg","2023-11-16",216,7621,1,"7-21676211","11/16/2023"
"8437","Russia","Soviet Union","152mm 2S3(M) Akatsiya","destroyed","https://i.postimg.cc/MGWW20CZ/1008-2s3-destr-16-09-23.jpg","2023-11-16",216,7622,1,"7-21676221","11/16/2023"
"8438","Russia","Soviet Union","152mm 2S3(M) Akatsiya","destroyed","https://i.postimg.cc/6pPvWhLT/1027-2s3-destr-24-10-23.jpg","2023-11-16",216,7623,1,"7-21676231","11/16/2023"
"8439","Russia","Soviet Union","152mm 2S3(M) Akatsiya","destroyed","https://i.postimg.cc/q7YsqdbK/1019-2-S3-destr-09-08-23.jpg","2023-11-16",216,7624,1,"7-21676241","11/16/2023"
"8440","Russia","Soviet Union","152mm 2S3(M) Akatsiya","damaged","https://twitter.com/UAWeapons/status/1506371635754029059","2023-11-16",216,7625,2,"7-21676252","11/16/2023"
"8441","Russia","Soviet Union","152mm 2S3(M) Akatsiya","damaged","https://twitter.com/UAWeapons/status/1569742426469720066","2023-11-16",216,7626,2,"7-21676262","11/16/2023"
"8442","Russia","Soviet Union","152mm 2S3(M) Akatsiya","damaged","https://i.postimg.cc/PqxjwFyS/1028-2s3-dam-25-01-23.jpg","2023-11-16",216,7627,2,"7-21676272","11/16/2023"
"8443","Russia","Soviet Union","152mm 2S3(M) Akatsiya","damaged","https://twitter.com/naalsio26/status/1659011517675712513","2023-11-16",216,7628,2,"7-21676282","11/16/2023"
"8444","Russia","Soviet Union","152mm 2S3(M) Akatsiya","damaged","https://i.postimg.cc/43xvZKzN/1054-2s3-dam-27-06-23.jpg","2023-11-16",216,7629,2,"7-21676292","11/16/2023"
"8445","Russia","Soviet Union","152mm 2S3(M) Akatsiya","abandoned","https://i.postimg.cc/85D97Vs5/3v.png","2023-11-16",216,7630,4,"7-21676304","11/16/2023"
"8446","Russia","Soviet Union","152mm 2S3(M) Akatsiya","abandoned","https://i.postimg.cc/zD2FmSBx/j76.png","2023-11-16",216,7631,4,"7-21676314","11/16/2023"
"8447","Russia","Soviet Union","152mm 2S3(M) Akatsiya","captured","https://i.postimg.cc/mr6tkF1j/478.png","2023-11-16",216,7632,3,"7-21676323","11/16/2023"
"8448","Russia","Soviet Union","152mm 2S3(M) Akatsiya","captured","https://i.postimg.cc/brZmC6g0/3ff.jpg","2023-11-16",216,7633,3,"7-21676333","11/16/2023"
"8449","Russia","Soviet Union","152mm 2S3(M) Akatsiya","captured","https://i.postimg.cc/QC1Wqp3f/a11.jpg","2023-11-16",216,7634,3,"7-21676343","11/16/2023"
"8450","Russia","Soviet Union","152mm 2S3(M) Akatsiya","captured","https://i.postimg.cc/ZRgtgX6V/357.png","2023-11-16",216,7635,3,"7-21676353","11/16/2023"
"8451","Russia","Soviet Union","152mm 2S3(M) Akatsiya","captured","https://i.postimg.cc/qMHKvZsS/a13.jpg","2023-11-16",216,7636,3,"7-21676363","11/16/2023"
"8452","Russia","Soviet Union","152mm 2S3(M) Akatsiya","captured","https://i.postimg.cc/mgskC4w1/656.jpg","2023-11-16",216,7637,3,"7-21676373","11/16/2023"
"8453","Russia","Soviet Union","152mm 2S3(M) Akatsiya","captured","https://i.postimg.cc/s27VF9MQ/37.png","2023-11-16",216,7638,3,"7-21676383","11/16/2023"
"8454","Russia","Soviet Union","152mm 2S3(M) Akatsiya","captured","https://i.postimg.cc/BQMW1NcT/g3d.png","2023-11-16",216,7639,3,"7-21676393","11/16/2023"
"8455","Russia","Soviet Union","152mm 2S3(M) Akatsiya","captured","https://i.postimg.cc/HxmZKjb7/1010.jpg","2023-11-16",216,7640,3,"7-21676403","11/16/2023"
"8456","Russia","Soviet Union","152mm 2S3(M) Akatsiya","captured","https://i.postimg.cc/6p6CPGXJ/1005.jpg","2023-11-16",216,7641,3,"7-21676413","11/16/2023"
"8457","Russia","Soviet Union","152mm 2S3(M) Akatsiya","captured","https://i.postimg.cc/LXzG8LHV/1007.jpg","2023-11-16",216,7642,3,"7-21676423","11/16/2023"
"8458","Russia","Soviet Union","152mm 2S3(M) Akatsiya","captured","https://i.postimg.cc/Y9BBtK7d/470.png","2023-11-16",216,7643,3,"7-21676433","11/16/2023"
"8459","Russia","Soviet Union","152mm 2S3(M) Akatsiya","captured","https://i.postimg.cc/fL5dN7cf/1010-2s3.jpg","2023-11-16",216,7644,3,"7-21676443","11/16/2023"
"8460","Russia","Soviet Union","152mm 2S3(M) Akatsiya","captured","https://i.postimg.cc/q7scFQcQ/1018-2s3-capt.jpg","2023-11-16",216,7645,3,"7-21676453","11/16/2023"
"8461","Russia","Soviet Union","152mm 2S3(M) Akatsiya","captured","https://i.postimg.cc/nrRJr8kh/1023-2s3-akatsiya.jpg","2023-11-16",216,7646,3,"7-21676463","11/16/2023"
"8462","Russia","Soviet Union","152mm 2S3(M) Akatsiya","captured","https://i.postimg.cc/X780hggN/1019-2s3.jpg","2023-11-16",216,7647,3,"7-21676473","11/16/2023"
"8463","Russia","Soviet Union","152mm 2S3(M) Akatsiya","captured","https://twitter.com/UAWeapons/status/1568901256038567938","2023-11-16",216,7648,3,"7-21676483","11/16/2023"
"8464","Russia","Soviet Union","152mm 2S3(M) Akatsiya","captured","https://twitter.com/UAWeapons/status/1569229447093702657","2023-11-16",216,7649,3,"7-21676493","11/16/2023"
"8465","Russia","Soviet Union","152mm 2S3(M) Akatsiya","captured","https://twitter.com/UAWeapons/status/1569427484025946113","2023-11-16",216,2922,3,"7-21629223","11/16/2023"
"8466","Russia","Soviet Union","152mm 2S3(M) Akatsiya","captured","https://twitter.com/UAWeapons/status/1569639365655072770","2023-11-16",216,1665,3,"7-21616653","11/16/2023"
"8467","Russia","Soviet Union","152mm 2S3(M) Akatsiya","captured","https://twitter.com/UAWeapons/status/1570420216957440001","2023-11-16",216,955,3,"7-2169553","11/16/2023"
"8468","Russia","Soviet Union","152mm 2S3(M) Akatsiya","captured","https://i.postimg.cc/595f9PS7/1006-2s3-akatsiya.jpg","2023-11-16",216,7650,3,"7-21676503","11/16/2023"
"8469","Russia","Soviet Union","152mm 2S3(M) Akatsiya","captured","https://i.postimg.cc/596nHfVj/2022-09-11-2-S3.jpg","2023-11-16",216,7651,3,"7-21676513","11/16/2023"
"8470","Russia","Soviet Union","152mm 2S3(M) Akatsiya","captured","https://i.postimg.cc/NfDNdhyR/1002-2s3.jpg","2023-11-16",216,7652,3,"7-21676523","11/16/2023"
"8471","Russia","Soviet Union","152mm 2S3(M) Akatsiya","captured","https://i.postimg.cc/0Qwqc9f4/2-S3-Izium.png","2023-11-16",216,7653,3,"7-21676533","11/16/2023"
"8472","Russia","Soviet Union","152mm 2S3(M) Akatsiya","captured","https://i.postimg.cc/BQwMrVLt/1003-2s3-capt.jpg","2023-11-16",216,7654,3,"7-21676543","11/16/2023"
"8473","Russia","Soviet Union","152mm 2S3(M) Akatsiya","captured","https://twitter.com/UAWeapons/status/1592509477869088768","2023-11-16",216,7655,3,"7-21676553","11/16/2023"
"8474","Russia","Soviet Union","152mm 2S3(M) Akatsiya","captured","https://i.postimg.cc/g0FFH74T/1012-2-S3-Akatsiya-capt.jpg","2023-11-16",216,7656,3,"7-21676563","11/16/2023"
"8475","Russia","Soviet Union","152mm 2S3(M) Akatsiya","captured","https://i.postimg.cc/DZz2frfg/2022-04-05-2-S3-captured.jpg","2023-11-16",216,7657,3,"7-21676573","11/16/2023"
"8476","Russia","Soviet Union","152mm 2S3(M) Akatsiya","captured","https://i.postimg.cc/K86gnCNB/1035-2s3-dam-capt-03-05-23.jpg","2023-11-16",216,7658,3,"7-21676583","11/16/2023"
"8477","Russia","Soviet Union","52 152mm 2S5 Giatsint-S","destroyed","https://twitter.com/UAWeapons/status/1560269391962353664","2023-11-16",217,7659,1,"7-21776591","11/16/2023"
"8478","Russia","Soviet Union","52 152mm 2S5 Giatsint-S","destroyed","https://twitter.com/Blue_Sauron/status/1575579082036690947","2023-11-16",217,7660,1,"7-21776601","11/16/2023"
"8479","Russia","Soviet Union","52 152mm 2S5 Giatsint-S","destroyed","https://twitter.com/UAWeapons/status/1585315133743849473","2023-11-16",217,7661,1,"7-21776611","11/16/2023"
"8480","Russia","Soviet Union","52 152mm 2S5 Giatsint-S","destroyed","https://i.postimg.cc/8PMfJY2x/1010-2s5-destr.jpg","2023-11-16",217,7662,1,"7-21776621","11/16/2023"
"8481","Russia","Soviet Union","52 152mm 2S5 Giatsint-S","destroyed","https://twitter.com/Blue_Sauron/status/1591469450674712580","2023-11-16",217,7663,1,"7-21776631","11/16/2023"
"8482","Russia","Soviet Union","52 152mm 2S5 Giatsint-S","destroyed","https://i.postimg.cc/8CqjvCYp/1032-2s5-destr.jpg","2023-11-16",217,7664,1,"7-21776641","11/16/2023"
"8483","Russia","Soviet Union","52 152mm 2S5 Giatsint-S","destroyed","https://i.postimg.cc/5Nd0Hqs1/1013-2x-152mm-2-S5-Giatsint-S-SPG-destr.jpg","2023-11-16",217,7665,1,"7-21776651","11/16/2023"
"8484","Russia","Soviet Union","52 152mm 2S5 Giatsint-S","destroyed","https://i.postimg.cc/K8m8fcXH/1012-152mm-2-S5-Giatsint-S-SPG-destr.jpg","2023-11-16",217,7666,1,"7-21776661","11/16/2023"
"8485","Russia","Soviet Union","52 152mm 2S5 Giatsint-S","destroyed","https://i.postimg.cc/xTvdLJZm/1014-152mm-2-S5-Giatsint-S-SPG-destr.jpg","2023-11-16",217,7667,1,"7-21776671","11/16/2023"
"8486","Russia","Soviet Union","52 152mm 2S5 Giatsint-S","destroyed","https://i.postimg.cc/Qd9XTG1Q/1021-2s5-destr-02-01-23.jpg","2023-11-16",217,7668,1,"7-21776681","11/16/2023"
"8487","Russia","Soviet Union","52 152mm 2S5 Giatsint-S","destroyed","https://i.postimg.cc/7LdzRT5r/1011-2s5-destr-31-01-23.jpg","2023-11-16",217,7669,1,"7-21776691","11/16/2023"
"8488","Russia","Soviet Union","52 152mm 2S5 Giatsint-S","destroyed","https://twitter.com/UAWeapons/status/1658045411968385026","2023-11-16",217,7670,1,"7-21776701","11/16/2023"
"8489","Russia","Soviet Union","52 152mm 2S5 Giatsint-S","destroyed","https://i.postimg.cc/yx5hJFfr/1010-152mm-2-S5-Giatsint-S-destr-15-01-23.jpg","2023-11-16",217,7671,1,"7-21776711","11/16/2023"
"8490","Russia","Soviet Union","52 152mm 2S5 Giatsint-S","destroyed","https://i.postimg.cc/8PJB20c8/1011-152mm-2-S5-Giatsint-S-destr-15-01-23.jpg","2023-11-16",217,7672,1,"7-21776721","11/16/2023"
"8491","Russia","Soviet Union","52 152mm 2S5 Giatsint-S","destroyed","https://i.postimg.cc/8PN5VPk5/1026-2s5-destr-26-06-23.jpg","2023-11-16",217,7673,1,"7-21776731","11/16/2023"
"8492","Russia","Soviet Union","52 152mm 2S5 Giatsint-S","destroyed","https://i.postimg.cc/L6Qkbz8p/1031-2-S5-Giatsint-S-152mm-destr-09-07-23.jpg","2023-11-16",217,7674,1,"7-21776741","11/16/2023"
"8493","Russia","Soviet Union","52 152mm 2S5 Giatsint-S","destroyed","https://twitter.com/UAWeapons/status/1678837277055746053","2023-11-16",217,7675,1,"7-21776751","11/16/2023"
"8494","Russia","Soviet Union","52 152mm 2S5 Giatsint-S","destroyed","https://i.postimg.cc/432zJpyw/1002-2s5-destr-13-07-23.jpg","2023-11-16",217,7676,1,"7-21776761","11/16/2023"
"8495","Russia","Soviet Union","52 152mm 2S5 Giatsint-S","destroyed","https://i.postimg.cc/wBjX8wq7/1004-2s5-destr-12-07-23.jpg","2023-11-16",217,7677,1,"7-21776771","11/16/2023"
"8496","Russia","Soviet Union","52 152mm 2S5 Giatsint-S","destroyed","https://twitter.com/UAWeapons/status/1679791010459656192","2023-11-16",217,7678,1,"7-21776781","11/16/2023"
"8497","Russia","Soviet Union","52 152mm 2S5 Giatsint-S","destroyed","https://i.postimg.cc/HndvQ0W6/1007-2-S5-Giatsint-S-destr-15-07-23.jpg","2023-11-16",217,7679,1,"7-21776791","11/16/2023"
"8498","Russia","Soviet Union","52 152mm 2S5 Giatsint-S","destroyed","https://twitter.com/UAWeapons/status/1681420323567067137","2023-11-16",217,7680,1,"7-21776801","11/16/2023"
"8499","Russia","Soviet Union","52 152mm 2S5 Giatsint-S","destroyed","https://twitter.com/UAWeapons/status/1681325419881013248","2023-11-16",217,7681,1,"7-21776811","11/16/2023"
"8500","Russia","Soviet Union","52 152mm 2S5 Giatsint-S","destroyed","https://i.postimg.cc/6pq1HJBX/1011-2-S5-destr-20-07-23.jpg","2023-11-16",217,7682,1,"7-21776821","11/16/2023"
"8501","Russia","Soviet Union","52 152mm 2S5 Giatsint-S","destroyed","https://twitter.com/UAWeapons/status/1685320494361296898","2023-11-16",217,7683,1,"7-21776831","11/16/2023"
"8502","Russia","Soviet Union","52 152mm 2S5 Giatsint-S","destroyed","https://i.postimg.cc/2jTCZZr5/1007-2s5-destr-19-07-23.jpg","2023-11-16",217,7684,1,"7-21776841","11/16/2023"
"8503","Russia","Soviet Union","52 152mm 2S5 Giatsint-S","destroyed","https://i.postimg.cc/0jtxRLcS/1027-2-S5-destr-28-07-23.jpg","2023-11-16",217,7685,1,"7-21776851","11/16/2023"
"8504","Russia","Soviet Union","52 152mm 2S5 Giatsint-S","destroyed","https://i.postimg.cc/qMLccFrq/1002-2-S5-destr-16-08-23.jpg","2023-11-16",217,7686,1,"7-21776861","11/16/2023"
"8505","Russia","Soviet Union","52 152mm 2S5 Giatsint-S","destroyed","https://i.postimg.cc/RCnfq00q/7644.png","2023-11-16",217,7687,1,"7-21776871","11/16/2023"
"8506","Russia","Soviet Union","52 152mm 2S5 Giatsint-S","destroyed","https://i.postimg.cc/GpJ4mtKg/3284.png","2023-11-16",217,7688,1,"7-21776881","11/16/2023"
"8507","Russia","Soviet Union","52 152mm 2S5 Giatsint-S","destroyed","https://i.postimg.cc/h4dBPcxp/439.png","2023-11-16",217,7689,1,"7-21776891","11/16/2023"
"8508","Russia","Soviet Union","52 152mm 2S5 Giatsint-S","destroyed","https://twitter.com/naalsio26/status/1705741204028092867","2023-11-16",217,5648,1,"7-21756481","11/16/2023"
"8509","Russia","Soviet Union","52 152mm 2S5 Giatsint-S","destroyed","https://twitter.com/UAWeapons/status/1708898116932411482","2023-11-16",217,7690,1,"7-21776901","11/16/2023"
"8510","Russia","Soviet Union","52 152mm 2S5 Giatsint-S","destroyed","https://i.postimg.cc/dQZkzBzZ/1020-2s5-destr-27-09-23.jpg","2023-11-16",217,7691,1,"7-21776911","11/16/2023"
"8511","Russia","Soviet Union","52 152mm 2S5 Giatsint-S","destroyed","https://i.postimg.cc/mkV2vb2m/1017-2s3-destr-05-08-23.jpg","2023-11-16",217,7692,1,"7-21776921","11/16/2023"
"8512","Russia","Soviet Union","52 152mm 2S5 Giatsint-S","destroyed","https://i.postimg.cc/CKcQKPWq/1008-2s5-destr-18-10-23.jpg","2023-11-16",217,7693,1,"7-21776931","11/16/2023"
"8513","Russia","Soviet Union","52 152mm 2S5 Giatsint-S","destroyed","https://i.postimg.cc/1tDwXX5R/1036-2-S5-destr-20-10-23.jpg","2023-11-16",217,7694,1,"7-21776941","11/16/2023"
"8514","Russia","Soviet Union","52 152mm 2S5 Giatsint-S","destroyed","https://i.postimg.cc/cLC3Gz3V/1010-2-S5-destr-25-10-23.jpg","2023-11-16",217,7695,1,"7-21776951","11/16/2023"
"8515","Russia","Soviet Union","52 152mm 2S5 Giatsint-S","destroyed","https://i.postimg.cc/3NWT8dWb/1031-2-S5-destr-04-11-23.jpg","2023-11-16",217,7696,1,"7-21776961","11/16/2023"
"8516","Russia","Soviet Union","52 152mm 2S5 Giatsint-S","damaged","https://twitter.com/UAWeapons/status/1619335226995666945","2023-11-16",217,7697,2,"7-21776972","11/16/2023"
"8517","Russia","Soviet Union","52 152mm 2S5 Giatsint-S","damaged","https://i.postimg.cc/vBFH9SZB/1019-2-S5-dam-06-02-23.jpg","2023-11-16",217,7698,2,"7-21776982","11/16/2023"
"8518","Russia","Soviet Union","52 152mm 2S5 Giatsint-S","damaged","https://i.postimg.cc/PfbnJy6S/1029-152mm-2-S5-Giatsint-S-dam-15-05-23.jpg","2023-11-16",217,7699,2,"7-21776992","11/16/2023"
"8519","Russia","Soviet Union","52 152mm 2S5 Giatsint-S","damaged","https://i.postimg.cc/qMBZqG5R/1044-2s5-dam-16-07-23.jpg","2023-11-16",217,7700,2,"7-21777002","11/16/2023"
"8520","Russia","Soviet Union","52 152mm 2S5 Giatsint-S","damaged","https://i.postimg.cc/T3W7ff9S/3265.png","2023-11-16",217,7701,2,"7-21777012","11/16/2023"
"8521","Russia","Soviet Union","52 152mm 2S5 Giatsint-S","damaged","https://i.postimg.cc/8cGRDtXf/1014-2-S5-Giatsint-S-dam-10-10-23.jpg","2023-11-16",217,7702,2,"7-21777022","11/16/2023"
"8522","Russia","Soviet Union","52 152mm 2S5 Giatsint-S","captured","https://twitter.com/UAWeapons/status/1570130085017001985","2023-11-16",217,7703,3,"7-21777033","11/16/2023"
"8523","Russia","Soviet Union","52 152mm 2S5 Giatsint-S","captured","https://twitter.com/UAWeapons/status/1570130067480801281","2023-11-16",217,7704,3,"7-21777043","11/16/2023"
"8524","Russia","Soviet Union","52 152mm 2S5 Giatsint-S","captured","https://twitter.com/UAWeapons/status/1571185439502962688","2023-11-16",217,7705,3,"7-21777053","11/16/2023"
"8525","Russia","Soviet Union","52 152mm 2S5 Giatsint-S","captured","https://i.postimg.cc/X7Y4HBp7/1001-2s5.jpg","2023-11-16",217,7706,3,"7-21777063","11/16/2023"
"8526","Russia","Soviet Union","52 152mm 2S5 Giatsint-S","captured","https://i.postimg.cc/05JZpQJZ/1025-2-S5-Giatsint-S-capt-08-01-23.jpg","2023-11-16",217,7707,3,"7-21777073","11/16/2023"
"8527","Russia","Soviet Union","158 152mm 2S19 Msta-S","destroyed","https://i.postimg.cc/pXqsWfDd/f68.png","2023-11-16",218,7708,1,"7-21877081","11/16/2023"
"8528","Russia","Soviet Union","158 152mm 2S19 Msta-S","destroyed","https://i.postimg.cc/43R30CTS/350.png","2023-11-16",218,7709,1,"7-21877091","11/16/2023"
"8529","Russia","Soviet Union","158 152mm 2S19 Msta-S","abandoned","https://i.postimg.cc/Nf5WZ40V/32da.png","2023-11-16",218,7710,4,"7-21877104","11/16/2023"
"8530","Russia","Soviet Union","158 152mm 2S19 Msta-S","destroyed","https://i.postimg.cc/Nf5WZ40V/32da.png","2023-11-16",218,7710,1,"7-21877101","11/16/2023"
"8531","Russia","Soviet Union","158 152mm 2S19 Msta-S","destroyed","https://i.postimg.cc/jdg79FvL/07.png","2023-11-16",218,7711,1,"7-21877111","11/16/2023"
"8532","Russia","Soviet Union","158 152mm 2S19 Msta-S","destroyed","https://i.postimg.cc/vBFf6Knh/629.png","2023-11-16",218,7712,1,"7-21877121","11/16/2023"
"8533","Russia","Soviet Union","158 152mm 2S19 Msta-S","destroyed","https://i.postimg.cc/YCbN5PHn/f2.jpg","2023-11-16",218,7713,1,"7-21877131","11/16/2023"
"8534","Russia","Soviet Union","158 152mm 2S19 Msta-S","destroyed","https://i.postimg.cc/W126fvQq/f1.png","2023-11-16",218,7714,1,"7-21877141","11/16/2023"
"8535","Russia","Soviet Union","158 152mm 2S19 Msta-S","destroyed","https://i.postimg.cc/Hnp6cgJk/3322.jpg","2023-11-16",218,7715,1,"7-21877151","11/16/2023"
"8536","Russia","Soviet Union","158 152mm 2S19 Msta-S","destroyed","https://i.postimg.cc/26vMjnHY/57j.jpg","2023-11-16",218,7716,1,"7-21877161","11/16/2023"
"8537","Russia","Soviet Union","158 152mm 2S19 Msta-S","destroyed","https://i.postimg.cc/9fjScx6X/m1.jpg","2023-11-16",218,7717,1,"7-21877171","11/16/2023"
"8538","Russia","Soviet Union","158 152mm 2S19 Msta-S","destroyed","https://i.postimg.cc/y8Rt4qrr/m2.jpg","2023-11-16",218,7718,1,"7-21877181","11/16/2023"
"8539","Russia","Soviet Union","158 152mm 2S19 Msta-S","destroyed","https://i.postimg.cc/xTtSFHyc/f3.png","2023-11-16",218,7719,1,"7-21877191","11/16/2023"
"8540","Russia","Soviet Union","158 152mm 2S19 Msta-S","destroyed","https://i.postimg.cc/9MSdSQtx/567.jpg","2023-11-16",218,7720,1,"7-21877201","11/16/2023"
"8541","Russia","Soviet Union","158 152mm 2S19 Msta-S","destroyed","https://i.postimg.cc/bNfzf5gZ/2022-04-17-2-S19-destroyed-Chernihiv.jpg","2023-11-16",218,7721,1,"7-21877211","11/16/2023"
"8542","Russia","Soviet Union","158 152mm 2S19 Msta-S","destroyed","https://i.postimg.cc/q7xFXPBQ/57.jpg","2023-11-16",218,7722,1,"7-21877221","11/16/2023"
"8543","Russia","Soviet Union","158 152mm 2S19 Msta-S","destroyed","https://i.postimg.cc/1zhRvmfp/t5.jpg","2023-11-16",218,7723,1,"7-21877231","11/16/2023"
"8544","Russia","Soviet Union","158 152mm 2S19 Msta-S","destroyed","https://i.postimg.cc/cL847g4x/t6.jpg","2023-11-16",218,7724,1,"7-21877241","11/16/2023"
"8545","Russia","Soviet Union","158 152mm 2S19 Msta-S","destroyed","https://i.postimg.cc/7ZC2606q/t65.jpg","2023-11-16",218,7725,1,"7-21877251","11/16/2023"
"8546","Russia","Soviet Union","158 152mm 2S19 Msta-S","destroyed","https://i.postimg.cc/XNQnDnWV/v2.png","2023-11-16",218,7726,1,"7-21877261","11/16/2023"
"8547","Russia","Soviet Union","158 152mm 2S19 Msta-S","destroyed","https://i.postimg.cc/MZN4Fy8L/1000.jpg","2023-11-16",218,7727,1,"7-21877271","11/16/2023"
"8548","Russia","Soviet Union","158 152mm 2S19 Msta-S","destroyed","https://i.postimg.cc/Hk7Dv1CZ/1004.jpg","2023-11-16",218,7728,1,"7-21877281","11/16/2023"
"8549","Russia","Soviet Union","158 152mm 2S19 Msta-S","destroyed","https://twitter.com/UAWeapons/status/1549432659239206915","2023-11-16",218,7729,1,"7-21877291","11/16/2023"
"8550","Russia","Soviet Union","158 152mm 2S19 Msta-S","destroyed","https://twitter.com/UAWeapons/status/1549035451150790656","2023-11-16",218,7730,1,"7-21877301","11/16/2023"
"8551","Russia","Soviet Union","158 152mm 2S19 Msta-S","destroyed","https://i.postimg.cc/rmR7XmTD/1049-152mm-2-S19-Msta-S.jpg","2023-11-16",218,7731,1,"7-21877311","11/16/2023"
"8552","Russia","Soviet Union","158 152mm 2S19 Msta-S","abandoned","https://i.postimg.cc/K8TKNKZ6/431.png","2023-11-16",218,7732,4,"7-21877324","11/16/2023"
"8553","Russia","Soviet Union","158 152mm 2S19 Msta-S","destroyed","https://i.postimg.cc/K8TKNKZ6/431.png","2023-11-16",218,7732,1,"7-21877321","11/16/2023"
"8554","Russia","Soviet Union","158 152mm 2S19 Msta-S","destroyed","https://i.postimg.cc/9Q3w923m/1095-2-S19-Msta-S.jpg","2023-11-16",218,7733,1,"7-21877331","11/16/2023"
"8555","Russia","Soviet Union","158 152mm 2S19 Msta-S","destroyed","https://i.postimg.cc/SQvMy8Dz/1096-2-S19-Msta-S.jpg","2023-11-16",218,7734,1,"7-21877341","11/16/2023"
"8556","Russia","Soviet Union","158 152mm 2S19 Msta-S","destroyed","https://i.postimg.cc/pLCh68nX/1007-msta-s.jpg","2023-11-16",218,7735,1,"7-21877351","11/16/2023"
"8557","Russia","Soviet Union","158 152mm 2S19 Msta-S","destroyed","https://i.postimg.cc/fb9tjf4n/1005-msta-s.jpg","2023-11-16",218,7736,1,"7-21877361","11/16/2023"
"8558","Russia","Soviet Union","158 152mm 2S19 Msta-S","destroyed","https://twitter.com/UAWeapons/status/1570152375238950912","2023-11-16",218,4481,1,"7-21844811","11/16/2023"
"8559","Russia","Soviet Union","158 152mm 2S19 Msta-S","destroyed","https://i.postimg.cc/ydCmnLfY/1012-msta-s.jpg","2023-11-16",218,7737,1,"7-21877371","11/16/2023"
"8560","Russia","Soviet Union","158 152mm 2S19 Msta-S","destroyed","https://twitter.com/UAWeapons/status/1572576635492388864","2023-11-16",218,7738,1,"7-21877381","11/16/2023"
"8561","Russia","Soviet Union","158 152mm 2S19 Msta-S","destroyed","https://i.postimg.cc/VkSYDc89/MSTA-S-Izium-area.png","2023-11-16",218,7739,1,"7-21877391","11/16/2023"
"8562","Russia","Soviet Union","158 152mm 2S19 Msta-S","destroyed","https://i.postimg.cc/hvC0mYRt/1001-msta-s-destr.jpg","2023-11-16",218,7740,1,"7-21877401","11/16/2023"
"8563","Russia","Soviet Union","158 152mm 2S19 Msta-S","destroyed","https://i.postimg.cc/rmR13fVF/1014-msta-s-destr.jpg","2023-11-16",218,7741,1,"7-21877411","11/16/2023"
"8564","Russia","Soviet Union","158 152mm 2S19 Msta-S","destroyed","https://twitter.com/UAWeapons/status/1580093876626665472","2023-11-16",218,7742,1,"7-21877421","11/16/2023"
"8565","Russia","Soviet Union","158 152mm 2S19 Msta-S","destroyed","https://twitter.com/UAWeapons/status/1580293031848132608","2023-11-16",218,7743,1,"7-21877431","11/16/2023"
"8566","Russia","Soviet Union","158 152mm 2S19 Msta-S","destroyed","https://i.postimg.cc/43LJGYHd/1050-mstas-destr.jpg","2023-11-16",218,7744,1,"7-21877441","11/16/2023"
"8567","Russia","Soviet Union","158 152mm 2S19 Msta-S","destroyed","https://i.postimg.cc/ncZmJZh8/2022-04-07-2s19.jpg","2023-11-16",218,7745,1,"7-21877451","11/16/2023"
"8568","Russia","Soviet Union","158 152mm 2S19 Msta-S","destroyed","https://twitter.com/UAWeapons/status/1581908756366905345","2023-11-16",218,7746,1,"7-21877461","11/16/2023"
"8569","Russia","Soviet Union","158 152mm 2S19 Msta-S","destroyed","https://i.postimg.cc/cHgX8X0B/1015-msta-s-destr.jpg","2023-11-16",218,7747,1,"7-21877471","11/16/2023"
"8570","Russia","Soviet Union","158 152mm 2S19 Msta-S","destroyed","https://i.postimg.cc/1XcDWRv9/1001-msta-s-destr.jpg","2023-11-16",218,7748,1,"7-21877481","11/16/2023"
"8571","Russia","Soviet Union","158 152mm 2S19 Msta-S","destroyed","https://i.postimg.cc/bwLxhw36/1018-Msta-S-destr-15-08-23.jpg","2023-11-16",218,7749,1,"7-21877491","11/16/2023"
"8572","Russia","Soviet Union","158 152mm 2S19 Msta-S","destroyed","https://i.postimg.cc/dt4jScZC/1020-msta-s-destr.jpg","2023-11-16",218,7750,1,"7-21877501","11/16/2023"
"8573","Russia","Soviet Union","158 152mm 2S19 Msta-S","destroyed","https://i.postimg.cc/jSfDxhQ3/1007-msta-s-destr-16-06-23.jpg","2023-11-16",218,7751,1,"7-21877511","11/16/2023"
"8574","Russia","Soviet Union","158 152mm 2S19 Msta-S","destroyed","https://twitter.com/UAWeapons/status/1592261346418384896","2023-11-16",218,7752,1,"7-21877521","11/16/2023"
"8575","Russia","Soviet Union","158 152mm 2S19 Msta-S","destroyed","https://i.postimg.cc/JhY88rDj/1008-msta-s-destr.jpg","2023-11-16",218,7753,1,"7-21877531","11/16/2023"
"8576","Russia","Soviet Union","158 152mm 2S19 Msta-S","destroyed","https://twitter.com/Poutsup/status/1594400619309432832","2023-11-16",218,7754,1,"7-21877541","11/16/2023"
"8577","Russia","Soviet Union","158 152mm 2S19 Msta-S","destroyed","https://i.postimg.cc/Hst7bt9W/1016-msta-s-destr.jpg","2023-11-16",218,7755,1,"7-21877551","11/16/2023"
"8578","Russia","Soviet Union","158 152mm 2S19 Msta-S","destroyed","https://i.postimg.cc/zfF1LdV6/1007-msta-s-destr.jpg","2023-11-16",218,7756,1,"7-21877561","11/16/2023"
"8579","Russia","Soviet Union","158 152mm 2S19 Msta-S","destroyed","https://i.postimg.cc/TwqBy0q9/MSTA-S-destroyed.png","2023-11-16",218,7757,1,"7-21877571","11/16/2023"
"8580","Russia","Soviet Union","158 152mm 2S19 Msta-S","destroyed","https://i.postimg.cc/0N5W2GPx/3f60.png","2023-11-16",218,7758,1,"7-21877581","11/16/2023"
"8581","Russia","Soviet Union","158 152mm 2S19 Msta-S","destroyed","https://i.postimg.cc/g0Yk8YTz/1502-msta-s-destr.jpg","2023-11-16",218,7759,1,"7-21877591","11/16/2023"
"8582","Russia","Soviet Union","158 152mm 2S19 Msta-S","destroyed","https://i.postimg.cc/DzQtWP7W/1007-msta-s-destr-30-12-22.jpg","2023-11-16",218,7760,1,"7-21877601","11/16/2023"
"8583","Russia","Soviet Union","158 152mm 2S19 Msta-S","destroyed","https://i.postimg.cc/cLzJ9Z37/1025-2-S19-Msta-S-destr-31-12-22.jpg","2023-11-16",218,7761,1,"7-21877611","11/16/2023"
"8584","Russia","Soviet Union","158 152mm 2S19 Msta-S","destroyed","https://twitter.com/naalsio26/status/1648133967583801344","2023-11-16",218,7762,1,"7-21877621","11/16/2023"
"8585","Russia","Soviet Union","158 152mm 2S19 Msta-S","destroyed","https://i.postimg.cc/PJ7n70tX/1007-msta-s-destr-21-01-23.jpg","2023-11-16",218,7763,1,"7-21877631","11/16/2023"
"8586","Russia","Soviet Union","158 152mm 2S19 Msta-S","destroyed","https://i.postimg.cc/FHB5bHwS/1017-msta-s-destr-23-01-23.jpg","2023-11-16",218,7764,1,"7-21877641","11/16/2023"
"8587","Russia","Soviet Union","158 152mm 2S19 Msta-S","destroyed","https://i.postimg.cc/MGbtwcfL/1001-msta-s-destr-27-01-23.jpg","2023-11-16",218,7765,1,"7-21877651","11/16/2023"
"8588","Russia","Soviet Union","158 152mm 2S19 Msta-S","destroyed","https://i.postimg.cc/63Wcp9dp/1004-msta-s-destr-03-12-22.jpg","2023-11-16",218,7766,1,"7-21877661","11/16/2023"
"8589","Russia","Soviet Union","158 152mm 2S19 Msta-S","destroyed","https://twitter.com/UAWeapons/status/1624140520535560202","2023-11-16",218,7767,1,"7-21877671","11/16/2023"
"8590","Russia","Soviet Union","158 152mm 2S19 Msta-S","destroyed","https://twitter.com/UAWeapons/status/1628136583864979482","2023-11-16",218,7768,1,"7-21877681","11/16/2023"
"8591","Russia","Soviet Union","158 152mm 2S19 Msta-S","destroyed","https://i.postimg.cc/3NhBWwPt/1300-3x-msta-s-destr-11-09-22.jpg","2023-11-16",218,7769,1,"7-21877691","11/16/2023"
"8592","Russia","Soviet Union","158 152mm 2S19 Msta-S","destroyed","https://i.postimg.cc/L5553zQZ/1035-msta-s-destr-04-03-23.jpg","2023-11-16",218,7770,1,"7-21877701","11/16/2023"
"8593","Russia","Soviet Union","158 152mm 2S19 Msta-S","destroyed","https://twitter.com/UAWeapons/status/1635988608782925824","2023-11-16",218,2489,1,"7-21824891","11/16/2023"
"8594","Russia","Soviet Union","158 152mm 2S19 Msta-S","destroyed","https://i.postimg.cc/bvyq8ygC/1024-msta-s-destr-04-03-23.jpg","2023-11-16",218,7771,1,"7-21877711","11/16/2023"
"8595","Russia","Soviet Union","158 152mm 2S19 Msta-S","destroyed","https://i.postimg.cc/hPtMRKkk/547.png","2023-11-16",218,7772,1,"7-21877721","11/16/2023"
"8596","Russia","Soviet Union","158 152mm 2S19 Msta-S","destroyed","https://twitter.com/naalsio26/status/1642000722068635650","2023-11-16",218,7773,1,"7-21877731","11/16/2023"
"8597","Russia","Soviet Union","158 152mm 2S19 Msta-S","destroyed","https://i.postimg.cc/dVjbtk6w/345.png","2023-11-16",218,7774,1,"7-21877741","11/16/2023"
"8598","Russia","Soviet Union","158 152mm 2S19 Msta-S","destroyed","https://i.postimg.cc/TY90Krz7/4887.png","2023-11-16",218,7775,1,"7-21877751","11/16/2023"
"8599","Russia","Soviet Union","158 152mm 2S19 Msta-S","destroyed","https://twitter.com/naalsio26/status/1642731010017091585","2023-11-16",218,7776,1,"7-21877761","11/16/2023"
"8600","Russia","Soviet Union","158 152mm 2S19 Msta-S","destroyed","https://twitter.com/naalsio26/status/1644103459543699457","2023-11-16",218,7777,1,"7-21877771","11/16/2023"
"8601","Russia","Soviet Union","158 152mm 2S19 Msta-S","destroyed","https://i.postimg.cc/vTkf175M/1006-msta-s-destr-06-05-23.jpg","2023-11-16",218,7778,1,"7-21877781","11/16/2023"
"8602","Russia","Soviet Union","158 152mm 2S19 Msta-S","destroyed","https://twitter.com/UAWeapons/status/1661064793707495445","2023-11-16",218,7779,1,"7-21877791","11/16/2023"
"8603","Russia","Soviet Union","158 152mm 2S19 Msta-S","destroyed","https://i.postimg.cc/PxbJsg9x/1018-152mm-2-S19-Msta-S-destr-27-05-23.jpg","2023-11-16",218,7780,1,"7-21877801","11/16/2023"
"8604","Russia","Soviet Union","158 152mm 2S19 Msta-S","destroyed","https://i.postimg.cc/prMrBcHV/1035-msta-s-destr-12-06-23.jpg","2023-11-16",218,7781,1,"7-21877811","11/16/2023"
"8605","Russia","Soviet Union","158 152mm 2S19 Msta-S","destroyed","https://twitter.com/UAWeapons/status/1668936918321512448","2023-11-16",218,7782,1,"7-21877821","11/16/2023"
"8606","Russia","Soviet Union","158 152mm 2S19 Msta-S","destroyed","https://twitter.com/UAWeapons/status/1676560828386910210","2023-11-16",218,7783,1,"7-21877831","11/16/2023"
"8607","Russia","Soviet Union","158 152mm 2S19 Msta-S","destroyed","https://i.postimg.cc/YShqt5Sp/1009-msta-s-destr-25-07-23.jpg","2023-11-16",218,7784,1,"7-21877841","11/16/2023"
"8608","Russia","Soviet Union","158 152mm 2S19 Msta-S","destroyed","https://i.postimg.cc/661H3PLM/1024-Msta-S-destr-05-10-22.jpg","2023-11-16",218,7785,1,"7-21877851","11/16/2023"
"8609","Russia","Soviet Union","158 152mm 2S19 Msta-S","destroyed","https://i.postimg.cc/vBtQnQ9G/1021-msta-s-destr-06-08-23.jpg","2023-11-16",218,7786,1,"7-21877861","11/16/2023"
"8610","Russia","Soviet Union","158 152mm 2S19 Msta-S","destroyed","https://i.postimg.cc/LXhfXndV/1006-Msta-S-destr-01-08-23.jpg","2023-11-16",218,7787,1,"7-21877871","11/16/2023"
"8611","Russia","Soviet Union","158 152mm 2S19 Msta-S","destroyed","https://i.postimg.cc/7PfjzkSs/1010-Msta-S-destr-01-08-23.jpg","2023-11-16",218,7788,1,"7-21877881","11/16/2023"
"8612","Russia","Soviet Union","158 152mm 2S19 Msta-S","destroyed","https://twitter.com/UAWeapons/status/1696539818833105251","2023-11-16",218,7789,1,"7-21877891","11/16/2023"
"8613","Russia","Soviet Union","158 152mm 2S19 Msta-S","destroyed","https://twitter.com/UAWeapons/status/1696558186961031491","2023-11-16",218,7790,1,"7-21877901","11/16/2023"
"8614","Russia","Soviet Union","158 152mm 2S19 Msta-S","destroyed","https://i.postimg.cc/VshjfVP9/7633.png","2023-11-16",218,7791,1,"7-21877911","11/16/2023"
"8615","Russia","Soviet Union","158 152mm 2S19 Msta-S","destroyed","https://i.postimg.cc/JnRCFSRg/3351.png","2023-11-16",218,7792,1,"7-21877921","11/16/2023"
"8616","Russia","Soviet Union","158 152mm 2S19 Msta-S","destroyed","https://i.postimg.cc/q7QfbqTJ/355.png","2023-11-16",218,7793,1,"7-21877931","11/16/2023"
"8617","Russia","Soviet Union","158 152mm 2S19 Msta-S","destroyed","https://i.postimg.cc/HW04S6QS/4329.png","2023-11-16",218,7794,1,"7-21877941","11/16/2023"
"8618","Russia","Soviet Union","158 152mm 2S19 Msta-S","destroyed","https://i.postimg.cc/qqKNyJ8x/1014-2-S19-Msta-S-destr-23-07-23.jpg","2023-11-16",218,7795,1,"7-21877951","11/16/2023"
"8619","Russia","Soviet Union","158 152mm 2S19 Msta-S","destroyed","https://i.postimg.cc/cLkBY7CP/1001-msta-s-destr-08-10-23.jpg","2023-11-16",218,7796,1,"7-21877961","11/16/2023"
"8620","Russia","Soviet Union","158 152mm 2S19 Msta-S","destroyed","https://i.postimg.cc/2jddTN3Q/1002-Msta-S-destr-28-08-23.jpg","2023-11-16",218,7797,1,"7-21877971","11/16/2023"
"8621","Russia","Soviet Union","158 152mm 2S19 Msta-S","destroyed","https://twitter.com/UAWeapons/status/1712774201264754728","2023-11-16",218,7798,1,"7-21877981","11/16/2023"
"8622","Russia","Soviet Union","158 152mm 2S19 Msta-S","destroyed","https://i.postimg.cc/J0zjd573/1021-msta-s-destr-10-10-23.jpg","2023-11-16",218,7799,1,"7-21877991","11/16/2023"
"8623","Russia","Soviet Union","158 152mm 2S19 Msta-S","destroyed","https://i.postimg.cc/65Tdrcmt/1024-msta-s-destr-14-10-23.jpg","2023-11-16",218,7800,1,"7-21878001","11/16/2023"
"8624","Russia","Soviet Union","158 152mm 2S19 Msta-S","destroyed","https://twitter.com/bayraktar_1love/status/1713835842077176004","2023-11-16",218,7801,1,"7-21878011","11/16/2023"
"8625","Russia","Soviet Union","158 152mm 2S19 Msta-S","destroyed","https://i.postimg.cc/5tYwcphC/1005-msta-s-destr-02-07-23.jpg","2023-11-16",218,7802,1,"7-21878021","11/16/2023"
"8626","Russia","Soviet Union","158 152mm 2S19 Msta-S","destroyed","https://i.postimg.cc/rwG8PZYY/1018-msta-s-destr-22-10-23.jpg","2023-11-16",218,7803,1,"7-21878031","11/16/2023"
"8627","Russia","Soviet Union","158 152mm 2S19 Msta-S","destroyed","https://i.postimg.cc/v8PYJdDN/1006-msta-s-destr-31-10-23.jpg","2023-11-16",218,7804,1,"7-21878041","11/16/2023"
"8628","Russia","Soviet Union","158 152mm 2S19 Msta-S","destroyed","https://i.postimg.cc/qMzJ0Z3M/1012-msta-s-destr-31-08-23.jpg","2023-11-16",218,7805,1,"7-21878051","11/16/2023"
"8629","Russia","Soviet Union","158 152mm 2S19 Msta-S","destroyed","https://i.postimg.cc/Kjht7Dyv/1040-msta-s-destr-11-11-23.jpg","2023-11-16",218,7806,1,"7-21878061","11/16/2023"
"8630","Russia","Soviet Union","158 152mm 2S19 Msta-S","damaged","https://i.postimg.cc/jqZ7G0y7/1005-msta-s-damaged.jpg","2023-11-16",218,7807,2,"7-21878072","11/16/2023"
"8631","Russia","Soviet Union","158 152mm 2S19 Msta-S","damaged","https://i.postimg.cc/ncrDxR1w/1006-msta-s-damaged.jpg","2023-11-16",218,7808,2,"7-21878082","11/16/2023"
"8632","Russia","Soviet Union","158 152mm 2S19 Msta-S","damaged","https://twitter.com/UAWeapons/status/1580092689995173888","2023-11-16",218,7809,2,"7-21878092","11/16/2023"
"8633","Russia","Soviet Union","158 152mm 2S19 Msta-S","damaged","https://twitter.com/UAWeapons/status/1624140520535560202","2023-11-16",218,7767,2,"7-21877672","11/16/2023"
"8634","Russia","Soviet Union","158 152mm 2S19 Msta-S","damaged","https://i.postimg.cc/3wBPMFVV/1007-msta-s-dam-10-02-23.jpg","2023-11-16",218,7810,2,"7-21878102","11/16/2023"
"8635","Russia","Soviet Union","158 152mm 2S19 Msta-S","damaged","https://i.postimg.cc/wB6gvVZn/1030-msta-s-dam-22-02-23.jpg","2023-11-16",218,7811,2,"7-21878112","11/16/2023"
"8636","Russia","Soviet Union","158 152mm 2S19 Msta-S","damaged","https://twitter.com/UAWeapons/status/1668898603564146688","2023-11-16",218,7812,2,"7-21878122","11/16/2023"
"8637","Russia","Soviet Union","158 152mm 2S19 Msta-S","damaged","https://i.postimg.cc/3r6w7Bkc/1060-Msta-S-dam-17-06-23.jpg","2023-11-16",218,7813,2,"7-21878132","11/16/2023"
"8638","Russia","Soviet Union","158 152mm 2S19 Msta-S","damaged","https://twitter.com/UAWeapons/status/1695165649775890469","2023-11-16",218,7814,2,"7-21878142","11/16/2023"
"8639","Russia","Soviet Union","158 152mm 2S19 Msta-S","abandoned","https://i.postimg.cc/VvcXHJpv/d27.png","2023-11-16",218,7815,4,"7-21878154","11/16/2023"
"8640","Russia","Soviet Union","158 152mm 2S19 Msta-S","abandoned","https://i.postimg.cc/mk7nKMHw/489.png","2023-11-16",218,7816,4,"7-21878164","11/16/2023"
"8641","Russia","Soviet Union","158 152mm 2S19 Msta-S","captured","https://i.postimg.cc/TwVtf4qx/5490.png","2023-11-16",218,7817,3,"7-21878173","11/16/2023"
"8642","Russia","Soviet Union","158 152mm 2S19 Msta-S","captured","https://i.postimg.cc/J0QbTYf7/6h.jpg","2023-11-16",218,7818,3,"7-21878183","11/16/2023"
"8643","Russia","Soviet Union","158 152mm 2S19 Msta-S","captured","https://i.postimg.cc/PqdwjNvQ/4441.png","2023-11-16",218,7819,3,"7-21878193","11/16/2023"
"8644","Russia","Soviet Union","158 152mm 2S19 Msta-S","captured","https://i.postimg.cc/ZKHmyGgk/2s5.png","2023-11-16",218,7820,3,"7-21878203","11/16/2023"
"8645","Russia","Soviet Union","158 152mm 2S19 Msta-S","captured","https://i.postimg.cc/4xzGdvw2/16.png","2023-11-16",218,7821,3,"7-21878213","11/16/2023"
"8646","Russia","Soviet Union","158 152mm 2S19 Msta-S","captured","https://i.postimg.cc/W1rbF9Xq/h76.jpg","2023-11-16",218,7822,3,"7-21878223","11/16/2023"
"8647","Russia","Soviet Union","158 152mm 2S19 Msta-S","captured","https://i.postimg.cc/6QXqszSK/32d.png","2023-11-16",218,7823,3,"7-21878233","11/16/2023"
"8648","Russia","Soviet Union","158 152mm 2S19 Msta-S","captured","https://i.postimg.cc/76N0kB0z/s1.jpg","2023-11-16",218,7824,3,"7-21878243","11/16/2023"
"8649","Russia","Soviet Union","158 152mm 2S19 Msta-S","captured","https://i.postimg.cc/k5Bj14kH/76.jpg","2023-11-16",218,7825,3,"7-21878253","11/16/2023"
"8650","Russia","Soviet Union","158 152mm 2S19 Msta-S","captured","https://i.postimg.cc/zBbygxv0/998.jpg","2023-11-16",218,7826,3,"7-21878263","11/16/2023"
"8651","Russia","Soviet Union","158 152mm 2S19 Msta-S","captured","https://i.postimg.cc/mDtZZJjS/687.png","2023-11-16",218,7827,3,"7-21878273","11/16/2023"
"8652","Russia","Soviet Union","158 152mm 2S19 Msta-S","captured","https://i.postimg.cc/MpTXKnr8/57799.jpg","2023-11-16",218,7828,3,"7-21878283","11/16/2023"
"8653","Russia","Soviet Union","158 152mm 2S19 Msta-S","captured","https://i.postimg.cc/hjsf9tb9/66hf.png","2023-11-16",218,7829,3,"7-21878293","11/16/2023"
"8654","Russia","Soviet Union","158 152mm 2S19 Msta-S","captured","https://i.postimg.cc/vZPG0D9W/5f.png","2023-11-16",218,7830,3,"7-21878303","11/16/2023"
"8655","Russia","Soviet Union","158 152mm 2S19 Msta-S","damaged","https://i.postimg.cc/3Ns4bgSG/1004-2-S19-Msta-S-dam-capt-14-06-23.jpg","2023-11-16",218,7831,2,"7-21878312","11/16/2023"
"8656","Russia","Soviet Union","158 152mm 2S19 Msta-S","captured","https://i.postimg.cc/3Ns4bgSG/1004-2-S19-Msta-S-dam-capt-14-06-23.jpg","2023-11-16",218,7831,3,"7-21878313","11/16/2023"
"8657","Russia","Soviet Union","158 152mm 2S19 Msta-S","captured","https://postimg.cc/Mvk7GZHm","2023-11-16",218,7832,3,"7-21878323","11/16/2023"
"8658","Russia","Soviet Union","158 152mm 2S19 Msta-S","captured","https://i.postimg.cc/2Sk1L977/66534.jpg","2023-11-16",218,7833,3,"7-21878333","11/16/2023"
"8659","Russia","Soviet Union","158 152mm 2S19 Msta-S","captured","https://i.postimg.cc/x8ZVc6HH/887.png","2023-11-16",218,7834,3,"7-21878343","11/16/2023"
"8660","Russia","Soviet Union","158 152mm 2S19 Msta-S","captured","https://i.postimg.cc/8cPsh8ZP/2022-04-12-2s19.jpg","2023-11-16",218,7835,3,"7-21878353","11/16/2023"
"8661","Russia","Soviet Union","158 152mm 2S19 Msta-S","captured","https://i.postimg.cc/C5XkV6Vs/544.png","2023-11-16",218,7836,3,"7-21878363","11/16/2023"
"8662","Russia","Soviet Union","158 152mm 2S19 Msta-S","captured","https://i.postimg.cc/7ZtrPYcp/1020-msta-s.jpg","2023-11-16",218,7837,3,"7-21878373","11/16/2023"
"8663","Russia","Soviet Union","158 152mm 2S19 Msta-S","captured","https://twitter.com/UAWeapons/status/1569229469990227970","2023-11-16",218,6796,3,"7-21867963","11/16/2023"
"8664","Russia","Soviet Union","158 152mm 2S19 Msta-S","captured","https://postimg.cc/HJFBNZXC","2023-11-16",218,7838,3,"7-21878383","11/16/2023"
"8665","Russia","Soviet Union","158 152mm 2S19 Msta-S","captured","https://twitter.com/UAWeapons/status/1569424767517597702","2023-11-16",218,1172,3,"7-21811723","11/16/2023"
"8666","Russia","Soviet Union","158 152mm 2S19 Msta-S","captured","https://twitter.com/UAWeapons/status/1569639365655072770","2023-11-16",218,1665,3,"7-21816653","11/16/2023"
"8667","Russia","Soviet Union","158 152mm 2S19 Msta-S","captured","https://twitter.com/UAWeapons/status/1569962727392813057","2023-11-16",218,7839,3,"7-21878393","11/16/2023"
"8668","Russia","Soviet Union","158 152mm 2S19 Msta-S","captured","https://i.postimg.cc/MK00cndM/k8.png","2023-11-16",218,7840,3,"7-21878403","11/16/2023"
"8669","Russia","Soviet Union","158 152mm 2S19 Msta-S","captured","https://twitter.com/UAWeapons/status/1572507658879631360","2023-11-16",218,7841,3,"7-21878413","11/16/2023"
"8670","Russia","Soviet Union","158 152mm 2S19 Msta-S","captured","https://i.postimg.cc/g07hV40m/5547.png","2023-11-16",218,7842,3,"7-21878423","11/16/2023"
"8671","Russia","Soviet Union","158 152mm 2S19 Msta-S","captured","https://i.postimg.cc/NFFhC8rz/3350.jpg","2023-11-16",218,7843,3,"7-21878433","11/16/2023"
"8672","Russia","Soviet Union","158 152mm 2S19 Msta-S","captured","https://i.postimg.cc/vmhmfkVZ/1000-Msta-S-capt-12-01-23.jpg","2023-11-16",218,7844,3,"7-21878443","11/16/2023"
"8673","Russia","Soviet Union","158 152mm 2S19 Msta-S","captured","https://i.postimg.cc/5NsDygs3/1017-msta-s-capt-10-02-23.jpg","2023-11-16",218,7845,3,"7-21878453","11/16/2023"
"8674","Russia","Soviet Union","158 152mm 2S19 Msta-S","captured","https://i.postimg.cc/cHCFYgLz/1016-msta-s-capt-03-04-22.jpg","2023-11-16",218,7846,3,"7-21878463","11/16/2023"
"8675","Russia","Russia","35 152mm 2S33 Msta-SM2","destroyed","https://twitter.com/UAWeapons/status/1586430828443500544","2023-11-16",219,7847,1,"7-21978471","11/16/2023"
"8676","Russia","Russia","35 152mm 2S33 Msta-SM2","destroyed","https://i.postimg.cc/J7yL6vfC/1012-Msta-SM2-destr.jpg","2023-11-16",219,7848,1,"7-21978481","11/16/2023"
"8677","Russia","Russia","35 152mm 2S33 Msta-SM2","destroyed","https://twitter.com/UAWeapons/status/1593653915098271746","2023-11-16",219,7849,1,"7-21978491","11/16/2023"
"8678","Russia","Russia","35 152mm 2S33 Msta-SM2","destroyed","https://i.postimg.cc/zXPHrkcv/1015-msta-sm2-destr.jpg","2023-11-16",219,7850,1,"7-21978501","11/16/2023"
"8679","Russia","Russia","35 152mm 2S33 Msta-SM2","destroyed","https://i.postimg.cc/TP6638Yn/1012-msta-s-destr.jpg","2023-11-16",219,7851,1,"7-21978511","11/16/2023"
"8680","Russia","Russia","35 152mm 2S33 Msta-SM2","destroyed","https://twitter.com/UAWeapons/status/1621907262674534401","2023-11-16",219,7852,1,"7-21978521","11/16/2023"
"8681","Russia","Russia","35 152mm 2S33 Msta-SM2","destroyed","https://twitter.com/naalsio26/status/1633590597872148483","2023-11-16",219,7853,1,"7-21978531","11/16/2023"
"8682","Russia","Russia","35 152mm 2S33 Msta-SM2","destroyed","https://i.postimg.cc/Nfy2GFXK/1010-msta-s-destr-23-10.jpg","2023-11-16",219,7854,1,"7-21978541","11/16/2023"
"8683","Russia","Russia","35 152mm 2S33 Msta-SM2","destroyed","https://i.postimg.cc/SK3HJnhY/5422.png","2023-11-16",219,7855,1,"7-21978551","11/16/2023"
"8684","Russia","Russia","35 152mm 2S33 Msta-SM2","destroyed","https://twitter.com/UAWeapons/status/1671570343599669252","2023-11-16",219,7856,1,"7-21978561","11/16/2023"
"8685","Russia","Russia","35 152mm 2S33 Msta-SM2","destroyed","https://i.postimg.cc/SK6w25z1/1006-msta-sm2-destr-15-08-23.jpg","2023-11-16",219,7857,1,"7-21978571","11/16/2023"
"8686","Russia","Russia","35 152mm 2S33 Msta-SM2","destroyed","https://i.postimg.cc/jdg41s5C/321.png","2023-11-16",219,7858,1,"7-21978581","11/16/2023"
"8687","Russia","Russia","35 152mm 2S33 Msta-SM2","destroyed","https://twitter.com/UAWeapons/status/1701638885095141611","2023-11-16",219,7859,1,"7-21978591","11/16/2023"
"8688","Russia","Russia","35 152mm 2S33 Msta-SM2","destroyed","https://twitter.com/UAWeapons/status/1709235708777451744","2023-11-16",219,7860,1,"7-21978601","11/16/2023"
"8689","Russia","Russia","35 152mm 2S33 Msta-SM2","damaged","https://twitter.com/RALee85/status/1658359422421221376","2023-11-16",219,7861,2,"7-21978612","11/16/2023"
"8690","Russia","Russia","35 152mm 2S33 Msta-SM2","damaged","https://i.postimg.cc/K8z692mW/1036-152mm-2-S33-Msta-SM2-dam-19-05-23.jpg","2023-11-16",219,7862,2,"7-21978622","11/16/2023"
"8691","Russia","Russia","35 152mm 2S33 Msta-SM2","captured","https://i.postimg.cc/654NRtxk/583.png","2023-11-16",219,7863,3,"7-21978633","11/16/2023"
"8692","Russia","Russia","35 152mm 2S33 Msta-SM2","captured","https://i.postimg.cc/YSD5yMc0/369.png","2023-11-16",219,7864,3,"7-21978643","11/16/2023"
"8693","Russia","Russia","35 152mm 2S33 Msta-SM2","captured","https://i.postimg.cc/kGL6NWBJ/35.png","2023-11-16",219,7865,3,"7-21978653","11/16/2023"
"8694","Russia","Russia","35 152mm 2S33 Msta-SM2","captured","https://twitter.com/UAWeapons/status/1567980932199505920","2023-11-16",219,7866,3,"7-21978663","11/16/2023"
"8695","Russia","Russia","35 152mm 2S33 Msta-SM2","captured","https://i.postimg.cc/K88yyg9P/1021-msta-sm2.jpg","2023-11-16",219,7867,3,"7-21978673","11/16/2023"
"8696","Russia","Russia","35 152mm 2S33 Msta-SM2","captured","https://twitter.com/UAWeapons/status/1568899257771384832","2023-11-16",219,4464,3,"7-21944643","11/16/2023"
"8697","Russia","Russia","35 152mm 2S33 Msta-SM2","captured","https://twitter.com/UAWeapons/status/1571545765138382852","2023-11-16",219,7868,3,"7-21978683","11/16/2023"
"8698","Russia","Russia","35 152mm 2S33 Msta-SM2","captured","https://twitter.com/UAWeapons/status/1568901256038567938","2023-11-16",219,7648,3,"7-21976483","11/16/2023"
"8699","Russia","Russia","35 152mm 2S33 Msta-SM2","captured","https://twitter.com/UAWeapons/status/1574853608344064000","2023-11-16",219,7869,3,"7-21978693","11/16/2023"
"8700","Russia","Russia","35 152mm 2S33 Msta-SM2","captured","https://i.postimg.cc/HWwF34nD/1021-msta-sm2.jpg","2023-11-16",219,7870,3,"7-21978703","11/16/2023"
"8701","Russia","Russia","35 152mm 2S33 Msta-SM2","captured","https://i.postimg.cc/QNkX76Bg/MSTA-SM2-Kharkiv-region.png","2023-11-16",219,7871,3,"7-21978713","11/16/2023"
"8702","Russia","Russia","35 152mm 2S33 Msta-SM2","damaged","https://twitter.com/UAWeapons/status/1586070919994576896","2023-11-16",219,7872,2,"7-21978722","11/16/2023"
"8703","Russia","Russia","35 152mm 2S33 Msta-SM2","captured","https://twitter.com/UAWeapons/status/1586070919994576896","2023-11-16",219,7872,3,"7-21978723","11/16/2023"
"8704","Russia","Russia","35 152mm 2S33 Msta-SM2","captured","https://i.postimg.cc/BbH5pwWP/1018-msta-sm2-capt-and-destr-Kamaz.jpg","2023-11-16",219,7873,3,"7-21978733","11/16/2023"
"8705","Russia","Russia","35 152mm 2S33 Msta-SM2","captured","https://i.postimg.cc/CKxN0N89/1019-msta-sm2-capt.jpg","2023-11-16",219,7874,3,"7-21978743","11/16/2023"
"8706","Russia","Russia","35 152mm 2S33 Msta-SM2","captured","https://i.postimg.cc/wv0gDZCF/d332.png","2023-11-16",219,7875,3,"7-21978753","11/16/2023"
"8707","Russia","Soviet Union","19 203mm 2S7(M) Pion/Malka","destroyed","https://twitter.com/UAWeapons/status/1548035888025722880","2023-11-16",220,7876,1,"7-22078761","11/16/2023"
"8708","Russia","Soviet Union","19 203mm 2S7(M) Pion/Malka","destroyed","https://twitter.com/UAWeapons/status/1577985002607984642","2023-11-16",220,7877,1,"7-22078771","11/16/2023"
"8709","Russia","Soviet Union","19 203mm 2S7(M) Pion/Malka","destroyed","https://i.postimg.cc/XNdKvph9/1003-2s7-ural4320-destr.jpg","2023-11-16",220,7878,1,"7-22078781","11/16/2023"
"8710","Russia","Soviet Union","19 203mm 2S7(M) Pion/Malka","destroyed","https://i.postimg.cc/ZKBZC2t9/1012-2s7-malka-destr.jpg","2023-11-16",220,7879,1,"7-22078791","11/16/2023"
"8711","Russia","Soviet Union","19 203mm 2S7(M) Pion/Malka","destroyed","https://twitter.com/UAWeapons/status/1675820422779088896","2023-11-16",220,7880,1,"7-22078801","11/16/2023"
"8712","Russia","Soviet Union","19 203mm 2S7(M) Pion/Malka","destroyed","https://twitter.com/UAWeapons/status/1678837277055746053","2023-11-16",220,7675,1,"7-22076751","11/16/2023"
"8713","Russia","Soviet Union","19 203mm 2S7(M) Pion/Malka","destroyed","https://i.postimg.cc/C51Hkv9X/1021-2s7-destr-18-07-23.jpg","2023-11-16",220,7881,1,"7-22078811","11/16/2023"
"8714","Russia","Soviet Union","19 203mm 2S7(M) Pion/Malka","destroyed","https://twitter.com/UAWeapons/status/1683176233788489730","2023-11-16",220,7882,1,"7-22078821","11/16/2023"
"8715","Russia","Soviet Union","19 203mm 2S7(M) Pion/Malka","destroyed","https://twitter.com/UAWeapons/status/1686653746279747584","2023-11-16",220,7883,1,"7-22078831","11/16/2023"
"8716","Russia","Soviet Union","19 203mm 2S7(M) Pion/Malka","destroyed","https://i.postimg.cc/8z68DskS/1014-2s7-destr-15-08-23.jpg","2023-11-16",220,7884,1,"7-22078841","11/16/2023"
"8717","Russia","Soviet Union","19 203mm 2S7(M) Pion/Malka","destroyed","https://i.postimg.cc/C5CGQPfv/1000-2s7-destr-16-08-23.jpg","2023-11-16",220,7885,1,"7-22078851","11/16/2023"
"8718","Russia","Soviet Union","19 203mm 2S7(M) Pion/Malka","destroyed","https://twitter.com/UAWeapons/status/1693218496639848662","2023-11-16",220,7886,1,"7-22078861","11/16/2023"
"8719","Russia","Soviet Union","19 203mm 2S7(M) Pion/Malka","destroyed","https://i.postimg.cc/ncjBgtB0/1014-2-S7-destr-28-02-23.jpg","2023-11-16",220,7887,1,"7-22078871","11/16/2023"
"8720","Russia","Soviet Union","19 203mm 2S7(M) Pion/Malka","destroyed","https://i.postimg.cc/3xcNCtLn/665.png","2023-11-16",220,7888,1,"7-22078881","11/16/2023"
"8721","Russia","Soviet Union","19 203mm 2S7(M) Pion/Malka","destroyed","https://i.postimg.cc/J4F4D5Wg/2787.png","2023-11-16",220,7889,1,"7-22078891","11/16/2023"
"8722","Russia","Soviet Union","19 203mm 2S7(M) Pion/Malka","destroyed","https://twitter.com/UAWeapons/status/1709867192563438025","2023-11-16",220,7890,1,"7-22078901","11/16/2023"
"8723","Russia","Soviet Union","19 203mm 2S7(M) Pion/Malka","destroyed","https://twitter.com/bayraktar_1love/status/1720542874108854650","2023-11-16",220,7891,1,"7-22078911","11/16/2023"
"8724","Russia","Soviet Union","19 203mm 2S7(M) Pion/Malka","damaged","https://i.postimg.cc/kXvxwvLv/1008.jpg","2023-11-16",220,7892,2,"7-22078922","11/16/2023"
"8725","Russia","Soviet Union","19 203mm 2S7(M) Pion/Malka","captured","https://i.postimg.cc/QtVFhxDL/1001-2s7-malka.jpg","2023-11-16",220,7893,3,"7-22078933","11/16/2023"
"8726","Russia","Soviet Union","240mm 2S4 Tyulpan","destroyed","https://twitter.com/UAWeapons/status/1528046054150754307","2023-11-16",221,7894,1,"7-22178941","11/16/2023"
"8727","Russia","Soviet Union","240mm 2S4 Tyulpan","destroyed","https://twitter.com/UAWeapons/status/1590336887390371841","2023-11-16",221,7895,1,"7-22178951","11/16/2023"
"8728","Russia","Soviet Union","240mm 2S4 Tyulpan","destroyed","https://i.postimg.cc/vTv16M2v/1026-2-S4-Tulipan-dam.jpg","2023-11-16",221,7896,1,"7-22178961","11/16/2023"
"8729","Russia","Soviet Union","240mm 2S4 Tyulpan","destroyed","https://twitter.com/UAWeapons/status/1617568357364162561","2023-11-16",221,7897,1,"7-22178971","11/16/2023"
"8730","Russia","Soviet Union","240mm 2S4 Tyulpan","destroyed","https://twitter.com/UAWeapons/status/1631231049610010624","2023-11-16",221,7898,1,"7-22178981","11/16/2023"
"8731","Russia","Soviet Union","240mm 2S4 Tyulpan","destroyed","https://twitter.com/UAWeapons/status/1638150631092367360","2023-11-16",221,7899,1,"7-22178991","11/16/2023"
"8732","Russia","Soviet Union","240mm 2S4 Tyulpan","destroyed","https://twitter.com/UAWeapons/status/1642464581237846016","2023-11-16",221,7900,1,"7-22179001","11/16/2023"
"8733","Russia","Soviet Union","240mm 2S4 Tyulpan","destroyed","https://i.postimg.cc/Ls3ty1FB/1011-2s4-destr-06-05-23.jpg","2023-11-16",221,7901,1,"7-22179011","11/16/2023"
"8734","Russia","Soviet Union","240mm 2S4 Tyulpan","destroyed","https://twitter.com/UAWeapons/status/1658070324338909187","2023-11-16",221,7902,1,"7-22179021","11/16/2023"
"8735","Russia","Soviet Union","240mm 2S4 Tyulpan","destroyed","https://twitter.com/UAWeapons/status/1664197026958000128","2023-11-16",221,7903,1,"7-22179031","11/16/2023"
"8736","Russia","Soviet Union","240mm 2S4 Tyulpan","destroyed","https://twitter.com/UAWeapons/status/1670683560888483840","2023-11-16",221,7904,1,"7-22179041","11/16/2023"
"8737","Russia","Soviet Union","240mm 2S4 Tyulpan","destroyed","https://i.postimg.cc/X7vKf4s1/1041-2s4-destr-23-06-23.jpg","2023-11-16",221,7905,1,"7-22179051","11/16/2023"
"8738","Russia","Soviet Union","240mm 2S4 Tyulpan","destroyed","https://twitter.com/UAWeapons/status/1680556821684076544","2023-11-16",221,7906,1,"7-22179061","11/16/2023"
"8739","Russia","Soviet Union","240mm 2S4 Tyulpan","destroyed","https://twitter.com/UAWeapons/status/1680933677818077185","2023-11-16",221,7907,1,"7-22179071","11/16/2023"
"8740","Russia","Soviet Union","240mm 2S4 Tyulpan","destroyed","https://i.postimg.cc/DZ7cyf62/1015-2s4-destr-17-07-23.jpg","2023-11-16",221,7908,1,"7-22179081","11/16/2023"
"8741","Russia","Soviet Union","240mm 2S4 Tyulpan","destroyed","https://twitter.com/UAWeapons/status/1682024520683778048","2023-11-16",221,7909,1,"7-22179091","11/16/2023"
"8742","Russia","Soviet Union","240mm 2S4 Tyulpan","destroyed","https://twitter.com/NOELreports/status/1686085439294251008","2023-11-16",221,7910,1,"7-22179101","11/16/2023"
"8743","Russia","Soviet Union","240mm 2S4 Tyulpan","destroyed","https://i.postimg.cc/9Xw94tm2/1043-2s4-destr-20-08-23.jpg","2023-11-16",221,7911,1,"7-22179111","11/16/2023"
"8744","Russia","Soviet Union","240mm 2S4 Tyulpan","destroyed","https://twitter.com/UAWeapons/status/1694075333379600564","2023-11-16",221,7912,1,"7-22179121","11/16/2023"
"8745","Russia","Soviet Union","240mm 2S4 Tyulpan","destroyed","https://twitter.com/UAWeapons/status/1699431270160204231","2023-11-16",221,7913,1,"7-22179131","11/16/2023"
"8746","Russia","Soviet Union","240mm 2S4 Tyulpan","destroyed","https://i.postimg.cc/zfPMGYYY/356.png","2023-11-16",221,7914,1,"7-22179141","11/16/2023"
"8747","Russia","Soviet Union","240mm 2S4 Tyulpan","destroyed","https://twitter.com/UAWeapons/status/1704024669311926774","2023-11-16",221,7915,1,"7-22179151","11/16/2023"
"8748","Russia","Soviet Union","240mm 2S4 Tyulpan","destroyed","https://i.postimg.cc/PJw32tNW/1030-2s4-destr-16-10-23.jpg","2023-11-16",221,7916,1,"7-22179161","11/16/2023"
"8749","Russia","Soviet Union","240mm 2S4 Tyulpan","destroyed","https://i.postimg.cc/Y25yjmyb/1041-2s4-destr-13-10-23.jpg","2023-11-16",221,7917,1,"7-22179171","11/16/2023"
"8750","Russia","Soviet Union","240mm 2S4 Tyulpan","destroyed","https://i.postimg.cc/y8rFr2bK/1024-2s4-destr-19-10-23.jpg","2023-11-16",221,7918,1,"7-22179181","11/16/2023"
"8751","Russia","Soviet Union","240mm 2S4 Tyulpan","destroyed","https://i.postimg.cc/vBFx9HKs/1025-2s4-destr-24-10-23.jpg","2023-11-16",221,7919,1,"7-22179191","11/16/2023"
"8752","Russia","Soviet Union","240mm 2S4 Tyulpan","damaged","https://twitter.com/UAWeapons/status/1671786493147336705","2023-11-16",221,7920,2,"7-22179202","11/16/2023"
"8753","Russia","Russia","Unknown SPG","destroyed","https://twitter.com/UAWeapons/status/1541387063408427009","2023-11-16",222,2054,1,"7-22220541","11/16/2023"
"8754","Russia","Russia","Unknown SPG","destroyed","https://twitter.com/UAWeapons/status/1542969635850575873","2023-11-16",222,7921,1,"7-22279211","11/16/2023"
"8755","Russia","Russia","Unknown SPG","destroyed","https://twitter.com/Blue_Sauron/status/1546082260952272896","2023-11-16",222,7922,1,"7-22279221","11/16/2023"
"8756","Russia","Russia","Unknown SPG","destroyed","https://twitter.com/UAWeapons/status/1562127670330155008","2023-11-16",222,7923,1,"7-22279231","11/16/2023"
"8757","Russia","Russia","Unknown SPG","destroyed","https://twitter.com/RALee85/status/1564401130095919105","2023-11-16",222,7924,1,"7-22279241","11/16/2023"
"8758","Russia","Russia","Unknown SPG","destroyed","https://i.postimg.cc/tT7DqT7g/1002-unkn-spg.jpg","2023-11-16",222,7925,1,"7-22279251","11/16/2023"
"8759","Russia","Russia","Unknown SPG","destroyed","https://i.postimg.cc/rsqnYfG3/1066-2x-unkn-spg-destr-14-05-23.jpg","2023-11-16",222,7926,1,"7-22279261","11/16/2023"
"8760","Russia","Russia","Unknown SPG","destroyed","https://i.postimg.cc/C55Z6LTd/1013-unkn-spg-destr-08-07-23.jpg","2023-11-16",222,7927,1,"7-22279271","11/16/2023"
"8761","Russia","Russia","Unknown SPG","destroyed","https://i.postimg.cc/NMZ6BGxm/4320.png","2023-11-16",222,7928,1,"7-22279281","11/16/2023"
"8762","Russia","Russia","Unknown SPG","damaged","https://twitter.com/UAWeapons/status/1507012290536566788","2023-11-16",222,7929,2,"7-22279292","11/16/2023"
"8763","Russia","Russia","Unknown SPG","damaged","https://i.postimg.cc/brmSsT57/1001-unkn-spg.jpg","2023-11-16",222,7930,2,"7-22279302","11/16/2023"
"8764","Russia","Russia","Unknown SPG","damaged","https://i.postimg.cc/9XKKtnpW/1021-unkn-spg-dam-09-08-23.jpg","2023-11-16",222,7931,2,"7-22279312","11/16/2023"
"8765","Russia","Soviet Union","180 122mm BM-21 Grad","destroyed","https://i.postimg.cc/8c0jfFn1/b6.png","2023-11-16",223,7932,1,"7-22379321","11/16/2023"
"8766","Russia","Soviet Union","180 122mm BM-21 Grad","destroyed","https://i.postimg.cc/x16gjzR1/442.png","2023-11-16",223,7933,1,"7-22379331","11/16/2023"
"8767","Russia","Soviet Union","180 122mm BM-21 Grad","destroyed","https://i.postimg.cc/hhW3W4BY/62.png","2023-11-16",223,7934,1,"7-22379341","11/16/2023"
"8768","Russia","Soviet Union","180 122mm BM-21 Grad","destroyed","https://i.postimg.cc/L6z7w58H/331.png","2023-11-16",223,7935,1,"7-22379351","11/16/2023"
"8769","Russia","Soviet Union","180 122mm BM-21 Grad","destroyed","https://i.postimg.cc/wjWsfG3Z/1097-grad.png","2023-11-16",223,7936,1,"7-22379361","11/16/2023"
"8770","Russia","Soviet Union","180 122mm BM-21 Grad","destroyed","https://i.postimg.cc/SK5jxCvK/1000-bm21-destr-24-02-23.jpg","2023-11-16",223,7937,1,"7-22379371","11/16/2023"
"8771","Russia","Soviet Union","180 122mm BM-21 Grad","destroyed","https://twitter.com/RALee85/status/1536227546878074881","2023-11-16",223,7938,1,"7-22379381","11/16/2023"
"8772","Russia","Soviet Union","180 122mm BM-21 Grad","destroyed","https://i.postimg.cc/854y7YpN/5422.png","2023-11-16",223,7939,1,"7-22379391","11/16/2023"
"8773","Russia","Soviet Union","180 122mm BM-21 Grad","destroyed","https://i.postimg.cc/KjBRqtbQ/f43.jpg","2023-11-16",223,7940,1,"7-22379401","11/16/2023"
"8774","Russia","Soviet Union","180 122mm BM-21 Grad","destroyed","https://i.postimg.cc/RZNw48Dh/79.jpg","2023-11-16",223,7941,1,"7-22379411","11/16/2023"
"8775","Russia","Soviet Union","180 122mm BM-21 Grad","destroyed","https://twitter.com/UAWeapons/status/1513475137940574210","2023-11-16",223,6005,1,"7-22360051","11/16/2023"
"8776","Russia","Soviet Union","180 122mm BM-21 Grad","destroyed","https://i.postimg.cc/5NkhbyGD/67.png","2023-11-16",223,7942,1,"7-22379421","11/16/2023"
"8777","Russia","Soviet Union","180 122mm BM-21 Grad","destroyed","https://i.postimg.cc/1ztmWPsG/547.jpg","2023-11-16",223,7943,1,"7-22379431","11/16/2023"
"8778","Russia","Soviet Union","180 122mm BM-21 Grad","destroyed","https://twitter.com/UAWeapons/status/1534498437911158786","2023-11-16",223,7944,1,"7-22379441","11/16/2023"
"8779","Russia","Soviet Union","180 122mm BM-21 Grad","destroyed","https://twitter.com/UAWeapons/status/1534591070805409792","2023-11-16",223,4645,1,"7-22346451","11/16/2023"
"8780","Russia","Soviet Union","180 122mm BM-21 Grad","destroyed","https://twitter.com/UAWeapons/status/1538098093375295489","2023-11-16",223,7945,1,"7-22379451","11/16/2023"
"8781","Russia","Soviet Union","180 122mm BM-21 Grad","destroyed","https://twitter.com/UAWeapons/status/1535286866379157504","2023-11-16",223,7946,1,"7-22379461","11/16/2023"
"8782","Russia","Soviet Union","180 122mm BM-21 Grad","destroyed","https://twitter.com/UAWeapons/status/1542892786348851200","2023-11-16",223,7947,1,"7-22379471","11/16/2023"
"8783","Russia","Soviet Union","180 122mm BM-21 Grad","destroyed","https://i.postimg.cc/FKnHxtc6/1002.jpg","2023-11-16",223,7948,1,"7-22379481","11/16/2023"
"8784","Russia","Soviet Union","180 122mm BM-21 Grad","destroyed","https://twitter.com/UAWeapons/status/1556343599868137473","2023-11-16",223,7949,1,"7-22379491","11/16/2023"
"8785","Russia","Soviet Union","180 122mm BM-21 Grad","destroyed","https://postimg.cc/XpyBXMF7","2023-11-16",223,7950,1,"7-22379501","11/16/2023"
"8786","Russia","Soviet Union","180 122mm BM-21 Grad","abandoned","https://i.postimg.cc/nr1Wrst0/439.png","2023-11-16",223,7951,4,"7-22379514","11/16/2023"
"8787","Russia","Soviet Union","180 122mm BM-21 Grad","destroyed","https://i.postimg.cc/nr1Wrst0/439.png","2023-11-16",223,7951,1,"7-22379511","11/16/2023"
"8788","Russia","Soviet Union","180 122mm BM-21 Grad","destroyed","https://i.postimg.cc/kGHcy5Hv/31.png","2023-11-16",223,7952,1,"7-22379521","11/16/2023"
"8789","Russia","Soviet Union","180 122mm BM-21 Grad","destroyed","https://i.postimg.cc/FK4nY3Hv/1033-bm21.jpg","2023-11-16",223,7953,1,"7-22379531","11/16/2023"
"8790","Russia","Soviet Union","180 122mm BM-21 Grad","destroyed","https://i.postimg.cc/pdDKDq61/1016-bm21.jpg","2023-11-16",223,7954,1,"7-22379541","11/16/2023"
"8791","Russia","Soviet Union","180 122mm BM-21 Grad","destroyed","https://i.postimg.cc/65qMWWjg/1018-bm21-destr.jpg","2023-11-16",223,7955,1,"7-22379551","11/16/2023"
"8792","Russia","Soviet Union","180 122mm BM-21 Grad","destroyed","https://i.postimg.cc/d3DJ4ZGX/1017-bm21-destr.jpg","2023-11-16",223,7956,1,"7-22379561","11/16/2023"
"8793","Russia","Soviet Union","180 122mm BM-21 Grad","destroyed","https://twitter.com/UAWeapons/status/1579522577021964288","2023-11-16",223,7957,1,"7-22379571","11/16/2023"
"8794","Russia","Soviet Union","180 122mm BM-21 Grad","destroyed","https://i.postimg.cc/F1tJd5jS/2022-04-10-bm-21.jpg","2023-11-16",223,7958,1,"7-22379581","11/16/2023"
"8795","Russia","Soviet Union","180 122mm BM-21 Grad","destroyed","https://i.postimg.cc/d08vzYHm/2022-04-15-bm-21.jpg","2023-11-16",223,7959,1,"7-22379591","11/16/2023"
"8796","Russia","Soviet Union","180 122mm BM-21 Grad","destroyed","https://i.postimg.cc/QM7VRn5Y/2022-07-27-bm-21.jpg","2023-11-16",223,7960,1,"7-22379601","11/16/2023"
"8797","Russia","Soviet Union","180 122mm BM-21 Grad","destroyed","https://i.postimg.cc/hvJj1ZD2/1004-bm21-destr.jpg","2023-11-16",223,7961,1,"7-22379611","11/16/2023"
"8798","Russia","Soviet Union","180 122mm BM-21 Grad","destroyed","https://i.postimg.cc/Fsr3qPMP/1019-bm21-destr.jpg","2023-11-16",223,7962,1,"7-22379621","11/16/2023"
"8799","Russia","Soviet Union","180 122mm BM-21 Grad","destroyed","https://i.postimg.cc/dDPvc4ny/1005-bm21-destr.jpg","2023-11-16",223,7963,1,"7-22379631","11/16/2023"
"8800","Russia","Soviet Union","180 122mm BM-21 Grad","destroyed","https://i.postimg.cc/tgwD6TWq/1012-bm21-destr.jpg","2023-11-16",223,7964,1,"7-22379641","11/16/2023"
"8801","Russia","Soviet Union","180 122mm BM-21 Grad","destroyed","https://i.postimg.cc/xCNwSKSS/1012-bm21-grad-destr.jpg","2023-11-16",223,7965,1,"7-22379651","11/16/2023"
"8802","Russia","Soviet Union","180 122mm BM-21 Grad","destroyed","https://i.postimg.cc/xTFLSzdD/1002-bm21-grad-destr.jpg","2023-11-16",223,7966,1,"7-22379661","11/16/2023"
"8803","Russia","Soviet Union","180 122mm BM-21 Grad","destroyed","https://i.postimg.cc/Ss0cY9Yx/1100-bm21-grad-destr-23-12-22.png","2023-11-16",223,7967,1,"7-22379671","11/16/2023"
"8804","Russia","Soviet Union","180 122mm BM-21 Grad","destroyed","https://i.postimg.cc/TwrgVPnq/1101-bm21-grad-destr-23-12-22.png","2023-11-16",223,7968,1,"7-22379681","11/16/2023"
"8805","Russia","Soviet Union","180 122mm BM-21 Grad","destroyed","https://i.postimg.cc/Rh4fXzRr/1102-bm21-grad-destr-23-12-22.png","2023-11-16",223,7969,1,"7-22379691","11/16/2023"
"8806","Russia","Soviet Union","180 122mm BM-21 Grad","destroyed","https://i.postimg.cc/FsDdrrLr/1024-bm21-grad-destr.jpg","2023-11-16",223,7970,1,"7-22379701","11/16/2023"
"8807","Russia","Soviet Union","180 122mm BM-21 Grad","destroyed","https://i.postimg.cc/FHMhbWV2/1009-bm21-grad-destr-01-01-23.jpg","2023-11-16",223,7971,1,"7-22379711","11/16/2023"
"8808","Russia","Soviet Union","180 122mm BM-21 Grad","destroyed","https://i.postimg.cc/m2hbSybZ/1021-bm21-grad-destr-19-01-23.jpg","2023-11-16",223,7972,1,"7-22379721","11/16/2023"
"8809","Russia","Soviet Union","180 122mm BM-21 Grad","destroyed","https://i.postimg.cc/RZnpMSc8/43f6.png","2023-11-16",223,7973,1,"7-22379731","11/16/2023"
"8810","Russia","Soviet Union","180 122mm BM-21 Grad","destroyed","https://twitter.com/UAWeapons/status/1625242267916070918","2023-11-16",223,295,1,"7-2232951","11/16/2023"
"8811","Russia","Soviet Union","180 122mm BM-21 Grad","destroyed","https://i.postimg.cc/DZKbMJRJ/1011-bm21-grad-destr-11-02-23.jpg","2023-11-16",223,7974,1,"7-22379741","11/16/2023"
"8812","Russia","Soviet Union","180 122mm BM-21 Grad","destroyed","https://twitter.com/UAWeapons/status/1632325120566894592","2023-11-16",223,7975,1,"7-22379751","11/16/2023"
"8813","Russia","Soviet Union","180 122mm BM-21 Grad","destroyed","https://i.postimg.cc/fyGzcP0n/1015-bm21-destr-14-03-23.png","2023-11-16",223,7976,1,"7-22379761","11/16/2023"
"8814","Russia","Soviet Union","180 122mm BM-21 Grad","destroyed","https://twitter.com/UAWeapons/status/1636712779888443392","2023-11-16",223,7977,1,"7-22379771","11/16/2023"
"8815","Russia","Soviet Union","180 122mm BM-21 Grad","destroyed","https://i.postimg.cc/SxpyT7Mp/1014-bm21-destr-19-03-23.jpg","2023-11-16",223,7978,1,"7-22379781","11/16/2023"
"8816","Russia","Soviet Union","180 122mm BM-21 Grad","destroyed","https://i.postimg.cc/R0NhTqLP/4437.png","2023-11-16",223,7979,1,"7-22379791","11/16/2023"
"8817","Russia","Soviet Union","180 122mm BM-21 Grad","destroyed","https://i.postimg.cc/9MqrDphc/461.png","2023-11-16",223,7980,1,"7-22379801","11/16/2023"
"8818","Russia","Soviet Union","180 122mm BM-21 Grad","destroyed","https://i.postimg.cc/5NNqzxJL/44655.png","2023-11-16",223,7981,1,"7-22379811","11/16/2023"
"8819","Russia","Soviet Union","180 122mm BM-21 Grad","destroyed","https://i.postimg.cc/prMfqVSf/443.png","2023-11-16",223,7982,1,"7-22379821","11/16/2023"
"8820","Russia","Soviet Union","180 122mm BM-21 Grad","destroyed","https://i.postimg.cc/76w9Qcj3/1048-bm21-destr-04-03-23.jpg","2023-11-16",223,7983,1,"7-22379831","11/16/2023"
"8821","Russia","Soviet Union","180 122mm BM-21 Grad","destroyed","https://i.postimg.cc/HLb833ZK/1000-bm21-destr-04-05-23.jpg","2023-11-16",223,7984,1,"7-22379841","11/16/2023"
"8822","Russia","Soviet Union","180 122mm BM-21 Grad","destroyed","https://twitter.com/UAWeapons/status/1658472269956653063","2023-11-16",223,7985,1,"7-22379851","11/16/2023"
"8823","Russia","Soviet Union","180 122mm BM-21 Grad","destroyed","https://i.postimg.cc/3x3G4P8P/1000-bm21-destr-08-05-23.jpg","2023-11-16",223,7986,1,"7-22379861","11/16/2023"
"8824","Russia","Soviet Union","180 122mm BM-21 Grad","destroyed","https://i.postimg.cc/q7RCQyCw/1031-bm21-destr-12-05-23.jpg","2023-11-16",223,7987,1,"7-22379871","11/16/2023"
"8825","Russia","Soviet Union","180 122mm BM-21 Grad","destroyed","https://i.postimg.cc/vHr9mQsr/1057-122mm-BM-21-Grad-destr-01-05-22.jpg","2023-11-16",223,7988,1,"7-22379881","11/16/2023"
"8826","Russia","Soviet Union","180 122mm BM-21 Grad","destroyed","https://i.postimg.cc/bNvXtybm/1034-2x-bm21-destr-04-06-23.jpg","2023-11-16",223,7989,1,"7-22379891","11/16/2023"
"8827","Russia","Soviet Union","180 122mm BM-21 Grad","destroyed","https://twitter.com/UAWeapons/status/1667622822594617344","2023-11-16",223,7990,1,"7-22379901","11/16/2023"
"8828","Russia","Soviet Union","180 122mm BM-21 Grad","destroyed","https://i.postimg.cc/BvyXjQ7K/1036-bm21-destr-23-05-23.jpg","2023-11-16",223,7991,1,"7-22379911","11/16/2023"
"8829","Russia","Soviet Union","180 122mm BM-21 Grad","destroyed","https://i.postimg.cc/fTJ3Fs3N/1015-bm21-destr-12-06-23.jpg","2023-11-16",223,7992,1,"7-22379921","11/16/2023"
"8830","Russia","Soviet Union","180 122mm BM-21 Grad","destroyed","https://i.postimg.cc/q7dzzC1J/1021-bm21-destr-13-06-23.jpg","2023-11-16",223,7993,1,"7-22379931","11/16/2023"
"8831","Russia","Soviet Union","180 122mm BM-21 Grad","destroyed","https://i.postimg.cc/TP3Bm9yK/1063-3x-bm21-destr-24-06-23.jpg","2023-11-16",223,7994,1,"7-22379941","11/16/2023"
"8832","Russia","Soviet Union","180 122mm BM-21 Grad","destroyed","https://twitter.com/UAWeapons/status/1675820422779088896","2023-11-16",223,7880,1,"7-22378801","11/16/2023"
"8833","Russia","Soviet Union","180 122mm BM-21 Grad","destroyed","https://i.postimg.cc/CKzqZKps/1036-bm21-destr-09-09-22.jpg","2023-11-16",223,7995,1,"7-22379951","11/16/2023"
"8834","Russia","Soviet Union","180 122mm BM-21 Grad","destroyed","https://twitter.com/UAWeapons/status/1676560828386910210","2023-11-16",223,7783,1,"7-22377831","11/16/2023"
"8835","Russia","Soviet Union","180 122mm BM-21 Grad","destroyed","https://i.postimg.cc/G3zT8f9T/1000-122mm-BM-21-Grad-destr-01-07-23.jpg","2023-11-16",223,7996,1,"7-22379961","11/16/2023"
"8836","Russia","Soviet Union","180 122mm BM-21 Grad","destroyed","https://i.postimg.cc/dtx7nT2q/1005-bm21-destr-04-07-23.jpg","2023-11-16",223,7997,1,"7-22379971","11/16/2023"
"8837","Russia","Soviet Union","180 122mm BM-21 Grad","destroyed","https://i.postimg.cc/MGknJ23N/1014-bm21-destr-05-07-23.jpg","2023-11-16",223,7998,1,"7-22379981","11/16/2023"
"8838","Russia","Soviet Union","180 122mm BM-21 Grad","destroyed","https://i.postimg.cc/xTkJvC34/1005-bm21-destr-07-07-23.jpg","2023-11-16",223,7999,1,"7-22379991","11/16/2023"
"8839","Russia","Soviet Union","180 122mm BM-21 Grad","destroyed","https://i.postimg.cc/Y9bYXX4P/1009-bm21-destr-09-07-23.jpg","2023-11-16",223,8000,1,"7-22380001","11/16/2023"
"8840","Russia","Soviet Union","180 122mm BM-21 Grad","destroyed","https://i.postimg.cc/59rbwyYG/1024-bm21-destr-13-07-23.jpg","2023-11-16",223,8001,1,"7-22380011","11/16/2023"
"8841","Russia","Soviet Union","180 122mm BM-21 Grad","destroyed","https://i.postimg.cc/5yc02035/1022-bm21-destr-14-07-23.jpg","2023-11-16",223,8002,1,"7-22380021","11/16/2023"
"8842","Russia","Soviet Union","180 122mm BM-21 Grad","destroyed","https://i.postimg.cc/c4XbM4yh/1013-BM-21-Grad-destr-20-07-23.jpg","2023-11-16",223,8003,1,"7-22380031","11/16/2023"
"8843","Russia","Soviet Union","180 122mm BM-21 Grad","destroyed","https://i.postimg.cc/9Mdx4cYG/1029-122mm-BM-21-Grad-destr-17-07-23.jpg","2023-11-16",223,8004,1,"7-22380041","11/16/2023"
"8844","Russia","Soviet Union","180 122mm BM-21 Grad","destroyed","https://i.postimg.cc/CMq4Kgmy/1020-122mm-BM-21-Grad-destr-31-08-22.jpg","2023-11-16",223,8005,1,"7-22380051","11/16/2023"
"8845","Russia","Soviet Union","180 122mm BM-21 Grad","destroyed","https://i.postimg.cc/bwz0L288/1021-122mm-BM-21-Grad-destr-31-08-22.jpg","2023-11-16",223,8006,1,"7-22380061","11/16/2023"
"8846","Russia","Soviet Union","180 122mm BM-21 Grad","destroyed","https://i.postimg.cc/YSZ20d4Q/1016-bm21-destr-25-07-23.jpg","2023-11-16",223,8007,1,"7-22380071","11/16/2023"
"8847","Russia","Soviet Union","180 122mm BM-21 Grad","destroyed","https://i.postimg.cc/W3yX7ND1/1018-2x-bm21-destr-26-07-23.jpg","2023-11-16",223,8008,1,"7-22380081","11/16/2023"
"8848","Russia","Soviet Union","180 122mm BM-21 Grad","destroyed","https://i.postimg.cc/8PJZrbZN/1020-bm21-destr-17-07-23.jpg","2023-11-16",223,8009,1,"7-22380091","11/16/2023"
"8849","Russia","Soviet Union","180 122mm BM-21 Grad","destroyed","https://i.postimg.cc/HnjBz0H0/1021-bm21-destr-07-04-23.jpg","2023-11-16",223,8010,1,"7-22380101","11/16/2023"
"8850","Russia","Soviet Union","180 122mm BM-21 Grad","destroyed","https://twitter.com/UAWeapons/status/1689694053770604545","2023-11-16",223,8011,1,"7-22380111","11/16/2023"
"8851","Russia","Soviet Union","180 122mm BM-21 Grad","destroyed","https://i.postimg.cc/ydkZy00F/1037-bm21-destr-12-07-23.jpg","2023-11-16",223,8012,1,"7-22380121","11/16/2023"
"8852","Russia","Soviet Union","180 122mm BM-21 Grad","destroyed","https://i.postimg.cc/L609j97Z/287.png","2023-11-16",223,8013,1,"7-22380131","11/16/2023"
"8853","Russia","Soviet Union","180 122mm BM-21 Grad","destroyed","https://i.postimg.cc/yxPh05B1/498.png","2023-11-16",223,8014,1,"7-22380141","11/16/2023"
"8854","Russia","Soviet Union","180 122mm BM-21 Grad","destroyed","https://i.postimg.cc/NGPM7TpB/763i.png","2023-11-16",223,8015,1,"7-22380151","11/16/2023"
"8855","Russia","Soviet Union","180 122mm BM-21 Grad","destroyed","https://twitter.com/naalsio26/status/1700236391605502193","2023-11-16",223,8016,1,"7-22380161","11/16/2023"
"8856","Russia","Soviet Union","180 122mm BM-21 Grad","destroyed","https://i.postimg.cc/TwR6Kff2/42.png","2023-11-16",223,8017,1,"7-22380171","11/16/2023"
"8857","Russia","Soviet Union","180 122mm BM-21 Grad","destroyed","https://i.postimg.cc/wvDGxV7y/257.png","2023-11-16",223,8018,1,"7-22380181","11/16/2023"
"8858","Russia","Soviet Union","180 122mm BM-21 Grad","destroyed","https://i.postimg.cc/hPQCVB37/37.png","2023-11-16",223,8019,1,"7-22380191","11/16/2023"
"8859","Russia","Soviet Union","180 122mm BM-21 Grad","destroyed","https://i.postimg.cc/rs584vCw/43y.png","2023-11-16",223,8020,1,"7-22380201","11/16/2023"
"8860","Russia","Soviet Union","180 122mm BM-21 Grad","destroyed","https://i.postimg.cc/13kJC2pQ/326.png","2023-11-16",223,8021,1,"7-22380211","11/16/2023"
"8861","Russia","Soviet Union","180 122mm BM-21 Grad","destroyed","https://i.postimg.cc/SKVY2zQv/5420.png","2023-11-16",223,8022,1,"7-22380221","11/16/2023"
"8862","Russia","Soviet Union","180 122mm BM-21 Grad","destroyed","https://i.postimg.cc/MGwTHmFL/5489.png","2023-11-16",223,8023,1,"7-22380231","11/16/2023"
"8863","Russia","Soviet Union","180 122mm BM-21 Grad","destroyed","https://twitter.com/UAWeapons/status/1707667329432125517","2023-11-16",223,8024,1,"7-22380241","11/16/2023"
"8864","Russia","Soviet Union","180 122mm BM-21 Grad","destroyed","https://i.postimg.cc/xTrJYm2x/1016-bm21-destr-03-10-23.jpg","2023-11-16",223,8025,1,"7-22380251","11/16/2023"
"8865","Russia","Soviet Union","180 122mm BM-21 Grad","destroyed","https://i.postimg.cc/HsF4jq3Q/1035-122mm-BM-21-Grad-destr-05-10-23.jpg","2023-11-16",223,8026,1,"7-22380261","11/16/2023"
"8866","Russia","Soviet Union","180 122mm BM-21 Grad","destroyed","https://i.postimg.cc/FHQxg35R/1025-BM-21-Grad-destr-11-10-23.jpg","2023-11-16",223,8027,1,"7-22380271","11/16/2023"
"8867","Russia","Soviet Union","180 122mm BM-21 Grad","destroyed","https://i.postimg.cc/DZHFSytL/1005-2x-bm21-destr-18-10-23.jpg","2023-11-16",223,8028,1,"7-22380281","11/16/2023"
"8868","Russia","Soviet Union","180 122mm BM-21 Grad","destroyed","https://i.postimg.cc/Xv2n0gL2/1020-grad-destr-31-08-23.jpg","2023-11-16",223,8029,1,"7-22380291","11/16/2023"
"8869","Russia","Soviet Union","180 122mm BM-21 Grad","destroyed","https://i.postimg.cc/66YwnG4F/1010-bm21-destr-24-10-23.jpg","2023-11-16",223,8030,1,"7-22380301","11/16/2023"
"8870","Russia","Soviet Union","180 122mm BM-21 Grad","destroyed","https://i.postimg.cc/nhX2Z29w/1011-BM-21-destr-26-10-23.jpg","2023-11-16",223,8031,1,"7-22380311","11/16/2023"
"8871","Russia","Soviet Union","180 122mm BM-21 Grad","destroyed","https://i.postimg.cc/prC1grML/1008-BM-21-destr-27-10-23.jpg","2023-11-16",223,8032,1,"7-22380321","11/16/2023"
"8872","Russia","Soviet Union","180 122mm BM-21 Grad","destroyed","https://i.postimg.cc/DZvhNChh/1046-bm21-destr-05-11-23.jpg","2023-11-16",223,8033,1,"7-22380331","11/16/2023"
"8873","Russia","Soviet Union","180 122mm BM-21 Grad","destroyed","https://i.postimg.cc/d1y8TSpx/1034-bm21-destr-10-11-23.jpg","2023-11-16",223,8034,1,"7-22380341","11/16/2023"
"8874","Russia","Soviet Union","180 122mm BM-21 Grad","damaged","https://twitter.com/UAWeapons/status/1550508867930529794","2023-11-16",223,8035,2,"7-22380352","11/16/2023"
"8875","Russia","Soviet Union","180 122mm BM-21 Grad","damaged","https://i.postimg.cc/kgGVRzTM/09-13-2022-Grad-K-damaged.png","2023-11-16",223,8036,2,"7-22380362","11/16/2023"
"8876","Russia","Soviet Union","180 122mm BM-21 Grad","damaged","https://i.postimg.cc/rsCtznQq/1000-bm21-dam-31-01-23.jpg","2023-11-16",223,8037,2,"7-22380372","11/16/2023"
"8877","Russia","Soviet Union","180 122mm BM-21 Grad","damaged","https://i.postimg.cc/50gQBpj6/1009-bm21-dam-25-03-23.jpg","2023-11-16",223,8038,2,"7-22380382","11/16/2023"
"8878","Russia","Soviet Union","180 122mm BM-21 Grad","damaged","https://i.postimg.cc/zDpt4zzV/1006-bm21-dam-24-04-23.jpg","2023-11-16",223,8039,2,"7-22380392","11/16/2023"
"8879","Russia","Soviet Union","180 122mm BM-21 Grad","damaged","https://i.postimg.cc/7ZMXq8dX/1028-2x-122mm-BM-21-Grad-dam-24-06-23.jpg","2023-11-16",223,8040,2,"7-22380402","11/16/2023"
"8880","Russia","Soviet Union","180 122mm BM-21 Grad","damaged","https://i.postimg.cc/FKTZJb9L/1019-bm21-dam-23-06-23.jpg","2023-11-16",223,8041,2,"7-22380412","11/16/2023"
"8881","Russia","Soviet Union","180 122mm BM-21 Grad","damaged","https://i.postimg.cc/y69xrm1L/1043-bm21-dam-15-07-23.jpg","2023-11-16",223,8042,2,"7-22380422","11/16/2023"
"8882","Russia","Soviet Union","180 122mm BM-21 Grad","damaged","https://twitter.com/UAWeapons/status/1689694053770604545","2023-11-16",223,8011,2,"7-22380112","11/16/2023"
"8883","Russia","Soviet Union","180 122mm BM-21 Grad","damaged","https://i.postimg.cc/Hk5qjTCm/3887.png","2023-11-16",223,8043,2,"7-22380432","11/16/2023"
"8884","Russia","Soviet Union","180 122mm BM-21 Grad","damaged","https://i.postimg.cc/qqbTT9dp/1009-bm21-dam-25-10-23.jpg","2023-11-16",223,8044,2,"7-22380442","11/16/2023"
"8885","Russia","Soviet Union","180 122mm BM-21 Grad","damaged","https://i.postimg.cc/LsBRvcrv/1045-bm21-dam-05-11-23.jpg","2023-11-16",223,8045,2,"7-22380452","11/16/2023"
"8886","Russia","Soviet Union","180 122mm BM-21 Grad","abandoned","https://i.postimg.cc/KvMqQ1rx/65g.png","2023-11-16",223,8046,4,"7-22380464","11/16/2023"
"8887","Russia","Soviet Union","180 122mm BM-21 Grad","abandoned","https://i.postimg.cc/T3WhvbLL/v54.png","2023-11-16",223,8047,4,"7-22380474","11/16/2023"
"8888","Russia","Soviet Union","180 122mm BM-21 Grad","captured","https://i.postimg.cc/5t51tPmg/1016-122mm-BM-21-Grad-capt-02-03-22.jpg","2023-11-16",223,8048,3,"7-22380483","11/16/2023"
"8889","Russia","Soviet Union","180 122mm BM-21 Grad","damaged","https://i.postimg.cc/QtHX5cSf/332.png","2023-11-16",223,8049,2,"7-22380492","11/16/2023"
"8890","Russia","Soviet Union","180 122mm BM-21 Grad","captured","https://i.postimg.cc/QtHX5cSf/332.png","2023-11-16",223,8049,3,"7-22380493","11/16/2023"
"8891","Russia","Soviet Union","180 122mm BM-21 Grad","captured","https://i.postimg.cc/FFbk6gFJ/1012-bm21-dam-capt-25-12-22.jpg","2023-11-16",223,8050,3,"7-22380503","11/16/2023"
"8892","Russia","Soviet Union","180 122mm BM-21 Grad","captured","https://i.postimg.cc/BvrV7rWP/v66.png","2023-11-16",223,8051,3,"7-22380513","11/16/2023"
"8893","Russia","Soviet Union","180 122mm BM-21 Grad","captured","https://i.postimg.cc/Dz8rx8Cw/54220.jpg","2023-11-16",223,8052,3,"7-22380523","11/16/2023"
"8894","Russia","Soviet Union","180 122mm BM-21 Grad","captured","https://i.postimg.cc/k5p0db8M/4311.png","2023-11-16",223,8053,3,"7-22380533","11/16/2023"
"8895","Russia","Soviet Union","180 122mm BM-21 Grad","captured","https://i.postimg.cc/3wSwNDzN/470.png","2023-11-16",223,8054,3,"7-22380543","11/16/2023"
"8896","Russia","Soviet Union","180 122mm BM-21 Grad","captured","https://i.postimg.cc/zvRv9XtB/368.png","2023-11-16",223,8055,3,"7-22380553","11/16/2023"
"8897","Russia","Soviet Union","180 122mm BM-21 Grad","captured","https://i.postimg.cc/JhgWzBJv/3565.png","2023-11-16",223,8056,3,"7-22380563","11/16/2023"
"8898","Russia","Soviet Union","180 122mm BM-21 Grad","captured","https://i.postimg.cc/y8bc88x5/4f21.png","2023-11-16",223,8057,3,"7-22380573","11/16/2023"
"8899","Russia","Soviet Union","180 122mm BM-21 Grad","captured","https://i.postimg.cc/c4rLLMBS/1039-bm21-grad-capt.jpg","2023-11-16",223,8058,3,"7-22380583","11/16/2023"
"8900","Russia","Soviet Union","180 122mm BM-21 Grad","captured","https://i.postimg.cc/j2NTBKXc/545.jpg","2023-11-16",223,8059,3,"7-22380593","11/16/2023"
"8901","Russia","Soviet Union","180 122mm BM-21 Grad","captured","https://i.postimg.cc/SK2rDG8h/4f5.jpg","2023-11-16",223,8060,3,"7-22380603","11/16/2023"
"8902","Russia","Soviet Union","180 122mm BM-21 Grad","captured","https://i.postimg.cc/sf9Dtyzs/77k.jpg","2023-11-16",223,8061,3,"7-22380613","11/16/2023"
"8903","Russia","Soviet Union","180 122mm BM-21 Grad","captured","https://i.postimg.cc/sXvrGVBK/1010-tornado-g-ural-capt.jpg","2023-11-16",223,8062,3,"7-22380623","11/16/2023"
"8904","Russia","Soviet Union","180 122mm BM-21 Grad","captured","https://i.postimg.cc/Hsm90YNz/76k.jpg","2023-11-16",223,8063,3,"7-22380633","11/16/2023"
"8905","Russia","Soviet Union","180 122mm BM-21 Grad","captured","https://i.postimg.cc/DZ0Q5pHc/6652.png","2023-11-16",223,8064,3,"7-22380643","11/16/2023"
"8906","Russia","Soviet Union","180 122mm BM-21 Grad","captured","https://i.postimg.cc/xCF0twG5/b6.png","2023-11-16",223,8065,3,"7-22380653","11/16/2023"
"8907","Russia","Soviet Union","180 122mm BM-21 Grad","captured","https://i.postimg.cc/ZR7VdSvP/1027-bm21.jpg","2023-11-16",223,8066,3,"7-22380663","11/16/2023"
"8908","Russia","Soviet Union","180 122mm BM-21 Grad","damaged","https://i.postimg.cc/43SsyRyt/1000-bm21.jpg","2023-11-16",223,8067,2,"7-22380672","11/16/2023"
"8909","Russia","Soviet Union","180 122mm BM-21 Grad","captured","https://i.postimg.cc/43SsyRyt/1000-bm21.jpg","2023-11-16",223,8067,3,"7-22380673","11/16/2023"
"8910","Russia","Soviet Union","180 122mm BM-21 Grad","damaged","https://i.postimg.cc/FKBjwrRR/1015-bm21-grad.jpg","2023-11-16",223,8068,2,"7-22380682","11/16/2023"
"8911","Russia","Soviet Union","180 122mm BM-21 Grad","captured","https://i.postimg.cc/FKBjwrRR/1015-bm21-grad.jpg","2023-11-16",223,8068,3,"7-22380683","11/16/2023"
"8912","Russia","Soviet Union","180 122mm BM-21 Grad","captured","https://i.postimg.cc/qvLLWYN8/1008-bm21-grad-capt.jpg","2023-11-16",223,8069,3,"7-22380693","11/16/2023"
"8913","Russia","Soviet Union","180 122mm BM-21 Grad","captured","https://i.postimg.cc/jqDdtNLQ/1009-bm21.jpg","2023-11-16",223,8070,3,"7-22380703","11/16/2023"
"8914","Russia","Soviet Union","180 122mm BM-21 Grad","captured","https://i.postimg.cc/nrjWgnVB/1011-bm21.jpg","2023-11-16",223,8071,3,"7-22380713","11/16/2023"
"8915","Russia","Soviet Union","180 122mm BM-21 Grad","captured","https://i.postimg.cc/Y0tKKV9b/1012-bm21.jpg","2023-11-16",223,8072,3,"7-22380723","11/16/2023"
"8916","Russia","Soviet Union","180 122mm BM-21 Grad","captured","https://twitter.com/UAWeapons/status/1569410346791706630","2023-11-16",223,8073,3,"7-22380733","11/16/2023"
"8917","Russia","Soviet Union","180 122mm BM-21 Grad","captured","https://postimg.cc/YjW1DDbW","2023-11-16",223,8074,3,"7-22380743","11/16/2023"
"8918","Russia","Soviet Union","180 122mm BM-21 Grad","captured","https://twitter.com/UAWeapons/status/1569347140035518466","2023-11-16",223,8075,3,"7-22380753","11/16/2023"
"8919","Russia","Soviet Union","180 122mm BM-21 Grad","captured","https://twitter.com/UAWeapons/status/1570137029349883904","2023-11-16",223,4479,3,"7-22344793","11/16/2023"
"8920","Russia","Soviet Union","180 122mm BM-21 Grad","captured","https://i.postimg.cc/PJBtqvym/1018-bm21.jpg","2023-11-16",223,8076,3,"7-22380763","11/16/2023"
"8921","Russia","Soviet Union","180 122mm BM-21 Grad","damaged","https://i.postimg.cc/R0wcBGnP/1012-bm21-capt.jpg","2023-11-16",223,8077,2,"7-22380772","11/16/2023"
"8922","Russia","Soviet Union","180 122mm BM-21 Grad","captured","https://i.postimg.cc/R0wcBGnP/1012-bm21-capt.jpg","2023-11-16",223,8077,3,"7-22380773","11/16/2023"
"8923","Russia","Soviet Union","180 122mm BM-21 Grad","captured","https://twitter.com/UAWeapons/status/1591880238203822080","2023-11-16",223,8078,3,"7-22380783","11/16/2023"
"8924","Russia","Soviet Union","180 122mm BM-21 Grad","captured","https://i.postimg.cc/65FH82Bn/1007-BM-21-capt-30-11-22.jpg","2023-11-16",223,8079,3,"7-22380793","11/16/2023"
"8925","Russia","Soviet Union","122mm 9P138 Grad-1","destroyed","https://i.postimg.cc/YCD4pRfm/1009-9-P138-Grad-1-destr.jpg","2023-11-16",224,8080,1,"7-22480801","11/16/2023"
"8926","Russia","Soviet Union","122mm 9P138 Grad-1","destroyed","https://i.postimg.cc/fyyhBMQq/1008-9-P138-Grad-1-destr-21-01-23.jpg","2023-11-16",224,8081,1,"7-22480811","11/16/2023"
"8927","Russia","Soviet Union","122mm 9P138 Grad-1","destroyed","https://twitter.com/UAWeapons/status/1679582824737783809","2023-11-16",224,8082,1,"7-22480821","11/16/2023"
"8928","Russia","Soviet Union","122mm 9P138 Grad-1","destroyed","https://twitter.com/UAWeapons/status/1682734217614991361","2023-11-16",224,8083,1,"7-22480831","11/16/2023"
"8929","Russia","Soviet Union","122mm 9P138 Grad-1","destroyed","https://i.postimg.cc/Kck76Jmj/1011-Grad-1-destr-11-10-23.jpg","2023-11-16",224,8084,1,"7-22480841","11/16/2023"
"8930","Russia","Soviet Union","122mm 9P138 Grad-1","damaged","https://i.postimg.cc/7ZDMsthz/1056-9-P138-Grad-1-dam-27-06-23.jpg","2023-11-16",224,8085,2,"7-22480852","11/16/2023"
"8931","Russia","Soviet Union","122mm 9P138 Grad-1","damaged","https://i.postimg.cc/7h5WjdG0/27.png","2023-11-16",224,8086,2,"7-22480862","11/16/2023"
"8932","Russia","Soviet Union","122mm 9P138 Grad-1","damaged","https://i.postimg.cc/4yD1RPnn/41.png","2023-11-16",224,8087,2,"7-22480872","11/16/2023"
"8933","Russia","Soviet Union","122mm 9P138 Grad-1","damaged","https://twitter.com/UAWeapons/status/1589961984120098816","2023-11-16",224,8088,2,"7-22480882","11/16/2023"
"8934","Russia","Soviet Union","122mm 9P138 Grad-1","captured","https://twitter.com/UAWeapons/status/1589961984120098816","2023-11-16",224,8088,3,"7-22480883","11/16/2023"
"8935","Russia","Russia","122mm 2B26 Grad-K","destroyed","https://i.postimg.cc/MHhd0QYm/1009-grad-k-destr-17-02-23.jpg","2023-11-16",225,8089,1,"7-22580891","11/16/2023"
"8936","Russia","Russia","122mm 2B26 Grad-K","destroyed","https://twitter.com/UAWeapons/status/1676959138709131265","2023-11-16",225,8090,1,"7-22580901","11/16/2023"
"8937","Russia","Russia","122mm 2B26 Grad-K","destroyed","https://twitter.com/UAWeapons/status/1706309334945198167","2023-11-16",225,8091,1,"7-22580911","11/16/2023"
"8938","Russia","Russia","122mm 2B26 Grad-K","damaged","https://i.postimg.cc/NMcCvL2r/1001-2-B26-Grad-K-dam-30-04-23.jpg","2023-11-16",225,8092,2,"7-22580922","11/16/2023"
"8939","Russia","Russia","19 122mm 2B17 Tornado-G","destroyed","https://i.postimg.cc/fbsfnMYf/bb3.jpg","2023-11-16",226,8093,1,"7-22680931","11/16/2023"
"8940","Russia","Russia","19 122mm 2B17 Tornado-G","destroyed","https://i.postimg.cc/QCX5wrz5/54.jpg","2023-11-16",226,8094,1,"7-22680941","11/16/2023"
"8941","Russia","Russia","19 122mm 2B17 Tornado-G","destroyed","https://i.postimg.cc/brqkfSBj/4311.png","2023-11-16",226,8095,1,"7-22680951","11/16/2023"
"8942","Russia","Russia","19 122mm 2B17 Tornado-G","destroyed","https://i.postimg.cc/QdD7jsxs/1013-Tornado-G-destr.jpg","2023-11-16",226,8096,1,"7-22680961","11/16/2023"
"8943","Russia","Russia","19 122mm 2B17 Tornado-G","destroyed","https://i.postimg.cc/7ZPjLvy9/1010-bm21-grad-destr.jpg","2023-11-16",226,8097,1,"7-22680971","11/16/2023"
"8944","Russia","Russia","19 122mm 2B17 Tornado-G","destroyed","https://twitter.com/UAWeapons/status/1656923803677499393","2023-11-16",226,8098,1,"7-22680981","11/16/2023"
"8945","Russia","Russia","19 122mm 2B17 Tornado-G","destroyed","https://i.postimg.cc/vmkTRrDF/1004-Tornado-G-destr-xx-xx-22.jpg","2023-11-16",226,8099,1,"7-22680991","11/16/2023"
"8946","Russia","Russia","19 122mm 2B17 Tornado-G","destroyed","https://i.postimg.cc/WbvzRdtT/1031-tornado-g-destr-31-12-22.jpg","2023-11-16",226,8100,1,"7-22681001","11/16/2023"
"8947","Russia","Russia","19 122mm 2B17 Tornado-G","destroyed","https://i.postimg.cc/6QPdRDZh/3279.png","2023-11-16",226,8101,1,"7-22681011","11/16/2023"
"8948","Russia","Russia","19 122mm 2B17 Tornado-G","damaged","https://i.postimg.cc/RCcF8nBy/1015-Tornado-G-dam-03-07-23.jpg","2023-11-16",226,8102,2,"7-22681022","11/16/2023"
"8949","Russia","Russia","19 122mm 2B17 Tornado-G","damaged","https://i.postimg.cc/bN1xJrDj/1038-Tornado-G-dam-14-10-23.jpg","2023-11-16",226,8103,2,"7-22681032","11/16/2023"
"8950","Russia","Russia","19 122mm 2B17 Tornado-G","captured","https://i.postimg.cc/HxCqbSVV/38.png","2023-11-16",226,8104,3,"7-22681043","11/16/2023"
"8951","Russia","Russia","19 122mm 2B17 Tornado-G","captured","https://i.postimg.cc/nhS7s5SG/76.jpg","2023-11-16",226,8105,3,"7-22681053","11/16/2023"
"8952","Russia","Russia","19 122mm 2B17 Tornado-G","captured","https://i.postimg.cc/GpHTZxy2/1098-grad.png","2023-11-16",226,8106,3,"7-22681063","11/16/2023"
"8953","Russia","Russia","19 122mm 2B17 Tornado-G","captured","https://twitter.com/UAWeapons/status/1568899249688952833","2023-11-16",226,6200,3,"7-22662003","11/16/2023"
"8954","Russia","Russia","19 122mm 2B17 Tornado-G","captured","https://twitter.com/UAWeapons/status/1569347140035518466","2023-11-16",226,8075,3,"7-22680753","11/16/2023"
"8955","Russia","Russia","19 122mm 2B17 Tornado-G","captured","https://i.postimg.cc/NfSf99dr/1012-Tornado-G-destr.jpg","2023-11-16",226,8107,3,"7-22681073","11/16/2023"
"8956","Russia","Russia","19 122mm 2B17 Tornado-G","damaged","https://i.postimg.cc/KvhG6nKh/1003-bm21-grad-dam-capt.jpg","2023-11-16",226,8108,2,"7-22681082","11/16/2023"
"8957","Russia","Russia","19 122mm 2B17 Tornado-G","captured","https://i.postimg.cc/KvhG6nKh/1003-bm21-grad-dam-capt.jpg","2023-11-16",226,8108,3,"7-22681083","11/16/2023"
"8958","Russia","Russia","19 122mm 2B17 Tornado-G","damaged","https://i.postimg.cc/y85J3WwK/234.jpg","2023-11-16",226,8109,2,"7-22681092","11/16/2023"
"8959","Russia","Russia","19 122mm 2B17 Tornado-G","captured","https://i.postimg.cc/y85J3WwK/234.jpg","2023-11-16",226,8109,3,"7-22681093","11/16/2023"
"8960","Russia","Russia","MT-LB with 140mm Ogon-18 MRLS","destroyed","https://i.postimg.cc/Gpscbx1J/4370.png","2023-11-16",227,8110,1,"7-22781101","11/16/2023"
"8961","Russia","Russia","MT-LB with 140mm Ogon-18 MRLS","damaged","https://i.postimg.cc/KYP8v3vF/1062-mtlb-with-ogon-mrls-dam-01-10-23.jpg","2023-11-16",227,8111,2,"7-22781112","11/16/2023"
"8962","Russia","Russia","220mm TOS-1A","destroyed","https://twitter.com/UAWeapons/status/1569229459240230914","2023-11-16",228,8112,1,"7-22881121","11/16/2023"
"8963","Russia","Russia","220mm TOS-1A","destroyed","https://twitter.com/UAWeapons/status/1667240959396945944","2023-11-16",228,8113,1,"7-22881131","11/16/2023"
"8964","Russia","Russia","220mm TOS-1A","destroyed","https://twitter.com/UAWeapons/status/1684474103544049666","2023-11-16",228,8114,1,"7-22881141","11/16/2023"
"8965","Russia","Russia","220mm TOS-1A","destroyed","https://twitter.com/UAWeapons/status/1698077451736216005","2023-11-16",228,8115,1,"7-22881151","11/16/2023"
"8966","Russia","Russia","220mm TOS-1A","destroyed","https://twitter.com/UAWeapons/status/1710599465147445640","2023-11-16",228,8116,1,"7-22881161","11/16/2023"
"8967","Russia","Russia","220mm TOS-1A","destroyed","https://twitter.com/UAWeapons/status/1712833240283627642","2023-11-16",228,8117,1,"7-22881171","11/16/2023"
"8968","Russia","Russia","220mm TOS-1A","destroyed","https://i.postimg.cc/4xtWVf3M/1016-tos1-destr-20-10-23.jpg","2023-11-16",228,8118,1,"7-22881181","11/16/2023"
"8969","Russia","Russia","220mm TOS-1A","destroyed","https://twitter.com/bayraktar_1love/status/1719006047929544826","2023-11-16",228,8119,1,"7-22881191","11/16/2023"
"8970","Russia","Russia","220mm TOS-1A","damaged","https://twitter.com/UAWeapons/status/1633514509879975941","2023-11-16",228,8120,2,"7-22881202","11/16/2023"
"8971","Russia","Russia","220mm TOS-1A","damaged","https://i.postimg.cc/BbybtzsD/4311.png","2023-11-16",228,8121,2,"7-22881212","11/16/2023"
"8972","Russia","Russia","220mm TOS-1A","captured","https://i.postimg.cc/BbybtzsD/4311.png","2023-11-16",228,8121,3,"7-22881213","11/16/2023"
"8973","Russia","Russia","220mm TOS-1A","damaged","https://i.postimg.cc/C5BcPB1R/54f.png","2023-11-16",228,8122,2,"7-22881222","11/16/2023"
"8974","Russia","Russia","220mm TOS-1A","captured","https://i.postimg.cc/C5BcPB1R/54f.png","2023-11-16",228,8122,3,"7-22881223","11/16/2023"
"8975","Russia","Russia","220mm TOS-1A","captured","https://i.postimg.cc/dtj7Fs6v/5g5.png","2023-11-16",228,8123,3,"7-22881233","11/16/2023"
"8976","Russia","Soviet Union","220mm BM-27 Uragan","destroyed","https://i.postimg.cc/Lsr4xKW8/d43.png","2023-11-16",229,8124,1,"7-22981241","11/16/2023"
"8977","Russia","Soviet Union","220mm BM-27 Uragan","destroyed","https://i.postimg.cc/X7n4pd2j/d33.jpg","2023-11-16",229,8125,1,"7-22981251","11/16/2023"
"8978","Russia","Soviet Union","220mm BM-27 Uragan","destroyed","https://twitter.com/naalsio26/status/1611968517754191872","2023-11-16",229,8126,1,"7-22981261","11/16/2023"
"8979","Russia","Soviet Union","220mm BM-27 Uragan","destroyed","https://i.postimg.cc/y6psW8sR/666.jpg","2023-11-16",229,8127,1,"7-22981271","11/16/2023"
"8980","Russia","Soviet Union","220mm BM-27 Uragan","destroyed","https://twitter.com/UAWeapons/status/1520042517382766592","2023-11-16",229,7076,1,"7-22970761","11/16/2023"
"8981","Russia","Soviet Union","220mm BM-27 Uragan","destroyed","https://twitter.com/UAWeapons/status/1536421907679129600","2023-11-16",229,8128,1,"7-22981281","11/16/2023"
"8982","Russia","Soviet Union","220mm BM-27 Uragan","destroyed","https://i.postimg.cc/RZ8dNxg6/1503-bm27-10.jpg","2023-11-16",229,8129,1,"7-22981291","11/16/2023"
"8983","Russia","Soviet Union","220mm BM-27 Uragan","destroyed","https://i.postimg.cc/02kc4f6Q/1500-bm27.jpg","2023-11-16",229,8130,1,"7-22981301","11/16/2023"
"8984","Russia","Soviet Union","220mm BM-27 Uragan","destroyed","https://twitter.com/UAWeapons/status/1544042293442875392","2023-11-16",229,7081,1,"7-22970811","11/16/2023"
"8985","Russia","Soviet Union","220mm BM-27 Uragan","destroyed","https://twitter.com/UAWeapons/status/1619655737734754316","2023-11-16",229,8131,1,"7-22981311","11/16/2023"
"8986","Russia","Soviet Union","220mm BM-27 Uragan","destroyed","https://twitter.com/UAWeapons/status/1547272287501574144","2023-11-16",229,8132,1,"7-22981321","11/16/2023"
"8987","Russia","Soviet Union","220mm BM-27 Uragan","destroyed","https://i.postimg.cc/J7NYy6Nq/1027.jpg","2023-11-16",229,8133,1,"7-22981331","11/16/2023"
"8988","Russia","Soviet Union","220mm BM-27 Uragan","captured","https://i.postimg.cc/zGyV3M9z/1.png","2023-11-16",229,8134,3,"7-22981343","11/16/2023"
"8989","Russia","Soviet Union","220mm BM-27 Uragan","destroyed","https://i.postimg.cc/zGyV3M9z/1.png","2023-11-16",229,8134,1,"7-22981341","11/16/2023"
"8990","Russia","Soviet Union","220mm BM-27 Uragan","captured","https://i.postimg.cc/jSrgynrd/976.png","2023-11-16",229,8135,3,"7-22981353","11/16/2023"
"8991","Russia","Soviet Union","220mm BM-27 Uragan","destroyed","https://i.postimg.cc/jSrgynrd/976.png","2023-11-16",229,8135,1,"7-22981351","11/16/2023"
"8992","Russia","Soviet Union","220mm BM-27 Uragan","destroyed","https://twitter.com/UAWeapons/status/1558384123902828544","2023-11-16",229,8136,1,"7-22981361","11/16/2023"
"8993","Russia","Soviet Union","220mm BM-27 Uragan","destroyed","https://i.postimg.cc/pTFcphjf/1000-bm27-uragan.jpg","2023-11-16",229,8137,1,"7-22981371","11/16/2023"
"8994","Russia","Soviet Union","220mm BM-27 Uragan","destroyed","https://i.postimg.cc/MTzcdTLY/1168-BM-27.jpg","2023-11-16",229,8138,1,"7-22981381","11/16/2023"
"8995","Russia","Soviet Union","220mm BM-27 Uragan","destroyed","https://twitter.com/UAWeapons/status/1575041804738523137","2023-11-16",229,8139,1,"7-22981391","11/16/2023"
"8996","Russia","Soviet Union","220mm BM-27 Uragan","destroyed","https://twitter.com/UAWeapons/status/1578078539152334848","2023-11-16",229,8140,1,"7-22981401","11/16/2023"
"8997","Russia","Soviet Union","220mm BM-27 Uragan","destroyed","https://twitter.com/UAWeapons/status/1577963416739880960","2023-11-16",229,7085,1,"7-22970851","11/16/2023"
"8998","Russia","Soviet Union","220mm BM-27 Uragan","destroyed","https://twitter.com/UAWeapons/status/1579522577021964288","2023-11-16",229,7957,1,"7-22979571","11/16/2023"
"8999","Russia","Soviet Union","220mm BM-27 Uragan","destroyed","https://i.postimg.cc/brFyS6fV/1044-bm27-destr.jpg","2023-11-16",229,8141,1,"7-22981411","11/16/2023"
"9000","Russia","Soviet Union","220mm BM-27 Uragan","destroyed","https://i.postimg.cc/Z5Nb0F7j/1045-bm27-destr.jpg","2023-11-16",229,8142,1,"7-22981421","11/16/2023"
"9001","Russia","Soviet Union","220mm BM-27 Uragan","destroyed","https://twitter.com/UAWeapons/status/1580889045235744769","2023-11-16",229,8143,1,"7-22981431","11/16/2023"
"9002","Russia","Soviet Union","220mm BM-27 Uragan","destroyed","https://i.postimg.cc/L573bQ1q/1011-bm27-destr.jpg","2023-11-16",229,8144,1,"7-22981441","11/16/2023"
"9003","Russia","Soviet Union","220mm BM-27 Uragan","destroyed","https://twitter.com/UAWeapons/status/1583435517529841665","2023-11-16",229,7102,1,"7-22971021","11/16/2023"
"9004","Russia","Soviet Union","220mm BM-27 Uragan","destroyed","https://twitter.com/UAWeapons/status/1584498062705061889","2023-11-16",229,7072,1,"7-22970721","11/16/2023"
"9005","Russia","Soviet Union","220mm BM-27 Uragan","destroyed","https://i.postimg.cc/ydGfBN0c/1000-bm27-destr.jpg","2023-11-16",229,8145,1,"7-22981451","11/16/2023"
"9006","Russia","Soviet Union","220mm BM-27 Uragan","destroyed","https://twitter.com/UAWeapons/status/1596483166679621632","2023-11-16",229,7088,1,"7-22970881","11/16/2023"
"9007","Russia","Soviet Union","220mm BM-27 Uragan","destroyed","https://i.postimg.cc/rpw4J38S/4f3.png","2023-11-16",229,8146,1,"7-22981461","11/16/2023"
"9008","Russia","Soviet Union","220mm BM-27 Uragan","destroyed","https://twitter.com/UAWeapons/status/1624468330743574528","2023-11-16",229,8147,1,"7-22981471","11/16/2023"
"9009","Russia","Soviet Union","220mm BM-27 Uragan","destroyed","https://i.postimg.cc/jjPB7PQr/1010-bm27-destr-21-02-23.jpg","2023-11-16",229,8148,1,"7-22981481","11/16/2023"
"9010","Russia","Soviet Union","220mm BM-27 Uragan","destroyed","https://twitter.com/UAWeapons/status/1636337032489234435","2023-11-16",229,8149,1,"7-22981491","11/16/2023"
"9011","Russia","Soviet Union","220mm BM-27 Uragan","destroyed","https://i.postimg.cc/dVmJzk2Z/1030-Uragan-MLRS-destr-20-03-23.jpg","2023-11-16",229,8150,1,"7-22981501","11/16/2023"
"9012","Russia","Soviet Union","220mm BM-27 Uragan","destroyed","https://i.postimg.cc/SQYBwf0S/1003-bm27-destr-24-04-23.jpg","2023-11-16",229,8151,1,"7-22981511","11/16/2023"
"9013","Russia","Soviet Union","220mm BM-27 Uragan","destroyed","https://i.postimg.cc/jdVpKnKz/1004-bm27-destr-24-04-23.jpg","2023-11-16",229,8152,1,"7-22981521","11/16/2023"
"9014","Russia","Soviet Union","220mm BM-27 Uragan","destroyed","https://twitter.com/naalsio26/status/1657852654737842176","2023-11-16",229,2509,1,"7-22925091","11/16/2023"
"9015","Russia","Soviet Union","220mm BM-27 Uragan","destroyed","https://i.postimg.cc/85z7Jffz/1002-bm27-destr-15-06-23.jpg","2023-11-16",229,8153,1,"7-22981531","11/16/2023"
"9016","Russia","Soviet Union","220mm BM-27 Uragan","destroyed","https://i.postimg.cc/VvBkb2gm/1003-bm27-destr-02-07-23.jpg","2023-11-16",229,8154,1,"7-22981541","11/16/2023"
"9017","Russia","Soviet Union","220mm BM-27 Uragan","destroyed","https://twitter.com/UAWeapons/status/1677640985021497344","2023-11-16",229,8155,1,"7-22981551","11/16/2023"
"9018","Russia","Soviet Union","220mm BM-27 Uragan","destroyed","https://twitter.com/UAWeapons/status/1679582824737783809","2023-11-16",229,8082,1,"7-22980821","11/16/2023"
"9019","Russia","Soviet Union","220mm BM-27 Uragan","destroyed","https://i.postimg.cc/TwM7YKgd/1012-BM-27-Uragan-destr-20-07-23.jpg","2023-11-16",229,8156,1,"7-22981561","11/16/2023"
"9020","Russia","Soviet Union","220mm BM-27 Uragan","destroyed","https://i.postimg.cc/dVMCqPYT/1000-MT-LBu-and-BM-27-Uragan-destr-26-07-23.jpg","2023-11-16",229,3004,1,"7-22930041","11/16/2023"
"9021","Russia","Soviet Union","220mm BM-27 Uragan","destroyed","https://i.postimg.cc/tRsWGSHn/1011-BM-27-Uragan-destr-01-08-23.jpg","2023-11-16",229,8157,1,"7-22981571","11/16/2023"
"9022","Russia","Soviet Union","220mm BM-27 Uragan","destroyed","https://i.postimg.cc/KjFgWtSF/1009-bm27-destr-26-08-23.jpg","2023-11-16",229,8158,1,"7-22981581","11/16/2023"
"9023","Russia","Soviet Union","220mm BM-27 Uragan","destroyed","https://i.postimg.cc/bYBsG7zG/490.png","2023-11-16",229,8159,1,"7-22981591","11/16/2023"
"9024","Russia","Soviet Union","220mm BM-27 Uragan","destroyed","https://twitter.com/UAWeapons/status/1707667329432125517","2023-11-16",229,8024,1,"7-22980241","11/16/2023"
"9025","Russia","Soviet Union","220mm BM-27 Uragan","destroyed","https://i.postimg.cc/d1nj1DS1/1024-bm27-destr-06-10-23.jpg","2023-11-16",229,8160,1,"7-22981601","11/16/2023"
"9026","Russia","Soviet Union","220mm BM-27 Uragan","destroyed","https://i.postimg.cc/ZnMP82mz/1025-bm27-destr-07-05-23.jpg","2023-11-16",229,8161,1,"7-22981611","11/16/2023"
"9027","Russia","Soviet Union","220mm BM-27 Uragan","destroyed","https://i.postimg.cc/XNhZw2kf/1007-BM-27-destr-28-02-23.jpg","2023-11-16",229,8162,1,"7-22981621","11/16/2023"
"9028","Russia","Soviet Union","220mm BM-27 Uragan","destroyed","https://twitter.com/bayraktar_1love/status/1713546996118655013","2023-11-16",229,8163,1,"7-22981631","11/16/2023"
"9029","Russia","Soviet Union","220mm BM-27 Uragan","destroyed","https://i.postimg.cc/Twpf2WHT/1034-bm27-destr-15-10-23.jpg","2023-11-16",229,8164,1,"7-22981641","11/16/2023"
"9030","Russia","Soviet Union","220mm BM-27 Uragan","damaged","https://i.postimg.cc/6qTQDVp0/1027-bm27-dam-16-06-23.jpg","2023-11-16",229,8165,2,"7-22981652","11/16/2023"
"9031","Russia","Soviet Union","220mm BM-27 Uragan","captured","https://i.postimg.cc/5yfjXY31/77690.png","2023-11-16",229,8166,3,"7-22981663","11/16/2023"
"9032","Russia","Soviet Union","220mm BM-27 Uragan","captured","https://i.postimg.cc/Kvw2qHzv/1003-bm27-capt.png","2023-11-16",229,8167,3,"7-22981673","11/16/2023"
"9033","Russia","Soviet Union","220mm BM-27 Uragan","captured","https://twitter.com/UAWeapons/status/1578006506087190528","2023-11-16",229,8168,3,"7-22981683","11/16/2023"
"9034","Russia","Soviet Union","220mm BM-27 Uragan","captured","https://twitter.com/UAWeapons/status/1577988171459166208","2023-11-16",229,8169,3,"7-22981693","11/16/2023"
"9035","Russia","Soviet Union","220mm BM-27 Uragan","captured","https://twitter.com/UAWeapons/status/1578400346359169024","2023-11-16",229,5244,3,"7-22952443","11/16/2023"
"9036","Russia","Soviet Union","220mm BM-27 Uragan","captured","https://i.postimg.cc/fy2GWHvf/1004-bm27-capt.jpg","2023-11-16",229,8170,3,"7-22981703","11/16/2023"
"9037","Russia","Soviet Union","300mm BM-30 Smerch","destroyed","https://twitter.com/UAWeapons/status/1577610076399058945","2023-11-16",230,8171,1,"7-23081711","11/16/2023"
"9038","Russia","Soviet Union","300mm BM-30 Smerch","destroyed","https://twitter.com/naalsio26/status/1704257527788020108","2023-11-16",230,8172,1,"7-23081721","11/16/2023"
"9039","Russia","Russia","2 Unknown MRL","destroyed","https://twitter.com/UAWeapons/status/1533131912423800832","2023-11-16",231,8173,1,"7-23181731","11/16/2023"
"9040","Russia","Russia","2 Unknown MRL","destroyed","https://i.postimg.cc/XJWFmZM7/1036-unkn-MRLS.jpg","2023-11-16",231,8174,1,"7-23181741","11/16/2023"
"9041","Russia","Soviet Union","18 23mm ZU-23-2","destroyed","https://i.postimg.cc/Y24jwX90/s2.png","2023-11-16",232,8175,1,"7-23281751","11/16/2023"
"9042","Russia","Soviet Union","18 23mm ZU-23-2","destroyed","https://i.postimg.cc/MKgzsYwB/366.png","2023-11-16",232,8176,1,"7-23281761","11/16/2023"
"9043","Russia","Soviet Union","18 23mm ZU-23-2","destroyed","https://twitter.com/UAWeapons/status/1578364181765509120","2023-11-16",232,2745,1,"7-23227451","11/16/2023"
"9044","Russia","Soviet Union","18 23mm ZU-23-2","destroyed","https://i.postimg.cc/8z0TpBVq/1064-zu23-2-destr-21-08-23.jpg","2023-11-16",232,8177,1,"7-23281771","11/16/2023"
"9045","Russia","Soviet Union","18 23mm ZU-23-2","captured","https://i.postimg.cc/rwZrBrTp/4fh.png","2023-11-16",232,8178,3,"7-23281783","11/16/2023"
"9046","Russia","Soviet Union","18 23mm ZU-23-2","captured","https://i.postimg.cc/t4z6JH5f/3d14.png","2023-11-16",232,8179,3,"7-23281793","11/16/2023"
"9047","Russia","Soviet Union","18 23mm ZU-23-2","captured","https://i.postimg.cc/sD02YXhJ/42.png","2023-11-16",232,8180,3,"7-23281803","11/16/2023"
"9048","Russia","Soviet Union","18 23mm ZU-23-2","captured","https://i.postimg.cc/5t4w0KxM/467.png","2023-11-16",232,8181,3,"7-23281813","11/16/2023"
"9049","Russia","Soviet Union","18 23mm ZU-23-2","captured","https://twitter.com/UAWeapons/status/1529865401072590848","2023-11-16",232,2665,3,"7-23226653","11/16/2023"
"9050","Russia","Soviet Union","18 23mm ZU-23-2","captured","https://i.postimg.cc/Nfrp5ZsT/1030-zu23-2.jpg","2023-11-16",232,8182,3,"7-23281823","11/16/2023"
"9051","Russia","Soviet Union","18 23mm ZU-23-2","damaged","https://twitter.com/UAWeapons/status/1567822704601858048","2023-11-16",232,8183,2,"7-23281832","11/16/2023"
"9052","Russia","Soviet Union","18 23mm ZU-23-2","captured","https://twitter.com/UAWeapons/status/1567822704601858048","2023-11-16",232,8183,3,"7-23281833","11/16/2023"
"9053","Russia","Soviet Union","18 23mm ZU-23-2","captured","https://twitter.com/UAWeapons/status/1570342741913268225","2023-11-16",232,2719,3,"7-23227193","11/16/2023"
"9054","Russia","Soviet Union","18 23mm ZU-23-2","captured","https://twitter.com/UAWeapons/status/1574384853252018183","2023-11-16",232,2741,3,"7-23227413","11/16/2023"
"9055","Russia","Soviet Union","18 23mm ZU-23-2","captured","https://twitter.com/UAWeapons/status/1577191476001271808","2023-11-16",232,8184,3,"7-23281843","11/16/2023"
"9056","Russia","Soviet Union","18 23mm ZU-23-2","captured","https://twitter.com/UAWeapons/status/1577254750529036288","2023-11-16",232,5977,3,"7-23259773","11/16/2023"
"9057","Russia","Soviet Union","18 23mm ZU-23-2","captured","https://i.postimg.cc/9fFYwdpw/ZU-23-2-captured.png","2023-11-16",232,8185,3,"7-23281853","11/16/2023"
"9058","Russia","Soviet Union","18 23mm ZU-23-2","captured","https://i.postimg.cc/4dfGF8DN/1010-ZU-23-2-capt.jpg","2023-11-16",232,8186,3,"7-23281863","11/16/2023"
"9059","Russia","Soviet Union","18 23mm ZU-23-2","captured","https://i.postimg.cc/VkF2wKgy/1021-zu-23-2-capt-16-02-23.jpg","2023-11-16",232,8187,3,"7-23281873","11/16/2023"
"9060","Russia","Soviet Union","2 57mm AZP S-60","destroyed","https://i.postimg.cc/Gt778928/754.png","2023-11-16",233,8188,1,"7-23381881","11/16/2023"
"9061","Russia","Soviet Union","2 57mm AZP S-60","destroyed","https://i.postimg.cc/W4X2wNLD/1021-Ural-4320-36-with-S-60-destr-11-11-23.jpg","2023-11-16",233,8189,1,"7-23381891","11/16/2023"
"9062","Russia","Soviet Union","BTR-ZD Skrezhet","destroyed","https://i.postimg.cc/TY6t3Wxm/587.jpg","2023-11-16",234,8190,1,"7-23481901","11/16/2023"
"9063","Russia","Soviet Union","BTR-ZD Skrezhet","captured","https://i.postimg.cc/5yGCVnLj/g42.jpg","2023-11-16",234,8191,3,"7-23481913","11/16/2023"
"9064","Russia","Soviet Union","BTR-ZD Skrezhet","captured","https://i.postimg.cc/JzKW9PP2/776.jpg","2023-11-16",234,8192,3,"7-23481923","11/16/2023"
"9065","Russia","Soviet Union","ZSU-23-4 Shilka","destroyed","https://twitter.com/UAWeapons/status/1561728714936909827","2023-11-16",235,8193,1,"7-23581931","11/16/2023"
"9066","Russia","Soviet Union","ZSU-23-4 Shilka","destroyed","https://i.postimg.cc/v8k7k5vV/47k.png","2023-11-16",235,8194,1,"7-23581941","11/16/2023"
"9067","Russia","Soviet Union","ZSU-23-4 Shilka","abandoned","https://twitter.com/UAWeapons/status/1557038602185576454","2023-11-16",235,8195,4,"7-23581954","11/16/2023"
"9068","Russia","Soviet Union","ZSU-23-4 Shilka","damaged","https://i.postimg.cc/Y0chPZXk/43.jpg","2023-11-16",235,8196,2,"7-23581962","11/16/2023"
"9069","Russia","Soviet Union","ZSU-23-4 Shilka","captured","https://i.postimg.cc/Y0chPZXk/43.jpg","2023-11-16",235,8196,3,"7-23581963","11/16/2023"
"9070","Russia","Soviet Union","ZSU-23-4 Shilka","captured","https://i.postimg.cc/qBFHTdhw/767.jpg","2023-11-16",235,8197,3,"7-23581973","11/16/2023"
"9071","Russia","Soviet Union","ZSU-23-4 Shilka","captured","https://i.postimg.cc/pTWpqJSL/898.jpg","2023-11-16",235,8198,3,"7-23581983","11/16/2023"
"9072","Russia","Soviet Union","ZSU-23-4 Shilka","captured","https://twitter.com/UAWeapons/status/1568353478149292032","2023-11-16",235,8199,3,"7-23581993","11/16/2023"
"9073","Russia","Soviet Union","ZSU-23-4 Shilka","captured","https://i.postimg.cc/P56KnDN3/1001-zsu23-4-shilka-capt.jpg","2023-11-16",235,8200,3,"7-23582003","11/16/2023"
"9074","Russia","Russia","14 2K22M1 Tunguska","destroyed","https://twitter.com/UAWeapons/status/1553713673180413952","2023-11-16",236,8201,1,"7-23682011","11/16/2023"
"9075","Russia","Russia","14 2K22M1 Tunguska","abandoned","https://i.postimg.cc/BZ7r1kkf/3d2.png","2023-11-16",236,8202,4,"7-23682024","11/16/2023"
"9076","Russia","Russia","14 2K22M1 Tunguska","destroyed","https://i.postimg.cc/BZ7r1kkf/3d2.png","2023-11-16",236,8202,1,"7-23682021","11/16/2023"
"9077","Russia","Russia","14 2K22M1 Tunguska","abandoned","https://i.postimg.cc/vTkPtPTr/668.png","2023-11-16",236,8203,4,"7-23682034","11/16/2023"
"9078","Russia","Russia","14 2K22M1 Tunguska","destroyed","https://i.postimg.cc/vTkPtPTr/668.png","2023-11-16",236,8203,1,"7-23682031","11/16/2023"
"9079","Russia","Russia","14 2K22M1 Tunguska","destroyed","https://i.postimg.cc/kGtr2xXt/33s.jpg","2023-11-16",236,8204,1,"7-23682041","11/16/2023"
"9080","Russia","Russia","14 2K22M1 Tunguska","destroyed","https://i.postimg.cc/gk8Yszvb/1001-tunguska.jpg","2023-11-16",236,8205,1,"7-23682051","11/16/2023"
"9081","Russia","Russia","14 2K22M1 Tunguska","destroyed","https://twitter.com/Poutsup/status/1587569313438998528","2023-11-16",236,8206,1,"7-23682061","11/16/2023"
"9082","Russia","Russia","14 2K22M1 Tunguska","destroyed","https://twitter.com/UAWeapons/status/1604590793733406721","2023-11-16",236,8207,1,"7-23682071","11/16/2023"
"9083","Russia","Russia","14 2K22M1 Tunguska","destroyed","https://i.postimg.cc/nzLT5w7P/1013-tunguska-destr-23-08-23.jpg","2023-11-16",236,8208,1,"7-23682081","11/16/2023"
"9084","Russia","Russia","14 2K22M1 Tunguska","damaged","https://i.postimg.cc/qRGVRh1f/1022-2-S6-Tunguska-dam-13-05-23.jpg","2023-11-16",236,8209,2,"7-23682092","11/16/2023"
"9085","Russia","Russia","14 2K22M1 Tunguska","damaged","https://i.postimg.cc/9MqLyHJZ/764.png","2023-11-16",236,8210,2,"7-23682102","11/16/2023"
"9086","Russia","Russia","14 2K22M1 Tunguska","abandoned","https://i.postimg.cc/9MqLyHJZ/764.png","2023-11-16",236,8210,4,"7-23682104","11/16/2023"
"9087","Russia","Russia","14 2K22M1 Tunguska","captured","https://twitter.com/UAWeapons/status/1568353478149292032","2023-11-16",236,8199,3,"7-23681993","11/16/2023"
"9088","Russia","Soviet Union","9K33 Osa","destroyed","https://i.postimg.cc/02qrVz7s/33f.png","2023-11-16",237,8211,1,"7-23782111","11/16/2023"
"9089","Russia","Soviet Union","9K33 Osa","destroyed","https://i.postimg.cc/9F6xPsMT/5547.png","2023-11-16",237,8212,1,"7-23782121","11/16/2023"
"9090","Russia","Soviet Union","9K33 Osa","destroyed","https://i.postimg.cc/5tBJDzYq/1030-osa-destr-31-12-22.png","2023-11-16",237,8213,1,"7-23782131","11/16/2023"
"9091","Russia","Soviet Union","9K33 Osa","destroyed","https://twitter.com/UAWeapons/status/1623347339309072390","2023-11-16",237,8214,1,"7-23782141","11/16/2023"
"9092","Russia","Soviet Union","9K33 Osa","destroyed","https://twitter.com/UAWeapons/status/1634127039119736835","2023-11-16",237,8215,1,"7-23782151","11/16/2023"
"9093","Russia","Soviet Union","9K33 Osa","destroyed","https://i.postimg.cc/j5kd52xj/1008-9-K33-Osa-destr-13-03-23.jpg","2023-11-16",237,8216,1,"7-23782161","11/16/2023"
"9094","Russia","Soviet Union","9K33 Osa","destroyed","https://twitter.com/bayraktar_1love/status/1691773353378410583","2023-11-16",237,8217,1,"7-23782171","11/16/2023"
"9095","Russia","Soviet Union","9K33 Osa","destroyed","https://twitter.com/UAWeapons/status/1704390770462015648","2023-11-16",237,8218,1,"7-23782181","11/16/2023"
"9096","Russia","Soviet Union","9K33 Osa","damaged","https://i.postimg.cc/d3V7sFsP/1013-9-K33-Osa-dam-03-05-23.jpg","2023-11-16",237,8219,2,"7-23782192","11/16/2023"
"9097","Russia","Soviet Union","9K33 Osa","damaged","https://i.postimg.cc/vTbjzZZK/1001-9-A33-BM-OSA-AKM-dam-27-04-23.jpg","2023-11-16",237,8220,2,"7-23782202","11/16/2023"
"9098","Russia","Soviet Union","9K33 Osa","damaged","https://i.postimg.cc/PxkdsRX3/438.png","2023-11-16",237,8221,2,"7-23782212","11/16/2023"
"9099","Russia","Soviet Union","9K33 Osa","abandoned","https://i.postimg.cc/PxkdsRX3/438.png","2023-11-16",237,8221,4,"7-23782214","11/16/2023"
"9100","Russia","Soviet Union","9K33 Osa","captured","https://i.postimg.cc/ncXNZ3Yr/zx3.png","2023-11-16",237,8222,3,"7-23782223","11/16/2023"
"9101","Russia","Soviet Union","9K33 Osa","captured","https://i.postimg.cc/pXQz9HB6/67.png","2023-11-16",237,8223,3,"7-23782233","11/16/2023"
"9102","Russia","Soviet Union","9K33 Osa","captured","https://i.postimg.cc/T2WFt83N/1002-9-K33-Osa-capt.jpg","2023-11-16",237,8224,3,"7-23782243","11/16/2023"
"9103","Russia","Soviet Union","9K33 Osa","captured","https://i.postimg.cc/3RKjWRVn/6657.png","2023-11-16",237,8225,3,"7-23782253","11/16/2023"
"9104","Russia","Soviet Union","9K35 Strela-10","destroyed","https://i.postimg.cc/d31w3KB2/5gg3.jpg","2023-11-16",238,8226,1,"7-23882261","11/16/2023"
"9105","Russia","Soviet Union","9K35 Strela-10","destroyed","https://i.postimg.cc/4Nr9T0c3/58.jpg","2023-11-16",238,8227,1,"7-23882271","11/16/2023"
"9106","Russia","Soviet Union","9K35 Strela-10","destroyed","https://i.postimg.cc/C1Sd0YRV/s1.png","2023-11-16",238,8228,1,"7-23882281","11/16/2023"
"9107","Russia","Soviet Union","9K35 Strela-10","destroyed","https://i.postimg.cc/K8d6TG1F/f6.jpg","2023-11-16",238,8229,1,"7-23882291","11/16/2023"
"9108","Russia","Soviet Union","9K35 Strela-10","destroyed","https://i.postimg.cc/4dqk8LZH/43ff.jpg","2023-11-16",238,8230,1,"7-23882301","11/16/2023"
"9109","Russia","Soviet Union","9K35 Strela-10","destroyed","https://i.postimg.cc/ZqkVxnhB/1023-strela10-destr.jpg","2023-11-16",238,8231,1,"7-23882311","11/16/2023"
"9110","Russia","Soviet Union","9K35 Strela-10","destroyed","https://i.postimg.cc/2ySTg89r/1022-strela-10-destr-05-01-23.jpg","2023-11-16",238,8232,1,"7-23882321","11/16/2023"
"9111","Russia","Soviet Union","9K35 Strela-10","destroyed","https://i.postimg.cc/KY3X0yyH/1010-9-A35-Strela-10-destr-16-06-22.jpg","2023-11-16",238,8233,1,"7-23882331","11/16/2023"
"9112","Russia","Soviet Union","9K35 Strela-10","destroyed","https://twitter.com/UAWeapons/status/1638510059100553221","2023-11-16",238,8234,1,"7-23882341","11/16/2023"
"9113","Russia","Soviet Union","9K35 Strela-10","destroyed","https://twitter.com/UAWeapons/status/1647716842373369856","2023-11-16",238,8235,1,"7-23882351","11/16/2023"
"9114","Russia","Soviet Union","9K35 Strela-10","destroyed","https://twitter.com/UAWeapons/status/1654822539959365632","2023-11-16",238,8236,1,"7-23882361","11/16/2023"
"9115","Russia","Soviet Union","9K35 Strela-10","destroyed","https://twitter.com/UAWeapons/status/1673086300247793665","2023-11-16",238,8237,1,"7-23882371","11/16/2023"
"9116","Russia","Soviet Union","9K35 Strela-10","destroyed","https://i.postimg.cc/CKfcLN9g/1015-strela10-destr-28-06-23.jpg","2023-11-16",238,8238,1,"7-23882381","11/16/2023"
"9117","Russia","Soviet Union","9K35 Strela-10","destroyed","https://i.postimg.cc/cJcqwY8y/1001-strela10-destr-02-07-23.jpg","2023-11-16",238,8239,1,"7-23882391","11/16/2023"
"9118","Russia","Soviet Union","9K35 Strela-10","destroyed","https://i.postimg.cc/FKL17wG1/1044-strela10-destr-19-07-23.jpg","2023-11-16",238,8240,1,"7-23882401","11/16/2023"
"9119","Russia","Soviet Union","9K35 Strela-10","destroyed","https://i.postimg.cc/SxsB3RfF/1036-strela10-destr-22-07-23.jpg","2023-11-16",238,8241,1,"7-23882411","11/16/2023"
"9120","Russia","Soviet Union","9K35 Strela-10","destroyed","https://i.postimg.cc/pTCjgNcP/1002-strela-destr-25-07-23.jpg","2023-11-16",238,8242,1,"7-23882421","11/16/2023"
"9121","Russia","Soviet Union","9K35 Strela-10","destroyed","https://twitter.com/UAWeapons/status/1685659533752872960","2023-11-16",238,8243,1,"7-23882431","11/16/2023"
"9122","Russia","Soviet Union","9K35 Strela-10","destroyed","https://twitter.com/bayraktar_1love/status/1691154377291988992","2023-11-16",238,8244,1,"7-23882441","11/16/2023"
"9123","Russia","Soviet Union","9K35 Strela-10","destroyed","https://i.postimg.cc/15Q7zzG9/1047-Strela10-destr-14-08-23.jpg","2023-11-16",238,8245,1,"7-23882451","11/16/2023"
"9124","Russia","Soviet Union","9K35 Strela-10","destroyed","https://twitter.com/UAWeapons/status/1701634213504496009","2023-11-16",238,8246,1,"7-23882461","11/16/2023"
"9125","Russia","Soviet Union","9K35 Strela-10","destroyed","https://i.postimg.cc/SNDKGpbn/4383.png","2023-11-16",238,8247,1,"7-23882471","11/16/2023"
"9126","Russia","Soviet Union","9K35 Strela-10","destroyed","https://i.postimg.cc/QMkmrWqQ/875.png","2023-11-16",238,8248,1,"7-23882481","11/16/2023"
"9127","Russia","Soviet Union","9K35 Strela-10","destroyed","https://i.postimg.cc/RVS3T4V7/1010-strela10-destr-27-09-23.jpg","2023-11-16",238,8249,1,"7-23882491","11/16/2023"
"9128","Russia","Soviet Union","9K35 Strela-10","destroyed","https://i.postimg.cc/pLPqmSX0/1054-strela10-destr-27-10-23.jpg","2023-11-16",238,8250,1,"7-23882501","11/16/2023"
"9129","Russia","Soviet Union","9K35 Strela-10","damaged","https://i.postimg.cc/3RzBrgVL/1028-strela10-dam-15-07-23.jpg","2023-11-16",238,8251,2,"7-23882512","11/16/2023"
"9130","Russia","Soviet Union","9K35 Strela-10","damaged","https://i.postimg.cc/NMHG8Yqb/1015-strela10-dam-30-07-23.jpg","2023-11-16",238,8252,2,"7-23882522","11/16/2023"
"9131","Russia","Soviet Union","9K35 Strela-10","damaged","https://i.postimg.cc/2y5Yx1NF/24.png","2023-11-16",238,8253,2,"7-23882532","11/16/2023"
"9132","Russia","Soviet Union","9K35 Strela-10","abandoned","https://i.postimg.cc/rmQmjFmn/542.png","2023-11-16",238,8254,4,"7-23882544","11/16/2023"
"9133","Russia","Soviet Union","9K35 Strela-10","abandoned","https://i.postimg.cc/gcVRwKgk/v56.png","2023-11-16",238,8255,4,"7-23882554","11/16/2023"
"9134","Russia","Soviet Union","9K35 Strela-10","captured","https://i.postimg.cc/C5cvXW27/6656.png","2023-11-16",238,8256,3,"7-23882563","11/16/2023"
"9135","Russia","Soviet Union","9K35 Strela-10","captured","https://i.postimg.cc/v8c2krHH/38.png","2023-11-16",238,8257,3,"7-23882573","11/16/2023"
"9136","Russia","Soviet Union","9K35 Strela-10","captured","https://i.postimg.cc/3wsp6BLr/32y.jpg","2023-11-16",238,8258,3,"7-23882583","11/16/2023"
"9137","Russia","Soviet Union","9K35 Strela-10","captured","https://i.postimg.cc/ZnMFMX3R/1040-9-K35-Strela-10-capt.jpg","2023-11-16",238,8259,3,"7-23882593","11/16/2023"
"9138","Russia","Russia","14 9A310M1-2 TELAR (for Buk-M1-2)","destroyed","https://i.postimg.cc/7LmZpjbQ/3k.png","2023-11-16",239,8260,1,"7-23982601","11/16/2023"
"9139","Russia","Russia","14 9A310M1-2 TELAR (for Buk-M1-2)","destroyed","https://i.postimg.cc/rwWB8ZKp/3167.png","2023-11-16",239,8261,1,"7-23982611","11/16/2023"
"9140","Russia","Russia","14 9A310M1-2 TELAR (for Buk-M1-2)","destroyed","https://twitter.com/UAWeapons/status/1574861244590333959","2023-11-16",239,8262,1,"7-23982621","11/16/2023"
"9141","Russia","Russia","14 9A310M1-2 TELAR (for Buk-M1-2)","destroyed","https://twitter.com/UAWeapons/status/1645793181970337793","2023-11-16",239,8263,1,"7-23982631","11/16/2023"
"9142","Russia","Russia","14 9A310M1-2 TELAR (for Buk-M1-2)","destroyed","https://twitter.com/UAWeapons/status/1658448076271484929","2023-11-16",239,8264,1,"7-23982641","11/16/2023"
"9143","Russia","Russia","14 9A310M1-2 TELAR (for Buk-M1-2)","destroyed","https://twitter.com/UAWeapons/status/1665345553096400899","2023-11-16",239,8265,1,"7-23982651","11/16/2023"
"9144","Russia","Russia","14 9A310M1-2 TELAR (for Buk-M1-2)","destroyed","https://i.postimg.cc/gj3XFFD6/1003-Tor-M2-destr-11-06-23.jpg","2023-11-16",239,8266,1,"7-23982661","11/16/2023"
"9145","Russia","Russia","14 9A310M1-2 TELAR (for Buk-M1-2)","destroyed","https://i.postimg.cc/254hpgvd/1012-9-A310-M1-2-TELAR-for-Buk-M1-2-destr-12-07-23.jpg","2023-11-16",239,8267,1,"7-23982671","11/16/2023"
"9146","Russia","Russia","14 9A310M1-2 TELAR (for Buk-M1-2)","destroyed","https://i.postimg.cc/nh5CVn46/1022-9-A310-M1-2-destr-09-04-23.jpg","2023-11-16",239,8268,1,"7-23982681","11/16/2023"
"9147","Russia","Russia","14 9A310M1-2 TELAR (for Buk-M1-2)","destroyed","https://i.postimg.cc/9f9nH74S/1038-9-A310-M1-2-destr-19-07-23.png","2023-11-16",239,8269,1,"7-23982691","11/16/2023"
"9148","Russia","Russia","14 9A310M1-2 TELAR (for Buk-M1-2)","destroyed","https://i.postimg.cc/T1PbxkBg/1001-9-A310-M1-2-destr-25-07-23.jpg","2023-11-16",239,8270,1,"7-23982701","11/16/2023"
"9149","Russia","Russia","14 9A310M1-2 TELAR (for Buk-M1-2)","damaged","https://i.postimg.cc/DZXDG2k3/779.png","2023-11-16",239,8271,2,"7-23982712","11/16/2023"
"9150","Russia","Russia","14 9A310M1-2 TELAR (for Buk-M1-2)","damaged","https://i.postimg.cc/13gLvvv6/1031-9-A310-M1-2-dam-04-06-23.jpg","2023-11-16",239,8272,2,"7-23982722","11/16/2023"
"9151","Russia","Russia","14 9A310M1-2 TELAR (for Buk-M1-2)","damaged","https://i.postimg.cc/MG76ZRCY/1016-buk-dam-04-08-23.jpg","2023-11-16",239,8273,2,"7-23982732","11/16/2023"
"9152","Russia","Russia","9A39M1-2 TEL (for Buk-M1-2)","destroyed","https://i.postimg.cc/T1P7tLF4/3k.png","2023-11-16",240,8274,1,"7-24082741","11/16/2023"
"9153","Russia","Russia","9A39M1-2 TEL (for Buk-M1-2)","destroyed","https://i.postimg.cc/1zTTNk8q/43.png","2023-11-16",240,8275,1,"7-24082751","11/16/2023"
"9154","Russia","Russia","9A39M1-2 TEL (for Buk-M1-2)","destroyed","https://i.postimg.cc/gjyBQrNV/t3.jpg","2023-11-16",240,8276,1,"7-24082761","11/16/2023"
"9155","Russia","Russia","9A39M1-2 TEL (for Buk-M1-2)","destroyed","https://twitter.com/UAWeapons/status/1599031367571906561","2023-11-16",240,8277,1,"7-24082771","11/16/2023"
"9156","Russia","Russia","9A39M1-2 TEL (for Buk-M1-2)","destroyed","https://i.postimg.cc/N0ZGwCQW/1011-9-A39-M1-2-TEL-for-Buk-M1-2-destr-25-04-22.jpg","2023-11-16",240,8278,1,"7-24082781","11/16/2023"
"9157","Russia","Russia","9A317 TELAR (for Buk-M2)","destroyed","https://i.postimg.cc/02Xp3ZcM/1015.jpg","2023-11-16",241,8279,1,"7-24182791","11/16/2023"
"9158","Russia","Russia","9A317 TELAR (for Buk-M2)","destroyed","https://i.postimg.cc/44FRHhP5/456.png","2023-11-16",241,8280,1,"7-24182801","11/16/2023"
"9159","Russia","Russia","9A317 TELAR (for Buk-M2)","destroyed","https://i.postimg.cc/Ssmvwcc0/4378.png","2023-11-16",241,8281,1,"7-24182811","11/16/2023"
"9160","Russia","Russia","9A317 TELAR (for Buk-M2)","destroyed","https://i.postimg.cc/9FyFD1Sr/42d.png","2023-11-16",241,8282,1,"7-24182821","11/16/2023"
"9161","Russia","Russia","9A317 TELAR (for Buk-M2)","destroyed","https://twitter.com/UAWeapons/status/1566862026173038594","2023-11-16",241,8283,1,"7-24182831","11/16/2023"
"9162","Russia","Russia","9A317 TELAR (for Buk-M2)","destroyed","https://i.postimg.cc/G2wxRcvD/2022-04-07-9a317.jpg","2023-11-16",241,8284,1,"7-24182841","11/16/2023"
"9163","Russia","Russia","9A317 TELAR (for Buk-M2)","destroyed","https://i.postimg.cc/nzD9RjPx/4f6.png","2023-11-16",241,8285,1,"7-24182851","11/16/2023"
"9164","Russia","Russia","9A317 TELAR (for Buk-M2)","destroyed","https://twitter.com/UAWeapons/status/1634494232814665728","2023-11-16",241,8286,1,"7-24182861","11/16/2023"
"9165","Russia","Russia","9A317 TELAR (for Buk-M2)","destroyed","https://i.postimg.cc/vH4qwtb8/1008-buk-destr-24-07-23.jpg","2023-11-16",241,8287,1,"7-24182871","11/16/2023"
"9166","Russia","Russia","9A317 TELAR (for Buk-M2)","destroyed","https://i.postimg.cc/gjtLTb5C/6530.png","2023-11-16",241,8288,1,"7-24182881","11/16/2023"
"9167","Russia","Russia","9A317 TELAR (for Buk-M2)","damaged","https://i.postimg.cc/JnCgXRXL/1016-9-A317.jpg","2023-11-16",241,8289,2,"7-24182892","11/16/2023"
"9168","Russia","Russia","9A317 TELAR (for Buk-M2)","captured","https://i.postimg.cc/wx1tSZzy/48.jpg","2023-11-16",241,8290,3,"7-24182903","11/16/2023"
"9169","Russia","Russia","9A316 TEL (for Buk-M2)","destroyed","https://twitter.com/UAWeapons/status/1685581789169852416","2023-11-16",242,8291,1,"7-24282911","11/16/2023"
"9170","Russia","Russia","9A316 TEL (for Buk-M2)","destroyed","https://twitter.com/DefenceU/status/1703361403829285129","2023-11-16",242,8292,1,"7-24282921","11/16/2023"
"9171","Russia","Russia","9A316 TEL (for Buk-M2)","destroyed","https://i.postimg.cc/ydrT2hhS/1042-9-A316-Buk-M2-destr-07-11-23.jpg","2023-11-16",242,8293,1,"7-24282931","11/16/2023"
"9172","Russia","Russia","9A316 TEL (for Buk-M2)","captured","https://i.postimg.cc/cC3bYzgz/3d.jpg","2023-11-16",242,8294,3,"7-24282943","11/16/2023"
"9173","Russia","Russia","9A316 TEL (for Buk-M2)","captured","https://i.postimg.cc/yYtY083v/y5.jpg","2023-11-16",242,8295,3,"7-24282953","11/16/2023"
"9174","Russia","Russia","9A316 TEL (for Buk-M2)","captured","https://i.postimg.cc/4xw3DhHx/26.png","2023-11-16",242,8296,3,"7-24282963","11/16/2023"
"9175","Russia","Russia","Unknown Buk M1-2/M2/M3 TEL(AR)","destroyed","https://i.postimg.cc/sf0JFTHR/21d.jpg","2023-11-16",243,8297,1,"7-24382971","11/16/2023"
"9176","Russia","Russia","Unknown Buk M1-2/M2/M3 TEL(AR)","destroyed","https://i.postimg.cc/1tM362M2/668.jpg","2023-11-16",243,8298,1,"7-24382981","11/16/2023"
"9177","Russia","Russia","Unknown Buk M1-2/M2/M3 TEL(AR)","destroyed","https://i.postimg.cc/xTzzqrBh/5g3.jpg","2023-11-16",243,8299,1,"7-24382991","11/16/2023"
"9178","Russia","Russia","Unknown Buk M1-2/M2/M3 TEL(AR)","destroyed","https://i.postimg.cc/jqPsVdGC/1036-buk-destr-03-08-23.jpg","2023-11-16",243,8300,1,"7-24383001","11/16/2023"
"9179","Russia","Russia","Unknown Buk M1-2/M2/M3 TEL(AR)","destroyed","https://twitter.com/NOELreports/status/1687173104819163136","2023-11-16",243,8301,1,"7-24383011","11/16/2023"
"9180","Russia","Russia","Unknown Buk M1-2/M2/M3 TEL(AR)","destroyed","https://i.postimg.cc/T3zcQ43j/4377.png","2023-11-16",243,8302,1,"7-24383021","11/16/2023"
"9181","Russia","Russia","Unknown Buk M1-2/M2/M3 TEL(AR)","destroyed","https://i.postimg.cc/HsG5qygH/32651.png","2023-11-16",243,8303,1,"7-24383031","11/16/2023"
"9182","Russia","Russia","Unknown Buk M1-2/M2/M3 TEL(AR)","destroyed","https://i.postimg.cc/2S5pFRFQ/146.png","2023-11-16",243,8304,1,"7-24383041","11/16/2023"
"9183","Russia","Russia","Unknown Buk M1-2/M2/M3 TEL(AR)","destroyed","https://twitter.com/bayraktar_1love/status/1720542874108854650","2023-11-16",243,7891,1,"7-24378911","11/16/2023"
"9184","Russia","Russia","Unknown Buk M1-2/M2/M3 TEL(AR)","damaged","https://i.postimg.cc/XJdFqjft/544.png","2023-11-16",243,8305,2,"7-24383052","11/16/2023"
"9185","Russia","Russia","9A317M TELAR (for Buk-M3)","destroyed","https://twitter.com/DefenceU/status/1703361403829285129","2023-11-16",244,8292,1,"7-24482921","11/16/2023"
"9186","Russia","Russia","9A317M TELAR (for Buk-M3)","destroyed","https://i.postimg.cc/rwfn8D4W/2500.png","2023-11-16",244,8306,1,"7-24483061","11/16/2023"
"9187","Russia","Soviet Union","9A330 TLAR (for 9K330 Tor)","destroyed","https://twitter.com/RALee85/status/1581909524574633984","2023-11-16",245,8307,1,"7-24583071","11/16/2023"
"9188","Russia","Soviet Union","9A330 TLAR (for 9K330 Tor)","destroyed","https://i.postimg.cc/Z5q8RTwm/1315-9-A330-Tor-TLAR-destr-26-03-22.jpg","2023-11-16",245,8308,1,"7-24583081","11/16/2023"
"9189","Russia","Soviet Union","9A330 TLAR (for 9K330 Tor)","damaged","https://i.postimg.cc/pr4GN9Fz/1006-9-A330-Tor-TLAR-dam-09-06-23.jpg","2023-11-16",245,8309,2,"7-24583092","11/16/2023"
"9190","Russia","Soviet Union","9A330 TLAR (for 9K330 Tor)","damaged","https://i.postimg.cc/pXjn56rJ/1003-tor-dam-13-06-23.jpg","2023-11-16",245,8310,2,"7-24583102","11/16/2023"
"9191","Russia","Soviet Union","9A330 TLAR (for 9K330 Tor)","damaged","https://i.postimg.cc/1XzB0gjR/7j7.png","2023-11-16",245,8311,2,"7-24583112","11/16/2023"
"9192","Russia","Soviet Union","9A330 TLAR (for 9K330 Tor)","captured","https://i.postimg.cc/1XzB0gjR/7j7.png","2023-11-16",245,8311,3,"7-24583113","11/16/2023"
"9193","Russia","Soviet Union","9A330 TLAR (for 9K330 Tor)","damaged","https://i.postimg.cc/KvJ3w5Bp/g5.jpg","2023-11-16",245,8312,2,"7-24583122","11/16/2023"
"9194","Russia","Soviet Union","9A330 TLAR (for 9K330 Tor)","captured","https://i.postimg.cc/KvJ3w5Bp/g5.jpg","2023-11-16",245,8312,3,"7-24583123","11/16/2023"
"9195","Russia","Soviet Union","9A330 TLAR (for 9K330 Tor)","captured","https://i.postimg.cc/kg4xSgBn/470.png","2023-11-16",245,8313,3,"7-24583133","11/16/2023"
"9196","Russia","Soviet Union","9A330 TLAR (for 9K330 Tor)","captured","https://i.postimg.cc/tCmsLt4j/4f.png","2023-11-16",245,8314,3,"7-24583143","11/16/2023"
"9197","Russia","Soviet Union","9A330 TLAR (for 9K330 Tor)","captured","https://i.postimg.cc/8PS5zQYB/4310.png","2023-11-16",245,8315,3,"7-24583153","11/16/2023"
"9198","Russia","Soviet Union","9A330 TLAR (for 9K330 Tor)","damaged","https://i.postimg.cc/mgHPxQR3/5k.png","2023-11-16",245,8316,2,"7-24583162","11/16/2023"
"9199","Russia","Soviet Union","9A330 TLAR (for 9K330 Tor)","captured","https://i.postimg.cc/mgHPxQR3/5k.png","2023-11-16",245,8316,3,"7-24583163","11/16/2023"
"9200","Russia","Russia","9A331 TLAR (for 9K331 Tor-M1)","destroyed","https://postlmg.cc/PNZ3N6Xp","2023-11-16",246,8317,1,"7-24683171","11/16/2023"
"9201","Russia","Russia","9A331 TLAR (for 9K331 Tor-M1)","abandoned","https://i.postimg.cc/6pfMfZYj/f430.jpg","2023-11-16",246,8318,4,"7-24683184","11/16/2023"
"9202","Russia","Russia","9A331 TLAR (for 9K331 Tor-M1)","destroyed","https://i.postimg.cc/6pfMfZYj/f430.jpg","2023-11-16",246,8318,1,"7-24683181","11/16/2023"
"9203","Russia","Russia","9A331 TLAR (for 9K331 Tor-M1)","destroyed","https://twitter.com/UAWeapons/status/1580118004875939840","2023-11-16",246,8319,1,"7-24683191","11/16/2023"
"9204","Russia","Russia","9A331 TLAR (for 9K331 Tor-M1)","destroyed","https://i.postimg.cc/jq8mRDgK/28.png","2023-11-16",246,8320,1,"7-24683201","11/16/2023"
"9205","Russia","Russia","9A331 TLAR (for 9K331 Tor-M1)","destroyed","https://i.postimg.cc/pLGXsX4V/1014-9-A331-TLAR-for-9-K331-Tor-M1-destr-18-01-23.jpg","2023-11-16",246,8321,1,"7-24683211","11/16/2023"
"9206","Russia","Russia","9A331 TLAR (for 9K331 Tor-M1)","destroyed","https://i.postimg.cc/CLh2SSfB/1013-9-331-of-9-331-Tor-1-destr-03-08-23.jpg","2023-11-16",246,8322,1,"7-24683221","11/16/2023"
"9207","Russia","Russia","9A331 TLAR (for 9K331 Tor-M1)","destroyed","https://i.postimg.cc/dVRLcJP6/1016-SA15-destr-11-10-23.jpg","2023-11-16",246,8323,1,"7-24683231","11/16/2023"
"9208","Russia","Russia","9A331 TLAR (for 9K331 Tor-M1)","captured","https://i.postimg.cc/brZ2rDJN/3561.png","2023-11-16",246,8324,3,"7-24683243","11/16/2023"
"9209","Russia","Russia","9A331 TLAR (for 9K331 Tor-M1)","captured","https://twitter.com/UAWeapons/status/1568224082503802881","2023-11-16",246,8325,3,"7-24683253","11/16/2023"
"9210","Russia","Russia","9A331M TLAR (for 9K332 Tor-M2)","destroyed","https://i.postimg.cc/5tS4wn32/578.png","2023-11-16",247,8326,1,"7-24783261","11/16/2023"
"9211","Russia","Russia","9A331M TLAR (for 9K332 Tor-M2)","destroyed","https://i.postimg.cc/j58wCMNC/1010.jpg","2023-11-16",247,8327,1,"7-24783271","11/16/2023"
"9212","Russia","Russia","9A331M TLAR (for 9K332 Tor-M2)","destroyed","https://twitter.com/UAWeapons/status/1562552113535692800","2023-11-16",247,8328,1,"7-24783281","11/16/2023"
"9213","Russia","Russia","9A331M TLAR (for 9K332 Tor-M2)","destroyed","https://i.postimg.cc/FKLkHkg6/d8.png","2023-11-16",247,8329,1,"7-24783291","11/16/2023"
"9214","Russia","Russia","9A331M TLAR (for 9K332 Tor-M2)","destroyed","https://twitter.com/UAWeapons/status/1631646207155027969","2023-11-16",247,6964,1,"7-24769641","11/16/2023"
"9215","Russia","Russia","9A331M TLAR (for 9K332 Tor-M2)","destroyed","https://twitter.com/UAWeapons/status/1633866619293138946","2023-11-16",247,8330,1,"7-24783301","11/16/2023"
"9216","Russia","Russia","9A331M TLAR (for 9K332 Tor-M2)","destroyed","https://twitter.com/UAWeapons/status/1640639342279262208","2023-11-16",247,8331,1,"7-24783311","11/16/2023"
"9217","Russia","Russia","9A331M TLAR (for 9K332 Tor-M2)","destroyed","https://i.postimg.cc/c4PB6WcY/1017-tor-m2-destr-06-05-23.jpg","2023-11-16",247,8332,1,"7-24783321","11/16/2023"
"9218","Russia","Russia","9A331M TLAR (for 9K332 Tor-M2)","destroyed","https://twitter.com/UAWeapons/status/1679843262813679616","2023-11-16",247,8333,1,"7-24783331","11/16/2023"
"9219","Russia","Russia","9A331M TLAR (for 9K332 Tor-M2)","destroyed","https://i.postimg.cc/HspcH69m/1029-Tor-M2-destr-17-10-23.jpg","2023-11-16",247,8334,1,"7-24783341","11/16/2023"
"9220","Russia","Russia","9A331M TLAR (for 9K332 Tor-M2)","damaged","https://twitter.com/UAWeapons/status/1618200812018368513","2023-11-16",247,8335,2,"7-24783352","11/16/2023"
"9221","Russia","Russia","9A331M TLAR (for 9K332 Tor-M2)","damaged","https://i.postimg.cc/FzyBf4jg/1301-tor-m2-dam-11-02-23.jpg","2023-11-16",247,8336,2,"7-24783362","11/16/2023"
"9222","Russia","Russia","9A331M TLAR (for 9K332 Tor-M2)","damaged","https://i.postimg.cc/GmZZtqDQ/1009-tor-m2-dam-11-02-23.jpg","2023-11-16",247,8337,2,"7-24783372","11/16/2023"
"9223","Russia","Russia","9A331M TLAR (for 9K332 Tor-M2)","damaged","https://i.postimg.cc/gJZhvdV5/1020-tor-m2-dam-18-13-23.jpg","2023-11-16",247,8338,2,"7-24783382","11/16/2023"
"9224","Russia","Russia","9A331M TLAR (for 9K332 Tor-M2)","damaged","https://twitter.com/UAWeapons/status/1656730488092885018","2023-11-16",247,8339,2,"7-24783392","11/16/2023"
"9225","Russia","Russia","9A331M TLAR (for 9K332 Tor-M2)","damaged","https://i.postimg.cc/dQBCTnCh/1023-9-A331-M-TLAR-for-9-K332-Tor-M2-dam-14-06-23.jpg","2023-11-16",247,8340,2,"7-24783402","11/16/2023"
"9226","Russia","Russia","9A331M TLAR (for 9K332 Tor-M2)","damaged","https://i.postimg.cc/8Csz5MZ2/1011-9-331-dam-29-07-23.jpg","2023-11-16",247,8341,2,"7-24783412","11/16/2023"
"9227","Russia","Russia","9A331M TLAR (for 9K332 Tor-M2)","abandoned","https://i.postimg.cc/9XnwhNCn/1012.jpg","2023-11-16",247,8342,4,"7-24783424","11/16/2023"
"9228","Russia","Russia","9A331M TLAR (for 9K332 Tor-M2)","captured","https://i.postimg.cc/xqrr3rgR/97.png","2023-11-16",247,8343,3,"7-24783433","11/16/2023"
"9229","Russia","Russia","9A331M TLAR (for 9K332 Tor-M2)","captured","https://i.postimg.cc/j54cx58N/1018-9-A331-M-TLAR-for-Tor-M2-capt.jpg","2023-11-16",247,8344,3,"7-24783443","11/16/2023"
"9230","Russia","Russia","2 9K331MDT TLAR Tor-M2DT","destroyed","https://twitter.com/RALee85/status/1620884628130398209","2023-11-16",248,8345,1,"7-24883451","11/16/2023"
"9231","Russia","Russia","2 9K331MDT TLAR Tor-M2DT","destroyed","https://twitter.com/UAWeapons/status/1621559306045849600","2023-11-16",248,8346,1,"7-24883461","11/16/2023"
"9232","Russia","Russia","1 9A331MU TLAR for 9K331MU Tor-M1-2U (Tor-M2U)","destroyed","https://twitter.com/sternenko/status/1722224398105755865","2023-11-16",249,8347,1,"7-24983471","11/16/2023"
"9233","Russia","Russia","2 Unknown Tor TLAR","damaged","https://i.postimg.cc/d0WhSC70/1026-Launcher-for-Tor-dam-02-07-23.jpg","2023-11-16",250,8348,2,"7-25083482","11/16/2023"
"9234","Russia","Russia","2 Unknown Tor TLAR","damaged","https://i.postimg.cc/q7fmzSQN/1023-sa15-dam-14-10-23.jpg","2023-11-16",250,8349,2,"7-25083492","11/16/2023"
"9235","Russia","Russia","20 Pantsir-S1","destroyed","https://i.postimg.cc/TYD4b2cb/1501-pantsir.jpg","2023-11-16",251,8350,1,"7-25183501","11/16/2023"
"9236","Russia","Russia","20 Pantsir-S1","abandoned","https://i.postimg.cc/nc1WwSy5/f6.png","2023-11-16",251,8351,4,"7-25183514","11/16/2023"
"9237","Russia","Russia","20 Pantsir-S1","destroyed","https://i.postimg.cc/nc1WwSy5/f6.png","2023-11-16",251,8351,1,"7-25183511","11/16/2023"
"9238","Russia","Russia","20 Pantsir-S1","destroyed","https://i.postimg.cc/Y0tmDR2R/43f.png","2023-11-16",251,8352,1,"7-25183521","11/16/2023"
"9239","Russia","Russia","20 Pantsir-S1","destroyed","https://i.postimg.cc/XJQhJ2mG/6891.png","2023-11-16",251,8353,1,"7-25183531","11/16/2023"
"9240","Russia","Russia","20 Pantsir-S1","destroyed","https://i.postimg.cc/kXdpqLKN/5g4.png","2023-11-16",251,8354,1,"7-25183541","11/16/2023"
"9241","Russia","Russia","20 Pantsir-S1","destroyed","https://i.postimg.cc/nhRwDwZx/1300-pantsir-destr-03-07-22.jpg","2023-11-16",251,8355,1,"7-25183551","11/16/2023"
"9242","Russia","Russia","20 Pantsir-S1","destroyed","https://twitter.com/RALee85/status/1565963361648627713","2023-11-16",251,8356,1,"7-25183561","11/16/2023"
"9243","Russia","Russia","20 Pantsir-S1","destroyed","https://twitter.com/UAWeapons/status/1583750796646043648","2023-11-16",251,8357,1,"7-25183571","11/16/2023"
"9244","Russia","Russia","20 Pantsir-S1","destroyed","https://twitter.com/UAWeapons/status/1587899386880790528","2023-11-16",251,8358,1,"7-25183581","11/16/2023"
"9245","Russia","Russia","20 Pantsir-S1","destroyed","https://i.postimg.cc/mkksTq0y/32gf.png","2023-11-16",251,8359,1,"7-25183591","11/16/2023"
"9246","Russia","Russia","20 Pantsir-S1","destroyed","https://i.postimg.cc/tRNZJV81/43835.png","2023-11-16",251,8360,1,"7-25183601","11/16/2023"
"9247","Russia","Russia","20 Pantsir-S1","destroyed","https://twitter.com/UAWeapons/status/1612205304820781058","2023-11-16",251,8361,1,"7-25183611","11/16/2023"
"9248","Russia","Russia","20 Pantsir-S1","destroyed","https://twitter.com/UAWeapons/status/1656711068650029066","2023-11-16",251,8362,1,"7-25183621","11/16/2023"
"9249","Russia","Russia","20 Pantsir-S1","destroyed","https://twitter.com/UAWeapons/status/1658491239501799426","2023-11-16",251,8363,1,"7-25183631","11/16/2023"
"9250","Russia","Russia","20 Pantsir-S1","destroyed","https://i.postimg.cc/50jKRZ1W/1080-pantsir-destr-11-03-23.jpg","2023-11-16",251,8364,1,"7-25183641","11/16/2023"
"9251","Russia","Russia","20 Pantsir-S1","damaged","https://twitter.com/UAWeapons/status/1658032248031985666","2023-11-16",251,8365,2,"7-25183652","11/16/2023"
"9252","Russia","Russia","20 Pantsir-S1","damaged","https://twitter.com/DefMon3/status/1664340320673230848","2023-11-16",251,8366,2,"7-25183662","11/16/2023"
"9253","Russia","Russia","20 Pantsir-S1","damaged","https://i.postimg.cc/HWb0XgSt/1016-pantsir-s1-dam-14-08-23.jpg","2023-11-16",251,8367,2,"7-25183672","11/16/2023"
"9254","Russia","Russia","20 Pantsir-S1","captured","https://postimg.cc/TpB4Xtbs/ec2c4921","2023-11-16",251,8368,3,"7-25183683","11/16/2023"
"9255","Russia","Russia","20 Pantsir-S1","captured","https://i.postimg.cc/QxrxMb4D/k88.png","2023-11-16",251,8369,3,"7-25183693","11/16/2023"
"9256","Russia","Soviet Union","3 5P85SD/SM (launcher for S-300 PMU(-1))","destroyed","https://twitter.com/UAWeapons/status/1551216224897581057","2023-11-16",252,6569,1,"7-25265691","11/16/2023"
"9257","Russia","Soviet Union","3 5P85SD/SM (launcher for S-300 PMU(-1))","destroyed","https://twitter.com/naalsio26/status/1651475826800488453","2023-11-16",252,8370,1,"7-25283701","11/16/2023"
"9258","Russia","Russia","9A83M2 TELAR (for S-300V4)","destroyed","https://twitter.com/UAWeapons/status/1633866619293138946","2023-11-16",253,8330,1,"7-25383301","11/16/2023"
"9259","Russia","Russia","9A83M2 TELAR (for S-300V4)","destroyed","https://twitter.com/UAWeapons/status/1691491187985723402","2023-11-16",253,8371,1,"7-25383711","11/16/2023"
"9260","Russia","Russia","9A83M2 TELAR (for S-300V4)","destroyed","https://twitter.com/naalsio26/status/1703091369172967780","2023-11-16",253,8372,1,"7-25383721","11/16/2023"
"9261","Russia","Russia","9A84-2 TEL (for S-300V4)","destroyed","https://twitter.com/UAWeapons/status/1691491187985723402","2023-11-16",254,8371,1,"7-25483711","11/16/2023"
"9262","Russia","Russia","9A84-2 TEL (for S-300V4)","destroyed","https://twitter.com/naalsio26/status/1703091369172967780","2023-11-16",254,8372,1,"7-25483721","11/16/2023"
"9263","Russia","Russia","5P85T2 (launcher for S-400)","destroyed","https://twitter.com/Osinttechnical/status/1702327243455025296","2023-11-16",255,8373,1,"7-25583731","11/16/2023"
"9264","Russia","Russia","5P85SM2-01 (launcher for S-400)","destroyed","https://twitter.com/UAWeapons/status/1616445311185993731","2023-11-16",256,8374,1,"7-25683741","11/16/2023"
"9265","Russia","Russia","5P85SM2-01 (launcher for S-400)","destroyed","https://twitter.com/UAWeapons/status/1678509667603869697","2023-11-16",256,8375,1,"7-25683751","11/16/2023"
"9266","Russia","Russia","5P85SM2-01 (launcher for S-400)","destroyed","https://i.postimg.cc/2yKNZYLz/2421.png","2023-11-16",256,8376,1,"7-25683761","11/16/2023"
"9267","Russia","Russia","5P85SM2-01 (launcher for S-400)","destroyed","https://twitter.com/UAWeapons/status/1694294328317743123","2023-11-16",256,8377,1,"7-25683771","11/16/2023"
"9268","Russia","Russia","9S36 (for Buk-M2)","destroyed","https://i.postimg.cc/ZRZxmLh3/55.jpg","2023-11-16",257,8378,1,"7-25783781","11/16/2023"
"9269","Russia","Russia","9S36 (for Buk-M2)","destroyed","https://twitter.com/UAWeapons/status/1685581789169852416","2023-11-16",257,8291,1,"7-25782911","11/16/2023"
"9270","Russia","Russia","9S36 (for Buk-M2)","captured","https://i.postimg.cc/T2bczB37/5g5.jpg","2023-11-16",257,8379,3,"7-25783793","11/16/2023"
"9271","Russia","Russia","1 9S18 Kupol (for Buk-M1-2/M2)","destroyed","https://i.postimg.cc/4N2GVcss/1035-9-S18-Tube-Arm-radar-variant-for-the-Buk-missile-system-destr-12-05-23.jpg","2023-11-16",258,8380,1,"7-25883801","11/16/2023"
"9272","Russia","Russia","1 9S18 Kupol (for Buk-M1-2/M2)","destroyed","https://twitter.com/UAWeapons/status/1591751621360377856","2023-11-16",258,8381,1,"7-25883811","11/16/2023"
"9273","Russia","Russia","9S18?1(-2) (for Buk-M2)","captured","https://i.postimg.cc/qMVp7ZP5/579.jpg","2023-11-16",259,8382,3,"7-25983823","11/16/2023"
"9274","Russia","Russia","9S18?1(-3) (for Buk-M3)","destroyed","https://i.postimg.cc/1R8dSsf4/54fd.png","2023-11-16",260,8383,1,"7-26083831","11/16/2023"
"9275","Russia","Russia","9S36M (for Buk-M3)","destroyed","https://twitter.com/kemal_115/status/1696579313984745589","2023-11-16",261,8384,1,"7-26183841","11/16/2023"
"9276","Russia","Russia","1 9S32M1 (for S-300V)","damaged","https://twitter.com/UAWeapons/status/1691491187985723402","2023-11-16",262,8371,2,"7-26283712","11/16/2023"
"9277","Russia","Russia","1 9S19M2 (for S-300V)","damaged","https://twitter.com/UAWeapons/status/1691491187985723402","2023-11-16",263,8371,2,"7-26383712","11/16/2023"
"9278","Russia","Soviet Union","1 5N63S ""Flap Lid B"" engagement and tracking radar of the S-300","destroyed","https://twitter.com/NOELreports/status/1720472217308270825","2023-11-16",264,8385,1,"7-26483851","11/16/2023"
"9279","Russia","Russia","1 92N6A (for S-400)","destroyed","https://twitter.com/UAWeapons/status/1678509667603869697","2023-11-16",265,8375,1,"7-26583751","11/16/2023"
"9280","Russia","Russia","PPRU-1(M) '9S80(-1)' 'Sborka' (for 9K35 Strela-10)","destroyed","https://i.postimg.cc/ZRnFXjBh/32.jpg","2023-11-16",266,8386,1,"7-26683861","11/16/2023"
"9281","Russia","Russia","PPRU-1(M) '9S80(-1)' 'Sborka' (for 9K35 Strela-10)","captured","https://i.postimg.cc/Bvg6z7R1/4388.png","2023-11-16",266,8387,3,"7-26683873","11/16/2023"
"9282","Russia","Russia","Repeynik portable counter-UAS radar","destroyed","https://twitter.com/RALee85/status/1644215055095939072","2023-11-16",267,8388,1,"7-26783881","11/16/2023"
"9283","Russia","Russia","2 Fara ground surveillance radar","captured","https://i.postimg.cc/RVzmKMQT/41.png","2023-11-16",268,8389,3,"7-26883893","11/16/2023"
"9284","Russia","Russia","2 Fara ground surveillance radar","captured","https://i.postimg.cc/sDd4XP6T/55422.png","2023-11-16",268,8390,3,"7-26883903","11/16/2023"
"9285","Russia","Russia","1L271 Aistyonok portable mortar locating reconnaissance radar","destroyed","https://i.postimg.cc/CKZ10p2B/gd3.png","2023-11-16",269,8391,1,"7-26983911","11/16/2023"
"9286","Russia","Russia","1L271 Aistyonok portable mortar locating reconnaissance radar","destroyed","https://i.postimg.cc/ZR966JZ0/65h.png","2023-11-16",269,8392,1,"7-26983921","11/16/2023"
"9287","Russia","Russia","1L271 Aistyonok portable mortar locating reconnaissance radar","captured","https://twitter.com/UAWeapons/status/1574760471990771713","2023-11-16",269,8393,3,"7-26983933","11/16/2023"
"9288","Russia","Russia","1 Sobolyatnik 1L277 portable ground reconnaissance radar","destroyed","https://i.postimg.cc/N0m9GxYf/1000-Sobolyatnik-1-L277-portable-ground-reconnaissance-station-destr-19-06-23.jpg","2023-11-16",270,8394,1,"7-27083941","11/16/2023"
"9289","Russia","Russia","SNAR-10M1 battlefield surveillance radar","damaged","https://i.postimg.cc/525ysSwt/1012-SNAR-10-dam-17-06-23.jpg","2023-11-16",271,8395,2,"7-27183952","11/16/2023"
"9290","Russia","Russia","SNAR-10M1 battlefield surveillance radar","damaged","https://i.postimg.cc/yYdnZDK8/1025-1-RL232-SNAR-10-Leopard-dam-05-08-23.jpg","2023-11-16",271,8396,2,"7-27183962","11/16/2023"
"9291","Russia","Russia","SNAR-10M1 battlefield surveillance radar","captured","https://i.postimg.cc/Px9Q1Gck/45.jpg","2023-11-16",271,8397,3,"7-27183973","11/16/2023"
"9292","Russia","Soviet Union","1L219 (for Zoopark counter-battery radar complex)","destroyed","https://i.postimg.cc/sg4MwtWL/4467.png","2023-11-16",272,8398,1,"7-27283981","11/16/2023"
"9293","Russia","Soviet Union","1L219 (for Zoopark counter-battery radar complex)","damaged","https://i.postimg.cc/xThJ3Xjy/1007-1-L219-for-Zoopark-dam-25-03-23.jpg","2023-11-16",272,8399,2,"7-27283992","11/16/2023"
"9294","Russia","Russia","4 1L259 (for Zoopark-1 counter-battery radar complex)","destroyed","https://twitter.com/UAWeapons/status/1669385869780811777","2023-11-16",273,8400,1,"7-27384001","11/16/2023"
"9295","Russia","Russia","4 1L259 (for Zoopark-1 counter-battery radar complex)","destroyed","https://twitter.com/UAWeapons/status/1677967714193735680","2023-11-16",273,8401,1,"7-27384011","11/16/2023"
"9296","Russia","Russia","4 1L259 (for Zoopark-1 counter-battery radar complex)","damaged","https://twitter.com/bayraktar_1love/status/1720367512884273594","2023-11-16",273,8402,2,"7-27384022","11/16/2023"
"9297","Russia","Russia","1L261 (for 1L260 Zoopark-1M counter-battery radar complex)","destroyed","https://postimg.cc/hQstNghL","2023-11-16",274,8403,1,"7-27484031","11/16/2023"
"9298","Russia","Russia","1L261 (for 1L260 Zoopark-1M counter-battery radar complex)","destroyed","https://twitter.com/UAWeapons/status/1560925593302089731","2023-11-16",274,8404,1,"7-27484041","11/16/2023"
"9299","Russia","Russia","1L261 (for 1L260 Zoopark-1M counter-battery radar complex)","destroyed","https://twitter.com/UAWeapons/status/1591370767274749954","2023-11-16",274,8405,1,"7-27484051","11/16/2023"
"9300","Russia","Russia","1L261 (for 1L260 Zoopark-1M counter-battery radar complex)","destroyed","https://i.postimg.cc/R0HTfN9z/1032-1-L261-radar-vehicle-from-the-1-L260-Zoopark-1-M-destr-12-03-23.jpg","2023-11-16",274,8406,1,"7-27484061","11/16/2023"
"9301","Russia","Russia","1L261 (for 1L260 Zoopark-1M counter-battery radar complex)","destroyed","https://i.postimg.cc/sfPCZtg8/1039-1-L261-radar-destr-27-04-23.jpg","2023-11-16",274,8407,1,"7-27484071","11/16/2023"
"9302","Russia","Russia","1L261 (for 1L260 Zoopark-1M counter-battery radar complex)","damaged","https://i.postimg.cc/Jzb04G7J/1013-Zoopark-destr-13-01-23.jpg","2023-11-16",274,8408,2,"7-27484082","11/16/2023"
"9303","Russia","Russia","1L261 (for 1L260 Zoopark-1M counter-battery radar complex)","damaged","https://twitter.com/bayraktar_1love/status/1720367512884273594","2023-11-16",274,8402,2,"7-27484022","11/16/2023"
"9304","Russia","Russia","1L261 (for 1L260 Zoopark-1M counter-battery radar complex)","captured","https://i.postimg.cc/TPXZzwYr/47h.png","2023-11-16",274,8409,3,"7-27484093","11/16/2023"
"9305","Russia","Russia","1L261 (for 1L260 Zoopark-1M counter-battery radar complex)","captured","https://twitter.com/UAWeapons/status/1568276847611498496","2023-11-16",274,8410,3,"7-27484103","11/16/2023"
"9306","Russia","Russia","1 P-18T surveillance radar","destroyed","https://i.postimg.cc/8cqgR87D/4r.png","2023-11-16",275,8411,1,"7-27584111","11/16/2023"
"9307","Russia","Russia","2 P-18-2 2D VHF surveillance radar","destroyed","https://twitter.com/UAWeapons/status/1612141944628453382","2023-11-16",276,8412,1,"7-27684121","11/16/2023"
"9308","Russia","Russia","2 P-18-2 2D VHF surveillance radar","destroyed","https://i.postimg.cc/Rhw9Ltkq/1060-R-18-destr-11-07-23.jpg","2023-11-16",276,8413,1,"7-27684131","11/16/2023"
"9309","Russia","Russia","3 48Ya6-K1 Podlet-K1 low-altitude S-band surveillance radar","destroyed","https://twitter.com/UAWeapons/status/1549458529752432641","2023-11-16",277,8414,1,"7-27784141","11/16/2023"
"9310","Russia","Russia","3 48Ya6-K1 Podlet-K1 low-altitude S-band surveillance radar","destroyed","https://twitter.com/UAWeapons/status/1591876056960598023","2023-11-16",277,8415,1,"7-27784151","11/16/2023"
"9311","Russia","Russia","3 48Ya6-K1 Podlet-K1 low-altitude S-band surveillance radar","destroyed","https://i.postimg.cc/GhRPpCcW/1012-Podlet-K1-destr-01-11-23.jpg","2023-11-16",277,8416,1,"7-27784161","11/16/2023"
"9312","Russia","Russia","1 1L119 Nebo-SVU VHF multi-functional radar","destroyed","https://twitter.com/naalsio26/status/1644890845311582209","2023-11-16",278,8417,1,"7-27884171","11/16/2023"
"9313","Russia","Russia","1 55Zh6U Nebo-U air surveillance radar","damaged","https://i.postimg.cc/65BWYp01/1040-55-Zh6-U-Nebo-U-air-surveillance-radar-dam-30-09-23.jpg","2023-11-16",279,8418,2,"7-27984182","11/16/2023"
"9314","Russia","Soviet Union","1 1RL239 Ark-1(M) counter-battery radar","destroyed","https://i.postimg.cc/bNNP4dmV/1023-1-RL239-Ark-1-M-destr-24-02-23.jpg","2023-11-16",280,8419,1,"7-28084191","11/16/2023"
"9315","Russia","Russia","1 Predel coastal defence radar","destroyed","https://twitter.com/UAWeapons/status/1696192303516266939","2023-11-16",281,8420,1,"7-28184201","11/16/2023"
"9316","Russia","Russia","2 Unknown radar","destroyed","https://i.postimg.cc/26HwhGym/1001-2x-unkn-radar-destr-26-2.jpg","2023-11-16",282,8421,1,"7-28284211","11/16/2023"
"9317","Russia","Russia","1 R-325BMV jamming station","destroyed","https://i.postimg.cc/WtLsPY0r/1033-R-325-UMV-destr-11-07-23.jpg","2023-11-16",283,8422,1,"7-28384221","11/16/2023"
"9318","Russia","Russia","R-330BMV and R-394BMV Borisoglebsk-2B","destroyed","https://i.postimg.cc/SQc4y8fS/3fr.png","2023-11-16",284,8423,1,"7-28484231","11/16/2023"
"9319","Russia","Russia","R-330BMV and R-394BMV Borisoglebsk-2B","destroyed","https://i.postimg.cc/Gm2nLM9D/4431.jpg","2023-11-16",284,8424,1,"7-28484241","11/16/2023"
"9320","Russia","Russia","R-330BMV and R-394BMV Borisoglebsk-2B","destroyed","https://i.postimg.cc/wBF2QYQt/1006-Borisoglebsk-2-B-destr.jpg","2023-11-16",284,8425,1,"7-28484251","11/16/2023"
"9321","Russia","Russia","R-330BMV and R-394BMV Borisoglebsk-2B","destroyed","https://i.postimg.cc/ZYBbTdLn/1001-R-934-BMV-UHF-jammer-station-Borisoglebsk-2-B-destr.jpg","2023-11-16",284,8426,1,"7-28484261","11/16/2023"
"9322","Russia","Russia","R-330BMV and R-394BMV Borisoglebsk-2B","destroyed","https://i.postimg.cc/zGgSsDbg/1037-R-330-BMV-jamming-station-from-Borisoglebsk-2-B-electronic-warfare-system-destr-19-02-23.jpg","2023-11-16",284,8427,1,"7-28484271","11/16/2023"
"9323","Russia","Russia","R-330BMV and R-394BMV Borisoglebsk-2B","destroyed","https://i.postimg.cc/zv2LsdHj/1014-R-330-BMV-Borisoglebsk-2-B-destr-06-03-23.jpg","2023-11-16",284,8428,1,"7-28484281","11/16/2023"
"9324","Russia","Russia","R-330BMV and R-394BMV Borisoglebsk-2B","destroyed","https://twitter.com/UAWeapons/status/1645869404029087745","2023-11-16",284,8429,1,"7-28484291","11/16/2023"
"9325","Russia","Russia","R-330BMV and R-394BMV Borisoglebsk-2B","destroyed","https://i.postimg.cc/JhNQk38K/1008-Borisoglebsk-2-B-destr-26-07-23.jpg","2023-11-16",284,8430,1,"7-28484301","11/16/2023"
"9326","Russia","Russia","R-330BMV and R-394BMV Borisoglebsk-2B","destroyed","https://i.postimg.cc/P535Ln1V/1010-Borysoglibsk-2-destr-03-10-23.jpg","2023-11-16",284,8431,1,"7-28484311","11/16/2023"
"9327","Russia","Russia","R-330BMV and R-394BMV Borisoglebsk-2B","destroyed","https://i.postimg.cc/Qx0BMcfT/1042-Borisoglebsk-2-destr-15-10-23.jpg","2023-11-16",284,8432,1,"7-28484321","11/16/2023"
"9328","Russia","Russia","R-330BMV and R-394BMV Borisoglebsk-2B","damaged","https://i.postimg.cc/wvzPRKsx/333.png","2023-11-16",284,8433,2,"7-28484332","11/16/2023"
"9329","Russia","Russia","R-330BMV and R-394BMV Borisoglebsk-2B","damaged","https://i.postimg.cc/yd5p4vYg/1008-Buk-M3-dam-20-10-23.jpg","2023-11-16",284,8434,2,"7-28484342","11/16/2023"
"9330","Russia","Russia","R-330BMV and R-394BMV Borisoglebsk-2B","captured","https://i.postimg.cc/q7sY5R4q/45.png","2023-11-16",284,8435,3,"7-28484353","11/16/2023"
"9331","Russia","Russia","R-330BMV and R-394BMV Borisoglebsk-2B","captured","https://twitter.com/UAWeapons/status/1569707532687478784","2023-11-16",284,8436,3,"7-28484363","11/16/2023"
"9332","Russia","Russia","R-330ZH Zhitel","destroyed","https://i.postimg.cc/wjNHG3gj/1005-zhitel.jpg","2023-11-16",285,8437,1,"7-28584371","11/16/2023"
"9333","Russia","Russia","R-330ZH Zhitel","destroyed","https://i.postimg.cc/521T8KF2/f29.jpg","2023-11-16",285,8438,1,"7-28584381","11/16/2023"
"9334","Russia","Russia","R-330ZH Zhitel","destroyed","https://twitter.com/UAWeapons/status/1574151747723218945","2023-11-16",285,8439,1,"7-28584391","11/16/2023"
"9335","Russia","Russia","R-330ZH Zhitel","destroyed","https://i.postimg.cc/prMsDmLR/2022-11-12-Zhitel-Kam-AZ.jpg","2023-11-16",285,8440,1,"7-28584401","11/16/2023"
"9336","Russia","Russia","R-330ZH Zhitel","destroyed","https://twitter.com/UAWeapons/status/1640009940377927681","2023-11-16",285,8441,1,"7-28584411","11/16/2023"
"9337","Russia","Russia","R-330ZH Zhitel","destroyed","https://twitter.com/UAWeapons/status/1645869404029087745","2023-11-16",285,8429,1,"7-28584291","11/16/2023"
"9338","Russia","Russia","R-330ZH Zhitel","destroyed","https://i.postimg.cc/7YXvp91w/5343.png","2023-11-16",285,8442,1,"7-28584421","11/16/2023"
"9339","Russia","Russia","R-330ZH Zhitel","destroyed","https://i.postimg.cc/VL5540jG/1320-Zhytel-destr-22-06-23.jpg","2023-11-16",285,8443,1,"7-28584431","11/16/2023"
"9340","Russia","Russia","R-330ZH Zhitel","destroyed","https://i.postimg.cc/J4mNQ2vC/1000-r330zh-destr-16-08-23.jpg","2023-11-16",285,8444,1,"7-28584441","11/16/2023"
"9341","Russia","Russia","R-330ZH Zhitel","destroyed","https://i.postimg.cc/ZRJsTq48/1030-R-330-Zh-Zhitel-destr-21-08-23.jpg","2023-11-16",285,8445,1,"7-28584451","11/16/2023"
"9342","Russia","Russia","R-330ZH Zhitel","destroyed","https://i.postimg.cc/4xQfrLd4/37.png","2023-11-16",285,8446,1,"7-28584461","11/16/2023"
"9343","Russia","Russia","R-330ZH Zhitel","destroyed","https://i.postimg.cc/8P67whZq/1053-R-330-Zh-Zhytel-destr-09-10-23.jpg","2023-11-16",285,8447,1,"7-28584471","11/16/2023"
"9344","Russia","Russia","R-330ZH Zhitel","damaged","https://i.postimg.cc/MKvfB7wp/1010-R-330-ZH-Zhytel-dam-24-03-23.jpg","2023-11-16",285,8448,2,"7-28584482","11/16/2023"
"9345","Russia","Russia","R-330ZH Zhitel","damaged","https://i.postimg.cc/W1vqDTLs/1027-R-330-ZH-Zhytel-dam-30-06-23.jpg","2023-11-16",285,8449,2,"7-28584492","11/16/2023"
"9346","Russia","Russia","1 R-330M1P Diabazol","destroyed","https://i.postimg.cc/Gpm8BVM9/1015-R-330-M1-P-Diabazol-destr-27-05-23.jpg","2023-11-16",286,8450,1,"7-28684501","11/16/2023"
"9347","Russia","Russia","R-934UM","destroyed","https://twitter.com/UAWeapons/status/1640003706367234050","2023-11-16",287,8451,1,"7-28784511","11/16/2023"
"9348","Russia","Russia","7 R-934B 'Sinitsa' automated jamming station","destroyed","https://i.postimg.cc/tgGtp0Wm/1038-R-934-B-Sinitsa-automated-jamming-station-destr-19-02-23.jpg","2023-11-16",288,8452,1,"7-28884521","11/16/2023"
"9349","Russia","Russia","7 R-934B 'Sinitsa' automated jamming station","destroyed","https://i.postimg.cc/fRnYTBq2/2022-04-18-unk-comms-kamaz-destroyed.jpg","2023-11-16",288,8453,1,"7-28884531","11/16/2023"
"9350","Russia","Russia","7 R-934B 'Sinitsa' automated jamming station","destroyed","https://i.postimg.cc/FzWcdVSH/1005-R-934-B-Sinitsa-automated-jamming-station-destr-30-05-23.jpg","2023-11-16",288,8454,1,"7-28884541","11/16/2023"
"9351","Russia","Russia","7 R-934B 'Sinitsa' automated jamming station","destroyed","https://i.postimg.cc/h40KkL84/1015-tirada-ew-destr-25-07-23.jpg","2023-11-16",288,8455,1,"7-28884551","11/16/2023"
"9352","Russia","Russia","7 R-934B 'Sinitsa' automated jamming station","destroyed","https://i.postimg.cc/0yjzKr4H/1045-R-934-B-SINITSA-destr-30-09-23.jpg","2023-11-16",288,8456,1,"7-28884561","11/16/2023"
"9353","Russia","Russia","7 R-934B 'Sinitsa' automated jamming station","damaged","https://i.postimg.cc/6qBt7qKN/1022-R-934-B-Synitsa-EW-dam-25-07-23.jpg","2023-11-16",288,8457,2,"7-28884572","11/16/2023"
"9354","Russia","Russia","7 R-934B 'Sinitsa' automated jamming station","damaged","https://i.postimg.cc/G340tq5V/1009-R-934-B-Sinitsa-dam-20-09-23.jpg","2023-11-16",288,8458,2,"7-28884582","11/16/2023"
"9355","Russia","Russia","1L262E Rtut-BM","destroyed","https://i.postimg.cc/26yT1ms4/687.png","2023-11-16",289,8459,1,"7-28984591","11/16/2023"
"9356","Russia","Russia","Torn(-MDM)","captured","https://i.postimg.cc/Jn2VdkFf/35.png","2023-11-16",290,8460,3,"7-29084603","11/16/2023"
"9357","Russia","Russia","Silok-01 counter-UAV system","destroyed","https://twitter.com/UAWeapons/status/1537086962548482048","2023-11-16",291,8461,1,"7-29184611","11/16/2023"
"9358","Russia","Russia","Silok-01 counter-UAV system","destroyed","https://i.postimg.cc/G2WSS7Db/1016-silok-destr.jpg","2023-11-16",291,8462,1,"7-29184621","11/16/2023"
"9359","Russia","Russia","Silok-01 counter-UAV system","damaged","https://i.postimg.cc/yds7Ly18/1000-silok1-dam.jpg","2023-11-16",291,8463,2,"7-29184632","11/16/2023"
"9360","Russia","Russia","Silok-01 counter-UAV system","captured","https://twitter.com/UAWeapons/status/1566363462175014913","2023-11-16",291,8464,3,"7-29184643","11/16/2023"
"9361","Russia","Russia","Strizh-3 counter-UAV system","destroyed","https://i.postimg.cc/JncmtLXB/sr.png","2023-11-16",292,8465,1,"7-29284651","11/16/2023"
"9362","Russia","Russia","1RL257 Krasukha-4 (command post)","captured","https://i.postimg.cc/G3y10MLj/87.png","2023-11-16",293,8466,3,"7-29384663","11/16/2023"
"9363","Russia","Russia","Leer-2 electronic warfare system","destroyed","https://twitter.com/UAWeapons/status/1553681823573725184","2023-11-16",294,8467,1,"7-29484671","11/16/2023"
"9364","Russia","Russia","Leer-2 electronic warfare system","destroyed","https://i.postimg.cc/mDPjGdXz/1045-Leer-2-destr-16-07-23.jpg","2023-11-16",294,8468,1,"7-29484681","11/16/2023"
"9365","Russia","Russia","Leer-2 electronic warfare system","destroyed","https://i.postimg.cc/dttJwhn2/1020-leer2-destr-25-07-23.jpg","2023-11-16",294,8469,1,"7-29484691","11/16/2023"
"9366","Russia","Russia","Leer-2 electronic warfare system","destroyed","https://i.postimg.cc/PrB8XRB4/356.png","2023-11-16",294,8470,1,"7-29484701","11/16/2023"
"9367","Russia","Russia","Leer-2 electronic warfare system","destroyed","https://twitter.com/bayraktar_1love/status/1722291702134620263","2023-11-16",294,8471,1,"7-29484711","11/16/2023"
"9368","Russia","Russia","Leer-2 electronic warfare system","damaged","https://twitter.com/NOELreports/status/1720022552804729240","2023-11-16",294,8472,2,"7-29484722","11/16/2023"
"9369","Russia","Russia","2 Leer-3 electronic warfare system","destroyed","https://twitter.com/bayraktar_1love/status/1720475987761107278","2023-11-16",295,6611,1,"7-29566111","11/16/2023"
"9370","Russia","Russia","2 Leer-3 electronic warfare system","captured","https://i.postimg.cc/zfRGy156/1040-RB-341-V-Leer-3-electronic-warfare-system-capt-04-02-23.jpg","2023-11-16",295,8473,3,"7-29584733","11/16/2023"
"9371","Russia","Russia","2 RLK-MC-A (ROSC-1) counter-UAV system","destroyed","https://twitter.com/UAWeapons/status/1557794437660557319","2023-11-16",296,8474,1,"7-29684741","11/16/2023"
"9372","Russia","Russia","2 RLK-MC-A (ROSC-1) counter-UAV system","destroyed","https://i.postimg.cc/T3NqSGN4/1000-RLK-MC-A-ROSC-1-complex-destr-31-05-23.jpg","2023-11-16",296,8475,1,"7-29684751","11/16/2023"
"9373","Russia","Russia","RB-636AM2 Svet-KU EW system","destroyed","https://twitter.com/bayraktar_1love/status/1723774116744847552","2023-11-16",297,8476,1,"7-29784761","11/16/2023"
"9374","Russia","Russia","RB-636AM2 Svet-KU EW system","damaged","https://i.postimg.cc/cHrSHSQT/467.png","2023-11-16",297,8477,2,"7-29784772","11/16/2023"
"9375","Russia","Russia","RB-636AM2 Svet-KU EW system","captured","https://i.postimg.cc/hvt0hLyd/1003-RB-636-AM2-Svet-KU-EW-system-capt.jpg","2023-11-16",297,8478,3,"7-29784783","11/16/2023"
"9376","Russia","Russia","2 Palantin EW system","destroyed","https://i.postimg.cc/0NJwqykc/1023-Palantin-electronic-warfare-system-destr-01-03-23.jpg","2023-11-16",298,8479,1,"7-29884791","11/16/2023"
"9377","Russia","Russia","2 Palantin EW system","destroyed","https://i.postimg.cc/NfY42drp/1004-Palantin-EW-complex-destr-14-09-22.jpg","2023-11-16",298,8480,1,"7-29884801","11/16/2023"
"9378","Russia","Russia","1 RP-377LA Lorandit","destroyed","https://i.postimg.cc/Z5w9hLrj/1002-RP-377-LA-Lorandit-destr-11-06-23.jpg","2023-11-16",299,8481,1,"7-29984811","11/16/2023"
"9379","Russia","Russia","2 Unknown EW system","destroyed","https://i.postimg.cc/5yQHTW6h/1001-unkn-EW.jpg","2023-11-16",300,8482,1,"7-30084821","11/16/2023"
"9380","Russia","Russia","2 Unknown EW system","destroyed","https://i.postimg.cc/SRmc7GC6/1013-MKTK-1-A-Dzudoist-destr-25-04-23.jpg","2023-11-16",300,8483,1,"7-30084831","11/16/2023"
"9381","Russia","Russia","MiG-31BM fighter aircraft","destroyed","https://twitter.com/thewarzonewire/status/1577767346093314048","2023-11-16",301,8484,1,"7-30184841","11/16/2023"
"9382","Russia","Russia","11 Su-30SM multirole aircraft","destroyed","https://i.postimg.cc/QNPryLw9/7699.png","2023-11-16",302,8485,1,"7-30284851","11/16/2023"
"9383","Russia","Russia","11 Su-30SM multirole aircraft","destroyed","https://i.postimg.cc/pTmn3GJ1/443.png","2023-11-16",302,8486,1,"7-30284861","11/16/2023"
"9384","Russia","Russia","11 Su-30SM multirole aircraft","destroyed","https://i.postimg.cc/3R8v9rk7/65.png","2023-11-16",302,8487,1,"7-30284871","11/16/2023"
"9385","Russia","Russia","11 Su-30SM multirole aircraft","destroyed","https://i.postimg.cc/8ch0qvfw/763.png","2023-11-16",302,8488,1,"7-30284881","11/16/2023"
"9386","Russia","Russia","11 Su-30SM multirole aircraft","destroyed","https://i.postimg.cc/05Wr4fXG/4fs.png","2023-11-16",302,8489,1,"7-30284891","11/16/2023"
"9387","Russia","Russia","11 Su-30SM multirole aircraft","destroyed","https://i.postimg.cc/FKS4JMHn/3326.png","2023-11-16",302,8490,1,"7-30284901","11/16/2023"
"9388","Russia","Russia","11 Su-30SM multirole aircraft","destroyed","https://i.postimg.cc/zGGdTPWX/1003-su30.jpg","2023-11-16",302,8491,1,"7-30284911","11/16/2023"
"9389","Russia","Russia","11 Su-30SM multirole aircraft","destroyed","https://twitter.com/UAWeapons/status/1569275480343281665","2023-11-16",302,8492,1,"7-30284921","11/16/2023"
"9390","Russia","Russia","11 Su-30SM multirole aircraft","damaged","https://i.postimg.cc/j5qMrfmQ/3326.png","2023-11-16",302,8493,2,"7-30284932","11/16/2023"
"9391","Russia","Russia","Su-35S multirole aircraft","destroyed","https://i.postimg.cc/9Xx2XhXx/32f.png","2023-11-16",303,8494,1,"7-30384941","11/16/2023"
"9392","Russia","Russia","Su-35S multirole aircraft","destroyed","https://i.postimg.cc/YC0fGghJ/1301-su35-destr-19-07-22.jpg","2023-11-16",303,8495,1,"7-30384951","11/16/2023"
"9393","Russia","Russia","Su-35S multirole aircraft","destroyed","https://twitter.com/UAWeapons/status/1657368124788809728","2023-11-16",303,8496,1,"7-30384961","11/16/2023"
"9394","Russia","Russia","Su-35S multirole aircraft","destroyed","https://i.postimg.cc/K4XpPNwS/image.jpg","2023-11-16",303,8497,1,"7-30384971","11/16/2023"
"9395","Russia","Russia","Su-35S multirole aircraft","destroyed","https://i.postimg.cc/L8dKFLD0/439.png","2023-11-16",303,8498,1,"7-30384981","11/16/2023"
"9396","Russia","Soviet Union","30 Su-25 close air support aircraft","destroyed","https://i.postimg.cc/L6456Fm4/38.png","2023-11-16",304,8499,1,"7-30484991","11/16/2023"
"9397","Russia","Soviet Union","30 Su-25 close air support aircraft","destroyed","https://i.postimg.cc/Mp371YRh/675.png","2023-11-16",304,8500,1,"7-30485001","11/16/2023"
"9398","Russia","Soviet Union","30 Su-25 close air support aircraft","destroyed","https://i.postimg.cc/VNx7Xd0x/n86.png","2023-11-16",304,8501,1,"7-30485011","11/16/2023"
"9399","Russia","Soviet Union","30 Su-25 close air support aircraft","destroyed","https://i.postimg.cc/SsTkvvtc/46.png","2023-11-16",304,8502,1,"7-30485021","11/16/2023"
"9400","Russia","Soviet Union","30 Su-25 close air support aircraft","destroyed","https://i.postimg.cc/zBCBJNs4/360.png","2023-11-16",304,8503,1,"7-30485031","11/16/2023"
"9401","Russia","Soviet Union","30 Su-25 close air support aircraft","destroyed","https://i.postimg.cc/RCjcz7sM/h7.jpg","2023-11-16",304,8504,1,"7-30485041","11/16/2023"
"9402","Russia","Soviet Union","30 Su-25 close air support aircraft","destroyed","https://twitter.com/RALee85/status/1507360503546449924","2023-11-16",304,8505,1,"7-30485051","11/16/2023"
"9403","Russia","Soviet Union","30 Su-25 close air support aircraft","destroyed","https://i.postimg.cc/qB6BGzcW/1303-su25-destr-07-03-22.jpg","2023-11-16",304,8506,1,"7-30485061","11/16/2023"
"9404","Russia","Soviet Union","30 Su-25 close air support aircraft","destroyed","https://i.postimg.cc/XJ2YWqt8/6y6.png","2023-11-16",304,8507,1,"7-30485071","11/16/2023"
"9405","Russia","Soviet Union","30 Su-25 close air support aircraft","destroyed","https://i.postimg.cc/YC7NRMpG/658.png","2023-11-16",304,8508,1,"7-30485081","11/16/2023"
"9406","Russia","Soviet Union","30 Su-25 close air support aircraft","destroyed","https://i.postimg.cc/PqBrzQ94/2d.png","2023-11-16",304,8509,1,"7-30485091","11/16/2023"
"9407","Russia","Soviet Union","30 Su-25 close air support aircraft","destroyed","https://i.postimg.cc/y6XbrW3z/6522.png","2023-11-16",304,8510,1,"7-30485101","11/16/2023"
"9408","Russia","Soviet Union","30 Su-25 close air support aircraft","destroyed","https://i.postimg.cc/RZbzx5tR/338.png","2023-11-16",304,8511,1,"7-30485111","11/16/2023"
"9409","Russia","Soviet Union","30 Su-25 close air support aircraft","destroyed","https://twitter.com/RALee85/status/1538798047249027072","2023-11-16",304,8512,1,"7-30485121","11/16/2023"
"9410","Russia","Soviet Union","30 Su-25 close air support aircraft","destroyed","https://twitter.com/UAWeapons/status/1539288719638859776","2023-11-16",304,8513,1,"7-30485131","11/16/2023"
"9411","Russia","Soviet Union","30 Su-25 close air support aircraft","destroyed","https://twitter.com/UAWeapons/status/1644291760791617536","2023-11-16",304,8514,1,"7-30485141","11/16/2023"
"9412","Russia","Soviet Union","30 Su-25 close air support aircraft","destroyed","https://i.postimg.cc/0NjSWsy8/42.png","2023-11-16",304,8515,1,"7-30485151","11/16/2023"
"9413","Russia","Soviet Union","30 Su-25 close air support aircraft","damaged","https://i.postimg.cc/zBVmRBJ2/h9.png","2023-11-16",304,8516,2,"7-30485162","11/16/2023"
"9414","Russia","Soviet Union","30 Su-25 close air support aircraft","destroyed","https://i.postimg.cc/d0frJvX8/1008-su25.jpg","2023-11-16",304,8517,1,"7-30485171","11/16/2023"
"9415","Russia","Soviet Union","30 Su-25 close air support aircraft","destroyed","https://twitter.com/UAWeapons/status/1568982695862046722","2023-11-16",304,8518,1,"7-30485181","11/16/2023"
"9416","Russia","Soviet Union","30 Su-25 close air support aircraft","destroyed","https://twitter.com/UAWeapons/status/1569302325533020160","2023-11-16",304,8519,1,"7-30485191","11/16/2023"
"9417","Russia","Soviet Union","30 Su-25 close air support aircraft","destroyed","https://i.postimg.cc/RZffZm8b/25.png","2023-11-16",304,8520,1,"7-30485201","11/16/2023"
"9418","Russia","Soviet Union","30 Su-25 close air support aircraft","destroyed","https://twitter.com/duke_garland_2/status/1639583173100093440","2023-11-16",304,8521,1,"7-30485211","11/16/2023"
"9419","Russia","Soviet Union","30 Su-25 close air support aircraft","destroyed","https://twitter.com/UAWeapons/status/1628694821345935360","2023-11-16",304,8522,1,"7-30485221","11/16/2023"
"9420","Russia","Soviet Union","30 Su-25 close air support aircraft","destroyed","https://i.postimg.cc/Y2VXBBWc/1000-su-25-destr-26-02-23.jpg","2023-11-16",304,8523,1,"7-30485231","11/16/2023"
"9421","Russia","Soviet Union","30 Su-25 close air support aircraft","destroyed","https://i.postimg.cc/MTdXBs5S/1033-su-25-destr-01-03-23.jpg","2023-11-16",304,8524,1,"7-30485241","11/16/2023"
"9422","Russia","Soviet Union","30 Su-25 close air support aircraft","destroyed","https://twitter.com/RALee85/status/1636086145435009030","2023-11-16",304,8525,1,"7-30485251","11/16/2023"
"9423","Russia","Soviet Union","30 Su-25 close air support aircraft","destroyed","https://twitter.com/UAWeapons/status/1680923094867755009","2023-11-16",304,8526,1,"7-30485261","11/16/2023"
"9424","Russia","Soviet Union","30 Su-25 close air support aircraft","damaged","https://twitter.com/UAWeapons/status/1535271617928081409","2023-11-16",304,8527,2,"7-30485272","11/16/2023"
"9425","Russia","Soviet Union","30 Su-25 close air support aircraft","damaged","https://twitter.com/UAWeapons/status/1601507744401739776","2023-11-16",304,8528,2,"7-30485282","11/16/2023"
"9426","Russia","Soviet Union","Su-24M strike aircraft","destroyed","https://i.postimg.cc/zGFYqncP/42.png","2023-11-16",305,8529,1,"7-30585291","11/16/2023"
"9427","Russia","Soviet Union","Su-24M strike aircraft","destroyed","https://i.postimg.cc/vTJtZQNY/1045-Su-24-M-destr-06-11-23.jpg","2023-11-16",305,8530,1,"7-30585301","11/16/2023"
"9428","Russia","Soviet Union","Su-24MR tactical reconnaissance aircraft","destroyed","https://i.postimg.cc/G3FmfyrS/6653.png","2023-11-16",306,8531,1,"7-30685311","11/16/2023"
"9429","Russia","Soviet Union","10 Su-24M/MR strike/tactical reconnaissance aircraft","destroyed","https://i.postimg.cc/nVD3fnwW/3326.png","2023-11-16",307,8532,1,"7-30785321","11/16/2023"
"9430","Russia","Soviet Union","10 Su-24M/MR strike/tactical reconnaissance aircraft","destroyed","https://i.postimg.cc/DmVxDdDp/436.png","2023-11-16",307,8533,1,"7-30785331","11/16/2023"
"9431","Russia","Soviet Union","10 Su-24M/MR strike/tactical reconnaissance aircraft","damaged","https://i.postimg.cc/mDQ1Vp8m/3326.png","2023-11-16",307,8534,2,"7-30785342","11/16/2023"
"9432","Russia","Soviet Union","10 Su-24M/MR strike/tactical reconnaissance aircraft","destroyed","https://twitter.com/UAWeapons/status/1599479845204873216","2023-11-16",307,8535,1,"7-30785351","11/16/2023"
"9433","Russia","Soviet Union","10 Su-24M/MR strike/tactical reconnaissance aircraft","destroyed","https://i.postimg.cc/rsVxvDXL/1009-su24m-destr-29-03-23.jpg","2023-11-16",307,8536,1,"7-30785361","11/16/2023"
"9434","Russia","Soviet Union","10 Su-24M/MR strike/tactical reconnaissance aircraft","damaged","https://i.postimg.cc/mr7rGzCD/3326.png","2023-11-16",307,8537,2,"7-30785372","11/16/2023"
"9435","Russia","Soviet Union","10 Su-24M/MR strike/tactical reconnaissance aircraft","damaged","https://i.postimg.cc/zBSRZD1d/1008-su-24m-dam-13-02-23.jpg","2023-11-16",307,8538,2,"7-30785382","11/16/2023"
"9436","Russia","Russia","Su-34 strike aircraft","destroyed","https://i.postimg.cc/c1MKNhpK/a2.png","2023-11-16",308,8539,1,"7-30885391","11/16/2023"
"9437","Russia","Russia","Su-34 strike aircraft","destroyed","https://i.postimg.cc/6q0TL6rV/a1.png","2023-11-16",308,8540,1,"7-30885401","11/16/2023"
"9438","Russia","Russia","Su-34 strike aircraft","destroyed","https://i.postimg.cc/XNTgS10c/b8.jpg","2023-11-16",308,8541,1,"7-30885411","11/16/2023"
"9439","Russia","Russia","Su-34 strike aircraft","destroyed","https://i.postimg.cc/brNRFNVw/46.png","2023-11-16",308,8542,1,"7-30885421","11/16/2023"
"9440","Russia","Russia","Su-34 strike aircraft","destroyed","https://i.postimg.cc/rpZdfjt7/5gh.png","2023-11-16",308,8543,1,"7-30885431","11/16/2023"
"9441","Russia","Russia","Su-34 strike aircraft","destroyed","https://twitter.com/MotolkoHelp/status/1516815396552200200","2023-11-16",308,8544,1,"7-30885441","11/16/2023"
"9442","Russia","Russia","Su-34 strike aircraft","destroyed","https://i.postimg.cc/k5Yj5H3G/790.png","2023-11-16",308,8545,1,"7-30885451","11/16/2023"
"9443","Russia","Russia","Su-34 strike aircraft","destroyed","https://twitter.com/UAWeapons/status/1519020714937962497","2023-11-16",308,8546,1,"7-30885461","11/16/2023"
"9444","Russia","Russia","Su-34 strike aircraft","destroyed","https://twitter.com/UAWeapons/status/1518542194646388738","2023-11-16",308,8547,1,"7-30885471","11/16/2023"
"9445","Russia","Russia","Su-34 strike aircraft","destroyed","https://i.postimg.cc/qv4zqnd1/55j.png","2023-11-16",308,8548,1,"7-30885481","11/16/2023"
"9446","Russia","Russia","Su-34 strike aircraft","destroyed","https://twitter.com/UAWeapons/status/1568710616868704258","2023-11-16",308,8549,1,"7-30885491","11/16/2023"
"9447","Russia","Russia","Su-34 strike aircraft","destroyed","https://twitter.com/RALee85/status/1569279954281705473","2023-11-16",308,8550,1,"7-30885501","11/16/2023"
"9448","Russia","Russia","Su-34 strike aircraft","destroyed","https://twitter.com/UAWeapons/status/1573726469355962372","2023-11-16",308,8551,1,"7-30885511","11/16/2023"
"9449","Russia","Russia","Su-34 strike aircraft","destroyed","https://twitter.com/UAWeapons/status/1573776608695042048","2023-11-16",308,8552,1,"7-30885521","11/16/2023"
"9450","Russia","Russia","Su-34 strike aircraft","destroyed","https://twitter.com/UAWeapons/status/1576565672838303745","2023-11-16",308,8553,1,"7-30885531","11/16/2023"
"9451","Russia","Russia","Su-34 strike aircraft","destroyed","https://twitter.com/Liveuamap/status/1582039606169858050","2023-11-16",308,8554,1,"7-30885541","11/16/2023"
"9452","Russia","Russia","Su-34 strike aircraft","destroyed","https://twitter.com/UAWeapons/status/1599166676909510657","2023-11-16",308,8555,1,"7-30885551","11/16/2023"
"9453","Russia","Russia","Su-34 strike aircraft","destroyed","https://twitter.com/UAWeapons/status/1623377921065816111","2023-11-16",308,8556,1,"7-30885561","11/16/2023"
"9454","Russia","Russia","Su-34 strike aircraft","destroyed","https://twitter.com/Archer83Able/status/1631682339624321024","2023-11-16",308,8557,1,"7-30885571","11/16/2023"
"9455","Russia","Russia","Su-34 strike aircraft","destroyed","https://twitter.com/UAWeapons/status/1657368124788809728","2023-11-16",308,8496,1,"7-30884961","11/16/2023"
"9456","Russia","Russia","Su-34 strike aircraft","destroyed","https://i.postimg.cc/KvYwNcKD/3116.png","2023-11-16",308,8558,1,"7-30885581","11/16/2023"
"9457","Russia","Russia","1 Su-34M strike aircraft","destroyed","https://twitter.com/UAWeapons/status/1548937987567804417","2023-11-16",309,8559,1,"7-30985591","11/16/2023"
"9458","Russia","Russia","1 Unknown fighter jet","destroyed","https://i.postimg.cc/wBCy5N7M/1003-unkn-fighter-jet-destr-06-10-23.jpg","2023-11-16",310,8560,1,"7-31085601","11/16/2023"
"9459","Russia","Soviet Union","2 Tu-22M3 strategic bomber","destroyed","https://i.postimg.cc/Y2Pm7tPb/1041-tu23m3-backfire-destr-19-08-23.jpg","2023-11-16",311,8561,1,"7-31185611","11/16/2023"
"9460","Russia","Soviet Union","2 Tu-22M3 strategic bomber","damaged","https://i.postimg.cc/9QQZqq8t/559.png","2023-11-16",311,8562,2,"7-31185622","11/16/2023"
"9461","Russia","Soviet Union","1 Tu-95MS strategic bomber","damaged","https://i.postimg.cc/DycJR6ZF/68.png","2023-11-16",312,8563,2,"7-31285632","11/16/2023"
"9462","Russia","Soviet Union","2 Il-22 airborne command post","destroyed","https://twitter.com/UAWeapons/status/1672542143280234496","2023-11-16",313,8564,1,"7-31385641","11/16/2023"
"9463","Russia","Soviet Union","2 Il-22 airborne command post","damaged","https://i.postimg.cc/wxtPmTsw/1051-Il-22-dam-03-04-22.jpg","2023-11-16",313,8565,2,"7-31385652","11/16/2023"
"9464","Russia","Soviet Union","An-26 transport aircraft","destroyed","https://i.postimg.cc/R0ppMFNQ/448.png","2023-11-16",314,8566,1,"7-31485661","11/16/2023"
"9465","Russia","Soviet Union","Il-76 transport aircraft","destroyed","https://i.postimg.cc/LsPYg3Mp/24k.png","2023-11-16",315,8567,1,"7-31585671","11/16/2023"
"9466","Russia","Soviet Union","Il-76 transport aircraft","damaged","https://i.postimg.cc/W1R5JSBN/24k.png","2023-11-16",315,8568,2,"7-31585682","11/16/2023"
"9467","Russia","Soviet Union","Il-76 transport aircraft","damaged","https://twitter.com/Lars693168870/status/1697676970278969376","2023-11-16",315,8569,2,"7-31585692","11/16/2023"
"9468","Russia","Russia","Mi-8 transport helicopter","destroyed","https://i.postimg.cc/Zq8KtSRg/37.png","2023-11-16",316,8570,1,"7-31685701","11/16/2023"
"9469","Russia","Russia","Mi-8 transport helicopter","destroyed","https://i.postimg.cc/YS3Jpmpz/4799.png","2023-11-16",316,8571,1,"7-31685711","11/16/2023"
"9470","Russia","Russia","Mi-8 transport helicopter","destroyed","https://i.postimg.cc/cHJ7QfR3/668.png","2023-11-16",316,8572,1,"7-31685721","11/16/2023"
"9471","Russia","Russia","Mi-8 transport helicopter","destroyed","https://i.postimg.cc/nrRXyX9x/367.png","2023-11-16",316,8573,1,"7-31685731","11/16/2023"
"9472","Russia","Russia","Mi-8 transport helicopter","destroyed","https://i.postimg.cc/XqtmXXdR/442.png","2023-11-16",316,8574,1,"7-31685741","11/16/2023"
"9473","Russia","Russia","Mi-8 transport helicopter","destroyed","https://i.postimg.cc/Y98sFBYL/8875.png","2023-11-16",316,8575,1,"7-31685751","11/16/2023"
"9474","Russia","Russia","Mi-8 transport helicopter","destroyed","https://twitter.com/LotA_IL/status/1591485801896243201","2023-11-16",316,8576,1,"7-31685761","11/16/2023"
"9475","Russia","Russia","Mi-8 transport helicopter","abandoned","https://i.postimg.cc/ncL87Pvg/65.png","2023-11-16",316,8577,4,"7-31685774","11/16/2023"
"9476","Russia","Russia","Mi-8 transport helicopter","destroyed","https://i.postimg.cc/ncL87Pvg/65.png","2023-11-16",316,8577,1,"7-31685771","11/16/2023"
"9477","Russia","Russia","Mi-8 transport helicopter","destroyed","https://i.postimg.cc/3J0cxpnW/549.png","2023-11-16",316,8578,1,"7-31685781","11/16/2023"
"9478","Russia","Russia","Mi-8 transport helicopter","destroyed","https://twitter.com/RALee85/status/1515925894568857602","2023-11-16",316,8579,1,"7-31685791","11/16/2023"
"9479","Russia","Russia","Mi-8 transport helicopter","destroyed","https://twitter.com/UAWeapons/status/1517145886194683904","2023-11-16",316,8580,1,"7-31685801","11/16/2023"
"9480","Russia","Russia","Mi-8 transport helicopter","destroyed","https://i.postimg.cc/NFMqWfJp/47.png","2023-11-16",316,8581,1,"7-31685811","11/16/2023"
"9481","Russia","Russia","Mi-8 transport helicopter","destroyed","https://twitter.com/UAWeapons/status/1587071834364776448","2023-11-16",316,8582,1,"7-31685821","11/16/2023"
"9482","Russia","Russia","Mi-8 transport helicopter","destroyed","https://i.postimg.cc/L5qVgXCL/1004-mi8-destr-06-03-22.jpg","2023-11-16",316,8583,1,"7-31685831","11/16/2023"
"9483","Russia","Russia","Mi-8 transport helicopter","destroyed","https://i.postimg.cc/9Q1CS24K/1301-mi8-destr-28-06-22.jpg","2023-11-16",316,8584,1,"7-31685841","11/16/2023"
"9484","Russia","Russia","Mi-8 transport helicopter","destroyed","https://i.postimg.cc/kMHXNfNq/1055-Mi-8-MTV-5-destr-22-05-23.jpg","2023-11-16",316,8585,1,"7-31685851","11/16/2023"
"9485","Russia","Russia","Mi-8 transport helicopter","destroyed","https://i.postimg.cc/Kj0LVpkN/1000-mi8-destr-26-09-22.jpg","2023-11-16",316,8586,1,"7-31685861","11/16/2023"
"9486","Russia","Russia","Mi-8 transport helicopter","destroyed","https://i.postimg.cc/kg08KRPc/1000-unkn-helicopter-destr-30-06-22.jpg","2023-11-16",316,8587,1,"7-31685871","11/16/2023"
"9487","Russia","Russia","Mi-8 transport helicopter","destroyed","https://i.postimg.cc/fTP7zNtQ/1000-5x-ka52-4x-mi8-destr-17-10-23.jpg","2023-11-16",316,8588,1,"7-31685881","11/16/2023"
"9488","Russia","Russia","Mi-8 transport helicopter","destroyed","https://i.postimg.cc/RZT5DJxM/1000-mi-8mtv5-destr-22-10-23.jpg","2023-11-16",316,8589,1,"7-31685891","11/16/2023"
"9489","Russia","Russia","Mi-8 transport helicopter","damaged","https://twitter.com/LotA_IL/status/1592302101295955968","2023-11-16",316,8590,2,"7-31685902","11/16/2023"
"9490","Russia","Russia","Mi-8 transport helicopter","damaged","https://i.postimg.cc/fTP7zNtQ/1000-5x-ka52-4x-mi8-destr-17-10-23.jpg","2023-11-16",316,8588,2,"7-31685882","11/16/2023"
"9491","Russia","Russia","Mi-8 transport helicopter","damaged","https://i.postimg.cc/0QqrWq7b/1052-luhansk-afb.jpg","2023-11-16",316,8591,2,"7-31685912","11/16/2023"
"9492","Russia","Russia","Mi-8 transport helicopter","captured","https://i.postimg.cc/d3hMnhnx/43887.png","2023-11-16",316,8592,3,"7-31685923","11/16/2023"
"9493","Russia","Russia","5 Mi-8MTPR-1 electronic warfare helicopter","destroyed","https://twitter.com/UAWeapons/status/1657368124788809728","2023-11-16",317,8496,1,"7-31784961","11/16/2023"
"9494","Russia","Russia","5 Mi-8MTPR-1 electronic warfare helicopter","destroyed","https://i.postimg.cc/PJLqFSGF/1062-3x-Mi8-MTPR-1x-destr-2x-dam-1x-mi35-destr-1x-mi28-dam-24-26-23.jpg","2023-11-16",317,8593,1,"7-31785931","11/16/2023"
"9495","Russia","Russia","5 Mi-8MTPR-1 electronic warfare helicopter","damaged","https://i.postimg.cc/PJLqFSGF/1062-3x-Mi8-MTPR-1x-destr-2x-dam-1x-mi35-destr-1x-mi28-dam-24-26-23.jpg","2023-11-16",317,8593,2,"7-31785932","11/16/2023"
"9496","Russia","Soviet Union","Mi-24P attack helicopter","destroyed","https://twitter.com/UAWeapons/status/1522207716755734528","2023-11-16",318,8594,1,"7-31885941","11/16/2023"
"9497","Russia","Soviet Union","Mi-24P attack helicopter","destroyed","https://i.postimg.cc/dVVvB2vh/48.png","2023-11-16",318,8595,1,"7-31885951","11/16/2023"
"9498","Russia","Soviet Union","Mi-24P attack helicopter","destroyed","https://i.postimg.cc/x82n2HvR/4f3.png","2023-11-16",318,8596,1,"7-31885961","11/16/2023"
"9499","Russia","Soviet Union","Mi-24P attack helicopter","destroyed","https://i.postimg.cc/C5bj1x7m/1002-mi-24-destr-22-06-23.jpg","2023-11-16",318,8597,1,"7-31885971","11/16/2023"
"9500","Russia","Russia","Mi-24V/P/35M attack helicopter","destroyed","https://twitter.com/RALee85/status/1643676319895674883","2023-11-16",319,8598,1,"7-31985981","11/16/2023"
"9501","Russia","Russia","Mi-24V/P/35M attack helicopter","damaged","https://i.postimg.cc/fbmnZmRv/r57.png","2023-11-16",319,8599,2,"7-31985992","11/16/2023"
"9502","Russia","Russia","Mi-24V/P/35M attack helicopter","damaged","https://i.postimg.cc/gkWwPHcg/d333.png","2023-11-16",319,8600,2,"7-31986002","11/16/2023"
"9503","Russia","Russia","Mi-35M attack helicopter","destroyed","https://i.postimg.cc/sgyP7pxk/d3.png","2023-11-16",320,8601,1,"7-32086011","11/16/2023"
"9504","Russia","Russia","Mi-35M attack helicopter","destroyed","https://i.postimg.cc/4x2WCZvL/135.png","2023-11-16",320,8602,1,"7-32086021","11/16/2023"
"9505","Russia","Russia","Mi-35M attack helicopter","destroyed","https://twitter.com/UAWeapons/status/1504481490276532228","2023-11-16",320,8603,1,"7-32086031","11/16/2023"
"9506","Russia","Russia","Mi-35M attack helicopter","destroyed","https://i.postimg.cc/PJJNvNF3/653.png","2023-11-16",320,8604,1,"7-32086041","11/16/2023"
"9507","Russia","Russia","Mi-35M attack helicopter","destroyed","https://twitter.com/UAWeapons/status/1537469034123386881","2023-11-16",320,8605,1,"7-32086051","11/16/2023"
"9508","Russia","Russia","Mi-35M attack helicopter","destroyed","https://twitter.com/UAWeapons/status/1623742529211363328","2023-11-16",320,8606,1,"7-32086061","11/16/2023"
"9509","Russia","Russia","Mi-35M attack helicopter","destroyed","https://twitter.com/RALee85/status/1649150722095607809","2023-11-16",320,8607,1,"7-32086071","11/16/2023"
"9510","Russia","Russia","Mi-35M attack helicopter","destroyed","https://i.postimg.cc/W1YSNxrQ/1009-Mi-24-VM-destr-25-04-23.jpg","2023-11-16",320,8608,1,"7-32086081","11/16/2023"
"9511","Russia","Russia","Mi-35M attack helicopter","destroyed","https://i.postimg.cc/PJLqFSGF/1062-3x-Mi8-MTPR-1x-destr-2x-dam-1x-mi35-destr-1x-mi28-dam-24-26-23.jpg","2023-11-16",320,8593,1,"7-32085931","11/16/2023"
"9512","Russia","Russia","Mi-35M attack helicopter","damaged","https://twitter.com/LotA_IL/status/1592302101295955968","2023-11-16",320,8590,2,"7-32085902","11/16/2023"
"9513","Russia","Russia","Mi-28 attack helicopter","destroyed","https://twitter.com/oryxspioenkop/status/1502605989400489990","2023-11-16",321,8609,1,"7-32186091","11/16/2023"
"9514","Russia","Russia","Mi-28 attack helicopter","destroyed","https://twitter.com/UAWeapons/status/1509867710892711939","2023-11-16",321,8610,1,"7-32186101","11/16/2023"
"9515","Russia","Russia","Mi-28 attack helicopter","destroyed","https://i.postimg.cc/C587Myhq/4472.png","2023-11-16",321,8611,1,"7-32186111","11/16/2023"
"9516","Russia","Russia","Mi-28 attack helicopter","destroyed","https://i.postimg.cc/d1w1860v/66591.png","2023-11-16",321,8612,1,"7-32186121","11/16/2023"
"9517","Russia","Russia","Mi-28 attack helicopter","destroyed","https://i.postimg.cc/7LmXCpww/29.png","2023-11-16",321,8613,1,"7-32186131","11/16/2023"
"9518","Russia","Russia","Mi-28 attack helicopter","destroyed","https://i.postimg.cc/05mTSd1m/599.png","2023-11-16",321,8614,1,"7-32186141","11/16/2023"
"9519","Russia","Russia","Mi-28 attack helicopter","destroyed","https://i.postimg.cc/8Crd9Dky/7633.jpg","2023-11-16",321,8615,1,"7-32186151","11/16/2023"
"9520","Russia","Russia","Mi-28 attack helicopter","destroyed","https://i.postimg.cc/J4PfDr2w/1000-mi-28-destr-12-05-23.png","2023-11-16",321,8616,1,"7-32186161","11/16/2023"
"9521","Russia","Russia","Mi-28 attack helicopter","destroyed","https://i.postimg.cc/GtHmKDp1/1017-mi28-destr-03-03-22.jpg","2023-11-16",321,8617,1,"7-32186171","11/16/2023"
"9522","Russia","Russia","Mi-28 attack helicopter","damaged","https://i.postimg.cc/0yT1fSjG/354.png","2023-11-16",321,8618,2,"7-32186182","11/16/2023"
"9523","Russia","Russia","Mi-28 attack helicopter","damaged","https://twitter.com/LotA_IL/status/1592302101295955968","2023-11-16",321,8590,2,"7-32185902","11/16/2023"
"9524","Russia","Russia","Ka-52 Alligator attack helicopter","destroyed","https://i.postimg.cc/R0k4cc7Z/548.png","2023-11-16",322,8619,1,"7-32286191","11/16/2023"
"9525","Russia","Russia","Ka-52 Alligator attack helicopter","destroyed","https://i.postimg.cc/1tPVQmb4/4fd6.png","2023-11-16",322,8620,1,"7-32286201","11/16/2023"
"9526","Russia","Russia","Ka-52 Alligator attack helicopter","destroyed","https://i.postimg.cc/xTYxdB3c/4w.png","2023-11-16",322,8621,1,"7-32286211","11/16/2023"
"9527","Russia","Russia","Ka-52 Alligator attack helicopter","destroyed","https://i.postimg.cc/V6zN6zLy/533.png","2023-11-16",322,8622,1,"7-32286221","11/16/2023"
"9528","Russia","Russia","Ka-52 Alligator attack helicopter","destroyed","https://i.postimg.cc/MTn487kW/h2.png","2023-11-16",322,8623,1,"7-32286231","11/16/2023"
"9529","Russia","Russia","Ka-52 Alligator attack helicopter","destroyed","https://twitter.com/UAWeapons/status/1511292509619568640","2023-11-16",322,8624,1,"7-32286241","11/16/2023"
"9530","Russia","Russia","Ka-52 Alligator attack helicopter","destroyed","https://i.postimg.cc/4dzsQMTW/541.png","2023-11-16",322,8625,1,"7-32286251","11/16/2023"
"9531","Russia","Russia","Ka-52 Alligator attack helicopter","destroyed","https://twitter.com/UAWeapons/status/1520533369230086155","2023-11-16",322,8626,1,"7-32286261","11/16/2023"
"9532","Russia","Russia","Ka-52 Alligator attack helicopter","destroyed","https://i.postimg.cc/YCLMm1sx/2f4.png","2023-11-16",322,8627,1,"7-32286271","11/16/2023"
"9533","Russia","Russia","Ka-52 Alligator attack helicopter","destroyed","https://twitter.com/UAWeapons/status/1533391518970662912","2023-11-16",322,8628,1,"7-32286281","11/16/2023"
"9534","Russia","Russia","Ka-52 Alligator attack helicopter","destroyed","https://i.postimg.cc/d3mQqdqh/288.png","2023-11-16",322,8629,1,"7-32286291","11/16/2023"
"9535","Russia","Russia","Ka-52 Alligator attack helicopter","destroyed","https://twitter.com/RALee85/status/1559186083140739074","2023-11-16",322,8630,1,"7-32286301","11/16/2023"
"9536","Russia","Russia","Ka-52 Alligator attack helicopter","damaged","https://i.postimg.cc/tRxDy5TM/3288.png","2023-11-16",322,8631,2,"7-32286312","11/16/2023"
"9537","Russia","Russia","Ka-52 Alligator attack helicopter","abandoned","https://i.postimg.cc/tRxDy5TM/3288.png","2023-11-16",322,8631,4,"7-32286314","11/16/2023"
"9538","Russia","Russia","Ka-52 Alligator attack helicopter","destroyed","https://i.postimg.cc/tRxDy5TM/3288.png","2023-11-16",322,8631,1,"7-32286311","11/16/2023"
"9539","Russia","Russia","Ka-52 Alligator attack helicopter","damaged","https://i.postimg.cc/vmtC0wn8/57.png","2023-11-16",322,8632,2,"7-32286322","11/16/2023"
"9540","Russia","Russia","Ka-52 Alligator attack helicopter","abandoned","https://i.postimg.cc/vmtC0wn8/57.png","2023-11-16",322,8632,4,"7-32286324","11/16/2023"
"9541","Russia","Russia","Ka-52 Alligator attack helicopter","destroyed","https://i.postimg.cc/vmtC0wn8/57.png","2023-11-16",322,8632,1,"7-32286321","11/16/2023"
"9542","Russia","Russia","Ka-52 Alligator attack helicopter","destroyed","https://i.postimg.cc/k5N18rBH/1002-ka52.jpg","2023-11-16",322,8633,1,"7-32286331","11/16/2023"
"9543","Russia","Russia","Ka-52 Alligator attack helicopter","destroyed","https://twitter.com/UAWeapons/status/1572975784720998404","2023-11-16",322,8634,1,"7-32286341","11/16/2023"
"9544","Russia","Russia","Ka-52 Alligator attack helicopter","destroyed","https://twitter.com/UAWeapons/status/1541425714502705152","2023-11-16",322,8635,1,"7-32286351","11/16/2023"
"9545","Russia","Russia","Ka-52 Alligator attack helicopter","destroyed","https://twitter.com/RALee85/status/1576263500720091136","2023-11-16",322,8636,1,"7-32286361","11/16/2023"
"9546","Russia","Russia","Ka-52 Alligator attack helicopter","destroyed","https://twitter.com/UAWeapons/status/1576313385343279104","2023-11-16",322,8637,1,"7-32286371","11/16/2023"
"9547","Russia","Russia","Ka-52 Alligator attack helicopter","destroyed","https://twitter.com/LotA47816230/status/1578721387493019650","2023-11-16",322,8638,1,"7-32286381","11/16/2023"
"9548","Russia","Russia","Ka-52 Alligator attack helicopter","destroyed","https://i.postimg.cc/d17jPsV2/image.jpg","2023-11-16",322,8639,1,"7-32286391","11/16/2023"
"9549","Russia","Russia","Ka-52 Alligator attack helicopter","destroyed","https://twitter.com/UAWeapons/status/1587182889002827780","2023-11-16",322,8640,1,"7-32286401","11/16/2023"
"9550","Russia","Russia","Ka-52 Alligator attack helicopter","destroyed","https://twitter.com/UAWeapons/status/1599404261678682112","2023-11-16",322,8641,1,"7-32286411","11/16/2023"
"9551","Russia","Russia","Ka-52 Alligator attack helicopter","destroyed","https://twitter.com/UAWeapons/status/1605331564589682688","2023-11-16",322,8642,1,"7-32286421","11/16/2023"
"9552","Russia","Russia","Ka-52 Alligator attack helicopter","destroyed","https://i.postimg.cc/Dz4LQrz5/1002-ka52-destr-10-08-22.jpg","2023-11-16",322,8643,1,"7-32286431","11/16/2023"
"9553","Russia","Russia","Ka-52 Alligator attack helicopter","destroyed","https://i.postimg.cc/nLZTSnrf/1003-ka52-destr-12-07-22.jpg","2023-11-16",322,8644,1,"7-32286441","11/16/2023"
"9554","Russia","Russia","Ka-52 Alligator attack helicopter","destroyed","https://twitter.com/UAWeapons/status/1632747810482159616","2023-11-16",322,8645,1,"7-32286451","11/16/2023"
"9555","Russia","Russia","Ka-52 Alligator attack helicopter","destroyed","https://i.postimg.cc/vmtXSmvJ/1000-ka-52-destroyed-16-03-23.jpg","2023-11-16",322,8646,1,"7-32286461","11/16/2023"
"9556","Russia","Russia","Ka-52 Alligator attack helicopter","destroyed","https://i.postimg.cc/3xDHk4Tt/836.png","2023-11-16",322,8647,1,"7-32286471","11/16/2023"
"9557","Russia","Russia","Ka-52 Alligator attack helicopter","destroyed","https://i.postimg.cc/L6Smv33w/1305-Su35-and-ka52-destr-21-and-22-05-23.jpg","2023-11-16",322,8648,1,"7-32286481","11/16/2023"
"9558","Russia","Russia","Ka-52 Alligator attack helicopter","destroyed","https://i.postimg.cc/cLxn2Lrp/1052-Ka52-destr-24-06-23.jpg","2023-11-16",322,8649,1,"7-32286491","11/16/2023"
"9559","Russia","Russia","Ka-52 Alligator attack helicopter","destroyed","https://i.postimg.cc/VsB0PCGH/1028-helicopter-destr-29-06-23.jpg","2023-11-16",322,8650,1,"7-32286501","11/16/2023"
"9560","Russia","Russia","Ka-52 Alligator attack helicopter","destroyed","https://twitter.com/UAWeapons/status/1683795511172648960","2023-11-16",322,8651,1,"7-32286511","11/16/2023"
"9561","Russia","Russia","Ka-52 Alligator attack helicopter","destroyed","https://i.postimg.cc/wTPJy5Dx/1008-ka52-destr-07-08-23.jpg","2023-11-16",322,8652,1,"7-32286521","11/16/2023"
"9562","Russia","Russia","Ka-52 Alligator attack helicopter","destroyed","https://i.postimg.cc/QM4KHLpG/1009-ka52-destr-17-08-23.jpg","2023-11-16",322,8653,1,"7-32286531","11/16/2023"
"9563","Russia","Russia","Ka-52 Alligator attack helicopter","destroyed","https://i.postimg.cc/6pQtLQCQ/25g0.png","2023-11-16",322,8654,1,"7-32286541","11/16/2023"
"9564","Russia","Russia","Ka-52 Alligator attack helicopter","destroyed","https://i.postimg.cc/2yyq1p6G/53.png","2023-11-16",322,8655,1,"7-32286551","11/16/2023"
"9565","Russia","Russia","Ka-52 Alligator attack helicopter","destroyed","https://i.postimg.cc/QM7HJM92/1051-berdyansk-afb.jpg","2023-11-16",322,8656,1,"7-32286561","11/16/2023"
"9566","Russia","Russia","Ka-52 Alligator attack helicopter","damaged","https://i.postimg.cc/GmLwHKZf/88755.png","2023-11-16",322,8657,2,"7-32286572","11/16/2023"
"9567","Russia","Russia","Ka-52 Alligator attack helicopter","damaged","https://twitter.com/UAWeapons/status/1670808597184360455","2023-11-16",322,8658,2,"7-32286582","11/16/2023"
"9568","Russia","Russia","Ka-52 Alligator attack helicopter","damaged","https://i.postimg.cc/13JYt8QW/625.png","2023-11-16",322,8659,2,"7-32286592","11/16/2023"
"9569","Russia","Russia","Ka-52 Alligator attack helicopter","damaged","https://i.postimg.cc/QM7HJM92/1051-berdyansk-afb.jpg","2023-11-16",322,8656,2,"7-32286562","11/16/2023"
"9570","Russia","Russia","Ka-52 Alligator attack helicopter","damaged","https://i.postimg.cc/0QqrWq7b/1052-luhansk-afb.jpg","2023-11-16",322,8591,2,"7-32285912","11/16/2023"
"9571","Russia","Russia","Ka-52 Alligator attack helicopter","damaged","https://i.postimg.cc/0jWMTTRH/43d.png","2023-11-16",322,8660,2,"7-32286602","11/16/2023"
"9572","Russia","Russia","Ka-52 Alligator attack helicopter","captured","https://i.postimg.cc/0jWMTTRH/43d.png","2023-11-16",322,8660,3,"7-32286603","11/16/2023"
"9573","Russia","Russia","Unknown helicopter","destroyed","https://i.postimg.cc/DfXGmPhn/6658.png","2023-11-16",323,8661,1,"7-32386611","11/16/2023"
"9574","Russia","Russia","Unknown helicopter","destroyed","https://twitter.com/LotA_IL/status/1591485801896243201","2023-11-16",323,8576,1,"7-32385761","11/16/2023"
"9575","Russia","Russia","Orion","destroyed","https://i.postimg.cc/FsNjfGyG/57.png","2023-11-16",324,8662,1,"7-32486621","11/16/2023"
"9576","Russia","Russia","Orion","destroyed","https://twitter.com/LotA_IL/status/1583159775860510720","2023-11-16",324,8663,1,"7-32486631","11/16/2023"
"9577","Russia","Russia","Orion","destroyed","https://i.postimg.cc/DzDCgRwq/1011-Orion-ucav-destr-25-04-23.jpg","2023-11-16",324,8664,1,"7-32486641","11/16/2023"
"9578","Russia","Russia","Orion","destroyed","https://twitter.com/UAWeapons/status/1657828773247557633","2023-11-16",324,8665,1,"7-32486651","11/16/2023"
"9579","Russia","Russia","Orion","destroyed","https://i.postimg.cc/G2vF5ggy/1000-orion-ucav-destr-31-05-22.png","2023-11-16",324,8666,1,"7-32486661","11/16/2023"
"9580","Russia","Russia","Orion","destroyed","https://i.postimg.cc/CKLfhMns/1005-Orion-UCAV-destr-30-07-23.jpg","2023-11-16",324,8667,1,"7-32486671","11/16/2023"
"9581","Russia","Russia","Korsar","destroyed","https://i.postimg.cc/26wHy9PW/97.png","2023-11-16",325,8668,1,"7-32586681","11/16/2023"
"9582","Russia","Russia","1 Forpost-RU","destroyed","https://twitter.com/UAWeapons/status/1613297580405841921","2023-11-16",326,8669,1,"7-32686691","11/16/2023"
"9583","Russia","Iran","Mohajer-6","destroyed","https://twitter.com/UAWeapons/status/1573369579430354944","2023-11-16",327,8670,1,"7-32786701","11/16/2023"
"9584","Russia","Iran","Mohajer-6","destroyed","https://twitter.com/UAWeapons/status/1666164342067273730","2023-11-16",327,8671,1,"7-32786711","11/16/2023"
"9585","Russia","Russia","Orlan-10 UCAV","destroyed","https://postimg.cc/hX43wFVm","2023-11-16",328,8672,1,"7-32886721","11/16/2023"
"9586","Russia","Russia","Orlan-10 UCAV","captured","https://i.postimg.cc/Rhs7vdP5/58.png","2023-11-16",328,8673,3,"7-32886733","11/16/2023"
"9587","Russia","Russia","Orlan-10 UCAV","captured","https://i.postimg.cc/3JvQ6666/IMG-4845.jpg","2023-11-16",328,8674,3,"7-32886743","11/16/2023"
"9588","Russia","Russia","1 Eleron T-16","captured","https://twitter.com/UAWeapons/status/1688901561961861120","2023-11-16",329,8675,3,"7-32986753","11/16/2023"
"9589","Russia","Israel","Forpost","destroyed","https://i.postimg.cc/QMfV9BST/35g.png","2023-11-16",330,8676,1,"7-33086761","11/16/2023"
"9590","Russia","Israel","Forpost","destroyed","https://twitter.com/UAWeapons/status/1543997005294452743","2023-11-16",330,8677,1,"7-33086771","11/16/2023"
"9591","Russia","Israel","Forpost","destroyed","https://i.postimg.cc/RhmxzhXp/d3.png","2023-11-16",330,8678,1,"7-33086781","11/16/2023"
"9592","Russia","Israel","Forpost","destroyed","https://i.postimg.cc/FRXVxNsk/1002-Unknown-Forpost-variant-destr-01-07-23.jpg","2023-11-16",330,8679,1,"7-33086791","11/16/2023"
"9593","Russia","Israel","Forpost","destroyed","https://i.postimg.cc/FszPwDBL/3270.png","2023-11-16",330,8680,1,"7-33086801","11/16/2023"
"9594","Russia","Russia","Orlan-10","destroyed","https://i.postimg.cc/CKwKbTnN/5799.png","2023-11-16",331,8681,1,"7-33186811","11/16/2023"
"9595","Russia","Russia","Orlan-10","destroyed","https://i.postimg.cc/DfGxGMLk/3g.png","2023-11-16",331,8682,1,"7-33186821","11/16/2023"
"9596","Russia","Russia","Orlan-10","destroyed","https://i.postimg.cc/zXHnbFzQ/5gl.png","2023-11-16",331,8683,1,"7-33186831","11/16/2023"
"9597","Russia","Russia","Orlan-10","destroyed","https://i.postimg.cc/6QVsMf3H/6522.png","2023-11-16",331,8684,1,"7-33186841","11/16/2023"
"9598","Russia","Russia","Orlan-10","destroyed","https://i.postimg.cc/tgR0mVxp/331.png","2023-11-16",331,8685,1,"7-33186851","11/16/2023"
"9599","Russia","Russia","Orlan-10","destroyed","https://i.postimg.cc/yxB9PFbx/f5.png","2023-11-16",331,8686,1,"7-33186861","11/16/2023"
"9600","Russia","Russia","Orlan-10","destroyed","https://i.postimg.cc/nVBCPx9W/76.jpg","2023-11-16",331,8687,1,"7-33186871","11/16/2023"
"9601","Russia","Russia","Orlan-10","destroyed","https://i.postimg.cc/C11d0vhZ/35g.jpg","2023-11-16",331,8688,1,"7-33186881","11/16/2023"
"9602","Russia","Russia","Orlan-10","destroyed","https://i.postimg.cc/9FyvR6MK/4316.png","2023-11-16",331,8689,1,"7-33186891","11/16/2023"
"9603","Russia","Russia","Orlan-10","destroyed","https://i.postimg.cc/FRYR7QVY/669.png","2023-11-16",331,8690,1,"7-33186901","11/16/2023"
"9604","Russia","Russia","Orlan-10","destroyed","https://i.postimg.cc/6pDBhGh6/5h.png","2023-11-16",331,8691,1,"7-33186911","11/16/2023"
"9605","Russia","Russia","Orlan-10","destroyed","https://i.postimg.cc/85kvfqLf/6689.jpg","2023-11-16",331,8692,1,"7-33186921","11/16/2023"
"9606","Russia","Russia","Orlan-10","destroyed","https://i.postimg.cc/KYLkzGTc/37.png","2023-11-16",331,8693,1,"7-33186931","11/16/2023"
"9607","Russia","Russia","Orlan-10","destroyed","https://i.postimg.cc/J4nGRTnh/4jl.png","2023-11-16",331,8694,1,"7-33186941","11/16/2023"
"9608","Russia","Russia","Orlan-10","destroyed","https://i.postimg.cc/gjVssHLf/89.png","2023-11-16",331,8695,1,"7-33186951","11/16/2023"
"9609","Russia","Russia","Orlan-10","destroyed","https://i.postimg.cc/7YFSSDws/498.png","2023-11-16",331,8696,1,"7-33186961","11/16/2023"
"9610","Russia","Russia","Orlan-10","destroyed","https://i.postimg.cc/9fPVvT9R/t4.png","2023-11-16",331,8697,1,"7-33186971","11/16/2023"
"9611","Russia","Russia","Orlan-10","destroyed","https://i.postimg.cc/vTprjftg/542.jpg","2023-11-16",331,8698,1,"7-33186981","11/16/2023"
"9612","Russia","Russia","Orlan-10","destroyed","https://i.postimg.cc/fLXP3MWp/d21.jpg","2023-11-16",331,8699,1,"7-33186991","11/16/2023"
"9613","Russia","Russia","Orlan-10","destroyed","https://i.postimg.cc/F1t2dQdF/431.jpg","2023-11-16",331,8700,1,"7-33187001","11/16/2023"
"9614","Russia","Russia","Orlan-10","destroyed","https://twitter.com/UAWeapons/status/1521105540885192707","2023-11-16",331,8701,1,"7-33187011","11/16/2023"
"9615","Russia","Russia","Orlan-10","destroyed","https://i.postimg.cc/5N0Dmh38/1302-orlan10-destr-18-05-23.jpg","2023-11-16",331,8702,1,"7-33187021","11/16/2023"
"9616","Russia","Russia","Orlan-10","destroyed","https://i.postimg.cc/Xq9krxQS/7663.jpg","2023-11-16",331,8703,1,"7-33187031","11/16/2023"
"9617","Russia","Russia","Orlan-10","destroyed","https://i.postimg.cc/kgg8Zp5G/47h.jpg","2023-11-16",331,8704,1,"7-33187041","11/16/2023"
"9618","Russia","Russia","Orlan-10","destroyed","https://i.postimg.cc/14x9rbSm/f66.jpg","2023-11-16",331,8705,1,"7-33187051","11/16/2023"
"9619","Russia","Russia","Orlan-10","destroyed","https://i.postimg.cc/ncgvFg30/g8.jpg","2023-11-16",331,8706,1,"7-33187061","11/16/2023"
"9620","Russia","Russia","Orlan-10","destroyed","https://i.postimg.cc/VsCR1LSN/589.png","2023-11-16",331,8707,1,"7-33187071","11/16/2023"
"9621","Russia","Russia","Orlan-10","destroyed","https://i.postimg.cc/Fs5cqXRf/f88.png","2023-11-16",331,8708,1,"7-33187081","11/16/2023"
"9622","Russia","Russia","Orlan-10","destroyed","https://i.postimg.cc/zBJtTyvc/54.jpg","2023-11-16",331,8709,1,"7-33187091","11/16/2023"
"9623","Russia","Russia","Orlan-10","destroyed","https://i.postimg.cc/VNxHMNty/43.jpg","2023-11-16",331,8710,1,"7-33187101","11/16/2023"
"9624","Russia","Russia","Orlan-10","destroyed","https://i.postimg.cc/CLDQYPF4/48.png","2023-11-16",331,8711,1,"7-33187111","11/16/2023"
"9625","Russia","Russia","Orlan-10","destroyed","https://i.postimg.cc/FFLzJQ6Q/1039-orlan10-destr-29-01-23.jpg","2023-11-16",331,8712,1,"7-33187121","11/16/2023"
"9626","Russia","Russia","Orlan-10","destroyed","https://i.postimg.cc/sxWR9n55/22s.jpg","2023-11-16",331,8713,1,"7-33187131","11/16/2023"
"9627","Russia","Russia","Orlan-10","destroyed","https://i.postimg.cc/sfkV79nR/f4.png","2023-11-16",331,8714,1,"7-33187141","11/16/2023"
"9628","Russia","Russia","Orlan-10","destroyed","https://twitter.com/UAWeapons/status/1543964967573020678","2023-11-16",331,8715,1,"7-33187151","11/16/2023"
"9629","Russia","Russia","Orlan-10","destroyed","https://i.postimg.cc/fbVLCq1n/1004.jpg","2023-11-16",331,8716,1,"7-33187161","11/16/2023"
"9630","Russia","Russia","Orlan-10","destroyed","https://i.postimg.cc/nhhztFNQ/1002-orlan-10.jpg","2023-11-16",331,8717,1,"7-33187171","11/16/2023"
"9631","Russia","Russia","Orlan-10","destroyed","https://twitter.com/UAWeapons/status/1558411984479158274","2023-11-16",331,8718,1,"7-33187181","11/16/2023"
"9632","Russia","Russia","Orlan-10","destroyed","https://twitter.com/UAWeapons/status/1560673609550417921","2023-11-16",331,8719,1,"7-33187191","11/16/2023"
"9633","Russia","Russia","Orlan-10","destroyed","https://twitter.com/UAWeapons/status/1563908371639574529","2023-11-16",331,8720,1,"7-33187201","11/16/2023"
"9634","Russia","Russia","Orlan-10","destroyed","https://twitter.com/UAWeapons/status/1564981255107739649","2023-11-16",331,8721,1,"7-33187211","11/16/2023"
"9635","Russia","Russia","Orlan-10","destroyed","https://i.postimg.cc/gJv1Z874/1002-orlan.jpg","2023-11-16",331,8722,1,"7-33187221","11/16/2023"
"9636","Russia","Russia","Orlan-10","destroyed","https://twitter.com/UAWeapons/status/1575450424496250881","2023-11-16",331,8723,1,"7-33187231","11/16/2023"
"9637","Russia","Russia","Orlan-10","destroyed","https://i.postimg.cc/Dw9GtXZt/1002-orlan10-destr-23-05-23.jpg","2023-11-16",331,8724,1,"7-33187241","11/16/2023"
"9638","Russia","Russia","Orlan-10","destroyed","https://i.postimg.cc/1ztF3wPV/665.png","2023-11-16",331,8725,1,"7-33187251","11/16/2023"
"9639","Russia","Russia","Orlan-10","destroyed","https://twitter.com/UAWeapons/status/1590235567547375617","2023-11-16",331,8726,1,"7-33187261","11/16/2023"
"9640","Russia","Russia","Orlan-10","destroyed","https://postimg.cc/gxYkrFV4","2023-11-16",331,8727,1,"7-33187271","11/16/2023"
"9641","Russia","Russia","Orlan-10","destroyed","https://twitter.com/UAWeapons/status/1609174114492719106","2023-11-16",331,8728,1,"7-33187281","11/16/2023"
"9642","Russia","Russia","Orlan-10","destroyed","https://i.postimg.cc/dQXjrgjr/1025-orlan10-destr-11-05-23.jpg","2023-11-16",331,8729,1,"7-33187291","11/16/2023"
"9643","Russia","Russia","Orlan-10","destroyed","https://i.postimg.cc/W1ycD9hS/1001-orlan10-destr-07-10-22.jpg","2023-11-16",331,8730,1,"7-33187301","11/16/2023"
"9644","Russia","Russia","Orlan-10","destroyed","https://i.postimg.cc/MZ0wsbFK/1002-orlan10-destr-01-12-22.jpg","2023-11-16",331,8731,1,"7-33187311","11/16/2023"
"9645","Russia","Russia","Orlan-10","destroyed","https://i.postimg.cc/T1cXpfDW/1003-orlan10-destr-11-04-22.jpg","2023-11-16",331,8732,1,"7-33187321","11/16/2023"
"9646","Russia","Russia","Orlan-10","destroyed","https://i.postimg.cc/13XZ3x5f/1038-orlan10-destr-04-07-22.jpg","2023-11-16",331,8733,1,"7-33187331","11/16/2023"
"9647","Russia","Russia","Orlan-10","destroyed","https://i.postimg.cc/zX96sC1k/1009-orlan10-destr-21-01-23.jpg","2023-11-16",331,8734,1,"7-33187341","11/16/2023"
"9648","Russia","Russia","Orlan-10","destroyed","https://i.postimg.cc/nLDnHL8Z/1008-orlan10-destr-31-08-22.jpg","2023-11-16",331,8735,1,"7-33187351","11/16/2023"
"9649","Russia","Russia","Orlan-10","destroyed","https://i.postimg.cc/N0mv3PTj/1023-orlan10-destr-13-05-23.jpg","2023-11-16",331,8736,1,"7-33187361","11/16/2023"
"9650","Russia","Russia","Orlan-10","destroyed","https://i.postimg.cc/R0W6wQMx/1008-orlan10-destr-19-04-22.jpg","2023-11-16",331,8737,1,"7-33187371","11/16/2023"
"9651","Russia","Russia","Orlan-10","destroyed","https://i.postimg.cc/SR6zJSmX/1009-orlan10-destr-14-07-22.jpg","2023-11-16",331,8738,1,"7-33187381","11/16/2023"
"9652","Russia","Russia","Orlan-10","destroyed","https://i.postimg.cc/mZC9dw7b/1042-orlan10-destr-05-08-22.jpg","2023-11-16",331,8739,1,"7-33187391","11/16/2023"
"9653","Russia","Russia","Orlan-10","destroyed","https://i.postimg.cc/HstymkSR/1044-orlan10-destr-05-08-22.jpg","2023-11-16",331,8740,1,"7-33187401","11/16/2023"
"9654","Russia","Russia","Orlan-10","destroyed","https://i.postimg.cc/pd39ChTh/1045-orlan10-destr-30-04-22.jpg","2023-11-16",331,8741,1,"7-33187411","11/16/2023"
"9655","Russia","Russia","Orlan-10","destroyed","https://i.postimg.cc/13CVgY1K/1046-orlan10-destr-03-08-22.jpg","2023-11-16",331,8742,1,"7-33187421","11/16/2023"
"9656","Russia","Russia","Orlan-10","destroyed","https://i.postimg.cc/wMSQXpZP/1010-orlan10-destr-09-10-22.jpg","2023-11-16",331,8743,1,"7-33187431","11/16/2023"
"9657","Russia","Russia","Orlan-10","destroyed","https://i.postimg.cc/kgNvbLc1/1017-orlan-10-destr-24-05-22.jpg","2023-11-16",331,8744,1,"7-33187441","11/16/2023"
"9658","Russia","Russia","Orlan-10","destroyed","https://i.postimg.cc/y80vTDVT/1018-orlan10-destr-29-07-22.jpg","2023-11-16",331,8745,1,"7-33187451","11/16/2023"
"9659","Russia","Russia","Orlan-10","destroyed","https://i.postimg.cc/5y4Qxc4f/1004-orlan10-destr-09-02-23.jpg","2023-11-16",331,8746,1,"7-33187461","11/16/2023"
"9660","Russia","Russia","Orlan-10","destroyed","https://i.postimg.cc/J0hkxFb7/1003-orlan10-destr-12-03-23.jpg","2023-11-16",331,8747,1,"7-33187471","11/16/2023"
"9661","Russia","Russia","Orlan-10","destroyed","https://i.postimg.cc/RFfNbVV8/134.png","2023-11-16",331,8748,1,"7-33187481","11/16/2023"
"9662","Russia","Russia","Orlan-10","destroyed","https://i.postimg.cc/Hkdgvsp2/652.jpg","2023-11-16",331,8749,1,"7-33187491","11/16/2023"
"9663","Russia","Russia","Orlan-10","destroyed","https://i.postimg.cc/dQX93NCP/1004-orlan10-destr-01-05-23.jpg","2023-11-16",331,8750,1,"7-33187501","11/16/2023"
"9664","Russia","Russia","Orlan-10","destroyed","https://i.postimg.cc/tCxNxdd1/1005-orlan10-destr-18-12-22.jpg","2023-11-16",331,8751,1,"7-33187511","11/16/2023"
"9665","Russia","Russia","Orlan-10","destroyed","https://i.postimg.cc/kgPFFVwT/1006-orlan10-destr-21-02-23.jpg","2023-11-16",331,8752,1,"7-33187521","11/16/2023"
"9666","Russia","Russia","Orlan-10","destroyed","https://i.postimg.cc/RVZ9Wdrg/1038-orlan10-destr-31-08-22.jpg","2023-11-16",331,8753,1,"7-33187531","11/16/2023"
"9667","Russia","Russia","Orlan-10","destroyed","https://i.postimg.cc/X7vJ3mvv/1009-orlan10-destr-26-05-23.jpg","2023-11-16",331,8754,1,"7-33187541","11/16/2023"
"9668","Russia","Russia","Orlan-10","destroyed","https://i.postimg.cc/pTFyzb31/1024-orlan10-destr-07-06-23.jpg","2023-11-16",331,8755,1,"7-33187551","11/16/2023"
"9669","Russia","Russia","Orlan-10","destroyed","https://i.postimg.cc/CLrfc1mY/1034-orlan10-destr-21-05-23.jpg","2023-11-16",331,8756,1,"7-33187561","11/16/2023"
"9670","Russia","Russia","Orlan-10","destroyed","https://i.postimg.cc/V6rqxRCy/1038-orlan10-destr-22-06-23.jpg","2023-11-16",331,8757,1,"7-33187571","11/16/2023"
"9671","Russia","Russia","Orlan-10","destroyed","https://i.postimg.cc/Kvh1kyDN/1019-orlan10-destr-05-07-23.jpg","2023-11-16",331,8758,1,"7-33187581","11/16/2023"
"9672","Russia","Russia","Orlan-10","destroyed","https://i.postimg.cc/FRNx6HmX/447.png","2023-11-16",331,8759,1,"7-33187591","11/16/2023"
"9673","Russia","Russia","Orlan-10","destroyed","https://i.postimg.cc/x13JMhnM/1035-Orlan-10-destr-23-06-23.jpg","2023-11-16",331,8760,1,"7-33187601","11/16/2023"
"9674","Russia","Russia","Orlan-10","destroyed","https://i.postimg.cc/sxqDN2BG/1012-orlan10-destr-13-07-23.jpg","2023-11-16",331,8761,1,"7-33187611","11/16/2023"
"9675","Russia","Russia","Orlan-10","destroyed","https://i.postimg.cc/c1hFCzvs/1012-orlan10-destr-15-07-23.jpg","2023-11-16",331,8762,1,"7-33187621","11/16/2023"
"9676","Russia","Russia","Orlan-10","destroyed","https://i.postimg.cc/Qtsqxgs9/1057-orlan10-destr-19-07-23.jpg","2023-11-16",331,8763,1,"7-33187631","11/16/2023"
"9677","Russia","Russia","Orlan-10","destroyed","https://i.postimg.cc/gkDvtKbX/1003-orlan10-destr-18-11-22.jpg","2023-11-16",331,8764,1,"7-33187641","11/16/2023"
"9678","Russia","Russia","Orlan-10","destroyed","https://i.postimg.cc/W4S6sMGZ/1023-orlan10-destr-20-08-23.jpg","2023-11-16",331,8765,1,"7-33187651","11/16/2023"
"9679","Russia","Russia","Orlan-10","destroyed","https://i.postimg.cc/nztZHpdW/1021-orlan10-destr-03-08-23.jpg","2023-11-16",331,8766,1,"7-33187661","11/16/2023"
"9680","Russia","Russia","Orlan-10","destroyed","https://i.postimg.cc/fbdDnJvX/1023-orlan10-destr-03-08-23.jpg","2023-11-16",331,8767,1,"7-33187671","11/16/2023"
"9681","Russia","Russia","Orlan-10","destroyed","https://i.postimg.cc/SKy9xNdx/441.png","2023-11-16",331,8768,1,"7-33187681","11/16/2023"
"9682","Russia","Russia","Orlan-10","destroyed","https://i.postimg.cc/mDMLxnC0/542.png","2023-11-16",331,8769,1,"7-33187691","11/16/2023"
"9683","Russia","Russia","Orlan-10","destroyed","https://i.postimg.cc/wB22QY72/1027-orlan10-destr-06-11-23.jpg","2023-11-16",331,8770,1,"7-33187701","11/16/2023"
"9684","Russia","Russia","Orlan-10","captured","https://i.postimg.cc/6QqPwj1t/4f.jpg","2023-11-16",331,8771,3,"7-33187713","11/16/2023"
"9685","Russia","Russia","Orlan-10","captured","https://i.postimg.cc/NF1kqKHh/1.jpg","2023-11-16",331,8772,3,"7-33187723","11/16/2023"
"9686","Russia","Russia","Orlan-10","captured","https://i.postimg.cc/Zq7rm9pH/370.png","2023-11-16",331,8773,3,"7-33187733","11/16/2023"
"9687","Russia","Russia","Orlan-10","captured","https://i.postimg.cc/RZF5FGVc/576.jpg","2023-11-16",331,8774,3,"7-33187743","11/16/2023"
"9688","Russia","Russia","Orlan-10","captured","https://i.postimg.cc/dtPZbsKy/4f2.png","2023-11-16",331,8775,3,"7-33187753","11/16/2023"
"9689","Russia","Russia","Orlan-10","captured","https://i.postimg.cc/TY4KfK2d/57.jpg","2023-11-16",331,8776,3,"7-33187763","11/16/2023"
"9690","Russia","Russia","Orlan-10","captured","https://i.postimg.cc/5t8PCrFd/1021-orlan-10-capt-05-01-23.jpg","2023-11-16",331,8777,3,"7-33187773","11/16/2023"
"9691","Russia","Russia","Orlan-10","captured","https://i.postimg.cc/5N6BMbSX/g2.jpg","2023-11-16",331,8778,3,"7-33187783","11/16/2023"
"9692","Russia","Russia","Orlan-10","captured","https://i.postimg.cc/zX4cH9kG/378.png","2023-11-16",331,8779,3,"7-33187793","11/16/2023"
"9693","Russia","Russia","Orlan-10","captured","https://i.postimg.cc/YqNCVRZ8/689.jpg","2023-11-16",331,8780,3,"7-33187803","11/16/2023"
"9694","Russia","Russia","Orlan-10","captured","https://i.postimg.cc/vBGZW9Dm/769.jpg","2023-11-16",331,8781,3,"7-33187813","11/16/2023"
"9695","Russia","Russia","Orlan-10","captured","https://i.postimg.cc/jdHNY3wM/5471.jpg","2023-11-16",331,8782,3,"7-33187823","11/16/2023"
"9696","Russia","Russia","Orlan-10","captured","https://i.postimg.cc/sxc4pmht/684.png","2023-11-16",331,8783,3,"7-33187833","11/16/2023"
"9697","Russia","Russia","Orlan-10","captured","https://i.postimg.cc/fL9zMkcJ/f4.jpg","2023-11-16",331,8784,3,"7-33187843","11/16/2023"
"9698","Russia","Russia","Orlan-10","captured","https://i.postimg.cc/1X19XPBM/f5.jpg","2023-11-16",331,8785,3,"7-33187853","11/16/2023"
"9699","Russia","Russia","Orlan-10","captured","https://i.postimg.cc/KY4WD7Vf/580.png","2023-11-16",331,8786,3,"7-33187863","11/16/2023"
"9700","Russia","Russia","Orlan-10","captured","https://i.postimg.cc/hGqMhZgq/o3.png","2023-11-16",331,8787,3,"7-33187873","11/16/2023"
"9701","Russia","Russia","Orlan-10","captured","https://i.postimg.cc/9fZz7drg/778.jpg","2023-11-16",331,8788,3,"7-33187883","11/16/2023"
"9702","Russia","Russia","Orlan-10","captured","https://i.postimg.cc/wM3vnwmj/548.png","2023-11-16",331,8789,3,"7-33187893","11/16/2023"
"9703","Russia","Russia","Orlan-10","captured","https://i.postimg.cc/bJ9tZDL2/j77.jpg","2023-11-16",331,8790,3,"7-33187903","11/16/2023"
"9704","Russia","Russia","Orlan-10","captured","https://i.postimg.cc/nLwDTbvD/o1.jpg","2023-11-16",331,8791,3,"7-33187913","11/16/2023"
"9705","Russia","Russia","Orlan-10","captured","https://i.postimg.cc/Y95mK6D2/o2.jpg","2023-11-16",331,8792,3,"7-33187923","11/16/2023"
"9706","Russia","Russia","Orlan-10","captured","https://i.postimg.cc/JnpJ6DcS/4f88.png","2023-11-16",331,8793,3,"7-33187933","11/16/2023"
"9707","Russia","Russia","Orlan-10","captured","https://i.postimg.cc/wx21XFCw/090.jpg","2023-11-16",331,8794,3,"7-33187943","11/16/2023"
"9708","Russia","Russia","Orlan-10","captured","https://i.postimg.cc/SsmD3Q1Q/489.png","2023-11-16",331,8795,3,"7-33187953","11/16/2023"
"9709","Russia","Russia","Orlan-10","captured","https://i.postimg.cc/nhnvjKN9/433.png","2023-11-16",331,8796,3,"7-33187963","11/16/2023"
"9710","Russia","Russia","Orlan-10","captured","https://i.postimg.cc/k5t3WxSC/1000-orlan10-capt-25-11-22.jpg","2023-11-16",331,8797,3,"7-33187973","11/16/2023"
"9711","Russia","Russia","Orlan-10","captured","https://i.postimg.cc/vH8mfDPF/178.png","2023-11-16",331,8798,3,"7-33187983","11/16/2023"
"9712","Russia","Russia","Orlan-10","captured","https://i.postimg.cc/jdmp0J0Z/870.png","2023-11-16",331,8799,3,"7-33187993","11/16/2023"
"9713","Russia","Russia","Orlan-10","captured","https://twitter.com/UAWeapons/status/1557721655991885824","2023-11-16",331,8800,3,"7-33188003","11/16/2023"
"9714","Russia","Russia","Orlan-10","captured","https://i.postimg.cc/VNyQd7dF/1000-orlan10-capt-11-05-23.jpg","2023-11-16",331,8801,3,"7-33188013","11/16/2023"
"9715","Russia","Russia","Orlan-10","captured","https://i.postimg.cc/X7DyWsdF/1007-orlan10.jpg","2023-11-16",331,8802,3,"7-33188023","11/16/2023"
"9716","Russia","Russia","Orlan-10","captured","https://twitter.com/RALee85/status/1561460268994965505","2023-11-16",331,8803,3,"7-33188033","11/16/2023"
"9717","Russia","Russia","Orlan-10","captured","https://twitter.com/RALee85/status/1561952181779156993","2023-11-16",331,8804,3,"7-33188043","11/16/2023"
"9718","Russia","Russia","Orlan-10","captured","https://twitter.com/UAWeapons/status/1562762515993358336","2023-11-16",331,8805,3,"7-33188053","11/16/2023"
"9719","Russia","Russia","Orlan-10","captured","https://i.postimg.cc/0QzQdnnK/1002-orlan10.jpg","2023-11-16",331,8806,3,"7-33188063","11/16/2023"
"9720","Russia","Russia","Orlan-10","captured","https://twitter.com/UAWeapons/status/1566364893661511680","2023-11-16",331,8807,3,"7-33188073","11/16/2023"
"9721","Russia","Russia","Orlan-10","captured","https://twitter.com/UAWeapons/status/1568935751777415168","2023-11-16",331,8808,3,"7-33188083","11/16/2023"
"9722","Russia","Russia","Orlan-10","captured","https://i.postimg.cc/QxX3v92g/1041-orlan-10-capt-16-12-22.jpg","2023-11-16",331,8809,3,"7-33188093","11/16/2023"
"9723","Russia","Russia","Orlan-10","captured","https://twitter.com/UAWeapons/status/1573271316521787392","2023-11-16",331,8810,3,"7-33188103","11/16/2023"
"9724","Russia","Russia","Orlan-10","captured","https://twitter.com/UAWeapons/status/1575211477380001792","2023-11-16",331,8811,3,"7-33188113","11/16/2023"
"9725","Russia","Russia","Orlan-10","captured","https://i.postimg.cc/Pf49vd2q/1007-oraln10-capt.jpg","2023-11-16",331,8812,3,"7-33188123","11/16/2023"
"9726","Russia","Russia","Orlan-10","captured","https://i.postimg.cc/D06r8GnC/36.png","2023-11-16",331,8813,3,"7-33188133","11/16/2023"
"9727","Russia","Russia","Orlan-10","captured","https://i.postimg.cc/YCSLd5H6/54.png","2023-11-16",331,8814,3,"7-33188143","11/16/2023"
"9728","Russia","Russia","Orlan-10","captured","https://i.postimg.cc/7Zc6sQgV/446.png","2023-11-16",331,8815,3,"7-33188153","11/16/2023"
"9729","Russia","Russia","Orlan-10","captured","https://i.postimg.cc/0Qrk7Rzf/1007-oraln10-capt.jpg","2023-11-16",331,8816,3,"7-33188163","11/16/2023"
"9730","Russia","Russia","Orlan-10","captured","https://twitter.com/UAWeapons/status/1597902731028881411","2023-11-16",331,8817,3,"7-33188173","11/16/2023"
"9731","Russia","Russia","Orlan-10","captured","https://twitter.com/UAWeapons/status/1599547736776245249","2023-11-16",331,8818,3,"7-33188183","11/16/2023"
"9732","Russia","Russia","Orlan-10","captured","https://i.postimg.cc/FH90kLdh/1035-orlan10-capt-18-05-22.jpg","2023-11-16",331,8819,3,"7-33188193","11/16/2023"
"9733","Russia","Russia","Orlan-10","captured","https://i.postimg.cc/cLXwRLww/1036-orlan10-capt-24-06-22.jpg","2023-11-16",331,8820,3,"7-33188203","11/16/2023"
"9734","Russia","Russia","Orlan-10","captured","https://i.postimg.cc/ydSRCh5y/1037-orlan10-capt-06-06-22.jpg","2023-11-16",331,8821,3,"7-33188213","11/16/2023"
"9735","Russia","Russia","Orlan-10","captured","https://twitter.com/UAWeapons/status/1621901318318088194","2023-11-16",331,8822,3,"7-33188223","11/16/2023"
"9736","Russia","Russia","Orlan-10","captured","https://i.postimg.cc/YSV4Q1z7/1031-orlan10-capt-09-02-23.jpg","2023-11-16",331,8823,3,"7-33188233","11/16/2023"
"9737","Russia","Russia","Orlan-10","captured","https://i.postimg.cc/SQgzYK1M/1005-orlan10-capt-20-11-22.jpg","2023-11-16",331,8824,3,"7-33188243","11/16/2023"
"9738","Russia","Russia","Orlan-10","captured","https://i.postimg.cc/y8KqZRdr/1010-orlan10-capt-10-03-23.jpg","2023-11-16",331,8825,3,"7-33188253","11/16/2023"
"9739","Russia","Russia","Orlan-10","captured","https://i.postimg.cc/DZ67zrTZ/121.png","2023-11-16",331,8826,3,"7-33188263","11/16/2023"
"9740","Russia","Russia","Orlan-10","captured","https://i.postimg.cc/JzCKRFR1/4318.png","2023-11-16",331,8827,3,"7-33188273","11/16/2023"
"9741","Russia","Russia","Orlan-10","captured","https://i.postimg.cc/zBNZxmHd/57p.png","2023-11-16",331,8828,3,"7-33188283","11/16/2023"
"9742","Russia","Russia","Orlan-10","captured","https://i.postimg.cc/50t5xpQR/776.png","2023-11-16",331,8829,3,"7-33188293","11/16/2023"
"9743","Russia","Russia","Orlan-10","captured","https://i.postimg.cc/66726N2Y/1001-Orlan-10-reconnaissance-UAV-capt-05-11-22.jpg","2023-11-16",331,8830,3,"7-33188303","11/16/2023"
"9744","Russia","Russia","Orlan-10","captured","https://i.postimg.cc/fym1W9sr/1006-orlan10-capt-29-06-23.jpg","2023-11-16",331,8831,3,"7-33188313","11/16/2023"
"9745","Russia","Russia","Orlan-10","captured","https://i.postimg.cc/LXgksvJv/1026-Orlan-10-capt-13-07-23.jpg","2023-11-16",331,8832,3,"7-33188323","11/16/2023"
"9746","Russia","Russia","Orlan-10","captured","https://i.postimg.cc/pTYvr44L/1019-orlan10-capt-17-05-23.jpg","2023-11-16",331,8833,3,"7-33188333","11/16/2023"
"9747","Russia","Russia","Orlan-10","captured","https://i.postimg.cc/sgJ7QKJy/4439.png","2023-11-16",331,8834,3,"7-33188343","11/16/2023"
"9748","Russia","Russia","Orlan-10","captured","https://i.postimg.cc/cHcWN6W5/2248.png","2023-11-16",331,8835,3,"7-33188353","11/16/2023"
"9749","Russia","Russia","Orlan-10","captured","https://i.postimg.cc/Y97fhF6x/1009-orlan10-capt-04-10-23.jpg","2023-11-16",331,8836,3,"7-33188363","11/16/2023"
"9750","Russia","Russia","Orlan-10","captured","https://i.postimg.cc/4NWYLqmr/1034-orlan10-capt-06-10-23.jpg","2023-11-16",331,8837,3,"7-33188373","11/16/2023"
"9751","Russia","Russia","Orlan-10","captured","https://i.postimg.cc/tCMvHYxt/1029-orlan-10-capt-11-10-23.jpg","2023-11-16",331,8838,3,"7-33188383","11/16/2023"
"9752","Russia","Russia","Orlan-10 jamming UAV","destroyed","https://twitter.com/UAWeapons/status/1548015648613154818","2023-11-16",332,8839,1,"7-33288391","11/16/2023"
"9753","Russia","Russia","Orlan-10 jamming UAV","destroyed","https://i.postimg.cc/FsbG5TXt/55809.png","2023-11-16",332,8840,1,"7-33288401","11/16/2023"
"9754","Russia","Russia","Orlan-10 jamming UAV","captured","https://i.postimg.cc/bJTQmCp8/6899.png","2023-11-16",332,8841,3,"7-33288413","11/16/2023"
"9755","Russia","Russia","Orlan-10 jamming UAV","captured","https://i.postimg.cc/TYLmNYfv/546.jpg","2023-11-16",332,8842,3,"7-33288423","11/16/2023"
"9756","Russia","Russia","Orlan-10 jamming UAV","captured","https://i.postimg.cc/g2D6v8XZ/66568.png","2023-11-16",332,8843,3,"7-33288433","11/16/2023"
"9757","Russia","Russia","16 'Orlan-20' ''Kartograf''","destroyed","https://i.postimg.cc/wjfQ6sKd/7j.jpg","2023-11-16",333,8844,1,"7-33388441","11/16/2023"
"9758","Russia","Russia","16 'Orlan-20' ''Kartograf''","destroyed","https://i.postimg.cc/tgwcwDnq/544.png","2023-11-16",333,8845,1,"7-33388451","11/16/2023"
"9759","Russia","Russia","16 'Orlan-20' ''Kartograf''","destroyed","https://i.postimg.cc/nrJ7kC7g/51.png","2023-11-16",333,8846,1,"7-33388461","11/16/2023"
"9760","Russia","Russia","16 'Orlan-20' ''Kartograf''","destroyed","https://twitter.com/UAWeapons/status/1553733587639353346","2023-11-16",333,8847,1,"7-33388471","11/16/2023"
"9761","Russia","Russia","16 'Orlan-20' ''Kartograf''","destroyed","https://twitter.com/UAWeapons/status/1561282572369403904","2023-11-16",333,8848,1,"7-33388481","11/16/2023"
"9762","Russia","Russia","16 'Orlan-20' ''Kartograf''","destroyed","https://twitter.com/UAWeapons/status/1571824407169101824","2023-11-16",333,8849,1,"7-33388491","11/16/2023"
"9763","Russia","Russia","16 'Orlan-20' ''Kartograf''","destroyed","https://i.postimg.cc/CL0q9q4b/1033-Orlan-20-Kartograf-destr-20-10-22.jpg","2023-11-16",333,8850,1,"7-33388501","11/16/2023"
"9764","Russia","Russia","16 'Orlan-20' ''Kartograf''","destroyed","https://postimg.cc/mtLhYyTb","2023-11-16",333,8851,1,"7-33388511","11/16/2023"
"9765","Russia","Russia","16 'Orlan-20' ''Kartograf''","destroyed","https://twitter.com/UAWeapons/status/1637794048441298946","2023-11-16",333,8852,1,"7-33388521","11/16/2023"
"9766","Russia","Russia","16 'Orlan-20' ''Kartograf''","destroyed","https://i.postimg.cc/rwGGh8PM/1034-orlan-kartograf-destr-03-05-23.jpg","2023-11-16",333,8853,1,"7-33388531","11/16/2023"
"9767","Russia","Russia","16 'Orlan-20' ''Kartograf''","destroyed","https://i.postimg.cc/Pxstq23T/1008-orlan-kartograf-destr-06-05-23.jpg","2023-11-16",333,8854,1,"7-33388541","11/16/2023"
"9768","Russia","Russia","16 'Orlan-20' ''Kartograf''","destroyed","https://i.postimg.cc/ncWTbcTK/1024-orlan-20-kartograf-destr-27-07-23.jpg","2023-11-16",333,8855,1,"7-33388551","11/16/2023"
"9769","Russia","Russia","16 'Orlan-20' ''Kartograf''","destroyed","https://i.postimg.cc/50Nyw2dg/5420.png","2023-11-16",333,8856,1,"7-33388561","11/16/2023"
"9770","Russia","Russia","16 'Orlan-20' ''Kartograf''","captured","https://i.postimg.cc/hPPz5cxF/877.jpg","2023-11-16",333,8857,3,"7-33388573","11/16/2023"
"9771","Russia","Russia","16 'Orlan-20' ''Kartograf''","damaged","https://twitter.com/UAWeapons/status/1565678439952269312","2023-11-16",333,8858,2,"7-33388582","11/16/2023"
"9772","Russia","Russia","16 'Orlan-20' ''Kartograf''","captured","https://twitter.com/UAWeapons/status/1565678439952269312","2023-11-16",333,8858,3,"7-33388583","11/16/2023"
"9773","Russia","Russia","16 'Orlan-20' ''Kartograf''","captured","https://i.postimg.cc/wvY5Sf28/1009-Orlan-20-capt-16-05-23.jpg","2023-11-16",333,8859,3,"7-33388593","11/16/2023"
"9774","Russia","Russia","Orlan-30","destroyed","https://i.postimg.cc/sgB11ZNw/68.png","2023-11-16",334,8860,1,"7-33488601","11/16/2023"
"9775","Russia","Russia","Orlan-30","destroyed","https://twitter.com/UAWeapons/status/1660249747318362112","2023-11-16",334,8861,1,"7-33488611","11/16/2023"
"9776","Russia","Russia","Orlan-30","destroyed","https://i.postimg.cc/zDHkPdp0/1016-orlan30-destr-12-07-23.jpg","2023-11-16",334,8862,1,"7-33488621","11/16/2023"
"9777","Russia","Russia","Orlan-30","captured","https://i.postimg.cc/Y9Ps2VXG/f5.png","2023-11-16",334,8863,3,"7-33488633","11/16/2023"
"9778","Russia","Russia","Orlan-30","captured","https://twitter.com/UAWeapons/status/1573271316521787392","2023-11-16",334,8810,3,"7-33488103","11/16/2023"
"9779","Russia","Russia","Orlan-30","captured","https://twitter.com/UAWeapons/status/1621901318318088194","2023-11-16",334,8822,3,"7-33488223","11/16/2023"
"9780","Russia","Russia","Orlan-30","captured","https://i.postimg.cc/RF3MLxc0/48k.png","2023-11-16",334,8864,3,"7-33488643","11/16/2023"
"9781","Russia","Russia","1 Granat-3","destroyed","https://i.postimg.cc/XNhLSfq8/1012-Granat-3-uav-destr-05-02-23.jpg","2023-11-16",335,8865,1,"7-33588651","11/16/2023"
"9782","Russia","Russia","6 Granat-4","destroyed","https://i.postimg.cc/W3Yn4rns/1036-Granat-4-destr-05-02-23.jpg","2023-11-16",336,8866,1,"7-33688661","11/16/2023"
"9783","Russia","Russia","6 Granat-4","destroyed","https://i.postimg.cc/RZSw2km6/1025-Granat-4-UAV-destr-17-03-23.jpg","2023-11-16",336,8867,1,"7-33688671","11/16/2023"
"9784","Russia","Russia","6 Granat-4","destroyed","https://i.postimg.cc/XvMQ9X8D/1011-Granat-4-recon-UAV-destr-30-04-23.jpg","2023-11-16",336,8868,1,"7-33688681","11/16/2023"
"9785","Russia","Russia","6 Granat-4","destroyed","https://i.postimg.cc/YCVzxqmS/1017-Granat-4-reconnaissance-UAV-destr-15-03-22.jpg","2023-11-16",336,8869,1,"7-33688691","11/16/2023"
"9786","Russia","Russia","6 Granat-4","captured","https://postimg.cc/fkztstLf","2023-11-16",336,8870,3,"7-33688703","11/16/2023"
"9787","Russia","Russia","6 Granat-4","captured","https://i.postimg.cc/prgztXj0/354.png","2023-11-16",336,8871,3,"7-33688713","11/16/2023"
"9788","Russia","Russia","Eleron-3","destroyed","https://twitter.com/UAWeapons/status/1525923825333960705","2023-11-16",337,8872,1,"7-33788721","11/16/2023"
"9789","Russia","Russia","Eleron-3","destroyed","https://twitter.com/UAWeapons/status/1587921872272097280","2023-11-16",337,8873,1,"7-33788731","11/16/2023"
"9790","Russia","Russia","Eleron-3","destroyed","https://i.postimg.cc/T3tG7XHV/1015-eleron3-destr-27-07-22.jpg","2023-11-16",337,8874,1,"7-33788741","11/16/2023"
"9791","Russia","Russia","Eleron-3","destroyed","https://twitter.com/UAWeapons/status/1645175444768010247","2023-11-16",337,8875,1,"7-33788751","11/16/2023"
"9792","Russia","Russia","Eleron-3","destroyed","https://i.postimg.cc/jS1xpsyW/1035-Eleron-3-destr-02-05-23.jpg","2023-11-16",337,8876,1,"7-33788761","11/16/2023"
"9793","Russia","Russia","Eleron-3","destroyed","https://i.postimg.cc/YC02D4LK/1036-Eleron-3-destr-31-08-22.jpg","2023-11-16",337,8877,1,"7-33788771","11/16/2023"
"9794","Russia","Russia","Eleron-3","destroyed","https://i.postimg.cc/zvv3b7Dq/1011-Eleron-3-reconnaissance-UAV-destr-10-04-23.jpg","2023-11-16",337,8878,1,"7-33788781","11/16/2023"
"9795","Russia","Russia","Eleron-3","destroyed","https://i.postimg.cc/59zFFLVN/1007-Eleron-3-reconnaissance-UAV-destr-07-06-23.jpg","2023-11-16",337,8879,1,"7-33788791","11/16/2023"
"9796","Russia","Russia","Eleron-3","destroyed","https://i.postimg.cc/mZKHs7mz/1047-Eleron-3-destr-14-06-23.jpg","2023-11-16",337,8880,1,"7-33788801","11/16/2023"
"9797","Russia","Russia","Eleron-3","destroyed","https://i.postimg.cc/bJr5sBdG/1029-Eleron-3-reconnaissance-UAV-destr-18-07-23.jpg","2023-11-16",337,8881,1,"7-33788811","11/16/2023"
"9798","Russia","Russia","Eleron-3","destroyed","https://i.postimg.cc/mkM89fHn/1049-Eleron-3-UAV-destr-21-07-23.jpg","2023-11-16",337,8882,1,"7-33788821","11/16/2023"
"9799","Russia","Russia","Eleron-3","captured","https://i.postimg.cc/hGsW7Rwk/36hp.png","2023-11-16",337,8883,3,"7-33788833","11/16/2023"
"9800","Russia","Russia","Eleron-3","captured","https://i.postimg.cc/ncWt99Cy/4ff.png","2023-11-16",337,8884,3,"7-33788843","11/16/2023"
"9801","Russia","Russia","Eleron-3","captured","https://i.postimg.cc/yxRnwVzy/421.png","2023-11-16",337,8885,3,"7-33788853","11/16/2023"
"9802","Russia","Russia","Eleron-3","captured","https://i.postimg.cc/dtTP9TgR/f50.png","2023-11-16",337,8886,3,"7-33788863","11/16/2023"
"9803","Russia","Russia","Eleron-3","captured","https://i.postimg.cc/V6S9fK6Z/769.png","2023-11-16",337,8887,3,"7-33788873","11/16/2023"
"9804","Russia","Russia","Eleron-3","captured","https://i.postimg.cc/G3GCT98B/479.png","2023-11-16",337,8888,3,"7-33788883","11/16/2023"
"9805","Russia","Russia","Eleron-3","captured","https://i.postimg.cc/t43HgRz7/49.png","2023-11-16",337,8889,3,"7-33788893","11/16/2023"
"9806","Russia","Russia","Eleron-3","captured","https://i.postimg.cc/8CbDZkFx/589.png","2023-11-16",337,8890,3,"7-33788903","11/16/2023"
"9807","Russia","Russia","Eleron-3","captured","https://i.postimg.cc/brBpB1P1/434.png","2023-11-16",337,8891,3,"7-33788913","11/16/2023"
"9808","Russia","Russia","Eleron-3","captured","https://i.postimg.cc/ht00FV6v/5g5.png","2023-11-16",337,8892,3,"7-33788923","11/16/2023"
"9809","Russia","Russia","Eleron-3","captured","https://i.postimg.cc/3RLLMqnV/1007-Eleron-3-reconnaissance-UAV.jpg","2023-11-16",337,8893,3,"7-33788933","11/16/2023"
"9810","Russia","Russia","Eleron-3","captured","https://twitter.com/UAWeapons/status/1561452400619159558","2023-11-16",337,8894,3,"7-33788943","11/16/2023"
"9811","Russia","Russia","Eleron-3","captured","https://postimg.cc/QFpQ5z8d","2023-11-16",337,8895,3,"7-33788953","11/16/2023"
"9812","Russia","Russia","Eleron-3","captured","https://i.postimg.cc/zX0rNDNs/1040-Eleron-3-UAV-capt-16-12-22.jpg","2023-11-16",337,8896,3,"7-33788963","11/16/2023"
"9813","Russia","Russia","Eleron-3","captured","https://i.postimg.cc/6Q9rgDkR/1015-Eleron-3-capt-01-05-23.jpg","2023-11-16",337,8897,3,"7-33788973","11/16/2023"
"9814","Russia","Russia","Eleron-3","captured","https://i.postimg.cc/6pDN1N8P/1043-Eleron-3-capt-13-05-23.jpg","2023-11-16",337,8898,3,"7-33788983","11/16/2023"
"9815","Russia","Russia","Eleron-3","captured","https://i.postimg.cc/nhsJkLh7/1044-Eleron-3-SV-reconnaissance-UAV-capt-10-05-23.jpg","2023-11-16",337,8899,3,"7-33788993","11/16/2023"
"9816","Russia","Russia","Eleron-3","captured","https://i.postimg.cc/262VSMDH/1012-Eleron-3-SV-reconnaissance-UAV-capt-30-11-22.jpg","2023-11-16",337,8900,3,"7-33789003","11/16/2023"
"9817","Russia","Russia","Eleron-3","captured","https://i.postimg.cc/bNjx51YM/1004-Eleron-3-capt-22-06-23.jpg","2023-11-16",337,8901,3,"7-33789013","11/16/2023"
"9818","Russia","Russia","Eleron-3","captured","https://i.postimg.cc/GmSssGwf/1021-Eleron-3-reconnaissance-UAV-capt-18-04-22.jpg","2023-11-16",337,8902,3,"7-33789023","11/16/2023"
"9819","Russia","Russia","Eleron-3","captured","https://i.postimg.cc/7ZFVj8WN/1055-eleron3-capt-19-07-23.jpg","2023-11-16",337,8903,3,"7-33789033","11/16/2023"
"9820","Russia","Russia","Eleron-3","captured","https://i.postimg.cc/wMXHD0hD/1037-Eleron-capt-03-08-23.jpg","2023-11-16",337,8904,3,"7-33789043","11/16/2023"
"9821","Russia","Russia","Eleron-3","captured","https://i.postimg.cc/8cZrs1M0/1020-eleron3-capt-07-08-23.jpg","2023-11-16",337,8905,3,"7-33789053","11/16/2023"
"9822","Russia","Russia","1 Eleron-3SV","destroyed","https://i.postimg.cc/4d1vt3wR/1015-Eleron3-SV-destr-02-10-23.jpg","2023-11-16",338,8906,1,"7-33889061","11/16/2023"
"9823","Russia","Russia","1 Eleron-10","destroyed","https://i.postimg.cc/J0X3938G/1028-Eleron-10-destr-03-07-23.jpg","2023-11-16",339,8907,1,"7-33989071","11/16/2023"
"9824","Russia","Russia","4 Eleron T28ME","destroyed","https://i.postimg.cc/kgrgNB3k/1042-Eleron-T28-ME-destr-09-07-23.jpg","2023-11-16",340,8908,1,"7-34089081","11/16/2023"
"9825","Russia","Russia","4 Eleron T28ME","destroyed","https://i.postimg.cc/Y2vVy97R/1039-Eleron-28-E-destr-17-08-23.jpg","2023-11-16",340,8909,1,"7-34089091","11/16/2023"
"9826","Russia","Russia","4 Eleron T28ME","destroyed","https://i.postimg.cc/yxq7v5Rp/1031-Eleron-7-T28-destr-21-08-23.jpg","2023-11-16",340,8910,1,"7-34089101","11/16/2023"
"9827","Russia","Russia","4 Eleron T28ME","captured","https://twitter.com/UAWeapons/status/1559628435819044864","2023-11-16",340,8911,3,"7-34089113","11/16/2023"
"9828","Russia","Russia","Takhion","destroyed","https://i.postimg.cc/sxKrvRgJ/1030-Takhion-reconnaissance-UAV-destr-26-02-23.jpg","2023-11-16",341,8912,1,"7-34189121","11/16/2023"
"9829","Russia","Russia","Takhion","captured","https://i.postimg.cc/L8Hsjzh6/41.png","2023-11-16",341,8913,3,"7-34189133","11/16/2023"
"9830","Russia","Russia","Takhion","captured","https://i.postimg.cc/26dxtGgS/554.jpg","2023-11-16",341,8914,3,"7-34189143","11/16/2023"
"9831","Russia","Russia","Takhion","captured","https://i.postimg.cc/CLCjKNKv/1034-Takhion-UAV-capt-09-10-22.jpg","2023-11-16",341,8915,3,"7-34189153","11/16/2023"
"9832","Russia","Russia","Takhion","captured","https://i.postimg.cc/vZnpq1DY/1034-Takhion-reconnaissance-UAV-capt-15-07-22.jpg","2023-11-16",341,8916,3,"7-34189163","11/16/2023"
"9833","Russia","Russia","ZALA 421-16?","destroyed","https://i.postimg.cc/g0PSJpwZ/g2.jpg","2023-11-16",342,8917,1,"7-34289171","11/16/2023"
"9834","Russia","Russia","ZALA 421-16?","destroyed","https://i.postimg.cc/qqBxnjfW/480.png","2023-11-16",342,8918,1,"7-34289181","11/16/2023"
"9835","Russia","Russia","ZALA 421-16?","destroyed","https://twitter.com/UAWeapons/status/1596555550741106689","2023-11-16",342,8919,1,"7-34289191","11/16/2023"
"9836","Russia","Russia","ZALA 421-16?","destroyed","https://i.postimg.cc/NFv5zBnP/1028-Zala-421-destr-09-02-23.jpg","2023-11-16",342,8920,1,"7-34289201","11/16/2023"
"9837","Russia","Russia","ZALA 421-16?","destroyed","https://i.postimg.cc/HLMrshw0/1011-ZALA-421-16-E2-destr-08-03-23.jpg","2023-11-16",342,8921,1,"7-34289211","11/16/2023"
"9838","Russia","Russia","ZALA 421-16?","destroyed","https://i.postimg.cc/nL7SrL8F/798.png","2023-11-16",342,8922,1,"7-34289221","11/16/2023"
"9839","Russia","Russia","ZALA 421-16?","destroyed","https://i.postimg.cc/FFPpDTpS/1054-zala421-destr-29-04-23.jpg","2023-11-16",342,8923,1,"7-34289231","11/16/2023"
"9840","Russia","Russia","ZALA 421-16?","destroyed","https://i.postimg.cc/NFrmRYXh/1007-ZALA-421-16-2-destr-30-01-23.jpg","2023-11-16",342,8924,1,"7-34289241","11/16/2023"
"9841","Russia","Russia","ZALA 421-16?","destroyed","https://i.postimg.cc/7YVfKvnm/1019-orlan10-destr-08-02-23.jpg","2023-11-16",342,8925,1,"7-34289251","11/16/2023"
"9842","Russia","Russia","ZALA 421-16?","destroyed","https://i.postimg.cc/yxg3PfPB/1012-ZALA-421-16-E2-destr-15-06-23.jpg","2023-11-16",342,8926,1,"7-34289261","11/16/2023"
"9843","Russia","Russia","ZALA 421-16?","destroyed","https://i.postimg.cc/DzSTG07x/1012-ZALA-421-16-2-destr-15-06-23.jpg","2023-11-16",342,8927,1,"7-34289271","11/16/2023"
"9844","Russia","Russia","ZALA 421-16?","destroyed","https://i.postimg.cc/76nwXdG6/1020-Zala-421-16-E2-destr-02-07-23.jpg","2023-11-16",342,8928,1,"7-34289281","11/16/2023"
"9845","Russia","Russia","ZALA 421-16?","destroyed","https://i.postimg.cc/c1nKLJwC/1013-Zala-421-16-E-destr-05-07-23.jpg","2023-11-16",342,8929,1,"7-34289291","11/16/2023"
"9846","Russia","Russia","ZALA 421-16?","destroyed","https://i.postimg.cc/jSPD1F96/1014-ZALA-421-16-E-destr-08-07-23.jpg","2023-11-16",342,8930,1,"7-34289301","11/16/2023"
"9847","Russia","Russia","ZALA 421-16?","destroyed","https://i.postimg.cc/J7skvp5C/1046-Zala-421-16-E-destr-14-06-23.jpg","2023-11-16",342,8931,1,"7-34289311","11/16/2023"
"9848","Russia","Russia","ZALA 421-16?","destroyed","https://i.postimg.cc/bv2VhxGV/1022-Zala-421-16-E-destr-20-07-23.jpg","2023-11-16",342,8932,1,"7-34289321","11/16/2023"
"9849","Russia","Russia","ZALA 421-16?","destroyed","https://i.postimg.cc/4yrjCQfY/1009-ZALA-421-16-reconnaissance-UAV-destr-12-01-23.jpg","2023-11-16",342,8933,1,"7-34289331","11/16/2023"
"9850","Russia","Russia","ZALA 421-16?","destroyed","https://i.postimg.cc/9QPKS9vf/1013-ZALA-421-16-reconnaissance-UAV-destr-05-07-23.jpg","2023-11-16",342,8934,1,"7-34289341","11/16/2023"
"9851","Russia","Russia","ZALA 421-16?","destroyed","https://i.postimg.cc/qR08hpFV/1006-Zala-421-16-E-destr-26-07-23.jpg","2023-11-16",342,8935,1,"7-34289351","11/16/2023"
"9852","Russia","Russia","ZALA 421-16?","destroyed","https://i.postimg.cc/t43FmsGr/1000-Zala-421-16-E-destr-09-08-23.jpg","2023-11-16",342,8936,1,"7-34289361","11/16/2023"
"9853","Russia","Russia","ZALA 421-16?","destroyed","https://i.postimg.cc/Xqw4h8cj/1009-ZALA-421-16-reconnaissance-UAV-destr-21-08-23.jpg","2023-11-16",342,8937,1,"7-34289371","11/16/2023"
"9854","Russia","Russia","ZALA 421-16?","destroyed","https://i.postimg.cc/ht7P9h60/1003-ZALA-421-16-reconnaissance-UAV-destr-22-08-23.jpg","2023-11-16",342,8938,1,"7-34289381","11/16/2023"
"9855","Russia","Russia","ZALA 421-16?","destroyed","https://i.postimg.cc/d3qpwHfw/3700.png","2023-11-16",342,8939,1,"7-34289391","11/16/2023"
"9856","Russia","Russia","ZALA 421-16?","destroyed","https://i.postimg.cc/fyK65ykQ/653.png","2023-11-16",342,8940,1,"7-34289401","11/16/2023"
"9857","Russia","Russia","ZALA 421-16?","destroyed","https://i.postimg.cc/T1JTsxtm/437.png","2023-11-16",342,8941,1,"7-34289411","11/16/2023"
"9858","Russia","Russia","ZALA 421-16?","destroyed","https://i.postimg.cc/DyCgs89j/436.png","2023-11-16",342,8942,1,"7-34289421","11/16/2023"
"9859","Russia","Russia","ZALA 421-16?","destroyed","https://i.postimg.cc/2S6Lmwg7/754.png","2023-11-16",342,8943,1,"7-34289431","11/16/2023"
"9860","Russia","Russia","ZALA 421-16?","destroyed","https://i.postimg.cc/9Ff7K7j5/1021-Zala-421-16-E-destr-03-11-23.jpg","2023-11-16",342,8944,1,"7-34289441","11/16/2023"
"9861","Russia","Russia","ZALA 421-16?","destroyed","https://i.postimg.cc/y6jRLTty/1025-Zala-421-16-E-destr-04-11-23.jpg","2023-11-16",342,8945,1,"7-34289451","11/16/2023"
"9862","Russia","Russia","ZALA 421-16?","destroyed","https://i.postimg.cc/ht84h821/1038-Zala-421-16-E-destr-09-11-23.jpg","2023-11-16",342,8946,1,"7-34289461","11/16/2023"
"9863","Russia","Russia","ZALA 421-16?","captured","https://i.postimg.cc/XqR7yK79/8744.jpg","2023-11-16",342,8947,3,"7-34289473","11/16/2023"
"9864","Russia","Russia","ZALA 421-16?","captured","https://i.postimg.cc/mZM31swq/1006.jpg","2023-11-16",342,8948,3,"7-34289483","11/16/2023"
"9865","Russia","Russia","ZALA 421-16?","captured","https://twitter.com/UAWeapons/status/1565999784208498689","2023-11-16",342,8949,3,"7-34289493","11/16/2023"
"9866","Russia","Russia","ZALA 421-16?","captured","https://twitter.com/UAWeapons/status/1621901318318088194","2023-11-16",342,8822,3,"7-34288223","11/16/2023"
"9867","Russia","Russia","ZALA 421-16?","captured","https://i.postimg.cc/SQdwFL0v/7769.png","2023-11-16",342,8950,3,"7-34289503","11/16/2023"
"9868","Russia","Russia","ZALA 421-16?","captured","https://i.postimg.cc/3xVBQQcg/555g.png","2023-11-16",342,8951,3,"7-34289513","11/16/2023"
"9869","Russia","Russia","ZALA 421-16?","captured","https://i.postimg.cc/zXxjVkzK/1016-ZALA-421-16-2-reconnaissance-UAV-capt-18-05-23.jpg","2023-11-16",342,8952,3,"7-34289523","11/16/2023"
"9870","Russia","Russia","ZALA 421-16?","captured","https://i.postimg.cc/fywcbV18/1044-ZALA-421-16-E2-reconnaissance-UAV-capt-10-05-23.png","2023-11-16",342,8953,3,"7-34289533","11/16/2023"
"9871","Russia","Russia","ZALA 421-16?","captured","https://i.postimg.cc/DzRKPhZn/1021-ZALA-421-16-2-capt-30-11-22.jpg","2023-11-16",342,8954,3,"7-34289543","11/16/2023"
"9872","Russia","Russia","ZALA 421-16?","captured","https://i.postimg.cc/ZnLnB0Fw/1029-ZALA-421-16-E2-capt-30-06-23.jpg","2023-11-16",342,8955,3,"7-34289553","11/16/2023"
"9873","Russia","Russia","ZALA 421-16?","captured","https://i.postimg.cc/JzCSPxYg/1008-ZALA-421-16-reconnaissance-UAV-capt-20-04-23.jpg","2023-11-16",342,8956,3,"7-34289563","11/16/2023"
"9874","Russia","Russia","ZALA 421-16?","captured","https://i.postimg.cc/nVN58JcJ/1002-zala-uav-capt-17-08-23.jpg","2023-11-16",342,8957,3,"7-34289573","11/16/2023"
"9875","Russia","Russia","ZALA 421-16?","captured","https://i.postimg.cc/qvSpzmS9/52.png","2023-11-16",342,8958,3,"7-34289583","11/16/2023"
"9876","Russia","Russia","2 ZALA 421-16?M","captured","https://twitter.com/UAWeapons/status/1576500730478764032","2023-11-16",343,8959,3,"7-34389593","11/16/2023"
"9877","Russia","Russia","2 ZALA 421-16?M","captured","https://i.postimg.cc/0yy0crnS/1028-ZALA-421-16-E-capt-29-05-23.jpg","2023-11-16",343,8960,3,"7-34389603","11/16/2023"
"9878","Russia","Russia","Merlin-VR","destroyed","https://i.postimg.cc/x1NDqL6V/433.png","2023-11-16",344,8961,1,"7-34489611","11/16/2023"
"9879","Russia","Russia","Lastochka-M","captured","https://i.postimg.cc/5NfHCQZp/4144.png","2023-11-16",345,8962,3,"7-34589623","11/16/2023"
"9880","Russia","Russia","2 Supercam S150","destroyed","https://i.postimg.cc/rFYXYwyv/327.png","2023-11-16",346,8963,1,"7-34689631","11/16/2023"
"9881","Russia","Russia","2 Supercam S150","captured","https://i.postimg.cc/cC42XVpx/554.png","2023-11-16",346,8964,3,"7-34689643","11/16/2023"
"9882","Russia","Russia","Supercam S350","destroyed","https://i.postimg.cc/nV5W0D4K/1010-Supercam-S350-UAV-destr-25-01-23.jpg","2023-11-16",347,8965,1,"7-34789651","11/16/2023"
"9883","Russia","Russia","Supercam S350","destroyed","https://i.postimg.cc/pdFYcbDJ/1020-Supercam-S350-reconnaissance-UAV-destr-16-05-23.jpg","2023-11-16",347,8966,1,"7-34789661","11/16/2023"
"9884","Russia","Russia","Supercam S350","destroyed","https://i.postimg.cc/RZjJzDkD/1042-Supercam-S350-destr-20-06-23.jpg","2023-11-16",347,8967,1,"7-34789671","11/16/2023"
"9885","Russia","Russia","Supercam S350","destroyed","https://i.postimg.cc/5tfScPC1/1018-Super-Cam-S350-destr-19-08-23.jpg","2023-11-16",347,8968,1,"7-34789681","11/16/2023"
"9886","Russia","Russia","Supercam S350","destroyed","https://i.postimg.cc/Hk5Z0ryV/2489.png","2023-11-16",347,8969,1,"7-34789691","11/16/2023"
"9887","Russia","Russia","Supercam S350","destroyed","https://i.postimg.cc/63s8g7rj/765.png","2023-11-16",347,8970,1,"7-34789701","11/16/2023"
"9888","Russia","Russia","Supercam S350","destroyed","https://i.postimg.cc/2yw1fXTL/1009-Supercam-S350-reconnaissance-UAV-destr-04-10-23.jpg","2023-11-16",347,8971,1,"7-34789711","11/16/2023"
"9889","Russia","Russia","Supercam S350","destroyed","https://twitter.com/UAWeapons/status/1711812998359060514","2023-11-16",347,6646,1,"7-34766461","11/16/2023"
"9890","Russia","Russia","Supercam S350","destroyed","https://i.postimg.cc/hv3qz9rV/1071-Supercam-S350-reconnaissance-UAV-destr-14-10-23.jpg","2023-11-16",347,8972,1,"7-34789721","11/16/2023"
"9891","Russia","Russia","Supercam S350","captured","https://i.postimg.cc/9fSnXycR/46g.png","2023-11-16",347,8973,3,"7-34789733","11/16/2023"
"9892","Russia","Russia","Supercam S350","captured","https://i.postimg.cc/zXcdXxRN/1046-Supercam-S350-capt-28-04-23.jpg","2023-11-16",347,8974,3,"7-34789743","11/16/2023"
"9893","Russia","Russia","Supercam S350","captured","https://i.postimg.cc/k5tJ9kyT/1037-Supercam-S350-UAV-capt-03-05-23.jpg","2023-11-16",347,8975,3,"7-34789753","11/16/2023"
"9894","Russia","Russia","Supercam S350","captured","https://i.postimg.cc/8PzhPW40/7j.png","2023-11-16",347,8976,3,"7-34789763","11/16/2023"
"9895","Russia","Russia","Supercam S350","captured","https://i.postimg.cc/FHSdDJyk/246.png","2023-11-16",347,8977,3,"7-34789773","11/16/2023"
"9896","Russia","Russia","Supercam S350","captured","https://i.postimg.cc/V6mw3sv0/1074-Supercam-S350-reconnaissance-UAV-capt-12-10-23.jpg","2023-11-16",347,8978,3,"7-34789783","11/16/2023"
"9897","Russia","Russia","1 Grifon-12","captured","https://i.postimg.cc/SRMbNRm3/1011-Grifon-12-uav-capt.jpg","2023-11-16",348,8979,3,"7-34889793","11/16/2023"
"9898","Russia","Soviet Union","Project 1164 Slava-class guided missile cruiser","destroyed","https://i.postimg.cc/GhPrsQVH/68.png","2023-11-16",349,8980,1,"7-34989801","11/16/2023"
"9899","Russia","Russia","1 Project 22800 Karakurt-class corvette","destroyed","https://i.postimg.cc/yWq9mLBs/1000-Askold-Project-22800-Karakurt-class-corvette-destr.jpg","2023-11-16",350,8981,1,"7-35089811","11/16/2023"
"9900","Russia","Russia","Project 636.3 Improved Kilo-class submarine","damaged","https://twitter.com/UAWeapons/status/1703731799128498239","2023-11-16",351,8982,2,"7-35189822","11/16/2023"
"9901","Russia","Russia","5 Project 03160 Raptor-class patrol boat","destroyed","https://i.postimg.cc/LX8JW4dJ/46.png","2023-11-16",352,8983,1,"7-35289831","11/16/2023"
"9902","Russia","Russia","5 Project 03160 Raptor-class patrol boat","destroyed","https://i.postimg.cc/0yycFg18/6j.jpg","2023-11-16",352,8984,1,"7-35289841","11/16/2023"
"9903","Russia","Russia","5 Project 03160 Raptor-class patrol boat","destroyed","https://i.postimg.cc/qqhnJFrH/1011.jpg","2023-11-16",352,8985,1,"7-35289851","11/16/2023"
"9904","Russia","Russia","5 Project 03160 Raptor-class patrol boat","damaged","https://i.postimg.cc/Gh7yVRxL/4438.png","2023-11-16",352,8986,2,"7-35289862","11/16/2023"
"9905","Russia","Russia","5 Project 03160 Raptor-class patrol boat","damaged","https://twitter.com/UAWeapons/status/1506229325598756872","2023-11-16",352,8987,2,"7-35289872","11/16/2023"
"9906","Russia","Russia","Project 02510 BK-16E high-speed assault boat","destroyed","https://i.postimg.cc/V6TjLx6w/7769.png","2023-11-16",353,8988,1,"7-35389881","11/16/2023"
"9907","Russia","Russia","Project 640 small patrol boat","destroyed","https://twitter.com/UAWeapons/status/1698331819282718772","2023-11-16",354,8989,1,"7-35489891","11/16/2023"
"9908","Russia","Soviet Union","Project 1171 Tapir-class landing ship","destroyed","https://twitter.com/RALee85/status/1506953417935179793","2023-11-16",355,8990,1,"7-35589901","11/16/2023"
"9909","Russia","Poland","Project 775 Ropucha-class landing ship","damaged","https://twitter.com/UAWeapons/status/1701917293633028509","2023-11-16",356,8991,2,"7-35689912","11/16/2023"
"9910","Russia","Poland","Project 775 Ropucha-class landing ship","damaged","https://i.postimg.cc/k4zbP5Ff/13.png","2023-11-16",356,8992,2,"7-35689922","11/16/2023"
"9911","Russia","Poland","Project 775 Ropucha-class landing ship","damaged","https://twitter.com/UAWeapons/status/1687356280069820416","2023-11-16",356,8993,2,"7-35689932","11/16/2023"
"9912","Russia","Russia","Project 11770 Serna-class landing craft","destroyed","https://i.postimg.cc/cJWjtN8s/437.png","2023-11-16",357,8994,1,"7-35789941","11/16/2023"
"9913","Russia","Russia","Project 11770 Serna-class landing craft","damaged","https://i.postimg.cc/bJrq67pm/1036-Ondatra-serna-class-dam-10-11-23.jpg","2023-11-16",357,8995,2,"7-35789952","11/16/2023"
"9914","Russia","Soviet Union","1 Project 1176 Ondatra-class landing craft","damaged","https://i.postimg.cc/bJrq67pm/1036-Ondatra-serna-class-dam-10-11-23.jpg","2023-11-16",358,8995,2,"7-35889952","11/16/2023"
"9915","Russia","Russia","Project 22870 rescue tug","destroyed","https://twitter.com/UAWeapons/status/1538455159914876928","2023-11-16",359,8996,1,"7-35989961","11/16/2023"
"9916","Russia","Soviet Union","1 Project 266M Natya-class minesweeper","damaged","https://twitter.com/UAWeapons/status/1586363908071489536","2023-11-16",360,8997,2,"7-36089972","11/16/2023"
"9917","Russia","Soviet Union","1 GAZ-51","captured","https://twitter.com/UAWeapons/status/1568354017025134592","2023-11-16",361,8998,3,"7-36189983","11/16/2023"
"9918","Russia","Soviet Union","GAZ-66","destroyed","https://i.postimg.cc/dQbNmhLb/43111.png","2023-11-16",362,8999,1,"7-36289991","11/16/2023"
"9919","Russia","Soviet Union","GAZ-66","destroyed","https://i.postimg.cc/289BmqmS/4f11.png","2023-11-16",362,9000,1,"7-36290001","11/16/2023"
"9920","Russia","Soviet Union","GAZ-66","destroyed","https://i.postimg.cc/Y25xk2P9/4f111.png","2023-11-16",362,9001,1,"7-36290011","11/16/2023"
"9921","Russia","Soviet Union","GAZ-66","destroyed","https://i.postimg.cc/TwV56zF6/577.jpg","2023-11-16",362,9002,1,"7-36290021","11/16/2023"
"9922","Russia","Soviet Union","GAZ-66","destroyed","https://i.postimg.cc/kMVKr282/2.png","2023-11-16",362,9003,1,"7-36290031","11/16/2023"
"9923","Russia","Soviet Union","GAZ-66","destroyed","https://i.postimg.cc/L8pDLp2k/7766.jpg","2023-11-16",362,9004,1,"7-36290041","11/16/2023"
"9924","Russia","Soviet Union","GAZ-66","destroyed","https://i.postimg.cc/fbH69YY8/4311.png","2023-11-16",362,9005,1,"7-36290051","11/16/2023"
"9925","Russia","Soviet Union","GAZ-66","destroyed","https://i.postimg.cc/25Ys5fQs/2022-03-20-gaz-66.jpg","2023-11-16",362,9006,1,"7-36290061","11/16/2023"
"9926","Russia","Soviet Union","GAZ-66","destroyed","https://i.postimg.cc/bJhNX1gx/1011-gaz66-destr.jpg","2023-11-16",362,9007,1,"7-36290071","11/16/2023"
"9927","Russia","Soviet Union","GAZ-66","destroyed","https://i.postimg.cc/tJgHpmTW/1001-GAZ-66-destr.jpg","2023-11-16",362,9008,1,"7-36290081","11/16/2023"
"9928","Russia","Soviet Union","GAZ-66","destroyed","https://i.postimg.cc/JzSdm01T/1007-gaz-66-destr.jpg","2023-11-16",362,9009,1,"7-36290091","11/16/2023"
"9929","Russia","Soviet Union","GAZ-66","destroyed","https://i.postimg.cc/4dKPKPT0/1001-gaz66-destr.jpg","2023-11-16",362,9010,1,"7-36290101","11/16/2023"
"9930","Russia","Soviet Union","GAZ-66","destroyed","https://i.postimg.cc/x1vFMxFT/1027-GAZ66-destr-01-12-22.jpg","2023-11-16",362,9011,1,"7-36290111","11/16/2023"
"9931","Russia","Soviet Union","GAZ-66","destroyed","https://i.postimg.cc/XvGqRpp8/981.png","2023-11-16",362,9012,1,"7-36290121","11/16/2023"
"9932","Russia","Soviet Union","GAZ-66","destroyed","https://postlmg.cc/XZc3Z5q3","2023-11-16",362,9013,1,"7-36290131","11/16/2023"
"9933","Russia","Soviet Union","GAZ-66","destroyed","https://i.postimg.cc/X70D83K1/a11.png","2023-11-16",362,9014,1,"7-36290141","11/16/2023"
"9934","Russia","Soviet Union","GAZ-66","destroyed","https://twitter.com/naalsio26/status/1648509430911344640","2023-11-16",362,9015,1,"7-36290151","11/16/2023"
"9935","Russia","Soviet Union","GAZ-66","destroyed","https://i.postimg.cc/RZh7w1Fp/1016-gaz66-destr-23-05-23.jpg","2023-11-16",362,9016,1,"7-36290161","11/16/2023"
"9936","Russia","Soviet Union","GAZ-66","destroyed","https://i.postimg.cc/RhR4CgjN/1007-gaz66-destr-20-05-23.jpg","2023-11-16",362,9017,1,"7-36290171","11/16/2023"
"9937","Russia","Soviet Union","GAZ-66","destroyed","https://i.postimg.cc/90FpK54n/1014-GAZ-66-destr-12-12-22.jpg","2023-11-16",362,9018,1,"7-36290181","11/16/2023"
"9938","Russia","Soviet Union","GAZ-66","destroyed","https://i.postimg.cc/pL90PH0N/1037-GAZ-66-destr-17-06-23.jpg","2023-11-16",362,9019,1,"7-36290191","11/16/2023"
"9939","Russia","Soviet Union","GAZ-66","destroyed","https://i.postimg.cc/6Q89Rg4Y/1013-GAZ-66-destr-31-07-23.jpg","2023-11-16",362,9020,1,"7-36290201","11/16/2023"
"9940","Russia","Soviet Union","GAZ-66","destroyed","https://i.postimg.cc/fTTCkWWX/1022-gaz66-destr-20-08-23.jpg","2023-11-16",362,9021,1,"7-36290211","11/16/2023"
"9941","Russia","Soviet Union","GAZ-66","destroyed","https://i.postimg.cc/5tbncF9w/653.png","2023-11-16",362,9022,1,"7-36290221","11/16/2023"
"9942","Russia","Soviet Union","GAZ-66","captured","https://i.postimg.cc/9XPRbTw9/f43.png","2023-11-16",362,9023,3,"7-36290233","11/16/2023"
"9943","Russia","Soviet Union","GAZ-66","captured","https://i.postimg.cc/R0C7W7V9/4317.png","2023-11-16",362,9024,3,"7-36290243","11/16/2023"
"9944","Russia","Soviet Union","GAZ-66","captured","https://i.postimg.cc/pXvM15WK/d12.jpg","2023-11-16",362,9025,3,"7-36290253","11/16/2023"
"9945","Russia","Soviet Union","GAZ-66","captured","https://i.postimg.cc/jdSY0Bkm/2022-09-22-GAZ-66.jpg","2023-11-16",362,9026,3,"7-36290263","11/16/2023"
"9946","Russia","Soviet Union","GAZ-66","captured","https://twitter.com/UAWeapons/status/1569288340041568258","2023-11-16",362,9027,3,"7-36290273","11/16/2023"
"9947","Russia","Soviet Union","GAZ-66","captured","https://i.postimg.cc/d1McgCfj/GAz-66-possibly-some-sort-of-command-variant.png","2023-11-16",362,9028,3,"7-36290283","11/16/2023"
"9948","Russia","Soviet Union","GAZ-66","captured","https://i.postimg.cc/sfGhVFTf/2022-03-17-gaz-66.jpg","2023-11-16",362,9029,3,"7-36290293","11/16/2023"
"9949","Russia","Soviet Union","GAZ-66","captured","https://i.postimg.cc/MK2CsTfD/1000-gaz-66-capt.jpg","2023-11-16",362,9030,3,"7-36290303","11/16/2023"
"9950","Russia","Soviet Union","GAZ-66","captured","https://i.postimg.cc/9QRHKwqK/1001-gaz66-capt.jpg","2023-11-16",362,9031,3,"7-36290313","11/16/2023"
"9951","Russia","Soviet Union","GAZ-66","captured","https://i.postimg.cc/WtRtWZrQ/vlc-et-R7-GCoo-BA.jpg","2023-11-16",362,9032,3,"7-36290323","11/16/2023"
"9952","Russia","Soviet Union","GAZ-66","captured","https://i.postimg.cc/6Qsk9CN2/1001-gaz66-capt-13-01-23.jpg","2023-11-16",362,9033,3,"7-36290333","11/16/2023"
"9953","Russia","Soviet Union","GAZ-66","captured","https://i.postimg.cc/DzCDF03k/1014-GAZ-66-capt-18-01-23.jpg","2023-11-16",362,9034,3,"7-36290343","11/16/2023"
"9954","Russia","Soviet Union","GAZ-66","captured","https://i.postimg.cc/cHg7y78p/58.png","2023-11-16",362,9035,3,"7-36290353","11/16/2023"
"9955","Russia","Soviet Union","KrAZ-255B","destroyed","https://i.postimg.cc/sXkvh4bK/1012-kraz255.jpg","2023-11-16",363,9036,1,"7-36390361","11/16/2023"
"9956","Russia","Soviet Union","KrAZ-255B","destroyed","https://i.postimg.cc/FRMSBKN1/77690.png","2023-11-16",363,9037,1,"7-36390371","11/16/2023"
"9957","Russia","Soviet Union","KrAZ-255B","destroyed","https://i.postimg.cc/02Kq4Fnk/1004-Kraz-255-B-destr-26-08-23.jpg","2023-11-16",363,9038,1,"7-36390381","11/16/2023"
"9958","Russia","Soviet Union","KrAZ-255B","captured","https://i.postimg.cc/B6LVH2xJ/668.png","2023-11-16",363,9039,3,"7-36390393","11/16/2023"
"9959","Russia","Soviet Union","KrAZ-255B tanker","destroyed","https://i.postimg.cc/j2CpfJXK/7990.png","2023-11-16",364,9040,1,"7-36490401","11/16/2023"
"9960","Russia","Soviet Union","KrAZ-255B tanker","destroyed","https://i.postimg.cc/rmWZRsXB/43fg.png","2023-11-16",364,9041,1,"7-36490411","11/16/2023"
"9961","Russia","Soviet Union","KrAZ-255B tanker","destroyed","https://i.postimg.cc/gjvfJxr8/cc5.jpg","2023-11-16",364,9042,1,"7-36490421","11/16/2023"
"9962","Russia","Soviet Union","KrAZ-255B tanker","destroyed","https://i.postimg.cc/Gh4Kdx8V/1035-Kr-AZ-255-B-fuel-tanker-destr-19-02-23.jpg","2023-11-16",364,9043,1,"7-36490431","11/16/2023"
"9963","Russia","Soviet Union","KrAZ-255B tanker","destroyed","https://postlmg.cc/v1gYDv6k","2023-11-16",364,9044,1,"7-36490441","11/16/2023"
"9964","Russia","Soviet Union","KrAZ-255B tanker","destroyed","https://i.postimg.cc/kXt4k0F1/872.png","2023-11-16",364,9045,1,"7-36490451","11/16/2023"
"9965","Russia","Soviet Union","KrAZ-255B tanker","damaged","https://i.postimg.cc/jSFbtdw7/1086-Kr-AZ-255-B-tanker.jpg","2023-11-16",364,9046,2,"7-36490462","11/16/2023"
"9966","Russia","Soviet Union","KrAZ-255B tanker","captured","https://i.postimg.cc/jSFbtdw7/1086-Kr-AZ-255-B-tanker.jpg","2023-11-16",364,9046,3,"7-36490463","11/16/2023"
"9967","Russia","Soviet Union","9 KrAZ-260 tanker","destroyed","https://i.postimg.cc/B6x9TThT/1087-Kr-AZ-260-tanker.jpg","2023-11-16",365,9047,1,"7-36590471","11/16/2023"
"9968","Russia","Soviet Union","9 KrAZ-260 tanker","destroyed","https://i.postimg.cc/CKPwZS1Z/1010-6-destr-1-dam-Kr-AZ-260-tanker-and-ural4320-dam-09-08-22.jpg","2023-11-16",365,9048,1,"7-36590481","11/16/2023"
"9969","Russia","Soviet Union","9 KrAZ-260 tanker","damaged","https://i.postimg.cc/CKPwZS1Z/1010-6-destr-1-dam-Kr-AZ-260-tanker-and-ural4320-dam-09-08-22.jpg","2023-11-16",365,9048,2,"7-36590482","11/16/2023"
"9970","Russia","Soviet Union","9 KrAZ-260 tanker","captured","https://i.postimg.cc/tgkqHSbJ/2022-04-03-Kr-AZ-260-tanker-captured.jpg","2023-11-16",365,9049,3,"7-36590493","11/16/2023"
"9971","Russia","Soviet Union","29 ZiL-131","destroyed","https://i.postimg.cc/gc8PP5ZG/d3.png","2023-11-16",366,9050,1,"7-36690501","11/16/2023"
"9972","Russia","Soviet Union","29 ZiL-131","destroyed","https://i.postimg.cc/bv1b41zZ/f50.png","2023-11-16",366,9051,1,"7-36690511","11/16/2023"
"9973","Russia","Soviet Union","29 ZiL-131","destroyed","https://i.postimg.cc/s2JMN6H5/5g7.jpg","2023-11-16",366,9052,1,"7-36690521","11/16/2023"
"9974","Russia","Soviet Union","29 ZiL-131","destroyed","https://i.postimg.cc/nhrFcKR6/436.png","2023-11-16",366,9053,1,"7-36690531","11/16/2023"
"9975","Russia","Soviet Union","29 ZiL-131","destroyed","https://i.postimg.cc/MKVXwxx5/1020.jpg","2023-11-16",366,9054,1,"7-36690541","11/16/2023"
"9976","Russia","Soviet Union","29 ZiL-131","destroyed","https://i.postimg.cc/zGSDQVr9/7h.png","2023-11-16",366,9055,1,"7-36690551","11/16/2023"
"9977","Russia","Soviet Union","29 ZiL-131","destroyed","https://i.postimg.cc/V63RB754/1022-zil131-destr-10-02-23.jpg","2023-11-16",366,9056,1,"7-36690561","11/16/2023"
"9978","Russia","Soviet Union","29 ZiL-131","destroyed","https://i.postimg.cc/VkprYkSP/1005-Zi-L-131-destr.jpg","2023-11-16",366,9057,1,"7-36690571","11/16/2023"
"9979","Russia","Soviet Union","29 ZiL-131","destroyed","https://i.postimg.cc/C57nYC8c/1009-Zi-L-131-destr.jpg","2023-11-16",366,9058,1,"7-36690581","11/16/2023"
"9980","Russia","Soviet Union","29 ZiL-131","destroyed","https://i.postimg.cc/cC31RmbJ/1012-Zi-L-131-destr.jpg","2023-11-16",366,9059,1,"7-36690591","11/16/2023"
"9981","Russia","Soviet Union","29 ZiL-131","destroyed","https://i.postimg.cc/ZKrK0wN7/1016-Zi-L131-destr.jpg","2023-11-16",366,9060,1,"7-36690601","11/16/2023"
"9982","Russia","Soviet Union","29 ZiL-131","destroyed","https://i.postimg.cc/fL7GjLpK/1001-Zi-L-131-destr-04-01-23.jpg","2023-11-16",366,9061,1,"7-36690611","11/16/2023"
"9983","Russia","Soviet Union","29 ZiL-131","destroyed","https://i.postimg.cc/52ZThLMg/1004-Zi-L-131-destr-04-01-23.jpg","2023-11-16",366,9062,1,"7-36690621","11/16/2023"
"9984","Russia","Soviet Union","29 ZiL-131","destroyed","https://i.postimg.cc/gk028myX/1010-Zi-L131-destr-27-11-22.jpg","2023-11-16",366,9063,1,"7-36690631","11/16/2023"
"9985","Russia","Soviet Union","29 ZiL-131","destroyed","https://i.postimg.cc/T25QC6Wk/1028-zil131-destr-05-02-23.jpg","2023-11-16",366,9064,1,"7-36690641","11/16/2023"
"9986","Russia","Soviet Union","29 ZiL-131","destroyed","https://i.postimg.cc/wTR6xS6q/ui2.png","2023-11-16",366,9065,1,"7-36690651","11/16/2023"
"9987","Russia","Soviet Union","29 ZiL-131","destroyed","https://i.postimg.cc/K8n3xNmc/1039-Zi-L-131-destr-06-02-23.jpg","2023-11-16",366,9066,1,"7-36690661","11/16/2023"
"9988","Russia","Soviet Union","29 ZiL-131","destroyed","https://i.postimg.cc/3JfSMRFC/1018-Zi-L-131-destr-23-06-23.jpg","2023-11-16",366,9067,1,"7-36690671","11/16/2023"
"9989","Russia","Soviet Union","29 ZiL-131","destroyed","https://i.postimg.cc/hvJcV5Bg/1023-kamaz6x6-destr.jpg","2023-11-16",366,9068,1,"7-36690681","11/16/2023"
"9990","Russia","Soviet Union","29 ZiL-131","destroyed","https://i.postimg.cc/VNNdMvHV/1014-Zi-L-131-destr-12-10-23.jpg","2023-11-16",366,9069,1,"7-36690691","11/16/2023"
"9991","Russia","Soviet Union","29 ZiL-131","abandoned","https://i.postimg.cc/8k2Hgm1B/Screenshot-8397.png","2023-11-16",366,9070,4,"7-36690704","11/16/2023"
"9992","Russia","Soviet Union","29 ZiL-131","damaged","https://i.postimg.cc/cCWTD2S8/54.jpg","2023-11-16",366,9071,2,"7-36690712","11/16/2023"
"9993","Russia","Soviet Union","29 ZiL-131","captured","https://i.postimg.cc/cCWTD2S8/54.jpg","2023-11-16",366,9071,3,"7-36690713","11/16/2023"
"9994","Russia","Soviet Union","29 ZiL-131","damaged","https://i.postimg.cc/tCWmqrwD/2022-09-19-Zi-L-131.jpg","2023-11-16",366,9072,2,"7-36690722","11/16/2023"
"9995","Russia","Soviet Union","29 ZiL-131","captured","https://i.postimg.cc/tCWmqrwD/2022-09-19-Zi-L-131.jpg","2023-11-16",366,9072,3,"7-36690723","11/16/2023"
"9996","Russia","Soviet Union","29 ZiL-131","captured","https://i.postimg.cc/yxkvTzHY/1002-Zi-L-131-HB-capt.jpg","2023-11-16",366,9073,3,"7-36690733","11/16/2023"
"9997","Russia","Soviet Union","29 ZiL-131","captured","https://i.postimg.cc/7hxHqLD4/Zil-131-captured.png","2023-11-16",366,9074,3,"7-36690743","11/16/2023"
"9998","Russia","Soviet Union","29 ZiL-131","captured","https://i.postimg.cc/wvjd5bpM/1010-zil131-capt.jpg","2023-11-16",366,9075,3,"7-36690753","11/16/2023"
"9999","Russia","Soviet Union","29 ZiL-131","captured","https://i.postimg.cc/CLyxF3Rn/1015-Zi-L131-capt.jpg","2023-11-16",366,9076,3,"7-36690763","11/16/2023"
"10000","Russia","Soviet Union","29 ZiL-131","captured","https://i.postimg.cc/9fw4TCht/1009-Zi-L131-capt-12-01-23.jpg","2023-11-16",366,9077,3,"7-36690773","11/16/2023"
"10001","Russia","Soviet Union","29 ZiL-131","captured","https://i.postimg.cc/zfSz5m0h/1013-zil131-capt-30-11-22.jpg","2023-11-16",366,9078,3,"7-36690783","11/16/2023"
"10002","Russia","Soviet Union","2 ZiL-131 tanker","destroyed","https://twitter.com/UAWeapons/status/1577310511212920834","2023-11-16",367,1829,1,"7-36718291","11/16/2023"
"10003","Russia","Soviet Union","2 ZiL-131 tanker","captured","https://i.postimg.cc/NfFtVMs9/1021-zil-tanker.jpg","2023-11-16",367,9079,3,"7-36790793","11/16/2023"
"10004","Russia","Russia","1 2F77M transloading vehicle for 2K22M Tunguska-M","damaged","https://i.postimg.cc/K8YgCmdK/1020-2-F77-M-transloading-vehicle-for-2-K22-M-Tunguska-M-dam-capt.jpg","2023-11-16",368,9080,2,"7-36890802","11/16/2023"
"10005","Russia","Russia","1 2F77M transloading vehicle for 2K22M Tunguska-M","captured","https://i.postimg.cc/K8YgCmdK/1020-2-F77-M-transloading-vehicle-for-2-K22-M-Tunguska-M-dam-capt.jpg","2023-11-16",368,9080,3,"7-36890803","11/16/2023"
"10006","Russia","Soviet Union","9T217 transloader (for 9K33 Osa)","destroyed","https://i.postimg.cc/bJq11m9D/4320.png","2023-11-16",369,9081,1,"7-36990811","11/16/2023"
"10007","Russia","Soviet Union","9T217 transloader (for 9K33 Osa)","destroyed","https://i.postimg.cc/kgdRQvt3/1011-transloader-9-T217-B-for-Osa-AKM-destr-15-06-23.jpg","2023-11-16",369,9082,1,"7-36990821","11/16/2023"
"10008","Russia","Soviet Union","9T217 transloader (for 9K33 Osa)","captured","https://i.postimg.cc/J7XmSTvF/542g.png","2023-11-16",369,9083,3,"7-36990833","11/16/2023"
"10009","Russia","Soviet Union","9T217 transloader (for 9K33 Osa)","captured","https://twitter.com/UAWeapons/status/1568968911324073984","2023-11-16",369,9084,3,"7-36990843","11/16/2023"
"10010","Russia","Russia","9T244 transloader (for 9A330/1 Tor)","destroyed","https://i.postimg.cc/MGLdJQfV/d33.jpg","2023-11-16",370,9085,1,"7-37090851","11/16/2023"
"10011","Russia","Russia","9T244 transloader (for 9A330/1 Tor)","destroyed","https://twitter.com/UAWeapons/status/1568552147821764610","2023-11-16",370,6274,1,"7-37062741","11/16/2023"
"10012","Russia","Russia","9T244 transloader (for 9A330/1 Tor)","destroyed","https://i.postimg.cc/8cnvpy4g/2374.png","2023-11-16",370,9086,1,"7-37090861","11/16/2023"
"10013","Russia","Russia","9T244 transloader (for 9A330/1 Tor)","damaged","https://i.postimg.cc/x1t6g70s/d34.jpg","2023-11-16",370,9087,2,"7-37090872","11/16/2023"
"10014","Russia","Russia","9T244 transloader (for 9A330/1 Tor)","captured","https://i.postimg.cc/x1t6g70s/d34.jpg","2023-11-16",370,9087,3,"7-37090873","11/16/2023"
"10015","Russia","Russia","9T244 transloader (for 9A330/1 Tor)","damaged","https://twitter.com/UAWeapons/status/1580118004875939840","2023-11-16",370,8319,2,"7-37083192","11/16/2023"
"10016","Russia","Russia","9T244 transloader (for 9A330/1 Tor)","captured","https://twitter.com/UAWeapons/status/1580118004875939840","2023-11-16",370,8319,3,"7-37083193","11/16/2023"
"10017","Russia","Russia","Truck-based support equipment (for S-400)","destroyed","https://twitter.com/Osinttechnical/status/1702327243455025296","2023-11-16",371,8373,1,"7-37183731","11/16/2023"
"10018","Russia","Russia","GAZ-3308","destroyed","https://i.postimg.cc/fbPfsN01/4g4.jpg","2023-11-16",372,9088,1,"7-37290881","11/16/2023"
"10019","Russia","Russia","GAZ-3308","destroyed","https://i.postimg.cc/nL2f6M5V/1007-GAZ-3308.jpg","2023-11-16",372,9089,1,"7-37290891","11/16/2023"
"10020","Russia","Russia","GAZ-3308","destroyed","https://i.postimg.cc/vmLvPK3x/1003-GAZ-3308-destr-23-10-23.jpg","2023-11-16",372,9090,1,"7-37290901","11/16/2023"
"10021","Russia","Russia","GAZ-3308","destroyed","https://i.postimg.cc/YqhbpbqT/1017-GAZ-3308-destr-10-06-23.jpg","2023-11-16",372,9091,1,"7-37290911","11/16/2023"
"10022","Russia","Russia","GAZ-3308","abandoned","https://postimg.cc/cg7mbbzG","2023-11-16",372,9092,4,"7-37290924","11/16/2023"
"10023","Russia","Russia","GAZ-3308","abandoned","https://i.postimg.cc/wjz9hn1C/361.png","2023-11-16",372,9093,4,"7-37290934","11/16/2023"
"10024","Russia","Russia","GAZ-3308","captured","https://postimg.cc/62xczXYh","2023-11-16",372,9094,3,"7-37290943","11/16/2023"
"10025","Russia","Russia","GAZ-3308","captured","https://i.postimg.cc/05fXfZ64/1007-GAZ-3308-capt-21-06-23.jpg","2023-11-16",372,9095,3,"7-37290953","11/16/2023"
"10026","Russia","Russia","GAZ Sobol","destroyed","https://i.postimg.cc/gkPg5HgC/Screenshot-8289.png","2023-11-16",373,9096,1,"7-37390961","11/16/2023"
"10027","Russia","Russia","GAZ Sobol","abandoned","https://postimg.cc/87FbS5YH","2023-11-16",373,9097,4,"7-37390974","11/16/2023"
"10028","Russia","Soviet Union","Ural-375D","destroyed","https://i.postimg.cc/gj8g0qT9/dg.png","2023-11-16",374,9098,1,"7-37490981","11/16/2023"
"10029","Russia","Soviet Union","1 Ural-375D tanker","captured","https://i.postimg.cc/HLtRDZQP/1014-ural375d-tanker-capt-30-11-22.jpg","2023-11-16",375,9099,3,"7-37590993","11/16/2023"
"10030","Russia","Russia","Ural-4320","destroyed","https://postimg.cc/PvwcD3Fp","2023-11-16",376,9100,1,"7-37691001","11/16/2023"
"10031","Russia","Russia","Ural-4320","destroyed","https://postimg.cc/5jvTwsWN","2023-11-16",376,9101,1,"7-37691011","11/16/2023"
"10032","Russia","Russia","Ural-4320","destroyed","https://postimg.cc/vxWKbZt6","2023-11-16",376,9102,1,"7-37691021","11/16/2023"
"10033","Russia","Russia","Ural-4320","destroyed","https://postimg.cc/HVgK3bT0","2023-11-16",376,9103,1,"7-37691031","11/16/2023"
"10034","Russia","Russia","Ural-4320","destroyed","https://i.postimg.cc/WbkbXgR2/h8.png","2023-11-16",376,9104,1,"7-37691041","11/16/2023"
"10035","Russia","Russia","Ural-4320","destroyed","https://i.postimg.cc/zBqf2xJ4/1163-ural.jpg","2023-11-16",376,9105,1,"7-37691051","11/16/2023"
"10036","Russia","Russia","Ural-4320","destroyed","https://i.postimg.cc/hPY0MfcX/5579.png","2023-11-16",376,9106,1,"7-37691061","11/16/2023"
"10037","Russia","Russia","Ural-4320","destroyed","https://i.postimg.cc/XNdxpWCR/b788.png","2023-11-16",376,9107,1,"7-37691071","11/16/2023"
"10038","Russia","Russia","Ural-4320","destroyed","https://i.postimg.cc/T38nZMBJ/5783.png","2023-11-16",376,9108,1,"7-37691081","11/16/2023"
"10039","Russia","Russia","Ural-4320","destroyed","https://i.postimg.cc/JnCgn2yN/794.png","2023-11-16",376,9109,1,"7-37691091","11/16/2023"
"10040","Russia","Russia","Ural-4320","destroyed","https://postimg.cc/kDPjqNFh","2023-11-16",376,9110,1,"7-37691101","11/16/2023"
"10041","Russia","Russia","Ural-4320","destroyed","https://i.postimg.cc/wBfFwpNT/6680.png","2023-11-16",376,9111,1,"7-37691111","11/16/2023"
"10042","Russia","Russia","Ural-4320","destroyed","https://i.postimg.cc/TYG5NLj7/1012-ural4320-destr-08-11-22.jpg","2023-11-16",376,9112,1,"7-37691121","11/16/2023"
"10043","Russia","Russia","Ural-4320","destroyed","https://i.postimg.cc/d1y6JQnH/b65.png","2023-11-16",376,9113,1,"7-37691131","11/16/2023"
"10044","Russia","Russia","Ural-4320","destroyed","https://i.postimg.cc/j5sDNGpb/d33.png","2023-11-16",376,9114,1,"7-37691141","11/16/2023"
"10045","Russia","Russia","Ural-4320","destroyed","https://i.postimg.cc/3w8MF5T8/f43.png","2023-11-16",376,9115,1,"7-37691151","11/16/2023"
"10046","Russia","Russia","Ural-4320","destroyed","https://i.postimg.cc/rw7JS1Gj/h8.jpg","2023-11-16",376,9116,1,"7-37691161","11/16/2023"
"10047","Russia","Russia","Ural-4320","destroyed","https://i.postimg.cc/QMknpc1R/uk.jpg","2023-11-16",376,9117,1,"7-37691171","11/16/2023"
"10048","Russia","Russia","Ural-4320","destroyed","https://i.postimg.cc/LX7pNThh/5h8.png","2023-11-16",376,9118,1,"7-37691181","11/16/2023"
"10049","Russia","Russia","Ural-4320","destroyed","https://i.postimg.cc/26swMW6w/ug1.png","2023-11-16",376,9119,1,"7-37691191","11/16/2023"
"10050","Russia","Russia","Ural-4320","destroyed","https://i.postimg.cc/sgX9wz9K/44fj.jpg","2023-11-16",376,9120,1,"7-37691201","11/16/2023"
"10051","Russia","Russia","Ural-4320","destroyed","https://i.postimg.cc/L6z7w58H/331.png","2023-11-16",376,7935,1,"7-37679351","11/16/2023"
"10052","Russia","Russia","Ural-4320","destroyed","https://i.postimg.cc/7hcLKtkP/r35.png","2023-11-16",376,9121,1,"7-37691211","11/16/2023"
"10053","Russia","Russia","Ural-4320","destroyed","https://i.postimg.cc/pV3Rk7Nn/Screenshot-8931.png","2023-11-16",376,9122,1,"7-37691221","11/16/2023"
"10054","Russia","Russia","Ural-4320","destroyed","https://i.postimg.cc/pLJvWLmD/Screenshot-8932.png","2023-11-16",376,9123,1,"7-37691231","11/16/2023"
"10055","Russia","Russia","Ural-4320","destroyed","https://i.postimg.cc/JzLmCkzr/Screenshot-8933.png","2023-11-16",376,9124,1,"7-37691241","11/16/2023"
"10056","Russia","Russia","Ural-4320","destroyed","https://i.postimg.cc/XvGK77dn/1150-ural.jpg","2023-11-16",376,9125,1,"7-37691251","11/16/2023"
"10057","Russia","Russia","Ural-4320","destroyed","https://postimg.cc/hXc2bHM2","2023-11-16",376,9126,1,"7-37691261","11/16/2023"
"10058","Russia","Russia","Ural-4320","destroyed","https://postimg.cc/F1SGt9BP","2023-11-16",376,6912,1,"7-37669121","11/16/2023"
"10059","Russia","Russia","Ural-4320","destroyed","https://i.postimg.cc/PxrctWyf/1021-ural4320-destr-11-01-23.jpg","2023-11-16",376,9127,1,"7-37691271","11/16/2023"
"10060","Russia","Russia","Ural-4320","destroyed","https://i.postimg.cc/LsmnzMrK/13.png","2023-11-16",376,9128,1,"7-37691281","11/16/2023"
"10061","Russia","Russia","Ural-4320","destroyed","https://i.postimg.cc/7Zv4rPZS/15.png","2023-11-16",376,9129,1,"7-37691291","11/16/2023"
"10062","Russia","Russia","Ural-4320","destroyed","https://i.postimg.cc/JzT9411T/31.png","2023-11-16",376,9130,1,"7-37691301","11/16/2023"
"10063","Russia","Russia","Ural-4320","destroyed","https://postimg.cc/Z90NMhMR","2023-11-16",376,5862,1,"7-37658621","11/16/2023"
"10064","Russia","Russia","Ural-4320","destroyed","https://i.postimg.cc/jjMdTV9K/5y.png","2023-11-16",376,9131,1,"7-37691311","11/16/2023"
"10065","Russia","Russia","Ural-4320","destroyed","https://i.postimg.cc/HLJr8QHx/1006-ural4320-destr-15-09-22.jpg","2023-11-16",376,9132,1,"7-37691321","11/16/2023"
"10066","Russia","Russia","Ural-4320","destroyed","https://i.postimg.cc/2S8SK8cT/356.png","2023-11-16",376,9133,1,"7-37691331","11/16/2023"
"10067","Russia","Russia","Ural-4320","destroyed","https://i.postimg.cc/YSJMdFCF/u1.png","2023-11-16",376,9134,1,"7-37691341","11/16/2023"
"10068","Russia","Russia","Ural-4320","destroyed","https://i.postimg.cc/MHwxS8RK/u2.png","2023-11-16",376,9135,1,"7-37691351","11/16/2023"
"10069","Russia","Russia","Ural-4320","destroyed","https://i.postimg.cc/JnZmvhs2/u3.png","2023-11-16",376,9136,1,"7-37691361","11/16/2023"
"10070","Russia","Russia","Ural-4320","destroyed","https://i.postimg.cc/hvNdTMHz/480.png","2023-11-16",376,9137,1,"7-37691371","11/16/2023"
"10071","Russia","Russia","Ural-4320","destroyed","https://i.postimg.cc/JtwW43J5/546.jpg","2023-11-16",376,9138,1,"7-37691381","11/16/2023"
"10072","Russia","Russia","Ural-4320","destroyed","https://i.postimg.cc/SKrj0sLS/u9.png","2023-11-16",376,9139,1,"7-37691391","11/16/2023"
"10073","Russia","Russia","Ural-4320","destroyed","https://i.postimg.cc/B6766VwR/h7.png","2023-11-16",376,9140,1,"7-37691401","11/16/2023"
"10074","Russia","Russia","Ural-4320","destroyed","https://i.postimg.cc/d3S45wNn/358.png","2023-11-16",376,9141,1,"7-37691411","11/16/2023"
"10075","Russia","Russia","Ural-4320","destroyed","https://i.postimg.cc/j2L881pS/498.png","2023-11-16",376,9142,1,"7-37691421","11/16/2023"
"10076","Russia","Russia","Ural-4320","destroyed","https://i.postimg.cc/sxk0Y70k/1007.jpg","2023-11-16",376,9143,1,"7-37691431","11/16/2023"
"10077","Russia","Russia","Ural-4320","destroyed","https://i.postimg.cc/zBNLZJkt/1160-ural.jpg","2023-11-16",376,9144,1,"7-37691441","11/16/2023"
"10078","Russia","Russia","Ural-4320","destroyed","https://i.postimg.cc/5tLHRH8Q/1161-ural.jpg","2023-11-16",376,9145,1,"7-37691451","11/16/2023"
"10079","Russia","Russia","Ural-4320","destroyed","https://i.postimg.cc/hPvXqZ9B/1162-ural.jpg","2023-11-16",376,9146,1,"7-37691461","11/16/2023"
"10080","Russia","Russia","Ural-4320","destroyed","https://i.postimg.cc/pTjcf0Jk/9988.jpg","2023-11-16",376,9147,1,"7-37691471","11/16/2023"
"10081","Russia","Russia","Ural-4320","destroyed","https://i.postimg.cc/8C5HKcmP/2022-09-14-Kam-AZ-6x6-1.jpg","2023-11-16",376,9148,1,"7-37691481","11/16/2023"
"10082","Russia","Russia","Ural-4320","destroyed","https://i.postimg.cc/FFWpMBR0/1013-ural4320-destr-30-04-22.jpg","2023-11-16",376,9149,1,"7-37691491","11/16/2023"
"10083","Russia","Russia","Ural-4320","destroyed","https://i.postimg.cc/N0pTXYHC/1009-ural4320-destr-11-03-23.jpg","2023-11-16",376,9150,1,"7-37691501","11/16/2023"
"10084","Russia","Russia","Ural-4320","destroyed","https://postlmg.cc/MnX1CFtV","2023-11-16",376,9151,1,"7-37691511","11/16/2023"
"10085","Russia","Russia","Ural-4320","destroyed","https://i.postimg.cc/sxrk8nRg/33290.png","2023-11-16",376,9152,1,"7-37691521","11/16/2023"
"10086","Russia","Russia","Ural-4320","destroyed","https://i.postimg.cc/J7ZxZxPv/5gh.png","2023-11-16",376,9153,1,"7-37691531","11/16/2023"
"10087","Russia","Russia","Ural-4320","destroyed","https://i.postimg.cc/5tQL19rT/6h.png","2023-11-16",376,9154,1,"7-37691541","11/16/2023"
"10088","Russia","Russia","Ural-4320","destroyed","https://i.postimg.cc/wvqT9dWy/1006.png","2023-11-16",376,9155,1,"7-37691551","11/16/2023"
"10089","Russia","Russia","Ural-4320","destroyed","https://i.postimg.cc/s2nzpHPb/1008.jpg","2023-11-16",376,9156,1,"7-37691561","11/16/2023"
"10090","Russia","Russia","Ural-4320","destroyed","https://i.postimg.cc/qqrrMpFc/3322.png","2023-11-16",376,9157,1,"7-37691571","11/16/2023"
"10091","Russia","Russia","Ural-4320","destroyed","https://i.postimg.cc/63yXzVYq/1009.jpg","2023-11-16",376,9158,1,"7-37691581","11/16/2023"
"10092","Russia","Russia","Ural-4320","destroyed","https://i.postimg.cc/fTxhHRjc/1010.jpg","2023-11-16",376,9159,1,"7-37691591","11/16/2023"
"10093","Russia","Russia","Ural-4320","destroyed","https://i.postimg.cc/3RVHqycB/1011.jpg","2023-11-16",376,9160,1,"7-37691601","11/16/2023"
"10094","Russia","Russia","Ural-4320","destroyed","https://i.postimg.cc/Lsd2tCpq/2022-09-21-Ural-4320-1.jpg","2023-11-16",376,9161,1,"7-37691611","11/16/2023"
"10095","Russia","Russia","Ural-4320","destroyed","https://i.postimg.cc/k4gLXjbV/468.png","2023-11-16",376,9162,1,"7-37691621","11/16/2023"
"10096","Russia","Russia","Ural-4320","destroyed","https://i.postimg.cc/C1JcwYZX/178.png","2023-11-16",376,9163,1,"7-37691631","11/16/2023"
"10097","Russia","Russia","Ural-4320","destroyed","https://i.postimg.cc/W4XDj6cN/dd11.png","2023-11-16",376,9164,1,"7-37691641","11/16/2023"
"10098","Russia","Russia","Ural-4320","destroyed","https://i.postimg.cc/cHcLYcQg/2dg.jpg","2023-11-16",376,9165,1,"7-37691651","11/16/2023"
"10099","Russia","Russia","Ural-4320","destroyed","https://i.postimg.cc/tTQg2hTq/413.png","2023-11-16",376,9166,1,"7-37691661","11/16/2023"
"10100","Russia","Russia","Ural-4320","destroyed","https://i.postimg.cc/bv8k4t2x/cb.png","2023-11-16",376,9167,1,"7-37691671","11/16/2023"
"10101","Russia","Russia","Ural-4320","destroyed","https://twitter.com/UAWeapons/status/1527725596972834818","2023-11-16",376,9168,1,"7-37691681","11/16/2023"
"10102","Russia","Russia","Ural-4320","destroyed","https://i.postimg.cc/bvtCN0DQ/1ural4320.png","2023-11-16",376,9169,1,"7-37691691","11/16/2023"
"10103","Russia","Russia","Ural-4320","destroyed","https://i.postimg.cc/MK3d7317/2-urall.png","2023-11-16",376,9170,1,"7-37691701","11/16/2023"
"10104","Russia","Russia","Ural-4320","destroyed","https://twitter.com/UAWeapons/status/1555931635752771590","2023-11-16",376,2377,1,"7-37623771","11/16/2023"
"10105","Russia","Russia","Ural-4320","destroyed","https://i.postimg.cc/BbFGfSWG/1012.jpg","2023-11-16",376,9171,1,"7-37691711","11/16/2023"
"10106","Russia","Russia","Ural-4320","destroyed","https://i.postimg.cc/9F3ht7TX/1013.jpg","2023-11-16",376,9172,1,"7-37691721","11/16/2023"
"10107","Russia","Russia","Ural-4320","destroyed","https://i.postimg.cc/FKFmkXSj/1014.jpg","2023-11-16",376,9173,1,"7-37691731","11/16/2023"
"10108","Russia","Russia","Ural-4320","destroyed","https://i.postimg.cc/mkym0kLq/1026.jpg","2023-11-16",376,9174,1,"7-37691741","11/16/2023"
"10109","Russia","Russia","Ural-4320","destroyed","https://i.postimg.cc/660H3p31/uraal4320.png","2023-11-16",376,9175,1,"7-37691751","11/16/2023"
"10110","Russia","Russia","Ural-4320","destroyed","https://i.postimg.cc/ZK5wyzvY/uraall4320.png","2023-11-16",376,9176,1,"7-37691761","11/16/2023"
"10111","Russia","Russia","Ural-4320","destroyed","https://i.postimg.cc/fR6CF32k/Ural4320.png","2023-11-16",376,9177,1,"7-37691771","11/16/2023"
"10112","Russia","Russia","Ural-4320","destroyed","https://i.postimg.cc/3R3X52gr/Ural432000.png","2023-11-16",376,9178,1,"7-37691781","11/16/2023"
"10113","Russia","Russia","Ural-4320","destroyed","https://i.postimg.cc/qqjQZjSd/ural4320000.jpg","2023-11-16",376,9179,1,"7-37691791","11/16/2023"
"10114","Russia","Russia","Ural-4320","destroyed","https://i.postimg.cc/1X9JHLWH/ural443200.jpg","2023-11-16",376,9180,1,"7-37691801","11/16/2023"
"10115","Russia","Russia","Ural-4320","destroyed","https://i.postimg.cc/rm27wd8K/1091-Ural-4320.jpg","2023-11-16",376,9181,1,"7-37691811","11/16/2023"
"10116","Russia","Russia","Ural-4320","destroyed","https://i.postimg.cc/1tKKfv9N/urall4320.png","2023-11-16",376,9182,1,"7-37691821","11/16/2023"
"10117","Russia","Russia","Ural-4320","destroyed","https://i.postimg.cc/QMQQyfKn/urall.png","2023-11-16",376,9183,1,"7-37691831","11/16/2023"
"10118","Russia","Russia","Ural-4320","destroyed","https://i.postimg.cc/1zhhHYXt/1014-ural4320-destr.jpg","2023-11-16",376,9184,1,"7-37691841","11/16/2023"
"10119","Russia","Russia","Ural-4320","destroyed","https://i.postimg.cc/NMb9FV6s/1005.jpg","2023-11-16",376,9185,1,"7-37691851","11/16/2023"
"10120","Russia","Russia","Ural-4320","destroyed","https://i.postimg.cc/0Nm0V8bn/1017-ural4320.jpg","2023-11-16",376,9186,1,"7-37691861","11/16/2023"
"10121","Russia","Russia","Ural-4320","destroyed","https://i.postimg.cc/9QfM8Pb9/1006-ural4320.jpg","2023-11-16",376,9187,1,"7-37691871","11/16/2023"
"10122","Russia","Russia","Ural-4320","destroyed","https://i.postimg.cc/Bv95prbK/uural432001.jpg","2023-11-16",376,9188,1,"7-37691881","11/16/2023"
"10123","Russia","Russia","Ural-4320","destroyed","https://twitter.com/UAWeapons/status/1553713673180413952","2023-11-16",376,8201,1,"7-37682011","11/16/2023"
"10124","Russia","Russia","Ural-4320","destroyed","https://i.postimg.cc/3xL9xcqF/1149-ural.jpg","2023-11-16",376,9189,1,"7-37691891","11/16/2023"
"10125","Russia","Russia","Ural-4320","destroyed","https://i.postimg.cc/9F0BQPsr/uuuuuraall4320.jpg","2023-11-16",376,9190,1,"7-37691901","11/16/2023"
"10126","Russia","Russia","Ural-4320","destroyed","https://i.postimg.cc/MprvZCdL/10-24-2022-Ural-4320-destroyed-Velyka-Oleksandrivka.png","2023-11-16",376,9191,1,"7-37691911","11/16/2023"
"10127","Russia","Russia","Ural-4320","destroyed","https://twitter.com/UAWeapons/status/1669360019484315650","2023-11-16",376,9192,1,"7-37691921","11/16/2023"
"10128","Russia","Russia","Ural-4320","destroyed","https://i.postimg.cc/QMY4XXqW/4.jpg","2023-11-16",376,9193,1,"7-37691931","11/16/2023"
"10129","Russia","Russia","Ural-4320","destroyed","https://i.postimg.cc/gj8Nq3bv/437.jpg","2023-11-16",376,9194,1,"7-37691941","11/16/2023"
"10130","Russia","Russia","Ural-4320","destroyed","https://i.postimg.cc/X7KsrK8W/44.jpg","2023-11-16",376,9195,1,"7-37691951","11/16/2023"
"10131","Russia","Russia","Ural-4320","destroyed","https://i.postimg.cc/85qZ6t9p/444.jpg","2023-11-16",376,9196,1,"7-37691961","11/16/2023"
"10132","Russia","Russia","Ural-4320","destroyed","https://i.postimg.cc/Y9TM6L80/1012.jpg","2023-11-16",376,9197,1,"7-37691971","11/16/2023"
"10133","Russia","Russia","Ural-4320","destroyed","https://i.postimg.cc/Qtq3gwTV/ff41.jpg","2023-11-16",376,9198,1,"7-37691981","11/16/2023"
"10134","Russia","Russia","Ural-4320","destroyed","https://i.postimg.cc/yYCf6p0n/5t.jpg","2023-11-16",376,9199,1,"7-37691991","11/16/2023"
"10135","Russia","Russia","Ural-4320","destroyed","https://i.postimg.cc/NjfkL3F8/t3.jpg","2023-11-16",376,9200,1,"7-37692001","11/16/2023"
"10136","Russia","Russia","Ural-4320","destroyed","https://i.postimg.cc/bYkT504n/t4.jpg","2023-11-16",376,9201,1,"7-37692011","11/16/2023"
"10137","Russia","Russia","Ural-4320","destroyed","https://i.postimg.cc/Y0Kx9jLj/t5.jpg","2023-11-16",376,9202,1,"7-37692021","11/16/2023"
"10138","Russia","Russia","Ural-4320","destroyed","https://i.postimg.cc/Dyccvvvy/u4.jpg","2023-11-16",376,9203,1,"7-37692031","11/16/2023"
"10139","Russia","Russia","Ural-4320","destroyed","https://i.postimg.cc/dVHmC5Zb/ural420.jpg","2023-11-16",376,9204,1,"7-37692041","11/16/2023"
"10140","Russia","Russia","Ural-4320","destroyed","https://i.postimg.cc/VLwRPrcV/ural432000000.jpg","2023-11-16",376,9205,1,"7-37692051","11/16/2023"
"10141","Russia","Russia","Ural-4320","destroyed","https://i.postimg.cc/L5xhWbSR/urall43320.png","2023-11-16",376,9206,1,"7-37692061","11/16/2023"
"10142","Russia","Russia","Ural-4320","destroyed","https://i.postimg.cc/SRpfPFXk/1147-ural.jpg","2023-11-16",376,9207,1,"7-37692071","11/16/2023"
"10143","Russia","Russia","Ural-4320","destroyed","https://i.postimg.cc/NjK0RsLH/1009-ural4320-destr.jpg","2023-11-16",376,9208,1,"7-37692081","11/16/2023"
"10144","Russia","Russia","Ural-4320","destroyed","https://postimg.cc/YjSLqwRh","2023-11-16",376,9209,1,"7-37692091","11/16/2023"
"10145","Russia","Russia","Ural-4320","destroyed","https://postimg.cc/5Y4YzcMK","2023-11-16",376,9210,1,"7-37692101","11/16/2023"
"10146","Russia","Russia","Ural-4320","destroyed","https://postimg.cc/KKr34GCg","2023-11-16",376,9211,1,"7-37692111","11/16/2023"
"10147","Russia","Russia","Ural-4320","destroyed","https://i.postimg.cc/ZnSrmgXd/uu.jpg","2023-11-16",376,9212,1,"7-37692121","11/16/2023"
"10148","Russia","Russia","Ural-4320","destroyed","https://i.postimg.cc/6QdRPymD/1026-ural4320-destr.jpg","2023-11-16",376,9213,1,"7-37692131","11/16/2023"
"10149","Russia","Russia","Ural-4320","destroyed","https://i.postimg.cc/pd58FRHj/uukt2.jpg","2023-11-16",376,9214,1,"7-37692141","11/16/2023"
"10150","Russia","Russia","Ural-4320","destroyed","https://i.postimg.cc/fLx98CkT/uural.jpg","2023-11-16",376,9215,1,"7-37692151","11/16/2023"
"10151","Russia","Russia","Ural-4320","destroyed","https://i.postimg.cc/fRLYMYqB/uural43200.jpg","2023-11-16",376,9216,1,"7-37692161","11/16/2023"
"10152","Russia","Russia","Ural-4320","destroyed","https://i.postimg.cc/1RHBJzV8/2022-04-21-Ural-4320-destroyed-Bervitsya-2.jpg","2023-11-16",376,9217,1,"7-37692171","11/16/2023"
"10153","Russia","Russia","Ural-4320","destroyed","https://i.postimg.cc/GhSHJVzx/uural43220.png","2023-11-16",376,9218,1,"7-37692181","11/16/2023"
"10154","Russia","Russia","Ural-4320","destroyed","https://i.postimg.cc/jS821GqB/u1.png","2023-11-16",376,9219,1,"7-37692191","11/16/2023"
"10155","Russia","Russia","Ural-4320","destroyed","https://i.postimg.cc/4xhQxwvc/1304-ural4320-destr-04-04-22.jpg","2023-11-16",376,9220,1,"7-37692201","11/16/2023"
"10156","Russia","Russia","Ural-4320","destroyed","https://i.postimg.cc/Hkpt28sG/1036-ural4320-destr-12-02-23.jpg","2023-11-16",376,9221,1,"7-37692211","11/16/2023"
"10157","Russia","Russia","Ural-4320","destroyed","https://twitter.com/naalsio26/status/1659011517675712513","2023-11-16",376,7628,1,"7-37676281","11/16/2023"
"10158","Russia","Russia","Ural-4320","destroyed","https://i.postimg.cc/4y2ZBHvK/1019-ural4320-destr-08-03-22.jpg","2023-11-16",376,9222,1,"7-37692221","11/16/2023"
"10159","Russia","Russia","Ural-4320","destroyed","https://i.postimg.cc/kMvS8TkT/uurall.jpg","2023-11-16",376,9223,1,"7-37692231","11/16/2023"
"10160","Russia","Russia","Ural-4320","destroyed","https://postimg.cc/zHLfw827","2023-11-16",376,9224,1,"7-37692241","11/16/2023"
"10161","Russia","Russia","Ural-4320","destroyed","https://i.postimg.cc/2ykV2fP2/uurall4320.jpg","2023-11-16",376,9225,1,"7-37692251","11/16/2023"
"10162","Russia","Russia","Ural-4320","destroyed","https://i.postimg.cc/MHfnmJF9/1000-1x-Ural-4320-1x-GAZ-Patriot-and-1x-UAZ-452.jpg","2023-11-16",376,9226,1,"7-37692261","11/16/2023"
"10163","Russia","Russia","Ural-4320","destroyed","https://i.postimg.cc/Pr68VPfZ/uurrall4320.jpg","2023-11-16",376,9227,1,"7-37692271","11/16/2023"
"10164","Russia","Russia","Ural-4320","destroyed","https://i.postimg.cc/tCRxzhbp/uuuraaaaal43200.jpg","2023-11-16",376,9228,1,"7-37692281","11/16/2023"
"10165","Russia","Russia","Ural-4320","destroyed","https://i.postimg.cc/T1NY05j3/uuuraall4320.jpg","2023-11-16",376,9229,1,"7-37692291","11/16/2023"
"10166","Russia","Russia","Ural-4320","destroyed","https://i.postimg.cc/526Qhbjr/uuurakk.jpg","2023-11-16",376,9230,1,"7-37692301","11/16/2023"
"10167","Russia","Russia","Ural-4320","destroyed","https://i.postimg.cc/CxXnYXqx/uuurall.jpg","2023-11-16",376,9231,1,"7-37692311","11/16/2023"
"10168","Russia","Russia","Ural-4320","destroyed","https://i.postimg.cc/vBd1xnXR/uuuralll443200.jpg","2023-11-16",376,9232,1,"7-37692321","11/16/2023"
"10169","Russia","Russia","Ural-4320","destroyed","https://i.postimg.cc/nc7knyhK/1002-Ural-4320.jpg","2023-11-16",376,9233,1,"7-37692331","11/16/2023"
"10170","Russia","Russia","Ural-4320","destroyed","https://twitter.com/UAWeapons/status/1586656718116851712","2023-11-16",376,9234,1,"7-37692341","11/16/2023"
"10171","Russia","Russia","Ural-4320","destroyed","https://i.postimg.cc/yYHQPpQt/n-Qcl-Xkg-G-jpg-medium.jpg","2023-11-16",376,9235,1,"7-37692351","11/16/2023"
"10172","Russia","Russia","Ural-4320","destroyed","https://i.postimg.cc/XJshhfrd/1.png","2023-11-16",376,9236,1,"7-37692361","11/16/2023"
"10173","Russia","Russia","Ural-4320","destroyed","https://i.postimg.cc/T1yk4ZMv/2.png","2023-11-16",376,9237,1,"7-37692371","11/16/2023"
"10174","Russia","Russia","Ural-4320","destroyed","https://i.postimg.cc/hjvMXHGQ/3.png","2023-11-16",376,9238,1,"7-37692381","11/16/2023"
"10175","Russia","Russia","Ural-4320","destroyed","https://i.postimg.cc/sXvgXyP7/1013-Ural-4320-destr.jpg","2023-11-16",376,9239,1,"7-37692391","11/16/2023"
"10176","Russia","Russia","Ural-4320","destroyed","https://i.postimg.cc/xjJD7ZPd/5.png","2023-11-16",376,9240,1,"7-37692401","11/16/2023"
"10177","Russia","Russia","Ural-4320","destroyed","https://i.postimg.cc/52JhX2WH/6.png","2023-11-16",376,9241,1,"7-37692411","11/16/2023"
"10178","Russia","Russia","Ural-4320","destroyed","https://i.postimg.cc/dQdNGcBG/554.jpg","2023-11-16",376,9242,1,"7-37692421","11/16/2023"
"10179","Russia","Russia","Ural-4320","destroyed","https://i.postimg.cc/wTQWb5nv/653.jpg","2023-11-16",376,9243,1,"7-37692431","11/16/2023"
"10180","Russia","Russia","Ural-4320","destroyed","https://i.postimg.cc/25yJ2rjH/2c-Aw-X5es-jpg-large.jpg","2023-11-16",376,9244,1,"7-37692441","11/16/2023"
"10181","Russia","Russia","Ural-4320","destroyed","https://i.postimg.cc/XvPPPmpn/e-L-23a-U4-jpg-large.jpg","2023-11-16",376,9245,1,"7-37692451","11/16/2023"
"10182","Russia","Russia","Ural-4320","destroyed","https://i.postimg.cc/W3Jyc8kg/ur.png","2023-11-16",376,9246,1,"7-37692461","11/16/2023"
"10183","Russia","Russia","Ural-4320","destroyed","https://i.postimg.cc/xCKzMNbR/1008-truck.png","2023-11-16",376,9247,1,"7-37692471","11/16/2023"
"10184","Russia","Russia","Ural-4320","destroyed","https://i.postimg.cc/QdVS8dJZ/1502-Ural-4320-176-177.jpg","2023-11-16",376,9248,1,"7-37692481","11/16/2023"
"10185","Russia","Russia","Ural-4320","destroyed","https://i.postimg.cc/8zKK8QRq/1015-ural.png","2023-11-16",376,9249,1,"7-37692491","11/16/2023"
"10186","Russia","Russia","Ural-4320","destroyed","https://i.postimg.cc/FKSCq5gR/1111-kamaz.jpg","2023-11-16",376,9250,1,"7-37692501","11/16/2023"
"10187","Russia","Russia","Ural-4320","destroyed","https://i.postimg.cc/W40kG01X/1017-ural.png","2023-11-16",376,9251,1,"7-37692511","11/16/2023"
"10188","Russia","Russia","Ural-4320","destroyed","https://i.postimg.cc/28B8Lr6x/1018-ural.png","2023-11-16",376,9252,1,"7-37692521","11/16/2023"
"10189","Russia","Russia","Ural-4320","destroyed","https://i.postimg.cc/T1vGrWhq/1019-ural.png","2023-11-16",376,9253,1,"7-37692531","11/16/2023"
"10190","Russia","Russia","Ural-4320","destroyed","https://i.postimg.cc/XY1bsPpv/1020-ural.png","2023-11-16",376,9254,1,"7-37692541","11/16/2023"
"10191","Russia","Russia","Ural-4320","destroyed","https://twitter.com/UAWeapons/status/1543339672096722955","2023-11-16",376,9255,1,"7-37692551","11/16/2023"
"10192","Russia","Russia","Ural-4320","destroyed","https://i.postimg.cc/DzTbNJnf/1001.jpg","2023-11-16",376,9256,1,"7-37692561","11/16/2023"
"10193","Russia","Russia","Ural-4320","destroyed","https://i.postimg.cc/gkxRLbgp/1002.jpg","2023-11-16",376,3135,1,"7-37631351","11/16/2023"
"10194","Russia","Russia","Ural-4320","destroyed","https://twitter.com/UAWeapons/status/1545748907422007301","2023-11-16",376,9257,1,"7-37692571","11/16/2023"
"10195","Russia","Russia","Ural-4320","destroyed","https://twitter.com/Blue_Sauron/status/1546375652999405568","2023-11-16",376,9258,1,"7-37692581","11/16/2023"
"10196","Russia","Russia","Ural-4320","destroyed","https://twitter.com/RALee85/status/1546553538402308096","2023-11-16",376,3113,1,"7-37631131","11/16/2023"
"10197","Russia","Russia","Ural-4320","destroyed","https://i.postimg.cc/MZvN59gR/1001.png","2023-11-16",376,9259,1,"7-37692591","11/16/2023"
"10198","Russia","Russia","Ural-4320","destroyed","https://i.postimg.cc/kGp2FbYL/1001.jpg","2023-11-16",376,9260,1,"7-37692601","11/16/2023"
"10199","Russia","Russia","Ural-4320","destroyed","https://twitter.com/UAWeapons/status/1547973657124777987","2023-11-16",376,9261,1,"7-37692611","11/16/2023"
"10200","Russia","Russia","Ural-4320","destroyed","https://i.postimg.cc/RVW6CgNm/1004.jpg","2023-11-16",376,9262,1,"7-37692621","11/16/2023"
"10201","Russia","Russia","Ural-4320","destroyed","https://twitter.com/UAWeapons/status/1551210350548336640","2023-11-16",376,9263,1,"7-37692631","11/16/2023"
"10202","Russia","Russia","Ural-4320","destroyed","https://i.postimg.cc/02q2n0M9/1005.jpg","2023-11-16",376,9264,1,"7-37692641","11/16/2023"
"10203","Russia","Russia","Ural-4320","destroyed","https://i.postimg.cc/XJXdKG76/1012.jpg","2023-11-16",376,287,1,"7-3762871","11/16/2023"
"10204","Russia","Russia","Ural-4320","destroyed","https://i.postimg.cc/HW91jt8H/1090-Ural-4320-3x.jpg","2023-11-16",376,9265,1,"7-37692651","11/16/2023"
"10205","Russia","Russia","Ural-4320","destroyed","https://i.postimg.cc/MHx1D74G/1148-ural.jpg","2023-11-16",376,9266,1,"7-37692661","11/16/2023"
"10206","Russia","Russia","Ural-4320","destroyed","https://i.postimg.cc/fb96s7QG/1092-Ural-4320.jpg","2023-11-16",376,9267,1,"7-37692671","11/16/2023"
"10207","Russia","Russia","Ural-4320","destroyed","https://i.postimg.cc/5NPcSNmR/1093-Ural-4320-2x.jpg","2023-11-16",376,9268,1,"7-37692681","11/16/2023"
"10208","Russia","Russia","Ural-4320","destroyed","https://i.postimg.cc/h4rNKPNt/1095-Ural-4320.jpg","2023-11-16",376,9269,1,"7-37692691","11/16/2023"
"10209","Russia","Russia","Ural-4320","destroyed","https://i.postimg.cc/3RjV4KR9/1096-Ural-4320.jpg","2023-11-16",376,9270,1,"7-37692701","11/16/2023"
"10210","Russia","Russia","Ural-4320","destroyed","https://i.postimg.cc/rwbv7n3G/1097-Ural-4320-3x.jpg","2023-11-16",376,9271,1,"7-37692711","11/16/2023"
"10211","Russia","Russia","Ural-4320","destroyed","https://i.postimg.cc/Y0pVQJL7/1098-Ural-4320-4x.jpg","2023-11-16",376,9272,1,"7-37692721","11/16/2023"
"10212","Russia","Russia","Ural-4320","destroyed","https://i.postimg.cc/fyBPCBY9/1099_Ural-4320_3x.jpg","2023-11-16",376,9273,1,"7-37692731","11/16/2023"
"10213","Russia","Russia","Ural-4320","destroyed","https://i.postimg.cc/FH2BTfkD/1100_Ural-4320_2x.jpg","2023-11-16",376,9274,1,"7-37692741","11/16/2023"
"10214","Russia","Russia","Ural-4320","destroyed","https://i.postimg.cc/RZ3Y11hW/1101_Ural-4320.jpg","2023-11-16",376,9275,1,"7-37692751","11/16/2023"
"10215","Russia","Russia","Ural-4320","destroyed","https://i.postimg.cc/fTqF0qz4/1102_Ural-4320.jpg","2023-11-16",376,9276,1,"7-37692761","11/16/2023"
"10216","Russia","Russia","Ural-4320","destroyed","https://i.postimg.cc/nchgrftY/1103_Ural-4320.jpg","2023-11-16",376,9277,1,"7-37692771","11/16/2023"
"10217","Russia","Russia","Ural-4320","destroyed","https://i.postimg.cc/FK3n89jm/1104_Ural-4320_3x.jpg","2023-11-16",376,9278,1,"7-37692781","11/16/2023"
"10218","Russia","Russia","Ural-4320","destroyed","https://i.postimg.cc/vTqPfDd7/1105_Ural-4320_2x.jpg","2023-11-16",376,9279,1,"7-37692791","11/16/2023"
"10219","Russia","Russia","Ural-4320","destroyed","https://i.postimg.cc/V6wHc3Rt/1106_Ural-4320_2x.jpg","2023-11-16",376,9280,1,"7-37692801","11/16/2023"
"10220","Russia","Russia","Ural-4320","destroyed","https://i.postimg.cc/c1XkVk8K/1107_Ural-4320_4x.jpg","2023-11-16",376,9281,1,"7-37692811","11/16/2023"
"10221","Russia","Russia","Ural-4320","destroyed","https://twitter.com/RALee85/status/1559945981789196290","2023-11-16",376,1026,1,"7-37610261","11/16/2023"
"10222","Russia","Russia","Ural-4320","destroyed","https://i.postimg.cc/fyT2Vm1T/1108_Ural-4320.jpg","2023-11-16",376,9282,1,"7-37692821","11/16/2023"
"10223","Russia","Russia","Ural-4320","destroyed","https://i.postimg.cc/TP6cynDM/1123_Ural-4320.jpg","2023-11-16",376,9283,1,"7-37692831","11/16/2023"
"10224","Russia","Russia","Ural-4320","destroyed","https://i.postimg.cc/NGKKG8bS/1010-Ural-4320-destr.jpg","2023-11-16",376,9284,1,"7-37692841","11/16/2023"
"10225","Russia","Russia","Ural-4320","destroyed","https://i.postimg.cc/Fs6WKfpN/1110_Ural-4320.jpg","2023-11-16",376,9285,1,"7-37692851","11/16/2023"
"10226","Russia","Russia","Ural-4320","destroyed","https://i.postimg.cc/TwQQvhh8/1111_Ural-4320.jpg","2023-11-16",376,9286,1,"7-37692861","11/16/2023"
"10227","Russia","Russia","Ural-4320","destroyed","https://i.postimg.cc/C1wJ2bhH/1112_Ural-4320.jpg","2023-11-16",376,9287,1,"7-37692871","11/16/2023"
"10228","Russia","Russia","Ural-4320","destroyed","https://i.postimg.cc/B6zy6Q5Z/2022-04-21-Ural-4320-destroyed-Bervitsya-1.jpg","2023-11-16",376,9288,1,"7-37692881","11/16/2023"
"10229","Russia","Russia","Ural-4320","destroyed","https://i.postimg.cc/zDtpdL9K/1116_Ural-4320.jpg","2023-11-16",376,9289,1,"7-37692891","11/16/2023"
"10230","Russia","Russia","Ural-4320","destroyed","https://i.postimg.cc/VvVR5TjD/1119_Ural-4320.jpg","2023-11-16",376,9290,1,"7-37692901","11/16/2023"
"10231","Russia","Russia","Ural-4320","destroyed","https://i.postimg.cc/fTVC1zNF/1120_Ural-4320.jpg","2023-11-16",376,9291,1,"7-37692911","11/16/2023"
"10232","Russia","Russia","Ural-4320","destroyed","https://i.postimg.cc/L6GDpc4s/1121_Ural-4320.jpg","2023-11-16",376,9292,1,"7-37692921","11/16/2023"
"10233","Russia","Russia","Ural-4320","destroyed","https://i.postimg.cc/Qd5bxfVJ/1122_Ural-4320_3x.jpg","2023-11-16",376,9293,1,"7-37692931","11/16/2023"
"10234","Russia","Russia","Ural-4320","destroyed","https://i.postimg.cc/mrfcy1th/1004-ural4320.jpg","2023-11-16",376,9294,1,"7-37692941","11/16/2023"
"10235","Russia","Russia","Ural-4320","destroyed","https://i.postimg.cc/fLYfvhzQ/1005-ural4320.jpg","2023-11-16",376,9295,1,"7-37692951","11/16/2023"
"10236","Russia","Russia","Ural-4320","destroyed","https://i.postimg.cc/85vtn6b3/1007-ural4320.jpg","2023-11-16",376,9296,1,"7-37692961","11/16/2023"
"10237","Russia","Russia","Ural-4320","destroyed","https://i.postimg.cc/m2kFLGvZ/1009-ural4320.jpg","2023-11-16",376,9297,1,"7-37692971","11/16/2023"
"10238","Russia","Russia","Ural-4320","destroyed","https://twitter.com/UAWeapons/status/1559224339567976452","2023-11-16",376,9298,1,"7-37692981","11/16/2023"
"10239","Russia","Russia","Ural-4320","destroyed","https://i.postimg.cc/CxhFS76S/1103-kamaz-2x.jpg","2023-11-16",376,9299,1,"7-37692991","11/16/2023"
"10240","Russia","Russia","Ural-4320","destroyed","https://i.postimg.cc/5N2C22WD/1152-ural.jpg","2023-11-16",376,9300,1,"7-37693001","11/16/2023"
"10241","Russia","Russia","Ural-4320","destroyed","https://i.postimg.cc/GmZ8KPT1/1153-ural.jpg","2023-11-16",376,9301,1,"7-37693011","11/16/2023"
"10242","Russia","Russia","Ural-4320","destroyed","https://i.postimg.cc/qqj6x9ym/1154-ural.jpg","2023-11-16",376,9302,1,"7-37693021","11/16/2023"
"10243","Russia","Russia","Ural-4320","destroyed","https://i.postimg.cc/rwbWbXb3/1155-ural.jpg","2023-11-16",376,9303,1,"7-37693031","11/16/2023"
"10244","Russia","Russia","Ural-4320","destroyed","https://i.postimg.cc/rm24VGq9/1156-ural.jpg","2023-11-16",376,9304,1,"7-37693041","11/16/2023"
"10245","Russia","Russia","Ural-4320","destroyed","https://i.postimg.cc/FFZSvJ8j/1157-ural.jpg","2023-11-16",376,9305,1,"7-37693051","11/16/2023"
"10246","Russia","Russia","Ural-4320","destroyed","https://i.postimg.cc/C5FfDFBB/1159-ural.jpg","2023-11-16",376,9306,1,"7-37693061","11/16/2023"
"10247","Russia","Russia","Ural-4320","destroyed","https://i.postimg.cc/25wj2ysj/1003-ural-unkn-truck.jpg","2023-11-16",376,9307,1,"7-37693071","11/16/2023"
"10248","Russia","Russia","Ural-4320","destroyed","https://i.postimg.cc/MTD1Lqjf/1007-UAZ-515195-Esaul.jpg","2023-11-16",376,9308,1,"7-37693081","11/16/2023"
"10249","Russia","Russia","Ural-4320","destroyed","https://i.postimg.cc/8kfvzjxt/1008-ural4320-2x.jpg","2023-11-16",376,9309,1,"7-37693091","11/16/2023"
"10250","Russia","Russia","Ural-4320","destroyed","https://i.postimg.cc/5tXDxk0L/1008-ural4320.jpg","2023-11-16",376,9310,1,"7-37693101","11/16/2023"
"10251","Russia","Russia","Ural-4320","destroyed","https://i.postimg.cc/rwkswTfJ/1026-ural4320.jpg","2023-11-16",376,9311,1,"7-37693111","11/16/2023"
"10252","Russia","Russia","Ural-4320","destroyed","https://i.postimg.cc/TPk30Df7/1028-ural4320-2x.jpg","2023-11-16",376,9312,1,"7-37693121","11/16/2023"
"10253","Russia","Russia","Ural-4320","destroyed","https://i.postimg.cc/MKrgGMQx/3.png","2023-11-16",376,9313,1,"7-37693131","11/16/2023"
"10254","Russia","Russia","Ural-4320","destroyed","https://i.postimg.cc/5ysp1Drm/1017-ural4320-x4.jpg","2023-11-16",376,9314,1,"7-37693141","11/16/2023"
"10255","Russia","Russia","Ural-4320","destroyed","https://twitter.com/Blue_Sauron/status/1569225008802852864","2023-11-16",376,9315,1,"7-37693151","11/16/2023"
"10256","Russia","Russia","Ural-4320","destroyed","https://twitter.com/UAWeapons/status/1569229480149000193","2023-11-16",376,9316,1,"7-37693161","11/16/2023"
"10257","Russia","Russia","Ural-4320","destroyed","https://twitter.com/UAWeapons/status/1573265046607908865","2023-11-16",376,9317,1,"7-37693171","11/16/2023"
"10258","Russia","Russia","Ural-4320","destroyed","https://i.postimg.cc/wBtGg83R/1015-Ural-truck-2-B9-Vasilek-82mm-automatic-gun-mortar.jpg","2023-11-16",376,9318,1,"7-37693181","11/16/2023"
"10259","Russia","Russia","Ural-4320","destroyed","https://twitter.com/UAWeapons/status/1570137029349883904","2023-11-16",376,4479,1,"7-37644791","11/16/2023"
"10260","Russia","Russia","Ural-4320","destroyed","https://i.postimg.cc/6QyjFbLr/1008-ural4320.jpg","2023-11-16",376,9319,1,"7-37693191","11/16/2023"
"10261","Russia","Russia","Ural-4320","destroyed","https://i.postimg.cc/C5VcBhy7/1010-ural4320.jpg","2023-11-16",376,9320,1,"7-37693201","11/16/2023"
"10262","Russia","Russia","Ural-4320","destroyed","https://twitter.com/UAWeapons/status/1570485188786024450","2023-11-16",376,1753,1,"7-37617531","11/16/2023"
"10263","Russia","Russia","Ural-4320","destroyed","https://i.postimg.cc/VLRsg7Sr/1001-ural4320.jpg","2023-11-16",376,9321,1,"7-37693211","11/16/2023"
"10264","Russia","Russia","Ural-4320","destroyed","https://i.postimg.cc/br9phscL/Ural-4320-145740-deokupovana-Harkivshhyna-1179-scaled.jpg","2023-11-16",376,9322,1,"7-37693221","11/16/2023"
"10265","Russia","Russia","Ural-4320","destroyed","https://twitter.com/UAWeapons/status/1571109617186541572","2023-11-16",376,2722,1,"7-37627221","11/16/2023"
"10266","Russia","Russia","Ural-4320","destroyed","https://i.postimg.cc/j553NhRN/2022-09-16-Ural-4320.png","2023-11-16",376,9323,1,"7-37693231","11/16/2023"
"10267","Russia","Russia","Ural-4320","destroyed","https://i.postimg.cc/F1tTM53g/2022-09-16-Ural-4320-2.png","2023-11-16",376,9324,1,"7-37693241","11/16/2023"
"10268","Russia","Russia","Ural-4320","destroyed","https://i.postimg.cc/KzLvSryB/2022-09-12-306353023-1506025769849683-7645808265423419642-n.jpg","2023-11-16",376,9325,1,"7-37693251","11/16/2023"
"10269","Russia","Russia","Ural-4320","destroyed","https://i.postimg.cc/JnfLfP8L/2022-09-14-Ural-4320-x2.png","2023-11-16",376,9326,1,"7-37693261","11/16/2023"
"10270","Russia","Russia","Ural-4320","destroyed","https://i.postimg.cc/dQjm0znW/2022-09-15-Ural-Federal.jpg","2023-11-16",376,9327,1,"7-37693271","11/16/2023"
"10271","Russia","Russia","Ural-4320","destroyed","https://i.postimg.cc/x8nvRRjy/2022-09-15-Ural-4320.jpg","2023-11-16",376,9328,1,"7-37693281","11/16/2023"
"10272","Russia","Russia","Ural-4320","destroyed","https://i.postimg.cc/CLGwfs9L/2022-09-19-Ural-4320.jpg","2023-11-16",376,9329,1,"7-37693291","11/16/2023"
"10273","Russia","Russia","Ural-4320","destroyed","https://i.postimg.cc/MHFqVLfw/2022-09-26-Ural-4320.jpg","2023-11-16",376,9330,1,"7-37693301","11/16/2023"
"10274","Russia","Russia","Ural-4320","destroyed","https://i.postimg.cc/ryC8D9By/2022-09-19-Ural-4320-3.jpg","2023-11-16",376,9331,1,"7-37693311","11/16/2023"
"10275","Russia","Russia","Ural-4320","destroyed","https://i.postimg.cc/tgHkHkyW/1022.jpg","2023-11-16",376,9332,1,"7-37693321","11/16/2023"
"10276","Russia","Russia","Ural-4320","destroyed","https://twitter.com/UAWeapons/status/1573665782466224129","2023-11-16",376,9333,1,"7-37693331","11/16/2023"
"10277","Russia","Russia","Ural-4320","destroyed","https://i.postimg.cc/6qhvZQ4f/6.png","2023-11-16",376,9334,1,"7-37693341","11/16/2023"
"10278","Russia","Russia","Ural-4320","destroyed","https://i.postimg.cc/XNK2KwXq/1029-ural4320.jpg","2023-11-16",376,9335,1,"7-37693351","11/16/2023"
"10279","Russia","Russia","Ural-4320","destroyed","https://i.postimg.cc/m2Sg1fML/ural-4320-balakliya.png","2023-11-16",376,9336,1,"7-37693361","11/16/2023"
"10280","Russia","Russia","Ural-4320","destroyed","https://i.postimg.cc/3x4V08XG/2.png","2023-11-16",376,9337,1,"7-37693371","11/16/2023"
"10281","Russia","Russia","Ural-4320","destroyed","https://twitter.com/Blue_Sauron/status/1575579082036690947","2023-11-16",376,7660,1,"7-37676601","11/16/2023"
"10282","Russia","Russia","Ural-4320","destroyed","https://i.postimg.cc/66YHx20C/1019-ural4320-destr.jpg","2023-11-16",376,9338,1,"7-37693381","11/16/2023"
"10283","Russia","Russia","Ural-4320","destroyed","https://i.postimg.cc/mDtj58hB/1001-2x-unkn-tank-ural-destr.jpg","2023-11-16",376,1380,1,"7-37613801","11/16/2023"
"10284","Russia","Russia","Ural-4320","destroyed","https://i.postimg.cc/sXF0ksfn/2022-10-01-Ural-4320.jpg","2023-11-16",376,9339,1,"7-37693391","11/16/2023"
"10285","Russia","Russia","Ural-4320","destroyed","https://i.postimg.cc/26ZjdRR9/1009-ural4320-destr.jpg","2023-11-16",376,9340,1,"7-37693401","11/16/2023"
"10286","Russia","Russia","Ural-4320","destroyed","https://i.postimg.cc/43KXZkd4/1010-ural4320-destr.jpg","2023-11-16",376,9341,1,"7-37693411","11/16/2023"
"10287","Russia","Russia","Ural-4320","destroyed","https://i.postimg.cc/TY2HDymV/2022-10-01-Ural-4320-2.jpg","2023-11-16",376,9342,1,"7-37693421","11/16/2023"
"10288","Russia","Russia","Ural-4320","destroyed","https://i.postimg.cc/T31yXvZ5/1015-ural4320-destr.jpg","2023-11-16",376,9343,1,"7-37693431","11/16/2023"
"10289","Russia","Russia","Ural-4320","destroyed","https://i.postimg.cc/y6fKgRMS/1001-ural4320-destr.jpg","2023-11-16",376,9344,1,"7-37693441","11/16/2023"
"10290","Russia","Russia","Ural-4320","destroyed","https://i.postimg.cc/QMWCSmrP/1012-ural4320-destr.jpg","2023-11-16",376,9345,1,"7-37693451","11/16/2023"
"10291","Russia","Russia","Ural-4320","destroyed","https://i.postimg.cc/GprzZGKr/1021-ural4320-destr.jpg","2023-11-16",376,9346,1,"7-37693461","11/16/2023"
"10292","Russia","Russia","Ural-4320","destroyed","https://i.postimg.cc/RC2NW3DF/1009-Ural-4320-destr.jpg","2023-11-16",376,9347,1,"7-37693471","11/16/2023"
"10293","Russia","Russia","Ural-4320","destroyed","https://i.postimg.cc/K8sRQtbM/Ural-4320-destr.png","2023-11-16",376,9348,1,"7-37693481","11/16/2023"
"10294","Russia","Russia","Ural-4320","destroyed","https://i.postimg.cc/FKJVZSMC/76h.jpg","2023-11-16",376,9349,1,"7-37693491","11/16/2023"
"10295","Russia","Russia","Ural-4320","destroyed","https://i.postimg.cc/x1WXrzsb/Ural-4320-destroyed.png","2023-11-16",376,9350,1,"7-37693501","11/16/2023"
"10296","Russia","Russia","Ural-4320","destroyed","https://i.postimg.cc/QdVDbXyZ/1011-Ural-4320-destr.jpg","2023-11-16",376,9351,1,"7-37693511","11/16/2023"
"10297","Russia","Russia","Ural-4320","destroyed","https://twitter.com/UAWeapons/status/1648644868929998849","2023-11-16",376,7131,1,"7-37671311","11/16/2023"
"10298","Russia","Russia","Ural-4320","destroyed","https://i.postimg.cc/xCVSnLT9/1048-ural4320-destr.jpg","2023-11-16",376,9352,1,"7-37693521","11/16/2023"
"10299","Russia","Russia","Ural-4320","destroyed","https://i.postimg.cc/YCHMDKVq/1009-ural4320-destr.jpg","2023-11-16",376,9353,1,"7-37693531","11/16/2023"
"10300","Russia","Russia","Ural-4320","destroyed","https://i.postimg.cc/VkXLL0GD/2022-04-01-ural-4320-3.jpg","2023-11-16",376,9354,1,"7-37693541","11/16/2023"
"10301","Russia","Russia","Ural-4320","destroyed","https://i.postimg.cc/g2TRKYJh/2022-04-02-ural-4320-2.jpg","2023-11-16",376,9355,1,"7-37693551","11/16/2023"
"10302","Russia","Russia","Ural-4320","destroyed","https://i.postimg.cc/jS5PNWsK/2022-04-02-ural-4320-3.jpg","2023-11-16",376,9356,1,"7-37693561","11/16/2023"
"10303","Russia","Russia","Ural-4320","destroyed","https://i.postimg.cc/7PQSmfD1/2022-05-26-ural-4320.jpg","2023-11-16",376,9357,1,"7-37693571","11/16/2023"
"10304","Russia","Russia","Ural-4320","destroyed","https://i.postimg.cc/HnbbtkWz/2022-04-05-ural-4320-2.jpg","2023-11-16",376,9358,1,"7-37693581","11/16/2023"
"10305","Russia","Russia","Ural-4320","destroyed","https://i.postimg.cc/FsQyH3GB/2022-04-05-ural-4320-3.jpg","2023-11-16",376,9359,1,"7-37693591","11/16/2023"
"10306","Russia","Russia","Ural-4320","destroyed","https://i.postimg.cc/dtqzTkV5/2022-04-05-ural-4320-4.jpg","2023-11-16",376,9360,1,"7-37693601","11/16/2023"
"10307","Russia","Russia","Ural-4320","destroyed","https://i.postimg.cc/Dz1mdC9M/1030-Ural-43206-destr-17-02-23.jpg","2023-11-16",376,9361,1,"7-37693611","11/16/2023"
"10308","Russia","Russia","Ural-4320","destroyed","https://i.postimg.cc/3rjsRCYy/2022-04-12-ural-4320.jpg","2023-11-16",376,9362,1,"7-37693621","11/16/2023"
"10309","Russia","Russia","Ural-4320","destroyed","https://i.postimg.cc/nhDV6Z2B/2022-04-14-ural-4320.jpg","2023-11-16",376,9363,1,"7-37693631","11/16/2023"
"10310","Russia","Russia","Ural-4320","destroyed","https://i.postimg.cc/15WHt4Th/2022-04-19-ural-4320.jpg","2023-11-16",376,9364,1,"7-37693641","11/16/2023"
"10311","Russia","Russia","Ural-4320","destroyed","https://i.postimg.cc/s2yfBfby/2022-05-02-ural-4320.jpg","2023-11-16",376,9365,1,"7-37693651","11/16/2023"
"10312","Russia","Russia","Ural-4320","destroyed","https://i.postimg.cc/tT3D8vtZ/2022-10-05-ural-4320.jpg","2023-11-16",376,9366,1,"7-37693661","11/16/2023"
"10313","Russia","Russia","Ural-4320","destroyed","https://i.postimg.cc/HsynJNPx/1006-ural4320-destr.jpg","2023-11-16",376,9367,1,"7-37693671","11/16/2023"
"10314","Russia","Russia","Ural-4320","destroyed","https://i.postimg.cc/9f4GFw4c/1004-ural4320-destr.jpg","2023-11-16",376,9368,1,"7-37693681","11/16/2023"
"10315","Russia","Russia","Ural-4320","destroyed","https://i.postimg.cc/d0Xj8jM7/1009-ural4320-destr.jpg","2023-11-16",376,9369,1,"7-37693691","11/16/2023"
"10316","Russia","Russia","Ural-4320","destroyed","https://i.postimg.cc/XNdKvph9/1003-2s7-ural4320-destr.jpg","2023-11-16",376,7878,1,"7-37678781","11/16/2023"
"10317","Russia","Russia","Ural-4320","destroyed","https://i.postimg.cc/jSdyvvjh/1009-ural4320-destr.jpg","2023-11-16",376,9370,1,"7-37693701","11/16/2023"
"10318","Russia","Russia","Ural-4320","destroyed","https://i.postimg.cc/d02MSmZ9/1015-ural4320-destr.jpg","2023-11-16",376,9371,1,"7-37693711","11/16/2023"
"10319","Russia","Russia","Ural-4320","destroyed","https://i.postimg.cc/MKrgGMQx/3.png","2023-11-16",376,9313,1,"7-37693131","11/16/2023"
"10320","Russia","Russia","Ural-4320","destroyed","https://i.postimg.cc/66LC2bQn/1026-Ural-4320-destr.jpg","2023-11-16",376,9372,1,"7-37693721","11/16/2023"
"10321","Russia","Russia","Ural-4320","destroyed","https://i.postimg.cc/5tCXfXfS/2022-10-26-Ural-4320-destroyed-Bilohirka.jpg","2023-11-16",376,9373,1,"7-37693731","11/16/2023"
"10322","Russia","Russia","Ural-4320","destroyed","https://i.postimg.cc/hthJ3Cww/2022-10-26-Ural-4320-destroyed-Bilohirka-2.jpg","2023-11-16",376,9374,1,"7-37693741","11/16/2023"
"10323","Russia","Russia","Ural-4320","destroyed","https://i.postimg.cc/BZ8pDzLb/1003-ural4320-with-23mm-aa-gun-destr-6-11.jpg","2023-11-16",376,9375,1,"7-37693751","11/16/2023"
"10324","Russia","Russia","Ural-4320","destroyed","https://i.postimg.cc/ZRHcHkPv/1037-ural4320-destr-3-11.jpg","2023-11-16",376,9376,1,"7-37693761","11/16/2023"
"10325","Russia","Russia","Ural-4320","destroyed","https://i.postimg.cc/zvd8hYMx/1007-btrd-ural4320-destr.jpg","2023-11-16",376,6090,1,"7-37660901","11/16/2023"
"10326","Russia","Russia","Ural-4320","destroyed","https://i.postimg.cc/brr4KDCR/1000-ural4320-destr.jpg","2023-11-16",376,9377,1,"7-37693771","11/16/2023"
"10327","Russia","Russia","Ural-4320","destroyed","https://i.postimg.cc/dtGtfRNF/1012-ural4320-destr.jpg","2023-11-16",376,9378,1,"7-37693781","11/16/2023"
"10328","Russia","Russia","Ural-4320","destroyed","https://i.postimg.cc/3NwVH2X9/1018-ural4320-destr.jpg","2023-11-16",376,9379,1,"7-37693791","11/16/2023"
"10329","Russia","Russia","Ural-4320","destroyed","https://i.postimg.cc/tghLdqRd/1019-ural4320-destr.jpg","2023-11-16",376,9380,1,"7-37693801","11/16/2023"
"10330","Russia","Russia","Ural-4320","destroyed","https://i.postimg.cc/XJ2qLpRR/2022-11-12-Ural-4320.jpg","2023-11-16",376,9381,1,"7-37693811","11/16/2023"
"10331","Russia","Russia","Ural-4320","destroyed","https://i.postimg.cc/RZWbjKz6/1017-ural4320-destr.jpg","2023-11-16",376,9382,1,"7-37693821","11/16/2023"
"10332","Russia","Russia","Ural-4320","destroyed","https://i.postimg.cc/6359FBXd/1003-Ural-4320-destr.jpg","2023-11-16",376,9383,1,"7-37693831","11/16/2023"
"10333","Russia","Russia","Ural-4320","destroyed","https://i.postimg.cc/J7ZZJhQx/1011-Ural-4320-destr.jpg","2023-11-16",376,9384,1,"7-37693841","11/16/2023"
"10334","Russia","Russia","Ural-4320","destroyed","https://i.postimg.cc/SQt4DfDk/1005-ural4320-destr.jpg","2023-11-16",376,9385,1,"7-37693851","11/16/2023"
"10335","Russia","Russia","Ural-4320","destroyed","https://i.postimg.cc/6pnG8vW9/2022-11-13-Ural-4320-destroyed.jpg","2023-11-16",376,9386,1,"7-37693861","11/16/2023"
"10336","Russia","Russia","Ural-4320","destroyed","https://i.postimg.cc/4dZRVjdN/1004-ural4320-destr.jpg","2023-11-16",376,9387,1,"7-37693871","11/16/2023"
"10337","Russia","Russia","Ural-4320","destroyed","https://i.postimg.cc/brwXFbk7/1005-ural4320-destr.jpg","2023-11-16",376,9388,1,"7-37693881","11/16/2023"
"10338","Russia","Russia","Ural-4320","destroyed","https://i.postimg.cc/T2qjWWx8/1000-ural4320-destr.jpg","2023-11-16",376,9389,1,"7-37693891","11/16/2023"
"10339","Russia","Russia","Ural-4320","destroyed","https://i.postimg.cc/XYDkYSbp/1005-ural4320-destr.jpg","2023-11-16",376,9390,1,"7-37693901","11/16/2023"
"10340","Russia","Russia","Ural-4320","destroyed","https://i.postimg.cc/nVSVNZGD/1300-2x-ural4320-destr-29-11-22.jpg","2023-11-16",376,9391,1,"7-37693911","11/16/2023"
"10341","Russia","Russia","Ural-4320","destroyed","https://i.postimg.cc/YSCb7kDM/1010-ural-destr.jpg","2023-11-16",376,9392,1,"7-37693921","11/16/2023"
"10342","Russia","Russia","Ural-4320","destroyed","https://i.postimg.cc/X792csyS/1011-ural-destr.jpg","2023-11-16",376,9393,1,"7-37693931","11/16/2023"
"10343","Russia","Russia","Ural-4320","destroyed","https://i.postimg.cc/59CxLwxy/1010-Ural-4320-destr.jpg","2023-11-16",376,9394,1,"7-37693941","11/16/2023"
"10344","Russia","Russia","Ural-4320","destroyed","https://twitter.com/UAWeapons/status/1599038569670004737","2023-11-16",376,9395,1,"7-37693951","11/16/2023"
"10345","Russia","Russia","Ural-4320","destroyed","https://i.postimg.cc/FzC0V7zk/1026-Ural-4320-destr.jpg","2023-11-16",376,9396,1,"7-37693961","11/16/2023"
"10346","Russia","Russia","Ural-4320","destroyed","https://i.postimg.cc/mgzyVNQL/1007-ural4320-destr.jpg","2023-11-16",376,9397,1,"7-37693971","11/16/2023"
"10347","Russia","Russia","Ural-4320","destroyed","https://i.postimg.cc/PJYGj2sS/1013-ural4320-destr.jpg","2023-11-16",376,9398,1,"7-37693981","11/16/2023"
"10348","Russia","Russia","Ural-4320","destroyed","https://i.postimg.cc/W4wqmWTg/2022-03-03-Ural-4320-Ural-Federal-destroyed-Hostomel-Airport.png","2023-11-16",376,9399,1,"7-37693991","11/16/2023"
"10349","Russia","Russia","Ural-4320","destroyed","https://i.postimg.cc/zvcbcRJB/kamazz4and1ural.png","2023-11-16",376,9400,1,"7-37694001","11/16/2023"
"10350","Russia","Russia","Ural-4320","destroyed","https://i.postimg.cc/VvLhsVLR/2022-09-07-Ural-4320-destroyed-Poliske.jpg","2023-11-16",376,9401,1,"7-37694011","11/16/2023"
"10351","Russia","Russia","Ural-4320","destroyed","https://i.postimg.cc/1tWHB5sG/2022-04-24-Ural-4320-destroyed-Poliske.jpg","2023-11-16",376,9402,1,"7-37694021","11/16/2023"
"10352","Russia","Russia","Ural-4320","destroyed","https://i.postimg.cc/85nT77jV/2022-04-05-Ural-4320-destroyed.jpg","2023-11-16",376,9403,1,"7-37694031","11/16/2023"
"10353","Russia","Russia","Ural-4320","destroyed","https://i.postimg.cc/Kj39V47y/2022-04-10-Ural-4320-destroyed-Sumy.jpg","2023-11-16",376,9404,1,"7-37694041","11/16/2023"
"10354","Russia","Russia","Ural-4320","destroyed","https://i.postimg.cc/FFx5twVw/2022-04-15-Ural-4320-destroyed.jpg","2023-11-16",376,9405,1,"7-37694051","11/16/2023"
"10355","Russia","Russia","Ural-4320","destroyed","https://i.postimg.cc/mZJbR1vY/2022-04-20-Ural-4320-destroyed-Berezivka.jpg","2023-11-16",376,9406,1,"7-37694061","11/16/2023"
"10356","Russia","Russia","Ural-4320","destroyed","https://i.postimg.cc/QC2sqvQ4/2022-04-26-Ural-4320-destroyed-Hostomel.jpg","2023-11-16",376,9407,1,"7-37694071","11/16/2023"
"10357","Russia","Russia","Ural-4320","destroyed","https://i.postimg.cc/5yYbLfCQ/2022-04-25-Ural-4320-destroyed-Hostomel.jpg","2023-11-16",376,9408,1,"7-37694081","11/16/2023"
"10358","Russia","Russia","Ural-4320","destroyed","https://i.postimg.cc/WzmM9bs5/2022-05-28-Ural-4320-destroyed-Yahidne.jpg","2023-11-16",376,9409,1,"7-37694091","11/16/2023"
"10359","Russia","Russia","Ural-4320","destroyed","https://i.postimg.cc/D0PQwyJt/2022-06-08-Ural-4320-destroyed-x3-Yahidne.jpg","2023-11-16",376,9410,1,"7-37694101","11/16/2023"
"10360","Russia","Russia","Ural-4320","destroyed","https://i.postimg.cc/D0PQwyJt/2022-06-08-Ural-4320-destroyed-x3-Yahidne.jpg","2023-11-16",376,9410,1,"7-37694101","11/16/2023"
"10361","Russia","Russia","Ural-4320","destroyed","https://i.postimg.cc/D0PQwyJt/2022-06-08-Ural-4320-destroyed-x3-Yahidne.jpg","2023-11-16",376,9410,1,"7-37694101","11/16/2023"
"10362","Russia","Russia","Ural-4320","destroyed","https://i.postimg.cc/wMgRS41t/1015-ural4320-destr.jpg","2023-11-16",376,9411,1,"7-37694111","11/16/2023"
"10363","Russia","Russia","Ural-4320","destroyed","https://i.postimg.cc/T3zmKvmt/1014-ural4320-destr-14-11-22.jpg","2023-11-16",376,9412,1,"7-37694121","11/16/2023"
"10364","Russia","Russia","Ural-4320","destroyed","https://i.postimg.cc/Pqbn8rW5/2010-ural-tanker-destr.jpg","2023-11-16",376,9413,1,"7-37694131","11/16/2023"
"10365","Russia","Russia","Ural-4320","destroyed","https://i.postimg.cc/QMQCH4b9/1009-ural4320-and-ural43206-destr.jpg","2023-11-16",376,9414,1,"7-37694141","11/16/2023"
"10366","Russia","Russia","Ural-4320","destroyed","https://i.postimg.cc/HxRs8K3K/1005-ural4320-destr.jpg","2023-11-16",376,9415,1,"7-37694151","11/16/2023"
"10367","Russia","Russia","Ural-4320","destroyed","https://i.postimg.cc/MH5QZtsZ/1000-ural4320-destr-27-11-22.jpg","2023-11-16",376,9416,1,"7-37694161","11/16/2023"
"10368","Russia","Russia","Ural-4320","destroyed","https://i.postimg.cc/BnXKsT2s/1001-ural4320-destr-18-11-22.jpg","2023-11-16",376,9417,1,"7-37694171","11/16/2023"
"10369","Russia","Russia","Ural-4320","destroyed","https://i.postimg.cc/fR4ZpXdM/1001-ural4320-capt.jpg","2023-11-16",376,9418,1,"7-37694181","11/16/2023"
"10370","Russia","Russia","Ural-4320","destroyed","https://i.postimg.cc/SsLwH7nL/1017-ural4320-with-zu-23-2-destr-20-12-22.jpg","2023-11-16",376,9419,1,"7-37694191","11/16/2023"
"10371","Russia","Russia","Ural-4320","destroyed","https://i.postimg.cc/XqVTWG5R/1001-ural4320-destr-04-05-22.jpg","2023-11-16",376,9420,1,"7-37694201","11/16/2023"
"10372","Russia","Russia","Ural-4320","destroyed","https://i.postimg.cc/cJhrSF5g/1019-Ural-4320-destr-29-10-22.jpg","2023-11-16",376,9421,1,"7-37694211","11/16/2023"
"10373","Russia","Russia","Ural-4320","destroyed","https://i.postimg.cc/0j8Ltvqq/1013-ural4320-destr-05-01-23.jpg","2023-11-16",376,9422,1,"7-37694221","11/16/2023"
"10374","Russia","Russia","Ural-4320","destroyed","https://i.postimg.cc/8CGPmkXT/1010-ural4320-destr-07-12-22.jpg","2023-11-16",376,9423,1,"7-37694231","11/16/2023"
"10375","Russia","Russia","Ural-4320","destroyed","https://i.postimg.cc/JzZzXHqT/1011-ural4320-destr-07-01-23.jpg","2023-11-16",376,9424,1,"7-37694241","11/16/2023"
"10376","Russia","Russia","Ural-4320","destroyed","https://i.postimg.cc/Fz2BVk9X/1003-ural4320-destr-07-03-22.jpg","2023-11-16",376,9425,1,"7-37694251","11/16/2023"
"10377","Russia","Russia","Ural-4320","destroyed","https://i.postimg.cc/CMtXgXbr/1012-ural4320-destr-08-01-23.jpg","2023-11-16",376,9426,1,"7-37694261","11/16/2023"
"10378","Russia","Russia","Ural-4320","destroyed","https://i.postimg.cc/MpD8qt6c/1035-ural4320-destr-12-05-22.jpg","2023-11-16",376,9427,1,"7-37694271","11/16/2023"
"10379","Russia","Russia","Ural-4320","destroyed","https://i.postimg.cc/Hs7NsswM/1017-ural4320-destr-22-12-22.jpg","2023-11-16",376,9428,1,"7-37694281","11/16/2023"
"10380","Russia","Russia","Ural-4320","destroyed","https://i.postimg.cc/wxrPpsmH/1018-ural4320-destr-06-01-23.jpg","2023-11-16",376,9429,1,"7-37694291","11/16/2023"
"10381","Russia","Russia","Ural-4320","destroyed","https://i.postimg.cc/Kj7wd9h9/1012-Ural-4320-destr-16-01-23.jpg","2023-11-16",376,9430,1,"7-37694301","11/16/2023"
"10382","Russia","Russia","Ural-4320","destroyed","https://i.postimg.cc/T33F4q79/1019-Ural-4320-destr-16-01-23.jpg","2023-11-16",376,9431,1,"7-37694311","11/16/2023"
"10383","Russia","Russia","Ural-4320","destroyed","https://i.postimg.cc/V6DmJ8TT/1016-ural4320-destr-20-09-22.jpg","2023-11-16",376,9432,1,"7-37694321","11/16/2023"
"10384","Russia","Russia","Ural-4320","destroyed","https://i.postimg.cc/rmtNmVKy/1017-ural4320-destr-18-01-23.jpg","2023-11-16",376,9433,1,"7-37694331","11/16/2023"
"10385","Russia","Russia","Ural-4320","destroyed","https://i.postimg.cc/Hs232bkx/1010-Ural-4320-destr-21-01-23.jpg","2023-11-16",376,9434,1,"7-37694341","11/16/2023"
"10386","Russia","Russia","Ural-4320","destroyed","https://i.postimg.cc/FHCptmcX/1013-Ural-4320-destr-14-07-22.jpg","2023-11-16",376,9435,1,"7-37694351","11/16/2023"
"10387","Russia","Russia","Ural-4320","destroyed","https://i.postimg.cc/0280br0q/1030-ural4320-destr-13-01-23.jpg","2023-11-16",376,9436,1,"7-37694361","11/16/2023"
"10388","Russia","Russia","Ural-4320","destroyed","https://i.postimg.cc/8CrhqvNL/1031-ural4320-destr-18-01-23.jpg","2023-11-16",376,9437,1,"7-37694371","11/16/2023"
"10389","Russia","Russia","Ural-4320","destroyed","https://i.postimg.cc/5tC8SZ1Y/1004-ural4320-destr-22-01-23.jpg","2023-11-16",376,9438,1,"7-37694381","11/16/2023"
"10390","Russia","Russia","Ural-4320","destroyed","https://i.postimg.cc/65LBZZr1/1013-Ural-4320-destr-10-10-22.jpg","2023-11-16",376,9439,1,"7-37694391","11/16/2023"
"10391","Russia","Russia","Ural-4320","destroyed","https://i.postimg.cc/Lsn5FNn5/u2.png","2023-11-16",376,9440,1,"7-37694401","11/16/2023"
"10392","Russia","Russia","Ural-4320","destroyed","https://i.postimg.cc/NjV7w60b/1012-ural4320-destr-26-02-22.jpg","2023-11-16",376,9441,1,"7-37694411","11/16/2023"
"10393","Russia","Russia","Ural-4320","destroyed","https://i.postimg.cc/7PzBtmhy/1007-ural4320-destr-28-01-23.jpg","2023-11-16",376,9442,1,"7-37694421","11/16/2023"
"10394","Russia","Russia","Ural-4320","destroyed","https://i.postimg.cc/13QbrbrT/1025-ural4320-destr-20-01-23.jpg","2023-11-16",376,9443,1,"7-37694431","11/16/2023"
"10395","Russia","Russia","Ural-4320","destroyed","https://i.postimg.cc/QdJw4S6M/1028-ural4320-destr-25-01-23.jpg","2023-11-16",376,9444,1,"7-37694441","11/16/2023"
"10396","Russia","Russia","Ural-4320","destroyed","https://i.postimg.cc/kXFTqGW1/1030-ural4320-destr-28-01-23.jpg","2023-11-16",376,9445,1,"7-37694451","11/16/2023"
"10397","Russia","Russia","Ural-4320","destroyed","https://i.postimg.cc/bvdgxRWW/1031-ural4320-destr-10-06-22.jpg","2023-11-16",376,9446,1,"7-37694461","11/16/2023"
"10398","Russia","Russia","Ural-4320","destroyed","https://i.postimg.cc/pLsk5SGK/1032-ural4320-destr-10-06-22.jpg","2023-11-16",376,9447,1,"7-37694471","11/16/2023"
"10399","Russia","Russia","Ural-4320","destroyed","https://i.postimg.cc/pLQNLgNm/1012-ural4320-destr-31-01-23.jpg","2023-11-16",376,9448,1,"7-37694481","11/16/2023"
"10400","Russia","Russia","Ural-4320","destroyed","https://i.postimg.cc/nzjKR4Ms/1043-Ural-4320-destr-08-10-22.jpg","2023-11-16",376,9449,1,"7-37694491","11/16/2023"
"10401","Russia","Russia","Ural-4320","destroyed","https://i.postimg.cc/Sx06CbVR/1027-ural4320-destr-09-02-23.jpg","2023-11-16",376,9450,1,"7-37694501","11/16/2023"
"10402","Russia","Russia","Ural-4320","destroyed","https://i.postimg.cc/sg654nNS/1034-ural4320-destr-12-02-23.jpg","2023-11-16",376,9451,1,"7-37694511","11/16/2023"
"10403","Russia","Russia","Ural-4320","destroyed","https://i.postimg.cc/BngZt4JC/1008-Kam-AZ-destr.jpg","2023-11-16",376,9452,1,"7-37694521","11/16/2023"
"10404","Russia","Russia","Ural-4320","destroyed","https://i.postimg.cc/jdYTqYQq/1018-ural4320-destr-23-02-23.jpg","2023-11-16",376,9453,1,"7-37694531","11/16/2023"
"10405","Russia","Russia","Ural-4320","destroyed","https://i.postimg.cc/3xnQZ4MW/1022-ural4320-destr-04-04-22.jpg","2023-11-16",376,9454,1,"7-37694541","11/16/2023"
"10406","Russia","Russia","Ural-4320","destroyed","https://i.postimg.cc/QdfhszN3/1021-Ural-4320-destr-30-03-22.jpg","2023-11-16",376,9455,1,"7-37694551","11/16/2023"
"10407","Russia","Russia","Ural-4320","destroyed","https://i.postimg.cc/qMtgtxCP/1036-2x-ural4320-destr-05-03-23.jpg","2023-11-16",376,9456,1,"7-37694561","11/16/2023"
"10408","Russia","Russia","Ural-4320","destroyed","https://i.postimg.cc/Hx4jb8PV/1001-ural4320-destr-08-03-23.jpg","2023-11-16",376,9457,1,"7-37694571","11/16/2023"
"10409","Russia","Russia","Ural-4320","destroyed","https://i.postimg.cc/J72yQrCL/1016-ural4320-destr-08-02-23.jpg","2023-11-16",376,9458,1,"7-37694581","11/16/2023"
"10410","Russia","Russia","Ural-4320","destroyed","https://i.postimg.cc/x8bbBzFB/1000-ural4320-destr-16-12-22.jpg","2023-11-16",376,9459,1,"7-37694591","11/16/2023"
"10411","Russia","Russia","Ural-4320","destroyed","https://i.postimg.cc/QtC7kPg8/1001-ural4320-destr-16-12-22.jpg","2023-11-16",376,9460,1,"7-37694601","11/16/2023"
"10412","Russia","Russia","Ural-4320","destroyed","https://i.postimg.cc/1RHbD2wp/1021-ural4320-destr-10-10-22.jpg","2023-11-16",376,9461,1,"7-37694611","11/16/2023"
"10413","Russia","Russia","Ural-4320","destroyed","https://i.postimg.cc/Tw1z4C2M/1011-ural4320-and-kamaz6x6-destr-17-03-23.jpg","2023-11-16",376,9462,1,"7-37694621","11/16/2023"
"10414","Russia","Russia","Ural-4320","destroyed","https://i.postimg.cc/CxpTWJdY/1014.png","2023-11-16",376,9463,1,"7-37694631","11/16/2023"
"10415","Russia","Russia","Ural-4320","destroyed","https://i.postimg.cc/KvhrZjkD/1005-ural4320-destr-31-03-22.jpg","2023-11-16",376,9464,1,"7-37694641","11/16/2023"
"10416","Russia","Russia","Ural-4320","destroyed","https://i.postimg.cc/wxmQ8LvB/1006-ural4320-destr-16-03-23.jpg","2023-11-16",376,9465,1,"7-37694651","11/16/2023"
"10417","Russia","Russia","Ural-4320","destroyed","https://i.postimg.cc/zfvTdR68/1031-ural-4320-destr-20-03-23.jpg","2023-11-16",376,9466,1,"7-37694661","11/16/2023"
"10418","Russia","Russia","Ural-4320","destroyed","https://i.postimg.cc/s2QFkJkR/414.png","2023-11-16",376,9467,1,"7-37694671","11/16/2023"
"10419","Russia","Russia","Ural-4320","destroyed","https://i.postimg.cc/J0cct9kC/321.png","2023-11-16",376,9468,1,"7-37694681","11/16/2023"
"10420","Russia","Russia","Ural-4320","destroyed","https://i.postimg.cc/wjKsh2Db/433.png","2023-11-16",376,9469,1,"7-37694691","11/16/2023"
"10421","Russia","Russia","Ural-4320","destroyed","https://postlmg.cc/yW3KhX2W","2023-11-16",376,9470,1,"7-37694701","11/16/2023"
"10422","Russia","Russia","Ural-4320","destroyed","https://i.postimg.cc/7Z7Brk7P/42.png","2023-11-16",376,9471,1,"7-37694711","11/16/2023"
"10423","Russia","Russia","Ural-4320","destroyed","https://i.postimg.cc/4xfn8p5z/43ff.png","2023-11-16",376,9472,1,"7-37694721","11/16/2023"
"10424","Russia","Russia","Ural-4320","destroyed","https://i.postimg.cc/FsPWFVkH/421.png","2023-11-16",376,9473,1,"7-37694731","11/16/2023"
"10425","Russia","Russia","Ural-4320","destroyed","https://twitter.com/naalsio26/status/1640515392148852736","2023-11-16",376,9474,1,"7-37694741","11/16/2023"
"10426","Russia","Russia","Ural-4320","destroyed","https://i.postimg.cc/B6PtYKXg/3d.png","2023-11-16",376,9475,1,"7-37694751","11/16/2023"
"10427","Russia","Russia","Ural-4320","destroyed","https://i.postimg.cc/xTFVyHdF/34.png","2023-11-16",376,9476,1,"7-37694761","11/16/2023"
"10428","Russia","Russia","Ural-4320","destroyed","https://twitter.com/UAWeapons/status/1641170318185185283","2023-11-16",376,3166,1,"7-37631661","11/16/2023"
"10429","Russia","Russia","Ural-4320","destroyed","https://i.postimg.cc/NGWspMzQ/1002-ural4320-destr-27-03-23.png","2023-11-16",376,9477,1,"7-37694771","11/16/2023"
"10430","Russia","Russia","Ural-4320","destroyed","https://i.postimg.cc/0565YmZt/1003-ural4320-destr-27-03-23.png","2023-11-16",376,9478,1,"7-37694781","11/16/2023"
"10431","Russia","Russia","Ural-4320","destroyed","https://i.postimg.cc/Kj3W1mPN/1008-ural4320-destr-25-04-22.jpg","2023-11-16",376,9479,1,"7-37694791","11/16/2023"
"10432","Russia","Russia","Ural-4320","destroyed","https://i.postimg.cc/NfLZFhCN/1006-ural4320-destr-14-01-23.jpg","2023-11-16",376,9480,1,"7-37694801","11/16/2023"
"10433","Russia","Russia","Ural-4320","destroyed","https://i.postimg.cc/VLTpb73z/1007-ural4320-destr-14-01-23.jpg","2023-11-16",376,9481,1,"7-37694811","11/16/2023"
"10434","Russia","Russia","Ural-4320","destroyed","https://twitter.com/naalsio26/status/1643734448754630658","2023-11-16",376,9482,1,"7-37694821","11/16/2023"
"10435","Russia","Russia","Ural-4320","destroyed","https://i.postimg.cc/x864x3rW/4387.png","2023-11-16",376,9483,1,"7-37694831","11/16/2023"
"10436","Russia","Russia","Ural-4320","destroyed","https://twitter.com/UAWeapons/status/1646580037456637952","2023-11-16",376,6290,1,"7-37662901","11/16/2023"
"10437","Russia","Russia","Ural-4320","destroyed","https://i.postimg.cc/XJFm4zsz/59.png","2023-11-16",376,9484,1,"7-37694841","11/16/2023"
"10438","Russia","Russia","Ural-4320","destroyed","https://i.postimg.cc/SRYWhD3R/77j.png","2023-11-16",376,9485,1,"7-37694851","11/16/2023"
"10439","Russia","Russia","Ural-4320","destroyed","https://i.postimg.cc/vmyXvFjz/t5.png","2023-11-16",376,9486,1,"7-37694861","11/16/2023"
"10440","Russia","Russia","Ural-4320","destroyed","https://twitter.com/naalsio26/status/1648133967583801344","2023-11-16",376,7762,1,"7-37677621","11/16/2023"
"10441","Russia","Russia","Ural-4320","destroyed","https://twitter.com/naalsio26/status/1648083127372337152","2023-11-16",376,9487,1,"7-37694871","11/16/2023"
"10442","Russia","Russia","Ural-4320","destroyed","https://i.postimg.cc/2SgRNcMq/335g.png","2023-11-16",376,9488,1,"7-37694881","11/16/2023"
"10443","Russia","Russia","Ural-4320","destroyed","https://twitter.com/Danspiun/status/1650511126709391365","2023-11-16",376,3170,1,"7-37631701","11/16/2023"
"10444","Russia","Russia","Ural-4320","destroyed","https://i.postimg.cc/vTb4FSSj/1000-unkn-bmp-mt12-ural4320-destr-27-04-23.jpg","2023-11-16",376,4707,1,"7-37647071","11/16/2023"
"10445","Russia","Russia","Ural-4320","destroyed","https://i.postimg.cc/JnNbkFD7/1021-ural4320-destr-26-04-23.jpg","2023-11-16",376,9489,1,"7-37694891","11/16/2023"
"10446","Russia","Russia","Ural-4320","destroyed","https://i.postimg.cc/brJwLyTK/1026-ural4320-destr-28-02-23.jpg","2023-11-16",376,9490,1,"7-37694901","11/16/2023"
"10447","Russia","Russia","Ural-4320","destroyed","https://i.postimg.cc/76XLgGg3/1027-ural4320-destr-31-05-22.jpg","2023-11-16",376,9491,1,"7-37694911","11/16/2023"
"10448","Russia","Russia","Ural-4320","destroyed","https://i.postimg.cc/yxbYbMpW/1028-ural4320-destr-22-04-23.jpg","2023-11-16",376,9492,1,"7-37694921","11/16/2023"
"10449","Russia","Russia","Ural-4320","destroyed","https://i.postimg.cc/3xpJtbXJ/1029-ural4320-destr-21-04-23.jpg","2023-11-16",376,9493,1,"7-37694931","11/16/2023"
"10450","Russia","Russia","Ural-4320","destroyed","https://i.postimg.cc/FKVF4dCM/1030-ural4320-destr-20-04-23.jpg","2023-11-16",376,9494,1,"7-37694941","11/16/2023"
"10451","Russia","Russia","Ural-4320","destroyed","https://i.postimg.cc/0Ns5FdnG/1031-ural4320-destr-18-04-23.jpg","2023-11-16",376,9495,1,"7-37694951","11/16/2023"
"10452","Russia","Russia","Ural-4320","destroyed","https://i.postimg.cc/RFnVC0fH/1016-Ural-4320-destr-29-04-23.jpg","2023-11-16",376,9496,1,"7-37694961","11/16/2023"
"10453","Russia","Russia","Ural-4320","destroyed","https://i.postimg.cc/JhsRKhp2/1032-ural4320-destr-03-05-23.jpg","2023-11-16",376,9497,1,"7-37694971","11/16/2023"
"10454","Russia","Russia","Ural-4320","destroyed","https://i.postimg.cc/NjRtz1Gn/1002-Ural-4320-destr-05-05-23.jpg","2023-11-16",376,9498,1,"7-37694981","11/16/2023"
"10455","Russia","Russia","Ural-4320","destroyed","https://i.postimg.cc/nVwnjFw3/1004-Ural-4320-truck-with-an-armored-cab-capt-05-05-23.jpg","2023-11-16",376,9499,1,"7-37694991","11/16/2023"
"10456","Russia","Russia","Ural-4320","destroyed","https://i.postimg.cc/hGqDH4bg/1007-ural4320-destr-10-09-22.jpg","2023-11-16",376,9500,1,"7-37695001","11/16/2023"
"10457","Russia","Russia","Ural-4320","destroyed","https://i.postimg.cc/HnDLXyg6/1032-ural4320-destr-12-05-23.jpg","2023-11-16",376,9501,1,"7-37695011","11/16/2023"
"10458","Russia","Russia","Ural-4320","destroyed","https://i.postimg.cc/fRBkpycb/1033-Ural-4320-destr-12-05-23.jpg","2023-11-16",376,9502,1,"7-37695021","11/16/2023"
"10459","Russia","Russia","Ural-4320","destroyed","https://i.postimg.cc/DyQSQBmL/1061-ural4320-destr-14-05-23.jpg","2023-11-16",376,9503,1,"7-37695031","11/16/2023"
"10460","Russia","Russia","Ural-4320","destroyed","https://i.postimg.cc/0ywPPw4v/1014-ural4320-destr-21-05-23.jpg","2023-11-16",376,9504,1,"7-37695041","11/16/2023"
"10461","Russia","Russia","Ural-4320","destroyed","https://i.postimg.cc/hP3tSgPL/1019-ural4320-destr-20-05-23.jpg","2023-11-16",376,9505,1,"7-37695051","11/16/2023"
"10462","Russia","Russia","Ural-4320","destroyed","https://i.postimg.cc/J4hhVtm7/1028-ural4320-destr-30-11-22.jpg","2023-11-16",376,9506,1,"7-37695061","11/16/2023"
"10463","Russia","Russia","Ural-4320","destroyed","https://i.postimg.cc/Kv4mpVrR/1032-Ural-4320-with-ZU-23-AA-gun-destr-01-03-23.jpg","2023-11-16",376,9507,1,"7-37695071","11/16/2023"
"10464","Russia","Russia","Ural-4320","destroyed","https://i.postimg.cc/XqYnb1R1/1046-ural4320-destr-20-05-23.jpg","2023-11-16",376,9508,1,"7-37695081","11/16/2023"
"10465","Russia","Russia","Ural-4320","destroyed","https://i.postimg.cc/cHkmVJ82/1004-1xkamaz6x6-and-2x-Ural4320-destr-22-05-23.jpg","2023-11-16",376,9509,1,"7-37695091","11/16/2023"
"10466","Russia","Russia","Ural-4320","destroyed","https://i.postimg.cc/13DvfPLV/1003-ural4320-destr-22-05-23.jpg","2023-11-16",376,9510,1,"7-37695101","11/16/2023"
"10467","Russia","Russia","Ural-4320","destroyed","https://i.postimg.cc/TPN6y9Z2/1015-ural4320-and-mt12-destr-23-05-23.jpg","2023-11-16",376,7133,1,"7-37671331","11/16/2023"
"10468","Russia","Russia","Ural-4320","destroyed","https://i.postimg.cc/rsqWsx3J/1014-ural4320-destr-23-05-23.jpg","2023-11-16",376,9511,1,"7-37695111","11/16/2023"
"10469","Russia","Russia","Ural-4320","destroyed","https://i.postimg.cc/1tzT4GVD/1008-Ural-4320-destr-26-05-23.jpg","2023-11-16",376,9512,1,"7-37695121","11/16/2023"
"10470","Russia","Russia","Ural-4320","destroyed","https://i.postimg.cc/zBTq6z7w/1020-ural4320-destr-24-05-23.jpg","2023-11-16",376,9513,1,"7-37695131","11/16/2023"
"10471","Russia","Russia","Ural-4320","destroyed","https://i.postimg.cc/fR9PySkK/48.png","2023-11-16",376,9514,1,"7-37695141","11/16/2023"
"10472","Russia","Russia","Ural-4320","destroyed","https://i.postimg.cc/RZzM9s1J/1006-ural4320-destr-27-05-23.jpg","2023-11-16",376,9515,1,"7-37695151","11/16/2023"
"10473","Russia","Russia","Ural-4320","destroyed","https://i.postimg.cc/6QWt48m9/1027-ural4320-destr-01-06-23.jpg","2023-11-16",376,9516,1,"7-37695161","11/16/2023"
"10474","Russia","Russia","Ural-4320","destroyed","https://i.postimg.cc/HncpWFPX/1033-ural4320-destr-02-06-23.jpg","2023-11-16",376,9517,1,"7-37695171","11/16/2023"
"10475","Russia","Russia","Ural-4320","destroyed","https://i.postimg.cc/MGtKyWtt/1013-ural4320-destr-02-06-23.jpg","2023-11-16",376,9518,1,"7-37695181","11/16/2023"
"10476","Russia","Russia","Ural-4320","destroyed","https://i.postimg.cc/zBczc0sg/1014-ural4320-destr-30-05-23.jpg","2023-11-16",376,9519,1,"7-37695191","11/16/2023"
"10477","Russia","Russia","Ural-4320","destroyed","https://i.postimg.cc/G34GhNh6/1028-ural4320-destr-04-06-23.jpg","2023-11-16",376,9520,1,"7-37695201","11/16/2023"
"10478","Russia","Russia","Ural-4320","destroyed","https://i.postimg.cc/4nCJJnN4/1040-Ural-4320-destr-08-06-23.jpg","2023-11-16",376,9521,1,"7-37695211","11/16/2023"
"10479","Russia","Russia","Ural-4320","destroyed","https://i.postimg.cc/k4NrSTXd/1009-ural4320-destr-28-05-23.jpg","2023-11-16",376,9522,1,"7-37695221","11/16/2023"
"10480","Russia","Russia","Ural-4320","destroyed","https://i.postimg.cc/j2Rp4yLn/1010-ural4320-destr-28-05-23.jpg","2023-11-16",376,9523,1,"7-37695231","11/16/2023"
"10481","Russia","Russia","Ural-4320","destroyed","https://i.postimg.cc/8cwqKs6K/1038-ural4320-with-S60-aa-gun-destr-12-06-23.jpg","2023-11-16",376,9524,1,"7-37695241","11/16/2023"
"10482","Russia","Russia","Ural-4320","destroyed","https://i.postimg.cc/V6ZdjsXB/1021-ural4320-destr-18-06-23.jpg","2023-11-16",376,9525,1,"7-37695251","11/16/2023"
"10483","Russia","Russia","Ural-4320","destroyed","https://i.postimg.cc/8c9fPXFc/1008-2x-ural4320-destr-16-06-23.jpg","2023-11-16",376,9526,1,"7-37695261","11/16/2023"
"10484","Russia","Russia","Ural-4320","destroyed","https://i.postimg.cc/3RLDzxYg/1009-ural4320-destr-16-06-23.jpg","2023-11-16",376,9527,1,"7-37695271","11/16/2023"
"10485","Russia","Russia","Ural-4320","destroyed","https://i.postimg.cc/7Y5g80Cb/1025-ural4320-destr-16-06-23.jpg","2023-11-16",376,9528,1,"7-37695281","11/16/2023"
"10486","Russia","Russia","Ural-4320","destroyed","https://i.postimg.cc/zGmHsMZP/1041-ural4320-destr-20-06-23.jpg","2023-11-16",376,9529,1,"7-37695291","11/16/2023"
"10487","Russia","Russia","Ural-4320","destroyed","https://i.postimg.cc/wTBMShng/1007-Ural-4320-with-ZU-23-AA-gun-destr-25-05-23.jpg","2023-11-16",376,9530,1,"7-37695301","11/16/2023"
"10488","Russia","Russia","Ural-4320","destroyed","https://i.postimg.cc/B6ctGNqQ/1013-Ural-4320-destr-24-06-23.jpg","2023-11-16",376,9531,1,"7-37695311","11/16/2023"
"10489","Russia","Russia","Ural-4320","destroyed","https://i.postimg.cc/651qw8NR/1006-Ural-4320-desre-25-05-23.jpg","2023-11-16",376,9532,1,"7-37695321","11/16/2023"
"10490","Russia","Russia","Ural-4320","destroyed","https://i.postimg.cc/KjmXT5Cq/26.png","2023-11-16",376,9533,1,"7-37695331","11/16/2023"
"10491","Russia","Russia","Ural-4320","destroyed","https://i.postimg.cc/qvP7hWqv/1033-ural4320-destr-23-06-23.jpg","2023-11-16",376,9534,1,"7-37695341","11/16/2023"
"10492","Russia","Russia","Ural-4320","destroyed","https://i.postimg.cc/9Q7D2dXq/1064-ural4320-destr-01-12-22.jpg","2023-11-16",376,9535,1,"7-37695351","11/16/2023"
"10493","Russia","Russia","Ural-4320","destroyed","https://i.postimg.cc/YqP568ZH/1002-ural4320-destr-21-06-23.jpg","2023-11-16",376,9536,1,"7-37695361","11/16/2023"
"10494","Russia","Russia","Ural-4320","destroyed","https://i.postimg.cc/ZqtXgnJs/1025-Ural-4320-destr-31-08-22.jpg","2023-11-16",376,9537,1,"7-37695371","11/16/2023"
"10495","Russia","Russia","Ural-4320","destroyed","https://i.postimg.cc/5NjcQDPg/1040-Ural-4320-destr-17-06-23.jpg","2023-11-16",376,9538,1,"7-37695381","11/16/2023"
"10496","Russia","Russia","Ural-4320","destroyed","https://i.postimg.cc/sX3qjLQp/1041-Ural-4320-destr-23-06-23.jpg","2023-11-16",376,9539,1,"7-37695391","11/16/2023"
"10497","Russia","Russia","Ural-4320","destroyed","https://i.postimg.cc/xdvBSQCf/1044-Ural-4320-destr-26-03-23.jpg","2023-11-16",376,9540,1,"7-37695401","11/16/2023"
"10498","Russia","Russia","Ural-4320","destroyed","https://i.postimg.cc/1RC2SJ9q/1045-Ural-4320-destr-10-06-23.jpg","2023-11-16",376,9541,1,"7-37695411","11/16/2023"
"10499","Russia","Russia","Ural-4320","destroyed","https://i.postimg.cc/QtSPHq1v/1046-Ural-4320-destr-22-06-23.jpg","2023-11-16",376,9542,1,"7-37695421","11/16/2023"
"10500","Russia","Russia","Ural-4320","destroyed","https://i.postimg.cc/5yZ934cV/1062-ural4320-destr-20-06-23.jpg","2023-11-16",376,9543,1,"7-37695431","11/16/2023"
"10501","Russia","Russia","Ural-4320","destroyed","https://twitter.com/UAWeapons/status/1674481857386168320","2023-11-16",376,1503,1,"7-37615031","11/16/2023"
"10502","Russia","Russia","Ural-4320","destroyed","https://i.postimg.cc/jS818C97/1014-bmp1-and-ural4320-destr-01-07-23.jpg","2023-11-16",376,3412,1,"7-37634121","11/16/2023"
"10503","Russia","Russia","Ural-4320","destroyed","https://i.postimg.cc/RVPL600s/1011-ural4320-destr-01-07-23.jpg","2023-11-16",376,9544,1,"7-37695441","11/16/2023"
"10504","Russia","Russia","Ural-4320","destroyed","https://i.postimg.cc/Wpd5GrBR/1024-ural4320-destr-29-06-23.jpg","2023-11-16",376,9545,1,"7-37695451","11/16/2023"
"10505","Russia","Russia","Ural-4320","destroyed","https://twitter.com/UAWeapons/status/1536421907679129600","2023-11-16",376,8128,1,"7-37681281","11/16/2023"
"10506","Russia","Russia","Ural-4320","destroyed","https://twitter.com/UAWeapons/status/1535286866379157504","2023-11-16",376,7946,1,"7-37679461","11/16/2023"
"10507","Russia","Russia","Ural-4320","destroyed","https://i.postimg.cc/k5pcZzFq/1009-ural4320-destr-07-07-23.jpg","2023-11-16",376,9546,1,"7-37695461","11/16/2023"
"10508","Russia","Russia","Ural-4320","destroyed","https://i.postimg.cc/sDFYKfcF/1007-2x-Ural-4320-destr-18-09-22.jpg","2023-11-16",376,9547,1,"7-37695471","11/16/2023"
"10509","Russia","Russia","Ural-4320","destroyed","https://twitter.com/naalsio26/status/1678943074368536577","2023-11-16",376,2846,1,"7-37628461","11/16/2023"
"10510","Russia","Russia","Ural-4320","destroyed","https://i.postimg.cc/0y00zgDT/1019-Ural-4320-destr-05-07-23.jpg","2023-11-16",376,9548,1,"7-37695481","11/16/2023"
"10511","Russia","Russia","Ural-4320","destroyed","https://i.postimg.cc/jj86hz8v/1052-ural4320-destr-11-07-23.jpg","2023-11-16",376,9549,1,"7-37695491","11/16/2023"
"10512","Russia","Russia","Ural-4320","destroyed","https://i.postimg.cc/bYWC1Ckx/1013-URAL-4320-with-57mm-S-60-cannon-destr-12-07-23.jpg","2023-11-16",376,9550,1,"7-37695501","11/16/2023"
"10513","Russia","Russia","Ural-4320","destroyed","https://i.postimg.cc/vZLx3kVp/1011-ural4320-destr-12-07-23.jpg","2023-11-16",376,9551,1,"7-37695511","11/16/2023"
"10514","Russia","Russia","Ural-4320","destroyed","https://i.postimg.cc/vTVc9Ny2/1020-ural4320-destr-12-07-23.jpg","2023-11-16",376,9552,1,"7-37695521","11/16/2023"
"10515","Russia","Russia","Ural-4320","destroyed","https://i.postimg.cc/D0bfXb6p/1019-ural4320-destr-14-07-23.jpg","2023-11-16",376,9553,1,"7-37695531","11/16/2023"
"10516","Russia","Russia","Ural-4320","destroyed","https://i.postimg.cc/L5TJmfDT/1018-ural4320-and-btr80-18-07-23-destr.jpg","2023-11-16",376,5910,1,"7-37659101","11/16/2023"
"10517","Russia","Russia","Ural-4320","destroyed","https://i.postimg.cc/jjn0Kbc3/1017-ural4320-destr-17-07-23.jpg","2023-11-16",376,9554,1,"7-37695541","11/16/2023"
"10518","Russia","Russia","Ural-4320","destroyed","https://i.postimg.cc/zXqrh4D3/1020-ural4320-destr-17-07-23.jpg","2023-11-16",376,9555,1,"7-37695551","11/16/2023"
"10519","Russia","Russia","Ural-4320","destroyed","https://i.postimg.cc/Kv8Wxbv7/1026-ural4320-destr-18-07-23.jpg","2023-11-16",376,9556,1,"7-37695561","11/16/2023"
"10520","Russia","Russia","Ural-4320","destroyed","https://i.postimg.cc/zDjQsv5X/1032-ural4320-destr-19-05-23.jpg","2023-11-16",376,9557,1,"7-37695571","11/16/2023"
"10521","Russia","Russia","Ural-4320","destroyed","https://i.postimg.cc/76RW8K9R/1003-ural4320-destr-19-07-23.jpg","2023-11-16",376,9558,1,"7-37695581","11/16/2023"
"10522","Russia","Russia","Ural-4320","destroyed","https://i.postimg.cc/y6M70jKn/1020-ural4320-destr-26-12-22.jpg","2023-11-16",376,9559,1,"7-37695591","11/16/2023"
"10523","Russia","Russia","Ural-4320","destroyed","https://i.postimg.cc/FKnKd1hh/1012-Ural-4320-destr-21-07-23.jpg","2023-11-16",376,9560,1,"7-37695601","11/16/2023"
"10524","Russia","Russia","Ural-4320","destroyed","https://i.postimg.cc/h4mGvS6q/1022-Ural-4320-destr-31-08-22.jpg","2023-11-16",376,9561,1,"7-37695611","11/16/2023"
"10525","Russia","Russia","Ural-4320","destroyed","https://i.postimg.cc/bvNzNszc/1013-4x-ural4320-destr-09-09-22.jpg","2023-11-16",376,9562,1,"7-37695621","11/16/2023"
"10526","Russia","Russia","Ural-4320","destroyed","https://i.postimg.cc/MZ3pyvW8/1005-2x-Ural-4320-destr-30-07-22.jpg","2023-11-16",376,9563,1,"7-37695631","11/16/2023"
"10527","Russia","Russia","Ural-4320","destroyed","https://i.postimg.cc/1tyK9zvP/1002-Ural-4320-destr-11-07-23.jpg","2023-11-16",376,9564,1,"7-37695641","11/16/2023"
"10528","Russia","Russia","Ural-4320","destroyed","https://i.postimg.cc/MpKZZv6k/1001-Ural-4320-31-with-a-S-60-destr-04-08-23.jpg","2023-11-16",376,9565,1,"7-37695651","11/16/2023"
"10529","Russia","Russia","Ural-4320","destroyed","https://i.postimg.cc/tCbCfB84/1007-Ural-4320-destr-02-08-23.jpg","2023-11-16",376,9566,1,"7-37695661","11/16/2023"
"10530","Russia","Russia","Ural-4320","destroyed","https://i.postimg.cc/856kYWj4/1029-ural4320-destr-08-08-23.jpg","2023-11-16",376,9567,1,"7-37695671","11/16/2023"
"10531","Russia","Russia","Ural-4320","destroyed","https://i.postimg.cc/ncjLLgdB/1003-Ural-4320-destr-07-06-23.jpg","2023-11-16",376,9568,1,"7-37695681","11/16/2023"
"10532","Russia","Russia","Ural-4320","destroyed","https://i.postimg.cc/Xv3NQJnk/1008-ural4320-destr-09-08-23.jpg","2023-11-16",376,9569,1,"7-37695691","11/16/2023"
"10533","Russia","Russia","Ural-4320","destroyed","https://i.postimg.cc/YS3rVH9K/1014-Ural4320-destr-01-08-23.jpg","2023-11-16",376,9570,1,"7-37695701","11/16/2023"
"10534","Russia","Russia","Ural-4320","destroyed","https://i.postimg.cc/m2vg1jqq/1018-Ural-4320-destr-05-08-23.jpg","2023-11-16",376,9571,1,"7-37695711","11/16/2023"
"10535","Russia","Russia","Ural-4320","destroyed","https://i.postimg.cc/x1LTvHVd/1031-ural4320-destr-05-05-23.jpg","2023-11-16",376,9572,1,"7-37695721","11/16/2023"
"10536","Russia","Russia","Ural-4320","destroyed","https://i.postimg.cc/sDWkgsj3/1008-ural4320-destr-30-11-22.jpg","2023-11-16",376,9573,1,"7-37695731","11/16/2023"
"10537","Russia","Russia","Ural-4320","destroyed","https://i.postimg.cc/sXr9zs0M/1006-ural4320-with-S60-aa-cannon-destr-17-08-23.jpg","2023-11-16",376,9574,1,"7-37695741","11/16/2023"
"10538","Russia","Russia","Ural-4320","destroyed","https://i.postimg.cc/qvXxZcSn/1028-ural4320-destr-d30-dam-26-07-23.jpg","2023-11-16",376,7206,1,"7-37672061","11/16/2023"
"10539","Russia","Russia","Ural-4320","destroyed","https://i.postimg.cc/zXPC44DF/1008-Ural-4320-with-Zu-23-2-destr-22-08-23.jpg","2023-11-16",376,9575,1,"7-37695751","11/16/2023"
"10540","Russia","Russia","Ural-4320","destroyed","https://i.postimg.cc/NMYm1cbB/1007-Ural-4320-destr-30-06-23.jpg","2023-11-16",376,9576,1,"7-37695761","11/16/2023"
"10541","Russia","Russia","Ural-4320","destroyed","https://i.postimg.cc/DZgs6MYs/1010-ural4320-destr-22-08-23.jpg","2023-11-16",376,9577,1,"7-37695771","11/16/2023"
"10542","Russia","Russia","Ural-4320","destroyed","https://i.postimg.cc/nhyvh7Ds/1028-Ural-4320-destr-23-03-23.jpg","2023-11-16",376,9578,1,"7-37695781","11/16/2023"
"10543","Russia","Russia","Ural-4320","destroyed","https://twitter.com/naalsio26/status/1695983403147886719","2023-11-16",376,9579,1,"7-37695791","11/16/2023"
"10544","Russia","Russia","Ural-4320","destroyed","https://i.postimg.cc/L5RqJqP5/6650.png","2023-11-16",376,9580,1,"7-37695801","11/16/2023"
"10545","Russia","Russia","Ural-4320","destroyed","https://i.postimg.cc/tTHSgjXk/327.png","2023-11-16",376,9581,1,"7-37695811","11/16/2023"
"10546","Russia","Russia","Ural-4320","destroyed","https://i.postimg.cc/W1QLR76f/17.png","2023-11-16",376,9582,1,"7-37695821","11/16/2023"
"10547","Russia","Russia","Ural-4320","destroyed","https://i.postimg.cc/0NWtR5s5/370.png","2023-11-16",376,9583,1,"7-37695831","11/16/2023"
"10548","Russia","Russia","Ural-4320","destroyed","https://twitter.com/UAWeapons/status/1699101021933350997","2023-11-16",376,9584,1,"7-37695841","11/16/2023"
"10549","Russia","Russia","Ural-4320","destroyed","https://i.postimg.cc/FRRgjvGT/26.png","2023-11-16",376,9585,1,"7-37695851","11/16/2023"
"10550","Russia","Russia","Ural-4320","destroyed","https://i.postimg.cc/FsWBKFrP/368.png","2023-11-16",376,9586,1,"7-37695861","11/16/2023"
"10551","Russia","Russia","Ural-4320","destroyed","https://i.postimg.cc/cJsg5WYS/278.png","2023-11-16",376,9587,1,"7-37695871","11/16/2023"
"10552","Russia","Russia","Ural-4320","destroyed","https://i.postimg.cc/50D8rGbS/555.png","2023-11-16",376,9588,1,"7-37695881","11/16/2023"
"10553","Russia","Russia","Ural-4320","destroyed","https://i.postimg.cc/d1X3gkwh/321.png","2023-11-16",376,9589,1,"7-37695891","11/16/2023"
"10554","Russia","Russia","Ural-4320","destroyed","https://i.postimg.cc/RhBqL3mK/433.png","2023-11-16",376,9590,1,"7-37695901","11/16/2023"
"10555","Russia","Russia","Ural-4320","destroyed","https://i.postimg.cc/k4Y4bj46/5421.png","2023-11-16",376,9591,1,"7-37695911","11/16/2023"
"10556","Russia","Russia","Ural-4320","destroyed","https://i.postimg.cc/fbMd36PW/3211.png","2023-11-16",376,9592,1,"7-37695921","11/16/2023"
"10557","Russia","Russia","Ural-4320","destroyed","https://i.postimg.cc/d3sgdH8c/2541.png","2023-11-16",376,9593,1,"7-37695931","11/16/2023"
"10558","Russia","Russia","Ural-4320","destroyed","https://i.postimg.cc/Qtr2NxCt/378.png","2023-11-16",376,9594,1,"7-37695941","11/16/2023"
"10559","Russia","Russia","Ural-4320","destroyed","https://i.postimg.cc/9MHnW2Mt/7.png","2023-11-16",376,9595,1,"7-37695951","11/16/2023"
"10560","Russia","Russia","Ural-4320","destroyed","https://i.postimg.cc/52X0RMbY/23.png","2023-11-16",376,9596,1,"7-37695961","11/16/2023"
"10561","Russia","Russia","Ural-4320","destroyed","https://i.postimg.cc/Y2xvPHL8/25.png","2023-11-16",376,9597,1,"7-37695971","11/16/2023"
"10562","Russia","Russia","Ural-4320","destroyed","https://i.postimg.cc/XYY154dP/762.png","2023-11-16",376,9598,1,"7-37695981","11/16/2023"
"10563","Russia","Russia","Ural-4320","destroyed","https://i.postimg.cc/0QQJ1dRC/5417.png","2023-11-16",376,9599,1,"7-37695991","11/16/2023"
"10564","Russia","Russia","Ural-4320","destroyed","https://i.postimg.cc/q7r8S3vm/541.png","2023-11-16",376,9600,1,"7-37696001","11/16/2023"
"10565","Russia","Russia","Ural-4320","destroyed","https://i.postimg.cc/0yYSYy07/43130.png","2023-11-16",376,9601,1,"7-37696011","11/16/2023"
"10566","Russia","Russia","Ural-4320","destroyed","https://i.postimg.cc/rwDVTnKs/5419.png","2023-11-16",376,9602,1,"7-37696021","11/16/2023"
"10567","Russia","Russia","Ural-4320","destroyed","https://i.postimg.cc/CLQ0cGmg/32156.png","2023-11-16",376,9603,1,"7-37696031","11/16/2023"
"10568","Russia","Russia","Ural-4320","destroyed","https://i.postimg.cc/GhHwTBrS/3257.png","2023-11-16",376,9604,1,"7-37696041","11/16/2023"
"10569","Russia","Russia","Ural-4320","destroyed","https://i.postimg.cc/654gbYKw/54.png","2023-11-16",376,9605,1,"7-37696051","11/16/2023"
"10570","Russia","Russia","Ural-4320","destroyed","https://i.postimg.cc/kg83YYCh/2422.png","2023-11-16",376,9606,1,"7-37696061","11/16/2023"
"10571","Russia","Russia","Ural-4320","destroyed","https://twitter.com/naalsio26/status/1707549953936015624","2023-11-16",376,9607,1,"7-37696071","11/16/2023"
"10572","Russia","Russia","Ural-4320","destroyed","https://i.postimg.cc/xTyS0R5Z/763.png","2023-11-16",376,9608,1,"7-37696081","11/16/2023"
"10573","Russia","Russia","Ural-4320","destroyed","https://i.postimg.cc/gjB5PsCJ/1012-Ural-4320-destr-08-09-23.jpg","2023-11-16",376,9609,1,"7-37696091","11/16/2023"
"10574","Russia","Russia","Ural-4320","destroyed","https://i.postimg.cc/wTZPfW54/1024-Ural-4320-destr-30-09-23.jpg","2023-11-16",376,9610,1,"7-37696101","11/16/2023"
"10575","Russia","Russia","Ural-4320","destroyed","https://i.postimg.cc/65yghsZG/1046-Ural-4320-destr-02-10-23.jpg","2023-11-16",376,9611,1,"7-37696111","11/16/2023"
"10576","Russia","Russia","Ural-4320","destroyed","https://twitter.com/naalsio26/status/1710486827117731884","2023-11-16",376,9612,1,"7-37696121","11/16/2023"
"10577","Russia","Russia","Ural-4320","destroyed","https://i.postimg.cc/v8hnk3Tw/1026-Ural-4320-destr-07-10-23.jpg","2023-11-16",376,9613,1,"7-37696131","11/16/2023"
"10578","Russia","Russia","Ural-4320","destroyed","https://i.postimg.cc/76t4rWZm/1022-Ural-4320-destr-02-10-23.jpg","2023-11-16",376,9614,1,"7-37696141","11/16/2023"
"10579","Russia","Russia","Ural-4320","destroyed","https://i.postimg.cc/4y7P4Rq2/1008-Ural-4320-destr-28-02-23.jpg","2023-11-16",376,9615,1,"7-37696151","11/16/2023"
"10580","Russia","Russia","Ural-4320","destroyed","https://i.postimg.cc/fLg5hR20/1035-urla4320-destr-09-10-23.jpg","2023-11-16",376,9616,1,"7-37696161","11/16/2023"
"10581","Russia","Russia","Ural-4320","destroyed","https://i.postimg.cc/Bn48SM5s/1032-ural4320-destr-15-10-23.jpg","2023-11-16",376,9617,1,"7-37696171","11/16/2023"
"10582","Russia","Russia","Ural-4320","destroyed","https://i.postimg.cc/3Jg4QPvn/1031-ural4320-destr-15-10-23.jpg","2023-11-16",376,9618,1,"7-37696181","11/16/2023"
"10583","Russia","Russia","Ural-4320","destroyed","https://i.postimg.cc/sDgsDLwb/1060-Ural-4320-destr-18-10-23.jpg","2023-11-16",376,9619,1,"7-37696191","11/16/2023"
"10584","Russia","Russia","Ural-4320","destroyed","https://i.postimg.cc/vT3yt7HP/1069-ural4320-destr-07-09-22.jpg","2023-11-16",376,9620,1,"7-37696201","11/16/2023"
"10585","Russia","Russia","Ural-4320","destroyed","https://i.postimg.cc/cCdGqdgK/1042-Ural-4320-destr-09-10-23.jpg","2023-11-16",376,9621,1,"7-37696211","11/16/2023"
"10586","Russia","Russia","Ural-4320","destroyed","https://i.postimg.cc/nLvQT1vH/1023-Ural-4320-destr-19-10-23.jpg","2023-11-16",376,9622,1,"7-37696221","11/16/2023"
"10587","Russia","Russia","Ural-4320","destroyed","https://i.postimg.cc/Y92vg1mB/1030-Ural-4320-destr-16-10-23.jpg","2023-11-16",376,9623,1,"7-37696231","11/16/2023"
"10588","Russia","Russia","Ural-4320","destroyed","https://i.postimg.cc/rF6PP664/1032-Ural-4320-destr-20-10-23.jpg","2023-11-16",376,9624,1,"7-37696241","11/16/2023"
"10589","Russia","Russia","Ural-4320","destroyed","https://i.postimg.cc/44YD0bmD/1027-Ural-4320-destr-27-10-23.jpg","2023-11-16",376,9625,1,"7-37696251","11/16/2023"
"10590","Russia","Russia","Ural-4320","destroyed","https://i.postimg.cc/4Ndqc7Vp/1009-T-80-BVM-BTR-80-MT-LB-T-72-B3-and-Ural-4320-destr-24-11-22.jpg","2023-11-16",376,719,1,"7-3767191","11/16/2023"
"10591","Russia","Russia","Ural-4320","destroyed","https://i.postimg.cc/xCP6x2yf/1047-Ural-4320-36-with-a-2-B9-Vasilek-destr-05-11-23.jpg","2023-11-16",376,7121,1,"7-37671211","11/16/2023"
"10592","Russia","Russia","Ural-4320","destroyed","https://i.postimg.cc/nhgSCx1r/1036-Ural-4320-destr-27-10-23.jpg","2023-11-16",376,9626,1,"7-37696261","11/16/2023"
"10593","Russia","Russia","Ural-4320","destroyed","https://i.postimg.cc/GmnyBTgn/1024-Ural-4320-destr-04-11-23.jpg","2023-11-16",376,9627,1,"7-37696271","11/16/2023"
"10594","Russia","Russia","Ural-4320","destroyed","https://twitter.com/bayraktar_1love/status/1723050296195084436","2023-11-16",376,9628,1,"7-37696281","11/16/2023"
"10595","Russia","Russia","Ural-4320","destroyed","https://i.postimg.cc/W4X2wNLD/1021-Ural-4320-36-with-S-60-destr-11-11-23.jpg","2023-11-16",376,8189,1,"7-37681891","11/16/2023"
"10596","Russia","Russia","Ural-4320","damaged","https://i.postimg.cc/D0HCdSTm/1000-ural4320.jpg","2023-11-16",376,9629,2,"7-37696292","11/16/2023"
"10597","Russia","Russia","Ural-4320","damaged","https://i.postimg.cc/YSs02PPZ/k9.png","2023-11-16",376,9630,2,"7-37696302","11/16/2023"
"10598","Russia","Russia","Ural-4320","damaged","https://twitter.com/UAWeapons/status/1524456618091589635","2023-11-16",376,3186,2,"7-37631862","11/16/2023"
"10599","Russia","Russia","Ural-4320","damaged","https://i.postimg.cc/NF1WZv0L/1002-ural4320.jpg","2023-11-16",376,9631,2,"7-37696312","11/16/2023"
"10600","Russia","Russia","Ural-4320","damaged","https://twitter.com/UAWeapons/status/1570482813857837056","2023-11-16",376,6037,2,"7-37660372","11/16/2023"
"10601","Russia","Russia","Ural-4320","damaged","https://twitter.com/UAWeapons/status/1573229914483998720","2023-11-16",376,9632,2,"7-37696322","11/16/2023"
"10602","Russia","Russia","Ural-4320","damaged","https://twitter.com/naalsio26/status/1642912603025334276","2023-11-16",376,9633,2,"7-37696332","11/16/2023"
"10603","Russia","Russia","Ural-4320","damaged","https://twitter.com/naalsio26/status/1645236853363048449","2023-11-16",376,9634,2,"7-37696342","11/16/2023"
"10604","Russia","Russia","Ural-4320","damaged","https://i.postimg.cc/qMcHc095/1017-ural4320-msta-b-dam-25-05-23.jpg","2023-11-16",376,7311,2,"7-37673112","11/16/2023"
"10605","Russia","Russia","Ural-4320","damaged","https://i.postimg.cc/2jMk98Vw/1007-Ural-4320-dam-30-05-23.jpg","2023-11-16",376,9635,2,"7-37696352","11/16/2023"
"10606","Russia","Russia","Ural-4320","damaged","https://i.postimg.cc/GmsZqGns/1005-ural4320-dam-28-02-23.jpg","2023-11-16",376,9636,2,"7-37696362","11/16/2023"
"10607","Russia","Russia","Ural-4320","damaged","https://i.postimg.cc/44HvzHpb/1013-Ural-4320-dam-26-07-22.jpg","2023-11-16",376,9637,2,"7-37696372","11/16/2023"
"10608","Russia","Russia","Ural-4320","damaged","https://i.postimg.cc/kXWqsSXC/1031-ural4320-dam-17-07-23.jpg","2023-11-16",376,9638,2,"7-37696382","11/16/2023"
"10609","Russia","Russia","Ural-4320","damaged","https://i.postimg.cc/CKPwZS1Z/1010-6-destr-1-dam-Kr-AZ-260-tanker-and-ural4320-dam-09-08-22.jpg","2023-11-16",376,9048,2,"7-37690482","11/16/2023"
"10610","Russia","Russia","Ural-4320","damaged","https://i.postimg.cc/Qdq83pZJ/1024-ural4320-dam-25-07-23.jpg","2023-11-16",376,9639,2,"7-37696392","11/16/2023"
"10611","Russia","Russia","Ural-4320","damaged","https://i.postimg.cc/25nnb6Q0/1022-Ural-4320-dam-16-08-23.jpg","2023-11-16",376,9640,2,"7-37696402","11/16/2023"
"10612","Russia","Russia","Ural-4320","damaged","https://i.postimg.cc/hP9TLyLq/4380.png","2023-11-16",376,9641,2,"7-37696412","11/16/2023"
"10613","Russia","Russia","Ural-4320","damaged","https://i.postimg.cc/6pfgZMmv/1030-Ural-4320-dam-25-10-23.jpg","2023-11-16",376,9642,2,"7-37696422","11/16/2023"
"10614","Russia","Russia","Ural-4320","abandoned","https://i.postimg.cc/kMY6zXXK/g43.png","2023-11-16",376,9643,4,"7-37696434","11/16/2023"
"10615","Russia","Russia","Ural-4320","abandoned","https://i.postimg.cc/vHLG8bfn/352.png","2023-11-16",376,9644,4,"7-37696444","11/16/2023"
"10616","Russia","Russia","Ural-4320","abandoned","https://i.postimg.cc/gcZ4B3nc/46.png","2023-11-16",376,9645,4,"7-37696454","11/16/2023"
"10617","Russia","Russia","Ural-4320","abandoned","https://postimg.cc/yDMtjPBF","2023-11-16",376,9646,4,"7-37696464","11/16/2023"
"10618","Russia","Russia","Ural-4320","abandoned","https://i.postimg.cc/SRsdSqzn/1117_Ural-4320_abandoned.jpg","2023-11-16",376,9647,4,"7-37696474","11/16/2023"
"10619","Russia","Russia","Ural-4320","abandoned","https://i.postimg.cc/bNYcn21n/1089-Ural-4320-abandoned.jpg","2023-11-16",376,9648,4,"7-37696484","11/16/2023"
"10620","Russia","Russia","Ural-4320","abandoned","https://i.postimg.cc/R0KVpG33/Screenshot-8272.png","2023-11-16",376,9649,4,"7-37696494","11/16/2023"
"10621","Russia","Russia","Ural-4320","abandoned","https://i.postimg.cc/0yrVn7sf/4314.png","2023-11-16",376,9650,4,"7-37696504","11/16/2023"
"10622","Russia","Russia","Ural-4320","damaged","https://i.postimg.cc/xd8C4F47/tt2.png","2023-11-16",376,9651,2,"7-37696512","11/16/2023"
"10623","Russia","Russia","Ural-4320","abandoned","https://i.postimg.cc/xd8C4F47/tt2.png","2023-11-16",376,9651,4,"7-37696514","11/16/2023"
"10624","Russia","Russia","Ural-4320","abandoned","https://i.postimg.cc/tTB5g9by/359.png","2023-11-16",376,9652,4,"7-37696524","11/16/2023"
"10625","Russia","Russia","Ural-4320","abandoned","https://postimg.cc/fVYM97kP","2023-11-16",376,9653,4,"7-37696534","11/16/2023"
"10626","Russia","Russia","Ural-4320","abandoned","https://i.postimg.cc/GhTrHLBz/1006-Ural-4320.jpg","2023-11-16",376,9654,4,"7-37696544","11/16/2023"
"10627","Russia","Russia","Ural-4320","abandoned","https://postimg.cc/VJT1p7p5","2023-11-16",376,9655,4,"7-37696554","11/16/2023"
"10628","Russia","Russia","Ural-4320","abandoned","https://i.postimg.cc/jq7w2sb8/1018-ural4320-aband-26-02-22.jpg","2023-11-16",376,9656,4,"7-37696564","11/16/2023"
"10629","Russia","Russia","Ural-4320","damaged","https://i.postimg.cc/QCtz5WqC/1049-ural4320-dam-aband-25-06-23.jpg","2023-11-16",376,9657,2,"7-37696572","11/16/2023"
"10630","Russia","Russia","Ural-4320","abandoned","https://i.postimg.cc/QCtz5WqC/1049-ural4320-dam-aband-25-06-23.jpg","2023-11-16",376,9657,4,"7-37696574","11/16/2023"
"10631","Russia","Russia","Ural-4320","damaged","https://i.postimg.cc/FFkvLZYn/1016.jpg","2023-11-16",376,9658,2,"7-37696582","11/16/2023"
"10632","Russia","Russia","Ural-4320","captured","https://i.postimg.cc/FFkvLZYn/1016.jpg","2023-11-16",376,9658,3,"7-37696583","11/16/2023"
"10633","Russia","Russia","Ural-4320","damaged","https://postimg.cc/mhsHRWKh","2023-11-16",376,9659,2,"7-37696592","11/16/2023"
"10634","Russia","Russia","Ural-4320","captured","https://postimg.cc/mhsHRWKh","2023-11-16",376,9659,3,"7-37696593","11/16/2023"
"10635","Russia","Russia","Ural-4320","captured","https://i.postimg.cc/yd0nfG2V/ff1k.png","2023-11-16",376,9660,3,"7-37696603","11/16/2023"
"10636","Russia","Russia","Ural-4320","captured","https://i.postimg.cc/tJQ2f1yc/4u.png","2023-11-16",376,9661,3,"7-37696613","11/16/2023"
"10637","Russia","Russia","Ural-4320","captured","https://i.postimg.cc/R0C7W7V9/4317.png","2023-11-16",376,9024,3,"7-37690243","11/16/2023"
"10638","Russia","Russia","Ural-4320","captured","https://i.postimg.cc/kMQpDCyN/4689.png","2023-11-16",376,9662,3,"7-37696623","11/16/2023"
"10639","Russia","Russia","Ural-4320","captured","https://i.postimg.cc/SRTJGKGs/417.png","2023-11-16",376,9663,3,"7-37696633","11/16/2023"
"10640","Russia","Russia","Ural-4320","captured","https://i.postimg.cc/yxRcGjMS/c7.jpg","2023-11-16",376,9664,3,"7-37696643","11/16/2023"
"10641","Russia","Russia","Ural-4320","captured","https://i.postimg.cc/gJdYM2NW/1053-ural4320-capt-22-05-23.jpg","2023-11-16",376,9665,3,"7-37696653","11/16/2023"
"10642","Russia","Russia","Ural-4320","captured","https://i.postimg.cc/VNhvshHQ/1069-ural4320-capt-14-05-23.jpg","2023-11-16",376,9666,3,"7-37696663","11/16/2023"
"10643","Russia","Russia","Ural-4320","captured","https://i.postimg.cc/mDnbcYkV/428.png","2023-11-16",376,9667,3,"7-37696673","11/16/2023"
"10644","Russia","Russia","Ural-4320","captured","https://i.postimg.cc/RZ3JXWWs/43.png","2023-11-16",376,9668,3,"7-37696683","11/16/2023"
"10645","Russia","Russia","Ural-4320","captured","https://i.postimg.cc/9MPX43LV/554f.png","2023-11-16",376,9669,3,"7-37696693","11/16/2023"
"10646","Russia","Russia","Ural-4320","captured","https://i.postimg.cc/Xq2HXNbD/98.jpg","2023-11-16",376,9670,3,"7-37696703","11/16/2023"
"10647","Russia","Russia","Ural-4320","captured","https://i.postimg.cc/Fs9dYTXf/3331.png","2023-11-16",376,9671,3,"7-37696713","11/16/2023"
"10648","Russia","Russia","Ural-4320","captured","https://i.postimg.cc/j5tvNFm9/665.jpg","2023-11-16",376,9672,3,"7-37696723","11/16/2023"
"10649","Russia","Russia","Ural-4320","captured","https://i.postimg.cc/QMJ8sWbG/n43.png","2023-11-16",376,7157,3,"7-37671573","11/16/2023"
"10650","Russia","Russia","Ural-4320","captured","https://i.postimg.cc/4dKLRgKK/47777.jpg","2023-11-16",376,9673,3,"7-37696733","11/16/2023"
"10651","Russia","Russia","Ural-4320","captured","https://i.postimg.cc/kGGtpJDZ/2dd.jpg","2023-11-16",376,9674,3,"7-37696743","11/16/2023"
"10652","Russia","Russia","Ural-4320","captured","https://i.postimg.cc/QtzDC1Gd/3d2.jpg","2023-11-16",376,9675,3,"7-37696753","11/16/2023"
"10653","Russia","Russia","Ural-4320","captured","https://i.postimg.cc/3xdpQc4z/68.jpg","2023-11-16",376,9676,3,"7-37696763","11/16/2023"
"10654","Russia","Russia","Ural-4320","captured","https://i.postimg.cc/4d04PjhS/u1.png","2023-11-16",376,9677,3,"7-37696773","11/16/2023"
"10655","Russia","Russia","Ural-4320","captured","https://i.postimg.cc/KYNghfZy/cc1.jpg","2023-11-16",376,9678,3,"7-37696783","11/16/2023"
"10656","Russia","Russia","Ural-4320","captured","https://i.postimg.cc/hvHX130V/cc2.jpg","2023-11-16",376,9679,3,"7-37696793","11/16/2023"
"10657","Russia","Russia","Ural-4320","captured","https://i.postimg.cc/bwKjNfwx/cc3.jpg","2023-11-16",376,9680,3,"7-37696803","11/16/2023"
"10658","Russia","Russia","Ural-4320","captured","https://i.postimg.cc/0yhB1dJk/t6.jpg","2023-11-16",376,9681,3,"7-37696813","11/16/2023"
"10659","Russia","Russia","Ural-4320","captured","https://i.postimg.cc/qR1HKMFG/573.png","2023-11-16",376,9682,3,"7-37696823","11/16/2023"
"10660","Russia","Russia","Ural-4320","captured","https://i.postimg.cc/P5MHH4Mc/887.png","2023-11-16",376,9683,3,"7-37696833","11/16/2023"
"10661","Russia","Russia","Ural-4320","captured","https://i.postimg.cc/tgL2M0xH/58.png","2023-11-16",376,9684,3,"7-37696843","11/16/2023"
"10662","Russia","Russia","Ural-4320","captured","https://i.postimg.cc/7YXHbnQC/44311.png","2023-11-16",376,9685,3,"7-37696853","11/16/2023"
"10663","Russia","Russia","Ural-4320","captured","https://i.postimg.cc/7L9pJPK8/d5.jpg","2023-11-16",376,9686,3,"7-37696863","11/16/2023"
"10664","Russia","Russia","Ural-4320","captured","https://i.postimg.cc/QCrpmd5R/3.png","2023-11-16",376,9687,3,"7-37696873","11/16/2023"
"10665","Russia","Russia","Ural-4320","captured","https://i.postimg.cc/4xnDLkLN/1094-Ural-4320-captured.jpg","2023-11-16",376,9688,3,"7-37696883","11/16/2023"
"10666","Russia","Russia","Ural-4320","captured","https://i.postimg.cc/Z5GKzh1D/r1.png","2023-11-16",376,9689,3,"7-37696893","11/16/2023"
"10667","Russia","Russia","Ural-4320","captured","https://i.postimg.cc/dQSXZBB2/74.png","2023-11-16",376,9690,3,"7-37696903","11/16/2023"
"10668","Russia","Russia","Ural-4320","captured","https://i.postimg.cc/26Mr9sCf/667.png","2023-11-16",376,9691,3,"7-37696913","11/16/2023"
"10669","Russia","Russia","Ural-4320","captured","https://i.postimg.cc/VNwZpLhm/663.png","2023-11-16",376,9692,3,"7-37696923","11/16/2023"
"10670","Russia","Russia","Ural-4320","captured","https://i.postimg.cc/zvFf4vcZ/Screenshot-8471.png","2023-11-16",376,9693,3,"7-37696933","11/16/2023"
"10671","Russia","Russia","Ural-4320","captured","https://i.postimg.cc/6QcY6f4y/Screenshot-8473.png","2023-11-16",376,9694,3,"7-37696943","11/16/2023"
"10672","Russia","Russia","Ural-4320","captured","https://i.postimg.cc/dtVM7Rbz/1012-ural4320-capt-12-06-23.jpg","2023-11-16",376,9695,3,"7-37696953","11/16/2023"
"10673","Russia","Russia","Ural-4320","captured","https://i.postimg.cc/FzFvdb4G/1001-ural4320-capt.jpg","2023-11-16",376,9696,3,"7-37696963","11/16/2023"
"10674","Russia","Russia","Ural-4320","captured","https://i.postimg.cc/WbY733HN/4g.png","2023-11-16",376,9697,3,"7-37696973","11/16/2023"
"10675","Russia","Russia","Ural-4320","captured","https://i.postimg.cc/SR1yPs6s/f2.png","2023-11-16",376,9698,3,"7-37696983","11/16/2023"
"10676","Russia","Russia","Ural-4320","captured","https://i.postimg.cc/1XtGFbF3/2d2.png","2023-11-16",376,9699,3,"7-37696993","11/16/2023"
"10677","Russia","Russia","Ural-4320","captured","https://i.postimg.cc/Y92ydH9P/779.png","2023-11-16",376,9700,3,"7-37697003","11/16/2023"
"10678","Russia","Russia","Ural-4320","captured","https://i.postimg.cc/vmPKKKjX/r1.png","2023-11-16",376,9701,3,"7-37697013","11/16/2023"
"10679","Russia","Russia","Ural-4320","captured","https://i.postimg.cc/jSm1s8cQ/f57.png","2023-11-16",376,9702,3,"7-37697023","11/16/2023"
"10680","Russia","Russia","Ural-4320","captured","https://i.postimg.cc/FzLk3HcB/g43.jpg","2023-11-16",376,9703,3,"7-37697033","11/16/2023"
"10681","Russia","Russia","Ural-4320","captured","https://i.postimg.cc/3JZg39j4/u1.jpg","2023-11-16",376,9704,3,"7-37697043","11/16/2023"
"10682","Russia","Russia","Ural-4320","captured","https://postlmg.cc/s1YqhLmS","2023-11-16",376,9705,3,"7-37697053","11/16/2023"
"10683","Russia","Russia","Ural-4320","captured","https://i.postimg.cc/mkzkbSC0/u1.jpg","2023-11-16",376,9706,3,"7-37697063","11/16/2023"
"10684","Russia","Russia","Ural-4320","captured","https://i.postimg.cc/7Lw5g0r2/u2.jpg","2023-11-16",376,9707,3,"7-37697073","11/16/2023"
"10685","Russia","Russia","Ural-4320","captured","https://i.postimg.cc/BQ3TWRFf/u2.jpg","2023-11-16",376,9708,3,"7-37697083","11/16/2023"
"10686","Russia","Russia","Ural-4320","captured","https://i.postimg.cc/g2cq6M8R/df.png","2023-11-16",376,9709,3,"7-37697093","11/16/2023"
"10687","Russia","Russia","Ural-4320","captured","https://i.postimg.cc/3xzdgFbn/ug2.png","2023-11-16",376,9710,3,"7-37697103","11/16/2023"
"10688","Russia","Russia","Ural-4320","damaged","https://i.postimg.cc/zG5zScVY/1144-ural-dam-capt.jpg","2023-11-16",376,9711,2,"7-37697112","11/16/2023"
"10689","Russia","Russia","Ural-4320","captured","https://i.postimg.cc/zG5zScVY/1144-ural-dam-capt.jpg","2023-11-16",376,9711,3,"7-37697113","11/16/2023"
"10690","Russia","Russia","Ural-4320","captured","https://i.postimg.cc/t4VDp20j/vv31.png","2023-11-16",376,9712,3,"7-37697123","11/16/2023"
"10691","Russia","Russia","Ural-4320","captured","https://i.postimg.cc/3xDL0Kfp/1113_Ural-4320_captured.jpg","2023-11-16",376,9713,3,"7-37697133","11/16/2023"
"10692","Russia","Russia","Ural-4320","captured","https://i.postimg.cc/8CmmLsRF/1114_Ural-4320_captured.jpg","2023-11-16",376,9714,3,"7-37697143","11/16/2023"
"10693","Russia","Russia","Ural-4320","captured","https://i.postimg.cc/pdQ2SCvY/cc2.png","2023-11-16",376,9715,3,"7-37697153","11/16/2023"
"10694","Russia","Russia","Ural-4320","captured","https://i.postimg.cc/Bvk4bF7L/Screenshot-8948.png","2023-11-16",376,9716,3,"7-37697163","11/16/2023"
"10695","Russia","Russia","Ural-4320","captured","https://i.postimg.cc/x8J1W6D5/1002-ural4320.jpg","2023-11-16",376,9717,3,"7-37697173","11/16/2023"
"10696","Russia","Russia","Ural-4320","captured","https://i.postimg.cc/QNkkPG7c/1012-ural4320-capt-23-01-23.jpg","2023-11-16",376,9718,3,"7-37697183","11/16/2023"
"10697","Russia","Russia","Ural-4320","captured","https://i.postimg.cc/t4r1pvJD/1001-ural4320.jpg","2023-11-16",376,9719,3,"7-37697193","11/16/2023"
"10698","Russia","Russia","Ural-4320","captured","https://i.postimg.cc/XvYntBf2/1145-ural-capt.jpg","2023-11-16",376,9720,3,"7-37697203","11/16/2023"
"10699","Russia","Russia","Ural-4320","captured","https://i.postimg.cc/qB90Qn1T/335.jpg","2023-11-16",376,9721,3,"7-37697213","11/16/2023"
"10700","Russia","Russia","Ural-4320","captured","https://i.postimg.cc/wvsYdX7k/1143-ural-capt-2x.jpg","2023-11-16",376,9722,3,"7-37697223","11/16/2023"
"10701","Russia","Russia","Ural-4320","captured","https://i.postimg.cc/T2gv7c8d/1146-ural-capt.jpg","2023-11-16",376,9723,3,"7-37697233","11/16/2023"
"10702","Russia","Russia","Ural-4320","captured","https://i.postimg.cc/hjpd1JQJ/6j.png","2023-11-16",376,9724,3,"7-37697243","11/16/2023"
"10703","Russia","Russia","Ural-4320","captured","https://i.postimg.cc/66gbyLs4/p6.png","2023-11-16",376,9725,3,"7-37697253","11/16/2023"
"10704","Russia","Russia","Ural-4320","captured","https://twitter.com/UAWeapons/status/1567465710745489410","2023-11-16",376,9726,3,"7-37697263","11/16/2023"
"10705","Russia","Russia","Ural-4320","captured","https://twitter.com/UAWeapons/status/1567850576754475009","2023-11-16",376,9727,3,"7-37697273","11/16/2023"
"10706","Russia","Russia","Ural-4320","damaged","https://i.postimg.cc/fRrqKKD6/1008-ural4320.png","2023-11-16",376,9728,2,"7-37697282","11/16/2023"
"10707","Russia","Russia","Ural-4320","captured","https://i.postimg.cc/fRrqKKD6/1008-ural4320.png","2023-11-16",376,9728,3,"7-37697283","11/16/2023"
"10708","Russia","Russia","Ural-4320","captured","https://i.postimg.cc/xCcT41d0/1030-ural4320.png","2023-11-16",376,9729,3,"7-37697293","11/16/2023"
"10709","Russia","Russia","Ural-4320","captured","https://i.postimg.cc/cH24yGKf/1027-ural4320.jpg","2023-11-16",376,9730,3,"7-37697303","11/16/2023"
"10710","Russia","Russia","Ural-4320","captured","https://i.postimg.cc/yN6N0P43/1025-ural4320.jpg","2023-11-16",376,9731,3,"7-37697313","11/16/2023"
"10711","Russia","Russia","Ural-4320","captured","https://i.postimg.cc/NMMwjChb/1024-ural4320.jpg","2023-11-16",376,9732,3,"7-37697323","11/16/2023"
"10712","Russia","Russia","Ural-4320","captured","https://i.postimg.cc/L6vZbdnC/1002-ural4320.jpg","2023-11-16",376,9733,3,"7-37697333","11/16/2023"
"10713","Russia","Russia","Ural-4320","captured","https://twitter.com/UAWeapons/status/1568641127577751553","2023-11-16",376,9734,3,"7-37697343","11/16/2023"
"10714","Russia","Russia","Ural-4320","captured","https://i.postimg.cc/P5Df3vD2/1003-ural4320-capt-05-05-23.jpg","2023-11-16",376,9735,3,"7-37697353","11/16/2023"
"10715","Russia","Russia","Ural-4320","captured","https://twitter.com/UAWeapons/status/1568899249688952833","2023-11-16",376,6200,3,"7-37662003","11/16/2023"
"10716","Russia","Russia","Ural-4320","captured","https://twitter.com/UAWeapons/status/1568899264650280961","2023-11-16",376,9736,3,"7-37697363","11/16/2023"
"10717","Russia","Russia","Ural-4320","captured","https://twitter.com/UAWeapons/status/1569059447284142080","2023-11-16",376,9737,3,"7-37697373","11/16/2023"
"10718","Russia","Russia","Ural-4320","captured","https://i.postimg.cc/gJXqx8J5/1002-ural4320.jpg","2023-11-16",376,9738,3,"7-37697383","11/16/2023"
"10719","Russia","Russia","Ural-4320","captured","https://twitter.com/UAWeapons/status/1569229480149000193","2023-11-16",376,9316,3,"7-37693163","11/16/2023"
"10720","Russia","Russia","Ural-4320","captured","https://twitter.com/JimmySecUK/status/1569972968641499136","2023-11-16",376,5778,3,"7-37657783","11/16/2023"
"10721","Russia","Russia","Ural-4320","captured","https://i.postimg.cc/KzT98KW4/1009-ural4320.jpg","2023-11-16",376,9739,3,"7-37697393","11/16/2023"
"10722","Russia","Russia","Ural-4320","captured","https://i.postimg.cc/Dw2RWnRJ/2022-09-15-Ural-4320.png","2023-11-16",376,9740,3,"7-37697403","11/16/2023"
"10723","Russia","Russia","Ural-4320","captured","https://i.postimg.cc/G2dYVCTC/1017-ural4320.jpg","2023-11-16",376,9741,3,"7-37697413","11/16/2023"
"10724","Russia","Russia","Ural-4320","captured","https://i.postimg.cc/DfWRBfpD/2022-09-17-Ural-4320-1.jpg","2023-11-16",376,9742,3,"7-37697423","11/16/2023"
"10725","Russia","Russia","Ural-4320","captured","https://i.postimg.cc/263sTs8K/1002-ural4320.jpg","2023-11-16",376,9743,3,"7-37697433","11/16/2023"
"10726","Russia","Russia","Ural-4320","captured","https://i.postimg.cc/ydbZ4Gwt/1000-ural-4320.jpg","2023-11-16",376,9744,3,"7-37697443","11/16/2023"
"10727","Russia","Russia","Ural-4320","damaged","https://i.postimg.cc/4dMmdk4Y/1006-ural4320.jpg","2023-11-16",376,9745,2,"7-37697452","11/16/2023"
"10728","Russia","Russia","Ural-4320","captured","https://i.postimg.cc/4dMmdk4Y/1006-ural4320.jpg","2023-11-16",376,9745,3,"7-37697453","11/16/2023"
"10729","Russia","Russia","Ural-4320","captured","https://i.postimg.cc/W3bjmst8/1000-ural4320.jpg","2023-11-16",376,9746,3,"7-37697463","11/16/2023"
"10730","Russia","Russia","Ural-4320","damaged","https://i.postimg.cc/8PsJnK3Y/1005-ural4320-kamaz6x6-destr.jpg","2023-11-16",376,9747,2,"7-37697472","11/16/2023"
"10731","Russia","Russia","Ural-4320","captured","https://i.postimg.cc/8PsJnK3Y/1005-ural4320-kamaz6x6-destr.jpg","2023-11-16",376,9747,3,"7-37697473","11/16/2023"
"10732","Russia","Russia","Ural-4320","captured","https://i.postimg.cc/j57VhkYt/1003-ural4320.jpg","2023-11-16",376,9748,3,"7-37697483","11/16/2023"
"10733","Russia","Russia","Ural-4320","captured","https://i.postimg.cc/gJ2tHG9m/Ural-4320-Izium.png","2023-11-16",376,9749,3,"7-37697493","11/16/2023"
"10734","Russia","Russia","Ural-4320","captured","https://i.postimg.cc/fRNHRcqf/1002-ural4320-capt.jpg","2023-11-16",376,9750,3,"7-37697503","11/16/2023"
"10735","Russia","Russia","Ural-4320","captured","https://i.postimg.cc/xCzNhLF7/1005-ural4320-capt-05-11-22.jpg","2023-11-16",376,9751,3,"7-37697513","11/16/2023"
"10736","Russia","Russia","Ural-4320","captured","https://i.postimg.cc/V6GTPrf9/2022-09-27-Ural-4320.jpg","2023-11-16",376,9752,3,"7-37697523","11/16/2023"
"10737","Russia","Russia","Ural-4320","captured","https://i.postimg.cc/X78fv2jg/1021-ural4320-capt.jpg","2023-11-16",376,9753,3,"7-37697533","11/16/2023"
"10738","Russia","Russia","Ural-4320","damaged","https://i.postimg.cc/FRFP7LCS/1000-ural4320-dam-capt.jpg","2023-11-16",376,9754,2,"7-37697542","11/16/2023"
"10739","Russia","Russia","Ural-4320","captured","https://i.postimg.cc/FRFP7LCS/1000-ural4320-dam-capt.jpg","2023-11-16",376,9754,3,"7-37697543","11/16/2023"
"10740","Russia","Russia","Ural-4320","captured","https://i.postimg.cc/9M3gMfC9/Ural-4320-captured.png","2023-11-16",376,9755,3,"7-37697553","11/16/2023"
"10741","Russia","Russia","Ural-4320","captured","https://twitter.com/UAWeapons/status/1577923327150067712","2023-11-16",376,7382,3,"7-37673823","11/16/2023"
"10742","Russia","Russia","Ural-4320","captured","https://i.postimg.cc/W45X8wfq/1008-ural4320-capt.jpg","2023-11-16",376,9756,3,"7-37697563","11/16/2023"
"10743","Russia","Russia","Ural-4320","captured","https://i.postimg.cc/y8YcZRhr/1021-Ural4320-destr.jpg","2023-11-16",376,9757,3,"7-37697573","11/16/2023"
"10744","Russia","Russia","Ural-4320","damaged","https://i.postimg.cc/m2zB6qFF/1038-ural4320-dam-capt.jpg","2023-11-16",376,9758,2,"7-37697582","11/16/2023"
"10745","Russia","Russia","Ural-4320","captured","https://i.postimg.cc/m2zB6qFF/1038-ural4320-dam-capt.jpg","2023-11-16",376,9758,3,"7-37697583","11/16/2023"
"10746","Russia","Russia","Ural-4320","captured","https://i.postimg.cc/Qtg9JdJK/Ural-4320-captured.png","2023-11-16",376,9759,3,"7-37697593","11/16/2023"
"10747","Russia","Russia","Ural-4320","captured","https://i.postimg.cc/N0wgX9Zt/1041-ural4320-capt.jpg","2023-11-16",376,9760,3,"7-37697603","11/16/2023"
"10748","Russia","Russia","Ural-4320","captured","https://i.postimg.cc/tTBy8rJR/1042-ural4320-capt-43206-destr.jpg","2023-11-16",376,9761,3,"7-37697613","11/16/2023"
"10749","Russia","Russia","Ural-4320","captured","https://i.postimg.cc/xCrHhnDK/1014-ural4320-capt.jpg","2023-11-16",376,9762,3,"7-37697623","11/16/2023"
"10750","Russia","Russia","Ural-4320","captured","https://i.postimg.cc/d3wCQ603/1015-1x-ural432-2x-kamaz6x6-capt.jpg","2023-11-16",376,9763,3,"7-37697633","11/16/2023"
"10751","Russia","Russia","Ural-4320","captured","https://i.postimg.cc/76KYDvXw/2022-03-05-Ural-4320.jpg","2023-11-16",376,9764,3,"7-37697643","11/16/2023"
"10752","Russia","Russia","Ural-4320","captured","https://i.postimg.cc/TPp9ZCYR/2022-03-28-ural-4320.jpg","2023-11-16",376,9765,3,"7-37697653","11/16/2023"
"10753","Russia","Russia","Ural-4320","captured","https://i.postimg.cc/bwx1nJVw/2022-04-01-ural-4320.jpg","2023-11-16",376,9766,3,"7-37697663","11/16/2023"
"10754","Russia","Russia","Ural-4320","captured","https://i.postimg.cc/LX8HTCHb/2022-04-01-ural-4320-2.jpg","2023-11-16",376,9767,3,"7-37697673","11/16/2023"
"10755","Russia","Russia","Ural-4320","captured","https://i.postimg.cc/VL4Xd9PD/2022-04-02-ural-4320-4.jpg","2023-11-16",376,9768,3,"7-37697683","11/16/2023"
"10756","Russia","Russia","Ural-4320","captured","https://i.postimg.cc/ZKLrrXJR/1000-ural4320-capt.jpg","2023-11-16",376,9769,3,"7-37697693","11/16/2023"
"10757","Russia","Russia","Ural-4320","captured","https://i.postimg.cc/JzPKHyZG/1004-ural4320-capt.jpg","2023-11-16",376,9770,3,"7-37697703","11/16/2023"
"10758","Russia","Russia","Ural-4320","captured","https://i.postimg.cc/fTjLwqsD/t1.png","2023-11-16",376,9771,3,"7-37697713","11/16/2023"
"10759","Russia","Russia","Ural-4320","captured","https://twitter.com/UAWeapons/status/1591489046194585601","2023-11-16",376,6091,3,"7-37660913","11/16/2023"
"10760","Russia","Russia","Ural-4320","damaged","https://i.postimg.cc/3rsx9fB9/1022-ural4320-dam-capt.jpg","2023-11-16",376,9772,2,"7-37697722","11/16/2023"
"10761","Russia","Russia","Ural-4320","captured","https://i.postimg.cc/3rsx9fB9/1022-ural4320-dam-capt.jpg","2023-11-16",376,9772,3,"7-37697723","11/16/2023"
"10762","Russia","Russia","Ural-4320","damaged","https://i.postimg.cc/Kc5VLmNz/1025-ural4320-dam-capt.jpg","2023-11-16",376,9773,2,"7-37697732","11/16/2023"
"10763","Russia","Russia","Ural-4320","captured","https://i.postimg.cc/Kc5VLmNz/1025-ural4320-dam-capt.jpg","2023-11-16",376,9773,3,"7-37697733","11/16/2023"
"10764","Russia","Russia","Ural-4320","captured","https://i.postimg.cc/zfvTRSdH/1012-Ural-4320-capt.jpg","2023-11-16",376,9774,3,"7-37697743","11/16/2023"
"10765","Russia","Russia","Ural-4320","damaged","https://i.postimg.cc/MThD1B6p/1018-ural4320-dam-capt.jpg","2023-11-16",376,9775,2,"7-37697752","11/16/2023"
"10766","Russia","Russia","Ural-4320","captured","https://i.postimg.cc/MThD1B6p/1018-ural4320-dam-capt.jpg","2023-11-16",376,9775,3,"7-37697753","11/16/2023"
"10767","Russia","Russia","Ural-4320","captured","https://i.postimg.cc/NMyQNXmN/1011-Ural-4320-capt.jpg","2023-11-16",376,9776,3,"7-37697763","11/16/2023"
"10768","Russia","Russia","Ural-4320","captured","https://i.postimg.cc/fW87NgCW/1027-Ural-4320-capt.jpg","2023-11-16",376,9777,3,"7-37697773","11/16/2023"
"10769","Russia","Russia","Ural-4320","damaged","https://i.postimg.cc/RhNMYrZH/2022-04-04-Ural-4320-damaged-and-captured-Novyi-Bykiv.jpg","2023-11-16",376,9778,2,"7-37697782","11/16/2023"
"10770","Russia","Russia","Ural-4320","captured","https://i.postimg.cc/RhNMYrZH/2022-04-04-Ural-4320-damaged-and-captured-Novyi-Bykiv.jpg","2023-11-16",376,9778,3,"7-37697783","11/16/2023"
"10771","Russia","Russia","Ural-4320","captured","https://i.postimg.cc/K88JKHLk/2022-03-01-Ural-4320-captured-Sumy.jpg","2023-11-16",376,9779,3,"7-37697793","11/16/2023"
"10772","Russia","Russia","Ural-4320","captured","https://i.postimg.cc/pXNCSh8Z/1008-Ural-4320-capt-12-10.jpg","2023-11-16",376,9780,3,"7-37697803","11/16/2023"
"10773","Russia","Russia","Ural-4320","captured","https://i.postimg.cc/JhZnNckN/4f2.png","2023-11-16",376,9781,3,"7-37697813","11/16/2023"
"10774","Russia","Russia","Ural-4320","captured","https://i.postimg.cc/8kmSYDW8/1020-ural4320-capt-09-04-22.jpg","2023-11-16",376,9782,3,"7-37697823","11/16/2023"
"10775","Russia","Russia","Ural-4320","captured","https://i.postimg.cc/7hg0Xgmc/687.png","2023-11-16",376,9783,3,"7-37697833","11/16/2023"
"10776","Russia","Russia","Ural-4320","captured","https://i.postimg.cc/Zqm2Qtyd/1013-ural4320-capt-31-03-22.jpg","2023-11-16",376,9784,3,"7-37697843","11/16/2023"
"10777","Russia","Russia","Ural-4320","captured","https://i.postimg.cc/3JWJDk3Z/1020-ural4320-capt-02-10-22.jpg","2023-11-16",376,9785,3,"7-37697853","11/16/2023"
"10778","Russia","Russia","Ural-4320","captured","https://i.postimg.cc/8kZz5Rg5/1021-ural4320-capt-18-10-22.jpg","2023-11-16",376,9786,3,"7-37697863","11/16/2023"
"10779","Russia","Russia","Ural-4320","captured","https://i.postimg.cc/vHKvyCnM/1302-ural4320-capt-04-04-22.jpg","2023-11-16",376,9787,3,"7-37697873","11/16/2023"
"10780","Russia","Russia","Ural-4320","captured","https://i.postimg.cc/HWXXPmZc/1004-ural4320-capt-07-10-22.jpg","2023-11-16",376,9788,3,"7-37697883","11/16/2023"
"10781","Russia","Russia","Ural-4320","damaged","https://i.postimg.cc/yNMPL8LX/1300.png","2023-11-16",376,9789,2,"7-37697892","11/16/2023"
"10782","Russia","Russia","Ural-4320","captured","https://i.postimg.cc/yNMPL8LX/1300.png","2023-11-16",376,9789,3,"7-37697893","11/16/2023"
"10783","Russia","Russia","Ural-4320","captured","https://i.postimg.cc/gjtNKchd/5413.png","2023-11-16",376,9790,3,"7-37697903","11/16/2023"
"10784","Russia","Russia","Ural-4320","captured","https://i.postimg.cc/zGFyWwVS/23.png","2023-11-16",376,9791,3,"7-37697913","11/16/2023"
"10785","Russia","Russia","Ural-4320","captured","https://i.postimg.cc/mDg4qsBP/1009-ural4320-capt-03-03-22.jpg","2023-11-16",376,9792,3,"7-37697923","11/16/2023"
"10786","Russia","Russia","169 Ural-4320 tanker","destroyed","https://postimg.cc/KR09bC8Z","2023-11-16",377,9793,1,"7-37797931","11/16/2023"
"10787","Russia","Russia","169 Ural-4320 tanker","destroyed","https://i.postimg.cc/Qd0QZxgR/1013-ural-tanker-destr.jpg","2023-11-16",377,9794,1,"7-37797941","11/16/2023"
"10788","Russia","Russia","169 Ural-4320 tanker","destroyed","https://i.postimg.cc/cHbtsDMx/a1.png","2023-11-16",377,9795,1,"7-37797951","11/16/2023"
"10789","Russia","Russia","169 Ural-4320 tanker","destroyed","https://i.postimg.cc/wjbJR968/gh.jpg","2023-11-16",377,9796,1,"7-37797961","11/16/2023"
"10790","Russia","Russia","169 Ural-4320 tanker","destroyed","https://i.postimg.cc/Xq15xBFb/542j.jpg","2023-11-16",377,9797,1,"7-37797971","11/16/2023"
"10791","Russia","Russia","169 Ural-4320 tanker","destroyed","https://i.postimg.cc/8PnpHpHM/32fd.png","2023-11-16",377,9798,1,"7-37797981","11/16/2023"
"10792","Russia","Russia","169 Ural-4320 tanker","destroyed","https://i.postimg.cc/wMTvJqm1/p1.jpg","2023-11-16",377,9799,1,"7-37797991","11/16/2023"
"10793","Russia","Russia","169 Ural-4320 tanker","destroyed","https://i.postimg.cc/xTGXZZ0j/3d.png","2023-11-16",377,9800,1,"7-37798001","11/16/2023"
"10794","Russia","Russia","169 Ural-4320 tanker","destroyed","https://i.postimg.cc/Fs0W104C/3r5.png","2023-11-16",377,9801,1,"7-37798011","11/16/2023"
"10795","Russia","Russia","169 Ural-4320 tanker","destroyed","https://i.postimg.cc/XNkhZbW0/f5.png","2023-11-16",377,9802,1,"7-37798021","11/16/2023"
"10796","Russia","Russia","169 Ural-4320 tanker","destroyed","https://i.postimg.cc/X7sksSSR/1013-ural-tanker-destr-26-02-22.jpg","2023-11-16",377,9803,1,"7-37798031","11/16/2023"
"10797","Russia","Russia","169 Ural-4320 tanker","destroyed","https://i.postimg.cc/wjD7VF7s/688.png","2023-11-16",377,9804,1,"7-37798041","11/16/2023"
"10798","Russia","Russia","169 Ural-4320 tanker","destroyed","https://i.postimg.cc/0NxrHmwX/u8.png","2023-11-16",377,9805,1,"7-37798051","11/16/2023"
"10799","Russia","Russia","169 Ural-4320 tanker","destroyed","https://twitter.com/UAWeapons/status/1509607505537773568","2023-11-16",377,9806,1,"7-37798061","11/16/2023"
"10800","Russia","Russia","169 Ural-4320 tanker","destroyed","https://i.postimg.cc/CxstkhF4/1.png","2023-11-16",377,9807,1,"7-37798071","11/16/2023"
"10801","Russia","Russia","169 Ural-4320 tanker","destroyed","https://i.postimg.cc/jdZP7mp7/2.jpg","2023-11-16",377,9808,1,"7-37798081","11/16/2023"
"10802","Russia","Russia","169 Ural-4320 tanker","destroyed","https://i.postimg.cc/y8x9XnKr/3.png","2023-11-16",377,9809,1,"7-37798091","11/16/2023"
"10803","Russia","Russia","169 Ural-4320 tanker","destroyed","https://i.postimg.cc/pLSj08XV/4.jpg","2023-11-16",377,9810,1,"7-37798101","11/16/2023"
"10804","Russia","Russia","169 Ural-4320 tanker","destroyed","https://i.postimg.cc/LXFF3yct/7.jpg","2023-11-16",377,9811,1,"7-37798111","11/16/2023"
"10805","Russia","Russia","169 Ural-4320 tanker","destroyed","https://i.postimg.cc/X7s3NcMB/ds1.jpg","2023-11-16",377,9812,1,"7-37798121","11/16/2023"
"10806","Russia","Russia","169 Ural-4320 tanker","destroyed","https://i.postimg.cc/8kBN9gtH/ds2.jpg","2023-11-16",377,9813,1,"7-37798131","11/16/2023"
"10807","Russia","Russia","169 Ural-4320 tanker","destroyed","https://i.postimg.cc/V6Xmzx1z/ds3.jpg","2023-11-16",377,9814,1,"7-37798141","11/16/2023"
"10808","Russia","Russia","169 Ural-4320 tanker","destroyed","https://i.postimg.cc/25Fdt3p7/466.jpg","2023-11-16",377,9815,1,"7-37798151","11/16/2023"
"10809","Russia","Russia","169 Ural-4320 tanker","destroyed","https://i.postimg.cc/MK7XNLHw/r-Pok9-Pm9-jpg-large.jpg","2023-11-16",377,9816,1,"7-37798161","11/16/2023"
"10810","Russia","Russia","169 Ural-4320 tanker","destroyed","https://i.postimg.cc/sxWywC1Q/1132-Ural-4320-tanker.jpg","2023-11-16",377,9817,1,"7-37798171","11/16/2023"
"10811","Russia","Russia","169 Ural-4320 tanker","destroyed","https://i.postimg.cc/50SRw47M/1004.jpg","2023-11-16",377,9818,1,"7-37798181","11/16/2023"
"10812","Russia","Russia","169 Ural-4320 tanker","destroyed","https://i.postimg.cc/brLH0dc3/25.png","2023-11-16",377,9819,1,"7-37798191","11/16/2023"
"10813","Russia","Russia","169 Ural-4320 tanker","destroyed","https://i.postimg.cc/9MYGVzMC/54.png","2023-11-16",377,9820,1,"7-37798201","11/16/2023"
"10814","Russia","Russia","169 Ural-4320 tanker","destroyed","https://i.postimg.cc/MZ1wRpz0/441.jpg","2023-11-16",377,9821,1,"7-37798211","11/16/2023"
"10815","Russia","Russia","169 Ural-4320 tanker","destroyed","https://i.postimg.cc/Jnb4ZqnY/1164-ural-tanker.jpg","2023-11-16",377,9822,1,"7-37798221","11/16/2023"
"10816","Russia","Russia","169 Ural-4320 tanker","destroyed","https://i.postimg.cc/x8R5wFRn/44444.jpg","2023-11-16",377,9823,1,"7-37798231","11/16/2023"
"10817","Russia","Russia","169 Ural-4320 tanker","destroyed","https://i.postimg.cc/MGSjH8dQ/4313.png","2023-11-16",377,9824,1,"7-37798241","11/16/2023"
"10818","Russia","Russia","169 Ural-4320 tanker","destroyed","https://i.postimg.cc/yx0YMWDm/24fo.png","2023-11-16",377,9825,1,"7-37798251","11/16/2023"
"10819","Russia","Russia","169 Ural-4320 tanker","destroyed","https://i.postimg.cc/c4bs4XFg/1024.jpg","2023-11-16",377,9826,1,"7-37798261","11/16/2023"
"10820","Russia","Russia","169 Ural-4320 tanker","destroyed","https://i.postimg.cc/yW4t59rG/1005-tank-fuel-truck.jpg","2023-11-16",377,2056,1,"7-37720561","11/16/2023"
"10821","Russia","Russia","169 Ural-4320 tanker","destroyed","https://i.postimg.cc/tTwp34RG/1124-Ural-4320-tanker.jpg","2023-11-16",377,9827,1,"7-37798271","11/16/2023"
"10822","Russia","Russia","169 Ural-4320 tanker","destroyed","https://i.postimg.cc/4NzscGrj/1125-Ural-4320-tanker.jpg","2023-11-16",377,9828,1,"7-37798281","11/16/2023"
"10823","Russia","Russia","169 Ural-4320 tanker","destroyed","https://i.postimg.cc/cJ1xZzk2/1126-Ural-4320-tanker.jpg","2023-11-16",377,9829,1,"7-37798291","11/16/2023"
"10824","Russia","Russia","169 Ural-4320 tanker","destroyed","https://i.postimg.cc/bYSzzkLy/1127-Ural-4320-tanker.jpg","2023-11-16",377,9830,1,"7-37798301","11/16/2023"
"10825","Russia","Russia","169 Ural-4320 tanker","destroyed","https://i.postimg.cc/63yB4vXh/1128-Ural-4320-tanker.jpg","2023-11-16",377,9831,1,"7-37798311","11/16/2023"
"10826","Russia","Russia","169 Ural-4320 tanker","destroyed","https://i.postimg.cc/8P8Tscnh/1129-Ural-4320-tanker.jpg","2023-11-16",377,9832,1,"7-37798321","11/16/2023"
"10827","Russia","Russia","169 Ural-4320 tanker","destroyed","https://i.postimg.cc/R0PM0TjF/1130-Ural-4320-tanker.jpg","2023-11-16",377,9833,1,"7-37798331","11/16/2023"
"10828","Russia","Russia","169 Ural-4320 tanker","destroyed","https://i.postimg.cc/hvXhnYvc/1135-Ural-4320-tanker.jpg","2023-11-16",377,9834,1,"7-37798341","11/16/2023"
"10829","Russia","Russia","169 Ural-4320 tanker","destroyed","https://i.postimg.cc/6pfWkKcC/1131-Ural-4320-tanker.jpg","2023-11-16",377,9835,1,"7-37798351","11/16/2023"
"10830","Russia","Russia","169 Ural-4320 tanker","destroyed","https://i.postimg.cc/fTJN6nWt/2022-09-21-Ural-4320-tanker-1.jpg","2023-11-16",377,9836,1,"7-37798361","11/16/2023"
"10831","Russia","Russia","169 Ural-4320 tanker","destroyed","https://i.postimg.cc/k4JrsLh5/2022-09-21-Ural-4320-tanker-2.jpg","2023-11-16",377,9837,1,"7-37798371","11/16/2023"
"10832","Russia","Russia","169 Ural-4320 tanker","destroyed","https://i.postimg.cc/2SgRSPn5/2022-09-20-Ural-4320-tanker-2.jpg","2023-11-16",377,9838,1,"7-37798381","11/16/2023"
"10833","Russia","Russia","169 Ural-4320 tanker","destroyed","https://i.postimg.cc/T3rrGNSM/2022-09-22-Ural-4320-tanker.jpg","2023-11-16",377,9839,1,"7-37798391","11/16/2023"
"10834","Russia","Russia","169 Ural-4320 tanker","destroyed","https://i.postimg.cc/hvkdRV1t/2022-09-22-Kam-AZ-x2-Ural-4320-tanker.jpg","2023-11-16",377,9840,1,"7-37798401","11/16/2023"
"10835","Russia","Russia","169 Ural-4320 tanker","destroyed","https://i.postimg.cc/pTSh61mZ/ural.png","2023-11-16",377,9841,1,"7-37798411","11/16/2023"
"10836","Russia","Russia","169 Ural-4320 tanker","destroyed","https://i.postimg.cc/bJ6hf5Tn/2022-09-26-Ural-4320-tanker.jpg","2023-11-16",377,9842,1,"7-37798421","11/16/2023"
"10837","Russia","Russia","169 Ural-4320 tanker","destroyed","https://i.postimg.cc/PrrYkfmb/1008-ural-tanker.jpg","2023-11-16",377,9843,1,"7-37798431","11/16/2023"
"10838","Russia","Russia","169 Ural-4320 tanker","destroyed","https://i.postimg.cc/k4gPZwpB/1023-ural-tanker-destr-30-01-23.jpg","2023-11-16",377,9844,1,"7-37798441","11/16/2023"
"10839","Russia","Russia","169 Ural-4320 tanker","destroyed","https://i.postimg.cc/BQqmmX1g/1031-ural-tanker.jpg","2023-11-16",377,9845,1,"7-37798451","11/16/2023"
"10840","Russia","Russia","169 Ural-4320 tanker","destroyed","https://i.postimg.cc/xTK5YfDG/1011-Ural-4320-tanker-destr.jpg","2023-11-16",377,9846,1,"7-37798461","11/16/2023"
"10841","Russia","Russia","169 Ural-4320 tanker","destroyed","https://i.postimg.cc/ncZ74qg7/1024-ural-tanker.jpg","2023-11-16",377,9847,1,"7-37798471","11/16/2023"
"10842","Russia","Russia","169 Ural-4320 tanker","destroyed","https://i.postimg.cc/JnRptNYk/1038-ural-tanker-destr-19-05-23.png","2023-11-16",377,9848,1,"7-37798481","11/16/2023"
"10843","Russia","Russia","169 Ural-4320 tanker","destroyed","https://twitter.com/UAWeapons/status/1577310511212920834","2023-11-16",377,1829,1,"7-37718291","11/16/2023"
"10844","Russia","Russia","169 Ural-4320 tanker","destroyed","https://i.postimg.cc/Gttdz19B/2022-04-07-ural-4320-tanker.jpg","2023-11-16",377,9849,1,"7-37798491","11/16/2023"
"10845","Russia","Russia","169 Ural-4320 tanker","destroyed","https://i.postimg.cc/vHGWYqk4/2022-04-13-ural-4320-tanker.jpg","2023-11-16",377,9850,1,"7-37798501","11/16/2023"
"10846","Russia","Russia","169 Ural-4320 tanker","destroyed","https://i.postimg.cc/pdmQNm7k/2022-04-28-ural-4320-tanker.jpg","2023-11-16",377,9851,1,"7-37798511","11/16/2023"
"10847","Russia","Russia","169 Ural-4320 tanker","destroyed","https://i.postimg.cc/W146kXZM/2022-04-28-ural-4320-tanker-2.jpg","2023-11-16",377,9852,1,"7-37798521","11/16/2023"
"10848","Russia","Russia","169 Ural-4320 tanker","destroyed","https://i.postimg.cc/mgdrPSdD/1002-ural-tanker-destr.jpg","2023-11-16",377,9853,1,"7-37798531","11/16/2023"
"10849","Russia","Russia","169 Ural-4320 tanker","destroyed","https://postimg.cc/bSdZ6QrQ","2023-11-16",377,9854,1,"7-37798541","11/16/2023"
"10850","Russia","Russia","169 Ural-4320 tanker","destroyed","https://postimg.cc/F7df3g2v","2023-11-16",377,9855,1,"7-37798551","11/16/2023"
"10851","Russia","Russia","169 Ural-4320 tanker","destroyed","https://i.postimg.cc/SQzSPSMb/2022-11-12-Ural-4320-tanker.jpg","2023-11-16",377,9856,1,"7-37798561","11/16/2023"
"10852","Russia","Russia","169 Ural-4320 tanker","destroyed","https://i.postimg.cc/J0p5dBDw/2022-11-13-Ural-4320-tanker-destroyed.jpg","2023-11-16",377,9857,1,"7-37798571","11/16/2023"
"10853","Russia","Russia","169 Ural-4320 tanker","destroyed","https://i.postimg.cc/mkCSjrkN/1012-ural-tanker-destr.jpg","2023-11-16",377,9858,1,"7-37798581","11/16/2023"
"10854","Russia","Russia","169 Ural-4320 tanker","destroyed","https://i.postimg.cc/rpZgFb7W/1013-ural-tanker-destr.jpg","2023-11-16",377,9859,1,"7-37798591","11/16/2023"
"10855","Russia","Russia","169 Ural-4320 tanker","destroyed","https://i.postimg.cc/MH07gJkg/1021-ural-tanker-destr.jpg","2023-11-16",377,9860,1,"7-37798601","11/16/2023"
"10856","Russia","Russia","169 Ural-4320 tanker","destroyed","https://i.postimg.cc/wvVXVGWJ/2022-04-27-Ural-4320-destroyed.jpg","2023-11-16",377,9861,1,"7-37798611","11/16/2023"
"10857","Russia","Russia","169 Ural-4320 tanker","destroyed","https://i.postimg.cc/K8myp9Df/2022-04-27-Ural-4320-tanker-destroyed-Yahidne.jpg","2023-11-16",377,9862,1,"7-37798621","11/16/2023"
"10858","Russia","Russia","169 Ural-4320 tanker","destroyed","https://i.postimg.cc/tCrKJPf5/2022-04-17-Ural-4320-tanker-destroyed.jpg","2023-11-16",377,9863,1,"7-37798631","11/16/2023"
"10859","Russia","Russia","169 Ural-4320 tanker","destroyed","https://i.postimg.cc/cJMjdVv0/1026-ural-tanker-destr.jpg","2023-11-16",377,9864,1,"7-37798641","11/16/2023"
"10860","Russia","Russia","169 Ural-4320 tanker","destroyed","https://i.postimg.cc/j5cbhnCm/1002-ural-tanker.jpg","2023-11-16",377,9865,1,"7-37798651","11/16/2023"
"10861","Russia","Russia","169 Ural-4320 tanker","destroyed","https://i.postimg.cc/QtDPtDCW/1000-ural-tanker-destr-04-01-23.jpg","2023-11-16",377,9866,1,"7-37798661","11/16/2023"
"10862","Russia","Russia","169 Ural-4320 tanker","destroyed","https://i.postimg.cc/mr9fkVSK/1002-Ural-tanker-destr-04-01-23.jpg","2023-11-16",377,9867,1,"7-37798671","11/16/2023"
"10863","Russia","Russia","169 Ural-4320 tanker","destroyed","https://i.postimg.cc/bvkWpryh/1005-Ural-tanker-destr-04-01-23.jpg","2023-11-16",377,9868,1,"7-37798681","11/16/2023"
"10864","Russia","Russia","169 Ural-4320 tanker","destroyed","https://i.postimg.cc/dtVbrJB2/1009-ural-tanker-destr-01-03-22.jpg","2023-11-16",377,9869,1,"7-37798691","11/16/2023"
"10865","Russia","Russia","169 Ural-4320 tanker","destroyed","https://i.postimg.cc/bNT4gFTr/1020-Ural-tanker-destr-16-01-23.jpg","2023-11-16",377,9870,1,"7-37798701","11/16/2023"
"10866","Russia","Russia","169 Ural-4320 tanker","destroyed","https://i.postimg.cc/NFCszckT/1010-ural-tanker-destr-25-04-22.jpg","2023-11-16",377,9871,1,"7-37798711","11/16/2023"
"10867","Russia","Russia","169 Ural-4320 tanker","destroyed","https://i.postimg.cc/d0Pmkdnx/1303-ural-tanker-destr-04-04-22.jpg","2023-11-16",377,9872,1,"7-37798721","11/16/2023"
"10868","Russia","Russia","169 Ural-4320 tanker","destroyed","https://i.postimg.cc/nr4msKjY/1023-ural-tanker-destr-20-03-23.jpg","2023-11-16",377,9873,1,"7-37798731","11/16/2023"
"10869","Russia","Russia","169 Ural-4320 tanker","destroyed","https://twitter.com/UAWeapons/status/1645500394812973072","2023-11-16",377,6046,1,"7-37760461","11/16/2023"
"10870","Russia","Russia","169 Ural-4320 tanker","destroyed","https://i.postimg.cc/yYvztdYG/66y.png","2023-11-16",377,9874,1,"7-37798741","11/16/2023"
"10871","Russia","Russia","169 Ural-4320 tanker","destroyed","https://i.postimg.cc/mk1DLRvG/40.png","2023-11-16",377,9875,1,"7-37798751","11/16/2023"
"10872","Russia","Russia","169 Ural-4320 tanker","destroyed","https://i.postimg.cc/G372tD3r/1008-ural-tanker-destr-13-02-23.jpg","2023-11-16",377,9876,1,"7-37798761","11/16/2023"
"10873","Russia","Russia","169 Ural-4320 tanker","destroyed","https://i.postimg.cc/tCsgxg76/1007-ural-tanker-destr-13-02-23.jpg","2023-11-16",377,9877,1,"7-37798771","11/16/2023"
"10874","Russia","Russia","169 Ural-4320 tanker","destroyed","https://i.postimg.cc/5yGJZgFh/1022-ural-tanker-destr-07-05-23.jpg","2023-11-16",377,9878,1,"7-37798781","11/16/2023"
"10875","Russia","Russia","169 Ural-4320 tanker","destroyed","https://i.postimg.cc/65PbzGqk/1033-Ural-4320-fuel-tanker-destr-01-03-23.jpg","2023-11-16",377,9879,1,"7-37798791","11/16/2023"
"10876","Russia","Russia","169 Ural-4320 tanker","destroyed","https://twitter.com/UAWeapons/status/1679212017444352003","2023-11-16",377,9880,1,"7-37798801","11/16/2023"
"10877","Russia","Russia","169 Ural-4320 tanker","destroyed","https://i.postimg.cc/HsygF3D9/1044-ural-tanker-destr-11-10-23.jpg","2023-11-16",377,9881,1,"7-37798811","11/16/2023"
"10878","Russia","Russia","169 Ural-4320 tanker","destroyed","https://i.postimg.cc/k5S1SHjc/1003-ural-tanker-destr-03-11-23.jpg","2023-11-16",377,9882,1,"7-37798821","11/16/2023"
"10879","Russia","Russia","169 Ural-4320 tanker","damaged","https://i.postimg.cc/X70VgF1T/1017-ural-tanker-dam-23-02-23.jpg","2023-11-16",377,9883,2,"7-37798832","11/16/2023"
"10880","Russia","Russia","169 Ural-4320 tanker","abandoned","https://i.postimg.cc/vTzf9VLH/f2.png","2023-11-16",377,9884,4,"7-37798844","11/16/2023"
"10881","Russia","Russia","169 Ural-4320 tanker","captured","https://i.postimg.cc/Zn9NFrj5/q6.jpg","2023-11-16",377,9885,3,"7-37798853","11/16/2023"
"10882","Russia","Russia","169 Ural-4320 tanker","captured","https://i.postimg.cc/269vZHQt/q7.png","2023-11-16",377,9886,3,"7-37798863","11/16/2023"
"10883","Russia","Russia","169 Ural-4320 tanker","captured","https://i.postimg.cc/RhjHPNbQ/q8.png","2023-11-16",377,9887,3,"7-37798873","11/16/2023"
"10884","Russia","Russia","169 Ural-4320 tanker","captured","https://i.postimg.cc/Tw1hHZ5d/77h.png","2023-11-16",377,9888,3,"7-37798883","11/16/2023"
"10885","Russia","Russia","169 Ural-4320 tanker","captured","https://i.postimg.cc/3wkmWdwx/6522.png","2023-11-16",377,9889,3,"7-37798893","11/16/2023"
"10886","Russia","Russia","169 Ural-4320 tanker","captured","https://i.postimg.cc/RZ337kgr/p2.png","2023-11-16",377,9890,3,"7-37798903","11/16/2023"
"10887","Russia","Russia","169 Ural-4320 tanker","captured","https://i.postimg.cc/rmH8hcT2/y2.jpg","2023-11-16",377,9891,3,"7-37798913","11/16/2023"
"10888","Russia","Russia","169 Ural-4320 tanker","captured","https://i.postimg.cc/sfcQf9Xq/2d3.png","2023-11-16",377,9892,3,"7-37798923","11/16/2023"
"10889","Russia","Russia","169 Ural-4320 tanker","captured","https://i.postimg.cc/bJ99Y3Cc/g3.png","2023-11-16",377,9893,3,"7-37798933","11/16/2023"
"10890","Russia","Russia","169 Ural-4320 tanker","captured","https://i.postimg.cc/268TQ1jg/51.png","2023-11-16",377,9894,3,"7-37798943","11/16/2023"
"10891","Russia","Russia","169 Ural-4320 tanker","captured","https://i.postimg.cc/dtPW0zsX/31.png","2023-11-16",377,9895,3,"7-37798953","11/16/2023"
"10892","Russia","Russia","169 Ural-4320 tanker","captured","https://i.postimg.cc/ydFtRxsy/d1.png","2023-11-16",377,9896,3,"7-37798963","11/16/2023"
"10893","Russia","Russia","169 Ural-4320 tanker","captured","https://i.postimg.cc/jdLY52gL/83.jpg","2023-11-16",377,2689,3,"7-37726893","11/16/2023"
"10894","Russia","Russia","169 Ural-4320 tanker","captured","https://i.postimg.cc/xCDjT7J8/c13.jpg","2023-11-16",377,9897,3,"7-37798973","11/16/2023"
"10895","Russia","Russia","169 Ural-4320 tanker","captured","https://i.postimg.cc/hvqznQ0z/urallll4320.png","2023-11-16",377,9898,3,"7-37798983","11/16/2023"
"10896","Russia","Russia","169 Ural-4320 tanker","captured","https://i.postimg.cc/tJgS3W4d/8.png","2023-11-16",377,6938,3,"7-37769383","11/16/2023"
"10897","Russia","Russia","169 Ural-4320 tanker","captured","https://i.postimg.cc/q7XLjZd4/546.jpg","2023-11-16",377,9899,3,"7-37798993","11/16/2023"
"10898","Russia","Russia","169 Ural-4320 tanker","captured","https://i.postimg.cc/76TRn240/47.png","2023-11-16",377,9900,3,"7-37799003","11/16/2023"
"10899","Russia","Russia","169 Ural-4320 tanker","captured","https://i.postimg.cc/25B4FSsj/d8.jpg","2023-11-16",377,9901,3,"7-37799013","11/16/2023"
"10900","Russia","Russia","169 Ural-4320 tanker","captured","https://i.postimg.cc/kXSVs9jv/59.png","2023-11-16",377,9902,3,"7-37799023","11/16/2023"
"10901","Russia","Russia","169 Ural-4320 tanker","captured","https://i.postimg.cc/XYVqPMqy/588.png","2023-11-16",377,9903,3,"7-37799033","11/16/2023"
"10902","Russia","Russia","169 Ural-4320 tanker","damaged","https://i.postimg.cc/brjmRZVS/1018-ural-tanker-dam-capt.jpg","2023-11-16",377,9904,2,"7-37799042","11/16/2023"
"10903","Russia","Russia","169 Ural-4320 tanker","captured","https://i.postimg.cc/brjmRZVS/1018-ural-tanker-dam-capt.jpg","2023-11-16",377,9904,3,"7-37799043","11/16/2023"
"10904","Russia","Russia","169 Ural-4320 tanker","captured","https://i.postimg.cc/RFwtWx8G/Ural43200.png","2023-11-16",377,9905,3,"7-37799053","11/16/2023"
"10905","Russia","Russia","169 Ural-4320 tanker","captured","https://i.postimg.cc/fR5byVj2/k88.jpg","2023-11-16",377,9906,3,"7-37799063","11/16/2023"
"10906","Russia","Russia","169 Ural-4320 tanker","captured","https://i.postimg.cc/CxbjQs0Z/q1.png","2023-11-16",377,9907,3,"7-37799073","11/16/2023"
"10907","Russia","Russia","169 Ural-4320 tanker","captured","https://i.postimg.cc/cJZQyt1F/q3.jpg","2023-11-16",377,9908,3,"7-37799083","11/16/2023"
"10908","Russia","Russia","169 Ural-4320 tanker","damaged","https://i.postimg.cc/QdHyx61H/57.png","2023-11-16",377,9909,2,"7-37799092","11/16/2023"
"10909","Russia","Russia","169 Ural-4320 tanker","captured","https://i.postimg.cc/QdHyx61H/57.png","2023-11-16",377,9909,3,"7-37799093","11/16/2023"
"10910","Russia","Russia","169 Ural-4320 tanker","captured","https://i.postimg.cc/R0RwMCN4/q4.jpg","2023-11-16",377,9910,3,"7-37799103","11/16/2023"
"10911","Russia","Russia","169 Ural-4320 tanker","captured","https://i.postimg.cc/7Pc0PWYG/q9.jpg","2023-11-16",377,9911,3,"7-37799113","11/16/2023"
"10912","Russia","Russia","169 Ural-4320 tanker","captured","https://i.postimg.cc/nzhBM8D7/q5.jpg","2023-11-16",377,9912,3,"7-37799123","11/16/2023"
"10913","Russia","Russia","169 Ural-4320 tanker","captured","https://i.postimg.cc/cLhWDm1m/1133-Ural-4320-tanker.jpg","2023-11-16",377,9913,3,"7-37799133","11/16/2023"
"10914","Russia","Russia","169 Ural-4320 tanker","captured","https://i.postimg.cc/7ZwDMc4h/1134-Ural-4320-tanker.jpg","2023-11-16",377,9914,3,"7-37799143","11/16/2023"
"10915","Russia","Russia","169 Ural-4320 tanker","captured","https://i.postimg.cc/6545h9sc/1017-ural-tanker.jpg","2023-11-16",377,9915,3,"7-37799153","11/16/2023"
"10916","Russia","Russia","169 Ural-4320 tanker","captured","https://i.postimg.cc/vTYhXx2d/2022-09-18-Ural-4320-tanker.png","2023-11-16",377,9916,3,"7-37799163","11/16/2023"
"10917","Russia","Russia","169 Ural-4320 tanker","captured","https://twitter.com/UAWeapons/status/1568341095591088130","2023-11-16",377,9917,3,"7-37799173","11/16/2023"
"10918","Russia","Russia","169 Ural-4320 tanker","captured","https://twitter.com/UAWeapons/status/1568985785176571913","2023-11-16",377,2705,3,"7-37727053","11/16/2023"
"10919","Russia","Russia","169 Ural-4320 tanker","captured","https://twitter.com/UAWeapons/status/1569043961771163652","2023-11-16",377,6500,3,"7-37765003","11/16/2023"
"10920","Russia","Russia","169 Ural-4320 tanker","captured","https://twitter.com/UAWeapons/status/1569035760333897728","2023-11-16",377,9918,3,"7-37799183","11/16/2023"
"10921","Russia","Russia","169 Ural-4320 tanker","captured","https://twitter.com/UAWeapons/status/1569229459240230914","2023-11-16",377,8112,3,"7-37781123","11/16/2023"
"10922","Russia","Russia","169 Ural-4320 tanker","captured","https://i.postimg.cc/Z50SMBmC/5529.png","2023-11-16",377,9919,3,"7-37799193","11/16/2023"
"10923","Russia","Russia","169 Ural-4320 tanker","captured","https://i.postimg.cc/sxKjhZfr/1002-ural-tanker.jpg","2023-11-16",377,9920,3,"7-37799203","11/16/2023"
"10924","Russia","Russia","169 Ural-4320 tanker","captured","https://i.postimg.cc/cCnXz52N/2022-09-14-Ural-4320-tanker.png","2023-11-16",377,9921,3,"7-37799213","11/16/2023"
"10925","Russia","Russia","169 Ural-4320 tanker","captured","https://i.postimg.cc/gjkfNzCS/2022-09-16-Ural-4320-tanker.jpg","2023-11-16",377,9922,3,"7-37799223","11/16/2023"
"10926","Russia","Russia","169 Ural-4320 tanker","captured","https://i.postimg.cc/qMK1XyFF/1004-bmp2-ural-tanker-kamaz6x6.png","2023-11-16",377,9923,3,"7-37799233","11/16/2023"
"10927","Russia","Russia","169 Ural-4320 tanker","captured","https://i.postimg.cc/KzqbJCM2/1009-ural-tanker.jpg","2023-11-16",377,9924,3,"7-37799243","11/16/2023"
"10928","Russia","Russia","169 Ural-4320 tanker","captured","https://i.postimg.cc/C1tW2cRL/1001-ural-tanker.jpg","2023-11-16",377,9925,3,"7-37799253","11/16/2023"
"10929","Russia","Russia","169 Ural-4320 tanker","captured","https://i.postimg.cc/K84ThFxC/Ural-4320-tanker-captured.png","2023-11-16",377,9926,3,"7-37799263","11/16/2023"
"10930","Russia","Russia","169 Ural-4320 tanker","captured","https://i.postimg.cc/P5XS4SS9/669.jpg","2023-11-16",377,9927,3,"7-37799273","11/16/2023"
"10931","Russia","Russia","169 Ural-4320 tanker","captured","https://i.postimg.cc/RV3b7vjZ/2022-04-01-ural-4320-tanker-1.jpg","2023-11-16",377,9928,3,"7-37799283","11/16/2023"
"10932","Russia","Russia","169 Ural-4320 tanker","captured","https://i.postimg.cc/qqFbPFCr/2022-04-01-ural-4320-tanker-2.jpg","2023-11-16",377,9929,3,"7-37799293","11/16/2023"
"10933","Russia","Russia","169 Ural-4320 tanker","captured","https://i.postimg.cc/DwfFg0FB/1025-ural-tanker-capt.jpg","2023-11-16",377,9930,3,"7-37799303","11/16/2023"
"10934","Russia","Russia","169 Ural-4320 tanker","captured","https://i.postimg.cc/1X9qKJQk/1007-ural-tanker-capt.jpg","2023-11-16",377,9931,3,"7-37799313","11/16/2023"
"10935","Russia","Russia","169 Ural-4320 tanker","captured","https://i.postimg.cc/rpssVs1t/1003-ural-tanker-capt-03-04-22.jpg","2023-11-16",377,9932,3,"7-37799323","11/16/2023"
"10936","Russia","Russia","169 Ural-4320 tanker","captured","https://i.postimg.cc/7LxQ9kyh/1030-ural-tanker-capt-xx-11-22.jpg","2023-11-16",377,9933,3,"7-37799333","11/16/2023"
"10937","Russia","Russia","169 Ural-4320 tanker","captured","https://i.postimg.cc/7hHYBypR/1006-ural-tanker-capt-12-01-23.jpg","2023-11-16",377,9934,3,"7-37799343","11/16/2023"
"10938","Russia","Russia","169 Ural-4320 tanker","captured","https://i.postimg.cc/05Vmt6H3/1011-Ural-4320-tanker-capt.jpg","2023-11-16",377,9935,3,"7-37799353","11/16/2023"
"10939","Russia","Russia","169 Ural-4320 tanker","captured","https://i.postimg.cc/9FmtH8PK/1000-ural-tanker-capt-11-09-22.jpg","2023-11-16",377,9936,3,"7-37799363","11/16/2023"
"10940","Russia","Russia","169 Ural-4320 tanker","captured","https://i.postimg.cc/Hs60YwBx/1013-ural-tanker-capt-19-01-23.jpg","2023-11-16",377,9937,3,"7-37799373","11/16/2023"
"10941","Russia","Russia","169 Ural-4320 tanker","captured","https://i.postimg.cc/3w3s4n7n/1047-ural-tanker-capt-27-03-22.jpg","2023-11-16",377,9938,3,"7-37799383","11/16/2023"
"10942","Russia","Russia","169 Ural-4320 tanker","captured","https://i.postimg.cc/sxbfgd1x/690.png","2023-11-16",377,9939,3,"7-37799393","11/16/2023"
"10943","Russia","Russia","169 Ural-4320 tanker","captured","https://i.postimg.cc/C5ZghsZY/1038-Ural-4320-tanker-capt-31-03-22.jpg","2023-11-16",377,9940,3,"7-37799403","11/16/2023"
"10944","Russia","Russia","169 Ural-4320 tanker","captured","https://i.postimg.cc/3r6hLV6w/1039-Ural-4320-tanker-capt-31-03-22.jpg","2023-11-16",377,9941,3,"7-37799413","11/16/2023"
"10945","Russia","Russia","7 Ural Avtozaks","destroyed","https://i.postimg.cc/1RJHS7Ck/4320ural.png","2023-11-16",378,9942,1,"7-37899421","11/16/2023"
"10946","Russia","Russia","7 Ural Avtozaks","destroyed","https://i.postimg.cc/Y0nfxjLr/uural4320001.jpg","2023-11-16",378,9943,1,"7-37899431","11/16/2023"
"10947","Russia","Russia","7 Ural Avtozaks","destroyed","https://i.postimg.cc/G2bNNBz1/1145-Ural-Avtozaks.jpg","2023-11-16",378,9944,1,"7-37899441","11/16/2023"
"10948","Russia","Russia","7 Ural Avtozaks","destroyed","https://i.postimg.cc/0ySTF1GP/1147-Ural-Avtozaks.jpg","2023-11-16",378,9945,1,"7-37899451","11/16/2023"
"10949","Russia","Russia","7 Ural Avtozaks","destroyed","https://i.postimg.cc/kXvznpZN/v7.png","2023-11-16",378,9946,1,"7-37899461","11/16/2023"
"10950","Russia","Russia","7 Ural Avtozaks","destroyed","https://i.postimg.cc/W1N3p8g1/1007-Ural-Avtozaks-destr-03-04.jpg","2023-11-16",378,9947,1,"7-37899471","11/16/2023"
"10951","Russia","Russia","7 Ural Avtozaks","captured","https://i.postimg.cc/5N8S7H7h/1167-Ural-Avtozaks.jpg","2023-11-16",378,9948,3,"7-37899483","11/16/2023"
"10952","Russia","Russia","151 Ural-43206","destroyed","https://i.postimg.cc/9Q7VDLd8/ff4467.png","2023-11-16",379,9949,1,"7-37999491","11/16/2023"
"10953","Russia","Russia","151 Ural-43206","destroyed","https://i.postimg.cc/2STXdhYy/g5.png","2023-11-16",379,9950,1,"7-37999501","11/16/2023"
"10954","Russia","Russia","151 Ural-43206","destroyed","https://i.postimg.cc/J4zTrtZW/35.png","2023-11-16",379,9951,1,"7-37999511","11/16/2023"
"10955","Russia","Russia","151 Ural-43206","destroyed","https://i.postimg.cc/9XZZmmGc/47j.png","2023-11-16",379,9952,1,"7-37999521","11/16/2023"
"10956","Russia","Russia","151 Ural-43206","destroyed","https://i.postimg.cc/sxF4bvp5/86.jpg","2023-11-16",379,9953,1,"7-37999531","11/16/2023"
"10957","Russia","Russia","151 Ural-43206","destroyed","https://i.postimg.cc/nhx5YQnW/f4.png","2023-11-16",379,9954,1,"7-37999541","11/16/2023"
"10958","Russia","Russia","151 Ural-43206","destroyed","https://i.postimg.cc/667D9XHM/f5.png","2023-11-16",379,9955,1,"7-37999551","11/16/2023"
"10959","Russia","Russia","151 Ural-43206","destroyed","https://i.postimg.cc/C5Bc8jtt/3d.png","2023-11-16",379,9956,1,"7-37999561","11/16/2023"
"10960","Russia","Russia","151 Ural-43206","destroyed","https://i.postimg.cc/ZnLWCPrN/1d3.jpg","2023-11-16",379,9957,1,"7-37999571","11/16/2023"
"10961","Russia","Russia","151 Ural-43206","destroyed","https://i.postimg.cc/TPG0zN4V/431.jpg","2023-11-16",379,9958,1,"7-37999581","11/16/2023"
"10962","Russia","Russia","151 Ural-43206","destroyed","https://i.postimg.cc/wMkVNdC6/43h.png","2023-11-16",379,9959,1,"7-37999591","11/16/2023"
"10963","Russia","Russia","151 Ural-43206","destroyed","https://i.postimg.cc/MKpTsssK/6900.png","2023-11-16",379,9960,1,"7-37999601","11/16/2023"
"10964","Russia","Russia","151 Ural-43206","destroyed","https://i.postimg.cc/C5BJtX03/776.jpg","2023-11-16",379,9961,1,"7-37999611","11/16/2023"
"10965","Russia","Russia","151 Ural-43206","destroyed","https://i.postimg.cc/0N1gX3SH/7688.jpg","2023-11-16",379,9962,1,"7-37999621","11/16/2023"
"10966","Russia","Russia","151 Ural-43206","destroyed","https://i.postimg.cc/9FWs28PT/652.png","2023-11-16",379,9963,1,"7-37999631","11/16/2023"
"10967","Russia","Russia","151 Ural-43206","destroyed","https://i.postimg.cc/Cx5598Py/1017.jpg","2023-11-16",379,9964,1,"7-37999641","11/16/2023"
"10968","Russia","Russia","151 Ural-43206","destroyed","https://i.postimg.cc/GmftRpV4/1018.jpg","2023-11-16",379,9965,1,"7-37999651","11/16/2023"
"10969","Russia","Russia","151 Ural-43206","destroyed","https://i.postimg.cc/wx2WTfj1/57.jpg","2023-11-16",379,9966,1,"7-37999661","11/16/2023"
"10970","Russia","Russia","151 Ural-43206","destroyed","https://i.postimg.cc/Y0sYWVTj/uuu.png","2023-11-16",379,9967,1,"7-37999671","11/16/2023"
"10971","Russia","Russia","151 Ural-43206","destroyed","https://i.postimg.cc/wBsvjpY0/1019.jpg","2023-11-16",379,9968,1,"7-37999681","11/16/2023"
"10972","Russia","Russia","151 Ural-43206","destroyed","https://i.postimg.cc/rzXW4sdz/u6.jpg","2023-11-16",379,9969,1,"7-37999691","11/16/2023"
"10973","Russia","Russia","151 Ural-43206","destroyed","https://postimg.cc/F14p4DVP","2023-11-16",379,9970,1,"7-37999701","11/16/2023"
"10974","Russia","Russia","151 Ural-43206","destroyed","https://i.postimg.cc/28w7dJ9k/1003.jpg","2023-11-16",379,9971,1,"7-37999711","11/16/2023"
"10975","Russia","Russia","151 Ural-43206","destroyed","https://i.postimg.cc/NGkNyL0N/1020-ural43206.jpg","2023-11-16",379,9972,1,"7-37999721","11/16/2023"
"10976","Russia","Russia","151 Ural-43206","destroyed","https://i.postimg.cc/9XNzFcG2/1136-Ural-43206.jpg","2023-11-16",379,9973,1,"7-37999731","11/16/2023"
"10977","Russia","Russia","151 Ural-43206","destroyed","https://i.postimg.cc/x87dsP08/1137-Ural-43206.jpg","2023-11-16",379,9974,1,"7-37999741","11/16/2023"
"10978","Russia","Russia","151 Ural-43206","destroyed","https://i.postimg.cc/WbFzdxnk/1138-Ural-43206.jpg","2023-11-16",379,9975,1,"7-37999751","11/16/2023"
"10979","Russia","Russia","151 Ural-43206","destroyed","https://i.postimg.cc/jSfDFBnb/1139-Ural-43206.jpg","2023-11-16",379,9976,1,"7-37999761","11/16/2023"
"10980","Russia","Russia","151 Ural-43206","destroyed","https://i.postimg.cc/d0KhPnGT/1140-Ural-43206.jpg","2023-11-16",379,9977,1,"7-37999771","11/16/2023"
"10981","Russia","Russia","151 Ural-43206","destroyed","https://i.postimg.cc/3NWRCqQz/1143-Ural-43206-2x.jpg","2023-11-16",379,9978,1,"7-37999781","11/16/2023"
"10982","Russia","Russia","151 Ural-43206","destroyed","https://i.postimg.cc/W35zZvCM/1144-Ural-43206.jpg","2023-11-16",379,9979,1,"7-37999791","11/16/2023"
"10983","Russia","Russia","151 Ural-43206","destroyed","https://i.postimg.cc/bw6hK2Vh/1001.jpg","2023-11-16",379,9980,1,"7-37999801","11/16/2023"
"10984","Russia","Russia","151 Ural-43206","destroyed","https://twitter.com/UAWeapons/status/1565383263954378752","2023-11-16",379,9981,1,"7-37999811","11/16/2023"
"10985","Russia","Russia","151 Ural-43206","destroyed","https://i.postimg.cc/1Xvr3VY9/1032-ural43206.jpg","2023-11-16",379,9982,1,"7-37999821","11/16/2023"
"10986","Russia","Russia","151 Ural-43206","destroyed","https://i.postimg.cc/DyLffHJD/1002-ural43206.jpg","2023-11-16",379,9983,1,"7-37999831","11/16/2023"
"10987","Russia","Russia","151 Ural-43206","destroyed","https://i.postimg.cc/wTFHxTSw/2022-09-13-Ural-43206-1.jpg","2023-11-16",379,9984,1,"7-37999841","11/16/2023"
"10988","Russia","Russia","151 Ural-43206","destroyed","https://i.postimg.cc/TPFPcY0R/2022-09-19-Ural-43206.jpg","2023-11-16",379,9985,1,"7-37999851","11/16/2023"
"10989","Russia","Russia","151 Ural-43206","destroyed","https://i.postimg.cc/k4gLXjbV/468.png","2023-11-16",379,9162,1,"7-37991621","11/16/2023"
"10990","Russia","Russia","151 Ural-43206","destroyed","https://twitter.com/Blue_Sauron/status/1574692057100288000","2023-11-16",379,9986,1,"7-37999861","11/16/2023"
"10991","Russia","Russia","151 Ural-43206","destroyed","https://i.postimg.cc/brT7839W/1003-ural-43206.jpg","2023-11-16",379,9987,1,"7-37999871","11/16/2023"
"10992","Russia","Russia","151 Ural-43206","destroyed","https://i.postimg.cc/8kfvzjxt/1008-ural4320-2x.jpg","2023-11-16",379,9309,1,"7-37993091","11/16/2023"
"10993","Russia","Russia","151 Ural-43206","destroyed","https://i.postimg.cc/FHZGNpn5/b1.jpg","2023-11-16",379,9988,1,"7-37999881","11/16/2023"
"10994","Russia","Russia","151 Ural-43206","destroyed","https://i.postimg.cc/yYS5dY1s/1014-Ural-43206-destr.jpg","2023-11-16",379,9989,1,"7-37999891","11/16/2023"
"10995","Russia","Russia","151 Ural-43206","destroyed","https://i.postimg.cc/HnCHYcP5/1002-Ural-43206-destr.jpg","2023-11-16",379,9990,1,"7-37999901","11/16/2023"
"10996","Russia","Russia","151 Ural-43206","destroyed","https://i.postimg.cc/QNPrb08k/1022-ural43206-destr.jpg","2023-11-16",379,9991,1,"7-37999911","11/16/2023"
"10997","Russia","Russia","151 Ural-43206","destroyed","https://twitter.com/naalsio26/status/1648178926664003584","2023-11-16",379,9992,1,"7-37999921","11/16/2023"
"10998","Russia","Russia","151 Ural-43206","destroyed","https://i.postimg.cc/tTBy8rJR/1042-ural4320-capt-43206-destr.jpg","2023-11-16",379,9761,1,"7-37997611","11/16/2023"
"10999","Russia","Russia","151 Ural-43206","destroyed","https://i.postimg.cc/x88pFQ8g/2022-04-01-ural-43206.jpg","2023-11-16",379,9993,1,"7-37999931","11/16/2023"
"11000","Russia","Russia","151 Ural-43206","destroyed","https://i.postimg.cc/FHCRcQh7/1005-ural43206-destr-15-01-23.jpg","2023-11-16",379,9994,1,"7-37999941","11/16/2023"
"11001","Russia","Russia","151 Ural-43206","destroyed","https://i.postimg.cc/YqD9Zh62/1004-ural43206-destr.jpg","2023-11-16",379,9995,1,"7-37999951","11/16/2023"
"11002","Russia","Russia","151 Ural-43206","destroyed","https://i.postimg.cc/W41YLD0v/2ural.jpg","2023-11-16",379,9996,1,"7-37999961","11/16/2023"
"11003","Russia","Russia","151 Ural-43206","destroyed","https://i.postimg.cc/SQdTqsT9/1004-ural43206-destr.jpg","2023-11-16",379,9997,1,"7-37999971","11/16/2023"
"11004","Russia","Russia","151 Ural-43206","destroyed","https://i.postimg.cc/C5G8VvKX/1010-Ural-43206-destr.jpg","2023-11-16",379,9998,1,"7-37999981","11/16/2023"
"11005","Russia","Russia","151 Ural-43206","destroyed","https://i.postimg.cc/sDzSJR6r/1013-ural-43206-destr.jpg","2023-11-16",379,9999,1,"7-37999991","11/16/2023"
"11006","Russia","Russia","151 Ural-43206","destroyed","https://i.postimg.cc/7Z22YKY8/1007-Ural-43206-destr.jpg","2023-11-16",379,10000,1,"7-379100001","11/16/2023"
"11007","Russia","Russia","151 Ural-43206","destroyed","https://i.postimg.cc/pTrwThX7/1010-Ural-43206-destr-22-11.jpg","2023-11-16",379,10001,1,"7-379100011","11/16/2023"
"11008","Russia","Russia","151 Ural-43206","destroyed","https://i.postimg.cc/sXSPh2Wn/2022-04-27-Ural-43206-destroyed.jpg","2023-11-16",379,10002,1,"7-379100021","11/16/2023"
"11009","Russia","Russia","151 Ural-43206","destroyed","https://i.postimg.cc/6574Gnc0/2022-07-06-Ural-43206-destroyed-x3-Lukashivka.jpg","2023-11-16",379,10003,1,"7-379100031","11/16/2023"
"11010","Russia","Russia","151 Ural-43206","destroyed","https://i.postimg.cc/6574Gnc0/2022-07-06-Ural-43206-destroyed-x3-Lukashivka.jpg","2023-11-16",379,10003,1,"7-379100031","11/16/2023"
"11011","Russia","Russia","151 Ural-43206","destroyed","https://i.postimg.cc/6574Gnc0/2022-07-06-Ural-43206-destroyed-x3-Lukashivka.jpg","2023-11-16",379,10003,1,"7-379100031","11/16/2023"
"11012","Russia","Russia","151 Ural-43206","destroyed","https://i.postimg.cc/BZBKx3z2/1018-Ural-43206-destr.jpg","2023-11-16",379,10004,1,"7-379100041","11/16/2023"
"11013","Russia","Russia","151 Ural-43206","destroyed","https://i.postimg.cc/QMQCH4b9/1009-ural4320-and-ural43206-destr.jpg","2023-11-16",379,9414,1,"7-37994141","11/16/2023"
"11014","Russia","Russia","151 Ural-43206","destroyed","https://i.postimg.cc/GtHbJqkj/1017-Ural-43206-destr.jpg","2023-11-16",379,10005,1,"7-379100051","11/16/2023"
"11015","Russia","Russia","151 Ural-43206","destroyed","https://i.postimg.cc/Bvhv4tFJ/1004-ural43206-destr.jpg","2023-11-16",379,10006,1,"7-379100061","11/16/2023"
"11016","Russia","Russia","151 Ural-43206","destroyed","https://i.postimg.cc/bwDNrMsK/1051-Ural-43206-destr-02-04-23.jpg","2023-11-16",379,10007,1,"7-379100071","11/16/2023"
"11017","Russia","Russia","151 Ural-43206","destroyed","https://i.postimg.cc/sxryZdqW/h9.png","2023-11-16",379,10008,1,"7-379100081","11/16/2023"
"11018","Russia","Russia","151 Ural-43206","destroyed","https://i.postimg.cc/pXcgNdLS/1002-ural43206-destr-30-12-22.jpg","2023-11-16",379,10009,1,"7-379100091","11/16/2023"
"11019","Russia","Russia","151 Ural-43206","destroyed","https://i.postimg.cc/cHGw9X4D/1009-Ural-43206-destr-23-12-22.jpg","2023-11-16",379,10010,1,"7-379100101","11/16/2023"
"11020","Russia","Russia","151 Ural-43206","destroyed","https://i.postimg.cc/QNPZ4Qkd/1021-Ural-43206-destr-30-01-23.jpg","2023-11-16",379,10011,1,"7-379100111","11/16/2023"
"11021","Russia","Russia","151 Ural-43206","destroyed","https://i.postimg.cc/RhYRCg8L/1033-Ural-43206-destr-01-03-22.jpg","2023-11-16",379,10012,1,"7-379100121","11/16/2023"
"11022","Russia","Russia","151 Ural-43206","destroyed","https://i.postimg.cc/XNG1G5XQ/1001-ural43206-destr-10-02-23.jpg","2023-11-16",379,10013,1,"7-379100131","11/16/2023"
"11023","Russia","Russia","151 Ural-43206","destroyed","https://i.postimg.cc/0N5pkJcT/1013-ural4320-and-Ural43206-destr-13-02-23.jpg","2023-11-16",379,6955,1,"7-37969551","11/16/2023"
"11024","Russia","Russia","151 Ural-43206","destroyed","https://i.postimg.cc/W1jSBC8w/b2.jpg","2023-11-16",379,10014,1,"7-379100141","11/16/2023"
"11025","Russia","Russia","151 Ural-43206","destroyed","https://i.postimg.cc/W4LKX7cS/270.png","2023-11-16",379,10015,1,"7-379100151","11/16/2023"
"11026","Russia","Russia","151 Ural-43206","destroyed","https://i.postimg.cc/26gywvmv/5544.png","2023-11-16",379,10016,1,"7-379100161","11/16/2023"
"11027","Russia","Russia","151 Ural-43206","destroyed","https://i.postimg.cc/ryZYvny5/1004-ural43206-destr-17-03-23.jpg","2023-11-16",379,10017,1,"7-379100171","11/16/2023"
"11028","Russia","Russia","151 Ural-43206","destroyed","https://i.postimg.cc/FsdN0MMN/1001-Ural-43206-destr-05-05-23.jpg","2023-11-16",379,10018,1,"7-379100181","11/16/2023"
"11029","Russia","Russia","151 Ural-43206","destroyed","https://i.postimg.cc/QdXHf1WP/1010-ural43206-destr-01-05-23.jpg","2023-11-16",379,10019,1,"7-379100191","11/16/2023"
"11030","Russia","Russia","151 Ural-43206","destroyed","https://i.postimg.cc/cCB0DFFP/1001-Ural-43206-destr-26-05-23.jpg","2023-11-16",379,10020,1,"7-379100201","11/16/2023"
"11031","Russia","Russia","151 Ural-43206","destroyed","https://i.postimg.cc/dQ2st0Jn/1002-Ural-43206-destr-26-05-23.jpg","2023-11-16",379,10021,1,"7-379100211","11/16/2023"
"11032","Russia","Russia","151 Ural-43206","destroyed","https://i.postimg.cc/L5cmJvr7/1009-Ural-43206-destr-29-05-23.jpg","2023-11-16",379,10022,1,"7-379100221","11/16/2023"
"11033","Russia","Russia","151 Ural-43206","destroyed","https://i.postimg.cc/HsFbpn5z/1011-Ural-43206-destr-14-06-23.jpg","2023-11-16",379,10023,1,"7-379100231","11/16/2023"
"11034","Russia","Russia","151 Ural-43206","destroyed","https://i.postimg.cc/mktF4WgK/1026-Ural-43206-destr-16-06-23.jpg","2023-11-16",379,10024,1,"7-379100241","11/16/2023"
"11035","Russia","Russia","151 Ural-43206","destroyed","https://i.postimg.cc/C58jY9w6/1011-Ural-43206-destr-30-05-22.jpg","2023-11-16",379,10025,1,"7-379100251","11/16/2023"
"11036","Russia","Russia","151 Ural-43206","destroyed","https://i.postimg.cc/Bn4x9hkM/1022-Ural-43206-destr-31-08-22.jpg","2023-11-16",379,10026,1,"7-379100261","11/16/2023"
"11037","Russia","Russia","151 Ural-43206","destroyed","https://i.postimg.cc/wBxcJWk7/1017-Ural-4320-with-Zu23-2-destr-06-07-23.jpg","2023-11-16",379,10027,1,"7-379100271","11/16/2023"
"11038","Russia","Russia","151 Ural-43206","destroyed","https://i.postimg.cc/FRdHjmK3/1017-Ural-43206-destr-28-02-23.jpg","2023-11-16",379,10028,1,"7-379100281","11/16/2023"
"11039","Russia","Russia","151 Ural-43206","destroyed","https://i.postimg.cc/DyKwb934/1037-Ural-43206-destr-29-06-23.jpg","2023-11-16",379,10029,1,"7-379100291","11/16/2023"
"11040","Russia","Russia","151 Ural-43206","destroyed","https://i.postimg.cc/NFnGYPN0/1022-ural4320-destr-26-07-23.jpg","2023-11-16",379,10030,1,"7-379100301","11/16/2023"
"11041","Russia","Russia","151 Ural-43206","destroyed","https://i.postimg.cc/YSK3sRgv/1006-Ural-43206-destr-26-07-23.jpg","2023-11-16",379,10031,1,"7-379100311","11/16/2023"
"11042","Russia","Russia","151 Ural-43206","destroyed","https://i.postimg.cc/Ssy65NSB/332.png","2023-11-16",379,10032,1,"7-379100321","11/16/2023"
"11043","Russia","Russia","151 Ural-43206","destroyed","https://twitter.com/UAWeapons/status/1698434234090713553","2023-11-16",379,10033,1,"7-379100331","11/16/2023"
"11044","Russia","Russia","151 Ural-43206","destroyed","https://i.postimg.cc/vZBtS987/4453.png","2023-11-16",379,10034,1,"7-379100341","11/16/2023"
"11045","Russia","Russia","151 Ural-43206","destroyed","https://i.postimg.cc/yNxfLwnc/358.png","2023-11-16",379,10035,1,"7-379100351","11/16/2023"
"11046","Russia","Russia","151 Ural-43206","destroyed","https://i.postimg.cc/85541gtN/353.png","2023-11-16",379,10036,1,"7-379100361","11/16/2023"
"11047","Russia","Russia","151 Ural-43206","destroyed","https://i.postimg.cc/LsyMwjVR/3299.png","2023-11-16",379,10037,1,"7-379100371","11/16/2023"
"11048","Russia","Russia","151 Ural-43206","destroyed","https://i.postimg.cc/L6h9kvsK/322.png","2023-11-16",379,10038,1,"7-379100381","11/16/2023"
"11049","Russia","Russia","151 Ural-43206","destroyed","https://i.postimg.cc/QxnTxCc6/1038-Ural-43206-destr-18-06-23.jpg","2023-11-16",379,10039,1,"7-379100391","11/16/2023"
"11050","Russia","Russia","151 Ural-43206","destroyed","https://i.postimg.cc/Fz2Q7kcS/1030-Ural-43206-destr-05-10-23.jpg","2023-11-16",379,10040,1,"7-379100401","11/16/2023"
"11051","Russia","Russia","151 Ural-43206","destroyed","https://i.postimg.cc/13dSgxTT/1040-Ural-43206-destr-10-10-23.jpg","2023-11-16",379,10041,1,"7-379100411","11/16/2023"
"11052","Russia","Russia","151 Ural-43206","destroyed","https://i.postimg.cc/pV5SCWSx/1006-ural43206-destr-28-10-23.jpg","2023-11-16",379,10042,1,"7-379100421","11/16/2023"
"11053","Russia","Russia","151 Ural-43206","damaged","https://twitter.com/Danspiun/status/1648806156951863306","2023-11-16",379,10043,2,"7-379100432","11/16/2023"
"11054","Russia","Russia","151 Ural-43206","damaged","https://i.postimg.cc/Y0SHCX1p/1073-Ural-43206-dam-08-09-23.jpg","2023-11-16",379,10044,2,"7-379100442","11/16/2023"
"11055","Russia","Russia","151 Ural-43206","damaged","https://i.postimg.cc/L5TLJxZ8/5788.jpg","2023-11-16",379,10045,2,"7-379100452","11/16/2023"
"11056","Russia","Russia","151 Ural-43206","abandoned","https://i.postimg.cc/L5TLJxZ8/5788.jpg","2023-11-16",379,10045,4,"7-379100454","11/16/2023"
"11057","Russia","Russia","151 Ural-43206","damaged","https://i.postimg.cc/R0QNMfTp/1141-Ural-43206-abandoned-and-damaged.jpg","2023-11-16",379,10046,2,"7-379100462","11/16/2023"
"11058","Russia","Russia","151 Ural-43206","abandoned","https://i.postimg.cc/R0QNMfTp/1141-Ural-43206-abandoned-and-damaged.jpg","2023-11-16",379,10046,4,"7-379100464","11/16/2023"
"11059","Russia","Russia","151 Ural-43206","abandoned","https://i.postimg.cc/k4x56Cb5/Screenshot-8409.png","2023-11-16",379,10047,4,"7-379100474","11/16/2023"
"11060","Russia","Russia","151 Ural-43206","damaged","https://i.postimg.cc/9F3SwNRP/1007-ural43206.jpg","2023-11-16",379,10048,2,"7-379100482","11/16/2023"
"11061","Russia","Russia","151 Ural-43206","captured","https://i.postimg.cc/9F3SwNRP/1007-ural43206.jpg","2023-11-16",379,10048,3,"7-379100483","11/16/2023"
"11062","Russia","Russia","151 Ural-43206","captured","https://i.postimg.cc/D0q051ZQ/g788.png","2023-11-16",379,10049,3,"7-379100493","11/16/2023"
"11063","Russia","Russia","151 Ural-43206","captured","https://i.postimg.cc/vm6DrVLL/h79.jpg","2023-11-16",379,10050,3,"7-379100503","11/16/2023"
"11064","Russia","Russia","151 Ural-43206","captured","https://i.postimg.cc/LsWQyqd4/g59.png","2023-11-16",379,10051,3,"7-379100513","11/16/2023"
"11065","Russia","Russia","151 Ural-43206","captured","https://i.postimg.cc/9M7vtJW2/e12.png","2023-11-16",379,10052,3,"7-379100523","11/16/2023"
"11066","Russia","Russia","151 Ural-43206","captured","https://i.postimg.cc/jdJ9qN6J/f4.png","2023-11-16",379,10053,3,"7-379100533","11/16/2023"
"11067","Russia","Russia","151 Ural-43206","captured","https://i.postimg.cc/52Wv0qgD/43fhj.png","2023-11-16",379,10054,3,"7-379100543","11/16/2023"
"11068","Russia","Russia","151 Ural-43206","captured","https://i.postimg.cc/yxcnKznt/d32.png","2023-11-16",379,10055,3,"7-379100553","11/16/2023"
"11069","Russia","Russia","151 Ural-43206","captured","https://i.postimg.cc/90LzwR41/68.jpg","2023-11-16",379,10056,3,"7-379100563","11/16/2023"
"11070","Russia","Russia","151 Ural-43206","captured","https://i.postimg.cc/vTfzhY3Y/u7.jpg","2023-11-16",379,10057,3,"7-379100573","11/16/2023"
"11071","Russia","Russia","151 Ural-43206","captured","https://i.postimg.cc/g0MJ0bQM/q.jpg","2023-11-16",379,10058,3,"7-379100583","11/16/2023"
"11072","Russia","Russia","151 Ural-43206","captured","https://i.postimg.cc/x8R5wFRn/44444.jpg","2023-11-16",379,9823,3,"7-37998233","11/16/2023"
"11073","Russia","Russia","151 Ural-43206","captured","https://i.postimg.cc/yYj8Bk3k/1022-Ural-43206.png","2023-11-16",379,10059,3,"7-379100593","11/16/2023"
"11074","Russia","Russia","151 Ural-43206","captured","https://i.postimg.cc/1tKdVdV7/1015-Ural-43206-capt-24-12-22.jpg","2023-11-16",379,10060,3,"7-379100603","11/16/2023"
"11075","Russia","Russia","151 Ural-43206","captured","https://i.postimg.cc/ZKHxv1VF/d12.png","2023-11-16",379,10061,3,"7-379100613","11/16/2023"
"11076","Russia","Russia","151 Ural-43206","captured","https://i.postimg.cc/pdjsnMg9/c1.png","2023-11-16",379,10062,3,"7-379100623","11/16/2023"
"11077","Russia","Russia","151 Ural-43206","captured","https://i.postimg.cc/pTWyyTGW/1142-Ural-43206-captured.jpg","2023-11-16",379,10063,3,"7-379100633","11/16/2023"
"11078","Russia","Russia","151 Ural-43206","captured","https://i.postimg.cc/1tZJGYQv/c2.png","2023-11-16",379,10064,3,"7-379100643","11/16/2023"
"11079","Russia","Russia","151 Ural-43206","captured","https://i.postimg.cc/MKxHdbD5/1007-ural-43206.jpg","2023-11-16",379,10065,3,"7-379100653","11/16/2023"
"11080","Russia","Russia","151 Ural-43206","captured","https://i.postimg.cc/4xTDmwy5/Screenshot-8474.png","2023-11-16",379,10066,3,"7-379100663","11/16/2023"
"11081","Russia","Russia","151 Ural-43206","captured","https://i.postimg.cc/V6TWTXc8/1165-Ural-43206.jpg","2023-11-16",379,10067,3,"7-379100673","11/16/2023"
"11082","Russia","Russia","151 Ural-43206","captured","https://i.postimg.cc/htbzRKg3/1166-Ural-43206.jpg","2023-11-16",379,10068,3,"7-379100683","11/16/2023"
"11083","Russia","Russia","151 Ural-43206","captured","https://twitter.com/UAWeapons/status/1568641127577751553","2023-11-16",379,9734,3,"7-37997343","11/16/2023"
"11084","Russia","Russia","151 Ural-43206","captured","https://i.postimg.cc/Bvr4Dqdt/j46.png","2023-11-16",379,10069,3,"7-379100693","11/16/2023"
"11085","Russia","Russia","151 Ural-43206","captured","https://i.postimg.cc/TPkx2pw3/2022-09-15-Ural-43206.png","2023-11-16",379,10070,3,"7-379100703","11/16/2023"
"11086","Russia","Russia","151 Ural-43206","captured","https://i.postimg.cc/WzByPxtK/1010-ural4320.jpg","2023-11-16",379,10071,3,"7-379100713","11/16/2023"
"11087","Russia","Russia","151 Ural-43206","captured","https://i.postimg.cc/HxQDqpw4/2022-09-13-Ural-43206-2.jpg","2023-11-16",379,10072,3,"7-379100723","11/16/2023"
"11088","Russia","Russia","151 Ural-43206","captured","https://i.postimg.cc/Z56ZJdHb/1043-Ural-43206-capt.jpg","2023-11-16",379,10073,3,"7-379100733","11/16/2023"
"11089","Russia","Russia","151 Ural-43206","captured","https://i.postimg.cc/pTQMTypz/1007-Ural-43206-capt.jpg","2023-11-16",379,10074,3,"7-379100743","11/16/2023"
"11090","Russia","Russia","151 Ural-43206","damaged","https://i.postimg.cc/vm3ZFwDP/1008-ural43206-dam-capt.jpg","2023-11-16",379,10075,2,"7-379100752","11/16/2023"
"11091","Russia","Russia","151 Ural-43206","captured","https://i.postimg.cc/vm3ZFwDP/1008-ural43206-dam-capt.jpg","2023-11-16",379,10075,3,"7-379100753","11/16/2023"
"11092","Russia","Russia","151 Ural-43206","captured","https://i.postimg.cc/3xzxBsDb/1008-ural4320-capt.jpg","2023-11-16",379,10076,3,"7-379100763","11/16/2023"
"11093","Russia","Russia","151 Ural-43206","damaged","https://i.postimg.cc/3xKn0s3B/1003-Ural-43206-dam-capt.jpg","2023-11-16",379,10077,2,"7-379100772","11/16/2023"
"11094","Russia","Russia","151 Ural-43206","captured","https://i.postimg.cc/3xKn0s3B/1003-Ural-43206-dam-capt.jpg","2023-11-16",379,10077,3,"7-379100773","11/16/2023"
"11095","Russia","Russia","151 Ural-43206","captured","https://i.postimg.cc/s2jFk0F3/1009-Ural-43206-capt-02-06.jpg","2023-11-16",379,10078,3,"7-379100783","11/16/2023"
"11096","Russia","Russia","151 Ural-43206","captured","https://i.postimg.cc/8zJ7sktD/1014-ural43206-capt-10-09-22.jpg","2023-11-16",379,10079,3,"7-379100793","11/16/2023"
"11097","Russia","Russia","Ural Federal","destroyed","https://postimg.cc/YvcvvC98","2023-11-16",380,10080,1,"7-380100801","11/16/2023"
"11098","Russia","Russia","Ural Federal","destroyed","https://i.postimg.cc/R0338kTX/b90.png","2023-11-16",380,10081,1,"7-380100811","11/16/2023"
"11099","Russia","Russia","Ural Federal","destroyed","https://i.postimg.cc/3JGxN84G/58.png","2023-11-16",380,10082,1,"7-380100821","11/16/2023"
"11100","Russia","Russia","Ural Federal","destroyed","https://i.postimg.cc/RVDSn5T2/f1f.png","2023-11-16",380,10083,1,"7-380100831","11/16/2023"
"11101","Russia","Russia","Ural Federal","destroyed","https://i.postimg.cc/j57VDGnk/at2.jpg","2023-11-16",380,10084,1,"7-380100841","11/16/2023"
"11102","Russia","Russia","Ural Federal","destroyed","https://i.postimg.cc/XJ6nn7Vp/52.jpg","2023-11-16",380,10085,1,"7-380100851","11/16/2023"
"11103","Russia","Russia","Ural Federal","destroyed","https://i.postimg.cc/8PWNKXPH/1001-ural-federal.jpg","2023-11-16",380,10086,1,"7-380100861","11/16/2023"
"11104","Russia","Russia","Ural Federal","destroyed","https://postimg.cc/YvjdC8vQ","2023-11-16",380,10087,1,"7-380100871","11/16/2023"
"11105","Russia","Russia","Ural Federal","destroyed","https://i.postimg.cc/QdLD721D/1005-Ural-Federal.jpg","2023-11-16",380,10088,1,"7-380100881","11/16/2023"
"11106","Russia","Russia","Ural Federal","destroyed","https://i.postimg.cc/15FDsp55/1008-Ural-Federal.jpg","2023-11-16",380,10089,1,"7-380100891","11/16/2023"
"11107","Russia","Russia","Ural Federal","destroyed","https://twitter.com/UAWeapons/status/1568344642105532418","2023-11-16",380,10090,1,"7-380100901","11/16/2023"
"11108","Russia","Russia","Ural Federal","destroyed","https://twitter.com/Danspiun/status/1575256768392957953","2023-11-16",380,10091,1,"7-380100911","11/16/2023"
"11109","Russia","Russia","Ural Federal","destroyed","https://i.postimg.cc/dQjm0znW/2022-09-15-Ural-Federal.jpg","2023-11-16",380,9327,1,"7-38093271","11/16/2023"
"11110","Russia","Russia","Ural Federal","destroyed","https://i.postimg.cc/ZKNRHnfd/Ural-Federal-destroyed-Kharkiv-region.png","2023-11-16",380,10092,1,"7-380100921","11/16/2023"
"11111","Russia","Russia","Ural Federal","destroyed","https://i.postimg.cc/yxndky9S/10-27-2022-Ural-4320-Zvezda-V-destroyed.png","2023-11-16",380,10093,1,"7-380100931","11/16/2023"
"11112","Russia","Russia","Ural Federal","destroyed","https://i.postimg.cc/Gtzg1ZwB/11-16-2022-Ural-Federal-destroyed.jpg","2023-11-16",380,10094,1,"7-380100941","11/16/2023"
"11113","Russia","Russia","Ural Federal","destroyed","https://i.postimg.cc/W4wqmWTg/2022-03-03-Ural-4320-Ural-Federal-destroyed-Hostomel-Airport.png","2023-11-16",380,9399,1,"7-38093991","11/16/2023"
"11114","Russia","Russia","Ural Federal","destroyed","https://i.postimg.cc/vTThdJPm/1024-ural-federal-destr-04-02-23.jpg","2023-11-16",380,10095,1,"7-380100951","11/16/2023"
"11115","Russia","Russia","Ural Federal","destroyed","https://i.postimg.cc/4y66SKk1/1300-ural-federal-01-03-22.jpg","2023-11-16",380,10096,1,"7-380100961","11/16/2023"
"11116","Russia","Russia","Ural Federal","destroyed","https://i.postimg.cc/hjGnRCdm/1038-ural-federal-destr-16-02-23.jpg","2023-11-16",380,10097,1,"7-380100971","11/16/2023"
"11117","Russia","Russia","Ural Federal","captured","https://i.postimg.cc/kgyJBXRg/54.jpg","2023-11-16",380,10098,3,"7-380100983","11/16/2023"
"11118","Russia","Russia","Ural Federal","captured","https://i.postimg.cc/8zRv7PLY/68.jpg","2023-11-16",380,10099,3,"7-380100993","11/16/2023"
"11119","Russia","Russia","Ural Federal","captured","https://postimg.cc/4nNVGy79","2023-11-16",380,10100,3,"7-380101003","11/16/2023"
"11120","Russia","Russia","Ural Federal","captured","https://i.postimg.cc/dV3Dkbgw/b8.png","2023-11-16",380,10101,3,"7-380101013","11/16/2023"
"11121","Russia","Russia","Ural Federal","captured","https://twitter.com/UAWeapons/status/1576838844020051968","2023-11-16",380,10102,3,"7-380101023","11/16/2023"
"11122","Russia","Russia","Ural Federal","captured","https://i.postimg.cc/yYDS2hQ2/8.png","2023-11-16",380,10103,3,"7-380101033","11/16/2023"
"11123","Russia","Russia","Ural Federal","captured","https://i.postimg.cc/d3qPTvyX/1027-ural-federal-capt.jpg","2023-11-16",380,10104,3,"7-380101043","11/16/2023"
"11124","Russia","Russia","6 Ural-5323","destroyed","https://postlmg.cc/FfjPwQsf","2023-11-16",381,10105,1,"7-381101051","11/16/2023"
"11125","Russia","Russia","6 Ural-5323","destroyed","https://i.postimg.cc/13kfFxjF/1008-kamaz6x6-destr-16-02-23.jpg","2023-11-16",381,10106,1,"7-381101061","11/16/2023"
"11126","Russia","Russia","6 Ural-5323","destroyed","https://i.postimg.cc/DydyQx7j/1019-Ural-5323-destr-31-08-22.jpg","2023-11-16",381,10107,1,"7-381101071","11/16/2023"
"11127","Russia","Russia","6 Ural-5323","captured","https://i.postimg.cc/tJKfr2qn/Ural88.png","2023-11-16",381,10108,3,"7-381101083","11/16/2023"
"11128","Russia","Russia","6 Ural-5323","captured","https://i.postimg.cc/cL0TQby9/2vl-TLGn-jpg-medium.jpg","2023-11-16",381,10109,3,"7-381101093","11/16/2023"
"11129","Russia","Russia","6 Ural-5323","captured","https://i.postimg.cc/FF0MdKkj/1013-Ural-53236-capt-15-01-23.jpg","2023-11-16",381,10110,3,"7-381101103","11/16/2023"
"11130","Russia","Russia","14 Ural-63704-0010 Tornado-U","destroyed","https://twitter.com/UAWeapons/status/1557364322963263488","2023-11-16",382,10111,1,"7-382101111","11/16/2023"
"11131","Russia","Russia","14 Ural-63704-0010 Tornado-U","destroyed","https://i.postimg.cc/2yRYfDS7/1001-Ural-Tornado-U-destr.jpg","2023-11-16",382,10112,1,"7-382101121","11/16/2023"
"11132","Russia","Russia","14 Ural-63704-0010 Tornado-U","destroyed","https://postlmg.cc/QFCFTbj3","2023-11-16",382,10113,1,"7-382101131","11/16/2023"
"11133","Russia","Russia","14 Ural-63704-0010 Tornado-U","destroyed","https://i.postimg.cc/xT8FKPfG/1034-Ural-63704-0010-Tornado-U-destr-17-05-23.jpg","2023-11-16",382,10114,1,"7-382101141","11/16/2023"
"11134","Russia","Russia","14 Ural-63704-0010 Tornado-U","destroyed","https://i.postimg.cc/J7DK7NvG/1042-Ural-63704-0010-Tornado-U-destr-31-10-22.jpg","2023-11-16",382,10115,1,"7-382101151","11/16/2023"
"11135","Russia","Russia","14 Ural-63704-0010 Tornado-U","destroyed","https://i.postimg.cc/L59LPMQr/314.png","2023-11-16",382,10116,1,"7-382101161","11/16/2023"
"11136","Russia","Russia","14 Ural-63704-0010 Tornado-U","damaged","https://twitter.com/UAWeapons/status/1572671983057510400","2023-11-16",382,1378,2,"7-38213782","11/16/2023"
"11137","Russia","Russia","14 Ural-63704-0010 Tornado-U","abandoned","https://i.postimg.cc/Y0JH8vN0/79.png","2023-11-16",382,10117,4,"7-382101174","11/16/2023"
"11138","Russia","Russia","14 Ural-63704-0010 Tornado-U","captured","https://i.postimg.cc/bYkDHVSd/f6.png","2023-11-16",382,10118,3,"7-382101183","11/16/2023"
"11139","Russia","Russia","14 Ural-63704-0010 Tornado-U","captured","https://i.postimg.cc/BQgLTBWY/665.jpg","2023-11-16",382,10119,3,"7-382101193","11/16/2023"
"11140","Russia","Russia","14 Ural-63704-0010 Tornado-U","captured","https://i.postimg.cc/7hYc1SBr/1003-tornado.jpg","2023-11-16",382,10120,3,"7-382101203","11/16/2023"
"11141","Russia","Russia","14 Ural-63704-0010 Tornado-U","damaged","https://twitter.com/UAWeapons/status/1568628787457433600","2023-11-16",382,10121,2,"7-382101212","11/16/2023"
"11142","Russia","Russia","14 Ural-63704-0010 Tornado-U","captured","https://twitter.com/UAWeapons/status/1568628787457433600","2023-11-16",382,10121,3,"7-382101213","11/16/2023"
"11143","Russia","Russia","14 Ural-63704-0010 Tornado-U","captured","https://i.postimg.cc/sfcY995s/1030-ural-tornado-u.jpg","2023-11-16",382,10122,3,"7-382101223","11/16/2023"
"11144","Russia","Russia","Ural-542301 tank transporter","abandoned","https://i.postimg.cc/63s3pqTS/Screenshot-8407.png","2023-11-16",383,10123,4,"7-383101234","11/16/2023"
"11145","Russia","Russia","Ural-542301 tank transporter","captured","https://postimg.cc/jLhDtfSK","2023-11-16",383,10124,3,"7-383101243","11/16/2023"
"11146","Russia","Russia","1 Ural-63501-AT","destroyed","https://i.postimg.cc/G223KZ5R/1022-Ural-63501-AT-destr-06-06-23.jpg","2023-11-16",384,10125,1,"7-384101251","11/16/2023"
"11147","Russia","Soviet Union","MAZ TZ-500 tanker","destroyed","https://i.postimg.cc/CKjxBjNC/667.jpg","2023-11-16",385,10126,1,"7-385101261","11/16/2023"
"11148","Russia","Soviet Union","MAZ TZ-500 tanker","destroyed","https://i.postimg.cc/y8SLXy7c/1033-MAZ-TZ-500-fuel-tanker-destr-19-02-23.jpg","2023-11-16",385,10127,1,"7-385101271","11/16/2023"
"11149","Russia","Soviet Union","MAZ TZ-500 tanker","destroyed","https://i.postimg.cc/QM1nskPh/1034-MAZ-TZ-500-fuel-tanker-destr-19-02-23.jpg","2023-11-16",385,10128,1,"7-385101281","11/16/2023"
"11150","Russia","Belarus","MAZ 531605 tanker","destroyed","https://i.postimg.cc/vHjJ3pHB/2442.png","2023-11-16",386,10129,1,"7-386101291","11/16/2023"
"11151","Russia","Russia","30 KamAZ 4x4","destroyed","https://i.postimg.cc/rFmHxYZQ/h0.png","2023-11-16",387,10130,1,"7-387101301","11/16/2023"
"11152","Russia","Russia","30 KamAZ 4x4","destroyed","https://i.postimg.cc/k56F4gkW/3dg0.png","2023-11-16",387,6769,1,"7-38767691","11/16/2023"
"11153","Russia","Russia","30 KamAZ 4x4","destroyed","https://i.postimg.cc/Yq8XDRGx/f3.png","2023-11-16",387,10131,1,"7-387101311","11/16/2023"
"11154","Russia","Russia","30 KamAZ 4x4","destroyed","https://i.postimg.cc/x1qHL8zR/1035.jpg","2023-11-16",387,10132,1,"7-387101321","11/16/2023"
"11155","Russia","Russia","30 KamAZ 4x4","destroyed","https://i.postimg.cc/GpyySfzT/1036.jpg","2023-11-16",387,10133,1,"7-387101331","11/16/2023"
"11156","Russia","Russia","30 KamAZ 4x4","destroyed","https://i.postimg.cc/RZQSmz11/1051-Kam-AZ-4x4.jpg","2023-11-16",387,10134,1,"7-387101341","11/16/2023"
"11157","Russia","Russia","30 KamAZ 4x4","destroyed","https://i.postimg.cc/jdXvWNHK/2022-09-15-Kam-AZ-4x4.png","2023-11-16",387,10135,1,"7-387101351","11/16/2023"
"11158","Russia","Russia","30 KamAZ 4x4","destroyed","https://i.postimg.cc/Bnnp26pF/2022-09-15-Kam-AZ-Bridge.png","2023-11-16",387,6829,1,"7-38768291","11/16/2023"
"11159","Russia","Russia","30 KamAZ 4x4","destroyed","https://twitter.com/UAWeapons/status/1591128135848058881","2023-11-16",387,1408,1,"7-38714081","11/16/2023"
"11160","Russia","Russia","30 KamAZ 4x4","destroyed","https://i.postimg.cc/xCSxjbVv/1007-kamaz6x6-destr.jpg","2023-11-16",387,10136,1,"7-387101361","11/16/2023"
"11161","Russia","Russia","30 KamAZ 4x4","destroyed","https://i.postimg.cc/ryh7NYTH/1037-kamaz-4x4-destr.jpg","2023-11-16",387,10137,1,"7-387101371","11/16/2023"
"11162","Russia","Russia","30 KamAZ 4x4","destroyed","https://i.postimg.cc/LXqZVD8V/1004-kamaz4x4-destr.jpg","2023-11-16",387,10138,1,"7-387101381","11/16/2023"
"11163","Russia","Russia","30 KamAZ 4x4","destroyed","https://i.postimg.cc/kGsPnCwD/549.png","2023-11-16",387,10139,1,"7-387101391","11/16/2023"
"11164","Russia","Russia","30 KamAZ 4x4","destroyed","https://i.postimg.cc/gJFvd02Q/1033-Kam-AZ-43501-destr-16-11-22.jpg","2023-11-16",387,10140,1,"7-387101401","11/16/2023"
"11165","Russia","Russia","30 KamAZ 4x4","destroyed","https://i.postimg.cc/t4qpNgDR/1023-kamaz6x6-destr-16-01-23.jpg","2023-11-16",387,10141,1,"7-387101411","11/16/2023"
"11166","Russia","Russia","30 KamAZ 4x4","destroyed","https://i.postimg.cc/prZ4DJRP/1003-kamaz4x4-destr-10-02-23.jpg","2023-11-16",387,10142,1,"7-387101421","11/16/2023"
"11167","Russia","Russia","30 KamAZ 4x4","destroyed","https://i.postimg.cc/3RsbKL92/7764.png","2023-11-16",387,10143,1,"7-387101431","11/16/2023"
"11168","Russia","Russia","30 KamAZ 4x4","destroyed","https://i.postimg.cc/R0Z3FqQ0/1010-kamaz4x4-destr-22-08-22.png","2023-11-16",387,10144,1,"7-387101441","11/16/2023"
"11169","Russia","Russia","30 KamAZ 4x4","destroyed","https://i.postimg.cc/1zPJF2QC/1005-kamaz6x6-destr-22-05-23.jpg","2023-11-16",387,10145,1,"7-387101451","11/16/2023"
"11170","Russia","Russia","30 KamAZ 4x4","destroyed","https://i.postimg.cc/RZ67mGN5/1025-Kam-AZ-4x4-destr-14-08-23.jpg","2023-11-16",387,10146,1,"7-387101461","11/16/2023"
"11171","Russia","Russia","30 KamAZ 4x4","destroyed","https://i.postimg.cc/T3FFptHv/1041-kamaz6x6-destr-29-09-23.jpg","2023-11-16",387,10147,1,"7-387101471","11/16/2023"
"11172","Russia","Russia","30 KamAZ 4x4","destroyed","https://i.postimg.cc/jStSTrF8/1019-Kam-AZ-4x4-destr-07-10-23.jpg","2023-11-16",387,10148,1,"7-387101481","11/16/2023"
"11173","Russia","Russia","30 KamAZ 4x4","destroyed","https://i.postimg.cc/9FJChwBc/1002-kamaz4x4-destr-25-10-23.jpg","2023-11-16",387,10149,1,"7-387101491","11/16/2023"
"11174","Russia","Russia","30 KamAZ 4x4","abandoned","https://i.postimg.cc/65M1yk1T/4245.png","2023-11-16",387,10150,4,"7-387101504","11/16/2023"
"11175","Russia","Russia","30 KamAZ 4x4","captured","https://i.postimg.cc/15s6XY76/Screenshot-9011.png","2023-11-16",387,10151,3,"7-387101513","11/16/2023"
"11176","Russia","Russia","30 KamAZ 4x4","captured","https://i.postimg.cc/J7ZPd0Bh/478.png","2023-11-16",387,10152,3,"7-387101523","11/16/2023"
"11177","Russia","Russia","30 KamAZ 4x4","captured","https://i.postimg.cc/Bvh7ygDj/kamazzz.png","2023-11-16",387,10153,3,"7-387101533","11/16/2023"
"11178","Russia","Russia","30 KamAZ 4x4","captured","https://twitter.com/UAWeapons/status/1569229421495701507","2023-11-16",387,4468,3,"7-38744683","11/16/2023"
"11179","Russia","Russia","30 KamAZ 4x4","captured","https://i.postimg.cc/j2WLp18c/1005-kamaz6x6.jpg","2023-11-16",387,10154,3,"7-387101543","11/16/2023"
"11180","Russia","Russia","30 KamAZ 4x4","captured","https://i.postimg.cc/brtKf1n0/1006-kamaz4x4.jpg","2023-11-16",387,10155,3,"7-387101553","11/16/2023"
"11181","Russia","Russia","2 KamAZ 6x4","destroyed","https://i.postimg.cc/G2nw9WRQ/1008-kamaz6x4-destr-28-05-23.jpg","2023-11-16",388,10156,1,"7-388101561","11/16/2023"
"11182","Russia","Russia","2 KamAZ 6x4","captured","https://i.postimg.cc/d3QqTQKc/1066-Kam-AZ-6x4-capt-31-05-22.jpg","2023-11-16",388,10157,3,"7-388101573","11/16/2023"
"11183","Russia","Russia","903 KamAZ 6x6","destroyed","https://i.postimg.cc/TwqThWRp/8875.png","2023-11-16",389,10158,1,"7-389101581","11/16/2023"
"11184","Russia","Russia","903 KamAZ 6x6","destroyed","https://postimg.cc/G9KswLMf","2023-11-16",389,10159,1,"7-389101591","11/16/2023"
"11185","Russia","Russia","903 KamAZ 6x6","destroyed","https://i.postimg.cc/CxhFS76S/1103-kamaz-2x.jpg","2023-11-16",389,9299,1,"7-38992991","11/16/2023"
"11186","Russia","Russia","903 KamAZ 6x6","destroyed","https://i.postimg.cc/26rzdvFN/m8.png","2023-11-16",389,10160,1,"7-389101601","11/16/2023"
"11187","Russia","Russia","903 KamAZ 6x6","destroyed","https://i.postimg.cc/K8dLcdtV/h0.png","2023-11-16",389,10161,1,"7-389101611","11/16/2023"
"11188","Russia","Russia","903 KamAZ 6x6","destroyed","https://i.postimg.cc/VvQXkvCs/1000.jpg","2023-11-16",389,10162,1,"7-389101621","11/16/2023"
"11189","Russia","Russia","903 KamAZ 6x6","destroyed","https://i.postimg.cc/RCKcb7kW/1002.jpg","2023-11-16",389,10163,1,"7-389101631","11/16/2023"
"11190","Russia","Russia","903 KamAZ 6x6","destroyed","https://i.postimg.cc/MpmpyDDG/Screenshot-8209.png","2023-11-16",389,10164,1,"7-389101641","11/16/2023"
"11191","Russia","Russia","903 KamAZ 6x6","destroyed","https://i.postimg.cc/jj8q1SB0/Screenshot-8210.png","2023-11-16",389,10165,1,"7-389101651","11/16/2023"
"11192","Russia","Russia","903 KamAZ 6x6","destroyed","https://i.postimg.cc/nzgFHwH3/Screenshot-8211.png","2023-11-16",389,10166,1,"7-389101661","11/16/2023"
"11193","Russia","Russia","903 KamAZ 6x6","destroyed","https://postimg.cc/PvG7gwYj","2023-11-16",389,10167,1,"7-389101671","11/16/2023"
"11194","Russia","Russia","903 KamAZ 6x6","destroyed","https://i.postimg.cc/dQmFbzNj/6888.png","2023-11-16",389,10168,1,"7-389101681","11/16/2023"
"11195","Russia","Russia","903 KamAZ 6x6","destroyed","https://i.postimg.cc/zfp7Rm55/Screenshot-8276.png","2023-11-16",389,10169,1,"7-389101691","11/16/2023"
"11196","Russia","Russia","903 KamAZ 6x6","destroyed","https://i.postimg.cc/nrMnttVL/7k.png","2023-11-16",389,10170,1,"7-389101701","11/16/2023"
"11197","Russia","Russia","903 KamAZ 6x6","destroyed","https://i.postimg.cc/gkPg5HgC/Screenshot-8289.png","2023-11-16",389,9096,1,"7-38990961","11/16/2023"
"11198","Russia","Russia","903 KamAZ 6x6","destroyed","https://postimg.cc/5QNwkNv8","2023-11-16",389,10171,1,"7-389101711","11/16/2023"
"11199","Russia","Russia","903 KamAZ 6x6","destroyed","https://i.postimg.cc/fbWjcG2p/1131-kamaz-3x.jpg","2023-11-16",389,10172,1,"7-389101721","11/16/2023"
"11200","Russia","Russia","903 KamAZ 6x6","destroyed","https://i.postimg.cc/hPqDmdpD/554.png","2023-11-16",389,10173,1,"7-389101731","11/16/2023"
"11201","Russia","Russia","903 KamAZ 6x6","destroyed","https://i.postimg.cc/3RKjWRVn/6657.png","2023-11-16",389,8225,1,"7-38982251","11/16/2023"
"11202","Russia","Russia","903 KamAZ 6x6","destroyed","https://i.postimg.cc/dVZtMRWY/4456.png","2023-11-16",389,10174,1,"7-389101741","11/16/2023"
"11203","Russia","Russia","903 KamAZ 6x6","destroyed","https://i.postimg.cc/1ttjTBH0/4455.png","2023-11-16",389,10175,1,"7-389101751","11/16/2023"
"11204","Russia","Russia","903 KamAZ 6x6","destroyed","https://i.postimg.cc/6Q0p7yrb/b7.jpg","2023-11-16",389,10176,1,"7-389101761","11/16/2023"
"11205","Russia","Russia","903 KamAZ 6x6","destroyed","https://i.postimg.cc/5Nr1Q5n6/35.jpg","2023-11-16",389,10177,1,"7-389101771","11/16/2023"
"11206","Russia","Russia","903 KamAZ 6x6","destroyed","https://i.postimg.cc/qMD6Br5C/1044.jpg","2023-11-16",389,10178,1,"7-389101781","11/16/2023"
"11207","Russia","Russia","903 KamAZ 6x6","destroyed","https://i.postimg.cc/wTzhKtz0/1001.jpg","2023-11-16",389,10179,1,"7-389101791","11/16/2023"
"11208","Russia","Russia","903 KamAZ 6x6","destroyed","https://twitter.com/naalsio26/status/1639413928630288388","2023-11-16",389,10180,1,"7-389101801","11/16/2023"
"11209","Russia","Russia","903 KamAZ 6x6","destroyed","https://i.postimg.cc/QCyv0S8p/6h55.png","2023-11-16",389,10181,1,"7-389101811","11/16/2023"
"11210","Russia","Russia","903 KamAZ 6x6","destroyed","https://i.postimg.cc/wBfFwpNT/6680.png","2023-11-16",389,9111,1,"7-38991111","11/16/2023"
"11211","Russia","Russia","903 KamAZ 6x6","destroyed","https://i.postimg.cc/zfSdmcc4/b00.jpg","2023-11-16",389,10182,1,"7-389101821","11/16/2023"
"11212","Russia","Russia","903 KamAZ 6x6","destroyed","https://i.postimg.cc/xC6t8bYR/b0.jpg","2023-11-16",389,10183,1,"7-389101831","11/16/2023"
"11213","Russia","Russia","903 KamAZ 6x6","destroyed","https://i.postimg.cc/9Fzcz1Vy/1024-Kamaz-6x6-with-ZU-23-2-destr-13-01-23.jpg","2023-11-16",389,10184,1,"7-389101841","11/16/2023"
"11214","Russia","Russia","903 KamAZ 6x6","destroyed","https://i.postimg.cc/SR3fZNw9/318.png","2023-11-16",389,10185,1,"7-389101851","11/16/2023"
"11215","Russia","Russia","903 KamAZ 6x6","destroyed","https://i.postimg.cc/XY1rcwrp/78.png","2023-11-16",389,10186,1,"7-389101861","11/16/2023"
"11216","Russia","Russia","903 KamAZ 6x6","destroyed","https://i.postimg.cc/SRc0ZRwz/a3.png","2023-11-16",389,10187,1,"7-389101871","11/16/2023"
"11217","Russia","Russia","903 KamAZ 6x6","destroyed","https://i.postimg.cc/rs5XkdbM/dd2.png","2023-11-16",389,10188,1,"7-389101881","11/16/2023"
"11218","Russia","Russia","903 KamAZ 6x6","destroyed","https://i.postimg.cc/W13WmFnz/d1s.png","2023-11-16",389,10189,1,"7-389101891","11/16/2023"
"11219","Russia","Russia","903 KamAZ 6x6","destroyed","https://i.postimg.cc/wvpMrTzN/ug4.png","2023-11-16",389,10190,1,"7-389101901","11/16/2023"
"11220","Russia","Russia","903 KamAZ 6x6","destroyed","https://i.postimg.cc/3NLwWXvj/ug3.png","2023-11-16",389,10191,1,"7-389101911","11/16/2023"
"11221","Russia","Russia","903 KamAZ 6x6","destroyed","https://i.postimg.cc/MTvNFYv4/235.png","2023-11-16",389,10192,1,"7-389101921","11/16/2023"
"11222","Russia","Russia","903 KamAZ 6x6","destroyed","https://i.postimg.cc/59mbsryH/kamaz1.jpg","2023-11-16",389,10193,1,"7-389101931","11/16/2023"
"11223","Russia","Russia","903 KamAZ 6x6","destroyed","https://i.postimg.cc/BnzBjwqS/554.png","2023-11-16",389,10194,1,"7-389101941","11/16/2023"
"11224","Russia","Russia","903 KamAZ 6x6","destroyed","https://i.postimg.cc/CKtyZSyN/43111.png","2023-11-16",389,10195,1,"7-389101951","11/16/2023"
"11225","Russia","Russia","903 KamAZ 6x6","destroyed","https://i.postimg.cc/Y9y2Pf6J/1052-Kam-AZ-6x6.jpg","2023-11-16",389,10196,1,"7-389101961","11/16/2023"
"11226","Russia","Russia","903 KamAZ 6x6","destroyed","https://i.postimg.cc/qqpLGvdP/1200.png","2023-11-16",389,10197,1,"7-389101971","11/16/2023"
"11227","Russia","Russia","903 KamAZ 6x6","destroyed","https://i.postimg.cc/8zVpxCvP/1053-Kam-AZ-6x6.jpg","2023-11-16",389,10198,1,"7-389101981","11/16/2023"
"11228","Russia","Russia","903 KamAZ 6x6","destroyed","https://i.postimg.cc/tR1xyJ2q/1002-kamaz-6x6-destr.jpg","2023-11-16",389,10199,1,"7-389101991","11/16/2023"
"11229","Russia","Russia","903 KamAZ 6x6","destroyed","https://i.postimg.cc/SxnR9dR0/1005-kamaz6x6-destr.jpg","2023-11-16",389,10200,1,"7-389102001","11/16/2023"
"11230","Russia","Russia","903 KamAZ 6x6","destroyed","https://i.postimg.cc/mr1bmZYv/2022-04-22-Kam-AZ-6x6-x2-destroyed-Horodnya.jpg","2023-11-16",389,10201,1,"7-389102011","11/16/2023"
"11231","Russia","Russia","903 KamAZ 6x6","destroyed","https://i.postimg.cc/FsXhTL90/f57.png","2023-11-16",389,10202,1,"7-389102021","11/16/2023"
"11232","Russia","Russia","903 KamAZ 6x6","destroyed","https://i.postimg.cc/3xPd6QPq/p0.jpg","2023-11-16",389,10203,1,"7-389102031","11/16/2023"
"11233","Russia","Russia","903 KamAZ 6x6","destroyed","https://postlmg.cc/XB8L6HT2","2023-11-16",389,10204,1,"7-389102041","11/16/2023"
"11234","Russia","Russia","903 KamAZ 6x6","destroyed","https://i.postimg.cc/3rg5VvFm/g5.jpg","2023-11-16",389,10205,1,"7-389102051","11/16/2023"
"11235","Russia","Russia","903 KamAZ 6x6","destroyed","https://i.postimg.cc/kGN0b0gf/j4.png","2023-11-16",389,10206,1,"7-389102061","11/16/2023"
"11236","Russia","Russia","903 KamAZ 6x6","destroyed","https://i.postimg.cc/Hs9mcyJd/l6.png","2023-11-16",389,10207,1,"7-389102071","11/16/2023"
"11237","Russia","Russia","903 KamAZ 6x6","destroyed","https://i.postimg.cc/rwykSwWW/l5.png","2023-11-16",389,10208,1,"7-389102081","11/16/2023"
"11238","Russia","Russia","903 KamAZ 6x6","destroyed","https://i.postimg.cc/pX1zZS7d/d3.jpg","2023-11-16",389,10209,1,"7-389102091","11/16/2023"
"11239","Russia","Russia","903 KamAZ 6x6","destroyed","https://i.postimg.cc/sxTD3tSG/u5.jpg","2023-11-16",389,10210,1,"7-389102101","11/16/2023"
"11240","Russia","Russia","903 KamAZ 6x6","destroyed","https://i.postimg.cc/xCyC3R9P/7ip.png","2023-11-16",389,2312,1,"7-38923121","11/16/2023"
"11241","Russia","Russia","903 KamAZ 6x6","destroyed","https://i.postimg.cc/dVqzhjfY/v9.jpg","2023-11-16",389,10211,1,"7-389102111","11/16/2023"
"11242","Russia","Russia","903 KamAZ 6x6","destroyed","https://i.postimg.cc/MpfbQsnf/2f.jpg","2023-11-16",389,10212,1,"7-389102121","11/16/2023"
"11243","Russia","Russia","903 KamAZ 6x6","destroyed","https://i.postimg.cc/1zpGWfc9/3f.jpg","2023-11-16",389,10213,1,"7-389102131","11/16/2023"
"11244","Russia","Russia","903 KamAZ 6x6","destroyed","https://i.postimg.cc/ncCqydYS/g5.jpg","2023-11-16",389,10214,1,"7-389102141","11/16/2023"
"11245","Russia","Russia","903 KamAZ 6x6","destroyed","https://i.postimg.cc/QM7D7PNJ/1100.jpg","2023-11-16",389,10215,1,"7-389102151","11/16/2023"
"11246","Russia","Russia","903 KamAZ 6x6","destroyed","https://i.postimg.cc/NjR7pbw9/57.png","2023-11-16",389,10216,1,"7-389102161","11/16/2023"
"11247","Russia","Russia","903 KamAZ 6x6","destroyed","https://i.postimg.cc/6QwVSR9H/87.jpg","2023-11-16",389,10217,1,"7-389102171","11/16/2023"
"11248","Russia","Russia","903 KamAZ 6x6","destroyed","https://i.postimg.cc/GtBvYxQp/763.jpg","2023-11-16",389,10218,1,"7-389102181","11/16/2023"
"11249","Russia","Russia","903 KamAZ 6x6","destroyed","https://i.postimg.cc/1RTGSbmV/7900.jpg","2023-11-16",389,10219,1,"7-389102191","11/16/2023"
"11250","Russia","Russia","903 KamAZ 6x6","destroyed","https://i.postimg.cc/QxNHmpDM/1011-Kam-AZ-6x6-destr-12-01-23.jpg","2023-11-16",389,10220,1,"7-389102201","11/16/2023"
"11251","Russia","Russia","903 KamAZ 6x6","destroyed","https://i.postimg.cc/0NbyDJ3C/1003-kamaz6x6-destr.jpg","2023-11-16",389,10221,1,"7-389102211","11/16/2023"
"11252","Russia","Russia","903 KamAZ 6x6","destroyed","https://i.postimg.cc/Xqcj4KGn/1014-kamaz6x6-destr.jpg","2023-11-16",389,10222,1,"7-389102221","11/16/2023"
"11253","Russia","Russia","903 KamAZ 6x6","destroyed","https://i.postimg.cc/9FhXWHwF/u9.png","2023-11-16",389,10223,1,"7-389102231","11/16/2023"
"11254","Russia","Russia","903 KamAZ 6x6","destroyed","https://i.postimg.cc/MpGH5fjg/dd12.png","2023-11-16",389,10224,1,"7-389102241","11/16/2023"
"11255","Russia","Russia","903 KamAZ 6x6","destroyed","https://i.postimg.cc/DzHSRSvZ/c7.png","2023-11-16",389,10225,1,"7-389102251","11/16/2023"
"11256","Russia","Russia","903 KamAZ 6x6","destroyed","https://i.postimg.cc/QCWFRHVQ/d5.jpg","2023-11-16",389,10226,1,"7-389102261","11/16/2023"
"11257","Russia","Russia","903 KamAZ 6x6","destroyed","https://i.postimg.cc/0QD0Jw49/1018-kamaz6x6-destr-16-11-22.jpg","2023-11-16",389,10227,1,"7-389102271","11/16/2023"
"11258","Russia","Russia","903 KamAZ 6x6","destroyed","https://i.postimg.cc/DzHJn4Sp/56.png","2023-11-16",389,10228,1,"7-389102281","11/16/2023"
"11259","Russia","Russia","903 KamAZ 6x6","destroyed","https://twitter.com/UAWeapons/status/1522214564380569605","2023-11-16",389,2037,1,"7-38920371","11/16/2023"
"11260","Russia","Russia","903 KamAZ 6x6","destroyed","https://i.postimg.cc/v8kHLhHn/1054-Kam-AZ-6x6.jpg","2023-11-16",389,10229,1,"7-389102291","11/16/2023"
"11261","Russia","Russia","903 KamAZ 6x6","destroyed","https://i.postimg.cc/Bv2qWPC6/2.png","2023-11-16",389,10230,1,"7-389102301","11/16/2023"
"11262","Russia","Russia","903 KamAZ 6x6","destroyed","https://i.postimg.cc/02CDvrcV/3kamax.jpg","2023-11-16",389,10231,1,"7-389102311","11/16/2023"
"11263","Russia","Russia","903 KamAZ 6x6","destroyed","https://i.postimg.cc/m29Zd9t5/1056-Kam-AZ-6x6.jpg","2023-11-16",389,10232,1,"7-389102321","11/16/2023"
"11264","Russia","Russia","903 KamAZ 6x6","destroyed","https://i.postimg.cc/C1DsjfnM/1201.jpg","2023-11-16",389,10233,1,"7-389102331","11/16/2023"
"11265","Russia","Russia","903 KamAZ 6x6","destroyed","https://postimg.cc/VJXsDdKJ","2023-11-16",389,10234,1,"7-389102341","11/16/2023"
"11266","Russia","Russia","903 KamAZ 6x6","destroyed","https://i.postimg.cc/3R5NnxtM/h78.jpg","2023-11-16",389,10235,1,"7-389102351","11/16/2023"
"11267","Russia","Russia","903 KamAZ 6x6","destroyed","https://postimg.cc/D89yrqPV","2023-11-16",389,10236,1,"7-389102361","11/16/2023"
"11268","Russia","Russia","903 KamAZ 6x6","destroyed","https://i.postimg.cc/k5T7VFpB/1057-Kam-AZ-6x6.jpg","2023-11-16",389,10237,1,"7-389102371","11/16/2023"
"11269","Russia","Russia","903 KamAZ 6x6","destroyed","https://postimg.cc/YhWtCvKd","2023-11-16",389,10238,1,"7-389102381","11/16/2023"
"11270","Russia","Russia","903 KamAZ 6x6","destroyed","https://postimg.cc/VSyrkxVC","2023-11-16",389,10239,1,"7-389102391","11/16/2023"
"11271","Russia","Russia","903 KamAZ 6x6","destroyed","https://postimg.cc/0rNQP5y4","2023-11-16",389,10240,1,"7-389102401","11/16/2023"
"11272","Russia","Russia","903 KamAZ 6x6","destroyed","https://i.postimg.cc/Qt28Drvy/1102-kamaz.jpg","2023-11-16",389,10241,1,"7-389102411","11/16/2023"
"11273","Russia","Russia","903 KamAZ 6x6","destroyed","https://i.postimg.cc/6QW2RHGj/1101-kamaz-3x.jpg","2023-11-16",389,10242,1,"7-389102421","11/16/2023"
"11274","Russia","Russia","903 KamAZ 6x6","destroyed","https://i.postimg.cc/qMP0wmrn/1039-kamaz6x6-destr-26-06-22.jpg","2023-11-16",389,10243,1,"7-389102431","11/16/2023"
"11275","Russia","Russia","903 KamAZ 6x6","destroyed","https://i.postimg.cc/sDKQ8qg8/kamazz.jpg","2023-11-16",389,10244,1,"7-389102441","11/16/2023"
"11276","Russia","Russia","903 KamAZ 6x6","destroyed","https://postimg.cc/vx1b9B1H","2023-11-16",389,10245,1,"7-389102451","11/16/2023"
"11277","Russia","Russia","903 KamAZ 6x6","destroyed","https://postimg.cc/14T9SpTg","2023-11-16",389,10246,1,"7-389102461","11/16/2023"
"11278","Russia","Russia","903 KamAZ 6x6","destroyed","https://postimg.cc/kDDnLjj3","2023-11-16",389,10247,1,"7-389102471","11/16/2023"
"11279","Russia","Russia","903 KamAZ 6x6","destroyed","https://postimg.cc/181snyys","2023-11-16",389,10248,1,"7-389102481","11/16/2023"
"11280","Russia","Russia","903 KamAZ 6x6","destroyed","https://postimg.cc/bGzPgLG5","2023-11-16",389,10249,1,"7-389102491","11/16/2023"
"11281","Russia","Russia","903 KamAZ 6x6","destroyed","https://postimg.cc/0zGx7hNm","2023-11-16",389,10250,1,"7-389102501","11/16/2023"
"11282","Russia","Russia","903 KamAZ 6x6","destroyed","https://postimg.cc/gXjWFJHq","2023-11-16",389,10251,1,"7-389102511","11/16/2023"
"11283","Russia","Russia","903 KamAZ 6x6","destroyed","https://i.postimg.cc/CKhFL6J3/1058-Kam-AZ-6x6.jpg","2023-11-16",389,10252,1,"7-389102521","11/16/2023"
"11284","Russia","Russia","903 KamAZ 6x6","destroyed","https://i.postimg.cc/fTCVptXD/10-24-2022-Kamaz-6x6-destroyed-2-Velyka-Oleksandrivka.png","2023-11-16",389,10253,1,"7-389102531","11/16/2023"
"11285","Russia","Russia","903 KamAZ 6x6","destroyed","https://i.postimg.cc/wBV2M0qs/kaaaaaaamaz.jpg","2023-11-16",389,10254,1,"7-389102541","11/16/2023"
"11286","Russia","Russia","903 KamAZ 6x6","destroyed","https://i.postimg.cc/Vv5D3nc0/653kam.jpg","2023-11-16",389,10255,1,"7-389102551","11/16/2023"
"11287","Russia","Russia","903 KamAZ 6x6","destroyed","https://i.postimg.cc/WzkVHRbk/1059-Kam-AZ-6x6.jpg","2023-11-16",389,10256,1,"7-389102561","11/16/2023"
"11288","Russia","Russia","903 KamAZ 6x6","destroyed","https://i.postimg.cc/jjp2PzVQ/10-24-2022-Kamaz-6x6-destroyed-Velyka-Oleksandrivka.png","2023-11-16",389,10257,1,"7-389102571","11/16/2023"
"11289","Russia","Russia","903 KamAZ 6x6","destroyed","https://postimg.cc/HVtwJkgC","2023-11-16",389,10258,1,"7-389102581","11/16/2023"
"11290","Russia","Russia","903 KamAZ 6x6","destroyed","https://postimg.cc/Y4TYc41Q","2023-11-16",389,10259,1,"7-389102591","11/16/2023"
"11291","Russia","Russia","903 KamAZ 6x6","destroyed","https://postimg.cc/D4rqP24L","2023-11-16",389,10260,1,"7-389102601","11/16/2023"
"11292","Russia","Russia","903 KamAZ 6x6","destroyed","https://postimg.cc/tZh1LBRH","2023-11-16",389,10261,1,"7-389102611","11/16/2023"
"11293","Russia","Russia","903 KamAZ 6x6","destroyed","https://postimg.cc/pmGKZcrG","2023-11-16",389,10262,1,"7-389102621","11/16/2023"
"11294","Russia","Russia","903 KamAZ 6x6","destroyed","https://postimg.cc/crdYNG8k","2023-11-16",389,10263,1,"7-389102631","11/16/2023"
"11295","Russia","Russia","903 KamAZ 6x6","destroyed","https://i.postimg.cc/L4qWQF4C/kaaamazzzzz2.png","2023-11-16",389,10264,1,"7-389102641","11/16/2023"
"11296","Russia","Russia","903 KamAZ 6x6","destroyed","https://i.postimg.cc/0y7cR9hn/kaamaaaz.jpg","2023-11-16",389,10265,1,"7-389102651","11/16/2023"
"11297","Russia","Russia","903 KamAZ 6x6","destroyed","https://i.postimg.cc/j53hQ2Jx/kaamaazz.jpg","2023-11-16",389,10266,1,"7-389102661","11/16/2023"
"11298","Russia","Russia","903 KamAZ 6x6","destroyed","https://i.postimg.cc/3RFr3WfP/1017-kamaz6x6-destr.jpg","2023-11-16",389,10267,1,"7-389102671","11/16/2023"
"11299","Russia","Russia","903 KamAZ 6x6","destroyed","https://i.postimg.cc/k4yWf466/kaamazzzzzzzz.jpg","2023-11-16",389,10268,1,"7-389102681","11/16/2023"
"11300","Russia","Russia","903 KamAZ 6x6","destroyed","https://i.postimg.cc/nrdHQgJ2/1006-kamaz6x6-destr.jpg","2023-11-16",389,10269,1,"7-389102691","11/16/2023"
"11301","Russia","Russia","903 KamAZ 6x6","destroyed","https://postimg.cc/rR4KSgbH","2023-11-16",389,10270,1,"7-389102701","11/16/2023"
"11302","Russia","Russia","903 KamAZ 6x6","destroyed","https://postimg.cc/B8vbhJkH","2023-11-16",389,10271,1,"7-389102711","11/16/2023"
"11303","Russia","Russia","903 KamAZ 6x6","destroyed","https://i.postimg.cc/pT7xCVxv/1060-Kam-AZ-6x6.jpg","2023-11-16",389,10272,1,"7-389102721","11/16/2023"
"11304","Russia","Russia","903 KamAZ 6x6","destroyed","https://postimg.cc/GH0BcwTn","2023-11-16",389,10273,1,"7-389102731","11/16/2023"
"11305","Russia","Russia","903 KamAZ 6x6","destroyed","https://i.postimg.cc/kg9VKsfc/1061-Kam-AZ-6x6.jpg","2023-11-16",389,10274,1,"7-389102741","11/16/2023"
"11306","Russia","Russia","903 KamAZ 6x6","destroyed","https://i.postimg.cc/5jWJcP6k/1062-Kam-AZ-6x6.jpg","2023-11-16",389,10275,1,"7-389102751","11/16/2023"
"11307","Russia","Russia","903 KamAZ 6x6","destroyed","https://i.postimg.cc/zvcbcRJB/kamazz4and1ural.png","2023-11-16",389,9400,1,"7-38994001","11/16/2023"
"11308","Russia","Russia","903 KamAZ 6x6","destroyed","https://i.postimg.cc/G90HDCsq/1003-Kam-AZ-truck-mtlb.jpg","2023-11-16",389,2386,1,"7-38923861","11/16/2023"
"11309","Russia","Russia","903 KamAZ 6x6","destroyed","https://i.postimg.cc/SNNRN7hV/1001-kamaz6x6-destr.jpg","2023-11-16",389,10276,1,"7-389102761","11/16/2023"
"11310","Russia","Russia","903 KamAZ 6x6","destroyed","https://i.postimg.cc/ncrJcDNH/1011-kamaz-6x6-destr.jpg","2023-11-16",389,10277,1,"7-389102771","11/16/2023"
"11311","Russia","Russia","903 KamAZ 6x6","destroyed","https://i.postimg.cc/4yQwHGTZ/kkaaamazz.jpg","2023-11-16",389,10278,1,"7-389102781","11/16/2023"
"11312","Russia","Russia","903 KamAZ 6x6","destroyed","https://i.postimg.cc/PJj2qx92/kkaamaaaaazza.jpg","2023-11-16",389,10279,1,"7-389102791","11/16/2023"
"11313","Russia","Russia","903 KamAZ 6x6","destroyed","https://i.postimg.cc/DwZ50Rpk/kkaamaaaazzaa.jpg","2023-11-16",389,10280,1,"7-389102801","11/16/2023"
"11314","Russia","Russia","903 KamAZ 6x6","destroyed","https://i.postimg.cc/yN3PXczL/kkaamaaz.png","2023-11-16",389,10281,1,"7-389102811","11/16/2023"
"11315","Russia","Russia","903 KamAZ 6x6","destroyed","https://i.postimg.cc/xC5nhN8y/1003-kamaz6x6-destr.jpg","2023-11-16",389,10282,1,"7-389102821","11/16/2023"
"11316","Russia","Russia","903 KamAZ 6x6","destroyed","https://i.postimg.cc/MKz92nyG/kkaamaz.jpg","2023-11-16",389,10283,1,"7-389102831","11/16/2023"
"11317","Russia","Russia","903 KamAZ 6x6","destroyed","https://postimg.cc/njhmQ6vc","2023-11-16",389,10284,1,"7-389102841","11/16/2023"
"11318","Russia","Russia","903 KamAZ 6x6","destroyed","https://i.postimg.cc/m2yks4C7/1001-kamaz6x6-destr.jpg","2023-11-16",389,10285,1,"7-389102851","11/16/2023"
"11319","Russia","Russia","903 KamAZ 6x6","destroyed","https://i.postimg.cc/7h9MYNgZ/kkamaazzzz.png","2023-11-16",389,10286,1,"7-389102861","11/16/2023"
"11320","Russia","Russia","903 KamAZ 6x6","destroyed","https://i.postimg.cc/y6gsmSzS/10-20-2022-destroyed-Belgorod.png","2023-11-16",389,648,1,"7-3896481","11/16/2023"
"11321","Russia","Russia","903 KamAZ 6x6","destroyed","https://i.postimg.cc/4xP66PMv/433.jpg","2023-11-16",389,10287,1,"7-389102871","11/16/2023"
"11322","Russia","Russia","903 KamAZ 6x6","destroyed","https://i.postimg.cc/PqF1cxdP/kamazzzaa.jpg","2023-11-16",389,10288,1,"7-389102881","11/16/2023"
"11323","Russia","Russia","903 KamAZ 6x6","destroyed","https://i.postimg.cc/LsszNfKc/kamazaza.jpg","2023-11-16",389,10289,1,"7-389102891","11/16/2023"
"11324","Russia","Russia","903 KamAZ 6x6","destroyed","https://twitter.com/UAWeapons/status/1535388997479972866","2023-11-16",389,10290,1,"7-389102901","11/16/2023"
"11325","Russia","Russia","903 KamAZ 6x6","destroyed","https://i.postimg.cc/FKXPQPBj/Y1ivk-XYV-jpg-medium.jpg","2023-11-16",389,10291,1,"7-389102911","11/16/2023"
"11326","Russia","Russia","903 KamAZ 6x6","destroyed","https://postlmg.cc/FkyX8Q51","2023-11-16",389,10292,1,"7-389102921","11/16/2023"
"11327","Russia","Russia","903 KamAZ 6x6","destroyed","https://postimg.cc/2bGfwhkH","2023-11-16",389,10293,1,"7-389102931","11/16/2023"
"11328","Russia","Russia","903 KamAZ 6x6","destroyed","https://i.postimg.cc/25yrMV1R/f0.png","2023-11-16",389,10294,1,"7-389102941","11/16/2023"
"11329","Russia","Russia","903 KamAZ 6x6","destroyed","https://postimg.cc/N58TZLJJ","2023-11-16",389,10295,1,"7-389102951","11/16/2023"
"11330","Russia","Russia","903 KamAZ 6x6","destroyed","https://postlmg.cc/G8NwHSzr","2023-11-16",389,10296,1,"7-389102961","11/16/2023"
"11331","Russia","Russia","903 KamAZ 6x6","destroyed","https://postlmg.cc/4YpcM9M1","2023-11-16",389,10297,1,"7-389102971","11/16/2023"
"11332","Russia","Russia","903 KamAZ 6x6","destroyed","https://i.postimg.cc/yYkSCvrL/1148-Kam-AZ-6x6-4x.jpg","2023-11-16",389,10298,1,"7-389102981","11/16/2023"
"11333","Russia","Russia","903 KamAZ 6x6","destroyed","https://i.postimg.cc/mk12C0qG/1010-truck.jpg","2023-11-16",389,10299,1,"7-389102991","11/16/2023"
"11334","Russia","Russia","903 KamAZ 6x6","destroyed","https://twitter.com/UAWeapons/status/1542984634778148864","2023-11-16",389,2358,1,"7-38923581","11/16/2023"
"11335","Russia","Russia","903 KamAZ 6x6","destroyed","https://twitter.com/UAWeapons/status/1542986188100886529","2023-11-16",389,852,1,"7-3898521","11/16/2023"
"11336","Russia","Russia","903 KamAZ 6x6","destroyed","https://i.postimg.cc/L5kDzMrm/4311.png","2023-11-16",389,10300,1,"7-389103001","11/16/2023"
"11337","Russia","Russia","903 KamAZ 6x6","destroyed","https://i.postimg.cc/tJmvt3ms/1015-Kamaz-6x6.png","2023-11-16",389,10301,1,"7-389103011","11/16/2023"
"11338","Russia","Russia","903 KamAZ 6x6","destroyed","https://i.postimg.cc/KcTcNRMS/1106-kamaz.jpg","2023-11-16",389,10302,1,"7-389103021","11/16/2023"
"11339","Russia","Russia","903 KamAZ 6x6","destroyed","https://twitter.com/Blue_Sauron/status/1545507845508063234","2023-11-16",389,2061,1,"7-38920611","11/16/2023"
"11340","Russia","Russia","903 KamAZ 6x6","destroyed","https://postlmg.cc/5YSX4Z7Z","2023-11-16",389,10303,1,"7-389103031","11/16/2023"
"11341","Russia","Russia","903 KamAZ 6x6","destroyed","https://twitter.com/Blue_Sauron/status/1547548521238351884","2023-11-16",389,10304,1,"7-389103041","11/16/2023"
"11342","Russia","Russia","903 KamAZ 6x6","destroyed","https://i.postimg.cc/NFMyH4D1/1002.jpg","2023-11-16",389,10305,1,"7-389103051","11/16/2023"
"11343","Russia","Russia","903 KamAZ 6x6","destroyed","https://i.postimg.cc/mrfx0pLb/1005.jpg","2023-11-16",389,10306,1,"7-389103061","11/16/2023"
"11344","Russia","Russia","903 KamAZ 6x6","destroyed","https://i.postimg.cc/zXJXcgkd/1004.jpg","2023-11-16",389,10307,1,"7-389103071","11/16/2023"
"11345","Russia","Russia","903 KamAZ 6x6","destroyed","https://i.postimg.cc/kGp2FbYL/1001.jpg","2023-11-16",389,9260,1,"7-38992601","11/16/2023"
"11346","Russia","Russia","903 KamAZ 6x6","destroyed","https://i.postimg.cc/QN4Kr2NS/1003.jpg","2023-11-16",389,10308,1,"7-389103081","11/16/2023"
"11347","Russia","Russia","903 KamAZ 6x6","destroyed","https://i.postimg.cc/RVW6CgNm/1004.jpg","2023-11-16",389,9262,1,"7-38992621","11/16/2023"
"11348","Russia","Russia","903 KamAZ 6x6","destroyed","https://i.postimg.cc/Y9Nmtm5p/1037.jpg","2023-11-16",389,10309,1,"7-389103091","11/16/2023"
"11349","Russia","Russia","903 KamAZ 6x6","destroyed","https://i.postimg.cc/76r2vNQs/1038.jpg","2023-11-16",389,10310,1,"7-389103101","11/16/2023"
"11350","Russia","Russia","903 KamAZ 6x6","destroyed","https://i.postimg.cc/t4f6kbdH/1039.jpg","2023-11-16",389,10311,1,"7-389103111","11/16/2023"
"11351","Russia","Russia","903 KamAZ 6x6","destroyed","https://i.postimg.cc/2yzLySYn/1040.jpg","2023-11-16",389,10312,1,"7-389103121","11/16/2023"
"11352","Russia","Russia","903 KamAZ 6x6","destroyed","https://i.postimg.cc/90JR7HXK/1041.jpg","2023-11-16",389,10313,1,"7-389103131","11/16/2023"
"11353","Russia","Russia","903 KamAZ 6x6","destroyed","https://i.postimg.cc/NfjrwFpc/1042.jpg","2023-11-16",389,10314,1,"7-389103141","11/16/2023"
"11354","Russia","Russia","903 KamAZ 6x6","destroyed","https://i.postimg.cc/J7qBgZ3x/1043.jpg","2023-11-16",389,10315,1,"7-389103151","11/16/2023"
"11355","Russia","Russia","903 KamAZ 6x6","destroyed","https://i.postimg.cc/wxysp71h/1063-Kam-AZ-6x6.jpg","2023-11-16",389,10316,1,"7-389103161","11/16/2023"
"11356","Russia","Russia","903 KamAZ 6x6","destroyed","https://i.postimg.cc/Wb0FdC6z/1064-Kam-AZ-6x6.jpg","2023-11-16",389,10317,1,"7-389103171","11/16/2023"
"11357","Russia","Russia","903 KamAZ 6x6","destroyed","https://i.postimg.cc/9fgr3hV8/1065-Kam-AZ-6x6.jpg","2023-11-16",389,10318,1,"7-389103181","11/16/2023"
"11358","Russia","Russia","903 KamAZ 6x6","destroyed","https://i.postimg.cc/HxRxLM83/1108-kamaz.jpg","2023-11-16",389,10319,1,"7-389103191","11/16/2023"
"11359","Russia","Russia","903 KamAZ 6x6","destroyed","https://i.postimg.cc/sfkGDsWb/1067-Kam-AZ-6x6.jpg","2023-11-16",389,10320,1,"7-389103201","11/16/2023"
"11360","Russia","Russia","903 KamAZ 6x6","destroyed","https://i.postimg.cc/1z3fYtxV/1068-Kam-AZ-6x6.jpg","2023-11-16",389,10321,1,"7-389103211","11/16/2023"
"11361","Russia","Russia","903 KamAZ 6x6","destroyed","https://i.postimg.cc/k4kG4v2W/1069-Kam-AZ-6x6.jpg","2023-11-16",389,10322,1,"7-389103221","11/16/2023"
"11362","Russia","Russia","903 KamAZ 6x6","destroyed","https://i.postimg.cc/fRGBYqnh/1104-kamaz.jpg","2023-11-16",389,10323,1,"7-389103231","11/16/2023"
"11363","Russia","Russia","903 KamAZ 6x6","destroyed","https://i.postimg.cc/7YPcLRDs/1105-kamaz.jpg","2023-11-16",389,10324,1,"7-389103241","11/16/2023"
"11364","Russia","Russia","903 KamAZ 6x6","destroyed","https://i.postimg.cc/DzRndy7T/1072-Kam-AZ-6x6.jpg","2023-11-16",389,10325,1,"7-389103251","11/16/2023"
"11365","Russia","Russia","903 KamAZ 6x6","destroyed","https://i.postimg.cc/1XGmzhhZ/1073-Kam-AZ-6x6.jpg","2023-11-16",389,10326,1,"7-389103261","11/16/2023"
"11366","Russia","Russia","903 KamAZ 6x6","destroyed","https://i.postimg.cc/d3YFpH7N/1074-Kam-AZ-6x6.jpg","2023-11-16",389,10327,1,"7-389103271","11/16/2023"
"11367","Russia","Russia","903 KamAZ 6x6","destroyed","https://i.postimg.cc/tRx7cwck/1075-Kam-AZ-6x6.jpg","2023-11-16",389,10328,1,"7-389103281","11/16/2023"
"11368","Russia","Russia","903 KamAZ 6x6","destroyed","https://i.postimg.cc/qqyRC6KS/1076-Kam-AZ-6x6.jpg","2023-11-16",389,10329,1,"7-389103291","11/16/2023"
"11369","Russia","Russia","903 KamAZ 6x6","destroyed","https://i.postimg.cc/m2SZfsyY/1077-Kam-AZ-6x6.jpg","2023-11-16",389,10330,1,"7-389103301","11/16/2023"
"11370","Russia","Russia","903 KamAZ 6x6","destroyed","https://postimg.cc/6ym4D2Vz","2023-11-16",389,10331,1,"7-389103311","11/16/2023"
"11371","Russia","Russia","903 KamAZ 6x6","destroyed","https://i.postimg.cc/zB38Tbsp/1055-Kam-AZ-6x6.jpg","2023-11-16",389,10332,1,"7-389103321","11/16/2023"
"11372","Russia","Russia","903 KamAZ 6x6","destroyed","https://i.postimg.cc/VvQVftqT/41.png","2023-11-16",389,10333,1,"7-389103331","11/16/2023"
"11373","Russia","Russia","903 KamAZ 6x6","destroyed","https://i.postimg.cc/ryxHhhcL/UKb-4b7p-jpg-large.jpg","2023-11-16",389,10334,1,"7-389103341","11/16/2023"
"11374","Russia","Russia","903 KamAZ 6x6","destroyed","https://i.postimg.cc/TYKMjDpy/1146-Kam-AZ-6x6.jpg","2023-11-16",389,10335,1,"7-389103351","11/16/2023"
"11375","Russia","Russia","903 KamAZ 6x6","destroyed","https://i.postimg.cc/mDJYGtLW/1134-kamaz.jpg","2023-11-16",389,10336,1,"7-389103361","11/16/2023"
"11376","Russia","Russia","903 KamAZ 6x6","destroyed","https://i.postimg.cc/q7tvzmJJ/1006-kamaz-6x6.jpg","2023-11-16",389,10337,1,"7-389103371","11/16/2023"
"11377","Russia","Russia","903 KamAZ 6x6","destroyed","https://twitter.com/UAWeapons/status/1557384679166283779","2023-11-16",389,10338,1,"7-389103381","11/16/2023"
"11378","Russia","Russia","903 KamAZ 6x6","destroyed","https://i.postimg.cc/PJ6VR6n3/1003.jpg","2023-11-16",389,10339,1,"7-389103391","11/16/2023"
"11379","Russia","Russia","903 KamAZ 6x6","destroyed","https://i.postimg.cc/Yq9sWwQJ/1006.jpg","2023-11-16",389,10340,1,"7-389103401","11/16/2023"
"11380","Russia","Russia","903 KamAZ 6x6","destroyed","https://i.postimg.cc/2jFxbm94/1006-ural4320.jpg","2023-11-16",389,10341,1,"7-389103411","11/16/2023"
"11381","Russia","Russia","903 KamAZ 6x6","destroyed","https://i.postimg.cc/26YZrLDg/1008-ural4320.jpg","2023-11-16",389,10342,1,"7-389103421","11/16/2023"
"11382","Russia","Russia","903 KamAZ 6x6","destroyed","https://i.postimg.cc/NfVG8QMv/1019-kamaz6x6-destr-03-11-22.jpg","2023-11-16",389,10343,1,"7-389103431","11/16/2023"
"11383","Russia","Russia","903 KamAZ 6x6","destroyed","https://i.postimg.cc/LsDrTVTg/1028-kamaz6x6-destr-04-06-22.jpg","2023-11-16",389,10344,1,"7-389103441","11/16/2023"
"11384","Russia","Russia","903 KamAZ 6x6","destroyed","https://i.postimg.cc/wBBTc2h0/1107-kamaz-3x.jpg","2023-11-16",389,10345,1,"7-389103451","11/16/2023"
"11385","Russia","Russia","903 KamAZ 6x6","destroyed","https://i.postimg.cc/YqwryM64/1109-kamaz.jpg","2023-11-16",389,10346,1,"7-389103461","11/16/2023"
"11386","Russia","Russia","903 KamAZ 6x6","destroyed","https://i.postimg.cc/rsMHxn4p/1110-kamaz.jpg","2023-11-16",389,10347,1,"7-389103471","11/16/2023"
"11387","Russia","Russia","903 KamAZ 6x6","destroyed","https://i.postimg.cc/FKSCq5gR/1111-kamaz.jpg","2023-11-16",389,9250,1,"7-38992501","11/16/2023"
"11388","Russia","Russia","903 KamAZ 6x6","destroyed","https://i.postimg.cc/SKYHhzqm/1112-kamaz.jpg","2023-11-16",389,10348,1,"7-389103481","11/16/2023"
"11389","Russia","Russia","903 KamAZ 6x6","destroyed","https://i.postimg.cc/02NWvJdh/1113-kamaz.jpg","2023-11-16",389,10349,1,"7-389103491","11/16/2023"
"11390","Russia","Russia","903 KamAZ 6x6","destroyed","https://i.postimg.cc/26f9Nc2x/1114-kamaz.jpg","2023-11-16",389,10350,1,"7-389103501","11/16/2023"
"11391","Russia","Russia","903 KamAZ 6x6","destroyed","https://i.postimg.cc/Df6jRcsq/1115-kamaz.jpg","2023-11-16",389,10351,1,"7-389103511","11/16/2023"
"11392","Russia","Russia","903 KamAZ 6x6","destroyed","https://i.postimg.cc/wBYQ1tLq/1116-kamaz.jpg","2023-11-16",389,10352,1,"7-389103521","11/16/2023"
"11393","Russia","Russia","903 KamAZ 6x6","destroyed","https://i.postimg.cc/PrF65rSJ/1117-kamaz.jpg","2023-11-16",389,10353,1,"7-389103531","11/16/2023"
"11394","Russia","Russia","903 KamAZ 6x6","destroyed","https://i.postimg.cc/T3LtLMs9/1118-kamaz.jpg","2023-11-16",389,10354,1,"7-389103541","11/16/2023"
"11395","Russia","Russia","903 KamAZ 6x6","destroyed","https://i.postimg.cc/BnT1wmP3/1119-kamaz.jpg","2023-11-16",389,10355,1,"7-389103551","11/16/2023"
"11396","Russia","Russia","903 KamAZ 6x6","destroyed","https://i.postimg.cc/J4BXjr1G/1120-kamaz.jpg","2023-11-16",389,10356,1,"7-389103561","11/16/2023"
"11397","Russia","Russia","903 KamAZ 6x6","destroyed","https://i.postimg.cc/nLnQ8qqD/1121-kamaz.jpg","2023-11-16",389,10357,1,"7-389103571","11/16/2023"
"11398","Russia","Russia","903 KamAZ 6x6","destroyed","https://i.postimg.cc/SsvXz536/1122-kamaz.jpg","2023-11-16",389,10358,1,"7-389103581","11/16/2023"
"11399","Russia","Russia","903 KamAZ 6x6","destroyed","https://i.postimg.cc/j55w2Kgq/1123-kamaz.jpg","2023-11-16",389,10359,1,"7-389103591","11/16/2023"
"11400","Russia","Russia","903 KamAZ 6x6","destroyed","https://i.postimg.cc/BvNPJtCw/1124-kamaz.jpg","2023-11-16",389,10360,1,"7-389103601","11/16/2023"
"11401","Russia","Russia","903 KamAZ 6x6","destroyed","https://i.postimg.cc/J4yNK3Q7/1125-kamaz.jpg","2023-11-16",389,10361,1,"7-389103611","11/16/2023"
"11402","Russia","Russia","903 KamAZ 6x6","destroyed","https://i.postimg.cc/c6qrF3s6/1126-kamaz.jpg","2023-11-16",389,10362,1,"7-389103621","11/16/2023"
"11403","Russia","Russia","903 KamAZ 6x6","destroyed","https://i.postimg.cc/Hs52d48Z/1127-kamaz.jpg","2023-11-16",389,10363,1,"7-389103631","11/16/2023"
"11404","Russia","Russia","903 KamAZ 6x6","destroyed","https://i.postimg.cc/3xFFD8B2/1128-kamaz.jpg","2023-11-16",389,10364,1,"7-389103641","11/16/2023"
"11405","Russia","Russia","903 KamAZ 6x6","destroyed","https://i.postimg.cc/rphGQf7m/1129-kamaz.jpg","2023-11-16",389,10365,1,"7-389103651","11/16/2023"
"11406","Russia","Russia","903 KamAZ 6x6","destroyed","https://i.postimg.cc/qBWLPZq6/1130-kamaz.jpg","2023-11-16",389,10366,1,"7-389103661","11/16/2023"
"11407","Russia","Russia","903 KamAZ 6x6","destroyed","https://i.postimg.cc/bw7qvNth/1000-kamaz6x6-2x.jpg","2023-11-16",389,10367,1,"7-389103671","11/16/2023"
"11408","Russia","Russia","903 KamAZ 6x6","destroyed","https://i.postimg.cc/76BDTbMt/1002-Kam-AZ-6x6.jpg","2023-11-16",389,10368,1,"7-389103681","11/16/2023"
"11409","Russia","Russia","903 KamAZ 6x6","destroyed","https://i.postimg.cc/yxw7kZZj/1007-kamaz-6x6.jpg","2023-11-16",389,10369,1,"7-389103691","11/16/2023"
"11410","Russia","Russia","903 KamAZ 6x6","destroyed","https://i.postimg.cc/Y9wSRNM0/u3.jpg","2023-11-16",389,10370,1,"7-389103701","11/16/2023"
"11411","Russia","Russia","903 KamAZ 6x6","destroyed","https://i.postimg.cc/pdjTKcN3/u2.jpg","2023-11-16",389,10371,1,"7-389103711","11/16/2023"
"11412","Russia","Russia","903 KamAZ 6x6","destroyed","https://i.postimg.cc/Bv7g160m/b3.jpg","2023-11-16",389,6970,1,"7-38969701","11/16/2023"
"11413","Russia","Russia","903 KamAZ 6x6","destroyed","https://i.postimg.cc/fWYGxK0F/r1.jpg","2023-11-16",389,10372,1,"7-389103721","11/16/2023"
"11414","Russia","Russia","903 KamAZ 6x6","destroyed","https://i.postimg.cc/BZLhyYkj/1006-kamaz-6x6.jpg","2023-11-16",389,10373,1,"7-389103731","11/16/2023"
"11415","Russia","Russia","903 KamAZ 6x6","destroyed","https://i.postimg.cc/CMtZfLGs/1002-unkn-afv-2x-kamaz-2x-unkn-truck.jpg","2023-11-16",389,10374,1,"7-389103741","11/16/2023"
"11416","Russia","Russia","903 KamAZ 6x6","destroyed","https://i.postimg.cc/SNRLLMNw/1005.jpg","2023-11-16",389,10375,1,"7-389103751","11/16/2023"
"11417","Russia","Russia","903 KamAZ 6x6","destroyed","https://i.postimg.cc/rwtS324j/1006.jpg","2023-11-16",389,10376,1,"7-389103761","11/16/2023"
"11418","Russia","Russia","903 KamAZ 6x6","destroyed","https://i.postimg.cc/Y9HmF3w4/1002-kamaz6x6.jpg","2023-11-16",389,10377,1,"7-389103771","11/16/2023"
"11419","Russia","Russia","903 KamAZ 6x6","destroyed","https://twitter.com/UAWeapons/status/1567823899785658368","2023-11-16",389,4995,1,"7-38949951","11/16/2023"
"11420","Russia","Russia","903 KamAZ 6x6","destroyed","https://i.postimg.cc/Dy7X6fy4/1004-kamaz6x6-2x-kamaz8x8.jpg","2023-11-16",389,10378,1,"7-389103781","11/16/2023"
"11421","Russia","Russia","903 KamAZ 6x6","destroyed","https://i.postimg.cc/J0JHfK7z/1008-kamaz6x6.jpg","2023-11-16",389,10379,1,"7-389103791","11/16/2023"
"11422","Russia","Russia","903 KamAZ 6x6","destroyed","https://twitter.com/Danspiun/status/1569384896899997699","2023-11-16",389,6589,1,"7-38965891","11/16/2023"
"11423","Russia","Russia","903 KamAZ 6x6","destroyed","https://twitter.com/UAWeapons/status/1569426437119123458","2023-11-16",389,1372,1,"7-38913721","11/16/2023"
"11424","Russia","Russia","903 KamAZ 6x6","destroyed","https://i.postimg.cc/CMZMZH51/1003-unkn-truck.jpg","2023-11-16",389,10380,1,"7-389103801","11/16/2023"
"11425","Russia","Russia","903 KamAZ 6x6","destroyed","https://i.postimg.cc/rsCQ5BMk/1033-kamaz-6x6.jpg","2023-11-16",389,10381,1,"7-389103811","11/16/2023"
"11426","Russia","Russia","903 KamAZ 6x6","destroyed","https://i.postimg.cc/DZFwNSh4/1004-kamaz-6x6.jpg","2023-11-16",389,10382,1,"7-389103821","11/16/2023"
"11427","Russia","Russia","903 KamAZ 6x6","destroyed","https://i.postimg.cc/nhccnYLm/Kam-AZ-6x6-145547-deokupovana-Harkivshhyna-1159-scaled.jpg","2023-11-16",389,10383,1,"7-389103831","11/16/2023"
"11428","Russia","Russia","903 KamAZ 6x6","destroyed","https://i.postimg.cc/X7yY2cvc/Kam-AZ-6x6-144511-deokupovana-Harkivshhyna-1097-scaled.jpg","2023-11-16",389,10384,1,"7-389103841","11/16/2023"
"11429","Russia","Russia","903 KamAZ 6x6","destroyed","https://i.postimg.cc/ydZvWbPr/2022-09-13-Kam-AZ-6x6.png","2023-11-16",389,10385,1,"7-389103851","11/16/2023"
"11430","Russia","Russia","903 KamAZ 6x6","destroyed","https://i.postimg.cc/MT92JTp0/2022-09-16-Kam-AZ-6x6.png","2023-11-16",389,10386,1,"7-389103861","11/16/2023"
"11431","Russia","Russia","903 KamAZ 6x6","destroyed","https://i.postimg.cc/B6Qkp0Bj/2022-09-16-Kam-AZ-6x6-2.png","2023-11-16",389,10387,1,"7-389103871","11/16/2023"
"11432","Russia","Russia","903 KamAZ 6x6","destroyed","https://i.postimg.cc/Pf79W0pq/2022-09-16-Kam-AZ-6x6-x2.png","2023-11-16",389,10388,1,"7-389103881","11/16/2023"
"11433","Russia","Russia","903 KamAZ 6x6","destroyed","https://i.postimg.cc/9Q8LQvX3/2022-09-15-Kam-AZ-6x6.jpg","2023-11-16",389,10389,1,"7-389103891","11/16/2023"
"11434","Russia","Russia","903 KamAZ 6x6","destroyed","https://i.postimg.cc/jdvXMG7W/2022-09-15-Kam-AZ.jpg","2023-11-16",389,10390,1,"7-389103901","11/16/2023"
"11435","Russia","Russia","903 KamAZ 6x6","destroyed","https://i.postimg.cc/Th8Jb6L1/2022-09-15-2-Kam-AZ-6x6-1.jpg","2023-11-16",389,10391,1,"7-389103911","11/16/2023"
"11436","Russia","Russia","903 KamAZ 6x6","destroyed","https://i.postimg.cc/zBVQSqBF/2022-09-15-2-Kam-AZ-6x6-2.jpg","2023-11-16",389,10392,1,"7-389103921","11/16/2023"
"11437","Russia","Russia","903 KamAZ 6x6","destroyed","https://i.postimg.cc/QxLz1Grc/2022-09-15-2-Kam-AZ-6x6-3.jpg","2023-11-16",389,10393,1,"7-389103931","11/16/2023"
"11438","Russia","Russia","903 KamAZ 6x6","destroyed","https://i.postimg.cc/9QCNgd0M/2022-09-15-2-Kam-AZ-6x6-4.jpg","2023-11-16",389,10394,1,"7-389103941","11/16/2023"
"11439","Russia","Russia","903 KamAZ 6x6","destroyed","https://i.postimg.cc/1tnWVMCW/2022-09-15-2-Kam-AZ-6x6-5-x2.jpg","2023-11-16",389,10395,1,"7-389103951","11/16/2023"
"11440","Russia","Russia","903 KamAZ 6x6","destroyed","https://i.postimg.cc/nc0KsSHQ/1018-kamaz6x6-destr-16-05-23.jpg","2023-11-16",389,10396,1,"7-389103961","11/16/2023"
"11441","Russia","Russia","903 KamAZ 6x6","destroyed","https://i.postimg.cc/hvkdRV1t/2022-09-22-Kam-AZ-x2-Ural-4320-tanker.jpg","2023-11-16",389,9840,1,"7-38998401","11/16/2023"
"11442","Russia","Russia","903 KamAZ 6x6","destroyed","https://i.postimg.cc/MKjwmPZC/1010-unkn-btr-2x-kamaz6x6.jpg","2023-11-16",389,10397,1,"7-389103971","11/16/2023"
"11443","Russia","Russia","903 KamAZ 6x6","destroyed","https://i.postimg.cc/13xJPk1X/1024-kamaz-6x6-with-Zu-23-2-autocannon.jpg","2023-11-16",389,10398,1,"7-389103981","11/16/2023"
"11444","Russia","Russia","903 KamAZ 6x6","destroyed","https://i.postimg.cc/xCNPQZZw/2022-09-14-Kam-AZ-6x6-2.jpg","2023-11-16",389,10399,1,"7-389103991","11/16/2023"
"11445","Russia","Russia","903 KamAZ 6x6","destroyed","https://i.postimg.cc/28gr8L3g/2022-09-14-Kam-AZ-6x6-3.jpg","2023-11-16",389,10400,1,"7-389104001","11/16/2023"
"11446","Russia","Russia","903 KamAZ 6x6","destroyed","https://i.postimg.cc/wvRnr0Qv/2022-09-14-Kam-AZ-6x6-4.jpg","2023-11-16",389,10401,1,"7-389104011","11/16/2023"
"11447","Russia","Russia","903 KamAZ 6x6","destroyed","https://i.postimg.cc/y8ht4DRm/2022-09-14-Kam-AZ-6x6-x4.jpg","2023-11-16",389,10402,1,"7-389104021","11/16/2023"
"11448","Russia","Russia","903 KamAZ 6x6","destroyed","https://i.postimg.cc/jdGjC4zw/1009-Kam-AZ-6x6-destr-26-02-22.jpg","2023-11-16",389,10403,1,"7-389104031","11/16/2023"
"11449","Russia","Russia","903 KamAZ 6x6","destroyed","https://i.postimg.cc/7YBrdxfW/5420.png","2023-11-16",389,10404,1,"7-389104041","11/16/2023"
"11450","Russia","Russia","903 KamAZ 6x6","destroyed","https://i.postimg.cc/Jh8pVgvy/437h.png","2023-11-16",389,10405,1,"7-389104051","11/16/2023"
"11451","Russia","Russia","903 KamAZ 6x6","destroyed","https://i.postimg.cc/KcVSX5KF/9.png","2023-11-16",389,10406,1,"7-389104061","11/16/2023"
"11452","Russia","Russia","903 KamAZ 6x6","destroyed","https://i.postimg.cc/BQMMk4TG/1030-ural4320.jpg","2023-11-16",389,10407,1,"7-389104071","11/16/2023"
"11453","Russia","Russia","903 KamAZ 6x6","destroyed","https://i.postimg.cc/tJSD3wTB/1020-kamaz-6x6-destr.jpg","2023-11-16",389,10408,1,"7-389104081","11/16/2023"
"11454","Russia","Russia","903 KamAZ 6x6","destroyed","https://i.postimg.cc/RFcb9yNv/2022-09-25-Kam-AZ-6x6.jpg","2023-11-16",389,10409,1,"7-389104091","11/16/2023"
"11455","Russia","Russia","903 KamAZ 6x6","destroyed","https://i.postimg.cc/qRHDmCdb/2022-10-02-Kam-AZ-6x6.jpg","2023-11-16",389,10410,1,"7-389104101","11/16/2023"
"11456","Russia","Russia","903 KamAZ 6x6","destroyed","https://i.postimg.cc/2jdLSVy5/1009-kamaz-6x6-destr.jpg","2023-11-16",389,10411,1,"7-389104111","11/16/2023"
"11457","Russia","Russia","903 KamAZ 6x6","destroyed","https://i.postimg.cc/RhTWsbyt/1010-kamaz-6x6-destr.jpg","2023-11-16",389,10412,1,"7-389104121","11/16/2023"
"11458","Russia","Russia","903 KamAZ 6x6","destroyed","https://i.postimg.cc/nhdH4LCb/1001-kamaz6x6-destr.jpg","2023-11-16",389,10413,1,"7-389104131","11/16/2023"
"11459","Russia","Russia","903 KamAZ 6x6","destroyed","https://i.postimg.cc/NMC49Vcf/1017-kamaz6x6-destr.jpg","2023-11-16",389,10414,1,"7-389104141","11/16/2023"
"11460","Russia","Russia","903 KamAZ 6x6","destroyed","https://i.postimg.cc/htR0dTHx/1015-kamaz6x6-destr.jpg","2023-11-16",389,10415,1,"7-389104151","11/16/2023"
"11461","Russia","Russia","903 KamAZ 6x6","destroyed","https://i.postimg.cc/CMt7wW7c/1016-kamaz6x6-destr.jpg","2023-11-16",389,10416,1,"7-389104161","11/16/2023"
"11462","Russia","Russia","903 KamAZ 6x6","destroyed","https://i.postimg.cc/yd390vSx/Kamaz-6x6-destr.png","2023-11-16",389,10417,1,"7-389104171","11/16/2023"
"11463","Russia","Russia","903 KamAZ 6x6","destroyed","https://i.postimg.cc/xCQJbnYx/BMP-2-Kamaz-6x6-destroyed.png","2023-11-16",389,3967,1,"7-38939671","11/16/2023"
"11464","Russia","Russia","903 KamAZ 6x6","destroyed","https://twitter.com/UAWeapons/status/1579840201102614529","2023-11-16",389,10418,1,"7-389104181","11/16/2023"
"11465","Russia","Russia","903 KamAZ 6x6","destroyed","https://i.postimg.cc/D0BVrDQz/1026-kamaz-6x6-destr.jpg","2023-11-16",389,10419,1,"7-389104191","11/16/2023"
"11466","Russia","Russia","903 KamAZ 6x6","destroyed","https://i.postimg.cc/0y3sXLTM/1029-kamaz-6x6-destr.jpg","2023-11-16",389,10420,1,"7-389104201","11/16/2023"
"11467","Russia","Russia","903 KamAZ 6x6","destroyed","https://i.postimg.cc/c4MJKrCL/2022-02-28-Kam-AZ-6x6-abandoned-and-destroyed-Horodnya.jpg","2023-11-16",389,10421,1,"7-389104211","11/16/2023"
"11468","Russia","Russia","903 KamAZ 6x6","destroyed","https://i.postimg.cc/yxNkGZ0m/1009-Kam-AZ6x6-with-zu-23-2-destr.jpg","2023-11-16",389,10422,1,"7-389104221","11/16/2023"
"11469","Russia","Russia","903 KamAZ 6x6","destroyed","https://i.postimg.cc/C59tpyM6/2022-03-20-kamaz-6x6-1.jpg","2023-11-16",389,10423,1,"7-389104231","11/16/2023"
"11470","Russia","Russia","903 KamAZ 6x6","destroyed","https://i.postimg.cc/Y9Dty60q/2022-07-02-kamaz-6x6.jpg","2023-11-16",389,10424,1,"7-389104241","11/16/2023"
"11471","Russia","Russia","903 KamAZ 6x6","destroyed","https://i.postimg.cc/tRvMnsvc/2022-04-01-kamaz-6x6-2.jpg","2023-11-16",389,10425,1,"7-389104251","11/16/2023"
"11472","Russia","Russia","903 KamAZ 6x6","destroyed","https://i.postimg.cc/k4npKKd0/2022-04-01-kamaz-6x6-3.jpg","2023-11-16",389,10426,1,"7-389104261","11/16/2023"
"11473","Russia","Russia","903 KamAZ 6x6","destroyed","https://i.postimg.cc/g0pvcLQQ/2022-04-05-kamaz-6x6.jpg","2023-11-16",389,10427,1,"7-389104271","11/16/2023"
"11474","Russia","Russia","903 KamAZ 6x6","destroyed","https://i.postimg.cc/CxBdSbhZ/2022-04-07-kamaz-6x6-1.jpg","2023-11-16",389,10428,1,"7-389104281","11/16/2023"
"11475","Russia","Russia","903 KamAZ 6x6","destroyed","https://i.postimg.cc/q7cJvL97/2022-04-09-kamaz-6x6.jpg","2023-11-16",389,10429,1,"7-389104291","11/16/2023"
"11476","Russia","Russia","903 KamAZ 6x6","destroyed","https://i.postimg.cc/Pr2h9J1C/2022-04-09-kamaz-6x6-2.jpg","2023-11-16",389,10430,1,"7-389104301","11/16/2023"
"11477","Russia","Russia","903 KamAZ 6x6","destroyed","https://i.postimg.cc/8k7K6RRk/2022-04-10-kamaz.jpg","2023-11-16",389,10431,1,"7-389104311","11/16/2023"
"11478","Russia","Russia","903 KamAZ 6x6","destroyed","https://i.postimg.cc/MKZ5q19m/2022-04-13-kamaz.jpg","2023-11-16",389,10432,1,"7-389104321","11/16/2023"
"11479","Russia","Russia","903 KamAZ 6x6","destroyed","https://i.postimg.cc/rFPV1CBQ/2022-04-17-kamaz-6x6.jpg","2023-11-16",389,10433,1,"7-389104331","11/16/2023"
"11480","Russia","Russia","903 KamAZ 6x6","destroyed","https://i.postimg.cc/vBfxtfgg/2022-04-28-kamaz-6x6-kamaz-tanker.jpg","2023-11-16",389,10434,1,"7-389104341","11/16/2023"
"11481","Russia","Russia","903 KamAZ 6x6","destroyed","https://i.postimg.cc/zGnFDphV/2022-06-04-Kam-AZ-6x6-x2.jpg","2023-11-16",389,10435,1,"7-389104351","11/16/2023"
"11482","Russia","Russia","903 KamAZ 6x6","destroyed","https://i.postimg.cc/mZdSD8rr/2022-06-04-Kam-AZ-6x6-x3.jpg","2023-11-16",389,10436,1,"7-389104361","11/16/2023"
"11483","Russia","Russia","903 KamAZ 6x6","destroyed","https://i.postimg.cc/15kw128f/2022-06-14-Kam-AZ-6x6-x2.jpg","2023-11-16",389,10437,1,"7-389104371","11/16/2023"
"11484","Russia","Russia","903 KamAZ 6x6","destroyed","https://i.postimg.cc/MH3WcyVj/2022-03-02-kamaz.jpg","2023-11-16",389,10438,1,"7-389104381","11/16/2023"
"11485","Russia","Russia","903 KamAZ 6x6","destroyed","https://i.postimg.cc/sD3p0kYF/uukt1.jpg","2023-11-16",389,10439,1,"7-389104391","11/16/2023"
"11486","Russia","Russia","903 KamAZ 6x6","destroyed","https://i.postimg.cc/yNmvnLH8/1115_Ural-4320.jpg","2023-11-16",389,10440,1,"7-389104401","11/16/2023"
"11487","Russia","Russia","903 KamAZ 6x6","destroyed","https://i.postimg.cc/JnDd0wQg/2022-04-15-Kam-AZ-6x6-destroyed-Levkovychi.jpg","2023-11-16",389,10441,1,"7-389104411","11/16/2023"
"11488","Russia","Russia","903 KamAZ 6x6","destroyed","https://i.postimg.cc/W1wjQYLm/1008-ural4320-destr.jpg","2023-11-16",389,10442,1,"7-389104421","11/16/2023"
"11489","Russia","Russia","903 KamAZ 6x6","destroyed","https://i.postimg.cc/bwPpvm4K/1004-kamaz6x6-destr.jpg","2023-11-16",389,10443,1,"7-389104431","11/16/2023"
"11490","Russia","Russia","903 KamAZ 6x6","destroyed","https://i.postimg.cc/nzdH3bS9/07-01-2022-Kamaz-6x6-destroyed.png","2023-11-16",389,10444,1,"7-389104441","11/16/2023"
"11491","Russia","Russia","903 KamAZ 6x6","destroyed","https://i.postimg.cc/wBpTvksM/10-10-2022-Kamaz-6x6x-destroyed.png","2023-11-16",389,10445,1,"7-389104451","11/16/2023"
"11492","Russia","Russia","903 KamAZ 6x6","destroyed","https://i.postimg.cc/CLJWvJTW/1000-kamaz6x6-destr.jpg","2023-11-16",389,10446,1,"7-389104461","11/16/2023"
"11493","Russia","Russia","903 KamAZ 6x6","destroyed","https://i.postimg.cc/HkhFmxLz/1001-kamaz6x6-destr.jpg","2023-11-16",389,10447,1,"7-389104471","11/16/2023"
"11494","Russia","Russia","903 KamAZ 6x6","destroyed","https://i.postimg.cc/7htnz5dQ/1006-kamaz6x6-destr.jpg","2023-11-16",389,10448,1,"7-389104481","11/16/2023"
"11495","Russia","Russia","903 KamAZ 6x6","destroyed","https://i.postimg.cc/fbYCPTSJ/1008-kamaz6x6-and-ural4320-destr.jpg","2023-11-16",389,10449,1,"7-389104491","11/16/2023"
"11496","Russia","Russia","903 KamAZ 6x6","destroyed","https://i.postimg.cc/fbYCPTSJ/1008-kamaz6x6-and-ural4320-destr.jpg","2023-11-16",389,10449,1,"7-389104491","11/16/2023"
"11497","Russia","Russia","903 KamAZ 6x6","destroyed","https://i.postimg.cc/52GHcBWt/2022-10-26-Kam-AZ-6x6-destroyed-x2-Bilohirka.jpg","2023-11-16",389,10450,1,"7-389104501","11/16/2023"
"11498","Russia","Russia","903 KamAZ 6x6","destroyed","https://i.postimg.cc/k415C61f/1021-MT-LBVMK-and-Kam-AZ-6x6-destr-4-11.jpg","2023-11-16",389,2818,1,"7-38928181","11/16/2023"
"11499","Russia","Russia","903 KamAZ 6x6","destroyed","https://i.postimg.cc/tRL5zzW5/1034-kamaz6x6-destr-3-11.jpg","2023-11-16",389,10451,1,"7-389104511","11/16/2023"
"11500","Russia","Russia","903 KamAZ 6x6","destroyed","https://i.postimg.cc/DZxrsrFq/1038-kamaz6x6-destr-3-11.jpg","2023-11-16",389,10452,1,"7-389104521","11/16/2023"
"11501","Russia","Russia","903 KamAZ 6x6","destroyed","https://i.postimg.cc/MGDV27nh/1039-kamaz6x6-destr-3-11.jpg","2023-11-16",389,10453,1,"7-389104531","11/16/2023"
"11502","Russia","Russia","903 KamAZ 6x6","destroyed","https://i.postimg.cc/6QP0zDHK/1005-kamaz6x6x-destr.jpg","2023-11-16",389,10454,1,"7-389104541","11/16/2023"
"11503","Russia","Russia","903 KamAZ 6x6","destroyed","https://twitter.com/UAWeapons/status/1590474674999558145","2023-11-16",389,8,1,"7-38981","11/16/2023"
"11504","Russia","Russia","903 KamAZ 6x6","destroyed","https://twitter.com/UAWeapons/status/1590719204202012672","2023-11-16",389,7460,1,"7-38974601","11/16/2023"
"11505","Russia","Russia","903 KamAZ 6x6","destroyed","https://twitter.com/UAWeapons/status/1591128135848058881","2023-11-16",389,1408,1,"7-38914081","11/16/2023"
"11506","Russia","Russia","903 KamAZ 6x6","destroyed","https://i.postimg.cc/wBJqGPyB/1005-kamaz-6x6-destr.jpg","2023-11-16",389,10455,1,"7-389104551","11/16/2023"
"11507","Russia","Russia","903 KamAZ 6x6","destroyed","https://i.postimg.cc/85NSnCgy/1006-kamaz-6x6-destr.jpg","2023-11-16",389,10456,1,"7-389104561","11/16/2023"
"11508","Russia","Russia","903 KamAZ 6x6","destroyed","https://i.postimg.cc/B61VNKjn/1005-Kam-AZ-6x6-destr-29-06-23.jpg","2023-11-16",389,10457,1,"7-389104571","11/16/2023"
"11509","Russia","Russia","903 KamAZ 6x6","destroyed","https://i.postimg.cc/xqDhHzLy/1000-kamaz-6x6-destr.jpg","2023-11-16",389,10458,1,"7-389104581","11/16/2023"
"11510","Russia","Russia","903 KamAZ 6x6","destroyed","https://i.postimg.cc/P54fXXkF/1027-kamaz6x6-destr.jpg","2023-11-16",389,10459,1,"7-389104591","11/16/2023"
"11511","Russia","Russia","903 KamAZ 6x6","destroyed","https://i.postimg.cc/K8cR2Bng/1016-bmp1am-kamaz-destr.jpg","2023-11-16",389,10460,1,"7-389104601","11/16/2023"
"11512","Russia","Russia","903 KamAZ 6x6","destroyed","https://i.postimg.cc/25JcScpq/2022-11-12-Kam-AZ-x2.jpg","2023-11-16",389,10461,1,"7-389104611","11/16/2023"
"11513","Russia","Russia","903 KamAZ 6x6","destroyed","https://twitter.com/UAWeapons/status/1591880110893944833","2023-11-16",389,10462,1,"7-389104621","11/16/2023"
"11514","Russia","Russia","903 KamAZ 6x6","destroyed","https://i.postimg.cc/prMsDmLR/2022-11-12-Zhitel-Kam-AZ.jpg","2023-11-16",389,8440,1,"7-38984401","11/16/2023"
"11515","Russia","Russia","903 KamAZ 6x6","destroyed","https://i.postimg.cc/bY1Cq9mJ/2022-11-12-Kam-AZ-6x6-3.jpg","2023-11-16",389,10463,1,"7-389104631","11/16/2023"
"11516","Russia","Russia","903 KamAZ 6x6","destroyed","https://i.postimg.cc/3wXDXrJh/2022-11-12-Kam-AZ-6x6.jpg","2023-11-16",389,10464,1,"7-389104641","11/16/2023"
"11517","Russia","Russia","903 KamAZ 6x6","destroyed","https://i.postimg.cc/Jn5TbQjg/1022-4x-kamaz6x6-destr.jpg","2023-11-16",389,10465,1,"7-389104651","11/16/2023"
"11518","Russia","Russia","903 KamAZ 6x6","destroyed","https://i.postimg.cc/k4m16HRK/1016-kamaz6x6-destr.png","2023-11-16",389,10466,1,"7-389104661","11/16/2023"
"11519","Russia","Russia","903 KamAZ 6x6","destroyed","https://i.postimg.cc/bNN594CR/1002-kamaz6x6-destr-14-11.jpg","2023-11-16",389,10467,1,"7-389104671","11/16/2023"
"11520","Russia","Russia","903 KamAZ 6x6","destroyed","https://i.postimg.cc/mDQPhP0C/1014-kamaz6x6-destr.jpg","2023-11-16",389,10468,1,"7-389104681","11/16/2023"
"11521","Russia","Russia","903 KamAZ 6x6","destroyed","https://twitter.com/wartranslated/status/1593573406829678593","2023-11-16",389,10469,1,"7-389104691","11/16/2023"
"11522","Russia","Russia","903 KamAZ 6x6","destroyed","https://i.postimg.cc/m24fcXCP/1007-kamaz-6x6-destr.jpg","2023-11-16",389,10470,1,"7-389104701","11/16/2023"
"11523","Russia","Russia","903 KamAZ 6x6","destroyed","https://i.postimg.cc/C1YD2b0y/1003-Kam-AZ-6x6-destr.jpg","2023-11-16",389,10471,1,"7-389104711","11/16/2023"
"11524","Russia","Russia","903 KamAZ 6x6","destroyed","https://twitter.com/UAWeapons/status/1596126216133971969","2023-11-16",389,1054,1,"7-38910541","11/16/2023"
"11525","Russia","Russia","903 KamAZ 6x6","destroyed","https://twitter.com/UAWeapons/status/1596483166679621632","2023-11-16",389,7088,1,"7-38970881","11/16/2023"
"11526","Russia","Russia","903 KamAZ 6x6","destroyed","https://i.postimg.cc/VvZXFQpm/2022-11-13-Kam-AZ-6x6-destroyed-x2.jpg","2023-11-16",389,10472,1,"7-389104721","11/16/2023"
"11527","Russia","Russia","903 KamAZ 6x6","destroyed","https://i.postimg.cc/VLTjrwXF/2022-11-13-Kam-AZ-6x6-destroyed-3.jpg","2023-11-16",389,10473,1,"7-389104731","11/16/2023"
"11528","Russia","Russia","903 KamAZ 6x6","destroyed","https://i.postimg.cc/7Yp2PVys/2022-11-13-Kam-AZ-6x6-destroyed-2.jpg","2023-11-16",389,10474,1,"7-389104741","11/16/2023"
"11529","Russia","Russia","903 KamAZ 6x6","destroyed","https://i.postimg.cc/mkKtDbKz/2022-11-13-Kam-AZ-6x6-destroyed.jpg","2023-11-16",389,10475,1,"7-389104751","11/16/2023"
"11530","Russia","Russia","903 KamAZ 6x6","destroyed","https://i.postimg.cc/L62Ty3D6/1012-Kam-AZ6x6-destr.jpg","2023-11-16",389,10476,1,"7-389104761","11/16/2023"
"11531","Russia","Russia","903 KamAZ 6x6","destroyed","https://i.postimg.cc/8Czp695g/1009-2x-Kam-AZ-destr.jpg","2023-11-16",389,10477,1,"7-389104771","11/16/2023"
"11532","Russia","Russia","903 KamAZ 6x6","destroyed","https://i.postimg.cc/ZqSxPk7z/1048-Kam-AZ-6x6-destr-20-02-23.jpg","2023-11-16",389,10478,1,"7-389104781","11/16/2023"
"11533","Russia","Russia","903 KamAZ 6x6","destroyed","https://i.postimg.cc/Wb01L0KC/1007-Kam-AZ-destr.jpg","2023-11-16",389,10479,1,"7-389104791","11/16/2023"
"11534","Russia","Russia","903 KamAZ 6x6","destroyed","https://i.postimg.cc/kg9XnBP4/1006-Kam-AZ-destr.jpg","2023-11-16",389,10480,1,"7-389104801","11/16/2023"
"11535","Russia","Russia","903 KamAZ 6x6","destroyed","https://i.postimg.cc/8cZmXZK5/1003-kamaz6x6-destr.jpg","2023-11-16",389,10481,1,"7-389104811","11/16/2023"
"11536","Russia","Russia","903 KamAZ 6x6","destroyed","https://i.postimg.cc/T33VNstH/1008-kamaz6x6-destr.jpg","2023-11-16",389,10482,1,"7-389104821","11/16/2023"
"11537","Russia","Russia","903 KamAZ 6x6","destroyed","https://i.postimg.cc/ydccSCNW/1009-kamaz6x6-destr.jpg","2023-11-16",389,10483,1,"7-389104831","11/16/2023"
"11538","Russia","Russia","903 KamAZ 6x6","destroyed","https://i.postimg.cc/2S94sxJj/1019-kamaz6x6-destr.jpg","2023-11-16",389,10484,1,"7-389104841","11/16/2023"
"11539","Russia","Russia","903 KamAZ 6x6","destroyed","https://i.postimg.cc/Hs202m9y/1020-kamaz6x6-destr.jpg","2023-11-16",389,10485,1,"7-389104851","11/16/2023"
"11540","Russia","Russia","903 KamAZ 6x6","destroyed","https://i.postimg.cc/G3vx4GBz/1023-kamaz6x6-destr.jpg","2023-11-16",389,10486,1,"7-389104861","11/16/2023"
"11541","Russia","Russia","903 KamAZ 6x6","destroyed","https://i.postimg.cc/mgnHXgzt/1025-kamaz6x6-destr.jpg","2023-11-16",389,10487,1,"7-389104871","11/16/2023"
"11542","Russia","Russia","903 KamAZ 6x6","destroyed","https://i.postimg.cc/k5JHD6gC/1006-kamaz6x6-destr-05-10.jpg","2023-11-16",389,10488,1,"7-389104881","11/16/2023"
"11543","Russia","Russia","903 KamAZ 6x6","destroyed","https://i.postimg.cc/65YjvFKt/2022-03-30-Kam-AZ-6x6-destroyed-Severynivka.jpg","2023-11-16",389,10489,1,"7-389104891","11/16/2023"
"11544","Russia","Russia","903 KamAZ 6x6","destroyed","https://i.postimg.cc/SQcfW3WH/2022-04-03-Kam-AZ-destroyed-Zdvyzhivka.jpg","2023-11-16",389,10490,1,"7-389104901","11/16/2023"
"11545","Russia","Russia","903 KamAZ 6x6","destroyed","https://i.postimg.cc/fLmKnn4F/2022-04-04-Kam-AZ-6x6-destroyed-Chernihiv.jpg","2023-11-16",389,10491,1,"7-389104911","11/16/2023"
"11546","Russia","Russia","903 KamAZ 6x6","destroyed","https://i.postimg.cc/Kj77x3Gm/2022-04-06-Kam-AZ-6x6-x2-destroyed-Zdvyzhivka.jpg","2023-11-16",389,10492,1,"7-389104921","11/16/2023"
"11547","Russia","Russia","903 KamAZ 6x6","destroyed","https://i.postimg.cc/Kj77x3Gm/2022-04-06-Kam-AZ-6x6-x2-destroyed-Zdvyzhivka.jpg","2023-11-16",389,10492,1,"7-389104921","11/16/2023"
"11548","Russia","Russia","903 KamAZ 6x6","destroyed","https://i.postimg.cc/hjqw60zS/2022-04-17-Kam-AZ-6x6-destroyed.jpg","2023-11-16",389,10493,1,"7-389104931","11/16/2023"
"11549","Russia","Russia","903 KamAZ 6x6","destroyed","https://i.postimg.cc/m2hddnXY/2022-04-17-Kam-AZ-6x6-destroyed-x2.jpg","2023-11-16",389,10494,1,"7-389104941","11/16/2023"
"11550","Russia","Russia","903 KamAZ 6x6","destroyed","https://i.postimg.cc/m2hddnXY/2022-04-17-Kam-AZ-6x6-destroyed-x2.jpg","2023-11-16",389,10494,1,"7-389104941","11/16/2023"
"11551","Russia","Russia","903 KamAZ 6x6","destroyed","https://i.postimg.cc/XqxYpqSC/2022-04-25-Kam-AZ-6x6-destroyed-Shestovytsya.jpg","2023-11-16",389,10495,1,"7-389104951","11/16/2023"
"11552","Russia","Russia","903 KamAZ 6x6","destroyed","https://i.postimg.cc/6pjhsgwh/2022-04-27-Kam-AZ-6x6-destroyed.jpg","2023-11-16",389,10496,1,"7-389104961","11/16/2023"
"11553","Russia","Russia","903 KamAZ 6x6","destroyed","https://i.postimg.cc/jjBQ2fDw/2022-04-27-Kam-AZ-6x6-destroyed-2.jpg","2023-11-16",389,10497,1,"7-389104971","11/16/2023"
"11554","Russia","Russia","903 KamAZ 6x6","destroyed","https://i.postimg.cc/fLsGnc2f/2022-05-08-Kam-AZ-6x6-x3.jpg","2023-11-16",389,10498,1,"7-389104981","11/16/2023"
"11555","Russia","Russia","903 KamAZ 6x6","destroyed","https://i.postimg.cc/fLsGnc2f/2022-05-08-Kam-AZ-6x6-x3.jpg","2023-11-16",389,10498,1,"7-389104981","11/16/2023"
"11556","Russia","Russia","903 KamAZ 6x6","destroyed","https://i.postimg.cc/fLsGnc2f/2022-05-08-Kam-AZ-6x6-x3.jpg","2023-11-16",389,10498,1,"7-389104981","11/16/2023"
"11557","Russia","Russia","903 KamAZ 6x6","destroyed","https://i.postimg.cc/RVD2bQc5/1020-kamaz6x6-destr.jpg","2023-11-16",389,10499,1,"7-389104991","11/16/2023"
"11558","Russia","Russia","903 KamAZ 6x6","destroyed","https://i.postimg.cc/ZKQCgynR/1010-kamaz6x6-destr.jpg","2023-11-16",389,10500,1,"7-389105001","11/16/2023"
"11559","Russia","Russia","903 KamAZ 6x6","destroyed","https://i.postimg.cc/rwtKLFR9/1011-kamaz6x6-destr.jpg","2023-11-16",389,10501,1,"7-389105011","11/16/2023"
"11560","Russia","Russia","903 KamAZ 6x6","destroyed","https://i.postimg.cc/mrfhZfQW/1012-kamaz6x6-destr.jpg","2023-11-16",389,10502,1,"7-389105021","11/16/2023"
"11561","Russia","Russia","903 KamAZ 6x6","destroyed","https://i.postimg.cc/HxTx5wZS/1027-kam-AZ6x6-destr-11-10-22.jpg","2023-11-16",389,10503,1,"7-389105031","11/16/2023"
"11562","Russia","Russia","903 KamAZ 6x6","destroyed","https://i.postimg.cc/T14YZZRS/1022-kamaz6x6-destr.jpg","2023-11-16",389,10504,1,"7-389105041","11/16/2023"
"11563","Russia","Russia","903 KamAZ 6x6","destroyed","https://i.postimg.cc/4d4fnJyq/1034-kamaz6x6-destr.jpg","2023-11-16",389,10505,1,"7-389105051","11/16/2023"
"11564","Russia","Russia","903 KamAZ 6x6","destroyed","https://i.postimg.cc/SKQKBcJZ/1003-Kam-AZ-6x6-destr.jpg","2023-11-16",389,10506,1,"7-389105061","11/16/2023"
"11565","Russia","Russia","903 KamAZ 6x6","destroyed","https://i.postimg.cc/DmVk735v/1011-Kam-AZ-6x6-destr.jpg","2023-11-16",389,10507,1,"7-389105071","11/16/2023"
"11566","Russia","Russia","903 KamAZ 6x6","destroyed","https://i.postimg.cc/nV9LfFht/1014-Kam-AZ-6x6-destr.jpg","2023-11-16",389,10508,1,"7-389105081","11/16/2023"
"11567","Russia","Russia","903 KamAZ 6x6","destroyed","https://twitter.com/UAWeapons/status/1608155282416308224","2023-11-16",389,10509,1,"7-389105091","11/16/2023"
"11568","Russia","Russia","903 KamAZ 6x6","destroyed","https://i.postimg.cc/ryQJRk6m/1020-kamaz-6x6-destr-28-12-22.jpg","2023-11-16",389,10510,1,"7-389105101","11/16/2023"
"11569","Russia","Russia","903 KamAZ 6x6","destroyed","https://i.postimg.cc/dt9VGrny/1004-kamaz6x6-destr-06-04-22.jpg","2023-11-16",389,10511,1,"7-389105111","11/16/2023"
"11570","Russia","Russia","903 KamAZ 6x6","destroyed","https://i.postimg.cc/tgnbvxdD/1015-kamaz6x6-destr-25-11-22.jpg","2023-11-16",389,10512,1,"7-389105121","11/16/2023"
"11571","Russia","Russia","903 KamAZ 6x6","destroyed","https://i.postimg.cc/qvSVK7fK/1024-kamaz6x6-destr-01-12-22.jpg","2023-11-16",389,10513,1,"7-389105131","11/16/2023"
"11572","Russia","Russia","903 KamAZ 6x6","destroyed","https://i.postimg.cc/pTMkwX4X/1001-kamaz-6x6-destr-15-11-22.jpg","2023-11-16",389,10514,1,"7-389105141","11/16/2023"
"11573","Russia","Russia","903 KamAZ 6x6","destroyed","https://i.postimg.cc/W1RD6Fk3/1007-kamaz-6x6-destr-30-12-22.jpg","2023-11-16",389,10515,1,"7-389105151","11/16/2023"
"11574","Russia","Russia","903 KamAZ 6x6","destroyed","https://i.postimg.cc/hvchHm7p/1007-kamaz6x6-destr-08-01-23.jpg","2023-11-16",389,10516,1,"7-389105161","11/16/2023"
"11575","Russia","Russia","903 KamAZ 6x6","destroyed","https://i.postimg.cc/63QT5CDH/1018-kamaz-6x6-destr-04-04-22.jpg","2023-11-16",389,10517,1,"7-389105171","11/16/2023"
"11576","Russia","Russia","903 KamAZ 6x6","destroyed","https://i.postimg.cc/Lsp1RY97/1022-kamaz-6x6-destr-29-12-22.jpg","2023-11-16",389,10518,1,"7-389105181","11/16/2023"
"11577","Russia","Russia","903 KamAZ 6x6","destroyed","https://i.postimg.cc/d13NMj3K/1013-kamaz-6x6-destr-08-01-23.jpg","2023-11-16",389,10519,1,"7-389105191","11/16/2023"
"11578","Russia","Russia","903 KamAZ 6x6","destroyed","https://i.postimg.cc/4xR0KcLz/1014-kamaz-6x6-destr-08-01-23.jpg","2023-11-16",389,10520,1,"7-389105201","11/16/2023"
"11579","Russia","Russia","903 KamAZ 6x6","destroyed","https://i.postimg.cc/vZ7N5mkC/1015-kamaz-6x6-destr-08-01-23.jpg","2023-11-16",389,10521,1,"7-389105211","11/16/2023"
"11580","Russia","Russia","903 KamAZ 6x6","destroyed","https://i.postimg.cc/BnsGrR09/1033-kamaz6x6x-unkn-truck-destr-08-01-23.jpg","2023-11-16",389,10522,1,"7-389105221","11/16/2023"
"11581","Russia","Russia","903 KamAZ 6x6","destroyed","https://i.postimg.cc/SQ2qCWr5/1036-kamaz6x6-destr-18-11-22.jpg","2023-11-16",389,10523,1,"7-389105231","11/16/2023"
"11582","Russia","Russia","903 KamAZ 6x6","destroyed","https://i.postimg.cc/XJHPXr1f/1022-kamaz6x6-destr-11-01-23.jpg","2023-11-16",389,10524,1,"7-389105241","11/16/2023"
"11583","Russia","Russia","903 KamAZ 6x6","destroyed","https://i.postimg.cc/BvJ7gTd5/1023-kamaz6x6-destr-15-12-22.jpg","2023-11-16",389,10525,1,"7-389105251","11/16/2023"
"11584","Russia","Russia","903 KamAZ 6x6","destroyed","https://i.postimg.cc/9f18N4h6/1028-kamaz6x6-destr-08-11-22.jpg","2023-11-16",389,10526,1,"7-389105261","11/16/2023"
"11585","Russia","Russia","903 KamAZ 6x6","destroyed","https://i.postimg.cc/DZMCntm5/1030-kamaz6x6-destr-14-09-22.jpg","2023-11-16",389,10527,1,"7-389105271","11/16/2023"
"11586","Russia","Russia","903 KamAZ 6x6","destroyed","https://i.postimg.cc/D06mFzrF/1008-2x-kamaz6x6-destr-08-01-23.jpg","2023-11-16",389,10528,1,"7-389105281","11/16/2023"
"11587","Russia","Russia","903 KamAZ 6x6","destroyed","https://i.postimg.cc/c4CyTsmH/1002-Kam-AZ6x6-destr-13-01-23.jpg","2023-11-16",389,10529,1,"7-389105291","11/16/2023"
"11588","Russia","Russia","903 KamAZ 6x6","destroyed","https://i.postimg.cc/SNqwWpcH/1002-Kam-AZ6x6-destr-17-01-23.jpg","2023-11-16",389,10530,1,"7-389105301","11/16/2023"
"11589","Russia","Russia","903 KamAZ 6x6","destroyed","https://i.postimg.cc/1tZfGsv3/1007-kamaz6x6-destr-14-01-23.jpg","2023-11-16",389,10531,1,"7-389105311","11/16/2023"
"11590","Russia","Russia","903 KamAZ 6x6","destroyed","https://i.postimg.cc/dVB4gDB5/1023-kamaz-dam-capt.jpg","2023-11-16",389,10532,1,"7-389105321","11/16/2023"
"11591","Russia","Russia","903 KamAZ 6x6","destroyed","https://i.postimg.cc/1t0p6brY/1015-Kam-AZ-6x6-destr-23-01-23.jpg","2023-11-16",389,10533,1,"7-389105331","11/16/2023"
"11592","Russia","Russia","903 KamAZ 6x6","destroyed","https://i.postimg.cc/XvNhTFhk/1026-kamaz6x6-destr-20-01-23.jpg","2023-11-16",389,10534,1,"7-389105341","11/16/2023"
"11593","Russia","Russia","903 KamAZ 6x6","destroyed","https://i.postimg.cc/zGVTVhj0/1047-Kam-AZ6x6-destr-12-11-22.png","2023-11-16",389,10535,1,"7-389105351","11/16/2023"
"11594","Russia","Russia","903 KamAZ 6x6","destroyed","https://i.postimg.cc/bwfc8q5X/1022-Kam-AZ-6x6-destr-30-01-23.jpg","2023-11-16",389,10536,1,"7-389105361","11/16/2023"
"11595","Russia","Russia","903 KamAZ 6x6","destroyed","https://i.postimg.cc/wMRZ8rcT/1043-kamaz6x6-destr-31-01-23.jpg","2023-11-16",389,10537,1,"7-389105371","11/16/2023"
"11596","Russia","Russia","903 KamAZ 6x6","destroyed","https://i.postimg.cc/hGhH1hzd/1019-kamaz6x6-destr-30-01-23.jpg","2023-11-16",389,10538,1,"7-389105381","11/16/2023"
"11597","Russia","Russia","903 KamAZ 6x6","destroyed","https://i.postimg.cc/0N3hWxDH/1027-kamaz6x6-destr-30-01-23.jpg","2023-11-16",389,10539,1,"7-389105391","11/16/2023"
"11598","Russia","Russia","903 KamAZ 6x6","destroyed","https://i.postimg.cc/59mmjS6z/5f.png","2023-11-16",389,10540,1,"7-389105401","11/16/2023"
"11599","Russia","Russia","903 KamAZ 6x6","destroyed","https://i.postimg.cc/c4MRb41c/1042-kamaz6x6-desr-04-02-23.jpg","2023-11-16",389,10541,1,"7-389105411","11/16/2023"
"11600","Russia","Russia","903 KamAZ 6x6","destroyed","https://i.postimg.cc/P5mmMVF4/1020-2x-kamaz6x6-destr-08-02-23.jpg","2023-11-16",389,10542,1,"7-389105421","11/16/2023"
"11601","Russia","Russia","903 KamAZ 6x6","destroyed","https://i.postimg.cc/bNS0Zwx4/1021-kamaz6x6-destr-08-02-23.jpg","2023-11-16",389,10543,1,"7-389105431","11/16/2023"
"11602","Russia","Russia","903 KamAZ 6x6","destroyed","https://i.postimg.cc/sg9NfR1z/1007-kamaz6x6-destr-11-02-23.jpg","2023-11-16",389,10544,1,"7-389105441","11/16/2023"
"11603","Russia","Russia","903 KamAZ 6x6","destroyed","https://i.postimg.cc/26JZnPqX/1018-2x-kamaz6x6-destr-11-02-23.jpg","2023-11-16",389,10545,1,"7-389105451","11/16/2023"
"11604","Russia","Russia","903 KamAZ 6x6","destroyed","https://i.postimg.cc/vHnKjnsc/1015-kamaz6x6-destr-11-02-23.jpg","2023-11-16",389,10546,1,"7-389105461","11/16/2023"
"11605","Russia","Russia","903 KamAZ 6x6","destroyed","https://i.postimg.cc/1zv76cpY/1016-kamaz6x6-destr-11-02-23.jpg","2023-11-16",389,10547,1,"7-389105471","11/16/2023"
"11606","Russia","Russia","903 KamAZ 6x6","destroyed","https://i.postimg.cc/cLBRGcM7/1012-kamaz6x6-destr-11-02-23.jpg","2023-11-16",389,10548,1,"7-389105481","11/16/2023"
"11607","Russia","Russia","903 KamAZ 6x6","destroyed","https://i.postimg.cc/W3n3xdbm/1019-kamaz6x6-destr-15-02-23.jpg","2023-11-16",389,10549,1,"7-389105491","11/16/2023"
"11608","Russia","Russia","903 KamAZ 6x6","destroyed","https://i.postimg.cc/4yxdGXmD/1024-kamaz6x6-destr-16-02-23.jpg","2023-11-16",389,10550,1,"7-389105501","11/16/2023"
"11609","Russia","Russia","903 KamAZ 6x6","destroyed","https://i.postimg.cc/zBp7XdkZ/1017-Kam-AZ-6x6-destr-16-02-23.jpg","2023-11-16",389,10551,1,"7-389105511","11/16/2023"
"11610","Russia","Russia","903 KamAZ 6x6","destroyed","https://i.postimg.cc/7Z7NTPNN/1021-Kam-AZ-6x6-destr-04-02-23.jpg","2023-11-16",389,10552,1,"7-389105521","11/16/2023"
"11611","Russia","Russia","903 KamAZ 6x6","destroyed","https://i.postimg.cc/vmtL3Pkg/1047-Kam-AZ-6x6-destr-20-02-23.jpg","2023-11-16",389,10553,1,"7-389105531","11/16/2023"
"11612","Russia","Russia","903 KamAZ 6x6","destroyed","https://i.postimg.cc/NGHYwjXP/1011-kamaz6x6-destr-23-02-23.jpg","2023-11-16",389,10554,1,"7-389105541","11/16/2023"
"11613","Russia","Russia","903 KamAZ 6x6","destroyed","https://i.postimg.cc/Dwvn9hT6/1020-Kam-AZ-6x6-destr-30-03-22.jpg","2023-11-16",389,10555,1,"7-389105551","11/16/2023"
"11614","Russia","Russia","903 KamAZ 6x6","destroyed","https://i.postimg.cc/Zqgmvyys/1034-kamaz6x6-destr-26-02-23.jpg","2023-11-16",389,10556,1,"7-389105561","11/16/2023"
"11615","Russia","Russia","903 KamAZ 6x6","destroyed","https://i.postimg.cc/3NDFxWDs/1011-kamaz6x-destr-27-02-23.jpg","2023-11-16",389,10557,1,"7-389105571","11/16/2023"
"11616","Russia","Russia","903 KamAZ 6x6","destroyed","https://postlmg.cc/tZk7B5WK","2023-11-16",389,10558,1,"7-389105581","11/16/2023"
"11617","Russia","Russia","903 KamAZ 6x6","destroyed","https://i.postimg.cc/rFSdHK01/1025-kamaz6x6-destr-01-03-23.jpg","2023-11-16",389,10559,1,"7-389105591","11/16/2023"
"11618","Russia","Russia","903 KamAZ 6x6","destroyed","https://i.postimg.cc/L6dYvzX4/1029-kamaz6x6-destr-02-03-23.jpg","2023-11-16",389,10560,1,"7-389105601","11/16/2023"
"11619","Russia","Russia","903 KamAZ 6x6","destroyed","https://i.postimg.cc/LskJ94Zh/1021-kamaz6x6-destr-06-03-23.jpg","2023-11-16",389,10561,1,"7-389105611","11/16/2023"
"11620","Russia","Russia","903 KamAZ 6x6","destroyed","https://i.postimg.cc/bNKr1Sxs/1037-kamaz6x6-destr-05-03-23.jpg","2023-11-16",389,10562,1,"7-389105621","11/16/2023"
"11621","Russia","Russia","903 KamAZ 6x6","destroyed","https://i.postimg.cc/1XdtCfb7/1041-kamaz6x6-destr-04-03-23.jpg","2023-11-16",389,10563,1,"7-389105631","11/16/2023"
"11622","Russia","Russia","903 KamAZ 6x6","destroyed","https://i.postimg.cc/QC25V0xC/1004-3-destr-BMP-2-2-destr-Kam-AZ-6x6-4-damaged-T-62-M-09-03-23.jpg","2023-11-16",389,27,1,"7-389271","11/16/2023"
"11623","Russia","Russia","903 KamAZ 6x6","destroyed","https://i.postimg.cc/VL0JGxzb/1015-kamaz6x6-destr-08-02-23.jpg","2023-11-16",389,10564,1,"7-389105641","11/16/2023"
"11624","Russia","Russia","903 KamAZ 6x6","destroyed","https://i.postimg.cc/ZRQdfcjr/1007-kamaz6x6-destr-12-03-23.jpg","2023-11-16",389,10565,1,"7-389105651","11/16/2023"
"11625","Russia","Russia","903 KamAZ 6x6","destroyed","https://i.postimg.cc/L68wDD3G/1005-kamaz-truck-destr-15-03-23.jpg","2023-11-16",389,10566,1,"7-389105661","11/16/2023"
"11626","Russia","Russia","903 KamAZ 6x6","destroyed","https://i.postimg.cc/zX2Mchdv/1006-kamaz-truck-destr-15-03-23.jpg","2023-11-16",389,10567,1,"7-389105671","11/16/2023"
"11627","Russia","Russia","903 KamAZ 6x6","destroyed","https://i.postimg.cc/hj86y3wR/1017-kamaz-6x6-destr-xx-03-22.jpg","2023-11-16",389,10568,1,"7-389105681","11/16/2023"
"11628","Russia","Russia","903 KamAZ 6x6","destroyed","https://i.postimg.cc/nhtth42B/1004-Kam-AZ-6x6-destr-04-03-23.jpg","2023-11-16",389,10569,1,"7-389105691","11/16/2023"
"11629","Russia","Russia","903 KamAZ 6x6","destroyed","https://i.postimg.cc/Tw1z4C2M/1011-ural4320-and-kamaz6x6-destr-17-03-23.jpg","2023-11-16",389,9462,1,"7-38994621","11/16/2023"
"11630","Russia","Russia","903 KamAZ 6x6","destroyed","https://i.postimg.cc/yxSwVxSL/1030-2x-Kam-AZ-6x6-1x-Kam-AZ-6x6-tanker-destr-16-03-23.jpg","2023-11-16",389,10570,1,"7-389105701","11/16/2023"
"11631","Russia","Russia","903 KamAZ 6x6","destroyed","https://i.postimg.cc/ncx7yWgd/1008-kamaz6x6-destr-21-03-23.jpg","2023-11-16",389,10571,1,"7-389105711","11/16/2023"
"11632","Russia","Russia","903 KamAZ 6x6","destroyed","https://twitter.com/UAWeapons/status/1638959148845989888","2023-11-16",389,4129,1,"7-38941291","11/16/2023"
"11633","Russia","Russia","903 KamAZ 6x6","destroyed","https://i.postimg.cc/wvjgdcYC/4f1.png","2023-11-16",389,10572,1,"7-389105721","11/16/2023"
"11634","Russia","Russia","903 KamAZ 6x6","destroyed","https://i.postimg.cc/0j4KM3XY/3.png","2023-11-16",389,10573,1,"7-389105731","11/16/2023"
"11635","Russia","Russia","903 KamAZ 6x6","destroyed","https://i.postimg.cc/NjkTbNKc/6530.png","2023-11-16",389,10574,1,"7-389105741","11/16/2023"
"11636","Russia","Russia","903 KamAZ 6x6","destroyed","https://i.postimg.cc/pXWbSrTn/b7.png","2023-11-16",389,10575,1,"7-389105751","11/16/2023"
"11637","Russia","Russia","903 KamAZ 6x6","destroyed","https://i.postimg.cc/sxydsD4q/487.png","2023-11-16",389,10576,1,"7-389105761","11/16/2023"
"11638","Russia","Russia","903 KamAZ 6x6","destroyed","https://postlmg.cc/3d2Q7pJv","2023-11-16",389,10577,1,"7-389105771","11/16/2023"
"11639","Russia","Russia","903 KamAZ 6x6","destroyed","https://i.postimg.cc/SskmK19Q/779.png","2023-11-16",389,10578,1,"7-389105781","11/16/2023"
"11640","Russia","Russia","903 KamAZ 6x6","destroyed","https://i.postimg.cc/kXXqyh18/1000-kamaz6x6-destr-07-03-23.jpg","2023-11-16",389,10579,1,"7-389105791","11/16/2023"
"11641","Russia","Russia","903 KamAZ 6x6","destroyed","https://twitter.com/naalsio26/status/1643807145350033408","2023-11-16",389,10580,1,"7-389105801","11/16/2023"
"11642","Russia","Russia","903 KamAZ 6x6","destroyed","https://twitter.com/naalsio26/status/1645236850842370048","2023-11-16",389,10581,1,"7-389105811","11/16/2023"
"11643","Russia","Russia","903 KamAZ 6x6","destroyed","https://i.postimg.cc/JncXW999/4435.png","2023-11-16",389,10582,1,"7-389105821","11/16/2023"
"11644","Russia","Russia","903 KamAZ 6x6","destroyed","https://twitter.com/UAWeapons/status/1645728664150056960","2023-11-16",389,10583,1,"7-389105831","11/16/2023"
"11645","Russia","Russia","903 KamAZ 6x6","destroyed","https://i.postimg.cc/BQxRvGrb/5887.png","2023-11-16",389,10584,1,"7-389105841","11/16/2023"
"11646","Russia","Russia","903 KamAZ 6x6","destroyed","https://twitter.com/naalsio26/status/1645578138326552576","2023-11-16",389,10585,1,"7-389105851","11/16/2023"
"11647","Russia","Russia","903 KamAZ 6x6","destroyed","https://twitter.com/naalsio26/status/1645969217701675010","2023-11-16",389,10586,1,"7-389105861","11/16/2023"
"11648","Russia","Russia","903 KamAZ 6x6","destroyed","https://i.postimg.cc/Qx8y3pfq/t6.png","2023-11-16",389,10587,1,"7-389105871","11/16/2023"
"11649","Russia","Russia","903 KamAZ 6x6","destroyed","https://i.postimg.cc/gjN4JTgH/j.png","2023-11-16",389,10588,1,"7-389105881","11/16/2023"
"11650","Russia","Russia","903 KamAZ 6x6","destroyed","https://i.postimg.cc/4NcM57zg/c.png","2023-11-16",389,10589,1,"7-389105891","11/16/2023"
"11651","Russia","Russia","903 KamAZ 6x6","destroyed","https://i.postimg.cc/htqkjDF8/379.png","2023-11-16",389,10590,1,"7-389105901","11/16/2023"
"11652","Russia","Russia","903 KamAZ 6x6","destroyed","https://twitter.com/naalsio26/status/1649263011213844484","2023-11-16",389,10591,1,"7-389105911","11/16/2023"
"11653","Russia","Russia","903 KamAZ 6x6","destroyed","https://i.postimg.cc/5yWQVjht/1007-kamaz6x6-destr-10-09-22.jpg","2023-11-16",389,10592,1,"7-389105921","11/16/2023"
"11654","Russia","Russia","903 KamAZ 6x6","destroyed","https://i.postimg.cc/3w6Dtt9m/1008-kamaz6x6-destr-10-09-22.jpg","2023-11-16",389,10593,1,"7-389105931","11/16/2023"
"11655","Russia","Russia","903 KamAZ 6x6","destroyed","https://i.postimg.cc/057tYWRw/1020-Kam-AZ-6x6-destr-26-04-23.jpg","2023-11-16",389,10594,1,"7-389105941","11/16/2023"
"11656","Russia","Russia","903 KamAZ 6x6","destroyed","https://twitter.com/naalsio26/status/1652146532823465985","2023-11-16",389,10595,1,"7-389105951","11/16/2023"
"11657","Russia","Russia","903 KamAZ 6x6","destroyed","https://i.postimg.cc/tTRqCqLY/1003-2x-kamaz6x6-destr-01-05-23.png","2023-11-16",389,10596,1,"7-389105961","11/16/2023"
"11658","Russia","Russia","903 KamAZ 6x6","destroyed","https://i.postimg.cc/DZC2WVT5/1033-kamaz6x6-destr-03-04-23.jpg","2023-11-16",389,10597,1,"7-389105971","11/16/2023"
"11659","Russia","Russia","903 KamAZ 6x6","destroyed","https://i.postimg.cc/NGzsBwbj/1034-kamaz6x6-destr-18-04-23.jpg","2023-11-16",389,10598,1,"7-389105981","11/16/2023"
"11660","Russia","Russia","903 KamAZ 6x6","destroyed","https://i.postimg.cc/kGB7KjMC/1035-kamaz6x6-destr-18-04-23.jpg","2023-11-16",389,10599,1,"7-389105991","11/16/2023"
"11661","Russia","Russia","903 KamAZ 6x6","destroyed","https://i.postimg.cc/90KCpGz7/1036-kamaz6x6-destr-18-04-23.jpg","2023-11-16",389,10600,1,"7-389106001","11/16/2023"
"11662","Russia","Russia","903 KamAZ 6x6","destroyed","https://i.postimg.cc/NjhQ273h/1039-Kam-AZ-5350-destr-26-04-23.jpg","2023-11-16",389,10601,1,"7-389106011","11/16/2023"
"11663","Russia","Russia","903 KamAZ 6x6","destroyed","https://i.postimg.cc/QN1xRHjL/1026-kamaz6x6-destr-27-04-23.jpg","2023-11-16",389,10602,1,"7-389106021","11/16/2023"
"11664","Russia","Russia","903 KamAZ 6x6","destroyed","https://i.postimg.cc/kXCX9q52/1027-kamaz6x6-destr-27-04-23.jpg","2023-11-16",389,10603,1,"7-389106031","11/16/2023"
"11665","Russia","Russia","903 KamAZ 6x6","destroyed","https://i.postimg.cc/HnwY5P6W/1028-kamaz6x6-destr-27-04-23.jpg","2023-11-16",389,10604,1,"7-389106041","11/16/2023"
"11666","Russia","Russia","903 KamAZ 6x6","destroyed","https://i.postimg.cc/HxYpkShh/1008-kamaz6x6-destr-06-05-23.jpg","2023-11-16",389,10605,1,"7-389106051","11/16/2023"
"11667","Russia","Russia","903 KamAZ 6x6","destroyed","https://i.postimg.cc/Hx6TcwGs/1010-kamaz6x6-destr-06-05-23.jpg","2023-11-16",389,10606,1,"7-389106061","11/16/2023"
"11668","Russia","Russia","903 KamAZ 6x6","destroyed","https://twitter.com/naalsio26/status/1657852654737842176","2023-11-16",389,2509,1,"7-38925091","11/16/2023"
"11669","Russia","Russia","903 KamAZ 6x6","destroyed","https://i.postimg.cc/fLPFkcYr/1009-kamaz6x6-destr-07-05-23.jpg","2023-11-16",389,10607,1,"7-389106071","11/16/2023"
"11670","Russia","Russia","903 KamAZ 6x6","destroyed","https://i.postimg.cc/L6j9K5pp/1014-kamaz6x6-destr-11-05-23.jpg","2023-11-16",389,10608,1,"7-389106081","11/16/2023"
"11671","Russia","Russia","903 KamAZ 6x6","destroyed","https://i.postimg.cc/7b8Wnqs1/1054-Kam-AZ-6x6-destr-19-11-22.jpg","2023-11-16",389,10609,1,"7-389106091","11/16/2023"
"11672","Russia","Russia","903 KamAZ 6x6","destroyed","https://i.postimg.cc/tRZRkDv7/1055-Kam-AZ-6x6-destr-01-05-22.jpg","2023-11-16",389,10610,1,"7-389106101","11/16/2023"
"11673","Russia","Russia","903 KamAZ 6x6","destroyed","https://i.postimg.cc/vT6Kn4zH/1056-Kam-AZ-6x6-destr-01-05-22.jpg","2023-11-16",389,10611,1,"7-389106111","11/16/2023"
"11674","Russia","Russia","903 KamAZ 6x6","destroyed","https://i.postimg.cc/XYv1kknc/1001-kamaz6x6-destr-12-02-23.jpg","2023-11-16",389,10612,1,"7-389106121","11/16/2023"
"11675","Russia","Russia","903 KamAZ 6x6","destroyed","https://i.postimg.cc/XvG2TNGr/1024-kamaz6x6-destr-30-11-22.jpg","2023-11-16",389,10613,1,"7-389106131","11/16/2023"
"11676","Russia","Russia","903 KamAZ 6x6","destroyed","https://i.postimg.cc/wvDwjWkH/1025-kamaz6x6-destr-15-05-23.png","2023-11-16",389,10614,1,"7-389106141","11/16/2023"
"11677","Russia","Russia","903 KamAZ 6x6","destroyed","https://i.postimg.cc/1zkWPxwJ/1026-kamaz6x6-destr-15-05-23.jpg","2023-11-16",389,10615,1,"7-389106151","11/16/2023"
"11678","Russia","Russia","903 KamAZ 6x6","destroyed","https://i.postimg.cc/cHkmVJ82/1004-1xkamaz6x6-and-2x-Ural4320-destr-22-05-23.jpg","2023-11-16",389,9509,1,"7-38995091","11/16/2023"
"11679","Russia","Russia","903 KamAZ 6x6","destroyed","https://i.postimg.cc/Kzh2PXb1/1026-kamaz6x6-destr-30-11-22.jpg","2023-11-16",389,10616,1,"7-389106161","11/16/2023"
"11680","Russia","Russia","903 KamAZ 6x6","destroyed","https://i.postimg.cc/SNgkwt6P/1011-2x-kamaz6x6-destr-31-08-22.jpg","2023-11-16",389,10617,1,"7-389106171","11/16/2023"
"11681","Russia","Russia","903 KamAZ 6x6","destroyed","https://i.postimg.cc/Z504ZFj5/1012-kamaz-6x6-destr-22-05-23.jpg","2023-11-16",389,10618,1,"7-389106181","11/16/2023"
"11682","Russia","Russia","903 KamAZ 6x6","destroyed","https://i.postimg.cc/VLfzZcCM/1022-Kam-AZ-6x6-destr-24-05-23.jpg","2023-11-16",389,10619,1,"7-389106191","11/16/2023"
"11683","Russia","Russia","903 KamAZ 6x6","destroyed","https://i.postimg.cc/BnysvLwc/1023-Kam-AZ-6x6-destr-24-05-23.jpg","2023-11-16",389,10620,1,"7-389106201","11/16/2023"
"11684","Russia","Russia","903 KamAZ 6x6","destroyed","https://i.postimg.cc/MGQwf6Ck/1025-Kam-AZ-6x6-destr-25-05-23.jpg","2023-11-16",389,10621,1,"7-389106211","11/16/2023"
"11685","Russia","Russia","903 KamAZ 6x6","destroyed","https://i.postimg.cc/50k4Vfpf/1032-kamaz6x6-destr-02-06-23.jpg","2023-11-16",389,10622,1,"7-389106221","11/16/2023"
"11686","Russia","Russia","903 KamAZ 6x6","destroyed","https://i.postimg.cc/Vv0fQXwH/1015-kamaz6x6-destr-30-05-23.jpg","2023-11-16",389,10623,1,"7-389106231","11/16/2023"
"11687","Russia","Russia","903 KamAZ 6x6","destroyed","https://i.postimg.cc/DfRsWgS0/1041_UAZ-39094_and_KamAZ_6x6_destr_08_06_23.jpg","2023-11-16",389,10624,1,"7-389106241","11/16/2023"
"11688","Russia","Russia","903 KamAZ 6x6","destroyed","https://i.postimg.cc/SQ5nRsSm/1017-kamaz6x6-destr-18-06-23.jpg","2023-11-16",389,10625,1,"7-389106251","11/16/2023"
"11689","Russia","Russia","903 KamAZ 6x6","destroyed","https://i.postimg.cc/7Z70b4nk/1012-kamaz6x6-destr-01-06-23.jpg","2023-11-16",389,10626,1,"7-389106261","11/16/2023"
"11690","Russia","Russia","903 KamAZ 6x6","destroyed","https://i.postimg.cc/cJB3Mczk/1020-Kam-AZ-6x6-destr-31-12-22.jpg","2023-11-16",389,10627,1,"7-389106271","11/16/2023"
"11691","Russia","Russia","903 KamAZ 6x6","destroyed","https://i.postimg.cc/G35yQtMR/1037-kamaz6x6-destr-18-05-23.jpg","2023-11-16",389,10628,1,"7-389106281","11/16/2023"
"11692","Russia","Russia","903 KamAZ 6x6","destroyed","https://i.postimg.cc/gjzjcRJy/1025-kamaz6x6-destr-23-06-23.jpg","2023-11-16",389,10629,1,"7-389106291","11/16/2023"
"11693","Russia","Russia","903 KamAZ 6x6","destroyed","https://i.postimg.cc/R0wZcGJQ/1029-Kam-AZ-6x6-destr-22-05-23.jpg","2023-11-16",389,10630,1,"7-389106301","11/16/2023"
"11694","Russia","Russia","903 KamAZ 6x6","destroyed","https://i.postimg.cc/Vk5yx2yp/1006-kamaz6x6-destr-21-06-23.jpg","2023-11-16",389,10631,1,"7-389106311","11/16/2023"
"11695","Russia","Russia","903 KamAZ 6x6","destroyed","https://i.postimg.cc/50BD5VvY/1008-kamaz6x6-destr-20-06-23.jpg","2023-11-16",389,10632,1,"7-389106321","11/16/2023"
"11696","Russia","Russia","903 KamAZ 6x6","destroyed","https://i.postimg.cc/wxkS79gn/1010-Kam-AZ-6x6-destr-30-11-22.jpg","2023-11-16",389,10633,1,"7-389106331","11/16/2023"
"11697","Russia","Russia","903 KamAZ 6x6","destroyed","https://i.postimg.cc/JnV9BnyC/1022-Kam-AZ-6x6-destr-27-11-22.jpg","2023-11-16",389,10634,1,"7-389106341","11/16/2023"
"11698","Russia","Russia","903 KamAZ 6x6","destroyed","https://i.postimg.cc/3wDsRpxZ/1027-Kam-AZ-6x6-destr-24-06-23.jpg","2023-11-16",389,10635,1,"7-389106351","11/16/2023"
"11699","Russia","Russia","903 KamAZ 6x6","destroyed","https://i.postimg.cc/fTT1d1by/1055-kamaz6x6-destr-27-06-23.jpg","2023-11-16",389,10636,1,"7-389106361","11/16/2023"
"11700","Russia","Russia","903 KamAZ 6x6","destroyed","https://i.postimg.cc/TYsZ8Z9q/444.png","2023-11-16",389,10637,1,"7-389106371","11/16/2023"
"11701","Russia","Russia","903 KamAZ 6x6","destroyed","https://twitter.com/naalsio26/status/1674570925188980736","2023-11-16",389,10638,1,"7-389106381","11/16/2023"
"11702","Russia","Russia","903 KamAZ 6x6","destroyed","https://i.postimg.cc/Pq40kKD5/1017-Kam-AZ-6x6-destr-22-11-22.jpg","2023-11-16",389,10639,1,"7-389106391","11/16/2023"
"11703","Russia","Russia","903 KamAZ 6x6","destroyed","https://twitter.com/naalsio26/status/1676373218846711808","2023-11-16",389,1509,1,"7-38915091","11/16/2023"
"11704","Russia","Russia","903 KamAZ 6x6","destroyed","https://i.postimg.cc/fymk2HDm/1027-2x-kamaz6x6-destr-12-05-23.jpg","2023-11-16",389,10640,1,"7-389106401","11/16/2023"
"11705","Russia","Russia","903 KamAZ 6x6","destroyed","https://i.postimg.cc/bNpQ6qc1/1003-kamaz6x6-destr-18-04-23.jpg","2023-11-16",389,10641,1,"7-389106411","11/16/2023"
"11706","Russia","Russia","903 KamAZ 6x6","destroyed","https://i.postimg.cc/GhGDshLt/1029-GAZ-Tigr-M-and-Kamaz6x6-destr-28-06-23.jpg","2023-11-16",389,6311,1,"7-38963111","11/16/2023"
"11707","Russia","Russia","903 KamAZ 6x6","destroyed","https://i.postimg.cc/RFWdr5ct/1000-kamaz6x6-destr-10-07-23.jpg","2023-11-16",389,10642,1,"7-389106421","11/16/2023"
"11708","Russia","Russia","903 KamAZ 6x6","destroyed","https://i.postimg.cc/gjRKJVtk/1004-Kam-AZ-6x6-destr-09-07-23.jpg","2023-11-16",389,10643,1,"7-389106431","11/16/2023"
"11709","Russia","Russia","903 KamAZ 6x6","destroyed","https://i.postimg.cc/t4DNYCkP/1006-Kam-AZ-6x6-destr-18-09-22.jpg","2023-11-16",389,10644,1,"7-389106441","11/16/2023"
"11710","Russia","Russia","903 KamAZ 6x6","destroyed","https://i.postimg.cc/jjgckdJK/1020-Kam-AZ-6x6-destr-31-05-22.jpg","2023-11-16",389,10645,1,"7-389106451","11/16/2023"
"11711","Russia","Russia","903 KamAZ 6x6","destroyed","https://i.postimg.cc/ZRXc47cM/1032-Kam-AZ-6x6-destr-31-08-22.jpg","2023-11-16",389,10646,1,"7-389106461","11/16/2023"
"11712","Russia","Russia","903 KamAZ 6x6","destroyed","https://i.postimg.cc/rytjQTyX/1037-Kam-AZ-6x6-destr-28-06-23.jpg","2023-11-16",389,10647,1,"7-389106471","11/16/2023"
"11713","Russia","Russia","903 KamAZ 6x6","destroyed","https://i.postimg.cc/kXWcKnnC/1017-kamaz6x6-destr-22-07-22.jpg","2023-11-16",389,10648,1,"7-389106481","11/16/2023"
"11714","Russia","Russia","903 KamAZ 6x6","destroyed","https://i.postimg.cc/jdhzZ0XN/1041-kamaz6x6-capt-13-07-23.jpg","2023-11-16",389,10649,1,"7-389106491","11/16/2023"
"11715","Russia","Russia","903 KamAZ 6x6","destroyed","https://twitter.com/naalsio26/status/1678943074368536577","2023-11-16",389,2846,1,"7-38928461","11/16/2023"
"11716","Russia","Russia","903 KamAZ 6x6","destroyed","https://i.postimg.cc/44rQyV3c/1000-6x-kamaz6x6-destr-25-06-23.jpg","2023-11-16",389,10650,1,"7-389106501","11/16/2023"
"11717","Russia","Russia","903 KamAZ 6x6","destroyed","https://i.postimg.cc/fRQyY56c/1040-3x-kamaz6x6-30-08-22.jpg","2023-11-16",389,10651,1,"7-389106511","11/16/2023"
"11718","Russia","Russia","903 KamAZ 6x6","destroyed","https://i.postimg.cc/HxNsntw7/1029-Kam-AZ-6x6-destr-05-09-22.jpg","2023-11-16",389,10652,1,"7-389106521","11/16/2023"
"11719","Russia","Russia","903 KamAZ 6x6","destroyed","https://i.postimg.cc/8zbv5qjJ/1018-kamaz6x6-destr-13-07-23.jpg","2023-11-16",389,10653,1,"7-389106531","11/16/2023"
"11720","Russia","Russia","903 KamAZ 6x6","destroyed","https://i.postimg.cc/jdPPVWTh/1011-Kam-AZ-6x6-destr-31-12-22.jpg","2023-11-16",389,10654,1,"7-389106541","11/16/2023"
"11721","Russia","Russia","903 KamAZ 6x6","destroyed","https://twitter.com/naalsio26/status/1680758845633691648","2023-11-16",389,2540,1,"7-38925401","11/16/2023"
"11722","Russia","Russia","903 KamAZ 6x6","destroyed","https://i.postimg.cc/4xzYxXZw/1301-kamaz6x6-destr-17-07-23.jpg","2023-11-16",389,10655,1,"7-389106551","11/16/2023"
"11723","Russia","Russia","903 KamAZ 6x6","destroyed","https://i.postimg.cc/BbMwHYN1/1033-kamaz6x6-destr-20-05-23.jpg","2023-11-16",389,10656,1,"7-389106561","11/16/2023"
"11724","Russia","Russia","903 KamAZ 6x6","destroyed","https://i.postimg.cc/vDF2DDpL/1014-Kam-AZ-6x6-destr-20-07-23.jpg","2023-11-16",389,10657,1,"7-389106571","11/16/2023"
"11725","Russia","Russia","903 KamAZ 6x6","destroyed","https://i.postimg.cc/8kJ1F32j/1030-Kam-AZ-6x6-destr-17-07-23.jpg","2023-11-16",389,10658,1,"7-389106581","11/16/2023"
"11726","Russia","Russia","903 KamAZ 6x6","destroyed","https://i.postimg.cc/hGRcwwKR/1005-kamaz6x6-destr-27-04-23.jpg","2023-11-16",389,10659,1,"7-389106591","11/16/2023"
"11727","Russia","Russia","903 KamAZ 6x6","destroyed","https://i.postimg.cc/66M63YfC/1006-kamaz6x6-destr-21-07-23.jpg","2023-11-16",389,10660,1,"7-389106601","11/16/2023"
"11728","Russia","Russia","903 KamAZ 6x6","destroyed","https://i.postimg.cc/SN5yLR5s/1018-Kam-AZ-6x6-destr-31-08-22.jpg","2023-11-16",389,10661,1,"7-389106611","11/16/2023"
"11729","Russia","Russia","903 KamAZ 6x6","destroyed","https://i.postimg.cc/HL0dC2Lc/1024-Kam-AZ-6x6-destr-26-05-23.jpg","2023-11-16",389,10662,1,"7-389106621","11/16/2023"
"11730","Russia","Russia","903 KamAZ 6x6","destroyed","https://i.postimg.cc/XqqNR0kh/1021-Kam-AZ-6x6-unkn-truck-destr-17-04-23.jpg","2023-11-16",389,10663,1,"7-389106631","11/16/2023"
"11731","Russia","Russia","903 KamAZ 6x6","destroyed","https://i.postimg.cc/25QwRWF2/1025-Kam-AZ-6x6-destr-09-07-23.jpg","2023-11-16",389,10664,1,"7-389106641","11/16/2023"
"11732","Russia","Russia","903 KamAZ 6x6","destroyed","https://i.postimg.cc/9Q8mDC0D/1012-Kam-AZ-6x6-destr-01-08-23.jpg","2023-11-16",389,10665,1,"7-389106651","11/16/2023"
"11733","Russia","Russia","903 KamAZ 6x6","destroyed","https://i.postimg.cc/v8jVXWk7/1012-Kam-AZ-6x6-destr-01-08-23.jpg","2023-11-16",389,10666,1,"7-389106661","11/16/2023"
"11734","Russia","Russia","903 KamAZ 6x6","destroyed","https://i.postimg.cc/kXbtH2P0/1013-Kam-AZ-6x6-destr-01-08-23.jpg","2023-11-16",389,10667,1,"7-389106671","11/16/2023"
"11735","Russia","Russia","903 KamAZ 6x6","destroyed","https://i.postimg.cc/3xj0KzR9/1015-Kam-AZ-6x6-destr-01-08-23.jpg","2023-11-16",389,10668,1,"7-389106681","11/16/2023"
"11736","Russia","Russia","903 KamAZ 6x6","destroyed","https://i.postimg.cc/Dzv59bQv/1004-Kam-AZ-6x6-destr-29-07-23.jpg","2023-11-16",389,10669,1,"7-389106691","11/16/2023"
"11737","Russia","Russia","903 KamAZ 6x6","destroyed","https://i.postimg.cc/JzcPYQkY/1006-Kam-AZ-6x6-destr-12-08-23.jpg","2023-11-16",389,10670,1,"7-389106701","11/16/2023"
"11738","Russia","Russia","903 KamAZ 6x6","destroyed","https://i.postimg.cc/q71Q4MQ8/1008-Kam-AZ-6x6-destr-31-05-23.jpg","2023-11-16",389,10671,1,"7-389106711","11/16/2023"
"11739","Russia","Russia","903 KamAZ 6x6","destroyed","https://i.postimg.cc/tTWSdB8x/1027-kamaz6x6-destr-18-08-23.jpg","2023-11-16",389,10672,1,"7-389106721","11/16/2023"
"11740","Russia","Russia","903 KamAZ 6x6","destroyed","https://i.postimg.cc/RhZtDLjY/1021-Kam-AZ-6x6-destr-31-03-22.jpg","2023-11-16",389,10673,1,"7-389106731","11/16/2023"
"11741","Russia","Russia","903 KamAZ 6x6","destroyed","https://i.postimg.cc/fWrNBDxq/1002-kamaz6x6-destr-26-08-23.jpg","2023-11-16",389,10674,1,"7-389106741","11/16/2023"
"11742","Russia","Russia","903 KamAZ 6x6","destroyed","https://i.postimg.cc/VNvDbnDv/47.png","2023-11-16",389,10675,1,"7-389106751","11/16/2023"
"11743","Russia","Russia","903 KamAZ 6x6","destroyed","https://i.postimg.cc/fLw2Tp14/447.png","2023-11-16",389,10676,1,"7-389106761","11/16/2023"
"11744","Russia","Russia","903 KamAZ 6x6","destroyed","https://i.postimg.cc/Z5xDtJDP/326.png","2023-11-16",389,10677,1,"7-389106771","11/16/2023"
"11745","Russia","Russia","903 KamAZ 6x6","destroyed","https://i.postimg.cc/2Sg3Yfb6/33f.png","2023-11-16",389,10678,1,"7-389106781","11/16/2023"
"11746","Russia","Russia","903 KamAZ 6x6","destroyed","https://i.postimg.cc/BZzrMZdX/446.png","2023-11-16",389,10679,1,"7-389106791","11/16/2023"
"11747","Russia","Russia","903 KamAZ 6x6","destroyed","https://i.postimg.cc/8zwQddDV/776.png","2023-11-16",389,10680,1,"7-389106801","11/16/2023"
"11748","Russia","Russia","903 KamAZ 6x6","destroyed","https://i.postimg.cc/qvrn5vvp/2244.png","2023-11-16",389,10681,1,"7-389106811","11/16/2023"
"11749","Russia","Russia","903 KamAZ 6x6","destroyed","https://i.postimg.cc/NF4BBrf2/18.png","2023-11-16",389,10682,1,"7-389106821","11/16/2023"
"11750","Russia","Russia","903 KamAZ 6x6","destroyed","https://i.postimg.cc/44z3WYZg/36.png","2023-11-16",389,10683,1,"7-389106831","11/16/2023"
"11751","Russia","Russia","903 KamAZ 6x6","destroyed","https://i.postimg.cc/2yF3xRpL/76.png","2023-11-16",389,10684,1,"7-389106841","11/16/2023"
"11752","Russia","Russia","903 KamAZ 6x6","destroyed","https://i.postimg.cc/qRY1yBSQ/3282.png","2023-11-16",389,10685,1,"7-389106851","11/16/2023"
"11753","Russia","Russia","903 KamAZ 6x6","destroyed","https://twitter.com/naalsio26/status/1699581567125823793","2023-11-16",389,10686,1,"7-389106861","11/16/2023"
"11754","Russia","Russia","903 KamAZ 6x6","destroyed","https://i.postimg.cc/DwjZwXHS/557.png","2023-11-16",389,10687,1,"7-389106871","11/16/2023"
"11755","Russia","Russia","903 KamAZ 6x6","destroyed","https://i.postimg.cc/MHKJhs5X/4437.png","2023-11-16",389,10688,1,"7-389106881","11/16/2023"
"11756","Russia","Russia","903 KamAZ 6x6","destroyed","https://i.postimg.cc/zGqdtL7f/431.png","2023-11-16",389,10689,1,"7-389106891","11/16/2023"
"11757","Russia","Russia","903 KamAZ 6x6","destroyed","https://i.postimg.cc/m2S1VStD/33255.png","2023-11-16",389,10690,1,"7-389106901","11/16/2023"
"11758","Russia","Russia","903 KamAZ 6x6","destroyed","https://i.postimg.cc/DZCYqGLY/3336.png","2023-11-16",389,10691,1,"7-389106911","11/16/2023"
"11759","Russia","Russia","903 KamAZ 6x6","destroyed","https://i.postimg.cc/hvJLYy3T/731.png","2023-11-16",389,10692,1,"7-389106921","11/16/2023"
"11760","Russia","Russia","903 KamAZ 6x6","destroyed","https://i.postimg.cc/wv7BCqyG/2269.png","2023-11-16",389,10693,1,"7-389106931","11/16/2023"
"11761","Russia","Russia","903 KamAZ 6x6","destroyed","https://i.postimg.cc/651F2hqF/4310.png","2023-11-16",389,10694,1,"7-389106941","11/16/2023"
"11762","Russia","Russia","903 KamAZ 6x6","destroyed","https://i.postimg.cc/nhYTfP5N/225.png","2023-11-16",389,10695,1,"7-389106951","11/16/2023"
"11763","Russia","Russia","903 KamAZ 6x6","destroyed","https://i.postimg.cc/tgDKJD5N/311.png","2023-11-16",389,10696,1,"7-389106961","11/16/2023"
"11764","Russia","Russia","903 KamAZ 6x6","destroyed","https://i.postimg.cc/L8WDZfHq/42.png","2023-11-16",389,10697,1,"7-389106971","11/16/2023"
"11765","Russia","Russia","903 KamAZ 6x6","destroyed","https://i.postimg.cc/mkdCWfkc/27.png","2023-11-16",389,10698,1,"7-389106981","11/16/2023"
"11766","Russia","Russia","903 KamAZ 6x6","destroyed","https://i.postimg.cc/VvFy9Mv3/4382.png","2023-11-16",389,10699,1,"7-389106991","11/16/2023"
"11767","Russia","Russia","903 KamAZ 6x6","destroyed","https://i.postimg.cc/QCJmYJpJ/3255.png","2023-11-16",389,10700,1,"7-389107001","11/16/2023"
"11768","Russia","Russia","903 KamAZ 6x6","destroyed","https://twitter.com/naalsio26/status/1705378705093357602","2023-11-16",389,10701,1,"7-389107011","11/16/2023"
"11769","Russia","Russia","903 KamAZ 6x6","destroyed","https://twitter.com/naalsio26/status/1707441993649905703","2023-11-16",389,10702,1,"7-389107021","11/16/2023"
"11770","Russia","Russia","903 KamAZ 6x6","destroyed","https://twitter.com/UAWeapons/status/1709861744779153919","2023-11-16",389,7611,1,"7-38976111","11/16/2023"
"11771","Russia","Russia","903 KamAZ 6x6","destroyed","https://i.postimg.cc/ydFMq0j4/1005-kamaz6x6-destr-18-09-23.jpg","2023-11-16",389,10703,1,"7-389107031","11/16/2023"
"11772","Russia","Russia","903 KamAZ 6x6","destroyed","https://i.postimg.cc/gjmfGrtw/1023-kamaz6x6-destr-29-09-23.jpg","2023-11-16",389,10704,1,"7-389107041","11/16/2023"
"11773","Russia","Russia","903 KamAZ 6x6","destroyed","https://i.postimg.cc/13fbmkBK/1053-Kam-AZ-6x6-destr-28-02-23.jpg","2023-11-16",389,10705,1,"7-389107051","11/16/2023"
"11774","Russia","Russia","903 KamAZ 6x6","destroyed","https://i.postimg.cc/dtWzKs21/1052-Kam-AZ-6x6-destr-28-02-23.jpg","2023-11-16",389,10706,1,"7-389107061","11/16/2023"
"11775","Russia","Russia","903 KamAZ 6x6","destroyed","https://i.postimg.cc/KcD6Jr4t/1050-Kam-AZ-6x6-destr-21-02-23.jpg","2023-11-16",389,10707,1,"7-389107071","11/16/2023"
"11776","Russia","Russia","903 KamAZ 6x6","destroyed","https://i.postimg.cc/sDft8QZq/1051-Kam-AZ-6x6-destr-28-02-23.jpg","2023-11-16",389,10708,1,"7-389107081","11/16/2023"
"11777","Russia","Russia","903 KamAZ 6x6","destroyed","https://i.postimg.cc/VLjk2NDr/1036-Kam-AZ-6x6-destr-05-10-23.jpg","2023-11-16",389,10709,1,"7-389107091","11/16/2023"
"11778","Russia","Russia","903 KamAZ 6x6","destroyed","https://i.postimg.cc/cLQD8ZHV/1016-Kam-AZ6x6-destr-03-08-23.jpg","2023-11-16",389,10710,1,"7-389107101","11/16/2023"
"11779","Russia","Russia","903 KamAZ 6x6","destroyed","https://i.postimg.cc/fLb5F9KN/1027-Kam-AZ-6x6-tanker-destr-09-10-23.jpg","2023-11-16",389,10711,1,"7-389107111","11/16/2023"
"11780","Russia","Russia","903 KamAZ 6x6","destroyed","https://i.postimg.cc/bJNdxJC5/1012-Kam-AZ-6x6-destr-30-09-23.jpg","2023-11-16",389,10712,1,"7-389107121","11/16/2023"
"11781","Russia","Russia","903 KamAZ 6x6","destroyed","https://i.postimg.cc/JhQGHJqJ/1016-Kam-AZ-6x6-destr-30-11-22.jpg","2023-11-16",389,10713,1,"7-389107131","11/16/2023"
"11782","Russia","Russia","903 KamAZ 6x6","destroyed","https://i.postimg.cc/fRm3Z1S8/1017-Kam-AZ-6x6-destr-30-11-22.jpg","2023-11-16",389,10714,1,"7-389107141","11/16/2023"
"11783","Russia","Russia","903 KamAZ 6x6","destroyed","https://i.postimg.cc/dQXdYx81/1014-Kam-AZ-6x6-destr-29-10-23.jpg","2023-11-16",389,10715,1,"7-389107151","11/16/2023"
"11784","Russia","Russia","903 KamAZ 6x6","destroyed","https://i.postimg.cc/BvhgTXxq/1006-Kam-AZ-6x6-destr-20-10-23.jpg","2023-11-16",389,10716,1,"7-389107161","11/16/2023"
"11785","Russia","Russia","903 KamAZ 6x6","destroyed","https://i.postimg.cc/G36Xg86t/1068-Kam-AZ-6x6-destr-07-09-22.jpg","2023-11-16",389,10717,1,"7-389107171","11/16/2023"
"11786","Russia","Russia","903 KamAZ 6x6","destroyed","https://i.postimg.cc/m2M8vZGw/1070-Kam-AZ-6x6-destr-15-10-23.jpg","2023-11-16",389,10718,1,"7-389107181","11/16/2023"
"11787","Russia","Russia","903 KamAZ 6x6","destroyed","https://i.postimg.cc/6pXYtsWN/1076-Kam-AZ-6x6-destr-13-10-23.jpg","2023-11-16",389,10719,1,"7-389107191","11/16/2023"
"11788","Russia","Russia","903 KamAZ 6x6","destroyed","https://i.postimg.cc/FFYPxgWw/1077-Kam-AZ-6x6-destr-13-10-23.jpg","2023-11-16",389,10720,1,"7-389107201","11/16/2023"
"11789","Russia","Russia","903 KamAZ 6x6","destroyed","https://i.postimg.cc/Jz5KhT0H/1078-Kam-AZ-6x6-destr-13-10-23.jpg","2023-11-16",389,10721,1,"7-389107211","11/16/2023"
"11790","Russia","Russia","903 KamAZ 6x6","destroyed","https://i.postimg.cc/KzR5JxNt/1079-Kam-AZ-6x6-destr-12-10-23.jpg","2023-11-16",389,10722,1,"7-389107221","11/16/2023"
"11791","Russia","Russia","903 KamAZ 6x6","destroyed","https://i.postimg.cc/ncRb5bHz/1003-kamaz6x6-destr-10-04-23.jpg","2023-11-16",389,10723,1,"7-389107231","11/16/2023"
"11792","Russia","Russia","903 KamAZ 6x6","destroyed","https://i.postimg.cc/L85R64yL/1037-Kam-AZ-6x6-destr-12-10-23.jpg","2023-11-16",389,10724,1,"7-389107241","11/16/2023"
"11793","Russia","Russia","903 KamAZ 6x6","destroyed","https://i.postimg.cc/LXynVnzY/1051-kamaz6x6-destr-24-09-23.jpg","2023-11-16",389,10725,1,"7-389107251","11/16/2023"
"11794","Russia","Russia","903 KamAZ 6x6","destroyed","https://i.postimg.cc/BvhzYXsZ/1026-Kam-AZ-6x6-destr-27-10-23.jpg","2023-11-16",389,10726,1,"7-389107261","11/16/2023"
"11795","Russia","Russia","903 KamAZ 6x6","destroyed","https://i.postimg.cc/rwk7zBQT/1031-Kam-AZ-6x6-destr-25-10-23.jpg","2023-11-16",389,10727,1,"7-389107271","11/16/2023"
"11796","Russia","Russia","903 KamAZ 6x6","destroyed","https://twitter.com/bayraktar_1love/status/1720542874108854650","2023-11-16",389,7891,1,"7-38978911","11/16/2023"
"11797","Russia","Russia","903 KamAZ 6x6","destroyed","https://i.postimg.cc/dtpnDrh3/1035-kamaz6x6-destr-10-11-23.jpg","2023-11-16",389,10728,1,"7-389107281","11/16/2023"
"11798","Russia","Russia","903 KamAZ 6x6","damaged","https://postimg.cc/jWRY7hHb","2023-11-16",389,10729,2,"7-389107292","11/16/2023"
"11799","Russia","Russia","903 KamAZ 6x6","damaged","https://twitter.com/UAWeapons/status/1506960042347614218","2023-11-16",389,10730,2,"7-389107302","11/16/2023"
"11800","Russia","Russia","903 KamAZ 6x6","damaged","https://i.postimg.cc/zvHZkHg5/1001-kamaz-6x6.jpg","2023-11-16",389,10731,2,"7-389107312","11/16/2023"
"11801","Russia","Russia","903 KamAZ 6x6","damaged","https://i.postimg.cc/gktrF01S/1001-REM-KL-Kamaz-6x6.jpg","2023-11-16",389,6757,2,"7-38967572","11/16/2023"
"11802","Russia","Russia","903 KamAZ 6x6","damaged","https://i.postimg.cc/43zbPyRM/1024-2-A36-Giatsint-B-dam.jpg","2023-11-16",389,10732,2,"7-389107322","11/16/2023"
"11803","Russia","Russia","903 KamAZ 6x6","damaged","https://i.postimg.cc/Hkm9qsS8/1020-kamaz6x6-dam-4-11.jpg","2023-11-16",389,10733,2,"7-389107332","11/16/2023"
"11804","Russia","Russia","903 KamAZ 6x6","damaged","https://i.postimg.cc/k4xtYPg3/1001-kamaz6x6-damaged.jpg","2023-11-16",389,10734,2,"7-389107342","11/16/2023"
"11805","Russia","Russia","903 KamAZ 6x6","damaged","https://i.postimg.cc/SRFQnp7t/1024-kamaz6x6-dam-27-04-23.jpg","2023-11-16",389,10735,2,"7-389107352","11/16/2023"
"11806","Russia","Russia","903 KamAZ 6x6","damaged","https://i.postimg.cc/GptmNKmz/1025-kamaz6x6-dam-27-04-23.jpg","2023-11-16",389,10736,2,"7-389107362","11/16/2023"
"11807","Russia","Russia","903 KamAZ 6x6","damaged","https://i.postimg.cc/CxtySJS1/1024-Kam-AZ-6x6-dam-23-06-23.jpg","2023-11-16",389,10737,2,"7-389107372","11/16/2023"
"11808","Russia","Russia","903 KamAZ 6x6","damaged","https://i.postimg.cc/ZRwPN13f/1016-kamaz6x6-dam-30-07-23.jpg","2023-11-16",389,10738,2,"7-389107382","11/16/2023"
"11809","Russia","Russia","903 KamAZ 6x6","damaged","https://i.postimg.cc/dtqHdm6h/1010-kamaz6x6-dam-18-08-23.jpg","2023-11-16",389,10739,2,"7-389107392","11/16/2023"
"11810","Russia","Russia","903 KamAZ 6x6","damaged","https://i.postimg.cc/g0csLvLS/1075-Kam-AZ-6x6-dam-13-10-23.jpg","2023-11-16",389,10740,2,"7-389107402","11/16/2023"
"11811","Russia","Russia","903 KamAZ 6x6","damaged","https://i.postimg.cc/FzYKr1Yy/1001-kamaz6x6-dam-14-09-23.jpg","2023-11-16",389,10741,2,"7-389107412","11/16/2023"
"11812","Russia","Russia","903 KamAZ 6x6","damaged","https://i.postimg.cc/Cx87858N/1033-2x-kamaz6x6-dam-10-11-23.jpg","2023-11-16",389,10742,2,"7-389107422","11/16/2023"
"11813","Russia","Russia","903 KamAZ 6x6","damaged","https://i.postimg.cc/GhDp0yzL/tt1.png","2023-11-16",389,10743,2,"7-389107432","11/16/2023"
"11814","Russia","Russia","903 KamAZ 6x6","abandoned","https://i.postimg.cc/GhDp0yzL/tt1.png","2023-11-16",389,10743,4,"7-389107434","11/16/2023"
"11815","Russia","Russia","903 KamAZ 6x6","damaged","https://twitter.com/UAWeapons/status/1525936384434913281","2023-11-16",389,10744,2,"7-389107442","11/16/2023"
"11816","Russia","Russia","903 KamAZ 6x6","abandoned","https://twitter.com/UAWeapons/status/1525936384434913281","2023-11-16",389,10744,4,"7-389107444","11/16/2023"
"11817","Russia","Russia","903 KamAZ 6x6","abandoned","https://i.postimg.cc/RFmCkffg/Screenshot-8273.png","2023-11-16",389,10745,4,"7-389107454","11/16/2023"
"11818","Russia","Russia","903 KamAZ 6x6","abandoned","https://i.postimg.cc/Pf0f1L53/v3.png","2023-11-16",389,10746,4,"7-389107464","11/16/2023"
"11819","Russia","Russia","903 KamAZ 6x6","abandoned","https://i.postimg.cc/sgcVZwrF/ka1.png","2023-11-16",389,10747,4,"7-389107474","11/16/2023"
"11820","Russia","Russia","903 KamAZ 6x6","abandoned","https://i.postimg.cc/cCZdNpkp/1014-kamaz6x6-aband-23-05-23.jpg","2023-11-16",389,10748,4,"7-389107484","11/16/2023"
"11821","Russia","Russia","903 KamAZ 6x6","abandoned","https://i.postimg.cc/43yxjGmX/432.png","2023-11-16",389,10749,4,"7-389107494","11/16/2023"
"11822","Russia","Russia","903 KamAZ 6x6","abandoned","https://i.postimg.cc/C1PHyw9b/a3.png","2023-11-16",389,10750,4,"7-389107504","11/16/2023"
"11823","Russia","Russia","903 KamAZ 6x6","abandoned","https://i.postimg.cc/rsDGMvL3/a4.png","2023-11-16",389,10751,4,"7-389107514","11/16/2023"
"11824","Russia","Russia","903 KamAZ 6x6","abandoned","https://twitter.com/UAWeapons/status/1527607537041801216","2023-11-16",389,10752,4,"7-389107524","11/16/2023"
"11825","Russia","Russia","903 KamAZ 6x6","abandoned","https://i.postimg.cc/gc7qNkVW/a5.png","2023-11-16",389,10753,4,"7-389107534","11/16/2023"
"11826","Russia","Russia","903 KamAZ 6x6","abandoned","https://i.postimg.cc/RC6RYDzZ/Screenshot-8396.png","2023-11-16",389,10754,4,"7-389107544","11/16/2023"
"11827","Russia","Russia","903 KamAZ 6x6","abandoned","https://twitter.com/UAWeapons/status/1591015600046116865","2023-11-16",389,10755,4,"7-389107554","11/16/2023"
"11828","Russia","Russia","903 KamAZ 6x6","damaged","https://postimg.cc/zb3wfMVh","2023-11-16",389,10756,2,"7-389107562","11/16/2023"
"11829","Russia","Russia","903 KamAZ 6x6","captured","https://postimg.cc/zb3wfMVh","2023-11-16",389,10756,3,"7-389107563","11/16/2023"
"11830","Russia","Russia","903 KamAZ 6x6","captured","https://i.postimg.cc/T1zvmg68/1014-kamaz6x6-capt-13-03-23.jpg","2023-11-16",389,10757,3,"7-389107573","11/16/2023"
"11831","Russia","Russia","903 KamAZ 6x6","captured","https://i.postimg.cc/Bvgv8954/3321.png","2023-11-16",389,10758,3,"7-389107583","11/16/2023"
"11832","Russia","Russia","903 KamAZ 6x6","damaged","https://postimg.cc/w71rrf27","2023-11-16",389,10759,2,"7-389107592","11/16/2023"
"11833","Russia","Russia","903 KamAZ 6x6","captured","https://postimg.cc/w71rrf27","2023-11-16",389,10759,3,"7-389107593","11/16/2023"
"11834","Russia","Russia","903 KamAZ 6x6","damaged","https://postimg.cc/vc6dRNB4","2023-11-16",389,10760,2,"7-389107602","11/16/2023"
"11835","Russia","Russia","903 KamAZ 6x6","captured","https://postimg.cc/vc6dRNB4","2023-11-16",389,10760,3,"7-389107603","11/16/2023"
"11836","Russia","Russia","903 KamAZ 6x6","damaged","https://postimg.cc/9R9Kd7mM","2023-11-16",389,10761,2,"7-389107612","11/16/2023"
"11837","Russia","Russia","903 KamAZ 6x6","captured","https://postimg.cc/9R9Kd7mM","2023-11-16",389,10761,3,"7-389107613","11/16/2023"
"11838","Russia","Russia","903 KamAZ 6x6","damaged","https://i.postimg.cc/VkpkSLDj/f87.png","2023-11-16",389,10762,2,"7-389107622","11/16/2023"
"11839","Russia","Russia","903 KamAZ 6x6","captured","https://i.postimg.cc/VkpkSLDj/f87.png","2023-11-16",389,10762,3,"7-389107623","11/16/2023"
"11840","Russia","Russia","903 KamAZ 6x6","damaged","https://i.postimg.cc/C1ZkcvPv/d3.png","2023-11-16",389,10763,2,"7-389107632","11/16/2023"
"11841","Russia","Russia","903 KamAZ 6x6","captured","https://i.postimg.cc/C1ZkcvPv/d3.png","2023-11-16",389,10763,3,"7-389107633","11/16/2023"
"11842","Russia","Russia","903 KamAZ 6x6","damaged","https://i.postimg.cc/Jn4wQ0L6/5411.jpg","2023-11-16",389,10764,2,"7-389107642","11/16/2023"
"11843","Russia","Russia","903 KamAZ 6x6","captured","https://i.postimg.cc/Jn4wQ0L6/5411.jpg","2023-11-16",389,10764,3,"7-389107643","11/16/2023"
"11844","Russia","Russia","903 KamAZ 6x6","captured","https://i.postimg.cc/Bbj44g2S/5580.png","2023-11-16",389,10765,3,"7-389107653","11/16/2023"
"11845","Russia","Russia","903 KamAZ 6x6","captured","https://i.postimg.cc/Gpxx4Hmg/kamaaaaaazzz.png","2023-11-16",389,10766,3,"7-389107663","11/16/2023"
"11846","Russia","Russia","903 KamAZ 6x6","captured","https://i.postimg.cc/761dYxFq/kamazzzzzzzzz.jpg","2023-11-16",389,10767,3,"7-389107673","11/16/2023"
"11847","Russia","Russia","903 KamAZ 6x6","captured","https://i.postimg.cc/QNcmw85M/kaammaaz.jpg","2023-11-16",389,10768,3,"7-389107683","11/16/2023"
"11848","Russia","Russia","903 KamAZ 6x6","captured","https://i.postimg.cc/J07sp5ZZ/kamazzzz2.png","2023-11-16",389,10769,3,"7-389107693","11/16/2023"
"11849","Russia","Russia","903 KamAZ 6x6","captured","https://i.postimg.cc/y6ngk2CP/kamazzzzzzz.jpg","2023-11-16",389,10770,3,"7-389107703","11/16/2023"
"11850","Russia","Russia","903 KamAZ 6x6","captured","https://postimg.cc/2qMgLwfM","2023-11-16",389,10771,3,"7-389107713","11/16/2023"
"11851","Russia","Russia","903 KamAZ 6x6","captured","https://i.postimg.cc/9ftT1Ms3/kkmaz.jpg","2023-11-16",389,10772,3,"7-389107723","11/16/2023"
"11852","Russia","Russia","903 KamAZ 6x6","captured","https://i.postimg.cc/0jpb5HvT/truckk.jpg","2023-11-16",389,10773,3,"7-389107733","11/16/2023"
"11853","Russia","Russia","903 KamAZ 6x6","captured","https://i.postimg.cc/v891vDn0/truckkk.jpg","2023-11-16",389,10774,3,"7-389107743","11/16/2023"
"11854","Russia","Russia","903 KamAZ 6x6","captured","https://i.postimg.cc/Dw880BbD/655.jpg","2023-11-16",389,10775,3,"7-389107753","11/16/2023"
"11855","Russia","Russia","903 KamAZ 6x6","captured","https://i.postimg.cc/Z57vYkLt/474.png","2023-11-16",389,10776,3,"7-389107763","11/16/2023"
"11856","Russia","Russia","903 KamAZ 6x6","captured","https://i.postimg.cc/tgbgQWJc/45.png","2023-11-16",389,10777,3,"7-389107773","11/16/2023"
"11857","Russia","Russia","903 KamAZ 6x6","captured","https://i.postimg.cc/Hn7xkb8m/688.png","2023-11-16",389,10778,3,"7-389107783","11/16/2023"
"11858","Russia","Russia","903 KamAZ 6x6","captured","https://i.postimg.cc/cC93z2Zk/3268.png","2023-11-16",389,10779,3,"7-389107793","11/16/2023"
"11859","Russia","Russia","903 KamAZ 6x6","captured","https://i.postimg.cc/RhtcC4h6/1133-kamaz-capt.jpg","2023-11-16",389,10780,3,"7-389107803","11/16/2023"
"11860","Russia","Russia","903 KamAZ 6x6","captured","https://i.postimg.cc/ZRJM1512/1008.jpg","2023-11-16",389,10781,3,"7-389107813","11/16/2023"
"11861","Russia","Russia","903 KamAZ 6x6","captured","https://i.postimg.cc/DZ0Q5pHc/6652.png","2023-11-16",389,8064,3,"7-38980643","11/16/2023"
"11862","Russia","Russia","903 KamAZ 6x6","captured","https://i.postimg.cc/cHx8rbLV/kamaaz.jpg","2023-11-16",389,10782,3,"7-389107823","11/16/2023"
"11863","Russia","Russia","903 KamAZ 6x6","captured","https://i.postimg.cc/25pkZfgv/1012-kamaz6x6-capt.jpg","2023-11-16",389,10783,3,"7-389107833","11/16/2023"
"11864","Russia","Russia","903 KamAZ 6x6","captured","https://i.postimg.cc/k5QJrzV3/872.png","2023-11-16",389,10784,3,"7-389107843","11/16/2023"
"11865","Russia","Russia","903 KamAZ 6x6","captured","https://postimg.cc/1f97MCN1","2023-11-16",389,10785,3,"7-389107853","11/16/2023"
"11866","Russia","Russia","903 KamAZ 6x6","captured","https://i.postimg.cc/CMZjk24Y/f65.png","2023-11-16",389,10786,3,"7-389107863","11/16/2023"
"11867","Russia","Russia","903 KamAZ 6x6","captured","https://i.postimg.cc/vHq2KnbR/Screenshot-8561.png","2023-11-16",389,10787,3,"7-389107873","11/16/2023"
"11868","Russia","Russia","903 KamAZ 6x6","captured","https://i.postimg.cc/0NDRgWqn/242.png","2023-11-16",389,10788,3,"7-389107883","11/16/2023"
"11869","Russia","Russia","903 KamAZ 6x6","captured","https://i.postimg.cc/TwPpRR2S/hh5.jpg","2023-11-16",389,10789,3,"7-389107893","11/16/2023"
"11870","Russia","Russia","903 KamAZ 6x6","captured","https://i.postimg.cc/YqQHyMTz/1031-kamaz6x6-capt-19-03-22.jpg","2023-11-16",389,10790,3,"7-389107903","11/16/2023"
"11871","Russia","Russia","903 KamAZ 6x6","captured","https://i.postimg.cc/3xzdgFbn/ug2.png","2023-11-16",389,9710,3,"7-38997103","11/16/2023"
"11872","Russia","Russia","903 KamAZ 6x6","captured","https://i.postimg.cc/L4QhPQVK/325.png","2023-11-16",389,10791,3,"7-389107913","11/16/2023"
"11873","Russia","Russia","903 KamAZ 6x6","captured","https://i.postimg.cc/d0VpWVYH/f7.png","2023-11-16",389,10792,3,"7-389107923","11/16/2023"
"11874","Russia","Russia","903 KamAZ 6x6","captured","https://i.postimg.cc/sfcQf9Xq/2d3.png","2023-11-16",389,9892,3,"7-38998923","11/16/2023"
"11875","Russia","Russia","903 KamAZ 6x6","captured","https://i.postimg.cc/W4hRtsCh/e11.png","2023-11-16",389,10793,3,"7-389107933","11/16/2023"
"11876","Russia","Russia","903 KamAZ 6x6","captured","https://i.postimg.cc/G2jhxL3d/x1.png","2023-11-16",389,10794,3,"7-389107943","11/16/2023"
"11877","Russia","Russia","903 KamAZ 6x6","captured","https://i.postimg.cc/mrwWdspw/3d.png","2023-11-16",389,10795,3,"7-389107953","11/16/2023"
"11878","Russia","Russia","903 KamAZ 6x6","captured","https://i.postimg.cc/W39WJvjf/4387.png","2023-11-16",389,10796,3,"7-389107963","11/16/2023"
"11879","Russia","Russia","903 KamAZ 6x6","captured","https://i.postimg.cc/BZ8F4QH8/3dh.png","2023-11-16",389,10797,3,"7-389107973","11/16/2023"
"11880","Russia","Russia","903 KamAZ 6x6","captured","https://i.postimg.cc/FHz36Vf7/5542.png","2023-11-16",389,10798,3,"7-389107983","11/16/2023"
"11881","Russia","Russia","903 KamAZ 6x6","captured","https://i.postimg.cc/g2hkrxQg/5548.png","2023-11-16",389,10799,3,"7-389107993","11/16/2023"
"11882","Russia","Russia","903 KamAZ 6x6","captured","https://i.postimg.cc/5yqVsR4L/Screenshot-8949.png","2023-11-16",389,10800,3,"7-389108003","11/16/2023"
"11883","Russia","Russia","903 KamAZ 6x6","captured","https://i.postimg.cc/3RNSxNCt/324.png","2023-11-16",389,10801,3,"7-389108013","11/16/2023"
"11884","Russia","Russia","903 KamAZ 6x6","captured","https://i.postimg.cc/76fwSwM6/5f2.png","2023-11-16",389,10802,3,"7-389108023","11/16/2023"
"11885","Russia","Russia","903 KamAZ 6x6","captured","https://i.postimg.cc/wxFtfg1F/jo.png","2023-11-16",389,4535,3,"7-38945353","11/16/2023"
"11886","Russia","Russia","903 KamAZ 6x6","captured","https://i.postimg.cc/9fPDTqsX/468k.png","2023-11-16",389,10803,3,"7-389108033","11/16/2023"
"11887","Russia","Russia","903 KamAZ 6x6","captured","https://i.postimg.cc/d3vCfcTF/c1.jpg","2023-11-16",389,10804,3,"7-389108043","11/16/2023"
"11888","Russia","Russia","903 KamAZ 6x6","captured","https://i.postimg.cc/vHBnXzQ0/a11.png","2023-11-16",389,10805,3,"7-389108053","11/16/2023"
"11889","Russia","Russia","903 KamAZ 6x6","captured","https://i.postimg.cc/NLvw95MV/799.png","2023-11-16",389,10806,3,"7-389108063","11/16/2023"
"11890","Russia","Russia","903 KamAZ 6x6","captured","https://i.postimg.cc/90Xm0Vvz/1022-kamaz6x6-capt.jpg","2023-11-16",389,10807,3,"7-389108073","11/16/2023"
"11891","Russia","Russia","903 KamAZ 6x6","captured","https://i.postimg.cc/PxNtPC4t/48.png","2023-11-16",389,10808,3,"7-389108083","11/16/2023"
"11892","Russia","Russia","903 KamAZ 6x6","captured","https://i.postimg.cc/pL6VDhrq/3318.png","2023-11-16",389,10809,3,"7-389108093","11/16/2023"
"11893","Russia","Russia","903 KamAZ 6x6","captured","https://i.postimg.cc/26C6Ry5f/33177.png","2023-11-16",389,10810,3,"7-389108103","11/16/2023"
"11894","Russia","Russia","903 KamAZ 6x6","captured","https://i.postimg.cc/MHbTNXLC/c1.png","2023-11-16",389,10811,3,"7-389108113","11/16/2023"
"11895","Russia","Russia","903 KamAZ 6x6","captured","https://i.postimg.cc/N0VMfCPh/v8.png","2023-11-16",389,10812,3,"7-389108123","11/16/2023"
"11896","Russia","Russia","903 KamAZ 6x6","captured","https://i.postimg.cc/T34P0zD7/577.png","2023-11-16",389,10813,3,"7-389108133","11/16/2023"
"11897","Russia","Russia","903 KamAZ 6x6","captured","https://i.postimg.cc/Lsb5kznq/651.jpg","2023-11-16",389,10814,3,"7-389108143","11/16/2023"
"11898","Russia","Russia","903 KamAZ 6x6","captured","https://postimg.cc/NKMzZjc7","2023-11-16",389,10815,3,"7-389108153","11/16/2023"
"11899","Russia","Russia","903 KamAZ 6x6","captured","https://i.postimg.cc/Dyj9w5Db/k5.jpg","2023-11-16",389,10816,3,"7-389108163","11/16/2023"
"11900","Russia","Russia","903 KamAZ 6x6","captured","https://i.postimg.cc/X7YMWt2b/k6.jpg","2023-11-16",389,10817,3,"7-389108173","11/16/2023"
"11901","Russia","Russia","903 KamAZ 6x6","captured","https://i.postimg.cc/mkRgtYn5/224.png","2023-11-16",389,10818,3,"7-389108183","11/16/2023"
"11902","Russia","Russia","903 KamAZ 6x6","captured","https://i.postimg.cc/hhRXrfSQ/115.png","2023-11-16",389,10819,3,"7-389108193","11/16/2023"
"11903","Russia","Russia","903 KamAZ 6x6","captured","https://i.postimg.cc/YqLQXqct/6888.jpg","2023-11-16",389,6355,3,"7-38963553","11/16/2023"
"11904","Russia","Russia","903 KamAZ 6x6","captured","https://i.postimg.cc/QxZD33Vc/cc4.jpg","2023-11-16",389,10820,3,"7-389108203","11/16/2023"
"11905","Russia","Russia","903 KamAZ 6x6","captured","https://i.postimg.cc/SxjTZmMW/328.jpg","2023-11-16",389,10821,3,"7-389108213","11/16/2023"
"11906","Russia","Russia","903 KamAZ 6x6","captured","https://i.postimg.cc/0yhB1dJk/t6.jpg","2023-11-16",389,9681,3,"7-38996813","11/16/2023"
"11907","Russia","Russia","903 KamAZ 6x6","captured","https://i.postimg.cc/DyKTfyqk/3215.jpg","2023-11-16",389,10822,3,"7-389108223","11/16/2023"
"11908","Russia","Russia","903 KamAZ 6x6","captured","https://i.postimg.cc/V6msCW9Q/577.png","2023-11-16",389,10823,3,"7-389108233","11/16/2023"
"11909","Russia","Russia","903 KamAZ 6x6","captured","https://i.postimg.cc/xdd4shpJ/659.jpg","2023-11-16",389,10824,3,"7-389108243","11/16/2023"
"11910","Russia","Russia","903 KamAZ 6x6","captured","https://twitter.com/UAWeapons/status/1567823899785658368","2023-11-16",389,4995,3,"7-38949953","11/16/2023"
"11911","Russia","Russia","903 KamAZ 6x6","damaged","https://twitter.com/UAWeapons/status/1568341095591088130","2023-11-16",389,9917,2,"7-38999172","11/16/2023"
"11912","Russia","Russia","903 KamAZ 6x6","captured","https://twitter.com/UAWeapons/status/1568341095591088130","2023-11-16",389,9917,3,"7-38999173","11/16/2023"
"11913","Russia","Russia","903 KamAZ 6x6","captured","https://twitter.com/UAWeapons/status/1569043961771163652","2023-11-16",389,6500,3,"7-38965003","11/16/2023"
"11914","Russia","Russia","903 KamAZ 6x6","captured","https://twitter.com/UAWeapons/status/1569035760333897728","2023-11-16",389,9918,3,"7-38999183","11/16/2023"
"11915","Russia","Russia","903 KamAZ 6x6","captured","https://twitter.com/UAWeapons/status/1569058019866021894","2023-11-16",389,10825,3,"7-389108253","11/16/2023"
"11916","Russia","Russia","903 KamAZ 6x6","captured","https://i.postimg.cc/50HXVNDb/1010-kamaz6x6.jpg","2023-11-16",389,10826,3,"7-389108263","11/16/2023"
"11917","Russia","Russia","903 KamAZ 6x6","captured","https://i.postimg.cc/bvhD1hGR/1004-kamaz6x6.jpg","2023-11-16",389,10827,3,"7-389108273","11/16/2023"
"11918","Russia","Russia","903 KamAZ 6x6","captured","https://i.postimg.cc/fbgfWBwm/kamaz-5350.jpg","2023-11-16",389,10828,3,"7-389108283","11/16/2023"
"11919","Russia","Russia","903 KamAZ 6x6","damaged","https://twitter.com/UAWeapons/status/1568628787457433600","2023-11-16",389,10121,2,"7-389101212","11/16/2023"
"11920","Russia","Russia","903 KamAZ 6x6","captured","https://twitter.com/UAWeapons/status/1568628787457433600","2023-11-16",389,10121,3,"7-389101213","11/16/2023"
"11921","Russia","Russia","903 KamAZ 6x6","captured","https://i.postimg.cc/TP5xjp4q/2022-09-17-Kam-AZ-6x6-2.jpg","2023-11-16",389,10829,3,"7-389108293","11/16/2023"
"11922","Russia","Russia","903 KamAZ 6x6","captured","https://twitter.com/UAWeapons/status/1568899264650280961","2023-11-16",389,9736,3,"7-38997363","11/16/2023"
"11923","Russia","Russia","903 KamAZ 6x6","captured","https://twitter.com/UAWeapons/status/1570152375238950912","2023-11-16",389,4481,3,"7-38944813","11/16/2023"
"11924","Russia","Russia","903 KamAZ 6x6","captured","https://postimg.cc/LhjqNt4j","2023-11-16",389,10830,3,"7-389108303","11/16/2023"
"11925","Russia","Russia","903 KamAZ 6x6","captured","https://postimg.cc/gnnJQYwg","2023-11-16",389,10831,3,"7-389108313","11/16/2023"
"11926","Russia","Russia","903 KamAZ 6x6","captured","https://i.postimg.cc/W1778G7n/2022-09-19-Kam-AZ-6x6.jpg","2023-11-16",389,10832,3,"7-389108323","11/16/2023"
"11927","Russia","Russia","903 KamAZ 6x6","damaged","https://i.postimg.cc/9z58PTRG/2022-09-19-Kam-AZ-6x6-1.jpg","2023-11-16",389,10833,2,"7-389108332","11/16/2023"
"11928","Russia","Russia","903 KamAZ 6x6","captured","https://i.postimg.cc/9z58PTRG/2022-09-19-Kam-AZ-6x6-1.jpg","2023-11-16",389,10833,3,"7-389108333","11/16/2023"
"11929","Russia","Russia","903 KamAZ 6x6","captured","https://i.postimg.cc/fy3CCLwv/2022-09-17-Kam-AZ-6x6.jpg","2023-11-16",389,10834,3,"7-389108343","11/16/2023"
"11930","Russia","Russia","903 KamAZ 6x6","captured","https://i.postimg.cc/hG4WQzFg/1004-kamaz6x6.jpg","2023-11-16",389,10835,3,"7-389108353","11/16/2023"
"11931","Russia","Russia","903 KamAZ 6x6","captured","https://i.postimg.cc/qMK1XyFF/1004-bmp2-ural-tanker-kamaz6x6.png","2023-11-16",389,9923,3,"7-38999233","11/16/2023"
"11932","Russia","Russia","903 KamAZ 6x6","damaged","https://i.postimg.cc/VvtRYvjh/1005-kamaz-6x6-capt-dam.jpg","2023-11-16",389,10836,2,"7-389108362","11/16/2023"
"11933","Russia","Russia","903 KamAZ 6x6","captured","https://i.postimg.cc/VvtRYvjh/1005-kamaz-6x6-capt-dam.jpg","2023-11-16",389,10836,3,"7-389108363","11/16/2023"
"11934","Russia","Russia","903 KamAZ 6x6","captured","https://i.postimg.cc/kgTrNXzb/2022-09-13-Kam-AZ-6x6.jpg","2023-11-16",389,10837,3,"7-389108373","11/16/2023"
"11935","Russia","Russia","903 KamAZ 6x6","captured","https://i.postimg.cc/L6BtwxLN/1020-kamaz-6x6-capt.jpg","2023-11-16",389,10838,3,"7-389108383","11/16/2023"
"11936","Russia","Russia","903 KamAZ 6x6","captured","https://twitter.com/UAWeapons/status/1577191476001271808","2023-11-16",389,8184,3,"7-38981843","11/16/2023"
"11937","Russia","Russia","903 KamAZ 6x6","damaged","https://i.postimg.cc/8PsJnK3Y/1005-ural4320-kamaz6x6-destr.jpg","2023-11-16",389,9747,2,"7-38997472","11/16/2023"
"11938","Russia","Russia","903 KamAZ 6x6","captured","https://i.postimg.cc/8PsJnK3Y/1005-ural4320-kamaz6x6-destr.jpg","2023-11-16",389,9747,3,"7-38997473","11/16/2023"
"11939","Russia","Russia","903 KamAZ 6x6","captured","https://twitter.com/UAWeapons/status/1578364181765509120","2023-11-16",389,2745,3,"7-38927453","11/16/2023"
"11940","Russia","Russia","903 KamAZ 6x6","captured","https://i.postimg.cc/TwCSfrHk/Kamaz-6x6-cap.png","2023-11-16",389,10839,3,"7-389108393","11/16/2023"
"11941","Russia","Russia","903 KamAZ 6x6","captured","https://i.postimg.cc/SsxdK4Hv/1008-kamaz-6x6-capt.jpg","2023-11-16",389,10840,3,"7-389108403","11/16/2023"
"11942","Russia","Russia","903 KamAZ 6x6","captured","https://i.postimg.cc/0Nfsw1hh/1008-kamaz-6x6-capt.jpg","2023-11-16",389,10841,3,"7-389108413","11/16/2023"
"11943","Russia","Russia","903 KamAZ 6x6","captured","https://i.postimg.cc/X7m7j308/1009-kamaz-6x6-capt.jpg","2023-11-16",389,10842,3,"7-389108423","11/16/2023"
"11944","Russia","Russia","903 KamAZ 6x6","captured","https://i.postimg.cc/wxhcw6jV/Kamaz-6x6-captured.png","2023-11-16",389,10843,3,"7-389108433","11/16/2023"
"11945","Russia","Russia","903 KamAZ 6x6","captured","https://i.postimg.cc/qB9vRk3T/1009-kamaz-6x6.jpg","2023-11-16",389,10844,3,"7-389108443","11/16/2023"
"11946","Russia","Russia","903 KamAZ 6x6","captured","https://i.postimg.cc/d3wCQ603/1015-1x-ural432-2x-kamaz6x6-capt.jpg","2023-11-16",389,9763,3,"7-38997633","11/16/2023"
"11947","Russia","Russia","903 KamAZ 6x6","captured","https://i.postimg.cc/1zVwv4Tm/1010-kamaz-6x6-capt.jpg","2023-11-16",389,10845,3,"7-389108453","11/16/2023"
"11948","Russia","Russia","903 KamAZ 6x6","captured","https://i.postimg.cc/vDR5qdbW/1013-Kam-AZ6x6-capt.jpg","2023-11-16",389,10846,3,"7-389108463","11/16/2023"
"11949","Russia","Russia","903 KamAZ 6x6","captured","https://i.postimg.cc/d1wLwjYm/2022-03-05-Kam-AZ-6x6.jpg","2023-11-16",389,10847,3,"7-389108473","11/16/2023"
"11950","Russia","Russia","903 KamAZ 6x6","captured","https://i.postimg.cc/tCK4jN5s/2022-04-01-kamaz-6x6.jpg","2023-11-16",389,10848,3,"7-389108483","11/16/2023"
"11951","Russia","Russia","903 KamAZ 6x6","captured","https://i.postimg.cc/Jh3FsKS3/2022-04-01-kamaz-6x6-4.jpg","2023-11-16",389,10849,3,"7-389108493","11/16/2023"
"11952","Russia","Russia","903 KamAZ 6x6","captured","https://i.postimg.cc/VkvG5R1p/2022-10-03-kamaz-6x6.jpg","2023-11-16",389,10850,3,"7-389108503","11/16/2023"
"11953","Russia","Russia","903 KamAZ 6x6","captured","https://i.postimg.cc/RVCvjvwM/1007-kamaz-6x6-capt.jpg","2023-11-16",389,10851,3,"7-389108513","11/16/2023"
"11954","Russia","Russia","903 KamAZ 6x6","captured","https://i.postimg.cc/tCPccYNm/v8.png","2023-11-16",389,10852,3,"7-389108523","11/16/2023"
"11955","Russia","Russia","903 KamAZ 6x6","damaged","https://i.postimg.cc/yxFbqm3T/1021-2x-kamaz6x6-dam-capt.jpg","2023-11-16",389,10853,2,"7-389108532","11/16/2023"
"11956","Russia","Russia","903 KamAZ 6x6","captured","https://i.postimg.cc/yxFbqm3T/1021-2x-kamaz6x6-dam-capt.jpg","2023-11-16",389,10853,3,"7-389108533","11/16/2023"
"11957","Russia","Russia","903 KamAZ 6x6","captured","https://i.postimg.cc/Tw3mRKmh/1002-kamaz6x6-capt-6-11.jpg","2023-11-16",389,10854,3,"7-389108543","11/16/2023"
"11958","Russia","Russia","903 KamAZ 6x6","damaged","https://i.postimg.cc/SszGPD5M/1008-kamaz6x6-dam-capt.jpg","2023-11-16",389,10855,2,"7-389108552","11/16/2023"
"11959","Russia","Russia","903 KamAZ 6x6","captured","https://i.postimg.cc/SszGPD5M/1008-kamaz6x6-dam-capt.jpg","2023-11-16",389,10855,3,"7-389108553","11/16/2023"
"11960","Russia","Russia","903 KamAZ 6x6","captured","https://i.postimg.cc/vZJws8rB/1000-kamaz6x6-captured.jpg","2023-11-16",389,10856,3,"7-389108563","11/16/2023"
"11961","Russia","Russia","903 KamAZ 6x6","captured","https://i.postimg.cc/zDxmfFC4/1030-kamaz6x6-capt.jpg","2023-11-16",389,10857,3,"7-389108573","11/16/2023"
"11962","Russia","Russia","903 KamAZ 6x6","captured","https://i.postimg.cc/gkHWjBwT/66530.png","2023-11-16",389,10858,3,"7-389108583","11/16/2023"
"11963","Russia","Russia","903 KamAZ 6x6","captured","https://i.postimg.cc/WpQPQSVF/1014-kamaz-6x6-capt.jpg","2023-11-16",389,10859,3,"7-389108593","11/16/2023"
"11964","Russia","Russia","903 KamAZ 6x6","captured","https://i.postimg.cc/BQYVYNRf/1027-kamaz6x6-capt.jpg","2023-11-16",389,10860,3,"7-389108603","11/16/2023"
"11965","Russia","Russia","903 KamAZ 6x6","captured","https://i.postimg.cc/J7Jf6cqN/1013-kamaz-6x6-capt.jpg","2023-11-16",389,10861,3,"7-389108613","11/16/2023"
"11966","Russia","Russia","903 KamAZ 6x6","destroyed","https://i.postimg.cc/NFY8Mb3y/1010-kamaz6x6-capt-23-01-23.jpg","2023-11-16",389,10862,1,"7-389108621","11/16/2023"
"11967","Russia","Russia","903 KamAZ 6x6","captured","https://i.postimg.cc/cHZ7spPC/1009-kamaz-6x6-capt.jpg","2023-11-16",389,10863,3,"7-389108633","11/16/2023"
"11968","Russia","Russia","903 KamAZ 6x6","captured","https://i.postimg.cc/Jzcg1cmK/1005-kamaz6x6-capt-24-09.jpg","2023-11-16",389,10864,3,"7-389108643","11/16/2023"
"11969","Russia","Russia","903 KamAZ 6x6","captured","https://i.postimg.cc/vThpW6mG/2022-04-13-Kam-AZ-6x6-captured.jpg","2023-11-16",389,10865,3,"7-389108653","11/16/2023"
"11970","Russia","Russia","903 KamAZ 6x6","captured","https://i.postimg.cc/90MQgWjZ/1021-kamaz6x6-capt.jpg","2023-11-16",389,10866,3,"7-389108663","11/16/2023"
"11971","Russia","Russia","903 KamAZ 6x6","captured","https://i.postimg.cc/P5BvL8nc/1002-kamaz6x6-capt.jpg","2023-11-16",389,10867,3,"7-389108673","11/16/2023"
"11972","Russia","Russia","903 KamAZ 6x6","damaged","https://i.postimg.cc/T33BKY7m/c6.png","2023-11-16",389,10868,2,"7-389108682","11/16/2023"
"11973","Russia","Russia","903 KamAZ 6x6","captured","https://i.postimg.cc/T33BKY7m/c6.png","2023-11-16",389,10868,3,"7-389108683","11/16/2023"
"11974","Russia","Russia","903 KamAZ 6x6","captured","https://i.postimg.cc/YCCRyjvx/1012-kamaz6x6-capt-21-10-22.jpg","2023-11-16",389,10869,3,"7-389108693","11/16/2023"
"11975","Russia","Russia","903 KamAZ 6x6","captured","https://i.postimg.cc/vmpvBz3P/1015-Kam-AZ-6x6-capt-02-03-22.jpg","2023-11-16",389,10870,3,"7-389108703","11/16/2023"
"11976","Russia","Russia","903 KamAZ 6x6","captured","https://i.postimg.cc/YqkbYdkZ/1017-kamaz6x6-capt-20-01-23.jpg","2023-11-16",389,10871,3,"7-389108713","11/16/2023"
"11977","Russia","Russia","903 KamAZ 6x6","captured","https://i.postimg.cc/Pqrz0QH1/7j.jpg","2023-11-16",389,10872,3,"7-389108723","11/16/2023"
"11978","Russia","Russia","903 KamAZ 6x6","damaged","https://i.postimg.cc/5NPYPv9z/1003-kamaz6x6-capt-dam-17-02-23.jpg","2023-11-16",389,10873,2,"7-389108732","11/16/2023"
"11979","Russia","Russia","903 KamAZ 6x6","captured","https://i.postimg.cc/5NPYPv9z/1003-kamaz6x6-capt-dam-17-02-23.jpg","2023-11-16",389,10873,3,"7-389108733","11/16/2023"
"11980","Russia","Russia","903 KamAZ 6x6","damaged","https://i.postimg.cc/sxw8yGsn/1013-kamaz6x6-dam-capt-06-10-22.jpg","2023-11-16",389,10874,2,"7-389108742","11/16/2023"
"11981","Russia","Russia","903 KamAZ 6x6","captured","https://i.postimg.cc/sxw8yGsn/1013-kamaz6x6-dam-capt-06-10-22.jpg","2023-11-16",389,10874,3,"7-389108743","11/16/2023"
"11982","Russia","Russia","903 KamAZ 6x6","captured","https://i.postimg.cc/ZnTg1xtB/1012-kamaz6x6-capt-31-03-22.jpg","2023-11-16",389,10875,3,"7-389108753","11/16/2023"
"11983","Russia","Russia","903 KamAZ 6x6","captured","https://i.postimg.cc/CL8g0PGw/1012-kamaz6x6-capt-13-03-23.jpg","2023-11-16",389,10876,3,"7-389108763","11/16/2023"
"11984","Russia","Russia","903 KamAZ 6x6","captured","https://i.postimg.cc/JhFzWXy8/1021-kamaz6x6-capt-30-04-22.jpg","2023-11-16",389,10877,3,"7-389108773","11/16/2023"
"11985","Russia","Russia","903 KamAZ 6x6","captured","https://i.postimg.cc/kghMthDS/1013-kamaz6x6-capt-30-11-22.jpg","2023-11-16",389,10878,3,"7-389108783","11/16/2023"
"11986","Russia","Russia","903 KamAZ 6x6","captured","https://i.postimg.cc/cJxKj1mF/1002-kamaz6x6-capt-13-06-23.jpg","2023-11-16",389,10879,3,"7-389108793","11/16/2023"
"11987","Russia","Russia","903 KamAZ 6x6","captured","https://i.postimg.cc/SRm3Dv7Z/1030-Kam-AZ-6x6-capt-30-11-22.jpg","2023-11-16",389,10880,3,"7-389108803","11/16/2023"
"11988","Russia","Russia","903 KamAZ 6x6","captured","https://i.postimg.cc/8c8bkv0Y/1004-kamaz6x6-capt-31-03-23.jpg","2023-11-16",389,10881,3,"7-389108813","11/16/2023"
"11989","Russia","Russia","903 KamAZ 6x6","captured","https://i.postimg.cc/MKX6jV9N/1016-Kam-AZ-6x6-capt-05-05-22.jpg","2023-11-16",389,10882,3,"7-389108823","11/16/2023"
"11990","Russia","Russia","903 KamAZ 6x6","captured","https://i.postimg.cc/htYWVDvw/1000-kamaz6x6-capt-30-03-22.jpg","2023-11-16",389,10883,3,"7-389108833","11/16/2023"
"11991","Russia","Russia","128 KamAZ 6x6 tanker","destroyed","https://i.postimg.cc/nc8Fg5Sz/Screenshot-8215.png","2023-11-16",390,10884,1,"7-390108841","11/16/2023"
"11992","Russia","Russia","128 KamAZ 6x6 tanker","destroyed","https://i.postimg.cc/wjDYJj9c/Screenshot-8224.png","2023-11-16",390,10885,1,"7-390108851","11/16/2023"
"11993","Russia","Russia","128 KamAZ 6x6 tanker","destroyed","https://i.postimg.cc/gjV6fNhS/5557.png","2023-11-16",390,10886,1,"7-390108861","11/16/2023"
"11994","Russia","Russia","128 KamAZ 6x6 tanker","destroyed","https://i.postimg.cc/rpcknGtL/fu1.jpg","2023-11-16",390,10887,1,"7-390108871","11/16/2023"
"11995","Russia","Russia","128 KamAZ 6x6 tanker","destroyed","https://i.postimg.cc/d37Pk4gG/fu2.jpg","2023-11-16",390,10888,1,"7-390108881","11/16/2023"
"11996","Russia","Russia","128 KamAZ 6x6 tanker","destroyed","https://i.postimg.cc/Twdm8sDv/4357.png","2023-11-16",390,10889,1,"7-390108891","11/16/2023"
"11997","Russia","Russia","128 KamAZ 6x6 tanker","destroyed","https://i.postimg.cc/xTfVSWDZ/80.png","2023-11-16",390,10890,1,"7-390108901","11/16/2023"
"11998","Russia","Russia","128 KamAZ 6x6 tanker","destroyed","https://i.postimg.cc/K4hRzk4r/fu14.jpg","2023-11-16",390,10891,1,"7-390108911","11/16/2023"
"11999","Russia","Russia","128 KamAZ 6x6 tanker","destroyed","https://i.postimg.cc/tRxXd5HX/4f2b.png","2023-11-16",390,10892,1,"7-390108921","11/16/2023"
"12000","Russia","Russia","128 KamAZ 6x6 tanker","destroyed","https://i.postimg.cc/jdhNtXrR/1002-kamaz-tanker-destr-31-03-22.jpg","2023-11-16",390,10893,1,"7-390108931","11/16/2023"
"12001","Russia","Russia","128 KamAZ 6x6 tanker","destroyed","https://i.postimg.cc/W1Z70rb7/321.jpg","2023-11-16",390,10894,1,"7-390108941","11/16/2023"
"12002","Russia","Russia","128 KamAZ 6x6 tanker","destroyed","https://i.postimg.cc/MGpbHFQy/kkamazzzz.png","2023-11-16",390,10895,1,"7-390108951","11/16/2023"
"12003","Russia","Russia","128 KamAZ 6x6 tanker","destroyed","https://i.postimg.cc/2jv51gFL/447.png","2023-11-16",390,10896,1,"7-390108961","11/16/2023"
"12004","Russia","Russia","128 KamAZ 6x6 tanker","destroyed","https://i.postimg.cc/CMQn5zjH/d5.png","2023-11-16",390,10897,1,"7-390108971","11/16/2023"
"12005","Russia","Russia","128 KamAZ 6x6 tanker","destroyed","https://i.postimg.cc/2SpnzCmC/2.png","2023-11-16",390,10898,1,"7-390108981","11/16/2023"
"12006","Russia","Russia","128 KamAZ 6x6 tanker","destroyed","https://i.postimg.cc/zG1xXs1Y/3.jpg","2023-11-16",390,10899,1,"7-390108991","11/16/2023"
"12007","Russia","Russia","128 KamAZ 6x6 tanker","destroyed","https://i.postimg.cc/15z97jdP/4.jpg","2023-11-16",390,10900,1,"7-390109001","11/16/2023"
"12008","Russia","Russia","128 KamAZ 6x6 tanker","destroyed","https://i.postimg.cc/sD03kJFW/5.jpg","2023-11-16",390,10901,1,"7-390109011","11/16/2023"
"12009","Russia","Russia","128 KamAZ 6x6 tanker","destroyed","https://i.postimg.cc/XvKSYfPQ/6.jpg","2023-11-16",390,10902,1,"7-390109021","11/16/2023"
"12010","Russia","Russia","128 KamAZ 6x6 tanker","destroyed","https://i.postimg.cc/Ssy02XFq/7.jpg","2023-11-16",390,10903,1,"7-390109031","11/16/2023"
"12011","Russia","Russia","128 KamAZ 6x6 tanker","destroyed","https://i.postimg.cc/FFTvSxH6/8.jpg","2023-11-16",390,10904,1,"7-390109041","11/16/2023"
"12012","Russia","Russia","128 KamAZ 6x6 tanker","destroyed","https://i.postimg.cc/pTw2SyGS/3f.jpg","2023-11-16",390,10905,1,"7-390109051","11/16/2023"
"12013","Russia","Russia","128 KamAZ 6x6 tanker","destroyed","https://i.postimg.cc/L4wjS4v3/gg.jpg","2023-11-16",390,10906,1,"7-390109061","11/16/2023"
"12014","Russia","Russia","128 KamAZ 6x6 tanker","destroyed","https://twitter.com/UAWeapons/status/1528845503433252866","2023-11-16",390,10907,1,"7-390109071","11/16/2023"
"12015","Russia","Russia","128 KamAZ 6x6 tanker","destroyed","https://i.postimg.cc/mDMRdfrF/1082-Kam-AZ-6x6-tanker.jpg","2023-11-16",390,10908,1,"7-390109081","11/16/2023"
"12016","Russia","Russia","128 KamAZ 6x6 tanker","destroyed","https://i.postimg.cc/L8pRqPGH/1016-kamaz-tanker.png","2023-11-16",390,10909,1,"7-390109091","11/16/2023"
"12017","Russia","Russia","128 KamAZ 6x6 tanker","destroyed","https://i.postimg.cc/L4jZ9H65/1004.jpg","2023-11-16",390,10910,1,"7-390109101","11/16/2023"
"12018","Russia","Russia","128 KamAZ 6x6 tanker","destroyed","https://i.postimg.cc/sDyG1tvc/1005.jpg","2023-11-16",390,10911,1,"7-390109111","11/16/2023"
"12019","Russia","Russia","128 KamAZ 6x6 tanker","destroyed","https://i.postimg.cc/fyZmdvct/1032.jpg","2023-11-16",390,10912,1,"7-390109121","11/16/2023"
"12020","Russia","Russia","128 KamAZ 6x6 tanker","destroyed","https://i.postimg.cc/m2L728ZK/1033.jpg","2023-11-16",390,10913,1,"7-390109131","11/16/2023"
"12021","Russia","Russia","128 KamAZ 6x6 tanker","destroyed","https://i.postimg.cc/kXTKVKBG/1034.jpg","2023-11-16",390,10914,1,"7-390109141","11/16/2023"
"12022","Russia","Russia","128 KamAZ 6x6 tanker","destroyed","https://i.postimg.cc/Bv2qWPC6/2.png","2023-11-16",390,10230,1,"7-390102301","11/16/2023"
"12023","Russia","Russia","128 KamAZ 6x6 tanker","destroyed","https://i.postimg.cc/SQ6kCh5B/1080-Kam-AZ-6x6-tanker.jpg","2023-11-16",390,10915,1,"7-390109151","11/16/2023"
"12024","Russia","Russia","128 KamAZ 6x6 tanker","destroyed","https://i.postimg.cc/Hs3mvtT3/1081-Kam-AZ-6x6-tanker.jpg","2023-11-16",390,10916,1,"7-390109161","11/16/2023"
"12025","Russia","Russia","128 KamAZ 6x6 tanker","destroyed","https://i.postimg.cc/rwJ13Wwy/1006-kamaz-6x6-tanker.jpg","2023-11-16",390,10917,1,"7-390109171","11/16/2023"
"12026","Russia","Russia","128 KamAZ 6x6 tanker","destroyed","https://i.postimg.cc/SRQtdB3Y/1005.jpg","2023-11-16",390,10918,1,"7-390109181","11/16/2023"
"12027","Russia","Russia","128 KamAZ 6x6 tanker","destroyed","https://i.postimg.cc/KcCNf3Ps/1002-Kam-AZ-fuel-truck.jpg","2023-11-16",390,10919,1,"7-390109191","11/16/2023"
"12028","Russia","Russia","128 KamAZ 6x6 tanker","destroyed","https://i.postimg.cc/mgrDW9jc/1136-kamaz-fuel.jpg","2023-11-16",390,10920,1,"7-390109201","11/16/2023"
"12029","Russia","Russia","128 KamAZ 6x6 tanker","destroyed","https://i.postimg.cc/vHhBKhrF/1137-kamaz-fuel.jpg","2023-11-16",390,10921,1,"7-390109211","11/16/2023"
"12030","Russia","Russia","128 KamAZ 6x6 tanker","destroyed","https://i.postimg.cc/3xbw8wft/1138-kamaz-fuel.jpg","2023-11-16",390,10922,1,"7-390109221","11/16/2023"
"12031","Russia","Russia","128 KamAZ 6x6 tanker","destroyed","https://i.postimg.cc/jqDHzmfT/vlc-RNksf-LLSic.png","2023-11-16",390,10923,1,"7-390109231","11/16/2023"
"12032","Russia","Russia","128 KamAZ 6x6 tanker","destroyed","https://i.postimg.cc/Wz2hXx4J/2022-09-26-Kam-AZ-6x6-tanker.jpg","2023-11-16",390,10924,1,"7-390109241","11/16/2023"
"12033","Russia","Russia","128 KamAZ 6x6 tanker","destroyed","https://i.postimg.cc/BZM6JY6M/2022-09-26-Kam-AZ-6x6-tanker-x2.jpg","2023-11-16",390,10925,1,"7-390109251","11/16/2023"
"12034","Russia","Russia","128 KamAZ 6x6 tanker","destroyed","https://i.postimg.cc/B6WjBkZW/1020-kamaz-tanker-destr-12-03-22.jpg","2023-11-16",390,10926,1,"7-390109261","11/16/2023"
"12035","Russia","Russia","128 KamAZ 6x6 tanker","destroyed","https://i.postimg.cc/QM4Xrs3v/1013-kamaz-tanker-destr.jpg","2023-11-16",390,10927,1,"7-390109271","11/16/2023"
"12036","Russia","Russia","128 KamAZ 6x6 tanker","destroyed","https://i.postimg.cc/QdrTNPTG/fu11.jpg","2023-11-16",390,10928,1,"7-390109281","11/16/2023"
"12037","Russia","Russia","128 KamAZ 6x6 tanker","destroyed","https://i.postimg.cc/7ZMT5V3C/fu12.jpg","2023-11-16",390,10929,1,"7-390109291","11/16/2023"
"12038","Russia","Russia","128 KamAZ 6x6 tanker","destroyed","https://i.postimg.cc/vmYxfVh0/fu13.jpg","2023-11-16",390,10930,1,"7-390109301","11/16/2023"
"12039","Russia","Russia","128 KamAZ 6x6 tanker","destroyed","https://i.postimg.cc/VvSzyJ09/2022-04-01-kamaz-6x6-tanker-x3.jpg","2023-11-16",390,10931,1,"7-390109311","11/16/2023"
"12040","Russia","Russia","128 KamAZ 6x6 tanker","destroyed","https://i.postimg.cc/xTJ1h4Kr/2022-04-01-kamaz-6x6-tanker.jpg","2023-11-16",390,10932,1,"7-390109321","11/16/2023"
"12041","Russia","Russia","128 KamAZ 6x6 tanker","destroyed","https://i.postimg.cc/RF7QVjTD/2022-04-07-kamaz-6x6-tanker-1.jpg","2023-11-16",390,10933,1,"7-390109331","11/16/2023"
"12042","Russia","Russia","128 KamAZ 6x6 tanker","destroyed","https://i.postimg.cc/k4Sy5Gbz/2022-04-09-kamaz-6x6-tanker.jpg","2023-11-16",390,10934,1,"7-390109341","11/16/2023"
"12043","Russia","Russia","128 KamAZ 6x6 tanker","destroyed","https://postlmg.cc/kVZtRt48","2023-11-16",390,10935,1,"7-390109351","11/16/2023"
"12044","Russia","Russia","128 KamAZ 6x6 tanker","destroyed","https://i.postimg.cc/1tvvCMbZ/1.jpg","2023-11-16",390,10936,1,"7-390109361","11/16/2023"
"12045","Russia","Russia","128 KamAZ 6x6 tanker","destroyed","https://i.postimg.cc/CKkGnJw4/kaamazzzz.jpg","2023-11-16",390,10937,1,"7-390109371","11/16/2023"
"12046","Russia","Russia","128 KamAZ 6x6 tanker","destroyed","https://postimg.cc/v1PgM4f0","2023-11-16",390,10938,1,"7-390109381","11/16/2023"
"12047","Russia","Russia","128 KamAZ 6x6 tanker","destroyed","https://i.postimg.cc/G2zsv5Vv/kammazzz.png","2023-11-16",390,10939,1,"7-390109391","11/16/2023"
"12048","Russia","Russia","128 KamAZ 6x6 tanker","destroyed","https://i.postimg.cc/8z046wxF/kkamaazz.jpg","2023-11-16",390,10940,1,"7-390109401","11/16/2023"
"12049","Russia","Russia","128 KamAZ 6x6 tanker","destroyed","https://i.postimg.cc/13RYTNmp/1025-kamaz-tanker-destr.jpg","2023-11-16",390,10941,1,"7-390109411","11/16/2023"
"12050","Russia","Russia","128 KamAZ 6x6 tanker","destroyed","https://i.postimg.cc/gJt1tMfg/1036-T-72-B3-Kam-AZ-6x6-tanker-destr-3-11.jpg","2023-11-16",390,760,1,"7-3907601","11/16/2023"
"12051","Russia","Russia","128 KamAZ 6x6 tanker","destroyed","https://i.postimg.cc/3NpqNGqQ/1006-kamaz-tanker-destr.jpg","2023-11-16",390,10942,1,"7-390109421","11/16/2023"
"12052","Russia","Russia","128 KamAZ 6x6 tanker","destroyed","https://i.postimg.cc/9FS9h62Y/1010-Kam-AZ-6x6-fuel-tanker-destr.jpg","2023-11-16",390,10943,1,"7-390109431","11/16/2023"
"12053","Russia","Russia","128 KamAZ 6x6 tanker","destroyed","https://i.postimg.cc/wBYL2Kq2/1006-Kam-AZ-6x6-fuel-tanker-destr.jpg","2023-11-16",390,10944,1,"7-390109441","11/16/2023"
"12054","Russia","Russia","128 KamAZ 6x6 tanker","destroyed","https://i.postimg.cc/5NkmwkQK/1008-kamaz-tanker-destr.jpg","2023-11-16",390,10945,1,"7-390109451","11/16/2023"
"12055","Russia","Russia","128 KamAZ 6x6 tanker","destroyed","https://i.postimg.cc/qvJwVqvw/1022-kamaz-tanker-ddestr.jpg","2023-11-16",390,10946,1,"7-390109461","11/16/2023"
"12056","Russia","Russia","128 KamAZ 6x6 tanker","destroyed","https://i.postimg.cc/D0bGwJ7S/2022-04-03-Kam-AZ-6x6-tanker-x2-destroyed-Berestianka.jpg","2023-11-16",390,10947,1,"7-390109471","11/16/2023"
"12057","Russia","Russia","128 KamAZ 6x6 tanker","destroyed","https://i.postimg.cc/D0bGwJ7S/2022-04-03-Kam-AZ-6x6-tanker-x2-destroyed-Berestianka.jpg","2023-11-16",390,10947,1,"7-390109471","11/16/2023"
"12058","Russia","Russia","128 KamAZ 6x6 tanker","destroyed","https://i.postimg.cc/3NQjsFHL/2022-04-06-Kam-AZ-6x6-tanker-destroyed-Zdvyzhivka.jpg","2023-11-16",390,10948,1,"7-390109481","11/16/2023"
"12059","Russia","Russia","128 KamAZ 6x6 tanker","destroyed","https://i.postimg.cc/Vshj2Yqc/2022-07-07-kamaz-6x6-tanker-destroyed.jpg","2023-11-16",390,10949,1,"7-390109491","11/16/2023"
"12060","Russia","Russia","128 KamAZ 6x6 tanker","destroyed","https://i.postimg.cc/KjBNMXzb/438f.png","2023-11-16",390,10950,1,"7-390109501","11/16/2023"
"12061","Russia","Russia","128 KamAZ 6x6 tanker","destroyed","https://i.postimg.cc/d04FCXfz/43g.png","2023-11-16",390,10951,1,"7-390109511","11/16/2023"
"12062","Russia","Russia","128 KamAZ 6x6 tanker","destroyed","https://i.postimg.cc/bYgXZZQY/1003-kamaz-tanker-destr-04-01-23.jpg","2023-11-16",390,10952,1,"7-390109521","11/16/2023"
"12063","Russia","Russia","128 KamAZ 6x6 tanker","destroyed","https://i.postimg.cc/ZnXDF1S0/1019-2x-kamaz-tanker-destr-06-01-23.jpg","2023-11-16",390,10953,1,"7-390109531","11/16/2023"
"12064","Russia","Russia","128 KamAZ 6x6 tanker","destroyed","https://i.postimg.cc/9XyLD63y/1022-kamaz-tanker-destr-19-01-23.jpg","2023-11-16",390,10954,1,"7-390109541","11/16/2023"
"12065","Russia","Russia","128 KamAZ 6x6 tanker","destroyed","https://i.postimg.cc/QNk2Gh5v/1019-kamaz-tanker-destr-24-01-23.jpg","2023-11-16",390,10955,1,"7-390109551","11/16/2023"
"12066","Russia","Russia","128 KamAZ 6x6 tanker","destroyed","https://i.postimg.cc/bvmbwGqP/1019-kamaz-tanker-destr-11-02-23.jpg","2023-11-16",390,10956,1,"7-390109561","11/16/2023"
"12067","Russia","Russia","128 KamAZ 6x6 tanker","destroyed","https://i.postimg.cc/fbznxM6b/1018-kamaz-tanker-destr-19-03-23.jpg","2023-11-16",390,10957,1,"7-390109571","11/16/2023"
"12068","Russia","Russia","128 KamAZ 6x6 tanker","destroyed","https://i.postimg.cc/yxSwVxSL/1030-2x-Kam-AZ-6x6-1x-Kam-AZ-6x6-tanker-destr-16-03-23.jpg","2023-11-16",390,10570,1,"7-390105701","11/16/2023"
"12069","Russia","Russia","128 KamAZ 6x6 tanker","destroyed","https://i.postimg.cc/3J9xYYwC/4777.png","2023-11-16",390,10958,1,"7-390109581","11/16/2023"
"12070","Russia","Russia","128 KamAZ 6x6 tanker","destroyed","https://i.postimg.cc/T1zWDNNb/fu10.jpg","2023-11-16",390,10959,1,"7-390109591","11/16/2023"
"12071","Russia","Russia","128 KamAZ 6x6 tanker","destroyed","https://i.postimg.cc/g2RRt73t/8.png","2023-11-16",390,10960,1,"7-390109601","11/16/2023"
"12072","Russia","Russia","128 KamAZ 6x6 tanker","destroyed","https://i.postimg.cc/8k2p0Wx4/1019-kamaz-tanker-destr-26-02-22.jpg","2023-11-16",390,10961,1,"7-390109611","11/16/2023"
"12073","Russia","Russia","128 KamAZ 6x6 tanker","destroyed","https://i.postimg.cc/MZbWYGvq/1021-Kam-AZ-6x6-tanker-destr-24-05-23.jpg","2023-11-16",390,10962,1,"7-390109621","11/16/2023"
"12074","Russia","Russia","128 KamAZ 6x6 tanker","destroyed","https://i.postimg.cc/q7Tn3F1C/1018-Kam-AZ-6x6-tanker-destr-31-12-22.jpg","2023-11-16",390,10963,1,"7-390109631","11/16/2023"
"12075","Russia","Russia","128 KamAZ 6x6 tanker","destroyed","https://i.postimg.cc/Jn7kTkVr/1019-Kam-AZ-6x6-tanker-destr-31-12-22.jpg","2023-11-16",390,10964,1,"7-390109641","11/16/2023"
"12076","Russia","Russia","128 KamAZ 6x6 tanker","destroyed","https://i.postimg.cc/R0QLS30x/1008-2x-kamaz-tanker-destr-31-07-23.jpg","2023-11-16",390,10965,1,"7-390109651","11/16/2023"
"12077","Russia","Russia","128 KamAZ 6x6 tanker","destroyed","https://i.postimg.cc/m2S2GQGN/1006-Kam-AZ-6x6-tanker-destr-02-08-23.jpg","2023-11-16",390,10966,1,"7-390109661","11/16/2023"
"12078","Russia","Russia","128 KamAZ 6x6 tanker","destroyed","https://i.postimg.cc/mDfVrQh2/1011-Kam-AZ-6x6-fuel-tanker-destr-17-08-23.jpg","2023-11-16",390,10967,1,"7-390109671","11/16/2023"
"12079","Russia","Russia","128 KamAZ 6x6 tanker","damaged","https://i.postimg.cc/XYdzk891/5g.png","2023-11-16",390,10968,2,"7-390109682","11/16/2023"
"12080","Russia","Russia","128 KamAZ 6x6 tanker","damaged","https://i.postimg.cc/DyJTzQPv/1002-kamaz-tanker-x2-damaged.jpg","2023-11-16",390,10969,2,"7-390109692","11/16/2023"
"12081","Russia","Russia","128 KamAZ 6x6 tanker","damaged","https://twitter.com/UAWeapons/status/1551210350548336640","2023-11-16",390,9263,2,"7-39092632","11/16/2023"
"12082","Russia","Russia","128 KamAZ 6x6 tanker","abandoned","https://i.postimg.cc/CK9ZnJrc/Screenshot-8398.png","2023-11-16",390,10970,4,"7-390109704","11/16/2023"
"12083","Russia","Russia","128 KamAZ 6x6 tanker","damaged","https://i.postimg.cc/DfYbWs3H/Kamaz.png","2023-11-16",390,10971,2,"7-390109712","11/16/2023"
"12084","Russia","Russia","128 KamAZ 6x6 tanker","captured","https://i.postimg.cc/DfYbWs3H/Kamaz.png","2023-11-16",390,10971,3,"7-390109713","11/16/2023"
"12085","Russia","Russia","128 KamAZ 6x6 tanker","captured","https://i.postimg.cc/nVdn1m6n/1014-kamaz-tanker-capt.jpg","2023-11-16",390,10972,3,"7-390109723","11/16/2023"
"12086","Russia","Russia","128 KamAZ 6x6 tanker","captured","https://i.postimg.cc/T1dZFqtr/665.jpg","2023-11-16",390,10973,3,"7-390109733","11/16/2023"
"12087","Russia","Russia","128 KamAZ 6x6 tanker","captured","https://i.postimg.cc/SQ6NYYKQ/48.png","2023-11-16",390,10974,3,"7-390109743","11/16/2023"
"12088","Russia","Russia","128 KamAZ 6x6 tanker","captured","https://i.postimg.cc/FKptmK0L/33.jpg","2023-11-16",390,10975,3,"7-390109753","11/16/2023"
"12089","Russia","Russia","128 KamAZ 6x6 tanker","captured","https://i.postimg.cc/KYbKRw6R/337.jpg","2023-11-16",390,10976,3,"7-390109763","11/16/2023"
"12090","Russia","Russia","128 KamAZ 6x6 tanker","captured","https://i.postimg.cc/2y9NYXL9/565.jpg","2023-11-16",390,10977,3,"7-390109773","11/16/2023"
"12091","Russia","Russia","128 KamAZ 6x6 tanker","captured","https://i.postimg.cc/FFBjBjBd/1.png","2023-11-16",390,10978,3,"7-390109783","11/16/2023"
"12092","Russia","Russia","128 KamAZ 6x6 tanker","captured","https://i.postimg.cc/15tY3vhL/4456.png","2023-11-16",390,10979,3,"7-390109793","11/16/2023"
"12093","Russia","Russia","128 KamAZ 6x6 tanker","captured","https://i.postimg.cc/W3YpnCfM/b6.jpg","2023-11-16",390,10980,3,"7-390109803","11/16/2023"
"12094","Russia","Russia","128 KamAZ 6x6 tanker","captured","https://postimg.cc/tYb8PhP1","2023-11-16",390,10981,3,"7-390109813","11/16/2023"
"12095","Russia","Russia","128 KamAZ 6x6 tanker","captured","https://i.postimg.cc/YSRVHR7N/ff8.jpg","2023-11-16",390,10982,3,"7-390109823","11/16/2023"
"12096","Russia","Russia","128 KamAZ 6x6 tanker","captured","https://i.postimg.cc/sf97hxtg/c2.jpg","2023-11-16",390,10983,3,"7-390109833","11/16/2023"
"12097","Russia","Russia","128 KamAZ 6x6 tanker","captured","https://i.postimg.cc/762Bt7mX/114.png","2023-11-16",390,10984,3,"7-390109843","11/16/2023"
"12098","Russia","Russia","128 KamAZ 6x6 tanker","captured","https://i.postimg.cc/pdnXvxd3/c12.jpg","2023-11-16",390,10985,3,"7-390109853","11/16/2023"
"12099","Russia","Russia","128 KamAZ 6x6 tanker","captured","https://i.postimg.cc/9MMhbMDr/vb1.png","2023-11-16",390,10986,3,"7-390109863","11/16/2023"
"12100","Russia","Russia","128 KamAZ 6x6 tanker","captured","https://i.postimg.cc/MHf8kFbw/vb2.png","2023-11-16",390,10987,3,"7-390109873","11/16/2023"
"12101","Russia","Russia","128 KamAZ 6x6 tanker","captured","https://i.postimg.cc/9QDRgJyX/f15.png","2023-11-16",390,10988,3,"7-390109883","11/16/2023"
"12102","Russia","Russia","128 KamAZ 6x6 tanker","captured","https://i.postimg.cc/yYLHzZtr/753.png","2023-11-16",390,10989,3,"7-390109893","11/16/2023"
"12103","Russia","Russia","128 KamAZ 6x6 tanker","captured","https://i.postimg.cc/xTn8ghb3/1135-kamaz-fuel.jpg","2023-11-16",390,10990,3,"7-390109903","11/16/2023"
"12104","Russia","Russia","128 KamAZ 6x6 tanker","damaged","https://i.postimg.cc/JhRL94Pf/1026-ural-tanker.jpg","2023-11-16",390,10991,2,"7-390109912","11/16/2023"
"12105","Russia","Russia","128 KamAZ 6x6 tanker","captured","https://i.postimg.cc/JhRL94Pf/1026-ural-tanker.jpg","2023-11-16",390,10991,3,"7-390109913","11/16/2023"
"12106","Russia","Russia","128 KamAZ 6x6 tanker","captured","https://i.postimg.cc/nhGfLKP0/1000-kamaz-tanker.jpg","2023-11-16",390,10992,3,"7-390109923","11/16/2023"
"12107","Russia","Russia","128 KamAZ 6x6 tanker","damaged","https://i.postimg.cc/MGNqLr79/1000-kamaz-tanker-dam-capt.jpg","2023-11-16",390,10993,2,"7-390109932","11/16/2023"
"12108","Russia","Russia","128 KamAZ 6x6 tanker","captured","https://i.postimg.cc/MGNqLr79/1000-kamaz-tanker-dam-capt.jpg","2023-11-16",390,10993,3,"7-390109933","11/16/2023"
"12109","Russia","Russia","128 KamAZ 6x6 tanker","captured","https://i.postimg.cc/dVr2KjHG/2022-04-05-kamaz-6x6-tanker.jpg","2023-11-16",390,10994,3,"7-390109943","11/16/2023"
"12110","Russia","Russia","128 KamAZ 6x6 tanker","captured","https://i.postimg.cc/g0hQg70S/2022-04-14-Kam-AZ-6x6-tanker-captured.jpg","2023-11-16",390,10995,3,"7-390109953","11/16/2023"
"12111","Russia","Russia","128 KamAZ 6x6 tanker","captured","https://i.postimg.cc/qRQ7GNWp/1000-kamaz-tanker-capt.jpg","2023-11-16",390,10996,3,"7-390109963","11/16/2023"
"12112","Russia","Russia","128 KamAZ 6x6 tanker","captured","https://i.postimg.cc/T2K3KydJ/1035-kamaz-tanker-capt-19-01-23.jpg","2023-11-16",390,10997,3,"7-390109973","11/16/2023"
"12113","Russia","Russia","128 KamAZ 6x6 tanker","captured","https://i.postimg.cc/TwY1SyhZ/1021-kamaz-tanker-capt-06-06-23.jpg","2023-11-16",390,10998,3,"7-390109983","11/16/2023"
"12114","Russia","Russia","128 KamAZ 6x6 tanker","captured","https://i.postimg.cc/hP10gfbC/1030-kamaz-tanker-capt-09-07-23.jpg","2023-11-16",390,10999,3,"7-390109993","11/16/2023"
"12115","Russia","Russia","128 KamAZ 6x6 tanker","captured","https://i.postimg.cc/x8VjVCm2/1023-Kam-AZ-6x6-fuel-tanker-capt-31-03-23.jpg","2023-11-16",390,11000,3,"7-390110003","11/16/2023"
"12116","Russia","Russia","18 KamAZ 8x8","destroyed","https://i.postimg.cc/fLwk6PF2/317.png","2023-11-16",391,11001,1,"7-391110011","11/16/2023"
"12117","Russia","Russia","18 KamAZ 8x8","destroyed","https://i.postimg.cc/QCFNDZqb/1150.png","2023-11-16",391,11002,1,"7-391110021","11/16/2023"
"12118","Russia","Russia","18 KamAZ 8x8","destroyed","https://i.postimg.cc/brsGLhjt/d5.png","2023-11-16",391,11003,1,"7-391110031","11/16/2023"
"12119","Russia","Russia","18 KamAZ 8x8","destroyed","https://twitter.com/UAWeapons/status/1538169293237633029","2023-11-16",391,11004,1,"7-391110041","11/16/2023"
"12120","Russia","Russia","18 KamAZ 8x8","destroyed","https://i.postimg.cc/d0VSKt9K/5g54.jpg","2023-11-16",391,11005,1,"7-391110051","11/16/2023"
"12121","Russia","Russia","18 KamAZ 8x8","destroyed","https://i.postimg.cc/Dy7X6fy4/1004-kamaz6x6-2x-kamaz8x8.jpg","2023-11-16",391,10378,1,"7-391103781","11/16/2023"
"12122","Russia","Russia","18 KamAZ 8x8","destroyed","https://i.postimg.cc/fLdsd41N/3f4.png","2023-11-16",391,11006,1,"7-391110061","11/16/2023"
"12123","Russia","Russia","18 KamAZ 8x8","destroyed","https://i.postimg.cc/43P0nZK1/43140.png","2023-11-16",391,11007,1,"7-391110071","11/16/2023"
"12124","Russia","Russia","18 KamAZ 8x8","destroyed","https://i.postimg.cc/j2cB2KBM/1047-kamaz6x6-destr-03-10-23.jpg","2023-11-16",391,11008,1,"7-391110081","11/16/2023"
"12125","Russia","Russia","18 KamAZ 8x8","captured","https://twitter.com/UAWeapons/status/1568899264650280961","2023-11-16",391,9736,3,"7-39197363","11/16/2023"
"12126","Russia","Russia","18 KamAZ 8x8","captured","https://i.postimg.cc/wvhd7vgh/2022-09-28-Kam-AZ-8x8.jpg","2023-11-16",391,11009,3,"7-391110093","11/16/2023"
"12127","Russia","Russia","18 KamAZ 8x8","captured","https://i.postimg.cc/pdCPSvr3/437.png","2023-11-16",391,11010,3,"7-391110103","11/16/2023"
"12128","Russia","Russia","18 KamAZ 8x8","captured","https://i.postimg.cc/FR6Whkkk/1034-kamaz8x8-capt-01-03-22.jpg","2023-11-16",391,11011,3,"7-391110113","11/16/2023"
"12129","Russia","Russia","18 KamAZ 8x8","captured","https://i.postimg.cc/wBHp5955/1018-kamaz8x8-capt-29-01-23.jpg","2023-11-16",391,11012,3,"7-391110123","11/16/2023"
"12130","Russia","Russia","1 KamAZ 8x8 tanker","destroyed","https://i.postimg.cc/KvXY9Trh/1027-kamaz8x8-tanker-destr-02-10-23.jpg","2023-11-16",392,11013,1,"7-392110131","11/16/2023"
"12131","Russia","Russia","23 KamAZ Avtozaks","destroyed","https://i.postimg.cc/8C0xX3fD/t6.jpg","2023-11-16",393,11014,1,"7-393110141","11/16/2023"
"12132","Russia","Russia","23 KamAZ Avtozaks","destroyed","https://i.postimg.cc/NG2Hv3sw/665.png","2023-11-16",393,11015,1,"7-393110151","11/16/2023"
"12133","Russia","Russia","23 KamAZ Avtozaks","destroyed","https://postimg.cc/CznZMqFz","2023-11-16",393,11016,1,"7-393110161","11/16/2023"
"12134","Russia","Russia","23 KamAZ Avtozaks","destroyed","https://i.postimg.cc/Ssqsv6s3/tr1.png","2023-11-16",393,11017,1,"7-393110171","11/16/2023"
"12135","Russia","Russia","23 KamAZ Avtozaks","destroyed","https://i.postimg.cc/8z6QHD76/46g.jpg","2023-11-16",393,11018,1,"7-393110181","11/16/2023"
"12136","Russia","Russia","23 KamAZ Avtozaks","destroyed","https://i.postimg.cc/NF6Kxmgb/ukk2.jpg","2023-11-16",393,11019,1,"7-393110191","11/16/2023"
"12137","Russia","Russia","23 KamAZ Avtozaks","destroyed","https://i.postimg.cc/PJ5hcpv0/5544.jpg","2023-11-16",393,11020,1,"7-393110201","11/16/2023"
"12138","Russia","Russia","23 KamAZ Avtozaks","destroyed","https://i.postimg.cc/mhW4vFLD/Screenshot-8193.png","2023-11-16",393,11021,1,"7-393110211","11/16/2023"
"12139","Russia","Russia","23 KamAZ Avtozaks","destroyed","https://i.postimg.cc/RhCvjJ0x/ttr.jpg","2023-11-16",393,11022,1,"7-393110221","11/16/2023"
"12140","Russia","Russia","23 KamAZ Avtozaks","destroyed","https://i.postimg.cc/c4Hsh3jQ/ttrr.jpg","2023-11-16",393,11023,1,"7-393110231","11/16/2023"
"12141","Russia","Russia","23 KamAZ Avtozaks","destroyed","https://i.postimg.cc/bvXpqBvT/b677.jpg","2023-11-16",393,11024,1,"7-393110241","11/16/2023"
"12142","Russia","Russia","23 KamAZ Avtozaks","destroyed","https://i.postimg.cc/C1DsjfnM/1201.jpg","2023-11-16",393,10233,1,"7-393102331","11/16/2023"
"12143","Russia","Russia","23 KamAZ Avtozaks","destroyed","https://i.postimg.cc/SNGK2dR1/1139-Kam-AZ-Avtozaks.jpg","2023-11-16",393,11025,1,"7-393110251","11/16/2023"
"12144","Russia","Russia","23 KamAZ Avtozaks","destroyed","https://postimg.cc/rd1xVtNS","2023-11-16",393,11026,1,"7-393110261","11/16/2023"
"12145","Russia","Russia","23 KamAZ Avtozaks","destroyed","https://postimg.cc/KRCMt59P","2023-11-16",393,11027,1,"7-393110271","11/16/2023"
"12146","Russia","Russia","23 KamAZ Avtozaks","destroyed","https://i.postimg.cc/brsP08my/1003-Kam-AZ-Avtozaks-2x.jpg","2023-11-16",393,11028,1,"7-393110281","11/16/2023"
"12147","Russia","Russia","23 KamAZ Avtozaks","destroyed","https://i.postimg.cc/8PDrkSHb/1008-Kam-AZ-Avtozak-destr-01-02-23.jpg","2023-11-16",393,11029,1,"7-393110291","11/16/2023"
"12148","Russia","Russia","23 KamAZ Avtozaks","abandoned","https://i.postimg.cc/kg3NP1YY/a6.png","2023-11-16",393,11030,4,"7-393110304","11/16/2023"
"12149","Russia","Russia","23 KamAZ Avtozaks","captured","https://i.postimg.cc/dQhZ41xT/443.png","2023-11-16",393,11031,3,"7-393110313","11/16/2023"
"12150","Russia","Russia","23 KamAZ Avtozaks","captured","https://i.postimg.cc/bNQBNBGY/Screenshot-8285.png","2023-11-16",393,11032,3,"7-393110323","11/16/2023"
"12151","Russia","Russia","23 KamAZ Avtozaks","captured","https://i.postimg.cc/Pq6cnvCm/Screenshot-8284.png","2023-11-16",393,11033,3,"7-393110333","11/16/2023"
"12152","Russia","Russia","23 KamAZ Avtozaks","captured","https://postimg.cc/zVzd9q5t","2023-11-16",393,11034,3,"7-393110343","11/16/2023"
"12153","Russia","Russia","KamAZ-5350 with armoured cabin","destroyed","https://i.postimg.cc/9XPFRwh7/1000-kamaz-6x6.jpg","2023-11-16",394,11035,1,"7-394110351","11/16/2023"
"12154","Russia","Russia","KamAZ-5350 with armoured cabin","destroyed","https://i.postimg.cc/k5Tyf3BN/1029-Kam-AZ-5350-with-armoured-cabin-destr.jpg","2023-11-16",394,11036,1,"7-394110361","11/16/2023"
"12155","Russia","Russia","KamAZ-5350 with armoured cabin","destroyed","https://i.postimg.cc/BQHZ2790/1028-Kam-AZ-5350-with-armoured-cab-12-11-22.png","2023-11-16",394,11037,1,"7-394110371","11/16/2023"
"12156","Russia","Russia","KamAZ-5350 with armoured cabin","destroyed","https://postlmg.cc/McxBRyJG","2023-11-16",394,11038,1,"7-394110381","11/16/2023"
"12157","Russia","Russia","KamAZ-5350 with armoured cabin","destroyed","https://i.postimg.cc/jjKB9BL1/1024-Kam-AZ-5350-with-armoured-cab-destr-20-06-23.jpg","2023-11-16",394,11039,1,"7-394110391","11/16/2023"
"12158","Russia","Russia","KamAZ-5350 with armoured cabin","destroyed","https://postlmg.cc/vDMmytgW","2023-11-16",394,11040,1,"7-394110401","11/16/2023"
"12159","Russia","Russia","KamAZ-5350 with armoured cabin","destroyed","https://i.postimg.cc/VNwJN4jm/1022-kamaz6x6-destr-16-10-23.jpg","2023-11-16",394,11041,1,"7-394110411","11/16/2023"
"12160","Russia","Russia","KamAZ-5350 with armoured cabin","damaged","https://i.postimg.cc/8zRCzd62/1004-Kam-AZ-5350-with-armoured-cabin-dam-30-05-23.jpg","2023-11-16",394,11042,2,"7-394110422","11/16/2023"
"12161","Russia","Russia","KamAZ-5350 with armoured cabin","damaged","https://i.postimg.cc/rpqw0dGK/1005-Kam-AZ-5350-with-armoured-cabin-dam-30-05-23.jpg","2023-11-16",394,11043,2,"7-394110432","11/16/2023"
"12162","Russia","Russia","KamAZ-5350 with armoured cabin","captured","https://i.postimg.cc/K8D371Tn/549.png","2023-11-16",394,11044,3,"7-394110443","11/16/2023"
"12163","Russia","Russia","KamAZ-5350 with armoured cabin","captured","https://i.postimg.cc/BbM8p4W3/p1.png","2023-11-16",394,11045,3,"7-394110453","11/16/2023"
"12164","Russia","Russia","KamAZ-5350 with armoured cabin","captured","https://i.postimg.cc/4NpY38Vb/3567.jpg","2023-11-16",394,11046,3,"7-394110463","11/16/2023"
"12165","Russia","Russia","KamAZ-5350 with armoured cabin","captured","https://i.postimg.cc/W39WJvjf/4387.png","2023-11-16",394,10796,3,"7-394107963","11/16/2023"
"12166","Russia","Russia","KamAZ-5350 with armoured cabin","captured","https://i.postimg.cc/xj6wSkMN/3ds1.png","2023-11-16",394,11047,3,"7-394110473","11/16/2023"
"12167","Russia","Russia","30 KamAZ with MM-501 armoured cabin","destroyed","https://i.postimg.cc/NF43VgvL/1084-Kam-AZ-with-armoured-cabin.jpg","2023-11-16",395,11048,1,"7-395110481","11/16/2023"
"12168","Russia","Russia","30 KamAZ with MM-501 armoured cabin","destroyed","https://i.postimg.cc/1XrSQGwm/1085-Kam-AZ-with-armoured-cabin.jpg","2023-11-16",395,11049,1,"7-395110491","11/16/2023"
"12169","Russia","Russia","30 KamAZ with MM-501 armoured cabin","destroyed","https://i.postimg.cc/rmWjR3ww/335.png","2023-11-16",395,11050,1,"7-395110501","11/16/2023"
"12170","Russia","Russia","30 KamAZ with MM-501 armoured cabin","destroyed","https://twitter.com/UAWeapons/status/1561446693580771329","2023-11-16",395,11051,1,"7-395110511","11/16/2023"
"12171","Russia","Russia","30 KamAZ with MM-501 armoured cabin","destroyed","https://twitter.com/UAWeapons/status/1568552147821764610","2023-11-16",395,6274,1,"7-39562741","11/16/2023"
"12172","Russia","Russia","30 KamAZ with MM-501 armoured cabin","destroyed","https://i.postimg.cc/3NjF2qgZ/2022-09-15-2-Kam-AZ-MM501.jpg","2023-11-16",395,11052,1,"7-395110521","11/16/2023"
"12173","Russia","Russia","30 KamAZ with MM-501 armoured cabin","destroyed","https://i.postimg.cc/wTdW3XhV/2022-09-15-2-Kam-AZ-6x6-tanker-1.jpg","2023-11-16",395,11053,1,"7-395110531","11/16/2023"
"12174","Russia","Russia","30 KamAZ with MM-501 armoured cabin","destroyed","https://i.postimg.cc/t44NV27h/2022-09-15-2-Unknown-Truck.jpg","2023-11-16",395,11054,1,"7-395110541","11/16/2023"
"12175","Russia","Russia","30 KamAZ with MM-501 armoured cabin","destroyed","https://i.postimg.cc/QxVQxkYQ/1014-Kam-AZ-5350-with-MM-501-armoured-module-destr.jpg","2023-11-16",395,11055,1,"7-395110551","11/16/2023"
"12176","Russia","Russia","30 KamAZ with MM-501 armoured cabin","destroyed","https://i.postimg.cc/nr9f8h4S/1002-Kam-AZ-5350-with-armoured-module-MM-501-destr.jpg","2023-11-16",395,11056,1,"7-395110561","11/16/2023"
"12177","Russia","Russia","30 KamAZ with MM-501 armoured cabin","destroyed","https://i.postimg.cc/d04NSxqB/1021-Kam-AZ-with-MM-501-armoured-cabin-destr-08-01-23.jpg","2023-11-16",395,11057,1,"7-395110571","11/16/2023"
"12178","Russia","Russia","30 KamAZ with MM-501 armoured cabin","destroyed","https://i.postimg.cc/t4QM1QkM/1015-Kam-AZ-with-MM-501-armoured-cabin-destr-10-01-23.jpg","2023-11-16",395,11058,1,"7-395110581","11/16/2023"
"12179","Russia","Russia","30 KamAZ with MM-501 armoured cabin","destroyed","https://i.postimg.cc/7YMqt6pb/1019-Kam-AZ-5350-with-MM-501-armoured-module-destr-30-03-22.jpg","2023-11-16",395,11059,1,"7-395110591","11/16/2023"
"12180","Russia","Russia","30 KamAZ with MM-501 armoured cabin","destroyed","https://i.postimg.cc/Fsk9Knng/1032-Kam-AZ-with-MM-501-armoured-cabin-destr-04-11-22.jpg","2023-11-16",395,11060,1,"7-395110601","11/16/2023"
"12181","Russia","Russia","30 KamAZ with MM-501 armoured cabin","destroyed","https://i.postimg.cc/tTVTszL1/1025-KAMAZ-5350-with-an-armored-module-MM-501-destr-13-05-23.jpg","2023-11-16",395,11061,1,"7-395110611","11/16/2023"
"12182","Russia","Russia","30 KamAZ with MM-501 armoured cabin","destroyed","https://i.postimg.cc/k5MVcsgZ/1010-Kam-AZ-5350-with-MM-501-armoured-module-destr-09-03-23.jpg","2023-11-16",395,11062,1,"7-395110621","11/16/2023"
"12183","Russia","Russia","30 KamAZ with MM-501 armoured cabin","destroyed","https://i.postimg.cc/8cqf5SMX/1026-Kam-AZ-with-MM-501-module-destr-08-08-23.jpg","2023-11-16",395,11063,1,"7-395110631","11/16/2023"
"12184","Russia","Russia","30 KamAZ with MM-501 armoured cabin","damaged","https://i.postimg.cc/Pr5JSm8F/1000-Kam-AZ-5350-truck-with-a-MM-501-armored-cabin-dam.jpg","2023-11-16",395,11064,2,"7-395110642","11/16/2023"
"12185","Russia","Russia","30 KamAZ with MM-501 armoured cabin","abandoned","https://i.postimg.cc/k5h1G2f3/39.png","2023-11-16",395,11065,4,"7-395110654","11/16/2023"
"12186","Russia","Russia","30 KamAZ with MM-501 armoured cabin","abandoned","https://i.postimg.cc/4yj6dBfd/a7.png","2023-11-16",395,11066,4,"7-395110664","11/16/2023"
"12187","Russia","Russia","30 KamAZ with MM-501 armoured cabin","captured","https://i.postimg.cc/yxJz9QDt/3d.png","2023-11-16",395,11067,3,"7-395110673","11/16/2023"
"12188","Russia","Russia","30 KamAZ with MM-501 armoured cabin","captured","https://i.postimg.cc/d110k8fj/26.png","2023-11-16",395,11068,3,"7-395110683","11/16/2023"
"12189","Russia","Russia","30 KamAZ with MM-501 armoured cabin","captured","https://i.postimg.cc/MHsx6TzV/kamaazzzaa.jpg","2023-11-16",395,11069,3,"7-395110693","11/16/2023"
"12190","Russia","Russia","30 KamAZ with MM-501 armoured cabin","captured","https://i.postimg.cc/HL9J2hX1/1007-kamaz-with-mm501-cabin.jpg","2023-11-16",395,11070,3,"7-395110703","11/16/2023"
"12191","Russia","Russia","30 KamAZ with MM-501 armoured cabin","damaged","https://twitter.com/UAWeapons/status/1568344642105532418","2023-11-16",395,10090,2,"7-395100902","11/16/2023"
"12192","Russia","Russia","30 KamAZ with MM-501 armoured cabin","captured","https://twitter.com/UAWeapons/status/1568344642105532418","2023-11-16",395,10090,3,"7-395100903","11/16/2023"
"12193","Russia","Russia","30 KamAZ with MM-501 armoured cabin","captured","https://twitter.com/UAWeapons/status/1567969237377101825","2023-11-16",395,11071,3,"7-395110713","11/16/2023"
"12194","Russia","Russia","30 KamAZ with MM-501 armoured cabin","captured","https://twitter.com/Danspiun/status/1575253321685864611","2023-11-16",395,11072,3,"7-395110723","11/16/2023"
"12195","Russia","Russia","30 KamAZ with MM-501 armoured cabin","captured","https://twitter.com/UAWeapons/status/1576838844020051968","2023-11-16",395,10102,3,"7-395101023","11/16/2023"
"12196","Russia","Russia","30 KamAZ with MM-501 armoured cabin","captured","https://i.postimg.cc/d05M6zYj/1015-Kam-AZ-5350-with-MM-501-armoured-cabin-capt-22-09-22.jpg","2023-11-16",395,11073,3,"7-395110733","11/16/2023"
"12197","Russia","Russia","30 KamAZ with MM-501 armoured cabin","captured","https://i.postimg.cc/kXzJ4rGR/133.png","2023-11-16",395,11074,3,"7-395110743","11/16/2023"
"12198","Russia","Russia","KamAZ-6350 8x8 artillery tractor","destroyed","https://i.postimg.cc/VvPSc7kX/Screenshot-8070.png","2023-11-16",396,11075,1,"7-396110751","11/16/2023"
"12199","Russia","Russia","KamAZ-6350 8x8 artillery tractor","destroyed","https://i.postimg.cc/br0ZYQZW/Screenshot-8071.png","2023-11-16",396,11076,1,"7-396110761","11/16/2023"
"12200","Russia","Russia","KamAZ-6350 8x8 artillery tractor","destroyed","https://i.postimg.cc/XqZpQvds/469.png","2023-11-16",396,11077,1,"7-396110771","11/16/2023"
"12201","Russia","Russia","KamAZ-6350 8x8 artillery tractor","destroyed","https://twitter.com/UAWeapons/status/1560253379095535620","2023-11-16",396,11078,1,"7-396110781","11/16/2023"
"12202","Russia","Russia","KamAZ-6350 8x8 artillery tractor","destroyed","https://i.postimg.cc/FKyGwFdK/1005-Kam-AZ-6350-8x8-artillery-tractor-destr-25-02-22.jpg","2023-11-16",396,11079,1,"7-396110791","11/16/2023"
"12203","Russia","Russia","KamAZ-6350 8x8 artillery tractor","destroyed","https://i.postimg.cc/25R2HL5J/1006-Kam-AZ-6350-8x8-artillery-tractor-destr-25-02-22.jpg","2023-11-16",396,11080,1,"7-396110801","11/16/2023"
"12204","Russia","Russia","KamAZ-6350 8x8 artillery tractor","destroyed","https://i.postimg.cc/8cdgYKXx/1029-Kam-AZ-8x8-artillery-tractor-destr-25-02-23.jpg","2023-11-16",396,11081,1,"7-396110811","11/16/2023"
"12205","Russia","Russia","KamAZ-6350 8x8 artillery tractor","destroyed","https://i.postimg.cc/NFPyVM6t/1017-Kam-AZ-6350-8x8-artillery-tractor-destr-19-04-22.jpg","2023-11-16",396,11082,1,"7-396110821","11/16/2023"
"12206","Russia","Russia","KamAZ-6350 8x8 artillery tractor","destroyed","https://postlmg.cc/68HGQW8g","2023-11-16",396,11083,1,"7-396110831","11/16/2023"
"12207","Russia","Russia","KamAZ-6350 8x8 artillery tractor","destroyed","https://postlmg.cc/LqngYcfX","2023-11-16",396,11084,1,"7-396110841","11/16/2023"
"12208","Russia","Russia","KamAZ-6350 8x8 artillery tractor","destroyed","https://postlmg.cc/v1kgW0Lv","2023-11-16",396,11085,1,"7-396110851","11/16/2023"
"12209","Russia","Russia","KamAZ-6350 8x8 artillery tractor","destroyed","https://i.postimg.cc/dQ6DHWH5/1026-KAMAZ-63501-AT-MEDVED-destr-23-06-23.jpg","2023-11-16",396,11086,1,"7-396110861","11/16/2023"
"12210","Russia","Russia","KamAZ-6350 8x8 artillery tractor","destroyed","https://i.postimg.cc/PqcrKKrN/1016-KAMAZ-63501-AT-Medved-destr-06-08-23.jpg","2023-11-16",396,11087,1,"7-396110871","11/16/2023"
"12211","Russia","Russia","KamAZ-6350 8x8 artillery tractor","damaged","https://i.postimg.cc/br6jRJWd/Screenshot-8072.png","2023-11-16",396,11088,2,"7-396110882","11/16/2023"
"12212","Russia","Russia","KamAZ-6350 8x8 artillery tractor","damaged","https://i.postimg.cc/nczxh49m/Screenshot-8074.png","2023-11-16",396,11089,2,"7-396110892","11/16/2023"
"12213","Russia","Russia","1 KamAZ tank low-loader","destroyed","https://i.postimg.cc/3Nj88TjD/1000-kamaz-tank-transporter-destr-08-08-23.jpg","2023-11-16",397,11090,1,"7-397110901","11/16/2023"
"12214","Russia","Russia","2 KamAZ 'Gorets' 3958","destroyed","https://i.postimg.cc/bvH8gXFB/1000-Kam-AZ-395800-Gorets-destr.jpg","2023-11-16",398,11091,1,"7-398110911","11/16/2023"
"12215","Russia","Russia","2 KamAZ 'Gorets' 3958","damaged","https://i.postimg.cc/05BPkMNb/1004-Kam-AZ-Avtozaks.jpg","2023-11-16",398,11092,2,"7-398110922","11/16/2023"
"12216","Russia","Russia","2 KamAZ 'Gorets' 3958","captured","https://i.postimg.cc/05BPkMNb/1004-Kam-AZ-Avtozaks.jpg","2023-11-16",398,11092,3,"7-398110923","11/16/2023"
"12217","Russia","Soviet Union","35 UAZ-469 jeep","destroyed","https://twitter.com/UAWeapons/status/1500166161144688643","2023-11-16",399,11093,1,"7-399110931","11/16/2023"
"12218","Russia","Soviet Union","35 UAZ-469 jeep","destroyed","https://i.postimg.cc/hvfWmPFF/460.png","2023-11-16",399,11094,1,"7-399110941","11/16/2023"
"12219","Russia","Soviet Union","35 UAZ-469 jeep","destroyed","https://i.postimg.cc/bvdDXhZ7/1013-UAZ-469-destr-05-10-23.jpg","2023-11-16",399,11095,1,"7-399110951","11/16/2023"
"12220","Russia","Soviet Union","35 UAZ-469 jeep","destroyed","https://i.postimg.cc/rwn5bbt5/1003-uaz469.jpg","2023-11-16",399,11096,1,"7-399110961","11/16/2023"
"12221","Russia","Soviet Union","35 UAZ-469 jeep","destroyed","https://twitter.com/UAWeapons/status/1568552147821764610","2023-11-16",399,6274,1,"7-39962741","11/16/2023"
"12222","Russia","Soviet Union","35 UAZ-469 jeep","destroyed","https://i.postimg.cc/5ygGP1bC/1020-jeep.jpg","2023-11-16",399,11097,1,"7-399110971","11/16/2023"
"12223","Russia","Soviet Union","35 UAZ-469 jeep","destroyed","https://twitter.com/UAWeapons/status/1569727630189936641","2023-11-16",399,11098,1,"7-399110981","11/16/2023"
"12224","Russia","Soviet Union","35 UAZ-469 jeep","destroyed","https://i.postimg.cc/ncfg8br0/2022-09-16-UAZ.jpg","2023-11-16",399,11099,1,"7-399110991","11/16/2023"
"12225","Russia","Soviet Union","35 UAZ-469 jeep","destroyed","https://i.postimg.cc/Dw8jxtxm/2022-10-01-UAZ.jpg","2023-11-16",399,11100,1,"7-399111001","11/16/2023"
"12226","Russia","Soviet Union","35 UAZ-469 jeep","destroyed","https://i.postimg.cc/fbxQnSNF/UAZ-469-destr.png","2023-11-16",399,11101,1,"7-399111011","11/16/2023"
"12227","Russia","Soviet Union","35 UAZ-469 jeep","destroyed","https://i.postimg.cc/V69FhF6Q/1007-UAZ-469-destr.jpg","2023-11-16",399,11102,1,"7-399111021","11/16/2023"
"12228","Russia","Soviet Union","35 UAZ-469 jeep","destroyed","https://i.postimg.cc/Y9rNhncr/1017-uaz469-destr-6-11.jpg","2023-11-16",399,11103,1,"7-399111031","11/16/2023"
"12229","Russia","Soviet Union","35 UAZ-469 jeep","destroyed","https://i.postimg.cc/Px6twB8x/1024-UAZ-469-destr.jpg","2023-11-16",399,11104,1,"7-399111041","11/16/2023"
"12230","Russia","Soviet Union","35 UAZ-469 jeep","destroyed","https://i.postimg.cc/1t9pssVr/27.png","2023-11-16",399,11105,1,"7-399111051","11/16/2023"
"12231","Russia","Soviet Union","35 UAZ-469 jeep","destroyed","https://i.postimg.cc/BvpkqYbq/1006-uaz469-destr-30-08-22.jpg","2023-11-16",399,11106,1,"7-399111061","11/16/2023"
"12232","Russia","Soviet Union","35 UAZ-469 jeep","destroyed","https://i.postimg.cc/tJLxtygz/1029-UAZ-469-destr-uaz469-destr-28-07-23.jpg","2023-11-16",399,11107,1,"7-399111071","11/16/2023"
"12233","Russia","Soviet Union","35 UAZ-469 jeep","destroyed","https://i.postimg.cc/05hgvbqt/1024-UAZ-469-destr-11-08-23.jpg","2023-11-16",399,11108,1,"7-399111081","11/16/2023"
"12234","Russia","Soviet Union","35 UAZ-469 jeep","destroyed","https://i.postimg.cc/nht6sgrB/1025-UAZ-469-destr-11-08-23.jpg","2023-11-16",399,11109,1,"7-399111091","11/16/2023"
"12235","Russia","Soviet Union","35 UAZ-469 jeep","destroyed","https://i.postimg.cc/sgTQ0XgP/1012-UAZ-469-destr-05-10-23.jpg","2023-11-16",399,11110,1,"7-399111101","11/16/2023"
"12236","Russia","Soviet Union","35 UAZ-469 jeep","damaged","https://i.postimg.cc/43YNV25f/1061-uaz-469-dam-30-09-23.jpg","2023-11-16",399,11111,2,"7-399111112","11/16/2023"
"12237","Russia","Soviet Union","35 UAZ-469 jeep","abandoned","https://i.postimg.cc/J4Nx3qRy/37h.png","2023-11-16",399,11112,4,"7-399111124","11/16/2023"
"12238","Russia","Soviet Union","35 UAZ-469 jeep","damaged","https://i.postimg.cc/1tx1VCKR/1088-UAZ-469.jpg","2023-11-16",399,11113,2,"7-399111132","11/16/2023"
"12239","Russia","Soviet Union","35 UAZ-469 jeep","captured","https://i.postimg.cc/1tx1VCKR/1088-UAZ-469.jpg","2023-11-16",399,11113,3,"7-399111133","11/16/2023"
"12240","Russia","Soviet Union","35 UAZ-469 jeep","captured","https://i.postimg.cc/CxsxqBbv/c1.png","2023-11-16",399,11114,3,"7-399111143","11/16/2023"
"12241","Russia","Soviet Union","35 UAZ-469 jeep","captured","https://i.postimg.cc/bwKN66rf/668.jpg","2023-11-16",399,11115,3,"7-399111153","11/16/2023"
"12242","Russia","Soviet Union","35 UAZ-469 jeep","captured","https://i.postimg.cc/7bvZVNPD/2022-09-23-T-72-B3-2.jpg","2023-11-16",399,709,3,"7-3997093","11/16/2023"
"12243","Russia","Soviet Union","35 UAZ-469 jeep","captured","https://i.postimg.cc/mDmWNdt1/1.png","2023-11-16",399,11116,3,"7-399111163","11/16/2023"
"12244","Russia","Soviet Union","35 UAZ-469 jeep","captured","https://i.postimg.cc/bYMyQdx2/2022-09-11-BMP-2-UAZ-469.png","2023-11-16",399,4501,3,"7-39945013","11/16/2023"
"12245","Russia","Soviet Union","35 UAZ-469 jeep","captured","https://i.postimg.cc/GtDP21CP/1025-uaz469-capt.jpg","2023-11-16",399,11117,3,"7-399111173","11/16/2023"
"12246","Russia","Soviet Union","35 UAZ-469 jeep","damaged","https://i.postimg.cc/SKyxvxQ2/1009-uaz469-dam-capt.jpg","2023-11-16",399,11118,2,"7-399111182","11/16/2023"
"12247","Russia","Soviet Union","35 UAZ-469 jeep","captured","https://i.postimg.cc/SKyxvxQ2/1009-uaz469-dam-capt.jpg","2023-11-16",399,11118,3,"7-399111183","11/16/2023"
"12248","Russia","Soviet Union","35 UAZ-469 jeep","captured","https://i.postimg.cc/hPVbN7Xt/1025-UAZ-469-capt.jpg","2023-11-16",399,11119,3,"7-399111193","11/16/2023"
"12249","Russia","Soviet Union","35 UAZ-469 jeep","captured","https://i.postimg.cc/mDbJ8b5g/1002-UAZ-469-capt.jpg","2023-11-16",399,11120,3,"7-399111203","11/16/2023"
"12250","Russia","Soviet Union","35 UAZ-469 jeep","captured","https://i.postimg.cc/d0Rg27nf/1003-UAZ-469-capt.jpg","2023-11-16",399,11121,3,"7-399111213","11/16/2023"
"12251","Russia","Soviet Union","35 UAZ-469 jeep","damaged","https://i.postimg.cc/y62V9SyR/1002-uaz469-dam-capt.jpg","2023-11-16",399,11122,2,"7-399111222","11/16/2023"
"12252","Russia","Soviet Union","35 UAZ-469 jeep","captured","https://i.postimg.cc/y62V9SyR/1002-uaz469-dam-capt.jpg","2023-11-16",399,11122,3,"7-399111223","11/16/2023"
"12253","Russia","Soviet Union","35 UAZ-469 jeep","captured","https://i.postimg.cc/DyNknpYG/1007-uaz469-capt.jpg","2023-11-16",399,11123,3,"7-399111233","11/16/2023"
"12254","Russia","Soviet Union","85 UAZ-452 van","destroyed","https://i.postimg.cc/8CMtrbQt/1009-UAZ-452-destr-22-06-23.jpg","2023-11-16",400,11124,1,"7-400111241","11/16/2023"
"12255","Russia","Soviet Union","85 UAZ-452 van","destroyed","https://i.postimg.cc/J7qV4Y2N/1027-uaz452-destr-13-06-023.jpg","2023-11-16",400,11125,1,"7-400111251","11/16/2023"
"12256","Russia","Soviet Union","85 UAZ-452 van","destroyed","https://i.postimg.cc/QtWqk3YK/41.png","2023-11-16",400,11126,1,"7-400111261","11/16/2023"
"12257","Russia","Soviet Union","85 UAZ-452 van","destroyed","https://i.postimg.cc/5tz6sbTz/1019-UAZ-452-destr-08-06-23.jpg","2023-11-16",400,11127,1,"7-400111271","11/16/2023"
"12258","Russia","Soviet Union","85 UAZ-452 van","destroyed","https://twitter.com/UAWeapons/status/1530210208751951872","2023-11-16",400,2340,1,"7-40023401","11/16/2023"
"12259","Russia","Soviet Union","85 UAZ-452 van","destroyed","https://i.postimg.cc/nhvd5hc9/1020-uaz452-destr-10-06-23.jpg","2023-11-16",400,11128,1,"7-400111281","11/16/2023"
"12260","Russia","Soviet Union","85 UAZ-452 van","destroyed","https://i.postimg.cc/MHfnmJF9/1000-1x-Ural-4320-1x-GAZ-Patriot-and-1x-UAZ-452.jpg","2023-11-16",400,9226,1,"7-40092261","11/16/2023"
"12261","Russia","Soviet Union","85 UAZ-452 van","destroyed","https://twitter.com/Blue_Sauron/status/1574735692697337856","2023-11-16",400,11129,1,"7-400111291","11/16/2023"
"12262","Russia","Soviet Union","85 UAZ-452 van","destroyed","https://i.postimg.cc/ZnYq1x06/7.png","2023-11-16",400,11130,1,"7-400111301","11/16/2023"
"12263","Russia","Soviet Union","85 UAZ-452 van","destroyed","https://i.postimg.cc/zX6yCpYT/1015-uaz-452.jpg","2023-11-16",400,11131,1,"7-400111311","11/16/2023"
"12264","Russia","Soviet Union","85 UAZ-452 van","destroyed","https://i.postimg.cc/dVk10Jqf/1018-UAZ-452-and-UAZ-39094-destr-22-06-23.jpg","2023-11-16",400,11132,1,"7-400111321","11/16/2023"
"12265","Russia","Soviet Union","85 UAZ-452 van","destroyed","https://i.postimg.cc/k5jC5V5B/1001-uaz452-destr.jpg","2023-11-16",400,11133,1,"7-400111331","11/16/2023"
"12266","Russia","Soviet Union","85 UAZ-452 van","destroyed","https://i.postimg.cc/qMyp0PDs/1000-uaz452-destr.jpg","2023-11-16",400,11134,1,"7-400111341","11/16/2023"
"12267","Russia","Soviet Union","85 UAZ-452 van","destroyed","https://i.postimg.cc/s2bHHcvZ/5480.png","2023-11-16",400,11135,1,"7-400111351","11/16/2023"
"12268","Russia","Soviet Union","85 UAZ-452 van","destroyed","https://i.postimg.cc/3x7JQyzv/1025-uaz452-destr.jpg","2023-11-16",400,11136,1,"7-400111361","11/16/2023"
"12269","Russia","Soviet Union","85 UAZ-452 van","destroyed","https://i.postimg.cc/PfwKTSyp/1002-uaz452-destr.jpg","2023-11-16",400,11137,1,"7-400111371","11/16/2023"
"12270","Russia","Soviet Union","85 UAZ-452 van","destroyed","https://twitter.com/UAWeapons/status/1599038569670004737","2023-11-16",400,9395,1,"7-40093951","11/16/2023"
"12271","Russia","Soviet Union","85 UAZ-452 van","destroyed","https://i.postimg.cc/h4T7Gfs3/5g8.png","2023-11-16",400,11138,1,"7-400111381","11/16/2023"
"12272","Russia","Soviet Union","85 UAZ-452 van","destroyed","https://i.postimg.cc/xTz7T5Rf/1001-uaz452-destr-07-01-23.jpg","2023-11-16",400,11139,1,"7-400111391","11/16/2023"
"12273","Russia","Soviet Union","85 UAZ-452 van","destroyed","https://i.postimg.cc/CLVFd7qq/1012-UAZ-452-destr-24-01-23.jpg","2023-11-16",400,11140,1,"7-400111401","11/16/2023"
"12274","Russia","Soviet Union","85 UAZ-452 van","destroyed","https://i.postimg.cc/JnFQ8jt3/1013-uaz452-destr-27-02-23.jpg","2023-11-16",400,11141,1,"7-400111411","11/16/2023"
"12275","Russia","Soviet Union","85 UAZ-452 van","destroyed","https://i.postimg.cc/gjhwm0MP/1026-UAZ-452-destr-02-03-23.jpg","2023-11-16",400,11142,1,"7-400111421","11/16/2023"
"12276","Russia","Soviet Union","85 UAZ-452 van","destroyed","https://i.postimg.cc/J72dHF20/1017-uaz452-destr-09-06-23.jpg","2023-11-16",400,11143,1,"7-400111431","11/16/2023"
"12277","Russia","Soviet Union","85 UAZ-452 van","destroyed","https://twitter.com/bayraktar_1love/status/1647963336665886720","2023-11-16",400,11144,1,"7-400111441","11/16/2023"
"12278","Russia","Soviet Union","85 UAZ-452 van","destroyed","https://i.postimg.cc/BZ5gLjH5/1010-uaz452-destr-25-04-23.jpg","2023-11-16",400,11145,1,"7-400111451","11/16/2023"
"12279","Russia","Soviet Union","85 UAZ-452 van","destroyed","https://i.postimg.cc/5NNnG5z9/2027-uaz452-destr-04-06-23.jpg","2023-11-16",400,11146,1,"7-400111461","11/16/2023"
"12280","Russia","Soviet Union","85 UAZ-452 van","destroyed","https://i.postimg.cc/bwNyDgk8/1031-uaz452-destr-27-04-22.jpg","2023-11-16",400,11147,1,"7-400111471","11/16/2023"
"12281","Russia","Soviet Union","85 UAZ-452 van","destroyed","https://i.postimg.cc/L5t8T842/1062-uaz452-destr-14-05-23.jpg","2023-11-16",400,11148,1,"7-400111481","11/16/2023"
"12282","Russia","Soviet Union","85 UAZ-452 van","destroyed","https://i.postimg.cc/4yVmS1PC/1017-uaz452-destr-26-02-22.jpg","2023-11-16",400,11149,1,"7-400111491","11/16/2023"
"12283","Russia","Soviet Union","85 UAZ-452 van","destroyed","https://i.postimg.cc/3JxHCCsF/1029-uaz452-destr-31-05-23.jpg","2023-11-16",400,11150,1,"7-400111501","11/16/2023"
"12284","Russia","Soviet Union","85 UAZ-452 van","destroyed","https://i.postimg.cc/T3qTPVQ7/1021-uaz452-destr-23-01-23.jpg","2023-11-16",400,11151,1,"7-400111511","11/16/2023"
"12285","Russia","Soviet Union","85 UAZ-452 van","destroyed","https://i.postimg.cc/52d0JK65/1017-uaz452-destr-06-06-23.jpg","2023-11-16",400,11152,1,"7-400111521","11/16/2023"
"12286","Russia","Soviet Union","85 UAZ-452 van","destroyed","https://i.postimg.cc/cL3GGY9C/1043-uaz452-28-06-23.jpg","2023-11-16",400,11153,1,"7-400111531","11/16/2023"
"12287","Russia","Soviet Union","85 UAZ-452 van","destroyed","https://i.postimg.cc/YqHxJ1gG/1010-unkn-truck-destr-08-07-23.jpg","2023-11-16",400,11154,1,"7-400111541","11/16/2023"
"12288","Russia","Soviet Union","85 UAZ-452 van","destroyed","https://i.postimg.cc/HW4sC6Fw/1007-UAZ-452-destr-22-07-23.jpg","2023-11-16",400,11155,1,"7-400111551","11/16/2023"
"12289","Russia","Soviet Union","85 UAZ-452 van","destroyed","https://i.postimg.cc/QCbXkMc4/1014-uaz452-destr-22-07-23.jpg","2023-11-16",400,11156,1,"7-400111561","11/16/2023"
"12290","Russia","Soviet Union","85 UAZ-452 van","destroyed","https://i.postimg.cc/cJkSLmDw/1002-uaz452-destr-04-08-23.jpg","2023-11-16",400,11157,1,"7-400111571","11/16/2023"
"12291","Russia","Soviet Union","85 UAZ-452 van","destroyed","https://i.postimg.cc/HLkmmKtT/1022-uaz452-destr-04-08-23.jpg","2023-11-16",400,11158,1,"7-400111581","11/16/2023"
"12292","Russia","Soviet Union","85 UAZ-452 van","destroyed","https://i.postimg.cc/VL0dQSkK/1027-uaz452-destr-05-08-23.jpg","2023-11-16",400,11159,1,"7-400111591","11/16/2023"
"12293","Russia","Soviet Union","85 UAZ-452 van","destroyed","https://i.postimg.cc/GmJ6vKTN/1023-UAZ-452-destr-11-08-23.jpg","2023-11-16",400,11160,1,"7-400111601","11/16/2023"
"12294","Russia","Soviet Union","85 UAZ-452 van","destroyed","https://i.postimg.cc/qqvphwf2/387.png","2023-11-16",400,11161,1,"7-400111611","11/16/2023"
"12295","Russia","Soviet Union","85 UAZ-452 van","destroyed","https://i.postimg.cc/dQHYhTnn/4310.png","2023-11-16",400,11162,1,"7-400111621","11/16/2023"
"12296","Russia","Soviet Union","85 UAZ-452 van","destroyed","https://i.postimg.cc/pdx7G2qp/4385.png","2023-11-16",400,11163,1,"7-400111631","11/16/2023"
"12297","Russia","Soviet Union","85 UAZ-452 van","destroyed","https://i.postimg.cc/jdQkssyN/1003-uaz452-destr-28-09-23.jpg","2023-11-16",400,11164,1,"7-400111641","11/16/2023"
"12298","Russia","Soviet Union","85 UAZ-452 van","destroyed","https://i.postimg.cc/bvd6HkWH/1004-uaz452-destr-28-09-23.jpg","2023-11-16",400,11165,1,"7-400111651","11/16/2023"
"12299","Russia","Soviet Union","85 UAZ-452 van","destroyed","https://i.postimg.cc/6qxYXS3Y/1056-UAZ-452-destr-16-09-23.png","2023-11-16",400,11166,1,"7-400111661","11/16/2023"
"12300","Russia","Soviet Union","85 UAZ-452 van","destroyed","https://i.postimg.cc/tJdDC5ny/1058-UAZ-452-destr-18-09-23.jpg","2023-11-16",400,11167,1,"7-400111671","11/16/2023"
"12301","Russia","Soviet Union","85 UAZ-452 van","destroyed","https://i.postimg.cc/g05gMrP9/1059-UAZ-452-destr-19-09-23.jpg","2023-11-16",400,11168,1,"7-400111681","11/16/2023"
"12302","Russia","Soviet Union","85 UAZ-452 van","destroyed","https://i.postimg.cc/pVKsZ2G7/1060-UAZ-452-destr-20-09-23.jpg","2023-11-16",400,11169,1,"7-400111691","11/16/2023"
"12303","Russia","Soviet Union","85 UAZ-452 van","destroyed","https://i.postimg.cc/vZ0qV3qZ/1063-uaz452-destr-04-10-23.jpg","2023-11-16",400,11170,1,"7-400111701","11/16/2023"
"12304","Russia","Soviet Union","85 UAZ-452 van","destroyed","https://i.postimg.cc/qR3NRxXQ/1011-uaz452-destr-07-10-23.png","2023-11-16",400,11171,1,"7-400111711","11/16/2023"
"12305","Russia","Soviet Union","85 UAZ-452 van","destroyed","https://i.postimg.cc/sDyMjSB9/1016-uaz452-destr-06-10-23.jpg","2023-11-16",400,11172,1,"7-400111721","11/16/2023"
"12306","Russia","Soviet Union","85 UAZ-452 van","destroyed","https://i.postimg.cc/RZdWNKGt/1026-uaz452-destr-17-10-23.jpg","2023-11-16",400,11173,1,"7-400111731","11/16/2023"
"12307","Russia","Soviet Union","85 UAZ-452 van","destroyed","https://i.postimg.cc/QMnVqD2x/1023-UAZ-452-destr-16-10-23.jpg","2023-11-16",400,11174,1,"7-400111741","11/16/2023"
"12308","Russia","Soviet Union","85 UAZ-452 van","destroyed","https://i.postimg.cc/6p4BZ1Fq/1000-uaz452-destr-20-10-23.jpg","2023-11-16",400,11175,1,"7-400111751","11/16/2023"
"12309","Russia","Soviet Union","85 UAZ-452 van","destroyed","https://i.postimg.cc/DfcKr4H1/1006-uaz452-destr-22-10-23.jpg","2023-11-16",400,11176,1,"7-400111761","11/16/2023"
"12310","Russia","Soviet Union","85 UAZ-452 van","destroyed","https://i.postimg.cc/hjWqrLK1/1013-UAZ-452-destr-23-10-23.jpg","2023-11-16",400,11177,1,"7-400111771","11/16/2023"
"12311","Russia","Soviet Union","85 UAZ-452 van","destroyed","https://i.postimg.cc/VNb8nGPN/1024-UAZ-452-destr-22-10-23.jpg","2023-11-16",400,11178,1,"7-400111781","11/16/2023"
"12312","Russia","Soviet Union","85 UAZ-452 van","destroyed","https://i.postimg.cc/QMNPJc2n/1023-uaz452-destr-31-10-23.jpg","2023-11-16",400,11179,1,"7-400111791","11/16/2023"
"12313","Russia","Soviet Union","85 UAZ-452 van","destroyed","https://i.postimg.cc/sXvNtsDY/1018-uaz452-destr-31-10-23.jpg","2023-11-16",400,11180,1,"7-400111801","11/16/2023"
"12314","Russia","Soviet Union","85 UAZ-452 van","destroyed","https://i.postimg.cc/MZgCJMBv/1000-uaz452-destr-28-10-23.jpg","2023-11-16",400,11181,1,"7-400111811","11/16/2023"
"12315","Russia","Soviet Union","85 UAZ-452 van","destroyed","https://i.postimg.cc/rwGt5y70/1011-UAZ-452-destr-26-10-23.jpg","2023-11-16",400,11182,1,"7-400111821","11/16/2023"
"12316","Russia","Soviet Union","85 UAZ-452 van","destroyed","https://i.postimg.cc/X7C57k8g/1013-UAZ-452-destr-24-10-23.jpg","2023-11-16",400,11183,1,"7-400111831","11/16/2023"
"12317","Russia","Soviet Union","85 UAZ-452 van","destroyed","https://i.postimg.cc/Pqk4QHzk/1002-uaz452-destr-13-11-23.jpg","2023-11-16",400,11184,1,"7-400111841","11/16/2023"
"12318","Russia","Soviet Union","85 UAZ-452 van","damaged","https://i.postimg.cc/HxGSMy5N/1013-uaz452.jpg","2023-11-16",400,11185,2,"7-400111852","11/16/2023"
"12319","Russia","Soviet Union","85 UAZ-452 van","damaged","https://i.postimg.cc/44rKmFpZ/1013-UAZ-452-dam-29-05-23.jpg","2023-11-16",400,11186,2,"7-400111862","11/16/2023"
"12320","Russia","Soviet Union","85 UAZ-452 van","damaged","https://i.postimg.cc/Mp63HhYL/1057-UAZ-452-dam-18-09-23.jpg","2023-11-16",400,11187,2,"7-400111872","11/16/2023"
"12321","Russia","Soviet Union","85 UAZ-452 van","damaged","https://i.postimg.cc/4yRmhHWG/1021-UAZ-452-dam-07-10-23.jpg","2023-11-16",400,11188,2,"7-400111882","11/16/2023"
"12322","Russia","Soviet Union","85 UAZ-452 van","damaged","https://i.postimg.cc/Hk2737Xj/1005-uaz452.jpg","2023-11-16",400,11189,2,"7-400111892","11/16/2023"
"12323","Russia","Soviet Union","85 UAZ-452 van","abandoned","https://i.postimg.cc/Hk2737Xj/1005-uaz452.jpg","2023-11-16",400,11189,4,"7-400111894","11/16/2023"
"12324","Russia","Soviet Union","85 UAZ-452 van","abandoned","https://i.postimg.cc/zBw1pdD0/1027-UAZ-452-aband-23-05-23.jpg","2023-11-16",400,11190,4,"7-400111904","11/16/2023"
"12325","Russia","Soviet Union","85 UAZ-452 van","captured","https://i.postimg.cc/T3QKRn9j/6h5.png","2023-11-16",400,11191,3,"7-400111913","11/16/2023"
"12326","Russia","Soviet Union","85 UAZ-452 van","captured","https://i.postimg.cc/h49rZcwR/fd.png","2023-11-16",400,11192,3,"7-400111923","11/16/2023"
"12327","Russia","Soviet Union","85 UAZ-452 van","damaged","https://i.postimg.cc/02942jVH/1009-uar452.jpg","2023-11-16",400,11193,2,"7-400111932","11/16/2023"
"12328","Russia","Soviet Union","85 UAZ-452 van","captured","https://i.postimg.cc/02942jVH/1009-uar452.jpg","2023-11-16",400,11193,3,"7-400111933","11/16/2023"
"12329","Russia","Soviet Union","85 UAZ-452 van","captured","https://i.postimg.cc/RVC2W3LQ/1019-uaz452.jpg","2023-11-16",400,11194,3,"7-400111943","11/16/2023"
"12330","Russia","Soviet Union","85 UAZ-452 van","captured","https://postimg.cc/mcKm38z9","2023-11-16",400,11195,3,"7-400111953","11/16/2023"
"12331","Russia","Soviet Union","85 UAZ-452 van","captured","https://i.postimg.cc/brgtZnGT/1012-uaz452-capt.jpg","2023-11-16",400,11196,3,"7-400111963","11/16/2023"
"12332","Russia","Soviet Union","85 UAZ-452 van","captured","https://i.postimg.cc/sDDK0cBx/2022-10-05-uaz-452.jpg","2023-11-16",400,11197,3,"7-400111973","11/16/2023"
"12333","Russia","Soviet Union","85 UAZ-452 van","captured","https://i.postimg.cc/tJ7zDGYQ/1010-uaz452-capt.jpg","2023-11-16",400,11198,3,"7-400111983","11/16/2023"
"12334","Russia","Soviet Union","85 UAZ-452 van","damaged","https://i.postimg.cc/NjY7tfX7/1026-uaz452-dam-capt.jpg","2023-11-16",400,11199,2,"7-400111992","11/16/2023"
"12335","Russia","Soviet Union","85 UAZ-452 van","captured","https://i.postimg.cc/NjY7tfX7/1026-uaz452-dam-capt.jpg","2023-11-16",400,11199,3,"7-400111993","11/16/2023"
"12336","Russia","Soviet Union","85 UAZ-452 van","damaged","https://i.postimg.cc/qRSDvdB5/1008-uaz452-dam-capt.jpg","2023-11-16",400,11200,2,"7-400112002","11/16/2023"
"12337","Russia","Soviet Union","85 UAZ-452 van","captured","https://i.postimg.cc/qRSDvdB5/1008-uaz452-dam-capt.jpg","2023-11-16",400,11200,3,"7-400112003","11/16/2023"
"12338","Russia","Soviet Union","85 UAZ-452 van","captured","https://i.postimg.cc/bJtHLS8m/1000-uaz452-capt.png","2023-11-16",400,11201,3,"7-400112013","11/16/2023"
"12339","Russia","Soviet Union","85 UAZ-452 van","captured","https://i.postimg.cc/Gh72B83R/1013-uaz452-capt.jpg","2023-11-16",400,11202,3,"7-400112023","11/16/2023"
"12340","Russia","Soviet Union","85 UAZ-452 van","damaged","https://i.postimg.cc/Jn98dRsx/1008-uaz452-dam-capt.jpg","2023-11-16",400,11203,2,"7-400112032","11/16/2023"
"12341","Russia","Soviet Union","85 UAZ-452 van","captured","https://i.postimg.cc/Jn98dRsx/1008-uaz452-dam-capt.jpg","2023-11-16",400,11203,3,"7-400112033","11/16/2023"
"12342","Russia","Soviet Union","85 UAZ-452 van","captured","https://i.postimg.cc/Px1fJyJk/1003-UAZ-452-capt-15-09-22.jpg","2023-11-16",400,11204,3,"7-400112043","11/16/2023"
"12343","Russia","Soviet Union","9 UAZ-3303","destroyed","https://i.postimg.cc/Jny94yX3/l7.png","2023-11-16",401,11205,1,"7-401112051","11/16/2023"
"12344","Russia","Soviet Union","9 UAZ-3303","destroyed","https://i.postimg.cc/KYwqRqnN/1016-uaz452-destr.jpg","2023-11-16",401,11206,1,"7-401112061","11/16/2023"
"12345","Russia","Soviet Union","9 UAZ-3303","destroyed","https://i.postimg.cc/pdFCfvMd/1010-uaz452-destr.png","2023-11-16",401,11207,1,"7-401112071","11/16/2023"
"12346","Russia","Soviet Union","9 UAZ-3303","destroyed","https://i.postimg.cc/MG5w4kvx/1053-uaz452-destr-29-04-23.jpg","2023-11-16",401,11208,1,"7-401112081","11/16/2023"
"12347","Russia","Soviet Union","9 UAZ-3303","destroyed","https://i.postimg.cc/dVk10Jqf/1018-UAZ-452-and-UAZ-39094-destr-22-06-23.jpg","2023-11-16",401,11132,1,"7-401111321","11/16/2023"
"12348","Russia","Soviet Union","9 UAZ-3303","destroyed","https://i.postimg.cc/ZKzJYxNP/33118.png","2023-11-16",401,11209,1,"7-401112091","11/16/2023"
"12349","Russia","Soviet Union","9 UAZ-3303","destroyed","https://i.postimg.cc/fRLwQq1c/1032-UAZ-3303-destr-28-09-23.jpg","2023-11-16",401,11210,1,"7-401112101","11/16/2023"
"12350","Russia","Soviet Union","9 UAZ-3303","damaged","https://i.postimg.cc/nrKMKVWD/1020-UAZ-3303-dam-07-10-23.jpg","2023-11-16",401,11211,2,"7-401112112","11/16/2023"
"12351","Russia","Soviet Union","9 UAZ-3303","captured","https://i.postimg.cc/yxVWR2s5/Medical-UAZ-Derhachi-district.png","2023-11-16",401,11212,3,"7-401112123","11/16/2023"
"12352","Russia","Soviet Union","3 LuAZ-969","destroyed","https://i.postimg.cc/y8b0h0Lp/1002-luaz-969-destr.jpg","2023-11-16",402,11213,1,"7-402112131","11/16/2023"
"12353","Russia","Soviet Union","3 LuAZ-969","destroyed","https://i.postimg.cc/Z5k7R0T8/1017-Lu-AZ-969-M-destr-12-10-23.jpg","2023-11-16",402,11214,1,"7-402112141","11/16/2023"
"12354","Russia","Soviet Union","3 LuAZ-969","damaged","https://i.postimg.cc/j2G0Sdgk/1016-LUAZ-969-dam-capt.jpg","2023-11-16",402,11215,2,"7-402112152","11/16/2023"
"12355","Russia","Soviet Union","3 LuAZ-969","captured","https://i.postimg.cc/j2G0Sdgk/1016-LUAZ-969-dam-capt.jpg","2023-11-16",402,11215,3,"7-402112153","11/16/2023"
"12356","Russia","Russia","6 UAZ Patriot jeep","destroyed","https://twitter.com/UAWeapons/status/1512442303100899328","2023-11-16",403,11216,1,"7-403112161","11/16/2023"
"12357","Russia","Russia","6 UAZ Patriot jeep","destroyed","https://i.postimg.cc/MHfnmJF9/1000-1x-Ural-4320-1x-GAZ-Patriot-and-1x-UAZ-452.jpg","2023-11-16",403,9226,1,"7-40392261","11/16/2023"
"12358","Russia","Russia","6 UAZ Patriot jeep","destroyed","https://i.postimg.cc/HxBsvLXX/1006-2x-UAZ-Patriot-destr-30-07-22.jpg","2023-11-16",403,11217,1,"7-403112171","11/16/2023"
"12359","Russia","Russia","6 UAZ Patriot jeep","damaged","https://i.postimg.cc/CMbZpJKx/1022-UAZ-Patriot-jeep-dam-07-10-23.jpg","2023-11-16",403,11218,2,"7-403112182","11/16/2023"
"12360","Russia","Russia","6 UAZ Patriot jeep","captured","https://i.postimg.cc/HsjyTykV/2022-09-15-UAZ-Patriot.png","2023-11-16",403,11219,3,"7-403112193","11/16/2023"
"12361","Russia","Russia","1 UAZ-3151","destroyed","https://i.postimg.cc/zvxNWQTG/69.png","2023-11-16",404,11220,1,"7-404112201","11/16/2023"
"12362","Russia","Russia","1 UAZ-31514","captured","https://twitter.com/UAWeapons/status/1572155780698341376","2023-11-16",405,2409,3,"7-40524093","11/16/2023"
"12363","Russia","Russia","UAZ-23632 pickup truck","destroyed","https://i.postimg.cc/wMFWNrC6/4438.png","2023-11-16",406,11221,1,"7-406112211","11/16/2023"
"12364","Russia","Russia","UAZ-23632 pickup truck","destroyed","https://i.postimg.cc/X7pCx7g8/53.png","2023-11-16",406,11222,1,"7-406112221","11/16/2023"
"12365","Russia","Russia","UAZ-23632 pickup truck","destroyed","https://i.postimg.cc/ZYH2Jmbm/448.png","2023-11-16",406,11223,1,"7-406112231","11/16/2023"
"12366","Russia","Russia","UAZ-23632 pickup truck","destroyed","https://i.postimg.cc/BvrQJkqg/1026-UAZ-23632-pickup-truck-destr-26-10-22.jpg","2023-11-16",406,11224,1,"7-406112241","11/16/2023"
"12367","Russia","Russia","UAZ-23632 pickup truck","destroyed","https://i.postimg.cc/rwyLcFnj/33280.png","2023-11-16",406,11225,1,"7-406112251","11/16/2023"
"12368","Russia","Russia","UAZ-23632 pickup truck","captured","https://i.postimg.cc/Hk70g9v5/f234.png","2023-11-16",406,11226,3,"7-406112263","11/16/2023"
"12369","Russia","Russia","UAZ-23632 pickup truck","captured","https://postimg.cc/XrK56zCd","2023-11-16",406,11227,3,"7-406112273","11/16/2023"
"12370","Russia","Russia","UAZ-23632 pickup truck","captured","https://i.postimg.cc/QCK58qpb/patriot.jpg","2023-11-16",406,11228,3,"7-406112283","11/16/2023"
"12371","Russia","Russia","UAZ-23632-148-64 armed pickup truck","destroyed","https://twitter.com/UAWeapons/status/1523768935933693953","2023-11-16",407,6389,1,"7-40763891","11/16/2023"
"12372","Russia","Russia","UAZ-23632-148-64 armed pickup truck","destroyed","https://i.postimg.cc/vBQ47tD2/UAZ-23632-148-64.jpg","2023-11-16",407,11229,1,"7-407112291","11/16/2023"
"12373","Russia","Russia","UAZ-23632-148-64 armed pickup truck","destroyed","https://twitter.com/UAWeapons/status/1591808966002380800","2023-11-16",407,5140,1,"7-40751401","11/16/2023"
"12374","Russia","Russia","UAZ-23632-148-64 armed pickup truck","destroyed","https://i.postimg.cc/pr9SjJMB/1002-UAZ-23632-148-64-armed-pickup-truck-destr-30-03-22.jpg","2023-11-16",407,11230,1,"7-407112301","11/16/2023"
"12375","Russia","Russia","UAZ-23632-148-64 armed pickup truck","destroyed","https://i.postimg.cc/NLqZLt6B/1038-UAZ-23632-148-64-armed-pickup-truck-destr-01-03-22.jpg","2023-11-16",407,11231,1,"7-407112311","11/16/2023"
"12376","Russia","Russia","UAZ-23632-148-64 armed pickup truck","destroyed","https://i.postimg.cc/ZYH2Jmbm/448.png","2023-11-16",407,11223,1,"7-407112231","11/16/2023"
"12377","Russia","Russia","UAZ-23632-148-64 armed pickup truck","destroyed","https://i.postimg.cc/X7pCx7g8/53.png","2023-11-16",407,11222,1,"7-407112221","11/16/2023"
"12378","Russia","Russia","5 UAZ-394511 'Esaul'","destroyed","https://i.postimg.cc/VLdBWJq6/1021.jpg","2023-11-16",408,11232,1,"7-408112321","11/16/2023"
"12379","Russia","Russia","5 UAZ-394511 'Esaul'","destroyed","https://twitter.com/RALee85/status/1550251325958529027","2023-11-16",408,11233,1,"7-408112331","11/16/2023"
"12380","Russia","Russia","5 UAZ-394511 'Esaul'","destroyed","https://i.postimg.cc/Bbc53zvc/1003-esaul.jpg","2023-11-16",408,11234,1,"7-408112341","11/16/2023"
"12381","Russia","Russia","5 UAZ-394511 'Esaul'","damaged","https://i.postimg.cc/tggdgvNx/54g.jpg","2023-11-16",408,11235,2,"7-408112352","11/16/2023"
"12382","Russia","Russia","5 UAZ-394511 'Esaul'","captured","https://i.postimg.cc/tggdgvNx/54g.jpg","2023-11-16",408,11235,3,"7-408112353","11/16/2023"
"12383","Russia","Russia","5 UAZ-394511 'Esaul'","damaged","https://i.postimg.cc/3ww79TFW/1000-Esaul.png","2023-11-16",408,11236,2,"7-408112362","11/16/2023"
"12384","Russia","Russia","5 UAZ-394511 'Esaul'","captured","https://i.postimg.cc/3ww79TFW/1000-Esaul.png","2023-11-16",408,11236,3,"7-408112363","11/16/2023"
"12385","Russia","Russia","1 UAZ-515195 'Esaul'","destroyed","https://i.postimg.cc/MTD1Lqjf/1007-UAZ-515195-Esaul.jpg","2023-11-16",409,9308,1,"7-40993081","11/16/2023"
"12386","Russia","Russia","16 UAZ-39094","destroyed","https://i.postimg.cc/DfRsWgS0/1041-UAZ-39094-and-Kam-AZ-6x6-destr-08-06-23.jpg","2023-11-16",410,11237,1,"7-410112371","11/16/2023"
"12387","Russia","Russia","16 UAZ-39094","destroyed","https://i.postimg.cc/jdnJkT97/1036-UAZ-39094-destr-14-05-23.jpg","2023-11-16",410,11238,1,"7-410112381","11/16/2023"
"12388","Russia","Russia","16 UAZ-39094","destroyed","https://i.postimg.cc/d1965t0C/1053-UAZ-39094-destr-20-06-23.jpg","2023-11-16",410,11239,1,"7-410112391","11/16/2023"
"12389","Russia","Russia","16 UAZ-39094","destroyed","https://i.postimg.cc/kXzHtmp0/1305-uaz39094-destr-12-10-22.jpg","2023-11-16",410,11240,1,"7-410112401","11/16/2023"
"12390","Russia","Russia","16 UAZ-39094","destroyed","https://i.postimg.cc/sDbWpHLh/1000.jpg","2023-11-16",410,11241,1,"7-410112411","11/16/2023"
"12391","Russia","Russia","16 UAZ-39094","destroyed","https://i.postimg.cc/X7Pxw4Yc/1003-UAZ-39094-destr-15-07-23.jpg","2023-11-16",410,11242,1,"7-410112421","11/16/2023"
"12392","Russia","Russia","16 UAZ-39094","destroyed","https://i.postimg.cc/tRW42KSc/1008-UAZ-39094-destr-02-08-23.jpg","2023-11-16",410,11243,1,"7-410112431","11/16/2023"
"12393","Russia","Russia","16 UAZ-39094","destroyed","https://i.postimg.cc/R0X3tfwH/1020-UAZ-39094-destr-10-08-23.jpg","2023-11-16",410,11244,1,"7-410112441","11/16/2023"
"12394","Russia","Russia","16 UAZ-39094","destroyed","https://i.postimg.cc/xd0JqgNQ/1032-UAZ-39094-destr-10-08-23.jpg","2023-11-16",410,11245,1,"7-410112451","11/16/2023"
"12395","Russia","Russia","16 UAZ-39094","destroyed","https://i.postimg.cc/Ls9wDPzs/1019-UAZ-39094-destr-14-08-23.jpg","2023-11-16",410,11246,1,"7-410112461","11/16/2023"
"12396","Russia","Russia","16 UAZ-39094","destroyed","https://twitter.com/UAWeapons/status/1699101021933350997","2023-11-16",410,9584,1,"7-41095841","11/16/2023"
"12397","Russia","Russia","16 UAZ-39094","destroyed","https://i.postimg.cc/BQgXX6HW/1023-UAZ-39094-destr-07-10-23.jpg","2023-11-16",410,11247,1,"7-410112471","11/16/2023"
"12398","Russia","Russia","16 UAZ-39094","destroyed","https://i.postimg.cc/s24BvnxJ/1046-UAZ-39094-destr-23-08-23.jpg","2023-11-16",410,11248,1,"7-410112481","11/16/2023"
"12399","Russia","Russia","16 UAZ-39094","destroyed","https://i.postimg.cc/KYZ3fSy9/1015-UAZ-39094-destr-21-08-23.jpg","2023-11-16",410,11249,1,"7-410112491","11/16/2023"
"12400","Russia","Russia","16 UAZ-39094","destroyed","https://i.postimg.cc/Bbd1BjqD/1026-UAZ-39094-destr-30-10-23.jpg","2023-11-16",410,11250,1,"7-410112501","11/16/2023"
"12401","Russia","Russia","16 UAZ-39094","damaged","https://i.postimg.cc/qv8yk3c1/66555.jpg","2023-11-16",410,11251,2,"7-410112512","11/16/2023"
"12402","Russia","Russia","16 UAZ-39094","captured","https://i.postimg.cc/qv8yk3c1/66555.jpg","2023-11-16",410,11251,3,"7-410112513","11/16/2023"
"12403","Russia","Russia","Unknown fuel tanker","destroyed","https://i.postimg.cc/jdMKPWvh/1013-unkn-tanker-destr.jpg","2023-11-16",411,11252,1,"7-411112521","11/16/2023"
"12404","Russia","Russia","Unknown fuel tanker","destroyed","https://twitter.com/UAWeapons/status/1585192939021819905","2023-11-16",411,11253,1,"7-411112531","11/16/2023"
"12405","Russia","Russia","Unknown fuel tanker","destroyed","https://twitter.com/UAWeapons/status/1588449197195493377","2023-11-16",411,11254,1,"7-411112541","11/16/2023"
"12406","Russia","Russia","Unknown fuel tanker","destroyed","https://twitter.com/UAWeapons/status/1639671090803879938","2023-11-16",411,11255,1,"7-411112551","11/16/2023"
"12407","Russia","Russia","Unknown fuel tanker","destroyed","https://twitter.com/naalsio26/status/1676373218846711808","2023-11-16",411,1509,1,"7-41115091","11/16/2023"
"12408","Russia","Russia","(Unknown) truck","destroyed","https://twitter.com/UAWeapons/status/1498757622211784707","2023-11-16",412,2298,1,"7-41222981","11/16/2023"
"12409","Russia","Russia","(Unknown) truck","destroyed","https://i.postimg.cc/wxyB2Ck6/1005-unkn-truck-destr.jpg","2023-11-16",412,11256,1,"7-412112561","11/16/2023"
"12410","Russia","Russia","(Unknown) truck","destroyed","https://i.postimg.cc/h4TPx8Nh/76j.png","2023-11-16",412,11257,1,"7-412112571","11/16/2023"
"12411","Russia","Russia","(Unknown) truck","destroyed","https://twitter.com/UAWeapons/status/1555673498152058883","2023-11-16",412,11258,1,"7-412112581","11/16/2023"
"12412","Russia","Russia","(Unknown) truck","destroyed","https://i.postimg.cc/3wn7wzQM/686.png","2023-11-16",412,11259,1,"7-412112591","11/16/2023"
"12413","Russia","Russia","(Unknown) truck","destroyed","https://twitter.com/UAWeapons/status/1499429718281625601","2023-11-16",412,11260,1,"7-412112601","11/16/2023"
"12414","Russia","Russia","(Unknown) truck","destroyed","https://postlmg.cc/v4bQxHt1","2023-11-16",412,11261,1,"7-412112611","11/16/2023"
"12415","Russia","Russia","(Unknown) truck","destroyed","https://postimg.cc/RN6k1s2Z","2023-11-16",412,11262,1,"7-412112621","11/16/2023"
"12416","Russia","Russia","(Unknown) truck","destroyed","https://twitter.com/UAWeapons/status/1533785741842694147","2023-11-16",412,11263,1,"7-412112631","11/16/2023"
"12417","Russia","Russia","(Unknown) truck","destroyed","https://twitter.com/UAWeapons/status/1600595040270786560","2023-11-16",412,11264,1,"7-412112641","11/16/2023"
"12418","Russia","Russia","(Unknown) truck","destroyed","https://twitter.com/Blue_Sauron/status/1533193353705185281","2023-11-16",412,11265,1,"7-412112651","11/16/2023"
"12419","Russia","Russia","(Unknown) truck","destroyed","https://i.postimg.cc/L5V48cy4/1018-unkn-truck-destr-02-04-23.jpg","2023-11-16",412,11266,1,"7-412112661","11/16/2023"
"12420","Russia","Russia","(Unknown) truck","destroyed","https://i.postimg.cc/RCyHFBS0/1009-unkn-truck-destr-14-06-23.jpg","2023-11-16",412,11267,1,"7-412112671","11/16/2023"
"12421","Russia","Russia","(Unknown) truck","destroyed","https://i.postimg.cc/Sxwgsv5n/1050-unkn-truck-destr-25-06-23.jpg","2023-11-16",412,11268,1,"7-412112681","11/16/2023"
"12422","Russia","Russia","(Unknown) truck","destroyed","https://i.postimg.cc/JhFG4fyz/tt1.jpg","2023-11-16",412,11269,1,"7-412112691","11/16/2023"
"12423","Russia","Russia","(Unknown) truck","destroyed","https://i.postimg.cc/LXZhqxfB/tt2.jpg","2023-11-16",412,11270,1,"7-412112701","11/16/2023"
"12424","Russia","Russia","(Unknown) truck","destroyed","https://i.postimg.cc/3JGCMZcG/4f2.jpg","2023-11-16",412,11271,1,"7-412112711","11/16/2023"
"12425","Russia","Russia","(Unknown) truck","destroyed","https://i.postimg.cc/SR7zNYSk/f43.png","2023-11-16",412,11272,1,"7-412112721","11/16/2023"
"12426","Russia","Russia","(Unknown) truck","destroyed","https://postimg.cc/LY0cGKr9","2023-11-16",412,11273,1,"7-412112731","11/16/2023"
"12427","Russia","Russia","(Unknown) truck","destroyed","https://twitter.com/UAWeapons/status/1575041804738523137","2023-11-16",412,8139,1,"7-41281391","11/16/2023"
"12428","Russia","Russia","(Unknown) truck","destroyed","https://i.postimg.cc/hjR8g9pW/dj.jpg","2023-11-16",412,11274,1,"7-412112741","11/16/2023"
"12429","Russia","Russia","(Unknown) truck","destroyed","https://twitter.com/UAWeapons/status/1536017666930053120","2023-11-16",412,11275,1,"7-412112751","11/16/2023"
"12430","Russia","Russia","(Unknown) truck","destroyed","https://twitter.com/UAWeapons/status/1536387180611895296","2023-11-16",412,2357,1,"7-41223571","11/16/2023"
"12431","Russia","Russia","(Unknown) truck","destroyed","https://i.postimg.cc/sDmP0bq3/1002-unkn-truck.jpg","2023-11-16",412,11276,1,"7-412112761","11/16/2023"
"12432","Russia","Russia","(Unknown) truck","destroyed","https://twitter.com/UAWeapons/status/1566403272050720769","2023-11-16",412,7261,1,"7-41272611","11/16/2023"
"12433","Russia","Russia","(Unknown) truck","destroyed","https://i.postimg.cc/rs5zCtkT/1011-unkn-truck-5x.jpg","2023-11-16",412,11277,1,"7-412112771","11/16/2023"
"12434","Russia","Russia","(Unknown) truck","destroyed","https://i.postimg.cc/T2NQcPw5/1035-Unknown-Ural-destr-01-03-22.jpg","2023-11-16",412,11278,1,"7-412112781","11/16/2023"
"12435","Russia","Russia","(Unknown) truck","destroyed","https://i.postimg.cc/XqZtqM6Z/p0.png","2023-11-16",412,11279,1,"7-412112791","11/16/2023"
"12436","Russia","Russia","(Unknown) truck","destroyed","https://i.postimg.cc/7LWFkPpv/l0.png","2023-11-16",412,11280,1,"7-412112801","11/16/2023"
"12437","Russia","Russia","(Unknown) truck","destroyed","https://i.postimg.cc/tJxyfnTm/l9.png","2023-11-16",412,11281,1,"7-412112811","11/16/2023"
"12438","Russia","Russia","(Unknown) truck","destroyed","https://postlmg.cc/DJ2hN2YC","2023-11-16",412,11282,1,"7-412112821","11/16/2023"
"12439","Russia","Russia","(Unknown) truck","destroyed","https://postlmg.cc/fSyNw8sm","2023-11-16",412,11283,1,"7-412112831","11/16/2023"
"12440","Russia","Russia","(Unknown) truck","destroyed","https://twitter.com/UAWeapons/status/1592436899951824896","2023-11-16",412,11284,1,"7-412112841","11/16/2023"
"12441","Russia","Russia","(Unknown) truck","destroyed","https://i.postimg.cc/j2dKY3xv/1150-unkn-truck.jpg","2023-11-16",412,11285,1,"7-412112851","11/16/2023"
"12442","Russia","Russia","(Unknown) truck","destroyed","https://i.postimg.cc/xdyWjGFZ/1149-unkn-truck.jpg","2023-11-16",412,11286,1,"7-412112861","11/16/2023"
"12443","Russia","Russia","(Unknown) truck","destroyed","https://i.postimg.cc/sxTD3tSG/u5.jpg","2023-11-16",412,10210,1,"7-412102101","11/16/2023"
"12444","Russia","Russia","(Unknown) truck","destroyed","https://twitter.com/Blue_Sauron/status/1543919804884701188","2023-11-16",412,11287,1,"7-412112871","11/16/2023"
"12445","Russia","Russia","(Unknown) truck","destroyed","https://twitter.com/UAWeapons/status/1553713673180413952","2023-11-16",412,8201,1,"7-41282011","11/16/2023"
"12446","Russia","Russia","(Unknown) truck","destroyed","https://i.postimg.cc/3x2Hrh92/1029-unkn-truck-and-unkn-arty-destr-10-06-23.jpg","2023-11-16",412,7393,1,"7-41273931","11/16/2023"
"12447","Russia","Russia","(Unknown) truck","destroyed","https://i.postimg.cc/K834NwrF/67.jpg","2023-11-16",412,11288,1,"7-412112881","11/16/2023"
"12448","Russia","Russia","(Unknown) truck","destroyed","https://i.postimg.cc/25wj2ysj/1003-ural-unkn-truck.jpg","2023-11-16",412,9307,1,"7-41293071","11/16/2023"
"12449","Russia","Russia","(Unknown) truck","destroyed","https://i.postimg.cc/fWYGxK0F/r1.jpg","2023-11-16",412,10372,1,"7-412103721","11/16/2023"
"12450","Russia","Russia","(Unknown) truck","destroyed","https://postlmg.cc/1grMhzNj","2023-11-16",412,11289,1,"7-412112891","11/16/2023"
"12451","Russia","Russia","(Unknown) truck","destroyed","https://i.postimg.cc/1XX04rgv/65.jpg","2023-11-16",412,11290,1,"7-412112901","11/16/2023"
"12452","Russia","Russia","(Unknown) truck","destroyed","https://i.postimg.cc/zXwV0qJ5/544.jpg","2023-11-16",412,2009,1,"7-41220091","11/16/2023"
"12453","Russia","Russia","(Unknown) truck","destroyed","https://i.postimg.cc/hhRXrfSQ/115.png","2023-11-16",412,10819,1,"7-412108191","11/16/2023"
"12454","Russia","Russia","(Unknown) truck","destroyed","https://twitter.com/UAWeapons/status/1506600986944671749","2023-11-16",412,11291,1,"7-412112911","11/16/2023"
"12455","Russia","Russia","(Unknown) truck","destroyed","https://i.postimg.cc/2SygFqR9/113.png","2023-11-16",412,11292,1,"7-412112921","11/16/2023"
"12456","Russia","Russia","(Unknown) truck","destroyed","https://twitter.com/UAWeapons/status/1505306328851435523","2023-11-16",412,11293,1,"7-412112931","11/16/2023"
"12457","Russia","Russia","(Unknown) truck","destroyed","https://twitter.com/UAWeapons/status/1535552569782804483","2023-11-16",412,11294,1,"7-412112941","11/16/2023"
"12458","Russia","Russia","(Unknown) truck","destroyed","https://i.postimg.cc/yYcKk7QK/2022-09-16-unk-x4.png","2023-11-16",412,11295,1,"7-412112951","11/16/2023"
"12459","Russia","Russia","(Unknown) truck","destroyed","https://i.postimg.cc/FzjX3hWn/2022-09-19-Unknown-Truck.jpg","2023-11-16",412,11296,1,"7-412112961","11/16/2023"
"12460","Russia","Russia","(Unknown) truck","destroyed","https://i.postimg.cc/Lsd2tCpq/2022-09-21-Ural-4320-1.jpg","2023-11-16",412,9161,1,"7-41291611","11/16/2023"
"12461","Russia","Russia","(Unknown) truck","destroyed","https://twitter.com/UAWeapons/status/1575042703343034369","2023-11-16",412,3146,1,"7-41231461","11/16/2023"
"12462","Russia","Russia","(Unknown) truck","destroyed","https://twitter.com/UAWeapons/status/1507836952694988804","2023-11-16",412,11297,1,"7-412112971","11/16/2023"
"12463","Russia","Russia","(Unknown) truck","destroyed","https://i.postimg.cc/jqyJhQfn/1001-unkn-truck-destr-20-04-23.jpg","2023-11-16",412,11298,1,"7-412112981","11/16/2023"
"12464","Russia","Russia","(Unknown) truck","destroyed","https://i.postimg.cc/LXbx5t8X/u8s.jpg","2023-11-16",412,11299,1,"7-412112991","11/16/2023"
"12465","Russia","Russia","(Unknown) truck","destroyed","https://i.postimg.cc/0jRWbGP9/5433.jpg","2023-11-16",412,11300,1,"7-412113001","11/16/2023"
"12466","Russia","Russia","(Unknown) truck","destroyed","https://postlmg.cc/hXwrGy4S","2023-11-16",412,11301,1,"7-412113011","11/16/2023"
"12467","Russia","Russia","(Unknown) truck","destroyed","https://i.postimg.cc/Y0bFyQ0k/uuk1.jpg","2023-11-16",412,11302,1,"7-412113021","11/16/2023"
"12468","Russia","Russia","(Unknown) truck","destroyed","https://i.postimg.cc/G3Qv2nQN/uuk2.jpg","2023-11-16",412,11303,1,"7-412113031","11/16/2023"
"12469","Russia","Russia","(Unknown) truck","destroyed","https://i.postimg.cc/7LwxbdXs/uuk3.jpg","2023-11-16",412,11304,1,"7-412113041","11/16/2023"
"12470","Russia","Russia","(Unknown) truck","destroyed","https://i.postimg.cc/yNj7RjbV/uuk5.jpg","2023-11-16",412,11305,1,"7-412113051","11/16/2023"
"12471","Russia","Russia","(Unknown) truck","destroyed","https://i.postimg.cc/CL8Y7SQr/uuk7.jpg","2023-11-16",412,11306,1,"7-412113061","11/16/2023"
"12472","Russia","Russia","(Unknown) truck","destroyed","https://i.postimg.cc/fLgZ2Lsp/uuk12.jpg","2023-11-16",412,11307,1,"7-412113071","11/16/2023"
"12473","Russia","Russia","(Unknown) truck","destroyed","https://i.postimg.cc/dQpwGL4T/uuk13.jpg","2023-11-16",412,11308,1,"7-412113081","11/16/2023"
"12474","Russia","Russia","(Unknown) truck","destroyed","https://i.postimg.cc/cLNW5Pqx/uuk14.jpg","2023-11-16",412,11309,1,"7-412113091","11/16/2023"
"12475","Russia","Russia","(Unknown) truck","destroyed","https://i.postimg.cc/3x1FYK47/1006-unkn-truck-destr.jpg","2023-11-16",412,11310,1,"7-412113101","11/16/2023"
"12476","Russia","Russia","(Unknown) truck","destroyed","https://i.postimg.cc/XYBn065L/1031.jpg","2023-11-16",412,11311,1,"7-412113111","11/16/2023"
"12477","Russia","Russia","(Unknown) truck","destroyed","https://i.postimg.cc/hjMxTDFD/1007.jpg","2023-11-16",412,11312,1,"7-412113121","11/16/2023"
"12478","Russia","Russia","(Unknown) truck","destroyed","https://twitter.com/RALee85/status/1543979720714469377","2023-11-16",412,11313,1,"7-412113131","11/16/2023"
"12479","Russia","Russia","(Unknown) truck","destroyed","https://i.postimg.cc/VNzNm95F/1002.jpg","2023-11-16",412,11314,1,"7-412113141","11/16/2023"
"12480","Russia","Russia","(Unknown) truck","destroyed","https://twitter.com/UAWeapons/status/1540437178928582657","2023-11-16",412,11315,1,"7-412113151","11/16/2023"
"12481","Russia","Russia","(Unknown) truck","destroyed","https://twitter.com/UAWeapons/status/1541792948572102659","2023-11-16",412,11316,1,"7-412113161","11/16/2023"
"12482","Russia","Russia","(Unknown) truck","destroyed","https://i.postimg.cc/CKV3VrJD/1151-unkn-truck-x7.jpg","2023-11-16",412,11317,1,"7-412113171","11/16/2023"
"12483","Russia","Russia","(Unknown) truck","destroyed","https://twitter.com/UAWeapons/status/1544068834604220417","2023-11-16",412,1316,1,"7-41213161","11/16/2023"
"12484","Russia","Russia","(Unknown) truck","destroyed","https://twitter.com/Danspiun/status/1566064122852171778","2023-11-16",412,3141,1,"7-41231411","11/16/2023"
"12485","Russia","Russia","(Unknown) truck","destroyed","https://i.postimg.cc/FK5jQCg4/1004.jpg","2023-11-16",412,11318,1,"7-412113181","11/16/2023"
"12486","Russia","Russia","(Unknown) truck","destroyed","https://i.postimg.cc/7Y7b4hnh/1030-unkn-truck.jpg","2023-11-16",412,11319,1,"7-412113191","11/16/2023"
"12487","Russia","Russia","(Unknown) truck","destroyed","https://i.postimg.cc/CMtZfLGs/1002-unkn-afv-2x-kamaz-2x-unkn-truck.jpg","2023-11-16",412,10374,1,"7-412103741","11/16/2023"
"12488","Russia","Russia","(Unknown) truck","destroyed","https://twitter.com/UAWeapons/status/1550577114352599041","2023-11-16",412,11320,1,"7-412113201","11/16/2023"
"12489","Russia","Russia","(Unknown) truck","destroyed","https://i.postimg.cc/90G2S8K8/1004.jpg","2023-11-16",412,11321,1,"7-412113211","11/16/2023"
"12490","Russia","Russia","(Unknown) truck","destroyed","https://i.postimg.cc/y88KpQVC/1009.jpg","2023-11-16",412,11322,1,"7-412113221","11/16/2023"
"12491","Russia","Russia","(Unknown) truck","destroyed","https://i.postimg.cc/jqfkv75C/46.png","2023-11-16",412,11323,1,"7-412113231","11/16/2023"
"12492","Russia","Russia","(Unknown) truck","destroyed","https://i.postimg.cc/Y2GMHxpR/68.jpg","2023-11-16",412,11324,1,"7-412113241","11/16/2023"
"12493","Russia","Russia","(Unknown) truck","destroyed","https://i.postimg.cc/MKJ2823Z/4434.jpg","2023-11-16",412,11325,1,"7-412113251","11/16/2023"
"12494","Russia","Russia","(Unknown) truck","destroyed","https://i.postimg.cc/sXPHtgdQ/658.png","2023-11-16",412,11326,1,"7-412113261","11/16/2023"
"12495","Russia","Russia","(Unknown) truck","destroyed","https://twitter.com/UAWeapons/status/1573229951393964033","2023-11-16",412,5868,1,"7-41258681","11/16/2023"
"12496","Russia","Russia","(Unknown) truck","destroyed","https://twitter.com/UAWeapons/status/1567956407768547328","2023-11-16",412,3936,1,"7-41239361","11/16/2023"
"12497","Russia","Russia","(Unknown) truck","destroyed","https://i.postimg.cc/L8C45Yqb/Unknown-truck-145547-deokupovana-Harkivshhyna-1159-scaled.jpg","2023-11-16",412,11327,1,"7-412113271","11/16/2023"
"12498","Russia","Russia","(Unknown) truck","destroyed","https://i.postimg.cc/Y9TcCPQj/2022-09-16-unk-x1.png","2023-11-16",412,11328,1,"7-412113281","11/16/2023"
"12499","Russia","Russia","(Unknown) truck","destroyed","https://i.postimg.cc/Dw6tX019/2022-09-16-unk-x2.png","2023-11-16",412,11329,1,"7-412113291","11/16/2023"
"12500","Russia","Russia","(Unknown) truck","destroyed","https://twitter.com/UAWeapons/status/1514340774321831936","2023-11-16",412,11330,1,"7-412113301","11/16/2023"
"12501","Russia","Russia","(Unknown) truck","captured","https://i.postimg.cc/rFrpcfY9/43.jpg","2023-11-16",412,11331,3,"7-412113313","11/16/2023"
"12502","Russia","Russia","(Unknown) truck","destroyed","https://i.postimg.cc/rFrpcfY9/43.jpg","2023-11-16",412,11331,1,"7-412113311","11/16/2023"
"12503","Russia","Russia","(Unknown) truck","destroyed","https://twitter.com/Arslon_Xudosi/status/1513344309810057218","2023-11-16",412,11332,1,"7-412113321","11/16/2023"
"12504","Russia","Russia","(Unknown) truck","destroyed","https://twitter.com/UAWeapons/status/1513475137940574210","2023-11-16",412,6005,1,"7-41260051","11/16/2023"
"12505","Russia","Russia","(Unknown) truck","destroyed","https://twitter.com/UAWeapons/status/1621470601742368768","2023-11-16",412,4693,1,"7-41246931","11/16/2023"
"12506","Russia","Russia","(Unknown) truck","destroyed","https://i.postimg.cc/tCVhjMzP/uktru1.png","2023-11-16",412,11333,1,"7-412113331","11/16/2023"
"12507","Russia","Russia","(Unknown) truck","destroyed","https://i.postimg.cc/BnsGrR09/1033-kamaz6x6x-unkn-truck-destr-08-01-23.jpg","2023-11-16",412,10522,1,"7-412105221","11/16/2023"
"12508","Russia","Russia","(Unknown) truck","destroyed","https://twitter.com/UAWeapons/status/1572963998563241984","2023-11-16",412,11334,1,"7-412113341","11/16/2023"
"12509","Russia","Russia","(Unknown) truck","destroyed","https://i.postimg.cc/VNHPQg1S/u6.jpg","2023-11-16",412,11335,1,"7-412113351","11/16/2023"
"12510","Russia","Russia","(Unknown) truck","destroyed","https://i.postimg.cc/cJSHxJCV/33.jpg","2023-11-16",412,11336,1,"7-412113361","11/16/2023"
"12511","Russia","Russia","(Unknown) truck","destroyed","https://i.postimg.cc/0jnXSRjn/58.jpg","2023-11-16",412,11337,1,"7-412113371","11/16/2023"
"12512","Russia","Russia","(Unknown) truck","destroyed","https://i.postimg.cc/PqVr1ySs/664.png","2023-11-16",412,11338,1,"7-412113381","11/16/2023"
"12513","Russia","Russia","(Unknown) truck","destroyed","https://i.postimg.cc/x8DJBQB3/38.png","2023-11-16",412,11339,1,"7-412113391","11/16/2023"
"12514","Russia","Russia","(Unknown) truck","destroyed","https://twitter.com/UAWeapons/status/1520364599098462214","2023-11-16",412,7255,1,"7-41272551","11/16/2023"
"12515","Russia","Russia","(Unknown) truck","destroyed","https://i.postimg.cc/pL0YdJny/4311.jpg","2023-11-16",412,11340,1,"7-412113401","11/16/2023"
"12516","Russia","Russia","(Unknown) truck","destroyed","https://twitter.com/UAWeapons/status/1521047600065036291","2023-11-16",412,11341,1,"7-412113411","11/16/2023"
"12517","Russia","Russia","(Unknown) truck","destroyed","https://i.postimg.cc/ZKQzLKXv/1006.jpg","2023-11-16",412,11342,1,"7-412113421","11/16/2023"
"12518","Russia","Russia","(Unknown) truck","destroyed","https://i.postimg.cc/Ght1Ysg1/1007.jpg","2023-11-16",412,11343,1,"7-412113431","11/16/2023"
"12519","Russia","Russia","(Unknown) truck","destroyed","https://twitter.com/UAWeapons/status/1520839657201848320","2023-11-16",412,11344,1,"7-412113441","11/16/2023"
"12520","Russia","Russia","(Unknown) truck","destroyed","https://twitter.com/UAWeapons/status/1521566968943370240","2023-11-16",412,11345,1,"7-412113451","11/16/2023"
"12521","Russia","Russia","(Unknown) truck","destroyed","https://twitter.com/UAWeapons/status/1520042517382766592","2023-11-16",412,7076,1,"7-41270761","11/16/2023"
"12522","Russia","Russia","(Unknown) truck","destroyed","https://twitter.com/UAWeapons/status/1522658651516850176","2023-11-16",412,11346,1,"7-412113461","11/16/2023"
"12523","Russia","Russia","(Unknown) truck","destroyed","https://i.postimg.cc/VkKvzbxb/479.png","2023-11-16",412,11347,1,"7-412113471","11/16/2023"
"12524","Russia","Russia","(Unknown) truck","destroyed","https://twitter.com/UAWeapons/status/1523774073813168129","2023-11-16",412,2331,1,"7-41223311","11/16/2023"
"12525","Russia","Russia","(Unknown) truck","destroyed","https://twitter.com/UAWeapons/status/1524477975361732608","2023-11-16",412,11348,1,"7-412113481","11/16/2023"
"12526","Russia","Russia","(Unknown) truck","destroyed","https://twitter.com/UAWeapons/status/1524786224266887168","2023-11-16",412,11349,1,"7-412113491","11/16/2023"
"12527","Russia","Russia","(Unknown) truck","destroyed","https://twitter.com/UAWeapons/status/1528326529700200448","2023-11-16",412,1232,1,"7-41212321","11/16/2023"
"12528","Russia","Russia","(Unknown) truck","destroyed","https://twitter.com/UAWeapons/status/1527624405009977344","2023-11-16",412,2333,1,"7-41223331","11/16/2023"
"12529","Russia","Russia","(Unknown) truck","destroyed","https://i.postimg.cc/QMB1Hg9y/1001.jpg","2023-11-16",412,11350,1,"7-412113501","11/16/2023"
"12530","Russia","Russia","(Unknown) truck","destroyed","https://twitter.com/UAWeapons/status/1528848194179833857","2023-11-16",412,11351,1,"7-412113511","11/16/2023"
"12531","Russia","Russia","(Unknown) truck","destroyed","https://twitter.com/UAWeapons/status/1528845503433252866","2023-11-16",412,10907,1,"7-412109071","11/16/2023"
"12532","Russia","Russia","(Unknown) truck","destroyed","https://twitter.com/UAWeapons/status/1530525109781422082","2023-11-16",412,11352,1,"7-412113521","11/16/2023"
"12533","Russia","Russia","(Unknown) truck","destroyed","https://twitter.com/UAWeapons/status/1531310897590829059","2023-11-16",412,11353,1,"7-412113531","11/16/2023"
"12534","Russia","Russia","(Unknown) truck","destroyed","https://i.postimg.cc/B6Mhp2Pw/241.png","2023-11-16",412,11354,1,"7-412113541","11/16/2023"
"12535","Russia","Russia","(Unknown) truck","destroyed","https://twitter.com/UAWeapons/status/1531691373421858817","2023-11-16",412,3092,1,"7-41230921","11/16/2023"
"12536","Russia","Russia","(Unknown) truck","destroyed","https://twitter.com/UAWeapons/status/1532756586950709248","2023-11-16",412,11355,1,"7-412113551","11/16/2023"
"12537","Russia","Russia","(Unknown) truck","destroyed","https://twitter.com/UAWeapons/status/1533149034017394691","2023-11-16",412,11356,1,"7-412113561","11/16/2023"
"12538","Russia","Russia","(Unknown) truck","destroyed","https://twitter.com/naalsio26/status/1678943074368536577","2023-11-16",412,2846,1,"7-41228461","11/16/2023"
"12539","Russia","Russia","(Unknown) truck","destroyed","https://i.postimg.cc/T3DTtGMc/1023-Unknown-truck-destr-15-07-23.jpg","2023-11-16",412,11357,1,"7-412113571","11/16/2023"
"12540","Russia","Russia","(Unknown) truck","destroyed","https://i.postimg.cc/LsKNS1Rv/1017-unkn-truck-destr-25-07-23.jpg","2023-11-16",412,11358,1,"7-412113581","11/16/2023"
"12541","Russia","Russia","(Unknown) truck","destroyed","https://i.postimg.cc/XqqNR0kh/1021-Kam-AZ-6x6-unkn-truck-destr-17-04-23.jpg","2023-11-16",412,10663,1,"7-412106631","11/16/2023"
"12542","Russia","Russia","(Unknown) truck","damaged","https://i.postimg.cc/K834NwrF/67.jpg","2023-11-16",412,11288,2,"7-412112882","11/16/2023"
"12543","Russia","Russia","(Unknown) truck","damaged","https://postimg.cc/phTN0Xcc","2023-11-16",412,11359,2,"7-412113592","11/16/2023"
"12544","Russia","Russia","(Unknown) truck","damaged","https://postimg.cc/WDSL6J8J","2023-11-16",412,11360,2,"7-412113602","11/16/2023"
"12545","Russia","Russia","(Unknown) truck","damaged","https://twitter.com/UAWeapons/status/1524489058235387912","2023-11-16",412,11361,2,"7-412113612","11/16/2023"
"12546","Russia","Russia","(Unknown) truck","damaged","https://twitter.com/UAWeapons/status/1539006612525965314","2023-11-16",412,4720,2,"7-41247202","11/16/2023"
"12547","Russia","Russia","(Unknown) truck","damaged","https://i.postimg.cc/26pbyqvZ/v56.png","2023-11-16",412,11362,2,"7-412113622","11/16/2023"
"12548","Russia","Russia","(Unknown) truck","abandoned","https://i.postimg.cc/26pbyqvZ/v56.png","2023-11-16",412,11362,4,"7-412113624","11/16/2023"
"12549","Russia","Russia","(Unknown) truck","abandoned","https://i.postimg.cc/prhtMJt6/gg4.jpg","2023-11-16",412,11363,4,"7-412113634","11/16/2023"
"12550","Russia","Russia","(Unknown) truck","captured","https://i.postimg.cc/VNsLBfRz/c2.png","2023-11-16",412,6124,3,"7-41261243","11/16/2023"
"12551","Russia","Russia","(Unknown) truck","captured","https://i.postimg.cc/c4S9qLZj/412.png","2023-11-16",412,11364,3,"7-412113643","11/16/2023"
"12552","Russia","Russia","(Unknown) truck","captured","https://twitter.com/UAWeapons/status/1570764195385446400","2023-11-16",412,4998,3,"7-41249983","11/16/2023"
"12553","Russia","Russia","(Unknown) truck","captured","https://i.postimg.cc/mkhh21bQ/542.jpg","2023-11-16",412,11365,3,"7-412113653","11/16/2023"
"12554","Russia","Russia","(Unknown) truck","captured","https://i.postimg.cc/vHcNtwjD/g70.png","2023-11-16",412,11366,3,"7-412113663","11/16/2023"
"12555","Russia","Russia","(Unknown) truck","captured","https://i.postimg.cc/GtMVCs56/7i.jpg","2023-11-16",412,11367,3,"7-412113673","11/16/2023"
"12556","Russia","Russia","(Unknown) truck","captured","https://i.postimg.cc/Y994gyQF/431.png","2023-11-16",412,5750,3,"7-41257503","11/16/2023"
"12557","Russia","Russia","(Unknown) truck","captured","https://i.postimg.cc/m27PXy1c/1005-truck.jpg","2023-11-16",412,11368,3,"7-412113683","11/16/2023"
"12558","Russia","Russia","(Unknown) truck","captured","https://i.postimg.cc/HWrVSBJQ/1029-unkn-truck.jpg","2023-11-16",412,11369,3,"7-412113693","11/16/2023"
"12559","Russia","Russia","(Unknown) truck","captured","https://i.postimg.cc/dQ4BZ4Q7/1003.jpg","2023-11-16",412,11370,3,"7-412113703","11/16/2023"
"12560","Russia","Russia","47 (Unknown) vehicle","destroyed","https://i.postimg.cc/cLy31D99/557.png","2023-11-16",413,11371,1,"7-413113711","11/16/2023"
"12561","Russia","Russia","47 (Unknown) vehicle","destroyed","https://i.postimg.cc/L5WpLtHC/370.png","2023-11-16",413,11372,1,"7-413113721","11/16/2023"
"12562","Russia","Russia","47 (Unknown) vehicle","destroyed","https://i.postimg.cc/LsnQ4KZ5/1004-2x-unkn-veh-destr.jpg","2023-11-16",413,11373,1,"7-413113731","11/16/2023"
"12563","Russia","Russia","47 (Unknown) vehicle","destroyed","https://i.postimg.cc/Qd0VGPhL/86.jpg","2023-11-16",413,11374,1,"7-413113741","11/16/2023"
"12564","Russia","Russia","47 (Unknown) vehicle","destroyed","https://i.postimg.cc/nLqV2cT1/43.jpg","2023-11-16",413,11375,1,"7-413113751","11/16/2023"
"12565","Russia","Russia","47 (Unknown) vehicle","destroyed","https://twitter.com/UAWeapons/status/1506354334229049345","2023-11-16",413,11376,1,"7-413113761","11/16/2023"
"12566","Russia","Russia","47 (Unknown) vehicle","destroyed","https://i.postimg.cc/fR5ZtPph/3327.png","2023-11-16",413,11377,1,"7-413113771","11/16/2023"
"12567","Russia","Russia","47 (Unknown) vehicle","destroyed","https://twitter.com/UAWeapons/status/1507111458726981643","2023-11-16",413,11378,1,"7-413113781","11/16/2023"
"12568","Russia","Russia","47 (Unknown) vehicle","destroyed","https://twitter.com/UAWeapons/status/1507304253131563008","2023-11-16",413,11379,1,"7-413113791","11/16/2023"
"12569","Russia","Russia","47 (Unknown) vehicle","destroyed","https://twitter.com/UAWeapons/status/1507004560996401168","2023-11-16",413,3051,1,"7-41330511","11/16/2023"
"12570","Russia","Russia","47 (Unknown) vehicle","destroyed","https://i.postimg.cc/fRHmxgmg/43f.jpg","2023-11-16",413,11380,1,"7-413113801","11/16/2023"
"12571","Russia","Russia","47 (Unknown) vehicle","destroyed","https://i.postimg.cc/d0xcjjZr/1011-unkn-veh.jpg","2023-11-16",413,11381,1,"7-413113811","11/16/2023"
"12572","Russia","Russia","47 (Unknown) vehicle","destroyed","https://i.postimg.cc/VL9BV8Zm/4g.jpg","2023-11-16",413,11382,1,"7-413113821","11/16/2023"
"12573","Russia","Russia","47 (Unknown) vehicle","destroyed","https://twitter.com/UAWeapons/status/1513937750566875148","2023-11-16",413,4624,1,"7-41346241","11/16/2023"
"12574","Russia","Russia","47 (Unknown) vehicle","destroyed","https://twitter.com/UAWeapons/status/1513631958433214467","2023-11-16",413,3061,1,"7-41330611","11/16/2023"
"12575","Russia","Russia","47 (Unknown) vehicle","destroyed","https://twitter.com/Arslon_Xudosi/status/1513343490553491462","2023-11-16",413,11383,1,"7-413113831","11/16/2023"
"12576","Russia","Russia","47 (Unknown) vehicle","destroyed","https://twitter.com/UAWeapons/status/1514219788628856836","2023-11-16",413,11384,1,"7-413113841","11/16/2023"
"12577","Russia","Russia","47 (Unknown) vehicle","destroyed","https://twitter.com/UAWeapons/status/1515785104890765314","2023-11-16",413,11385,1,"7-413113851","11/16/2023"
"12578","Russia","Russia","47 (Unknown) vehicle","destroyed","https://twitter.com/UAWeapons/status/1514927847273603073","2023-11-16",413,11386,1,"7-413113861","11/16/2023"
"12579","Russia","Russia","47 (Unknown) vehicle","destroyed","https://i.postimg.cc/6QV8DSLV/889.jpg","2023-11-16",413,11387,1,"7-413113871","11/16/2023"
"12580","Russia","Russia","47 (Unknown) vehicle","destroyed","https://twitter.com/UAWeapons/status/1519311621755183104","2023-11-16",413,11388,1,"7-413113881","11/16/2023"
"12581","Russia","Russia","47 (Unknown) vehicle","destroyed","https://twitter.com/UAWeapons/status/1521099410175889409","2023-11-16",413,11389,1,"7-413113891","11/16/2023"
"12582","Russia","Russia","47 (Unknown) vehicle","destroyed","https://i.postimg.cc/HktGvgH7/6652.jpg","2023-11-16",413,11390,1,"7-413113901","11/16/2023"
"12583","Russia","Russia","47 (Unknown) vehicle","destroyed","https://twitter.com/UAWeapons/status/1533812727243751426","2023-11-16",413,11391,1,"7-413113911","11/16/2023"
"12584","Russia","Russia","47 (Unknown) vehicle","destroyed","https://twitter.com/UAWeapons/status/1536387180611895296","2023-11-16",413,2357,1,"7-41323571","11/16/2023"
"12585","Russia","Russia","47 (Unknown) vehicle","destroyed","https://i.postimg.cc/sg443ntt/1001-unkn-vehicle.jpg","2023-11-16",413,11392,1,"7-413113921","11/16/2023"
"12586","Russia","Russia","47 (Unknown) vehicle","destroyed","https://twitter.com/UAWeapons/status/1566557906593615873","2023-11-16",413,20,1,"7-413201","11/16/2023"
"12587","Russia","Russia","47 (Unknown) vehicle","destroyed","https://i.postimg.cc/x8QqdvKd/1003-unkn-vehicle-destr-02-02-23.jpg","2023-11-16",413,11393,1,"7-413113931","11/16/2023"
"12588","Russia","Russia","47 (Unknown) vehicle","destroyed","https://i.postimg.cc/sX1MYLSB/r1.png","2023-11-16",413,11394,1,"7-413113941","11/16/2023"
"12589","Russia","Russia","47 (Unknown) vehicle","destroyed","https://i.postimg.cc/P5z2LSms/76h.png","2023-11-16",413,11395,1,"7-413113951","11/16/2023"
"12590","Russia","Russia","47 (Unknown) vehicle","destroyed","https://i.postimg.cc/YqCnygYC/1023-Unknown-vehicle-destr-22-06-23.jpg","2023-11-16",413,11396,1,"7-413113961","11/16/2023"
"12591","Russia","Russia","47 (Unknown) vehicle","destroyed","https://i.postimg.cc/05Tnz61Z/1025-unkn-vehicle-destr-13-07-23.jpg","2023-11-16",413,11397,1,"7-413113971","11/16/2023"
"12592","Russia","Russia","47 (Unknown) vehicle","destroyed","https://i.postimg.cc/sXQx68zP/1018-unkn-vehicle-destr-06-10-23.jpg","2023-11-16",413,11398,1,"7-413113981","11/16/2023"
"12593","Russia","Russia","47 (Unknown) vehicle","damaged","https://twitter.com/UAWeapons/status/1514229936898387972","2023-11-16",413,11399,2,"7-413113992","11/16/2023"
"12594","Russia","Russia","47 (Unknown) vehicle","damaged","https://twitter.com/UAWeapons/status/1515327665330442246","2023-11-16",413,11400,2,"7-413114002","11/16/2023"
"12595","Russia","Russia","47 (Unknown) vehicle","damaged","https://twitter.com/UAWeapons/status/1523070374077902848","2023-11-16",413,11401,2,"7-413114012","11/16/2023"
"12596","Russia","Slovenia","M-55S","destroyed","https://twitter.com/UAWeapons/status/1682710915811033092","2023-11-16",414,11402,1,"7-414114021","11/16/2023"
"12597","Russia","Slovenia","M-55S","damaged","https://twitter.com/UAWeapons/status/1680549443043483654","2023-11-16",414,11403,2,"7-414114032","11/16/2023"
"12598","Russia","Soviet Union","T-64A","destroyed","https://i.postimg.cc/dVvPF6kS/2022-04-07-UA-T-64-BV-destroyed.jpg","2023-11-16",415,11404,1,"7-415114041","11/16/2023"
"12599","Russia","Soviet Union","T-64A","captured","https://i.postimg.cc/kXYMFPXM/39.jpg","2023-11-16",415,11405,3,"7-415114053","11/16/2023"
"12600","Russia","Soviet Union","T-64B","destroyed","https://i.postimg.cc/pX1zHz7L/431.png","2023-11-16",416,11406,1,"7-416114061","11/16/2023"
"12601","Russia","Soviet Union","T-64B","destroyed","https://i.postimg.cc/FK3FZ04Q/427.png","2023-11-16",416,11407,1,"7-416114071","11/16/2023"
"12602","Russia","Soviet Union","T-64B","captured","https://i.postimg.cc/9fH0rFwJ/2000-t64b-capt-04-03-22.jpg","2023-11-16",416,11408,3,"7-416114083","11/16/2023"
"12603","Russia","Soviet Union","T-64B","damaged","https://twitter.com/UAWeapons/status/1633907229647618048","2023-11-16",416,11409,2,"7-416114092","11/16/2023"
"12604","Russia","Soviet Union","T-64B","captured","https://twitter.com/UAWeapons/status/1633907229647618048","2023-11-16",416,11409,3,"7-416114093","11/16/2023"
"12605","Ukraine","Soviet Union","T-64BV","destroyed","https://i.postimg.cc/vZnd6LYT/f321.png","2023-11-16",417,11410,1,"380-417114101","11/16/2023"
"12606","Ukraine","Soviet Union","T-64BV","destroyed","https://i.postimg.cc/59wN4Ybq/689.png","2023-11-16",417,11411,1,"380-417114111","11/16/2023"
"12607","Ukraine","Soviet Union","T-64BV","destroyed","https://i.postimg.cc/442p3Kn8/443.png","2023-11-16",417,11412,1,"380-417114121","11/16/2023"
"12608","Ukraine","Soviet Union","T-64BV","destroyed","https://i.postimg.cc/Njvhbd38/38.png","2023-11-16",417,11413,1,"380-417114131","11/16/2023"
"12609","Ukraine","Soviet Union","T-64BV","destroyed","https://i.postimg.cc/jSkfDQJC/765.png","2023-11-16",417,11414,1,"380-417114141","11/16/2023"
"12610","Ukraine","Soviet Union","T-64BV","destroyed","https://i.postimg.cc/C1XTdKjW/n8.png","2023-11-16",417,11415,1,"380-417114151","11/16/2023"
"12611","Ukraine","Soviet Union","T-64BV","destroyed","https://i.postimg.cc/44zyTqfZ/o9.png","2023-11-16",417,11416,1,"380-417114161","11/16/2023"
"12612","Ukraine","Soviet Union","T-64BV","destroyed","https://i.postimg.cc/zfdggTnG/17.png","2023-11-16",417,11417,1,"380-417114171","11/16/2023"
"12613","Ukraine","Soviet Union","T-64BV","destroyed","https://twitter.com/UAWeapons/status/1641178598454226944","2023-11-16",417,11418,1,"380-417114181","11/16/2023"
"12614","Ukraine","Soviet Union","T-64BV","destroyed","https://i.postimg.cc/xCh7ZpMw/5590.png","2023-11-16",417,11419,1,"380-417114191","11/16/2023"
"12615","Ukraine","Soviet Union","T-64BV","destroyed","https://i.postimg.cc/XvZLPhKf/24.png","2023-11-16",417,11420,1,"380-417114201","11/16/2023"
"12616","Ukraine","Soviet Union","T-64BV","destroyed","https://i.postimg.cc/8zC4rW64/321.png","2023-11-16",417,11421,1,"380-417114211","11/16/2023"
"12617","Ukraine","Soviet Union","T-64BV","destroyed","https://i.postimg.cc/LXjZKyB3/gy6.png","2023-11-16",417,11422,1,"380-417114221","11/16/2023"
"12618","Ukraine","Soviet Union","T-64BV","destroyed","https://i.postimg.cc/GpXfM7DH/12.png","2023-11-16",417,11423,1,"380-417114231","11/16/2023"
"12619","Ukraine","Soviet Union","T-64BV","destroyed","https://i.postimg.cc/MpP3ydft/35.png","2023-11-16",417,11424,1,"380-417114241","11/16/2023"
"12620","Ukraine","Soviet Union","T-64BV","destroyed","https://i.postimg.cc/15YP8yQG/467.png","2023-11-16",417,11425,1,"380-417114251","11/16/2023"
"12621","Ukraine","Soviet Union","T-64BV","destroyed","https://i.postimg.cc/15hWDxMQ/388.png","2023-11-16",417,11426,1,"380-417114261","11/16/2023"
"12622","Ukraine","Soviet Union","T-64BV","destroyed","https://postimg.cc/m1wCg20r","2023-11-16",417,11427,1,"380-417114271","11/16/2023"
"12623","Ukraine","Soviet Union","T-64BV","destroyed","https://i.postimg.cc/YqRKxCHL/4f8.png","2023-11-16",417,11428,1,"380-417114281","11/16/2023"
"12624","Ukraine","Soviet Union","T-64BV","destroyed","https://i.postimg.cc/Dw7LbFQz/f7.png","2023-11-16",417,11429,1,"380-417114291","11/16/2023"
"12625","Ukraine","Soviet Union","T-64BV","destroyed","https://i.postimg.cc/xTdfVcCD/57888.png","2023-11-16",417,11430,1,"380-417114301","11/16/2023"
"12626","Ukraine","Soviet Union","T-64BV","destroyed","https://i.postimg.cc/fLNrqgBC/64.jpg","2023-11-16",417,11431,1,"380-417114311","11/16/2023"
"12627","Ukraine","Soviet Union","T-64BV","destroyed","https://i.postimg.cc/fyK8zRsN/4448.png","2023-11-16",417,11432,1,"380-417114321","11/16/2023"
"12628","Ukraine","Soviet Union","T-64BV","destroyed","https://i.postimg.cc/prjPXPJ9/566.jpg","2023-11-16",417,11433,1,"380-417114331","11/16/2023"
"12629","Ukraine","Soviet Union","T-64BV","destroyed","https://i.postimg.cc/QNwyyn6n/433.png","2023-11-16",417,11434,1,"380-417114341","11/16/2023"
"12630","Ukraine","Soviet Union","T-64BV","destroyed","https://i.postimg.cc/2SV3vjL6/2480.png","2023-11-16",417,11435,1,"380-417114351","11/16/2023"
"12631","Ukraine","Soviet Union","T-64BV","destroyed","https://i.postimg.cc/HxJTB3XX/3.png","2023-11-16",417,11436,1,"380-417114361","11/16/2023"
"12632","Ukraine","Soviet Union","T-64BV","destroyed","https://i.postimg.cc/Z5qPwc6K/329.png","2023-11-16",417,11437,1,"380-417114371","11/16/2023"
"12633","Ukraine","Soviet Union","T-64BV","destroyed","https://twitter.com/UAWeapons/status/1521098647341043715","2023-11-16",417,11438,1,"380-417114381","11/16/2023"
"12634","Ukraine","Soviet Union","T-64BV","destroyed","https://postlmg.cc/cvsC9377","2023-11-16",417,11439,1,"380-417114391","11/16/2023"
"12635","Ukraine","Soviet Union","T-64BV","destroyed","https://i.postimg.cc/6QWpB0Bh/436.jpg","2023-11-16",417,11440,1,"380-417114401","11/16/2023"
"12636","Ukraine","Soviet Union","T-64BV","destroyed","https://i.postimg.cc/PJJcNT5T/5.png","2023-11-16",417,11441,1,"380-417114411","11/16/2023"
"12637","Ukraine","Soviet Union","T-64BV","destroyed","https://i.postimg.cc/tgnHYb2n/4431.png","2023-11-16",417,11442,1,"380-417114421","11/16/2023"
"12638","Ukraine","Soviet Union","T-64BV","destroyed","https://i.postimg.cc/kGb27KBJ/t1.png","2023-11-16",417,11443,1,"380-417114431","11/16/2023"
"12639","Ukraine","Soviet Union","T-64BV","destroyed","https://i.postimg.cc/xjcFVR3v/t1.png","2023-11-16",417,11444,1,"380-417114441","11/16/2023"
"12640","Ukraine","Soviet Union","T-64BV","destroyed","https://i.postimg.cc/x8f0b3Jf/f99.png","2023-11-16",417,11445,1,"380-417114451","11/16/2023"
"12641","Ukraine","Soviet Union","T-64BV","destroyed","https://i.postimg.cc/QNqTRbSk/437.png","2023-11-16",417,11446,1,"380-417114461","11/16/2023"
"12642","Ukraine","Soviet Union","T-64BV","destroyed","https://i.postimg.cc/ZKm1nP3H/2011-t64bv-destr-11-11-23.jpg","2023-11-16",417,11447,1,"380-417114471","11/16/2023"
"12643","Ukraine","Soviet Union","T-64BV","destroyed","https://i.postimg.cc/sfT5q0yc/2101.jpg","2023-11-16",417,11448,1,"380-417114481","11/16/2023"
"12644","Ukraine","Soviet Union","T-64BV","destroyed","https://i.postimg.cc/T1pRFTnS/r1.png","2023-11-16",417,11449,1,"380-417114491","11/16/2023"
"12645","Ukraine","Soviet Union","T-64BV","destroyed","https://i.postimg.cc/3w0fSRSV/f433.png","2023-11-16",417,11450,1,"380-417114501","11/16/2023"
"12646","Ukraine","Soviet Union","T-64BV","destroyed","https://i.postimg.cc/d3f4jcRw/332.png","2023-11-16",417,11451,1,"380-417114511","11/16/2023"
"12647","Ukraine","Soviet Union","T-64BV","destroyed","https://i.postimg.cc/RZ5F4Cnx/33211.png","2023-11-16",417,11452,1,"380-417114521","11/16/2023"
"12648","Ukraine","Soviet Union","T-64BV","destroyed","https://i.postimg.cc/4N4WpZ7X/2000-T-64-46.jpg","2023-11-16",417,11453,1,"380-417114531","11/16/2023"
"12649","Ukraine","Soviet Union","T-64BV","destroyed","https://i.postimg.cc/XqDcPG25/43f.png","2023-11-16",417,11454,1,"380-417114541","11/16/2023"
"12650","Ukraine","Soviet Union","T-64BV","destroyed","https://i.postimg.cc/ZYGNyNL4/2016-t64bv-destr-31-01-23.jpg","2023-11-16",417,11455,1,"380-417114551","11/16/2023"
"12651","Ukraine","Soviet Union","T-64BV","destroyed","https://i.postimg.cc/Hnr1mp5N/f45.png","2023-11-16",417,11456,1,"380-417114561","11/16/2023"
"12652","Ukraine","Soviet Union","T-64BV","destroyed","https://i.postimg.cc/jdgTvHMR/v8.png","2023-11-16",417,11457,1,"380-417114571","11/16/2023"
"12653","Ukraine","Soviet Union","T-64BV","destroyed","https://i.postimg.cc/PfS1c0GG/32d.png","2023-11-16",417,11458,1,"380-417114581","11/16/2023"
"12654","Ukraine","Soviet Union","T-64BV","destroyed","https://i.postimg.cc/pVSp1P3g/1d4.png","2023-11-16",417,11459,1,"380-417114591","11/16/2023"
"12655","Ukraine","Soviet Union","T-64BV","captured","https://i.postimg.cc/9MSNY0Yb/7j.png","2023-11-16",417,11460,3,"380-417114603","11/16/2023"
"12656","Ukraine","Soviet Union","T-64BV","destroyed","https://i.postimg.cc/9MSNY0Yb/7j.png","2023-11-16",417,11460,1,"380-417114601","11/16/2023"
"12657","Ukraine","Soviet Union","T-64BV","captured","https://i.postimg.cc/L8pWr96x/48.png","2023-11-16",417,11461,3,"380-417114613","11/16/2023"
"12658","Ukraine","Soviet Union","T-64BV","destroyed","https://i.postimg.cc/L8pWr96x/48.png","2023-11-16",417,11461,1,"380-417114611","11/16/2023"
"12659","Ukraine","Soviet Union","T-64BV","destroyed","https://i.postimg.cc/G291gYgG/t7.png","2023-11-16",417,11462,1,"380-417114621","11/16/2023"
"12660","Ukraine","Soviet Union","T-64BV","destroyed","https://i.postimg.cc/Vs3kp383/63.png","2023-11-16",417,11463,1,"380-417114631","11/16/2023"
"12661","Ukraine","Soviet Union","T-64BV","destroyed","https://postimg.cc/MMHB68H0","2023-11-16",417,11464,1,"380-417114641","11/16/2023"
"12662","Ukraine","Soviet Union","T-64BV","destroyed","https://twitter.com/UAWeapons/status/1569426437119123458","2023-11-16",417,1372,1,"380-41713721","11/16/2023"
"12663","Ukraine","Soviet Union","T-64BV","destroyed","https://i.postimg.cc/FRgG4nP8/6.png","2023-11-16",417,11465,1,"380-417114651","11/16/2023"
"12664","Ukraine","Soviet Union","T-64BV","destroyed","https://i.postimg.cc/4yfhPvLm/1000.jpg","2023-11-16",417,11466,1,"380-417114661","11/16/2023"
"12665","Ukraine","Soviet Union","T-64BV","destroyed","https://i.postimg.cc/x1Wv1Fcw/2022-09-28-UA-T-64-BV.jpg","2023-11-16",417,11467,1,"380-417114671","11/16/2023"
"12666","Ukraine","Soviet Union","T-64BV","destroyed","https://twitter.com/UAWeapons/status/1575440756449361923","2023-11-16",417,11468,1,"380-417114681","11/16/2023"
"12667","Ukraine","Soviet Union","T-64BV","destroyed","https://i.postimg.cc/bNdBsBtr/2000-t64bv.jpg","2023-11-16",417,11469,1,"380-417114691","11/16/2023"
"12668","Ukraine","Soviet Union","T-64BV","destroyed","https://i.postimg.cc/65WY63JV/T-64-BV-Izium.png","2023-11-16",417,11470,1,"380-417114701","11/16/2023"
"12669","Ukraine","Soviet Union","T-64BV","destroyed","https://twitter.com/UAWeapons/status/1576654734726864896","2023-11-16",417,11471,1,"380-417114711","11/16/2023"
"12670","Ukraine","Soviet Union","T-64BV","destroyed","https://postimg.cc/5Yv3h1Dg","2023-11-16",417,11472,1,"380-417114721","11/16/2023"
"12671","Ukraine","Soviet Union","T-64BV","destroyed","https://i.postimg.cc/KY1tRg4y/d2.png","2023-11-16",417,11473,1,"380-417114731","11/16/2023"
"12672","Ukraine","Soviet Union","T-64BV","destroyed","https://postimg.cc/KR4dW3JD","2023-11-16",417,11474,1,"380-417114741","11/16/2023"
"12673","Ukraine","Soviet Union","T-64BV","destroyed","https://i.postimg.cc/SKRkf9jS/vb6.png","2023-11-16",417,11475,1,"380-417114751","11/16/2023"
"12674","Ukraine","Soviet Union","T-64BV","destroyed","https://i.postimg.cc/c1TTzq8v/256.png","2023-11-16",417,11476,1,"380-417114761","11/16/2023"
"12675","Ukraine","Soviet Union","T-64BV","destroyed","https://i.postimg.cc/66RRjpYp/10-21-2022-UA-T-64-BV-destroyed.png","2023-11-16",417,11477,1,"380-417114771","11/16/2023"
"12676","Ukraine","Soviet Union","T-64BV","destroyed","https://i.postimg.cc/MZctWw5C/10-21-2022-UA-T-64-BV-2-destroyed.png","2023-11-16",417,11478,1,"380-417114781","11/16/2023"
"12677","Ukraine","Soviet Union","T-64BV","destroyed","https://i.postimg.cc/9MxKTpdG/45.png","2023-11-16",417,11479,1,"380-417114791","11/16/2023"
"12678","Ukraine","Soviet Union","T-64BV","destroyed","https://i.postimg.cc/6Qv1ymYj/355.png","2023-11-16",417,11480,1,"380-417114801","11/16/2023"
"12679","Ukraine","Soviet Union","T-64BV","destroyed","https://i.postimg.cc/hjbNmgLX/2005-t64bv-destr-30-04-23.jpg","2023-11-16",417,11481,1,"380-417114811","11/16/2023"
"12680","Ukraine","Soviet Union","T-64BV","destroyed","https://postlmg.cc/w3xBqYbD","2023-11-16",417,11482,1,"380-417114821","11/16/2023"
"12681","Ukraine","Soviet Union","T-64BV","destroyed","https://i.postimg.cc/wB75RgXK/487.png","2023-11-16",417,11483,1,"380-417114831","11/16/2023"
"12682","Ukraine","Soviet Union","T-64BV","destroyed","https://i.postimg.cc/vTPX4cLZ/2018-t64bv-destr-20-02-23.jpg","2023-11-16",417,11484,1,"380-417114841","11/16/2023"
"12683","Ukraine","Soviet Union","T-64BV","destroyed","https://i.postimg.cc/fycp5k4Y/2012-64-BV-destr-24-10-23.jpg","2023-11-16",417,11485,1,"380-417114851","11/16/2023"
"12684","Ukraine","Soviet Union","T-64BV","destroyed","https://i.postimg.cc/25hXnWZ5/2003-t64bv-destr-21-10.jpg","2023-11-16",417,11486,1,"380-417114861","11/16/2023"
"12685","Ukraine","Soviet Union","T-64BV","destroyed","https://i.postimg.cc/Dwq30zY7/1001-t80bv-destr.jpg","2023-11-16",417,11487,1,"380-417114871","11/16/2023"
"12686","Ukraine","Soviet Union","T-64BV","destroyed","https://postimg.cc/Tp07F3QV","2023-11-16",417,11488,1,"380-417114881","11/16/2023"
"12687","Ukraine","Soviet Union","T-64BV","destroyed","https://i.postimg.cc/nLR6vtd6/2022-05-25-UA-T-64-BV-destroyed.jpg","2023-11-16",417,11489,1,"380-417114891","11/16/2023"
"12688","Ukraine","Soviet Union","T-64BV","destroyed","https://i.postimg.cc/VNr6V1VC/UA-T-64-BV-destroyed.png","2023-11-16",417,11490,1,"380-417114901","11/16/2023"
"12689","Ukraine","Soviet Union","T-64BV","destroyed","https://i.postimg.cc/nrfxB4Rb/3f2.png","2023-11-16",417,11491,1,"380-417114911","11/16/2023"
"12690","Ukraine","Soviet Union","T-64BV","destroyed","https://i.postimg.cc/kXHDVcXN/587.png","2023-11-16",417,11492,1,"380-417114921","11/16/2023"
"12691","Ukraine","Soviet Union","T-64BV","destroyed","https://i.postimg.cc/zDxk2ZSG/558.png","2023-11-16",417,11493,1,"380-417114931","11/16/2023"
"12692","Ukraine","Soviet Union","T-64BV","destroyed","https://i.postimg.cc/Gts87Rhd/2013-t64bv-destr-31-05-22.jpg","2023-11-16",417,11494,1,"380-417114941","11/16/2023"
"12693","Ukraine","Soviet Union","T-64BV","destroyed","https://i.postimg.cc/zGjmGhTD/2022-04-07-UA-T-64-BV-destroyed-2.jpg","2023-11-16",417,11495,1,"380-417114951","11/16/2023"
"12694","Ukraine","Soviet Union","T-64BV","destroyed","https://i.postimg.cc/1XbP2JpJ/2016-T-64-BV-destr-28-03-22.jpg","2023-11-16",417,11496,1,"380-417114961","11/16/2023"
"12695","Ukraine","Soviet Union","T-64BV","destroyed","https://i.postimg.cc/sgdsJHf2/2017-T-64-BV-destr-07-04-22.jpg","2023-11-16",417,11497,1,"380-417114971","11/16/2023"
"12696","Ukraine","Soviet Union","T-64BV","destroyed","https://i.postimg.cc/NfrQmvcV/2018-T-64-BV-destr-07-04-22.jpg","2023-11-16",417,11498,1,"380-417114981","11/16/2023"
"12697","Ukraine","Soviet Union","T-64BV","destroyed","https://i.postimg.cc/FKGvN9yf/2019-T-64-BV-destr-07-04-22.jpg","2023-11-16",417,11499,1,"380-417114991","11/16/2023"
"12698","Ukraine","Soviet Union","T-64BV","destroyed","https://i.postimg.cc/FHymCb1V/2020-T-64-BV-destr-10-04-2022.jpg","2023-11-16",417,11500,1,"380-417115001","11/16/2023"
"12699","Ukraine","Soviet Union","T-64BV","destroyed","https://i.postimg.cc/g0GpCwZF/2021-T-64-BV-destr-16-04-22.jpg","2023-11-16",417,11501,1,"380-417115011","11/16/2023"
"12700","Ukraine","Soviet Union","T-64BV","destroyed","https://postlmg.cc/2bxt4232","2023-11-16",417,11502,1,"380-417115021","11/16/2023"
"12701","Ukraine","Soviet Union","T-64BV","destroyed","https://i.postimg.cc/tJnG3WLP/2023-T-64-BV-destr-28-04-22.jpg","2023-11-16",417,11503,1,"380-417115031","11/16/2023"
"12702","Ukraine","Soviet Union","T-64BV","destroyed","https://i.postimg.cc/DZZTzt6x/2024-T-64-BV-destr-10-05-22.jpg","2023-11-16",417,11504,1,"380-417115041","11/16/2023"
"12703","Ukraine","Soviet Union","T-64BV","destroyed","https://i.postimg.cc/6TsJYTXP/2025-T-64-BV-destr-14-05-22.jpg","2023-11-16",417,11505,1,"380-417115051","11/16/2023"
"12704","Ukraine","Soviet Union","T-64BV","destroyed","https://i.postimg.cc/Fsc7mL77/2026-T-64-BV-destr-14-05-22.jpg","2023-11-16",417,11506,1,"380-417115061","11/16/2023"
"12705","Ukraine","Soviet Union","T-64BV","destroyed","https://i.postimg.cc/vZtTxw7y/2029-T-64-BV-destr-15-05-22.jpg","2023-11-16",417,11507,1,"380-417115071","11/16/2023"
"12706","Ukraine","Soviet Union","T-64BV","destroyed","https://i.postimg.cc/nLVzvSTD/2030-T-64-BV-destr-15-05-22.jpg","2023-11-16",417,11508,1,"380-417115081","11/16/2023"
"12707","Ukraine","Soviet Union","T-64BV","destroyed","https://i.postimg.cc/XYbXvYCx/2031-T-64-BV-destr-15-05-22.jpg","2023-11-16",417,11509,1,"380-417115091","11/16/2023"
"12708","Ukraine","Soviet Union","T-64BV","destroyed","https://i.postimg.cc/vmPmX7SS/2032-T-64-BV-destr-15-05-22.jpg","2023-11-16",417,11510,1,"380-417115101","11/16/2023"
"12709","Ukraine","Soviet Union","T-64BV","destroyed","https://i.postimg.cc/HxVkNJqW/2033-T-64-BV-destr-15-05-22.jpg","2023-11-16",417,11511,1,"380-417115111","11/16/2023"
"12710","Ukraine","Soviet Union","T-64BV","destroyed","https://i.postimg.cc/KjTvZ6cd/2034-T-64-BV-destr-28-05-22.jpg","2023-11-16",417,11512,1,"380-417115121","11/16/2023"
"12711","Ukraine","Soviet Union","T-64BV","destroyed","https://i.postimg.cc/j5mSYxTH/2035-T-64-BV-destr-31-05-22.jpg","2023-11-16",417,11513,1,"380-417115131","11/16/2023"
"12712","Ukraine","Soviet Union","T-64BV","destroyed","https://i.postimg.cc/ht6yvQMw/4f27.png","2023-11-16",417,11514,1,"380-417115141","11/16/2023"
"12713","Ukraine","Soviet Union","T-64BV","destroyed","https://i.postimg.cc/fyrtsPvz/2003-t64bv-destr-20-04-23.jpg","2023-11-16",417,11515,1,"380-417115151","11/16/2023"
"12714","Ukraine","Soviet Union","T-64BV","destroyed","https://i.postimg.cc/65d5FxmZ/2038-T-64-BV-destr-05-09-22.jpg","2023-11-16",417,11516,1,"380-417115161","11/16/2023"
"12715","Ukraine","Soviet Union","T-64BV","destroyed","https://i.postimg.cc/y8sYHpMb/2039-T-64-BV-destr-04-11-22.jpg","2023-11-16",417,11517,1,"380-417115171","11/16/2023"
"12716","Ukraine","Soviet Union","T-64BV","destroyed","https://i.postimg.cc/66kfmNfJ/2006-t64bv-destr.jpg","2023-11-16",417,11518,1,"380-417115181","11/16/2023"
"12717","Ukraine","Soviet Union","T-64BV","destroyed","https://i.postimg.cc/gJ6RdZq5/6.png","2023-11-16",417,11519,1,"380-417115191","11/16/2023"
"12718","Ukraine","Soviet Union","T-64BV","destroyed","https://i.postimg.cc/PJJ2hwDg/2007-t64bv-destr-30-10-22.jpg","2023-11-16",417,11520,1,"380-417115201","11/16/2023"
"12719","Ukraine","Soviet Union","T-64BV","destroyed","https://i.postimg.cc/QNm7scRB/2001-t64bv-destr-28-01-23.jpg","2023-11-16",417,11521,1,"380-417115211","11/16/2023"
"12720","Ukraine","Soviet Union","T-64BV","destroyed","https://i.postimg.cc/MpTywrkc/2003-t64bv-destr.jpg","2023-11-16",417,11522,1,"380-417115221","11/16/2023"
"12721","Ukraine","Soviet Union","T-64BV","destroyed","https://i.postimg.cc/FFj0f668/2001-t64bv-destr-17-02-23.jpg","2023-11-16",417,11523,1,"380-417115231","11/16/2023"
"12722","Ukraine","Soviet Union","T-64BV","destroyed","https://twitter.com/UAWeapons/status/1629461228266434560","2023-11-16",417,11524,1,"380-417115241","11/16/2023"
"12723","Ukraine","Soviet Union","T-64BV","destroyed","https://i.postimg.cc/433x4rT7/2003-t64bv-destr-18-03-23.jpg","2023-11-16",417,11525,1,"380-417115251","11/16/2023"
"12724","Ukraine","Soviet Union","T-64BV","destroyed","https://i.postimg.cc/fWCkgC2B/43f.png","2023-11-16",417,11526,1,"380-417115261","11/16/2023"
"12725","Ukraine","Soviet Union","T-64BV","destroyed","https://i.postimg.cc/x1wBD4ZJ/ft.png","2023-11-16",417,11527,1,"380-417115271","11/16/2023"
"12726","Ukraine","Soviet Union","T-64BV","destroyed","https://i.postimg.cc/j5x9spKc/313.png","2023-11-16",417,11528,1,"380-417115281","11/16/2023"
"12727","Ukraine","Soviet Union","T-64BV","destroyed","https://i.postimg.cc/HLvZgBW8/32g.png","2023-11-16",417,11529,1,"380-417115291","11/16/2023"
"12728","Ukraine","Soviet Union","T-64BV","destroyed","https://i.postimg.cc/3w1WB5nd/2011-T-64-BV-destr-31-08-23.jpg","2023-11-16",417,11530,1,"380-417115301","11/16/2023"
"12729","Ukraine","Soviet Union","T-64BV","destroyed","https://i.postimg.cc/rFQM70Gm/339.png","2023-11-16",417,11531,1,"380-417115311","11/16/2023"
"12730","Ukraine","Soviet Union","T-64BV","destroyed","https://i.postimg.cc/59XLV9py/2006-t64bv-destr-30-11-22.jpg","2023-11-16",417,11532,1,"380-417115321","11/16/2023"
"12731","Ukraine","Soviet Union","T-64BV","destroyed","https://i.postimg.cc/nVN7c8wk/2010-t64bv-destr-26-04-23.jpg","2023-11-16",417,11533,1,"380-417115331","11/16/2023"
"12732","Ukraine","Soviet Union","T-64BV","destroyed","https://i.postimg.cc/0y0Jfz5W/2023-t64bv-destr-27-04-23.jpg","2023-11-16",417,11534,1,"380-417115341","11/16/2023"
"12733","Ukraine","Soviet Union","T-64BV","destroyed","https://i.postimg.cc/GhVpKTyB/2018-t64bv-destr-08-05-23.jpg","2023-11-16",417,11535,1,"380-417115351","11/16/2023"
"12734","Ukraine","Soviet Union","T-64BV","destroyed","https://i.postimg.cc/6622LgVS/2007-t64bv-destr-31-03-22.jpg","2023-11-16",417,11536,1,"380-417115361","11/16/2023"
"12735","Ukraine","Soviet Union","T-64BV","destroyed","https://i.postimg.cc/qqPq8Btx/2014-t64bv-destr-30-07-22.jpg","2023-11-16",417,11537,1,"380-417115371","11/16/2023"
"12736","Ukraine","Soviet Union","T-64BV","destroyed","https://i.postimg.cc/XJm796ty/2003-T-64-BV-destr-31-03-22.jpg","2023-11-16",417,11538,1,"380-417115381","11/16/2023"
"12737","Ukraine","Soviet Union","T-64BV","destroyed","https://i.postimg.cc/RV6MkPhK/2017-T-64-BV-destr-31-10-22.jpg","2023-11-16",417,11539,1,"380-417115391","11/16/2023"
"12738","Ukraine","Soviet Union","T-64BV","destroyed","https://i.postimg.cc/X7RV4wBh/2018-T-64-BV-destr-31-10-22.jpg","2023-11-16",417,11540,1,"380-417115401","11/16/2023"
"12739","Ukraine","Soviet Union","T-64BV","destroyed","https://i.postimg.cc/RZwvFNc0/2022-T-64-BV-destr-30-08-22.jpg","2023-11-16",417,11541,1,"380-417115411","11/16/2023"
"12740","Ukraine","Soviet Union","T-64BV","destroyed","https://i.postimg.cc/DynjnP3b/2006-T-64-BV-destr-22-10-22.jpg","2023-11-16",417,11542,1,"380-417115421","11/16/2023"
"12741","Ukraine","Soviet Union","T-64BV","destroyed","https://i.postimg.cc/Bbcm2XH6/2009-T-64bv-destr-30-03-23.jpg","2023-11-16",417,11543,1,"380-417115431","11/16/2023"
"12742","Ukraine","Soviet Union","T-64BV","destroyed","https://i.postimg.cc/wBCKHx29/2051-t64bv-destr-08-06-23.jpg","2023-11-16",417,11544,1,"380-417115441","11/16/2023"
"12743","Ukraine","Soviet Union","T-64BV","destroyed","https://i.postimg.cc/j5B6PBms/2016-64-BV-destr-30-10-23.jpg","2023-11-16",417,11545,1,"380-417115451","11/16/2023"
"12744","Ukraine","Soviet Union","T-64BV","destroyed","https://i.postimg.cc/1zQ6QNjm/2028-t64bv-destr-11-06-23.jpg","2023-11-16",417,11546,1,"380-417115461","11/16/2023"
"12745","Ukraine","Soviet Union","T-64BV","destroyed","https://i.postimg.cc/yNyRYYMF/2029-t64bv-destr-11-06-23.jpg","2023-11-16",417,11547,1,"380-417115471","11/16/2023"
"12746","Ukraine","Soviet Union","T-64BV","destroyed","https://i.postimg.cc/PxfwLnH0/2040-t64bv-destr-12-06-23.jpg","2023-11-16",417,11548,1,"380-417115481","11/16/2023"
"12747","Ukraine","Soviet Union","T-64BV","destroyed","https://i.postimg.cc/YqWx8WLL/2020-t64bv-destr-07-07-23.jpg","2023-11-16",417,11549,1,"380-417115491","11/16/2023"
"12748","Ukraine","Soviet Union","T-64BV","destroyed","https://i.postimg.cc/GpRnxJFc/2008-t64bv-destr-31-05-22.jpg","2023-11-16",417,11550,1,"380-417115501","11/16/2023"
"12749","Ukraine","Soviet Union","T-64BV","destroyed","https://i.postimg.cc/NMbYGLPV/2003-t64bv-destr-09-07-23.jpg","2023-11-16",417,11551,1,"380-417115511","11/16/2023"
"12750","Ukraine","Soviet Union","T-64BV","destroyed","https://i.postimg.cc/vmFG3JVP/2004-t64bv-destr-10-07-23.jpg","2023-11-16",417,11552,1,"380-417115521","11/16/2023"
"12751","Ukraine","Soviet Union","T-64BV","destroyed","https://i.postimg.cc/g2gVzLtx/2010-t64bv-destr-26-07-23.jpg","2023-11-16",417,11553,1,"380-417115531","11/16/2023"
"12752","Ukraine","Soviet Union","T-64BV","destroyed","https://i.postimg.cc/15d6hNmy/2013-t64bv-destr-31-10-22.jpg","2023-11-16",417,11554,1,"380-417115541","11/16/2023"
"12753","Ukraine","Soviet Union","T-64BV","destroyed","https://i.postimg.cc/L6329W1b/2013-64-BV-destr-11-08-23.jpg","2023-11-16",417,11555,1,"380-417115551","11/16/2023"
"12754","Ukraine","Soviet Union","T-64BV","destroyed","https://i.postimg.cc/vBwSvqdX/2007-T-64-BV-destr-21-07-23.jpg","2023-11-16",417,11556,1,"380-417115561","11/16/2023"
"12755","Ukraine","Soviet Union","T-64BV","destroyed","https://i.postimg.cc/vmVNfRCc/2008-T-64-BV-destr-21-07-23.jpg","2023-11-16",417,11557,1,"380-417115571","11/16/2023"
"12756","Ukraine","Soviet Union","T-64BV","destroyed","https://i.postimg.cc/8kYJJ5KJ/2001-t64bv-destr-23-08-23.jpg","2023-11-16",417,11558,1,"380-417115581","11/16/2023"
"12757","Ukraine","Soviet Union","T-64BV","destroyed","https://i.postimg.cc/GpmmFqL7/2000-T-64-BV-destr-29-05-22.jpg","2023-11-16",417,11559,1,"380-417115591","11/16/2023"
"12758","Ukraine","Soviet Union","T-64BV","destroyed","https://i.postimg.cc/R0Fv9JtW/2029-t64nb-destr-31-07-23.jpg","2023-11-16",417,11560,1,"380-417115601","11/16/2023"
"12759","Ukraine","Soviet Union","T-64BV","destroyed","https://i.postimg.cc/vTpLkGFM/2003-T-64-BV-destr-09-10-23.jpg","2023-11-16",417,11561,1,"380-417115611","11/16/2023"
"12760","Ukraine","Soviet Union","T-64BV","destroyed","https://i.postimg.cc/dV43tSCG/2011-64-BV-destr-13-10-23.jpg","2023-11-16",417,11562,1,"380-417115621","11/16/2023"
"12761","Ukraine","Soviet Union","T-64BV","destroyed","https://i.postimg.cc/FRGZdFj3/2012-T-64-BV-destr-19-10-23.jpg","2023-11-16",417,11563,1,"380-417115631","11/16/2023"
"12762","Ukraine","Soviet Union","T-64BV","destroyed","https://i.postimg.cc/JhY4PZt1/2017-Unknown-tank-destr-30-09-23.jpg","2023-11-16",417,11564,1,"380-417115641","11/16/2023"
"12763","Ukraine","Soviet Union","T-64BV","destroyed","https://i.postimg.cc/VvcT2H86/2007-t64bv-destr-23-10-23.jpg","2023-11-16",417,11565,1,"380-417115651","11/16/2023"
"12764","Ukraine","Soviet Union","T-64BV","destroyed","https://i.postimg.cc/yN50dJkT/2007-T-64-BV-destr-24-10-23.jpg","2023-11-16",417,11566,1,"380-417115661","11/16/2023"
"12765","Ukraine","Soviet Union","T-64BV","destroyed","https://i.postimg.cc/5tjwb5N0/2001-T-64-BV-destr-22-10-23.jpg","2023-11-16",417,11567,1,"380-417115671","11/16/2023"
"12766","Ukraine","Soviet Union","T-64BV","destroyed","https://i.postimg.cc/Sx4rZFsR/2007-T-64-BV-destr-31-08-23.jpg","2023-11-16",417,11568,1,"380-417115681","11/16/2023"
"12767","Ukraine","Soviet Union","T-64BV","damaged","https://twitter.com/UAWeapons/status/1522308548440563715","2023-11-16",417,11569,2,"380-417115692","11/16/2023"
"12768","Ukraine","Soviet Union","T-64BV","damaged","https://i.postimg.cc/DwwCthLG/322.jpg","2023-11-16",417,11570,2,"380-417115702","11/16/2023"
"12769","Ukraine","Soviet Union","T-64BV","damaged","https://twitter.com/UAWeapons/status/1537541023018139650","2023-11-16",417,11571,2,"380-417115712","11/16/2023"
"12770","Ukraine","Soviet Union","T-64BV","damaged","https://i.postimg.cc/ZYXkj8vp/2006-t64bv-dam.jpg","2023-11-16",417,11572,2,"380-417115722","11/16/2023"
"12771","Ukraine","Soviet Union","T-64BV","damaged","https://twitter.com/UAWeapons/status/1583037751460446208","2023-11-16",417,11573,2,"380-417115732","11/16/2023"
"12772","Ukraine","Soviet Union","T-64BV","damaged","https://i.postimg.cc/qRZ2wyt0/2001-t64bv-dam.jpg","2023-11-16",417,11574,2,"380-417115742","11/16/2023"
"12773","Ukraine","Soviet Union","T-64BV","damaged","https://i.postimg.cc/k5m1QQ2y/dd3.png","2023-11-16",417,11575,2,"380-417115752","11/16/2023"
"12774","Ukraine","Soviet Union","T-64BV","damaged","https://i.postimg.cc/CM7WXCV9/2002-t64bv-destr.jpg","2023-11-16",417,11576,2,"380-417115762","11/16/2023"
"12775","Ukraine","Soviet Union","T-64BV","damaged","https://i.postimg.cc/zfkzvwrG/2012-T-64-BV-dam-07-04-22.jpg","2023-11-16",417,11577,2,"380-417115772","11/16/2023"
"12776","Ukraine","Soviet Union","T-64BV","damaged","https://i.postimg.cc/yxDsLwSD/2013-T-64-BV-dam-24-08-22.jpg","2023-11-16",417,11578,2,"380-417115782","11/16/2023"
"12777","Ukraine","Soviet Union","T-64BV","damaged","https://i.postimg.cc/k5X065yQ/2022-05-25-UA-T-64-BV-damaged.jpg","2023-11-16",417,11579,2,"380-417115792","11/16/2023"
"12778","Ukraine","Soviet Union","T-64BV","damaged","https://i.postimg.cc/pVhYYtmR/2002-t64bv-dam.jpg","2023-11-16",417,11580,2,"380-417115802","11/16/2023"
"12779","Ukraine","Soviet Union","T-64BV","damaged","https://i.postimg.cc/J72xkcTH/2006-t64bv-dam-11-01-23.jpg","2023-11-16",417,11581,2,"380-417115812","11/16/2023"
"12780","Ukraine","Soviet Union","T-64BV","damaged","https://i.postimg.cc/hG51r78Y/2005-t64bv-dam-16-02-23.jpg","2023-11-16",417,11582,2,"380-417115822","11/16/2023"
"12781","Ukraine","Soviet Union","T-64BV","damaged","https://i.postimg.cc/x8ymWkHn/2014-t64bv-dam-17-02-23.jpg","2023-11-16",417,11583,2,"380-417115832","11/16/2023"
"12782","Ukraine","Soviet Union","T-64BV","damaged","https://i.postimg.cc/Y0cfcKsf/2011-t64bm-dam-17-02-23.jpg","2023-11-16",417,11584,2,"380-417115842","11/16/2023"
"12783","Ukraine","Soviet Union","T-64BV","damaged","https://i.postimg.cc/3NBZdzQ0/2014-t64bv-dam-06-06-23.jpg","2023-11-16",417,11585,2,"380-417115852","11/16/2023"
"12784","Ukraine","Soviet Union","T-64BV","damaged","https://i.postimg.cc/Qd0zpVfy/2004-t64bv-dam-17-06-23.jpg","2023-11-16",417,11586,2,"380-417115862","11/16/2023"
"12785","Ukraine","Soviet Union","T-64BV","damaged","https://i.postimg.cc/mg7mxrTF/2017-t64bv-dam-11-06-23.jpg","2023-11-16",417,11587,2,"380-417115872","11/16/2023"
"12786","Ukraine","Soviet Union","T-64BV","damaged","https://i.postimg.cc/MK1brJ5f/2011-t64bv-dam-30-05-23.jpg","2023-11-16",417,11588,2,"380-417115882","11/16/2023"
"12787","Ukraine","Soviet Union","T-64BV","damaged","https://i.postimg.cc/nLvjwsBj/2012-t64bv-dam-18-08-23.jpg","2023-11-16",417,11589,2,"380-417115892","11/16/2023"
"12788","Ukraine","Soviet Union","T-64BV","damaged","https://i.postimg.cc/DfN6zvrs/332d0.png","2023-11-16",417,11590,2,"380-417115902","11/16/2023"
"12789","Ukraine","Soviet Union","T-64BV","damaged","https://twitter.com/UAWeapons/status/1698955326496592140","2023-11-16",417,11591,2,"380-417115912","11/16/2023"
"12790","Ukraine","Soviet Union","T-64BV","damaged","https://i.postimg.cc/ydJ65xS0/2016-T-64-BV-dam-30-09-23.jpg","2023-11-16",417,11592,2,"380-417115922","11/16/2023"
"12791","Ukraine","Soviet Union","T-64BV","damaged","https://i.postimg.cc/nV6TDQfv/2017-64-BV-dam-30-10-23.jpg","2023-11-16",417,11593,2,"380-417115932","11/16/2023"
"12792","Ukraine","Soviet Union","T-64BV","abandoned","https://i.postimg.cc/kg4sTNNq/541.png","2023-11-16",417,11594,4,"380-417115944","11/16/2023"
"12793","Ukraine","Soviet Union","T-64BV","abandoned","https://i.postimg.cc/262ScQcK/2005-T-64-BV-aband-16-05-22.jpg","2023-11-16",417,11595,4,"380-417115954","11/16/2023"
"12794","Ukraine","Soviet Union","T-64BV","abandoned","https://i.postimg.cc/4NrNSNPs/2006-T-64-BV-aband-15-06-22.jpg","2023-11-16",417,11596,4,"380-417115964","11/16/2023"
"12795","Ukraine","Soviet Union","T-64BV","damaged","https://i.postimg.cc/j54fjhbp/2007-t64bv-dam-aband.jpg","2023-11-16",417,11597,2,"380-417115972","11/16/2023"
"12796","Ukraine","Soviet Union","T-64BV","abandoned","https://i.postimg.cc/j54fjhbp/2007-t64bv-dam-aband.jpg","2023-11-16",417,11597,4,"380-417115974","11/16/2023"
"12797","Ukraine","Soviet Union","T-64BV","damaged","https://i.postimg.cc/Z0zJK4pz/2007-t64bv2017-dam-aband-31-01-23.jpg","2023-11-16",417,11598,2,"380-417115982","11/16/2023"
"12798","Ukraine","Soviet Union","T-64BV","abandoned","https://i.postimg.cc/Z0zJK4pz/2007-t64bv2017-dam-aband-31-01-23.jpg","2023-11-16",417,11598,4,"380-417115984","11/16/2023"
"12799","Ukraine","Soviet Union","T-64BV","damaged","https://twitter.com/UAWeapons/status/1653828968628224000","2023-11-16",417,11599,2,"380-417115992","11/16/2023"
"12800","Ukraine","Soviet Union","T-64BV","abandoned","https://twitter.com/UAWeapons/status/1653828968628224000","2023-11-16",417,11599,4,"380-417115994","11/16/2023"
"12801","Ukraine","Soviet Union","T-64BV","damaged","https://i.postimg.cc/PfvqTN8b/2007-t64bv-dam-aband-30-05-23.jpg","2023-11-16",417,11600,2,"380-417116002","11/16/2023"
"12802","Ukraine","Soviet Union","T-64BV","abandoned","https://i.postimg.cc/PfvqTN8b/2007-t64bv-dam-aband-30-05-23.jpg","2023-11-16",417,11600,4,"380-417116004","11/16/2023"
"12803","Ukraine","Soviet Union","T-64BV","damaged","https://i.postimg.cc/gJf8Ng6K/2013-2x-t64bv-and-2x-bmp2-dam-aband-21-07-23.jpg","2023-11-16",417,11601,2,"380-417116012","11/16/2023"
"12804","Ukraine","Soviet Union","T-64BV","abandoned","https://i.postimg.cc/gJf8Ng6K/2013-2x-t64bv-and-2x-bmp2-dam-aband-21-07-23.jpg","2023-11-16",417,11601,4,"380-417116014","11/16/2023"
"12805","Ukraine","Soviet Union","T-64BV","damaged","https://i.postimg.cc/6QWhgDnj/j8.png","2023-11-16",417,11602,2,"380-417116022","11/16/2023"
"12806","Ukraine","Soviet Union","T-64BV","captured","https://i.postimg.cc/6QWhgDnj/j8.png","2023-11-16",417,11602,3,"380-417116023","11/16/2023"
"12807","Ukraine","Soviet Union","T-64BV","captured","https://i.postimg.cc/dthvvsRH/2029-t64bv-capt-10-07-23.jpg","2023-11-16",417,11603,3,"380-417116033","11/16/2023"
"12808","Ukraine","Soviet Union","T-64BV","damaged","https://i.postimg.cc/dV7Vd1MB/69.png","2023-11-16",417,11604,2,"380-417116042","11/16/2023"
"12809","Ukraine","Soviet Union","T-64BV","captured","https://i.postimg.cc/dV7Vd1MB/69.png","2023-11-16",417,11604,3,"380-417116043","11/16/2023"
"12810","Ukraine","Soviet Union","T-64BV","captured","https://i.postimg.cc/nL9rTN9h/r134.png","2023-11-16",417,11605,3,"380-417116053","11/16/2023"
"12811","Ukraine","Soviet Union","T-64BV","captured","https://i.postimg.cc/3Rpyrz3c/r133.png","2023-11-16",417,11606,3,"380-417116063","11/16/2023"
"12812","Ukraine","Soviet Union","T-64BV","captured","https://i.postimg.cc/2y3ZvYBj/447.png","2023-11-16",417,11607,3,"380-417116073","11/16/2023"
"12813","Ukraine","Soviet Union","T-64BV","captured","https://i.postimg.cc/zfNNVNvJ/68j.png","2023-11-16",417,11608,3,"380-417116083","11/16/2023"
"12814","Ukraine","Soviet Union","T-64BV","captured","https://i.postimg.cc/0jpxNpJv/43177.png","2023-11-16",417,11609,3,"380-417116093","11/16/2023"
"12815","Ukraine","Soviet Union","T-64BV","captured","https://i.postimg.cc/3J251m83/38.png","2023-11-16",417,11610,3,"380-417116103","11/16/2023"
"12816","Ukraine","Soviet Union","T-64BV","captured","https://i.postimg.cc/YS1Yrpw6/63.png","2023-11-16",417,11611,3,"380-417116113","11/16/2023"
"12817","Ukraine","Soviet Union","T-64BV","captured","https://i.postimg.cc/zfLHhQLW/dg.png","2023-11-16",417,11612,3,"380-417116123","11/16/2023"
"12818","Ukraine","Soviet Union","T-64BV","captured","https://postlmg.cc/56yhT3pX","2023-11-16",417,11613,3,"380-417116133","11/16/2023"
"12819","Ukraine","Soviet Union","T-64BV","captured","https://i.postimg.cc/yYz8m2XT/876.png","2023-11-16",417,11614,3,"380-417116143","11/16/2023"
"12820","Ukraine","Soviet Union","T-64BV","captured","https://i.postimg.cc/BQjyj4bG/488.png","2023-11-16",417,11615,3,"380-417116153","11/16/2023"
"12821","Ukraine","Soviet Union","T-64BV","captured","https://i.postimg.cc/W1WwgJHW/86.png","2023-11-16",417,11616,3,"380-417116163","11/16/2023"
"12822","Ukraine","Soviet Union","T-64BV","captured","https://i.postimg.cc/gjpfPnRp/5j.png","2023-11-16",417,11617,3,"380-417116173","11/16/2023"
"12823","Ukraine","Soviet Union","T-64BV","damaged","https://i.postimg.cc/2yzx54QH/5542.png","2023-11-16",417,11618,2,"380-417116182","11/16/2023"
"12824","Ukraine","Soviet Union","T-64BV","captured","https://i.postimg.cc/2yzx54QH/5542.png","2023-11-16",417,11618,3,"380-417116183","11/16/2023"
"12825","Ukraine","Soviet Union","T-64BV","captured","https://i.postimg.cc/cCFqFNny/657.png","2023-11-16",417,11619,3,"380-417116193","11/16/2023"
"12826","Ukraine","Soviet Union","T-64BV","captured","https://postlmg.cc/CdNtfvt1","2023-11-16",417,11620,3,"380-417116203","11/16/2023"
"12827","Ukraine","Soviet Union","T-64BV","captured","https://i.postimg.cc/8Pp9dbcf/b22.jpg","2023-11-16",417,11621,3,"380-417116213","11/16/2023"
"12828","Ukraine","Soviet Union","T-64BV","captured","https://i.postimg.cc/QdVzwxpX/b1.jpg","2023-11-16",417,11622,3,"380-417116223","11/16/2023"
"12829","Ukraine","Soviet Union","T-64BV","captured","https://i.postimg.cc/6QbtWYWJ/446.png","2023-11-16",417,11623,3,"380-417116233","11/16/2023"
"12830","Ukraine","Soviet Union","T-64BV","captured","https://i.postimg.cc/zvptnPV0/468.png","2023-11-16",417,11624,3,"380-417116243","11/16/2023"
"12831","Ukraine","Soviet Union","T-64BV","captured","https://i.postimg.cc/V6mxyh0W/499.png","2023-11-16",417,11625,3,"380-417116253","11/16/2023"
"12832","Ukraine","Soviet Union","T-64BV","captured","https://i.postimg.cc/qqYpK8YH/d7.jpg","2023-11-16",417,11626,3,"380-417116263","11/16/2023"
"12833","Ukraine","Soviet Union","T-64BV","captured","https://i.postimg.cc/d1Tdz9Vt/133.png","2023-11-16",417,11627,3,"380-417116273","11/16/2023"
"12834","Ukraine","Soviet Union","T-64BV","captured","https://i.postimg.cc/RVmydn25/15.png","2023-11-16",417,11628,3,"380-417116283","11/16/2023"
"12835","Ukraine","Soviet Union","T-64BV","captured","https://i.postimg.cc/DfC3hYw7/35.png","2023-11-16",417,11629,3,"380-417116293","11/16/2023"
"12836","Ukraine","Soviet Union","T-64BV","captured","https://i.postimg.cc/7Pg2zKcj/6880.png","2023-11-16",417,11630,3,"380-417116303","11/16/2023"
"12837","Ukraine","Soviet Union","T-64BV","captured","https://postimg.cc/xXWqBXhb","2023-11-16",417,11631,3,"380-417116313","11/16/2023"
"12838","Ukraine","Soviet Union","T-64BV","captured","https://i.postimg.cc/76xvHkhf/f467.png","2023-11-16",417,11632,3,"380-417116323","11/16/2023"
"12839","Ukraine","Soviet Union","T-64BV","captured","https://i.postimg.cc/2yh1TrML/2000.jpg","2023-11-16",417,11633,3,"380-417116333","11/16/2023"
"12840","Ukraine","Soviet Union","T-64BV","captured","https://i.postimg.cc/WzKkTv85/4433.png","2023-11-16",417,11634,3,"380-417116343","11/16/2023"
"12841","Ukraine","Soviet Union","T-64BV","captured","https://twitter.com/UAWeapons/status/1545899307802365953","2023-11-16",417,11635,3,"380-417116353","11/16/2023"
"12842","Ukraine","Soviet Union","T-64BV","captured","https://twitter.com/UAWeapons/status/1545899329633898496","2023-11-16",417,11636,3,"380-417116363","11/16/2023"
"12843","Ukraine","Soviet Union","T-64BV","captured","https://i.postimg.cc/KjMXXVdQ/65300.png","2023-11-16",417,11637,3,"380-417116373","11/16/2023"
"12844","Ukraine","Soviet Union","T-64BV","captured","https://i.postimg.cc/1Xj69nby/316.png","2023-11-16",417,11638,3,"380-417116383","11/16/2023"
"12845","Ukraine","Soviet Union","T-64BV","captured","https://i.postimg.cc/9fjZRhmN/t2.png","2023-11-16",417,11639,3,"380-417116393","11/16/2023"
"12846","Ukraine","Soviet Union","T-64BV","captured","https://i.postimg.cc/6pZCp3Xv/t1.png","2023-11-16",417,11640,3,"380-417116403","11/16/2023"
"12847","Ukraine","Soviet Union","T-64BV","captured","https://twitter.com/RALee85/status/1558887657324875777","2023-11-16",417,11641,3,"380-417116413","11/16/2023"
"12848","Ukraine","Soviet Union","T-64BV","captured","https://i.postimg.cc/1Xf6NdyB/f4.png","2023-11-16",417,11642,3,"380-417116423","11/16/2023"
"12849","Ukraine","Soviet Union","T-64BV","captured","https://i.postimg.cc/XqS9FJwj/2001-t64bv.jpg","2023-11-16",417,11643,3,"380-417116433","11/16/2023"
"12850","Ukraine","Soviet Union","T-64BV","captured","https://i.postimg.cc/xC5PJs9c/486.png","2023-11-16",417,11644,3,"380-417116443","11/16/2023"
"12851","Ukraine","Soviet Union","T-64BV","captured","https://postimg.cc/w7DpP5bY","2023-11-16",417,11645,3,"380-417116453","11/16/2023"
"12852","Ukraine","Soviet Union","T-64BV","captured","https://twitter.com/UAWeapons/status/1583805930461794306","2023-11-16",417,11646,3,"380-417116463","11/16/2023"
"12853","Ukraine","Soviet Union","T-64BV","captured","https://twitter.com/UAWeapons/status/1597298042256125952","2023-11-16",417,11647,3,"380-417116473","11/16/2023"
"12854","Ukraine","Soviet Union","T-64BV","captured","https://i.postimg.cc/B6qvBYgF/2007-T-64-BV-capt-12-03-22.jpg","2023-11-16",417,11648,3,"380-417116483","11/16/2023"
"12855","Ukraine","Soviet Union","T-64BV","captured","https://i.postimg.cc/RhYV9Mz1/2008-T-64-BV-capt-20-03-22.jpg","2023-11-16",417,11649,3,"380-417116493","11/16/2023"
"12856","Ukraine","Soviet Union","T-64BV","captured","https://i.postimg.cc/6359v7WL/2010-T-64-BV-capt-28-03-22.jpg","2023-11-16",417,11650,3,"380-417116503","11/16/2023"
"12857","Ukraine","Soviet Union","T-64BV","captured","https://i.postimg.cc/vBKh2yVG/2016-t64bv-capt-04-02-23.jpg","2023-11-16",417,11651,3,"380-417116513","11/16/2023"
"12858","Ukraine","Ukraine","T-64BV Zr. 2017","destroyed","https://i.postimg.cc/gjqt7JQh/445.png","2023-11-16",418,11652,1,"380-418116521","11/16/2023"
"12859","Ukraine","Ukraine","T-64BV Zr. 2017","destroyed","https://i.postimg.cc/Vs7vQZSZ/316.png","2023-11-16",418,11653,1,"380-418116531","11/16/2023"
"12860","Ukraine","Ukraine","T-64BV Zr. 2017","destroyed","https://i.postimg.cc/zfsFJ69L/4318.png","2023-11-16",418,11654,1,"380-418116541","11/16/2023"
"12861","Ukraine","Ukraine","T-64BV Zr. 2017","destroyed","https://i.postimg.cc/kGMZ6sDS/5800.png","2023-11-16",418,11655,1,"380-418116551","11/16/2023"
"12862","Ukraine","Ukraine","T-64BV Zr. 2017","destroyed","https://i.postimg.cc/pdJks2vZ/478.png","2023-11-16",418,11656,1,"380-418116561","11/16/2023"
"12863","Ukraine","Ukraine","T-64BV Zr. 2017","destroyed","https://i.postimg.cc/dQpxYw9C/43.jpg","2023-11-16",418,11657,1,"380-418116571","11/16/2023"
"12864","Ukraine","Ukraine","T-64BV Zr. 2017","destroyed","https://i.postimg.cc/vHpYPGNQ/480.png","2023-11-16",418,11658,1,"380-418116581","11/16/2023"
"12865","Ukraine","Ukraine","T-64BV Zr. 2017","destroyed","https://i.postimg.cc/HkwhgSWw/d1g.png","2023-11-16",418,11659,1,"380-418116591","11/16/2023"
"12866","Ukraine","Ukraine","T-64BV Zr. 2017","destroyed","https://i.postimg.cc/QMzCS7rk/577.png","2023-11-16",418,11660,1,"380-418116601","11/16/2023"
"12867","Ukraine","Ukraine","T-64BV Zr. 2017","destroyed","https://i.postimg.cc/zB5nZsVd/2100.jpg","2023-11-16",418,11661,1,"380-418116611","11/16/2023"
"12868","Ukraine","Ukraine","T-64BV Zr. 2017","destroyed","https://i.postimg.cc/023D2MzK/2102.jpg","2023-11-16",418,11662,1,"380-418116621","11/16/2023"
"12869","Ukraine","Ukraine","T-64BV Zr. 2017","destroyed","https://i.postimg.cc/XJfhfrWd/3d7.png","2023-11-16",418,11663,1,"380-418116631","11/16/2023"
"12870","Ukraine","Ukraine","T-64BV Zr. 2017","destroyed","https://i.postimg.cc/N0CXKHQN/m90.png","2023-11-16",418,11664,1,"380-418116641","11/16/2023"
"12871","Ukraine","Ukraine","T-64BV Zr. 2017","destroyed","https://i.postimg.cc/fyQrfB6H/221.png","2023-11-16",418,11665,1,"380-418116651","11/16/2023"
"12872","Ukraine","Ukraine","T-64BV Zr. 2017","destroyed","https://postimg.cc/gL8dFh08","2023-11-16",418,11666,1,"380-418116661","11/16/2023"
"12873","Ukraine","Ukraine","T-64BV Zr. 2017","destroyed","https://i.postimg.cc/bNn2tsjG/2000-t64bv.jpg","2023-11-16",418,11667,1,"380-418116671","11/16/2023"
"12874","Ukraine","Ukraine","T-64BV Zr. 2017","destroyed","https://postimg.cc/s13sDJJj","2023-11-16",418,11668,1,"380-418116681","11/16/2023"
"12875","Ukraine","Ukraine","T-64BV Zr. 2017","destroyed","https://i.postimg.cc/SN923jFw/33250.png","2023-11-16",418,11669,1,"380-418116691","11/16/2023"
"12876","Ukraine","Ukraine","T-64BV Zr. 2017","destroyed","https://i.postimg.cc/g00zwXky/2042-T-64-BV-Zr-2017-destr-07-06-22.jpg","2023-11-16",418,11670,1,"380-418116701","11/16/2023"
"12877","Ukraine","Ukraine","T-64BV Zr. 2017","destroyed","https://i.postimg.cc/xCwnF6Gg/2043-T-64-BV-Zr-2017-destr-20-10-22.jpg","2023-11-16",418,11671,1,"380-418116711","11/16/2023"
"12878","Ukraine","Ukraine","T-64BV Zr. 2017","destroyed","https://i.postimg.cc/CLLGz9dm/2002-T-64-BV-Zr-2017-destr.jpg","2023-11-16",418,11672,1,"380-418116721","11/16/2023"
"12879","Ukraine","Ukraine","T-64BV Zr. 2017","destroyed","https://i.postimg.cc/FKrR44Bb/fvv.png","2023-11-16",418,11673,1,"380-418116731","11/16/2023"
"12880","Ukraine","Ukraine","T-64BV Zr. 2017","destroyed","https://i.postimg.cc/P54MYvVB/4443.png","2023-11-16",418,11674,1,"380-418116741","11/16/2023"
"12881","Ukraine","Ukraine","T-64BV Zr. 2017","destroyed","https://i.postimg.cc/Gm6WsdrD/558.png","2023-11-16",418,11675,1,"380-418116751","11/16/2023"
"12882","Ukraine","Ukraine","T-64BV Zr. 2017","destroyed","https://postimg.cc/8jbykpcn","2023-11-16",418,11676,1,"380-418116761","11/16/2023"
"12883","Ukraine","Ukraine","T-64BV Zr. 2017","destroyed","https://i.postimg.cc/XNsXBWc1/04-30-2022-T-64-BV-destroyed-Kherson-region.png","2023-11-16",418,11677,1,"380-418116771","11/16/2023"
"12884","Ukraine","Ukraine","T-64BV Zr. 2017","destroyed","https://i.postimg.cc/fy8SKhx7/2002-t64bv-destr2-28-01-23.jpg","2023-11-16",418,11678,1,"380-418116781","11/16/2023"
"12885","Ukraine","Ukraine","T-64BV Zr. 2017","destroyed","https://i.postimg.cc/2ymh0wGS/31.png","2023-11-16",418,11679,1,"380-418116791","11/16/2023"
"12886","Ukraine","Ukraine","T-64BV Zr. 2017","destroyed","https://i.postimg.cc/zGGXfSDK/387.png","2023-11-16",418,11680,1,"380-418116801","11/16/2023"
"12887","Ukraine","Ukraine","T-64BV Zr. 2017","destroyed","https://i.postimg.cc/jdVS8SZK/2037-T-64-BV-destr-08-08-22.jpg","2023-11-16",418,11681,1,"380-418116811","11/16/2023"
"12888","Ukraine","Ukraine","T-64BV Zr. 2017","destroyed","https://i.postimg.cc/KjLzZKQh/2046-t64bv2017-destr-14-05-23.jpg","2023-11-16",418,11682,1,"380-418116821","11/16/2023"
"12889","Ukraine","Ukraine","T-64BV Zr. 2017","destroyed","https://i.postimg.cc/fbbLZLYf/1048-t64bv2017-destr-22-05-23.jpg","2023-11-16",418,11683,1,"380-418116831","11/16/2023"
"12890","Ukraine","Ukraine","T-64BV Zr. 2017","destroyed","https://i.postimg.cc/sgCJJR5f/2008-T-64-BV-Zr-2017-destr-14-06-23.jpg","2023-11-16",418,11684,1,"380-418116841","11/16/2023"
"12891","Ukraine","Ukraine","T-64BV Zr. 2017","destroyed","https://i.postimg.cc/x8MH7LvV/2012-t64bv2017-destr-21-07-23.jpg","2023-11-16",418,11685,1,"380-418116851","11/16/2023"
"12892","Ukraine","Ukraine","T-64BV Zr. 2017","destroyed","https://i.postimg.cc/wv3QWt49/2001-t64bv-destr-20-07-23.jpg","2023-11-16",418,11686,1,"380-418116861","11/16/2023"
"12893","Ukraine","Ukraine","T-64BV Zr. 2017","destroyed","https://i.postimg.cc/Xv1XW6wq/2002-2x-BMP-1s-BMP-2-BMP-1-2-T-64-BV-Zr-2017-T-72-AV-Unkn-Vehicle-destr-31-07-23.jpg","2023-11-16",418,11687,1,"380-418116871","11/16/2023"
"12894","Ukraine","Ukraine","T-64BV Zr. 2017","destroyed","https://i.postimg.cc/K8mxQPpJ/2007-T-64-BV-Zr-2017-destr-24-07-23.jpg","2023-11-16",418,11688,1,"380-418116881","11/16/2023"
"12895","Ukraine","Ukraine","T-64BV Zr. 2017","destroyed","https://i.postimg.cc/rp6RJG02/2003-t64bv2017-destr-17-08-23.jpg","2023-11-16",418,11689,1,"380-418116891","11/16/2023"
"12896","Ukraine","Ukraine","T-64BV Zr. 2017","destroyed","https://i.postimg.cc/281yjT02/24i.png","2023-11-16",418,11690,1,"380-418116901","11/16/2023"
"12897","Ukraine","Ukraine","T-64BV Zr. 2017","destroyed","https://i.postimg.cc/hjPzLmBj/8k.png","2023-11-16",418,11691,1,"380-418116911","11/16/2023"
"12898","Ukraine","Ukraine","T-64BV Zr. 2017","destroyed","https://i.postimg.cc/mZ3TrWQC/327.png","2023-11-16",418,11692,1,"380-418116921","11/16/2023"
"12899","Ukraine","Ukraine","T-64BV Zr. 2017","destroyed","https://i.postimg.cc/Qx7CDBxk/3266.png","2023-11-16",418,11693,1,"380-418116931","11/16/2023"
"12900","Ukraine","Ukraine","T-64BV Zr. 2017","destroyed","https://i.postimg.cc/6TxvKnkg/32e.png","2023-11-16",418,11694,1,"380-418116941","11/16/2023"
"12901","Ukraine","Ukraine","T-64BV Zr. 2017","destroyed","https://i.postimg.cc/xjb80bfv/380.png","2023-11-16",418,11695,1,"380-418116951","11/16/2023"
"12902","Ukraine","Ukraine","T-64BV Zr. 2017","destroyed","https://i.postimg.cc/wx1CxXsD/328.png","2023-11-16",418,11696,1,"380-418116961","11/16/2023"
"12903","Ukraine","Ukraine","T-64BV Zr. 2017","destroyed","https://i.postimg.cc/W30199HM/1001-T-64-BV-Zr-2017-destr-24-09-23.jpg","2023-11-16",418,11697,1,"380-418116971","11/16/2023"
"12904","Ukraine","Ukraine","T-64BV Zr. 2017","destroyed","https://i.postimg.cc/tRP5PzMf/558.png","2023-11-16",418,11698,1,"380-418116981","11/16/2023"
"12905","Ukraine","Ukraine","T-64BV Zr. 2017","captured","https://i.postimg.cc/VLSXhYZJ/2008-t64bv-2017-destr-17-05-23.jpg","2023-11-16",418,11699,3,"380-418116993","11/16/2023"
"12906","Ukraine","Ukraine","T-64BV Zr. 2017","destroyed","https://i.postimg.cc/VLSXhYZJ/2008-t64bv-2017-destr-17-05-23.jpg","2023-11-16",418,11699,1,"380-418116991","11/16/2023"
"12907","Ukraine","Ukraine","T-64BV Zr. 2017","damaged","https://i.postimg.cc/pTDRgxZQ/22760.png","2023-11-16",418,11700,2,"380-418117002","11/16/2023"
"12908","Ukraine","Ukraine","T-64BV Zr. 2017","damaged","https://i.postimg.cc/HkRV8c5b/2025-t64bv-dam-02-02-23.jpg","2023-11-16",418,11701,2,"380-418117012","11/16/2023"
"12909","Ukraine","Ukraine","T-64BV Zr. 2017","damaged","https://i.postimg.cc/502gFqLw/2019-T-64-BV-Zr-2017-dam-aband-04-06-23.jpg","2023-11-16",418,11702,2,"380-418117022","11/16/2023"
"12910","Ukraine","Ukraine","T-64BV Zr. 2017","damaged","https://i.postimg.cc/3rXZPqk9/2028-T-64-BV-Zr-2017-dam-14-07-23.jpg","2023-11-16",418,11703,2,"380-418117032","11/16/2023"
"12911","Ukraine","Ukraine","T-64BV Zr. 2017","damaged","https://i.postimg.cc/sxw6s3G0/2009-T-64-BV-Zr-2017-dam-02-08-23.jpg","2023-11-16",418,11704,2,"380-418117042","11/16/2023"
"12912","Ukraine","Ukraine","T-64BV Zr. 2017","damaged","https://i.postimg.cc/CLn96SZZ/f7.png","2023-11-16",418,11705,2,"380-418117052","11/16/2023"
"12913","Ukraine","Ukraine","T-64BV Zr. 2017","abandoned","https://i.postimg.cc/CLn96SZZ/f7.png","2023-11-16",418,11705,4,"380-418117054","11/16/2023"
"12914","Ukraine","Ukraine","T-64BV Zr. 2017","abandoned","https://i.postimg.cc/qBsnPDXc/5548.png","2023-11-16",418,11706,4,"380-418117064","11/16/2023"
"12915","Ukraine","Ukraine","T-64BV Zr. 2017","abandoned","https://i.postimg.cc/8Pf8WQWH/557l.png","2023-11-16",418,11707,4,"380-418117074","11/16/2023"
"12916","Ukraine","Ukraine","T-64BV Zr. 2017","damaged","https://i.postimg.cc/fWFKJf3F/2014-t64bv2017-dam-aband-18-09-23.jpg","2023-11-16",418,11708,2,"380-418117082","11/16/2023"
"12917","Ukraine","Ukraine","T-64BV Zr. 2017","abandoned","https://i.postimg.cc/fWFKJf3F/2014-t64bv2017-dam-aband-18-09-23.jpg","2023-11-16",418,11708,4,"380-418117084","11/16/2023"
"12918","Ukraine","Ukraine","T-64BV Zr. 2017","captured","https://i.postimg.cc/L88FZp4R/d135.png","2023-11-16",418,11709,3,"380-418117093","11/16/2023"
"12919","Ukraine","Ukraine","T-64BV Zr. 2017","captured","https://i.postimg.cc/hhF2509S/270.png","2023-11-16",418,11710,3,"380-418117103","11/16/2023"
"12920","Ukraine","Ukraine","T-64BV Zr. 2017","captured","https://i.postimg.cc/dtSpqWyp/7jj.png","2023-11-16",418,11711,3,"380-418117113","11/16/2023"
"12921","Ukraine","Ukraine","T-64BV Zr. 2017","captured","https://i.postimg.cc/k5dJtVjX/4f28.png","2023-11-16",418,11712,3,"380-418117123","11/16/2023"
"12922","Ukraine","Ukraine","T-64BV Zr. 2017","captured","https://i.postimg.cc/VN6JN05r/ff7.png","2023-11-16",418,11713,3,"380-418117133","11/16/2023"
"12923","Ukraine","Ukraine","T-64BV Zr. 2017","captured","https://i.postimg.cc/7LZKyMgt/766.png","2023-11-16",418,11714,3,"380-418117143","11/16/2023"
"12924","Ukraine","Ukraine","T-64BV Zr. 2017","captured","https://i.postimg.cc/yxJgybJk/5t.png","2023-11-16",418,11715,3,"380-418117153","11/16/2023"
"12925","Ukraine","Ukraine","T-64BV Zr. 2017","captured","https://i.postimg.cc/vHhDkn9Q/4f.png","2023-11-16",418,11716,3,"380-418117163","11/16/2023"
"12926","Ukraine","Ukraine","T-64BV Zr. 2017","captured","https://i.postimg.cc/3r9hx6BG/54.jpg","2023-11-16",418,11717,3,"380-418117173","11/16/2023"
"12927","Ukraine","Ukraine","T-64BV Zr. 2017","captured","https://i.postimg.cc/QMnXc8H2/2041-T-64-BV-Zr-2017-capt-08-09-22.jpg","2023-11-16",418,11718,3,"380-418117183","11/16/2023"
"12928","Ukraine","Ukraine","T-64BV Zr. 2017","captured","https://i.postimg.cc/W1gbLLYr/2009-T-64-BV-Zr-2017-capt-23-03-22.jpg","2023-11-16",418,11719,3,"380-418117193","11/16/2023"
"12929","Ukraine","Ukraine","T-64BV Zr. 2017","captured","https://i.postimg.cc/fy36bD8m/4f.png","2023-11-16",418,11720,3,"380-418117203","11/16/2023"
"12930","Ukraine","Ukraine","T-64BV Zr. 2017","captured","https://i.postimg.cc/gJP4b5sH/g7.png","2023-11-16",418,11721,3,"380-418117213","11/16/2023"
"12931","Ukraine","Ukraine","T-64BV Zr. 2017","captured","https://i.postimg.cc/280btFGT/d3.png","2023-11-16",418,11722,3,"380-418117223","11/16/2023"
"12932","Ukraine","Ukraine","T-64BV Zr. 2017","captured","https://i.postimg.cc/HnwDJT4x/3d.png","2023-11-16",418,11723,3,"380-418117233","11/16/2023"
"12933","Ukraine","Ukraine","T-64BV Zr. 2017","captured","https://i.postimg.cc/nrZLNHw2/ca1.png","2023-11-16",418,11724,3,"380-418117243","11/16/2023"
"12934","Ukraine","Ukraine","T-64BV Zr. 2017","captured","https://i.postimg.cc/J7ZyLgHY/d70.png","2023-11-16",418,11725,3,"380-418117253","11/16/2023"
"12935","Ukraine","Ukraine","T-64BV Zr. 2017","captured","https://i.postimg.cc/g0GqzfGF/da1.png","2023-11-16",418,11726,3,"380-418117263","11/16/2023"
"12936","Ukraine","Ukraine","T-64BV Zr. 2017","captured","https://postimg.cc/vxWbnnfX","2023-11-16",418,11727,3,"380-418117273","11/16/2023"
"12937","Ukraine","Ukraine","T-64BV Zr. 2017","captured","https://i.postimg.cc/qR73wNL8/31d.png","2023-11-16",418,11728,3,"380-418117283","11/16/2023"
"12938","Ukraine","Ukraine","T-64BV Zr. 2017","captured","https://i.postimg.cc/fyV1pjJq/f7.png","2023-11-16",418,11729,3,"380-418117293","11/16/2023"
"12939","Ukraine","Ukraine","T-64BV Zr. 2017","captured","https://i.postimg.cc/TwLT9zbp/2040-T-64-BV-Zr-2017-capt-05-05-22.jpg","2023-11-16",418,11730,3,"380-418117303","11/16/2023"
"12940","Ukraine","Ukraine","T-64B1M","destroyed","https://i.postimg.cc/SNjRWPgS/05-12-2022-T-64-B1-M-destroyed-Mariupol.png","2023-11-16",419,11731,1,"380-419117311","11/16/2023"
"12941","Ukraine","Ukraine","T-64B1M","destroyed","https://i.postimg.cc/R0ypmrvM/2005-T-64-B1-M-destr-31-05-22.jpg","2023-11-16",419,11732,1,"380-419117321","11/16/2023"
"12942","Ukraine","Ukraine","T-64B1M","destroyed","https://i.postimg.cc/WpgBsYDt/2002-T-64-B1-M-destr-30-05-22.jpg","2023-11-16",419,11733,1,"380-419117331","11/16/2023"
"12943","Ukraine","Ukraine","T-64B1M","captured","https://i.postimg.cc/yYvXnZnp/489.png","2023-11-16",419,11734,3,"380-419117343","11/16/2023"
"12944","Ukraine","Ukraine","T-64B1M","captured","https://i.postimg.cc/SsBBNR2Q/2000.jpg","2023-11-16",419,11735,3,"380-419117353","11/16/2023"
"12945","Ukraine","Ukraine","T-64B1M","captured","https://i.postimg.cc/76RdfgGd/11d.png","2023-11-16",419,11736,3,"380-419117363","11/16/2023"
"12946","Ukraine","Ukraine","T-64B1M","captured","https://twitter.com/Militarylandnet/status/1549028799949508610","2023-11-16",419,11737,3,"380-419117373","11/16/2023"
"12947","Ukraine","Ukraine","T-64B1M","captured","https://i.postimg.cc/vH3Kk4z9/678.png","2023-11-16",419,11738,3,"380-419117383","11/16/2023"
"12948","Ukraine","Ukraine","T-64B1M","captured","https://i.postimg.cc/FHz64hW6/43779.png","2023-11-16",419,11739,3,"380-419117393","11/16/2023"
"12949","Ukraine","Ukraine","T-64B1M","captured","https://i.postimg.cc/SNXxdzWg/2001-T-64-B1-M-capt-17-07-22.jpg","2023-11-16",419,11740,3,"380-419117403","11/16/2023"
"12950","Ukraine","Ukraine","T-64BM 'Bulat'","destroyed","https://i.postimg.cc/bNx0nWSP/18.png","2023-11-16",420,11741,1,"380-420117411","11/16/2023"
"12951","Ukraine","Ukraine","T-64BM 'Bulat'","destroyed","https://postimg.cc/Z0TNNMpN","2023-11-16",420,11742,1,"380-420117421","11/16/2023"
"12952","Ukraine","Ukraine","T-64BM 'Bulat'","destroyed","https://i.postimg.cc/7Zj68RhN/f8.jpg","2023-11-16",420,11743,1,"380-420117431","11/16/2023"
"12953","Ukraine","Ukraine","T-64BM 'Bulat'","destroyed","https://i.postimg.cc/CxrCX8V9/2000.jpg","2023-11-16",420,11744,1,"380-420117441","11/16/2023"
"12954","Ukraine","Ukraine","T-64BM 'Bulat'","destroyed","https://i.postimg.cc/mDGsjnfz/2004-T-64-BM-Bulat-destr-01-01-23.jpg","2023-11-16",420,11745,1,"380-420117451","11/16/2023"
"12955","Ukraine","Ukraine","T-64BM 'Bulat'","destroyed","https://i.postimg.cc/Y05zSsTj/376p.png","2023-11-16",420,11746,1,"380-420117461","11/16/2023"
"12956","Ukraine","Ukraine","T-64BM 'Bulat'","destroyed","https://i.postimg.cc/L8wWwssQ/443f.png","2023-11-16",420,11747,1,"380-420117471","11/16/2023"
"12957","Ukraine","Ukraine","T-64BM 'Bulat'","destroyed","https://i.postimg.cc/B6FkYfRk/2001-64-BM-Bulat-destr-25-10-23.jpg","2023-11-16",420,11748,1,"380-420117481","11/16/2023"
"12958","Ukraine","Ukraine","T-64BM 'Bulat'","destroyed","https://i.postimg.cc/Ls2nL6kc/2014-T-64-BM-Bulat-destr-26-07-23.jpg","2023-11-16",420,11749,1,"380-420117491","11/16/2023"
"12959","Ukraine","Ukraine","T-64BM 'Bulat'","damaged","https://i.postimg.cc/1t1kX9rk/2002-t64bm-bulat-dam.jpg","2023-11-16",420,11750,2,"380-420117502","11/16/2023"
"12960","Ukraine","Ukraine","T-64BM 'Bulat'","damaged","https://i.postimg.cc/JzRVhfJz/2034-t64bm-bulat-dam-14-05-23.jpg","2023-11-16",420,11751,2,"380-420117512","11/16/2023"
"12961","Ukraine","Ukraine","T-64BM 'Bulat'","damaged","https://i.postimg.cc/7YpkfybJ/2036-T-64-BM1-Bulat-dam-09-07-23.jpg","2023-11-16",420,11752,2,"380-420117522","11/16/2023"
"12962","Ukraine","Ukraine","T-64BM 'Bulat'","captured","https://i.postimg.cc/zfM54XwB/41.png","2023-11-16",420,11753,3,"380-420117533","11/16/2023"
"12963","Ukraine","Ukraine","T-64BM 'Bulat'","captured","https://i.postimg.cc/q7x0jxG7/85.png","2023-11-16",420,11754,3,"380-420117543","11/16/2023"
"12964","Ukraine","Ukraine","T-64BM 'Bulat'","captured","https://i.postimg.cc/zD2fTkRL/2002-T-64-BM-capt-Bulat-22-04-22.jpg","2023-11-16",420,11755,3,"380-420117553","11/16/2023"
"12965","Ukraine","Ukraine","T-64BM2 'Bulat'","destroyed","https://i.postimg.cc/ydCY0QZq/18.png","2023-11-16",421,11756,1,"380-421117561","11/16/2023"
"12966","Ukraine","Ukraine","T-64BM2 'Bulat'","destroyed","https://i.postimg.cc/T16tGShF/2006-t62bm2-destr-2022-09-24.jpg","2023-11-16",421,11757,1,"380-421117571","11/16/2023"
"12967","Ukraine","Ukraine","T-64BM2 'Bulat'","destroyed","https://i.postimg.cc/5yyNZXDN/2003-T-64-BM2-Bulat-destr-03-03-22.jpg","2023-11-16",421,11758,1,"380-421117581","11/16/2023"
"12968","Ukraine","Ukraine","T-64BM2 'Bulat'","destroyed","https://i.postimg.cc/fb7LXnxZ/2004-T-64-BM2-Bulat-destr-03-03-22.jpg","2023-11-16",421,11759,1,"380-421117591","11/16/2023"
"12969","Ukraine","Ukraine","T-64BM2 'Bulat'","damaged","https://i.postimg.cc/MHs1vFqn/7693.png","2023-11-16",421,11760,2,"380-421117602","11/16/2023"
"12970","Ukraine","Ukraine","Unknown T-64","destroyed","https://i.postimg.cc/RCWWs8m1/2027-unkn-T-64-destr-15-05-22.jpg","2023-11-16",422,11761,1,"380-422117611","11/16/2023"
"12971","Ukraine","Ukraine","Unknown T-64","destroyed","https://i.postimg.cc/dQgLzBQb/2028-unkn-T-64-destr-15-05-22.jpg","2023-11-16",422,11762,1,"380-422117621","11/16/2023"
"12972","Ukraine","Soviet Union","T-72 'Ural'","destroyed","https://i.postimg.cc/G2b9DLfn/224.jpg","2023-11-16",423,11763,1,"380-423117631","11/16/2023"
"12973","Ukraine","Soviet Union","T-72 'Ural'","destroyed","https://i.postimg.cc/HxhzhTMG/350.png","2023-11-16",423,11764,1,"380-423117641","11/16/2023"
"12974","Ukraine","Soviet Union","T-72 'Ural'","destroyed","https://i.postimg.cc/QMrpyvmG/2001-T-72-Ural-destr-04-06-23.jpg","2023-11-16",423,11765,1,"380-423117651","11/16/2023"
"12975","Ukraine","Soviet Union","T-72 'Ural'","damaged","https://i.postimg.cc/28hSgCVJ/ur3.png","2023-11-16",423,11766,2,"380-423117662","11/16/2023"
"12976","Ukraine","Soviet Union","T-72 'Ural'","captured","https://postlmg.cc/Czb1v3b6","2023-11-16",423,11767,3,"380-423117673","11/16/2023"
"12977","Ukraine","Poland","T-72M/M1(R)","destroyed","https://i.postimg.cc/C5BFHYx8/313.png","2023-11-16",424,11768,1,"380-424117681","11/16/2023"
"12978","Ukraine","Poland","T-72M/M1(R)","destroyed","https://i.postimg.cc/tC28R01B/UA-T-72-M1-R-destroyed.png","2023-11-16",424,11769,1,"380-424117691","11/16/2023"
"12979","Ukraine","Poland","T-72M/M1(R)","destroyed","https://i.postimg.cc/sDrMJHLM/2002-t72m1.jpg","2023-11-16",424,11770,1,"380-424117701","11/16/2023"
"12980","Ukraine","Poland","T-72M/M1(R)","destroyed","https://i.postimg.cc/pdsjGw7W/2007-t72m1.jpg","2023-11-16",424,11771,1,"380-424117711","11/16/2023"
"12981","Ukraine","Poland","T-72M/M1(R)","destroyed","https://i.postimg.cc/tgwFPGpQ/2003-t72m1-destr-17-02-23.jpg","2023-11-16",424,11772,1,"380-424117721","11/16/2023"
"12982","Ukraine","Poland","T-72M/M1(R)","destroyed","https://i.postimg.cc/rmpr0j8c/2003-t72m1.png","2023-11-16",424,11773,1,"380-424117731","11/16/2023"
"12983","Ukraine","Poland","T-72M/M1(R)","destroyed","https://i.postimg.cc/d33QPpWH/76.png","2023-11-16",424,11774,1,"380-424117741","11/16/2023"
"12984","Ukraine","Poland","T-72M/M1(R)","destroyed","https://twitter.com/UAWeapons/status/1570138869227470848","2023-11-16",424,11775,1,"380-424117751","11/16/2023"
"12985","Ukraine","Poland","T-72M/M1(R)","destroyed","https://i.postimg.cc/9MPMkjqN/2005-t72m1-destr-15-01-23.jpg","2023-11-16",424,11776,1,"380-424117761","11/16/2023"
"12986","Ukraine","Poland","T-72M/M1(R)","destroyed","https://i.postimg.cc/4drwhRk0/4877.png","2023-11-16",424,11777,1,"380-424117771","11/16/2023"
"12987","Ukraine","Poland","T-72M/M1(R)","destroyed","https://postimg.cc/sQmXDHQW","2023-11-16",424,11778,1,"380-424117781","11/16/2023"
"12988","Ukraine","Poland","T-72M/M1(R)","destroyed","https://postimg.cc/bGJgyWBX","2023-11-16",424,11779,1,"380-424117791","11/16/2023"
"12989","Ukraine","Poland","T-72M/M1(R)","destroyed","https://postimg.cc/ZBJZN8FG","2023-11-16",424,11780,1,"380-424117801","11/16/2023"
"12990","Ukraine","Poland","T-72M/M1(R)","destroyed","https://i.postimg.cc/9MD1P4Y4/2002-t72m1-destr.jpg","2023-11-16",424,11781,1,"380-424117811","11/16/2023"
"12991","Ukraine","Poland","T-72M/M1(R)","destroyed","https://i.postimg.cc/mrLPqqhc/433.png","2023-11-16",424,11782,1,"380-424117821","11/16/2023"
"12992","Ukraine","Poland","T-72M/M1(R)","destroyed","https://i.postimg.cc/QdhCnNKd/2001-T-72-M1-equipped-with-a-KMT-7-mine-roller-destr.png","2023-11-16",424,11783,1,"380-424117831","11/16/2023"
"12993","Ukraine","Poland","T-72M/M1(R)","destroyed","https://i.postimg.cc/bwgrXX1H/2002-t72m1-destr.jpg","2023-11-16",424,11784,1,"380-424117841","11/16/2023"
"12994","Ukraine","Poland","T-72M/M1(R)","destroyed","https://postimg.cc/tsZdqDqM","2023-11-16",424,11785,1,"380-424117851","11/16/2023"
"12995","Ukraine","Poland","T-72M/M1(R)","destroyed","https://postimg.cc/CZvBsMH1","2023-11-16",424,11786,1,"380-424117861","11/16/2023"
"12996","Ukraine","Poland","T-72M/M1(R)","destroyed","https://postimg.cc/yJLW68xB","2023-11-16",424,11787,1,"380-424117871","11/16/2023"
"12997","Ukraine","Poland","T-72M/M1(R)","destroyed","https://twitter.com/UAWeapons/status/1593939839740788737","2023-11-16",424,11788,1,"380-424117881","11/16/2023"
"12998","Ukraine","Poland","T-72M/M1(R)","destroyed","https://i.postimg.cc/qMdpsZvv/2046-T-72-M-M1-R-destr-14-08-22.jpg","2023-11-16",424,11789,1,"380-424117891","11/16/2023"
"12999","Ukraine","Poland","T-72M/M1(R)","destroyed","https://i.postimg.cc/RVQ4XQWQ/2047-T-72-M-M1-R-destr-31-08-22.jpg","2023-11-16",424,11790,1,"380-424117901","11/16/2023"
"13000","Ukraine","Poland","T-72M/M1(R)","destroyed","https://i.postimg.cc/BbXCzXvv/2002-t72m1-destr-10-01-23.jpg","2023-11-16",424,11791,1,"380-424117911","11/16/2023"
"13001","Ukraine","Poland","T-72M/M1(R)","destroyed","https://i.postimg.cc/WzC7cTDw/2003-t72m1-destr-10-01-23.jpg","2023-11-16",424,11792,1,"380-424117921","11/16/2023"
"13002","Ukraine","Poland","T-72M/M1(R)","destroyed","https://twitter.com/UAWeapons/status/1638542445003587584","2023-11-16",424,11793,1,"380-424117931","11/16/2023"
"13003","Ukraine","Poland","T-72M/M1(R)","destroyed","https://i.postimg.cc/R0DdX6zh/5549.png","2023-11-16",424,11794,1,"380-424117941","11/16/2023"
"13004","Ukraine","Poland","T-72M/M1(R)","destroyed","https://i.postimg.cc/ncdcfBqb/557p.png","2023-11-16",424,11795,1,"380-424117951","11/16/2023"
"13005","Ukraine","Poland","T-72M/M1(R)","destroyed","https://i.postimg.cc/3rFp698K/87jp.png","2023-11-16",424,11796,1,"380-424117961","11/16/2023"
"13006","Ukraine","Poland","T-72M/M1(R)","destroyed","https://i.postimg.cc/CKK3Gbcy/2032-t72m1-destr-10-05-23.jpg","2023-11-16",424,11797,1,"380-424117971","11/16/2023"
"13007","Ukraine","Poland","T-72M/M1(R)","destroyed","https://i.postimg.cc/W1Ptz3c2/2013-t72m1-dam-aband-10-05-23.jpg","2023-11-16",424,11798,1,"380-424117981","11/16/2023"
"13008","Ukraine","Poland","T-72M/M1(R)","destroyed","https://i.postimg.cc/hjLQ3CQq/2002-t72m1-destr-14-06-23.jpg","2023-11-16",424,11799,1,"380-424117991","11/16/2023"
"13009","Ukraine","Poland","T-72M/M1(R)","destroyed","https://i.postimg.cc/8CdD2npJ/2035-t72m1-destr-08-07-23.jpg","2023-11-16",424,11800,1,"380-424118001","11/16/2023"
"13010","Ukraine","Poland","T-72M/M1(R)","destroyed","https://i.postimg.cc/kX7y9y8C/2008-72-1-destr-22-07-23.jpg","2023-11-16",424,11801,1,"380-424118011","11/16/2023"
"13011","Ukraine","Poland","T-72M/M1(R)","destroyed","https://twitter.com/UAWeapons/status/1684556026065068032","2023-11-16",424,11802,1,"380-424118021","11/16/2023"
"13012","Ukraine","Poland","T-72M/M1(R)","destroyed","https://i.postimg.cc/G3ytWN93/2018-T-72-M-destr-02-08-23.jpg","2023-11-16",424,11803,1,"380-424118031","11/16/2023"
"13013","Ukraine","Poland","T-72M/M1(R)","destroyed","https://i.postimg.cc/2yvr92fX/2011-T-72-M-destr-28-07-23.jpg","2023-11-16",424,11804,1,"380-424118041","11/16/2023"
"13014","Ukraine","Poland","T-72M/M1(R)","destroyed","https://i.postimg.cc/XJK11fjW/2006-72-1-destr-31-07-23.jpg","2023-11-16",424,11805,1,"380-424118051","11/16/2023"
"13015","Ukraine","Poland","T-72M/M1(R)","destroyed","https://i.postimg.cc/65G7dXgH/2009-72-1-destr-22-08-23.jpg","2023-11-16",424,11806,1,"380-424118061","11/16/2023"
"13016","Ukraine","Poland","T-72M/M1(R)","destroyed","https://i.postimg.cc/VkSGhrzC/314.png","2023-11-16",424,11807,1,"380-424118071","11/16/2023"
"13017","Ukraine","Poland","T-72M/M1(R)","destroyed","https://i.postimg.cc/hGDV8SzS/4318.png","2023-11-16",424,11808,1,"380-424118081","11/16/2023"
"13018","Ukraine","Poland","T-72M/M1(R)","destroyed","https://i.postimg.cc/MTzFSgps/32700.png","2023-11-16",424,11809,1,"380-424118091","11/16/2023"
"13019","Ukraine","Poland","T-72M/M1(R)","destroyed","https://i.postimg.cc/ryZJ7J7c/2005-72-M1-destr-31-10-23.jpg","2023-11-16",424,11810,1,"380-424118101","11/16/2023"
"13020","Ukraine","Poland","T-72M/M1(R)","damaged","https://i.postimg.cc/D0ZpXcWX/2007-t72m1-dam.jpg","2023-11-16",424,11811,2,"380-424118112","11/16/2023"
"13021","Ukraine","Poland","T-72M/M1(R)","damaged","https://i.postimg.cc/Rq5XfMmc/2002-BRM-1-K-bmp1-and-t72ea-destr-27-07-23.jpg","2023-11-16",424,11812,2,"380-424118122","11/16/2023"
"13022","Ukraine","Poland","T-72M/M1(R)","damaged","https://i.postimg.cc/XqMpms7D/2000-t72m1.jpg","2023-11-16",424,11813,2,"380-424118132","11/16/2023"
"13023","Ukraine","Poland","T-72M/M1(R)","abandoned","https://i.postimg.cc/XqMpms7D/2000-t72m1.jpg","2023-11-16",424,11813,4,"380-424118134","11/16/2023"
"13024","Ukraine","Poland","T-72M/M1(R)","damaged","https://i.postimg.cc/TYJpNq8C/2001-t72m1.jpg","2023-11-16",424,11814,2,"380-424118142","11/16/2023"
"13025","Ukraine","Poland","T-72M/M1(R)","abandoned","https://i.postimg.cc/TYJpNq8C/2001-t72m1.jpg","2023-11-16",424,11814,4,"380-424118144","11/16/2023"
"13026","Ukraine","Poland","T-72M/M1(R)","damaged","https://i.postimg.cc/gJdQk6zk/2003-t72m1-dam-aband.jpg","2023-11-16",424,11815,2,"380-424118152","11/16/2023"
"13027","Ukraine","Poland","T-72M/M1(R)","abandoned","https://i.postimg.cc/gJdQk6zk/2003-t72m1-dam-aband.jpg","2023-11-16",424,11815,4,"380-424118154","11/16/2023"
"13028","Ukraine","Poland","T-72M/M1(R)","damaged","https://i.postimg.cc/gJksTycR/2004-t72m1-dam-aband.jpg","2023-11-16",424,11816,2,"380-424118162","11/16/2023"
"13029","Ukraine","Poland","T-72M/M1(R)","abandoned","https://i.postimg.cc/gJksTycR/2004-t72m1-dam-aband.jpg","2023-11-16",424,11816,4,"380-424118164","11/16/2023"
"13030","Ukraine","Poland","T-72M/M1(R)","damaged","https://i.postimg.cc/28Q9Kp3Q/2051-t72m1-dam-aband-10-05-23.png","2023-11-16",424,11817,2,"380-424118172","11/16/2023"
"13031","Ukraine","Poland","T-72M/M1(R)","abandoned","https://i.postimg.cc/28Q9Kp3Q/2051-t72m1-dam-aband-10-05-23.png","2023-11-16",424,11817,4,"380-424118174","11/16/2023"
"13032","Ukraine","Poland","T-72M/M1(R)","damaged","https://i.postimg.cc/wxr3Jkp0/2002-t72m1-dam-aband-15-07-23.jpg","2023-11-16",424,11818,2,"380-424118182","11/16/2023"
"13033","Ukraine","Poland","T-72M/M1(R)","abandoned","https://i.postimg.cc/wxr3Jkp0/2002-t72m1-dam-aband-15-07-23.jpg","2023-11-16",424,11818,4,"380-424118184","11/16/2023"
"13034","Ukraine","Poland","T-72M/M1(R)","abandoned","https://i.postimg.cc/4yJ33c7t/2016-72-M1-aband-27-07-23.jpg","2023-11-16",424,11819,4,"380-424118194","11/16/2023"
"13035","Ukraine","Poland","T-72M/M1(R)","captured","https://i.postimg.cc/hjkddd8B/47.png","2023-11-16",424,11820,3,"380-424118203","11/16/2023"
"13036","Ukraine","Poland","T-72M/M1(R)","captured","https://twitter.com/UAWeapons/status/1549762508885565441","2023-11-16",424,11821,3,"380-424118213","11/16/2023"
"13037","Ukraine","Poland","T-72M/M1(R)","captured","https://i.postimg.cc/3J5D4qNT/4380.png","2023-11-16",424,11822,3,"380-424118223","11/16/2023"
"13038","Ukraine","Poland","T-72M/M1(R)","captured","https://twitter.com/UAWeapons/status/1572151857451274241","2023-11-16",424,11823,3,"380-424118233","11/16/2023"
"13039","Ukraine","Poland","T-72M/M1(R)","captured","https://i.postimg.cc/2yFVyz53/r4.png","2023-11-16",424,11824,3,"380-424118243","11/16/2023"
"13040","Ukraine","Poland","T-72M/M1(R)","captured","https://i.postimg.cc/Cx6dzrwC/r5.png","2023-11-16",424,11825,3,"380-424118253","11/16/2023"
"13041","Ukraine","Poland","T-72M/M1(R)","captured","https://i.postimg.cc/0QsVFgyP/2006-T-72-M1-capt-30-11-22.jpg","2023-11-16",424,11826,3,"380-424118263","11/16/2023"
"13042","Ukraine","Poland","T-72M/M1(R)","captured","https://i.postimg.cc/cCKcFxDC/2009-t72m-capt-14-06-23.jpg","2023-11-16",424,11827,3,"380-424118273","11/16/2023"
"13043","Ukraine","Poland","T-72M/M1(R)","damaged","https://twitter.com/UAWeapons/status/1684556026065068032","2023-11-16",424,11802,2,"380-424118022","11/16/2023"
"13044","Ukraine","Poland","T-72M/M1(R)","captured","https://twitter.com/UAWeapons/status/1684556026065068032","2023-11-16",424,11802,3,"380-424118023","11/16/2023"
"13045","Ukraine","Czech Republic","T-72EA","destroyed","https://twitter.com/UAWeapons/status/1677957933441642497","2023-11-16",425,11828,1,"380-425118281","11/16/2023"
"13046","Ukraine","Czech Republic","T-72EA","destroyed","https://i.postimg.cc/L6F52TZt/2010-T72-EA-destr-01-08-23.jpg","2023-11-16",425,11829,1,"380-425118291","11/16/2023"
"13047","Ukraine","Czech Republic","T-72EA","destroyed","https://i.postimg.cc/y6S1NYSX/2017-72-destr-11-08-23.jpg","2023-11-16",425,11830,1,"380-425118301","11/16/2023"
"13048","Ukraine","Czech Republic","T-72EA","destroyed","https://i.postimg.cc/8cby012h/2776.png","2023-11-16",425,11831,1,"380-425118311","11/16/2023"
"13049","Ukraine","Czech Republic","T-72EA","captured","https://i.postimg.cc/6p2WZ0Md/46p.png","2023-11-16",425,11832,3,"380-425118323","11/16/2023"
"13050","Ukraine","Soviet Union","T-72AV","destroyed","https://i.postimg.cc/GhcK4SxB/4370.png","2023-11-16",426,11833,1,"380-426118331","11/16/2023"
"13051","Ukraine","Soviet Union","T-72AV","destroyed","https://i.postimg.cc/05VtgVcv/437.png","2023-11-16",426,11834,1,"380-426118341","11/16/2023"
"13052","Ukraine","Soviet Union","T-72AV","destroyed","https://i.postimg.cc/d3XDd2Ct/33d.png","2023-11-16",426,11835,1,"380-426118351","11/16/2023"
"13053","Ukraine","Soviet Union","T-72AV","destroyed","https://i.postimg.cc/Hkb7WfTP/2001-t80bv.jpg","2023-11-16",426,11836,1,"380-426118361","11/16/2023"
"13054","Ukraine","Soviet Union","T-72AV","destroyed","https://i.postimg.cc/vmH0B21t/2000-t72av-destr.jpg","2023-11-16",426,11837,1,"380-426118371","11/16/2023"
"13055","Ukraine","Soviet Union","T-72AV","destroyed","https://i.postimg.cc/ry5pRm6C/684.png","2023-11-16",426,11838,1,"380-426118381","11/16/2023"
"13056","Ukraine","Soviet Union","T-72AV","destroyed","https://i.postimg.cc/L4PHZMRW/2044-T-72-AV-destr-28-06-22.jpg","2023-11-16",426,11839,1,"380-426118391","11/16/2023"
"13057","Ukraine","Soviet Union","T-72AV","destroyed","https://i.postimg.cc/nLN6mwTH/2001-t72-AV-destr-24-12-22.jpg","2023-11-16",426,11840,1,"380-426118401","11/16/2023"
"13058","Ukraine","Soviet Union","T-72AV","destroyed","https://i.postimg.cc/KzTBDp8K/2002-t72av-destr-17-02-23.jpg","2023-11-16",426,11841,1,"380-426118411","11/16/2023"
"13059","Ukraine","Soviet Union","T-72AV","destroyed","https://twitter.com/UAWeapons/status/1576654734726864896","2023-11-16",426,11471,1,"380-426114711","11/16/2023"
"13060","Ukraine","Soviet Union","T-72AV","destroyed","https://i.postimg.cc/8P7mnpgD/2001-t72m1.jpg","2023-11-16",426,11842,1,"380-426118421","11/16/2023"
"13061","Ukraine","Soviet Union","T-72AV","destroyed","https://i.postimg.cc/W4sSDwNR/3326.png","2023-11-16",426,11843,1,"380-426118431","11/16/2023"
"13062","Ukraine","Soviet Union","T-72AV","destroyed","https://i.postimg.cc/L8vdgxBB/2012-t72av-destr-19-05-23.jpg","2023-11-16",426,11844,1,"380-426118441","11/16/2023"
"13063","Ukraine","Soviet Union","T-72AV","destroyed","https://i.postimg.cc/bw09CFRx/2024-t72av-destr-11-03-23.jpg","2023-11-16",426,11845,1,"380-426118451","11/16/2023"
"13064","Ukraine","Soviet Union","T-72AV","destroyed","https://i.postimg.cc/VsTRjRvc/2013-t72av-destr-06-07-23.jpg","2023-11-16",426,11846,1,"380-426118461","11/16/2023"
"13065","Ukraine","Soviet Union","T-72AV","destroyed","https://i.postimg.cc/dVxR2PfQ/2048-t72va-destr-21-07-23.jpg","2023-11-16",426,11847,1,"380-426118471","11/16/2023"
"13066","Ukraine","Soviet Union","T-72AV","destroyed","https://i.postimg.cc/Xv1XW6wq/2002-2x-BMP-1s-BMP-2-BMP-1-2-T-64-BV-Zr-2017-T-72-AV-Unkn-Vehicle-destr-31-07-23.jpg","2023-11-16",426,11687,1,"380-426116871","11/16/2023"
"13067","Ukraine","Soviet Union","T-72AV","destroyed","https://i.postimg.cc/Nj2rmC0x/2011-72-AV-destr-18-08-23.jpg","2023-11-16",426,11848,1,"380-426118481","11/16/2023"
"13068","Ukraine","Soviet Union","T-72AV","destroyed","https://i.postimg.cc/wBZfJYTX/44377.png","2023-11-16",426,11849,1,"380-426118491","11/16/2023"
"13069","Ukraine","Soviet Union","T-72AV","destroyed","https://i.postimg.cc/Dzr5hP0C/2004-t72av-destr-20-10-23.jpg","2023-11-16",426,11850,1,"380-426118501","11/16/2023"
"13070","Ukraine","Soviet Union","T-72AV","destroyed","https://i.postimg.cc/vmHvsr5d/2018-t72av-destr-21-10-23.jpg","2023-11-16",426,11851,1,"380-426118511","11/16/2023"
"13071","Ukraine","Soviet Union","T-72AV","damaged","https://i.postimg.cc/Xqsm5W8n/2004-unkn-t72-destr.jpg","2023-11-16",426,11852,2,"380-426118522","11/16/2023"
"13072","Ukraine","Soviet Union","T-72AV","damaged","https://i.postimg.cc/LsXhkn3w/2016-t72av-dam-03-05-23.jpg","2023-11-16",426,11853,2,"380-426118532","11/16/2023"
"13073","Ukraine","Soviet Union","T-72AV","abandoned","https://twitter.com/UAWeapons/status/1576654743560388608","2023-11-16",426,11854,4,"380-426118544","11/16/2023"
"13074","Ukraine","Soviet Union","T-72AV","damaged","https://i.postimg.cc/MH5yFyqG/2008-t80bv-destr-14-03-23.png","2023-11-16",426,11855,2,"380-426118552","11/16/2023"
"13075","Ukraine","Soviet Union","T-72AV","abandoned","https://i.postimg.cc/MH5yFyqG/2008-t80bv-destr-14-03-23.png","2023-11-16",426,11855,4,"380-426118554","11/16/2023"
"13076","Ukraine","Soviet Union","T-72AV","abandoned","https://i.postimg.cc/x8Mwbypy/40.png","2023-11-16",426,11856,4,"380-426118564","11/16/2023"
"13077","Ukraine","Soviet Union","T-72AV","abandoned","https://i.postimg.cc/VkbDG88P/2006-T-72-AV-aband-10-10-23.jpg","2023-11-16",426,11857,4,"380-426118574","11/16/2023"
"13078","Ukraine","Soviet Union","T-72AV","captured","https://twitter.com/UAWeapons/status/1545899307802365953","2023-11-16",426,11635,3,"380-426116353","11/16/2023"
"13079","Ukraine","Soviet Union","T-72AV","captured","https://i.postimg.cc/TY5yXFcQ/2002-t72av.jpg","2023-11-16",426,11858,3,"380-426118583","11/16/2023"
"13080","Ukraine","Soviet Union","T-72AV","damaged","https://i.postimg.cc/Kc34cjCw/432.png","2023-11-16",426,11859,2,"380-426118592","11/16/2023"
"13081","Ukraine","Soviet Union","T-72AV","captured","https://i.postimg.cc/Kc34cjCw/432.png","2023-11-16",426,11859,3,"380-426118593","11/16/2023"
"13082","Ukraine","Soviet Union","T-72AV","captured","https://i.postimg.cc/cCsQzKTv/2013-t72av-capt-09-10-22.jpg","2023-11-16",426,11860,3,"380-426118603","11/16/2023"
"13083","Ukraine","Soviet Union","T-72AV","damaged","https://twitter.com/UAWeapons/status/1633907229647618048","2023-11-16",426,11409,2,"380-426114092","11/16/2023"
"13084","Ukraine","Soviet Union","T-72AV","captured","https://twitter.com/UAWeapons/status/1633907229647618048","2023-11-16",426,11409,3,"380-426114093","11/16/2023"
"13085","Ukraine","Soviet Union","T-72AV","captured","https://i.postimg.cc/1XtS8Pkz/2007-t72av-capt-08-07-23.jpg","2023-11-16",426,11861,3,"380-426118613","11/16/2023"
"13086","Ukraine","Soviet Union","T-72B","destroyed","https://i.postimg.cc/bv64mYDK/31.jpg","2023-11-16",13,11862,1,"380-13118621","11/16/2023"
"13087","Ukraine","Soviet Union","T-72B","destroyed","https://i.postimg.cc/nh72ydxf/665g.jpg","2023-11-16",13,11863,1,"380-13118631","11/16/2023"
"13088","Ukraine","Soviet Union","T-72B","destroyed","https://i.postimg.cc/fb66Bc5s/4f54.png","2023-11-16",13,11864,1,"380-13118641","11/16/2023"
"13089","Ukraine","Soviet Union","T-72B","destroyed","https://i.postimg.cc/VNfRZdrB/g3.png","2023-11-16",13,11865,1,"380-13118651","11/16/2023"
"13090","Ukraine","Soviet Union","T-72B","destroyed","https://i.postimg.cc/4NYRbPdZ/3315.png","2023-11-16",13,11866,1,"380-13118661","11/16/2023"
"13091","Ukraine","Soviet Union","T-72B","destroyed","https://i.postimg.cc/dt0yfr27/t33.png","2023-11-16",13,11867,1,"380-13118671","11/16/2023"
"13092","Ukraine","Soviet Union","T-72B","destroyed","https://twitter.com/UAWeapons/status/1569014536824553473","2023-11-16",13,11868,1,"380-13118681","11/16/2023"
"13093","Ukraine","Soviet Union","T-72B","destroyed","https://i.postimg.cc/7Y7NWPXP/1004-t72b.jpg","2023-11-16",13,11869,1,"380-13118691","11/16/2023"
"13094","Ukraine","Soviet Union","T-72B","destroyed","https://i.postimg.cc/GpyjgTGR/T-72-B-Kharkiv-region.png","2023-11-16",13,11870,1,"380-13118701","11/16/2023"
"13095","Ukraine","Soviet Union","T-72B","destroyed","https://postimg.cc/18JRRRSw","2023-11-16",13,11871,1,"380-13118711","11/16/2023"
"13096","Ukraine","Soviet Union","T-72B","destroyed","https://twitter.com/UAWeapons/status/1583429062722080768","2023-11-16",13,11872,1,"380-13118721","11/16/2023"
"13097","Ukraine","Soviet Union","T-72B","destroyed","https://i.postimg.cc/fyT24gg3/2005-t72b-destr-18-10.jpg","2023-11-16",13,11873,1,"380-13118731","11/16/2023"
"13098","Ukraine","Soviet Union","T-72B","destroyed","https://i.postimg.cc/gJpts0VH/2006-t72b-destr-24-10.jpg","2023-11-16",13,11874,1,"380-13118741","11/16/2023"
"13099","Ukraine","Soviet Union","T-72B","destroyed","https://i.postimg.cc/TY2SVWkd/7j6.jpg","2023-11-16",13,11875,1,"380-13118751","11/16/2023"
"13100","Ukraine","Soviet Union","T-72B","destroyed","https://i.postimg.cc/zXRSSBTF/2000-t73b-destr.jpg","2023-11-16",13,11876,1,"380-13118761","11/16/2023"
"13101","Ukraine","Soviet Union","T-72B","destroyed","https://i.postimg.cc/8cLN8LtG/2045-T-72-B-destr-03-05-22.jpg","2023-11-16",13,11877,1,"380-13118771","11/16/2023"
"13102","Ukraine","Soviet Union","T-72B","destroyed","https://i.postimg.cc/v8cvLB06/486.png","2023-11-16",13,11878,1,"380-13118781","11/16/2023"
"13103","Ukraine","Soviet Union","T-72B","destroyed","https://i.postimg.cc/sX9hMWxN/2005-t72b-destr-23-01-23.jpg","2023-11-16",13,11879,1,"380-13118791","11/16/2023"
"13104","Ukraine","Soviet Union","T-72B","destroyed","https://i.postimg.cc/rstJvH1x/2005-t72b-destr-11-02-23.jpg","2023-11-16",13,11880,1,"380-13118801","11/16/2023"
"13105","Ukraine","Soviet Union","T-72B","destroyed","https://i.postimg.cc/xCXPxnKM/g3.png","2023-11-16",13,11881,1,"380-13118811","11/16/2023"
"13106","Ukraine","Soviet Union","T-72B","destroyed","https://twitter.com/UAWeapons/status/1636391051530493953","2023-11-16",13,11882,1,"380-13118821","11/16/2023"
"13107","Ukraine","Soviet Union","T-72B","destroyed","https://i.postimg.cc/vmSH43QP/2006-t72b-destr-xx-03-22.jpg","2023-11-16",13,11883,1,"380-13118831","11/16/2023"
"13108","Ukraine","Soviet Union","T-72B","destroyed","https://i.postimg.cc/rpWN4vgQ/43fp.png","2023-11-16",13,11884,1,"380-13118841","11/16/2023"
"13109","Ukraine","Soviet Union","T-72B","destroyed","https://i.postimg.cc/FR3ryjNN/2000-t64bv-destr.jpg","2023-11-16",13,11885,1,"380-13118851","11/16/2023"
"13110","Ukraine","Soviet Union","T-72B","destroyed","https://i.postimg.cc/qvfsm3CF/2000-t72b-destr-24-01-23.jpg","2023-11-16",13,11886,1,"380-13118861","11/16/2023"
"13111","Ukraine","Soviet Union","T-72B","destroyed","https://i.postimg.cc/Y254XRbS/2009-t72b-destr-05-05-23.jpg","2023-11-16",13,11887,1,"380-13118871","11/16/2023"
"13112","Ukraine","Soviet Union","T-72B","destroyed","https://i.postimg.cc/3x2tcXfg/2006-T-72-B-dam-17-05-23.jpg","2023-11-16",13,11888,1,"380-13118881","11/16/2023"
"13113","Ukraine","Soviet Union","T-72B","destroyed","https://i.postimg.cc/MH4zcBPn/2035-T-72-B-destr-13-05-23.jpg","2023-11-16",13,11889,1,"380-13118891","11/16/2023"
"13114","Ukraine","Soviet Union","T-72B","destroyed","https://i.postimg.cc/MGdbxMNX/2034-t72b-destr-31-05-23.jpg","2023-11-16",13,11890,1,"380-13118901","11/16/2023"
"13115","Ukraine","Soviet Union","T-72B","destroyed","https://i.postimg.cc/D0Hf5ZYF/2010-t72b-destr-31-05-23.jpg","2023-11-16",13,11891,1,"380-13118911","11/16/2023"
"13116","Ukraine","Soviet Union","T-72B","destroyed","https://i.postimg.cc/3JHgf5kk/2002-t64bv-destr.jpg","2023-11-16",13,11892,1,"380-13118921","11/16/2023"
"13117","Ukraine","Soviet Union","T-72B","damaged","https://i.postimg.cc/7Lr4jy27/54d.jpg","2023-11-16",13,11893,2,"380-13118932","11/16/2023"
"13118","Ukraine","Soviet Union","T-72B","damaged","https://i.postimg.cc/4dnfW8sq/2013-t72b-dam-29-01-23.jpg","2023-11-16",13,11894,2,"380-13118942","11/16/2023"
"13119","Ukraine","Soviet Union","T-72B","captured","https://i.postimg.cc/Qt0YYkvD/321.png","2023-11-16",13,11895,3,"380-13118953","11/16/2023"
"13120","Ukraine","Soviet Union","T-72B","captured","https://i.postimg.cc/gcvHPYnx/43.png","2023-11-16",13,11896,3,"380-13118963","11/16/2023"
"13121","Ukraine","Soviet Union","T-72B","captured","https://postimg.cc/8smZ5GpV","2023-11-16",13,11897,3,"380-13118973","11/16/2023"
"13122","Ukraine","Soviet Union","T-72B","captured","https://i.postimg.cc/FFbtjVK4/54.png","2023-11-16",13,11898,3,"380-13118983","11/16/2023"
"13123","Ukraine","Soviet Union","T-72B","captured","https://i.postimg.cc/VLR2r3gr/29.png","2023-11-16",13,11899,3,"380-13118993","11/16/2023"
"13124","Ukraine","Soviet Union","T-72B","damaged","https://twitter.com/UAWeapons/status/1578365764729348096","2023-11-16",13,11900,2,"380-13119002","11/16/2023"
"13125","Ukraine","Soviet Union","T-72B","captured","https://twitter.com/UAWeapons/status/1578365764729348096","2023-11-16",13,11900,3,"380-13119003","11/16/2023"
"13126","Ukraine","Soviet Union","T-72B","captured","https://i.postimg.cc/7hzPs6Kz/45h.png","2023-11-16",13,11901,3,"380-13119013","11/16/2023"
"13127","Ukraine","Ukraine","T-72AMT","destroyed","https://i.postimg.cc/vmXWC41y/578.png","2023-11-16",427,11902,1,"380-427119021","11/16/2023"
"13128","Ukraine","Ukraine","T-72AMT","destroyed","https://i.postimg.cc/3JdLkxCn/52.png","2023-11-16",427,11903,1,"380-427119031","11/16/2023"
"13129","Ukraine","Ukraine","T-72AMT","destroyed","https://i.postimg.cc/Y2J7KwT7/358.png","2023-11-16",427,11904,1,"380-427119041","11/16/2023"
"13130","Ukraine","Ukraine","T-72AMT","destroyed","https://i.postimg.cc/sf8DdfMG/5777.jpg","2023-11-16",427,11905,1,"380-427119051","11/16/2023"
"13131","Ukraine","Ukraine","T-72AMT","destroyed","https://i.postimg.cc/j50rsXb3/2103.jpg","2023-11-16",427,11906,1,"380-427119061","11/16/2023"
"13132","Ukraine","Ukraine","T-72AMT","destroyed","https://i.postimg.cc/mkTf9ghQ/2104.jpg","2023-11-16",427,11907,1,"380-427119071","11/16/2023"
"13133","Ukraine","Ukraine","T-72AMT","destroyed","https://i.postimg.cc/63hJXbgd/8j.png","2023-11-16",427,11908,1,"380-427119081","11/16/2023"
"13134","Ukraine","Ukraine","T-72AMT","destroyed","https://i.postimg.cc/yNjD9zHJ/43.png","2023-11-16",427,11909,1,"380-427119091","11/16/2023"
"13135","Ukraine","Ukraine","T-72AMT","destroyed","https://i.postimg.cc/tJpVfV1D/278.png","2023-11-16",427,11910,1,"380-427119101","11/16/2023"
"13136","Ukraine","Ukraine","T-72AMT","destroyed","https://i.postimg.cc/0QJynkBC/2009-72-destr-15-10-23.jpg","2023-11-16",427,11911,1,"380-427119111","11/16/2023"
"13137","Ukraine","Ukraine","T-72AMT","damaged","https://i.postimg.cc/3NvKTdyZ/2012-t72amt-dam-30-01-23.jpg","2023-11-16",427,11912,2,"380-427119122","11/16/2023"
"13138","Ukraine","Ukraine","T-72AMT","damaged","https://twitter.com/UAWeapons/status/1569014536824553473","2023-11-16",427,11868,2,"380-427118682","11/16/2023"
"13139","Ukraine","Ukraine","T-72AMT","abandoned","https://twitter.com/UAWeapons/status/1569014536824553473","2023-11-16",427,11868,4,"380-427118684","11/16/2023"
"13140","Ukraine","Ukraine","T-72AMT","damaged","https://i.postimg.cc/nhNsV8vJ/2004-T72amt-and-BTS4-dam-aband-15-06-23.jpg","2023-11-16",427,11913,2,"380-427119132","11/16/2023"
"13141","Ukraine","Ukraine","T-72AMT","abandoned","https://i.postimg.cc/nhNsV8vJ/2004-T72amt-and-BTS4-dam-aband-15-06-23.jpg","2023-11-16",427,11913,4,"380-427119134","11/16/2023"
"13142","Ukraine","Ukraine","T-72AMT","damaged","https://i.postimg.cc/QdkdMWKj/2000.jpg","2023-11-16",427,11914,2,"380-427119142","11/16/2023"
"13143","Ukraine","Ukraine","T-72AMT","captured","https://i.postimg.cc/QdkdMWKj/2000.jpg","2023-11-16",427,11914,3,"380-427119143","11/16/2023"
"13144","Ukraine","Ukraine","T-72AMT","captured","https://i.postimg.cc/nzS4xq5Z/310.png","2023-11-16",427,11915,3,"380-427119153","11/16/2023"
"13145","Ukraine","Ukraine","T-72AMT","captured","https://i.postimg.cc/qqjdYB88/543.png","2023-11-16",427,11916,3,"380-427119163","11/16/2023"
"13146","Ukraine","Ukraine","T-72AMT","captured","https://i.postimg.cc/P5Ssy6vp/24.jpg","2023-11-16",427,11917,3,"380-427119173","11/16/2023"
"13147","Ukraine","Ukraine","T-72AMT","captured","https://i.postimg.cc/SNMPnQkh/438.png","2023-11-16",427,11918,3,"380-427119183","11/16/2023"
"13148","Ukraine","Ukraine","T-72AMT","damaged","https://i.postimg.cc/kXwxkPH3/2002-t72amt-dam-capt-04-02-23.jpg","2023-11-16",427,11919,2,"380-427119192","11/16/2023"
"13149","Ukraine","Ukraine","T-72AMT","captured","https://i.postimg.cc/kXwxkPH3/2002-t72amt-dam-capt-04-02-23.jpg","2023-11-16",427,11919,3,"380-427119193","11/16/2023"
"13150","Ukraine","Ukraine","2 T-72AMT Zr.2022","destroyed","https://i.postimg.cc/zfQNv60z/2027-t72amt2022-destr-16-06-23.jpg","2023-11-16",428,11920,1,"380-428119201","11/16/2023"
"13151","Ukraine","Ukraine","2 T-72AMT Zr.2022","damaged","https://i.postimg.cc/xjzt05NR/2001-t72amt-zr2022-dam-aband-29-06-23.png","2023-11-16",428,11921,2,"380-428119212","11/16/2023"
"13152","Ukraine","Ukraine","2 T-72AMT Zr.2022","abandoned","https://i.postimg.cc/xjzt05NR/2001-t72amt-zr2022-dam-aband-29-06-23.png","2023-11-16",428,11921,4,"380-428119214","11/16/2023"
"13153","Ukraine","Poland","3 PT-91 Twardy","destroyed","https://twitter.com/UAWeapons/status/1677957933441642497","2023-11-16",429,11828,1,"380-429118281","11/16/2023"
"13154","Ukraine","Poland","3 PT-91 Twardy","destroyed","https://i.postimg.cc/TYMR5MV8/2029-pt91-destr-17-08-23.jpg","2023-11-16",429,11922,1,"380-429119221","11/16/2023"
"13155","Ukraine","Poland","3 PT-91 Twardy","damaged","https://i.postimg.cc/vHbkzjh2/2004-pt91-destr-24-10-23.jpg","2023-11-16",429,11923,2,"380-429119232","11/16/2023"
"13156","Ukraine","Ukraine","Unknown T-72","destroyed","https://i.postimg.cc/6QMtPw3D/2004-unkn-T-72-destr-30-11-22.jpg","2023-11-16",21,11924,1,"380-21119241","11/16/2023"
"13157","Ukraine","Ukraine","Unknown T-72","destroyed","https://twitter.com/imp_navigator/status/1643239549261291520","2023-11-16",21,11925,1,"380-21119251","11/16/2023"
"13158","Ukraine","Ukraine","Unknown T-72","destroyed","https://i.postimg.cc/tRmqm0q9/2019-unkn-t72-destr-25-05-23.jpg","2023-11-16",21,11926,1,"380-21119261","11/16/2023"
"13159","Ukraine","Ukraine","Unknown T-72","destroyed","https://i.postimg.cc/brsST0sT/2039-bmp2-and-unkn-t72-destr-12-06-23.jpg","2023-11-16",21,11927,1,"380-21119271","11/16/2023"
"13160","Ukraine","Ukraine","Unknown T-72","destroyed","https://i.postimg.cc/TPRqZqkZ/2030-unkn-t72-destr-22-10-22.jpg","2023-11-16",21,11928,1,"380-21119281","11/16/2023"
"13161","Ukraine","Ukraine","Unknown T-72","destroyed","https://i.postimg.cc/qBYwzKR3/2018-unkn-t72-destr-10-06-23.jpg","2023-11-16",21,11929,1,"380-21119291","11/16/2023"
"13162","Ukraine","Ukraine","Unknown T-72","destroyed","https://i.postimg.cc/8Pq38CR6/2016-unkn-t72-destr-25-06-23.jpg","2023-11-16",21,11930,1,"380-21119301","11/16/2023"
"13163","Ukraine","Ukraine","Unknown T-72","destroyed","https://i.postimg.cc/yxbH9tKy/2005-unkn-t72-destr-08-07-23.jpg","2023-11-16",21,11931,1,"380-21119311","11/16/2023"
"13164","Ukraine","Ukraine","Unknown T-72","destroyed","https://i.postimg.cc/TwZwyjNX/2015-unkn-t72-destr-03-08-23.jpg","2023-11-16",21,11932,1,"380-21119321","11/16/2023"
"13165","Ukraine","Ukraine","Unknown T-72","destroyed","https://i.postimg.cc/4NJpbfdY/2009-unkn-t72-destr-06-08-23.jpg","2023-11-16",21,11933,1,"380-21119331","11/16/2023"
"13166","Ukraine","Ukraine","Unknown T-72","destroyed","https://i.postimg.cc/MKtvdmkt/2034-unkn-t-72-destr-16-08-23.jpg","2023-11-16",21,11934,1,"380-21119341","11/16/2023"
"13167","Ukraine","Ukraine","Unknown T-72","destroyed","https://i.postimg.cc/Pf2hszbk/377.png","2023-11-16",21,11935,1,"380-21119351","11/16/2023"
"13168","Ukraine","Ukraine","Unknown T-72","destroyed","https://i.postimg.cc/RF8kRHzj/2260.png","2023-11-16",21,11936,1,"380-21119361","11/16/2023"
"13169","Ukraine","Ukraine","Unknown T-72","destroyed","https://i.postimg.cc/bJGMsw2L/223.png","2023-11-16",21,11937,1,"380-21119371","11/16/2023"
"13170","Ukraine","Ukraine","Unknown T-72","destroyed","https://i.postimg.cc/TPMQB4dL/2015-unkn-T-72-destr-14-10-23.jpg","2023-11-16",21,11938,1,"380-21119381","11/16/2023"
"13171","Ukraine","Ukraine","Unknown T-72","damaged","https://i.postimg.cc/909XpNjg/2005-unkn-t72-dam-23-05-23.jpg","2023-11-16",21,11939,2,"380-21119392","11/16/2023"
"13172","Ukraine","Soviet Union","T-80BV","destroyed","https://i.postimg.cc/TYx2VkmB/58.png","2023-11-16",23,11940,1,"380-23119401","11/16/2023"
"13173","Ukraine","Soviet Union","T-80BV","destroyed","https://i.postimg.cc/Fzm2Jyps/49.png","2023-11-16",23,11941,1,"380-23119411","11/16/2023"
"13174","Ukraine","Soviet Union","T-80BV","destroyed","https://twitter.com/UAWeapons/status/1534632102955720709","2023-11-16",23,11942,1,"380-23119421","11/16/2023"
"13175","Ukraine","Soviet Union","T-80BV","destroyed","https://i.postimg.cc/pdGFLp4T/444.png","2023-11-16",23,11943,1,"380-23119431","11/16/2023"
"13176","Ukraine","Soviet Union","T-80BV","destroyed","https://postimg.cc/d76zVQMS","2023-11-16",23,11944,1,"380-23119441","11/16/2023"
"13177","Ukraine","Soviet Union","T-80BV","destroyed","https://i.postimg.cc/J0zqk1tR/336.png","2023-11-16",23,11945,1,"380-23119451","11/16/2023"
"13178","Ukraine","Soviet Union","T-80BV","damaged","https://twitter.com/UAWeapons/status/1636098069388206080","2023-11-16",23,11946,2,"380-23119462","11/16/2023"
"13179","Ukraine","Soviet Union","T-80BV","captured","https://twitter.com/UAWeapons/status/1636098069388206080","2023-11-16",23,11946,3,"380-23119463","11/16/2023"
"13180","Ukraine","Soviet Union","T-80BV","destroyed","https://postimg.cc/v1wL5C46","2023-11-16",23,11947,1,"380-23119471","11/16/2023"
"13181","Ukraine","Soviet Union","T-80BV","destroyed","https://i.postimg.cc/wMzR42C8/g540.png","2023-11-16",23,11948,1,"380-23119481","11/16/2023"
"13182","Ukraine","Soviet Union","T-80BV","destroyed","https://i.postimg.cc/rp7B8Kdw/2049-T-80-BV-destr-18-05-22.jpg","2023-11-16",23,11949,1,"380-23119491","11/16/2023"
"13183","Ukraine","Soviet Union","T-80BV","destroyed","https://i.postimg.cc/zBW938WS/2050-T-80-BV-destr-09-07-22.jpg","2023-11-16",23,11950,1,"380-23119501","11/16/2023"
"13184","Ukraine","Soviet Union","T-80BV","destroyed","https://i.postimg.cc/cJKqyQLz/2051-T-80-BV-destr-20-08-22.jpg","2023-11-16",23,11951,1,"380-23119511","11/16/2023"
"13185","Ukraine","Soviet Union","T-80BV","destroyed","https://i.postimg.cc/3xfMcLYp/2052-T-80-BV-destr-20-08-22.jpg","2023-11-16",23,11952,1,"380-23119521","11/16/2023"
"13186","Ukraine","Soviet Union","T-80BV","destroyed","https://i.postimg.cc/3wqMvJCq/b2.png","2023-11-16",23,11953,1,"380-23119531","11/16/2023"
"13187","Ukraine","Soviet Union","T-80BV","destroyed","https://i.postimg.cc/T1tT4k5X/t5.png","2023-11-16",23,11954,1,"380-23119541","11/16/2023"
"13188","Ukraine","Soviet Union","T-80BV","destroyed","https://postimg.cc/063fRKL4","2023-11-16",23,11955,1,"380-23119551","11/16/2023"
"13189","Ukraine","Soviet Union","T-80BV","destroyed","https://postimg.cc/0rStvZ50","2023-11-16",23,11956,1,"380-23119561","11/16/2023"
"13190","Ukraine","Soviet Union","T-80BV","destroyed","https://i.postimg.cc/nLrbrQ77/b1.png","2023-11-16",23,11957,1,"380-23119571","11/16/2023"
"13191","Ukraine","Soviet Union","T-80BV","destroyed","https://i.postimg.cc/NMFbxFLN/2010-t80bv-destr-18-12-22.jpg","2023-11-16",23,11958,1,"380-23119581","11/16/2023"
"13192","Ukraine","Soviet Union","T-80BV","destroyed","https://postlmg.cc/N9KV2Gzw","2023-11-16",23,11959,1,"380-23119591","11/16/2023"
"13193","Ukraine","Soviet Union","T-80BV","destroyed","http://i.postimg.cc/vZQn2h5x/2001-t80bv-destr.jpg","2023-11-16",23,11960,1,"380-23119601","11/16/2023"
"13194","Ukraine","Soviet Union","T-80BV","destroyed","https://i.postimg.cc/T1P4GkK0/2002-t80bv-destr-22-06-23.jpg","2023-11-16",23,11961,1,"380-23119611","11/16/2023"
"13195","Ukraine","Soviet Union","T-80BV","destroyed","https://i.postimg.cc/y6QBwgR3/2031-t80bv-destr-11-07-23.jpg","2023-11-16",23,11962,1,"380-23119621","11/16/2023"
"13196","Ukraine","Soviet Union","T-80BV","destroyed","https://i.postimg.cc/vHXtm6LV/2015-T-80-BV-destr-18-07-23.jpg","2023-11-16",23,11963,1,"380-23119631","11/16/2023"
"13197","Ukraine","Soviet Union","T-80BV","destroyed","https://i.postimg.cc/tCBwqL6m/2002-t80bv-and-bmp1-destr-25-07-23.jpg","2023-11-16",23,11964,1,"380-23119641","11/16/2023"
"13198","Ukraine","Soviet Union","T-80BV","destroyed","https://i.postimg.cc/W1Nmcw8R/2002-t80bv-destr-25-07-23.jpg","2023-11-16",23,11965,1,"380-23119651","11/16/2023"
"13199","Ukraine","Soviet Union","T-80BV","destroyed","https://i.postimg.cc/ZKm6TFJ6/1441.jpg","2023-11-16",23,11966,1,"380-23119661","11/16/2023"
"13200","Ukraine","Soviet Union","T-80BV","destroyed","https://i.postimg.cc/q7RbGxzt/2040-t80bv-destr-18-03-23.jpg","2023-11-16",23,11967,1,"380-23119671","11/16/2023"
"13201","Ukraine","Soviet Union","T-80BV","destroyed","https://i.postimg.cc/3wXDvSgw/2006-t80bv-destr-08-08-23.jpg","2023-11-16",23,11968,1,"380-23119681","11/16/2023"
"13202","Ukraine","Soviet Union","T-80BV","destroyed","https://i.postimg.cc/Gmzrf4Zr/2012-t80bv-destr-16-08-23.jpg","2023-11-16",23,11969,1,"380-23119691","11/16/2023"
"13203","Ukraine","Soviet Union","T-80BV","destroyed","https://i.postimg.cc/PrWF16CG/370.png","2023-11-16",23,11970,1,"380-23119701","11/16/2023"
"13204","Ukraine","Soviet Union","T-80BV","destroyed","https://i.postimg.cc/8c2QssXh/17.png","2023-11-16",23,11971,1,"380-23119711","11/16/2023"
"13205","Ukraine","Soviet Union","T-80BV","destroyed","https://i.postimg.cc/Cx6m0jFN/4314.png","2023-11-16",23,11972,1,"380-23119721","11/16/2023"
"13206","Ukraine","Soviet Union","T-80BV","destroyed","https://i.postimg.cc/PxbWCZk0/3274.png","2023-11-16",23,11973,1,"380-23119731","11/16/2023"
"13207","Ukraine","Soviet Union","T-80BV","destroyed","https://i.postimg.cc/xTzPHNMd/2011-t80bv-destr-17-09-23.jpg","2023-11-16",23,11974,1,"380-23119741","11/16/2023"
"13208","Ukraine","Soviet Union","T-80BV","destroyed","https://i.postimg.cc/k5H5W6f4/2001-T-80-BV-destr-08-10-22.jpg","2023-11-16",23,11975,1,"380-23119751","11/16/2023"
"13209","Ukraine","Soviet Union","T-80BV","destroyed","https://i.postimg.cc/SKRsX7L3/2010-t80bv-destr-02-01-23.jpg","2023-11-16",23,11976,1,"380-23119761","11/16/2023"
"13210","Ukraine","Soviet Union","T-80BV","destroyed","https://i.postimg.cc/MH2gyVLW/2005-80-BV-destr-30-04-23.jpg","2023-11-16",23,11977,1,"380-23119771","11/16/2023"
"13211","Ukraine","Soviet Union","T-80BV","damaged","https://twitter.com/UAWeapons/status/1577254567708094464","2023-11-16",23,11978,2,"380-23119782","11/16/2023"
"13212","Ukraine","Soviet Union","T-80BV","damaged","https://twitter.com/UAWeapons/status/1591723947636461568","2023-11-16",23,11979,2,"380-23119792","11/16/2023"
"13213","Ukraine","Soviet Union","T-80BV","damaged","https://i.postimg.cc/T1FLHybX/2047-t80bv-dam-13-06-23.jpg","2023-11-16",23,11980,2,"380-23119802","11/16/2023"
"13214","Ukraine","Soviet Union","T-80BV","damaged","https://i.postimg.cc/NM8WrWN5/2004-t80bv-dam-aband.jpg","2023-11-16",23,11981,2,"380-23119812","11/16/2023"
"13215","Ukraine","Soviet Union","T-80BV","abandoned","https://i.postimg.cc/NM8WrWN5/2004-t80bv-dam-aband.jpg","2023-11-16",23,11981,4,"380-23119814","11/16/2023"
"13216","Ukraine","Soviet Union","T-80BV","damaged","https://i.postimg.cc/cHV1NWQ2/2025-1x-t80bv-2x-Sisu-XA-185-aband-11-08-23.jpg","2023-11-16",23,11982,2,"380-23119822","11/16/2023"
"13217","Ukraine","Soviet Union","T-80BV","abandoned","https://i.postimg.cc/cHV1NWQ2/2025-1x-t80bv-2x-Sisu-XA-185-aband-11-08-23.jpg","2023-11-16",23,11982,4,"380-23119824","11/16/2023"
"13218","Ukraine","Soviet Union","T-80BV","damaged","https://i.postimg.cc/0jXKJsjL/f58.png","2023-11-16",23,11983,2,"380-23119832","11/16/2023"
"13219","Ukraine","Soviet Union","T-80BV","captured","https://i.postimg.cc/0jXKJsjL/f58.png","2023-11-16",23,11983,3,"380-23119833","11/16/2023"
"13220","Ukraine","Soviet Union","T-80BV","damaged","https://i.postimg.cc/fb3dc6LV/389.png","2023-11-16",23,11984,2,"380-23119842","11/16/2023"
"13221","Ukraine","Soviet Union","T-80BV","captured","https://i.postimg.cc/fb3dc6LV/389.png","2023-11-16",23,11984,3,"380-23119843","11/16/2023"
"13222","Ukraine","Soviet Union","T-80BV","damaged","https://i.postimg.cc/VsJn5zPD/43f.jpg","2023-11-16",23,11985,2,"380-23119852","11/16/2023"
"13223","Ukraine","Soviet Union","T-80BV","captured","https://i.postimg.cc/VsJn5zPD/43f.jpg","2023-11-16",23,11985,3,"380-23119853","11/16/2023"
"13224","Ukraine","Soviet Union","T-80BV","damaged","https://i.postimg.cc/MT0KSR08/6522.png","2023-11-16",23,11986,2,"380-23119862","11/16/2023"
"13225","Ukraine","Soviet Union","T-80BV","captured","https://i.postimg.cc/MT0KSR08/6522.png","2023-11-16",23,11986,3,"380-23119863","11/16/2023"
"13226","Ukraine","Soviet Union","T-80BV","captured","https://i.postimg.cc/4NkSDvHN/f21.png","2023-11-16",23,11987,3,"380-23119873","11/16/2023"
"13227","Ukraine","Soviet Union","T-80BV","captured","https://i.postimg.cc/rFbMJRqZ/4f.png","2023-11-16",23,11988,3,"380-23119883","11/16/2023"
"13228","Ukraine","Soviet Union","T-80BV","captured","https://i.postimg.cc/zvh7qCq7/2105.jpg","2023-11-16",23,11989,3,"380-23119893","11/16/2023"
"13229","Ukraine","Soviet Union","T-80BV","captured","https://postimg.cc/DJfV8xMx","2023-11-16",23,11990,3,"380-23119903","11/16/2023"
"13230","Ukraine","Soviet Union","T-80BV","captured","https://postimg.cc/S2VsBjb6","2023-11-16",23,11991,3,"380-23119913","11/16/2023"
"13231","Ukraine","Soviet Union","T-80BV","captured","https://i.postimg.cc/26h3yR6d/4f3.png","2023-11-16",23,11992,3,"380-23119923","11/16/2023"
"13232","Ukraine","Soviet Union","T-80BV","captured","https://i.postimg.cc/VN5wfxDD/2048-T-80-BV-capt-03-09-2022.jpg","2023-11-16",23,11993,3,"380-23119933","11/16/2023"
"13233","Ukraine","Germany","Leopard 2A4","destroyed","https://twitter.com/UAWeapons/status/1666830782533435394","2023-11-16",430,11994,1,"380-430119941","11/16/2023"
"13234","Ukraine","Germany","Leopard 2A4","destroyed","https://twitter.com/UAWeapons/status/1687152156753739791","2023-11-16",430,11995,1,"380-430119951","11/16/2023"
"13235","Ukraine","Germany","Leopard 2A4","destroyed","https://i.postimg.cc/50njmtZJ/74.png","2023-11-16",430,11996,1,"380-430119961","11/16/2023"
"13236","Ukraine","Germany","Leopard 2A4","destroyed","https://i.postimg.cc/j2Q9TQxh/2016-leopard2a4-destr-24-10-23.jpg","2023-11-16",430,11997,1,"380-430119971","11/16/2023"
"13237","Ukraine","Germany","Leopard 2A4","destroyed","https://i.postimg.cc/mZQK7RYF/2018-leopard2a4-destr-24-10-23.jpg","2023-11-16",430,11998,1,"380-430119981","11/16/2023"
"13238","Ukraine","Germany","Leopard 2A4","destroyed","https://i.postimg.cc/cHnw8s3G/2000-leo2a4-destr-25-10-23.jpg","2023-11-16",430,11999,1,"380-430119991","11/16/2023"
"13239","Ukraine","Germany","Leopard 2A4","destroyed","https://i.postimg.cc/y8FDDSRh/2005-Leopard-2-A4-destr-24-10-23.jpg","2023-11-16",430,12000,1,"380-430120001","11/16/2023"
"13240","Ukraine","Germany","Leopard 2A4","damaged","https://i.postimg.cc/C5JBwz4P/2000-leopard-2a4-dam-15-06-23.jpg","2023-11-16",430,12001,2,"380-430120012","11/16/2023"
"13241","Ukraine","Germany","Leopard 2A4","damaged","https://i.postimg.cc/pLqB0132/2003-leopard-2a4-dam-29-06-23.jpg","2023-11-16",430,12002,2,"380-430120022","11/16/2023"
"13242","Ukraine","Germany","Leopard 2A4","damaged","https://i.postimg.cc/cCSBvRbQ/2047-leo2a4-dam-22-07-23.jpg","2023-11-16",430,12003,2,"380-430120032","11/16/2023"
"13243","Ukraine","Germany","Leopard 2A4","damaged","https://www.forbes.com/sites/davidaxe/2023/07/29/ukrainian-tank-losses-diminish-as-polish-technicians-save-more-and-more-damaged-leopard-2s/","2023-11-16",430,12004,2,"380-430120042","11/16/2023"
"13244","Ukraine","Germany","Leopard 2A4","damaged","https://i.postimg.cc/MHLmR61X/2001-BTR4-destr-m113-ypr-and-leo2a4-dam-aband-01-11-23.jpg","2023-11-16",430,12005,2,"380-430120052","11/16/2023"
"13245","Ukraine","Germany","Leopard 2A4","abandoned","https://i.postimg.cc/MHLmR61X/2001-BTR4-destr-m113-ypr-and-leo2a4-dam-aband-01-11-23.jpg","2023-11-16",430,12005,4,"380-430120054","11/16/2023"
"13246","Ukraine","Germany","Leopard 2A6","destroyed","https://i.postimg.cc/9M4nLMf9/44f2.png","2023-11-16",431,12006,1,"380-431120061","11/16/2023"
"13247","Ukraine","Germany","Leopard 2A6","destroyed","https://twitter.com/UAWeapons/status/1675811000002461696","2023-11-16",431,12007,1,"380-431120071","11/16/2023"
"13248","Ukraine","Germany","Leopard 2A6","destroyed","https://i.postimg.cc/7Y9c3bj9/2500-leo2a6-destr-27-07-23.jpg","2023-11-16",431,12008,1,"380-431120081","11/16/2023"
"13249","Ukraine","Germany","Leopard 2A6","damaged","https://i.postimg.cc/rmmvLPDx/h.png","2023-11-16",431,12009,2,"380-431120092","11/16/2023"
"13250","Ukraine","Germany","Leopard 2A6","damaged","https://i.postimg.cc/Gm2JThqS/2050-leo2a6-dam-23-07-23.jpg","2023-11-16",431,12010,2,"380-431120102","11/16/2023"
"13251","Ukraine","Germany","Leopard 2A6","damaged","https://i.postimg.cc/J75fTqKs/2006-leo2a6-dam-23-07-23.jpg","2023-11-16",431,12011,2,"380-431120112","11/16/2023"
"13252","Ukraine","Germany","Leopard 2A6","damaged","https://i.postimg.cc/tgy29Hgv/2000_Leopard_2a6_dam_aband_07_06_23.jpg","2023-11-16",431,12012,2,"380-431120122","11/16/2023"
"13253","Ukraine","Germany","Leopard 2A6","abandoned","https://i.postimg.cc/tgy29Hgv/2000_Leopard_2a6_dam_aband_07_06_23.jpg","2023-11-16",431,12012,4,"380-431120124","11/16/2023"
"13254","Ukraine","Germany","Leopard 2A6","damaged","https://i.postimg.cc/wjnSJLTC/2007-Leopard-2-A6-dam-aband-27-07-23.jpg","2023-11-16",431,12013,2,"380-431120132","11/16/2023"
"13255","Ukraine","Germany","Leopard 2A6","abandoned","https://i.postimg.cc/wjnSJLTC/2007-Leopard-2-A6-dam-aband-27-07-23.jpg","2023-11-16",431,12013,4,"380-431120134","11/16/2023"
"13256","Ukraine","Germany","Leopard 2A6","damaged","https://i.postimg.cc/tJSnJS9F/v7.png","2023-11-16",431,12014,2,"380-431120142","11/16/2023"
"13257","Ukraine","Germany","Leopard 2A6","abandoned","https://i.postimg.cc/tJSnJS9F/v7.png","2023-11-16",431,12014,4,"380-431120144","11/16/2023"
"13258","Ukraine","Germany","Leopard 2A6","damaged","https://i.postimg.cc/SKTfNnGY/2015-leo2a6-dam-aband-30-10-23.jpg","2023-11-16",431,12015,2,"380-431120152","11/16/2023"
"13259","Ukraine","Germany","Leopard 2A6","abandoned","https://i.postimg.cc/SKTfNnGY/2015-leo2a6-dam-aband-30-10-23.jpg","2023-11-16",431,12015,4,"380-431120154","11/16/2023"
"13260","Ukraine","Sweden","Stridsvagn 122","damaged","https://i.postimg.cc/vZtFQ21s/314.png","2023-11-16",432,12016,2,"380-432120162","11/16/2023"
"13261","Ukraine","Sweden","Stridsvagn 122","abandoned","https://i.postimg.cc/vZtFQ21s/314.png","2023-11-16",432,12016,4,"380-432120164","11/16/2023"
"13262","Ukraine","Sweden","Stridsvagn 122","damaged","https://i.postimg.cc/NFbZTZ15/53.png","2023-11-16",432,12017,2,"380-432120172","11/16/2023"
"13263","Ukraine","Sweden","Stridsvagn 122","abandoned","https://i.postimg.cc/NFbZTZ15/53.png","2023-11-16",432,12017,4,"380-432120174","11/16/2023"
"13264","Ukraine","Sweden","Stridsvagn 122","damaged","https://i.postimg.cc/RFWQ3vPs/2020-Strv122-dam-aband-30-10-23.jpg","2023-11-16",432,12018,2,"380-432120182","11/16/2023"
"13265","Ukraine","Sweden","Stridsvagn 122","abandoned","https://i.postimg.cc/RFWQ3vPs/2020-Strv122-dam-aband-30-10-23.jpg","2023-11-16",432,12018,4,"380-432120184","11/16/2023"
"13266","Ukraine","United Kingdom","Challenger 2","destroyed","https://twitter.com/UAWeapons/status/1698955326496592140","2023-11-16",433,11591,1,"380-433115911","11/16/2023"
"13267","Ukraine","Ukraine","Unknown tank","destroyed","https://i.postimg.cc/1tcDLHwB/2998.png","2023-11-16",434,12019,1,"380-434120191","11/16/2023"
"13268","Ukraine","Ukraine","Unknown tank","destroyed","https://i.postimg.cc/c1YzsdvS/t1.jpg","2023-11-16",434,12020,1,"380-434120201","11/16/2023"
"13269","Ukraine","Ukraine","Unknown tank","destroyed","https://i.postimg.cc/NF1Cbk3M/t2.jpg","2023-11-16",434,12021,1,"380-434120211","11/16/2023"
"13270","Ukraine","Ukraine","Unknown tank","destroyed","https://i.postimg.cc/3w3ndgMR/5785.jpg","2023-11-16",434,12022,1,"380-434120221","11/16/2023"
"13271","Ukraine","Ukraine","Unknown tank","destroyed","https://i.postimg.cc/HWRkvB0S/3d.jpg","2023-11-16",434,12023,1,"380-434120231","11/16/2023"
"13272","Ukraine","Ukraine","Unknown tank","destroyed","https://i.postimg.cc/MT9hfSGb/2005-unkn-tank-destr.jpg","2023-11-16",434,12024,1,"380-434120241","11/16/2023"
"13273","Ukraine","Ukraine","Unknown tank","destroyed","https://i.postimg.cc/760t3j0n/4g4.png","2023-11-16",434,12025,1,"380-434120251","11/16/2023"
"13274","Ukraine","Ukraine","Unknown tank","destroyed","https://i.postimg.cc/VNpV1yC4/554.jpg","2023-11-16",434,12026,1,"380-434120261","11/16/2023"
"13275","Ukraine","Ukraine","Unknown tank","destroyed","https://twitter.com/UAWeapons/status/1529407748768669699","2023-11-16",434,12027,1,"380-434120271","11/16/2023"
"13276","Ukraine","Ukraine","Unknown tank","destroyed","https://twitter.com/UAWeapons/status/1538541806329155585","2023-11-16",434,12028,1,"380-434120281","11/16/2023"
"13277","Ukraine","Ukraine","Unknown tank","destroyed","https://twitter.com/RALee85/status/1552954454797914115","2023-11-16",434,12029,1,"380-434120291","11/16/2023"
"13278","Ukraine","Ukraine","Unknown tank","destroyed","https://i.postimg.cc/kMf3YZxC/9j.png","2023-11-16",434,12030,1,"380-434120301","11/16/2023"
"13279","Ukraine","Ukraine","Unknown tank","destroyed","https://twitter.com/RALee85/status/1556356059161366529","2023-11-16",434,12031,1,"380-434120311","11/16/2023"
"13280","Ukraine","Ukraine","Unknown tank","destroyed","https://i.postimg.cc/L4Y3j6JK/2001-unkn-tank.jpg","2023-11-16",434,12032,1,"380-434120321","11/16/2023"
"13281","Ukraine","Ukraine","Unknown tank","destroyed","https://i.postimg.cc/rsX4vqY1/360.png","2023-11-16",434,12033,1,"380-434120331","11/16/2023"
"13282","Ukraine","Ukraine","Unknown tank","destroyed","https://i.postimg.cc/rpswWCnN/2002-unkn-tank-2x.jpg","2023-11-16",434,12034,1,"380-434120341","11/16/2023"
"13283","Ukraine","Ukraine","Unknown tank","destroyed","https://i.postimg.cc/CKRXtDyS/2003-unkn-tank.jpg","2023-11-16",434,12035,1,"380-434120351","11/16/2023"
"13284","Ukraine","Ukraine","Unknown tank","destroyed","https://i.postimg.cc/tT7F5SNH/438.png","2023-11-16",434,12036,1,"380-434120361","11/16/2023"
"13285","Ukraine","Ukraine","Unknown tank","destroyed","https://twitter.com/RALee85/status/1581948535506817025","2023-11-16",434,12037,1,"380-434120371","11/16/2023"
"13286","Ukraine","Ukraine","Unknown tank","destroyed","https://i.postimg.cc/cLxPC1x6/2006-unkn-t72-destr.jpg","2023-11-16",434,12038,1,"380-434120381","11/16/2023"
"13287","Ukraine","Ukraine","Unknown tank","destroyed","https://i.postimg.cc/MKk2KNJg/5554.png","2023-11-16",434,12039,1,"380-434120391","11/16/2023"
"13288","Ukraine","Ukraine","Unknown tank","destroyed","https://i.postimg.cc/4yV094Rq/247.png","2023-11-16",434,12040,1,"380-434120401","11/16/2023"
"13289","Ukraine","Ukraine","Unknown tank","destroyed","https://i.postimg.cc/8zzxcSsk/3329.png","2023-11-16",434,12041,1,"380-434120411","11/16/2023"
"13290","Ukraine","Ukraine","Unknown tank","destroyed","https://i.postimg.cc/Dy0LCjMp/f433.png","2023-11-16",434,12042,1,"380-434120421","11/16/2023"
"13291","Ukraine","Ukraine","Unknown tank","destroyed","https://i.postimg.cc/Y9zdwXvg/2014-unkn-tank-destr-20-02-23.jpg","2023-11-16",434,12043,1,"380-434120431","11/16/2023"
"13292","Ukraine","Ukraine","Unknown tank","destroyed","https://i.postimg.cc/G3V40KMT/2018-unkn-tank-destr-09-05-23.jpg","2023-11-16",434,12044,1,"380-434120441","11/16/2023"
"13293","Ukraine","Ukraine","Unknown tank","destroyed","https://i.postimg.cc/SRpZXWX3/2039-unkn-tank-destr-08-06-23.jpg","2023-11-16",434,12045,1,"380-434120451","11/16/2023"
"13294","Ukraine","Ukraine","Unknown tank","destroyed","https://i.postimg.cc/4x4Sbb8T/2041-unkn-tank-destr-08-06-23.jpg","2023-11-16",434,12046,1,"380-434120461","11/16/2023"
"13295","Ukraine","Ukraine","Unknown tank","destroyed","https://i.postimg.cc/FsBzGtCL/2006-unkn-tank-destr-15-06-23.jpg","2023-11-16",434,12047,1,"380-434120471","11/16/2023"
"13296","Ukraine","Ukraine","Unknown tank","destroyed","https://i.postimg.cc/RCGN6JcG/2007-unkn-tank-destr-15-06-23.jpg","2023-11-16",434,12048,1,"380-434120481","11/16/2023"
"13297","Ukraine","Ukraine","Unknown tank","destroyed","https://i.postimg.cc/63b0V2fF/2007-unkn-tank-destr-14-06-23.jpg","2023-11-16",434,12049,1,"380-434120491","11/16/2023"
"13298","Ukraine","Ukraine","Unknown tank","destroyed","https://i.postimg.cc/XqTkhRh8/2014-unkn-tank-destr-06-06-23.jpg","2023-11-16",434,12050,1,"380-434120501","11/16/2023"
"13299","Ukraine","Ukraine","Unknown tank","destroyed","https://i.postimg.cc/W3HdpKCf/2010-unkn-tank-destr-08-07-23.jpg","2023-11-16",434,12051,1,"380-434120511","11/16/2023"
"13300","Ukraine","Ukraine","Unknown tank","destroyed","https://i.postimg.cc/nVk9kyDN/2015-unkn-tank-destr-24-07-23.jpg","2023-11-16",434,12052,1,"380-434120521","11/16/2023"
"13301","Ukraine","Ukraine","Unknown tank","destroyed","https://i.postimg.cc/SNL67b6r/236.png","2023-11-16",434,12053,1,"380-434120531","11/16/2023"
"13302","Ukraine","Ukraine","Unknown tank","destroyed","https://i.postimg.cc/131rKRrr/2006-Unknown-tank-destr-27-09-23.jpg","2023-11-16",434,12054,1,"380-434120541","11/16/2023"
"13303","Ukraine","Ukraine","Unknown tank","destroyed","https://i.postimg.cc/C1w7xnfw/2021-unkn-tank-destr-21-10-23.jpg","2023-11-16",434,12055,1,"380-434120551","11/16/2023"
"13304","Ukraine","Ukraine","Unknown tank","damaged","https://i.postimg.cc/FH9ZVQWW/2005-unkn-tank-dam-28-06-23.jpg","2023-11-16",434,12056,2,"380-434120562","11/16/2023"
"13305","Ukraine","France","AMX-10 RC(R)","destroyed","https://twitter.com/UAWeapons/status/1676884446719475712","2023-11-16",435,12057,1,"380-435120571","11/16/2023"
"13306","Ukraine","France","AMX-10 RC(R)","abandoned","https://i.postimg.cc/W3pK4DzB/99701.png","2023-11-16",435,12058,4,"380-435120584","11/16/2023"
"13307","Ukraine","France","AMX-10 RC(R)","captured","https://twitter.com/UAWeapons/status/1684659411082530816","2023-11-16",435,12059,3,"380-435120593","11/16/2023"
"13308","Ukraine","Soviet Union","46 BRM-1(K) reconnaissance vehicle","destroyed","https://i.postimg.cc/3JbrsBB1/d21.jpg","2023-11-16",436,12060,1,"380-436120601","11/16/2023"
"13309","Ukraine","Soviet Union","46 BRM-1(K) reconnaissance vehicle","destroyed","https://postimg.cc/dDYSKnQw","2023-11-16",436,12061,1,"380-436120611","11/16/2023"
"13310","Ukraine","Soviet Union","46 BRM-1(K) reconnaissance vehicle","destroyed","https://i.postimg.cc/C1j135Gd/224.png","2023-11-16",436,12062,1,"380-436120621","11/16/2023"
"13311","Ukraine","Soviet Union","46 BRM-1(K) reconnaissance vehicle","destroyed","https://i.postimg.cc/4dsFzt7v/443.png","2023-11-16",436,12063,1,"380-436120631","11/16/2023"
"13312","Ukraine","Soviet Union","46 BRM-1(K) reconnaissance vehicle","destroyed","https://twitter.com/UAWeapons/status/1570492289751064577","2023-11-16",436,12064,1,"380-436120641","11/16/2023"
"13313","Ukraine","Soviet Union","46 BRM-1(K) reconnaissance vehicle","destroyed","https://twitter.com/UAWeapons/status/1577377873714888730","2023-11-16",436,12065,1,"380-436120651","11/16/2023"
"13314","Ukraine","Soviet Union","46 BRM-1(K) reconnaissance vehicle","destroyed","https://i.postimg.cc/T2Bwqz45/g5.png","2023-11-16",436,12066,1,"380-436120661","11/16/2023"
"13315","Ukraine","Soviet Union","46 BRM-1(K) reconnaissance vehicle","destroyed","https://i.postimg.cc/L8KckyKD/f77.png","2023-11-16",436,12067,1,"380-436120671","11/16/2023"
"13316","Ukraine","Soviet Union","46 BRM-1(K) reconnaissance vehicle","destroyed","https://i.postimg.cc/05dZcBYY/5477.png","2023-11-16",436,12068,1,"380-436120681","11/16/2023"
"13317","Ukraine","Soviet Union","46 BRM-1(K) reconnaissance vehicle","destroyed","https://i.postimg.cc/rwWDNvWc/4370.png","2023-11-16",436,12069,1,"380-436120691","11/16/2023"
"13318","Ukraine","Soviet Union","46 BRM-1(K) reconnaissance vehicle","destroyed","https://i.postimg.cc/52YLfT4Z/2003-rm-1k-destr.jpg","2023-11-16",436,12070,1,"380-436120701","11/16/2023"
"13319","Ukraine","Soviet Union","46 BRM-1(K) reconnaissance vehicle","destroyed","https://i.postimg.cc/1t8MSQ1W/669.png","2023-11-16",436,12071,1,"380-436120711","11/16/2023"
"13320","Ukraine","Soviet Union","46 BRM-1(K) reconnaissance vehicle","destroyed","https://i.postimg.cc/3x8PcZcj/2022-06-03-UA-BRM-1-K-destroyed.jpg","2023-11-16",436,12072,1,"380-436120721","11/16/2023"
"13321","Ukraine","Soviet Union","46 BRM-1(K) reconnaissance vehicle","destroyed","https://i.postimg.cc/W4GyLzLh/2006-bmp1-destr.jpg","2023-11-16",436,12073,1,"380-436120731","11/16/2023"
"13322","Ukraine","Soviet Union","46 BRM-1(K) reconnaissance vehicle","destroyed","https://i.postimg.cc/7YrzDnkQ/2000-bmp1-destr.jpg","2023-11-16",436,12074,1,"380-436120741","11/16/2023"
"13323","Ukraine","Soviet Union","46 BRM-1(K) reconnaissance vehicle","destroyed","https://i.postimg.cc/R0309yN9/2000-brm1-capt-18-01-23.jpg","2023-11-16",436,12075,1,"380-436120751","11/16/2023"
"13324","Ukraine","Soviet Union","46 BRM-1(K) reconnaissance vehicle","destroyed","https://i.postimg.cc/QCt9RD1Y/2002-brm-1k-destr-12-04-23.jpg","2023-11-16",436,12076,1,"380-436120761","11/16/2023"
"13325","Ukraine","Soviet Union","46 BRM-1(K) reconnaissance vehicle","destroyed","https://i.postimg.cc/dVBcmcgS/2006-brm-1k-destr-29-05-23.jpg","2023-11-16",436,12077,1,"380-436120771","11/16/2023"
"13326","Ukraine","Soviet Union","46 BRM-1(K) reconnaissance vehicle","destroyed","https://i.postimg.cc/ZK4Mznwm/2030-BRM-1-K-reconnaissance-vehicle-destr-30-11-22.jpg","2023-11-16",436,12078,1,"380-436120781","11/16/2023"
"13327","Ukraine","Soviet Union","46 BRM-1(K) reconnaissance vehicle","destroyed","https://i.postimg.cc/SsCBK01C/2053-BRM-1-K-destr-08-06-23.jpg","2023-11-16",436,12079,1,"380-436120791","11/16/2023"
"13328","Ukraine","Soviet Union","46 BRM-1(K) reconnaissance vehicle","destroyed","https://i.postimg.cc/wBjfhvhk/2005-brm-1k-destr-10-06-23.jpg","2023-11-16",436,12080,1,"380-436120801","11/16/2023"
"13329","Ukraine","Soviet Union","46 BRM-1(K) reconnaissance vehicle","destroyed","https://i.postimg.cc/Rq5XfMmc/2002-BRM-1-K-bmp1-and-t72ea-destr-27-07-23.jpg","2023-11-16",436,11812,1,"380-436118121","11/16/2023"
"13330","Ukraine","Soviet Union","46 BRM-1(K) reconnaissance vehicle","destroyed","https://i.postimg.cc/k4yT8r4Z/2003-BRM-1-K-destr-27-07-23.jpg","2023-11-16",436,12081,1,"380-436120811","11/16/2023"
"13331","Ukraine","Soviet Union","46 BRM-1(K) reconnaissance vehicle","destroyed","https://i.postimg.cc/Hsr8XQHY/1000-bmp2.jpg","2023-11-16",436,12082,1,"380-436120821","11/16/2023"
"13332","Ukraine","Soviet Union","46 BRM-1(K) reconnaissance vehicle","destroyed","https://i.postimg.cc/d1GX9MQ4/32d.png","2023-11-16",436,12083,1,"380-436120831","11/16/2023"
"13333","Ukraine","Soviet Union","46 BRM-1(K) reconnaissance vehicle","destroyed","https://i.postimg.cc/SR2nPG5T/32d3.png","2023-11-16",436,12084,1,"380-436120841","11/16/2023"
"13334","Ukraine","Soviet Union","46 BRM-1(K) reconnaissance vehicle","destroyed","https://i.postimg.cc/NjLXjn4H/76g.png","2023-11-16",436,12085,1,"380-436120851","11/16/2023"
"13335","Ukraine","Soviet Union","46 BRM-1(K) reconnaissance vehicle","destroyed","https://i.postimg.cc/5tN20khN/2012-brm1k-destr-31-08-23.jpg","2023-11-16",436,12086,1,"380-436120861","11/16/2023"
"13336","Ukraine","Soviet Union","46 BRM-1(K) reconnaissance vehicle","destroyed","https://i.postimg.cc/gJ95qHBd/2010-brm1k-destr-15-10-23.jpg","2023-11-16",436,12087,1,"380-436120871","11/16/2023"
"13337","Ukraine","Soviet Union","46 BRM-1(K) reconnaissance vehicle","damaged","https://i.postimg.cc/8cSMSpVT/d32.png","2023-11-16",436,12088,2,"380-436120882","11/16/2023"
"13338","Ukraine","Soviet Union","46 BRM-1(K) reconnaissance vehicle","damaged","https://twitter.com/UAWeapons/status/1568241700921016320","2023-11-16",436,12089,2,"380-436120892","11/16/2023"
"13339","Ukraine","Soviet Union","46 BRM-1(K) reconnaissance vehicle","abandoned","https://twitter.com/UAWeapons/status/1568241700921016320","2023-11-16",436,12089,4,"380-436120894","11/16/2023"
"13340","Ukraine","Soviet Union","46 BRM-1(K) reconnaissance vehicle","abandoned","https://twitter.com/UAWeapons/status/1574132894846648320","2023-11-16",436,12090,4,"380-436120904","11/16/2023"
"13341","Ukraine","Soviet Union","46 BRM-1(K) reconnaissance vehicle","abandoned","https://i.postimg.cc/6ptM7DrQ/4388.png","2023-11-16",436,12091,4,"380-436120914","11/16/2023"
"13342","Ukraine","Soviet Union","46 BRM-1(K) reconnaissance vehicle","abandoned","https://i.postimg.cc/0NKFHnSc/2016-BRM-1-K-aband-16-06-23.jpg","2023-11-16",436,12092,4,"380-436120924","11/16/2023"
"13343","Ukraine","Soviet Union","46 BRM-1(K) reconnaissance vehicle","damaged","https://i.postimg.cc/tC4jmbcK/446.png","2023-11-16",436,12093,2,"380-436120932","11/16/2023"
"13344","Ukraine","Soviet Union","46 BRM-1(K) reconnaissance vehicle","captured","https://i.postimg.cc/tC4jmbcK/446.png","2023-11-16",436,12093,3,"380-436120933","11/16/2023"
"13345","Ukraine","Soviet Union","46 BRM-1(K) reconnaissance vehicle","captured","https://i.postimg.cc/ZnMyg04W/6669.jpg","2023-11-16",436,12094,3,"380-436120943","11/16/2023"
"13346","Ukraine","Soviet Union","46 BRM-1(K) reconnaissance vehicle","captured","https://i.postimg.cc/0Q71gWbb/652.png","2023-11-16",436,12095,3,"380-436120953","11/16/2023"
"13347","Ukraine","Soviet Union","46 BRM-1(K) reconnaissance vehicle","captured","https://i.postimg.cc/QxBnrw8S/431130.png","2023-11-16",436,12096,3,"380-436120963","11/16/2023"
"13348","Ukraine","Soviet Union","46 BRM-1(K) reconnaissance vehicle","captured","https://i.postimg.cc/65pcRcw1/448.png","2023-11-16",436,12097,3,"380-436120973","11/16/2023"
"13349","Ukraine","Soviet Union","46 BRM-1(K) reconnaissance vehicle","captured","https://postimg.cc/Xrdg4kJx","2023-11-16",436,12098,3,"380-436120983","11/16/2023"
"13350","Ukraine","Soviet Union","46 BRM-1(K) reconnaissance vehicle","captured","https://i.postimg.cc/2yBG8fjb/433.png","2023-11-16",436,12099,3,"380-436120993","11/16/2023"
"13351","Ukraine","Soviet Union","46 BRM-1(K) reconnaissance vehicle","captured","https://i.postimg.cc/NfT6jcpW/98.png","2023-11-16",436,12100,3,"380-436121003","11/16/2023"
"13352","Ukraine","Soviet Union","46 BRM-1(K) reconnaissance vehicle","captured","https://i.postimg.cc/3xTgycqW/f1.png","2023-11-16",436,12101,3,"380-436121013","11/16/2023"
"13353","Ukraine","Soviet Union","46 BRM-1(K) reconnaissance vehicle","captured","https://i.postimg.cc/fTY3rthp/2006-BRM-1-K-capt-12-12-22.jpg","2023-11-16",436,12102,3,"380-436121023","11/16/2023"
"13354","Ukraine","Soviet Union","46 BRM-1(K) reconnaissance vehicle","captured","https://i.postimg.cc/m2yfDgT6/2010-BRM-1-K-reconnaissance-vehicle-capt-02-08-22.jpg","2023-11-16",436,12103,3,"380-436121033","11/16/2023"
"13355","Ukraine","Soviet Union","46 BRM-1(K) reconnaissance vehicle","captured","https://twitter.com/UAWeapons/status/1558408794018877441","2023-11-16",436,12104,3,"380-436121043","11/16/2023"
"13356","Ukraine","Soviet Union","BRDM-2","destroyed","https://postimg.cc/fVx7vWcJ","2023-11-16",437,12105,1,"380-437121051","11/16/2023"
"13357","Ukraine","Soviet Union","BRDM-2","destroyed","https://i.postimg.cc/ht3GCSkq/388.png","2023-11-16",437,12106,1,"380-437121061","11/16/2023"
"13358","Ukraine","Soviet Union","BRDM-2","destroyed","https://i.postimg.cc/ZngwN0QL/b1.png","2023-11-16",437,12107,1,"380-437121071","11/16/2023"
"13359","Ukraine","Soviet Union","BRDM-2","destroyed","https://i.postimg.cc/gJy48H5H/380.png","2023-11-16",437,12108,1,"380-437121081","11/16/2023"
"13360","Ukraine","Soviet Union","BRDM-2","destroyed","https://i.postimg.cc/SQMHBs2q/2006.png","2023-11-16",437,12109,1,"380-437121091","11/16/2023"
"13361","Ukraine","Soviet Union","BRDM-2","destroyed","https://postimg.cc/fS4PHG92","2023-11-16",437,12110,1,"380-437121101","11/16/2023"
"13362","Ukraine","Soviet Union","BRDM-2","destroyed","https://postimg.cc/gn7gNFbv","2023-11-16",437,12111,1,"380-437121111","11/16/2023"
"13363","Ukraine","Soviet Union","BRDM-2","destroyed","https://i.postimg.cc/wM4r5VgP/c9.png","2023-11-16",437,12112,1,"380-437121121","11/16/2023"
"13364","Ukraine","Soviet Union","BRDM-2","destroyed","https://i.postimg.cc/mZFYPYmc/331f.png","2023-11-16",437,12113,1,"380-437121131","11/16/2023"
"13365","Ukraine","Soviet Union","BRDM-2","destroyed","https://i.postimg.cc/mkykpPt7/6h8.png","2023-11-16",437,12114,1,"380-437121141","11/16/2023"
"13366","Ukraine","Soviet Union","BRDM-2","destroyed","https://i.postimg.cc/XY8hN4yx/7j.png","2023-11-16",437,12115,1,"380-437121151","11/16/2023"
"13367","Ukraine","Soviet Union","BRDM-2","destroyed","https://i.postimg.cc/Jn29hRYf/33270.png","2023-11-16",437,12116,1,"380-437121161","11/16/2023"
"13368","Ukraine","Soviet Union","BRDM-2","destroyed","https://postimg.cc/XBVT9YCd","2023-11-16",437,12117,1,"380-437121171","11/16/2023"
"13369","Ukraine","Soviet Union","BRDM-2","destroyed","https://twitter.com/UAWeapons/status/1566786799548223491","2023-11-16",437,12118,1,"380-437121181","11/16/2023"
"13370","Ukraine","Soviet Union","BRDM-2","destroyed","https://i.postimg.cc/QtFT2N3R/44988.png","2023-11-16",437,12119,1,"380-437121191","11/16/2023"
"13371","Ukraine","Soviet Union","BRDM-2","destroyed","https://i.postimg.cc/65QMgQHw/3328.png","2023-11-16",437,12120,1,"380-437121201","11/16/2023"
"13372","Ukraine","Soviet Union","BRDM-2","destroyed","https://i.postimg.cc/MpmXv3dw/2022-09-29-UA-BRDM-2-1.jpg","2023-11-16",437,12121,1,"380-437121211","11/16/2023"
"13373","Ukraine","Soviet Union","BRDM-2","destroyed","https://i.postimg.cc/HLz3dRwD/f455.png","2023-11-16",437,12122,1,"380-437121221","11/16/2023"
"13374","Ukraine","Soviet Union","BRDM-2","destroyed","https://i.postimg.cc/jCVYXKq1/2022-09-29-UA-BRDM-2-2.jpg","2023-11-16",437,12123,1,"380-437121231","11/16/2023"
"13375","Ukraine","Soviet Union","BRDM-2","destroyed","https://postimg.cc/yJN6p83q","2023-11-16",437,12124,1,"380-437121241","11/16/2023"
"13376","Ukraine","Soviet Union","BRDM-2","destroyed","https://i.postimg.cc/6pQ0W6y2/f449.png","2023-11-16",437,12125,1,"380-437121251","11/16/2023"
"13377","Ukraine","Soviet Union","BRDM-2","destroyed","https://i.postimg.cc/d0wg5p9j/3d7.png","2023-11-16",437,12126,1,"380-437121261","11/16/2023"
"13378","Ukraine","Soviet Union","BRDM-2","destroyed","https://i.postimg.cc/Y9G26x2c/3r3.png","2023-11-16",437,12127,1,"380-437121271","11/16/2023"
"13379","Ukraine","Soviet Union","BRDM-2","destroyed","https://i.postimg.cc/Qx4p5STs/2006-BRDM-2-destr.jpg","2023-11-16",437,12128,1,"380-437121281","11/16/2023"
"13380","Ukraine","Soviet Union","BRDM-2","destroyed","https://i.postimg.cc/6qPrkQs7/2004-brdm2-destr-20-01-23.jpg","2023-11-16",437,12129,1,"380-437121291","11/16/2023"
"13381","Ukraine","Soviet Union","BRDM-2","destroyed","https://i.postimg.cc/8c3mp6Vn/2005-BRDM-2-destr-25-02-22.jpg","2023-11-16",437,12130,1,"380-437121301","11/16/2023"
"13382","Ukraine","Soviet Union","BRDM-2","destroyed","https://i.postimg.cc/qMBcCZx6/2015-BRDM-2-destr-12-03-23.png","2023-11-16",437,12131,1,"380-437121311","11/16/2023"
"13383","Ukraine","Soviet Union","BRDM-2","destroyed","https://i.postimg.cc/kMvFGdKd/2016-BRDM-2-destr-12-03-23.png","2023-11-16",437,12132,1,"380-437121321","11/16/2023"
"13384","Ukraine","Soviet Union","BRDM-2","destroyed","https://i.postimg.cc/NjgPmW7W/218.png","2023-11-16",437,12133,1,"380-437121331","11/16/2023"
"13385","Ukraine","Soviet Union","BRDM-2","destroyed","https://i.postimg.cc/QCrNpM0N/267.png","2023-11-16",437,12134,1,"380-437121341","11/16/2023"
"13386","Ukraine","Soviet Union","BRDM-2","destroyed","https://i.postimg.cc/xCjrNzGN/2012-brdm2-destr-27-04-23.jpg","2023-11-16",437,12135,1,"380-437121351","11/16/2023"
"13387","Ukraine","Soviet Union","BRDM-2","destroyed","https://i.postimg.cc/ryvHV8X6/2022-brdm2-destr-24-02-22.jpg","2023-11-16",437,12136,1,"380-437121361","11/16/2023"
"13388","Ukraine","Soviet Union","BRDM-2","destroyed","https://i.postimg.cc/NMdKj3dh/2011-BRDM-2-destr-18-05-23.jpg","2023-11-16",437,12137,1,"380-437121371","11/16/2023"
"13389","Ukraine","Soviet Union","BRDM-2","destroyed","https://i.postimg.cc/YSf4JGgC/2039-BRDM2-destr-12-05-23.jpg","2023-11-16",437,12138,1,"380-437121381","11/16/2023"
"13390","Ukraine","Soviet Union","BRDM-2","destroyed","https://i.postimg.cc/50x73p5b/2004-BRDM-2-destr-20-07-23.jpg","2023-11-16",437,12139,1,"380-437121391","11/16/2023"
"13391","Ukraine","Soviet Union","BRDM-2","destroyed","https://i.postimg.cc/QMgY1vTf/2005-BRDM-2-destr-20-07-23.jpg","2023-11-16",437,12140,1,"380-437121401","11/16/2023"
"13392","Ukraine","Soviet Union","BRDM-2","destroyed","https://i.postimg.cc/GhxLsFCm/2008-BRDM-2-destr-11-03-22.jpg","2023-11-16",437,12141,1,"380-437121411","11/16/2023"
"13393","Ukraine","Soviet Union","BRDM-2","captured","https://i.postimg.cc/wjZZCBgG/Screenshot-8367.png","2023-11-16",437,12142,3,"380-437121423","11/16/2023"
"13394","Ukraine","Soviet Union","BRDM-2","captured","https://i.postimg.cc/SxJH19F9/Screenshot-8366.png","2023-11-16",437,12143,3,"380-437121433","11/16/2023"
"13395","Ukraine","Soviet Union","BRDM-2","captured","https://i.postimg.cc/ry5PsgNL/d13.png","2023-11-16",437,12144,3,"380-437121443","11/16/2023"
"13396","Ukraine","Soviet Union","BRDM-2","captured","https://i.postimg.cc/ZYQhmscP/438.png","2023-11-16",437,12145,3,"380-437121453","11/16/2023"
"13397","Ukraine","Soviet Union","BRDM-2","captured","https://i.postimg.cc/fRy80Tc8/542.png","2023-11-16",437,12146,3,"380-437121463","11/16/2023"
"13398","Ukraine","Soviet Union","BRDM-2","captured","https://i.postimg.cc/KcC7csQq/477.png","2023-11-16",437,12147,3,"380-437121473","11/16/2023"
"13399","Ukraine","Soviet Union","BRDM-2","captured","https://postimg.cc/N5m5ZWWj","2023-11-16",437,12148,3,"380-437121483","11/16/2023"
"13400","Ukraine","Soviet Union","BRDM-2","captured","https://i.postimg.cc/Lsmp3xYM/37.png","2023-11-16",437,12149,3,"380-437121493","11/16/2023"
"13401","Ukraine","Soviet Union","BRDM-2","captured","https://i.postimg.cc/RZfGyS3W/4330.png","2023-11-16",437,12150,3,"380-437121503","11/16/2023"
"13402","Ukraine","Soviet Union","BRDM-2","captured","https://postimg.cc/pyv7D8Rc","2023-11-16",437,12151,3,"380-437121513","11/16/2023"
"13403","Ukraine","Soviet Union","BRDM-2","captured","https://i.postimg.cc/Znpzq7dX/f9.png","2023-11-16",437,12152,3,"380-437121523","11/16/2023"
"13404","Ukraine","Soviet Union","BRDM-2","captured","https://i.postimg.cc/x1Pz37Vk/5577.png","2023-11-16",437,12153,3,"380-437121533","11/16/2023"
"13405","Ukraine","Soviet Union","BRDM-2","captured","https://i.postimg.cc/7Pg0LbtM/553.png","2023-11-16",437,12154,3,"380-437121543","11/16/2023"
"13406","Ukraine","Soviet Union","BRDM-2","captured","https://i.postimg.cc/Nf1s0JTN/a3.png","2023-11-16",437,12155,3,"380-437121553","11/16/2023"
"13407","Ukraine","Soviet Union","BRDM-2","captured","https://i.postimg.cc/XvMt3H7S/4gj.png","2023-11-16",437,12156,3,"380-437121563","11/16/2023"
"13408","Ukraine","Soviet Union","BRDM-2","captured","https://i.postimg.cc/x8NZ9VzQ/bl.png","2023-11-16",437,12157,3,"380-437121573","11/16/2023"
"13409","Ukraine","Soviet Union","BRDM-2","captured","https://i.postimg.cc/vBJzLg4R/bl.png","2023-11-16",437,12158,3,"380-437121583","11/16/2023"
"13410","Ukraine","Soviet Union","BRDM-2","captured","https://postimg.cc/qgxtrDB5","2023-11-16",437,12159,3,"380-437121593","11/16/2023"
"13411","Ukraine","Soviet Union","BRDM-2","captured","https://i.postimg.cc/QNKN2xMZ/a1.png","2023-11-16",437,12160,3,"380-437121603","11/16/2023"
"13412","Ukraine","Soviet Union","BRDM-2","captured","https://i.postimg.cc/prR1T8PR/2055-BRDM-2-capt-08-07-22.jpg","2023-11-16",437,12161,3,"380-437121613","11/16/2023"
"13413","Ukraine","Soviet Union","BRDM-2","captured","https://postimg.cc/nCXkc0fN","2023-11-16",437,12162,3,"380-437121623","11/16/2023"
"13414","Ukraine","Soviet Union","BRDM-2","captured","https://postimg.cc/XG8NLbhr","2023-11-16",437,12163,3,"380-437121633","11/16/2023"
"13415","Ukraine","Ukraine","BRDM-2L1","destroyed","https://postimg.cc/WhTyyztk","2023-11-16",438,12164,1,"380-438121641","11/16/2023"
"13416","Ukraine","Ukraine","BRDM-2L1","destroyed","https://postimg.cc/R3y8pTnS","2023-11-16",438,12165,1,"380-438121651","11/16/2023"
"13417","Ukraine","Ukraine","BRDM-2L1","destroyed","https://i.postimg.cc/zB37hLrN/s3.png","2023-11-16",438,12166,1,"380-438121661","11/16/2023"
"13418","Ukraine","Ukraine","BRDM-2L1","destroyed","https://i.postimg.cc/XvY1CmCn/8j.png","2023-11-16",438,12167,1,"380-438121671","11/16/2023"
"13419","Ukraine","Ukraine","BRDM-2L1","destroyed","https://i.postimg.cc/6pwbxCDL/62.png","2023-11-16",438,12168,1,"380-438121681","11/16/2023"
"13420","Ukraine","Ukraine","BRDM-2L1","destroyed","https://i.postimg.cc/9M2VBs6f/25.png","2023-11-16",438,12169,1,"380-438121691","11/16/2023"
"13421","Ukraine","Ukraine","BRDM-2L1","destroyed","https://i.postimg.cc/KYS1C2kz/7j.jpg","2023-11-16",438,12170,1,"380-438121701","11/16/2023"
"13422","Ukraine","Ukraine","BRDM-2L1","destroyed","https://i.postimg.cc/JnSFMQKx/431.png","2023-11-16",438,12171,1,"380-438121711","11/16/2023"
"13423","Ukraine","Ukraine","BRDM-2L1","destroyed","https://twitter.com/UAWeapons/status/1543956188957757441","2023-11-16",438,12172,1,"380-438121721","11/16/2023"
"13424","Ukraine","Ukraine","BRDM-2L1","destroyed","https://twitter.com/UAWeapons/status/1545021770008240130","2023-11-16",438,12173,1,"380-438121731","11/16/2023"
"13425","Ukraine","Ukraine","BRDM-2L1","destroyed","https://i.postimg.cc/ZR74W6B7/f4v.png","2023-11-16",438,12174,1,"380-438121741","11/16/2023"
"13426","Ukraine","Ukraine","BRDM-2L1","destroyed","https://i.postimg.cc/zGqvmc01/d33.png","2023-11-16",438,12175,1,"380-438121751","11/16/2023"
"13427","Ukraine","Ukraine","BRDM-2L1","destroyed","https://i.postimg.cc/BnLsX84N/8j.png","2023-11-16",438,12176,1,"380-438121761","11/16/2023"
"13428","Ukraine","Ukraine","BRDM-2L1","destroyed","https://postimg.cc/HjkmJ64K","2023-11-16",438,12177,1,"380-438121771","11/16/2023"
"13429","Ukraine","Ukraine","BRDM-2L1","destroyed","https://i.postimg.cc/nL9NTSm1/368.png","2023-11-16",438,12178,1,"380-438121781","11/16/2023"
"13430","Ukraine","Ukraine","BRDM-2L1","destroyed","https://i.postimg.cc/JhCvmb4n/2003-brdm2l-destr.jpg","2023-11-16",438,12179,1,"380-438121791","11/16/2023"
"13431","Ukraine","Ukraine","BRDM-2L1","destroyed","https://i.postimg.cc/XNkWMb7j/2007-2x-BRDM-2-L1-destr.jpg","2023-11-16",438,12180,1,"380-438121801","11/16/2023"
"13432","Ukraine","Ukraine","BRDM-2L1","destroyed","https://i.postimg.cc/fRrZHfWY/2000-BRDM-2-L1-destr.jpg","2023-11-16",438,12181,1,"380-438121811","11/16/2023"
"13433","Ukraine","Ukraine","BRDM-2L1","destroyed","https://i.postimg.cc/NM1cjh6x/2002-BRDM-2-L1-destr.jpg","2023-11-16",438,12182,1,"380-438121821","11/16/2023"
"13434","Ukraine","Ukraine","BRDM-2L1","destroyed","https://i.postimg.cc/ZYxMQfLR/2056-BRDM-2-destr-25-03-22.jpg","2023-11-16",438,12183,1,"380-438121831","11/16/2023"
"13435","Ukraine","Ukraine","BRDM-2L1","destroyed","https://i.postimg.cc/7LfBZ7WC/2001-BRDM-2-L1-destr-14-02-23.jpg","2023-11-16",438,12184,1,"380-438121841","11/16/2023"
"13436","Ukraine","Ukraine","BRDM-2L1","destroyed","https://i.postimg.cc/25wdqJDW/2002-BRDM-2-L1-destr-03-03-23.jpg","2023-11-16",438,12185,1,"380-438121851","11/16/2023"
"13437","Ukraine","Ukraine","BRDM-2L1","destroyed","https://i.postimg.cc/9F7GPz2C/2004-BRDM-2-L1-destr-03-03-23.jpg","2023-11-16",438,12186,1,"380-438121861","11/16/2023"
"13438","Ukraine","Ukraine","BRDM-2L1","destroyed","https://i.postimg.cc/FzVvy1vY/2021-BRDM-2-L1-destr-02-08-23.jpg","2023-11-16",438,12187,1,"380-438121871","11/16/2023"
"13439","Ukraine","Ukraine","BRDM-2L1","destroyed","https://i.postimg.cc/ZnJVmxT5/4437.png","2023-11-16",438,12188,1,"380-438121881","11/16/2023"
"13440","Ukraine","Ukraine","BRDM-2L1","destroyed","https://i.postimg.cc/PxRX3RJn/55g5.png","2023-11-16",438,12189,1,"380-438121891","11/16/2023"
"13441","Ukraine","Ukraine","BRDM-2L1","destroyed","https://i.postimg.cc/KYqTCB0t/224w.png","2023-11-16",438,12190,1,"380-438121901","11/16/2023"
"13442","Ukraine","Ukraine","BRDM-2L1","destroyed","https://i.postimg.cc/XJJwGyxc/32d0.png","2023-11-16",438,12191,1,"380-438121911","11/16/2023"
"13443","Ukraine","Ukraine","BRDM-2L1","destroyed","https://i.postimg.cc/gcfjDsZN/2015-BRDM-2-L1-destr-29-09-23.jpg","2023-11-16",438,12192,1,"380-438121921","11/16/2023"
"13444","Ukraine","Ukraine","BRDM-2L1","damaged","https://i.postimg.cc/brg6QFkk/2.png","2023-11-16",438,12193,2,"380-438121932","11/16/2023"
"13445","Ukraine","Ukraine","BRDM-2L1","captured","https://i.postimg.cc/Xqx0khyv/768.png","2023-11-16",438,12194,3,"380-438121943","11/16/2023"
"13446","Ukraine","Ukraine","BRDM-2L1","captured","https://i.postimg.cc/1RvcMjbR/3hl.png","2023-11-16",438,12195,3,"380-438121953","11/16/2023"
"13447","Ukraine","Ukraine","BRDM-2L1","captured","https://i.postimg.cc/HL340vkC/27.png","2023-11-16",438,12196,3,"380-438121963","11/16/2023"
"13448","Ukraine","Ukraine","BRDM-2L1","captured","https://i.postimg.cc/bYGkc8Kq/358.png","2023-11-16",438,12197,3,"380-438121973","11/16/2023"
"13449","Ukraine","Ukraine","BRDM-2L1","captured","https://i.postimg.cc/bwB497M3/a11.png","2023-11-16",438,12198,3,"380-438121983","11/16/2023"
"13450","Ukraine","Ukraine","BRDM-2L1","captured","https://i.postimg.cc/bJVvTZqm/4490.png","2023-11-16",438,12199,3,"380-438121993","11/16/2023"
"13451","Ukraine","Ukraine","BRDM-2L1","captured","https://i.postimg.cc/TYfDBCPr/577.png","2023-11-16",438,12200,3,"380-438122003","11/16/2023"
"13452","Ukraine","Ukraine","BRDM-2L1","captured","https://i.postimg.cc/MKcHscPj/g544.png","2023-11-16",438,12201,3,"380-438122013","11/16/2023"
"13453","Ukraine","Ukraine","BRDM-2L1","captured","https://i.postimg.cc/Y0pYBKNR/325.png","2023-11-16",438,12202,3,"380-438122023","11/16/2023"
"13454","Ukraine","Ukraine","BRDM-2L1","captured","https://postimg.cc/HJBwFzYS","2023-11-16",438,12203,3,"380-438122033","11/16/2023"
"13455","Ukraine","Ukraine","BRDM-2L1","captured","https://postimg.cc/5YQxLzJ2","2023-11-16",438,12204,3,"380-438122043","11/16/2023"
"13456","Ukraine","Ukraine","BRDM-2L1","captured","https://postimg.cc/kVfcKVcz","2023-11-16",438,12205,3,"380-438122053","11/16/2023"
"13457","Ukraine","Ukraine","BRDM-2L1","captured","https://postimg.cc/WDk10Wxx","2023-11-16",438,12206,3,"380-438122063","11/16/2023"
"13458","Ukraine","Ukraine","BRDM-2L1","captured","https://i.postimg.cc/SK8Fvjz3/187.png","2023-11-16",438,12207,3,"380-438122073","11/16/2023"
"13459","Ukraine","Ukraine","BRDM-2L1","captured","https://i.postimg.cc/vmSxJFrB/2008-BRDM-2-L1-capt-28-02-22.jpg","2023-11-16",438,12208,3,"380-438122083","11/16/2023"
"13460","Ukraine","Ukraine","BRDM-2L1","captured","https://i.postimg.cc/kGvzFsT2/2053-BRDM-2-capt-23-03-22.jpg","2023-11-16",438,12209,3,"380-438122093","11/16/2023"
"13461","Ukraine","Ukraine","BRDM-2L1","captured","https://i.postimg.cc/j5VFpm9W/2054-BRDM-2-capt-06-04-22.jpg","2023-11-16",438,12210,3,"380-438122103","11/16/2023"
"13462","Ukraine","Soviet Union","BRDM-2RKhb chemical reconnaissance vehicle","destroyed","https://i.postimg.cc/gk37TCky/57h.png","2023-11-16",439,12211,1,"380-439122111","11/16/2023"
"13463","Ukraine","Soviet Union","BRDM-2RKhb chemical reconnaissance vehicle","destroyed","https://twitter.com/UAWeapons/status/1583805930461794306","2023-11-16",439,11646,1,"380-439116461","11/16/2023"
"13464","Ukraine","Soviet Union","BRDM-2RKhb chemical reconnaissance vehicle","destroyed","https://i.postimg.cc/65H1Wygx/2058-BRDM-2-RKh-B-CBRN-reconnaissance-vehicle-destr-05-05-22.jpg","2023-11-16",439,12212,1,"380-439122121","11/16/2023"
"13465","Ukraine","Soviet Union","BRDM-2RKhb chemical reconnaissance vehicle","destroyed","https://i.postimg.cc/wTc9ZjJk/870.png","2023-11-16",439,12213,1,"380-439122131","11/16/2023"
"13466","Ukraine","Soviet Union","BRDM-2RKhb chemical reconnaissance vehicle","destroyed","https://i.postimg.cc/T3Fgs0nm/37.png","2023-11-16",439,12214,1,"380-439122141","11/16/2023"
"13467","Ukraine","Soviet Union","BRDM-2RKhb chemical reconnaissance vehicle","destroyed","https://i.postimg.cc/sDBwnx0y/2001-brdm2-destr.jpg","2023-11-16",439,12215,1,"380-439122151","11/16/2023"
"13468","Ukraine","Soviet Union","BRDM-2RKhb chemical reconnaissance vehicle","captured","https://i.postimg.cc/YCjxkW7g/2010-BRDM-2-RKh-B-CBRN-capt-31-03-22.jpg","2023-11-16",439,12216,3,"380-439122163","11/16/2023"
"13469","Ukraine","Soviet Union","BRDM-2RKhb chemical reconnaissance vehicle","captured","https://postimg.cc/47D1F81D","2023-11-16",439,12217,3,"380-439122173","11/16/2023"
"13470","Ukraine","Ukraine","Vepr","destroyed","https://postimg.cc/LYvD1j1F","2023-11-16",440,12218,1,"380-440122181","11/16/2023"
"13471","Ukraine","Ukraine","Vepr","destroyed","https://i.postimg.cc/P5pKdK11/2057-Vepr-destr-28-03-22.jpg","2023-11-16",440,12219,1,"380-440122191","11/16/2023"
"13472","Ukraine","Soviet Union","MT-LB","destroyed","https://i.postimg.cc/ry4rL6Zz/4fs.png","2023-11-16",46,12220,1,"380-46122201","11/16/2023"
"13473","Ukraine","Soviet Union","MT-LB","destroyed","https://i.postimg.cc/15LSXyBT/5488.png","2023-11-16",46,12221,1,"380-46122211","11/16/2023"
"13474","Ukraine","Soviet Union","MT-LB","destroyed","https://twitter.com/UAWeapons/status/1531327070852325377","2023-11-16",46,12222,1,"380-46122221","11/16/2023"
"13475","Ukraine","Soviet Union","MT-LB","destroyed","https://i.postimg.cc/j2HZFYJD/37.png","2023-11-16",46,12223,1,"380-46122231","11/16/2023"
"13476","Ukraine","Soviet Union","MT-LB","destroyed","https://twitter.com/RALee85/status/1546178363567529984","2023-11-16",46,12224,1,"380-46122241","11/16/2023"
"13477","Ukraine","Soviet Union","MT-LB","destroyed","https://i.postimg.cc/1zTgwbHc/4478.png","2023-11-16",46,12225,1,"380-46122251","11/16/2023"
"13478","Ukraine","Soviet Union","MT-LB","destroyed","https://i.postimg.cc/NfD5FLv9/5g.png","2023-11-16",46,12226,1,"380-46122261","11/16/2023"
"13479","Ukraine","Soviet Union","MT-LB","destroyed","https://postlmg.cc/r0hXfX02","2023-11-16",46,12227,1,"380-46122271","11/16/2023"
"13480","Ukraine","Soviet Union","MT-LB","destroyed","https://i.postimg.cc/ydp0QSR2/fn.png","2023-11-16",46,12228,1,"380-46122281","11/16/2023"
"13481","Ukraine","Soviet Union","MT-LB","destroyed","https://i.postimg.cc/cH6bD7ny/321.png","2023-11-16",46,12229,1,"380-46122291","11/16/2023"
"13482","Ukraine","Soviet Union","MT-LB","destroyed","https://i.postimg.cc/nr9tsd8j/558.png","2023-11-16",46,12230,1,"380-46122301","11/16/2023"
"13483","Ukraine","Soviet Union","MT-LB","destroyed","https://i.postimg.cc/gkJf18Gj/2002-mtlb-destr.jpg","2023-11-16",46,12231,1,"380-46122311","11/16/2023"
"13484","Ukraine","Soviet Union","MT-LB","destroyed","https://i.postimg.cc/T2sBR7wX/36.png","2023-11-16",46,12232,1,"380-46122321","11/16/2023"
"13485","Ukraine","Soviet Union","MT-LB","destroyed","https://i.postimg.cc/wTFL3x1S/4437.png","2023-11-16",46,12233,1,"380-46122331","11/16/2023"
"13486","Ukraine","Soviet Union","MT-LB","destroyed","https://i.postimg.cc/pdCf9gRm/2000-mtlb-destr.jpg","2023-11-16",46,12234,1,"380-46122341","11/16/2023"
"13487","Ukraine","Soviet Union","MT-LB","destroyed","https://i.postimg.cc/tgrzYzT7/266.png","2023-11-16",46,12235,1,"380-46122351","11/16/2023"
"13488","Ukraine","Soviet Union","MT-LB","destroyed","https://i.postimg.cc/8P5C3Yjv/1014-mtlb-destr.jpg","2023-11-16",46,12236,1,"380-46122361","11/16/2023"
"13489","Ukraine","Soviet Union","MT-LB","destroyed","https://twitter.com/UAWeapons/status/1592261175110422528","2023-11-16",46,12237,1,"380-46122371","11/16/2023"
"13490","Ukraine","Soviet Union","MT-LB","destroyed","https://i.postimg.cc/28gHgq96/2007-mtlb-destr.jpg","2023-11-16",46,12238,1,"380-46122381","11/16/2023"
"13491","Ukraine","Soviet Union","MT-LB","destroyed","https://i.postimg.cc/FzL9WWtW/887.png","2023-11-16",46,12239,1,"380-46122391","11/16/2023"
"13492","Ukraine","Soviet Union","MT-LB","destroyed","https://i.postimg.cc/Dz1gXZjZ/2060-MT-LB-03-04-22.jpg","2023-11-16",46,12240,1,"380-46122401","11/16/2023"
"13493","Ukraine","Soviet Union","MT-LB","destroyed","https://i.postimg.cc/vHm3NGBq/2061-MT-LB-destr-09-06-22.jpg","2023-11-16",46,12241,1,"380-46122411","11/16/2023"
"13494","Ukraine","Soviet Union","MT-LB","destroyed","https://i.postimg.cc/VsgKgJY0/2062-MT-LB-destr-25-06-22.jpg","2023-11-16",46,12242,1,"380-46122421","11/16/2023"
"13495","Ukraine","Soviet Union","MT-LB","destroyed","https://twitter.com/GirkinGirkin/status/1600879541811281925","2023-11-16",46,12243,1,"380-46122431","11/16/2023"
"13496","Ukraine","Soviet Union","MT-LB","destroyed","https://i.postimg.cc/SQrMmn2k/2003-mtlb-destr-06-12-22.jpg","2023-11-16",46,12244,1,"380-46122441","11/16/2023"
"13497","Ukraine","Soviet Union","MT-LB","destroyed","https://i.postimg.cc/R0tVZQyc/57.png","2023-11-16",46,12245,1,"380-46122451","11/16/2023"
"13498","Ukraine","Soviet Union","MT-LB","destroyed","https://i.postimg.cc/fLQy5bk9/2003-2x-mtlb-destr-14-01-23.jpg","2023-11-16",46,12246,1,"380-46122461","11/16/2023"
"13499","Ukraine","Soviet Union","MT-LB","destroyed","https://i.postimg.cc/KYzn7kGb/2003-mtlb-destr-24-01-23.jpg","2023-11-16",46,12247,1,"380-46122471","11/16/2023"
"13500","Ukraine","Soviet Union","MT-LB","destroyed","https://i.postimg.cc/YqPKV9K7/2015-mtlb-destr-20-02-23.jpg","2023-11-16",46,12248,1,"380-46122481","11/16/2023"
"13501","Ukraine","Soviet Union","MT-LB","destroyed","https://i.postimg.cc/mrrxtb5M/2000-mtlb-destr-23-02-23.jpg","2023-11-16",46,12249,1,"380-46122491","11/16/2023"
"13502","Ukraine","Soviet Union","MT-LB","destroyed","https://i.postimg.cc/kGh3PvdK/2015-mtlb-destr-24-02-22.jpg","2023-11-16",46,12250,1,"380-46122501","11/16/2023"
"13503","Ukraine","Soviet Union","MT-LB","destroyed","https://i.postimg.cc/v8rXnnRk/2011-mtlb-destr-xx-04-22.jpg","2023-11-16",46,12251,1,"380-46122511","11/16/2023"
"13504","Ukraine","Soviet Union","MT-LB","destroyed","https://twitter.com/UAWeapons/status/1646899621749243906","2023-11-16",46,12252,1,"380-46122521","11/16/2023"
"13505","Ukraine","Soviet Union","MT-LB","destroyed","https://i.postimg.cc/R0L50Rtz/2006-mtlb-destr-01-05-23.jpg","2023-11-16",46,12253,1,"380-46122531","11/16/2023"
"13506","Ukraine","Soviet Union","MT-LB","destroyed","https://i.postimg.cc/gkWKtrb0/2008-mtlb-destr-06-05-23.jpg","2023-11-16",46,12254,1,"380-46122541","11/16/2023"
"13507","Ukraine","Soviet Union","MT-LB","destroyed","https://i.postimg.cc/qqYg88fj/2018-mtlb-destr-30-11-22.png","2023-11-16",46,12255,1,"380-46122551","11/16/2023"
"13508","Ukraine","Soviet Union","MT-LB","destroyed","https://i.postimg.cc/8knFQVFM/2019-mtlb-destr-30-11-22.png","2023-11-16",46,12256,1,"380-46122561","11/16/2023"
"13509","Ukraine","Soviet Union","MT-LB","destroyed","https://i.postimg.cc/rmVdcVCC/2040-mtlb-destr-11-05-23.jpg","2023-11-16",46,12257,1,"380-46122571","11/16/2023"
"13510","Ukraine","Soviet Union","MT-LB","destroyed","https://i.postimg.cc/BbthYRR6/2004-mtlb-destr-19-05-23.jpg","2023-11-16",46,12258,1,"380-46122581","11/16/2023"
"13511","Ukraine","Soviet Union","MT-LB","destroyed","https://i.postimg.cc/WprbsRYr/2007-MT-LB-destr-11-03-22.jpg","2023-11-16",46,12259,1,"380-46122591","11/16/2023"
"13512","Ukraine","Soviet Union","MT-LB","destroyed","https://i.postimg.cc/Z54nwskm/2420.png","2023-11-16",46,12260,1,"380-46122601","11/16/2023"
"13513","Ukraine","Soviet Union","MT-LB","destroyed","https://i.postimg.cc/xTQMBdDC/32.png","2023-11-16",46,12261,1,"380-46122611","11/16/2023"
"13514","Ukraine","Soviet Union","MT-LB","destroyed","https://i.postimg.cc/Pq0fKX1f/2003-MT-LB-destr-21-07-23.jpg","2023-11-16",46,12262,1,"380-46122621","11/16/2023"
"13515","Ukraine","Soviet Union","MT-LB","damaged","https://i.postimg.cc/59wRrLqp/2028-MT-LB-dam-29-05-23.jpg","2023-11-16",46,12263,2,"380-46122632","11/16/2023"
"13516","Ukraine","Soviet Union","MT-LB","captured","https://i.postimg.cc/fTkR5p00/12.png","2023-11-16",46,12264,3,"380-46122643","11/16/2023"
"13517","Ukraine","Soviet Union","MT-LB","captured","https://i.postimg.cc/66vbq3wB/776.png","2023-11-16",46,12265,3,"380-46122653","11/16/2023"
"13518","Ukraine","Soviet Union","MT-LB","captured","https://twitter.com/UAWeapons/status/1543548861653843968","2023-11-16",46,12266,3,"380-46122663","11/16/2023"
"13519","Ukraine","Soviet Union","MT-LB","captured","https://twitter.com/UAWeapons/status/1545899373724422151","2023-11-16",46,12267,3,"380-46122673","11/16/2023"
"13520","Ukraine","Soviet Union","MT-LB","captured","https://i.postimg.cc/0QJr82C2/9i.png","2023-11-16",46,12268,3,"380-46122683","11/16/2023"
"13521","Ukraine","Soviet Union","MT-LB","captured","https://i.postimg.cc/VN0nrrkm/2000-mtlb-and-bmp2-capt-05-02-23.jpg","2023-11-16",46,12269,3,"380-46122693","11/16/2023"
"13522","Ukraine","Soviet Union","MT-LB","captured","https://i.postimg.cc/br0JNKt1/2004-mtlb-capt-11-02-23.jpg","2023-11-16",46,12270,3,"380-46122703","11/16/2023"
"13523","Ukraine","Soviet Union","MT-LB","captured","https://i.postimg.cc/hGNgSyJz/2014-mtlb-capt-04-03-22.jpg","2023-11-16",46,12271,3,"380-46122713","11/16/2023"
"13524","Ukraine","Soviet Union","MT-LB with ZU-23 AA gun","destroyed","https://i.postimg.cc/GmFC2VRb/456.png","2023-11-16",441,12272,1,"380-441122721","11/16/2023"
"13525","Ukraine","Soviet Union","MT-LB with ZU-23 AA gun","destroyed","https://postimg.cc/0zHcXggY","2023-11-16",441,12273,1,"380-441122731","11/16/2023"
"13526","Ukraine","Soviet Union","MT-LB with ZU-23 AA gun","destroyed","https://i.postimg.cc/Rhd3fZy0/id33166-06.jpg","2023-11-16",441,12274,1,"380-441122741","11/16/2023"
"13527","Ukraine","Soviet Union","MT-LB with ZU-23 AA gun","destroyed","https://i.postimg.cc/VkgPMXzY/f332.png","2023-11-16",441,12275,1,"380-441122751","11/16/2023"
"13528","Ukraine","Soviet Union","MT-LB with ZU-23 AA gun","destroyed","https://i.postimg.cc/L4PYbN1H/155.png","2023-11-16",441,12276,1,"380-441122761","11/16/2023"
"13529","Ukraine","Soviet Union","MT-LB with ZU-23 AA gun","destroyed","https://i.postimg.cc/B6gBmzGf/2064-MT-LB-with-ZU-23-AA-gun-destr-05-11-22.jpg","2023-11-16",441,12277,1,"380-441122771","11/16/2023"
"13530","Ukraine","Soviet Union","MT-LB with ZU-23 AA gun","destroyed","https://i.postimg.cc/GtY3xh9L/2005-MT-LB-with-ZU-23-AA-gun-destr-04-08-23.jpg","2023-11-16",441,12278,1,"380-441122781","11/16/2023"
"13531","Ukraine","Soviet Union","MT-LB with ZU-23 AA gun","destroyed","https://i.postimg.cc/bvjDCHZ5/2009-MT-LB-with-ZU-23-AA-gun-destr-14-05-23.jpg","2023-11-16",441,12279,1,"380-441122791","11/16/2023"
"13532","Ukraine","Soviet Union","MT-LB with ZU-23 AA gun","destroyed","https://i.postimg.cc/QdxMdnXD/2001-MT-LB-APC-with-ZU-23-2-destr-04-11-23.jpg","2023-11-16",441,12280,1,"380-441122801","11/16/2023"
"13533","Ukraine","Soviet Union","MT-LB with ZU-23 AA gun","captured","https://i.postimg.cc/kMw23yTN/37h.png","2023-11-16",441,12281,3,"380-441122813","11/16/2023"
"13534","Ukraine","Soviet Union","MT-LB with ZU-23 AA gun","captured","https://i.postimg.cc/wxrq7CY2/4f4.png","2023-11-16",441,12282,3,"380-441122823","11/16/2023"
"13535","Ukraine","Soviet Union","1 MT-LB with BPU-1 turret","destroyed","https://i.postimg.cc/hP2pPqV3/2000-MT-LB-with-BPU-1-turret-09-03-23.jpg","2023-11-16",442,12283,1,"380-442122831","11/16/2023"
"13536","Ukraine","Soviet Union","1 MT-LB with 85mm D-44 gun","destroyed","https://i.postimg.cc/d00KPsHN/2001-MT-LB-equipped-with-85mm-D-44-gun-destr-04-10-23.jpg","2023-11-16",443,12284,1,"380-443122841","11/16/2023"
"13537","Ukraine","Soviet Union","BTS-4 ARV with ZU-23 AA gun","captured","https://i.postimg.cc/5tS2GFW7/d30.jpg","2023-11-16",444,12285,3,"380-444122853","11/16/2023"
"13538","Ukraine","Soviet Union","MT-LBu","destroyed","https://i.postimg.cc/tTtGQFZV/34.png","2023-11-16",55,12286,1,"380-55122861","11/16/2023"
"13539","Ukraine","Soviet Union","MT-LBu","destroyed","https://i.postimg.cc/RF2d9TK9/f89.png","2023-11-16",55,12287,1,"380-55122871","11/16/2023"
"13540","Ukraine","Soviet Union","MT-LBu","destroyed","https://i.postimg.cc/dtFWqjs3/2013-xa185-destr-29-07-23.jpg","2023-11-16",55,12288,1,"380-55122881","11/16/2023"
"13541","Ukraine","Soviet Union","MT-LBu","captured","https://i.postimg.cc/qqpf540b/a1.png","2023-11-16",55,12289,3,"380-55122893","11/16/2023"
"13542","Ukraine","Soviet Union","MT-LBu","captured","https://i.postimg.cc/RhB7NvQ0/776.png","2023-11-16",55,12290,3,"380-55122903","11/16/2023"
"13543","Ukraine","Soviet Union","MT-LBu","captured","https://i.postimg.cc/J0LLXs5R/2010-mtlbu-capt-04-05-23.jpg","2023-11-16",55,12291,3,"380-55122913","11/16/2023"
"13544","Ukraine","Ukraine","MT-LB-S Ambulance","destroyed","https://i.postimg.cc/Kcw23zMd/331.png","2023-11-16",445,12292,1,"380-445122921","11/16/2023"
"13545","Ukraine","Ukraine","MT-LB-S Ambulance","destroyed","https://i.postimg.cc/857p1Nfy/dd25.png","2023-11-16",445,12293,1,"380-445122931","11/16/2023"
"13546","Ukraine","Ukraine","MT-LB-S Ambulance","destroyed","https://i.postimg.cc/6pKNbR3y/6655.png","2023-11-16",445,12294,1,"380-445122941","11/16/2023"
"13547","Ukraine","Ukraine","MT-LB-S Ambulance","destroyed","https://i.postimg.cc/gjXpXXqd/144.png","2023-11-16",445,12295,1,"380-445122951","11/16/2023"
"13548","Ukraine","Ukraine","MT-LB-S Ambulance","destroyed","https://twitter.com/UAWeapons/status/1571108754393042947","2023-11-16",445,12296,1,"380-445122961","11/16/2023"
"13549","Ukraine","Ukraine","MT-LB-S Ambulance","destroyed","https://i.postimg.cc/yYmr4C2L/2001-mt-lb-s-destr.jpg","2023-11-16",445,12297,1,"380-445122971","11/16/2023"
"13550","Ukraine","Ukraine","MT-LB-S Ambulance","destroyed","https://i.postimg.cc/GmZyB5Xx/431.png","2023-11-16",445,12298,1,"380-445122981","11/16/2023"
"13551","Ukraine","Ukraine","MT-LB-S Ambulance","destroyed","https://i.postimg.cc/9fY3VT5k/2000-MT-LB-S-destr.jpg","2023-11-16",445,12299,1,"380-445122991","11/16/2023"
"13552","Ukraine","Ukraine","MT-LB-S Ambulance","destroyed","https://twitter.com/UAWeapons/status/1591539529852538880","2023-11-16",445,12300,1,"380-445123001","11/16/2023"
"13553","Ukraine","Ukraine","MT-LB-S Ambulance","destroyed","https://i.postimg.cc/ryHXk1LG/2021-mt-lb-s-destr-02-02-23.jpg","2023-11-16",445,12301,1,"380-445123011","11/16/2023"
"13554","Ukraine","Ukraine","MT-LB-S Ambulance","destroyed","https://i.postimg.cc/prJL1sCc/448j.png","2023-11-16",445,12302,1,"380-445123021","11/16/2023"
"13555","Ukraine","Ukraine","MT-LB-S Ambulance","destroyed","https://i.postimg.cc/rw4RNYwW/2016-mt-lb-s-ambulance-destr-14-05-23.jpg","2023-11-16",445,12303,1,"380-445123031","11/16/2023"
"13556","Ukraine","Ukraine","MT-LB-S Ambulance","destroyed","https://i.postimg.cc/cC6rgFzv/2031-MT-LB-S-armored-medical-evacuation-vehicle-destr-15-05-23.png","2023-11-16",445,12304,1,"380-445123041","11/16/2023"
"13557","Ukraine","Ukraine","MT-LB-S Ambulance","destroyed","https://i.postimg.cc/0jG6JfPt/170.png","2023-11-16",445,12305,1,"380-445123051","11/16/2023"
"13558","Ukraine","Ukraine","MT-LB-S Ambulance","destroyed","https://i.postimg.cc/fLxPHS6d/2000-MT-LB-S-destr-28-02-23.jpg","2023-11-16",445,12306,1,"380-445123061","11/16/2023"
"13559","Ukraine","Ukraine","MT-LB-S Ambulance","abandoned","https://i.postimg.cc/3Jv5s5tq/468.png","2023-11-16",445,12307,4,"380-445123074","11/16/2023"
"13560","Ukraine","Ukraine","MT-LB-S Ambulance","captured","https://i.postimg.cc/hPb8k9Qw/8744.png","2023-11-16",445,12308,3,"380-445123083","11/16/2023"
"13561","Ukraine","Ukraine","MT-LB-S Ambulance","captured","https://i.postimg.cc/m2tfxBb9/d1.png","2023-11-16",445,12309,3,"380-445123093","11/16/2023"
"13562","Ukraine","Ukraine","MT-LB-S Ambulance","captured","https://twitter.com/UAWeapons/status/1583805930461794306","2023-11-16",445,11646,3,"380-445116463","11/16/2023"
"13563","Ukraine","Ukraine","MT-LB-S Ambulance","captured","https://i.postimg.cc/BQdcF64c/3267.png","2023-11-16",445,12310,3,"380-445123103","11/16/2023"
"13564","Ukraine","Ukraine","MT-LB-S Ambulance","captured","https://i.postimg.cc/mrFBYPDh/2003-mtlbs-capt-22-02-23.jpg","2023-11-16",445,12311,3,"380-445123113","11/16/2023"
"13565","Ukraine","Ukraine","BMM-70 Ambulance","destroyed","https://i.postimg.cc/9f7xTgdS/43.png","2023-11-16",446,12312,1,"380-446123121","11/16/2023"
"13566","Ukraine","Ukraine","BMM-70 Ambulance","destroyed","https://i.postimg.cc/LXbT0Kmz/2009-BMM-70-Kovcheh-destr-16-03-23.jpg","2023-11-16",446,12313,1,"380-446123131","11/16/2023"
"13567","Ukraine","Ukraine","BMM-4C Ambulance","destroyed","https://postlmg.cc/vgbkz5j3","2023-11-16",447,12314,1,"380-447123141","11/16/2023"
"13568","Ukraine","Ukraine","BMM-4C Ambulance","destroyed","https://i.postimg.cc/cLz7v18B/2008-BMM-4-S-ambulance-destr-28-02-23.jpg","2023-11-16",447,12315,1,"380-447123151","11/16/2023"
"13569","Ukraine","Ukraine","BMM-4C Ambulance","captured","https://i.postimg.cc/pdVsmcw4/66554.jpg","2023-11-16",447,12316,3,"380-447123163","11/16/2023"
"13570","Ukraine","Ukraine","BMM-4C Ambulance","captured","https://i.postimg.cc/qq2YGpNh/6657.png","2023-11-16",447,12317,3,"380-447123173","11/16/2023"
"13571","Ukraine","Ukraine","Unknown AFV","destroyed","https://postimg.cc/0z7ztSzS","2023-11-16",62,12318,1,"380-62123181","11/16/2023"
"13572","Ukraine","Ukraine","Unknown AFV","destroyed","https://i.postimg.cc/RZxLrS2h/443.jpg","2023-11-16",62,12319,1,"380-62123191","11/16/2023"
"13573","Ukraine","Ukraine","Unknown AFV","destroyed","https://i.postimg.cc/0yCWcKrP/13.jpg","2023-11-16",62,12320,1,"380-62123201","11/16/2023"
"13574","Ukraine","Ukraine","Unknown AFV","destroyed","https://i.postimg.cc/mDPmLdjg/14.jpg","2023-11-16",62,12321,1,"380-62123211","11/16/2023"
"13575","Ukraine","Ukraine","Unknown AFV","destroyed","https://i.postimg.cc/6qRzRyDs/15.jpg","2023-11-16",62,12322,1,"380-62123221","11/16/2023"
"13576","Ukraine","Ukraine","Unknown AFV","destroyed","https://i.postimg.cc/cCCVWyPT/40.png","2023-11-16",62,12323,1,"380-62123231","11/16/2023"
"13577","Ukraine","Ukraine","Unknown AFV","destroyed","https://i.postimg.cc/MpvjR67J/4t.jpg","2023-11-16",62,12324,1,"380-62123241","11/16/2023"
"13578","Ukraine","Ukraine","Unknown AFV","destroyed","https://i.postimg.cc/RZDhQVmk/5544.jpg","2023-11-16",62,12325,1,"380-62123251","11/16/2023"
"13579","Ukraine","Ukraine","Unknown AFV","destroyed","https://twitter.com/UAWeapons/status/1519769346624704514","2023-11-16",62,12326,1,"380-62123261","11/16/2023"
"13580","Ukraine","Ukraine","Unknown AFV","destroyed","https://postlmg.cc/nj9sZrR5","2023-11-16",62,12327,1,"380-62123271","11/16/2023"
"13581","Ukraine","Ukraine","Unknown AFV","destroyed","https://postimg.cc/m13XTKJ7","2023-11-16",62,12328,1,"380-62123281","11/16/2023"
"13582","Ukraine","Ukraine","Unknown AFV","destroyed","https://twitter.com/RALee85/status/1546190144335740928","2023-11-16",62,12329,1,"380-62123291","11/16/2023"
"13583","Ukraine","Ukraine","Unknown AFV","destroyed","https://twitter.com/UAWeapons/status/1550129446744576001","2023-11-16",62,12330,1,"380-62123301","11/16/2023"
"13584","Ukraine","Ukraine","Unknown AFV","destroyed","https://i.postimg.cc/HsbBTh78/2001-unkn-afv.jpg","2023-11-16",62,12331,1,"380-62123311","11/16/2023"
"13585","Ukraine","Ukraine","Unknown AFV","destroyed","https://i.postimg.cc/nzwGfbhz/4438.png","2023-11-16",62,12332,1,"380-62123321","11/16/2023"
"13586","Ukraine","Ukraine","Unknown AFV","destroyed","https://i.postimg.cc/1XrSB97K/2001-unkn-afv-destr.jpg","2023-11-16",62,12333,1,"380-62123331","11/16/2023"
"13587","Ukraine","Ukraine","Unknown AFV","destroyed","https://i.postimg.cc/xCsLNbFD/6534.png","2023-11-16",62,12334,1,"380-62123341","11/16/2023"
"13588","Ukraine","Ukraine","Unknown AFV","destroyed","https://i.postimg.cc/cLYPSfFJ/6583.png","2023-11-16",62,12335,1,"380-62123351","11/16/2023"
"13589","Ukraine","Ukraine","Unknown AFV","destroyed","https://i.postimg.cc/tgRHdpQb/544.png","2023-11-16",62,12336,1,"380-62123361","11/16/2023"
"13590","Ukraine","Ukraine","Unknown AFV","destroyed","https://i.postimg.cc/CMG0TRC8/d37.png","2023-11-16",62,12337,1,"380-62123371","11/16/2023"
"13591","Ukraine","Ukraine","Unknown AFV","destroyed","https://i.postimg.cc/Vs3j5B6J/4430.png","2023-11-16",62,12338,1,"380-62123381","11/16/2023"
"13592","Ukraine","Ukraine","Unknown AFV","destroyed","https://i.postimg.cc/15hqymC6/776.png","2023-11-16",62,12339,1,"380-62123391","11/16/2023"
"13593","Ukraine","Ukraine","Unknown AFV","destroyed","https://i.postimg.cc/q7CcZdfp/32d.png","2023-11-16",62,12340,1,"380-62123401","11/16/2023"
"13594","Ukraine","Ukraine","Unknown AFV","destroyed","https://i.postimg.cc/1XHMcM4b/4377.png","2023-11-16",62,12341,1,"380-62123411","11/16/2023"
"13595","Ukraine","Ukraine","Unknown AFV","destroyed","https://i.postimg.cc/zfChgvyc/336.png","2023-11-16",62,12342,1,"380-62123421","11/16/2023"
"13596","Ukraine","Ukraine","Unknown AFV","destroyed","https://i.postimg.cc/GmJ3PyjG/6659.png","2023-11-16",62,12343,1,"380-62123431","11/16/2023"
"13597","Ukraine","Ukraine","Unknown AFV","destroyed","https://i.postimg.cc/hPV2KLnk/4330.png","2023-11-16",62,12344,1,"380-62123441","11/16/2023"
"13598","Ukraine","Ukraine","Unknown AFV","destroyed","https://i.postimg.cc/jjMChb0S/29.png","2023-11-16",62,12345,1,"380-62123451","11/16/2023"
"13599","Ukraine","Ukraine","Unknown AFV","destroyed","https://i.postimg.cc/SsRSmTTT/4688.png","2023-11-16",62,12346,1,"380-62123461","11/16/2023"
"13600","Ukraine","Ukraine","Unknown AFV","destroyed","https://i.postimg.cc/Px6HxGkR/2870.png","2023-11-16",62,12347,1,"380-62123471","11/16/2023"
"13601","Ukraine","Ukraine","Unknown AFV","destroyed","https://i.postimg.cc/XJvJxkjt/276.png","2023-11-16",62,12348,1,"380-62123481","11/16/2023"
"13602","Ukraine","Ukraine","Unknown AFV","destroyed","https://i.postimg.cc/Cx1qL8fh/468.png","2023-11-16",62,12349,1,"380-62123491","11/16/2023"
"13603","Ukraine","Ukraine","Unknown AFV","destroyed","https://i.postimg.cc/TwX1m5hW/76j.png","2023-11-16",62,12350,1,"380-62123501","11/16/2023"
"13604","Ukraine","Ukraine","Unknown AFV","destroyed","https://i.postimg.cc/hPhDX1M5/76hj.png","2023-11-16",62,12351,1,"380-62123511","11/16/2023"
"13605","Ukraine","Ukraine","Unknown AFV","destroyed","https://i.postimg.cc/RFZsP4m5/ff2.png","2023-11-16",62,12352,1,"380-62123521","11/16/2023"
"13606","Ukraine","Ukraine","Unknown AFV","destroyed","https://i.postimg.cc/Vk4wm8Tf/439.png","2023-11-16",62,12353,1,"380-62123531","11/16/2023"
"13607","Ukraine","Ukraine","Unknown AFV","destroyed","https://i.postimg.cc/mZJzqBcc/3289.png","2023-11-16",62,12354,1,"380-62123541","11/16/2023"
"13608","Ukraine","Ukraine","Unknown AFV","destroyed","https://i.postimg.cc/mZ6pz2FF/2005-unkn-ifv-destr-23-05-23.jpg","2023-11-16",62,12355,1,"380-62123551","11/16/2023"
"13609","Ukraine","Ukraine","Unknown AFV","destroyed","https://i.postimg.cc/pVjXqtbZ/2002-unkn-afv-destr-17-06-23.jpg","2023-11-16",62,12356,1,"380-62123561","11/16/2023"
"13610","Ukraine","Ukraine","Unknown AFV","destroyed","https://i.postimg.cc/4dD4sWtV/2003-unkn-afv-destr-17-06-23.jpg","2023-11-16",62,12357,1,"380-62123571","11/16/2023"
"13611","Ukraine","Ukraine","Unknown AFV","destroyed","https://i.postimg.cc/MGrKr6ps/2017-unkn-afv-destr-18-06-23.jpg","2023-11-16",62,12358,1,"380-62123581","11/16/2023"
"13612","Ukraine","Ukraine","Unknown AFV","destroyed","https://i.postimg.cc/6532sWWt/2021-unkn-afv-destr-27-06-23.jpg","2023-11-16",62,12359,1,"380-62123591","11/16/2023"
"13613","Ukraine","Ukraine","Unknown AFV","destroyed","https://i.postimg.cc/FzwkpqxJ/2004-unkn-afv-destr-22-06-23.jpg","2023-11-16",62,12360,1,"380-62123601","11/16/2023"
"13614","Ukraine","Ukraine","Unknown AFV","destroyed","https://i.postimg.cc/MpNNcrZF/2010-2x-unkn-ifv-24-07-23.jpg","2023-11-16",62,12361,1,"380-62123611","11/16/2023"
"13615","Ukraine","Ukraine","Unknown AFV","destroyed","https://i.postimg.cc/28Dj6Hgt/2005-unkn-afv-destr-27-07-23.jpg","2023-11-16",62,12362,1,"380-62123621","11/16/2023"
"13616","Ukraine","Ukraine","Unknown AFV","destroyed","https://i.postimg.cc/Zq70PtJ5/2002-unkn-afv-destr-15-08-23.jpg","2023-11-16",62,12363,1,"380-62123631","11/16/2023"
"13617","Ukraine","Ukraine","Unknown AFV","destroyed","https://i.postimg.cc/dtjYqBGP/24f.png","2023-11-16",62,12364,1,"380-62123641","11/16/2023"
"13618","Ukraine","Ukraine","Unknown AFV","destroyed","https://i.postimg.cc/6pDqZcbj/4436.png","2023-11-16",62,12365,1,"380-62123651","11/16/2023"
"13619","Ukraine","Ukraine","Unknown AFV","destroyed","https://twitter.com/UAWeapons/status/1698955326496592140","2023-11-16",62,11591,1,"380-62115911","11/16/2023"
"13620","Ukraine","Ukraine","Unknown AFV","destroyed","https://i.postimg.cc/cL77ZFnf/5422.png","2023-11-16",62,12366,1,"380-62123661","11/16/2023"
"13621","Ukraine","Ukraine","Unknown AFV","damaged","https://i.postimg.cc/ZRJTspqb/2007-unkn-afv-dam-06-07-23.jpg","2023-11-16",62,12367,2,"380-62123672","11/16/2023"
"13622","Ukraine","Ukraine","Unknown AFV","damaged","https://postimg.cc/tnnpgJzp","2023-11-16",62,12368,2,"380-62123682","11/16/2023"
"13623","Ukraine","Ukraine","Unknown AFV","damaged","https://postimg.cc/CR3Py1Rb","2023-11-16",62,12369,2,"380-62123692","11/16/2023"
"13624","Ukraine","Ukraine","Unknown AFV","damaged","https://postimg.cc/183MVjd7","2023-11-16",62,12370,2,"380-62123702","11/16/2023"
"13625","Ukraine","Ukraine","Unknown AFV","damaged","https://i.postimg.cc/SRy1qrxh/2004-unkn-afv-dam-25-07-23.jpg","2023-11-16",62,12371,2,"380-62123712","11/16/2023"
"13626","Ukraine","Ukraine","Unknown AFV","damaged","https://i.postimg.cc/L4VxB6Xz/4331.png","2023-11-16",62,12372,2,"380-62123722","11/16/2023"
"13627","Ukraine","Ukraine","Unknown AFV","damaged","https://i.postimg.cc/Tw1wSpGR/2026-unkn-afv-dam-aband-10-07-23.jpg","2023-11-16",62,12373,2,"380-62123732","11/16/2023"
"13628","Ukraine","Ukraine","Unknown AFV","abandoned","https://i.postimg.cc/Tw1wSpGR/2026-unkn-afv-dam-aband-10-07-23.jpg","2023-11-16",62,12373,4,"380-62123734","11/16/2023"
"13629","Ukraine","Soviet Union","BMP-1(P)","destroyed","https://i.postimg.cc/TwZXLdT1/d67.png","2023-11-16",63,12374,1,"380-63123741","11/16/2023"
"13630","Ukraine","Soviet Union","BMP-1(P)","destroyed","https://i.postimg.cc/V6Xg1gbX/886.png","2023-11-16",63,12375,1,"380-63123751","11/16/2023"
"13631","Ukraine","Soviet Union","BMP-1(P)","destroyed","https://i.postimg.cc/W4X6yy25/443689.png","2023-11-16",63,12376,1,"380-63123761","11/16/2023"
"13632","Ukraine","Soviet Union","BMP-1(P)","destroyed","https://i.postimg.cc/hG2MhLNM/s2.png","2023-11-16",63,12377,1,"380-63123771","11/16/2023"
"13633","Ukraine","Soviet Union","BMP-1(P)","destroyed","https://i.postimg.cc/j5X4H5W7/432.png","2023-11-16",63,12378,1,"380-63123781","11/16/2023"
"13634","Ukraine","Soviet Union","BMP-1(P)","destroyed","https://i.postimg.cc/ht5ZrGMM/68.jpg","2023-11-16",63,12379,1,"380-63123791","11/16/2023"
"13635","Ukraine","Soviet Union","BMP-1(P)","destroyed","https://i.postimg.cc/630tyFmK/b1.png","2023-11-16",63,12380,1,"380-63123801","11/16/2023"
"13636","Ukraine","Soviet Union","BMP-1(P)","destroyed","https://i.postimg.cc/nLKtP6Zm/b1.png","2023-11-16",63,3490,1,"380-6334901","11/16/2023"
"13637","Ukraine","Soviet Union","BMP-1(P)","destroyed","https://i.postimg.cc/RZCkR886/6553.png","2023-11-16",63,12381,1,"380-63123811","11/16/2023"
"13638","Ukraine","Soviet Union","BMP-1(P)","destroyed","https://i.postimg.cc/d09V0NC2/3387.png","2023-11-16",63,12382,1,"380-63123821","11/16/2023"
"13639","Ukraine","Soviet Union","BMP-1(P)","destroyed","https://i.postimg.cc/XvKb6Y63/t8.png","2023-11-16",63,12383,1,"380-63123831","11/16/2023"
"13640","Ukraine","Soviet Union","BMP-1(P)","destroyed","https://i.postimg.cc/Tw3V9ZRL/67.png","2023-11-16",63,12384,1,"380-63123841","11/16/2023"
"13641","Ukraine","Soviet Union","BMP-1(P)","destroyed","https://postlmg.cc/q6NFTCr4","2023-11-16",63,12385,1,"380-63123851","11/16/2023"
"13642","Ukraine","Soviet Union","BMP-1(P)","destroyed","https://i.postimg.cc/YCYxSQX0/443.jpg","2023-11-16",63,12386,1,"380-63123861","11/16/2023"
"13643","Ukraine","Soviet Union","BMP-1(P)","destroyed","https://i.postimg.cc/xdJBGM0N/d7.jpg","2023-11-16",63,12387,1,"380-63123871","11/16/2023"
"13644","Ukraine","Soviet Union","BMP-1(P)","destroyed","https://i.postimg.cc/HWFcRK9n/888777.png","2023-11-16",63,12388,1,"380-63123881","11/16/2023"
"13645","Ukraine","Soviet Union","BMP-1(P)","destroyed","https://i.postimg.cc/HksBZv63/769.png","2023-11-16",63,12389,1,"380-63123891","11/16/2023"
"13646","Ukraine","Soviet Union","BMP-1(P)","destroyed","https://i.postimg.cc/QCB8thnN/bb1.png","2023-11-16",63,12390,1,"380-63123901","11/16/2023"
"13647","Ukraine","Soviet Union","BMP-1(P)","destroyed","https://i.postimg.cc/6pV9THzZ/bb2.png","2023-11-16",63,12391,1,"380-63123911","11/16/2023"
"13648","Ukraine","Soviet Union","BMP-1(P)","destroyed","https://twitter.com/UAWeapons/status/1632676484396531719","2023-11-16",63,12392,1,"380-63123921","11/16/2023"
"13649","Ukraine","Soviet Union","BMP-1(P)","destroyed","https://i.postimg.cc/Pr7NtW4w/557.jpg","2023-11-16",63,12393,1,"380-63123931","11/16/2023"
"13650","Ukraine","Soviet Union","BMP-1(P)","destroyed","https://i.postimg.cc/yx9zNwFP/5760.png","2023-11-16",63,12394,1,"380-63123941","11/16/2023"
"13651","Ukraine","Soviet Union","BMP-1(P)","destroyed","https://i.postimg.cc/ht7Q50gL/1b.png","2023-11-16",63,12395,1,"380-63123951","11/16/2023"
"13652","Ukraine","Soviet Union","BMP-1(P)","destroyed","https://i.postimg.cc/3R9kvSCT/2b.png","2023-11-16",63,12396,1,"380-63123961","11/16/2023"
"13653","Ukraine","Soviet Union","BMP-1(P)","destroyed","https://i.postimg.cc/FHdY233z/13.png","2023-11-16",63,12397,1,"380-63123971","11/16/2023"
"13654","Ukraine","Soviet Union","BMP-1(P)","destroyed","https://i.postimg.cc/3rXZk3xY/32d.png","2023-11-16",63,12398,1,"380-63123981","11/16/2023"
"13655","Ukraine","Soviet Union","BMP-1(P)","destroyed","https://i.postimg.cc/nrr42DxW/44311.png","2023-11-16",63,12399,1,"380-63123991","11/16/2023"
"13656","Ukraine","Soviet Union","BMP-1(P)","destroyed","https://i.postimg.cc/RhMQWh7r/6h.jpg","2023-11-16",63,12400,1,"380-63124001","11/16/2023"
"13657","Ukraine","Soviet Union","BMP-1(P)","destroyed","https://i.postimg.cc/13TsKY3X/3f.png","2023-11-16",63,12401,1,"380-63124011","11/16/2023"
"13658","Ukraine","Soviet Union","BMP-1(P)","destroyed","https://i.postimg.cc/NjVDLb1z/443117.png","2023-11-16",63,12402,1,"380-63124021","11/16/2023"
"13659","Ukraine","Soviet Union","BMP-1(P)","destroyed","https://i.postimg.cc/2jwKKPzQ/558.png","2023-11-16",63,12403,1,"380-63124031","11/16/2023"
"13660","Ukraine","Soviet Union","BMP-1(P)","destroyed","https://i.postimg.cc/g0c5v0fY/g7.png","2023-11-16",63,12404,1,"380-63124041","11/16/2023"
"13661","Ukraine","Soviet Union","BMP-1(P)","destroyed","https://i.postimg.cc/9f8X1LMM/187.png","2023-11-16",63,12405,1,"380-63124051","11/16/2023"
"13662","Ukraine","Soviet Union","BMP-1(P)","destroyed","https://i.postimg.cc/wM5qBB1y/1014.png","2023-11-16",63,12406,1,"380-63124061","11/16/2023"
"13663","Ukraine","Soviet Union","BMP-1(P)","destroyed","https://i.postimg.cc/DwB8xCj6/2002.jpg","2023-11-16",63,12407,1,"380-63124071","11/16/2023"
"13664","Ukraine","Soviet Union","BMP-1(P)","destroyed","https://i.postimg.cc/bww6t2gy/2106.jpg","2023-11-16",63,12408,1,"380-63124081","11/16/2023"
"13665","Ukraine","Soviet Union","BMP-1(P)","destroyed","https://i.postimg.cc/sDVmkZtY/2107.jpg","2023-11-16",63,12409,1,"380-63124091","11/16/2023"
"13666","Ukraine","Soviet Union","BMP-1(P)","destroyed","https://i.postimg.cc/MHw5KcX8/2108.jpg","2023-11-16",63,12410,1,"380-63124101","11/16/2023"
"13667","Ukraine","Soviet Union","BMP-1(P)","destroyed","https://i.postimg.cc/DzgkJrJ9/65889.png","2023-11-16",63,12411,1,"380-63124111","11/16/2023"
"13668","Ukraine","Soviet Union","BMP-1(P)","destroyed","https://i.postimg.cc/hj8BPX7f/443115.png","2023-11-16",63,12412,1,"380-63124121","11/16/2023"
"13669","Ukraine","Soviet Union","BMP-1(P)","destroyed","https://postimg.cc/3yVfRsn8","2023-11-16",63,12413,1,"380-63124131","11/16/2023"
"13670","Ukraine","Soviet Union","BMP-1(P)","destroyed","https://i.postimg.cc/59g9LZnc/p1.png","2023-11-16",63,12414,1,"380-63124141","11/16/2023"
"13671","Ukraine","Soviet Union","BMP-1(P)","destroyed","https://i.postimg.cc/QNbT9fpd/3dd.png","2023-11-16",63,12415,1,"380-63124151","11/16/2023"
"13672","Ukraine","Soviet Union","BMP-1(P)","destroyed","https://postimg.cc/QFgQx7yM","2023-11-16",63,12416,1,"380-63124161","11/16/2023"
"13673","Ukraine","Soviet Union","BMP-1(P)","destroyed","https://i.postimg.cc/HW8MYFHG/4ff3.png","2023-11-16",63,12417,1,"380-63124171","11/16/2023"
"13674","Ukraine","Soviet Union","BMP-1(P)","destroyed","https://i.postimg.cc/Hn0khqcR/3dd4.png","2023-11-16",63,12418,1,"380-63124181","11/16/2023"
"13675","Ukraine","Soviet Union","BMP-1(P)","destroyed","https://i.postimg.cc/m2Fwt8xq/d332.png","2023-11-16",63,12419,1,"380-63124191","11/16/2023"
"13676","Ukraine","Soviet Union","BMP-1(P)","destroyed","https://twitter.com/UAWeapons/status/1554912880989970432","2023-11-16",63,12420,1,"380-63124201","11/16/2023"
"13677","Ukraine","Soviet Union","BMP-1(P)","destroyed","https://i.postimg.cc/y85XPphS/6584.png","2023-11-16",63,12421,1,"380-63124211","11/16/2023"
"13678","Ukraine","Soviet Union","BMP-1(P)","destroyed","https://i.postimg.cc/brbf5rpy/b2.png","2023-11-16",63,12422,1,"380-63124221","11/16/2023"
"13679","Ukraine","Soviet Union","BMP-1(P)","destroyed","https://postimg.cc/cv9fPGfZ","2023-11-16",63,12423,1,"380-63124231","11/16/2023"
"13680","Ukraine","Soviet Union","BMP-1(P)","destroyed","https://postimg.cc/ts8v8c01","2023-11-16",63,12424,1,"380-63124241","11/16/2023"
"13681","Ukraine","Soviet Union","BMP-1(P)","destroyed","https://i.postimg.cc/1301nHrM/333.png","2023-11-16",63,12425,1,"380-63124251","11/16/2023"
"13682","Ukraine","Soviet Union","BMP-1(P)","destroyed","https://i.postimg.cc/MTHFgXbC/3318.png","2023-11-16",63,12426,1,"380-63124261","11/16/2023"
"13683","Ukraine","Soviet Union","BMP-1(P)","destroyed","https://i.postimg.cc/zvbXDz5M/113.png","2023-11-16",63,12427,1,"380-63124271","11/16/2023"
"13684","Ukraine","Soviet Union","BMP-1(P)","destroyed","https://i.postimg.cc/yd9s2fP4/114f.png","2023-11-16",63,12428,1,"380-63124281","11/16/2023"
"13685","Ukraine","Soviet Union","BMP-1(P)","destroyed","https://i.postimg.cc/7ZdvD3bx/d143.png","2023-11-16",63,12429,1,"380-63124291","11/16/2023"
"13686","Ukraine","Soviet Union","BMP-1(P)","destroyed","https://i.postimg.cc/ryDZmHtw/UA-BMP-1-destroyed2.png","2023-11-16",63,12430,1,"380-63124301","11/16/2023"
"13687","Ukraine","Soviet Union","BMP-1(P)","destroyed","https://i.postimg.cc/g06rrmdK/UA-BMP-1-destroyed3.png","2023-11-16",63,12431,1,"380-63124311","11/16/2023"
"13688","Ukraine","Soviet Union","BMP-1(P)","destroyed","https://i.postimg.cc/rygyVKxk/UA-BMP-1-destroyed4.png","2023-11-16",63,12432,1,"380-63124321","11/16/2023"
"13689","Ukraine","Soviet Union","BMP-1(P)","destroyed","https://i.postimg.cc/XqG6zDBd/2001.png","2023-11-16",63,12433,1,"380-63124331","11/16/2023"
"13690","Ukraine","Soviet Union","BMP-1(P)","abandoned","https://i.postimg.cc/xCcRWZKG/331d.png","2023-11-16",63,12434,4,"380-63124344","11/16/2023"
"13691","Ukraine","Soviet Union","BMP-1(P)","destroyed","https://i.postimg.cc/xCcRWZKG/331d.png","2023-11-16",63,12434,1,"380-63124341","11/16/2023"
"13692","Ukraine","Soviet Union","BMP-1(P)","destroyed","https://i.postimg.cc/c40JpJ6d/4f8.png","2023-11-16",63,12435,1,"380-63124351","11/16/2023"
"13693","Ukraine","Soviet Union","BMP-1(P)","destroyed","https://i.postimg.cc/HntQ4Pv5/333.png","2023-11-16",63,12436,1,"380-63124361","11/16/2023"
"13694","Ukraine","Soviet Union","BMP-1(P)","destroyed","https://i.postimg.cc/286TL1zC/d4.png","2023-11-16",63,12437,1,"380-63124371","11/16/2023"
"13695","Ukraine","Soviet Union","BMP-1(P)","destroyed","https://i.postimg.cc/022XGtCR/d5.png","2023-11-16",63,12438,1,"380-63124381","11/16/2023"
"13696","Ukraine","Soviet Union","BMP-1(P)","destroyed","https://i.postimg.cc/BZNMvTfh/d7.png","2023-11-16",63,12439,1,"380-63124391","11/16/2023"
"13697","Ukraine","Soviet Union","BMP-1(P)","destroyed","https://i.postimg.cc/9f1fbqy4/244.png","2023-11-16",63,12440,1,"380-63124401","11/16/2023"
"13698","Ukraine","Soviet Union","BMP-1(P)","destroyed","https://i.postimg.cc/qqnvW79k/2000-bmp1.jpg","2023-11-16",63,12441,1,"380-63124411","11/16/2023"
"13699","Ukraine","Soviet Union","BMP-1(P)","destroyed","https://i.postimg.cc/V6QWVSYy/367.png","2023-11-16",63,12442,1,"380-63124421","11/16/2023"
"13700","Ukraine","Soviet Union","BMP-1(P)","destroyed","https://i.postimg.cc/vTwj2gCk/8874.png","2023-11-16",63,12443,1,"380-63124431","11/16/2023"
"13701","Ukraine","Soviet Union","BMP-1(P)","destroyed","https://i.postimg.cc/NGKDGrrW/551.png","2023-11-16",63,12444,1,"380-63124441","11/16/2023"
"13702","Ukraine","Soviet Union","BMP-1(P)","destroyed","https://i.postimg.cc/yx4M0NbB/2000-bmp1.png","2023-11-16",63,12445,1,"380-63124451","11/16/2023"
"13703","Ukraine","Soviet Union","BMP-1(P)","destroyed","https://i.postimg.cc/k5YyM9Fv/55410.png","2023-11-16",63,12446,1,"380-63124461","11/16/2023"
"13704","Ukraine","Soviet Union","BMP-1(P)","destroyed","https://twitter.com/UAWeapons/status/1569061435833044992","2023-11-16",63,12447,1,"380-63124471","11/16/2023"
"13705","Ukraine","Soviet Union","BMP-1(P)","destroyed","https://postimg.cc/BL0X1853","2023-11-16",63,12448,1,"380-63124481","11/16/2023"
"13706","Ukraine","Soviet Union","BMP-1(P)","destroyed","https://twitter.com/UAWeapons/status/1570157013480382473","2023-11-16",63,12449,1,"380-63124491","11/16/2023"
"13707","Ukraine","Soviet Union","BMP-1(P)","destroyed","https://postimg.cc/zHfVXKP7","2023-11-16",63,12450,1,"380-63124501","11/16/2023"
"13708","Ukraine","Soviet Union","BMP-1(P)","destroyed","https://twitter.com/UAWeapons/status/1570783958715240449","2023-11-16",63,12451,1,"380-63124511","11/16/2023"
"13709","Ukraine","Soviet Union","BMP-1(P)","destroyed","https://postlmg.cc/rKvpnc4R","2023-11-16",63,12452,1,"380-63124521","11/16/2023"
"13710","Ukraine","Soviet Union","BMP-1(P)","destroyed","https://twitter.com/UAWeapons/status/1571108754393042947","2023-11-16",63,12296,1,"380-63122961","11/16/2023"
"13711","Ukraine","Soviet Union","BMP-1(P)","destroyed","https://i.postimg.cc/tJDBKwph/2001-bmp1-destr-24-03-23.jpg","2023-11-16",63,12453,1,"380-63124531","11/16/2023"
"13712","Ukraine","Soviet Union","BMP-1(P)","destroyed","https://twitter.com/UAWeapons/status/1574132894846648320","2023-11-16",63,12090,1,"380-63120901","11/16/2023"
"13713","Ukraine","Soviet Union","BMP-1(P)","destroyed","https://i.postimg.cc/CLW8cs7q/8.png","2023-11-16",63,12454,1,"380-63124541","11/16/2023"
"13714","Ukraine","Soviet Union","BMP-1(P)","destroyed","https://i.postimg.cc/CLwqgt8X/2022-09-11-UA-BMP-1-1.jpg","2023-11-16",63,12455,1,"380-63124551","11/16/2023"
"13715","Ukraine","Soviet Union","BMP-1(P)","destroyed","https://i.postimg.cc/Dy5bygdZ/2022-09-11-UA-BMP-1-2.jpg","2023-11-16",63,12456,1,"380-63124561","11/16/2023"
"13716","Ukraine","Soviet Union","BMP-1(P)","destroyed","https://i.postimg.cc/7PjYbsCT/44378.png","2023-11-16",63,12457,1,"380-63124571","11/16/2023"
"13717","Ukraine","Soviet Union","BMP-1(P)","destroyed","https://i.postimg.cc/FHsrPL4k/2000-bmp1-destr.jpg","2023-11-16",63,12458,1,"380-63124581","11/16/2023"
"13718","Ukraine","Soviet Union","BMP-1(P)","destroyed","https://i.postimg.cc/7YkvrKMn/431.png","2023-11-16",63,12459,1,"380-63124591","11/16/2023"
"13719","Ukraine","Soviet Union","BMP-1(P)","destroyed","https://i.postimg.cc/zDFm59DX/31.png","2023-11-16",63,12460,1,"380-63124601","11/16/2023"
"13720","Ukraine","Soviet Union","BMP-1(P)","destroyed","https://i.postimg.cc/8zp8TpsT/2022-06-02-UA-BMP-1.jpg","2023-11-16",63,12461,1,"380-63124611","11/16/2023"
"13721","Ukraine","Soviet Union","BMP-1(P)","destroyed","https://postlmg.cc/f3QVWPYp","2023-11-16",63,12462,1,"380-63124621","11/16/2023"
"13722","Ukraine","Soviet Union","BMP-1(P)","destroyed","https://i.postimg.cc/Hs29W40V/1hj.png","2023-11-16",63,12463,1,"380-63124631","11/16/2023"
"13723","Ukraine","Soviet Union","BMP-1(P)","destroyed","https://i.postimg.cc/XJTF20gn/2002-bmp1-destr.jpg","2023-11-16",63,12464,1,"380-63124641","11/16/2023"
"13724","Ukraine","Soviet Union","BMP-1(P)","destroyed","https://i.postimg.cc/5N5vmTQM/2003-bmp1-destr.jpg","2023-11-16",63,12465,1,"380-63124651","11/16/2023"
"13725","Ukraine","Soviet Union","BMP-1(P)","destroyed","https://i.postimg.cc/WzQzjzPz/4439.png","2023-11-16",63,12466,1,"380-63124661","11/16/2023"
"13726","Ukraine","Soviet Union","BMP-1(P)","destroyed","https://i.postimg.cc/BbGmC70C/4367.png","2023-11-16",63,12467,1,"380-63124671","11/16/2023"
"13727","Ukraine","Soviet Union","BMP-1(P)","destroyed","https://postimg.cc/cg1vGG9Y","2023-11-16",63,12468,1,"380-63124681","11/16/2023"
"13728","Ukraine","Soviet Union","BMP-1(P)","destroyed","https://postlmg.cc/sMSrr3Rf","2023-11-16",63,12469,1,"380-63124691","11/16/2023"
"13729","Ukraine","Soviet Union","BMP-1(P)","destroyed","https://postimg.cc/23YXZk3m","2023-11-16",63,12470,1,"380-63124701","11/16/2023"
"13730","Ukraine","Soviet Union","BMP-1(P)","destroyed","https://postimg.cc/Cn8bZNw4","2023-11-16",63,12471,1,"380-63124711","11/16/2023"
"13731","Ukraine","Soviet Union","BMP-1(P)","destroyed","https://postlmg.cc/XXyF6HtJ","2023-11-16",63,12472,1,"380-63124721","11/16/2023"
"13732","Ukraine","Soviet Union","BMP-1(P)","destroyed","https://i.postimg.cc/htkwY7tb/d47.png","2023-11-16",63,12473,1,"380-63124731","11/16/2023"
"13733","Ukraine","Soviet Union","BMP-1(P)","destroyed","https://i.postimg.cc/9QBpVRmj/dd3.png","2023-11-16",63,12474,1,"380-63124741","11/16/2023"
"13734","Ukraine","Soviet Union","BMP-1(P)","destroyed","https://i.postimg.cc/Fs6vpz5N/33277.png","2023-11-16",63,12475,1,"380-63124751","11/16/2023"
"13735","Ukraine","Soviet Union","BMP-1(P)","destroyed","https://i.postimg.cc/Z57Wrp4H/ff3.png","2023-11-16",63,12476,1,"380-63124761","11/16/2023"
"13736","Ukraine","Soviet Union","BMP-1(P)","destroyed","https://i.postimg.cc/mgD5LnTV/t5.png","2023-11-16",63,12477,1,"380-63124771","11/16/2023"
"13737","Ukraine","Soviet Union","BMP-1(P)","destroyed","https://i.postimg.cc/SQgkYqZ3/4377.png","2023-11-16",63,12478,1,"380-63124781","11/16/2023"
"13738","Ukraine","Soviet Union","BMP-1(P)","destroyed","https://twitter.com/UAWeapons/status/1583429062722080768","2023-11-16",63,11872,1,"380-63118721","11/16/2023"
"13739","Ukraine","Soviet Union","BMP-1(P)","destroyed","https://i.postimg.cc/N0vxqdVD/354.png","2023-11-16",63,12479,1,"380-63124791","11/16/2023"
"13740","Ukraine","Soviet Union","BMP-1(P)","destroyed","https://i.postimg.cc/t4ZrHZgq/465.png","2023-11-16",63,12480,1,"380-63124801","11/16/2023"
"13741","Ukraine","Soviet Union","BMP-1(P)","destroyed","https://i.postimg.cc/1zvkN834/2001-bmp1-destr-2022-09-24.jpg","2023-11-16",63,12481,1,"380-63124811","11/16/2023"
"13742","Ukraine","Soviet Union","BMP-1(P)","destroyed","https://i.postimg.cc/1XbyhyhB/10-20-2022-UA-BMP-1-destroyed-exact-date-unknown-t-me-lost-warinua-comments-66470.png","2023-11-16",63,12482,1,"380-63124821","11/16/2023"
"13743","Ukraine","Soviet Union","BMP-1(P)","destroyed","https://i.postimg.cc/4N01HYNv/2001-bmp1-destr.jpg","2023-11-16",63,12483,1,"380-63124831","11/16/2023"
"13744","Ukraine","Soviet Union","BMP-1(P)","destroyed","https://i.postimg.cc/s2R4mZRy/2x-UA-BMP-1-destroyed.png","2023-11-16",63,12484,1,"380-63124841","11/16/2023"
"13745","Ukraine","Soviet Union","BMP-1(P)","destroyed","https://i.postimg.cc/xjk0GVVr/2022-04-05-UA-BMP-1-destroyed.jpg","2023-11-16",63,12485,1,"380-63124851","11/16/2023"
"13746","Ukraine","Soviet Union","BMP-1(P)","destroyed","https://i.postimg.cc/50VtSTD9/44337.png","2023-11-16",63,12486,1,"380-63124861","11/16/2023"
"13747","Ukraine","Soviet Union","BMP-1(P)","destroyed","https://i.postimg.cc/7ZNBzssS/665g.png","2023-11-16",63,12487,1,"380-63124871","11/16/2023"
"13748","Ukraine","Soviet Union","BMP-1(P)","destroyed","https://i.postimg.cc/QdX1ZMnM/43r.png","2023-11-16",63,12488,1,"380-63124881","11/16/2023"
"13749","Ukraine","Soviet Union","BMP-1(P)","destroyed","https://i.postimg.cc/X7VLGKv6/1010-bmp1-destr.jpg","2023-11-16",63,12489,1,"380-63124891","11/16/2023"
"13750","Ukraine","Soviet Union","BMP-1(P)","destroyed","https://i.postimg.cc/cJ5RFv3W/2001-bmp1-destr.jpg","2023-11-16",63,12490,1,"380-63124901","11/16/2023"
"13751","Ukraine","Soviet Union","BMP-1(P)","destroyed","https://i.postimg.cc/dt0sqzbG/55890.png","2023-11-16",63,12491,1,"380-63124911","11/16/2023"
"13752","Ukraine","Soviet Union","BMP-1(P)","destroyed","https://postlmg.cc/0KbPTTct","2023-11-16",63,12492,1,"380-63124921","11/16/2023"
"13753","Ukraine","Soviet Union","BMP-1(P)","destroyed","https://i.postimg.cc/j2ZtKyG7/UA-BMP-1-destroyed.png","2023-11-16",63,12493,1,"380-63124931","11/16/2023"
"13754","Ukraine","Soviet Union","BMP-1(P)","destroyed","https://i.postimg.cc/L8WBr9Nk/UA-BMP-1-destroyed5.png","2023-11-16",63,12494,1,"380-63124941","11/16/2023"
"13755","Ukraine","Soviet Union","BMP-1(P)","destroyed","https://i.postimg.cc/LsCtzHZg/UA-BMP-1-destroyed6.png","2023-11-16",63,12495,1,"380-63124951","11/16/2023"
"13756","Ukraine","Soviet Union","BMP-1(P)","destroyed","https://i.postimg.cc/BbV0rQry/59.png","2023-11-16",63,12496,1,"380-63124961","11/16/2023"
"13757","Ukraine","Soviet Union","BMP-1(P)","destroyed","https://i.postimg.cc/j5GVcky0/437.png","2023-11-16",63,12497,1,"380-63124971","11/16/2023"
"13758","Ukraine","Soviet Union","BMP-1(P)","destroyed","https://i.postimg.cc/c4PFyqhh/68l.png","2023-11-16",63,12498,1,"380-63124981","11/16/2023"
"13759","Ukraine","Soviet Union","BMP-1(P)","destroyed","https://i.postimg.cc/FR9jLr3F/1000-bmp2-destr-07-01-23.jpg","2023-11-16",63,12499,1,"380-63124991","11/16/2023"
"13760","Ukraine","Soviet Union","BMP-1(P)","destroyed","https://i.postimg.cc/y8c9fGFp/2073-BMP-1-P-destr-24-02-22.jpg","2023-11-16",63,12500,1,"380-63125001","11/16/2023"
"13761","Ukraine","Soviet Union","BMP-1(P)","destroyed","https://i.postimg.cc/VNzSKks5/2074-BMP-1-P-destr-02-03-22.jpg","2023-11-16",63,12501,1,"380-63125011","11/16/2023"
"13762","Ukraine","Soviet Union","BMP-1(P)","destroyed","https://i.postimg.cc/Pxrw5r00/2075-BMP-1-P-destr-18-03-22.jpg","2023-11-16",63,12502,1,"380-63125021","11/16/2023"
"13763","Ukraine","Soviet Union","BMP-1(P)","destroyed","https://i.postimg.cc/HL3rR1jz/2076-BMP-1-P-destr-27-03-22.jpg","2023-11-16",63,12503,1,"380-63125031","11/16/2023"
"13764","Ukraine","Soviet Union","BMP-1(P)","destroyed","https://i.postimg.cc/Th81gRHd/2077-BMP-1-P-destr-03-04-22.jpg","2023-11-16",63,12504,1,"380-63125041","11/16/2023"
"13765","Ukraine","Soviet Union","BMP-1(P)","destroyed","https://i.postimg.cc/D04mSW6p/2078-BMP-1-P-destr-26-06-22.jpg","2023-11-16",63,12505,1,"380-63125051","11/16/2023"
"13766","Ukraine","Soviet Union","BMP-1(P)","destroyed","https://i.postimg.cc/v84vr3Sk/2079-BMP-1-P-destr-21-08-22.jpg","2023-11-16",63,12506,1,"380-63125061","11/16/2023"
"13767","Ukraine","Soviet Union","BMP-1(P)","destroyed","https://i.postimg.cc/BZRBMHr6/2080-BMP-1-P-destr-25-08-22.jpg","2023-11-16",63,12507,1,"380-63125071","11/16/2023"
"13768","Ukraine","Soviet Union","BMP-1(P)","destroyed","https://i.postimg.cc/NMz5G86r/2081-BMP-1-P-destr-01-09-22.jpg","2023-11-16",63,12508,1,"380-63125081","11/16/2023"
"13769","Ukraine","Soviet Union","BMP-1(P)","destroyed","https://i.postimg.cc/nz629qZt/2010-bmp1-destr-25-10-22.jpg","2023-11-16",63,12509,1,"380-63125091","11/16/2023"
"13770","Ukraine","Soviet Union","BMP-1(P)","destroyed","https://i.postimg.cc/x1LnjnCx/449.png","2023-11-16",63,12510,1,"380-63125101","11/16/2023"
"13771","Ukraine","Soviet Union","BMP-1(P)","destroyed","https://i.postimg.cc/0yyRn7c3/2022-03-25-UA-BMP-1-destroyed-Obukhovychi.jpg","2023-11-16",63,12511,1,"380-63125111","11/16/2023"
"13772","Ukraine","Soviet Union","BMP-1(P)","destroyed","https://i.postimg.cc/90HfdT0R/2022-04-05-UA-BMP-1-destroyed.jpg","2023-11-16",63,12512,1,"380-63125121","11/16/2023"
"13773","Ukraine","Soviet Union","BMP-1(P)","destroyed","https://i.postimg.cc/TwDw5Qdv/2022-04-07-UA-BMP-1-destroyed.jpg","2023-11-16",63,12513,1,"380-63125131","11/16/2023"
"13774","Ukraine","Soviet Union","BMP-1(P)","destroyed","https://i.postimg.cc/Wz9WPp08/2022-04-09-UA-BMP-1-destroyed-Korolivka-3.jpg","2023-11-16",63,12514,1,"380-63125141","11/16/2023"
"13775","Ukraine","Soviet Union","BMP-1(P)","destroyed","https://i.postimg.cc/X7JWfp4Q/2022-04-12-UA-BMP-1-destroyed.jpg","2023-11-16",63,12515,1,"380-63125151","11/16/2023"
"13776","Ukraine","Soviet Union","BMP-1(P)","destroyed","https://i.postimg.cc/rFmZNWLP/2022-04-13-UA-BMP-1-destroyed-Korolivka-1.jpg","2023-11-16",63,12516,1,"380-63125161","11/16/2023"
"13777","Ukraine","Soviet Union","BMP-1(P)","destroyed","https://i.postimg.cc/J7KdXxSX/2022-04-14-UA-BMP-1-destroyed-Korolivka-2.jpg","2023-11-16",63,12517,1,"380-63125171","11/16/2023"
"13778","Ukraine","Soviet Union","BMP-1(P)","destroyed","https://i.postimg.cc/wTLxs57d/2022-04-26-UA-BMP-1-destroyed.jpg","2023-11-16",63,12518,1,"380-63125181","11/16/2023"
"13779","Ukraine","Soviet Union","BMP-1(P)","destroyed","https://i.postimg.cc/Y2Q0pXD1/2022-06-06-UA-BMP-1-destroyed.jpg","2023-11-16",63,12519,1,"380-63125191","11/16/2023"
"13780","Ukraine","Soviet Union","BMP-1(P)","destroyed","https://i.postimg.cc/KjP0vW9s/2001-bmp1-destr.jpg","2023-11-16",63,12520,1,"380-63125201","11/16/2023"
"13781","Ukraine","Soviet Union","BMP-1(P)","destroyed","https://i.postimg.cc/0y08G5NP/UA-BMP-1-destroyed.png","2023-11-16",63,12521,1,"380-63125211","11/16/2023"
"13782","Ukraine","Soviet Union","BMP-1(P)","destroyed","https://i.postimg.cc/kGPNvMqR/47.png","2023-11-16",63,12522,1,"380-63125221","11/16/2023"
"13783","Ukraine","Soviet Union","BMP-1(P)","destroyed","https://twitter.com/GirkinGirkin/status/1600879541811281925","2023-11-16",63,12243,1,"380-63122431","11/16/2023"
"13784","Ukraine","Soviet Union","BMP-1(P)","destroyed","https://i.postimg.cc/9MPj6RcP/2008-bmp1-destr.jpg","2023-11-16",63,12523,1,"380-63125231","11/16/2023"
"13785","Ukraine","Soviet Union","BMP-1(P)","destroyed","https://i.postimg.cc/gjNb0CXn/2009-bmp1-destr.jpg","2023-11-16",63,12524,1,"380-63125241","11/16/2023"
"13786","Ukraine","Soviet Union","BMP-1(P)","destroyed","https://i.postimg.cc/hvSqcDGk/2010-bmp1-destr.jpg","2023-11-16",63,12525,1,"380-63125251","11/16/2023"
"13787","Ukraine","Soviet Union","BMP-1(P)","destroyed","https://i.postimg.cc/QCqJcSdM/2000-bmp1-destr.jpg","2023-11-16",63,12526,1,"380-63125261","11/16/2023"
"13788","Ukraine","Soviet Union","BMP-1(P)","destroyed","https://i.postimg.cc/zft6YHCv/43fp.png","2023-11-16",63,12527,1,"380-63125271","11/16/2023"
"13789","Ukraine","Soviet Union","BMP-1(P)","destroyed","https://i.postimg.cc/LXVTFcKT/5tg.png","2023-11-16",63,12528,1,"380-63125281","11/16/2023"
"13790","Ukraine","Soviet Union","BMP-1(P)","destroyed","https://i.postimg.cc/wTDXZc5r/2001-bmp1-destr.jpg","2023-11-16",63,12529,1,"380-63125291","11/16/2023"
"13791","Ukraine","Soviet Union","BMP-1(P)","destroyed","https://i.postimg.cc/zvjdDCc9/2002-bmp1-destr.jpg","2023-11-16",63,12530,1,"380-63125301","11/16/2023"
"13792","Ukraine","Soviet Union","BMP-1(P)","destroyed","https://i.postimg.cc/xdNQBNqh/2001-bmp1-destr.jpg","2023-11-16",63,12531,1,"380-63125311","11/16/2023"
"13793","Ukraine","Soviet Union","BMP-1(P)","destroyed","https://i.postimg.cc/4NX2LFzD/2008-bmp1-destr-03-01-23.jpg","2023-11-16",63,12532,1,"380-63125321","11/16/2023"
"13794","Ukraine","Soviet Union","BMP-1(P)","destroyed","https://i.postimg.cc/wjmcKb9z/1023-BTR-80-and-BMP-1-destr-08-01-23.jpg","2023-11-16",63,12533,1,"380-63125331","11/16/2023"
"13795","Ukraine","Soviet Union","BMP-1(P)","destroyed","https://i.postimg.cc/W4sC7Sd1/b1.png","2023-11-16",63,12534,1,"380-63125341","11/16/2023"
"13796","Ukraine","Soviet Union","BMP-1(P)","destroyed","https://i.postimg.cc/fTK3ht2g/2009-bmp1-destr-16-02-23.jpg","2023-11-16",63,12535,1,"380-63125351","11/16/2023"
"13797","Ukraine","Soviet Union","BMP-1(P)","destroyed","https://i.postimg.cc/prbrHZnf/2013-bmp1-destr-20-02-23.jpg","2023-11-16",63,12536,1,"380-63125361","11/16/2023"
"13798","Ukraine","Soviet Union","BMP-1(P)","destroyed","https://i.postimg.cc/7h36Y2gp/2016-bmp1-destr-20-02-23.jpg","2023-11-16",63,12537,1,"380-63125371","11/16/2023"
"13799","Ukraine","Soviet Union","BMP-1(P)","destroyed","https://i.postimg.cc/J4KpSKKn/2001-bmp1-destr-21-02-23.jpg","2023-11-16",63,12538,1,"380-63125381","11/16/2023"
"13800","Ukraine","Soviet Union","BMP-1(P)","destroyed","https://i.postimg.cc/cJ78LwCy/2007-bmp1-destr-27-02-23.jpg","2023-11-16",63,12539,1,"380-63125391","11/16/2023"
"13801","Ukraine","Soviet Union","BMP-1(P)","destroyed","https://i.postimg.cc/YjcCGDbs/2007-bmp1-destr-28-03-23.jpg","2023-11-16",63,12540,1,"380-63125401","11/16/2023"
"13802","Ukraine","Soviet Union","BMP-1(P)","destroyed","https://i.postimg.cc/6QKzL989/2008-bmp1-destr-30-03-23.jpg","2023-11-16",63,12541,1,"380-63125411","11/16/2023"
"13803","Ukraine","Soviet Union","BMP-1(P)","destroyed","https://twitter.com/UAWeapons/status/1645162546809417728","2023-11-16",63,12542,1,"380-63125421","11/16/2023"
"13804","Ukraine","Soviet Union","BMP-1(P)","destroyed","https://i.postimg.cc/B6tGxpQS/d.png","2023-11-16",63,12543,1,"380-63125431","11/16/2023"
"13805","Ukraine","Soviet Union","BMP-1(P)","destroyed","https://i.postimg.cc/52R545kc/s.png","2023-11-16",63,12544,1,"380-63125441","11/16/2023"
"13806","Ukraine","Soviet Union","BMP-1(P)","destroyed","https://i.postimg.cc/28vNFThG/5g3.png","2023-11-16",63,12545,1,"380-63125451","11/16/2023"
"13807","Ukraine","Soviet Union","BMP-1(P)","destroyed","https://i.postimg.cc/W3xDJXcr/422.png","2023-11-16",63,12546,1,"380-63125461","11/16/2023"
"13808","Ukraine","Soviet Union","BMP-1(P)","destroyed","https://i.postimg.cc/50ggG7Qv/6g6.png","2023-11-16",63,12547,1,"380-63125471","11/16/2023"
"13809","Ukraine","Soviet Union","BMP-1(P)","destroyed","https://twitter.com/naalsio26/status/1648070146974445574","2023-11-16",63,12548,1,"380-63125481","11/16/2023"
"13810","Ukraine","Soviet Union","BMP-1(P)","destroyed","https://i.postimg.cc/DzJ6jy2p/2003-bmp1-destr-01-05-23.jpg","2023-11-16",63,12549,1,"380-63125491","11/16/2023"
"13811","Ukraine","Soviet Union","BMP-1(P)","destroyed","https://i.postimg.cc/KYsxRdG5/2012-bmp1-destr-10-05-23.jpg","2023-11-16",63,12550,1,"380-63125501","11/16/2023"
"13812","Ukraine","Soviet Union","BMP-1(P)","destroyed","https://twitter.com/naalsio26/status/1659017576305893376","2023-11-16",63,12551,1,"380-63125511","11/16/2023"
"13813","Ukraine","Soviet Union","BMP-1(P)","destroyed","https://i.postimg.cc/j5Sv2GxX/2008-bmp1-destr-28-05-23.png","2023-11-16",63,12552,1,"380-63125521","11/16/2023"
"13814","Ukraine","Soviet Union","BMP-1(P)","destroyed","https://i.postimg.cc/mZzHZy6N/2029-bmp1-destr-29-05-23.jpg","2023-11-16",63,12553,1,"380-63125531","11/16/2023"
"13815","Ukraine","Soviet Union","BMP-1(P)","destroyed","https://i.postimg.cc/y8xM0npL/2002-bmp1-destr-06-06-23.jpg","2023-11-16",63,12554,1,"380-63125541","11/16/2023"
"13816","Ukraine","Soviet Union","BMP-1(P)","destroyed","https://i.postimg.cc/ZKFzHWdk/2022-bmp1-destr-30-11-22.jpg","2023-11-16",63,12555,1,"380-63125551","11/16/2023"
"13817","Ukraine","Soviet Union","BMP-1(P)","destroyed","https://i.postimg.cc/vTnLfQHs/2012-bmp1-destr-16-06-23.jpg","2023-11-16",63,12556,1,"380-63125561","11/16/2023"
"13818","Ukraine","Soviet Union","BMP-1(P)","destroyed","https://i.postimg.cc/rpp1gGFg/2028-bmp1-destr-12-06-23.jpg","2023-11-16",63,12557,1,"380-63125571","11/16/2023"
"13819","Ukraine","Soviet Union","BMP-1(P)","destroyed","https://i.postimg.cc/PrRLTgJZ/2009-bmp1-destr-11-06-23.jpg","2023-11-16",63,12558,1,"380-63125581","11/16/2023"
"13820","Ukraine","Soviet Union","BMP-1(P)","destroyed","https://i.postimg.cc/GtM4BNjW/2015-BMP-1-P-destr-13-06-22.jpg","2023-11-16",63,12559,1,"380-63125591","11/16/2023"
"13821","Ukraine","Soviet Union","BMP-1(P)","destroyed","https://i.postimg.cc/9X1RNRjL/2018-bmp1-destr-24-06-23.jpg","2023-11-16",63,12560,1,"380-63125601","11/16/2023"
"13822","Ukraine","Soviet Union","BMP-1(P)","destroyed","https://i.postimg.cc/G2x8R9Th/2022-bmp1-destr-25-06-23.jpg","2023-11-16",63,12561,1,"380-63125611","11/16/2023"
"13823","Ukraine","Soviet Union","BMP-1(P)","destroyed","https://i.postimg.cc/XNQBFTQH/2007-bmp1-destr-28-06-23.jpg","2023-11-16",63,12562,1,"380-63125621","11/16/2023"
"13824","Ukraine","Soviet Union","BMP-1(P)","destroyed","https://i.postimg.cc/vBfdyvPF/2000-bmp1-destr-04-07-23.jpg","2023-11-16",63,12563,1,"380-63125631","11/16/2023"
"13825","Ukraine","Soviet Union","BMP-1(P)","destroyed","https://i.postimg.cc/63yyfF5V/2011-bmp1-destr-06-07-23.jpg","2023-11-16",63,12564,1,"380-63125641","11/16/2023"
"13826","Ukraine","Soviet Union","BMP-1(P)","destroyed","https://i.postimg.cc/nhprPXhh/2012-bmp1-destr-06-07-23.jpg","2023-11-16",63,12565,1,"380-63125651","11/16/2023"
"13827","Ukraine","Soviet Union","BMP-1(P)","destroyed","https://i.postimg.cc/9Q9PdybF/2015-bmp1-destr-03-07-23.jpg","2023-11-16",63,12566,1,"380-63125661","11/16/2023"
"13828","Ukraine","Soviet Union","BMP-1(P)","destroyed","https://i.postimg.cc/vT1vQY7y/2006-bmp1-destr-08-07-23.jpg","2023-11-16",63,12567,1,"380-63125671","11/16/2023"
"13829","Ukraine","Soviet Union","BMP-1(P)","destroyed","https://i.postimg.cc/269wRbZT/2009-bmp1-destr-31-05-22.jpg","2023-11-16",63,12568,1,"380-63125681","11/16/2023"
"13830","Ukraine","Soviet Union","BMP-1(P)","destroyed","https://i.postimg.cc/7h5TgDSk/2003-bmp1-destr-10-07-23.jpg","2023-11-16",63,12569,1,"380-63125691","11/16/2023"
"13831","Ukraine","Soviet Union","BMP-1(P)","destroyed","https://i.postimg.cc/fbHpzz5k/2020-bmp2-and-bmp1-destr-21-07-23.jpg","2023-11-16",63,12570,1,"380-63125701","11/16/2023"
"13832","Ukraine","Soviet Union","BMP-1(P)","destroyed","https://i.postimg.cc/XJs31L68/2010-BMP-1-P-destr-19-07-23.jpg","2023-11-16",63,12571,1,"380-63125711","11/16/2023"
"13833","Ukraine","Soviet Union","BMP-1(P)","destroyed","https://i.postimg.cc/bJypRMWr/2016-BMP-1-P-destr-17-07-23.jpg","2023-11-16",63,12572,1,"380-63125721","11/16/2023"
"13834","Ukraine","Soviet Union","BMP-1(P)","destroyed","https://i.postimg.cc/CM6SjcNM/2030-BMP-1-P-destr-11-07-23.jpg","2023-11-16",63,12573,1,"380-63125731","11/16/2023"
"13835","Ukraine","Soviet Union","BMP-1(P)","destroyed","https://i.postimg.cc/QCVD27Xr/2036-BMP-1-P-destr-09-07-23.jpg","2023-11-16",63,12574,1,"380-63125741","11/16/2023"
"13836","Ukraine","Soviet Union","BMP-1(P)","destroyed","https://i.postimg.cc/RZwmx4zq/2038-BMP-1-P-destr-09-07-23.jpg","2023-11-16",63,12575,1,"380-63125751","11/16/2023"
"13837","Ukraine","Soviet Union","BMP-1(P)","destroyed","https://i.postimg.cc/bwMwzzPx/2009-bmp1-destr-26-07-23.jpg","2023-11-16",63,12576,1,"380-63125761","11/16/2023"
"13838","Ukraine","Soviet Union","BMP-1(P)","destroyed","https://i.postimg.cc/CLb4XBb0/2004-3x-bmp1-destr-27-07-23.jpg","2023-11-16",63,12577,1,"380-63125771","11/16/2023"
"13839","Ukraine","Soviet Union","BMP-1(P)","destroyed","https://i.postimg.cc/J7fqpcDK/2005-bmp1-destr-27-07-23.jpg","2023-11-16",63,12578,1,"380-63125781","11/16/2023"
"13840","Ukraine","Soviet Union","BMP-1(P)","destroyed","https://i.postimg.cc/Rq5XfMmc/2002-BRM-1-K-bmp1-and-t72ea-destr-27-07-23.jpg","2023-11-16",63,11812,1,"380-63118121","11/16/2023"
"13841","Ukraine","Soviet Union","BMP-1(P)","destroyed","https://i.postimg.cc/Xv1XW6wq/2002-2x-BMP-1s-BMP-2-BMP-1-2-T-64-BV-Zr-2017-T-72-AV-Unkn-Vehicle-destr-31-07-23.jpg","2023-11-16",63,11687,1,"380-63116871","11/16/2023"
"13842","Ukraine","Soviet Union","BMP-1(P)","destroyed","https://i.postimg.cc/zfVFHPsQ/2004-bmp1-destr-02-08-23.jpg","2023-11-16",63,12579,1,"380-63125791","11/16/2023"
"13843","Ukraine","Soviet Union","BMP-1(P)","destroyed","https://i.postimg.cc/vZ8zbm3b/2016-bmp1-destr-03-08-23.jpg","2023-11-16",63,12580,1,"380-63125801","11/16/2023"
"13844","Ukraine","Soviet Union","BMP-1(P)","destroyed","https://i.postimg.cc/0N2kNhZt/2010-bmp1-destr-01-08-23.jpg","2023-11-16",63,12581,1,"380-63125811","11/16/2023"
"13845","Ukraine","Soviet Union","BMP-1(P)","destroyed","https://i.postimg.cc/R0sMJGDv/2012-bmp1-destr-03-08-23.jpg","2023-11-16",63,12582,1,"380-63125821","11/16/2023"
"13846","Ukraine","Soviet Union","BMP-1(P)","destroyed","https://i.postimg.cc/mDpMr1PV/2000-bmp1-destr-07-08-23.jpg","2023-11-16",63,12583,1,"380-63125831","11/16/2023"
"13847","Ukraine","Soviet Union","BMP-1(P)","destroyed","https://i.postimg.cc/P5JbPrBy/2020-BMP-1-P-destr-08-08-23.jpg","2023-11-16",63,12584,1,"380-63125841","11/16/2023"
"13848","Ukraine","Soviet Union","BMP-1(P)","destroyed","https://i.postimg.cc/KYkFsvsf/2016-BMP-1-P-destr-19-08-23.jpg","2023-11-16",63,12585,1,"380-63125851","11/16/2023"
"13849","Ukraine","Soviet Union","BMP-1(P)","destroyed","https://i.postimg.cc/63vSrzJ4/2000-2x-bmp1-destr-23-08-23.jpg","2023-11-16",63,12586,1,"380-63125861","11/16/2023"
"13850","Ukraine","Soviet Union","BMP-1(P)","destroyed","https://i.postimg.cc/cHcL9wXS/5588.png","2023-11-16",63,12587,1,"380-63125871","11/16/2023"
"13851","Ukraine","Soviet Union","BMP-1(P)","destroyed","https://i.postimg.cc/2S2dJ98H/227.png","2023-11-16",63,12588,1,"380-63125881","11/16/2023"
"13852","Ukraine","Soviet Union","BMP-1(P)","destroyed","https://i.postimg.cc/Ssrm79Gz/33fo.png","2023-11-16",63,12589,1,"380-63125891","11/16/2023"
"13853","Ukraine","Soviet Union","BMP-1(P)","destroyed","https://i.postimg.cc/9QDmyzSL/44f2.png","2023-11-16",63,12590,1,"380-63125901","11/16/2023"
"13854","Ukraine","Soviet Union","BMP-1(P)","destroyed","https://i.postimg.cc/ZYWNHPgS/44f22.png","2023-11-16",63,12591,1,"380-63125911","11/16/2023"
"13855","Ukraine","Soviet Union","BMP-1(P)","destroyed","https://i.postimg.cc/7h4y5nJ2/3d3.png","2023-11-16",63,12592,1,"380-63125921","11/16/2023"
"13856","Ukraine","Soviet Union","BMP-1(P)","destroyed","https://i.postimg.cc/zB4K13Mv/2f4.png","2023-11-16",63,12593,1,"380-63125931","11/16/2023"
"13857","Ukraine","Soviet Union","BMP-1(P)","destroyed","https://i.postimg.cc/q7dFpMPm/3650.png","2023-11-16",63,12594,1,"380-63125941","11/16/2023"
"13858","Ukraine","Soviet Union","BMP-1(P)","destroyed","https://i.postimg.cc/Bv33jrYM/446y.png","2023-11-16",63,12595,1,"380-63125951","11/16/2023"
"13859","Ukraine","Soviet Union","BMP-1(P)","destroyed","https://i.postimg.cc/bwP7VwSk/4r4.png","2023-11-16",63,12596,1,"380-63125961","11/16/2023"
"13860","Ukraine","Soviet Union","BMP-1(P)","destroyed","https://i.postimg.cc/2SBs29wb/877.png","2023-11-16",63,12597,1,"380-63125971","11/16/2023"
"13861","Ukraine","Soviet Union","BMP-1(P)","destroyed","https://i.postimg.cc/V61PS9XS/e3.png","2023-11-16",63,12598,1,"380-63125981","11/16/2023"
"13862","Ukraine","Soviet Union","BMP-1(P)","destroyed","https://i.postimg.cc/pTYxkcPY/75.png","2023-11-16",63,12599,1,"380-63125991","11/16/2023"
"13863","Ukraine","Soviet Union","BMP-1(P)","destroyed","https://i.postimg.cc/L4LZFm8N/1d.png","2023-11-16",63,12600,1,"380-63126001","11/16/2023"
"13864","Ukraine","Soviet Union","BMP-1(P)","destroyed","https://i.postimg.cc/NFq92zp6/32d1.png","2023-11-16",63,12601,1,"380-63126011","11/16/2023"
"13865","Ukraine","Soviet Union","BMP-1(P)","destroyed","https://i.postimg.cc/qBKHdZwr/2009-BMP-1-P-destr-12-09-23.jpg","2023-11-16",63,12602,1,"380-63126021","11/16/2023"
"13866","Ukraine","Soviet Union","BMP-1(P)","destroyed","https://i.postimg.cc/3wmBHNms/27.png","2023-11-16",63,12603,1,"380-63126031","11/16/2023"
"13867","Ukraine","Soviet Union","BMP-1(P)","destroyed","https://i.postimg.cc/GpHWPF0k/764.png","2023-11-16",63,12604,1,"380-63126041","11/16/2023"
"13868","Ukraine","Soviet Union","BMP-1(P)","destroyed","https://i.postimg.cc/g0tYmcpK/760.png","2023-11-16",63,12605,1,"380-63126051","11/16/2023"
"13869","Ukraine","Soviet Union","BMP-1(P)","destroyed","https://i.postimg.cc/tC2frbKd/276.png","2023-11-16",63,12606,1,"380-63126061","11/16/2023"
"13870","Ukraine","Soviet Union","BMP-1(P)","destroyed","https://i.postimg.cc/Y01fthTG/6599.png","2023-11-16",63,12607,1,"380-63126071","11/16/2023"
"13871","Ukraine","Soviet Union","BMP-1(P)","destroyed","https://i.postimg.cc/tgY3YrLH/65993.png","2023-11-16",63,12608,1,"380-63126081","11/16/2023"
"13872","Ukraine","Soviet Union","BMP-1(P)","destroyed","https://i.postimg.cc/Y01fthTG/6599.png","2023-11-16",63,12607,1,"380-63126071","11/16/2023"
"13873","Ukraine","Soviet Union","BMP-1(P)","destroyed","https://i.postimg.cc/5NbT4Tf7/658.png","2023-11-16",63,12609,1,"380-63126091","11/16/2023"
"13874","Ukraine","Soviet Union","BMP-1(P)","destroyed","https://i.postimg.cc/762dmW7S/54g.png","2023-11-16",63,12610,1,"380-63126101","11/16/2023"
"13875","Ukraine","Soviet Union","BMP-1(P)","destroyed","https://i.postimg.cc/Jh2cQCpM/3374.png","2023-11-16",63,12611,1,"380-63126111","11/16/2023"
"13876","Ukraine","Soviet Union","BMP-1(P)","destroyed","https://i.postimg.cc/wMSCRZNj/3297.png","2023-11-16",63,12612,1,"380-63126121","11/16/2023"
"13877","Ukraine","Soviet Union","BMP-1(P)","destroyed","https://i.postimg.cc/8CbQWcpJ/422.png","2023-11-16",63,12613,1,"380-63126131","11/16/2023"
"13878","Ukraine","Soviet Union","BMP-1(P)","destroyed","https://i.postimg.cc/q7cmsgTw/213.png","2023-11-16",63,12614,1,"380-63126141","11/16/2023"
"13879","Ukraine","Soviet Union","BMP-1(P)","destroyed","https://i.postimg.cc/DzDhSjTY/21f.png","2023-11-16",63,12615,1,"380-63126151","11/16/2023"
"13880","Ukraine","Soviet Union","BMP-1(P)","destroyed","https://i.postimg.cc/Lsj1V6kz/763.png","2023-11-16",63,12616,1,"380-63126161","11/16/2023"
"13881","Ukraine","Soviet Union","BMP-1(P)","destroyed","https://i.postimg.cc/DZrfknLQ/4310.png","2023-11-16",63,12617,1,"380-63126171","11/16/2023"
"13882","Ukraine","Soviet Union","BMP-1(P)","destroyed","https://i.postimg.cc/63NzbjqK/2004-BMP-1-P-destr-31-08-23.jpg","2023-11-16",63,12618,1,"380-63126181","11/16/2023"
"13883","Ukraine","Soviet Union","BMP-1(P)","destroyed","https://i.postimg.cc/x8jQ5J0M/2004-BMP-1-P-destr-11-09-23.jpg","2023-11-16",63,12619,1,"380-63126191","11/16/2023"
"13884","Ukraine","Soviet Union","BMP-1(P)","destroyed","https://i.postimg.cc/0jgxkhC5/2013-bmp1-destr-30-11-22.jpg","2023-11-16",63,12620,1,"380-63126201","11/16/2023"
"13885","Ukraine","Soviet Union","BMP-1(P)","destroyed","https://i.postimg.cc/MZY6HnvX/2007-bmp1-destr-16-10-23.jpg","2023-11-16",63,12621,1,"380-63126211","11/16/2023"
"13886","Ukraine","Soviet Union","BMP-1(P)","destroyed","https://i.postimg.cc/1t50PTdg/2016-BMP-1-P-destr-26-07-23.jpg","2023-11-16",63,12622,1,"380-63126221","11/16/2023"
"13887","Ukraine","Soviet Union","BMP-1(P)","destroyed","https://i.postimg.cc/dQn59vJW/2010-bmp1-destr-02-11-23.jpg","2023-11-16",63,12623,1,"380-63126231","11/16/2023"
"13888","Ukraine","Soviet Union","BMP-1(P)","damaged","https://twitter.com/UAWeapons/status/1558416989827235840","2023-11-16",63,12624,2,"380-63126242","11/16/2023"
"13889","Ukraine","Soviet Union","BMP-1(P)","damaged","https://i.postimg.cc/FR5mKHKs/2000-bmp1.jpg","2023-11-16",63,12625,2,"380-63126252","11/16/2023"
"13890","Ukraine","Soviet Union","BMP-1(P)","damaged","https://i.postimg.cc/mg8DRSwS/2002-bmp1-dam.jpg","2023-11-16",63,12626,2,"380-63126262","11/16/2023"
"13891","Ukraine","Soviet Union","BMP-1(P)","damaged","https://i.postimg.cc/Xqkr43Q0/227.png","2023-11-16",63,12627,2,"380-63126272","11/16/2023"
"13892","Ukraine","Soviet Union","BMP-1(P)","damaged","https://i.postimg.cc/bwx7nRWb/2015-bmp1-dam-13-01-23.jpg","2023-11-16",63,12628,2,"380-63126282","11/16/2023"
"13893","Ukraine","Soviet Union","BMP-1(P)","damaged","https://i.postimg.cc/mkHBxDjC/2027-bmp1-dam-28-05-23.jpg","2023-11-16",63,12629,2,"380-63126292","11/16/2023"
"13894","Ukraine","Soviet Union","BMP-1(P)","damaged","https://i.postimg.cc/3x5MwHVc/66h.png","2023-11-16",63,12630,2,"380-63126302","11/16/2023"
"13895","Ukraine","Soviet Union","BMP-1(P)","damaged","https://i.postimg.cc/c4MDKkDh/3657.png","2023-11-16",63,12631,2,"380-63126312","11/16/2023"
"13896","Ukraine","Soviet Union","BMP-1(P)","damaged","https://i.postimg.cc/BbDNthPv/437.png","2023-11-16",63,12632,2,"380-63126322","11/16/2023"
"13897","Ukraine","Soviet Union","BMP-1(P)","abandoned","https://i.postimg.cc/JntgJKJ8/a2.png","2023-11-16",63,12633,4,"380-63126334","11/16/2023"
"13898","Ukraine","Soviet Union","BMP-1(P)","abandoned","https://i.postimg.cc/3rs64XwM/a3.png","2023-11-16",63,12634,4,"380-63126344","11/16/2023"
"13899","Ukraine","Soviet Union","BMP-1(P)","abandoned","https://i.postimg.cc/QMv683VY/2025-bmp1-aband-25-01-23.jpg","2023-11-16",63,12635,4,"380-63126354","11/16/2023"
"13900","Ukraine","Soviet Union","BMP-1(P)","abandoned","https://i.postimg.cc/Dwg5VCDk/43j.png","2023-11-16",63,12636,4,"380-63126364","11/16/2023"
"13901","Ukraine","Soviet Union","BMP-1(P)","abandoned","https://i.postimg.cc/TYfDBCPr/577.png","2023-11-16",63,12200,4,"380-63122004","11/16/2023"
"13902","Ukraine","Soviet Union","BMP-1(P)","abandoned","https://i.postimg.cc/sgxvL5xm/689.png","2023-11-16",63,12637,4,"380-63126374","11/16/2023"
"13903","Ukraine","Soviet Union","BMP-1(P)","abandoned","https://i.postimg.cc/K8C4kkjf/6h0.png","2023-11-16",63,12638,4,"380-63126384","11/16/2023"
"13904","Ukraine","Soviet Union","BMP-1(P)","abandoned","https://i.postimg.cc/9Ff2bthD/a1.png","2023-11-16",63,12639,4,"380-63126394","11/16/2023"
"13905","Ukraine","Soviet Union","BMP-1(P)","damaged","https://twitter.com/UAWeapons/status/1568241700921016320","2023-11-16",63,12089,2,"380-63120892","11/16/2023"
"13906","Ukraine","Soviet Union","BMP-1(P)","abandoned","https://twitter.com/UAWeapons/status/1568241700921016320","2023-11-16",63,12089,4,"380-63120894","11/16/2023"
"13907","Ukraine","Soviet Union","BMP-1(P)","abandoned","https://twitter.com/UAWeapons/status/1574132894846648320","2023-11-16",63,12090,4,"380-63120904","11/16/2023"
"13908","Ukraine","Soviet Union","BMP-1(P)","abandoned","https://twitter.com/UAWeapons/status/1576654743560388608","2023-11-16",63,11854,4,"380-63118544","11/16/2023"
"13909","Ukraine","Soviet Union","BMP-1(P)","abandoned","https://i.postimg.cc/Mp9mnXZs/76300.png","2023-11-16",63,12640,4,"380-63126404","11/16/2023"
"13910","Ukraine","Soviet Union","BMP-1(P)","abandoned","https://i.postimg.cc/zfgSHYVG/2011-bmp1-aband-09-10-22.jpg","2023-11-16",63,12641,4,"380-63126414","11/16/2023"
"13911","Ukraine","Soviet Union","BMP-1(P)","abandoned","https://i.postimg.cc/y8tvjXh0/2004-bmp1-destr-and-bmp1-dam-aband-26-01-23.jpg","2023-11-16",63,12642,4,"380-63126424","11/16/2023"
"13912","Ukraine","Soviet Union","BMP-1(P)","abandoned","https://twitter.com/UAWeapons/status/1632676484396531719","2023-11-16",63,12392,4,"380-63123924","11/16/2023"
"13913","Ukraine","Soviet Union","BMP-1(P)","damaged","https://twitter.com/UAWeapons/status/1653828968628224000","2023-11-16",63,11599,2,"380-63115992","11/16/2023"
"13914","Ukraine","Soviet Union","BMP-1(P)","abandoned","https://twitter.com/UAWeapons/status/1653828968628224000","2023-11-16",63,11599,4,"380-63115994","11/16/2023"
"13915","Ukraine","Soviet Union","BMP-1(P)","damaged","https://i.postimg.cc/s2tLsJfX/2005-bmp1-dam-aband-15-06-23.jpg","2023-11-16",63,12643,2,"380-63126432","11/16/2023"
"13916","Ukraine","Soviet Union","BMP-1(P)","abandoned","https://i.postimg.cc/s2tLsJfX/2005-bmp1-dam-aband-15-06-23.jpg","2023-11-16",63,12643,4,"380-63126434","11/16/2023"
"13917","Ukraine","Soviet Union","BMP-1(P)","damaged","https://i.postimg.cc/6qDfqkzv/2024-bmp1-dam-aband-10-07-23.jpg","2023-11-16",63,12644,2,"380-63126442","11/16/2023"
"13918","Ukraine","Soviet Union","BMP-1(P)","abandoned","https://i.postimg.cc/6qDfqkzv/2024-bmp1-dam-aband-10-07-23.jpg","2023-11-16",63,12644,4,"380-63126444","11/16/2023"
"13919","Ukraine","Soviet Union","BMP-1(P)","damaged","https://i.postimg.cc/W31cZZqJ/2043-bmp1-dam-aband-22-07-23.jpg","2023-11-16",63,12645,2,"380-63126452","11/16/2023"
"13920","Ukraine","Soviet Union","BMP-1(P)","abandoned","https://i.postimg.cc/W31cZZqJ/2043-bmp1-dam-aband-22-07-23.jpg","2023-11-16",63,12645,4,"380-63126454","11/16/2023"
"13921","Ukraine","Soviet Union","BMP-1(P)","damaged","https://twitter.com/UAWeapons/status/1684556026065068032","2023-11-16",63,11802,2,"380-63118022","11/16/2023"
"13922","Ukraine","Soviet Union","BMP-1(P)","abandoned","https://twitter.com/UAWeapons/status/1684556026065068032","2023-11-16",63,11802,4,"380-63118024","11/16/2023"
"13923","Ukraine","Soviet Union","BMP-1(P)","captured","https://i.postimg.cc/SxG3vCKt/2s1.jpg","2023-11-16",63,12646,3,"380-63126463","11/16/2023"
"13924","Ukraine","Soviet Union","BMP-1(P)","captured","https://i.postimg.cc/mkjw63QN/47.png","2023-11-16",63,12647,3,"380-63126473","11/16/2023"
"13925","Ukraine","Soviet Union","BMP-1(P)","captured","https://i.postimg.cc/6p7Hy3qs/d13.png","2023-11-16",63,12648,3,"380-63126483","11/16/2023"
"13926","Ukraine","Soviet Union","BMP-1(P)","captured","https://i.postimg.cc/kGwkvKqd/s1.png","2023-11-16",63,12649,3,"380-63126493","11/16/2023"
"13927","Ukraine","Soviet Union","BMP-1(P)","captured","https://i.postimg.cc/JzXgM3t5/d2.jpg","2023-11-16",63,12650,3,"380-63126503","11/16/2023"
"13928","Ukraine","Soviet Union","BMP-1(P)","captured","https://i.postimg.cc/d1x3ZrSF/b88.png","2023-11-16",63,12651,3,"380-63126513","11/16/2023"
"13929","Ukraine","Soviet Union","BMP-1(P)","captured","https://i.postimg.cc/d1JDTS9m/3378.png","2023-11-16",63,12652,3,"380-63126523","11/16/2023"
"13930","Ukraine","Soviet Union","BMP-1(P)","captured","https://i.postimg.cc/vm1vTsst/2003-bmp-1.jpg","2023-11-16",63,12653,3,"380-63126533","11/16/2023"
"13931","Ukraine","Soviet Union","BMP-1(P)","captured","https://i.postimg.cc/3wWC7D6Z/d33.png","2023-11-16",63,12654,3,"380-63126543","11/16/2023"
"13932","Ukraine","Soviet Union","BMP-1(P)","captured","https://i.postimg.cc/yxR7rzw0/776.png","2023-11-16",63,12655,3,"380-63126553","11/16/2023"
"13933","Ukraine","Soviet Union","BMP-1(P)","captured","https://i.postimg.cc/Hs0JyWbf/2005.jpg","2023-11-16",63,12656,3,"380-63126563","11/16/2023"
"13934","Ukraine","Soviet Union","BMP-1(P)","captured","https://i.postimg.cc/jqNSKcG6/332.png","2023-11-16",63,12657,3,"380-63126573","11/16/2023"
"13935","Ukraine","Soviet Union","BMP-1(P)","captured","https://i.postimg.cc/Hx4q4ZYN/2013-bmp1-capt-18-10-22.jpg","2023-11-16",63,12658,3,"380-63126583","11/16/2023"
"13936","Ukraine","Soviet Union","BMP-1(P)","captured","https://i.postimg.cc/xdQ31CLd/437.png","2023-11-16",63,12659,3,"380-63126593","11/16/2023"
"13937","Ukraine","Soviet Union","BMP-1(P)","captured","https://twitter.com/UAWeapons/status/1545899337682751489","2023-11-16",63,12660,3,"380-63126603","11/16/2023"
"13938","Ukraine","Soviet Union","BMP-1(P)","captured","https://i.postimg.cc/Z5TW0sSC/8877.png","2023-11-16",63,12661,3,"380-63126613","11/16/2023"
"13939","Ukraine","Soviet Union","BMP-1(P)","captured","https://i.postimg.cc/dt6JR8KK/366.png","2023-11-16",63,12662,3,"380-63126623","11/16/2023"
"13940","Ukraine","Soviet Union","BMP-1(P)","captured","https://i.postimg.cc/nrHwDscN/224.jpg","2023-11-16",63,12663,3,"380-63126633","11/16/2023"
"13941","Ukraine","Soviet Union","BMP-1(P)","captured","https://i.postimg.cc/LscqvkkQ/2023-bmp1-capt-08-02-23.jpg","2023-11-16",63,12664,3,"380-63126643","11/16/2023"
"13942","Ukraine","Soviet Union","BMP-1(P)","captured","https://i.postimg.cc/zGh7jxyq/2002-bmp1-capt.jpg","2023-11-16",63,12665,3,"380-63126653","11/16/2023"
"13943","Ukraine","Soviet Union","BMP-1(P)","captured","https://postimg.cc/qN7ZWRy0","2023-11-16",63,12666,3,"380-63126663","11/16/2023"
"13944","Ukraine","Soviet Union","BMP-1(P)","captured","https://postimg.cc/sGZN60hW","2023-11-16",63,12667,3,"380-63126673","11/16/2023"
"13945","Ukraine","Soviet Union","BMP-1(P)","captured","https://postimg.cc/B8LQgJvQ","2023-11-16",63,12668,3,"380-63126683","11/16/2023"
"13946","Ukraine","Soviet Union","BMP-1(P)","captured","https://postimg.cc/xNzxYf2C","2023-11-16",63,12669,3,"380-63126693","11/16/2023"
"13947","Ukraine","Soviet Union","BMP-1(P)","damaged","https://i.postimg.cc/T13snM5z/2001-bmp-1-dam-capt.jpg","2023-11-16",63,12670,2,"380-63126702","11/16/2023"
"13948","Ukraine","Soviet Union","BMP-1(P)","captured","https://i.postimg.cc/T13snM5z/2001-bmp-1-dam-capt.jpg","2023-11-16",63,12670,3,"380-63126703","11/16/2023"
"13949","Ukraine","Soviet Union","BMP-1(P)","captured","https://i.postimg.cc/jSPZq6mT/432.png","2023-11-16",63,12671,3,"380-63126713","11/16/2023"
"13950","Ukraine","Soviet Union","BMP-1(P)","captured","https://i.postimg.cc/yYGWXkfH/UA-BMP-1-captured.png","2023-11-16",63,12672,3,"380-63126723","11/16/2023"
"13951","Ukraine","Soviet Union","BMP-1(P)","captured","https://i.postimg.cc/x1f5c41t/65r.png","2023-11-16",63,12673,3,"380-63126733","11/16/2023"
"13952","Ukraine","Soviet Union","BMP-1(P)","captured","https://i.postimg.cc/c4Kf3C6S/2068-BMP-1-P-capt-02-04-22.jpg","2023-11-16",63,12674,3,"380-63126743","11/16/2023"
"13953","Ukraine","Soviet Union","BMP-1(P)","captured","https://i.postimg.cc/zBJnHkHt/2069-BMP-1-P-capt-05-04-22.jpg","2023-11-16",63,12675,3,"380-63126753","11/16/2023"
"13954","Ukraine","Soviet Union","BMP-1(P)","captured","https://i.postimg.cc/prS87bG4/2070-BMP-1-P-capt-05-04-22.jpg","2023-11-16",63,12676,3,"380-63126763","11/16/2023"
"13955","Ukraine","Soviet Union","BMP-1(P)","captured","https://i.postimg.cc/TYZgJxWW/2071-BMP-1-P-capt-10-04-22.jpg","2023-11-16",63,12677,3,"380-63126773","11/16/2023"
"13956","Ukraine","Soviet Union","BMP-1(P)","captured","https://i.postimg.cc/ZqmNXLHb/2072-BMP-1-P-capt-12-04-22.jpg","2023-11-16",63,12678,3,"380-63126783","11/16/2023"
"13957","Ukraine","Soviet Union","BMP-1(P)","captured","https://i.postimg.cc/xTLx1hhP/32d.png","2023-11-16",63,12679,3,"380-63126793","11/16/2023"
"13958","Ukraine","Soviet Union","BMP-1(P)","captured","https://i.postimg.cc/cJphF4V3/2006-bmp1-capt-18-12-22.jpg","2023-11-16",63,12680,3,"380-63126803","11/16/2023"
"13959","Ukraine","Soviet Union","BMP-1(P)","captured","https://i.postimg.cc/50t1LsvD/2004-bmp1-capt-06-04-22.jpg","2023-11-16",63,12681,3,"380-63126813","11/16/2023"
"13960","Ukraine","Soviet Union","BMP-1(P)","damaged","https://i.postimg.cc/Ghcw1vR9/2011-bmp1-dam-aband-19-03-23.jpg","2023-11-16",63,12682,2,"380-63126822","11/16/2023"
"13961","Ukraine","Soviet Union","BMP-1(P)","captured","https://i.postimg.cc/Ghcw1vR9/2011-bmp1-dam-aband-19-03-23.jpg","2023-11-16",63,12682,3,"380-63126823","11/16/2023"
"13962","Ukraine","Soviet Union","BMP-1(P)","captured","https://i.postimg.cc/vBw7W2VL/2012-bmp1-destr-30-06-22.jpg","2023-11-16",63,12683,3,"380-63126833","11/16/2023"
"13963","Ukraine","Soviet Union","BMP-1(P)","captured","https://i.postimg.cc/C1t0LnWD/2004-bmp1-capt-17-01-23.jpg","2023-11-16",63,12684,3,"380-63126843","11/16/2023"
"13964","Ukraine","Soviet Union","BMP-1(P)","captured","https://i.postimg.cc/g0gdQTsg/2005-bmp1-capt-17-01-23.jpg","2023-11-16",63,12685,3,"380-63126853","11/16/2023"
"13965","Ukraine","Soviet Union","BMP-1(P)","captured","https://i.postimg.cc/15hGxkN9/2003-bmp1-capt-31-05-22.jpg","2023-11-16",63,12686,3,"380-63126863","11/16/2023"
"13966","Ukraine","Soviet Union","BMP-1(P)","captured","https://i.postimg.cc/hGWKz3H2/2013-bmp1-capt-20-07-22.jpg","2023-11-16",63,12687,3,"380-63126873","11/16/2023"
"13967","Ukraine","Soviet Union","BMP-1(P)","captured","https://i.postimg.cc/2SXLLN1D/2012-bmp1-capt-22-06-22.jpg","2023-11-16",63,12688,3,"380-63126883","11/16/2023"
"13968","Ukraine","Soviet Union","BMP-1(P)","captured","https://i.postimg.cc/tJHxRdYn/2018-bmp1-capt-04-02-23.jpg","2023-11-16",63,12689,3,"380-63126893","11/16/2023"
"13969","Ukraine","Soviet Union","BMP-1(P)","damaged","https://twitter.com/UAWeapons/status/1658807110367313920","2023-11-16",63,12690,2,"380-63126902","11/16/2023"
"13970","Ukraine","Soviet Union","BMP-1(P)","captured","https://twitter.com/UAWeapons/status/1658807110367313920","2023-11-16",63,12690,3,"380-63126903","11/16/2023"
"13971","Ukraine","Soviet Union","BMP-1(P)","captured","https://i.postimg.cc/Hj1HTgvK/2031-bmp1-capt-29-05-23.jpg","2023-11-16",63,12691,3,"380-63126913","11/16/2023"
"13972","Ukraine","Soviet Union","BMP-1(P)","captured","https://i.postimg.cc/mgTZ7444/2002-bmp1-capt-31-07-23.jpg","2023-11-16",63,12692,3,"380-63126923","11/16/2023"
"13973","Ukraine","Ukraine","BMP-1TS","destroyed","https://i.postimg.cc/2SGz54Xn/213.png","2023-11-16",448,12693,1,"380-448126931","11/16/2023"
"13974","Ukraine","Ukraine","BMP-1U Shkval","captured","https://i.postimg.cc/KcC7csQq/477.png","2023-11-16",449,12147,3,"380-449121473","11/16/2023"
"13975","Ukraine","Ukraine","BMP-1U Shkval","captured","https://twitter.com/naalsio26/status/1700546121746067960","2023-11-16",449,12694,3,"380-449126943","11/16/2023"
"13976","Ukraine","Poland","3 BWP-1","destroyed","https://i.postimg.cc/SR8Vgf02/5422.png","2023-11-16",450,12695,1,"380-450126951","11/16/2023"
"13977","Ukraine","Poland","3 BWP-1","destroyed","https://i.postimg.cc/B60mLmG0/2022-bwp1-destr-08-07-23.jpg","2023-11-16",450,12696,1,"380-450126961","11/16/2023"
"13978","Ukraine","Poland","3 BWP-1","destroyed","https://i.postimg.cc/3wCdMd2R/2005-BWP-1-destr-09-10-23.jpg","2023-11-16",450,12697,1,"380-450126971","11/16/2023"
"13979","Ukraine","Sweden","Pbv 501A","destroyed","https://twitter.com/UAWeapons/status/1544393722967760904","2023-11-16",451,12698,1,"380-451126981","11/16/2023"
"13980","Ukraine","Sweden","Pbv 501A","destroyed","https://i.postimg.cc/hjt4Wwxt/2001-Pbv-501-A-destr.jpg","2023-11-16",451,12699,1,"380-451126991","11/16/2023"
"13981","Ukraine","Sweden","Pbv 501A","destroyed","https://i.postimg.cc/SsWJqS9Y/2003-Pbv-501-destr-05-01-23.jpg","2023-11-16",451,12700,1,"380-451127001","11/16/2023"
"13982","Ukraine","Sweden","Pbv 501A","destroyed","https://twitter.com/UAWeapons/status/1570783958715240449","2023-11-16",451,12451,1,"380-451124511","11/16/2023"
"13983","Ukraine","Sweden","Pbv 501A","destroyed","https://i.postimg.cc/nzMnkTQd/2026-Pbv-501-A-destr-27-05-23.jpg","2023-11-16",451,12701,1,"380-451127011","11/16/2023"
"13984","Ukraine","Sweden","Pbv 501A","destroyed","https://i.postimg.cc/L5hXZDwY/2002-PBV-501-destr-25-10-23.jpg","2023-11-16",451,12702,1,"380-451127021","11/16/2023"
"13985","Ukraine","Sweden","Pbv 501A","destroyed","https://i.postimg.cc/nr5LK7fd/2003-PBV-501-destr-25-10-23.jpg","2023-11-16",451,12703,1,"380-451127031","11/16/2023"
"13986","Ukraine","Sweden","Pbv 501A","captured","https://i.postimg.cc/BQYQJ2Ch/2005-Pb-V-501-capt-05-03-23.jpg","2023-11-16",451,12704,3,"380-451127043","11/16/2023"
"13987","Ukraine","Yugoslavia","BVP M-80A","destroyed","https://twitter.com/UAWeapons/status/1640751237170692100","2023-11-16",452,12705,1,"380-452127051","11/16/2023"
"13988","Ukraine","Yugoslavia","BVP M-80A","destroyed","https://twitter.com/UAWeapons/status/1650463631119728643","2023-11-16",452,12706,1,"380-452127061","11/16/2023"
"13989","Ukraine","Yugoslavia","BVP M-80A","destroyed","https://i.postimg.cc/MGX82d7f/2043-BVP-M-80-A-destr-14-05-23.jpg","2023-11-16",452,12707,1,"380-452127071","11/16/2023"
"13990","Ukraine","Yugoslavia","BVP M-80A","damaged","https://twitter.com/UAWeapons/status/1612380699054731266","2023-11-16",452,12708,2,"380-452127082","11/16/2023"
"13991","Ukraine","Yugoslavia","BVP M-80A","damaged","https://twitter.com/UAWeapons/status/1574382524964421638","2023-11-16",452,12709,2,"380-452127092","11/16/2023"
"13992","Ukraine","Yugoslavia","BVP M-80A","damaged","https://i.postimg.cc/HnP022Fj/2000-m80-dam-08-07-23.jpg","2023-11-16",452,12710,2,"380-452127102","11/16/2023"
"13993","Ukraine","Yugoslavia","BVP M-80A","damaged","https://i.postimg.cc/C5wgBCTP/742.png","2023-11-16",452,12711,2,"380-452127112","11/16/2023"
"13994","Ukraine","Yugoslavia","BVP M-80A","abandoned","https://i.postimg.cc/C5wgBCTP/742.png","2023-11-16",452,12711,4,"380-452127114","11/16/2023"
"13995","Ukraine","Soviet Union","181 BMP-2(K)","destroyed","https://i.postimg.cc/LssXW6X2/r4.png","2023-11-16",453,12712,1,"380-453127121","11/16/2023"
"13996","Ukraine","Soviet Union","181 BMP-2(K)","destroyed","https://i.postimg.cc/5Ns0L8F8/37.png","2023-11-16",453,12713,1,"380-453127131","11/16/2023"
"13997","Ukraine","Soviet Union","181 BMP-2(K)","destroyed","https://i.postimg.cc/L6pWXxQX/578.png","2023-11-16",453,12714,1,"380-453127141","11/16/2023"
"13998","Ukraine","Soviet Union","181 BMP-2(K)","destroyed","https://i.postimg.cc/bNp68sdS/33217.jpg","2023-11-16",453,12715,1,"380-453127151","11/16/2023"
"13999","Ukraine","Soviet Union","181 BMP-2(K)","destroyed","https://i.postimg.cc/L66H1m1D/2001-bmp2-destr-20-10-23.jpg","2023-11-16",453,12716,1,"380-453127161","11/16/2023"
"14000","Ukraine","Soviet Union","181 BMP-2(K)","destroyed","https://postimg.cc/bGFxKfck","2023-11-16",453,12717,1,"380-453127171","11/16/2023"
"14001","Ukraine","Soviet Union","181 BMP-2(K)","destroyed","https://i.postimg.cc/XJ300hWz/54k.jpg","2023-11-16",453,12718,1,"380-453127181","11/16/2023"
"14002","Ukraine","Soviet Union","181 BMP-2(K)","destroyed","https://twitter.com/UAWeapons/status/1523007832064503809","2023-11-16",453,12719,1,"380-453127191","11/16/2023"
"14003","Ukraine","Soviet Union","181 BMP-2(K)","destroyed","https://i.postimg.cc/k5p6Kykv/f4.png","2023-11-16",453,12720,1,"380-453127201","11/16/2023"
"14004","Ukraine","Soviet Union","181 BMP-2(K)","destroyed","https://i.postimg.cc/1zCdC4GK/8750.png","2023-11-16",453,12721,1,"380-453127211","11/16/2023"
"14005","Ukraine","Soviet Union","181 BMP-2(K)","destroyed","https://i.postimg.cc/VsgGfG6d/b2.png","2023-11-16",453,12722,1,"380-453127221","11/16/2023"
"14006","Ukraine","Soviet Union","181 BMP-2(K)","destroyed","https://i.postimg.cc/hjg5BSPb/6687.png","2023-11-16",453,12723,1,"380-453127231","11/16/2023"
"14007","Ukraine","Soviet Union","181 BMP-2(K)","destroyed","https://i.postimg.cc/2yXMT29N/2000.jpg","2023-11-16",453,12724,1,"380-453127241","11/16/2023"
"14008","Ukraine","Soviet Union","181 BMP-2(K)","destroyed","https://i.postimg.cc/mrrBtQrM/665.png","2023-11-16",453,12725,1,"380-453127251","11/16/2023"
"14009","Ukraine","Soviet Union","181 BMP-2(K)","destroyed","https://i.postimg.cc/hPT95Ly2/4437h.png","2023-11-16",453,12726,1,"380-453127261","11/16/2023"
"14010","Ukraine","Soviet Union","181 BMP-2(K)","destroyed","https://i.postimg.cc/6QRSwSFc/ff2.png","2023-11-16",453,12727,1,"380-453127271","11/16/2023"
"14011","Ukraine","Soviet Union","181 BMP-2(K)","destroyed","https://postimg.cc/BXqgy0X7","2023-11-16",453,12728,1,"380-453127281","11/16/2023"
"14012","Ukraine","Soviet Union","181 BMP-2(K)","destroyed","https://i.postimg.cc/rwp6mVH4/4369.png","2023-11-16",453,12729,1,"380-453127291","11/16/2023"
"14013","Ukraine","Soviet Union","181 BMP-2(K)","destroyed","https://i.postimg.cc/zX8ZsSS0/4368.png","2023-11-16",453,12730,1,"380-453127301","11/16/2023"
"14014","Ukraine","Soviet Union","181 BMP-2(K)","destroyed","https://i.postimg.cc/nrtbcv8V/4367.png","2023-11-16",453,12731,1,"380-453127311","11/16/2023"
"14015","Ukraine","Soviet Union","181 BMP-2(K)","destroyed","https://i.postimg.cc/7ZtX3RB6/4434.png","2023-11-16",453,12732,1,"380-453127321","11/16/2023"
"14016","Ukraine","Soviet Union","181 BMP-2(K)","destroyed","https://i.postimg.cc/yNVBRkbB/44377.png","2023-11-16",453,12733,1,"380-453127331","11/16/2023"
"14017","Ukraine","Soviet Union","181 BMP-2(K)","destroyed","https://postimg.cc/MMHB68H0","2023-11-16",453,11464,1,"380-453114641","11/16/2023"
"14018","Ukraine","Soviet Union","181 BMP-2(K)","destroyed","https://i.postimg.cc/NF5KFzvs/2003-bmp2.jpg","2023-11-16",453,12734,1,"380-453127341","11/16/2023"
"14019","Ukraine","Soviet Union","181 BMP-2(K)","destroyed","https://i.postimg.cc/J42NgB7m/332.png","2023-11-16",453,12735,1,"380-453127351","11/16/2023"
"14020","Ukraine","Soviet Union","181 BMP-2(K)","destroyed","https://twitter.com/UAWeapons/status/1572307996771762178","2023-11-16",453,12736,1,"380-453127361","11/16/2023"
"14021","Ukraine","Soviet Union","181 BMP-2(K)","destroyed","https://twitter.com/UAWeapons/status/1572668027933495297","2023-11-16",453,12737,1,"380-453127371","11/16/2023"
"14022","Ukraine","Soviet Union","181 BMP-2(K)","destroyed","https://i.postimg.cc/bwj36dcw/2000-bmp2.jpg","2023-11-16",453,12738,1,"380-453127381","11/16/2023"
"14023","Ukraine","Soviet Union","181 BMP-2(K)","destroyed","https://twitter.com/UAWeapons/status/1574390084790632453","2023-11-16",453,12739,1,"380-453127391","11/16/2023"
"14024","Ukraine","Soviet Union","181 BMP-2(K)","destroyed","https://i.postimg.cc/85bZ5jVQ/2001-bmp2-destr.jpg","2023-11-16",453,12740,1,"380-453127401","11/16/2023"
"14025","Ukraine","Soviet Union","181 BMP-2(K)","destroyed","https://i.postimg.cc/3Jy2pb4G/1020-bmp2-destr-08-01-23.jpg","2023-11-16",453,12741,1,"380-453127411","11/16/2023"
"14026","Ukraine","Soviet Union","181 BMP-2(K)","destroyed","https://i.postimg.cc/vB90JM85/2003-bmp2-destr-2022-09-12.jpg","2023-11-16",453,12742,1,"380-453127421","11/16/2023"
"14027","Ukraine","Soviet Union","181 BMP-2(K)","destroyed","https://i.postimg.cc/QxNqbc7Q/2004-bmp2-destr-2022-08-14.jpg","2023-11-16",453,12743,1,"380-453127431","11/16/2023"
"14028","Ukraine","Soviet Union","181 BMP-2(K)","destroyed","https://i.postimg.cc/YqZ8Y5qX/2001-bmp2-destr.jpg","2023-11-16",453,12744,1,"380-453127441","11/16/2023"
"14029","Ukraine","Soviet Union","181 BMP-2(K)","destroyed","https://i.postimg.cc/YqYd18fV/g54.png","2023-11-16",453,12745,1,"380-453127451","11/16/2023"
"14030","Ukraine","Soviet Union","181 BMP-2(K)","destroyed","https://postimg.cc/zyYWNbRW","2023-11-16",453,12746,1,"380-453127461","11/16/2023"
"14031","Ukraine","Soviet Union","181 BMP-2(K)","destroyed","https://postimg.cc/T52X1kVz","2023-11-16",453,12747,1,"380-453127471","11/16/2023"
"14032","Ukraine","Soviet Union","181 BMP-2(K)","destroyed","https://i.postimg.cc/TPshkGdH/2011-bmp2-destr-19-02-23.jpg","2023-11-16",453,12748,1,"380-453127481","11/16/2023"
"14033","Ukraine","Soviet Union","181 BMP-2(K)","destroyed","https://i.postimg.cc/3RvMKcCz/s43.png","2023-11-16",453,12749,1,"380-453127491","11/16/2023"
"14034","Ukraine","Soviet Union","181 BMP-2(K)","destroyed","https://i.postimg.cc/NjD24NTh/4f5.png","2023-11-16",453,12750,1,"380-453127501","11/16/2023"
"14035","Ukraine","Soviet Union","181 BMP-2(K)","destroyed","https://i.postimg.cc/sXRdTTrQ/39.png","2023-11-16",453,12751,1,"380-453127511","11/16/2023"
"14036","Ukraine","Soviet Union","181 BMP-2(K)","destroyed","https://i.postimg.cc/hGH1754W/2004-bmp-2.jpg","2023-11-16",453,12752,1,"380-453127521","11/16/2023"
"14037","Ukraine","Soviet Union","181 BMP-2(K)","destroyed","https://i.postimg.cc/R08Pq0Tz/10-18-2022-UA-BMP-2-destroyed-Soledar-48-681389-38-100806-t-melost-warinua18219single.png","2023-11-16",453,12753,1,"380-453127531","11/16/2023"
"14038","Ukraine","Soviet Union","181 BMP-2(K)","destroyed","https://i.postimg.cc/Hx6vsv96/4f.png","2023-11-16",453,12754,1,"380-453127541","11/16/2023"
"14039","Ukraine","Soviet Union","181 BMP-2(K)","destroyed","https://postlmg.cc/SJSMYSJX","2023-11-16",453,12755,1,"380-453127551","11/16/2023"
"14040","Ukraine","Soviet Union","181 BMP-2(K)","destroyed","https://i.postimg.cc/q7BszL3m/2085-BMP-2-K-destr-04-04-22.jpg","2023-11-16",453,12756,1,"380-453127561","11/16/2023"
"14041","Ukraine","Soviet Union","181 BMP-2(K)","destroyed","https://i.postimg.cc/XJp9gYxd/2086-BMP-2-K-destr-13-06-22.jpg","2023-11-16",453,12757,1,"380-453127571","11/16/2023"
"14042","Ukraine","Soviet Union","181 BMP-2(K)","destroyed","https://postimg.cc/bdx0KZ50","2023-11-16",453,12758,1,"380-453127581","11/16/2023"
"14043","Ukraine","Soviet Union","181 BMP-2(K)","destroyed","https://i.postimg.cc/V6zdbnV7/2022-03-30-UA-BMP-2-destroyed.jpg","2023-11-16",453,12759,1,"380-453127591","11/16/2023"
"14044","Ukraine","Soviet Union","181 BMP-2(K)","destroyed","https://i.postimg.cc/FRG1b1th/2022-05-08-UA-BMP-2-destroyed.jpg","2023-11-16",453,12760,1,"380-453127601","11/16/2023"
"14045","Ukraine","Soviet Union","181 BMP-2(K)","destroyed","https://i.postimg.cc/9fm0NKbV/5g5.png","2023-11-16",453,12761,1,"380-453127611","11/16/2023"
"14046","Ukraine","Soviet Union","181 BMP-2(K)","destroyed","https://i.postimg.cc/BncBd8WF/763g.png","2023-11-16",453,12762,1,"380-453127621","11/16/2023"
"14047","Ukraine","Soviet Union","181 BMP-2(K)","destroyed","https://i.postimg.cc/6pSfQp6P/2009-bmp2-destr-10-11-22.jpg","2023-11-16",453,12763,1,"380-453127631","11/16/2023"
"14048","Ukraine","Soviet Union","181 BMP-2(K)","destroyed","https://i.postimg.cc/bwBsJvJj/789.png","2023-11-16",453,12764,1,"380-453127641","11/16/2023"
"14049","Ukraine","Soviet Union","181 BMP-2(K)","destroyed","https://i.postimg.cc/PJs6khZW/874.png","2023-11-16",453,12765,1,"380-453127651","11/16/2023"
"14050","Ukraine","Soviet Union","181 BMP-2(K)","destroyed","https://i.postimg.cc/MT8p9CL6/2000-bmp2-destr-08-11-22.jpg","2023-11-16",453,12766,1,"380-453127661","11/16/2023"
"14051","Ukraine","Soviet Union","181 BMP-2(K)","destroyed","https://i.postimg.cc/vBjR9bG6/2000-bmp2-destr-07-01-23.jpg","2023-11-16",453,12767,1,"380-453127671","11/16/2023"
"14052","Ukraine","Soviet Union","181 BMP-2(K)","destroyed","https://i.postimg.cc/SNd9scRt/2004-bmp2-destr-15-01-23.jpg","2023-11-16",453,12768,1,"380-453127681","11/16/2023"
"14053","Ukraine","Soviet Union","181 BMP-2(K)","destroyed","https://i.postimg.cc/DyxWFFp9/2006-bmp2-destr-15-01-23.jpg","2023-11-16",453,12769,1,"380-453127691","11/16/2023"
"14054","Ukraine","Soviet Union","181 BMP-2(K)","destroyed","https://i.postimg.cc/1tt2L1tc/2003-bmp2-destr-18-01-23.jpg","2023-11-16",453,12770,1,"380-453127701","11/16/2023"
"14055","Ukraine","Soviet Union","181 BMP-2(K)","destroyed","https://i.postimg.cc/B6Vk37PW/2013-bmp2-destr-05-09-22.jpg","2023-11-16",453,12771,1,"380-453127711","11/16/2023"
"14056","Ukraine","Soviet Union","181 BMP-2(K)","destroyed","https://i.postimg.cc/s23t4hCL/2016-bmp2-destr-05-05-22.jpg","2023-11-16",453,12772,1,"380-453127721","11/16/2023"
"14057","Ukraine","Soviet Union","181 BMP-2(K)","destroyed","https://i.postimg.cc/D04DwQ1S/2017-bmp2-destr-05-05-22.jpg","2023-11-16",453,12773,1,"380-453127731","11/16/2023"
"14058","Ukraine","Soviet Union","181 BMP-2(K)","destroyed","https://i.postimg.cc/W4DK5JC8/2000-bmp2-destr-24-09-23.jpg","2023-11-16",453,12774,1,"380-453127741","11/16/2023"
"14059","Ukraine","Soviet Union","181 BMP-2(K)","destroyed","https://i.postimg.cc/1tZMhmjt/2002-bmp2-destr-26-01-23.jpg","2023-11-16",453,12775,1,"380-453127751","11/16/2023"
"14060","Ukraine","Soviet Union","181 BMP-2(K)","destroyed","https://i.postimg.cc/MK6vNn4j/1025-bmp2-destr-24-01-23.jpg","2023-11-16",453,12776,1,"380-453127761","11/16/2023"
"14061","Ukraine","Soviet Union","181 BMP-2(K)","destroyed","https://i.postimg.cc/SKGbFHyj/2010-bmp2-destr-30-01-23.jpg","2023-11-16",453,12777,1,"380-453127771","11/16/2023"
"14062","Ukraine","Soviet Union","181 BMP-2(K)","destroyed","https://i.postimg.cc/85fRzP49/2019-bmp2-destr-04-02-23.jpg","2023-11-16",453,12778,1,"380-453127781","11/16/2023"
"14063","Ukraine","Soviet Union","181 BMP-2(K)","destroyed","https://i.postimg.cc/ht4V70M9/2022-bmp2-destr-07-02-23.jpg","2023-11-16",453,12779,1,"380-453127791","11/16/2023"
"14064","Ukraine","Soviet Union","181 BMP-2(K)","destroyed","https://twitter.com/UAWeapons/status/1628063681178177546","2023-11-16",453,12780,1,"380-453127801","11/16/2023"
"14065","Ukraine","Soviet Union","181 BMP-2(K)","destroyed","https://i.postimg.cc/bYg9py3L/6680.png","2023-11-16",453,12781,1,"380-453127811","11/16/2023"
"14066","Ukraine","Soviet Union","181 BMP-2(K)","destroyed","https://i.postimg.cc/q7qc7m8c/1009-bmp2-destr-10-03-23.jpg","2023-11-16",453,12782,1,"380-453127821","11/16/2023"
"14067","Ukraine","Soviet Union","181 BMP-2(K)","destroyed","https://i.postimg.cc/Yq7GnJ8r/2001-bmp2-destr-05-03-23.jpg","2023-11-16",453,12783,1,"380-453127831","11/16/2023"
"14068","Ukraine","Soviet Union","181 BMP-2(K)","destroyed","https://i.postimg.cc/vZcW0gjQ/2019-bmp2-destr-13-03-23.jpg","2023-11-16",453,12784,1,"380-453127841","11/16/2023"
"14069","Ukraine","Soviet Union","181 BMP-2(K)","destroyed","https://i.postimg.cc/J73VgP99/2000-bmp2-destr-19-03-23.jpg","2023-11-16",453,12785,1,"380-453127851","11/16/2023"
"14070","Ukraine","Soviet Union","181 BMP-2(K)","destroyed","https://i.postimg.cc/kXJvFnRq/2001-bmp2-destr-21-03-23.jpg","2023-11-16",453,12786,1,"380-453127861","11/16/2023"
"14071","Ukraine","Soviet Union","181 BMP-2(K)","destroyed","https://i.postimg.cc/Jzjk9Jdp/58o.png","2023-11-16",453,12787,1,"380-453127871","11/16/2023"
"14072","Ukraine","Soviet Union","181 BMP-2(K)","destroyed","https://twitter.com/UAWeapons/status/1640751237170692100","2023-11-16",453,12705,1,"380-453127051","11/16/2023"
"14073","Ukraine","Soviet Union","181 BMP-2(K)","destroyed","https://i.postimg.cc/cHR8m3Kn/3f.png","2023-11-16",453,12788,1,"380-453127881","11/16/2023"
"14074","Ukraine","Soviet Union","181 BMP-2(K)","destroyed","https://i.postimg.cc/WpqwwBQk/214.png","2023-11-16",453,12789,1,"380-453127891","11/16/2023"
"14075","Ukraine","Soviet Union","181 BMP-2(K)","destroyed","https://i.postimg.cc/50tVyZ3s/8k.png","2023-11-16",453,12790,1,"380-453127901","11/16/2023"
"14076","Ukraine","Soviet Union","181 BMP-2(K)","destroyed","https://twitter.com/naalsio26/status/1644198745393733632","2023-11-16",453,12791,1,"380-453127911","11/16/2023"
"14077","Ukraine","Soviet Union","181 BMP-2(K)","destroyed","https://i.postimg.cc/VvT2vCZq/4430.png","2023-11-16",453,12792,1,"380-453127921","11/16/2023"
"14078","Ukraine","Soviet Union","181 BMP-2(K)","destroyed","https://twitter.com/naalsio26/status/1647409319208525829","2023-11-16",453,12793,1,"380-453127931","11/16/2023"
"14079","Ukraine","Soviet Union","181 BMP-2(K)","destroyed","https://i.postimg.cc/FHfJ55Vb/h.png","2023-11-16",453,12794,1,"380-453127941","11/16/2023"
"14080","Ukraine","Soviet Union","181 BMP-2(K)","destroyed","https://i.postimg.cc/wjbFQsds/2005-bmp2-destr-31-03-22.jpg","2023-11-16",453,12795,1,"380-453127951","11/16/2023"
"14081","Ukraine","Soviet Union","181 BMP-2(K)","destroyed","https://i.postimg.cc/jjpXG02x/2009-bmp2-destr-04-05-23.jpg","2023-11-16",453,12796,1,"380-453127961","11/16/2023"
"14082","Ukraine","Soviet Union","181 BMP-2(K)","destroyed","https://i.postimg.cc/6pQYZfFX/2013-bmp2-destr-27-04-23.jpg","2023-11-16",453,12797,1,"380-453127971","11/16/2023"
"14083","Ukraine","Soviet Union","181 BMP-2(K)","destroyed","https://i.postimg.cc/NfxP1SPL/2009-bmp2-destr-06-05-23.jpg","2023-11-16",453,12798,1,"380-453127981","11/16/2023"
"14084","Ukraine","Soviet Union","181 BMP-2(K)","destroyed","https://i.postimg.cc/m2MDK2LW/2007-bmp2-destr-13-05-23.jpg","2023-11-16",453,12799,1,"380-453127991","11/16/2023"
"14085","Ukraine","Soviet Union","181 BMP-2(K)","destroyed","https://i.postimg.cc/kgm4C3G6/2008-bmp2-destr-13-05-23.jpg","2023-11-16",453,12800,1,"380-453128001","11/16/2023"
"14086","Ukraine","Soviet Union","181 BMP-2(K)","destroyed","https://i.postimg.cc/L65vVRPW/2020-bmp2-destr-31-05-22.jpg","2023-11-16",453,12801,1,"380-453128011","11/16/2023"
"14087","Ukraine","Soviet Union","181 BMP-2(K)","destroyed","https://i.postimg.cc/brsST0sT/2039-bmp2-and-unkn-t72-destr-12-06-23.jpg","2023-11-16",453,11927,1,"380-453119271","11/16/2023"
"14088","Ukraine","Soviet Union","181 BMP-2(K)","destroyed","https://i.postimg.cc/j2y0G537/2007-bmp2-destr-10-06-23.jpg","2023-11-16",453,12802,1,"380-453128021","11/16/2023"
"14089","Ukraine","Soviet Union","181 BMP-2(K)","destroyed","https://i.postimg.cc/R0kKkN2F/44f30.png","2023-11-16",453,12803,1,"380-453128031","11/16/2023"
"14090","Ukraine","Soviet Union","181 BMP-2(K)","destroyed","https://i.postimg.cc/85JVmwhw/2026-bmp2-destr-28-02-23.jpg","2023-11-16",453,12804,1,"380-453128041","11/16/2023"
"14091","Ukraine","Soviet Union","181 BMP-2(K)","destroyed","https://i.postimg.cc/RFkxsfdm/2037-bmp2-destr-12-06-23.jpg","2023-11-16",453,12805,1,"380-453128051","11/16/2023"
"14092","Ukraine","Soviet Union","181 BMP-2(K)","destroyed","https://i.postimg.cc/8zZQ8x4t/2045-bmp2-destr-14-06-23.jpg","2023-11-16",453,12806,1,"380-453128061","11/16/2023"
"14093","Ukraine","Soviet Union","181 BMP-2(K)","destroyed","https://i.postimg.cc/85h9f49h/2001-bmp2-destr-14-06-23.jpg","2023-11-16",453,12807,1,"380-453128071","11/16/2023"
"14094","Ukraine","Soviet Union","181 BMP-2(K)","destroyed","https://i.postimg.cc/ydjbMq8W/2006-bmp2-destr-21-06-23.jpg","2023-11-16",453,12808,1,"380-453128081","11/16/2023"
"14095","Ukraine","Soviet Union","181 BMP-2(K)","destroyed","https://i.postimg.cc/zG7wn25V/2015-unkn-bmp-destr-11-06-23.jpg","2023-11-16",453,12809,1,"380-453128091","11/16/2023"
"14096","Ukraine","Soviet Union","181 BMP-2(K)","destroyed","https://i.postimg.cc/m2NcNnZF/1063-bmp2-destr-20-09-22.jpg","2023-11-16",453,12810,1,"380-453128101","11/16/2023"
"14097","Ukraine","Soviet Union","181 BMP-2(K)","destroyed","https://i.postimg.cc/N0SzcSQG/1007-bmp1-destr-29-06-23.jpg","2023-11-16",453,12811,1,"380-453128111","11/16/2023"
"14098","Ukraine","Soviet Union","181 BMP-2(K)","destroyed","https://i.postimg.cc/63sDMvBH/2008-bmp2-destr-06-07-23.jpg","2023-11-16",453,12812,1,"380-453128121","11/16/2023"
"14099","Ukraine","Soviet Union","181 BMP-2(K)","destroyed","https://i.postimg.cc/tTpzC7hR/2007-bmp2-destr-31-05-22.jpg","2023-11-16",453,12813,1,"380-453128131","11/16/2023"
"14100","Ukraine","Soviet Union","181 BMP-2(K)","destroyed","https://i.postimg.cc/bJVc9v1V/2046-unkn-bmp-destr-22-07-23.jpg","2023-11-16",453,12814,1,"380-453128141","11/16/2023"
"14101","Ukraine","Soviet Union","181 BMP-2(K)","destroyed","https://i.postimg.cc/SxcD2xBN/2018-BMP-2-destr-27-06-23.jpg","2023-11-16",453,12815,1,"380-453128151","11/16/2023"
"14102","Ukraine","Soviet Union","181 BMP-2(K)","destroyed","https://i.postimg.cc/NMj4z755/2030-bmp2-destr-10-07-23.jpg","2023-11-16",453,12816,1,"380-453128161","11/16/2023"
"14103","Ukraine","Soviet Union","181 BMP-2(K)","destroyed","https://twitter.com/UAWeapons/status/1583429062722080768","2023-11-16",453,11872,1,"380-453118721","11/16/2023"
"14104","Ukraine","Soviet Union","181 BMP-2(K)","destroyed","https://i.postimg.cc/d386ZDyR/2200-bmp2-destr-25-03-23.jpg","2023-11-16",453,12817,1,"380-453128171","11/16/2023"
"14105","Ukraine","Soviet Union","181 BMP-2(K)","destroyed","https://i.postimg.cc/fbHpzz5k/2020-bmp2-and-bmp1-destr-21-07-23.jpg","2023-11-16",453,12570,1,"380-453125701","11/16/2023"
"14106","Ukraine","Soviet Union","181 BMP-2(K)","destroyed","https://i.postimg.cc/fy9vwkFx/2020-bmp2-dam-31-07-23.jpg","2023-11-16",453,12818,1,"380-453128181","11/16/2023"
"14107","Ukraine","Soviet Union","181 BMP-2(K)","destroyed","https://i.postimg.cc/XJBnn7ff/2008-bmp2-destr-03-08-23.jpg","2023-11-16",453,12819,1,"380-453128191","11/16/2023"
"14108","Ukraine","Soviet Union","181 BMP-2(K)","destroyed","https://i.postimg.cc/0yXNr4w6/2012-bmp2-destr-18-05-23.jpg","2023-11-16",453,12820,1,"380-453128201","11/16/2023"
"14109","Ukraine","Soviet Union","181 BMP-2(K)","destroyed","https://i.postimg.cc/5t6mdc0P/33f2.png","2023-11-16",453,12821,1,"380-453128211","11/16/2023"
"14110","Ukraine","Soviet Union","181 BMP-2(K)","destroyed","https://i.postimg.cc/BnG9M0SG/53.png","2023-11-16",453,12822,1,"380-453128221","11/16/2023"
"14111","Ukraine","Soviet Union","181 BMP-2(K)","destroyed","https://i.postimg.cc/SxHBsym7/1028-bmp2-destr-20-03-23.jpg","2023-11-16",453,12823,1,"380-453128231","11/16/2023"
"14112","Ukraine","Soviet Union","181 BMP-2(K)","destroyed","https://i.postimg.cc/bJXxPCDy/225.png","2023-11-16",453,12824,1,"380-453128241","11/16/2023"
"14113","Ukraine","Soviet Union","181 BMP-2(K)","destroyed","https://i.postimg.cc/Mphp0s1g/774.png","2023-11-16",453,12825,1,"380-453128251","11/16/2023"
"14114","Ukraine","Soviet Union","181 BMP-2(K)","destroyed","https://i.postimg.cc/W3N33WLZ/4477.png","2023-11-16",453,12826,1,"380-453128261","11/16/2023"
"14115","Ukraine","Soviet Union","181 BMP-2(K)","destroyed","https://i.postimg.cc/HxVBfzMZ/2244.png","2023-11-16",453,12827,1,"380-453128271","11/16/2023"
"14116","Ukraine","Soviet Union","181 BMP-2(K)","destroyed","https://i.postimg.cc/tJ3KDbqx/442.png","2023-11-16",453,12828,1,"380-453128281","11/16/2023"
"14117","Ukraine","Soviet Union","181 BMP-2(K)","destroyed","https://i.postimg.cc/jdRNRpv6/438.png","2023-11-16",453,12829,1,"380-453128291","11/16/2023"
"14118","Ukraine","Soviet Union","181 BMP-2(K)","destroyed","https://i.postimg.cc/3w1cVMq1/85.png","2023-11-16",453,12830,1,"380-453128301","11/16/2023"
"14119","Ukraine","Soviet Union","181 BMP-2(K)","destroyed","https://i.postimg.cc/L8DdKZYj/4377.png","2023-11-16",453,12831,1,"380-453128311","11/16/2023"
"14120","Ukraine","Soviet Union","181 BMP-2(K)","destroyed","https://i.postimg.cc/brd9C57G/653.png","2023-11-16",453,12832,1,"380-453128321","11/16/2023"
"14121","Ukraine","Soviet Union","181 BMP-2(K)","destroyed","https://i.postimg.cc/GhpKfsL4/2023-bmp2-destr-28-02-23.jpg","2023-11-16",453,12833,1,"380-453128331","11/16/2023"
"14122","Ukraine","Soviet Union","181 BMP-2(K)","destroyed","https://i.postimg.cc/KjJvkhnx/1033-BMP-2-K-destr-14-09-23.jpg","2023-11-16",453,12834,1,"380-453128341","11/16/2023"
"14123","Ukraine","Soviet Union","181 BMP-2(K)","destroyed","https://i.postimg.cc/4d7ky8Tz/2007-BMP-2-K-destr-27-09-23.jpg","2023-11-16",453,12835,1,"380-453128351","11/16/2023"
"14124","Ukraine","Soviet Union","181 BMP-2(K)","destroyed","https://i.postimg.cc/Fs9VqB43/2001-bmp2-destr-30-11-22.jpg","2023-11-16",453,12836,1,"380-453128361","11/16/2023"
"14125","Ukraine","Soviet Union","181 BMP-2(K)","destroyed","https://i.postimg.cc/vTWycXPr/2015-2x-BMP-2-destr-27-09-23.jpg","2023-11-16",453,12837,1,"380-453128371","11/16/2023"
"14126","Ukraine","Soviet Union","181 BMP-2(K)","destroyed","https://i.postimg.cc/G3Yd7hc4/2008-bmp2-destr-12-10-23.jpg","2023-11-16",453,12838,1,"380-453128381","11/16/2023"
"14127","Ukraine","Soviet Union","181 BMP-2(K)","destroyed","https://i.postimg.cc/y8MNBh8X/2015-bmp2-destr-31-08-23.jpg","2023-11-16",453,12839,1,"380-453128391","11/16/2023"
"14128","Ukraine","Soviet Union","181 BMP-2(K)","damaged","https://i.postimg.cc/tCKrkSkq/2001-bmp2-dam-19-05-23.jpg","2023-11-16",453,12840,2,"380-453128402","11/16/2023"
"14129","Ukraine","Soviet Union","181 BMP-2(K)","damaged","https://i.postimg.cc/FspCR7hB/1021-bmp2-dam-29-06-23.jpg","2023-11-16",453,12841,2,"380-453128412","11/16/2023"
"14130","Ukraine","Soviet Union","181 BMP-2(K)","damaged","https://i.postimg.cc/5NzndC40/2007-BMP-2-dam-13-07-23.jpg","2023-11-16",453,12842,2,"380-453128422","11/16/2023"
"14131","Ukraine","Soviet Union","181 BMP-2(K)","damaged","https://i.postimg.cc/HxjtZ9p5/2035-bmp2-dam-17-08-23.jpg","2023-11-16",453,12843,2,"380-453128432","11/16/2023"
"14132","Ukraine","Soviet Union","181 BMP-2(K)","abandoned","https://i.postimg.cc/xT3v6qKT/4470.png","2023-11-16",453,12844,4,"380-453128444","11/16/2023"
"14133","Ukraine","Soviet Union","181 BMP-2(K)","damaged","https://i.postimg.cc/br08xRbH/2010-bmp2-dam-aband-05-07-23.jpg","2023-11-16",453,12845,2,"380-453128452","11/16/2023"
"14134","Ukraine","Soviet Union","181 BMP-2(K)","abandoned","https://i.postimg.cc/br08xRbH/2010-bmp2-dam-aband-05-07-23.jpg","2023-11-16",453,12845,4,"380-453128454","11/16/2023"
"14135","Ukraine","Soviet Union","181 BMP-2(K)","abandoned","https://twitter.com/UAWeapons/status/1572668027933495297","2023-11-16",453,12737,4,"380-453127374","11/16/2023"
"14136","Ukraine","Soviet Union","181 BMP-2(K)","damaged","https://i.postimg.cc/Gp3gfZtf/478.png","2023-11-16",453,12846,2,"380-453128462","11/16/2023"
"14137","Ukraine","Soviet Union","181 BMP-2(K)","abandoned","https://i.postimg.cc/Gp3gfZtf/478.png","2023-11-16",453,12846,4,"380-453128464","11/16/2023"
"14138","Ukraine","Soviet Union","181 BMP-2(K)","abandoned","https://i.postimg.cc/15Hpd4F9/487.png","2023-11-16",453,12847,4,"380-453128474","11/16/2023"
"14139","Ukraine","Soviet Union","181 BMP-2(K)","abandoned","https://i.postimg.cc/gj8DNcb5/2002-bmp2-aband-29-06-23.png","2023-11-16",453,12848,4,"380-453128484","11/16/2023"
"14140","Ukraine","Soviet Union","181 BMP-2(K)","damaged","https://i.postimg.cc/gJf8Ng6K/2013-2x-t64bv-and-2x-bmp2-dam-aband-21-07-23.jpg","2023-11-16",453,11601,2,"380-453116012","11/16/2023"
"14141","Ukraine","Soviet Union","181 BMP-2(K)","abandoned","https://i.postimg.cc/gJf8Ng6K/2013-2x-t64bv-and-2x-bmp2-dam-aband-21-07-23.jpg","2023-11-16",453,11601,4,"380-453116014","11/16/2023"
"14142","Ukraine","Soviet Union","181 BMP-2(K)","abandoned","https://i.postimg.cc/7YF4Rbdp/2037-BMP2-aband-09-07-23.jpg","2023-11-16",453,12849,4,"380-453128494","11/16/2023"
"14143","Ukraine","Soviet Union","181 BMP-2(K)","abandoned","https://i.postimg.cc/jjXrCc2b/2042-bmp2-aband-22-07-23.jpg","2023-11-16",453,12850,4,"380-453128504","11/16/2023"
"14144","Ukraine","Soviet Union","181 BMP-2(K)","damaged","https://i.postimg.cc/jj25nTyn/321.png","2023-11-16",453,12851,2,"380-453128512","11/16/2023"
"14145","Ukraine","Soviet Union","181 BMP-2(K)","abandoned","https://i.postimg.cc/jj25nTyn/321.png","2023-11-16",453,12851,4,"380-453128514","11/16/2023"
"14146","Ukraine","Soviet Union","181 BMP-2(K)","damaged","https://i.postimg.cc/rFYj2FsQ/2008-bmp2-dam-aband-26-09-23.jpg","2023-11-16",453,12852,2,"380-453128522","11/16/2023"
"14147","Ukraine","Soviet Union","181 BMP-2(K)","abandoned","https://i.postimg.cc/rFYj2FsQ/2008-bmp2-dam-aband-26-09-23.jpg","2023-11-16",453,12852,4,"380-453128524","11/16/2023"
"14148","Ukraine","Soviet Union","181 BMP-2(K)","captured","https://i.postimg.cc/rpTdbQ9m/29.png","2023-11-16",453,12853,3,"380-453128533","11/16/2023"
"14149","Ukraine","Soviet Union","181 BMP-2(K)","captured","https://i.postimg.cc/s2NXdBd7/880.png","2023-11-16",453,12854,3,"380-453128543","11/16/2023"
"14150","Ukraine","Soviet Union","181 BMP-2(K)","captured","https://i.postimg.cc/cC2jmrRR/gg4.jpg","2023-11-16",453,12855,3,"380-453128553","11/16/2023"
"14151","Ukraine","Soviet Union","181 BMP-2(K)","captured","https://i.postimg.cc/T3fSzzth/b3.png","2023-11-16",453,12856,3,"380-453128563","11/16/2023"
"14152","Ukraine","Soviet Union","181 BMP-2(K)","captured","https://i.postimg.cc/Y0xNYsYy/b4.png","2023-11-16",453,12857,3,"380-453128573","11/16/2023"
"14153","Ukraine","Soviet Union","181 BMP-2(K)","captured","https://twitter.com/UAWeapons/status/1545899337682751489","2023-11-16",453,12660,3,"380-453126603","11/16/2023"
"14154","Ukraine","Soviet Union","181 BMP-2(K)","captured","https://i.postimg.cc/7ZZ9vztc/2006-bmp2.jpg","2023-11-16",453,12858,3,"380-453128583","11/16/2023"
"14155","Ukraine","Soviet Union","181 BMP-2(K)","captured","https://i.postimg.cc/hv878tMd/2001-bmp2.jpg","2023-11-16",453,12859,3,"380-453128593","11/16/2023"
"14156","Ukraine","Soviet Union","181 BMP-2(K)","captured","https://i.postimg.cc/XYZyFvKP/460.png","2023-11-16",453,12860,3,"380-453128603","11/16/2023"
"14157","Ukraine","Soviet Union","181 BMP-2(K)","captured","https://twitter.com/UAWeapons/status/1582764978376876032","2023-11-16",453,12861,3,"380-453128613","11/16/2023"
"14158","Ukraine","Soviet Union","181 BMP-2(K)","captured","https://i.postimg.cc/5NZnXyDP/4360.png","2023-11-16",453,12862,3,"380-453128623","11/16/2023"
"14159","Ukraine","Soviet Union","181 BMP-2(K)","captured","https://i.postimg.cc/258DK0TL/5589.png","2023-11-16",453,12863,3,"380-453128633","11/16/2023"
"14160","Ukraine","Soviet Union","181 BMP-2(K)","captured","https://i.postimg.cc/cJ9X87wy/2001-bmp2-capt.jpg","2023-11-16",453,12864,3,"380-453128643","11/16/2023"
"14161","Ukraine","Soviet Union","181 BMP-2(K)","captured","https://i.postimg.cc/t4jtHyCG/2084-BMP-2-K-capt-04-07-22.jpg","2023-11-16",453,12865,3,"380-453128653","11/16/2023"
"14162","Ukraine","Soviet Union","181 BMP-2(K)","captured","https://i.postimg.cc/tgFY4ctn/5g3.png","2023-11-16",453,12866,3,"380-453128663","11/16/2023"
"14163","Ukraine","Soviet Union","181 BMP-2(K)","captured","https://i.postimg.cc/4dwG04n0/2007-bmp2-capt-23-04-22.jpg","2023-11-16",453,12867,3,"380-453128673","11/16/2023"
"14164","Ukraine","Soviet Union","181 BMP-2(K)","captured","https://i.postimg.cc/NGJY7039/2009-bmp2-capt-30-04-22.jpg","2023-11-16",453,12868,3,"380-453128683","11/16/2023"
"14165","Ukraine","Soviet Union","181 BMP-2(K)","captured","https://i.postimg.cc/PrCH6jH6/2014-bmp2-capt-20-07-22.jpg","2023-11-16",453,12869,3,"380-453128693","11/16/2023"
"14166","Ukraine","Soviet Union","181 BMP-2(K)","captured","https://i.postimg.cc/PJRjt6Wz/2015-bmp2-capt-08-07-22.jpg","2023-11-16",453,12870,3,"380-453128703","11/16/2023"
"14167","Ukraine","Soviet Union","181 BMP-2(K)","captured","https://i.postimg.cc/VN0nrrkm/2000-mtlb-and-bmp2-capt-05-02-23.jpg","2023-11-16",453,12269,3,"380-453122693","11/16/2023"
"14168","Ukraine","Soviet Union","181 BMP-2(K)","captured","https://i.postimg.cc/ydSxt5W6/2009-bmp2-capt-07-06-22.jpg","2023-11-16",453,12871,3,"380-453128713","11/16/2023"
"14169","Ukraine","Soviet Union","181 BMP-2(K)","captured","https://i.postimg.cc/K86stgL0/444.png","2023-11-16",453,12872,3,"380-453128723","11/16/2023"
"14170","Ukraine","Soviet Union","181 BMP-2(K)","captured","https://i.postimg.cc/QxmfVy4m/2002-bmp2-capt-30-04-23.jpg","2023-11-16",453,12873,3,"380-453128733","11/16/2023"
"14171","Ukraine","Soviet Union","27 Unknown BMP-1/2","destroyed","https://twitter.com/UAWeapons/status/1538541806329155585","2023-11-16",454,12028,1,"380-454120281","11/16/2023"
"14172","Ukraine","Soviet Union","27 Unknown BMP-1/2","destroyed","https://i.postimg.cc/nLQVL59W/2003-bmp.jpg","2023-11-16",454,12874,1,"380-454128741","11/16/2023"
"14173","Ukraine","Soviet Union","27 Unknown BMP-1/2","destroyed","https://i.postimg.cc/tCcVXVTc/431.png","2023-11-16",454,12875,1,"380-454128751","11/16/2023"
"14174","Ukraine","Soviet Union","27 Unknown BMP-1/2","destroyed","https://twitter.com/UAWeapons/status/1572568028587626496","2023-11-16",454,12876,1,"380-454128761","11/16/2023"
"14175","Ukraine","Soviet Union","27 Unknown BMP-1/2","destroyed","https://i.postimg.cc/2jG1YHHb/4465.png","2023-11-16",454,12877,1,"380-454128771","11/16/2023"
"14176","Ukraine","Soviet Union","27 Unknown BMP-1/2","destroyed","https://i.postimg.cc/QdhkKG22/2023-2x-unkn-bmp-destr-31-05-23.jpg","2023-11-16",454,12878,1,"380-454128781","11/16/2023"
"14177","Ukraine","Soviet Union","27 Unknown BMP-1/2","destroyed","https://i.postimg.cc/qMdPfXWs/2005-3x-bmp-destr.jpg","2023-11-16",454,12879,1,"380-454128791","11/16/2023"
"14178","Ukraine","Soviet Union","27 Unknown BMP-1/2","destroyed","https://i.postimg.cc/CLHWwnVW/2007-1x-bmp-destr.jpg","2023-11-16",454,12880,1,"380-454128801","11/16/2023"
"14179","Ukraine","Soviet Union","27 Unknown BMP-1/2","destroyed","https://twitter.com/UAWeapons/status/1587455127350296577","2023-11-16",454,12881,1,"380-454128811","11/16/2023"
"14180","Ukraine","Soviet Union","27 Unknown BMP-1/2","destroyed","https://twitter.com/Archer83Able/status/1622614546597785601","2023-11-16",454,12882,1,"380-454128821","11/16/2023"
"14181","Ukraine","Soviet Union","27 Unknown BMP-1/2","destroyed","https://i.postimg.cc/4xQqxXQp/2001-unkn-bmp-destr-08-02-23.jpg","2023-11-16",454,12883,1,"380-454128831","11/16/2023"
"14182","Ukraine","Soviet Union","27 Unknown BMP-1/2","destroyed","https://i.postimg.cc/W19gmJfx/2014-unkn-bmp12-destr-07-01-23.jpg","2023-11-16",454,12884,1,"380-454128841","11/16/2023"
"14183","Ukraine","Soviet Union","27 Unknown BMP-1/2","destroyed","https://i.postimg.cc/vB6gkypB/2000-unkn-bmp-12-destr-31-08-22.jpg","2023-11-16",454,12885,1,"380-454128851","11/16/2023"
"14184","Ukraine","Soviet Union","27 Unknown BMP-1/2","destroyed","https://i.postimg.cc/T1Vy292v/2003-unkn-bmp12-destr-07-03-23.jpg","2023-11-16",454,12886,1,"380-454128861","11/16/2023"
"14185","Ukraine","Soviet Union","27 Unknown BMP-1/2","destroyed","https://i.postimg.cc/J4WWjNtc/2038-unkn-bmp12-destr-12-06-23.jpg","2023-11-16",454,12887,1,"380-454128871","11/16/2023"
"14186","Ukraine","Soviet Union","27 Unknown BMP-1/2","destroyed","https://i.postimg.cc/Cx13rjng/2016-unkn-bmp-destr-17-06-23.jpg","2023-11-16",454,12888,1,"380-454128881","11/16/2023"
"14187","Ukraine","Soviet Union","27 Unknown BMP-1/2","destroyed","https://i.postimg.cc/TYrJPY4j/2027-2x-unkn-bmp-destr-08-06-23.jpg","2023-11-16",454,12889,1,"380-454128891","11/16/2023"
"14188","Ukraine","Soviet Union","27 Unknown BMP-1/2","destroyed","https://i.postimg.cc/Tw6LBnw4/2013-unkn-bmp-dam-18-06-23.jpg","2023-11-16",454,12890,1,"380-454128901","11/16/2023"
"14189","Ukraine","Soviet Union","27 Unknown BMP-1/2","destroyed","https://i.postimg.cc/CKYgFXF7/2041-unkn-bmp-destr-22-07-23.jpg","2023-11-16",454,12891,1,"380-454128911","11/16/2023"
"14190","Ukraine","Soviet Union","27 Unknown BMP-1/2","destroyed","https://i.postimg.cc/Xv1XW6wq/2002-2x-BMP-1s-BMP-2-BMP-1-2-T-64-BV-Zr-2017-T-72-AV-Unkn-Vehicle-destr-31-07-23.jpg","2023-11-16",454,11687,1,"380-454116871","11/16/2023"
"14191","Ukraine","Soviet Union","27 Unknown BMP-1/2","destroyed","https://i.postimg.cc/W34jWbKX/24t.png","2023-11-16",454,12892,1,"380-454128921","11/16/2023"
"14192","Ukraine","Soviet Union","PRP-3 with a BMD-2 turret","destroyed","https://twitter.com/UAWeapons/status/1637544286450335747","2023-11-16",455,12893,1,"380-455128931","11/16/2023"
"14193","Ukraine","Soviet Union","PRP-3 with a BMD-2 turret","destroyed","https://i.postimg.cc/kGpQH6Sp/2037-PRP-3-with-a-BMD-2-turret-destr-13-05-23.jpg","2023-11-16",455,12894,1,"380-455128941","11/16/2023"
"14194","Ukraine","Soviet Union","PRP-3 with a BMD-2 turret","destroyed","https://i.postimg.cc/rmx9X6sC/2003-prp3-with-bmd2-destr-20-08-23.jpg","2023-11-16",455,12895,1,"380-455128951","11/16/2023"
"14195","Ukraine","Soviet Union","2 PRP-3 with a BMP-1 turret","destroyed","https://i.postimg.cc/qBcxFFss/2000-PRP-3-with-BMP-1-Turret-destr-28-07-23.jpg","2023-11-16",456,12896,1,"380-456128961","11/16/2023"
"14196","Ukraine","Soviet Union","2 PRP-3 with a BMP-1 turret","destroyed","https://i.postimg.cc/m2D8XqDT/2002-PRP-3-with-BMP-1-turret-destr-31-10-23.jpg","2023-11-16",456,12897,1,"380-456128971","11/16/2023"
"14197","Ukraine","Soviet Union","BMD-2","destroyed","https://i.postimg.cc/VNPCSt3G/2005-bmd-2-destr.jpg","2023-11-16",72,12898,1,"380-72128981","11/16/2023"
"14198","Ukraine","Soviet Union","BMD-2","captured","https://i.postimg.cc/gkLq4R0v/86.png","2023-11-16",72,12899,3,"380-72128993","11/16/2023"
"14199","Ukraine","Soviet Union","BMD-2","captured","https://i.postimg.cc/Wbh0Nsh0/5899.png","2023-11-16",72,12900,3,"380-72129003","11/16/2023"
"14200","Ukraine","Soviet Union","BMD-2","captured","https://i.postimg.cc/bvMh8H5n/c6.png","2023-11-16",72,12901,3,"380-72129013","11/16/2023"
"14201","Ukraine","Soviet Union","BMD-2","captured","https://i.postimg.cc/NGV4dXYj/2001-bmd2-capt-15-06-23.jpg","2023-11-16",72,12902,3,"380-72129023","11/16/2023"
"14202","Ukraine","United States","M2A2 Bradley ODS-SA","destroyed","https://twitter.com/UAWeapons/status/1667193762483691520","2023-11-16",457,12903,1,"380-457129031","11/16/2023"
"14203","Ukraine","United States","M2A2 Bradley ODS-SA","destroyed","https://i.postimg.cc/YqRH75gD/2003-m2a2-bradley-destr-09-06-23.jpg","2023-11-16",457,12904,1,"380-457129041","11/16/2023"
"14204","Ukraine","United States","M2A2 Bradley ODS-SA","destroyed","https://i.postimg.cc/Z5DhQXyk/2005-2x-m2a2-destr-10-06-23.jpg","2023-11-16",457,12905,1,"380-457129051","11/16/2023"
"14205","Ukraine","United States","M2A2 Bradley ODS-SA","destroyed","https://i.postimg.cc/Y96ZtPjC/2000-m2a2-bradley-1x-destr-1x-aband-10-06-23.jpg","2023-11-16",457,12906,1,"380-457129061","11/16/2023"
"14206","Ukraine","United States","M2A2 Bradley ODS-SA","destroyed","https://twitter.com/UAWeapons/status/1670126573792501760","2023-11-16",457,12907,1,"380-457129071","11/16/2023"
"14207","Ukraine","United States","M2A2 Bradley ODS-SA","destroyed","https://twitter.com/UAWeapons/status/1673343156203536385","2023-11-16",457,12908,1,"380-457129081","11/16/2023"
"14208","Ukraine","United States","M2A2 Bradley ODS-SA","destroyed","https://twitter.com/naalsio26/status/1674647631136542720","2023-11-16",457,12909,1,"380-457129091","11/16/2023"
"14209","Ukraine","United States","M2A2 Bradley ODS-SA","destroyed","https://i.postimg.cc/V6FrKT1N/2003-M2-A2-ODS-SA-Bradley-destr-03-07-23.jpg","2023-11-16",457,12910,1,"380-457129101","11/16/2023"
"14210","Ukraine","United States","M2A2 Bradley ODS-SA","destroyed","https://i.postimg.cc/T1LTp5S7/22d5.jpg","2023-11-16",457,12911,1,"380-457129111","11/16/2023"
"14211","Ukraine","United States","M2A2 Bradley ODS-SA","destroyed","https://i.postimg.cc/t4cTC2zY/2023-M2-A2-ODS-SA-Bradley-destr-10-06-23.jpg","2023-11-16",457,12912,1,"380-457129121","11/16/2023"
"14212","Ukraine","United States","M2A2 Bradley ODS-SA","destroyed","https://twitter.com/UAWeapons/status/1678492621163884544","2023-11-16",457,12913,1,"380-457129131","11/16/2023"
"14213","Ukraine","United States","M2A2 Bradley ODS-SA","destroyed","https://i.postimg.cc/6q67pwCV/2010-bradley-destr-17-06-23.jpg","2023-11-16",457,12914,1,"380-457129141","11/16/2023"
"14214","Ukraine","United States","M2A2 Bradley ODS-SA","destroyed","https://i.postimg.cc/BQVTR61G/2031-bradley-destr-08-06-23.jpg","2023-11-16",457,12915,1,"380-457129151","11/16/2023"
"14215","Ukraine","United States","M2A2 Bradley ODS-SA","destroyed","https://i.postimg.cc/1XTSsztV/2006-bradley-destr-23-07-23.jpg","2023-11-16",457,12916,1,"380-457129161","11/16/2023"
"14216","Ukraine","United States","M2A2 Bradley ODS-SA","destroyed","https://i.postimg.cc/dtkvnGH2/2009-M2-A2-Bradley-ODS-SA-destr-26-06-23.jpg","2023-11-16",457,12917,1,"380-457129171","11/16/2023"
"14217","Ukraine","United States","M2A2 Bradley ODS-SA","destroyed","https://i.postimg.cc/65S57wzb/2300-bradley-destr.jpg","2023-11-16",457,12918,1,"380-457129181","11/16/2023"
"14218","Ukraine","United States","M2A2 Bradley ODS-SA","destroyed","https://i.postimg.cc/zfx77sKR/2015-bradley-destr-22-07-23.jpg","2023-11-16",457,12919,1,"380-457129191","11/16/2023"
"14219","Ukraine","United States","M2A2 Bradley ODS-SA","destroyed","https://i.postimg.cc/8kRLx7xK/2500-bradley-destr-08-06-23.jpg","2023-11-16",457,12920,1,"380-457129201","11/16/2023"
"14220","Ukraine","United States","M2A2 Bradley ODS-SA","destroyed","https://i.postimg.cc/pXZYg97Q/2003-bradley-destr-07-08-23.jpg","2023-11-16",457,12921,1,"380-457129211","11/16/2023"
"14221","Ukraine","United States","M2A2 Bradley ODS-SA","destroyed","https://i.postimg.cc/QCRTQLkT/2006-M2-A2-Bradley-ODS-SA-destr-24-06-23.jpg","2023-11-16",457,12922,1,"380-457129221","11/16/2023"
"14222","Ukraine","United States","M2A2 Bradley ODS-SA","destroyed","https://i.postimg.cc/XYNn0pRB/2014-M2-A2-Bradley-ODS-SA-destr-18-07-23.jpg","2023-11-16",457,12923,1,"380-457129231","11/16/2023"
"14223","Ukraine","United States","M2A2 Bradley ODS-SA","destroyed","https://i.postimg.cc/W13jjx8x/553.png","2023-11-16",457,12924,1,"380-457129241","11/16/2023"
"14224","Ukraine","United States","M2A2 Bradley ODS-SA","destroyed","https://i.postimg.cc/MHQjkWJg/327.png","2023-11-16",457,12925,1,"380-457129251","11/16/2023"
"14225","Ukraine","United States","M2A2 Bradley ODS-SA","destroyed","https://i.postimg.cc/NGP2Gb3Z/3270.png","2023-11-16",457,12926,1,"380-457129261","11/16/2023"
"14226","Ukraine","United States","M2A2 Bradley ODS-SA","destroyed","https://i.postimg.cc/GpYbmn78/2002-M2-A2-Bradley-ODS-SA-destr-05-10-23.jpg","2023-11-16",457,12927,1,"380-457129271","11/16/2023"
"14227","Ukraine","United States","M2A2 Bradley ODS-SA","destroyed","https://i.postimg.cc/Sxcsbf6h/2000-Bradley-destr-09-11-23.jpg","2023-11-16",457,12928,1,"380-457129281","11/16/2023"
"14228","Ukraine","United States","M2A2 Bradley ODS-SA","damaged","https://twitter.com/UAWeapons/status/1669272217107017728","2023-11-16",457,12929,2,"380-457129292","11/16/2023"
"14229","Ukraine","United States","M2A2 Bradley ODS-SA","damaged","https://i.postimg.cc/5t4H5Wj8/88k6.png","2023-11-16",457,12930,2,"380-457129302","11/16/2023"
"14230","Ukraine","United States","M2A2 Bradley ODS-SA","damaged","https://i.postimg.cc/rmmvLPDx/h.png","2023-11-16",457,12009,2,"380-457120092","11/16/2023"
"14231","Ukraine","United States","M2A2 Bradley ODS-SA","damaged","https://i.postimg.cc/8zsCQ72k/2000-2x-bradley-dam-26-07-23.jpg","2023-11-16",457,12931,2,"380-457129312","11/16/2023"
"14232","Ukraine","United States","M2A2 Bradley ODS-SA","damaged","https://i.postimg.cc/6Qk0DkK8/99701.png","2023-11-16",457,12932,2,"380-457129322","11/16/2023"
"14233","Ukraine","United States","M2A2 Bradley ODS-SA","damaged","https://twitter.com/UAWeapons/status/1667193762483691520","2023-11-16",457,12903,2,"380-457129032","11/16/2023"
"14234","Ukraine","United States","M2A2 Bradley ODS-SA","damaged","https://i.postimg.cc/Y96ZtPjC/2000-m2a2-bradley-1x-destr-1x-aband-10-06-23.jpg","2023-11-16",457,12906,2,"380-457129062","11/16/2023"
"14235","Ukraine","United States","M2A2 Bradley ODS-SA","damaged","https://i.postimg.cc/3JDvN8Kj/2007-bradley-dam-13-07-23.jpg","2023-11-16",457,12933,2,"380-457129332","11/16/2023"
"14236","Ukraine","United States","M2A2 Bradley ODS-SA","damaged","https://twitter.com/UAWeapons/status/1679830955714924544","2023-11-16",457,12934,2,"380-457129342","11/16/2023"
"14237","Ukraine","United States","M2A2 Bradley ODS-SA","damaged","https://twitter.com/UAWeapons/status/1673343156203536385","2023-11-16",457,12908,2,"380-457129082","11/16/2023"
"14238","Ukraine","United States","M2A2 Bradley ODS-SA","damaged","https://i.postimg.cc/wvtDXC3v/2014-2x-m2a2-dam-08-06-23.jpg","2023-11-16",457,12935,2,"380-457129352","11/16/2023"
"14239","Ukraine","United States","M2A2 Bradley ODS-SA","damaged","https://i.postimg.cc/vT1RqdzY/2051-bradley-dam-23-07-23.jpg","2023-11-16",457,12936,2,"380-457129362","11/16/2023"
"14240","Ukraine","United States","M2A2 Bradley ODS-SA","damaged","https://i.postimg.cc/hvNkN3y9/2052-bradley-dam-23-07-23.jpg","2023-11-16",457,12937,2,"380-457129372","11/16/2023"
"14241","Ukraine","United States","M2A2 Bradley ODS-SA","damaged","https://i.postimg.cc/ryb2dKVK/2053-bradley-dam-23-07-23.jpg","2023-11-16",457,12938,2,"380-457129382","11/16/2023"
"14242","Ukraine","United States","M2A2 Bradley ODS-SA","damaged","https://i.postimg.cc/8z3YWMtR/2001-bradley-dam-25-07-23.jpg","2023-11-16",457,12939,2,"380-457129392","11/16/2023"
"14243","Ukraine","United States","M2A2 Bradley ODS-SA","damaged","https://i.postimg.cc/Qd9MRYhd/2002-bradley-dam-02-11-23.jpg","2023-11-16",457,12940,2,"380-457129402","11/16/2023"
"14244","Ukraine","United States","M2A2 Bradley ODS-SA","damaged","https://i.postimg.cc/QtsxKX5F/2016-bradley-dam-08-11-23.jpg","2023-11-16",457,12941,2,"380-457129412","11/16/2023"
"14245","Ukraine","United States","M2A2 Bradley ODS-SA","damaged","https://twitter.com/UAWeapons/status/1678492621163884544","2023-11-16",457,12913,2,"380-457129132","11/16/2023"
"14246","Ukraine","United States","M2A2 Bradley ODS-SA","abandoned","https://twitter.com/UAWeapons/status/1678492621163884544","2023-11-16",457,12913,4,"380-457129134","11/16/2023"
"14247","Ukraine","United States","M2A2 Bradley ODS-SA","damaged","https://twitter.com/UAWeapons/status/1679117720384569352","2023-11-16",457,12942,2,"380-457129422","11/16/2023"
"14248","Ukraine","United States","M2A2 Bradley ODS-SA","abandoned","https://twitter.com/UAWeapons/status/1679117720384569352","2023-11-16",457,12942,4,"380-457129424","11/16/2023"
"14249","Ukraine","United States","M2A2 Bradley ODS-SA","damaged","https://i.postimg.cc/SKMvGRvw/2005-bradley-dam-aband-25-07-23.jpg","2023-11-16",457,12943,2,"380-457129432","11/16/2023"
"14250","Ukraine","United States","M2A2 Bradley ODS-SA","abandoned","https://i.postimg.cc/SKMvGRvw/2005-bradley-dam-aband-25-07-23.jpg","2023-11-16",457,12943,4,"380-457129434","11/16/2023"
"14251","Ukraine","United States","M2A2 Bradley ODS-SA","damaged","https://i.postimg.cc/jjWpZrJ7/238.png","2023-11-16",457,12944,2,"380-457129442","11/16/2023"
"14252","Ukraine","United States","M2A2 Bradley ODS-SA","abandoned","https://i.postimg.cc/jjWpZrJ7/238.png","2023-11-16",457,12944,4,"380-457129444","11/16/2023"
"14253","Ukraine","United States","M2A2 Bradley ODS-SA","damaged","https://twitter.com/RALee85/status/1720182958294757703","2023-11-16",457,12945,2,"380-457129452","11/16/2023"
"14254","Ukraine","United States","M2A2 Bradley ODS-SA","abandoned","https://twitter.com/RALee85/status/1720182958294757703","2023-11-16",457,12945,4,"380-457129454","11/16/2023"
"14255","Ukraine","Sweden","CV9040C","damaged","https://i.postimg.cc/mk4CnRy6/2006-2x-CV9040-C-1x-destr-1x-dam-06-08-23.jpg","2023-11-16",458,12946,2,"380-458129462","11/16/2023"
"14256","Ukraine","Sweden","CV9040C","damaged","https://twitter.com/imp_navigator/status/1695339006957900131","2023-11-16",458,12947,2,"380-458129472","11/16/2023"
"14257","Ukraine","Sweden","CV9040C","damaged","https://i.postimg.cc/jj1fCX98/314.png","2023-11-16",458,12948,2,"380-458129482","11/16/2023"
"14258","Ukraine","Sweden","CV9040C","abandoned","https://i.postimg.cc/jj1fCX98/314.png","2023-11-16",458,12948,4,"380-458129484","11/16/2023"
"14259","Ukraine","Sweden","CV9040C","damaged","https://twitter.com/UAWeapons/status/1685304986387853313","2023-11-16",458,12949,2,"380-458129492","11/16/2023"
"14260","Ukraine","Sweden","CV9040C","captured","https://twitter.com/UAWeapons/status/1685304986387853313","2023-11-16",458,12949,3,"380-458129493","11/16/2023"
"14261","Ukraine","Germany","Marder 1A3","destroyed","https://i.postimg.cc/QCR5wpqT/326.png","2023-11-16",459,12950,1,"380-459129501","11/16/2023"
"14262","Ukraine","Germany","Marder 1A3","destroyed","https://i.postimg.cc/DydVSJRY/2012-Marder-1-A3-destr-25-09-23.jpg","2023-11-16",459,12951,1,"380-459129511","11/16/2023"
"14263","Ukraine","Germany","Marder 1A3","destroyed","https://i.postimg.cc/qR1qRSbH/2011-Marder-1-A3-destr-26-10-23.jpg","2023-11-16",459,12952,1,"380-459129521","11/16/2023"
"14264","Ukraine","Germany","Marder 1A3","damaged","https://i.postimg.cc/76DM0rWc/4389.png","2023-11-16",459,12953,2,"380-459129532","11/16/2023"
"14265","Ukraine","Germany","Marder 1A3","abandoned","https://i.postimg.cc/76DM0rWc/4389.png","2023-11-16",459,12953,4,"380-459129534","11/16/2023"
"14266","Ukraine","Ukraine","BTR-3","destroyed","https://i.postimg.cc/Cx33pLj5/4482.png","2023-11-16",460,12954,1,"380-460129541","11/16/2023"
"14267","Ukraine","Ukraine","BTR-3","destroyed","https://i.postimg.cc/13p9x7jH/da3.jpg","2023-11-16",460,12955,1,"380-460129551","11/16/2023"
"14268","Ukraine","Ukraine","BTR-3","destroyed","https://i.postimg.cc/s1dtp0fG/57.png","2023-11-16",460,12956,1,"380-460129561","11/16/2023"
"14269","Ukraine","Ukraine","BTR-3","destroyed","https://i.postimg.cc/mZmvrdsr/44333.png","2023-11-16",460,12957,1,"380-460129571","11/16/2023"
"14270","Ukraine","Ukraine","BTR-3","destroyed","https://i.postimg.cc/tC6bPmpj/da2.jpg","2023-11-16",460,12958,1,"380-460129581","11/16/2023"
"14271","Ukraine","Ukraine","BTR-3","destroyed","https://i.postimg.cc/bwrJWPZp/c2.png","2023-11-16",460,12959,1,"380-460129591","11/16/2023"
"14272","Ukraine","Ukraine","BTR-3","destroyed","https://i.postimg.cc/50qGRG89/g6.jpg","2023-11-16",460,12960,1,"380-460129601","11/16/2023"
"14273","Ukraine","Ukraine","BTR-3","destroyed","https://i.postimg.cc/7LGSpX6q/27.jpg","2023-11-16",460,12961,1,"380-460129611","11/16/2023"
"14274","Ukraine","Ukraine","BTR-3","destroyed","https://i.postimg.cc/pLW2cVSc/66h.png","2023-11-16",460,12962,1,"380-460129621","11/16/2023"
"14275","Ukraine","Ukraine","BTR-3","destroyed","https://i.postimg.cc/LXqHVBXw/5gg.png","2023-11-16",460,12963,1,"380-460129631","11/16/2023"
"14276","Ukraine","Ukraine","BTR-3","destroyed","https://i.postimg.cc/T3WqBBs3/4ff.png","2023-11-16",460,12964,1,"380-460129641","11/16/2023"
"14277","Ukraine","Ukraine","BTR-3","destroyed","https://i.postimg.cc/pTVZjtGc/f32.png","2023-11-16",460,12965,1,"380-460129651","11/16/2023"
"14278","Ukraine","Ukraine","BTR-3","destroyed","https://i.postimg.cc/1RqTqVnq/3u.png","2023-11-16",460,12966,1,"380-460129661","11/16/2023"
"14279","Ukraine","Ukraine","BTR-3","destroyed","https://i.postimg.cc/c1zDZGcc/4443.png","2023-11-16",460,12967,1,"380-460129671","11/16/2023"
"14280","Ukraine","Ukraine","BTR-3","destroyed","https://postlmg.cc/CnfM4bwt","2023-11-16",460,12968,1,"380-460129681","11/16/2023"
"14281","Ukraine","Ukraine","BTR-3","destroyed","https://i.postimg.cc/kgV2fw4Q/4315.png","2023-11-16",460,12969,1,"380-460129691","11/16/2023"
"14282","Ukraine","Ukraine","BTR-3","destroyed","https://i.postimg.cc/TPWNMnW4/2003-btr3e-destr.jpg","2023-11-16",460,12970,1,"380-460129701","11/16/2023"
"14283","Ukraine","Ukraine","BTR-3","destroyed","https://i.postimg.cc/htVRbqLG/2566.png","2023-11-16",460,12971,1,"380-460129711","11/16/2023"
"14284","Ukraine","Ukraine","BTR-3","destroyed","https://i.postimg.cc/PqW2Ckgp/2010-btr3-destr.png","2023-11-16",460,12972,1,"380-460129721","11/16/2023"
"14285","Ukraine","Ukraine","BTR-3","destroyed","https://i.postimg.cc/CKyVp7DQ/2022-04-02-UA-BTR-3-destroyed.jpg","2023-11-16",460,12973,1,"380-460129731","11/16/2023"
"14286","Ukraine","Ukraine","BTR-3","destroyed","https://i.postimg.cc/WpXLgBzZ/UA-BTR-3-destroyed.png","2023-11-16",460,12974,1,"380-460129741","11/16/2023"
"14287","Ukraine","Ukraine","BTR-3","destroyed","https://i.postimg.cc/HLc307PH/2004-btr3e-destr-11-12-22.jpg","2023-11-16",460,12975,1,"380-460129751","11/16/2023"
"14288","Ukraine","Ukraine","BTR-3","destroyed","https://i.postimg.cc/ydrKP0yx/2001-btr3e-destr-30-03-22.jpg","2023-11-16",460,12976,1,"380-460129761","11/16/2023"
"14289","Ukraine","Ukraine","BTR-3","destroyed","https://i.postimg.cc/4yCJCwGX/2000-btr3-destr-07-08-23.jpg","2023-11-16",460,12977,1,"380-460129771","11/16/2023"
"14290","Ukraine","Ukraine","BTR-3","destroyed","https://i.postimg.cc/zDWzwmwv/2001-btr3-destr-07-08-23.jpg","2023-11-16",460,12978,1,"380-460129781","11/16/2023"
"14291","Ukraine","Ukraine","BTR-3","destroyed","https://i.postimg.cc/2SHrjCYc/2020-btr3-destr-14-08-23.jpg","2023-11-16",460,12979,1,"380-460129791","11/16/2023"
"14292","Ukraine","Ukraine","BTR-3","destroyed","https://i.postimg.cc/x8XHSnpT/2002-BTR-3-E-destr-26-08-23.jpg","2023-11-16",460,12980,1,"380-460129801","11/16/2023"
"14293","Ukraine","Ukraine","BTR-3","damaged","https://i.postimg.cc/pdWMwW8W/da1.jpg","2023-11-16",460,12981,2,"380-460129812","11/16/2023"
"14294","Ukraine","Ukraine","BTR-3","captured","https://i.postimg.cc/wv6zrZdn/Screenshot-8248.png","2023-11-16",460,12982,3,"380-460129823","11/16/2023"
"14295","Ukraine","Ukraine","BTR-3","captured","https://i.postimg.cc/m2kRmDDP/g789.png","2023-11-16",460,12983,3,"380-460129833","11/16/2023"
"14296","Ukraine","Ukraine","BTR-3","captured","https://i.postimg.cc/yd8JRBxc/5j.png","2023-11-16",460,12984,3,"380-460129843","11/16/2023"
"14297","Ukraine","Ukraine","BTR-3","captured","https://i.postimg.cc/kMzdJ1XL/18.png","2023-11-16",460,12985,3,"380-460129853","11/16/2023"
"14298","Ukraine","Ukraine","BTR-3","captured","https://i.postimg.cc/7hKWgHn8/356.png","2023-11-16",460,12986,3,"380-460129863","11/16/2023"
"14299","Ukraine","Ukraine","BTR-3","captured","https://i.postimg.cc/FFTWCK3w/4689.png","2023-11-16",460,12987,3,"380-460129873","11/16/2023"
"14300","Ukraine","Ukraine","BTR-3","captured","https://i.postimg.cc/QdzZ2b5G/y60.png","2023-11-16",460,12988,3,"380-460129883","11/16/2023"
"14301","Ukraine","Ukraine","BTR-3","captured","https://i.postimg.cc/c1B84mdp/4f.png","2023-11-16",460,12989,3,"380-460129893","11/16/2023"
"14302","Ukraine","Ukraine","BTR-3","captured","https://i.postimg.cc/C53P3Rwm/44317.png","2023-11-16",460,12990,3,"380-460129903","11/16/2023"
"14303","Ukraine","Ukraine","BTR-3","captured","https://i.postimg.cc/yYxVggcD/2011-btr3e-capt-28-09-22.jpg","2023-11-16",460,12991,3,"380-460129913","11/16/2023"
"14304","Ukraine","Ukraine","87 BTR-4","destroyed","https://i.postimg.cc/W42RL0Ld/5554.png","2023-11-16",461,12992,1,"380-461129921","11/16/2023"
"14305","Ukraine","Ukraine","87 BTR-4","destroyed","https://i.postimg.cc/bYFbd2PW/6658.png","2023-11-16",461,12993,1,"380-461129931","11/16/2023"
"14306","Ukraine","Ukraine","87 BTR-4","destroyed","https://i.postimg.cc/CxV8BDWN/467.png","2023-11-16",461,12994,1,"380-461129941","11/16/2023"
"14307","Ukraine","Ukraine","87 BTR-4","destroyed","https://i.postimg.cc/7brvpRmG/665333.png","2023-11-16",461,12995,1,"380-461129951","11/16/2023"
"14308","Ukraine","Ukraine","87 BTR-4","destroyed","https://i.postimg.cc/W4swJQ4m/ds6.png","2023-11-16",461,12996,1,"380-461129961","11/16/2023"
"14309","Ukraine","Ukraine","87 BTR-4","destroyed","https://i.postimg.cc/CxBbrWyn/1305-btr4-destr-10-03-22.jpg","2023-11-16",461,12997,1,"380-461129971","11/16/2023"
"14310","Ukraine","Ukraine","87 BTR-4","destroyed","https://i.postimg.cc/d17NHGMd/3f6.png","2023-11-16",461,12998,1,"380-461129981","11/16/2023"
"14311","Ukraine","Ukraine","87 BTR-4","destroyed","https://i.postimg.cc/CM98gL2k/4690.png","2023-11-16",461,12999,1,"380-461129991","11/16/2023"
"14312","Ukraine","Ukraine","87 BTR-4","destroyed","https://i.postimg.cc/LXhWx2KG/b6.jpg","2023-11-16",461,13000,1,"380-461130001","11/16/2023"
"14313","Ukraine","Ukraine","87 BTR-4","destroyed","https://i.postimg.cc/vTW2dsS3/2006-btr4-destr-14-02-23.jpg","2023-11-16",461,13001,1,"380-461130011","11/16/2023"
"14314","Ukraine","Ukraine","87 BTR-4","destroyed","https://i.postimg.cc/ncbZ4y5B/79.png","2023-11-16",461,13002,1,"380-461130021","11/16/2023"
"14315","Ukraine","Ukraine","87 BTR-4","destroyed","https://i.postimg.cc/Bn4f4hbN/659.jpg","2023-11-16",461,13003,1,"380-461130031","11/16/2023"
"14316","Ukraine","Ukraine","87 BTR-4","destroyed","https://i.postimg.cc/5t3w4Fgz/4h.png","2023-11-16",461,13004,1,"380-461130041","11/16/2023"
"14317","Ukraine","Ukraine","87 BTR-4","destroyed","https://postimg.cc/qtMz8S36","2023-11-16",461,13005,1,"380-461130051","11/16/2023"
"14318","Ukraine","Ukraine","87 BTR-4","destroyed","https://i.postimg.cc/W1TXm8gD/5544.png","2023-11-16",461,13006,1,"380-461130061","11/16/2023"
"14319","Ukraine","Ukraine","87 BTR-4","destroyed","https://i.postimg.cc/3N61mFkq/436.png","2023-11-16",461,13007,1,"380-461130071","11/16/2023"
"14320","Ukraine","Ukraine","87 BTR-4","destroyed","https://i.postimg.cc/1XjS39jC/v1.jpg","2023-11-16",461,13008,1,"380-461130081","11/16/2023"
"14321","Ukraine","Ukraine","87 BTR-4","destroyed","https://i.postimg.cc/90HGmXB4/113.png","2023-11-16",461,13009,1,"380-461130091","11/16/2023"
"14322","Ukraine","Ukraine","87 BTR-4","captured","https://i.postimg.cc/Dww4MbR2/d16.png","2023-11-16",461,13010,3,"380-461130103","11/16/2023"
"14323","Ukraine","Ukraine","87 BTR-4","destroyed","https://i.postimg.cc/Dww4MbR2/d16.png","2023-11-16",461,13010,1,"380-461130101","11/16/2023"
"14324","Ukraine","Ukraine","87 BTR-4","captured","https://i.postimg.cc/L8rPZ6CH/887u.png","2023-11-16",461,13011,3,"380-461130113","11/16/2023"
"14325","Ukraine","Ukraine","87 BTR-4","destroyed","https://i.postimg.cc/L8rPZ6CH/887u.png","2023-11-16",461,13011,1,"380-461130111","11/16/2023"
"14326","Ukraine","Ukraine","87 BTR-4","destroyed","https://twitter.com/UAWeapons/status/1568992909797515264","2023-11-16",461,13012,1,"380-461130121","11/16/2023"
"14327","Ukraine","Ukraine","87 BTR-4","destroyed","https://i.postimg.cc/Z5R9XfF4/2000-btr4-destr-20-05-23.jpg","2023-11-16",461,13013,1,"380-461130131","11/16/2023"
"14328","Ukraine","Ukraine","87 BTR-4","destroyed","https://i.postimg.cc/g2QgqhXS/4.png","2023-11-16",461,13014,1,"380-461130141","11/16/2023"
"14329","Ukraine","Ukraine","87 BTR-4","destroyed","https://i.postimg.cc/ZRsF6NH2/2001-btr4.jpg","2023-11-16",461,13015,1,"380-461130151","11/16/2023"
"14330","Ukraine","Ukraine","87 BTR-4","destroyed","https://i.postimg.cc/NftfHnC4/2003-btr-4-destr.jpg","2023-11-16",461,13016,1,"380-461130161","11/16/2023"
"14331","Ukraine","Ukraine","87 BTR-4","destroyed","https://i.postimg.cc/KzKBrYB9/2004-btr4-destr.jpg","2023-11-16",461,13017,1,"380-461130171","11/16/2023"
"14332","Ukraine","Ukraine","87 BTR-4","destroyed","https://postimg.cc/F7cY0z3D","2023-11-16",461,13018,1,"380-461130181","11/16/2023"
"14333","Ukraine","Ukraine","87 BTR-4","destroyed","https://i.postimg.cc/5NBGYt4s/dd37.png","2023-11-16",461,13019,1,"380-461130191","11/16/2023"
"14334","Ukraine","Ukraine","87 BTR-4","destroyed","https://i.postimg.cc/SNLgcLXK/2002-btr4-destr.jpg","2023-11-16",461,13020,1,"380-461130201","11/16/2023"
"14335","Ukraine","Ukraine","87 BTR-4","destroyed","https://i.postimg.cc/G3Kh67Kq/542.png","2023-11-16",461,13021,1,"380-461130211","11/16/2023"
"14336","Ukraine","Ukraine","87 BTR-4","destroyed","https://i.postimg.cc/wjT0N8Wb/549.png","2023-11-16",461,13022,1,"380-461130221","11/16/2023"
"14337","Ukraine","Ukraine","87 BTR-4","destroyed","https://i.postimg.cc/wMNJS4CB/2091-BTR-4-E-destr-05-03-22.jpg","2023-11-16",461,13023,1,"380-461130231","11/16/2023"
"14338","Ukraine","Ukraine","87 BTR-4","destroyed","https://i.postimg.cc/hGbybHBk/588.png","2023-11-16",461,13024,1,"380-461130241","11/16/2023"
"14339","Ukraine","Ukraine","87 BTR-4","destroyed","https://i.postimg.cc/B6Srv6Jn/2004-BTR-4-E-dam-aband.jpg","2023-11-16",461,13025,1,"380-461130251","11/16/2023"
"14340","Ukraine","Ukraine","87 BTR-4","destroyed","https://i.postimg.cc/8zsw7nHk/2004-btr4-destr-09-03-23.jpg","2023-11-16",461,13026,1,"380-461130261","11/16/2023"
"14341","Ukraine","Ukraine","87 BTR-4","destroyed","https://i.postimg.cc/Lsj8sqqd/2010-BTR-4-E-destr-05-11-23.jpg","2023-11-16",461,13027,1,"380-461130271","11/16/2023"
"14342","Ukraine","Ukraine","87 BTR-4","destroyed","https://i.postimg.cc/nzm7c59v/2001-BTR-4-E-destr-16-12-22.jpg","2023-11-16",461,13028,1,"380-461130281","11/16/2023"
"14343","Ukraine","Ukraine","87 BTR-4","destroyed","https://i.postimg.cc/WzhBZ30J/2020-btr4-destr-03-02-23.jpg","2023-11-16",461,13029,1,"380-461130291","11/16/2023"
"14344","Ukraine","Ukraine","87 BTR-4","destroyed","https://i.postimg.cc/wT2mHmH3/2021-btr4-destr-07-02-23.jpg","2023-11-16",461,13030,1,"380-461130301","11/16/2023"
"14345","Ukraine","Ukraine","87 BTR-4","destroyed","https://i.postimg.cc/Hs9vZTML/2004-btr4-destr-13-02-23.jpg","2023-11-16",461,13031,1,"380-461130311","11/16/2023"
"14346","Ukraine","Ukraine","87 BTR-4","destroyed","https://i.postimg.cc/D0KYrNYp/4468.png","2023-11-16",461,13032,1,"380-461130321","11/16/2023"
"14347","Ukraine","Ukraine","87 BTR-4","destroyed","https://i.postimg.cc/0y29ZJRQ/2004-btr4e-destr-07-05-23.jpg","2023-11-16",461,13033,1,"380-461130331","11/16/2023"
"14348","Ukraine","Ukraine","87 BTR-4","destroyed","https://i.postimg.cc/sfwwS1MS/2003-btr4-destr-18-05-23.jpg","2023-11-16",461,13034,1,"380-461130341","11/16/2023"
"14349","Ukraine","Ukraine","87 BTR-4","destroyed","https://i.postimg.cc/h4zs83jf/2017-btr4-destr-27-06-23.jpg","2023-11-16",461,13035,1,"380-461130351","11/16/2023"
"14350","Ukraine","Ukraine","87 BTR-4","destroyed","https://i.postimg.cc/SNfrB9Lg/2005-btr4-destr-30-07-23.jpg","2023-11-16",461,13036,1,"380-461130361","11/16/2023"
"14351","Ukraine","Ukraine","87 BTR-4","destroyed","https://i.postimg.cc/x1sPCS4H/2012-btr4-1x-destr-1x-dam-aband-m113-destr-01-08-23.jpg","2023-11-16",461,13037,1,"380-461130371","11/16/2023"
"14352","Ukraine","Ukraine","87 BTR-4","destroyed","https://i.postimg.cc/zvn5RtP3/2010-BTR-4-E-destr-12-08-23.jpg","2023-11-16",461,13038,1,"380-461130381","11/16/2023"
"14353","Ukraine","Ukraine","87 BTR-4","destroyed","https://i.postimg.cc/NfJnrPVM/2002-btr4-destr-12-08-23.jpg","2023-11-16",461,13039,1,"380-461130391","11/16/2023"
"14354","Ukraine","Ukraine","87 BTR-4","destroyed","https://i.postimg.cc/kMZK383g/2001-BTR-4-E-destr-05-07-23.jpg","2023-11-16",461,13040,1,"380-461130401","11/16/2023"
"14355","Ukraine","Ukraine","87 BTR-4","destroyed","https://i.postimg.cc/gJ8cSkBR/2017-BTR-4-EP-destr-21-08-23.jpg","2023-11-16",461,13041,1,"380-461130411","11/16/2023"
"14356","Ukraine","Ukraine","87 BTR-4","destroyed","https://i.postimg.cc/GhCMbdqm/356.png","2023-11-16",461,13042,1,"380-461130421","11/16/2023"
"14357","Ukraine","Ukraine","87 BTR-4","destroyed","https://i.postimg.cc/MHLmR61X/2001-BTR4-destr-m113-ypr-and-leo2a4-dam-aband-01-11-23.jpg","2023-11-16",461,12005,1,"380-461120051","11/16/2023"
"14358","Ukraine","Ukraine","87 BTR-4","damaged","https://twitter.com/RALee85/status/1497785823198162944","2023-11-16",461,13043,2,"380-461130432","11/16/2023"
"14359","Ukraine","Ukraine","87 BTR-4","damaged","https://postimg.cc/cvFdVt3x","2023-11-16",461,13044,2,"380-461130442","11/16/2023"
"14360","Ukraine","Ukraine","87 BTR-4","damaged","https://i.postimg.cc/htHfNSFr/54g.png","2023-11-16",461,13045,2,"380-461130452","11/16/2023"
"14361","Ukraine","Ukraine","87 BTR-4","damaged","https://postlmg.cc/Vdp6KHxf","2023-11-16",461,13046,2,"380-461130462","11/16/2023"
"14362","Ukraine","Ukraine","87 BTR-4","damaged","https://i.postimg.cc/CKpMxfNq/4115.png","2023-11-16",461,13047,2,"380-461130472","11/16/2023"
"14363","Ukraine","Ukraine","87 BTR-4","abandoned","https://i.postimg.cc/CKpMxfNq/4115.png","2023-11-16",461,13047,4,"380-461130474","11/16/2023"
"14364","Ukraine","Ukraine","87 BTR-4","abandoned","https://i.postimg.cc/xd84RZV8/Screenshot-9035.png","2023-11-16",461,13048,4,"380-461130484","11/16/2023"
"14365","Ukraine","Ukraine","87 BTR-4","damaged","https://i.postimg.cc/0NvPrWY5/2001-btr-4-dam-aband.jpg","2023-11-16",461,13049,2,"380-461130492","11/16/2023"
"14366","Ukraine","Ukraine","87 BTR-4","abandoned","https://i.postimg.cc/0NvPrWY5/2001-btr-4-dam-aband.jpg","2023-11-16",461,13049,4,"380-461130494","11/16/2023"
"14367","Ukraine","Ukraine","87 BTR-4","damaged","https://i.postimg.cc/4x8c3fzS/2005-btr4-dam-aband-24-01-23.jpg","2023-11-16",461,13050,2,"380-461130502","11/16/2023"
"14368","Ukraine","Ukraine","87 BTR-4","abandoned","https://i.postimg.cc/4x8c3fzS/2005-btr4-dam-aband-24-01-23.jpg","2023-11-16",461,13050,4,"380-461130504","11/16/2023"
"14369","Ukraine","Ukraine","87 BTR-4","abandoned","https://i.postimg.cc/YqMWJx5J/2020-btr4-aband-16-12-22.jpg","2023-11-16",461,13051,4,"380-461130514","11/16/2023"
"14370","Ukraine","Ukraine","87 BTR-4","abandoned","https://i.postimg.cc/FFpGGx4t/2010-btr4e-aband-08-08-23.jpg","2023-11-16",461,13052,4,"380-461130524","11/16/2023"
"14371","Ukraine","Ukraine","87 BTR-4","captured","https://i.postimg.cc/YST0Gqf1/4f69.png","2023-11-16",461,13053,3,"380-461130533","11/16/2023"
"14372","Ukraine","Ukraine","87 BTR-4","captured","https://i.postimg.cc/j53CbfRq/4433.png","2023-11-16",461,13054,3,"380-461130543","11/16/2023"
"14373","Ukraine","Ukraine","87 BTR-4","captured","https://i.postimg.cc/XJv4gt66/Screenshot-8643.png","2023-11-16",461,13055,3,"380-461130553","11/16/2023"
"14374","Ukraine","Ukraine","87 BTR-4","captured","https://i.postimg.cc/DzFNDmJb/j1.png","2023-11-16",461,13056,3,"380-461130563","11/16/2023"
"14375","Ukraine","Ukraine","87 BTR-4","captured","https://i.postimg.cc/8zL3tL5S/j2.png","2023-11-16",461,13057,3,"380-461130573","11/16/2023"
"14376","Ukraine","Ukraine","87 BTR-4","captured","https://i.postimg.cc/65KrHtcb/413.png","2023-11-16",461,13058,3,"380-461130583","11/16/2023"
"14377","Ukraine","Ukraine","87 BTR-4","captured","https://i.postimg.cc/4x3jXzd0/4311.png","2023-11-16",461,13059,3,"380-461130593","11/16/2023"
"14378","Ukraine","Ukraine","87 BTR-4","captured","https://i.postimg.cc/GhL7wn9g/2305-btr4-capt-19-08-22.png","2023-11-16",461,13060,3,"380-461130603","11/16/2023"
"14379","Ukraine","Ukraine","87 BTR-4","captured","https://i.postimg.cc/QCRhgWpV/437.png","2023-11-16",461,13061,3,"380-461130613","11/16/2023"
"14380","Ukraine","Ukraine","87 BTR-4","captured","https://i.postimg.cc/6phJCJsP/667.png","2023-11-16",461,13062,3,"380-461130623","11/16/2023"
"14381","Ukraine","Ukraine","87 BTR-4","captured","https://i.postimg.cc/J0k2Wxhq/b5.jpg","2023-11-16",461,13063,3,"380-461130633","11/16/2023"
"14382","Ukraine","Ukraine","87 BTR-4","captured","https://i.postimg.cc/TYbH7h2W/46.png","2023-11-16",461,13064,3,"380-461130643","11/16/2023"
"14383","Ukraine","Ukraine","87 BTR-4","captured","https://i.postimg.cc/13p2q8Xq/46.png","2023-11-16",461,13065,3,"380-461130653","11/16/2023"
"14384","Ukraine","Ukraine","87 BTR-4","captured","https://i.postimg.cc/CLVKWfB3/87.png","2023-11-16",461,13066,3,"380-461130663","11/16/2023"
"14385","Ukraine","Ukraine","87 BTR-4","captured","https://i.postimg.cc/fTkNLbqJ/36.png","2023-11-16",461,13067,3,"380-461130673","11/16/2023"
"14386","Ukraine","Ukraine","87 BTR-4","captured","https://i.postimg.cc/Twhcyb1s/43j.png","2023-11-16",461,13068,3,"380-461130683","11/16/2023"
"14387","Ukraine","Ukraine","87 BTR-4","captured","https://i.postimg.cc/tCP3NpHR/c1.png","2023-11-16",461,13069,3,"380-461130693","11/16/2023"
"14388","Ukraine","Ukraine","87 BTR-4","captured","https://i.postimg.cc/htB9C6SL/c2.png","2023-11-16",461,13070,3,"380-461130703","11/16/2023"
"14389","Ukraine","Ukraine","87 BTR-4","captured","https://i.postimg.cc/wBxnxNsW/5g.png","2023-11-16",461,13071,3,"380-461130713","11/16/2023"
"14390","Ukraine","Ukraine","87 BTR-4","captured","https://i.postimg.cc/3Jgm16jS/2089-BTR-4-E-capt-04-04-22.jpg","2023-11-16",461,13072,3,"380-461130723","11/16/2023"
"14391","Ukraine","Ukraine","87 BTR-4","captured","https://i.postimg.cc/7YvSgDzJ/2090-BTR-4-E-capt-09-06-22.jpg","2023-11-16",461,13073,3,"380-461130733","11/16/2023"
"14392","Ukraine","Poland","KTO Rosomak","destroyed","https://i.postimg.cc/NfytMTdt/431.png","2023-11-16",462,13074,1,"380-462130741","11/16/2023"
"14393","Ukraine","Poland","KTO Rosomak","destroyed","https://i.postimg.cc/h4Tn8QJg/5422.png","2023-11-16",462,13075,1,"380-462130751","11/16/2023"
"14394","Ukraine","Poland","KTO Rosomak","destroyed","https://twitter.com/wolski_jaros/status/1723347097796194371","2023-11-16",462,13076,1,"380-462130761","11/16/2023"
"14395","Ukraine","Poland","KTO Rosomak","damaged","https://i.postimg.cc/K8QGNWcM/2000-KTO-Rosomak-dam-13-08-23.jpg","2023-11-16",462,13077,2,"380-462130772","11/16/2023"
"14396","Ukraine","Soviet Union","BTR-60PB","destroyed","https://i.postimg.cc/wjsNB5WJ/2d4.png","2023-11-16",463,13078,1,"380-463130781","11/16/2023"
"14397","Ukraine","Soviet Union","BTR-60PB","destroyed","https://i.postimg.cc/TPn4rKqG/4f8.png","2023-11-16",463,13079,1,"380-463130791","11/16/2023"
"14398","Ukraine","Soviet Union","BTR-60PB","destroyed","https://postimg.cc/YvQyK3tb","2023-11-16",463,13080,1,"380-463130801","11/16/2023"
"14399","Ukraine","Soviet Union","BTR-60PB","destroyed","https://twitter.com/UAWeapons/status/1571108754393042947","2023-11-16",463,12296,1,"380-463122961","11/16/2023"
"14400","Ukraine","Soviet Union","BTR-60PB","destroyed","https://postimg.cc/hJhgbZNc","2023-11-16",463,13081,1,"380-463130811","11/16/2023"
"14401","Ukraine","Soviet Union","BTR-60PB","destroyed","https://i.postimg.cc/CMQ98VXQ/4332.png","2023-11-16",463,13082,1,"380-463130821","11/16/2023"
"14402","Ukraine","Soviet Union","BTR-60PB","destroyed","https://i.postimg.cc/2yYDFbFP/2015-btr60-destr-17-11-22.jpg","2023-11-16",463,13083,1,"380-463130831","11/16/2023"
"14403","Ukraine","Soviet Union","BTR-60PB","destroyed","https://i.postimg.cc/nhR3zt8L/2002-BTR-60-destr-15-03-23.jpg","2023-11-16",463,13084,1,"380-463130841","11/16/2023"
"14404","Ukraine","Soviet Union","BTR-60PB","destroyed","https://i.postimg.cc/vBYBZhWb/2007-BTR-60-PB-destr-30-11-22.jpg","2023-11-16",463,13085,1,"380-463130851","11/16/2023"
"14405","Ukraine","Soviet Union","BTR-60PB","destroyed","https://i.postimg.cc/D0RssvkR/2026-btr60-destr-24-04-23.jpg","2023-11-16",463,13086,1,"380-463130861","11/16/2023"
"14406","Ukraine","Soviet Union","BTR-60PB","destroyed","https://i.postimg.cc/85TsfHWg/2002-BTR-60-PB-destr-20-06-23.jpg","2023-11-16",463,13087,1,"380-463130871","11/16/2023"
"14407","Ukraine","Soviet Union","BTR-60PB","destroyed","https://i.postimg.cc/8zGbZbH5/2020-BTR-60-PB-destr-31-05-22.jpg","2023-11-16",463,13088,1,"380-463130881","11/16/2023"
"14408","Ukraine","Soviet Union","BTR-60PB","destroyed","https://i.postimg.cc/hGvLmHJf/320.png","2023-11-16",463,13089,1,"380-463130891","11/16/2023"
"14409","Ukraine","Soviet Union","BTR-60PB","destroyed","https://i.postimg.cc/MT11h5Hk/3368.png","2023-11-16",463,13090,1,"380-463130901","11/16/2023"
"14410","Ukraine","Soviet Union","BTR-60PB","destroyed","https://i.postimg.cc/7PCPrW7P/2026-BTR-60-PB-destr-31-08-23.jpg","2023-11-16",463,13091,1,"380-463130911","11/16/2023"
"14411","Ukraine","Soviet Union","BTR-60PB","captured","https://i.postimg.cc/X7fQsQrh/4438.png","2023-11-16",463,13092,3,"380-463130923","11/16/2023"
"14412","Ukraine","Soviet Union","BTR-60PB","captured","https://i.postimg.cc/brZyFMTj/f4d.png","2023-11-16",463,13093,3,"380-463130933","11/16/2023"
"14413","Ukraine","Soviet Union","BTR-60PB","captured","https://i.postimg.cc/mgns2vNk/a1.png","2023-11-16",463,13094,3,"380-463130943","11/16/2023"
"14414","Ukraine","Soviet Union","BTR-60PB","captured","https://i.postimg.cc/7L6YdXNF/2111.jpg","2023-11-16",463,13095,3,"380-463130953","11/16/2023"
"14415","Ukraine","Soviet Union","BTR-60PB","captured","https://postimg.cc/MXSdjSqy","2023-11-16",463,13096,3,"380-463130963","11/16/2023"
"14416","Ukraine","Soviet Union","BTR-60PB","captured","https://i.postimg.cc/W1q2Hf3r/w20.png","2023-11-16",463,13097,3,"380-463130973","11/16/2023"
"14417","Ukraine","Soviet Union","BTR-60PB","damaged","https://i.postimg.cc/jj3PP8KD/2005-btr60-dam.jpg","2023-11-16",463,13098,2,"380-463130982","11/16/2023"
"14418","Ukraine","Soviet Union","BTR-60PB","captured","https://i.postimg.cc/jj3PP8KD/2005-btr60-dam.jpg","2023-11-16",463,13098,3,"380-463130983","11/16/2023"
"14419","Ukraine","Soviet Union","BTR-70","destroyed","https://i.postimg.cc/4yxsJV6h/2000-btr70-destr.jpg","2023-11-16",464,13099,1,"380-464130991","11/16/2023"
"14420","Ukraine","Soviet Union","BTR-70","destroyed","https://i.postimg.cc/ZRcJtVdS/2001-btr70-2x-destr.jpg","2023-11-16",464,13100,1,"380-464131001","11/16/2023"
"14421","Ukraine","Soviet Union","BTR-70","destroyed","https://i.postimg.cc/tgwRnrLv/2013-BTR-70-destr-31-12-22.jpg","2023-11-16",464,13101,1,"380-464131011","11/16/2023"
"14422","Ukraine","Soviet Union","BTR-70","destroyed","https://postimg.cc/z3LSv4F5","2023-11-16",464,13102,1,"380-464131021","11/16/2023"
"14423","Ukraine","Soviet Union","BTR-70","destroyed","https://i.postimg.cc/sgH3qCJp/2003-btr-70-destr.jpg","2023-11-16",464,13103,1,"380-464131031","11/16/2023"
"14424","Ukraine","Soviet Union","BTR-70","destroyed","https://i.postimg.cc/GpJ50kcM/BTR-70-destroyed.png","2023-11-16",464,13104,1,"380-464131041","11/16/2023"
"14425","Ukraine","Soviet Union","BTR-70","destroyed","https://postimg.cc/pyyk8mxw","2023-11-16",464,13105,1,"380-464131051","11/16/2023"
"14426","Ukraine","Soviet Union","BTR-70","destroyed","https://i.postimg.cc/2SQZvrcd/874.png","2023-11-16",464,13106,1,"380-464131061","11/16/2023"
"14427","Ukraine","Soviet Union","BTR-70","destroyed","https://i.postimg.cc/pLhJqrP7/2022-11-13-UA-BTR-70-destroyed.jpg","2023-11-16",464,13107,1,"380-464131071","11/16/2023"
"14428","Ukraine","Soviet Union","BTR-70","destroyed","https://i.postimg.cc/XYQLmhNd/UA-BTR-70-destroyed.png","2023-11-16",464,13108,1,"380-464131081","11/16/2023"
"14429","Ukraine","Soviet Union","BTR-70","destroyed","https://i.postimg.cc/FRTdH3hX/2021-BTR-70-destr-19-10-22.jpg","2023-11-16",464,13109,1,"380-464131091","11/16/2023"
"14430","Ukraine","Soviet Union","BTR-70","destroyed","https://i.postimg.cc/xTymXDBt/2002-btr70-destr-18-03-23.jpg","2023-11-16",464,13110,1,"380-464131101","11/16/2023"
"14431","Ukraine","Soviet Union","BTR-70","captured","https://i.postimg.cc/rpRk6qmF/1300.jpg","2023-11-16",464,13111,3,"380-464131113","11/16/2023"
"14432","Ukraine","Soviet Union","BTR-70","destroyed","https://i.postimg.cc/rpRk6qmF/1300.jpg","2023-11-16",464,13111,1,"380-464131111","11/16/2023"
"14433","Ukraine","Soviet Union","BTR-70","destroyed","https://i.postimg.cc/HW2WWCgR/277.png","2023-11-16",464,13112,1,"380-464131121","11/16/2023"
"14434","Ukraine","Soviet Union","BTR-70","damaged","https://postimg.cc/rKptXh9Z","2023-11-16",464,13113,2,"380-464131132","11/16/2023"
"14435","Ukraine","Soviet Union","BTR-70","damaged","https://i.postimg.cc/BQG09mbr/2000-btr80-2x.jpg","2023-11-16",464,13114,2,"380-464131142","11/16/2023"
"14436","Ukraine","Soviet Union","BTR-70","damaged","https://i.postimg.cc/GhwgC1Vt/2008-btr80-dam-19-07-23.jpg","2023-11-16",464,13115,2,"380-464131152","11/16/2023"
"14437","Ukraine","Soviet Union","BTR-70","captured","https://i.postimg.cc/9FS2wLRZ/Screenshot-8016.png","2023-11-16",464,13116,3,"380-464131163","11/16/2023"
"14438","Ukraine","Soviet Union","BTR-70","captured","https://i.postimg.cc/hvpjqwCG/Screenshot-8389.png","2023-11-16",464,13117,3,"380-464131173","11/16/2023"
"14439","Ukraine","Soviet Union","BTR-70","captured","https://i.postimg.cc/TYrB0g16/435.png","2023-11-16",464,13118,3,"380-464131183","11/16/2023"
"14440","Ukraine","Soviet Union","BTR-70","captured","https://i.postimg.cc/W4GZXHLD/311.png","2023-11-16",464,13119,3,"380-464131193","11/16/2023"
"14441","Ukraine","Soviet Union","BTR-70","captured","https://i.postimg.cc/fTZRgryB/4678.jpg","2023-11-16",464,13120,3,"380-464131203","11/16/2023"
"14442","Ukraine","Soviet Union","BTR-70","captured","https://i.postimg.cc/rFZ5bm4k/588.png","2023-11-16",464,13121,3,"380-464131213","11/16/2023"
"14443","Ukraine","Soviet Union","BTR-70","captured","https://i.postimg.cc/x18j2CdW/a1.png","2023-11-16",464,13122,3,"380-464131223","11/16/2023"
"14444","Ukraine","Soviet Union","BTR-70","captured","https://postimg.cc/Ln2GtPB6","2023-11-16",464,13123,3,"380-464131233","11/16/2023"
"14445","Ukraine","Soviet Union","BTR-70","captured","https://postimg.cc/v49PCHvS","2023-11-16",464,13124,3,"380-464131243","11/16/2023"
"14446","Ukraine","Soviet Union","BTR-70","captured","https://postimg.cc/hJBjtVt9","2023-11-16",464,13125,3,"380-464131253","11/16/2023"
"14447","Ukraine","Ukraine","BTR-70M","destroyed","https://i.postimg.cc/MGj5Kcdy/46.png","2023-11-16",78,13126,1,"380-78131261","11/16/2023"
"14448","Ukraine","Ukraine","BTR-70M","destroyed","https://postimg.cc/rdFL4FzN","2023-11-16",78,13127,1,"380-78131271","11/16/2023"
"14449","Ukraine","Ukraine","BTR-70M","destroyed","https://i.postimg.cc/mk6ZFJ85/226.png","2023-11-16",78,13128,1,"380-78131281","11/16/2023"
"14450","Ukraine","Ukraine","BTR-70M","destroyed","https://i.postimg.cc/1tzpDJ3J/2002-2x-btr70m-dam.png","2023-11-16",78,13129,1,"380-78131291","11/16/2023"
"14451","Ukraine","Ukraine","BTR-70M","abandoned","https://i.postimg.cc/RCWcTD3F/579.png","2023-11-16",78,13130,4,"380-78131304","11/16/2023"
"14452","Ukraine","Ukraine","BTR-70M","abandoned","https://i.postimg.cc/5tZ6BYgb/1003-t80bv-and-btr80-destr-24-01-23.jpg","2023-11-16",78,1427,4,"380-7814274","11/16/2023"
"14453","Ukraine","Ukraine","BTR-70M","captured","https://i.postimg.cc/SxZz4P7K/55700.png","2023-11-16",78,13131,3,"380-78131313","11/16/2023"
"14454","Ukraine","Ukraine","26 BTR-7","destroyed","https://i.postimg.cc/h4Ccv4sB/2022-04-03-UA-BTR-7-destroyed.jpg","2023-11-16",465,13132,1,"380-465131321","11/16/2023"
"14455","Ukraine","Ukraine","26 BTR-7","destroyed","https://i.postimg.cc/NFB6CFZj/6t.png","2023-11-16",465,13133,1,"380-465131331","11/16/2023"
"14456","Ukraine","Ukraine","26 BTR-7","destroyed","https://i.postimg.cc/7Y6wtfyS/2001-btr7-destr-05-03-23.jpg","2023-11-16",465,13134,1,"380-465131341","11/16/2023"
"14457","Ukraine","Ukraine","26 BTR-7","destroyed","https://i.postimg.cc/xdppgm3K/44389.png","2023-11-16",465,13135,1,"380-465131351","11/16/2023"
"14458","Ukraine","Ukraine","26 BTR-7","destroyed","https://i.postimg.cc/FsJZ542w/4t.png","2023-11-16",465,13136,1,"380-465131361","11/16/2023"
"14459","Ukraine","Ukraine","26 BTR-7","destroyed","https://i.postimg.cc/pdqgwP56/2300-btr70-destr-26-10-22.jpg","2023-11-16",465,13137,1,"380-465131371","11/16/2023"
"14460","Ukraine","Ukraine","26 BTR-7","captured","https://postimg.cc/JDT8Vg0d","2023-11-16",465,13138,3,"380-465131383","11/16/2023"
"14461","Ukraine","Ukraine","26 BTR-7","captured","https://postimg.cc/75mpKLY8","2023-11-16",465,13139,3,"380-465131393","11/16/2023"
"14462","Ukraine","Ukraine","26 BTR-7","captured","https://i.postimg.cc/PfM2xxRx/676.png","2023-11-16",465,13140,3,"380-465131403","11/16/2023"
"14463","Ukraine","Ukraine","26 BTR-7","captured","https://i.postimg.cc/DzXKks5m/5g.png","2023-11-16",465,13141,3,"380-465131413","11/16/2023"
"14464","Ukraine","Ukraine","26 BTR-7","captured","https://i.postimg.cc/fbXdcQ6X/2d5.png","2023-11-16",465,13142,3,"380-465131423","11/16/2023"
"14465","Ukraine","Ukraine","26 BTR-7","captured","https://i.postimg.cc/WbCRYs2v/48.png","2023-11-16",465,13143,3,"380-465131433","11/16/2023"
"14466","Ukraine","Ukraine","26 BTR-7","captured","https://i.postimg.cc/XN9Q63cW/558.png","2023-11-16",465,13144,3,"380-465131443","11/16/2023"
"14467","Ukraine","Ukraine","26 BTR-7","captured","https://i.postimg.cc/xTXzP42R/5427.png","2023-11-16",465,13145,3,"380-465131453","11/16/2023"
"14468","Ukraine","Ukraine","26 BTR-7","captured","https://i.postimg.cc/SxXFkBG3/31.png","2023-11-16",465,13146,3,"380-465131463","11/16/2023"
"14469","Ukraine","Ukraine","26 BTR-7","captured","https://i.postimg.cc/vBr82KhS/98.png","2023-11-16",465,13147,3,"380-465131473","11/16/2023"
"14470","Ukraine","Ukraine","26 BTR-7","captured","https://i.postimg.cc/668j9tjm/467k.png","2023-11-16",465,13148,3,"380-465131483","11/16/2023"
"14471","Ukraine","Ukraine","26 BTR-7","captured","https://i.postimg.cc/Qd7M04Zf/447.png","2023-11-16",465,13149,3,"380-465131493","11/16/2023"
"14472","Ukraine","Ukraine","26 BTR-7","captured","https://i.postimg.cc/DyqN5JnJ/3f67.png","2023-11-16",465,13150,3,"380-465131503","11/16/2023"
"14473","Ukraine","Soviet Union","109 BTR-80","destroyed","https://i.postimg.cc/Sj0VZnW6/446i.png","2023-11-16",466,13151,1,"380-466131511","11/16/2023"
"14474","Ukraine","Soviet Union","109 BTR-80","destroyed","https://postlmg.cc/sQ24ffs5","2023-11-16",466,13152,1,"380-466131521","11/16/2023"
"14475","Ukraine","Soviet Union","109 BTR-80","destroyed","https://i.postimg.cc/vBMkTPJC/j8.jpg","2023-11-16",466,13153,1,"380-466131531","11/16/2023"
"14476","Ukraine","Soviet Union","109 BTR-80","destroyed","https://i.postimg.cc/d1XF88Yp/1020-btr80-destr-03-12-22.jpg","2023-11-16",466,13154,1,"380-466131541","11/16/2023"
"14477","Ukraine","Soviet Union","109 BTR-80","destroyed","https://postlmg.cc/tnTFnzjw","2023-11-16",466,13155,1,"380-466131551","11/16/2023"
"14478","Ukraine","Soviet Union","109 BTR-80","destroyed","https://i.postimg.cc/GhVLfNJF/687.png","2023-11-16",466,13156,1,"380-466131561","11/16/2023"
"14479","Ukraine","Soviet Union","109 BTR-80","destroyed","https://i.postimg.cc/k5vgD9b4/33.png","2023-11-16",466,13157,1,"380-466131571","11/16/2023"
"14480","Ukraine","Soviet Union","109 BTR-80","destroyed","https://i.postimg.cc/kG3RCVp5/48.png","2023-11-16",466,13158,1,"380-466131581","11/16/2023"
"14481","Ukraine","Soviet Union","109 BTR-80","destroyed","https://i.postimg.cc/0jGsnKb4/547.png","2023-11-16",466,13159,1,"380-466131591","11/16/2023"
"14482","Ukraine","Soviet Union","109 BTR-80","destroyed","https://i.postimg.cc/CxPVHq9M/f11.jpg","2023-11-16",466,13160,1,"380-466131601","11/16/2023"
"14483","Ukraine","Soviet Union","109 BTR-80","destroyed","https://i.postimg.cc/251NH5fQ/f12.jpg","2023-11-16",466,13161,1,"380-466131611","11/16/2023"
"14484","Ukraine","Soviet Union","109 BTR-80","destroyed","https://i.postimg.cc/FKK9R9mv/4110.png","2023-11-16",466,13162,1,"380-466131621","11/16/2023"
"14485","Ukraine","Soviet Union","109 BTR-80","destroyed","https://i.postimg.cc/CLR2yQp3/f11.jpg","2023-11-16",466,13163,1,"380-466131631","11/16/2023"
"14486","Ukraine","Soviet Union","109 BTR-80","destroyed","https://i.postimg.cc/NGktnk4s/g5.png","2023-11-16",466,13164,1,"380-466131641","11/16/2023"
"14487","Ukraine","Soviet Union","109 BTR-80","destroyed","https://i.postimg.cc/SKnqdZ5Q/443.png","2023-11-16",466,13165,1,"380-466131651","11/16/2023"
"14488","Ukraine","Soviet Union","109 BTR-80","destroyed","https://twitter.com/UAWeapons/status/1548371030640447488","2023-11-16",466,13166,1,"380-466131661","11/16/2023"
"14489","Ukraine","Soviet Union","109 BTR-80","destroyed","https://i.postimg.cc/6q6Y0rMN/887.png","2023-11-16",466,13167,1,"380-466131671","11/16/2023"
"14490","Ukraine","Soviet Union","109 BTR-80","destroyed","https://i.postimg.cc/j27gb4GT/t1.png","2023-11-16",466,13168,1,"380-466131681","11/16/2023"
"14491","Ukraine","Soviet Union","109 BTR-80","destroyed","https://i.postimg.cc/L8hCTR8w/4f.png","2023-11-16",466,13169,1,"380-466131691","11/16/2023"
"14492","Ukraine","Soviet Union","109 BTR-80","destroyed","https://i.postimg.cc/904JMsrz/44f2.png","2023-11-16",466,13170,1,"380-466131701","11/16/2023"
"14493","Ukraine","Soviet Union","109 BTR-80","destroyed","https://i.postimg.cc/3RKnmnxC/2r.png","2023-11-16",466,13171,1,"380-466131711","11/16/2023"
"14494","Ukraine","Soviet Union","109 BTR-80","destroyed","https://i.postimg.cc/MH8wxk6b/4f3.png","2023-11-16",466,13172,1,"380-466131721","11/16/2023"
"14495","Ukraine","Soviet Union","109 BTR-80","destroyed","https://i.postimg.cc/4y7TzJ8g/4f6.png","2023-11-16",466,13173,1,"380-466131731","11/16/2023"
"14496","Ukraine","Soviet Union","109 BTR-80","destroyed","https://i.postimg.cc/3r4d2HGN/88k.png","2023-11-16",466,13174,1,"380-466131741","11/16/2023"
"14497","Ukraine","Soviet Union","109 BTR-80","destroyed","https://i.postimg.cc/SKsgk4GQ/2001-btre80.jpg","2023-11-16",466,13175,1,"380-466131751","11/16/2023"
"14498","Ukraine","Soviet Union","109 BTR-80","destroyed","https://postimg.cc/0zjqChqL","2023-11-16",466,13176,1,"380-466131761","11/16/2023"
"14499","Ukraine","Soviet Union","109 BTR-80","destroyed","https://postimg.cc/PP462MbZ","2023-11-16",466,13177,1,"380-466131771","11/16/2023"
"14500","Ukraine","Soviet Union","109 BTR-80","destroyed","https://postimg.cc/3WGVCpbC","2023-11-16",466,13178,1,"380-466131781","11/16/2023"
"14501","Ukraine","Soviet Union","109 BTR-80","destroyed","https://postimg.cc/cvxJGDGm","2023-11-16",466,13179,1,"380-466131791","11/16/2023"
"14502","Ukraine","Soviet Union","109 BTR-80","destroyed","https://i.postimg.cc/yx2Hz9jp/1006-btr80.jpg","2023-11-16",466,13180,1,"380-466131801","11/16/2023"
"14503","Ukraine","Soviet Union","109 BTR-80","destroyed","https://i.postimg.cc/cH46YBTm/2004-btr80-destr.jpg","2023-11-16",466,13181,1,"380-466131811","11/16/2023"
"14504","Ukraine","Soviet Union","109 BTR-80","destroyed","https://i.postimg.cc/0Nmz2Wgk/d2.png","2023-11-16",466,13182,1,"380-466131821","11/16/2023"
"14505","Ukraine","Soviet Union","109 BTR-80","destroyed","https://i.postimg.cc/fTmggWDx/587.png","2023-11-16",466,13183,1,"380-466131831","11/16/2023"
"14506","Ukraine","Soviet Union","109 BTR-80","destroyed","https://postimg.cc/6ycs37hD","2023-11-16",466,13184,1,"380-466131841","11/16/2023"
"14507","Ukraine","Soviet Union","109 BTR-80","destroyed","https://postimg.cc/hJdrQTcM","2023-11-16",466,13185,1,"380-466131851","11/16/2023"
"14508","Ukraine","Soviet Union","109 BTR-80","destroyed","https://i.postimg.cc/3R39pchL/2008-btr80-destr-5-10.jpg","2023-11-16",466,13186,1,"380-466131861","11/16/2023"
"14509","Ukraine","Soviet Union","109 BTR-80","destroyed","https://i.postimg.cc/3JMzcVWT/4373.png","2023-11-16",466,13187,1,"380-466131871","11/16/2023"
"14510","Ukraine","Soviet Union","109 BTR-80","destroyed","https://i.postimg.cc/B648FdxH/43f7.png","2023-11-16",466,13188,1,"380-466131881","11/16/2023"
"14511","Ukraine","Soviet Union","109 BTR-80","destroyed","https://i.postimg.cc/q7KJFjY5/5gp.png","2023-11-16",466,13189,1,"380-466131891","11/16/2023"
"14512","Ukraine","Soviet Union","109 BTR-80","destroyed","https://i.postimg.cc/5y8YPYzY/2097-BTR-80-destr-25-03-22.jpg","2023-11-16",466,13190,1,"380-466131901","11/16/2023"
"14513","Ukraine","Soviet Union","109 BTR-80","destroyed","https://postimg.cc/QHNy0yCG","2023-11-16",466,13191,1,"380-466131911","11/16/2023"
"14514","Ukraine","Soviet Union","109 BTR-80","destroyed","https://i.postimg.cc/ht2J3qXr/2099-BTR-80-destr-02-09-22.jpg","2023-11-16",466,13192,1,"380-466131921","11/16/2023"
"14515","Ukraine","Soviet Union","109 BTR-80","destroyed","https://i.postimg.cc/cHYsttSw/2003-2x-BTR-80-destr.jpg","2023-11-16",466,13193,1,"380-466131931","11/16/2023"
"14516","Ukraine","Soviet Union","109 BTR-80","destroyed","https://i.postimg.cc/cLHb76Lk/2026-btr80-destr-25-10-22.jpg","2023-11-16",466,13194,1,"380-466131941","11/16/2023"
"14517","Ukraine","Soviet Union","109 BTR-80","destroyed","https://i.postimg.cc/wjmcKb9z/1023-BTR-80-and-BMP-1-destr-08-01-23.jpg","2023-11-16",466,12533,1,"380-466125331","11/16/2023"
"14518","Ukraine","Soviet Union","109 BTR-80","destroyed","https://i.postimg.cc/xCjqktJS/2007-btr80-destr-12-01-23.jpg","2023-11-16",466,13195,1,"380-466131951","11/16/2023"
"14519","Ukraine","Soviet Union","109 BTR-80","destroyed","https://twitter.com/UAWeapons/status/1614009438842638352","2023-11-16",466,13196,1,"380-466131961","11/16/2023"
"14520","Ukraine","Soviet Union","109 BTR-80","destroyed","https://i.postimg.cc/ZRYxcNjW/1007-btr80-destr-14-01-23.jpg","2023-11-16",466,13197,1,"380-466131971","11/16/2023"
"14521","Ukraine","Soviet Union","109 BTR-80","destroyed","https://i.postimg.cc/Kj45tJpX/1000-btr80-destr-05-04-22.jpg","2023-11-16",466,13198,1,"380-466131981","11/16/2023"
"14522","Ukraine","Soviet Union","109 BTR-80","destroyed","https://twitter.com/UAWeapons/status/1628063681178177546","2023-11-16",466,12780,1,"380-466127801","11/16/2023"
"14523","Ukraine","Soviet Union","109 BTR-80","destroyed","https://i.postimg.cc/DyywVx1J/2006-btr80-destr-06-03-23.jpg","2023-11-16",466,13199,1,"380-466131991","11/16/2023"
"14524","Ukraine","Soviet Union","109 BTR-80","destroyed","https://i.postimg.cc/BvvPGyyT/2003-btr80-destr-31-03-23.jpg","2023-11-16",466,13200,1,"380-466132001","11/16/2023"
"14525","Ukraine","Soviet Union","109 BTR-80","destroyed","https://twitter.com/naalsio26/status/1643412060594663433","2023-11-16",466,13201,1,"380-466132011","11/16/2023"
"14526","Ukraine","Soviet Union","109 BTR-80","destroyed","https://i.postimg.cc/dQ8mgtMW/33216.png","2023-11-16",466,13202,1,"380-466132021","11/16/2023"
"14527","Ukraine","Soviet Union","109 BTR-80","destroyed","https://i.postimg.cc/g2Sm7kmK/2006-btr80-destr-07-05-23.jpg","2023-11-16",466,13203,1,"380-466132031","11/16/2023"
"14528","Ukraine","Soviet Union","109 BTR-80","destroyed","https://i.postimg.cc/wMcf80qF/2017-btr80-capt-07-06-23.jpg","2023-11-16",466,13204,1,"380-466132041","11/16/2023"
"14529","Ukraine","Soviet Union","109 BTR-80","destroyed","https://i.postimg.cc/hvzbrdTJ/1045-btr82a-destr-21-06-23.jpg","2023-11-16",466,13205,1,"380-466132051","11/16/2023"
"14530","Ukraine","Soviet Union","109 BTR-80","destroyed","https://i.postimg.cc/tCVJzVRy/2001-btr80-destr-30-11-22.jpg","2023-11-16",466,13206,1,"380-466132061","11/16/2023"
"14531","Ukraine","Soviet Union","109 BTR-80","destroyed","https://i.postimg.cc/dVFf8Kjp/2006-btr80-destr-18-07-23.jpg","2023-11-16",466,13207,1,"380-466132071","11/16/2023"
"14532","Ukraine","Soviet Union","109 BTR-80","destroyed","https://i.postimg.cc/qMx7Dx3g/2003-BTR-80-destr-20-07-23.jpg","2023-11-16",466,13208,1,"380-466132081","11/16/2023"
"14533","Ukraine","Soviet Union","109 BTR-80","destroyed","https://i.postimg.cc/025LhwHc/2002-sisu-and-btr80-destr-24-07-23.jpg","2023-11-16",466,13209,1,"380-466132091","11/16/2023"
"14534","Ukraine","Soviet Union","109 BTR-80","destroyed","https://i.postimg.cc/FFM474zk/2013-BTR-80-destr-24-07-23.jpg","2023-11-16",466,13210,1,"380-466132101","11/16/2023"
"14535","Ukraine","Soviet Union","109 BTR-80","destroyed","https://i.postimg.cc/XNsDL2Wt/14.png","2023-11-16",466,13211,1,"380-466132111","11/16/2023"
"14536","Ukraine","Soviet Union","109 BTR-80","destroyed","https://i.postimg.cc/FHY9wL0x/2003-BTR-80-destr-05-10-23.jpg","2023-11-16",466,13212,1,"380-466132121","11/16/2023"
"14537","Ukraine","Soviet Union","109 BTR-80","destroyed","https://i.postimg.cc/sgYR8hrz/2010-BTR-80-destr-26-10-23.jpg","2023-11-16",466,13213,1,"380-466132131","11/16/2023"
"14538","Ukraine","Soviet Union","109 BTR-80","damaged","https://postimg.cc/67NyqCSj","2023-11-16",466,13214,2,"380-466132142","11/16/2023"
"14539","Ukraine","Soviet Union","109 BTR-80","damaged","https://i.postimg.cc/pXHTB6yg/2011-BTR-80-dam-19-07-23.jpg","2023-11-16",466,13215,2,"380-466132152","11/16/2023"
"14540","Ukraine","Soviet Union","109 BTR-80","damaged","https://i.postimg.cc/DwCc5jVn/5558.png","2023-11-16",466,13216,2,"380-466132162","11/16/2023"
"14541","Ukraine","Soviet Union","109 BTR-80","abandoned","https://i.postimg.cc/DwCc5jVn/5558.png","2023-11-16",466,13216,4,"380-466132164","11/16/2023"
"14542","Ukraine","Soviet Union","109 BTR-80","damaged","https://postimg.cc/NK7P45WT","2023-11-16",466,13217,2,"380-466132172","11/16/2023"
"14543","Ukraine","Soviet Union","109 BTR-80","captured","https://postimg.cc/NK7P45WT","2023-11-16",466,13217,3,"380-466132173","11/16/2023"
"14544","Ukraine","Soviet Union","109 BTR-80","captured","https://i.postimg.cc/8P16SJKk/53g.png","2023-11-16",466,13218,3,"380-466132183","11/16/2023"
"14545","Ukraine","Soviet Union","109 BTR-80","damaged","https://postimg.cc/YhJxSHh3","2023-11-16",466,13219,2,"380-466132192","11/16/2023"
"14546","Ukraine","Soviet Union","109 BTR-80","captured","https://postimg.cc/YhJxSHh3","2023-11-16",466,13219,3,"380-466132193","11/16/2023"
"14547","Ukraine","Soviet Union","109 BTR-80","captured","https://i.postimg.cc/90DnYM8h/3315.png","2023-11-16",466,13220,3,"380-466132203","11/16/2023"
"14548","Ukraine","Soviet Union","109 BTR-80","captured","https://i.postimg.cc/xd4xBGTy/431d.png","2023-11-16",466,13221,3,"380-466132213","11/16/2023"
"14549","Ukraine","Soviet Union","109 BTR-80","captured","https://i.postimg.cc/HkHy452z/65.png","2023-11-16",466,13222,3,"380-466132223","11/16/2023"
"14550","Ukraine","Soviet Union","109 BTR-80","captured","https://i.postimg.cc/x1Fc9pdP/c1.png","2023-11-16",466,13223,3,"380-466132233","11/16/2023"
"14551","Ukraine","Soviet Union","109 BTR-80","captured","https://i.postimg.cc/XqT3ctMG/332.png","2023-11-16",466,13224,3,"380-466132243","11/16/2023"
"14552","Ukraine","Soviet Union","109 BTR-80","captured","https://i.postimg.cc/bN7VppHS/d332.png","2023-11-16",466,13225,3,"380-466132253","11/16/2023"
"14553","Ukraine","Soviet Union","109 BTR-80","captured","https://i.postimg.cc/dQSWMY46/b2.png","2023-11-16",466,13226,3,"380-466132263","11/16/2023"
"14554","Ukraine","Soviet Union","109 BTR-80","captured","https://i.postimg.cc/k5LtNkxW/286.png","2023-11-16",466,13227,3,"380-466132273","11/16/2023"
"14555","Ukraine","Soviet Union","109 BTR-80","captured","https://i.postimg.cc/kgcc9QGw/2d.png","2023-11-16",466,13228,3,"380-466132283","11/16/2023"
"14556","Ukraine","Soviet Union","109 BTR-80","captured","https://i.postimg.cc/TPTZNqg8/438.png","2023-11-16",466,13229,3,"380-466132293","11/16/2023"
"14557","Ukraine","Soviet Union","109 BTR-80","captured","https://i.postimg.cc/bJmW28jm/336.png","2023-11-16",466,13230,3,"380-466132303","11/16/2023"
"14558","Ukraine","Soviet Union","109 BTR-80","captured","https://i.postimg.cc/vH3gZYdn/3e.png","2023-11-16",466,13231,3,"380-466132313","11/16/2023"
"14559","Ukraine","Soviet Union","109 BTR-80","captured","https://i.postimg.cc/MKPmRw6L/443333.png","2023-11-16",466,13232,3,"380-466132323","11/16/2023"
"14560","Ukraine","Soviet Union","109 BTR-80","captured","https://i.postimg.cc/m2wPCdGj/f5.png","2023-11-16",466,13233,3,"380-466132333","11/16/2023"
"14561","Ukraine","Soviet Union","109 BTR-80","captured","https://i.postimg.cc/vmfmGWrJ/f433.png","2023-11-16",466,13234,3,"380-466132343","11/16/2023"
"14562","Ukraine","Soviet Union","109 BTR-80","captured","https://i.postimg.cc/KjqNr910/399.png","2023-11-16",466,13235,3,"380-466132353","11/16/2023"
"14563","Ukraine","Soviet Union","109 BTR-80","captured","https://i.postimg.cc/tT1FPh0j/456.png","2023-11-16",466,13236,3,"380-466132363","11/16/2023"
"14564","Ukraine","Soviet Union","109 BTR-80","captured","https://i.postimg.cc/0jQF7XkN/87.png","2023-11-16",466,13237,3,"380-466132373","11/16/2023"
"14565","Ukraine","Soviet Union","109 BTR-80","captured","https://i.postimg.cc/KvBwK1YD/18.png","2023-11-16",466,13238,3,"380-466132383","11/16/2023"
"14566","Ukraine","Soviet Union","109 BTR-80","captured","https://i.postimg.cc/MHmNcy9d/fg.png","2023-11-16",466,13239,3,"380-466132393","11/16/2023"
"14567","Ukraine","Soviet Union","109 BTR-80","captured","https://postimg.cc/fJ887NFP","2023-11-16",466,13240,3,"380-466132403","11/16/2023"
"14568","Ukraine","Soviet Union","109 BTR-80","captured","https://postimg.cc/0MfPyF4s","2023-11-16",466,13241,3,"380-466132413","11/16/2023"
"14569","Ukraine","Soviet Union","109 BTR-80","captured","https://postimg.cc/WhxgRGWs","2023-11-16",466,13242,3,"380-466132423","11/16/2023"
"14570","Ukraine","Soviet Union","109 BTR-80","captured","https://i.postimg.cc/wBbm3dHv/2095-BTR-80-capt-15-03-22.jpg","2023-11-16",466,13243,3,"380-466132433","11/16/2023"
"14571","Ukraine","Soviet Union","109 BTR-80","captured","https://i.postimg.cc/j5wJ7kdh/2096-BTR-80-capt-02-06-22.jpg","2023-11-16",466,13244,3,"380-466132443","11/16/2023"
"14572","Ukraine","Soviet Union","109 BTR-80","captured","https://i.postimg.cc/rsbFgL7w/2016-btr80-capt-21-05-22.jpg","2023-11-16",466,13245,3,"380-466132453","11/16/2023"
"14573","Ukraine","Soviet Union","109 BTR-80","captured","https://i.postimg.cc/BvXQ6Ww1/2032-BTR-80-capt-30-11-22.jpg","2023-11-16",466,13246,3,"380-466132463","11/16/2023"
"14574","Ukraine","Soviet Union","109 BTR-80","captured","https://i.postimg.cc/HnrNbgLK/653.png","2023-11-16",466,13247,3,"380-466132473","11/16/2023"
"14575","Ukraine","Ukraine","BTR-80M","captured","https://i.postimg.cc/HsvH2cmD/3322.png","2023-11-16",467,13248,3,"380-467132483","11/16/2023"
"14576","Ukraine","Ukraine","BTR-80M","captured","https://i.postimg.cc/43N0bh7c/47.png","2023-11-16",467,13249,3,"380-467132493","11/16/2023"
"14577","Ukraine","Soviet Union","BTR-D","destroyed","https://i.postimg.cc/vHjxVmkb/688.png","2023-11-16",83,13250,1,"380-83132501","11/16/2023"
"14578","Ukraine","Soviet Union","BTR-D","captured","https://i.postimg.cc/1zMSVqKB/46l.png","2023-11-16",83,13251,3,"380-83132513","11/16/2023"
"14579","Ukraine","Soviet Union","GT-MU AFV converted to APC","captured","https://i.postimg.cc/v8C92pwN/4711.png","2023-11-16",468,13252,3,"380-468132523","11/16/2023"
"14580","Ukraine","Ukraine","Unknown BTR","destroyed","https://i.postimg.cc/mkDR4c81/v2.jpg","2023-11-16",469,13253,1,"380-469132531","11/16/2023"
"14581","Ukraine","Ukraine","Unknown BTR","destroyed","https://i.postimg.cc/MThNckLh/2002.jpg","2023-11-16",469,13254,1,"380-469132541","11/16/2023"
"14582","Ukraine","Ukraine","Unknown BTR","destroyed","https://i.postimg.cc/brJg9zn3/4443.png","2023-11-16",469,13255,1,"380-469132551","11/16/2023"
"14583","Ukraine","Ukraine","Unknown BTR","abandoned","https://i.postimg.cc/524HCBT8/b1.png","2023-11-16",469,13256,4,"380-469132564","11/16/2023"
"14584","Ukraine","Netherlands","YPR-765","destroyed","https://i.postimg.cc/yxn5Khd3/66531.jpg","2023-11-16",470,13257,1,"380-470132571","11/16/2023"
"14585","Ukraine","Netherlands","YPR-765","destroyed","https://twitter.com/UAWeapons/status/1569061435833044992","2023-11-16",470,12447,1,"380-470124471","11/16/2023"
"14586","Ukraine","Netherlands","YPR-765","destroyed","https://twitter.com/UAWeapons/status/1571108754393042947","2023-11-16",470,12296,1,"380-470122961","11/16/2023"
"14587","Ukraine","Netherlands","YPR-765","destroyed","https://i.postimg.cc/y656j2Kk/2004-YPR.jpg","2023-11-16",470,13258,1,"380-470132581","11/16/2023"
"14588","Ukraine","Netherlands","YPR-765","destroyed","https://postlmg.cc/hfVPjV4D","2023-11-16",470,13259,1,"380-470132591","11/16/2023"
"14589","Ukraine","Netherlands","YPR-765","destroyed","https://i.postimg.cc/W1bfhQSP/2007-ypr-destr.jpg","2023-11-16",470,13260,1,"380-470132601","11/16/2023"
"14590","Ukraine","Netherlands","YPR-765","destroyed","https://postimg.cc/Lqn563kQ","2023-11-16",470,13261,1,"380-470132611","11/16/2023"
"14591","Ukraine","Netherlands","YPR-765","destroyed","https://i.postimg.cc/RC7hFcHy/v5.png","2023-11-16",470,13262,1,"380-470132621","11/16/2023"
"14592","Ukraine","Netherlands","YPR-765","destroyed","https://i.postimg.cc/wT2zX1qj/2003-ypr-destr-10-06-23.jpg","2023-11-16",470,13263,1,"380-470132631","11/16/2023"
"14593","Ukraine","Netherlands","YPR-765","destroyed","https://i.postimg.cc/Kzs1Nxxp/YPR-765-destroyed.png","2023-11-16",470,13264,1,"380-470132641","11/16/2023"
"14594","Ukraine","Netherlands","YPR-765","destroyed","https://i.postimg.cc/j5LVjsLB/5t.png","2023-11-16",470,13265,1,"380-470132651","11/16/2023"
"14595","Ukraine","Netherlands","YPR-765","destroyed","https://i.postimg.cc/fRrdX9r6/2012-ypr-destr-20-02-23.jpg","2023-11-16",470,13266,1,"380-470132661","11/16/2023"
"14596","Ukraine","Netherlands","YPR-765","destroyed","https://twitter.com/UAWeapons/status/1636695963124334592","2023-11-16",470,13267,1,"380-470132671","11/16/2023"
"14597","Ukraine","Netherlands","YPR-765","destroyed","https://twitter.com/UAWeapons/status/1637453438588944387","2023-11-16",470,13268,1,"380-470132681","11/16/2023"
"14598","Ukraine","Netherlands","YPR-765","destroyed","https://twitter.com/UAWeapons/status/1642945081509306371","2023-11-16",470,13269,1,"380-470132691","11/16/2023"
"14599","Ukraine","Netherlands","YPR-765","destroyed","https://i.postimg.cc/gJ3q1MZD/80.png","2023-11-16",470,13270,1,"380-470132701","11/16/2023"
"14600","Ukraine","Netherlands","YPR-765","destroyed","https://i.postimg.cc/TYLP1pWL/2024-ypr-destr-28-04-23.jpg","2023-11-16",470,13271,1,"380-470132711","11/16/2023"
"14601","Ukraine","Netherlands","YPR-765","destroyed","https://i.postimg.cc/nLSzzpBx/2004-ypr765-destr-01-05-23.jpg","2023-11-16",470,13272,1,"380-470132721","11/16/2023"
"14602","Ukraine","Netherlands","YPR-765","destroyed","https://i.postimg.cc/CL9CH8SZ/2044-ypr-destr-18-05-23.jpg","2023-11-16",470,13273,1,"380-470132731","11/16/2023"
"14603","Ukraine","Netherlands","YPR-765","destroyed","https://i.postimg.cc/N0KH2N5p/2004-YPR-765-destr-15-05-23.jpg","2023-11-16",470,13274,1,"380-470132741","11/16/2023"
"14604","Ukraine","Netherlands","YPR-765","destroyed","https://i.postimg.cc/fTHtgp4T/2002-ypr765-destr-10-10-23.jpg","2023-11-16",470,13275,1,"380-470132751","11/16/2023"
"14605","Ukraine","Netherlands","YPR-765","destroyed","https://i.postimg.cc/RV9JjsPm/2005-YPR-765-destr-05-07-23.jpg","2023-11-16",470,13276,1,"380-470132761","11/16/2023"
"14606","Ukraine","Netherlands","YPR-765","destroyed","https://i.postimg.cc/mkQrsQpX/2044-ypr-destr-22-07-23.jpg","2023-11-16",470,13277,1,"380-470132771","11/16/2023"
"14607","Ukraine","Netherlands","YPR-765","destroyed","https://i.postimg.cc/0NLpp7Mv/2004-ypr-destr-06-08-23.jpg","2023-11-16",470,13278,1,"380-470132781","11/16/2023"
"14608","Ukraine","Netherlands","YPR-765","destroyed","https://i.postimg.cc/wBTbGcPk/2002-m113-destr-17-07-23.jpg","2023-11-16",470,13279,1,"380-470132791","11/16/2023"
"14609","Ukraine","Netherlands","YPR-765","destroyed","https://i.postimg.cc/pdW00ZjV/2023-YPR-765-destr-11-08-23.jpg","2023-11-16",470,13280,1,"380-470132801","11/16/2023"
"14610","Ukraine","Netherlands","YPR-765","destroyed","https://i.postimg.cc/8PzCmDDK/2019-YPR-765-destr-15-03-23.jpg","2023-11-16",470,13281,1,"380-470132811","11/16/2023"
"14611","Ukraine","Netherlands","YPR-765","destroyed","https://i.postimg.cc/fbbvVstL/328.png","2023-11-16",470,13282,1,"380-470132821","11/16/2023"
"14612","Ukraine","Netherlands","YPR-765","destroyed","https://i.postimg.cc/P5SWs73k/38.png","2023-11-16",470,13283,1,"380-470132831","11/16/2023"
"14613","Ukraine","Netherlands","YPR-765","destroyed","https://i.postimg.cc/fyMybzyq/766.png","2023-11-16",470,13284,1,"380-470132841","11/16/2023"
"14614","Ukraine","Netherlands","YPR-765","destroyed","https://i.postimg.cc/Hk88mVqv/4367.png","2023-11-16",470,13285,1,"380-470132851","11/16/2023"
"14615","Ukraine","Netherlands","YPR-765","destroyed","https://i.postimg.cc/DfW4d6hD/4360.png","2023-11-16",470,13286,1,"380-470132861","11/16/2023"
"14616","Ukraine","Netherlands","YPR-765","destroyed","https://i.postimg.cc/NfwqG7CH/2010-YPR-765-destr-24-09-23.jpg","2023-11-16",470,13287,1,"380-470132871","11/16/2023"
"14617","Ukraine","Netherlands","YPR-765","damaged","https://twitter.com/UAWeapons/status/1566398729208340480","2023-11-16",470,13288,2,"380-470132882","11/16/2023"
"14618","Ukraine","Netherlands","YPR-765","damaged","https://twitter.com/UAWeapons/status/1570133414971408385","2023-11-16",470,13289,2,"380-470132892","11/16/2023"
"14619","Ukraine","Netherlands","YPR-765","damaged","https://twitter.com/UAWeapons/status/1574382524964421638","2023-11-16",470,12709,2,"380-470127092","11/16/2023"
"14620","Ukraine","Netherlands","YPR-765","damaged","https://i.postimg.cc/L5Nj3XB8/2012-YPR-765-dam-05-04-23.jpg","2023-11-16",470,13290,2,"380-470132902","11/16/2023"
"14621","Ukraine","Netherlands","YPR-765","damaged","https://i.postimg.cc/BvkXf24q/2022-ypr-dam-31-05-23.jpg","2023-11-16",470,13291,2,"380-470132912","11/16/2023"
"14622","Ukraine","Netherlands","YPR-765","damaged","https://i.postimg.cc/FRfSFPzw/2004-ypr-destr.jpg","2023-11-16",470,13292,2,"380-470132922","11/16/2023"
"14623","Ukraine","Netherlands","YPR-765","damaged","https://i.postimg.cc/7h0bY6WW/2011-ypr-dam-23-06-23.jpg","2023-11-16",470,13293,2,"380-470132932","11/16/2023"
"14624","Ukraine","Netherlands","YPR-765","abandoned","https://twitter.com/UAWeapons/status/1576654743560388608","2023-11-16",470,11854,4,"380-470118544","11/16/2023"
"14625","Ukraine","Netherlands","YPR-765","abandoned","https://twitter.com/UAWeapons/status/1637453438588944387","2023-11-16",470,13268,4,"380-470132684","11/16/2023"
"14626","Ukraine","Netherlands","YPR-765","abandoned","https://twitter.com/UAWeapons/status/1653828968628224000","2023-11-16",470,11599,4,"380-470115994","11/16/2023"
"14627","Ukraine","Netherlands","YPR-765","damaged","https://i.postimg.cc/MHdVRZmM/ff3f.png","2023-11-16",470,13294,2,"380-470132942","11/16/2023"
"14628","Ukraine","Netherlands","YPR-765","abandoned","https://i.postimg.cc/MHdVRZmM/ff3f.png","2023-11-16",470,13294,4,"380-470132944","11/16/2023"
"14629","Ukraine","Netherlands","YPR-765","damaged","https://i.postimg.cc/4x0CQ5wN/2025-ypr-dam-aband-10-07-23.jpg","2023-11-16",470,13295,2,"380-470132952","11/16/2023"
"14630","Ukraine","Netherlands","YPR-765","abandoned","https://i.postimg.cc/4x0CQ5wN/2025-ypr-dam-aband-10-07-23.jpg","2023-11-16",470,13295,4,"380-470132954","11/16/2023"
"14631","Ukraine","Netherlands","YPR-765","abandoned","https://i.postimg.cc/fbMt8YY5/2002-ypr-aband-10-07-23.jpg","2023-11-16",470,13296,4,"380-470132964","11/16/2023"
"14632","Ukraine","Netherlands","YPR-765","damaged","https://i.postimg.cc/59qJbRFc/426.png","2023-11-16",470,13297,2,"380-470132972","11/16/2023"
"14633","Ukraine","Netherlands","YPR-765","abandoned","https://i.postimg.cc/59qJbRFc/426.png","2023-11-16",470,13297,4,"380-470132974","11/16/2023"
"14634","Ukraine","Netherlands","YPR-765","damaged","https://i.postimg.cc/MHLmR61X/2001-BTR4-destr-m113-ypr-and-leo2a4-dam-aband-01-11-23.jpg","2023-11-16",470,12005,2,"380-470120052","11/16/2023"
"14635","Ukraine","Netherlands","YPR-765","abandoned","https://i.postimg.cc/MHLmR61X/2001-BTR4-destr-m113-ypr-and-leo2a4-dam-aband-01-11-23.jpg","2023-11-16",470,12005,4,"380-470120054","11/16/2023"
"14636","Ukraine","Netherlands","YPR-765","captured","https://twitter.com/UAWeapons/status/1565775815102840832","2023-11-16",470,13298,3,"380-470132983","11/16/2023"
"14637","Ukraine","Netherlands","YPR-765","captured","https://twitter.com/UAWeapons/status/1598719128763760644","2023-11-16",470,13299,3,"380-470132993","11/16/2023"
"14638","Ukraine","Netherlands","YPR-765","captured","https://i.postimg.cc/W17wCJW7/2006-ypr765-capt-31-05-23.jpg","2023-11-16",470,13300,3,"380-470133003","11/16/2023"
"14639","Ukraine","United States","64 M113","destroyed","https://twitter.com/UAWeapons/status/1567167584327327745","2023-11-16",471,13301,1,"380-471133011","11/16/2023"
"14640","Ukraine","United States","64 M113","destroyed","https://i.postimg.cc/76Tgf7Jt/2003-M113-A3.jpg","2023-11-16",471,13302,1,"380-471133021","11/16/2023"
"14641","Ukraine","United States","64 M113","destroyed","https://twitter.com/UAWeapons/status/1575457247873929218","2023-11-16",471,13303,1,"380-471133031","11/16/2023"
"14642","Ukraine","United States","64 M113","destroyed","https://twitter.com/UAWeapons/status/1576654734726864896","2023-11-16",471,11471,1,"380-471114711","11/16/2023"
"14643","Ukraine","United States","64 M113","destroyed","https://i.postimg.cc/CLMNDV76/2022-10-03-M113-A3.jpg","2023-11-16",471,13304,1,"380-471133041","11/16/2023"
"14644","Ukraine","United States","64 M113","destroyed","https://i.postimg.cc/Tw7ykYVh/2000-m113-destr.jpg","2023-11-16",471,13305,1,"380-471133051","11/16/2023"
"14645","Ukraine","United States","64 M113","destroyed","https://i.postimg.cc/c4KyK3tt/53.png","2023-11-16",471,13306,1,"380-471133061","11/16/2023"
"14646","Ukraine","United States","64 M113","destroyed","https://i.postimg.cc/x1MYMc2M/65k.png","2023-11-16",471,13307,1,"380-471133071","11/16/2023"
"14647","Ukraine","United States","64 M113","destroyed","https://twitter.com/UAWeapons/status/1599487089657016320","2023-11-16",471,13308,1,"380-471133081","11/16/2023"
"14648","Ukraine","United States","64 M113","destroyed","https://twitter.com/UAWeapons/status/1633907235028910081","2023-11-16",471,13309,1,"380-471133091","11/16/2023"
"14649","Ukraine","United States","64 M113","destroyed","https://i.postimg.cc/L8kL77hW/2001-m113-destr-28-02-23.jpg","2023-11-16",471,13310,1,"380-471133101","11/16/2023"
"14650","Ukraine","United States","64 M113","destroyed","https://i.postimg.cc/Y0w0hkvZ/2013-m113-destr-16-06-23.jpg","2023-11-16",471,13311,1,"380-471133111","11/16/2023"
"14651","Ukraine","United States","64 M113","destroyed","https://i.postimg.cc/MK9fJXpX/8755.png","2023-11-16",471,13312,1,"380-471133121","11/16/2023"
"14652","Ukraine","United States","64 M113","destroyed","https://i.postimg.cc/Dwht3JfJ/465.png","2023-11-16",471,13313,1,"380-471133131","11/16/2023"
"14653","Ukraine","United States","64 M113","destroyed","https://i.postimg.cc/jdnFQJtQ/5h.png","2023-11-16",471,13314,1,"380-471133141","11/16/2023"
"14654","Ukraine","United States","64 M113","destroyed","https://twitter.com/UAWeapons/status/1649418201405505544","2023-11-16",471,13315,1,"380-471133151","11/16/2023"
"14655","Ukraine","United States","64 M113","destroyed","https://i.postimg.cc/25fyPryq/2008-M113-A3-destr-23-04-23.jpg","2023-11-16",471,13316,1,"380-471133161","11/16/2023"
"14656","Ukraine","United States","64 M113","destroyed","https://i.postimg.cc/nhQk6k0Y/2007-m113-apc-destr-16-05-23.jpg","2023-11-16",471,13317,1,"380-471133171","11/16/2023"
"14657","Ukraine","United States","64 M113","destroyed","https://i.postimg.cc/Gtx8nV5h/2003-M113-A3-destr-15-05-23.jpg","2023-11-16",471,13318,1,"380-471133181","11/16/2023"
"14658","Ukraine","United States","64 M113","destroyed","https://i.postimg.cc/T29j67Mv/2011-m113-destr-29-05-23.jpg","2023-11-16",471,13319,1,"380-471133191","11/16/2023"
"14659","Ukraine","United States","64 M113","destroyed","https://i.postimg.cc/gJqBxLsG/2021-M113-A3-destr-25-05-23.jpg","2023-11-16",471,13320,1,"380-471133201","11/16/2023"
"14660","Ukraine","United States","64 M113","destroyed","https://i.postimg.cc/Yqr8LNqK/2038-m113-destr-08-06-23.jpg","2023-11-16",471,13321,1,"380-471133211","11/16/2023"
"14661","Ukraine","United States","64 M113","destroyed","https://i.postimg.cc/d08Jb571/2012-m113-destr-11-06-23.jpg","2023-11-16",471,13322,1,"380-471133221","11/16/2023"
"14662","Ukraine","United States","64 M113","destroyed","https://i.postimg.cc/Y2N4MGPX/2035-m113-destr-30-06-23.jpg","2023-11-16",471,13323,1,"380-471133231","11/16/2023"
"14663","Ukraine","United States","64 M113","destroyed","https://twitter.com/UAWeapons/status/1677957933441642497","2023-11-16",471,11828,1,"380-471118281","11/16/2023"
"14664","Ukraine","United States","64 M113","destroyed","https://i.postimg.cc/NGnXQ9wf/2006-M113-A3-destr-12-07-23.jpg","2023-11-16",471,13324,1,"380-471133241","11/16/2023"
"14665","Ukraine","United States","64 M113","destroyed","https://i.postimg.cc/SQLWM2y0/2012-m113-destr-05-08-23.jpg","2023-11-16",471,13325,1,"380-471133251","11/16/2023"
"14666","Ukraine","United States","64 M113","destroyed","https://i.postimg.cc/q7dQtxwX/2012-m113-destr-19-07-23.jpg","2023-11-16",471,13326,1,"380-471133261","11/16/2023"
"14667","Ukraine","United States","64 M113","destroyed","https://i.postimg.cc/mgdgBZVs/2033-M113-A3-destr-31-05-23.jpg","2023-11-16",471,13327,1,"380-471133271","11/16/2023"
"14668","Ukraine","United States","64 M113","destroyed","https://i.postimg.cc/ZqXC422M/2015-m113-destr-26-07-23.jpg","2023-11-16",471,13328,1,"380-471133281","11/16/2023"
"14669","Ukraine","United States","64 M113","destroyed","https://i.postimg.cc/9QPJcx49/2001-m113-destr-01-08-23.jpg","2023-11-16",471,13329,1,"380-471133291","11/16/2023"
"14670","Ukraine","United States","64 M113","destroyed","https://i.postimg.cc/kgfLrHnR/2020-M113-A3-dam-aband-13-07-23.jpg","2023-11-16",471,13330,1,"380-471133301","11/16/2023"
"14671","Ukraine","United States","64 M113","destroyed","https://i.postimg.cc/k4LRK7pM/2000-M113-A3-destr-31-07-23.jpg","2023-11-16",471,13331,1,"380-471133311","11/16/2023"
"14672","Ukraine","United States","64 M113","destroyed","https://i.postimg.cc/Kz1g11Qs/2014-113-destr-04-08-23.jpg","2023-11-16",471,13332,1,"380-471133321","11/16/2023"
"14673","Ukraine","United States","64 M113","destroyed","https://i.postimg.cc/8CFRJZCw/2002-m113-destr-07-06-23.jpg","2023-11-16",471,13333,1,"380-471133331","11/16/2023"
"14674","Ukraine","United States","64 M113","destroyed","https://i.postimg.cc/bvmm4t0x/2016-m113-destr-15-08-23.jpg","2023-11-16",471,13334,1,"380-471133341","11/16/2023"
"14675","Ukraine","United States","64 M113","destroyed","https://i.postimg.cc/4N5rFw6y/4470.png","2023-11-16",471,13335,1,"380-471133351","11/16/2023"
"14676","Ukraine","United States","64 M113","destroyed","https://i.postimg.cc/4yL471Dr/337.png","2023-11-16",471,13336,1,"380-471133361","11/16/2023"
"14677","Ukraine","United States","64 M113","destroyed","https://i.postimg.cc/NF8FHnWJ/256.png","2023-11-16",471,13337,1,"380-471133371","11/16/2023"
"14678","Ukraine","United States","64 M113","destroyed","https://i.postimg.cc/hGnKP0rh/2000-113-dam-27-10-23.jpg","2023-11-16",471,13338,1,"380-471133381","11/16/2023"
"14679","Ukraine","United States","64 M113","destroyed","https://i.postimg.cc/fWYWjS5J/2006-M113-A3-destr-29-10-23.jpg","2023-11-16",471,13339,1,"380-471133391","11/16/2023"
"14680","Ukraine","United States","64 M113","destroyed","https://i.postimg.cc/LsChx6kY/2014-m113-destr-11-11-23.jpg","2023-11-16",471,13340,1,"380-471133401","11/16/2023"
"14681","Ukraine","United States","64 M113","damaged","https://i.postimg.cc/HsL7QfBd/4314.png","2023-11-16",471,13341,2,"380-471133412","11/16/2023"
"14682","Ukraine","United States","64 M113","damaged","https://i.postimg.cc/y888JRPB/2009-m113-dam-29-03-23.jpg","2023-11-16",471,13342,2,"380-471133422","11/16/2023"
"14683","Ukraine","United States","64 M113","damaged","https://i.postimg.cc/bvRQMfk2/2032-m113-dam-03-05-23.jpg","2023-11-16",471,13343,2,"380-471133432","11/16/2023"
"14684","Ukraine","United States","64 M113","damaged","https://i.postimg.cc/8PY4K3Bz/2008-m113-apc-dam-16-05-23.jpg","2023-11-16",471,13344,2,"380-471133442","11/16/2023"
"14685","Ukraine","United States","64 M113","damaged","https://i.postimg.cc/c45ktSRt/2000-M113-dam-01-06-23.jpg","2023-11-16",471,13345,2,"380-471133452","11/16/2023"
"14686","Ukraine","United States","64 M113","damaged","https://i.postimg.cc/htvWmwL5/2022-2x-m113-1x-destr-1x-dam-10-07-23.jpg","2023-11-16",471,13346,2,"380-471133462","11/16/2023"
"14687","Ukraine","United States","64 M113","damaged","https://i.postimg.cc/y8JY2PD0/2011-M113-A3-dam-29-07-23.jpg","2023-11-16",471,13347,2,"380-471133472","11/16/2023"
"14688","Ukraine","United States","64 M113","damaged","https://twitter.com/UAWeapons/status/1581277782163668992","2023-11-16",471,13348,2,"380-471133482","11/16/2023"
"14689","Ukraine","United States","64 M113","abandoned","https://twitter.com/UAWeapons/status/1581277782163668992","2023-11-16",471,13348,4,"380-471133484","11/16/2023"
"14690","Ukraine","United States","64 M113","damaged","https://i.postimg.cc/Gm0WBbtH/2023-m113-dam-aband-02-02-23.jpg","2023-11-16",471,13349,2,"380-471133492","11/16/2023"
"14691","Ukraine","United States","64 M113","abandoned","https://i.postimg.cc/Gm0WBbtH/2023-m113-dam-aband-02-02-23.jpg","2023-11-16",471,13349,4,"380-471133494","11/16/2023"
"14692","Ukraine","United States","64 M113","damaged","https://i.postimg.cc/W3WkFtF8/2005-M113-A3-dam-aband-12-07-23.jpg","2023-11-16",471,13350,2,"380-471133502","11/16/2023"
"14693","Ukraine","United States","64 M113","abandoned","https://i.postimg.cc/W3WkFtF8/2005-M113-A3-dam-aband-12-07-23.jpg","2023-11-16",471,13350,4,"380-471133504","11/16/2023"
"14694","Ukraine","United States","64 M113","abandoned","https://i.postimg.cc/X79T6mrJ/224.png","2023-11-16",471,13351,4,"380-471133514","11/16/2023"
"14695","Ukraine","United States","64 M113","abandoned","https://i.postimg.cc/8kFsM9j7/2007-M113-A3-aband-02-09-23.jpg","2023-11-16",471,13352,4,"380-471133524","11/16/2023"
"14696","Ukraine","United States","64 M113","abandoned","https://i.postimg.cc/bN8zMDNZ/2002-M113-A3-aband-08-10-23.jpg","2023-11-16",471,13353,4,"380-471133534","11/16/2023"
"14697","Ukraine","United States","64 M113","damaged","https://i.postimg.cc/MHLmR61X/2001-BTR4-destr-m113-ypr-and-leo2a4-dam-aband-01-11-23.jpg","2023-11-16",471,12005,2,"380-471120052","11/16/2023"
"14698","Ukraine","United States","64 M113","abandoned","https://i.postimg.cc/MHLmR61X/2001-BTR4-destr-m113-ypr-and-leo2a4-dam-aband-01-11-23.jpg","2023-11-16",471,12005,4,"380-471120054","11/16/2023"
"14699","Ukraine","United States","64 M113","captured","https://twitter.com/UAWeapons/status/1581002280522121216","2023-11-16",471,13354,3,"380-471133543","11/16/2023"
"14700","Ukraine","United States","64 M113","captured","https://i.postimg.cc/Y2b5L09m/2001-M113-capt-02-01-23.jpg","2023-11-16",471,13355,3,"380-471133553","11/16/2023"
"14701","Ukraine","United States","64 M113","captured","https://i.postimg.cc/kXW4gZCd/55411.png","2023-11-16",471,13356,3,"380-471133563","11/16/2023"
"14702","Ukraine","United States","64 M113","captured","https://i.postimg.cc/Kc5yNx9p/443f0.png","2023-11-16",471,13357,3,"380-471133573","11/16/2023"
"14703","Ukraine","United States","64 M113","captured","https://i.postimg.cc/tRZxMR2P/2002-M113-A3-capt-20-06-23.jpg","2023-11-16",471,13358,3,"380-471133583","11/16/2023"
"14704","Ukraine","United States","64 M113","damaged","https://i.postimg.cc/SKwJVDXw/2009-M113-dam-aband-06-07-23.jpg","2023-11-16",471,13359,2,"380-471133592","11/16/2023"
"14705","Ukraine","United States","64 M113","captured","https://i.postimg.cc/SKwJVDXw/2009-M113-dam-aband-06-07-23.jpg","2023-11-16",471,13359,3,"380-471133593","11/16/2023"
"14706","Ukraine","United States","64 M113","captured","https://i.postimg.cc/V65Kwk43/2001-m113-capt-14-08-23.jpg","2023-11-16",471,13360,3,"380-471133603","11/16/2023"
"14707","Ukraine","United States","64 M113","captured","https://i.postimg.cc/k43xyjsV/2004-113-APC-capt-13-10-23.jpg","2023-11-16",471,13361,3,"380-471133613","11/16/2023"
"14708","Ukraine","Australia","5 M113AS4","destroyed","https://i.postimg.cc/7ZD5yj14/2003-M113-destr-16-01-23.jpg","2023-11-16",472,13362,1,"380-472133621","11/16/2023"
"14709","Ukraine","Australia","5 M113AS4","destroyed","https://i.postimg.cc/xCgNx8Jb/2004-M113-AS4-destr-25-04-23.jpg","2023-11-16",472,13363,1,"380-472133631","11/16/2023"
"14710","Ukraine","Australia","5 M113AS4","destroyed","https://i.postimg.cc/43Cqtb04/2000-M113-AS4-armoured-logistics-vehicles-destr-22-06-23.jpg","2023-11-16",472,13364,1,"380-472133641","11/16/2023"
"14711","Ukraine","Australia","5 M113AS4","destroyed","https://i.postimg.cc/q78YG6fs/2001-M113-AS4-armoured-logistics-vehicles-destr-22-06-23.jpg","2023-11-16",472,13365,1,"380-472133651","11/16/2023"
"14712","Ukraine","Australia","5 M113AS4","captured","https://twitter.com/UAWeapons/status/1625194061375086592","2023-11-16",472,13366,3,"380-472133663","11/16/2023"
"14713","Ukraine","Denmark","M113G3DK/G4DK","destroyed","https://twitter.com/UAWeapons/status/1592144966620676098","2023-11-16",473,13367,1,"380-473133671","11/16/2023"
"14714","Ukraine","Denmark","M113G3DK/G4DK","destroyed","https://i.postimg.cc/ncVJ7rxN/55709.png","2023-11-16",473,13368,1,"380-473133681","11/16/2023"
"14715","Ukraine","Denmark","M113G3DK/G4DK","damaged","https://i.postimg.cc/RVNxQycR/2018-M113-G3-DK-dam-05-03-23.jpg","2023-11-16",473,13369,2,"380-473133692","11/16/2023"
"14716","Ukraine","Denmark","M113G3DK/G4DK","abandoned","https://i.postimg.cc/kG3HnnFJ/4311.png","2023-11-16",473,13370,4,"380-473133704","11/16/2023"
"14717","Ukraine","United Kingdom","FV103 Spartan","destroyed","https://twitter.com/UAWeapons/status/1646899621749243906","2023-11-16",474,12252,1,"380-474122521","11/16/2023"
"14718","Ukraine","United Kingdom","FV103 Spartan","destroyed","https://i.postimg.cc/8c85CjNG/2042-FV103-Spartan-destr-15-05-23.jpg","2023-11-16",474,13371,1,"380-474133711","11/16/2023"
"14719","Ukraine","United Kingdom","FV103 Spartan","destroyed","https://i.postimg.cc/sxQbTnmG/31.png","2023-11-16",474,13372,1,"380-474133721","11/16/2023"
"14720","Ukraine","United Kingdom","FV103 Spartan","destroyed","https://i.postimg.cc/m2wbGLt8/2014-FV103-Spartan-APC-destr-24-09-23.jpg","2023-11-16",474,13373,1,"380-474133731","11/16/2023"
"14721","Ukraine","United Kingdom","FV103 Spartan","captured","https://twitter.com/UAWeapons/status/1658807110367313920","2023-11-16",474,12690,3,"380-474126903","11/16/2023"
"14722","Ukraine","France","VAB","destroyed","https://twitter.com/UAWeapons/status/1578487903046406145","2023-11-16",475,13374,1,"380-475133741","11/16/2023"
"14723","Ukraine","France","VAB","destroyed","https://i.postimg.cc/0NfSYDsw/2013-VAB-APC-destr-11-01-23.jpg","2023-11-16",475,13375,1,"380-475133751","11/16/2023"
"14724","Ukraine","France","VAB","destroyed","https://i.postimg.cc/ydYFCpyp/2020-VAB-destr-09-05-23.jpg","2023-11-16",475,13376,1,"380-475133761","11/16/2023"
"14725","Ukraine","France","VAB","destroyed","https://i.postimg.cc/8zzJCFQn/2018-VAB-APC-destr-07-07-23.jpg","2023-11-16",475,13377,1,"380-475133771","11/16/2023"
"14726","Ukraine","France","VAB","destroyed","https://i.postimg.cc/vmTW6FQt/2000-vab-apc-destr-09-08-23.jpg","2023-11-16",475,13378,1,"380-475133781","11/16/2023"
"14727","Ukraine","France","VAB","destroyed","https://i.postimg.cc/MpbPb4vr/2008-VAB-APC-destr-29-07-23.jpg","2023-11-16",475,13379,1,"380-475133791","11/16/2023"
"14728","Ukraine","France","VAB","destroyed","https://i.postimg.cc/9Q5hJBs1/2013-VAB-APC-24-10-23.jpg","2023-11-16",475,13380,1,"380-475133801","11/16/2023"
"14729","Ukraine","France","VAB","damaged","https://twitter.com/UAWeapons/status/1585220581225816064","2023-11-16",475,13381,2,"380-475133812","11/16/2023"
"14730","Ukraine","France","VAB","damaged","https://i.postimg.cc/SKbM4Dyf/2005-vab-dam-27-02-23.jpg","2023-11-16",475,13382,2,"380-475133822","11/16/2023"
"14731","Ukraine","France","VAB","damaged","https://twitter.com/UAWeapons/status/1576553022670635008","2023-11-16",475,13383,2,"380-475133832","11/16/2023"
"14732","Ukraine","France","VAB","abandoned","https://twitter.com/UAWeapons/status/1576553022670635008","2023-11-16",475,13383,4,"380-475133834","11/16/2023"
"14733","Ukraine","France","VAB","damaged","https://i.postimg.cc/W4JcyFzv/2000-2x-vab-apc-dam-aban.jpg","2023-11-16",475,13384,2,"380-475133842","11/16/2023"
"14734","Ukraine","France","VAB","abandoned","https://i.postimg.cc/W4JcyFzv/2000-2x-vab-apc-dam-aban.jpg","2023-11-16",475,13384,4,"380-475133844","11/16/2023"
"14735","Ukraine","France","VAB","damaged","https://i.postimg.cc/4NVL9gtB/h.png","2023-11-16",475,13385,2,"380-475133852","11/16/2023"
"14736","Ukraine","France","VAB","abandoned","https://i.postimg.cc/4NVL9gtB/h.png","2023-11-16",475,13385,4,"380-475133854","11/16/2023"
"14737","Ukraine","Finland","Sisu XA-185","destroyed","https://twitter.com/UAWeapons/status/1584614229805785088","2023-11-16",476,13386,1,"380-476133861","11/16/2023"
"14738","Ukraine","Finland","Sisu XA-185","destroyed","https://twitter.com/UAWeapons/status/1608032541214121985","2023-11-16",476,13387,1,"380-476133871","11/16/2023"
"14739","Ukraine","Finland","Sisu XA-185","destroyed","https://i.postimg.cc/jj25nv1N/2020-Sisu-XA-180-destr-26-06-23.jpg","2023-11-16",476,13388,1,"380-476133881","11/16/2023"
"14740","Ukraine","Finland","Sisu XA-185","destroyed","https://i.postimg.cc/52f35pWG/447.png","2023-11-16",476,13389,1,"380-476133891","11/16/2023"
"14741","Ukraine","Finland","Sisu XA-185","destroyed","https://i.postimg.cc/Fs3RnSbm/2014-Sisu-XA-185-destr-12-09-23.jpg","2023-11-16",476,13390,1,"380-476133901","11/16/2023"
"14742","Ukraine","Finland","Sisu XA-185","damaged","https://i.postimg.cc/0Q0f2X2J/665y.png","2023-11-16",476,13391,2,"380-476133912","11/16/2023"
"14743","Ukraine","Finland","Sisu XA-185","damaged","https://twitter.com/UAWeapons/status/1576553022670635008","2023-11-16",476,13383,2,"380-476133832","11/16/2023"
"14744","Ukraine","Finland","Sisu XA-185","abandoned","https://twitter.com/UAWeapons/status/1576553022670635008","2023-11-16",476,13383,4,"380-476133834","11/16/2023"
"14745","Ukraine","Finland","Sisu XA-185","abandoned","https://i.postimg.cc/cHV1NWQ2/2025-1x-t80bv-2x-Sisu-XA-185-aband-11-08-23.jpg","2023-11-16",476,11982,4,"380-476119824","11/16/2023"
"14746","Ukraine","Finland","Sisu XA-185","captured","https://twitter.com/UAWeapons/status/1602246143030722561","2023-11-16",476,13392,3,"380-476133923","11/16/2023"
"14747","Ukraine","United States","M1126 Stryker","destroyed","https://i.postimg.cc/s22pYPzt/335g.png","2023-11-16",477,13393,1,"380-477133931","11/16/2023"
"14748","Ukraine","United States","M1126 Stryker","destroyed","https://i.postimg.cc/sxcmm3wR/49.png","2023-11-16",477,13394,1,"380-477133941","11/16/2023"
"14749","Ukraine","United States","M1126 Stryker","destroyed","https://postimg.cc/RJvFrkYQ","2023-11-16",477,13395,1,"380-477133951","11/16/2023"
"14750","Ukraine","United States","M1126 Stryker","destroyed","https://i.postimg.cc/hjND24ff/2021-M1126-Stryker-Infantry-Carrier-Vehicle-destr-02-10-23.jpg","2023-11-16",477,13396,1,"380-477133961","11/16/2023"
"14751","Ukraine","United States","M1126 Stryker","destroyed","https://i.postimg.cc/K89zpRnR/2002-M1126-Stryker-Infantry-Carrier-Vehicle-destr-20-10-23.jpg","2023-11-16",477,13397,1,"380-477133971","11/16/2023"
"14752","Ukraine","United States","M1126 Stryker","destroyed","https://i.postimg.cc/KYRY6xNQ/2003-M1126-Stryker-Infantry-Carrier-Vehicle-destr-20-10-23.jpg","2023-11-16",477,13398,1,"380-477133981","11/16/2023"
"14753","Ukraine","United States","M1126 Stryker","destroyed","https://i.postimg.cc/T2Z58wzn/2009-Stryker-destr-11-11-23.jpg","2023-11-16",477,13399,1,"380-477133991","11/16/2023"
"14754","Ukraine","United States","M1126 Stryker","damaged","https://twitter.com/RALee85/status/1691340418590429184","2023-11-16",477,13400,2,"380-477134002","11/16/2023"
"14755","Ukraine","United States","M1126 Stryker","damaged","https://i.postimg.cc/JnnVGYB7/2012-M1126-Stryker-infantry-carrier-vehicle-dam-aband-18-08-23.jpg","2023-11-16",477,13401,2,"380-477134012","11/16/2023"
"14756","Ukraine","United States","M1126 Stryker","abandoned","https://i.postimg.cc/JnnVGYB7/2012-M1126-Stryker-infantry-carrier-vehicle-dam-aband-18-08-23.jpg","2023-11-16",477,13401,4,"380-477134014","11/16/2023"
"14757","Ukraine","Ukraine","Vepr","captured","https://i.postimg.cc/0j3NhvTH/32dj.png","2023-11-16",440,13402,3,"380-440134023","11/16/2023"
"14758","Ukraine","Ukraine","KrAZ-MPV Shrek One","destroyed","https://i.postimg.cc/GttgpZsh/f68.png","2023-11-16",478,13403,1,"380-478134031","11/16/2023"
"14759","Ukraine","Ukraine","KrAZ-MPV Shrek One","captured","https://i.postimg.cc/d0Rrf1C1/5472.png","2023-11-16",478,13404,3,"380-478134043","11/16/2023"
"14760","Ukraine","Ukraine","1 KrAZ-Forpost","destroyed","https://i.postimg.cc/V6XRpP8V/2005-Kr-AZ-6322-destr-14-12-22.jpg","2023-11-16",479,13405,1,"380-479134051","11/16/2023"
"14761","Ukraine","United Kingdom","Alvis 4 'Mamba'","destroyed","https://i.postimg.cc/rmZv0zpp/22g.png","2023-11-16",480,13406,1,"380-480134061","11/16/2023"
"14762","Ukraine","United Kingdom","Alvis 4 'Mamba'","destroyed","https://i.postimg.cc/2S2dJCfG/2004-Mamba.jpg","2023-11-16",480,13407,1,"380-480134071","11/16/2023"
"14763","Ukraine","United Kingdom","Alvis 4 'Mamba'","damaged","https://i.postimg.cc/MHcDwcn6/2025-Unknown-vehicle-dam-22-05-23.jpg","2023-11-16",480,13408,2,"380-480134082","11/16/2023"
"14764","Ukraine","United Kingdom","Alvis 4 'Mamba'","captured","https://i.postimg.cc/gjNr6VZZ/6h.png","2023-11-16",480,13409,3,"380-480134093","11/16/2023"
"14765","Ukraine","United Kingdom","30 Mastiff Protected Patrol","destroyed","https://twitter.com/UAWeapons/status/1577244259799171072","2023-11-16",481,13410,1,"380-481134101","11/16/2023"
"14766","Ukraine","United Kingdom","30 Mastiff Protected Patrol","destroyed","https://i.postimg.cc/PfyWsW1y/4376.png","2023-11-16",481,13411,1,"380-481134111","11/16/2023"
"14767","Ukraine","United Kingdom","30 Mastiff Protected Patrol","destroyed","https://i.postimg.cc/02gb4rBn/4f0.png","2023-11-16",481,13412,1,"380-481134121","11/16/2023"
"14768","Ukraine","United Kingdom","30 Mastiff Protected Patrol","destroyed","https://postimg.cc/sQSRFQbR","2023-11-16",481,13413,1,"380-481134131","11/16/2023"
"14769","Ukraine","United Kingdom","30 Mastiff Protected Patrol","destroyed","https://i.postimg.cc/ZKJc181s/2043-mastiff-destr-08-06-23.jpg","2023-11-16",481,13414,1,"380-481134141","11/16/2023"
"14770","Ukraine","United Kingdom","30 Mastiff Protected Patrol","destroyed","https://i.postimg.cc/tgR6Jnh9/2009-mastiff-dam-11-06-23.jpg","2023-11-16",481,13415,1,"380-481134151","11/16/2023"
"14771","Ukraine","United Kingdom","30 Mastiff Protected Patrol","destroyed","https://i.postimg.cc/zv7nJQ9t/2020-Mastiff-aband-07-06-23.jpg","2023-11-16",481,13416,1,"380-481134161","11/16/2023"
"14772","Ukraine","United Kingdom","30 Mastiff Protected Patrol","destroyed","https://i.postimg.cc/tJ8Tj95L/2007-2x-Mastiff-PPV-destr-14-07-23.jpg","2023-11-16",481,13417,1,"380-481134171","11/16/2023"
"14773","Ukraine","United Kingdom","30 Mastiff Protected Patrol","destroyed","https://i.postimg.cc/Dz7zFjry/2008-Mastiff-PPV-BMC-Kirpi-destr-16-07-23.jpg","2023-11-16",481,13418,1,"380-481134181","11/16/2023"
"14774","Ukraine","United Kingdom","30 Mastiff Protected Patrol","destroyed","https://i.postimg.cc/bvk5cxWY/2021-mastiff-destr-21-07-23.jpg","2023-11-16",481,13419,1,"380-481134191","11/16/2023"
"14775","Ukraine","United Kingdom","30 Mastiff Protected Patrol","destroyed","https://i.postimg.cc/90pgjC0j/3275.png","2023-11-16",481,13420,1,"380-481134201","11/16/2023"
"14776","Ukraine","United Kingdom","30 Mastiff Protected Patrol","destroyed","https://i.postimg.cc/J0K18DLN/3356.png","2023-11-16",481,13421,1,"380-481134211","11/16/2023"
"14777","Ukraine","United Kingdom","30 Mastiff Protected Patrol","destroyed","https://i.postimg.cc/XJw2wJJw/247.png","2023-11-16",481,13422,1,"380-481134221","11/16/2023"
"14778","Ukraine","United Kingdom","30 Mastiff Protected Patrol","destroyed","https://i.postimg.cc/7PXw6VVV/2000-Mastiff-Protected-Patrol-Vehicle-destr-11-09-23.jpg","2023-11-16",481,13423,1,"380-481134231","11/16/2023"
"14779","Ukraine","United Kingdom","30 Mastiff Protected Patrol","damaged","https://i.postimg.cc/5NRZJyt3/2000-Mastiff-dam.jpg","2023-11-16",481,13424,2,"380-481134242","11/16/2023"
"14780","Ukraine","United Kingdom","30 Mastiff Protected Patrol","damaged","https://i.postimg.cc/9QYTcYwx/2010-mastiff-dam-11-06-23.jpg","2023-11-16",481,13425,2,"380-481134252","11/16/2023"
"14781","Ukraine","United Kingdom","30 Mastiff Protected Patrol","damaged","https://i.postimg.cc/RVxGqtcz/2004-Mastiff-PVV-dam-28-06-23.jpg","2023-11-16",481,13426,2,"380-481134262","11/16/2023"
"14782","Ukraine","United Kingdom","30 Mastiff Protected Patrol","damaged","https://i.postimg.cc/mgVCb1hv/2006-Mastiff-Protected-Patrol-dam-15-08-23.jpg","2023-11-16",481,13427,2,"380-481134272","11/16/2023"
"14783","Ukraine","United Kingdom","30 Mastiff Protected Patrol","damaged","https://i.postimg.cc/ZqR30YdC/2007-Mastiff-Protected-Patrol-dam-17-07-23.jpg","2023-11-16",481,13428,2,"380-481134282","11/16/2023"
"14784","Ukraine","United Kingdom","30 Mastiff Protected Patrol","damaged","https://i.postimg.cc/25KWWpQT/2008-Mastiff-Protected-Patrol-dam-17-07-23.jpg","2023-11-16",481,13429,2,"380-481134292","11/16/2023"
"14785","Ukraine","United Kingdom","30 Mastiff Protected Patrol","abandoned","https://i.postimg.cc/LXfDMN9w/2022-Mastiff-aband-07-06-23.jpg","2023-11-16",481,13430,4,"380-481134304","11/16/2023"
"14786","Ukraine","United Kingdom","30 Mastiff Protected Patrol","abandoned","https://i.postimg.cc/m2ZYdbH0/2019-Mastiff-aband-07-06-23.jpg","2023-11-16",481,13431,4,"380-481134314","11/16/2023"
"14787","Ukraine","United Kingdom","30 Mastiff Protected Patrol","damaged","https://i.postimg.cc/bwh7TR8x/380.png","2023-11-16",481,13432,2,"380-481134322","11/16/2023"
"14788","Ukraine","United Kingdom","30 Mastiff Protected Patrol","abandoned","https://i.postimg.cc/bwh7TR8x/380.png","2023-11-16",481,13432,4,"380-481134324","11/16/2023"
"14789","Ukraine","United Kingdom","30 Mastiff Protected Patrol","captured","https://i.postimg.cc/gjLkrmSz/2031-mastiff-capt-12-06-23.jpg","2023-11-16",481,13433,3,"380-481134333","11/16/2023"
"14790","Ukraine","United Kingdom","30 Mastiff Protected Patrol","damaged","https://i.postimg.cc/3RqQWZWq/2032-Mastiff-dam-aband-04-06-23.jpg","2023-11-16",481,13434,2,"380-481134342","11/16/2023"
"14791","Ukraine","United Kingdom","30 Mastiff Protected Patrol","captured","https://i.postimg.cc/3RqQWZWq/2032-Mastiff-dam-aband-04-06-23.jpg","2023-11-16",481,13434,3,"380-481134343","11/16/2023"
"14792","Ukraine","United Kingdom","30 Mastiff Protected Patrol","damaged","https://i.postimg.cc/TYp444MY/2008-Mastiff-PPV-dam-aband-04-06-23.jpg","2023-11-16",481,13435,2,"380-481134352","11/16/2023"
"14793","Ukraine","United Kingdom","30 Mastiff Protected Patrol","captured","https://i.postimg.cc/TYp444MY/2008-Mastiff-PPV-dam-aband-04-06-23.jpg","2023-11-16",481,13435,3,"380-481134353","11/16/2023"
"14794","Ukraine","United Kingdom","Wolfhound Protected Patrol","destroyed","https://i.postimg.cc/QMBHyNfp/2002-Wolfhound-mrap-destr.jpg","2023-11-16",482,13436,1,"380-482134361","11/16/2023"
"14795","Ukraine","United Kingdom","Wolfhound Protected Patrol","destroyed","https://i.postimg.cc/wjCJM233/2004-wolfhound-destr.jpg","2023-11-16",482,13437,1,"380-482134371","11/16/2023"
"14796","Ukraine","United Kingdom","Wolfhound Protected Patrol","destroyed","https://i.postimg.cc/QCx6XXVF/2340.png","2023-11-16",482,13438,1,"380-482134381","11/16/2023"
"14797","Ukraine","Australia","Bushmaster Protected Mobility Vehicle","destroyed","https://i.postimg.cc/FHCTpggb/2000-bushmaster.jpg","2023-11-16",483,13439,1,"380-483134391","11/16/2023"
"14798","Ukraine","Australia","Bushmaster Protected Mobility Vehicle","destroyed","https://i.postimg.cc/9QWMvkGM/2004-bushmaster-destr.jpg","2023-11-16",483,13440,1,"380-483134401","11/16/2023"
"14799","Ukraine","Australia","Bushmaster Protected Mobility Vehicle","destroyed","https://i.postimg.cc/ZRpZWBzc/2001-bushmaster-destr.jpg","2023-11-16",483,13441,1,"380-483134411","11/16/2023"
"14800","Ukraine","Australia","Bushmaster Protected Mobility Vehicle","destroyed","https://i.postimg.cc/Jn4V1Knx/2009-Bushmaster-destr-30-01-23.jpg","2023-11-16",483,13442,1,"380-483134421","11/16/2023"
"14801","Ukraine","Australia","Bushmaster Protected Mobility Vehicle","destroyed","https://i.postimg.cc/kMRFsDgp/2000-Bushmaster-destr-17-06-23.jpg","2023-11-16",483,13443,1,"380-483134431","11/16/2023"
"14802","Ukraine","Australia","Bushmaster Protected Mobility Vehicle","destroyed","https://i.postimg.cc/NfGZs9Dx/4376.png","2023-11-16",483,13444,1,"380-483134441","11/16/2023"
"14803","Ukraine","Australia","Bushmaster Protected Mobility Vehicle","destroyed","https://i.postimg.cc/NfkLTNF8/2008-bushmaster-destr-16-10-23.jpg","2023-11-16",483,13445,1,"380-483134451","11/16/2023"
"14804","Ukraine","Australia","Bushmaster Protected Mobility Vehicle","destroyed","https://i.postimg.cc/15PFZbNy/2000-Bushmaster-destr-20-02-23.jpg","2023-11-16",483,13446,1,"380-483134461","11/16/2023"
"14805","Ukraine","Australia","Bushmaster Protected Mobility Vehicle","destroyed","https://i.postimg.cc/zXRNCQ2V/2009-bushmaster-destr-28-09-23.jpg","2023-11-16",483,13447,1,"380-483134471","11/16/2023"
"14806","Ukraine","Australia","Bushmaster Protected Mobility Vehicle","damaged","https://i.postimg.cc/x8krj1Zk/2000-bushmaster.jpg","2023-11-16",483,13448,2,"380-483134482","11/16/2023"
"14807","Ukraine","Australia","Bushmaster Protected Mobility Vehicle","damaged","https://twitter.com/UAWeapons/status/1589285546534539265","2023-11-16",483,13449,2,"380-483134492","11/16/2023"
"14808","Ukraine","Australia","Bushmaster Protected Mobility Vehicle","damaged","https://i.postimg.cc/NMTDp9Ky/2001-Bushmaster-dam-15-03-23.jpg","2023-11-16",483,13450,2,"380-483134502","11/16/2023"
"14809","Ukraine","United States","International M1224 MaxxPro","destroyed","https://i.postimg.cc/02kvqRxf/4f3.png","2023-11-16",484,13451,1,"380-484134511","11/16/2023"
"14810","Ukraine","United States","International M1224 MaxxPro","destroyed","https://i.postimg.cc/rmgg55Y9/tg.png","2023-11-16",484,13452,1,"380-484134521","11/16/2023"
"14811","Ukraine","United States","International M1224 MaxxPro","destroyed","https://i.postimg.cc/MK6chX50/2000-maxxpro-destr-14-01-23.jpg","2023-11-16",484,13453,1,"380-484134531","11/16/2023"
"14812","Ukraine","United States","International M1224 MaxxPro","destroyed","https://i.postimg.cc/XvbtrS0k/54g5.png","2023-11-16",484,13454,1,"380-484134541","11/16/2023"
"14813","Ukraine","United States","International M1224 MaxxPro","destroyed","https://twitter.com/UAWeapons/status/1618979863859437568","2023-11-16",484,13455,1,"380-484134551","11/16/2023"
"14814","Ukraine","United States","International M1224 MaxxPro","destroyed","https://i.postimg.cc/1txcnmvy/2012-M1224-Maxx-Pro-destr-01-03-23.jpg","2023-11-16",484,13456,1,"380-484134561","11/16/2023"
"14815","Ukraine","United States","International M1224 MaxxPro","destroyed","https://i.postimg.cc/LsKPhrFh/2001-maxxpro-destr-26-04-23.png","2023-11-16",484,13457,1,"380-484134571","11/16/2023"
"14816","Ukraine","United States","International M1224 MaxxPro","destroyed","https://i.postimg.cc/ncdvg6KM/2001-maxxpro-destr-05-06-23.jpg","2023-11-16",484,13458,1,"380-484134581","11/16/2023"
"14817","Ukraine","United States","International M1224 MaxxPro","destroyed","https://i.postimg.cc/x8v6LgBM/2002-1x-maxxpro-destr-05-06-23.jpg","2023-11-16",484,13459,1,"380-484134591","11/16/2023"
"14818","Ukraine","United States","International M1224 MaxxPro","destroyed","https://i.postimg.cc/28YcCRBw/2003-maxxpro-destr-05-06-23.jpg","2023-11-16",484,13460,1,"380-484134601","11/16/2023"
"14819","Ukraine","United States","International M1224 MaxxPro","destroyed","https://i.postimg.cc/YSTHr1cj/asdf.png","2023-11-16",484,13461,1,"380-484134611","11/16/2023"
"14820","Ukraine","United States","International M1224 MaxxPro","destroyed","https://i.postimg.cc/gkR8TWzb/2014-Maxx-Pro-destr-05-06-23.jpg","2023-11-16",484,13462,1,"380-484134621","11/16/2023"
"14821","Ukraine","United States","International M1224 MaxxPro","destroyed","https://i.postimg.cc/g2W89TjX/2018-Maxx-Pro-destr-05-06-23.jpg","2023-11-16",484,13463,1,"380-484134631","11/16/2023"
"14822","Ukraine","United States","International M1224 MaxxPro","destroyed","https://i.postimg.cc/CdyMqXXj/2023-Maxx-Pro-destr-04-06-23.jpg","2023-11-16",484,13464,1,"380-484134641","11/16/2023"
"14823","Ukraine","United States","International M1224 MaxxPro","destroyed","https://i.postimg.cc/HLSyyW2X/2032-Maxx-Pro-destr-07-06-23.jpg","2023-11-16",484,13465,1,"380-484134651","11/16/2023"
"14824","Ukraine","United States","International M1224 MaxxPro","destroyed","https://i.postimg.cc/hjf7bFyw/2033-Maxx-Pro-destr-07-06-23.jpg","2023-11-16",484,13466,1,"380-484134661","11/16/2023"
"14825","Ukraine","United States","International M1224 MaxxPro","destroyed","https://i.postimg.cc/859fZyxC/2034-Maxx-Pro-destr-07-06-23.jpg","2023-11-16",484,13467,1,"380-484134671","11/16/2023"
"14826","Ukraine","United States","International M1224 MaxxPro","destroyed","https://i.postimg.cc/y63ZDHS3/2035-Maxx-Pro-destr-07-06-23.jpg","2023-11-16",484,13468,1,"380-484134681","11/16/2023"
"14827","Ukraine","United States","International M1224 MaxxPro","destroyed","https://i.postimg.cc/CLjn4s7F/2036-Maxx-Pro-destr-07-06-23.jpg","2023-11-16",484,13469,1,"380-484134691","11/16/2023"
"14828","Ukraine","United States","International M1224 MaxxPro","destroyed","https://i.postimg.cc/qvxGKYvB/2005-maxxpro-destr-18-06-23.jpg","2023-11-16",484,13470,1,"380-484134701","11/16/2023"
"14829","Ukraine","United States","International M1224 MaxxPro","destroyed","https://i.postimg.cc/Bn0gXssw/2006-maxxpro-destr-18-06-23.jpg","2023-11-16",484,13471,1,"380-484134711","11/16/2023"
"14830","Ukraine","United States","International M1224 MaxxPro","destroyed","https://i.postimg.cc/Y0F6CDPH/2007-maxxpro-destr-18-06-23.jpg","2023-11-16",484,13472,1,"380-484134721","11/16/2023"
"14831","Ukraine","United States","International M1224 MaxxPro","destroyed","https://i.postimg.cc/GpqCnRRd/2016-2x-Maxx-Pro-destr-07-06-23.jpg","2023-11-16",484,13473,1,"380-484134731","11/16/2023"
"14832","Ukraine","United States","International M1224 MaxxPro","destroyed","https://i.postimg.cc/Vk9w4MHS/2020-2x-Maxx-Pro-destr-04-06-23.jpg","2023-11-16",484,13474,1,"380-484134741","11/16/2023"
"14833","Ukraine","United States","International M1224 MaxxPro","destroyed","https://i.postimg.cc/4xRZzwwk/2021-Maxx-Pro-destr-04-06-23.jpg","2023-11-16",484,13475,1,"380-484134751","11/16/2023"
"14834","Ukraine","United States","International M1224 MaxxPro","destroyed","https://i.postimg.cc/13N8k4P2/2009-Maxx-Pro-destr-26-06-23.jpg","2023-11-16",484,13476,1,"380-484134761","11/16/2023"
"14835","Ukraine","United States","International M1224 MaxxPro","destroyed","https://i.postimg.cc/JhGWt8hL/2016-1x-maxxpro-destr-1x-aband-07-07-23.jpg","2023-11-16",484,13477,1,"380-484134771","11/16/2023"
"14836","Ukraine","United States","International M1224 MaxxPro","destroyed","https://i.postimg.cc/5tTWCrHF/2022-maxxpro-and-m-atv-destr-04-07-23.jpg","2023-11-16",484,13478,1,"380-484134781","11/16/2023"
"14837","Ukraine","United States","International M1224 MaxxPro","destroyed","https://i.postimg.cc/HnJYM5K4/2002-maxxpro-07-06-23.jpg","2023-11-16",484,13479,1,"380-484134791","11/16/2023"
"14838","Ukraine","United States","International M1224 MaxxPro","destroyed","https://i.postimg.cc/3NPKFNQM/2016-Maxx-Pro-destr-02-07-23.jpg","2023-11-16",484,13480,1,"380-484134801","11/16/2023"
"14839","Ukraine","United States","International M1224 MaxxPro","destroyed","https://i.postimg.cc/NGmnrtWM/2013-Maxx-Pro-destr-10-07-23.jpg","2023-11-16",484,13481,1,"380-484134811","11/16/2023"
"14840","Ukraine","United States","International M1224 MaxxPro","destroyed","https://i.postimg.cc/02CHcf51/2019-Maxx-Pro-destr-04-06-23.jpg","2023-11-16",484,13482,1,"380-484134821","11/16/2023"
"14841","Ukraine","United States","International M1224 MaxxPro","destroyed","https://i.postimg.cc/L6Sbt7pV/2020-Maxx-Pro-destr-04-06-23.jpg","2023-11-16",484,13483,1,"380-484134831","11/16/2023"
"14842","Ukraine","United States","International M1224 MaxxPro","destroyed","https://i.postimg.cc/qvMDY3gh/2028-maxxpro-destr-10-07-23.jpg","2023-11-16",484,13484,1,"380-484134841","11/16/2023"
"14843","Ukraine","United States","International M1224 MaxxPro","destroyed","https://i.postimg.cc/JhFg0BH1/2022-Maxx-Pro-destr-13-07-23.jpg","2023-11-16",484,13485,1,"380-484134851","11/16/2023"
"14844","Ukraine","United States","International M1224 MaxxPro","destroyed","https://i.postimg.cc/C5R1XRjG/2003-maxxpro-destr-15-07-23.jpg","2023-11-16",484,13486,1,"380-484134861","11/16/2023"
"14845","Ukraine","United States","International M1224 MaxxPro","destroyed","https://i.postimg.cc/PxLWmr2b/2017-International-M1224-Maxx-Pro-destr-04-07-23.jpg","2023-11-16",484,13487,1,"380-484134871","11/16/2023"
"14846","Ukraine","United States","International M1224 MaxxPro","destroyed","https://i.postimg.cc/Y0KdL1QX/2009-maxxpro-destr-31-07-23.jpg","2023-11-16",484,13488,1,"380-484134881","11/16/2023"
"14847","Ukraine","United States","International M1224 MaxxPro","destroyed","https://i.postimg.cc/JhGWt8hL/2016-1x-maxxpro-destr-1x-aband-07-07-23.jpg","2023-11-16",484,13477,1,"380-484134771","11/16/2023"
"14848","Ukraine","United States","International M1224 MaxxPro","destroyed","https://i.postimg.cc/JnCxSCGL/2009-International-M1224-Maxx-Pro-destr-27-07-23.jpg","2023-11-16",484,13489,1,"380-484134891","11/16/2023"
"14849","Ukraine","United States","International M1224 MaxxPro","destroyed","https://i.postimg.cc/NMWz0nMP/2007-Maxx-Pro-destr-08-08-23.jpg","2023-11-16",484,13490,1,"380-484134901","11/16/2023"
"14850","Ukraine","United States","International M1224 MaxxPro","destroyed","https://i.postimg.cc/PqP7Fjyr/554g.png","2023-11-16",484,13491,1,"380-484134911","11/16/2023"
"14851","Ukraine","United States","International M1224 MaxxPro","destroyed","https://i.postimg.cc/zGKjd6zm/32e.png","2023-11-16",484,13492,1,"380-484134921","11/16/2023"
"14852","Ukraine","United States","International M1224 MaxxPro","destroyed","https://i.postimg.cc/qRwxKNMX/432.png","2023-11-16",484,13493,1,"380-484134931","11/16/2023"
"14853","Ukraine","United States","International M1224 MaxxPro","destroyed","https://i.postimg.cc/JhbWWc0j/2008-M1224-Maxx-Pro-destr-04-06-23.jpg","2023-11-16",484,13494,1,"380-484134941","11/16/2023"
"14854","Ukraine","United States","International M1224 MaxxPro","destroyed","https://i.postimg.cc/JhdCRfSr/2004-Maxx-Pro-destr-01-10-23.jpg","2023-11-16",484,13495,1,"380-484134951","11/16/2023"
"14855","Ukraine","United States","International M1224 MaxxPro","destroyed","https://i.postimg.cc/t4YWbwv1/520.png","2023-11-16",484,13496,1,"380-484134961","11/16/2023"
"14856","Ukraine","United States","International M1224 MaxxPro","destroyed","https://i.postimg.cc/PxzNbFzH/2005-Maxx-Pro-destr-01-10-23.jpg","2023-11-16",484,13497,1,"380-484134971","11/16/2023"
"14857","Ukraine","United States","International M1224 MaxxPro","destroyed","https://i.postimg.cc/ZRvVYvG0/2012-maxxpro-destr-05-11-23.jpg","2023-11-16",484,13498,1,"380-484134981","11/16/2023"
"14858","Ukraine","United States","International M1224 MaxxPro","damaged","https://i.postimg.cc/sxh5nxM9/2001-Maxx-Pro-MRAP-dam.jpg","2023-11-16",484,13499,2,"380-484134992","11/16/2023"
"14859","Ukraine","United States","International M1224 MaxxPro","damaged","https://i.postimg.cc/VN8KLx8P/2001-Maxxpro-dam.jpg","2023-11-16",484,13500,2,"380-484135002","11/16/2023"
"14860","Ukraine","United States","International M1224 MaxxPro","damaged","https://i.postimg.cc/pXsPdjyR/4689.png","2023-11-16",484,13501,2,"380-484135012","11/16/2023"
"14861","Ukraine","United States","International M1224 MaxxPro","damaged","https://i.postimg.cc/kgPWT9M8/2008-maxxpro-dam-01-03-23.jpg","2023-11-16",484,13502,2,"380-484135022","11/16/2023"
"14862","Ukraine","United States","International M1224 MaxxPro","damaged","https://i.postimg.cc/sDB2phNp/1113.png","2023-11-16",484,13503,2,"380-484135032","11/16/2023"
"14863","Ukraine","United States","International M1224 MaxxPro","damaged","https://i.postimg.cc/3wJV7M3B/3769.png","2023-11-16",484,13504,2,"380-484135042","11/16/2023"
"14864","Ukraine","United States","International M1224 MaxxPro","damaged","https://i.postimg.cc/NFWxjgX1/2024-Unknown-vehicle-destr-22-05-23.jpg","2023-11-16",484,13505,2,"380-484135052","11/16/2023"
"14865","Ukraine","United States","International M1224 MaxxPro","damaged","https://i.postimg.cc/KYjFZx7p/2025-maxpro-dam-29-06-23.jpg","2023-11-16",484,13506,2,"380-484135062","11/16/2023"
"14866","Ukraine","United States","International M1224 MaxxPro","damaged","https://i.postimg.cc/tJhkWQCj/2009-Maxx-Pro-dam-07-10-23.jpg","2023-11-16",484,13507,2,"380-484135072","11/16/2023"
"14867","Ukraine","United States","International M1224 MaxxPro","abandoned","https://i.postimg.cc/d0rJ5LYt/56.png","2023-11-16",484,13508,4,"380-484135084","11/16/2023"
"14868","Ukraine","United States","International M1224 MaxxPro","abandoned","https://i.postimg.cc/c4dfNZ35/2007-Maxx-Pro-aband-06-02-23.jpg","2023-11-16",484,13509,4,"380-484135094","11/16/2023"
"14869","Ukraine","United States","International M1224 MaxxPro","abandoned","https://i.postimg.cc/rmPw8K9Z/2015-Maxx-Pro-aband-05-06-23.jpg","2023-11-16",484,13510,4,"380-484135104","11/16/2023"
"14870","Ukraine","United States","International M1224 MaxxPro","abandoned","https://i.postimg.cc/ryDS547m/2016-Maxx-Pro-aband-05-06-23.jpg","2023-11-16",484,13511,4,"380-484135114","11/16/2023"
"14871","Ukraine","United States","International M1224 MaxxPro","abandoned","https://i.postimg.cc/gkQTFHmy/2009-Maxx-Pro-aband-05-06-23.jpg","2023-11-16",484,13512,4,"380-484135124","11/16/2023"
"14872","Ukraine","United States","International M1224 MaxxPro","damaged","https://i.postimg.cc/bJFrxzjz/2010-Maxpro-dam-aband-11-10-23.jpg","2023-11-16",484,13513,2,"380-484135132","11/16/2023"
"14873","Ukraine","United States","International M1224 MaxxPro","abandoned","https://i.postimg.cc/bJFrxzjz/2010-Maxpro-dam-aband-11-10-23.jpg","2023-11-16",484,13513,4,"380-484135134","11/16/2023"
"14874","Ukraine","United States","International M1224 MaxxPro","damaged","https://i.postimg.cc/5NLYfJJT/2003-Maxx-Pro-dam-aband-12-11-23.jpg","2023-11-16",484,13514,2,"380-484135142","11/16/2023"
"14875","Ukraine","United States","International M1224 MaxxPro","abandoned","https://i.postimg.cc/5NLYfJJT/2003-Maxx-Pro-dam-aband-12-11-23.jpg","2023-11-16",484,13514,4,"380-484135144","11/16/2023"
"14876","Ukraine","United States","International M1224 MaxxPro","captured","https://i.postimg.cc/MZPmH4Lm/2045-maxxpro-capt-22-05-23.jpg","2023-11-16",484,13515,3,"380-484135153","11/16/2023"
"14877","Ukraine","United States","International M1224 MaxxPro","captured","https://i.postimg.cc/J4y05Fhq/2001-maxxpro-capt-23-05-23.jpg","2023-11-16",484,13516,3,"380-484135163","11/16/2023"
"14878","Ukraine","United States","Oshkosh M-ATV","destroyed","https://i.postimg.cc/WbhTNNDx/2027-Oshkosh-M-ATV-destr-11-06-23.jpg","2023-11-16",485,13517,1,"380-485135171","11/16/2023"
"14879","Ukraine","United States","Oshkosh M-ATV","destroyed","https://i.postimg.cc/FF2HwtQ5/2001-Oskosh-M-ATV-destr-14-06-23.jpg","2023-11-16",485,13518,1,"380-485135181","11/16/2023"
"14880","Ukraine","United States","Oshkosh M-ATV","destroyed","https://i.postimg.cc/rstX4trw/2003-Oshkosh-M-ATV-destr-19-06-23.jpg","2023-11-16",485,13519,1,"380-485135191","11/16/2023"
"14881","Ukraine","United States","Oshkosh M-ATV","destroyed","https://i.postimg.cc/Wtcj9wS9/2003-Oshkosh-M-ATV-destr-21-06-23.jpg","2023-11-16",485,13520,1,"380-485135201","11/16/2023"
"14882","Ukraine","United States","Oshkosh M-ATV","destroyed","https://i.postimg.cc/027J9Wgy/2004-Oshkosh-M-ATV-destr-21-06-23.jpg","2023-11-16",485,13521,1,"380-485135211","11/16/2023"
"14883","Ukraine","United States","Oshkosh M-ATV","destroyed","https://i.postimg.cc/SsVR6M72/2004-Oshkosh-M-ATV-destr-20-06-23.jpg","2023-11-16",485,13522,1,"380-485135221","11/16/2023"
"14884","Ukraine","United States","Oshkosh M-ATV","destroyed","https://i.postimg.cc/5tTWCrHF/2022-maxxpro-and-m-atv-destr-04-07-23.jpg","2023-11-16",485,13478,1,"380-485134781","11/16/2023"
"14885","Ukraine","United States","Oshkosh M-ATV","destroyed","https://i.postimg.cc/zDsFjGC1/2008-Oshkosh-M-ATV-destr-14-07-23.jpg","2023-11-16",485,13523,1,"380-485135231","11/16/2023"
"14886","Ukraine","United States","Oshkosh M-ATV","destroyed","https://i.postimg.cc/L8h7nNB4/2000-MATV-destr-25-07-23.jpg","2023-11-16",485,13524,1,"380-485135241","11/16/2023"
"14887","Ukraine","United States","Oshkosh M-ATV","destroyed","https://i.postimg.cc/59K45wK4/2004-M-ATV-destr-26-07-23.jpg","2023-11-16",485,13525,1,"380-485135251","11/16/2023"
"14888","Ukraine","United States","Oshkosh M-ATV","destroyed","https://i.postimg.cc/QC1nKqKN/2006-M-ATV-destr-23-08-23.jpg","2023-11-16",485,13526,1,"380-485135261","11/16/2023"
"14889","Ukraine","United States","Oshkosh M-ATV","destroyed","https://i.postimg.cc/RZL3bWG4/d3.png","2023-11-16",485,13527,1,"380-485135271","11/16/2023"
"14890","Ukraine","United States","Oshkosh M-ATV","destroyed","https://i.postimg.cc/J48V1xj3/548.png","2023-11-16",485,13528,1,"380-485135281","11/16/2023"
"14891","Ukraine","United States","Oshkosh M-ATV","destroyed","https://i.postimg.cc/Wb8KsvNj/43f3.png","2023-11-16",485,13529,1,"380-485135291","11/16/2023"
"14892","Ukraine","United States","Oshkosh M-ATV","destroyed","https://i.postimg.cc/Pf0bj6HQ/322d.png","2023-11-16",485,13530,1,"380-485135301","11/16/2023"
"14893","Ukraine","United States","Oshkosh M-ATV","destroyed","https://i.postimg.cc/Nj5SvBvk/243.png","2023-11-16",485,13531,1,"380-485135311","11/16/2023"
"14894","Ukraine","United States","Oshkosh M-ATV","destroyed","https://i.postimg.cc/25PVmff4/43180.png","2023-11-16",485,13532,1,"380-485135321","11/16/2023"
"14895","Ukraine","United States","Oshkosh M-ATV","damaged","https://i.postimg.cc/nhM3D166/2026-Oshkosh-M-ATV-dam-13-08-23.jpg","2023-11-16",485,13533,2,"380-485135332","11/16/2023"
"14896","Ukraine","United States","Oshkosh M-ATV","damaged","https://i.postimg.cc/YqqXXqn9/88k0.png","2023-11-16",485,13534,2,"380-485135342","11/16/2023"
"14897","Ukraine","United States","Oshkosh M-ATV","abandoned","https://i.postimg.cc/YqqXXqn9/88k0.png","2023-11-16",485,13534,4,"380-485135344","11/16/2023"
"14898","Ukraine","United States","Oshkosh M-ATV","damaged","https://i.postimg.cc/4dprMvDT/99701.png","2023-11-16",485,13535,2,"380-485135352","11/16/2023"
"14899","Ukraine","United States","Oshkosh M-ATV","abandoned","https://i.postimg.cc/4dprMvDT/99701.png","2023-11-16",485,13535,4,"380-485135354","11/16/2023"
"14900","Ukraine","United States","Oshkosh M-ATV","damaged","https://i.postimg.cc/Y9rXgBPx/44f.png","2023-11-16",485,13536,2,"380-485135362","11/16/2023"
"14901","Ukraine","United States","Oshkosh M-ATV","abandoned","https://i.postimg.cc/Y9rXgBPx/44f.png","2023-11-16",485,13536,4,"380-485135364","11/16/2023"
"14902","Ukraine","United States","Oshkosh M-ATV","captured","https://twitter.com/UAWeapons/status/1671476846855110657","2023-11-16",485,13537,3,"380-485135373","11/16/2023"
"14903","Ukraine","Germany","ATF Dingo","destroyed","https://i.postimg.cc/sD3CsY3z/54g6.png","2023-11-16",486,13538,1,"380-486135381","11/16/2023"
"14904","Ukraine","Germany","ATF Dingo","destroyed","https://twitter.com/UAWeapons/status/1653828968628224000","2023-11-16",486,11599,1,"380-486115991","11/16/2023"
"14905","Ukraine","Germany","ATF Dingo","destroyed","https://i.postimg.cc/Hsk59wXV/1300.jpg","2023-11-16",486,13539,1,"380-486135391","11/16/2023"
"14906","Ukraine","Germany","ATF Dingo","destroyed","https://i.postimg.cc/vB3mczRy/2010-ATF-Dingo-destr-30-07-23.jpg","2023-11-16",486,13540,1,"380-486135401","11/16/2023"
"14907","Ukraine","Germany","ATF Dingo","damaged","https://i.postimg.cc/ZKWFdHtt/2036-ATF-Dingo-dam-13-05-23.png","2023-11-16",486,13541,2,"380-486135412","11/16/2023"
"14908","Ukraine","Germany","ATF Dingo","damaged","https://i.postimg.cc/TPHHSbrb/2002-ATF-Dingo-dam-aband-05-05-23.jpg","2023-11-16",486,13542,2,"380-486135422","11/16/2023"
"14909","Ukraine","Germany","ATF Dingo","abandoned","https://i.postimg.cc/TPHHSbrb/2002-ATF-Dingo-dam-aband-05-05-23.jpg","2023-11-16",486,13542,4,"380-486135424","11/16/2023"
"14910","Ukraine","Turkey","BMC Kirpi","destroyed","https://postimg.cc/K1CLqqs2","2023-11-16",487,13543,1,"380-487135431","11/16/2023"
"14911","Ukraine","Turkey","BMC Kirpi","destroyed","https://i.postimg.cc/KcsG3JH2/4437.png","2023-11-16",487,13544,1,"380-487135441","11/16/2023"
"14912","Ukraine","Turkey","BMC Kirpi","destroyed","https://twitter.com/UAWeapons/status/1576618908026486784","2023-11-16",487,13545,1,"380-487135451","11/16/2023"
"14913","Ukraine","Turkey","BMC Kirpi","destroyed","https://i.postimg.cc/bJrXBz3X/3d6.png","2023-11-16",487,13546,1,"380-487135461","11/16/2023"
"14914","Ukraine","Turkey","BMC Kirpi","destroyed","https://i.postimg.cc/8kJJdRk2/2002-BMC-Kirpi-destr-17-01-23.jpg","2023-11-16",487,13547,1,"380-487135471","11/16/2023"
"14915","Ukraine","Turkey","BMC Kirpi","destroyed","https://i.postimg.cc/QxrcKx2v/2005-kirpi-dam-08-03-23.jpg","2023-11-16",487,13548,1,"380-487135481","11/16/2023"
"14916","Ukraine","Turkey","BMC Kirpi","destroyed","https://i.postimg.cc/LsLRYKcM/r43.png","2023-11-16",487,13549,1,"380-487135491","11/16/2023"
"14917","Ukraine","Turkey","BMC Kirpi","destroyed","https://i.postimg.cc/pXQLjDzq/2015-kirpi-destr-03-05-23.jpg","2023-11-16",487,13550,1,"380-487135501","11/16/2023"
"14918","Ukraine","Turkey","BMC Kirpi","destroyed","https://i.postimg.cc/Pqtj7xBS/2002-BMC-Kirpi-destr-19-06-23.jpg","2023-11-16",487,13551,1,"380-487135511","11/16/2023"
"14919","Ukraine","Turkey","BMC Kirpi","destroyed","https://i.postimg.cc/fTQJqc3n/2017-BMC-Kirpi-destr-25-06-23.jpg","2023-11-16",487,13552,1,"380-487135521","11/16/2023"
"14920","Ukraine","Turkey","BMC Kirpi","destroyed","https://i.postimg.cc/3RRyT7Sv/2009-BMC-Kirpi-destr-11-07-23.jpg","2023-11-16",487,13553,1,"380-487135531","11/16/2023"
"14921","Ukraine","Turkey","BMC Kirpi","destroyed","https://i.postimg.cc/Dz7zFjry/2008-Mastiff-PPV-BMC-Kirpi-destr-16-07-23.jpg","2023-11-16",487,13418,1,"380-487134181","11/16/2023"
"14922","Ukraine","Turkey","BMC Kirpi","destroyed","https://i.postimg.cc/05DWRBqh/2021-BMC-Kirpi-destr-31-07-23.jpg","2023-11-16",487,13554,1,"380-487135541","11/16/2023"
"14923","Ukraine","Turkey","BMC Kirpi","destroyed","https://i.postimg.cc/Hnw5CT2d/2002-BMC-Kirpi-destr-09-08-23.jpg","2023-11-16",487,13555,1,"380-487135551","11/16/2023"
"14924","Ukraine","Turkey","BMC Kirpi","destroyed","https://i.postimg.cc/RZxtrBQ8/655.png","2023-11-16",487,13556,1,"380-487135561","11/16/2023"
"14925","Ukraine","Turkey","BMC Kirpi","destroyed","https://i.postimg.cc/9fgN23sq/2008-BMC-Kirpi-destr-24-10-23.jpg","2023-11-16",487,13557,1,"380-487135571","11/16/2023"
"14926","Ukraine","Turkey","BMC Kirpi","damaged","https://i.postimg.cc/FK275t6w/2003-kirpi-destr.jpg","2023-11-16",487,13558,2,"380-487135582","11/16/2023"
"14927","Ukraine","Turkey","BMC Kirpi","damaged","https://i.postimg.cc/gJLZqM4p/2005-BMC-Kirpi-dam-15-08-23.jpg","2023-11-16",487,13559,2,"380-487135592","11/16/2023"
"14928","Ukraine","Turkey","BMC Kirpi","damaged","https://i.postimg.cc/3xrKsQhC/248.png","2023-11-16",487,13560,2,"380-487135602","11/16/2023"
"14929","Ukraine","Turkey","BMC Kirpi","damaged","https://i.postimg.cc/tTJG0KLW/2003-BMC-Kirpi-dam-21-09-23.jpg","2023-11-16",487,13561,2,"380-487135612","11/16/2023"
"14930","Ukraine","Turkey","BMC Kirpi","damaged","https://twitter.com/UAWeapons/status/1568241700921016320","2023-11-16",487,12089,2,"380-487120892","11/16/2023"
"14931","Ukraine","Turkey","BMC Kirpi","abandoned","https://twitter.com/UAWeapons/status/1568241700921016320","2023-11-16",487,12089,4,"380-487120894","11/16/2023"
"14932","Ukraine","Turkey","BMC Kirpi","abandoned","https://i.postimg.cc/zftDB2Qr/598.png","2023-11-16",487,13562,4,"380-487135624","11/16/2023"
"14933","Ukraine","Turkey","BMC Kirpi","damaged","https://i.postimg.cc/N0gbF1Tz/2003-bmc-kirpi-dam-aband-02-08-23.jpg","2023-11-16",487,13563,2,"380-487135632","11/16/2023"
"14934","Ukraine","Turkey","BMC Kirpi","abandoned","https://i.postimg.cc/N0gbF1Tz/2003-bmc-kirpi-dam-aband-02-08-23.jpg","2023-11-16",487,13563,4,"380-487135634","11/16/2023"
"14935","Ukraine","Turkey","BMC Kirpi","damaged","https://i.postimg.cc/t49FQNRd/2016-BMC-Kirpi-dam-aband-16-08-23.jpg","2023-11-16",487,13564,2,"380-487135642","11/16/2023"
"14936","Ukraine","Turkey","BMC Kirpi","abandoned","https://i.postimg.cc/t49FQNRd/2016-BMC-Kirpi-dam-aband-16-08-23.jpg","2023-11-16",487,13564,4,"380-487135644","11/16/2023"
"14937","Ukraine","Turkey","BMC Kirpi","damaged","https://i.postimg.cc/KjhY9gXB/32e2.png","2023-11-16",487,13565,2,"380-487135652","11/16/2023"
"14938","Ukraine","Turkey","BMC Kirpi","abandoned","https://i.postimg.cc/KjhY9gXB/32e2.png","2023-11-16",487,13565,4,"380-487135654","11/16/2023"
"14939","Ukraine","Turkey","BMC Kirpi","captured","https://i.postimg.cc/Kj4g44Xr/3327.png","2023-11-16",487,13566,3,"380-487135663","11/16/2023"
"14940","Ukraine","Turkey","BMC Kirpi","damaged","https://i.postimg.cc/qMCfMNkP/2024-BMC-Kirpi-dam-capt-02-02-23.png","2023-11-16",487,13567,2,"380-487135672","11/16/2023"
"14941","Ukraine","Turkey","BMC Kirpi","captured","https://i.postimg.cc/qMCfMNkP/2024-BMC-Kirpi-dam-capt-02-02-23.png","2023-11-16",487,13567,3,"380-487135673","11/16/2023"
"14942","Ukraine","Ukraine","KrAZ Cobra","destroyed","https://i.postimg.cc/66L4GMR8/86.png","2023-11-16",488,13568,1,"380-488135681","11/16/2023"
"14943","Ukraine","Ukraine","KrAZ Cobra","destroyed","https://i.postimg.cc/Vsnrdt20/461.jpg","2023-11-16",488,13569,1,"380-488135691","11/16/2023"
"14944","Ukraine","Ukraine","KrAZ Cobra","destroyed","https://twitter.com/UAWeapons/status/1578487903046406145","2023-11-16",488,13374,1,"380-488133741","11/16/2023"
"14945","Ukraine","Ukraine","KrAZ Cobra","destroyed","https://i.postimg.cc/RhmVZP3h/2116-Kr-AZ-Cobra-destr-30-06-22.jpg","2023-11-16",488,13570,1,"380-488135701","11/16/2023"
"14946","Ukraine","Ukraine","KrAZ Cobra","destroyed","https://i.postimg.cc/Kj5cknLN/2117-Kr-AZ-Cobra-destr-30-06-22.jpg","2023-11-16",488,13571,1,"380-488135711","11/16/2023"
"14947","Ukraine","Ukraine","KrAZ Cobra","destroyed","https://i.postimg.cc/4NLdDwVF/2014-cobra-destr-23-05-23.jpg","2023-11-16",488,13572,1,"380-488135721","11/16/2023"
"14948","Ukraine","Ukraine","KrAZ Cobra","destroyed","https://i.postimg.cc/yNQYSyKh/2019-Kr-AZ-Cobra-destr-14-10-22.jpg","2023-11-16",488,13573,1,"380-488135731","11/16/2023"
"14949","Ukraine","Ukraine","KrAZ Cobra","destroyed","https://i.postimg.cc/FHpQBdZJ/2005-Kr-AZ-Cobra-destr-05-10-23.jpg","2023-11-16",488,13574,1,"380-488135741","11/16/2023"
"14950","Ukraine","Ukraine","KrAZ Cobra","damaged","https://i.postimg.cc/vHv9JgJL/2001-cobra-dam-23-05-23.jpg","2023-11-16",488,13575,2,"380-488135752","11/16/2023"
"14951","Ukraine","Ukraine","KrAZ Cobra","captured","https://i.postimg.cc/W1qPQGGZ/34.png","2023-11-16",488,13576,3,"380-488135763","11/16/2023"
"14952","Ukraine","Ukraine","KrAZ Cobra","captured","https://i.postimg.cc/d30jkjsf/28.jpg","2023-11-16",488,13577,3,"380-488135773","11/16/2023"
"14953","Ukraine","Ukraine","KrAZ Cobra","captured","https://i.postimg.cc/8cGg52b8/1359.png","2023-11-16",488,13578,3,"380-488135783","11/16/2023"
"14954","Ukraine","Ukraine","KrAZ Cobra","captured","https://i.postimg.cc/t4L7dCLQ/d360.png","2023-11-16",488,13579,3,"380-488135793","11/16/2023"
"14955","Ukraine","Ukraine","KrAZ Cobra","captured","https://postimg.cc/DSSzRC8z","2023-11-16",488,13580,3,"380-488135803","11/16/2023"
"14956","Ukraine","Ukraine","KrAZ Cobra","captured","https://i.postimg.cc/htY0YYyH/48j.png","2023-11-16",488,13581,3,"380-488135813","11/16/2023"
"14957","Ukraine","Ukraine","5 KrAZ Cougar","destroyed","https://postimg.cc/2bj6y1j4","2023-11-16",489,13582,1,"380-489135821","11/16/2023"
"14958","Ukraine","Ukraine","5 KrAZ Cougar","destroyed","https://i.postimg.cc/CL5WG0Br/2000-Cougar-destr-02-01-23.jpg","2023-11-16",489,13583,1,"380-489135831","11/16/2023"
"14959","Ukraine","Ukraine","5 KrAZ Cougar","captured","https://i.postimg.cc/t4WXZNqX/487.png","2023-11-16",489,13584,3,"380-489135843","11/16/2023"
"14960","Ukraine","Ukraine","5 KrAZ Cougar","captured","https://i.postimg.cc/QxSz28RF/652.png","2023-11-16",489,13585,3,"380-489135853","11/16/2023"
"14961","Ukraine","Ukraine","5 KrAZ Cougar","captured","https://i.postimg.cc/ZKMHy31F/35570.png","2023-11-16",489,13586,3,"380-489135863","11/16/2023"
"14962","Ukraine","Ukraine","KrAZ Spartan","destroyed","https://i.postimg.cc/prNJzyTd/35g.png","2023-11-16",490,13587,1,"380-490135871","11/16/2023"
"14963","Ukraine","Ukraine","KrAZ Spartan","destroyed","https://i.postimg.cc/66LgCtZ4/65.jpg","2023-11-16",490,13588,1,"380-490135881","11/16/2023"
"14964","Ukraine","Ukraine","KrAZ Spartan","destroyed","https://i.postimg.cc/Hn96Ytg6/2006-Kr-AZ-Spartan-destr-22-02-23.jpg","2023-11-16",490,13589,1,"380-490135891","11/16/2023"
"14965","Ukraine","Ukraine","KrAZ Spartan","destroyed","https://i.postimg.cc/ZYBTN6k6/32.png","2023-11-16",490,13590,1,"380-490135901","11/16/2023"
"14966","Ukraine","Ukraine","KrAZ Spartan","destroyed","https://i.postimg.cc/6pQZrrWs/3150.png","2023-11-16",490,13591,1,"380-490135911","11/16/2023"
"14967","Ukraine","Ukraine","KrAZ Spartan","destroyed","https://i.postimg.cc/9fgt9Bwj/438.png","2023-11-16",490,13592,1,"380-490135921","11/16/2023"
"14968","Ukraine","Ukraine","KrAZ Spartan","destroyed","https://i.postimg.cc/s2Sb5dXn/35770.png","2023-11-16",490,13593,1,"380-490135931","11/16/2023"
"14969","Ukraine","Ukraine","KrAZ Spartan","destroyed","https://i.postimg.cc/Wb21RHLf/2119-Kr-AZ-Spartan-destr-03-06-22.jpg","2023-11-16",490,13594,1,"380-490135941","11/16/2023"
"14970","Ukraine","Ukraine","KrAZ Spartan","destroyed","https://i.postimg.cc/pd1zPf3v/2008-Kr-AZ-Spartan-destr-16-03-23.jpg","2023-11-16",490,13595,1,"380-490135951","11/16/2023"
"14971","Ukraine","Ukraine","KrAZ Spartan","captured","https://i.postimg.cc/2587D8gN/2013-Kr-AZ-Spartan-capt-07-05-22.jpg","2023-11-16",490,13596,3,"380-490135963","11/16/2023"
"14972","Ukraine","Ukraine","Novator","destroyed","https://i.postimg.cc/nL0M3Jsd/3770.png","2023-11-16",491,13597,1,"380-491135971","11/16/2023"
"14973","Ukraine","Ukraine","Novator","destroyed","https://i.postimg.cc/sXnWyLTC/332.png","2023-11-16",491,13598,1,"380-491135981","11/16/2023"
"14974","Ukraine","Ukraine","Novator","destroyed","https://twitter.com/UAWeapons/status/1552699448614060033","2023-11-16",491,13599,1,"380-491135991","11/16/2023"
"14975","Ukraine","Ukraine","Novator","destroyed","https://i.postimg.cc/fyC334SQ/2022-09-19-Novator.jpg","2023-11-16",491,13600,1,"380-491136001","11/16/2023"
"14976","Ukraine","Ukraine","Novator","destroyed","https://twitter.com/UAWeapons/status/1572307996771762178","2023-11-16",491,12736,1,"380-491127361","11/16/2023"
"14977","Ukraine","Ukraine","Novator","destroyed","https://i.postimg.cc/4xZSFBf7/2001-novator-destr.jpg","2023-11-16",491,13601,1,"380-491136011","11/16/2023"
"14978","Ukraine","Ukraine","Novator","destroyed","https://i.postimg.cc/rwDM9z0y/4t55.png","2023-11-16",491,13602,1,"380-491136021","11/16/2023"
"14979","Ukraine","Ukraine","Novator","destroyed","https://i.postimg.cc/k4pyKjkg/ff48.png","2023-11-16",491,13603,1,"380-491136031","11/16/2023"
"14980","Ukraine","Ukraine","Novator","destroyed","https://i.postimg.cc/W35QnnQB/76999.png","2023-11-16",491,13604,1,"380-491136041","11/16/2023"
"14981","Ukraine","Ukraine","Novator","destroyed","https://twitter.com/666_mancer/status/1624083837650173953","2023-11-16",491,13605,1,"380-491136051","11/16/2023"
"14982","Ukraine","Ukraine","Novator","destroyed","https://i.postimg.cc/Nf3BxKbj/4438.png","2023-11-16",491,13606,1,"380-491136061","11/16/2023"
"14983","Ukraine","Ukraine","Novator","damaged","https://i.postimg.cc/MKMkcgwH/776.png","2023-11-16",491,13607,2,"380-491136072","11/16/2023"
"14984","Ukraine","Ukraine","Novator","damaged","https://i.postimg.cc/HnjZpKPG/48.png","2023-11-16",491,13608,2,"380-491136082","11/16/2023"
"14985","Ukraine","Ukraine","Novator","damaged","https://i.postimg.cc/FR37h0Hz/2004-novator-dam-07-03-23.jpg","2023-11-16",491,13609,2,"380-491136092","11/16/2023"
"14986","Ukraine","Ukraine","Novator","captured","https://i.postimg.cc/pT6yB3Vt/43133.png","2023-11-16",491,13610,3,"380-491136103","11/16/2023"
"14987","Ukraine","Ukraine","Novator","captured","https://i.postimg.cc/0NjZLhGD/3189.png","2023-11-16",491,13611,3,"380-491136113","11/16/2023"
"14988","Ukraine","Ukraine","Novator","captured","https://i.postimg.cc/Ls6bb8HD/4387.png","2023-11-16",491,13612,3,"380-491136123","11/16/2023"
"14989","Ukraine","Ukraine","Novator","captured","https://i.postimg.cc/tC4JjR5z/2007-novator-capt-09-10-22.jpg","2023-11-16",491,13613,3,"380-491136133","11/16/2023"
"14990","Ukraine","Ukraine","Novator","captured","https://i.postimg.cc/L5HXhmM2/2013-novator-capt-18-05-22.jpg","2023-11-16",491,13614,3,"380-491136143","11/16/2023"
"14991","Ukraine","Ukraine","Varta","destroyed","https://i.postimg.cc/hPpt3yPt/7u.png","2023-11-16",492,13615,1,"380-492136151","11/16/2023"
"14992","Ukraine","Ukraine","Varta","destroyed","https://i.postimg.cc/MpPNBN48/311.jpg","2023-11-16",492,13616,1,"380-492136161","11/16/2023"
"14993","Ukraine","Ukraine","Varta","destroyed","https://i.postimg.cc/MHQ7P76Q/2000.jpg","2023-11-16",492,13617,1,"380-492136171","11/16/2023"
"14994","Ukraine","Ukraine","Varta","destroyed","https://i.postimg.cc/tRDKr2Q8/2001-Varta-IMV-1x-destroyed.jpg","2023-11-16",492,13618,1,"380-492136181","11/16/2023"
"14995","Ukraine","Ukraine","Varta","destroyed","https://postimg.cc/bSYn98yJ","2023-11-16",492,13619,1,"380-492136191","11/16/2023"
"14996","Ukraine","Ukraine","Varta","destroyed","https://i.postimg.cc/rmgYsHpT/2005-varta-destr.jpg","2023-11-16",492,13620,1,"380-492136201","11/16/2023"
"14997","Ukraine","Ukraine","Varta","destroyed","https://i.postimg.cc/yxnBY74p/2122-Varta-destr-01-05-22.jpg","2023-11-16",492,13621,1,"380-492136211","11/16/2023"
"14998","Ukraine","Ukraine","Varta","destroyed","https://i.postimg.cc/1RK6C6Qr/2005-varta-destr.jpg","2023-11-16",492,13622,1,"380-492136221","11/16/2023"
"14999","Ukraine","Ukraine","Varta","destroyed","https://i.postimg.cc/28HV3xKr/2227.png","2023-11-16",492,13623,1,"380-492136231","11/16/2023"
"15000","Ukraine","Ukraine","Varta","destroyed","https://i.postimg.cc/CM67WHZC/248.png","2023-11-16",492,13624,1,"380-492136241","11/16/2023"
"15001","Ukraine","Ukraine","Varta","destroyed","https://i.postimg.cc/Pf6v3yY7/431.png","2023-11-16",492,13625,1,"380-492136251","11/16/2023"
"15002","Ukraine","Ukraine","Varta","damaged","https://i.postimg.cc/fbh4sb12/2020-varta-dam-05-03-23.jpg","2023-11-16",492,13626,2,"380-492136262","11/16/2023"
"15003","Ukraine","Ukraine","Varta","damaged","https://i.postimg.cc/76VZx6N8/43g.png","2023-11-16",492,13627,2,"380-492136272","11/16/2023"
"15004","Ukraine","Ukraine","Varta","captured","https://i.postimg.cc/bwdt7HRf/5497.png","2023-11-16",492,13628,3,"380-492136283","11/16/2023"
"15005","Ukraine","Ukraine","Varta","captured","https://i.postimg.cc/442p3Kn8/443.png","2023-11-16",492,11412,3,"380-492114123","11/16/2023"
"15006","Ukraine","Ukraine","Varta","captured","https://i.postimg.cc/FRdRwxTM/433.png","2023-11-16",492,13629,3,"380-492136293","11/16/2023"
"15007","Ukraine","Ukraine","Varta","captured","https://i.postimg.cc/c4jKpNP5/7u.png","2023-11-16",492,13630,3,"380-492136303","11/16/2023"
"15008","Ukraine","Ukraine","Varta","captured","https://i.postimg.cc/VvgqDJDh/7644.png","2023-11-16",492,13631,3,"380-492136313","11/16/2023"
"15009","Ukraine","Ukraine","Varta","captured","https://i.postimg.cc/K8jVkwmk/6529.png","2023-11-16",492,13632,3,"380-492136323","11/16/2023"
"15010","Ukraine","Ukraine","Varta","captured","https://i.postimg.cc/5t7kxmh5/4383.png","2023-11-16",492,13633,3,"380-492136333","11/16/2023"
"15011","Ukraine","Ukraine","Varta","captured","https://i.postimg.cc/zGf1Wqkg/4312.png","2023-11-16",492,13634,3,"380-492136343","11/16/2023"
"15012","Ukraine","Ukraine","Varta","captured","https://i.postimg.cc/ZnVDfxsb/438.png","2023-11-16",492,13635,3,"380-492136353","11/16/2023"
"15013","Ukraine","Ukraine","Varta","captured","https://i.postimg.cc/s2j9JmdL/f4.jpg","2023-11-16",492,13636,3,"380-492136363","11/16/2023"
"15014","Ukraine","Ukraine","Varta","captured","https://i.postimg.cc/4d7tkwNf/d1h.jpg","2023-11-16",492,13637,3,"380-492136373","11/16/2023"
"15015","Ukraine","Ukraine","Varta","captured","https://i.postimg.cc/xT2zK4zR/5547.png","2023-11-16",492,13638,3,"380-492136383","11/16/2023"
"15016","Ukraine","Ukraine","Varta","captured","https://i.postimg.cc/MpqsfLzt/66590.png","2023-11-16",492,13639,3,"380-492136393","11/16/2023"
"15017","Ukraine","Ukraine","Varta","captured","https://i.postimg.cc/T1SXymTX/438.png","2023-11-16",492,13640,3,"380-492136403","11/16/2023"
"15018","Ukraine","Ukraine","Varta","captured","https://postimg.cc/VrXX4dBz","2023-11-16",492,13641,3,"380-492136413","11/16/2023"
"15019","Ukraine","Ukraine","Varta","captured","https://i.postimg.cc/Jz3fWZ7K/547.png","2023-11-16",492,13642,3,"380-492136423","11/16/2023"
"15020","Ukraine","Ukraine","Varta","captured","https://i.postimg.cc/yd79bqQv/4382.png","2023-11-16",492,13643,3,"380-492136433","11/16/2023"
"15021","Ukraine","Ukraine","Varta","captured","https://i.postimg.cc/hj0YkBSj/237.png","2023-11-16",492,13644,3,"380-492136443","11/16/2023"
"15022","Ukraine","Ukraine","Varta","captured","https://i.postimg.cc/52N2T4bH/4384.png","2023-11-16",492,13645,3,"380-492136453","11/16/2023"
"15023","Ukraine","Ukraine","Varta","captured","https://i.postimg.cc/6qLPNNtq/3287.png","2023-11-16",492,13646,3,"380-492136463","11/16/2023"
"15024","Ukraine","Ukraine","Varta","captured","https://i.postimg.cc/3Ndks3gC/316.png","2023-11-16",492,13647,3,"380-492136473","11/16/2023"
"15025","Ukraine","Ukraine","Varta","captured","https://i.postimg.cc/k5FRLLZ4/2004-varta-capt-16-01-23.png","2023-11-16",492,13648,3,"380-492136483","11/16/2023"
"15026","Ukraine","Ukraine","Varta","captured","https://i.postimg.cc/j2CSzjg1/2015-varta-capt-24-12-22.jpg","2023-11-16",492,13649,3,"380-492136493","11/16/2023"
"15027","Ukraine","Ukraine","Varta","captured","https://i.postimg.cc/x8CGgyXm/2030-varta-capt-25-07-22.jpg","2023-11-16",492,13650,3,"380-492136503","11/16/2023"
"15028","Ukraine","Ukraine","Kozak-2","destroyed","https://i.postimg.cc/L6pqJk7y/58.png","2023-11-16",493,13651,1,"380-493136511","11/16/2023"
"15029","Ukraine","Ukraine","Kozak-2","destroyed","https://i.postimg.cc/9Mk6MT7K/488.png","2023-11-16",493,13652,1,"380-493136521","11/16/2023"
"15030","Ukraine","Ukraine","Kozak-2","destroyed","https://i.postimg.cc/gjVypYKQ/5779.png","2023-11-16",493,13653,1,"380-493136531","11/16/2023"
"15031","Ukraine","Ukraine","Kozak-2","destroyed","https://i.postimg.cc/VL6Ht3VF/37.png","2023-11-16",493,13654,1,"380-493136541","11/16/2023"
"15032","Ukraine","Ukraine","Kozak-2","destroyed","https://i.postimg.cc/gJxgjt08/338.png","2023-11-16",493,13655,1,"380-493136551","11/16/2023"
"15033","Ukraine","Ukraine","Kozak-2","destroyed","https://i.postimg.cc/yNmyrwr1/776.jpg","2023-11-16",493,13656,1,"380-493136561","11/16/2023"
"15034","Ukraine","Ukraine","Kozak-2","destroyed","https://i.postimg.cc/yxFchcQ4/87.png","2023-11-16",493,13657,1,"380-493136571","11/16/2023"
"15035","Ukraine","Ukraine","Kozak-2","destroyed","https://i.postimg.cc/59YQgSVr/7j.png","2023-11-16",493,13658,1,"380-493136581","11/16/2023"
"15036","Ukraine","Ukraine","Kozak-2","destroyed","https://i.postimg.cc/8zb2St2m/4f6.png","2023-11-16",493,13659,1,"380-493136591","11/16/2023"
"15037","Ukraine","Ukraine","Kozak-2","destroyed","https://i.postimg.cc/WtRyGMTH/438.png","2023-11-16",493,13660,1,"380-493136601","11/16/2023"
"15038","Ukraine","Ukraine","Kozak-2","destroyed","https://postlmg.cc/GBXmmRCP","2023-11-16",493,13661,1,"380-493136611","11/16/2023"
"15039","Ukraine","Ukraine","Kozak-2","destroyed","https://i.postimg.cc/zG4jqSdM/ff7.png","2023-11-16",493,13662,1,"380-493136621","11/16/2023"
"15040","Ukraine","Ukraine","Kozak-2","destroyed","https://i.postimg.cc/T1gfvnQx/5g.png","2023-11-16",493,13663,1,"380-493136631","11/16/2023"
"15041","Ukraine","Ukraine","Kozak-2","destroyed","https://i.postimg.cc/J0px3zWQ/337.png","2023-11-16",493,13664,1,"380-493136641","11/16/2023"
"15042","Ukraine","Ukraine","Kozak-2","destroyed","https://i.postimg.cc/zGhKSZ4W/643.png","2023-11-16",493,13665,1,"380-493136651","11/16/2023"
"15043","Ukraine","Ukraine","Kozak-2","destroyed","https://twitter.com/UAWeapons/status/1578487903046406145","2023-11-16",493,13374,1,"380-493133741","11/16/2023"
"15044","Ukraine","Ukraine","Kozak-2","destroyed","https://i.postimg.cc/XY097kRk/48.png","2023-11-16",493,13666,1,"380-493136661","11/16/2023"
"15045","Ukraine","Ukraine","Kozak-2","destroyed","https://i.postimg.cc/RVtrhMYF/g56.png","2023-11-16",493,13667,1,"380-493136671","11/16/2023"
"15046","Ukraine","Ukraine","Kozak-2","destroyed","https://i.postimg.cc/JhzG0pBC/2005-Kozak-2-destr-14-11-22.jpg","2023-11-16",493,13668,1,"380-493136681","11/16/2023"
"15047","Ukraine","Ukraine","Kozak-2","destroyed","https://i.postimg.cc/ZYcGYzBQ/2000-kozak2-destr.jpg","2023-11-16",493,13669,1,"380-493136691","11/16/2023"
"15048","Ukraine","Ukraine","Kozak-2","destroyed","https://i.postimg.cc/HW3fs3ZB/2007-kozak2-destr.jpg","2023-11-16",493,13670,1,"380-493136701","11/16/2023"
"15049","Ukraine","Ukraine","Kozak-2","destroyed","https://i.postimg.cc/NFjZh6z9/6898.png","2023-11-16",493,13671,1,"380-493136711","11/16/2023"
"15050","Ukraine","Ukraine","Kozak-2","destroyed","https://i.postimg.cc/6qVqVssC/2108-Kozak-2-destr-16-04-22.jpg","2023-11-16",493,13672,1,"380-493136721","11/16/2023"
"15051","Ukraine","Ukraine","Kozak-2","destroyed","https://i.postimg.cc/NGRKvXyL/2109-Kozak-2-destr-30-04-22.jpg","2023-11-16",493,13673,1,"380-493136731","11/16/2023"
"15052","Ukraine","Ukraine","Kozak-2","destroyed","https://i.postimg.cc/6qxTGWP9/2110-Kozak-2-destr-20-05-22.jpg","2023-11-16",493,13674,1,"380-493136741","11/16/2023"
"15053","Ukraine","Ukraine","Kozak-2","destroyed","https://i.postimg.cc/Kz2LFHd7/2004-Kozak-2-destr.jpg","2023-11-16",493,13675,1,"380-493136751","11/16/2023"
"15054","Ukraine","Ukraine","Kozak-2","destroyed","https://i.postimg.cc/c132sx7F/79.png","2023-11-16",493,13676,1,"380-493136761","11/16/2023"
"15055","Ukraine","Ukraine","Kozak-2","destroyed","https://i.postimg.cc/gJpC8683/2003-Kozak-2-destr-01-01-23.jpg","2023-11-16",493,13677,1,"380-493136771","11/16/2023"
"15056","Ukraine","Ukraine","Kozak-2","destroyed","https://i.postimg.cc/XqXg4DkB/54g4.png","2023-11-16",493,13678,1,"380-493136781","11/16/2023"
"15057","Ukraine","Ukraine","Kozak-2","destroyed","https://i.postimg.cc/QCNmdxkD/2024-Kozak-2-destr-18-04-23.jpg","2023-11-16",493,13679,1,"380-493136791","11/16/2023"
"15058","Ukraine","Ukraine","Kozak-2","destroyed","https://i.postimg.cc/d0PhwvV1/2000-kozak2-destr-02-07-23.jpg","2023-11-16",493,13680,1,"380-493136801","11/16/2023"
"15059","Ukraine","Ukraine","Kozak-2","destroyed","https://i.postimg.cc/CLktBKkb/2000-Kozak-2-destr-17-07-23.jpg","2023-11-16",493,13681,1,"380-493136811","11/16/2023"
"15060","Ukraine","Ukraine","Kozak-2","destroyed","https://i.postimg.cc/Bv75L1cQ/2034-Kozak-2-destr-09-07-23.jpg","2023-11-16",493,13682,1,"380-493136821","11/16/2023"
"15061","Ukraine","Ukraine","Kozak-2","destroyed","https://i.postimg.cc/s2g9gJWN/2035-Kozak-2-destr-09-07-23.jpg","2023-11-16",493,13683,1,"380-493136831","11/16/2023"
"15062","Ukraine","Ukraine","Kozak-2","destroyed","https://i.postimg.cc/9frrkL38/2035-kozak2-dam-21-06-23.jpg","2023-11-16",493,13684,1,"380-493136841","11/16/2023"
"15063","Ukraine","Ukraine","Kozak-2","destroyed","https://i.postimg.cc/vZw0FRmM/2007-Kozak-2-destr-01-08-23.jpg","2023-11-16",493,13685,1,"380-493136851","11/16/2023"
"15064","Ukraine","Ukraine","Kozak-2","destroyed","https://i.postimg.cc/ZKzGxkgr/3329.png","2023-11-16",493,13686,1,"380-493136861","11/16/2023"
"15065","Ukraine","Ukraine","Kozak-2","destroyed","https://i.postimg.cc/vmwpR9zj/327.png","2023-11-16",493,13687,1,"380-493136871","11/16/2023"
"15066","Ukraine","Ukraine","Kozak-2","destroyed","https://i.postimg.cc/y8kgqjBh/2008-Kozak-2-destr-17-10-23.jpg","2023-11-16",493,13688,1,"380-493136881","11/16/2023"
"15067","Ukraine","Ukraine","Kozak-2","damaged","https://i.postimg.cc/1XzJ7nhW/d2g.png","2023-11-16",493,13689,2,"380-493136892","11/16/2023"
"15068","Ukraine","Ukraine","Kozak-2","captured","https://i.postimg.cc/1XzJ7nhW/d2g.png","2023-11-16",493,13689,3,"380-493136893","11/16/2023"
"15069","Ukraine","Ukraine","Kozak-2","captured","https://i.postimg.cc/2yTDYrFb/762.png","2023-11-16",493,13690,3,"380-493136903","11/16/2023"
"15070","Ukraine","Ukraine","Kozak-2","captured","https://i.postimg.cc/3JFW2v5Y/13.png","2023-11-16",493,13691,3,"380-493136913","11/16/2023"
"15071","Ukraine","Ukraine","Kozak-2","captured","https://i.postimg.cc/rFc2Qn20/763.png","2023-11-16",493,13692,3,"380-493136923","11/16/2023"
"15072","Ukraine","Ukraine","Kozak-2","captured","https://i.postimg.cc/Sx36XxJL/431.png","2023-11-16",493,13693,3,"380-493136933","11/16/2023"
"15073","Ukraine","Ukraine","Kozak-2","captured","https://i.postimg.cc/xC6W8zKw/544.png","2023-11-16",493,13694,3,"380-493136943","11/16/2023"
"15074","Ukraine","Ukraine","Kozak-2","captured","https://i.postimg.cc/Ls6bb8HD/4387.png","2023-11-16",493,13612,3,"380-493136123","11/16/2023"
"15075","Ukraine","Ukraine","Kozak-2","captured","https://i.postimg.cc/HkPLj9c0/h7.png","2023-11-16",493,13695,3,"380-493136953","11/16/2023"
"15076","Ukraine","Ukraine","Kozak-2","captured","https://i.postimg.cc/05BPGh0h/299.png","2023-11-16",493,13696,3,"380-493136963","11/16/2023"
"15077","Ukraine","Ukraine","Kozak-2","captured","https://i.postimg.cc/6QgvmvjC/875.png","2023-11-16",493,13697,3,"380-493136973","11/16/2023"
"15078","Ukraine","Ukraine","Kozak-2","captured","https://i.postimg.cc/rzXgXHfC/439.png","2023-11-16",493,13698,3,"380-493136983","11/16/2023"
"15079","Ukraine","Ukraine","Kozak-2","captured","https://i.postimg.cc/7LRKd6Ct/585.png","2023-11-16",493,13699,3,"380-493136993","11/16/2023"
"15080","Ukraine","Ukraine","Kozak-2","captured","https://i.postimg.cc/KcBnzr7B/35.png","2023-11-16",493,13700,3,"380-493137003","11/16/2023"
"15081","Ukraine","Ukraine","Kozak-2","captured","https://i.postimg.cc/3xB6SYCz/4776.png","2023-11-16",493,13701,3,"380-493137013","11/16/2023"
"15082","Ukraine","Ukraine","Kozak-2","captured","https://i.postimg.cc/vBGg4Q47/367.png","2023-11-16",493,13702,3,"380-493137023","11/16/2023"
"15083","Ukraine","Ukraine","Kozak-2","captured","https://postimg.cc/470fJLsW","2023-11-16",493,13703,3,"380-493137033","11/16/2023"
"15084","Ukraine","Ukraine","Kozak-2","captured","https://i.postimg.cc/XJCpJGQH/2106-Kozak-2-capt-27-04-22.jpg","2023-11-16",493,13704,3,"380-493137043","11/16/2023"
"15085","Ukraine","Ukraine","Kozak-2","captured","https://i.postimg.cc/L6Rn9sfD/2107-Kozak-2-capt-22-07-22.jpg","2023-11-16",493,13705,3,"380-493137053","11/16/2023"
"15086","Ukraine","Ukraine","Kozak-2M1","destroyed","https://i.postimg.cc/5NBFJMMG/54h.png","2023-11-16",494,13706,1,"380-494137061","11/16/2023"
"15087","Ukraine","Ukraine","Kozak-2M1","destroyed","https://twitter.com/UAWeapons/status/1548987767320870912","2023-11-16",494,13707,1,"380-494137071","11/16/2023"
"15088","Ukraine","Ukraine","Kozak-2M1","destroyed","https://i.postimg.cc/mZzm5DLw/2000-Kozack-2m1.jpg","2023-11-16",494,13708,1,"380-494137081","11/16/2023"
"15089","Ukraine","Ukraine","Kozak-2M1","destroyed","https://i.postimg.cc/pXS07CQT/2012-kozak2m1-destr.jpg","2023-11-16",494,13709,1,"380-494137091","11/16/2023"
"15090","Ukraine","Ukraine","Kozak-2M1","destroyed","https://i.postimg.cc/4dGVW6Y8/2000-Kozak-2-M1-destr-12-01-23.jpg","2023-11-16",494,13710,1,"380-494137101","11/16/2023"
"15091","Ukraine","Ukraine","Kozak-2M1","destroyed","https://i.postimg.cc/fyKVVhz0/2002-Kozak-2-M1-destr-14-01-23.jpg","2023-11-16",494,13711,1,"380-494137111","11/16/2023"
"15092","Ukraine","Ukraine","Kozak-2M1","destroyed","https://i.postimg.cc/dtGhpJyn/2008-Kozak-2-M1-destr-16-01-23.jpg","2023-11-16",494,13712,1,"380-494137121","11/16/2023"
"15093","Ukraine","Ukraine","Kozak-2M1","destroyed","https://i.postimg.cc/G3FPxyJp/2004-kozak-2m1-destr-05-02-23.jpg","2023-11-16",494,13713,1,"380-494137131","11/16/2023"
"15094","Ukraine","Ukraine","Kozak-2M1","destroyed","https://i.postimg.cc/Pqtwq3pn/1301-kozak2m1-destr-25-10-22.jpg","2023-11-16",494,13714,1,"380-494137141","11/16/2023"
"15095","Ukraine","Ukraine","Kozak-2M1","destroyed","https://i.postimg.cc/Mp6QcbfS/2010-kozak2m1-destr-16-02-23.jpg","2023-11-16",494,13715,1,"380-494137151","11/16/2023"
"15096","Ukraine","Ukraine","Kozak-2M1","destroyed","https://i.postimg.cc/Xv59bM4m/2017-Kozak-2-M1-destr-12-03-23.png","2023-11-16",494,13716,1,"380-494137161","11/16/2023"
"15097","Ukraine","Ukraine","Kozak-2M1","destroyed","https://i.postimg.cc/HW0wM7Nd/336.png","2023-11-16",494,13717,1,"380-494137171","11/16/2023"
"15098","Ukraine","Ukraine","Kozak-2M1","destroyed","https://i.postimg.cc/QMkCDwKf/2020-Kozak-2-M1-destr-21-04-23.jpg","2023-11-16",494,13718,1,"380-494137181","11/16/2023"
"15099","Ukraine","Ukraine","Kozak-2M1","destroyed","https://i.postimg.cc/3JsxvYgL/2021-Kozak-2-M1-destr-31-08-22.jpg","2023-11-16",494,13719,1,"380-494137191","11/16/2023"
"15100","Ukraine","Ukraine","Kozak-2M1","destroyed","https://i.postimg.cc/50WkK1cj/2006-M-ATV-destr-25-07-23.jpg","2023-11-16",494,13720,1,"380-494137201","11/16/2023"
"15101","Ukraine","Ukraine","Kozak-2M1","destroyed","https://i.postimg.cc/NfXG56tH/2011-Kozak-2-M1-destr-03-08-23.jpg","2023-11-16",494,13721,1,"380-494137211","11/16/2023"
"15102","Ukraine","Ukraine","Kozak-2M1","destroyed","https://i.postimg.cc/TYJxDJqy/2033-Kozak-2-M1-destr-23-09-23.jpg","2023-11-16",494,13722,1,"380-494137221","11/16/2023"
"15103","Ukraine","Ukraine","Kozak-2M1","destroyed","https://i.postimg.cc/wjztvrTv/2006-Kozak-2-M1-destr-30-09-23.jpg","2023-11-16",494,13723,1,"380-494137231","11/16/2023"
"15104","Ukraine","Ukraine","Kozak-2M1","damaged","https://i.postimg.cc/yxHP51RL/2007-Kozak-2-M1-dam-30-09-22.jpg","2023-11-16",494,13724,2,"380-494137242","11/16/2023"
"15105","Ukraine","Ukraine","Kozak-2M1","damaged","https://i.postimg.cc/VsjFhJmn/28.png","2023-11-16",494,13725,2,"380-494137252","11/16/2023"
"15106","Ukraine","Ukraine","Kozak-2M1","damaged","https://i.postimg.cc/QdmcSnZC/2000-kozak2m1-dam-aband-27-12-22.jpg","2023-11-16",494,13726,2,"380-494137262","11/16/2023"
"15107","Ukraine","Ukraine","Kozak-2M1","abandoned","https://i.postimg.cc/QdmcSnZC/2000-kozak2m1-dam-aband-27-12-22.jpg","2023-11-16",494,13726,4,"380-494137264","11/16/2023"
"15108","Ukraine","Ukraine","Kozak-2M1","captured","https://i.postimg.cc/1zdHVd19/7j.png","2023-11-16",494,13727,3,"380-494137273","11/16/2023"
"15109","Ukraine","Ukraine","Kozak-2M1","captured","https://i.postimg.cc/Y9QmHJ7T/5549.png","2023-11-16",494,13728,3,"380-494137283","11/16/2023"
"15110","Ukraine","Ukraine","Kozak-2M1","captured","https://i.postimg.cc/KjvxRVmz/77.png","2023-11-16",494,13729,3,"380-494137293","11/16/2023"
"15111","Ukraine","Ukraine","Kozak-2M1","captured","https://twitter.com/UAWeapons/status/1551672584361615371","2023-11-16",494,13730,3,"380-494137303","11/16/2023"
"15112","Ukraine","Ukraine","Kozak-2M1","captured","https://i.postimg.cc/Zq7phhQw/4r44.png","2023-11-16",494,13731,3,"380-494137313","11/16/2023"
"15113","Ukraine","Ukraine","Kozak-2M1","captured","https://i.postimg.cc/tghjjRhd/4360.png","2023-11-16",494,13732,3,"380-494137323","11/16/2023"
"15114","Ukraine","Ukraine","Kozak-2M1","captured","https://i.postimg.cc/KY2n71xR/5542.png","2023-11-16",494,13733,3,"380-494137333","11/16/2023"
"15115","Ukraine","Ukraine","Kozak-5","destroyed","https://i.postimg.cc/zDyW7hkb/5ge.png","2023-11-16",495,13734,1,"380-495137341","11/16/2023"
"15116","Ukraine","Ukraine","Kozak-5","destroyed","https://i.postimg.cc/X7HHXFzz/2033-Kozak-5-destr-03-05-23.jpg","2023-11-16",495,13735,1,"380-495137351","11/16/2023"
"15117","Ukraine","Ukraine","Kozak-5","captured","https://twitter.com/UAWeapons/status/1547991723946610690","2023-11-16",495,13736,3,"380-495137363","11/16/2023"
"15118","Ukraine","Ukraine","Kozak-7","destroyed","https://i.postimg.cc/Jh35Hxrb/2003-Kozak-2-M1-destr-28-01-23.jpg","2023-11-16",496,13737,1,"380-496137371","11/16/2023"
"15119","Ukraine","Ukraine","Kozak-7","destroyed","https://i.postimg.cc/hP14kQ5q/1300-kozak7-destr-26-01-23.jpg","2023-11-16",496,13738,1,"380-496137381","11/16/2023"
"15120","Ukraine","Ukraine","Kozak-7","destroyed","https://i.postimg.cc/VkJ7tvyL/2015-Kozak-7-destr-08-05-23.jpg","2023-11-16",496,13739,1,"380-496137391","11/16/2023"
"15121","Ukraine","Ukraine","Kozak-7","destroyed","https://i.postimg.cc/gJ8SfT0D/2006-kozak7-destr-13-05-23.jpg","2023-11-16",496,13740,1,"380-496137401","11/16/2023"
"15122","Ukraine","Ukraine","Kozak-7","destroyed","https://i.postimg.cc/cLJ34zSs/336.png","2023-11-16",496,13741,1,"380-496137411","11/16/2023"
"15123","Ukraine","Ukraine","Kozak-7","destroyed","https://i.postimg.cc/qRx02Xdp/2001-Kozak-7-destr-31-05-23.jpg","2023-11-16",496,13742,1,"380-496137421","11/16/2023"
"15124","Ukraine","Ukraine","Kozak-7","damaged","https://i.postimg.cc/gkGLHcxw/2006-Kozak-7-dam-25-04-23.jpg","2023-11-16",496,13743,2,"380-496137432","11/16/2023"
"15125","Ukraine","Ukraine","Triton-1","captured","https://i.postimg.cc/x8sb9gDh/45.png","2023-11-16",497,13744,3,"380-497137443","11/16/2023"
"15126","Ukraine","Ukraine","Triton-1","captured","https://i.postimg.cc/SNrgtV68/57.png","2023-11-16",497,13745,3,"380-497137453","11/16/2023"
"15127","Ukraine","Ukraine","Triton-1","captured","https://postimg.cc/2V03L6Hb","2023-11-16",497,13746,3,"380-497137463","11/16/2023"
"15128","Ukraine","United States","M1114 and M1151 HMMWV","destroyed","https://i.postimg.cc/bY3x4Pp9/4478.png","2023-11-16",498,13747,1,"380-498137471","11/16/2023"
"15129","Ukraine","United States","M1114 and M1151 HMMWV","destroyed","https://i.postimg.cc/TPmQqZVc/d2.png","2023-11-16",498,13748,1,"380-498137481","11/16/2023"
"15130","Ukraine","United States","M1114 and M1151 HMMWV","destroyed","https://i.postimg.cc/520hs90w/3367.png","2023-11-16",498,13749,1,"380-498137491","11/16/2023"
"15131","Ukraine","United States","M1114 and M1151 HMMWV","destroyed","https://i.postimg.cc/3RqvfBPJ/g9.png","2023-11-16",498,13750,1,"380-498137501","11/16/2023"
"15132","Ukraine","United States","M1114 and M1151 HMMWV","destroyed","https://i.postimg.cc/xdzyh4m5/54.png","2023-11-16",498,13751,1,"380-498137511","11/16/2023"
"15133","Ukraine","United States","M1114 and M1151 HMMWV","destroyed","https://i.postimg.cc/WzWkhGrt/46.png","2023-11-16",498,13752,1,"380-498137521","11/16/2023"
"15134","Ukraine","United States","M1114 and M1151 HMMWV","destroyed","https://i.postimg.cc/DzfLr2dt/4439.png","2023-11-16",498,13753,1,"380-498137531","11/16/2023"
"15135","Ukraine","United States","M1114 and M1151 HMMWV","destroyed","https://i.postimg.cc/wv7MQkPq/6877.png","2023-11-16",498,13754,1,"380-498137541","11/16/2023"
"15136","Ukraine","United States","M1114 and M1151 HMMWV","destroyed","https://i.postimg.cc/zvMHqDK2/58.png","2023-11-16",498,13755,1,"380-498137551","11/16/2023"
"15137","Ukraine","United States","M1114 and M1151 HMMWV","destroyed","https://twitter.com/UAWeapons/status/1559225175547183104","2023-11-16",498,13756,1,"380-498137561","11/16/2023"
"15138","Ukraine","United States","M1114 and M1151 HMMWV","destroyed","https://i.postimg.cc/rpfQ2WVb/2000-humwee.jpg","2023-11-16",498,13757,1,"380-498137571","11/16/2023"
"15139","Ukraine","United States","M1114 and M1151 HMMWV","destroyed","https://i.postimg.cc/1Rw9LJv1/2002-HMMWV.jpg","2023-11-16",498,13758,1,"380-498137581","11/16/2023"
"15140","Ukraine","United States","M1114 and M1151 HMMWV","destroyed","https://i.postimg.cc/5yzYvrtX/2022-09-22-HMMWV.jpg","2023-11-16",498,13759,1,"380-498137591","11/16/2023"
"15141","Ukraine","United States","M1114 and M1151 HMMWV","destroyed","https://i.postimg.cc/gjHT1P9Z/HMMVW.png","2023-11-16",498,13760,1,"380-498137601","11/16/2023"
"15142","Ukraine","United States","M1114 and M1151 HMMWV","destroyed","https://twitter.com/UAWeapons/status/1577734387550101507","2023-11-16",498,13761,1,"380-498137611","11/16/2023"
"15143","Ukraine","United States","M1114 and M1151 HMMWV","destroyed","https://i.postimg.cc/9fj4QJf4/d567.png","2023-11-16",498,13762,1,"380-498137621","11/16/2023"
"15144","Ukraine","United States","M1114 and M1151 HMMWV","destroyed","https://twitter.com/naalsio26/status/1638340885980106753","2023-11-16",498,13763,1,"380-498137631","11/16/2023"
"15145","Ukraine","United States","M1114 and M1151 HMMWV","destroyed","https://i.postimg.cc/XJJf59Hp/431.png","2023-11-16",498,13764,1,"380-498137641","11/16/2023"
"15146","Ukraine","United States","M1114 and M1151 HMMWV","destroyed","https://i.postimg.cc/q7GwFsvP/5999.png","2023-11-16",498,13765,1,"380-498137651","11/16/2023"
"15147","Ukraine","United States","M1114 and M1151 HMMWV","destroyed","https://postlmg.cc/dDGXHDTb","2023-11-16",498,13766,1,"380-498137661","11/16/2023"
"15148","Ukraine","United States","M1114 and M1151 HMMWV","destroyed","https://i.postimg.cc/FK1YMncQ/2102-HMMWV-M1114-M1151-destr-16-04-22.jpg","2023-11-16",498,13767,1,"380-498137671","11/16/2023"
"15149","Ukraine","United States","M1114 and M1151 HMMWV","destroyed","https://i.postimg.cc/BQG1jpWx/2103-HMMWV-M1114-M1151-destr-02-07-22.jpg","2023-11-16",498,13768,1,"380-498137681","11/16/2023"
"15150","Ukraine","United States","M1114 and M1151 HMMWV","destroyed","https://i.postimg.cc/2Skbw5Sy/2104-HMMWV-M1114-M1151-destr-19-07-22.jpg","2023-11-16",498,13769,1,"380-498137691","11/16/2023"
"15151","Ukraine","United States","M1114 and M1151 HMMWV","destroyed","https://i.postimg.cc/B6Z2fr4Q/2022-05-05-UA-HMMWV-destroyed.jpg","2023-11-16",498,13770,1,"380-498137701","11/16/2023"
"15152","Ukraine","United States","M1114 and M1151 HMMWV","destroyed","https://i.postimg.cc/tTtJFjGC/2007-HMMWV-M1114-M1151-destr-11-11-22.jpg","2023-11-16",498,13771,1,"380-498137711","11/16/2023"
"15153","Ukraine","United States","M1114 and M1151 HMMWV","destroyed","https://i.postimg.cc/prWTZ6PQ/2008-HMMWV-destr-09-10-22.jpg","2023-11-16",498,13772,1,"380-498137721","11/16/2023"
"15154","Ukraine","United States","M1114 and M1151 HMMWV","destroyed","https://i.postimg.cc/XqCbZ7bP/2006-HMMWV-destr-16-01-23.jpg","2023-11-16",498,13773,1,"380-498137731","11/16/2023"
"15155","Ukraine","United States","M1114 and M1151 HMMWV","destroyed","https://i.postimg.cc/858rXVD4/2017-HMMWV-destr-20-02-23.jpg","2023-11-16",498,13774,1,"380-498137741","11/16/2023"
"15156","Ukraine","United States","M1114 and M1151 HMMWV","destroyed","https://i.postimg.cc/bvZVxbxv/2005-HMMWV-destr-22-02-23.jpg","2023-11-16",498,13775,1,"380-498137751","11/16/2023"
"15157","Ukraine","United States","M1114 and M1151 HMMWV","destroyed","https://i.postimg.cc/MKN2s558/2017-HMMWV-M1114-destr-11-02-23.jpg","2023-11-16",498,13776,1,"380-498137761","11/16/2023"
"15158","Ukraine","United States","M1114 and M1151 HMMWV","destroyed","https://i.postimg.cc/YCrg8Dq3/2007-humwee-destr-08-03-23.jpg","2023-11-16",498,13777,1,"380-498137771","11/16/2023"
"15159","Ukraine","United States","M1114 and M1151 HMMWV","destroyed","https://twitter.com/UAWeapons/status/1636832473815416835","2023-11-16",498,13778,1,"380-498137781","11/16/2023"
"15160","Ukraine","United States","M1114 and M1151 HMMWV","destroyed","https://i.postimg.cc/Ls8HWfTt/437.png","2023-11-16",498,13779,1,"380-498137791","11/16/2023"
"15161","Ukraine","United States","M1114 and M1151 HMMWV","destroyed","https://twitter.com/UAWeapons/status/1642511051970183169","2023-11-16",498,13780,1,"380-498137801","11/16/2023"
"15162","Ukraine","United States","M1114 and M1151 HMMWV","destroyed","https://i.postimg.cc/G2GL0xcP/2010-HMMWV-M1151-destr-24-02-23.jpg","2023-11-16",498,13781,1,"380-498137811","11/16/2023"
"15163","Ukraine","United States","M1114 and M1151 HMMWV","destroyed","https://twitter.com/naalsio26/status/1644503638906159105","2023-11-16",498,13782,1,"380-498137821","11/16/2023"
"15164","Ukraine","United States","M1114 and M1151 HMMWV","destroyed","https://i.postimg.cc/hPQdRvZB/336.png","2023-11-16",498,13783,1,"380-498137831","11/16/2023"
"15165","Ukraine","United States","M1114 and M1151 HMMWV","destroyed","https://twitter.com/naalsio26/status/1649203086915665922","2023-11-16",498,13784,1,"380-498137841","11/16/2023"
"15166","Ukraine","United States","M1114 and M1151 HMMWV","destroyed","https://twitter.com/UAWeapons/status/1653828972021424128","2023-11-16",498,13785,1,"380-498137851","11/16/2023"
"15167","Ukraine","United States","M1114 and M1151 HMMWV","destroyed","https://i.postimg.cc/VLLZY4Dt/2046-HMMWV-M1151-destr-05-05-23.jpg","2023-11-16",498,13786,1,"380-498137861","11/16/2023"
"15168","Ukraine","United States","M1114 and M1151 HMMWV","destroyed","https://i.postimg.cc/x1LXNGqZ/2004-humvee-destr-15-05-23.jpg","2023-11-16",498,13787,1,"380-498137871","11/16/2023"
"15169","Ukraine","United States","M1114 and M1151 HMMWV","destroyed","https://i.postimg.cc/NMY8WvzR/2002-humwee-destr-17-05-23.jpg","2023-11-16",498,13788,1,"380-498137881","11/16/2023"
"15170","Ukraine","United States","M1114 and M1151 HMMWV","destroyed","https://i.postimg.cc/bJT0PV7W/2033-HMMWV-M1114-destr-10-05-23.jpg","2023-11-16",498,13789,1,"380-498137891","11/16/2023"
"15171","Ukraine","United States","M1114 and M1151 HMMWV","destroyed","https://i.postimg.cc/8zCy9RqB/2018-humwee-1x-destr-07-06-23.jpg","2023-11-16",498,13790,1,"380-498137901","11/16/2023"
"15172","Ukraine","United States","M1114 and M1151 HMMWV","destroyed","https://i.postimg.cc/tRFVvQND/2006-HMMWV-M1114-destr-01-07-23.jpg","2023-11-16",498,13791,1,"380-498137911","11/16/2023"
"15173","Ukraine","United States","M1114 and M1151 HMMWV","destroyed","https://i.postimg.cc/zBzj7D9y/2013-HMMWV-M1151-destr-19-07-23.jpg","2023-11-16",498,13792,1,"380-498137921","11/16/2023"
"15174","Ukraine","United States","M1114 and M1151 HMMWV","destroyed","https://i.postimg.cc/nrp6FjVV/2004-M1151-EAC-destr-24-07-23.jpg","2023-11-16",498,13793,1,"380-498137931","11/16/2023"
"15175","Ukraine","United States","M1114 and M1151 HMMWV","destroyed","https://i.postimg.cc/ydSfNf3g/2006-hmmwv-destr-31-07-23.jpg","2023-11-16",498,13794,1,"380-498137941","11/16/2023"
"15176","Ukraine","United States","M1114 and M1151 HMMWV","destroyed","https://i.postimg.cc/PJjM5dk9/2014-HMMWV-destr-29-07-23.jpg","2023-11-16",498,13795,1,"380-498137951","11/16/2023"
"15177","Ukraine","United States","M1114 and M1151 HMMWV","destroyed","https://i.postimg.cc/ncD3PVp0/2006-HMMWV-destr-01-08-23.jpg","2023-11-16",498,13796,1,"380-498137961","11/16/2023"
"15178","Ukraine","United States","M1114 and M1151 HMMWV","destroyed","https://i.postimg.cc/g2ty2CGn/2005-HMMWV-destr-06-08-23.jpg","2023-11-16",498,13797,1,"380-498137971","11/16/2023"
"15179","Ukraine","United States","M1114 and M1151 HMMWV","destroyed","https://i.postimg.cc/xjyCDDX7/2017-HMMWV-destr-18-08-23.jpg","2023-11-16",498,13798,1,"380-498137981","11/16/2023"
"15180","Ukraine","United States","M1114 and M1151 HMMWV","destroyed","https://i.postimg.cc/WbRZKhm9/353.png","2023-11-16",498,13799,1,"380-498137991","11/16/2023"
"15181","Ukraine","United States","M1114 and M1151 HMMWV","destroyed","https://i.postimg.cc/fRpQG3y9/6527.png","2023-11-16",498,13800,1,"380-498138001","11/16/2023"
"15182","Ukraine","United States","M1114 and M1151 HMMWV","destroyed","https://i.postimg.cc/WzT2jGwF/315.png","2023-11-16",498,13801,1,"380-498138011","11/16/2023"
"15183","Ukraine","United States","M1114 and M1151 HMMWV","destroyed","https://i.postimg.cc/x1n25yK2/2002-HMMWV-destr-09-10-23.jpg","2023-11-16",498,13802,1,"380-498138021","11/16/2023"
"15184","Ukraine","United States","M1114 and M1151 HMMWV","destroyed","https://i.postimg.cc/dt6tDLN4/2019-HMMWV-destr-14-10-23.jpg","2023-11-16",498,13803,1,"380-498138031","11/16/2023"
"15185","Ukraine","United States","M1114 and M1151 HMMWV","destroyed","https://i.postimg.cc/x8B2rG8f/2004-HMMWV-M1114-M1151-destr-24-09-23.jpg","2023-11-16",498,13804,1,"380-498138041","11/16/2023"
"15186","Ukraine","United States","M1114 and M1151 HMMWV","destroyed","https://i.postimg.cc/Bb30wNNt/2018-hmmwv-destr-05-11-23.jpg","2023-11-16",498,13805,1,"380-498138051","11/16/2023"
"15187","Ukraine","United States","M1114 and M1151 HMMWV","damaged","https://i.postimg.cc/Zq7TJ86V/10-13-2022-HMMWV-damaged-Kherson-region.png","2023-11-16",498,13806,2,"380-498138062","11/16/2023"
"15188","Ukraine","United States","M1114 and M1151 HMMWV","damaged","https://i.postimg.cc/PxRbDhyx/46ht.png","2023-11-16",498,13807,2,"380-498138072","11/16/2023"
"15189","Ukraine","United States","M1114 and M1151 HMMWV","damaged","https://i.postimg.cc/DwS1csrG/2003-Humvee-dam.jpg","2023-11-16",498,13808,2,"380-498138082","11/16/2023"
"15190","Ukraine","United States","M1114 and M1151 HMMWV","damaged","https://i.postimg.cc/6qBBgSwj/3144.png","2023-11-16",498,13809,2,"380-498138092","11/16/2023"
"15191","Ukraine","United States","M1114 and M1151 HMMWV","damaged","https://i.postimg.cc/TwXkVMMq/4337.png","2023-11-16",498,13810,2,"380-498138102","11/16/2023"
"15192","Ukraine","United States","M1114 and M1151 HMMWV","damaged","https://i.postimg.cc/hGVbytpS/2001-humwee-destr-17-05-23.jpg","2023-11-16",498,13811,2,"380-498138112","11/16/2023"
"15193","Ukraine","United States","M1114 and M1151 HMMWV","damaged","https://i.postimg.cc/MGQYJdtR/2042-HUMVEE-dam-08-06-23.jpg","2023-11-16",498,13812,2,"380-498138122","11/16/2023"
"15194","Ukraine","United States","M1114 and M1151 HMMWV","damaged","https://i.postimg.cc/3wv9Lxr1/2010-HMMWV-M1114-M1151-dam-27-07-23.jpg","2023-11-16",498,13813,2,"380-498138132","11/16/2023"
"15195","Ukraine","United States","M1114 and M1151 HMMWV","damaged","https://i.postimg.cc/nL4xhfKB/542.png","2023-11-16",498,13814,2,"380-498138142","11/16/2023"
"15196","Ukraine","United States","M1114 and M1151 HMMWV","damaged","https://i.postimg.cc/W3vTDYC9/2005-HMMWV-M1114-M1151-dam-05-10-23.jpg","2023-11-16",498,13815,2,"380-498138152","11/16/2023"
"15197","Ukraine","United States","M1114 and M1151 HMMWV","abandoned","https://i.postimg.cc/FzpxqYYX/477.png","2023-11-16",498,13816,4,"380-498138164","11/16/2023"
"15198","Ukraine","United States","M1114 and M1151 HMMWV","damaged","https://i.postimg.cc/TPmCksYz/2017-humwee-dam-aband-08-05-23.jpg","2023-11-16",498,13817,2,"380-498138172","11/16/2023"
"15199","Ukraine","United States","M1114 and M1151 HMMWV","abandoned","https://i.postimg.cc/TPmCksYz/2017-humwee-dam-aband-08-05-23.jpg","2023-11-16",498,13817,4,"380-498138174","11/16/2023"
"15200","Ukraine","United States","M1114 and M1151 HMMWV","damaged","https://i.postimg.cc/MKTtkHpb/2016-humwee-dam-aband-08-05-23.jpg","2023-11-16",498,13818,2,"380-498138182","11/16/2023"
"15201","Ukraine","United States","M1114 and M1151 HMMWV","abandoned","https://i.postimg.cc/MKTtkHpb/2016-humwee-dam-aband-08-05-23.jpg","2023-11-16",498,13818,4,"380-498138184","11/16/2023"
"15202","Ukraine","United States","M1114 and M1151 HMMWV","damaged","https://i.postimg.cc/sxsBbfYn/431140.png","2023-11-16",498,13819,2,"380-498138192","11/16/2023"
"15203","Ukraine","United States","M1114 and M1151 HMMWV","captured","https://i.postimg.cc/sxsBbfYn/431140.png","2023-11-16",498,13819,3,"380-498138193","11/16/2023"
"15204","Ukraine","United States","M1114 and M1151 HMMWV","damaged","https://twitter.com/UAWeapons/status/1543548844910206976","2023-11-16",498,13820,2,"380-498138202","11/16/2023"
"15205","Ukraine","United States","M1114 and M1151 HMMWV","captured","https://twitter.com/UAWeapons/status/1543548844910206976","2023-11-16",498,13820,3,"380-498138203","11/16/2023"
"15206","Ukraine","United States","M1114 and M1151 HMMWV","captured","https://twitter.com/UAWeapons/status/1543548844910206976","2023-11-16",498,13820,3,"380-498138203","11/16/2023"
"15207","Ukraine","United States","M1114 and M1151 HMMWV","captured","https://i.postimg.cc/R0MP7jS3/55.png","2023-11-16",498,13821,3,"380-498138213","11/16/2023"
"15208","Ukraine","United States","M1114 and M1151 HMMWV","captured","https://i.postimg.cc/65VbG2k1/6980.png","2023-11-16",498,13822,3,"380-498138223","11/16/2023"
"15209","Ukraine","United States","M1114 and M1151 HMMWV","damaged","https://i.postimg.cc/jjxC3J44/4311.png","2023-11-16",498,13823,2,"380-498138232","11/16/2023"
"15210","Ukraine","United States","M1114 and M1151 HMMWV","captured","https://i.postimg.cc/jjxC3J44/4311.png","2023-11-16",498,13823,3,"380-498138233","11/16/2023"
"15211","Ukraine","United States","M1114 and M1151 HMMWV","captured","https://i.postimg.cc/Bn1zcrNP/vc.png","2023-11-16",498,13824,3,"380-498138243","11/16/2023"
"15212","Ukraine","United States","M1114 and M1151 HMMWV","captured","https://i.postimg.cc/d3MkgBV5/fg5.png","2023-11-16",498,13825,3,"380-498138253","11/16/2023"
"15213","Ukraine","United States","M1114 and M1151 HMMWV","damaged","https://i.postimg.cc/T3GgjbB5/554.png","2023-11-16",498,13826,2,"380-498138262","11/16/2023"
"15214","Ukraine","United States","M1114 and M1151 HMMWV","captured","https://i.postimg.cc/T3GgjbB5/554.png","2023-11-16",498,13826,3,"380-498138263","11/16/2023"
"15215","Ukraine","United States","M1114 and M1151 HMMWV","captured","https://i.postimg.cc/RFshjzFL/7643.png","2023-11-16",498,13827,3,"380-498138273","11/16/2023"
"15216","Ukraine","United States","M1152 HMMWV","destroyed","https://i.postimg.cc/jjxBCvB0/2005-humvee-destr.jpg","2023-11-16",499,13828,1,"380-499138281","11/16/2023"
"15217","Ukraine","United States","M1152 HMMWV","destroyed","https://i.postimg.cc/BQW5x7hX/d34.png","2023-11-16",499,13829,1,"380-499138291","11/16/2023"
"15218","Ukraine","United States","M1152 HMMWV","destroyed","https://i.postimg.cc/4N1Yy0DM/37j.png","2023-11-16",499,13830,1,"380-499138301","11/16/2023"
"15219","Ukraine","United States","M1152 HMMWV","destroyed","https://twitter.com/UAWeapons/status/1648689908339408896","2023-11-16",499,13831,1,"380-499138311","11/16/2023"
"15220","Ukraine","United States","M1152 HMMWV","destroyed","https://i.postimg.cc/ZnThWCMn/2002-M1152-HMMWV-destr-23-05-23.jpg","2023-11-16",499,13832,1,"380-499138321","11/16/2023"
"15221","Ukraine","United States","M1152 HMMWV","destroyed","https://i.postimg.cc/1tv1S2y9/2043-humwee-destr-13-06-23.jpg","2023-11-16",499,13833,1,"380-499138331","11/16/2023"
"15222","Ukraine","United States","M1152 HMMWV","destroyed","https://i.postimg.cc/MTv0hpbX/2011-HMMWV-M1152-destr-07-06-23.jpg","2023-11-16",499,13834,1,"380-499138341","11/16/2023"
"15223","Ukraine","United States","M1152 HMMWV","destroyed","https://i.postimg.cc/NFT14y2m/2021-HMMWV-M1152-destr-07-07-23.jpg","2023-11-16",499,13835,1,"380-499138351","11/16/2023"
"15224","Ukraine","United States","M1152 HMMWV","destroyed","https://i.postimg.cc/yNHk3rqg/4899.png","2023-11-16",499,13836,1,"380-499138361","11/16/2023"
"15225","Ukraine","United States","M998 HMMWV","destroyed","https://i.postimg.cc/SxvtgqXS/2015-HMMWV-M998-destr-16-04-22.jpg","2023-11-16",500,13837,1,"380-500138371","11/16/2023"
"15226","Ukraine","United States","M998 HMMWV","destroyed","https://i.postimg.cc/G2cT8tTB/2001-HMMWV-M998-destr-22-09-22.jpg","2023-11-16",500,13838,1,"380-500138381","11/16/2023"
"15227","Ukraine","United States","M998 HMMWV","destroyed","https://i.postimg.cc/HsXLcG1K/77j.png","2023-11-16",500,13839,1,"380-500138391","11/16/2023"
"15228","Ukraine","United States","M998 HMMWV","damaged","https://i.postimg.cc/zGpRmpJ1/34.png","2023-11-16",500,13840,2,"380-500138402","11/16/2023"
"15229","Ukraine","United States","M998 HMMWV","captured","https://i.postimg.cc/zGpRmpJ1/34.png","2023-11-16",500,13840,3,"380-500138403","11/16/2023"
"15230","Ukraine","United States","M998 HMMWV","captured","https://i.postimg.cc/76ffwygM/5g2.png","2023-11-16",500,13841,3,"380-500138413","11/16/2023"
"15231","Ukraine","United States","M998 HMMWV","captured","https://i.postimg.cc/J0mpRLkX/5799.png","2023-11-16",500,13842,3,"380-500138423","11/16/2023"
"15232","Ukraine","United States","M998 HMMWV","captured","https://i.postimg.cc/63FnxPNL/779.png","2023-11-16",500,13843,3,"380-500138433","11/16/2023"
"15233","Ukraine","United States","M998 HMMWV","captured","https://i.postimg.cc/rmNbC9kq/225.png","2023-11-16",500,13844,3,"380-500138443","11/16/2023"
"15234","Ukraine","United States","M998 HMMWV","captured","https://i.postimg.cc/FzBFNNC6/13.png","2023-11-16",500,13845,3,"380-500138453","11/16/2023"
"15235","Ukraine","United States","M998 HMMWV","captured","https://i.postimg.cc/8c5k2j4W/12.png","2023-11-16",500,13846,3,"380-500138463","11/16/2023"
"15236","Ukraine","United States","M998 HMMWV","captured","https://i.postimg.cc/BvCM2mjW/43fs.png","2023-11-16",500,13847,3,"380-500138473","11/16/2023"
"15237","Ukraine","United States","M998 HMMWV","captured","https://i.postimg.cc/zXpQRT8R/2023-HMMWV-M998-capt-19-04-22.jpg","2023-11-16",500,13848,3,"380-500138483","11/16/2023"
"15238","Ukraine","United States","M998 HMMWV","captured","https://i.postimg.cc/KvmVz0S2/2024-HMMWV-M998-capt-19-04-22.jpg","2023-11-16",500,13849,3,"380-500138493","11/16/2023"
"15239","Ukraine","United States","M998 HMMWV","captured","https://i.postimg.cc/2ySQSFm6/2028-HMMWV-M998-capt-16-05-22.jpg","2023-11-16",500,13850,3,"380-500138503","11/16/2023"
"15240","Ukraine","United States","8 M1165 HMMWV","destroyed","https://i.postimg.cc/C1r5pm6R/2019-HMMWV-M1165-A1-destr-08-05-23.jpg","2023-11-16",501,13851,1,"380-501138511","11/16/2023"
"15241","Ukraine","United States","8 M1165 HMMWV","destroyed","https://i.postimg.cc/T3Lcb9b5/2025-HMMWV-M1165-A1-destr-15-05-23.jpg","2023-11-16",501,13852,1,"380-501138521","11/16/2023"
"15242","Ukraine","United States","8 M1165 HMMWV","destroyed","https://i.postimg.cc/y8pJ3V76/2015-M1165-A1-HMMWV-destr-06-07-23.jpg","2023-11-16",501,13853,1,"380-501138531","11/16/2023"
"15243","Ukraine","United States","8 M1165 HMMWV","destroyed","https://i.postimg.cc/kGrqG3sk/2011-HMMWV-M1165-A1-destr-30-07-23.jpg","2023-11-16",501,13854,1,"380-501138541","11/16/2023"
"15244","Ukraine","United States","8 M1165 HMMWV","destroyed","https://i.postimg.cc/zvSDCBzD/2011-HMMWV-M1165-A1-destr-13-10-23.jpg","2023-11-16",501,13855,1,"380-501138551","11/16/2023"
"15245","Ukraine","United States","8 M1165 HMMWV","destroyed","https://i.postimg.cc/QxhdXpmF/2018-HMMWV-M1165-A1-destr-13-10-23.jpg","2023-11-16",501,13856,1,"380-501138561","11/16/2023"
"15246","Ukraine","United States","8 M1165 HMMWV","destroyed","https://i.postimg.cc/qvvkTbr3/2009-HMMWV-M1165-A1-destr-06-11-23.jpg","2023-11-16",501,13857,1,"380-501138571","11/16/2023"
"15247","Ukraine","United States","8 M1165 HMMWV","captured","https://i.postimg.cc/cJL5P1kS/2016-HMMWV-M1165-A1-capt-26-10-23.jpg","2023-11-16",501,13858,3,"380-501138583","11/16/2023"
"15248","Ukraine","United States","2 M1123 HMMWV","destroyed","https://i.postimg.cc/pL2yRPYs/2019-M1043-A2-or-M1123-with-MAK-destr-20-06-23.jpg","2023-11-16",502,13859,1,"380-502138591","11/16/2023"
"15249","Ukraine","United States","2 M1123 HMMWV","destroyed","https://i.postimg.cc/MZRz4HKx/2012-M1123-HMMWV-destr-10-08-23.jpg","2023-11-16",502,13860,1,"380-502138601","11/16/2023"
"15250","Ukraine","United States","HMMWV Ambulance","destroyed","https://i.postimg.cc/jqvqqgD1/2000-hmmwv-ambulance.jpg","2023-11-16",503,13861,1,"380-503138611","11/16/2023"
"15251","Ukraine","United States","HMMWV Ambulance","destroyed","https://i.postimg.cc/prVF5nVp/2008-ambulance-HMMWV-destr.jpg","2023-11-16",503,13862,1,"380-503138621","11/16/2023"
"15252","Ukraine","United States","HMMWV Ambulance","damaged","https://i.postimg.cc/NFJS3JVx/2006-humwee-ambulance-dam-01-01-23.jpg","2023-11-16",503,13863,2,"380-503138632","11/16/2023"
"15253","Ukraine","United States","HMMWV Ambulance","damaged","https://i.postimg.cc/DZ1WBZFK/2001-HMMWV-Ambulance-dam-31-05-23.jpg","2023-11-16",503,13864,2,"380-503138642","11/16/2023"
"15254","Ukraine","United States","HMMWV Ambulance","damaged","https://i.postimg.cc/y88wjYxy/d12.png","2023-11-16",503,13865,2,"380-503138652","11/16/2023"
"15255","Ukraine","United States","HMMWV Ambulance","captured","https://i.postimg.cc/y88wjYxy/d12.png","2023-11-16",503,13865,3,"380-503138653","11/16/2023"
"15256","Ukraine","United States","HMMWV Ambulance","damaged","https://i.postimg.cc/zX4hRNMG/4799.png","2023-11-16",503,13866,2,"380-503138662","11/16/2023"
"15257","Ukraine","United States","HMMWV Ambulance","captured","https://i.postimg.cc/zX4hRNMG/4799.png","2023-11-16",503,13866,3,"380-503138663","11/16/2023"
"15258","Ukraine","United States","HMMWV Ambulance","damaged","https://i.postimg.cc/MHHmB5bG/48800.png","2023-11-16",503,13867,2,"380-503138672","11/16/2023"
"15259","Ukraine","United States","HMMWV Ambulance","captured","https://i.postimg.cc/MHHmB5bG/48800.png","2023-11-16",503,13867,3,"380-503138673","11/16/2023"
"15260","Ukraine","United States","HMMWV Ambulance","captured","https://i.postimg.cc/XvyMfKLQ/4799.png","2023-11-16",503,13868,3,"380-503138683","11/16/2023"
"15261","Ukraine","United States","HMMWV Ambulance","captured","https://i.postimg.cc/MK2kh9D5/669.png","2023-11-16",503,13869,3,"380-503138693","11/16/2023"
"15262","Ukraine","United States","HMMWV Ambulance","captured","https://i.postimg.cc/KzG3bJS5/2012-HMMWV-ambulance-capt-02-06-22.jpg","2023-11-16",503,13870,3,"380-503138703","11/16/2023"
"15263","Ukraine","United States","HMMWV Ambulance","captured","https://i.postimg.cc/5tBYFwNk/688.png","2023-11-16",503,13871,3,"380-503138713","11/16/2023"
"15264","Ukraine","United States","4 Unknown HMMWV variant","destroyed","https://i.postimg.cc/qqmLhVj3/2005-unkn-humwee-destr-06-05-23.jpg","2023-11-16",504,13872,1,"380-504138721","11/16/2023"
"15265","Ukraine","United States","4 Unknown HMMWV variant","destroyed","https://i.postimg.cc/tTwdyG2k/2008-humwee-destr-18-06-23.jpg","2023-11-16",504,13873,1,"380-504138731","11/16/2023"
"15266","Ukraine","United States","4 Unknown HMMWV variant","destroyed","https://i.postimg.cc/JnXtrtzj/2006-HMMWV-destr-14-06-23.jpg","2023-11-16",504,13874,1,"380-504138741","11/16/2023"
"15267","Ukraine","United States","4 Unknown HMMWV variant","destroyed","https://i.postimg.cc/tTsvXR9Z/2004-HMMWV-destr-17-07-23.jpg","2023-11-16",504,13875,1,"380-504138751","11/16/2023"
"15268","Ukraine","United Kingdom","14 AT105A Saxon","destroyed","https://twitter.com/UAWeapons/status/1543548855802904576","2023-11-16",505,13876,1,"380-505138761","11/16/2023"
"15269","Ukraine","United Kingdom","14 AT105A Saxon","destroyed","https://i.postimg.cc/rwxf0FYd/2000-saxon-destr.jpg","2023-11-16",505,13877,1,"380-505138771","11/16/2023"
"15270","Ukraine","United Kingdom","14 AT105A Saxon","destroyed","https://i.postimg.cc/Y2FW2VPr/2101-AT105-A-Saxon-destr-22-07-22.jpg","2023-11-16",505,13878,1,"380-505138781","11/16/2023"
"15271","Ukraine","United Kingdom","14 AT105A Saxon","destroyed","https://twitter.com/naalsio26/status/1644181221830717440","2023-11-16",505,13879,1,"380-505138791","11/16/2023"
"15272","Ukraine","United Kingdom","14 AT105A Saxon","captured","https://i.postimg.cc/D0SW3Ftv/575.png","2023-11-16",505,13880,3,"380-505138803","11/16/2023"
"15273","Ukraine","United Kingdom","14 AT105A Saxon","captured","https://i.postimg.cc/d0GNMHj0/8j.png","2023-11-16",505,13881,3,"380-505138813","11/16/2023"
"15274","Ukraine","United Kingdom","14 AT105A Saxon","captured","https://i.postimg.cc/YCnc6ThL/43347.png","2023-11-16",505,13882,3,"380-505138823","11/16/2023"
"15275","Ukraine","United Kingdom","14 AT105A Saxon","captured","https://i.postimg.cc/tTLQ9j7F/77690.png","2023-11-16",505,13883,3,"380-505138833","11/16/2023"
"15276","Ukraine","United Kingdom","14 AT105A Saxon","captured","https://twitter.com/UAWeapons/status/1545899359132389377","2023-11-16",505,13884,3,"380-505138843","11/16/2023"
"15277","Ukraine","United Kingdom","14 AT105A Saxon","captured","https://i.postimg.cc/B6JyC2gs/4f66.png","2023-11-16",505,13885,3,"380-505138853","11/16/2023"
"15278","Ukraine","United Kingdom","14 AT105A Saxon","captured","https://i.postimg.cc/9F1QhjhH/2003-Saxon.jpg","2023-11-16",505,13886,3,"380-505138863","11/16/2023"
"15279","Ukraine","United Kingdom","14 AT105A Saxon","captured","https://i.postimg.cc/SN7YC9qH/2100-AT105-A-Saxon-capt-24-04-22.jpg","2023-11-16",505,13887,3,"380-505138873","11/16/2023"
"15280","Ukraine","United Kingdom","14 AT105A Saxon","captured","https://i.postimg.cc/T2CzjmpM/2000-saxon-capt-22-01-23.jpg","2023-11-16",505,13888,3,"380-505138883","11/16/2023"
"15281","Ukraine","United Kingdom","Husky Tactical Support Vehicle","destroyed","https://twitter.com/UAWeapons/status/1560559890422083585","2023-11-16",506,13889,1,"380-506138891","11/16/2023"
"15282","Ukraine","United Kingdom","Husky Tactical Support Vehicle","destroyed","https://twitter.com/UAWeapons/status/1566779757647351808","2023-11-16",506,13890,1,"380-506138901","11/16/2023"
"15283","Ukraine","United Kingdom","Husky Tactical Support Vehicle","destroyed","https://twitter.com/UAWeapons/status/1574382524964421638","2023-11-16",506,12709,1,"380-506127091","11/16/2023"
"15284","Ukraine","United Kingdom","Husky Tactical Support Vehicle","destroyed","https://i.postimg.cc/d3rCpSWr/2005-husky-destr.jpg","2023-11-16",506,13891,1,"380-506138911","11/16/2023"
"15285","Ukraine","United Kingdom","Husky Tactical Support Vehicle","destroyed","https://i.postimg.cc/NjP5cdwv/44y.png","2023-11-16",506,13892,1,"380-506138921","11/16/2023"
"15286","Ukraine","United Kingdom","Husky Tactical Support Vehicle","destroyed","https://i.postimg.cc/XJhvMqMK/rr4.png","2023-11-16",506,13893,1,"380-506138931","11/16/2023"
"15287","Ukraine","United Kingdom","Husky Tactical Support Vehicle","destroyed","https://i.postimg.cc/tT7Ld9sk/2000-Husky-2022-09-21-destr.jpg","2023-11-16",506,13894,1,"380-506138941","11/16/2023"
"15288","Ukraine","United Kingdom","Husky Tactical Support Vehicle","destroyed","https://i.postimg.cc/pLDBDCq1/4370.png","2023-11-16",506,13895,1,"380-506138951","11/16/2023"
"15289","Ukraine","United Kingdom","Husky Tactical Support Vehicle","destroyed","https://i.postimg.cc/sfZLWnnJ/UA-Husky-TSV-destroyed.png","2023-11-16",506,13896,1,"380-506138961","11/16/2023"
"15290","Ukraine","United Kingdom","Husky Tactical Support Vehicle","destroyed","https://i.postimg.cc/KzjyZWcL/2031-Husky-destr-04-06-23.jpg","2023-11-16",506,13897,1,"380-506138971","11/16/2023"
"15291","Ukraine","United Kingdom","Husky Tactical Support Vehicle","destroyed","https://i.postimg.cc/G2ZVkhyZ/2000-Husky-destr-26-08-23.jpg","2023-11-16",506,13898,1,"380-506138981","11/16/2023"
"15292","Ukraine","United Kingdom","Husky Tactical Support Vehicle","destroyed","https://i.postimg.cc/C1Z9BfzG/2008-Husky-destr-25-08-23.jpg","2023-11-16",506,13899,1,"380-506138991","11/16/2023"
"15293","Ukraine","United Kingdom","Husky Tactical Support Vehicle","destroyed","https://i.postimg.cc/R0j0c9bq/242.png","2023-11-16",506,13900,1,"380-506139001","11/16/2023"
"15294","Ukraine","United Kingdom","Husky Tactical Support Vehicle","damaged","https://twitter.com/UAWeapons/status/1558416989827235840","2023-11-16",506,12624,2,"380-506126242","11/16/2023"
"15295","Ukraine","United Kingdom","Husky Tactical Support Vehicle","damaged","https://i.postimg.cc/HnTG7MCR/4478.png","2023-11-16",506,13901,2,"380-506139012","11/16/2023"
"15296","Ukraine","United Kingdom","Husky Tactical Support Vehicle","damaged","https://i.postimg.cc/3RXTXq4m/d3.png","2023-11-16",506,13902,2,"380-506139022","11/16/2023"
"15297","Ukraine","United Kingdom","Husky Tactical Support Vehicle","damaged","https://i.postimg.cc/wMnQ9w24/387.png","2023-11-16",506,13903,2,"380-506139032","11/16/2023"
"15298","Ukraine","United Kingdom","Husky Tactical Support Vehicle","damaged","https://i.postimg.cc/0y45Dr4N/3329.png","2023-11-16",506,13904,2,"380-506139042","11/16/2023"
"15299","Ukraine","United Kingdom","Husky Tactical Support Vehicle","abandoned","https://i.postimg.cc/0y45Dr4N/3329.png","2023-11-16",506,13904,4,"380-506139044","11/16/2023"
"15300","Ukraine","United Kingdom","Husky Tactical Support Vehicle","abandoned","https://i.postimg.cc/Dw29LfTf/2013-Husky-aband-17-08-23.jpg","2023-11-16",506,13905,4,"380-506139054","11/16/2023"
"15301","Ukraine","United Kingdom","Husky Tactical Support Vehicle","captured","https://i.postimg.cc/y8RKRLyP/2030-Husky-TSV-capt-12-06-23.jpg","2023-11-16",506,13906,3,"380-506139063","11/16/2023"
"15302","Ukraine","United Kingdom","Husky Tactical Support Vehicle","captured","https://i.postimg.cc/qBP3Vf5F/2000-Husky-TSV-aband-04-06-23.jpg","2023-11-16",506,13907,3,"380-506139073","11/16/2023"
"15303","Ukraine","Italy","Iveco LMV","destroyed","https://i.postimg.cc/yYgMB80G/2002-rys-destr.jpg","2023-11-16",507,13908,1,"380-507139081","11/16/2023"
"15304","Ukraine","Italy","Iveco LMV","destroyed","https://postimg.cc/WdNm6PND","2023-11-16",507,13909,1,"380-507139091","11/16/2023"
"15305","Ukraine","Italy","Iveco LMV","destroyed","https://i.postimg.cc/J01jxjW8/2002-Iveco-VTLM-Lince-destr.jpg","2023-11-16",507,13910,1,"380-507139101","11/16/2023"
"15306","Ukraine","Italy","Iveco LMV","destroyed","https://i.postimg.cc/JhH6SrqC/y5.png","2023-11-16",507,13911,1,"380-507139111","11/16/2023"
"15307","Ukraine","Italy","Iveco LMV","destroyed","https://i.postimg.cc/Tw876z7L/y6.png","2023-11-16",507,13912,1,"380-507139121","11/16/2023"
"15308","Ukraine","Italy","Iveco LMV","destroyed","https://i.postimg.cc/gcHnT0df/2002-Iveco-LMV-destr-05-01-23.jpg","2023-11-16",507,13913,1,"380-507139131","11/16/2023"
"15309","Ukraine","Italy","Iveco LMV","destroyed","https://i.postimg.cc/66rgtDPc/2017-hmmwv-destr-08-01-23.jpg","2023-11-16",507,13914,1,"380-507139141","11/16/2023"
"15310","Ukraine","Italy","Iveco LMV","destroyed","https://i.postimg.cc/vTXM1Pm2/2018-Iveco-LMV-destr-15-08-23.jpg","2023-11-16",507,13915,1,"380-507139151","11/16/2023"
"15311","Ukraine","Italy","Iveco LMV","destroyed","https://i.postimg.cc/BQgqRWr3/2008-Iveco-LMV-destr-02-10-23.jpg","2023-11-16",507,13916,1,"380-507139161","11/16/2023"
"15312","Ukraine","Italy","Iveco LMV","damaged","https://twitter.com/UAWeapons/status/1585641573433298945","2023-11-16",507,13917,2,"380-507139172","11/16/2023"
"15313","Ukraine","Italy","Iveco LMV","damaged","https://i.postimg.cc/5NSptVR5/2000-Iveco-LMV-dam-24-08-23.jpg","2023-11-16",507,13918,2,"380-507139182","11/16/2023"
"15314","Ukraine","Italy","MLS Shield","destroyed","https://i.postimg.cc/mkJr54db/2003-MLS-Shield-destr-05-01-23.jpg","2023-11-16",508,13919,1,"380-508139191","11/16/2023"
"15315","Ukraine","Italy","MLS Shield","damaged","https://i.postimg.cc/SxwvXdj5/2001-MSL-Shield-4x4-dam.jpg","2023-11-16",508,13920,2,"380-508139202","11/16/2023"
"15316","Ukraine","Italy","MLS Shield","damaged","https://i.postimg.cc/Gp4r4hyv/687.png","2023-11-16",508,13921,2,"380-508139212","11/16/2023"
"15317","Ukraine","United Arab Emirates","INKAS Titan-S","destroyed","https://i.postimg.cc/TPbQ4LQF/2000-INKAS-Titan-S-IMV-destr-25-01-23.jpg","2023-11-16",509,13922,1,"380-509139221","11/16/2023"
"15318","Ukraine","United Arab Emirates","INKAS Titan-S","destroyed","https://i.postimg.cc/vBg9T1dV/2005-INKAS-Titan-S-destr-16-03-23.jpg","2023-11-16",509,13923,1,"380-509139231","11/16/2023"
"15319","Ukraine","United Arab Emirates","INKAS Titan-S","destroyed","https://i.postimg.cc/CK2bGP5T/2003-Titan-S-destr-09-08-23.jpg","2023-11-16",509,13924,1,"380-509139241","11/16/2023"
"15320","Ukraine","United Arab Emirates","3 Panthera T6","destroyed","https://i.postimg.cc/GpZggCbt/2009-Panthera-T6-destr-13-05-23.jpg","2023-11-16",510,13925,1,"380-510139251","11/16/2023"
"15321","Ukraine","United Arab Emirates","3 Panthera T6","destroyed","https://i.postimg.cc/dDMbxZRQ/2017-Panthera-T6-destr-07-07-23.jpg","2023-11-16",510,13926,1,"380-510139261","11/16/2023"
"15322","Ukraine","United Arab Emirates","3 Panthera T6","captured","https://twitter.com/UAWeapons/status/1632347517433135106","2023-11-16",510,13927,3,"380-510139273","11/16/2023"
"15323","Ukraine","Canada","8 Roshel Senator","destroyed","https://twitter.com/UAWeapons/status/1616782723279978498","2023-11-16",511,13928,1,"380-511139281","11/16/2023"
"15324","Ukraine","Canada","8 Roshel Senator","destroyed","https://twitter.com/UAWeapons/status/1650902386708299778","2023-11-16",511,13929,1,"380-511139291","11/16/2023"
"15325","Ukraine","Canada","8 Roshel Senator","destroyed","https://i.postimg.cc/Pf8R1vjF/2052-senator-destr-10-05-23.png","2023-11-16",511,13930,1,"380-511139301","11/16/2023"
"15326","Ukraine","Canada","8 Roshel Senator","destroyed","https://i.postimg.cc/DzDvYx8h/2007-Roshel-Senator-IMV-destr-10-10-23.jpg","2023-11-16",511,13931,1,"380-511139311","11/16/2023"
"15327","Ukraine","Canada","8 Roshel Senator","damaged","https://i.postimg.cc/zvjjPv7c/2036-roschel-senator-dam-07-06-23.jpg","2023-11-16",511,13932,2,"380-511139322","11/16/2023"
"15328","Ukraine","Canada","8 Roshel Senator","damaged","https://i.postimg.cc/rsG3htkp/2003-senator-dam-14-06-23.jpg","2023-11-16",511,13933,2,"380-511139332","11/16/2023"
"15329","Ukraine","Canada","8 Roshel Senator","captured","https://i.postimg.cc/yx1pc6pc/2020-Roshel-Senator-capt-25-05-23.jpg","2023-11-16",511,13934,3,"380-511139343","11/16/2023"
"15330","Ukraine","Canada","8 Roshel Senator","captured","https://i.postimg.cc/NfWV0k5h/244.png","2023-11-16",511,13935,3,"380-511139353","11/16/2023"
"15331","Ukraine","Canada","8 Roshel Senator","destroyed","https://i.postimg.cc/NfWV0k5h/244.png","2023-11-16",511,13935,1,"380-511139351","11/16/2023"
"15332","Ukraine","Poland","AMZ Dzik-2","destroyed","https://i.postimg.cc/fRvV0vJv/2001-Dzik-2-destr-13-11-23.jpg","2023-11-16",512,13936,1,"380-512139361","11/16/2023"
"15333","Ukraine","Poland","AMZ Dzik-2","damaged","https://i.postimg.cc/xdMrgvrq/2004-Dzik-dam-capt-23-05-23.jpg","2023-11-16",512,13937,2,"380-512139372","11/16/2023"
"15334","Ukraine","Poland","AMZ Dzik-2","captured","https://i.postimg.cc/xdMrgvrq/2004-Dzik-dam-capt-23-05-23.jpg","2023-11-16",512,13937,3,"380-512139373","11/16/2023"
"15335","Ukraine","Poland","1 Oncilla","destroyed","https://i.postimg.cc/sXBvqK9y/2012-Oncilla-destr-16-06-23.jpg","2023-11-16",513,13938,1,"380-513139381","11/16/2023"
"15336","Ukraine","Ukraine","Unknown IMV","destroyed","https://i.postimg.cc/jdmKSxL2/78.png","2023-11-16",514,13939,1,"380-514139391","11/16/2023"
"15337","Ukraine","Ukraine","Unknown IMV","destroyed","https://i.postimg.cc/KjFfNBPT/2029-unkn-imv-destr-22-05-23.jpg","2023-11-16",514,13940,1,"380-514139401","11/16/2023"
"15338","Ukraine","Ukraine","Unknown IMV","destroyed","https://i.postimg.cc/DZ1zwRBS/2004-Unknown-IMV-destr-15-08-23.jpg","2023-11-16",514,13941,1,"380-514139411","11/16/2023"
"15339","Ukraine","Ukraine","Unknown IMV","destroyed","https://i.postimg.cc/vTMZgXN3/2009-2x-Unknown-IMV-dam-15-08-23.jpg","2023-11-16",514,13942,1,"380-514139421","11/16/2023"
"15340","Ukraine","Ukraine","Unknown IMV","destroyed","https://i.postimg.cc/j2XdzPVK/2010-Unknown-IMV-destr-15-08-23.jpg","2023-11-16",514,13943,1,"380-514139431","11/16/2023"
"15341","Ukraine","Ukraine","Unknown IMV","damaged","https://i.postimg.cc/bwT9P5Zn/2018-unkn-IMV-dam-17-07-23.jpg","2023-11-16",514,13944,2,"380-514139442","11/16/2023"
"15342","Ukraine","Soviet Union","BMP-1KSh command and staff vehicle","destroyed","https://i.postimg.cc/VLdFx7YY/b7.png","2023-11-16",515,13945,1,"380-515139451","11/16/2023"
"15343","Ukraine","Soviet Union","BMP-1KSh command and staff vehicle","destroyed","https://i.postimg.cc/QCDqBvsP/2001-BMP-1-KSh-destr.jpg","2023-11-16",515,13946,1,"380-515139461","11/16/2023"
"15344","Ukraine","Soviet Union","K1Sh1 command and staff vehicle","captured","https://i.postimg.cc/qB5M9TWT/776.jpg","2023-11-16",516,13947,3,"380-516139473","11/16/2023"
"15345","Ukraine","Soviet Union","R-142N command and staff vehicle","destroyed","https://i.postimg.cc/y6TgnPB0/443gf.png","2023-11-16",517,13948,1,"380-517139481","11/16/2023"
"15346","Ukraine","Ukraine","BTR-70DI-02 'Svityaz' command and staff vehicle","captured","https://i.postimg.cc/W3nKYKXB/447p.png","2023-11-16",518,13949,3,"380-518139493","11/16/2023"
"15347","Ukraine","Soviet Union","R-145BM command vehicle","destroyed","https://i.postimg.cc/C5P7Vr3J/2010-R-145-BM-command-vehicle-destr-16-05-23.jpg","2023-11-16",519,13950,1,"380-519139501","11/16/2023"
"15348","Ukraine","Soviet Union","R-145BM command vehicle","captured","https://i.postimg.cc/nVsmGbjV/32.png","2023-11-16",519,13951,3,"380-519139513","11/16/2023"
"15349","Ukraine","Soviet Union","BTR-60PU-12 air defence command vehicle","destroyed","https://i.postimg.cc/tCJKzZRF/332.png","2023-11-16",520,13952,1,"380-520139521","11/16/2023"
"15350","Ukraine","Soviet Union","BTR-60PU-12 air defence command vehicle","captured","https://i.postimg.cc/kX7WQKTW/4679.png","2023-11-16",520,13953,3,"380-520139533","11/16/2023"
"15351","Ukraine","Soviet Union","1 R-409A radio station vehicle","destroyed","https://twitter.com/UAWeapons/status/1547660596249694211","2023-11-16",521,13954,1,"380-521139541","11/16/2023"
"15352","Ukraine","Soviet Union","1 R-405M radio station vehicle","destroyed","https://twitter.com/UAWeapons/status/1547660596249694211","2023-11-16",522,13954,1,"380-522139541","11/16/2023"
"15353","Ukraine","Soviet Union","1 9S470M1 command vehicle for Buk-M1","destroyed","https://i.postimg.cc/T1hBr4L8/2002-9-S470-M1-destr.jpg","2023-11-16",523,13955,1,"380-523139551","11/16/2023"
"15354","Ukraine","Soviet Union","1 R-845 radio station","destroyed","https://i.postimg.cc/vm0vL7zP/2005-R-845-radio-station-destr-24-02-22.jpg","2023-11-16",524,13956,1,"380-524139561","11/16/2023"
"15355","Ukraine","Soviet Union","ZiL-131-based KShM KUNG command vehicle","destroyed","https://i.postimg.cc/FRMGgXDw/6511.png","2023-11-16",525,13957,1,"380-525139571","11/16/2023"
"15356","Ukraine","Turkey","1 Radio relay station for the TB2 UCAV","destroyed","https://twitter.com/UAWeapons/status/1552621037057187840","2023-11-16",526,13958,1,"380-526139581","11/16/2023"
"15357","Ukraine","Turkey","2 Control station for the TB2 UCAV","destroyed","https://i.postimg.cc/SQVxQ1gY/2000-4x-tb2-ucav-and-2-ground-stations-destr-24-02-22.png","2023-11-16",527,13959,1,"380-527139591","11/16/2023"
"15358","Ukraine","Italy","1 SkyGuard Aspide control station","destroyed","https://twitter.com/UAWeapons/status/1683139938743644162","2023-11-16",528,13960,1,"380-528139601","11/16/2023"
"15359","Ukraine","Soviet Union","IMR-2 combat engineering vehicle","destroyed","https://i.postimg.cc/RZpWdJLS/2004-imr2-destr.jpg","2023-11-16",529,13961,1,"380-529139611","11/16/2023"
"15360","Ukraine","Soviet Union","IMR-2 combat engineering vehicle","destroyed","https://i.postimg.cc/PqMhDWyW/2000-imr2-destr.jpg","2023-11-16",529,13962,1,"380-529139621","11/16/2023"
"15361","Ukraine","Soviet Union","IMR-2 combat engineering vehicle","destroyed","https://i.postimg.cc/8PcRsLLK/266.png","2023-11-16",529,13963,1,"380-529139631","11/16/2023"
"15362","Ukraine","Soviet Union","IMR-2 combat engineering vehicle","destroyed","https://i.postimg.cc/kGT1crLZ/2034-BAT-2-and-IMR-2-destr-02-06-23.jpg","2023-11-16",529,13964,1,"380-529139641","11/16/2023"
"15363","Ukraine","Soviet Union","IMR-2 combat engineering vehicle","destroyed","https://i.postimg.cc/K83CRsJs/2004-imr-2-destr-21-06-23.jpg","2023-11-16",529,13965,1,"380-529139651","11/16/2023"
"15364","Ukraine","Soviet Union","IMR-2 combat engineering vehicle","destroyed","https://i.postimg.cc/KYnFq3Gy/1055-IMR2-destr-21-10-23.jpg","2023-11-16",529,13966,1,"380-529139661","11/16/2023"
"15365","Ukraine","Soviet Union","IMR-2 combat engineering vehicle","destroyed","https://i.postimg.cc/50NXfQg2/2008-imr2-destr-07-11-23.jpg","2023-11-16",529,13967,1,"380-529139671","11/16/2023"
"15366","Ukraine","Soviet Union","IMR-2 combat engineering vehicle","damaged","https://i.postimg.cc/DwF40rFd/2006-IMR-2-dam-aband-22-06-23.jpg","2023-11-16",529,13968,2,"380-529139682","11/16/2023"
"15367","Ukraine","Soviet Union","IMR-2 combat engineering vehicle","abandoned","https://i.postimg.cc/DwF40rFd/2006-IMR-2-dam-aband-22-06-23.jpg","2023-11-16",529,13968,4,"380-529139684","11/16/2023"
"15368","Ukraine","Soviet Union","IMR-2 combat engineering vehicle","captured","https://i.postimg.cc/BQxfxYwb/446.png","2023-11-16",529,13969,3,"380-529139693","11/16/2023"
"15369","Ukraine","Soviet Union","1 BMR-2 mine-clearing tank","abandoned","https://i.postimg.cc/wTnz6gz2/h.png","2023-11-16",530,13970,4,"380-530139704","11/16/2023"
"15370","Ukraine","Soviet Union","1 UR-77 Meteorit","destroyed","https://i.postimg.cc/8CFDWLw0/2016-ur77-destr-13-10-23.jpg","2023-11-16",531,13971,1,"380-531139711","11/16/2023"
"15371","Ukraine","Ukraine","T-64 mine-clearing tank","destroyed","https://i.postimg.cc/26srWGXP/2040-T-64-based-mine-clearing-tank-destr-11-07-23.jpg","2023-11-16",532,13972,1,"380-532139721","11/16/2023"
"15372","Ukraine","Ukraine","T-64 mine-clearing tank","damaged","https://i.postimg.cc/G2bd1vzG/2017-T-64-based-mine-clearing-tank-dam-aband-28-06-23.jpg","2023-11-16",532,13973,2,"380-532139732","11/16/2023"
"15373","Ukraine","Ukraine","T-64 mine-clearing tank","abandoned","https://i.postimg.cc/G2bd1vzG/2017-T-64-based-mine-clearing-tank-dam-aband-28-06-23.jpg","2023-11-16",532,13973,4,"380-532139734","11/16/2023"
"15374","Ukraine","Ukraine","T-64 mine-clearing tank","captured","https://i.postimg.cc/4d5f8ptm/image.jpg","2023-11-16",532,13974,3,"380-532139743","11/16/2023"
"15375","Ukraine","Finland","Leopard 2R mine-clearing tank","destroyed","https://i.postimg.cc/NG7vhjqF/1035-leo2r-destr-04-06-23.jpg","2023-11-16",533,13975,1,"380-533139751","11/16/2023"
"15376","Ukraine","Finland","Leopard 2R mine-clearing tank","damaged","https://i.postimg.cc/bJ4KP8tn/665h8.png","2023-11-16",533,13976,2,"380-533139762","11/16/2023"
"15377","Ukraine","Finland","Leopard 2R mine-clearing tank","damaged","https://i.postimg.cc/ZnrDhNZk/ff2.png","2023-11-16",533,13977,2,"380-533139772","11/16/2023"
"15378","Ukraine","Germany","1 Wisent 1 mine-clearing tank","destroyed","https://i.postimg.cc/7LG9kzMB/bb7.png","2023-11-16",534,13978,1,"380-534139781","11/16/2023"
"15379","Ukraine","Soviet Union","BAT-2 heavy engineering vehicle","destroyed","https://i.postimg.cc/kGT1crLZ/2034-BAT-2-and-IMR-2-destr-02-06-23.jpg","2023-11-16",139,13964,1,"380-139139641","11/16/2023"
"15380","Ukraine","Soviet Union","BAT-2 heavy engineering vehicle","captured","https://i.postimg.cc/2yj5tTbn/bl.png","2023-11-16",139,13979,3,"380-139139793","11/16/2023"
"15381","Ukraine","Soviet Union","BAT-2 heavy engineering vehicle","damaged","https://i.postimg.cc/6Q7pKjZX/f3.png","2023-11-16",139,13980,2,"380-139139802","11/16/2023"
"15382","Ukraine","Soviet Union","BAT-2 heavy engineering vehicle","captured","https://i.postimg.cc/6Q7pKjZX/f3.png","2023-11-16",139,13980,3,"380-139139803","11/16/2023"
"15383","Ukraine","Soviet Union","1 MT-T multi-purpose tracked transporter","damaged","https://twitter.com/UAWeapons/status/1592524450830094340","2023-11-16",535,13981,2,"380-535139812","11/16/2023"
"15384","Ukraine","Soviet Union","1 IRM 'Zhuk' engineer reconnaissance vehicle","captured","https://postimg.cc/4YzZfG5m","2023-11-16",536,13982,3,"380-536139823","11/16/2023"
"15385","Ukraine","Soviet Union","MDK-3 trench-digging vehicle","captured","https://i.postimg.cc/ZYVS4vtw/3321.png","2023-11-16",140,13983,3,"380-140139833","11/16/2023"
"15386","Ukraine","Soviet Union","RKhM 'Kashalot'","destroyed","https://i.postimg.cc/FzPFS9vz/16.png","2023-11-16",537,13984,1,"380-537139841","11/16/2023"
"15387","Ukraine","Soviet Union","RKhM 'Kashalot'","destroyed","https://i.postimg.cc/VsMD3M9V/2006-RKHM-Kashalot-Chemical-reconnaissance-vehicle-destr-01-11-23.jpg","2023-11-16",537,13985,1,"380-537139851","11/16/2023"
"15388","Ukraine","Soviet Union","RKhM 'Kashalot'","captured","https://i.postimg.cc/FK0113Pj/776.png","2023-11-16",537,13986,3,"380-537139863","11/16/2023"
"15389","Ukraine","Soviet Union","RKhM 'Kashalot'","captured","https://i.postimg.cc/J7FjSqDK/2045-RKh-M-Kashalot-capt-04-03-22.jpg","2023-11-16",537,13987,3,"380-537139873","11/16/2023"
"15390","Ukraine","Czech Republic","BREM-Ch ''BREM-4'' armoured recovery vehicle","destroyed","https://i.postimg.cc/fRLJr3Wn/44800.png","2023-11-16",145,13988,1,"380-145139881","11/16/2023"
"15391","Ukraine","Czech Republic","BREM-Ch ''BREM-4'' armoured recovery vehicle","destroyed","https://i.postimg.cc/V6J9JZY7/2018-BREM-Ch-BREM-4-armoured-recovery-vehicle-destr-13-09-22.jpg","2023-11-16",145,13989,1,"380-145139891","11/16/2023"
"15392","Ukraine","Czech Republic","BREM-Ch ''BREM-4'' armoured recovery vehicle","destroyed","https://i.postimg.cc/3N8mN5v2/4313.png","2023-11-16",145,13990,1,"380-145139901","11/16/2023"
"15393","Ukraine","Soviet Union","BTS-4A armoured recovery vehicle","destroyed","https://i.postimg.cc/9QdSvxzZ/v4.png","2023-11-16",142,13991,1,"380-142139911","11/16/2023"
"15394","Ukraine","Soviet Union","BTS-4A armoured recovery vehicle","destroyed","https://twitter.com/UAWeapons/status/1579889976879484928","2023-11-16",142,13992,1,"380-142139921","11/16/2023"
"15395","Ukraine","Soviet Union","BTS-4A armoured recovery vehicle","destroyed","https://i.postimg.cc/vZ7gHRX8/2012-BTS-4-destr-06-05-23.jpg","2023-11-16",142,13993,1,"380-142139931","11/16/2023"
"15396","Ukraine","Soviet Union","BTS-4A armoured recovery vehicle","destroyed","https://i.postimg.cc/QMyhqtzC/2014-bts4-destr-06-07-23.jpg","2023-11-16",142,13994,1,"380-142139941","11/16/2023"
"15397","Ukraine","Soviet Union","BTS-4A armoured recovery vehicle","destroyed","https://i.postimg.cc/g2GYSTkq/2030-BTS-4-ARV-destr-29-09-23.jpg","2023-11-16",142,13995,1,"380-142139951","11/16/2023"
"15398","Ukraine","Soviet Union","BTS-4A armoured recovery vehicle","damaged","https://i.postimg.cc/nhNsV8vJ/2004-T72amt-and-BTS4-dam-aband-15-06-23.jpg","2023-11-16",142,11913,2,"380-142119132","11/16/2023"
"15399","Ukraine","Soviet Union","BTS-4A armoured recovery vehicle","abandoned","https://i.postimg.cc/nhNsV8vJ/2004-T72amt-and-BTS4-dam-aband-15-06-23.jpg","2023-11-16",142,11913,4,"380-142119134","11/16/2023"
"15400","Ukraine","Soviet Union","BTS-4A armoured recovery vehicle","abandoned","https://i.postimg.cc/QC6tSCcB/3254.png","2023-11-16",142,13996,4,"380-142139964","11/16/2023"
"15401","Ukraine","Soviet Union","BTS-4A armoured recovery vehicle","captured","https://i.postimg.cc/3J251m83/38.png","2023-11-16",142,11610,3,"380-142116103","11/16/2023"
"15402","Ukraine","Soviet Union","BTS-4A armoured recovery vehicle","captured","https://i.postimg.cc/BQyRX6qK/689.png","2023-11-16",142,13997,3,"380-142139973","11/16/2023"
"15403","Ukraine","Soviet Union","BREM-1 armoured recovery vehicle","destroyed","https://i.postimg.cc/yx9zNwFP/5760.png","2023-11-16",143,12394,1,"380-143123941","11/16/2023"
"15404","Ukraine","Soviet Union","BREM-1 armoured recovery vehicle","destroyed","https://i.postimg.cc/KvHcBkSZ/2001-brem-1-destr-08-02-23.jpg","2023-11-16",143,13998,1,"380-143139981","11/16/2023"
"15405","Ukraine","Soviet Union","BREM-1 armoured recovery vehicle","destroyed","https://i.postimg.cc/7LQkN135/2017-BREM-1-destr-02-08-23.jpg","2023-11-16",143,13999,1,"380-143139991","11/16/2023"
"15406","Ukraine","Soviet Union","BREM-1 armoured recovery vehicle","damaged","https://twitter.com/Danspiun/status/1648098258911129600","2023-11-16",143,14000,2,"380-143140002","11/16/2023"
"15407","Ukraine","Soviet Union","BREM-1 armoured recovery vehicle","damaged","https://postimg.cc/PNdXDbtv","2023-11-16",143,14001,2,"380-143140012","11/16/2023"
"15408","Ukraine","Soviet Union","BREM-1 armoured recovery vehicle","abandoned","https://i.postimg.cc/T2Vw72RT/1037-2x-dam-aband-bmp2-1x-brem-1-aband-08-11-23.jpg","2023-11-16",143,14002,4,"380-143140024","11/16/2023"
"15409","Ukraine","Soviet Union","BREM-1 armoured recovery vehicle","captured","https://i.postimg.cc/Prww0Ysy/133.png","2023-11-16",143,14003,3,"380-143140033","11/16/2023"
"15410","Ukraine","United States","M88A1 armoured recovery vehicle","destroyed","https://i.postimg.cc/SK1WzSS3/2015-m88a2-destr-21-07-23.jpg","2023-11-16",538,14004,1,"380-538140041","11/16/2023"
"15411","Ukraine","United States","M88A1 armoured recovery vehicle","destroyed","https://i.postimg.cc/VvQKwbGx/2002-M88-A1-destr-24-08-23.jpg","2023-11-16",538,14005,1,"380-538140051","11/16/2023"
"15412","Ukraine","Germany","1 Bergepanzer 2 armoured recovery vehicle","damaged","https://i.postimg.cc/7ZfjZy4z/2008-Bergepanzer-2-ARV-dam-24-07-23.jpg","2023-11-16",539,14006,2,"380-539140062","11/16/2023"
"15413","Ukraine","Germany","2 Bergepanzer 3 armoured recovery vehicle","destroyed","https://i.postimg.cc/L4j9NBRd/2005-Bergepanzer-3-destr-16-10-23.jpg","2023-11-16",540,14007,1,"380-540140071","11/16/2023"
"15414","Ukraine","Germany","2 Bergepanzer 3 armoured recovery vehicle","destroyed","https://i.postimg.cc/cJcKqBQz/2007-Bergepanzer-3-destr-12-11-23.jpg","2023-11-16",540,14008,1,"380-540140081","11/16/2023"
"15415","Ukraine","Soviet Union","Ural-4320 KET-L recovery vehicle","destroyed","https://i.postimg.cc/P5y09mKr/448.png","2023-11-16",152,14009,1,"380-152140091","11/16/2023"
"15416","Ukraine","United States","4 M1132 Stryker Engineering Squad Vehicle","destroyed","https://twitter.com/UAWeapons/status/1693656645635608709","2023-11-16",541,14010,1,"380-541140101","11/16/2023"
"15417","Ukraine","United States","4 M1132 Stryker Engineering Squad Vehicle","destroyed","https://i.postimg.cc/ZKs5fg5T/2003-Stryker-destr-22-08-23.jpg","2023-11-16",541,14011,1,"380-541140111","11/16/2023"
"15418","Ukraine","United States","4 M1132 Stryker Engineering Squad Vehicle","destroyed","https://i.postimg.cc/25Kr5jd2/2031-M1132-ESV-Stryker-destr-28-09-23.jpg","2023-11-16",541,14012,1,"380-541140121","11/16/2023"
"15419","Ukraine","United States","4 M1132 Stryker Engineering Squad Vehicle","destroyed","https://i.postimg.cc/N0QwwjsH/2011-M1132-Stryker-engineer-squad-vehicle-destr-26-10-23.jpg","2023-11-16",541,14013,1,"380-541140131","11/16/2023"
"15420","Ukraine","Soviet Union","3 MTO-AT mobile workshop","destroyed","https://twitter.com/UAWeapons/status/1545021770008240130","2023-11-16",179,12173,1,"380-179121731","11/16/2023"
"15421","Ukraine","Soviet Union","3 MTO-AT mobile workshop","destroyed","https://i.postimg.cc/q73LLhS9/2002-ZIl-131-MTO-AT-destr-15-05-22.jpg","2023-11-16",179,14014,1,"380-179140141","11/16/2023"
"15422","Ukraine","Soviet Union","3 MTO-AT mobile workshop","captured","https://i.postimg.cc/YSjX5Wrj/dd11.png","2023-11-16",179,14015,3,"380-179140153","11/16/2023"
"15423","Ukraine","Soviet Union","PTS-2 tracked amphibious transport","captured","https://postimg.cc/bsfZ6SXD","2023-11-16",542,14016,3,"380-542140163","11/16/2023"
"15424","Ukraine","Soviet Union","3 PMP floating bridge","destroyed","https://i.postimg.cc/zXWfXHm7/dr1.jpg","2023-11-16",543,14017,1,"380-543140171","11/16/2023"
"15425","Ukraine","Soviet Union","3 PMP floating bridge","destroyed","https://i.postimg.cc/0y027gyJ/dr3.jpg","2023-11-16",543,14018,1,"380-543140181","11/16/2023"
"15426","Ukraine","Soviet Union","3 PMP floating bridge","captured","https://twitter.com/UAWeapons/status/1545899373724422151","2023-11-16",543,12267,3,"380-543122673","11/16/2023"
"15427","Ukraine","Ukraine","3 TMM-3M1 bridge layer","destroyed","https://i.postimg.cc/Y2yLc6X1/2011-TMM-3-bridge-layer-destr-08-06-22.jpg","2023-11-16",544,14019,1,"380-544140191","11/16/2023"
"15428","Ukraine","Ukraine","3 TMM-3M1 bridge layer","captured","https://i.postimg.cc/jjscx2rh/245.png","2023-11-16",544,14020,3,"380-544140203","11/16/2023"
"15429","Ukraine","Ukraine","3 TMM-3M1 bridge layer","captured","https://twitter.com/UAWeapons/status/1545899373724422151","2023-11-16",544,12267,3,"380-544122673","11/16/2023"
"15430","Ukraine","Ukraine","Pontoon bridge","destroyed","https://i.postimg.cc/kXP1jwZp/576.jpg","2023-11-16",162,14021,1,"380-162140211","11/16/2023"
"15431","Ukraine","Soviet Union","KrAZ-255B with excavator","destroyed","https://i.postimg.cc/SK7fpT7X/2022-04-24-UA-Kr-AZ-255-B-with-excavator.jpg","2023-11-16",167,14022,1,"380-167140221","11/16/2023"
"15432","Ukraine","Soviet Union","KrAZ-255B with excavator","destroyed","https://i.postimg.cc/DwZ65sm1/321.png","2023-11-16",167,14023,1,"380-167140231","11/16/2023"
"15433","Ukraine","Soviet Union","KrAZ-255B with excavator","captured","https://i.postimg.cc/zBhLwYQk/678.png","2023-11-16",167,14024,3,"380-167140243","11/16/2023"
"15434","Ukraine","Soviet Union","KrAZ-255B pontoon bridge layer","destroyed","https://i.postimg.cc/zGYHrDCP/2011-Kr-AZ-255-B-Pontoon-bridge-layer-destr-16-03-23.jpg","2023-11-16",545,14025,1,"380-545140251","11/16/2023"
"15435","Ukraine","Soviet Union","KrAZ-255B pontoon bridge layer","destroyed","https://i.postimg.cc/xdtXMKWW/2021-Kr-AZ-255-B-pontoon-bridge-layer-destr-18-06-22.jpg","2023-11-16",545,14026,1,"380-545140261","11/16/2023"
"15436","Ukraine","Soviet Union","KrAZ-255B pontoon bridge layer","destroyed","https://i.postimg.cc/bvtLctt4/875.png","2023-11-16",545,14027,1,"380-545140271","11/16/2023"
"15437","Ukraine","Soviet Union","KrAZ-255B pontoon bridge layer","destroyed","https://twitter.com/Danspiun/status/1714610417081749509","2023-11-16",545,14028,1,"380-545140281","11/16/2023"
"15438","Ukraine","Soviet Union","KrAZ-255B pontoon bridge layer","damaged","https://i.postimg.cc/7Lz5hL5f/2010-Kr-AZ-255-B-pontoon-bridge-layer-dam-13-10-23.jpg","2023-11-16",545,14029,2,"380-545140292","11/16/2023"
"15439","Ukraine","Soviet Union","KrAZ-255B pontoon bridge layer","captured","https://twitter.com/UAWeapons/status/1545021775846817792","2023-11-16",545,14030,3,"380-545140303","11/16/2023"
"15440","Ukraine","Soviet Union","1 KrAZ-255B with KS-3575 crane","destroyed","https://i.postimg.cc/fy6tkD6y/2030-Kr-AZ-255-B-with-KS-3575-crane-destr-01-04-23.jpg","2023-11-16",546,14031,1,"380-546140311","11/16/2023"
"15441","Ukraine","Soviet Union","1 KrAZ-6322 Master mobile workshop","captured","https://i.postimg.cc/zBnh7shQ/2008-Kr-AZ-6322-Master-mobile-workshop-capt-17-07-22.jpg","2023-11-16",547,14032,3,"380-547140323","11/16/2023"
"15442","Ukraine","Soviet Union","GMZ-3 minelayer","destroyed","https://i.postimg.cc/W4xyQQTN/g6.png","2023-11-16",137,14033,1,"380-137140331","11/16/2023"
"15443","Ukraine","Soviet Union","GMZ-3 minelayer","damaged","https://i.postimg.cc/rm70T41G/2051-GMZ-3-minelayer-dam-21-06-23.jpg","2023-11-16",137,14034,2,"380-137140342","11/16/2023"
"15444","Ukraine","Soviet Union","GMZ-3 minelayer","captured","https://postimg.cc/9wRyy6q6","2023-11-16",137,14035,3,"380-137140353","11/16/2023"
"15445","Ukraine","Soviet Union","GMZ-3 minelayer","captured","https://i.postimg.cc/GhJBg5Fg/479.png","2023-11-16",137,14036,3,"380-137140363","11/16/2023"
"15446","Ukraine","Soviet Union","3 PZM-2 trench-digging vehicle","destroyed","https://i.postimg.cc/4dWvYY0s/2022-04-24-UA-PZM-2.jpg","2023-11-16",548,14037,1,"380-548140371","11/16/2023"
"15447","Ukraine","Soviet Union","3 PZM-2 trench-digging vehicle","destroyed","https://i.postimg.cc/sgJZ09yh/2037-PZM-2-trench-digging-vehicle-destr-03-03-22.jpg","2023-11-16",548,14038,1,"380-548140381","11/16/2023"
"15448","Ukraine","Soviet Union","3 PZM-2 trench-digging vehicle","damaged","https://i.postimg.cc/bJpkwCTL/2000-PZM-2-dam-13-05-23.jpg","2023-11-16",548,14039,2,"380-548140392","11/16/2023"
"15449","Ukraine","Soviet Union","1 UMP-350 engine heater","captured","https://twitter.com/UAWeapons/status/1552699442482094083","2023-11-16",549,14040,3,"380-549140403","11/16/2023"
"15450","Ukraine","Soviet Union","3 ARS-14 decontamination and degassing vehicle","captured","https://i.postimg.cc/76svFsgn/2012-ARS-14-capt-17-04-22.jpg","2023-11-16",181,14041,3,"380-181140413","11/16/2023"
"15451","Ukraine","Soviet Union","3 ARS-14 decontamination and degassing vehicle","captured","https://i.postimg.cc/hG1dJbkR/1302.png","2023-11-16",181,14042,3,"380-181140423","11/16/2023"
"15452","Ukraine","Soviet Union","3 ARS-14 decontamination and degassing vehicle","captured","https://i.postimg.cc/SsT2C89j/Screenshot-8133.png","2023-11-16",181,14043,3,"380-181140433","11/16/2023"
"15453","Ukraine","Soviet Union","Ural-4320 KT-L recovery vehicle","destroyed","https://i.postimg.cc/NGnqbnGg/2011-KT-L-and-Zi-L131-tanker-destr-11-06-22.jpg","2023-11-16",153,14044,1,"380-153140441","11/16/2023"
"15454","Ukraine","Soviet Union","Ural-4320 KT-L recovery vehicle","destroyed","https://i.postimg.cc/3wjW43v8/2031-Ural-4320-KT-L-recovery-vehicle-destr-20-05-22.jpg","2023-11-16",153,14045,1,"380-153140451","11/16/2023"
"15455","Ukraine","Soviet Union","Ural-4320 KT-L recovery vehicle","destroyed","https://i.postimg.cc/pVc8Bsyt/351.png","2023-11-16",153,14046,1,"380-153140461","11/16/2023"
"15456","Ukraine","Soviet Union","BMK-460 towing and motor boat","damaged","https://i.postimg.cc/JnXPb8mM/2009-BMK-460-dam-14-02-23.jpg","2023-11-16",164,14047,2,"380-164140472","11/16/2023"
"15457","Ukraine","Soviet Union","1 TDA-M mobile smoke generator","destroyed","https://i.postimg.cc/13cPvLLK/224o.png","2023-11-16",550,14048,1,"380-550140481","11/16/2023"
"15458","Ukraine","Soviet Union","1 AK-04-9A 'Porosha' airfield air conditioner based on KamAZ-5320","destroyed","https://i.postimg.cc/MT4tbK2b/2006-AK-04-9-A-Porosha-airfield-air-conditioner-based-on-Kam-AZ-5320-destr-23-07-22.jpg","2023-11-16",551,14049,1,"380-551140491","11/16/2023"
"15459","Ukraine","Soviet Union","9P148 Konkurs ATGM carrier","destroyed","https://i.postimg.cc/8cpL1BtZ/k2.png","2023-11-16",552,14050,1,"380-552140501","11/16/2023"
"15460","Ukraine","Soviet Union","9P148 Konkurs ATGM carrier","destroyed","https://i.postimg.cc/JncbVdcy/k1.png","2023-11-16",552,14051,1,"380-552140511","11/16/2023"
"15461","Ukraine","Soviet Union","9P148 Konkurs ATGM carrier","destroyed","https://i.postimg.cc/1tbZXSMb/g7.png","2023-11-16",552,14052,1,"380-552140521","11/16/2023"
"15462","Ukraine","Soviet Union","9P148 Konkurs ATGM carrier","destroyed","https://i.postimg.cc/2SGg6p9V/438.png","2023-11-16",552,14053,1,"380-552140531","11/16/2023"
"15463","Ukraine","Soviet Union","9P148 Konkurs ATGM carrier","destroyed","https://i.postimg.cc/3Jy72wPb/443f.png","2023-11-16",552,14054,1,"380-552140541","11/16/2023"
"15464","Ukraine","Soviet Union","9P148 Konkurs ATGM carrier","destroyed","https://i.postimg.cc/c4jFp2Sn/4433.png","2023-11-16",552,14055,1,"380-552140551","11/16/2023"
"15465","Ukraine","Soviet Union","9P148 Konkurs ATGM carrier","abandoned","https://i.postimg.cc/cLp0yYYV/795.png","2023-11-16",552,14056,4,"380-552140564","11/16/2023"
"15466","Ukraine","Soviet Union","9P148 Konkurs ATGM carrier","captured","https://i.postimg.cc/7PV70ZVz/4366.png","2023-11-16",552,14057,3,"380-552140573","11/16/2023"
"15467","Ukraine","Soviet Union","9P148 Konkurs ATGM carrier","captured","https://i.postimg.cc/Bbpc3Gnt/466.png","2023-11-16",552,14058,3,"380-552140583","11/16/2023"
"15468","Ukraine","Soviet Union","9P148 Konkurs ATGM carrier","captured","https://i.postimg.cc/6ppy8PZM/975.png","2023-11-16",552,14059,3,"380-552140593","11/16/2023"
"15469","Ukraine","Soviet Union","9P148 Konkurs ATGM carrier","captured","https://i.postimg.cc/59GrFQT8/87.png","2023-11-16",552,14060,3,"380-552140603","11/16/2023"
"15470","Ukraine","Soviet Union","9P148 Konkurs ATGM carrier","captured","https://i.postimg.cc/pLQFR0zy/2113.jpg","2023-11-16",552,14061,3,"380-552140613","11/16/2023"
"15471","Ukraine","Soviet Union","9P148 Konkurs ATGM carrier","captured","https://i.postimg.cc/j5YxjC3n/55418.png","2023-11-16",552,14062,3,"380-552140623","11/16/2023"
"15472","Ukraine","Soviet Union","9P148 Konkurs ATGM carrier","captured","https://i.postimg.cc/50hp0nTH/3g.png","2023-11-16",552,14063,3,"380-552140633","11/16/2023"
"15473","Ukraine","Soviet Union","9P148 Konkurs ATGM carrier","captured","https://i.postimg.cc/fRVsPr2s/s13.png","2023-11-16",552,14064,3,"380-552140643","11/16/2023"
"15474","Ukraine","Soviet Union","9P148 Konkurs ATGM carrier","captured","https://i.postimg.cc/rpt8C6xz/2125-9-P148-Konkurs-capt-14-03-22.jpg","2023-11-16",552,14065,3,"380-552140653","11/16/2023"
"15475","Ukraine","Soviet Union","9P149 Shturm-S ATGM carrier","destroyed","https://twitter.com/UAWeapons/status/1628063681178177546","2023-11-16",553,12780,1,"380-553127801","11/16/2023"
"15476","Ukraine","Soviet Union","9P149 Shturm-S ATGM carrier","damaged","https://i.postimg.cc/DZ9hwS9W/49.png","2023-11-16",553,14066,2,"380-553140662","11/16/2023"
"15477","Ukraine","Soviet Union","9P149 Shturm-S ATGM carrier","captured","https://i.postimg.cc/DZ9hwS9W/49.png","2023-11-16",553,14066,3,"380-553140663","11/16/2023"
"15478","Ukraine","Soviet Union","9P149 Shturm-S ATGM carrier","captured","https://i.postimg.cc/Ls6srs8R/680.png","2023-11-16",553,14067,3,"380-553140673","11/16/2023"
"15479","Ukraine","Soviet Union","2 1V13 battery command and forward observer vehicle","destroyed","https://i.postimg.cc/9FVHcxnm/3c.png","2023-11-16",554,14068,1,"380-554140681","11/16/2023"
"15480","Ukraine","Soviet Union","2 1V13 battery command and forward observer vehicle","destroyed","https://i.postimg.cc/rsqMDRYM/540.png","2023-11-16",554,14069,1,"380-554140691","11/16/2023"
"15481","Ukraine","Soviet Union","1V14 battery command and forward observer vehicle","destroyed","https://i.postimg.cc/bwSwXSt1/f443.png","2023-11-16",555,14070,1,"380-555140701","11/16/2023"
"15482","Ukraine","Soviet Union","1V14 battery command and forward observer vehicle","destroyed","https://i.postimg.cc/Y94z13Qq/443f3.png","2023-11-16",555,14071,1,"380-555140711","11/16/2023"
"15483","Ukraine","Soviet Union","1V14 battery command and forward observer vehicle","destroyed","https://postimg.cc/dDvnqyKd","2023-11-16",555,14072,1,"380-555140721","11/16/2023"
"15484","Ukraine","Soviet Union","1V14 battery command and forward observer vehicle","destroyed","https://i.postimg.cc/RVwYRjBx/2003-1-V14-destr.png","2023-11-16",555,14073,1,"380-555140731","11/16/2023"
"15485","Ukraine","Soviet Union","1V14 battery command and forward observer vehicle","destroyed","https://i.postimg.cc/W4H05Nzk/2000-1-V14-destr-24-01-23.jpg","2023-11-16",555,14074,1,"380-555140741","11/16/2023"
"15486","Ukraine","Soviet Union","1V14 battery command and forward observer vehicle","captured","https://i.postimg.cc/MHmbxn3Q/437.png","2023-11-16",555,14075,3,"380-555140753","11/16/2023"
"15487","Ukraine","Soviet Union","1V15 battery command and forward observer vehicle","captured","https://i.postimg.cc/B6Ntjgtc/77k.jpg","2023-11-16",556,14076,3,"380-556140763","11/16/2023"
"15488","Ukraine","Soviet Union","1V15 battery command and forward observer vehicle","captured","https://i.postimg.cc/wxQgbDjF/5y6.png","2023-11-16",556,14077,3,"380-556140773","11/16/2023"
"15489","Ukraine","Soviet Union","1 1V16M artillery battalion command and staff vehicle","destroyed","https://i.postimg.cc/7hqwkfcT/2123-1-V16-M-artillery-battalion-command-and-staff-vehicle-destr-12-04-22.jpg","2023-11-16",557,14078,1,"380-557140781","11/16/2023"
"15490","Ukraine","Soviet Union","1V18 'Klyon-1' artillery command and forward observer vehicle","captured","https://i.postimg.cc/15Tv1zdz/c24.png","2023-11-16",558,14079,3,"380-558140793","11/16/2023"
"15491","Ukraine","Soviet Union","1V18 'Klyon-1' artillery command and forward observer vehicle","captured","https://i.postimg.cc/rpVBPfZt/430.png","2023-11-16",558,14080,3,"380-558140803","11/16/2023"
"15492","Ukraine","Soviet Union","1V18 'Klyon-1' artillery command and forward observer vehicle","captured","https://i.postimg.cc/y8HfMD6P/770.png","2023-11-16",558,14081,3,"380-558140813","11/16/2023"
"15493","Ukraine","Soviet Union","1V18 'Klyon-1' artillery command and forward observer vehicle","captured","https://i.postimg.cc/vHGv8Rfr/3558.png","2023-11-16",558,14082,3,"380-558140823","11/16/2023"
"15494","Ukraine","Soviet Union","1V18 'Klyon-1' artillery command and forward observer vehicle","captured","https://i.postimg.cc/dQW77Mc8/ft5.png","2023-11-16",558,14083,3,"380-558140833","11/16/2023"
"15495","Ukraine","Soviet Union","1V18 'Klyon-1' artillery command and forward observer vehicle","captured","https://i.postimg.cc/SKptzcQB/f43.png","2023-11-16",558,14084,3,"380-558140843","11/16/2023"
"15496","Ukraine","Soviet Union","1V18 'Klyon-1' artillery command and forward observer vehicle","captured","https://i.postimg.cc/NjFGF206/2124-1-V18-Klyon-1-artillery-command-and-forward-observer-vehicle-capt-04-04-22.jpg","2023-11-16",558,14085,3,"380-558140853","11/16/2023"
"15497","Ukraine","Soviet Union","1V18 'Klyon-1' artillery command and forward observer vehicle","captured","https://i.postimg.cc/MT1mtHYK/2003-1-V18-Klyon-1-capt-28-02-22.jpg","2023-11-16",558,14086,3,"380-558140863","11/16/2023"
"15498","Ukraine","Soviet Union","9T452 transporter-loader (for BM-27 'Uragan' MRL)","destroyed","https://i.postimg.cc/SQd62jMf/37.png","2023-11-16",559,14087,1,"380-559140871","11/16/2023"
"15499","Ukraine","Soviet Union","9T452 transporter-loader (for BM-27 'Uragan' MRL)","destroyed","https://twitter.com/UAWeapons/status/1519331831006511104","2023-11-16",559,14088,1,"380-559140881","11/16/2023"
"15500","Ukraine","Soviet Union","100mm BS-3 anti-tank gun","destroyed","https://i.postimg.cc/N0z9cFYL/325.png","2023-11-16",560,14089,1,"380-560140891","11/16/2023"
"15501","Ukraine","Soviet Union","100mm BS-3 anti-tank gun","captured","https://i.postimg.cc/521HLsPL/b18.png","2023-11-16",560,14090,3,"380-560140903","11/16/2023"
"15502","Ukraine","Soviet Union","100mm BS-3 anti-tank gun","captured","https://i.postimg.cc/GmqpYdTn/b19.png","2023-11-16",560,14091,3,"380-560140913","11/16/2023"
"15503","Ukraine","Soviet Union","18 100mm MT-12 anti-tank gun","destroyed","https://i.postimg.cc/3x42G0DL/489.png","2023-11-16",561,14092,1,"380-561140921","11/16/2023"
"15504","Ukraine","Soviet Union","18 100mm MT-12 anti-tank gun","destroyed","https://twitter.com/UAWeapons/status/1543548850559926272","2023-11-16",561,14093,1,"380-561140931","11/16/2023"
"15505","Ukraine","Soviet Union","18 100mm MT-12 anti-tank gun","destroyed","https://postimg.cc/TyjH9pKG","2023-11-16",561,14094,1,"380-561140941","11/16/2023"
"15506","Ukraine","Soviet Union","18 100mm MT-12 anti-tank gun","destroyed","https://i.postimg.cc/1RWZFsNX/2016-rapira-destr-24-02-22.jpg","2023-11-16",561,14095,1,"380-561140951","11/16/2023"
"15507","Ukraine","Soviet Union","18 100mm MT-12 anti-tank gun","destroyed","https://i.postimg.cc/1XrH1kcs/2009-mt12-destr-23-04-22.jpg","2023-11-16",561,14096,1,"380-561140961","11/16/2023"
"15508","Ukraine","Soviet Union","18 100mm MT-12 anti-tank gun","destroyed","https://i.postimg.cc/66GbgQHF/2003-mt12-destr-17-07-23.jpg","2023-11-16",561,14097,1,"380-561140971","11/16/2023"
"15509","Ukraine","Soviet Union","18 100mm MT-12 anti-tank gun","damaged","https://twitter.com/UAWeapons/status/1543548850559926272","2023-11-16",561,14093,2,"380-561140932","11/16/2023"
"15510","Ukraine","Soviet Union","18 100mm MT-12 anti-tank gun","captured","https://twitter.com/UAWeapons/status/1543548850559926272","2023-11-16",561,14093,3,"380-561140933","11/16/2023"
"15511","Ukraine","Soviet Union","18 100mm MT-12 anti-tank gun","captured","https://i.postimg.cc/rwkdKVj0/g5d.png","2023-11-16",561,14098,3,"380-561140983","11/16/2023"
"15512","Ukraine","Soviet Union","18 100mm MT-12 anti-tank gun","captured","https://i.postimg.cc/kX1Fgtzm/542f.png","2023-11-16",561,14099,3,"380-561140993","11/16/2023"
"15513","Ukraine","Soviet Union","18 100mm MT-12 anti-tank gun","captured","https://i.postimg.cc/ZqBJT7JB/43.png","2023-11-16",561,14100,3,"380-561141003","11/16/2023"
"15514","Ukraine","Soviet Union","18 100mm MT-12 anti-tank gun","captured","https://twitter.com/UAWeapons/status/1561047885692780546","2023-11-16",561,14101,3,"380-561141013","11/16/2023"
"15515","Ukraine","Soviet Union","18 100mm MT-12 anti-tank gun","captured","https://i.postimg.cc/65mdSZ6K/44g.png","2023-11-16",561,14102,3,"380-561141023","11/16/2023"
"15516","Ukraine","Soviet Union","18 100mm MT-12 anti-tank gun","captured","https://postimg.cc/QKxW9nT1","2023-11-16",561,14103,3,"380-561141033","11/16/2023"
"15517","Ukraine","Soviet Union","18 100mm MT-12 anti-tank gun","captured","https://i.postimg.cc/2SgY5HMY/2131-100mm-MT-12-anti-tank-gun-capt-24-03-22.jpg","2023-11-16",561,14104,3,"380-561141043","11/16/2023"
"15518","Ukraine","Soviet Union","18 100mm MT-12 anti-tank gun","captured","https://i.postimg.cc/VkJ1my74/2132-100mm-MT-12-anti-tank-gun-capt-24-03-22.jpg","2023-11-16",561,14105,3,"380-561141053","11/16/2023"
"15519","Ukraine","Soviet Union","18 100mm MT-12 anti-tank gun","captured","https://i.postimg.cc/DzsT4r3X/2133-100mm-MT-12-anti-tank-gun-capt-13-04-22.jpg","2023-11-16",561,14106,3,"380-561141063","11/16/2023"
"15520","Ukraine","Soviet Union","18 100mm MT-12 anti-tank gun","captured","https://i.postimg.cc/bJhjxZqF/2134-100mm-MT-12-anti-tank-gun-capt-03-07-22.jpg","2023-11-16",561,14107,3,"380-561141073","11/16/2023"
"15521","Ukraine","United Kingdom","2 105mm L119 howitzer","damaged","https://i.postimg.cc/CxyRM7P0/2001-L119-dmg.jpg","2023-11-16",562,14108,2,"380-562141082","11/16/2023"
"15522","Ukraine","United Kingdom","2 105mm L119 howitzer","damaged","https://i.postimg.cc/7YYrjQK5/2009-L119-howitzer-01-08-23.jpg","2023-11-16",562,14109,2,"380-562141092","11/16/2023"
"15523","Ukraine","Soviet Union","1 120mm 2B16 Nona-K gun mortar","destroyed","https://i.postimg.cc/TwfTfnmc/2013-nona-k-destr-11-06-23.jpg","2023-11-16",563,14110,1,"380-563141101","11/16/2023"
"15524","Ukraine","Soviet Union","10 122mm D-30 howitzer","destroyed","https://i.postimg.cc/90y4R2Ph/2022-02-25-Ural-4320-D-30-destroyed.jpg","2023-11-16",564,14111,1,"380-564141111","11/16/2023"
"15525","Ukraine","Soviet Union","10 122mm D-30 howitzer","destroyed","https://i.postimg.cc/SQ7H5Xx4/2007-D-30-destr-25-07-23.jpg","2023-11-16",564,14112,1,"380-564141121","11/16/2023"
"15526","Ukraine","Soviet Union","10 122mm D-30 howitzer","destroyed","https://i.postimg.cc/z3ZbZp25/1023-d30-destr-09-06-23.jpg","2023-11-16",564,14113,1,"380-564141131","11/16/2023"
"15527","Ukraine","Soviet Union","10 122mm D-30 howitzer","destroyed","https://i.postimg.cc/JhzNnDLj/2000-2-A18-D-30-destr-21-07-23.jpg","2023-11-16",564,14114,1,"380-564141141","11/16/2023"
"15528","Ukraine","Soviet Union","10 122mm D-30 howitzer","destroyed","https://i.postimg.cc/T12f6P5M/2008-d30-destr-25-02-23.jpg","2023-11-16",564,14115,1,"380-564141151","11/16/2023"
"15529","Ukraine","Soviet Union","10 122mm D-30 howitzer","damaged","https://i.postimg.cc/50bMBt3Y/2014-d30-dam-03-03-23.jpg","2023-11-16",564,14116,2,"380-564141162","11/16/2023"
"15530","Ukraine","Soviet Union","10 122mm D-30 howitzer","damaged","https://i.postimg.cc/dQm9y715/2006-d30-dam-20-03-23.jpg","2023-11-16",564,14117,2,"380-564141172","11/16/2023"
"15531","Ukraine","Soviet Union","10 122mm D-30 howitzer","damaged","https://i.postimg.cc/jjwMdsqD/2028-d30-dam-31-05-23.jpg","2023-11-16",564,14118,2,"380-564141182","11/16/2023"
"15532","Ukraine","Soviet Union","10 122mm D-30 howitzer","captured","https://i.postimg.cc/qRFHDJzm/653.png","2023-11-16",564,14119,3,"380-564141193","11/16/2023"
"15533","Ukraine","Soviet Union","10 122mm D-30 howitzer","captured","https://i.postimg.cc/KzDhJmzc/2135-122mm-2-A18-D-30-howitzer-capt-29-05-22.jpg","2023-11-16",564,14120,3,"380-564141203","11/16/2023"
"15534","Ukraine","Soviet Union","1 130mm M-46 field gun","damaged","https://i.postimg.cc/4yg8RSrK/2003-130mm-m46-dam-21-02-23.jpg","2023-11-16",565,14121,2,"380-565141212","11/16/2023"
"15535","Ukraine","Soviet Union","152mm D-20 gun-howitzer","destroyed","https://i.postimg.cc/mrBgqrfC/g5.jpg","2023-11-16",208,14122,1,"380-208141221","11/16/2023"
"15536","Ukraine","Soviet Union","152mm D-20 gun-howitzer","destroyed","https://postimg.cc/YGTx17tY","2023-11-16",208,14123,1,"380-208141231","11/16/2023"
"15537","Ukraine","Soviet Union","152mm D-20 gun-howitzer","destroyed","https://postimg.cc/xkk1NV8K","2023-11-16",208,14124,1,"380-208141241","11/16/2023"
"15538","Ukraine","Soviet Union","152mm D-20 gun-howitzer","destroyed","https://postimg.cc/kDytW8qw","2023-11-16",208,14125,1,"380-208141251","11/16/2023"
"15539","Ukraine","Soviet Union","152mm D-20 gun-howitzer","destroyed","https://postimg.cc/MckGCKzv","2023-11-16",208,14126,1,"380-208141261","11/16/2023"
"15540","Ukraine","Soviet Union","152mm D-20 gun-howitzer","destroyed","https://i.postimg.cc/mrc0LLCp/5890.png","2023-11-16",208,14127,1,"380-208141271","11/16/2023"
"15541","Ukraine","Soviet Union","152mm D-20 gun-howitzer","destroyed","https://i.postimg.cc/tJnqDLjD/2009-D-20-destr-16-07-23.jpg","2023-11-16",208,14128,1,"380-208141281","11/16/2023"
"15542","Ukraine","Soviet Union","152mm D-20 gun-howitzer","destroyed","https://i.postimg.cc/sXGyGFwy/2032-D-20-destr-25-05-23.jpg","2023-11-16",208,14129,1,"380-208141291","11/16/2023"
"15543","Ukraine","Soviet Union","152mm D-20 gun-howitzer","damaged","https://i.postimg.cc/HnBR6b1m/2001-d20-dam.jpg","2023-11-16",208,14130,2,"380-208141302","11/16/2023"
"15544","Ukraine","Soviet Union","152mm D-20 gun-howitzer","captured","https://i.postimg.cc/WbSVYSNM/b18.png","2023-11-16",208,14131,3,"380-208141313","11/16/2023"
"15545","Ukraine","Soviet Union","152mm 2A36 Giatsint-B field-gun","abandoned","https://i.postimg.cc/65WyTWGL/g43g.png","2023-11-16",210,14132,4,"380-210141324","11/16/2023"
"15546","Ukraine","Soviet Union","152mm 2A36 Giatsint-B field-gun","destroyed","https://i.postimg.cc/65WyTWGL/g43g.png","2023-11-16",210,14132,1,"380-210141321","11/16/2023"
"15547","Ukraine","Soviet Union","152mm 2A36 Giatsint-B field-gun","destroyed","https://i.postimg.cc/zvJLx8qW/2010-152mm-2-A36-Giatsint-B-destr-15-06-23.jpg","2023-11-16",210,14133,1,"380-210141331","11/16/2023"
"15548","Ukraine","Soviet Union","152mm 2A36 Giatsint-B field-gun","destroyed","https://i.postimg.cc/d3gCspgR/2007-2-A36-Giatsint-B-destr-25-08-23.jpg","2023-11-16",210,14134,1,"380-210141341","11/16/2023"
"15549","Ukraine","Soviet Union","152mm 2A36 Giatsint-B field-gun","damaged","https://i.postimg.cc/Gm5z99Hk/2000-Giatsint-B-dam.jpg","2023-11-16",210,14135,2,"380-210141352","11/16/2023"
"15550","Ukraine","Soviet Union","152mm 2A36 Giatsint-B field-gun","damaged","https://i.postimg.cc/nr5360t1/2000-152mm-2-A36-Giatsint-B-field-gun-dam-19-05-23.jpg","2023-11-16",210,14136,2,"380-210141362","11/16/2023"
"15551","Ukraine","Soviet Union","152mm 2A36 Giatsint-B field-gun","damaged","https://i.postimg.cc/brHP6FMF/2014-2-A36-dam-23-10-23.jpg","2023-11-16",210,14137,2,"380-210141372","11/16/2023"
"15552","Ukraine","Soviet Union","152mm 2A36 Giatsint-B field-gun","captured","https://twitter.com/UAWeapons/status/1545899351167352832","2023-11-16",210,14138,3,"380-210141383","11/16/2023"
"15553","Ukraine","Soviet Union","152mm 2A65 Msta-B howitzer","destroyed","https://i.postimg.cc/h492vKp0/2002-msta-b-destr-13-02-23.jpg","2023-11-16",566,14139,1,"380-566141391","11/16/2023"
"15554","Ukraine","Soviet Union","152mm 2A65 Msta-B howitzer","destroyed","https://i.postimg.cc/L5bs7FWm/2011-2-65-Msta-B-destr-01-07-23.jpg","2023-11-16",566,14140,1,"380-566141401","11/16/2023"
"15555","Ukraine","Soviet Union","152mm 2A65 Msta-B howitzer","damaged","https://twitter.com/imp_navigator/status/1588452311508172800","2023-11-16",566,14141,2,"380-566141412","11/16/2023"
"15556","Ukraine","Soviet Union","152mm 2A65 Msta-B howitzer","abandoned","https://i.postimg.cc/zfBM7CWN/Screenshot-8227.png","2023-11-16",566,14142,4,"380-566141424","11/16/2023"
"15557","Ukraine","Soviet Union","152mm 2A65 Msta-B howitzer","abandoned","https://i.postimg.cc/gj9TG17c/Screenshot-8228.png","2023-11-16",566,14143,4,"380-566141434","11/16/2023"
"15558","Ukraine","Soviet Union","152mm 2A65 Msta-B howitzer","captured","https://i.postimg.cc/3Jq4jMxs/48.png","2023-11-16",566,14144,3,"380-566141443","11/16/2023"
"15559","Ukraine","Estonia","155mm FH-70 howitzer","destroyed","https://twitter.com/UAWeapons/status/1588139903099047938","2023-11-16",567,14145,1,"380-567141451","11/16/2023"
"15560","Ukraine","Estonia","155mm FH-70 howitzer","destroyed","https://i.postimg.cc/kXt81MtT/2001-FH-70-destr-26-08-23.jpg","2023-11-16",567,14146,1,"380-567141461","11/16/2023"
"15561","Ukraine","Estonia","155mm FH-70 howitzer","damaged","https://postimg.cc/QKV5Q4MK","2023-11-16",567,14147,2,"380-567141472","11/16/2023"
"15562","Ukraine","Estonia","155mm FH-70 howitzer","damaged","https://i.postimg.cc/kgHpM08s/2002-155mm-FH-70-howitzer-dam-25-03-23.jpg","2023-11-16",567,14148,2,"380-567141482","11/16/2023"
"15563","Ukraine","France","155mm TRF1 howitzer","destroyed","https://twitter.com/UAWeapons/status/1649422891178500099","2023-11-16",568,14149,1,"380-568141491","11/16/2023"
"15564","Ukraine","United States","155mm M777A2 howitzer","destroyed","https://i.postimg.cc/VvnzxRCL/554g.png","2023-11-16",569,14150,1,"380-569141501","11/16/2023"
"15565","Ukraine","United States","155mm M777A2 howitzer","destroyed","https://twitter.com/imp_navigator/status/1539215237139812352","2023-11-16",569,14151,1,"380-569141511","11/16/2023"
"15566","Ukraine","United States","155mm M777A2 howitzer","destroyed","https://twitter.com/imp_navigator/status/1539216203230679041","2023-11-16",569,14152,1,"380-569141521","11/16/2023"
"15567","Ukraine","United States","155mm M777A2 howitzer","destroyed","https://twitter.com/UAWeapons/status/1543640101695152130","2023-11-16",569,14153,1,"380-569141531","11/16/2023"
"15568","Ukraine","United States","155mm M777A2 howitzer","destroyed","https://twitter.com/UAWeapons/status/1547263296948027392","2023-11-16",569,14154,1,"380-569141541","11/16/2023"
"15569","Ukraine","United States","155mm M777A2 howitzer","destroyed","https://i.postimg.cc/mrFbHNbr/2000.jpg","2023-11-16",569,14155,1,"380-569141551","11/16/2023"
"15570","Ukraine","United States","155mm M777A2 howitzer","destroyed","https://i.postimg.cc/x8QXChFv/2000-m777.jpg","2023-11-16",569,14156,1,"380-569141561","11/16/2023"
"15571","Ukraine","United States","155mm M777A2 howitzer","destroyed","https://twitter.com/UAWeapons/status/1564339685337583619","2023-11-16",569,14157,1,"380-569141571","11/16/2023"
"15572","Ukraine","United States","155mm M777A2 howitzer","destroyed","https://i.postimg.cc/QtG4XVQx/2002-m777-destr.jpg","2023-11-16",569,14158,1,"380-569141581","11/16/2023"
"15573","Ukraine","United States","155mm M777A2 howitzer","destroyed","https://twitter.com/UAWeapons/status/1586328231158112257","2023-11-16",569,14159,1,"380-569141591","11/16/2023"
"15574","Ukraine","United States","155mm M777A2 howitzer","destroyed","https://twitter.com/imp_navigator/status/1589135917553373184","2023-11-16",569,14160,1,"380-569141601","11/16/2023"
"15575","Ukraine","United States","155mm M777A2 howitzer","destroyed","https://postimg.cc/dLyJfk76","2023-11-16",569,14161,1,"380-569141611","11/16/2023"
"15576","Ukraine","United States","155mm M777A2 howitzer","destroyed","https://i.postimg.cc/xTQFcbt3/7760.png","2023-11-16",569,14162,1,"380-569141621","11/16/2023"
"15577","Ukraine","United States","155mm M777A2 howitzer","destroyed","https://twitter.com/UAWeapons/status/1589653846749765637","2023-11-16",569,14163,1,"380-569141631","11/16/2023"
"15578","Ukraine","United States","155mm M777A2 howitzer","destroyed","https://i.postimg.cc/sXdrf3n8/2006-m777-destr.jpg","2023-11-16",569,14164,1,"380-569141641","11/16/2023"
"15579","Ukraine","United States","155mm M777A2 howitzer","destroyed","https://twitter.com/imp_navigator/status/1605472213833875456","2023-11-16",569,14165,1,"380-569141651","11/16/2023"
"15580","Ukraine","United States","155mm M777A2 howitzer","destroyed","https://i.postimg.cc/Jz47Mqq1/235.png","2023-11-16",569,14166,1,"380-569141661","11/16/2023"
"15581","Ukraine","United States","155mm M777A2 howitzer","destroyed","https://twitter.com/imp_navigator/status/1642466705686294530","2023-11-16",569,14167,1,"380-569141671","11/16/2023"
"15582","Ukraine","United States","155mm M777A2 howitzer","destroyed","https://twitter.com/imp_navigator/status/1605474114617032704","2023-11-16",569,14168,1,"380-569141681","11/16/2023"
"15583","Ukraine","United States","155mm M777A2 howitzer","destroyed","https://i.postimg.cc/6ppCyvpq/2019-m777-destr-09-01-23.jpg","2023-11-16",569,14169,1,"380-569141691","11/16/2023"
"15584","Ukraine","United States","155mm M777A2 howitzer","destroyed","https://i.postimg.cc/tJVFMSdv/1016-155mm-M777-A2-howitzer-destr-17-12-22.jpg","2023-11-16",569,14170,1,"380-569141701","11/16/2023"
"15585","Ukraine","United States","155mm M777A2 howitzer","destroyed","https://i.postimg.cc/D02gSHH3/2007-m777-destr-19-10-23.jpg","2023-11-16",569,14171,1,"380-569141711","11/16/2023"
"15586","Ukraine","United States","155mm M777A2 howitzer","destroyed","https://i.postimg.cc/NGbQxRZg/2002-m777-destr-06-03-23.jpg","2023-11-16",569,14172,1,"380-569141721","11/16/2023"
"15587","Ukraine","United States","155mm M777A2 howitzer","destroyed","https://i.postimg.cc/MZc4wzdN/1019-155mm-M777-A2-howitzer-destr-20-10-22.jpg","2023-11-16",569,14173,1,"380-569141731","11/16/2023"
"15588","Ukraine","United States","155mm M777A2 howitzer","destroyed","https://i.postimg.cc/WtL0LGXN/1020-155mm-M777-A2-howitzer-destr-20-10-22.jpg","2023-11-16",569,14174,1,"380-569141741","11/16/2023"
"15589","Ukraine","United States","155mm M777A2 howitzer","destroyed","https://i.postimg.cc/Qx1yB0Lq/1021-155mm-M777-A2-howitzer-destr-23-08-22.jpg","2023-11-16",569,14175,1,"380-569141751","11/16/2023"
"15590","Ukraine","United States","155mm M777A2 howitzer","destroyed","https://twitter.com/UAWeapons/status/1618601945262088198","2023-11-16",569,14176,1,"380-569141761","11/16/2023"
"15591","Ukraine","United States","155mm M777A2 howitzer","destroyed","https://i.postimg.cc/Hsh7CPSY/2015-m777-destr-31-01-23.jpg","2023-11-16",569,14177,1,"380-569141771","11/16/2023"
"15592","Ukraine","United States","155mm M777A2 howitzer","destroyed","https://i.postimg.cc/3RJ6R0NP/2009-m777-destr-25-04-23.jpg","2023-11-16",569,14178,1,"380-569141781","11/16/2023"
"15593","Ukraine","United States","155mm M777A2 howitzer","destroyed","https://i.postimg.cc/FFTqgTYT/2038-155mm-M777-A2-howitzer-destr-13-05-23.jpg","2023-11-16",569,14179,1,"380-569141791","11/16/2023"
"15594","Ukraine","United States","155mm M777A2 howitzer","destroyed","https://i.postimg.cc/g2tfC7HB/2019-m777-destr-07-07-23.jpg","2023-11-16",569,14180,1,"380-569141801","11/16/2023"
"15595","Ukraine","United States","155mm M777A2 howitzer","destroyed","https://i.postimg.cc/nzPV4n6C/2000-m77-destr-13-07-23.jpg","2023-11-16",569,14181,1,"380-569141811","11/16/2023"
"15596","Ukraine","United States","155mm M777A2 howitzer","destroyed","https://i.postimg.cc/fL7q6FZC/2003-m777-destr-25-07-23.jpg","2023-11-16",569,14182,1,"380-569141821","11/16/2023"
"15597","Ukraine","United States","155mm M777A2 howitzer","destroyed","https://i.postimg.cc/c1vc33ZG/373.png","2023-11-16",569,14183,1,"380-569141831","11/16/2023"
"15598","Ukraine","United States","155mm M777A2 howitzer","destroyed","https://i.postimg.cc/qRcwM4mG/2004-m777-destr-20-10-23.jpg","2023-11-16",569,14184,1,"380-569141841","11/16/2023"
"15599","Ukraine","United States","155mm M777A2 howitzer","damaged","https://twitter.com/RALee85/status/1557298928248291330","2023-11-16",569,14185,2,"380-569141852","11/16/2023"
"15600","Ukraine","United States","155mm M777A2 howitzer","damaged","https://i.postimg.cc/RCJ4rmD3/2005-m777-dam-11-01-23.jpg","2023-11-16",569,14186,2,"380-569141862","11/16/2023"
"15601","Ukraine","United States","155mm M777A2 howitzer","damaged","https://i.postimg.cc/y6wGY2Gd/1022-155mm-M777-A2-howitzer-dam-29-08-22.jpg","2023-11-16",569,14187,2,"380-569141872","11/16/2023"
"15602","Ukraine","United States","155mm M777A2 howitzer","damaged","https://i.postimg.cc/RhRFbddD/2002-m777-dam-25-01-23.jpg","2023-11-16",569,14188,2,"380-569141882","11/16/2023"
"15603","Ukraine","United States","155mm M777A2 howitzer","damaged","https://twitter.com/UAWeapons/status/1618601945262088198","2023-11-16",569,14176,2,"380-569141762","11/16/2023"
"15604","Ukraine","United States","155mm M777A2 howitzer","damaged","https://twitter.com/GloOouD/status/1618969421254647810","2023-11-16",569,14189,2,"380-569141892","11/16/2023"
"15605","Ukraine","United States","155mm M777A2 howitzer","damaged","https://i.postimg.cc/QtXkQ7Cv/2006-m777-dam-28-01-23.jpg","2023-11-16",569,14190,2,"380-569141902","11/16/2023"
"15606","Ukraine","United States","155mm M777A2 howitzer","damaged","https://i.postimg.cc/XJtyzRvK/2007-m777-dam-16-02-23.jpg","2023-11-16",569,14191,2,"380-569141912","11/16/2023"
"15607","Ukraine","United States","155mm M777A2 howitzer","damaged","https://i.postimg.cc/SxnQRjTm/2007-m777-dam-25-02-23.jpg","2023-11-16",569,14192,2,"380-569141922","11/16/2023"
"15608","Ukraine","United States","155mm M777A2 howitzer","damaged","https://i.postimg.cc/yYRNQWtx/3130.png","2023-11-16",569,14193,2,"380-569141932","11/16/2023"
"15609","Ukraine","United States","155mm M777A2 howitzer","damaged","https://i.postimg.cc/WbyH311G/315.png","2023-11-16",569,14194,2,"380-569141942","11/16/2023"
"15610","Ukraine","United States","155mm M777A2 howitzer","damaged","https://i.postimg.cc/056xQ2g9/23.png","2023-11-16",569,14195,2,"380-569141952","11/16/2023"
"15611","Ukraine","United States","155mm M777A2 howitzer","damaged","https://twitter.com/imp_navigator/status/1639907342949969921","2023-11-16",569,14196,2,"380-569141962","11/16/2023"
"15612","Ukraine","United States","155mm M777A2 howitzer","damaged","https://twitter.com/imp_navigator/status/1643293157562408979","2023-11-16",569,14197,2,"380-569141972","11/16/2023"
"15613","Ukraine","United States","155mm M777A2 howitzer","damaged","https://i.postimg.cc/yY1zNtnw/68u.png","2023-11-16",569,14198,2,"380-569141982","11/16/2023"
"15614","Ukraine","United States","155mm M777A2 howitzer","damaged","https://i.postimg.cc/vmnJNpQv/2005-m777-destr.jpg","2023-11-16",569,14199,2,"380-569141992","11/16/2023"
"15615","Ukraine","United States","155mm M777A2 howitzer","damaged","https://twitter.com/RALee85/status/1592811545196924929","2023-11-16",569,14200,2,"380-569142002","11/16/2023"
"15616","Ukraine","United States","155mm M777A2 howitzer","damaged","https://i.postimg.cc/Z5y3bJg1/2000-m777-dam-26-04-23.jpg","2023-11-16",569,14201,2,"380-569142012","11/16/2023"
"15617","Ukraine","United States","155mm M777A2 howitzer","damaged","https://i.postimg.cc/t4nnRtfh/2000-m777-destr-31-01-23.jpg","2023-11-16",569,14202,2,"380-569142022","11/16/2023"
"15618","Ukraine","United States","155mm M777A2 howitzer","damaged","https://i.postimg.cc/sXy8K8PN/2024-155mm-M777-A2-howitzer-dam-28-02-23.jpg","2023-11-16",569,14203,2,"380-569142032","11/16/2023"
"15619","Ukraine","United States","155mm M777A2 howitzer","damaged","https://i.postimg.cc/B610KpVx/2028-m777-dam-30-06-23.jpg","2023-11-16",569,14204,2,"380-569142042","11/16/2023"
"15620","Ukraine","United States","155mm M777A2 howitzer","damaged","https://i.postimg.cc/q7xb051W/2004-m777-dam-13-06-23.jpg","2023-11-16",569,14205,2,"380-569142052","11/16/2023"
"15621","Ukraine","United States","155mm M777A2 howitzer","damaged","https://i.postimg.cc/kXLhy8VY/2005-m777-dam-30-06-23.jpg","2023-11-16",569,14206,2,"380-569142062","11/16/2023"
"15622","Ukraine","United States","155mm M777A2 howitzer","damaged","https://i.postimg.cc/TP67z6Jr/2019-m777-dam-04-07-23.jpg","2023-11-16",569,14207,2,"380-569142072","11/16/2023"
"15623","Ukraine","United States","155mm M777A2 howitzer","damaged","https://i.postimg.cc/L6xBj25C/2012-M777-A2-howitzer-dam-28-02-23.jpg","2023-11-16",569,14208,2,"380-569142082","11/16/2023"
"15624","Ukraine","United States","155mm M777A2 howitzer","damaged","https://i.postimg.cc/pXGMvYSq/2008-m777-dam-01-08-23.jpg","2023-11-16",569,14209,2,"380-569142092","11/16/2023"
"15625","Ukraine","United States","155mm M777A2 howitzer","damaged","https://i.postimg.cc/T2Sk6SBV/2018-155mm-M777-A2-howitzer-dam-14-08-23.jpg","2023-11-16",569,14210,2,"380-569142102","11/16/2023"
"15626","Ukraine","United States","155mm M777A2 howitzer","damaged","https://i.postimg.cc/QNRNL5r7/2001-m777-dam-22-08-23.jpg","2023-11-16",569,14211,2,"380-569142112","11/16/2023"
"15627","Ukraine","United States","155mm M777A2 howitzer","damaged","https://i.postimg.cc/y6J6rj2B/2014-m777-dam-16-07-23.jpg","2023-11-16",569,14212,2,"380-569142122","11/16/2023"
"15628","Ukraine","United States","155mm M777A2 howitzer","damaged","https://i.postimg.cc/nhCBdhTB/2010-m777-dam-23-08-23.jpg","2023-11-16",569,14213,2,"380-569142132","11/16/2023"
"15629","Ukraine","United States","155mm M777A2 howitzer","damaged","https://i.postimg.cc/hjnbJXsY/326y.png","2023-11-16",569,14214,2,"380-569142142","11/16/2023"
"15630","Ukraine","United States","155mm M777A2 howitzer","damaged","https://i.postimg.cc/j2vPtRbN/2011-m777-dam-12-10-23.jpg","2023-11-16",569,14215,2,"380-569142152","11/16/2023"
"15631","Ukraine","United States","155mm M777A2 howitzer","damaged","https://i.postimg.cc/htZcf28m/2000-m777-destr-12-10-23.jpg","2023-11-16",569,14216,2,"380-569142162","11/16/2023"
"15632","Ukraine","United States","155mm M777A2 howitzer","damaged","https://i.postimg.cc/HxhG50Qw/2014-777-dam-30-10-23.jpg","2023-11-16",569,14217,2,"380-569142172","11/16/2023"
"15633","Ukraine","Ukraine","Unknown towed artillery","destroyed","https://i.postimg.cc/BnNpxWwv/33.jpg","2023-11-16",211,14218,1,"380-211142181","11/16/2023"
"15634","Ukraine","Ukraine","Unknown towed artillery","destroyed","https://i.postimg.cc/nV9FvX5k/f60.jpg","2023-11-16",211,14219,1,"380-211142191","11/16/2023"
"15635","Ukraine","Ukraine","Unknown towed artillery","destroyed","https://i.postimg.cc/T2zhHzWn/o1.jpg","2023-11-16",211,14220,1,"380-211142201","11/16/2023"
"15636","Ukraine","Ukraine","Unknown towed artillery","destroyed","https://i.postimg.cc/662ycWT9/o2.jpg","2023-11-16",211,14221,1,"380-211142211","11/16/2023"
"15637","Ukraine","Ukraine","Unknown towed artillery","destroyed","https://twitter.com/RALee85/status/1542517852334223362","2023-11-16",211,14222,1,"380-211142221","11/16/2023"
"15638","Ukraine","Ukraine","Unknown towed artillery","destroyed","https://i.postimg.cc/pX5jvNV4/4f6.png","2023-11-16",211,14223,1,"380-211142231","11/16/2023"
"15639","Ukraine","Ukraine","Unknown towed artillery","destroyed","https://i.postimg.cc/prsHrVQv/f327.png","2023-11-16",211,14224,1,"380-211142241","11/16/2023"
"15640","Ukraine","Ukraine","Unknown towed artillery","destroyed","https://i.postimg.cc/mks9Lqcf/668.png","2023-11-16",211,14225,1,"380-211142251","11/16/2023"
"15641","Ukraine","Ukraine","Unknown towed artillery","destroyed","https://i.postimg.cc/fbD1dW6J/541.png","2023-11-16",211,14226,1,"380-211142261","11/16/2023"
"15642","Ukraine","Ukraine","Unknown towed artillery","destroyed","https://i.postimg.cc/mg6dsc4x/2015-unkn-atry-destr-06-06-23.jpg","2023-11-16",211,14227,1,"380-211142271","11/16/2023"
"15643","Ukraine","Ukraine","Unknown towed artillery","destroyed","https://i.postimg.cc/DzXrVGgH/2045-unkn-towed-arty-destr-22-07-23.jpg","2023-11-16",211,14228,1,"380-211142281","11/16/2023"
"15644","Ukraine","Ukraine","Unknown towed artillery","destroyed","https://i.postimg.cc/CK5dcS1K/44g.png","2023-11-16",211,14229,1,"380-211142291","11/16/2023"
"15645","Ukraine","Ukraine","Unknown towed artillery","destroyed","https://i.postimg.cc/3N51r9G6/421.png","2023-11-16",211,14230,1,"380-211142301","11/16/2023"
"15646","Ukraine","Ukraine","Unknown towed artillery","destroyed","https://i.postimg.cc/Qxg4CL0q/1w.png","2023-11-16",211,14231,1,"380-211142311","11/16/2023"
"15647","Ukraine","Ukraine","Unknown towed artillery","destroyed","https://i.postimg.cc/VkzV4Yw1/2870.png","2023-11-16",211,14232,1,"380-211142321","11/16/2023"
"15648","Ukraine","Ukraine","Unknown towed artillery","damaged","https://i.postimg.cc/BnNpxWwv/33.jpg","2023-11-16",211,14218,2,"380-211142182","11/16/2023"
"15649","Ukraine","Ukraine","Unknown towed artillery","damaged","https://i.postimg.cc/fRXrgT3b/11.png","2023-11-16",211,14233,2,"380-211142332","11/16/2023"
"15650","Ukraine","Ukraine","Unknown towed artillery","damaged","https://i.postimg.cc/5NBNH0Zp/2007-Unknown-towed-artillery-dam-03-08-23.jpg","2023-11-16",211,14234,2,"380-211142342","11/16/2023"
"15651","Ukraine","Ukraine","Unknown towed artillery","damaged","https://i.postimg.cc/wTGzh1RG/2014-Unknown-towed-artillery-dam-31-07-23.jpg","2023-11-16",211,14235,2,"380-211142352","11/16/2023"
"15652","Ukraine","Ukraine","Unknown towed artillery","damaged","https://i.postimg.cc/VNycV2R9/2015-Unknown-towed-artillery-dam-31-07-23.jpg","2023-11-16",211,14236,2,"380-211142362","11/16/2023"
"15653","Ukraine","Ukraine","Unknown towed artillery","damaged","https://i.postimg.cc/Kz5jdCGX/4376.png","2023-11-16",211,14237,2,"380-211142372","11/16/2023"
"15654","Ukraine","Ukraine","Unknown towed artillery","damaged","https://i.postimg.cc/c4HwW2CN/2015-unkn-towed-arty-dam-11-11-23.jpg","2023-11-16",211,14238,2,"380-211142382","11/16/2023"
"15655","Ukraine","Ukraine","120mm Bars-8MMK","destroyed","https://i.postimg.cc/vZGsCswS/438.png","2023-11-16",570,14239,1,"380-570142391","11/16/2023"
"15656","Ukraine","Ukraine","120mm Bars-8MMK","destroyed","https://i.postimg.cc/15Y221DT/2000-Bars-8-MMK-120mm-self-propelled-mortar.png","2023-11-16",570,14240,1,"380-570142401","11/16/2023"
"15657","Ukraine","Ukraine","120mm BTR-3M2","destroyed","https://i.postimg.cc/Dz71KNKJ/43111.png","2023-11-16",571,14241,1,"380-571142411","11/16/2023"
"15658","Ukraine","Ukraine","120mm BTR-3M2","captured","https://i.postimg.cc/kgRrVZzb/41.png","2023-11-16",571,14242,3,"380-571142423","11/16/2023"
"15659","Ukraine","Ukraine","120mm BTR-3M2","captured","https://i.postimg.cc/8z2b2q6g/44311.png","2023-11-16",571,14243,3,"380-571142433","11/16/2023"
"15660","Ukraine","Soviet Union","120mm 2S9 Nona","destroyed","https://i.postimg.cc/rFMn6szC/2003-2-S9-dam-30-12-22.jpg","2023-11-16",572,14244,1,"380-572142441","11/16/2023"
"15661","Ukraine","Soviet Union","120mm 2S9 Nona","destroyed","https://twitter.com/GloOouD/status/1619424030557347842","2023-11-16",572,14245,1,"380-572142451","11/16/2023"
"15662","Ukraine","Soviet Union","120mm 2S9 Nona","destroyed","https://twitter.com/naalsio26/status/1655713963672231936","2023-11-16",572,14246,1,"380-572142461","11/16/2023"
"15663","Ukraine","Soviet Union","120mm 2S9 Nona","destroyed","https://i.postimg.cc/90f6xCZr/337.png","2023-11-16",572,14247,1,"380-572142471","11/16/2023"
"15664","Ukraine","Soviet Union","2 120mm BRM-1K with 2S9 Nona turret","destroyed","https://i.postimg.cc/TPY9STLt/3502.jpg","2023-11-16",573,14248,1,"380-573142481","11/16/2023"
"15665","Ukraine","Soviet Union","2 120mm BRM-1K with 2S9 Nona turret","destroyed","https://i.postimg.cc/76gggt9R/2004-2-S17-2-Nona-SV-SPG-on-a-BMP-chassis-destr-24-08-23.jpg","2023-11-16",573,14249,1,"380-573142491","11/16/2023"
"15666","Ukraine","United States","1 120mm ?1064?3","destroyed","https://i.postimg.cc/6Q9ccNGX/2013-120mm-self-propelled-gun-1064-3-destr-18-08-23.jpg","2023-11-16",574,14250,1,"380-574142501","11/16/2023"
"15667","Ukraine","Spain","2 120mm Alakran","destroyed","https://i.postimg.cc/tC9nxQkn/2010-NGTS-Alacran-120mm-light-mortar-carrier-destr-11-08-23.jpg","2023-11-16",575,14251,1,"380-575142511","11/16/2023"
"15668","Ukraine","Spain","2 120mm Alakran","destroyed","https://i.postimg.cc/CKk7QN6D/2004-120mm-alakran-mortar-carrier-15-08-23.jpg","2023-11-16",575,14252,1,"380-575142521","11/16/2023"
"15669","Ukraine","Soviet Union","86 122mm 2S1 Gvozdika","destroyed","https://i.postimg.cc/GhrFyfCw/4fhj.png","2023-11-16",576,14253,1,"380-576142531","11/16/2023"
"15670","Ukraine","Soviet Union","86 122mm 2S1 Gvozdika","destroyed","https://i.postimg.cc/43cbmftq/4466.png","2023-11-16",576,14254,1,"380-576142541","11/16/2023"
"15671","Ukraine","Soviet Union","86 122mm 2S1 Gvozdika","destroyed","https://i.postimg.cc/R0r6NcvQ/5577.png","2023-11-16",576,14255,1,"380-576142551","11/16/2023"
"15672","Ukraine","Soviet Union","86 122mm 2S1 Gvozdika","destroyed","https://i.postimg.cc/kG6swKK7/760.png","2023-11-16",576,14256,1,"380-576142561","11/16/2023"
"15673","Ukraine","Soviet Union","86 122mm 2S1 Gvozdika","destroyed","https://i.postimg.cc/tTtGQFZV/34.png","2023-11-16",576,12286,1,"380-576122861","11/16/2023"
"15674","Ukraine","Soviet Union","86 122mm 2S1 Gvozdika","destroyed","https://i.postimg.cc/pX8wjYSY/32.jpg","2023-11-16",576,14257,1,"380-576142571","11/16/2023"
"15675","Ukraine","Soviet Union","86 122mm 2S1 Gvozdika","destroyed","https://i.postimg.cc/HxmFmj4G/d32.png","2023-11-16",576,14258,1,"380-576142581","11/16/2023"
"15676","Ukraine","Soviet Union","86 122mm 2S1 Gvozdika","destroyed","https://i.postimg.cc/mkJTxMFW/443.png","2023-11-16",576,14259,1,"380-576142591","11/16/2023"
"15677","Ukraine","Soviet Union","86 122mm 2S1 Gvozdika","destroyed","https://i.postimg.cc/LsWnBWxz/44f.png","2023-11-16",576,14260,1,"380-576142601","11/16/2023"
"15678","Ukraine","Soviet Union","86 122mm 2S1 Gvozdika","destroyed","https://i.postimg.cc/cCSLsxC0/2001.jpg","2023-11-16",576,14261,1,"380-576142611","11/16/2023"
"15679","Ukraine","Soviet Union","86 122mm 2S1 Gvozdika","destroyed","https://i.postimg.cc/FF8RdV10/h7.png","2023-11-16",576,14262,1,"380-576142621","11/16/2023"
"15680","Ukraine","Soviet Union","86 122mm 2S1 Gvozdika","destroyed","https://i.postimg.cc/3wSMD9GC/444.png","2023-11-16",576,14263,1,"380-576142631","11/16/2023"
"15681","Ukraine","Soviet Union","86 122mm 2S1 Gvozdika","destroyed","https://twitter.com/UAWeapons/status/1569733001411444736","2023-11-16",576,14264,1,"380-576142641","11/16/2023"
"15682","Ukraine","Soviet Union","86 122mm 2S1 Gvozdika","destroyed","https://twitter.com/UAWeapons/status/1578448044269658113","2023-11-16",576,14265,1,"380-576142651","11/16/2023"
"15683","Ukraine","Soviet Union","86 122mm 2S1 Gvozdika","destroyed","https://i.postimg.cc/8ky177kz/3f2.png","2023-11-16",576,14266,1,"380-576142661","11/16/2023"
"15684","Ukraine","Soviet Union","86 122mm 2S1 Gvozdika","destroyed","https://i.postimg.cc/cHGSrbVD/f43.png","2023-11-16",576,14267,1,"380-576142671","11/16/2023"
"15685","Ukraine","Soviet Union","86 122mm 2S1 Gvozdika","destroyed","https://i.postimg.cc/jqZ36tLy/2009-2s1-destr-8-8.jpg","2023-11-16",576,14268,1,"380-576142681","11/16/2023"
"15686","Ukraine","Soviet Union","86 122mm 2S1 Gvozdika","destroyed","https://postlmg.cc/56xKYN7q","2023-11-16",576,14269,1,"380-576142691","11/16/2023"
"15687","Ukraine","Soviet Union","86 122mm 2S1 Gvozdika","destroyed","https://i.postimg.cc/FKhCH7PG/764.png","2023-11-16",576,14270,1,"380-576142701","11/16/2023"
"15688","Ukraine","Soviet Union","86 122mm 2S1 Gvozdika","destroyed","https://i.postimg.cc/zDQbKvDc/2001-2s1-gvozdika-destr.jpg","2023-11-16",576,14271,1,"380-576142711","11/16/2023"
"15689","Ukraine","Soviet Union","86 122mm 2S1 Gvozdika","destroyed","https://i.postimg.cc/d040ZpD7/30.png","2023-11-16",576,14272,1,"380-576142721","11/16/2023"
"15690","Ukraine","Soviet Union","86 122mm 2S1 Gvozdika","destroyed","https://i.postimg.cc/8ckQYxJR/2136-122mm-2-S1-Gvozdika-destr-31-07-22.jpg","2023-11-16",576,14273,1,"380-576142731","11/16/2023"
"15691","Ukraine","Soviet Union","86 122mm 2S1 Gvozdika","destroyed","https://i.postimg.cc/Xq3801N7/2007-2s1-gvozdika-destr-07-05-22.jpg","2023-11-16",576,14274,1,"380-576142741","11/16/2023"
"15692","Ukraine","Soviet Union","86 122mm 2S1 Gvozdika","destroyed","https://i.postimg.cc/MKTfGGmK/334.png","2023-11-16",576,14275,1,"380-576142751","11/16/2023"
"15693","Ukraine","Soviet Union","86 122mm 2S1 Gvozdika","destroyed","https://twitter.com/UAWeapons/status/1622981583786463232","2023-11-16",576,14276,1,"380-576142761","11/16/2023"
"15694","Ukraine","Soviet Union","86 122mm 2S1 Gvozdika","destroyed","https://i.postimg.cc/B66pgQfS/2007-2s1-destr-15-03-23.jpg","2023-11-16",576,14277,1,"380-576142771","11/16/2023"
"15695","Ukraine","Soviet Union","86 122mm 2S1 Gvozdika","destroyed","https://i.postimg.cc/k4vt1s4n/43113.png","2023-11-16",576,14278,1,"380-576142781","11/16/2023"
"15696","Ukraine","Soviet Union","86 122mm 2S1 Gvozdika","destroyed","https://i.postimg.cc/B6V6Zzv2/5g4.png","2023-11-16",576,14279,1,"380-576142791","11/16/2023"
"15697","Ukraine","Soviet Union","86 122mm 2S1 Gvozdika","destroyed","https://twitter.com/UAWeapons/status/1641523594885734421","2023-11-16",576,14280,1,"380-576142801","11/16/2023"
"15698","Ukraine","Soviet Union","86 122mm 2S1 Gvozdika","destroyed","https://i.postimg.cc/26bq1WC3/2005-2s1-destr-30-03-23.jpg","2023-11-16",576,14281,1,"380-576142811","11/16/2023"
"15699","Ukraine","Soviet Union","86 122mm 2S1 Gvozdika","destroyed","https://i.postimg.cc/ryrmV6m6/2001-2s1-destr-29-04-23.jpg","2023-11-16",576,14282,1,"380-576142821","11/16/2023"
"15700","Ukraine","Soviet Union","86 122mm 2S1 Gvozdika","destroyed","https://i.postimg.cc/P5pBq1r2/2026-122mm-2-S1-Gvozdika-destr-15-05-23.jpg","2023-11-16",576,14283,1,"380-576142831","11/16/2023"
"15701","Ukraine","Soviet Union","86 122mm 2S1 Gvozdika","destroyed","https://i.postimg.cc/mkgnWH53/2043-122mm-2-S1-Gvozdika-destr-12-05-23.jpg","2023-11-16",576,14284,1,"380-576142841","11/16/2023"
"15702","Ukraine","Soviet Union","86 122mm 2S1 Gvozdika","destroyed","https://i.postimg.cc/jd9R3n5H/1027-2s1-gvozdika-destr-20-01-23.jpg","2023-11-16",576,14285,1,"380-576142851","11/16/2023"
"15703","Ukraine","Soviet Union","86 122mm 2S1 Gvozdika","destroyed","https://i.postimg.cc/s2n96hWt/2010-122mm-2-S1-Gvozdika-destr-13-06-23.jpg","2023-11-16",576,14286,1,"380-576142861","11/16/2023"
"15704","Ukraine","Soviet Union","86 122mm 2S1 Gvozdika","destroyed","https://i.postimg.cc/NfsT470V/2033-2s1-destr-31-05-23.jpg","2023-11-16",576,14287,1,"380-576142871","11/16/2023"
"15705","Ukraine","Soviet Union","86 122mm 2S1 Gvozdika","destroyed","https://i.postimg.cc/CKGzKtR4/2010-122mm-2-S1-Gvozdika-destr-25-06-23.jpg","2023-11-16",576,14288,1,"380-576142881","11/16/2023"
"15706","Ukraine","Soviet Union","86 122mm 2S1 Gvozdika","destroyed","https://i.postimg.cc/FFgxsj4Q/2000-122mm-2-S1-Gvozdika-destr-28-02-23.jpg","2023-11-16",576,14289,1,"380-576142891","11/16/2023"
"15707","Ukraine","Soviet Union","86 122mm 2S1 Gvozdika","destroyed","https://i.postimg.cc/26n7WWLh/2001-122mm-2-S1-Gvozdika-destr-19-07-23.jpg","2023-11-16",576,14290,1,"380-576142901","11/16/2023"
"15708","Ukraine","Soviet Union","86 122mm 2S1 Gvozdika","destroyed","https://i.postimg.cc/Kjt34T5D/2001-2s1-destr-30-07-23.jpg","2023-11-16",576,14291,1,"380-576142911","11/16/2023"
"15709","Ukraine","Soviet Union","86 122mm 2S1 Gvozdika","destroyed","https://i.postimg.cc/XNg0H0kM/2013-2s1-destr-31-07-23.jpg","2023-11-16",576,14292,1,"380-576142921","11/16/2023"
"15710","Ukraine","Soviet Union","86 122mm 2S1 Gvozdika","destroyed","https://i.postimg.cc/1tysd2V0/2004-2s1-destr-03-08-23.jpg","2023-11-16",576,14293,1,"380-576142931","11/16/2023"
"15711","Ukraine","Soviet Union","86 122mm 2S1 Gvozdika","destroyed","https://i.postimg.cc/PqstWPtR/2008-122mm-2-S1-Gvozdika-destr-30-07-23.jpg","2023-11-16",576,14294,1,"380-576142941","11/16/2023"
"15712","Ukraine","Soviet Union","86 122mm 2S1 Gvozdika","destroyed","https://i.postimg.cc/Y0xYKVX2/2007-2s1-destr-06-08-23.jpg","2023-11-16",576,14295,1,"380-576142951","11/16/2023"
"15713","Ukraine","Soviet Union","86 122mm 2S1 Gvozdika","destroyed","https://i.postimg.cc/XYPFb9g5/2008-2s1-destr-06-08-23.jpg","2023-11-16",576,14296,1,"380-576142961","11/16/2023"
"15714","Ukraine","Soviet Union","86 122mm 2S1 Gvozdika","destroyed","https://i.postimg.cc/VsKPW3Z3/1012-2s1-destr-14-08-23.jpg","2023-11-16",576,14297,1,"380-576142971","11/16/2023"
"15715","Ukraine","Soviet Union","86 122mm 2S1 Gvozdika","destroyed","https://i.postimg.cc/cJt7JLn0/2008-2s1-destr-22-08-23.jpg","2023-11-16",576,14298,1,"380-576142981","11/16/2023"
"15716","Ukraine","Soviet Union","86 122mm 2S1 Gvozdika","destroyed","https://i.postimg.cc/QdzpDft5/136.png","2023-11-16",576,14299,1,"380-576142991","11/16/2023"
"15717","Ukraine","Soviet Union","86 122mm 2S1 Gvozdika","destroyed","https://i.postimg.cc/d1NHVdZV/438.png","2023-11-16",576,14300,1,"380-576143001","11/16/2023"
"15718","Ukraine","Soviet Union","86 122mm 2S1 Gvozdika","destroyed","https://i.postimg.cc/T1YL275Z/631.png","2023-11-16",576,14301,1,"380-576143011","11/16/2023"
"15719","Ukraine","Soviet Union","86 122mm 2S1 Gvozdika","destroyed","https://i.postimg.cc/QtVZvLGf/432.png","2023-11-16",576,14302,1,"380-576143021","11/16/2023"
"15720","Ukraine","Soviet Union","86 122mm 2S1 Gvozdika","destroyed","https://i.postimg.cc/j5pV7zsB/2000-2-S1-Gvozdika-destr-23-03-23.jpg","2023-11-16",576,14303,1,"380-576143031","11/16/2023"
"15721","Ukraine","Soviet Union","86 122mm 2S1 Gvozdika","destroyed","https://i.postimg.cc/yNwTb618/2012-2-S1-Gvozdika-destr-12-10-23.jpg","2023-11-16",576,14304,1,"380-576143041","11/16/2023"
"15722","Ukraine","Soviet Union","86 122mm 2S1 Gvozdika","destroyed","https://i.postimg.cc/W4kSCMgC/2002-2-S1-Gvozdika-destr-01-08-23.jpg","2023-11-16",576,14305,1,"380-576143051","11/16/2023"
"15723","Ukraine","Soviet Union","86 122mm 2S1 Gvozdika","destroyed","https://i.postimg.cc/gJb4WnKJ/2005-2-S1-Gvozdika-destr-17-10-23.jpg","2023-11-16",576,14306,1,"380-576143061","11/16/2023"
"15724","Ukraine","Soviet Union","86 122mm 2S1 Gvozdika","destroyed","https://i.postimg.cc/50zbztmJ/2010-2s1-destr-12-07-23.jpg","2023-11-16",576,14307,1,"380-576143071","11/16/2023"
"15725","Ukraine","Soviet Union","86 122mm 2S1 Gvozdika","destroyed","https://i.postimg.cc/XvmnX5dx/2013-2s1-destr-24-10-23.jpg","2023-11-16",576,14308,1,"380-576143081","11/16/2023"
"15726","Ukraine","Soviet Union","86 122mm 2S1 Gvozdika","destroyed","https://i.postimg.cc/SxCyhPcw/2008-2s1-destr-29-10-23.jpg","2023-11-16",576,14309,1,"380-576143091","11/16/2023"
"15727","Ukraine","Soviet Union","86 122mm 2S1 Gvozdika","destroyed","https://i.postimg.cc/9031DF2b/2007-2s1-destr-03-11-23.jpg","2023-11-16",576,14310,1,"380-576143101","11/16/2023"
"15728","Ukraine","Soviet Union","86 122mm 2S1 Gvozdika","damaged","https://i.postimg.cc/TwZV2tLf/799.jpg","2023-11-16",576,14311,2,"380-576143112","11/16/2023"
"15729","Ukraine","Soviet Union","86 122mm 2S1 Gvozdika","damaged","https://twitter.com/imp_navigator/status/1613107573649018880","2023-11-16",576,14312,2,"380-576143122","11/16/2023"
"15730","Ukraine","Soviet Union","86 122mm 2S1 Gvozdika","damaged","https://i.postimg.cc/xTNpmZxR/8j7.png","2023-11-16",576,14313,2,"380-576143132","11/16/2023"
"15731","Ukraine","Soviet Union","86 122mm 2S1 Gvozdika","damaged","https://i.postimg.cc/VsFZ0rnd/2000-2s1-dam-24-03-23.jpg","2023-11-16",576,14314,2,"380-576143142","11/16/2023"
"15732","Ukraine","Soviet Union","86 122mm 2S1 Gvozdika","damaged","https://i.postimg.cc/mk9F5HnK/2000-2s1-dam-03-04-23.jpg","2023-11-16",576,14315,2,"380-576143152","11/16/2023"
"15733","Ukraine","Soviet Union","86 122mm 2S1 Gvozdika","damaged","https://i.postimg.cc/wjjDxqSn/r40.png","2023-11-16",576,14316,2,"380-576143162","11/16/2023"
"15734","Ukraine","Soviet Union","86 122mm 2S1 Gvozdika","damaged","https://i.postimg.cc/YqPwBCJK/2014-2s1-dam-28-02-23.jpg","2023-11-16",576,14317,2,"380-576143172","11/16/2023"
"15735","Ukraine","Soviet Union","86 122mm 2S1 Gvozdika","damaged","https://i.postimg.cc/QC5Fgc0V/2015-122mm-2-S1-Gvozdika-dam-05-05-23.jpg","2023-11-16",576,14318,2,"380-576143182","11/16/2023"
"15736","Ukraine","Soviet Union","86 122mm 2S1 Gvozdika","damaged","https://i.postimg.cc/TPGtMKBB/2003-122mm-2-S1-Gvozdika-dam-21-05-23.jpg","2023-11-16",576,14319,2,"380-576143192","11/16/2023"
"15737","Ukraine","Soviet Union","86 122mm 2S1 Gvozdika","damaged","https://i.postimg.cc/VsgV1M5R/2023-122mm-2-S1-Gvozdika-dam-27-05-23.jpg","2023-11-16",576,14320,2,"380-576143202","11/16/2023"
"15738","Ukraine","Soviet Union","86 122mm 2S1 Gvozdika","damaged","https://i.postimg.cc/4xHgwXzN/2019-122mm-2-S1-Gvozdika-dam-13-08-23.jpg","2023-11-16",576,14321,2,"380-576143212","11/16/2023"
"15739","Ukraine","Soviet Union","86 122mm 2S1 Gvozdika","damaged","https://i.postimg.cc/dQ8nHm2N/435.png","2023-11-16",576,14322,2,"380-576143222","11/16/2023"
"15740","Ukraine","Soviet Union","86 122mm 2S1 Gvozdika","captured","https://i.postimg.cc/L6z1LJRS/578.png","2023-11-16",576,14323,3,"380-576143233","11/16/2023"
"15741","Ukraine","Soviet Union","86 122mm 2S1 Gvozdika","captured","https://i.postimg.cc/Pry1GzXj/49.png","2023-11-16",576,14324,3,"380-576143243","11/16/2023"
"15742","Ukraine","Soviet Union","86 122mm 2S1 Gvozdika","captured","https://i.postimg.cc/dVSd3sZN/d6.png","2023-11-16",576,14325,3,"380-576143253","11/16/2023"
"15743","Ukraine","Soviet Union","86 122mm 2S1 Gvozdika","captured","https://i.postimg.cc/nrk0d0M0/55.png","2023-11-16",576,14326,3,"380-576143263","11/16/2023"
"15744","Ukraine","Soviet Union","86 122mm 2S1 Gvozdika","captured","https://i.postimg.cc/rFmzzNcR/Screenshot-9591.png","2023-11-16",576,14327,3,"380-576143273","11/16/2023"
"15745","Ukraine","Soviet Union","86 122mm 2S1 Gvozdika","captured","https://i.postimg.cc/VLVvt0LG/Screenshot-9592.png","2023-11-16",576,14328,3,"380-576143283","11/16/2023"
"15746","Ukraine","Soviet Union","86 122mm 2S1 Gvozdika","captured","https://i.postimg.cc/Hk8x9Wrp/Screenshot-9593.png","2023-11-16",576,14329,3,"380-576143293","11/16/2023"
"15747","Ukraine","Soviet Union","86 122mm 2S1 Gvozdika","captured","https://postimg.cc/PPLMd7mP","2023-11-16",576,14330,3,"380-576143303","11/16/2023"
"15748","Ukraine","Soviet Union","86 122mm 2S1 Gvozdika","captured","https://twitter.com/UAWeapons/status/1545899351167352832","2023-11-16",576,14138,3,"380-576141383","11/16/2023"
"15749","Ukraine","Soviet Union","86 122mm 2S1 Gvozdika","captured","https://i.postimg.cc/85JgL5K8/b6p.png","2023-11-16",576,14331,3,"380-576143313","11/16/2023"
"15750","Ukraine","Soviet Union","86 122mm 2S1 Gvozdika","captured","https://i.postimg.cc/WpYJ2frh/v89.png","2023-11-16",576,14332,3,"380-576143323","11/16/2023"
"15751","Ukraine","Soviet Union","86 122mm 2S1 Gvozdika","captured","https://i.postimg.cc/T2ggwJZ3/2017-2s1-capt-01-02-23.jpg","2023-11-16",576,14333,3,"380-576143333","11/16/2023"
"15752","Ukraine","Soviet Union","152mm 2S3 Akatsiya","destroyed","https://i.postimg.cc/wv9YQy6k/7769.jpg","2023-11-16",577,14334,1,"380-577143341","11/16/2023"
"15753","Ukraine","Soviet Union","152mm 2S3 Akatsiya","destroyed","https://i.postimg.cc/Z5pN65LF/v5.png","2023-11-16",577,14335,1,"380-577143351","11/16/2023"
"15754","Ukraine","Soviet Union","152mm 2S3 Akatsiya","destroyed","https://i.postimg.cc/L8VTPys4/4431.png","2023-11-16",577,14336,1,"380-577143361","11/16/2023"
"15755","Ukraine","Soviet Union","152mm 2S3 Akatsiya","destroyed","https://i.postimg.cc/RhvrzzvT/477.png","2023-11-16",577,14337,1,"380-577143371","11/16/2023"
"15756","Ukraine","Soviet Union","152mm 2S3 Akatsiya","destroyed","https://i.postimg.cc/hjZX3n0h/2000-2s3.jpg","2023-11-16",577,14338,1,"380-577143381","11/16/2023"
"15757","Ukraine","Soviet Union","152mm 2S3 Akatsiya","destroyed","https://i.postimg.cc/jSkjH7VF/2-S3-destroyed.png","2023-11-16",577,14339,1,"380-577143391","11/16/2023"
"15758","Ukraine","Soviet Union","152mm 2S3 Akatsiya","destroyed","https://i.postimg.cc/9Qhwwhm6/2000-2s3-destr.jpg","2023-11-16",577,14340,1,"380-577143401","11/16/2023"
"15759","Ukraine","Soviet Union","152mm 2S3 Akatsiya","destroyed","https://i.postimg.cc/RCQpTmZX/2001-2-S3-Akatsiya-destr.jpg","2023-11-16",577,14341,1,"380-577143411","11/16/2023"
"15760","Ukraine","Soviet Union","152mm 2S3 Akatsiya","destroyed","https://i.postimg.cc/rwst82ft/2018-2s3-akatsiya-destr-09-01-23.jpg","2023-11-16",577,14342,1,"380-577143421","11/16/2023"
"15761","Ukraine","Soviet Union","152mm 2S3 Akatsiya","destroyed","https://i.postimg.cc/Jz8jpQsK/1024-152mm-2-S3-M-Akatsiya-destr-03-11-22.jpg","2023-11-16",577,14343,1,"380-577143431","11/16/2023"
"15762","Ukraine","Soviet Union","152mm 2S3 Akatsiya","destroyed","https://i.postimg.cc/Vkp8gmmz/7795.png","2023-11-16",577,14344,1,"380-577143441","11/16/2023"
"15763","Ukraine","Soviet Union","152mm 2S3 Akatsiya","destroyed","https://i.postimg.cc/gjFhsx6p/2015-2s3-destr-01-02-23.jpg","2023-11-16",577,14345,1,"380-577143451","11/16/2023"
"15764","Ukraine","Soviet Union","152mm 2S3 Akatsiya","destroyed","https://i.postimg.cc/k5L1f4sv/2000-2s3-destr-21-02-23.jpg","2023-11-16",577,14346,1,"380-577143461","11/16/2023"
"15765","Ukraine","Soviet Union","152mm 2S3 Akatsiya","destroyed","https://i.postimg.cc/nL1CJxSn/2003-2s3-destr-27-02-23.png","2023-11-16",577,14347,1,"380-577143471","11/16/2023"
"15766","Ukraine","Soviet Union","152mm 2S3 Akatsiya","destroyed","https://i.postimg.cc/T3GXD3ND/2002-152mm-2-S3-M-Akatsiya-destr-17-05-23.jpg","2023-11-16",577,14348,1,"380-577143481","11/16/2023"
"15767","Ukraine","Soviet Union","152mm 2S3 Akatsiya","destroyed","https://i.postimg.cc/ZY7y69zG/2007-2s3-destr-19-04-23.jpg","2023-11-16",577,14349,1,"380-577143491","11/16/2023"
"15768","Ukraine","Soviet Union","152mm 2S3 Akatsiya","destroyed","https://i.postimg.cc/FHcdtDkv/2009-2s3-destr-24-04-23.jpg","2023-11-16",577,14350,1,"380-577143501","11/16/2023"
"15769","Ukraine","Soviet Union","152mm 2S3 Akatsiya","destroyed","https://i.postimg.cc/xTFwY6YX/2017-2s3-destr-14-05-23.jpg","2023-11-16",577,14351,1,"380-577143511","11/16/2023"
"15770","Ukraine","Soviet Union","152mm 2S3 Akatsiya","destroyed","https://i.postimg.cc/L5jywJFq/2002-152mm-2-S3-Akatsiya-destr-25-05-23.jpg","2023-11-16",577,14352,1,"380-577143521","11/16/2023"
"15771","Ukraine","Soviet Union","152mm 2S3 Akatsiya","destroyed","https://i.postimg.cc/jdH8ghX4/2010-152mm-2-S3-M-Akatsiya-destr-07-07-23.jpg","2023-11-16",577,14353,1,"380-577143531","11/16/2023"
"15772","Ukraine","Soviet Union","152mm 2S3 Akatsiya","destroyed","https://i.postimg.cc/rwXttBmB/2000-2-S3-destr-12-07-23.jpg","2023-11-16",577,14354,1,"380-577143541","11/16/2023"
"15773","Ukraine","Soviet Union","152mm 2S3 Akatsiya","destroyed","https://i.postimg.cc/SK6mDkRN/2001-2s3-destr-04-08-23.jpg","2023-11-16",577,14355,1,"380-577143551","11/16/2023"
"15774","Ukraine","Soviet Union","152mm 2S3 Akatsiya","destroyed","https://i.postimg.cc/4NdZ76yc/2013-unkn-spg-destr-16-08-23.jpg","2023-11-16",577,14356,1,"380-577143561","11/16/2023"
"15775","Ukraine","Soviet Union","152mm 2S3 Akatsiya","destroyed","https://i.postimg.cc/vHxYMtxD/96.png","2023-11-16",577,14357,1,"380-577143571","11/16/2023"
"15776","Ukraine","Soviet Union","152mm 2S3 Akatsiya","destroyed","https://i.postimg.cc/cHvLRjd9/4317.png","2023-11-16",577,14358,1,"380-577143581","11/16/2023"
"15777","Ukraine","Soviet Union","152mm 2S3 Akatsiya","destroyed","https://i.postimg.cc/JnNDQCwB/1013-2-S3-destr-25-10-23.jpg","2023-11-16",577,14359,1,"380-577143591","11/16/2023"
"15778","Ukraine","Soviet Union","152mm 2S3 Akatsiya","damaged","https://twitter.com/UAWeapons/status/1541534349589454848","2023-11-16",577,14360,2,"380-577143602","11/16/2023"
"15779","Ukraine","Soviet Union","152mm 2S3 Akatsiya","damaged","https://i.postimg.cc/1RMZFR2J/2139-152mm-2-S3-M-Akatsiya-dam-15-03-22.jpg","2023-11-16",577,14361,2,"380-577143612","11/16/2023"
"15780","Ukraine","Soviet Union","152mm 2S3 Akatsiya","damaged","https://i.postimg.cc/zfRwSt5h/447.png","2023-11-16",577,14362,2,"380-577143622","11/16/2023"
"15781","Ukraine","Soviet Union","152mm 2S3 Akatsiya","damaged","https://i.postimg.cc/XNC5TDTC/2001-2s3-destr.jpg","2023-11-16",577,14363,2,"380-577143632","11/16/2023"
"15782","Ukraine","Soviet Union","152mm 2S3 Akatsiya","damaged","https://i.postimg.cc/FKs34sgL/1023-152mm-2-S3-M-Akatsiya-destr-06-11-22.jpg","2023-11-16",577,14364,2,"380-577143642","11/16/2023"
"15783","Ukraine","Soviet Union","152mm 2S3 Akatsiya","damaged","https://i.postimg.cc/zvnfH8Gg/2005-2s3-dam-13-05-23.jpg","2023-11-16",577,14365,2,"380-577143652","11/16/2023"
"15784","Ukraine","Soviet Union","152mm 2S3 Akatsiya","damaged","https://i.postimg.cc/qvLh3Nvf/2007-152mm-2-S3-M-Akatsiya-dam-22-06-23.jpg","2023-11-16",577,14366,2,"380-577143662","11/16/2023"
"15785","Ukraine","Soviet Union","152mm 2S3 Akatsiya","captured","https://i.postimg.cc/3Nx9KNtf/478j.png","2023-11-16",577,14367,3,"380-577143673","11/16/2023"
"15786","Ukraine","Soviet Union","152mm 2S3 Akatsiya","captured","https://postimg.cc/w7CDm5d7","2023-11-16",577,14368,3,"380-577143683","11/16/2023"
"15787","Ukraine","Soviet Union","152mm 2S3 Akatsiya","captured","https://i.postimg.cc/FRFT3nD2/zs.png","2023-11-16",577,14369,3,"380-577143693","11/16/2023"
"15788","Ukraine","Soviet Union","152mm 2S3 Akatsiya","captured","https://i.postimg.cc/tgGqqF21/bf.png","2023-11-16",577,14370,3,"380-577143703","11/16/2023"
"15789","Ukraine","Soviet Union","152mm 2S5 Giatsint-S","destroyed","https://i.postimg.cc/PxZcfjr7/2001-2S5.png","2023-11-16",578,14371,1,"380-578143711","11/16/2023"
"15790","Ukraine","Soviet Union","152mm 2S5 Giatsint-S","captured","https://i.postimg.cc/FFqgXfGL/6689.png","2023-11-16",578,14372,3,"380-578143723","11/16/2023"
"15791","Ukraine","Soviet Union","152mm 2S5 Giatsint-S","captured","https://i.postimg.cc/L5ZP8TvZ/67.png","2023-11-16",578,14373,3,"380-578143733","11/16/2023"
"15792","Ukraine","Soviet Union","152mm 2S19 Msta-S","destroyed","https://i.postimg.cc/VsZBtd8H/2004-152mm-2-S19-Msta-S-destr-24-01-23.jpg","2023-11-16",579,14374,1,"380-579143741","11/16/2023"
"15793","Ukraine","Soviet Union","152mm 2S19 Msta-S","destroyed","https://twitter.com/UAWeapons/status/1624094599093317632","2023-11-16",579,14375,1,"380-579143751","11/16/2023"
"15794","Ukraine","Soviet Union","152mm 2S19 Msta-S","damaged","https://i.postimg.cc/C1gj33Mx/m3.png","2023-11-16",579,14376,2,"380-579143762","11/16/2023"
"15795","Ukraine","Soviet Union","152mm 2S19 Msta-S","damaged","https://i.postimg.cc/MTmyq9Xb/m4.png","2023-11-16",579,14377,2,"380-579143772","11/16/2023"
"15796","Ukraine","Norway","155mm M109A3/A4/A5/A6/L","destroyed","https://twitter.com/UAWeapons/status/1588481999266009091","2023-11-16",580,14378,1,"380-580143781","11/16/2023"
"15797","Ukraine","Norway","155mm M109A3/A4/A5/A6/L","destroyed","https://twitter.com/UAWeapons/status/1613190256395968512","2023-11-16",580,14379,1,"380-580143791","11/16/2023"
"15798","Ukraine","Norway","155mm M109A3/A4/A5/A6/L","destroyed","https://i.postimg.cc/D0Nr3Y6K/2017-155mm-M109-A3-A5-destr-20-01-23.jpg","2023-11-16",580,14380,1,"380-580143801","11/16/2023"
"15799","Ukraine","Norway","155mm M109A3/A4/A5/A6/L","destroyed","https://twitter.com/imp_navigator/status/1644439219983507456","2023-11-16",580,14381,1,"380-580143811","11/16/2023"
"15800","Ukraine","Norway","155mm M109A3/A4/A5/A6/L","destroyed","https://i.postimg.cc/QCrSmzx5/2005-m109-destr-14-02-23.jpg","2023-11-16",580,14382,1,"380-580143821","11/16/2023"
"15801","Ukraine","Norway","155mm M109A3/A4/A5/A6/L","destroyed","https://twitter.com/imp_navigator/status/1631351851944738817","2023-11-16",580,14383,1,"380-580143831","11/16/2023"
"15802","Ukraine","Norway","155mm M109A3/A4/A5/A6/L","destroyed","https://i.postimg.cc/J464Vp5K/2002-m109-destr-07-03-23.jpg","2023-11-16",580,14384,1,"380-580143841","11/16/2023"
"15803","Ukraine","Norway","155mm M109A3/A4/A5/A6/L","destroyed","https://i.postimg.cc/j5KqLrhX/4460.png","2023-11-16",580,14385,1,"380-580143851","11/16/2023"
"15804","Ukraine","Norway","155mm M109A3/A4/A5/A6/L","destroyed","https://i.postimg.cc/28QWtht2/32110.png","2023-11-16",580,14386,1,"380-580143861","11/16/2023"
"15805","Ukraine","Norway","155mm M109A3/A4/A5/A6/L","destroyed","https://i.postimg.cc/MK5CBHN5/338p.png","2023-11-16",580,14387,1,"380-580143871","11/16/2023"
"15806","Ukraine","Norway","155mm M109A3/A4/A5/A6/L","destroyed","https://i.postimg.cc/prGMTWrj/2013-M109-L-destr-07-05-23.jpg","2023-11-16",580,14388,1,"380-580143881","11/16/2023"
"15807","Ukraine","Norway","155mm M109A3/A4/A5/A6/L","destroyed","https://i.postimg.cc/JhsMCVhC/2005-155mm-M109-destr-25-03-23.jpg","2023-11-16",580,14389,1,"380-580143891","11/16/2023"
"15808","Ukraine","Norway","155mm M109A3/A4/A5/A6/L","destroyed","https://i.postimg.cc/RCPYGzYD/2005-M109-L-destr-22-06-23.jpg","2023-11-16",580,14390,1,"380-580143901","11/16/2023"
"15809","Ukraine","Norway","155mm M109A3/A4/A5/A6/L","destroyed","https://i.postimg.cc/BZYtt2nR/2012-m109-destr-03-07-23.jpg","2023-11-16",580,14391,1,"380-580143911","11/16/2023"
"15810","Ukraine","Norway","155mm M109A3/A4/A5/A6/L","destroyed","https://i.postimg.cc/cLRt7Ftr/2001-M109-destr-12-07-23.jpg","2023-11-16",580,14392,1,"380-580143921","11/16/2023"
"15811","Ukraine","Norway","155mm M109A3/A4/A5/A6/L","destroyed","https://i.postimg.cc/ncKBGYVv/2017-155mm-M109-A3-GN-destr-21-07-23.jpg","2023-11-16",580,14393,1,"380-580143931","11/16/2023"
"15812","Ukraine","Norway","155mm M109A3/A4/A5/A6/L","destroyed","https://i.postimg.cc/Z5g8DHr6/2006-m109-destr-23-07-23.jpg","2023-11-16",580,14394,1,"380-580143941","11/16/2023"
"15813","Ukraine","Norway","155mm M109A3/A4/A5/A6/L","destroyed","https://i.postimg.cc/k40tnsW5/2008-m109-destr-23-07-23.jpg","2023-11-16",580,14395,1,"380-580143951","11/16/2023"
"15814","Ukraine","Norway","155mm M109A3/A4/A5/A6/L","destroyed","https://i.postimg.cc/fL5DQCYG/2009-155mm-M109-L-destr-31-07-23.jpg","2023-11-16",580,14396,1,"380-580143961","11/16/2023"
"15815","Ukraine","Norway","155mm M109A3/A4/A5/A6/L","destroyed","https://i.postimg.cc/Fzsq2rfY/324.png","2023-11-16",580,14397,1,"380-580143971","11/16/2023"
"15816","Ukraine","Norway","155mm M109A3/A4/A5/A6/L","destroyed","https://i.postimg.cc/Vvt0B3C8/424.png","2023-11-16",580,14398,1,"380-580143981","11/16/2023"
"15817","Ukraine","Norway","155mm M109A3/A4/A5/A6/L","destroyed","https://i.postimg.cc/RFWC1JCk/2022-M109-A3-GN-destr-01-10-23.jpg","2023-11-16",580,14399,1,"380-580143991","11/16/2023"
"15818","Ukraine","Norway","155mm M109A3/A4/A5/A6/L","destroyed","https://i.postimg.cc/28mkHjXT/2004-M109-L-destr-21-10-23.jpg","2023-11-16",580,14400,1,"380-580144001","11/16/2023"
"15819","Ukraine","Norway","155mm M109A3/A4/A5/A6/L","damaged","https://twitter.com/UAWeapons/status/1534148275581894659","2023-11-16",580,14401,2,"380-580144012","11/16/2023"
"15820","Ukraine","Norway","155mm M109A3/A4/A5/A6/L","damaged","https://twitter.com/UAWeapons/status/1557039445953626114","2023-11-16",580,14402,2,"380-580144022","11/16/2023"
"15821","Ukraine","Norway","155mm M109A3/A4/A5/A6/L","damaged","https://i.postimg.cc/L5G0NyDp/2026-m109-dam-28-04-23.jpg","2023-11-16",580,14403,2,"380-580144032","11/16/2023"
"15822","Ukraine","Norway","155mm M109A3/A4/A5/A6/L","damaged","https://i.postimg.cc/RVGrhK2Q/3215.png","2023-11-16",580,14404,2,"380-580144042","11/16/2023"
"15823","Ukraine","Norway","155mm M109A3/A4/A5/A6/L","damaged","https://i.postimg.cc/ZKKKMGpC/2003-m109-dam-07-03-23.jpg","2023-11-16",580,14405,2,"380-580144052","11/16/2023"
"15824","Ukraine","Norway","155mm M109A3/A4/A5/A6/L","damaged","https://i.postimg.cc/XXMg4fGq/2010-m109-dam-19-03-23.jpg","2023-11-16",580,14406,2,"380-580144062","11/16/2023"
"15825","Ukraine","Norway","155mm M109A3/A4/A5/A6/L","damaged","https://i.postimg.cc/dtDCWymZ/44f.png","2023-11-16",580,14407,2,"380-580144072","11/16/2023"
"15826","Ukraine","Norway","155mm M109A3/A4/A5/A6/L","damaged","https://i.postimg.cc/d1PNrG5T/2003-155mm-M109-dam-27-03-23.jpg","2023-11-16",580,14408,2,"380-580144082","11/16/2023"
"15827","Ukraine","Norway","155mm M109A3/A4/A5/A6/L","damaged","https://i.postimg.cc/256pxZgT/33d.png","2023-11-16",580,14409,2,"380-580144092","11/16/2023"
"15828","Ukraine","Norway","155mm M109A3/A4/A5/A6/L","damaged","https://i.postimg.cc/Dwrz9kbM/2006-m109-dam-16-07-23.jpg","2023-11-16",580,14410,2,"380-580144102","11/16/2023"
"15829","Ukraine","Norway","155mm M109A3/A4/A5/A6/L","damaged","https://i.postimg.cc/k54nhyDh/2004-m109-dam-13-08-23.jpg","2023-11-16",580,14411,2,"380-580144112","11/16/2023"
"15830","Ukraine","Norway","155mm M109A3/A4/A5/A6/L","damaged","https://i.postimg.cc/qqmTDRbg/2003-155mm-M109-L-dam-26-07-23.jpg","2023-11-16",580,14412,2,"380-580144122","11/16/2023"
"15831","Ukraine","Norway","155mm M109A3/A4/A5/A6/L","damaged","https://i.postimg.cc/Gpk1wz7W/2022-155mm-M109-dam-04-08-23.jpg","2023-11-16",580,14413,2,"380-580144132","11/16/2023"
"15832","Ukraine","Poland","155mm AHS Krab","destroyed","https://twitter.com/RALee85/status/1548774188806275072","2023-11-16",581,14414,1,"380-581144141","11/16/2023"
"15833","Ukraine","Poland","155mm AHS Krab","destroyed","https://twitter.com/RALee85/status/1589965291974725633","2023-11-16",581,14415,1,"380-581144151","11/16/2023"
"15834","Ukraine","Poland","155mm AHS Krab","destroyed","https://twitter.com/UAWeapons/status/1595817696716898304","2023-11-16",581,14416,1,"380-581144161","11/16/2023"
"15835","Ukraine","Poland","155mm AHS Krab","destroyed","https://i.postimg.cc/Bvn28WWW/2000-ahs-Krab-destr-24-12-22.jpg","2023-11-16",581,14417,1,"380-581144171","11/16/2023"
"15836","Ukraine","Poland","155mm AHS Krab","destroyed","https://twitter.com/UAWeapons/status/1607839666874589185","2023-11-16",581,14418,1,"380-581144181","11/16/2023"
"15837","Ukraine","Poland","155mm AHS Krab","destroyed","https://i.postimg.cc/T3Lv6xT5/2005-ahs-krab-destr-29-12-22.jpg","2023-11-16",581,14419,1,"380-581144191","11/16/2023"
"15838","Ukraine","Poland","155mm AHS Krab","destroyed","https://i.postimg.cc/v83yr1wT/73.png","2023-11-16",581,14420,1,"380-581144201","11/16/2023"
"15839","Ukraine","Poland","155mm AHS Krab","destroyed","https://twitter.com/UAWeapons/status/1642460631897915399","2023-11-16",581,14421,1,"380-581144211","11/16/2023"
"15840","Ukraine","Poland","155mm AHS Krab","destroyed","https://i.postimg.cc/5tkY9gdZ/2004-ahs-krab-destr-30-03-23.jpg","2023-11-16",581,14422,1,"380-581144221","11/16/2023"
"15841","Ukraine","Poland","155mm AHS Krab","destroyed","https://twitter.com/UAWeapons/status/1646067488776499200","2023-11-16",581,14423,1,"380-581144231","11/16/2023"
"15842","Ukraine","Poland","155mm AHS Krab","destroyed","https://i.postimg.cc/8k2t75bT/2008-krab-destr-22-04-23.jpg","2023-11-16",581,14424,1,"380-581144241","11/16/2023"
"15843","Ukraine","Poland","155mm AHS Krab","destroyed","https://i.postimg.cc/Bb7VSnrr/2021-155mm-AHS-Krab-destr-28-02-23.jpg","2023-11-16",581,14425,1,"380-581144251","11/16/2023"
"15844","Ukraine","Poland","155mm AHS Krab","destroyed","https://i.postimg.cc/KzNWWNJv/2022-155mm-AHS-Krab-destr-28-02-23.jpg","2023-11-16",581,14426,1,"380-581144261","11/16/2023"
"15845","Ukraine","Poland","155mm AHS Krab","destroyed","https://i.postimg.cc/rpwXfYky/2009-155mm-AHS-Krab-destr-22-05-23.jpg","2023-11-16",581,14427,1,"380-581144271","11/16/2023"
"15846","Ukraine","Poland","155mm AHS Krab","destroyed","https://i.postimg.cc/j2C0Scjy/2041-krab-destr-12-06-23.jpg","2023-11-16",581,14428,1,"380-581144281","11/16/2023"
"15847","Ukraine","Poland","155mm AHS Krab","destroyed","https://i.postimg.cc/2SxKGXH6/2005-ahs-krab-destr-18-07-23.jpg","2023-11-16",581,14429,1,"380-581144291","11/16/2023"
"15848","Ukraine","Poland","155mm AHS Krab","destroyed","https://i.postimg.cc/ZnbvqskB/2014-155mm-AHS-Krab-destr-18-07-23.jpg","2023-11-16",581,14430,1,"380-581144301","11/16/2023"
"15849","Ukraine","Poland","155mm AHS Krab","destroyed","https://i.postimg.cc/WbXg5BFX/2011-krab-destr-06-08-23.jpg","2023-11-16",581,14431,1,"380-581144311","11/16/2023"
"15850","Ukraine","Poland","155mm AHS Krab","destroyed","https://i.postimg.cc/qvWkrvLH/2007-155mm-AHS-Krab-destr-01-10-23.jpg","2023-11-16",581,14432,1,"380-581144321","11/16/2023"
"15851","Ukraine","Poland","155mm AHS Krab","destroyed","https://i.postimg.cc/3NhF3LDM/2002-krab-destr-26-09-23.jpg","2023-11-16",581,14433,1,"380-581144331","11/16/2023"
"15852","Ukraine","Poland","155mm AHS Krab","destroyed","https://i.postimg.cc/9FJYjYmS/2005-AHS-Krab-destr-04-08-23.jpg","2023-11-16",581,14434,1,"380-581144341","11/16/2023"
"15853","Ukraine","Poland","155mm AHS Krab","destroyed","https://i.postimg.cc/x13HYQQg/2013-AHS-Krab-destr-09-11-23.jpg","2023-11-16",581,14435,1,"380-581144351","11/16/2023"
"15854","Ukraine","Poland","155mm AHS Krab","damaged","https://i.postimg.cc/yN7rvmF8/2000-krab-dmg.jpg","2023-11-16",581,14436,2,"380-581144362","11/16/2023"
"15855","Ukraine","Poland","155mm AHS Krab","damaged","https://twitter.com/imp_navigator/status/1604391495762583554","2023-11-16",581,14437,2,"380-581144372","11/16/2023"
"15856","Ukraine","Poland","155mm AHS Krab","damaged","https://i.postimg.cc/MpCgfXnx/2023-155mm-AHS-Krab-dam-28-02-23.jpg","2023-11-16",581,14438,2,"380-581144382","11/16/2023"
"15857","Ukraine","Soviet Union","203mm 2S7 Pion","destroyed","https://i.postimg.cc/6pc6knVX/4j.png","2023-11-16",582,14439,1,"380-582144391","11/16/2023"
"15858","Ukraine","Soviet Union","203mm 2S7 Pion","destroyed","https://i.postimg.cc/bJFyLX2W/2000.jpg","2023-11-16",582,14440,1,"380-582144401","11/16/2023"
"15859","Ukraine","Soviet Union","203mm 2S7 Pion","destroyed","https://i.postimg.cc/8CMRWpyv/376.png","2023-11-16",582,14441,1,"380-582144411","11/16/2023"
"15860","Ukraine","Soviet Union","203mm 2S7 Pion","damaged","https://i.postimg.cc/VLs0y1LY/d34.jpg","2023-11-16",582,14442,2,"380-582144422","11/16/2023"
"15861","Ukraine","Soviet Union","203mm 2S7 Pion","damaged","https://twitter.com/UAWeapons/status/1534866398303948801","2023-11-16",582,14443,2,"380-582144432","11/16/2023"
"15862","Ukraine","Soviet Union","203mm 2S7 Pion","damaged","https://i.postimg.cc/C1fv95b0/2000-2s7-dam.jpg","2023-11-16",582,14444,2,"380-582144442","11/16/2023"
"15863","Ukraine","Soviet Union","203mm 2S7 Pion","damaged","https://i.postimg.cc/HshjKQqy/2001-2s7-pion-dam-06-01-23.jpg","2023-11-16",582,14445,2,"380-582144452","11/16/2023"
"15864","Ukraine","Soviet Union","203mm 2S7 Pion","damaged","https://i.postimg.cc/J4s5tfKL/4376.png","2023-11-16",582,14446,2,"380-582144462","11/16/2023"
"15865","Ukraine","Soviet Union","203mm 2S7 Pion","captured","https://i.postimg.cc/J4s5tfKL/4376.png","2023-11-16",582,14446,3,"380-582144463","11/16/2023"
"15866","Ukraine","Soviet Union","203mm 2S7 Pion","captured","https://i.postimg.cc/Jnv9g4BN/46680.png","2023-11-16",582,14447,3,"380-582144473","11/16/2023"
"15867","Ukraine","Slovakia","1 155mm ShKH Zuzana 2","destroyed","https://twitter.com/UAWeapons/status/1592188538329890816","2023-11-16",583,14448,1,"380-583144481","11/16/2023"
"15868","Ukraine","France","4 155mm Caesar 6x6","destroyed","https://twitter.com/UAWeapons/status/1672339498775052289","2023-11-16",584,14449,1,"380-584144491","11/16/2023"
"15869","Ukraine","France","4 155mm Caesar 6x6","destroyed","https://twitter.com/UAWeapons/status/1695505360570707969","2023-11-16",584,14450,1,"380-584144501","11/16/2023"
"15870","Ukraine","France","4 155mm Caesar 6x6","damaged","https://twitter.com/UAWeapons/status/1592844029452247040","2023-11-16",584,14451,2,"380-584144512","11/16/2023"
"15871","Ukraine","France","4 155mm Caesar 6x6","damaged","https://i.postimg.cc/vB6QZ9G7/2017-caesar-dam-04-05-23.jpg","2023-11-16",584,14452,2,"380-584144522","11/16/2023"
"15872","Ukraine","France","155mm Caesar 8x8","destroyed","https://i.postimg.cc/6QYkhCmQ/2.png","2023-11-16",585,14453,1,"380-585144531","11/16/2023"
"15873","Ukraine","Germany","1 155mm Panzerhaubitze 2000","damaged","https://twitter.com/UAWeapons/status/1596599767672520704","2023-11-16",586,14454,2,"380-586144542","11/16/2023"
"15874","Ukraine","Czech Republic","2 152mm ShKH vz. 77 DANA","damaged","https://i.postimg.cc/L861xKhJ/2000-dana-spg-dam-11-02-23.jpg","2023-11-16",587,14455,2,"380-587144552","11/16/2023"
"15875","Ukraine","Czech Republic","2 152mm ShKH vz. 77 DANA","damaged","https://i.postimg.cc/JhKC7C0d/2019-152mm-Sh-KH-vz-77-DANA-dam-25-10-23.jpg","2023-11-16",587,14456,2,"380-587144562","11/16/2023"
"15876","Ukraine","United Kingdom","155mm AS-90","destroyed","https://twitter.com/UAWeapons/status/1675935453239705600","2023-11-16",588,14457,1,"380-588144571","11/16/2023"
"15877","Ukraine","United Kingdom","155mm AS-90","destroyed","https://i.postimg.cc/NFY7k0RV/2007-AS-90-destr-23-07-23.jpg","2023-11-16",588,14458,1,"380-588144581","11/16/2023"
"15878","Ukraine","United Kingdom","155mm AS-90","destroyed","https://i.postimg.cc/vTGmYtPF/543.png","2023-11-16",588,14459,1,"380-588144591","11/16/2023"
"15879","Ukraine","United Kingdom","155mm AS-90","destroyed","https://i.postimg.cc/T1xXZFxz/2003-m109-destr-15-09-23.jpg","2023-11-16",588,14460,1,"380-588144601","11/16/2023"
"15880","Ukraine","United Kingdom","155mm AS-90","damaged","https://i.postimg.cc/pLBdPt16/2018-AS-90-dam-30-09-23.jpg","2023-11-16",588,14461,2,"380-588144612","11/16/2023"
"15881","Ukraine","United Kingdom","155mm AS-90","damaged","https://i.postimg.cc/HLWMkNsm/2010-AS-90-dam-10-11-23.jpg","2023-11-16",588,14462,2,"380-588144622","11/16/2023"
"15882","Ukraine","Ukraine","Unknown SPG","destroyed","https://twitter.com/UAWeapons/status/1510694748595625984","2023-11-16",222,14463,1,"380-222144631","11/16/2023"
"15883","Ukraine","Ukraine","Unknown SPG","destroyed","https://i.postimg.cc/bwnVnG7W/435.png","2023-11-16",222,14464,1,"380-222144641","11/16/2023"
"15884","Ukraine","Ukraine","Unknown SPG","destroyed","https://i.postimg.cc/nrcBf0cz/4333.png","2023-11-16",222,14465,1,"380-222144651","11/16/2023"
"15885","Ukraine","Ukraine","Unknown SPG","destroyed","https://i.postimg.cc/3NyR8mPn/2010-unkn-spg-destr-12-05-23.jpg","2023-11-16",222,14466,1,"380-222144661","11/16/2023"
"15886","Ukraine","Ukraine","Unknown SPG","destroyed","https://i.postimg.cc/Jnp6QR6v/2007-unkn-spg-destr-28-05-23.jpg","2023-11-16",222,14467,1,"380-222144671","11/16/2023"
"15887","Ukraine","Ukraine","Unknown SPG","destroyed","https://i.postimg.cc/J4x6p6dz/2016-unkn-spg-destr-06-06-23.jpg","2023-11-16",222,14468,1,"380-222144681","11/16/2023"
"15888","Ukraine","Ukraine","Unknown SPG","destroyed","https://i.postimg.cc/QN6jZ9Mp/2024-Unknown-SPG-destr-04-06-23.jpg","2023-11-16",222,14469,1,"380-222144691","11/16/2023"
"15889","Ukraine","Ukraine","Unknown SPG","destroyed","https://i.postimg.cc/1XpSPK3V/2003-unkn-spg-dam-05-07-23.jpg","2023-11-16",222,14470,1,"380-222144701","11/16/2023"
"15890","Ukraine","Ukraine","Unknown SPG","destroyed","https://i.postimg.cc/Nfb98JCJ/2014-Unknown-SPG-destr-05-08-23.jpg","2023-11-16",222,14471,1,"380-222144711","11/16/2023"
"15891","Ukraine","Ukraine","Unknown SPG","destroyed","https://i.postimg.cc/WzmszjSp/2004-unkn-spg-destr-15-09-23.jpg","2023-11-16",222,14472,1,"380-222144721","11/16/2023"
"15892","Ukraine","Ukraine","Unknown SPG","destroyed","https://i.postimg.cc/TPZxch4Y/2012-unkn-spg-destr-15-10-23.jpg","2023-11-16",222,14473,1,"380-222144731","11/16/2023"
"15893","Ukraine","Ukraine","Unknown SPG","damaged","https://i.postimg.cc/RFhCdwV4/2016-unkn-spg-dam-10-05-23.jpg","2023-11-16",222,14474,2,"380-222144742","11/16/2023"
"15894","Ukraine","Ukraine","1 80mm B-8 makeshift MRL","destroyed","https://i.postimg.cc/4ycRshgj/2001-80mm-S-8-MLR-destr.jpg","2023-11-16",589,14475,1,"380-589144751","11/16/2023"
"15895","Ukraine","Soviet Union","122mm BM-21 Grad","destroyed","https://i.postimg.cc/rsL2SYH9/kl.png","2023-11-16",590,14476,1,"380-590144761","11/16/2023"
"15896","Ukraine","Soviet Union","122mm BM-21 Grad","destroyed","https://i.postimg.cc/T3HfML5w/gg2.jpg","2023-11-16",590,14477,1,"380-590144771","11/16/2023"
"15897","Ukraine","Soviet Union","122mm BM-21 Grad","destroyed","https://i.postimg.cc/hjmS0DjG/gg1.jpg","2023-11-16",590,14478,1,"380-590144781","11/16/2023"
"15898","Ukraine","Soviet Union","122mm BM-21 Grad","destroyed","https://twitter.com/UAWeapons/status/1508897454040788993","2023-11-16",590,14479,1,"380-590144791","11/16/2023"
"15899","Ukraine","Soviet Union","122mm BM-21 Grad","destroyed","https://i.postimg.cc/Df9KgCX2/f1.jpg","2023-11-16",590,14480,1,"380-590144801","11/16/2023"
"15900","Ukraine","Soviet Union","122mm BM-21 Grad","destroyed","https://i.postimg.cc/y8BCqkjt/f2.jpg","2023-11-16",590,14481,1,"380-590144811","11/16/2023"
"15901","Ukraine","Soviet Union","122mm BM-21 Grad","destroyed","https://i.postimg.cc/qqxFD9hq/4311.png","2023-11-16",590,14482,1,"380-590144821","11/16/2023"
"15902","Ukraine","Soviet Union","122mm BM-21 Grad","destroyed","https://i.postimg.cc/8CwjDC2m/m1.png","2023-11-16",590,14483,1,"380-590144831","11/16/2023"
"15903","Ukraine","Soviet Union","122mm BM-21 Grad","destroyed","https://i.postimg.cc/qRzn5nN3/m2.png","2023-11-16",590,14484,1,"380-590144841","11/16/2023"
"15904","Ukraine","Soviet Union","122mm BM-21 Grad","destroyed","https://i.postimg.cc/SsbWmK1s/2040-BM-21-destr-31-05-22.jpg","2023-11-16",590,14485,1,"380-590144851","11/16/2023"
"15905","Ukraine","Soviet Union","122mm BM-21 Grad","destroyed","https://i.postimg.cc/2S6HBzC5/j8.png","2023-11-16",590,14486,1,"380-590144861","11/16/2023"
"15906","Ukraine","Soviet Union","122mm BM-21 Grad","destroyed","https://i.postimg.cc/527hcjHL/1.png","2023-11-16",590,14487,1,"380-590144871","11/16/2023"
"15907","Ukraine","Soviet Union","122mm BM-21 Grad","destroyed","https://i.postimg.cc/W4dwcW2v/ff4.png","2023-11-16",590,14488,1,"380-590144881","11/16/2023"
"15908","Ukraine","Soviet Union","122mm BM-21 Grad","destroyed","https://twitter.com/RALee85/status/1605654534105272356","2023-11-16",590,14489,1,"380-590144891","11/16/2023"
"15909","Ukraine","Soviet Union","122mm BM-21 Grad","destroyed","https://twitter.com/UAWeapons/status/1612893040162574352","2023-11-16",590,14490,1,"380-590144901","11/16/2023"
"15910","Ukraine","Soviet Union","122mm BM-21 Grad","destroyed","https://i.postimg.cc/FsRJ8QVC/2001-bm21-grad-destr-31-01-23.jpg","2023-11-16",590,14491,1,"380-590144911","11/16/2023"
"15911","Ukraine","Soviet Union","122mm BM-21 Grad","destroyed","https://i.postimg.cc/q7SRJ8d4/2004-bm21-destr-16-02-23.jpg","2023-11-16",590,14492,1,"380-590144921","11/16/2023"
"15912","Ukraine","Soviet Union","122mm BM-21 Grad","destroyed","https://i.postimg.cc/Gt1mYd2f/2006-bm21-destr-17-02-23.jpg","2023-11-16",590,14493,1,"380-590144931","11/16/2023"
"15913","Ukraine","Soviet Union","122mm BM-21 Grad","destroyed","https://i.postimg.cc/HnZdqJBG/332d4.png","2023-11-16",590,14494,1,"380-590144941","11/16/2023"
"15914","Ukraine","Soviet Union","122mm BM-21 Grad","destroyed","https://i.postimg.cc/k41HtMtD/2022-bm21-destr-21-04-23.jpg","2023-11-16",590,14495,1,"380-590144951","11/16/2023"
"15915","Ukraine","Soviet Union","122mm BM-21 Grad","destroyed","https://twitter.com/UAWeapons/status/1671845500981583872","2023-11-16",590,14496,1,"380-590144961","11/16/2023"
"15916","Ukraine","Soviet Union","122mm BM-21 Grad","destroyed","https://i.postimg.cc/zG3wj6RJ/2039-BM-21-destr-31-05-22.jpg","2023-11-16",590,14497,1,"380-590144971","11/16/2023"
"15917","Ukraine","Soviet Union","122mm BM-21 Grad","destroyed","https://i.postimg.cc/SQ9BpgB3/2000-bm21-destr-04-04-22.jpg","2023-11-16",590,14498,1,"380-590144981","11/16/2023"
"15918","Ukraine","Soviet Union","122mm BM-21 Grad","destroyed","https://i.postimg.cc/xCMQRBvW/2017-bm21-destr-08-11-23.jpg","2023-11-16",590,14499,1,"380-590144991","11/16/2023"
"15919","Ukraine","Soviet Union","122mm BM-21 Grad","damaged","https://i.postimg.cc/DZmrXBFN/2002-bm21-dam.jpg","2023-11-16",590,14500,2,"380-590145002","11/16/2023"
"15920","Ukraine","Soviet Union","122mm BM-21 Grad","damaged","https://i.postimg.cc/wxtZR7CC/UA-BM-21-damaged.png","2023-11-16",590,14501,2,"380-590145012","11/16/2023"
"15921","Ukraine","Soviet Union","122mm BM-21 Grad","damaged","https://i.postimg.cc/pTbxqPhC/2005-bm21-dam-26-02-23.jpg","2023-11-16",590,14502,2,"380-590145022","11/16/2023"
"15922","Ukraine","Soviet Union","122mm BM-21 Grad","damaged","https://i.postimg.cc/j5gyyhmz/379.png","2023-11-16",590,14503,2,"380-590145032","11/16/2023"
"15923","Ukraine","Soviet Union","122mm BM-21 Grad","damaged","https://i.postimg.cc/WzwWmqHn/7j7.png","2023-11-16",590,14504,2,"380-590145042","11/16/2023"
"15924","Ukraine","Soviet Union","122mm BM-21 Grad","damaged","https://i.postimg.cc/SxFHHP3X/3f.png","2023-11-16",590,14505,2,"380-590145052","11/16/2023"
"15925","Ukraine","Soviet Union","122mm BM-21 Grad","damaged","https://i.postimg.cc/RCTB95ws/2000-bm21-grad-destr.jpg","2023-11-16",590,14506,2,"380-590145062","11/16/2023"
"15926","Ukraine","Soviet Union","122mm BM-21 Grad","damaged","https://twitter.com/UAWeapons/status/1676555532482519042","2023-11-16",590,14507,2,"380-590145072","11/16/2023"
"15927","Ukraine","Soviet Union","122mm BM-21 Grad","captured","https://i.postimg.cc/3rnRpYg6/5hj.png","2023-11-16",590,14508,3,"380-590145083","11/16/2023"
"15928","Ukraine","Soviet Union","122mm BM-21 Grad","captured","https://i.postimg.cc/3x5Tv6cL/b9.png","2023-11-16",590,14509,3,"380-590145093","11/16/2023"
"15929","Ukraine","Soviet Union","122mm BM-21 Grad","captured","https://i.postimg.cc/yYq1mkJX/c4.png","2023-11-16",590,14510,3,"380-590145103","11/16/2023"
"15930","Ukraine","Soviet Union","122mm BM-21 Grad","captured","https://i.postimg.cc/Yqsk5MpZ/2010-bm21-capt-24-02-22.jpg","2023-11-16",590,14511,3,"380-590145113","11/16/2023"
"15931","Ukraine","Ukraine","1 122mm Bastion-1","destroyed","https://i.postimg.cc/rs1CxrWd/2000-Bastion-1.jpg","2023-11-16",591,14512,1,"380-591145121","11/16/2023"
"15932","Ukraine","Soviet Union","220mm BM-27 Uragan","destroyed","https://twitter.com/UAWeapons/status/1519331831006511104","2023-11-16",229,14088,1,"380-229140881","11/16/2023"
"15933","Ukraine","Soviet Union","220mm BM-27 Uragan","destroyed","https://i.postimg.cc/fRW2117f/2008-bm27-destr-13-02-23.jpg","2023-11-16",229,14513,1,"380-229145131","11/16/2023"
"15934","Ukraine","Soviet Union","220mm BM-27 Uragan","captured","https://i.postimg.cc/MpZxknr7/437.png","2023-11-16",229,14514,3,"380-229145143","11/16/2023"
"15935","Ukraine","Soviet Union","220mm BM-27 Uragan","captured","https://i.postimg.cc/0yh6X2cL/346.png","2023-11-16",229,14515,3,"380-229145153","11/16/2023"
"15936","Ukraine","Soviet Union","220mm BM-27 Uragan","captured","https://i.postimg.cc/N0XpN0Rg/5.png","2023-11-16",229,14516,3,"380-229145163","11/16/2023"
"15937","Ukraine","Ukraine","1 220mm Bureviy","destroyed","https://twitter.com/UAWeapons/status/1601279261809123328","2023-11-16",592,14517,1,"380-592145171","11/16/2023"
"15938","Ukraine","Czech Republic","3 122mm RM-70","destroyed","https://twitter.com/UAWeapons/status/1637010111414632448","2023-11-16",593,14518,1,"380-593145181","11/16/2023"
"15939","Ukraine","Czech Republic","3 122mm RM-70","destroyed","https://i.postimg.cc/dQy8LczN/2010-122mm-RM-70-destr-20-07-23.jpg","2023-11-16",593,14519,1,"380-593145191","11/16/2023"
"15940","Ukraine","Czech Republic","3 122mm RM-70","damaged","https://i.postimg.cc/1tfP31Rj/2000-rm70-dam-10-01-23.jpg","2023-11-16",593,14520,2,"380-593145202","11/16/2023"
"15941","Ukraine","Soviet Union","23mm ZU-23","captured","https://i.postimg.cc/2SDv44Hd/nm8.png","2023-11-16",594,14521,3,"380-594145213","11/16/2023"
"15942","Ukraine","Soviet Union","23mm ZU-23","captured","https://i.postimg.cc/W1NsGMGc/480.png","2023-11-16",594,14522,3,"380-594145223","11/16/2023"
"15943","Ukraine","Soviet Union","23mm ZU-23","captured","https://i.postimg.cc/QMmjt2Pr/21.png","2023-11-16",594,14523,3,"380-594145233","11/16/2023"
"15944","Ukraine","Finland","1 23mm 23 ItK 61","captured","https://twitter.com/UAWeapons/status/1566053206228074496","2023-11-16",595,14524,3,"380-595145243","11/16/2023"
"15945","Ukraine","Soviet Union","1 BTR-ZD Skrezhet","captured","https://i.postimg.cc/V6mBFHvr/UA-BTR-ZD-destroyed.png","2023-11-16",596,14525,3,"380-596145253","11/16/2023"
"15946","Ukraine","Soviet Union","1 BTR-ZD Skrezhet","destroyed","https://i.postimg.cc/V6mBFHvr/UA-BTR-ZD-destroyed.png","2023-11-16",596,14525,1,"380-596145251","11/16/2023"
"15947","Ukraine","Soviet Union","ZSU-23-4 Shilka","destroyed","https://i.postimg.cc/wBFVSvcb/2000-zsu234-shilka-destr-07-02-23.jpg","2023-11-16",235,14526,1,"380-235145261","11/16/2023"
"15948","Ukraine","Soviet Union","ZSU-23-4 Shilka","damaged","https://i.postimg.cc/q76wK03W/2001-shilka-dam-2022-09-26.jpg","2023-11-16",235,14527,2,"380-235145272","11/16/2023"
"15949","Ukraine","Soviet Union","ZSU-23-4 Shilka","abandoned","https://i.postimg.cc/QC6tSCcB/3254.png","2023-11-16",235,13996,4,"380-235139964","11/16/2023"
"15950","Ukraine","Soviet Union","ZSU-23-4 Shilka","captured","https://i.postimg.cc/GtdHb84x/68.png","2023-11-16",235,14528,3,"380-235145283","11/16/2023"
"15951","Ukraine","Soviet Union","ZSU-23-4 Shilka","captured","https://i.postimg.cc/1XnYxB5j/5870.png","2023-11-16",235,14529,3,"380-235145293","11/16/2023"
"15952","Ukraine","Soviet Union","1 2K22M Tunguska-M","captured","https://i.postimg.cc/3rZ3ZF4j/2126-2-S6-M-for-2-K22-M-Tunguska-M-capt-02-06-22.jpg","2023-11-16",597,14530,3,"380-597145303","11/16/2023"
"15953","Ukraine","Soviet Union","9K33 Osa","destroyed","https://i.postimg.cc/wM1d9gZR/b8.png","2023-11-16",237,14531,1,"380-237145311","11/16/2023"
"15954","Ukraine","Soviet Union","9K33 Osa","destroyed","https://i.postimg.cc/ht8yK3Lg/335.png","2023-11-16",237,14532,1,"380-237145321","11/16/2023"
"15955","Ukraine","Soviet Union","9K33 Osa","destroyed","https://i.postimg.cc/sxmYNLkr/2000-osa-destr.jpg","2023-11-16",237,14533,1,"380-237145331","11/16/2023"
"15956","Ukraine","Soviet Union","9K33 Osa","destroyed","https://i.postimg.cc/bNHKQS1X/d12.png","2023-11-16",237,14534,1,"380-237145341","11/16/2023"
"15957","Ukraine","Soviet Union","9K33 Osa","destroyed","https://i.postimg.cc/d1Xpqq9t/6899.png","2023-11-16",237,14535,1,"380-237145351","11/16/2023"
"15958","Ukraine","Soviet Union","9K33 Osa","destroyed","https://i.postimg.cc/B6Tn4rKB/447.png","2023-11-16",237,14536,1,"380-237145361","11/16/2023"
"15959","Ukraine","Soviet Union","9K33 Osa","destroyed","https://i.postimg.cc/v8Lr9z2j/ffs.jpg","2023-11-16",237,14537,1,"380-237145371","11/16/2023"
"15960","Ukraine","Soviet Union","9K33 Osa","destroyed","https://i.postimg.cc/BQHD7Dk7/f4.jpg","2023-11-16",237,14538,1,"380-237145381","11/16/2023"
"15961","Ukraine","Soviet Union","9K33 Osa","destroyed","https://twitter.com/UAWeapons/status/1565031392601325572","2023-11-16",237,14539,1,"380-237145391","11/16/2023"
"15962","Ukraine","Soviet Union","9K33 Osa","destroyed","https://i.postimg.cc/hPPcZQTk/2129-2x-9-A33-BM-OSA-AKM-TELAR-destr-07-05-22.jpg","2023-11-16",237,14540,1,"380-237145401","11/16/2023"
"15963","Ukraine","Soviet Union","9K33 Osa","destroyed","https://twitter.com/UAWeapons/status/1648341918215024642","2023-11-16",237,14541,1,"380-237145411","11/16/2023"
"15964","Ukraine","Soviet Union","9K33 Osa","damaged","https://twitter.com/RALee85/status/1592807651079237632","2023-11-16",237,14542,2,"380-237145422","11/16/2023"
"15965","Ukraine","Soviet Union","9K33 Osa","damaged","https://i.postimg.cc/v8h49kN2/2006-osa-dam-06-05-23.jpg","2023-11-16",237,14543,2,"380-237145432","11/16/2023"
"15966","Ukraine","Soviet Union","9K33 Osa","damaged","https://i.postimg.cc/BQcYCPCk/2003-Osa-dam-26-05-23.jpg","2023-11-16",237,14544,2,"380-237145442","11/16/2023"
"15967","Ukraine","Soviet Union","9K33 Osa","captured","https://i.postimg.cc/D0wbscB4/y8.png","2023-11-16",237,14545,3,"380-237145453","11/16/2023"
"15968","Ukraine","Soviet Union","9K33 Osa","captured","https://i.postimg.cc/RhV6nh8X/Screenshot-8150.png","2023-11-16",237,14546,3,"380-237145463","11/16/2023"
"15969","Ukraine","Soviet Union","9K33 Osa","captured","https://i.postimg.cc/FsVhfCLV/245.png","2023-11-16",237,14547,3,"380-237145473","11/16/2023"
"15970","Ukraine","Soviet Union","9K35 Strela-10","destroyed","https://i.postimg.cc/pd9hFbS4/652g.png","2023-11-16",238,14548,1,"380-238145481","11/16/2023"
"15971","Ukraine","Soviet Union","9K35 Strela-10","destroyed","https://i.postimg.cc/7Zx6y3Dc/487.png","2023-11-16",238,14549,1,"380-238145491","11/16/2023"
"15972","Ukraine","Soviet Union","9K35 Strela-10","destroyed","https://i.postimg.cc/nrFynsgj/33270.png","2023-11-16",238,14550,1,"380-238145501","11/16/2023"
"15973","Ukraine","Soviet Union","9K35 Strela-10","destroyed","https://i.postimg.cc/5tZqPT0z/776.jpg","2023-11-16",238,14551,1,"380-238145511","11/16/2023"
"15974","Ukraine","Soviet Union","9K35 Strela-10","destroyed","https://i.postimg.cc/HxRGRzrT/39.png","2023-11-16",238,14552,1,"380-238145521","11/16/2023"
"15975","Ukraine","Soviet Union","9K35 Strela-10","destroyed","https://twitter.com/UAWeapons/status/1588496296926535681","2023-11-16",238,14553,1,"380-238145531","11/16/2023"
"15976","Ukraine","Soviet Union","9K35 Strela-10","destroyed","https://i.postimg.cc/HLm19w4H/4386.png","2023-11-16",238,14554,1,"380-238145541","11/16/2023"
"15977","Ukraine","Soviet Union","9K35 Strela-10","destroyed","https://i.postimg.cc/8PKD2kbj/2130-9-A35-Strela-10-for-9-K35-Strela-10-destr-23-07-22.jpg","2023-11-16",238,14555,1,"380-238145551","11/16/2023"
"15978","Ukraine","Soviet Union","9K35 Strela-10","destroyed","https://i.postimg.cc/RZbfBXJf/35g.png","2023-11-16",238,14556,1,"380-238145561","11/16/2023"
"15979","Ukraine","Soviet Union","9K35 Strela-10","destroyed","https://i.postimg.cc/NM71Lc7P/112.png","2023-11-16",238,14557,1,"380-238145571","11/16/2023"
"15980","Ukraine","Soviet Union","9K35 Strela-10","destroyed","https://i.postimg.cc/yYfSqth3/2007-strela10-destr-06-05-23.jpg","2023-11-16",238,14558,1,"380-238145581","11/16/2023"
"15981","Ukraine","Soviet Union","9K35 Strela-10","destroyed","https://i.postimg.cc/8PQk37zr/2001-Strela-10-destr-04-07-23.jpg","2023-11-16",238,14559,1,"380-238145591","11/16/2023"
"15982","Ukraine","Soviet Union","9K35 Strela-10","destroyed","https://twitter.com/UAWeapons/status/1681579846034419716","2023-11-16",238,14560,1,"380-238145601","11/16/2023"
"15983","Ukraine","Soviet Union","9K35 Strela-10","destroyed","https://i.postimg.cc/1R25mWkS/2002-9-K35-Strela-10-destr-01-08-23.jpg","2023-11-16",238,14561,1,"380-238145611","11/16/2023"
"15984","Ukraine","Soviet Union","9K35 Strela-10","destroyed","https://i.postimg.cc/3wmWSPsm/2006-9-K35-Strela-10-destr-19-07-23.jpg","2023-11-16",238,14562,1,"380-238145621","11/16/2023"
"15985","Ukraine","Soviet Union","9K35 Strela-10","destroyed","https://i.postimg.cc/fLsy68sF/2018-9-K35-Strela-10-destr-16-08-23.jpg","2023-11-16",238,14563,1,"380-238145631","11/16/2023"
"15986","Ukraine","Soviet Union","9K35 Strela-10","destroyed","https://i.postimg.cc/FRxzm0sK/2027-strela10-destr-17-08-23.jpg","2023-11-16",238,14564,1,"380-238145641","11/16/2023"
"15987","Ukraine","Soviet Union","9K35 Strela-10","destroyed","https://i.postimg.cc/fWKmSHjs/55g.png","2023-11-16",238,14565,1,"380-238145651","11/16/2023"
"15988","Ukraine","Soviet Union","9K35 Strela-10","destroyed","https://i.postimg.cc/wx5kwdS9/2000-Strela-10-destr-12-10-23.jpg","2023-11-16",238,14566,1,"380-238145661","11/16/2023"
"15989","Ukraine","Soviet Union","9K35 Strela-10","damaged","https://i.postimg.cc/GtKhkRqX/2300-9-K35-Strela-10-dam-01-07-23.jpg","2023-11-16",238,14567,2,"380-238145672","11/16/2023"
"15990","Ukraine","Soviet Union","9K35 Strela-10","damaged","https://i.postimg.cc/Nj8bR0FD/2019-9-K35-Strela-10-dam-21-07-23.jpg","2023-11-16",238,14568,2,"380-238145682","11/16/2023"
"15991","Ukraine","Soviet Union","9K35 Strela-10","damaged","https://i.postimg.cc/sgCwBWj1/2023-9-K35-Strela-10-dam-30-04-23.jpg","2023-11-16",238,14569,2,"380-238145692","11/16/2023"
"15992","Ukraine","Soviet Union","9K35 Strela-10","damaged","https://i.postimg.cc/mrSBcFXj/2001-9-K35-Strela-10-dam-26-10-23.jpg","2023-11-16",238,14570,2,"380-238145702","11/16/2023"
"15993","Ukraine","Soviet Union","9K35 Strela-10","abandoned","https://i.postimg.cc/B61Rm1DR/b8.png","2023-11-16",238,14571,4,"380-238145714","11/16/2023"
"15994","Ukraine","United Kingdom","3 Stormer HVM","damaged","https://twitter.com/UAWeapons/status/1634469265024720896","2023-11-16",598,14572,2,"380-598145722","11/16/2023"
"15995","Ukraine","United Kingdom","3 Stormer HVM","damaged","https://twitter.com/UAWeapons/status/1655190114790780928","2023-11-16",598,14573,2,"380-598145732","11/16/2023"
"15996","Ukraine","United Kingdom","3 Stormer HVM","damaged","https://i.postimg.cc/65rj6mx0/2007-stormer-dam-19-07-23.jpg","2023-11-16",598,14574,2,"380-598145742","11/16/2023"
"15997","Ukraine","Soviet Union","9A310M1 TELAR (for Buk-M1)","destroyed","https://i.postimg.cc/65Hjk0rQ/5542.png","2023-11-16",599,14575,1,"380-599145751","11/16/2023"
"15998","Ukraine","Soviet Union","9A310M1 TELAR (for Buk-M1)","destroyed","https://i.postimg.cc/R0zqrJKg/3d1.png","2023-11-16",599,14576,1,"380-599145761","11/16/2023"
"15999","Ukraine","Soviet Union","9A310M1 TELAR (for Buk-M1)","destroyed","https://twitter.com/UAWeapons/status/1554548223989219330","2023-11-16",599,14577,1,"380-599145771","11/16/2023"
"16000","Ukraine","Soviet Union","9A310M1 TELAR (for Buk-M1)","destroyed","https://i.postimg.cc/7hcdXn05/2001-9-A310-M1-destr.jpg","2023-11-16",599,14578,1,"380-599145781","11/16/2023"
"16001","Ukraine","Soviet Union","9A310M1 TELAR (for Buk-M1)","destroyed","https://twitter.com/imp_navigator/status/1605216379405275136","2023-11-16",599,14579,1,"380-599145791","11/16/2023"
"16002","Ukraine","Soviet Union","9A310M1 TELAR (for Buk-M1)","destroyed","https://i.postimg.cc/3x2Zkk5r/2001-buk.jpg","2023-11-16",599,14580,1,"380-599145801","11/16/2023"
"16003","Ukraine","Soviet Union","9A310M1 TELAR (for Buk-M1)","destroyed","https://twitter.com/UAWeapons/status/1645494751930593280","2023-11-16",599,14581,1,"380-599145811","11/16/2023"
"16004","Ukraine","Soviet Union","9A310M1 TELAR (for Buk-M1)","destroyed","https://twitter.com/naalsio26/status/1647393162229317632","2023-11-16",599,14582,1,"380-599145821","11/16/2023"
"16005","Ukraine","Soviet Union","9A310M1 TELAR (for Buk-M1)","destroyed","https://twitter.com/UAWeapons/status/1663889322469126145","2023-11-16",599,14583,1,"380-599145831","11/16/2023"
"16006","Ukraine","Soviet Union","9A310M1 TELAR (for Buk-M1)","destroyed","https://i.postimg.cc/85LwMt6D/2033-Buk-M1-9-A310-M1-TELAR-destr-12-05-23.jpg","2023-11-16",599,14584,1,"380-599145841","11/16/2023"
"16007","Ukraine","Soviet Union","9A310M1 TELAR (for Buk-M1)","damaged","https://twitter.com/imp_navigator/status/1589556151112568832","2023-11-16",599,14585,2,"380-599145852","11/16/2023"
"16008","Ukraine","Soviet Union","9A310M1 TELAR (for Buk-M1)","damaged","https://i.postimg.cc/pXqc056z/1300-9a310m1-dam-29-10-22.jpg","2023-11-16",599,14586,2,"380-599145862","11/16/2023"
"16009","Ukraine","Soviet Union","9A310M1 TELAR (for Buk-M1)","captured","https://i.postimg.cc/9fjq8cLK/2014-9-A310-M1-TELAR-for-Buk-M1-capt-31-08-22.jpg","2023-11-16",599,14587,3,"380-599145873","11/16/2023"
"16010","Ukraine","Soviet Union","9A39M1 TEL (for Buk-M1)","destroyed","https://i.postimg.cc/X7cQ0YrW/5887.png","2023-11-16",600,14588,1,"380-600145881","11/16/2023"
"16011","Ukraine","Soviet Union","9A39M1 TEL (for Buk-M1)","destroyed","https://i.postimg.cc/rw35W1rk/dd5.png","2023-11-16",600,14589,1,"380-600145891","11/16/2023"
"16012","Ukraine","Soviet Union","9A39M1 TEL (for Buk-M1)","destroyed","https://i.postimg.cc/d17NtHKN/2004-2-S6-Tunguska-destr-27-10-23.jpg","2023-11-16",600,14590,1,"380-600145901","11/16/2023"
"16013","Ukraine","Soviet Union","1 9A330 Tor TLAR (for 9K330 Tor)","damaged","https://twitter.com/UAWeapons/status/1651261066041597958","2023-11-16",601,14591,2,"380-601145912","11/16/2023"
"16014","Ukraine","Soviet Union","5P851A (Launcher for S-300PT-1A)","destroyed","https://i.postimg.cc/SxQDMrST/la1.jpg","2023-11-16",602,14592,1,"380-602145921","11/16/2023"
"16015","Ukraine","Soviet Union","5P851A (Launcher for S-300PT-1A)","destroyed","https://i.postimg.cc/5tT3DWwT/la2.jpg","2023-11-16",602,14593,1,"380-602145931","11/16/2023"
"16016","Ukraine","Soviet Union","5P851A (Launcher for S-300PT-1A)","destroyed","https://i.postimg.cc/BnhNcKtq/la3.jpg","2023-11-16",602,14594,1,"380-602145941","11/16/2023"
"16017","Ukraine","Soviet Union","5P851A (Launcher for S-300PT-1A)","destroyed","https://i.postimg.cc/bNpR7Tty/la4.jpg","2023-11-16",602,14595,1,"380-602145951","11/16/2023"
"16018","Ukraine","Soviet Union","5P851A (Launcher for S-300PT-1A)","destroyed","https://i.postimg.cc/Gt1jhPgj/la5.jpg","2023-11-16",602,14596,1,"380-602145961","11/16/2023"
"16019","Ukraine","Soviet Union","5P851A (Launcher for S-300PT-1A)","destroyed","https://i.postimg.cc/d1CBYN61/la6.jpg","2023-11-16",602,14597,1,"380-602145971","11/16/2023"
"16020","Ukraine","Soviet Union","5P851A (Launcher for S-300PT-1A)","destroyed","https://i.postimg.cc/QCkJBBRZ/la7.jpg","2023-11-16",602,14598,1,"380-602145981","11/16/2023"
"16021","Ukraine","Soviet Union","5P851A (Launcher for S-300PT-1A)","destroyed","https://i.postimg.cc/DfqgpDmp/la8.jpg","2023-11-16",602,14599,1,"380-602145991","11/16/2023"
"16022","Ukraine","Soviet Union","5P851A (Launcher for S-300PT-1A)","destroyed","https://i.postimg.cc/5NgmbCBw/la9.jpg","2023-11-16",602,14600,1,"380-602146001","11/16/2023"
"16023","Ukraine","Soviet Union","5P851A (Launcher for S-300PT-1A)","destroyed","https://i.postimg.cc/Z5qxR5HX/la10.jpg","2023-11-16",602,14601,1,"380-602146011","11/16/2023"
"16024","Ukraine","Soviet Union","5P851A (Launcher for S-300PT-1A)","destroyed","https://i.postimg.cc/qMs5nq8R/la11.jpg","2023-11-16",602,14602,1,"380-602146021","11/16/2023"
"16025","Ukraine","Soviet Union","5P851A (Launcher for S-300PT-1A)","destroyed","https://i.postimg.cc/RZvbTmRT/la12.jpg","2023-11-16",602,14603,1,"380-602146031","11/16/2023"
"16026","Ukraine","Soviet Union","5P851A (Launcher for S-300PT-1A)","destroyed","https://i.postimg.cc/tTtYBMCT/2042-5-P851-A-launcher-for-S-300-PT-1-A-destr-24-02-22.jpg","2023-11-16",602,14604,1,"380-602146041","11/16/2023"
"16027","Ukraine","Soviet Union","5P851A (Launcher for S-300PT-1A)","destroyed","https://i.postimg.cc/wMw3pRNY/2043-5-P851-A-launcher-for-S-300-PT-1-A-destr-24-02-22.jpg","2023-11-16",602,14605,1,"380-602146051","11/16/2023"
"16028","Ukraine","Soviet Union","5P851A (Launcher for S-300PT-1A)","destroyed","https://i.postimg.cc/pdSzZJfG/1025-5-P851-A-launcher-for-S-300-PT-destr-24-02-22.jpg","2023-11-16",602,14606,1,"380-602146061","11/16/2023"
"16029","Ukraine","Soviet Union","5P851A (Launcher for S-300PT-1A)","destroyed","https://i.postimg.cc/0QJmHKZ8/1026-5-P851-A-launcher-for-S-300-PT-destr-24-02-22.jpg","2023-11-16",602,14607,1,"380-602146071","11/16/2023"
"16030","Ukraine","Soviet Union","5P851A (Launcher for S-300PT-1A)","destroyed","https://i.postimg.cc/T1gVh5Wk/1000-5-P851-A-launcher-for-S-300-PT-destr-24-02-22.jpg","2023-11-16",602,14608,1,"380-602146081","11/16/2023"
"16031","Ukraine","Soviet Union","5P851A (Launcher for S-300PT-1A)","destroyed","https://i.postimg.cc/rmdCXPy2/1001-5-P851-A-launcher-for-S-300-PT-destr-24-02-22.jpg","2023-11-16",602,14609,1,"380-602146091","11/16/2023"
"16032","Ukraine","Soviet Union","5P851A (Launcher for S-300PT-1A)","destroyed","https://i.postimg.cc/LXrkH3hY/1002-5-P851-A-launcher-for-S-300-PT-destr-24-02-22.jpg","2023-11-16",602,14610,1,"380-602146101","11/16/2023"
"16033","Ukraine","Soviet Union","5P851A (Launcher for S-300PT-1A)","destroyed","https://i.postimg.cc/dQym5pS8/1003-5-P851-A-launcher-for-S-300-PT-destr-24-02-22.jpg","2023-11-16",602,14611,1,"380-602146111","11/16/2023"
"16034","Ukraine","Soviet Union","5P851A (Launcher for S-300PT-1A)","destroyed","https://i.postimg.cc/y8dcks6T/2034-5-P851-A-launcher-for-S-300-PT-1-A-destr-31-03-22.jpg","2023-11-16",602,14612,1,"380-602146121","11/16/2023"
"16035","Ukraine","Soviet Union","5P851A (Launcher for S-300PT-1A)","destroyed","https://i.postimg.cc/VL4Xfdw6/2035-5-P851-A-launcher-for-S-300-PT-1-A-destr-31-03-22.jpg","2023-11-16",602,14613,1,"380-602146131","11/16/2023"
"16036","Ukraine","Soviet Union","5P851A (Launcher for S-300PT-1A)","destroyed","https://i.postimg.cc/VkVMtpdP/2036-5-P851-A-launcher-for-S-300-PT-1-A-destr-31-03-22.jpg","2023-11-16",602,14614,1,"380-602146141","11/16/2023"
"16037","Ukraine","Soviet Union","5P851A (Launcher for S-300PT-1A)","destroyed","https://i.postimg.cc/FFVLp77Z/2037-5-P851-A-launcher-for-S-300-PT-1-A-destr-31-03-22.jpg","2023-11-16",602,14615,1,"380-602146151","11/16/2023"
"16038","Ukraine","Soviet Union","5P851A (Launcher for S-300PT-1A)","destroyed","https://i.postimg.cc/RhdJZbj8/2038-5-P851-A-launcher-for-S-300-PT-1-A-destr-31-03-22.jpg","2023-11-16",602,14616,1,"380-602146161","11/16/2023"
"16039","Ukraine","Soviet Union","5P851A (Launcher for S-300PT-1A)","destroyed","https://i.postimg.cc/NjS9FXzg/2039-5-P851-A-launcher-for-S-300-PT-1-A-destr-31-03-22.jpg","2023-11-16",602,14617,1,"380-602146171","11/16/2023"
"16040","Ukraine","Soviet Union","5P851A (Launcher for S-300PT-1A)","destroyed","https://i.postimg.cc/1tZ8cQS2/2040-5-P851-A-launcher-for-S-300-PT-1-A-destr-24-02-22.jpg","2023-11-16",602,14618,1,"380-602146181","11/16/2023"
"16041","Ukraine","Soviet Union","5P851A (Launcher for S-300PT-1A)","destroyed","https://i.postimg.cc/SRSj3fJG/2041-5-P851-A-launcher-for-S-300-PT-1-A-destr-24-02-22.jpg","2023-11-16",602,14619,1,"380-602146191","11/16/2023"
"16042","Ukraine","Soviet Union","5P85D (launcher for S-300PS)","destroyed","https://i.postimg.cc/HLc1zZDd/549.png","2023-11-16",603,14620,1,"380-603146201","11/16/2023"
"16043","Ukraine","Soviet Union","5P85D (launcher for S-300PS)","captured","https://i.postimg.cc/cJJR2T2B/58kj.png","2023-11-16",603,14621,3,"380-603146213","11/16/2023"
"16044","Ukraine","Soviet Union","5P85S (launcher for S-300PS)","destroyed","https://postimg.cc/f3wFx8q5","2023-11-16",604,14622,1,"380-604146221","11/16/2023"
"16045","Ukraine","Soviet Union","5P85S (launcher for S-300PS)","destroyed","https://i.postimg.cc/cLVfSxKP/Screenshot-9316.png","2023-11-16",604,14623,1,"380-604146231","11/16/2023"
"16046","Ukraine","Soviet Union","5P85S (launcher for S-300PS)","destroyed","https://i.postimg.cc/HnLc5z38/431.jpg","2023-11-16",604,14624,1,"380-604146241","11/16/2023"
"16047","Ukraine","Soviet Union","5P85S (launcher for S-300PS)","destroyed","https://i.postimg.cc/6qTqT35d/4321.jpg","2023-11-16",604,14625,1,"380-604146251","11/16/2023"
"16048","Ukraine","Soviet Union","5P85S (launcher for S-300PS)","destroyed","https://twitter.com/UAWeapons/status/1581244414521147394","2023-11-16",604,14626,1,"380-604146261","11/16/2023"
"16049","Ukraine","Soviet Union","5P85S (launcher for S-300PS)","destroyed","https://i.postimg.cc/sDpn1gLM/2002-s300-tel-destr.jpg","2023-11-16",604,14627,1,"380-604146271","11/16/2023"
"16050","Ukraine","Soviet Union","5P85S (launcher for S-300PS)","destroyed","https://twitter.com/UAWeapons/status/1651607986719129603","2023-11-16",604,14628,1,"380-604146281","11/16/2023"
"16051","Ukraine","Soviet Union","5P85S (launcher for S-300PS)","destroyed","https://i.postimg.cc/0NzYHxLN/2031-5-P85-S-launcher-for-S-300-PS-destr-28-02-23.jpg","2023-11-16",604,14629,1,"380-604146291","11/16/2023"
"16052","Ukraine","Soviet Union","5P85S (launcher for S-300PS)","destroyed","https://i.postimg.cc/VkpM2PHT/2003-5-N63-S-engagement-radar-and-a-5-P85-S-TEL-destr-24-08-23.jpg","2023-11-16",604,14630,1,"380-604146301","11/16/2023"
"16053","Ukraine","Soviet Union","5P85S (launcher for S-300PS)","damaged","https://twitter.com/UAWeapons/status/1582036244959150080","2023-11-16",604,14631,2,"380-604146312","11/16/2023"
"16054","Ukraine","Soviet Union","5P85S (launcher for S-300PS)","captured","https://i.postimg.cc/1XTDTGhS/541.png","2023-11-16",604,14632,3,"380-604146323","11/16/2023"
"16055","Ukraine","Soviet Union","5P85D/S (launcher for S-300PS)","destroyed","https://twitter.com/UAWeapons/status/1509881676180172810","2023-11-16",605,14633,1,"380-605146331","11/16/2023"
"16056","Ukraine","Soviet Union","5P85D/S (launcher for S-300PS)","destroyed","https://i.postimg.cc/BQx2173B/689.png","2023-11-16",605,14634,1,"380-605146341","11/16/2023"
"16057","Ukraine","Soviet Union","5P85D/S (launcher for S-300PS)","destroyed","https://i.postimg.cc/KYprW225/1004-5-P85-D-S-launcher-for-S-300-PS-destr-24-02-22.jpg","2023-11-16",605,14635,1,"380-605146351","11/16/2023"
"16058","Ukraine","Soviet Union","5P85D/S (launcher for S-300PS)","destroyed","https://i.postimg.cc/NjY49DDR/1005-5-P85-D-S-launcher-for-S-300-PS-destr-24-02-22.jpg","2023-11-16",605,14636,1,"380-605146361","11/16/2023"
"16059","Ukraine","Soviet Union","5P85D/S (launcher for S-300PS)","destroyed","https://i.postimg.cc/P54MmDV9/1006-5-P85-D-S-launcher-for-S-300-PS-destr-24-02-22.jpg","2023-11-16",605,14637,1,"380-605146371","11/16/2023"
"16060","Ukraine","Soviet Union","5P85D/S (launcher for S-300PS)","destroyed","https://i.postimg.cc/Ls83vsrX/1007-5-P85-D-S-launcher-for-S-300-PS-destr-24-02-22.jpg","2023-11-16",605,14638,1,"380-605146381","11/16/2023"
"16061","Ukraine","Soviet Union","5P85D/S (launcher for S-300PS)","destroyed","https://i.postimg.cc/BQf5kpdR/1008-5-P85-D-S-launcher-for-S-300-PS-destr-24-02-22.jpg","2023-11-16",605,14639,1,"380-605146391","11/16/2023"
"16062","Ukraine","Soviet Union","5P85D/S (launcher for S-300PS)","destroyed","https://i.postimg.cc/02GGsmvj/1009-5-P85-D-S-launcher-for-S-300-PS-destr-24-02-22.jpg","2023-11-16",605,14640,1,"380-605146401","11/16/2023"
"16063","Ukraine","Soviet Union","5P85D/S (launcher for S-300PS)","destroyed","https://i.postimg.cc/pL2fXTVZ/1010-5-P85-D-S-launcher-for-S-300-PS-destr-24-02-22.jpg","2023-11-16",605,14641,1,"380-605146411","11/16/2023"
"16064","Ukraine","Soviet Union","5P85D/S (launcher for S-300PS)","destroyed","https://i.postimg.cc/rwQSdkKL/1011-5-P85-D-S-launcher-for-S-300-PS-destr-24-02-22.jpg","2023-11-16",605,14642,1,"380-605146421","11/16/2023"
"16065","Ukraine","Soviet Union","5P85D/S (launcher for S-300PS)","destroyed","https://i.postimg.cc/Ls5jLb1g/1012-5-P85-D-S-launcher-for-S-300-PS-destr-24-02-22.jpg","2023-11-16",605,14643,1,"380-605146431","11/16/2023"
"16066","Ukraine","Soviet Union","5P85D/S (launcher for S-300PS)","destroyed","https://twitter.com/UAWeapons/status/1618727367710736384","2023-11-16",605,14644,1,"380-605146441","11/16/2023"
"16067","Ukraine","Soviet Union","5P85D/S (launcher for S-300PS)","destroyed","https://i.postimg.cc/25WMMNJK/2004-3x-S-300-PS-launcher-destr-30-04-23.jpg","2023-11-16",605,14645,1,"380-605146451","11/16/2023"
"16068","Ukraine","Soviet Union","5P85D/S (launcher for S-300PS)","destroyed","https://i.postimg.cc/kgzLTgjS/2001-S-300-PS-launcher-destr-30-04-23.jpg","2023-11-16",605,14646,1,"380-605146461","11/16/2023"
"16069","Ukraine","Soviet Union","5P85D/S (launcher for S-300PS)","destroyed","https://i.postimg.cc/tTHwHmGC/2002-S-300-PS-launcher-and-5-N63-S-Flap-Lid-B-for-the-S-300-destr-30-04-23.jpg","2023-11-16",605,14647,1,"380-605146471","11/16/2023"
"16070","Ukraine","Soviet Union","5P85D/S (launcher for S-300PS)","destroyed","https://twitter.com/UAWeapons/status/1691113888207552513","2023-11-16",605,14648,1,"380-605146481","11/16/2023"
"16071","Ukraine","Soviet Union","5P85D/S (launcher for S-300PS)","damaged","https://twitter.com/UAWeapons/status/1641523594885734421","2023-11-16",605,14280,2,"380-605142802","11/16/2023"
"16072","Ukraine","Soviet Union","3 Launcher for S-300","destroyed","https://i.postimg.cc/905T3XNy/1029-Launcher-for-S-300-destr-28-02-22.jpg","2023-11-16",606,14649,1,"380-606146491","11/16/2023"
"16073","Ukraine","Soviet Union","3 Launcher for S-300","destroyed","https://i.postimg.cc/NF6XQhWS/1030-Launcher-for-S-300-destr-28-02-22.jpg","2023-11-16",606,14650,1,"380-606146501","11/16/2023"
"16074","Ukraine","Soviet Union","3 Launcher for S-300","destroyed","https://i.postimg.cc/gjrwXj0X/2020-Launcher-for-S-300-destr-08-07-22.jpg","2023-11-16",606,14651,1,"380-606146511","11/16/2023"
"16075","Ukraine","Soviet Union","P-14 'Tall King'","damaged","https://i.postimg.cc/rpWmrPLb/57.png","2023-11-16",607,14652,2,"380-607146522","11/16/2023"
"16076","Ukraine","Soviet Union","P-18 'Spoon Rest D'","destroyed","https://twitter.com/UAWeapons/status/1583037751460446208","2023-11-16",608,11573,1,"380-608115731","11/16/2023"
"16077","Ukraine","Soviet Union","P-18 'Spoon Rest D'","destroyed","https://twitter.com/clashreport/status/1599717962633592832","2023-11-16",608,14653,1,"380-608146531","11/16/2023"
"16078","Ukraine","Soviet Union","P-18 'Spoon Rest D'","destroyed","https://twitter.com/aeomiltec/status/1605556115470569472","2023-11-16",608,14654,1,"380-608146541","11/16/2023"
"16079","Ukraine","Soviet Union","P-18 'Spoon Rest D'","destroyed","https://i.postimg.cc/brMXDnGW/2048-P-18-radar-dam-14-06-23.jpg","2023-11-16",608,14655,1,"380-608146551","11/16/2023"
"16080","Ukraine","Soviet Union","P-18 'Spoon Rest D'","destroyed","https://i.postimg.cc/HsnctBNp/2001-p18-radar-destr-02-07-23.jpg","2023-11-16",608,14656,1,"380-608146561","11/16/2023"
"16081","Ukraine","Soviet Union","P-18 'Spoon Rest D'","captured","https://i.postimg.cc/05C9PWrs/3270.png","2023-11-16",608,14657,3,"380-608146573","11/16/2023"
"16082","Ukraine","Ukraine","P-18 'Malakhit'","destroyed","https://i.postimg.cc/XJ3Kjg9S/2022-11-13-UA-P-18-Malakhit-destroyed.jpg","2023-11-16",609,14658,1,"380-609146581","11/16/2023"
"16083","Ukraine","Ukraine","P-18 'Malakhit'","destroyed","https://i.postimg.cc/pTzFgQqG/2009-P-18-Malakhit-destr-19-12-22.jpg","2023-11-16",609,14659,1,"380-609146591","11/16/2023"
"16084","Ukraine","Ukraine","P-18 'Malakhit'","destroyed","https://i.postimg.cc/fL1cm7yM/2017-P-18-Malakhit-destr-03-07-23.jpg","2023-11-16",609,14660,1,"380-609146601","11/16/2023"
"16085","Ukraine","Ukraine","P-18 'Malakhit'","destroyed","https://i.postimg.cc/MHmcFd6G/2008-p18-P-18-Malakhit-destr-09-08-23.jpg","2023-11-16",609,14661,1,"380-609146611","11/16/2023"
"16086","Ukraine","Ukraine","P-18 'Malakhit'","destroyed","https://i.postimg.cc/65HZYY3X/39.png","2023-11-16",609,14662,1,"380-609146621","11/16/2023"
"16087","Ukraine","Ukraine","P-18 'Malakhit'","captured","https://i.postimg.cc/0yLgprHM/470.png","2023-11-16",609,14663,3,"380-609146633","11/16/2023"
"16088","Ukraine","Ukraine","1 79K6 'Pelikan' 3D surveillance radar","destroyed","https://i.postimg.cc/TYvPhkLK/2011-79-K6-Pelikan-3-D-surveillance-radar-destr-02-04-23.jpg","2023-11-16",610,14664,1,"380-610146641","11/16/2023"
"16089","Ukraine","Soviet Union","P-19 'Flat Face B'","destroyed","https://i.postimg.cc/G2SG2d2W/578.png","2023-11-16",611,14665,1,"380-611146651","11/16/2023"
"16090","Ukraine","Soviet Union","P-19 'Flat Face B'","destroyed","https://i.postimg.cc/brWJX4NL/2022-11-12-BMP-2.jpg","2023-11-16",611,4022,1,"380-61140221","11/16/2023"
"16091","Ukraine","Soviet Union","P-35/37 'Bar Lock'","destroyed","https://i.postimg.cc/WpShQwBk/5547.png","2023-11-16",612,14666,1,"380-612146661","11/16/2023"
"16092","Ukraine","Soviet Union","PRV-11 'Side Net'","captured","https://i.postimg.cc/kG7k6sVR/47.png","2023-11-16",613,14667,3,"380-613146673","11/16/2023"
"16093","Ukraine","Soviet Union","PRV-13 'Odd Pair'","destroyed","https://i.postimg.cc/pXwx79Lj/557.png","2023-11-16",614,14668,1,"380-614146681","11/16/2023"
"16094","Ukraine","Soviet Union","PRV-13 'Odd Pair'","captured","https://i.postimg.cc/K8PQrnB2/360.png","2023-11-16",614,14669,3,"380-614146693","11/16/2023"
"16095","Ukraine","Soviet Union","PRV-16 'Thin Skin B'","destroyed","https://i.postimg.cc/GtzvXxgF/2001-Old-UA-loss-from-25-02-2022-Destroyed-PRV-16-Thin-Skin-B.jpg","2023-11-16",615,14670,1,"380-615146701","11/16/2023"
"16096","Ukraine","Soviet Union","PRV-16 'Thin Skin B'","destroyed","https://twitter.com/naalsio26/status/1648110943220506626","2023-11-16",615,14671,1,"380-615146711","11/16/2023"
"16097","Ukraine","Soviet Union","PRV-16 'Thin Skin B'","destroyed","https://i.postimg.cc/nrvJTvyP/2034-PRV-16-Thin-Skin-B-destr-01-10-23.jpg","2023-11-16",615,14672,1,"380-615146721","11/16/2023"
"16098","Ukraine","Soviet Union","1L22 'Parol': (1, destroyed)","destroyed","https://i.postimg.cc/SRjk0C96/6659.png","2023-11-16",616,14673,1,"380-616146731","11/16/2023"
"16099","Ukraine","Soviet Union","1L22 'Parol': (1, destroyed)","destroyed","https://i.postimg.cc/250CWHfJ/1028-1-L22-Parol-destr-28-02-22.jpg","2023-11-16",616,14674,1,"380-616146741","11/16/2023"
"16100","Ukraine","Soviet Union","1L22 'Parol': (1, destroyed)","damaged","https://postimg.cc/9Dcvz02c","2023-11-16",616,14675,2,"380-616146752","11/16/2023"
"16101","Ukraine","Soviet Union","1L22 'Parol': (1, destroyed)","captured","https://i.postimg.cc/jqHGyDrQ/390.png","2023-11-16",616,14676,3,"380-616146763","11/16/2023"
"16102","Ukraine","Soviet Union","36D6 'Tin Shield'","destroyed","https://i.postimg.cc/m2kp8gCH/4fj.png","2023-11-16",617,14677,1,"380-617146771","11/16/2023"
"16103","Ukraine","Soviet Union","36D6 'Tin Shield'","destroyed","https://i.postimg.cc/QM6YtDQ5/57.png","2023-11-16",617,14678,1,"380-617146781","11/16/2023"
"16104","Ukraine","Soviet Union","36D6 'Tin Shield'","destroyed","https://i.postimg.cc/PJzGKLv0/2002.jpg","2023-11-16",617,14679,1,"380-617146791","11/16/2023"
"16105","Ukraine","Soviet Union","36D6 'Tin Shield'","destroyed","https://twitter.com/UAWeapons/status/1582418731749498880","2023-11-16",617,14680,1,"380-617146801","11/16/2023"
"16106","Ukraine","Soviet Union","36D6 'Tin Shield'","destroyed","https://twitter.com/UAWeapons/status/1583037751460446208","2023-11-16",617,11573,1,"380-617115731","11/16/2023"
"16107","Ukraine","Soviet Union","36D6 'Tin Shield'","destroyed","https://twitter.com/clashreport/status/1599717962633592832","2023-11-16",617,14653,1,"380-617146531","11/16/2023"
"16108","Ukraine","Soviet Union","36D6 'Tin Shield'","destroyed","https://i.postimg.cc/v8LhvyX1/2008-36-D6-Tin-Shield-destr-10-11-22.jpg","2023-11-16",617,14681,1,"380-617146811","11/16/2023"
"16109","Ukraine","Soviet Union","36D6 'Tin Shield'","destroyed","https://i.postimg.cc/q7tnGHnd/2008-36-D6-Tin-Shield-destr-19-12-22.jpg","2023-11-16",617,14682,1,"380-617146821","11/16/2023"
"16110","Ukraine","Soviet Union","36D6 'Tin Shield'","destroyed","https://i.postimg.cc/43gKXVp9/2005-1-L220-UK-Zoopark-3-destr-26-04-23.jpg","2023-11-16",617,14683,1,"380-617146831","11/16/2023"
"16111","Ukraine","Soviet Union","36D6 'Tin Shield'","destroyed","https://i.postimg.cc/QdHRgTqs/2011-36-D6-Tin-Shield-destr-26-04-23.jpg","2023-11-16",617,14684,1,"380-617146841","11/16/2023"
"16112","Ukraine","Soviet Union","36D6 'Tin Shield'","destroyed","https://i.postimg.cc/Qtv2x8WV/2010-36-D6-Tin-Shield-destr-29-05-23.jpg","2023-11-16",617,14685,1,"380-617146851","11/16/2023"
"16113","Ukraine","Soviet Union","36D6 'Tin Shield'","damaged","https://twitter.com/UAWeapons/status/1582478998746976258","2023-11-16",617,14686,2,"380-617146862","11/16/2023"
"16114","Ukraine","Soviet Union","36D6 'Tin Shield'","damaged","https://i.postimg.cc/vB6KVH55/2021-36d6-radar-dam-13-07-23.jpg","2023-11-16",617,14687,2,"380-617146872","11/16/2023"
"16115","Ukraine","Soviet Union","36D6 'Tin Shield'","captured","https://i.postimg.cc/Yqssmzzz/5549.png","2023-11-16",617,14688,3,"380-617146883","11/16/2023"
"16116","Ukraine","Soviet Union","5N63S 'Flap Lid B' (for S-300PS)","destroyed","https://i.postimg.cc/HL6xTdWb/776.jpg","2023-11-16",618,14689,1,"380-618146891","11/16/2023"
"16117","Ukraine","Soviet Union","5N63S 'Flap Lid B' (for S-300PS)","destroyed","https://i.postimg.cc/J4bbwxcQ/431.png","2023-11-16",618,14690,1,"380-618146901","11/16/2023"
"16118","Ukraine","Soviet Union","5N63S 'Flap Lid B' (for S-300PS)","destroyed","https://i.postimg.cc/vHQBPwXb/43g.png","2023-11-16",618,14691,1,"380-618146911","11/16/2023"
"16119","Ukraine","Soviet Union","5N63S 'Flap Lid B' (for S-300PS)","destroyed","https://twitter.com/UAWeapons/status/1522555742938664960","2023-11-16",618,14692,1,"380-618146921","11/16/2023"
"16120","Ukraine","Soviet Union","5N63S 'Flap Lid B' (for S-300PS)","destroyed","https://i.postimg.cc/1t8xmKF8/448.png","2023-11-16",618,14693,1,"380-618146931","11/16/2023"
"16121","Ukraine","Soviet Union","5N63S 'Flap Lid B' (for S-300PS)","destroyed","https://i.postimg.cc/wxX9gVxs/2002-5-N63-S-Flap-Lid-A-Engagement-and-Fire-Control-Radar-for-the-S-300-PS.jpg","2023-11-16",618,14694,1,"380-618146941","11/16/2023"
"16122","Ukraine","Soviet Union","5N63S 'Flap Lid B' (for S-300PS)","destroyed","https://i.postimg.cc/YSrpj5TY/1014-5-N63-S-Flap-Lid-B-for-S-300-destr-24-02-22.jpg","2023-11-16",618,14695,1,"380-618146951","11/16/2023"
"16123","Ukraine","Soviet Union","5N63S 'Flap Lid B' (for S-300PS)","destroyed","https://i.postimg.cc/0jwvLPJR/1015-5-N63-S-Flap-Lid-B-for-S-300-destr-24-02-22.jpg","2023-11-16",618,14696,1,"380-618146961","11/16/2023"
"16124","Ukraine","Soviet Union","5N63S 'Flap Lid B' (for S-300PS)","destroyed","https://i.postimg.cc/5N2RwqKh/46h.png","2023-11-16",618,14697,1,"380-618146971","11/16/2023"
"16125","Ukraine","Soviet Union","5N63S 'Flap Lid B' (for S-300PS)","destroyed","https://i.postimg.cc/tTHwHmGC/2002-S-300-PS-launcher-and-5-N63-S-Flap-Lid-B-for-the-S-300-destr-30-04-23.jpg","2023-11-16",618,14647,1,"380-618146471","11/16/2023"
"16126","Ukraine","Soviet Union","5N63S 'Flap Lid B' (for S-300PS)","destroyed","https://i.postimg.cc/JztXwrZ5/2004-5-N63-S-Flap-lid-B-destr-19-06-23.jpg","2023-11-16",618,14698,1,"380-618146981","11/16/2023"
"16127","Ukraine","Soviet Union","5N63S 'Flap Lid B' (for S-300PS)","destroyed","https://twitter.com/UAWeapons/status/1691113888207552513","2023-11-16",618,14648,1,"380-618146481","11/16/2023"
"16128","Ukraine","Soviet Union","5N63S 'Flap Lid B' (for S-300PS)","destroyed","https://i.postimg.cc/VkpM2PHT/2003-5-N63-S-engagement-radar-and-a-5-P85-S-TEL-destr-24-08-23.jpg","2023-11-16",618,14630,1,"380-618146301","11/16/2023"
"16129","Ukraine","Soviet Union","1 5N63-1 'Flap Lid A' on 40V6M mast (for S-300PT)","captured","https://i.postimg.cc/8kvsqvdC/d7.jpg","2023-11-16",619,14699,3,"380-619146993","11/16/2023"
"16130","Ukraine","Soviet Union","5N66M 'Clam Shell' on 40V6M mast (for S-300PT)","destroyed","https://i.postimg.cc/rmCdwFbg/2044-5-N66-M-Clam-Shell-on-40-V6-M-mast-for-S-300-PT-destr-24-02-22.jpg","2023-11-16",620,14700,1,"380-620147001","11/16/2023"
"16131","Ukraine","Soviet Union","5N66M 'Clam Shell' on 40V6M mast (for S-300PT)","abandoned","https://i.postimg.cc/gJ5dSnjH/1013-5-N66-M-Clam-Shell-on-40-V6-M-mast-for-S-300-PT-aband-24-02-22.jpg","2023-11-16",620,14701,4,"380-620147014","11/16/2023"
"16132","Ukraine","Soviet Union","5N66M 'Clam Shell' on 40V6M mast (for S-300PT)","captured","https://i.postimg.cc/yd3VHh08/564.jpg","2023-11-16",620,14702,3,"380-620147023","11/16/2023"
"16133","Ukraine","Soviet Union","R-410-7,5 tropospheric radio relay communication station","destroyed","https://i.postimg.cc/G2RBm0Rp/ff3.jpg","2023-11-16",621,14703,1,"380-621147031","11/16/2023"
"16134","Ukraine","Soviet Union","SNAR-10 battlefield surveillance radar","destroyed","https://i.postimg.cc/vBgWF77N/473.png","2023-11-16",622,14704,1,"380-622147041","11/16/2023"
"16135","Ukraine","Soviet Union","SNAR-10 battlefield surveillance radar","captured","https://i.postimg.cc/c4DVgZbq/224.png","2023-11-16",622,14705,3,"380-622147053","11/16/2023"
"16136","Ukraine","Soviet Union","SNAR-10 battlefield surveillance radar","captured","https://i.postimg.cc/T1D2X7fy/jm.png","2023-11-16",622,14706,3,"380-622147063","11/16/2023"
"16137","Ukraine","Soviet Union","1 1B44-1 (RPMK-1) radiosonde weather radar","destroyed","https://twitter.com/UAWeapons/status/1615681642886238209","2023-11-16",623,14707,1,"380-623147071","11/16/2023"
"16138","Ukraine","Soviet Union","ST-68U radar","destroyed","https://i.postimg.cc/bv1t5zMz/2012-radar-ST-68-U-destr-16-02-23.jpg","2023-11-16",624,14708,1,"380-624147081","11/16/2023"
"16139","Ukraine","Soviet Union","ST-68U radar","destroyed","https://i.postimg.cc/gc78HLrw/2004-radar-ST-68-U-destr-16-08-23.jpg","2023-11-16",624,14709,1,"380-624147091","11/16/2023"
"16140","Ukraine","Soviet Union","ST-68U radar","destroyed","https://twitter.com/UAWeapons/status/1701992097958465919","2023-11-16",624,14710,1,"380-624147101","11/16/2023"
"16141","Ukraine","Ukraine","1 1L220UK Zoopark-3 counter-battery radar","damaged","https://i.postimg.cc/Sxb2mjBK/2005-1-L220-UK-Zoopark-3-dam-01-08-23.jpg","2023-11-16",625,14711,2,"380-625147112","11/16/2023"
"16142","Ukraine","Lithuania","1 PRV-16ML height-finder radar","destroyed","https://twitter.com/UAWeapons/status/1603346009798725633","2023-11-16",626,14712,1,"380-626147121","11/16/2023"
"16143","Ukraine","Lithuania","P-18ML long-range VHF surveillance radar","damaged","https://twitter.com/UAWeapons/status/1603738516877344769","2023-11-16",627,14713,2,"380-627147132","11/16/2023"
"16144","Ukraine","United States","1 AN-MPQ-64 Sentinel radr","destroyed","https://i.postimg.cc/kXQMd72Y/2002-AN-MPQ-64-Sentinel-destr-06-07-23.jpg","2023-11-16",628,14714,1,"380-628147141","11/16/2023"
"16145","Ukraine","Germany","1 TRML-4D multi-functional radar (for IRIS-T SLM)","damaged","https://twitter.com/UAWeapons/status/1666537739431321604","2023-11-16",629,14715,2,"380-629147152","11/16/2023"
"16146","Ukraine","United States","AN/TPQ-36 weapons location radar","destroyed","https://i.postimg.cc/1tXHxcH7/2015-ANTPQ-36-Firefinder-Counter-battery-radar-destr-20-08-23.jpg","2023-11-16",630,14716,1,"380-630147161","11/16/2023"
"16147","Ukraine","United States","AN/TPQ-36 weapons location radar","damaged","https://twitter.com/UAWeapons/status/1505623206014636035","2023-11-16",630,14717,2,"380-630147172","11/16/2023"
"16148","Ukraine","United States","AN/TPQ-36 weapons location radar","damaged","https://i.postimg.cc/brRhXbFg/2019-AN-TPQ-36-dam-07-11-23.jpg","2023-11-16",630,14718,2,"380-630147182","11/16/2023"
"16149","Ukraine","United States","AN/TPQ-37 weapons location radar","destroyed","https://twitter.com/UAWeapons/status/1649139224459837444","2023-11-16",631,14719,1,"380-631147191","11/16/2023"
"16150","Ukraine","United States","AN/TPQ-37 weapons location radar","destroyed","https://i.postimg.cc/mDTy1GR8/2015-ANTPQ-37-lightweight-counter-mortar-radar-destr-28-02-23.jpg","2023-11-16",631,14720,1,"380-631147201","11/16/2023"
"16151","Ukraine","United States","AN/TPQ-49 lightweight counter mortar radar","captured","https://i.postimg.cc/fRgwnrkP/d6.png","2023-11-16",632,14721,3,"380-632147213","11/16/2023"
"16152","Ukraine","United States","AN/TPQ-50 counter-battery radar","destroyed","https://i.postimg.cc/DyQ6Gzg4/2000-ANTPQ-50-Counterfire-radar-destr-29-06-23.jpg","2023-11-16",633,14722,1,"380-633147221","11/16/2023"
"16153","Ukraine","United States","AN/TPQ-50 counter-battery radar","destroyed","https://i.postimg.cc/jS8bs2tc/2021-AN-TPQ-50-counter-battery-radar-destr-08-07-23.jpg","2023-11-16",633,14723,1,"380-633147231","11/16/2023"
"16154","Ukraine","United States","AN/TPQ-50 counter-battery radar","destroyed","https://i.postimg.cc/rmFTxmSR/2001-AN-TPQ50-destr-26-07-23.jpg","2023-11-16",633,14724,1,"380-633147241","11/16/2023"
"16155","Ukraine","United States","AN/TPQ-50 counter-battery radar","destroyed","https://i.postimg.cc/dV3Qdbpq/6511.png","2023-11-16",633,14725,1,"380-633147251","11/16/2023"
"16156","Ukraine","United States","AN/TPQ-50 counter-battery radar","destroyed","https://i.postimg.cc/DyKhkJLK/245.png","2023-11-16",633,14726,1,"380-633147261","11/16/2023"
"16157","Ukraine","United Kingdom","1 ARTHUR counter-battery radar","destroyed","https://i.postimg.cc/x1C6QHFP/2002-radar-arthur-destr-21-02-23.jpg","2023-11-16",634,14727,1,"380-634147271","11/16/2023"
"16158","Ukraine","United States","Unknown counter mortar/battery radar","damaged","https://i.postimg.cc/SQ2hn9Gm/437.png","2023-11-16",635,14728,2,"380-635147282","11/16/2023"
"16159","Ukraine","Ukraine","NOTA","captured","https://i.postimg.cc/PxMv7FNc/4437.png","2023-11-16",636,14729,3,"380-636147293","11/16/2023"
"16160","Ukraine","Ukraine","3 Bukovel-AD EW system","destroyed","https://i.postimg.cc/6QPWKzx5/2008-Bukovel-AD-EW-system-destr-05-05-23.jpg","2023-11-16",637,14730,1,"380-637147301","11/16/2023"
"16161","Ukraine","Ukraine","3 Bukovel-AD EW system","destroyed","https://i.postimg.cc/NGPvP3ND/2049-Bukovel-AD-EW-destr-14-06-23.jpg","2023-11-16",637,14731,1,"380-637147311","11/16/2023"
"16162","Ukraine","Ukraine","3 Bukovel-AD EW system","destroyed","https://i.postimg.cc/B65L5Xf4/2011-Bukovel-AD-EW-system-destr-15-06-23.jpg","2023-11-16",637,14732,1,"380-637147321","11/16/2023"
"16163","Ukraine","Soviet Union","24 MiG-29 fighter aircraft","destroyed","https://i.postimg.cc/XYtgd1XH/g68.png","2023-11-16",638,14733,1,"380-638147331","11/16/2023"
"16164","Ukraine","Soviet Union","24 MiG-29 fighter aircraft","destroyed","https://i.postimg.cc/VkzvHPwD/2300-mig29-08-08-22.jpg","2023-11-16",638,14734,1,"380-638147341","11/16/2023"
"16165","Ukraine","Soviet Union","24 MiG-29 fighter aircraft","destroyed","https://i.postimg.cc/bYGXz89F/3f.png","2023-11-16",638,14735,1,"380-638147351","11/16/2023"
"16166","Ukraine","Soviet Union","24 MiG-29 fighter aircraft","destroyed","https://i.postimg.cc/tC7ZDK50/532.png","2023-11-16",638,14736,1,"380-638147361","11/16/2023"
"16167","Ukraine","Soviet Union","24 MiG-29 fighter aircraft","destroyed","https://i.postimg.cc/LsbV0JrJ/224.png","2023-11-16",638,14737,1,"380-638147371","11/16/2023"
"16168","Ukraine","Soviet Union","24 MiG-29 fighter aircraft","destroyed","https://postimg.cc/jnrqwmxR","2023-11-16",638,14738,1,"380-638147381","11/16/2023"
"16169","Ukraine","Soviet Union","24 MiG-29 fighter aircraft","destroyed","https://i.postimg.cc/KcNhcMtc/3114.png","2023-11-16",638,14739,1,"380-638147391","11/16/2023"
"16170","Ukraine","Soviet Union","24 MiG-29 fighter aircraft","destroyed","https://i.postimg.cc/6q91j7pf/1300.jpg","2023-11-16",638,14740,1,"380-638147401","11/16/2023"
"16171","Ukraine","Soviet Union","24 MiG-29 fighter aircraft","destroyed","https://i.postimg.cc/TYpbCRPG/548.png","2023-11-16",638,14741,1,"380-638147411","11/16/2023"
"16172","Ukraine","Soviet Union","24 MiG-29 fighter aircraft","destroyed","https://i.postimg.cc/k5bY36V0/4f114.png","2023-11-16",638,14742,1,"380-638147421","11/16/2023"
"16173","Ukraine","Soviet Union","24 MiG-29 fighter aircraft","destroyed","https://i.postimg.cc/nLCsDSBB/542.png","2023-11-16",638,14743,1,"380-638147431","11/16/2023"
"16174","Ukraine","Soviet Union","24 MiG-29 fighter aircraft","destroyed","https://i.postimg.cc/nVsqVZzK/4388.png","2023-11-16",638,14744,1,"380-638147441","11/16/2023"
"16175","Ukraine","Soviet Union","24 MiG-29 fighter aircraft","destroyed","https://i.postimg.cc/zDgwM9Dm/4439.png","2023-11-16",638,14745,1,"380-638147451","11/16/2023"
"16176","Ukraine","Soviet Union","24 MiG-29 fighter aircraft","destroyed","https://twitter.com/UAWeapons/status/1580552518446493698","2023-11-16",638,14746,1,"380-638147461","11/16/2023"
"16177","Ukraine","Soviet Union","24 MiG-29 fighter aircraft","destroyed","https://i.postimg.cc/bY9szz6f/6651.png","2023-11-16",638,14747,1,"380-638147471","11/16/2023"
"16178","Ukraine","Soviet Union","24 MiG-29 fighter aircraft","destroyed","https://twitter.com/UAWeapons/status/1611781906676285441","2023-11-16",638,14748,1,"380-638147481","11/16/2023"
"16179","Ukraine","Soviet Union","24 MiG-29 fighter aircraft","destroyed","https://i.postimg.cc/DzHxJZ9x/2003-mig29-destr-13-02-23.jpg","2023-11-16",638,14749,1,"380-638147491","11/16/2023"
"16180","Ukraine","Soviet Union","24 MiG-29 fighter aircraft","destroyed","https://i.postimg.cc/hG2ggRr7/2008-mig29-destr-24-02-22.jpg","2023-11-16",638,14750,1,"380-638147501","11/16/2023"
"16181","Ukraine","Soviet Union","24 MiG-29 fighter aircraft","destroyed","https://i.postimg.cc/brjCBKhs/2012-mig29-destr-02-06-23.jpg","2023-11-16",638,14751,1,"380-638147511","11/16/2023"
"16182","Ukraine","Soviet Union","24 MiG-29 fighter aircraft","destroyed","https://i.postimg.cc/SRdHJSj6/2007-mig29-destr-24-07-23.png","2023-11-16",638,14752,1,"380-638147521","11/16/2023"
"16183","Ukraine","Soviet Union","24 MiG-29 fighter aircraft","destroyed","https://i.postimg.cc/3x7HkxGb/5426.png","2023-11-16",638,14753,1,"380-638147531","11/16/2023"
"16184","Ukraine","Soviet Union","24 MiG-29 fighter aircraft","destroyed","https://i.postimg.cc/fRgL7VPw/2003-mig29-destr-30-09-23.jpg","2023-11-16",638,14754,1,"380-638147541","11/16/2023"
"16185","Ukraine","Soviet Union","24 MiG-29 fighter aircraft","destroyed","https://i.postimg.cc/9MhcsqKd/2004-mig29-destr-30-09-23.jpg","2023-11-16",638,14755,1,"380-638147551","11/16/2023"
"16186","Ukraine","Soviet Union","24 MiG-29 fighter aircraft","damaged","https://twitter.com/UAWeapons/status/1704157972937498935","2023-11-16",638,14756,2,"380-638147562","11/16/2023"
"16187","Ukraine","Soviet Union","Su-27 fighter aircraft","destroyed","https://i.postimg.cc/XYtMphyC/5h.png","2023-11-16",639,14757,1,"380-639147571","11/16/2023"
"16188","Ukraine","Soviet Union","Su-27 fighter aircraft","destroyed","https://i.postimg.cc/zf2nkrpX/3325.png","2023-11-16",639,14758,1,"380-639147581","11/16/2023"
"16189","Ukraine","Soviet Union","Su-27 fighter aircraft","destroyed","https://i.postimg.cc/bN1TbkjC/46.png","2023-11-16",639,14759,1,"380-639147591","11/16/2023"
"16190","Ukraine","Soviet Union","Su-27 fighter aircraft","destroyed","https://i.postimg.cc/dQWVLThg/326.png","2023-11-16",639,14760,1,"380-639147601","11/16/2023"
"16191","Ukraine","Soviet Union","Su-27 fighter aircraft","destroyed","https://i.postimg.cc/fR6S8HY7/4f.png","2023-11-16",639,14761,1,"380-639147611","11/16/2023"
"16192","Ukraine","Soviet Union","Su-27 fighter aircraft","destroyed","https://i.postimg.cc/g2crXNnW/662.png","2023-11-16",639,14762,1,"380-639147621","11/16/2023"
"16193","Ukraine","Soviet Union","Su-27 fighter aircraft","destroyed","https://i.postimg.cc/tgDL4PKN/6523.png","2023-11-16",639,14763,1,"380-639147631","11/16/2023"
"16194","Ukraine","Soviet Union","Su-27 fighter aircraft","destroyed","https://i.postimg.cc/yYYnJqkd/332o.png","2023-11-16",639,14764,1,"380-639147641","11/16/2023"
"16195","Ukraine","Soviet Union","Su-27 fighter aircraft","destroyed","https://i.postimg.cc/g01tJpzN/3fp.png","2023-11-16",639,14765,1,"380-639147651","11/16/2023"
"16196","Ukraine","Soviet Union","Su-27 fighter aircraft","destroyed","https://i.postimg.cc/43f8XSQt/2001-su27-destr-23-07-22.jpg","2023-11-16",639,14766,1,"380-639147661","11/16/2023"
"16197","Ukraine","Soviet Union","Su-27 fighter aircraft","destroyed","https://i.postimg.cc/4xZP1SMM/2002-su27-destr-23-07-22.jpg","2023-11-16",639,14767,1,"380-639147671","11/16/2023"
"16198","Ukraine","Soviet Union","Su-27 fighter aircraft","destroyed","https://i.postimg.cc/Ghnxcfc2/2003-su27-destr-13-03-22.jpg","2023-11-16",639,14768,1,"380-639147681","11/16/2023"
"16199","Ukraine","Soviet Union","16 Su-25 close air support aircraft","destroyed","https://i.postimg.cc/YC63jp5h/p1.png","2023-11-16",640,14769,1,"380-640147691","11/16/2023"
"16200","Ukraine","Soviet Union","16 Su-25 close air support aircraft","destroyed","https://i.postimg.cc/zfqkgsNp/p2.png","2023-11-16",640,14770,1,"380-640147701","11/16/2023"
"16201","Ukraine","Soviet Union","16 Su-25 close air support aircraft","destroyed","https://i.postimg.cc/rmZ7jy9j/3329.png","2023-11-16",640,14771,1,"380-640147711","11/16/2023"
"16202","Ukraine","Soviet Union","16 Su-25 close air support aircraft","destroyed","https://i.postimg.cc/C5fYn87Q/542f.png","2023-11-16",640,14772,1,"380-640147721","11/16/2023"
"16203","Ukraine","Soviet Union","16 Su-25 close air support aircraft","destroyed","https://i.postimg.cc/Hnv8NnNz/554.png","2023-11-16",640,14773,1,"380-640147731","11/16/2023"
"16204","Ukraine","Soviet Union","16 Su-25 close air support aircraft","destroyed","https://i.postimg.cc/N09Nt886/669.png","2023-11-16",640,14774,1,"380-640147741","11/16/2023"
"16205","Ukraine","Soviet Union","16 Su-25 close air support aircraft","destroyed","https://i.postimg.cc/mD8NFMTY/f5.png","2023-11-16",640,14775,1,"380-640147751","11/16/2023"
"16206","Ukraine","Soviet Union","16 Su-25 close air support aircraft","destroyed","https://twitter.com/UAWeapons/status/1530942829815529474","2023-11-16",640,14776,1,"380-640147761","11/16/2023"
"16207","Ukraine","Soviet Union","16 Su-25 close air support aircraft","destroyed","https://i.postimg.cc/sxysJGKk/58.png","2023-11-16",640,14777,1,"380-640147771","11/16/2023"
"16208","Ukraine","Soviet Union","16 Su-25 close air support aircraft","destroyed","https://i.postimg.cc/5tmrhZrn/2001.jpg","2023-11-16",640,14778,1,"380-640147781","11/16/2023"
"16209","Ukraine","Soviet Union","16 Su-25 close air support aircraft","destroyed","https://i.postimg.cc/2ym06SYn/229.png","2023-11-16",640,14779,1,"380-640147791","11/16/2023"
"16210","Ukraine","Soviet Union","16 Su-25 close air support aircraft","destroyed","https://twitter.com/UAWeapons/status/1571914761344012288","2023-11-16",640,14780,1,"380-640147801","11/16/2023"
"16211","Ukraine","Soviet Union","16 Su-25 close air support aircraft","damaged","https://twitter.com/UAWeapons/status/1506317219000721412","2023-11-16",640,14781,2,"380-640147812","11/16/2023"
"16212","Ukraine","Soviet Union","16 Su-25 close air support aircraft","destroyed","https://i.postimg.cc/qBF97szr/62.png","2023-11-16",640,14782,1,"380-640147821","11/16/2023"
"16213","Ukraine","Soviet Union","16 Su-25 close air support aircraft","destroyed","https://i.postimg.cc/9F4PYCXX/2019-su25-destr-27-01-23.jpg","2023-11-16",640,14783,1,"380-640147831","11/16/2023"
"16214","Ukraine","Soviet Union","16 Su-25 close air support aircraft","destroyed","https://twitter.com/UAWeapons/status/1711843075998269528","2023-11-16",640,14784,1,"380-640147841","11/16/2023"
"16215","Ukraine","Soviet Union","18 Su-24M strike aircraft","destroyed","https://i.postimg.cc/L85FXF1d/7999.png","2023-11-16",641,14785,1,"380-641147851","11/16/2023"
"16216","Ukraine","Soviet Union","18 Su-24M strike aircraft","destroyed","https://i.postimg.cc/wM3HJxdb/3260.png","2023-11-16",641,14786,1,"380-641147861","11/16/2023"
"16217","Ukraine","Soviet Union","18 Su-24M strike aircraft","destroyed","https://i.postimg.cc/RhpmNb6K/531.png","2023-11-16",641,14787,1,"380-641147871","11/16/2023"
"16218","Ukraine","Soviet Union","18 Su-24M strike aircraft","destroyed","https://i.postimg.cc/htJYmC3s/29.png","2023-11-16",641,14788,1,"380-641147881","11/16/2023"
"16219","Ukraine","Soviet Union","18 Su-24M strike aircraft","destroyed","https://i.postimg.cc/hGtH70n0/531.png","2023-11-16",641,14789,1,"380-641147891","11/16/2023"
"16220","Ukraine","Soviet Union","18 Su-24M strike aircraft","destroyed","https://i.postimg.cc/sx4cct9G/531.png","2023-11-16",641,14790,1,"380-641147901","11/16/2023"
"16221","Ukraine","Soviet Union","18 Su-24M strike aircraft","destroyed","https://i.postimg.cc/nVQQVmKN/398.png","2023-11-16",641,14791,1,"380-641147911","11/16/2023"
"16222","Ukraine","Soviet Union","18 Su-24M strike aircraft","destroyed","https://i.postimg.cc/0jF7pNht/27.png","2023-11-16",641,14792,1,"380-641147921","11/16/2023"
"16223","Ukraine","Soviet Union","18 Su-24M strike aircraft","destroyed","https://i.postimg.cc/8k69sX9b/6652.png","2023-11-16",641,14793,1,"380-641147931","11/16/2023"
"16224","Ukraine","Soviet Union","18 Su-24M strike aircraft","destroyed","https://twitter.com/UAWeapons/status/1539926975975985154","2023-11-16",641,14794,1,"380-641147941","11/16/2023"
"16225","Ukraine","Soviet Union","18 Su-24M strike aircraft","destroyed","https://i.postimg.cc/wv4ZVYw4/518.png","2023-11-16",641,14795,1,"380-641147951","11/16/2023"
"16226","Ukraine","Soviet Union","18 Su-24M strike aircraft","destroyed","https://starkon.city/articles/253939/nezlamni-ekipazhi-ya-pidu-voyuvati-a-molodih-potribno-beregti","2023-11-16",641,14796,1,"380-641147961","11/16/2023"
"16227","Ukraine","Soviet Union","18 Su-24M strike aircraft","destroyed","https://twitter.com/UAWeapons/status/1575600234734161920","2023-11-16",641,14797,1,"380-641147971","11/16/2023"
"16228","Ukraine","Soviet Union","18 Su-24M strike aircraft","destroyed","https://i.postimg.cc/MKMYsd7k/2000-su24-destr-01-03-23.jpg","2023-11-16",641,14798,1,"380-641147981","11/16/2023"
"16229","Ukraine","Soviet Union","18 Su-24M strike aircraft","destroyed","https://i.postimg.cc/hGv9yW0C/2004-su24m-destr-23-07-22.jpg","2023-11-16",641,14799,1,"380-641147991","11/16/2023"
"16230","Ukraine","Soviet Union","18 Su-24M strike aircraft","destroyed","https://i.postimg.cc/kgnNStRP/2005-su24m-destr-23-07-22.jpg","2023-11-16",641,14800,1,"380-641148001","11/16/2023"
"16231","Ukraine","Soviet Union","18 Su-24M strike aircraft","destroyed","https://i.postimg.cc/02R5mNT4/2027-su24-M-destr-09-03-22.jpg","2023-11-16",641,14801,1,"380-641148011","11/16/2023"
"16232","Ukraine","Soviet Union","18 Su-24M strike aircraft","destroyed","https://i.postimg.cc/zDRXVhcW/2028-su24-M-destr-01-03-22.jpg","2023-11-16",641,14802,1,"380-641148021","11/16/2023"
"16233","Ukraine","Soviet Union","1 Su-24MR tactical reconnaissance aircraft","destroyed","https://twitter.com/magictouch190/status/1580699168288276480","2023-11-16",642,14803,1,"380-642148031","11/16/2023"
"16234","Ukraine","Czech Republic","2 L-39 Albatros","destroyed","https://i.postimg.cc/mDYQJgsS/64.png","2023-11-16",643,14804,1,"380-643148041","11/16/2023"
"16235","Ukraine","Soviet Union","1 Unknown fighter jet","destroyed","https://i.postimg.cc/PJkGLCCz/2037-unkn-figher-jet-destr-05-03-22.jpg","2023-11-16",310,14805,1,"380-310148051","11/16/2023"
"16236","Ukraine","Soviet Union","Il-76 transport aircraft","destroyed","https://twitter.com/Gerjon_/status/1511286171145494531","2023-11-16",315,14806,1,"380-315148061","11/16/2023"
"16237","Ukraine","Soviet Union","Il-76 transport aircraft","captured","https://postlmg.cc/ThyCtysH","2023-11-16",315,14807,3,"380-315148073","11/16/2023"
"16238","Ukraine","Soviet Union","An-26 transport aircraft","destroyed","https://i.postimg.cc/rmdB2PLQ/489.png","2023-11-16",314,14808,1,"380-314148081","11/16/2023"
"16239","Ukraine","Soviet Union","An-26 transport aircraft","destroyed","https://i.postimg.cc/52yq9Qjt/2006-An-26-transport-aircraft-destr-06-03-22.jpg","2023-11-16",314,14809,1,"380-314148091","11/16/2023"
"16240","Ukraine","Soviet Union","Mi-2 training helicopter","destroyed","https://i.postimg.cc/28kZKSd2/331.png","2023-11-16",644,14810,1,"380-644148101","11/16/2023"
"16241","Ukraine","Soviet Union","Mi-2 training helicopter","destroyed","https://i.postimg.cc/DZXfDW54/2000-mi2-destr-31-01-23.jpg","2023-11-16",644,14811,1,"380-644148111","11/16/2023"
"16242","Ukraine","Soviet Union","Mi-2 training helicopter","captured","https://i.postimg.cc/htNmVbzn/887.png","2023-11-16",644,14812,3,"380-644148123","11/16/2023"
"16243","Ukraine","Soviet Union","23 Mi-8 transport helicopter","destroyed","https://i.postimg.cc/nhHc6k3z/34.png","2023-11-16",645,14813,1,"380-645148131","11/16/2023"
"16244","Ukraine","Soviet Union","23 Mi-8 transport helicopter","destroyed","https://i.postimg.cc/FKpXBSV7/79.png","2023-11-16",645,14814,1,"380-645148141","11/16/2023"
"16245","Ukraine","Soviet Union","23 Mi-8 transport helicopter","destroyed","https://i.postimg.cc/wBW5vCQw/3d6.png","2023-11-16",645,14815,1,"380-645148151","11/16/2023"
"16246","Ukraine","Soviet Union","23 Mi-8 transport helicopter","destroyed","https://twitter.com/UAWeapons/status/1515301572137435140","2023-11-16",645,14816,1,"380-645148161","11/16/2023"
"16247","Ukraine","Soviet Union","23 Mi-8 transport helicopter","destroyed","https://twitter.com/UAWeapons/status/1561317728522276864","2023-11-16",645,14817,1,"380-645148171","11/16/2023"
"16248","Ukraine","Soviet Union","23 Mi-8 transport helicopter","destroyed","https://i.postimg.cc/136TTS48/1887.png","2023-11-16",645,14818,1,"380-645148181","11/16/2023"
"16249","Ukraine","Soviet Union","23 Mi-8 transport helicopter","destroyed","https://i.postimg.cc/y8GgrPfR/3270.png","2023-11-16",645,14819,1,"380-645148191","11/16/2023"
"16250","Ukraine","Soviet Union","23 Mi-8 transport helicopter","destroyed","https://aviation-safety.net/wikibase/299436","2023-11-16",645,14820,1,"380-645148201","11/16/2023"
"16251","Ukraine","Soviet Union","23 Mi-8 transport helicopter","destroyed","https://i.postimg.cc/GhZDhNht/4665.png","2023-11-16",645,14821,1,"380-645148211","11/16/2023"
"16252","Ukraine","Soviet Union","23 Mi-8 transport helicopter","destroyed","https://i.postimg.cc/W11NjVC0/55433.png","2023-11-16",645,14822,1,"380-645148221","11/16/2023"
"16253","Ukraine","Soviet Union","23 Mi-8 transport helicopter","destroyed","https://twitter.com/UAWeapons/status/1587060105240944640","2023-11-16",645,14823,1,"380-645148231","11/16/2023"
"16254","Ukraine","Soviet Union","23 Mi-8 transport helicopter","destroyed","https://i.postimg.cc/8cxzWk7Z/65g2.png","2023-11-16",645,14824,1,"380-645148241","11/16/2023"
"16255","Ukraine","Soviet Union","23 Mi-8 transport helicopter","destroyed","https://i.postimg.cc/3Jc5LSKG/2140-Mi-8-transport-helicopter-destr-06-03-22.jpg","2023-11-16",645,14825,1,"380-645148251","11/16/2023"
"16256","Ukraine","Soviet Union","23 Mi-8 transport helicopter","destroyed","https://i.postimg.cc/XYwJVfTf/2000-mi8-destr.jpg","2023-11-16",645,14826,1,"380-645148261","11/16/2023"
"16257","Ukraine","Soviet Union","23 Mi-8 transport helicopter","destroyed","https://i.postimg.cc/RZ2n6L74/2004-mi8-destr.jpg","2023-11-16",645,14827,1,"380-645148271","11/16/2023"
"16258","Ukraine","Soviet Union","23 Mi-8 transport helicopter","destroyed","https://twitter.com/UAWeapons/status/1604795883249315840","2023-11-16",645,14828,1,"380-645148281","11/16/2023"
"16259","Ukraine","Soviet Union","23 Mi-8 transport helicopter","destroyed","https://i.postimg.cc/0yXDmyzf/2006-mi-8-helicopter-destr-24-12-22.jpg","2023-11-16",645,14829,1,"380-645148291","11/16/2023"
"16260","Ukraine","Soviet Union","23 Mi-8 transport helicopter","destroyed","https://i.postimg.cc/Njw3ts7f/2011-mi8-destr-01-08-23.jpg","2023-11-16",645,14830,1,"380-645148301","11/16/2023"
"16261","Ukraine","Soviet Union","23 Mi-8 transport helicopter","destroyed","https://i.postimg.cc/bvB5cyG3/54g5.png","2023-11-16",645,14831,1,"380-645148311","11/16/2023"
"16262","Ukraine","Soviet Union","23 Mi-8 transport helicopter","destroyed","https://i.postimg.cc/Y0sgFsyW/553.png","2023-11-16",645,14832,1,"380-645148321","11/16/2023"
"16263","Ukraine","Soviet Union","23 Mi-8 transport helicopter","destroyed","https://i.postimg.cc/tgVZ0xfM/347.png","2023-11-16",645,14833,1,"380-645148331","11/16/2023"
"16264","Ukraine","Soviet Union","Mi-14PS maritime helicopter","destroyed","https://i.postimg.cc/sDhzVSMY/1300-mi14ps-destr-07-05-22.jpg","2023-11-16",646,14834,1,"380-646148341","11/16/2023"
"16265","Ukraine","Soviet Union","1 Mi-17V5","destroyed","https://i.postimg.cc/JhWL5jTW/2042-mi8-destr-09-06-23.jpg","2023-11-16",647,14835,1,"380-647148351","11/16/2023"
"16266","Ukraine","Soviet Union","Mi-24P attack helicopter","destroyed","https://i.postimg.cc/3xT0zpGZ/54.png","2023-11-16",318,14836,1,"380-318148361","11/16/2023"
"16267","Ukraine","Soviet Union","Mi-24P attack helicopter","destroyed","https://i.postimg.cc/s2h82Dr3/332.png","2023-11-16",318,14837,1,"380-318148371","11/16/2023"
"16268","Ukraine","Soviet Union","Mi-24 attack helicopter","destroyed","https://i.postimg.cc/N0fx6ym4/2s.png","2023-11-16",648,14838,1,"380-648148381","11/16/2023"
"16269","Ukraine","Soviet Union","Mi-24 attack helicopter","destroyed","https://i.postimg.cc/SN6k3Jpm/2020-mi24-destr-20-10-23.jpg","2023-11-16",648,14839,1,"380-648148391","11/16/2023"
"16270","Ukraine","Soviet Union","Mi-24 attack helicopter","damaged","https://i.postimg.cc/9F0R4khC/2000-mi-24-dam-17-05-23.jpg","2023-11-16",648,14840,2,"380-648148402","11/16/2023"
"16271","Ukraine","France","Airbus H225 transport helicopter","destroyed","https://en.wikipedia.org/wiki/2023_Brovary_helicopter_crash","2023-11-16",649,14841,1,"380-649148411","11/16/2023"
"16272","Ukraine","Turkey","Bayraktar TB2","destroyed","https://i.postimg.cc/0yTqfP7n/314.png","2023-11-16",650,14842,1,"380-650148421","11/16/2023"
"16273","Ukraine","Turkey","Bayraktar TB2","destroyed","https://i.postimg.cc/0rR38Jw1/241.png","2023-11-16",650,14843,1,"380-650148431","11/16/2023"
"16274","Ukraine","Turkey","Bayraktar TB2","destroyed","https://twitter.com/UAWeapons/status/1519746926111080448","2023-11-16",650,14844,1,"380-650148441","11/16/2023"
"16275","Ukraine","Turkey","Bayraktar TB2","destroyed","https://i.postimg.cc/PqzGsG3M/329.png","2023-11-16",650,14845,1,"380-650148451","11/16/2023"
"16276","Ukraine","Turkey","Bayraktar TB2","destroyed","https://i.postimg.cc/kX0F9FCc/b1.png","2023-11-16",650,14846,1,"380-650148461","11/16/2023"
"16277","Ukraine","Turkey","Bayraktar TB2","destroyed","https://i.postimg.cc/rFQWg4Vr/6522.png","2023-11-16",650,14847,1,"380-650148471","11/16/2023"
"16278","Ukraine","Turkey","Bayraktar TB2","destroyed","https://i.postimg.cc/nh1W0Rc3/4.jpg","2023-11-16",650,14848,1,"380-650148481","11/16/2023"
"16279","Ukraine","Turkey","Bayraktar TB2","destroyed","https://i.postimg.cc/nrWysFk5/43118.png","2023-11-16",650,14849,1,"380-650148491","11/16/2023"
"16280","Ukraine","Turkey","Bayraktar TB2","destroyed","https://twitter.com/UAWeapons/status/1539693323010572288","2023-11-16",650,14850,1,"380-650148501","11/16/2023"
"16281","Ukraine","Turkey","Bayraktar TB2","destroyed","https://i.postimg.cc/XNKtRCXz/2000.jpg","2023-11-16",650,14851,1,"380-650148511","11/16/2023"
"16282","Ukraine","Turkey","Bayraktar TB2","destroyed","https://twitter.com/RALee85/status/1551346756201365506","2023-11-16",650,14852,1,"380-650148521","11/16/2023"
"16283","Ukraine","Turkey","Bayraktar TB2","destroyed","https://i.postimg.cc/BnChYS2q/2003.jpg","2023-11-16",650,14853,1,"380-650148531","11/16/2023"
"16284","Ukraine","Turkey","Bayraktar TB2","destroyed","https://twitter.com/UAWeapons/status/1557291571602669570","2023-11-16",650,14854,1,"380-650148541","11/16/2023"
"16285","Ukraine","Turkey","Bayraktar TB2","destroyed","https://twitter.com/UAWeapons/status/1566399647505170432","2023-11-16",650,14855,1,"380-650148551","11/16/2023"
"16286","Ukraine","Turkey","Bayraktar TB2","destroyed","https://i.postimg.cc/Rh9hRy7t/2004-tb2-destr-22-01-23.jpg","2023-11-16",650,14856,1,"380-650148561","11/16/2023"
"16287","Ukraine","Turkey","Bayraktar TB2","destroyed","https://i.postimg.cc/mkWZGb6X/2003-TB2-destr-18-02-23.jpg","2023-11-16",650,14857,1,"380-650148571","11/16/2023"
"16288","Ukraine","Turkey","Bayraktar TB2","destroyed","https://twitter.com/UAWeapons/status/1628798109261213827","2023-11-16",650,14858,1,"380-650148581","11/16/2023"
"16289","Ukraine","Turkey","Bayraktar TB2","destroyed","https://twitter.com/UAWeapons/status/1654193643614359578","2023-11-16",650,14859,1,"380-650148591","11/16/2023"
"16290","Ukraine","Turkey","Bayraktar TB2","destroyed","https://i.postimg.cc/PxnVJZvn/2042-Bayraktar-TB2-UCAV-destr-09-05-23.jpg","2023-11-16",650,14860,1,"380-650148601","11/16/2023"
"16291","Ukraine","Turkey","Bayraktar TB2","destroyed","https://i.postimg.cc/SQVxQ1gY/2000-4x-tb2-ucav-and-2-ground-stations-destr-24-02-22.png","2023-11-16",650,13959,1,"380-650139591","11/16/2023"
"16292","Ukraine","Turkey","Bayraktar TB2","destroyed","https://twitter.com/UAWeapons/status/1681211191887110144","2023-11-16",650,14861,1,"380-650148611","11/16/2023"
"16293","Ukraine","Ukraine","1 Avenger","destroyed","https://i.postimg.cc/TYfbDmSq/2.png","2023-11-16",651,14862,1,"380-651148621","11/16/2023"
"16294","Ukraine","Ukraine","A1-SM Fury","destroyed","https://i.postimg.cc/hGnpzJdF/4f0.png","2023-11-16",652,14863,1,"380-652148631","11/16/2023"
"16295","Ukraine","Ukraine","A1-SM Fury","destroyed","https://i.postimg.cc/KvBkj4zY/554.png","2023-11-16",652,14864,1,"380-652148641","11/16/2023"
"16296","Ukraine","Ukraine","A1-SM Fury","destroyed","https://i.postimg.cc/c4gpDpFx/488.png","2023-11-16",652,14865,1,"380-652148651","11/16/2023"
"16297","Ukraine","Ukraine","A1-SM Fury","destroyed","https://twitter.com/UAWeapons/status/1535015023776522252","2023-11-16",652,14866,1,"380-652148661","11/16/2023"
"16298","Ukraine","Ukraine","A1-SM Fury","destroyed","https://twitter.com/UAWeapons/status/1574027418280542208","2023-11-16",652,14867,1,"380-652148671","11/16/2023"
"16299","Ukraine","Ukraine","A1-SM Fury","destroyed","https://i.postimg.cc/sX2HnM4D/2022-A1-SM-Fury-destr-14-05-22.jpg","2023-11-16",652,14868,1,"380-652148681","11/16/2023"
"16300","Ukraine","Ukraine","A1-SM Fury","destroyed","https://i.postimg.cc/MHMPSgLC/2023-A1-SM-Fury-reconnaissance-UAV-destr-13-05-22.jpg","2023-11-16",652,14869,1,"380-652148691","11/16/2023"
"16301","Ukraine","Ukraine","A1-SM Fury","destroyed","https://i.postimg.cc/nrydc0bC/2024-A1-SM-Fury-reconnaissance-UAV-destr-13-04-22.jpg","2023-11-16",652,14870,1,"380-652148701","11/16/2023"
"16302","Ukraine","Ukraine","A1-SM Fury","destroyed","https://i.postimg.cc/ncnddN4g/2004-A1-SM-Fury-UAV-destr-18-02-23.jpg","2023-11-16",652,14871,1,"380-652148711","11/16/2023"
"16303","Ukraine","Ukraine","A1-SM Fury","destroyed","https://i.postimg.cc/Gtv4qMm8/2007-A1-SM-Fury-UAV-destr-08-07-22.jpg","2023-11-16",652,14872,1,"380-652148721","11/16/2023"
"16304","Ukraine","Ukraine","A1-SM Fury","destroyed","https://i.postimg.cc/y821ZBtc/2003-fury-uav-destr-06-03-23.jpg","2023-11-16",652,14873,1,"380-652148731","11/16/2023"
"16305","Ukraine","Ukraine","A1-SM Fury","destroyed","https://i.postimg.cc/bN4DFKJL/2008-fury-uav-destr-21-04-23.jpg","2023-11-16",652,14874,1,"380-652148741","11/16/2023"
"16306","Ukraine","Ukraine","A1-SM Fury","destroyed","https://i.postimg.cc/3wST3MrV/2000-A1-SM-Fury-destr-06-05-23.jpg","2023-11-16",652,14875,1,"380-652148751","11/16/2023"
"16307","Ukraine","Ukraine","A1-SM Fury","destroyed","https://i.postimg.cc/mkTwKZJL/2003-A1-SM-Fury-reconnaissance-UAV-destr-29-04-23.jpg","2023-11-16",652,14876,1,"380-652148761","11/16/2023"
"16308","Ukraine","Ukraine","A1-SM Fury","destroyed","https://i.postimg.cc/j5kTBZk4/2041-A1-SM-Fury-reconnaissance-UAV-destr-11-05-23.jpg","2023-11-16",652,14877,1,"380-652148771","11/16/2023"
"16309","Ukraine","Ukraine","A1-SM Fury","destroyed","https://i.postimg.cc/cHp9FQ2y/2000-A1-SM-destr-27-05-23.jpg","2023-11-16",652,14878,1,"380-652148781","11/16/2023"
"16310","Ukraine","Ukraine","A1-SM Fury","destroyed","https://i.postimg.cc/02DQ48V7/2036-A1-SM-UAV-destr-01-06-23.jpg","2023-11-16",652,14879,1,"380-652148791","11/16/2023"
"16311","Ukraine","Ukraine","A1-SM Fury","destroyed","https://i.postimg.cc/BQz872W2/2005-A1-SM-Fury-destr-30-06-23.jpg","2023-11-16",652,14880,1,"380-652148801","11/16/2023"
"16312","Ukraine","Ukraine","A1-SM Fury","destroyed","https://i.postimg.cc/fbrw409W/2009-A1-SM-Fury-reconnaissance-UAV-destr-12-08-23.jpg","2023-11-16",652,14881,1,"380-652148811","11/16/2023"
"16313","Ukraine","Ukraine","A1-SM Fury","destroyed","https://i.postimg.cc/VLtXXCd7/2002-A1-SM-Fury-reconnaissance-UAV-destr-29-07-23.jpg","2023-11-16",652,14882,1,"380-652148821","11/16/2023"
"16314","Ukraine","Ukraine","A1-SM Fury","destroyed","https://i.postimg.cc/4d6XG4Rg/2002-A1-SM-Furia-destr-22-08-23.jpg","2023-11-16",652,14883,1,"380-652148831","11/16/2023"
"16315","Ukraine","Ukraine","A1-SM Fury","destroyed","https://i.postimg.cc/9M3s9QTs/2005-A1-SM-Furia-destr-20-08-23.jpg","2023-11-16",652,14884,1,"380-652148841","11/16/2023"
"16316","Ukraine","Ukraine","A1-SM Fury","destroyed","https://i.postimg.cc/7PcV58MS/332d.png","2023-11-16",652,14885,1,"380-652148851","11/16/2023"
"16317","Ukraine","Ukraine","A1-SM Fury","destroyed","https://i.postimg.cc/6q2R2wg0/430.png","2023-11-16",652,14886,1,"380-652148861","11/16/2023"
"16318","Ukraine","Ukraine","A1-SM Fury","destroyed","https://i.postimg.cc/GppV8C2d/438.png","2023-11-16",652,14887,1,"380-652148871","11/16/2023"
"16319","Ukraine","Ukraine","A1-SM Fury","destroyed","https://i.postimg.cc/PxN0hFhw/2001-A1-SM-Fury-destr-06-09-23.jpg","2023-11-16",652,14888,1,"380-652148881","11/16/2023"
"16320","Ukraine","Ukraine","A1-SM Fury","destroyed","https://i.postimg.cc/SRM5Y2nQ/2002-fury-uav-destr-19-09-23.jpg","2023-11-16",652,14889,1,"380-652148891","11/16/2023"
"16321","Ukraine","Ukraine","A1-SM Fury","destroyed","https://i.postimg.cc/ZK62TNkV/2011-fury-uav-destr-28-09-23.jpg","2023-11-16",652,14890,1,"380-652148901","11/16/2023"
"16322","Ukraine","Ukraine","A1-SM Fury","destroyed","https://i.postimg.cc/7PGjWcKv/2020-fury-uav-destr-12-03-23.jpg","2023-11-16",652,14891,1,"380-652148911","11/16/2023"
"16323","Ukraine","Ukraine","A1-SM Fury","destroyed","https://i.postimg.cc/PxW1VmVS/2009-fury-uav-destr-13-10-23.jpg","2023-11-16",652,14892,1,"380-652148921","11/16/2023"
"16324","Ukraine","Ukraine","A1-SM Fury","destroyed","https://i.postimg.cc/rwBpBLfc/2014-fury-uav-destr-30-08-23.jpg","2023-11-16",652,14893,1,"380-652148931","11/16/2023"
"16325","Ukraine","Ukraine","A1-SM Fury","destroyed","https://i.postimg.cc/W3m5B61y/2009-fury-uav-destr-30-11-22.jpg","2023-11-16",652,14894,1,"380-652148941","11/16/2023"
"16326","Ukraine","Ukraine","A1-SM Fury","captured","https://i.postimg.cc/wj96QDhY/317.png","2023-11-16",652,14895,3,"380-652148953","11/16/2023"
"16327","Ukraine","Ukraine","A1-SM Fury","captured","https://i.postimg.cc/NFtSQZQN/3d5.png","2023-11-16",652,14896,3,"380-652148963","11/16/2023"
"16328","Ukraine","Ukraine","A1-SM Fury","captured","https://i.postimg.cc/zXLjKRdV/2001-A1-SM-Fury.jpg","2023-11-16",652,14897,3,"380-652148973","11/16/2023"
"16329","Ukraine","Ukraine","A1-SM Fury","captured","https://i.postimg.cc/Kc9zf0HQ/4376.png","2023-11-16",652,14898,3,"380-652148983","11/16/2023"
"16330","Ukraine","Ukraine","A1-SM Fury","captured","https://i.postimg.cc/QdQQwy4B/2001-A1-SM-Fury-UAV-capt.jpg","2023-11-16",652,14899,3,"380-652148993","11/16/2023"
"16331","Ukraine","Ukraine","A1-SM Fury","captured","https://i.postimg.cc/TY7bG6hy/2001-A1-SM-Fury-capt.jpg","2023-11-16",652,14900,3,"380-652149003","11/16/2023"
"16332","Ukraine","Ukraine","A1-SM Fury","captured","https://i.postimg.cc/Ss0Jw2np/2001-fury-uav-capt-05-01-23.jpg","2023-11-16",652,14901,3,"380-652149013","11/16/2023"
"16333","Ukraine","Ukraine","A1-SM Fury","captured","https://i.postimg.cc/vTZ3nBwT/1002-Furia-capt-12-01-2023.png","2023-11-16",652,14902,3,"380-652149023","11/16/2023"
"16334","Ukraine","Ukraine","A1-SM Fury","captured","https://i.postimg.cc/XqNxtDsK/2006-A1-SM-Fury-capt-31-01-23.jpg","2023-11-16",652,14903,3,"380-652149033","11/16/2023"
"16335","Ukraine","Ukraine","A1-SM Fury","captured","https://i.postimg.cc/9X1LyCfL/2011-A1-SM-Fury-capt-30-01-23.jpg","2023-11-16",652,14904,3,"380-652149043","11/16/2023"
"16336","Ukraine","Ukraine","A1-SM Fury","captured","https://i.postimg.cc/Nf4sWv8D/2002-A1-SM-Fury-UAV-capt-18-02-23.jpg","2023-11-16",652,14905,3,"380-652149053","11/16/2023"
"16337","Ukraine","Ukraine","A1-SM Fury","captured","https://i.postimg.cc/GtSbKKxW/4.png","2023-11-16",652,14906,3,"380-652149063","11/16/2023"
"16338","Ukraine","Ukraine","A1-SM Fury","captured","https://i.postimg.cc/yNbhhd96/33d.png","2023-11-16",652,14907,3,"380-652149073","11/16/2023"
"16339","Ukraine","Ukraine","A1-SM Fury","captured","https://i.postimg.cc/tCBbhqJg/2026-A1-SM-Furia-capt-29-06-23.jpg","2023-11-16",652,14908,3,"380-652149083","11/16/2023"
"16340","Ukraine","Ukraine","A1-SM Fury","captured","https://i.postimg.cc/ydS4F4mS/79.png","2023-11-16",652,14909,3,"380-652149093","11/16/2023"
"16341","Ukraine","Ukraine","A1-SM Fury","captured","https://i.postimg.cc/Bn5LWyXw/478.png","2023-11-16",652,14910,3,"380-652149103","11/16/2023"
"16342","Ukraine","Ukraine","A1-SM Fury","captured","https://i.postimg.cc/YqHtw7hF/2014-A1-SM-Fury-capt-14-08-23.jpg","2023-11-16",652,14911,3,"380-652149113","11/16/2023"
"16343","Ukraine","Ukraine","A1-SM Fury","captured","https://i.postimg.cc/V6yCBPZm/54.png","2023-11-16",652,14912,3,"380-652149123","11/16/2023"
"16344","Ukraine","Ukraine","A1-SM Fury","captured","https://i.postimg.cc/mZMJ8dK2/3770.png","2023-11-16",652,14913,3,"380-652149133","11/16/2023"
"16345","Ukraine","Ukraine","A1-SM Fury","captured","https://i.postimg.cc/HxWKZgjB/27.png","2023-11-16",652,14914,3,"380-652149143","11/16/2023"
"16346","Ukraine","Ukraine","A1-SM Fury","captured","https://i.postimg.cc/LsZtLdtK/2007-fury-uav-capt-06-10-23.jpg","2023-11-16",652,14915,3,"380-652149153","11/16/2023"
"16347","Ukraine","Ukraine","A1-SM Fury","captured","https://i.postimg.cc/25ZcwfRr/2012-fury-uav-capt-30-09-23.jpg","2023-11-16",652,14916,3,"380-652149163","11/16/2023"
"16348","Ukraine","Ukraine","A1-SM Fury","captured","https://i.postimg.cc/Y9BXDyMg/2015-fury-uav-capt-23-06-22.jpg","2023-11-16",652,14917,3,"380-652149173","11/16/2023"
"16349","Ukraine","Ukraine","A1-SM Fury","captured","https://i.postimg.cc/VNrNKYyX/2011-fury-uav-capr-02-11-23.jpg","2023-11-16",652,14918,3,"380-652149183","11/16/2023"
"16350","Ukraine","Ukraine","ASU-1 Valkyrja","destroyed","https://i.postimg.cc/VNC6NC8n/314.png","2023-11-16",653,14919,1,"380-653149191","11/16/2023"
"16351","Ukraine","Ukraine","ASU-1 Valkyrja","destroyed","https://i.postimg.cc/NfW8bL7S/2002-ASU-1-Valkyrja-UAV-destr-25-08-22.jpg","2023-11-16",653,14920,1,"380-653149201","11/16/2023"
"16352","Ukraine","Ukraine","ASU-1 Valkyrja","destroyed","https://i.postimg.cc/PJWwRdmw/2006-ASU-1-Valkyrja-destr-20-01-23.jpg","2023-11-16",653,14921,1,"380-653149211","11/16/2023"
"16353","Ukraine","Ukraine","ASU-1 Valkyrja","destroyed","https://i.postimg.cc/3NtpZnqm/2013-ASU-1-Valkyria-UAV-destr-16-02-23.jpg","2023-11-16",653,14922,1,"380-653149221","11/16/2023"
"16354","Ukraine","Ukraine","ASU-1 Valkyrja","destroyed","https://i.postimg.cc/qqHRh8xk/2000-ASU-1-Valkirya-destr-23-02-2023.jpg","2023-11-16",653,14923,1,"380-653149231","11/16/2023"
"16355","Ukraine","Ukraine","ASU-1 Valkyrja","destroyed","https://twitter.com/UAWeapons/status/1635728339200626689","2023-11-16",653,14924,1,"380-653149241","11/16/2023"
"16356","Ukraine","Ukraine","ASU-1 Valkyrja","destroyed","https://i.postimg.cc/QdwcwNGc/2018-ASU-1-Valkyrja-destr-12-03-23.jpg","2023-11-16",653,14925,1,"380-653149251","11/16/2023"
"16357","Ukraine","Ukraine","ASU-1 Valkyrja","destroyed","https://i.postimg.cc/PJ4zs7cg/2002-ASU-1-valkyria-destr-21-03-23.jpg","2023-11-16",653,14926,1,"380-653149261","11/16/2023"
"16358","Ukraine","Ukraine","ASU-1 Valkyrja","destroyed","https://i.postimg.cc/3Jk01KKd/2006-valkyria-uav-destr-26-04-23.jpg","2023-11-16",653,14927,1,"380-653149271","11/16/2023"
"16359","Ukraine","Ukraine","ASU-1 Valkyrja","destroyed","https://i.postimg.cc/k5VjRLFk/2019-ASU-1-Valkyria-destr-09-05-23.jpg","2023-11-16",653,14928,1,"380-653149281","11/16/2023"
"16360","Ukraine","Ukraine","ASU-1 Valkyrja","destroyed","https://i.postimg.cc/XvJXHRQR/2041-ASU-1-Valkyria-destr-15-05-23.jpg","2023-11-16",653,14929,1,"380-653149291","11/16/2023"
"16361","Ukraine","Ukraine","ASU-1 Valkyrja","destroyed","https://i.postimg.cc/1zh1NNDK/2016-ASU-1-Valkyriya-destr-23-05-23.jpg","2023-11-16",653,14930,1,"380-653149301","11/16/2023"
"16362","Ukraine","Ukraine","ASU-1 Valkyrja","destroyed","https://i.postimg.cc/P5rZTfhG/2005-ASU-1-Valkyrja-reconnaissance-UAV-destr-14-05-23.jpg","2023-11-16",653,14931,1,"380-653149311","11/16/2023"
"16363","Ukraine","Ukraine","ASU-1 Valkyrja","destroyed","https://i.postimg.cc/yNXzQW53/2044-asu1-destr-14-06-23.jpg","2023-11-16",653,14932,1,"380-653149321","11/16/2023"
"16364","Ukraine","Ukraine","ASU-1 Valkyrja","destroyed","https://i.postimg.cc/wjNb6RjC/2010-ASU-1-Valkyrja-destr-22-06-23.jpg","2023-11-16",653,14933,1,"380-653149331","11/16/2023"
"16365","Ukraine","Ukraine","ASU-1 Valkyrja","destroyed","https://i.postimg.cc/SQXdD2Qr/28.png","2023-11-16",653,14934,1,"380-653149341","11/16/2023"
"16366","Ukraine","Ukraine","ASU-1 Valkyrja","destroyed","https://i.postimg.cc/qvqnS120/2010-asu-1-valkyra-destr-06-08-23.jpg","2023-11-16",653,14935,1,"380-653149351","11/16/2023"
"16367","Ukraine","Ukraine","ASU-1 Valkyrja","destroyed","https://i.postimg.cc/MpKBh2jJ/2009-ASU-1-Valkiria-destr-10-08-23.jpg","2023-11-16",653,14936,1,"380-653149361","11/16/2023"
"16368","Ukraine","Ukraine","ASU-1 Valkyrja","destroyed","https://i.postimg.cc/d0gTkhNJ/2012-ASU-1-Valkiria-destr-09-08-23.jpg","2023-11-16",653,14937,1,"380-653149371","11/16/2023"
"16369","Ukraine","Ukraine","ASU-1 Valkyrja","destroyed","https://i.postimg.cc/15h356Yf/2001-ASU-1-Valkiria-reconnaissance-UAV-destr-11-08-23.jpg","2023-11-16",653,14938,1,"380-653149381","11/16/2023"
"16370","Ukraine","Ukraine","ASU-1 Valkyrja","destroyed","https://i.postimg.cc/J7BhLKxf/2006-ASU-1-Valkiria-reconnaissance-UAV-destr-31-07-23.jpg","2023-11-16",653,14939,1,"380-653149391","11/16/2023"
"16371","Ukraine","Ukraine","ASU-1 Valkyrja","destroyed","https://i.postimg.cc/zD6nLjXb/2004-ASU-1-Valkiria-reconnaissance-UAV-destr-25-07-23.jpg","2023-11-16",653,14940,1,"380-653149401","11/16/2023"
"16372","Ukraine","Ukraine","ASU-1 Valkyrja","destroyed","https://i.postimg.cc/BnYp5G9k/3277.png","2023-11-16",653,14941,1,"380-653149411","11/16/2023"
"16373","Ukraine","Ukraine","ASU-1 Valkyrja","destroyed","https://i.postimg.cc/DyThk9w5/3280.png","2023-11-16",653,14942,1,"380-653149421","11/16/2023"
"16374","Ukraine","Ukraine","ASU-1 Valkyrja","destroyed","https://i.postimg.cc/SRLBcm80/2038-ASU-1-Valkyrie-UAV-destr-05-10-23.jpg","2023-11-16",653,14943,1,"380-653149431","11/16/2023"
"16375","Ukraine","Ukraine","ASU-1 Valkyrja","captured","https://i.postimg.cc/DzhrkDNc/2000-ASU-1-Valkyrja-UAV-capt-22-08-22.jpg","2023-11-16",653,14944,3,"380-653149443","11/16/2023"
"16376","Ukraine","Ukraine","ASU-1 Valkyrja","captured","https://i.postimg.cc/HWX759J4/9l.png","2023-11-16",653,14945,3,"380-653149453","11/16/2023"
"16377","Ukraine","Ukraine","ASU-1 Valkyrja","captured","https://i.postimg.cc/QtTrTCZ0/2f.png","2023-11-16",653,14946,3,"380-653149463","11/16/2023"
"16378","Ukraine","Ukraine","ASU-1 Valkyrja","captured","https://i.postimg.cc/1zZ3Cgz4/327.png","2023-11-16",653,14947,3,"380-653149473","11/16/2023"
"16379","Ukraine","Ukraine","ASU-1 Valkyrja","captured","https://i.postimg.cc/8kFczgDS/4311.png","2023-11-16",653,14948,3,"380-653149483","11/16/2023"
"16380","Ukraine","Ukraine","Leleka-100","destroyed","https://i.postimg.cc/4dbNf3bs/42.jpg","2023-11-16",654,14949,1,"380-654149491","11/16/2023"
"16381","Ukraine","Ukraine","Leleka-100","destroyed","https://i.postimg.cc/ZKx3TB2d/33221.png","2023-11-16",654,14950,1,"380-654149501","11/16/2023"
"16382","Ukraine","Ukraine","Leleka-100","destroyed","https://i.postimg.cc/B6RVYNGC/29.png","2023-11-16",654,14951,1,"380-654149511","11/16/2023"
"16383","Ukraine","Ukraine","Leleka-100","destroyed","https://i.postimg.cc/0QfVrS3h/1001-Leleka-100-destr-12-01-23.png","2023-11-16",654,14952,1,"380-654149521","11/16/2023"
"16384","Ukraine","Ukraine","Leleka-100","destroyed","https://twitter.com/UAWeapons/status/1502295977549574144","2023-11-16",654,14953,1,"380-654149531","11/16/2023"
"16385","Ukraine","Ukraine","Leleka-100","destroyed","https://i.postimg.cc/3wnprvXC/2009-Leleka-100-destr-01-07-22.jpg","2023-11-16",654,14954,1,"380-654149541","11/16/2023"
"16386","Ukraine","Ukraine","Leleka-100","destroyed","https://twitter.com/UAWeapons/status/1635728339200626689","2023-11-16",654,14924,1,"380-654149241","11/16/2023"
"16387","Ukraine","Ukraine","Leleka-100","destroyed","https://i.postimg.cc/WbPHkRJz/651.png","2023-11-16",654,14955,1,"380-654149551","11/16/2023"
"16388","Ukraine","Ukraine","Leleka-100","destroyed","https://i.postimg.cc/htDV64nK/665.png","2023-11-16",654,14956,1,"380-654149561","11/16/2023"
"16389","Ukraine","Ukraine","Leleka-100","destroyed","https://i.postimg.cc/ydLNgRP9/2000-Leleka-100-destr-28-04-23.png","2023-11-16",654,14957,1,"380-654149571","11/16/2023"
"16390","Ukraine","Ukraine","Leleka-100","destroyed","https://i.postimg.cc/76GpDfWJ/2001-Leleka-100-destr-07-05-23.png","2023-11-16",654,14958,1,"380-654149581","11/16/2023"
"16391","Ukraine","Ukraine","Leleka-100","destroyed","https://i.postimg.cc/W38rFGYV/2011-leleka100-destr-12-05-23.jpg","2023-11-16",654,14959,1,"380-654149591","11/16/2023"
"16392","Ukraine","Ukraine","Leleka-100","destroyed","https://i.postimg.cc/85CDyqwC/2006-Leleka-100-reconnaissance-UAV-destr-18-05-23.jpg","2023-11-16",654,14960,1,"380-654149601","11/16/2023"
"16393","Ukraine","Ukraine","Leleka-100","destroyed","https://i.postimg.cc/Xv4n5ZCd/2013-Leleka-100-reconnaissance-UAV-destr-13-05-23.jpg","2023-11-16",654,14961,1,"380-654149611","11/16/2023"
"16394","Ukraine","Ukraine","Leleka-100","destroyed","https://i.postimg.cc/02ZMWgSV/2002-Leleka-100-reconnaissance-UAV-destr-24-05-23.jpg","2023-11-16",654,14962,1,"380-654149621","11/16/2023"
"16395","Ukraine","Ukraine","Leleka-100","destroyed","https://i.postimg.cc/L4P0nbgH/2001-Leleka-100-destr.jpg","2023-11-16",654,14963,1,"380-654149631","11/16/2023"
"16396","Ukraine","Ukraine","Leleka-100","destroyed","https://i.postimg.cc/CxMtYTf8/2013-leleka100-destr-06-06-23.jpg","2023-11-16",654,14964,1,"380-654149641","11/16/2023"
"16397","Ukraine","Ukraine","Leleka-100","destroyed","https://i.postimg.cc/DZ3PvLYN/2034-leleka100-capt-01-06-23.png","2023-11-16",654,14965,1,"380-654149651","11/16/2023"
"16398","Ukraine","Ukraine","Leleka-100","destroyed","https://i.postimg.cc/xdr0pw1h/2008-leleka100-destr-08-06-23.jpg","2023-11-16",654,14966,1,"380-654149661","11/16/2023"
"16399","Ukraine","Ukraine","Leleka-100","destroyed","https://i.postimg.cc/3JRJkjqS/2011-leleka100-destr-07-06-23.jpg","2023-11-16",654,14967,1,"380-654149671","11/16/2023"
"16400","Ukraine","Ukraine","Leleka-100","destroyed","https://i.postimg.cc/y6gTcZSP/2009-leleka100-destr-20-07-23.jpg","2023-11-16",654,14968,1,"380-654149681","11/16/2023"
"16401","Ukraine","Ukraine","Leleka-100","destroyed","https://i.postimg.cc/MZBQsk8f/2007-Leleka-100-destr-31-07-23.jpg","2023-11-16",654,14969,1,"380-654149691","11/16/2023"
"16402","Ukraine","Ukraine","Leleka-100","destroyed","https://i.postimg.cc/rwVRFKR5/2011-Leleka-100-destr-30-07-23.jpg","2023-11-16",654,14970,1,"380-654149701","11/16/2023"
"16403","Ukraine","Ukraine","Leleka-100","destroyed","https://i.postimg.cc/G2kVxnxt/2006-Leleka-100-destr-20-08-23.jpg","2023-11-16",654,14971,1,"380-654149711","11/16/2023"
"16404","Ukraine","Ukraine","Leleka-100","destroyed","https://i.postimg.cc/HLH7JvXS/433.png","2023-11-16",654,14972,1,"380-654149721","11/16/2023"
"16405","Ukraine","Ukraine","Leleka-100","destroyed","https://i.postimg.cc/Kzt8yJ8z/2013-Leleka-100-destr-01-11-23.jpg","2023-11-16",654,14973,1,"380-654149731","11/16/2023"
"16406","Ukraine","Ukraine","Leleka-100","captured","https://i.postimg.cc/Nj2txW1y/d4.png","2023-11-16",654,14974,3,"380-654149743","11/16/2023"
"16407","Ukraine","Ukraine","Leleka-100","captured","https://i.postimg.cc/J7NmcVwY/6653.jpg","2023-11-16",654,14975,3,"380-654149753","11/16/2023"
"16408","Ukraine","Ukraine","Leleka-100","captured","https://i.postimg.cc/zXvjPkVf/3333.png","2023-11-16",654,14976,3,"380-654149763","11/16/2023"
"16409","Ukraine","Ukraine","Leleka-100","captured","https://i.postimg.cc/90K79qWy/4436.png","2023-11-16",654,14977,3,"380-654149773","11/16/2023"
"16410","Ukraine","Ukraine","Leleka-100","damaged","https://i.postimg.cc/SNqzgSD3/2000-Leleka-uav-dam-capt.jpg","2023-11-16",654,14978,2,"380-654149782","11/16/2023"
"16411","Ukraine","Ukraine","Leleka-100","captured","https://i.postimg.cc/SNqzgSD3/2000-Leleka-uav-dam-capt.jpg","2023-11-16",654,14978,3,"380-654149783","11/16/2023"
"16412","Ukraine","Ukraine","Leleka-100","captured","https://i.postimg.cc/FRVDWQVs/2002-Leleka-100-capt-31-01-23.jpg","2023-11-16",654,14979,3,"380-654149793","11/16/2023"
"16413","Ukraine","Ukraine","Leleka-100","captured","https://i.postimg.cc/cJ6LRknm/2010-Leleka-100-reconnaissance-UAV-capt-27-09-22.jpg","2023-11-16",654,14980,3,"380-654149803","11/16/2023"
"16414","Ukraine","Ukraine","Leleka-100","captured","https://i.postimg.cc/fLHQR4t7/g7.png","2023-11-16",654,14981,3,"380-654149813","11/16/2023"
"16415","Ukraine","Ukraine","Leleka-100","captured","https://i.postimg.cc/Kzdtp6Db/446.png","2023-11-16",654,14982,3,"380-654149823","11/16/2023"
"16416","Ukraine","Ukraine","Leleka-100","captured","https://i.postimg.cc/qRtfThq9/2013-leleka100-capt-31-05-23.jpg","2023-11-16",654,14983,3,"380-654149833","11/16/2023"
"16417","Ukraine","Ukraine","Leleka-100","captured","https://i.postimg.cc/KvxprSfW/2024-leleka100-capt-04-06-23.jpg","2023-11-16",654,14984,3,"380-654149843","11/16/2023"
"16418","Ukraine","Ukraine","Leleka-100","captured","https://i.postimg.cc/BQ9Jm2kh/2005-leleka-100-uav-05-07-22.jpg","2023-11-16",654,14985,3,"380-654149853","11/16/2023"
"16419","Ukraine","Ukraine","Leleka-100","captured","https://i.postimg.cc/xCxQ5VSb/2006-leleka100-capt-16-01-23.jpg","2023-11-16",654,14986,3,"380-654149863","11/16/2023"
"16420","Ukraine","Ukraine","Spaitech Sparrow","destroyed","https://i.postimg.cc/wvZjm9Gm/2029-Spaitech-Sparrow-reconnaissance-UAV-destr-13-07-23.jpg","2023-11-16",655,14987,1,"380-655149871","11/16/2023"
"16421","Ukraine","Ukraine","Spaitech Sparrow","captured","https://i.postimg.cc/D090Ds6d/d138.jpg","2023-11-16",655,14988,3,"380-655149883","11/16/2023"
"16422","Ukraine","Ukraine","Spaitech Sparrow","captured","https://i.postimg.cc/qBDxh1tk/2001-Spaitech-Sparrow-UAV-capt-28-10-22.jpg","2023-11-16",655,14989,3,"380-655149893","11/16/2023"
"16423","Ukraine","Ukraine","Spaitech Sparrow","captured","https://i.postimg.cc/3rvkZSxF/2012-Spaitech-Sparrow-UAV-capt-19-06-23.jpg","2023-11-16",655,14990,3,"380-655149903","11/16/2023"
"16424","Ukraine","Ukraine","Spectator-M1","destroyed","https://i.postimg.cc/dQG4GwTW/2001-Spectator-M1.jpg","2023-11-16",656,14991,1,"380-656149911","11/16/2023"
"16425","Ukraine","Ukraine","Spectator-M1","destroyed","https://i.postimg.cc/qvn7k9zZ/5546.png","2023-11-16",656,14992,1,"380-656149921","11/16/2023"
"16426","Ukraine","Ukraine","Spectator-M1","destroyed","https://i.postimg.cc/2yMzL2QS/2005-Spectator-M1-reconnaissance-UAV-destr-17-05-23.jpg","2023-11-16",656,14993,1,"380-656149931","11/16/2023"
"16427","Ukraine","Ukraine","Spectator-M1","captured","https://i.postimg.cc/TwfHPPLT/55.png","2023-11-16",656,14994,3,"380-656149943","11/16/2023"
"16428","Ukraine","Ukraine","Spectator-M1","captured","https://i.postimg.cc/mk5GB7Ff/5.png","2023-11-16",656,14995,3,"380-656149953","11/16/2023"
"16429","Ukraine","Ukraine","Dovbush T10","destroyed","https://i.postimg.cc/NM4r4hMW/228.png","2023-11-16",657,14996,1,"380-657149961","11/16/2023"
"16430","Ukraine","Ukraine","Dovbush T10","captured","https://postlmg.cc/jWYhrRvL","2023-11-16",657,14997,3,"380-657149973","11/16/2023"
"16431","Ukraine","Ukraine","PD-1","captured","https://twitter.com/UAWeapons/status/1572329524532072451","2023-11-16",658,14998,3,"380-658149983","11/16/2023"
"16432","Ukraine","Ukraine","UJ-22","destroyed","https://i.postimg.cc/59D7MfKX/3351.png","2023-11-16",659,14999,1,"380-659149991","11/16/2023"
"16433","Ukraine","Ukraine","UJ-22","destroyed","https://twitter.com/Archer83Able/status/1698671171221279130","2023-11-16",659,15000,1,"380-659150001","11/16/2023"
"16434","Ukraine","Ukraine","3 ITEC Skif","destroyed","https://i.postimg.cc/yxh11wMV/2004-ITEC-Skif-YAV-destr-18-02-23.jpg","2023-11-16",660,15001,1,"380-660150011","11/16/2023"
"16435","Ukraine","Ukraine","3 ITEC Skif","destroyed","https://i.postimg.cc/VkYLWdF1/2014-ITEC-Skif-UAV-destr-03-05-23.jpg","2023-11-16",660,15002,1,"380-660150021","11/16/2023"
"16436","Ukraine","Ukraine","3 ITEC Skif","captured","https://twitter.com/UAWeapons/status/1598430645860048925","2023-11-16",660,15003,3,"380-660150033","11/16/2023"
"16437","Ukraine","Ukraine","Shark","destroyed","https://twitter.com/UAWeapons/status/1647648012926156801","2023-11-16",661,15004,1,"380-661150041","11/16/2023"
"16438","Ukraine","Ukraine","Shark","destroyed","https://twitter.com/UAWeapons/status/1654116357959479303","2023-11-16",661,15005,1,"380-661150051","11/16/2023"
"16439","Ukraine","Ukraine","Shark","destroyed","https://i.postimg.cc/Qd0CMvfh/2023-UAV-Shark-destr-27-06-23.jpg","2023-11-16",661,15006,1,"380-661150061","11/16/2023"
"16440","Ukraine","Ukraine","Shark","destroyed","https://i.postimg.cc/vmxpDV1W/2003-Shark-destr-26-08-23.jpg","2023-11-16",661,15007,1,"380-661150071","11/16/2023"
"16441","Ukraine","Ukraine","Shark","destroyed","https://i.postimg.cc/wM3wCjBs/2653.png","2023-11-16",661,15008,1,"380-661150081","11/16/2023"
"16442","Ukraine","Ukraine","Shark","destroyed","https://i.postimg.cc/0jm8FgwZ/2024-Shark-UAV-destr-18-09-23.jpg","2023-11-16",661,15009,1,"380-661150091","11/16/2023"
"16443","Ukraine","Ukraine","Shark","destroyed","https://i.postimg.cc/xdw17WYh/2008-Shark-uav-destr-31-10-23.jpg","2023-11-16",661,15010,1,"380-661150101","11/16/2023"
"16444","Ukraine","Ukraine","Shark","captured","https://i.postimg.cc/nVd8VWCg/35.png","2023-11-16",661,15011,3,"380-661150113","11/16/2023"
"16445","Ukraine","Ukraine","Shark","captured","https://i.postimg.cc/pTBKbq8f/54.png","2023-11-16",661,15012,3,"380-661150123","11/16/2023"
"16446","Ukraine","Ukraine","4 Mara-2M","destroyed","https://i.postimg.cc/dt14Bpkw/2028_Mara-2M_capt_03_02_23.jpg","2023-11-16",662,15013,1,"380-662150131","11/16/2023"
"16447","Ukraine","Ukraine","4 Mara-2M","destroyed","https://i.postimg.cc/bwndCsyc/2005-Mara-M2-reconnaissance-UAV-destr-01-05-23.jpg","2023-11-16",662,15014,1,"380-662150141","11/16/2023"
"16448","Ukraine","Ukraine","4 Mara-2M","captured","https://postimg.cc/06C6nXQv","2023-11-16",662,15015,3,"380-662150153","11/16/2023"
"16449","Ukraine","Ukraine","4 Mara-2M","captured","https://i.postimg.cc/kg7qmqnK/2009-Mara-2-M-UAV-capt-06-10-23.jpg","2023-11-16",662,15016,3,"380-662150163","11/16/2023"
"16450","Ukraine","Ukraine","2 Chaklun","destroyed","https://i.postimg.cc/Z5mRt1Q2/2001-Chaklun-reconnaissance-UAV-destr-26-05-23.jpg","2023-11-16",663,15017,1,"380-663150171","11/16/2023"
"16451","Ukraine","Ukraine","2 Chaklun","captured","https://i.postimg.cc/TYZCvCmf/438.png","2023-11-16",663,15018,3,"380-663150183","11/16/2023"
"16452","Ukraine","Czech Republic","2 Orlik","destroyed","https://twitter.com/UAWeapons/status/1603468874254790658","2023-11-16",664,15019,1,"380-664150191","11/16/2023"
"16453","Ukraine","Czech Republic","2 Orlik","captured","https://i.postimg.cc/wBLx24Rt/3.png","2023-11-16",664,15020,3,"380-664150203","11/16/2023"
"16454","Ukraine","Czech Republic","1 Primoco One 150","destroyed","https://i.postimg.cc/RCTvb0T1/2000-Primoco-One-150-UAV-destr-21-08-23.jpg","2023-11-16",665,15021,1,"380-665150211","11/16/2023"
"16455","Ukraine","Poland","FlyEye","destroyed","https://i.postimg.cc/R008sKJv/6599.png","2023-11-16",666,15022,1,"380-666150221","11/16/2023"
"16456","Ukraine","Poland","FlyEye","destroyed","https://i.postimg.cc/nrJ9rVL3/588.png","2023-11-16",666,15023,1,"380-666150231","11/16/2023"
"16457","Ukraine","Poland","FlyEye","destroyed","https://postimg.cc/v4hMSJW0","2023-11-16",666,15024,1,"380-666150241","11/16/2023"
"16458","Ukraine","Poland","FlyEye","destroyed","https://i.postimg.cc/SQWKFZ60/2017-flyeye-UAV-destr-30-09-23.jpg","2023-11-16",666,15025,1,"380-666150251","11/16/2023"
"16459","Ukraine","Poland","FlyEye","destroyed","https://i.postimg.cc/D0v0xdBX/2000-Fly-Eye-UAV-destr-25-10-23.jpg","2023-11-16",666,15026,1,"380-666150261","11/16/2023"
"16460","Ukraine","Poland","FlyEye","destroyed","https://i.postimg.cc/ZnPTTX0r/2000-Fly-Eye-UAV-destr-06-11-23.jpg","2023-11-16",666,15027,1,"380-666150271","11/16/2023"
"16461","Ukraine","Poland","FlyEye","captured","https://i.postimg.cc/PJVKQjd4/1000-Flyeye-capt-09-01-2023.png","2023-11-16",666,15028,3,"380-666150283","11/16/2023"
"16462","Ukraine","Latvia","2 Penguin C","captured","https://i.postimg.cc/ZKCQ6BwT/355.png","2023-11-16",667,15029,3,"380-667150293","11/16/2023"
"16463","Ukraine","Latvia","2 Penguin C","captured","https://i.postimg.cc/7LfWG39Y/2025-penguin-c-capt-03-06-23.jpg","2023-11-16",667,15030,3,"380-667150303","11/16/2023"
"16464","Ukraine","Cyprus","Poseidon H10","destroyed","https://i.postimg.cc/CLnL0W1S/6658.png","2023-11-16",668,15031,1,"380-668150311","11/16/2023"
"16465","Ukraine","Estonia","EOS-C VTOL","destroyed","https://i.postimg.cc/cLQs67rd/2035-EOS-C-VTOL-reconnaissance-UAV-destr-14-05-23.jpg","2023-11-16",669,15032,1,"380-669150321","11/16/2023"
"16466","Ukraine","Turkey","2 Bayraktar Mini","destroyed","https://twitter.com/UAWeapons/status/1561694761890758658","2023-11-16",670,15033,1,"380-670150331","11/16/2023"
"16467","Ukraine","Turkey","2 Bayraktar Mini","captured","https://i.postimg.cc/gjM4pq7C/2005-Bayraktar-Mini-capt-31-01-23.jpg","2023-11-16",670,15034,3,"380-670150343","11/16/2023"
"16468","Ukraine","United States","AeroVironment RQ-20 Puma","destroyed","https://i.postimg.cc/Kcq4y5gV/2004-RQ-20-puma-destr-19-05-23.jpg","2023-11-16",671,15035,1,"380-671150351","11/16/2023"
"16469","Ukraine","United States","AeroVironment RQ-20 Puma","destroyed","https://i.postimg.cc/fRFvP67D/2040-RQ-20-PUMA-UAV-capt-08-06-23.jpg","2023-11-16",671,15036,1,"380-671150361","11/16/2023"
"16470","Ukraine","United States","AeroVironment RQ-20 Puma","destroyed","https://i.postimg.cc/9f14Kzp2/2008-rq20-puma3ae-destr-11-07-23.jpg","2023-11-16",671,15037,1,"380-671150371","11/16/2023"
"16471","Ukraine","United States","AeroVironment RQ-20 Puma","damaged","https://i.postimg.cc/L4LjPVMw/2007-rq20-dam-08-08-23.jpg","2023-11-16",671,15038,2,"380-671150382","11/16/2023"
"16472","Ukraine","United States","AeroVironment RQ-20 Puma","captured","https://i.postimg.cc/J4PQnTF6/2002-RQ-20-Puma-capt.jpg","2023-11-16",671,15039,3,"380-671150393","11/16/2023"
"16473","Ukraine","United States","AeroVironment RQ-20 Puma","captured","https://twitter.com/UAWeapons/status/1639337940907065345","2023-11-16",671,15040,3,"380-671150403","11/16/2023"
"16474","Ukraine","United States","AeroVironment RQ-20 Puma","captured","https://i.postimg.cc/5tRpYK4b/2014-RQ-20-Puma-LE-capt-08-07-23.jpg","2023-11-16",671,15041,3,"380-671150413","11/16/2023"
"16475","Ukraine","United States","AeroVironment RQ-20 Puma","captured","https://i.postimg.cc/y8GDZ84s/554g0.png","2023-11-16",671,15042,3,"380-671150423","11/16/2023"
"16476","Ukraine","United States","AeroVironment RQ-20 Puma","captured","https://i.postimg.cc/bYWBw9Bx/659.png","2023-11-16",671,15043,3,"380-671150433","11/16/2023"
"16477","Ukraine","United States","AeroVironment RQ-20 Puma","captured","https://postimg.cc/0zVjWqSp","2023-11-16",671,15044,3,"380-671150443","11/16/2023"
"16478","Ukraine","United States","AeroVironment RQ-20 Puma","captured","https://postimg.cc/mPkBr1cH","2023-11-16",671,15045,3,"380-671150453","11/16/2023"
"16479","Ukraine","United States","AeroVironment RQ-20 Puma","captured","https://i.postimg.cc/RhpkjYQX/38.png","2023-11-16",671,15046,3,"380-671150463","11/16/2023"
"16480","Ukraine","United States","1 AeroVironment Quantix Recon UAV","captured","https://i.postimg.cc/nrBc0m5V/2007-Quantix-Recons-UAV-capt-29-04-23.jpg","2023-11-16",672,15047,3,"380-672150473","11/16/2023"
"16481","Ukraine","United States","3 Boeing Insitu ScanEagle 2","destroyed","https://i.postimg.cc/3w9xwX1j/2004-Scan-Eagle-2-destr-15-07-23.jpg","2023-11-16",673,15048,1,"380-673150481","11/16/2023"
"16482","Ukraine","United States","3 Boeing Insitu ScanEagle 2","destroyed","https://i.postimg.cc/52PMP9rb/2035-Scan-Eagle2-UAV-destr-05-10-23.jpg","2023-11-16",673,15049,1,"380-673150491","11/16/2023"
"16483","Ukraine","United States","3 Boeing Insitu ScanEagle 2","captured","https://postimg.cc/1g80jZkS","2023-11-16",673,15050,3,"380-673150503","11/16/2023"
"16484","Ukraine","United Kingdom","Malloy Aeronautics T150 cargo UAV","captured","https://i.postimg.cc/ZnR7mS1s/5428.png","2023-11-16",674,15051,3,"380-674150513","11/16/2023"
"16485","Ukraine","United Kingdom","Malloy Aeronautics T150 cargo UAV","captured","https://i.postimg.cc/zGkfJxZB/2033-Malloy-Aeronautics-capt-31-05-23.jpg","2023-11-16",674,15052,3,"380-674150523","11/16/2023"
"16486","Ukraine","United Kingdom","Malloy Aeronautics T150 cargo UAV","captured","https://i.postimg.cc/rynQDw0S/38.png","2023-11-16",674,15053,3,"380-674150533","11/16/2023"
"16487","Ukraine","Ukraine","Unknown reconnaissance UAV","destroyed","https://i.postimg.cc/bw9YW99f/658.png","2023-11-16",675,15054,1,"380-675150541","11/16/2023"
"16488","Ukraine","Ukraine","Unknown reconnaissance UAV","destroyed","https://i.postimg.cc/V6BFMv9d/354.png","2023-11-16",675,15055,1,"380-675150551","11/16/2023"
"16489","Ukraine","Ukraine","Unknown reconnaissance UAV","captured","https://i.postimg.cc/Kzj3f087/5546.png","2023-11-16",675,15056,3,"380-675150563","11/16/2023"
"16490","Ukraine","Soviet Union","Krivak III-class frigate","destroyed","https://i.postimg.cc/yxy8CH6r/469.png","2023-11-16",676,15057,1,"380-676150571","11/16/2023"
"16491","Ukraine","Ukraine","Gyurza-M-class gunboat","damaged","https://twitter.com/UAWeapons/status/1588471103260868608","2023-11-16",677,15058,2,"380-677150582","11/16/2023"
"16492","Ukraine","Ukraine","Gyurza-M-class gunboat","destroyed","https://i.postimg.cc/tCcm2Y7L/47.png","2023-11-16",677,15059,1,"380-677150591","11/16/2023"
"16493","Ukraine","Ukraine","Gyurza-M-class gunboat","captured","https://i.postimg.cc/hjqgGwmt/f55.jpg","2023-11-16",677,15060,3,"380-677150603","11/16/2023"
"16494","Ukraine","Ukraine","Gyurza-M-class gunboat","captured","https://i.postimg.cc/Xv5443pP/f6.jpg","2023-11-16",677,15061,3,"380-677150613","11/16/2023"
"16495","Ukraine","Ukraine","Gyurza-M-class gunboat","captured","https://i.postimg.cc/wjr3y0Lx/28.png","2023-11-16",677,15062,3,"380-677150623","11/16/2023"
"16496","Ukraine","United States","Island-class patrol boat","destroyed","https://twitter.com/Militarylandnet/status/1500536901974986752","2023-11-16",678,15063,1,"380-678150631","11/16/2023"
"16497","Ukraine","Soviet Union","Stenka-class patrol boat (Operated by the Sea Guard)","destroyed","https://i.postimg.cc/8zG990c2/36.png","2023-11-16",679,15064,1,"380-679150641","11/16/2023"
"16498","Ukraine","Soviet Union","3 Zhuk-class patrol boat (Sea Guard)","destroyed","https://i.postimg.cc/q7JvJQmV/2001.jpg","2023-11-16",680,15065,1,"380-680150651","11/16/2023"
"16499","Ukraine","Soviet Union","3 Zhuk-class patrol boat (Sea Guard)","captured","https://i.postimg.cc/L5nyF4sY/g77.jpg","2023-11-16",680,15066,3,"380-680150663","11/16/2023"
"16500","Ukraine","Soviet Union","3 Zhuk-class patrol boat (Sea Guard)","captured","https://i.postimg.cc/654HHQSF/g78.jpg","2023-11-16",680,15067,3,"380-680150673","11/16/2023"
"16501","Ukraine","Soviet Union","Sorum-class seagoing tugboat","captured","https://i.postimg.cc/rw5PwbFs/64.jpg","2023-11-16",681,15068,3,"380-681150683","11/16/2023"
"16502","Ukraine","Soviet Union","Project 376 Yaroslavets-class general purpose tugboat","destroyed","https://twitter.com/UAWeapons/status/1648068113655648259","2023-11-16",682,15069,1,"380-682150691","11/16/2023"
"16503","Ukraine","Soviet Union","1 Project 1258 Yevgenya-class minesweeper","destroyed","https://twitter.com/TarasChmut/status/1562888611707506688","2023-11-16",683,15070,1,"380-683150701","11/16/2023"
"16504","Ukraine","Poland","Pr.304 Amur-class command ship","destroyed","https://i.postimg.cc/HxS8Hm41/28.png","2023-11-16",684,15071,1,"380-684150711","11/16/2023"
"16505","Ukraine","Ukraine","1 Project 58181 Centaur-class fast assault boat","destroyed","https://i.postimg.cc/9FkkFm77/54.png","2023-11-16",685,15072,1,"380-685150721","11/16/2023"
"16506","Ukraine","Ukraine","1 UMS-600 patrol boat (Sea Guard)","captured","https://i.postimg.cc/zvNg5LQJ/2011-UMS-600-patrol-boat-capt-04-05-22.jpg","2023-11-16",686,15073,3,"380-686150733","11/16/2023"
"16507","Ukraine","Ukraine","5 UMS-1000 patrol boat (Sea Guard)","damaged","https://i.postimg.cc/sfhswL6V/2500-bg22-capt.jpg","2023-11-16",687,15074,2,"380-687150742","11/16/2023"
"16508","Ukraine","Ukraine","5 UMS-1000 patrol boat (Sea Guard)","captured","https://i.postimg.cc/sfhswL6V/2500-bg22-capt.jpg","2023-11-16",687,15074,3,"380-687150743","11/16/2023"
"16509","Ukraine","Ukraine","5 UMS-1000 patrol boat (Sea Guard)","captured","https://i.postimg.cc/kMQZ9Gw8/d9.jpg","2023-11-16",687,15075,3,"380-687150753","11/16/2023"
"16510","Ukraine","Ukraine","5 UMS-1000 patrol boat (Sea Guard)","captured","https://i.postimg.cc/HxQSpv0H/d2.jpg","2023-11-16",687,15076,3,"380-687150763","11/16/2023"
"16511","Ukraine","Ukraine","5 UMS-1000 patrol boat (Sea Guard)","captured","https://i.postimg.cc/xdWmxpyN/2002-Sea-Guard-BG23-capt-14-03-22.jpg","2023-11-16",687,15077,3,"380-687150773","11/16/2023"
"16512","Ukraine","Ukraine","5 UMS-1000 patrol boat (Sea Guard)","captured","https://i.postimg.cc/4djNchf2/2003-UMS-1000-patrol-boat-BG-25-capt-19-04-22.jpg","2023-11-16",687,15078,3,"380-687150783","11/16/2023"
"16513","Ukraine","Ukraine","4 Project 50030 Kalkan-class patrol boat (Sea Guard)","captured","https://i.postimg.cc/15KK7NBC/v7.jpg","2023-11-16",688,15079,3,"380-688150793","11/16/2023"
"16514","Ukraine","Ukraine","4 Project 50030 Kalkan-class patrol boat (Sea Guard)","captured","https://i.postimg.cc/J4hymDmd/c0.jpg","2023-11-16",688,15080,3,"380-688150803","11/16/2023"
"16515","Ukraine","Ukraine","4 Project 50030 Kalkan-class patrol boat (Sea Guard)","captured","https://i.postimg.cc/9QK1yHJC/dg.jpg","2023-11-16",688,15081,3,"380-688150813","11/16/2023"
"16516","Ukraine","Ukraine","4 Project 50030 Kalkan-class patrol boat (Sea Guard)","captured","https://i.postimg.cc/fRS41cLr/2141-Small-sea-guard-patrol-boats-capt-01-05-22.jpg","2023-11-16",688,15082,3,"380-688150823","11/16/2023"
"16517","Ukraine","Ukraine","1 Unknown patrol boat (Sea Guard)","captured","https://i.postimg.cc/7LS17G5n/g9.jpg","2023-11-16",689,15083,3,"380-689150833","11/16/2023"
"16518","Ukraine","Soviet Union","1 KrAZ-214","destroyed","https://i.postimg.cc/qqmmt6Nz/1002.jpg","2023-11-16",690,15084,1,"380-690150841","11/16/2023"
"16519","Ukraine","Soviet Union","17 KrAZ-255B","destroyed","https://i.postimg.cc/ZqGVW10V/2031-Kr-AZ-255-B-destr-03-06-23.jpg","2023-11-16",691,15085,1,"380-691150851","11/16/2023"
"16520","Ukraine","Soviet Union","17 KrAZ-255B","destroyed","https://i.postimg.cc/SxxWfdC2/769.png","2023-11-16",691,15086,1,"380-691150861","11/16/2023"
"16521","Ukraine","Soviet Union","17 KrAZ-255B","destroyed","https://i.postimg.cc/dVbmXF10/2022-11-13-UA-Kr-AZ-255-B-destroyed.jpg","2023-11-16",691,15087,1,"380-691150871","11/16/2023"
"16522","Ukraine","Soviet Union","17 KrAZ-255B","destroyed","https://i.postimg.cc/VvkjML7K/2022-11-13-UA-Kr-AZ-255-B-destroyed-2.jpg","2023-11-16",691,15088,1,"380-691150881","11/16/2023"
"16523","Ukraine","Soviet Union","17 KrAZ-255B","destroyed","https://i.postimg.cc/C1hHMGmc/2022-04-24-UA-Kr-AZ-6322.jpg","2023-11-16",691,15089,1,"380-691150891","11/16/2023"
"16524","Ukraine","Soviet Union","17 KrAZ-255B","destroyed","https://i.postimg.cc/FHstn6gy/2003-Kr-AZ-255-B-truck-destr-01-05-23.jpg","2023-11-16",691,15090,1,"380-691150901","11/16/2023"
"16525","Ukraine","Soviet Union","17 KrAZ-255B","destroyed","https://i.postimg.cc/cCrr5wrm/2014-Kr-AZ-255-B-destr-12-11-22.jpg","2023-11-16",691,15091,1,"380-691150911","11/16/2023"
"16526","Ukraine","Soviet Union","17 KrAZ-255B","destroyed","https://i.postimg.cc/qRBty9rW/2015-Kr-AZ-255-B-destr-12-11-22.jpg","2023-11-16",691,15092,1,"380-691150921","11/16/2023"
"16527","Ukraine","Soviet Union","17 KrAZ-255B","destroyed","https://i.postimg.cc/rwSzb8Fv/2016-Kr-AZ-255-B-destr-12-11-22.jpg","2023-11-16",691,15093,1,"380-691150931","11/16/2023"
"16528","Ukraine","Soviet Union","17 KrAZ-255B","destroyed","https://i.postimg.cc/FKHfghYY/2005-Kr-AZ-255-B-destr-24-09-22.jpg","2023-11-16",691,15094,1,"380-691150941","11/16/2023"
"16529","Ukraine","Soviet Union","17 KrAZ-255B","destroyed","https://postimg.cc/qhzGzYkn","2023-11-16",691,15095,1,"380-691150951","11/16/2023"
"16530","Ukraine","Soviet Union","17 KrAZ-255B","destroyed","https://i.postimg.cc/fTM2FsNZ/327.png","2023-11-16",691,15096,1,"380-691150961","11/16/2023"
"16531","Ukraine","Soviet Union","17 KrAZ-255B","captured","https://i.postimg.cc/G2jDGvM1/Screenshot-9319.png","2023-11-16",691,15097,3,"380-691150973","11/16/2023"
"16532","Ukraine","Soviet Union","17 KrAZ-255B","captured","https://i.postimg.cc/g2gTpp0b/415.png","2023-11-16",691,15098,3,"380-691150983","11/16/2023"
"16533","Ukraine","Soviet Union","17 KrAZ-255B","captured","https://i.postimg.cc/5tf3zRcG/225.png","2023-11-16",691,15099,3,"380-691150993","11/16/2023"
"16534","Ukraine","Soviet Union","KrAZ-260","captured","https://i.postimg.cc/C5r6DZvN/776.png","2023-11-16",692,15100,3,"380-692151003","11/16/2023"
"16535","Ukraine","Soviet Union","KrAZ-260","captured","https://i.postimg.cc/NjFSSs6g/43i.jpg","2023-11-16",692,15101,3,"380-692151013","11/16/2023"
"16536","Ukraine","Soviet Union","KrAZ-260","captured","https://postimg.cc/0zycVdBZ","2023-11-16",692,15102,3,"380-692151023","11/16/2023"
"16537","Ukraine","Ukraine","KrAZ-6322","destroyed","https://i.postimg.cc/0QMkBhwk/Screenshot-8021.png","2023-11-16",693,15103,1,"380-693151031","11/16/2023"
"16538","Ukraine","Ukraine","KrAZ-6322","destroyed","https://i.postimg.cc/rpSkR4S2/2000-Kr-AZ-6322-destr-03-03-23.jpg","2023-11-16",693,15104,1,"380-693151041","11/16/2023"
"16539","Ukraine","Ukraine","KrAZ-6322","destroyed","https://i.postimg.cc/yxSqxF6N/2005-Kr-AZ-6322-destr-28-02-23.jpg","2023-11-16",693,15105,1,"380-693151051","11/16/2023"
"16540","Ukraine","Ukraine","KrAZ-6322","destroyed","https://i.postimg.cc/vBdfY7td/Screenshot-8019.png","2023-11-16",693,15106,1,"380-693151061","11/16/2023"
"16541","Ukraine","Ukraine","KrAZ-6322","destroyed","https://i.postimg.cc/BZjGgMFV/1004-t72b3.jpg","2023-11-16",693,665,1,"380-6936651","11/16/2023"
"16542","Ukraine","Ukraine","KrAZ-6322","destroyed","https://i.postimg.cc/sfWCv4wL/s3.png","2023-11-16",693,15107,1,"380-693151071","11/16/2023"
"16543","Ukraine","Ukraine","KrAZ-6322","destroyed","https://i.postimg.cc/L5k9q4Vc/2217.png","2023-11-16",693,15108,1,"380-693151081","11/16/2023"
"16544","Ukraine","Ukraine","KrAZ-6322","destroyed","https://i.postimg.cc/QC4vXLRx/2001-Kraz-6322-destr-23-01-23.jpg","2023-11-16",693,15109,1,"380-693151091","11/16/2023"
"16545","Ukraine","Ukraine","KrAZ-6322","destroyed","https://i.postimg.cc/FzYYNfCX/2022-11-13-UA-Kr-AZ-6322-destroyed.jpg","2023-11-16",693,15110,1,"380-693151101","11/16/2023"
"16546","Ukraine","Ukraine","KrAZ-6322","destroyed","https://i.postimg.cc/C1FDTxVw/2022-11-13-UA-Kr-AZ-6322-destroyed-2.jpg","2023-11-16",693,15111,1,"380-693151111","11/16/2023"
"16547","Ukraine","Ukraine","KrAZ-6322","destroyed","https://i.postimg.cc/G2QFHsjB/2022-11-13-UA-Kr-AZ-6322-destroyed-3.jpg","2023-11-16",693,15112,1,"380-693151121","11/16/2023"
"16548","Ukraine","Ukraine","KrAZ-6322","destroyed","https://i.postimg.cc/yNDh5XND/2022-04-07-Kr-AZ-6322-destroyed.jpg","2023-11-16",693,15113,1,"380-693151131","11/16/2023"
"16549","Ukraine","Ukraine","KrAZ-6322","destroyed","https://i.postimg.cc/TwmPMLRt/2002-Kraz-pontoon-bridge-truck.jpg","2023-11-16",693,15114,1,"380-693151141","11/16/2023"
"16550","Ukraine","Ukraine","KrAZ-6322","destroyed","https://i.postimg.cc/Qd9Tqh7G/2010-Kr-AZ-6322-destr-06-04-22.jpg","2023-11-16",693,15115,1,"380-693151151","11/16/2023"
"16551","Ukraine","Ukraine","KrAZ-6322","destroyed","https://i.postimg.cc/GtQMg1rx/2008-Kr-AZ-6322-destr-15-07-22.jpg","2023-11-16",693,15116,1,"380-693151161","11/16/2023"
"16552","Ukraine","Ukraine","KrAZ-6322","destroyed","https://i.postimg.cc/sXvZJTzw/54k.png","2023-11-16",693,15117,1,"380-693151171","11/16/2023"
"16553","Ukraine","Ukraine","KrAZ-6322","destroyed","https://i.postimg.cc/ZYdDY9T4/2010-Kra-AZ-6322-destr-07-05-23.jpg","2023-11-16",693,15118,1,"380-693151181","11/16/2023"
"16554","Ukraine","Ukraine","KrAZ-6322","destroyed","https://i.postimg.cc/YCngX9Lh/2026-1x-Kr-AZ-6322-2x-gaz66-destr-04-06-23.jpg","2023-11-16",693,15119,1,"380-693151191","11/16/2023"
"16555","Ukraine","Ukraine","KrAZ-6322","destroyed","https://i.postimg.cc/NGrCTt2V/2011-Kr-AZ-6322-destr-02-07-23.jpg","2023-11-16",693,15120,1,"380-693151201","11/16/2023"
"16556","Ukraine","Ukraine","KrAZ-6322","destroyed","https://i.postimg.cc/MH2R4n19/2004-Kraz-6322-Soldat-destr-31-07-23.jpg","2023-11-16",693,15121,1,"380-693151211","11/16/2023"
"16557","Ukraine","Ukraine","KrAZ-6322","destroyed","https://i.postimg.cc/q7HGTHXG/3320.png","2023-11-16",693,15122,1,"380-693151221","11/16/2023"
"16558","Ukraine","Ukraine","KrAZ-6322","destroyed","https://i.postimg.cc/Nj3djHYm/4460.png","2023-11-16",693,15123,1,"380-693151231","11/16/2023"
"16559","Ukraine","Ukraine","KrAZ-6322","destroyed","https://i.postimg.cc/tJRzFpvz/43f4.png","2023-11-16",693,15124,1,"380-693151241","11/16/2023"
"16560","Ukraine","Ukraine","KrAZ-6322","destroyed","https://i.postimg.cc/CKyVWVjq/75.png","2023-11-16",693,15125,1,"380-693151251","11/16/2023"
"16561","Ukraine","Ukraine","KrAZ-6322","destroyed","https://i.postimg.cc/ZqjwVxBf/329.png","2023-11-16",693,15126,1,"380-693151261","11/16/2023"
"16562","Ukraine","Ukraine","KrAZ-6322","destroyed","https://i.postimg.cc/cCpzggzn/335.png","2023-11-16",693,15127,1,"380-693151271","11/16/2023"
"16563","Ukraine","Ukraine","KrAZ-6322","destroyed","https://i.postimg.cc/nzRJ8yr5/2480.png","2023-11-16",693,15128,1,"380-693151281","11/16/2023"
"16564","Ukraine","Ukraine","KrAZ-6322","destroyed","https://i.postimg.cc/T11TpRBf/257.png","2023-11-16",693,15129,1,"380-693151291","11/16/2023"
"16565","Ukraine","Ukraine","KrAZ-6322","destroyed","https://i.postimg.cc/NLh3H5Lk/2006-2x-Kr-AZ-6322-destr-28-02-23.jpg","2023-11-16",693,15130,1,"380-693151301","11/16/2023"
"16566","Ukraine","Ukraine","KrAZ-6322","destroyed","https://i.postimg.cc/YS4M4vh2/2013-Kr-AZ-6322-destr-31-10-23.jpg","2023-11-16",693,15131,1,"380-693151311","11/16/2023"
"16567","Ukraine","Ukraine","KrAZ-6322","captured","https://postimg.cc/v4CPT4hN","2023-11-16",693,15132,3,"380-693151323","11/16/2023"
"16568","Ukraine","Ukraine","KrAZ-6322","captured","https://i.postimg.cc/8c7GjB1r/31.png","2023-11-16",693,15133,3,"380-693151333","11/16/2023"
"16569","Ukraine","Ukraine","KrAZ-6322","captured","https://postimg.cc/jC9nGySm","2023-11-16",693,15134,3,"380-693151343","11/16/2023"
"16570","Ukraine","Ukraine","KrAZ-6322","captured","https://i.postimg.cc/m2sVjnKd/44311.png","2023-11-16",693,15135,3,"380-693151353","11/16/2023"
"16571","Ukraine","Ukraine","KrAZ-6322","captured","https://i.postimg.cc/QMb9yCQx/447.png","2023-11-16",693,15136,3,"380-693151363","11/16/2023"
"16572","Ukraine","Ukraine","KrAZ-6322","captured","https://i.postimg.cc/hvdD2hLs/479.png","2023-11-16",693,15137,3,"380-693151373","11/16/2023"
"16573","Ukraine","Ukraine","KrAZ-6322","captured","https://i.postimg.cc/5NWBD7d7/1007.png","2023-11-16",693,15138,3,"380-693151383","11/16/2023"
"16574","Ukraine","Ukraine","KrAZ-6322","captured","https://i.postimg.cc/fTv9pMvy/1008.png","2023-11-16",693,15139,3,"380-693151393","11/16/2023"
"16575","Ukraine","Ukraine","KrAZ-6322","captured","https://postimg.cc/0zzW9YYS","2023-11-16",693,15140,3,"380-693151403","11/16/2023"
"16576","Ukraine","Ukraine","KrAZ-6322","captured","https://postimg.cc/G9jSKh34","2023-11-16",693,15141,3,"380-693151413","11/16/2023"
"16577","Ukraine","Ukraine","KrAZ-6322","captured","https://i.postimg.cc/BvCS3ctn/2003-Kr-AZ6322-capt-04-03-22.jpg","2023-11-16",693,15142,3,"380-693151423","11/16/2023"
"16578","Ukraine","Ukraine","KrAZ-6322","captured","https://i.postimg.cc/CxJcYL9Z/2002-Kr-AZ-6322-capt-11-06-22.jpg","2023-11-16",693,15143,3,"380-693151433","11/16/2023"
"16579","Ukraine","Ukraine","KrAZ-6322 Raptor","destroyed","https://i.postimg.cc/285nK3Pj/2000-Bogdan-63172-Kozak-destr.jpg","2023-11-16",694,15144,1,"380-694151441","11/16/2023"
"16580","Ukraine","Ukraine","KrAZ-6322 Raptor","captured","https://postimg.cc/ZW6sBKXz","2023-11-16",694,15145,3,"380-694151453","11/16/2023"
"16581","Ukraine","Ukraine","KrAZ-6322 Raptor","captured","https://postimg.cc/9zx6C0Hx","2023-11-16",694,15146,3,"380-694151463","11/16/2023"
"16582","Ukraine","Ukraine","KrAZ-6322 Raptor","captured","https://i.postimg.cc/pVFKmp2r/2007-UA-Kr-AZ-6322-capt.jpg","2023-11-16",694,15147,3,"380-694151473","11/16/2023"
"16583","Ukraine","Ukraine","KrAZ-6322 Raptor","captured","https://i.postimg.cc/rwnCQYq6/2022-03-01-UA-Kr-AZ-6322-captured-1.jpg","2023-11-16",694,15148,3,"380-694151483","11/16/2023"
"16584","Ukraine","Ukraine","KrAZ-6322 Raptor","captured","https://i.postimg.cc/QtPKnKS6/2011-Kr-AZ-6322-capt-26-02-22.jpg","2023-11-16",694,15149,3,"380-694151493","11/16/2023"
"16585","Ukraine","Ukraine","2 KrAZ-6446","destroyed","https://i.postimg.cc/L50Dsqg1/2012-Kr-AZ-6446-capt-17-06-22.jpg","2023-11-16",695,15150,1,"380-695151501","11/16/2023"
"16586","Ukraine","Ukraine","2 KrAZ-6446","destroyed","https://i.postimg.cc/5yPVR40G/2006-Kr-AZ-6446-destr-03-10-23.jpg","2023-11-16",695,15151,1,"380-695151511","11/16/2023"
"16587","Ukraine","Ukraine","KrAZ-5233","destroyed","https://i.postimg.cc/jSJW85jm/64.jpg","2023-11-16",696,15152,1,"380-696151521","11/16/2023"
"16588","Ukraine","Ukraine","KrAZ-5233","destroyed","https://i.postimg.cc/3JQbBs2Q/287.png","2023-11-16",696,15153,1,"380-696151531","11/16/2023"
"16589","Ukraine","Ukraine","KrAZ-5233","destroyed","https://i.postimg.cc/CxnhNhSb/2004-Kr-AZ-5233-destr-30-04-22.jpg","2023-11-16",696,15154,1,"380-696151541","11/16/2023"
"16590","Ukraine","Ukraine","KrAZ-5233","destroyed","https://i.postimg.cc/hPHsycCC/2701.jpg","2023-11-16",696,15155,1,"380-696151551","11/16/2023"
"16591","Ukraine","Ukraine","KrAZ-5233","destroyed","https://i.postimg.cc/T2sNcP8r/2030-Kr-AZ-5233-destr-29-08-22.jpg","2023-11-16",696,15156,1,"380-696151561","11/16/2023"
"16592","Ukraine","Ukraine","KrAZ-5233","destroyed","https://i.postimg.cc/7Pg2YVww/2016-Kr-AZ-5233-destr-30-04-22.jpg","2023-11-16",696,15157,1,"380-696151571","11/16/2023"
"16593","Ukraine","Ukraine","KrAZ-5233","destroyed","https://i.postimg.cc/sfh1MQ1x/2009-Kr-AZ-5233-destr-12-01-23.jpg","2023-11-16",696,15158,1,"380-696151581","11/16/2023"
"16594","Ukraine","Ukraine","KrAZ-5233","destroyed","https://i.postimg.cc/FR3F4Y5w/2008-Kr-AZ-5322-destr-26-02-23.jpg","2023-11-16",696,15159,1,"380-696151591","11/16/2023"
"16595","Ukraine","Ukraine","KrAZ-5233","destroyed","https://i.postimg.cc/k52sy9Vh/4f221.png","2023-11-16",696,15160,1,"380-696151601","11/16/2023"
"16596","Ukraine","Ukraine","KrAZ-5233","destroyed","https://i.postimg.cc/hvv6sQ7j/2022-kraz6322-destr-15-04-22.jpg","2023-11-16",696,15161,1,"380-696151611","11/16/2023"
"16597","Ukraine","Ukraine","KrAZ-5233","destroyed","https://i.postimg.cc/4Ny50z39/2022-04-10-Kr-AZ-5233-destroyed-2.jpg","2023-11-16",696,15162,1,"380-696151621","11/16/2023"
"16598","Ukraine","Ukraine","KrAZ-5233","destroyed","https://i.postimg.cc/HsN21VJP/2022-04-10-UA-Kr-AZ-5233-destroyed.jpg","2023-11-16",696,15163,1,"380-696151631","11/16/2023"
"16599","Ukraine","Ukraine","KrAZ-5233","destroyed","https://i.postimg.cc/BQGGrBnJ/427.png","2023-11-16",696,15164,1,"380-696151641","11/16/2023"
"16600","Ukraine","Ukraine","KrAZ-5233","destroyed","https://i.postimg.cc/T1K6HNRN/2002-Kr-AZ-5233-destr-25-02-22.jpg","2023-11-16",696,15165,1,"380-696151651","11/16/2023"
"16601","Ukraine","Ukraine","KrAZ-5233","damaged","https://i.postimg.cc/76VQgYxg/5g9.png","2023-11-16",696,15166,2,"380-696151662","11/16/2023"
"16602","Ukraine","Ukraine","KrAZ-5233","captured","https://i.postimg.cc/fR5HJv28/dd11.png","2023-11-16",696,15167,3,"380-696151673","11/16/2023"
"16603","Ukraine","Ukraine","KrAZ-5233","captured","https://i.postimg.cc/sfJzxw3j/776.png","2023-11-16",696,15168,3,"380-696151683","11/16/2023"
"16604","Ukraine","Ukraine","KrAZ-5233","captured","https://i.postimg.cc/vmpRN9VB/480.png","2023-11-16",696,15169,3,"380-696151693","11/16/2023"
"16605","Ukraine","Ukraine","KrAZ-5233","captured","https://i.postimg.cc/jq49zBZC/480.png","2023-11-16",696,15170,3,"380-696151703","11/16/2023"
"16606","Ukraine","Ukraine","KrAZ-5233","captured","https://i.postimg.cc/265Nhxbz/393.png","2023-11-16",696,15171,3,"380-696151713","11/16/2023"
"16607","Ukraine","Ukraine","KrAZ-5233","captured","https://i.postimg.cc/kgbQvfh1/d16.png","2023-11-16",696,15172,3,"380-696151723","11/16/2023"
"16608","Ukraine","Ukraine","KrAZ-5233","captured","https://twitter.com/UAWeapons/status/1545021775846817792","2023-11-16",696,14030,3,"380-696140303","11/16/2023"
"16609","Ukraine","Ukraine","KrAZ-5233","captured","https://postimg.cc/kB31MsSj","2023-11-16",696,15173,3,"380-696151733","11/16/2023"
"16610","Ukraine","Ukraine","KrAZ-5233","captured","https://i.postimg.cc/2ymcx5p5/2018-Kr-AZ-5233-capt-04-06-22.jpg","2023-11-16",696,15174,3,"380-696151743","11/16/2023"
"16611","Ukraine","Ukraine","KrAZ-5233","captured","https://i.postimg.cc/mkZZN7gr/2003-Kr-AZ-5233-capt-20-06-22.jpg","2023-11-16",696,15175,3,"380-696151753","11/16/2023"
"16612","Ukraine","Ukraine","KrAZ-5233","captured","https://i.postimg.cc/50CwqJ19/5444.png","2023-11-16",696,15176,3,"380-696151763","11/16/2023"
"16613","Ukraine","Ukraine","KrAZ-5233","damaged","https://i.postimg.cc/MT0QM4sL/33311.png","2023-11-16",696,15177,2,"380-696151772","11/16/2023"
"16614","Ukraine","Ukraine","KrAZ-5233","captured","https://i.postimg.cc/MT0QM4sL/33311.png","2023-11-16",696,15177,3,"380-696151773","11/16/2023"
"16615","Ukraine","Ukraine","KrAZ-5233","captured","https://i.postimg.cc/CK34jkkQ/2004-Kr-AZ-5233-capt-28-02-22.jpg","2023-11-16",696,15178,3,"380-696151783","11/16/2023"
"16616","Ukraine","Ukraine","KrAZ-5233","captured","https://i.postimg.cc/L5yR6Mjq/2009-kraz5322-capt-01-03-22.jpg","2023-11-16",696,15179,3,"380-696151793","11/16/2023"
"16617","Ukraine","Ukraine","KrAZ-5233","captured","https://i.postimg.cc/fWxRgjt0/555g.png","2023-11-16",696,15180,3,"380-696151803","11/16/2023"
"16618","Ukraine","Soviet Union","1 ATs-10-260 Fuel Tanker","destroyed","https://i.postimg.cc/yNJmp5dK/truck2.jpg","2023-11-16",697,15181,1,"380-697151811","11/16/2023"
"16619","Ukraine","Ukraine","Bogdan-5316","destroyed","https://i.postimg.cc/6pr9sdqZ/Screenshot-8019.png","2023-11-16",698,15182,1,"380-698151821","11/16/2023"
"16620","Ukraine","Ukraine","Bogdan-5316","destroyed","https://i.postimg.cc/52g8DrqH/n1.png","2023-11-16",698,15183,1,"380-698151831","11/16/2023"
"16621","Ukraine","Ukraine","Bogdan-5316","destroyed","https://i.postimg.cc/L6dvbgC5/v48.png","2023-11-16",698,15184,1,"380-698151841","11/16/2023"
"16622","Ukraine","Ukraine","Bogdan-5316","destroyed","https://i.postimg.cc/mrXBssWx/416.png","2023-11-16",698,15185,1,"380-698151851","11/16/2023"
"16623","Ukraine","Ukraine","Bogdan-5316","destroyed","https://postimg.cc/TyhVz2dc","2023-11-16",698,15186,1,"380-698151861","11/16/2023"
"16624","Ukraine","Ukraine","Bogdan-5316","destroyed","https://i.postimg.cc/7hDsysm3/2003-Ma-Z-5316-destr.jpg","2023-11-16",698,15187,1,"380-698151871","11/16/2023"
"16625","Ukraine","Ukraine","Bogdan-5316","destroyed","https://i.postimg.cc/cC2ZgbyT/16.png","2023-11-16",698,15188,1,"380-698151881","11/16/2023"
"16626","Ukraine","Ukraine","Bogdan-5316","damaged","https://i.postimg.cc/L6ZKgBD7/4ff.png","2023-11-16",698,15189,2,"380-698151892","11/16/2023"
"16627","Ukraine","Ukraine","Bogdan-63172","destroyed","https://i.postimg.cc/nL8S357x/6h.png","2023-11-16",699,15190,1,"380-699151901","11/16/2023"
"16628","Ukraine","Ukraine","Bogdan-63172","destroyed","https://i.postimg.cc/26dvvmgq/t12.png","2023-11-16",699,15191,1,"380-699151911","11/16/2023"
"16629","Ukraine","Ukraine","Bogdan-63172","destroyed","https://i.postimg.cc/g25vbgv0/t11.png","2023-11-16",699,15192,1,"380-699151921","11/16/2023"
"16630","Ukraine","Ukraine","Bogdan-63172","destroyed","https://i.postimg.cc/5NBFhrqB/223.png","2023-11-16",699,15193,1,"380-699151931","11/16/2023"
"16631","Ukraine","Ukraine","Bogdan-63172","destroyed","https://i.postimg.cc/DfttyLxg/4r.png","2023-11-16",699,15194,1,"380-699151941","11/16/2023"
"16632","Ukraine","Ukraine","Bogdan-63172","destroyed","https://i.postimg.cc/TPmQqZVc/d2.png","2023-11-16",699,13748,1,"380-699137481","11/16/2023"
"16633","Ukraine","Ukraine","Bogdan-63172","destroyed","https://i.postimg.cc/CM77xFvk/5542.png","2023-11-16",699,15195,1,"380-699151951","11/16/2023"
"16634","Ukraine","Ukraine","Bogdan-63172","destroyed","https://i.postimg.cc/qqmmt6Nz/1002.jpg","2023-11-16",699,15084,1,"380-699150841","11/16/2023"
"16635","Ukraine","Ukraine","Bogdan-63172","destroyed","https://i.postimg.cc/sDfHVsCc/3.png","2023-11-16",699,15196,1,"380-699151961","11/16/2023"
"16636","Ukraine","Ukraine","Bogdan-63172","destroyed","https://i.postimg.cc/Rh2qWKBD/2022-03-16-UA-Bogdan-63172-destroyed.jpg","2023-11-16",699,15197,1,"380-699151971","11/16/2023"
"16637","Ukraine","Ukraine","Bogdan-63172","destroyed","https://i.postimg.cc/4NktmXr4/2022-06-03-UA-Bogdan-63172-destroyed-1.jpg","2023-11-16",699,15198,1,"380-699151981","11/16/2023"
"16638","Ukraine","Ukraine","Bogdan-63172","destroyed","https://i.postimg.cc/QC5T0zWr/2022-06-03-UA-Bogdan-63172-destroyed-2.jpg","2023-11-16",699,15199,1,"380-699151991","11/16/2023"
"16639","Ukraine","Ukraine","Bogdan-63172","destroyed","https://i.postimg.cc/RCnKSW-pb/2022-06-03-UA-Bogdan-63172-destroyed-3.jpg","2023-11-16",699,15200,1,"380-699152001","11/16/2023"
"16640","Ukraine","Ukraine","Bogdan-63172","destroyed","https://i.postimg.cc/ZKDN3CCx/2008-Bogdan-63172-destr-24-02-22.jpg","2023-11-16",699,15201,1,"380-699152011","11/16/2023"
"16641","Ukraine","Ukraine","Bogdan-63172","destroyed","https://i.postimg.cc/6qtvmMLp/2005-Bogdan-63172-destr-26-02-22.jpg","2023-11-16",699,15202,1,"380-699152021","11/16/2023"
"16642","Ukraine","Ukraine","Bogdan-63172","destroyed","https://postlmg.cc/KK4YbxCx","2023-11-16",699,15203,1,"380-699152031","11/16/2023"
"16643","Ukraine","Ukraine","Bogdan-63172","destroyed","https://i.postimg.cc/T3MkZH31/2001-Bogdan-63172-destr-03-07-22.jpg","2023-11-16",699,15204,1,"380-699152041","11/16/2023"
"16644","Ukraine","Ukraine","Bogdan-63172","destroyed","https://i.postimg.cc/0jht5VGt/2034-Bogdan-63172-destr-24-10-22.jpg","2023-11-16",699,15205,1,"380-699152051","11/16/2023"
"16645","Ukraine","Ukraine","Bogdan-63172","destroyed","https://i.postimg.cc/BnThscjg/2038-Bogdan-63172-destr-29-03-22.jpg","2023-11-16",699,15206,1,"380-699152061","11/16/2023"
"16646","Ukraine","Ukraine","Bogdan-63172","destroyed","https://i.postimg.cc/hPHsycCC/2701.jpg","2023-11-16",699,15155,1,"380-699151551","11/16/2023"
"16647","Ukraine","Ukraine","Bogdan-63172","destroyed","https://i.postimg.cc/vZnP5dV0/h.png","2023-11-16",699,15207,1,"380-699152071","11/16/2023"
"16648","Ukraine","Ukraine","Bogdan-63172","destroyed","https://i.postimg.cc/FzKjjs1h/2012-Bogdan-63172-destr-30-04-22.jpg","2023-11-16",699,15208,1,"380-699152081","11/16/2023"
"16649","Ukraine","Ukraine","Bogdan-63172","damaged","https://i.postimg.cc/9fRbHBdp/f3.png","2023-11-16",699,15209,2,"380-699152092","11/16/2023"
"16650","Ukraine","Ukraine","Bogdan-63172","damaged","https://i.postimg.cc/HLT6Lc5C/2020-Bogdan-63172-dam-10-03-22.jpg","2023-11-16",699,15210,2,"380-699152102","11/16/2023"
"16651","Ukraine","Ukraine","Bogdan-63172","abandoned","https://i.postimg.cc/ZRVpWfKB/Screenshot-8260.png","2023-11-16",699,15211,4,"380-699152114","11/16/2023"
"16652","Ukraine","Ukraine","Bogdan-63172","abandoned","https://i.postimg.cc/hP4hp8v6/d46.png","2023-11-16",699,15212,4,"380-699152124","11/16/2023"
"16653","Ukraine","Ukraine","Bogdan-63172","captured","https://i.postimg.cc/7LSW8dKp/35.png","2023-11-16",699,15213,3,"380-699152133","11/16/2023"
"16654","Ukraine","Ukraine","Bogdan-63172","captured","https://twitter.com/naalsio26/status/1659011517675712513","2023-11-16",699,7628,3,"380-69976283","11/16/2023"
"16655","Ukraine","Ukraine","Bogdan-63172","captured","https://i.postimg.cc/mg80yFh0/442.png","2023-11-16",699,15214,3,"380-699152143","11/16/2023"
"16656","Ukraine","Ukraine","Bogdan-63172 'Kozak'","destroyed","https://i.postimg.cc/g20xqXnG/1003.png","2023-11-16",700,15215,1,"380-700152151","11/16/2023"
"16657","Ukraine","Ukraine","Bogdan-63172 'Kozak'","destroyed","https://i.postimg.cc/bwMsxYp7/2022-07-08-UA-Bogdan-63172-Kozak-destroyed.jpg","2023-11-16",700,15216,1,"380-700152161","11/16/2023"
"16658","Ukraine","Ukraine","Bogdan-63172 'Kozak'","captured","https://i.postimg.cc/x8sypSG9/5g2.png","2023-11-16",700,15217,3,"380-700152173","11/16/2023"
"16659","Ukraine","Soviet Union","9T217 transloader (for 9K33 Osa)","destroyed","https://i.postimg.cc/3JNY4mLP/Screenshot-8124.png","2023-11-16",369,15218,1,"380-369152181","11/16/2023"
"16660","Ukraine","Soviet Union","9T217 transloader (for 9K33 Osa)","destroyed","https://i.postimg.cc/Fsftzq6V/3116.png","2023-11-16",369,15219,1,"380-369152191","11/16/2023"
"16661","Ukraine","Soviet Union","9T217 transloader (for 9K33 Osa)","destroyed","https://i.postimg.cc/D0nQ5hY6/2001-osa-transloader-destr.jpg","2023-11-16",369,15220,1,"380-369152201","11/16/2023"
"16662","Ukraine","Soviet Union","9T217 transloader (for 9K33 Osa)","destroyed","https://i.postimg.cc/5NhHyxWy/2019-9-T217-transloader-for-9-K33-M3-OSA-AKM-destr-16-11-22.jpg","2023-11-16",369,15221,1,"380-369152211","11/16/2023"
"16663","Ukraine","Soviet Union","2 GAZ-53","captured","https://i.postimg.cc/rs16vXPJ/2018-GAZ-53-capt-27-02-22.jpg","2023-11-16",701,15222,3,"380-701152223","11/16/2023"
"16664","Ukraine","Soviet Union","2 GAZ-53","captured","https://i.postimg.cc/J7ZWyZzk/2019-GAZ-53-capt-27-02-22.jpg","2023-11-16",701,15223,3,"380-701152233","11/16/2023"
"16665","Ukraine","Soviet Union","2 GAZ-63","destroyed","https://i.postimg.cc/vZ7sdvHn/f4.png","2023-11-16",702,15224,1,"380-702152241","11/16/2023"
"16666","Ukraine","Soviet Union","2 GAZ-63","destroyed","https://i.postimg.cc/bvPSkwr1/2022-11-13-UA-GAZ-63-destroyed.jpg","2023-11-16",702,15225,1,"380-702152251","11/16/2023"
"16667","Ukraine","Soviet Union","108 GAZ-66","destroyed","https://postimg.cc/PP20VdH5","2023-11-16",703,15226,1,"380-703152261","11/16/2023"
"16668","Ukraine","Soviet Union","108 GAZ-66","destroyed","https://i.postimg.cc/hjdXLc6L/4f.png","2023-11-16",703,15227,1,"380-703152271","11/16/2023"
"16669","Ukraine","Soviet Union","108 GAZ-66","destroyed","https://i.postimg.cc/8PzD9FYh/f23.png","2023-11-16",703,15228,1,"380-703152281","11/16/2023"
"16670","Ukraine","Soviet Union","108 GAZ-66","destroyed","https://i.postimg.cc/4xrgYWx5/f235.png","2023-11-16",703,15229,1,"380-703152291","11/16/2023"
"16671","Ukraine","Soviet Union","108 GAZ-66","destroyed","https://i.postimg.cc/SQ1Xb993/r3.png","2023-11-16",703,15230,1,"380-703152301","11/16/2023"
"16672","Ukraine","Soviet Union","108 GAZ-66","destroyed","https://i.postimg.cc/PqdfwfZ1/r3.png","2023-11-16",703,15231,1,"380-703152311","11/16/2023"
"16673","Ukraine","Soviet Union","108 GAZ-66","destroyed","https://i.postimg.cc/43VV4DVy/Screenshot-9318.png","2023-11-16",703,15232,1,"380-703152321","11/16/2023"
"16674","Ukraine","Soviet Union","108 GAZ-66","destroyed","https://i.postimg.cc/0QHyTC2v/sa.png","2023-11-16",703,15233,1,"380-703152331","11/16/2023"
"16675","Ukraine","Soviet Union","108 GAZ-66","destroyed","https://i.postimg.cc/Lsnxj6d4/g8.png","2023-11-16",703,15234,1,"380-703152341","11/16/2023"
"16676","Ukraine","Soviet Union","108 GAZ-66","destroyed","https://i.postimg.cc/0QFPwLNj/33180.png","2023-11-16",703,15235,1,"380-703152351","11/16/2023"
"16677","Ukraine","Soviet Union","108 GAZ-66","destroyed","https://i.postimg.cc/qqgqjtjy/16.png","2023-11-16",703,15236,1,"380-703152361","11/16/2023"
"16678","Ukraine","Soviet Union","108 GAZ-66","destroyed","https://i.postimg.cc/s20y2R1W/542.png","2023-11-16",703,15237,1,"380-703152371","11/16/2023"
"16679","Ukraine","Soviet Union","108 GAZ-66","destroyed","https://i.postimg.cc/28rLyFdN/798.jpg","2023-11-16",703,15238,1,"380-703152381","11/16/2023"
"16680","Ukraine","Soviet Union","108 GAZ-66","destroyed","https://i.postimg.cc/MHYc7Wm7/588.png","2023-11-16",703,15239,1,"380-703152391","11/16/2023"
"16681","Ukraine","Soviet Union","108 GAZ-66","destroyed","https://postlmg.cc/3d1mgF34","2023-11-16",703,15240,1,"380-703152401","11/16/2023"
"16682","Ukraine","Soviet Union","108 GAZ-66","destroyed","https://i.postimg.cc/SN5W7BYL/d46.png","2023-11-16",703,15241,1,"380-703152411","11/16/2023"
"16683","Ukraine","Soviet Union","108 GAZ-66","destroyed","https://i.postimg.cc/tTFdQZ3L/1004.png","2023-11-16",703,15242,1,"380-703152421","11/16/2023"
"16684","Ukraine","Soviet Union","108 GAZ-66","destroyed","https://i.postimg.cc/MT13RQF4/2014-gaz66-destr-30-01-23.jpg","2023-11-16",703,15243,1,"380-703152431","11/16/2023"
"16685","Ukraine","Soviet Union","108 GAZ-66","destroyed","https://i.postimg.cc/gj9TG17c/Screenshot-8228.png","2023-11-16",703,14143,1,"380-703141431","11/16/2023"
"16686","Ukraine","Soviet Union","108 GAZ-66","destroyed","https://i.postimg.cc/jScSwHTb/Screenshot-8020.png","2023-11-16",703,15244,1,"380-703152441","11/16/2023"
"16687","Ukraine","Soviet Union","108 GAZ-66","destroyed","https://postlmg.cc/NykN8HC4","2023-11-16",703,15245,1,"380-703152451","11/16/2023"
"16688","Ukraine","Soviet Union","108 GAZ-66","destroyed","https://i.postimg.cc/MGNbFHBs/Gaz-66-destroyed.png","2023-11-16",703,15246,1,"380-703152461","11/16/2023"
"16689","Ukraine","Soviet Union","108 GAZ-66","destroyed","https://i.postimg.cc/J459PP5s/65.png","2023-11-16",703,15247,1,"380-703152471","11/16/2023"
"16690","Ukraine","Soviet Union","108 GAZ-66","destroyed","https://i.postimg.cc/Zq3ZcmmP/443.png","2023-11-16",703,15248,1,"380-703152481","11/16/2023"
"16691","Ukraine","Soviet Union","108 GAZ-66","destroyed","https://i.postimg.cc/N0nx31kj/UA-GAZ-66-Zil-130-Ural-4320-destroyed.png","2023-11-16",703,15249,1,"380-703152491","11/16/2023"
"16692","Ukraine","Soviet Union","108 GAZ-66","destroyed","https://i.postimg.cc/76SBXK09/5770.png","2023-11-16",703,15250,1,"380-703152501","11/16/2023"
"16693","Ukraine","Soviet Union","108 GAZ-66","destroyed","https://i.postimg.cc/tRkWqrbf/2009-gaz66-destr-24-02-22.jpg","2023-11-16",703,15251,1,"380-703152511","11/16/2023"
"16694","Ukraine","Soviet Union","108 GAZ-66","destroyed","https://i.postimg.cc/htKMLg22/279.png","2023-11-16",703,15252,1,"380-703152521","11/16/2023"
"16695","Ukraine","Soviet Union","108 GAZ-66","destroyed","https://i.postimg.cc/MK0xCBvm/2005-zil131-with-zu232-destr-01-11-22.jpg","2023-11-16",703,15253,1,"380-703152531","11/16/2023"
"16696","Ukraine","Soviet Union","108 GAZ-66","destroyed","https://i.postimg.cc/SK2X0Lg0/2014-gaz66-destr-16-04-22.jpg","2023-11-16",703,15254,1,"380-703152541","11/16/2023"
"16697","Ukraine","Soviet Union","108 GAZ-66","destroyed","https://i.postimg.cc/MZ3M5zjv/2009-GAZ66-destr-27-11-22.jpg","2023-11-16",703,15255,1,"380-703152551","11/16/2023"
"16698","Ukraine","Soviet Union","108 GAZ-66","destroyed","https://i.postimg.cc/zXfWVnXf/2005-GAZ-66-destr-16-11-22.jpg","2023-11-16",703,15256,1,"380-703152561","11/16/2023"
"16699","Ukraine","Soviet Union","108 GAZ-66","destroyed","https://i.postimg.cc/ydX9SjZD/2006-GAZ-66-destr-14-11-22.jpg","2023-11-16",703,15257,1,"380-703152571","11/16/2023"
"16700","Ukraine","Soviet Union","108 GAZ-66","destroyed","https://i.postimg.cc/8PJRkw5q/2001-gaz66-destr-22-11-22.jpg","2023-11-16",703,15258,1,"380-703152581","11/16/2023"
"16701","Ukraine","Soviet Union","108 GAZ-66","destroyed","https://i.postimg.cc/nrtpCBQK/2020-gaz66-destr-16-07-22.jpg","2023-11-16",703,15259,1,"380-703152591","11/16/2023"
"16702","Ukraine","Soviet Union","108 GAZ-66","destroyed","https://i.postimg.cc/sg0mgtXy/2000-gaz66-destr-16-03-23.jpg","2023-11-16",703,15260,1,"380-703152601","11/16/2023"
"16703","Ukraine","Soviet Union","108 GAZ-66","destroyed","https://i.postimg.cc/65bVLMRH/tr1.png","2023-11-16",703,15261,1,"380-703152611","11/16/2023"
"16704","Ukraine","Soviet Union","108 GAZ-66","destroyed","https://i.postimg.cc/xdtH83Cv/g7.png","2023-11-16",703,15262,1,"380-703152621","11/16/2023"
"16705","Ukraine","Soviet Union","108 GAZ-66","destroyed","https://i.postimg.cc/L8RWbHFR/2023-gaz66-destr-24-02-22.jpg","2023-11-16",703,15263,1,"380-703152631","11/16/2023"
"16706","Ukraine","Soviet Union","108 GAZ-66","destroyed","https://i.postimg.cc/KY8HmJYH/2027-gaz66-destr-01-10-22.jpg","2023-11-16",703,15264,1,"380-703152641","11/16/2023"
"16707","Ukraine","Soviet Union","108 GAZ-66","destroyed","https://i.postimg.cc/J46gfsKt/16.png","2023-11-16",703,15265,1,"380-703152651","11/16/2023"
"16708","Ukraine","Soviet Union","108 GAZ-66","destroyed","https://i.postimg.cc/ZnW46GHW/2017-gaz66-destr-10-05-23.jpg","2023-11-16",703,15266,1,"380-703152661","11/16/2023"
"16709","Ukraine","Soviet Union","108 GAZ-66","destroyed","https://i.postimg.cc/Jn1Gym7g/2017-gaz66-destr-10-05-23.jpg","2023-11-16",703,15267,1,"380-703152671","11/16/2023"
"16710","Ukraine","Soviet Union","108 GAZ-66","destroyed","https://i.postimg.cc/j5gdL7Fw/2027-GAZ-66-destr-09-08-22.jpg","2023-11-16",703,15268,1,"380-703152681","11/16/2023"
"16711","Ukraine","Soviet Union","108 GAZ-66","destroyed","https://i.postimg.cc/vmymjMnB/2028-GAZ-66-destr-29-12-22.jpg","2023-11-16",703,15269,1,"380-703152691","11/16/2023"
"16712","Ukraine","Soviet Union","108 GAZ-66","destroyed","https://i.postimg.cc/gkfjV3k3/2031-GAZ-66-destr-29-08-22.jpg","2023-11-16",703,15270,1,"380-703152701","11/16/2023"
"16713","Ukraine","Soviet Union","108 GAZ-66","destroyed","https://i.postimg.cc/25x5NJdx/2032-GAZ-66-destr-30-08-22.jpg","2023-11-16",703,15271,1,"380-703152711","11/16/2023"
"16714","Ukraine","Soviet Union","108 GAZ-66","destroyed","https://i.postimg.cc/3RJx8BnQ/2033-GAZ-66-destr-22-04-22.jpg","2023-11-16",703,15272,1,"380-703152721","11/16/2023"
"16715","Ukraine","Soviet Union","108 GAZ-66","destroyed","https://i.postimg.cc/6qqq00vf/2035-GAZ-66-destr-03-03-22.jpg","2023-11-16",703,15273,1,"380-703152731","11/16/2023"
"16716","Ukraine","Soviet Union","108 GAZ-66","destroyed","https://i.postimg.cc/YCchb4k6/2010-GAZ-66-destr-12-11-22.jpg","2023-11-16",703,15274,1,"380-703152741","11/16/2023"
"16717","Ukraine","Soviet Union","108 GAZ-66","destroyed","https://i.postimg.cc/tCns3d0R/2011-GAZ-66-destr-25-03-23.jpg","2023-11-16",703,15275,1,"380-703152751","11/16/2023"
"16718","Ukraine","Soviet Union","108 GAZ-66","destroyed","https://i.postimg.cc/YCngX9Lh/2026-1x-Kr-AZ-6322-2x-gaz66-destr-04-06-23.jpg","2023-11-16",703,15119,1,"380-703151191","11/16/2023"
"16719","Ukraine","Soviet Union","108 GAZ-66","destroyed","https://i.postimg.cc/g0jydRbV/2011-GAZ-66-dam-19-05-23.jpg","2023-11-16",703,15276,1,"380-703152761","11/16/2023"
"16720","Ukraine","Soviet Union","108 GAZ-66","destroyed","https://i.postimg.cc/1tm1LshC/2046-GAZ-66-destr-14-06-23.jpg","2023-11-16",703,15277,1,"380-703152771","11/16/2023"
"16721","Ukraine","Soviet Union","108 GAZ-66","destroyed","https://i.postimg.cc/W3QhvrXZ/2008-GAZ-66-destr-16-06-23.jpg","2023-11-16",703,15278,1,"380-703152781","11/16/2023"
"16722","Ukraine","Soviet Union","108 GAZ-66","destroyed","https://i.postimg.cc/3JjWskpy/2014-GAZ-66-destr-20-01-23.jpg","2023-11-16",703,15279,1,"380-703152791","11/16/2023"
"16723","Ukraine","Soviet Union","108 GAZ-66","destroyed","https://i.postimg.cc/BbDhKhLJ/2001-gaz66-destr-17-07-23.jpg","2023-11-16",703,15280,1,"380-703152801","11/16/2023"
"16724","Ukraine","Soviet Union","108 GAZ-66","destroyed","https://i.postimg.cc/D0XdT9KD/2002-gaz66-destr-18-12-22.jpg","2023-11-16",703,15281,1,"380-703152811","11/16/2023"
"16725","Ukraine","Soviet Union","108 GAZ-66","destroyed","https://i.postimg.cc/FKWhchBx/2021-GAZ-66-destr-31-12-22.jpg","2023-11-16",703,15282,1,"380-703152821","11/16/2023"
"16726","Ukraine","Soviet Union","108 GAZ-66","destroyed","https://i.postimg.cc/Qtvs40s9/2026-GAZ-66-destr-07-05-22.jpg","2023-11-16",703,15283,1,"380-703152831","11/16/2023"
"16727","Ukraine","Soviet Union","108 GAZ-66","destroyed","https://i.postimg.cc/WzFZDdp1/2013-GAZ-66-destr-07-07-23.jpg","2023-11-16",703,15284,1,"380-703152841","11/16/2023"
"16728","Ukraine","Soviet Union","108 GAZ-66","destroyed","https://i.postimg.cc/fLjcFH3q/2024-GAZ-66-destr-09-08-23.jpg","2023-11-16",703,15285,1,"380-703152851","11/16/2023"
"16729","Ukraine","Soviet Union","108 GAZ-66","destroyed","https://i.postimg.cc/Vvfqcjnf/2025-GAZ-66-destr-12-08-23.jpg","2023-11-16",703,15286,1,"380-703152861","11/16/2023"
"16730","Ukraine","Soviet Union","108 GAZ-66","destroyed","https://i.postimg.cc/vm7g13cr/44f3.png","2023-11-16",703,15287,1,"380-703152871","11/16/2023"
"16731","Ukraine","Soviet Union","108 GAZ-66","destroyed","https://i.postimg.cc/T1gG3YdC/3315.png","2023-11-16",703,15288,1,"380-703152881","11/16/2023"
"16732","Ukraine","Soviet Union","108 GAZ-66","destroyed","https://i.postimg.cc/SKj1B46K/6530.png","2023-11-16",703,15289,1,"380-703152891","11/16/2023"
"16733","Ukraine","Soviet Union","108 GAZ-66","destroyed","https://i.postimg.cc/1tt7ZQDt/438.png","2023-11-16",703,15290,1,"380-703152901","11/16/2023"
"16734","Ukraine","Soviet Union","108 GAZ-66","destroyed","https://i.postimg.cc/4dRGk0dW/515.png","2023-11-16",703,15291,1,"380-703152911","11/16/2023"
"16735","Ukraine","Soviet Union","108 GAZ-66","destroyed","https://i.postimg.cc/V6cdCct4/2006-GAZ-66-destr-16-05-23.jpg","2023-11-16",703,15292,1,"380-703152921","11/16/2023"
"16736","Ukraine","Soviet Union","108 GAZ-66","damaged","https://i.postimg.cc/SNdYcxnP/2021-GAZ66-dam-27-02-22.jpg","2023-11-16",703,15293,2,"380-703152932","11/16/2023"
"16737","Ukraine","Soviet Union","108 GAZ-66","damaged","https://i.postimg.cc/gj9TG17c/Screenshot-8228.png","2023-11-16",703,14143,2,"380-703141432","11/16/2023"
"16738","Ukraine","Soviet Union","108 GAZ-66","abandoned","https://i.postimg.cc/gj9TG17c/Screenshot-8228.png","2023-11-16",703,14143,4,"380-703141434","11/16/2023"
"16739","Ukraine","Soviet Union","108 GAZ-66","abandoned","https://i.postimg.cc/qvyKsBvd/Screenshot-8260.png","2023-11-16",703,15294,4,"380-703152944","11/16/2023"
"16740","Ukraine","Soviet Union","108 GAZ-66","damaged","https://i.postimg.cc/wj9wSs48/2015-GAZ-66-dam-aband-09-07-23.jpg","2023-11-16",703,15295,2,"380-703152952","11/16/2023"
"16741","Ukraine","Soviet Union","108 GAZ-66","abandoned","https://i.postimg.cc/wj9wSs48/2015-GAZ-66-dam-aband-09-07-23.jpg","2023-11-16",703,15295,4,"380-703152954","11/16/2023"
"16742","Ukraine","Soviet Union","108 GAZ-66","damaged","https://i.postimg.cc/prPjVJt8/688.jpg","2023-11-16",703,15296,2,"380-703152962","11/16/2023"
"16743","Ukraine","Soviet Union","108 GAZ-66","captured","https://i.postimg.cc/prPjVJt8/688.jpg","2023-11-16",703,15296,3,"380-703152963","11/16/2023"
"16744","Ukraine","Soviet Union","108 GAZ-66","damaged","https://i.postimg.cc/65xFtXnZ/2004.jpg","2023-11-16",703,15297,2,"380-703152972","11/16/2023"
"16745","Ukraine","Soviet Union","108 GAZ-66","captured","https://i.postimg.cc/65xFtXnZ/2004.jpg","2023-11-16",703,15297,3,"380-703152973","11/16/2023"
"16746","Ukraine","Soviet Union","108 GAZ-66","captured","https://i.postimg.cc/VLr5Xr51/542f.png","2023-11-16",703,15298,3,"380-703152983","11/16/2023"
"16747","Ukraine","Soviet Union","108 GAZ-66","captured","https://i.postimg.cc/Z507F6Jx/659.png","2023-11-16",703,15299,3,"380-703152993","11/16/2023"
"16748","Ukraine","Soviet Union","108 GAZ-66","captured","https://i.postimg.cc/gkG63gXS/g2.png","2023-11-16",703,15300,3,"380-703153003","11/16/2023"
"16749","Ukraine","Soviet Union","108 GAZ-66","captured","https://i.postimg.cc/Y0MjfS9G/43.png","2023-11-16",703,15301,3,"380-703153013","11/16/2023"
"16750","Ukraine","Soviet Union","108 GAZ-66","captured","https://i.postimg.cc/h40ThkyZ/4370.png","2023-11-16",703,15302,3,"380-703153023","11/16/2023"
"16751","Ukraine","Soviet Union","108 GAZ-66","captured","https://i.postimg.cc/xdmGTg40/386.png","2023-11-16",703,15303,3,"380-703153033","11/16/2023"
"16752","Ukraine","Soviet Union","108 GAZ-66","captured","https://i.postimg.cc/jSPZqkrv/776.png","2023-11-16",703,15304,3,"380-703153043","11/16/2023"
"16753","Ukraine","Soviet Union","108 GAZ-66","captured","https://i.postimg.cc/9MGPZgQM/Screenshot-8017.png","2023-11-16",703,15305,3,"380-703153053","11/16/2023"
"16754","Ukraine","Soviet Union","108 GAZ-66","captured","https://i.postimg.cc/pddP8SJY/Screenshot-8138.png","2023-11-16",703,15306,3,"380-703153063","11/16/2023"
"16755","Ukraine","Soviet Union","108 GAZ-66","captured","https://i.postimg.cc/Ls7FP8X2/Screenshot-8161.png","2023-11-16",703,15307,3,"380-703153073","11/16/2023"
"16756","Ukraine","Soviet Union","108 GAZ-66","captured","https://i.postimg.cc/s21R1h3T/Screenshot-8160.png","2023-11-16",703,15308,3,"380-703153083","11/16/2023"
"16757","Ukraine","Soviet Union","108 GAZ-66","captured","https://i.postimg.cc/6QKvXBw6/Screenshot-8148.png","2023-11-16",703,15309,3,"380-703153093","11/16/2023"
"16758","Ukraine","Soviet Union","108 GAZ-66","captured","https://i.postimg.cc/6QCMtvY4/3d.jpg","2023-11-16",703,15310,3,"380-703153103","11/16/2023"
"16759","Ukraine","Soviet Union","108 GAZ-66","captured","https://i.postimg.cc/Bbst1r4s/2025-GAZ66-capt-19-04-22.jpg","2023-11-16",703,15311,3,"380-703153113","11/16/2023"
"16760","Ukraine","Soviet Union","108 GAZ-66","captured","https://i.postimg.cc/Cxj4pQ45/87.png","2023-11-16",703,15312,3,"380-703153123","11/16/2023"
"16761","Ukraine","Soviet Union","108 GAZ-66","captured","https://i.postimg.cc/rFZ5bm4k/588.png","2023-11-16",703,13121,3,"380-703131213","11/16/2023"
"16762","Ukraine","Soviet Union","108 GAZ-66","captured","https://i.postimg.cc/NGCNSPrF/4433.png","2023-11-16",703,15313,3,"380-703153133","11/16/2023"
"16763","Ukraine","Soviet Union","108 GAZ-66","captured","https://i.postimg.cc/ZKrb3H8r/14.png","2023-11-16",703,15314,3,"380-703153143","11/16/2023"
"16764","Ukraine","Soviet Union","108 GAZ-66","captured","https://i.postimg.cc/wBSHD9mX/2012-GAZ-66-capt-29-07-22.jpg","2023-11-16",703,15315,3,"380-703153153","11/16/2023"
"16765","Ukraine","Soviet Union","108 GAZ-66","captured","https://postimg.cc/JsnnQ5TW","2023-11-16",703,15316,3,"380-703153163","11/16/2023"
"16766","Ukraine","Soviet Union","108 GAZ-66","captured","https://i.postimg.cc/yNymWq1g/2114.jpg","2023-11-16",703,15317,3,"380-703153173","11/16/2023"
"16767","Ukraine","Soviet Union","108 GAZ-66","captured","https://i.postimg.cc/qR4Nyztq/113.png","2023-11-16",703,15318,3,"380-703153183","11/16/2023"
"16768","Ukraine","Soviet Union","108 GAZ-66","captured","https://i.postimg.cc/P5ksMxmY/33r56.png","2023-11-16",703,15319,3,"380-703153193","11/16/2023"
"16769","Ukraine","Soviet Union","108 GAZ-66","captured","https://i.postimg.cc/ZR7JBb8k/2016-gaz66-capt-04-03-22.jpg","2023-11-16",703,15320,3,"380-703153203","11/16/2023"
"16770","Ukraine","Soviet Union","108 GAZ-66","captured","https://i.postimg.cc/Y98f1yCk/2029-GAZ-66-capt-28-07-22.jpg","2023-11-16",703,15321,3,"380-703153213","11/16/2023"
"16771","Ukraine","Soviet Union","108 GAZ-66","captured","https://i.postimg.cc/MT3cJ0K8/2013-GAZ-66-capt-13-06-22.jpg","2023-11-16",703,15322,3,"380-703153223","11/16/2023"
"16772","Ukraine","Soviet Union","GAZ-66 tanker","destroyed","https://i.postimg.cc/MG9wC3jh/4ff.png","2023-11-16",704,15323,1,"380-704153231","11/16/2023"
"16773","Ukraine","Soviet Union","2 GAZ-3308","destroyed","https://i.postimg.cc/YSx4dv6v/2022-09-23-UA-GAZ-3308.jpg","2023-11-16",705,15324,1,"380-705153241","11/16/2023"
"16774","Ukraine","Soviet Union","2 GAZ-3308","captured","https://i.postimg.cc/cCyy94XC/2017-GAZ-3308-capt-27-02-22.jpg","2023-11-16",705,15325,3,"380-705153253","11/16/2023"
"16775","Ukraine","Soviet Union","GAZ-3308 tanker","destroyed","https://i.postimg.cc/3wP6j42F/363.png","2023-11-16",706,15326,1,"380-706153261","11/16/2023"
"16776","Ukraine","Soviet Union","ZiL-130","destroyed","https://i.postimg.cc/SxLW3hgy/59.png","2023-11-16",707,15327,1,"380-707153271","11/16/2023"
"16777","Ukraine","Soviet Union","ZiL-130","destroyed","https://i.postimg.cc/N0nx31kj/UA-GAZ-66-Zil-130-Ural-4320-destroyed.png","2023-11-16",707,15249,1,"380-707152491","11/16/2023"
"16778","Ukraine","Soviet Union","ZiL-130","destroyed","https://i.postimg.cc/sXdtcb7F/2022-11-13-UA-Zi-L-130-destroyed-x2.jpg","2023-11-16",707,15328,1,"380-707153281","11/16/2023"
"16779","Ukraine","Soviet Union","ZiL-130","destroyed","https://i.postimg.cc/c1FLhkGQ/65.png","2023-11-16",707,15329,1,"380-707153291","11/16/2023"
"16780","Ukraine","Soviet Union","ZiL-130","destroyed","https://i.postimg.cc/xdyPzpbY/2011-Zi-L-130-destr-07-05-22.jpg","2023-11-16",707,15330,1,"380-707153301","11/16/2023"
"16781","Ukraine","Soviet Union","ZiL-130","destroyed","https://i.postimg.cc/sfqwNcRq/2006-Zi-L-130-06-07-22.jpg","2023-11-16",707,15331,1,"380-707153311","11/16/2023"
"16782","Ukraine","Soviet Union","ZiL-130","captured","https://i.postimg.cc/NFY7ntN8/2005-zil130-capt-28-02-22.jpg","2023-11-16",707,15332,3,"380-707153323","11/16/2023"
"16783","Ukraine","Soviet Union","2 ZiL-130 tanker","destroyed","https://i.postimg.cc/Ss70j0Vj/Tanker-destroyed.png","2023-11-16",708,15333,1,"380-708153331","11/16/2023"
"16784","Ukraine","Soviet Union","2 ZiL-130 tanker","destroyed","https://i.postimg.cc/1R26krMn/2003-Zi-L-130-tanker-destr-30-07-23.jpg","2023-11-16",708,15334,1,"380-708153341","11/16/2023"
"16785","Ukraine","Soviet Union","ZiL-131","destroyed","https://i.postimg.cc/t4mkVgHr/36.png","2023-11-16",709,15335,1,"380-709153351","11/16/2023"
"16786","Ukraine","Soviet Union","ZiL-131","destroyed","https://i.postimg.cc/kgPHnGM8/j8.png","2023-11-16",709,15336,1,"380-709153361","11/16/2023"
"16787","Ukraine","Soviet Union","ZiL-131","destroyed","https://i.postimg.cc/yxvN7tc3/69.png","2023-11-16",709,15337,1,"380-709153371","11/16/2023"
"16788","Ukraine","Soviet Union","ZiL-131","destroyed","https://i.postimg.cc/TPjprZk7/g7889.png","2023-11-16",709,15338,1,"380-709153381","11/16/2023"
"16789","Ukraine","Soviet Union","ZiL-131","destroyed","https://i.postimg.cc/3wXqjPj0/Screenshot-8077.png","2023-11-16",709,15339,1,"380-709153391","11/16/2023"
"16790","Ukraine","Soviet Union","ZiL-131","destroyed","https://i.postimg.cc/K8Zh5MxD/ty.png","2023-11-16",709,15340,1,"380-709153401","11/16/2023"
"16791","Ukraine","Soviet Union","ZiL-131","destroyed","https://i.postimg.cc/qqgqjtjy/16.png","2023-11-16",709,15236,1,"380-709152361","11/16/2023"
"16792","Ukraine","Soviet Union","ZiL-131","destroyed","https://i.postimg.cc/zfNvWFGV/1010.png","2023-11-16",709,15341,1,"380-709153411","11/16/2023"
"16793","Ukraine","Soviet Union","ZiL-131","destroyed","https://i.postimg.cc/x1L3Q8pt/2003-zil131-destr-03-03-23.jpg","2023-11-16",709,15342,1,"380-709153421","11/16/2023"
"16794","Ukraine","Soviet Union","ZiL-131","destroyed","https://i.postimg.cc/kMyYwYw2/f25.png","2023-11-16",709,15343,1,"380-709153431","11/16/2023"
"16795","Ukraine","Soviet Union","ZiL-131","destroyed","https://i.postimg.cc/FKs7bJSX/2004-ZIL-131-truck-with-ZU-23-2-destr-11-11-23.jpg","2023-11-16",709,15344,1,"380-709153441","11/16/2023"
"16796","Ukraine","Soviet Union","ZiL-131","destroyed","https://i.postimg.cc/vmzFrynH/688.png","2023-11-16",709,15345,1,"380-709153451","11/16/2023"
"16797","Ukraine","Soviet Union","ZiL-131","destroyed","https://i.postimg.cc/g0hRyMFD/4378.png","2023-11-16",709,15346,1,"380-709153461","11/16/2023"
"16798","Ukraine","Soviet Union","ZiL-131","destroyed","https://i.postimg.cc/YC4h80sW/699.png","2023-11-16",709,15347,1,"380-709153471","11/16/2023"
"16799","Ukraine","Soviet Union","ZiL-131","destroyed","https://i.postimg.cc/4NWLzZWJ/2019-zil131-destr-26-03-22.jpg","2023-11-16",709,15348,1,"380-709153481","11/16/2023"
"16800","Ukraine","Soviet Union","ZiL-131","destroyed","https://i.postimg.cc/Sxs8sWC3/39.png","2023-11-16",709,15349,1,"380-709153491","11/16/2023"
"16801","Ukraine","Soviet Union","ZiL-131","destroyed","https://i.postimg.cc/fRjwqY7k/438.png","2023-11-16",709,15350,1,"380-709153501","11/16/2023"
"16802","Ukraine","Soviet Union","ZiL-131","destroyed","https://i.postimg.cc/8PbzrMFn/6588.jpg","2023-11-16",709,15351,1,"380-709153511","11/16/2023"
"16803","Ukraine","Soviet Union","ZiL-131","destroyed","https://i.postimg.cc/L8LbrN1L/584.png","2023-11-16",709,15352,1,"380-709153521","11/16/2023"
"16804","Ukraine","Soviet Union","ZiL-131","destroyed","https://i.postimg.cc/TY8njjkJ/2116.jpg","2023-11-16",709,15353,1,"380-709153531","11/16/2023"
"16805","Ukraine","Soviet Union","ZiL-131","destroyed","https://i.postimg.cc/4ygjV7j4/2115.jpg","2023-11-16",709,15354,1,"380-709153541","11/16/2023"
"16806","Ukraine","Soviet Union","ZiL-131","destroyed","https://postimg.cc/njV33h6t","2023-11-16",709,15355,1,"380-709153551","11/16/2023"
"16807","Ukraine","Soviet Union","ZiL-131","destroyed","https://i.postimg.cc/CKNMhdv2/f4.png","2023-11-16",709,15356,1,"380-709153561","11/16/2023"
"16808","Ukraine","Soviet Union","ZiL-131","destroyed","https://i.postimg.cc/0NBngdSQ/2022-09-27-UA-Zi-L-131-with-ZU-23.jpg","2023-11-16",709,15357,1,"380-709153571","11/16/2023"
"16809","Ukraine","Soviet Union","ZiL-131","destroyed","https://i.postimg.cc/G2CKKhn3/2022-09-27-UA-Zi-L-131.jpg","2023-11-16",709,15358,1,"380-709153581","11/16/2023"
"16810","Ukraine","Soviet Union","ZiL-131","destroyed","https://i.postimg.cc/xjvjNhqv/Zil-131-and-kung-destroyed.png","2023-11-16",709,15359,1,"380-709153591","11/16/2023"
"16811","Ukraine","Soviet Union","ZiL-131","destroyed","https://postimg.cc/RWqQbqqK","2023-11-16",709,15360,1,"380-709153601","11/16/2023"
"16812","Ukraine","Soviet Union","ZiL-131","destroyed","https://i.postimg.cc/Cx5mHb2y/287.png","2023-11-16",709,15361,1,"380-709153611","11/16/2023"
"16813","Ukraine","Soviet Union","ZiL-131","destroyed","https://postlmg.cc/CRBsBVwd","2023-11-16",709,15362,1,"380-709153621","11/16/2023"
"16814","Ukraine","Soviet Union","ZiL-131","destroyed","https://i.postimg.cc/GtfsyPTp/2022-11-13-UA-Zi-L-131-destroyed-x3.jpg","2023-11-16",709,15363,1,"380-709153631","11/16/2023"
"16815","Ukraine","Soviet Union","ZiL-131","destroyed","https://i.postimg.cc/yN0XCGgy/2022-11-13-UA-Zi-L-131-destroyed-3.jpg","2023-11-16",709,15364,1,"380-709153641","11/16/2023"
"16816","Ukraine","Soviet Union","ZiL-131","destroyed","https://i.postimg.cc/jqM6TP5m/2022-11-13-UA-Zi-L-131-destroyed-2.jpg","2023-11-16",709,15365,1,"380-709153651","11/16/2023"
"16817","Ukraine","Soviet Union","ZiL-131","destroyed","https://i.postimg.cc/9M8D6PpB/2022-11-13-UA-Zi-L-131-destroyed.jpg","2023-11-16",709,15366,1,"380-709153661","11/16/2023"
"16818","Ukraine","Soviet Union","ZiL-131","destroyed","https://i.postimg.cc/SNBF5gkX/2022-04-05-UA-Zi-L-131-destroyed-Irpin.jpg","2023-11-16",709,15367,1,"380-709153671","11/16/2023"
"16819","Ukraine","Soviet Union","ZiL-131","destroyed","https://i.postimg.cc/JhHxfMgf/2022-04-07-UA-Zi-L-131-destroyed.jpg","2023-11-16",709,15368,1,"380-709153681","11/16/2023"
"16820","Ukraine","Soviet Union","ZiL-131","destroyed","https://i.postimg.cc/PJsG86G7/2022-05-03-UA-Zi-L-131-destroyed.jpg","2023-11-16",709,15369,1,"380-709153691","11/16/2023"
"16821","Ukraine","Soviet Union","ZiL-131","destroyed","https://i.postimg.cc/ydqfyrT1/2022-07-21-UA-Zi-L-131-destroyed.jpg","2023-11-16",709,15370,1,"380-709153701","11/16/2023"
"16822","Ukraine","Soviet Union","ZiL-131","destroyed","https://i.postimg.cc/Y024KnHf/2006-Zil131-with-Zu23-2-destr.jpg","2023-11-16",709,15371,1,"380-709153711","11/16/2023"
"16823","Ukraine","Soviet Union","ZiL-131","destroyed","https://i.postimg.cc/XJ8y1ZPP/1011-zil131-destr.jpg","2023-11-16",709,15372,1,"380-709153721","11/16/2023"
"16824","Ukraine","Soviet Union","ZiL-131","destroyed","https://i.postimg.cc/8PzRB6j3/2015-Zi-L-131-destr-02-03-22.jpg","2023-11-16",709,15373,1,"380-709153731","11/16/2023"
"16825","Ukraine","Soviet Union","ZiL-131","destroyed","https://i.postimg.cc/0jdMW8cb/2020-Zi-L131-destr-27-02-22.jpg","2023-11-16",709,15374,1,"380-709153741","11/16/2023"
"16826","Ukraine","Soviet Union","ZiL-131","destroyed","https://i.postimg.cc/MH9Q9Gtx/2007-Zi-L131-destr-24-02-22.jpg","2023-11-16",709,15375,1,"380-709153751","11/16/2023"
"16827","Ukraine","Soviet Union","ZiL-131","destroyed","https://i.postimg.cc/VNKCnVtP/2018-Zi-L-131-destr-22-12-22.jpg","2023-11-16",709,15376,1,"380-709153761","11/16/2023"
"16828","Ukraine","Soviet Union","ZiL-131","destroyed","https://i.postimg.cc/mZ63GKbY/2005-Zi-L-131-destr-25-02-22.jpg","2023-11-16",709,15377,1,"380-709153771","11/16/2023"
"16829","Ukraine","Soviet Union","ZiL-131","destroyed","https://postimg.cc/2VyHQjMk","2023-11-16",709,15378,1,"380-709153781","11/16/2023"
"16830","Ukraine","Soviet Union","ZiL-131","destroyed","https://postimg.cc/m12m6TrS","2023-11-16",709,15379,1,"380-709153791","11/16/2023"
"16831","Ukraine","Soviet Union","ZiL-131","destroyed","https://i.postimg.cc/BvRtxyXG/2005-zil131-destr-13-04-22.jpg","2023-11-16",709,15380,1,"380-709153801","11/16/2023"
"16832","Ukraine","Soviet Union","ZiL-131","destroyed","https://i.postimg.cc/T1fV0k8S/2014-zil131-destr-06-08-22.jpg","2023-11-16",709,15381,1,"380-709153811","11/16/2023"
"16833","Ukraine","Soviet Union","ZiL-131","destroyed","https://i.postimg.cc/ncqjQ8S5/335.png","2023-11-16",709,15382,1,"380-709153821","11/16/2023"
"16834","Ukraine","Soviet Union","ZiL-131","destroyed","https://i.postimg.cc/brSvvfHn/2001-zil131-destr-01-04-23.jpg","2023-11-16",709,15383,1,"380-709153831","11/16/2023"
"16835","Ukraine","Soviet Union","ZiL-131","destroyed","https://i.postimg.cc/13mCkHjp/a12.png","2023-11-16",709,15384,1,"380-709153841","11/16/2023"
"16836","Ukraine","Soviet Union","ZiL-131","destroyed","https://i.postimg.cc/LsWMPVPz/2012-Zi-L-131-destr-27-02-22.jpg","2023-11-16",709,15385,1,"380-709153851","11/16/2023"
"16837","Ukraine","Soviet Union","ZiL-131","destroyed","https://i.postimg.cc/hGvDN6w5/2000-zil131-destr-29-04-23.jpg","2023-11-16",709,15386,1,"380-709153861","11/16/2023"
"16838","Ukraine","Soviet Union","ZiL-131","destroyed","https://i.postimg.cc/x1tjxnsm/2010-Zi-L-131-destr-01-05-23.jpg","2023-11-16",709,15387,1,"380-709153871","11/16/2023"
"16839","Ukraine","Soviet Union","ZiL-131","destroyed","https://i.postimg.cc/k5hWdBvs/2021-Zi-L-131-destr-27-04-22.jpg","2023-11-16",709,15388,1,"380-709153881","11/16/2023"
"16840","Ukraine","Soviet Union","ZiL-131","destroyed","https://i.postimg.cc/3NQ4Kp4X/2022-Zil131-destr-16-07-22.jpg","2023-11-16",709,15389,1,"380-709153891","11/16/2023"
"16841","Ukraine","Soviet Union","ZiL-131","destroyed","https://i.postimg.cc/MTMVZqsS/2023-Zil131-destr-21-07-22.jpg","2023-11-16",709,15390,1,"380-709153901","11/16/2023"
"16842","Ukraine","Soviet Union","ZiL-131","destroyed","https://i.postimg.cc/ZKcBSWTN/2025-Zi-L131-destr-07-01-23.jpg","2023-11-16",709,15391,1,"380-709153911","11/16/2023"
"16843","Ukraine","Soviet Union","ZiL-131","destroyed","https://i.postimg.cc/Qt25HwPW/2026-Zi-L131-destr-16-01-23.jpg","2023-11-16",709,15392,1,"380-709153921","11/16/2023"
"16844","Ukraine","Soviet Union","ZiL-131","destroyed","https://i.postimg.cc/8cdFs5Mq/2036-Zi-L-131-destr-03-03-22.jpg","2023-11-16",709,15393,1,"380-709153931","11/16/2023"
"16845","Ukraine","Soviet Union","ZiL-131","destroyed","https://i.postimg.cc/kggVX74p/2039-Zi-L-131-destr-25-11-22.jpg","2023-11-16",709,15394,1,"380-709153941","11/16/2023"
"16846","Ukraine","Soviet Union","ZiL-131","destroyed","https://twitter.com/UAWeapons/status/1660366358691868672","2023-11-16",709,15395,1,"380-709153951","11/16/2023"
"16847","Ukraine","Soviet Union","ZiL-131","destroyed","https://i.postimg.cc/VNDpLCkn/2003-Zi-L-131-destr-02-08-22.jpg","2023-11-16",709,15396,1,"380-709153961","11/16/2023"
"16848","Ukraine","Soviet Union","ZiL-131","destroyed","https://i.postimg.cc/4d00pRt3/2004-Zi-L-131-destr-10-04-22.jpg","2023-11-16",709,15397,1,"380-709153971","11/16/2023"
"16849","Ukraine","Soviet Union","ZiL-131","destroyed","https://i.postimg.cc/yxSbPpXy/2005-Zi-L-131-destr-10-04-22.jpg","2023-11-16",709,15398,1,"380-709153981","11/16/2023"
"16850","Ukraine","Soviet Union","ZiL-131","destroyed","https://i.postimg.cc/9z5NNPL5/2006-Zi-L-131-destr-10-04-22.jpg","2023-11-16",709,15399,1,"380-709153991","11/16/2023"
"16851","Ukraine","Soviet Union","ZiL-131","destroyed","https://i.postimg.cc/76hcCZ5c/2007-Zi-L-131-destr-10-04-22.jpg","2023-11-16",709,15400,1,"380-709154001","11/16/2023"
"16852","Ukraine","Soviet Union","ZiL-131","destroyed","https://i.postimg.cc/vBhbBDtw/2019-Zi-L-131-destr-31-03-22.jpg","2023-11-16",709,15401,1,"380-709154011","11/16/2023"
"16853","Ukraine","Soviet Union","ZiL-131","destroyed","https://i.postimg.cc/6q1KrSPH/2021-Zi-L-131-destr-02-06-23.jpg","2023-11-16",709,15402,1,"380-709154021","11/16/2023"
"16854","Ukraine","Soviet Union","ZiL-131","destroyed","https://i.postimg.cc/1tBGnNmW/2014-Zi-L131-destr-31-08-22.jpg","2023-11-16",709,15403,1,"380-709154031","11/16/2023"
"16855","Ukraine","Soviet Union","ZiL-131","destroyed","https://i.postimg.cc/NFVrm6Wx/2015-zi-L131-destr-16-09-22.jpg","2023-11-16",709,15404,1,"380-709154041","11/16/2023"
"16856","Ukraine","Soviet Union","ZiL-131","destroyed","https://i.postimg.cc/k4ZFLnLK/2003-zil131-destr-21-12-22.jpg","2023-11-16",709,15405,1,"380-709154051","11/16/2023"
"16857","Ukraine","Soviet Union","ZiL-131","destroyed","https://i.postimg.cc/Y9KprdG6/2019-Zi-L-131-destr-17-07-23.jpg","2023-11-16",709,15406,1,"380-709154061","11/16/2023"
"16858","Ukraine","Soviet Union","ZiL-131","destroyed","https://i.postimg.cc/0NLN683J/2022-Zi-L-131-destr-31-05-22.jpg","2023-11-16",709,15407,1,"380-709154071","11/16/2023"
"16859","Ukraine","Soviet Union","ZiL-131","destroyed","https://i.postimg.cc/DZLwL9kp/2023-Zi-L-131-destr-31-05-22.jpg","2023-11-16",709,15408,1,"380-709154081","11/16/2023"
"16860","Ukraine","Soviet Union","ZiL-131","destroyed","https://i.postimg.cc/qBc7RHGz/2031-Zi-L-131-destr-31-08-22.jpg","2023-11-16",709,15409,1,"380-709154091","11/16/2023"
"16861","Ukraine","Soviet Union","ZiL-131","destroyed","https://i.postimg.cc/QMDhNSCb/2003-Zi-L-131-destr-25-07-23.jpg","2023-11-16",709,15410,1,"380-709154101","11/16/2023"
"16862","Ukraine","Soviet Union","ZiL-131","destroyed","https://i.postimg.cc/76Q7Y3kR/2005-Zi-L-131-destr-23-07-23.jpg","2023-11-16",709,15411,1,"380-709154111","11/16/2023"
"16863","Ukraine","Soviet Union","ZiL-131","destroyed","https://i.postimg.cc/VvxCXz5B/2006-Zi-L-131-destr-23-07-23.jpg","2023-11-16",709,15412,1,"380-709154121","11/16/2023"
"16864","Ukraine","Soviet Union","ZiL-131","destroyed","https://i.postimg.cc/vT0W8ctW/2005-Zi-L-131-destr-08-06-23.jpg","2023-11-16",709,15413,1,"380-709154131","11/16/2023"
"16865","Ukraine","Soviet Union","ZiL-131","destroyed","https://i.postimg.cc/6QY011dG/2021-Zi-L-131-destr-03-06-23.jpg","2023-11-16",709,15414,1,"380-709154141","11/16/2023"
"16866","Ukraine","Soviet Union","ZiL-131","destroyed","https://i.postimg.cc/VLGmmHpd/2015-Zi-L-131-destr-16-08-23.jpg","2023-11-16",709,15415,1,"380-709154151","11/16/2023"
"16867","Ukraine","Soviet Union","ZiL-131","destroyed","https://i.postimg.cc/nrmjF8wp/3360.png","2023-11-16",709,15416,1,"380-709154161","11/16/2023"
"16868","Ukraine","Soviet Union","ZiL-131","destroyed","https://i.postimg.cc/xdsTSFwf/23.png","2023-11-16",709,15417,1,"380-709154171","11/16/2023"
"16869","Ukraine","Soviet Union","ZiL-131","destroyed","https://i.postimg.cc/3RngBxMf/665.png","2023-11-16",709,15418,1,"380-709154181","11/16/2023"
"16870","Ukraine","Soviet Union","ZiL-131","destroyed","https://i.postimg.cc/1Rb8kBVB/4315.png","2023-11-16",709,15419,1,"380-709154191","11/16/2023"
"16871","Ukraine","Soviet Union","ZiL-131","destroyed","https://i.postimg.cc/4xGdC3wc/2013-Zi-L-131-destr-21-09-23.jpg","2023-11-16",709,15420,1,"380-709154201","11/16/2023"
"16872","Ukraine","Soviet Union","ZiL-131","destroyed","https://i.postimg.cc/T1TgzpZf/2010-Zi-L-131-destr-30-11-22.jpg","2023-11-16",709,15421,1,"380-709154211","11/16/2023"
"16873","Ukraine","Soviet Union","ZiL-131","destroyed","https://i.postimg.cc/kXhGyS82/2012-Zi-L-131-destr-21-09-23.jpg","2023-11-16",709,15422,1,"380-709154221","11/16/2023"
"16874","Ukraine","Soviet Union","ZiL-131","destroyed","https://i.postimg.cc/9QRMgftJ/2015-Zi-L-131-destr-12-10-23.jpg","2023-11-16",709,15423,1,"380-709154231","11/16/2023"
"16875","Ukraine","Soviet Union","ZiL-131","destroyed","https://i.postimg.cc/HLbLHPNM/2017-Zi-L-131-destr-05-10-23.jpg","2023-11-16",709,15424,1,"380-709154241","11/16/2023"
"16876","Ukraine","Soviet Union","ZiL-131","destroyed","https://i.postimg.cc/FF6mJvZM/2005-Zi-L-131-destr-27-10-23.jpg","2023-11-16",709,15425,1,"380-709154251","11/16/2023"
"16877","Ukraine","Soviet Union","ZiL-131","damaged","https://i.postimg.cc/5yLtTGDL/2010-Zi-L131-dam-12-01-23.jpg","2023-11-16",709,15426,2,"380-709154262","11/16/2023"
"16878","Ukraine","Soviet Union","ZiL-131","abandoned","https://i.postimg.cc/0j3LGCqH/Screenshot-8103.png","2023-11-16",709,15427,4,"380-709154274","11/16/2023"
"16879","Ukraine","Soviet Union","ZiL-131","captured","https://i.postimg.cc/P5Y9S2VJ/d23.png","2023-11-16",709,15428,3,"380-709154283","11/16/2023"
"16880","Ukraine","Soviet Union","ZiL-131","captured","https://i.postimg.cc/FsT4y5HJ/287.png","2023-11-16",709,15429,3,"380-709154293","11/16/2023"
"16881","Ukraine","Soviet Union","ZiL-131","captured","https://postlmg.cc/4nZKD5qC","2023-11-16",709,15430,3,"380-709154303","11/16/2023"
"16882","Ukraine","Soviet Union","ZiL-131","captured","https://i.postimg.cc/Znf3n1fc/542f.png","2023-11-16",709,15431,3,"380-709154313","11/16/2023"
"16883","Ukraine","Soviet Union","ZiL-131","captured","https://i.postimg.cc/x1HHQSgC/1301.png","2023-11-16",709,15432,3,"380-709154323","11/16/2023"
"16884","Ukraine","Soviet Union","ZiL-131","captured","https://i.postimg.cc/kXMB2DzL/43.png","2023-11-16",709,15433,3,"380-709154333","11/16/2023"
"16885","Ukraine","Soviet Union","ZiL-131","captured","https://i.postimg.cc/5tCYqTxz/5gh.png","2023-11-16",709,15434,3,"380-709154343","11/16/2023"
"16886","Ukraine","Soviet Union","ZiL-131","captured","https://i.postimg.cc/gJR5my9Q/769.png","2023-11-16",709,15435,3,"380-709154353","11/16/2023"
"16887","Ukraine","Soviet Union","ZiL-131","captured","https://i.postimg.cc/MpBn265v/Screenshot-8120.png","2023-11-16",709,15436,3,"380-709154363","11/16/2023"
"16888","Ukraine","Soviet Union","ZiL-131","captured","https://i.postimg.cc/52B628K8/776.png","2023-11-16",709,15437,3,"380-709154373","11/16/2023"
"16889","Ukraine","Soviet Union","ZiL-131","captured","https://i.postimg.cc/gjZJhhsy/14.png","2023-11-16",709,15438,3,"380-709154383","11/16/2023"
"16890","Ukraine","Soviet Union","ZiL-131","captured","https://i.postimg.cc/Fsxkm2Wh/71.png","2023-11-16",709,15439,3,"380-709154393","11/16/2023"
"16891","Ukraine","Soviet Union","ZiL-131","captured","https://i.postimg.cc/W3WjXwXL/Screenshot-8114.png","2023-11-16",709,15440,3,"380-709154403","11/16/2023"
"16892","Ukraine","Soviet Union","ZiL-131","captured","https://i.postimg.cc/WpqbXQL5/Screenshot-8113.png","2023-11-16",709,15441,3,"380-709154413","11/16/2023"
"16893","Ukraine","Soviet Union","ZiL-131","captured","https://i.postimg.cc/YCr7KPZK/Screenshot-8156.png","2023-11-16",709,15442,3,"380-709154423","11/16/2023"
"16894","Ukraine","Soviet Union","ZiL-131","captured","https://i.postimg.cc/SxghyrbX/Screenshot-8159.png","2023-11-16",709,15443,3,"380-709154433","11/16/2023"
"16895","Ukraine","Soviet Union","ZiL-131","captured","https://i.postimg.cc/jdK0P9sw/Screenshot-8123.png","2023-11-16",709,15444,3,"380-709154443","11/16/2023"
"16896","Ukraine","Soviet Union","ZiL-131","captured","https://i.postimg.cc/Dwx8tLC6/Screenshot-8135.png","2023-11-16",709,15445,3,"380-709154453","11/16/2023"
"16897","Ukraine","Soviet Union","ZiL-131","captured","https://i.postimg.cc/tTXvY0dp/Screenshot-8143.png","2023-11-16",709,15446,3,"380-709154463","11/16/2023"
"16898","Ukraine","Soviet Union","ZiL-131","captured","https://i.postimg.cc/HLj4KptJ/Screenshot-8116.png","2023-11-16",709,15447,3,"380-709154473","11/16/2023"
"16899","Ukraine","Soviet Union","ZiL-131","captured","https://i.postimg.cc/65Rmyxxy/5548.png","2023-11-16",709,15448,3,"380-709154483","11/16/2023"
"16900","Ukraine","Soviet Union","ZiL-131","captured","https://i.postimg.cc/CMqVxGPy/tt3.png","2023-11-16",709,15449,3,"380-709154493","11/16/2023"
"16901","Ukraine","Soviet Union","ZiL-131","captured","https://i.postimg.cc/66Rmy0HF/37.png","2023-11-16",709,15450,3,"380-709154503","11/16/2023"
"16902","Ukraine","Soviet Union","ZiL-131","captured","https://i.postimg.cc/BbS3BJ4w/668.jpg","2023-11-16",709,15451,3,"380-709154513","11/16/2023"
"16903","Ukraine","Soviet Union","ZiL-131","captured","https://i.postimg.cc/KzPKpVCk/Screenshot-8115.png","2023-11-16",709,15452,3,"380-709154523","11/16/2023"
"16904","Ukraine","Soviet Union","ZiL-131","captured","https://i.postimg.cc/7LSW8dKp/35.png","2023-11-16",709,15213,3,"380-709152133","11/16/2023"
"16905","Ukraine","Soviet Union","ZiL-131","captured","https://i.postimg.cc/fL9yXJ40/bf.png","2023-11-16",709,15453,3,"380-709154533","11/16/2023"
"16906","Ukraine","Soviet Union","ZiL-131","captured","https://i.postimg.cc/Bb3Fnx8v/bl.png","2023-11-16",709,15454,3,"380-709154543","11/16/2023"
"16907","Ukraine","Soviet Union","ZiL-131","captured","https://postimg.cc/87Yh4HSS","2023-11-16",709,15455,3,"380-709154553","11/16/2023"
"16908","Ukraine","Soviet Union","ZiL-131","captured","https://i.postimg.cc/fLFKfwz9/s4.png","2023-11-16",709,15456,3,"380-709154563","11/16/2023"
"16909","Ukraine","Soviet Union","ZiL-131","captured","https://i.postimg.cc/cChFLXF9/4333.png","2023-11-16",709,15457,3,"380-709154573","11/16/2023"
"16910","Ukraine","Soviet Union","ZiL-131","captured","https://i.postimg.cc/vH6XjZGt/4f6.png","2023-11-16",709,15458,3,"380-709154583","11/16/2023"
"16911","Ukraine","Soviet Union","ZiL-131","captured","https://i.postimg.cc/VkykBdTy/887k.png","2023-11-16",709,15459,3,"380-709154593","11/16/2023"
"16912","Ukraine","Soviet Union","ZiL-131","captured","https://i.postimg.cc/ryZpzJjd/2013-zil131-capt-04-03-22.jpg","2023-11-16",709,15460,3,"380-709154603","11/16/2023"
"16913","Ukraine","Soviet Union","ZiL-131","captured","https://i.postimg.cc/5tJ4Dk4r/2001-zil131-capt-04-03-22.jpg","2023-11-16",709,15461,3,"380-709154613","11/16/2023"
"16914","Ukraine","Soviet Union","ZiL-131","captured","https://i.postimg.cc/kgKM1dm8/2002-zil131-capt-04-03-22.jpg","2023-11-16",709,15462,3,"380-709154623","11/16/2023"
"16915","Ukraine","Soviet Union","ZiL-131","damaged","https://i.postimg.cc/7YDGd3yD/2024-Zi-L-131-dam-capt-29-08-22.jpg","2023-11-16",709,15463,2,"380-709154632","11/16/2023"
"16916","Ukraine","Soviet Union","ZiL-131","captured","https://i.postimg.cc/7YDGd3yD/2024-Zi-L-131-dam-capt-29-08-22.jpg","2023-11-16",709,15463,3,"380-709154633","11/16/2023"
"16917","Ukraine","Soviet Union","ZiL-131","damaged","https://i.postimg.cc/CMbncvXm/2029-Zi-L-131-dam-capt-29-08-22.jpg","2023-11-16",709,15464,2,"380-709154642","11/16/2023"
"16918","Ukraine","Soviet Union","ZiL-131","captured","https://i.postimg.cc/CMbncvXm/2029-Zi-L-131-dam-capt-29-08-22.jpg","2023-11-16",709,15464,3,"380-709154643","11/16/2023"
"16919","Ukraine","Soviet Union","ZiL-131","captured","https://i.postimg.cc/gJVGn38f/2002-Zi-L-131-capt-31-12-22.jpg","2023-11-16",709,15465,3,"380-709154653","11/16/2023"
"16920","Ukraine","Soviet Union","ZiL-131","captured","https://i.postimg.cc/0NJk1TQ5/2027-Zi-L-131-capt-19-04-22.jpg","2023-11-16",709,15466,3,"380-709154663","11/16/2023"
"16921","Ukraine","Soviet Union","ZiL-131 tanker","destroyed","https://i.postimg.cc/NGnqbnGg/2011-KT-L-and-Zi-L131-tanker-destr-11-06-22.jpg","2023-11-16",710,14044,1,"380-710140441","11/16/2023"
"16922","Ukraine","Soviet Union","ZiL-131 tanker","destroyed","https://i.postimg.cc/HL3B8Y48/2040-Zi-L-131-tanker-destr-07-01-23.jpg","2023-11-16",710,15467,1,"380-710154671","11/16/2023"
"16923","Ukraine","Soviet Union","ZiL-131 tanker","destroyed","https://i.postimg.cc/0NKd9XFP/43.png","2023-11-16",710,15468,1,"380-710154681","11/16/2023"
"16924","Ukraine","Soviet Union","ZiL-131 tanker","damaged","https://i.postimg.cc/g2FJtkrh/2005-Zil-131-tanker-dam-15-07-23.jpg","2023-11-16",710,15469,2,"380-710154692","11/16/2023"
"16925","Ukraine","Soviet Union","ZiL-131 tanker","abandoned","https://i.postimg.cc/bvh79gN2/d240.png","2023-11-16",710,15470,4,"380-710154704","11/16/2023"
"16926","Ukraine","Soviet Union","ZiL-131 tanker","captured","https://i.postimg.cc/vBpfYjxd/g8.png","2023-11-16",710,15471,3,"380-710154713","11/16/2023"
"16927","Ukraine","Soviet Union","ZiL-157","captured","https://i.postimg.cc/05h304Pd/Screenshot-8143.png","2023-11-16",711,15472,3,"380-711154723","11/16/2023"
"16928","Ukraine","Soviet Union","ZiL-157","captured","https://i.postimg.cc/W3b21FJ6/2000-zil157-capt-04-03-22.jpg","2023-11-16",711,15473,3,"380-711154733","11/16/2023"
"16929","Ukraine","Soviet Union","ZiL-181","destroyed","https://i.postimg.cc/4dh6yP2f/d1.png","2023-11-16",712,15474,1,"380-712154741","11/16/2023"
"16930","Ukraine","Soviet Union","1 ZiL-4331","captured","https://i.postimg.cc/jdwPsc1f/1012.jpg","2023-11-16",713,15475,3,"380-713154753","11/16/2023"
"16931","Ukraine","Soviet Union","10 Ural-375D","destroyed","https://i.postimg.cc/wMdN04Dt/3378.png","2023-11-16",714,15476,1,"380-714154761","11/16/2023"
"16932","Ukraine","Soviet Union","10 Ural-375D","destroyed","https://i.postimg.cc/Cxn2nXFK/311.png","2023-11-16",714,15477,1,"380-714154771","11/16/2023"
"16933","Ukraine","Soviet Union","10 Ural-375D","destroyed","https://postimg.cc/zLGjfVk0","2023-11-16",714,15478,1,"380-714154781","11/16/2023"
"16934","Ukraine","Soviet Union","10 Ural-375D","captured","https://i.postimg.cc/90crT04r/776.png","2023-11-16",714,15479,3,"380-714154793","11/16/2023"
"16935","Ukraine","Soviet Union","10 Ural-375D","captured","https://i.postimg.cc/cHZMXQ6m/Screenshot-8149.png","2023-11-16",714,15480,3,"380-714154803","11/16/2023"
"16936","Ukraine","Soviet Union","10 Ural-375D","captured","https://i.postimg.cc/3wrx1NYG/Screenshot-8113.png","2023-11-16",714,15481,3,"380-714154813","11/16/2023"
"16937","Ukraine","Soviet Union","10 Ural-375D","captured","https://i.postimg.cc/NM5JHFdK/4331.png","2023-11-16",714,15482,3,"380-714154823","11/16/2023"
"16938","Ukraine","Soviet Union","10 Ural-375D","captured","https://i.postimg.cc/tT4XMQ4W/6665.jpg","2023-11-16",714,15483,3,"380-714154833","11/16/2023"
"16939","Ukraine","Soviet Union","10 Ural-375D","captured","https://i.postimg.cc/vHvy3FYx/31.png","2023-11-16",714,15484,3,"380-714154843","11/16/2023"
"16940","Ukraine","Soviet Union","10 Ural-375D","captured","https://i.postimg.cc/P5WfMppV/399.png","2023-11-16",714,15485,3,"380-714154853","11/16/2023"
"16941","Ukraine","Soviet Union","Ural-4320","destroyed","https://postimg.cc/yJNnspb7","2023-11-16",376,15486,1,"380-376154861","11/16/2023"
"16942","Ukraine","Soviet Union","Ural-4320","destroyed","https://i.postimg.cc/vmqnP67C/223.png","2023-11-16",376,15487,1,"380-376154871","11/16/2023"
"16943","Ukraine","Soviet Union","Ural-4320","destroyed","https://i.postimg.cc/rshQS3MH/f4.png","2023-11-16",376,15488,1,"380-376154881","11/16/2023"
"16944","Ukraine","Soviet Union","Ural-4320","destroyed","https://i.postimg.cc/GmRQzM1X/g8k.png","2023-11-16",376,15489,1,"380-376154891","11/16/2023"
"16945","Ukraine","Soviet Union","Ural-4320","destroyed","https://i.postimg.cc/YStP5QYc/16.png","2023-11-16",376,15490,1,"380-376154901","11/16/2023"
"16946","Ukraine","Soviet Union","Ural-4320","destroyed","https://postlmg.cc/ygc8qzLD","2023-11-16",376,15491,1,"380-376154911","11/16/2023"
"16947","Ukraine","Soviet Union","Ural-4320","destroyed","https://i.postimg.cc/TY5V8GDn/36.png","2023-11-16",376,15492,1,"380-376154921","11/16/2023"
"16948","Ukraine","Soviet Union","Ural-4320","destroyed","https://i.postimg.cc/JzB6VTpG/1009.png","2023-11-16",376,15493,1,"380-376154931","11/16/2023"
"16949","Ukraine","Soviet Union","Ural-4320","destroyed","https://postimg.cc/K17djsQB","2023-11-16",376,15494,1,"380-376154941","11/16/2023"
"16950","Ukraine","Soviet Union","Ural-4320","destroyed","https://i.postimg.cc/W1yLc2Qj/1011.png","2023-11-16",376,15495,1,"380-376154951","11/16/2023"
"16951","Ukraine","Soviet Union","Ural-4320","destroyed","https://i.postimg.cc/rm84TwFg/2022-09-16-UA-Ural-4320.png","2023-11-16",376,15496,1,"380-376154961","11/16/2023"
"16952","Ukraine","Soviet Union","Ural-4320","destroyed","https://i.postimg.cc/6p203Qjd/7.png","2023-11-16",376,15497,1,"380-376154971","11/16/2023"
"16953","Ukraine","Soviet Union","Ural-4320","destroyed","https://i.postimg.cc/HxyLd7jM/1018-unkn-truck-2x.jpg","2023-11-16",376,15498,1,"380-376154981","11/16/2023"
"16954","Ukraine","Soviet Union","Ural-4320","destroyed","https://i.postimg.cc/xqr34p57/10-13-2022-UA-Ural-4320-destroyed.png","2023-11-16",376,15499,1,"380-376154991","11/16/2023"
"16955","Ukraine","Soviet Union","Ural-4320","destroyed","https://i.postimg.cc/N0nx31kj/UA-GAZ-66-Zil-130-Ural-4320-destroyed.png","2023-11-16",376,15249,1,"380-376152491","11/16/2023"
"16956","Ukraine","Soviet Union","Ural-4320","destroyed","https://i.postimg.cc/90y4R2Ph/2022-02-25-Ural-4320-D-30-destroyed.jpg","2023-11-16",376,14111,1,"380-376141111","11/16/2023"
"16957","Ukraine","Soviet Union","Ural-4320","destroyed","https://i.postimg.cc/k48Z8b22/2022-02-27-UA-Ural-4320-destroyed-Kyiv.jpg","2023-11-16",376,15500,1,"380-376155001","11/16/2023"
"16958","Ukraine","Soviet Union","Ural-4320","destroyed","https://i.postimg.cc/9FRHJ655/2022-04-05-UA-Ural-4320-destroyed-Hostomel.jpg","2023-11-16",376,15501,1,"380-376155011","11/16/2023"
"16959","Ukraine","Soviet Union","Ural-4320","destroyed","https://i.postimg.cc/qBmNfyT3/2022-04-08-UA-Ural-4320-destroyed.jpg","2023-11-16",376,15502,1,"380-376155021","11/16/2023"
"16960","Ukraine","Soviet Union","Ural-4320","destroyed","https://i.postimg.cc/k4SDJXvg/2022-09-21-UA-Ural-4320-destroyed-Mykolaiv.jpg","2023-11-16",376,15503,1,"380-376155031","11/16/2023"
"16961","Ukraine","Soviet Union","Ural-4320","destroyed","https://i.postimg.cc/Jnw887kn/2005-ural4320-destr-25-12-22.jpg","2023-11-16",376,15504,1,"380-376155041","11/16/2023"
"16962","Ukraine","Soviet Union","Ural-4320","destroyed","https://i.postimg.cc/BbbMfnST/2000-ural4320-destr-10-02-23.jpg","2023-11-16",376,15505,1,"380-376155051","11/16/2023"
"16963","Ukraine","Soviet Union","Ural-4320","destroyed","https://i.postimg.cc/7Z91k8Qd/2008-ural4320-destr-08-03-23.jpg","2023-11-16",376,15506,1,"380-376155061","11/16/2023"
"16964","Ukraine","Soviet Union","Ural-4320","destroyed","https://i.postimg.cc/dVX6rmH2/2001-ural4320-destr-13-04-22.jpg","2023-11-16",376,15507,1,"380-376155071","11/16/2023"
"16965","Ukraine","Soviet Union","Ural-4320","destroyed","https://i.postimg.cc/RZS6tgpJ/5g3.png","2023-11-16",376,15508,1,"380-376155081","11/16/2023"
"16966","Ukraine","Soviet Union","Ural-4320","destroyed","https://i.postimg.cc/GpC9Lftt/4f3.png","2023-11-16",376,15509,1,"380-376155091","11/16/2023"
"16967","Ukraine","Soviet Union","Ural-4320","destroyed","https://i.postimg.cc/6QqYyLGV/y6.png","2023-11-16",376,15510,1,"380-376155101","11/16/2023"
"16968","Ukraine","Soviet Union","Ural-4320","destroyed","https://i.postimg.cc/mD0XN4yv/2028-Ural-4320-destr-02-05-23.jpg","2023-11-16",376,15511,1,"380-376155111","11/16/2023"
"16969","Ukraine","Soviet Union","Ural-4320","destroyed","https://i.postimg.cc/prz0sS0p/2029-Ural-4320-destr-02-05-23.jpg","2023-11-16",376,15512,1,"380-376155121","11/16/2023"
"16970","Ukraine","Soviet Union","Ural-4320","destroyed","https://i.postimg.cc/gJN2VqPT/2011-ural4320-destr-04-05-23.jpg","2023-11-16",376,15513,1,"380-376155131","11/16/2023"
"16971","Ukraine","Soviet Union","Ural-4320","destroyed","https://i.postimg.cc/fybZ0Z8t/2020-Ural-4320-destr-31-03-22.jpg","2023-11-16",376,15514,1,"380-376155141","11/16/2023"
"16972","Ukraine","Soviet Union","Ural-4320","destroyed","https://i.postimg.cc/nc7mqDmk/1048-ural4320-destr-08-06-23.jpg","2023-11-16",376,15515,1,"380-376155151","11/16/2023"
"16973","Ukraine","Soviet Union","Ural-4320","destroyed","https://i.postimg.cc/FRXkJ0qT/2029-ural4320-destr-14-06-23.jpg","2023-11-16",376,15516,1,"380-376155161","11/16/2023"
"16974","Ukraine","Soviet Union","Ural-4320","destroyed","https://i.postimg.cc/wBxthXbD/1018-ural4320-destr-08-03-23.jpg","2023-11-16",376,15517,1,"380-376155171","11/16/2023"
"16975","Ukraine","Soviet Union","Ural-4320","destroyed","https://i.postimg.cc/j2jvK62T/2001-ural4320-destr-08-07-23.jpg","2023-11-16",376,15518,1,"380-376155181","11/16/2023"
"16976","Ukraine","Soviet Union","Ural-4320","destroyed","https://i.postimg.cc/3wHBWQNn/2010-ural4320-destr-07-05-22.jpg","2023-11-16",376,15519,1,"380-376155191","11/16/2023"
"16977","Ukraine","Soviet Union","Ural-4320","destroyed","https://i.postimg.cc/3RkYFPMQ/2024-Ural-4320-destr-29-04-22.jpg","2023-11-16",376,15520,1,"380-376155201","11/16/2023"
"16978","Ukraine","Soviet Union","Ural-4320","destroyed","https://i.postimg.cc/jjdsLDZ5/2025-Ural-4320-07-05-22.jpg","2023-11-16",376,15521,1,"380-376155211","11/16/2023"
"16979","Ukraine","Soviet Union","Ural-4320","destroyed","https://i.postimg.cc/kggF9J30/2001-URAL-4320-destr-26-07-23.jpg","2023-11-16",376,15522,1,"380-376155221","11/16/2023"
"16980","Ukraine","Soviet Union","Ural-4320","destroyed","https://i.postimg.cc/Pf2zCj16/549.png","2023-11-16",376,15523,1,"380-376155231","11/16/2023"
"16981","Ukraine","Soviet Union","Ural-4320","destroyed","https://i.postimg.cc/Nf1n6LYk/433.png","2023-11-16",376,15524,1,"380-376155241","11/16/2023"
"16982","Ukraine","Soviet Union","Ural-4320","destroyed","https://i.postimg.cc/FH8fhSsM/2003-Ural-4320-destr-19-10-23.jpg","2023-11-16",376,15525,1,"380-376155251","11/16/2023"
"16983","Ukraine","Soviet Union","Ural-4320","destroyed","https://i.postimg.cc/3RJ72JzT/2003-Ural-4320-destr-25-02-22.jpg","2023-11-16",376,15526,1,"380-376155261","11/16/2023"
"16984","Ukraine","Soviet Union","Ural-4320","damaged","https://i.postimg.cc/MH0p4XKm/Ukrainian-Ural-4320.png","2023-11-16",376,15527,2,"380-376155272","11/16/2023"
"16985","Ukraine","Soviet Union","Ural-4320","damaged","https://i.postimg.cc/yYNW9jJq/2013-Ural-4320-dam-15-10-23.jpg","2023-11-16",376,15528,2,"380-376155282","11/16/2023"
"16986","Ukraine","Soviet Union","Ural-4320","damaged","https://i.postimg.cc/GmVqtBjC/328.png","2023-11-16",376,15529,2,"380-376155292","11/16/2023"
"16987","Ukraine","Soviet Union","Ural-4320","captured","https://i.postimg.cc/GmVqtBjC/328.png","2023-11-16",376,15529,3,"380-376155293","11/16/2023"
"16988","Ukraine","Soviet Union","Ural-4320","captured","https://i.postimg.cc/FR1JZVbd/2000-ural4320-capt-25-02-22.png","2023-11-16",376,15530,3,"380-376155303","11/16/2023"
"16989","Ukraine","Soviet Union","Ural-4320","captured","https://i.postimg.cc/02n6DFYg/314.png","2023-11-16",376,15531,3,"380-376155313","11/16/2023"
"16990","Ukraine","Soviet Union","Ural-4320","captured","https://i.postimg.cc/2yMp268K/tt1.png","2023-11-16",376,15532,3,"380-376155323","11/16/2023"
"16991","Ukraine","Soviet Union","Ural-4320","captured","https://i.postimg.cc/JnpvdY9K/32.png","2023-11-16",376,15533,3,"380-376155333","11/16/2023"
"16992","Ukraine","Soviet Union","Ural-4320","captured","https://i.postimg.cc/gjmtgKPy/470.png","2023-11-16",376,15534,3,"380-376155343","11/16/2023"
"16993","Ukraine","Soviet Union","Ural-4320","captured","https://postimg.cc/dLpRmzC7","2023-11-16",376,15535,3,"380-376155353","11/16/2023"
"16994","Ukraine","Soviet Union","Ural-4320","captured","https://i.postimg.cc/jdRM3Vky/f30.png","2023-11-16",376,15536,3,"380-376155363","11/16/2023"
"16995","Ukraine","Soviet Union","Ural-4320","captured","https://i.postimg.cc/4y6PXBMj/Screenshot-8166.png","2023-11-16",376,15537,3,"380-376155373","11/16/2023"
"16996","Ukraine","Soviet Union","16 Ural tanker","destroyed","https://i.postimg.cc/J7FyKqtr/2022-11-13-UA-Ural-4320-tanker-destroyed.jpg","2023-11-16",715,15538,1,"380-715155381","11/16/2023"
"16997","Ukraine","Soviet Union","16 Ural tanker","destroyed","https://i.postimg.cc/fRrqJbt0/2022-02-25-UA-Ural-4320-tanker.jpg","2023-11-16",715,15539,1,"380-715155391","11/16/2023"
"16998","Ukraine","Soviet Union","16 Ural tanker","destroyed","https://i.postimg.cc/MpjY6qVZ/2022-04-14-UA-Ural-4320-destroyed.jpg","2023-11-16",715,15540,1,"380-715155401","11/16/2023"
"16999","Ukraine","Soviet Union","16 Ural tanker","destroyed","https://i.postimg.cc/wjbtb4cc/2013-ural4320-tanker-destr-16-04-22.jpg","2023-11-16",715,15541,1,"380-715155411","11/16/2023"
"17000","Ukraine","Soviet Union","16 Ural tanker","destroyed","https://i.postimg.cc/WpJ41Xjt/436.png","2023-11-16",715,15542,1,"380-715155421","11/16/2023"
"17001","Ukraine","Soviet Union","16 Ural tanker","destroyed","https://postlmg.cc/LqqTyhTm","2023-11-16",715,15543,1,"380-715155431","11/16/2023"
"17002","Ukraine","Soviet Union","16 Ural tanker","destroyed","https://i.postimg.cc/Kj0zwkHs/2009-Ural-4320-tanker-destr-18-10-23.jpg","2023-11-16",715,15544,1,"380-715155441","11/16/2023"
"17003","Ukraine","Soviet Union","16 Ural tanker","damaged","https://i.postimg.cc/tCpV1x4P/2003-2x-ural-tanker-dam-27-02-22.jpg","2023-11-16",715,15545,2,"380-715155452","11/16/2023"
"17004","Ukraine","Soviet Union","16 Ural tanker","captured","https://i.postimg.cc/2SzvZzbq/443.png","2023-11-16",715,15546,3,"380-715155463","11/16/2023"
"17005","Ukraine","Soviet Union","16 Ural tanker","captured","https://i.postimg.cc/3JrJjW1H/Screenshot-8172.png","2023-11-16",715,15547,3,"380-715155473","11/16/2023"
"17006","Ukraine","Soviet Union","16 Ural tanker","captured","https://i.postimg.cc/L8n977GC/Screenshot-8173.png","2023-11-16",715,15548,3,"380-715155483","11/16/2023"
"17007","Ukraine","Soviet Union","16 Ural tanker","captured","https://i.postimg.cc/C5t52NPf/Screenshot-8111.png","2023-11-16",715,15549,3,"380-715155493","11/16/2023"
"17008","Ukraine","Soviet Union","16 Ural tanker","captured","https://i.postimg.cc/SQtnjSSN/Screenshot-8112.png","2023-11-16",715,15550,3,"380-715155503","11/16/2023"
"17009","Ukraine","Soviet Union","16 Ural tanker","captured","https://i.postimg.cc/5tqNnVFZ/f3.png","2023-11-16",715,15551,3,"380-715155513","11/16/2023"
"17010","Ukraine","Soviet Union","16 Ural tanker","captured","https://i.postimg.cc/nrdDz39r/5g2.png","2023-11-16",715,15552,3,"380-715155523","11/16/2023"
"17011","Ukraine","Soviet Union","KamAZ 6x6","destroyed","https://i.postimg.cc/fbMMYwct/10-10-2022-UA-Kamaz-6x6-destroyed.png","2023-11-16",716,15553,1,"380-716155531","11/16/2023"
"17012","Ukraine","Soviet Union","KamAZ 6x6","destroyed","https://i.postimg.cc/4y2CCd1m/1007-kamaz6x6-destr.jpg","2023-11-16",716,15554,1,"380-716155541","11/16/2023"
"17013","Ukraine","Soviet Union","KamAZ 6x6","destroyed","https://i.postimg.cc/BQtxtBxM/2022-02-26-UA-Kam-AZ.jpg","2023-11-16",716,15555,1,"380-716155551","11/16/2023"
"17014","Ukraine","Soviet Union","KamAZ 6x6","destroyed","https://i.postimg.cc/c6GNfy1L/2001-Kam-AZ-6x6-destr-02-03-22.jpg","2023-11-16",716,15556,1,"380-716155561","11/16/2023"
"17015","Ukraine","Soviet Union","KamAZ 6x6","destroyed","https://i.postimg.cc/Qtz2G1VB/1031-kamaz6x6-destr-21-06-22.jpg","2023-11-16",716,15557,1,"380-716155571","11/16/2023"
"17016","Ukraine","Soviet Union","KamAZ 6x6","destroyed","https://twitter.com/naalsio26/status/1644181221830717440","2023-11-16",716,13879,1,"380-716138791","11/16/2023"
"17017","Ukraine","Soviet Union","KamAZ 6x6","destroyed","https://i.postimg.cc/sDDyzPWP/373.png","2023-11-16",716,15558,1,"380-716155581","11/16/2023"
"17018","Ukraine","Soviet Union","KamAZ 6x6","destroyed","https://i.postimg.cc/76B5VmYh/2013-Kam-AZ-6x6-destr-01-06-22.jpg","2023-11-16",716,15559,1,"380-716155591","11/16/2023"
"17019","Ukraine","Soviet Union","KamAZ 6x6","destroyed","https://i.postimg.cc/XY7dcFJR/2008-Kam-AZ-6x6-tanker-23-05-22.jpg","2023-11-16",716,15560,1,"380-716155601","11/16/2023"
"17020","Ukraine","Soviet Union","KamAZ 6x6","destroyed","https://i.postimg.cc/qqmJmgNx/2002-kamaz6x6-destr-20-06-22.jpg","2023-11-16",716,15561,1,"380-716155611","11/16/2023"
"17021","Ukraine","Soviet Union","KamAZ 6x6","destroyed","https://i.postimg.cc/8C5tCgVZ/2012-Kam-AZ-6x6-destr-02-07-23.jpg","2023-11-16",716,15562,1,"380-716155621","11/16/2023"
"17022","Ukraine","Soviet Union","KamAZ 6x6","destroyed","https://i.postimg.cc/1RVL5bNs/3277.png","2023-11-16",716,15563,1,"380-716155631","11/16/2023"
"17023","Ukraine","Soviet Union","KamAZ 6x6","destroyed","https://i.postimg.cc/J4RXX01Z/3362.png","2023-11-16",716,15564,1,"380-716155641","11/16/2023"
"17024","Ukraine","Soviet Union","KamAZ 6x6","damaged","https://i.postimg.cc/tJHJYQBt/2022-09-21-UA-Kam-AZ-damaged-Mykolaiv.jpg","2023-11-16",716,15565,2,"380-716155652","11/16/2023"
"17025","Ukraine","Soviet Union","KamAZ 6x6","damaged","https://i.postimg.cc/yx42BBdm/u1.png","2023-11-16",716,15566,2,"380-716155662","11/16/2023"
"17026","Ukraine","Soviet Union","KamAZ 6x6","captured","https://i.postimg.cc/yx42BBdm/u1.png","2023-11-16",716,15566,3,"380-716155663","11/16/2023"
"17027","Ukraine","Soviet Union","KamAZ 6x6","captured","https://postimg.cc/zLGjfVk0","2023-11-16",716,15478,3,"380-716154783","11/16/2023"
"17028","Ukraine","Soviet Union","KamAZ 6x6","captured","https://i.postimg.cc/2yMp268K/tt1.png","2023-11-16",716,15532,3,"380-716155323","11/16/2023"
"17029","Ukraine","Soviet Union","KamAZ 6x6","captured","https://i.postimg.cc/cLZWjvBp/tt2.png","2023-11-16",716,15567,3,"380-716155673","11/16/2023"
"17030","Ukraine","Soviet Union","KamAZ 6x6","captured","https://postimg.cc/yD5fb39R","2023-11-16",716,15568,3,"380-716155683","11/16/2023"
"17031","Ukraine","Soviet Union","KamAZ 6x6","damaged","https://i.postimg.cc/Lsc0nTNL/2003-kamaz6x6-dam-capt-28-03-22.jpg","2023-11-16",716,15569,2,"380-716155692","11/16/2023"
"17032","Ukraine","Soviet Union","KamAZ 6x6","captured","https://i.postimg.cc/Lsc0nTNL/2003-kamaz6x6-dam-capt-28-03-22.jpg","2023-11-16",716,15569,3,"380-716155693","11/16/2023"
"17033","Ukraine","Soviet Union","KamAZ 6x6","captured","https://i.postimg.cc/bNGwntVm/2012-kamaz6x6-capt-04-03-22.jpg","2023-11-16",716,15570,3,"380-716155703","11/16/2023"
"17034","Ukraine","Soviet Union","KamAZ 6x6","captured","https://i.postimg.cc/KYP5YYX1/2027-kamaz6x6-capt-25-07-22.jpg","2023-11-16",716,15571,3,"380-716155713","11/16/2023"
"17035","Ukraine","Soviet Union","KamAZ 6x6 tanker","destroyed","https://i.postimg.cc/D0rnMvQc/44f2.png","2023-11-16",717,15572,1,"380-717155721","11/16/2023"
"17036","Ukraine","Soviet Union","KamAZ 6x6 tanker","captured","https://i.postimg.cc/JzhDxCJz/2012-kamaz-tanker-capt-16-04-22.jpg","2023-11-16",717,15573,3,"380-717155733","11/16/2023"
"17037","Ukraine","Soviet Union","MAZ-537","destroyed","https://i.postimg.cc/25RJZzWf/Screenshot-8076.png","2023-11-16",718,15574,1,"380-718155741","11/16/2023"
"17038","Ukraine","Soviet Union","MAZ-537","destroyed","https://i.postimg.cc/Tw3W4kVd/2004-off-road-tractor-MAZ-537-destr-04-05-23.jpg","2023-11-16",718,15575,1,"380-718155751","11/16/2023"
"17039","Ukraine","Soviet Union","MAZ-537","captured","https://i.postimg.cc/7LSW8dKp/35.png","2023-11-16",718,15213,3,"380-718152133","11/16/2023"
"17040","Ukraine","Soviet Union","1 MAZ AC-8-500A Tanker","destroyed","https://i.postimg.cc/GmXZ5RDV/64.png","2023-11-16",719,15576,1,"380-719155761","11/16/2023"
"17041","Ukraine","Soviet Union","MAZ-5336","destroyed","https://i.postimg.cc/XNch5GMx/329.png","2023-11-16",720,15577,1,"380-720155771","11/16/2023"
"17042","Ukraine","Soviet Union","2 MAZ-5337 fuel tanker","destroyed","https://i.postimg.cc/J4D90SCZ/2003-MAZ-5337-fuel-tanker-destr.jpg","2023-11-16",721,15578,1,"380-721155781","11/16/2023"
"17043","Ukraine","Soviet Union","2 MAZ-5337 fuel tanker","destroyed","https://i.postimg.cc/Y0cPV5Ly/ku2.png","2023-11-16",721,15579,1,"380-721155791","11/16/2023"
"17044","Ukraine","Soviet Union","1 MAZ TZ-500 tanker","destroyed","https://i.postimg.cc/BZV8PYVw/2009-MAZ-TZ-500-tanker-destr-13-11-22.jpg","2023-11-16",722,15580,1,"380-722155801","11/16/2023"
"17045","Ukraine","United States","10 FMTV M1083A1P2","destroyed","https://i.postimg.cc/x1xtm4D1/2003-Oshkosh-FMTV-M1083-A1-P2-truck-destr.jpg","2023-11-16",723,15581,1,"380-723155811","11/16/2023"
"17046","Ukraine","United States","10 FMTV M1083A1P2","destroyed","https://i.postimg.cc/26b4MCdZ/2003-m777-truck-destr.jpg","2023-11-16",723,15582,1,"380-723155821","11/16/2023"
"17047","Ukraine","United States","10 FMTV M1083A1P2","destroyed","https://i.postimg.cc/PrDcsPX5/2001.jpg","2023-11-16",723,15583,1,"380-723155831","11/16/2023"
"17048","Ukraine","United States","10 FMTV M1083A1P2","destroyed","https://twitter.com/UAWeapons/status/1564339685337583619","2023-11-16",723,14157,1,"380-723141571","11/16/2023"
"17049","Ukraine","United States","10 FMTV M1083A1P2","destroyed","https://i.postimg.cc/yx1RhRmv/2002-Oshkosh-FMTV-M1083-A1-P2-destr-18-01-23.jpg","2023-11-16",723,15584,1,"380-723155841","11/16/2023"
"17050","Ukraine","United States","10 FMTV M1083A1P2","destroyed","https://i.postimg.cc/0N0M69Tp/2008-Oshkosh-FMTV-M1083-A1-P2-truck-destr-24-05-23.jpg","2023-11-16",723,15585,1,"380-723155851","11/16/2023"
"17051","Ukraine","United States","10 FMTV M1083A1P2","destroyed","https://i.postimg.cc/MTyCJbSr/2001-FMTV-M1083-A1-P2-destr-24-07-23.jpg","2023-11-16",723,15586,1,"380-723155861","11/16/2023"
"17052","Ukraine","United States","10 FMTV M1083A1P2","destroyed","https://i.postimg.cc/JzYR4N7d/2007-Oshkosh-FMTV-M1083-A1-P2-truck-destr-03-11-23.jpg","2023-11-16",723,15587,1,"380-723155871","11/16/2023"
"17053","Ukraine","United States","10 FMTV M1083A1P2","damaged","https://i.postimg.cc/52rdB2gp/2000-Oshkosh-FMTV-M1083-A1-P2-dam-aband-24-07-23.jpg","2023-11-16",723,15588,2,"380-723155882","11/16/2023"
"17054","Ukraine","United States","10 FMTV M1083A1P2","abandoned","https://i.postimg.cc/52rdB2gp/2000-Oshkosh-FMTV-M1083-A1-P2-dam-aband-24-07-23.jpg","2023-11-16",723,15588,4,"380-723155884","11/16/2023"
"17055","Ukraine","Poland","Jelcz P882 D53","destroyed","https://twitter.com/UAWeapons/status/1642460631897915399","2023-11-16",724,14421,1,"380-724144211","11/16/2023"
"17056","Ukraine","Poland","Jelcz P882 D53","destroyed","https://i.postimg.cc/9MzwXm7T/2007-Jelcz-P882-53-truck-destr-22-04-23.jpg","2023-11-16",724,15589,1,"380-724155891","11/16/2023"
"17057","Ukraine","Germany","Mercedes-Benz Unimog U1300L ambulance","destroyed","https://i.postimg.cc/zfHjyW8Y/2001-unimog.jpg","2023-11-16",725,15590,1,"380-725155901","11/16/2023"
"17058","Ukraine","Germany","Mercedes-Benz Unimog U1300L ambulance","destroyed","https://i.postimg.cc/0ybV7HS8/2003-Mercedes-Benz-Unimog-U1300-L-ambulance-destr-25-01-23.jpg","2023-11-16",725,15591,1,"380-725155911","11/16/2023"
"17059","Ukraine","United Kingdom","3 Pinzgauer Vector 718","destroyed","https://twitter.com/UAWeapons/status/1580640844175982594","2023-11-16",726,15592,1,"380-726155921","11/16/2023"
"17060","Ukraine","United Kingdom","3 Pinzgauer Vector 718","damaged","https://i.postimg.cc/Bb85pvw6/2000-Pinzgauer-Vector-718.jpg","2023-11-16",726,15593,2,"380-726155932","11/16/2023"
"17061","Ukraine","United Kingdom","3 Pinzgauer Vector 718","damaged","https://i.postimg.cc/RhtL6vNB/2000-Pinzgauer-Vector-718-PPV-dam.jpg","2023-11-16",726,15594,2,"380-726155942","11/16/2023"
"17062","Ukraine","United Kingdom","Land Rover Defender","destroyed","https://i.postimg.cc/v8fYJRDb/46f.png","2023-11-16",727,15595,1,"380-727155951","11/16/2023"
"17063","Ukraine","United Kingdom","Land Rover Defender","destroyed","https://i.postimg.cc/zfZgczbq/446.png","2023-11-16",727,15596,1,"380-727155961","11/16/2023"
"17064","Ukraine","United Kingdom","Land Rover Defender","destroyed","https://i.postimg.cc/ydyWpJkc/57.png","2023-11-16",727,15597,1,"380-727155971","11/16/2023"
"17065","Ukraine","United Kingdom","Land Rover Defender","destroyed","https://i.postimg.cc/8zK88btq/2025-Land-Rover-destr-28-04-23.jpg","2023-11-16",727,15598,1,"380-727155981","11/16/2023"
"17066","Ukraine","United Kingdom","Land Rover Defender","destroyed","https://i.postimg.cc/2jF259Y7/2037-Land-Rover-Snatch-destr-07-06-23.jpg","2023-11-16",727,15599,1,"380-727155991","11/16/2023"
"17067","Ukraine","Soviet Union","UAZ-469 jeep","destroyed","https://postlmg.cc/yWHNY0kF","2023-11-16",728,15600,1,"380-728156001","11/16/2023"
"17068","Ukraine","Soviet Union","UAZ-469 jeep","destroyed","https://i.postimg.cc/C5hRYrst/4f76.png","2023-11-16",728,15601,1,"380-728156011","11/16/2023"
"17069","Ukraine","Soviet Union","UAZ-469 jeep","destroyed","https://i.postimg.cc/t48z389M/2000-UAZ-469-destr.jpg","2023-11-16",728,15602,1,"380-728156021","11/16/2023"
"17070","Ukraine","Soviet Union","UAZ-469 jeep","destroyed","https://i.postimg.cc/7Y4rSh5Q/2014-uaz469-capt-04-03-22.jpg","2023-11-16",728,15603,1,"380-728156031","11/16/2023"
"17071","Ukraine","Soviet Union","UAZ-469 jeep","destroyed","https://i.postimg.cc/ZK4tppqj/2025-uaz469-destr-08-07-23.jpg","2023-11-16",728,15604,1,"380-728156041","11/16/2023"
"17072","Ukraine","Soviet Union","UAZ-469 jeep","damaged","https://i.postimg.cc/WpGVCJVL/324.png","2023-11-16",728,15605,2,"380-728156052","11/16/2023"
"17073","Ukraine","Soviet Union","UAZ-469 jeep","abandoned","https://i.postimg.cc/WpGVCJVL/324.png","2023-11-16",728,15605,4,"380-728156054","11/16/2023"
"17074","Ukraine","Soviet Union","UAZ-469 jeep","damaged","https://i.postimg.cc/kGck4KM2/257.png","2023-11-16",728,15606,2,"380-728156062","11/16/2023"
"17075","Ukraine","Soviet Union","UAZ-469 jeep","abandoned","https://i.postimg.cc/kGck4KM2/257.png","2023-11-16",728,15606,4,"380-728156064","11/16/2023"
"17076","Ukraine","Soviet Union","UAZ-469 jeep","captured","https://i.postimg.cc/HLT8ySnD/1014.jpg","2023-11-16",728,15607,3,"380-728156073","11/16/2023"
"17077","Ukraine","Soviet Union","UAZ-469 jeep","captured","https://i.postimg.cc/tgpMs65F/Screenshot-8026.png","2023-11-16",728,15608,3,"380-728156083","11/16/2023"
"17078","Ukraine","Soviet Union","UAZ-469 jeep","captured","https://i.postimg.cc/kXMB2DzL/43.png","2023-11-16",728,15433,3,"380-728154333","11/16/2023"
"17079","Ukraine","Soviet Union","UAZ-469 jeep","captured","https://i.postimg.cc/90crT04r/776.png","2023-11-16",728,15479,3,"380-728154793","11/16/2023"
"17080","Ukraine","Soviet Union","UAZ-469 jeep","captured","https://i.postimg.cc/vHXz28qN/3f.jpg","2023-11-16",728,15609,3,"380-728156093","11/16/2023"
"17081","Ukraine","Soviet Union","UAZ-469 jeep","captured","https://i.postimg.cc/zvQDMzvw/2015-uaz469-capt-28-02-22.jpg","2023-11-16",728,15610,3,"380-728156103","11/16/2023"
"17082","Ukraine","Soviet Union","2 UAZ-31514","destroyed","https://i.postimg.cc/x8DLK4J5/2004-UAZ-31514-destr-05-06-23.jpg","2023-11-16",729,15611,1,"380-729156111","11/16/2023"
"17083","Ukraine","Soviet Union","2 UAZ-31514","destroyed","https://i.postimg.cc/MGb51frk/2014-UAZ-3151-destr-19-07-23.jpg","2023-11-16",729,15612,1,"380-729156121","11/16/2023"
"17084","Ukraine","Soviet Union","36 UAZ-452 van","destroyed","https://i.postimg.cc/Kc5kxLHn/hh6.jpg","2023-11-16",730,15613,1,"380-730156131","11/16/2023"
"17085","Ukraine","Soviet Union","36 UAZ-452 van","destroyed","https://i.postimg.cc/k5mD2Xc6/76.jpg","2023-11-16",730,15614,1,"380-730156141","11/16/2023"
"17086","Ukraine","Soviet Union","36 UAZ-452 van","destroyed","https://i.postimg.cc/3R9d5LPR/2000.jpg","2023-11-16",730,15615,1,"380-730156151","11/16/2023"
"17087","Ukraine","Soviet Union","36 UAZ-452 van","destroyed","https://i.postimg.cc/BQndX72n/2003-uaz452-kozak2-destr.jpg","2023-11-16",730,15616,1,"380-730156161","11/16/2023"
"17088","Ukraine","Soviet Union","36 UAZ-452 van","destroyed","https://i.postimg.cc/brrtrVJM/2022-11-13-UA-UAZ-452-destroyed.jpg","2023-11-16",730,15617,1,"380-730156171","11/16/2023"
"17089","Ukraine","Soviet Union","36 UAZ-452 van","destroyed","https://i.postimg.cc/90FYgx9C/1013-uaz452-destr.jpg","2023-11-16",730,15618,1,"380-730156181","11/16/2023"
"17090","Ukraine","Soviet Union","36 UAZ-452 van","destroyed","https://i.postimg.cc/DwXXRtKz/2006-uaz452-destr-27-02-23.jpg","2023-11-16",730,15619,1,"380-730156191","11/16/2023"
"17091","Ukraine","Soviet Union","36 UAZ-452 van","destroyed","https://i.postimg.cc/x8DJS72P/2004-uaz452-destr-07-03-23.jpg","2023-11-16",730,15620,1,"380-730156201","11/16/2023"
"17092","Ukraine","Soviet Union","36 UAZ-452 van","destroyed","https://i.postimg.cc/SNGXwDtW/2006-uaz452-destr-12-03-23.jpg","2023-11-16",730,15621,1,"380-730156211","11/16/2023"
"17093","Ukraine","Soviet Union","36 UAZ-452 van","destroyed","https://i.postimg.cc/fbVBSgZf/2006-uaz452-destr-15-03-23.png","2023-11-16",730,15622,1,"380-730156221","11/16/2023"
"17094","Ukraine","Soviet Union","36 UAZ-452 van","destroyed","https://i.postimg.cc/c4gF8Hd0/2004-ua452-destr-07-03-23.jpg","2023-11-16",730,15623,1,"380-730156231","11/16/2023"
"17095","Ukraine","Soviet Union","36 UAZ-452 van","destroyed","https://i.postimg.cc/MTZSxKxv/4f21.png","2023-11-16",730,15624,1,"380-730156241","11/16/2023"
"17096","Ukraine","Soviet Union","36 UAZ-452 van","destroyed","https://i.postimg.cc/0QTzDNNn/2002-uaz452-destr-20-03-23.jpg","2023-11-16",730,15625,1,"380-730156251","11/16/2023"
"17097","Ukraine","Soviet Union","36 UAZ-452 van","destroyed","https://i.postimg.cc/Gphj6Dxr/549.png","2023-11-16",730,15626,1,"380-730156261","11/16/2023"
"17098","Ukraine","Soviet Union","36 UAZ-452 van","destroyed","https://i.postimg.cc/5NpMjjVq/763.png","2023-11-16",730,15627,1,"380-730156271","11/16/2023"
"17099","Ukraine","Soviet Union","36 UAZ-452 van","destroyed","https://i.postimg.cc/zBL2gvKw/2003-uaz452-destr-05-05-23.jpg","2023-11-16",730,15628,1,"380-730156281","11/16/2023"
"17100","Ukraine","Soviet Union","36 UAZ-452 van","destroyed","https://i.postimg.cc/QNPmbqzH/2002-UAZ-452-destr-24-01-23.jpg","2023-11-16",730,15629,1,"380-730156291","11/16/2023"
"17101","Ukraine","Soviet Union","36 UAZ-452 van","destroyed","https://i.postimg.cc/Ss1rHLN1/2032-UAZ-452-destr-23-04-23.jpg","2023-11-16",730,15630,1,"380-730156301","11/16/2023"
"17102","Ukraine","Soviet Union","36 UAZ-452 van","destroyed","https://i.postimg.cc/KvqJyK7P/2007-uaz452-destr-28-05-23.jpg","2023-11-16",730,15631,1,"380-730156311","11/16/2023"
"17103","Ukraine","Soviet Union","36 UAZ-452 van","destroyed","https://i.postimg.cc/kMyTfYBh/2030-UAZ-452-destr-21-11-22.jpg","2023-11-16",730,15632,1,"380-730156321","11/16/2023"
"17104","Ukraine","Soviet Union","36 UAZ-452 van","destroyed","https://i.postimg.cc/2yTTyysf/2032-UAZ-452-destr-03-06-23.jpg","2023-11-16",730,15633,1,"380-730156331","11/16/2023"
"17105","Ukraine","Soviet Union","36 UAZ-452 van","destroyed","https://i.postimg.cc/G2xhyXrN/2006-uaz452-destr-10-06-23.jpg","2023-11-16",730,15634,1,"380-730156341","11/16/2023"
"17106","Ukraine","Soviet Union","36 UAZ-452 van","destroyed","https://i.postimg.cc/FFqfPxBy/2009-uaz452-destr-21-01-23.jpg","2023-11-16",730,15635,1,"380-730156351","11/16/2023"
"17107","Ukraine","Soviet Union","36 UAZ-452 van","destroyed","https://i.postimg.cc/RhFFXZXP/2008-uaz452-destr-23-11-22.jpg","2023-11-16",730,15636,1,"380-730156361","11/16/2023"
"17108","Ukraine","Soviet Union","36 UAZ-452 van","destroyed","https://i.postimg.cc/SQZDdP1x/2003-uaz452-destr-15-04-22.jpg","2023-11-16",730,15637,1,"380-730156371","11/16/2023"
"17109","Ukraine","Soviet Union","36 UAZ-452 van","destroyed","https://i.postimg.cc/Y9MbDBwh/2014-uaz452-destr-09-06-23.jpg","2023-11-16",730,15638,1,"380-730156381","11/16/2023"
"17110","Ukraine","Soviet Union","36 UAZ-452 van","destroyed","https://i.postimg.cc/YC3NMNJp/2004-UAZ-452-destr-17-07-22.jpg","2023-11-16",730,15639,1,"380-730156391","11/16/2023"
"17111","Ukraine","Soviet Union","36 UAZ-452 van","destroyed","https://i.postimg.cc/kXbTXsdk/2022-UAZ-452-destr-30-04-23.jpg","2023-11-16",730,15640,1,"380-730156401","11/16/2023"
"17112","Ukraine","Soviet Union","36 UAZ-452 van","destroyed","https://i.postimg.cc/6QHg5QjX/443k.png","2023-11-16",730,15641,1,"380-730156411","11/16/2023"
"17113","Ukraine","Soviet Union","36 UAZ-452 van","destroyed","https://i.postimg.cc/DwTzQGQT/480.png","2023-11-16",730,15642,1,"380-730156421","11/16/2023"
"17114","Ukraine","Soviet Union","36 UAZ-452 van","destroyed","https://i.postimg.cc/mZjttJgN/2011-uaz452-destr-12-10-23.jpg","2023-11-16",730,15643,1,"380-730156431","11/16/2023"
"17115","Ukraine","Soviet Union","36 UAZ-452 van","destroyed","https://i.postimg.cc/Hk2hS82z/2006-UAZ-452-destr-24-03-23.jpg","2023-11-16",730,15644,1,"380-730156441","11/16/2023"
"17116","Ukraine","Soviet Union","36 UAZ-452 van","damaged","https://i.postimg.cc/QxtH06yD/2000-uaz452-dam-06-01-23.jpg","2023-11-16",730,15645,2,"380-730156452","11/16/2023"
"17117","Ukraine","Soviet Union","36 UAZ-452 van","damaged","https://i.postimg.cc/T3K9sgbT/32770.png","2023-11-16",730,15646,2,"380-730156462","11/16/2023"
"17118","Ukraine","Soviet Union","36 UAZ-452 van","abandoned","https://i.postimg.cc/T3K9sgbT/32770.png","2023-11-16",730,15646,4,"380-730156464","11/16/2023"
"17119","Ukraine","Soviet Union","36 UAZ-452 van","captured","https://i.postimg.cc/NFjnSrgK/bl.png","2023-11-16",730,15647,3,"380-730156473","11/16/2023"
"17120","Ukraine","Soviet Union","36 UAZ-452 van","captured","https://i.postimg.cc/d0vnz2LL/2dh.png","2023-11-16",730,15648,3,"380-730156483","11/16/2023"
"17121","Ukraine","Germany","Armoured Volkswagen Amarok pickup truck","damaged","https://i.postimg.cc/tgB7S9GQ/65.png","2023-11-16",731,15649,2,"380-731156492","11/16/2023"
"17122","Ukraine","Germany","Armoured Volkswagen Amarok pickup truck","captured","https://i.postimg.cc/tgB7S9GQ/65.png","2023-11-16",731,15649,3,"380-731156493","11/16/2023"
"17123","Ukraine","Ukraine","Bogdan-2251 ambulance pickup truck","destroyed","https://i.postimg.cc/CKw9gRPm/76400.png","2023-11-16",732,15650,1,"380-732156501","11/16/2023"
"17124","Ukraine","Ukraine","Bogdan-2251 ambulance pickup truck","destroyed","https://i.postimg.cc/3RjX9jjM/2014-Bogdan-2351-ambulance-pickup-truck-destr-06-07-22.jpg","2023-11-16",732,15651,1,"380-732156511","11/16/2023"
"17125","Ukraine","Ukraine","Bogdan-2251 ambulance pickup truck","destroyed","https://i.postimg.cc/KY61mKW1/2010-Bogdan-2351-ambulance-destr-01-04-22.jpg","2023-11-16",732,15652,1,"380-732156521","11/16/2023"
"17126","Ukraine","Ukraine","Bogdan-2251 ambulance pickup truck","destroyed","https://i.postimg.cc/RFwNhSrX/2022-Bogdan-2351-ambulance-pickup-truck-destr-15-04-22.jpg","2023-11-16",732,15653,1,"380-732156531","11/16/2023"
"17127","Ukraine","Ukraine","Bogdan-2251 ambulance pickup truck","destroyed","https://i.postimg.cc/Kc6K01RR/2000-Bogdan-2351-ambulance-pickup-truck-destr-18-05-22.jpg","2023-11-16",732,15654,1,"380-732156541","11/16/2023"
"17128","Ukraine","Ukraine","Bogdan-2251 ambulance pickup truck","destroyed","https://i.postimg.cc/rm29YyLz/2003-Bogdan-2251-ambulance-destr-17-08-22.jpg","2023-11-16",732,15655,1,"380-732156551","11/16/2023"
"17129","Ukraine","Ukraine","Bogdan-2251 ambulance pickup truck","destroyed","https://i.postimg.cc/FFCLV8WL/4476.png","2023-11-16",732,15656,1,"380-732156561","11/16/2023"
"17130","Ukraine","Ukraine","Bogdan-2251 ambulance pickup truck","destroyed","https://i.postimg.cc/zBq5YXKN/2000-Bogdan-2251-Ambulance-destr-31-05-23.jpg","2023-11-16",732,15657,1,"380-732156571","11/16/2023"
"17131","Ukraine","Ukraine","Bogdan-2251 ambulance pickup truck","destroyed","https://i.postimg.cc/FF3y9N8B/2000-Bogdan-2251-ambulance-destr-07-11-22.jpg","2023-11-16",732,15658,1,"380-732156581","11/16/2023"
"17132","Ukraine","Ukraine","Bogdan-2251 ambulance pickup truck","destroyed","https://i.postimg.cc/VLwjv2cL/2010-Bogdan-2251-ambulance-destr-31-08-22.jpg","2023-11-16",732,15659,1,"380-732156591","11/16/2023"
"17133","Ukraine","Ukraine","Bogdan-2251 ambulance pickup truck","destroyed","https://i.postimg.cc/jjJBF2bN/2001-Bogdan-2251-ambulance-destr-09-06-23.jpg","2023-11-16",732,15660,1,"380-732156601","11/16/2023"
"17134","Ukraine","Ukraine","Bogdan-2251 ambulance pickup truck","destroyed","https://i.postimg.cc/26chSTjn/870.png","2023-11-16",732,15661,1,"380-732156611","11/16/2023"
"17135","Ukraine","Ukraine","Bogdan-2251 ambulance pickup truck","captured","https://i.postimg.cc/8zhmj3DM/54t.png","2023-11-16",732,15662,3,"380-732156623","11/16/2023"
"17136","Ukraine","Ukraine","Bogdan-2251 ambulance pickup truck","captured","https://i.postimg.cc/c4dR9LXB/2006-Bogdan-2251-Ambulance-capt-xx-07-22.jpg","2023-11-16",732,15663,3,"380-732156633","11/16/2023"
"17137","Ukraine","Ukraine","Bogdan-2251 ambulance pickup truck","captured","https://i.postimg.cc/W4dhqjpn/2007-bogdan-2251-ambulance-capt-13-04-22.jpg","2023-11-16",732,15664,3,"380-732156643","11/16/2023"
"17138","Ukraine","Ukraine","Bogdan-2251 ambulance pickup truck","captured","https://i.postimg.cc/QxvdHbF1/334f.png","2023-11-16",732,15665,3,"380-732156653","11/16/2023"
"17139","Ukraine","Ukraine","Armed pickup truck","destroyed","https://i.postimg.cc/02vqMs8b/6690.jpg","2023-11-16",733,15666,1,"380-733156661","11/16/2023"
"17140","Ukraine","Ukraine","Armed pickup truck","destroyed","https://i.postimg.cc/Vsn8k6Px/6689.jpg","2023-11-16",733,15667,1,"380-733156671","11/16/2023"
"17141","Ukraine","Ukraine","Armed pickup truck","destroyed","https://i.postimg.cc/gjQnYBXn/87.jpg","2023-11-16",733,15668,1,"380-733156681","11/16/2023"
"17142","Ukraine","France","Peugeot P4","destroyed","https://i.postimg.cc/gkd4DQVG/2000-Peugeot-P4.jpg","2023-11-16",734,15669,1,"380-734156691","11/16/2023"
"17143","Ukraine","France","Peugeot P4","destroyed","https://i.postimg.cc/3J1L3hvM/2000-Peugeot-P4-destr-30-12-22.jpg","2023-11-16",734,15670,1,"380-734156701","11/16/2023"
"17144","Ukraine","Netherlands","DAF YAD 4442 NT","destroyed","https://i.postimg.cc/bJp5VY8K/2003-YAD-4442-NT-destr-21-06-23.jpg","2023-11-16",735,15671,1,"380-735156711","11/16/2023"
"17145","Ukraine","Netherlands","DAF YAD 4442 NT","destroyed","https://i.postimg.cc/Hs4M6ys0/2020-YAD-4442-NT-destr-04-06-23.jpg","2023-11-16",735,15672,1,"380-735156721","11/16/2023"
"17146","Ukraine","Italy","1 Iveco Magirus 90-16 AW 4x4","destroyed","https://i.postimg.cc/BbwwvxD0/2007-Iveco-Magirus-90-16-AW-4x4-destr-23-06-23.jpg","2023-11-16",736,15673,1,"380-736156731","11/16/2023"
"17147","Ukraine","Italy","1 Iveco VM90","destroyed","https://i.postimg.cc/VNW4W9Jw/443f3.png","2023-11-16",737,15674,1,"380-737156741","11/16/2023"
"17148","Ukraine","Switzerland","Downgraded Mowag Eagle II","destroyed","https://i.postimg.cc/gJ68NVLw/2001-downgraded-Mowag-Eagle-II-destr-09-08-23.jpg","2023-11-16",738,15675,1,"380-738156751","11/16/2023"
"17149","Ukraine","Ukraine","Unknown truck","destroyed","https://i.postimg.cc/d0jcH5hy/542.png","2023-11-16",739,15676,1,"380-739156761","11/16/2023"
"17150","Ukraine","Ukraine","Unknown truck","destroyed","https://i.postimg.cc/4yz0rXTH/6h6.jpg","2023-11-16",739,15677,1,"380-739156771","11/16/2023"
"17151","Ukraine","Ukraine","Unknown truck","destroyed","https://i.postimg.cc/ryd7kXqN/1013.png","2023-11-16",739,15678,1,"380-739156781","11/16/2023"
"17152","Ukraine","Ukraine","Unknown truck","destroyed","https://i.postimg.cc/QdnM0gx9/4fh.png","2023-11-16",739,15679,1,"380-739156791","11/16/2023"
"17153","Ukraine","Ukraine","Unknown truck","destroyed","https://i.postimg.cc/BnNpxWwv/33.jpg","2023-11-16",739,14218,1,"380-739142181","11/16/2023"
"17154","Ukraine","Ukraine","Unknown truck","destroyed","https://i.postimg.cc/02rY35Tx/580.png","2023-11-16",739,15680,1,"380-739156801","11/16/2023"
"17155","Ukraine","Ukraine","Unknown truck","destroyed","https://i.postimg.cc/sfPqrvYP/f22.png","2023-11-16",739,15681,1,"380-739156811","11/16/2023"
"17156","Ukraine","Ukraine","Unknown truck","destroyed","https://postlmg.cc/yWr0VsJ4","2023-11-16",739,15682,1,"380-739156821","11/16/2023"
"17157","Ukraine","Ukraine","Unknown truck","destroyed","https://i.postimg.cc/xTtBCC95/6hk.jpg","2023-11-16",739,15683,1,"380-739156831","11/16/2023"
"17158","Ukraine","Ukraine","Unknown truck","destroyed","https://i.postimg.cc/nV9FvX5k/f60.jpg","2023-11-16",739,14219,1,"380-739142191","11/16/2023"
"17159","Ukraine","Ukraine","Unknown truck","destroyed","https://i.postimg.cc/xjHhH1Wr/ku4.png","2023-11-16",739,15684,1,"380-739156841","11/16/2023"
"17160","Ukraine","Ukraine","Unknown truck","destroyed","https://i.postimg.cc/mkDzPGdT/te2.png","2023-11-16",739,15685,1,"380-739156851","11/16/2023"
"17161","Ukraine","Ukraine","Unknown truck","destroyed","https://i.postimg.cc/J0bFWpb7/ku3.png","2023-11-16",739,15686,1,"380-739156861","11/16/2023"
"17162","Ukraine","Ukraine","Unknown truck","destroyed","https://i.postimg.cc/fLSF8zy9/ku1.png","2023-11-16",739,15687,1,"380-739156871","11/16/2023"
"17163","Ukraine","Ukraine","Unknown truck","destroyed","https://i.postimg.cc/8PB853th/477.png","2023-11-16",739,15688,1,"380-739156881","11/16/2023"
"17164","Ukraine","Ukraine","Unknown truck","destroyed","https://i.postimg.cc/L8GZd2sh/321.png","2023-11-16",739,15689,1,"380-739156891","11/16/2023"
"17165","Ukraine","Ukraine","Unknown truck","destroyed","https://i.postimg.cc/vB4Tf41M/764.jpg","2023-11-16",739,15690,1,"380-739156901","11/16/2023"
"17166","Ukraine","Ukraine","Unknown truck","destroyed","https://twitter.com/RALee85/status/1512670441722327045","2023-11-16",739,15691,1,"380-739156911","11/16/2023"
"17167","Ukraine","Ukraine","Unknown truck","destroyed","https://i.postimg.cc/xdxy9bDS/t1.jpg","2023-11-16",739,15692,1,"380-739156921","11/16/2023"
"17168","Ukraine","Ukraine","Unknown truck","destroyed","https://i.postimg.cc/nzXKrcp9/t2.jpg","2023-11-16",739,15693,1,"380-739156931","11/16/2023"
"17169","Ukraine","Ukraine","Unknown truck","destroyed","https://i.postimg.cc/mg7VFFRp/668.jpg","2023-11-16",739,15694,1,"380-739156941","11/16/2023"
"17170","Ukraine","Ukraine","Unknown truck","destroyed","https://postimg.cc/67ZynDH1","2023-11-16",739,15695,1,"380-739156951","11/16/2023"
"17171","Ukraine","Ukraine","Unknown truck","destroyed","https://i.postimg.cc/8CzFgs7w/g1.jpg","2023-11-16",739,15696,1,"380-739156961","11/16/2023"
"17172","Ukraine","Ukraine","Unknown truck","destroyed","https://i.postimg.cc/4nRZf2Bs/g2.jpg","2023-11-16",739,15697,1,"380-739156971","11/16/2023"
"17173","Ukraine","Ukraine","Unknown truck","destroyed","https://i.postimg.cc/zvgJtQfW/2002.jpg","2023-11-16",739,15698,1,"380-739156981","11/16/2023"
"17174","Ukraine","Ukraine","Unknown truck","destroyed","https://twitter.com/UAWeapons/status/1545021770008240130","2023-11-16",739,12173,1,"380-739121731","11/16/2023"
"17175","Ukraine","Ukraine","Unknown truck","destroyed","https://twitter.com/UAWeapons/status/1545729747384156162","2023-11-16",739,15699,1,"380-739156991","11/16/2023"
"17176","Ukraine","Ukraine","Unknown truck","destroyed","https://twitter.com/RALee85/status/1545905428776747016","2023-11-16",739,15700,1,"380-739157001","11/16/2023"
"17177","Ukraine","Ukraine","Unknown truck","destroyed","https://i.postimg.cc/wBz7ZMVW/2004-unkn-truck-destr-27-02-23.png","2023-11-16",739,15701,1,"380-739157011","11/16/2023"
"17178","Ukraine","Ukraine","Unknown truck","destroyed","https://i.postimg.cc/cLZKyxxH/2002-unkn-truck-12-01-23.jpg","2023-11-16",739,15702,1,"380-739157021","11/16/2023"
"17179","Ukraine","Ukraine","Unknown truck","destroyed","https://twitter.com/UAWeapons/status/1550486419243761666","2023-11-16",739,15703,1,"380-739157031","11/16/2023"
"17180","Ukraine","Ukraine","Unknown truck","destroyed","https://postimg.cc/0zmXQ3ph","2023-11-16",739,15704,1,"380-739157041","11/16/2023"
"17181","Ukraine","Ukraine","Unknown truck","destroyed","https://postimg.cc/YLhbwyrn","2023-11-16",739,15705,1,"380-739157051","11/16/2023"
"17182","Ukraine","Ukraine","Unknown truck","destroyed","https://postimg.cc/1fVJCTY4","2023-11-16",739,15706,1,"380-739157061","11/16/2023"
"17183","Ukraine","Ukraine","Unknown truck","destroyed","https://twitter.com/UAWeapons/status/1552699448614060033","2023-11-16",739,13599,1,"380-739135991","11/16/2023"
"17184","Ukraine","Ukraine","Unknown truck","destroyed","https://twitter.com/UAWeapons/status/1554424738914734081","2023-11-16",739,15707,1,"380-739157071","11/16/2023"
"17185","Ukraine","Ukraine","Unknown truck","destroyed","https://i.postimg.cc/15GCKJtS/2003-unkn-truck.jpg","2023-11-16",739,15708,1,"380-739157081","11/16/2023"
"17186","Ukraine","Ukraine","Unknown truck","destroyed","https://i.postimg.cc/gjNYh2K4/d35.png","2023-11-16",739,15709,1,"380-739157091","11/16/2023"
"17187","Ukraine","Ukraine","Unknown truck","destroyed","https://i.postimg.cc/W3smp5Yr/4ff2.png","2023-11-16",739,15710,1,"380-739157101","11/16/2023"
"17188","Ukraine","Ukraine","Unknown truck","destroyed","https://i.postimg.cc/VvC9w4xL/2000-unkn-truck.jpg","2023-11-16",739,15711,1,"380-739157111","11/16/2023"
"17189","Ukraine","Ukraine","Unknown truck","destroyed","https://i.postimg.cc/Yqv4XN4z/2006-truck.jpg","2023-11-16",739,15712,1,"380-739157121","11/16/2023"
"17190","Ukraine","Ukraine","Unknown truck","destroyed","https://i.postimg.cc/CM63zFgJ/443.png","2023-11-16",739,15713,1,"380-739157131","11/16/2023"
"17191","Ukraine","Ukraine","Unknown truck","destroyed","https://i.postimg.cc/K8kwYzYC/3d21.png","2023-11-16",739,15714,1,"380-739157141","11/16/2023"
"17192","Ukraine","Ukraine","Unknown truck","destroyed","https://twitter.com/UAWeapons/status/1583037751460446208","2023-11-16",739,11573,1,"380-739115731","11/16/2023"
"17193","Ukraine","Ukraine","Unknown truck","destroyed","https://twitter.com/imp_navigator/status/1588452311508172800","2023-11-16",739,14141,1,"380-739141411","11/16/2023"
"17194","Ukraine","Ukraine","Unknown truck","destroyed","https://i.postimg.cc/4NDBkRtF/3326.png","2023-11-16",739,15715,1,"380-739157151","11/16/2023"
"17195","Ukraine","Ukraine","Unknown truck","destroyed","https://i.postimg.cc/yNPWshtg/53.png","2023-11-16",739,15716,1,"380-739157161","11/16/2023"
"17196","Ukraine","Ukraine","Unknown truck","destroyed","https://i.postimg.cc/90Ff8tcv/4776.png","2023-11-16",739,15717,1,"380-739157171","11/16/2023"
"17197","Ukraine","Ukraine","Unknown truck","destroyed","https://i.postimg.cc/cLFyTZKs/2022-08-07-UA-unknown-truck-destroyed.jpg","2023-11-16",739,15718,1,"380-739157181","11/16/2023"
"17198","Ukraine","Ukraine","Unknown truck","destroyed","https://i.postimg.cc/J496djT1/43.png","2023-11-16",739,15719,1,"380-739157191","11/16/2023"
"17199","Ukraine","Ukraine","Unknown truck","destroyed","https://i.postimg.cc/W3wTCZ3w/2004-unkn-truck-destr-06-03-23.jpg","2023-11-16",739,15720,1,"380-739157201","11/16/2023"
"17200","Ukraine","Ukraine","Unknown truck","destroyed","https://i.postimg.cc/YSK3kWPc/2014-unkn-truck-destr-14-05-23.jpg","2023-11-16",739,15721,1,"380-739157211","11/16/2023"
"17201","Ukraine","Ukraine","Unknown truck","destroyed","https://i.postimg.cc/J4WYJ5jj/2004-unkn-truck-destr-26-05-23.jpg","2023-11-16",739,15722,1,"380-739157221","11/16/2023"
"17202","Ukraine","Ukraine","Unknown truck","destroyed","https://i.postimg.cc/pV8RDPJV/2004-unkn-truck-with-Zu23-2-destr-05-07-23.jpg","2023-11-16",739,15723,1,"380-739157231","11/16/2023"
"17203","Ukraine","Ukraine","Unknown truck","destroyed","https://i.postimg.cc/RCpCY8cX/8i.png","2023-11-16",739,15724,1,"380-739157241","11/16/2023"
"17204","Ukraine","Ukraine","Unknown truck","damaged","https://i.postimg.cc/4xBF4TJG/37.jpg","2023-11-16",739,15725,2,"380-739157252","11/16/2023"
"17205","Ukraine","Ukraine","Unknown truck","damaged","https://i.postimg.cc/3Jzj3bLL/bnm.png","2023-11-16",739,15726,2,"380-739157262","11/16/2023"
"17206","Ukraine","Ukraine","Unknown truck","abandoned","https://i.postimg.cc/3Jzj3bLL/bnm.png","2023-11-16",739,15726,4,"380-739157264","11/16/2023"
"17207","Ukraine","Ukraine","Unknown truck","captured","https://i.postimg.cc/JnP8Cxr0/Screenshot-8249.png","2023-11-16",739,15727,3,"380-739157273","11/16/2023"
"17208","Ukraine","Ukraine","Unknown truck","captured","https://i.postimg.cc/c1Dj5KT3/3557.png","2023-11-16",739,15728,3,"380-739157283","11/16/2023"
"17209","Ukraine","Ukraine","Unknown truck","captured","https://postlmg.cc/470fJLsW","2023-11-16",739,15729,3,"380-739157293","11/16/2023"
"17210","Ukraine","Ukraine","Unknown vehicle","destroyed","https://twitter.com/UAWeapons/status/1506224014498357252","2023-11-16",740,15730,1,"380-740157301","11/16/2023"
"17211","Ukraine","Ukraine","Unknown vehicle","destroyed","https://i.postimg.cc/8zp60hrh/32.jpg","2023-11-16",740,15731,1,"380-740157311","11/16/2023"
"17212","Ukraine","Ukraine","Unknown vehicle","destroyed","https://i.postimg.cc/ZqBzP3Qx/5gj.png","2023-11-16",740,15732,1,"380-740157321","11/16/2023"
"17213","Ukraine","Ukraine","Unknown vehicle","destroyed","https://i.postimg.cc/3Nzz7rkv/u1.jpg","2023-11-16",740,15733,1,"380-740157331","11/16/2023"
"17214","Ukraine","Ukraine","Unknown vehicle","destroyed","https://i.postimg.cc/G3fWvKXm/u2.jpg","2023-11-16",740,15734,1,"380-740157341","11/16/2023"
"17215","Ukraine","Ukraine","Unknown vehicle","destroyed","https://i.postimg.cc/2SQgRDr1/u3.jpg","2023-11-16",740,15735,1,"380-740157351","11/16/2023"
"17216","Ukraine","Ukraine","Unknown vehicle","destroyed","https://i.postimg.cc/RVCJ72dZ/u1.jpg","2023-11-16",740,15736,1,"380-740157361","11/16/2023"
"17217","Ukraine","Ukraine","Unknown vehicle","destroyed","https://i.postimg.cc/wjyvFzmg/446.jpg","2023-11-16",740,15737,1,"380-740157371","11/16/2023"
"17218","Ukraine","Ukraine","Unknown vehicle","destroyed","https://i.postimg.cc/W43yHnyk/f6.jpg","2023-11-16",740,15738,1,"380-740157381","11/16/2023"
"17219","Ukraine","Ukraine","Unknown vehicle","destroyed","https://i.postimg.cc/pT562dRV/f7.jpg","2023-11-16",740,15739,1,"380-740157391","11/16/2023"
"17220","Ukraine","Ukraine","Unknown vehicle","destroyed","https://i.postimg.cc/d0y9nJW1/33y.png","2023-11-16",740,15740,1,"380-740157401","11/16/2023"
"17221","Ukraine","Ukraine","Unknown vehicle","destroyed","https://i.postimg.cc/yNgPRr5v/t12.jpg","2023-11-16",740,15741,1,"380-740157411","11/16/2023"
"17222","Ukraine","Ukraine","Unknown vehicle","destroyed","https://i.postimg.cc/qvjrSD3d/779.jpg","2023-11-16",740,15742,1,"380-740157421","11/16/2023"
"17223","Ukraine","Ukraine","Unknown vehicle","destroyed","https://i.postimg.cc/RFTN92sS/4467.jpg","2023-11-16",740,15743,1,"380-740157431","11/16/2023"
"17224","Ukraine","Ukraine","Unknown vehicle","destroyed","https://i.postimg.cc/GphX6Wjv/2001.jpg","2023-11-16",740,15744,1,"380-740157441","11/16/2023"
"17225","Ukraine","Ukraine","Unknown vehicle","destroyed","https://i.postimg.cc/J4fq7bFd/2000-unkn-vehicle.jpg","2023-11-16",740,15745,1,"380-740157451","11/16/2023"
"17226","Ukraine","Ukraine","Unknown vehicle","destroyed","https://postlmg.cc/phXQVhnt","2023-11-16",740,15746,1,"380-740157461","11/16/2023"
"17227","Ukraine","Ukraine","Unknown vehicle","destroyed","https://i.postimg.cc/Hn0ndS94/2007-unkn-veh-destr.jpg","2023-11-16",740,15747,1,"380-740157471","11/16/2023"
"17228","Ukraine","Ukraine","Unknown vehicle","destroyed","https://i.postimg.cc/VN6x5cGB/477.png","2023-11-16",740,15748,1,"380-740157481","11/16/2023"
"17229","Ukraine","Ukraine","Unknown vehicle","destroyed","https://i.postimg.cc/nr1bj67m/4318.png","2023-11-16",740,15749,1,"380-740157491","11/16/2023"
"17230","Ukraine","Ukraine","Unknown vehicle","destroyed","https://i.postimg.cc/FKjwYM0x/287.png","2023-11-16",740,15750,1,"380-740157501","11/16/2023"
"17231","Ukraine","Ukraine","Unknown vehicle","destroyed","https://i.postimg.cc/xdJMgQ6K/4366.png","2023-11-16",740,15751,1,"380-740157511","11/16/2023"
"17232","Ukraine","Ukraine","Unknown vehicle","destroyed","https://i.postimg.cc/Fs3MkFsD/5g3.png","2023-11-16",740,15752,1,"380-740157521","11/16/2023"
"17233","Ukraine","Ukraine","Unknown vehicle","destroyed","https://i.postimg.cc/QCrq2DGd/f2f.png","2023-11-16",740,15753,1,"380-740157531","11/16/2023"
"17234","Ukraine","Ukraine","Unknown vehicle","destroyed","https://i.postimg.cc/5ynFsWfG/f2fo.png","2023-11-16",740,15754,1,"380-740157541","11/16/2023"
"17235","Ukraine","Ukraine","Unknown vehicle","destroyed","https://i.postimg.cc/3wPcHfKr/47.png","2023-11-16",740,15755,1,"380-740157551","11/16/2023"
"17236","Ukraine","Ukraine","Unknown vehicle","destroyed","https://i.postimg.cc/BnFFVmwB/370.png","2023-11-16",740,15756,1,"380-740157561","11/16/2023"
"17237","Ukraine","Ukraine","Unknown vehicle","destroyed","https://i.postimg.cc/J79Z5wpz/5879.png","2023-11-16",740,15757,1,"380-740157571","11/16/2023"
"17238","Ukraine","Ukraine","Unknown vehicle","destroyed","https://i.postimg.cc/05Fc9zXP/438.png","2023-11-16",740,15758,1,"380-740157581","11/16/2023"
"17239","Ukraine","Ukraine","Unknown vehicle","destroyed","https://i.postimg.cc/JhSGsCfD/479.png","2023-11-16",740,15759,1,"380-740157591","11/16/2023"
"17240","Ukraine","Ukraine","Unknown vehicle","destroyed","https://i.postimg.cc/XqCKrg13/43770.png","2023-11-16",740,15760,1,"380-740157601","11/16/2023"
"17241","Ukraine","Ukraine","Unknown vehicle","destroyed","https://i.postimg.cc/KYLDHLBh/5590.png","2023-11-16",740,15761,1,"380-740157611","11/16/2023"
"17242","Ukraine","Ukraine","Unknown vehicle","destroyed","https://i.postimg.cc/K8GfvVxC/265.png","2023-11-16",740,15762,1,"380-740157621","11/16/2023"
"17243","Ukraine","Ukraine","Unknown vehicle","destroyed","https://i.postimg.cc/bY1908vK/f38.png","2023-11-16",740,15763,1,"380-740157631","11/16/2023"
"17244","Ukraine","Ukraine","Unknown vehicle","destroyed","https://i.postimg.cc/Xv1XW6wq/2002-2x-BMP-1s-BMP-2-BMP-1-2-T-64-BV-Zr-2017-T-72-AV-Unkn-Vehicle-destr-31-07-23.jpg","2023-11-16",740,11687,1,"380-740116871","11/16/2023"
"17245","Ukraine","Ukraine","Unknown vehicle","destroyed","https://postimg.cc/QFzg9x1V","2023-11-16",740,15764,1,"380-740157641","11/16/2023"
