"","latitude","longitude","bright_ti4","scan","track","acq_date","acq_time","satellite","confidence","version","bright_ti5","frp","daynight"
"1",62.59339,39.81341,305.03,0.46,0.39,"2025-09-29",22,"N20","nominal","2.0NRT",270.7,1.01,"N"
"2",37.01493,36.10538,303.22,0.63,0.72,"2025-09-29",30,"N20","nominal","2.0NRT",289.74,1.47,"N"
"3",36.75103,36.19834,309.16,0.65,0.73,"2025-09-29",30,"N20","nominal","2.0NRT",290.51,2.21,"N"
"4",56.26427,53.47834,299.52,0.65,0.73,"2025-09-29",24,"N20","nominal","2.0NRT",268.88,0.85,"N"
"5",14.21394,26.11934,320.93,0.57,0.69,"2025-09-29",35,"N20","nominal","2.0NRT",287.62,3.03,"N"
"6",36.74473,36.19537,304.82,0.65,0.73,"2025-09-29",30,"N20","nominal","2.0NRT",291.17,2.17,"N"
"7",55.58913,51.94582,295.33,0.62,0.72,"2025-09-29",24,"N20","nominal","2.0NRT",272.26,0.79,"N"
"8",36.72999,36.19631,302.2,0.65,0.73,"2025-09-29",30,"N20","nominal","2.0NRT",291.89,1.94,"N"
"9",55.6003,51.89911,304.81,0.62,0.71,"2025-09-29",24,"N20","nominal","2.0NRT",272.33,1.58,"N"
"10",14.20884,26.11271,304.3,0.57,0.69,"2025-09-29",35,"N20","nominal","2.0NRT",287.01,1.56,"N"
"11",55.58889,51.94749,300.35,0.62,0.72,"2025-09-29",24,"N20","nominal","2.0NRT",272.44,0.89,"N"
"12",36.74683,36.19661,313.8,0.65,0.73,"2025-09-29",30,"N20","nominal","2.0NRT",291.12,3.19,"N"
"13",14.19524,26.11535,308.75,0.57,0.69,"2025-09-29",35,"N20","nominal","2.0NRT",288.5,2.88,"N"
"14",36.73212,36.19756,302.47,0.65,0.73,"2025-09-29",30,"N20","nominal","2.0NRT",290.8,2.14,"N"
"15",55.59995,51.90046,304.69,0.62,0.71,"2025-09-29",24,"N20","nominal","2.0NRT",272.3,1.63,"N"
"16",14.189,26.11407,329.79,0.57,0.69,"2025-09-29",35,"N20","nominal","2.0NRT",289.49,2.88,"N"
"17",14.19012,26.10884,308.42,0.57,0.69,"2025-09-29",35,"N20","nominal","2.0NRT",287.72,2.88,"N"
"18",14.18274,26.11284,321.55,0.57,0.69,"2025-09-29",35,"N20","nominal","2.0NRT",288.62,2.87,"N"
"19",36.87048,34.75633,299.49,0.54,0.68,"2025-09-29",30,"N20","nominal","2.0NRT",288.49,1.13,"N"
"20",38.04863,30.25161,299.75,0.59,0.53,"2025-09-29",30,"N20","nominal","2.0NRT",276.5,1.06,"N"
"21",14.18387,26.1076,314.47,0.57,0.69,"2025-09-29",35,"N20","nominal","2.0NRT",287.95,2.87,"N"
"22",38.049,30.25051,295.62,0.59,0.53,"2025-09-29",30,"N20","nominal","2.0NRT",275.65,0.67,"N"
"23",14.17762,26.10637,324.43,0.57,0.69,"2025-09-29",35,"N20","nominal","2.0NRT",287.87,2.87,"N"
"24",38.04437,30.24864,308.81,0.59,0.53,"2025-09-29",30,"N20","nominal","2.0NRT",276.75,1.28,"N"
"25",14.17649,26.11157,306.65,0.57,0.69,"2025-09-29",35,"N20","nominal","2.0NRT",287.13,2.87,"N"
"26",38.04279,30.2551,297.06,0.59,0.53,"2025-09-29",30,"N20","nominal","2.0NRT",277.7,2.46,"N"
"27",38.03975,30.24668,308.14,0.59,0.53,"2025-09-29",30,"N20","nominal","2.0NRT",275.08,1.28,"N"
"28",14.18246,26.05384,304.97,0.56,0.69,"2025-09-29",35,"N20","nominal","2.0NRT",282.71,2.56,"N"
"29",14.17624,26.05256,313.95,0.56,0.69,"2025-09-29",35,"N20","nominal","2.0NRT",282.3,2.56,"N"
"30",14.19824,26.1128,303.88,0.57,0.69,"2025-09-29",35,"N20","nominal","2.0NRT",287.57,1.74,"N"
"31",14.192,26.1115,320.17,0.57,0.69,"2025-09-29",35,"N20","nominal","2.0NRT",288.18,2.96,"N"
"32",14.19091,26.11675,302.6,0.57,0.69,"2025-09-29",35,"N20","nominal","2.0NRT",288.28,2.96,"N"
"33",14.18575,26.11023,337.06,0.57,0.69,"2025-09-29",35,"N20","nominal","2.0NRT",288.36,2.96,"N"
"34",14.18466,26.11548,303.47,0.57,0.69,"2025-09-29",35,"N20","nominal","2.0NRT",287.74,2.96,"N"
"35",14.1795,26.10899,341.3,0.57,0.69,"2025-09-29",35,"N20","nominal","2.0NRT",289,7.18,"N"
"36",14.184,26.05625,300.96,0.56,0.69,"2025-09-29",35,"N20","nominal","2.0NRT",283.26,1.79,"N"
"37",14.17778,26.05495,328.16,0.56,0.69,"2025-09-29",35,"N20","nominal","2.0NRT",284.46,4.04,"N"
"38",13.86563,26.95786,312.52,0.65,0.73,"2025-09-29",35,"N20","nominal","2.0NRT",287.5,2.46,"N"
"39",13.85905,26.95643,305.02,0.65,0.73,"2025-09-29",35,"N20","nominal","2.0NRT",287.81,2.46,"N"
"40",13.85219,26.92424,306.49,0.65,0.73,"2025-09-29",35,"N20","nominal","2.0NRT",281.95,1.4,"N"
"41",13.85095,26.93006,308.03,0.65,0.73,"2025-09-29",35,"N20","nominal","2.0NRT",282.74,1.4,"N"
"42",13.84565,26.92269,326.25,0.65,0.73,"2025-09-29",35,"N20","nominal","2.0NRT",281.31,2.82,"N"
"43",13.8469,26.91689,311.64,0.65,0.73,"2025-09-29",35,"N20","nominal","2.0NRT",282.13,2.46,"N"
"44",13.84441,26.92848,300.42,0.65,0.73,"2025-09-29",35,"N20","nominal","2.0NRT",281.52,2.82,"N"
"45",13.84159,26.90966,302.58,0.65,0.73,"2025-09-29",35,"N20","nominal","2.0NRT",284.23,2.46,"N"
"46",13.84033,26.91546,306.11,0.65,0.73,"2025-09-29",35,"N20","nominal","2.0NRT",283.27,2.46,"N"
"47",13.83909,26.92125,310.81,0.65,0.73,"2025-09-29",35,"N20","nominal","2.0NRT",281.84,2.82,"N"
"48",13.82842,26.90698,300.57,0.65,0.73,"2025-09-29",35,"N20","nominal","2.0NRT",285.42,2.36,"N"
"49",13.84711,26.7941,298.93,0.64,0.72,"2025-09-29",35,"N20","nominal","2.0NRT",280.7,1.69,"N"
"50",13.76271,26.9017,296.63,0.65,0.73,"2025-09-29",35,"N20","nominal","2.0NRT",279.09,1.28,"N"
"51",13.74197,26.11931,297.88,0.58,0.7,"2025-09-29",35,"N20","nominal","2.0NRT",281.7,1.14,"N"
"52",31.3256,32.13996,303.27,0.55,0.68,"2025-09-29",33,"N20","nominal","2.0NRT",292.48,0.64,"N"
"53",13.69257,26.28693,320.81,0.59,0.7,"2025-09-29",35,"N20","nominal","2.0NRT",287.36,2.3,"N"
"54",13.68788,26.30861,348.18,0.6,0.7,"2025-09-29",35,"N20","nominal","2.0NRT",289.42,4.75,"N"
"55",30.70583,33.84262,300.12,0.71,0.75,"2025-09-29",33,"N20","nominal","2.0NRT",290.02,2.2,"N"
"56",30.70365,33.85004,311.94,0.71,0.75,"2025-09-29",33,"N20","nominal","2.0NRT",292.16,2.2,"N"
"57",13.6914,26.29235,308.65,0.59,0.7,"2025-09-29",35,"N20","nominal","2.0NRT",288.1,2.3,"N"
"58",30.70285,33.84993,314.8,0.71,0.75,"2025-09-29",33,"N20","nominal","2.0NRT",292.17,4.46,"N"
"59",13.6867,26.31401,304.67,0.6,0.7,"2025-09-29",35,"N20","nominal","2.0NRT",288.5,4.75,"N"
"60",31.36782,30.33022,301.9,0.43,0.62,"2025-09-29",33,"N20","nominal","2.0NRT",289.93,0.57,"N"
"61",13.73906,26.11824,300.85,0.58,0.7,"2025-09-29",35,"N20","nominal","2.0NRT",282.44,1.43,"N"
"62",31.1412,29.83838,304.85,0.41,0.61,"2025-09-29",33,"N20","nominal","2.0NRT",292.14,0.76,"N"
"63",31.12488,29.81186,321.9,0.41,0.61,"2025-09-29",33,"N20","nominal","2.0NRT",291.77,1.44,"N"
"64",13.69255,26.30942,313.33,0.6,0.7,"2025-09-29",35,"N20","nominal","2.0NRT",287.49,4.34,"N"
"65",13.69076,26.28627,343.66,0.59,0.7,"2025-09-29",35,"N20","nominal","2.0NRT",288.38,8.05,"N"
"66",13.6862,26.308,338.57,0.6,0.7,"2025-09-29",35,"N20","nominal","2.0NRT",288.84,4.34,"N"
"67",13.68962,26.2917,315.65,0.6,0.7,"2025-09-29",35,"N20","nominal","2.0NRT",288.86,6.2,"N"
"68",31.02878,29.75262,314.2,0.41,0.61,"2025-09-29",33,"N20","nominal","2.0NRT",291.65,1.15,"N"
"69",30.99502,29.84035,301.91,0.41,0.61,"2025-09-29",33,"N20","nominal","2.0NRT",289.62,0.7,"N"
"70",13.68506,26.31343,306.53,0.6,0.7,"2025-09-29",35,"N20","nominal","2.0NRT",288.41,5.41,"N"
"71",13.72355,26.09824,326.44,0.58,0.69,"2025-09-29",35,"N20","nominal","2.0NRT",286.63,5.18,"N"
"72",13.68442,26.28485,314.87,0.59,0.7,"2025-09-29",35,"N20","nominal","2.0NRT",288.19,2.11,"N"
"73",30.87999,29.46111,304.54,0.4,0.6,"2025-09-29",33,"N20","nominal","2.0NRT",291.36,0.54,"N"
"74",13.68328,26.29029,308.58,0.6,0.7,"2025-09-29",35,"N20","nominal","2.0NRT",288.41,2.77,"N"
"75",13.67922,26.278,301.8,0.59,0.7,"2025-09-29",35,"N20","nominal","2.0NRT",288.19,2.11,"N"
"76",30.37984,30.56155,304.07,0.47,0.64,"2025-09-29",33,"N20","nominal","2.0NRT",291.93,0.91,"N"
"77",13.67517,26.26571,300.59,0.59,0.7,"2025-09-29",35,"N20","nominal","2.0NRT",287.41,1.23,"N"
"78",29.80387,32.08614,311.98,0.6,0.7,"2025-09-29",33,"N20","nominal","2.0NRT",292.12,2.52,"N"
"79",13.67403,26.27113,303.45,0.59,0.7,"2025-09-29",35,"N20","nominal","2.0NRT",288.34,1.23,"N"
"80",13.6146,26.07231,300.25,0.58,0.7,"2025-09-29",35,"N20","nominal","2.0NRT",279.82,1.06,"N"
"81",29.69216,32.31478,312.07,0.62,0.71,"2025-09-29",33,"N20","nominal","2.0NRT",292.07,2.7,"N"
"82",29.69086,32.31865,312.46,0.62,0.71,"2025-09-29",33,"N20","nominal","2.0NRT",292.66,2.99,"N"
"83",13.60942,26.06574,308.21,0.58,0.69,"2025-09-29",35,"N20","nominal","2.0NRT",283.18,1.76,"N"
"84",30.89876,27.34096,306.6,0.6,0.53,"2025-09-29",33,"N20","nominal","2.0NRT",288.5,1.06,"N"
"85",30.54155,28.49191,305.2,0.36,0.57,"2025-09-29",33,"N20","nominal","2.0NRT",291.47,0.76,"N"
"86",30.81527,27.26856,299.01,0.59,0.53,"2025-09-29",33,"N20","nominal","2.0NRT",288.44,0.38,"N"
"87",30.77185,27.10763,307,0.58,0.52,"2025-09-29",33,"N20","nominal","2.0NRT",289.59,2.29,"N"
"88",30.76248,27.10476,305.22,0.58,0.52,"2025-09-29",33,"N20","nominal","2.0NRT",289.3,1.25,"N"
"89",30.82505,26.469,303.74,0.53,0.5,"2025-09-29",33,"N20","nominal","2.0NRT",288.88,1.03,"N"
"90",30.7056,26.97991,300.65,0.58,0.52,"2025-09-29",33,"N20","nominal","2.0NRT",288.81,1.34,"N"
"91",30.66969,26.36821,312.58,0.53,0.5,"2025-09-29",33,"N20","nominal","2.0NRT",289.23,1.04,"N"
"92",30.37139,27.23189,312.58,0.6,0.53,"2025-09-29",33,"N20","nominal","2.0NRT",288.53,2.38,"N"
"93",30.53681,26.08141,320.83,0.51,0.5,"2025-09-29",33,"N20","nominal","2.0NRT",290.28,2.45,"N"
"94",29.71642,28.63185,302.56,0.38,0.59,"2025-09-29",33,"N20","nominal","2.0NRT",290.02,0.43,"N"
"95",30.30651,26.03897,306.47,0.52,0.5,"2025-09-29",33,"N20","nominal","2.0NRT",289.75,1.05,"N"
"96",29.02024,31.2011,317.4,0.56,0.68,"2025-09-29",33,"N20","nominal","2.0NRT",295.49,3.17,"N"
"97",29.02247,31.20023,306.18,0.56,0.68,"2025-09-29",33,"N20","nominal","2.0NRT",294.04,1.63,"N"
"98",27.16956,31.01155,310.42,0.6,0.71,"2025-09-29",33,"N20","nominal","2.0NRT",294.96,1.91,"N"
"99",61.49755,27.23026,322.9,0.42,0.37,"2025-09-29",24,"N20","nominal","2.0NRT",276.97,2.8,"N"
"100",61.49852,27.22259,304.11,0.42,0.37,"2025-09-29",24,"N20","nominal","2.0NRT",272.32,2.8,"N"
"101",59.14891,37.86653,295.59,0.51,0.41,"2025-09-29",24,"N20","nominal","2.0NRT",269.98,0.94,"N"
"102",59.91353,32.35842,299.45,0.39,0.36,"2025-09-29",24,"N20","nominal","2.0NRT",276.89,0.75,"N"
"103",59.5307,34.14519,318.01,0.41,0.37,"2025-09-29",24,"N20","nominal","2.0NRT",278.72,2.29,"N"
"104",55.57839,46.34196,311.63,0.41,0.61,"2025-09-29",24,"N20","nominal","2.0NRT",273.39,1.14,"N"
"105",59.3838,28.46003,318.18,0.39,0.36,"2025-09-29",24,"N20","nominal","2.0NRT",276.38,1.84,"N"
"106",59.06374,28.13781,300.01,0.39,0.36,"2025-09-29",24,"N20","nominal","2.0NRT",274.97,0.74,"N"
"107",56.69927,29.00573,318.15,0.39,0.36,"2025-09-29",26,"N20","nominal","2.0NRT",274.8,1.49,"N"
"108",55.74977,30.76404,304.36,0.41,0.37,"2025-09-29",26,"N20","nominal","2.0NRT",274.12,0.78,"N"
"109",55.74651,30.76214,301.02,0.41,0.37,"2025-09-29",26,"N20","nominal","2.0NRT",273.62,1.41,"N"
"110",49.58013,37.13096,329.25,0.6,0.53,"2025-09-29",26,"N20","nominal","2.0NRT",275.82,6.91,"N"
"111",49.57796,37.13871,340.28,0.6,0.53,"2025-09-29",26,"N20","nominal","2.0NRT",278.05,6.91,"N"
"112",49.57557,37.12817,331.57,0.6,0.53,"2025-09-29",26,"N20","nominal","2.0NRT",276.03,6.91,"N"
"113",49.19574,37.57133,299.17,0.32,0.55,"2025-09-29",26,"N20","nominal","2.0NRT",271.59,0.59,"N"
"114",49.1946,37.5753,303.55,0.32,0.55,"2025-09-29",26,"N20","nominal","2.0NRT",272.62,0.59,"N"
"115",49.19545,37.57113,302.36,0.32,0.55,"2025-09-29",26,"N20","nominal","2.0NRT",271.87,0.72,"N"
"116",49.19434,37.57511,298.12,0.32,0.55,"2025-09-29",26,"N20","nominal","2.0NRT",273.37,1.2,"N"
"117",48.98955,37.16794,304.23,0.62,0.54,"2025-09-29",26,"N20","nominal","2.0NRT",272.14,1.64,"N"
"118",48.49501,38.79862,306.15,0.38,0.59,"2025-09-29",26,"N20","nominal","2.0NRT",274.93,0.87,"N"
"119",48.46756,38.75852,317.52,0.38,0.59,"2025-09-29",26,"N20","nominal","2.0NRT",283.1,2.66,"N"
"120",48.57573,38.19705,326,0.36,0.57,"2025-09-29",26,"N20","nominal","2.0NRT",272.72,2.41,"N"
"121",48.45161,38.16434,297.26,0.36,0.57,"2025-09-29",26,"N20","nominal","2.0NRT",273.69,0.32,"N"
"122",48.51441,37.74747,319.34,0.34,0.56,"2025-09-29",26,"N20","nominal","2.0NRT",278.7,1.51,"N"
"123",48.51442,37.72781,308.1,0.34,0.56,"2025-09-29",26,"N20","nominal","2.0NRT",274.73,0.5,"N"
"124",48.46423,37.0913,295.81,0.32,0.55,"2025-09-29",26,"N20","nominal","2.0NRT",275.72,0.33,"N"
"125",48.28326,37.1845,327.66,0.33,0.55,"2025-09-29",26,"N20","nominal","2.0NRT",277.4,2.05,"N"
"126",47.71703,38.66574,299.98,0.4,0.6,"2025-09-29",26,"N20","nominal","2.0NRT",273.88,0.53,"N"
"127",47.71209,38.66206,302.19,0.4,0.6,"2025-09-29",26,"N20","nominal","2.0NRT",274.85,1,"N"
"128",47.71568,38.66626,303.52,0.4,0.6,"2025-09-29",26,"N20","nominal","2.0NRT",274.59,1.72,"N"
"129",48.53273,34.64721,296.39,0.5,0.49,"2025-09-29",26,"N20","nominal","2.0NRT",279.35,2.07,"N"
"130",48.53088,34.61654,296.52,0.5,0.49,"2025-09-29",26,"N20","nominal","2.0NRT",279.83,1.66,"N"
"131",48.52165,34.63334,302.79,0.5,0.49,"2025-09-29",26,"N20","nominal","2.0NRT",277.86,0.98,"N"
"132",47.47477,37.73027,310.5,0.37,0.58,"2025-09-29",26,"N20","nominal","2.0NRT",274.17,1.24,"N"
"133",47.88055,35.19129,310.19,0.55,0.51,"2025-09-29",28,"N20","nominal","2.0NRT",277,1.67,"N"
"134",47.87843,35.1897,315.83,0.55,0.51,"2025-09-29",28,"N20","nominal","2.0NRT",277.85,1.74,"N"
"135",47.8769,35.15673,313.07,0.55,0.51,"2025-09-29",28,"N20","nominal","2.0NRT",277.88,1.24,"N"
"136",47.87069,35.16099,339,0.55,0.51,"2025-09-29",28,"N20","nominal","2.0NRT",283.22,6.68,"N"
"137",47.88005,33.41034,303.17,0.47,0.47,"2025-09-29",28,"N20","nominal","2.0NRT",279.82,0.91,"N"
"138",47.87593,33.40807,299.54,0.47,0.47,"2025-09-29",28,"N20","nominal","2.0NRT",279.47,0.91,"N"
"139",47.87445,33.41397,299.63,0.47,0.47,"2025-09-29",28,"N20","nominal","2.0NRT",280.45,0.91,"N"
"140",47.86854,33.43752,300.46,0.47,0.48,"2025-09-29",28,"N20","nominal","2.0NRT",276.69,2.35,"N"
"141",47.87896,33.40825,305.26,0.47,0.47,"2025-09-29",28,"N20","nominal","2.0NRT",280.78,1.15,"N"
"142",47.87172,33.4378,299.94,0.47,0.48,"2025-09-29",28,"N20","nominal","2.0NRT",279.09,1.54,"N"
"143",47.87484,33.40598,295.52,0.47,0.47,"2025-09-29",28,"N20","nominal","2.0NRT",278.69,1.15,"N"
"144",47.86614,33.44142,313.47,0.47,0.48,"2025-09-29",28,"N20","nominal","2.0NRT",276.41,1.54,"N"
"145",47.50523,34.69212,327.74,0.54,0.51,"2025-09-29",28,"N20","nominal","2.0NRT",279.3,4.83,"N"
"146",47.507,34.68536,310.16,0.54,0.51,"2025-09-29",28,"N20","nominal","2.0NRT",275.03,2.73,"N"
"147",45.44629,40.51373,299.86,0.56,0.69,"2025-09-29",28,"N20","nominal","2.0NRT",266.47,1.29,"N"
"148",47.27213,32.23738,316.3,0.43,0.46,"2025-09-29",28,"N20","nominal","2.0NRT",272.58,2.11,"N"
"149",46.98403,32.17089,325.06,0.43,0.46,"2025-09-29",28,"N20","nominal","2.0NRT",274.62,2.85,"N"
"150",46.96788,31.81923,324.61,0.42,0.45,"2025-09-29",28,"N20","nominal","2.0NRT",274.52,1.68,"N"
"151",46.59436,32.65046,306.59,0.47,0.47,"2025-09-29",28,"N20","nominal","2.0NRT",274.95,1.27,"N"
"152",46.59344,32.64919,307.44,0.47,0.47,"2025-09-29",28,"N20","nominal","2.0NRT",276.51,1.87,"N"
"153",46.54163,32.48013,296.36,0.46,0.47,"2025-09-29",28,"N20","nominal","2.0NRT",272.73,1.74,"N"
"154",45.25769,31.67048,338.7,0.46,0.47,"2025-09-29",28,"N20","nominal","2.0NRT",285,7.53,"N"
"155",45.37539,30.9283,310.55,0.42,0.45,"2025-09-29",28,"N20","nominal","2.0NRT",273.53,1.17,"N"
"156",45.35506,30.90167,326.33,0.42,0.45,"2025-09-29",28,"N20","nominal","2.0NRT",274.87,2.52,"N"
"157",38.45863,38.71965,296.7,0.78,0.78,"2025-09-29",30,"N20","nominal","2.0NRT",286.31,1.33,"N"
"158",37.86549,38.13578,319.35,0.76,0.77,"2025-09-29",30,"N20","nominal","2.0NRT",287.3,2.98,"N"
"159",37.86373,38.14111,301.17,0.76,0.77,"2025-09-29",30,"N20","nominal","2.0NRT",286.92,2.98,"N"
"160",37.86676,38.13618,305.49,0.76,0.77,"2025-09-29",30,"N20","nominal","2.0NRT",286.94,2.47,"N"
"161",37.86504,38.14149,299.87,0.76,0.77,"2025-09-29",30,"N20","nominal","2.0NRT",287.01,2.39,"N"
"162",37.85994,38.13346,299.76,0.76,0.77,"2025-09-29",30,"N20","nominal","2.0NRT",286.07,2.47,"N"
"163",37.8581,38.13912,300.28,0.76,0.77,"2025-09-29",30,"N20","nominal","2.0NRT",286.4,2.39,"N"
"164",37.29588,37.15306,297.95,0.7,0.75,"2025-09-29",30,"N20","nominal","2.0NRT",287.38,1.8,"N"
"165",37.91653,34.00588,310.2,0.47,0.64,"2025-09-29",30,"N20","nominal","2.0NRT",279.07,1.21,"N"
"166",37.01395,36.10473,301.18,0.63,0.72,"2025-09-29",30,"N20","nominal","2.0NRT",289.42,1.53,"N"
"167",54.61037,160.30917,328.35,0.39,0.36,"2025-09-29",147,"N20","nominal","2.0NRT",291.24,9.35,"D"
"168",54.6136,160.30759,345.56,0.39,0.36,"2025-09-29",147,"N20","nominal","2.0NRT",299.5,9.35,"D"
"169",54.61266,160.302,353.86,0.39,0.36,"2025-09-29",147,"N20","nominal","2.0NRT",311.95,9.35,"D"
"170",54.6098,160.28497,337.17,0.39,0.36,"2025-09-29",147,"N20","nominal","2.0NRT",295.32,21.69,"D"
"171",51.41646,143.36842,338.31,0.55,0.68,"2025-09-29",147,"N20","nominal","2.0NRT",284.83,4.31,"D"
"172",61.50137,27.23284,308.18,0.36,0.57,"2025-09-29",204,"N20","nominal","2.0NRT",272.93,1,"N"
"173",61.49712,27.22613,302.71,0.36,0.57,"2025-09-29",204,"N20","nominal","2.0NRT",273.05,1.31,"N"
"174",61.50136,27.23219,314.24,0.36,0.57,"2025-09-29",204,"N20","nominal","2.0NRT",273.12,1.07,"N"
"175",61.49712,27.22547,309.81,0.36,0.57,"2025-09-29",204,"N20","nominal","2.0NRT",272.59,0.87,"N"
"176",59.38673,28.45821,306.01,0.48,0.65,"2025-09-29",204,"N20","nominal","2.0NRT",273.37,1.08,"N"
"177",38.16811,140.73906,327.19,0.41,0.37,"2025-09-29",323,"N20","nominal","2.0NRT",291.82,2,"D"
"178",38.34533,140.77994,325.94,0.41,0.37,"2025-09-29",323,"N20","nominal","2.0NRT",295.49,1.15,"D"
"179",24.79614,141.30307,331.22,0.4,0.44,"2025-09-29",319,"N20","low","2.0NRT",306.21,10.36,"D"
"180",41.42794,140.07706,345.07,0.4,0.37,"2025-09-29",325,"N20","nominal","2.0NRT",295.74,6.54,"D"
"181",44.61178,132.9566,330.04,0.42,0.45,"2025-09-29",325,"N20","nominal","2.0NRT",293,1.87,"D"
"182",45.65622,133.10541,325.55,0.39,0.44,"2025-09-29",325,"N20","nominal","2.0NRT",293.65,2.07,"D"
"183",45.50917,131.78763,328.37,0.45,0.47,"2025-09-29",328,"N20","nominal","2.0NRT",295.64,2.62,"D"
"184",45.91562,132.48915,336.62,0.41,0.45,"2025-09-29",328,"N20","nominal","2.0NRT",295.07,4.61,"D"
"185",44.63494,127.17854,330.19,0.39,0.59,"2025-09-29",328,"N20","nominal","2.0NRT",289.82,2.48,"D"
"186",46.43872,132.01535,327.1,0.42,0.45,"2025-09-29",328,"N20","nominal","2.0NRT",292.92,4.57,"D"
"187",46.43753,132.01025,342.68,0.42,0.45,"2025-09-29",328,"N20","nominal","2.0NRT",293.3,5.32,"D"
"188",46.44664,132.01147,351.34,0.42,0.45,"2025-09-29",328,"N20","nominal","2.0NRT",293.33,5.21,"D"
"189",47.08503,133.93166,334.02,0.51,0.41,"2025-09-29",328,"N20","nominal","2.0NRT",290.18,3.19,"D"
"190",46.36383,130.35146,330.6,0.5,0.49,"2025-09-29",328,"N20","nominal","2.0NRT",296.96,5.33,"D"
"191",46.36241,130.35175,336.93,0.5,0.49,"2025-09-29",328,"N20","nominal","2.0NRT",296.75,4.22,"D"
"192",47.23256,134.00569,327.46,0.5,0.41,"2025-09-29",328,"N20","nominal","2.0NRT",292.15,2.96,"D"
"193",47.21684,133.89282,329.52,0.51,0.41,"2025-09-29",328,"N20","nominal","2.0NRT",291.7,3.55,"D"
"194",47.42216,134.03853,325.11,0.5,0.41,"2025-09-29",328,"N20","nominal","2.0NRT",291.92,2.89,"D"
"195",47.42837,134.04961,335.86,0.5,0.41,"2025-09-29",328,"N20","nominal","2.0NRT",291.82,5.21,"D"
"196",47.4299,134.0484,339.82,0.5,0.41,"2025-09-29",328,"N20","nominal","2.0NRT",290.15,5.32,"D"
"197",46.98472,131.91652,329.37,0.41,0.45,"2025-09-29",328,"N20","nominal","2.0NRT",294.07,3.14,"D"
"198",47.45245,132.39084,334.61,0.38,0.43,"2025-09-29",328,"N20","nominal","2.0NRT",291.14,4.03,"D"
"199",48.05293,133.99548,329.84,0.49,0.4,"2025-09-29",328,"N20","nominal","2.0NRT",292.5,3.83,"D"
"200",47.0242,126.73741,326.68,0.34,0.56,"2025-09-29",328,"N20","nominal","2.0NRT",294.46,1.88,"D"
"201",45.8454,122.59441,334.19,0.57,0.69,"2025-09-29",328,"N20","nominal","2.0NRT",292.61,6.12,"D"
"202",49.13147,134.29893,338.83,0.46,0.39,"2025-09-29",328,"N20","nominal","2.0NRT",293.6,6.24,"D"
"203",51.41603,143.36922,337.41,0.47,0.4,"2025-09-29",328,"N20","nominal","2.0NRT",288.47,9.8,"D"
"204",51.41534,143.36824,328.23,0.47,0.4,"2025-09-29",328,"N20","nominal","2.0NRT",288.89,8.29,"D"
"205",48.21049,124.33447,329.83,0.4,0.6,"2025-09-29",328,"N20","nominal","2.0NRT",293.34,5.04,"D"
"206",50.8815,134.26028,331.55,0.43,0.38,"2025-09-29",328,"N20","nominal","2.0NRT",290.23,7,"D"
"207",50.87923,134.24841,325.06,0.43,0.38,"2025-09-29",328,"N20","nominal","2.0NRT",287.26,4.12,"D"
"208",51.59409,135.50137,346.09,0.4,0.37,"2025-09-29",328,"N20","nominal","2.0NRT",292.66,8.16,"D"
"209",51.59934,135.51115,334.97,0.4,0.37,"2025-09-29",328,"N20","nominal","2.0NRT",289.21,6.72,"D"
"210",51.59835,135.50554,342.2,0.4,0.37,"2025-09-29",328,"N20","nominal","2.0NRT",291.47,8.16,"D"
"211",51.69452,135.74419,341.81,0.4,0.37,"2025-09-29",328,"N20","nominal","2.0NRT",292.85,8.73,"D"
"212",37.30887,116.12196,336.54,0.4,0.37,"2025-09-29",506,"N20","nominal","2.0NRT",296.25,3.4,"D"
"213",37.18248,115.39076,335.64,0.42,0.38,"2025-09-29",506,"N20","nominal","2.0NRT",300.45,2.89,"D"
"214",37.31295,116.12553,347.31,0.4,0.37,"2025-09-29",506,"N20","nominal","2.0NRT",296.35,3,"D"
"215",37.31219,116.12107,350.51,0.4,0.37,"2025-09-29",506,"N20","nominal","2.0NRT",297.07,3,"D"
"216",37.31144,116.11662,346.76,0.4,0.37,"2025-09-29",506,"N20","nominal","2.0NRT",296.9,3.11,"D"
"217",37.31628,116.12465,341.39,0.4,0.37,"2025-09-29",506,"N20","nominal","2.0NRT",296.84,3,"D"
"218",37.31553,116.12019,348.57,0.4,0.37,"2025-09-29",506,"N20","nominal","2.0NRT",297.65,3,"D"
"219",37.31477,116.11573,350.36,0.4,0.37,"2025-09-29",506,"N20","nominal","2.0NRT",298.01,3.11,"D"
"220",37.31402,116.11127,335.21,0.4,0.37,"2025-09-29",506,"N20","nominal","2.0NRT",298,3.11,"D"
"221",37.31961,116.12376,335.28,0.4,0.37,"2025-09-29",506,"N20","nominal","2.0NRT",297.11,2.81,"D"
"222",37.31886,116.11931,344.1,0.4,0.37,"2025-09-29",506,"N20","nominal","2.0NRT",298.11,2.81,"D"
"223",37.3181,116.11485,345.95,0.4,0.37,"2025-09-29",506,"N20","nominal","2.0NRT",297.92,2.77,"D"
"224",37.31734,116.11039,338.5,0.4,0.37,"2025-09-29",506,"N20","nominal","2.0NRT",298.29,2.77,"D"
"225",37.32219,116.11842,344.36,0.4,0.37,"2025-09-29",506,"N20","nominal","2.0NRT",297.8,2.81,"D"
"226",37.32143,116.11397,342.89,0.4,0.37,"2025-09-29",506,"N20","nominal","2.0NRT",298.22,2.77,"D"
"227",18.85068,121.86194,335.21,0.39,0.36,"2025-09-29",459,"N20","nominal","2.0NRT",300.66,2.42,"D"
"228",37.32552,116.11755,339.69,0.4,0.37,"2025-09-29",506,"N20","nominal","2.0NRT",299.04,2.46,"D"
"229",37.32885,116.11666,331.79,0.4,0.37,"2025-09-29",506,"N20","nominal","2.0NRT",298.47,2.46,"D"
"230",22.53616,120.35374,334.64,0.4,0.37,"2025-09-29",501,"N20","nominal","2.0NRT",299.66,3.38,"D"
"231",37.23835,115.3851,329.37,0.42,0.38,"2025-09-29",506,"N20","low","2.0NRT",300.43,1.35,"D"
"232",22.53952,120.3531,334.98,0.4,0.37,"2025-09-29",501,"N20","nominal","2.0NRT",298.95,3.38,"D"
"233",37.24254,115.38881,332.06,0.42,0.38,"2025-09-29",506,"N20","nominal","2.0NRT",300.75,1.77,"D"
"234",23.31559,120.21167,338.8,0.4,0.37,"2025-09-29",501,"N20","nominal","2.0NRT",297.49,2.1,"D"
"235",37.24173,115.38418,328.42,0.42,0.38,"2025-09-29",506,"N20","low","2.0NRT",302.25,1.68,"D"
"236",23.35651,120.20785,336.53,0.4,0.37,"2025-09-29",501,"N20","nominal","2.0NRT",299.05,23.35,"D"
"237",37.4028,115.94857,331.48,0.4,0.37,"2025-09-29",506,"N20","low","2.0NRT",302.09,2.4,"D"
"238",23.35732,120.1916,332,0.4,0.37,"2025-09-29",501,"N20","nominal","2.0NRT",298.22,5.42,"D"
"239",23.65434,120.19913,330.27,0.4,0.37,"2025-09-29",501,"N20","low","2.0NRT",300.59,1.53,"D"
"240",37.089,112.01276,329.95,0.57,0.43,"2025-09-29",506,"N20","nominal","2.0NRT",289.17,5.52,"D"
"241",22.76175,115.0079,329.05,0.49,0.48,"2025-09-29",501,"N20","nominal","2.0NRT",295.29,8.04,"D"
"242",39.44412,126.02261,326.55,0.51,0.49,"2025-09-29",506,"N20","nominal","2.0NRT",300.1,2.82,"D"
"243",23.92928,121.59251,329.89,0.38,0.36,"2025-09-29",501,"N20","low","2.0NRT",302.98,2.22,"D"
"244",37.56953,112.25668,326.62,0.54,0.42,"2025-09-29",506,"N20","nominal","2.0NRT",296.44,3.13,"D"
"245",37.57577,112.26742,325.51,0.54,0.42,"2025-09-29",506,"N20","nominal","2.0NRT",295.46,4.94,"D"
"246",24.22714,120.51555,330.91,0.39,0.36,"2025-09-29",501,"N20","low","2.0NRT",303.44,2.81,"D"
"247",24.22409,120.49641,336.48,0.39,0.36,"2025-09-29",501,"N20","nominal","2.0NRT",303.19,5.33,"D"
"248",38.65276,116.74621,334.52,0.39,0.36,"2025-09-29",506,"N20","nominal","2.0NRT",295.24,2.09,"D"
"249",37.92816,112.54429,330.09,0.52,0.41,"2025-09-29",506,"N20","nominal","2.0NRT",293.54,3.66,"D"
"250",24.44029,120.63678,331.37,0.39,0.36,"2025-09-29",501,"N20","nominal","2.0NRT",300.48,1.1,"D"
"251",25.12497,119.07753,330.24,0.42,0.38,"2025-09-29",501,"N20","nominal","2.0NRT",299.47,1.61,"D"
"252",38.95119,118.50873,333.8,0.39,0.36,"2025-09-29",506,"N20","low","2.0NRT",304.86,5.67,"D"
"253",38.9556,118.51865,336.08,0.39,0.36,"2025-09-29",506,"N20","nominal","2.0NRT",305.22,4.72,"D"
"254",25.12839,119.07684,339.49,0.42,0.38,"2025-09-29",501,"N20","nominal","2.0NRT",299.91,1.61,"D"
"255",25.12769,119.07272,342.29,0.42,0.38,"2025-09-29",501,"N20","nominal","2.0NRT",300.07,4.07,"D"
"256",38.77812,116.63388,335.26,0.39,0.36,"2025-09-29",506,"N20","nominal","2.0NRT",294.51,3.02,"D"
"257",25.17403,118.43223,329.7,0.44,0.39,"2025-09-29",501,"N20","nominal","2.0NRT",298.28,5.97,"D"
"258",38.78069,116.62862,336.63,0.39,0.36,"2025-09-29",506,"N20","nominal","2.0NRT",293.79,3.02,"D"
"259",38.97198,117.50152,333.34,0.38,0.36,"2025-09-29",506,"N20","nominal","2.0NRT",304.21,2.96,"D"
"260",25.1775,118.43134,345.01,0.44,0.39,"2025-09-29",501,"N20","nominal","2.0NRT",298.84,5.97,"D"
"261",25.72729,119.31155,333.6,0.41,0.37,"2025-09-29",501,"N20","low","2.0NRT",308.51,6.28,"D"
"262",39.2588,119.03397,331.52,0.4,0.37,"2025-09-29",506,"N20","low","2.0NRT",305.53,2.59,"D"
"263",38.59031,114.36137,342.42,0.43,0.38,"2025-09-29",506,"N20","nominal","2.0NRT",299.19,3.41,"D"
"264",26.17143,119.61078,330.63,0.4,0.37,"2025-09-29",501,"N20","low","2.0NRT",301.97,3.41,"D"
"265",38.88375,115.95824,332.62,0.4,0.37,"2025-09-29",506,"N20","nominal","2.0NRT",301.6,2.72,"D"
"266",26.55302,118.79762,329.78,0.42,0.37,"2025-09-29",501,"N20","low","2.0NRT",302.95,3.67,"D"
"267",39.2877,118.15755,345.34,0.39,0.36,"2025-09-29",506,"N20","nominal","2.0NRT",298.93,5.02,"D"
"268",26.79284,119.71944,330.42,0.39,0.37,"2025-09-29",501,"N20","low","2.0NRT",302.16,4.15,"D"
"269",39.28705,118.15311,346.61,0.39,0.36,"2025-09-29",506,"N20","nominal","2.0NRT",299.18,5.51,"D"
"270",27.12429,118.53073,330.66,0.42,0.38,"2025-09-29",501,"N20","low","2.0NRT",304.69,5.36,"D"
"271",39.29164,118.16119,338.57,0.39,0.36,"2025-09-29",506,"N20","nominal","2.0NRT",299.99,2.83,"D"
"272",27.27866,117.67461,347.58,0.45,0.39,"2025-09-29",504,"N20","nominal","2.0NRT",296.98,9.45,"D"
"273",39.29099,118.15675,345.7,0.39,0.36,"2025-09-29",506,"N20","nominal","2.0NRT",300.25,2.83,"D"
"274",28.67967,118.54383,335.99,0.41,0.37,"2025-09-29",504,"N20","nominal","2.0NRT",301.73,3.44,"D"
"275",40.07164,124.53958,328.03,0.43,0.46,"2025-09-29",506,"N20","nominal","2.0NRT",295.74,1.33,"D"
"276",28.90324,118.95248,331.08,0.4,0.37,"2025-09-29",504,"N20","low","2.0NRT",303.73,4.43,"D"
"277",28.90258,118.94847,330.02,0.4,0.37,"2025-09-29",504,"N20","low","2.0NRT",303.53,4.42,"D"
"278",38.88984,115.23503,331.94,0.41,0.37,"2025-09-29",506,"N20","low","2.0NRT",303.4,1.97,"D"
"279",29.00781,117.16325,328.8,0.45,0.39,"2025-09-29",504,"N20","low","2.0NRT",302.51,6.71,"D"
"280",38.98511,115.73038,346.79,0.4,0.37,"2025-09-29",506,"N20","nominal","2.0NRT",303.87,3.28,"D"
"281",39.43367,118.4621,335.55,0.39,0.36,"2025-09-29",506,"N20","low","2.0NRT",306.1,4.97,"D"
"282",29.25112,117.17816,336.15,0.44,0.39,"2025-09-29",504,"N20","nominal","2.0NRT",299.39,2.86,"D"
"283",29.25028,117.17351,328.74,0.44,0.39,"2025-09-29",504,"N20","low","2.0NRT",301.94,4.71,"D"
"284",39.1925,116.85523,329.96,0.39,0.36,"2025-09-29",506,"N20","low","2.0NRT",304.24,3.23,"D"
"285",38.98347,115.3921,329.62,0.4,0.37,"2025-09-29",506,"N20","low","2.0NRT",302.29,2.88,"D"
"286",29.25621,117.12514,329.05,0.45,0.39,"2025-09-29",504,"N20","low","2.0NRT",302.91,3.09,"D"
"287",30.02881,119.74863,329.83,0.38,0.36,"2025-09-29",504,"N20","nominal","2.0NRT",296.47,2.98,"D"
"288",39.42747,118.06558,340.91,0.39,0.36,"2025-09-29",506,"N20","nominal","2.0NRT",303.33,3.22,"D"
"289",39.00426,115.39106,341.79,0.4,0.37,"2025-09-29",506,"N20","nominal","2.0NRT",307.4,3.12,"D"
"290",30.6035,117.29679,350.02,0.43,0.38,"2025-09-29",504,"N20","nominal","2.0NRT",293.36,5.74,"D"
"291",39.471,118.2504,333.15,0.39,0.36,"2025-09-29",506,"N20","nominal","2.0NRT",304.51,2.3,"D"
"292",30.60769,117.30037,336.21,0.43,0.38,"2025-09-29",504,"N20","nominal","2.0NRT",293.81,5.74,"D"
"293",30.60616,117.29162,336.27,0.43,0.38,"2025-09-29",504,"N20","nominal","2.0NRT",293.41,4.73,"D"
"294",39.65439,118.68,329.26,0.39,0.36,"2025-09-29",506,"N20","low","2.0NRT",303.14,1.4,"D"
"295",30.74393,117.39287,329.19,0.42,0.38,"2025-09-29",504,"N20","nominal","2.0NRT",295.32,3.56,"D"
"296",39.69567,118.87828,339.31,0.4,0.37,"2025-09-29",506,"N20","nominal","2.0NRT",304.39,5.72,"D"
"297",39.40148,116.88183,332.36,0.38,0.36,"2025-09-29",506,"N20","nominal","2.0NRT",303.81,2.51,"D"
"298",30.83794,117.4889,334.87,0.42,0.38,"2025-09-29",504,"N20","nominal","2.0NRT",291.66,2.3,"D"
"299",39.39177,116.82001,333.77,0.39,0.36,"2025-09-29",506,"N20","nominal","2.0NRT",303.23,2.43,"D"
"300",30.8406,117.4838,330.84,0.42,0.38,"2025-09-29",504,"N20","nominal","2.0NRT",291.83,1.68,"D"
"301",39.39108,116.81559,334.29,0.39,0.36,"2025-09-29",506,"N20","nominal","2.0NRT",303.89,2.43,"D"
"302",31.38471,119.29791,331.94,0.39,0.36,"2025-09-29",504,"N20","nominal","2.0NRT",295.94,3.33,"D"
"303",39.70171,118.87212,332.47,0.4,0.37,"2025-09-29",506,"N20","low","2.0NRT",303.58,3.91,"D"
"304",39.41161,116.83783,330.67,0.39,0.36,"2025-09-29",506,"N20","low","2.0NRT",303.7,1.96,"D"
"305",33.97027,117.11116,328.5,0.4,0.37,"2025-09-29",504,"N20","nominal","2.0NRT",291.92,2.64,"D"
"306",39.61186,117.95446,346.08,0.39,0.36,"2025-09-29",506,"N20","nominal","2.0NRT",308.28,10.27,"D"
"307",33.8005,113.45001,329.73,0.56,0.43,"2025-09-29",504,"N20","nominal","2.0NRT",298.85,4.02,"D"
"308",39.57825,117.68165,342.03,0.38,0.36,"2025-09-29",506,"N20","nominal","2.0NRT",305.16,10.09,"D"
"309",33.80029,113.44836,327.69,0.56,0.43,"2025-09-29",504,"N20","nominal","2.0NRT",297.02,7.15,"D"
"310",39.58153,117.68084,330.48,0.38,0.36,"2025-09-29",506,"N20","nominal","2.0NRT",299.25,3.56,"D"
"311",35.04397,116.14513,353.94,0.42,0.38,"2025-09-29",506,"N20","nominal","2.0NRT",299.95,9.95,"D"
"312",39.75771,118.09143,345.73,0.39,0.36,"2025-09-29",506,"N20","nominal","2.0NRT",303.87,6.96,"D"
"313",35.04318,116.14062,356.45,0.42,0.38,"2025-09-29",506,"N20","low","2.0NRT",301.02,9.95,"D"
"314",35.04736,116.14425,355.11,0.42,0.38,"2025-09-29",506,"N20","nominal","2.0NRT",303.04,9.95,"D"
"315",39.87876,118.55905,330.35,0.39,0.36,"2025-09-29",506,"N20","low","2.0NRT",303.22,3.06,"D"
"316",35.04658,116.13975,356.39,0.42,0.38,"2025-09-29",506,"N20","low","2.0NRT",302.4,9.95,"D"
"317",39.94281,118.55959,329.09,0.39,0.36,"2025-09-29",506,"N20","low","2.0NRT",301.95,1.99,"D"
"318",35.05075,116.14338,348.01,0.42,0.38,"2025-09-29",506,"N20","nominal","2.0NRT",299.46,4.1,"D"
"319",39.11428,113.07116,334.12,0.47,0.4,"2025-09-29",506,"N20","nominal","2.0NRT",300.79,5.35,"D"
"320",35.04997,116.13885,351.12,0.42,0.38,"2025-09-29",506,"N20","nominal","2.0NRT",300.04,4.1,"D"
"321",39.11785,113.07005,349.03,0.47,0.4,"2025-09-29",506,"N20","nominal","2.0NRT",303.67,5.35,"D"
"322",40.11032,118.73573,331.96,0.4,0.37,"2025-09-29",506,"N20","nominal","2.0NRT",301.12,4.56,"D"
"323",35.0406,115.94194,330.49,0.42,0.38,"2025-09-29",506,"N20","nominal","2.0NRT",297.76,1.77,"D"
"324",35.40144,117.90744,337.84,0.39,0.36,"2025-09-29",506,"N20","nominal","2.0NRT",298.45,2.95,"D"
"325",40.11301,118.7303,343.06,0.4,0.37,"2025-09-29",506,"N20","nominal","2.0NRT",296.82,4.49,"D"
"326",40.5818,122.39789,333.84,0.52,0.42,"2025-09-29",506,"N20","nominal","2.0NRT",299.45,2.63,"D"
"327",35.29058,116.67299,331.48,0.4,0.37,"2025-09-29",506,"N20","nominal","2.0NRT",297.2,1.7,"D"
"328",35.32903,116.81783,334.56,0.4,0.37,"2025-09-29",506,"N20","nominal","2.0NRT",300.69,2.66,"D"
"329",40.17491,118.06057,333.56,0.39,0.36,"2025-09-29",506,"N20","low","2.0NRT",303.96,3.8,"D"
"330",35.3032,116.66525,334.57,0.4,0.37,"2025-09-29",506,"N20","nominal","2.0NRT",299.61,1.89,"D"
"331",41.02871,122.41367,331.55,0.53,0.42,"2025-09-29",506,"N20","nominal","2.0NRT",297.07,3.51,"D"
"332",35.30655,116.66441,335.19,0.4,0.37,"2025-09-29",506,"N20","nominal","2.0NRT",298.75,1.89,"D"
"333",38.16633,106.27749,331.82,0.35,0.57,"2025-09-29",506,"N20","nominal","2.0NRT",297.77,3.57,"D"
"334",35.34506,116.18943,335.7,0.41,0.37,"2025-09-29",506,"N20","nominal","2.0NRT",299.21,2.07,"D"
"335",38.16761,106.27725,337.63,0.35,0.57,"2025-09-29",506,"N20","nominal","2.0NRT",298.69,3.24,"D"
"336",41.1334,122.97793,329.06,0.56,0.43,"2025-09-29",506,"N20","low","2.0NRT",299.96,1.96,"D"
"337",35.42521,116.55375,331.03,0.41,0.37,"2025-09-29",506,"N20","nominal","2.0NRT",297.2,1.11,"D"
"338",35.29896,115.76411,336.74,0.43,0.38,"2025-09-29",506,"N20","nominal","2.0NRT",299.45,2.68,"D"
"339",38.24585,106.55637,332.67,0.34,0.56,"2025-09-29",506,"N20","nominal","2.0NRT",301.35,2.66,"D"
"340",40.02102,114.73555,340.88,0.41,0.37,"2025-09-29",506,"N20","nominal","2.0NRT",295.49,2.17,"D"
"341",35.34855,115.98564,330.25,0.42,0.38,"2025-09-29",506,"N20","low","2.0NRT",304.63,4.18,"D"
"342",41.12487,122.6895,328.62,0.55,0.42,"2025-09-29",506,"N20","low","2.0NRT",299.92,4.16,"D"
"343",35.46566,116.0703,341.18,0.42,0.37,"2025-09-29",506,"N20","nominal","2.0NRT",299.69,4.5,"D"
"344",41.16971,122.97873,329.53,0.56,0.43,"2025-09-29",506,"N20","nominal","2.0NRT",299.61,1.88,"D"
"345",35.61745,116.08928,341.29,0.41,0.37,"2025-09-29",506,"N20","nominal","2.0NRT",297.38,3.21,"D"
"346",35.6216,116.0929,335.73,0.41,0.37,"2025-09-29",506,"N20","nominal","2.0NRT",298.43,1.83,"D"
"347",41.19712,122.61645,329.62,0.54,0.42,"2025-09-29",506,"N20","nominal","2.0NRT",298.57,4.14,"D"
"348",35.88078,117.17479,335.34,0.39,0.36,"2025-09-29",506,"N20","nominal","2.0NRT",299.24,4.67,"D"
"349",39.21875,109.84449,331.73,0.44,0.46,"2025-09-29",506,"N20","nominal","2.0NRT",295.87,3.15,"D"
"350",38.94639,106.83144,334.17,0.63,0.54,"2025-09-29",506,"N20","nominal","2.0NRT",299.07,8.72,"D"
"351",35.90007,117.18785,340.28,0.39,0.36,"2025-09-29",506,"N20","nominal","2.0NRT",299.9,2.07,"D"
"352",35.90407,117.19132,346.25,0.39,0.36,"2025-09-29",506,"N20","nominal","2.0NRT",299.79,3.45,"D"
"353",41.84345,123.76236,329.53,0.42,0.45,"2025-09-29",506,"N20","nominal","2.0NRT",298.96,2.98,"D"
"354",35.96235,117.53194,328.33,0.39,0.36,"2025-09-29",506,"N20","low","2.0NRT",300.77,2.67,"D"
"355",41.84301,123.75733,339.29,0.42,0.45,"2025-09-29",506,"N20","nominal","2.0NRT",301.29,5.6,"D"
"356",35.91015,117.20764,341.48,0.39,0.36,"2025-09-29",506,"N20","nominal","2.0NRT",300.18,5.3,"D"
"357",41.87354,121.94687,335.32,0.52,0.41,"2025-09-29",506,"N20","nominal","2.0NRT",301.64,2.05,"D"
"358",35.90946,117.20337,344.74,0.39,0.36,"2025-09-29",506,"N20","nominal","2.0NRT",300.25,3.53,"D"
"359",41.87591,121.94366,335.79,0.52,0.41,"2025-09-29",506,"N20","nominal","2.0NRT",304.09,9.17,"D"
"360",39.32585,106.98489,344.16,0.61,0.53,"2025-09-29",506,"N20","nominal","2.0NRT",302.35,10.04,"D"
"361",35.90876,117.19908,339.34,0.39,0.36,"2025-09-29",506,"N20","nominal","2.0NRT",299.97,3.53,"D"
"362",35.90806,117.19479,342.93,0.39,0.36,"2025-09-29",506,"N20","nominal","2.0NRT",299.96,3.45,"D"
"363",40.7381,111.86143,325.45,0.5,0.41,"2025-09-29",508,"N20","nominal","2.0NRT",294.62,1.36,"D"
"364",35.90737,117.1905,345.33,0.39,0.36,"2025-09-29",506,"N20","nominal","2.0NRT",299.93,3.45,"D"
"365",41.38686,114.54659,335.71,0.4,0.37,"2025-09-29",508,"N20","nominal","2.0NRT",278.77,6.12,"D"
"366",35.90667,117.18621,338.82,0.39,0.36,"2025-09-29",506,"N20","nominal","2.0NRT",298.75,4.32,"D"
"367",41.39528,114.54566,335.6,0.4,0.37,"2025-09-29",508,"N20","nominal","2.0NRT",278.51,4.64,"D"
"368",41.40269,114.5683,335.52,0.4,0.37,"2025-09-29",508,"N20","nominal","2.0NRT",281.31,5.39,"D"
"369",35.91275,117.20255,347.83,0.39,0.36,"2025-09-29",506,"N20","nominal","2.0NRT",299.79,4.99,"D"
"370",40.61941,109.75525,348.03,0.41,0.45,"2025-09-29",508,"N20","nominal","2.0NRT",303.18,10.75,"D"
"371",35.91206,117.19826,356.79,0.39,0.36,"2025-09-29",506,"N20","low","2.0NRT",300.09,4.99,"D"
"372",35.91136,117.19397,356.74,0.39,0.36,"2025-09-29",506,"N20","low","2.0NRT",299.79,9.57,"D"
"373",42.26728,119.1444,326.91,0.42,0.38,"2025-09-29",508,"N20","low","2.0NRT",300.93,3.05,"D"
"374",35.91536,117.19746,349.33,0.39,0.36,"2025-09-29",506,"N20","nominal","2.0NRT",295.54,4.99,"D"
"375",41.35151,112.24795,336.11,0.47,0.4,"2025-09-29",508,"N20","nominal","2.0NRT",294.79,4.93,"D"
"376",35.91397,117.18887,343.61,0.39,0.36,"2025-09-29",506,"N20","nominal","2.0NRT",299.47,9.57,"D"
"377",40.8974,106.82922,340.69,0.56,0.52,"2025-09-29",508,"N20","nominal","2.0NRT",299.67,11.31,"D"
"378",35.91327,117.18459,347.28,0.39,0.36,"2025-09-29",506,"N20","nominal","2.0NRT",299.72,11.24,"D"
"379",40.89473,106.83014,339.62,0.56,0.52,"2025-09-29",508,"N20","nominal","2.0NRT",298.33,7.7,"D"
"380",44.0532,125.22097,334.32,0.52,0.5,"2025-09-29",508,"N20","nominal","2.0NRT",298.21,4.58,"D"
"381",35.91773,117.19381,342.92,0.39,0.36,"2025-09-29",506,"N20","nominal","2.0NRT",296.81,3.3,"D"
"382",35.91703,117.18951,336.15,0.39,0.36,"2025-09-29",506,"N20","nominal","2.0NRT",299.64,3.3,"D"
"383",44.46331,127.19368,331.11,0.33,0.55,"2025-09-29",508,"N20","nominal","2.0NRT",294.61,2.22,"D"
"384",35.91633,117.18523,338.02,0.39,0.36,"2025-09-29",506,"N20","nominal","2.0NRT",298,3.41,"D"
"385",44.52703,127.18077,328.66,0.33,0.55,"2025-09-29",508,"N20","nominal","2.0NRT",293.57,1.72,"D"
"386",44.59458,127.1957,329.22,0.33,0.55,"2025-09-29",508,"N20","nominal","2.0NRT",292.17,1.85,"D"
"387",35.91963,117.18443,338.27,0.39,0.36,"2025-09-29",506,"N20","nominal","2.0NRT",299.18,3.41,"D"
"388",35.87469,116.41659,345.84,0.4,0.37,"2025-09-29",506,"N20","nominal","2.0NRT",299.14,6.4,"D"
"389",44.69214,126.95718,331.43,0.32,0.55,"2025-09-29",508,"N20","nominal","2.0NRT",293.83,1.96,"D"
"390",44.74276,127.5231,326.99,0.34,0.56,"2025-09-29",508,"N20","nominal","2.0NRT",294.02,1.87,"D"
"391",36.17576,115.90432,331.61,0.41,0.37,"2025-09-29",506,"N20","nominal","2.0NRT",299.56,2.62,"D"
"392",36.18544,115.93964,336.18,0.41,0.37,"2025-09-29",506,"N20","nominal","2.0NRT",299.75,1.93,"D"
"393",44.74361,127.52499,336.81,0.34,0.56,"2025-09-29",508,"N20","nominal","2.0NRT",293.85,2.45,"D"
"394",39.88316,98.54097,350.04,0.78,0.78,"2025-09-29",508,"N20","nominal","2.0NRT",296.08,11.75,"D"
"395",36.20549,116.0146,333.25,0.41,0.37,"2025-09-29",506,"N20","nominal","2.0NRT",299.87,1.74,"D"
"396",36.20232,115.9352,332.16,0.41,0.37,"2025-09-29",506,"N20","nominal","2.0NRT",298.81,3.52,"D"
"397",45.49466,132.0909,335.41,0.58,0.7,"2025-09-29",508,"N20","nominal","2.0NRT",291.01,3,"D"
"398",36.21779,115.8409,336.24,0.42,0.37,"2025-09-29",506,"N20","nominal","2.0NRT",303.13,4.52,"D"
"399",45.49456,132.08781,340.8,0.58,0.7,"2025-09-29",508,"N20","nominal","2.0NRT",291.03,3.94,"D"
"400",45.46421,123.9031,332.19,0.46,0.47,"2025-09-29",508,"N20","nominal","2.0NRT",297.13,4.3,"D"
"401",36.19497,115.6891,340.08,0.42,0.38,"2025-09-29",506,"N20","nominal","2.0NRT",302.14,2.43,"D"
"402",36.28241,115.94866,336.26,0.41,0.37,"2025-09-29",506,"N20","nominal","2.0NRT",298.9,2.15,"D"
"403",45.46326,123.89117,334.24,0.46,0.47,"2025-09-29",508,"N20","nominal","2.0NRT",295.57,2.49,"D"
"404",45.46474,123.90702,339.32,0.46,0.47,"2025-09-29",508,"N20","nominal","2.0NRT",296.31,5.79,"D"
"405",36.57782,116.77926,335.12,0.39,0.37,"2025-09-29",506,"N20","nominal","2.0NRT",301.21,1.41,"D"
"406",45.46385,123.89507,329.27,0.46,0.47,"2025-09-29",508,"N20","nominal","2.0NRT",295.23,4.16,"D"
"407",36.38147,115.5221,341.65,0.42,0.38,"2025-09-29",506,"N20","nominal","2.0NRT",300.21,4.59,"D"
"408",45.32001,121.83548,331.68,0.56,0.43,"2025-09-29",508,"N20","nominal","2.0NRT",297.56,5.24,"D"
"409",36.38488,115.52119,336.39,0.42,0.38,"2025-09-29",506,"N20","nominal","2.0NRT",299.99,4.59,"D"
"410",11.49878,125.45155,327.09,0.39,0.36,"2025-09-29",457,"N20","nominal","2.0NRT",286.69,1.93,"D"
"411",36.85424,117.62884,335.35,0.39,0.36,"2025-09-29",506,"N20","nominal","2.0NRT",302.58,4.05,"D"
"412",45.73735,127.52896,338.11,0.35,0.57,"2025-09-29",508,"N20","nominal","2.0NRT",295.38,2.13,"D"
"413",11.93733,125.09283,334.48,0.39,0.36,"2025-09-29",457,"N20","nominal","2.0NRT",286.78,4.07,"D"
"414",45.9731,130.00455,340.94,0.46,0.64,"2025-09-29",508,"N20","nominal","2.0NRT",295.83,5.7,"D"
"415",36.68513,116.46266,350.06,0.4,0.37,"2025-09-29",506,"N20","nominal","2.0NRT",298.15,5.03,"D"
"416",36.81351,116.79898,340.38,0.39,0.36,"2025-09-29",506,"N20","nominal","2.0NRT",306.9,2.49,"D"
"417",45.97064,130.00522,355.86,0.46,0.64,"2025-09-29",508,"N20","nominal","2.0NRT",296.23,7.49,"D"
"418",45.67217,123.06705,342.03,0.43,0.46,"2025-09-29",508,"N20","nominal","2.0NRT",298.42,7.95,"D"
"419",36.8194,116.79295,339.16,0.39,0.36,"2025-09-29",506,"N20","nominal","2.0NRT",303.88,2.93,"D"
"420",46.06961,130.03281,327.68,0.47,0.64,"2025-09-29",508,"N20","nominal","2.0NRT",293,3.81,"D"
"421",36.84247,116.79202,339.1,0.39,0.36,"2025-09-29",506,"N20","nominal","2.0NRT",297.66,2.19,"D"
"422",36.84175,116.78766,337.75,0.39,0.36,"2025-09-29",506,"N20","nominal","2.0NRT",299.14,2.19,"D"
"423",45.9266,124.26363,325.92,0.49,0.48,"2025-09-29",508,"N20","nominal","2.0NRT",295.91,2.59,"D"
"424",46.35012,130.37448,327.72,0.49,0.65,"2025-09-29",508,"N20","nominal","2.0NRT",294.89,2.44,"D"
"425",36.89983,116.25209,349.77,0.4,0.37,"2025-09-29",506,"N20","nominal","2.0NRT",301.49,3.54,"D"
"426",36.90391,116.25565,351.91,0.4,0.37,"2025-09-29",506,"N20","nominal","2.0NRT",301.37,5.68,"D"
"427",46.3617,130.34853,328.41,0.48,0.65,"2025-09-29",508,"N20","nominal","2.0NRT",298.32,2.1,"D"
"428",45.72734,118.02157,330.21,0.42,0.38,"2025-09-29",508,"N20","low","2.0NRT",303.31,2.17,"D"
"429",36.90316,116.25123,345.97,0.4,0.37,"2025-09-29",506,"N20","nominal","2.0NRT",300.97,5.68,"D"
"430",45.72666,118.01624,330.68,0.42,0.37,"2025-09-29",508,"N20","nominal","2.0NRT",304.34,4.01,"D"
"431",36.90241,116.24679,342.6,0.4,0.37,"2025-09-29",506,"N20","nominal","2.0NRT",301.02,3.88,"D"
"432",45.72597,118.01089,346.84,0.42,0.37,"2025-09-29",508,"N20","nominal","2.0NRT",306.85,4.01,"D"
"433",36.90091,116.23789,346.48,0.4,0.37,"2025-09-29",506,"N20","nominal","2.0NRT",302.19,4.88,"D"
"434",45.72528,118.00556,356,0.42,0.37,"2025-09-29",508,"N20","nominal","2.0NRT",310.05,18.22,"D"
"435",36.90166,116.24235,356.31,0.4,0.37,"2025-09-29",506,"N20","low","2.0NRT",303.05,3.88,"D"
"436",45.72538,118.01408,334,0.42,0.38,"2025-09-29",508,"N20","low","2.0NRT",304.89,13.86,"D"
"437",36.90499,116.24147,351.94,0.4,0.37,"2025-09-29",506,"N20","nominal","2.0NRT",302.35,3.88,"D"
"438",45.72471,118.00874,349.38,0.42,0.37,"2025-09-29",508,"N20","nominal","2.0NRT",306.94,8.25,"D"
"439",36.90424,116.23702,356.31,0.4,0.37,"2025-09-29",506,"N20","low","2.0NRT",303.74,4.88,"D"
"440",45.72404,118.0034,346,0.42,0.37,"2025-09-29",508,"N20","nominal","2.0NRT",307.86,8.25,"D"
"441",36.90832,116.2406,354.76,0.4,0.37,"2025-09-29",506,"N20","nominal","2.0NRT",302.84,6.32,"D"
"442",45.72947,118.01852,348.2,0.42,0.38,"2025-09-29",508,"N20","nominal","2.0NRT",311.74,13.86,"D"
"443",36.90757,116.23615,346.24,0.4,0.37,"2025-09-29",506,"N20","nominal","2.0NRT",302.15,4.61,"D"
"444",45.72879,118.01317,354.11,0.42,0.38,"2025-09-29",508,"N20","nominal","2.0NRT",307.24,13.86,"D"
"445",36.55686,114.10732,327.85,0.47,0.4,"2025-09-29",506,"N20","nominal","2.0NRT",297.63,1.84,"D"
"446",45.72812,118.00781,338.1,0.42,0.37,"2025-09-29",508,"N20","nominal","2.0NRT",303.91,8.25,"D"
"447",36.9225,115.94861,337.76,0.41,0.37,"2025-09-29",506,"N20","nominal","2.0NRT",299.54,2.23,"D"
"448",46.74986,130.46849,339.14,0.49,0.65,"2025-09-29",508,"N20","nominal","2.0NRT",295.27,4.94,"D"
"449",37.41346,118.85205,336.3,0.39,0.36,"2025-09-29",506,"N20","nominal","2.0NRT",306.6,5.67,"D"
"450",46.793,126.33665,327.56,0.62,0.54,"2025-09-29",508,"N20","nominal","2.0NRT",289.59,4.7,"D"
"451",37.17204,115.9419,350.86,0.41,0.37,"2025-09-29",506,"N20","nominal","2.0NRT",295.7,5.2,"D"
"452",46.79306,126.33793,334.58,0.63,0.54,"2025-09-29",508,"N20","nominal","2.0NRT",289.82,4.19,"D"
"453",47.04745,130.38118,326.66,0.49,0.65,"2025-09-29",508,"N20","nominal","2.0NRT",293.15,2.39,"D"
"454",47.16139,134.19299,339.9,0.74,0.76,"2025-09-29",508,"N20","nominal","2.0NRT",288.23,6.05,"D"
"455",47.19876,133.83313,367,0.71,0.75,"2025-09-29",508,"N20","high","2.0NRT",290.33,22.8,"D"
"456",48.19711,124.32782,339.89,0.52,0.5,"2025-09-29",508,"N20","nominal","2.0NRT",297.47,6.78,"D"
"457",57.96868,102.96854,331.66,0.46,0.39,"2025-09-29",512,"N20","nominal","2.0NRT",271.8,2.94,"D"
"458",58.27923,88.16566,340.65,0.42,0.61,"2025-09-29",514,"N20","nominal","2.0NRT",276.53,9.25,"D"
"459",58.28136,88.17162,356.48,0.42,0.61,"2025-09-29",514,"N20","low","2.0NRT",274.33,11.42,"D"
"460",58.27816,88.16682,350.36,0.42,0.61,"2025-09-29",514,"N20","nominal","2.0NRT",277.87,8.11,"D"
"461",58.28032,88.17274,356.31,0.42,0.61,"2025-09-29",514,"N20","low","2.0NRT",274.04,8.11,"D"
"462",58.77949,78.45067,332.2,0.74,0.76,"2025-09-29",514,"N20","nominal","2.0NRT",274.02,3.87,"D"
"463",62.39152,76.64045,329.5,0.54,0.68,"2025-09-29",514,"N20","nominal","2.0NRT",272.84,2.5,"D"
"464",10.13418,108.57175,332.79,0.35,0.57,"2025-09-29",640,"N20","nominal","2.0NRT",278.5,3.42,"D"
"465",40.46054,95.72428,334.11,0.46,0.39,"2025-09-29",648,"N20","nominal","2.0NRT",304.89,2.75,"D"
"466",13.63273,100.20132,339.49,0.4,0.37,"2025-09-29",640,"N20","nominal","2.0NRT",287.89,2.84,"D"
"467",41.8237,88.90047,338.42,0.41,0.37,"2025-09-29",648,"N20","low","2.0NRT",311.73,3.59,"D"
"468",14.57939,102.29901,336.86,0.49,0.4,"2025-09-29",640,"N20","nominal","2.0NRT",293.33,3.6,"D"
"469",43.67712,95.02576,335.03,0.47,0.4,"2025-09-29",650,"N20","low","2.0NRT",308.26,11.98,"D"
"470",14.57873,102.29993,335.09,0.49,0.4,"2025-09-29",640,"N20","nominal","2.0NRT",293.57,4.07,"D"
"471",43.68047,94.98915,337.18,0.47,0.4,"2025-09-29",650,"N20","low","2.0NRT",310.18,3.35,"D"
"472",43.69361,95.04039,344.71,0.47,0.4,"2025-09-29",650,"N20","nominal","2.0NRT",315.66,5.57,"D"
"473",14.69504,100.32023,337.29,0.41,0.37,"2025-09-29",640,"N20","nominal","2.0NRT",285.24,4.01,"D"
"474",44.32932,93.2775,337.32,0.42,0.38,"2025-09-29",650,"N20","nominal","2.0NRT",307.52,2.17,"D"
"475",18.08102,98.61583,327.27,0.39,0.36,"2025-09-29",642,"N20","nominal","2.0NRT",276.62,2.45,"D"
"476",44.32865,93.27223,331.71,0.42,0.38,"2025-09-29",650,"N20","low","2.0NRT",303.92,2.17,"D"
"477",44.32766,93.27501,333.97,0.42,0.38,"2025-09-29",650,"N20","low","2.0NRT",305.94,2.7,"D"
"478",44.33109,93.27419,336.27,0.42,0.38,"2025-09-29",650,"N20","low","2.0NRT",307.25,2.7,"D"
"479",44.33387,93.2681,341.93,0.42,0.38,"2025-09-29",650,"N20","nominal","2.0NRT",307.54,4.11,"D"
"480",43.84946,87.3233,333.76,0.42,0.38,"2025-09-29",650,"N20","nominal","2.0NRT",303.55,1.66,"D"
"481",44.07774,88.43855,332.29,0.4,0.37,"2025-09-29",650,"N20","nominal","2.0NRT",301.52,1.22,"D"
"482",44.72104,90.26261,337.17,0.38,0.36,"2025-09-29",650,"N20","nominal","2.0NRT",310.79,2.52,"D"
"483",44.7243,90.26163,345.21,0.38,0.36,"2025-09-29",650,"N20","nominal","2.0NRT",311.73,2.52,"D"
"484",44.84154,90.96008,335.82,0.39,0.36,"2025-09-29",650,"N20","low","2.0NRT",310.79,2.91,"D"
"485",44.84856,90.93787,330.95,0.39,0.36,"2025-09-29",650,"N20","low","2.0NRT",303.42,1.45,"D"
"486",44.40541,87.68829,340.12,0.41,0.37,"2025-09-29",650,"N20","nominal","2.0NRT",308.09,2.04,"D"
"487",44.75787,85.31089,336.67,0.47,0.4,"2025-09-29",650,"N20","nominal","2.0NRT",305.43,3.79,"D"
"488",43.49315,77.46072,337.5,0.38,0.58,"2025-09-29",650,"N20","nominal","2.0NRT",294.72,3.56,"D"
"489",43.34763,76.97898,328.41,0.4,0.6,"2025-09-29",650,"N20","nominal","2.0NRT",293.92,1.35,"D"
"490",43.49094,77.45875,335.53,0.37,0.58,"2025-09-29",650,"N20","nominal","2.0NRT",296.09,3.05,"D"
"491",43.11261,73.42566,346.07,0.59,0.7,"2025-09-29",650,"N20","nominal","2.0NRT",296.8,10.07,"D"
"492",51.64402,99.34098,331.17,0.58,0.52,"2025-09-29",652,"N20","nominal","2.0NRT",281.45,4.88,"D"
"493",51.77979,94.00806,348.63,0.53,0.42,"2025-09-29",652,"N20","nominal","2.0NRT",292.41,36.2,"D"
"494",51.78292,93.99959,355.5,0.53,0.42,"2025-09-29",652,"N20","nominal","2.0NRT",295.77,44.12,"D"
"495",54.56125,71.98995,331.62,0.57,0.52,"2025-09-29",652,"N20","nominal","2.0NRT",282.18,5.27,"D"
"496",54.83867,71.87984,345.72,0.56,0.52,"2025-09-29",652,"N20","nominal","2.0NRT",284.68,17.07,"D"
"497",58.28147,88.16262,340.14,0.43,0.38,"2025-09-29",652,"N20","nominal","2.0NRT",283.79,21.57,"D"
"498",57.4662,78.43318,327.65,0.45,0.39,"2025-09-29",654,"N20","nominal","2.0NRT",279.71,3.03,"D"
"499",58.77553,78.44841,327.25,0.43,0.38,"2025-09-29",654,"N20","nominal","2.0NRT",279.15,2.16,"D"
"500",20.89533,96.87399,334.23,0.38,0.36,"2025-09-29",642,"N20","nominal","2.0NRT",298.61,3.25,"D"
"501",21.52261,98.23735,333,0.4,0.37,"2025-09-29",642,"N20","nominal","2.0NRT",298.62,2.97,"D"
"502",21.47084,95.49204,335.02,0.4,0.37,"2025-09-29",642,"N20","nominal","2.0NRT",298.29,12.63,"D"
"503",22.04839,98.0263,328.94,0.39,0.36,"2025-09-29",642,"N20","nominal","2.0NRT",299.13,1.3,"D"
"504",22.70806,99.19237,328.4,0.43,0.38,"2025-09-29",644,"N20","nominal","2.0NRT",286.78,3.22,"D"
"505",22.28527,95.03162,330.7,0.4,0.37,"2025-09-29",644,"N20","nominal","2.0NRT",295.31,4.59,"D"
"506",22.93949,97.64791,331.51,0.39,0.36,"2025-09-29",644,"N20","nominal","2.0NRT",297.55,4.29,"D"
"507",23.10056,98.73985,333.01,0.42,0.37,"2025-09-29",644,"N20","nominal","2.0NRT",293.43,2.19,"D"
"508",23.50792,99.37862,330.03,0.44,0.38,"2025-09-29",644,"N20","nominal","2.0NRT",295.01,2.72,"D"
"509",22.93696,94.06034,343.26,0.43,0.38,"2025-09-29",644,"N20","nominal","2.0NRT",299.16,4.96,"D"
"510",22.36271,87.30151,327.37,0.35,0.57,"2025-09-29",644,"N20","nominal","2.0NRT",290.63,4.43,"D"
"511",23.70771,94.20747,329.83,0.42,0.37,"2025-09-29",644,"N20","nominal","2.0NRT",297.5,1.7,"D"
"512",22.37675,87.28314,328.12,0.35,0.57,"2025-09-29",644,"N20","nominal","2.0NRT",291.97,3.3,"D"
"513",22.37604,87.27985,330.39,0.35,0.57,"2025-09-29",644,"N20","nominal","2.0NRT",291.36,3.3,"D"
"514",22.36296,87.02077,326.64,0.36,0.58,"2025-09-29",644,"N20","nominal","2.0NRT",289.58,3.41,"D"
"515",24.93461,99.35082,342.27,0.45,0.39,"2025-09-29",644,"N20","nominal","2.0NRT",301.91,4.05,"D"
"516",24.71183,97.44881,331.67,0.39,0.37,"2025-09-29",644,"N20","nominal","2.0NRT",295.73,3.32,"D"
"517",24.92907,97.09982,333.68,0.39,0.36,"2025-09-29",644,"N20","nominal","2.0NRT",298.85,2.9,"D"
"518",24.94622,97.10074,332.18,0.39,0.36,"2025-09-29",644,"N20","nominal","2.0NRT",297.68,1.83,"D"
"519",25.05747,97.09642,332.08,0.39,0.36,"2025-09-29",644,"N20","nominal","2.0NRT",296.6,3.88,"D"
"520",23.55837,87.24303,333.8,0.33,0.55,"2025-09-29",644,"N20","nominal","2.0NRT",289.7,3.32,"D"
"521",23.5577,87.23986,342.51,0.33,0.55,"2025-09-29",644,"N20","nominal","2.0NRT",289.81,3.32,"D"
"522",23.55688,87.23958,340.06,0.33,0.55,"2025-09-29",644,"N20","nominal","2.0NRT",289.56,8.26,"D"
"523",25.01823,94.11066,336.22,0.41,0.37,"2025-09-29",644,"N20","nominal","2.0NRT",295.66,4.63,"D"
"524",23.68149,86.39267,333.13,0.37,0.58,"2025-09-29",644,"N20","nominal","2.0NRT",290.53,4.62,"D"
"525",23.86166,86.91298,336.44,0.34,0.56,"2025-09-29",644,"N20","nominal","2.0NRT",289.23,2.13,"D"
"526",23.75987,86.40252,327.47,0.37,0.58,"2025-09-29",644,"N20","nominal","2.0NRT",290.19,3.78,"D"
"527",23.77922,86.39014,327.03,0.37,0.58,"2025-09-29",644,"N20","nominal","2.0NRT",291.72,3.31,"D"
"528",23.79742,86.35175,328.34,0.37,0.58,"2025-09-29",644,"N20","nominal","2.0NRT",289.87,7.55,"D"
"529",26.44609,101.52754,329.98,0.41,0.45,"2025-09-29",644,"N20","nominal","2.0NRT",296.92,3.02,"D"
"530",26.57015,101.67254,329.13,0.41,0.45,"2025-09-29",644,"N20","low","2.0NRT",301.56,6.45,"D"
"531",26.56446,101.67458,329.01,0.42,0.45,"2025-09-29",644,"N20","low","2.0NRT",300.69,7.01,"D"
"532",26.57639,101.66845,327.57,0.41,0.45,"2025-09-29",644,"N20","low","2.0NRT",298.2,5.67,"D"
"533",26.61895,101.59863,340.55,0.41,0.45,"2025-09-29",644,"N20","nominal","2.0NRT",298.6,9.14,"D"
"534",26.61852,101.59473,329.37,0.41,0.45,"2025-09-29",644,"N20","low","2.0NRT",300.24,9.14,"D"
"535",26.62306,101.59801,339.54,0.41,0.45,"2025-09-29",644,"N20","nominal","2.0NRT",297.81,9.94,"D"
"536",26.6226,101.59385,334.33,0.41,0.45,"2025-09-29",644,"N20","nominal","2.0NRT",298.96,9.94,"D"
"537",26.41745,95.69392,332.16,0.38,0.36,"2025-09-29",644,"N20","nominal","2.0NRT",296.49,2.71,"D"
"538",26.6484,95.66618,329.47,0.38,0.36,"2025-09-29",644,"N20","nominal","2.0NRT",296.25,2.73,"D"
"539",26.43731,92.16283,342.58,0.46,0.39,"2025-09-29",644,"N20","nominal","2.0NRT",296.54,4.26,"D"
"540",27.44465,97.9137,331.43,0.42,0.38,"2025-09-29",644,"N20","nominal","2.0NRT",297.89,3.03,"D"
"541",27.32955,95.99712,336.02,0.39,0.36,"2025-09-29",644,"N20","nominal","2.0NRT",295.65,2.69,"D"
"542",27.33285,95.9965,334.16,0.39,0.36,"2025-09-29",644,"N20","nominal","2.0NRT",295.18,4.12,"D"
"543",27.37609,95.33495,334.17,0.38,0.36,"2025-09-29",644,"N20","nominal","2.0NRT",296.49,4.98,"D"
"544",27.60482,96.29795,337.06,0.39,0.36,"2025-09-29",644,"N20","nominal","2.0NRT",296.96,5.05,"D"
"545",27.6075,96.29338,340.98,0.39,0.36,"2025-09-29",644,"N20","nominal","2.0NRT",299.11,21.27,"D"
"546",27.60741,96.26936,328.97,0.39,0.36,"2025-09-29",644,"N20","nominal","2.0NRT",297.56,2.42,"D"
"547",27.6163,96.28379,331.52,0.39,0.36,"2025-09-29",644,"N20","nominal","2.0NRT",296.85,2.94,"D"
"548",27.61574,96.2799,328.38,0.39,0.36,"2025-09-29",644,"N20","nominal","2.0NRT",296.7,2.77,"D"
"549",27.69311,96.29781,344.48,0.39,0.36,"2025-09-29",644,"N20","nominal","2.0NRT",301,6.38,"D"
"550",27.72371,96.27638,343.94,0.39,0.36,"2025-09-29",644,"N20","nominal","2.0NRT",298.18,8.52,"D"
"551",27.59359,95.3565,331.83,0.38,0.36,"2025-09-29",644,"N20","low","2.0NRT",306.42,6.53,"D"
"552",27.59746,95.35972,333.98,0.38,0.36,"2025-09-29",644,"N20","low","2.0NRT",307.48,3.82,"D"
"553",27.59687,95.35587,333.67,0.38,0.36,"2025-09-29",644,"N20","low","2.0NRT",307.55,3.82,"D"
"554",27.73752,96.27788,340.13,0.39,0.36,"2025-09-29",644,"N20","nominal","2.0NRT",299.52,11.96,"D"
"555",27.60075,95.35909,333.71,0.38,0.36,"2025-09-29",644,"N20","low","2.0NRT",307.35,3.82,"D"
"556",27.74538,96.30858,332.45,0.39,0.36,"2025-09-29",644,"N20","nominal","2.0NRT",297.66,3.28,"D"
"557",27.73285,96.10627,332.07,0.39,0.36,"2025-09-29",644,"N20","nominal","2.0NRT",297.41,5.53,"D"
"558",27.7554,96.0981,328.95,0.39,0.36,"2025-09-29",644,"N20","nominal","2.0NRT",297.24,1.55,"D"
"559",27.77175,96.16321,343.66,0.39,0.36,"2025-09-29",644,"N20","nominal","2.0NRT",298.74,9.56,"D"
"560",27.88506,96.80607,327.55,0.4,0.37,"2025-09-29",644,"N20","nominal","2.0NRT",297.22,2.56,"D"
"561",27.72618,95.49033,329.94,0.38,0.36,"2025-09-29",644,"N20","low","2.0NRT",304.39,7.5,"D"
"562",27.72384,95.47489,329.51,0.38,0.36,"2025-09-29",644,"N20","low","2.0NRT",304.34,4.95,"D"
"563",27.75716,95.51621,331.18,0.38,0.36,"2025-09-29",644,"N20","low","2.0NRT",305.34,6.06,"D"
"564",27.76803,95.56586,329.8,0.38,0.36,"2025-09-29",644,"N20","low","2.0NRT",304.58,3.09,"D"
"565",27.76745,95.56199,329.87,0.38,0.36,"2025-09-29",644,"N20","low","2.0NRT",304.8,3.09,"D"
"566",27.77381,95.5369,332.8,0.38,0.36,"2025-09-29",644,"N20","low","2.0NRT",306.84,7.67,"D"
"567",27.77323,95.53303,332.37,0.38,0.36,"2025-09-29",644,"N20","low","2.0NRT",306.71,3.87,"D"
"568",27.94852,96.7055,330.88,0.4,0.37,"2025-09-29",644,"N20","nominal","2.0NRT",296.06,12.5,"D"
"569",27.85085,95.98481,331.44,0.39,0.36,"2025-09-29",644,"N20","nominal","2.0NRT",297.27,1.43,"D"
"570",27.95792,96.67536,327.81,0.4,0.37,"2025-09-29",644,"N20","nominal","2.0NRT",298.56,2.09,"D"
"571",27.97004,96.21961,333.66,0.39,0.36,"2025-09-29",644,"N20","nominal","2.0NRT",296.61,3.87,"D"
"572",27.88586,95.55941,330.52,0.38,0.36,"2025-09-29",644,"N20","low","2.0NRT",304.75,3.06,"D"
"573",27.97287,96.12257,333.63,0.39,0.36,"2025-09-29",644,"N20","nominal","2.0NRT",300.17,1.59,"D"
"574",28.08764,96.54244,331.47,0.39,0.36,"2025-09-29",644,"N20","nominal","2.0NRT",297.93,2.19,"D"
"575",27.9257,95.34919,339.08,0.38,0.36,"2025-09-29",644,"N20","nominal","2.0NRT",298.56,5.56,"D"
"576",28.07699,95.90696,334.96,0.39,0.36,"2025-09-29",644,"N20","nominal","2.0NRT",299.22,2.47,"D"
"577",28.07641,95.90307,328.34,0.39,0.36,"2025-09-29",644,"N20","low","2.0NRT",299.96,2.47,"D"
"578",28.07868,95.53046,333.32,0.38,0.36,"2025-09-29",644,"N20","nominal","2.0NRT",297.46,6.82,"D"
"579",28.08344,95.44978,330.38,0.38,0.36,"2025-09-29",644,"N20","nominal","2.0NRT",297.95,2.21,"D"
"580",27.95157,94.44406,331.58,0.39,0.36,"2025-09-29",644,"N20","nominal","2.0NRT",296.24,2.8,"D"
"581",27.95487,94.44346,332.3,0.39,0.36,"2025-09-29",644,"N20","nominal","2.0NRT",295.44,2.8,"D"
"582",28.14994,95.64462,339.75,0.38,0.36,"2025-09-29",644,"N20","nominal","2.0NRT",301.06,4.16,"D"
"583",28.21955,94.82895,329.71,0.39,0.36,"2025-09-29",644,"N20","nominal","2.0NRT",297.41,1.12,"D"
"584",28.42626,92.42188,329.35,0.43,0.38,"2025-09-29",644,"N20","nominal","2.0NRT",298.25,3.55,"D"
"585",29.24624,91.86238,338.8,0.44,0.39,"2025-09-29",646,"N20","nominal","2.0NRT",303.03,3.92,"D"
"586",29.6384,91.30082,339.18,0.46,0.39,"2025-09-29",646,"N20","nominal","2.0NRT",303.21,7.48,"D"
"587",29.64455,91.29411,329.1,0.46,0.39,"2025-09-29",646,"N20","low","2.0NRT",303.61,5.16,"D"
"588",29.64367,91.2893,341.21,0.46,0.39,"2025-09-29",646,"N20","nominal","2.0NRT",300.51,5.7,"D"
"589",29.66894,91.327,329.4,0.46,0.39,"2025-09-29",646,"N20","low","2.0NRT",303.33,3.98,"D"
"590",33.61014,92.08491,330.29,0.4,0.37,"2025-09-29",646,"N20","nominal","2.0NRT",298.4,2.07,"D"
"591",36.42267,96.36388,340.17,0.45,0.39,"2025-09-29",646,"N20","nominal","2.0NRT",307.87,4.63,"D"
"592",39.32598,106.99151,346.58,0.56,0.69,"2025-09-29",648,"N20","nominal","2.0NRT",299.05,7.78,"D"
"593",39.32767,106.9896,352.17,0.56,0.69,"2025-09-29",648,"N20","nominal","2.0NRT",299.97,7.97,"D"
"594",39.05734,100.49242,342.76,0.5,0.49,"2025-09-29",648,"N20","nominal","2.0NRT",303.57,2.22,"D"
"595",39.84052,98.27534,331.22,0.39,0.44,"2025-09-29",648,"N20","low","2.0NRT",306.02,2.16,"D"
"596",39.87466,98.55061,337.57,0.4,0.45,"2025-09-29",648,"N20","nominal","2.0NRT",304.24,2.5,"D"
"597",39.8783,96.7675,345.47,0.5,0.41,"2025-09-29",648,"N20","nominal","2.0NRT",303.49,8.68,"D"
"598",60.79995,78.54187,326.22,0.4,0.37,"2025-09-29",654,"N20","nominal","2.0NRT",271.51,1.13,"D"
"599",57.73709,65.90343,327.4,0.35,0.57,"2025-09-29",654,"N20","nominal","2.0NRT",276.38,1.63,"D"
"600",59.89103,71.73488,338.86,0.39,0.44,"2025-09-29",654,"N20","nominal","2.0NRT",283.42,9.67,"D"
"601",60.71806,72.52028,332.24,0.53,0.42,"2025-09-29",654,"N20","nominal","2.0NRT",276.41,9.81,"D"
"602",59.87167,68.88125,338.7,0.47,0.48,"2025-09-29",654,"N20","nominal","2.0NRT",277.99,4.05,"D"
"603",59.8722,68.8819,340.74,0.47,0.48,"2025-09-29",654,"N20","nominal","2.0NRT",277.92,5.29,"D"
"604",60.74744,70.81985,338.52,0.39,0.44,"2025-09-29",654,"N20","nominal","2.0NRT",277.24,3.39,"D"
"605",60.83567,70.43717,329.28,0.4,0.44,"2025-09-29",654,"N20","nominal","2.0NRT",276.1,1.58,"D"
"606",60.95947,70.87027,337.48,0.38,0.43,"2025-09-29",654,"N20","nominal","2.0NRT",276.13,7.43,"D"
"607",60.95787,70.86388,332.71,0.38,0.43,"2025-09-29",654,"N20","nominal","2.0NRT",276.62,4.48,"D"
"608",60.83645,70.38615,325.39,0.4,0.44,"2025-09-29",654,"N20","nominal","2.0NRT",273.42,1.63,"D"
"609",62.38626,76.63857,337.22,0.41,0.37,"2025-09-29",654,"N20","nominal","2.0NRT",276.72,2.83,"D"
"610",61.12684,70.19555,336.94,0.39,0.44,"2025-09-29",654,"N20","nominal","2.0NRT",281.01,3.5,"D"
"611",21.91876,83.35466,331.06,0.51,0.66,"2025-09-29",824,"N20","nominal","2.0NRT",290.9,5.94,"D"
"612",22.04283,83.73723,326.69,0.54,0.68,"2025-09-29",824,"N20","nominal","2.0NRT",289.9,6.82,"D"
"613",22.04241,83.73192,336.93,0.54,0.68,"2025-09-29",824,"N20","nominal","2.0NRT",289.62,6.82,"D"
"614",23.57411,68.86798,333.62,0.42,0.37,"2025-09-29",826,"N20","nominal","2.0NRT",295.23,3.01,"D"
"615",24.85555,76.75037,331.76,0.42,0.45,"2025-09-29",826,"N20","nominal","2.0NRT",294.04,5.28,"D"
"616",21.93809,57.07653,335.62,0.72,0.76,"2025-09-29",826,"N20","nominal","2.0NRT",294.01,3.05,"D"
"617",22.67398,56.25028,339.52,0.78,0.78,"2025-09-29",826,"N20","nominal","2.0NRT",304.74,5.29,"D"
"618",22.67229,56.25415,344.48,0.78,0.78,"2025-09-29",826,"N20","nominal","2.0NRT",305.45,10.69,"D"
"619",26.19363,68.92526,333.86,0.4,0.37,"2025-09-29",826,"N20","nominal","2.0NRT",298.37,4.72,"D"
"620",26.23303,68.9133,333.23,0.4,0.37,"2025-09-29",826,"N20","nominal","2.0NRT",301.66,2.62,"D"
"621",27.56137,78.22581,330.33,0.56,0.51,"2025-09-29",826,"N20","nominal","2.0NRT",296.29,2.33,"D"
"622",26.45144,69.06516,344.58,0.39,0.37,"2025-09-29",826,"N20","nominal","2.0NRT",305.34,4.68,"D"
"623",27.69555,77.62252,330.34,0.51,0.5,"2025-09-29",826,"N20","nominal","2.0NRT",296.01,2.24,"D"
"624",27.7001,77.62197,341.82,0.51,0.5,"2025-09-29",826,"N20","nominal","2.0NRT",295.98,5.57,"D"
"625",27.69654,77.62561,341.45,0.51,0.5,"2025-09-29",826,"N20","nominal","2.0NRT",295.67,12.01,"D"
"626",27.77854,77.56831,332.15,0.51,0.49,"2025-09-29",826,"N20","nominal","2.0NRT",296.53,3.07,"D"
"627",27.19507,72.4394,331.3,0.42,0.37,"2025-09-29",826,"N20","nominal","2.0NRT",300.69,1.58,"D"
"628",27.89718,77.50405,340.02,0.51,0.49,"2025-09-29",826,"N20","nominal","2.0NRT",294.06,3.57,"D"
"629",27.89822,77.50186,347.83,0.51,0.49,"2025-09-29",826,"N20","nominal","2.0NRT",295.41,11.11,"D"
"630",28.04306,77.66185,330.71,0.52,0.5,"2025-09-29",826,"N20","nominal","2.0NRT",295.02,3.84,"D"
"631",24.50763,56.61115,334.67,0.67,0.74,"2025-09-29",826,"N20","nominal","2.0NRT",303.17,12.22,"D"
"632",26.01415,62.70796,342.34,0.52,0.5,"2025-09-29",826,"N20","low","2.0NRT",314.94,23.35,"D"
"633",27.72983,71.98225,332.93,0.41,0.37,"2025-09-29",826,"N20","nominal","2.0NRT",300.87,1.74,"D"
"634",27.34285,69.10261,341.79,0.39,0.36,"2025-09-29",826,"N20","low","2.0NRT",312.12,5.89,"D"
"635",28.99714,79.74376,352.69,0.36,0.57,"2025-09-29",826,"N20","nominal","2.0NRT",294.19,11.86,"D"
"636",28.99685,79.74007,354.77,0.36,0.57,"2025-09-29",826,"N20","nominal","2.0NRT",295.61,12.41,"D"
"637",28.8385,77.05129,332.52,0.49,0.48,"2025-09-29",826,"N20","nominal","2.0NRT",296.28,4.11,"D"
"638",28.89142,71.00982,336.73,0.39,0.37,"2025-09-29",826,"N20","nominal","2.0NRT",304,3.55,"D"
"639",29.68925,76.55573,330.83,0.47,0.48,"2025-09-29",826,"N20","nominal","2.0NRT",298.23,2.92,"D"
"640",29.51702,74.40736,334.07,0.53,0.42,"2025-09-29",826,"N20","nominal","2.0NRT",300.99,4.37,"D"
"641",29.79691,72.8364,333.82,0.45,0.39,"2025-09-29",826,"N20","nominal","2.0NRT",301,3.32,"D"
"642",29.52933,70.35158,335.3,0.39,0.36,"2025-09-29",826,"N20","low","2.0NRT",309.77,2.28,"D"
"643",30.24863,76.12766,331.23,0.45,0.47,"2025-09-29",826,"N20","nominal","2.0NRT",297.24,3.27,"D"
"644",29.98173,72.5912,333.85,0.45,0.39,"2025-09-29",826,"N20","nominal","2.0NRT",300.46,2.59,"D"
"645",27.16478,57.43106,339.25,0.52,0.67,"2025-09-29",826,"N20","low","2.0NRT",314.07,3.36,"D"
"646",30.61842,76.99313,337.75,0.51,0.49,"2025-09-29",826,"N20","nominal","2.0NRT",299.8,6.17,"D"
"647",30.09574,71.47375,335.76,0.41,0.37,"2025-09-29",826,"N20","nominal","2.0NRT",305.51,2.79,"D"
"648",30.09914,71.47314,340.99,0.41,0.37,"2025-09-29",826,"N20","nominal","2.0NRT",303.61,2.79,"D"
"649",30.10255,71.47253,334.99,0.41,0.37,"2025-09-29",826,"N20","low","2.0NRT",306.4,6.07,"D"
"650",30.11763,71.5569,334.67,0.41,0.37,"2025-09-29",826,"N20","low","2.0NRT",305.38,3.94,"D"
"651",30.11767,71.55772,341.91,0.41,0.37,"2025-09-29",826,"N20","nominal","2.0NRT",306.07,5.22,"D"
"652",30.46438,73.66412,333.83,0.5,0.41,"2025-09-29",826,"N20","nominal","2.0NRT",302.12,4.6,"D"
"653",27.16319,56.05264,337.54,0.63,0.72,"2025-09-29",826,"N20","low","2.0NRT",312.17,19.93,"D"
"654",30.57124,73.71999,332.63,0.51,0.41,"2025-09-29",826,"N20","nominal","2.0NRT",299.5,5.27,"D"
"655",30.61288,73.90849,352.59,0.52,0.41,"2025-09-29",826,"N20","nominal","2.0NRT",300.07,8.05,"D"
"656",30.6154,73.89716,334.86,0.52,0.41,"2025-09-29",826,"N20","nominal","2.0NRT",299.54,5.14,"D"
"657",30.60711,73.82763,339.21,0.51,0.41,"2025-09-29",826,"N20","nominal","2.0NRT",298.67,5.41,"D"
"658",30.62368,73.93427,341.23,0.52,0.41,"2025-09-29",826,"N20","nominal","2.0NRT",300.08,4.91,"D"
"659",30.63203,73.74548,330.62,0.51,0.41,"2025-09-29",826,"N20","low","2.0NRT",300.97,2.51,"D"
"660",30.63088,73.70268,347.75,0.51,0.41,"2025-09-29",826,"N20","nominal","2.0NRT",301.81,16.83,"D"
"661",30.67095,73.58983,333.31,0.5,0.41,"2025-09-29",826,"N20","nominal","2.0NRT",298.15,4.1,"D"
"662",30.711,73.66878,337.79,0.5,0.41,"2025-09-29",826,"N20","nominal","2.0NRT",300.42,18.23,"D"
"663",30.71148,73.66663,343.05,0.5,0.41,"2025-09-29",826,"N20","nominal","2.0NRT",302.3,16.5,"D"
"664",30.81743,74.18577,333.34,0.54,0.42,"2025-09-29",826,"N20","nominal","2.0NRT",299.03,4.03,"D"
"665",30.68259,73.04456,333.27,0.47,0.4,"2025-09-29",826,"N20","nominal","2.0NRT",298.59,1.77,"D"
"666",30.79916,73.76077,333.32,0.51,0.41,"2025-09-29",826,"N20","nominal","2.0NRT",298.23,3.26,"D"
"667",30.8377,73.82561,333.94,0.51,0.41,"2025-09-29",826,"N20","nominal","2.0NRT",297.54,4.19,"D"
"668",30.99241,74.22499,335.44,0.54,0.42,"2025-09-29",826,"N20","nominal","2.0NRT",301.08,7.62,"D"
"669",30.99326,74.22321,334.98,0.54,0.42,"2025-09-29",826,"N20","nominal","2.0NRT",300.88,5.35,"D"
"670",31.01551,74.35339,335.1,0.55,0.43,"2025-09-29",826,"N20","nominal","2.0NRT",299.82,3.94,"D"
"671",31.00878,74.22087,331.68,0.54,0.42,"2025-09-29",826,"N20","nominal","2.0NRT",299.8,2.24,"D"
"672",31.03889,74.38512,337.52,0.55,0.43,"2025-09-29",826,"N20","nominal","2.0NRT",301.09,7.45,"D"
"673",30.9655,73.57308,330.21,0.5,0.41,"2025-09-29",826,"N20","nominal","2.0NRT",298.08,4.34,"D"
"674",31.0722,74.29244,341.28,0.55,0.42,"2025-09-29",826,"N20","nominal","2.0NRT",301.74,5.91,"D"
"675",31.07881,73.72021,334.09,0.51,0.41,"2025-09-29",826,"N20","nominal","2.0NRT",299.85,2.83,"D"
"676",31.29729,72.54384,336.05,0.46,0.39,"2025-09-29",826,"N20","nominal","2.0NRT",301.42,5.76,"D"
"677",31.50097,72.77172,330.61,0.47,0.4,"2025-09-29",826,"N20","low","2.0NRT",301.5,1.02,"D"
"678",31.86233,75.02402,335.07,0.41,0.45,"2025-09-29",826,"N20","nominal","2.0NRT",301.24,2.9,"D"
"679",31.66397,72.98119,344.49,0.48,0.4,"2025-09-29",826,"N20","nominal","2.0NRT",304.75,19.34,"D"
"680",9.09501,79.761,367,0.4,0.44,"2025-09-29",820,"N20","high","2.0NRT",291.47,10.23,"D"
"681",31.88295,74.75063,331.13,0.39,0.44,"2025-09-29",826,"N20","nominal","2.0NRT",302.22,2.62,"D"
"682",31.62823,72.45494,334.35,0.46,0.39,"2025-09-29",826,"N20","nominal","2.0NRT",301.61,3.37,"D"
"683",31.89266,74.11859,334.75,0.55,0.42,"2025-09-29",826,"N20","nominal","2.0NRT",299.68,5.03,"D"
"684",9.44961,78.69423,343.81,0.53,0.42,"2025-09-29",820,"N20","nominal","2.0NRT",296.9,9.1,"D"
"685",31.89656,74.11801,333.69,0.55,0.42,"2025-09-29",826,"N20","nominal","2.0NRT",301.87,5.03,"D"
"686",9.45233,78.69554,346.89,0.53,0.42,"2025-09-29",820,"N20","nominal","2.0NRT",295.78,9.15,"D"
"687",31.7341,72.67246,339.09,0.47,0.39,"2025-09-29",826,"N20","nominal","2.0NRT",301.25,6.97,"D"
"688",9.61538,78.4768,332.56,0.51,0.41,"2025-09-29",820,"N20","nominal","2.0NRT",302.48,2.39,"D"
"689",31.74286,72.5068,333.06,0.46,0.39,"2025-09-29",826,"N20","low","2.0NRT",304.66,1,"D"
"690",9.82303,78.22861,345.38,0.5,0.41,"2025-09-29",820,"N20","nominal","2.0NRT",300.7,9.49,"D"
"691",31.7837,72.7145,331,0.47,0.4,"2025-09-29",826,"N20","low","2.0NRT",301.04,1.37,"D"
"692",9.82237,78.22405,335.53,0.5,0.41,"2025-09-29",820,"N20","nominal","2.0NRT",300.07,4.8,"D"
"693",31.78429,72.71569,339.08,0.47,0.4,"2025-09-29",826,"N20","nominal","2.0NRT",302.54,4.6,"D"
"694",9.82432,78.2297,333.58,0.5,0.41,"2025-09-29",820,"N20","nominal","2.0NRT",298.37,4.2,"D"
"695",32.24785,76.71076,342.25,0.51,0.5,"2025-09-29",828,"N20","nominal","2.0NRT",301.68,14.92,"D"
"696",9.82369,78.22514,345.21,0.5,0.41,"2025-09-29",820,"N20","nominal","2.0NRT",299.24,9.98,"D"
"697",31.78328,72.23244,332.53,0.45,0.39,"2025-09-29",828,"N20","nominal","2.0NRT",304.29,2.06,"D"
"698",9.94242,78.16355,333.45,0.5,0.41,"2025-09-29",820,"N20","nominal","2.0NRT",299.11,2.69,"D"
"699",31.9928,73.94862,341.64,0.54,0.42,"2025-09-29",828,"N20","nominal","2.0NRT",301.01,6.66,"D"
"700",10.00411,77.49205,337.18,0.46,0.39,"2025-09-29",820,"N20","nominal","2.0NRT",302.99,3.05,"D"
"701",32.15601,74.91516,331.43,0.4,0.45,"2025-09-29",828,"N20","nominal","2.0NRT",301.66,1.4,"D"
"702",31.77923,70.72287,336.56,0.4,0.37,"2025-09-29",828,"N20","nominal","2.0NRT",304.4,3.81,"D"
"703",10.4042,77.51919,336.61,0.47,0.4,"2025-09-29",820,"N20","nominal","2.0NRT",303.2,3.21,"D"
"704",31.7896,70.77317,334.71,0.4,0.37,"2025-09-29",828,"N20","nominal","2.0NRT",304.67,2.7,"D"
"705",10.7907,77.93331,336.23,0.5,0.41,"2025-09-29",822,"N20","low","2.0NRT",306.82,4.28,"D"
"706",31.99042,70.86026,334.68,0.41,0.37,"2025-09-29",828,"N20","nominal","2.0NRT",303.9,6.06,"D"
"707",11.00536,77.78609,338.12,0.49,0.4,"2025-09-29",822,"N20","nominal","2.0NRT",301.3,2.64,"D"
"708",34.05603,72.28564,336.68,0.47,0.4,"2025-09-29",828,"N20","nominal","2.0NRT",306.5,2.11,"D"
"709",10.92885,77.06653,335.75,0.45,0.39,"2025-09-29",822,"N20","nominal","2.0NRT",303.06,1.59,"D"
"710",35.25183,71.59365,343.58,0.46,0.39,"2025-09-29",828,"N20","nominal","2.0NRT",301.66,8.91,"D"
"711",11.19346,77.27226,336.99,0.46,0.39,"2025-09-29",822,"N20","nominal","2.0NRT",298.29,2.7,"D"
"712",37.03278,62.41963,340.22,0.5,0.41,"2025-09-29",828,"N20","low","2.0NRT",312.58,11.22,"D"
"713",11.45196,77.56411,345.03,0.48,0.4,"2025-09-29",822,"N20","nominal","2.0NRT",299.63,16.44,"D"
"714",38.04918,67.26923,344.52,0.38,0.36,"2025-09-29",828,"N20","nominal","2.0NRT",317.27,4.89,"D"
"715",12.14124,76.81168,331.14,0.45,0.39,"2025-09-29",822,"N20","nominal","2.0NRT",297.84,2.83,"D"
"716",13.67513,78.25594,332.81,0.56,0.43,"2025-09-29",822,"N20","nominal","2.0NRT",288.05,5.81,"D"
"717",38.04853,67.2649,352.81,0.38,0.36,"2025-09-29",828,"N20","nominal","2.0NRT",327.3,9.52,"D"
"718",38.0518,67.26411,367,0.38,0.36,"2025-09-29",828,"N20","high","2.0NRT",356.74,134.67,"D"
"719",15.93778,79.72634,341.31,0.49,0.49,"2025-09-29",822,"N20","nominal","2.0NRT",291.96,9.19,"D"
"720",38.05246,67.26844,346.04,0.38,0.36,"2025-09-29",828,"N20","nominal","2.0NRT",317.97,40.39,"D"
"721",15.9372,79.72173,335.12,0.49,0.49,"2025-09-29",822,"N20","nominal","2.0NRT",289.73,9.19,"D"
"722",15.94009,79.72324,344.81,0.5,0.49,"2025-09-29",822,"N20","nominal","2.0NRT",291.51,10.35,"D"
"723",37.23843,61.31801,340.94,0.56,0.43,"2025-09-29",828,"N20","nominal","2.0NRT",299.93,13.48,"D"
"724",37.23816,61.31723,342.51,0.56,0.43,"2025-09-29",828,"N20","nominal","2.0NRT",299.47,18.28,"D"
"725",38.52592,68.22911,333.58,0.39,0.36,"2025-09-29",828,"N20","nominal","2.0NRT",304.94,1.79,"D"
"726",37.61894,62.13916,337.79,0.51,0.41,"2025-09-29",828,"N20","nominal","2.0NRT",308.46,3.33,"D"
"727",37.66005,62.24235,330.71,0.5,0.41,"2025-09-29",828,"N20","low","2.0NRT",305.29,1.52,"D"
"728",37.67105,62.23893,334.24,0.5,0.41,"2025-09-29",828,"N20","nominal","2.0NRT",307.63,2.19,"D"
"729",37.60807,61.60674,337.07,0.54,0.42,"2025-09-29",828,"N20","low","2.0NRT",309.87,2.41,"D"
"730",37.7979,62.55329,340.92,0.48,0.4,"2025-09-29",828,"N20","nominal","2.0NRT",313.02,6.4,"D"
"731",37.52063,60.50192,330.13,0.4,0.45,"2025-09-29",828,"N20","nominal","2.0NRT",299.82,1.97,"D"
"732",37.52021,60.49942,331.6,0.4,0.45,"2025-09-29",828,"N20","nominal","2.0NRT",301.55,1.86,"D"
"733",36.98096,54.93191,330.21,0.41,0.6,"2025-09-29",830,"N20","nominal","2.0NRT",295.04,1.78,"D"
"734",38.21655,58.9079,341.89,0.47,0.48,"2025-09-29",830,"N20","nominal","2.0NRT",304.92,5.21,"D"
"735",37.37494,55.39628,340.66,0.38,0.58,"2025-09-29",830,"N20","nominal","2.0NRT",298.77,3.11,"D"
"736",40.09937,67.87807,335.74,0.39,0.37,"2025-09-29",830,"N20","nominal","2.0NRT",307.73,2.14,"D"
"737",40.7175,73.00565,342,0.4,0.45,"2025-09-29",830,"N20","nominal","2.0NRT",305.19,9.76,"D"
"738",39.41072,62.84811,338.92,0.45,0.39,"2025-09-29",830,"N20","low","2.0NRT",311.28,0.98,"D"
"739",40.61457,69.04008,350.86,0.42,0.38,"2025-09-29",830,"N20","nominal","2.0NRT",306.1,12.42,"D"
"740",38.53734,57.41651,332.91,0.55,0.51,"2025-09-29",830,"N20","low","2.0NRT",306.46,2.11,"D"
"741",40.65085,68.61356,335.01,0.41,0.37,"2025-09-29",830,"N20","nominal","2.0NRT",304.98,7.02,"D"
"742",40.65425,68.61279,330.93,0.41,0.37,"2025-09-29",830,"N20","nominal","2.0NRT",303.76,3.26,"D"
"743",40.85666,69.54198,336.95,0.44,0.38,"2025-09-29",830,"N20","nominal","2.0NRT",310.34,3.52,"D"
"744",41.04749,69.05507,335.64,0.43,0.38,"2025-09-29",830,"N20","nominal","2.0NRT",304.2,1.87,"D"
"745",41.04931,69.05708,331.34,0.43,0.38,"2025-09-29",830,"N20","low","2.0NRT",302.41,2.02,"D"
"746",41.05865,68.96188,331.46,0.42,0.38,"2025-09-29",830,"N20","low","2.0NRT",301.8,3.2,"D"
"747",41.30363,68.90781,332.77,0.42,0.38,"2025-09-29",830,"N20","low","2.0NRT",304.93,5.69,"D"
"748",41.42788,67.98844,336.38,0.4,0.37,"2025-09-29",830,"N20","nominal","2.0NRT",300.44,3.13,"D"
"749",38.85188,54.23499,345.45,0.4,0.6,"2025-09-29",830,"N20","nominal","2.0NRT",305.71,2.07,"D"
"750",39.03992,54.25533,343.63,0.39,0.59,"2025-09-29",830,"N20","nominal","2.0NRT",304.42,2.06,"D"
"751",39.03878,54.25103,335.36,0.39,0.59,"2025-09-29",830,"N20","nominal","2.0NRT",305.29,2.06,"D"
"752",39.04227,54.25589,336.5,0.39,0.59,"2025-09-29",830,"N20","nominal","2.0NRT",305.04,2.87,"D"
"753",39.0411,54.25161,355.19,0.39,0.59,"2025-09-29",830,"N20","nominal","2.0NRT",307.6,2.87,"D"
"754",41.30031,60.57595,332.32,0.51,0.41,"2025-09-29",830,"N20","nominal","2.0NRT",297.85,2.75,"D"
"755",41.30067,60.5747,334.96,0.51,0.41,"2025-09-29",830,"N20","nominal","2.0NRT",300.25,4.3,"D"
"756",43.44313,77.43968,345.74,0.36,0.58,"2025-09-29",830,"N20","nominal","2.0NRT",291.92,3.19,"D"
"757",43.48272,77.48344,335.44,0.36,0.58,"2025-09-29",830,"N20","nominal","2.0NRT",293.88,4.32,"D"
"758",43.4825,77.47891,332.22,0.36,0.58,"2025-09-29",830,"N20","nominal","2.0NRT",295.43,4.16,"D"
"759",43.48041,77.47984,353.2,0.36,0.58,"2025-09-29",830,"N20","nominal","2.0NRT",297.45,5.19,"D"
"760",45.12614,64.37347,347.59,0.38,0.36,"2025-09-29",833,"N20","nominal","2.0NRT",298.51,8.25,"D"
"761",45.1294,64.37246,340.74,0.38,0.36,"2025-09-29",833,"N20","nominal","2.0NRT",296.81,3.68,"D"
"762",45.26821,64.90323,336.94,0.38,0.36,"2025-09-29",833,"N20","nominal","2.0NRT",303.98,2.53,"D"
"763",45.27148,64.90224,338.23,0.38,0.36,"2025-09-29",833,"N20","nominal","2.0NRT",302.99,2.75,"D"
"764",45.27075,64.89741,330.74,0.38,0.36,"2025-09-29",833,"N20","low","2.0NRT",302.58,2.75,"D"
"765",45.27402,64.89642,330.43,0.38,0.36,"2025-09-29",833,"N20","nominal","2.0NRT",298.35,2.75,"D"
"766",45.89343,53.30097,336.9,0.56,0.52,"2025-09-29",833,"N20","nominal","2.0NRT",298.24,3.16,"D"
"767",47.88103,57.46283,332.69,0.51,0.41,"2025-09-29",833,"N20","nominal","2.0NRT",299.62,2.36,"D"
"768",48.23457,57.35135,335.49,0.5,0.41,"2025-09-29",833,"N20","nominal","2.0NRT",300.54,4.43,"D"
"769",46.39615,49.72584,367,0.39,0.6,"2025-09-29",833,"N20","high","2.0NRT",295.1,10.58,"D"
"770",46.39476,49.72109,326.2,0.39,0.6,"2025-09-29",833,"N20","nominal","2.0NRT",290.59,6.03,"D"
"771",46.39983,49.71797,367,0.39,0.6,"2025-09-29",833,"N20","high","2.0NRT",294.65,6.03,"D"
"772",46.39844,49.71321,340.09,0.39,0.6,"2025-09-29",833,"N20","nominal","2.0NRT",291.2,6.03,"D"
"773",46.4049,49.71484,367,0.39,0.6,"2025-09-29",833,"N20","high","2.0NRT",290.76,5.23,"D"
"774",46.40351,49.71009,331.36,0.39,0.6,"2025-09-29",833,"N20","nominal","2.0NRT",290.1,5.23,"D"
"775",46.41595,49.69118,332.4,0.39,0.6,"2025-09-29",833,"N20","nominal","2.0NRT",284.59,1.7,"D"
"776",47.10062,52.1431,339.38,0.59,0.53,"2025-09-29",833,"N20","nominal","2.0NRT",298.01,7.24,"D"
"777",46.40052,49.71469,367,0.39,0.6,"2025-09-29",833,"N20","high","2.0NRT",299.98,20.67,"D"
"778",47.10032,52.14336,339.3,0.59,0.52,"2025-09-29",833,"N20","nominal","2.0NRT",297.74,13.19,"D"
"779",46.0285,47.65971,330.73,0.5,0.66,"2025-09-29",833,"N20","nominal","2.0NRT",272.09,8.29,"D"
"780",46.03213,47.65021,351.81,0.5,0.66,"2025-09-29",833,"N20","nominal","2.0NRT",277.18,15.25,"D"
"781",48.16845,44.64392,367,0.56,0.69,"2025-09-29",835,"N20","high","2.0NRT",296.96,23.62,"D"
"782",53.73431,79.13763,351.9,0.49,0.65,"2025-09-29",835,"N20","nominal","2.0NRT",279.89,7.4,"D"
"783",53.73429,79.12995,331.91,0.49,0.65,"2025-09-29",835,"N20","nominal","2.0NRT",278.36,7.4,"D"
"784",53.74036,79.13006,346.63,0.49,0.65,"2025-09-29",835,"N20","nominal","2.0NRT",279.83,7.4,"D"
"785",53.74035,79.12242,330.4,0.49,0.65,"2025-09-29",835,"N20","nominal","2.0NRT",278.79,7.1,"D"
"786",53.74039,79.13771,356.44,0.49,0.65,"2025-09-29",835,"N20","low","2.0NRT",283.03,7.4,"D"
"787",53.73454,79.1291,334.39,0.49,0.65,"2025-09-29",835,"N20","nominal","2.0NRT",279.09,7.98,"D"
"788",53.73452,79.13678,356.12,0.49,0.65,"2025-09-29",835,"N20","low","2.0NRT",281.08,11.01,"D"
"789",53.74062,79.12917,346.66,0.49,0.65,"2025-09-29",835,"N20","nominal","2.0NRT",279.57,5.69,"D"
"790",53.74062,79.12153,330.31,0.49,0.65,"2025-09-29",835,"N20","nominal","2.0NRT",278.68,5.69,"D"
"791",53.74061,79.13685,356.31,0.49,0.65,"2025-09-29",835,"N20","low","2.0NRT",281.85,14.52,"D"
"792",48.65826,45.07788,338.57,0.52,0.67,"2025-09-29",835,"N20","nominal","2.0NRT",282.48,5.09,"D"
"793",54.83642,71.86021,336.76,0.51,0.49,"2025-09-29",835,"N20","nominal","2.0NRT",281.63,5.26,"D"
"794",54.83596,71.85223,337.13,0.51,0.49,"2025-09-29",835,"N20","nominal","2.0NRT",282.88,4.49,"D"
"795",54.32019,62.82749,328.67,0.4,0.37,"2025-09-29",835,"N20","nominal","2.0NRT",277.82,3.35,"D"
"796",53.33277,51.7019,325.28,0.41,0.45,"2025-09-29",835,"N20","nominal","2.0NRT",279.04,2.63,"D"
"797",53.18789,51.00071,336.1,0.44,0.46,"2025-09-29",835,"N20","nominal","2.0NRT",290.61,3.29,"D"
"798",55.26784,61.44079,325.77,0.39,0.36,"2025-09-29",835,"N20","nominal","2.0NRT",281.47,3.21,"D"
"799",55.27865,61.46815,335.67,0.39,0.36,"2025-09-29",835,"N20","nominal","2.0NRT",284.04,9.42,"D"
"800",55.07548,58.98646,328.05,0.39,0.36,"2025-09-29",835,"N20","nominal","2.0NRT",282.37,2.64,"D"
"801",56.25493,63.0008,329.84,0.42,0.37,"2025-09-29",835,"N20","nominal","2.0NRT",280.85,4.9,"D"
"802",54.09718,49.19265,341.36,0.48,0.48,"2025-09-29",835,"N20","nominal","2.0NRT",285.92,5.1,"D"
"803",57.33884,69.16431,326.38,0.43,0.46,"2025-09-29",835,"N20","nominal","2.0NRT",277.74,3.29,"D"
"804",56.85818,59.89747,328.22,0.39,0.36,"2025-09-29",835,"N20","nominal","2.0NRT",282.92,11.23,"D"
"805",56.86141,59.89587,328.54,0.39,0.36,"2025-09-29",835,"N20","nominal","2.0NRT",286.5,11.23,"D"
"806",57.42171,60.0961,338.04,0.39,0.36,"2025-09-29",835,"N20","nominal","2.0NRT",289.5,4.44,"D"
"807",58.9579,73.96532,330.16,0.33,0.55,"2025-09-29",835,"N20","nominal","2.0NRT",277.62,2.02,"D"
"808",57.94278,60.05548,327.43,0.39,0.36,"2025-09-29",835,"N20","nominal","2.0NRT",281.02,3.87,"D"
"809",59.20039,71.37317,337.29,0.53,0.5,"2025-09-29",835,"N20","nominal","2.0NRT",280.03,4.86,"D"
"810",59.4145,71.63223,338.01,0.55,0.51,"2025-09-29",835,"N20","nominal","2.0NRT",279.27,5.36,"D"
"811",59.41525,71.63361,335.01,0.55,0.51,"2025-09-29",835,"N20","nominal","2.0NRT",277.5,3.45,"D"
"812",59.87362,68.88513,338.95,0.45,0.47,"2025-09-29",835,"N20","nominal","2.0NRT",278.19,3.17,"D"
"813",60.53498,72.9575,327.25,0.62,0.54,"2025-09-29",835,"N20","nominal","2.0NRT",278.2,3.98,"D"
"814",60.5345,72.96056,336.78,0.62,0.54,"2025-09-29",835,"N20","nominal","2.0NRT",278.75,8.07,"D"
"815",60.71453,72.51606,336.87,0.6,0.53,"2025-09-29",835,"N20","nominal","2.0NRT",279.25,8.05,"D"
"816",60.7156,72.51887,353.57,0.6,0.53,"2025-09-29",835,"N20","nominal","2.0NRT",278.65,10.91,"D"
"817",60.83438,70.43792,330.24,0.51,0.5,"2025-09-29",837,"N20","nominal","2.0NRT",277.34,2.19,"D"
"818",60.96121,70.86806,338.76,0.53,0.5,"2025-09-29",837,"N20","nominal","2.0NRT",282.71,10.63,"D"
"819",56.50566,40.56821,339.32,0.39,0.59,"2025-09-29",837,"N20","nominal","2.0NRT",278.83,3.12,"D"
"820",62.33249,78.17262,340.72,0.47,0.64,"2025-09-29",837,"N20","nominal","2.0NRT",275.33,3.81,"D"
"821",58.27279,43.84746,341.75,0.53,0.5,"2025-09-29",837,"N20","nominal","2.0NRT",278.97,4.35,"D"
"822",71.25896,72.07255,341.07,0.34,0.56,"2025-09-29",837,"N20","nominal","2.0NRT",276.52,3.28,"D"
"823",15.62985,38.02395,339.4,0.38,0.59,"2025-09-29",1004,"N20","nominal","2.0NRT",309.49,1.09,"D"
"824",23.15301,55.44994,338.43,0.36,0.57,"2025-09-29",1006,"N20","low","2.0NRT",312.26,0.44,"D"
"825",18.32034,55.10728,337.71,0.6,0.53,"2025-09-29",1004,"N20","low","2.0NRT",311.83,3.01,"D"
"826",18.3185,55.10586,338.72,0.6,0.53,"2025-09-29",1004,"N20","low","2.0NRT",311.85,5.93,"D"
"827",23.87317,53.61555,344.81,0.56,0.52,"2025-09-29",1006,"N20","nominal","2.0NRT",311.81,3.86,"D"
"828",15.80778,36.57986,338.71,0.47,0.64,"2025-09-29",1004,"N20","nominal","2.0NRT",303.1,3.84,"D"
"829",24.46142,56.62816,341.91,0.44,0.63,"2025-09-29",1006,"N20","nominal","2.0NRT",308.01,3.16,"D"
"830",15.80694,36.57758,337.63,0.47,0.64,"2025-09-29",1004,"N20","nominal","2.0NRT",303.53,3.35,"D"
"831",24.13484,52.70138,342.34,0.49,0.49,"2025-09-29",1006,"N20","low","2.0NRT",314.13,11.13,"D"
"832",15.98027,33.59155,335,0.74,0.76,"2025-09-29",1004,"N20","low","2.0NRT",306.61,6.19,"D"
"833",24.56207,49.45747,341.14,0.49,0.4,"2025-09-29",1006,"N20","low","2.0NRT",315.38,0.79,"D"
"834",15.97876,33.5848,347.73,0.74,0.76,"2025-09-29",1004,"N20","nominal","2.0NRT",307.26,6.83,"D"
"835",24.78889,50.23961,341.37,0.54,0.42,"2025-09-29",1006,"N20","low","2.0NRT",316.02,7.58,"D"
"836",15.97725,33.57808,335.7,0.74,0.76,"2025-09-29",1004,"N20","nominal","2.0NRT",305.07,6.83,"D"
"837",25.16293,52.87926,355.02,0.52,0.5,"2025-09-29",1006,"N20","nominal","2.0NRT",307.77,14.86,"D"
"838",16.10867,34.10456,336.41,0.68,0.74,"2025-09-29",1004,"N20","low","2.0NRT",306.89,7.31,"D"
"839",24.60032,46.57383,341.01,0.39,0.36,"2025-09-29",1006,"N20","low","2.0NRT",315.72,3.1,"D"
"840",16.11393,34.09676,337.31,0.68,0.74,"2025-09-29",1004,"N20","nominal","2.0NRT",306.12,7.31,"D"
"841",25.42694,52.73676,344.03,0.52,0.5,"2025-09-29",1006,"N20","nominal","2.0NRT",304.62,5.32,"D"
"842",16.11256,34.09055,350.62,0.68,0.74,"2025-09-29",1004,"N20","nominal","2.0NRT",308.72,12.21,"D"
"843",25.42639,52.73162,332.12,0.51,0.5,"2025-09-29",1006,"N20","nominal","2.0NRT",303.64,5.32,"D"
"844",16.10393,34.09904,334.85,0.68,0.74,"2025-09-29",1004,"N20","low","2.0NRT",308.82,5.91,"D"
"845",25.50558,53.15425,332.08,0.55,0.51,"2025-09-29",1006,"N20","nominal","2.0NRT",302.46,5.54,"D"
"846",16.11057,34.09745,335.54,0.68,0.74,"2025-09-29",1004,"N20","low","2.0NRT",307.59,5.91,"D"
"847",25.50505,53.14877,338.37,0.55,0.51,"2025-09-29",1006,"N20","nominal","2.0NRT",303.7,6.91,"D"
"848",16.10916,34.09127,349.4,0.68,0.74,"2025-09-29",1004,"N20","nominal","2.0NRT",309.39,5.91,"D"
"849",25.52909,53.15151,342.06,0.55,0.51,"2025-09-29",1006,"N20","nominal","2.0NRT",304.45,14.44,"D"
"850",20.37402,55.93816,336.56,0.36,0.57,"2025-09-29",1004,"N20","low","2.0NRT",311.54,0.79,"D"
"851",25.5338,53.15096,340.57,0.55,0.51,"2025-09-29",1006,"N20","nominal","2.0NRT",304.08,14.44,"D"
"852",25.16817,49.35712,341.73,0.49,0.41,"2025-09-29",1006,"N20","low","2.0NRT",314.7,13.84,"D"
"853",17.73507,37.47017,367,0.38,0.59,"2025-09-29",1004,"N20","high","2.0NRT",310.11,9.22,"D"
"854",18.37127,38.02845,367,0.34,0.56,"2025-09-29",1006,"N20","high","2.0NRT",312.93,18.18,"D"
"855",25.16612,49.35494,342.42,0.49,0.41,"2025-09-29",1006,"N20","low","2.0NRT",315.26,6.91,"D"
"856",25.16983,49.35439,343.67,0.49,0.41,"2025-09-29",1006,"N20","low","2.0NRT",316.28,6.91,"D"
"857",18.37064,38.02533,350.37,0.34,0.56,"2025-09-29",1006,"N20","nominal","2.0NRT",315.5,18.18,"D"
"858",25.59323,52.54676,339.36,0.5,0.49,"2025-09-29",1006,"N20","nominal","2.0NRT",303.33,8.12,"D"
"859",18.37631,38.02732,367,0.34,0.56,"2025-09-29",1006,"N20","high","2.0NRT",316.69,18.18,"D"
"860",18.37568,38.0242,345.54,0.34,0.56,"2025-09-29",1006,"N20","nominal","2.0NRT",315.64,18.18,"D"
"861",25.88346,51.53835,342.36,0.44,0.46,"2025-09-29",1006,"N20","low","2.0NRT",315.87,3.84,"D"
"862",18.38135,38.0262,367,0.34,0.56,"2025-09-29",1006,"N20","high","2.0NRT",315.27,15.18,"D"
"863",25.63994,49.39298,342.69,0.5,0.41,"2025-09-29",1006,"N20","low","2.0NRT",314.18,7.15,"D"
"864",18.387,38.0282,340.09,0.34,0.56,"2025-09-29",1006,"N20","nominal","2.0NRT",311.94,11.77,"D"
"865",25.89294,51.54607,340.22,0.44,0.46,"2025-09-29",1006,"N20","low","2.0NRT",314.89,7.21,"D"
"866",18.37438,38.02636,367,0.34,0.56,"2025-09-29",1006,"N20","high","2.0NRT",321.51,26.72,"D"
"867",25.90243,51.55381,345.06,0.44,0.46,"2025-09-29",1006,"N20","nominal","2.0NRT",314.71,4.34,"D"
"868",18.37374,38.02324,347.58,0.34,0.56,"2025-09-29",1006,"N20","nominal","2.0NRT",312.83,26.72,"D"
"869",24.11647,39.65492,352.2,0.42,0.45,"2025-09-29",1006,"N20","low","2.0NRT",322.83,2.9,"D"
"870",18.38007,38.02836,344.48,0.34,0.56,"2025-09-29",1006,"N20","nominal","2.0NRT",313.77,27.54,"D"
"871",25.9311,51.61779,340.37,0.45,0.47,"2025-09-29",1006,"N20","nominal","2.0NRT",305.43,9.9,"D"
"872",18.37942,38.02525,354.58,0.34,0.56,"2025-09-29",1006,"N20","nominal","2.0NRT",317.04,26.72,"D"
"873",25.94393,50.56583,345.16,0.39,0.44,"2025-09-29",1006,"N20","nominal","2.0NRT",315.91,5.14,"D"
"874",18.3851,38.02724,348.96,0.34,0.56,"2025-09-29",1006,"N20","nominal","2.0NRT",312.53,10.25,"D"
"875",26.10719,50.61414,344.88,0.39,0.44,"2025-09-29",1006,"N20","low","2.0NRT",317.18,5.07,"D"
"876",19.71276,42.0904,336.55,0.54,0.42,"2025-09-29",1006,"N20","low","2.0NRT",308.62,8.06,"D"
"877",22.68772,31.01734,336.35,0.76,0.77,"2025-09-29",1009,"N20","low","2.0NRT",308.4,6,"D"
"878",26.52879,51.94677,340.2,0.48,0.48,"2025-09-29",1009,"N20","nominal","2.0NRT",304.29,4.01,"D"
"879",19.71186,42.08544,333.91,0.54,0.42,"2025-09-29",1006,"N20","low","2.0NRT",308.04,6.43,"D"
"880",22.15981,55.96426,356.27,0.38,0.59,"2025-09-29",1006,"N20","low","2.0NRT",304.01,21.94,"D"
"881",26.5332,51.94622,339.85,0.48,0.48,"2025-09-29",1009,"N20","nominal","2.0NRT",304.07,4.01,"D"
"882",26.5333,51.9485,339.27,0.48,0.48,"2025-09-29",1009,"N20","nominal","2.0NRT",304.21,5.7,"D"
"883",22.15948,55.9606,307.93,0.38,0.59,"2025-09-29",1006,"N20","low","2.0NRT",313.27,31.74,"D"
"884",22.16523,55.96375,335.9,0.38,0.59,"2025-09-29",1006,"N20","nominal","2.0NRT",302.19,21.94,"D"
"885",27.15749,56.10249,348.12,0.44,0.62,"2025-09-29",1009,"N20","nominal","2.0NRT",316.08,16.08,"D"
"886",22.16489,55.96008,335.83,0.38,0.59,"2025-09-29",1006,"N20","nominal","2.0NRT",303.24,31.74,"D"
"887",27.1657,56.05683,367,0.44,0.62,"2025-09-29",1009,"N20","high","2.0NRT",315.98,16.85,"D"
"888",27.17177,56.06077,340.4,0.44,0.62,"2025-09-29",1009,"N20","nominal","2.0NRT",314.76,15.91,"D"
"889",22.32467,56.49167,339.47,0.41,0.61,"2025-09-29",1006,"N20","nominal","2.0NRT",305.76,2.35,"D"
"890",27.45694,57.21807,367,0.52,0.67,"2025-09-29",1009,"N20","high","2.0NRT",315.83,14.55,"D"
"891",22.40352,56.99353,335.64,0.44,0.63,"2025-09-29",1006,"N20","nominal","2.0NRT",302.04,2.76,"D"
"892",22.6711,56.25173,345.36,0.4,0.6,"2025-09-29",1006,"N20","nominal","2.0NRT",313.79,2.94,"D"
"893",27.50047,52.63093,345.46,0.54,0.51,"2025-09-29",1009,"N20","nominal","2.0NRT",315.4,6.67,"D"
"894",22.53749,53.93148,349.19,0.57,0.52,"2025-09-29",1006,"N20","nominal","2.0NRT",317.99,11.62,"D"
"895",27.506,52.63946,349.36,0.54,0.51,"2025-09-29",1009,"N20","nominal","2.0NRT",317.21,12.25,"D"
"896",27.5097,52.62893,350.48,0.54,0.51,"2025-09-29",1009,"N20","nominal","2.0NRT",316.23,18.81,"D"
"897",22.87506,55.92916,341.1,0.38,0.59,"2025-09-29",1006,"N20","low","2.0NRT",311.47,1.99,"D"
"898",22.87471,55.92542,343.78,0.38,0.59,"2025-09-29",1006,"N20","nominal","2.0NRT",312.89,1.99,"D"
"899",27.51334,52.61781,340.38,0.54,0.51,"2025-09-29",1009,"N20","low","2.0NRT",315.24,6.72,"D"
"900",22.87668,55.92755,350.39,0.38,0.59,"2025-09-29",1006,"N20","nominal","2.0NRT",312.45,3,"D"
"901",27.54777,52.58501,341.19,0.54,0.5,"2025-09-29",1009,"N20","low","2.0NRT",315.15,4.84,"D"
"902",27.55143,52.57452,348.34,0.53,0.5,"2025-09-29",1009,"N20","nominal","2.0NRT",317.38,9.99,"D"
"903",27.55603,52.57348,348.05,0.53,0.5,"2025-09-29",1009,"N20","low","2.0NRT",322.36,49.97,"D"
"904",26.48333,44.15004,367,0.39,0.36,"2025-09-29",1009,"N20","high","2.0NRT",341.61,35.18,"D"
"905",26.48394,44.1539,367,0.39,0.36,"2025-09-29",1009,"N20","low","2.0NRT",328.08,35.18,"D"
"906",27.55019,52.57741,344.56,0.54,0.5,"2025-09-29",1009,"N20","low","2.0NRT",315.6,19.99,"D"
"907",27.55434,52.57157,352.44,0.53,0.5,"2025-09-29",1009,"N20","low","2.0NRT",323.75,57.46,"D"
"908",27.68202,52.25431,344.93,0.51,0.5,"2025-09-29",1009,"N20","nominal","2.0NRT",313.64,21.75,"D"
"909",27.68151,52.24909,341.26,0.51,0.5,"2025-09-29",1009,"N20","nominal","2.0NRT",308.04,12.65,"D"
"910",27.68959,52.23751,342.28,0.51,0.49,"2025-09-29",1009,"N20","low","2.0NRT",314.6,14.92,"D"
"911",27.71224,52.18758,349.82,0.51,0.49,"2025-09-29",1009,"N20","nominal","2.0NRT",314.91,29.08,"D"
"912",27.75757,52.17147,348.92,0.51,0.49,"2025-09-29",1009,"N20","nominal","2.0NRT",317.53,15.26,"D"
"913",27.7621,52.17078,348.01,0.51,0.49,"2025-09-29",1009,"N20","low","2.0NRT",320,38.3,"D"
"914",28.34976,49.68763,336.91,0.56,0.43,"2025-09-29",1009,"N20","nominal","2.0NRT",304.17,15.12,"D"
"915",28.35088,49.15594,339.68,0.52,0.42,"2025-09-29",1009,"N20","nominal","2.0NRT",303.55,8.54,"D"
"916",28.39404,48.53434,348.91,0.49,0.4,"2025-09-29",1009,"N20","nominal","2.0NRT",312.96,4.99,"D"
"917",28.474,48.93338,333.92,0.51,0.41,"2025-09-29",1009,"N20","nominal","2.0NRT",303.49,4.48,"D"
"918",28.45308,47.87505,346.15,0.46,0.39,"2025-09-29",1009,"N20","nominal","2.0NRT",316.4,3.26,"D"
"919",29.02275,52.20242,351.97,0.53,0.5,"2025-09-29",1009,"N20","nominal","2.0NRT",313.81,9.86,"D"
"920",29.02175,52.20057,341.03,0.53,0.5,"2025-09-29",1009,"N20","low","2.0NRT",314.17,9.45,"D"
"921",29.25413,53.12675,344.93,0.61,0.53,"2025-09-29",1009,"N20","nominal","2.0NRT",316.74,6.47,"D"
"922",29.25359,53.12052,342.79,0.61,0.53,"2025-09-29",1009,"N20","low","2.0NRT",315.66,6.47,"D"
"923",29.2934,49.5509,333.47,0.56,0.43,"2025-09-29",1009,"N20","nominal","2.0NRT",303.69,3.71,"D"
"924",29.10802,47.96481,348.18,0.47,0.4,"2025-09-29",1009,"N20","nominal","2.0NRT",317.54,9.29,"D"
"925",29.51078,51.25685,348.61,0.47,0.48,"2025-09-29",1009,"N20","low","2.0NRT",319.86,8.54,"D"
"926",29.33098,49.49268,331.26,0.56,0.43,"2025-09-29",1009,"N20","nominal","2.0NRT",302.5,3.1,"D"
"927",29.989,55.85558,353.05,0.45,0.63,"2025-09-29",1009,"N20","nominal","2.0NRT",313.11,6.47,"D"
"928",29.47468,49.39235,331.36,0.55,0.43,"2025-09-29",1009,"N20","nominal","2.0NRT",303.37,2.95,"D"
"929",30.08163,55.4016,346.59,0.43,0.62,"2025-09-29",1009,"N20","nominal","2.0NRT",314.95,5.02,"D"
"930",30.08134,55.39716,340.86,0.43,0.62,"2025-09-29",1009,"N20","nominal","2.0NRT",314.71,4.89,"D"
"931",29.76182,50.36932,341.35,0.42,0.45,"2025-09-29",1009,"N20","low","2.0NRT",316.34,11.06,"D"
"932",30.03402,50.63822,348.18,0.44,0.46,"2025-09-29",1009,"N20","low","2.0NRT",321.63,10.15,"D"
"933",29.94006,49.68629,338.91,0.39,0.44,"2025-09-29",1009,"N20","nominal","2.0NRT",301.03,2.61,"D"
"934",30.04245,50.63631,346.26,0.44,0.46,"2025-09-29",1009,"N20","low","2.0NRT",321.07,10.25,"D"
"935",30.25064,50.78069,344.73,0.45,0.47,"2025-09-29",1009,"N20","low","2.0NRT",316.3,3.42,"D"
"936",30.25448,50.77567,343.51,0.45,0.47,"2025-09-29",1009,"N20","low","2.0NRT",317.26,3.42,"D"
"937",30.25879,50.77529,351.94,0.45,0.47,"2025-09-29",1009,"N20","nominal","2.0NRT",317.52,9.56,"D"
"938",30.29262,50.73931,345.45,0.45,0.47,"2025-09-29",1009,"N20","low","2.0NRT",319.32,11.18,"D"
"939",30.29737,50.74341,352.99,0.45,0.47,"2025-09-29",1009,"N20","nominal","2.0NRT",324.09,14.99,"D"
"940",30.28224,50.10519,345.06,0.41,0.45,"2025-09-29",1009,"N20","nominal","2.0NRT",317.18,6.73,"D"
"941",30.29326,50.09083,352.61,0.41,0.45,"2025-09-29",1009,"N20","nominal","2.0NRT",319.87,6.01,"D"
"942",30.29048,50.06522,346.75,0.41,0.45,"2025-09-29",1009,"N20","nominal","2.0NRT",320.5,8.54,"D"
"943",30.34567,50.2914,349.13,0.42,0.45,"2025-09-29",1009,"N20","nominal","2.0NRT",320.53,12.16,"D"
"944",30.39147,50.61595,344.87,0.44,0.46,"2025-09-29",1009,"N20","low","2.0NRT",319.5,6.74,"D"
"945",30.40904,50.74792,342.63,0.45,0.47,"2025-09-29",1009,"N20","nominal","2.0NRT",315.4,5.21,"D"
"946",30.39576,50.6156,347.44,0.44,0.46,"2025-09-29",1009,"N20","low","2.0NRT",317.78,15.48,"D"
"947",30.32057,49.89087,345.11,0.4,0.44,"2025-09-29",1009,"N20","low","2.0NRT",319.5,5.97,"D"
"948",30.39622,50.62015,356.42,0.44,0.46,"2025-09-29",1009,"N20","low","2.0NRT",320.49,20.96,"D"
"949",30.3953,50.61105,367,0.44,0.46,"2025-09-29",1009,"N20","low","2.0NRT",325.2,15.48,"D"
"950",30.35317,49.92405,346.26,0.4,0.45,"2025-09-29",1009,"N20","nominal","2.0NRT",318.93,3.95,"D"
"951",30.45499,50.8142,343.12,0.46,0.47,"2025-09-29",1009,"N20","low","2.0NRT",315.45,5.48,"D"
"952",30.45448,50.80919,343.62,0.45,0.47,"2025-09-29",1009,"N20","low","2.0NRT",317.73,7.08,"D"
"953",30.45874,50.80813,353.02,0.45,0.47,"2025-09-29",1009,"N20","nominal","2.0NRT",316.92,9.45,"D"
"954",30.36088,49.8805,353.33,0.4,0.44,"2025-09-29",1009,"N20","nominal","2.0NRT",322.07,8.51,"D"
"955",30.38799,49.86341,346.53,0.4,0.44,"2025-09-29",1009,"N20","low","2.0NRT",321.04,11.19,"D"
"956",30.39189,49.86397,345.15,0.4,0.44,"2025-09-29",1009,"N20","low","2.0NRT",316.78,16.81,"D"
"957",30.48115,50.48616,345.03,0.44,0.46,"2025-09-29",1009,"N20","low","2.0NRT",317.66,10.49,"D"
"958",30.48539,50.48559,348.07,0.44,0.46,"2025-09-29",1009,"N20","low","2.0NRT",321.28,10.49,"D"
"959",30.16611,47.41279,346.6,0.46,0.39,"2025-09-29",1009,"N20","low","2.0NRT",319.05,14.21,"D"
"960",30.55035,50.49057,345.36,0.44,0.46,"2025-09-29",1009,"N20","low","2.0NRT",319.58,6.78,"D"
"961",30.19945,47.38805,348.67,0.45,0.39,"2025-09-29",1009,"N20","nominal","2.0NRT",317.65,5.6,"D"
"962",30.20943,47.3929,347.71,0.46,0.39,"2025-09-29",1009,"N20","low","2.0NRT",318.52,10.57,"D"
"963",30.26395,47.71663,345.93,0.47,0.4,"2025-09-29",1009,"N20","nominal","2.0NRT",319.27,6.97,"D"
"964",30.56078,50.0164,351.16,0.41,0.45,"2025-09-29",1009,"N20","low","2.0NRT",325.76,14.45,"D"
"965",30.27855,47.36224,354.24,0.45,0.39,"2025-09-29",1009,"N20","nominal","2.0NRT",320.34,13.79,"D"
"966",30.28212,47.36165,346.31,0.45,0.39,"2025-09-29",1009,"N20","nominal","2.0NRT",318.49,13.79,"D"
"967",30.66259,50.33259,345.18,0.43,0.46,"2025-09-29",1009,"N20","low","2.0NRT",319.94,8,"D"
"968",27.1924,30.98759,337.65,0.6,0.71,"2025-09-29",1009,"N20","nominal","2.0NRT",306.59,3.61,"D"
"969",30.35848,47.34152,349.57,0.45,0.39,"2025-09-29",1009,"N20","nominal","2.0NRT",318.85,15.45,"D"
"970",30.40135,47.33443,348.28,0.45,0.39,"2025-09-29",1009,"N20","nominal","2.0NRT",319.78,8.02,"D"
"971",30.45481,47.66827,345.15,0.47,0.4,"2025-09-29",1009,"N20","low","2.0NRT",319.41,8.28,"D"
"972",30.72153,49.8233,367,0.4,0.44,"2025-09-29",1009,"N20","high","2.0NRT",336.22,57.52,"D"
"973",30.47664,47.60131,344.86,0.47,0.39,"2025-09-29",1009,"N20","nominal","2.0NRT",318.68,3.34,"D"
"974",30.70799,49.54089,353.98,0.39,0.44,"2025-09-29",1009,"N20","nominal","2.0NRT",327.95,14.49,"D"
"975",30.5225,47.61364,352.13,0.47,0.4,"2025-09-29",1009,"N20","low","2.0NRT",322.15,20.77,"D"
"976",30.52552,47.60819,349.22,0.47,0.4,"2025-09-29",1009,"N20","nominal","2.0NRT",318.16,9.47,"D"
"977",30.49285,47.32012,348.4,0.45,0.39,"2025-09-29",1009,"N20","low","2.0NRT",321.09,9.24,"D"
"978",30.56203,47.33019,346.95,0.46,0.39,"2025-09-29",1009,"N20","low","2.0NRT",318.52,4.47,"D"
"979",30.56257,47.10486,349.2,0.45,0.39,"2025-09-29",1009,"N20","nominal","2.0NRT",323.76,13.97,"D"
"980",30.60915,47.32722,350.48,0.46,0.39,"2025-09-29",1009,"N20","low","2.0NRT",322.82,10.51,"D"
"981",30.88907,49.61552,352.08,0.39,0.44,"2025-09-29",1009,"N20","nominal","2.0NRT",321.74,4.47,"D"
"982",30.89996,49.6768,350.86,0.4,0.44,"2025-09-29",1009,"N20","low","2.0NRT",331.88,15.01,"D"
"983",30.90401,49.67617,346.44,0.4,0.44,"2025-09-29",1009,"N20","low","2.0NRT",321.33,15.01,"D"
"984",30.89311,49.61118,348.97,0.39,0.44,"2025-09-29",1009,"N20","nominal","2.0NRT",322.22,2.73,"D"
"985",30.94176,49.88004,353.28,0.41,0.45,"2025-09-29",1009,"N20","nominal","2.0NRT",320.52,7.47,"D"
"986",30.99,49.59554,350.74,0.39,0.44,"2025-09-29",1009,"N20","low","2.0NRT",320.9,3.93,"D"
"987",30.76323,47.32983,347.12,0.46,0.39,"2025-09-29",1009,"N20","low","2.0NRT",320.89,16.85,"D"
"988",30.86205,47.92602,351.5,0.49,0.4,"2025-09-29",1009,"N20","nominal","2.0NRT",320.95,69.43,"D"
"989",30.86144,47.92094,367,0.49,0.4,"2025-09-29",1009,"N20","low","2.0NRT",326.37,69.43,"D"
"990",30.86574,47.92543,347.48,0.49,0.4,"2025-09-29",1009,"N20","low","2.0NRT",319.8,14.64,"D"
"991",31.13022,49.32592,367,0.38,0.43,"2025-09-29",1009,"N20","high","2.0NRT",343.9,67.42,"D"
"992",31.12978,49.32188,367,0.38,0.43,"2025-09-29",1009,"N20","low","2.0NRT",326.67,35.17,"D"
"993",31.13378,49.32132,367,0.38,0.43,"2025-09-29",1009,"N20","high","2.0NRT",349.46,21.21,"D"
"994",31.13421,49.32535,348.7,0.38,0.43,"2025-09-29",1009,"N20","nominal","2.0NRT",322.14,30.8,"D"
"995",31.13333,49.3173,349.5,0.38,0.43,"2025-09-29",1009,"N20","nominal","2.0NRT",324.08,21.21,"D"
"996",31.13777,49.32076,352.47,0.38,0.43,"2025-09-29",1009,"N20","nominal","2.0NRT",323.73,21.21,"D"
"997",31.00316,48.14235,349.73,0.5,0.41,"2025-09-29",1009,"N20","nominal","2.0NRT",324.68,11.25,"D"
"998",31.24896,49.17171,351.82,0.57,0.43,"2025-09-29",1009,"N20","nominal","2.0NRT",323.86,8.99,"D"
"999",31.02833,47.28411,367,0.46,0.39,"2025-09-29",1009,"N20","high","2.0NRT",342.91,39.61,"D"
"1000",31.25292,49.17113,349.67,0.57,0.43,"2025-09-29",1009,"N20","nominal","2.0NRT",322.62,8.99,"D"
"1001",31.02894,47.2889,344.26,0.46,0.39,"2025-09-29",1009,"N20","nominal","2.0NRT",318.26,39.61,"D"
"1002",31.03253,47.2883,346.21,0.46,0.39,"2025-09-29",1009,"N20","nominal","2.0NRT",319.86,41.96,"D"
"1003",31.03192,47.28351,367,0.46,0.39,"2025-09-29",1009,"N20","low","2.0NRT",330.47,41.96,"D"
"1004",31.14121,47.87268,347.32,0.49,0.4,"2025-09-29",1009,"N20","nominal","2.0NRT",321.8,12.56,"D"
"1005",27.90418,30.63102,340.58,0.6,0.71,"2025-09-29",1009,"N20","nominal","2.0NRT",308.46,5.65,"D"
"1006",31.23563,47.9675,347.98,0.49,0.41,"2025-09-29",1009,"N20","low","2.0NRT",320.32,17.26,"D"
"1007",31.26888,48.11627,353.43,0.5,0.41,"2025-09-29",1009,"N20","low","2.0NRT",328.27,9.01,"D"
"1008",31.40502,48.65173,351.48,0.53,0.42,"2025-09-29",1009,"N20","low","2.0NRT",324.16,11.79,"D"
"1009",31.40437,48.64611,367,0.53,0.42,"2025-09-29",1009,"N20","low","2.0NRT",325.87,15.62,"D"
"1010",31.40887,48.65114,367,0.53,0.42,"2025-09-29",1009,"N20","low","2.0NRT",325.39,11.79,"D"
"1011",31.24328,46.71206,348.24,0.44,0.38,"2025-09-29",1009,"N20","nominal","2.0NRT",320.12,8.14,"D"
"1012",31.34859,47.0341,367,0.45,0.39,"2025-09-29",1009,"N20","low","2.0NRT",327.16,48.98,"D"
"1013",31.35274,47.03823,353.26,0.45,0.39,"2025-09-29",1009,"N20","low","2.0NRT",323.3,21.33,"D"
"1014",31.35215,47.0335,347.89,0.45,0.39,"2025-09-29",1009,"N20","low","2.0NRT",321.97,21.33,"D"
"1015",31.35332,47.04298,367,0.45,0.39,"2025-09-29",1009,"N20","low","2.0NRT",328.03,44.43,"D"
"1016",31.35454,45.96408,346.94,0.42,0.37,"2025-09-29",1009,"N20","low","2.0NRT",320.72,3.77,"D"
"1017",31.35797,45.96346,347.54,0.42,0.37,"2025-09-29",1009,"N20","low","2.0NRT",321.11,7.34,"D"
"1018",32.24123,51.42537,344.63,0.52,0.5,"2025-09-29",1009,"N20","low","2.0NRT",316.48,23.52,"D"
"1019",32.24179,51.42915,347.69,0.52,0.5,"2025-09-29",1009,"N20","nominal","2.0NRT",319.75,23.64,"D"
"1020",32.24131,51.42357,341.97,0.52,0.5,"2025-09-29",1009,"N20","low","2.0NRT",316.48,23.64,"D"
"1021",31.76281,46.04358,367,0.42,0.38,"2025-09-29",1009,"N20","high","2.0NRT",332.02,42.45,"D"
"1022",31.76915,46.06511,348.16,0.42,0.38,"2025-09-29",1009,"N20","nominal","2.0NRT",320.99,6.79,"D"
"1023",32.11579,47.41059,367,0.48,0.4,"2025-09-29",1009,"N20","low","2.0NRT",333.58,60.01,"D"
"1024",32.11944,47.40998,350.29,0.48,0.4,"2025-09-29",1009,"N20","nominal","2.0NRT",322.17,13.41,"D"
"1025",32.48769,45.6617,343.27,0.42,0.37,"2025-09-29",1009,"N20","low","2.0NRT",317.88,3.86,"D"
"1026",33.23262,50.05698,343.29,0.45,0.47,"2025-09-29",1009,"N20","nominal","2.0NRT",316.2,4.74,"D"
"1027",33.23214,50.05196,343.05,0.44,0.46,"2025-09-29",1009,"N20","nominal","2.0NRT",317.2,4.74,"D"
"1028",33.46216,47.83008,344.43,0.51,0.41,"2025-09-29",1009,"N20","low","2.0NRT",319.28,11.99,"D"
"1029",33.15853,44.78713,344.54,0.4,0.37,"2025-09-29",1009,"N20","low","2.0NRT",319.3,15.68,"D"
"1030",33.09049,44.16185,340.99,0.39,0.36,"2025-09-29",1009,"N20","low","2.0NRT",315.75,10.79,"D"
"1031",33.99713,49.47031,344.66,0.42,0.45,"2025-09-29",1011,"N20","nominal","2.0NRT",315.06,3.86,"D"
"1032",31.98443,36.1215,337.31,0.47,0.47,"2025-09-29",1011,"N20","nominal","2.0NRT",311.96,2.7,"D"
"1033",34.01642,47.23778,346.59,0.49,0.4,"2025-09-29",1011,"N20","nominal","2.0NRT",316.54,8.05,"D"
"1034",34.25566,45.11689,343.28,0.41,0.37,"2025-09-29",1011,"N20","low","2.0NRT",317.59,9.7,"D"
"1035",34.25907,45.11623,354.85,0.41,0.37,"2025-09-29",1011,"N20","nominal","2.0NRT",320.36,9.7,"D"
"1036",35.12355,51.57547,344.37,0.57,0.52,"2025-09-29",1011,"N20","nominal","2.0NRT",314.92,7.79,"D"
"1037",34.27528,43.81041,341,0.39,0.36,"2025-09-29",1011,"N20","nominal","2.0NRT",315.68,4.79,"D"
"1038",35.12344,51.57359,346.09,0.57,0.52,"2025-09-29",1011,"N20","nominal","2.0NRT",314.79,6.06,"D"
"1039",33.0127,35.97873,345.16,0.45,0.47,"2025-09-29",1011,"N20","nominal","2.0NRT",314.2,4.11,"D"
"1040",34.06617,40.98829,342.82,0.4,0.37,"2025-09-29",1011,"N20","nominal","2.0NRT",316.78,3.33,"D"
"1041",34.31508,41.02303,342.24,0.4,0.37,"2025-09-29",1011,"N20","low","2.0NRT",317.13,4.81,"D"
"1042",34.31437,41.01875,344.7,0.4,0.37,"2025-09-29",1011,"N20","low","2.0NRT",318.78,3.92,"D"
"1043",33.5561,36.59786,344.89,0.41,0.45,"2025-09-29",1011,"N20","nominal","2.0NRT",317.1,11.85,"D"
"1044",33.55523,36.59356,340.83,0.41,0.45,"2025-09-29",1011,"N20","low","2.0NRT",315.38,7.03,"D"
"1045",33.55529,36.59527,349.11,0.41,0.45,"2025-09-29",1011,"N20","nominal","2.0NRT",316.94,14,"D"
"1046",33.55931,36.59409,347.04,0.41,0.45,"2025-09-29",1011,"N20","nominal","2.0NRT",314.27,6.55,"D"
"1047",35.12151,44.82416,347.79,0.41,0.37,"2025-09-29",1011,"N20","nominal","2.0NRT",320.01,18.49,"D"
"1048",35.58533,48.54591,343.22,0.39,0.44,"2025-09-29",1011,"N20","nominal","2.0NRT",315.16,6.35,"D"
"1049",35.09147,44.34851,346.46,0.4,0.37,"2025-09-29",1011,"N20","low","2.0NRT",318.36,7.33,"D"
"1050",35.1152,44.18391,342.75,0.4,0.37,"2025-09-29",1011,"N20","low","2.0NRT",315.68,3.41,"D"
"1051",35.11855,44.18322,344.3,0.4,0.37,"2025-09-29",1011,"N20","nominal","2.0NRT",316.04,4.72,"D"
"1052",35.48481,44.15546,367,0.4,0.37,"2025-09-29",1011,"N20","low","2.0NRT",327.4,40.56,"D"
"1053",35.48816,44.15477,344.4,0.4,0.37,"2025-09-29",1011,"N20","nominal","2.0NRT",315.44,9.43,"D"
"1054",35.52495,44.34608,347.77,0.4,0.37,"2025-09-29",1011,"N20","nominal","2.0NRT",319.49,9.3,"D"
"1055",35.52771,44.34099,349.85,0.4,0.37,"2025-09-29",1011,"N20","nominal","2.0NRT",317.77,7.59,"D"
"1056",35.53107,44.3403,345.17,0.4,0.37,"2025-09-29",1011,"N20","low","2.0NRT",319.25,7.59,"D"
"1057",36.28829,49.32925,340.18,0.44,0.46,"2025-09-29",1011,"N20","nominal","2.0NRT",311.69,2.94,"D"
"1058",35.68383,43.87889,367,0.4,0.37,"2025-09-29",1011,"N20","high","2.0NRT",336.3,52.76,"D"
"1059",35.72574,44.04211,344.46,0.4,0.37,"2025-09-29",1011,"N20","low","2.0NRT",318.63,8.45,"D"
"1060",35.72788,44.03265,344.36,0.4,0.37,"2025-09-29",1011,"N20","nominal","2.0NRT",319.35,6.98,"D"
"1061",35.68185,43.60485,349,0.39,0.36,"2025-09-29",1011,"N20","low","2.0NRT",321.71,8.78,"D"
"1062",34.5687,36.58845,347.95,0.39,0.44,"2025-09-29",1011,"N20","nominal","2.0NRT",307.64,6.65,"D"
"1063",36.30482,46.97575,347.44,0.51,0.41,"2025-09-29",1011,"N20","nominal","2.0NRT",315.13,7.27,"D"
"1064",37.01854,54.83556,335.8,0.45,0.63,"2025-09-29",1011,"N20","nominal","2.0NRT",297.53,2.22,"D"
"1065",34.76738,36.27903,332.92,0.4,0.44,"2025-09-29",1011,"N20","nominal","2.0NRT",305.48,4.11,"D"
"1066",34.7665,36.27479,340.07,0.4,0.44,"2025-09-29",1011,"N20","nominal","2.0NRT",305.99,4.11,"D"
"1067",35.14448,36.33843,335.16,0.39,0.44,"2025-09-29",1011,"N20","nominal","2.0NRT",305.28,2.35,"D"
"1068",37.49353,48.60313,341.76,0.42,0.45,"2025-09-29",1011,"N20","nominal","2.0NRT",308.12,6.58,"D"
"1069",36.89249,43.42941,336.54,0.39,0.37,"2025-09-29",1011,"N20","nominal","2.0NRT",307.26,2.79,"D"
"1070",36.90746,43.38993,335.84,0.39,0.36,"2025-09-29",1011,"N20","nominal","2.0NRT",306.95,4.06,"D"
"1071",36.9341,42.13193,348.14,0.38,0.36,"2025-09-29",1011,"N20","nominal","2.0NRT",318.36,3.86,"D"
"1072",37.63149,46.51381,341.45,0.5,0.41,"2025-09-29",1011,"N20","nominal","2.0NRT",308.53,7.62,"D"
"1073",38.35168,48.45364,334.65,0.42,0.45,"2025-09-29",1011,"N20","nominal","2.0NRT",302.87,2.53,"D"
"1074",37.89692,44.30957,337.57,0.42,0.38,"2025-09-29",1011,"N20","nominal","2.0NRT",304.64,2.69,"D"
"1075",38.84934,54.23496,339.49,0.43,0.62,"2025-09-29",1011,"N20","nominal","2.0NRT",303.75,1.86,"D"
"1076",38.02621,44.63533,337.38,0.43,0.38,"2025-09-29",1011,"N20","nominal","2.0NRT",310.69,4.67,"D"
"1077",37.31735,39.69802,335.4,0.41,0.37,"2025-09-29",1011,"N20","nominal","2.0NRT",308.99,3.62,"D"
"1078",37.56376,41.17866,350.41,0.39,0.36,"2025-09-29",1011,"N20","nominal","2.0NRT",311.24,4.41,"D"
"1079",36.74876,36.20689,330.2,0.56,0.43,"2025-09-29",1011,"N20","low","2.0NRT",304,4.19,"D"
"1080",39.0424,54.25131,345.18,0.44,0.62,"2025-09-29",1011,"N20","nominal","2.0NRT",304.38,3.68,"D"
"1081",37.12642,37.66266,345.81,0.47,0.4,"2025-09-29",1011,"N20","nominal","2.0NRT",310.08,5.27,"D"
"1082",36.80906,35.49053,340.38,0.4,0.44,"2025-09-29",1011,"N20","nominal","2.0NRT",299.52,4.47,"D"
"1083",36.76479,35.2004,338.56,0.42,0.45,"2025-09-29",1011,"N20","nominal","2.0NRT",300.25,4.65,"D"
"1084",36.77936,35.14698,342.91,0.42,0.45,"2025-09-29",1011,"N20","nominal","2.0NRT",302.69,4.81,"D"
"1085",37.04716,36.064,340.42,0.56,0.43,"2025-09-29",1011,"N20","nominal","2.0NRT",302.65,1.84,"D"
"1086",37.05218,36.06852,346.6,0.56,0.43,"2025-09-29",1011,"N20","nominal","2.0NRT",304.7,10.39,"D"
"1087",37.05095,36.06252,340.81,0.56,0.43,"2025-09-29",1011,"N20","nominal","2.0NRT",305.24,8.38,"D"
"1088",37.056,36.0672,346.38,0.56,0.43,"2025-09-29",1011,"N20","nominal","2.0NRT",305.44,10.39,"D"
"1089",38.76483,46.96549,347.89,0.54,0.42,"2025-09-29",1011,"N20","nominal","2.0NRT",310.18,17.68,"D"
"1090",38.76196,46.96459,344.69,0.54,0.42,"2025-09-29",1011,"N20","nominal","2.0NRT",312.41,22.05,"D"
"1091",38.10607,41.17843,337.17,0.38,0.36,"2025-09-29",1011,"N20","low","2.0NRT",308.88,2.55,"D"
"1092",38.04842,40.3906,349.13,0.39,0.36,"2025-09-29",1011,"N20","nominal","2.0NRT",318.86,15.36,"D"
"1093",38.05171,40.38975,343.63,0.39,0.36,"2025-09-29",1011,"N20","nominal","2.0NRT",312.34,5.07,"D"
"1094",37.61462,37.57183,332.41,0.47,0.4,"2025-09-29",1011,"N20","low","2.0NRT",306.9,2.22,"D"
"1095",38.12158,40.35888,348.07,0.39,0.36,"2025-09-29",1011,"N20","nominal","2.0NRT",320.91,16.1,"D"
"1096",39.47507,52.69326,345.41,0.36,0.57,"2025-09-29",1011,"N20","nominal","2.0NRT",290.27,4.09,"D"
"1097",38.17509,40.30812,342.53,0.39,0.36,"2025-09-29",1011,"N20","nominal","2.0NRT",313.28,2.4,"D"
"1098",38.17839,40.30725,339.53,0.39,0.36,"2025-09-29",1011,"N20","nominal","2.0NRT",314.35,2.4,"D"
"1099",38.18972,40.3135,339.72,0.39,0.36,"2025-09-29",1011,"N20","low","2.0NRT",314.39,2.09,"D"
"1100",39.17083,45.43575,334.37,0.47,0.4,"2025-09-29",1011,"N20","low","2.0NRT",304.99,1.56,"D"
"1101",38.77251,41.65577,332.66,0.38,0.36,"2025-09-29",1011,"N20","nominal","2.0NRT",303.45,2.36,"D"
"1102",39.05459,42.90244,332.43,0.4,0.37,"2025-09-29",1011,"N20","low","2.0NRT",303.73,2.32,"D"
"1103",39.04534,42.71319,349.39,0.39,0.36,"2025-09-29",1011,"N20","nominal","2.0NRT",309.67,9.7,"D"
"1104",39.04471,42.70869,339.85,0.39,0.36,"2025-09-29",1011,"N20","nominal","2.0NRT",306.38,4.1,"D"
"1105",39.04408,42.70419,345.93,0.39,0.36,"2025-09-29",1011,"N20","nominal","2.0NRT",306.66,4.1,"D"
"1106",39.04866,42.71246,333.57,0.39,0.36,"2025-09-29",1011,"N20","low","2.0NRT",305.49,9.7,"D"
"1107",39.04803,42.70795,339.55,0.39,0.36,"2025-09-29",1011,"N20","nominal","2.0NRT",306.29,4.1,"D"
"1108",39.05388,42.72526,331.95,0.39,0.36,"2025-09-29",1011,"N20","low","2.0NRT",304.71,3.76,"D"
"1109",39.05325,42.72076,346.09,0.39,0.36,"2025-09-29",1011,"N20","nominal","2.0NRT",306.61,3.76,"D"
"1110",38.3643,38.40388,334.31,0.43,0.38,"2025-09-29",1011,"N20","nominal","2.0NRT",305.35,1.87,"D"
"1111",38.67374,39.81189,344.28,0.4,0.37,"2025-09-29",1011,"N20","nominal","2.0NRT",307.43,2.47,"D"
"1112",39.22711,42.77108,337.24,0.39,0.37,"2025-09-29",1011,"N20","nominal","2.0NRT",305.38,2.35,"D"
"1113",38.50156,38.18842,349.96,0.44,0.38,"2025-09-29",1011,"N20","nominal","2.0NRT",308.03,17.81,"D"
"1114",38.50501,38.1874,355.23,0.44,0.38,"2025-09-29",1011,"N20","nominal","2.0NRT",308.89,9.94,"D"
"1115",39.48252,41.8766,332.21,0.39,0.36,"2025-09-29",1011,"N20","nominal","2.0NRT",295.41,3.44,"D"
"1116",39.2976,40.36127,334.61,0.39,0.36,"2025-09-29",1011,"N20","nominal","2.0NRT",306.15,2.5,"D"
"1117",39.93212,43.96407,334.45,0.42,0.38,"2025-09-29",1011,"N20","nominal","2.0NRT",303.03,2.46,"D"
"1118",37.74533,31.75954,332.37,0.6,0.53,"2025-09-29",1011,"N20","nominal","2.0NRT",296.23,6.16,"D"
"1119",40.44182,44.95781,345.01,0.46,0.39,"2025-09-29",1011,"N20","nominal","2.0NRT",293.97,4.5,"D"
"1120",40.41582,44.73866,354.34,0.45,0.39,"2025-09-29",1011,"N20","nominal","2.0NRT",305.43,9.2,"D"
"1121",40.44542,44.95722,347.06,0.46,0.39,"2025-09-29",1011,"N20","nominal","2.0NRT",295.72,5.97,"D"
"1122",40.41939,44.73801,346.89,0.45,0.39,"2025-09-29",1011,"N20","nominal","2.0NRT",304.18,6.4,"D"
"1123",40.6094,44.89212,343.45,0.46,0.39,"2025-09-29",1011,"N20","nominal","2.0NRT",296.05,5.34,"D"
"1124",40.52116,43.83997,332.44,0.43,0.38,"2025-09-29",1011,"N20","nominal","2.0NRT",301.31,5.99,"D"
"1125",39.97887,39.59022,342.53,0.39,0.36,"2025-09-29",1011,"N20","nominal","2.0NRT",306.91,13.38,"D"
"1126",39.97813,39.58579,343.2,0.39,0.36,"2025-09-29",1011,"N20","nominal","2.0NRT",311.17,13.38,"D"
"1127",39.9774,39.58137,334.45,0.39,0.36,"2025-09-29",1011,"N20","nominal","2.0NRT",307.43,19.18,"D"
"1128",39.98143,39.58493,349.15,0.39,0.36,"2025-09-29",1011,"N20","nominal","2.0NRT",307.59,13.38,"D"
"1129",39.98069,39.58046,304.45,0.39,0.36,"2025-09-29",1011,"N20","low","2.0NRT",315.72,19.18,"D"
"1130",40.70083,43.80211,332.66,0.43,0.38,"2025-09-29",1011,"N20","nominal","2.0NRT",301.95,2.91,"D"
"1131",40.77752,44.16019,332.46,0.44,0.38,"2025-09-29",1011,"N20","nominal","2.0NRT",300.34,4.07,"D"
"1132",40.78103,44.15958,334.98,0.44,0.38,"2025-09-29",1011,"N20","nominal","2.0NRT",302.96,8.27,"D"
"1133",40.81543,43.88293,334.66,0.43,0.38,"2025-09-29",1011,"N20","nominal","2.0NRT",303.41,4.3,"D"
"1134",40.81889,43.88216,336.27,0.43,0.38,"2025-09-29",1011,"N20","nominal","2.0NRT",303.75,3.58,"D"
"1135",46.39292,49.7231,348.97,0.59,0.53,"2025-09-29",1011,"N20","nominal","2.0NRT",298.26,40.41,"D"
"1136",46.39778,49.72255,347.35,0.59,0.53,"2025-09-29",1011,"N20","nominal","2.0NRT",291.03,12.54,"D"
"1137",46.39734,49.71483,346.38,0.59,0.53,"2025-09-29",1011,"N20","nominal","2.0NRT",288.93,34.67,"D"
"1138",46.3969,49.70712,347.42,0.59,0.53,"2025-09-29",1011,"N20","nominal","2.0NRT",289.66,34.67,"D"
"1139",46.4022,49.71429,349.7,0.59,0.53,"2025-09-29",1011,"N20","nominal","2.0NRT",293.07,34.67,"D"
"1140",46.40175,49.70657,346.23,0.59,0.53,"2025-09-29",1011,"N20","nominal","2.0NRT",293.33,34.67,"D"
"1141",46.41543,49.68953,343.99,0.58,0.52,"2025-09-29",1011,"N20","nominal","2.0NRT",287.19,9.15,"D"
"1142",46.42028,49.68898,343.11,0.58,0.52,"2025-09-29",1011,"N20","nominal","2.0NRT",289.53,9.15,"D"
"1143",47.10115,52.14827,348.32,0.39,0.59,"2025-09-29",1011,"N20","nominal","2.0NRT",296.33,5.41,"D"
"1144",47.10098,52.14306,335.87,0.39,0.59,"2025-09-29",1011,"N20","nominal","2.0NRT",299.11,5.03,"D"
"1145",47.87732,57.4677,335.1,0.7,0.75,"2025-09-29",1013,"N20","nominal","2.0NRT",291.8,4.77,"D"
"1146",48.17047,44.64159,348.28,0.54,0.42,"2025-09-29",1013,"N20","nominal","2.0NRT",278.73,14.1,"D"
"1147",46.53655,32.4894,327.39,0.52,0.42,"2025-09-29",1013,"N20","nominal","2.0NRT",294.78,5.32,"D"
"1148",46.52962,32.39901,331.97,0.52,0.42,"2025-09-29",1013,"N20","nominal","2.0NRT",286.56,5.73,"D"
"1149",46.52823,32.39241,341.34,0.53,0.42,"2025-09-29",1013,"N20","nominal","2.0NRT",292.84,17.37,"D"
"1150",46.55809,32.51558,329.53,0.52,0.41,"2025-09-29",1013,"N20","nominal","2.0NRT",287.14,3.26,"D"
"1151",48.4578,43.83345,328.88,0.51,0.41,"2025-09-29",1013,"N20","nominal","2.0NRT",282.5,4.87,"D"
"1152",48.54965,44.09245,334.8,0.52,0.42,"2025-09-29",1013,"N20","nominal","2.0NRT",287.43,5.55,"D"
"1153",48.77579,44.49458,331.23,0.55,0.42,"2025-09-29",1013,"N20","nominal","2.0NRT",292.27,4.1,"D"
"1154",48.93213,42.45439,329.91,0.46,0.39,"2025-09-29",1013,"N20","nominal","2.0NRT",288.93,2.55,"D"
"1155",48.91753,38.01456,333.85,0.38,0.36,"2025-09-29",1013,"N20","nominal","2.0NRT",296.04,3.44,"D"
"1156",48.91845,37.99792,343.49,0.38,0.36,"2025-09-29",1013,"N20","nominal","2.0NRT",293.7,5.35,"D"
"1157",48.91768,37.99275,327.04,0.38,0.36,"2025-09-29",1013,"N20","nominal","2.0NRT",289.29,5.35,"D"
"1158",48.92482,38.01748,348.66,0.38,0.36,"2025-09-29",1013,"N20","nominal","2.0NRT",297.13,3.98,"D"
"1159",48.92093,37.99162,339.36,0.38,0.36,"2025-09-29",1013,"N20","nominal","2.0NRT",289.27,4.45,"D"
"1160",48.92809,38.01635,328.41,0.38,0.36,"2025-09-29",1013,"N20","nominal","2.0NRT",295.77,3.98,"D"
"1161",48.93658,37.95898,328.23,0.38,0.36,"2025-09-29",1013,"N20","nominal","2.0NRT",287.21,2.91,"D"
"1162",48.94466,37.96706,345.01,0.38,0.36,"2025-09-29",1013,"N20","nominal","2.0NRT",290.86,6.98,"D"
"1163",48.9513,37.94296,330.62,0.38,0.36,"2025-09-29",1013,"N20","nominal","2.0NRT",288.47,3.84,"D"
"1164",49.01173,38.13994,341.64,0.39,0.36,"2025-09-29",1013,"N20","nominal","2.0NRT",299.12,11.36,"D"
"1165",49.00073,37.90728,326.71,0.38,0.36,"2025-09-29",1013,"N20","nominal","2.0NRT",292.54,2.24,"D"
"1166",49.00946,37.9424,338.39,0.38,0.36,"2025-09-29",1013,"N20","nominal","2.0NRT",292.96,4.88,"D"
"1167",49.05557,37.97541,343.69,0.38,0.36,"2025-09-29",1013,"N20","nominal","2.0NRT",297.04,8.35,"D"
"1168",49.14402,38.40995,325.99,0.39,0.36,"2025-09-29",1013,"N20","nominal","2.0NRT",293.48,1.16,"D"
"1169",50.34819,57.13558,331.08,0.68,0.74,"2025-09-29",1013,"N20","nominal","2.0NRT",286.43,4.22,"D"
"1170",49.15307,38.4014,331.6,0.39,0.36,"2025-09-29",1013,"N20","nominal","2.0NRT",295.83,5.69,"D"
"1171",49.15231,38.39618,328.48,0.39,0.36,"2025-09-29",1013,"N20","nominal","2.0NRT",299.75,5.69,"D"
"1172",49.15731,38.38351,337.03,0.39,0.36,"2025-09-29",1013,"N20","nominal","2.0NRT",296.29,4.37,"D"
"1173",49.18093,38.2906,337.56,0.39,0.36,"2025-09-29",1013,"N20","nominal","2.0NRT",286.82,2.51,"D"
"1174",49.1771,38.26451,329.33,0.39,0.36,"2025-09-29",1013,"N20","nominal","2.0NRT",296.95,1.61,"D"
"1175",49.18344,38.28426,326.44,0.39,0.36,"2025-09-29",1013,"N20","nominal","2.0NRT",286.32,1.99,"D"
"1176",50.34774,57.13634,333.27,0.68,0.74,"2025-09-29",1013,"N20","nominal","2.0NRT",286.01,7.41,"D"
"1177",49.20034,38.30592,331.27,0.39,0.36,"2025-09-29",1013,"N20","nominal","2.0NRT",293.99,4,"D"
"1178",49.19957,38.3007,331.28,0.39,0.36,"2025-09-29",1013,"N20","nominal","2.0NRT",291.89,2.53,"D"
"1179",49.19881,38.29548,327.81,0.39,0.36,"2025-09-29",1013,"N20","nominal","2.0NRT",293.19,2.53,"D"
"1180",49.19804,38.29026,326.38,0.39,0.36,"2025-09-29",1013,"N20","nominal","2.0NRT",294.31,3.3,"D"
"1181",49.2036,38.30481,338.31,0.39,0.36,"2025-09-29",1013,"N20","nominal","2.0NRT",289.7,4,"D"
"1182",49.20284,38.29959,335.83,0.39,0.36,"2025-09-29",1013,"N20","nominal","2.0NRT",291.18,2.53,"D"
"1183",49.20207,38.29436,350.63,0.39,0.36,"2025-09-29",1013,"N20","nominal","2.0NRT",291.09,2.53,"D"
"1184",49.20131,38.28913,355.46,0.39,0.36,"2025-09-29",1013,"N20","nominal","2.0NRT",290.39,3.3,"D"
"1185",49.20054,38.28391,342.95,0.39,0.36,"2025-09-29",1013,"N20","nominal","2.0NRT",290.95,3.3,"D"
"1186",49.20457,38.28802,367,0.39,0.36,"2025-09-29",1013,"N20","high","2.0NRT",355.49,23.11,"D"
"1187",49.20611,38.29847,339.92,0.39,0.36,"2025-09-29",1013,"N20","nominal","2.0NRT",289.4,8.26,"D"
"1188",49.20534,38.29324,354.8,0.39,0.36,"2025-09-29",1013,"N20","nominal","2.0NRT",302.72,8.26,"D"
"1189",49.2038,38.28279,356.25,0.39,0.36,"2025-09-29",1013,"N20","nominal","2.0NRT",286.93,23.11,"D"
"1190",49.20304,38.27757,343.31,0.39,0.36,"2025-09-29",1013,"N20","nominal","2.0NRT",286.48,3.97,"D"
"1191",49.20937,38.29734,332.02,0.39,0.36,"2025-09-29",1013,"N20","nominal","2.0NRT",290.58,8.26,"D"
"1192",49.20861,38.29212,355.62,0.39,0.36,"2025-09-29",1013,"N20","nominal","2.0NRT",288.23,8.26,"D"
"1193",49.20707,38.28168,355.74,0.39,0.36,"2025-09-29",1013,"N20","nominal","2.0NRT",284.94,23.11,"D"
"1194",49.20631,38.27645,341.6,0.39,0.36,"2025-09-29",1013,"N20","nominal","2.0NRT",286.56,3.97,"D"
"1195",49.20784,38.2869,356.26,0.39,0.36,"2025-09-29",1013,"N20","low","2.0NRT",288.3,23.11,"D"
"1196",49.21187,38.29101,334.63,0.39,0.36,"2025-09-29",1013,"N20","nominal","2.0NRT",292.81,3.59,"D"
"1197",49.21111,38.28579,348.5,0.39,0.36,"2025-09-29",1013,"N20","nominal","2.0NRT",289.96,5.33,"D"
"1198",49.21034,38.28056,344.62,0.39,0.36,"2025-09-29",1013,"N20","nominal","2.0NRT",288.84,5.33,"D"
"1199",49.20957,38.27534,331.33,0.39,0.36,"2025-09-29",1013,"N20","nominal","2.0NRT",290.1,4.31,"D"
"1200",47.33484,28.55108,341.68,0.48,0.48,"2025-09-29",1013,"N20","nominal","2.0NRT",291.92,4.93,"D"
"1201",49.39046,38.96528,330.08,0.39,0.36,"2025-09-29",1013,"N20","nominal","2.0NRT",294.03,2.19,"D"
"1202",49.26704,37.92441,343.86,0.38,0.36,"2025-09-29",1013,"N20","nominal","2.0NRT",295.61,14.58,"D"
"1203",49.26625,37.9192,337.28,0.38,0.36,"2025-09-29",1013,"N20","nominal","2.0NRT",297.24,10.55,"D"
"1204",49.26951,37.91806,333.8,0.38,0.36,"2025-09-29",1013,"N20","nominal","2.0NRT",292.05,10.55,"D"
"1205",48.13969,31.61175,327.01,0.52,0.42,"2025-09-29",1013,"N20","nominal","2.0NRT",290.59,2.53,"D"
"1206",49.28344,37.73771,330.28,0.38,0.36,"2025-09-29",1013,"N20","nominal","2.0NRT",289.43,1.96,"D"
"1207",49.28266,37.73251,325.29,0.38,0.36,"2025-09-29",1013,"N20","nominal","2.0NRT",289.01,1.96,"D"
"1208",49.53691,39.06041,332.32,0.39,0.36,"2025-09-29",1013,"N20","nominal","2.0NRT",289.87,3.56,"D"
"1209",49.24902,37.00725,332.45,0.38,0.36,"2025-09-29",1013,"N20","nominal","2.0NRT",289.31,2.52,"D"
"1210",49.33733,37.17509,350.19,0.38,0.36,"2025-09-29",1013,"N20","nominal","2.0NRT",309.37,35.37,"D"
"1211",49.34057,37.1739,342.23,0.38,0.36,"2025-09-29",1013,"N20","nominal","2.0NRT",299.84,35.37,"D"
"1212",49.33976,37.1687,345.41,0.38,0.36,"2025-09-29",1013,"N20","nominal","2.0NRT",297.22,35.37,"D"
"1213",48.15782,30.17586,329.28,0.39,0.44,"2025-09-29",1013,"N20","nominal","2.0NRT",289.03,3.45,"D"
"1214",48.12903,29.85866,345.51,0.41,0.45,"2025-09-29",1013,"N20","nominal","2.0NRT",301.4,7.19,"D"
"1215",49.63684,37.83372,328.3,0.38,0.36,"2025-09-29",1013,"N20","nominal","2.0NRT",294.06,6.05,"D"
"1216",49.63605,37.82847,351.12,0.38,0.36,"2025-09-29",1013,"N20","nominal","2.0NRT",299.35,6.05,"D"
"1217",49.63527,37.82322,333.46,0.38,0.36,"2025-09-29",1013,"N20","nominal","2.0NRT",296.39,5.17,"D"
"1218",49.63774,37.81682,334.57,0.38,0.36,"2025-09-29",1013,"N20","nominal","2.0NRT",298.33,5.17,"D"
"1219",49.63696,37.81157,339.38,0.38,0.36,"2025-09-29",1013,"N20","nominal","2.0NRT",299.44,2.7,"D"
"1220",49.63618,37.80632,331.52,0.38,0.36,"2025-09-29",1013,"N20","nominal","2.0NRT",296.27,2.7,"D"
"1221",49.64022,37.81041,346.07,0.38,0.36,"2025-09-29",1013,"N20","nominal","2.0NRT",293.27,9.73,"D"
"1222",49.63943,37.80516,356.05,0.38,0.36,"2025-09-29",1013,"N20","nominal","2.0NRT",302.34,9.73,"D"
"1223",49.59515,37.51182,335.24,0.38,0.36,"2025-09-29",1013,"N20","nominal","2.0NRT",297.11,2.97,"D"
"1224",49.59436,37.50659,332.79,0.38,0.36,"2025-09-29",1013,"N20","nominal","2.0NRT",300.85,3.71,"D"
"1225",48.12843,29.85743,346.87,0.41,0.45,"2025-09-29",1013,"N20","nominal","2.0NRT",299.99,6.27,"D"
"1226",49.65685,37.73826,343.55,0.38,0.36,"2025-09-29",1013,"N20","nominal","2.0NRT",292.1,5.9,"D"
"1227",49.57205,37.1173,353.68,0.38,0.36,"2025-09-29",1013,"N20","nominal","2.0NRT",299.05,13.94,"D"
"1228",49.51517,36.75704,343.75,0.39,0.36,"2025-09-29",1013,"N20","nominal","2.0NRT",290.61,4.52,"D"
"1229",49.67914,37.65842,328.12,0.38,0.36,"2025-09-29",1013,"N20","nominal","2.0NRT",294.71,2.38,"D"
"1230",48.96867,32.17818,328.5,0.48,0.4,"2025-09-29",1013,"N20","nominal","2.0NRT",281.59,2.79,"D"
"1231",50.36075,40.6499,331.46,0.43,0.38,"2025-09-29",1013,"N20","nominal","2.0NRT",292.52,4.5,"D"
"1232",50.36003,40.64399,331.07,0.43,0.38,"2025-09-29",1013,"N20","nominal","2.0NRT",292.31,4.08,"D"
"1233",50.36206,40.6312,331.87,0.43,0.38,"2025-09-29",1013,"N20","nominal","2.0NRT",293.32,3.26,"D"
"1234",50.05595,37.61286,331.57,0.38,0.36,"2025-09-29",1013,"N20","nominal","2.0NRT",283.76,3.1,"D"
"1235",49.01357,30.96852,327.53,0.53,0.42,"2025-09-29",1013,"N20","nominal","2.0NRT",281.21,1.85,"D"
"1236",50.23945,36.94859,328.26,0.38,0.36,"2025-09-29",1013,"N20","nominal","2.0NRT",269.45,2.07,"D"
"1237",53.32505,45.07701,337.38,0.43,0.46,"2025-09-29",1013,"N20","nominal","2.0NRT",285.36,4.77,"D"
"1238",54.1812,45.85403,338.07,0.47,0.48,"2025-09-29",1013,"N20","nominal","2.0NRT",284.57,9.13,"D"
"1239",55.59897,51.90679,325.34,0.42,0.61,"2025-09-29",1015,"N20","nominal","2.0NRT",282.87,1.82,"D"
"1240",55.86666,41.54372,327.38,0.52,0.41,"2025-09-29",1015,"N20","nominal","2.0NRT",280.51,3.45,"D"
"1241",55.87123,41.55088,326.8,0.52,0.41,"2025-09-29",1015,"N20","nominal","2.0NRT",279.63,6.49,"D"
"1242",56.04274,41.69148,343.72,0.53,0.42,"2025-09-29",1015,"N20","nominal","2.0NRT",283.58,6.67,"D"
"1243",56.04655,41.69035,336.82,0.53,0.42,"2025-09-29",1015,"N20","nominal","2.0NRT",282.76,6.55,"D"
"1244",56.22946,43.22927,325.01,0.4,0.44,"2025-09-29",1015,"N20","nominal","2.0NRT",280.13,1.73,"D"
"1245",56.32028,43.43228,325.18,0.4,0.45,"2025-09-29",1015,"N20","nominal","2.0NRT",279.67,1.41,"D"
"1246",56.3186,43.4322,326.77,0.4,0.45,"2025-09-29",1015,"N20","nominal","2.0NRT",279.81,2.42,"D"
"1247",56.43422,40.65104,328.63,0.49,0.41,"2025-09-29",1015,"N20","nominal","2.0NRT",282.65,3.32,"D"
"1248",59.91599,32.02085,330.38,0.38,0.36,"2025-09-29",1015,"N20","nominal","2.0NRT",280.44,2.69,"D"
"1249",28.25258,30.596,340.94,0.44,0.62,"2025-09-29",1147,"N20","nominal","2.0NRT",310.21,3.03,"D"
"1250",28.54199,32.93487,345.26,0.62,0.71,"2025-09-29",1147,"N20","nominal","2.0NRT",302.96,5.51,"D"
"1251",28.53994,32.93306,345.29,0.62,0.71,"2025-09-29",1147,"N20","nominal","2.0NRT",304.45,5.25,"D"
"1252",29.01762,31.20567,341.13,0.49,0.65,"2025-09-29",1149,"N20","low","2.0NRT",312.78,6.23,"D"
"1253",29.68938,32.32543,331.57,0.58,0.7,"2025-09-29",1149,"N20","low","2.0NRT",304.78,4.03,"D"
"1254",29.69035,32.32469,332.73,0.58,0.7,"2025-09-29",1149,"N20","low","2.0NRT",304.69,2.57,"D"
"1255",29.80214,32.09493,334.19,0.56,0.69,"2025-09-29",1149,"N20","low","2.0NRT",308.9,4.93,"D"
"1256",29.65298,28.36023,335.96,0.33,0.55,"2025-09-29",1149,"N20","low","2.0NRT",308.09,0.9,"D"
"1257",30.27054,31.84609,335.74,0.55,0.68,"2025-09-29",1149,"N20","nominal","2.0NRT",303.76,2.65,"D"
"1258",30.26746,31.84516,335.26,0.55,0.68,"2025-09-29",1149,"N20","nominal","2.0NRT",304.31,2.84,"D"
"1259",30.76986,27.10621,336.51,0.57,0.52,"2025-09-29",1149,"N20","nominal","2.0NRT",304.97,3.69,"D"
"1260",9.03259,26.38756,333.84,0.44,0.38,"2025-09-29",1145,"N20","nominal","2.0NRT",297.06,3.69,"D"
"1261",12.67738,26.92855,342.78,0.51,0.41,"2025-09-29",1145,"N20","nominal","2.0NRT",310.5,4.03,"D"
"1262",12.68114,26.92802,337.2,0.51,0.41,"2025-09-29",1145,"N20","low","2.0NRT",311.28,3.59,"D"
"1263",12.62779,26.00195,343.68,0.45,0.39,"2025-09-29",1145,"N20","nominal","2.0NRT",310.48,7.77,"D"
"1264",12.75975,26.39125,347.07,0.48,0.4,"2025-09-29",1145,"N20","nominal","2.0NRT",309.66,13.82,"D"
"1265",12.76464,26.39946,351.35,0.48,0.4,"2025-09-29",1145,"N20","nominal","2.0NRT",312.4,6.8,"D"
"1266",12.76402,26.39509,352.22,0.48,0.4,"2025-09-29",1145,"N20","nominal","2.0NRT",312.57,6.8,"D"
"1267",12.7634,26.39072,354.95,0.48,0.4,"2025-09-29",1145,"N20","nominal","2.0NRT",314.36,13.82,"D"
"1268",12.77497,26.39352,337.59,0.48,0.4,"2025-09-29",1145,"N20","low","2.0NRT",311.51,5.16,"D"
"1269",12.81884,26.65975,341.94,0.49,0.4,"2025-09-29",1145,"N20","nominal","2.0NRT",308.72,4.79,"D"
"1270",12.77064,26.30651,337.92,0.47,0.4,"2025-09-29",1145,"N20","low","2.0NRT",312.43,5.67,"D"
"1271",12.77004,26.30218,345.61,0.47,0.4,"2025-09-29",1145,"N20","nominal","2.0NRT",312.17,5.72,"D"
"1272",12.77731,26.30113,344.34,0.47,0.4,"2025-09-29",1145,"N20","low","2.0NRT",316.51,10.61,"D"
"1273",12.77671,26.29681,348.13,0.47,0.4,"2025-09-29",1145,"N20","nominal","2.0NRT",314.49,10.61,"D"
"1274",12.78154,26.30493,342.55,0.47,0.4,"2025-09-29",1145,"N20","low","2.0NRT",315.67,6.06,"D"
"1275",12.78094,26.30061,350.82,0.47,0.4,"2025-09-29",1145,"N20","nominal","2.0NRT",316.68,14.08,"D"
"1276",12.78517,26.3044,345,0.47,0.4,"2025-09-29",1145,"N20","nominal","2.0NRT",314.13,6.06,"D"
"1277",12.79,26.31254,348.01,0.47,0.4,"2025-09-29",1145,"N20","nominal","2.0NRT",316.18,8.6,"D"
"1278",13.15052,28.43702,335.03,0.42,0.45,"2025-09-29",1145,"N20","low","2.0NRT",305.8,2.01,"D"
"1279",13.21935,28.85328,336.88,0.45,0.47,"2025-09-29",1145,"N20","low","2.0NRT",308.01,3.51,"D"
"1280",13.2188,28.84916,335.51,0.45,0.47,"2025-09-29",1145,"N20","low","2.0NRT",306.33,3.51,"D"
"1281",12.9179,26.56488,344.19,0.49,0.4,"2025-09-29",1145,"N20","nominal","2.0NRT",312.24,10.57,"D"
"1282",12.9173,26.56042,338.47,0.49,0.4,"2025-09-29",1145,"N20","low","2.0NRT",310.81,4.5,"D"
"1283",13.22429,28.86613,337.15,0.45,0.47,"2025-09-29",1145,"N20","nominal","2.0NRT",304.34,3.21,"D"
"1284",12.92281,26.57328,336.49,0.49,0.4,"2025-09-29",1145,"N20","low","2.0NRT",309.94,2.69,"D"
"1285",12.92468,26.55937,338.96,0.49,0.4,"2025-09-29",1145,"N20","low","2.0NRT",311.14,4.48,"D"
"1286",12.96883,26.47139,348.12,0.48,0.4,"2025-09-29",1145,"N20","nominal","2.0NRT",312.77,4.2,"D"
"1287",13.31928,28.92532,336.55,0.45,0.47,"2025-09-29",1145,"N20","low","2.0NRT",307.64,5.08,"D"
"1288",13.42207,28.36511,343.27,0.42,0.45,"2025-09-29",1145,"N20","nominal","2.0NRT",311.47,6.92,"D"
"1289",13.42673,28.36841,337.76,0.42,0.45,"2025-09-29",1145,"N20","low","2.0NRT",311.09,5.25,"D"
"1290",13.43292,28.38331,338.26,0.42,0.45,"2025-09-29",1145,"N20","low","2.0NRT",311,5.22,"D"
"1291",13.44123,28.3822,339.17,0.42,0.45,"2025-09-29",1145,"N20","low","2.0NRT",312.18,5.26,"D"
"1292",13.44436,28.37389,341,0.42,0.45,"2025-09-29",1145,"N20","nominal","2.0NRT",309.76,6.53,"D"
"1293",13.53905,28.89286,345.99,0.45,0.47,"2025-09-29",1145,"N20","nominal","2.0NRT",311.55,8.89,"D"
"1294",13.53708,28.89349,350.66,0.45,0.47,"2025-09-29",1145,"N20","nominal","2.0NRT",311.19,8.64,"D"
"1295",13.52885,28.65594,338.29,0.44,0.46,"2025-09-29",1145,"N20","nominal","2.0NRT",306.25,4.35,"D"
"1296",13.51205,28.39216,349.83,0.42,0.45,"2025-09-29",1145,"N20","nominal","2.0NRT",310.37,5.42,"D"
"1297",13.51722,28.39933,339.48,0.42,0.45,"2025-09-29",1145,"N20","low","2.0NRT",310.85,6.16,"D"
"1298",13.56067,28.63525,332.55,0.44,0.46,"2025-09-29",1145,"N20","low","2.0NRT",306.28,1.36,"D"
"1299",13.5936,28.82231,348.31,0.45,0.47,"2025-09-29",1145,"N20","nominal","2.0NRT",309.68,7.05,"D"
"1300",13.59307,28.81818,352.47,0.45,0.47,"2025-09-29",1145,"N20","nominal","2.0NRT",310.43,7.05,"D"
"1301",13.59253,28.81407,345.2,0.45,0.47,"2025-09-29",1145,"N20","nominal","2.0NRT",309.64,10.82,"D"
"1302",13.59682,28.81352,338.24,0.45,0.47,"2025-09-29",1145,"N20","low","2.0NRT",309.36,4.28,"D"
"1303",13.60273,28.82538,347.5,0.45,0.47,"2025-09-29",1145,"N20","nominal","2.0NRT",308.56,5.31,"D"
"1304",13.35171,26.94881,346.94,0.52,0.41,"2025-09-29",1145,"N20","nominal","2.0NRT",316.12,9.43,"D"
"1305",13.35106,26.94406,345.33,0.52,0.41,"2025-09-29",1145,"N20","low","2.0NRT",316.83,10.06,"D"
"1306",13.2536,26.21424,341.13,0.47,0.4,"2025-09-29",1145,"N20","low","2.0NRT",313.02,3.83,"D"
"1307",13.61023,28.81599,339.37,0.45,0.47,"2025-09-29",1145,"N20","nominal","2.0NRT",307.84,4.71,"D"
"1308",13.60969,28.81185,343.99,0.45,0.47,"2025-09-29",1145,"N20","nominal","2.0NRT",310.36,3.88,"D"
"1309",13.61936,28.81904,339.57,0.45,0.47,"2025-09-29",1145,"N20","nominal","2.0NRT",309.21,6.53,"D"
"1310",13.62366,28.81849,341.33,0.45,0.47,"2025-09-29",1145,"N20","nominal","2.0NRT",309.68,4.74,"D"
"1311",13.59985,28.63823,341.66,0.44,0.46,"2025-09-29",1145,"N20","nominal","2.0NRT",308.37,6.51,"D"
"1312",13.62795,28.81793,336.43,0.45,0.47,"2025-09-29",1145,"N20","low","2.0NRT",309.82,4.74,"D"
"1313",13.64707,28.80798,335.35,0.45,0.47,"2025-09-29",1145,"N20","low","2.0NRT",307.96,1.11,"D"
"1314",13.65713,28.85319,343.01,0.45,0.47,"2025-09-29",1145,"N20","nominal","2.0NRT",309.45,5.33,"D"
"1315",13.6546,28.79855,347.98,0.45,0.47,"2025-09-29",1145,"N20","nominal","2.0NRT",310.53,5.12,"D"
"1316",13.68519,28.69807,338.19,0.44,0.46,"2025-09-29",1145,"N20","low","2.0NRT",310.16,3.85,"D"
"1317",13.42242,26.37921,348.84,0.48,0.4,"2025-09-29",1145,"N20","nominal","2.0NRT",317.25,12.6,"D"
"1318",13.42195,26.3803,348.86,0.48,0.4,"2025-09-29",1145,"N20","nominal","2.0NRT",317.2,8.43,"D"
"1319",13.42562,26.37976,342.48,0.48,0.4,"2025-09-29",1145,"N20","low","2.0NRT",314.78,5.58,"D"
"1320",13.69385,28.23042,349.85,0.41,0.45,"2025-09-29",1145,"N20","nominal","2.0NRT",311.92,9.4,"D"
"1321",13.71941,28.39615,345.25,0.42,0.46,"2025-09-29",1145,"N20","nominal","2.0NRT",311.95,18.92,"D"
"1322",13.71891,28.39227,355.63,0.42,0.46,"2025-09-29",1145,"N20","nominal","2.0NRT",319.46,18.92,"D"
"1323",13.71841,28.38838,342.71,0.42,0.46,"2025-09-29",1145,"N20","low","2.0NRT",312.83,12.02,"D"
"1324",13.72458,28.40335,342.12,0.43,0.46,"2025-09-29",1145,"N20","low","2.0NRT",312.98,6.59,"D"
"1325",13.72408,28.39946,351.06,0.42,0.46,"2025-09-29",1145,"N20","nominal","2.0NRT",314.89,6.59,"D"
"1326",13.72308,28.39171,352.24,0.42,0.46,"2025-09-29",1145,"N20","nominal","2.0NRT",314.73,12.53,"D"
"1327",13.72927,28.40672,344.89,0.43,0.46,"2025-09-29",1145,"N20","nominal","2.0NRT",314.6,5.51,"D"
"1328",13.72726,28.39116,352.05,0.42,0.46,"2025-09-29",1145,"N20","nominal","2.0NRT",314.9,12.53,"D"
"1329",13.73396,28.41009,343.56,0.43,0.46,"2025-09-29",1145,"N20","low","2.0NRT",314.44,8.78,"D"
"1330",13.73865,28.41347,344.27,0.43,0.46,"2025-09-29",1145,"N20","nominal","2.0NRT",313.3,7.56,"D"
"1331",13.73612,28.39393,342.54,0.42,0.46,"2025-09-29",1145,"N20","nominal","2.0NRT",312.43,5.57,"D"
"1332",13.74334,28.41681,345.14,0.43,0.46,"2025-09-29",1145,"N20","nominal","2.0NRT",313.96,9.95,"D"
"1333",13.7408,28.39726,339.52,0.42,0.46,"2025-09-29",1145,"N20","low","2.0NRT",314.28,3.82,"D"
"1334",13.74549,28.40061,340.93,0.43,0.46,"2025-09-29",1145,"N20","low","2.0NRT",312.35,3.82,"D"
"1335",13.74498,28.39672,340.45,0.42,0.46,"2025-09-29",1145,"N20","low","2.0NRT",312.62,3.82,"D"
"1336",13.87991,29.20142,343.16,0.48,0.48,"2025-09-29",1145,"N20","nominal","2.0NRT",311.44,6.18,"D"
"1337",13.50716,26.39982,344.13,0.49,0.4,"2025-09-29",1145,"N20","nominal","2.0NRT",313.5,4.32,"D"
"1338",13.50491,26.22435,341.19,0.48,0.4,"2025-09-29",1145,"N20","low","2.0NRT",312.29,5.28,"D"
"1339",13.50429,26.21998,350.08,0.48,0.4,"2025-09-29",1145,"N20","nominal","2.0NRT",315.21,24.84,"D"
"1340",13.5098,26.23258,348.93,0.48,0.4,"2025-09-29",1145,"N20","nominal","2.0NRT",314.69,8.36,"D"
"1341",13.50918,26.2282,353.17,0.48,0.4,"2025-09-29",1145,"N20","nominal","2.0NRT",316.98,6.83,"D"
"1342",13.50856,26.22383,342.99,0.48,0.4,"2025-09-29",1145,"N20","low","2.0NRT",316.33,6.83,"D"
"1343",13.50794,26.21946,343.12,0.48,0.4,"2025-09-29",1145,"N20","low","2.0NRT",314.07,7.23,"D"
"1344",13.50545,26.22561,346.96,0.48,0.4,"2025-09-29",1145,"N20","nominal","2.0NRT",313.13,7.88,"D"
"1345",13.50486,26.22123,344.29,0.48,0.4,"2025-09-29",1145,"N20","low","2.0NRT",314.34,8.36,"D"
"1346",13.50426,26.21684,347.36,0.48,0.4,"2025-09-29",1145,"N20","nominal","2.0NRT",314.74,8.36,"D"
"1347",13.51029,26.23385,341.33,0.48,0.4,"2025-09-29",1145,"N20","low","2.0NRT",313.14,4.52,"D"
"1348",13.50969,26.22947,355.55,0.48,0.4,"2025-09-29",1145,"N20","nominal","2.0NRT",317.12,7.88,"D"
"1349",13.50791,26.21631,338.62,0.48,0.4,"2025-09-29",1145,"N20","low","2.0NRT",311.4,8.36,"D"
"1350",13.92654,28.86646,341.35,0.46,0.47,"2025-09-29",1145,"N20","low","2.0NRT",313.26,6,"D"
"1351",13.92599,28.86224,344.19,0.46,0.47,"2025-09-29",1145,"N20","nominal","2.0NRT",311.93,6,"D"
"1352",13.76221,27.52583,340.71,0.56,0.43,"2025-09-29",1145,"N20","nominal","2.0NRT",313.41,6.91,"D"
"1353",13.76616,27.52529,367,0.56,0.43,"2025-09-29",1145,"N20","high","2.0NRT",318.58,9.16,"D"
"1354",13.76546,27.52012,367,0.56,0.43,"2025-09-29",1145,"N20","high","2.0NRT",317.74,19.15,"D"
"1355",13.76686,27.53047,345.99,0.56,0.43,"2025-09-29",1145,"N20","nominal","2.0NRT",314.79,9.16,"D"
"1356",13.77081,27.52994,344,0.56,0.43,"2025-09-29",1145,"N20","nominal","2.0NRT",314.67,9.16,"D"
"1357",13.77011,27.52476,353.18,0.56,0.43,"2025-09-29",1145,"N20","nominal","2.0NRT",315.57,9.16,"D"
"1358",13.57528,26.00851,342.93,0.46,0.39,"2025-09-29",1145,"N20","nominal","2.0NRT",312.74,5.64,"D"
"1359",13.77828,27.4083,339.76,0.56,0.43,"2025-09-29",1145,"N20","low","2.0NRT",313.29,5.86,"D"
"1360",13.5855,26.00269,347.42,0.46,0.39,"2025-09-29",1145,"N20","nominal","2.0NRT",312.24,8.16,"D"
"1361",13.78121,27.37156,352,0.55,0.43,"2025-09-29",1145,"N20","nominal","2.0NRT",315.85,16.56,"D"
"1362",13.62756,26.32992,342.16,0.48,0.4,"2025-09-29",1145,"N20","low","2.0NRT",315.9,9.28,"D"
"1363",13.58683,26.0025,344.74,0.47,0.39,"2025-09-29",1145,"N20","nominal","2.0NRT",310.64,8.3,"D"
"1364",13.59581,26.01426,348.15,0.47,0.39,"2025-09-29",1145,"N20","nominal","2.0NRT",311.7,6.07,"D"
"1365",13.59522,26.00999,349.95,0.47,0.39,"2025-09-29",1145,"N20","nominal","2.0NRT",311.31,6.07,"D"
"1366",13.78162,27.37294,345,0.55,0.43,"2025-09-29",1145,"N20","low","2.0NRT",315.78,14.18,"D"
"1367",13.60881,26.08229,346.9,0.47,0.4,"2025-09-29",1145,"N20","nominal","2.0NRT",313.47,4.57,"D"
"1368",13.60235,26.03509,342.1,0.47,0.39,"2025-09-29",1145,"N20","low","2.0NRT",313.76,6.81,"D"
"1369",13.60001,26.018,355.22,0.47,0.39,"2025-09-29",1145,"N20","nominal","2.0NRT",316.28,20.32,"D"
"1370",13.59942,26.01373,348.87,0.47,0.39,"2025-09-29",1145,"N20","nominal","2.0NRT",313.81,9.8,"D"
"1371",13.59883,26.00946,347.56,0.47,0.39,"2025-09-29",1145,"N20","nominal","2.0NRT",313.84,9.8,"D"
"1372",13.78554,27.37239,346.41,0.55,0.43,"2025-09-29",1145,"N20","low","2.0NRT",317.02,14.18,"D"
"1373",13.61244,26.08178,338.49,0.47,0.4,"2025-09-29",1145,"N20","low","2.0NRT",313.25,4.57,"D"
"1374",13.65995,26.40283,341.15,0.49,0.4,"2025-09-29",1145,"N20","low","2.0NRT",314.74,4.81,"D"
"1375",13.61666,26.08559,338.37,0.47,0.4,"2025-09-29",1145,"N20","low","2.0NRT",311.49,3.02,"D"
"1376",13.61606,26.08126,341.72,0.47,0.4,"2025-09-29",1145,"N20","low","2.0NRT",315.03,3.97,"D"
"1377",13.6131,26.05971,354.06,0.47,0.4,"2025-09-29",1145,"N20","nominal","2.0NRT",314.24,8.03,"D"
"1378",13.61252,26.05543,352.67,0.47,0.4,"2025-09-29",1145,"N20","nominal","2.0NRT",315.28,13.75,"D"
"1379",13.61075,26.04256,340.41,0.47,0.4,"2025-09-29",1145,"N20","low","2.0NRT",313.9,7.27,"D"
"1380",13.61017,26.03832,355.8,0.47,0.4,"2025-09-29",1145,"N20","nominal","2.0NRT",315.82,7.76,"D"
"1381",13.60958,26.03405,348.97,0.47,0.39,"2025-09-29",1145,"N20","nominal","2.0NRT",314.28,7.76,"D"
"1382",13.7947,27.38148,339.16,0.55,0.43,"2025-09-29",1145,"N20","low","2.0NRT",314.11,11.08,"D"
"1383",13.61969,26.08073,345.53,0.47,0.4,"2025-09-29",1145,"N20","nominal","2.0NRT",313.07,3.97,"D"
"1384",13.61909,26.07641,339.29,0.47,0.4,"2025-09-29",1145,"N20","low","2.0NRT",313.47,3.97,"D"
"1385",13.6185,26.07208,346.53,0.47,0.4,"2025-09-29",1145,"N20","nominal","2.0NRT",314.32,8.77,"D"
"1386",13.61673,26.05919,349.4,0.47,0.4,"2025-09-29",1145,"N20","nominal","2.0NRT",316.2,8.03,"D"
"1387",13.61614,26.05491,355.24,0.47,0.4,"2025-09-29",1145,"N20","nominal","2.0NRT",316.12,13.75,"D"
"1388",13.61555,26.05063,355.86,0.47,0.4,"2025-09-29",1145,"N20","nominal","2.0NRT",318.92,13.75,"D"
"1389",13.61496,26.04634,349.19,0.47,0.4,"2025-09-29",1145,"N20","nominal","2.0NRT",315.36,7.27,"D"
"1390",13.61437,26.04207,349.36,0.47,0.4,"2025-09-29",1145,"N20","nominal","2.0NRT",313.15,7.27,"D"
"1391",13.79862,27.38093,341.99,0.55,0.43,"2025-09-29",1145,"N20","low","2.0NRT",315.53,12.56,"D"
"1392",13.62094,26.06296,352.38,0.47,0.4,"2025-09-29",1145,"N20","nominal","2.0NRT",313.67,12.17,"D"
"1393",13.80713,27.38492,346.36,0.55,0.43,"2025-09-29",1145,"N20","low","2.0NRT",317.33,12.22,"D"
"1394",13.65399,26.24943,348.67,0.48,0.4,"2025-09-29",1145,"N20","nominal","2.0NRT",314.19,9.49,"D"
"1395",13.65217,26.23619,349.61,0.48,0.4,"2025-09-29",1145,"N20","nominal","2.0NRT",314.65,10.53,"D"
"1396",13.65522,26.23126,347.35,0.48,0.4,"2025-09-29",1145,"N20","nominal","2.0NRT",311.41,10.53,"D"
"1397",13.75193,26.91326,342.51,0.52,0.42,"2025-09-29",1145,"N20","low","2.0NRT",316.44,9.15,"D"
"1398",13.66741,26.2385,343.99,0.48,0.4,"2025-09-29",1145,"N20","nominal","2.0NRT",312.56,14.49,"D"
"1399",13.67533,26.24186,367,0.48,0.4,"2025-09-29",1145,"N20","high","2.0NRT",314.86,16.23,"D"
"1400",13.82791,27.36134,347.23,0.55,0.43,"2025-09-29",1145,"N20","nominal","2.0NRT",316.21,12.84,"D"
"1401",13.68022,26.25017,347.58,0.48,0.4,"2025-09-29",1145,"N20","nominal","2.0NRT",313.34,6.15,"D"
"1402",13.67961,26.24575,342.38,0.48,0.4,"2025-09-29",1145,"N20","nominal","2.0NRT",311.14,6.15,"D"
"1403",13.68511,26.25849,352.46,0.48,0.4,"2025-09-29",1145,"N20","nominal","2.0NRT",312.75,5.6,"D"
"1404",13.68449,26.25407,349.93,0.48,0.4,"2025-09-29",1145,"N20","nominal","2.0NRT",311.35,5.6,"D"
"1405",13.69678,26.31562,351.26,0.48,0.4,"2025-09-29",1145,"N20","nominal","2.0NRT",314.35,11.41,"D"
"1406",13.69616,26.31119,354.63,0.48,0.4,"2025-09-29",1145,"N20","nominal","2.0NRT",317.9,27.51,"D"
"1407",13.69493,26.30232,351.74,0.48,0.4,"2025-09-29",1145,"N20","nominal","2.0NRT",314.99,8.23,"D"
"1408",13.69431,26.29787,350.04,0.48,0.4,"2025-09-29",1145,"N20","nominal","2.0NRT",315.04,8.23,"D"
"1409",13.69062,26.27124,350.92,0.48,0.4,"2025-09-29",1145,"N20","nominal","2.0NRT",314.96,14.5,"D"
"1410",13.69,26.26682,349.72,0.48,0.4,"2025-09-29",1145,"N20","nominal","2.0NRT",312.35,13.27,"D"
"1411",13.847,27.38462,342.4,0.55,0.43,"2025-09-29",1145,"N20","low","2.0NRT",316.62,11.11,"D"
"1412",13.69675,26.28845,342.71,0.48,0.4,"2025-09-29",1145,"N20","nominal","2.0NRT",312.69,5.15,"D"
"1413",13.69613,26.28401,341.7,0.48,0.4,"2025-09-29",1145,"N20","low","2.0NRT",312.79,6.07,"D"
"1414",13.78868,26.89854,347.8,0.52,0.41,"2025-09-29",1145,"N20","low","2.0NRT",318.53,15.08,"D"
"1415",13.78737,26.88901,347.39,0.52,0.41,"2025-09-29",1145,"N20","low","2.0NRT",318.11,7.42,"D"
"1416",13.78671,26.88425,352.78,0.52,0.41,"2025-09-29",1145,"N20","nominal","2.0NRT",317.69,7.42,"D"
"1417",13.79051,26.88372,348.76,0.52,0.41,"2025-09-29",1145,"N20","low","2.0NRT",319.08,7.42,"D"
"1418",13.78986,26.87896,351.92,0.52,0.41,"2025-09-29",1145,"N20","nominal","2.0NRT",317.84,14.82,"D"
"1419",13.79628,26.8975,351.05,0.52,0.41,"2025-09-29",1145,"N20","nominal","2.0NRT",318.99,12.26,"D"
"1420",13.79563,26.89272,355.5,0.52,0.41,"2025-09-29",1145,"N20","nominal","2.0NRT",319.24,12.26,"D"
"1421",13.79497,26.88795,356.25,0.52,0.41,"2025-09-29",1145,"N20","nominal","2.0NRT",318.95,9.54,"D"
"1422",13.79431,26.88319,342.43,0.52,0.41,"2025-09-29",1145,"N20","low","2.0NRT",316.53,9.54,"D"
"1423",13.68496,26.09774,346.78,0.47,0.4,"2025-09-29",1145,"N20","nominal","2.0NRT",312.02,7.13,"D"
"1424",13.8014,26.90652,345.15,0.52,0.42,"2025-09-29",1145,"N20","low","2.0NRT",317.13,12.24,"D"
"1425",13.69104,26.11459,351.89,0.47,0.4,"2025-09-29",1145,"N20","nominal","2.0NRT",314.37,65.32,"D"
"1426",13.68981,26.1059,356.51,0.47,0.4,"2025-09-29",1145,"N20","nominal","2.0NRT",317.64,12.15,"D"
"1427",13.6892,26.10156,344.53,0.47,0.4,"2025-09-29",1145,"N20","low","2.0NRT",314.58,12.15,"D"
"1428",13.68798,26.09288,347.78,0.47,0.4,"2025-09-29",1145,"N20","nominal","2.0NRT",312.12,7.13,"D"
"1429",13.69528,26.11843,367,0.47,0.4,"2025-09-29",1145,"N20","high","2.0NRT",316.87,13.14,"D"
"1430",13.87052,27.38139,339.85,0.55,0.43,"2025-09-29",1145,"N20","low","2.0NRT",313.52,7.91,"D"
"1431",13.69467,26.11407,344.85,0.47,0.4,"2025-09-29",1145,"N20","nominal","2.0NRT",318.11,16.92,"D"
"1432",13.69953,26.12226,347.6,0.47,0.4,"2025-09-29",1145,"N20","nominal","2.0NRT",315.21,13.14,"D"
"1433",13.69401,26.08318,351.87,0.47,0.4,"2025-09-29",1145,"N20","nominal","2.0NRT",313.5,11.21,"D"
"1434",13.70378,26.1261,351.09,0.47,0.4,"2025-09-29",1145,"N20","nominal","2.0NRT",314.61,10.08,"D"
"1435",13.69764,26.08267,344,0.47,0.4,"2025-09-29",1145,"N20","low","2.0NRT",315.22,15.39,"D"
"1436",13.69703,26.07834,354.71,0.47,0.4,"2025-09-29",1145,"N20","nominal","2.0NRT",315.47,15.51,"D"
"1437",13.70675,26.09464,355.77,0.47,0.4,"2025-09-29",1145,"N20","nominal","2.0NRT",317.36,28.9,"D"
"1438",13.70853,26.08114,342.62,0.47,0.4,"2025-09-29",1145,"N20","low","2.0NRT",315.26,9.55,"D"
"1439",13.70792,26.07682,341.31,0.47,0.4,"2025-09-29",1145,"N20","low","2.0NRT",312.54,5.41,"D"
"1440",13.70829,26.12685,342.1,0.47,0.4,"2025-09-29",1145,"N20","low","2.0NRT",314.07,5.89,"D"
"1441",13.70357,26.09203,351.84,0.47,0.4,"2025-09-29",1145,"N20","nominal","2.0NRT",316.01,11.95,"D"
"1442",13.70779,26.09586,348.63,0.47,0.4,"2025-09-29",1145,"N20","nominal","2.0NRT",313.82,11.95,"D"
"1443",13.7072,26.09151,347.39,0.47,0.4,"2025-09-29",1145,"N20","nominal","2.0NRT",312.98,11.95,"D"
"1444",13.70907,26.078,348.52,0.47,0.4,"2025-09-29",1145,"N20","nominal","2.0NRT",315.91,14.34,"D"
"1445",13.71329,26.08182,342.69,0.47,0.4,"2025-09-29",1145,"N20","low","2.0NRT",314.72,17.89,"D"
"1446",13.7127,26.07749,343.83,0.47,0.4,"2025-09-29",1145,"N20","low","2.0NRT",315.71,14.34,"D"
"1447",13.71692,26.08131,349.95,0.47,0.4,"2025-09-29",1145,"N20","nominal","2.0NRT",316.03,14.12,"D"
"1448",13.71633,26.07698,343.3,0.47,0.4,"2025-09-29",1145,"N20","nominal","2.0NRT",310.23,7.93,"D"
"1449",13.71996,26.07647,351.31,0.47,0.4,"2025-09-29",1145,"N20","nominal","2.0NRT",314.3,7.93,"D"
"1450",13.72418,26.08029,346.88,0.47,0.4,"2025-09-29",1145,"N20","nominal","2.0NRT",313.23,10.7,"D"
"1451",13.72959,26.09277,344.95,0.47,0.4,"2025-09-29",1145,"N20","nominal","2.0NRT",313.11,8.86,"D"
"1452",13.84692,26.90234,344.12,0.52,0.42,"2025-09-29",1145,"N20","low","2.0NRT",317.75,4.11,"D"
"1453",13.85266,26.9162,344.73,0.52,0.42,"2025-09-29",1145,"N20","low","2.0NRT",317.49,2.99,"D"
"1454",13.85073,26.90182,345.24,0.52,0.42,"2025-09-29",1145,"N20","low","2.0NRT",318.05,4.29,"D"
"1455",13.861,26.94934,350.02,0.52,0.42,"2025-09-29",1145,"N20","nominal","2.0NRT",318.12,8.15,"D"
"1456",13.86035,26.94453,346.79,0.52,0.42,"2025-09-29",1145,"N20","nominal","2.0NRT",316.75,8.15,"D"
"1457",13.8597,26.93972,348.86,0.52,0.42,"2025-09-29",1145,"N20","nominal","2.0NRT",316.46,8.03,"D"
"1458",13.91597,26.98128,341.47,0.53,0.42,"2025-09-29",1145,"N20","low","2.0NRT",315.72,3.26,"D"
"1459",14.30466,29.81985,335,0.54,0.5,"2025-09-29",1145,"N20","low","2.0NRT",309.23,5.72,"D"
"1460",14.30309,29.8169,335.43,0.54,0.5,"2025-09-29",1145,"N20","low","2.0NRT",309.91,5.35,"D"
"1461",14.30773,29.81631,343.68,0.54,0.5,"2025-09-29",1145,"N20","nominal","2.0NRT",312.17,5.35,"D"
"1462",14.32165,29.81453,343.12,0.54,0.5,"2025-09-29",1145,"N20","nominal","2.0NRT",309.92,11,"D"
"1463",14.51239,31.39202,367,0.34,0.56,"2025-09-29",1145,"N20","high","2.0NRT",311.73,31.77,"D"
"1464",14.51202,31.38881,349.81,0.34,0.56,"2025-09-29",1145,"N20","nominal","2.0NRT",309.91,21.85,"D"
"1465",14.51757,31.39141,367,0.34,0.56,"2025-09-29",1145,"N20","high","2.0NRT",310.93,7.87,"D"
"1466",14.51831,31.39783,347.04,0.34,0.56,"2025-09-29",1145,"N20","nominal","2.0NRT",309.62,5.15,"D"
"1467",14.51794,31.39462,352.84,0.34,0.56,"2025-09-29",1145,"N20","nominal","2.0NRT",311.05,7.87,"D"
"1468",14.52349,31.39722,352.46,0.34,0.56,"2025-09-29",1145,"N20","nominal","2.0NRT",309.55,5.15,"D"
"1469",14.52904,31.39982,338.05,0.34,0.56,"2025-09-29",1145,"N20","low","2.0NRT",312,5.33,"D"
"1470",14.5346,31.40243,341.67,0.34,0.56,"2025-09-29",1145,"N20","nominal","2.0NRT",311.42,6.15,"D"
"1471",14.53979,31.40182,336.33,0.34,0.56,"2025-09-29",1145,"N20","low","2.0NRT",310.04,2.76,"D"
"1472",14.30147,29.38642,334.76,0.5,0.49,"2025-09-29",1145,"N20","low","2.0NRT",309.74,3.01,"D"
"1473",14.77355,31.67236,342.32,0.36,0.58,"2025-09-29",1145,"N20","nominal","2.0NRT",302.5,3.85,"D"
"1474",14.84992,32.15372,353.27,0.39,0.59,"2025-09-29",1145,"N20","nominal","2.0NRT",311.16,8.45,"D"
"1475",14.84827,32.13913,338.55,0.39,0.59,"2025-09-29",1145,"N20","nominal","2.0NRT",310.37,4.78,"D"
"1476",14.84786,32.13549,339.87,0.39,0.59,"2025-09-29",1145,"N20","nominal","2.0NRT",309.74,7.43,"D"
"1477",14.85581,32.15674,367,0.39,0.59,"2025-09-29",1145,"N20","high","2.0NRT",312.4,8.45,"D"
"1478",14.85333,32.13485,367,0.39,0.59,"2025-09-29",1145,"N20","high","2.0NRT",312.77,7.43,"D"
"1479",14.85623,32.16041,337.52,0.39,0.59,"2025-09-29",1145,"N20","nominal","2.0NRT",308.94,6.78,"D"
"1480",14.85415,32.14212,338.82,0.39,0.59,"2025-09-29",1145,"N20","low","2.0NRT",310.39,4.78,"D"
"1481",14.85374,32.13849,348.69,0.39,0.59,"2025-09-29",1145,"N20","nominal","2.0NRT",309.82,4.78,"D"
"1482",14.86254,32.16711,367,0.39,0.59,"2025-09-29",1145,"N20","high","2.0NRT",312.89,7.62,"D"
"1483",14.85879,32.1342,367,0.39,0.59,"2025-09-29",1145,"N20","high","2.0NRT",310.4,7.59,"D"
"1484",14.86295,32.17079,338.48,0.39,0.59,"2025-09-29",1145,"N20","nominal","2.0NRT",309.89,7.62,"D"
"1485",14.86212,32.16344,346.73,0.39,0.59,"2025-09-29",1145,"N20","nominal","2.0NRT",310.32,4.55,"D"
"1486",14.8617,32.15977,348.91,0.39,0.59,"2025-09-29",1145,"N20","nominal","2.0NRT",311.97,4.55,"D"
"1487",14.8592,32.13784,344.03,0.39,0.59,"2025-09-29",1145,"N20","nominal","2.0NRT",309.94,4.88,"D"
"1488",14.86843,32.17017,367,0.39,0.59,"2025-09-29",1145,"N20","high","2.0NRT",311.72,7.62,"D"
"1489",14.86885,32.17385,343.06,0.39,0.59,"2025-09-29",1145,"N20","nominal","2.0NRT",310.03,7.48,"D"
"1490",14.8676,32.16281,340.57,0.39,0.59,"2025-09-29",1145,"N20","nominal","2.0NRT",310.81,4.55,"D"
"1491",14.86718,32.15914,337.65,0.39,0.59,"2025-09-29",1145,"N20","low","2.0NRT",311.74,4.55,"D"
"1492",14.86509,32.14083,336.66,0.39,0.59,"2025-09-29",1145,"N20","nominal","2.0NRT",308.59,4.88,"D"
"1493",14.87097,32.14384,367,0.39,0.59,"2025-09-29",1145,"N20","high","2.0NRT",312.59,11.97,"D"
"1494",14.87055,32.14019,367,0.39,0.59,"2025-09-29",1145,"N20","high","2.0NRT",311.74,11.07,"D"
"1495",14.87476,32.17693,347.68,0.39,0.6,"2025-09-29",1145,"N20","nominal","2.0NRT",311.51,8.04,"D"
"1496",14.87139,32.1475,346.74,0.39,0.59,"2025-09-29",1145,"N20","nominal","2.0NRT",310.49,11.97,"D"
"1497",14.87686,32.14689,367,0.39,0.59,"2025-09-29",1145,"N20","high","2.0NRT",310.38,11.97,"D"
"1498",14.87644,32.14323,367,0.39,0.59,"2025-09-29",1145,"N20","high","2.0NRT",313.63,11.97,"D"
"1499",14.87602,32.13958,335.33,0.39,0.59,"2025-09-29",1145,"N20","nominal","2.0NRT",308.59,11.07,"D"
"1500",14.88276,32.14994,343.9,0.39,0.59,"2025-09-29",1145,"N20","nominal","2.0NRT",312.27,4.92,"D"
"1501",14.88866,32.153,367,0.39,0.59,"2025-09-29",1145,"N20","high","2.0NRT",311.32,4.92,"D"
"1502",14.88908,32.15667,341.3,0.39,0.59,"2025-09-29",1145,"N20","nominal","2.0NRT",310.84,8.27,"D"
"1503",14.88824,32.14935,342.02,0.39,0.59,"2025-09-29",1145,"N20","nominal","2.0NRT",309.15,4.92,"D"
"1504",14.89585,32.16713,367,0.39,0.59,"2025-09-29",1145,"N20","high","2.0NRT",312.22,5.77,"D"
"1505",14.89542,32.16344,346.49,0.39,0.59,"2025-09-29",1145,"N20","nominal","2.0NRT",311.61,5.77,"D"
"1506",14.88997,32.15466,338.51,0.39,0.59,"2025-09-29",1145,"N20","low","2.0NRT",309.91,5.25,"D"
"1507",14.88958,32.151,336.37,0.39,0.59,"2025-09-29",1145,"N20","low","2.0NRT",309.12,2.09,"D"
"1508",14.89705,32.16881,341.76,0.39,0.6,"2025-09-29",1145,"N20","nominal","2.0NRT",311.24,9.39,"D"
"1509",14.89665,32.16512,355.63,0.39,0.6,"2025-09-29",1145,"N20","nominal","2.0NRT",311.57,6.11,"D"
"1510",14.89625,32.16142,344.04,0.39,0.59,"2025-09-29",1145,"N20","nominal","2.0NRT",310.28,6.11,"D"
"1511",14.66563,30.0416,340.57,0.56,0.52,"2025-09-29",1145,"N20","low","2.0NRT",314.45,5.3,"D"
"1512",14.67036,30.04101,345.71,0.56,0.52,"2025-09-29",1145,"N20","nominal","2.0NRT",314.89,9.89,"D"
"1513",14.66479,29.99426,347.76,0.56,0.51,"2025-09-29",1145,"N20","nominal","2.0NRT",312.33,14.24,"D"
"1514",14.67261,30.01959,352.19,0.56,0.51,"2025-09-29",1145,"N20","nominal","2.0NRT",315.66,12.72,"D"
"1515",14.66951,29.99368,346.97,0.56,0.51,"2025-09-29",1145,"N20","nominal","2.0NRT",316.96,14.24,"D"
"1516",14.67796,30.02421,355.5,0.56,0.51,"2025-09-29",1145,"N20","nominal","2.0NRT",320.41,30.49,"D"
"1517",14.67734,30.01901,344.05,0.56,0.51,"2025-09-29",1145,"N20","low","2.0NRT",316.07,30.49,"D"
"1518",14.67672,30.01382,349.14,0.56,0.51,"2025-09-29",1145,"N20","nominal","2.0NRT",315.78,7.53,"D"
"1519",14.17849,26.1305,338.72,0.48,0.4,"2025-09-29",1145,"N20","low","2.0NRT",309.85,4,"D"
"1520",14.18215,26.12996,344.09,0.48,0.4,"2025-09-29",1145,"N20","nominal","2.0NRT",311.28,4,"D"
"1521",14.18641,26.13385,338.52,0.48,0.4,"2025-09-29",1145,"N20","low","2.0NRT",309.74,5.6,"D"
"1522",14.18581,26.12942,341.74,0.48,0.4,"2025-09-29",1145,"N20","low","2.0NRT",314,9.41,"D"
"1523",14.19373,26.13278,339.33,0.48,0.4,"2025-09-29",1145,"N20","low","2.0NRT",310.2,5.34,"D"
"1524",14.19678,26.12782,341.9,0.48,0.4,"2025-09-29",1145,"N20","low","2.0NRT",313.39,10.04,"D"
"1525",14.94357,31.99122,336.56,0.38,0.59,"2025-09-29",1145,"N20","low","2.0NRT",307.99,1.82,"D"
"1526",14.39927,26.19127,335.32,0.48,0.4,"2025-09-29",1147,"N20","low","2.0NRT",308.62,3.14,"D"
"1527",14.39805,26.18229,335.4,0.48,0.4,"2025-09-29",1147,"N20","low","2.0NRT",307.43,1.56,"D"
"1528",14.41951,26.20212,341.23,0.49,0.4,"2025-09-29",1147,"N20","low","2.0NRT",311.64,3.86,"D"
"1529",14.42319,26.2016,342.48,0.49,0.4,"2025-09-29",1147,"N20","nominal","2.0NRT",310.73,3.86,"D"
"1530",14.42257,26.1971,347.98,0.49,0.4,"2025-09-29",1147,"N20","nominal","2.0NRT",314.67,9.73,"D"
"1531",14.41889,26.17021,338.43,0.48,0.4,"2025-09-29",1147,"N20","low","2.0NRT",310.82,3.89,"D"
"1532",14.41828,26.16575,348.46,0.48,0.4,"2025-09-29",1147,"N20","nominal","2.0NRT",313.1,3.89,"D"
"1533",14.41706,26.15685,344.16,0.48,0.4,"2025-09-29",1147,"N20","nominal","2.0NRT",314.15,8.52,"D"
"1534",14.41645,26.15241,354.87,0.48,0.4,"2025-09-29",1147,"N20","nominal","2.0NRT",313.89,17.68,"D"
"1535",14.42564,26.19209,367,0.48,0.4,"2025-09-29",1147,"N20","high","2.0NRT",314.01,6.83,"D"
"1536",14.42502,26.18761,367,0.48,0.4,"2025-09-29",1147,"N20","high","2.0NRT",313.58,10.85,"D"
"1537",14.42626,26.19659,339.91,0.49,0.4,"2025-09-29",1147,"N20","nominal","2.0NRT",310.85,6.83,"D"
"1538",14.42441,26.18312,354.38,0.48,0.4,"2025-09-29",1147,"N20","nominal","2.0NRT",311.21,10.85,"D"
"1539",14.4238,26.17864,352.09,0.48,0.4,"2025-09-29",1147,"N20","nominal","2.0NRT",314.95,25.66,"D"
"1540",14.42318,26.17417,350.88,0.48,0.4,"2025-09-29",1147,"N20","nominal","2.0NRT",310.46,25.66,"D"
"1541",14.42256,26.16969,346.49,0.48,0.4,"2025-09-29",1147,"N20","nominal","2.0NRT",310.14,3.99,"D"
"1542",14.42195,26.16523,339.1,0.48,0.4,"2025-09-29",1147,"N20","low","2.0NRT",310.17,3.99,"D"
"1543",14.42134,26.16077,348.13,0.48,0.4,"2025-09-29",1147,"N20","nominal","2.0NRT",311.5,5.91,"D"
"1544",14.42073,26.15632,352.1,0.48,0.4,"2025-09-29",1147,"N20","nominal","2.0NRT",311.41,5.91,"D"
"1545",15.36214,32.33131,367,0.41,0.6,"2025-09-29",1147,"N20","high","2.0NRT",310.06,9.1,"D"
"1546",15.83827,32.43851,339.91,0.42,0.61,"2025-09-29",1147,"N20","low","2.0NRT",310.06,4.8,"D"
"1547",15.96352,33.56549,356.04,0.5,0.66,"2025-09-29",1147,"N20","low","2.0NRT",307.86,9.15,"D"
"1548",15.9691,33.5602,367,0.5,0.66,"2025-09-29",1147,"N20","high","2.0NRT",306.49,8.62,"D"
"1549",15.96862,33.55547,367,0.5,0.66,"2025-09-29",1147,"N20","high","2.0NRT",308.38,8.62,"D"
"1550",15.97568,33.56438,341.83,0.5,0.66,"2025-09-29",1147,"N20","nominal","2.0NRT",303.79,14.21,"D"
"1551",15.97519,33.55964,353.82,0.5,0.66,"2025-09-29",1147,"N20","nominal","2.0NRT",305.1,8.62,"D"
"1552",15.97469,33.55491,337.39,0.5,0.66,"2025-09-29",1147,"N20","nominal","2.0NRT",306.38,8.62,"D"
"1553",15.98176,33.56382,367,0.5,0.66,"2025-09-29",1147,"N20","high","2.0NRT",301.26,10.38,"D"
"1554",15.98473,33.5922,336.43,0.5,0.66,"2025-09-29",1147,"N20","low","2.0NRT",307.34,5.7,"D"
"1555",15.98226,33.56856,339.22,0.5,0.66,"2025-09-29",1147,"N20","nominal","2.0NRT",296.42,10.38,"D"
"1556",15.98127,33.55909,356.22,0.5,0.66,"2025-09-29",1147,"N20","nominal","2.0NRT",304.38,16.3,"D"
"1557",15.98983,33.58219,337.92,0.5,0.66,"2025-09-29",1147,"N20","nominal","2.0NRT",304.84,5.51,"D"
"1558",15.98933,33.57747,331.63,0.5,0.66,"2025-09-29",1147,"N20","low","2.0NRT",301.95,3.46,"D"
"1559",15.98883,33.57273,332.81,0.5,0.66,"2025-09-29",1147,"N20","nominal","2.0NRT",302.71,3.46,"D"
"1560",16.09181,34.10025,367,0.55,0.68,"2025-09-29",1147,"N20","high","2.0NRT",308.67,28.71,"D"
"1561",16.0913,34.09511,351.42,0.55,0.68,"2025-09-29",1147,"N20","nominal","2.0NRT",314.22,28.71,"D"
"1562",16.0981,34.09964,367,0.55,0.68,"2025-09-29",1147,"N20","high","2.0NRT",314.19,28.71,"D"
"1563",16.09861,34.10478,346.82,0.55,0.68,"2025-09-29",1147,"N20","nominal","2.0NRT",308.65,21.9,"D"
"1564",16.09759,34.09451,348.61,0.55,0.68,"2025-09-29",1147,"N20","nominal","2.0NRT",311.68,28.71,"D"
"1565",16.11119,34.10358,336.76,0.55,0.68,"2025-09-29",1147,"N20","low","2.0NRT",309.74,4.58,"D"
"1566",16.11646,34.09272,337.19,0.55,0.68,"2025-09-29",1147,"N20","low","2.0NRT",311.34,4.39,"D"
"1567",46.52655,32.39333,367,0.72,0.75,"2025-09-29",1153,"N20","high","2.0NRT",290.42,14.33,"D"
"1568",46.52644,32.40292,332.49,0.72,0.75,"2025-09-29",1153,"N20","nominal","2.0NRT",284.27,14.33,"D"
"1569",54.61124,160.23877,297.01,0.79,0.78,"2025-09-29",1357,"N20","nominal","2.0NRT",251.98,2.51,"N"
"1570",54.61158,160.25406,302.2,0.79,0.78,"2025-09-29",1357,"N20","nominal","2.0NRT",251.16,1.35,"N"
"1571",46.63092,142.90825,310.03,0.33,0.55,"2025-09-29",1541,"N20","nominal","2.0NRT",281.63,1.09,"N"
"1572",46.62605,142.90309,301.72,0.33,0.55,"2025-09-29",1541,"N20","nominal","2.0NRT",282.02,1.18,"N"
"1573",41.82067,140.62624,298.61,0.39,0.59,"2025-09-29",1544,"N20","nominal","2.0NRT",284.83,0.68,"N"
"1574",41.82045,140.63097,302.89,0.39,0.59,"2025-09-29",1544,"N20","nominal","2.0NRT",286.99,0.68,"N"
"1575",36.45994,139.96153,298.25,0.38,0.59,"2025-09-29",1544,"N20","nominal","2.0NRT",286.84,0.54,"N"
"1576",36.40831,139.61542,299.33,0.4,0.6,"2025-09-29",1544,"N20","nominal","2.0NRT",286.05,0.57,"N"
"1577",36.16452,139.31004,308.6,0.41,0.61,"2025-09-29",1544,"N20","nominal","2.0NRT",288.13,1.32,"N"
"1578",35.15736,136.49637,297.75,0.59,0.7,"2025-09-29",1546,"N20","nominal","2.0NRT",286.11,1.72,"N"
"1579",35.03326,136.86511,315.6,0.56,0.69,"2025-09-29",1546,"N20","nominal","2.0NRT",288.96,2.45,"N"
"1580",35.03302,136.87141,310.81,0.56,0.69,"2025-09-29",1546,"N20","nominal","2.0NRT",288.05,1.62,"N"
"1581",35.03277,136.87764,311.4,0.56,0.69,"2025-09-29",1546,"N20","nominal","2.0NRT",287.54,1.62,"N"
"1582",35.02712,136.85843,311.17,0.56,0.69,"2025-09-29",1546,"N20","nominal","2.0NRT",288.16,2.45,"N"
"1583",35.02689,136.86472,315.35,0.56,0.69,"2025-09-29",1546,"N20","nominal","2.0NRT",288.56,2.45,"N"
"1584",35.02665,136.87096,302.72,0.56,0.69,"2025-09-29",1546,"N20","nominal","2.0NRT",287.52,1.62,"N"
"1585",35.02641,136.8772,299.59,0.56,0.69,"2025-09-29",1546,"N20","nominal","2.0NRT",287.38,1.62,"N"
"1586",34.75781,134.35513,297.93,0.77,0.78,"2025-09-29",1546,"N20","nominal","2.0NRT",287,0.96,"N"
"1587",34.75572,134.35811,300.4,0.77,0.77,"2025-09-29",1546,"N20","nominal","2.0NRT",287.21,1.22,"N"
"1588",34.74852,134.35765,304.53,0.77,0.77,"2025-09-29",1546,"N20","nominal","2.0NRT",288.28,2.46,"N"
"1589",34.72358,134.80969,306.04,0.73,0.76,"2025-09-29",1546,"N20","nominal","2.0NRT",286.98,3.35,"N"
"1590",34.72338,134.81781,302.66,0.73,0.76,"2025-09-29",1546,"N20","nominal","2.0NRT",288.11,3.35,"N"
"1591",53.20277,143.23805,320.52,0.35,0.57,"2025-09-29",1539,"N20","nominal","2.0NRT",261.74,1.26,"N"
"1592",53.20294,143.23267,296.47,0.35,0.57,"2025-09-29",1539,"N20","nominal","2.0NRT",260.74,1.26,"N"
"1593",52.5134,143.18063,303.17,0.35,0.57,"2025-09-29",1539,"N20","nominal","2.0NRT",271.32,0.56,"N"
"1594",52.18704,143.064,318.87,0.35,0.57,"2025-09-29",1539,"N20","nominal","2.0NRT",273.4,1.51,"N"
"1595",52.14087,143.01192,304.6,0.36,0.57,"2025-09-29",1539,"N20","nominal","2.0NRT",275.55,0.8,"N"
"1596",51.69545,135.73309,295.65,0.73,0.76,"2025-09-29",1539,"N20","nominal","2.0NRT",275.57,1.08,"N"
"1597",51.42104,143.36472,312.26,0.34,0.56,"2025-09-29",1539,"N20","nominal","2.0NRT",277.49,3.06,"N"
"1598",51.41585,143.36423,367,0.34,0.56,"2025-09-29",1539,"N20","high","2.0NRT",277.58,3.06,"N"
"1599",51.17445,136.62183,315.28,0.67,0.74,"2025-09-29",1539,"N20","nominal","2.0NRT",278.85,4.41,"N"
"1600",51.17463,136.63104,300.31,0.67,0.73,"2025-09-29",1539,"N20","nominal","2.0NRT",278.47,3.24,"N"
"1601",51.17413,136.6237,321.2,0.67,0.73,"2025-09-29",1539,"N20","nominal","2.0NRT",279.31,4.7,"N"
"1602",44.03585,126.53203,313.92,0.4,0.37,"2025-09-29",1724,"N20","nominal","2.0NRT",276.64,1.42,"N"
"1603",43.69089,128.77713,314.02,0.38,0.36,"2025-09-29",1724,"N20","nominal","2.0NRT",283.67,1.36,"N"
"1604",44.00835,126.52985,298,0.4,0.37,"2025-09-29",1724,"N20","nominal","2.0NRT",278.18,0.86,"N"
"1605",44.00766,126.53483,295.26,0.4,0.37,"2025-09-29",1724,"N20","nominal","2.0NRT",279.1,0.8,"N"
"1606",44.55445,121.01448,309.39,0.43,0.46,"2025-09-29",1724,"N20","nominal","2.0NRT",284.83,1.59,"N"
"1607",44.19323,124.08909,304.73,0.47,0.4,"2025-09-29",1724,"N20","nominal","2.0NRT",283.57,0.84,"N"
"1608",43.19775,126.00046,304.92,0.41,0.37,"2025-09-29",1724,"N20","nominal","2.0NRT",285.86,0.94,"N"
"1609",43.19167,125.9938,308.55,0.41,0.37,"2025-09-29",1724,"N20","nominal","2.0NRT",283.88,1.16,"N"
"1610",43.16715,126.04196,298.28,0.41,0.37,"2025-09-29",1724,"N20","nominal","2.0NRT",285.59,0.56,"N"
"1611",43.27856,124.61527,299.56,0.44,0.39,"2025-09-29",1724,"N20","nominal","2.0NRT",286.82,0.5,"N"
"1612",43.20091,124.33559,324.26,0.45,0.39,"2025-09-29",1724,"N20","nominal","2.0NRT",284.68,2.28,"N"
"1613",43.1938,124.33394,299.29,0.45,0.39,"2025-09-29",1724,"N20","nominal","2.0NRT",285.5,1.03,"N"
"1614",42.88478,126.16013,303.03,0.4,0.37,"2025-09-29",1724,"N20","nominal","2.0NRT",285.32,0.96,"N"
"1615",42.7892,125.28594,303.41,0.42,0.38,"2025-09-29",1724,"N20","nominal","2.0NRT",280.47,0.88,"N"
"1616",42.32561,125.24585,327.02,0.42,0.37,"2025-09-29",1724,"N20","nominal","2.0NRT",286.71,1.94,"N"
"1617",42.32153,125.25004,324.98,0.42,0.37,"2025-09-29",1724,"N20","nominal","2.0NRT",286.82,1.94,"N"
"1618",42.3235,125.23505,298.69,0.42,0.38,"2025-09-29",1724,"N20","nominal","2.0NRT",285.06,0.91,"N"
"1619",42.32285,125.24004,312.02,0.42,0.38,"2025-09-29",1724,"N20","nominal","2.0NRT",285.91,0.91,"N"
"1620",42.32219,125.24503,299.68,0.42,0.37,"2025-09-29",1724,"N20","nominal","2.0NRT",286.6,1.94,"N"
"1621",42.31877,125.24421,298.37,0.42,0.37,"2025-09-29",1724,"N20","nominal","2.0NRT",284.32,0.79,"N"
"1622",42.31812,125.24921,306.11,0.42,0.37,"2025-09-29",1724,"N20","nominal","2.0NRT",285.71,0.79,"N"
"1623",42.51664,121.18473,302.23,0.4,0.44,"2025-09-29",1724,"N20","nominal","2.0NRT",285.72,1.16,"N"
"1624",42.11964,123.6936,305.44,0.46,0.39,"2025-09-29",1724,"N20","nominal","2.0NRT",288.47,1.15,"N"
"1625",42.03111,123.8389,298.46,0.46,0.39,"2025-09-29",1724,"N20","nominal","2.0NRT",286.26,0.68,"N"
"1626",41.91901,124.09913,297.76,0.45,0.39,"2025-09-29",1724,"N20","nominal","2.0NRT",285.55,0.48,"N"
"1627",41.84478,123.75645,307.55,0.46,0.39,"2025-09-29",1724,"N20","nominal","2.0NRT",288.98,1.53,"N"
"1628",41.84412,123.76196,309.44,0.46,0.39,"2025-09-29",1724,"N20","nominal","2.0NRT",287.7,0.81,"N"
"1629",41.84438,123.74957,301.44,0.46,0.39,"2025-09-29",1724,"N20","nominal","2.0NRT",287.63,0.9,"N"
"1630",41.8437,123.75508,313.21,0.46,0.39,"2025-09-29",1724,"N20","nominal","2.0NRT",290.78,1.59,"N"
"1631",41.84303,123.7606,307.96,0.46,0.39,"2025-09-29",1724,"N20","nominal","2.0NRT",289.39,1.59,"N"
"1632",41.3617,123.71394,306.24,0.46,0.39,"2025-09-29",1724,"N20","nominal","2.0NRT",288.53,1.06,"N"
"1633",41.38464,123.4931,308.9,0.46,0.39,"2025-09-29",1724,"N20","nominal","2.0NRT",289.83,0.96,"N"
"1634",41.35128,123.7394,299.15,0.45,0.39,"2025-09-29",1724,"N20","nominal","2.0NRT",286.71,0.23,"N"
"1635",41.35382,123.50375,302.03,0.46,0.39,"2025-09-29",1724,"N20","nominal","2.0NRT",288.67,0.67,"N"
"1636",41.34695,123.46805,303.82,0.46,0.39,"2025-09-29",1724,"N20","nominal","2.0NRT",287.98,0.52,"N"
"1637",41.34572,123.47187,303.89,0.46,0.39,"2025-09-29",1724,"N20","nominal","2.0NRT",288.71,0.88,"N"
"1638",41.28326,123.71131,320.11,0.45,0.39,"2025-09-29",1724,"N20","nominal","2.0NRT",288.6,2.08,"N"
"1639",41.55307,121.30453,301.74,0.38,0.43,"2025-09-29",1724,"N20","nominal","2.0NRT",287.24,0.58,"N"
"1640",41.27993,123.73836,303.55,0.45,0.39,"2025-09-29",1724,"N20","nominal","2.0NRT",290.32,1.1,"N"
"1641",41.27925,123.74378,299.68,0.45,0.39,"2025-09-29",1724,"N20","nominal","2.0NRT",289.31,1.03,"N"
"1642",41.27345,123.73148,299.53,0.45,0.39,"2025-09-29",1724,"N20","nominal","2.0NRT",287.97,1.14,"N"
"1643",41.30397,123.32602,299.6,0.47,0.4,"2025-09-29",1724,"N20","nominal","2.0NRT",288.85,0.62,"N"
"1644",41.27528,123.2856,306.57,0.47,0.4,"2025-09-29",1724,"N20","nominal","2.0NRT",289.15,1.17,"N"
"1645",41.23108,123.62779,299.91,0.46,0.39,"2025-09-29",1724,"N20","nominal","2.0NRT",288.44,0.77,"N"
"1646",41.22166,123.61447,299.37,0.46,0.39,"2025-09-29",1724,"N20","nominal","2.0NRT",289.13,1.19,"N"
"1647",41.21968,123.61936,307.19,0.46,0.39,"2025-09-29",1724,"N20","nominal","2.0NRT",291.37,2.1,"N"
"1648",41.88918,114.0599,295.86,0.45,0.63,"2025-09-29",1724,"N20","nominal","2.0NRT",280.16,1.34,"N"
"1649",41.17061,122.97728,301.83,0.48,0.4,"2025-09-29",1724,"N20","nominal","2.0NRT",289.53,0.45,"N"
"1650",41.16327,122.97578,311.88,0.48,0.4,"2025-09-29",1724,"N20","nominal","2.0NRT",290.91,1.48,"N"
"1651",41.16056,122.99879,304.21,0.48,0.4,"2025-09-29",1724,"N20","nominal","2.0NRT",290.57,1,"N"
"1652",41.15225,122.97356,312.13,0.48,0.4,"2025-09-29",1724,"N20","nominal","2.0NRT",290.6,1.39,"N"
"1653",41.14857,122.97283,307.14,0.48,0.4,"2025-09-29",1724,"N20","nominal","2.0NRT",292.51,1.39,"N"
"1654",41.1449,122.97206,302.99,0.48,0.4,"2025-09-29",1724,"N20","nominal","2.0NRT",291.71,2.24,"N"
"1655",41.14222,122.99504,305.13,0.48,0.4,"2025-09-29",1724,"N20","nominal","2.0NRT",290.88,1.58,"N"
"1656",41.1419,122.96555,311.51,0.48,0.4,"2025-09-29",1724,"N20","nominal","2.0NRT",292.03,1.31,"N"
"1657",41.13922,122.98858,315.5,0.48,0.4,"2025-09-29",1724,"N20","nominal","2.0NRT",291.01,1.98,"N"
"1658",41.13855,122.99429,309.5,0.48,0.4,"2025-09-29",1724,"N20","nominal","2.0NRT",290.95,1.58,"N"
"1659",41.13688,122.97634,307.47,0.48,0.4,"2025-09-29",1724,"N20","nominal","2.0NRT",290.36,0.89,"N"
"1660",41.13488,122.99354,318.73,0.48,0.4,"2025-09-29",1724,"N20","nominal","2.0NRT",293.98,2.29,"N"
"1661",41.88111,110.10017,296.59,0.73,0.76,"2025-09-29",1724,"N20","nominal","2.0NRT",281.22,0.87,"N"
"1662",41.13321,122.97559,301.59,0.48,0.4,"2025-09-29",1724,"N20","nominal","2.0NRT",290.16,0.89,"N"
"1663",40.98107,122.93791,300.93,0.48,0.4,"2025-09-29",1724,"N20","nominal","2.0NRT",290.14,0.93,"N"
"1664",40.98041,122.94373,304.14,0.48,0.4,"2025-09-29",1724,"N20","nominal","2.0NRT",289.56,1.06,"N"
"1665",41.05733,120.98967,297.91,0.39,0.44,"2025-09-29",1724,"N20","nominal","2.0NRT",287.59,0.43,"N"
"1666",40.68941,122.54975,305.05,0.5,0.41,"2025-09-29",1726,"N20","nominal","2.0NRT",288.84,0.96,"N"
"1667",40.66535,122.59338,299.65,0.49,0.41,"2025-09-29",1726,"N20","nominal","2.0NRT",289,0.58,"N"
"1668",40.66467,122.59933,299.88,0.49,0.4,"2025-09-29",1726,"N20","nominal","2.0NRT",288.64,0.58,"N"
"1669",40.67271,122.39536,301.57,0.5,0.41,"2025-09-29",1726,"N20","nominal","2.0NRT",291.54,2.34,"N"
"1670",40.80307,120.72697,298.84,0.4,0.44,"2025-09-29",1726,"N20","nominal","2.0NRT",288.3,0.32,"N"
"1671",40.80972,119.46599,299.69,0.46,0.47,"2025-09-29",1726,"N20","nominal","2.0NRT",286.91,0.66,"N"
"1672",40.31241,122.14548,301.65,0.51,0.41,"2025-09-29",1726,"N20","nominal","2.0NRT",286.22,2.68,"N"
"1673",40.30996,122.13257,303.24,0.51,0.41,"2025-09-29",1726,"N20","nominal","2.0NRT",288.39,1.44,"N"
"1674",40.30617,122.13197,301.68,0.51,0.41,"2025-09-29",1726,"N20","nominal","2.0NRT",288.22,1.44,"N"
"1675",40.31659,122.14677,299.77,0.51,0.41,"2025-09-29",1726,"N20","nominal","2.0NRT",279.59,1.24,"N"
"1676",40.31282,122.14601,302.16,0.51,0.41,"2025-09-29",1726,"N20","nominal","2.0NRT",286.51,1.24,"N"
"1677",40.30974,122.13923,301.05,0.51,0.41,"2025-09-29",1726,"N20","nominal","2.0NRT",287.43,1.73,"N"
"1678",40.30664,122.13252,306.33,0.51,0.41,"2025-09-29",1726,"N20","nominal","2.0NRT",287.85,1.73,"N"
"1679",40.24266,121.02418,307.69,0.57,0.43,"2025-09-29",1726,"N20","nominal","2.0NRT",292.45,0.78,"N"
"1680",39.42756,127.17336,298.16,0.38,0.36,"2025-09-29",1726,"N20","nominal","2.0NRT",286.09,0.28,"N"
"1681",40.58958,115.08762,297.17,0.39,0.59,"2025-09-29",1726,"N20","nominal","2.0NRT",283.36,0.53,"N"
"1682",39.44421,126.02087,314.89,0.39,0.36,"2025-09-29",1726,"N20","nominal","2.0NRT",285.43,1.82,"N"
"1683",40.65245,109.73862,295.37,0.75,0.77,"2025-09-29",1726,"N20","nominal","2.0NRT",285.06,3.25,"N"
"1684",40.61679,109.74661,299.22,0.75,0.77,"2025-09-29",1726,"N20","nominal","2.0NRT",281.62,1.26,"N"
"1685",40.62077,109.75069,298.88,0.75,0.77,"2025-09-29",1726,"N20","nominal","2.0NRT",282.34,1.64,"N"
"1686",40.5792,109.34932,296.63,0.79,0.78,"2025-09-29",1726,"N20","nominal","2.0NRT",281.66,1.65,"N"
"1687",40.21109,118.22701,297.96,0.53,0.5,"2025-09-29",1726,"N20","nominal","2.0NRT",287.09,0.78,"N"
"1688",40.18557,118.06963,300.46,0.54,0.51,"2025-09-29",1726,"N20","nominal","2.0NRT",288.05,1.7,"N"
"1689",40.17767,118.04913,298.48,0.54,0.51,"2025-09-29",1726,"N20","nominal","2.0NRT",288.01,1.39,"N"
"1690",40.17719,118.05552,316.09,0.54,0.51,"2025-09-29",1726,"N20","nominal","2.0NRT",290.39,4.17,"N"
"1691",40.11147,118.73109,320.61,0.49,0.49,"2025-09-29",1726,"N20","nominal","2.0NRT",291.27,4.23,"N"
"1692",40.11101,118.73687,309.68,0.49,0.49,"2025-09-29",1726,"N20","nominal","2.0NRT",290.16,2.42,"N"
"1693",40.11402,118.73164,310.78,0.49,0.49,"2025-09-29",1726,"N20","nominal","2.0NRT",289.04,1.8,"N"
"1694",40.11353,118.73737,307.13,0.49,0.49,"2025-09-29",1726,"N20","nominal","2.0NRT",288.93,1.8,"N"
"1695",40.10954,118.73094,305.7,0.49,0.49,"2025-09-29",1726,"N20","nominal","2.0NRT",289.59,1.8,"N"
"1696",40.09288,118.43463,303.93,0.51,0.49,"2025-09-29",1726,"N20","nominal","2.0NRT",285.1,0.87,"N"
"1697",40.09238,118.44074,295.17,0.51,0.49,"2025-09-29",1726,"N20","nominal","2.0NRT",285.1,0.69,"N"
"1698",39.96359,118.54882,307.41,0.5,0.49,"2025-09-29",1726,"N20","nominal","2.0NRT",291.88,1.6,"N"
"1699",39.95496,118.54229,304.06,0.5,0.49,"2025-09-29",1726,"N20","nominal","2.0NRT",292.98,2.57,"N"
"1700",39.94452,118.55804,301.96,0.5,0.49,"2025-09-29",1726,"N20","nominal","2.0NRT",289.29,2.28,"N"
"1701",39.92649,118.66844,301.78,0.5,0.49,"2025-09-29",1726,"N20","nominal","2.0NRT",288.85,0.86,"N"
"1702",40.14412,115.26536,295.44,0.38,0.59,"2025-09-29",1726,"N20","nominal","2.0NRT",282.87,0.6,"N"
"1703",39.91205,118.67841,308.97,0.5,0.49,"2025-09-29",1726,"N20","nominal","2.0NRT",291.32,1.98,"N"
"1704",39.86254,119.22396,301.45,0.46,0.47,"2025-09-29",1726,"N20","nominal","2.0NRT",288.1,0.95,"N"
"1705",39.90599,118.58224,301.3,0.5,0.49,"2025-09-29",1726,"N20","nominal","2.0NRT",290.67,1.16,"N"
"1706",39.90148,118.58162,303.79,0.5,0.49,"2025-09-29",1726,"N20","nominal","2.0NRT",290.65,2.57,"N"
"1707",39.90432,118.58658,314.86,0.5,0.49,"2025-09-29",1726,"N20","nominal","2.0NRT",293.24,3.75,"N"
"1708",39.90078,118.57424,299.04,0.5,0.49,"2025-09-29",1726,"N20","nominal","2.0NRT",288.95,0.61,"N"
"1709",39.88464,118.5483,300.37,0.5,0.49,"2025-09-29",1726,"N20","nominal","2.0NRT",290.1,1.08,"N"
"1710",39.58039,121.4351,302.01,0.54,0.42,"2025-09-29",1726,"N20","nominal","2.0NRT",285.42,0.55,"N"
"1711",39.84143,118.34159,303.2,0.51,0.5,"2025-09-29",1726,"N20","nominal","2.0NRT",287.14,1.23,"N"
"1712",39.76057,118.81168,299.35,0.49,0.48,"2025-09-29",1726,"N20","nominal","2.0NRT",288.74,0.89,"N"
"1713",38.87706,126.03532,298.44,0.39,0.36,"2025-09-29",1726,"N20","nominal","2.0NRT",284.36,0.49,"N"
"1714",39.75956,118.08751,328.39,0.53,0.5,"2025-09-29",1726,"N20","nominal","2.0NRT",286.33,3.86,"N"
"1715",39.69656,118.87657,311.91,0.48,0.48,"2025-09-29",1726,"N20","nominal","2.0NRT",290.32,3.35,"N"
"1716",39.69609,118.88222,302.94,0.48,0.48,"2025-09-29",1726,"N20","nominal","2.0NRT",289.88,1.73,"N"
"1717",39.6926,118.87028,298.63,0.48,0.48,"2025-09-29",1726,"N20","nominal","2.0NRT",288.12,0.59,"N"
"1718",39.66367,118.89449,302.97,0.48,0.48,"2025-09-29",1726,"N20","nominal","2.0NRT",291.66,1.99,"N"
"1719",39.6632,118.90012,303.75,0.48,0.48,"2025-09-29",1726,"N20","nominal","2.0NRT",292.81,2.85,"N"
"1720",39.66016,118.88255,298.66,0.48,0.48,"2025-09-29",1726,"N20","nominal","2.0NRT",288.09,1.13,"N"
"1721",39.65924,118.89381,306.74,0.48,0.48,"2025-09-29",1726,"N20","nominal","2.0NRT",291.62,1.99,"N"
"1722",39.66436,118.89869,304.47,0.48,0.48,"2025-09-29",1726,"N20","nominal","2.0NRT",292.26,3.66,"N"
"1723",39.66092,118.88678,302.45,0.48,0.48,"2025-09-29",1726,"N20","nominal","2.0NRT",292.17,2.02,"N"
"1724",39.65599,118.89174,303,0.48,0.48,"2025-09-29",1726,"N20","nominal","2.0NRT",290.15,2.16,"N"
"1725",39.65678,118.67274,299.81,0.49,0.49,"2025-09-29",1726,"N20","nominal","2.0NRT",289.68,1.1,"N"
"1726",39.6563,118.67851,303.01,0.49,0.49,"2025-09-29",1726,"N20","nominal","2.0NRT",291.41,1.1,"N"
"1727",39.67673,118.37788,297.05,0.51,0.49,"2025-09-29",1726,"N20","nominal","2.0NRT",286.73,0.53,"N"
"1728",39.61854,118.47211,308.24,0.5,0.49,"2025-09-29",1726,"N20","nominal","2.0NRT",290.72,1.52,"N"
"1729",39.61401,118.47146,304.52,0.5,0.49,"2025-09-29",1726,"N20","nominal","2.0NRT",294.33,1.52,"N"
"1730",39.61338,118.36285,302.49,0.51,0.49,"2025-09-29",1726,"N20","nominal","2.0NRT",290.86,1.41,"N"
"1731",39.59634,118.46294,303.38,0.5,0.49,"2025-09-29",1726,"N20","nominal","2.0NRT",291.36,1.9,"N"
"1732",39.6257,117.9542,313.3,0.54,0.51,"2025-09-29",1726,"N20","nominal","2.0NRT",287.21,1.57,"N"
"1733",39.60302,118.48299,300.41,0.5,0.49,"2025-09-29",1726,"N20","nominal","2.0NRT",288.95,1.2,"N"
"1734",39.59546,118.46397,301.37,0.5,0.49,"2025-09-29",1726,"N20","nominal","2.0NRT",290.94,1.34,"N"
"1735",39.62785,117.95623,308.3,0.54,0.51,"2025-09-29",1726,"N20","nominal","2.0NRT",286.51,1.83,"N"
"1736",39.60871,117.95999,305.35,0.54,0.51,"2025-09-29",1726,"N20","nominal","2.0NRT",288.04,1.89,"N"
"1737",39.48913,118.70155,301.79,0.49,0.48,"2025-09-29",1726,"N20","nominal","2.0NRT",289.07,0.94,"N"
"1738",39.48466,118.7009,299.44,0.49,0.48,"2025-09-29",1726,"N20","nominal","2.0NRT",288.3,0.54,"N"
"1739",39.5118,118.06042,298.53,0.53,0.5,"2025-09-29",1726,"N20","nominal","2.0NRT",287.93,0.45,"N"
"1740",39.47478,118.24613,299.69,0.52,0.5,"2025-09-29",1726,"N20","nominal","2.0NRT",289.25,0.76,"N"
"1741",39.46513,118.2509,306.34,0.52,0.5,"2025-09-29",1726,"N20","nominal","2.0NRT",292.65,3.3,"N"
"1742",39.46203,118.115,304.32,0.52,0.5,"2025-09-29",1726,"N20","nominal","2.0NRT",290.22,1.06,"N"
"1743",39.43449,118.45763,318.88,0.5,0.49,"2025-09-29",1726,"N20","nominal","2.0NRT",289.09,2.52,"N"
"1744",38.47733,125.84103,300.06,0.39,0.36,"2025-09-29",1726,"N20","nominal","2.0NRT",287.01,0.47,"N"
"1745",39.2724,119.06204,306.3,0.47,0.47,"2025-09-29",1726,"N20","nominal","2.0NRT",291.75,1.61,"N"
"1746",39.26696,119.02267,303.8,0.47,0.48,"2025-09-29",1726,"N20","nominal","2.0NRT",290.75,1.4,"N"
"1747",39.25727,119.03226,305.02,0.47,0.47,"2025-09-29",1726,"N20","nominal","2.0NRT",291.52,1.79,"N"
"1748",39.24898,119.0255,303.96,0.47,0.48,"2025-09-29",1726,"N20","nominal","2.0NRT",292.55,1.14,"N"
"1749",39.31373,117.77821,300.19,0.54,0.51,"2025-09-29",1726,"N20","nominal","2.0NRT",288.68,0.61,"N"
"1750",39.30904,117.7776,297.68,0.54,0.51,"2025-09-29",1726,"N20","nominal","2.0NRT",287.62,0.61,"N"
"1751",39.30384,117.78333,304.7,0.54,0.51,"2025-09-29",1726,"N20","nominal","2.0NRT",290.89,1.09,"N"
"1752",39.43414,111.23444,297.08,0.62,0.71,"2025-09-29",1726,"N20","nominal","2.0NRT",282.89,1.81,"N"
"1753",38.99762,119.00127,311.17,0.47,0.47,"2025-09-29",1726,"N20","nominal","2.0NRT",291.24,0.96,"N"
"1754",37.5954,129.01021,309.42,0.42,0.37,"2025-09-29",1726,"N20","nominal","2.0NRT",288.28,1.36,"N"
"1755",37.4847,129.05449,315.39,0.42,0.38,"2025-09-29",1726,"N20","nominal","2.0NRT",287.79,1.86,"N"
"1756",37.48217,129.0488,317.32,0.42,0.38,"2025-09-29",1726,"N20","nominal","2.0NRT",290.55,1.86,"N"
"1757",37.42486,129.17209,329.06,0.42,0.38,"2025-09-29",1726,"N20","nominal","2.0NRT",290.47,3.47,"N"
"1758",38.81889,115.80184,299.37,0.34,0.56,"2025-09-29",1726,"N20","nominal","2.0NRT",284.93,0.81,"N"
"1759",37.23174,128.32347,305.22,0.4,0.37,"2025-09-29",1726,"N20","nominal","2.0NRT",287.47,1.23,"N"
"1760",37.20404,128.30186,304.63,0.4,0.37,"2025-09-29",1726,"N20","nominal","2.0NRT",287.9,0.57,"N"
"1761",37.18679,128.32056,300.48,0.4,0.37,"2025-09-29",1726,"N20","nominal","2.0NRT",287.68,0.63,"N"
"1762",38.78805,112.75867,301.89,0.51,0.66,"2025-09-29",1726,"N20","nominal","2.0NRT",284.07,1.45,"N"
"1763",38.69658,113.23447,295.45,0.48,0.64,"2025-09-29",1726,"N20","nominal","2.0NRT",281.7,1.15,"N"
"1764",38.73582,110.18073,297.65,0.7,0.75,"2025-09-29",1726,"N20","nominal","2.0NRT",283.5,1.28,"N"
"1765",38.57222,114.94259,304.98,0.38,0.59,"2025-09-29",1726,"N20","nominal","2.0NRT",289.95,1.46,"N"
"1766",38.56677,114.94205,309.9,0.38,0.59,"2025-09-29",1726,"N20","nominal","2.0NRT",290.5,1.46,"N"
"1767",38.57101,114.94546,302.6,0.38,0.59,"2025-09-29",1726,"N20","nominal","2.0NRT",291.3,2.03,"N"
"1768",38.56583,114.9405,303.86,0.38,0.59,"2025-09-29",1726,"N20","nominal","2.0NRT",288.26,0.75,"N"
"1769",38.14107,119.5275,320.36,0.43,0.46,"2025-09-29",1726,"N20","nominal","2.0NRT",292.2,1.81,"N"
"1770",38.28557,117.79735,303.67,0.53,0.5,"2025-09-29",1726,"N20","nominal","2.0NRT",289.97,1.35,"N"
"1771",38.2851,117.80346,304.18,0.53,0.5,"2025-09-29",1726,"N20","nominal","2.0NRT",291.04,1.35,"N"
"1772",35.04918,136.88966,308.81,0.37,0.58,"2025-09-29",1726,"N20","nominal","2.0NRT",289.08,0.64,"N"
"1773",35.03899,136.88576,302.95,0.37,0.58,"2025-09-29",1726,"N20","nominal","2.0NRT",289.14,1.1,"N"
"1774",35.03173,136.87038,332.18,0.37,0.58,"2025-09-29",1726,"N20","nominal","2.0NRT",291.2,3.33,"N"
"1775",35.02877,136.88193,336.8,0.37,0.58,"2025-09-29",1726,"N20","nominal","2.0NRT",290.41,3.27,"N"
"1776",35.02977,136.87805,307.3,0.37,0.58,"2025-09-29",1726,"N20","nominal","2.0NRT",289.64,3.57,"N"
"1777",35.02761,136.86462,323.54,0.37,0.58,"2025-09-29",1726,"N20","nominal","2.0NRT",292.5,1.21,"N"
"1778",35.02663,136.86845,308.02,0.37,0.58,"2025-09-29",1726,"N20","nominal","2.0NRT",290.49,1.21,"N"
"1779",35.02251,136.86269,301.06,0.37,0.58,"2025-09-29",1726,"N20","nominal","2.0NRT",289.54,1.21,"N"
"1780",35.01839,136.85698,304.03,0.36,0.58,"2025-09-29",1726,"N20","nominal","2.0NRT",289.13,0.79,"N"
"1781",38.40124,114.14755,309.13,0.42,0.61,"2025-09-29",1726,"N20","nominal","2.0NRT",290.41,2.15,"N"
"1782",38.39602,114.13705,300.36,0.42,0.61,"2025-09-29",1726,"N20","nominal","2.0NRT",289.7,3.09,"N"
"1783",38.39907,114.14637,306.41,0.42,0.61,"2025-09-29",1726,"N20","nominal","2.0NRT",290.91,2.56,"N"
"1784",36.98199,126.71135,322.12,0.39,0.36,"2025-09-29",1726,"N20","nominal","2.0NRT",286.87,2.56,"N"
"1785",36.98544,126.68997,311.07,0.38,0.36,"2025-09-29",1726,"N20","nominal","2.0NRT",289.27,1.69,"N"
"1786",36.98285,126.68488,297.46,0.38,0.36,"2025-09-29",1726,"N20","nominal","2.0NRT",286.17,0.75,"N"
"1787",36.98217,126.68915,313.3,0.38,0.36,"2025-09-29",1726,"N20","nominal","2.0NRT",292.13,1.69,"N"
"1788",36.95587,126.61805,296.49,0.38,0.36,"2025-09-29",1726,"N20","nominal","2.0NRT",285.97,0.37,"N"
"1789",34.7214,137.31984,314.64,0.39,0.6,"2025-09-29",1726,"N20","nominal","2.0NRT",288.81,1.31,"N"
"1790",36.95259,126.61723,296.03,0.38,0.36,"2025-09-29",1726,"N20","nominal","2.0NRT",284.46,0.37,"N"
"1791",37.96442,112.94403,295.84,0.49,0.65,"2025-09-29",1726,"N20","nominal","2.0NRT",283.17,0.65,"N"
"1792",37.93028,112.53874,302.15,0.51,0.66,"2025-09-29",1726,"N20","nominal","2.0NRT",285.59,2.27,"N"
"1793",37.91003,113.67252,301.01,0.44,0.63,"2025-09-29",1726,"N20","nominal","2.0NRT",285.42,0.7,"N"
"1794",37.93071,112.5373,296.77,0.51,0.66,"2025-09-29",1726,"N20","nominal","2.0NRT",284.77,1.51,"N"
"1795",37.91818,112.54243,301.3,0.51,0.66,"2025-09-29",1726,"N20","nominal","2.0NRT",286.75,1.48,"N"
"1796",37.91795,112.54846,296.7,0.51,0.66,"2025-09-29",1726,"N20","nominal","2.0NRT",286.44,1.48,"N"
"1797",36.02907,129.39415,309.27,0.44,0.39,"2025-09-29",1726,"N20","nominal","2.0NRT",290.76,1.09,"N"
"1798",36.02817,129.39899,301.58,0.44,0.39,"2025-09-29",1726,"N20","nominal","2.0NRT",289.88,0.68,"N"
"1799",36.02559,129.39317,305.75,0.44,0.39,"2025-09-29",1726,"N20","nominal","2.0NRT",290.84,1.09,"N"
"1800",36.02301,129.38733,301.54,0.44,0.39,"2025-09-29",1726,"N20","nominal","2.0NRT",289.91,0.83,"N"
"1801",36.01953,129.38635,305.55,0.44,0.39,"2025-09-29",1726,"N20","nominal","2.0NRT",290,0.83,"N"
"1802",36.00909,129.38339,305.05,0.44,0.39,"2025-09-29",1726,"N20","nominal","2.0NRT",290.1,1.91,"N"
"1803",36.00379,129.39207,322,0.44,0.39,"2025-09-29",1726,"N20","nominal","2.0NRT",290.32,2.04,"N"
"1804",36.00741,129.37277,304.74,0.44,0.39,"2025-09-29",1726,"N20","nominal","2.0NRT",289.19,1.48,"N"
"1805",36.0047,129.38724,319.62,0.44,0.39,"2025-09-29",1726,"N20","nominal","2.0NRT",290.86,1.91,"N"
"1806",36.00032,129.39108,305.77,0.44,0.39,"2025-09-29",1726,"N20","nominal","2.0NRT",289.63,1.01,"N"
"1807",35.9994,129.39592,309.32,0.44,0.39,"2025-09-29",1726,"N20","nominal","2.0NRT",290.06,1.01,"N"
"1808",35.99849,129.40076,304.09,0.44,0.39,"2025-09-29",1726,"N20","nominal","2.0NRT",290.32,1.13,"N"
"1809",35.99683,129.39008,308.07,0.44,0.39,"2025-09-29",1726,"N20","nominal","2.0NRT",289.34,1.01,"N"
"1810",34.7849,134.66374,311.04,0.56,0.51,"2025-09-29",1726,"N20","nominal","2.0NRT",288.82,1.51,"N"
"1811",34.72525,134.83073,309.47,0.57,0.52,"2025-09-29",1726,"N20","nominal","2.0NRT",289.85,1.81,"N"
"1812",34.72351,134.81709,316.28,0.57,0.52,"2025-09-29",1726,"N20","nominal","2.0NRT",291.15,1.7,"N"
"1813",34.72208,134.82306,309.74,0.57,0.52,"2025-09-29",1726,"N20","nominal","2.0NRT",290.64,1.7,"N"
"1814",34.72063,134.8291,303.28,0.57,0.52,"2025-09-29",1726,"N20","nominal","2.0NRT",291.29,1.67,"N"
"1815",34.71745,134.82146,306.2,0.57,0.52,"2025-09-29",1726,"N20","nominal","2.0NRT",289.73,1.7,"N"
"1816",34.716,134.82751,304.81,0.57,0.52,"2025-09-29",1726,"N20","nominal","2.0NRT",291.71,1.67,"N"
"1817",34.75424,134.36246,303.18,0.54,0.51,"2025-09-29",1726,"N20","nominal","2.0NRT",289.38,1.18,"N"
"1818",37.50364,114.43552,299.65,0.4,0.6,"2025-09-29",1726,"N20","nominal","2.0NRT",288.99,0.62,"N"
"1819",37.57847,112.26202,300.74,0.53,0.67,"2025-09-29",1726,"N20","nominal","2.0NRT",286.6,1.69,"N"
"1820",37.5731,112.23725,296.23,0.53,0.67,"2025-09-29",1726,"N20","nominal","2.0NRT",279.3,1.03,"N"
"1821",35.50188,129.35262,301.92,0.45,0.39,"2025-09-29",1726,"N20","nominal","2.0NRT",290.2,1.04,"N"
"1822",35.49839,129.35161,302.85,0.45,0.39,"2025-09-29",1726,"N20","nominal","2.0NRT",291.45,1.04,"N"
"1823",34.23135,135.11971,310.63,0.61,0.54,"2025-09-29",1726,"N20","nominal","2.0NRT",290.3,2.66,"N"
"1824",37.35384,111.99889,297.67,0.54,0.68,"2025-09-29",1726,"N20","nominal","2.0NRT",285.22,0.97,"N"
"1825",34.51154,133.74623,322.06,0.51,0.49,"2025-09-29",1726,"N20","nominal","2.0NRT",290.95,3.38,"N"
"1826",34.51394,133.74609,313.45,0.51,0.49,"2025-09-29",1726,"N20","nominal","2.0NRT",290.36,1.62,"N"
"1827",34.50955,133.74463,314.95,0.51,0.49,"2025-09-29",1726,"N20","nominal","2.0NRT",290.35,1.62,"N"
"1828",37.35048,112.00035,297.07,0.54,0.68,"2025-09-29",1726,"N20","nominal","2.0NRT",285.25,1.83,"N"
"1829",34.48924,133.70915,333,0.5,0.49,"2025-09-29",1726,"N20","nominal","2.0NRT",290.84,6.26,"N"
"1830",34.48683,133.7198,304.27,0.51,0.49,"2025-09-29",1726,"N20","nominal","2.0NRT",290.56,1.83,"N"
"1831",37.14369,114.53459,305.94,0.39,0.59,"2025-09-29",1726,"N20","nominal","2.0NRT",290.83,0.99,"N"
"1832",37.13843,114.52962,299.85,0.39,0.59,"2025-09-29",1726,"N20","nominal","2.0NRT",287.64,0.99,"N"
"1833",37.13819,114.53407,309.87,0.39,0.59,"2025-09-29",1726,"N20","nominal","2.0NRT",287.47,0.99,"N"
"1834",37.16457,113.42236,295.78,0.45,0.63,"2025-09-29",1726,"N20","nominal","2.0NRT",280.25,0.52,"N"
"1835",34.47112,133.4386,303.28,0.49,0.48,"2025-09-29",1726,"N20","nominal","2.0NRT",291.01,5.41,"N"
"1836",34.46915,133.42686,328.36,0.49,0.48,"2025-09-29",1726,"N20","nominal","2.0NRT",290.69,4.31,"N"
"1837",34.46798,133.43201,335.1,0.49,0.48,"2025-09-29",1726,"N20","nominal","2.0NRT",292.62,5.41,"N"
"1838",34.47033,133.42172,309.92,0.49,0.48,"2025-09-29",1726,"N20","nominal","2.0NRT",290.56,4.31,"N"
"1839",34.46365,133.43059,309.24,0.49,0.48,"2025-09-29",1726,"N20","nominal","2.0NRT",290.67,2,"N"
"1840",34.45932,133.42918,333.15,0.49,0.48,"2025-09-29",1726,"N20","nominal","2.0NRT",290.76,2,"N"
"1841",34.4605,133.42404,301.83,0.49,0.48,"2025-09-29",1726,"N20","nominal","2.0NRT",291.43,2.47,"N"
"1842",34.45815,133.43431,302.89,0.49,0.48,"2025-09-29",1726,"N20","nominal","2.0NRT",290.81,2,"N"
"1843",34.47223,133.43709,305.72,0.49,0.48,"2025-09-29",1726,"N20","nominal","2.0NRT",291.74,3.24,"N"
"1844",34.46906,133.43051,352.74,0.49,0.48,"2025-09-29",1726,"N20","nominal","2.0NRT",290.99,7.16,"N"
"1845",34.4702,133.42534,314.16,0.49,0.48,"2025-09-29",1726,"N20","nominal","2.0NRT",291.57,7.16,"N"
"1846",34.46473,133.42908,310.08,0.49,0.48,"2025-09-29",1726,"N20","nominal","2.0NRT",290.99,2.38,"N"
"1847",34.4604,133.42766,330.42,0.49,0.48,"2025-09-29",1726,"N20","nominal","2.0NRT",291.86,2.38,"N"
"1848",34.34438,133.83884,302.02,0.52,0.5,"2025-09-29",1726,"N20","nominal","2.0NRT",290.59,1.06,"N"
"1849",37.12513,112.04219,296.13,0.54,0.68,"2025-09-29",1726,"N20","nominal","2.0NRT",284.95,0.82,"N"
"1850",37.10566,111.95872,295.26,0.54,0.68,"2025-09-29",1726,"N20","nominal","2.0NRT",284.96,0.6,"N"
"1851",37.07848,111.83108,302.81,0.55,0.68,"2025-09-29",1726,"N20","nominal","2.0NRT",286.64,1.3,"N"
"1852",37.06641,111.81161,300,0.55,0.68,"2025-09-29",1726,"N20","nominal","2.0NRT",286.59,1.56,"N"
"1853",37.06579,111.83028,301.6,0.55,0.68,"2025-09-29",1726,"N20","nominal","2.0NRT",286.94,1.25,"N"
"1854",35.08214,128.98976,319.69,0.44,0.38,"2025-09-29",1726,"N20","nominal","2.0NRT",290.61,2.36,"N"
"1855",36.73061,114.08372,298.09,0.41,0.61,"2025-09-29",1726,"N20","nominal","2.0NRT",279.1,1.07,"N"
"1856",36.73037,114.08829,299.73,0.41,0.61,"2025-09-29",1726,"N20","nominal","2.0NRT",283.06,1.07,"N"
"1857",36.73014,114.0928,301.45,0.41,0.61,"2025-09-29",1726,"N20","nominal","2.0NRT",283.7,1.31,"N"
"1858",36.7299,114.09734,297.67,0.41,0.61,"2025-09-29",1726,"N20","nominal","2.0NRT",281.71,1.31,"N"
"1859",36.70698,114.10445,295.7,0.41,0.61,"2025-09-29",1726,"N20","nominal","2.0NRT",276.97,0.75,"N"
"1860",36.73257,114.08942,298.89,0.41,0.61,"2025-09-29",1726,"N20","nominal","2.0NRT",283.2,1.26,"N"
"1861",36.7267,114.09333,303.55,0.41,0.61,"2025-09-29",1726,"N20","nominal","2.0NRT",281.56,1.26,"N"
"1862",36.69912,114.08206,298.74,0.41,0.61,"2025-09-29",1726,"N20","nominal","2.0NRT",282.71,1.1,"N"
"1863",36.66958,114.10609,297.95,0.41,0.61,"2025-09-29",1726,"N20","nominal","2.0NRT",281.66,2,"N"
"1864",36.7325,112.23568,295.4,0.52,0.67,"2025-09-29",1726,"N20","nominal","2.0NRT",280.87,0.8,"N"
"1865",36.71296,112.57877,297.41,0.5,0.66,"2025-09-29",1726,"N20","nominal","2.0NRT",284.04,1.12,"N"
"1866",36.63683,113.75182,301.04,0.43,0.62,"2025-09-29",1726,"N20","nominal","2.0NRT",282.95,0.82,"N"
"1867",36.59698,114.41138,301.2,0.39,0.6,"2025-09-29",1726,"N20","nominal","2.0NRT",285.96,2.21,"N"
"1868",36.62518,113.75524,299.93,0.43,0.62,"2025-09-29",1726,"N20","nominal","2.0NRT",284.82,1.06,"N"
"1869",36.61947,113.75456,301.57,0.43,0.62,"2025-09-29",1726,"N20","nominal","2.0NRT",282.65,1.06,"N"
"1870",36.63496,113.75401,297.7,0.43,0.62,"2025-09-29",1726,"N20","nominal","2.0NRT",282.57,0.85,"N"
"1871",36.59686,114.41288,301.13,0.39,0.6,"2025-09-29",1726,"N20","nominal","2.0NRT",286.7,1.43,"N"
"1872",36.58717,114.10118,301.62,0.41,0.61,"2025-09-29",1726,"N20","nominal","2.0NRT",282.34,1.66,"N"
"1873",34.93084,127.74993,302.48,0.41,0.37,"2025-09-29",1726,"N20","nominal","2.0NRT",290.09,0.77,"N"
"1874",34.92566,127.73939,319.29,0.41,0.37,"2025-09-29",1726,"N20","nominal","2.0NRT",294.94,2.54,"N"
"1875",34.9243,127.70694,300.51,0.41,0.37,"2025-09-29",1726,"N20","nominal","2.0NRT",289.59,0.56,"N"
"1876",34.91405,127.74557,303.96,0.41,0.37,"2025-09-29",1726,"N20","nominal","2.0NRT",291.76,1.33,"N"
"1877",34.91252,127.75439,309.67,0.41,0.37,"2025-09-29",1726,"N20","nominal","2.0NRT",292.45,2.38,"N"
"1878",34.05742,131.78551,334.57,0.41,0.45,"2025-09-29",1726,"N20","nominal","2.0NRT",295.21,4.24,"N"
"1879",34.05892,131.75861,311.41,0.41,0.45,"2025-09-29",1726,"N20","nominal","2.0NRT",291.54,2.07,"N"
"1880",34.16987,131.21574,311.4,0.57,0.43,"2025-09-29",1726,"N20","nominal","2.0NRT",291.03,2.41,"N"
"1881",34.17086,131.21465,308.88,0.57,0.43,"2025-09-29",1726,"N20","nominal","2.0NRT",289.62,1.36,"N"
"1882",34.05872,131.7598,307.72,0.41,0.45,"2025-09-29",1726,"N20","nominal","2.0NRT",291.72,1.67,"N"
"1883",36.21853,115.83891,310.14,0.32,0.55,"2025-09-29",1726,"N20","nominal","2.0NRT",288.61,0.95,"N"
"1884",36.31136,114.27017,299.8,0.4,0.6,"2025-09-29",1726,"N20","nominal","2.0NRT",287.32,0.74,"N"
"1885",36.30508,114.28286,300.57,0.4,0.6,"2025-09-29",1726,"N20","nominal","2.0NRT",289.48,0.74,"N"
"1886",36.21299,114.04613,315.7,0.41,0.61,"2025-09-29",1726,"N20","nominal","2.0NRT",289.92,1.92,"N"
"1887",36.19033,114.04842,300.75,0.41,0.61,"2025-09-29",1726,"N20","nominal","2.0NRT",288.12,0.89,"N"
"1888",36.19009,114.05299,300.13,0.41,0.61,"2025-09-29",1726,"N20","nominal","2.0NRT",288.69,0.89,"N"
"1889",33.95109,131.22493,301.95,0.38,0.43,"2025-09-29",1726,"N20","nominal","2.0NRT",291.92,1.87,"N"
"1890",33.95024,131.22896,315.77,0.38,0.43,"2025-09-29",1726,"N20","nominal","2.0NRT",293.18,1.87,"N"
"1891",33.94722,131.22992,309.9,0.38,0.43,"2025-09-29",1726,"N20","nominal","2.0NRT",292.02,1.21,"N"
"1892",36.20919,114.04527,311.08,0.41,0.61,"2025-09-29",1726,"N20","nominal","2.0NRT",288.57,1.34,"N"
"1893",36.19185,114.05271,302.36,0.41,0.6,"2025-09-29",1726,"N20","nominal","2.0NRT",289.55,0.98,"N"
"1894",36.1687,114.06355,301.01,0.41,0.6,"2025-09-29",1726,"N20","nominal","2.0NRT",288.37,0.86,"N"
"1895",36.15545,114.0985,303.28,0.41,0.6,"2025-09-29",1726,"N20","nominal","2.0NRT",287.22,0.99,"N"
"1896",33.9436,130.82712,311.04,0.55,0.43,"2025-09-29",1726,"N20","nominal","2.0NRT",292.35,1.67,"N"
"1897",33.40258,133.30232,305.73,0.51,0.49,"2025-09-29",1726,"N20","nominal","2.0NRT",290.9,1.13,"N"
"1898",36.08981,114.06624,302.8,0.41,0.6,"2025-09-29",1726,"N20","nominal","2.0NRT",284.89,0.99,"N"
"1899",33.92471,130.84007,315.17,0.55,0.43,"2025-09-29",1726,"N20","nominal","2.0NRT",291.82,3.18,"N"
"1900",33.92352,130.84586,302.96,0.55,0.43,"2025-09-29",1726,"N20","nominal","2.0NRT",291.66,1.65,"N"
"1901",33.91586,130.84361,306.98,0.55,0.43,"2025-09-29",1726,"N20","nominal","2.0NRT",291.7,1.35,"N"
"1902",33.92434,130.83884,315.88,0.55,0.43,"2025-09-29",1726,"N20","nominal","2.0NRT",291.42,2.58,"N"
"1903",33.92284,130.8261,304.49,0.55,0.43,"2025-09-29",1726,"N20","nominal","2.0NRT",293.23,2.52,"N"
"1904",33.91552,130.84241,305.66,0.55,0.43,"2025-09-29",1726,"N20","nominal","2.0NRT",291.7,0.76,"N"
"1905",33.91136,130.82272,306.19,0.55,0.43,"2025-09-29",1726,"N20","nominal","2.0NRT",291.33,1.14,"N"
"1906",33.87985,130.7583,305.57,0.55,0.42,"2025-09-29",1726,"N20","nominal","2.0NRT",291.67,0.73,"N"
"1907",33.8,130.98904,313.67,0.56,0.43,"2025-09-29",1726,"N20","nominal","2.0NRT",292.69,2.53,"N"
"1908",33.78593,130.99753,316.15,0.56,0.43,"2025-09-29",1726,"N20","nominal","2.0NRT",291.75,2.7,"N"
"1909",33.78082,131.00235,307.33,0.56,0.43,"2025-09-29",1726,"N20","nominal","2.0NRT",293.69,2.7,"N"
"1910",33.78146,131.00101,311.65,0.56,0.43,"2025-09-29",1726,"N20","nominal","2.0NRT",292.87,3.03,"N"
"1911",33.2686,131.63988,348.05,0.41,0.45,"2025-09-29",1726,"N20","nominal","2.0NRT",293.09,7.13,"N"
"1912",33.2677,131.64418,308.24,0.41,0.45,"2025-09-29",1726,"N20","nominal","2.0NRT",293.04,2.26,"N"
"1913",33.26183,131.65166,338.48,0.41,0.45,"2025-09-29",1726,"N20","nominal","2.0NRT",294.04,5.02,"N"
"1914",33.26275,131.64728,307.8,0.41,0.45,"2025-09-29",1726,"N20","nominal","2.0NRT",291.79,2.26,"N"
"1915",33.26054,131.63741,309.28,0.41,0.45,"2025-09-29",1726,"N20","nominal","2.0NRT",293.11,0.88,"N"
"1916",33.25963,131.64172,307.55,0.41,0.45,"2025-09-29",1726,"N20","nominal","2.0NRT",293.57,2.44,"N"
"1917",33.25779,131.65044,304.53,0.41,0.45,"2025-09-29",1726,"N20","nominal","2.0NRT",291.94,1.07,"N"
"1918",33.2565,131.63618,303.74,0.41,0.45,"2025-09-29",1726,"N20","nominal","2.0NRT",291.72,0.88,"N"
"1919",35.55434,113.77791,299.45,0.42,0.61,"2025-09-29",1726,"N20","nominal","2.0NRT",288.17,0.3,"N"
"1920",33.11802,131.82912,302.51,0.43,0.46,"2025-09-29",1726,"N20","nominal","2.0NRT",289.87,0.58,"N"
"1921",35.67283,110.67114,296.6,0.63,0.72,"2025-09-29",1726,"N20","nominal","2.0NRT",285.41,0.78,"N"
"1922",35.66742,110.62892,296.85,0.63,0.72,"2025-09-29",1726,"N20","nominal","2.0NRT",286.34,1.09,"N"
"1923",33.08568,131.85809,301.75,0.43,0.46,"2025-09-29",1726,"N20","nominal","2.0NRT",290.43,1.29,"N"
"1924",35.63541,110.57678,297.58,0.64,0.72,"2025-09-29",1726,"N20","nominal","2.0NRT",285.43,1.21,"N"
"1925",35.48807,113.84666,305.76,0.41,0.61,"2025-09-29",1726,"N20","nominal","2.0NRT",289.15,0.77,"N"
"1926",35.48504,113.84475,299.16,0.41,0.61,"2025-09-29",1726,"N20","nominal","2.0NRT",287.95,0.8,"N"
"1927",35.44606,114.02275,301.04,0.4,0.6,"2025-09-29",1726,"N20","nominal","2.0NRT",289.1,0.65,"N"
"1928",35.43411,114.03501,301.79,0.4,0.6,"2025-09-29",1726,"N20","nominal","2.0NRT",289.57,0.37,"N"
"1929",35.38151,113.44365,301.03,0.44,0.62,"2025-09-29",1726,"N20","nominal","2.0NRT",289.77,1.79,"N"
"1930",35.3806,113.4411,300.34,0.44,0.62,"2025-09-29",1726,"N20","nominal","2.0NRT",288.43,1.85,"N"
"1931",35.3625,113.75392,299.61,0.42,0.61,"2025-09-29",1726,"N20","nominal","2.0NRT",284.44,0.51,"N"
"1932",35.34113,111.07883,299.46,0.59,0.7,"2025-09-29",1726,"N20","nominal","2.0NRT",284.68,1.11,"N"
"1933",32.88498,131.08237,300.48,0.39,0.44,"2025-09-29",1726,"N20","nominal","2.0NRT",289.51,0.85,"N"
"1934",35.16265,112.57395,297.87,0.49,0.65,"2025-09-29",1726,"N20","nominal","2.0NRT",287.83,0.71,"N"
"1935",35.0071,108.9669,297.3,0.78,0.78,"2025-09-29",1726,"N20","nominal","2.0NRT",283.42,1.18,"N"
"1936",35.03299,109.02176,298.63,0.77,0.78,"2025-09-29",1726,"N20","nominal","2.0NRT",283.86,1.41,"N"
"1937",35.01241,108.97073,298.8,0.78,0.78,"2025-09-29",1726,"N20","nominal","2.0NRT",284.02,1.59,"N"
"1938",34.93155,109.05206,295.33,0.77,0.77,"2025-09-29",1726,"N20","nominal","2.0NRT",284.67,1.76,"N"
"1939",34.92904,109.04836,296.18,0.77,0.77,"2025-09-29",1726,"N20","nominal","2.0NRT",285.64,1.53,"N"
"1940",34.65635,113.3672,301.36,0.43,0.62,"2025-09-29",1726,"N20","nominal","2.0NRT",287.77,0.88,"N"
"1941",34.32605,112.89544,298.9,0.46,0.63,"2025-09-29",1726,"N20","nominal","2.0NRT",285.44,0.32,"N"
"1942",31.44881,121.42245,303.81,0.44,0.39,"2025-09-29",1728,"N20","nominal","2.0NRT",287.95,1.53,"N"
"1943",31.44937,121.41993,298.9,0.44,0.39,"2025-09-29",1728,"N20","nominal","2.0NRT",286.2,0.72,"N"
"1944",31.43567,121.44123,297.07,0.44,0.39,"2025-09-29",1728,"N20","nominal","2.0NRT",285.68,0.79,"N"
"1945",28.33366,117.21808,309,0.44,0.46,"2025-09-29",1728,"N20","nominal","2.0NRT",293.08,2.79,"N"
"1946",28.33269,117.22711,314.6,0.44,0.46,"2025-09-29",1728,"N20","nominal","2.0NRT",293.12,3.46,"N"
"1947",26.6137,127.92447,306.61,0.52,0.42,"2025-09-29",1728,"N20","nominal","2.0NRT",294.35,1.93,"N"
"1948",26.331,127.84789,307.97,0.52,0.42,"2025-09-29",1728,"N20","nominal","2.0NRT",294.08,1.37,"N"
"1949",26.32724,127.84702,310.55,0.52,0.42,"2025-09-29",1728,"N20","nominal","2.0NRT",294.09,1.37,"N"
"1950",26.25957,117.60676,311.51,0.39,0.44,"2025-09-29",1728,"N20","nominal","2.0NRT",289.12,2.64,"N"
"1951",25.6284,113.02389,303.11,0.37,0.58,"2025-09-29",1730,"N20","nominal","2.0NRT",291.63,0.39,"N"
"1952",25.18547,116.71985,309.52,0.43,0.46,"2025-09-29",1730,"N20","nominal","2.0NRT",289.78,0.73,"N"
"1953",25.46537,113.02097,303.03,0.37,0.58,"2025-09-29",1730,"N20","nominal","2.0NRT",291.06,0.74,"N"
"1954",24.27186,113.41226,307.06,0.34,0.56,"2025-09-29",1730,"N20","nominal","2.0NRT",291.12,0.8,"N"
"1955",24.27154,113.41559,305.94,0.34,0.56,"2025-09-29",1730,"N20","nominal","2.0NRT",291.58,0.8,"N"
"1956",24.25705,113.40381,304.23,0.34,0.56,"2025-09-29",1730,"N20","nominal","2.0NRT",290.95,0.86,"N"
"1957",24.25189,113.40331,311.84,0.34,0.56,"2025-09-29",1730,"N20","nominal","2.0NRT",289.4,0.86,"N"
"1958",24.17334,112.75993,305.69,0.37,0.58,"2025-09-29",1730,"N20","nominal","2.0NRT",291.26,0.83,"N"
"1959",22.54688,120.35021,305.83,0.41,0.37,"2025-09-29",1730,"N20","nominal","2.0NRT",294.14,1.44,"N"
"1960",52.18477,143.06982,311.62,0.48,0.48,"2025-09-29",1720,"N20","nominal","2.0NRT",273.78,2.06,"N"
"1961",52.14062,143.01558,295.33,0.48,0.48,"2025-09-29",1720,"N20","nominal","2.0NRT",277.28,0.82,"N"
"1962",22.53612,120.35246,306.88,0.41,0.37,"2025-09-29",1730,"N20","nominal","2.0NRT",295.64,3.39,"N"
"1963",23.33083,113.14288,303.91,0.34,0.56,"2025-09-29",1730,"N20","nominal","2.0NRT",286.68,2.3,"N"
"1964",51.41946,143.3709,295.15,0.52,0.5,"2025-09-29",1720,"N20","nominal","2.0NRT",278.25,4.85,"N"
"1965",23.0539,111.99679,302.08,0.4,0.6,"2025-09-29",1730,"N20","nominal","2.0NRT",282.35,1.4,"N"
"1966",51.41523,143.36789,351.72,0.52,0.5,"2025-09-29",1720,"N20","nominal","2.0NRT",277.82,4.85,"N"
"1967",22.37184,111.96011,301.91,0.4,0.6,"2025-09-29",1730,"N20","nominal","2.0NRT",283.18,1.11,"N"
"1968",51.69458,135.73984,299.84,0.43,0.38,"2025-09-29",1722,"N20","nominal","2.0NRT",274.63,0.72,"N"
"1969",20.81559,108.89098,315.08,0.6,0.71,"2025-09-29",1730,"N20","nominal","2.0NRT",272.4,2.75,"N"
"1970",51.17419,136.63344,326.6,0.46,0.39,"2025-09-29",1722,"N20","nominal","2.0NRT",280.14,7.28,"N"
"1971",20.81508,108.89686,307.45,0.6,0.71,"2025-09-29",1730,"N20","nominal","2.0NRT",274.29,2.75,"N"
"1972",50.88221,134.25682,298.23,0.41,0.37,"2025-09-29",1722,"N20","nominal","2.0NRT",279.89,1.03,"N"
"1973",14.01178,121.00056,306.22,0.39,0.36,"2025-09-29",1732,"N20","nominal","2.0NRT",284.18,1.68,"N"
"1974",50.88118,134.26242,302.83,0.41,0.37,"2025-09-29",1722,"N20","nominal","2.0NRT",280.58,1.26,"N"
"1975",14.00848,120.99995,303.8,0.39,0.36,"2025-09-29",1732,"N20","nominal","2.0NRT",282.61,1.68,"N"
"1976",50.20672,126.79778,299.07,0.45,0.39,"2025-09-29",1722,"N20","nominal","2.0NRT",281.25,0.63,"N"
"1977",46.62888,142.90648,297.15,0.35,0.57,"2025-09-29",1722,"N20","nominal","2.0NRT",278.03,1.07,"N"
"1978",46.62767,142.91072,303.01,0.35,0.57,"2025-09-29",1722,"N20","nominal","2.0NRT",280.1,1.34,"N"
"1979",47.49389,129.27081,296.09,0.39,0.36,"2025-09-29",1722,"N20","nominal","2.0NRT",283.12,0.5,"N"
"1980",47.23326,130.19563,296.8,0.38,0.36,"2025-09-29",1722,"N20","nominal","2.0NRT",282.38,0.53,"N"
"1981",46.78575,130.43393,295.59,0.39,0.36,"2025-09-29",1722,"N20","nominal","2.0NRT",284.28,0.67,"N"
"1982",46.60432,131.08614,325.34,0.39,0.36,"2025-09-29",1722,"N20","nominal","2.0NRT",283.64,1.65,"N"
"1983",46.60518,131.08113,309.45,0.39,0.36,"2025-09-29",1722,"N20","nominal","2.0NRT",281.36,1.65,"N"
"1984",46.60362,131.06992,295.13,0.39,0.36,"2025-09-29",1722,"N20","nominal","2.0NRT",281.26,0.27,"N"
"1985",46.60036,131.06874,302.22,0.39,0.36,"2025-09-29",1722,"N20","nominal","2.0NRT",282.08,0.58,"N"
"1986",46.59984,131.03116,296.21,0.39,0.36,"2025-09-29",1722,"N20","nominal","2.0NRT",281.9,0.3,"N"
"1987",46.71851,129.59296,304.97,0.38,0.36,"2025-09-29",1722,"N20","nominal","2.0NRT",281.91,0.93,"N"
"1988",47.18343,123.57127,299.23,0.53,0.42,"2025-09-29",1722,"N20","nominal","2.0NRT",283.64,0.57,"N"
"1989",46.16272,130.8477,299.2,0.39,0.36,"2025-09-29",1722,"N20","nominal","2.0NRT",279.64,0.47,"N"
"1990",45.90561,131.32022,299.98,0.4,0.37,"2025-09-29",1722,"N20","nominal","2.0NRT",279.93,1.23,"N"
"1991",45.79138,131.20238,300.28,0.4,0.37,"2025-09-29",1724,"N20","nominal","2.0NRT",281.75,0.53,"N"
"1992",45.79617,130.92203,301.51,0.39,0.36,"2025-09-29",1724,"N20","nominal","2.0NRT",280.55,0.8,"N"
"1993",45.74901,131.07405,303.51,0.4,0.37,"2025-09-29",1724,"N20","nominal","2.0NRT",283.23,1.05,"N"
"1994",45.35835,130.96599,303.47,0.4,0.37,"2025-09-29",1724,"N20","nominal","2.0NRT",283.18,0.85,"N"
"1995",45.27947,131.01759,303.25,0.4,0.37,"2025-09-29",1724,"N20","nominal","2.0NRT",278.55,0.85,"N"
"1996",45.11265,130.58928,308.56,0.39,0.36,"2025-09-29",1724,"N20","nominal","2.0NRT",280.3,1.4,"N"
"1997",45.08606,130.56754,295.99,0.39,0.36,"2025-09-29",1724,"N20","nominal","2.0NRT",281.94,0.77,"N"
"1998",44.53821,132.75385,305.69,0.44,0.39,"2025-09-29",1724,"N20","nominal","2.0NRT",281.07,1.44,"N"
"1999",44.53476,132.75255,304.8,0.44,0.39,"2025-09-29",1724,"N20","nominal","2.0NRT",279.05,1.44,"N"
"2000",45.74483,124.23973,295.12,0.48,0.4,"2025-09-29",1724,"N20","nominal","2.0NRT",279.6,0.84,"N"
"2001",45.71566,124.26473,297.43,0.48,0.4,"2025-09-29",1724,"N20","nominal","2.0NRT",284.24,0.53,"N"
"2002",45.69271,124.33534,296.08,0.48,0.4,"2025-09-29",1724,"N20","nominal","2.0NRT",284.18,0.31,"N"
"2003",45.69456,124.28521,297.62,0.48,0.4,"2025-09-29",1724,"N20","nominal","2.0NRT",284.68,0.47,"N"
"2004",45.69271,124.23402,296.91,0.48,0.4,"2025-09-29",1724,"N20","nominal","2.0NRT",282.43,0.55,"N"
"2005",45.30104,127.2768,295.16,0.4,0.37,"2025-09-29",1724,"N20","nominal","2.0NRT",283.08,0.51,"N"
"2006",45.75255,115.72002,295.45,0.4,0.6,"2025-09-29",1724,"N20","nominal","2.0NRT",281.9,1.09,"N"
"2007",41.81916,140.62909,307.53,0.38,0.59,"2025-09-29",1724,"N20","nominal","2.0NRT",286.29,1.17,"N"
"2008",44.77273,123.50482,295.61,0.5,0.41,"2025-09-29",1724,"N20","nominal","2.0NRT",285.2,0.53,"N"
"2009",44.33057,125.34322,296.7,0.43,0.38,"2025-09-29",1724,"N20","nominal","2.0NRT",275.6,0.32,"N"
"2010",22.22609,84.74838,305,0.52,0.67,"2025-09-29",1910,"N20","nominal","2.0NRT",286.59,1.48,"N"
"2011",22.21951,84.75295,304.81,0.52,0.67,"2025-09-29",1910,"N20","nominal","2.0NRT",286.5,1.48,"N"
"2012",22.21106,84.85936,305.26,0.51,0.66,"2025-09-29",1910,"N20","nominal","2.0NRT",286.98,2.17,"N"
"2013",22.22637,84.75098,303.27,0.52,0.67,"2025-09-29",1910,"N20","nominal","2.0NRT",286.69,1.67,"N"
"2014",40.6544,109.75701,298.68,0.44,0.46,"2025-09-29",1906,"N20","nominal","2.0NRT",283.41,1.83,"N"
"2015",22.2202,84.75043,306.23,0.52,0.67,"2025-09-29",1910,"N20","nominal","2.0NRT",286.71,1.65,"N"
"2016",22.13511,85.37888,301.11,0.47,0.64,"2025-09-29",1910,"N20","nominal","2.0NRT",285.42,0.75,"N"
"2017",40.6537,109.7406,303.69,0.43,0.46,"2025-09-29",1906,"N20","nominal","2.0NRT",285.69,2.18,"N"
"2018",21.9697,85.30988,301.33,0.48,0.64,"2025-09-29",1910,"N20","nominal","2.0NRT",284.24,1.16,"N"
"2019",21.97204,85.31173,303.3,0.48,0.64,"2025-09-29",1910,"N20","nominal","2.0NRT",285.2,1.25,"N"
"2020",58.28198,88.16004,296.89,0.55,0.68,"2025-09-29",1902,"N20","nominal","2.0NRT",266.19,0.92,"N"
"2021",40.65298,109.72427,303.77,0.43,0.46,"2025-09-29",1906,"N20","nominal","2.0NRT",286.74,0.88,"N"
"2022",21.93222,85.21806,306.94,0.48,0.65,"2025-09-29",1910,"N20","nominal","2.0NRT",285.5,2.24,"N"
"2023",22.04217,83.72892,306.5,0.6,0.71,"2025-09-29",1910,"N20","nominal","2.0NRT",285.23,2.72,"N"
"2024",40.64962,109.73901,299.3,0.43,0.46,"2025-09-29",1906,"N20","nominal","2.0NRT",286.34,1.25,"N"
"2025",56.23174,90.40739,312.91,0.45,0.63,"2025-09-29",1902,"N20","nominal","2.0NRT",276.35,2.37,"N"
"2026",22.04171,83.73481,311.98,0.6,0.71,"2025-09-29",1910,"N20","nominal","2.0NRT",286,3.64,"N"
"2027",22.03747,83.34814,302.12,0.64,0.72,"2025-09-29",1910,"N20","nominal","2.0NRT",284.83,1.39,"N"
"2028",40.64554,109.73745,299.66,0.43,0.46,"2025-09-29",1906,"N20","nominal","2.0NRT",286.34,1.25,"N"
"2029",55.3066,85.58324,304.48,0.69,0.74,"2025-09-29",1902,"N20","nominal","2.0NRT",268.38,2.05,"N"
"2030",21.80189,85.56531,302.51,0.46,0.63,"2025-09-29",1910,"N20","nominal","2.0NRT",285.7,0.77,"N"
"2031",21.87822,83.54906,301.34,0.62,0.71,"2025-09-29",1910,"N20","nominal","2.0NRT",284.6,1.15,"N"
"2032",40.64102,109.75721,296.93,0.44,0.46,"2025-09-29",1906,"N20","nominal","2.0NRT",285.27,1.34,"N"
"2033",51.32291,108.48445,298.98,0.4,0.37,"2025-09-29",1904,"N20","nominal","2.0NRT",277.81,0.72,"N"
"2034",21.87962,83.55061,304.23,0.62,0.71,"2025-09-29",1910,"N20","nominal","2.0NRT",284.96,1.07,"N"
"2035",21.75781,84.01974,295.67,0.57,0.69,"2025-09-29",1910,"N20","nominal","2.0NRT",264.23,1.24,"N"
"2036",40.63989,109.76216,309.72,0.44,0.46,"2025-09-29",1906,"N20","nominal","2.0NRT",285.8,1.34,"N"
"2037",45.74746,124.23795,305.74,0.73,0.76,"2025-09-29",1904,"N20","nominal","2.0NRT",281.14,1.75,"N"
"2038",20.96313,86.00754,304.39,0.42,0.61,"2025-09-29",1910,"N20","nominal","2.0NRT",288.83,0.65,"N"
"2039",45.74691,124.2404,305.97,0.73,0.76,"2025-09-29",1904,"N20","nominal","2.0NRT",281.31,1.32,"N"
"2040",20.9654,86.00949,304.31,0.42,0.61,"2025-09-29",1910,"N20","nominal","2.0NRT",288.56,0.98,"N"
"2041",40.63807,109.75069,300.81,0.44,0.46,"2025-09-29",1906,"N20","nominal","2.0NRT",285.91,0.88,"N"
"2042",20.97447,85.17513,310.58,0.47,0.64,"2025-09-29",1910,"N20","nominal","2.0NRT",287.03,1.48,"N"
"2043",44.55684,121.01554,312.21,0.58,0.7,"2025-09-29",1904,"N20","nominal","2.0NRT",283.65,2.75,"N"
"2044",20.96936,85.16526,304.72,0.47,0.64,"2025-09-29",1910,"N20","nominal","2.0NRT",286.82,1.72,"N"
"2045",40.63625,109.73921,308.41,0.43,0.46,"2025-09-29",1906,"N20","nominal","2.0NRT",287.59,1.43,"N"
"2046",20.96894,85.1699,305.28,0.47,0.64,"2025-09-29",1910,"N20","nominal","2.0NRT",287.23,1.48,"N"
"2047",44.55442,121.01483,311.75,0.58,0.7,"2025-09-29",1904,"N20","nominal","2.0NRT",282.58,2.41,"N"
"2048",20.96258,85.17398,303.9,0.47,0.64,"2025-09-29",1910,"N20","nominal","2.0NRT",287.13,1.68,"N"
"2049",40.63218,109.73761,305.25,0.43,0.46,"2025-09-29",1906,"N20","nominal","2.0NRT",287.02,2.01,"N"
"2050",47.12787,107.87461,295.67,0.42,0.38,"2025-09-29",1904,"N20","nominal","2.0NRT",274.16,0.41,"N"
"2051",20.88635,84.98024,312.5,0.49,0.65,"2025-09-29",1910,"N20","nominal","2.0NRT",286.83,1.83,"N"
"2052",40.61945,109.75433,335.55,0.44,0.46,"2025-09-29",1906,"N20","nominal","2.0NRT",286.36,4.76,"N"
"2053",20.87308,84.99316,306.36,0.49,0.65,"2025-09-29",1910,"N20","nominal","2.0NRT",286.33,1.61,"N"
"2054",47.12553,107.86783,314.42,0.42,0.38,"2025-09-29",1904,"N20","nominal","2.0NRT",281.7,1.86,"N"
"2055",40.62626,109.72467,302.22,0.43,0.46,"2025-09-29",1906,"N20","nominal","2.0NRT",287.36,1.75,"N"
"2056",20.86709,84.99248,311.67,0.49,0.65,"2025-09-29",1910,"N20","nominal","2.0NRT",286.47,1.61,"N"
"2057",43.07169,116.7948,308.56,0.41,0.61,"2025-09-29",1904,"N20","nominal","2.0NRT",279.74,1.72,"N"
"2058",20.80795,85.25447,313.25,0.47,0.64,"2025-09-29",1910,"N20","nominal","2.0NRT",288.08,1.84,"N"
"2059",40.17077,111.41339,299.4,0.54,0.51,"2025-09-29",1906,"N20","nominal","2.0NRT",283.96,1.59,"N"
"2060",20.80982,85.25298,309.97,0.47,0.64,"2025-09-29",1910,"N20","nominal","2.0NRT",287.81,1.34,"N"
"2061",41.52546,120.36314,295.33,0.68,0.74,"2025-09-29",1904,"N20","nominal","2.0NRT",284.71,0.65,"N"
"2062",20.78581,85.25497,306.19,0.47,0.64,"2025-09-29",1910,"N20","nominal","2.0NRT",287.48,2.62,"N"
"2063",40.16637,111.41131,309.05,0.54,0.51,"2025-09-29",1906,"N20","nominal","2.0NRT",282.71,1.59,"N"
"2064",43.76373,111.90198,296.79,0.46,0.47,"2025-09-29",1904,"N20","nominal","2.0NRT",277.66,1.02,"N"
"2065",20.76438,85.29354,315.34,0.46,0.64,"2025-09-29",1910,"N20","nominal","2.0NRT",287.66,3.29,"N"
"2066",38.60773,117.05434,302.12,0.57,0.69,"2025-09-29",1906,"N20","nominal","2.0NRT",285.74,1.08,"N"
"2067",20.24667,86.59511,307.39,0.37,0.58,"2025-09-29",1910,"N20","nominal","2.0NRT",291.27,1.79,"N"
"2068",44.15871,108.28399,302.77,0.48,0.4,"2025-09-29",1904,"N20","nominal","2.0NRT",284.51,1.19,"N"
"2069",10.27471,104.61794,303.75,0.46,0.64,"2025-09-29",1913,"N20","nominal","2.0NRT",281.19,1,"N"
"2070",40.5231,117.60468,297.11,0.54,0.68,"2025-09-29",1906,"N20","nominal","2.0NRT",283.15,1.77,"N"
"2071",40.58081,109.35793,298.81,0.42,0.45,"2025-09-29",1906,"N20","nominal","2.0NRT",286.81,1.65,"N"
"2072",40.11387,118.73499,298.15,0.63,0.72,"2025-09-29",1906,"N20","nominal","2.0NRT",285.74,2.29,"N"
"2073",40.97594,106.85358,303.28,0.48,0.4,"2025-09-29",1906,"N20","nominal","2.0NRT",284.42,0.83,"N"
"2074",40.18044,118.05383,297.82,0.58,0.7,"2025-09-29",1906,"N20","nominal","2.0NRT",283.94,3.85,"N"
"2075",40.96765,106.85677,296.46,0.48,0.4,"2025-09-29",1906,"N20","nominal","2.0NRT",284.2,0.91,"N"
"2076",40.96741,106.83871,302.38,0.48,0.4,"2025-09-29",1906,"N20","nominal","2.0NRT",286.07,0.99,"N"
"2077",40.17846,118.0601,297.99,0.58,0.7,"2025-09-29",1906,"N20","nominal","2.0NRT",283.8,4,"N"
"2078",40.96049,106.85427,306.95,0.48,0.4,"2025-09-29",1906,"N20","nominal","2.0NRT",285.59,1.47,"N"
"2079",44.86128,90.93154,310.4,0.37,0.58,"2025-09-29",1906,"N20","nominal","2.0NRT",281.58,1.07,"N"
"2080",40.9358,106.78635,299.93,0.48,0.4,"2025-09-29",1906,"N20","nominal","2.0NRT",287.5,1.13,"N"
"2081",40.17804,118.05238,302.38,0.58,0.7,"2025-09-29",1906,"N20","nominal","2.0NRT",285.13,1.89,"N"
"2082",42.71049,93.56554,298.49,0.51,0.5,"2025-09-29",1906,"N20","nominal","2.0NRT",285.71,1.24,"N"
"2083",40.17609,118.05867,300.88,0.58,0.7,"2025-09-29",1906,"N20","nominal","2.0NRT",284.13,1.89,"N"
"2084",44.85843,90.93014,308.82,0.36,0.58,"2025-09-29",1906,"N20","nominal","2.0NRT",283.16,1.43,"N"
"2085",42.7151,93.43675,296.06,0.52,0.5,"2025-09-29",1906,"N20","nominal","2.0NRT",284.26,0.73,"N"
"2086",44.85287,90.93427,305.92,0.36,0.58,"2025-09-29",1906,"N20","nominal","2.0NRT",284.02,1.43,"N"
"2087",42.70592,93.56485,300.26,0.51,0.5,"2025-09-29",1906,"N20","nominal","2.0NRT",284.03,1.24,"N"
"2088",44.84666,90.95226,303.42,0.36,0.58,"2025-09-29",1906,"N20","nominal","2.0NRT",283.9,1.37,"N"
"2089",42.71186,93.41686,299,0.52,0.5,"2025-09-29",1906,"N20","nominal","2.0NRT",283.44,1.36,"N"
"2090",42.70318,93.53864,300.99,0.52,0.5,"2025-09-29",1906,"N20","nominal","2.0NRT",287.15,1.8,"N"
"2091",44.84644,90.9569,301.23,0.36,0.58,"2025-09-29",1906,"N20","nominal","2.0NRT",285.08,1.49,"N"
"2092",44.8962,89.23382,300.3,0.44,0.63,"2025-09-29",1906,"N20","nominal","2.0NRT",287,1.31,"N"
"2093",42.70272,93.54504,302.34,0.52,0.5,"2025-09-29",1906,"N20","nominal","2.0NRT",287.2,1.6,"N"
"2094",39.9224,118.66289,295.43,0.63,0.72,"2025-09-29",1906,"N20","nominal","2.0NRT",285.19,0.8,"N"
"2095",42.70181,93.55778,296.91,0.51,0.5,"2025-09-29",1906,"N20","nominal","2.0NRT",284.13,1.06,"N"
"2096",39.91224,118.67208,296.14,0.63,0.72,"2025-09-29",1906,"N20","nominal","2.0NRT",285.75,2.09,"N"
"2097",42.70135,93.56415,298.42,0.51,0.5,"2025-09-29",1906,"N20","nominal","2.0NRT",285.7,1.06,"N"
"2098",44.72764,90.25748,322.13,0.39,0.6,"2025-09-29",1906,"N20","nominal","2.0NRT",285.52,1.58,"N"
"2099",42.6986,93.53796,299.54,0.52,0.5,"2025-09-29",1906,"N20","nominal","2.0NRT",285.5,1.8,"N"
"2100",44.72212,90.25702,310.14,0.39,0.6,"2025-09-29",1906,"N20","nominal","2.0NRT",284.85,1.58,"N"
"2101",42.71059,93.56468,295.19,0.51,0.5,"2025-09-29",1906,"N20","nominal","2.0NRT",284.79,1.7,"N"
"2102",39.67073,118.88407,297.42,0.66,0.73,"2025-09-29",1906,"N20","nominal","2.0NRT",285.28,0.54,"N"
"2103",39.66681,118.88276,300.88,0.66,0.73,"2025-09-29",1906,"N20","nominal","2.0NRT",286.53,2.68,"N"
"2104",42.70602,93.56399,300.58,0.51,0.5,"2025-09-29",1906,"N20","nominal","2.0NRT",284.66,1.17,"N"
"2105",44.68034,89.07832,297.51,0.45,0.63,"2025-09-29",1906,"N20","nominal","2.0NRT",286.45,1.61,"N"
"2106",42.70343,93.53784,298.83,0.52,0.5,"2025-09-29",1906,"N20","nominal","2.0NRT",286.06,2.29,"N"
"2107",39.82072,118.19569,301.97,0.6,0.71,"2025-09-29",1906,"N20","nominal","2.0NRT",279.83,0.95,"N"
"2108",42.70145,93.56331,305.51,0.51,0.5,"2025-09-29",1906,"N20","nominal","2.0NRT",286.06,1.17,"N"
"2109",39.61254,118.46762,300.32,0.63,0.72,"2025-09-29",1906,"N20","nominal","2.0NRT",288.98,3.14,"N"
"2110",42.69885,93.53716,296.82,0.52,0.5,"2025-09-29",1906,"N20","nominal","2.0NRT",285.24,0.91,"N"
"2111",44.33522,93.26608,319.76,0.55,0.51,"2025-09-29",1906,"N20","nominal","2.0NRT",287.11,3.66,"N"
"2112",42.69836,93.54355,297.67,0.51,0.5,"2025-09-29",1906,"N20","nominal","2.0NRT",285.13,0.91,"N"
"2113",44.46892,90.65964,296.12,0.37,0.58,"2025-09-29",1906,"N20","nominal","2.0NRT",281.3,0.59,"N"
"2114",42.70896,93.34397,295.22,0.53,0.5,"2025-09-29",1906,"N20","nominal","2.0NRT",285.08,0.72,"N"
"2115",44.33004,93.27251,319.8,0.55,0.51,"2025-09-29",1906,"N20","nominal","2.0NRT",286.72,2.82,"N"
"2116",42.707,93.36987,307.34,0.53,0.5,"2025-09-29",1906,"N20","nominal","2.0NRT",286.76,1.61,"N"
"2117",39.48852,118.69464,297.25,0.65,0.73,"2025-09-29",1906,"N20","nominal","2.0NRT",285.71,1.52,"N"
"2118",44.32903,93.27319,309.24,0.55,0.51,"2025-09-29",1906,"N20","nominal","2.0NRT",285.75,2.37,"N"
"2119",42.85688,88.00522,295.98,0.5,0.66,"2025-09-29",1906,"N20","nominal","2.0NRT",284.93,0.77,"N"
"2120",39.61329,118.46855,300.84,0.63,0.72,"2025-09-29",1906,"N20","nominal","2.0NRT",288.81,2.5,"N"
"2121",42.82246,87.92051,301.51,0.5,0.66,"2025-09-29",1906,"N20","nominal","2.0NRT",286.5,1.26,"N"
"2122",44.4669,90.66319,302.3,0.37,0.58,"2025-09-29",1906,"N20","nominal","2.0NRT",281.83,0.93,"N"
"2123",38.57354,114.94419,307.72,0.45,0.63,"2025-09-29",1906,"N20","nominal","2.0NRT",288.78,1.84,"N"
"2124",39.60283,118.47895,296.71,0.63,0.72,"2025-09-29",1906,"N20","nominal","2.0NRT",286.49,3.06,"N"
"2125",38.57217,114.94907,310.59,0.45,0.63,"2025-09-29",1906,"N20","nominal","2.0NRT",290.03,2.19,"N"
"2126",39.49052,118.69642,298.18,0.65,0.73,"2025-09-29",1906,"N20","nominal","2.0NRT",285.69,1,"N"
"2127",38.56807,114.94165,309.57,0.45,0.63,"2025-09-29",1906,"N20","nominal","2.0NRT",288.03,1.42,"N"
"2128",39.46606,118.25467,299.77,0.62,0.72,"2025-09-29",1906,"N20","nominal","2.0NRT",288.61,2.7,"N"
"2129",39.46393,118.26142,299.96,0.62,0.72,"2025-09-29",1906,"N20","nominal","2.0NRT",286.19,2.22,"N"
"2130",39.22647,112.39334,304.85,0.32,0.55,"2025-09-29",1906,"N20","nominal","2.0NRT",283.04,0.76,"N"
"2131",40.78328,113.25323,298.15,0.32,0.55,"2025-09-29",1906,"N20","nominal","2.0NRT",281.15,0.86,"N"
"2132",40.14287,115.26491,303.04,0.42,0.61,"2025-09-29",1906,"N20","nominal","2.0NRT",282.87,1.13,"N"
"2133",38.94949,112.67891,300.53,0.34,0.56,"2025-09-29",1906,"N20","nominal","2.0NRT",284.54,0.86,"N"
"2134",44.05608,88.99866,296.25,0.45,0.63,"2025-09-29",1906,"N20","nominal","2.0NRT",281.31,0.44,"N"
"2135",38.94848,112.68279,301.16,0.34,0.56,"2025-09-29",1906,"N20","nominal","2.0NRT",286.22,0.86,"N"
"2136",44.05023,88.99841,297.94,0.45,0.63,"2025-09-29",1906,"N20","nominal","2.0NRT",282.35,0.64,"N"
"2137",39.43468,110.59238,296.07,0.51,0.49,"2025-09-29",1906,"N20","nominal","2.0NRT",281.13,1.93,"N"
"2138",43.70383,95.03024,304.05,0.45,0.47,"2025-09-29",1906,"N20","nominal","2.0NRT",288.78,0.85,"N"
"2139",43.69431,95.04001,324.01,0.45,0.47,"2025-09-29",1906,"N20","nominal","2.0NRT",292.14,2.42,"N"
"2140",39.39488,110.65803,295.23,0.52,0.5,"2025-09-29",1906,"N20","nominal","2.0NRT",283.04,1.34,"N"
"2141",43.69477,95.03448,309.96,0.45,0.47,"2025-09-29",1906,"N20","nominal","2.0NRT",288.05,2.42,"N"
"2142",39.40697,110.49902,297.13,0.51,0.49,"2025-09-29",1906,"N20","nominal","2.0NRT",281.34,1.24,"N"
"2143",43.69141,95.02274,301.51,0.45,0.47,"2025-09-29",1906,"N20","nominal","2.0NRT",288.38,1.32,"N"
"2144",43.69095,95.02828,313.14,0.45,0.47,"2025-09-29",1906,"N20","nominal","2.0NRT",291.51,1.32,"N"
"2145",39.39225,110.56139,295.42,0.51,0.49,"2025-09-29",1906,"N20","nominal","2.0NRT",282.72,1.43,"N"
"2146",43.68991,94.98877,328.69,0.45,0.47,"2025-09-29",1906,"N20","nominal","2.0NRT",291.67,3.96,"N"
"2147",39.27347,111.05912,296.36,0.54,0.51,"2025-09-29",1906,"N20","nominal","2.0NRT",285.69,1.41,"N"
"2148",43.68666,95.02763,305.4,0.45,0.47,"2025-09-29",1906,"N20","nominal","2.0NRT",289.83,1.51,"N"
"2149",38.78891,112.75858,304.33,0.34,0.56,"2025-09-29",1906,"N20","nominal","2.0NRT",284.21,1.33,"N"
"2150",43.68283,95.02144,302.04,0.45,0.47,"2025-09-29",1906,"N20","nominal","2.0NRT",291.54,1.51,"N"
"2151",43.67854,95.0208,337.79,0.45,0.47,"2025-09-29",1906,"N20","nominal","2.0NRT",301.59,10.34,"N"
"2152",38.40285,114.14768,300.45,0.41,0.61,"2025-09-29",1906,"N20","nominal","2.0NRT",287.95,2.81,"N"
"2153",43.68177,94.98192,303.59,0.45,0.47,"2025-09-29",1906,"N20","nominal","2.0NRT",288.93,1.71,"N"
"2154",38.39876,114.14095,308.75,0.41,0.61,"2025-09-29",1906,"N20","nominal","2.0NRT",291.43,2.24,"N"
"2155",43.68131,94.98749,317.49,0.45,0.47,"2025-09-29",1906,"N20","nominal","2.0NRT",291.9,1.81,"N"
"2156",43.679,95.01526,302.44,0.45,0.47,"2025-09-29",1906,"N20","nominal","2.0NRT",288.16,5.62,"N"
"2157",38.38931,114.13204,298.67,0.41,0.61,"2025-09-29",1906,"N20","nominal","2.0NRT",286.37,1.2,"N"
"2158",43.67563,95.00352,320.88,0.45,0.47,"2025-09-29",1906,"N20","nominal","2.0NRT",291.06,3.3,"N"
"2159",43.67839,94.97016,309.24,0.45,0.47,"2025-09-29",1906,"N20","nominal","2.0NRT",290.04,1.79,"N"
"2160",38.38989,114.13243,298.11,0.41,0.61,"2025-09-29",1906,"N20","nominal","2.0NRT",286.36,0.85,"N"
"2161",39.22821,110.40107,297.8,0.51,0.49,"2025-09-29",1906,"N20","nominal","2.0NRT",281.4,1.51,"N"
"2162",43.67179,94.99734,301.1,0.45,0.47,"2025-09-29",1906,"N20","nominal","2.0NRT",285.68,0.69,"N"
"2163",39.21559,110.424,296.43,0.51,0.49,"2025-09-29",1906,"N20","nominal","2.0NRT",283.06,0.99,"N"
"2164",43.67133,95.00288,297.77,0.45,0.47,"2025-09-29",1906,"N20","nominal","2.0NRT",287.19,0.69,"N"
"2165",43.85598,87.32169,303.77,0.55,0.68,"2025-09-29",1906,"N20","nominal","2.0NRT",287.05,2.18,"N"
"2166",39.08504,110.77077,301.9,0.53,0.5,"2025-09-29",1906,"N20","nominal","2.0NRT",283.7,2.18,"N"
"2167",39.05787,110.66216,301.36,0.53,0.5,"2025-09-29",1906,"N20","nominal","2.0NRT",279.41,1.58,"N"
"2168",43.85588,87.32854,296.61,0.55,0.68,"2025-09-29",1906,"N20","nominal","2.0NRT",286.58,1.4,"N"
"2169",39.13186,110.33591,296.9,0.5,0.49,"2025-09-29",1906,"N20","nominal","2.0NRT",282.13,1.01,"N"
"2170",43.75087,89.82112,310.21,0.41,0.6,"2025-09-29",1906,"N20","nominal","2.0NRT",282.77,1.63,"N"
"2171",39.91016,106.79296,304.59,0.5,0.41,"2025-09-29",1906,"N20","nominal","2.0NRT",289.81,2.59,"N"
"2172",39.90996,106.7749,296.64,0.5,0.41,"2025-09-29",1906,"N20","nominal","2.0NRT",286.52,1.17,"N"
"2173",43.85305,87.32475,299.3,0.55,0.68,"2025-09-29",1906,"N20","nominal","2.0NRT",285.06,1.32,"N"
"2174",39.90872,106.79129,298.33,0.5,0.41,"2025-09-29",1906,"N20","nominal","2.0NRT",286.32,1.14,"N"
"2175",41.08876,110.02646,296.11,0.44,0.46,"2025-09-29",1906,"N20","nominal","2.0NRT",278.15,1.13,"N"
"2176",39.86301,106.90274,299.53,0.5,0.41,"2025-09-29",1906,"N20","nominal","2.0NRT",286.34,1.43,"N"
"2177",43.74712,89.82138,308.41,0.41,0.6,"2025-09-29",1906,"N20","nominal","2.0NRT",281.27,1.48,"N"
"2178",39.86393,106.87883,297.3,0.5,0.41,"2025-09-29",1906,"N20","nominal","2.0NRT",284.06,1.65,"N"
"2179",40.97233,110.08537,304.59,0.44,0.46,"2025-09-29",1906,"N20","nominal","2.0NRT",284.63,1.69,"N"
"2180",39.86028,106.87755,302.42,0.5,0.41,"2025-09-29",1906,"N20","nominal","2.0NRT",285.32,1.48,"N"
"2181",40.97315,110.08404,298.11,0.44,0.46,"2025-09-29",1906,"N20","nominal","2.0NRT",281.33,1.86,"N"
"2182",39.02155,110.67123,295.57,0.53,0.5,"2025-09-29",1906,"N20","nominal","2.0NRT",283.83,1.05,"N"
"2183",39.87231,106.77906,309.3,0.5,0.41,"2025-09-29",1906,"N20","nominal","2.0NRT",285.01,1.85,"N"
"2184",40.99891,109.79359,297.19,0.43,0.46,"2025-09-29",1906,"N20","nominal","2.0NRT",279.29,0.54,"N"
"2185",39.84612,106.90897,295.78,0.5,0.41,"2025-09-29",1906,"N20","nominal","2.0NRT",283.82,1.04,"N"
"2186",43.67753,87.45145,325.85,0.54,0.68,"2025-09-29",1906,"N20","nominal","2.0NRT",280.85,4.14,"N"
"2187",38.16468,113.47829,297.83,0.39,0.59,"2025-09-29",1906,"N20","nominal","2.0NRT",281.91,0.67,"N"
"2188",43.67741,87.4581,298.8,0.54,0.68,"2025-09-29",1906,"N20","nominal","2.0NRT",280.98,3.43,"N"
"2189",36.94853,117.62524,296.67,0.69,0.74,"2025-09-29",1906,"N20","nominal","2.0NRT",285.97,0.91,"N"
"2190",40.69091,110.20338,296.08,0.46,0.47,"2025-09-29",1906,"N20","nominal","2.0NRT",281.29,1.05,"N"
"2191",41.82464,88.86847,298.73,0.44,0.63,"2025-09-29",1906,"N20","nominal","2.0NRT",283.93,0.87,"N"
"2192",40.57895,110.60501,302.88,0.48,0.48,"2025-09-29",1906,"N20","nominal","2.0NRT",284.33,1.3,"N"
"2193",41.8237,88.89507,309.16,0.44,0.62,"2025-09-29",1906,"N20","nominal","2.0NRT",287.2,1.79,"N"
"2194",41.82351,88.90033,309.61,0.44,0.62,"2025-09-29",1906,"N20","nominal","2.0NRT",288.26,1.79,"N"
"2195",41.8247,88.86832,298.39,0.44,0.62,"2025-09-29",1906,"N20","nominal","2.0NRT",283.17,1.45,"N"
"2196",41.82362,88.89487,304.81,0.44,0.62,"2025-09-29",1906,"N20","nominal","2.0NRT",286.89,2.91,"N"
"2197",41.82341,88.90011,314.7,0.44,0.62,"2025-09-29",1906,"N20","nominal","2.0NRT",288.99,3.59,"N"
"2198",38.18227,113.01334,299.62,0.37,0.58,"2025-09-29",1906,"N20","nominal","2.0NRT",281.73,0.51,"N"
"2199",39.46491,107.12895,297.27,0.52,0.42,"2025-09-29",1906,"N20","nominal","2.0NRT",285.53,1.22,"N"
"2200",37.88949,113.66376,295.49,0.4,0.6,"2025-09-29",1906,"N20","nominal","2.0NRT",285.31,0.43,"N"
"2201",38.73555,110.18252,308.24,0.51,0.49,"2025-09-29",1906,"N20","nominal","2.0NRT",284.61,2.65,"N"
"2202",39.53014,106.52082,298.58,0.49,0.4,"2025-09-29",1906,"N20","nominal","2.0NRT",287.98,1.18,"N"
"2203",39.52765,106.51406,298.32,0.49,0.4,"2025-09-29",1906,"N20","nominal","2.0NRT",286.16,1.18,"N"
"2204",39.47878,106.69663,298.83,0.5,0.41,"2025-09-29",1906,"N20","nominal","2.0NRT",286.44,0.97,"N"
"2205",39.47769,106.69505,298.4,0.5,0.41,"2025-09-29",1906,"N20","nominal","2.0NRT",286.4,1.11,"N"
"2206",39.46811,106.70398,303.84,0.5,0.41,"2025-09-29",1906,"N20","nominal","2.0NRT",288.63,2.47,"N"
"2207",39.46446,106.70273,326.79,0.5,0.41,"2025-09-29",1906,"N20","nominal","2.0NRT",288.33,2.47,"N"
"2208",39.46176,106.67731,307.19,0.5,0.41,"2025-09-29",1906,"N20","nominal","2.0NRT",288.72,1.91,"N"
"2209",39.38858,106.90337,296.88,0.51,0.41,"2025-09-29",1906,"N20","nominal","2.0NRT",284.58,0.85,"N"
"2210",39.38488,106.90215,301.97,0.51,0.41,"2025-09-29",1906,"N20","nominal","2.0NRT",286.85,0.85,"N"
"2211",39.37301,106.96016,301.15,0.52,0.41,"2025-09-29",1906,"N20","nominal","2.0NRT",284.56,1.11,"N"
"2212",39.37182,106.96597,301.23,0.52,0.41,"2025-09-29",1906,"N20","nominal","2.0NRT",287.24,1.71,"N"
"2213",39.41965,106.71201,320.67,0.5,0.41,"2025-09-29",1906,"N20","nominal","2.0NRT",284.71,2.13,"N"
"2214",39.38359,106.88915,323.2,0.51,0.41,"2025-09-29",1906,"N20","nominal","2.0NRT",284.33,0.96,"N"
"2215",39.3693,106.95892,295.05,0.52,0.41,"2025-09-29",1906,"N20","nominal","2.0NRT",284.48,0.6,"N"
"2216",39.36812,106.96471,305.24,0.52,0.41,"2025-09-29",1906,"N20","nominal","2.0NRT",288.37,2.53,"N"
"2217",39.37393,106.91711,327.64,0.51,0.41,"2025-09-29",1906,"N20","nominal","2.0NRT",287.74,2.68,"N"
"2218",39.416,106.71075,297.53,0.5,0.41,"2025-09-29",1906,"N20","nominal","2.0NRT",285.38,2.13,"N"
"2219",39.37989,106.88797,297.77,0.51,0.41,"2025-09-29",1906,"N20","nominal","2.0NRT",282.83,0.96,"N"
"2220",39.37275,106.92288,305.02,0.51,0.41,"2025-09-29",1906,"N20","nominal","2.0NRT",283.7,2.68,"N"
"2221",39.4087,106.70824,305.08,0.5,0.41,"2025-09-29",1906,"N20","nominal","2.0NRT",286.64,1.73,"N"
"2222",39.36654,106.91463,295.74,0.51,0.41,"2025-09-29",1906,"N20","nominal","2.0NRT",283.94,0.86,"N"
"2223",39.35225,106.98411,298.68,0.52,0.41,"2025-09-29",1906,"N20","nominal","2.0NRT",284.85,1.82,"N"
"2224",39.33376,106.97776,321.18,0.52,0.41,"2025-09-29",1906,"N20","nominal","2.0NRT",287.12,2.66,"N"
"2225",39.33256,106.98355,298.16,0.52,0.41,"2025-09-29",1906,"N20","nominal","2.0NRT",282.55,2.66,"N"
"2226",39.32886,106.98226,331.2,0.52,0.41,"2025-09-29",1906,"N20","nominal","2.0NRT",286.57,2.66,"N"
"2227",39.35359,106.82427,296.7,0.51,0.41,"2025-09-29",1906,"N20","nominal","2.0NRT",282.35,0.93,"N"
"2228",39.28519,106.73195,296.75,0.51,0.41,"2025-09-29",1906,"N20","nominal","2.0NRT",282.77,1.21,"N"
"2229",37.93093,112.53967,313.71,0.35,0.57,"2025-09-29",1906,"N20","nominal","2.0NRT",285.6,1.82,"N"
"2230",37.91796,112.54691,323.3,0.35,0.57,"2025-09-29",1906,"N20","nominal","2.0NRT",290.42,2.76,"N"
"2231",39.1959,106.99242,303.59,0.52,0.42,"2025-09-29",1906,"N20","nominal","2.0NRT",288.22,2.5,"N"
"2232",39.19664,106.99172,301.99,0.52,0.42,"2025-09-29",1906,"N20","nominal","2.0NRT",287.62,2.88,"N"
"2233",39.18802,106.99508,299.98,0.52,0.42,"2025-09-29",1906,"N20","nominal","2.0NRT",285.43,1.26,"N"
"2234",39.21835,106.69014,308.71,0.51,0.41,"2025-09-29",1906,"N20","nominal","2.0NRT",284.97,1.63,"N"
"2235",39.21218,106.68191,301.67,0.51,0.41,"2025-09-29",1906,"N20","nominal","2.0NRT",287.48,1.26,"N"
"2236",39.211,106.68774,301.73,0.51,0.41,"2025-09-29",1906,"N20","nominal","2.0NRT",288.94,1.13,"N"
"2237",39.15587,106.62521,298.14,0.5,0.41,"2025-09-29",1906,"N20","nominal","2.0NRT",286.34,0.79,"N"
"2238",39.06822,106.9223,297.48,0.52,0.42,"2025-09-29",1906,"N20","nominal","2.0NRT",283.88,1.39,"N"
"2239",39.05478,106.94916,297.47,0.52,0.42,"2025-09-29",1906,"N20","nominal","2.0NRT",283.62,1.35,"N"
"2240",37.15916,114.53964,298.32,0.47,0.64,"2025-09-29",1906,"N20","nominal","2.0NRT",287.6,0.68,"N"
"2241",37.14244,114.53221,304.26,0.47,0.64,"2025-09-29",1906,"N20","nominal","2.0NRT",290.89,1.31,"N"
"2242",40.31852,99.08095,298.63,0.42,0.38,"2025-09-29",1906,"N20","nominal","2.0NRT",286.3,1.09,"N"
"2243",37.1427,114.53329,304.6,0.47,0.64,"2025-09-29",1906,"N20","nominal","2.0NRT",291.31,1.31,"N"
"2244",39.0589,106.11354,298.13,0.48,0.4,"2025-09-29",1906,"N20","nominal","2.0NRT",279.33,1.89,"N"
"2245",39.06516,106.06307,295.15,0.48,0.4,"2025-09-29",1906,"N20","nominal","2.0NRT",280.75,0.89,"N"
"2246",38.94754,106.46374,297.55,0.5,0.41,"2025-09-29",1906,"N20","nominal","2.0NRT",284.77,1.07,"N"
"2247",40.56621,95.74081,304.04,0.57,0.43,"2025-09-29",1906,"N20","nominal","2.0NRT",284.17,1.33,"N"
"2248",38.94389,106.46252,304.39,0.5,0.41,"2025-09-29",1906,"N20","nominal","2.0NRT",284.7,1.07,"N"
"2249",38.92903,106.43963,297.23,0.5,0.41,"2025-09-29",1906,"N20","nominal","2.0NRT",285.79,1.54,"N"
"2250",38.92173,106.43722,299.96,0.5,0.41,"2025-09-29",1906,"N20","nominal","2.0NRT",286.08,2.61,"N"
"2251",38.91582,106.44725,302.58,0.5,0.41,"2025-09-29",1906,"N20","nominal","2.0NRT",287.92,1.71,"N"
"2252",37.57617,112.26377,299.55,0.35,0.56,"2025-09-29",1906,"N20","nominal","2.0NRT",287.52,1.66,"N"
"2253",38.91444,106.43481,298.41,0.5,0.41,"2025-09-29",1906,"N20","nominal","2.0NRT",285.82,2.33,"N"
"2254",38.91217,106.44604,297.03,0.5,0.41,"2025-09-29",1906,"N20","nominal","2.0NRT",285.17,0.88,"N"
"2255",38.91103,106.45166,296.27,0.5,0.41,"2025-09-29",1906,"N20","nominal","2.0NRT",284.8,0.88,"N"
"2256",37.57315,112.25423,298.56,0.35,0.56,"2025-09-29",1906,"N20","nominal","2.0NRT",287.51,1.32,"N"
"2257",37.57209,112.23721,298.34,0.35,0.56,"2025-09-29",1906,"N20","nominal","2.0NRT",285.23,1.36,"N"
"2258",37.57111,112.24097,302.91,0.35,0.56,"2025-09-29",1906,"N20","nominal","2.0NRT",286.72,1.65,"N"
"2259",37.56429,112.26722,298.49,0.35,0.57,"2025-09-29",1906,"N20","nominal","2.0NRT",286.85,1.44,"N"
"2260",37.58392,112.17059,296.69,0.34,0.56,"2025-09-29",1906,"N20","nominal","2.0NRT",284.91,0.83,"N"
"2261",37.58284,112.17474,296.42,0.34,0.56,"2025-09-29",1906,"N20","nominal","2.0NRT",284.74,0.83,"N"
"2262",38.90098,106.42439,312.53,0.5,0.41,"2025-09-29",1906,"N20","nominal","2.0NRT",286.59,2.45,"N"
"2263",37.5572,112.23119,299.85,0.35,0.56,"2025-09-29",1906,"N20","nominal","2.0NRT",287.48,0.85,"N"
"2264",36.90126,114.59274,304.28,0.48,0.65,"2025-09-29",1906,"N20","nominal","2.0NRT",288.39,0.84,"N"
"2265",37.96432,110.15795,297.58,0.53,0.5,"2025-09-29",1906,"N20","nominal","2.0NRT",283.27,0.58,"N"
"2266",37.43705,112.12531,300.92,0.34,0.56,"2025-09-29",1906,"N20","nominal","2.0NRT",283.23,1.02,"N"
"2267",37.4361,112.12903,305.9,0.34,0.56,"2025-09-29",1906,"N20","nominal","2.0NRT",284.51,1.36,"N"
"2268",36.74356,114.10581,299.35,0.46,0.63,"2025-09-29",1906,"N20","nominal","2.0NRT",286.38,0.48,"N"
"2269",36.74219,114.08854,301.03,0.46,0.63,"2025-09-29",1906,"N20","nominal","2.0NRT",290.1,1.51,"N"
"2270",36.74079,114.09354,304.91,0.46,0.63,"2025-09-29",1906,"N20","nominal","2.0NRT",291.45,1.51,"N"
"2271",36.73941,114.09849,299.13,0.46,0.63,"2025-09-29",1906,"N20","nominal","2.0NRT",287.81,2.39,"N"
"2272",36.73109,114.10609,305.36,0.46,0.63,"2025-09-29",1906,"N20","nominal","2.0NRT",291.4,1.53,"N"
"2273",36.72828,114.09397,321.15,0.46,0.63,"2025-09-29",1906,"N20","nominal","2.0NRT",289.55,1.56,"N"
"2274",36.73109,114.08393,309.84,0.46,0.63,"2025-09-29",1906,"N20","nominal","2.0NRT",287.62,2.07,"N"
"2275",36.72689,114.09895,299.48,0.46,0.63,"2025-09-29",1906,"N20","nominal","2.0NRT",289.18,1.56,"N"
"2276",36.71856,114.10653,301.94,0.46,0.63,"2025-09-29",1906,"N20","nominal","2.0NRT",288.69,2.4,"N"
"2277",36.70757,114.10147,306.97,0.46,0.63,"2025-09-29",1906,"N20","nominal","2.0NRT",288.9,1.14,"N"
"2278",39.86186,98.25136,306.38,0.44,0.39,"2025-09-29",1906,"N20","nominal","2.0NRT",282.82,1.66,"N"
"2279",36.70686,114.10047,309.38,0.46,0.63,"2025-09-29",1906,"N20","nominal","2.0NRT",288.51,1.34,"N"
"2280",36.69432,114.12356,296.77,0.46,0.63,"2025-09-29",1906,"N20","nominal","2.0NRT",286.09,0.19,"N"
"2281",39.84451,98.27414,304,0.44,0.39,"2025-09-29",1906,"N20","nominal","2.0NRT",282.95,0.89,"N"
"2282",39.81313,98.29386,313.48,0.44,0.38,"2025-09-29",1906,"N20","nominal","2.0NRT",289.17,1.89,"N"
"2283",39.81249,98.29897,318.96,0.44,0.38,"2025-09-29",1906,"N20","nominal","2.0NRT",287.62,1.89,"N"
"2284",37.46077,110.95107,305.72,0.6,0.53,"2025-09-29",1906,"N20","nominal","2.0NRT",284.01,2.85,"N"
"2285",36.62514,114.12662,301.56,0.46,0.64,"2025-09-29",1906,"N20","nominal","2.0NRT",290.53,1.43,"N"
"2286",39.80962,98.29312,300.92,0.44,0.38,"2025-09-29",1906,"N20","nominal","2.0NRT",285.45,1.21,"N"
"2287",39.80546,98.29749,308.69,0.44,0.38,"2025-09-29",1906,"N20","nominal","2.0NRT",283.15,1.21,"N"
"2288",39.80195,98.29675,295.34,0.44,0.38,"2025-09-29",1906,"N20","nominal","2.0NRT",283.41,0.34,"N"
"2289",36.68626,113.81867,299.05,0.44,0.63,"2025-09-29",1906,"N20","nominal","2.0NRT",288.61,1.54,"N"
"2290",36.59772,114.0692,300.44,0.46,0.63,"2025-09-29",1906,"N20","nominal","2.0NRT",289.77,0.98,"N"
"2291",37.12967,112.04497,296,0.35,0.56,"2025-09-29",1906,"N20","nominal","2.0NRT",284.24,0.92,"N"
"2292",37.1287,112.04866,305.14,0.35,0.56,"2025-09-29",1906,"N20","nominal","2.0NRT",285.84,1.01,"N"
"2293",38.51338,105.97981,296.13,0.49,0.4,"2025-09-29",1906,"N20","nominal","2.0NRT",283.08,0.64,"N"
"2294",38.51444,105.97864,298.65,0.49,0.4,"2025-09-29",1906,"N20","nominal","2.0NRT",282.98,0.39,"N"
"2295",39.79321,97.90981,298.95,0.46,0.39,"2025-09-29",1906,"N20","nominal","2.0NRT",280.61,0.73,"N"
"2296",36.58822,114.10191,299.88,0.46,0.64,"2025-09-29",1906,"N20","nominal","2.0NRT",288.55,1.03,"N"
"2297",39.79225,97.88806,304.91,0.46,0.39,"2025-09-29",1906,"N20","nominal","2.0NRT",282.72,1.95,"N"
"2298",37.12756,112.04481,297.16,0.35,0.56,"2025-09-29",1906,"N20","nominal","2.0NRT",283.94,1.01,"N"
"2299",37.12662,112.04849,302.25,0.35,0.56,"2025-09-29",1906,"N20","nominal","2.0NRT",285.35,0.99,"N"
"2300",36.55624,114.10521,311.91,0.46,0.64,"2025-09-29",1906,"N20","nominal","2.0NRT",288.61,1.44,"N"
"2301",37.10023,111.98049,299.54,0.34,0.56,"2025-09-29",1906,"N20","nominal","2.0NRT",284.4,0.92,"N"
"2302",37.09262,112.01009,304.66,0.35,0.56,"2025-09-29",1906,"N20","nominal","2.0NRT",286.22,0.7,"N"
"2303",36.62729,113.75864,303.65,0.44,0.62,"2025-09-29",1906,"N20","nominal","2.0NRT",286.4,1.01,"N"
"2304",37.08766,112.00809,295.27,0.35,0.56,"2025-09-29",1906,"N20","nominal","2.0NRT",285.23,0.5,"N"
"2305",37.10469,111.73116,298.39,0.33,0.56,"2025-09-29",1906,"N20","nominal","2.0NRT",285.15,0.34,"N"
"2306",37.07814,111.83377,299.02,0.34,0.56,"2025-09-29",1906,"N20","nominal","2.0NRT",286.09,0.45,"N"
"2307",37.07719,111.83745,296.65,0.34,0.56,"2025-09-29",1906,"N20","nominal","2.0NRT",285.41,0.45,"N"
"2308",37.08367,111.7915,298.73,0.34,0.56,"2025-09-29",1906,"N20","nominal","2.0NRT",287.75,0.86,"N"
"2309",37.10583,111.73126,299.2,0.33,0.56,"2025-09-29",1906,"N20","nominal","2.0NRT",284.84,0.44,"N"
"2310",37.07992,111.83416,300.99,0.34,0.56,"2025-09-29",1906,"N20","nominal","2.0NRT",286.9,0.78,"N"
"2311",37.079,111.83783,308.08,0.34,0.56,"2025-09-29",1906,"N20","nominal","2.0NRT",287.07,0.78,"N"
"2312",37.13063,111.58965,295.57,0.33,0.55,"2025-09-29",1906,"N20","nominal","2.0NRT",282.14,0.28,"N"
"2313",37.08031,111.78973,295.28,0.34,0.56,"2025-09-29",1906,"N20","nominal","2.0NRT",284.92,1.03,"N"
"2314",37.0766,111.80441,306.63,0.34,0.56,"2025-09-29",1906,"N20","nominal","2.0NRT",286.41,1.07,"N"
"2315",37.0689,111.81342,297.2,0.34,0.56,"2025-09-29",1906,"N20","nominal","2.0NRT",287.17,1.13,"N"
"2316",37.06213,111.81879,303.48,0.34,0.56,"2025-09-29",1906,"N20","nominal","2.0NRT",286.49,0.84,"N"
"2317",38.25006,106.5538,313.52,0.52,0.41,"2025-09-29",1906,"N20","nominal","2.0NRT",293,2.6,"N"
"2318",38.24635,106.55257,304.99,0.52,0.41,"2025-09-29",1906,"N20","nominal","2.0NRT",288.32,2.6,"N"
"2319",39.35426,100.1131,297.97,0.4,0.37,"2025-09-29",1906,"N20","nominal","2.0NRT",281.35,0.76,"N"
"2320",39.35361,100.11764,299.11,0.4,0.37,"2025-09-29",1906,"N20","nominal","2.0NRT",280.47,0.76,"N"
"2321",36.30911,114.27168,297.42,0.48,0.65,"2025-09-29",1906,"N20","nominal","2.0NRT",284.95,1.1,"N"
"2322",38.35797,105.70823,298.04,0.48,0.4,"2025-09-29",1906,"N20","nominal","2.0NRT",282.73,1.09,"N"
"2323",37.66314,108.93871,300.06,0.46,0.47,"2025-09-29",1906,"N20","nominal","2.0NRT",283.09,1.03,"N"
"2324",36.47848,113.3501,305.27,0.42,0.61,"2025-09-29",1906,"N20","nominal","2.0NRT",285.99,1.15,"N"
"2325",36.73087,112.2392,303.62,0.36,0.58,"2025-09-29",1906,"N20","nominal","2.0NRT",284.41,1.88,"N"
"2326",36.24498,114.05755,296.33,0.47,0.64,"2025-09-29",1906,"N20","nominal","2.0NRT",283.55,0.51,"N"
"2327",36.4894,113.1142,310.77,0.41,0.61,"2025-09-29",1906,"N20","nominal","2.0NRT",287.54,1.91,"N"
"2328",36.21695,114.0459,298.72,0.47,0.64,"2025-09-29",1906,"N20","nominal","2.0NRT",286.56,1.23,"N"
"2329",36.21139,114.0434,301.22,0.47,0.64,"2025-09-29",1906,"N20","nominal","2.0NRT",286.01,1.23,"N"
"2330",36.46025,113.11279,307.4,0.41,0.61,"2025-09-29",1906,"N20","nominal","2.0NRT",287,1.71,"N"
"2331",36.45467,113.06778,298.8,0.41,0.61,"2025-09-29",1906,"N20","nominal","2.0NRT",283.56,0.64,"N"
"2332",36.88199,111.41388,295.28,0.33,0.55,"2025-09-29",1906,"N20","nominal","2.0NRT",281.98,0.73,"N"
"2333",36.37471,113.01453,302.92,0.41,0.61,"2025-09-29",1906,"N20","nominal","2.0NRT",286.26,0.69,"N"
"2334",36.36936,113.01251,295.94,0.41,0.61,"2025-09-29",1906,"N20","nominal","2.0NRT",283.56,0.69,"N"
"2335",36.34983,113.06311,297.37,0.41,0.61,"2025-09-29",1906,"N20","nominal","2.0NRT",287.13,1.07,"N"
"2336",36.80177,111.28948,300.27,0.32,0.55,"2025-09-29",1906,"N20","nominal","2.0NRT",281.69,0.82,"N"
"2337",36.55622,112.2437,298.81,0.37,0.58,"2025-09-29",1906,"N20","nominal","2.0NRT",287.38,1.24,"N"
"2338",36.35862,112.92145,299.43,0.4,0.6,"2025-09-29",1906,"N20","nominal","2.0NRT",285.56,1.38,"N"
"2339",36.35745,112.92578,299.34,0.4,0.6,"2025-09-29",1906,"N20","nominal","2.0NRT",283.92,0.91,"N"
"2340",36.30066,113.13515,298.24,0.42,0.61,"2025-09-29",1906,"N20","nominal","2.0NRT",283.46,0.76,"N"
"2341",36.35761,112.9221,297.7,0.4,0.6,"2025-09-29",1906,"N20","nominal","2.0NRT",285.74,1.29,"N"
"2342",36.30087,113.13657,300.51,0.42,0.61,"2025-09-29",1906,"N20","nominal","2.0NRT",284.03,1.02,"N"
"2343",38.85273,100.81425,296.95,0.39,0.36,"2025-09-29",1906,"N20","nominal","2.0NRT",281.71,0.52,"N"
"2344",37.36778,108.3884,302.68,0.44,0.46,"2025-09-29",1906,"N20","nominal","2.0NRT",280.45,0.51,"N"
"2345",35.34936,115.98131,299.59,0.63,0.72,"2025-09-29",1906,"N20","nominal","2.0NRT",283.8,1.83,"N"
"2346",37.81716,106.13516,299.71,0.51,0.41,"2025-09-29",1906,"N20","nominal","2.0NRT",284.96,1.24,"N"
"2347",38.84324,100.17129,301.2,0.39,0.36,"2025-09-29",1906,"N20","nominal","2.0NRT",282.87,0.96,"N"
"2348",35.34989,115.98156,296.65,0.63,0.72,"2025-09-29",1906,"N20","nominal","2.0NRT",282.5,1.32,"N"
"2349",37.40849,106.62663,305.84,0.54,0.42,"2025-09-29",1906,"N20","nominal","2.0NRT",287.81,2.72,"N"
"2350",37.58667,105.67851,300.71,0.49,0.4,"2025-09-29",1908,"N20","nominal","2.0NRT",284.5,1.08,"N"
"2351",37.5845,105.68932,305.26,0.49,0.4,"2025-09-29",1908,"N20","nominal","2.0NRT",285.29,1.28,"N"
"2352",37.40451,106.56848,300.25,0.54,0.42,"2025-09-29",1908,"N20","nominal","2.0NRT",285.24,1.64,"N"
"2353",37.39952,106.5731,295.31,0.54,0.42,"2025-09-29",1908,"N20","nominal","2.0NRT",284.45,1.38,"N"
"2354",37.58771,105.67776,302.46,0.49,0.4,"2025-09-29",1908,"N20","nominal","2.0NRT",285.11,1.12,"N"
"2355",37.5856,105.68858,308.19,0.49,0.4,"2025-09-29",1908,"N20","nominal","2.0NRT",285.68,1.48,"N"
"2356",37.40638,106.56863,300.14,0.54,0.42,"2025-09-29",1908,"N20","nominal","2.0NRT",285.11,1.75,"N"
"2357",37.40262,106.56735,301.67,0.54,0.42,"2025-09-29",1908,"N20","nominal","2.0NRT",282.14,1.68,"N"
"2358",37.40142,106.57325,296.4,0.54,0.42,"2025-09-29",1908,"N20","nominal","2.0NRT",285.66,1.41,"N"
"2359",37.6361,105.23242,298.64,0.47,0.4,"2025-09-29",1908,"N20","nominal","2.0NRT",285.43,0.6,"N"
"2360",37.35894,106.58417,298.75,0.54,0.42,"2025-09-29",1908,"N20","nominal","2.0NRT",285.07,1.62,"N"
"2361",37.63149,105.19788,298.43,0.47,0.4,"2025-09-29",1908,"N20","nominal","2.0NRT",286.15,1.65,"N"
"2362",37.56219,105.43734,300.86,0.48,0.4,"2025-09-29",1908,"N20","nominal","2.0NRT",287.2,1.33,"N"
"2363",37.56025,105.3699,296.73,0.48,0.4,"2025-09-29",1908,"N20","nominal","2.0NRT",285.37,1.25,"N"
"2364",37.55922,105.37514,310.79,0.48,0.4,"2025-09-29",1908,"N20","nominal","2.0NRT",288.18,1.25,"N"
"2365",35.55476,113.78056,299.21,0.47,0.64,"2025-09-29",1908,"N20","nominal","2.0NRT",287.25,1.36,"N"
"2366",37.60018,105.03078,299.14,0.46,0.39,"2025-09-29",1908,"N20","nominal","2.0NRT",286.89,0.97,"N"
"2367",37.60224,105.02965,306.63,0.46,0.39,"2025-09-29",1908,"N20","nominal","2.0NRT",289.13,1.92,"N"
"2368",35.55592,113.77929,304.11,0.47,0.64,"2025-09-29",1908,"N20","nominal","2.0NRT",287.88,1.25,"N"
"2369",37.43595,105.63494,295.52,0.49,0.4,"2025-09-29",1908,"N20","nominal","2.0NRT",284.65,0.75,"N"
"2370",37.40351,105.68212,297.94,0.49,0.4,"2025-09-29",1908,"N20","nominal","2.0NRT",285.13,1.22,"N"
"2371",37.1474,106.73781,296.81,0.55,0.43,"2025-09-29",1908,"N20","nominal","2.0NRT",283.2,1.02,"N"
"2372",37.147,106.73631,296.85,0.55,0.43,"2025-09-29",1908,"N20","nominal","2.0NRT",281.94,0.99,"N"
"2373",37.24108,105.90222,296.91,0.51,0.41,"2025-09-29",1908,"N20","nominal","2.0NRT",283.2,1.05,"N"
"2374",35.38055,113.44245,302.37,0.46,0.63,"2025-09-29",1908,"N20","nominal","2.0NRT",287.83,1.53,"N"
"2375",35.31676,113.33273,301.34,0.45,0.63,"2025-09-29",1908,"N20","nominal","2.0NRT",288.03,0.84,"N"
"2376",36.16756,109.84531,298.97,0.56,0.51,"2025-09-29",1908,"N20","nominal","2.0NRT",283.73,0.8,"N"
"2377",35.67121,110.98345,296.06,0.33,0.55,"2025-09-29",1908,"N20","nominal","2.0NRT",285.8,0.64,"N"
"2378",35.65819,110.97137,299.47,0.33,0.55,"2025-09-29",1908,"N20","nominal","2.0NRT",287.32,1.26,"N"
"2379",35.67433,110.64989,299.79,0.63,0.54,"2025-09-29",1908,"N20","nominal","2.0NRT",287.92,1.23,"N"
"2380",35.64041,110.72361,299.34,0.32,0.55,"2025-09-29",1908,"N20","nominal","2.0NRT",287.84,0.6,"N"
"2381",35.48448,111.34733,302.65,0.35,0.57,"2025-09-29",1908,"N20","nominal","2.0NRT",284.85,1.28,"N"
"2382",35.65497,110.64327,297.67,0.63,0.54,"2025-09-29",1908,"N20","nominal","2.0NRT",286.46,1.3,"N"
"2383",35.16112,112.57281,300.39,0.42,0.61,"2025-09-29",1908,"N20","nominal","2.0NRT",288.3,0.74,"N"
"2384",35.63476,110.57661,297.86,0.63,0.54,"2025-09-29",1908,"N20","nominal","2.0NRT",285.47,2.38,"N"
"2385",35.08875,112.55535,299.66,0.42,0.61,"2025-09-29",1908,"N20","nominal","2.0NRT",289.47,0.72,"N"
"2386",35.60286,110.57182,302.37,0.63,0.54,"2025-09-29",1908,"N20","nominal","2.0NRT",289.76,1.74,"N"
"2387",35.42135,111.30697,296.34,0.35,0.57,"2025-09-29",1908,"N20","nominal","2.0NRT",284.93,0.79,"N"
"2388",35.40726,111.29766,298.29,0.35,0.57,"2025-09-29",1908,"N20","nominal","2.0NRT",287.24,1.38,"N"
"2389",35.04746,112.53467,306.87,0.42,0.61,"2025-09-29",1908,"N20","nominal","2.0NRT",289.26,1,"N"
"2390",35.28759,111.30902,297.03,0.35,0.57,"2025-09-29",1908,"N20","nominal","2.0NRT",284.5,0.34,"N"
"2391",36.55649,104.21002,301.41,0.44,0.39,"2025-09-29",1908,"N20","nominal","2.0NRT",284.23,0.7,"N"
"2392",36.54953,104.20808,299.86,0.44,0.39,"2025-09-29",1908,"N20","nominal","2.0NRT",285.12,1.03,"N"
"2393",36.54605,104.2071,295.24,0.44,0.39,"2025-09-29",1908,"N20","nominal","2.0NRT",283.49,0.73,"N"
"2394",36.54531,104.2095,296.62,0.44,0.39,"2025-09-29",1908,"N20","nominal","2.0NRT",283.88,0.6,"N"
"2395",36.51758,103.92713,298.19,0.44,0.38,"2025-09-29",1908,"N20","nominal","2.0NRT",284.3,0.98,"N"
"2396",34.28504,113.50948,298.24,0.49,0.65,"2025-09-29",1908,"N20","nominal","2.0NRT",288.18,0.88,"N"
"2397",34.28225,113.5068,298.23,0.49,0.65,"2025-09-29",1908,"N20","nominal","2.0NRT",287.6,0.73,"N"
"2398",36.37217,103.8968,301.29,0.44,0.38,"2025-09-29",1908,"N20","nominal","2.0NRT",285.83,1.34,"N"
"2399",34.66766,111.02798,307.32,0.35,0.57,"2025-09-29",1908,"N20","nominal","2.0NRT",286,1.28,"N"
"2400",34.66675,111.03161,298.41,0.35,0.57,"2025-09-29",1908,"N20","nominal","2.0NRT",287.99,1.28,"N"
"2401",34.12345,112.81228,301.89,0.45,0.63,"2025-09-29",1908,"N20","nominal","2.0NRT",288.63,0.93,"N"
"2402",34.12323,112.80859,302.21,0.46,0.63,"2025-09-29",1908,"N20","nominal","2.0NRT",287.47,0.91,"N"
"2403",35.00917,108.97558,296.24,0.53,0.5,"2025-09-29",1908,"N20","nominal","2.0NRT",285.93,0.64,"N"
"2404",36.01759,104.07134,298.85,0.45,0.39,"2025-09-29",1908,"N20","nominal","2.0NRT",284.53,1.03,"N"
"2405",36.01809,104.06934,300.37,0.45,0.39,"2025-09-29",1908,"N20","nominal","2.0NRT",285.21,0.98,"N"
"2406",35.47124,106.68199,299.91,0.39,0.44,"2025-09-29",1908,"N20","nominal","2.0NRT",282.76,0.79,"N"
"2407",34.92906,109.0512,297.8,0.54,0.51,"2025-09-29",1908,"N20","nominal","2.0NRT",280.84,1.7,"N"
"2408",33.90817,112.91757,300.66,0.47,0.64,"2025-09-29",1908,"N20","nominal","2.0NRT",287.64,1.19,"N"
"2409",33.85561,112.97288,305.24,0.47,0.64,"2025-09-29",1908,"N20","nominal","2.0NRT",287.08,0.93,"N"
"2410",33.85558,112.97478,299.26,0.47,0.64,"2025-09-29",1908,"N20","nominal","2.0NRT",286.86,0.56,"N"
"2411",34.51884,110.368,307.63,0.33,0.55,"2025-09-29",1908,"N20","nominal","2.0NRT",287.91,1.01,"N"
"2412",35.2603,106.79556,316.23,0.4,0.44,"2025-09-29",1908,"N20","nominal","2.0NRT",282.66,2.97,"N"
"2413",34.65857,108.21395,298.66,0.49,0.49,"2025-09-29",1908,"N20","nominal","2.0NRT",283.71,1.58,"N"
"2414",30.94878,97.3621,299.4,0.4,0.37,"2025-09-29",1910,"N20","nominal","2.0NRT",284.53,0.81,"N"
"2415",30.06885,96.97655,307.22,0.41,0.37,"2025-09-29",1910,"N20","nominal","2.0NRT",284.69,1.23,"N"
"2416",27.74597,102.20144,301.7,0.48,0.4,"2025-09-29",1910,"N20","nominal","2.0NRT",275.44,1.08,"N"
"2417",27.74508,102.20617,296.39,0.48,0.4,"2025-09-29",1910,"N20","nominal","2.0NRT",274.25,1.08,"N"
"2418",29.22494,88.34723,296.36,0.37,0.58,"2025-09-29",1910,"N20","nominal","2.0NRT",281.25,2.3,"N"
"2419",29.22658,88.34876,301.51,0.37,0.58,"2025-09-29",1910,"N20","nominal","2.0NRT",281.67,1.21,"N"
"2420",29.22631,88.35204,300.41,0.37,0.58,"2025-09-29",1910,"N20","nominal","2.0NRT",281.1,1.21,"N"
"2421",29.08832,88.00968,314.25,0.39,0.59,"2025-09-29",1910,"N20","nominal","2.0NRT",279.67,1.56,"N"
"2422",27.6073,95.40078,301.72,0.43,0.38,"2025-09-29",1910,"N20","nominal","2.0NRT",285.84,0.63,"N"
"2423",27.37728,95.33598,313.78,0.43,0.38,"2025-09-29",1910,"N20","nominal","2.0NRT",292.44,2.4,"N"
"2424",27.32445,95.27763,308.1,0.44,0.38,"2025-09-29",1910,"N20","nominal","2.0NRT",292.65,1.59,"N"
"2425",25.03676,87.36719,305.53,0.38,0.59,"2025-09-29",1910,"N20","nominal","2.0NRT",288.28,1.09,"N"
"2426",25.03641,87.37108,309.09,0.38,0.59,"2025-09-29",1910,"N20","nominal","2.0NRT",288.96,1.61,"N"
"2427",20.81963,108.89509,314.89,0.55,0.68,"2025-09-29",1913,"N20","nominal","2.0NRT",275.81,2.52,"N"
"2428",20.81842,108.9002,305.63,0.55,0.68,"2025-09-29",1913,"N20","nominal","2.0NRT",276.26,2.52,"N"
"2429",24.11796,86.8584,310.28,0.4,0.6,"2025-09-29",1913,"N20","nominal","2.0NRT",287.51,1.46,"N"
"2430",23.80723,86.32752,314.61,0.43,0.62,"2025-09-29",1913,"N20","nominal","2.0NRT",287.71,3.18,"N"
"2431",23.79976,86.34798,326.07,0.43,0.62,"2025-09-29",1913,"N20","nominal","2.0NRT",287.57,3.58,"N"
"2432",23.79407,86.34727,311.05,0.43,0.62,"2025-09-29",1913,"N20","nominal","2.0NRT",287.73,1.86,"N"
"2433",23.78268,86.34597,304.6,0.43,0.62,"2025-09-29",1913,"N20","nominal","2.0NRT",287.31,0.89,"N"
"2434",23.77949,86.38431,312.32,0.42,0.61,"2025-09-29",1913,"N20","nominal","2.0NRT",287.48,1.76,"N"
"2435",23.77914,86.38851,316.5,0.42,0.61,"2025-09-29",1913,"N20","nominal","2.0NRT",287.85,4.22,"N"
"2436",23.77558,86.3623,320.33,0.43,0.62,"2025-09-29",1913,"N20","nominal","2.0NRT",287.83,2.97,"N"
"2437",23.77382,86.38356,305.9,0.42,0.61,"2025-09-29",1913,"N20","nominal","2.0NRT",287.48,1.76,"N"
"2438",23.76675,86.39961,317.36,0.42,0.61,"2025-09-29",1913,"N20","nominal","2.0NRT",287.31,2.1,"N"
"2439",23.7664,86.40388,318.69,0.42,0.61,"2025-09-29",1913,"N20","nominal","2.0NRT",287.84,3.83,"N"
"2440",23.76143,86.39469,305.59,0.42,0.61,"2025-09-29",1913,"N20","nominal","2.0NRT",287.49,2.1,"N"
"2441",23.76108,86.39894,319.02,0.42,0.61,"2025-09-29",1913,"N20","nominal","2.0NRT",287.91,2.1,"N"
"2442",23.78251,86.3856,310.06,0.42,0.61,"2025-09-29",1913,"N20","nominal","2.0NRT",287.37,1.99,"N"
"2443",23.78214,86.38979,312.16,0.42,0.61,"2025-09-29",1913,"N20","nominal","2.0NRT",287.99,2.76,"N"
"2444",23.77876,86.36362,306.86,0.43,0.62,"2025-09-29",1913,"N20","nominal","2.0NRT",287.56,1.19,"N"
"2445",23.77684,86.3849,315.51,0.42,0.61,"2025-09-29",1913,"N20","nominal","2.0NRT",287.76,2.59,"N"
"2446",23.77308,86.36301,311.19,0.43,0.62,"2025-09-29",1913,"N20","nominal","2.0NRT",287.04,1.19,"N"
"2447",23.76967,86.40088,315.67,0.42,0.61,"2025-09-29",1913,"N20","nominal","2.0NRT",287.62,3.36,"N"
"2448",23.76929,86.40513,311.31,0.42,0.61,"2025-09-29",1913,"N20","nominal","2.0NRT",287.34,2.06,"N"
"2449",23.764,86.40025,315.97,0.42,0.61,"2025-09-29",1913,"N20","nominal","2.0NRT",287.71,1.66,"N"
"2450",23.69235,87.1201,320.34,0.38,0.59,"2025-09-29",1913,"N20","nominal","2.0NRT",288.21,3.7,"N"
"2451",23.77679,86.19102,303.13,0.44,0.62,"2025-09-29",1913,"N20","nominal","2.0NRT",286.22,1.86,"N"
"2452",23.75871,86.39532,308.48,0.42,0.61,"2025-09-29",1913,"N20","nominal","2.0NRT",287.3,1.66,"N"
"2453",23.75834,86.39957,309.7,0.42,0.61,"2025-09-29",1913,"N20","nominal","2.0NRT",287.3,1.66,"N"
"2454",23.6934,87.10893,306.78,0.38,0.59,"2025-09-29",1913,"N20","nominal","2.0NRT",287.57,1.06,"N"
"2455",23.69304,87.11267,304.73,0.38,0.59,"2025-09-29",1913,"N20","nominal","2.0NRT",287.67,1.06,"N"
"2456",23.75116,86.41583,321.5,0.42,0.61,"2025-09-29",1913,"N20","nominal","2.0NRT",288.1,2.9,"N"
"2457",23.68902,87.09711,311.26,0.38,0.59,"2025-09-29",1913,"N20","nominal","2.0NRT",287.92,1.47,"N"
"2458",23.68693,87.11947,306.27,0.38,0.59,"2025-09-29",1913,"N20","nominal","2.0NRT",288.02,0.89,"N"
"2459",23.73837,86.43112,309.27,0.42,0.61,"2025-09-29",1913,"N20","nominal","2.0NRT",287.41,2.32,"N"
"2460",23.72632,86.43813,314.15,0.42,0.61,"2025-09-29",1913,"N20","nominal","2.0NRT",287.2,2.82,"N"
"2461",23.7203,86.44167,304.78,0.42,0.61,"2025-09-29",1913,"N20","nominal","2.0NRT",287.44,2.98,"N"
"2462",23.71392,86.44936,309.62,0.42,0.61,"2025-09-29",1913,"N20","nominal","2.0NRT",287.26,1.36,"N"
"2463",23.75903,85.84946,304.27,0.46,0.63,"2025-09-29",1913,"N20","nominal","2.0NRT",286.57,2.16,"N"
"2464",23.75827,85.8586,306.14,0.46,0.63,"2025-09-29",1913,"N20","nominal","2.0NRT",286.85,1.62,"N"
"2465",23.69067,86.38725,306.21,0.42,0.61,"2025-09-29",1913,"N20","nominal","2.0NRT",287.19,1.15,"N"
"2466",23.68501,86.38654,311.21,0.42,0.61,"2025-09-29",1913,"N20","nominal","2.0NRT",286.77,1.46,"N"
"2467",23.68464,86.39085,310.83,0.42,0.61,"2025-09-29",1913,"N20","nominal","2.0NRT",287.42,1.46,"N"
"2468",23.67933,86.38586,306.64,0.42,0.61,"2025-09-29",1913,"N20","nominal","2.0NRT",286.22,1.46,"N"
"2469",23.67862,86.39442,306.24,0.42,0.61,"2025-09-29",1913,"N20","nominal","2.0NRT",287.37,2.6,"N"
"2470",23.74511,85.50143,304.86,0.48,0.65,"2025-09-29",1913,"N20","nominal","2.0NRT",286.66,0.98,"N"
"2471",23.68213,86.39053,310.22,0.42,0.61,"2025-09-29",1913,"N20","nominal","2.0NRT",287.16,3.85,"N"
"2472",23.61147,87.14401,306.46,0.38,0.59,"2025-09-29",1913,"N20","nominal","2.0NRT",287.94,1.39,"N"
"2473",23.74852,85.50272,305.6,0.48,0.65,"2025-09-29",1913,"N20","nominal","2.0NRT",286.58,0.7,"N"
"2474",23.61755,86.78625,306.17,0.4,0.6,"2025-09-29",1913,"N20","nominal","2.0NRT",286.92,1.03,"N"
"2475",23.61724,86.7895,311.71,0.4,0.6,"2025-09-29",1913,"N20","nominal","2.0NRT",288.21,1.03,"N"
"2476",23.67479,86.08418,316.61,0.44,0.63,"2025-09-29",1913,"N20","nominal","2.0NRT",286.88,1.7,"N"
"2477",23.66863,86.08797,302.77,0.44,0.63,"2025-09-29",1913,"N20","nominal","2.0NRT",286.19,1.54,"N"
"2478",23.55886,87.23892,320.9,0.37,0.58,"2025-09-29",1913,"N20","nominal","2.0NRT",287.79,2.56,"N"
"2479",23.55314,87.24198,325.77,0.37,0.58,"2025-09-29",1913,"N20","nominal","2.0NRT",288.51,2.56,"N"
"2480",23.56261,87.0817,320.6,0.38,0.59,"2025-09-29",1913,"N20","nominal","2.0NRT",288.05,1.9,"N"
"2481",23.63349,86.29212,304.64,0.43,0.62,"2025-09-29",1913,"N20","nominal","2.0NRT",286.86,0.99,"N"
"2482",23.65127,85.43381,303.09,0.49,0.65,"2025-09-29",1913,"N20","nominal","2.0NRT",286.48,0.84,"N"
"2483",23.4879,87.36281,304.58,0.36,0.58,"2025-09-29",1913,"N20","nominal","2.0NRT",288.1,0.78,"N"
"2484",23.66633,84.99429,304.11,0.52,0.67,"2025-09-29",1913,"N20","nominal","2.0NRT",286.65,1.18,"N"
"2485",23.48402,87.36209,308.31,0.36,0.58,"2025-09-29",1913,"N20","nominal","2.0NRT",288.24,1.31,"N"
"2486",23.64869,85.4355,308.38,0.49,0.65,"2025-09-29",1913,"N20","nominal","2.0NRT",286.67,1.1,"N"
"2487",23.67316,84.99239,308.17,0.52,0.67,"2025-09-29",1913,"N20","nominal","2.0NRT",286.77,1.52,"N"
"2488",23.66657,84.99696,308.14,0.52,0.67,"2025-09-29",1913,"N20","nominal","2.0NRT",286.77,1.52,"N"
"2489",23.17004,82.33115,334.29,0.76,0.77,"2025-09-29",1913,"N20","nominal","2.0NRT",283.91,4.45,"N"
"2490",23.16955,82.33892,304.81,0.76,0.77,"2025-09-29",1913,"N20","nominal","2.0NRT",284.24,4.7,"N"
"2491",23.16286,82.3312,303.19,0.76,0.77,"2025-09-29",1913,"N20","nominal","2.0NRT",283.54,4.45,"N"
"2492",22.87346,86.05857,307.33,0.44,0.62,"2025-09-29",1913,"N20","nominal","2.0NRT",287.09,1.45,"N"
"2493",23.16655,82.33287,336.08,0.76,0.77,"2025-09-29",1913,"N20","nominal","2.0NRT",284.32,4.77,"N"
"2494",23.16605,82.34013,300.55,0.76,0.77,"2025-09-29",1913,"N20","nominal","2.0NRT",283.82,4.77,"N"
"2495",22.86092,86.05507,304.92,0.44,0.62,"2025-09-29",1913,"N20","nominal","2.0NRT",287.15,0.68,"N"
"2496",22.80013,86.08725,314.18,0.43,0.62,"2025-09-29",1913,"N20","nominal","2.0NRT",287.3,1.96,"N"
"2497",22.78959,86.20542,305.09,0.43,0.62,"2025-09-29",1913,"N20","nominal","2.0NRT",287.73,1.4,"N"
"2498",22.78428,86.20062,316.59,0.43,0.62,"2025-09-29",1913,"N20","nominal","2.0NRT",287.93,2,"N"
"2499",22.59358,85.90133,306.37,0.44,0.63,"2025-09-29",1913,"N20","nominal","2.0NRT",287.2,0.93,"N"
"2500",22.57662,85.89516,319.54,0.44,0.63,"2025-09-29",1913,"N20","nominal","2.0NRT",287.47,2.45,"N"
"2501",22.3819,87.27732,307.86,0.36,0.57,"2025-09-29",1913,"N20","nominal","2.0NRT",288.73,2.56,"N"
"2502",22.37661,87.2767,317.22,0.36,0.57,"2025-09-29",1913,"N20","nominal","2.0NRT",289.19,3.19,"N"
"2503",22.36927,87.29704,304.64,0.36,0.57,"2025-09-29",1913,"N20","nominal","2.0NRT",284.99,2.3,"N"
"2504",22.36893,87.30054,314.25,0.36,0.57,"2025-09-29",1913,"N20","nominal","2.0NRT",287.55,2.59,"N"
"2505",22.36366,87.2999,303.28,0.36,0.57,"2025-09-29",1913,"N20","nominal","2.0NRT",283.74,1.56,"N"
"2506",22.36931,87.01618,309.96,0.37,0.58,"2025-09-29",1913,"N20","nominal","2.0NRT",288.26,1.57,"N"
"2507",22.36394,87.0155,321.28,0.37,0.58,"2025-09-29",1913,"N20","nominal","2.0NRT",288.78,1.57,"N"
"2508",15.65844,73.98669,304.45,0.51,0.41,"2025-09-29",2053,"N20","nominal","2.0NRT",290.16,1.39,"N"
"2509",13.17959,77.82667,322.24,0.33,0.55,"2025-09-29",2055,"N20","nominal","2.0NRT",257.41,0.77,"N"
"2510",11.80865,77.92132,305.69,0.35,0.57,"2025-09-29",2055,"N20","nominal","2.0NRT",284.58,1.13,"N"
"2511",10.99464,77.66857,303.94,0.35,0.57,"2025-09-29",2055,"N20","nominal","2.0NRT",290.95,0.41,"N"
"2512",11.07908,77.12827,304.56,0.32,0.55,"2025-09-29",2055,"N20","nominal","2.0NRT",290.58,0.39,"N"
"2513",10.9314,77.06371,308.57,0.32,0.55,"2025-09-29",2055,"N20","nominal","2.0NRT",290.37,0.88,"N"
"2514",60.583,78.71867,304.06,0.49,0.4,"2025-09-29",2042,"N20","nominal","2.0NRT",265.88,1.29,"N"
"2515",58.28216,88.16235,324.98,0.41,0.37,"2025-09-29",2042,"N20","nominal","2.0NRT",267.75,1.73,"N"
"2516",59.17315,76.24076,295.34,0.55,0.43,"2025-09-29",2042,"N20","nominal","2.0NRT",267.81,0.8,"N"
"2517",58.89266,76.8341,312.22,0.53,0.42,"2025-09-29",2042,"N20","nominal","2.0NRT",269.41,1.39,"N"
"2518",58.16063,78.88209,297.08,0.46,0.39,"2025-09-29",2042,"N20","nominal","2.0NRT",266.67,0.6,"N"
"2519",57.6895,78.87985,316.03,0.45,0.39,"2025-09-29",2044,"N20","nominal","2.0NRT",267.88,1.46,"N"
"2520",57.67295,78.92812,316.17,0.45,0.39,"2025-09-29",2044,"N20","nominal","2.0NRT",267.97,1.29,"N"
"2521",57.51405,79.01395,314.1,0.45,0.39,"2025-09-29",2044,"N20","nominal","2.0NRT",270.64,1.3,"N"
"2522",57.46772,78.42561,322.86,0.46,0.39,"2025-09-29",2044,"N20","nominal","2.0NRT",267.47,1.02,"N"
"2523",57.46692,78.42599,325.36,0.46,0.39,"2025-09-29",2044,"N20","nominal","2.0NRT",268.56,3.18,"N"
"2524",57.42898,78.69479,338.78,0.45,0.39,"2025-09-29",2044,"N20","nominal","2.0NRT",272.7,14.84,"N"
"2525",57.27122,79.38811,307.74,0.43,0.38,"2025-09-29",2044,"N20","nominal","2.0NRT",264.9,0.92,"N"
"2526",55.37157,86.04887,310.56,0.41,0.37,"2025-09-29",2044,"N20","nominal","2.0NRT",270.24,0.98,"N"
"2527",55.36946,86.04083,303.73,0.41,0.37,"2025-09-29",2044,"N20","nominal","2.0NRT",275.82,1.46,"N"
"2528",55.36831,86.04699,298.01,0.41,0.37,"2025-09-29",2044,"N20","nominal","2.0NRT",273.38,0.98,"N"
"2529",55.30338,85.5896,325.77,0.4,0.37,"2025-09-29",2044,"N20","nominal","2.0NRT",274.16,2.1,"N"
"2530",55.30227,85.59569,299.16,0.4,0.37,"2025-09-29",2044,"N20","nominal","2.0NRT",271.74,2.1,"N"
"2531",55.2617,61.42851,299.24,0.61,0.71,"2025-09-29",2044,"N20","nominal","2.0NRT",271.59,2.67,"N"
"2532",53.45901,59.02069,321.7,0.77,0.77,"2025-09-29",2044,"N20","nominal","2.0NRT",267.64,6.4,"N"
"2533",53.45814,59.02894,342.9,0.77,0.77,"2025-09-29",2044,"N20","nominal","2.0NRT",272.66,7.83,"N"
"2534",44.33592,93.26141,297.01,0.46,0.64,"2025-09-29",2046,"N20","nominal","2.0NRT",282.94,1.29,"N"
"2535",44.33426,93.26678,307.08,0.46,0.64,"2025-09-29",2046,"N20","nominal","2.0NRT",285.13,1.29,"N"
"2536",44.3326,93.27216,312.65,0.46,0.64,"2025-09-29",2046,"N20","nominal","2.0NRT",285.48,1.48,"N"
"2537",44.33094,93.27753,298.26,0.46,0.64,"2025-09-29",2046,"N20","nominal","2.0NRT",284.79,1.48,"N"
"2538",44.33458,93.26429,309.49,0.46,0.64,"2025-09-29",2046,"N20","nominal","2.0NRT",284.08,1.79,"N"
"2539",44.33294,93.26969,311.83,0.46,0.64,"2025-09-29",2046,"N20","nominal","2.0NRT",285.29,1.79,"N"
"2540",44.33131,93.27509,312.22,0.46,0.64,"2025-09-29",2046,"N20","nominal","2.0NRT",285.49,2.45,"N"
"2541",43.69463,95.03753,335.81,0.58,0.7,"2025-09-29",2046,"N20","nominal","2.0NRT",291.08,2.66,"N"
"2542",43.691,95.02699,312.6,0.58,0.7,"2025-09-29",2046,"N20","nominal","2.0NRT",288.9,2.66,"N"
"2543",43.68881,95.03365,308.96,0.58,0.7,"2025-09-29",2046,"N20","nominal","2.0NRT",288.31,2.66,"N"
"2544",43.6794,95.01921,367,0.58,0.7,"2025-09-29",2046,"N20","high","2.0NRT",294.32,7.22,"N"
"2545",43.69032,94.98602,296.63,0.58,0.7,"2025-09-29",2046,"N20","nominal","2.0NRT",283.99,2.54,"N"
"2546",43.68814,94.99265,317.47,0.58,0.7,"2025-09-29",2046,"N20","nominal","2.0NRT",288.82,3.43,"N"
"2547",43.67721,95.02585,300.16,0.58,0.7,"2025-09-29",2046,"N20","nominal","2.0NRT",287.85,7.22,"N"
"2548",43.68235,94.98875,312.75,0.58,0.7,"2025-09-29",2046,"N20","nominal","2.0NRT",287.65,3.14,"N"
"2549",43.67798,95.00201,312.1,0.58,0.7,"2025-09-29",2046,"N20","nominal","2.0NRT",289.48,1.18,"N"
"2550",43.68092,94.97158,297.1,0.58,0.7,"2025-09-29",2046,"N20","nominal","2.0NRT",284.96,1.65,"N"
"2551",43.67874,94.97821,296.61,0.58,0.7,"2025-09-29",2046,"N20","nominal","2.0NRT",284.24,1.65,"N"
"2552",43.67219,94.99809,296.48,0.58,0.7,"2025-09-29",2046,"N20","nominal","2.0NRT",284.42,1.18,"N"
"2553",43.67,95.00473,297.42,0.58,0.7,"2025-09-29",2046,"N20","nominal","2.0NRT",284.65,1.18,"N"
"2554",43.6799,94.98769,320.37,0.58,0.7,"2025-09-29",2046,"N20","nominal","2.0NRT",288.69,4.92,"N"
"2555",43.67559,95.00101,312.1,0.58,0.7,"2025-09-29",2046,"N20","nominal","2.0NRT",287.93,3.59,"N"
"2556",43.67343,95.00768,298.46,0.58,0.7,"2025-09-29",2046,"N20","nominal","2.0NRT",286.17,2.46,"N"
"2557",44.8498,90.93172,305.28,0.35,0.57,"2025-09-29",2046,"N20","nominal","2.0NRT",281.64,1.23,"N"
"2558",44.84396,90.95268,295.14,0.35,0.57,"2025-09-29",2046,"N20","nominal","2.0NRT",282.55,1.44,"N"
"2559",44.84279,90.95685,314.14,0.35,0.57,"2025-09-29",2046,"N20","nominal","2.0NRT",282.37,2.22,"N"
"2560",44.72503,90.25787,306.77,0.33,0.55,"2025-09-29",2046,"N20","nominal","2.0NRT",283.08,1.24,"N"
"2561",44.72396,90.26171,309.81,0.33,0.55,"2025-09-29",2046,"N20","nominal","2.0NRT",286.39,1.24,"N"
"2562",44.72512,90.25835,310.28,0.33,0.55,"2025-09-29",2046,"N20","nominal","2.0NRT",283.09,1.26,"N"
"2563",44.72407,90.26224,311.37,0.33,0.55,"2025-09-29",2046,"N20","nominal","2.0NRT",286.85,1.26,"N"
"2564",44.53794,90.28609,296.34,0.33,0.55,"2025-09-29",2046,"N20","nominal","2.0NRT",284.27,0.52,"N"
"2565",45.13535,86.45972,296.97,0.43,0.46,"2025-09-29",2046,"N20","nominal","2.0NRT",284.83,0.39,"N"
"2566",47.76716,67.74787,312.79,0.6,0.53,"2025-09-29",2046,"N20","nominal","2.0NRT",273.77,1.91,"N"
"2567",47.76621,67.74183,312.85,0.6,0.53,"2025-09-29",2046,"N20","nominal","2.0NRT",273.84,3.77,"N"
"2568",42.71198,93.56445,295.83,0.53,0.67,"2025-09-29",2046,"N20","nominal","2.0NRT",284.32,1.57,"N"
"2569",42.7062,93.56124,298.34,0.53,0.67,"2025-09-29",2046,"N20","nominal","2.0NRT",282.69,1.57,"N"
"2570",42.7123,93.56448,296.94,0.54,0.67,"2025-09-29",2046,"N20","nominal","2.0NRT",284.6,1.82,"N"
"2571",42.70653,93.56126,295.36,0.54,0.67,"2025-09-29",2046,"N20","nominal","2.0NRT",282.4,1.13,"N"
"2572",42.70076,93.55801,295.96,0.54,0.67,"2025-09-29",2046,"N20","nominal","2.0NRT",282.68,1.13,"N"
"2573",43.74689,89.82265,295.27,0.33,0.55,"2025-09-29",2046,"N20","nominal","2.0NRT",280.22,0.9,"N"
"2574",44.14301,88.17152,295.55,0.54,0.51,"2025-09-29",2046,"N20","nominal","2.0NRT",283.46,0.92,"N"
"2575",44.14424,88.1711,297.53,0.54,0.51,"2025-09-29",2046,"N20","nominal","2.0NRT",283.17,1.22,"N"
"2576",44.59899,86.05447,300.02,0.42,0.45,"2025-09-29",2046,"N20","nominal","2.0NRT",282.28,0.97,"N"
"2577",44.45787,86.10186,305.13,0.43,0.46,"2025-09-29",2046,"N20","nominal","2.0NRT",288.26,2.05,"N"
"2578",44.45866,86.07948,298.96,0.43,0.46,"2025-09-29",2046,"N20","nominal","2.0NRT",284.47,0.85,"N"
"2579",44.45464,86.07764,312.45,0.43,0.46,"2025-09-29",2046,"N20","nominal","2.0NRT",290.36,1.2,"N"
"2580",44.45345,86.08278,298.96,0.43,0.46,"2025-09-29",2046,"N20","nominal","2.0NRT",287.32,1.2,"N"
"2581",44.36313,86.06336,297.81,0.43,0.46,"2025-09-29",2046,"N20","nominal","2.0NRT",282.42,1.37,"N"
"2582",43.68765,87.77502,295.97,0.53,0.5,"2025-09-29",2046,"N20","nominal","2.0NRT",281.4,1.01,"N"
"2583",43.68824,87.775,300.44,0.53,0.5,"2025-09-29",2046,"N20","nominal","2.0NRT",281.89,0.85,"N"
"2584",43.00166,90.12785,305.38,0.36,0.57,"2025-09-29",2046,"N20","nominal","2.0NRT",294.88,1.39,"N"
"2585",42.99429,90.13392,302.8,0.36,0.57,"2025-09-29",2046,"N20","nominal","2.0NRT",289.3,1.68,"N"
"2586",43.18084,89.43326,296.65,0.33,0.55,"2025-09-29",2046,"N20","nominal","2.0NRT",284.46,0.35,"N"
"2587",46.65167,64.4604,312.09,0.42,0.61,"2025-09-29",2046,"N20","nominal","2.0NRT",275.26,0.92,"N"
"2588",46.65017,64.46312,303.8,0.42,0.61,"2025-09-29",2046,"N20","nominal","2.0NRT",275.61,0.78,"N"
"2589",40.56756,95.74324,296.53,0.79,0.78,"2025-09-29",2046,"N20","nominal","2.0NRT",279.84,1.86,"N"
"2590",46.1514,65.0102,299.14,0.4,0.6,"2025-09-29",2046,"N20","nominal","2.0NRT",274.56,0.46,"N"
"2591",42.85534,88.01056,312.06,0.58,0.52,"2025-09-29",2046,"N20","nominal","2.0NRT",286.81,2.08,"N"
"2592",42.82553,87.92384,305.26,0.57,0.52,"2025-09-29",2046,"N20","nominal","2.0NRT",290.21,1.26,"N"
"2593",43.52943,83.29109,295.21,0.51,0.41,"2025-09-29",2046,"N20","nominal","2.0NRT",272.13,0.74,"N"
"2594",41.82224,88.89846,304.78,0.34,0.56,"2025-09-29",2046,"N20","nominal","2.0NRT",287.79,1.66,"N"
"2595",41.82118,88.90237,318.68,0.34,0.56,"2025-09-29",2046,"N20","nominal","2.0NRT",288.7,1.66,"N"
"2596",41.82011,88.90631,298.33,0.34,0.56,"2025-09-29",2046,"N20","nominal","2.0NRT",288.31,1.65,"N"
"2597",41.76377,83.27296,301.74,0.55,0.43,"2025-09-29",2046,"N20","nominal","2.0NRT",285.65,1.64,"N"
"2598",41.83272,81.78954,315.96,0.48,0.4,"2025-09-29",2049,"N20","nominal","2.0NRT",283.74,1.72,"N"
"2599",41.70257,80.93071,302,0.45,0.39,"2025-09-29",2049,"N20","nominal","2.0NRT",276.42,1.17,"N"
"2600",40.87149,83.03217,295.08,0.56,0.43,"2025-09-29",2049,"N20","nominal","2.0NRT",281.69,1.03,"N"
"2601",41.30382,80.4342,300.58,0.44,0.38,"2025-09-29",2049,"N20","nominal","2.0NRT",281.59,0.99,"N"
"2602",42.55143,69.98969,295.4,0.42,0.45,"2025-09-29",2049,"N20","nominal","2.0NRT",280.06,0.89,"N"
"2603",41.06594,80.15221,295.39,0.43,0.38,"2025-09-29",2049,"N20","nominal","2.0NRT",284.26,0.56,"N"
"2604",41.03477,80.16348,296.54,0.43,0.38,"2025-09-29",2049,"N20","nominal","2.0NRT",283.26,0.86,"N"
"2605",42.35661,69.73323,295.92,0.43,0.46,"2025-09-29",2049,"N20","nominal","2.0NRT",271.15,1.07,"N"
"2606",42.31415,69.5419,302.31,0.44,0.46,"2025-09-29",2049,"N20","nominal","2.0NRT",263.49,0.82,"N"
"2607",41.50706,64.54242,295.51,0.39,0.59,"2025-09-29",2049,"N20","nominal","2.0NRT",268.34,0.72,"N"
"2608",39.90773,78.94874,295.65,0.41,0.37,"2025-09-29",2049,"N20","nominal","2.0NRT",284.72,0.64,"N"
"2609",41.03812,70.16517,313.35,0.39,0.44,"2025-09-29",2049,"N20","nominal","2.0NRT",287.56,1.57,"N"
"2610",41.03004,70.16367,298.71,0.39,0.44,"2025-09-29",2049,"N20","nominal","2.0NRT",285.57,0.73,"N"
"2611",40.9326,69.6451,304.73,0.42,0.45,"2025-09-29",2049,"N20","nominal","2.0NRT",285.21,1.29,"N"
"2612",40.56998,72.534,295.4,0.46,0.39,"2025-09-29",2049,"N20","nominal","2.0NRT",275.27,0.54,"N"
"2613",40.87177,69.52763,341.4,0.42,0.45,"2025-09-29",2049,"N20","nominal","2.0NRT",283.8,3.58,"N"
"2614",40.86761,69.52689,339.91,0.42,0.45,"2025-09-29",2049,"N20","nominal","2.0NRT",282.25,9.66,"N"
"2615",40.86298,69.53123,325.36,0.42,0.45,"2025-09-29",2049,"N20","nominal","2.0NRT",280.69,3.01,"N"
"2616",40.86252,69.53629,298.01,0.42,0.45,"2025-09-29",2049,"N20","nominal","2.0NRT",282.45,3.01,"N"
"2617",40.85789,69.54063,304.4,0.42,0.45,"2025-09-29",2049,"N20","nominal","2.0NRT",287.27,1.85,"N"
"2618",40.51728,72.59551,297.02,0.46,0.39,"2025-09-29",2049,"N20","nominal","2.0NRT",274.22,0.96,"N"
"2619",40.35036,71.5068,326.14,0.51,0.41,"2025-09-29",2049,"N20","nominal","2.0NRT",290.53,2.59,"N"
"2620",40.4848,69.17822,337.32,0.43,0.46,"2025-09-29",2049,"N20","nominal","2.0NRT",285.97,5.47,"N"
"2621",39.65326,75.94173,299.33,0.38,0.36,"2025-09-29",2049,"N20","nominal","2.0NRT",284.62,1.09,"N"
"2622",39.64998,75.9409,313.88,0.38,0.36,"2025-09-29",2049,"N20","nominal","2.0NRT",286.28,1.09,"N"
"2623",39.73355,75.0181,300.38,0.39,0.36,"2025-09-29",2049,"N20","nominal","2.0NRT",280.13,0.73,"N"
"2624",39.53159,76.04589,297.85,0.38,0.36,"2025-09-29",2049,"N20","nominal","2.0NRT",285.87,0.47,"N"
"2625",39.523,76.05743,303.37,0.38,0.36,"2025-09-29",2049,"N20","nominal","2.0NRT",286.25,0.99,"N"
"2626",39.5286,75.9992,300.39,0.38,0.36,"2025-09-29",2049,"N20","nominal","2.0NRT",286.25,0.8,"N"
"2627",40.35709,63.59616,301.95,0.43,0.62,"2025-09-29",2049,"N20","nominal","2.0NRT",285.79,0.74,"N"
"2628",40.01155,68.44365,310.49,0.47,0.48,"2025-09-29",2049,"N20","nominal","2.0NRT",285.48,1.33,"N"
"2629",39.05004,76.18145,295.04,0.38,0.36,"2025-09-29",2049,"N20","nominal","2.0NRT",284.86,0.82,"N"
"2630",40.1051,65.33652,303.68,0.34,0.56,"2025-09-29",2049,"N20","nominal","2.0NRT",288.89,0.56,"N"
"2631",40.10438,65.33451,301.51,0.34,0.56,"2025-09-29",2049,"N20","nominal","2.0NRT",287.07,0.65,"N"
"2632",40.05482,65.28912,301.17,0.34,0.56,"2025-09-29",2049,"N20","nominal","2.0NRT",287.84,1.21,"N"
"2633",39.856,66.1959,296.12,0.61,0.53,"2025-09-29",2049,"N20","nominal","2.0NRT",285.72,1.01,"N"
"2634",39.56097,63.44954,314.18,0.43,0.62,"2025-09-29",2049,"N20","nominal","2.0NRT",286.86,1.1,"N"
"2635",39.55952,63.44865,317.01,0.43,0.62,"2025-09-29",2049,"N20","nominal","2.0NRT",286.11,1.12,"N"
"2636",39.55928,63.45369,297.57,0.43,0.62,"2025-09-29",2049,"N20","nominal","2.0NRT",286.4,1.12,"N"
"2637",39.30705,62.96993,296.88,0.45,0.63,"2025-09-29",2049,"N20","nominal","2.0NRT",286.71,0.75,"N"
"2638",39.19026,65.28529,305.1,0.34,0.56,"2025-09-29",2049,"N20","nominal","2.0NRT",289.71,1.38,"N"
"2639",39.18027,63.22006,299.28,0.44,0.62,"2025-09-29",2049,"N20","nominal","2.0NRT",286.9,0.62,"N"
"2640",39.16745,63.24989,299.98,0.43,0.62,"2025-09-29",2049,"N20","nominal","2.0NRT",285.91,0.93,"N"
"2641",39.16724,63.25502,302.21,0.43,0.62,"2025-09-29",2049,"N20","nominal","2.0NRT",286.2,1.39,"N"
"2642",39.17979,63.21935,301.6,0.44,0.62,"2025-09-29",2049,"N20","nominal","2.0NRT",286.3,0.8,"N"
"2643",39.17255,63.24966,298.74,0.43,0.62,"2025-09-29",2049,"N20","nominal","2.0NRT",286,1.07,"N"
"2644",39.16196,63.46643,297.12,0.42,0.61,"2025-09-29",2049,"N20","nominal","2.0NRT",285.81,0.59,"N"
"2645",39.1302,63.41371,298.97,0.43,0.62,"2025-09-29",2049,"N20","nominal","2.0NRT",286.2,1.01,"N"
"2646",39.12968,63.30238,300.89,0.43,0.62,"2025-09-29",2049,"N20","nominal","2.0NRT",286.11,0.71,"N"
"2647",39.11681,63.33181,301.29,0.43,0.62,"2025-09-29",2049,"N20","nominal","2.0NRT",286.88,0.63,"N"
"2648",39.0545,63.44235,298.95,0.42,0.61,"2025-09-29",2049,"N20","nominal","2.0NRT",286.26,0.65,"N"
"2649",37.20241,79.30294,296.12,0.45,0.39,"2025-09-29",2049,"N20","nominal","2.0NRT",280.38,0.37,"N"
"2650",37.14447,79.49635,303.74,0.46,0.39,"2025-09-29",2049,"N20","nominal","2.0NRT",284.28,0.79,"N"
"2651",39.05822,63.44041,302.22,0.42,0.61,"2025-09-29",2049,"N20","nominal","2.0NRT",285.48,0.64,"N"
"2652",38.97715,63.46352,297.03,0.42,0.61,"2025-09-29",2049,"N20","nominal","2.0NRT",286.92,0.49,"N"
"2653",38.94444,64.13157,297.74,0.39,0.59,"2025-09-29",2049,"N20","nominal","2.0NRT",286.28,0.82,"N"
"2654",38.87331,63.79578,298.32,0.4,0.6,"2025-09-29",2049,"N20","nominal","2.0NRT",285.57,0.51,"N"
"2655",38.83868,63.81634,297.66,0.4,0.6,"2025-09-29",2049,"N20","nominal","2.0NRT",285.38,0.69,"N"
"2656",38.67968,65.95396,300.57,0.61,0.54,"2025-09-29",2049,"N20","nominal","2.0NRT",284.73,1.48,"N"
"2657",38.67921,65.96112,303.81,0.61,0.54,"2025-09-29",2049,"N20","nominal","2.0NRT",284.49,1.48,"N"
"2658",38.67857,65.95368,298.68,0.61,0.54,"2025-09-29",2049,"N20","nominal","2.0NRT",283.64,1.41,"N"
"2659",38.67806,65.96085,303.64,0.61,0.54,"2025-09-29",2049,"N20","nominal","2.0NRT",283.91,1.02,"N"
"2660",38.45783,65.79839,301.41,0.62,0.54,"2025-09-29",2049,"N20","nominal","2.0NRT",284.18,1.26,"N"
"2661",38.05696,67.29252,303.34,0.51,0.49,"2025-09-29",2049,"N20","nominal","2.0NRT",286.51,0.78,"N"
"2662",38.05474,67.26244,347.05,0.51,0.5,"2025-09-29",2049,"N20","nominal","2.0NRT",300.72,13.11,"N"
"2663",38.05519,67.25673,305.83,0.51,0.5,"2025-09-29",2049,"N20","nominal","2.0NRT",287.3,13.11,"N"
"2664",38.05428,67.26816,303.93,0.51,0.5,"2025-09-29",2049,"N20","nominal","2.0NRT",288.43,4.07,"N"
"2665",38.0568,67.29211,303.97,0.51,0.49,"2025-09-29",2049,"N20","nominal","2.0NRT",286.35,0.95,"N"
"2666",38.05475,67.26209,334,0.51,0.5,"2025-09-29",2049,"N20","nominal","2.0NRT",315.36,32.36,"N"
"2667",38.05524,67.25637,302.39,0.51,0.5,"2025-09-29",2049,"N20","nominal","2.0NRT",287.43,2,"N"
"2668",38.05427,67.2678,310.86,0.51,0.5,"2025-09-29",2049,"N20","nominal","2.0NRT",290.46,32.36,"N"
"2669",38.0502,67.26134,346.87,0.51,0.5,"2025-09-29",2049,"N20","nominal","2.0NRT",301.73,32.36,"N"
"2670",38.05069,67.25559,300.5,0.51,0.5,"2025-09-29",2049,"N20","nominal","2.0NRT",286.35,2,"N"
"2671",38.04971,67.26707,310.55,0.51,0.5,"2025-09-29",2049,"N20","nominal","2.0NRT",290.13,32.36,"N"
"2672",38.16647,64.58994,297.77,0.36,0.57,"2025-09-29",2049,"N20","nominal","2.0NRT",285.23,0.6,"N"
"2673",38.25994,58.38358,298.59,0.79,0.78,"2025-09-29",2049,"N20","nominal","2.0NRT",287.93,1.57,"N"
"2674",37.9674,65.00299,310.86,0.34,0.56,"2025-09-29",2049,"N20","nominal","2.0NRT",285.81,0.89,"N"
"2675",37.90395,65.10186,300.68,0.34,0.56,"2025-09-29",2049,"N20","nominal","2.0NRT",285.54,0.42,"N"
"2676",37.90714,65.1027,302.66,0.34,0.56,"2025-09-29",2049,"N20","nominal","2.0NRT",286.46,0.6,"N"
"2677",37.88757,65.08506,302.7,0.34,0.56,"2025-09-29",2049,"N20","nominal","2.0NRT",285.88,0.51,"N"
"2678",37.8301,65.17157,298.96,0.33,0.55,"2025-09-29",2049,"N20","nominal","2.0NRT",285.65,0.55,"N"
"2679",37.78754,65.35284,306.29,0.32,0.55,"2025-09-29",2049,"N20","nominal","2.0NRT",286.41,1.06,"N"
"2680",37.98381,61.88171,295.31,0.51,0.66,"2025-09-29",2049,"N20","nominal","2.0NRT",285.06,0.5,"N"
"2681",37.78931,65.35239,297.6,0.32,0.55,"2025-09-29",2049,"N20","nominal","2.0NRT",285.86,0.63,"N"
"2682",37.78904,65.35614,303.08,0.32,0.55,"2025-09-29",2049,"N20","nominal","2.0NRT",287.16,0.79,"N"
"2683",37.76862,65.42847,302.51,0.32,0.55,"2025-09-29",2049,"N20","nominal","2.0NRT",287.3,0.3,"N"
"2684",37.75671,65.45296,299.97,0.32,0.55,"2025-09-29",2049,"N20","nominal","2.0NRT",288.88,0.44,"N"
"2685",37.67766,65.26078,296.61,0.33,0.55,"2025-09-29",2051,"N20","nominal","2.0NRT",285.02,0.39,"N"
"2686",37.67451,65.26067,296.29,0.33,0.55,"2025-09-29",2051,"N20","nominal","2.0NRT",285.34,0.47,"N"
"2687",37.65889,65.33777,297.54,0.32,0.55,"2025-09-29",2051,"N20","nominal","2.0NRT",287.08,0.28,"N"
"2688",37.79631,62.54643,318.09,0.46,0.64,"2025-09-29",2051,"N20","nominal","2.0NRT",285.27,2.28,"N"
"2689",37.79087,62.5353,305.3,0.46,0.64,"2025-09-29",2051,"N20","nominal","2.0NRT",286.09,0.97,"N"
"2690",37.66913,62.23565,296.58,0.48,0.65,"2025-09-29",2051,"N20","nominal","2.0NRT",285.08,0.83,"N"
"2691",37.66313,62.23521,304.16,0.48,0.65,"2025-09-29",2051,"N20","nominal","2.0NRT",285.15,1.27,"N"
"2692",37.6404,62.2,299.56,0.48,0.65,"2025-09-29",2051,"N20","nominal","2.0NRT",284.6,0.86,"N"
"2693",37.62964,62.16563,297,0.49,0.65,"2025-09-29",2051,"N20","nominal","2.0NRT",285.68,1.05,"N"
"2694",37.62297,62.13511,299.11,0.49,0.65,"2025-09-29",2051,"N20","nominal","2.0NRT",287.14,0.93,"N"
"2695",37.61447,61.57331,301.88,0.52,0.67,"2025-09-29",2051,"N20","nominal","2.0NRT",287.32,0.93,"N"
"2696",37.61337,61.60354,302.24,0.52,0.67,"2025-09-29",2051,"N20","nominal","2.0NRT",287.4,1.29,"N"
"2697",37.59755,61.52352,296.86,0.53,0.67,"2025-09-29",2051,"N20","nominal","2.0NRT",286.41,1.03,"N"
"2698",37.59648,61.55389,299.09,0.52,0.67,"2025-09-29",2051,"N20","nominal","2.0NRT",286.23,0.95,"N"
"2699",37.49997,61.84511,300.52,0.5,0.66,"2025-09-29",2051,"N20","nominal","2.0NRT",287.66,0.93,"N"
"2700",37.42702,62.30921,297.67,0.48,0.64,"2025-09-29",2051,"N20","nominal","2.0NRT",285.57,0.95,"N"
"2701",37.42409,62.30981,296.45,0.47,0.64,"2025-09-29",2051,"N20","nominal","2.0NRT",285.77,0.45,"N"
"2702",37.12316,62.35558,299.45,0.47,0.64,"2025-09-29",2051,"N20","nominal","2.0NRT",285.93,5.38,"N"
"2703",37.11699,62.36052,301.55,0.47,0.64,"2025-09-29",2051,"N20","nominal","2.0NRT",288.27,3.96,"N"
"2704",37.12001,62.35487,298.77,0.47,0.64,"2025-09-29",2051,"N20","nominal","2.0NRT",286.79,3.12,"N"
"2705",37.11975,62.36025,299.89,0.47,0.64,"2025-09-29",2051,"N20","nominal","2.0NRT",288.47,3.12,"N"
"2706",37.11381,62.35983,304.3,0.47,0.64,"2025-09-29",2051,"N20","nominal","2.0NRT",289.06,1.47,"N"
"2707",37.034,62.41301,325.01,0.47,0.64,"2025-09-29",2051,"N20","nominal","2.0NRT",288.42,5.43,"N"
"2708",37.03424,62.40768,302.98,0.47,0.64,"2025-09-29",2051,"N20","nominal","2.0NRT",286.3,2.6,"N"
"2709",35.61632,74.16308,306.1,0.39,0.36,"2025-09-29",2051,"N20","nominal","2.0NRT",281.15,1.45,"N"
"2710",35.61242,74.16641,295.94,0.39,0.36,"2025-09-29",2051,"N20","nominal","2.0NRT",281.64,0.68,"N"
"2711",35.67767,73.67792,322.92,0.39,0.37,"2025-09-29",2051,"N20","nominal","2.0NRT",282.17,2.56,"N"
"2712",35.60503,74.14766,305.25,0.39,0.36,"2025-09-29",2051,"N20","nominal","2.0NRT",277.28,0.48,"N"
"2713",35.66513,73.6699,295.46,0.39,0.37,"2025-09-29",2051,"N20","nominal","2.0NRT",282.5,0.64,"N"
"2714",35.42878,73.70668,295.38,0.39,0.36,"2025-09-29",2051,"N20","nominal","2.0NRT",280.32,0.54,"N"
"2715",36.50594,61.65777,304.71,0.51,0.66,"2025-09-29",2051,"N20","nominal","2.0NRT",285.3,0.88,"N"
"2716",36.50623,61.65787,298.69,0.51,0.66,"2025-09-29",2051,"N20","nominal","2.0NRT",285.22,0.48,"N"
"2717",35.96859,68.68594,301.18,0.41,0.45,"2025-09-29",2051,"N20","nominal","2.0NRT",289.51,1.02,"N"
"2718",35.23879,74.32179,303.09,0.39,0.36,"2025-09-29",2051,"N20","nominal","2.0NRT",283.12,0.79,"N"
"2719",36.46835,60.84677,302.23,0.56,0.69,"2025-09-29",2051,"N20","nominal","2.0NRT",288.07,2.13,"N"
"2720",35.25208,71.59118,330.57,0.45,0.39,"2025-09-29",2051,"N20","nominal","2.0NRT",289.19,3.17,"N"
"2721",33.84977,72.86905,307.57,0.4,0.37,"2025-09-29",2051,"N20","nominal","2.0NRT",295.15,1.24,"N"
"2722",33.90533,71.91406,312.47,0.42,0.38,"2025-09-29",2051,"N20","nominal","2.0NRT",297.06,1.5,"N"
"2723",33.90292,71.91685,306.29,0.42,0.38,"2025-09-29",2051,"N20","nominal","2.0NRT",295.19,1.75,"N"
"2724",33.68797,72.70988,312.34,0.4,0.37,"2025-09-29",2051,"N20","nominal","2.0NRT",293.98,1.06,"N"
"2725",34.44413,60.13838,299.57,0.6,0.71,"2025-09-29",2051,"N20","nominal","2.0NRT",287.59,0.63,"N"
"2726",33.40661,71.93884,309.28,0.42,0.38,"2025-09-29",2051,"N20","nominal","2.0NRT",295.94,1.15,"N"
"2727",32.89597,71.60625,309.14,0.42,0.38,"2025-09-29",2051,"N20","nominal","2.0NRT",298.21,1.31,"N"
"2728",32.72662,72.81716,307.79,0.4,0.37,"2025-09-29",2051,"N20","nominal","2.0NRT",295.65,0.92,"N"
"2729",32.88782,71.61419,310.22,0.42,0.38,"2025-09-29",2051,"N20","nominal","2.0NRT",299.35,2.25,"N"
"2730",32.89272,68.52166,308.42,0.38,0.44,"2025-09-29",2051,"N20","nominal","2.0NRT",280.41,0.95,"N"
"2731",32.10234,74.17415,312.33,0.38,0.36,"2025-09-29",2051,"N20","nominal","2.0NRT",297.04,1.63,"N"
"2732",31.41351,76.83636,306.01,0.43,0.38,"2025-09-29",2051,"N20","nominal","2.0NRT",293.86,0.7,"N"
"2733",32.29447,70.72974,310.41,0.45,0.39,"2025-09-29",2051,"N20","nominal","2.0NRT",297.66,1.65,"N"
"2734",31.32951,76.895,302.53,0.44,0.38,"2025-09-29",2051,"N20","nominal","2.0NRT",292.16,0.79,"N"
"2735",31.25,76.92857,302.08,0.44,0.38,"2025-09-29",2051,"N20","nominal","2.0NRT",291.36,0.42,"N"
"2736",26.76225,83.19941,310.37,0.39,0.59,"2025-09-29",2053,"N20","nominal","2.0NRT",289.95,1.27,"N"
"2737",26.75986,83.19943,310.92,0.39,0.59,"2025-09-29",2053,"N20","nominal","2.0NRT",290.88,1.66,"N"
"2738",28.4269,69.69949,316.66,0.45,0.39,"2025-09-29",2053,"N20","nominal","2.0NRT",298.13,2.12,"N"
"2739",28.05405,69.36094,310.61,0.46,0.39,"2025-09-29",2053,"N20","nominal","2.0NRT",297.52,1.08,"N"
"2740",26.92839,73.4681,305.31,0.39,0.36,"2025-09-29",2053,"N20","nominal","2.0NRT",290.81,2.15,"N"
"2741",26.87992,73.51425,305.56,0.39,0.36,"2025-09-29",2053,"N20","nominal","2.0NRT",290.8,1.87,"N"
"2742",26.87599,73.51745,305.75,0.39,0.36,"2025-09-29",2053,"N20","nominal","2.0NRT",290.97,1.9,"N"
"2743",23.69149,87.12157,302.9,0.79,0.78,"2025-09-29",2053,"N20","nominal","2.0NRT",283.81,3.38,"N"
"2744",23.6906,87.09687,302.66,0.79,0.78,"2025-09-29",2053,"N20","nominal","2.0NRT",284.06,1.12,"N"
"2745",23.66756,87.15469,305.9,0.79,0.78,"2025-09-29",2053,"N20","nominal","2.0NRT",283.48,1.03,"N"
"2746",23.6946,87.1215,302.45,0.79,0.78,"2025-09-29",2053,"N20","nominal","2.0NRT",283.98,3.07,"N"
"2747",23.69358,87.09672,302.5,0.79,0.78,"2025-09-29",2053,"N20","nominal","2.0NRT",284.03,2.89,"N"
"2748",23.66392,87.15257,302.43,0.8,0.78,"2025-09-29",2053,"N20","nominal","2.0NRT",283.6,1.16,"N"
"2749",23.80713,86.32453,304.02,0.7,0.75,"2025-09-29",2053,"N20","nominal","2.0NRT",284.76,2.12,"N"
"2750",23.76785,86.39204,303.17,0.71,0.75,"2025-09-29",2053,"N20","nominal","2.0NRT",285.25,2.35,"N"
"2751",23.76608,86.39875,306.19,0.71,0.75,"2025-09-29",2053,"N20","nominal","2.0NRT",285.07,2.35,"N"
"2752",23.75936,86.39684,313.14,0.71,0.75,"2025-09-29",2053,"N20","nominal","2.0NRT",285.02,2.35,"N"
"2753",23.56269,87.08058,308.37,0.79,0.78,"2025-09-29",2053,"N20","nominal","2.0NRT",283.57,2.73,"N"
"2754",23.78169,86.20277,306.72,0.69,0.74,"2025-09-29",2053,"N20","nominal","2.0NRT",284.32,1.83,"N"
"2755",23.80576,86.32417,304.52,0.7,0.75,"2025-09-29",2053,"N20","nominal","2.0NRT",285.05,3.13,"N"
"2756",23.76692,86.39181,303.22,0.71,0.75,"2025-09-29",2053,"N20","nominal","2.0NRT",284.7,4.27,"N"
"2757",23.7652,86.39853,310.62,0.71,0.75,"2025-09-29",2053,"N20","nominal","2.0NRT",284.84,5.12,"N"
"2758",23.75847,86.39661,306.2,0.71,0.75,"2025-09-29",2053,"N20","nominal","2.0NRT",284.79,3.93,"N"
"2759",23.56581,87.08233,308.69,0.79,0.78,"2025-09-29",2053,"N20","nominal","2.0NRT",283.71,1.98,"N"
"2760",23.77805,86.2085,303,0.69,0.74,"2025-09-29",2053,"N20","nominal","2.0NRT",284.54,3.7,"N"
"2761",23.61356,86.78658,304.47,0.76,0.77,"2025-09-29",2053,"N20","nominal","2.0NRT",284.28,1.41,"N"
"2762",23.68789,86.39031,312.3,0.71,0.75,"2025-09-29",2053,"N20","nominal","2.0NRT",284.69,2.59,"N"
"2763",23.68114,86.38847,303.61,0.71,0.75,"2025-09-29",2053,"N20","nominal","2.0NRT",284.73,2.59,"N"
"2764",23.67945,86.39496,304.32,0.71,0.75,"2025-09-29",2053,"N20","nominal","2.0NRT",284.85,2.59,"N"
"2765",23.67877,86.39301,302.94,0.71,0.75,"2025-09-29",2053,"N20","nominal","2.0NRT",284.91,2.32,"N"
"2766",23.67705,86.39979,304.5,0.72,0.75,"2025-09-29",2053,"N20","nominal","2.0NRT",285.05,2.32,"N"
"2767",24.4507,83.03968,303.99,0.43,0.62,"2025-09-29",2053,"N20","nominal","2.0NRT",287.75,0.68,"N"
"2768",23.75878,85.85479,303.5,0.66,0.73,"2025-09-29",2053,"N20","nominal","2.0NRT",285.46,2.3,"N"
"2769",23.68383,86.09298,307,0.68,0.74,"2025-09-29",2053,"N20","nominal","2.0NRT",284.24,1.97,"N"
"2770",23.65553,85.50619,298.47,0.63,0.72,"2025-09-29",2053,"N20","nominal","2.0NRT",278.08,0.69,"N"
"2771",24.16107,82.67078,304.85,0.41,0.61,"2025-09-29",2053,"N20","nominal","2.0NRT",287.69,0.68,"N"
"2772",24.15697,82.56503,325.2,0.4,0.6,"2025-09-29",2053,"N20","nominal","2.0NRT",288.37,3.11,"N"
"2773",24.14126,82.63204,303,0.41,0.61,"2025-09-29",2053,"N20","nominal","2.0NRT",288.01,0.92,"N"
"2774",24.16179,82.5657,307.08,0.4,0.6,"2025-09-29",2053,"N20","nominal","2.0NRT",287.46,1.59,"N"
"2775",24.15625,82.56483,323.41,0.4,0.6,"2025-09-29",2053,"N20","nominal","2.0NRT",288.09,1.59,"N"
"2776",26.23577,68.9128,307.06,0.47,0.39,"2025-09-29",2053,"N20","nominal","2.0NRT",284.04,0.64,"N"
"2777",24.16883,80.69248,304.85,0.62,0.54,"2025-09-29",2053,"N20","nominal","2.0NRT",287.45,1.25,"N"
"2778",26.19722,68.92542,325.13,0.46,0.39,"2025-09-29",2053,"N20","nominal","2.0NRT",286.86,1.96,"N"
"2779",26.19361,68.92483,308.12,0.46,0.39,"2025-09-29",2053,"N20","nominal","2.0NRT",286.63,1.61,"N"
"2780",26.19582,68.92731,320.2,0.46,0.39,"2025-09-29",2053,"N20","nominal","2.0NRT",286.89,2.14,"N"
"2781",26.19644,68.92268,310.7,0.46,0.39,"2025-09-29",2053,"N20","nominal","2.0NRT",286.3,1.85,"N"
"2782",22.87483,86.06155,304.26,0.71,0.75,"2025-09-29",2053,"N20","nominal","2.0NRT",285.28,1.04,"N"
"2783",26.18994,68.74975,301.44,0.47,0.4,"2025-09-29",2053,"N20","nominal","2.0NRT",281.87,0.48,"N"
"2784",22.78996,86.19633,303.94,0.73,0.76,"2025-09-29",2053,"N20","nominal","2.0NRT",285.53,3.85,"N"
"2785",22.80255,86.09049,303.75,0.72,0.75,"2025-09-29",2053,"N20","nominal","2.0NRT",285.31,2.78,"N"
"2786",26.12193,68.81539,313.88,0.47,0.4,"2025-09-29",2053,"N20","nominal","2.0NRT",282.21,1.21,"N"
"2787",22.57741,85.89138,305.46,0.71,0.75,"2025-09-29",2053,"N20","nominal","2.0NRT",284.85,2.85,"N"
"2788",22.57573,85.8979,307.07,0.71,0.75,"2025-09-29",2053,"N20","nominal","2.0NRT",284.91,2.46,"N"
"2789",22.57626,85.89079,302.1,0.71,0.75,"2025-09-29",2053,"N20","nominal","2.0NRT",285.42,2.2,"N"
"2790",22.57462,85.89732,311.62,0.71,0.75,"2025-09-29",2053,"N20","nominal","2.0NRT",285.47,2.2,"N"
"2791",25.79475,68.69794,306.39,0.47,0.4,"2025-09-29",2053,"N20","nominal","2.0NRT",287.42,0.84,"N"
"2792",25.79454,68.69611,308.26,0.47,0.4,"2025-09-29",2053,"N20","nominal","2.0NRT",287.58,1,"N"
"2793",24.76537,74.61018,307.98,0.43,0.38,"2025-09-29",2053,"N20","nominal","2.0NRT",291.61,0.98,"N"
"2794",23.17001,82.33961,318.34,0.41,0.61,"2025-09-29",2053,"N20","nominal","2.0NRT",287.56,2.88,"N"
"2795",23.16547,82.33424,342.33,0.41,0.61,"2025-09-29",2053,"N20","nominal","2.0NRT",287.75,6.54,"N"
"2796",23.16453,82.33831,313.06,0.41,0.61,"2025-09-29",2053,"N20","nominal","2.0NRT",287.27,2.88,"N"
"2797",24.66169,74.63164,310.81,0.43,0.38,"2025-09-29",2053,"N20","nominal","2.0NRT",291.96,1.71,"N"
"2798",24.66283,74.63295,309.71,0.43,0.38,"2025-09-29",2053,"N20","nominal","2.0NRT",292.33,1.54,"N"
"2799",25.38921,68.58061,309.99,0.47,0.4,"2025-09-29",2053,"N20","nominal","2.0NRT",281.25,1.05,"N"
"2800",22.22371,84.75032,302.51,0.61,0.71,"2025-09-29",2053,"N20","nominal","2.0NRT",285.81,2.24,"N"
"2801",22.22351,84.74921,301.83,0.61,0.71,"2025-09-29",2053,"N20","nominal","2.0NRT",285.71,1.69,"N"
"2802",22.22214,84.7549,303.58,0.61,0.71,"2025-09-29",2053,"N20","nominal","2.0NRT",286.1,2.06,"N"
"2803",21.96796,85.30965,300.18,0.67,0.74,"2025-09-29",2053,"N20","nominal","2.0NRT",284.27,0.74,"N"
"2804",21.93105,85.21633,306.74,0.66,0.73,"2025-09-29",2053,"N20","nominal","2.0NRT",284.2,2.07,"N"
"2805",21.92942,85.22292,307.64,0.66,0.73,"2025-09-29",2053,"N20","nominal","2.0NRT",284.46,2.07,"N"
"2806",21.92286,85.2211,300,0.66,0.73,"2025-09-29",2053,"N20","nominal","2.0NRT",283.83,1.63,"N"
"2807",25.81192,61.5234,300.66,0.41,0.61,"2025-09-29",2053,"N20","nominal","2.0NRT",284.89,0.22,"N"
"2808",22.33184,82.60094,304.25,0.45,0.63,"2025-09-29",2053,"N20","nominal","2.0NRT",285.86,1.16,"N"
"2809",22.04774,83.7315,304.21,0.53,0.67,"2025-09-29",2053,"N20","nominal","2.0NRT",286.17,1.88,"N"
"2810",22.04294,83.72472,328.21,0.53,0.67,"2025-09-29",2053,"N20","nominal","2.0NRT",286.43,4.95,"N"
"2811",22.04173,83.72977,314.32,0.53,0.67,"2025-09-29",2053,"N20","nominal","2.0NRT",286.66,2.71,"N"
"2812",22.04053,83.73475,305.52,0.53,0.67,"2025-09-29",2053,"N20","nominal","2.0NRT",286.48,2.71,"N"
"2813",22.04144,83.35193,306.31,0.5,0.66,"2025-09-29",2053,"N20","nominal","2.0NRT",286.58,1.31,"N"
"2814",22.08537,83.1124,306.17,0.49,0.65,"2025-09-29",2053,"N20","nominal","2.0NRT",285.7,1.03,"N"
"2815",22.02003,83.33631,301.99,0.5,0.66,"2025-09-29",2053,"N20","nominal","2.0NRT",286.14,0.89,"N"
"2816",25.73815,58.24775,295.5,0.66,0.73,"2025-09-29",2053,"N20","nominal","2.0NRT",275.93,0.57,"N"
"2817",21.87838,83.55146,304.73,0.52,0.67,"2025-09-29",2053,"N20","nominal","2.0NRT",286.09,1.11,"N"
"2818",21.76771,84.01438,302.61,0.56,0.69,"2025-09-29",2053,"N20","nominal","2.0NRT",284.83,1.81,"N"
"2819",21.76646,84.01955,303.03,0.56,0.69,"2025-09-29",2053,"N20","nominal","2.0NRT",285.39,1.81,"N"
"2820",21.92053,83.34691,303.33,0.51,0.66,"2025-09-29",2053,"N20","nominal","2.0NRT",286.58,1.46,"N"
"2821",21.75904,84.02311,307.15,0.56,0.69,"2025-09-29",2053,"N20","nominal","2.0NRT",285.86,2.92,"N"
"2822",21.87917,83.49461,303.28,0.52,0.67,"2025-09-29",2053,"N20","nominal","2.0NRT",286.03,0.89,"N"
"2823",21.76373,83.84156,309.67,0.55,0.68,"2025-09-29",2053,"N20","nominal","2.0NRT",285.69,1.73,"N"
"2824",21.75934,83.83837,304.09,0.55,0.68,"2025-09-29",2053,"N20","nominal","2.0NRT",285.71,2.36,"N"
"2825",22.15448,82.09369,307.1,0.42,0.61,"2025-09-29",2053,"N20","nominal","2.0NRT",286.46,0.64,"N"
"2826",21.74598,83.81257,304.34,0.55,0.68,"2025-09-29",2053,"N20","nominal","2.0NRT",285.83,0.99,"N"
"2827",22.00688,82.66611,302.93,0.46,0.63,"2025-09-29",2053,"N20","nominal","2.0NRT",286.68,1.04,"N"
"2828",22.00591,82.67034,309.84,0.46,0.63,"2025-09-29",2053,"N20","nominal","2.0NRT",286.98,1.04,"N"
"2829",21.98773,82.01327,305.21,0.42,0.61,"2025-09-29",2053,"N20","nominal","2.0NRT",287.41,0.55,"N"
"2830",21.98829,82.01453,306.66,0.42,0.61,"2025-09-29",2053,"N20","nominal","2.0NRT",287.67,0.71,"N"
"2831",20.96361,86.00462,304.42,0.78,0.78,"2025-09-29",2053,"N20","nominal","2.0NRT",286.28,1.37,"N"
"2832",21.80362,82.03928,304.89,0.42,0.61,"2025-09-29",2053,"N20","nominal","2.0NRT",286.81,0.77,"N"
"2833",21.73472,82.21323,303.11,0.43,0.62,"2025-09-29",2053,"N20","nominal","2.0NRT",285.95,0.54,"N"
"2834",20.976,85.16857,304.3,0.69,0.74,"2025-09-29",2053,"N20","nominal","2.0NRT",285.32,2.26,"N"
"2835",20.96938,85.1666,305.1,0.69,0.74,"2025-09-29",2053,"N20","nominal","2.0NRT",285.19,4.11,"N"
"2836",20.96626,85.17927,304.33,0.69,0.74,"2025-09-29",2053,"N20","nominal","2.0NRT",285.29,4.61,"N"
"2837",20.96467,85.18575,313.31,0.69,0.74,"2025-09-29",2053,"N20","nominal","2.0NRT",285.55,3.52,"N"
"2838",20.79713,85.24868,312.85,0.71,0.75,"2025-09-29",2053,"N20","nominal","2.0NRT",277.33,3.68,"N"
"2839",20.79551,85.25521,299.97,0.71,0.75,"2025-09-29",2053,"N20","nominal","2.0NRT",278.83,3.54,"N"
"2840",20.76384,85.29578,315.33,0.71,0.75,"2025-09-29",2053,"N20","nominal","2.0NRT",285.87,3.58,"N"
"2841",20.79602,85.24819,308.93,0.71,0.75,"2025-09-29",2053,"N20","nominal","2.0NRT",278.11,2.43,"N"
"2842",20.79443,85.25475,303.13,0.71,0.75,"2025-09-29",2053,"N20","nominal","2.0NRT",278.75,2.43,"N"
"2843",20.7877,85.253,297.54,0.71,0.75,"2025-09-29",2053,"N20","nominal","2.0NRT",277.51,2.48,"N"
"2844",20.76306,85.29534,316.77,0.71,0.75,"2025-09-29",2053,"N20","nominal","2.0NRT",286.09,4.02,"N"
"2845",21.49025,81.76986,301.35,0.41,0.61,"2025-09-29",2053,"N20","nominal","2.0NRT",286,0.86,"N"
"2846",21.4848,81.76845,301.87,0.41,0.61,"2025-09-29",2053,"N20","nominal","2.0NRT",286.43,0.97,"N"
"2847",22.36549,73.11488,322.01,0.4,0.37,"2025-09-29",2053,"N20","nominal","2.0NRT",288.67,1.77,"N"
"2848",21.74234,73.0112,302.17,0.4,0.37,"2025-09-29",2053,"N20","nominal","2.0NRT",289.66,0.89,"N"
"2849",22.4028,56.9839,300.4,0.74,0.76,"2025-09-29",2055,"N20","nominal","2.0NRT",273.91,1.06,"N"
"2850",18.72102,79.50816,305.7,0.33,0.56,"2025-09-29",2055,"N20","nominal","2.0NRT",272.57,1.07,"N"
"2851",19.52976,71.3001,308.96,0.39,0.36,"2025-09-29",2055,"N20","nominal","2.0NRT",289.75,2.36,"N"
"2852",19.37414,71.35904,308.83,0.39,0.36,"2025-09-29",2055,"N20","nominal","2.0NRT",289.14,2.57,"N"
"2853",17.28515,42.40287,318.96,0.43,0.38,"2025-09-29",2235,"N20","nominal","2.0NRT",299.48,3.22,"N"
"2854",17.2782,42.40177,314.57,0.43,0.38,"2025-09-29",2235,"N20","nominal","2.0NRT",297.79,5.02,"N"
"2855",16.94071,42.63072,312.72,0.42,0.37,"2025-09-29",2235,"N20","nominal","2.0NRT",299.04,1.27,"N"
"2856",16.94013,42.63462,314.39,0.42,0.37,"2025-09-29",2235,"N20","nominal","2.0NRT",299.2,1.4,"N"
"2857",17.87358,33.83441,307.73,0.48,0.64,"2025-09-29",2235,"N20","nominal","2.0NRT",295.26,1.15,"N"
"2858",16.73513,43.04984,311.67,0.4,0.37,"2025-09-29",2235,"N20","nominal","2.0NRT",299.26,1.51,"N"
"2859",15.59639,49.1296,306.23,0.55,0.43,"2025-09-29",2235,"N20","nominal","2.0NRT",291.81,0.74,"N"
"2860",17.70783,33.79865,306.63,0.48,0.64,"2025-09-29",2235,"N20","nominal","2.0NRT",295.11,1.08,"N"
"2861",15.82063,45.8345,321.47,0.4,0.37,"2025-09-29",2235,"N20","nominal","2.0NRT",292.52,1.98,"N"
"2862",15.61385,46.01093,322.6,0.4,0.37,"2025-09-29",2235,"N20","nominal","2.0NRT",292.68,1.86,"N"
"2863",15.61262,46.01834,311.21,0.4,0.37,"2025-09-29",2235,"N20","nominal","2.0NRT",291.73,1.19,"N"
"2864",15.58079,45.80125,321.59,0.4,0.37,"2025-09-29",2235,"N20","nominal","2.0NRT",292.59,0.99,"N"
"2865",15.57745,45.80067,304.98,0.4,0.37,"2025-09-29",2235,"N20","nominal","2.0NRT",291.86,0.99,"N"
"2866",15.55158,45.76976,306.01,0.4,0.37,"2025-09-29",2235,"N20","nominal","2.0NRT",292.25,1.13,"N"
"2867",16.10481,34.11149,311.63,0.44,0.62,"2025-09-29",2235,"N20","nominal","2.0NRT",294.84,1.25,"N"
"2868",16.10332,34.11104,317.28,0.43,0.62,"2025-09-29",2235,"N20","nominal","2.0NRT",294.87,1.88,"N"
"2869",16.01196,33.5941,307.85,0.47,0.64,"2025-09-29",2235,"N20","nominal","2.0NRT",295.49,2.15,"N"
"2870",16.01149,33.59852,315.19,0.47,0.64,"2025-09-29",2235,"N20","nominal","2.0NRT",296.2,3.78,"N"
"2871",16.00605,33.59343,315.32,0.47,0.64,"2025-09-29",2235,"N20","nominal","2.0NRT",295.99,2.15,"N"
"2872",16.00013,33.59277,305.78,0.47,0.64,"2025-09-29",2235,"N20","nominal","2.0NRT",295.55,1.28,"N"
"2873",15.36489,32.34035,307.5,0.56,0.69,"2025-09-29",2235,"N20","nominal","2.0NRT",294.04,2.17,"N"
"2874",14.83681,32.59066,296.23,0.53,0.67,"2025-09-29",2237,"N20","nominal","2.0NRT",269.62,0.41,"N"
"2875",14.83061,32.58991,297.61,0.53,0.67,"2025-09-29",2237,"N20","nominal","2.0NRT",269.6,0.41,"N"
"2876",14.75801,30.02081,302.47,0.78,0.78,"2025-09-29",2237,"N20","nominal","2.0NRT",282.86,2.12,"N"
"2877",14.75635,29.96065,308.08,0.79,0.78,"2025-09-29",2237,"N20","nominal","2.0NRT",280.9,1.51,"N"
"2878",14.7508,30.01995,306.34,0.78,0.78,"2025-09-29",2237,"N20","nominal","2.0NRT",282.96,2.2,"N"
"2879",14.73844,29.99612,298.35,0.79,0.78,"2025-09-29",2237,"N20","nominal","2.0NRT",278.76,2.33,"N"
"2880",14.73054,30.00265,305.78,0.79,0.78,"2025-09-29",2237,"N20","nominal","2.0NRT",279.06,2.45,"N"
"2881",14.75553,30.01985,304.57,0.78,0.78,"2025-09-29",2237,"N20","nominal","2.0NRT",283.1,2.31,"N"
"2882",14.75422,29.95983,306.86,0.79,0.78,"2025-09-29",2237,"N20","nominal","2.0NRT",280.02,1.63,"N"
"2883",14.74832,30.01903,304.39,0.78,0.78,"2025-09-29",2237,"N20","nominal","2.0NRT",282.3,2.17,"N"
"2884",14.72815,30.00186,308.69,0.79,0.78,"2025-09-29",2237,"N20","nominal","2.0NRT",279.82,3.91,"N"
"2885",11.51335,43.09692,315.37,0.39,0.36,"2025-09-29",2237,"N20","nominal","2.0NRT",297.44,0.62,"N"
"2886",9.4706,44.67728,315.41,0.41,0.37,"2025-09-29",2237,"N20","nominal","2.0NRT",289.54,1.05,"N"
"2887",9.47001,44.68093,302.04,0.41,0.37,"2025-09-29",2237,"N20","nominal","2.0NRT",284.41,1.05,"N"
"2888",9.81672,38.87941,298.03,0.53,0.42,"2025-09-29",2237,"N20","nominal","2.0NRT",284.75,0.99,"N"
"2889",9.47417,38.65425,301.73,0.54,0.42,"2025-09-29",2237,"N20","nominal","2.0NRT",284.89,0.98,"N"
"2890",37.37496,56.9971,308.94,0.41,0.45,"2025-09-29",2229,"N20","nominal","2.0NRT",280.27,1.82,"N"
"2891",36.46712,60.85265,307.14,0.34,0.56,"2025-09-29",2229,"N20","nominal","2.0NRT",287.38,1.56,"N"
"2892",36.47843,59.74194,295.24,0.59,0.53,"2025-09-29",2229,"N20","nominal","2.0NRT",284.36,1.06,"N"
"2893",37.29532,55.48453,302.93,0.52,0.42,"2025-09-29",2229,"N20","nominal","2.0NRT",290.05,0.88,"N"
"2894",38.25071,46.042,297.34,0.48,0.4,"2025-09-29",2229,"N20","nominal","2.0NRT",287.11,0.8,"N"
"2895",36.45604,56.672,337.31,0.41,0.45,"2025-09-29",2229,"N20","nominal","2.0NRT",290.19,4.23,"N"
"2896",36.45699,56.66759,298.15,0.41,0.45,"2025-09-29",2229,"N20","nominal","2.0NRT",285.83,2.3,"N"
"2897",38.13279,45.68995,295.34,0.5,0.41,"2025-09-29",2229,"N20","nominal","2.0NRT",283.95,0.98,"N"
"2898",38.12972,45.68352,296.44,0.5,0.41,"2025-09-29",2229,"N20","nominal","2.0NRT",284.3,1.37,"N"
"2899",38.12906,45.68922,296.72,0.5,0.41,"2025-09-29",2229,"N20","nominal","2.0NRT",284.78,1.37,"N"
"2900",38.1284,45.69492,296.55,0.5,0.41,"2025-09-29",2229,"N20","nominal","2.0NRT",283.74,0.97,"N"
"2901",38.11788,45.68704,299.9,0.5,0.41,"2025-09-29",2229,"N20","nominal","2.0NRT",284.62,1.68,"N"
"2902",35.35606,60.21712,297.63,0.34,0.56,"2025-09-29",2229,"N20","nominal","2.0NRT",285.5,0.43,"N"
"2903",37.75149,46.93512,297.53,0.44,0.39,"2025-09-29",2229,"N20","nominal","2.0NRT",279.77,1.11,"N"
"2904",38.45427,38.72416,301.53,0.39,0.59,"2025-09-29",2229,"N20","nominal","2.0NRT",287.75,0.48,"N"
"2905",38.18707,40.29609,300.93,0.63,0.54,"2025-09-29",2229,"N20","nominal","2.0NRT",284.07,0.87,"N"
"2906",38.18157,40.30272,296.83,0.63,0.54,"2025-09-29",2229,"N20","nominal","2.0NRT",283.53,1.46,"N"
"2907",36.32176,54.18648,295.68,0.48,0.4,"2025-09-29",2229,"N20","nominal","2.0NRT",282.93,0.52,"N"
"2908",38.04132,40.21247,313.84,0.63,0.54,"2025-09-29",2229,"N20","nominal","2.0NRT",284.19,2.44,"N"
"2909",38.03631,40.21178,301.8,0.63,0.54,"2025-09-29",2229,"N20","nominal","2.0NRT",283.22,1.41,"N"
"2910",38.04168,40.21544,308.43,0.63,0.54,"2025-09-29",2229,"N20","nominal","2.0NRT",283.79,1.38,"N"
"2911",38.03666,40.21474,304.29,0.63,0.54,"2025-09-29",2229,"N20","nominal","2.0NRT",282.83,1.38,"N"
"2912",37.42657,46.00741,300.26,0.48,0.4,"2025-09-29",2229,"N20","nominal","2.0NRT",286.58,1.4,"N"
"2913",37.41544,46.03815,295.28,0.48,0.4,"2025-09-29",2229,"N20","nominal","2.0NRT",285.21,0.82,"N"
"2914",37.32694,45.27718,303.7,0.51,0.41,"2025-09-29",2229,"N20","nominal","2.0NRT",285.53,0.89,"N"
"2915",37.32318,45.27646,301.42,0.51,0.41,"2025-09-29",2229,"N20","nominal","2.0NRT",283.79,0.56,"N"
"2916",36.65099,49.51759,305.96,0.39,0.36,"2025-09-29",2229,"N20","nominal","2.0NRT",288.91,1.06,"N"
"2917",37.69395,39.25831,302.01,0.36,0.57,"2025-09-29",2229,"N20","nominal","2.0NRT",285.73,0.59,"N"
"2918",37.69466,39.2604,306.04,0.35,0.57,"2025-09-29",2229,"N20","nominal","2.0NRT",285.79,0.87,"N"
"2919",35.82984,52.80472,296.18,0.43,0.38,"2025-09-29",2229,"N20","nominal","2.0NRT",278.76,1.06,"N"
"2920",35.82296,52.80294,299.21,0.43,0.38,"2025-09-29",2229,"N20","nominal","2.0NRT",281.64,0.7,"N"
"2921",35.6382,53.47579,311.44,0.46,0.39,"2025-09-29",2229,"N20","nominal","2.0NRT",289.57,1.13,"N"
"2922",36.15282,50.28323,300.35,0.38,0.36,"2025-09-29",2229,"N20","nominal","2.0NRT",287.24,0.75,"N"
"2923",37.0806,42.56769,308.7,0.46,0.47,"2025-09-29",2229,"N20","nominal","2.0NRT",291.22,1.43,"N"
"2924",37.26435,40.29858,310.83,0.62,0.54,"2025-09-29",2229,"N20","nominal","2.0NRT",291.3,1.91,"N"
"2925",37.07732,42.55558,315.48,0.46,0.47,"2025-09-29",2229,"N20","nominal","2.0NRT",290.47,1.62,"N"
"2926",36.41365,48.20218,300.36,0.4,0.37,"2025-09-29",2229,"N20","nominal","2.0NRT",279.85,0.68,"N"
"2927",36.01682,50.59407,306.25,0.39,0.36,"2025-09-29",2229,"N20","nominal","2.0NRT",292.57,1.29,"N"
"2928",36.53896,46.92089,295.08,0.43,0.38,"2025-09-29",2229,"N20","nominal","2.0NRT",278.23,0.38,"N"
"2929",37.05429,42.13322,300.84,0.49,0.48,"2025-09-29",2229,"N20","nominal","2.0NRT",290.09,0.53,"N"
"2930",37.03304,42.16844,299.35,0.48,0.48,"2025-09-29",2229,"N20","nominal","2.0NRT",288.33,0.47,"N"
"2931",36.90717,43.38649,330.01,0.42,0.45,"2025-09-29",2229,"N20","nominal","2.0NRT",288.44,3.45,"N"
"2932",37.27969,38.72619,297.81,0.38,0.58,"2025-09-29",2229,"N20","nominal","2.0NRT",287.72,1.27,"N"
"2933",36.8947,43.42679,333.92,0.41,0.45,"2025-09-29",2229,"N20","nominal","2.0NRT",289.05,3.38,"N"
"2934",36.872,43.48553,332.21,0.41,0.45,"2025-09-29",2229,"N20","nominal","2.0NRT",290.71,2.06,"N"
"2935",36.86878,43.5175,304.33,0.41,0.45,"2025-09-29",2229,"N20","nominal","2.0NRT",289.34,0.68,"N"
"2936",36.86779,43.48583,300.77,0.41,0.45,"2025-09-29",2229,"N20","nominal","2.0NRT",289,2.06,"N"
"2937",37.29372,37.15206,305.16,0.46,0.64,"2025-09-29",2229,"N20","nominal","2.0NRT",287.44,0.94,"N"
"2938",37.01549,41.58004,300.01,0.52,0.5,"2025-09-29",2229,"N20","nominal","2.0NRT",286.87,0.68,"N"
"2939",36.96423,42.08012,311.7,0.49,0.48,"2025-09-29",2229,"N20","nominal","2.0NRT",287.07,1.31,"N"
"2940",35.69843,51.78503,304.25,0.41,0.37,"2025-09-29",2229,"N20","nominal","2.0NRT",287.8,1.09,"N"
"2941",36.94658,42.12809,338.72,0.48,0.48,"2025-09-29",2229,"N20","nominal","2.0NRT",292.1,5.68,"N"
"2942",36.94286,42.17134,322.61,0.48,0.48,"2025-09-29",2229,"N20","nominal","2.0NRT",290.49,2.01,"N"
"2943",36.93816,42.12124,300.35,0.48,0.48,"2025-09-29",2229,"N20","nominal","2.0NRT",286.89,0.9,"N"
"2944",36.93721,42.13223,302.54,0.48,0.48,"2025-09-29",2229,"N20","nominal","2.0NRT",289.89,1.3,"N"
"2945",36.94766,42.1319,323.42,0.48,0.48,"2025-09-29",2229,"N20","nominal","2.0NRT",291.08,2.68,"N"
"2946",36.94417,42.16967,320.19,0.48,0.48,"2025-09-29",2229,"N20","nominal","2.0NRT",289.48,2.23,"N"
"2947",36.94817,42.12645,301.2,0.48,0.48,"2025-09-29",2229,"N20","nominal","2.0NRT",289.32,2.51,"N"
"2948",36.93978,42.11966,303.83,0.48,0.48,"2025-09-29",2229,"N20","nominal","2.0NRT",286.93,1.22,"N"
"2949",36.93877,42.13064,302.87,0.48,0.48,"2025-09-29",2229,"N20","nominal","2.0NRT",290.19,1.41,"N"
"2950",36.77688,43.32364,345.54,0.42,0.45,"2025-09-29",2229,"N20","nominal","2.0NRT",297.1,6.38,"N"
"2951",36.69232,44.06784,304.3,0.57,0.43,"2025-09-29",2229,"N20","nominal","2.0NRT",291.33,1.03,"N"
"2952",35.71721,51.16123,314.5,0.39,0.37,"2025-09-29",2229,"N20","nominal","2.0NRT",289.37,1.1,"N"
"2953",36.74723,43.49444,302.77,0.41,0.45,"2025-09-29",2229,"N20","nominal","2.0NRT",288.96,1.03,"N"
"2954",35.73006,51.00365,303.68,0.39,0.36,"2025-09-29",2229,"N20","nominal","2.0NRT",291.74,1.06,"N"
"2955",36.73085,43.27667,313.13,0.42,0.45,"2025-09-29",2229,"N20","nominal","2.0NRT",291.81,0.81,"N"
"2956",35.61758,51.32741,299.39,0.4,0.37,"2025-09-29",2229,"N20","nominal","2.0NRT",289.38,0.43,"N"
"2957",35.57563,51.51151,321.17,0.4,0.37,"2025-09-29",2229,"N20","nominal","2.0NRT",297.15,2.11,"N"
"2958",35.57638,51.50717,305.82,0.4,0.37,"2025-09-29",2229,"N20","nominal","2.0NRT",292.44,1.73,"N"
"2959",35.54587,51.42218,313.34,0.4,0.37,"2025-09-29",2229,"N20","nominal","2.0NRT",296.14,2.53,"N"
"2960",35.53922,51.42049,301.37,0.4,0.37,"2025-09-29",2229,"N20","nominal","2.0NRT",290.75,1.5,"N"
"2961",35.53515,51.42397,306.34,0.4,0.37,"2025-09-29",2229,"N20","nominal","2.0NRT",294.29,1.5,"N"
"2962",35.52003,51.41104,300.4,0.4,0.37,"2025-09-29",2229,"N20","nominal","2.0NRT",287.7,0.83,"N"
"2963",35.43211,51.89212,302.55,0.41,0.37,"2025-09-29",2229,"N20","nominal","2.0NRT",288.57,0.3,"N"
"2964",35.43188,51.8891,301.5,0.41,0.37,"2025-09-29",2229,"N20","nominal","2.0NRT",287.07,0.47,"N"
"2965",35.41376,51.85216,313.36,0.41,0.37,"2025-09-29",2229,"N20","nominal","2.0NRT",293.04,2.06,"N"
"2966",35.4072,51.62945,297.16,0.4,0.37,"2025-09-29",2229,"N20","nominal","2.0NRT",285.4,0.25,"N"
"2967",35.41788,50.90884,323.37,0.39,0.36,"2025-09-29",2229,"N20","nominal","2.0NRT",287.78,2.83,"N"
"2968",36.44346,42.92822,321.83,0.43,0.46,"2025-09-29",2229,"N20","nominal","2.0NRT",295.9,1.82,"N"
"2969",36.45917,42.66578,298.99,0.45,0.47,"2025-09-29",2229,"N20","nominal","2.0NRT",288.15,0.71,"N"
"2970",36.44344,42.93079,321.82,0.43,0.46,"2025-09-29",2229,"N20","nominal","2.0NRT",296.92,3.37,"N"
"2971",35.48982,50.20279,295.69,0.39,0.36,"2025-09-29",2229,"N20","nominal","2.0NRT",283.46,0.69,"N"
"2972",35.48914,50.20699,296.05,0.39,0.36,"2025-09-29",2229,"N20","nominal","2.0NRT",284.42,0.65,"N"
"2973",36.46075,42.66893,302.63,0.45,0.47,"2025-09-29",2229,"N20","nominal","2.0NRT",290.12,0.82,"N"
"2974",35.37655,50.20753,298.62,0.39,0.36,"2025-09-29",2229,"N20","nominal","2.0NRT",287.69,0.73,"N"
"2975",36.45842,41.28082,298.09,0.53,0.5,"2025-09-29",2229,"N20","nominal","2.0NRT",287.74,0.64,"N"
"2976",35.26276,50.42434,313.36,0.39,0.36,"2025-09-29",2229,"N20","nominal","2.0NRT",286.7,1.12,"N"
"2977",35.52525,48.31248,298.29,0.39,0.36,"2025-09-29",2229,"N20","nominal","2.0NRT",274.47,0.47,"N"
"2978",36.09928,43.62769,311.14,0.39,0.44,"2025-09-29",2229,"N20","nominal","2.0NRT",288.66,1.4,"N"
"2979",35.30894,49.21145,305.62,0.38,0.36,"2025-09-29",2229,"N20","nominal","2.0NRT",286.24,1,"N"
"2980",36.01956,43.67978,314.82,0.39,0.44,"2025-09-29",2229,"N20","nominal","2.0NRT",291.9,1.42,"N"
"2981",35.9987,43.76026,311.44,0.39,0.44,"2025-09-29",2229,"N20","nominal","2.0NRT",292.1,1.25,"N"
"2982",35.99972,43.7122,302.65,0.39,0.44,"2025-09-29",2229,"N20","nominal","2.0NRT",290.35,0.42,"N"
"2983",35.98172,43.76643,322.24,0.39,0.44,"2025-09-29",2229,"N20","nominal","2.0NRT",294.46,1.58,"N"
"2984",35.9701,43.76052,309.53,0.39,0.44,"2025-09-29",2229,"N20","nominal","2.0NRT",294.06,1.85,"N"
"2985",35.96965,43.76476,315.09,0.39,0.44,"2025-09-29",2229,"N20","nominal","2.0NRT",295.53,1.85,"N"
"2986",35.9532,43.72676,316.56,0.39,0.44,"2025-09-29",2229,"N20","nominal","2.0NRT",292.87,1.52,"N"
"2987",36.14462,40.8158,321.49,0.56,0.52,"2025-09-29",2229,"N20","nominal","2.0NRT",288.55,3.59,"N"
"2988",36.13085,40.80786,301.59,0.56,0.52,"2025-09-29",2229,"N20","nominal","2.0NRT",288.67,1.25,"N"
"2989",35.6707,45.00558,307.84,0.5,0.41,"2025-09-29",2229,"N20","nominal","2.0NRT",291.35,1.61,"N"
"2990",35.77485,43.99517,329.28,0.56,0.43,"2025-09-29",2229,"N20","nominal","2.0NRT",294.47,4.97,"N"
"2991",35.62719,45.21008,304.52,0.49,0.4,"2025-09-29",2229,"N20","nominal","2.0NRT",291.68,1.19,"N"
"2992",35.73066,44.03175,323.54,0.56,0.43,"2025-09-29",2229,"N20","nominal","2.0NRT",292.63,2.57,"N"
"2993",35.10408,48.85999,320.37,0.39,0.36,"2025-09-29",2229,"N20","nominal","2.0NRT",281.6,1.97,"N"
"2994",35.72605,44.03727,328.77,0.56,0.43,"2025-09-29",2229,"N20","nominal","2.0NRT",294.64,6.24,"N"
"2995",35.60235,45.09953,302.76,0.5,0.41,"2025-09-29",2229,"N20","nominal","2.0NRT",290.27,0.67,"N"
"2996",35.67881,44.0665,306.58,0.56,0.43,"2025-09-29",2229,"N20","nominal","2.0NRT",292.17,1.6,"N"
"2997",35.67951,44.0666,305.27,0.56,0.43,"2025-09-29",2229,"N20","nominal","2.0NRT",292.32,2.25,"N"
"2998",35.53639,45.2255,305.03,0.49,0.4,"2025-09-29",2229,"N20","nominal","2.0NRT",289.06,1.01,"N"
"2999",35.68904,43.87183,299.41,0.57,0.43,"2025-09-29",2229,"N20","nominal","2.0NRT",289.15,1.53,"N"
"3000",35.68835,43.87809,312.09,0.57,0.43,"2025-09-29",2229,"N20","nominal","2.0NRT",291.06,1.53,"N"
"3001",35.68507,43.87114,316.73,0.57,0.43,"2025-09-29",2229,"N20","nominal","2.0NRT",289.75,58.77,"N"
"3002",35.66286,43.96316,337.9,0.56,0.43,"2025-09-29",2229,"N20","nominal","2.0NRT",297.9,16.25,"N"
"3003",35.62983,44.00803,338.48,0.56,0.43,"2025-09-29",2229,"N20","nominal","2.0NRT",305.25,28.81,"N"
"3004",35.56714,44.32648,307.77,0.54,0.42,"2025-09-29",2229,"N20","nominal","2.0NRT",293.12,1.52,"N"
"3005",35.53424,44.3387,320.99,0.54,0.42,"2025-09-29",2231,"N20","nominal","2.0NRT",292.14,1.57,"N"
"3006",35.53489,44.33273,306.66,0.54,0.42,"2025-09-29",2231,"N20","nominal","2.0NRT",292.62,1.57,"N"
"3007",35.53345,44.33792,338.7,0.54,0.42,"2025-09-29",2231,"N20","nominal","2.0NRT",294.35,6.69,"N"
"3008",35.52959,44.33721,341.64,0.54,0.42,"2025-09-29",2231,"N20","nominal","2.0NRT",294,6.69,"N"
"3009",35.5289,44.34319,341.15,0.54,0.42,"2025-09-29",2231,"N20","nominal","2.0NRT",294.3,6.69,"N"
"3010",35.52504,44.3425,331.1,0.54,0.42,"2025-09-29",2231,"N20","nominal","2.0NRT",291.94,3.83,"N"
"3011",34.59845,50.80311,303.4,0.39,0.37,"2025-09-29",2231,"N20","nominal","2.0NRT",286.26,0.44,"N"
"3012",34.55446,50.96072,298.74,0.4,0.37,"2025-09-29",2231,"N20","nominal","2.0NRT",288.51,0.41,"N"
"3013",35.46099,44.42197,328,0.53,0.42,"2025-09-29",2231,"N20","nominal","2.0NRT",293.15,2.64,"N"
"3014",35.46165,44.41607,303.2,0.53,0.42,"2025-09-29",2231,"N20","nominal","2.0NRT",292.79,2.59,"N"
"3015",35.48685,44.15224,339.39,0.55,0.43,"2025-09-29",2231,"N20","nominal","2.0NRT",292.05,6.16,"N"
"3016",35.40718,44.22353,311.19,0.54,0.42,"2025-09-29",2231,"N20","nominal","2.0NRT",288.34,0.95,"N"
"3017",35.38841,44.21423,328.95,0.54,0.42,"2025-09-29",2231,"N20","nominal","2.0NRT",292.74,5.18,"N"
"3018",35.38774,44.22022,309.63,0.54,0.42,"2025-09-29",2231,"N20","nominal","2.0NRT",290.18,3.14,"N"
"3019",35.38452,44.21357,301.47,0.54,0.42,"2025-09-29",2231,"N20","nominal","2.0NRT",290.08,1.52,"N"
"3020",35.32555,44.31876,305.14,0.54,0.42,"2025-09-29",2231,"N20","nominal","2.0NRT",291.44,1.51,"N"
"3021",35.32846,44.31863,310.98,0.54,0.42,"2025-09-29",2231,"N20","nominal","2.0NRT",290.88,1.23,"N"
"3022",35.24893,44.43074,334.78,0.53,0.42,"2025-09-29",2231,"N20","nominal","2.0NRT",294.33,7.66,"N"
"3023",35.24509,44.43004,334.86,0.53,0.42,"2025-09-29",2231,"N20","nominal","2.0NRT",292.73,4.16,"N"
"3024",35.12349,44.81992,330.46,0.51,0.41,"2025-09-29",2231,"N20","nominal","2.0NRT",292.87,8.28,"N"
"3025",35.12283,44.82548,313.46,0.51,0.41,"2025-09-29",2231,"N20","nominal","2.0NRT",298.91,8.28,"N"
"3026",35.11907,44.82486,300.67,0.51,0.41,"2025-09-29",2231,"N20","nominal","2.0NRT",290.41,8.28,"N"
"3027",35.12585,44.56686,323.79,0.52,0.41,"2025-09-29",2231,"N20","nominal","2.0NRT",292.77,2.29,"N"
"3028",33.04248,56.84618,303.5,0.49,0.49,"2025-09-29",2231,"N20","nominal","2.0NRT",291.89,1.17,"N"
"3029",34.19847,50.3958,299.92,0.39,0.36,"2025-09-29",2231,"N20","nominal","2.0NRT",289.29,0.67,"N"
"3030",34.4474,48.65908,304.6,0.39,0.36,"2025-09-29",2231,"N20","nominal","2.0NRT",282.4,1.04,"N"
"3031",35.0206,43.49602,326.93,0.39,0.44,"2025-09-29",2231,"N20","nominal","2.0NRT",292.33,2.43,"N"
"3032",35.02015,43.5003,308.12,0.39,0.44,"2025-09-29",2231,"N20","nominal","2.0NRT",292.85,2.27,"N"
"3033",34.75716,45.1491,304.88,0.48,0.4,"2025-09-29",2231,"N20","nominal","2.0NRT",293.64,0.54,"N"
"3034",34.90091,43.802,305.09,0.56,0.43,"2025-09-29",2231,"N20","nominal","2.0NRT",291.94,11.62,"N"
"3035",34.89696,43.80132,334.62,0.56,0.43,"2025-09-29",2231,"N20","nominal","2.0NRT",298.36,11.62,"N"
"3036",34.89629,43.80748,330.21,0.56,0.43,"2025-09-29",2231,"N20","nominal","2.0NRT",302.16,13.66,"N"
"3037",34.86498,44.01984,330.71,0.55,0.43,"2025-09-29",2231,"N20","nominal","2.0NRT",293.95,3.36,"N"
"3038",34.91193,43.43272,310.88,0.39,0.44,"2025-09-29",2231,"N20","nominal","2.0NRT",293.04,1.02,"N"
"3039",34.35155,47.36192,321.16,0.41,0.37,"2025-09-29",2231,"N20","nominal","2.0NRT",286.09,2.46,"N"
"3040",34.35524,47.28623,301.82,0.41,0.37,"2025-09-29",2231,"N20","nominal","2.0NRT",286.62,0.96,"N"
"3041",34.39412,46.87766,314.46,0.42,0.37,"2025-09-29",2231,"N20","nominal","2.0NRT",280.77,1.63,"N"
"3042",34.00754,49.45251,329.24,0.38,0.36,"2025-09-29",2231,"N20","nominal","2.0NRT",280.48,3.4,"N"
"3043",33.49779,51.9844,295.34,0.43,0.38,"2025-09-29",2231,"N20","nominal","2.0NRT",285.07,0.2,"N"
"3044",33.49519,51.97892,306.07,0.43,0.38,"2025-09-29",2231,"N20","nominal","2.0NRT",286.49,1.58,"N"
"3045",33.49435,51.98355,313.3,0.43,0.38,"2025-09-29",2231,"N20","nominal","2.0NRT",287.29,1.43,"N"
"3046",34.05629,48.50148,302.77,0.39,0.36,"2025-09-29",2231,"N20","nominal","2.0NRT",285.57,1.21,"N"
"3047",34.91335,40.82592,320.82,0.54,0.51,"2025-09-29",2231,"N20","nominal","2.0NRT",288.67,1.42,"N"
"3048",34.91114,40.82586,324.35,0.54,0.51,"2025-09-29",2231,"N20","nominal","2.0NRT",289.53,2.68,"N"
"3049",34.10862,46.58651,296.24,0.42,0.38,"2025-09-29",2231,"N20","nominal","2.0NRT",282.09,0.46,"N"
"3050",33.96946,47.56617,329.21,0.4,0.37,"2025-09-29",2231,"N20","nominal","2.0NRT",289.05,2.83,"N"
"3051",34.91628,37.94202,309.31,0.4,0.6,"2025-09-29",2231,"N20","nominal","2.0NRT",286.11,0.82,"N"
"3052",33.9752,47.19934,299.17,0.41,0.37,"2025-09-29",2231,"N20","nominal","2.0NRT",285.21,0.63,"N"
"3053",33.9712,47.20311,327.1,0.41,0.37,"2025-09-29",2231,"N20","nominal","2.0NRT",287.81,2.67,"N"
"3054",33.97181,47.19875,309.74,0.41,0.37,"2025-09-29",2231,"N20","nominal","2.0NRT",286.65,2.67,"N"
"3055",34.91654,37.94351,301.67,0.4,0.6,"2025-09-29",2231,"N20","nominal","2.0NRT",286.06,0.76,"N"
"3056",34.00804,45.49474,304.71,0.46,0.39,"2025-09-29",2231,"N20","nominal","2.0NRT",294.65,0.57,"N"
"3057",33.10272,51.42642,295.28,0.42,0.37,"2025-09-29",2231,"N20","nominal","2.0NRT",283.34,0.5,"N"
"3058",33.48493,49.07057,298.09,0.38,0.36,"2025-09-29",2231,"N20","nominal","2.0NRT",285.63,0.44,"N"
"3059",33.17015,50.9182,296.56,0.4,0.37,"2025-09-29",2231,"N20","nominal","2.0NRT",281.22,1.14,"N"
"3060",34.6086,37.89732,305.45,0.4,0.6,"2025-09-29",2231,"N20","nominal","2.0NRT",287.66,0.55,"N"
"3061",33.72104,46.51086,301.04,0.42,0.38,"2025-09-29",2231,"N20","nominal","2.0NRT",288.8,0.92,"N"
"3062",33.69847,46.22797,332.98,0.43,0.38,"2025-09-29",2231,"N20","nominal","2.0NRT",291.96,2.93,"N"
"3063",33.69501,46.22722,320.91,0.43,0.38,"2025-09-29",2231,"N20","nominal","2.0NRT",291.64,2.69,"N"
"3064",33.37407,48.40155,299.82,0.39,0.36,"2025-09-29",2231,"N20","nominal","2.0NRT",286.27,0.61,"N"
"3065",32.33444,54.08636,304.08,0.55,0.42,"2025-09-29",2231,"N20","nominal","2.0NRT",285.74,1.29,"N"
"3066",32.39898,53.72224,308.14,0.52,0.42,"2025-09-29",2231,"N20","nominal","2.0NRT",290.21,1.19,"N"
"3067",34.06583,42.35735,300.65,0.44,0.46,"2025-09-29",2231,"N20","nominal","2.0NRT",290.49,0.71,"N"
"3068",32.78047,51.50713,318.91,0.42,0.38,"2025-09-29",2231,"N20","nominal","2.0NRT",295.35,3.07,"N"
"3069",34.06821,40.98322,312.48,0.52,0.5,"2025-09-29",2231,"N20","nominal","2.0NRT",288.51,1.49,"N"
"3070",34.06874,40.98169,299.72,0.52,0.5,"2025-09-29",2231,"N20","nominal","2.0NRT",287.82,0.75,"N"
"3071",34.06821,40.98736,299.49,0.52,0.5,"2025-09-29",2231,"N20","nominal","2.0NRT",288.72,0.77,"N"
"3072",33.25295,47.73633,333.01,0.39,0.36,"2025-09-29",2231,"N20","nominal","2.0NRT",293.96,2.32,"N"
"3073",32.03702,54.42738,307.94,0.38,0.43,"2025-09-29",2231,"N20","nominal","2.0NRT",287.54,0.86,"N"
"3074",32.57647,51.58094,318.08,0.43,0.38,"2025-09-29",2231,"N20","nominal","2.0NRT",290.47,2.16,"N"
"3075",32.51585,51.56773,301.32,0.43,0.38,"2025-09-29",2231,"N20","nominal","2.0NRT",290.51,1.1,"N"
"3076",31.9516,54.04629,311.85,0.55,0.43,"2025-09-29",2231,"N20","nominal","2.0NRT",290.03,1.46,"N"
"3077",33.58748,43.55472,301.2,0.56,0.43,"2025-09-29",2231,"N20","nominal","2.0NRT",289.15,0.92,"N"
"3078",31.94013,54.04292,330.18,0.55,0.43,"2025-09-29",2231,"N20","nominal","2.0NRT",290.85,4.39,"N"
"3079",31.95096,54.04537,307.49,0.55,0.43,"2025-09-29",2231,"N20","nominal","2.0NRT",289.36,1.69,"N"
"3080",33.58833,43.55472,302.08,0.56,0.43,"2025-09-29",2231,"N20","nominal","2.0NRT",288.7,0.51,"N"
"3081",31.94331,54.04312,324.46,0.55,0.43,"2025-09-29",2231,"N20","nominal","2.0NRT",290.53,2.41,"N"
"3082",32.55204,50.75594,296.36,0.41,0.37,"2025-09-29",2231,"N20","nominal","2.0NRT",283.66,0.66,"N"
"3083",33.48756,44.34582,302.4,0.51,0.41,"2025-09-29",2231,"N20","nominal","2.0NRT",292.3,0.73,"N"
"3084",31.93948,54.04199,313.71,0.55,0.43,"2025-09-29",2231,"N20","nominal","2.0NRT",291.15,2.39,"N"
"3085",32.40837,51.51541,329.14,0.43,0.38,"2025-09-29",2231,"N20","nominal","2.0NRT",293.59,5.49,"N"
"3086",32.42736,51.34864,301.45,0.42,0.38,"2025-09-29",2231,"N20","nominal","2.0NRT",287.15,0.83,"N"
"3087",32.42681,51.31178,331.91,0.42,0.38,"2025-09-29",2231,"N20","nominal","2.0NRT",291.54,3.02,"N"
"3088",32.42759,51.30738,310.27,0.42,0.38,"2025-09-29",2231,"N20","nominal","2.0NRT",289.33,3.02,"N"
"3089",32.42603,51.31617,304.43,0.42,0.38,"2025-09-29",2231,"N20","nominal","2.0NRT",290.15,1.86,"N"
"3090",32.42184,51.31974,303.83,0.42,0.38,"2025-09-29",2231,"N20","nominal","2.0NRT",288.15,1.57,"N"
"3091",32.42106,51.32413,306.99,0.42,0.38,"2025-09-29",2231,"N20","nominal","2.0NRT",292.92,1.61,"N"
"3092",32.8061,48.96985,298.89,0.38,0.36,"2025-09-29",2231,"N20","nominal","2.0NRT",288.11,0.19,"N"
"3093",32.41007,51.32606,298.26,0.42,0.38,"2025-09-29",2231,"N20","nominal","2.0NRT",285.8,0.49,"N"
"3094",32.40928,51.33047,300.28,0.42,0.38,"2025-09-29",2231,"N20","nominal","2.0NRT",288.92,1.46,"N"
"3095",32.4085,51.33487,319.08,0.42,0.38,"2025-09-29",2231,"N20","nominal","2.0NRT",289.62,1.46,"N"
"3096",33.41988,44.4621,310.04,0.5,0.41,"2025-09-29",2231,"N20","nominal","2.0NRT",296.65,1.73,"N"
"3097",32.4035,51.22361,297.8,0.42,0.38,"2025-09-29",2231,"N20","nominal","2.0NRT",286.24,0.37,"N"
"3098",33.59272,42.50427,310.37,0.42,0.45,"2025-09-29",2231,"N20","nominal","2.0NRT",296.54,1.67,"N"
"3099",33.32594,44.5706,331.76,0.5,0.41,"2025-09-29",2231,"N20","nominal","2.0NRT",297.51,6.58,"N"
"3100",33.48381,43.2051,314.87,0.39,0.44,"2025-09-29",2231,"N20","nominal","2.0NRT",292.89,1.36,"N"
"3101",32.25756,51.52639,308.3,0.43,0.38,"2025-09-29",2231,"N20","nominal","2.0NRT",285.03,1.4,"N"
"3102",31.62392,54.72634,321.58,0.4,0.45,"2025-09-29",2231,"N20","nominal","2.0NRT",289.14,2.11,"N"
"3103",32.17515,51.87965,301.06,0.44,0.38,"2025-09-29",2231,"N20","nominal","2.0NRT",288.47,0.99,"N"
"3104",32.75208,48.42174,312.77,0.39,0.36,"2025-09-29",2231,"N20","nominal","2.0NRT",296.22,0.75,"N"
"3105",32.24947,51.41265,300.82,0.42,0.38,"2025-09-29",2231,"N20","nominal","2.0NRT",289.29,0.92,"N"
"3106",32.24445,51.42067,348.07,0.43,0.38,"2025-09-29",2231,"N20","nominal","2.0NRT",294.17,5.53,"N"
"3107",32.24284,51.42955,331.89,0.43,0.38,"2025-09-29",2231,"N20","nominal","2.0NRT",304.96,26.73,"N"
"3108",32.24605,51.4118,315.9,0.42,0.38,"2025-09-29",2231,"N20","nominal","2.0NRT",289.39,1.53,"N"
"3109",32.24525,51.41623,300.32,0.42,0.38,"2025-09-29",2231,"N20","nominal","2.0NRT",289.11,1.53,"N"
"3110",32.24364,51.42511,309.29,0.43,0.38,"2025-09-29",2231,"N20","nominal","2.0NRT",290.97,5.53,"N"
"3111",32.23943,51.42869,336.8,0.43,0.38,"2025-09-29",2231,"N20","nominal","2.0NRT",293.16,26.73,"N"
"3112",32.24104,51.41981,307.92,0.43,0.38,"2025-09-29",2231,"N20","nominal","2.0NRT",293.08,5.53,"N"
"3113",32.24023,51.42425,314.93,0.43,0.38,"2025-09-29",2231,"N20","nominal","2.0NRT",294.69,5.53,"N"
"3114",32.23682,51.42339,308.3,0.43,0.38,"2025-09-29",2231,"N20","nominal","2.0NRT",294.22,2.05,"N"
"3115",32.23602,51.42783,301.41,0.43,0.38,"2025-09-29",2231,"N20","nominal","2.0NRT",290.55,1.65,"N"
"3116",32.23501,51.41365,314.16,0.42,0.38,"2025-09-29",2231,"N20","nominal","2.0NRT",289.94,1.81,"N"
"3117",32.2316,51.41278,328.68,0.42,0.38,"2025-09-29",2231,"N20","nominal","2.0NRT",288.69,2.22,"N"
"3118",32.2324,51.40835,315.7,0.42,0.38,"2025-09-29",2231,"N20","nominal","2.0NRT",286.5,2.22,"N"
"3119",32.22677,51.43943,296.85,0.43,0.38,"2025-09-29",2231,"N20","nominal","2.0NRT",286.34,0.75,"N"
"3120",32.2288,51.41375,305.9,0.43,0.38,"2025-09-29",2231,"N20","nominal","2.0NRT",285.11,0.88,"N"
"3121",32.22092,51.3978,328.44,0.42,0.38,"2025-09-29",2231,"N20","nominal","2.0NRT",289.95,4.07,"N"
"3122",33.22062,44.76521,338.91,0.49,0.4,"2025-09-29",2231,"N20","nominal","2.0NRT",297.74,13.42,"N"
"3123",32.731,48.29184,339.02,0.39,0.36,"2025-09-29",2231,"N20","nominal","2.0NRT",300.5,9.04,"N"
"3124",33.02792,46.13665,324.18,0.43,0.38,"2025-09-29",2231,"N20","nominal","2.0NRT",297.04,1.34,"N"
"3125",32.65993,48.64219,324.7,0.38,0.36,"2025-09-29",2231,"N20","nominal","2.0NRT",298.85,1.64,"N"
"3126",32.65665,48.64147,319.66,0.38,0.36,"2025-09-29",2231,"N20","nominal","2.0NRT",296.6,1.64,"N"
"3127",33.01589,46.12025,312.77,0.43,0.38,"2025-09-29",2231,"N20","nominal","2.0NRT",295.23,1.21,"N"
"3128",32.99281,46.18599,329.91,0.43,0.38,"2025-09-29",2231,"N20","nominal","2.0NRT",298.51,3.01,"N"
"3129",33.15784,44.78601,335.78,0.48,0.4,"2025-09-29",2231,"N20","nominal","2.0NRT",300.56,17.01,"N"
"3130",32.72144,47.97301,322.25,0.39,0.36,"2025-09-29",2231,"N20","nominal","2.0NRT",298.24,2.72,"N"
"3131",32.1264,51.46668,297.59,0.43,0.38,"2025-09-29",2231,"N20","nominal","2.0NRT",284.83,0.62,"N"
"3132",32.15982,51.20243,302.28,0.42,0.38,"2025-09-29",2231,"N20","nominal","2.0NRT",280.46,1.44,"N"
"3133",32.15904,51.20678,295.62,0.42,0.38,"2025-09-29",2231,"N20","nominal","2.0NRT",280.52,0.73,"N"
"3134",33.71875,37.00818,309.24,0.44,0.62,"2025-09-29",2231,"N20","nominal","2.0NRT",288.87,1.82,"N"
"3135",32.52425,48.22045,314.32,0.39,0.36,"2025-09-29",2231,"N20","nominal","2.0NRT",296.96,1.49,"N"
"3136",33.7179,37.01009,306.88,0.44,0.62,"2025-09-29",2231,"N20","nominal","2.0NRT",289.86,1.19,"N"
"3137",32.59835,47.54478,331.1,0.39,0.36,"2025-09-29",2231,"N20","nominal","2.0NRT",298.51,4.7,"N"
"3138",32.35677,48.94644,304.16,0.38,0.36,"2025-09-29",2231,"N20","nominal","2.0NRT",293.6,0.96,"N"
"3139",32.30008,49.08874,330.45,0.38,0.36,"2025-09-29",2231,"N20","nominal","2.0NRT",297.84,2.8,"N"
"3140",32.28624,49.00399,330.27,0.38,0.36,"2025-09-29",2231,"N20","nominal","2.0NRT",303.14,5.09,"N"
"3141",32.55429,47.10144,306.43,0.4,0.37,"2025-09-29",2231,"N20","nominal","2.0NRT",294.77,0.73,"N"
"3142",32.51257,47.31863,315.89,0.4,0.37,"2025-09-29",2231,"N20","nominal","2.0NRT",294.04,1.27,"N"
"3143",32.32332,48.5315,310.51,0.38,0.36,"2025-09-29",2231,"N20","nominal","2.0NRT",299.54,1.61,"N"
"3144",32.50497,47.20446,331.68,0.4,0.37,"2025-09-29",2231,"N20","nominal","2.0NRT",296.22,5.03,"N"
"3145",32.50437,47.20868,311.03,0.4,0.37,"2025-09-29",2231,"N20","nominal","2.0NRT",293.97,5.03,"N"
"3146",32.49036,47.21026,343.62,0.4,0.37,"2025-09-29",2231,"N20","nominal","2.0NRT",309.8,10.66,"N"
"3147",32.45543,47.29528,311.07,0.4,0.37,"2025-09-29",2231,"N20","nominal","2.0NRT",295.6,0.61,"N"
"3148",32.14309,49.19482,305.49,0.39,0.36,"2025-09-29",2231,"N20","nominal","2.0NRT",292.18,0.52,"N"
"3149",32.16058,49.06485,335.61,0.38,0.36,"2025-09-29",2231,"N20","nominal","2.0NRT",300.75,7.12,"N"
"3150",32.3621,47.69543,306.34,0.39,0.36,"2025-09-29",2231,"N20","nominal","2.0NRT",295.96,0.94,"N"
"3151",32.35879,47.69473,333.95,0.39,0.36,"2025-09-29",2231,"N20","nominal","2.0NRT",300.64,5.65,"N"
"3152",32.35817,47.69886,323.46,0.39,0.36,"2025-09-29",2231,"N20","nominal","2.0NRT",301.87,4.11,"N"
"3153",32.35695,47.7071,313.01,0.39,0.36,"2025-09-29",2231,"N20","nominal","2.0NRT",295.5,11.42,"N"
"3154",32.35364,47.70641,355.19,0.39,0.36,"2025-09-29",2231,"N20","nominal","2.0NRT",316.04,11.42,"N"
"3155",32.35425,47.70228,308,0.39,0.36,"2025-09-29",2231,"N20","nominal","2.0NRT",295.71,4.11,"N"
"3156",30.66521,56.62069,299.51,0.54,0.51,"2025-09-29",2231,"N20","nominal","2.0NRT",283.84,1.19,"N"
"3157",32.3704,47.40701,303.46,0.39,0.37,"2025-09-29",2231,"N20","nominal","2.0NRT",291.83,0.49,"N"
"3158",32.36707,47.40633,329.58,0.39,0.37,"2025-09-29",2231,"N20","nominal","2.0NRT",294.87,4.19,"N"
"3159",32.3501,47.42861,314.01,0.39,0.36,"2025-09-29",2231,"N20","nominal","2.0NRT",293.7,0.82,"N"
"3160",32.06689,48.69096,310.14,0.38,0.36,"2025-09-29",2231,"N20","nominal","2.0NRT",292.44,0.69,"N"
"3161",31.89949,49.6834,311.47,0.39,0.36,"2025-09-29",2231,"N20","nominal","2.0NRT",294.42,0.68,"N"
"3162",32.48956,45.66,316.26,0.44,0.38,"2025-09-29",2231,"N20","nominal","2.0NRT",294.97,1.67,"N"
"3163",32.48895,45.66467,312.58,0.44,0.38,"2025-09-29",2231,"N20","nominal","2.0NRT",295.02,1.16,"N"
"3164",32.25749,47.24802,331.72,0.4,0.37,"2025-09-29",2231,"N20","nominal","2.0NRT",297.77,7.01,"N"
"3165",32.25689,47.25221,312.03,0.4,0.37,"2025-09-29",2231,"N20","nominal","2.0NRT",295.56,3.51,"N"
"3166",31.90796,49.34145,305.16,0.39,0.36,"2025-09-29",2231,"N20","nominal","2.0NRT",294.91,0.56,"N"
"3167",32.17767,47.51965,330.5,0.39,0.36,"2025-09-29",2231,"N20","nominal","2.0NRT",301.99,10.63,"N"
"3168",32.15068,47.58631,303.24,0.39,0.36,"2025-09-29",2231,"N20","nominal","2.0NRT",292.41,0.49,"N"
"3169",32.14737,47.58562,301.59,0.39,0.36,"2025-09-29",2231,"N20","nominal","2.0NRT",289.84,0.49,"N"
"3170",32.1291,47.40742,344.21,0.39,0.36,"2025-09-29",2231,"N20","nominal","2.0NRT",295.68,5.63,"N"
"3171",32.10849,47.54794,341.79,0.39,0.36,"2025-09-29",2231,"N20","nominal","2.0NRT",303.54,4.48,"N"
"3172",32.10788,47.55206,304.73,0.39,0.36,"2025-09-29",2231,"N20","nominal","2.0NRT",293.56,4.48,"N"
"3173",32.10517,47.54725,304.81,0.39,0.36,"2025-09-29",2231,"N20","nominal","2.0NRT",292.28,4.48,"N"
"3174",32.12185,47.4102,307.82,0.39,0.36,"2025-09-29",2231,"N20","nominal","2.0NRT",295.23,15.81,"N"
"3175",32.11852,47.40952,342.82,0.39,0.36,"2025-09-29",2231,"N20","nominal","2.0NRT",316.04,15.81,"N"
"3176",32.11912,47.40538,310.24,0.39,0.36,"2025-09-29",2231,"N20","nominal","2.0NRT",292.81,15.81,"N"
"3177",32.11791,47.41366,312.52,0.39,0.36,"2025-09-29",2231,"N20","nominal","2.0NRT",294.93,2.67,"N"
"3178",32.11667,47.40646,321.66,0.39,0.36,"2025-09-29",2231,"N20","nominal","2.0NRT",293.15,3.21,"N"
"3179",32.11606,47.4106,341.22,0.39,0.36,"2025-09-29",2231,"N20","nominal","2.0NRT",297.28,3.21,"N"
"3180",32.09636,47.4279,328.99,0.39,0.36,"2025-09-29",2231,"N20","nominal","2.0NRT",294.66,2.67,"N"
"3181",32.06005,47.4418,327.69,0.39,0.36,"2025-09-29",2231,"N20","nominal","2.0NRT",302.7,16.69,"N"
"3182",32.06127,47.43354,306.86,0.39,0.36,"2025-09-29",2231,"N20","nominal","2.0NRT",290.3,0.61,"N"
"3183",32.05944,47.44593,316.21,0.39,0.36,"2025-09-29",2231,"N20","nominal","2.0NRT",295.05,5.59,"N"
"3184",32.05673,47.44113,303.64,0.39,0.36,"2025-09-29",2231,"N20","nominal","2.0NRT",291.6,0.6,"N"
"3185",31.76431,49.15611,331.25,0.39,0.36,"2025-09-29",2231,"N20","nominal","2.0NRT",299.61,2.73,"N"
"3186",30.23452,56.90585,318.71,0.57,0.52,"2025-09-29",2231,"N20","nominal","2.0NRT",288.32,3.9,"N"
"3187",32.4311,44.27452,303.62,0.5,0.41,"2025-09-29",2231,"N20","nominal","2.0NRT",292.97,0.68,"N"
"3188",30.23336,56.90504,310.4,0.57,0.52,"2025-09-29",2231,"N20","nominal","2.0NRT",284.55,1.89,"N"
"3189",31.65083,49.26619,310.18,0.39,0.36,"2025-09-29",2231,"N20","nominal","2.0NRT",294.16,0.66,"N"
"3190",31.65018,49.27021,309.75,0.39,0.36,"2025-09-29",2231,"N20","nominal","2.0NRT",295.07,0.66,"N"
"3191",30.37845,55.86231,297.09,0.5,0.49,"2025-09-29",2231,"N20","nominal","2.0NRT",285.73,0.88,"N"
"3192",32.33344,44.09185,314.79,0.51,0.41,"2025-09-29",2231,"N20","nominal","2.0NRT",295.57,1.99,"N"
"3193",31.5162,49.46361,329.36,0.39,0.36,"2025-09-29",2231,"N20","nominal","2.0NRT",296.43,1.77,"N"
"3194",32.23022,44.249,308.96,0.5,0.41,"2025-09-29",2231,"N20","nominal","2.0NRT",293.41,1.1,"N"
"3195",30.21833,55.98186,309.89,0.51,0.49,"2025-09-29",2231,"N20","nominal","2.0NRT",285.99,1.75,"N"
"3196",31.46315,49.55658,305.82,0.39,0.36,"2025-09-29",2231,"N20","nominal","2.0NRT",295.23,0.64,"N"
"3197",31.46248,49.56063,313.23,0.39,0.36,"2025-09-29",2231,"N20","nominal","2.0NRT",295.65,0.89,"N"
"3198",31.45918,49.5599,320.27,0.39,0.36,"2025-09-29",2231,"N20","nominal","2.0NRT",295.93,1.32,"N"
"3199",31.46052,49.55179,306.83,0.39,0.36,"2025-09-29",2231,"N20","nominal","2.0NRT",294.35,0.81,"N"
"3200",31.45985,49.55584,309.58,0.39,0.36,"2025-09-29",2231,"N20","nominal","2.0NRT",295.03,0.81,"N"
"3201",31.45587,49.55918,311.16,0.39,0.36,"2025-09-29",2231,"N20","nominal","2.0NRT",294.55,1.32,"N"
"3202",30.21544,55.98376,310.38,0.51,0.49,"2025-09-29",2231,"N20","nominal","2.0NRT",286.32,1.53,"N"
"3203",31.07013,51.58458,317.44,0.44,0.39,"2025-09-29",2231,"N20","nominal","2.0NRT",278.39,1.65,"N"
"3204",31.38892,49.65467,310.56,0.39,0.36,"2025-09-29",2231,"N20","nominal","2.0NRT",297.12,0.88,"N"
"3205",31.68626,47.71552,307.04,0.39,0.36,"2025-09-29",2231,"N20","nominal","2.0NRT",290.96,1.15,"N"
"3206",31.68235,47.71889,330.06,0.39,0.36,"2025-09-29",2231,"N20","nominal","2.0NRT",294.87,2.21,"N"
"3207",31.67965,47.71415,296.96,0.39,0.36,"2025-09-29",2231,"N20","nominal","2.0NRT",286.78,1.12,"N"
"3208",31.67904,47.71822,306.23,0.39,0.36,"2025-09-29",2231,"N20","nominal","2.0NRT",289.06,2.21,"N"
"3209",31.67635,47.71347,330.28,0.39,0.36,"2025-09-29",2231,"N20","nominal","2.0NRT",295.94,1.77,"N"
"3210",31.68062,47.68501,299.84,0.39,0.36,"2025-09-29",2231,"N20","nominal","2.0NRT",287.05,0.55,"N"
"3211",31.67696,47.70941,314.26,0.39,0.36,"2025-09-29",2231,"N20","nominal","2.0NRT",287.24,1.77,"N"
"3212",31.67304,47.71279,302.64,0.39,0.36,"2025-09-29",2231,"N20","nominal","2.0NRT",286.87,1.77,"N"
"3213",31.67243,47.71685,301.8,0.39,0.36,"2025-09-29",2231,"N20","nominal","2.0NRT",287.16,1.28,"N"
"3214",31.66094,47.74797,324.26,0.39,0.36,"2025-09-29",2231,"N20","nominal","2.0NRT",289.8,3.32,"N"
"3215",31.65885,47.73917,326.36,0.39,0.36,"2025-09-29",2231,"N20","nominal","2.0NRT",289.71,1.56,"N"
"3216",31.65824,47.74323,311.38,0.39,0.36,"2025-09-29",2231,"N20","nominal","2.0NRT",291.57,1.56,"N"
"3217",31.65921,47.71413,311.71,0.39,0.36,"2025-09-29",2231,"N20","nominal","2.0NRT",285.8,1.2,"N"
"3218",31.6586,47.71819,312.6,0.39,0.36,"2025-09-29",2231,"N20","nominal","2.0NRT",290.25,1.2,"N"
"3219",31.65616,47.73443,305.75,0.39,0.36,"2025-09-29",2231,"N20","nominal","2.0NRT",288.94,1.08,"N"
"3220",31.65555,47.73849,311.84,0.39,0.36,"2025-09-29",2231,"N20","nominal","2.0NRT",289.87,1.56,"N"
"3221",31.65494,47.74255,307.81,0.39,0.36,"2025-09-29",2231,"N20","nominal","2.0NRT",291.84,1.56,"N"
"3222",31.6559,47.71345,311.5,0.39,0.36,"2025-09-29",2231,"N20","nominal","2.0NRT",288.53,1.2,"N"
"3223",31.65529,47.71751,303.72,0.39,0.36,"2025-09-29",2231,"N20","nominal","2.0NRT",289.31,1.2,"N"
"3224",31.65346,47.72969,307.15,0.39,0.36,"2025-09-29",2231,"N20","nominal","2.0NRT",289.95,1.33,"N"
"3225",31.65285,47.73375,311.88,0.39,0.36,"2025-09-29",2231,"N20","nominal","2.0NRT",292.43,1.33,"N"
"3226",31.65564,47.69245,298.74,0.39,0.36,"2025-09-29",2231,"N20","nominal","2.0NRT",284.74,0.66,"N"
"3227",31.6526,47.71276,312.73,0.39,0.36,"2025-09-29",2231,"N20","nominal","2.0NRT",288.33,1.2,"N"
"3228",31.65138,47.72089,298.7,0.39,0.36,"2025-09-29",2231,"N20","nominal","2.0NRT",286.5,0.58,"N"
"3229",31.65077,47.72495,297.21,0.39,0.36,"2025-09-29",2231,"N20","nominal","2.0NRT",286.64,0.58,"N"
"3230",31.64808,47.72021,300.99,0.39,0.36,"2025-09-29",2231,"N20","nominal","2.0NRT",286.93,1.06,"N"
"3231",29.92796,56.73209,304.7,0.57,0.52,"2025-09-29",2231,"N20","nominal","2.0NRT",286.99,2.11,"N"
"3232",31.66174,47.51867,329.56,0.39,0.36,"2025-09-29",2231,"N20","nominal","2.0NRT",295.58,4.57,"N"
"3233",31.66113,47.52275,325.25,0.39,0.36,"2025-09-29",2231,"N20","nominal","2.0NRT",297.95,3.99,"N"
"3234",31.6274,47.74661,302,0.39,0.36,"2025-09-29",2231,"N20","nominal","2.0NRT",285.12,1.04,"N"
"3235",31.65904,47.51391,316.79,0.39,0.36,"2025-09-29",2231,"N20","nominal","2.0NRT",294.47,3.54,"N"
"3236",31.65843,47.51799,304.63,0.39,0.36,"2025-09-29",2231,"N20","nominal","2.0NRT",293.64,3.54,"N"
"3237",31.62471,47.74187,295.65,0.39,0.36,"2025-09-29",2231,"N20","nominal","2.0NRT",283.85,1.18,"N"
"3238",31.6241,47.74593,309.54,0.39,0.36,"2025-09-29",2231,"N20","nominal","2.0NRT",288.6,1.18,"N"
"3239",31.62349,47.74998,301.24,0.39,0.36,"2025-09-29",2231,"N20","nominal","2.0NRT",285.55,0.86,"N"
"3240",31.65572,47.51323,336.75,0.39,0.36,"2025-09-29",2231,"N20","nominal","2.0NRT",298.62,3.54,"N"
"3241",31.69417,47.25454,319.62,0.39,0.36,"2025-09-29",2231,"N20","nominal","2.0NRT",296.74,1.94,"N"
"3242",29.9268,56.73058,303.96,0.57,0.52,"2025-09-29",2231,"N20","nominal","2.0NRT",284.05,2.85,"N"
"3243",31.45475,48.59887,318.64,0.38,0.36,"2025-09-29",2231,"N20","nominal","2.0NRT",292.21,1.46,"N"
"3244",31.32717,49.28545,317.75,0.39,0.36,"2025-09-29",2231,"N20","nominal","2.0NRT",293.82,2.03,"N"
"3245",31.32454,49.28068,329.78,0.39,0.36,"2025-09-29",2231,"N20","nominal","2.0NRT",294.05,2.03,"N"
"3246",31.1568,50.27803,299.41,0.4,0.37,"2025-09-29",2231,"N20","nominal","2.0NRT",280.35,0.4,"N"
"3247",31.32124,49.27995,333.45,0.39,0.36,"2025-09-29",2231,"N20","nominal","2.0NRT",299.28,8.51,"N"
"3248",31.57788,47.57721,303.42,0.39,0.36,"2025-09-29",2231,"N20","nominal","2.0NRT",286.86,0.78,"N"
"3249",31.40975,48.64713,333.29,0.38,0.36,"2025-09-29",2231,"N20","nominal","2.0NRT",296.55,7.85,"N"
"3250",31.40911,48.65113,320.7,0.38,0.36,"2025-09-29",2231,"N20","nominal","2.0NRT",294.6,3.18,"N"
"3251",31.40647,48.64642,340.81,0.38,0.36,"2025-09-29",2231,"N20","nominal","2.0NRT",300.62,7.85,"N"
"3252",31.40583,48.65042,345.34,0.38,0.36,"2025-09-29",2231,"N20","nominal","2.0NRT",295.06,3.18,"N"
"3253",31.4052,48.65443,325.79,0.38,0.36,"2025-09-29",2231,"N20","nominal","2.0NRT",296.66,3.18,"N"
"3254",31.76944,46.06085,317.82,0.42,0.38,"2025-09-29",2231,"N20","nominal","2.0NRT",296,1.51,"N"
"3255",31.76884,46.06528,313.63,0.42,0.38,"2025-09-29",2231,"N20","nominal","2.0NRT",298.66,1.71,"N"
"3256",30.96655,51.13468,297.59,0.43,0.38,"2025-09-29",2231,"N20","nominal","2.0NRT",284.43,0.99,"N"
"3257",31.54593,47.60843,301.5,0.39,0.36,"2025-09-29",2231,"N20","nominal","2.0NRT",288.37,0.86,"N"
"3258",31.76583,46.04371,329.62,0.42,0.38,"2025-09-29",2231,"N20","nominal","2.0NRT",308.84,28.18,"N"
"3259",31.30319,49.1184,329.84,0.39,0.36,"2025-09-29",2231,"N20","nominal","2.0NRT",293.29,1.06,"N"
"3260",31.76521,46.04813,306.4,0.42,0.38,"2025-09-29",2231,"N20","nominal","2.0NRT",295.87,2.21,"N"
"3261",31.30254,49.12242,302.12,0.39,0.36,"2025-09-29",2231,"N20","nominal","2.0NRT",291.96,1.06,"N"
"3262",31.2999,49.11768,337.15,0.39,0.36,"2025-09-29",2231,"N20","nominal","2.0NRT",295.66,2.95,"N"
"3263",31.76238,46.04306,306.78,0.42,0.38,"2025-09-29",2231,"N20","nominal","2.0NRT",294.7,0.53,"N"
"3264",29.99523,55.85312,316.8,0.51,0.49,"2025-09-29",2231,"N20","nominal","2.0NRT",281.95,2.47,"N"
"3265",29.99083,55.85186,313.15,0.51,0.49,"2025-09-29",2231,"N20","nominal","2.0NRT",282.81,2.47,"N"
"3266",30.0847,55.39527,321.42,0.47,0.48,"2025-09-29",2231,"N20","nominal","2.0NRT",284.77,2.54,"N"
"3267",30.08368,55.40005,327.48,0.47,0.48,"2025-09-29",2231,"N20","nominal","2.0NRT",287.08,2.54,"N"
"3268",31.25389,49.16999,329.78,0.39,0.36,"2025-09-29",2231,"N20","nominal","2.0NRT",293.78,2.07,"N"
"3269",30.08041,55.3941,303.47,0.47,0.48,"2025-09-29",2231,"N20","nominal","2.0NRT",288.64,2.54,"N"
"3270",30.07938,55.39888,298.61,0.47,0.48,"2025-09-29",2231,"N20","nominal","2.0NRT",286.23,2.54,"N"
"3271",31.2506,49.16926,323.6,0.39,0.36,"2025-09-29",2231,"N20","nominal","2.0NRT",291.98,1.33,"N"
"3272",31.30812,48.77085,334.56,0.38,0.36,"2025-09-29",2231,"N20","nominal","2.0NRT",301.68,3.55,"N"
"3273",31.30484,48.77014,314.53,0.38,0.36,"2025-09-29",2231,"N20","nominal","2.0NRT",294.72,3.55,"N"
"3274",31.28029,48.88081,331.02,0.39,0.36,"2025-09-29",2231,"N20","nominal","2.0NRT",302.24,6.72,"N"
"3275",31.27965,48.88481,330.11,0.39,0.36,"2025-09-29",2231,"N20","nominal","2.0NRT",296.95,6.72,"N"
"3276",31.28094,48.8768,317.9,0.39,0.36,"2025-09-29",2231,"N20","nominal","2.0NRT",293.58,4.69,"N"
"3277",31.277,48.88009,308.32,0.39,0.36,"2025-09-29",2231,"N20","nominal","2.0NRT",295.48,1.24,"N"
"3278",31.43667,47.83741,316.49,0.39,0.36,"2025-09-29",2231,"N20","nominal","2.0NRT",293.6,1.15,"N"
"3279",31.43337,47.83672,328.99,0.39,0.36,"2025-09-29",2231,"N20","nominal","2.0NRT",291.46,1.63,"N"
"3280",31.24246,48.98867,335.14,0.39,0.36,"2025-09-29",2231,"N20","nominal","2.0NRT",296.8,1.52,"N"
"3281",31.24376,48.98065,312.35,0.39,0.36,"2025-09-29",2231,"N20","nominal","2.0NRT",291.4,2.42,"N"
"3282",31.24311,48.98466,317.76,0.39,0.36,"2025-09-29",2231,"N20","nominal","2.0NRT",295.1,2.42,"N"
"3283",31.24181,48.99268,306.68,0.39,0.36,"2025-09-29",2231,"N20","nominal","2.0NRT",293.64,1.52,"N"
"3284",31.23917,48.98795,341.56,0.39,0.36,"2025-09-29",2231,"N20","nominal","2.0NRT",319.12,21.09,"N"
"3285",31.23853,48.99196,339.09,0.39,0.36,"2025-09-29",2231,"N20","nominal","2.0NRT",296.66,21.09,"N"
"3286",31.23982,48.98394,313.39,0.39,0.36,"2025-09-29",2231,"N20","nominal","2.0NRT",293.8,1.93,"N"
"3287",31.2771,48.73103,335.66,0.38,0.36,"2025-09-29",2231,"N20","nominal","2.0NRT",305.43,16.99,"N"
"3288",31.23589,48.98723,307.44,0.39,0.36,"2025-09-29",2231,"N20","nominal","2.0NRT",294.88,21.09,"N"
"3289",31.27382,48.73032,320.89,0.38,0.36,"2025-09-29",2231,"N20","nominal","2.0NRT",302.09,2.65,"N"
"3290",31.23585,48.96647,307.35,0.39,0.36,"2025-09-29",2231,"N20","nominal","2.0NRT",294.97,0.4,"N"
"3291",31.26989,48.73361,320.99,0.38,0.36,"2025-09-29",2231,"N20","nominal","2.0NRT",301.44,2.65,"N"
"3292",31.21706,48.95595,328.63,0.39,0.36,"2025-09-29",2231,"N20","nominal","2.0NRT",291.59,2.52,"N"
"3293",31.21049,48.95451,321.98,0.39,0.36,"2025-09-29",2231,"N20","nominal","2.0NRT",294.07,1.53,"N"
"3294",31.21113,48.9505,306.53,0.39,0.36,"2025-09-29",2231,"N20","nominal","2.0NRT",295.76,1.53,"N"
"3295",31.2072,48.95379,323.42,0.39,0.36,"2025-09-29",2231,"N20","nominal","2.0NRT",294.88,1.53,"N"
"3296",31.13782,49.31726,350.82,0.39,0.36,"2025-09-29",2231,"N20","nominal","2.0NRT",294.31,3.78,"N"
"3297",31.13715,49.3213,347.16,0.39,0.36,"2025-09-29",2231,"N20","nominal","2.0NRT",296.87,3.78,"N"
"3298",31.39594,47.68098,313.35,0.39,0.36,"2025-09-29",2231,"N20","nominal","2.0NRT",291.1,1.34,"N"
"3299",31.13319,49.32459,328.5,0.39,0.36,"2025-09-29",2231,"N20","nominal","2.0NRT",294.43,2.04,"N"
"3300",31.13452,49.31653,302.91,0.39,0.36,"2025-09-29",2231,"N20","nominal","2.0NRT",292.71,3.78,"N"
"3301",31.13385,49.32056,319.28,0.39,0.36,"2025-09-29",2231,"N20","nominal","2.0NRT",292.54,3.78,"N"
"3302",31.12989,49.32386,320.48,0.39,0.36,"2025-09-29",2231,"N20","nominal","2.0NRT",295.94,1.94,"N"
"3303",31.13056,49.31982,317.07,0.39,0.36,"2025-09-29",2231,"N20","nominal","2.0NRT",293.95,2.31,"N"
"3304",31.12726,49.31909,333.28,0.39,0.36,"2025-09-29",2231,"N20","nominal","2.0NRT",296.28,2.31,"N"
"3305",31.35576,47.85585,339.64,0.39,0.36,"2025-09-29",2231,"N20","nominal","2.0NRT",293.72,2.39,"N"
"3306",31.35247,47.85518,306.58,0.39,0.36,"2025-09-29",2231,"N20","nominal","2.0NRT",291.9,2.39,"N"
"3307",31.00751,49.93311,309.61,0.4,0.37,"2025-09-29",2231,"N20","nominal","2.0NRT",293.22,0.53,"N"
"3308",31.21891,48.4972,324.73,0.38,0.36,"2025-09-29",2231,"N20","nominal","2.0NRT",294.87,1.05,"N"
"3309",31.82616,44.12091,311.53,0.5,0.41,"2025-09-29",2231,"N20","nominal","2.0NRT",295.51,1.63,"N"
"3310",31.27495,48.11667,335.62,0.38,0.36,"2025-09-29",2231,"N20","nominal","2.0NRT",299.24,18.12,"N"
"3311",31.21562,48.49649,342.41,0.38,0.36,"2025-09-29",2231,"N20","nominal","2.0NRT",297.18,6.42,"N"
"3312",31.32477,47.79125,302.91,0.39,0.36,"2025-09-29",2231,"N20","nominal","2.0NRT",290.61,0.61,"N"
"3313",31.27557,48.11266,302.33,0.38,0.36,"2025-09-29",2231,"N20","nominal","2.0NRT",291.84,18.12,"N"
"3314",31.27433,48.12067,307.2,0.38,0.36,"2025-09-29",2231,"N20","nominal","2.0NRT",293.96,1.4,"N"
"3315",31.27166,48.11598,340.08,0.38,0.36,"2025-09-29",2231,"N20","nominal","2.0NRT",322.45,18.12,"N"
"3316",31.27228,48.11197,316.18,0.38,0.36,"2025-09-29",2231,"N20","nominal","2.0NRT",291.44,18.12,"N"
"3317",31.27104,48.11998,315.68,0.38,0.36,"2025-09-29",2231,"N20","nominal","2.0NRT",295.35,1.4,"N"
"3318",31.26837,48.11529,308.64,0.38,0.36,"2025-09-29",2231,"N20","nominal","2.0NRT",291.68,1.21,"N"
"3319",31.30046,47.79455,329.2,0.39,0.36,"2025-09-29",2231,"N20","nominal","2.0NRT",301.78,7.1,"N"
"3320",31.29985,47.79858,310.01,0.39,0.36,"2025-09-29",2231,"N20","nominal","2.0NRT",294.79,7.1,"N"
"3321",31.04342,49.39338,321.14,0.39,0.36,"2025-09-29",2231,"N20","nominal","2.0NRT",294.39,1.38,"N"
"3322",31.04408,49.38934,309.63,0.39,0.36,"2025-09-29",2231,"N20","nominal","2.0NRT",293.17,1.38,"N"
"3323",31.04012,49.39265,330.33,0.39,0.36,"2025-09-29",2231,"N20","nominal","2.0NRT",295.59,1.38,"N"
"3324",31.04078,49.38861,305.9,0.39,0.36,"2025-09-29",2231,"N20","nominal","2.0NRT",292.02,1.38,"N"
"3325",30.94548,49.87801,335.54,0.4,0.37,"2025-09-29",2231,"N20","nominal","2.0NRT",305.71,8.92,"N"
"3326",30.99009,49.59119,329.31,0.39,0.36,"2025-09-29",2231,"N20","nominal","2.0NRT",297.74,3.1,"N"
"3327",30.98942,49.59524,330.36,0.39,0.36,"2025-09-29",2231,"N20","nominal","2.0NRT",303.07,4.64,"N"
"3328",31.28558,47.71336,322.8,0.39,0.36,"2025-09-29",2231,"N20","nominal","2.0NRT",293.02,1.09,"N"
"3329",30.98678,49.59045,326.98,0.39,0.36,"2025-09-29",2231,"N20","nominal","2.0NRT",298.26,3.1,"N"
"3330",30.98611,49.59449,327.59,0.39,0.36,"2025-09-29",2231,"N20","nominal","2.0NRT",298.21,4.64,"N"
"3331",31.23698,47.96473,351.58,0.39,0.36,"2025-09-29",2231,"N20","nominal","2.0NRT",299.24,14.12,"N"
"3332",30.98166,49.51807,337.88,0.39,0.36,"2025-09-29",2231,"N20","nominal","2.0NRT",299.27,5.62,"N"
"3333",31.49798,46.13292,306.84,0.42,0.37,"2025-09-29",2231,"N20","nominal","2.0NRT",293.88,0.73,"N"
"3334",31.36049,47.02631,308.8,0.4,0.37,"2025-09-29",2231,"N20","nominal","2.0NRT",294.62,1.09,"N"
"3335",31.35988,47.03045,310.1,0.4,0.37,"2025-09-29",2231,"N20","nominal","2.0NRT",295.5,1.09,"N"
"3336",30.95438,49.55818,311.38,0.39,0.36,"2025-09-29",2231,"N20","nominal","2.0NRT",296.6,1.44,"N"
"3337",30.90409,49.67345,332.64,0.39,0.36,"2025-09-29",2231,"N20","nominal","2.0NRT",296.87,5.11,"N"
"3338",30.90008,49.6768,342.54,0.39,0.36,"2025-09-29",2231,"N20","nominal","2.0NRT",307.43,9.61,"N"
"3339",31.1617,48.05657,314.05,0.38,0.36,"2025-09-29",2231,"N20","nominal","2.0NRT",297.92,1.62,"N"
"3340",31.07122,48.56955,322.45,0.38,0.36,"2025-09-29",2231,"N20","nominal","2.0NRT",295.44,1.99,"N"
"3341",30.89512,49.60947,329.08,0.39,0.36,"2025-09-29",2231,"N20","nominal","2.0NRT",295.28,2.64,"N"
"3342",30.89113,49.61278,322.57,0.39,0.36,"2025-09-29",2231,"N20","nominal","2.0NRT",296.12,1.75,"N"
"3343",30.84673,49.75462,336.53,0.4,0.37,"2025-09-29",2231,"N20","nominal","2.0NRT",301.54,3.87,"N"
"3344",31.14249,47.87182,324.72,0.39,0.36,"2025-09-29",2231,"N20","nominal","2.0NRT",293.93,1.65,"N"
"3345",30.79259,49.78917,339.67,0.4,0.37,"2025-09-29",2231,"N20","nominal","2.0NRT",304.78,7.64,"N"
"3346",31.35996,45.96498,329.89,0.42,0.38,"2025-09-29",2231,"N20","nominal","2.0NRT",295.26,1.57,"N"
"3347",31.36056,45.96058,305.42,0.42,0.38,"2025-09-29",2231,"N20","nominal","2.0NRT",293.03,1.57,"N"
"3348",31.35652,45.96434,346.13,0.42,0.38,"2025-09-29",2231,"N20","nominal","2.0NRT",299.9,8.97,"N"
"3349",31.09358,47.79133,307.98,0.39,0.36,"2025-09-29",2231,"N20","nominal","2.0NRT",292.53,12.49,"N"
"3350",30.71541,50.11858,309.04,0.4,0.37,"2025-09-29",2231,"N20","nominal","2.0NRT",296.34,2.21,"N"
"3351",31.09029,47.79065,330.26,0.39,0.36,"2025-09-29",2231,"N20","nominal","2.0NRT",306.4,12.49,"N"
"3352",30.92307,48.8566,330.63,0.39,0.36,"2025-09-29",2231,"N20","nominal","2.0NRT",311.47,27.6,"N"
"3353",31.0909,47.78663,317.39,0.39,0.36,"2025-09-29",2231,"N20","nominal","2.0NRT",293.38,12.49,"N"
"3354",30.92371,48.85261,302.9,0.39,0.36,"2025-09-29",2231,"N20","nominal","2.0NRT",290.5,1.51,"N"
"3355",31.08699,47.78997,331.46,0.39,0.36,"2025-09-29",2231,"N20","nominal","2.0NRT",293.93,3.29,"N"
"3356",31.0876,47.78595,302.45,0.39,0.36,"2025-09-29",2231,"N20","nominal","2.0NRT",291.98,3.29,"N"
"3357",30.91978,48.85588,307.68,0.39,0.36,"2025-09-29",2231,"N20","nominal","2.0NRT",291.79,1.33,"N"
"3358",30.66387,50.32938,332.62,0.41,0.37,"2025-09-29",2231,"N20","nominal","2.0NRT",297.47,4.76,"N"
"3359",31.0843,47.62852,320.36,0.39,0.36,"2025-09-29",2231,"N20","nominal","2.0NRT",293.27,3.62,"N"
"3360",31.0055,48.14138,327.17,0.38,0.36,"2025-09-29",2231,"N20","nominal","2.0NRT",295.42,1.36,"N"
"3361",31.0816,47.62381,331,0.39,0.36,"2025-09-29",2231,"N20","nominal","2.0NRT",296.01,4.91,"N"
"3362",31.08099,47.62784,329.84,0.39,0.36,"2025-09-29",2231,"N20","nominal","2.0NRT",298.23,3.62,"N"
"3363",31.00221,48.14069,314.1,0.38,0.36,"2025-09-29",2231,"N20","nominal","2.0NRT",292.06,1.36,"N"
"3364",30.72269,49.82137,327.83,0.4,0.37,"2025-09-29",2231,"N20","nominal","2.0NRT",317.72,36.04,"N"
"3365",30.722,49.82544,313.11,0.4,0.37,"2025-09-29",2231,"N20","nominal","2.0NRT",298.71,6.39,"N"
"3366",30.71935,49.82062,319.81,0.4,0.37,"2025-09-29",2231,"N20","nominal","2.0NRT",297.06,1.57,"N"
"3367",30.61854,50.38876,317.16,0.41,0.37,"2025-09-29",2231,"N20","nominal","2.0NRT",294.33,1.05,"N"
"3368",31.0624,47.61573,334.76,0.39,0.36,"2025-09-29",2231,"N20","nominal","2.0NRT",297.91,7.95,"N"
"3369",31.10375,47.29443,333.27,0.39,0.36,"2025-09-29",2231,"N20","nominal","2.0NRT",299.26,5.16,"N"
"3370",31.02856,47.70424,330.61,0.39,0.36,"2025-09-29",2231,"N20","nominal","2.0NRT",292.18,4.54,"N"
"3371",30.66143,49.89681,313.28,0.4,0.37,"2025-09-29",2231,"N20","nominal","2.0NRT",293.96,0.59,"N"
"3372",31.07809,47.2599,328.14,0.39,0.36,"2025-09-29",2231,"N20","nominal","2.0NRT",297.5,2.54,"N"
"3373",31.00535,47.74503,330.05,0.39,0.36,"2025-09-29",2231,"N20","nominal","2.0NRT",294.5,1.95,"N"
"3374",32.23215,35.35063,306.08,0.53,0.67,"2025-09-29",2231,"N20","nominal","2.0NRT",290.09,1.45,"N"
"3375",32.23193,35.35519,314.91,0.53,0.67,"2025-09-29",2231,"N20","nominal","2.0NRT",291.48,1.45,"N"
"3376",31.07478,47.25924,334.01,0.39,0.36,"2025-09-29",2231,"N20","nominal","2.0NRT",297,2.54,"N"
"3377",30.55201,50.48777,325.37,0.41,0.37,"2025-09-29",2231,"N20","nominal","2.0NRT",296.72,2.1,"N"
"3378",30.71151,49.53978,344.94,0.39,0.36,"2025-09-29",2231,"N20","nominal","2.0NRT",298.8,3.92,"N"
"3379",30.5486,50.48707,308.34,0.41,0.37,"2025-09-29",2231,"N20","nominal","2.0NRT",292.85,1.05,"N"
"3380",30.70819,49.53904,333.24,0.39,0.36,"2025-09-29",2231,"N20","nominal","2.0NRT",294.1,3.92,"N"
"3381",30.99079,47.68406,336.19,0.39,0.36,"2025-09-29",2231,"N20","nominal","2.0NRT",294.07,8.51,"N"
"3382",30.98749,47.68462,329.62,0.39,0.36,"2025-09-29",2231,"N20","nominal","2.0NRT",291.04,2.18,"N"
"3383",31.04066,47.2873,308.06,0.39,0.36,"2025-09-29",2231,"N20","nominal","2.0NRT",292.13,0.59,"N"
"3384",31.03794,47.28257,301.83,0.39,0.36,"2025-09-29",2231,"N20","nominal","2.0NRT",291.7,0.43,"N"
"3385",31.03462,47.28191,335.79,0.39,0.36,"2025-09-29",2231,"N20","nominal","2.0NRT",296.33,26.5,"N"
"3386",31.03402,47.28597,334.42,0.39,0.36,"2025-09-29",2231,"N20","nominal","2.0NRT",297.99,42.7,"N"
"3387",31.03523,47.27784,302.5,0.39,0.36,"2025-09-29",2231,"N20","nominal","2.0NRT",292.49,26.5,"N"
"3388",30.61452,49.91774,312.31,0.4,0.37,"2025-09-29",2231,"N20","nominal","2.0NRT",294.95,1.25,"N"
"3389",30.53022,50.40973,300.6,0.41,0.37,"2025-09-29",2231,"N20","nominal","2.0NRT",290.44,0.56,"N"
"3390",31.03131,47.28124,346.7,0.39,0.36,"2025-09-29",2231,"N20","nominal","2.0NRT",317.44,26.5,"N"
"3391",31.0307,47.28531,367,0.39,0.36,"2025-09-29",2231,"N20","high","2.0NRT",331.13,42.7,"N"
"3392",31.03191,47.27717,306.63,0.39,0.36,"2025-09-29",2231,"N20","nominal","2.0NRT",293.58,26.5,"N"
"3393",31.02798,47.28057,322.65,0.39,0.36,"2025-09-29",2231,"N20","nominal","2.0NRT",293.72,1.99,"N"
"3394",31.02738,47.28464,319.97,0.39,0.36,"2025-09-29",2231,"N20","nominal","2.0NRT",294.78,1.22,"N"
"3395",31.02677,47.28871,308.05,0.39,0.36,"2025-09-29",2231,"N20","nominal","2.0NRT",295.12,1.22,"N"
"3396",32.23442,35.3497,301.92,0.53,0.67,"2025-09-29",2231,"N20","nominal","2.0NRT",290.02,1.29,"N"
"3397",32.23418,35.35419,308.74,0.53,0.67,"2025-09-29",2231,"N20","nominal","2.0NRT",291.02,1.96,"N"
"3398",32.2278,35.35622,302.62,0.53,0.67,"2025-09-29",2231,"N20","nominal","2.0NRT",289.69,0.9,"N"
"3399",30.4858,50.48298,334.47,0.41,0.37,"2025-09-29",2231,"N20","nominal","2.0NRT",299.4,7.32,"N"
"3400",30.56356,50.01312,331.19,0.4,0.37,"2025-09-29",2231,"N20","nominal","2.0NRT",303.01,5.09,"N"
"3401",30.56286,50.01721,316.54,0.4,0.37,"2025-09-29",2231,"N20","nominal","2.0NRT",301,5.09,"N"
"3402",30.47606,50.49834,312.67,0.41,0.37,"2025-09-29",2231,"N20","nominal","2.0NRT",292.9,0.95,"N"
"3403",30.57302,49.91708,332.49,0.4,0.37,"2025-09-29",2231,"N20","nominal","2.0NRT",295.5,3.41,"N"
"3404",30.4749,50.48483,309.51,0.41,0.37,"2025-09-29",2231,"N20","nominal","2.0NRT",292.58,0.86,"N"
"3405",30.53732,50.02426,321.77,0.4,0.37,"2025-09-29",2231,"N20","nominal","2.0NRT",296.98,2.59,"N"
"3406",30.41118,50.74556,307.9,0.42,0.38,"2025-09-29",2231,"N20","nominal","2.0NRT",296.66,1.32,"N"
"3407",30.41042,50.74984,306.35,0.42,0.38,"2025-09-29",2231,"N20","nominal","2.0NRT",295.26,1.02,"N"
"3408",30.87245,47.92531,303.48,0.39,0.36,"2025-09-29",2231,"N20","nominal","2.0NRT",292.24,0.61,"N"
"3409",30.86649,47.91995,325.03,0.39,0.36,"2025-09-29",2231,"N20","nominal","2.0NRT",294.83,2.79,"N"
"3410",30.86587,47.92394,345.53,0.39,0.36,"2025-09-29",2231,"N20","nominal","2.0NRT",298.13,2.44,"N"
"3411",30.86526,47.92794,305.72,0.38,0.36,"2025-09-29",2231,"N20","nominal","2.0NRT",293.15,2.44,"N"
"3412",30.86319,47.91927,334.93,0.39,0.36,"2025-09-29",2231,"N20","nominal","2.0NRT",299.95,22.57,"N"
"3413",30.86258,47.92326,367,0.39,0.36,"2025-09-29",2231,"N20","high","2.0NRT",332.64,19.6,"N"
"3414",31.24192,45.25321,310.56,0.44,0.39,"2025-09-29",2231,"N20","nominal","2.0NRT",292.79,0.6,"N"
"3415",30.86196,47.92725,306.56,0.38,0.36,"2025-09-29",2231,"N20","nominal","2.0NRT",293.58,19.6,"N"
"3416",30.8599,47.91859,312.69,0.39,0.36,"2025-09-29",2231,"N20","nominal","2.0NRT",291.93,22.57,"N"
"3417",30.85929,47.92258,319.81,0.39,0.36,"2025-09-29",2231,"N20","nominal","2.0NRT",291.85,19.6,"N"
"3418",30.85867,47.92657,299.39,0.38,0.36,"2025-09-29",2231,"N20","nominal","2.0NRT",289.11,19.6,"N"
"3419",30.39763,50.62217,321.05,0.42,0.38,"2025-09-29",2231,"N20","nominal","2.0NRT",295.07,1.28,"N"
"3420",30.39839,50.61791,311.31,0.42,0.38,"2025-09-29",2231,"N20","nominal","2.0NRT",295.96,1.41,"N"
"3421",30.3983,50.61997,319.61,0.42,0.38,"2025-09-29",2231,"N20","nominal","2.0NRT",296.85,5.97,"N"
"3422",30.39639,50.61064,334.58,0.42,0.38,"2025-09-29",2231,"N20","nominal","2.0NRT",296.49,4.44,"N"
"3423",30.39564,50.6149,329.22,0.42,0.38,"2025-09-29",2231,"N20","nominal","2.0NRT",296.25,5.97,"N"
"3424",30.3949,50.61916,350.8,0.42,0.38,"2025-09-29",2231,"N20","nominal","2.0NRT",304.2,5.97,"N"
"3425",30.62605,49.13079,313.45,0.39,0.36,"2025-09-29",2231,"N20","nominal","2.0NRT",292.15,1.27,"N"
"3426",30.6254,49.1348,308.61,0.39,0.36,"2025-09-29",2231,"N20","nominal","2.0NRT",294.02,1.44,"N"
"3427",30.7557,48.28071,326.22,0.38,0.36,"2025-09-29",2231,"N20","nominal","2.0NRT",296.15,1.16,"N"
"3428",30.75508,48.28469,304.89,0.38,0.36,"2025-09-29",2231,"N20","nominal","2.0NRT",294.45,1.16,"N"
"3429",30.75304,48.27604,320.33,0.38,0.36,"2025-09-29",2231,"N20","nominal","2.0NRT",293.56,1.51,"N"
"3430",30.75241,48.28002,340.36,0.38,0.36,"2025-09-29",2231,"N20","nominal","2.0NRT",323.4,21.08,"N"
"3431",30.75179,48.28399,322.74,0.38,0.36,"2025-09-29",2231,"N20","nominal","2.0NRT",295.5,21.08,"N"
"3432",30.74913,48.27932,340.19,0.38,0.36,"2025-09-29",2231,"N20","nominal","2.0NRT",295.91,21.08,"N"
"3433",30.74975,48.27535,312.79,0.38,0.36,"2025-09-29",2231,"N20","nominal","2.0NRT",292.83,1.51,"N"
"3434",30.7485,48.2833,309.86,0.38,0.36,"2025-09-29",2231,"N20","nominal","2.0NRT",293.63,21.08,"N"
"3435",30.8874,47.3334,318.61,0.39,0.36,"2025-09-29",2231,"N20","nominal","2.0NRT",296.18,0.89,"N"
"3436",30.8868,47.33744,306.98,0.39,0.36,"2025-09-29",2231,"N20","nominal","2.0NRT",295.51,0.89,"N"
"3437",30.35332,50.6139,308.01,0.42,0.38,"2025-09-29",2231,"N20","nominal","2.0NRT",294.52,1.06,"N"
"3438",30.32986,50.74672,311.34,0.42,0.38,"2025-09-29",2231,"N20","nominal","2.0NRT",292.49,0.74,"N"
"3439",30.88409,47.33273,349.79,0.39,0.36,"2025-09-29",2231,"N20","nominal","2.0NRT",309.02,10.77,"N"
"3440",30.88348,47.33678,321.44,0.39,0.36,"2025-09-29",2231,"N20","nominal","2.0NRT",298.6,10.77,"N"
"3441",30.88077,47.33206,331.71,0.39,0.36,"2025-09-29",2231,"N20","nominal","2.0NRT",295.96,10.77,"N"
"3442",31.21651,44.92429,306.99,0.46,0.39,"2025-09-29",2231,"N20","nominal","2.0NRT",296.67,1.45,"N"
"3443",30.29904,50.73985,332.33,0.42,0.38,"2025-09-29",2231,"N20","nominal","2.0NRT",293.52,2.12,"N"
"3444",30.30057,50.73126,304.15,0.42,0.38,"2025-09-29",2231,"N20","nominal","2.0NRT",291.97,0.81,"N"
"3445",30.2964,50.73471,320.03,0.42,0.38,"2025-09-29",2231,"N20","nominal","2.0NRT",290.72,2.12,"N"
"3446",30.29563,50.73901,324.88,0.42,0.38,"2025-09-29",2231,"N20","nominal","2.0NRT",291.17,2.12,"N"
"3447",30.30558,50.68315,312.79,0.42,0.38,"2025-09-29",2231,"N20","nominal","2.0NRT",293.73,1,"N"
"3448",30.44652,49.83444,328.34,0.4,0.37,"2025-09-29",2231,"N20","nominal","2.0NRT",297.7,2.92,"N"
"3449",30.273,50.80577,306.18,0.42,0.38,"2025-09-29",2231,"N20","nominal","2.0NRT",291.8,0.44,"N"
"3450",29.88045,52.87017,299.93,0.52,0.42,"2025-09-29",2231,"N20","nominal","2.0NRT",286.11,1.21,"N"
"3451",31.1482,45.05772,306.16,0.45,0.39,"2025-09-29",2231,"N20","nominal","2.0NRT",293.77,2.43,"N"
"3452",30.82985,47.33016,345.84,0.39,0.36,"2025-09-29",2231,"N20","nominal","2.0NRT",297.65,11.02,"N"
"3453",30.82925,47.33421,328.99,0.39,0.36,"2025-09-29",2231,"N20","nominal","2.0NRT",314.47,11.02,"N"
"3454",30.34781,50.30406,329.12,0.41,0.37,"2025-09-29",2231,"N20","nominal","2.0NRT",295.59,1.8,"N"
"3455",29.88586,52.78296,324.4,0.52,0.41,"2025-09-29",2231,"N20","nominal","2.0NRT",283.13,3.54,"N"
"3456",30.35003,50.29139,308.2,0.41,0.37,"2025-09-29",2231,"N20","nominal","2.0NRT",294.21,1.19,"N"
"3457",30.25067,50.85047,304.01,0.43,0.38,"2025-09-29",2231,"N20","nominal","2.0NRT",291.56,0.89,"N"
"3458",30.24989,50.85479,315.66,0.43,0.38,"2025-09-29",2231,"N20","nominal","2.0NRT",294.19,0.89,"N"
"3459",30.82654,47.32949,340.25,0.39,0.36,"2025-09-29",2231,"N20","nominal","2.0NRT",303.13,11.02,"N"
"3460",30.82594,47.33354,310.3,0.39,0.36,"2025-09-29",2231,"N20","nominal","2.0NRT",295.6,11.02,"N"
"3461",30.25979,50.77995,316.53,0.42,0.38,"2025-09-29",2231,"N20","nominal","2.0NRT",294.24,1.33,"N"
"3462",30.2483,50.85185,324.63,0.43,0.38,"2025-09-29",2231,"N20","nominal","2.0NRT",293.28,2.26,"N"
"3463",30.26059,50.78202,316.64,0.42,0.38,"2025-09-29",2231,"N20","nominal","2.0NRT",293.91,1.09,"N"
"3464",30.25869,50.7726,332.64,0.42,0.38,"2025-09-29",2231,"N20","nominal","2.0NRT",296.97,6.14,"N"
"3465",29.88522,52.7866,323.7,0.52,0.41,"2025-09-29",2231,"N20","nominal","2.0NRT",284.75,2.78,"N"
"3466",30.25222,50.78909,310.76,0.42,0.38,"2025-09-29",2231,"N20","nominal","2.0NRT",293.72,0.61,"N"
"3467",30.25034,50.77949,329.76,0.42,0.38,"2025-09-29",2231,"N20","nominal","2.0NRT",296.06,3.14,"N"
"3468",30.40565,49.86062,328.04,0.4,0.37,"2025-09-29",2231,"N20","nominal","2.0NRT",298.42,2.09,"N"
"3469",30.75262,47.66413,343.58,0.39,0.36,"2025-09-29",2231,"N20","nominal","2.0NRT",296.35,4.51,"N"
"3470",30.4005,49.8297,321.44,0.4,0.37,"2025-09-29",2231,"N20","nominal","2.0NRT",298.02,1.94,"N"
"3471",30.39424,49.86658,311.61,0.4,0.37,"2025-09-29",2231,"N20","nominal","2.0NRT",296.78,1.37,"N"
"3472",30.3916,49.86172,337.34,0.4,0.37,"2025-09-29",2231,"N20","nominal","2.0NRT",311.45,9.43,"N"
"3473",30.39229,49.85764,316.56,0.4,0.37,"2025-09-29",2231,"N20","nominal","2.0NRT",297.21,9.43,"N"
"3474",30.38826,49.86095,318.07,0.4,0.37,"2025-09-29",2231,"N20","nominal","2.0NRT",298.71,9.43,"N"
"3475",30.22063,50.78615,321.9,0.42,0.38,"2025-09-29",2231,"N20","nominal","2.0NRT",294.61,1.69,"N"
"3476",30.20518,50.8329,309.7,0.43,0.38,"2025-09-29",2231,"N20","nominal","2.0NRT",295.44,1.63,"N"
"3477",30.364,49.88125,325.52,0.4,0.37,"2025-09-29",2231,"N20","nominal","2.0NRT",298.49,1.74,"N"
"3478",30.36065,49.8805,331.77,0.4,0.37,"2025-09-29",2231,"N20","nominal","2.0NRT",301.23,5.62,"N"
"3479",30.35362,49.92168,330.77,0.4,0.37,"2025-09-29",2231,"N20","nominal","2.0NRT",298.91,2.25,"N"
"3480",30.76609,47.32701,326.05,0.39,0.36,"2025-09-29",2231,"N20","nominal","2.0NRT",294.91,1.92,"N"
"3481",30.76278,47.32634,332.01,0.39,0.36,"2025-09-29",2231,"N20","nominal","2.0NRT",298.57,8.04,"N"
"3482",30.48366,49.0842,313.72,0.39,0.36,"2025-09-29",2231,"N20","nominal","2.0NRT",297.15,1.28,"N"
"3483",30.2969,50.0895,341,0.41,0.37,"2025-09-29",2231,"N20","nominal","2.0NRT",300.1,3.04,"N"
"3484",30.46125,49.09589,311.36,0.39,0.36,"2025-09-29",2231,"N20","nominal","2.0NRT",297.91,1.68,"N"
"3485",30.29115,50.06226,330.62,0.4,0.37,"2025-09-29",2231,"N20","nominal","2.0NRT",299.06,2.67,"N"
"3486",30.28395,50.10376,329.53,0.41,0.37,"2025-09-29",2231,"N20","nominal","2.0NRT",295.65,2.87,"N"
"3487",30.32105,49.88878,309.27,0.4,0.37,"2025-09-29",2231,"N20","nominal","2.0NRT",295.86,1.17,"N"
"3488",30.45267,49.08572,328.75,0.39,0.36,"2025-09-29",2231,"N20","nominal","2.0NRT",298.03,3.32,"N"
"3489",30.8057,46.71713,300.97,0.4,0.37,"2025-09-29",2231,"N20","nominal","2.0NRT",290.77,0.31,"N"
"3490",30.43551,49.10765,313.8,0.39,0.36,"2025-09-29",2231,"N20","nominal","2.0NRT",300.91,2.49,"N"
"3491",30.26388,50.09169,315.16,0.41,0.37,"2025-09-29",2231,"N20","nominal","2.0NRT",297.42,2.12,"N"
"3492",30.62386,47.8157,313.94,0.39,0.36,"2025-09-29",2231,"N20","nominal","2.0NRT",293.77,0.92,"N"
"3493",30.22839,50.19656,307.22,0.41,0.37,"2025-09-29",2231,"N20","nominal","2.0NRT",294.73,0.53,"N"
"3494",30.68773,47.3288,335.98,0.39,0.36,"2025-09-29",2231,"N20","nominal","2.0NRT",298.84,5.11,"N"
"3495",30.68441,47.32813,330.98,0.39,0.36,"2025-09-29",2231,"N20","nominal","2.0NRT",297.2,5.11,"N"
"3496",30.67779,47.32681,324.08,0.39,0.36,"2025-09-29",2231,"N20","nominal","2.0NRT",294.96,2.11,"N"
"3497",30.18425,50.3701,326.04,0.41,0.37,"2025-09-29",2231,"N20","nominal","2.0NRT",298.58,2.43,"N"
"3498",30.17766,50.40789,312.16,0.41,0.37,"2025-09-29",2231,"N20","nominal","2.0NRT",298.03,2.08,"N"
"3499",31.65348,38.85808,303.77,0.33,0.55,"2025-09-29",2231,"N20","nominal","2.0NRT",292.83,0.91,"N"
"3500",30.15772,50.42108,313.11,0.41,0.37,"2025-09-29",2231,"N20","nominal","2.0NRT",297.31,5.1,"N"
"3501",30.15432,50.42035,344.09,0.41,0.37,"2025-09-29",2231,"N20","nominal","2.0NRT",307.42,5.1,"N"
"3502",30.15652,50.40778,315.13,0.41,0.37,"2025-09-29",2231,"N20","nominal","2.0NRT",297.3,1.31,"N"
"3503",30.15358,50.42457,312.99,0.41,0.37,"2025-09-29",2231,"N20","nominal","2.0NRT",300.78,5.1,"N"
"3504",29.73473,52.65219,301.16,0.51,0.41,"2025-09-29",2231,"N20","nominal","2.0NRT",289.68,1.88,"N"
"3505",30.5701,47.76765,309.2,0.39,0.36,"2025-09-29",2231,"N20","nominal","2.0NRT",297.24,0.67,"N"
"3506",30.5668,47.76698,328.03,0.39,0.36,"2025-09-29",2231,"N20","nominal","2.0NRT",296.57,2.47,"N"
"3507",29.15479,55.36403,298.7,0.49,0.49,"2025-09-29",2231,"N20","nominal","2.0NRT",288.18,1.42,"N"
"3508",30.48226,48.24557,320.59,0.38,0.36,"2025-09-29",2231,"N20","nominal","2.0NRT",294.17,1.51,"N"
"3509",30.48163,48.24954,324.73,0.38,0.36,"2025-09-29",2231,"N20","nominal","2.0NRT",296.27,1.88,"N"
"3510",29.1385,55.37506,309.28,0.49,0.49,"2025-09-29",2231,"N20","nominal","2.0NRT",291.29,2.29,"N"
"3511",30.07004,50.6761,313.44,0.42,0.38,"2025-09-29",2231,"N20","nominal","2.0NRT",294.83,1.85,"N"
"3512",30.61637,47.32693,331.03,0.39,0.36,"2025-09-29",2231,"N20","nominal","2.0NRT",296.71,2.25,"N"
"3513",30.60975,47.32561,342.39,0.39,0.36,"2025-09-29",2231,"N20","nominal","2.0NRT",299.59,6.43,"N"
"3514",30.60915,47.32964,327.54,0.39,0.36,"2025-09-29",2231,"N20","nominal","2.0NRT",298.93,2.53,"N"
"3515",30.60855,47.33367,322.91,0.39,0.36,"2025-09-29",2231,"N20","nominal","2.0NRT",296.95,2.53,"N"
"3516",30.08344,50.5412,332.47,0.42,0.38,"2025-09-29",2231,"N20","nominal","2.0NRT",299.83,3.34,"N"
"3517",30.08368,50.54301,329.08,0.42,0.38,"2025-09-29",2231,"N20","nominal","2.0NRT",299.28,3.41,"N"
"3518",30.10934,50.35489,307.03,0.41,0.37,"2025-09-29",2231,"N20","nominal","2.0NRT",293.28,0.59,"N"
"3519",30.48107,48.07859,315.18,0.38,0.36,"2025-09-29",2231,"N20","nominal","2.0NRT",295.85,1.27,"N"
"3520",29.13985,55.37342,303.38,0.49,0.49,"2025-09-29",2231,"N20","nominal","2.0NRT",288.93,1.94,"N"
"3521",30.04254,50.63597,343.54,0.42,0.38,"2025-09-29",2231,"N20","nominal","2.0NRT",303.3,7.39,"N"
"3522",30.03567,50.63462,330.18,0.42,0.38,"2025-09-29",2231,"N20","nominal","2.0NRT",298.19,3.89,"N"
"3523",30.57304,47.32369,324.3,0.39,0.36,"2025-09-29",2231,"N20","nominal","2.0NRT",296.83,1.36,"N"
"3524",30.52662,47.60774,342.86,0.39,0.36,"2025-09-29",2231,"N20","nominal","2.0NRT",296.6,5.94,"N"
"3525",30.52602,47.61173,332.98,0.39,0.36,"2025-09-29",2231,"N20","nominal","2.0NRT",298.17,4.65,"N"
"3526",30.58364,47.23026,317.27,0.39,0.36,"2025-09-29",2231,"N20","nominal","2.0NRT",296.62,1.1,"N"
"3527",30.56852,47.33109,317.83,0.39,0.36,"2025-09-29",2231,"N20","nominal","2.0NRT",297.37,0.85,"N"
"3528",30.56791,47.33511,315.4,0.39,0.36,"2025-09-29",2231,"N20","nominal","2.0NRT",296.66,0.85,"N"
"3529",30.56004,47.38741,309.6,0.39,0.36,"2025-09-29",2231,"N20","nominal","2.0NRT",297.02,0.76,"N"
"3530",30.52333,47.60707,330.99,0.39,0.36,"2025-09-29",2231,"N20","nominal","2.0NRT",295.52,4.51,"N"
"3531",30.52272,47.61106,332.52,0.39,0.36,"2025-09-29",2231,"N20","nominal","2.0NRT",298.84,5.88,"N"
"3532",30.55673,47.38675,312.95,0.39,0.36,"2025-09-29",2231,"N20","nominal","2.0NRT",297.25,1.34,"N"
"3533",30.55613,47.39077,317.22,0.39,0.36,"2025-09-29",2231,"N20","nominal","2.0NRT",300.37,1.34,"N"
"3534",30.5619,47.32975,329.35,0.39,0.36,"2025-09-29",2231,"N20","nominal","2.0NRT",298.55,2.33,"N"
"3535",30.40331,48.35702,320.46,0.38,0.36,"2025-09-29",2231,"N20","nominal","2.0NRT",296.71,1.67,"N"
"3536",30.55887,47.34989,319.37,0.39,0.36,"2025-09-29",2231,"N20","nominal","2.0NRT",298.2,1.28,"N"
"3537",30.47561,47.74127,334.39,0.39,0.36,"2025-09-29",2231,"N20","nominal","2.0NRT",295.63,3.27,"N"
"3538",29.98118,50.7208,315.42,0.43,0.38,"2025-09-29",2231,"N20","nominal","2.0NRT",297.32,1.43,"N"
"3539",30.56519,47.10153,330.32,0.39,0.36,"2025-09-29",2231,"N20","nominal","2.0NRT",297.93,10.87,"N"
"3540",30.41429,48.09333,308.08,0.38,0.36,"2025-09-29",2231,"N20","nominal","2.0NRT",297.83,0.99,"N"
"3541",30.56127,47.10493,307.07,0.39,0.36,"2025-09-29",2231,"N20","nominal","2.0NRT",296,12.65,"N"
"3542",29.94212,50.8389,330.28,0.43,0.38,"2025-09-29",2231,"N20","nominal","2.0NRT",299.56,3.29,"N"
"3543",30.47863,47.61032,310.25,0.39,0.36,"2025-09-29",2231,"N20","nominal","2.0NRT",295.72,0.7,"N"
"3544",30.47654,47.60167,314.74,0.39,0.36,"2025-09-29",2231,"N20","nominal","2.0NRT",295.91,0.91,"N"
"3545",30.45632,47.66749,329.39,0.39,0.36,"2025-09-29",2231,"N20","nominal","2.0NRT",299.25,2.75,"N"
"3546",29.62634,52.44541,306.51,0.5,0.41,"2025-09-29",2231,"N20","nominal","2.0NRT",289.15,1.1,"N"
"3547",29.91694,50.87885,331,0.43,0.38,"2025-09-29",2231,"N20","nominal","2.0NRT",301.25,4.36,"N"
"3548",30.35102,48.27716,318.31,0.38,0.36,"2025-09-29",2231,"N20","nominal","2.0NRT",299.72,1.77,"N"
"3549",30.49586,47.31736,354.81,0.39,0.36,"2025-09-29",2231,"N20","nominal","2.0NRT",303.95,7.78,"N"
"3550",30.49647,47.31334,316.39,0.39,0.36,"2025-09-29",2231,"N20","nominal","2.0NRT",297.07,1.63,"N"
"3551",30.34899,48.26855,309.71,0.38,0.36,"2025-09-29",2231,"N20","nominal","2.0NRT",297.58,2,"N"
"3552",30.34836,48.27251,312.24,0.38,0.36,"2025-09-29",2231,"N20","nominal","2.0NRT",298.72,1.77,"N"
"3553",29.62428,52.44792,310.52,0.5,0.41,"2025-09-29",2231,"N20","nominal","2.0NRT",292.38,1.35,"N"
"3554",30.49255,47.3167,315.42,0.39,0.36,"2025-09-29",2231,"N20","nominal","2.0NRT",296.5,1.13,"N"
"3555",30.34445,48.27578,314.76,0.38,0.36,"2025-09-29",2231,"N20","nominal","2.0NRT",299.69,1.56,"N"
"3556",30.34117,48.27509,311.15,0.38,0.36,"2025-09-29",2231,"N20","nominal","2.0NRT",300.17,1.56,"N"
"3557",29.20211,54.48354,297.03,0.44,0.46,"2025-09-29",2231,"N20","nominal","2.0NRT",284.37,0.61,"N"
"3558",30.55978,46.70171,325.31,0.4,0.37,"2025-09-29",2231,"N20","nominal","2.0NRT",295.85,2.23,"N"
"3559",30.4071,47.58833,311.78,0.39,0.36,"2025-09-29",2231,"N20","nominal","2.0NRT",297.98,0.99,"N"
"3560",30.42566,47.44381,315.52,0.39,0.36,"2025-09-29",2231,"N20","nominal","2.0NRT",296.62,0.97,"N"
"3561",30.36891,47.6381,312.77,0.39,0.36,"2025-09-29",2231,"N20","nominal","2.0NRT",297.59,0.87,"N"
"3562",30.40108,47.3356,335.8,0.39,0.36,"2025-09-29",2231,"N20","nominal","2.0NRT",298.75,4.59,"N"
"3563",29.47556,52.57222,298.37,0.51,0.41,"2025-09-29",2231,"N20","nominal","2.0NRT",285.25,0.96,"N"
"3564",30.36481,47.33023,328.64,0.39,0.36,"2025-09-29",2231,"N20","nominal","2.0NRT",295.71,1.61,"N"
"3565",30.36029,47.33759,331.09,0.39,0.36,"2025-09-29",2231,"N20","nominal","2.0NRT",300.84,6.81,"N"
"3566",30.35968,47.3416,330.19,0.39,0.36,"2025-09-29",2231,"N20","nominal","2.0NRT",298.45,5.06,"N"
"3567",30.35698,47.33693,342.64,0.39,0.36,"2025-09-29",2231,"N20","nominal","2.0NRT",298.4,6.81,"N"
"3568",30.27846,47.74039,305.98,0.39,0.36,"2025-09-29",2231,"N20","nominal","2.0NRT",295.49,1.23,"N"
"3569",30.27517,47.73972,330.6,0.39,0.36,"2025-09-29",2231,"N20","nominal","2.0NRT",295.82,1.23,"N"
"3570",30.27822,47.71986,313.27,0.39,0.36,"2025-09-29",2231,"N20","nominal","2.0NRT",294.93,0.41,"N"
"3571",30.27493,47.71919,322.26,0.39,0.36,"2025-09-29",2231,"N20","nominal","2.0NRT",295.55,1.26,"N"
"3572",30.26835,47.71784,328.69,0.39,0.36,"2025-09-29",2231,"N20","nominal","2.0NRT",296.74,2.28,"N"
"3573",30.26505,47.71717,329.01,0.39,0.36,"2025-09-29",2231,"N20","nominal","2.0NRT",296.68,2.28,"N"
"3574",29.94282,49.68562,337.95,0.4,0.37,"2025-09-29",2231,"N20","nominal","2.0NRT",301.1,9.03,"N"
"3575",30.31428,47.34901,336.48,0.39,0.36,"2025-09-29",2231,"N20","nominal","2.0NRT",297.7,2.61,"N"
"3576",30.28541,47.35973,330.39,0.39,0.36,"2025-09-29",2231,"N20","nominal","2.0NRT",297.68,5.41,"N"
"3577",30.28481,47.36373,315.89,0.39,0.36,"2025-09-29",2231,"N20","nominal","2.0NRT",297.03,5.41,"N"
"3578",30.28151,47.36306,335.82,0.39,0.36,"2025-09-29",2231,"N20","nominal","2.0NRT",299.83,5.93,"N"
"3579",29.37029,52.6109,306.59,0.52,0.41,"2025-09-29",2231,"N20","nominal","2.0NRT",287.97,1.42,"N"
"3580",30.28001,47.35039,330.2,0.39,0.36,"2025-09-29",2231,"N20","nominal","2.0NRT",296.68,2.54,"N"
"3581",30.2788,47.3584,330.2,0.39,0.36,"2025-09-29",2231,"N20","nominal","2.0NRT",297.27,5.93,"N"
"3582",30.2782,47.3624,325.51,0.39,0.36,"2025-09-29",2231,"N20","nominal","2.0NRT",298.78,5.93,"N"
"3583",30.35353,46.83769,335.6,0.39,0.37,"2025-09-29",2231,"N20","nominal","2.0NRT",306.12,17.82,"N"
"3584",29.36951,52.61396,308.78,0.52,0.41,"2025-09-29",2231,"N20","nominal","2.0NRT",287.94,1.7,"N"
"3585",29.25546,53.12242,327.19,0.55,0.43,"2025-09-29",2231,"N20","nominal","2.0NRT",287.43,3.3,"N"
"3586",29.71264,50.66486,317,0.43,0.38,"2025-09-29",2231,"N20","nominal","2.0NRT",295.53,1.1,"N"
"3587",29.76128,50.36753,329.84,0.42,0.37,"2025-09-29",2231,"N20","nominal","2.0NRT",300.51,2.81,"N"
"3588",29.73624,50.34896,307.12,0.42,0.37,"2025-09-29",2231,"N20","nominal","2.0NRT",294.41,0.83,"N"
"3589",30.21661,47.38787,329.9,0.39,0.36,"2025-09-29",2231,"N20","nominal","2.0NRT",295.95,2.51,"N"
"3590",30.2133,47.38721,338.01,0.39,0.36,"2025-09-29",2231,"N20","nominal","2.0NRT",297.38,2.51,"N"
"3591",30.2127,47.39121,313.36,0.39,0.36,"2025-09-29",2231,"N20","nominal","2.0NRT",297.15,2.51,"N"
"3592",30.21209,47.39521,310.12,0.39,0.36,"2025-09-29",2231,"N20","nominal","2.0NRT",296.52,0.84,"N"
"3593",30.20939,47.39055,329.56,0.39,0.36,"2025-09-29",2231,"N20","nominal","2.0NRT",296.24,3.33,"N"
"3594",30.20879,47.39454,327.65,0.39,0.36,"2025-09-29",2231,"N20","nominal","2.0NRT",298.21,3.86,"N"
"3595",30.19948,47.38856,341.21,0.39,0.36,"2025-09-29",2231,"N20","nominal","2.0NRT",295.9,4.91,"N"
"3596",30.17274,47.40787,335.76,0.39,0.36,"2025-09-29",2231,"N20","nominal","2.0NRT",296.88,3.21,"N"
"3597",30.17334,47.40388,313.53,0.39,0.36,"2025-09-29",2231,"N20","nominal","2.0NRT",294.48,3.21,"N"
"3598",30.16823,47.41519,342.37,0.39,0.36,"2025-09-29",2231,"N20","nominal","2.0NRT",300.02,14.61,"N"
"3599",30.16553,47.41053,323.24,0.39,0.36,"2025-09-29",2231,"N20","nominal","2.0NRT",295.13,1.98,"N"
"3600",30.16493,47.41452,329.62,0.39,0.36,"2025-09-29",2231,"N20","nominal","2.0NRT",297.03,1.98,"N"
"3601",29.51162,51.25888,317.42,0.45,0.39,"2025-09-29",2231,"N20","nominal","2.0NRT",297.2,2.39,"N"
"3602",29.19654,52.84102,303.5,0.54,0.42,"2025-09-29",2231,"N20","nominal","2.0NRT",292.81,1.44,"N"
"3603",29.19272,52.84019,316.57,0.54,0.42,"2025-09-29",2231,"N20","nominal","2.0NRT",292.57,2.99,"N"
"3604",29.12075,52.64401,302.5,0.52,0.42,"2025-09-29",2231,"N20","nominal","2.0NRT",286.83,0.48,"N"
"3605",29.88666,47.91967,341.08,0.38,0.36,"2025-09-29",2231,"N20","nominal","2.0NRT",308.18,12.04,"N"
"3606",29.88728,47.91573,316.25,0.38,0.36,"2025-09-29",2231,"N20","nominal","2.0NRT",298.66,4.92,"N"
"3607",29.93256,47.37928,314.65,0.39,0.36,"2025-09-29",2231,"N20","nominal","2.0NRT",296.85,0.93,"N"
"3608",29.85748,47.8008,306.97,0.38,0.36,"2025-09-29",2231,"N20","nominal","2.0NRT",296.09,0.22,"N"
"3609",29.86414,47.6922,317.81,0.38,0.36,"2025-09-29",2231,"N20","nominal","2.0NRT",296.33,1.25,"N"
"3610",29.84571,47.74547,309.58,0.38,0.36,"2025-09-29",2231,"N20","nominal","2.0NRT",295.61,0.76,"N"
"3611",29.47756,49.39035,328.61,0.4,0.37,"2025-09-29",2231,"N20","nominal","2.0NRT",303.36,1.51,"N"
"3612",29.24372,50.30182,329.19,0.42,0.38,"2025-09-29",2231,"N20","nominal","2.0NRT",299.32,0.49,"N"
"3613",29.21687,50.31342,331.44,0.42,0.38,"2025-09-29",2231,"N20","nominal","2.0NRT",300.62,2.32,"N"
"3614",29.56599,48.16157,329.72,0.38,0.36,"2025-09-29",2231,"N20","nominal","2.0NRT",299.73,2.5,"N"
"3615",29.55879,48.16413,313.39,0.38,0.36,"2025-09-29",2231,"N20","nominal","2.0NRT",298.69,1.21,"N"
"3616",29.33024,49.49366,332.45,0.4,0.37,"2025-09-29",2231,"N20","nominal","2.0NRT",304.01,3.39,"N"
"3617",29.29314,49.54876,340.24,0.4,0.37,"2025-09-29",2231,"N20","nominal","2.0NRT",303.63,3.79,"N"
"3618",28.79168,52.12972,299.84,0.5,0.41,"2025-09-29",2231,"N20","nominal","2.0NRT",288.8,0.64,"N"
"3619",28.68196,52.08986,304.44,0.5,0.41,"2025-09-29",2231,"N20","nominal","2.0NRT",292.76,0.64,"N"
"3620",28.681,52.09496,305.75,0.5,0.41,"2025-09-29",2231,"N20","nominal","2.0NRT",292.39,0.64,"N"
"3621",30.70522,33.84652,307,0.64,0.72,"2025-09-29",2231,"N20","nominal","2.0NRT",292.21,1.87,"N"
"3622",28.58275,51.59002,312.42,0.48,0.4,"2025-09-29",2231,"N20","nominal","2.0NRT",297.56,1.62,"N"
"3623",28.58195,51.59341,311.21,0.48,0.4,"2025-09-29",2231,"N20","nominal","2.0NRT",296.98,0.85,"N"
"3624",29.04889,48.13596,310.7,0.38,0.36,"2025-09-29",2231,"N20","nominal","2.0NRT",299.24,1.86,"N"
"3625",29.04827,48.13988,318.83,0.38,0.36,"2025-09-29",2231,"N20","nominal","2.0NRT",301.13,1.86,"N"
"3626",29.04045,48.14634,324.91,0.38,0.36,"2025-09-29",2231,"N20","nominal","2.0NRT",301.5,2.75,"N"
"3627",27.42419,56.50209,310.81,0.62,0.54,"2025-09-29",2231,"N20","nominal","2.0NRT",298.64,2.75,"N"
"3628",28.99238,48.12833,324.45,0.38,0.36,"2025-09-29",2231,"N20","nominal","2.0NRT",299.76,2.82,"N"
"3629",27.3464,56.42751,322.18,0.62,0.54,"2025-09-29",2231,"N20","nominal","2.0NRT",299.29,5.53,"N"
"3630",28.72441,48.33305,314.53,0.39,0.36,"2025-09-29",2231,"N20","nominal","2.0NRT",299.04,1.67,"N"
"3631",27.16359,56.10044,318.2,0.6,0.53,"2025-09-29",2231,"N20","nominal","2.0NRT",300.01,4.66,"N"
"3632",27.16928,56.05223,312.37,0.59,0.53,"2025-09-29",2231,"N20","nominal","2.0NRT",300.31,5.69,"N"
"3633",27.15883,56.09914,314.92,0.6,0.53,"2025-09-29",2231,"N20","nominal","2.0NRT",299.52,4.46,"N"
"3634",27.93322,52.19685,312.14,0.52,0.42,"2025-09-29",2231,"N20","nominal","2.0NRT",296.2,2.28,"N"
"3635",28.58638,48.23795,321.86,0.39,0.36,"2025-09-29",2231,"N20","nominal","2.0NRT",297.37,1.25,"N"
"3636",28.47294,48.9307,330.95,0.39,0.36,"2025-09-29",2231,"N20","nominal","2.0NRT",302.6,2.36,"N"
"3637",28.47228,48.93467,322.92,0.39,0.36,"2025-09-29",2231,"N20","nominal","2.0NRT",303.06,2.36,"N"
"3638",28.5837,47.91528,315.98,0.38,0.36,"2025-09-29",2231,"N20","nominal","2.0NRT",297.43,1.72,"N"
"3639",28.58041,47.9146,327.88,0.38,0.36,"2025-09-29",2231,"N20","nominal","2.0NRT",297.65,1.72,"N"
"3640",28.57589,47.92172,330.16,0.38,0.36,"2025-09-29",2231,"N20","nominal","2.0NRT",300.81,2,"N"
"3641",27.763,52.1659,337.43,0.52,0.42,"2025-09-29",2231,"N20","nominal","2.0NRT",301.78,10.43,"N"
"3642",27.76205,52.17087,333.57,0.52,0.42,"2025-09-29",2231,"N20","nominal","2.0NRT",308.93,10.43,"N"
"3643",27.75923,52.16506,318.72,0.52,0.42,"2025-09-29",2231,"N20","nominal","2.0NRT",299.94,10.43,"N"
"3644",27.75826,52.17009,314.09,0.52,0.42,"2025-09-29",2231,"N20","nominal","2.0NRT",300.38,10.43,"N"
"3645",27.76037,52.13866,320.5,0.52,0.41,"2025-09-29",2231,"N20","nominal","2.0NRT",299.78,4.21,"N"
"3646",28.39569,48.53115,325.01,0.39,0.36,"2025-09-29",2231,"N20","nominal","2.0NRT",299.1,2.62,"N"
"3647",28.39505,48.53507,330.29,0.39,0.36,"2025-09-29",2231,"N20","nominal","2.0NRT",301.31,2.62,"N"
"3648",27.74512,52.15662,315.01,0.52,0.42,"2025-09-29",2231,"N20","nominal","2.0NRT",299.43,3.22,"N"
"3649",27.73838,52.17113,311.64,0.52,0.42,"2025-09-29",2231,"N20","nominal","2.0NRT",301.23,3.98,"N"
"3650",27.72228,52.17296,333.37,0.52,0.42,"2025-09-29",2231,"N20","nominal","2.0NRT",303.59,15.75,"N"
"3651",27.72127,52.17816,339.57,0.52,0.42,"2025-09-29",2231,"N20","nominal","2.0NRT",309.25,39.74,"N"
"3652",27.71549,52.18764,331.83,0.52,0.42,"2025-09-29",2231,"N20","nominal","2.0NRT",303.49,4.35,"N"
"3653",27.71172,52.18674,336.13,0.52,0.42,"2025-09-29",2231,"N20","nominal","2.0NRT",303.72,8.68,"N"
"3654",27.69123,52.231,320.19,0.53,0.42,"2025-09-29",2231,"N20","nominal","2.0NRT",300.66,1.58,"N"
"3655",27.69021,52.23623,320.56,0.53,0.42,"2025-09-29",2231,"N20","nominal","2.0NRT",302.31,2.29,"N"
"3656",27.68438,52.2458,331.23,0.53,0.42,"2025-09-29",2231,"N20","nominal","2.0NRT",301.87,3.36,"N"
"3657",27.68335,52.25106,335.43,0.53,0.42,"2025-09-29",2231,"N20","nominal","2.0NRT",302.82,3.36,"N"
"3658",28.45377,47.87428,330.67,0.38,0.36,"2025-09-29",2231,"N20","nominal","2.0NRT",296.74,2.74,"N"
"3659",27.69147,52.23431,316.04,0.53,0.42,"2025-09-29",2231,"N20","nominal","2.0NRT",301.55,1.28,"N"
"3660",27.68768,52.23343,329.88,0.53,0.42,"2025-09-29",2231,"N20","nominal","2.0NRT",302.55,4.17,"N"
"3661",27.6847,52.24916,345.92,0.53,0.42,"2025-09-29",2231,"N20","nominal","2.0NRT",303.3,6.4,"N"
"3662",27.58041,52.54248,312.79,0.55,0.43,"2025-09-29",2231,"N20","nominal","2.0NRT",301.55,3.88,"N"
"3663",27.57859,52.53115,312.57,0.55,0.43,"2025-09-29",2231,"N20","nominal","2.0NRT",301.88,4.72,"N"
"3664",27.48844,52.96856,315.04,0.39,0.44,"2025-09-29",2231,"N20","nominal","2.0NRT",294.23,1.4,"N"
"3665",27.56466,52.5612,313.62,0.55,0.43,"2025-09-29",2231,"N20","nominal","2.0NRT",301.35,3.9,"N"
"3666",27.4845,52.96758,316.33,0.39,0.44,"2025-09-29",2231,"N20","nominal","2.0NRT",293.66,1.4,"N"
"3667",27.55871,52.57098,348.86,0.55,0.43,"2025-09-29",2231,"N20","nominal","2.0NRT",306.4,20.88,"N"
"3668",27.55973,52.56577,312.63,0.55,0.43,"2025-09-29",2231,"N20","nominal","2.0NRT",300.73,20.88,"N"
"3669",27.4798,52.97043,309.61,0.39,0.44,"2025-09-29",2231,"N20","nominal","2.0NRT",294.67,1.42,"N"
"3670",27.55479,52.57038,352.36,0.55,0.43,"2025-09-29",2231,"N20","nominal","2.0NRT",309.7,20.88,"N"
"3671",27.55374,52.57575,332.17,0.55,0.43,"2025-09-29",2231,"N20","nominal","2.0NRT",303.94,10.99,"N"
"3672",27.55583,52.56511,315.81,0.55,0.43,"2025-09-29",2231,"N20","nominal","2.0NRT",301.59,20.88,"N"
"3673",27.54595,52.57427,315.48,0.55,0.43,"2025-09-29",2231,"N20","nominal","2.0NRT",301.79,5.73,"N"
"3674",27.54289,52.58984,311.06,0.55,0.43,"2025-09-29",2231,"N20","nominal","2.0NRT",300.48,4.84,"N"
"3675",27.52903,52.59858,313.73,0.55,0.43,"2025-09-29",2231,"N20","nominal","2.0NRT",299.89,3.14,"N"
"3676",27.51803,52.61325,314.14,0.55,0.43,"2025-09-29",2231,"N20","nominal","2.0NRT",300.96,3.07,"N"
"3677",27.51598,52.62361,319.49,0.56,0.43,"2025-09-29",2231,"N20","nominal","2.0NRT",300.96,2.57,"N"
"3678",27.51201,52.62316,324.27,0.56,0.43,"2025-09-29",2231,"N20","nominal","2.0NRT",301.69,2.57,"N"
"3679",27.51735,52.59626,310.71,0.55,0.43,"2025-09-29",2231,"N20","nominal","2.0NRT",300.03,3.23,"N"
"3680",27.51411,52.61255,319.94,0.55,0.43,"2025-09-29",2231,"N20","nominal","2.0NRT",300.46,3.07,"N"
"3681",27.51093,52.6286,316.17,0.56,0.43,"2025-09-29",2231,"N20","nominal","2.0NRT",300.07,2.57,"N"
"3682",27.50915,52.61713,327.9,0.55,0.43,"2025-09-29",2231,"N20","nominal","2.0NRT",300.89,6.09,"N"
"3683",27.50491,52.63852,348.81,0.56,0.43,"2025-09-29",2231,"N20","nominal","2.0NRT",304.79,6.98,"N"
"3684",27.50594,52.6333,318.34,0.56,0.43,"2025-09-29",2231,"N20","nominal","2.0NRT",301.18,6.98,"N"
"3685",27.50308,52.62729,327.82,0.56,0.43,"2025-09-29",2231,"N20","nominal","2.0NRT",301.16,5.5,"N"
"3686",27.49876,52.64896,334.69,0.56,0.43,"2025-09-29",2231,"N20","nominal","2.0NRT",302.39,11.8,"N"
"3687",27.51101,52.62717,325.24,0.56,0.43,"2025-09-29",2231,"N20","nominal","2.0NRT",300.71,5.85,"N"
"3688",27.51723,52.59482,314.65,0.55,0.43,"2025-09-29",2231,"N20","nominal","2.0NRT",300.29,3.45,"N"
"3689",27.51202,52.62191,314.47,0.56,0.43,"2025-09-29",2231,"N20","nominal","2.0NRT",301.04,3.39,"N"
"3690",27.50504,52.6371,347.59,0.56,0.43,"2025-09-29",2231,"N20","nominal","2.0NRT",303.83,7.93,"N"
"3691",27.504,52.64257,323.63,0.56,0.43,"2025-09-29",2231,"N20","nominal","2.0NRT",300.68,7.93,"N"
"3692",27.50918,52.61563,317.87,0.56,0.43,"2025-09-29",2231,"N20","nominal","2.0NRT",300.52,3.39,"N"
"3693",27.50317,52.62582,326.18,0.56,0.43,"2025-09-29",2231,"N20","nominal","2.0NRT",300.97,4.88,"N"
"3694",27.49901,52.6474,323.44,0.56,0.43,"2025-09-29",2231,"N20","nominal","2.0NRT",301.8,5.59,"N"
"3695",27.49795,52.65288,317.28,0.56,0.43,"2025-09-29",2231,"N20","nominal","2.0NRT",300.72,5.59,"N"
"3696",27.99689,48.73479,312.03,0.39,0.36,"2025-09-29",2231,"N20","nominal","2.0NRT",293.53,0.98,"N"
"3697",27.58643,48.9687,310.63,0.4,0.37,"2025-09-29",2231,"N20","nominal","2.0NRT",298.33,1.89,"N"
"3698",27.53388,49.13605,310.62,0.4,0.37,"2025-09-29",2231,"N20","nominal","2.0NRT",299.27,1.82,"N"
"3699",27.53319,49.14008,318.86,0.4,0.37,"2025-09-29",2231,"N20","nominal","2.0NRT",300.95,1.82,"N"
"3700",27.06389,49.57343,323.23,0.42,0.37,"2025-09-29",2231,"N20","nominal","2.0NRT",300.33,2.85,"N"
"3701",27.04078,49.56413,316.31,0.42,0.37,"2025-09-29",2231,"N20","nominal","2.0NRT",302.65,3.27,"N"
"3702",27.02541,49.53073,322.82,0.42,0.37,"2025-09-29",2231,"N20","nominal","2.0NRT",300.09,2.27,"N"
"3703",27.01748,49.57629,342.97,0.42,0.37,"2025-09-29",2231,"N20","nominal","2.0NRT",305.02,13.36,"N"
"3704",27.01676,49.58044,332.31,0.42,0.37,"2025-09-29",2231,"N20","nominal","2.0NRT",304.23,6.12,"N"
"3705",27.02005,49.52099,313.04,0.42,0.37,"2025-09-29",2231,"N20","nominal","2.0NRT",300.56,2.3,"N"
"3706",26.53202,51.94345,331.39,0.53,0.42,"2025-09-29",2233,"N20","nominal","2.0NRT",302.95,3.05,"N"
"3707",26.531,51.94868,313.81,0.53,0.42,"2025-09-29",2233,"N20","nominal","2.0NRT",302.92,3.05,"N"
"3708",26.53278,51.94732,338.33,0.53,0.42,"2025-09-29",2233,"N20","nominal","2.0NRT",303.99,5.14,"N"
"3709",26.95608,49.58599,312.02,0.42,0.38,"2025-09-29",2233,"N20","nominal","2.0NRT",301.07,2.68,"N"
"3710",26.95392,49.59846,313.69,0.42,0.38,"2025-09-29",2233,"N20","nominal","2.0NRT",299.91,1.78,"N"
"3711",26.95052,49.59772,328.6,0.42,0.38,"2025-09-29",2233,"N20","nominal","2.0NRT",299.9,1.78,"N"
"3712",26.94442,49.59208,316.76,0.42,0.38,"2025-09-29",2233,"N20","nominal","2.0NRT",297.68,1.33,"N"
"3713",26.95195,49.50774,312.16,0.42,0.37,"2025-09-29",2233,"N20","nominal","2.0NRT",299.69,1.9,"N"
"3714",25.90399,54.53045,322.32,0.51,0.49,"2025-09-29",2233,"N20","nominal","2.0NRT",299.16,0.62,"N"
"3715",25.90292,54.53543,310.97,0.51,0.49,"2025-09-29",2233,"N20","nominal","2.0NRT",298.99,0.62,"N"
"3716",26.78722,50.01831,312.86,0.43,0.38,"2025-09-29",2233,"N20","nominal","2.0NRT",300.42,2.12,"N"
"3717",26.78542,50.02002,315.39,0.43,0.38,"2025-09-29",2233,"N20","nominal","2.0NRT",300.13,2.35,"N"
"3718",25.90125,54.53362,319.95,0.51,0.49,"2025-09-29",2233,"N20","nominal","2.0NRT",299.26,0.57,"N"
"3719",25.55741,55.97634,304.83,0.63,0.54,"2025-09-29",2233,"N20","nominal","2.0NRT",289,1.3,"N"
"3720",26.69379,50.08947,316.31,0.44,0.38,"2025-09-29",2233,"N20","nominal","2.0NRT",301.8,0.85,"N"
"3721",26.68293,50.10968,339.84,0.44,0.38,"2025-09-29",2233,"N20","nominal","2.0NRT",304.22,4.86,"N"
"3722",26.10656,52.14219,342.93,0.55,0.43,"2025-09-29",2233,"N20","nominal","2.0NRT",304.87,7.02,"N"
"3723",26.1027,52.14127,316.31,0.55,0.43,"2025-09-29",2233,"N20","nominal","2.0NRT",302.73,7.02,"N"
"3724",25.6013,54.4255,317.01,0.51,0.49,"2025-09-29",2233,"N20","nominal","2.0NRT",301.18,1.47,"N"
"3725",26.27818,49.94636,342.27,0.44,0.38,"2025-09-29",2233,"N20","nominal","2.0NRT",298.49,7.72,"N"
"3726",26.11633,50.60535,313.93,0.47,0.39,"2025-09-29",2233,"N20","nominal","2.0NRT",303.3,1.67,"N"
"3727",26.11109,50.61374,322.4,0.47,0.39,"2025-09-29",2233,"N20","nominal","2.0NRT",302.42,2.02,"N"
"3728",26.10751,50.61293,314.27,0.47,0.39,"2025-09-29",2233,"N20","nominal","2.0NRT",302.92,2.02,"N"
"3729",25.91809,51.55524,316.02,0.52,0.41,"2025-09-29",2233,"N20","nominal","2.0NRT",301.49,4.06,"N"
"3730",25.91433,51.55437,314.14,0.52,0.41,"2025-09-29",2233,"N20","nominal","2.0NRT",302.79,2.64,"N"
"3731",25.91337,51.55946,319.48,0.52,0.41,"2025-09-29",2233,"N20","nominal","2.0NRT",302.7,2.64,"N"
"3732",25.91058,51.5535,314.71,0.52,0.41,"2025-09-29",2233,"N20","nominal","2.0NRT",302.25,2.64,"N"
"3733",25.91833,51.49176,327.78,0.51,0.41,"2025-09-29",2233,"N20","nominal","2.0NRT",302.81,4.51,"N"
"3734",25.91928,51.48671,313.39,0.51,0.41,"2025-09-29",2233,"N20","nominal","2.0NRT",300.31,2.97,"N"
"3735",25.90682,51.55264,314.2,0.52,0.41,"2025-09-29",2233,"N20","nominal","2.0NRT",301.6,3.27,"N"
"3736",25.90307,51.55177,330.3,0.52,0.41,"2025-09-29",2233,"N20","nominal","2.0NRT",302.22,3.27,"N"
"3737",25.90797,51.5052,319.22,0.52,0.41,"2025-09-29",2233,"N20","nominal","2.0NRT",307.35,4.51,"N"
"3738",25.89835,51.55598,315.27,0.52,0.41,"2025-09-29",2233,"N20","nominal","2.0NRT",302.11,3.57,"N"
"3739",27.72668,38.54954,338.15,0.62,0.54,"2025-09-29",2233,"N20","nominal","2.0NRT",293,6.32,"N"
"3740",25.90423,51.50433,317.8,0.52,0.41,"2025-09-29",2233,"N20","nominal","2.0NRT",307.15,4.51,"N"
"3741",25.89749,51.53985,315.03,0.52,0.41,"2025-09-29",2233,"N20","nominal","2.0NRT",301.16,2.09,"N"
"3742",25.89653,51.54494,312.73,0.52,0.41,"2025-09-29",2233,"N20","nominal","2.0NRT",301.73,2.09,"N"
"3743",25.89277,51.54407,330.44,0.52,0.41,"2025-09-29",2233,"N20","nominal","2.0NRT",303.83,4.18,"N"
"3744",25.8918,51.54916,322.1,0.52,0.41,"2025-09-29",2233,"N20","nominal","2.0NRT",302.5,5.46,"N"
"3745",25.89374,51.53898,314.03,0.52,0.41,"2025-09-29",2233,"N20","nominal","2.0NRT",302.85,4.18,"N"
"3746",25.88623,51.53726,312.77,0.52,0.41,"2025-09-29",2233,"N20","nominal","2.0NRT",300.54,3.49,"N"
"3747",25.53531,53.14655,340.07,0.43,0.46,"2025-09-29",2233,"N20","nominal","2.0NRT",301.21,10.63,"N"
"3748",25.53445,53.15073,329.59,0.43,0.46,"2025-09-29",2233,"N20","nominal","2.0NRT",303.2,9.95,"N"
"3749",25.53368,53.14711,340.71,0.43,0.46,"2025-09-29",2233,"N20","nominal","2.0NRT",303.44,14.13,"N"
"3750",25.53285,53.15131,319.49,0.43,0.46,"2025-09-29",2233,"N20","nominal","2.0NRT",301.94,8.78,"N"
"3751",25.67031,52.40506,322.35,0.39,0.44,"2025-09-29",2233,"N20","nominal","2.0NRT",301.28,0.91,"N"
"3752",25.50724,53.14942,341.98,0.43,0.46,"2025-09-29",2233,"N20","nominal","2.0NRT",302.15,8.19,"N"
"3753",27.37874,41.17749,344.98,0.42,0.45,"2025-09-29",2233,"N20","nominal","2.0NRT",294.16,5.24,"N"
"3754",25.42846,52.73805,339.52,0.41,0.45,"2025-09-29",2233,"N20","nominal","2.0NRT",302.83,3.25,"N"
"3755",25.42925,52.73407,314.35,0.41,0.45,"2025-09-29",2233,"N20","nominal","2.0NRT",301.76,3.25,"N"
"3756",25.49392,52.38761,336.54,0.39,0.44,"2025-09-29",2233,"N20","nominal","2.0NRT",302.33,3.07,"N"
"3757",25.42521,52.7331,332.8,0.41,0.45,"2025-09-29",2233,"N20","nominal","2.0NRT",302.28,2.14,"N"
"3758",25.42601,52.72913,314.42,0.41,0.45,"2025-09-29",2233,"N20","nominal","2.0NRT",301.69,1.55,"N"
"3759",25.93124,49.70002,314.85,0.43,0.38,"2025-09-29",2233,"N20","nominal","2.0NRT",298.02,1.26,"N"
"3760",24.50594,56.6051,324.75,0.37,0.58,"2025-09-29",2233,"N20","nominal","2.0NRT",282.44,2.97,"N"
"3761",26.89822,42.78605,325.6,0.51,0.41,"2025-09-29",2233,"N20","nominal","2.0NRT",293.49,3.01,"N"
"3762",26.89871,42.78455,327.82,0.51,0.41,"2025-09-29",2233,"N20","nominal","2.0NRT",293.91,2.98,"N"
"3763",25.18602,53.19926,318.31,0.44,0.46,"2025-09-29",2233,"N20","nominal","2.0NRT",300.01,1.32,"N"
"3764",25.16449,52.87471,340.34,0.42,0.45,"2025-09-29",2233,"N20","nominal","2.0NRT",302.73,6.89,"N"
"3765",25.16367,52.8788,341.68,0.42,0.45,"2025-09-29",2233,"N20","nominal","2.0NRT",305.08,6.89,"N"
"3766",25.16205,52.86559,338.15,0.42,0.45,"2025-09-29",2233,"N20","nominal","2.0NRT",302.57,3.95,"N"
"3767",25.75472,49.52099,319.47,0.43,0.38,"2025-09-29",2233,"N20","nominal","2.0NRT",297.9,1.29,"N"
"3768",25.68024,49.51818,323.32,0.43,0.38,"2025-09-29",2233,"N20","nominal","2.0NRT",304.31,2.01,"N"
"3769",25.6768,49.51745,314.75,0.43,0.38,"2025-09-29",2233,"N20","nominal","2.0NRT",302.59,2.01,"N"
"3770",25.68242,49.41122,320.63,0.42,0.38,"2025-09-29",2233,"N20","nominal","2.0NRT",297.15,1.6,"N"
"3771",26.48342,44.14749,331.5,0.44,0.38,"2025-09-29",2233,"N20","nominal","2.0NRT",299.5,3.97,"N"
"3772",26.48281,44.15191,324.31,0.44,0.38,"2025-09-29",2233,"N20","nominal","2.0NRT",299.14,3.97,"N"
"3773",26.49411,43.96276,309.42,0.45,0.39,"2025-09-29",2233,"N20","nominal","2.0NRT",297.53,1.66,"N"
"3774",25.64002,49.38924,330.14,0.42,0.38,"2025-09-29",2233,"N20","nominal","2.0NRT",298.75,5.26,"N"
"3775",25.6393,49.3934,329.77,0.42,0.38,"2025-09-29",2233,"N20","nominal","2.0NRT",298.35,5.26,"N"
"3776",25.63587,49.39267,308.67,0.42,0.38,"2025-09-29",2233,"N20","nominal","2.0NRT",298.19,1.32,"N"
"3777",25.3828,50.80027,312.43,0.49,0.4,"2025-09-29",2233,"N20","nominal","2.0NRT",298.82,2.16,"N"
"3778",24.60798,54.15246,315.68,0.51,0.5,"2025-09-29",2233,"N20","nominal","2.0NRT",294.02,1.84,"N"
"3779",24.95613,51.58747,331.64,0.54,0.42,"2025-09-29",2233,"N20","nominal","2.0NRT",301.34,5.45,"N"
"3780",24.95464,51.5849,331.58,0.54,0.42,"2025-09-29",2233,"N20","nominal","2.0NRT",300.89,5.34,"N"
"3781",25.21011,49.28695,307.87,0.42,0.38,"2025-09-29",2233,"N20","nominal","2.0NRT",297.49,0.76,"N"
"3782",25.17608,49.31859,316.21,0.42,0.38,"2025-09-29",2233,"N20","nominal","2.0NRT",298.03,1.36,"N"
"3783",25.3571,48.24608,312.36,0.4,0.37,"2025-09-29",2233,"N20","nominal","2.0NRT",295.18,0.83,"N"
"3784",24.02047,54.29347,311.18,0.54,0.51,"2025-09-29",2233,"N20","nominal","2.0NRT",283.1,1.49,"N"
"3785",24.79263,50.23468,318.68,0.47,0.39,"2025-09-29",2233,"N20","nominal","2.0NRT",294.41,10.28,"N"
"3786",24.78905,50.2339,324.57,0.47,0.39,"2025-09-29",2233,"N20","nominal","2.0NRT",298.8,10.28,"N"
"3787",24.89199,49.21066,307.02,0.42,0.38,"2025-09-29",2233,"N20","nominal","2.0NRT",295.91,0.75,"N"
"3788",24.88459,49.19196,314.48,0.42,0.38,"2025-09-29",2233,"N20","nominal","2.0NRT",294.95,0.93,"N"
"3789",24.79807,49.34825,309.8,0.43,0.38,"2025-09-29",2233,"N20","nominal","2.0NRT",296.46,1.56,"N"
"3790",24.79117,49.34679,312.35,0.43,0.38,"2025-09-29",2233,"N20","nominal","2.0NRT",297.15,0.94,"N"
"3791",24.14015,52.6861,310.18,0.43,0.46,"2025-09-29",2233,"N20","nominal","2.0NRT",299.76,3.36,"N"
"3792",24.11868,52.70697,310.87,0.43,0.46,"2025-09-29",2233,"N20","nominal","2.0NRT",298.48,1.66,"N"
"3793",24.95789,47.06275,314.71,0.38,0.36,"2025-09-29",2233,"N20","nominal","2.0NRT",296.78,1.83,"N"
"3794",24.95132,47.06149,309.23,0.38,0.36,"2025-09-29",2233,"N20","nominal","2.0NRT",297.46,1.22,"N"
"3795",24.95072,47.06526,316.01,0.38,0.36,"2025-09-29",2233,"N20","nominal","2.0NRT",296.92,1.58,"N"
"3796",24.94803,47.06085,314.69,0.38,0.36,"2025-09-29",2233,"N20","nominal","2.0NRT",298.81,1.31,"N"
"3797",24.94474,47.06023,308.08,0.38,0.36,"2025-09-29",2233,"N20","nominal","2.0NRT",297.8,1.31,"N"
"3798",24.94414,47.064,308.64,0.38,0.36,"2025-09-29",2233,"N20","nominal","2.0NRT",297.65,2.03,"N"
"3799",23.19404,55.46223,301.2,0.33,0.55,"2025-09-29",2233,"N20","nominal","2.0NRT",286.6,1.6,"N"
"3800",23.19046,55.45469,306.62,0.33,0.55,"2025-09-29",2233,"N20","nominal","2.0NRT",287.36,1.14,"N"
"3801",23.19074,55.45736,324.94,0.33,0.55,"2025-09-29",2233,"N20","nominal","2.0NRT",288.35,1.14,"N"
"3802",23.19007,55.4605,301.78,0.33,0.55,"2025-09-29",2233,"N20","nominal","2.0NRT",287.71,1.14,"N"
"3803",23.15591,55.44844,306.43,0.33,0.55,"2025-09-29",2233,"N20","nominal","2.0NRT",287.62,0.56,"N"
"3804",23.15094,55.44717,307.52,0.33,0.55,"2025-09-29",2233,"N20","nominal","2.0NRT",287.52,0.76,"N"
"3805",24.95832,45.54111,313.79,0.39,0.36,"2025-09-29",2233,"N20","nominal","2.0NRT",294.24,1.42,"N"
"3806",22.87708,55.92465,300.02,0.36,0.57,"2025-09-29",2233,"N20","nominal","2.0NRT",275,0.63,"N"
"3807",24.78639,45.62147,320.06,0.39,0.36,"2025-09-29",2233,"N20","nominal","2.0NRT",277.99,1.46,"N"
"3808",24.78582,45.62532,304.85,0.39,0.36,"2025-09-29",2233,"N20","nominal","2.0NRT",284.31,0.93,"N"
"3809",24.78204,45.60488,307.03,0.39,0.36,"2025-09-29",2233,"N20","nominal","2.0NRT",276.76,1.28,"N"
"3810",24.57125,46.88289,310.18,0.38,0.36,"2025-09-29",2233,"N20","nominal","2.0NRT",297.47,1.32,"N"
"3811",24.57066,46.88665,312.11,0.38,0.36,"2025-09-29",2233,"N20","nominal","2.0NRT",297.39,0.93,"N"
"3812",24.56796,46.88227,321.38,0.38,0.36,"2025-09-29",2233,"N20","nominal","2.0NRT",298.03,2.45,"N"
"3813",24.60017,46.571,328.02,0.38,0.36,"2025-09-29",2233,"N20","nominal","2.0NRT",296.36,2.41,"N"
"3814",24.59958,46.57476,310.75,0.38,0.36,"2025-09-29",2233,"N20","nominal","2.0NRT",297.24,2.09,"N"
"3815",24.59688,46.57039,321.18,0.38,0.36,"2025-09-29",2233,"N20","nominal","2.0NRT",296.91,1.42,"N"
"3816",24.5936,46.56977,311.88,0.38,0.36,"2025-09-29",2233,"N20","nominal","2.0NRT",296.47,1.42,"N"
"3817",22.87453,55.61287,297.05,0.34,0.56,"2025-09-29",2233,"N20","nominal","2.0NRT",270.03,0.32,"N"
"3818",24.51175,46.93744,306.94,0.38,0.36,"2025-09-29",2233,"N20","nominal","2.0NRT",296.76,1.26,"N"
"3819",22.67261,56.24731,305.62,0.38,0.59,"2025-09-29",2233,"N20","nominal","2.0NRT",284.29,0.82,"N"
"3820",24.42111,47.01345,308.02,0.39,0.36,"2025-09-29",2233,"N20","nominal","2.0NRT",297.48,1.17,"N"
"3821",24.41842,47.00906,312.27,0.39,0.36,"2025-09-29",2233,"N20","nominal","2.0NRT",298.98,1.32,"N"
"3822",24.41782,47.01283,313.67,0.39,0.36,"2025-09-29",2233,"N20","nominal","2.0NRT",299.38,1.44,"N"
"3823",24.41393,47.01596,314.4,0.39,0.36,"2025-09-29",2233,"N20","nominal","2.0NRT",299.23,1.44,"N"
"3824",24.04116,49.20042,325.23,0.43,0.38,"2025-09-29",2233,"N20","nominal","2.0NRT",294.39,2.17,"N"
"3825",22.40408,56.98704,317.98,0.43,0.62,"2025-09-29",2233,"N20","nominal","2.0NRT",276.08,1.45,"N"
"3826",22.40598,56.98875,319.45,0.43,0.62,"2025-09-29",2233,"N20","nominal","2.0NRT",276.1,1.6,"N"
"3827",23.95252,49.06258,319.85,0.43,0.38,"2025-09-29",2233,"N20","nominal","2.0NRT",295.5,1.27,"N"
"3828",24.29464,46.30658,309.25,0.38,0.36,"2025-09-29",2233,"N20","nominal","2.0NRT",297.35,0.58,"N"
"3829",22.32833,56.48877,323.82,0.4,0.6,"2025-09-29",2233,"N20","nominal","2.0NRT",274.47,1.61,"N"
"3830",22.3194,56.47788,297.74,0.4,0.6,"2025-09-29",2233,"N20","nominal","2.0NRT",269.43,0.97,"N"
"3831",21.94041,57.07135,315.7,0.44,0.63,"2025-09-29",2233,"N20","nominal","2.0NRT",271.4,1.46,"N"
"3832",21.93818,57.07234,310.73,0.44,0.63,"2025-09-29",2233,"N20","nominal","2.0NRT",270.33,1.17,"N"
"3833",22.16327,55.9595,367,0.37,0.58,"2025-09-29",2233,"N20","high","2.0NRT",276.83,4.45,"N"
"3834",22.16404,55.956,305.85,0.37,0.58,"2025-09-29",2233,"N20","nominal","2.0NRT",270.74,5.14,"N"
"3835",22.1625,55.96301,298.29,0.37,0.58,"2025-09-29",2233,"N20","nominal","2.0NRT",270.34,4.45,"N"
"3836",22.53591,53.94053,300.13,0.55,0.51,"2025-09-29",2233,"N20","nominal","2.0NRT",286.79,2.03,"N"
"3837",21.83527,56.68033,303.73,0.42,0.61,"2025-09-29",2233,"N20","nominal","2.0NRT",280.56,0.49,"N"
"3838",21.66717,56.33093,312.79,0.4,0.6,"2025-09-29",2233,"N20","nominal","2.0NRT",280.74,0.69,"N"
"3839",21.66607,56.33335,300.19,0.4,0.6,"2025-09-29",2233,"N20","nominal","2.0NRT",280.42,0.74,"N"
"3840",21.41184,55.74308,303.51,0.37,0.58,"2025-09-29",2233,"N20","nominal","2.0NRT",276.62,0.71,"N"
"3841",20.37478,55.93357,325.79,0.4,0.6,"2025-09-29",2233,"N20","nominal","2.0NRT",287.07,2.18,"N"
"3842",22.7946,39.02039,306.89,0.5,0.49,"2025-09-29",2233,"N20","nominal","2.0NRT",296.1,1.91,"N"
"3843",22.79405,39.02531,309.04,0.5,0.49,"2025-09-29",2233,"N20","nominal","2.0NRT",296.52,2.36,"N"
"3844",22.55537,39.43367,309.43,0.47,0.48,"2025-09-29",2233,"N20","nominal","2.0NRT",298.44,1.81,"N"
"3845",22.58208,39.08648,307.52,0.49,0.49,"2025-09-29",2233,"N20","nominal","2.0NRT",297.38,2.84,"N"
"3846",21.73359,39.39659,310.21,0.46,0.47,"2025-09-29",2233,"N20","nominal","2.0NRT",297,1.78,"N"
"3847",21.73307,39.40112,307.46,0.46,0.47,"2025-09-29",2233,"N20","nominal","2.0NRT",297.4,1.25,"N"
"3848",21.71527,39.39217,308.6,0.46,0.47,"2025-09-29",2233,"N20","nominal","2.0NRT",297.49,1.74,"N"
"3849",20.39335,45.20859,307.35,0.39,0.36,"2025-09-29",2233,"N20","nominal","2.0NRT",295.72,0.83,"N"
"3850",18.32024,55.10297,329.45,0.39,0.6,"2025-09-29",2233,"N20","nominal","2.0NRT",295.24,2.43,"N"
"3851",20.71749,39.8243,311.88,0.42,0.45,"2025-09-29",2233,"N20","nominal","2.0NRT",298.31,1.34,"N"
"3852",18.01163,54.57073,305.84,0.37,0.58,"2025-09-29",2235,"N20","nominal","2.0NRT",294.13,0.54,"N"
"3853",19.51965,42.53763,314.18,0.44,0.39,"2025-09-29",2235,"N20","nominal","2.0NRT",295.19,1.27,"N"
"3854",18.5811,45.35952,315.29,0.38,0.36,"2025-09-29",2235,"N20","nominal","2.0NRT",297.49,1.24,"N"
"3855",18.24617,42.57745,315,0.43,0.38,"2025-09-29",2235,"N20","nominal","2.0NRT",289.87,1.71,"N"
"3856",17.5994,44.33594,318.14,0.39,0.36,"2025-09-29",2235,"N20","nominal","2.0NRT",296.26,1.85,"N"
"3857",67.91851,74.83555,303.04,0.43,0.38,"2025-09-29",2220,"N20","nominal","2.0NRT",273.83,1.01,"N"
"3858",59.6759,78.76418,296.38,0.33,0.55,"2025-09-29",2222,"N20","nominal","2.0NRT",267.36,0.45,"N"
"3859",59.6733,78.75878,296.21,0.33,0.55,"2025-09-29",2222,"N20","nominal","2.0NRT",266.49,0.4,"N"
"3860",58.89418,76.83234,297.57,0.63,0.54,"2025-09-29",2222,"N20","nominal","2.0NRT",268.09,0.63,"N"
"3861",57.68925,78.88002,311.27,0.4,0.6,"2025-09-29",2222,"N20","nominal","2.0NRT",265.86,1.04,"N"
"3862",57.67308,78.92579,319.96,0.41,0.6,"2025-09-29",2222,"N20","nominal","2.0NRT",266.41,1.31,"N"
"3863",57.51474,79.01257,302.05,0.42,0.61,"2025-09-29",2222,"N20","nominal","2.0NRT",268.07,0.64,"N"
"3864",57.27222,79.39089,315.21,0.44,0.62,"2025-09-29",2222,"N20","nominal","2.0NRT",264.41,1.29,"N"
"3865",57.42706,78.69305,367,0.41,0.61,"2025-09-29",2222,"N20","high","2.0NRT",273.08,9.63,"N"
"3866",57.42751,78.69254,367,0.41,0.61,"2025-09-29",2222,"N20","high","2.0NRT",270.54,10.23,"N"
"3867",57.46614,78.42986,341.31,0.4,0.6,"2025-09-29",2222,"N20","nominal","2.0NRT",268.17,2.72,"N"
"3868",59.52992,34.13419,306.35,0.71,0.75,"2025-09-29",2222,"N20","nominal","2.0NRT",274.24,1.86,"N"
"3869",58.74201,50.15583,299.63,0.38,0.44,"2025-09-29",2222,"N20","nominal","2.0NRT",269.87,0.8,"N"
"3870",59.13059,37.78645,309,0.53,0.67,"2025-09-29",2222,"N20","nominal","2.0NRT",273.4,1.43,"N"
"3871",56.86765,62.05359,316,0.41,0.37,"2025-09-29",2222,"N20","nominal","2.0NRT",272.71,1.73,"N"
"3872",58.29457,47.53787,298.03,0.47,0.47,"2025-09-29",2222,"N20","nominal","2.0NRT",265.92,1.86,"N"
"3873",52.25696,77.04038,299.87,0.58,0.7,"2025-09-29",2222,"N20","nominal","2.0NRT",272.91,1.33,"N"
"3874",52.26009,77.04333,303.32,0.58,0.7,"2025-09-29",2222,"N20","nominal","2.0NRT",272.52,2.01,"N"
"3875",56.47696,60.90784,299.55,0.4,0.37,"2025-09-29",2222,"N20","nominal","2.0NRT",269.95,0.83,"N"
"3876",57.91584,48.4128,336.73,0.43,0.46,"2025-09-29",2222,"N20","nominal","2.0NRT",271.45,7.31,"N"
"3877",55.28746,61.45634,329.5,0.42,0.38,"2025-09-29",2222,"N20","nominal","2.0NRT",272.95,6.63,"N"
"3878",55.28169,61.46709,308.25,0.42,0.38,"2025-09-29",2222,"N20","nominal","2.0NRT",271.58,1.4,"N"
"3879",55.28086,61.45243,297.64,0.42,0.38,"2025-09-29",2222,"N20","nominal","2.0NRT",269.85,0.59,"N"
"3880",55.27342,61.43389,304.55,0.42,0.38,"2025-09-29",2222,"N20","nominal","2.0NRT",270.02,1.41,"N"
"3881",55.27127,61.43268,310.54,0.42,0.38,"2025-09-29",2222,"N20","nominal","2.0NRT",268.69,1.05,"N"
"3882",55.26554,61.44342,299.34,0.42,0.38,"2025-09-29",2222,"N20","nominal","2.0NRT",272.19,1.08,"N"
"3883",55.26224,61.44146,300.01,0.42,0.38,"2025-09-29",2222,"N20","nominal","2.0NRT",271.07,1.08,"N"
"3884",55.46509,60.19851,335.67,0.4,0.37,"2025-09-29",2222,"N20","nominal","2.0NRT",270.25,4.62,"N"
"3885",55.07862,59.00104,320.45,0.39,0.36,"2025-09-29",2225,"N20","nominal","2.0NRT",271.5,2.04,"N"
"3886",55.07424,58.98573,327.91,0.39,0.36,"2025-09-29",2225,"N20","nominal","2.0NRT",272.74,2.82,"N"
"3887",54.78273,58.20297,302.14,0.39,0.36,"2025-09-29",2225,"N20","nominal","2.0NRT",269.74,1.04,"N"
"3888",55.60993,51.92976,295.1,0.47,0.4,"2025-09-29",2225,"N20","nominal","2.0NRT",271.21,0.53,"N"
"3889",55.60232,51.89608,302.61,0.47,0.4,"2025-09-29",2225,"N20","nominal","2.0NRT",271,0.67,"N"
"3890",55.60268,51.89739,310.67,0.47,0.4,"2025-09-29",2225,"N20","nominal","2.0NRT",271.73,1.44,"N"
"3891",55.58807,51.96172,306.74,0.47,0.4,"2025-09-29",2225,"N20","nominal","2.0NRT",271.36,1.26,"N"
"3892",55.58611,51.9457,298.11,0.47,0.4,"2025-09-29",2225,"N20","nominal","2.0NRT",272.48,0.84,"N"
"3893",55.56775,51.90873,297.12,0.47,0.4,"2025-09-29",2225,"N20","nominal","2.0NRT",274.23,1.15,"N"
"3894",53.45721,59.02785,325.24,0.4,0.37,"2025-09-29",2225,"N20","nominal","2.0NRT",269.02,7.34,"N"
"3895",53.45617,59.0337,350.09,0.4,0.37,"2025-09-29",2225,"N20","nominal","2.0NRT",287.57,7.34,"N"
"3896",53.43031,59.05877,309.5,0.4,0.37,"2025-09-29",2225,"N20","nominal","2.0NRT",272.39,1.85,"N"
"3897",53.42926,59.0646,300.24,0.4,0.37,"2025-09-29",2225,"N20","nominal","2.0NRT",269.49,0.98,"N"
"3898",53.42599,59.06295,309.25,0.4,0.37,"2025-09-29",2225,"N20","nominal","2.0NRT",267.55,0.98,"N"
"3899",53.42484,59.04966,300.29,0.4,0.37,"2025-09-29",2225,"N20","nominal","2.0NRT",271.31,1.51,"N"
"3900",53.41855,59.08448,311.36,0.4,0.37,"2025-09-29",2225,"N20","nominal","2.0NRT",268.84,1.32,"N"
"3901",53.66218,55.97171,295.28,0.39,0.36,"2025-09-29",2225,"N20","nominal","2.0NRT",271.92,0.88,"N"
"3902",52.42218,60.02521,296.85,0.43,0.38,"2025-09-29",2225,"N20","nominal","2.0NRT",268.36,0.56,"N"
"3903",53.53937,52.77139,295.18,0.43,0.38,"2025-09-29",2225,"N20","nominal","2.0NRT",266.51,0.58,"N"
"3904",52.9157,55.72537,309.2,0.39,0.36,"2025-09-29",2225,"N20","nominal","2.0NRT",268.98,0.79,"N"
"3905",54.21608,38.92176,298.81,0.47,0.64,"2025-09-29",2225,"N20","nominal","2.0NRT",275.62,1.14,"N"
"3906",53.87667,45.852,298.32,0.49,0.48,"2025-09-29",2225,"N20","nominal","2.0NRT",268.62,1.24,"N"
"3907",53.04145,52.40567,325.04,0.43,0.38,"2025-09-29",2225,"N20","nominal","2.0NRT",270.83,3,"N"
"3908",53.0372,52.41089,317.63,0.43,0.38,"2025-09-29",2225,"N20","nominal","2.0NRT",268.97,1.9,"N"
"3909",53.18932,50.99727,304.69,0.47,0.4,"2025-09-29",2225,"N20","nominal","2.0NRT",268.98,0.95,"N"
"3910",52.40192,53.71751,319.21,0.4,0.37,"2025-09-29",2225,"N20","nominal","2.0NRT",269.47,1.42,"N"
"3911",52.73833,50.18324,298.35,0.49,0.4,"2025-09-29",2225,"N20","nominal","2.0NRT",267.88,0.67,"N"
"3912",52.22886,54.12453,299.31,0.39,0.36,"2025-09-29",2225,"N20","nominal","2.0NRT",269.56,0.45,"N"
"3913",51.44022,57.57391,316.74,0.4,0.37,"2025-09-29",2225,"N20","nominal","2.0NRT",269.89,2.06,"N"
"3914",51.22881,58.36722,310.91,0.41,0.37,"2025-09-29",2225,"N20","nominal","2.0NRT",269.49,0.79,"N"
"3915",51.2177,58.34973,298.67,0.41,0.37,"2025-09-29",2225,"N20","nominal","2.0NRT",269.79,1,"N"
"3916",51.19686,58.22946,295.61,0.41,0.37,"2025-09-29",2225,"N20","nominal","2.0NRT",269.57,0.54,"N"
"3917",51.66001,55.10224,319.08,0.39,0.36,"2025-09-29",2225,"N20","nominal","2.0NRT",272.49,1.74,"N"
"3918",51.84595,53.81134,329.67,0.4,0.37,"2025-09-29",2225,"N20","nominal","2.0NRT",272.56,3.34,"N"
"3919",51.59618,55.47068,304.63,0.38,0.36,"2025-09-29",2225,"N20","nominal","2.0NRT",272.06,1.27,"N"
"3920",51.59124,55.48026,330.5,0.38,0.36,"2025-09-29",2225,"N20","nominal","2.0NRT",274.82,3.27,"N"
"3921",51.59209,55.47482,295.76,0.38,0.36,"2025-09-29",2225,"N20","nominal","2.0NRT",269.55,1.27,"N"
"3922",51.57384,55.52531,301.65,0.38,0.36,"2025-09-29",2225,"N20","nominal","2.0NRT",268.19,0.63,"N"
"3923",52.1577,50.96066,307.1,0.46,0.39,"2025-09-29",2225,"N20","nominal","2.0NRT",270.43,1.16,"N"
"3924",51.6864,54.40002,296.89,0.39,0.36,"2025-09-29",2225,"N20","nominal","2.0NRT",269.42,0.26,"N"
"3925",51.87193,52.97834,298.22,0.41,0.37,"2025-09-29",2225,"N20","nominal","2.0NRT",270.92,0.68,"N"
"3926",52.01507,51.6892,325.29,0.44,0.38,"2025-09-29",2225,"N20","nominal","2.0NRT",271.8,2.44,"N"
"3927",52.01689,51.15005,323.24,0.45,0.39,"2025-09-29",2225,"N20","nominal","2.0NRT",270.92,1.33,"N"
"3928",51.81261,52.54939,325.68,0.42,0.37,"2025-09-29",2225,"N20","nominal","2.0NRT",272.18,3.1,"N"
"3929",51.84213,51.07553,295.99,0.45,0.39,"2025-09-29",2225,"N20","nominal","2.0NRT",269.95,0.45,"N"
"3930",51.6046,52.9264,327.73,0.41,0.37,"2025-09-29",2225,"N20","nominal","2.0NRT",274.9,14.79,"N"
"3931",51.60382,52.93222,297.84,0.41,0.37,"2025-09-29",2225,"N20","nominal","2.0NRT",269.07,6.47,"N"
"3932",51.62057,52.77919,323.39,0.41,0.37,"2025-09-29",2225,"N20","nominal","2.0NRT",272.53,2.96,"N"
"3933",51.61979,52.78506,329.37,0.41,0.37,"2025-09-29",2225,"N20","nominal","2.0NRT",272.66,2.96,"N"
"3934",52.56091,39.56615,323.96,0.43,0.62,"2025-09-29",2225,"N20","nominal","2.0NRT",276.13,3.04,"N"
"3935",52.56083,39.5728,323.16,0.43,0.62,"2025-09-29",2225,"N20","nominal","2.0NRT",276.31,3.42,"N"
"3936",52.56065,39.5861,301.64,0.43,0.62,"2025-09-29",2225,"N20","nominal","2.0NRT",275.03,1.27,"N"
"3937",52.56028,39.61231,310.77,0.43,0.62,"2025-09-29",2225,"N20","nominal","2.0NRT",276.36,0.87,"N"
"3938",52.5602,39.6188,295.04,0.43,0.62,"2025-09-29",2225,"N20","nominal","2.0NRT",275.71,0.87,"N"
"3939",52.54841,39.63763,327.08,0.43,0.62,"2025-09-29",2225,"N20","nominal","2.0NRT",275.96,2.85,"N"
"3940",51.59271,52.9101,326.13,0.41,0.37,"2025-09-29",2225,"N20","nominal","2.0NRT",271.15,11.09,"N"
"3941",52.54876,39.61155,295.81,0.43,0.62,"2025-09-29",2225,"N20","nominal","2.0NRT",274.23,0.98,"N"
"3942",52.5485,39.63114,304.05,0.43,0.62,"2025-09-29",2225,"N20","nominal","2.0NRT",274.44,1.82,"N"
"3943",51.59193,52.91591,297.68,0.41,0.37,"2025-09-29",2225,"N20","nominal","2.0NRT",284.77,20.69,"N"
"3944",52.543,39.61117,307.63,0.43,0.62,"2025-09-29",2225,"N20","nominal","2.0NRT",277.61,1.21,"N"
"3945",52.53707,39.62393,319.72,0.43,0.62,"2025-09-29",2225,"N20","nominal","2.0NRT",275.13,2.39,"N"
"3946",52.53698,39.63044,319.75,0.43,0.62,"2025-09-29",2225,"N20","nominal","2.0NRT",276.43,2.39,"N"
"3947",52.56074,39.57066,343.62,0.43,0.62,"2025-09-29",2225,"N20","nominal","2.0NRT",279.67,5.14,"N"
"3948",52.56002,39.61018,312.19,0.43,0.62,"2025-09-29",2225,"N20","nominal","2.0NRT",275.15,0.94,"N"
"3949",52.5599,39.61666,298.48,0.43,0.62,"2025-09-29",2225,"N20","nominal","2.0NRT",276.51,0.94,"N"
"3950",52.54803,39.63553,313.2,0.43,0.62,"2025-09-29",2225,"N20","nominal","2.0NRT",274.71,1.48,"N"
"3951",52.54792,39.64198,301.37,0.43,0.62,"2025-09-29",2225,"N20","nominal","2.0NRT",275.16,1.48,"N"
"3952",51.56774,52.75541,318.04,0.41,0.37,"2025-09-29",2225,"N20","nominal","2.0NRT",272.08,2.29,"N"
"3953",52.54274,39.60912,310.46,0.43,0.62,"2025-09-29",2225,"N20","nominal","2.0NRT",276.15,1.52,"N"
"3954",51.56514,52.74841,301.83,0.41,0.37,"2025-09-29",2225,"N20","nominal","2.0NRT",270.76,0.54,"N"
"3955",52.53664,39.62839,348.33,0.43,0.62,"2025-09-29",2225,"N20","nominal","2.0NRT",280.34,5.44,"N"
"3956",52.531,39.62176,300.06,0.43,0.62,"2025-09-29",2225,"N20","nominal","2.0NRT",274.26,0.96,"N"
"3957",51.35082,53.21685,299.96,0.4,0.37,"2025-09-29",2225,"N20","nominal","2.0NRT",271.34,0.68,"N"
"3958",51.94913,47.76933,295.07,0.39,0.44,"2025-09-29",2225,"N20","nominal","2.0NRT",273.32,0.63,"N"
"3959",50.36235,57.12274,307.55,0.4,0.37,"2025-09-29",2225,"N20","nominal","2.0NRT",269.48,1.42,"N"
"3960",50.35063,57.12938,326.25,0.4,0.37,"2025-09-29",2225,"N20","nominal","2.0NRT",274.5,5.23,"N"
"3961",50.34967,57.13482,317.45,0.4,0.37,"2025-09-29",2225,"N20","nominal","2.0NRT",274.45,5.23,"N"
"3962",50.34544,57.13885,311.47,0.4,0.37,"2025-09-29",2225,"N20","nominal","2.0NRT",274.98,1.43,"N"
"3963",50.34409,57.12656,298.04,0.4,0.37,"2025-09-29",2225,"N20","nominal","2.0NRT",270.47,1.62,"N"
"3964",51.44751,48.82492,311.04,0.53,0.42,"2025-09-29",2225,"N20","nominal","2.0NRT",271.86,1.86,"N"
"3965",51.44676,48.83249,297.03,0.53,0.42,"2025-09-29",2225,"N20","nominal","2.0NRT",270.74,1.86,"N"
"3966",51.44368,48.82393,328.45,0.53,0.42,"2025-09-29",2225,"N20","nominal","2.0NRT",273.07,1.86,"N"
"3967",47.767,67.74542,325.3,0.36,0.57,"2025-09-29",2225,"N20","nominal","2.0NRT",272.94,2.07,"N"
"3968",50.91151,44.5284,304.48,0.52,0.5,"2025-09-29",2225,"N20","nominal","2.0NRT",270.09,0.8,"N"
"3969",50.74241,40.64515,320.14,0.38,0.59,"2025-09-29",2225,"N20","nominal","2.0NRT",274.39,2.77,"N"
"3970",50.74226,40.65087,321.52,0.38,0.59,"2025-09-29",2225,"N20","nominal","2.0NRT",275.81,2.81,"N"
"3971",50.74151,40.64893,338.23,0.38,0.59,"2025-09-29",2225,"N20","nominal","2.0NRT",276.12,3.89,"N"
"3972",50.55711,39.61447,353.33,0.42,0.61,"2025-09-29",2225,"N20","nominal","2.0NRT",275.36,3.8,"N"
"3973",50.557,39.62025,304.69,0.42,0.61,"2025-09-29",2225,"N20","nominal","2.0NRT",275.41,3.8,"N"
"3974",50.55544,39.61599,367,0.42,0.61,"2025-09-29",2225,"N20","high","2.0NRT",276.48,7.27,"N"
"3975",46.64768,64.46466,314.51,0.55,0.51,"2025-09-29",2225,"N20","nominal","2.0NRT",271.76,1.94,"N"
"3976",49.65767,40.06272,310.07,0.4,0.6,"2025-09-29",2225,"N20","nominal","2.0NRT",276.91,1.61,"N"
"3977",49.65752,40.06836,317.21,0.4,0.6,"2025-09-29",2225,"N20","nominal","2.0NRT",277.64,1.61,"N"
"3978",49.57782,35.61302,299.8,0.63,0.72,"2025-09-29",2227,"N20","nominal","2.0NRT",266.93,2.19,"N"
"3979",49.57792,35.62179,304.59,0.63,0.72,"2025-09-29",2227,"N20","nominal","2.0NRT",269.19,1.55,"N"
"3980",49.57121,35.6214,296.04,0.63,0.72,"2025-09-29",2227,"N20","nominal","2.0NRT",268.77,1.55,"N"
"3981",45.76712,65.63816,306.54,0.33,0.55,"2025-09-29",2227,"N20","nominal","2.0NRT",276.17,0.84,"N"
"3982",49.57514,35.61831,308.18,0.63,0.72,"2025-09-29",2227,"N20","nominal","2.0NRT",268.16,1.46,"N"
"3983",49.43517,40.82661,347.61,0.37,0.58,"2025-09-29",2227,"N20","nominal","2.0NRT",279.24,3.31,"N"
"3984",49.43536,40.82152,312.62,0.37,0.58,"2025-09-29",2227,"N20","nominal","2.0NRT",275.82,3.31,"N"
"3985",49.26462,40.322,302.38,0.39,0.59,"2025-09-29",2227,"N20","nominal","2.0NRT",273.73,1.1,"N"
"3986",49.26444,40.32722,308.39,0.39,0.59,"2025-09-29",2227,"N20","nominal","2.0NRT",277.65,1.53,"N"
"3987",49.01194,40.11868,323.67,0.39,0.6,"2025-09-29",2227,"N20","nominal","2.0NRT",278.57,2.24,"N"
"3988",49.01211,40.11312,302.75,0.39,0.6,"2025-09-29",2227,"N20","nominal","2.0NRT",277.27,1.74,"N"
"3989",49.00658,40.11259,299.28,0.39,0.6,"2025-09-29",2227,"N20","nominal","2.0NRT",277.75,0.97,"N"
"3990",49.00642,40.11808,305.24,0.39,0.6,"2025-09-29",2227,"N20","nominal","2.0NRT",277.45,1.45,"N"
"3991",49.03355,38.47346,302.98,0.47,0.64,"2025-09-29",2227,"N20","nominal","2.0NRT",275.78,0.48,"N"
"3992",48.93082,40.25534,345.15,0.39,0.59,"2025-09-29",2227,"N20","nominal","2.0NRT",280.27,4.28,"N"
"3993",48.81639,40.83749,302.12,0.36,0.58,"2025-09-29",2227,"N20","nominal","2.0NRT",260,1.25,"N"
"3994",48.83382,39.8155,297.35,0.4,0.6,"2025-09-29",2227,"N20","nominal","2.0NRT",279.44,0.52,"N"
"3995",48.82822,39.81513,306.3,0.4,0.6,"2025-09-29",2227,"N20","nominal","2.0NRT",279.63,0.94,"N"
"3996",48.82737,38.08217,295.56,0.49,0.65,"2025-09-29",2227,"N20","nominal","2.0NRT",278.41,0.79,"N"
"3997",44.68978,66.0768,331.35,0.37,0.58,"2025-09-29",2227,"N20","nominal","2.0NRT",275.25,2.19,"N"
"3998",44.69034,66.07868,326.5,0.37,0.58,"2025-09-29",2227,"N20","nominal","2.0NRT",275.51,2.32,"N"
"3999",48.60267,37.95259,327.36,0.49,0.65,"2025-09-29",2227,"N20","nominal","2.0NRT",279.27,2.65,"N"
"4000",48.60273,37.94605,317.44,0.49,0.65,"2025-09-29",2227,"N20","nominal","2.0NRT",278.09,2.65,"N"
"4001",48.60215,37.94746,336.96,0.49,0.65,"2025-09-29",2227,"N20","nominal","2.0NRT",278.72,5.9,"N"
"4002",48.60205,37.95403,321.82,0.49,0.65,"2025-09-29",2227,"N20","nominal","2.0NRT",279.79,5.27,"N"
"4003",48.50808,38.59684,305,0.46,0.63,"2025-09-29",2227,"N20","nominal","2.0NRT",278.13,0.94,"N"
"4004",48.51373,37.66692,300.66,0.51,0.66,"2025-09-29",2227,"N20","nominal","2.0NRT",271.6,0.81,"N"
"4005",48.46509,38.77332,296.72,0.45,0.63,"2025-09-29",2227,"N20","nominal","2.0NRT",278.27,0.84,"N"
"4006",47.24867,52.46421,297.47,0.39,0.36,"2025-09-29",2227,"N20","nominal","2.0NRT",274.83,0.64,"N"
"4007",41.51114,64.54416,297.93,0.39,0.59,"2025-09-29",2227,"N20","nominal","2.0NRT",273.17,0.78,"N"
"4008",40.02376,68.31834,310.25,0.66,0.73,"2025-09-29",2227,"N20","nominal","2.0NRT",281.46,1.99,"N"
"4009",40.02588,68.32044,309.67,0.66,0.73,"2025-09-29",2227,"N20","nominal","2.0NRT",281.19,2.47,"N"
"4010",42.06339,59.96198,295.74,0.45,0.47,"2025-09-29",2227,"N20","nominal","2.0NRT",281.81,0.4,"N"
"4011",42.04932,59.94463,296.96,0.45,0.47,"2025-09-29",2227,"N20","nominal","2.0NRT",281.45,0.62,"N"
"4012",42.04641,59.9377,304.51,0.45,0.47,"2025-09-29",2227,"N20","nominal","2.0NRT",281.38,0.57,"N"
"4013",41.85989,59.91302,303.22,0.45,0.47,"2025-09-29",2227,"N20","nominal","2.0NRT",281.91,0.84,"N"
"4014",41.67024,60.6609,297.94,0.49,0.49,"2025-09-29",2227,"N20","nominal","2.0NRT",281.33,0.34,"N"
"4015",41.84976,59.54942,297.29,0.43,0.46,"2025-09-29",2227,"N20","nominal","2.0NRT",282.08,1.11,"N"
"4016",41.84452,59.55278,300.67,0.43,0.46,"2025-09-29",2227,"N20","nominal","2.0NRT",282.73,1.22,"N"
"4017",41.84101,59.56787,295.89,0.43,0.46,"2025-09-29",2227,"N20","nominal","2.0NRT",282.58,0.78,"N"
"4018",41.84328,59.55519,295.8,0.43,0.46,"2025-09-29",2227,"N20","nominal","2.0NRT",282.73,0.9,"N"
"4019",41.84099,59.56529,296.63,0.43,0.46,"2025-09-29",2227,"N20","nominal","2.0NRT",283,0.85,"N"
"4020",40.10757,65.34013,298.16,0.47,0.64,"2025-09-29",2227,"N20","nominal","2.0NRT",286.73,0.95,"N"
"4021",40.10207,65.33737,313.33,0.47,0.64,"2025-09-29",2227,"N20","nominal","2.0NRT",285.55,0.95,"N"
"4022",40.10198,65.33739,319.13,0.47,0.64,"2025-09-29",2227,"N20","nominal","2.0NRT",285.79,1.88,"N"
"4023",40.05856,65.29143,306.42,0.46,0.64,"2025-09-29",2227,"N20","nominal","2.0NRT",287.31,2.13,"N"
"4024",40.35746,63.59763,295.28,0.37,0.58,"2025-09-29",2227,"N20","nominal","2.0NRT",284.52,0.38,"N"
"4025",40.35238,63.59524,300.89,0.37,0.58,"2025-09-29",2227,"N20","nominal","2.0NRT",284.31,0.38,"N"
"4026",39.50029,64.69681,298.29,0.45,0.63,"2025-09-29",2227,"N20","nominal","2.0NRT",286.18,0.49,"N"
"4027",39.19078,65.28501,296.78,0.49,0.65,"2025-09-29",2227,"N20","nominal","2.0NRT",286.72,1.91,"N"
"4028",39.55981,63.45427,321.95,0.39,0.59,"2025-09-29",2227,"N20","nominal","2.0NRT",286.18,1.9,"N"
"4029",39.56099,63.44999,298.82,0.39,0.59,"2025-09-29",2227,"N20","nominal","2.0NRT",284.9,1.41,"N"
"4030",38.67851,65.95319,301.76,0.55,0.68,"2025-09-29",2227,"N20","nominal","2.0NRT",282.92,2.99,"N"
"4031",38.67672,65.95906,300.06,0.55,0.68,"2025-09-29",2227,"N20","nominal","2.0NRT",282.37,1.4,"N"
"4032",38.68,65.95319,307.37,0.55,0.68,"2025-09-29",2227,"N20","nominal","2.0NRT",283.46,0.84,"N"
"4033",38.67825,65.95908,300.64,0.55,0.68,"2025-09-29",2227,"N20","nominal","2.0NRT",282.94,0.84,"N"
"4034",38.89479,65.02496,295.78,0.49,0.65,"2025-09-29",2227,"N20","nominal","2.0NRT",283.97,0.41,"N"
"4035",39.34104,63.23862,296.86,0.38,0.59,"2025-09-29",2227,"N20","nominal","2.0NRT",285.98,0.64,"N"
"4036",39.33787,63.23812,296.5,0.38,0.59,"2025-09-29",2227,"N20","nominal","2.0NRT",286.13,0.56,"N"
"4037",39.40911,62.84545,296.48,0.36,0.58,"2025-09-29",2227,"N20","nominal","2.0NRT",286.33,0.43,"N"
"4038",38.05717,67.25983,340.72,0.67,0.73,"2025-09-29",2227,"N20","nominal","2.0NRT",285.15,14.52,"N"
"4039",38.05475,67.26741,352.97,0.67,0.73,"2025-09-29",2227,"N20","nominal","2.0NRT",297.44,15.54,"N"
"4040",38.05241,67.2747,300.77,0.67,0.73,"2025-09-29",2227,"N20","nominal","2.0NRT",285.43,15.54,"N"
"4041",38.05081,67.25683,354.39,0.67,0.73,"2025-09-29",2227,"N20","nominal","2.0NRT",285.36,50.85,"N"
"4042",38.04839,67.26439,343.02,0.67,0.73,"2025-09-29",2227,"N20","nominal","2.0NRT",298.86,36.71,"N"
"4043",38.04603,67.27177,300.34,0.67,0.73,"2025-09-29",2227,"N20","nominal","2.0NRT",284.6,36.71,"N"
"4044",39.30671,62.9725,300.52,0.37,0.58,"2025-09-29",2227,"N20","nominal","2.0NRT",285.89,0.58,"N"
"4045",39.25022,63.21015,297.49,0.38,0.59,"2025-09-29",2227,"N20","nominal","2.0NRT",285.24,0.53,"N"
"4046",39.30749,62.97465,302.73,0.37,0.58,"2025-09-29",2227,"N20","nominal","2.0NRT",286.91,0.81,"N"
"4047",38.05988,67.26218,297.45,0.67,0.73,"2025-09-29",2227,"N20","nominal","2.0NRT",284.33,1.27,"N"
"4048",38.05758,67.26953,301.04,0.67,0.73,"2025-09-29",2227,"N20","nominal","2.0NRT",285.22,1.27,"N"
"4049",38.05535,67.27666,295.12,0.67,0.74,"2025-09-29",2227,"N20","nominal","2.0NRT",284.98,2.16,"N"
"4050",38.05359,67.25895,367,0.67,0.73,"2025-09-29",2227,"N20","high","2.0NRT",288.06,96.2,"N"
"4051",38.05589,67.25161,300.36,0.67,0.73,"2025-09-29",2227,"N20","nominal","2.0NRT",283.88,6.81,"N"
"4052",38.04885,67.27407,310.45,0.67,0.74,"2025-09-29",2227,"N20","nominal","2.0NRT",285.7,15.53,"N"
"4053",38.04662,67.2812,295.95,0.67,0.74,"2025-09-29",2227,"N20","nominal","2.0NRT",284.19,15.53,"N"
"4054",39.15737,63.46727,296.44,0.4,0.6,"2025-09-29",2227,"N20","nominal","2.0NRT",285.14,0.56,"N"
"4055",38.04484,67.26355,295.44,0.67,0.73,"2025-09-29",2227,"N20","nominal","2.0NRT",283.57,96.2,"N"
"4056",38.94253,64.13455,301.41,0.44,0.62,"2025-09-29",2227,"N20","nominal","2.0NRT",285.33,0.59,"N"
"4057",38.45654,65.80698,296.54,0.55,0.68,"2025-09-29",2227,"N20","nominal","2.0NRT",285.01,1.11,"N"
"4058",39.1304,63.41583,299.23,0.4,0.6,"2025-09-29",2227,"N20","nominal","2.0NRT",284.96,0.68,"N"
"4059",39.17808,63.22037,301.76,0.39,0.59,"2025-09-29",2227,"N20","nominal","2.0NRT",285.4,0.8,"N"
"4060",39.1688,63.25436,306.36,0.39,0.59,"2025-09-29",2227,"N20","nominal","2.0NRT",287.37,0.93,"N"
"4061",39.16763,63.25862,304.5,0.39,0.59,"2025-09-29",2227,"N20","nominal","2.0NRT",285.95,0.93,"N"
"4062",39.13168,63.30489,297.88,0.39,0.59,"2025-09-29",2227,"N20","nominal","2.0NRT",284.41,0.93,"N"
"4063",39.05646,63.44485,297.45,0.4,0.6,"2025-09-29",2227,"N20","nominal","2.0NRT",285.07,0.74,"N"
"4064",38.96456,63.6935,295.99,0.41,0.61,"2025-09-29",2227,"N20","nominal","2.0NRT",285.13,0.56,"N"
"4065",40.2509,58.4619,302.02,0.42,0.45,"2025-09-29",2227,"N20","nominal","2.0NRT",285.45,0.59,"N"
"4066",40.25217,58.43676,298.42,0.42,0.45,"2025-09-29",2227,"N20","nominal","2.0NRT",285.44,0.64,"N"
"4067",38.97392,63.46669,299.02,0.4,0.6,"2025-09-29",2227,"N20","nominal","2.0NRT",285.93,0.66,"N"
"4068",38.87581,63.79684,300.68,0.42,0.61,"2025-09-29",2227,"N20","nominal","2.0NRT",285.2,0.53,"N"
"4069",38.84091,63.82015,295.37,0.42,0.61,"2025-09-29",2227,"N20","nominal","2.0NRT",284.29,0.55,"N"
"4070",39.15689,62.58782,299.04,0.36,0.57,"2025-09-29",2227,"N20","nominal","2.0NRT",285.89,0.58,"N"
"4071",37.9063,65.10496,297.64,0.52,0.67,"2025-09-29",2227,"N20","nominal","2.0NRT",284.96,0.39,"N"
"4072",37.96719,65.00428,300.46,0.51,0.66,"2025-09-29",2227,"N20","nominal","2.0NRT",283.88,0.82,"N"
"4073",40.01144,52.84343,305.26,0.4,0.37,"2025-09-29",2229,"N20","nominal","2.0NRT",287.03,0.72,"N"
"4074",39.68502,54.30387,301.52,0.43,0.38,"2025-09-29",2229,"N20","nominal","2.0NRT",290.77,0.79,"N"
"4075",37.98935,61.87853,300.66,0.35,0.57,"2025-09-29",2229,"N20","nominal","2.0NRT",286.04,0.96,"N"
"4076",37.98735,61.88621,303.45,0.35,0.57,"2025-09-29",2229,"N20","nominal","2.0NRT",286.84,0.77,"N"
"4077",37.80105,62.54826,304.6,0.39,0.59,"2025-09-29",2229,"N20","nominal","2.0NRT",284.49,1.22,"N"
"4078",37.79992,62.55247,308.07,0.39,0.59,"2025-09-29",2229,"N20","nominal","2.0NRT",286.65,1.22,"N"
"4079",37.7918,62.53966,296.06,0.39,0.59,"2025-09-29",2229,"N20","nominal","2.0NRT",284.97,1.16,"N"
"4080",37.7438,62.12803,300.7,0.37,0.58,"2025-09-29",2229,"N20","nominal","2.0NRT",285.52,0.53,"N"
"4081",39.51209,54.32687,307.68,0.44,0.38,"2025-09-29",2229,"N20","nominal","2.0NRT",289.33,0.87,"N"
"4082",37.84723,61.60392,296.52,0.34,0.56,"2025-09-29",2229,"N20","nominal","2.0NRT",285.61,0.37,"N"
"4083",37.67117,62.23566,309.46,0.38,0.58,"2025-09-29",2229,"N20","nominal","2.0NRT",285.6,1.11,"N"
"4084",37.66389,62.24162,300.57,0.38,0.58,"2025-09-29",2229,"N20","nominal","2.0NRT",285.11,1.58,"N"
"4085",37.63961,62.2043,309.1,0.38,0.58,"2025-09-29",2229,"N20","nominal","2.0NRT",285.06,0.73,"N"
"4086",37.62672,62.1673,298.38,0.37,0.58,"2025-09-29",2229,"N20","nominal","2.0NRT",286.2,0.58,"N"
"4087",37.62297,62.13885,298.48,0.37,0.58,"2025-09-29",2229,"N20","nominal","2.0NRT",286.07,0.6,"N"
"4088",37.61786,62.13671,299.65,0.37,0.58,"2025-09-29",2229,"N20","nominal","2.0NRT",285.93,0.34,"N"
"4089",37.61876,62.13762,307.45,0.37,0.58,"2025-09-29",2229,"N20","nominal","2.0NRT",286.74,0.76,"N"
"4090",39.52938,53.40483,314.82,0.41,0.37,"2025-09-29",2229,"N20","nominal","2.0NRT",287.81,1.42,"N"
"4091",37.65657,61.9066,299.91,0.36,0.57,"2025-09-29",2229,"N20","nominal","2.0NRT",286.89,0.51,"N"
"4092",37.56999,62.08594,316.19,0.37,0.58,"2025-09-29",2229,"N20","nominal","2.0NRT",283.77,1.07,"N"
"4093",39.38269,53.76183,299.12,0.42,0.38,"2025-09-29",2229,"N20","nominal","2.0NRT",288.38,0.66,"N"
"4094",39.46787,53.17246,304.2,0.41,0.37,"2025-09-29",2229,"N20","nominal","2.0NRT",291.52,1.09,"N"
"4095",37.6112,61.60748,308.27,0.35,0.57,"2025-09-29",2229,"N20","nominal","2.0NRT",288.64,1.34,"N"
"4096",37.42627,62.31285,300.66,0.39,0.59,"2025-09-29",2229,"N20","nominal","2.0NRT",285.36,0.71,"N"
"4097",37.61403,61.57522,311.25,0.35,0.57,"2025-09-29",2229,"N20","nominal","2.0NRT",287.33,1.29,"N"
"4098",37.59706,61.55577,301.18,0.35,0.57,"2025-09-29",2229,"N20","nominal","2.0NRT",285.33,0.87,"N"
"4099",37.59892,61.52745,297.88,0.35,0.56,"2025-09-29",2229,"N20","nominal","2.0NRT",285.64,0.66,"N"
"4100",37.59298,61.52917,298.65,0.35,0.56,"2025-09-29",2229,"N20","nominal","2.0NRT",286.15,0.66,"N"
"4101",37.49864,61.84669,300.71,0.36,0.58,"2025-09-29",2229,"N20","nominal","2.0NRT",287.21,1.27,"N"
"4102",37.4976,61.85061,298.08,0.36,0.58,"2025-09-29",2229,"N20","nominal","2.0NRT",287.2,0.87,"N"
"4103",39.46355,52.79782,303.13,0.4,0.37,"2025-09-29",2229,"N20","nominal","2.0NRT",291.74,0.31,"N"
"4104",39.47854,52.69176,328.94,0.4,0.37,"2025-09-29",2229,"N20","nominal","2.0NRT",294.26,2.54,"N"
"4105",39.47047,52.71816,320.8,0.4,0.37,"2025-09-29",2229,"N20","nominal","2.0NRT",292.77,0.88,"N"
"4106",39.46809,52.73184,321.18,0.4,0.37,"2025-09-29",2229,"N20","nominal","2.0NRT",292.12,0.84,"N"
"4107",39.47492,52.65249,322.24,0.4,0.37,"2025-09-29",2229,"N20","nominal","2.0NRT",293.23,1.4,"N"
"4108",39.45893,52.72441,311.78,0.4,0.37,"2025-09-29",2229,"N20","nominal","2.0NRT",292.6,0.63,"N"
"4109",38.2569,58.39146,313.32,0.46,0.47,"2025-09-29",2229,"N20","nominal","2.0NRT",290.79,2.22,"N"
"4110",37.22216,62.39548,296.27,0.39,0.6,"2025-09-29",2229,"N20","nominal","2.0NRT",284.26,0.56,"N"
"4111",37.22021,62.39669,297.18,0.39,0.6,"2025-09-29",2229,"N20","nominal","2.0NRT",284.36,0.51,"N"
"4112",39.04473,54.25119,312.14,0.44,0.38,"2025-09-29",2229,"N20","nominal","2.0NRT",288.84,1.01,"N"
"4113",39.04127,54.25014,332.37,0.44,0.38,"2025-09-29",2229,"N20","nominal","2.0NRT",292.29,5.86,"N"
"4114",40.40445,44.76843,301.78,0.39,0.44,"2025-09-29",2229,"N20","nominal","2.0NRT",279.34,0.89,"N"
"4115",40.39948,44.77718,302.17,0.39,0.44,"2025-09-29",2229,"N20","nominal","2.0NRT",278.53,0.89,"N"
"4116",39.10399,53.83357,302.84,0.43,0.38,"2025-09-29",2229,"N20","nominal","2.0NRT",288.08,0.77,"N"
"4117",37.5124,61.01363,301.96,0.33,0.55,"2025-09-29",2229,"N20","nominal","2.0NRT",285.24,0.68,"N"
"4118",38.21901,57.98909,299.92,0.44,0.46,"2025-09-29",2229,"N20","nominal","2.0NRT",287.11,0.81,"N"
"4119",38.19364,58.1013,298.61,0.44,0.46,"2025-09-29",2229,"N20","nominal","2.0NRT",287.6,0.7,"N"
"4120",37.11869,62.36311,325.23,0.39,0.6,"2025-09-29",2229,"N20","nominal","2.0NRT",287.14,1.36,"N"
"4121",38.19127,58.05263,298.84,0.44,0.46,"2025-09-29",2229,"N20","nominal","2.0NRT",288.29,0.77,"N"
"4122",37.11755,62.36734,295.7,0.39,0.6,"2025-09-29",2229,"N20","nominal","2.0NRT",285.53,1.36,"N"
"4123",38.26225,57.65965,304.52,0.42,0.45,"2025-09-29",2229,"N20","nominal","2.0NRT",291.68,1.67,"N"
"4124",38.19247,57.96745,302.21,0.44,0.46,"2025-09-29",2229,"N20","nominal","2.0NRT",288.53,0.86,"N"
"4125",38.17997,57.9838,302.67,0.44,0.46,"2025-09-29",2229,"N20","nominal","2.0NRT",287.73,0.91,"N"
"4126",37.1174,62.36103,309.38,0.39,0.6,"2025-09-29",2229,"N20","nominal","2.0NRT",286.65,1.77,"N"
"4127",37.11628,62.36528,312.8,0.4,0.6,"2025-09-29",2229,"N20","nominal","2.0NRT",287,1.76,"N"
"4128",38.17587,57.98228,300.65,0.44,0.46,"2025-09-29",2229,"N20","nominal","2.0NRT",288.21,0.67,"N"
"4129",37.34914,61.36219,299.48,0.34,0.56,"2025-09-29",2229,"N20","nominal","2.0NRT",285.18,0.57,"N"
"4130",37.03296,62.4153,323.66,0.4,0.6,"2025-09-29",2229,"N20","nominal","2.0NRT",286.88,3.27,"N"
"4131",37.0318,62.41958,319.33,0.4,0.6,"2025-09-29",2229,"N20","nominal","2.0NRT",287.72,3.27,"N"
"4132",37.94406,58.56287,299.06,0.48,0.48,"2025-09-29",2229,"N20","nominal","2.0NRT",287.01,0.86,"N"
"4133",38.85358,54.23284,328.81,0.44,0.38,"2025-09-29",2229,"N20","nominal","2.0NRT",290.34,2.01,"N"
"4134",38.85383,54.23101,328.98,0.44,0.38,"2025-09-29",2229,"N20","nominal","2.0NRT",289.54,2.55,"N"
"4135",37.94772,58.58535,297.15,0.48,0.48,"2025-09-29",2229,"N20","nominal","2.0NRT",285.71,0.53,"N"
"4136",37.32707,61.09493,296.26,0.33,0.56,"2025-09-29",2229,"N20","nominal","2.0NRT",285.72,0.3,"N"
"4137",37.30505,61.11797,296.33,0.34,0.56,"2025-09-29",2229,"N20","nominal","2.0NRT",285.82,0.41,"N"
"4138",37.8271,58.38337,297.36,0.47,0.48,"2025-09-29",2229,"N20","nominal","2.0NRT",286.53,0.42,"N"
"4139",37.2244,60.888,296.03,0.33,0.55,"2025-09-29",2229,"N20","nominal","2.0NRT",285.05,0.17,"N"
"4140",39.85614,44.73011,298.68,0.38,0.44,"2025-09-29",2229,"N20","nominal","2.0NRT",286.73,1.01,"N"
"4141",36.50409,61.66037,300.81,0.38,0.58,"2025-09-29",2229,"N20","nominal","2.0NRT",284.56,0.37,"N"
"4142",36.50542,61.66228,305.91,0.38,0.58,"2025-09-29",2229,"N20","nominal","2.0NRT",285.25,0.47,"N"
"4143",36.4757,61.62385,299.69,0.37,0.58,"2025-09-29",2229,"N20","nominal","2.0NRT",286,1.19,"N"
"4144",37.34233,58.04972,297.29,0.46,0.47,"2025-09-29",2229,"N20","nominal","2.0NRT",286.49,1.02,"N"
"4145",36.47409,61.45752,300.28,0.37,0.58,"2025-09-29",2229,"N20","nominal","2.0NRT",285.6,0.43,"N"
"4146",33.71918,37.00956,301.52,0.49,0.65,"2025-09-30",11,"N20","nominal","2.0NRT",287.31,0.93,"N"
"4147",31.91887,34.89517,308.66,0.41,0.61,"2025-09-30",11,"N20","nominal","2.0NRT",292.79,1.15,"N"
"4148",31.91913,34.89362,303.07,0.41,0.61,"2025-09-30",11,"N20","nominal","2.0NRT",291.72,0.96,"N"
"4149",31.18821,36.07137,299.68,0.5,0.66,"2025-09-30",11,"N20","nominal","2.0NRT",288.95,1.07,"N"
"4150",31.18466,36.07224,305.73,0.5,0.66,"2025-09-30",11,"N20","nominal","2.0NRT",289.01,1.27,"N"
"4151",31.4759,31.73974,306.34,0.55,0.51,"2025-09-30",13,"N20","nominal","2.0NRT",291.52,1.69,"N"
"4152",31.47701,31.74493,318.96,0.55,0.51,"2025-09-30",13,"N20","nominal","2.0NRT",291.69,1.41,"N"
"4153",31.32748,32.14071,312.27,0.59,0.53,"2025-09-30",13,"N20","nominal","2.0NRT",293.68,1.37,"N"
"4154",30.70432,33.84906,331.21,0.38,0.59,"2025-09-30",13,"N20","nominal","2.0NRT",293.21,2.34,"N"
"4155",30.72284,33.77362,305.23,0.38,0.59,"2025-09-30",13,"N20","nominal","2.0NRT",291.82,1.41,"N"
"4156",30.70335,33.85298,310.41,0.38,0.59,"2025-09-30",13,"N20","nominal","2.0NRT",293.8,2.34,"N"
"4157",31.14332,29.83962,304.64,0.44,0.46,"2025-09-30",13,"N20","nominal","2.0NRT",294,1.18,"N"
"4158",31.12324,29.81007,311.85,0.44,0.46,"2025-09-30",13,"N20","nominal","2.0NRT",294.05,1.29,"N"
"4159",31.12227,29.81456,309.64,0.44,0.46,"2025-09-30",13,"N20","nominal","2.0NRT",293.41,1.29,"N"
"4160",31.12006,29.80441,309.01,0.44,0.46,"2025-09-30",13,"N20","nominal","2.0NRT",295.4,1.27,"N"
"4161",31.12251,29.81147,322.99,0.44,0.46,"2025-09-30",13,"N20","nominal","2.0NRT",295.08,2.79,"N"
"4162",31.1193,29.80579,309.47,0.44,0.46,"2025-09-30",13,"N20","nominal","2.0NRT",295.23,1.8,"N"
"4163",31.02968,29.75177,303.99,0.44,0.46,"2025-09-30",13,"N20","nominal","2.0NRT",292.54,1.14,"N"
"4164",31.02874,29.7562,308.66,0.44,0.46,"2025-09-30",13,"N20","nominal","2.0NRT",293.69,2.26,"N"
"4165",30.69426,31.26819,306.64,0.54,0.51,"2025-09-30",13,"N20","nominal","2.0NRT",292.45,0.99,"N"
"4166",30.68983,31.27131,309.55,0.54,0.51,"2025-09-30",13,"N20","nominal","2.0NRT",291.69,1.51,"N"
"4167",30.99264,29.84332,304.79,0.44,0.46,"2025-09-30",13,"N20","nominal","2.0NRT",292.38,1.02,"N"
"4168",30.87945,29.46241,309.6,0.42,0.45,"2025-09-30",13,"N20","nominal","2.0NRT",293.11,1.39,"N"
"4169",30.60677,30.57787,304.81,0.5,0.49,"2025-09-30",13,"N20","nominal","2.0NRT",289.73,0.6,"N"
"4170",30.28539,31.84491,307.09,0.6,0.53,"2025-09-30",13,"N20","nominal","2.0NRT",290.34,0.7,"N"
"4171",30.21092,31.51274,301.98,0.57,0.52,"2025-09-30",13,"N20","nominal","2.0NRT",291.15,0.44,"N"
"4172",30.20627,31.51136,302.14,0.57,0.52,"2025-09-30",13,"N20","nominal","2.0NRT",290.88,1.13,"N"
"4173",29.80761,32.09067,317.66,0.63,0.54,"2025-09-30",13,"N20","nominal","2.0NRT",294.89,3.83,"N"
"4174",29.7481,32.21223,303.69,0.32,0.55,"2025-09-30",13,"N20","nominal","2.0NRT",292.92,0.58,"N"
"4175",30.70034,27.72361,302.32,0.52,0.42,"2025-09-30",13,"N20","nominal","2.0NRT",290.89,0.68,"N"
"4176",29.69164,32.3181,340.78,0.33,0.55,"2025-09-30",13,"N20","nominal","2.0NRT",295.53,2.16,"N"
"4177",29.69087,32.32139,306.36,0.33,0.55,"2025-09-30",13,"N20","nominal","2.0NRT",295.01,2.16,"N"
"4178",30.77102,27.1067,315.21,0.49,0.4,"2025-09-30",13,"N20","nominal","2.0NRT",291.29,2,"N"
"4179",30.85462,26.61819,306.07,0.46,0.39,"2025-09-30",13,"N20","nominal","2.0NRT",290.25,0.49,"N"
"4180",30.76375,27.10485,305.51,0.49,0.4,"2025-09-30",13,"N20","nominal","2.0NRT",291.03,1.29,"N"
"4181",30.82683,26.46804,307.82,0.46,0.39,"2025-09-30",13,"N20","nominal","2.0NRT",290.67,0.73,"N"
"4182",30.8233,26.46717,305.16,0.46,0.39,"2025-09-30",13,"N20","nominal","2.0NRT",291.99,0.89,"N"
"4183",30.67075,26.36572,327.89,0.45,0.39,"2025-09-30",13,"N20","nominal","2.0NRT",291.17,2.75,"N"
"4184",30.36843,27.23043,321.27,0.5,0.41,"2025-09-30",13,"N20","nominal","2.0NRT",289.46,2.3,"N"
"4185",30.53677,26.08005,330.48,0.44,0.39,"2025-09-30",13,"N20","nominal","2.0NRT",292.57,2.51,"N"
"4186",30.53508,26.08917,303.54,0.44,0.39,"2025-09-30",13,"N20","nominal","2.0NRT",291.6,0.88,"N"
"4187",30.53243,26.08376,305.68,0.44,0.39,"2025-09-30",13,"N20","nominal","2.0NRT",291.39,0.88,"N"
"4188",30.53613,26.08259,329.79,0.44,0.39,"2025-09-30",13,"N20","nominal","2.0NRT",292.95,3.31,"N"
"4189",30.53448,26.09173,307.31,0.45,0.39,"2025-09-30",13,"N20","nominal","2.0NRT",291.22,1.02,"N"
"4190",28.8669,33.17712,310.53,0.38,0.59,"2025-09-30",13,"N20","nominal","2.0NRT",294.38,0.81,"N"
"4191",29.33864,30.9361,302.76,0.55,0.51,"2025-09-30",13,"N20","nominal","2.0NRT",291.82,0.52,"N"
"4192",29.33971,30.94005,304.73,0.55,0.51,"2025-09-30",13,"N20","nominal","2.0NRT",291.65,0.78,"N"
"4193",30.30638,26.04056,313.52,0.45,0.39,"2025-09-30",13,"N20","nominal","2.0NRT",291.32,1.22,"N"
"4194",29.71397,28.63241,302.88,0.4,0.44,"2025-09-30",13,"N20","nominal","2.0NRT",290.98,0.66,"N"
"4195",29.04919,31.17245,303.11,0.58,0.52,"2025-09-30",13,"N20","nominal","2.0NRT",292.49,1.28,"N"
"4196",29.02225,31.20054,303.74,0.58,0.52,"2025-09-30",13,"N20","nominal","2.0NRT",293.52,2.32,"N"
"4197",29.02097,31.20627,305.77,0.58,0.52,"2025-09-30",13,"N20","nominal","2.0NRT",294.44,2.32,"N"
"4198",29.01756,31.19917,313.13,0.58,0.52,"2025-09-30",13,"N20","nominal","2.0NRT",294.43,2.32,"N"
"4199",28.92439,31.0792,303.7,0.57,0.52,"2025-09-30",13,"N20","nominal","2.0NRT",292.99,1.55,"N"
"4200",28.85008,30.85155,303.49,0.56,0.51,"2025-09-30",13,"N20","nominal","2.0NRT",291.34,1.01,"N"
"4201",28.07301,28.64653,310.98,0.43,0.46,"2025-09-30",13,"N20","nominal","2.0NRT",292.13,0.9,"N"
"4202",27.17227,31.01253,307.35,0.62,0.54,"2025-09-30",13,"N20","nominal","2.0NRT",295.24,2.59,"N"
"4203",26.65767,31.31927,308.97,0.33,0.55,"2025-09-30",13,"N20","nominal","2.0NRT",294.89,0.68,"N"
"4204",26.25405,32.96991,313.41,0.43,0.62,"2025-09-30",13,"N20","nominal","2.0NRT",296.52,1.12,"N"
"4205",14.76928,30.02519,301.08,0.48,0.65,"2025-09-30",18,"N20","nominal","2.0NRT",284.42,1.03,"N"
"4206",14.76342,30.02389,302.9,0.48,0.65,"2025-09-30",18,"N20","nominal","2.0NRT",284.21,1.31,"N"
"4207",14.76875,29.97002,303.9,0.48,0.65,"2025-09-30",18,"N20","nominal","2.0NRT",285.39,0.84,"N"
"4208",14.75663,30.02701,302.76,0.48,0.65,"2025-09-30",18,"N20","nominal","2.0NRT",284.61,1.15,"N"
"4209",14.75077,30.02574,307.27,0.48,0.65,"2025-09-30",18,"N20","nominal","2.0NRT",284.07,0.77,"N"
"4210",14.75801,29.9631,306.09,0.48,0.65,"2025-09-30",18,"N20","nominal","2.0NRT",286.08,1.71,"N"
"4211",14.77174,30.02308,302.49,0.48,0.65,"2025-09-30",18,"N20","nominal","2.0NRT",284.01,0.78,"N"
"4212",14.76996,29.97213,304.19,0.48,0.65,"2025-09-30",18,"N20","nominal","2.0NRT",285.77,0.63,"N"
"4213",14.75913,30.02489,309.88,0.48,0.65,"2025-09-30",18,"N20","nominal","2.0NRT",284.07,1.26,"N"
"4214",14.75237,30.028,301.71,0.48,0.65,"2025-09-30",18,"N20","nominal","2.0NRT",284.17,0.94,"N"
"4215",14.75425,29.9595,303.75,0.48,0.65,"2025-09-30",18,"N20","nominal","2.0NRT",285.13,1.37,"N"
"4216",14.75335,29.96387,309.83,0.48,0.65,"2025-09-30",18,"N20","nominal","2.0NRT",286.06,2.14,"N"
"4217",14.74065,30.02542,303.14,0.48,0.65,"2025-09-30",18,"N20","nominal","2.0NRT",283,0.86,"N"
"4218",14.72674,30.0039,299.76,0.48,0.65,"2025-09-30",18,"N20","nominal","2.0NRT",281.56,0.59,"N"
"4219",14.72582,30.0083,300.89,0.48,0.65,"2025-09-30",18,"N20","nominal","2.0NRT",280.89,0.59,"N"
"4220",14.72089,30.00261,299.7,0.48,0.65,"2025-09-30",18,"N20","nominal","2.0NRT",280.5,0.33,"N"
"4221",14.6938,30.01498,303.74,0.48,0.65,"2025-09-30",18,"N20","nominal","2.0NRT",282.78,1.33,"N"
"4222",15.02762,27.69285,313.04,0.33,0.56,"2025-09-30",18,"N20","nominal","2.0NRT",285.44,0.51,"N"
"4223",15.0232,27.68877,305.56,0.33,0.56,"2025-09-30",18,"N20","nominal","2.0NRT",284.69,0.51,"N"
"4224",15.02258,27.69181,305.81,0.33,0.56,"2025-09-30",18,"N20","nominal","2.0NRT",285.07,0.51,"N"
"4225",15.01816,27.68773,338.75,0.33,0.56,"2025-09-30",18,"N20","nominal","2.0NRT",286.3,1.98,"N"
"4226",15.01878,27.68469,303.4,0.33,0.56,"2025-09-30",18,"N20","nominal","2.0NRT",283.8,1.42,"N"
"4227",15.01374,27.68365,314.47,0.33,0.56,"2025-09-30",18,"N20","nominal","2.0NRT",283.78,1.42,"N"
"4228",15.01313,27.68667,312.26,0.33,0.56,"2025-09-30",18,"N20","nominal","2.0NRT",284.71,1.98,"N"
"4229",15.01003,27.70202,296.4,0.33,0.56,"2025-09-30",18,"N20","nominal","2.0NRT",280.33,0.28,"N"
"4230",15.00941,27.70508,296.69,0.34,0.56,"2025-09-30",18,"N20","nominal","2.0NRT",279.38,0.23,"N"
"4231",15.02417,27.6913,318.71,0.33,0.56,"2025-09-30",18,"N20","nominal","2.0NRT",284.63,1.45,"N"
"4232",15.01972,27.6872,336.41,0.33,0.56,"2025-09-30",18,"N20","nominal","2.0NRT",284.75,1.45,"N"
"4233",15.01913,27.69025,301.66,0.33,0.56,"2025-09-30",18,"N20","nominal","2.0NRT",284.33,1.45,"N"
"4234",15.01469,27.68613,330.38,0.33,0.56,"2025-09-30",18,"N20","nominal","2.0NRT",285.44,2.09,"N"
"4235",15.01111,27.70458,297.03,0.34,0.56,"2025-09-30",18,"N20","nominal","2.0NRT",279.42,0.32,"N"
"4236",15.00965,27.6851,331.78,0.33,0.56,"2025-09-30",18,"N20","nominal","2.0NRT",286.64,2.09,"N"
"4237",15.01024,27.68206,301.51,0.33,0.56,"2025-09-30",18,"N20","nominal","2.0NRT",285.39,2.2,"N"
"4238",15.00461,27.68407,323.06,0.33,0.56,"2025-09-30",18,"N20","nominal","2.0NRT",287.11,1.87,"N"
"4239",15.00163,27.69938,300.55,0.34,0.56,"2025-09-30",18,"N20","nominal","2.0NRT",283.07,0.86,"N"
"4240",15.00043,27.70555,302.4,0.34,0.56,"2025-09-30",18,"N20","nominal","2.0NRT",280.02,0.94,"N"
"4241",14.99983,27.70862,308.93,0.34,0.56,"2025-09-30",18,"N20","nominal","2.0NRT",280.26,0.48,"N"
"4242",14.99958,27.68304,332,0.33,0.56,"2025-09-30",18,"N20","nominal","2.0NRT",288.65,1.87,"N"
"4243",14.99453,27.68203,320.96,0.33,0.56,"2025-09-30",18,"N20","nominal","2.0NRT",289.05,1.26,"N"
"4244",14.99394,27.68506,306.6,0.33,0.56,"2025-09-30",18,"N20","nominal","2.0NRT",289.51,1.26,"N"
"4245",14.98831,27.68709,324.01,0.33,0.56,"2025-09-30",18,"N20","nominal","2.0NRT",289.56,1.94,"N"
"4246",14.9889,27.68405,312.98,0.33,0.56,"2025-09-30",18,"N20","nominal","2.0NRT",288.78,1.26,"N"
"4247",14.98771,27.69013,311.01,0.33,0.56,"2025-09-30",18,"N20","nominal","2.0NRT",288.92,1.94,"N"
"4248",14.98386,27.68302,309.01,0.33,0.56,"2025-09-30",18,"N20","nominal","2.0NRT",288.31,1.17,"N"
"4249",14.98326,27.68605,304.92,0.33,0.56,"2025-09-30",18,"N20","nominal","2.0NRT",288.81,1.16,"N"
"4250",14.45154,29.9899,301.77,0.49,0.65,"2025-09-30",18,"N20","nominal","2.0NRT",278.42,1.73,"N"
"4251",14.45337,29.99121,301.31,0.49,0.65,"2025-09-30",18,"N20","nominal","2.0NRT",278.61,1.2,"N"
"4252",14.4493,29.98108,302.14,0.49,0.65,"2025-09-30",18,"N20","nominal","2.0NRT",277.98,1.08,"N"
"4253",53.19079,51.01218,295.22,0.5,0.66,"2025-09-30",5,"N20","nominal","2.0NRT",265.15,0.53,"N"
"4254",53.19024,50.99376,296.27,0.5,0.66,"2025-09-30",5,"N20","nominal","2.0NRT",265.09,0.95,"N"
"4255",59.15087,37.85177,308.12,0.66,0.73,"2025-09-30",143,"N20","nominal","2.0NRT",272.53,2.16,"N"
"4256",53.18794,51.00023,295.16,0.5,0.66,"2025-09-30",5,"N20","nominal","2.0NRT",266.88,1.12,"N"
"4257",59.14981,37.8345,299.71,0.66,0.73,"2025-09-30",143,"N20","nominal","2.0NRT",274.42,2.16,"N"
"4258",51.84871,53.80553,304.57,0.71,0.75,"2025-09-30",5,"N20","nominal","2.0NRT",267.15,1.73,"N"
"4259",59.15181,37.85742,297.26,0.66,0.73,"2025-09-30",143,"N20","nominal","2.0NRT",271.23,1.4,"N"
"4260",51.84713,53.80827,314.34,0.71,0.75,"2025-09-30",5,"N20","nominal","2.0NRT",268.96,2.22,"N"
"4261",59.1478,37.86605,304.49,0.66,0.73,"2025-09-30",143,"N20","nominal","2.0NRT",273.88,1.4,"N"
"4262",51.81731,52.55163,299.33,0.65,0.73,"2025-09-30",5,"N20","nominal","2.0NRT",268.79,0.96,"N"
"4263",59.14676,37.84865,303.4,0.66,0.73,"2025-09-30",143,"N20","nominal","2.0NRT",274.2,1.4,"N"
"4264",51.60648,52.9269,367,0.68,0.74,"2025-09-30",5,"N20","high","2.0NRT",268.72,12.18,"N"
"4265",59.13948,37.80535,296.44,0.66,0.73,"2025-09-30",143,"N20","nominal","2.0NRT",268.16,3.98,"N"
"4266",51.59485,52.91522,367,0.68,0.74,"2025-09-30",5,"N20","high","2.0NRT",272.36,13.27,"N"
"4267",59.13447,37.79646,337.5,0.66,0.73,"2025-09-30",143,"N20","nominal","2.0NRT",270.68,3.98,"N"
"4268",55.98268,38.10353,305.99,0.45,0.39,"2025-09-30",5,"N20","nominal","2.0NRT",270.27,1.13,"N"
"4269",59.13846,37.7879,305.52,0.66,0.73,"2025-09-30",143,"N20","nominal","2.0NRT",267.3,5.24,"N"
"4270",51.58897,52.90956,317.94,0.68,0.74,"2025-09-30",5,"N20","nominal","2.0NRT",267.6,3.69,"N"
"4271",59.38571,28.45644,307.05,0.35,0.57,"2025-09-30",145,"N20","nominal","2.0NRT",273.42,1.51,"N"
"4272",51.6236,52.78108,317.7,0.67,0.74,"2025-09-30",5,"N20","nominal","2.0NRT",267.2,2.21,"N"
"4273",51.62036,52.78931,303.23,0.67,0.74,"2025-09-30",5,"N20","nominal","2.0NRT",267.16,2.21,"N"
"4274",51.60369,52.9255,367,0.68,0.74,"2025-09-30",5,"N20","high","2.0NRT",269.77,11.17,"N"
"4275",51.59204,52.91387,355.74,0.68,0.74,"2025-09-30",5,"N20","nominal","2.0NRT",273.88,20.74,"N"
"4276",51.62046,52.77887,317.29,0.67,0.74,"2025-09-30",5,"N20","nominal","2.0NRT",268.7,3.12,"N"
"4277",51.61723,52.78717,304.21,0.67,0.74,"2025-09-30",5,"N20","nominal","2.0NRT",267.73,2.87,"N"
"4278",52.15953,50.96019,300.33,0.55,0.68,"2025-09-30",5,"N20","nominal","2.0NRT",267.85,0.83,"N"
"4279",52.01698,51.14631,302.96,0.56,0.69,"2025-09-30",5,"N20","nominal","2.0NRT",268.85,1.26,"N"
"4280",52.01927,51.14834,304.43,0.57,0.69,"2025-09-30",5,"N20","nominal","2.0NRT",268.95,1.02,"N"
"4281",51.90046,51.3695,298.05,0.58,0.7,"2025-09-30",5,"N20","nominal","2.0NRT",268.88,0.86,"N"
"4282",55.75225,36.772,298.43,0.43,0.38,"2025-09-30",5,"N20","nominal","2.0NRT",272.7,0.44,"N"
"4283",55.06208,38.83265,300.68,0.49,0.41,"2025-09-30",5,"N20","nominal","2.0NRT",274.89,0.84,"N"
"4284",54.21509,38.92781,301.04,0.52,0.41,"2025-09-30",5,"N20","nominal","2.0NRT",275.4,1.32,"N"
"4285",54.16748,37.71331,301.17,0.48,0.4,"2025-09-30",5,"N20","nominal","2.0NRT",275.19,1.51,"N"
"4286",54.14214,37.72113,320.44,0.48,0.4,"2025-09-30",5,"N20","nominal","2.0NRT",274.08,1.7,"N"
"4287",52.56464,39.6979,319.47,0.4,0.44,"2025-09-30",5,"N20","nominal","2.0NRT",276.85,1.86,"N"
"4288",52.56029,39.62424,303.07,0.4,0.44,"2025-09-30",5,"N20","nominal","2.0NRT",276.46,4.99,"N"
"4289",52.55781,39.61621,340.07,0.4,0.44,"2025-09-30",5,"N20","nominal","2.0NRT",283.23,4.99,"N"
"4290",52.55915,39.61066,297.48,0.4,0.44,"2025-09-30",5,"N20","nominal","2.0NRT",274.65,2.94,"N"
"4291",52.55934,39.59158,317.82,0.4,0.44,"2025-09-30",5,"N20","nominal","2.0NRT",279.33,1.54,"N"
"4292",52.55533,39.60819,312.22,0.4,0.44,"2025-09-30",5,"N20","nominal","2.0NRT",276.64,1.89,"N"
"4293",52.55399,39.61375,318.9,0.4,0.44,"2025-09-30",5,"N20","nominal","2.0NRT",276.43,1.32,"N"
"4294",52.54726,39.64154,309.73,0.4,0.44,"2025-09-30",5,"N20","nominal","2.0NRT",276.38,2.43,"N"
"4295",52.5595,39.57266,341.09,0.4,0.44,"2025-09-30",5,"N20","nominal","2.0NRT",286.09,8.17,"N"
"4296",52.55818,39.57812,312.25,0.4,0.44,"2025-09-30",5,"N20","nominal","2.0NRT",275.05,3.25,"N"
"4297",52.5542,39.59462,296.72,0.4,0.44,"2025-09-30",5,"N20","nominal","2.0NRT",277.84,1.54,"N"
"4298",52.54882,39.61685,301.98,0.4,0.44,"2025-09-30",5,"N20","nominal","2.0NRT",274.55,1.32,"N"
"4299",52.54365,39.61994,309.35,0.4,0.44,"2025-09-30",5,"N20","nominal","2.0NRT",275.34,1.76,"N"
"4300",68.52859,79.9557,332.59,0.42,0.61,"2025-09-30",1,"N20","nominal","2.0NRT",270.72,10.32,"N"
"4301",52.53579,39.6341,335.59,0.4,0.44,"2025-09-30",5,"N20","nominal","2.0NRT",277.74,2.8,"N"
"4302",68.52528,79.96119,351.53,0.42,0.61,"2025-09-30",1,"N20","nominal","2.0NRT",277.95,14.75,"N"
"4303",52.54117,39.61195,312.99,0.4,0.44,"2025-09-30",5,"N20","nominal","2.0NRT",277.26,2.25,"N"
"4304",52.53714,39.62856,314.89,0.4,0.44,"2025-09-30",5,"N20","nominal","2.0NRT",276.09,2.8,"N"
"4305",68.52242,79.94773,298.7,0.42,0.61,"2025-09-30",1,"N20","nominal","2.0NRT",269.79,0.76,"N"
"4306",52.53197,39.63161,335,0.4,0.44,"2025-09-30",5,"N20","nominal","2.0NRT",276.97,2.52,"N"
"4307",67.88506,76.09049,305.38,0.41,0.6,"2025-09-30",1,"N20","nominal","2.0NRT",264.24,1.28,"N"
"4308",52.53332,39.62606,303.4,0.4,0.44,"2025-09-30",5,"N20","nominal","2.0NRT",273.87,2.52,"N"
"4309",67.63328,37.17947,297.12,0.41,0.37,"2025-09-30",3,"N20","nominal","2.0NRT",274.23,0.12,"N"
"4310",52.53063,39.63715,308.4,0.4,0.44,"2025-09-30",5,"N20","nominal","2.0NRT",276.51,1.84,"N"
"4311",52.52816,39.6291,300.66,0.4,0.44,"2025-09-30",5,"N20","nominal","2.0NRT",275.1,2.52,"N"
"4312",53.44413,34.41614,316.23,0.41,0.37,"2025-09-30",5,"N20","nominal","2.0NRT",278.62,1.95,"N"
"4313",50.91164,44.53474,295.8,0.35,0.56,"2025-09-30",7,"N20","nominal","2.0NRT",269.1,0.77,"N"
"4314",55.07612,58.97784,295.22,0.77,0.77,"2025-09-30",5,"N20","nominal","2.0NRT",266.41,0.99,"N"
"4315",50.74325,40.64912,352.33,0.49,0.49,"2025-09-30",7,"N20","nominal","2.0NRT",278.2,7.38,"N"
"4316",58.29224,47.53672,305.38,0.5,0.49,"2025-09-30",5,"N20","nominal","2.0NRT",267.35,1.38,"N"
"4317",50.74159,40.65555,326.32,0.49,0.49,"2025-09-30",7,"N20","nominal","2.0NRT",275.37,7.38,"N"
"4318",57.91604,48.41824,315.07,0.55,0.51,"2025-09-30",5,"N20","nominal","2.0NRT",269.81,3.17,"N"
"4319",50.7449,40.64272,302.48,0.49,0.49,"2025-09-30",7,"N20","nominal","2.0NRT",273.45,3.51,"N"
"4320",58.0938,46.49895,306.49,0.47,0.48,"2025-09-30",5,"N20","nominal","2.0NRT",266.48,0.08,"N"
"4321",50.7407,40.64018,296.86,0.49,0.49,"2025-09-30",7,"N20","nominal","2.0NRT",273.35,1.06,"N"
"4322",50.73904,40.64661,307.5,0.49,0.49,"2025-09-30",7,"N20","nominal","2.0NRT",273.64,1.78,"N"
"4323",55.61061,51.9324,295.53,0.44,0.62,"2025-09-30",7,"N20","nominal","2.0NRT",270.92,0.82,"N"
"4324",51.13857,37.92991,322.15,0.57,0.43,"2025-09-30",7,"N20","nominal","2.0NRT",252.86,2.92,"N"
"4325",55.58592,51.96361,295.42,0.44,0.62,"2025-09-30",7,"N20","nominal","2.0NRT",269.65,0.65,"N"
"4326",49.64943,41.56703,298.06,0.58,0.52,"2025-09-30",7,"N20","nominal","2.0NRT",276.08,1.14,"N"
"4327",55.60202,51.89911,308.2,0.44,0.62,"2025-09-30",7,"N20","nominal","2.0NRT",269.95,1.37,"N"
"4328",49.64466,39.41759,304.48,0.47,0.48,"2025-09-30",7,"N20","nominal","2.0NRT",273.14,2.2,"N"
"4329",55.58529,51.94622,299.85,0.44,0.62,"2025-09-30",7,"N20","nominal","2.0NRT",271.28,0.63,"N"
"4330",48.81783,40.83944,320.85,0.57,0.52,"2025-09-30",7,"N20","nominal","2.0NRT",278.61,2.77,"N"
"4331",55.58885,51.96763,300.53,0.44,0.62,"2025-09-30",7,"N20","nominal","2.0NRT",269.47,1.45,"N"
"4332",55.60474,51.90269,311.65,0.44,0.62,"2025-09-30",7,"N20","nominal","2.0NRT",269.88,1.24,"N"
"4333",55.5882,51.95007,299.15,0.44,0.62,"2025-09-30",7,"N20","nominal","2.0NRT",272.81,0.96,"N"
"4334",59.14946,37.88278,324.14,0.4,0.37,"2025-09-30",7,"N20","nominal","2.0NRT",275.2,2.65,"N"
"4335",59.14877,37.86701,332.56,0.4,0.37,"2025-09-30",7,"N20","nominal","2.0NRT",278.86,3.57,"N"
"4336",59.15059,37.83785,312.31,0.4,0.37,"2025-09-30",7,"N20","nominal","2.0NRT",277.95,1.46,"N"
"4337",48.9673,37.15026,300.48,0.4,0.44,"2025-09-30",7,"N20","nominal","2.0NRT",271.75,0.7,"N"
"4338",59.14807,37.85129,312.93,0.4,0.37,"2025-09-30",7,"N20","nominal","2.0NRT",277.08,1.42,"N"
"4339",48.96611,37.15541,295.09,0.4,0.44,"2025-09-30",7,"N20","nominal","2.0NRT",273.22,1.21,"N"
"4340",59.14738,37.83556,305.67,0.4,0.37,"2025-09-30",7,"N20","nominal","2.0NRT",274.62,1.46,"N"
"4341",48.49748,38.80571,318.37,0.48,0.48,"2025-09-30",7,"N20","nominal","2.0NRT",267.69,1.14,"N"
"4342",59.14486,37.849,300.24,0.4,0.37,"2025-09-30",7,"N20","nominal","2.0NRT",276.67,1.42,"N"
"4343",48.49597,38.81165,296.34,0.48,0.48,"2025-09-30",7,"N20","nominal","2.0NRT",272.45,1.54,"N"
"4344",59.14359,37.85572,298.34,0.4,0.37,"2025-09-30",7,"N20","nominal","2.0NRT",272.71,1.49,"N"
"4345",48.72673,37.86464,295.56,0.43,0.46,"2025-09-30",7,"N20","nominal","2.0NRT",268.45,0.45,"N"
"4346",59.13311,37.79504,328.75,0.4,0.37,"2025-09-30",7,"N20","nominal","2.0NRT",282.52,29.83,"N"
"4347",48.46629,38.75798,304.93,0.48,0.48,"2025-09-30",7,"N20","nominal","2.0NRT",280.48,1.98,"N"
"4348",59.12806,37.82191,297.77,0.4,0.37,"2025-09-30",7,"N20","nominal","2.0NRT",276.35,0.8,"N"
"4349",59.12989,37.79277,327.51,0.4,0.37,"2025-09-30",7,"N20","nominal","2.0NRT",273.86,3.77,"N"
"4350",59.53189,34.14366,299.16,0.38,0.36,"2025-09-30",7,"N20","nominal","2.0NRT",273.57,0.66,"N"
"4351",59.52869,34.14174,309.17,0.38,0.36,"2025-09-30",7,"N20","nominal","2.0NRT",273.81,1.76,"N"
"4352",45.34567,28.69501,295.92,0.39,0.36,"2025-09-30",9,"N20","nominal","2.0NRT",273.43,1.07,"N"
"4353",59.5214,34.16623,305.31,0.38,0.36,"2025-09-30",7,"N20","nominal","2.0NRT",277.82,1.09,"N"
"4354",59.38427,28.45646,316.73,0.46,0.39,"2025-09-30",7,"N20","nominal","2.0NRT",275.56,1.61,"N"
"4355",57.55276,39.75415,295.45,0.46,0.39,"2025-09-30",7,"N20","nominal","2.0NRT",272.45,0.92,"N"
"4356",57.55153,39.75587,296.22,0.46,0.39,"2025-09-30",7,"N20","nominal","2.0NRT",273.53,0.86,"N"
"4357",59.06359,28.13575,300.29,0.47,0.39,"2025-09-30",7,"N20","nominal","2.0NRT",275.75,0.99,"N"
"4358",59.06362,28.13699,296.76,0.47,0.39,"2025-09-30",7,"N20","nominal","2.0NRT",274.53,0.92,"N"
"4359",58.60796,29.89132,312.05,0.42,0.38,"2025-09-30",7,"N20","nominal","2.0NRT",271.2,1.17,"N"
"4360",41.79666,26.70071,301.03,0.38,0.36,"2025-09-30",9,"N20","nominal","2.0NRT",281.4,1,"N"
"4361",53.0414,52.41057,320.57,0.57,0.69,"2025-09-30",7,"N20","nominal","2.0NRT",268.17,1.85,"N"
"4362",41.63044,27.68672,301.98,0.39,0.36,"2025-09-30",9,"N20","nominal","2.0NRT",282.12,0.83,"N"
"4363",53.04405,52.40361,297.42,0.57,0.69,"2025-09-30",7,"N20","nominal","2.0NRT",263.36,1.85,"N"
"4364",38.66417,39.23281,303.57,0.47,0.64,"2025-09-30",9,"N20","nominal","2.0NRT",284.88,1.16,"N"
"4365",53.03838,52.40825,320.65,0.57,0.69,"2025-09-30",7,"N20","nominal","2.0NRT",266.71,3.57,"N"
"4366",41.02149,28.55688,316.58,0.41,0.37,"2025-09-30",9,"N20","nominal","2.0NRT",286.65,1.85,"N"
"4367",52.40184,53.71827,310.04,0.67,0.74,"2025-09-30",7,"N20","nominal","2.0NRT",267.15,1.71,"N"
"4368",38.18674,40.29486,297.58,0.55,0.68,"2025-09-30",9,"N20","nominal","2.0NRT",283.17,1.42,"N"
"4369",38.17957,40.3012,296.54,0.55,0.68,"2025-09-30",9,"N20","nominal","2.0NRT",282.5,0.64,"N"
"4370",51.87691,54.76303,297.44,0.77,0.77,"2025-09-30",7,"N20","nominal","2.0NRT",270.86,1.93,"N"
"4371",41.28258,26.45309,295.22,0.38,0.36,"2025-09-30",9,"N20","nominal","2.0NRT",282.87,0.61,"N"
"4372",51.87489,54.74711,310.53,0.77,0.77,"2025-09-30",7,"N20","nominal","2.0NRT",269.42,3.36,"N"
"4373",41.01707,27.96046,312.79,0.4,0.37,"2025-09-30",9,"N20","nominal","2.0NRT",284.45,1.03,"N"
"4374",51.87109,54.75621,296.64,0.77,0.77,"2025-09-30",7,"N20","nominal","2.0NRT",271.38,1.93,"N"
"4375",51.87582,54.75107,295.35,0.77,0.77,"2025-09-30",7,"N20","nominal","2.0NRT",269.81,1.11,"N"
"4376",38.03886,40.21186,305.72,0.55,0.68,"2025-09-30",9,"N20","nominal","2.0NRT",282.93,1.74,"N"
"4377",51.87202,54.76029,297.33,0.77,0.77,"2025-09-30",7,"N20","nominal","2.0NRT",273.33,1.11,"N"
"4378",38.45668,38.72583,299.56,0.45,0.63,"2025-09-30",9,"N20","nominal","2.0NRT",288.08,0.86,"N"
"4379",37.08263,42.55476,311.43,0.77,0.77,"2025-09-30",9,"N20","nominal","2.0NRT",288.41,2.67,"N"
"4380",51.86972,54.74495,303.45,0.77,0.77,"2025-09-30",7,"N20","nominal","2.0NRT",267.66,1.11,"N"
"4381",37.07948,42.56432,300.31,0.77,0.77,"2025-09-30",9,"N20","nominal","2.0NRT",287.62,1.78,"N"
"4382",37.07689,42.55487,313.57,0.77,0.77,"2025-09-30",9,"N20","nominal","2.0NRT",287.08,3.25,"N"
"4383",36.96487,42.07974,310.85,0.73,0.76,"2025-09-30",9,"N20","nominal","2.0NRT",284.58,1.58,"N"
"4384",36.95028,42.12513,306.01,0.74,0.76,"2025-09-30",9,"N20","nominal","2.0NRT",285.39,2.89,"N"
"4385",36.94778,42.13291,306.55,0.74,0.76,"2025-09-30",9,"N20","nominal","2.0NRT",286.7,3.75,"N"
"4386",36.93713,42.1188,298.05,0.74,0.76,"2025-09-30",9,"N20","nominal","2.0NRT",284.89,1.22,"N"
"4387",36.93465,42.12649,306.27,0.74,0.76,"2025-09-30",9,"N20","nominal","2.0NRT",285.67,2.24,"N"
"4388",36.93726,42.12044,298.15,0.74,0.76,"2025-09-30",9,"N20","nominal","2.0NRT",284.55,1.73,"N"
"4389",36.93481,42.12814,309.77,0.74,0.76,"2025-09-30",9,"N20","nominal","2.0NRT",285.08,1.73,"N"
"4390",36.91915,41.89223,295.62,0.72,0.76,"2025-09-30",9,"N20","nominal","2.0NRT",283.37,0.69,"N"
"4391",37.69486,39.259,298.18,0.5,0.66,"2025-09-30",9,"N20","nominal","2.0NRT",283.66,0.81,"N"
"4392",37.26571,40.29775,301.5,0.58,0.7,"2025-09-30",9,"N20","nominal","2.0NRT",287.81,1.99,"N"
"4393",37.26168,40.3026,301.44,0.58,0.7,"2025-09-30",9,"N20","nominal","2.0NRT",288.87,1.43,"N"
"4394",39.86675,26.24428,331.93,0.39,0.36,"2025-09-30",9,"N20","nominal","2.0NRT",288.13,3.01,"N"
"4395",38.01948,34.94647,309.51,0.59,0.53,"2025-09-30",9,"N20","nominal","2.0NRT",281.67,2.95,"N"
"4396",36.14576,40.81848,320.92,0.67,0.73,"2025-09-30",9,"N20","nominal","2.0NRT",287.35,2.38,"N"
"4397",38.75172,26.93586,309.55,0.4,0.37,"2025-09-30",11,"N20","nominal","2.0NRT",286.8,1.09,"N"
"4398",38.74277,26.94749,298.2,0.4,0.37,"2025-09-30",11,"N20","nominal","2.0NRT",286.92,0.72,"N"
"4399",38.742,26.95201,308.14,0.4,0.37,"2025-09-30",11,"N20","nominal","2.0NRT",287.27,0.9,"N"
"4400",38.73946,26.94657,317.99,0.4,0.37,"2025-09-30",11,"N20","nominal","2.0NRT",288.68,2.8,"N"
"4401",38.73848,26.93217,302.7,0.4,0.37,"2025-09-30",11,"N20","nominal","2.0NRT",287.7,0.77,"N"
"4402",38.42631,27.21594,312.23,0.4,0.37,"2025-09-30",11,"N20","nominal","2.0NRT",287.79,1.26,"N"
"4403",37.77154,27.43686,299.62,0.41,0.37,"2025-09-30",11,"N20","nominal","2.0NRT",287.91,0.59,"N"
"4404",34.91466,37.9412,298.12,0.51,0.66,"2025-09-30",11,"N20","nominal","2.0NRT",284.32,0.56,"N"
"4405",34.91751,37.94508,301.23,0.51,0.66,"2025-09-30",11,"N20","nominal","2.0NRT",284.22,0.66,"N"
"4406",34.60951,37.89904,335.58,0.51,0.66,"2025-09-30",11,"N20","nominal","2.0NRT",287.09,3.06,"N"
"4407",14.38077,26.19524,308.38,0.55,0.51,"2025-09-30",18,"N20","nominal","2.0NRT",280.98,1.84,"N"
"4408",14.3752,26.19933,308.62,0.55,0.51,"2025-09-30",18,"N20","nominal","2.0NRT",281.31,1.84,"N"
"4409",14.37058,26.19842,308.86,0.55,0.51,"2025-09-30",18,"N20","nominal","2.0NRT",281.59,1.37,"N"
"4410",14.36595,26.19753,308.59,0.55,0.51,"2025-09-30",18,"N20","nominal","2.0NRT",281.23,1.37,"N"
"4411",14.36133,26.19664,315.69,0.55,0.51,"2025-09-30",18,"N20","nominal","2.0NRT",280.84,2.87,"N"
"4412",13.75945,28.81457,303.42,0.42,0.61,"2025-09-30",18,"N20","nominal","2.0NRT",273.9,0.9,"N"
"4413",14.20684,26.14171,297.34,0.55,0.51,"2025-09-30",18,"N20","nominal","2.0NRT",277.42,0.69,"N"
"4414",14.20591,26.14673,308.1,0.55,0.51,"2025-09-30",18,"N20","nominal","2.0NRT",277.88,1.22,"N"
"4415",14.20129,26.14581,311.83,0.55,0.51,"2025-09-30",18,"N20","nominal","2.0NRT",279.11,1.74,"N"
"4416",14.19573,26.14989,310.99,0.55,0.51,"2025-09-30",18,"N20","nominal","2.0NRT",279.43,1.74,"N"
"4417",14.19111,26.14896,335.92,0.55,0.51,"2025-09-30",18,"N20","nominal","2.0NRT",280.94,3.5,"N"
"4418",14.18649,26.14804,324.3,0.55,0.51,"2025-09-30",18,"N20","nominal","2.0NRT",279.79,3.5,"N"
"4419",13.78185,27.39331,303.86,0.34,0.56,"2025-09-30",18,"N20","nominal","2.0NRT",269.19,0.44,"N"
"4420",13.78125,27.39636,296.69,0.34,0.56,"2025-09-30",18,"N20","nominal","2.0NRT",270.17,0.34,"N"
"4421",13.76178,27.49464,298.69,0.34,0.56,"2025-09-30",18,"N20","nominal","2.0NRT",267.76,0.65,"N"
"4422",13.69869,26.324,307.3,0.57,0.52,"2025-09-30",18,"N20","nominal","2.0NRT",282.05,1.27,"N"
"4423",13.67997,26.3965,312.11,0.58,0.52,"2025-09-30",18,"N20","nominal","2.0NRT",277.78,1.85,"N"
"4424",13.67896,26.40179,312.94,0.58,0.52,"2025-09-30",18,"N20","nominal","2.0NRT",278.26,1.85,"N"
"4425",13.67422,26.40082,300.12,0.58,0.52,"2025-09-30",18,"N20","nominal","2.0NRT",278.07,1.85,"N"
"4426",13.6983,26.13424,300,0.56,0.51,"2025-09-30",18,"N20","nominal","2.0NRT",281.32,0.97,"N"
"4427",13.64622,26.1028,302.14,0.55,0.51,"2025-09-30",18,"N20","nominal","2.0NRT",284.74,0.91,"N"
"4428",13.64157,26.1019,309.87,0.55,0.51,"2025-09-30",18,"N20","nominal","2.0NRT",285.32,0.91,"N"
"4429",13.63428,26.06391,307,0.55,0.51,"2025-09-30",18,"N20","nominal","2.0NRT",284.89,1.58,"N"
"4430",13.63334,26.06889,312.61,0.55,0.51,"2025-09-30",18,"N20","nominal","2.0NRT",285.6,1.26,"N"
"4431",13.63239,26.0739,305.39,0.55,0.51,"2025-09-30",18,"N20","nominal","2.0NRT",285.19,1.26,"N"
"4432",13.62774,26.07301,303.39,0.55,0.51,"2025-09-30",18,"N20","nominal","2.0NRT",285.19,1.26,"N"
"4433",13.61304,26.0239,309.1,0.55,0.51,"2025-09-30",18,"N20","nominal","2.0NRT",283.02,1.9,"N"
"4434",13.60745,26.02798,312.16,0.55,0.51,"2025-09-30",18,"N20","nominal","2.0NRT",283.5,1.9,"N"
"4435",13.60962,26.02642,312.73,0.55,0.51,"2025-09-30",18,"N20","nominal","2.0NRT",283.18,1.19,"N"
"4436",13.60498,26.02553,300.57,0.55,0.51,"2025-09-30",18,"N20","nominal","2.0NRT",281.9,1.19,"N"
"4437",13.35527,26.95536,325.58,0.32,0.55,"2025-09-30",18,"N20","nominal","2.0NRT",272.63,1.09,"N"
"4438",13.50492,26.17318,300.86,0.56,0.52,"2025-09-30",18,"N20","nominal","2.0NRT",282.96,0.51,"N"
"4439",13.35583,26.95243,296.82,0.32,0.55,"2025-09-30",18,"N20","nominal","2.0NRT",270.95,1.09,"N"
"4440",13.46321,26.15193,299.67,0.56,0.52,"2025-09-30",18,"N20","nominal","2.0NRT",283.67,0.85,"N"
"4441",13.45852,26.15104,300.4,0.56,0.52,"2025-09-30",18,"N20","nominal","2.0NRT",284.28,0.71,"N"
"4442",34.87782,137.1382,325.51,0.39,0.59,"2025-09-30",306,"N20","nominal","2.0NRT",292.45,2.25,"D"
"4443",35.94229,140.67715,340.3,0.48,0.48,"2025-09-30",306,"N20","nominal","2.0NRT",299.06,4.89,"D"
"4444",40.53325,141.50475,330.14,0.52,0.42,"2025-09-30",306,"N20","nominal","2.0NRT",298.95,2.71,"D"
"4445",40.53698,141.50345,332.47,0.52,0.42,"2025-09-30",306,"N20","nominal","2.0NRT",298.86,2.71,"D"
"4446",42.65722,141.67697,335.14,0.48,0.4,"2025-09-30",308,"N20","nominal","2.0NRT",298.6,1.53,"D"
"4447",46.62735,142.90964,326.69,0.4,0.37,"2025-09-30",308,"N20","nominal","2.0NRT",294.98,2.7,"D"
"4448",46.78703,133.95645,328.63,0.54,0.51,"2025-09-30",308,"N20","nominal","2.0NRT",292.42,4.32,"D"
"4449",47.19111,134.17799,326.17,0.52,0.5,"2025-09-30",308,"N20","nominal","2.0NRT",293.9,3.72,"D"
"4450",47.17096,134.01866,340.71,0.53,0.5,"2025-09-30",308,"N20","nominal","2.0NRT",295.63,8.54,"D"
"4451",47.20673,134.08084,332.09,0.52,0.5,"2025-09-30",308,"N20","nominal","2.0NRT",293.37,5.19,"D"
"4452",47.22501,133.84442,325.45,0.53,0.5,"2025-09-30",308,"N20","nominal","2.0NRT",293.9,2.36,"D"
"4453",51.41748,143.37204,331.51,0.39,0.36,"2025-09-30",310,"N20","nominal","2.0NRT",294.96,4.43,"D"
"4454",51.41666,143.36658,325.49,0.39,0.36,"2025-09-30",310,"N20","nominal","2.0NRT",294.93,4.43,"D"
"4455",51.17551,136.63477,328.07,0.5,0.41,"2025-09-30",310,"N20","nominal","2.0NRT",294.29,3.77,"D"
"4456",51.5857,135.48805,339.34,0.53,0.42,"2025-09-30",310,"N20","nominal","2.0NRT",288.98,11.13,"D"
"4457",51.58409,135.48074,332.05,0.53,0.42,"2025-09-30",310,"N20","nominal","2.0NRT",291.74,5.28,"D"
"4458",51.60264,135.52773,332.03,0.53,0.42,"2025-09-30",310,"N20","nominal","2.0NRT",294.14,3.62,"D"
"4459",51.60632,135.52571,327.3,0.53,0.42,"2025-09-30",310,"N20","nominal","2.0NRT",292.45,3.62,"D"
"4460",51.60488,135.5273,342.61,0.53,0.42,"2025-09-30",310,"N20","nominal","2.0NRT",294.4,7.87,"D"
"4461",51.69407,135.74495,331.77,0.52,0.42,"2025-09-30",310,"N20","nominal","2.0NRT",295.88,3.29,"D"
"4462",54.60966,160.3062,367,0.51,0.66,"2025-09-30",310,"N20","high","2.0NRT",290.15,21.21,"D"
"4463",50.20776,126.80536,326.38,0.43,0.62,"2025-09-30",310,"N20","nominal","2.0NRT",292.74,3.23,"D"
"4464",50.20596,126.80631,325.29,0.43,0.62,"2025-09-30",310,"N20","nominal","2.0NRT",292.76,2.4,"D"
"4465",19.33632,121.39186,326.11,0.45,0.47,"2025-09-30",442,"N20","low","2.0NRT",297.33,5.26,"D"
"4466",19.33594,121.39226,332.02,0.45,0.47,"2025-09-30",442,"N20","nominal","2.0NRT",297.18,4.8,"D"
"4467",19.36024,121.38152,328.12,0.45,0.47,"2025-09-30",442,"N20","nominal","2.0NRT",295.53,2.97,"D"
"4468",25.05362,121.0927,330.41,0.56,0.43,"2025-09-30",444,"N20","low","2.0NRT",301.45,2.29,"D"
"4469",25.10867,121.2597,329.41,0.55,0.42,"2025-09-30",444,"N20","low","2.0NRT",303.15,2.48,"D"
"4470",24.07441,111.92352,343.19,0.71,0.75,"2025-09-30",444,"N20","nominal","2.0NRT",292.48,11.2,"D"
"4471",26.28813,119.49094,328.38,0.44,0.46,"2025-09-30",444,"N20","low","2.0NRT",299.8,2.46,"D"
"4472",26.73349,119.63594,340.14,0.42,0.45,"2025-09-30",444,"N20","nominal","2.0NRT",300.76,5.32,"D"
"4473",29.99335,117.37597,332.42,0.49,0.48,"2025-09-30",444,"N20","nominal","2.0NRT",290.65,4.72,"D"
"4474",33.26128,131.65105,341.72,0.49,0.48,"2025-09-30",446,"N20","nominal","2.0NRT",303.75,10.6,"D"
"4475",35.02517,136.88672,325.87,0.51,0.66,"2025-09-30",446,"N20","nominal","2.0NRT",292.35,2.31,"D"
"4476",35.02463,136.87532,325.93,0.51,0.66,"2025-09-30",446,"N20","nominal","2.0NRT",294.26,5.53,"D"
"4477",35.02436,136.86969,346.68,0.51,0.66,"2025-09-30",446,"N20","nominal","2.0NRT",294.98,8.09,"D"
"4478",35.02473,136.87149,341.78,0.51,0.66,"2025-09-30",446,"N20","nominal","2.0NRT",294.51,7.9,"D"
"4479",34.41156,119.84452,342.49,0.46,0.39,"2025-09-30",446,"N20","nominal","2.0NRT",302.55,17.21,"D"
"4480",35.14682,119.07896,328.63,0.48,0.4,"2025-09-30",446,"N20","nominal","2.0NRT",297.08,2.69,"D"
"4481",35.19977,119.03678,329.4,0.48,0.4,"2025-09-30",446,"N20","nominal","2.0NRT",301.54,3.31,"D"
"4482",35.95724,120.15521,331.49,0.43,0.38,"2025-09-30",446,"N20","nominal","2.0NRT",297.59,1.19,"D"
"4483",37.96946,139.24927,344.97,0.72,0.75,"2025-09-30",446,"N20","nominal","2.0NRT",292.03,5.17,"D"
"4484",37.97461,139.25127,350.46,0.72,0.76,"2025-09-30",446,"N20","nominal","2.0NRT",292.88,9.18,"D"
"4485",36.2844,120.34642,328.73,0.42,0.38,"2025-09-30",446,"N20","low","2.0NRT",300.91,2.24,"D"
"4486",36.49973,120.36402,347.62,0.42,0.38,"2025-09-30",446,"N20","nominal","2.0NRT",298.32,6.38,"D"
"4487",36.71486,119.68475,336.71,0.44,0.38,"2025-09-30",446,"N20","nominal","2.0NRT",298.92,5.77,"D"
"4488",36.72612,119.72697,335.23,0.44,0.38,"2025-09-30",446,"N20","nominal","2.0NRT",301.03,6.62,"D"
"4489",35.90436,115.36329,330.01,0.47,0.48,"2025-09-30",446,"N20","nominal","2.0NRT",302.14,2.03,"D"
"4490",36.21851,115.83874,331.16,0.44,0.46,"2025-09-30",446,"N20","low","2.0NRT",303.49,3.34,"D"
"4491",36.21939,115.84129,340.89,0.44,0.46,"2025-09-30",446,"N20","nominal","2.0NRT",304.73,4.34,"D"
"4492",36.92215,118.02763,334.01,0.5,0.41,"2025-09-30",446,"N20","nominal","2.0NRT",301.94,8.03,"D"
"4493",37.31463,119.90713,330.84,0.42,0.38,"2025-09-30",446,"N20","nominal","2.0NRT",296.66,1.61,"D"
"4494",37.07066,118.51772,345.95,0.48,0.4,"2025-09-30",446,"N20","nominal","2.0NRT",301.58,4.76,"D"
"4495",37.07425,118.51665,339.41,0.48,0.4,"2025-09-30",446,"N20","nominal","2.0NRT",300.71,4.76,"D"
"4496",37.34365,119.88916,334.96,0.42,0.38,"2025-09-30",446,"N20","nominal","2.0NRT",297.64,2.73,"D"
"4497",37.55096,120.41074,337.66,0.41,0.37,"2025-09-30",446,"N20","nominal","2.0NRT",296.59,2.63,"D"
"4498",37.53703,120.30914,350.65,0.41,0.37,"2025-09-30",446,"N20","nominal","2.0NRT",298.25,4.13,"D"
"4499",37.53624,120.3045,335.51,0.41,0.37,"2025-09-30",446,"N20","nominal","2.0NRT",298.08,4.13,"D"
"4500",37.53783,120.31105,330.1,0.41,0.37,"2025-09-30",446,"N20","nominal","2.0NRT",296.23,3.99,"D"
"4501",37.53702,120.30642,354.64,0.41,0.37,"2025-09-30",446,"N20","nominal","2.0NRT",300.64,3.99,"D"
"4502",37.41467,118.84911,331.57,0.46,0.39,"2025-09-30",446,"N20","nominal","2.0NRT",303.59,5.02,"D"
"4503",36.21214,112.87969,326.47,0.63,0.54,"2025-09-30",446,"N20","nominal","2.0NRT",299.69,3.87,"D"
"4504",37.43871,117.97762,342.24,0.5,0.41,"2025-09-30",446,"N20","nominal","2.0NRT",300.82,3.94,"D"
"4505",37.44021,117.97506,338.15,0.5,0.41,"2025-09-30",446,"N20","nominal","2.0NRT",299.16,4.42,"D"
"4506",37.58552,118.52841,331.56,0.47,0.4,"2025-09-30",446,"N20","nominal","2.0NRT",300.79,3.28,"D"
"4507",36.72734,114.08846,332.9,0.53,0.5,"2025-09-30",446,"N20","low","2.0NRT",304.61,7.01,"D"
"4508",38.28584,117.82291,330.75,0.49,0.4,"2025-09-30",449,"N20","low","2.0NRT",302.91,2.98,"D"
"4509",38.96032,121.49066,338.02,0.39,0.36,"2025-09-30",449,"N20","nominal","2.0NRT",298.02,2.38,"D"
"4510",37.12643,112.049,328.21,0.33,0.55,"2025-09-30",449,"N20","nominal","2.0NRT",301.59,1.99,"D"
"4511",37.08971,111.75568,326.65,0.35,0.56,"2025-09-30",449,"N20","low","2.0NRT",297,2.53,"D"
"4512",37.24367,111.9434,326.03,0.33,0.56,"2025-09-30",449,"N20","nominal","2.0NRT",297.98,1.6,"D"
"4513",37.28015,111.91713,328.71,0.34,0.56,"2025-09-30",449,"N20","nominal","2.0NRT",298.46,1.97,"D"
"4514",39.24818,119.02719,334.87,0.43,0.38,"2025-09-30",449,"N20","nominal","2.0NRT",301.63,2.46,"D"
"4515",38.84694,116.81832,330.77,0.53,0.42,"2025-09-30",449,"N20","nominal","2.0NRT",299.85,3,"D"
"4516",39.28072,119.02773,331.76,0.43,0.38,"2025-09-30",449,"N20","nominal","2.0NRT",301.04,2.55,"D"
"4517",38.74229,116.24218,330.49,0.56,0.43,"2025-09-30",449,"N20","nominal","2.0NRT",301.43,2.95,"D"
"4518",38.7062,115.81627,339.82,0.39,0.44,"2025-09-30",449,"N20","nominal","2.0NRT",301.3,5.21,"D"
"4519",38.70528,115.81191,339.41,0.39,0.44,"2025-09-30",449,"N20","nominal","2.0NRT",306.21,7.41,"D"
"4520",38.70919,115.81055,343.98,0.39,0.44,"2025-09-30",449,"N20","nominal","2.0NRT",304.34,7.41,"D"
"4521",39.43451,118.45951,340.78,0.44,0.39,"2025-09-30",449,"N20","nominal","2.0NRT",301.98,7.11,"D"
"4522",39.45615,117.6545,332.96,0.47,0.4,"2025-09-30",449,"N20","nominal","2.0NRT",302.49,4.1,"D"
"4523",39.69435,118.88177,334.5,0.43,0.38,"2025-09-30",449,"N20","nominal","2.0NRT",299.44,3.74,"D"
"4524",39.02309,115.40148,340.2,0.4,0.44,"2025-09-30",449,"N20","nominal","2.0NRT",306.67,4.45,"D"
"4525",39.6118,117.9526,334.16,0.46,0.39,"2025-09-30",449,"N20","nominal","2.0NRT",301.92,3.02,"D"
"4526",39.39046,116.81094,332.49,0.51,0.41,"2025-09-30",449,"N20","nominal","2.0NRT",301.84,2.82,"D"
"4527",39.62435,117.95975,335.61,0.46,0.39,"2025-09-30",449,"N20","nominal","2.0NRT",301.02,4.25,"D"
"4528",39.90038,118.49702,328.25,0.44,0.38,"2025-09-30",449,"N20","nominal","2.0NRT",298.47,3.04,"D"
"4529",40.10781,118.73437,332.64,0.43,0.38,"2025-09-30",449,"N20","nominal","2.0NRT",301.16,2.64,"D"
"4530",40.17538,118.05894,333.33,0.45,0.39,"2025-09-30",449,"N20","low","2.0NRT",305.31,4.86,"D"
"4531",41.02458,122.42071,332.64,0.39,0.36,"2025-09-30",449,"N20","nominal","2.0NRT",297.2,6.56,"D"
"4532",41.02391,122.41615,351.85,0.39,0.36,"2025-09-30",449,"N20","nominal","2.0NRT",303.74,12.85,"D"
"4533",40.98576,121.01683,333.36,0.39,0.36,"2025-09-30",449,"N20","nominal","2.0NRT",296.59,3.9,"D"
"4534",39.61831,113.5546,340.34,0.48,0.48,"2025-09-30",449,"N20","nominal","2.0NRT",296.79,6.63,"D"
"4535",41.5845,124.57019,328.05,0.43,0.38,"2025-09-30",449,"N20","nominal","2.0NRT",281.13,2.12,"D"
"4536",41.78478,126.02077,325.96,0.48,0.4,"2025-09-30",449,"N20","nominal","2.0NRT",295.95,3.33,"D"
"4537",40.93273,119.89281,335.85,0.4,0.37,"2025-09-30",449,"N20","nominal","2.0NRT",300.52,2.63,"D"
"4538",9.99269,124.51828,338.76,0.41,0.45,"2025-09-30",440,"N20","nominal","2.0NRT",293.55,4.2,"D"
"4539",11.94617,125.11986,329.84,0.53,0.42,"2025-09-30",440,"N20","nominal","2.0NRT",290.61,5.04,"D"
"4540",11.82121,124.03648,333,0.41,0.45,"2025-09-30",440,"N20","nominal","2.0NRT",292.58,2.54,"D"
"4541",41.76114,124.8349,326.13,0.44,0.38,"2025-09-30",446,"N20","nominal","2.0NRT",293.59,1.41,"D"
"4542",40.93942,117.72308,326.32,0.45,0.39,"2025-09-30",446,"N20","low","2.0NRT",300.56,2.24,"D"
"4543",38.24691,106.55649,330.41,0.6,0.71,"2025-09-30",446,"N20","nominal","2.0NRT",299.92,5.58,"D"
"4544",39.12025,109.44195,340.37,0.4,0.6,"2025-09-30",446,"N20","nominal","2.0NRT",298.69,4.6,"D"
"4545",39.11902,109.43739,333.44,0.4,0.6,"2025-09-30",446,"N20","nominal","2.0NRT",301.69,4.6,"D"
"4546",39.11542,109.44204,352.65,0.4,0.6,"2025-09-30",446,"N20","nominal","2.0NRT",301.66,8.15,"D"
"4547",41.44703,118.92664,331.65,0.41,0.37,"2025-09-30",446,"N20","nominal","2.0NRT",297.17,1.98,"D"
"4548",41.44619,118.92181,335.91,0.41,0.37,"2025-09-30",446,"N20","nominal","2.0NRT",298.17,2.98,"D"
"4549",41.44954,118.92081,335.12,0.41,0.37,"2025-09-30",446,"N20","nominal","2.0NRT",297.81,1.42,"D"
"4550",41.44701,118.90631,326.7,0.41,0.37,"2025-09-30",446,"N20","low","2.0NRT",297.96,2.23,"D"
"4551",41.89979,121.56761,337.08,0.38,0.36,"2025-09-30",446,"N20","nominal","2.0NRT",303.09,7.22,"D"
"4552",41.90306,121.56674,336.68,0.38,0.36,"2025-09-30",446,"N20","nominal","2.0NRT",300.78,7.22,"D"
"4553",41.57008,119.14371,332.85,0.41,0.37,"2025-09-30",446,"N20","nominal","2.0NRT",301.97,3.02,"D"
"4554",42.03462,119.24963,335.79,0.4,0.37,"2025-09-30",446,"N20","nominal","2.0NRT",299.59,1.92,"D"
"4555",42.03875,119.25336,331.16,0.4,0.37,"2025-09-30",446,"N20","nominal","2.0NRT",298.34,1.92,"D"
"4556",42.03794,119.2486,334.95,0.4,0.37,"2025-09-30",446,"N20","nominal","2.0NRT",296.88,1.92,"D"
"4557",41.07209,113.97325,333.83,0.43,0.46,"2025-09-30",446,"N20","nominal","2.0NRT",295.26,4.52,"D"
"4558",39.32365,106.98566,334.22,0.53,0.67,"2025-09-30",446,"N20","nominal","2.0NRT",299.44,1.18,"D"
"4559",39.32325,106.98209,330.02,0.53,0.67,"2025-09-30",446,"N20","nominal","2.0NRT",299.58,2.65,"D"
"4560",40.27877,110.049,329.53,0.35,0.57,"2025-09-30",446,"N20","nominal","2.0NRT",300.01,2.67,"D"
"4561",43.19894,124.33705,327.95,0.44,0.38,"2025-09-30",446,"N20","nominal","2.0NRT",292.04,3.93,"D"
"4562",44.38013,129.08333,345.35,0.47,0.48,"2025-09-30",446,"N20","nominal","2.0NRT",296.49,7.37,"D"
"4563",44.82854,133.06613,326.29,0.38,0.58,"2025-09-30",446,"N20","nominal","2.0NRT",291.94,2.73,"D"
"4564",44.83395,133.06575,335.76,0.38,0.58,"2025-09-30",446,"N20","nominal","2.0NRT",289.92,2.26,"D"
"4565",44.49334,127.19083,326.2,0.39,0.44,"2025-09-30",446,"N20","nominal","2.0NRT",293.72,2.46,"D"
"4566",44.50987,127.19292,331.61,0.39,0.44,"2025-09-30",446,"N20","nominal","2.0NRT",295.24,2.87,"D"
"4567",44.59069,127.30664,328.6,0.39,0.44,"2025-09-30",446,"N20","nominal","2.0NRT",296.56,2.65,"D"
"4568",44.5838,127.18756,339.42,0.39,0.44,"2025-09-30",446,"N20","nominal","2.0NRT",297.97,4.03,"D"
"4569",44.6781,127.36469,335.66,0.4,0.44,"2025-09-30",446,"N20","nominal","2.0NRT",295.79,3.18,"D"
"4570",44.71292,127.56982,331.83,0.41,0.45,"2025-09-30",446,"N20","nominal","2.0NRT",295.06,3.52,"D"
"4571",44.7161,127.55875,335.73,0.4,0.45,"2025-09-30",446,"N20","nominal","2.0NRT",295.02,2.92,"D"
"4572",44.77118,127.75525,342.59,0.41,0.45,"2025-09-30",446,"N20","nominal","2.0NRT",297.2,7.36,"D"
"4573",44.78408,127.75847,325.81,0.41,0.45,"2025-09-30",446,"N20","nominal","2.0NRT",294.7,2,"D"
"4574",44.77608,127.66945,328.92,0.41,0.45,"2025-09-30",446,"N20","nominal","2.0NRT",294.78,3.31,"D"
"4575",44.78068,127.67401,325.36,0.41,0.45,"2025-09-30",446,"N20","low","2.0NRT",295.45,2.33,"D"
"4576",44.7801,127.62151,341.55,0.41,0.45,"2025-09-30",446,"N20","nominal","2.0NRT",296.81,6.52,"D"
"4577",44.77814,127.6671,332.91,0.41,0.45,"2025-09-30",446,"N20","nominal","2.0NRT",296.2,3.31,"D"
"4578",44.78271,127.67165,337.38,0.41,0.45,"2025-09-30",446,"N20","nominal","2.0NRT",296.36,3.31,"D"
"4579",44.77872,127.6249,338.93,0.41,0.45,"2025-09-30",446,"N20","nominal","2.0NRT",295.6,2.9,"D"
"4580",44.7817,127.5145,339.06,0.4,0.44,"2025-09-30",446,"N20","nominal","2.0NRT",295.33,4.1,"D"
"4581",44.80709,127.6149,339.32,0.41,0.45,"2025-09-30",446,"N20","nominal","2.0NRT",297.75,4.48,"D"
"4582",44.98992,127.71799,346.01,0.41,0.45,"2025-09-30",446,"N20","nominal","2.0NRT",295.79,4.68,"D"
"4583",45.04874,127.32247,328.01,0.4,0.44,"2025-09-30",446,"N20","nominal","2.0NRT",295.5,3.44,"D"
"4584",45.54213,128.80266,330.52,0.47,0.48,"2025-09-30",446,"N20","nominal","2.0NRT",295.31,3.15,"D"
"4585",45.41757,124.96491,333.87,0.48,0.4,"2025-09-30",446,"N20","nominal","2.0NRT",295.73,3.41,"D"
"4586",45.71046,123.38664,336.6,0.43,0.38,"2025-09-30",449,"N20","nominal","2.0NRT",299.75,6.24,"D"
"4587",46.6004,131.97281,342.44,0.34,0.56,"2025-09-30",449,"N20","nominal","2.0NRT",291.67,1.67,"D"
"4588",46.18108,123.28164,329.14,0.43,0.38,"2025-09-30",449,"N20","nominal","2.0NRT",297.72,1.75,"D"
"4589",47.05703,134.05687,344.29,0.43,0.62,"2025-09-30",449,"N20","nominal","2.0NRT",293.34,4.66,"D"
"4590",47.05766,134.05594,345.78,0.43,0.62,"2025-09-30",449,"N20","nominal","2.0NRT",294.17,4.65,"D"
"4591",47.16026,134.01012,348,0.43,0.62,"2025-09-30",449,"N20","nominal","2.0NRT",295.59,5.23,"D"
"4592",47.16081,134.00746,343.38,0.43,0.62,"2025-09-30",449,"N20","nominal","2.0NRT",296.82,6.16,"D"
"4593",47.18104,134.13014,327.72,0.44,0.62,"2025-09-30",449,"N20","nominal","2.0NRT",294.78,2.68,"D"
"4594",47.18766,134.16548,332.58,0.44,0.62,"2025-09-30",449,"N20","nominal","2.0NRT",291.81,5.37,"D"
"4595",47.31968,133.31557,328.14,0.4,0.6,"2025-09-30",449,"N20","nominal","2.0NRT",291.83,2.47,"D"
"4596",47.03387,126.7189,328.77,0.39,0.44,"2025-09-30",449,"N20","nominal","2.0NRT",294.97,2.35,"D"
"4597",47.82119,126.41672,326.09,0.39,0.44,"2025-09-30",449,"N20","nominal","2.0NRT",296.75,2.56,"D"
"4598",48.05282,126.47927,339.96,0.4,0.44,"2025-09-30",449,"N20","nominal","2.0NRT",299.17,6.22,"D"
"4599",48.32953,125.55595,325.56,0.55,0.43,"2025-09-30",449,"N20","nominal","2.0NRT",297.04,2.1,"D"
"4600",48.32899,125.55434,329.35,0.55,0.43,"2025-09-30",449,"N20","nominal","2.0NRT",296.71,3.15,"D"
"4601",47.18069,114.15163,345.39,0.48,0.4,"2025-09-30",449,"N20","nominal","2.0NRT",306.25,14.16,"D"
"4602",47.18785,114.16823,343.29,0.48,0.4,"2025-09-30",449,"N20","nominal","2.0NRT",302.96,3.81,"D"
"4603",47.18665,114.16218,333.69,0.48,0.4,"2025-09-30",449,"N20","low","2.0NRT",305.33,4.09,"D"
"4604",47.18543,114.15611,338.6,0.48,0.4,"2025-09-30",449,"N20","nominal","2.0NRT",305.72,4.09,"D"
"4605",47.19258,114.17266,351.14,0.47,0.4,"2025-09-30",449,"N20","nominal","2.0NRT",315.99,19.2,"D"
"4606",47.19138,114.16663,345.04,0.48,0.4,"2025-09-30",449,"N20","nominal","2.0NRT",308.79,19.2,"D"
"4607",47.19609,114.17107,339.08,0.47,0.4,"2025-09-30",449,"N20","nominal","2.0NRT",303.08,19.2,"D"
"4608",51.5823,135.48932,367,0.53,0.67,"2025-09-30",449,"N20","high","2.0NRT",291.41,10.4,"D"
"4609",51.58855,135.49724,335.46,0.53,0.67,"2025-09-30",449,"N20","nominal","2.0NRT",288.47,6.21,"D"
"4610",51.58855,135.48917,343.76,0.53,0.67,"2025-09-30",449,"N20","nominal","2.0NRT",290.19,6.21,"D"
"4611",57.6236,101.64523,340.43,0.47,0.48,"2025-09-30",453,"N20","nominal","2.0NRT",268.34,9.21,"D"
"4612",58.52726,103.45772,342.19,0.39,0.44,"2025-09-30",453,"N20","nominal","2.0NRT",273.91,6.98,"D"
"4613",58.5324,103.4604,343.56,0.39,0.44,"2025-09-30",453,"N20","nominal","2.0NRT",272.81,6.98,"D"
"4614",58.53092,103.45443,348.01,0.39,0.44,"2025-09-30",453,"N20","nominal","2.0NRT",278.17,6.98,"D"
"4615",59.38865,102.08662,340.13,0.4,0.44,"2025-09-30",453,"N20","nominal","2.0NRT",268.72,7.39,"D"
"4616",59.27837,99.33697,350.83,0.49,0.48,"2025-09-30",453,"N20","nominal","2.0NRT",266.48,35.14,"D"
"4617",59.27627,99.32956,355.68,0.49,0.48,"2025-09-30",453,"N20","nominal","2.0NRT",271.42,35.14,"D"
"4618",68.41385,83.62461,337.34,0.48,0.48,"2025-09-30",455,"N20","nominal","2.0NRT",278.04,13.02,"D"
"4619",11.13965,106.32839,329.44,0.42,0.38,"2025-09-30",620,"N20","nominal","2.0NRT",297.4,7.54,"D"
"4620",11.14477,106.33932,331.81,0.42,0.38,"2025-09-30",620,"N20","nominal","2.0NRT",298.4,8.01,"D"
"4621",12.90821,109.03071,339.64,0.4,0.44,"2025-09-30",622,"N20","nominal","2.0NRT",282.52,8.08,"D"
"4622",12.90772,109.02709,337.39,0.4,0.44,"2025-09-30",622,"N20","nominal","2.0NRT",284.72,11.56,"D"
"4623",12.92288,109.04742,327.53,0.4,0.44,"2025-09-30",622,"N20","nominal","2.0NRT",284.16,4.02,"D"
"4624",12.96374,109.01157,344.13,0.4,0.44,"2025-09-30",622,"N20","nominal","2.0NRT",285.27,16.51,"D"
"4625",13.27243,108.96254,342.1,0.4,0.44,"2025-09-30",622,"N20","nominal","2.0NRT",285.8,15.04,"D"
"4626",13.35901,109.02081,340.84,0.4,0.45,"2025-09-30",622,"N20","nominal","2.0NRT",284.93,5.44,"D"
"4627",13.39983,109.14735,356.2,0.41,0.45,"2025-09-30",622,"N20","nominal","2.0NRT",283.94,10.17,"D"
"4628",13.43821,109.12004,340.01,0.41,0.45,"2025-09-30",622,"N20","nominal","2.0NRT",284.07,9.17,"D"
"4629",14.11102,108.93863,334.88,0.41,0.45,"2025-09-30",622,"N20","nominal","2.0NRT",285.87,2.8,"D"
"4630",14.11878,108.96519,331.14,0.41,0.45,"2025-09-30",622,"N20","nominal","2.0NRT",287.66,3.55,"D"
"4631",14.11022,108.93898,328.81,0.41,0.45,"2025-09-30",622,"N20","nominal","2.0NRT",285.83,2.23,"D"
"4632",14.90592,108.55585,329.42,0.4,0.44,"2025-09-30",622,"N20","nominal","2.0NRT",283.71,2.83,"D"
"4633",15.00315,108.85802,343.24,0.41,0.45,"2025-09-30",622,"N20","nominal","2.0NRT",285.67,7.3,"D"
"4634",15.00428,108.57733,328.27,0.4,0.44,"2025-09-30",622,"N20","nominal","2.0NRT",288.4,2.94,"D"
"4635",15.04908,108.60338,334.85,0.4,0.44,"2025-09-30",622,"N20","nominal","2.0NRT",292.53,19.54,"D"
"4636",15.20761,108.74027,339.85,0.41,0.45,"2025-09-30",622,"N20","nominal","2.0NRT",285.41,4.04,"D"
"4637",15.21995,108.73859,336.89,0.41,0.45,"2025-09-30",622,"N20","nominal","2.0NRT",283.44,5.68,"D"
"4638",15.24421,108.82874,339.25,0.42,0.45,"2025-09-30",622,"N20","nominal","2.0NRT",287.42,4.25,"D"
"4639",43.03218,93.6283,335.1,0.4,0.37,"2025-09-30",629,"N20","low","2.0NRT",306.69,1.31,"D"
"4640",43.03629,93.63207,338.89,0.4,0.37,"2025-09-30",629,"N20","nominal","2.0NRT",306.47,1.52,"D"
"4641",43.03959,93.63104,337.49,0.4,0.37,"2025-09-30",629,"N20","nominal","2.0NRT",306.32,1.52,"D"
"4642",24.17311,112.76663,328.17,0.48,0.65,"2025-09-30",625,"N20","nominal","2.0NRT",295.31,4.08,"D"
"4643",43.67696,95.00563,336.41,0.38,0.36,"2025-09-30",629,"N20","nominal","2.0NRT",311.14,1.54,"D"
"4644",26.33175,96.25682,333.37,0.5,0.41,"2025-09-30",627,"N20","nominal","2.0NRT",297.51,4.1,"D"
"4645",43.6813,94.98961,335.89,0.38,0.36,"2025-09-30",629,"N20","low","2.0NRT",309.4,2.21,"D"
"4646",26.59413,95.26086,333.77,0.56,0.43,"2025-09-30",627,"N20","nominal","2.0NRT",294.44,4.62,"D"
"4647",43.68529,94.99333,340.54,0.38,0.36,"2025-09-30",629,"N20","nominal","2.0NRT",312.98,2.21,"D"
"4648",26.72338,95.46862,331.58,0.54,0.42,"2025-09-30",627,"N20","nominal","2.0NRT",295.37,8.4,"D"
"4649",43.69584,95.03938,343.82,0.38,0.36,"2025-09-30",629,"N20","nominal","2.0NRT",312.82,2.06,"D"
"4650",27.17418,96.17271,333.04,0.49,0.4,"2025-09-30",627,"N20","nominal","2.0NRT",292.37,4.35,"D"
"4651",27.3756,95.33553,333.12,0.54,0.42,"2025-09-30",627,"N20","nominal","2.0NRT",297.36,5,"D"
"4652",43.16273,88.83997,334.4,0.56,0.43,"2025-09-30",629,"N20","nominal","2.0NRT",303.1,1.61,"D"
"4653",27.69615,96.20147,331.53,0.48,0.4,"2025-09-30",627,"N20","nominal","2.0NRT",296.29,2.28,"D"
"4654",27.86562,96.90905,330.25,0.45,0.39,"2025-09-30",627,"N20","nominal","2.0NRT",293.98,7.37,"D"
"4655",44.32812,93.27625,337.29,0.4,0.37,"2025-09-30",629,"N20","nominal","2.0NRT",304.91,1.85,"D"
"4656",27.86473,96.90409,326.41,0.45,0.39,"2025-09-30",627,"N20","nominal","2.0NRT",294.43,6.6,"D"
"4657",44.33141,93.27516,330.64,0.4,0.37,"2025-09-30",629,"N20","low","2.0NRT",303.01,1.85,"D"
"4658",27.73095,96.1453,334.31,0.48,0.4,"2025-09-30",627,"N20","nominal","2.0NRT",295.1,4.12,"D"
"4659",44.33388,93.26922,338.45,0.4,0.37,"2025-09-30",629,"N20","nominal","2.0NRT",302.71,2.7,"D"
"4660",27.94805,96.71645,325.53,0.45,0.39,"2025-09-30",627,"N20","nominal","2.0NRT",291.73,3.9,"D"
"4661",41.83192,81.79064,330.78,0.44,0.62,"2025-09-30",629,"N20","nominal","2.0NRT",298.04,1.48,"D"
"4662",27.72163,95.48775,330.24,0.52,0.42,"2025-09-30",627,"N20","low","2.0NRT",304.07,8.12,"D"
"4663",27.72637,95.49203,329.19,0.52,0.42,"2025-09-30",627,"N20","low","2.0NRT",303.72,10.24,"D"
"4664",55.36647,86.04953,330.36,0.42,0.38,"2025-09-30",633,"N20","nominal","2.0NRT",283.52,3.55,"D"
"4665",27.72342,95.47648,329.01,0.52,0.42,"2025-09-30",627,"N20","low","2.0NRT",303.57,5.39,"D"
"4666",57.62052,101.6506,337.77,0.52,0.5,"2025-09-30",633,"N20","nominal","2.0NRT",275.67,25.84,"D"
"4667",27.94934,96.68262,328.43,0.46,0.39,"2025-09-30",627,"N20","nominal","2.0NRT",289.42,3.14,"D"
"4668",27.96836,96.72739,339.5,0.45,0.39,"2025-09-30",627,"N20","nominal","2.0NRT",290.48,10.31,"D"
"4669",57.62006,101.64185,342.42,0.52,0.5,"2025-09-30",633,"N20","nominal","2.0NRT",288.91,52.14,"D"
"4670",27.76713,95.5632,329.97,0.52,0.41,"2025-09-30",627,"N20","low","2.0NRT",304.73,8.44,"D"
"4671",57.62514,101.64976,338.4,0.52,0.5,"2025-09-30",633,"N20","nominal","2.0NRT",275.79,10.3,"D"
"4672",27.77451,95.53997,330.37,0.52,0.41,"2025-09-30",627,"N20","low","2.0NRT",303.42,3.31,"D"
"4673",27.77921,95.54424,330.51,0.52,0.41,"2025-09-30",627,"N20","low","2.0NRT",303,3.31,"D"
"4674",57.63758,101.6211,337.11,0.52,0.5,"2025-09-30",633,"N20","nominal","2.0NRT",276.96,5,"D"
"4675",27.77825,95.53909,329.09,0.52,0.41,"2025-09-30",627,"N20","low","2.0NRT",303.06,3.31,"D"
"4676",27.80811,95.51049,329.35,0.52,0.41,"2025-09-30",627,"N20","low","2.0NRT",303.63,5.79,"D"
"4677",57.61877,101.64397,352.25,0.52,0.5,"2025-09-30",633,"N20","nominal","2.0NRT",284.48,27.02,"D"
"4678",27.80861,95.51325,329.26,0.52,0.41,"2025-09-30",627,"N20","low","2.0NRT",302.9,4.8,"D"
"4679",28.05852,96.43391,327.15,0.47,0.39,"2025-09-30",627,"N20","nominal","2.0NRT",294.21,1.49,"D"
"4680",57.62381,101.6519,333.29,0.52,0.5,"2025-09-30",633,"N20","nominal","2.0NRT",274.43,27.02,"D"
"4681",27.44477,93.0014,342.54,0.48,0.48,"2025-09-30",627,"N20","nominal","2.0NRT",294.22,7.6,"D"
"4682",27.98737,95.50651,338.65,0.51,0.41,"2025-09-30",627,"N20","nominal","2.0NRT",296.55,6.53,"D"
"4683",57.62337,101.64311,350.73,0.52,0.5,"2025-09-30",633,"N20","nominal","2.0NRT",281.82,27.02,"D"
"4684",28.06848,95.37586,327.69,0.52,0.42,"2025-09-30",627,"N20","low","2.0NRT",302.64,6.65,"D"
"4685",58.23326,100.92005,327.9,0.5,0.49,"2025-09-30",633,"N20","nominal","2.0NRT",272.21,3.66,"D"
"4686",28.06457,95.35503,327.47,0.52,0.42,"2025-09-30",627,"N20","low","2.0NRT",302.33,5.63,"D"
"4687",28.16267,95.65323,332.51,0.5,0.41,"2025-09-30",627,"N20","nominal","2.0NRT",300.5,4.34,"D"
"4688",58.23423,100.92126,337.63,0.5,0.49,"2025-09-30",633,"N20","nominal","2.0NRT",273.77,16.33,"D"
"4689",29.31435,91.48166,336.18,0.54,0.51,"2025-09-30",627,"N20","nominal","2.0NRT",301.6,8.76,"D"
"4690",58.23378,100.9128,335.73,0.5,0.49,"2025-09-30",633,"N20","nominal","2.0NRT",277.83,35.1,"D"
"4691",32.96513,96.35748,332.47,0.41,0.37,"2025-09-30",629,"N20","nominal","2.0NRT",297.27,2.35,"D"
"4692",58.24011,100.94574,340.42,0.5,0.49,"2025-09-30",633,"N20","nominal","2.0NRT",277.73,10.3,"D"
"4693",37.2439,112.00518,330.49,0.56,0.69,"2025-09-30",629,"N20","nominal","2.0NRT",296.08,3.04,"D"
"4694",37.30176,104.06933,350.36,0.41,0.45,"2025-09-30",629,"N20","nominal","2.0NRT",302.62,6.05,"D"
"4695",58.23874,100.92027,339.86,0.5,0.49,"2025-09-30",633,"N20","nominal","2.0NRT",278.17,16.33,"D"
"4696",37.46048,105.67728,330.53,0.5,0.49,"2025-09-30",629,"N20","nominal","2.0NRT",301.03,2.37,"D"
"4697",58.34725,101.22676,326.68,0.51,0.5,"2025-09-30",633,"N20","nominal","2.0NRT",271.36,3.18,"D"
"4698",37.4734,105.6124,336.34,0.5,0.49,"2025-09-30",629,"N20","nominal","2.0NRT",301.97,4.61,"D"
"4699",58.35136,101.21733,339.33,0.51,0.49,"2025-09-30",633,"N20","nominal","2.0NRT",275.86,19.95,"D"
"4700",37.49903,105.81239,341.49,0.51,0.5,"2025-09-30",629,"N20","nominal","2.0NRT",304.67,5.07,"D"
"4701",58.35076,101.21804,343.64,0.51,0.5,"2025-09-30",633,"N20","nominal","2.0NRT",274.94,8.81,"D"
"4702",37.55659,105.8941,344.5,0.52,0.5,"2025-09-30",629,"N20","nominal","2.0NRT",304.72,8.01,"D"
"4703",58.35534,101.21725,336.47,0.51,0.5,"2025-09-30",633,"N20","nominal","2.0NRT",278.16,5.72,"D"
"4704",37.55646,105.89281,341.95,0.52,0.5,"2025-09-30",629,"N20","nominal","2.0NRT",305.15,6.22,"D"
"4705",53.77305,73.71154,335.52,0.39,0.59,"2025-09-30",633,"N20","nominal","2.0NRT",285.73,5.59,"D"
"4706",37.57203,105.85548,338.1,0.52,0.5,"2025-09-30",629,"N20","nominal","2.0NRT",303.76,5.87,"D"
"4707",53.77134,73.70626,336.85,0.39,0.59,"2025-09-30",633,"N20","nominal","2.0NRT",286.33,4.78,"D"
"4708",37.56275,105.7387,336.37,0.51,0.49,"2025-09-30",629,"N20","nominal","2.0NRT",301.59,4.34,"D"
"4709",37.56962,105.76716,343.07,0.51,0.49,"2025-09-30",629,"N20","nominal","2.0NRT",303.95,8.31,"D"
"4710",53.77789,73.70709,349.49,0.39,0.59,"2025-09-30",633,"N20","nominal","2.0NRT",284.05,6.42,"D"
"4711",37.60328,105.89925,340.37,0.52,0.5,"2025-09-30",629,"N20","nominal","2.0NRT",302.65,6.31,"D"
"4712",38.06635,102.73702,335.23,0.54,0.42,"2025-09-30",629,"N20","nominal","2.0NRT",303.53,3.89,"D"
"4713",53.77618,73.70183,356.04,0.39,0.59,"2025-09-30",633,"N20","nominal","2.0NRT",286.4,5.04,"D"
"4714",38.08946,102.65803,341.98,0.54,0.42,"2025-09-30",629,"N20","nominal","2.0NRT",304.28,7.56,"D"
"4715",53.77446,73.69653,344.8,0.39,0.59,"2025-09-30",633,"N20","nominal","2.0NRT",285.74,5.04,"D"
"4716",38.11451,102.63519,349.83,0.54,0.42,"2025-09-30",629,"N20","nominal","2.0NRT",309.36,24.85,"D"
"4717",53.7793,73.69208,328.52,0.39,0.59,"2025-09-30",633,"N20","nominal","2.0NRT",281.63,5.04,"D"
"4718",38.11186,102.63443,338.51,0.54,0.42,"2025-09-30",629,"N20","nominal","2.0NRT",306.14,5.27,"D"
"4719",58.8475,99.75875,352.4,0.46,0.47,"2025-09-30",633,"N20","nominal","2.0NRT",273.79,18.51,"D"
"4720",38.11636,102.63992,337.26,0.54,0.42,"2025-09-30",629,"N20","nominal","2.0NRT",305.65,9.88,"D"
"4721",58.85187,99.75791,327.93,0.46,0.47,"2025-09-30",633,"N20","nominal","2.0NRT",267.35,18.51,"D"
"4722",38.11572,102.6338,343.04,0.54,0.42,"2025-09-30",629,"N20","nominal","2.0NRT",305.99,14.13,"D"
"4723",38.1324,102.4943,335.92,0.53,0.42,"2025-09-30",629,"N20","nominal","2.0NRT",303.59,2.67,"D"
"4724",59.38348,102.0888,329.24,0.56,0.52,"2025-09-30",633,"N20","nominal","2.0NRT",270.84,6.59,"D"
"4725",38.20748,102.44791,340.33,0.53,0.42,"2025-09-30",629,"N20","nominal","2.0NRT",305.56,5.62,"D"
"4726",59.38825,102.08801,338.21,0.56,0.52,"2025-09-30",633,"N20","nominal","2.0NRT",271.98,6.59,"D"
"4727",38.20684,102.44186,335.85,0.53,0.42,"2025-09-30",629,"N20","nominal","2.0NRT",303.47,5.62,"D"
"4728",59.31386,100.47639,335.79,0.49,0.49,"2025-09-30",633,"N20","nominal","2.0NRT",284.43,43.16,"D"
"4729",38.2062,102.43581,347.47,0.53,0.42,"2025-09-30",629,"N20","nominal","2.0NRT",305.17,17.19,"D"
"4730",59.31288,100.45886,326.02,0.49,0.49,"2025-09-30",633,"N20","nominal","2.0NRT",272.63,4.18,"D"
"4731",38.21067,102.44121,343.08,0.53,0.42,"2025-09-30",629,"N20","nominal","2.0NRT",304.3,8.58,"D"
"4732",59.31836,100.47556,334.97,0.49,0.49,"2025-09-30",633,"N20","nominal","2.0NRT",284.7,43.16,"D"
"4733",38.21832,102.43991,333.38,0.53,0.42,"2025-09-30",629,"N20","nominal","2.0NRT",302.09,2.92,"D"
"4734",59.31787,100.46676,333.92,0.49,0.49,"2025-09-30",633,"N20","nominal","2.0NRT",272.37,43.16,"D"
"4735",39.49461,113.28987,327.14,0.68,0.74,"2025-09-30",629,"N20","nominal","2.0NRT",293.46,6,"D"
"4736",59.31737,100.45798,335.36,0.49,0.49,"2025-09-30",633,"N20","nominal","2.0NRT",274.08,4.18,"D"
"4737",39.37801,106.89516,341.36,0.61,0.54,"2025-09-30",629,"N20","nominal","2.0NRT",302.14,5.74,"D"
"4738",59.32636,100.45621,338.34,0.49,0.49,"2025-09-30",633,"N20","nominal","2.0NRT",276.39,10.42,"D"
"4739",40.61945,109.75497,331.68,0.45,0.63,"2025-09-30",629,"N20","nominal","2.0NRT",300.7,2.03,"D"
"4740",59.26706,99.32982,337.18,0.45,0.47,"2025-09-30",633,"N20","nominal","2.0NRT",272.32,4.25,"D"
"4741",59.26652,99.32173,349.25,0.45,0.47,"2025-09-30",633,"N20","nominal","2.0NRT",280.32,30.39,"D"
"4742",59.26601,99.31384,328.48,0.45,0.47,"2025-09-30",633,"N20","nominal","2.0NRT",282.05,30.39,"D"
"4743",59.27188,99.33674,327.51,0.45,0.47,"2025-09-30",633,"N20","nominal","2.0NRT",271.59,65.14,"D"
"4744",59.27081,99.32029,348.66,0.45,0.47,"2025-09-30",633,"N20","nominal","2.0NRT",275.22,32.79,"D"
"4745",59.2767,99.34359,345.74,0.45,0.47,"2025-09-30",633,"N20","nominal","2.0NRT",270.88,8.32,"D"
"4746",59.27563,99.32725,332.69,0.45,0.47,"2025-09-30",633,"N20","nominal","2.0NRT",300.66,65.14,"D"
"4747",59.27509,99.31908,336.91,0.45,0.47,"2025-09-30",633,"N20","nominal","2.0NRT",275.65,32.79,"D"
"4748",59.27617,99.33549,356.43,0.45,0.47,"2025-09-30",633,"N20","low","2.0NRT",272.88,65.14,"D"
"4749",59.28099,99.34232,351.36,0.45,0.47,"2025-09-30",633,"N20","nominal","2.0NRT",270.41,26.13,"D"
"4750",59.27993,99.32614,331.16,0.45,0.47,"2025-09-30",633,"N20","nominal","2.0NRT",272.43,79.58,"D"
"4751",59.28423,99.32512,343.45,0.45,0.47,"2025-09-30",633,"N20","nominal","2.0NRT",277.7,79.58,"D"
"4752",55.42113,73.41155,333.92,0.35,0.57,"2025-09-30",633,"N20","nominal","2.0NRT",279.22,2.81,"D"
"4753",54.76669,70.64426,335.04,0.46,0.64,"2025-09-30",633,"N20","nominal","2.0NRT",280.78,4.86,"D"
"4754",54.76452,70.63807,350.78,0.46,0.64,"2025-09-30",633,"N20","nominal","2.0NRT",285.68,4.86,"D"
"4755",53.67698,67.13554,353.4,0.67,0.73,"2025-09-30",633,"N20","nominal","2.0NRT",282.92,9.45,"D"
"4756",57.42553,78.69773,340.99,0.4,0.44,"2025-09-30",633,"N20","nominal","2.0NRT",274.23,7.7,"D"
"4757",53.67824,67.12782,327.19,0.67,0.73,"2025-09-30",633,"N20","nominal","2.0NRT",281.35,11.05,"D"
"4758",66.05365,77.3598,332.52,0.41,0.37,"2025-09-30",635,"N20","nominal","2.0NRT",277.03,4.42,"D"
"4759",66.05205,77.35161,332.32,0.41,0.37,"2025-09-30",635,"N20","nominal","2.0NRT",279.38,4.83,"D"
"4760",66.32837,77.83277,349.93,0.4,0.37,"2025-09-30",635,"N20","nominal","2.0NRT",277.4,7.54,"D"
"4761",66.24562,76.81935,327.42,0.41,0.37,"2025-09-30",635,"N20","nominal","2.0NRT",278.52,6.24,"D"
"4762",70.39619,68.27719,343.31,0.43,0.38,"2025-09-30",637,"N20","nominal","2.0NRT",275.5,4.79,"D"
"4763",71.25692,72.07333,326.6,0.39,0.36,"2025-09-30",637,"N20","nominal","2.0NRT",276.75,3.65,"D"
"4764",71.21832,71.7473,330.2,0.39,0.36,"2025-09-30",637,"N20","nominal","2.0NRT",283.04,17.49,"D"
"4765",71.19048,67.09909,336.75,0.42,0.38,"2025-09-30",637,"N20","nominal","2.0NRT",282.84,11.25,"D"
"4766",9.12363,78.07119,332.69,0.4,0.37,"2025-09-30",801,"N20","nominal","2.0NRT",291.82,2.97,"D"
"4767",12.54646,76.14852,330.09,0.43,0.38,"2025-09-30",801,"N20","nominal","2.0NRT",297.98,4.22,"D"
"4768",14.19057,78.39968,332.44,0.38,0.36,"2025-09-30",803,"N20","nominal","2.0NRT",296.45,1.98,"D"
"4769",14.65014,78.1179,330.08,0.38,0.36,"2025-09-30",803,"N20","nominal","2.0NRT",298.18,0.86,"D"
"4770",15.17544,76.65616,340.15,0.4,0.37,"2025-09-30",803,"N20","nominal","2.0NRT",300.98,4.96,"D"
"4771",15.22364,76.76746,333.91,0.39,0.36,"2025-09-30",803,"N20","nominal","2.0NRT",299,1.62,"D"
"4772",16.58266,79.56329,331.82,0.41,0.37,"2025-09-30",803,"N20","nominal","2.0NRT",295.42,2.09,"D"
"4773",20.79451,85.25449,342.31,0.32,0.55,"2025-09-30",803,"N20","nominal","2.0NRT",292.49,3.39,"D"
"4774",22.37768,87.28145,328.82,0.45,0.63,"2025-09-30",803,"N20","nominal","2.0NRT",289.77,5.22,"D"
"4775",22.57297,85.89811,332.96,0.37,0.58,"2025-09-30",805,"N20","nominal","2.0NRT",294.33,4.8,"D"
"4776",23.16257,82.33685,336.67,0.45,0.47,"2025-09-30",805,"N20","nominal","2.0NRT",294.46,3.79,"D"
"4777",24.15627,82.56892,340.54,0.48,0.48,"2025-09-30",805,"N20","nominal","2.0NRT",295.23,6,"D"
"4778",24.86805,67.09988,343.71,0.58,0.52,"2025-09-30",805,"N20","nominal","2.0NRT",285.98,13.32,"D"
"4779",27.30791,68.48463,330.55,0.43,0.46,"2025-09-30",807,"N20","low","2.0NRT",302.41,3.56,"D"
"4780",27.81517,67.66361,341.81,0.47,0.48,"2025-09-30",807,"N20","nominal","2.0NRT",305.12,3.55,"D"
"4781",28.24697,67.96323,344.13,0.44,0.46,"2025-09-30",807,"N20","nominal","2.0NRT",305.55,4.82,"D"
"4782",29.88661,76.05997,333.8,0.41,0.37,"2025-09-30",807,"N20","nominal","2.0NRT",302.06,2.48,"D"
"4783",30.52454,76.68942,331.58,0.43,0.38,"2025-09-30",807,"N20","low","2.0NRT",302.83,3.43,"D"
"4784",30.53736,76.69286,331.16,0.43,0.38,"2025-09-30",807,"N20","low","2.0NRT",302.54,2.68,"D"
"4785",29.95821,72.56207,335.98,0.4,0.37,"2025-09-30",807,"N20","nominal","2.0NRT",303.66,8.53,"D"
"4786",30.5726,76.69123,340.81,0.43,0.38,"2025-09-30",807,"N20","nominal","2.0NRT",305.52,4.99,"D"
"4787",29.96155,72.56135,342.04,0.4,0.37,"2025-09-30",807,"N20","nominal","2.0NRT",302.37,4.75,"D"
"4788",30.17966,73.34042,337.25,0.39,0.36,"2025-09-30",807,"N20","nominal","2.0NRT",303.01,1.6,"D"
"4789",29.90929,71.5225,333.09,0.43,0.38,"2025-09-30",807,"N20","low","2.0NRT",307.96,2.81,"D"
"4790",30.27713,73.33268,332.6,0.39,0.36,"2025-09-30",807,"N20","low","2.0NRT",303.3,1.29,"D"
"4791",30.27008,73.05322,333.69,0.39,0.36,"2025-09-30",807,"N20","nominal","2.0NRT",302.93,1.99,"D"
"4792",30.03559,71.47665,338.14,0.43,0.38,"2025-09-30",807,"N20","nominal","2.0NRT",303.51,10.46,"D"
"4793",30.41496,73.64869,334.75,0.38,0.36,"2025-09-30",807,"N20","nominal","2.0NRT",302.67,1.48,"D"
"4794",30.07591,71.50973,336.49,0.42,0.38,"2025-09-30",807,"N20","nominal","2.0NRT",307.7,4.39,"D"
"4795",30.42321,73.52468,346.64,0.39,0.36,"2025-09-30",807,"N20","nominal","2.0NRT",303.66,5.62,"D"
"4796",30.42258,73.52071,332.23,0.39,0.36,"2025-09-30",807,"N20","nominal","2.0NRT",303.81,5.62,"D"
"4797",30.42538,73.23626,332.07,0.39,0.36,"2025-09-30",807,"N20","low","2.0NRT",302.77,2.67,"D"
"4798",30.55611,73.96824,330.08,0.38,0.36,"2025-09-30",807,"N20","nominal","2.0NRT",299.34,2.63,"D"
"4799",30.16217,71.53509,332.69,0.42,0.38,"2025-09-30",807,"N20","low","2.0NRT",303.73,1.19,"D"
"4800",30.4964,73.5587,334.49,0.39,0.36,"2025-09-30",807,"N20","nominal","2.0NRT",303.22,3.25,"D"
"4801",30.44795,73.2067,333.73,0.39,0.36,"2025-09-30",807,"N20","nominal","2.0NRT",302.45,1.75,"D"
"4802",30.56126,73.86897,338.73,0.38,0.36,"2025-09-30",807,"N20","nominal","2.0NRT",299.74,3.21,"D"
"4803",30.58198,73.91348,333.59,0.38,0.36,"2025-09-30",807,"N20","nominal","2.0NRT",300.95,2.41,"D"
"4804",30.58527,73.9128,335.72,0.38,0.36,"2025-09-30",807,"N20","nominal","2.0NRT",302.76,4.44,"D"
"4805",30.56377,73.72887,330.16,0.38,0.36,"2025-09-30",807,"N20","nominal","2.0NRT",301.06,1.64,"D"
"4806",30.5812,73.75396,331.27,0.38,0.36,"2025-09-30",807,"N20","nominal","2.0NRT",302.23,2.63,"D"
"4807",30.53161,73.37024,334.98,0.39,0.36,"2025-09-30",807,"N20","nominal","2.0NRT",303.81,3.89,"D"
"4808",30.61312,73.82932,331.7,0.38,0.36,"2025-09-30",807,"N20","nominal","2.0NRT",299.68,12.99,"D"
"4809",30.25437,71.62206,347.8,0.42,0.38,"2025-09-30",807,"N20","nominal","2.0NRT",305.94,4.35,"D"
"4810",30.62249,73.86835,336.65,0.38,0.36,"2025-09-30",807,"N20","nominal","2.0NRT",302.34,3.21,"D"
"4811",30.61833,73.77499,337.54,0.38,0.36,"2025-09-30",807,"N20","nominal","2.0NRT",300.68,14.98,"D"
"4812",30.59227,73.49731,345.07,0.39,0.36,"2025-09-30",807,"N20","nominal","2.0NRT",303.47,5.46,"D"
"4813",30.61965,73.58609,331.42,0.38,0.36,"2025-09-30",807,"N20","low","2.0NRT",304.7,3.11,"D"
"4814",30.37675,71.88348,338.49,0.41,0.37,"2025-09-30",807,"N20","nominal","2.0NRT",307.89,4.09,"D"
"4815",30.64953,73.53543,334.93,0.39,0.36,"2025-09-30",807,"N20","nominal","2.0NRT",302.87,1.09,"D"
"4816",30.66106,73.56589,341.22,0.38,0.36,"2025-09-30",807,"N20","nominal","2.0NRT",304.45,8.4,"D"
"4817",30.73296,73.83411,336.39,0.38,0.36,"2025-09-30",807,"N20","nominal","2.0NRT",301.23,2.86,"D"
"4818",30.77907,74.02556,339.47,0.38,0.36,"2025-09-30",807,"N20","nominal","2.0NRT",302.12,5.54,"D"
"4819",30.78236,74.02489,342.2,0.38,0.36,"2025-09-30",807,"N20","nominal","2.0NRT",302.11,5.54,"D"
"4820",30.85093,74.36827,341.59,0.39,0.36,"2025-09-30",807,"N20","nominal","2.0NRT",298.9,3.46,"D"
"4821",30.85423,74.36761,335.77,0.39,0.36,"2025-09-30",807,"N20","nominal","2.0NRT",299.92,3.46,"D"
"4822",30.85363,74.36362,331.47,0.39,0.36,"2025-09-30",807,"N20","nominal","2.0NRT",300.15,2.6,"D"
"4823",30.80957,73.97868,337.77,0.38,0.36,"2025-09-30",807,"N20","nominal","2.0NRT",304.59,6.57,"D"
"4824",30.7998,73.69347,345.48,0.38,0.36,"2025-09-30",807,"N20","nominal","2.0NRT",303.43,15.78,"D"
"4825",30.73798,73.25364,335.87,0.39,0.36,"2025-09-30",807,"N20","nominal","2.0NRT",303.74,1.7,"D"
"4826",30.84698,73.86845,346.26,0.38,0.36,"2025-09-30",807,"N20","nominal","2.0NRT",303.7,9.57,"D"
"4827",30.87621,73.9938,334.8,0.38,0.36,"2025-09-30",807,"N20","nominal","2.0NRT",301.72,3.3,"D"
"4828",30.86608,73.86043,336.11,0.38,0.36,"2025-09-30",807,"N20","nominal","2.0NRT",301.86,2.84,"D"
"4829",30.91432,74.1339,332.51,0.38,0.36,"2025-09-30",807,"N20","low","2.0NRT",304.74,2.55,"D"
"4830",30.98661,74.16109,338.81,0.38,0.36,"2025-09-30",807,"N20","nominal","2.0NRT",305.14,4.98,"D"
"4831",30.86845,73.34657,335.81,0.39,0.36,"2025-09-30",807,"N20","nominal","2.0NRT",301.58,2.7,"D"
"4832",31.03416,74.22968,334.67,0.38,0.36,"2025-09-30",807,"N20","nominal","2.0NRT",303.25,6.48,"D"
"4833",31.02877,74.19372,333.4,0.38,0.36,"2025-09-30",807,"N20","nominal","2.0NRT",301.6,3.79,"D"
"4834",31.08808,74.52419,336.13,0.39,0.36,"2025-09-30",807,"N20","nominal","2.0NRT",305.81,3.23,"D"
"4835",31.08749,74.52017,336.12,0.39,0.36,"2025-09-30",807,"N20","nominal","2.0NRT",307.72,3.23,"D"
"4836",31.06666,74.30994,332.26,0.39,0.36,"2025-09-30",807,"N20","low","2.0NRT",303.41,5.48,"D"
"4837",31.12085,74.60922,338.13,0.39,0.36,"2025-09-30",807,"N20","nominal","2.0NRT",305.8,7.38,"D"
"4838",31.12473,74.6126,330.39,0.39,0.36,"2025-09-30",807,"N20","low","2.0NRT",304.39,3.51,"D"
"4839",31.12414,74.60857,334,0.39,0.36,"2025-09-30",807,"N20","nominal","2.0NRT",303.72,3.18,"D"
"4840",31.22279,74.37783,339.34,0.39,0.36,"2025-09-30",807,"N20","nominal","2.0NRT",301.34,3.03,"D"
"4841",31.25975,74.49055,334.04,0.39,0.36,"2025-09-30",807,"N20","nominal","2.0NRT",299.86,1.38,"D"
"4842",31.29129,74.29003,331.71,0.39,0.36,"2025-09-30",807,"N20","nominal","2.0NRT",300.14,3.16,"D"
"4843",31.5896,74.75249,339.89,0.39,0.36,"2025-09-30",807,"N20","nominal","2.0NRT",304.51,2.61,"D"
"4844",31.66934,75.02397,344.67,0.39,0.37,"2025-09-30",807,"N20","nominal","2.0NRT",306.64,6.45,"D"
"4845",31.37085,72.56588,337.74,0.39,0.36,"2025-09-30",807,"N20","nominal","2.0NRT",303.67,4.15,"D"
"4846",31.36951,72.49429,340.18,0.39,0.36,"2025-09-30",807,"N20","nominal","2.0NRT",306.93,23.94,"D"
"4847",31.7112,74.5826,333.44,0.39,0.36,"2025-09-30",807,"N20","nominal","2.0NRT",302.51,2.84,"D"
"4848",31.739,74.4934,335.36,0.39,0.36,"2025-09-30",807,"N20","nominal","2.0NRT",304.87,2.98,"D"
"4849",31.74278,74.10506,334.15,0.39,0.36,"2025-09-30",807,"N20","nominal","2.0NRT",300.47,3.23,"D"
"4850",31.56333,72.85153,331.22,0.39,0.36,"2025-09-30",807,"N20","low","2.0NRT",304.54,7.18,"D"
"4851",31.56268,72.84749,336,0.39,0.36,"2025-09-30",807,"N20","nominal","2.0NRT",308.49,11.5,"D"
"4852",31.77242,74.19046,344.01,0.39,0.36,"2025-09-30",807,"N20","nominal","2.0NRT",302.11,8.85,"D"
"4853",31.87763,74.65542,343.42,0.39,0.36,"2025-09-30",807,"N20","nominal","2.0NRT",303.59,4.17,"D"
"4854",31.90184,74.70543,339.92,0.39,0.36,"2025-09-30",807,"N20","nominal","2.0NRT",302.65,5.07,"D"
"4855",31.93779,74.91011,331.51,0.39,0.36,"2025-09-30",807,"N20","nominal","2.0NRT",303.07,2.05,"D"
"4856",31.84046,74.18997,330.21,0.39,0.36,"2025-09-30",807,"N20","low","2.0NRT",300.9,1.99,"D"
"4857",31.81771,74.03666,331.64,0.38,0.36,"2025-09-30",807,"N20","nominal","2.0NRT",302.98,2.75,"D"
"4858",31.84825,74.19672,344.23,0.39,0.36,"2025-09-30",807,"N20","nominal","2.0NRT",303.68,7.8,"D"
"4859",31.84765,74.19268,332.88,0.39,0.36,"2025-09-30",807,"N20","nominal","2.0NRT",302.03,5.36,"D"
"4860",31.68508,72.90963,331.01,0.39,0.36,"2025-09-30",807,"N20","low","2.0NRT",302.69,1.25,"D"
"4861",31.88747,74.2096,340.06,0.39,0.36,"2025-09-30",807,"N20","nominal","2.0NRT",302.54,4.7,"D"
"4862",31.89881,74.10316,335.6,0.39,0.36,"2025-09-30",807,"N20","nominal","2.0NRT",301.11,6.05,"D"
"4863",32.09659,74.80734,349.37,0.39,0.36,"2025-09-30",807,"N20","nominal","2.0NRT",306.54,10.73,"D"
"4864",31.75271,72.35651,334.17,0.39,0.36,"2025-09-30",807,"N20","nominal","2.0NRT",303.15,2.84,"D"
"4865",31.45426,70.61718,346.35,0.44,0.38,"2025-09-30",807,"N20","nominal","2.0NRT",305.63,8.03,"D"
"4866",31.77125,72.34386,334.71,0.39,0.36,"2025-09-30",807,"N20","nominal","2.0NRT",305.64,2.21,"D"
"4867",31.80575,72.36594,346.94,0.39,0.36,"2025-09-30",807,"N20","nominal","2.0NRT",307.65,7.11,"D"
"4868",31.95709,73.29851,335.25,0.38,0.36,"2025-09-30",807,"N20","nominal","2.0NRT",302.14,2.84,"D"
"4869",31.98863,72.89088,346.72,0.39,0.36,"2025-09-30",807,"N20","nominal","2.0NRT",301.05,7.12,"D"
"4870",32.00508,72.88729,338.22,0.39,0.36,"2025-09-30",807,"N20","nominal","2.0NRT",302.87,7.86,"D"
"4871",32.02069,72.92161,342.91,0.39,0.36,"2025-09-30",807,"N20","nominal","2.0NRT",304.02,6.78,"D"
"4872",31.64915,70.67033,342.03,0.44,0.38,"2025-09-30",807,"N20","nominal","2.0NRT",305.41,4.16,"D"
"4873",31.65688,70.67318,346.38,0.44,0.38,"2025-09-30",807,"N20","nominal","2.0NRT",305.62,4.84,"D"
"4874",31.65608,70.66865,331.31,0.44,0.38,"2025-09-30",807,"N20","nominal","2.0NRT",305.04,4.84,"D"
"4875",32.09583,73.07341,337.76,0.39,0.36,"2025-09-30",807,"N20","nominal","2.0NRT",303.41,2.52,"D"
"4876",32.34705,74.286,333.51,0.39,0.36,"2025-09-30",807,"N20","nominal","2.0NRT",301.59,1.86,"D"
"4877",32.45928,74.9954,347.27,0.4,0.37,"2025-09-30",807,"N20","nominal","2.0NRT",306.71,8.07,"D"
"4878",32.45869,74.99121,339.77,0.4,0.37,"2025-09-30",807,"N20","nominal","2.0NRT",304.76,8.07,"D"
"4879",31.86731,70.85046,334.05,0.43,0.38,"2025-09-30",807,"N20","low","2.0NRT",306.33,3.27,"D"
"4880",31.88091,70.80532,335.83,0.43,0.38,"2025-09-30",807,"N20","nominal","2.0NRT",306.78,3.23,"D"
"4881",32.39396,73.24046,331.97,0.38,0.36,"2025-09-30",807,"N20","nominal","2.0NRT",303.65,1.09,"D"
"4882",32.3714,72.98588,335.07,0.39,0.36,"2025-09-30",807,"N20","nominal","2.0NRT",304.84,2.51,"D"
"4883",33.25471,72.62368,337.19,0.39,0.36,"2025-09-30",807,"N20","nominal","2.0NRT",307.21,2.25,"D"
"4884",33.82103,72.34696,335.19,0.39,0.36,"2025-09-30",807,"N20","low","2.0NRT",307.99,2.13,"D"
"4885",33.82432,72.34621,337.34,0.39,0.36,"2025-09-30",807,"N20","low","2.0NRT",308.75,2.13,"D"
"4886",35.6054,74.10477,331.36,0.4,0.37,"2025-09-30",809,"N20","nominal","2.0NRT",305.52,2.36,"D"
"4887",35.24881,71.59371,331.06,0.39,0.36,"2025-09-30",809,"N20","nominal","2.0NRT",303.48,4.31,"D"
"4888",35.25212,71.59312,333.78,0.39,0.36,"2025-09-30",809,"N20","nominal","2.0NRT",302.39,4.31,"D"
"4889",35.67805,73.67817,337.91,0.39,0.36,"2025-09-30",809,"N20","nominal","2.0NRT",304.62,3.65,"D"
"4890",35.30542,71.02081,332.85,0.4,0.37,"2025-09-30",809,"N20","nominal","2.0NRT",304.34,2.94,"D"
"4891",38.05163,67.26427,367,0.48,0.4,"2025-09-30",809,"N20","high","2.0NRT",349.73,144.08,"D"
"4892",37.03106,62.41645,344.98,0.58,0.52,"2025-09-30",809,"N20","nominal","2.0NRT",313.98,14.76,"D"
"4893",37.03248,62.42057,344.04,0.58,0.52,"2025-09-30",809,"N20","nominal","2.0NRT",311.19,4.26,"D"
"4894",38.15828,64.61228,350.88,0.42,0.45,"2025-09-30",809,"N20","nominal","2.0NRT",308.33,5.75,"D"
"4895",37.7984,62.55282,338.66,0.55,0.51,"2025-09-30",809,"N20","nominal","2.0NRT",308.99,3.85,"D"
"4896",41.24573,81.94588,336.88,0.34,0.56,"2025-09-30",809,"N20","nominal","2.0NRT",306.13,1.15,"D"
"4897",39.55911,67.15481,331.56,0.46,0.39,"2025-09-30",809,"N20","nominal","2.0NRT",301.2,2.09,"D"
"4898",40.64852,72.62725,337.19,0.4,0.37,"2025-09-30",809,"N20","nominal","2.0NRT",307.19,3.04,"D"
"4899",40.01217,68.44696,330.27,0.42,0.37,"2025-09-30",809,"N20","low","2.0NRT",304.91,1.12,"D"
"4900",40.71679,72.8484,332.13,0.4,0.37,"2025-09-30",809,"N20","low","2.0NRT",302.15,3.18,"D"
"4901",40.7235,72.84685,344.82,0.4,0.37,"2025-09-30",809,"N20","nominal","2.0NRT",308.7,10.49,"D"
"4902",40.92303,72.40448,332.08,0.4,0.37,"2025-09-30",809,"N20","nominal","2.0NRT",299.56,2.32,"D"
"4903",41.83366,81.7933,333.76,0.33,0.56,"2025-09-30",809,"N20","nominal","2.0NRT",298.94,1.52,"D"
"4904",38.18857,58.35367,332.57,0.45,0.63,"2025-09-30",809,"N20","low","2.0NRT",302.64,6.06,"D"
"4905",40.54075,68.87961,342.06,0.4,0.37,"2025-09-30",809,"N20","nominal","2.0NRT",299.96,6.53,"D"
"4906",40.54408,68.87862,338.45,0.4,0.37,"2025-09-30",809,"N20","nominal","2.0NRT",298.84,3.47,"D"
"4907",40.63953,69.01953,342.19,0.4,0.37,"2025-09-30",809,"N20","nominal","2.0NRT",303.77,13.85,"D"
"4908",41.14803,71.73662,333.18,0.39,0.36,"2025-09-30",809,"N20","nominal","2.0NRT",298.67,3.01,"D"
"4909",40.68966,68.61199,341.7,0.41,0.37,"2025-09-30",809,"N20","nominal","2.0NRT",300.22,3.16,"D"
"4910",40.91504,69.9183,333.27,0.39,0.36,"2025-09-30",809,"N20","nominal","2.0NRT",298.13,1.92,"D"
"4911",40.86916,69.53067,344.83,0.39,0.36,"2025-09-30",809,"N20","nominal","2.0NRT",307.93,4.29,"D"
"4912",40.35149,63.5992,331.69,0.42,0.46,"2025-09-30",809,"N20","low","2.0NRT",306.3,2.02,"D"
"4913",43.43328,77.10861,326.55,0.4,0.45,"2025-09-30",811,"N20","nominal","2.0NRT",285.66,2.57,"D"
"4914",43.43784,77.11296,331.78,0.4,0.45,"2025-09-30",811,"N20","nominal","2.0NRT",285.97,4.03,"D"
"4915",43.43738,77.10796,328.47,0.4,0.45,"2025-09-30",811,"N20","nominal","2.0NRT",285.05,2.57,"D"
"4916",39.0393,54.25253,338.12,0.68,0.74,"2025-09-30",811,"N20","nominal","2.0NRT",300.68,5.89,"D"
"4917",39.0429,54.25288,340.74,0.68,0.74,"2025-09-30",811,"N20","nominal","2.0NRT",301.26,3.63,"D"
"4918",44.37048,85.39858,326.12,0.53,0.67,"2025-09-30",811,"N20","nominal","2.0NRT",288.37,2.35,"D"
"4919",44.98108,64.64828,356.15,0.47,0.4,"2025-09-30",811,"N20","nominal","2.0NRT",293.16,11.48,"D"
"4920",44.97995,64.64249,347.56,0.47,0.4,"2025-09-30",811,"N20","nominal","2.0NRT",287.27,11.48,"D"
"4921",44.97882,64.6367,335.74,0.47,0.4,"2025-09-30",811,"N20","nominal","2.0NRT",284.98,2.9,"D"
"4922",44.97784,64.64772,345.07,0.47,0.4,"2025-09-30",811,"N20","nominal","2.0NRT",288.2,6.08,"D"
"4923",44.98252,64.65211,333.36,0.47,0.4,"2025-09-30",811,"N20","nominal","2.0NRT",290.92,10.48,"D"
"4924",44.98137,64.64634,356.12,0.47,0.4,"2025-09-30",811,"N20","nominal","2.0NRT",291.02,10.48,"D"
"4925",44.98022,64.64056,351.35,0.47,0.4,"2025-09-30",811,"N20","nominal","2.0NRT",288.08,12.09,"D"
"4926",47.88017,57.45934,327,0.53,0.5,"2025-09-30",813,"N20","nominal","2.0NRT",290.15,2.08,"D"
"4927",50.35109,57.134,334.81,0.46,0.47,"2025-09-30",813,"N20","nominal","2.0NRT",287.79,5.04,"D"
"4928",51.15295,59.25359,328.79,0.55,0.43,"2025-09-30",813,"N20","nominal","2.0NRT",288.5,3.81,"D"
"4929",51.15836,59.25896,344.27,0.55,0.43,"2025-09-30",813,"N20","nominal","2.0NRT",288.98,7.3,"D"
"4930",51.16749,59.26225,332.07,0.55,0.43,"2025-09-30",813,"N20","nominal","2.0NRT",289.52,15.64,"D"
"4931",51.16579,59.25472,339.29,0.55,0.43,"2025-09-30",813,"N20","nominal","2.0NRT",293.63,21.09,"D"
"4932",51.17624,59.28251,339.26,0.55,0.43,"2025-09-30",813,"N20","nominal","2.0NRT",287.65,8.19,"D"
"4933",51.18831,59.3176,339.24,0.55,0.43,"2025-09-30",813,"N20","nominal","2.0NRT",288.17,6.43,"D"
"4934",51.18665,59.3102,332.23,0.55,0.43,"2025-09-30",813,"N20","nominal","2.0NRT",287.46,7.04,"D"
"4935",51.18162,59.28783,340.54,0.55,0.43,"2025-09-30",813,"N20","nominal","2.0NRT",287.44,9.6,"D"
"4936",51.57528,55.53233,325.77,0.49,0.49,"2025-09-30",813,"N20","nominal","2.0NRT",286.68,3.34,"D"
"4937",51.57357,55.52573,328.47,0.5,0.49,"2025-09-30",813,"N20","nominal","2.0NRT",287.71,3.12,"D"
"4938",51.87738,54.76264,326.83,0.52,0.5,"2025-09-30",813,"N20","nominal","2.0NRT",284.78,3.85,"D"
"4939",51.8765,54.756,335.58,0.52,0.5,"2025-09-30",813,"N20","nominal","2.0NRT",285.71,3.67,"D"
"4940",51.59087,52.91943,340.08,0.63,0.54,"2025-09-30",813,"N20","nominal","2.0NRT",292.58,35.04,"D"
"4941",51.84587,53.81546,327.69,0.57,0.52,"2025-09-30",813,"N20","nominal","2.0NRT",288.11,2.97,"D"
"4942",51.6047,52.92943,339.8,0.62,0.54,"2025-09-30",813,"N20","nominal","2.0NRT",291.24,11.44,"D"
"4943",51.8476,53.81613,325.94,0.57,0.52,"2025-09-30",813,"N20","nominal","2.0NRT",287.04,3.87,"D"
"4944",51.59306,52.92068,337.28,0.63,0.54,"2025-09-30",813,"N20","nominal","2.0NRT",287.62,14.45,"D"
"4945",51.60241,52.93391,341.72,0.62,0.54,"2025-09-30",813,"N20","nominal","2.0NRT",290.35,13.02,"D"
"4946",55.43471,73.1744,330.36,0.38,0.43,"2025-09-30",813,"N20","nominal","2.0NRT",277.58,4.95,"D"
"4947",53.45506,59.03679,346.96,0.5,0.41,"2025-09-30",813,"N20","nominal","2.0NRT",292.43,10.97,"D"
"4948",53.45862,59.03468,342.63,0.5,0.41,"2025-09-30",813,"N20","nominal","2.0NRT",285.94,10.97,"D"
"4949",50.9144,49.08235,326.52,0.47,0.64,"2025-09-30",813,"N20","nominal","2.0NRT",288.25,3.13,"D"
"4950",50.91243,49.07645,333.44,0.47,0.64,"2025-09-30",813,"N20","nominal","2.0NRT",288.88,3.13,"D"
"4951",50.70905,48.19108,367,0.51,0.66,"2025-09-30",813,"N20","high","2.0NRT",293.2,17.6,"D"
"4952",50.70684,48.18461,349.24,0.51,0.66,"2025-09-30",813,"N20","nominal","2.0NRT",292.45,17.6,"D"
"4953",50.71001,48.17343,332.48,0.51,0.66,"2025-09-30",813,"N20","nominal","2.0NRT",289.37,11.43,"D"
"4954",50.71221,48.17989,356.51,0.51,0.66,"2025-09-30",813,"N20","low","2.0NRT",289.56,17.6,"D"
"4955",50.70482,48.19446,367,0.51,0.66,"2025-09-30",813,"N20","high","2.0NRT",293.13,34.54,"D"
"4956",50.70258,48.188,345.79,0.51,0.66,"2025-09-30",813,"N20","nominal","2.0NRT",296.31,12.63,"D"
"4957",50.70796,48.18333,336.82,0.51,0.66,"2025-09-30",813,"N20","nominal","2.0NRT",286.83,12.63,"D"
"4958",50.70572,48.17686,336.26,0.51,0.66,"2025-09-30",813,"N20","nominal","2.0NRT",288.2,12.63,"D"
"4959",50.71334,48.17865,329.26,0.51,0.66,"2025-09-30",813,"N20","nominal","2.0NRT",287.78,3.56,"D"
"4960",51.23758,48.85113,332.61,0.46,0.64,"2025-09-30",813,"N20","nominal","2.0NRT",287.45,4.14,"D"
"4961",52.01687,51.15371,327.02,0.35,0.57,"2025-09-30",813,"N20","nominal","2.0NRT",287.78,1.26,"D"
"4962",52.01749,51.15194,327.35,0.35,0.57,"2025-09-30",813,"N20","nominal","2.0NRT",288.48,1.7,"D"
"4963",51.44901,48.82367,325.65,0.46,0.63,"2025-09-30",813,"N20","nominal","2.0NRT",287.86,4.53,"D"
"4964",51.44706,48.81781,338.25,0.46,0.63,"2025-09-30",813,"N20","nominal","2.0NRT",288.84,5.19,"D"
"4965",51.44511,48.81197,344.28,0.46,0.63,"2025-09-30",813,"N20","nominal","2.0NRT",289.02,5.19,"D"
"4966",51.44317,48.80616,341.94,0.46,0.63,"2025-09-30",813,"N20","nominal","2.0NRT",288.09,7.09,"D"
"4967",53.03679,52.40941,326.07,0.59,0.53,"2025-09-30",813,"N20","nominal","2.0NRT",286.62,5.54,"D"
"4968",56.30953,63.28318,342.27,0.39,0.36,"2025-09-30",816,"N20","nominal","2.0NRT",280.59,4.9,"D"
"4969",54.09803,49.19131,355.28,0.35,0.57,"2025-09-30",816,"N20","nominal","2.0NRT",286.12,4.55,"D"
"4970",52.99503,45.67582,329.71,0.52,0.67,"2025-09-30",816,"N20","nominal","2.0NRT",285.6,10.37,"D"
"4971",52.99735,45.68233,356.81,0.52,0.67,"2025-09-30",816,"N20","low","2.0NRT",289.55,10.37,"D"
"4972",52.99565,45.67562,345.11,0.52,0.67,"2025-09-30",816,"N20","nominal","2.0NRT",286.71,13.2,"D"
"4973",52.998,45.68211,356.22,0.52,0.67,"2025-09-30",816,"N20","low","2.0NRT",289.42,18.03,"D"
"4974",51.90825,42.42703,334.91,0.75,0.77,"2025-09-30",816,"N20","nominal","2.0NRT",284.05,5.09,"D"
"4975",53.41228,42.20347,326.78,0.66,0.73,"2025-09-30",816,"N20","nominal","2.0NRT",278.99,5.87,"D"
"4976",53.40696,42.19974,332.71,0.66,0.73,"2025-09-30",816,"N20","nominal","2.0NRT",279.84,4.06,"D"
"4977",55.64993,41.59794,332.61,0.56,0.69,"2025-09-30",816,"N20","nominal","2.0NRT",279.8,3.62,"D"
"4978",55.82809,41.70567,338.61,0.55,0.68,"2025-09-30",816,"N20","nominal","2.0NRT",281.16,4.91,"D"
"4979",55.75043,41.36769,335.13,0.56,0.69,"2025-09-30",816,"N20","nominal","2.0NRT",280.69,7.82,"D"
"4980",55.75343,41.36304,336.66,0.56,0.69,"2025-09-30",816,"N20","nominal","2.0NRT",280.95,5.89,"D"
"4981",55.85101,41.47284,354.42,0.55,0.68,"2025-09-30",816,"N20","nominal","2.0NRT",281.38,14.05,"D"
"4982",55.85619,41.46635,355.65,0.55,0.68,"2025-09-30",816,"N20","nominal","2.0NRT",282.77,14.05,"D"
"4983",55.88513,41.44168,325.95,0.55,0.68,"2025-09-30",816,"N20","nominal","2.0NRT",280.04,4.79,"D"
"4984",55.99693,41.71054,329.6,0.54,0.68,"2025-09-30",816,"N20","nominal","2.0NRT",278.62,3.22,"D"
"4985",55.6571,40.82351,346.88,0.59,0.7,"2025-09-30",816,"N20","nominal","2.0NRT",281.23,6.07,"D"
"4986",55.69246,40.87243,329.67,0.59,0.7,"2025-09-30",816,"N20","nominal","2.0NRT",279.13,4.9,"D"
"4987",55.65903,40.82354,339.91,0.59,0.7,"2025-09-30",816,"N20","nominal","2.0NRT",280.42,5.52,"D"
"4988",56.39522,41.54453,325.48,0.52,0.67,"2025-09-30",816,"N20","nominal","2.0NRT",278.9,4.83,"D"
"4989",65.30888,77.42608,335.76,0.33,0.55,"2025-09-30",818,"N20","nominal","2.0NRT",275.54,7.53,"D"
"4990",65.30872,77.41885,352.57,0.33,0.55,"2025-09-30",818,"N20","nominal","2.0NRT",281.85,7.53,"D"
"4991",59.13408,37.79713,328.29,0.51,0.66,"2025-09-30",818,"N20","nominal","2.0NRT",281.4,5.46,"D"
"4992",71.218,71.7468,336.74,0.52,0.5,"2025-09-30",820,"N20","nominal","2.0NRT",279.98,16.94,"D"
"4993",71.1898,67.10111,338.92,0.41,0.45,"2025-09-30",820,"N20","nominal","2.0NRT",271.19,4.86,"D"
"4994",30.76207,47.32991,350.24,0.39,0.36,"2025-09-30",949,"N20","low","2.0NRT",321.73,15.15,"D"
"4995",25.89042,51.55006,338.63,0.4,0.37,"2025-09-30",947,"N20","low","2.0NRT",311.95,3.05,"D"
"4996",25.89323,51.54549,342.94,0.4,0.37,"2025-09-30",947,"N20","low","2.0NRT",313.28,3.05,"D"
"4997",25.90446,51.55175,343.7,0.4,0.37,"2025-09-30",947,"N20","nominal","2.0NRT",311.58,3.43,"D"
"4998",25.91569,51.55801,340.63,0.4,0.37,"2025-09-30",947,"N20","low","2.0NRT",313.59,5.44,"D"
"4999",25.93371,51.61229,336.09,0.4,0.37,"2025-09-30",947,"N20","nominal","2.0NRT",305.94,3.71,"D"
"5000",25.91676,51.49248,345.81,0.4,0.37,"2025-09-30",947,"N20","nominal","2.0NRT",314.92,3.21,"D"
"5001",25.63901,49.43933,341.13,0.39,0.36,"2025-09-30",947,"N20","low","2.0NRT",314.12,1.22,"D"
"5002",25.63906,49.39622,343.48,0.39,0.36,"2025-09-30",947,"N20","low","2.0NRT",316.39,2.63,"D"
"5003",26.8514,55.85466,346.63,0.43,0.46,"2025-09-30",947,"N20","nominal","2.0NRT",311.02,11.55,"D"
"5004",26.85093,55.85037,337.83,0.43,0.46,"2025-09-30",947,"N20","low","2.0NRT",310.44,9.74,"D"
"5005",27.1603,56.10219,349.84,0.45,0.47,"2025-09-30",947,"N20","nominal","2.0NRT",319.75,16.15,"D"
"5006",27.1689,56.06004,345.45,0.44,0.46,"2025-09-30",947,"N20","low","2.0NRT",318.9,13.12,"D"
"5007",27.16843,56.05552,355.63,0.44,0.46,"2025-09-30",947,"N20","nominal","2.0NRT",322.27,13.12,"D"
"5008",27.34491,56.42693,345.66,0.47,0.48,"2025-09-30",947,"N20","low","2.0NRT",318.25,2.75,"D"
"5009",27.48162,52.64359,347.23,0.45,0.39,"2025-09-30",947,"N20","nominal","2.0NRT",316.74,13.68,"D"
"5010",27.49694,52.64993,344.17,0.45,0.39,"2025-09-30",947,"N20","low","2.0NRT",318.27,18.77,"D"
"5011",27.49656,52.65174,343.28,0.45,0.39,"2025-09-30",947,"N20","low","2.0NRT",317.29,20.38,"D"
"5012",27.50081,52.62819,348.85,0.45,0.39,"2025-09-30",947,"N20","nominal","2.0NRT",317.46,12.88,"D"
"5013",27.50599,52.64036,344.9,0.45,0.39,"2025-09-30",947,"N20","low","2.0NRT",317.34,8.51,"D"
"5014",27.50545,52.6361,348.85,0.45,0.39,"2025-09-30",947,"N20","nominal","2.0NRT",319.85,8.51,"D"
"5015",27.50676,52.618,345.62,0.45,0.39,"2025-09-30",947,"N20","low","2.0NRT",317.27,12.5,"D"
"5016",27.51142,52.62609,347.04,0.45,0.39,"2025-09-30",947,"N20","low","2.0NRT",317.9,9.39,"D"
"5017",27.51382,52.61663,341.78,0.45,0.39,"2025-09-30",947,"N20","low","2.0NRT",316.47,8.67,"D"
"5018",27.55521,52.57298,348.99,0.45,0.39,"2025-09-30",947,"N20","low","2.0NRT",321.74,16.13,"D"
"5019",26.23605,43.80556,352.38,0.41,0.45,"2025-09-30",947,"N20","nominal","2.0NRT",321.09,6.87,"D"
"5020",27.68265,52.25045,350.91,0.44,0.38,"2025-09-30",947,"N20","nominal","2.0NRT",314.06,11.54,"D"
"5021",27.68792,52.23612,346.68,0.43,0.38,"2025-09-30",947,"N20","nominal","2.0NRT",316.95,10.72,"D"
"5022",27.71011,52.18768,336.1,0.43,0.38,"2025-09-30",947,"N20","low","2.0NRT",306.55,9.78,"D"
"5023",27.7136,52.1871,350.61,0.43,0.38,"2025-09-30",947,"N20","nominal","2.0NRT",316.35,9.78,"D"
"5024",27.71943,52.17721,350.96,0.43,0.38,"2025-09-30",947,"N20","nominal","2.0NRT",313.9,22.45,"D"
"5025",27.76123,52.16982,354.41,0.43,0.38,"2025-09-30",947,"N20","nominal","2.0NRT",321.77,28.78,"D"
"5026",27.75895,52.17126,349.26,0.43,0.38,"2025-09-30",947,"N20","nominal","2.0NRT",319.85,14.73,"D"
"5027",27.75838,52.16693,343.11,0.43,0.38,"2025-09-30",947,"N20","low","2.0NRT",317.89,7.29,"D"
"5028",27.76243,52.17064,344.42,0.43,0.38,"2025-09-30",947,"N20","low","2.0NRT",317.49,14.73,"D"
"5029",27.76187,52.16635,343.59,0.43,0.38,"2025-09-30",947,"N20","low","2.0NRT",318.29,7.29,"D"
"5030",27.7585,52.14046,341.65,0.43,0.38,"2025-09-30",947,"N20","nominal","2.0NRT",313.83,7.69,"D"
"5031",28.35197,49.6892,333.7,0.39,0.36,"2025-09-30",947,"N20","nominal","2.0NRT",302.94,4.1,"D"
"5032",28.35022,49.15785,339.78,0.38,0.36,"2025-09-30",947,"N20","nominal","2.0NRT",303.43,9.89,"D"
"5033",28.49174,49.71537,338.74,0.39,0.36,"2025-09-30",947,"N20","nominal","2.0NRT",304.59,6.47,"D"
"5034",28.39636,48.53496,349.79,0.39,0.36,"2025-09-30",947,"N20","nominal","2.0NRT",317.36,10.33,"D"
"5035",28.47198,48.93386,332.94,0.38,0.36,"2025-09-30",947,"N20","nominal","2.0NRT",303.39,3.44,"D"
"5036",28.5744,47.92192,347.65,0.39,0.36,"2025-09-30",947,"N20","nominal","2.0NRT",320.26,4.66,"D"
"5037",29.99154,55.8571,346.14,0.47,0.48,"2025-09-30",947,"N20","nominal","2.0NRT",317.99,5.7,"D"
"5038",29.01927,48.1463,348.6,0.39,0.36,"2025-09-30",947,"N20","low","2.0NRT",319.87,11.96,"D"
"5039",29.50912,51.25721,348.1,0.42,0.37,"2025-09-30",947,"N20","low","2.0NRT",323.06,7.37,"D"
"5040",29.29226,49.54799,332.48,0.39,0.36,"2025-09-30",947,"N20","nominal","2.0NRT",303.27,3.42,"D"
"5041",29.32868,49.49638,331.26,0.39,0.36,"2025-09-30",949,"N20","nominal","2.0NRT",302.28,2.1,"D"
"5042",29.4763,49.39159,333.57,0.39,0.36,"2025-09-30",949,"N20","nominal","2.0NRT",302.89,2.42,"D"
"5043",29.84426,51.67127,351.08,0.43,0.38,"2025-09-30",949,"N20","low","2.0NRT",322.48,11.15,"D"
"5044",29.84372,51.66715,349.27,0.43,0.38,"2025-09-30",949,"N20","low","2.0NRT",322.56,11.15,"D"
"5045",30.00111,52.50666,348.08,0.47,0.4,"2025-09-30",949,"N20","nominal","2.0NRT",319.08,9.48,"D"
"5046",29.9407,49.68691,340.47,0.39,0.36,"2025-09-30",949,"N20","nominal","2.0NRT",301.64,4.5,"D"
"5047",29.94401,49.68627,330.52,0.39,0.36,"2025-09-30",949,"N20","nominal","2.0NRT",300.2,2.6,"D"
"5048",30.28266,50.10444,347.84,0.4,0.37,"2025-09-30",949,"N20","nominal","2.0NRT",320.76,8.27,"D"
"5049",30.29315,50.09048,352.62,0.4,0.37,"2025-09-30",949,"N20","nominal","2.0NRT",322.21,7.01,"D"
"5050",30.29649,50.08987,349.04,0.4,0.37,"2025-09-30",949,"N20","low","2.0NRT",320.93,7.01,"D"
"5051",30.39394,50.61928,355.48,0.41,0.37,"2025-09-30",949,"N20","low","2.0NRT",326.81,16.76,"D"
"5052",30.41644,50.00056,344.98,0.39,0.37,"2025-09-30",949,"N20","nominal","2.0NRT",319.75,4.78,"D"
"5053",30.56119,50.01535,367,0.4,0.37,"2025-09-30",949,"N20","low","2.0NRT",328.4,8.09,"D"
"5054",30.56452,50.01472,348.29,0.4,0.37,"2025-09-30",949,"N20","nominal","2.0NRT",322.91,8.09,"D"
"5055",30.19954,47.3896,348.02,0.39,0.37,"2025-09-30",949,"N20","nominal","2.0NRT",317.87,5.94,"D"
"5056",30.26579,47.71783,347.82,0.39,0.36,"2025-09-30",949,"N20","nominal","2.0NRT",319.87,6.7,"D"
"5057",30.27664,47.36121,347.86,0.39,0.37,"2025-09-30",949,"N20","low","2.0NRT",320.4,7.54,"D"
"5058",30.31167,47.34993,345.23,0.39,0.37,"2025-09-30",949,"N20","nominal","2.0NRT",318.71,8.59,"D"
"5059",30.31499,47.34921,344.77,0.39,0.37,"2025-09-30",949,"N20","nominal","2.0NRT",317.92,8.59,"D"
"5060",30.48248,48.24918,345.3,0.38,0.36,"2025-09-30",949,"N20","nominal","2.0NRT",318.53,7.65,"D"
"5061",30.72013,49.82314,367,0.39,0.36,"2025-09-30",949,"N20","high","2.0NRT",346.22,68.52,"D"
"5062",30.35813,47.33986,350.26,0.39,0.37,"2025-09-30",949,"N20","low","2.0NRT",320.71,8.2,"D"
"5063",30.39756,47.51967,344.38,0.39,0.36,"2025-09-30",949,"N20","nominal","2.0NRT",319.21,4.22,"D"
"5064",30.52133,47.61064,347.17,0.39,0.36,"2025-09-30",949,"N20","low","2.0NRT",320.63,11.12,"D"
"5065",30.52463,47.60993,348.29,0.39,0.36,"2025-09-30",949,"N20","low","2.0NRT",318.97,10.29,"D"
"5066",30.49493,47.31949,349.15,0.39,0.36,"2025-09-30",949,"N20","low","2.0NRT",320.31,9.89,"D"
"5067",30.55702,47.38977,342.71,0.39,0.36,"2025-09-30",949,"N20","nominal","2.0NRT",315.69,3.94,"D"
"5068",30.55771,47.35186,349.18,0.39,0.36,"2025-09-30",949,"N20","nominal","2.0NRT",319.39,4.58,"D"
"5069",30.94488,49.87762,367,0.39,0.37,"2025-09-30",949,"N20","high","2.0NRT",328.39,34.28,"D"
"5070",30.94545,49.88171,367,0.39,0.37,"2025-09-30",949,"N20","low","2.0NRT",326.03,34.28,"D"
"5071",30.56104,47.33015,345.34,0.39,0.36,"2025-09-30",949,"N20","nominal","2.0NRT",319.2,3.07,"D"
"5072",30.56833,47.33277,343.92,0.39,0.36,"2025-09-30",949,"N20","low","2.0NRT",317.08,2.35,"D"
"5073",30.74982,48.28437,345.48,0.38,0.36,"2025-09-30",949,"N20","low","2.0NRT",319.83,24.69,"D"
"5074",30.74921,48.28039,367,0.38,0.36,"2025-09-30",949,"N20","low","2.0NRT",331.26,24.69,"D"
"5075",30.75311,48.28369,345.95,0.38,0.36,"2025-09-30",949,"N20","low","2.0NRT",320.81,23.18,"D"
"5076",30.75249,48.27971,367,0.38,0.36,"2025-09-30",949,"N20","low","2.0NRT",325.82,23.18,"D"
"5077",30.60877,47.32818,350.94,0.39,0.36,"2025-09-30",949,"N20","nominal","2.0NRT",324.01,8.99,"D"
"5078",30.75163,47.66579,350.13,0.39,0.36,"2025-09-30",949,"N20","nominal","2.0NRT",317.41,2.39,"D"
"5079",30.86069,47.92469,367,0.39,0.36,"2025-09-30",949,"N20","low","2.0NRT",325.09,56.88,"D"
"5080",30.86398,47.924,354.05,0.39,0.36,"2025-09-30",949,"N20","nominal","2.0NRT",325.67,56.88,"D"
"5081",30.82828,47.3365,346.62,0.39,0.36,"2025-09-30",949,"N20","low","2.0NRT",321.1,26.63,"D"
"5082",30.82762,47.33244,367,0.39,0.36,"2025-09-30",949,"N20","low","2.0NRT",335.38,44.26,"D"
"5083",30.88289,47.33815,345.82,0.39,0.36,"2025-09-30",949,"N20","low","2.0NRT",319.02,13.79,"D"
"5084",30.88224,47.33409,367,0.39,0.36,"2025-09-30",949,"N20","low","2.0NRT",332.32,13.79,"D"
"5085",30.8862,47.33743,343.12,0.39,0.36,"2025-09-30",949,"N20","low","2.0NRT",317.34,13.79,"D"
"5086",30.88555,47.33337,345.71,0.39,0.36,"2025-09-30",949,"N20","low","2.0NRT",318.49,13.79,"D"
"5087",31.00284,47.74626,343.37,0.39,0.36,"2025-09-30",949,"N20","nominal","2.0NRT",318.29,7.26,"D"
"5088",31.21557,48.95655,349.6,0.39,0.36,"2025-09-30",949,"N20","nominal","2.0NRT",324.48,3.15,"D"
"5089",31.2463,49.16578,367,0.39,0.36,"2025-09-30",949,"N20","low","2.0NRT",325.28,0.88,"D"
"5090",31.25019,49.16915,350.31,0.39,0.36,"2025-09-30",949,"N20","low","2.0NRT",325.17,10.92,"D"
"5091",31.25077,49.17319,367,0.39,0.36,"2025-09-30",949,"N20","low","2.0NRT",328.88,10.92,"D"
"5092",31.23738,48.9894,351.51,0.39,0.36,"2025-09-30",949,"N20","low","2.0NRT",332.35,28.62,"D"
"5093",31.24067,48.98874,354.15,0.39,0.36,"2025-09-30",949,"N20","low","2.0NRT",327.49,8.47,"D"
"5094",30.8387,46.3741,338.37,0.41,0.37,"2025-09-30",949,"N20","low","2.0NRT",312.79,3.92,"D"
"5095",31.07915,47.62641,350.47,0.39,0.36,"2025-09-30",949,"N20","low","2.0NRT",321.56,16.09,"D"
"5096",31.08244,47.6257,346.92,0.39,0.36,"2025-09-30",949,"N20","low","2.0NRT",321.87,16.09,"D"
"5097",31.02801,47.28598,353.17,0.39,0.36,"2025-09-30",949,"N20","nominal","2.0NRT",326.24,13.79,"D"
"5098",31.02736,47.28192,350.92,0.39,0.36,"2025-09-30",949,"N20","nominal","2.0NRT",322.6,9.22,"D"
"5099",31.03132,47.28526,367,0.39,0.36,"2025-09-30",949,"N20","high","2.0NRT",343.65,136.44,"D"
"5100",31.03067,47.28119,367,0.39,0.36,"2025-09-30",949,"N20","low","2.0NRT",326.53,56.5,"D"
"5101",31.4593,49.55823,346.57,0.39,0.36,"2025-09-30",949,"N20","low","2.0NRT",321.06,3.26,"D"
"5102",31.23499,47.96666,352.67,0.39,0.36,"2025-09-30",949,"N20","nominal","2.0NRT",324.25,13.14,"D"
"5103",31.3546,45.96638,347.7,0.42,0.38,"2025-09-30",949,"N20","low","2.0NRT",319.05,3.4,"D"
"5104",31.24187,45.25696,344.7,0.44,0.39,"2025-09-30",949,"N20","nominal","2.0NRT",318.12,4.5,"D"
"5105",31.68861,47.71021,367,0.39,0.36,"2025-09-30",949,"N20","low","2.0NRT",331.6,9.59,"D"
"5106",31.6919,47.7095,367,0.39,0.36,"2025-09-30",949,"N20","low","2.0NRT",330.25,8.72,"D"
"5107",32.21996,51.40066,342.37,0.44,0.39,"2025-09-30",949,"N20","low","2.0NRT",316.22,4.34,"D"
"5108",32.24118,51.42604,344.16,0.45,0.39,"2025-09-30",949,"N20","low","2.0NRT",317.62,30.26,"D"
"5109",32.24058,51.42131,352.27,0.45,0.39,"2025-09-30",949,"N20","nominal","2.0NRT",322.47,12.16,"D"
"5110",32.24177,51.43077,367,0.45,0.39,"2025-09-30",949,"N20","low","2.0NRT",328.39,30.26,"D"
"5111",32.40892,51.32879,346.01,0.44,0.39,"2025-09-30",949,"N20","low","2.0NRT",320.67,6.15,"D"
"5112",32.17619,47.51957,367,0.39,0.36,"2025-09-30",949,"N20","high","2.0NRT",331.59,23.61,"D"
"5113",31.84907,44.55293,341.97,0.46,0.39,"2025-09-30",949,"N20","low","2.0NRT",315.5,3.43,"D"
"5114",32.4883,45.66511,354.4,0.42,0.37,"2025-09-30",949,"N20","nominal","2.0NRT",318.96,6.47,"D"
"5115",32.23426,43.53146,342.22,0.51,0.41,"2025-09-30",949,"N20","nominal","2.0NRT",314.46,4.79,"D"
"5116",33.39296,50.00818,342.93,0.41,0.37,"2025-09-30",949,"N20","nominal","2.0NRT",315.37,3.22,"D"
"5117",32.82115,43.19328,343.77,0.51,0.41,"2025-09-30",949,"N20","low","2.0NRT",313.85,7.11,"D"
"5118",33.15041,44.84109,345.12,0.44,0.38,"2025-09-30",949,"N20","nominal","2.0NRT",317.5,5.28,"D"
"5119",33.22146,44.76717,345.69,0.44,0.38,"2025-09-30",949,"N20","nominal","2.0NRT",317.05,10.73,"D"
"5120",33.21226,44.14869,335.98,0.46,0.39,"2025-09-30",949,"N20","nominal","2.0NRT",310.61,1.3,"D"
"5121",33.20414,44.04354,345.41,0.47,0.39,"2025-09-30",949,"N20","nominal","2.0NRT",314.49,7.63,"D"
"5122",33.69389,46.22882,342.82,0.4,0.37,"2025-09-30",949,"N20","nominal","2.0NRT",315.86,3.32,"D"
"5123",33.93033,47.43124,349.05,0.38,0.36,"2025-09-30",949,"N20","nominal","2.0NRT",315.6,7.09,"D"
"5124",33.75241,45.07199,336.59,0.42,0.38,"2025-09-30",949,"N20","nominal","2.0NRT",311.32,1.42,"D"
"5125",33.85418,45.64163,347.91,0.41,0.37,"2025-09-30",949,"N20","nominal","2.0NRT",316.33,5.16,"D"
"5126",33.85754,45.64082,346.61,0.41,0.37,"2025-09-30",949,"N20","nominal","2.0NRT",316.12,3.45,"D"
"5127",33.3438,42.75047,336.67,0.53,0.42,"2025-09-30",949,"N20","low","2.0NRT",310.59,3.28,"D"
"5128",33.69199,44.35364,338.73,0.45,0.39,"2025-09-30",949,"N20","low","2.0NRT",312.89,4.53,"D"
"5129",33.7586,44.54273,343.47,0.44,0.38,"2025-09-30",949,"N20","nominal","2.0NRT",313.62,11.7,"D"
"5130",34.18993,46.74257,348.02,0.39,0.36,"2025-09-30",949,"N20","nominal","2.0NRT",316.64,12.54,"D"
"5131",34.19389,46.74609,350.7,0.39,0.36,"2025-09-30",949,"N20","low","2.0NRT",322.29,12.54,"D"
"5132",34.19718,46.74538,353.86,0.39,0.36,"2025-09-30",949,"N20","nominal","2.0NRT",323.6,28.67,"D"
"5133",33.76327,43.91848,348.55,0.46,0.39,"2025-09-30",949,"N20","nominal","2.0NRT",316.4,4.79,"D"
"5134",34.24696,46.41801,346.06,0.39,0.36,"2025-09-30",949,"N20","nominal","2.0NRT",320.21,9.17,"D"
"5135",34.25968,46.30669,349.98,0.39,0.36,"2025-09-30",949,"N20","nominal","2.0NRT",317.63,14.86,"D"
"5136",34.25899,46.30244,339.63,0.39,0.36,"2025-09-30",949,"N20","nominal","2.0NRT",314.08,14.86,"D"
"5137",34.26299,46.30598,349.11,0.39,0.36,"2025-09-30",949,"N20","nominal","2.0NRT",313.56,11.91,"D"
"5138",34.2623,46.30176,355.68,0.39,0.36,"2025-09-30",949,"N20","nominal","2.0NRT",318.38,11.91,"D"
"5139",34.26161,46.29749,338.62,0.39,0.36,"2025-09-30",949,"N20","low","2.0NRT",312.24,5.95,"D"
"5140",34.4514,47.47974,342.25,0.38,0.36,"2025-09-30",949,"N20","nominal","2.0NRT",316.27,2.77,"D"
"5141",34.26629,46.30521,337.53,0.39,0.36,"2025-09-30",949,"N20","low","2.0NRT",312.15,11.91,"D"
"5142",34.26561,46.301,354.32,0.39,0.36,"2025-09-30",949,"N20","nominal","2.0NRT",311.86,11.91,"D"
"5143",34.27288,46.30361,337.28,0.39,0.36,"2025-09-30",949,"N20","low","2.0NRT",311.84,7.34,"D"
"5144",34.32177,46.24928,334.76,0.39,0.36,"2025-09-30",949,"N20","low","2.0NRT",307.17,6.19,"D"
"5145",34.57906,47.64865,342.37,0.38,0.36,"2025-09-30",949,"N20","low","2.0NRT",315.13,6.18,"D"
"5146",34.5623,47.51558,341.62,0.38,0.36,"2025-09-30",949,"N20","nominal","2.0NRT",315.74,3.9,"D"
"5147",34.32582,43.97511,343.41,0.45,0.39,"2025-09-30",949,"N20","nominal","2.0NRT",315.3,2.38,"D"
"5148",34.32522,43.97661,341.13,0.45,0.39,"2025-09-30",949,"N20","nominal","2.0NRT",313.91,2.58,"D"
"5149",35.57629,51.51272,338.83,0.49,0.4,"2025-09-30",949,"N20","low","2.0NRT",313.2,4.55,"D"
"5150",34.06635,40.98928,341.64,0.42,0.45,"2025-09-30",949,"N20","nominal","2.0NRT",306.87,1.8,"D"
"5151",34.06853,40.98596,340.4,0.42,0.45,"2025-09-30",949,"N20","nominal","2.0NRT",306.72,2,"D"
"5152",35.27354,47.02525,341.21,0.38,0.36,"2025-09-30",949,"N20","nominal","2.0NRT",312.63,6.35,"D"
"5153",34.86468,44.0243,343.06,0.44,0.39,"2025-09-30",949,"N20","nominal","2.0NRT",316.41,7.12,"D"
"5154",35.12248,44.82472,343.47,0.42,0.37,"2025-09-30",949,"N20","low","2.0NRT",318.09,16.21,"D"
"5155",34.90895,43.43167,339.54,0.47,0.39,"2025-09-30",949,"N20","low","2.0NRT",314.36,2.01,"D"
"5156",33.23629,35.60528,345.36,0.43,0.62,"2025-09-30",949,"N20","nominal","2.0NRT",297.95,3.66,"D"
"5157",35.12896,44.19471,344.45,0.43,0.38,"2025-09-30",949,"N20","nominal","2.0NRT",313.9,3.18,"D"
"5158",33.23351,35.60393,336.06,0.43,0.62,"2025-09-30",949,"N20","nominal","2.0NRT",297.96,4.05,"D"
"5159",33.55685,36.589,351.12,0.38,0.58,"2025-09-30",949,"N20","nominal","2.0NRT",308.28,5.75,"D"
"5160",37.02984,62.42393,339.41,0.65,0.73,"2025-09-30",949,"N20","nominal","2.0NRT",307.13,5.6,"D"
"5161",35.24508,44.43428,339.09,0.43,0.38,"2025-09-30",949,"N20","low","2.0NRT",313.3,21.5,"D"
"5162",37.03193,62.42291,339.23,0.65,0.73,"2025-09-30",949,"N20","nominal","2.0NRT",306.54,5.09,"D"
"5163",37.11861,62.369,341.21,0.65,0.73,"2025-09-30",949,"N20","nominal","2.0NRT",306.89,2.63,"D"
"5164",37.1302,61.02342,332.25,0.54,0.68,"2025-09-30",949,"N20","low","2.0NRT",304.47,3.09,"D"
"5165",36.11816,48.93536,347.11,0.4,0.37,"2025-09-30",949,"N20","nominal","2.0NRT",310.62,4.69,"D"
"5166",37.12717,61.02296,332.91,0.54,0.68,"2025-09-30",949,"N20","low","2.0NRT",305.99,2.93,"D"
"5167",35.52607,44.34578,347.24,0.43,0.38,"2025-09-30",949,"N20","low","2.0NRT",317.62,6.77,"D"
"5168",35.53209,44.33934,349.56,0.43,0.38,"2025-09-30",949,"N20","nominal","2.0NRT",316.29,14.88,"D"
"5169",36.89431,54.55881,337.04,0.47,0.48,"2025-09-30",949,"N20","nominal","2.0NRT",302.01,4.88,"D"
"5170",35.41713,43.52098,341.52,0.46,0.39,"2025-09-30",949,"N20","nominal","2.0NRT",314.74,3.83,"D"
"5171",36.94969,54.83153,342.27,0.49,0.49,"2025-09-30",949,"N20","nominal","2.0NRT",301.82,5.53,"D"
"5172",36.96401,54.89146,335.17,0.49,0.49,"2025-09-30",949,"N20","nominal","2.0NRT",300.99,2.26,"D"
"5173",36.96153,54.89012,330.88,0.49,0.49,"2025-09-30",949,"N20","nominal","2.0NRT",300.2,3.64,"D"
"5174",35.62694,44.01267,337.43,0.44,0.38,"2025-09-30",949,"N20","low","2.0NRT",312.13,2.99,"D"
"5175",35.6829,43.87528,367,0.44,0.38,"2025-09-30",949,"N20","high","2.0NRT",325.67,82.03,"D"
"5176",35.20959,40.39025,340.53,0.43,0.46,"2025-09-30",949,"N20","nominal","2.0NRT",302.05,4.4,"D"
"5177",36.01795,43.68467,340.94,0.44,0.38,"2025-09-30",949,"N20","nominal","2.0NRT",314.06,3.28,"D"
"5178",35.67988,41.45242,337.69,0.55,0.43,"2025-09-30",949,"N20","nominal","2.0NRT",306.17,3.98,"D"
"5179",34.49554,35.96743,330.55,0.38,0.59,"2025-09-30",952,"N20","nominal","2.0NRT",297.86,1.68,"D"
"5180",36.75426,46.99954,343.09,0.38,0.36,"2025-09-30",952,"N20","nominal","2.0NRT",305.75,2.38,"D"
"5181",36.63469,43.69371,346.68,0.43,0.38,"2025-09-30",952,"N20","nominal","2.0NRT",315.53,11.53,"D"
"5182",36.14202,40.8164,342.87,0.39,0.44,"2025-09-30",952,"N20","nominal","2.0NRT",306.56,1.79,"D"
"5183",36.77667,43.326,346.23,0.44,0.39,"2025-09-30",952,"N20","nominal","2.0NRT",315.88,8.99,"D"
"5184",36.86859,43.48655,333.22,0.44,0.38,"2025-09-30",952,"N20","low","2.0NRT",303.84,4.61,"D"
"5185",37.45962,46.46708,345.15,0.38,0.36,"2025-09-30",952,"N20","nominal","2.0NRT",311.79,5.08,"D"
"5186",37.3214,45.00502,335.63,0.4,0.37,"2025-09-30",952,"N20","nominal","2.0NRT",309.89,2.39,"D"
"5187",37.78961,47.40038,352.26,0.39,0.36,"2025-09-30",952,"N20","nominal","2.0NRT",306.13,5.55,"D"
"5188",37.79292,47.39973,347.36,0.39,0.36,"2025-09-30",952,"N20","nominal","2.0NRT",307.14,5.55,"D"
"5189",36.94298,42.17271,340.41,0.49,0.4,"2025-09-30",952,"N20","nominal","2.0NRT",310.14,3.16,"D"
"5190",37.98454,48.54706,334.02,0.41,0.37,"2025-09-30",952,"N20","low","2.0NRT",307.62,2.14,"D"
"5191",36.9467,42.13193,339.79,0.49,0.4,"2025-09-30",952,"N20","nominal","2.0NRT",312.85,2.86,"D"
"5192",36.94531,42.13059,337.24,0.49,0.4,"2025-09-30",952,"N20","nominal","2.0NRT",311.92,4.46,"D"
"5193",37.69632,45.86311,337.04,0.39,0.36,"2025-09-30",952,"N20","nominal","2.0NRT",308.25,1.27,"D"
"5194",38.85082,54.2324,344.55,0.48,0.48,"2025-09-30",952,"N20","nominal","2.0NRT",309.78,3.15,"D"
"5195",37.72353,44.8948,342.48,0.4,0.37,"2025-09-30",952,"N20","nominal","2.0NRT",307.73,3.28,"D"
"5196",37.70602,44.76941,350.39,0.4,0.37,"2025-09-30",952,"N20","nominal","2.0NRT",315.95,11.1,"D"
"5197",38.23434,47.58844,336.6,0.39,0.36,"2025-09-30",952,"N20","nominal","2.0NRT",310.62,2.77,"D"
"5198",39.0394,54.25015,344.1,0.48,0.48,"2025-09-30",952,"N20","nominal","2.0NRT",310.87,6,"D"
"5199",39.03861,54.25437,336.1,0.48,0.48,"2025-09-30",952,"N20","low","2.0NRT",308.56,3.21,"D"
"5200",37.26023,40.30394,339.29,0.39,0.44,"2025-09-30",952,"N20","nominal","2.0NRT",307.65,2.18,"D"
"5201",37.21069,39.83085,341.52,0.41,0.45,"2025-09-30",952,"N20","nominal","2.0NRT",298.25,5.67,"D"
"5202",37.96698,43.42206,337.49,0.43,0.38,"2025-09-30",952,"N20","low","2.0NRT",307.85,5.58,"D"
"5203",39.52706,53.40818,335.35,0.44,0.46,"2025-09-30",952,"N20","nominal","2.0NRT",303.62,2.13,"D"
"5204",37.72263,40.69366,340.68,0.55,0.43,"2025-09-30",952,"N20","nominal","2.0NRT",301.15,8.68,"D"
"5205",38.7077,45.85001,332.54,0.38,0.36,"2025-09-30",952,"N20","low","2.0NRT",305.44,1.89,"D"
"5206",36.79327,35.26125,331.63,0.37,0.58,"2025-09-30",952,"N20","nominal","2.0NRT",296.24,1.55,"D"
"5207",37.51268,37.99479,333.03,0.51,0.49,"2025-09-30",952,"N20","nominal","2.0NRT",301.5,2.85,"D"
"5208",38.62596,43.37992,335.75,0.42,0.38,"2025-09-30",952,"N20","low","2.0NRT",306.14,1.26,"D"
"5209",38.63364,43.38297,339.28,0.42,0.38,"2025-09-30",952,"N20","nominal","2.0NRT",308.63,3.33,"D"
"5210",39.48099,46.29587,341.51,0.38,0.36,"2025-09-30",952,"N20","nominal","2.0NRT",298.77,3.44,"D"
"5211",39.55986,45.87335,338.31,0.38,0.36,"2025-09-30",952,"N20","nominal","2.0NRT",304.55,4.25,"D"
"5212",39.8949,43.96085,348.71,0.4,0.37,"2025-09-30",952,"N20","nominal","2.0NRT",306.48,2.86,"D"
"5213",39.89413,43.95631,338.8,0.4,0.37,"2025-09-30",952,"N20","nominal","2.0NRT",306.14,2.86,"D"
"5214",39.93498,43.98029,344.78,0.4,0.37,"2025-09-30",952,"N20","nominal","2.0NRT",306.23,3.82,"D"
"5215",39.99987,44.07701,334.08,0.4,0.37,"2025-09-30",952,"N20","nominal","2.0NRT",305.02,9.11,"D"
"5216",40.39819,44.7954,330.58,0.39,0.36,"2025-09-30",952,"N20","low","2.0NRT",301.92,3.26,"D"
"5217",40.40183,44.77558,343.64,0.39,0.36,"2025-09-30",952,"N20","nominal","2.0NRT",300.68,4.49,"D"
"5218",40.4011,44.77109,334.68,0.39,0.36,"2025-09-30",952,"N20","nominal","2.0NRT",302.92,4.49,"D"
"5219",40.40364,44.76567,343.09,0.39,0.36,"2025-09-30",952,"N20","nominal","2.0NRT",302.4,2.89,"D"
"5220",40.39564,44.716,341.21,0.39,0.36,"2025-09-30",952,"N20","nominal","2.0NRT",302.8,3.85,"D"
"5221",40.41269,44.80074,330.44,0.39,0.36,"2025-09-30",952,"N20","nominal","2.0NRT",300.36,2.31,"D"
"5222",40.40763,44.76925,332.85,0.39,0.36,"2025-09-30",952,"N20","nominal","2.0NRT",302.76,9.73,"D"
"5223",40.40691,44.76475,336.79,0.39,0.36,"2025-09-30",952,"N20","nominal","2.0NRT",300.64,53.5,"D"
"5224",40.39891,44.71508,330.83,0.39,0.36,"2025-09-30",952,"N20","low","2.0NRT",304.15,2.28,"D"
"5225",40.40474,44.75124,367,0.39,0.36,"2025-09-30",952,"N20","low","2.0NRT",327.19,29.97,"D"
"5226",40.41307,44.78183,337.48,0.39,0.36,"2025-09-30",952,"N20","nominal","2.0NRT",304.31,5.17,"D"
"5227",40.4109,44.76833,346.69,0.39,0.36,"2025-09-30",952,"N20","nominal","2.0NRT",306.91,9.73,"D"
"5228",40.41018,44.76383,347.37,0.39,0.36,"2025-09-30",952,"N20","nominal","2.0NRT",307.68,53.5,"D"
"5229",40.40873,44.75483,354.17,0.39,0.36,"2025-09-30",952,"N20","nominal","2.0NRT",308.94,29.97,"D"
"5230",40.408,44.75032,354.41,0.39,0.36,"2025-09-30",952,"N20","nominal","2.0NRT",303.38,29.97,"D"
"5231",40.40728,44.74581,341.48,0.39,0.36,"2025-09-30",952,"N20","nominal","2.0NRT",306.01,45.15,"D"
"5232",40.41417,44.76741,344.09,0.39,0.36,"2025-09-30",952,"N20","nominal","2.0NRT",300.38,3.85,"D"
"5233",40.41344,44.76291,354.7,0.39,0.36,"2025-09-30",952,"N20","nominal","2.0NRT",300.35,7.26,"D"
"5234",40.20244,43.45815,333.04,0.41,0.37,"2025-09-30",952,"N20","low","2.0NRT",304.94,4.44,"D"
"5235",40.44068,44.74115,346.24,0.39,0.36,"2025-09-30",952,"N20","nominal","2.0NRT",305.17,9.79,"D"
"5236",40.53514,44.79668,344.21,0.39,0.36,"2025-09-30",952,"N20","nominal","2.0NRT",299.27,8.61,"D"
"5237",37.76009,31.77471,326.57,0.53,0.67,"2025-09-30",952,"N20","nominal","2.0NRT",294.24,1.9,"D"
"5238",47.25171,52.49253,341.99,0.48,0.48,"2025-09-30",954,"N20","nominal","2.0NRT",291.24,5.49,"D"
"5239",15.82028,45.83466,343.95,0.48,0.48,"2025-09-30",945,"N20","low","2.0NRT",316.74,2.55,"D"
"5240",17.28205,42.40461,341.61,0.38,0.58,"2025-09-30",945,"N20","nominal","2.0NRT",304.14,5.13,"D"
"5241",17.7065,44.4509,343.61,0.54,0.51,"2025-09-30",945,"N20","low","2.0NRT",316.27,7.44,"D"
"5242",18.99032,41.89212,341.54,0.38,0.58,"2025-09-30",945,"N20","nominal","2.0NRT",306.54,3.58,"D"
"5243",18.98874,41.89183,345.31,0.38,0.58,"2025-09-30",945,"N20","nominal","2.0NRT",306.7,3.88,"D"
"5244",22.67208,56.24974,345.22,0.4,0.44,"2025-09-30",945,"N20","nominal","2.0NRT",309.61,2.2,"D"
"5245",23.18879,55.46225,340.74,0.55,0.43,"2025-09-30",945,"N20","nominal","2.0NRT",309.01,8.24,"D"
"5246",23.83428,53.67545,340.33,0.46,0.39,"2025-09-30",947,"N20","low","2.0NRT",312.8,13.79,"D"
"5247",23.86937,53.79047,345.63,0.46,0.39,"2025-09-30",947,"N20","nominal","2.0NRT",315.15,30.19,"D"
"5248",24.50252,56.60725,344.39,0.44,0.46,"2025-09-30",947,"N20","nominal","2.0NRT",302.36,5.87,"D"
"5249",23.86059,47.45591,367,0.44,0.39,"2025-09-30",947,"N20","high","2.0NRT",332.63,66.24,"D"
"5250",24.95437,51.59011,339.94,0.4,0.37,"2025-09-30",947,"N20","low","2.0NRT",312.48,5.93,"D"
"5251",25.16311,52.879,346.32,0.44,0.38,"2025-09-30",947,"N20","nominal","2.0NRT",305.63,9.83,"D"
"5252",22.70353,39.04137,367,0.48,0.65,"2025-09-30",947,"N20","high","2.0NRT",307.65,9.53,"D"
"5253",26.25532,61.05905,346.85,0.44,0.62,"2025-09-30",947,"N20","nominal","2.0NRT",314.92,2.21,"D"
"5254",25.14804,50.84425,338.57,0.39,0.36,"2025-09-30",947,"N20","low","2.0NRT",313.08,1.15,"D"
"5255",25.42442,52.73393,333.3,0.43,0.38,"2025-09-30",947,"N20","nominal","2.0NRT",301.88,4.25,"D"
"5256",25.50877,53.14894,335.09,0.45,0.39,"2025-09-30",947,"N20","nominal","2.0NRT",301.11,4.86,"D"
"5257",25.50794,53.14948,335.39,0.45,0.39,"2025-09-30",947,"N20","nominal","2.0NRT",301.87,5.35,"D"
"5258",25.53341,53.15002,337,0.45,0.39,"2025-09-30",947,"N20","nominal","2.0NRT",302.12,20.11,"D"
"5259",25.59371,52.5423,330.8,0.43,0.38,"2025-09-30",947,"N20","nominal","2.0NRT",302.17,2.01,"D"
"5260",23.54504,40.84225,345.09,0.35,0.57,"2025-09-30",947,"N20","low","2.0NRT",317.7,5.48,"D"
"5261",25.90244,54.53146,338.62,0.53,0.42,"2025-09-30",947,"N20","low","2.0NRT",312.97,5.59,"D"
"5262",45.25536,31.67358,331.75,0.33,0.55,"2025-09-30",954,"N20","nominal","2.0NRT",285.72,4.47,"D"
"5263",45.25641,31.67749,356.5,0.33,0.55,"2025-09-30",954,"N20","low","2.0NRT",286.96,4.47,"D"
"5264",48.22721,46.31745,329.78,0.43,0.38,"2025-09-30",954,"N20","nominal","2.0NRT",294.2,1.65,"D"
"5265",48.22999,46.31075,334.64,0.43,0.38,"2025-09-30",954,"N20","nominal","2.0NRT",295.31,3.73,"D"
"5266",45.35522,30.90748,329.74,0.35,0.57,"2025-09-30",954,"N20","nominal","2.0NRT",286.27,2.05,"D"
"5267",45.35404,30.90328,325.14,0.35,0.57,"2025-09-30",954,"N20","nominal","2.0NRT",287.21,2.05,"D"
"5268",45.37315,30.93135,327.26,0.35,0.57,"2025-09-30",954,"N20","nominal","2.0NRT",287.49,1.7,"D"
"5269",48.08736,43.65039,329.06,0.39,0.36,"2025-09-30",954,"N20","nominal","2.0NRT",293.09,3.91,"D"
"5270",48.09138,43.65447,325.44,0.39,0.36,"2025-09-30",954,"N20","nominal","2.0NRT",293.64,1.84,"D"
"5271",48.09064,43.64933,339.85,0.39,0.36,"2025-09-30",954,"N20","nominal","2.0NRT",295.09,3.91,"D"
"5272",44.18916,26.81726,327.88,0.58,0.7,"2025-09-30",954,"N20","nominal","2.0NRT",284.02,12.06,"D"
"5273",44.19136,26.82393,356.36,0.58,0.7,"2025-09-30",954,"N20","low","2.0NRT",283.67,16.41,"D"
"5274",48.09936,43.33551,333.34,0.39,0.36,"2025-09-30",954,"N20","nominal","2.0NRT",295.37,2.74,"D"
"5275",48.4901,45.01308,350.4,0.4,0.37,"2025-09-30",954,"N20","nominal","2.0NRT",293.27,13.09,"D"
"5276",48.48939,45.00765,353.53,0.4,0.37,"2025-09-30",954,"N20","nominal","2.0NRT",302.32,13.09,"D"
"5277",48.49417,45.01752,343.61,0.4,0.37,"2025-09-30",954,"N20","nominal","2.0NRT",297.95,9.36,"D"
"5278",48.49346,45.01208,334.37,0.4,0.37,"2025-09-30",954,"N20","nominal","2.0NRT",297.29,6.08,"D"
"5279",48.40262,43.84563,336.11,0.39,0.36,"2025-09-30",954,"N20","nominal","2.0NRT",291.22,2.11,"D"
"5280",48.40187,43.84043,327.82,0.39,0.36,"2025-09-30",954,"N20","nominal","2.0NRT",290.56,2.11,"D"
"5281",48.40113,43.83523,338.69,0.39,0.36,"2025-09-30",954,"N20","nominal","2.0NRT",292.69,2.89,"D"
"5282",48.35021,43.41349,329.44,0.39,0.36,"2025-09-30",954,"N20","nominal","2.0NRT",292.34,2.04,"D"
"5283",48.34946,43.40834,340.34,0.39,0.36,"2025-09-30",954,"N20","nominal","2.0NRT",294.12,3.19,"D"
"5284",48.35349,43.41241,332.89,0.39,0.36,"2025-09-30",954,"N20","nominal","2.0NRT",292.54,2.13,"D"
"5285",48.33155,41.63473,340.62,0.39,0.36,"2025-09-30",954,"N20","nominal","2.0NRT",296.85,4.49,"D"
"5286",50.34892,57.13229,329.84,0.42,0.61,"2025-09-30",954,"N20","nominal","2.0NRT",288.34,7.12,"D"
"5287",48.82513,39.8156,341.08,0.41,0.37,"2025-09-30",954,"N20","nominal","2.0NRT",292,3.54,"D"
"5288",48.8294,39.81964,329.79,0.41,0.37,"2025-09-30",954,"N20","nominal","2.0NRT",293.01,2.97,"D"
"5289",48.82061,39.27586,343.97,0.42,0.37,"2025-09-30",954,"N20","nominal","2.0NRT",294.46,10.39,"D"
"5290",48.93933,37.96511,325.96,0.45,0.39,"2025-09-30",954,"N20","nominal","2.0NRT",285.8,2.6,"D"
"5291",49.21198,38.43481,325.98,0.43,0.38,"2025-09-30",954,"N20","nominal","2.0NRT",287.54,2.43,"D"
"5292",49.20142,38.28308,335.4,0.44,0.38,"2025-09-30",954,"N20","nominal","2.0NRT",292.09,3.48,"D"
"5293",49.20031,38.27728,332.52,0.44,0.38,"2025-09-30",954,"N20","nominal","2.0NRT",293.6,3.75,"D"
"5294",51.16616,59.25159,331.76,0.52,0.67,"2025-09-30",954,"N20","nominal","2.0NRT",284.77,3.86,"D"
"5295",49.18166,38.02602,325.71,0.44,0.39,"2025-09-30",954,"N20","nominal","2.0NRT",281.18,3.88,"D"
"5296",50.70598,48.18009,335.88,0.52,0.42,"2025-09-30",954,"N20","nominal","2.0NRT",293.32,4.38,"D"
"5297",50.70527,48.17268,340.94,0.52,0.42,"2025-09-30",954,"N20","nominal","2.0NRT",294.03,4.38,"D"
"5298",50.90694,49.0755,332.23,0.57,0.43,"2025-09-30",954,"N20","nominal","2.0NRT",291.69,4.48,"D"
"5299",50.91488,49.07381,342.8,0.57,0.43,"2025-09-30",954,"N20","nominal","2.0NRT",292.81,6.68,"D"
"5300",50.69891,45.93108,346.73,0.44,0.39,"2025-09-30",956,"N20","nominal","2.0NRT",295.46,5.61,"D"
"5301",49.49655,37.71095,331.36,0.45,0.39,"2025-09-30",956,"N20","nominal","2.0NRT",283.22,3.52,"D"
"5302",49.49549,37.70875,337.96,0.45,0.39,"2025-09-30",956,"N20","nominal","2.0NRT",284.58,3.72,"D"
"5303",49.61111,37.70761,337.87,0.45,0.39,"2025-09-30",956,"N20","nominal","2.0NRT",285.44,3.5,"D"
"5304",49.6107,37.70673,346.57,0.44,0.39,"2025-09-30",956,"N20","nominal","2.0NRT",285.72,7.86,"D"
"5305",50.92439,45.79082,327.49,0.44,0.38,"2025-09-30",956,"N20","nominal","2.0NRT",293.81,2.48,"D"
"5306",51.59154,52.91532,350.3,0.55,0.51,"2025-09-30",956,"N20","nominal","2.0NRT",294.52,25.19,"D"
"5307",51.60188,52.93022,344.39,0.56,0.51,"2025-09-30",956,"N20","nominal","2.0NRT",293.6,20.77,"D"
"5308",51.61817,52.78978,325.62,0.55,0.51,"2025-09-30",956,"N20","nominal","2.0NRT",293.56,2.08,"D"
"5309",50.80881,43.8138,332.71,0.4,0.37,"2025-09-30",956,"N20","nominal","2.0NRT",296.55,7.62,"D"
"5310",50.88188,43.98853,326.43,0.4,0.37,"2025-09-30",956,"N20","nominal","2.0NRT",294.98,2.38,"D"
"5311",51.38315,48.32902,335.12,0.54,0.42,"2025-09-30",956,"N20","nominal","2.0NRT",287.94,3.34,"D"
"5312",51.44677,48.80887,367,0.56,0.43,"2025-09-30",956,"N20","high","2.0NRT",295.33,9.39,"D"
"5313",51.44751,48.81702,345.54,0.56,0.43,"2025-09-30",956,"N20","nominal","2.0NRT",294.28,9.39,"D"
"5314",51.44605,48.80072,348.21,0.56,0.43,"2025-09-30",956,"N20","nominal","2.0NRT",292.39,8.29,"D"
"5315",51.45291,48.8324,326.75,0.56,0.43,"2025-09-30",956,"N20","nominal","2.0NRT",291.3,2.57,"D"
"5316",51.45218,48.82423,328.78,0.56,0.43,"2025-09-30",956,"N20","nominal","2.0NRT",292.02,2.57,"D"
"5317",51.45145,48.81609,342.77,0.56,0.43,"2025-09-30",956,"N20","nominal","2.0NRT",292.56,7.77,"D"
"5318",51.87691,54.76393,348.27,0.33,0.56,"2025-09-30",956,"N20","nominal","2.0NRT",286.7,4.96,"D"
"5319",51.87821,54.76294,350.37,0.34,0.56,"2025-09-30",956,"N20","nominal","2.0NRT",286.06,4.57,"D"
"5320",51.84571,53.81676,335.55,0.61,0.53,"2025-09-30",956,"N20","nominal","2.0NRT",288.75,2.89,"D"
"5321",51.50205,48.5899,331.03,0.55,0.43,"2025-09-30",956,"N20","nominal","2.0NRT",291.27,3.47,"D"
"5322",50.24112,39.13103,347.68,0.41,0.37,"2025-09-30",956,"N20","nominal","2.0NRT",291.96,8.05,"D"
"5323",50.24341,39.12397,342.32,0.41,0.37,"2025-09-30",956,"N20","nominal","2.0NRT",295.64,14.85,"D"
"5324",50.73247,40.6496,339.99,0.39,0.36,"2025-09-30",956,"N20","nominal","2.0NRT",294.36,4.76,"D"
"5325",50.73571,40.64828,346.22,0.39,0.36,"2025-09-30",956,"N20","nominal","2.0NRT",295.85,4.76,"D"
"5326",50.73896,40.64698,329.32,0.39,0.36,"2025-09-30",956,"N20","nominal","2.0NRT",294.12,2.46,"D"
"5327",50.25281,37.60165,352.01,0.44,0.38,"2025-09-30",956,"N20","nominal","2.0NRT",270.72,14.42,"D"
"5328",50.25166,37.59567,352.73,0.44,0.38,"2025-09-30",956,"N20","nominal","2.0NRT",275.37,14.42,"D"
"5329",50.25278,37.58213,337.79,0.44,0.38,"2025-09-30",956,"N20","nominal","2.0NRT",271.43,5.4,"D"
"5330",50.25301,37.58102,333.23,0.44,0.38,"2025-09-30",956,"N20","nominal","2.0NRT",271.64,2.61,"D"
"5331",52.15436,50.96194,329.38,0.46,0.47,"2025-09-30",956,"N20","nominal","2.0NRT",292.4,1.71,"D"
"5332",50.5154,37.86793,331.1,0.43,0.38,"2025-09-30",956,"N20","nominal","2.0NRT",277.97,5.04,"D"
"5333",52.56419,51.73218,334.4,0.5,0.49,"2025-09-30",956,"N20","nominal","2.0NRT",287,2.93,"D"
"5334",52.56445,51.73145,337.85,0.5,0.49,"2025-09-30",956,"N20","nominal","2.0NRT",288.04,4.28,"D"
"5335",52.55544,48.64677,346.01,0.57,0.43,"2025-09-30",956,"N20","nominal","2.0NRT",294.61,6.42,"D"
"5336",52.55468,48.63831,335.25,0.57,0.43,"2025-09-30",956,"N20","nominal","2.0NRT",293.81,8.53,"D"
"5337",52.55272,48.64637,328.34,0.57,0.43,"2025-09-30",956,"N20","nominal","2.0NRT",293.26,3.43,"D"
"5338",52.5567,48.64548,331.6,0.57,0.43,"2025-09-30",956,"N20","nominal","2.0NRT",293.24,4.52,"D"
"5339",52.55598,48.637,334.39,0.57,0.43,"2025-09-30",956,"N20","nominal","2.0NRT",293.64,4.52,"D"
"5340",52.55527,48.62856,325,0.57,0.43,"2025-09-30",956,"N20","nominal","2.0NRT",293.59,2.79,"D"
"5341",51.13837,37.93303,337.98,0.42,0.38,"2025-09-30",956,"N20","nominal","2.0NRT",290.14,6.76,"D"
"5342",51.90908,42.42041,325.15,0.39,0.36,"2025-09-30",956,"N20","nominal","2.0NRT",288.67,3.32,"D"
"5343",51.3811,37.50059,348.9,0.43,0.38,"2025-09-30",956,"N20","nominal","2.0NRT",289.09,6.71,"D"
"5344",53.19105,51.132,335.11,0.48,0.48,"2025-09-30",956,"N20","nominal","2.0NRT",290.24,3.11,"D"
"5345",53.1955,51.13123,325.81,0.48,0.48,"2025-09-30",956,"N20","nominal","2.0NRT",289.55,3.11,"D"
"5346",53.18718,50.9999,337.32,0.48,0.48,"2025-09-30",956,"N20","nominal","2.0NRT",290.7,2.5,"D"
"5347",52.99171,45.67625,338.3,0.46,0.39,"2025-09-30",956,"N20","nominal","2.0NRT",293.77,15.11,"D"
"5348",52.99094,45.66937,326.06,0.46,0.39,"2025-09-30",956,"N20","nominal","2.0NRT",290.49,15.11,"D"
"5349",52.99887,45.67416,341.89,0.46,0.39,"2025-09-30",956,"N20","nominal","2.0NRT",293.23,5.97,"D"
"5350",52.66413,41.8387,325.95,0.39,0.36,"2025-09-30",956,"N20","nominal","2.0NRT",282.56,2.31,"D"
"5351",53.71007,50.47481,334.09,0.46,0.47,"2025-09-30",956,"N20","nominal","2.0NRT",288.01,3.09,"D"
"5352",52.7839,41.5752,331,0.39,0.36,"2025-09-30",956,"N20","nominal","2.0NRT",284.52,5.75,"D"
"5353",52.81171,41.62386,340.36,0.39,0.36,"2025-09-30",956,"N20","nominal","2.0NRT",282.83,3.28,"D"
"5354",52.52708,39.6357,326.79,0.39,0.36,"2025-09-30",956,"N20","nominal","2.0NRT",287.34,3.85,"D"
"5355",52.53356,39.63283,333.81,0.39,0.36,"2025-09-30",956,"N20","nominal","2.0NRT",295,3.73,"D"
"5356",52.54602,39.64526,330.05,0.39,0.36,"2025-09-30",956,"N20","nominal","2.0NRT",289.35,3.25,"D"
"5357",52.5451,39.63968,330.83,0.39,0.36,"2025-09-30",956,"N20","nominal","2.0NRT",288.79,3.25,"D"
"5358",52.54144,39.61737,332.8,0.39,0.36,"2025-09-30",956,"N20","nominal","2.0NRT",287.98,3.57,"D"
"5359",52.56489,39.69672,327.98,0.39,0.36,"2025-09-30",956,"N20","nominal","2.0NRT",287.83,2.01,"D"
"5360",52.55531,39.61722,334.54,0.39,0.36,"2025-09-30",956,"N20","nominal","2.0NRT",291.91,7.52,"D"
"5361",52.55535,39.57528,327.68,0.39,0.36,"2025-09-30",956,"N20","nominal","2.0NRT",300.69,38.54,"D"
"5362",52.55859,39.57384,332.09,0.39,0.36,"2025-09-30",956,"N20","nominal","2.0NRT",288.18,4.54,"D"
"5363",53.05685,41.73642,330.1,0.39,0.36,"2025-09-30",956,"N20","nominal","2.0NRT",283.2,3.71,"D"
"5364",51.68748,34.11822,335.79,0.53,0.42,"2025-09-30",956,"N20","nominal","2.0NRT",284.09,6.24,"D"
"5365",53.18608,41.96422,327.57,0.39,0.36,"2025-09-30",956,"N20","nominal","2.0NRT",282.58,2.03,"D"
"5366",53.30696,42.01933,336.16,0.39,0.36,"2025-09-30",956,"N20","nominal","2.0NRT",283.92,2.9,"D"
"5367",51.85699,33.76636,327.62,0.54,0.42,"2025-09-30",956,"N20","nominal","2.0NRT",280.37,4.16,"D"
"5368",53.35226,41.85912,341.22,0.39,0.36,"2025-09-30",956,"N20","nominal","2.0NRT",284.34,5.76,"D"
"5369",53.41009,42.1981,342.05,0.39,0.36,"2025-09-30",956,"N20","nominal","2.0NRT",286.47,10.04,"D"
"5370",53.38985,42.0278,325.02,0.39,0.36,"2025-09-30",956,"N20","nominal","2.0NRT",283.06,1.57,"D"
"5371",53.43682,41.97654,332.44,0.39,0.36,"2025-09-30",956,"N20","nominal","2.0NRT",284.4,2.75,"D"
"5372",53.49409,42.11403,331.28,0.39,0.36,"2025-09-30",956,"N20","nominal","2.0NRT",283.77,2.68,"D"
"5373",53.51394,42.0323,330.65,0.39,0.36,"2025-09-30",956,"N20","nominal","2.0NRT",283.82,2.66,"D"
"5374",52.19662,33.6853,330.11,0.53,0.42,"2025-09-30",956,"N20","nominal","2.0NRT",281.76,3.68,"D"
"5375",52.22015,33.67982,339.28,0.53,0.42,"2025-09-30",956,"N20","nominal","2.0NRT",282.09,5.46,"D"
"5376",51.89165,32.22436,355.41,0.4,0.45,"2025-09-30",956,"N20","nominal","2.0NRT",280,8.72,"D"
"5377",52.22946,33.66598,327.51,0.53,0.42,"2025-09-30",956,"N20","nominal","2.0NRT",282.55,4.58,"D"
"5378",54.85664,58.19158,331.91,0.48,0.65,"2025-09-30",956,"N20","nominal","2.0NRT",273.84,2.95,"D"
"5379",54.85185,58.19075,328.31,0.48,0.65,"2025-09-30",956,"N20","nominal","2.0NRT",273.01,4.61,"D"
"5380",54.54531,49.35634,337.69,0.43,0.46,"2025-09-30",956,"N20","nominal","2.0NRT",284.72,6.33,"D"
"5381",54.06748,43.87212,328.94,0.43,0.38,"2025-09-30",956,"N20","nominal","2.0NRT",289.45,15.65,"D"
"5382",52.62393,34.57428,333.45,0.49,0.4,"2025-09-30",956,"N20","nominal","2.0NRT",281.82,2.97,"D"
"5383",54.86975,52.28672,330.2,0.56,0.51,"2025-09-30",956,"N20","nominal","2.0NRT",281.86,4.29,"D"
"5384",52.81038,34.21661,329.52,0.49,0.41,"2025-09-30",956,"N20","nominal","2.0NRT",281.6,4.38,"D"
"5385",52.80647,34.17941,329.01,0.5,0.41,"2025-09-30",956,"N20","nominal","2.0NRT",278.46,3.34,"D"
"5386",52.90206,34.35835,327.84,0.49,0.4,"2025-09-30",956,"N20","nominal","2.0NRT",276.37,5.61,"D"
"5387",52.90704,34.36318,346.39,0.49,0.4,"2025-09-30",956,"N20","nominal","2.0NRT",276.26,8.78,"D"
"5388",52.89235,34.1446,331.06,0.5,0.41,"2025-09-30",956,"N20","nominal","2.0NRT",277.16,5.11,"D"
"5389",53.34693,35.06001,331.02,0.46,0.39,"2025-09-30",956,"N20","nominal","2.0NRT",282.18,2.21,"D"
"5390",53.35036,35.05807,325.05,0.46,0.39,"2025-09-30",956,"N20","nominal","2.0NRT",281.82,2.21,"D"
"5391",53.34851,35.05775,328.41,0.46,0.39,"2025-09-30",956,"N20","nominal","2.0NRT",284.02,5.77,"D"
"5392",53.38128,35.19983,329.37,0.45,0.39,"2025-09-30",956,"N20","nominal","2.0NRT",283.5,2.53,"D"
"5393",54.16646,37.71666,325.9,0.4,0.37,"2025-09-30",956,"N20","nominal","2.0NRT",294.94,26.49,"D"
"5394",53.47786,34.12088,333.92,0.48,0.4,"2025-09-30",956,"N20","nominal","2.0NRT",273.2,5.12,"D"
"5395",54.23555,37.45457,328.98,0.4,0.37,"2025-09-30",956,"N20","nominal","2.0NRT",284.75,1.62,"D"
"5396",54.14319,35.98315,336.8,0.42,0.38,"2025-09-30",956,"N20","nominal","2.0NRT",283.44,4.21,"D"
"5397",55.60098,42.01573,325.5,0.4,0.37,"2025-09-30",956,"N20","nominal","2.0NRT",284.6,1.11,"D"
"5398",55.65684,40.81783,331.11,0.39,0.36,"2025-09-30",956,"N20","nominal","2.0NRT",285.39,4.5,"D"
"5399",55.75154,41.36473,352.09,0.4,0.37,"2025-09-30",956,"N20","nominal","2.0NRT",287.45,10.08,"D"
"5400",55.69025,40.86724,330.22,0.39,0.36,"2025-09-30",956,"N20","nominal","2.0NRT",286.29,3.67,"D"
"5401",55.84672,41.89777,328.22,0.4,0.37,"2025-09-30",956,"N20","nominal","2.0NRT",283.97,3.24,"D"
"5402",55.82835,41.70422,336.89,0.4,0.37,"2025-09-30",956,"N20","nominal","2.0NRT",284.31,4.32,"D"
"5403",55.10238,36.91265,329.21,0.4,0.37,"2025-09-30",956,"N20","nominal","2.0NRT",285.06,10.18,"D"
"5404",55.73003,40.68065,328.49,0.39,0.36,"2025-09-30",956,"N20","nominal","2.0NRT",283.44,5.07,"D"
"5405",55.8528,41.46742,340,0.4,0.37,"2025-09-30",956,"N20","nominal","2.0NRT",287.75,15.18,"D"
"5406",55.85611,41.46602,344.13,0.4,0.37,"2025-09-30",956,"N20","nominal","2.0NRT",285.38,9.39,"D"
"5407",55.88179,41.54686,337.74,0.4,0.37,"2025-09-30",956,"N20","nominal","2.0NRT",284.15,6.64,"D"
"5408",55.90432,41.66432,336.03,0.4,0.37,"2025-09-30",956,"N20","nominal","2.0NRT",283.11,3.66,"D"
"5409",55.88823,41.43765,349.3,0.4,0.37,"2025-09-30",956,"N20","nominal","2.0NRT",288.36,16.57,"D"
"5410",55.94101,41.81023,326.34,0.4,0.37,"2025-09-30",956,"N20","nominal","2.0NRT",283.46,4.09,"D"
"5411",55.94434,41.80883,327.14,0.4,0.37,"2025-09-30",956,"N20","nominal","2.0NRT",283.5,4.09,"D"
"5412",55.84729,41.0587,327.48,0.39,0.37,"2025-09-30",956,"N20","nominal","2.0NRT",283.25,4.19,"D"
"5413",55.86897,41.11507,327.13,0.4,0.37,"2025-09-30",956,"N20","nominal","2.0NRT",283.01,1.84,"D"
"5414",55.99193,41.93099,336.06,0.41,0.37,"2025-09-30",956,"N20","nominal","2.0NRT",284.41,2.95,"D"
"5415",55.88872,41.10649,340.2,0.4,0.37,"2025-09-30",956,"N20","nominal","2.0NRT",289.24,19.04,"D"
"5416",55.16919,36.48103,332.92,0.4,0.37,"2025-09-30",956,"N20","nominal","2.0NRT",284.9,3.37,"D"
"5417",55.99426,41.70732,333.72,0.4,0.37,"2025-09-30",956,"N20","nominal","2.0NRT",283.43,4.64,"D"
"5418",56.01522,41.78614,327.15,0.4,0.37,"2025-09-30",956,"N20","nominal","2.0NRT",281.97,3.2,"D"
"5419",56.01437,41.77974,325.89,0.4,0.37,"2025-09-30",956,"N20","nominal","2.0NRT",283.38,3.2,"D"
"5420",56.31845,43.43198,332.18,0.44,0.38,"2025-09-30",956,"N20","nominal","2.0NRT",279.32,2.95,"D"
"5421",55.04706,34.98426,326.65,0.43,0.38,"2025-09-30",956,"N20","nominal","2.0NRT",282.5,1.53,"D"
"5422",56.09626,41.22531,341.63,0.4,0.37,"2025-09-30",956,"N20","nominal","2.0NRT",285.04,9.98,"D"
"5423",56.39241,41.54062,343.1,0.4,0.37,"2025-09-30",956,"N20","nominal","2.0NRT",284.28,4.16,"D"
"5424",56.43237,40.65265,328.48,0.39,0.36,"2025-09-30",956,"N20","nominal","2.0NRT",283.12,3.27,"D"
"5425",56.43305,40.63236,330.07,0.39,0.36,"2025-09-30",956,"N20","nominal","2.0NRT",283.93,2.3,"D"
"5426",56.22588,38.73042,339.42,0.38,0.36,"2025-09-30",956,"N20","nominal","2.0NRT",286.5,12.85,"D"
"5427",56.30776,38.11014,327.99,0.38,0.36,"2025-09-30",956,"N20","nominal","2.0NRT",284.24,2.3,"D"
"5428",55.76174,34.04173,326.99,0.44,0.38,"2025-09-30",956,"N20","nominal","2.0NRT",284.2,3.22,"D"
"5429",56.25036,36.44379,327.82,0.4,0.37,"2025-09-30",956,"N20","nominal","2.0NRT",287.48,7.24,"D"
"5430",57.31255,42.67162,325.28,0.43,0.38,"2025-09-30",956,"N20","nominal","2.0NRT",282.7,5.86,"D"
"5431",57.73092,40.83829,328.53,0.4,0.37,"2025-09-30",956,"N20","nominal","2.0NRT",283.52,2.86,"D"
"5432",59.13166,37.791,334.36,0.39,0.36,"2025-09-30",958,"N20","nominal","2.0NRT",296.03,6.96,"D"
"5433",59.14496,37.83326,328.43,0.39,0.36,"2025-09-30",958,"N20","nominal","2.0NRT",285.74,1.48,"D"
"5434",59.58796,37.66227,327.41,0.39,0.36,"2025-09-30",958,"N20","nominal","2.0NRT",283.39,2.58,"D"
"5435",29.01679,31.20564,336.65,0.5,0.49,"2025-09-30",1130,"N20","low","2.0NRT",309.98,6.46,"D"
"5436",29.02008,31.01077,345.17,0.49,0.48,"2025-09-30",1130,"N20","nominal","2.0NRT",305.69,5.03,"D"
"5437",29.68839,32.32545,334.03,0.59,0.53,"2025-09-30",1130,"N20","low","2.0NRT",307.62,5.1,"D"
"5438",29.69127,32.32411,343.84,0.6,0.53,"2025-09-30",1130,"N20","nominal","2.0NRT",307.66,7.81,"D"
"5439",29.80221,32.0921,336.9,0.58,0.52,"2025-09-30",1130,"N20","low","2.0NRT",310.88,4.95,"D"
"5440",29.96587,31.64084,344.81,0.55,0.51,"2025-09-30",1130,"N20","nominal","2.0NRT",307.44,5.62,"D"
"5441",30.08442,30.04374,340.1,0.44,0.46,"2025-09-30",1130,"N20","nominal","2.0NRT",308.97,2.86,"D"
"5442",30.08394,30.03913,344.26,0.44,0.46,"2025-09-30",1130,"N20","nominal","2.0NRT",308.73,3.98,"D"
"5443",30.28372,31.85039,335.96,0.57,0.52,"2025-09-30",1130,"N20","nominal","2.0NRT",304.86,3.44,"D"
"5444",30.3693,27.23275,337.29,0.48,0.4,"2025-09-30",1130,"N20","nominal","2.0NRT",304.57,2.88,"D"
"5445",30.93344,31.91974,330.27,0.58,0.52,"2025-09-30",1130,"N20","nominal","2.0NRT",300.15,1.7,"D"
"5446",30.30612,26.04215,337.96,0.43,0.38,"2025-09-30",1130,"N20","low","2.0NRT",310.82,1.33,"D"
"5447",31.08516,31.50678,335.65,0.55,0.51,"2025-09-30",1130,"N20","nominal","2.0NRT",298.26,6.72,"D"
"5448",30.53471,26.08273,341.84,0.43,0.38,"2025-09-30",1130,"N20","nominal","2.0NRT",308.21,2.36,"D"
"5449",31.19204,31.35339,333.49,0.54,0.51,"2025-09-30",1130,"N20","nominal","2.0NRT",298.93,4.14,"D"
"5450",31.20034,31.34092,330.17,0.54,0.51,"2025-09-30",1130,"N20","nominal","2.0NRT",298.53,3.16,"D"
"5451",30.66831,26.3677,335.68,0.44,0.39,"2025-09-30",1130,"N20","low","2.0NRT",307.3,1.73,"D"
"5452",30.86312,27.60007,340.56,0.5,0.41,"2025-09-30",1130,"N20","nominal","2.0NRT",303.88,3.31,"D"
"5453",32.01279,34.98904,348.39,0.45,0.63,"2025-09-30",1130,"N20","nominal","2.0NRT",302.7,5.36,"D"
"5454",32.01231,34.99188,342.17,0.46,0.63,"2025-09-30",1130,"N20","nominal","2.0NRT",301.23,8.99,"D"
"5455",32.87435,35.46053,350.55,0.49,0.65,"2025-09-30",1132,"N20","nominal","2.0NRT",299.16,6,"D"
"5456",32.87589,35.45866,347.36,0.49,0.65,"2025-09-30",1132,"N20","nominal","2.0NRT",299.83,7.14,"D"
"5457",33.80044,35.87485,331.28,0.53,0.67,"2025-09-30",1132,"N20","nominal","2.0NRT",297.83,2.74,"D"
"5458",34.36706,35.74997,332.69,0.53,0.67,"2025-09-30",1132,"N20","nominal","2.0NRT",296.21,3.69,"D"
"5459",35.34624,36.35979,331.74,0.58,0.7,"2025-09-30",1132,"N20","nominal","2.0NRT",302.64,4.06,"D"
"5460",36.73343,36.21148,331.17,0.58,0.7,"2025-09-30",1132,"N20","nominal","2.0NRT",290.21,4.17,"D"
"5461",37.31044,30.73964,333.02,0.58,0.52,"2025-09-30",1132,"N20","nominal","2.0NRT",299.16,3.73,"D"
"5462",38.74219,26.95196,330.45,0.57,0.43,"2025-09-30",1132,"N20","nominal","2.0NRT",300.22,2.2,"D"
"5463",40.78361,26.35846,333.48,0.57,0.43,"2025-09-30",1134,"N20","nominal","2.0NRT",294.19,2.97,"D"
"5464",40.78175,26.35748,334.86,0.57,0.43,"2025-09-30",1134,"N20","nominal","2.0NRT",294.81,3.45,"D"
"5465",40.80293,26.32671,328.59,0.56,0.43,"2025-09-30",1134,"N20","nominal","2.0NRT",293.03,1.85,"D"
"5466",41.11729,26.645,341.45,0.39,0.44,"2025-09-30",1134,"N20","nominal","2.0NRT",300.59,4.46,"D"
"5467",41.31239,27.10853,339.81,0.42,0.45,"2025-09-30",1134,"N20","nominal","2.0NRT",300.91,3.51,"D"
"5468",41.35219,27.31702,340.81,0.43,0.46,"2025-09-30",1134,"N20","nominal","2.0NRT",298.64,3.86,"D"
"5469",45.25726,31.67507,367,0.38,0.59,"2025-09-30",1134,"N20","high","2.0NRT",291.18,13.62,"D"
"5470",45.35458,30.90414,351.83,0.35,0.57,"2025-09-30",1134,"N20","nominal","2.0NRT",288.71,3.68,"D"
"5471",13.3914,30.27088,349.39,0.44,0.38,"2025-09-30",1125,"N20","nominal","2.0NRT",311.6,10.85,"D"
"5472",12.98411,26.55316,348.15,0.39,0.36,"2025-09-30",1125,"N20","nominal","2.0NRT",310.16,6.51,"D"
"5473",12.98355,26.54957,342.94,0.39,0.36,"2025-09-30",1125,"N20","nominal","2.0NRT",308.67,3.62,"D"
"5474",13.63986,28.49928,336.39,0.39,0.36,"2025-09-30",1125,"N20","nominal","2.0NRT",300.7,3.09,"D"
"5475",13.76215,29.05424,341.49,0.4,0.37,"2025-09-30",1125,"N20","nominal","2.0NRT",302.09,4.66,"D"
"5476",13.76606,29.05743,339.79,0.4,0.37,"2025-09-30",1125,"N20","nominal","2.0NRT",303.64,4.66,"D"
"5477",13.85603,29.28821,338.97,0.41,0.37,"2025-09-30",1125,"N20","low","2.0NRT",310.77,4.25,"D"
"5478",13.76922,28.40936,342.63,0.39,0.36,"2025-09-30",1125,"N20","nominal","2.0NRT",301.79,4.66,"D"
"5479",13.77307,28.41243,343.12,0.39,0.36,"2025-09-30",1125,"N20","nominal","2.0NRT",300.88,4.45,"D"
"5480",13.43992,26.1433,353.62,0.4,0.37,"2025-09-30",1125,"N20","nominal","2.0NRT",315.8,9.06,"D"
"5481",13.43475,26.11047,349.42,0.4,0.37,"2025-09-30",1125,"N20","nominal","2.0NRT",315.99,6.32,"D"
"5482",13.4381,26.10992,340.35,0.4,0.37,"2025-09-30",1125,"N20","low","2.0NRT",313.27,2.81,"D"
"5483",13.46107,26.12489,347.75,0.4,0.37,"2025-09-30",1125,"N20","nominal","2.0NRT",316.37,8.24,"D"
"5484",13.4605,26.12123,344.9,0.4,0.37,"2025-09-30",1125,"N20","low","2.0NRT",317.53,9.22,"D"
"5485",13.46499,26.12799,367,0.4,0.37,"2025-09-30",1125,"N20","high","2.0NRT",315.97,8.24,"D"
"5486",13.47063,26.14205,348.49,0.4,0.37,"2025-09-30",1125,"N20","nominal","2.0NRT",314.81,6.43,"D"
"5487",13.48181,26.1477,350.97,0.4,0.37,"2025-09-30",1125,"N20","nominal","2.0NRT",318.53,10.3,"D"
"5488",13.48398,26.14703,355.28,0.4,0.37,"2025-09-30",1125,"N20","nominal","2.0NRT",316.08,13.63,"D"
"5489",13.49009,26.1423,346.34,0.4,0.37,"2025-09-30",1125,"N20","nominal","2.0NRT",313.67,13.91,"D"
"5490",13.49402,26.14539,349.49,0.4,0.37,"2025-09-30",1125,"N20","nominal","2.0NRT",312.76,13.91,"D"
"5491",13.49344,26.14175,352.54,0.4,0.37,"2025-09-30",1125,"N20","nominal","2.0NRT",311.22,13.91,"D"
"5492",13.50129,26.14793,349.62,0.4,0.37,"2025-09-30",1125,"N20","nominal","2.0NRT",318.29,34.67,"D"
"5493",13.50578,26.15466,345.46,0.4,0.37,"2025-09-30",1125,"N20","nominal","2.0NRT",314.27,6.21,"D"
"5494",13.50463,26.14738,345.58,0.4,0.37,"2025-09-30",1125,"N20","nominal","2.0NRT",312.39,6.68,"D"
"5495",13.51085,26.16501,347.04,0.4,0.37,"2025-09-30",1125,"N20","nominal","2.0NRT",314.18,4.92,"D"
"5496",13.51028,26.16138,344.99,0.4,0.37,"2025-09-30",1125,"N20","nominal","2.0NRT",312.77,4.92,"D"
"5497",14.0186,28.88668,331.27,0.4,0.37,"2025-09-30",1125,"N20","nominal","2.0NRT",278.28,3.4,"D"
"5498",13.80985,27.41221,367,0.38,0.36,"2025-09-30",1125,"N20","high","2.0NRT",322.11,20.6,"D"
"5499",13.64179,26.08729,340.78,0.4,0.37,"2025-09-30",1125,"N20","low","2.0NRT",313.83,4.95,"D"
"5500",13.64121,26.08364,342.91,0.4,0.37,"2025-09-30",1125,"N20","low","2.0NRT",313.42,6.36,"D"
"5501",13.73628,26.51649,349.33,0.39,0.36,"2025-09-30",1125,"N20","nominal","2.0NRT",309.57,9.27,"D"
"5502",13.73573,26.51291,342.33,0.39,0.36,"2025-09-30",1125,"N20","nominal","2.0NRT",306.84,16.66,"D"
"5503",13.70465,26.20381,342.99,0.4,0.37,"2025-09-30",1125,"N20","nominal","2.0NRT",310.43,17.94,"D"
"5504",13.70409,26.20019,351.34,0.4,0.37,"2025-09-30",1125,"N20","nominal","2.0NRT",312.94,20.92,"D"
"5505",13.69444,26.13843,341.42,0.4,0.37,"2025-09-30",1125,"N20","low","2.0NRT",315.28,5.54,"D"
"5506",14.4686,31.35548,347.48,0.51,0.41,"2025-09-30",1125,"N20","nominal","2.0NRT",314.18,13.66,"D"
"5507",13.70856,26.20689,356.14,0.4,0.37,"2025-09-30",1125,"N20","nominal","2.0NRT",314.93,17.94,"D"
"5508",13.7126,26.21638,339.98,0.4,0.37,"2025-09-30",1125,"N20","low","2.0NRT",311.62,13.22,"D"
"5509",13.71203,26.21276,349.63,0.4,0.37,"2025-09-30",1125,"N20","nominal","2.0NRT",310.97,9.55,"D"
"5510",13.70778,26.14271,342.03,0.4,0.37,"2025-09-30",1125,"N20","low","2.0NRT",316.92,7.84,"D"
"5511",14.46914,31.35616,349.94,0.51,0.41,"2025-09-30",1125,"N20","nominal","2.0NRT",313.82,11.6,"D"
"5512",14.46851,31.35145,350.34,0.51,0.41,"2025-09-30",1125,"N20","nominal","2.0NRT",314.26,11.6,"D"
"5513",14.47228,31.35093,348.9,0.51,0.41,"2025-09-30",1125,"N20","nominal","2.0NRT",316.74,33.03,"D"
"5514",13.74022,26.30461,344.53,0.39,0.37,"2025-09-30",1125,"N20","low","2.0NRT",315.06,3.35,"D"
"5515",13.73965,26.301,344.29,0.39,0.37,"2025-09-30",1125,"N20","low","2.0NRT",316.83,3.35,"D"
"5516",13.73566,26.27571,347.61,0.39,0.37,"2025-09-30",1125,"N20","nominal","2.0NRT",315.27,3.4,"D"
"5517",13.73509,26.27209,345.79,0.39,0.37,"2025-09-30",1125,"N20","nominal","2.0NRT",314.64,3.4,"D"
"5518",14.47856,31.36924,341.78,0.51,0.41,"2025-09-30",1125,"N20","low","2.0NRT",313.05,14.32,"D"
"5519",14.47542,31.3457,346.26,0.51,0.41,"2025-09-30",1125,"N20","nominal","2.0NRT",312.2,16.38,"D"
"5520",13.74014,26.28239,346.62,0.39,0.37,"2025-09-30",1125,"N20","nominal","2.0NRT",313.96,6.38,"D"
"5521",14.48233,31.36871,344.97,0.51,0.41,"2025-09-30",1125,"N20","nominal","2.0NRT",314.37,20.13,"D"
"5522",14.48358,31.34934,341.68,0.51,0.41,"2025-09-30",1125,"N20","low","2.0NRT",313.99,13.65,"D"
"5523",14.5707,31.85781,337.42,0.54,0.42,"2025-09-30",1125,"N20","nominal","2.0NRT",305.69,4.15,"D"
"5524",14.57459,31.85727,341.42,0.54,0.42,"2025-09-30",1125,"N20","nominal","2.0NRT",305.61,4.15,"D"
"5525",13.89868,26.62086,347.03,0.39,0.36,"2025-09-30",1125,"N20","low","2.0NRT",317.63,5.69,"D"
"5526",13.90199,26.62032,344.01,0.39,0.36,"2025-09-30",1125,"N20","nominal","2.0NRT",313.75,5.69,"D"
"5527",13.90641,26.62691,346.75,0.39,0.36,"2025-09-30",1125,"N20","nominal","2.0NRT",314.46,16.07,"D"
"5528",13.90585,26.62335,349.92,0.39,0.36,"2025-09-30",1125,"N20","nominal","2.0NRT",316.37,10.17,"D"
"5529",13.90916,26.62281,350.21,0.39,0.36,"2025-09-30",1125,"N20","nominal","2.0NRT",315.52,10.17,"D"
"5530",13.91414,26.63297,342.66,0.39,0.36,"2025-09-30",1125,"N20","low","2.0NRT",313.61,9.91,"D"
"5531",14.79186,32.59679,345.61,0.4,0.45,"2025-09-30",1125,"N20","nominal","2.0NRT",312.3,12.66,"D"
"5532",14.45756,29.99869,367,0.44,0.38,"2025-09-30",1125,"N20","low","2.0NRT",325.47,19.98,"D"
"5533",14.46108,29.99817,353.36,0.44,0.38,"2025-09-30",1125,"N20","nominal","2.0NRT",324.62,13.48,"D"
"5534",14.46401,29.99361,367,0.44,0.38,"2025-09-30",1125,"N20","high","2.0NRT",323.23,16.1,"D"
"5535",14.4658,29.98097,353.76,0.44,0.38,"2025-09-30",1125,"N20","nominal","2.0NRT",322.85,13.06,"D"
"5536",14.83832,32.60202,346.32,0.4,0.45,"2025-09-30",1125,"N20","nominal","2.0NRT",311.15,12.65,"D"
"5537",14.84241,32.60147,344.34,0.4,0.45,"2025-09-30",1125,"N20","nominal","2.0NRT",311.26,13.8,"D"
"5538",14.8418,32.60117,345.19,0.41,0.45,"2025-09-30",1125,"N20","nominal","2.0NRT",311.06,13.75,"D"
"5539",14.68804,29.9949,350.84,0.44,0.38,"2025-09-30",1125,"N20","low","2.0NRT",322.63,4.17,"D"
"5540",14.69214,29.99845,355.89,0.44,0.38,"2025-09-30",1125,"N20","nominal","2.0NRT",328.02,12.35,"D"
"5541",14.69329,30.0066,367,0.44,0.38,"2025-09-30",1125,"N20","low","2.0NRT",325.66,4.01,"D"
"5542",14.69272,30.00252,367,0.44,0.38,"2025-09-30",1125,"N20","low","2.0NRT",326.22,12.35,"D"
"5543",14.69624,30.002,353.84,0.44,0.38,"2025-09-30",1125,"N20","nominal","2.0NRT",326.96,12.35,"D"
"5544",14.69682,30.00608,350.6,0.44,0.38,"2025-09-30",1125,"N20","low","2.0NRT",326.13,4.01,"D"
"5545",14.75338,30.04826,350.21,0.44,0.39,"2025-09-30",1125,"N20","low","2.0NRT",323.26,9.67,"D"
"5546",14.75634,30.04364,367,0.44,0.39,"2025-09-30",1125,"N20","low","2.0NRT",325.68,8.27,"D"
"5547",14.76988,30.03747,350.39,0.44,0.39,"2025-09-30",1125,"N20","low","2.0NRT",323.95,5.08,"D"
"5548",14.77636,30.03234,349.09,0.44,0.39,"2025-09-30",1125,"N20","low","2.0NRT",323.55,4.94,"D"
"5549",14.21283,26.15175,346.57,0.4,0.37,"2025-09-30",1125,"N20","low","2.0NRT",319.46,4.81,"D"
"5550",14.21559,26.14758,350.17,0.4,0.37,"2025-09-30",1125,"N20","nominal","2.0NRT",320.03,4.81,"D"
"5551",14.21836,26.14341,350.27,0.4,0.37,"2025-09-30",1125,"N20","nominal","2.0NRT",317.68,4.56,"D"
"5552",14.21779,26.13979,347.46,0.4,0.37,"2025-09-30",1125,"N20","low","2.0NRT",318.13,4.56,"D"
"5553",14.21609,26.12892,351.73,0.4,0.37,"2025-09-30",1125,"N20","nominal","2.0NRT",317.64,9.11,"D"
"5554",14.30998,26.14254,341.36,0.39,0.37,"2025-09-30",1125,"N20","nominal","2.0NRT",311.04,7.52,"D"
"5555",14.31559,26.15649,353.78,0.39,0.37,"2025-09-30",1125,"N20","nominal","2.0NRT",313.54,12,"D"
"5556",14.31502,26.15287,345,0.39,0.37,"2025-09-30",1125,"N20","nominal","2.0NRT",313.71,12,"D"
"5557",14.32005,26.1632,343.03,0.39,0.37,"2025-09-30",1125,"N20","nominal","2.0NRT",310.1,5.92,"D"
"5558",14.31948,26.15957,352.32,0.39,0.37,"2025-09-30",1125,"N20","nominal","2.0NRT",313.8,5.92,"D"
"5559",14.32338,26.16265,367,0.39,0.37,"2025-09-30",1125,"N20","low","2.0NRT",328.33,65.04,"D"
"5560",14.33966,26.22314,347.56,0.39,0.36,"2025-09-30",1125,"N20","low","2.0NRT",318.25,13.51,"D"
"5561",15.23408,32.33531,345.26,0.39,0.44,"2025-09-30",1125,"N20","nominal","2.0NRT",311.59,10.77,"D"
"5562",15.23359,32.33165,347.83,0.39,0.44,"2025-09-30",1125,"N20","nominal","2.0NRT",315.33,10.77,"D"
"5563",14.35685,26.224,344.44,0.39,0.36,"2025-09-30",1125,"N20","low","2.0NRT",317.63,7.5,"D"
"5564",14.35961,26.21984,345.13,0.39,0.36,"2025-09-30",1125,"N20","low","2.0NRT",317.78,8.01,"D"
"5565",14.34883,26.12869,349.94,0.4,0.37,"2025-09-30",1125,"N20","nominal","2.0NRT",310.13,10.27,"D"
"5566",14.35763,26.14547,367,0.39,0.37,"2025-09-30",1125,"N20","high","2.0NRT",314.76,6.85,"D"
"5567",14.35705,26.14184,367,0.39,0.37,"2025-09-30",1125,"N20","high","2.0NRT",313.76,6.05,"D"
"5568",14.35877,26.15272,341.25,0.39,0.37,"2025-09-30",1125,"N20","low","2.0NRT",311.81,5.13,"D"
"5569",14.3582,26.14909,349.46,0.39,0.37,"2025-09-30",1125,"N20","nominal","2.0NRT",314.01,6.85,"D"
"5570",14.35648,26.13822,352.8,0.39,0.37,"2025-09-30",1125,"N20","nominal","2.0NRT",312.78,6.05,"D"
"5571",14.37572,26.2168,342.69,0.39,0.36,"2025-09-30",1125,"N20","low","2.0NRT",317.14,10.01,"D"
"5572",14.38237,26.2157,367,0.39,0.36,"2025-09-30",1125,"N20","high","2.0NRT",316.18,11.62,"D"
"5573",14.38513,26.21155,367,0.39,0.36,"2025-09-30",1125,"N20","high","2.0NRT",316.83,7.75,"D"
"5574",14.38788,26.20739,346.23,0.39,0.36,"2025-09-30",1125,"N20","nominal","2.0NRT",312.78,7.75,"D"
"5575",14.38732,26.20379,341.54,0.39,0.36,"2025-09-30",1125,"N20","low","2.0NRT",315.45,6.07,"D"
"5576",14.38951,26.19602,343.68,0.39,0.36,"2025-09-30",1125,"N20","nominal","2.0NRT",312.93,5.37,"D"
"5577",16.43644,37.94434,331.06,0.48,0.65,"2025-09-30",1125,"N20","nominal","2.0NRT",298.55,1.06,"D"
"5578",16.59909,33.20505,341.92,0.47,0.47,"2025-09-30",1125,"N20","low","2.0NRT",315.1,6.63,"D"
"5579",17.23144,38.44558,336.34,0.53,0.67,"2025-09-30",1125,"N20","nominal","2.0NRT",300.56,2.61,"D"
"5580",18.30739,37.83401,330.7,0.5,0.65,"2025-09-30",1125,"N20","nominal","2.0NRT",300.86,2.36,"D"
"5581",22.70646,39.05059,339.96,0.66,0.73,"2025-09-30",1128,"N20","nominal","2.0NRT",302.91,5.6,"D"
"5582",22.70146,39.04877,349.34,0.66,0.73,"2025-09-30",1128,"N20","nominal","2.0NRT",303.06,8.26,"D"
"5583",22.79918,30.98323,345.1,0.41,0.45,"2025-09-30",1128,"N20","nominal","2.0NRT",317.56,15.37,"D"
"5584",27.50577,30.61233,336.9,0.44,0.46,"2025-09-30",1130,"N20","low","2.0NRT",311,2.41,"D"
"5585",51.88087,32.25021,335.87,0.45,0.63,"2025-09-30",1136,"N20","nominal","2.0NRT",277.14,3.72,"D"
"5586",52.20505,32.69574,339.11,0.47,0.64,"2025-09-30",1136,"N20","nominal","2.0NRT",284.21,7.48,"D"
"5587",52.20808,32.6995,345.77,0.47,0.64,"2025-09-30",1136,"N20","nominal","2.0NRT",284.08,5.41,"D"
"5588",52.67894,34.45479,330.57,0.56,0.69,"2025-09-30",1136,"N20","nominal","2.0NRT",283.38,5.28,"D"
"5589",52.74593,34.1858,336.86,0.54,0.68,"2025-09-30",1136,"N20","nominal","2.0NRT",280.69,7.89,"D"
"5590",52.83781,34.77539,335.77,0.57,0.69,"2025-09-30",1136,"N20","nominal","2.0NRT",282.65,3.9,"D"
"5591",52.83794,34.77812,326.89,0.58,0.69,"2025-09-30",1136,"N20","nominal","2.0NRT",281.85,4.15,"D"
"5592",53.49859,33.11497,332.08,0.49,0.65,"2025-09-30",1138,"N20","nominal","2.0NRT",271.57,3.85,"D"
"5593",54.61741,160.30859,345.87,0.41,0.37,"2025-09-30",1520,"N20","nominal","2.0NRT",298.16,10.81,"N"
"5594",54.61554,160.29596,334.08,0.41,0.37,"2025-09-30",1520,"N20","nominal","2.0NRT",276.8,4.59,"N"
"5595",54.61479,160.30173,355.35,0.41,0.37,"2025-09-30",1520,"N20","nominal","2.0NRT",306.74,10.81,"N"
"5596",54.61403,160.30751,340.05,0.41,0.37,"2025-09-30",1520,"N20","nominal","2.0NRT",300.25,10.81,"N"
"5597",54.61326,160.31334,315.03,0.41,0.37,"2025-09-30",1520,"N20","nominal","2.0NRT",283.16,3.59,"N"
"5598",54.6114,160.30069,338.07,0.41,0.37,"2025-09-30",1520,"N20","nominal","2.0NRT",285.11,8.18,"N"
"5599",54.61037,160.2816,334.31,0.41,0.37,"2025-09-30",1520,"N20","nominal","2.0NRT",284.42,15.31,"N"
"5600",52.46078,158.15872,316.7,0.44,0.38,"2025-09-30",1520,"N20","nominal","2.0NRT",274.6,2.6,"N"
"5601",53.26703,143.21458,317.19,0.56,0.69,"2025-09-30",1520,"N20","nominal","2.0NRT",281.14,1.94,"N"
"5602",53.20312,143.23236,337.54,0.56,0.69,"2025-09-30",1520,"N20","nominal","2.0NRT",281.34,4.51,"N"
"5603",53.20232,143.23602,330.34,0.56,0.69,"2025-09-30",1520,"N20","nominal","2.0NRT",281.5,5.05,"N"
"5604",52.5109,143.17784,316.05,0.56,0.69,"2025-09-30",1522,"N20","nominal","2.0NRT",280.17,1.81,"N"
"5605",52.18675,143.05779,302.28,0.57,0.69,"2025-09-30",1522,"N20","nominal","2.0NRT",280.4,1.04,"N"
"5606",52.14117,143.00696,295.19,0.57,0.69,"2025-09-30",1522,"N20","nominal","2.0NRT",277.81,0.33,"N"
"5607",52.18643,143.06119,309.12,0.57,0.69,"2025-09-30",1522,"N20","nominal","2.0NRT",280.71,1.43,"N"
"5608",52.1411,143.01079,295.77,0.57,0.69,"2025-09-30",1522,"N20","nominal","2.0NRT",279.13,0.63,"N"
"5609",51.41996,143.35669,331.44,0.55,0.68,"2025-09-30",1522,"N20","nominal","2.0NRT",282.3,4.6,"N"
"5610",51.42001,143.36494,309.29,0.55,0.68,"2025-09-30",1522,"N20","nominal","2.0NRT",283.31,3.69,"N"
"5611",51.41792,143.35759,335.14,0.55,0.68,"2025-09-30",1522,"N20","nominal","2.0NRT",282.58,3.06,"N"
"5612",51.41793,143.3658,307.2,0.55,0.68,"2025-09-30",1522,"N20","nominal","2.0NRT",282.81,3.06,"N"
"5613",41.1549,122.95547,302.67,0.54,0.51,"2025-09-30",1705,"N20","nominal","2.0NRT",287.93,1.5,"N"
"5614",41.28325,119.41266,298.5,0.42,0.61,"2025-09-30",1705,"N20","nominal","2.0NRT",285.56,0.98,"N"
"5615",41.18474,117.96725,298.15,0.5,0.65,"2025-09-30",1705,"N20","nominal","2.0NRT",282.45,0.45,"N"
"5616",40.94081,117.71521,298.53,0.51,0.66,"2025-09-30",1705,"N20","nominal","2.0NRT",284,0.77,"N"
"5617",40.31744,122.1446,298.61,0.59,0.52,"2025-09-30",1705,"N20","nominal","2.0NRT",286.17,0.9,"N"
"5618",40.31356,122.12982,295.27,0.59,0.53,"2025-09-30",1705,"N20","nominal","2.0NRT",284.32,1.05,"N"
"5619",40.31259,122.14392,301.57,0.59,0.52,"2025-09-30",1705,"N20","nominal","2.0NRT",289.11,0.9,"N"
"5620",40.2188,118.21071,298.41,0.47,0.64,"2025-09-30",1705,"N20","nominal","2.0NRT",286.9,1.5,"N"
"5621",40.1762,118.05058,310.46,0.48,0.65,"2025-09-30",1705,"N20","nominal","2.0NRT",289.05,1.49,"N"
"5622",40.17602,118.0564,304.56,0.48,0.65,"2025-09-30",1705,"N20","nominal","2.0NRT",289.78,1.49,"N"
"5623",40.18016,118.05661,301.73,0.48,0.65,"2025-09-30",1705,"N20","nominal","2.0NRT",289.06,2.1,"N"
"5624",40.17437,118.05039,305.22,0.48,0.65,"2025-09-30",1705,"N20","nominal","2.0NRT",287.39,2.07,"N"
"5625",40.11212,118.72353,303.05,0.44,0.63,"2025-09-30",1705,"N20","nominal","2.0NRT",287.83,1.62,"N"
"5626",40.11191,118.72849,309.77,0.44,0.63,"2025-09-30",1705,"N20","nominal","2.0NRT",289.39,1.86,"N"
"5627",40.11169,118.73364,304.24,0.44,0.63,"2025-09-30",1705,"N20","nominal","2.0NRT",289.95,1.86,"N"
"5628",40.09418,118.43619,317.92,0.46,0.64,"2025-09-30",1705,"N20","nominal","2.0NRT",286.87,1.47,"N"
"5629",39.96761,118.54651,301.37,0.45,0.63,"2025-09-30",1705,"N20","nominal","2.0NRT",289.69,1.16,"N"
"5630",39.96175,118.54618,309.39,0.45,0.63,"2025-09-30",1705,"N20","nominal","2.0NRT",290.4,2.66,"N"
"5631",39.94965,118.55563,300.25,0.45,0.63,"2025-09-30",1705,"N20","nominal","2.0NRT",289.18,1.16,"N"
"5632",39.94397,118.55036,303.33,0.45,0.63,"2025-09-30",1705,"N20","nominal","2.0NRT",291.15,1.16,"N"
"5633",39.93735,118.57099,303.02,0.45,0.63,"2025-09-30",1705,"N20","nominal","2.0NRT",289.83,1.1,"N"
"5634",39.96296,118.54585,309.21,0.45,0.63,"2025-09-30",1705,"N20","nominal","2.0NRT",290.57,2.57,"N"
"5635",39.94514,118.55035,304.85,0.45,0.63,"2025-09-30",1705,"N20","nominal","2.0NRT",291.03,2.16,"N"
"5636",39.9384,118.57082,306.95,0.45,0.63,"2025-09-30",1705,"N20","nominal","2.0NRT",290.21,1.7,"N"
"5637",39.93728,118.59702,297.93,0.45,0.63,"2025-09-30",1705,"N20","nominal","2.0NRT",286.53,0.5,"N"
"5638",39.91616,118.68102,298.72,0.44,0.63,"2025-09-30",1705,"N20","nominal","2.0NRT",288.61,1.66,"N"
"5639",39.91415,118.58986,297.76,0.45,0.63,"2025-09-30",1705,"N20","nominal","2.0NRT",287.12,1.09,"N"
"5640",39.75949,118.80827,300.21,0.44,0.62,"2025-09-30",1705,"N20","nominal","2.0NRT",288.26,0.92,"N"
"5641",39.75352,118.81253,304.72,0.44,0.62,"2025-09-30",1705,"N20","nominal","2.0NRT",288.04,1.75,"N"
"5642",39.75331,118.81757,298.44,0.44,0.62,"2025-09-30",1705,"N20","nominal","2.0NRT",288.05,1.37,"N"
"5643",39.75748,118.08338,308.72,0.48,0.65,"2025-09-30",1705,"N20","nominal","2.0NRT",286.12,1.95,"N"
"5644",39.75728,118.0891,309.52,0.48,0.64,"2025-09-30",1705,"N20","nominal","2.0NRT",286.5,2.02,"N"
"5645",39.73152,118.78423,299.24,0.44,0.62,"2025-09-30",1705,"N20","nominal","2.0NRT",287.76,0.66,"N"
"5646",39.76115,118.08359,299.26,0.48,0.64,"2025-09-30",1705,"N20","nominal","2.0NRT",286.04,1.69,"N"
"5647",39.76092,118.0893,319.74,0.48,0.64,"2025-09-30",1705,"N20","nominal","2.0NRT",286.97,1.69,"N"
"5648",39.73121,118.78363,302.7,0.44,0.62,"2025-09-30",1705,"N20","nominal","2.0NRT",288.21,1.02,"N"
"5649",39.66261,118.89697,300.94,0.43,0.62,"2025-09-30",1705,"N20","nominal","2.0NRT",290.19,2.05,"N"
"5650",39.6338,118.45751,297.95,0.46,0.63,"2025-09-30",1705,"N20","nominal","2.0NRT",287.54,0.64,"N"
"5651",39.61682,118.47048,302.82,0.45,0.63,"2025-09-30",1705,"N20","nominal","2.0NRT",291.08,1.39,"N"
"5652",39.61096,118.47002,303.04,0.45,0.63,"2025-09-30",1705,"N20","nominal","2.0NRT",291.8,1.39,"N"
"5653",39.6255,117.95206,311.28,0.48,0.65,"2025-09-30",1705,"N20","nominal","2.0NRT",287.19,2.17,"N"
"5654",39.60464,118.48037,300.06,0.45,0.63,"2025-09-30",1705,"N20","nominal","2.0NRT",288.27,1.6,"N"
"5655",39.62474,117.80634,307.79,0.49,0.65,"2025-09-30",1705,"N20","nominal","2.0NRT",285.96,1.08,"N"
"5656",39.61346,117.95114,300.27,0.48,0.65,"2025-09-30",1705,"N20","nominal","2.0NRT",287.85,1.22,"N"
"5657",39.46828,120.45023,320.9,0.35,0.57,"2025-09-30",1705,"N20","nominal","2.0NRT",290.57,1.41,"N"
"5658",39.50906,118.26221,301.73,0.47,0.64,"2025-09-30",1705,"N20","nominal","2.0NRT",288.44,1.28,"N"
"5659",39.49655,118.27784,303.57,0.46,0.64,"2025-09-30",1705,"N20","nominal","2.0NRT",288.29,2.15,"N"
"5660",39.49859,118.07128,299.48,0.48,0.64,"2025-09-30",1705,"N20","nominal","2.0NRT",287.69,0.7,"N"
"5661",39.47944,118.26,299.11,0.47,0.64,"2025-09-30",1705,"N20","nominal","2.0NRT",286.22,1,"N"
"5662",39.43631,118.45848,302.29,0.45,0.63,"2025-09-30",1705,"N20","nominal","2.0NRT",287.77,0.9,"N"
"5663",39.43741,118.45638,307.46,0.45,0.63,"2025-09-30",1705,"N20","nominal","2.0NRT",287.27,1,"N"
"5664",39.28321,119.02259,303.03,0.42,0.61,"2025-09-30",1705,"N20","nominal","2.0NRT",290.49,1.06,"N"
"5665",39.26001,119.03059,306.15,0.42,0.61,"2025-09-30",1705,"N20","nominal","2.0NRT",291.04,1.12,"N"
"5666",37.59771,129.01399,316.69,0.41,0.37,"2025-09-30",1705,"N20","nominal","2.0NRT",292.29,1.81,"N"
"5667",37.48724,129.05385,316.08,0.41,0.37,"2025-09-30",1705,"N20","nominal","2.0NRT",288.89,1.43,"N"
"5668",37.48661,129.05835,308.44,0.41,0.37,"2025-09-30",1705,"N20","nominal","2.0NRT",291.05,1.29,"N"
"5669",37.48449,129.04855,321.76,0.41,0.37,"2025-09-30",1705,"N20","nominal","2.0NRT",292.56,3.1,"N"
"5670",37.42562,129.17162,315.45,0.4,0.37,"2025-09-30",1705,"N20","nominal","2.0NRT",290.21,1.66,"N"
"5671",37.42498,129.17615,301.65,0.4,0.37,"2025-09-30",1705,"N20","nominal","2.0NRT",289.7,0.94,"N"
"5672",37.48997,126.63927,302.13,0.49,0.4,"2025-09-30",1705,"N20","nominal","2.0NRT",289.76,1.37,"N"
"5673",37.68785,121.09666,302.15,0.63,0.54,"2025-09-30",1705,"N20","nominal","2.0NRT",289.64,1.03,"N"
"5674",37.68797,121.09769,303.03,0.63,0.54,"2025-09-30",1705,"N20","nominal","2.0NRT",289.6,0.78,"N"
"5675",36.98376,126.70069,327.96,0.48,0.4,"2025-09-30",1705,"N20","nominal","2.0NRT",291.08,3.44,"N"
"5676",36.98249,126.71147,318.68,0.48,0.4,"2025-09-30",1705,"N20","nominal","2.0NRT",291.13,3.19,"N"
"5677",36.99108,126.33688,315.2,0.5,0.41,"2025-09-30",1707,"N20","nominal","2.0NRT",289.51,1.58,"N"
"5678",36.95371,126.61649,298.44,0.48,0.4,"2025-09-30",1707,"N20","nominal","2.0NRT",286.1,0.92,"N"
"5679",37.47451,121.05147,301.09,0.63,0.54,"2025-09-30",1707,"N20","nominal","2.0NRT",289.09,1.28,"N"
"5680",37.18749,121.59707,301.63,0.58,0.52,"2025-09-30",1707,"N20","nominal","2.0NRT",288.78,1.32,"N"
"5681",37.17731,121.60272,299.76,0.58,0.52,"2025-09-30",1707,"N20","nominal","2.0NRT",288.91,0.56,"N"
"5682",36.02952,129.39641,318.13,0.39,0.36,"2025-09-30",1707,"N20","nominal","2.0NRT",293.1,2.43,"N"
"5683",36.01812,129.38046,316.23,0.39,0.36,"2025-09-30",1707,"N20","nominal","2.0NRT",290.37,2.04,"N"
"5684",36.01147,129.379,303.64,0.39,0.36,"2025-09-30",1707,"N20","nominal","2.0NRT",289.47,1.22,"N"
"5685",36.00879,129.37392,316.02,0.39,0.36,"2025-09-30",1707,"N20","nominal","2.0NRT",289.83,1.22,"N"
"5686",36.00752,129.3826,305.56,0.39,0.36,"2025-09-30",1707,"N20","nominal","2.0NRT",290.34,0.88,"N"
"5687",36.00689,129.38692,304.58,0.39,0.36,"2025-09-30",1707,"N20","nominal","2.0NRT",289.92,0.88,"N"
"5688",36.00293,129.39053,323.05,0.39,0.36,"2025-09-30",1707,"N20","nominal","2.0NRT",288.82,2.19,"N"
"5689",36.0042,129.38187,302.7,0.39,0.36,"2025-09-30",1707,"N20","nominal","2.0NRT",290.16,0.84,"N"
"5690",36.00104,129.4035,316.01,0.39,0.36,"2025-09-30",1707,"N20","nominal","2.0NRT",291.4,1.49,"N"
"5691",35.99834,129.39844,302.47,0.39,0.36,"2025-09-30",1707,"N20","nominal","2.0NRT",289.42,1.49,"N"
"5692",34.97399,133.66905,303.38,0.44,0.38,"2025-09-30",1707,"N20","nominal","2.0NRT",287.46,0.72,"N"
"5693",36.71741,118.91611,302.23,0.41,0.6,"2025-09-30",1707,"N20","nominal","2.0NRT",290.94,0.94,"N"
"5694",34.77296,134.63138,304.48,0.48,0.4,"2025-09-30",1707,"N20","nominal","2.0NRT",290.68,0.92,"N"
"5695",34.72343,134.82597,308.63,0.49,0.4,"2025-09-30",1707,"N20","nominal","2.0NRT",290.4,2.18,"N"
"5696",34.72239,134.83121,309.11,0.49,0.4,"2025-09-30",1707,"N20","nominal","2.0NRT",291.7,2.26,"N"
"5697",34.72082,134.81969,319.66,0.49,0.4,"2025-09-30",1707,"N20","nominal","2.0NRT",291.31,2.18,"N"
"5698",34.71717,134.81863,312.58,0.49,0.4,"2025-09-30",1707,"N20","nominal","2.0NRT",289.89,3.83,"N"
"5699",34.71614,134.8239,309.67,0.49,0.4,"2025-09-30",1707,"N20","nominal","2.0NRT",291.39,3.83,"N"
"5700",34.71511,134.82913,305.29,0.49,0.4,"2025-09-30",1707,"N20","nominal","2.0NRT",291.41,2.24,"N"
"5701",34.7125,134.82285,343.94,0.49,0.4,"2025-09-30",1707,"N20","nominal","2.0NRT",293.06,3.83,"N"
"5702",34.71353,134.81763,315.21,0.49,0.4,"2025-09-30",1707,"N20","nominal","2.0NRT",291.4,3.83,"N"
"5703",34.75539,134.3663,302.41,0.47,0.4,"2025-09-30",1707,"N20","nominal","2.0NRT",289.58,0.77,"N"
"5704",34.74825,134.3643,316.41,0.47,0.4,"2025-09-30",1707,"N20","nominal","2.0NRT",293.07,2.33,"N"
"5705",35.49943,129.35114,304.32,0.39,0.36,"2025-09-30",1707,"N20","nominal","2.0NRT",292.9,1.31,"N"
"5706",36.56733,117.96584,301.44,0.46,0.63,"2025-09-30",1707,"N20","nominal","2.0NRT",289.44,0.61,"N"
"5707",36.42357,120.44401,305.32,0.33,0.55,"2025-09-30",1707,"N20","nominal","2.0NRT",289.76,0.64,"N"
"5708",35.44636,129.33945,306.8,0.39,0.36,"2025-09-30",1707,"N20","nominal","2.0NRT",294.31,1.61,"N"
"5709",36.48402,116.33817,303.38,0.57,0.69,"2025-09-30",1707,"N20","nominal","2.0NRT",290.18,1.34,"N"
"5710",36.48269,116.33887,301.11,0.57,0.69,"2025-09-30",1707,"N20","nominal","2.0NRT",289.9,1.41,"N"
"5711",34.51289,133.74574,333.61,0.45,0.39,"2025-09-30",1707,"N20","nominal","2.0NRT",292.12,4.5,"N"
"5712",34.22823,135.11951,312.62,0.52,0.41,"2025-09-30",1707,"N20","nominal","2.0NRT",290.32,1.4,"N"
"5713",34.48939,133.71419,312.67,0.45,0.39,"2025-09-30",1707,"N20","nominal","2.0NRT",290.73,1.95,"N"
"5714",34.48579,133.73334,305.24,0.45,0.39,"2025-09-30",1707,"N20","nominal","2.0NRT",290.64,1.23,"N"
"5715",34.4823,133.73239,309.82,0.45,0.39,"2025-09-30",1707,"N20","nominal","2.0NRT",292.56,1.23,"N"
"5716",34.47437,133.43906,311.42,0.44,0.38,"2025-09-30",1707,"N20","nominal","2.0NRT",291.84,1.13,"N"
"5717",34.47091,133.43811,301.7,0.44,0.38,"2025-09-30",1707,"N20","nominal","2.0NRT",290.24,1.13,"N"
"5718",34.47003,133.42314,325.94,0.44,0.38,"2025-09-30",1707,"N20","nominal","2.0NRT",291.59,2.13,"N"
"5719",34.4683,133.4325,335.82,0.44,0.38,"2025-09-30",1707,"N20","nominal","2.0NRT",292.01,3.32,"N"
"5720",34.46917,133.42783,310.53,0.44,0.38,"2025-09-30",1707,"N20","nominal","2.0NRT",290.4,2.13,"N"
"5721",34.46571,133.4269,328.38,0.44,0.38,"2025-09-30",1707,"N20","nominal","2.0NRT",290.05,2.13,"N"
"5722",34.46484,133.43156,314.17,0.44,0.38,"2025-09-30",1707,"N20","nominal","2.0NRT",290.91,3.32,"N"
"5723",34.46138,133.43065,304.96,0.44,0.38,"2025-09-30",1707,"N20","nominal","2.0NRT",289.63,1.24,"N"
"5724",34.45792,133.42973,320.07,0.44,0.38,"2025-09-30",1707,"N20","nominal","2.0NRT",290.69,1.24,"N"
"5725",34.45877,133.42505,313.36,0.44,0.38,"2025-09-30",1707,"N20","nominal","2.0NRT",290.4,2.26,"N"
"5726",34.45705,133.4344,307.6,0.44,0.38,"2025-09-30",1707,"N20","nominal","2.0NRT",291.91,1.24,"N"
"5727",34.45445,133.42882,302.37,0.44,0.38,"2025-09-30",1707,"N20","nominal","2.0NRT",290.15,1.19,"N"
"5728",34.45359,133.43349,307.88,0.44,0.38,"2025-09-30",1707,"N20","nominal","2.0NRT",291.73,1.19,"N"
"5729",34.45012,133.43257,320.42,0.44,0.38,"2025-09-30",1707,"N20","nominal","2.0NRT",290.95,1.19,"N"
"5730",34.34821,133.84013,330.11,0.45,0.39,"2025-09-30",1707,"N20","nominal","2.0NRT",291.81,2.51,"N"
"5731",36.20893,117.62608,304.47,0.48,0.64,"2025-09-30",1707,"N20","nominal","2.0NRT",289.04,0.78,"N"
"5732",34.34468,133.83919,305.77,0.45,0.39,"2025-09-30",1707,"N20","nominal","2.0NRT",291.58,2.51,"N"
"5733",36.20639,117.62547,301.71,0.48,0.64,"2025-09-30",1707,"N20","nominal","2.0NRT",287.84,0.86,"N"
"5734",35.08337,128.98883,316.63,0.4,0.37,"2025-09-30",1707,"N20","nominal","2.0NRT",291.91,1.37,"N"
"5735",35.09812,128.86282,298.06,0.4,0.37,"2025-09-30",1707,"N20","nominal","2.0NRT",287.49,0.39,"N"
"5736",36.22009,115.83884,300.31,0.6,0.71,"2025-09-30",1707,"N20","nominal","2.0NRT",289.42,1.67,"N"
"5737",36.08607,117.81857,301.13,0.46,0.64,"2025-09-30",1707,"N20","nominal","2.0NRT",289.58,1.09,"N"
"5738",36.08019,117.81762,299.5,0.46,0.64,"2025-09-30",1707,"N20","nominal","2.0NRT",287.82,1.09,"N"
"5739",36.07993,117.82275,305.01,0.46,0.64,"2025-09-30",1707,"N20","nominal","2.0NRT",290.55,1.77,"N"
"5740",35.91584,117.12897,299.27,0.51,0.66,"2025-09-30",1707,"N20","nominal","2.0NRT",289.05,1.59,"N"
"5741",34.92719,127.75388,320.32,0.42,0.38,"2025-09-30",1707,"N20","nominal","2.0NRT",294.57,1.77,"N"
"5742",34.92781,127.74929,306.19,0.42,0.38,"2025-09-30",1707,"N20","nominal","2.0NRT",291.54,1.95,"N"
"5743",34.9256,127.73943,316.33,0.42,0.38,"2025-09-30",1707,"N20","nominal","2.0NRT",294.64,1.92,"N"
"5744",34.92189,127.76694,303.73,0.42,0.38,"2025-09-30",1707,"N20","nominal","2.0NRT",292.12,0.9,"N"
"5745",34.92128,127.77153,303.19,0.42,0.38,"2025-09-30",1707,"N20","nominal","2.0NRT",292.76,0.89,"N"
"5746",34.92154,127.74333,305.43,0.42,0.38,"2025-09-30",1707,"N20","nominal","2.0NRT",290.95,1.47,"N"
"5747",34.91845,127.76626,310.11,0.42,0.38,"2025-09-30",1707,"N20","nominal","2.0NRT",291.81,0.9,"N"
"5748",34.92242,127.71041,303.2,0.42,0.38,"2025-09-30",1707,"N20","nominal","2.0NRT",291.42,1.27,"N"
"5749",34.9181,127.74264,311.55,0.42,0.38,"2025-09-30",1707,"N20","nominal","2.0NRT",292.02,1.45,"N"
"5750",34.91748,127.74723,310.8,0.42,0.38,"2025-09-30",1707,"N20","nominal","2.0NRT",292.75,1.45,"N"
"5751",34.91342,127.75114,313.95,0.42,0.38,"2025-09-30",1707,"N20","nominal","2.0NRT",293.4,2.38,"N"
"5752",34.91183,127.73667,304.44,0.42,0.38,"2025-09-30",1707,"N20","nominal","2.0NRT",291.22,0.53,"N"
"5753",34.84991,127.70809,304.16,0.42,0.38,"2025-09-30",1707,"N20","nominal","2.0NRT",293.08,1.19,"N"
"5754",34.843,127.70687,302.93,0.42,0.38,"2025-09-30",1707,"N20","nominal","2.0NRT",292.47,0.73,"N"
"5755",34.17113,131.21689,317.5,0.39,0.36,"2025-09-30",1707,"N20","nominal","2.0NRT",291.28,2.14,"N"
"5756",34.05756,131.78624,335.25,0.4,0.37,"2025-09-30",1707,"N20","nominal","2.0NRT",295.55,4.12,"N"
"5757",34.05862,131.75989,307.77,0.4,0.37,"2025-09-30",1707,"N20","nominal","2.0NRT",290.91,1.62,"N"
"5758",33.95061,131.22839,301.71,0.39,0.36,"2025-09-30",1707,"N20","nominal","2.0NRT",288.08,0.74,"N"
"5759",33.94661,131.23177,300.48,0.39,0.36,"2025-09-30",1707,"N20","nominal","2.0NRT",287.65,0.74,"N"
"5760",33.94536,130.82706,321.11,0.39,0.36,"2025-09-30",1707,"N20","nominal","2.0NRT",291.52,2.1,"N"
"5761",33.94207,130.82628,309.61,0.39,0.36,"2025-09-30",1707,"N20","nominal","2.0NRT",290.86,0.79,"N"
"5762",33.92486,130.84802,306.97,0.39,0.36,"2025-09-30",1707,"N20","nominal","2.0NRT",291.31,0.76,"N"
"5763",33.921,130.8299,321.29,0.39,0.36,"2025-09-30",1707,"N20","nominal","2.0NRT",292.46,1.37,"N"
"5764",33.91896,130.84232,302.8,0.39,0.36,"2025-09-30",1707,"N20","nominal","2.0NRT",289.88,0.62,"N"
"5765",33.91838,130.82501,308.18,0.39,0.36,"2025-09-30",1707,"N20","nominal","2.0NRT",290.01,1.37,"N"
"5766",33.91568,130.84155,306.33,0.39,0.36,"2025-09-30",1707,"N20","nominal","2.0NRT",290.09,0.62,"N"
"5767",33.915,130.84569,306.12,0.39,0.36,"2025-09-30",1707,"N20","nominal","2.0NRT",290.56,0.62,"N"
"5768",35.32658,116.81502,301.47,0.52,0.67,"2025-09-30",1707,"N20","nominal","2.0NRT",288.76,1.29,"N"
"5769",33.9031,130.85579,304.3,0.39,0.36,"2025-09-30",1707,"N20","nominal","2.0NRT",290,0.39,"N"
"5770",35.35099,115.98059,301.28,0.58,0.7,"2025-09-30",1707,"N20","nominal","2.0NRT",288.28,0.74,"N"
"5771",35.18923,119.38134,307.55,0.37,0.58,"2025-09-30",1707,"N20","nominal","2.0NRT",294.01,1.52,"N"
"5772",35.19941,119.03077,299.35,0.39,0.59,"2025-09-30",1707,"N20","nominal","2.0NRT",288.95,0.8,"N"
"5773",35.19366,119.03476,307.12,0.39,0.59,"2025-09-30",1707,"N20","nominal","2.0NRT",292.82,2.09,"N"
"5774",35.18647,119.38207,304.11,0.37,0.58,"2025-09-30",1707,"N20","nominal","2.0NRT",293.55,1.49,"N"
"5775",35.3278,116.81346,304.8,0.52,0.67,"2025-09-30",1707,"N20","nominal","2.0NRT",288.42,1.64,"N"
"5776",35.19876,119.0322,301.55,0.39,0.59,"2025-09-30",1707,"N20","nominal","2.0NRT",289.98,0.91,"N"
"5777",35.19847,119.03673,300.71,0.39,0.59,"2025-09-30",1707,"N20","nominal","2.0NRT",290.62,2,"N"
"5778",35.35065,115.97955,300.61,0.58,0.7,"2025-09-30",1707,"N20","nominal","2.0NRT",288.12,0.34,"N"
"5779",35.19328,119.03159,305.4,0.39,0.59,"2025-09-30",1707,"N20","nominal","2.0NRT",290.52,0.91,"N"
"5780",35.15221,119.07072,301,0.39,0.59,"2025-09-30",1707,"N20","nominal","2.0NRT",290.4,1.15,"N"
"5781",35.14647,119.07447,301.5,0.39,0.59,"2025-09-30",1707,"N20","nominal","2.0NRT",288.09,1.06,"N"
"5782",34.86296,117.43748,300.37,0.48,0.64,"2025-09-30",1707,"N20","nominal","2.0NRT",288.98,1.18,"N"
"5783",34.41521,119.83776,317.21,0.34,0.56,"2025-09-30",1707,"N20","nominal","2.0NRT",289.24,1.91,"N"
"5784",34.41496,119.84155,318.17,0.34,0.56,"2025-09-30",1707,"N20","nominal","2.0NRT",290.39,1.99,"N"
"5785",34.41431,119.83901,328.97,0.34,0.56,"2025-09-30",1707,"N20","nominal","2.0NRT",290.09,2.49,"N"
"5786",34.41403,119.84279,303.78,0.34,0.56,"2025-09-30",1707,"N20","nominal","2.0NRT",289.61,1.89,"N"
"5787",34.40038,117.95223,299.63,0.44,0.62,"2025-09-30",1707,"N20","nominal","2.0NRT",288.58,0.62,"N"
"5788",34.4001,117.95712,300.07,0.44,0.62,"2025-09-30",1707,"N20","nominal","2.0NRT",289.81,0.62,"N"
"5789",33.97264,117.10712,307.14,0.49,0.65,"2025-09-30",1707,"N20","nominal","2.0NRT",287.74,1.36,"N"
"5790",33.57101,118.98473,303.54,0.38,0.59,"2025-09-30",1707,"N20","nominal","2.0NRT",290.18,0.82,"N"
"5791",33.61706,116.5752,300.04,0.52,0.67,"2025-09-30",1707,"N20","nominal","2.0NRT",288.69,2.14,"N"
"5792",32.75232,117.3038,300.48,0.47,0.64,"2025-09-30",1707,"N20","nominal","2.0NRT",288.66,0.64,"N"
"5793",32.33335,119.73111,303.09,0.33,0.55,"2025-09-30",1707,"N20","nominal","2.0NRT",290.76,0.53,"N"
"5794",32.18916,119.25555,314.36,0.35,0.57,"2025-09-30",1707,"N20","nominal","2.0NRT",290.76,1.62,"N"
"5795",32.15232,119.32384,304.83,0.35,0.57,"2025-09-30",1707,"N20","nominal","2.0NRT",290.52,0.7,"N"
"5796",32.14709,119.32312,311.39,0.35,0.57,"2025-09-30",1707,"N20","nominal","2.0NRT",290.48,1.18,"N"
"5797",31.97935,120.65623,305.1,0.58,0.52,"2025-09-30",1707,"N20","nominal","2.0NRT",291.87,2.74,"N"
"5798",31.96589,118.33694,311.62,0.4,0.6,"2025-09-30",1707,"N20","nominal","2.0NRT",290.83,1.54,"N"
"5799",31.96664,118.33524,304.87,0.4,0.6,"2025-09-30",1707,"N20","nominal","2.0NRT",289.73,0.85,"N"
"5800",31.96634,118.3395,306.6,0.4,0.6,"2025-09-30",1707,"N20","nominal","2.0NRT",290.66,0.85,"N"
"5801",31.91934,118.61229,305.36,0.38,0.59,"2025-09-30",1707,"N20","nominal","2.0NRT",290.53,1.63,"N"
"5802",31.91904,118.61642,302.4,0.38,0.59,"2025-09-30",1707,"N20","nominal","2.0NRT",290.45,1.22,"N"
"5803",31.71877,119.39161,303.55,0.34,0.56,"2025-09-30",1707,"N20","nominal","2.0NRT",290.06,0.55,"N"
"5804",31.69686,118.46164,299.74,0.39,0.59,"2025-09-30",1707,"N20","nominal","2.0NRT",288.82,0.82,"N"
"5805",31.662,117.83604,301.31,0.42,0.61,"2025-09-30",1707,"N20","nominal","2.0NRT",288.54,0.81,"N"
"5806",31.65413,117.86851,305.1,0.42,0.61,"2025-09-30",1707,"N20","nominal","2.0NRT",288.44,0.8,"N"
"5807",31.5008,119.6062,304.81,0.33,0.55,"2025-09-30",1707,"N20","nominal","2.0NRT",290.14,0.63,"N"
"5808",31.50053,119.60971,303.29,0.33,0.55,"2025-09-30",1707,"N20","nominal","2.0NRT",290.13,0.63,"N"
"5809",31.52423,117.89722,303.13,0.42,0.61,"2025-09-30",1707,"N20","nominal","2.0NRT",288.55,1.14,"N"
"5810",31.38697,119.30494,304.47,0.34,0.56,"2025-09-30",1707,"N20","nominal","2.0NRT",290.07,0.81,"N"
"5811",31.47697,117.92432,302.94,0.42,0.61,"2025-09-30",1707,"N20","nominal","2.0NRT",287.12,1.45,"N"
"5812",31.47669,117.92882,307.37,0.42,0.61,"2025-09-30",1707,"N20","nominal","2.0NRT",287,1.43,"N"
"5813",31.47939,117.92621,312.05,0.42,0.61,"2025-09-30",1707,"N20","nominal","2.0NRT",288.04,1.56,"N"
"5814",31.13939,118.16909,329.54,0.4,0.6,"2025-09-30",1707,"N20","nominal","2.0NRT",290.23,2.09,"N"
"5815",31.13967,118.16483,310.44,0.4,0.6,"2025-09-30",1707,"N20","nominal","2.0NRT",288.5,2.09,"N"
"5816",31.14034,118.16727,319.49,0.4,0.6,"2025-09-30",1707,"N20","nominal","2.0NRT",288.76,1.89,"N"
"5817",31.14002,118.17155,312.93,0.4,0.6,"2025-09-30",1707,"N20","nominal","2.0NRT",288.62,1.89,"N"
"5818",31.13468,118.01116,304.17,0.41,0.61,"2025-09-30",1707,"N20","nominal","2.0NRT",287.9,0.71,"N"
"5819",31.00491,117.7871,311.34,0.42,0.61,"2025-09-30",1707,"N20","nominal","2.0NRT",285.23,1.89,"N"
"5820",30.99416,117.77713,314.22,0.42,0.61,"2025-09-30",1707,"N20","nominal","2.0NRT",284.87,2.45,"N"
"5821",29.91608,121.87809,306.95,0.47,0.47,"2025-09-30",1707,"N20","nominal","2.0NRT",291.38,1.77,"N"
"5822",30.11806,115.26866,306.34,0.58,0.7,"2025-09-30",1709,"N20","nominal","2.0NRT",281.23,0.93,"N"
"5823",30.1129,115.24246,307.2,0.59,0.7,"2025-09-30",1709,"N20","nominal","2.0NRT",282.25,1.71,"N"
"5824",29.81363,115.57738,298.31,0.56,0.69,"2025-09-30",1709,"N20","nominal","2.0NRT",278.01,1.46,"N"
"5825",29.25635,117.17757,303.42,0.44,0.62,"2025-09-30",1709,"N20","nominal","2.0NRT",286.5,1.04,"N"
"5826",26.76909,119.75555,307.06,0.57,0.52,"2025-09-30",1709,"N20","nominal","2.0NRT",283.13,2.74,"N"
"5827",26.7686,119.7607,313.73,0.57,0.52,"2025-09-30",1709,"N20","nominal","2.0NRT",285.43,2.74,"N"
"5828",26.769,119.76007,323.51,0.57,0.52,"2025-09-30",1709,"N20","nominal","2.0NRT",285.18,4.99,"N"
"5829",26.2679,117.61102,309.26,0.39,0.59,"2025-09-30",1709,"N20","nominal","2.0NRT",290.46,1.78,"N"
"5830",26.26274,117.60688,312.42,0.39,0.59,"2025-09-30",1709,"N20","nominal","2.0NRT",291.78,1.27,"N"
"5831",26.2573,117.60603,304.02,0.39,0.59,"2025-09-30",1709,"N20","nominal","2.0NRT",289.72,1.27,"N"
"5832",26.02793,117.15331,308.26,0.41,0.61,"2025-09-30",1709,"N20","nominal","2.0NRT",289.76,0.79,"N"
"5833",25.35766,117.37298,309.19,0.39,0.59,"2025-09-30",1709,"N20","nominal","2.0NRT",289.91,1.32,"N"
"5834",25.24081,118.02718,304.06,0.35,0.57,"2025-09-30",1709,"N20","nominal","2.0NRT",289.62,0.65,"N"
"5835",25.24095,118.02795,304.22,0.35,0.57,"2025-09-30",1709,"N20","nominal","2.0NRT",289.51,0.49,"N"
"5836",25.18458,116.71954,309.63,0.43,0.62,"2025-09-30",1709,"N20","nominal","2.0NRT",287.92,1.37,"N"
"5837",24.92094,116.89674,301.82,0.41,0.61,"2025-09-30",1709,"N20","nominal","2.0NRT",287.16,0.64,"N"
"5838",24.06503,117.88456,306.64,0.35,0.57,"2025-09-30",1709,"N20","nominal","2.0NRT",294.34,1.54,"N"
"5839",23.50373,120.41116,319.4,0.48,0.48,"2025-09-30",1709,"N20","nominal","2.0NRT",293.83,2.03,"N"
"5840",23.50385,120.41399,318.51,0.48,0.48,"2025-09-30",1709,"N20","nominal","2.0NRT",293.92,1.42,"N"
"5841",23.33772,113.13813,302.94,0.69,0.74,"2025-09-30",1709,"N20","nominal","2.0NRT",286.36,2.5,"N"
"5842",22.5465,120.35094,310.75,0.47,0.48,"2025-09-30",1709,"N20","nominal","2.0NRT",293.43,2.69,"N"
"5843",54.61693,160.30093,340.24,0.56,0.69,"2025-09-30",1700,"N20","nominal","2.0NRT",286.34,10.29,"N"
"5844",54.61441,160.28763,343.77,0.56,0.69,"2025-09-30",1700,"N20","nominal","2.0NRT",273.65,10.29,"N"
"5845",22.54598,120.35555,307.51,0.47,0.48,"2025-09-30",1709,"N20","nominal","2.0NRT",293.61,2.69,"N"
"5846",22.5456,120.35268,313.81,0.47,0.48,"2025-09-30",1709,"N20","nominal","2.0NRT",293.78,4.76,"N"
"5847",54.6101,160.29878,324.16,0.56,0.69,"2025-09-30",1700,"N20","nominal","2.0NRT",280.08,13.48,"N"
"5848",54.6097,160.28004,335.73,0.56,0.69,"2025-09-30",1700,"N20","nominal","2.0NRT",273.71,5.3,"N"
"5849",53.2658,143.22401,327.6,0.47,0.4,"2025-09-30",1702,"N20","nominal","2.0NRT",281.92,3.39,"N"
"5850",53.20356,143.24066,331.47,0.48,0.4,"2025-09-30",1702,"N20","nominal","2.0NRT",281.45,4.34,"N"
"5851",52.51129,143.18573,311.98,0.49,0.4,"2025-09-30",1702,"N20","nominal","2.0NRT",281.13,1.26,"N"
"5852",52.18427,143.07016,317.05,0.49,0.4,"2025-09-30",1702,"N20","nominal","2.0NRT",282.63,1,"N"
"5853",52.14229,143.01518,299.44,0.49,0.4,"2025-09-30",1702,"N20","nominal","2.0NRT",282.79,0.54,"N"
"5854",51.41732,143.36987,334.06,0.52,0.42,"2025-09-30",1702,"N20","nominal","2.0NRT",286.08,7.92,"N"
"5855",51.17403,136.63501,296.46,0.38,0.36,"2025-09-30",1702,"N20","nominal","2.0NRT",281.7,0.3,"N"
"5856",46.62827,142.90807,315.55,0.43,0.46,"2025-09-30",1705,"N20","nominal","2.0NRT",278.83,1.24,"N"
"5857",48.05167,133.85706,326.34,0.39,0.36,"2025-09-30",1705,"N20","nominal","2.0NRT",289.44,3.09,"N"
"5858",48.05092,133.86218,307.91,0.39,0.36,"2025-09-30",1705,"N20","nominal","2.0NRT",285.69,1.14,"N"
"5859",46.60514,131.08669,299.21,0.42,0.38,"2025-09-30",1705,"N20","nominal","2.0NRT",287.16,0.72,"N"
"5860",46.6038,131.06918,317.88,0.43,0.38,"2025-09-30",1705,"N20","nominal","2.0NRT",285.55,1.75,"N"
"5861",46.60035,131.06828,299.44,0.43,0.38,"2025-09-30",1705,"N20","nominal","2.0NRT",285.35,0.82,"N"
"5862",47.18339,123.57258,298.6,0.58,0.52,"2025-09-30",1705,"N20","nominal","2.0NRT",284.63,0.94,"N"
"5863",46.44973,127.12146,298.7,0.39,0.44,"2025-09-30",1705,"N20","nominal","2.0NRT",285.45,0.45,"N"
"5864",45.90656,131.32074,309.78,0.41,0.37,"2025-09-30",1705,"N20","nominal","2.0NRT",285.44,1,"N"
"5865",45.79287,131.2052,303.11,0.42,0.37,"2025-09-30",1705,"N20","nominal","2.0NRT",286.3,0.83,"N"
"5866",45.79795,130.92357,298.67,0.42,0.38,"2025-09-30",1705,"N20","nominal","2.0NRT",282.88,0.87,"N"
"5867",45.79381,130.92807,299.42,0.42,0.38,"2025-09-30",1705,"N20","nominal","2.0NRT",284.43,0.97,"N"
"5868",45.75025,131.07253,304.07,0.42,0.38,"2025-09-30",1705,"N20","nominal","2.0NRT",286.37,1.41,"N"
"5869",46.08947,124.36443,303.33,0.52,0.5,"2025-09-30",1705,"N20","nominal","2.0NRT",283.76,0.64,"N"
"5870",45.33201,131.45485,299.38,0.41,0.37,"2025-09-30",1705,"N20","nominal","2.0NRT",282.37,1.06,"N"
"5871",45.33187,131.45361,298.35,0.41,0.37,"2025-09-30",1705,"N20","nominal","2.0NRT",280.96,0.8,"N"
"5872",45.931,124.26084,295.52,0.52,0.5,"2025-09-30",1705,"N20","nominal","2.0NRT",282.7,0.49,"N"
"5873",45.22081,130.94724,298.9,0.42,0.37,"2025-09-30",1705,"N20","nominal","2.0NRT",287.98,0.79,"N"
"5874",45.74268,124.23949,307.22,0.52,0.5,"2025-09-30",1705,"N20","nominal","2.0NRT",284.27,0.63,"N"
"5875",45.74352,124.24024,306.69,0.52,0.5,"2025-09-30",1705,"N20","nominal","2.0NRT",284.25,1.16,"N"
"5876",44.53563,132.75339,311.47,0.39,0.36,"2025-09-30",1705,"N20","nominal","2.0NRT",285.5,1.81,"N"
"5877",44.332,125.33957,305.98,0.44,0.46,"2025-09-30",1705,"N20","nominal","2.0NRT",285.11,1.16,"N"
"5878",44.55734,121.01044,297.07,0.37,0.58,"2025-09-30",1705,"N20","nominal","2.0NRT",280.74,1.2,"N"
"5879",44.55417,121.01227,302,0.36,0.58,"2025-09-30",1705,"N20","nominal","2.0NRT",281.94,0.84,"N"
"5880",44.19464,124.08884,308.03,0.51,0.49,"2025-09-30",1705,"N20","nominal","2.0NRT",284.21,1.55,"N"
"5881",43.20207,124.33346,306.54,0.48,0.48,"2025-09-30",1707,"N20","nominal","2.0NRT",287.22,1.73,"N"
"5882",43.19943,124.33273,305.62,0.48,0.48,"2025-09-30",1707,"N20","nominal","2.0NRT",285.87,0.74,"N"
"5883",42.32161,125.24556,299.37,0.43,0.46,"2025-09-30",1707,"N20","nominal","2.0NRT",283.83,1.28,"N"
"5884",42.32114,125.25069,309.41,0.43,0.46,"2025-09-30",1707,"N20","nominal","2.0NRT",286.82,1.97,"N"
"5885",41.76493,129.74884,304.51,0.42,0.38,"2025-09-30",1707,"N20","nominal","2.0NRT",285.29,0.9,"N"
"5886",42.22876,123.64013,310.72,0.51,0.49,"2025-09-30",1707,"N20","nominal","2.0NRT",286.71,1.44,"N"
"5887",42.27475,119.01412,296.23,0.44,0.63,"2025-09-30",1707,"N20","nominal","2.0NRT",283.81,1.53,"N"
"5888",42.27029,119.13837,296.88,0.44,0.62,"2025-09-30",1707,"N20","nominal","2.0NRT",282.29,0.74,"N"
"5889",42.26452,119.13808,302.88,0.44,0.62,"2025-09-30",1707,"N20","nominal","2.0NRT",283.6,1.07,"N"
"5890",41.80087,126.01252,295.22,0.39,0.44,"2025-09-30",1707,"N20","nominal","2.0NRT",283.23,0.87,"N"
"5891",41.77998,126.01725,304.69,0.39,0.44,"2025-09-30",1707,"N20","nominal","2.0NRT",285.17,1.72,"N"
"5892",41.77553,126.02114,300.52,0.39,0.44,"2025-09-30",1707,"N20","nominal","2.0NRT",285.24,0.98,"N"
"5893",41.84617,123.75826,302.66,0.5,0.49,"2025-09-30",1707,"N20","nominal","2.0NRT",286.08,2.03,"N"
"5894",41.84486,123.75854,303.85,0.5,0.49,"2025-09-30",1707,"N20","nominal","2.0NRT",286.96,0.95,"N"
"5895",41.83455,119.28835,306.69,0.43,0.62,"2025-09-30",1707,"N20","nominal","2.0NRT",284.3,1.41,"N"
"5896",41.82903,119.28286,296.57,0.43,0.62,"2025-09-30",1707,"N20","nominal","2.0NRT",286.54,1.64,"N"
"5897",41.78154,119.48121,305.84,0.42,0.61,"2025-09-30",1707,"N20","nominal","2.0NRT",279.5,1.41,"N"
"5898",41.78469,119.48092,314.04,0.42,0.61,"2025-09-30",1707,"N20","nominal","2.0NRT",279.84,1.2,"N"
"5899",41.55366,121.30338,313.21,0.33,0.55,"2025-09-30",1707,"N20","nominal","2.0NRT",288.14,1.16,"N"
"5900",41.44977,120.03656,297.81,0.39,0.59,"2025-09-30",1707,"N20","nominal","2.0NRT",284.34,1.1,"N"
"5901",41.21981,123.61189,297.38,0.5,0.49,"2025-09-30",1707,"N20","nominal","2.0NRT",286.47,1.58,"N"
"5902",41.21935,123.61796,305.51,0.5,0.49,"2025-09-30",1707,"N20","nominal","2.0NRT",287.97,1.58,"N"
"5903",41.22274,123.61726,308.61,0.5,0.49,"2025-09-30",1707,"N20","nominal","2.0NRT",287.19,1.64,"N"
"5904",41.21821,123.6167,298.34,0.5,0.49,"2025-09-30",1707,"N20","nominal","2.0NRT",286.49,1.19,"N"
"5905",15.38717,108.78856,302.39,0.34,0.56,"2025-09-30",1853,"N20","nominal","2.0NRT",280.03,2.44,"N"
"5906",15.38211,108.78746,302.13,0.34,0.56,"2025-09-30",1853,"N20","nominal","2.0NRT",278.39,0.97,"N"
"5907",15.38085,108.79366,303.88,0.34,0.56,"2025-09-30",1853,"N20","nominal","2.0NRT",284.17,1.45,"N"
"5908",15.37959,108.79985,305.68,0.34,0.56,"2025-09-30",1853,"N20","nominal","2.0NRT",286.76,1.41,"N"
"5909",14.63285,101.07617,301.37,0.4,0.37,"2025-09-30",1853,"N20","nominal","2.0NRT",268.54,0.86,"N"
"5910",14.62924,101.09818,295.6,0.4,0.37,"2025-09-30",1853,"N20","nominal","2.0NRT",263.9,0.23,"N"
"5911",13.11438,100.91116,303.72,0.4,0.37,"2025-09-30",1856,"N20","nominal","2.0NRT",287.17,2.05,"N"
"5912",59.77107,109.28378,320.84,0.47,0.4,"2025-09-30",1841,"N20","nominal","2.0NRT",269.35,6.12,"N"
"5913",37.46316,110.9508,301.94,0.52,0.41,"2025-09-30",1847,"N20","nominal","2.0NRT",281.16,1.62,"N"
"5914",59.77215,109.27711,325.1,0.47,0.4,"2025-09-30",1841,"N20","nominal","2.0NRT",264.77,9.55,"N"
"5915",36.5994,114.41615,305.64,0.53,0.5,"2025-09-30",1847,"N20","nominal","2.0NRT",293.58,2.81,"N"
"5916",60.44273,97.54541,339.36,0.38,0.59,"2025-09-30",1841,"N20","nominal","2.0NRT",245.07,4.97,"N"
"5917",36.21987,115.83677,323.74,0.32,0.55,"2025-09-30",1847,"N20","nominal","2.0NRT",290.39,2.89,"N"
"5918",60.43944,96.23894,324.01,0.42,0.61,"2025-09-30",1841,"N20","nominal","2.0NRT",241.98,2.99,"N"
"5919",36.21975,115.83602,307.43,0.32,0.55,"2025-09-30",1847,"N20","nominal","2.0NRT",289.06,1.36,"N"
"5920",60.4394,96.24706,330.16,0.42,0.61,"2025-09-30",1841,"N20","nominal","2.0NRT",242.92,2.99,"N"
"5921",60.42659,96.4956,327.75,0.41,0.61,"2025-09-30",1841,"N20","nominal","2.0NRT",242.98,9.5,"N"
"5922",36.21889,115.83948,317.15,0.32,0.55,"2025-09-30",1847,"N20","nominal","2.0NRT",290.91,1.36,"N"
"5923",60.42654,96.50378,367,0.41,0.61,"2025-09-30",1841,"N20","high","2.0NRT",247.4,14.83,"N"
"5924",35.19019,119.38051,301.4,0.53,0.67,"2025-09-30",1847,"N20","nominal","2.0NRT",290.29,1.8,"N"
"5925",59.63731,108.12218,336.13,0.5,0.41,"2025-09-30",1841,"N20","nominal","2.0NRT",267.17,4.53,"N"
"5926",36.71249,112.57975,299.57,0.42,0.46,"2025-09-30",1847,"N20","nominal","2.0NRT",283.3,0.69,"N"
"5927",35.18845,117.28056,298.86,0.41,0.61,"2025-09-30",1847,"N20","nominal","2.0NRT",287.18,0.62,"N"
"5928",59.28985,99.2908,320.06,0.32,0.55,"2025-09-30",1841,"N20","nominal","2.0NRT",268.69,1.72,"N"
"5929",34.86391,117.43832,300.65,0.43,0.62,"2025-09-30",1847,"N20","nominal","2.0NRT",288.36,0.93,"N"
"5930",59.28934,99.30824,355.47,0.32,0.55,"2025-09-30",1841,"N20","nominal","2.0NRT",272.04,5.42,"N"
"5931",34.55024,118.42716,320.92,0.49,0.65,"2025-09-30",1847,"N20","nominal","2.0NRT",287.46,2.31,"N"
"5932",59.29002,99.28497,314.66,0.32,0.55,"2025-09-30",1841,"N20","nominal","2.0NRT",266.34,1.72,"N"
"5933",34.5463,118.42937,322.22,0.49,0.65,"2025-09-30",1847,"N20","nominal","2.0NRT",287.9,1.87,"N"
"5934",34.54766,118.42442,297.93,0.49,0.65,"2025-09-30",1847,"N20","nominal","2.0NRT",286.94,1.87,"N"
"5935",59.28951,99.30254,308.74,0.32,0.55,"2025-09-30",1841,"N20","nominal","2.0NRT",266.44,4.28,"N"
"5936",34.94309,116.80372,302.48,0.39,0.6,"2025-09-30",1847,"N20","nominal","2.0NRT",289.65,1.05,"N"
"5937",59.28901,99.3197,308.54,0.32,0.55,"2025-09-30",1841,"N20","nominal","2.0NRT",267.55,1.2,"N"
"5938",59.28493,99.28426,332.37,0.32,0.55,"2025-09-30",1841,"N20","nominal","2.0NRT",267.42,2.84,"N"
"5939",34.4021,117.95369,299.56,0.47,0.64,"2025-09-30",1847,"N20","nominal","2.0NRT",288.52,2.1,"N"
"5940",59.28476,99.29021,333.57,0.32,0.55,"2025-09-30",1841,"N20","nominal","2.0NRT",270.61,2.84,"N"
"5941",34.74369,116.62331,305.58,0.39,0.59,"2025-09-30",1847,"N20","nominal","2.0NRT",289.91,0.78,"N"
"5942",59.28425,99.30778,367,0.32,0.55,"2025-09-30",1841,"N20","high","2.0NRT",273.56,3.18,"N"
"5943",34.47473,117.45946,301.15,0.44,0.62,"2025-09-30",1847,"N20","nominal","2.0NRT",288.29,0.6,"N"
"5944",59.28408,99.31351,309.67,0.32,0.55,"2025-09-30",1841,"N20","nominal","2.0NRT",267.74,3.18,"N"
"5945",33.87377,118.32892,302.07,0.51,0.66,"2025-09-30",1847,"N20","nominal","2.0NRT",287.74,0.93,"N"
"5946",59.28392,99.31921,297.73,0.32,0.55,"2025-09-30",1841,"N20","nominal","2.0NRT",267.24,1.79,"N"
"5947",33.87669,118.33414,309.15,0.51,0.66,"2025-09-30",1847,"N20","nominal","2.0NRT",288.04,1.08,"N"
"5948",59.28358,99.33057,296.75,0.32,0.55,"2025-09-30",1841,"N20","nominal","2.0NRT",268.11,0.61,"N"
"5949",34.03316,116.8037,299.94,0.41,0.61,"2025-09-30",1847,"N20","nominal","2.0NRT",284.99,0.91,"N"
"5950",59.279,99.31303,310.01,0.32,0.55,"2025-09-30",1841,"N20","nominal","2.0NRT",268.05,3.18,"N"
"5951",32.78471,117.17024,301.23,0.47,0.64,"2025-09-30",1847,"N20","nominal","2.0NRT",286.98,0.75,"N"
"5952",59.27883,99.31873,313.1,0.32,0.55,"2025-09-30",1841,"N20","nominal","2.0NRT",267.13,1.79,"N"
"5953",32.58582,117.2439,302.52,0.48,0.64,"2025-09-30",1847,"N20","nominal","2.0NRT",286.88,1.84,"N"
"5954",59.27851,99.32981,297.88,0.32,0.55,"2025-09-30",1841,"N20","nominal","2.0NRT",267.79,0.61,"N"
"5955",31.97092,118.33893,300.14,0.57,0.69,"2025-09-30",1847,"N20","nominal","2.0NRT",287.82,0.95,"N"
"5956",59.29186,99.30575,327.61,0.32,0.55,"2025-09-30",1841,"N20","nominal","2.0NRT",267.43,5.14,"N"
"5957",31.96805,118.33504,305.36,0.57,0.69,"2025-09-30",1847,"N20","nominal","2.0NRT",287.53,1.48,"N"
"5958",59.28735,99.28769,367,0.32,0.55,"2025-09-30",1841,"N20","high","2.0NRT",271.08,5.52,"N"
"5959",31.38906,119.29659,299.68,0.67,0.73,"2025-09-30",1849,"N20","nominal","2.0NRT",287.58,1.06,"N"
"5960",31.38712,119.30325,301.83,0.67,0.73,"2025-09-30",1849,"N20","nominal","2.0NRT",287.52,1.06,"N"
"5961",59.28677,99.30531,367,0.32,0.55,"2025-09-30",1841,"N20","high","2.0NRT",267.49,5.14,"N"
"5962",31.38264,119.29402,301.67,0.67,0.73,"2025-09-30",1849,"N20","nominal","2.0NRT",287.34,0.9,"N"
"5963",59.28658,99.31097,336.65,0.32,0.55,"2025-09-30",1841,"N20","nominal","2.0NRT",269.55,5.14,"N"
"5964",31.3903,119.3045,303.12,0.67,0.74,"2025-09-30",1849,"N20","nominal","2.0NRT",287.25,1.35,"N"
"5965",59.2862,99.32243,319.94,0.32,0.55,"2025-09-30",1841,"N20","nominal","2.0NRT",268.66,2.28,"N"
"5966",59.28226,99.28721,336.74,0.32,0.55,"2025-09-30",1841,"N20","nominal","2.0NRT",268.32,2.32,"N"
"5967",31.38577,119.29527,308.93,0.67,0.73,"2025-09-30",1849,"N20","nominal","2.0NRT",288.01,2.2,"N"
"5968",59.28149,99.31058,319.83,0.32,0.55,"2025-09-30",1841,"N20","nominal","2.0NRT",266.69,1.52,"N"
"5969",31.51959,117.89594,297.97,0.55,0.68,"2025-09-30",1849,"N20","nominal","2.0NRT",285.35,0.69,"N"
"5970",59.28093,99.32751,301.64,0.32,0.55,"2025-09-30",1841,"N20","nominal","2.0NRT",266.54,1.76,"N"
"5971",31.51992,117.75011,300.54,0.54,0.68,"2025-09-30",1849,"N20","nominal","2.0NRT",286.08,1.13,"N"
"5972",59.27604,99.32128,319.19,0.32,0.55,"2025-09-30",1841,"N20","nominal","2.0NRT",266.02,2.91,"N"
"5973",28.97125,118.45236,301.65,0.69,0.74,"2025-09-30",1849,"N20","nominal","2.0NRT",281.22,0.87,"N"
"5974",58.80105,103.28079,309.65,0.46,0.47,"2025-09-30",1841,"N20","nominal","2.0NRT",266.83,0.9,"N"
"5975",28.96913,118.45182,301.07,0.69,0.74,"2025-09-30",1849,"N20","nominal","2.0NRT",281.36,0.63,"N"
"5976",29.25536,117.17244,304.35,0.57,0.69,"2025-09-30",1849,"N20","nominal","2.0NRT",283.81,1.74,"N"
"5977",58.45189,107.59885,334.27,0.5,0.41,"2025-09-30",1841,"N20","nominal","2.0NRT",268.18,9,"N"
"5978",28.64773,115.99023,299.14,0.51,0.66,"2025-09-30",1849,"N20","nominal","2.0NRT",285.66,1.8,"N"
"5979",58.80671,103.11646,297.75,0.47,0.48,"2025-09-30",1841,"N20","nominal","2.0NRT",266.52,0.78,"N"
"5980",58.44818,107.59734,337.88,0.5,0.41,"2025-09-30",1841,"N20","nominal","2.0NRT",270.43,9,"N"
"5981",27.55591,113.12679,301.44,0.36,0.57,"2025-09-30",1849,"N20","nominal","2.0NRT",289.15,0.5,"N"
"5982",58.48347,107.02183,329.16,0.52,0.42,"2025-09-30",1841,"N20","nominal","2.0NRT",277.38,60.12,"N"
"5983",26.2623,117.60232,305.65,0.72,0.76,"2025-09-30",1849,"N20","nominal","2.0NRT",287.26,2.49,"N"
"5984",58.42747,107.57262,326.17,0.5,0.41,"2025-09-30",1841,"N20","nominal","2.0NRT",266.06,5.44,"N"
"5985",25.84454,115.87885,302.64,0.58,0.7,"2025-09-30",1849,"N20","nominal","2.0NRT",289.14,1.11,"N"
"5986",58.48136,107.02309,326.39,0.52,0.42,"2025-09-30",1841,"N20","nominal","2.0NRT",273.85,67.31,"N"
"5987",29.3765,91.14701,296.77,0.49,0.65,"2025-09-30",1849,"N20","nominal","2.0NRT",278.93,1.02,"N"
"5988",58.42725,107.57416,323.08,0.5,0.41,"2025-09-30",1841,"N20","nominal","2.0NRT",269.76,9.9,"N"
"5989",29.26646,91.924,299.38,0.44,0.62,"2025-09-30",1849,"N20","nominal","2.0NRT",282.39,1.68,"N"
"5990",58.42353,107.57281,326.09,0.5,0.41,"2025-09-30",1841,"N20","nominal","2.0NRT",267.03,7.29,"N"
"5991",29.26498,91.92126,304.49,0.44,0.62,"2025-09-30",1849,"N20","nominal","2.0NRT",281.66,1.98,"N"
"5992",24.86467,116.19009,301.92,0.64,0.72,"2025-09-30",1849,"N20","nominal","2.0NRT",286.42,1.4,"N"
"5993",58.84993,99.77018,336.99,0.62,0.54,"2025-09-30",1841,"N20","nominal","2.0NRT",270.81,14.96,"N"
"5994",58.72885,102.47639,328.02,0.49,0.49,"2025-09-30",1841,"N20","nominal","2.0NRT",268.84,2.12,"N"
"5995",25.63121,113.02354,300.06,0.39,0.6,"2025-09-30",1849,"N20","nominal","2.0NRT",289.46,0.58,"N"
"5996",58.85064,99.74891,315.3,0.62,0.54,"2025-09-30",1841,"N20","nominal","2.0NRT",267.7,2.94,"N"
"5997",27.72624,102.21226,296,0.39,0.36,"2025-09-30",1849,"N20","nominal","2.0NRT",281.76,0.89,"N"
"5998",58.72933,102.4678,312.97,0.49,0.49,"2025-09-30",1841,"N20","nominal","2.0NRT",268.67,2.12,"N"
"5999",24.74308,116.18128,301.89,0.64,0.72,"2025-09-30",1849,"N20","nominal","2.0NRT",285.88,1.14,"N"
"6000",58.72482,102.46694,298.67,0.49,0.49,"2025-09-30",1841,"N20","nominal","2.0NRT",267.73,2.12,"N"
"6001",25.65365,112.36291,303.99,0.36,0.57,"2025-09-30",1849,"N20","nominal","2.0NRT",290.66,0.45,"N"
"6002",58.73201,102.47974,307.01,0.49,0.49,"2025-09-30",1841,"N20","nominal","2.0NRT",268.61,1.24,"N"
"6003",25.65303,112.36273,303.57,0.36,0.57,"2025-09-30",1849,"N20","nominal","2.0NRT",290.82,0.45,"N"
"6004",58.72803,102.47018,323.55,0.49,0.49,"2025-09-30",1841,"N20","nominal","2.0NRT",268.89,3.89,"N"
"6005",25.46845,113.02294,302.7,0.4,0.6,"2025-09-30",1849,"N20","nominal","2.0NRT",290.92,0.69,"N"
"6006",58.72752,102.47876,310.26,0.49,0.49,"2025-09-30",1841,"N20","nominal","2.0NRT",268.41,1.24,"N"
"6007",25.54885,111.97986,300.46,0.34,0.56,"2025-09-30",1849,"N20","nominal","2.0NRT",287.83,0.42,"N"
"6008",58.85032,99.7648,336.2,0.62,0.54,"2025-09-30",1841,"N20","nominal","2.0NRT",269.96,5.94,"N"
"6009",24.2781,113.41969,312.39,0.45,0.63,"2025-09-30",1851,"N20","nominal","2.0NRT",290.37,1.91,"N"
"6010",58.85073,99.7541,316.33,0.62,0.54,"2025-09-30",1841,"N20","nominal","2.0NRT",267.66,5.94,"N"
"6011",24.25211,113.4031,303.25,0.44,0.63,"2025-09-30",1851,"N20","nominal","2.0NRT",289.48,1.65,"N"
"6012",24.17735,112.76133,314.07,0.41,0.6,"2025-09-30",1851,"N20","nominal","2.0NRT",289.86,1.83,"N"
"6013",58.61102,102.10527,307.16,0.51,0.49,"2025-09-30",1841,"N20","nominal","2.0NRT",266.61,1.34,"N"
"6014",23.33858,113.14185,305.72,0.45,0.63,"2025-09-30",1851,"N20","nominal","2.0NRT",289.41,3.05,"N"
"6015",23.89469,109.5451,299.17,0.52,0.5,"2025-09-30",1851,"N20","nominal","2.0NRT",276.72,1.1,"N"
"6016",58.19564,106.46081,329.44,0.54,0.42,"2025-09-30",1841,"N20","nominal","2.0NRT",267.22,3.92,"N"
"6017",23.24228,111.56981,304.62,0.36,0.57,"2025-09-30",1851,"N20","nominal","2.0NRT",291.54,1.17,"N"
"6018",58.0956,106.55959,342.88,0.53,0.42,"2025-09-30",1841,"N20","nominal","2.0NRT",271.8,7.26,"N"
"6019",23.24154,111.57307,311.04,0.36,0.57,"2025-09-30",1851,"N20","nominal","2.0NRT",292.84,1.35,"N"
"6020",58.09453,106.56121,326.14,0.53,0.42,"2025-09-30",1841,"N20","nominal","2.0NRT",271.21,4,"N"
"6021",23.05373,111.99654,303.18,0.39,0.59,"2025-09-30",1851,"N20","nominal","2.0NRT",290.31,0.6,"N"
"6022",58.36172,101.40273,312.55,0.53,0.5,"2025-09-30",1841,"N20","nominal","2.0NRT",265.03,3.02,"N"
"6023",22.61786,111.72099,304.92,0.38,0.59,"2025-09-30",1851,"N20","nominal","2.0NRT",289.17,0.52,"N"
"6024",58.36478,101.39768,302.64,0.53,0.5,"2025-09-30",1841,"N20","nominal","2.0NRT",265.94,1.32,"N"
"6025",22.37688,111.95831,311.59,0.4,0.6,"2025-09-30",1851,"N20","nominal","2.0NRT",290.61,1.17,"N"
"6026",58.3485,101.34825,300.09,0.54,0.51,"2025-09-30",1841,"N20","nominal","2.0NRT",267.31,0.98,"N"
"6027",22.37154,111.9568,303.63,0.4,0.6,"2025-09-30",1851,"N20","nominal","2.0NRT",290.93,1.17,"N"
"6028",25.03308,87.36525,295.37,0.76,0.77,"2025-09-30",1851,"N20","nominal","2.0NRT",268.73,0.27,"N"
"6029",57.7432,108.05014,301.33,0.48,0.4,"2025-09-30",1841,"N20","nominal","2.0NRT",267.55,1.07,"N"
"6030",22.18492,107.78143,296.64,0.44,0.46,"2025-09-30",1851,"N20","nominal","2.0NRT",274.14,1.24,"N"
"6031",57.74063,108.05022,297,0.48,0.4,"2025-09-30",1841,"N20","nominal","2.0NRT",266.3,0.63,"N"
"6032",58.23177,100.79336,296.27,0.56,0.52,"2025-09-30",1841,"N20","nominal","2.0NRT",265.4,1.11,"N"
"6033",21.67693,108.40771,306.92,0.49,0.48,"2025-09-30",1851,"N20","nominal","2.0NRT",290.41,2.64,"N"
"6034",57.87733,105.88203,344.35,0.56,0.43,"2025-09-30",1841,"N20","nominal","2.0NRT",274.56,16.25,"N"
"6035",21.67714,108.41025,313.71,0.49,0.48,"2025-09-30",1851,"N20","nominal","2.0NRT",290.94,2.89,"N"
"6036",21.56152,108.43703,310.26,0.49,0.49,"2025-09-30",1851,"N20","nominal","2.0NRT",287.53,2.1,"N"
"6037",57.87653,105.89114,316.17,0.55,0.43,"2025-09-30",1841,"N20","nominal","2.0NRT",274.15,8.12,"N"
"6038",21.56204,108.43898,307.81,0.49,0.49,"2025-09-30",1851,"N20","nominal","2.0NRT",287.74,1.72,"N"
"6039",57.96698,101.5071,298.99,0.53,0.5,"2025-09-30",1841,"N20","nominal","2.0NRT",266.2,0.76,"N"
"6040",57.61718,105.6857,326.47,0.56,0.43,"2025-09-30",1841,"N20","nominal","2.0NRT",267.27,9.92,"N"
"6041",21.56152,108.39509,307.41,0.49,0.49,"2025-09-30",1851,"N20","nominal","2.0NRT",288.36,2.26,"N"
"6042",21.063,110.49859,309.43,0.34,0.56,"2025-09-30",1851,"N20","nominal","2.0NRT",289.82,0.76,"N"
"6043",57.57143,105.93021,331.39,0.55,0.43,"2025-09-30",1841,"N20","nominal","2.0NRT",268.87,9.57,"N"
"6044",57.57235,105.87472,325.21,0.55,0.43,"2025-09-30",1841,"N20","nominal","2.0NRT",265.61,9.73,"N"
"6045",21.05933,110.49094,304.69,0.34,0.56,"2025-09-30",1851,"N20","nominal","2.0NRT",288.96,1.3,"N"
"6046",57.56833,105.9201,323.83,0.55,0.43,"2025-09-30",1841,"N20","nominal","2.0NRT",265.29,4.04,"N"
"6047",21.05568,110.48327,304.07,0.34,0.56,"2025-09-30",1851,"N20","nominal","2.0NRT",288.41,1.09,"N"
"6048",57.56753,105.92904,323.37,0.55,0.43,"2025-09-30",1841,"N20","nominal","2.0NRT",272.28,9.57,"N"
"6049",20.81929,108.89617,329.9,0.54,0.51,"2025-09-30",1851,"N20","nominal","2.0NRT",289.56,3.51,"N"
"6050",57.43899,107.28526,307.7,0.5,0.41,"2025-09-30",1841,"N20","nominal","2.0NRT",266.2,1.42,"N"
"6051",20.8147,108.89512,317.95,0.54,0.51,"2025-09-30",1851,"N20","nominal","2.0NRT",289.17,3.51,"N"
"6052",57.56443,105.91886,325.88,0.55,0.43,"2025-09-30",1841,"N20","nominal","2.0NRT",267.63,10.5,"N"
"6053",20.81499,108.89926,338.15,0.54,0.51,"2025-09-30",1851,"N20","nominal","2.0NRT",289.75,5.25,"N"
"6054",57.56871,105.825,328.36,0.55,0.43,"2025-09-30",1841,"N20","nominal","2.0NRT",271.8,12,"N"
"6055",20.81601,108.89413,306.73,0.54,0.51,"2025-09-30",1851,"N20","nominal","2.0NRT",289,3.48,"N"
"6056",57.59946,103.17273,307.16,0.45,0.47,"2025-09-30",1841,"N20","nominal","2.0NRT",264.82,1.43,"N"
"6057",22.37844,87.27071,302.59,0.73,0.76,"2025-09-30",1851,"N20","nominal","2.0NRT",272.41,0.97,"N"
"6058",57.61996,101.72561,303.19,0.51,0.49,"2025-09-30",1841,"N20","nominal","2.0NRT",266.5,2.86,"N"
"6059",22.37796,87.27786,297.66,0.73,0.76,"2025-09-30",1851,"N20","nominal","2.0NRT",272.79,0.97,"N"
"6060",56.86214,105.99358,309.14,0.54,0.42,"2025-09-30",1841,"N20","nominal","2.0NRT",267.4,1.05,"N"
"6061",22.36677,87.01301,313.9,0.75,0.77,"2025-09-30",1851,"N20","nominal","2.0NRT",284.2,4.07,"N"
"6062",56.85829,105.99239,329.69,0.54,0.42,"2025-09-30",1841,"N20","nominal","2.0NRT",269.08,8.6,"N"
"6063",22.38032,87.27225,304.08,0.73,0.76,"2025-09-30",1851,"N20","nominal","2.0NRT",272.47,0.85,"N"
"6064",56.86137,105.99507,336.82,0.54,0.42,"2025-09-30",1841,"N20","nominal","2.0NRT",269.67,4.84,"N"
"6065",22.37022,87.0152,304.36,0.75,0.77,"2025-09-30",1851,"N20","nominal","2.0NRT",283.4,1.77,"N"
"6066",56.85753,105.9939,296.31,0.54,0.42,"2025-09-30",1841,"N20","nominal","2.0NRT",266.74,4.84,"N"
"6067",22.3631,87.0145,305.33,0.75,0.77,"2025-09-30",1851,"N20","nominal","2.0NRT",282.98,1.69,"N"
"6068",55.39269,105.71304,326.42,0.53,0.42,"2025-09-30",1843,"N20","nominal","2.0NRT",268.78,6.64,"N"
"6069",18.91326,110.07383,301.47,0.35,0.57,"2025-09-30",1851,"N20","nominal","2.0NRT",284.34,0.22,"N"
"6070",18.02532,106.4335,299.03,0.43,0.46,"2025-09-30",1853,"N20","nominal","2.0NRT",273.56,0.54,"N"
"6071",55.21003,106.70658,335.35,0.49,0.4,"2025-09-30",1843,"N20","nominal","2.0NRT",260.96,4.94,"N"
"6072",55.19604,106.80448,327.9,0.48,0.4,"2025-09-30",1843,"N20","nominal","2.0NRT",261.25,9.64,"N"
"6073",55.23018,105.73858,335.21,0.52,0.42,"2025-09-30",1843,"N20","nominal","2.0NRT",266.56,24.28,"N"
"6074",46.09302,124.36462,299.56,0.45,0.63,"2025-09-30",1843,"N20","nominal","2.0NRT",282.65,0.37,"N"
"6075",46.09222,124.3616,298.91,0.45,0.63,"2025-09-30",1843,"N20","nominal","2.0NRT",282.44,0.73,"N"
"6076",45.931,124.26039,296.46,0.45,0.63,"2025-09-30",1843,"N20","nominal","2.0NRT",281.74,0.17,"N"
"6077",45.77725,124.25647,295.55,0.45,0.63,"2025-09-30",1843,"N20","nominal","2.0NRT",283.85,0.92,"N"
"6078",45.7776,124.29427,298.41,0.46,0.63,"2025-09-30",1843,"N20","nominal","2.0NRT",284.13,0.4,"N"
"6079",45.77689,124.25504,298.2,0.45,0.63,"2025-09-30",1843,"N20","nominal","2.0NRT",284.53,0.94,"N"
"6080",45.74319,124.23987,303,0.45,0.63,"2025-09-30",1843,"N20","nominal","2.0NRT",282.63,0.75,"N"
"6081",44.19329,124.08916,304.91,0.5,0.66,"2025-09-30",1845,"N20","nominal","2.0NRT",283.79,1.78,"N"
"6082",47.12576,107.87105,322.41,0.39,0.36,"2025-09-30",1845,"N20","nominal","2.0NRT",281.23,2.51,"N"
"6083",47.1265,107.86596,306.54,0.39,0.36,"2025-09-30",1845,"N20","nominal","2.0NRT",277.66,1.34,"N"
"6084",44.45891,118.92075,297.56,0.57,0.52,"2025-09-30",1845,"N20","nominal","2.0NRT",282.16,0.8,"N"
"6085",42.32126,125.24653,295.15,0.65,0.73,"2025-09-30",1845,"N20","nominal","2.0NRT",281.09,1.43,"N"
"6086",42.32188,125.25048,295.33,0.65,0.73,"2025-09-30",1845,"N20","nominal","2.0NRT",281.92,1.02,"N"
"6087",41.22408,123.61644,296.45,0.59,0.7,"2025-09-30",1845,"N20","nominal","2.0NRT",285.03,1.79,"N"
"6088",41.17798,122.94522,299.26,0.55,0.68,"2025-09-30",1845,"N20","nominal","2.0NRT",285.6,1.01,"N"
"6089",41.17214,122.94205,311.04,0.55,0.68,"2025-09-30",1845,"N20","nominal","2.0NRT",286.79,1.01,"N"
"6090",41.16267,122.97242,297.49,0.55,0.68,"2025-09-30",1845,"N20","nominal","2.0NRT",285.95,1.57,"N"
"6091",42.26938,119.14134,315.37,0.33,0.56,"2025-09-30",1845,"N20","nominal","2.0NRT",286.09,1.52,"N"
"6092",41.13556,122.97168,297.86,0.55,0.68,"2025-09-30",1845,"N20","nominal","2.0NRT",286.39,1.67,"N"
"6093",42.27985,119.02151,295.87,0.33,0.55,"2025-09-30",1845,"N20","nominal","2.0NRT",285.57,0.89,"N"
"6094",42.27139,119.01262,295.41,0.33,0.55,"2025-09-30",1845,"N20","nominal","2.0NRT",282.07,0.51,"N"
"6095",41.13718,122.97221,298.42,0.55,0.68,"2025-09-30",1845,"N20","nominal","2.0NRT",285.97,1.42,"N"
"6096",42.02296,118.95546,296.06,0.33,0.55,"2025-09-30",1845,"N20","nominal","2.0NRT",283.35,0.28,"N"
"6097",41.82321,119.27838,296.35,0.35,0.57,"2025-09-30",1845,"N20","nominal","2.0NRT",285.58,1.12,"N"
"6098",41.52381,120.36588,297.8,0.4,0.6,"2025-09-30",1845,"N20","nominal","2.0NRT",283.38,0.53,"N"
"6099",44.15799,108.28604,307.37,0.38,0.36,"2025-09-30",1845,"N20","nominal","2.0NRT",286.92,1.1,"N"
"6100",40.66706,122.59425,296.31,0.55,0.68,"2025-09-30",1845,"N20","nominal","2.0NRT",285.94,0.74,"N"
"6101",41.45693,119.83282,303.72,0.38,0.59,"2025-09-30",1845,"N20","nominal","2.0NRT",285.29,0.66,"N"
"6102",41.28249,119.41369,297.99,0.37,0.58,"2025-09-30",1845,"N20","nominal","2.0NRT",285.39,0.84,"N"
"6103",40.32093,122.14674,306.59,0.53,0.67,"2025-09-30",1845,"N20","nominal","2.0NRT",287.54,1.47,"N"
"6104",40.31509,122.14391,299.68,0.53,0.67,"2025-09-30",1845,"N20","nominal","2.0NRT",287.92,1.47,"N"
"6105",40.936,119.8861,297.3,0.39,0.6,"2025-09-30",1845,"N20","nominal","2.0NRT",282.66,1.35,"N"
"6106",40.93473,119.89066,315.79,0.4,0.6,"2025-09-30",1845,"N20","nominal","2.0NRT",284.62,1.9,"N"
"6107",44.8576,90.9267,307.84,0.63,0.72,"2025-09-30",1845,"N20","nominal","2.0NRT",281.35,2.08,"N"
"6108",44.85092,90.92668,296.61,0.63,0.72,"2025-09-30",1845,"N20","nominal","2.0NRT",280.98,1.16,"N"
"6109",44.84422,90.95039,297.69,0.63,0.72,"2025-09-30",1845,"N20","nominal","2.0NRT",282.85,1.23,"N"
"6110",44.8612,90.92963,314,0.63,0.72,"2025-09-30",1845,"N20","nominal","2.0NRT",280.98,2.19,"N"
"6111",44.84785,90.92965,296.77,0.63,0.72,"2025-09-30",1845,"N20","nominal","2.0NRT",280.62,1.62,"N"
"6112",44.84771,90.95346,296.04,0.63,0.72,"2025-09-30",1845,"N20","nominal","2.0NRT",283.36,1.46,"N"
"6113",44.72599,90.25828,311.46,0.68,0.74,"2025-09-30",1845,"N20","nominal","2.0NRT",283.44,2.78,"N"
"6114",44.72582,90.25079,297.32,0.68,0.74,"2025-09-30",1845,"N20","nominal","2.0NRT",280.61,2.13,"N"
"6115",44.72583,90.25958,306.22,0.68,0.74,"2025-09-30",1845,"N20","nominal","2.0NRT",283.25,2.13,"N"
"6116",44.3335,93.26155,300.37,0.48,0.65,"2025-09-30",1845,"N20","nominal","2.0NRT",282.77,2.16,"N"
"6117",44.33334,93.26759,308.53,0.48,0.65,"2025-09-30",1845,"N20","nominal","2.0NRT",284.96,1.46,"N"
"6118",44.33319,93.27362,296.4,0.48,0.65,"2025-09-30",1845,"N20","nominal","2.0NRT",284.43,1.46,"N"
"6119",44.3272,93.2735,297.78,0.48,0.65,"2025-09-30",1845,"N20","nominal","2.0NRT",283.98,0.66,"N"
"6120",40.94763,117.70341,303.52,0.61,0.54,"2025-09-30",1845,"N20","nominal","2.0NRT",283.95,2.15,"N"
"6121",40.78641,118.25724,296.41,0.33,0.55,"2025-09-30",1845,"N20","nominal","2.0NRT",284.1,0.49,"N"
"6122",41.54302,113.61056,295.12,0.57,0.43,"2025-09-30",1845,"N20","nominal","2.0NRT",278.8,0.91,"N"
"6123",41.54368,113.6118,300.62,0.57,0.43,"2025-09-30",1845,"N20","nominal","2.0NRT",280.16,1.37,"N"
"6124",40.5218,117.6068,301.78,0.62,0.54,"2025-09-30",1845,"N20","nominal","2.0NRT",285.18,1.16,"N"
"6125",40.09768,118.92603,301.24,0.37,0.58,"2025-09-30",1845,"N20","nominal","2.0NRT",285.37,0.67,"N"
"6126",40.11414,118.73938,313.34,0.36,0.58,"2025-09-30",1845,"N20","nominal","2.0NRT",289.2,2.5,"N"
"6127",40.11134,118.72882,300.64,0.36,0.58,"2025-09-30",1845,"N20","nominal","2.0NRT",290.64,1.82,"N"
"6128",41.45293,113.13051,296.13,0.54,0.42,"2025-09-30",1845,"N20","nominal","2.0NRT",280.74,1.46,"N"
"6129",40.21507,118.21988,315.09,0.34,0.56,"2025-09-30",1845,"N20","nominal","2.0NRT",291.08,1.89,"N"
"6130",43.70381,94.97465,297.9,0.39,0.59,"2025-09-30",1845,"N20","nominal","2.0NRT",287.63,0.5,"N"
"6131",43.7017,95.02783,300.09,0.39,0.59,"2025-09-30",1845,"N20","nominal","2.0NRT",287.12,1.62,"N"
"6132",43.69736,94.9985,336.1,0.39,0.59,"2025-09-30",1845,"N20","nominal","2.0NRT",292.21,2.58,"N"
"6133",43.69584,95.03709,333.33,0.39,0.59,"2025-09-30",1845,"N20","nominal","2.0NRT",293.48,3.24,"N"
"6134",43.69603,95.03229,308.47,0.39,0.59,"2025-09-30",1845,"N20","nominal","2.0NRT",287.25,1.62,"N"
"6135",40.20018,118.2344,302.59,0.34,0.56,"2025-09-30",1845,"N20","nominal","2.0NRT",286.26,0.58,"N"
"6136",40.2181,118.21832,298.78,0.34,0.56,"2025-09-30",1845,"N20","nominal","2.0NRT",287.64,1.21,"N"
"6137",40.2171,118.22215,308.84,0.34,0.56,"2025-09-30",1845,"N20","nominal","2.0NRT",289.84,1.21,"N"
"6138",40.20234,118.23664,302.07,0.34,0.56,"2025-09-30",1845,"N20","nominal","2.0NRT",286.68,0.45,"N"
"6139",43.70119,95.0318,302.11,0.39,0.59,"2025-09-30",1845,"N20","nominal","2.0NRT",289.17,0.8,"N"
"6140",43.69722,94.99769,345.58,0.39,0.59,"2025-09-30",1845,"N20","nominal","2.0NRT",292.78,3.99,"N"
"6141",43.69549,95.03627,348.32,0.39,0.59,"2025-09-30",1845,"N20","nominal","2.0NRT",293.42,5.07,"N"
"6142",43.69066,95.02146,306.18,0.39,0.59,"2025-09-30",1845,"N20","nominal","2.0NRT",287.5,1.15,"N"
"6143",43.69044,95.02627,312.9,0.39,0.59,"2025-09-30",1845,"N20","nominal","2.0NRT",290.21,1.15,"N"
"6144",43.68667,94.98737,335.32,0.39,0.59,"2025-09-30",1845,"N20","nominal","2.0NRT",289.56,2.6,"N"
"6145",43.68518,95.0211,303.25,0.39,0.59,"2025-09-30",1845,"N20","nominal","2.0NRT",289.39,2.9,"N"
"6146",43.68496,95.02592,303.38,0.39,0.59,"2025-09-30",1845,"N20","nominal","2.0NRT",287.22,2.9,"N"
"6147",43.68475,95.03075,307.01,0.39,0.59,"2025-09-30",1845,"N20","nominal","2.0NRT",290.88,1.58,"N"
"6148",40.12631,118.44118,300.11,0.35,0.57,"2025-09-30",1845,"N20","nominal","2.0NRT",287.87,0.49,"N"
"6149",43.68139,94.98221,322.81,0.39,0.59,"2025-09-30",1845,"N20","nominal","2.0NRT",289.45,2.6,"N"
"6150",43.6799,95.01595,367,0.39,0.59,"2025-09-30",1845,"N20","high","2.0NRT",293.28,9.63,"N"
"6151",60.24337,111.4558,324.14,0.43,0.38,"2025-09-30",1843,"N20","nominal","2.0NRT",265.58,2.59,"N"
"6152",43.67969,95.02076,320.77,0.39,0.59,"2025-09-30",1845,"N20","nominal","2.0NRT",293.51,2.9,"N"
"6153",43.67653,94.96737,314.72,0.39,0.59,"2025-09-30",1845,"N20","nominal","2.0NRT",287.77,1.25,"N"
"6154",43.67505,95.00116,313.64,0.39,0.59,"2025-09-30",1845,"N20","nominal","2.0NRT",289.83,2.17,"N"
"6155",43.66977,94.99604,301.67,0.39,0.59,"2025-09-30",1845,"N20","nominal","2.0NRT",286.06,1.38,"N"
"6156",40.09445,118.43539,312.88,0.35,0.57,"2025-09-30",1845,"N20","nominal","2.0NRT",286.63,1.35,"N"
"6157",40.09342,118.43924,301.18,0.35,0.57,"2025-09-30",1845,"N20","nominal","2.0NRT",285.73,0.94,"N"
"6158",40.188,118.06238,302.29,0.34,0.56,"2025-09-30",1845,"N20","nominal","2.0NRT",289.01,1.22,"N"
"6159",40.18304,118.08115,304.72,0.34,0.56,"2025-09-30",1845,"N20","nominal","2.0NRT",290.11,1.34,"N"
"6160",40.1792,118.05445,299.97,0.33,0.56,"2025-09-30",1845,"N20","nominal","2.0NRT",289.45,1.69,"N"
"6161",40.17822,118.05818,314.01,0.34,0.56,"2025-09-30",1845,"N20","nominal","2.0NRT",292.18,2.45,"N"
"6162",40.17531,118.04855,304.02,0.33,0.56,"2025-09-30",1845,"N20","nominal","2.0NRT",288.92,1.13,"N"
"6163",41.87866,110.10802,297.58,0.42,0.38,"2025-09-30",1845,"N20","nominal","2.0NRT",282.6,0.78,"N"
"6164",39.97915,118.5487,300.21,0.36,0.57,"2025-09-30",1845,"N20","nominal","2.0NRT",289.66,1.05,"N"
"6165",39.96308,118.54578,302.12,0.36,0.57,"2025-09-30",1845,"N20","nominal","2.0NRT",291.49,1.65,"N"
"6166",39.95367,118.55988,301.38,0.36,0.57,"2025-09-30",1845,"N20","nominal","2.0NRT",291.17,0.59,"N"
"6167",39.93779,118.598,303.09,0.36,0.58,"2025-09-30",1845,"N20","nominal","2.0NRT",287.39,0.62,"N"
"6168",39.91487,118.68292,307.38,0.37,0.58,"2025-09-30",1845,"N20","nominal","2.0NRT",290.08,1.75,"N"
"6169",39.9449,118.55065,305.01,0.36,0.57,"2025-09-30",1845,"N20","nominal","2.0NRT",292.11,2.05,"N"
"6170",39.88157,118.5557,305.98,0.36,0.58,"2025-09-30",1845,"N20","nominal","2.0NRT",290.53,1.32,"N"
"6171",39.76221,118.809,299.01,0.38,0.58,"2025-09-30",1845,"N20","nominal","2.0NRT",287.99,0.61,"N"
"6172",39.75706,118.80689,299.44,0.38,0.58,"2025-09-30",1845,"N20","nominal","2.0NRT",288.54,1.12,"N"
"6173",39.74956,118.81334,307.54,0.38,0.58,"2025-09-30",1845,"N20","nominal","2.0NRT",288.62,1.56,"N"
"6174",39.6691,118.88374,311.83,0.38,0.59,"2025-09-30",1845,"N20","nominal","2.0NRT",287.02,1.45,"N"
"6175",39.66567,118.89639,307.8,0.38,0.59,"2025-09-30",1845,"N20","nominal","2.0NRT",290.82,3.3,"N"
"6176",39.66453,118.90062,302.89,0.38,0.59,"2025-09-30",1845,"N20","nominal","2.0NRT",291.36,2.68,"N"
"6177",39.66283,118.88562,302.37,0.38,0.59,"2025-09-30",1845,"N20","nominal","2.0NRT",290.66,1.45,"N"
"6178",39.81995,118.19514,320.48,0.35,0.57,"2025-09-30",1845,"N20","nominal","2.0NRT",287.77,1.25,"N"
"6179",40.58914,115.09298,299.45,0.47,0.47,"2025-09-30",1845,"N20","nominal","2.0NRT",283.29,0.95,"N"
"6180",40.5837,115.09663,303.05,0.47,0.47,"2025-09-30",1845,"N20","nominal","2.0NRT",283.71,1.97,"N"
"6181",39.65769,118.67255,301.72,0.37,0.58,"2025-09-30",1845,"N20","nominal","2.0NRT",289.71,0.7,"N"
"6182",39.65657,118.67665,306.79,0.37,0.58,"2025-09-30",1845,"N20","nominal","2.0NRT",290.61,0.7,"N"
"6183",39.75802,118.08747,331.92,0.34,0.56,"2025-09-30",1845,"N20","nominal","2.0NRT",287.24,2.3,"N"
"6184",39.67537,118.37823,306.52,0.36,0.57,"2025-09-30",1845,"N20","nominal","2.0NRT",288.2,0.74,"N"
"6185",39.63676,118.4594,305.68,0.36,0.58,"2025-09-30",1845,"N20","nominal","2.0NRT",287.58,0.75,"N"
"6186",39.6173,118.46874,299.02,0.36,0.58,"2025-09-30",1845,"N20","nominal","2.0NRT",287.27,0.86,"N"
"6187",39.61226,118.46649,302.99,0.36,0.58,"2025-09-30",1845,"N20","nominal","2.0NRT",291.05,1.65,"N"
"6188",39.61117,118.47052,308.38,0.36,0.58,"2025-09-30",1845,"N20","nominal","2.0NRT",291.5,1.71,"N"
"6189",39.60504,118.47228,302.7,0.36,0.58,"2025-09-30",1845,"N20","nominal","2.0NRT",291.31,1.71,"N"
"6190",39.60286,118.48032,305.68,0.36,0.58,"2025-09-30",1845,"N20","nominal","2.0NRT",288.88,2.34,"N"
"6191",39.60804,118.35712,314.77,0.36,0.57,"2025-09-30",1845,"N20","nominal","2.0NRT",291.37,1.6,"N"
"6192",39.60743,118.35723,314.67,0.36,0.57,"2025-09-30",1845,"N20","nominal","2.0NRT",291.67,1.37,"N"
"6193",39.48733,118.70063,303.73,0.38,0.59,"2025-09-30",1845,"N20","nominal","2.0NRT",289.14,0.89,"N"
"6194",39.50913,118.26156,305.75,0.36,0.57,"2025-09-30",1845,"N20","nominal","2.0NRT",287.59,0.78,"N"
"6195",39.43456,118.45709,324.05,0.37,0.58,"2025-09-30",1845,"N20","nominal","2.0NRT",288.67,1.77,"N"
"6196",39.48199,118.25835,303.26,0.36,0.57,"2025-09-30",1845,"N20","nominal","2.0NRT",287.77,0.47,"N"
"6197",39.46378,118.26357,298.48,0.36,0.57,"2025-09-30",1845,"N20","nominal","2.0NRT",287.94,1.21,"N"
"6198",41.03558,111.4614,304.47,0.47,0.4,"2025-09-30",1845,"N20","nominal","2.0NRT",280.47,1.72,"N"
"6199",39.49793,118.07278,302.65,0.35,0.57,"2025-09-30",1845,"N20","nominal","2.0NRT",288.5,0.47,"N"
"6200",40.14305,115.2665,302.92,0.49,0.48,"2025-09-30",1845,"N20","nominal","2.0NRT",283.46,0.97,"N"
"6201",41.08629,110.0259,296.85,0.42,0.38,"2025-09-30",1845,"N20","nominal","2.0NRT",277.25,0.89,"N"
"6202",41.08537,110.03086,295.98,0.42,0.38,"2025-09-30",1845,"N20","nominal","2.0NRT",278.22,0.56,"N"
"6203",39.31258,117.77711,300.29,0.34,0.56,"2025-09-30",1845,"N20","nominal","2.0NRT",288.94,0.42,"N"
"6204",39.31157,117.78089,303.58,0.34,0.56,"2025-09-30",1845,"N20","nominal","2.0NRT",288.76,0.42,"N"
"6205",41.30451,108.56757,330.43,0.39,0.36,"2025-09-30",1845,"N20","nominal","2.0NRT",285.39,3.93,"N"
"6206",39.30886,117.77979,301.67,0.34,0.56,"2025-09-30",1845,"N20","nominal","2.0NRT",288.39,0.71,"N"
"6207",40.40055,112.98416,295.91,0.56,0.43,"2025-09-30",1845,"N20","nominal","2.0NRT",278.79,0.64,"N"
"6208",40.38959,113.03537,300.18,0.56,0.43,"2025-09-30",1845,"N20","nominal","2.0NRT",282.25,1.06,"N"
"6209",40.97187,110.08659,306.37,0.43,0.38,"2025-09-30",1845,"N20","nominal","2.0NRT",282.96,1.34,"N"
"6210",39.21413,117.78508,299.57,0.34,0.56,"2025-09-30",1845,"N20","nominal","2.0NRT",288.78,0.34,"N"
"6211",42.70655,93.56103,305,0.45,0.63,"2025-09-30",1845,"N20","nominal","2.0NRT",285.14,1.02,"N"
"6212",42.70715,93.33821,300.33,0.46,0.64,"2025-09-30",1845,"N20","nominal","2.0NRT",285.17,0.99,"N"
"6213",42.70634,93.36697,303.95,0.46,0.64,"2025-09-30",1845,"N20","nominal","2.0NRT",286.9,1.08,"N"
"6214",42.7007,93.56054,299.73,0.45,0.63,"2025-09-30",1845,"N20","nominal","2.0NRT",286.21,1.02,"N"
"6215",42.70771,93.56094,300.75,0.45,0.63,"2025-09-30",1845,"N20","nominal","2.0NRT",284.6,1,"N"
"6216",42.70953,93.33842,298.93,0.46,0.64,"2025-09-30",1845,"N20","nominal","2.0NRT",284.09,1.03,"N"
"6217",42.70856,93.36717,304.96,0.46,0.64,"2025-09-30",1845,"N20","nominal","2.0NRT",287.12,1.33,"N"
"6218",42.70186,93.56046,303.68,0.45,0.63,"2025-09-30",1845,"N20","nominal","2.0NRT",286.37,1,"N"
"6219",42.69681,93.53735,326.87,0.45,0.63,"2025-09-30",1845,"N20","nominal","2.0NRT",285.03,2.21,"N"
"6220",42.69701,93.53166,310.87,0.45,0.63,"2025-09-30",1845,"N20","nominal","2.0NRT",285.58,2.21,"N"
"6221",42.6899,93.39442,296.71,0.46,0.64,"2025-09-30",1845,"N20","nominal","2.0NRT",284.05,0.62,"N"
"6222",40.18279,113.30327,295.06,0.39,0.44,"2025-09-30",1845,"N20","nominal","2.0NRT",282.31,0.61,"N"
"6223",40.86331,109.65324,303.72,0.42,0.37,"2025-09-30",1845,"N20","nominal","2.0NRT",273.29,0.88,"N"
"6224",40.57988,110.60517,298.51,0.45,0.39,"2025-09-30",1845,"N20","nominal","2.0NRT",279.21,0.66,"N"
"6225",39.02959,117.49413,307.34,0.34,0.56,"2025-09-30",1845,"N20","nominal","2.0NRT",291.86,1.35,"N"
"6226",38.97484,117.49547,301.01,0.34,0.56,"2025-09-30",1845,"N20","nominal","2.0NRT",289.92,0.82,"N"
"6227",38.97388,117.49917,304.61,0.34,0.56,"2025-09-30",1845,"N20","nominal","2.0NRT",290.8,0.98,"N"
"6228",39.98457,113.11502,298.01,0.39,0.44,"2025-09-30",1845,"N20","nominal","2.0NRT",283.11,0.76,"N"
"6229",40.6553,109.72368,296.45,0.42,0.38,"2025-09-30",1845,"N20","nominal","2.0NRT",279.08,1.36,"N"
"6230",40.64926,109.73722,307.47,0.42,0.38,"2025-09-30",1845,"N20","nominal","2.0NRT",278.27,0.85,"N"
"6231",40.64838,109.7421,296.49,0.42,0.38,"2025-09-30",1845,"N20","nominal","2.0NRT",279.76,1.06,"N"
"6232",40.64748,109.74697,297.29,0.42,0.38,"2025-09-30",1845,"N20","nominal","2.0NRT",279.72,1.06,"N"
"6233",40.64571,109.75674,307.19,0.42,0.38,"2025-09-30",1845,"N20","nominal","2.0NRT",277.82,1.41,"N"
"6234",40.64587,109.73615,300.81,0.42,0.38,"2025-09-30",1845,"N20","nominal","2.0NRT",281.41,0.85,"N"
"6235",40.63982,109.74973,297.39,0.42,0.38,"2025-09-30",1845,"N20","nominal","2.0NRT",279.05,0.92,"N"
"6236",40.63821,109.7389,302.3,0.42,0.38,"2025-09-30",1845,"N20","nominal","2.0NRT",278.72,0.95,"N"
"6237",40.63482,109.73783,319.99,0.42,0.38,"2025-09-30",1845,"N20","nominal","2.0NRT",280.42,1.15,"N"
"6238",40.63143,109.73676,295.38,0.42,0.38,"2025-09-30",1845,"N20","nominal","2.0NRT",277.97,1.15,"N"
"6239",40.62644,109.72491,300.72,0.42,0.38,"2025-09-30",1845,"N20","nominal","2.0NRT",278.4,1.52,"N"
"6240",40.62109,109.75417,309.37,0.42,0.38,"2025-09-30",1845,"N20","nominal","2.0NRT",275.46,1.25,"N"
"6241",40.61769,109.75311,343.84,0.42,0.38,"2025-09-30",1845,"N20","nominal","2.0NRT",278.31,5.83,"N"
"6242",41.06188,107.00481,296.16,0.38,0.36,"2025-09-30",1845,"N20","nominal","2.0NRT",279.29,0.63,"N"
"6243",40.58766,109.77991,297.76,0.42,0.38,"2025-09-30",1845,"N20","nominal","2.0NRT",274.49,0.9,"N"
"6244",40.57968,109.35626,301.3,0.41,0.37,"2025-09-30",1845,"N20","nominal","2.0NRT",274.79,1.5,"N"
"6245",40.93226,106.78573,309.89,0.38,0.36,"2025-09-30",1845,"N20","nominal","2.0NRT",273.02,2.16,"N"
"6246",39.90276,111.70337,299.08,0.5,0.41,"2025-09-30",1845,"N20","nominal","2.0NRT",280.37,1.19,"N"
"6247",37.47608,121.05273,300.58,0.57,0.69,"2025-09-30",1847,"N20","nominal","2.0NRT",288.24,1.15,"N"
"6248",37.47204,121.05195,300.76,0.57,0.69,"2025-09-30",1847,"N20","nominal","2.0NRT",287.9,0.78,"N"
"6249",41.82476,88.89203,298.83,0.78,0.78,"2025-09-30",1847,"N20","nominal","2.0NRT",284.83,2.58,"N"
"6250",38.57334,114.94826,311.23,0.51,0.49,"2025-09-30",1847,"N20","nominal","2.0NRT",282.96,1.99,"N"
"6251",38.5717,114.9481,305.8,0.51,0.49,"2025-09-30",1847,"N20","nominal","2.0NRT",282.82,2.97,"N"
"6252",38.94743,112.68258,296.02,0.39,0.44,"2025-09-30",1847,"N20","nominal","2.0NRT",270.03,0.76,"N"
"6253",38.54969,113.09904,299.93,0.41,0.45,"2025-09-30",1847,"N20","nominal","2.0NRT",266.33,0.62,"N"
"6254",38.69238,111.51011,302.88,0.52,0.41,"2025-09-30",1847,"N20","nominal","2.0NRT",271.98,1.73,"N"
"6255",40.31868,99.08177,296.66,0.44,0.46,"2025-09-30",1847,"N20","nominal","2.0NRT",285.97,1.02,"N"
"6256",40.56383,95.74194,305.2,0.33,0.56,"2025-09-30",1847,"N20","nominal","2.0NRT",284.77,0.86,"N"
"6257",38.73578,110.18454,298,0.46,0.39,"2025-09-30",1847,"N20","nominal","2.0NRT",269.43,1.01,"N"
"6258",37.38841,114.68436,296.31,0.53,0.5,"2025-09-30",1847,"N20","nominal","2.0NRT",285.42,0.78,"N"
"6259",40.20796,94.56075,296.81,0.38,0.59,"2025-09-30",1847,"N20","nominal","2.0NRT",282.19,1.02,"N"
"6260",39.8147,98.28725,300.25,0.48,0.48,"2025-09-30",1847,"N20","nominal","2.0NRT",286.98,1.49,"N"
"6261",39.81424,98.29285,302.06,0.48,0.48,"2025-09-30",1847,"N20","nominal","2.0NRT",287.9,1.72,"N"
"6262",39.80935,98.2978,301.46,0.48,0.48,"2025-09-30",1847,"N20","nominal","2.0NRT",284.32,1.72,"N"
"6263",39.80889,98.30338,296.68,0.48,0.48,"2025-09-30",1847,"N20","nominal","2.0NRT",283.71,1.24,"N"
"6264",36.31554,117.53784,302.73,0.4,0.6,"2025-09-30",1847,"N20","nominal","2.0NRT",286.93,0.7,"N"
"6265",36.30612,117.52943,305.74,0.4,0.6,"2025-09-30",1847,"N20","nominal","2.0NRT",288.63,2.22,"N"
"6266",37.5562,112.22975,297.05,0.39,0.44,"2025-09-30",1847,"N20","nominal","2.0NRT",281.78,0.76,"N"
"6267",36.20988,117.62673,310.66,0.4,0.6,"2025-09-30",1847,"N20","nominal","2.0NRT",288.57,1.4,"N"
"6268",36.20955,117.6253,305.54,0.4,0.6,"2025-09-30",1847,"N20","nominal","2.0NRT",287.82,0.91,"N"
"6269",35.6293,119.71604,304.66,0.54,0.68,"2025-09-30",1847,"N20","nominal","2.0NRT",292.02,2.01,"N"
"6270",36.48533,116.34384,304.25,0.34,0.56,"2025-09-30",1847,"N20","nominal","2.0NRT",287.44,1.01,"N"
