"","latitude","longitude","bright_ti4","scan","track","acq_date","acq_time","satellite","confidence","version","bright_ti5","frp","daynight"
"1",69.37418,88.11355,353.01,0.49,0.65,"2026-02-15",13,"N20","nominal","2.0NRT",248.11,10.33,"N"
"2",69.37604,88.12224,330.35,0.49,0.65,"2026-02-15",13,"N20","nominal","2.0NRT",246.36,5.79,"N"
"3",69.37187,88.12656,342.49,0.49,0.65,"2026-02-15",13,"N20","nominal","2.0NRT",251.75,5.79,"N"
"4",67.55067,83.20102,367,0.58,0.7,"2026-02-15",15,"N20","high","2.0NRT",238.56,11.04,"N"
"5",67.54591,83.20678,332.75,0.58,0.7,"2026-02-15",15,"N20","nominal","2.0NRT",238.7,9.62,"N"
"6",67.28453,83.03009,334.57,0.6,0.71,"2026-02-15",15,"N20","nominal","2.0NRT",238.32,5.77,"N"
"7",67.28033,83.034,331.9,0.6,0.71,"2026-02-15",15,"N20","nominal","2.0NRT",240.17,5.61,"N"
"8",66.70815,80.44231,342.17,0.61,0.71,"2026-02-15",15,"N20","nominal","2.0NRT",243.37,4.89,"N"
"9",66.6721,80.45164,342.68,0.61,0.71,"2026-02-15",15,"N20","nominal","2.0NRT",243.69,11.48,"N"
"10",66.66205,80.46469,334.54,0.61,0.71,"2026-02-15",15,"N20","nominal","2.0NRT",243.91,4.78,"N"
"11",66.66949,80.45503,367,0.61,0.71,"2026-02-15",15,"N20","high","2.0NRT",248.93,8.87,"N"
"12",71.18066,71.99222,335.8,0.51,0.49,"2026-02-15",15,"N20","nominal","2.0NRT",239.92,5.6,"N"
"13",66.79265,77.25097,323.26,0.55,0.68,"2026-02-15",15,"N20","nominal","2.0NRT",243.75,2.8,"N"
"14",66.47894,77.1714,328.02,0.57,0.69,"2026-02-15",15,"N20","nominal","2.0NRT",247.03,4.73,"N"
"15",66.4744,77.17809,321.03,0.57,0.69,"2026-02-15",15,"N20","nominal","2.0NRT",247.31,4.19,"N"
"16",66.47515,77.16826,349.83,0.57,0.69,"2026-02-15",15,"N20","nominal","2.0NRT",249.61,6.91,"N"
"17",66.02998,77.46315,341.47,0.61,0.71,"2026-02-15",15,"N20","nominal","2.0NRT",246.32,5.25,"N"
"18",66.03129,77.4622,331.81,0.61,0.71,"2026-02-15",15,"N20","nominal","2.0NRT",243.8,6.02,"N"
"19",66.25257,76.81812,329.54,0.58,0.7,"2026-02-15",15,"N20","nominal","2.0NRT",240.95,8.47,"N"
"20",66.248,76.82486,349.79,0.58,0.7,"2026-02-15",15,"N20","nominal","2.0NRT",247.53,9.58,"N"
"21",66.24926,76.81668,367,0.58,0.7,"2026-02-15",15,"N20","high","2.0NRT",245.19,15.27,"N"
"22",66.95554,75.53539,330.61,0.51,0.66,"2026-02-15",15,"N20","nominal","2.0NRT",245.1,2.67,"N"
"23",65.86183,76.95549,349.78,0.62,0.71,"2026-02-15",15,"N20","nominal","2.0NRT",243.57,9.83,"N"
"24",66.20222,70.9838,324.03,0.48,0.64,"2026-02-15",15,"N20","nominal","2.0NRT",242.73,5.43,"N"
"25",66.19875,70.99014,353.01,0.48,0.64,"2026-02-15",15,"N20","nominal","2.0NRT",249.4,5.43,"N"
"26",68.61777,57.96404,324.4,0.42,0.45,"2026-02-15",15,"N20","nominal","2.0NRT",254.34,2.74,"N"
"27",67.25291,55.71352,335.26,0.44,0.46,"2026-02-15",17,"N20","nominal","2.0NRT",250.97,3.5,"N"
"28",48.40884,37.10654,295.62,0.57,0.52,"2026-02-15",24,"N20","nominal","2.0NRT",272.23,1.01,"N"
"29",14.75455,26.42104,306.98,0.47,0.64,"2026-02-15",32,"N20","nominal","2.0NRT",285.36,1.09,"N"
"30",14.76064,26.42379,300.41,0.47,0.64,"2026-02-15",34,"N20","nominal","2.0NRT",284.35,1.04,"N"
"31",14.75484,26.42258,310.42,0.47,0.64,"2026-02-15",34,"N20","nominal","2.0NRT",285.5,1.2,"N"
"32",14.73023,26.39536,309.51,0.47,0.64,"2026-02-15",34,"N20","nominal","2.0NRT",285.11,1.48,"N"
"33",14.72041,26.38444,301.37,0.47,0.64,"2026-02-15",34,"N20","nominal","2.0NRT",283.58,1.01,"N"
"34",14.70176,26.30058,297.33,0.46,0.64,"2026-02-15",34,"N20","nominal","2.0NRT",277,0.45,"N"
"35",12.19827,26.67142,299.55,0.55,0.68,"2026-02-15",34,"N20","nominal","2.0NRT",270.06,1.02,"N"
"36",12.19312,26.66518,297.25,0.55,0.68,"2026-02-15",34,"N20","nominal","2.0NRT",270.57,1.04,"N"
"37",12.19213,26.67009,297.88,0.55,0.68,"2026-02-15",34,"N20","nominal","2.0NRT",270.33,1.04,"N"
"38",11.66507,28.8304,306.46,0.78,0.78,"2026-02-15",34,"N20","nominal","2.0NRT",278.77,2.27,"N"
"39",11.66098,28.82974,306.37,0.78,0.78,"2026-02-15",34,"N20","nominal","2.0NRT",279.43,2.77,"N"
"40",11.58569,28.76937,303.43,0.78,0.78,"2026-02-15",34,"N20","nominal","2.0NRT",278.54,1.64,"N"
"41",11.57869,28.76779,309.81,0.78,0.78,"2026-02-15",34,"N20","nominal","2.0NRT",277.45,2.39,"N"
"42",11.57314,28.75951,296.56,0.78,0.78,"2026-02-15",34,"N20","nominal","2.0NRT",275.99,2.39,"N"
"43",11.57167,28.76635,312.28,0.78,0.78,"2026-02-15",34,"N20","nominal","2.0NRT",276.31,2.39,"N"
"44",11.5702,28.77319,304.44,0.78,0.78,"2026-02-15",34,"N20","nominal","2.0NRT",277.21,4.72,"N"
"45",11.58135,28.76676,313.89,0.78,0.78,"2026-02-15",34,"N20","nominal","2.0NRT",276.83,4.1,"N"
"46",11.57434,28.76524,302.88,0.78,0.78,"2026-02-15",34,"N20","nominal","2.0NRT",276.46,2.42,"N"
"47",11.57292,28.7721,318.23,0.78,0.78,"2026-02-15",34,"N20","nominal","2.0NRT",277.59,2.42,"N"
"48",11.56589,28.77063,296.36,0.78,0.78,"2026-02-15",34,"N20","nominal","2.0NRT",275.54,2.42,"N"
"49",11.36672,26.45136,301.12,0.55,0.68,"2026-02-15",34,"N20","nominal","2.0NRT",282.51,1.15,"N"
"50",11.26548,26.29147,299.64,0.54,0.68,"2026-02-15",34,"N20","nominal","2.0NRT",285.99,0.72,"N"
"51",11.19027,26.22261,299.89,0.53,0.67,"2026-02-15",34,"N20","nominal","2.0NRT",287.29,0.78,"N"
"52",11.18418,26.22136,310.79,0.53,0.67,"2026-02-15",34,"N20","nominal","2.0NRT",288.03,0.78,"N"
"53",10.54221,26.13183,304.73,0.54,0.68,"2026-02-15",34,"N20","nominal","2.0NRT",290.75,1.07,"N"
"54",10.19167,27.1433,295.31,0.64,0.72,"2026-02-15",34,"N20","nominal","2.0NRT",283.24,0.76,"N"
"55",10.0469,27.78022,300.67,0.71,0.75,"2026-02-15",34,"N20","nominal","2.0NRT",288.38,0.94,"N"
"56",10.04567,27.78106,298.81,0.71,0.75,"2026-02-15",34,"N20","nominal","2.0NRT",287.47,0.7,"N"
"57",9.91013,27.2459,301.8,0.66,0.73,"2026-02-15",34,"N20","nominal","2.0NRT",281.57,0.88,"N"
"58",9.90895,27.25181,297.32,0.66,0.73,"2026-02-15",34,"N20","nominal","2.0NRT",280.81,0.88,"N"
"59",9.90777,27.25771,295.83,0.66,0.73,"2026-02-15",34,"N20","nominal","2.0NRT",279.86,1.73,"N"
"60",9.89925,27.23143,304.17,0.66,0.73,"2026-02-15",34,"N20","nominal","2.0NRT",280.64,1.91,"N"
"61",41.26557,31.42454,322.52,0.48,0.48,"2026-02-15",26,"N20","nominal","2.0NRT",284.95,2.67,"N"
"62",41.26131,31.42279,305.45,0.48,0.48,"2026-02-15",26,"N20","nominal","2.0NRT",279.59,1.18,"N"
"63",41.26003,31.42827,296.15,0.48,0.48,"2026-02-15",26,"N20","nominal","2.0NRT",281.37,1.42,"N"
"64",41.25412,31.41372,306.95,0.48,0.48,"2026-02-15",26,"N20","nominal","2.0NRT",278.94,0.76,"N"
"65",41.79628,26.70084,295.05,0.44,0.39,"2026-02-15",26,"N20","nominal","2.0NRT",280.44,0.78,"N"
"66",40.7686,29.52945,295.46,0.4,0.44,"2026-02-15",26,"N20","nominal","2.0NRT",284.05,0.75,"N"
"67",40.76464,29.528,299.77,0.4,0.44,"2026-02-15",26,"N20","nominal","2.0NRT",282.79,0.92,"N"
"68",40.2613,30.04358,300.14,0.43,0.46,"2026-02-15",26,"N20","nominal","2.0NRT",277.84,0.66,"N"
"69",40.26117,30.04086,295.52,0.43,0.46,"2026-02-15",26,"N20","nominal","2.0NRT",276.56,0.6,"N"
"70",39.48545,30.04209,295.47,0.45,0.47,"2026-02-15",26,"N20","nominal","2.0NRT",276.45,0.99,"N"
"71",39.8655,26.24322,299.63,0.46,0.39,"2026-02-15",26,"N20","nominal","2.0NRT",284.77,0.79,"N"
"72",38.7408,26.9517,317.55,0.5,0.41,"2026-02-15",26,"N20","nominal","2.0NRT",273.31,1.16,"N"
"73",38.73828,26.94481,307.6,0.5,0.41,"2026-02-15",26,"N20","nominal","2.0NRT",268.39,2.26,"N"
"74",38.73713,26.95044,295.92,0.5,0.41,"2026-02-15",26,"N20","nominal","2.0NRT",272.94,1.16,"N"
"75",37.67905,28.71065,313.52,0.42,0.46,"2026-02-15",26,"N20","nominal","2.0NRT",275.81,1.18,"N"
"76",37.25251,30.44404,300.46,0.53,0.5,"2026-02-15",26,"N20","nominal","2.0NRT",278.54,1.02,"N"
"77",32.88975,35.08946,301.38,0.62,0.71,"2026-02-15",28,"N20","nominal","2.0NRT",283.76,0.72,"N"
"78",30.72815,33.77402,296.72,0.59,0.7,"2026-02-15",28,"N20","nominal","2.0NRT",282.65,0.74,"N"
"79",30.70075,33.84736,315.39,0.6,0.7,"2026-02-15",28,"N20","nominal","2.0NRT",283.98,3.57,"N"
"80",30.72666,33.77239,299.39,0.59,0.7,"2026-02-15",28,"N20","nominal","2.0NRT",282.81,1.71,"N"
"81",30.70596,33.848,308.47,0.6,0.7,"2026-02-15",28,"N20","nominal","2.0NRT",281.69,2.7,"N"
"82",30.70426,33.8542,300.3,0.6,0.71,"2026-02-15",28,"N20","nominal","2.0NRT",283.82,2.39,"N"
"83",31.14253,29.85503,298.6,0.34,0.56,"2026-02-15",28,"N20","nominal","2.0NRT",285.93,0.32,"N"
"84",31.14089,29.8394,305.56,0.34,0.56,"2026-02-15",28,"N20","nominal","2.0NRT",287.68,0.5,"N"
"85",31.12593,29.81197,296.22,0.34,0.56,"2026-02-15",28,"N20","nominal","2.0NRT",285.38,0.75,"N"
"86",31.12177,29.80685,299.82,0.34,0.56,"2026-02-15",28,"N20","nominal","2.0NRT",289.21,0.75,"N"
"87",31.12093,29.81033,318.7,0.34,0.56,"2026-02-15",28,"N20","nominal","2.0NRT",287.5,0.75,"N"
"88",31.12008,29.81382,298.66,0.34,0.56,"2026-02-15",28,"N20","nominal","2.0NRT",285.45,1.17,"N"
"89",31.02965,29.75271,311.43,0.34,0.56,"2026-02-15",28,"N20","nominal","2.0NRT",287.14,1.06,"N"
"90",30.99688,29.84328,295.4,0.35,0.56,"2026-02-15",28,"N20","nominal","2.0NRT",284.42,0.58,"N"
"91",30.87844,29.46061,303.47,0.33,0.55,"2026-02-15",28,"N20","nominal","2.0NRT",283.6,0.33,"N"
"92",30.27985,31.83171,296.79,0.47,0.64,"2026-02-15",28,"N20","nominal","2.0NRT",281.67,0.57,"N"
"93",29.80685,32.08945,323.58,0.5,0.66,"2026-02-15",28,"N20","nominal","2.0NRT",288.89,2.07,"N"
"94",29.80816,32.08441,295.64,0.5,0.66,"2026-02-15",28,"N20","nominal","2.0NRT",281.71,2.07,"N"
"95",29.69529,32.31894,327.02,0.52,0.67,"2026-02-15",28,"N20","nominal","2.0NRT",284.69,2.8,"N"
"96",29.69324,32.32078,323.25,0.52,0.67,"2026-02-15",28,"N20","nominal","2.0NRT",286.55,4.01,"N"
"97",30.53822,28.49036,313.94,0.59,0.53,"2026-02-15",28,"N20","nominal","2.0NRT",280.48,3.77,"N"
"98",30.75689,27.46811,299.76,0.51,0.49,"2026-02-15",28,"N20","nominal","2.0NRT",279,0.98,"N"
"99",30.69982,27.72141,296,0.53,0.5,"2026-02-15",28,"N20","nominal","2.0NRT",280.56,0.53,"N"
"100",30.76953,27.10249,297.29,0.49,0.48,"2026-02-15",28,"N20","nominal","2.0NRT",280.67,0.84,"N"
"101",30.76844,27.10745,303.33,0.49,0.48,"2026-02-15",28,"N20","nominal","2.0NRT",281.96,0.84,"N"
"102",30.85632,26.61859,312.35,0.46,0.47,"2026-02-15",28,"N20","nominal","2.0NRT",280.28,1.72,"N"
"103",30.75432,27.06661,310.91,0.48,0.48,"2026-02-15",28,"N20","nominal","2.0NRT",279.66,1.35,"N"
"104",30.82633,26.47144,303.01,0.45,0.47,"2026-02-15",28,"N20","nominal","2.0NRT",281.64,0.96,"N"
"105",30.67193,26.36716,320.52,0.44,0.46,"2026-02-15",28,"N20","nominal","2.0NRT",280.75,2.21,"N"
"106",29.47417,31.15932,300.3,0.45,0.63,"2026-02-15",28,"N20","nominal","2.0NRT",278.66,0.81,"N"
"107",30.36807,27.2306,325.78,0.5,0.49,"2026-02-15",28,"N20","nominal","2.0NRT",280.01,2.11,"N"
"108",30.53419,26.08145,302.64,0.43,0.46,"2026-02-15",28,"N20","nominal","2.0NRT",282.13,0.44,"N"
"109",29.98029,27.78602,322.29,0.55,0.51,"2026-02-15",28,"N20","nominal","2.0NRT",282.17,2.99,"N"
"110",29.97905,27.79157,322.39,0.55,0.51,"2026-02-15",28,"N20","nominal","2.0NRT",283.92,3.47,"N"
"111",29.78998,28.55797,305,0.62,0.54,"2026-02-15",28,"N20","nominal","2.0NRT",281.13,1.41,"N"
"112",29.78517,28.55649,326.09,0.62,0.54,"2026-02-15",28,"N20","nominal","2.0NRT",281.4,3.61,"N"
"113",30.30899,26.04191,302.9,0.43,0.46,"2026-02-15",28,"N20","nominal","2.0NRT",282.51,0.75,"N"
"114",29.71512,28.63527,298.05,0.63,0.54,"2026-02-15",28,"N20","nominal","2.0NRT",279.88,0.46,"N"
"115",29.0477,31.16865,309.61,0.46,0.64,"2026-02-15",28,"N20","nominal","2.0NRT",284.49,1.67,"N"
"116",29.6374,28.71692,295.93,0.32,0.55,"2026-02-15",28,"N20","nominal","2.0NRT",281.22,0.29,"N"
"117",29.02056,31.20325,326.56,0.46,0.64,"2026-02-15",28,"N20","nominal","2.0NRT",292.98,2.31,"N"
"118",29.0149,31.2014,307.92,0.46,0.64,"2026-02-15",28,"N20","nominal","2.0NRT",286.5,2.31,"N"
"119",29.65435,28.35657,313.2,0.61,0.53,"2026-02-15",28,"N20","nominal","2.0NRT",281.4,2,"N"
"120",29.6564,28.35625,315.95,0.61,0.53,"2026-02-15",28,"N20","nominal","2.0NRT",281.11,1.53,"N"
"121",27.17304,31.01371,316.99,0.5,0.66,"2026-02-15",30,"N20","nominal","2.0NRT",288.21,2.24,"N"
"122",26.25559,32.96835,300.96,0.69,0.74,"2026-02-15",30,"N20","nominal","2.0NRT",284.35,1.15,"N"
"123",71.17901,71.98612,326.99,0.42,0.61,"2026-02-15",156,"N20","nominal","2.0NRT",237.93,4.56,"N"
"124",71.21395,71.7849,331.39,0.42,0.61,"2026-02-15",156,"N20","nominal","2.0NRT",233.89,2.5,"N"
"125",34.90075,139.09772,342.53,0.4,0.44,"2026-02-15",319,"N20","nominal","2.0NRT",308.79,10.42,"D"
"126",34.89983,139.09326,343.94,0.4,0.44,"2026-02-15",319,"N20","nominal","2.0NRT",309.83,10.42,"D"
"127",35.35876,139.86353,326.47,0.54,0.42,"2026-02-15",319,"N20","nominal","2.0NRT",294.96,6.27,"D"
"128",35.36022,139.85077,334.44,0.54,0.42,"2026-02-15",319,"N20","nominal","2.0NRT",295.78,6,"D"
"129",35.36664,139.84267,344.34,0.54,0.42,"2026-02-15",319,"N20","nominal","2.0NRT",292.92,3.39,"D"
"130",35.57304,140.10699,334.17,0.52,0.42,"2026-02-15",319,"N20","nominal","2.0NRT",294.82,2.97,"D"
"131",35.57832,140.09352,336.66,0.52,0.42,"2026-02-15",319,"N20","nominal","2.0NRT",296.86,5.12,"D"
"132",35.57204,140.10529,330.49,0.52,0.42,"2026-02-15",319,"N20","nominal","2.0NRT",294.27,1,"D"
"133",35.57726,140.09186,337.81,0.52,0.42,"2026-02-15",319,"N20","nominal","2.0NRT",297.23,6.14,"D"
"134",35.81795,140.21397,326.19,0.51,0.41,"2026-02-15",319,"N20","nominal","2.0NRT",292.22,2.43,"D"
"135",35.94025,140.67822,336.74,0.49,0.4,"2026-02-15",319,"N20","nominal","2.0NRT",298.29,4.81,"D"
"136",36.13509,140.28754,330.38,0.5,0.41,"2026-02-15",319,"N20","nominal","2.0NRT",294.88,2.19,"D"
"137",37.04767,140.15781,328.74,0.49,0.4,"2026-02-15",319,"N20","nominal","2.0NRT",290.21,7.26,"D"
"138",37.18087,140.59419,328.76,0.47,0.4,"2026-02-15",319,"N20","nominal","2.0NRT",287.98,7.57,"D"
"139",38.73958,141.21713,328.83,0.43,0.38,"2026-02-15",321,"N20","nominal","2.0NRT",291.43,2.26,"D"
"140",42.43789,123.70205,327.11,0.75,0.77,"2026-02-15",323,"N20","nominal","2.0NRT",272.7,5.02,"D"
"141",42.43697,123.70416,331.28,0.75,0.77,"2026-02-15",323,"N20","nominal","2.0NRT",272.21,5.3,"D"
"142",44.38854,129.14522,354,0.37,0.58,"2026-02-15",323,"N20","nominal","2.0NRT",268.77,9.04,"D"
"143",44.3882,129.14703,354.2,0.37,0.58,"2026-02-15",323,"N20","nominal","2.0NRT",266.62,4.47,"D"
"144",44.39313,129.14413,356.21,0.37,0.58,"2026-02-15",323,"N20","low","2.0NRT",268.05,10.35,"D"
"145",44.42904,129.18973,352.29,0.36,0.58,"2026-02-15",323,"N20","nominal","2.0NRT",273.94,4.98,"D"
"146",44.52834,129.23816,354.56,0.36,0.57,"2026-02-15",323,"N20","nominal","2.0NRT",272.11,5.34,"D"
"147",44.52814,129.23593,341.63,0.36,0.57,"2026-02-15",323,"N20","nominal","2.0NRT",271.88,5.58,"D"
"148",44.86803,129.6918,336.27,0.34,0.56,"2026-02-15",323,"N20","nominal","2.0NRT",268.42,2.54,"D"
"149",43.7436,124.64407,326.54,0.62,0.71,"2026-02-15",323,"N20","nominal","2.0NRT",273.49,3.78,"D"
"150",44.09701,125.7047,326.11,0.54,0.68,"2026-02-15",323,"N20","nominal","2.0NRT",270.4,2.6,"D"
"151",43.76787,124.58578,332.63,0.62,0.71,"2026-02-15",323,"N20","nominal","2.0NRT",274.13,3.22,"D"
"152",43.78487,124.54916,326.01,0.62,0.72,"2026-02-15",323,"N20","nominal","2.0NRT",276.13,4.14,"D"
"153",43.78749,124.64384,325.06,0.62,0.71,"2026-02-15",323,"N20","nominal","2.0NRT",274.09,4.4,"D"
"154",43.76845,124.58739,325.41,0.62,0.71,"2026-02-15",323,"N20","nominal","2.0NRT",272.65,2.36,"D"
"155",44.28473,125.71539,327.64,0.53,0.67,"2026-02-15",323,"N20","nominal","2.0NRT",271.04,5.13,"D"
"156",44.28427,125.71435,331.76,0.53,0.67,"2026-02-15",323,"N20","nominal","2.0NRT",271.04,3.63,"D"
"157",44.22322,125.24611,328.42,0.56,0.69,"2026-02-15",323,"N20","nominal","2.0NRT",271.58,3.34,"D"
"158",44.214,125.1742,356.48,0.57,0.69,"2026-02-15",323,"N20","low","2.0NRT",273.72,9.58,"D"
"159",44.21767,125.1639,336.54,0.57,0.69,"2026-02-15",323,"N20","nominal","2.0NRT",273.75,9.58,"D"
"160",44.22505,125.14333,343.63,0.57,0.69,"2026-02-15",323,"N20","nominal","2.0NRT",273.64,4.23,"D"
"161",44.22047,125.24467,331.57,0.56,0.69,"2026-02-15",323,"N20","nominal","2.0NRT",273.65,3.76,"D"
"162",44.19934,125.1804,345.72,0.56,0.69,"2026-02-15",323,"N20","nominal","2.0NRT",269.76,6.4,"D"
"163",44.20882,125.16658,327.97,0.57,0.69,"2026-02-15",323,"N20","nominal","2.0NRT",274.18,10.21,"D"
"164",44.21096,125.17307,356.06,0.56,0.69,"2026-02-15",323,"N20","low","2.0NRT",275.23,17.87,"D"
"165",44.21676,125.16936,340.67,0.56,0.69,"2026-02-15",323,"N20","nominal","2.0NRT",272.13,7.27,"D"
"166",44.83405,125.65814,327.04,0.51,0.66,"2026-02-15",323,"N20","nominal","2.0NRT",270.78,3.58,"D"
"167",44.68153,125.10216,341.17,0.55,0.68,"2026-02-15",323,"N20","nominal","2.0NRT",271.8,4.28,"D"
"168",44.50366,124.3465,336.6,0.6,0.71,"2026-02-15",323,"N20","nominal","2.0NRT",271.09,4.68,"D"
"169",44.50136,124.33958,326.4,0.6,0.71,"2026-02-15",323,"N20","nominal","2.0NRT",272.87,4.68,"D"
"170",44.50728,124.33571,356.28,0.6,0.71,"2026-02-15",323,"N20","low","2.0NRT",279.44,23.79,"D"
"171",44.50498,124.32876,356.32,0.6,0.71,"2026-02-15",323,"N20","low","2.0NRT",272.17,22.71,"D"
"172",44.49854,124.32831,333.05,0.6,0.71,"2026-02-15",323,"N20","nominal","2.0NRT",272.59,10.29,"D"
"173",44.5032,124.34212,355.96,0.6,0.71,"2026-02-15",323,"N20","low","2.0NRT",274.62,10.46,"D"
"174",44.50914,124.33826,351.86,0.6,0.71,"2026-02-15",323,"N20","nominal","2.0NRT",274.17,11.23,"D"
"175",44.50681,124.33137,347.11,0.6,0.71,"2026-02-15",323,"N20","nominal","2.0NRT",271.7,16.21,"D"
"176",45.12442,124.37493,345.93,0.57,0.69,"2026-02-15",323,"N20","nominal","2.0NRT",274.07,6.69,"D"
"177",45.12896,124.37737,345.7,0.57,0.69,"2026-02-15",323,"N20","nominal","2.0NRT",273.44,11.24,"D"
"178",45.89121,122.26655,341.58,0.67,0.73,"2026-02-15",323,"N20","nominal","2.0NRT",274.79,5.62,"D"
"179",47.06019,123.82786,349.3,0.52,0.67,"2026-02-15",323,"N20","nominal","2.0NRT",268.55,10.44,"D"
"180",71.25871,72.06318,336.21,0.4,0.6,"2026-02-15",334,"N20","nominal","2.0NRT",243.34,3.53,"N"
"181",71.25768,72.06341,344.17,0.4,0.6,"2026-02-15",334,"N20","nominal","2.0NRT",243.06,3.37,"N"
"182",71.17986,71.98562,327.2,0.41,0.61,"2026-02-15",334,"N20","nominal","2.0NRT",240.4,2.91,"N"
"183",11.77672,119.94274,346.09,0.45,0.47,"2026-02-15",455,"N20","nominal","2.0NRT",274.1,13.47,"D"
"184",11.78096,119.9419,325.79,0.45,0.47,"2026-02-15",455,"N20","nominal","2.0NRT",273.61,2.86,"D"
"185",16.53342,120.55034,327.07,0.53,0.42,"2026-02-15",455,"N20","nominal","2.0NRT",288.31,3.09,"D"
"186",17.67088,120.85382,326.73,0.49,0.4,"2026-02-15",455,"N20","nominal","2.0NRT",295.03,2.65,"D"
"187",17.88539,120.8782,333.92,0.48,0.4,"2026-02-15",455,"N20","nominal","2.0NRT",296.88,2.61,"D"
"188",17.88908,120.87776,327.08,0.48,0.4,"2026-02-15",455,"N20","nominal","2.0NRT",294.29,2.25,"D"
"189",18.22542,120.86648,327.48,0.48,0.4,"2026-02-15",455,"N20","nominal","2.0NRT",292.66,4.24,"D"
"190",22.53483,120.37524,335.87,0.45,0.39,"2026-02-15",457,"N20","nominal","2.0NRT",302.53,2.89,"D"
"191",22.64086,120.37755,335.26,0.45,0.39,"2026-02-15",457,"N20","nominal","2.0NRT",303.63,2.24,"D"
"192",20.94701,109.7144,342.12,0.7,0.75,"2026-02-15",457,"N20","nominal","2.0NRT",290.59,11.32,"D"
"193",20.94829,109.71276,346.67,0.7,0.75,"2026-02-15",457,"N20","nominal","2.0NRT",292,7.8,"D"
"194",21.41972,110.12849,337.86,0.64,0.72,"2026-02-15",457,"N20","nominal","2.0NRT",294.97,5.65,"D"
"195",23.58846,120.4329,336.18,0.43,0.38,"2026-02-15",457,"N20","nominal","2.0NRT",299.43,1.96,"D"
"196",23.58468,120.36825,332.91,0.44,0.38,"2026-02-15",457,"N20","nominal","2.0NRT",301.05,2.94,"D"
"197",21.71048,110.82867,330.37,0.57,0.69,"2026-02-15",457,"N20","nominal","2.0NRT",294.54,4.97,"D"
"198",23.8183,120.5863,327.31,0.43,0.38,"2026-02-15",457,"N20","low","2.0NRT",302.27,1.03,"D"
"199",23.81474,120.54412,328.14,0.43,0.38,"2026-02-15",457,"N20","low","2.0NRT",302.19,1.19,"D"
"200",23.99396,120.75159,333.66,0.42,0.38,"2026-02-15",457,"N20","nominal","2.0NRT",302.96,3.93,"D"
"201",23.99721,120.75199,332.86,0.42,0.38,"2026-02-15",457,"N20","nominal","2.0NRT",302.47,3,"D"
"202",23.97817,120.45282,331.26,0.43,0.38,"2026-02-15",457,"N20","nominal","2.0NRT",304.02,1.98,"D"
"203",24.22422,120.49025,332.62,0.43,0.38,"2026-02-15",457,"N20","nominal","2.0NRT",303.46,3.06,"D"
"204",24.57721,120.81035,333.79,0.41,0.37,"2026-02-15",457,"N20","nominal","2.0NRT",299.89,3.1,"D"
"205",22.32231,109.49296,327.86,0.67,0.74,"2026-02-15",457,"N20","nominal","2.0NRT",289.92,4.51,"D"
"206",22.31935,109.49415,327.66,0.67,0.74,"2026-02-15",457,"N20","nominal","2.0NRT",289.47,3.46,"D"
"207",23.80531,115.28416,326.64,0.54,0.51,"2026-02-15",457,"N20","low","2.0NRT",301,3.37,"D"
"208",22.46732,109.19568,330.97,0.7,0.75,"2026-02-15",457,"N20","nominal","2.0NRT",290.25,7,"D"
"209",22.95227,111.12984,325.07,0.51,0.66,"2026-02-15",457,"N20","nominal","2.0NRT",293.51,1.85,"D"
"210",23.97438,115.59705,339.75,0.51,0.5,"2026-02-15",457,"N20","nominal","2.0NRT",302.43,19.41,"D"
"211",25.04993,121.13355,336.96,0.4,0.37,"2026-02-15",457,"N20","nominal","2.0NRT",302.67,11.54,"D"
"212",25.04928,121.12961,332.23,0.4,0.37,"2026-02-15",457,"N20","nominal","2.0NRT",303.51,11.54,"D"
"213",23.33346,111.27329,341.54,0.49,0.65,"2026-02-15",457,"N20","nominal","2.0NRT",293.09,3.81,"D"
"214",23.40232,111.02203,326.04,0.51,0.66,"2026-02-15",457,"N20","nominal","2.0NRT",291.6,2.03,"D"
"215",22.86422,108.77362,330.26,0.72,0.76,"2026-02-15",457,"N20","nominal","2.0NRT",289.01,8.46,"D"
"216",22.86251,108.76686,337.2,0.72,0.76,"2026-02-15",457,"N20","nominal","2.0NRT",290.04,10.48,"D"
"217",23.49577,111.15224,367,0.5,0.66,"2026-02-15",457,"N20","high","2.0NRT",292.42,9.57,"D"
"218",22.86424,108.77255,334.48,0.72,0.76,"2026-02-15",457,"N20","nominal","2.0NRT",289.36,7.58,"D"
"219",22.86249,108.7658,336.32,0.72,0.76,"2026-02-15",457,"N20","nominal","2.0NRT",290.28,7.58,"D"
"220",23.49294,111.15453,329.78,0.5,0.66,"2026-02-15",457,"N20","nominal","2.0NRT",290.3,3.99,"D"
"221",23.49186,111.14999,330.83,0.5,0.66,"2026-02-15",457,"N20","nominal","2.0NRT",293.06,3.99,"D"
"222",25.10374,118.44462,328.31,0.51,0.41,"2026-02-15",457,"N20","nominal","2.0NRT",298.08,2.6,"D"
"223",25.33041,119.05835,329.17,0.47,0.4,"2026-02-15",457,"N20","nominal","2.0NRT",301.46,1.22,"D"
"224",23.81607,111.53912,339.54,0.46,0.64,"2026-02-15",457,"N20","nominal","2.0NRT",293.39,4.66,"D"
"225",23.78672,110.9942,327.37,0.5,0.66,"2026-02-15",457,"N20","nominal","2.0NRT",290.1,1.86,"D"
"226",23.69751,110.61529,334.99,0.53,0.67,"2026-02-15",457,"N20","nominal","2.0NRT",292.98,5.17,"D"
"227",23.69753,110.61399,329.7,0.53,0.67,"2026-02-15",457,"N20","nominal","2.0NRT",293.23,4.75,"D"
"228",23.45371,109.46415,326.29,0.64,0.72,"2026-02-15",457,"N20","nominal","2.0NRT",292.38,3.69,"D"
"229",23.86537,110.74947,330.63,0.52,0.67,"2026-02-15",457,"N20","nominal","2.0NRT",290.53,4.61,"D"
"230",25.18491,116.72227,325.48,0.42,0.45,"2026-02-15",457,"N20","low","2.0NRT",300.01,2.47,"D"
"231",24.4126,112.08846,344.99,0.42,0.61,"2026-02-15",457,"N20","nominal","2.0NRT",293,5.42,"D"
"232",24.17129,110.78487,330.13,0.51,0.66,"2026-02-15",457,"N20","nominal","2.0NRT",290.67,3.77,"D"
"233",24.68798,112.33263,326.27,0.4,0.6,"2026-02-15",457,"N20","nominal","2.0NRT",292.05,3.98,"D"
"234",24.68712,112.32887,340.9,0.4,0.6,"2026-02-15",457,"N20","nominal","2.0NRT",293.71,3.98,"D"
"235",26.17498,118.80658,326.57,0.47,0.4,"2026-02-15",459,"N20","low","2.0NRT",298.73,2.4,"D"
"236",26.17515,118.80347,333.74,0.47,0.4,"2026-02-15",459,"N20","nominal","2.0NRT",299.14,4.13,"D"
"237",24.29976,110.05082,334.95,0.56,0.69,"2026-02-15",459,"N20","nominal","2.0NRT",290.8,3.92,"D"
"238",25.10717,112.82541,328.7,0.36,0.58,"2026-02-15",459,"N20","nominal","2.0NRT",294.35,1.92,"D"
"239",25.92062,116.07549,342.02,0.44,0.46,"2026-02-15",459,"N20","nominal","2.0NRT",302.56,4.35,"D"
"240",25.74252,114.85796,339,0.53,0.5,"2026-02-15",459,"N20","nominal","2.0NRT",298.11,4.87,"D"
"241",26.73446,119.63799,331.27,0.43,0.38,"2026-02-15",459,"N20","nominal","2.0NRT",297.79,3.23,"D"
"242",26.73374,119.63376,328.92,0.43,0.38,"2026-02-15",459,"N20","nominal","2.0NRT",299.07,3.23,"D"
"243",26.79305,119.71845,327.56,0.43,0.38,"2026-02-15",459,"N20","low","2.0NRT",297.96,3.63,"D"
"244",26.7131,118.56644,326.27,0.48,0.4,"2026-02-15",459,"N20","nominal","2.0NRT",295.67,16.26,"D"
"245",27.12452,120.34198,325.14,0.41,0.37,"2026-02-15",459,"N20","nominal","2.0NRT",291.32,1.86,"D"
"246",27.14063,120.33411,333.24,0.41,0.37,"2026-02-15",459,"N20","nominal","2.0NRT",295.25,2.44,"D"
"247",26.90295,118.1144,331,0.5,0.41,"2026-02-15",459,"N20","nominal","2.0NRT",295.69,2.11,"D"
"248",26.90664,118.11362,331.31,0.5,0.41,"2026-02-15",459,"N20","nominal","2.0NRT",295.44,5.02,"D"
"249",25.77777,112.05236,331.59,0.39,0.59,"2026-02-15",459,"N20","nominal","2.0NRT",292,2.91,"D"
"250",27.30689,119.68986,337.11,0.42,0.38,"2026-02-15",459,"N20","nominal","2.0NRT",299.68,5.01,"D"
"251",27.30963,119.68512,332.34,0.42,0.38,"2026-02-15",459,"N20","nominal","2.0NRT",300.28,5.01,"D"
"252",27.30894,119.68581,336.25,0.42,0.38,"2026-02-15",459,"N20","nominal","2.0NRT",300.44,5.84,"D"
"253",27.54884,120.35218,331.23,0.4,0.37,"2026-02-15",459,"N20","nominal","2.0NRT",293.22,3.18,"D"
"254",26.28152,112.31414,330.22,0.37,0.58,"2026-02-15",459,"N20","nominal","2.0NRT",294.2,2.62,"D"
"255",26.2814,112.3146,334.21,0.37,0.58,"2026-02-15",459,"N20","nominal","2.0NRT",294.09,1.98,"D"
"256",26.32369,111.66063,328,0.4,0.6,"2026-02-15",459,"N20","nominal","2.0NRT",293.04,3.25,"D"
"257",28.04882,120.33826,344.41,0.4,0.37,"2026-02-15",459,"N20","nominal","2.0NRT",296.48,6.38,"D"
"258",26.73627,110.54055,327.8,0.46,0.64,"2026-02-15",459,"N20","nominal","2.0NRT",290.55,2.99,"D"
"259",26.73762,110.54272,335.69,0.46,0.63,"2026-02-15",459,"N20","nominal","2.0NRT",290.41,4.04,"D"
"260",28.13004,116.39335,325.49,0.39,0.44,"2026-02-15",459,"N20","nominal","2.0NRT",295.72,2.44,"D"
"261",28.1293,116.38953,334.1,0.39,0.44,"2026-02-15",459,"N20","nominal","2.0NRT",295.55,2.64,"D"
"262",31.9418,119.37498,335.84,0.4,0.37,"2026-02-15",459,"N20","nominal","2.0NRT",288.87,3.18,"D"
"263",28.12743,116.39017,337.39,0.39,0.44,"2026-02-15",459,"N20","nominal","2.0NRT",295.39,3.25,"D"
"264",27.99308,115.61917,327.05,0.43,0.46,"2026-02-15",459,"N20","nominal","2.0NRT",288.41,1.95,"D"
"265",28.91925,120.08194,329.83,0.4,0.37,"2026-02-15",459,"N20","nominal","2.0NRT",296.04,1.65,"D"
"266",26.59684,107.21598,328.24,0.73,0.76,"2026-02-15",459,"N20","nominal","2.0NRT",292.45,6.12,"D"
"267",29.51711,120.35833,341.7,0.39,0.36,"2026-02-15",459,"N20","nominal","2.0NRT",298.63,3.29,"D"
"268",28.89658,115.69697,325.98,0.41,0.45,"2026-02-15",459,"N20","nominal","2.0NRT",291.46,1.8,"D"
"269",29.25248,117.17783,327.76,0.51,0.41,"2026-02-15",459,"N20","nominal","2.0NRT",294.01,3.86,"D"
"270",30.07091,121.60851,332.31,0.38,0.36,"2026-02-15",459,"N20","nominal","2.0NRT",293.04,7.43,"D"
"271",30.11959,120.41524,330.05,0.39,0.36,"2026-02-15",459,"N20","nominal","2.0NRT",295.6,1.73,"D"
"272",30.02852,119.75044,326.34,0.4,0.37,"2026-02-15",459,"N20","low","2.0NRT",300.04,2.74,"D"
"273",30.0114,119.37158,330.3,0.41,0.37,"2026-02-15",459,"N20","nominal","2.0NRT",296.39,1.89,"D"
"274",30.0121,119.37572,355.99,0.41,0.37,"2026-02-15",459,"N20","low","2.0NRT",301.73,13.29,"D"
"275",30.66764,120.0544,328.77,0.39,0.36,"2026-02-15",459,"N20","nominal","2.0NRT",294.87,1.57,"D"
"276",30.40139,118.42616,333.69,0.43,0.38,"2026-02-15",459,"N20","nominal","2.0NRT",299.05,2.23,"D"
"277",30.87748,121.0788,328.97,0.38,0.36,"2026-02-15",459,"N20","nominal","2.0NRT",295.83,1.68,"D"
"278",30.01213,116.08569,330.84,0.56,0.43,"2026-02-15",459,"N20","nominal","2.0NRT",291.82,3.65,"D"
"279",30.30949,116.88571,330.02,0.5,0.41,"2026-02-15",459,"N20","nominal","2.0NRT",295.2,1.88,"D"
"280",30.30767,116.8895,330.12,0.5,0.41,"2026-02-15",459,"N20","nominal","2.0NRT",293.85,3.1,"D"
"281",30.82092,119.70085,335.31,0.4,0.37,"2026-02-15",459,"N20","nominal","2.0NRT",294.93,2.72,"D"
"282",30.82426,119.70012,346.9,0.4,0.37,"2026-02-15",459,"N20","nominal","2.0NRT",296.04,2.72,"D"
"283",30.82358,119.69601,355.99,0.4,0.37,"2026-02-15",459,"N20","low","2.0NRT",297.43,7.45,"D"
"284",30.82759,119.69939,342.52,0.4,0.37,"2026-02-15",459,"N20","nominal","2.0NRT",297.23,4.38,"D"
"285",30.82623,119.69117,330.96,0.4,0.37,"2026-02-15",459,"N20","nominal","2.0NRT",296.86,9.02,"D"
"286",30.83024,119.69454,332.85,0.4,0.37,"2026-02-15",459,"N20","nominal","2.0NRT",296.12,9.02,"D"
"287",30.82247,119.58519,325.79,0.4,0.37,"2026-02-15",459,"N20","low","2.0NRT",296.91,3.11,"D"
"288",30.82572,119.56306,328.62,0.4,0.37,"2026-02-15",459,"N20","nominal","2.0NRT",297.29,3.18,"D"
"289",30.90579,119.92384,344.08,0.39,0.36,"2026-02-15",459,"N20","nominal","2.0NRT",295.87,4.77,"D"
"290",30.90911,119.92313,348,0.39,0.36,"2026-02-15",459,"N20","nominal","2.0NRT",298.8,4.77,"D"
"291",30.90977,119.92719,355.96,0.39,0.36,"2026-02-15",459,"N20","low","2.0NRT",300.56,9.34,"D"
"292",30.91309,119.92647,338.89,0.39,0.36,"2026-02-15",459,"N20","nominal","2.0NRT",296.99,4.04,"D"
"293",30.91243,119.92239,334.53,0.39,0.36,"2026-02-15",459,"N20","nominal","2.0NRT",296.14,2.81,"D"
"294",30.45028,117.2398,328.52,0.48,0.4,"2026-02-15",459,"N20","nominal","2.0NRT",297.53,2.9,"D"
"295",30.91836,119.78985,326.8,0.4,0.37,"2026-02-15",459,"N20","low","2.0NRT",296.99,2.83,"D"
"296",30.88524,119.5669,336.76,0.4,0.37,"2026-02-15",459,"N20","nominal","2.0NRT",296.4,1.65,"D"
"297",30.88858,119.56616,356.67,0.4,0.37,"2026-02-15",459,"N20","low","2.0NRT",296.69,5.91,"D"
"298",30.88791,119.56203,356.7,0.4,0.37,"2026-02-15",459,"N20","low","2.0NRT",298.5,4.21,"D"
"299",30.89124,119.56129,349.02,0.4,0.37,"2026-02-15",459,"N20","nominal","2.0NRT",296.65,4.21,"D"
"300",30.89056,119.55714,352.41,0.4,0.37,"2026-02-15",459,"N20","nominal","2.0NRT",296.74,4.21,"D"
"301",30.893,119.56155,342.06,0.4,0.37,"2026-02-15",459,"N20","nominal","2.0NRT",296.44,3.58,"D"
"302",30.89231,119.55743,356.32,0.4,0.37,"2026-02-15",459,"N20","low","2.0NRT",298.1,3.58,"D"
"303",30.90715,119.58408,350.39,0.4,0.37,"2026-02-15",459,"N20","nominal","2.0NRT",295.84,4.04,"D"
"304",30.91049,119.58334,355.96,0.4,0.37,"2026-02-15",459,"N20","low","2.0NRT",296.82,10.13,"D"
"305",30.91717,119.58186,338.73,0.4,0.37,"2026-02-15",459,"N20","nominal","2.0NRT",296.52,1.69,"D"
"306",30.92051,119.58112,339.2,0.4,0.37,"2026-02-15",459,"N20","nominal","2.0NRT",295.92,1.69,"D"
"307",30.91982,119.57698,326.34,0.4,0.37,"2026-02-15",459,"N20","nominal","2.0NRT",296.21,1.69,"D"
"308",30.92247,119.57212,340.55,0.4,0.37,"2026-02-15",459,"N20","nominal","2.0NRT",297.16,3.74,"D"
"309",30.47058,116.90516,327.94,0.5,0.41,"2026-02-15",459,"N20","nominal","2.0NRT",294.97,0.66,"D"
"310",30.82825,118.74646,330.7,0.42,0.38,"2026-02-15",459,"N20","nominal","2.0NRT",296.21,1.72,"D"
"311",30.57174,117.28419,331.51,0.48,0.4,"2026-02-15",459,"N20","nominal","2.0NRT",296.82,5.23,"D"
"312",30.66125,117.71476,328.85,0.46,0.39,"2026-02-15",459,"N20","nominal","2.0NRT",294.73,1.5,"D"
"313",30.83471,118.57714,325.74,0.43,0.38,"2026-02-15",459,"N20","low","2.0NRT",296.95,1.08,"D"
"314",30.83716,118.57747,336.77,0.43,0.38,"2026-02-15",459,"N20","nominal","2.0NRT",297.78,2.96,"D"
"315",30.82788,118.52478,332.49,0.43,0.38,"2026-02-15",459,"N20","nominal","2.0NRT",297.55,2.07,"D"
"316",30.82711,118.52041,339.22,0.43,0.38,"2026-02-15",459,"N20","nominal","2.0NRT",297.03,2.07,"D"
"317",30.83055,118.51963,345.54,0.43,0.38,"2026-02-15",459,"N20","nominal","2.0NRT",298.42,3.88,"D"
"318",30.85088,118.57423,325.25,0.43,0.38,"2026-02-15",459,"N20","low","2.0NRT",297.17,2.37,"D"
"319",30.58519,117.01219,329.2,0.49,0.4,"2026-02-15",459,"N20","nominal","2.0NRT",295.83,2.07,"D"
"320",30.74352,117.39413,330.7,0.47,0.4,"2026-02-15",459,"N20","nominal","2.0NRT",300.19,4.13,"D"
"321",30.84351,117.77689,344.86,0.45,0.39,"2026-02-15",459,"N20","nominal","2.0NRT",302.49,5.55,"D"
"322",30.8534,117.75003,325,0.45,0.39,"2026-02-15",459,"N20","nominal","2.0NRT",294.17,2.39,"D"
"323",30.66408,116.56213,332.73,0.52,0.41,"2026-02-15",459,"N20","nominal","2.0NRT",290.46,5.34,"D"
"324",30.98203,117.79414,326.81,0.45,0.39,"2026-02-15",459,"N20","low","2.0NRT",301.39,1.42,"D"
"325",30.99258,117.79152,325.9,0.45,0.39,"2026-02-15",459,"N20","nominal","2.0NRT",299.35,2.89,"D"
"326",30.99443,117.78133,335.64,0.45,0.39,"2026-02-15",459,"N20","nominal","2.0NRT",299.7,5.69,"D"
"327",31.02458,117.90928,330.2,0.45,0.39,"2026-02-15",459,"N20","nominal","2.0NRT",294.57,2.49,"D"
"328",31.00314,117.78892,325.63,0.45,0.39,"2026-02-15",459,"N20","nominal","2.0NRT",295.32,3.43,"D"
"329",31.48799,120.45308,325.87,0.39,0.36,"2026-02-15",459,"N20","nominal","2.0NRT",297.65,1.22,"D"
"330",31.53017,120.63521,340.41,0.38,0.36,"2026-02-15",459,"N20","nominal","2.0NRT",296.84,2.56,"D"
"331",31.15025,118.32866,337.01,0.43,0.38,"2026-02-15",459,"N20","nominal","2.0NRT",299.51,4.33,"D"
"332",31.10021,118.02657,328.63,0.44,0.38,"2026-02-15",459,"N20","nominal","2.0NRT",297.32,2.95,"D"
"333",31.13722,118.17343,341.97,0.44,0.38,"2026-02-15",459,"N20","nominal","2.0NRT",301.6,4.74,"D"
"334",31.13642,118.16888,340.55,0.44,0.38,"2026-02-15",459,"N20","nominal","2.0NRT",301.84,5.58,"D"
"335",31.32866,119.18059,334.71,0.41,0.37,"2026-02-15",459,"N20","nominal","2.0NRT",295.34,2.81,"D"
"336",31.33202,119.17981,339.91,0.41,0.37,"2026-02-15",459,"N20","nominal","2.0NRT",295.37,2.81,"D"
"337",31.33396,119.17062,339.45,0.41,0.37,"2026-02-15",459,"N20","nominal","2.0NRT",295.59,4.31,"D"
"338",31.33803,119.17407,344.91,0.41,0.37,"2026-02-15",459,"N20","nominal","2.0NRT",295.7,5.24,"D"
"339",31.44331,119.70625,342.85,0.39,0.37,"2026-02-15",459,"N20","nominal","2.0NRT",292.58,9.23,"D"
"340",31.38793,119.30634,326.76,0.4,0.37,"2026-02-15",459,"N20","nominal","2.0NRT",299.03,2.4,"D"
"341",31.46391,119.72718,348.06,0.39,0.36,"2026-02-15",459,"N20","nominal","2.0NRT",294.66,5.61,"D"
"342",31.46727,119.73169,325.92,0.39,0.36,"2026-02-15",459,"N20","nominal","2.0NRT",296.3,1.67,"D"
"343",31.46659,119.72758,352.08,0.39,0.36,"2026-02-15",459,"N20","nominal","2.0NRT",294.35,7.64,"D"
"344",31.47188,119.7179,337.35,0.39,0.36,"2026-02-15",459,"N20","nominal","2.0NRT",295.03,3.13,"D"
"345",31.47121,119.71379,353.3,0.39,0.37,"2026-02-15",459,"N20","nominal","2.0NRT",294,3.13,"D"
"346",31.47987,119.72462,325.75,0.39,0.36,"2026-02-15",459,"N20","low","2.0NRT",296.95,2.49,"D"
"347",31.48386,119.72798,354.52,0.39,0.36,"2026-02-15",459,"N20","nominal","2.0NRT",297.62,7.42,"D"
"348",31.48319,119.72388,342.42,0.39,0.36,"2026-02-15",459,"N20","nominal","2.0NRT",295.38,2.49,"D"
"349",31.51654,119.9072,333.84,0.39,0.36,"2026-02-15",459,"N20","nominal","2.0NRT",296,2.13,"D"
"350",31.47761,119.62713,335.91,0.4,0.37,"2026-02-15",459,"N20","nominal","2.0NRT",293.93,2.37,"D"
"351",31.48093,119.62638,340.98,0.4,0.37,"2026-02-15",459,"N20","nominal","2.0NRT",293.23,2.37,"D"
"352",31.49219,119.61105,345.22,0.4,0.37,"2026-02-15",459,"N20","nominal","2.0NRT",294.09,6.09,"D"
"353",31.46556,119.44979,331.63,0.4,0.37,"2026-02-15",459,"N20","nominal","2.0NRT",295.78,0.99,"D"
"354",31.58484,120.16145,333.17,0.39,0.36,"2026-02-15",459,"N20","nominal","2.0NRT",297.97,1.02,"D"
"355",31.49484,119.60619,347.97,0.4,0.37,"2026-02-15",459,"N20","nominal","2.0NRT",294.41,3.05,"D"
"356",31.19664,117.87143,331.13,0.45,0.39,"2026-02-15",459,"N20","nominal","2.0NRT",295.61,2.8,"D"
"357",31.51637,119.7165,344.95,0.39,0.36,"2026-02-15",459,"N20","nominal","2.0NRT",294.14,2.26,"D"
"358",31.50897,119.67131,344.34,0.39,0.37,"2026-02-15",459,"N20","nominal","2.0NRT",295.67,2.09,"D"
"359",31.5083,119.6672,343.31,0.39,0.37,"2026-02-15",459,"N20","nominal","2.0NRT",292.79,5.53,"D"
"360",31.49884,119.60957,333.2,0.4,0.37,"2026-02-15",459,"N20","nominal","2.0NRT",296.23,3.05,"D"
"361",31.51095,119.66235,341.36,0.39,0.37,"2026-02-15",459,"N20","nominal","2.0NRT",294.11,4.71,"D"
"362",31.67057,120.61858,332.79,0.38,0.36,"2026-02-15",459,"N20","nominal","2.0NRT",299.16,3.54,"D"
"363",31.51754,119.63953,331.21,0.4,0.37,"2026-02-15",459,"N20","nominal","2.0NRT",293.97,1.31,"D"
"364",31.4984,119.48109,348.54,0.4,0.37,"2026-02-15",459,"N20","nominal","2.0NRT",293.74,5.9,"D"
"365",31.50173,119.48033,346.08,0.4,0.37,"2026-02-15",459,"N20","nominal","2.0NRT",294.02,5.55,"D"
"366",31.50105,119.4762,356.33,0.4,0.37,"2026-02-15",459,"N20","low","2.0NRT",295.79,5.55,"D"
"367",31.52341,119.59123,339.87,0.4,0.37,"2026-02-15",459,"N20","nominal","2.0NRT",293.91,2.37,"D"
"368",31.50506,119.47958,340.94,0.4,0.37,"2026-02-15",459,"N20","nominal","2.0NRT",292.93,5.55,"D"
"369",31.50438,119.47545,352.83,0.4,0.37,"2026-02-15",459,"N20","nominal","2.0NRT",296.21,5.55,"D"
"370",31.5037,119.47129,356.26,0.4,0.37,"2026-02-15",459,"N20","low","2.0NRT",296.42,8.28,"D"
"371",31.63006,120.23121,329.14,0.39,0.36,"2026-02-15",459,"N20","nominal","2.0NRT",298.83,1.66,"D"
"372",31.50703,119.47054,331.4,0.4,0.37,"2026-02-15",459,"N20","nominal","2.0NRT",293.04,1.37,"D"
"373",31.62578,120.13994,326.47,0.39,0.36,"2026-02-15",459,"N20","nominal","2.0NRT",297.25,1.36,"D"
"374",31.689,120.51899,327.97,0.39,0.36,"2026-02-15",459,"N20","nominal","2.0NRT",295.41,1.22,"D"
"375",31.63488,120.1757,333.76,0.39,0.36,"2026-02-15",459,"N20","nominal","2.0NRT",294.03,1.59,"D"
"376",31.54606,119.60325,329.17,0.4,0.37,"2026-02-15",459,"N20","nominal","2.0NRT",294.09,1.31,"D"
"377",31.5832,119.75256,329.26,0.39,0.36,"2026-02-15",459,"N20","nominal","2.0NRT",297.32,1.48,"D"
"378",31.6735,120.18388,331.73,0.39,0.36,"2026-02-15",459,"N20","nominal","2.0NRT",296.41,1.7,"D"
"379",31.36051,118.01388,326.08,0.44,0.38,"2026-02-15",459,"N20","nominal","2.0NRT",293.98,1.6,"D"
"380",31.7321,120.18787,332.27,0.39,0.36,"2026-02-15",459,"N20","nominal","2.0NRT",296.75,2.26,"D"
"381",31.46686,118.32214,328.21,0.43,0.38,"2026-02-15",459,"N20","nominal","2.0NRT",299.51,2.41,"D"
"382",31.83756,120.46685,325.76,0.39,0.36,"2026-02-15",459,"N20","nominal","2.0NRT",294.89,1.98,"D"
"383",31.93507,121.03275,326.77,0.38,0.36,"2026-02-15",459,"N20","nominal","2.0NRT",295.92,1.61,"D"
"384",31.9585,121.16511,329.47,0.38,0.36,"2026-02-15",459,"N20","nominal","2.0NRT",299.16,6.34,"D"
"385",31.4071,117.8234,326.48,0.44,0.39,"2026-02-15",459,"N20","low","2.0NRT",296.83,2.14,"D"
"386",31.31833,117.23244,331.31,0.47,0.4,"2026-02-15",459,"N20","nominal","2.0NRT",297.07,7.51,"D"
"387",31.81358,120.07858,332.82,0.39,0.36,"2026-02-15",459,"N20","nominal","2.0NRT",300.73,1.96,"D"
"388",31.80449,120.02165,336.58,0.39,0.36,"2026-02-15",459,"N20","nominal","2.0NRT",298.71,2.7,"D"
"389",31.77563,119.8422,325.04,0.39,0.36,"2026-02-15",459,"N20","low","2.0NRT",298.9,1.41,"D"
"390",31.87751,120.37475,337.35,0.39,0.36,"2026-02-15",459,"N20","nominal","2.0NRT",293.91,2.2,"D"
"391",31.471,117.937,334.38,0.44,0.38,"2026-02-15",459,"N20","nominal","2.0NRT",299.3,3.28,"D"
"392",31.47287,117.92702,326.15,0.44,0.38,"2026-02-15",459,"N20","low","2.0NRT",297.18,2.45,"D"
"393",31.47717,117.93076,330.03,0.44,0.38,"2026-02-15",459,"N20","nominal","2.0NRT",297.92,3.04,"D"
"394",32.05504,121.42445,331.57,0.39,0.36,"2026-02-15",459,"N20","nominal","2.0NRT",294.66,1.24,"D"
"395",32.09763,121.43709,331.92,0.39,0.36,"2026-02-15",459,"N20","nominal","2.0NRT",293.55,1.6,"D"
"396",31.71395,118.79086,329.49,0.41,0.37,"2026-02-15",459,"N20","nominal","2.0NRT",295.57,2.06,"D"
"397",33.26086,131.6512,331.09,0.38,0.59,"2026-02-15",459,"N20","nominal","2.0NRT",292.73,5.44,"D"
"398",31.82172,119.19441,342.17,0.4,0.37,"2026-02-15",459,"N20","nominal","2.0NRT",291.06,2.69,"D"
"399",31.82436,119.18945,341.74,0.4,0.37,"2026-02-15",459,"N20","nominal","2.0NRT",292.12,2.69,"D"
"400",33.25632,131.64874,325.63,0.38,0.59,"2026-02-15",459,"N20","nominal","2.0NRT",292.79,5.36,"D"
"401",31.83298,119.17877,343.33,0.4,0.37,"2026-02-15",459,"N20","nominal","2.0NRT",294.03,2.91,"D"
"402",33.26205,131.65245,329.44,0.39,0.59,"2026-02-15",459,"N20","nominal","2.0NRT",291.55,4.53,"D"
"403",31.73985,118.48919,333.33,0.42,0.38,"2026-02-15",459,"N20","nominal","2.0NRT",298.9,2.25,"D"
"404",31.85834,119.16422,327.48,0.4,0.37,"2026-02-15",459,"N20","nominal","2.0NRT",293.47,1.34,"D"
"405",31.83263,118.99054,331.44,0.41,0.37,"2026-02-15",459,"N20","nominal","2.0NRT",292.49,2.11,"D"
"406",32.11424,120.69238,339.44,0.38,0.36,"2026-02-15",459,"N20","nominal","2.0NRT",292.75,5.98,"D"
"407",31.91585,119.38521,330.12,0.4,0.37,"2026-02-15",459,"N20","nominal","2.0NRT",286.57,2.08,"D"
"408",31.91917,119.38447,342.45,0.4,0.37,"2026-02-15",459,"N20","nominal","2.0NRT",288.62,2.08,"D"
"409",31.91849,119.38032,341.31,0.4,0.37,"2026-02-15",459,"N20","nominal","2.0NRT",288.59,3.15,"D"
"410",31.92113,119.3754,337.08,0.4,0.37,"2026-02-15",459,"N20","nominal","2.0NRT",292.54,2.21,"D"
"411",31.92789,119.39542,345.02,0.4,0.37,"2026-02-15",459,"N20","nominal","2.0NRT",292.06,2.39,"D"
"412",31.90018,119.20691,327.94,0.4,0.37,"2026-02-15",459,"N20","nominal","2.0NRT",295.64,1.49,"D"
"413",31.9366,119.40635,326.92,0.4,0.37,"2026-02-15",459,"N20","nominal","2.0NRT",285.71,1.3,"D"
"414",31.93318,119.38559,345.03,0.4,0.37,"2026-02-15",459,"N20","nominal","2.0NRT",290.65,2.83,"D"
"415",31.93249,119.38142,348.56,0.4,0.37,"2026-02-15",459,"N20","nominal","2.0NRT",290.04,2.83,"D"
"416",31.93992,119.4056,340.69,0.4,0.37,"2026-02-15",459,"N20","nominal","2.0NRT",286.86,2,"D"
"417",31.93856,119.39729,342.86,0.4,0.37,"2026-02-15",459,"N20","nominal","2.0NRT",288.39,4.41,"D"
"418",31.93719,119.38898,347.18,0.4,0.37,"2026-02-15",459,"N20","nominal","2.0NRT",290.45,3.7,"D"
"419",31.93651,119.38482,351.78,0.4,0.37,"2026-02-15",459,"N20","nominal","2.0NRT",291.31,4.41,"D"
"420",31.93582,119.38067,352.41,0.4,0.37,"2026-02-15",459,"N20","nominal","2.0NRT",291.44,4.41,"D"
"421",31.93924,119.40144,356.78,0.4,0.37,"2026-02-15",459,"N20","low","2.0NRT",288.76,4.41,"D"
"422",31.94325,119.40485,335.91,0.4,0.37,"2026-02-15",459,"N20","nominal","2.0NRT",286.41,2,"D"
"423",31.94257,119.40068,346.45,0.4,0.37,"2026-02-15",459,"N20","nominal","2.0NRT",286.88,4.41,"D"
"424",31.94189,119.39653,348.44,0.4,0.37,"2026-02-15",459,"N20","nominal","2.0NRT",288.76,4.41,"D"
"425",31.94121,119.39238,339.57,0.4,0.37,"2026-02-15",459,"N20","nominal","2.0NRT",289.09,3.7,"D"
"426",31.94052,119.38822,356.28,0.4,0.37,"2026-02-15",459,"N20","low","2.0NRT",289.77,3.7,"D"
"427",31.94112,119.37083,339.57,0.4,0.37,"2026-02-15",459,"N20","nominal","2.0NRT",289.68,3.18,"D"
"428",31.94786,119.39086,336.85,0.4,0.37,"2026-02-15",459,"N20","nominal","2.0NRT",287.56,1.95,"D"
"429",31.9465,119.38254,351.2,0.4,0.37,"2026-02-15",459,"N20","nominal","2.0NRT",288.29,4.36,"D"
"430",31.94582,119.37839,348.47,0.4,0.37,"2026-02-15",459,"N20","nominal","2.0NRT",289.37,4.36,"D"
"431",31.94513,119.37422,351.63,0.4,0.37,"2026-02-15",459,"N20","nominal","2.0NRT",288.75,3.18,"D"
"432",31.95051,119.38594,348.72,0.4,0.37,"2026-02-15",459,"N20","nominal","2.0NRT",288.42,3.57,"D"
"433",31.94846,119.37348,335.91,0.4,0.37,"2026-02-15",459,"N20","nominal","2.0NRT",289.34,2.19,"D"
"434",31.95452,119.38934,331.48,0.4,0.37,"2026-02-15",459,"N20","nominal","2.0NRT",290.27,3.57,"D"
"435",32.09883,120.00935,326.58,0.39,0.36,"2026-02-15",459,"N20","nominal","2.0NRT",284.08,2.5,"D"
"436",32.0164,119.2289,327.66,0.4,0.37,"2026-02-15",459,"N20","nominal","2.0NRT",289.76,2.94,"D"
"437",32.33708,121.24277,331.07,0.39,0.36,"2026-02-15",459,"N20","nominal","2.0NRT",278.6,2.41,"D"
"438",32.2098,120.38828,328.04,0.39,0.36,"2026-02-15",459,"N20","nominal","2.0NRT",287.44,1.7,"D"
"439",31.75996,117.69431,334.45,0.45,0.39,"2026-02-15",459,"N20","nominal","2.0NRT",284.24,5.16,"D"
"440",31.76264,117.68883,330.97,0.45,0.39,"2026-02-15",459,"N20","nominal","2.0NRT",282.01,2.42,"D"
"441",32.14301,119.79679,331.24,0.39,0.36,"2026-02-15",459,"N20","nominal","2.0NRT",289.12,3.23,"D"
"442",32.07782,119.33662,330.53,0.4,0.37,"2026-02-15",459,"N20","nominal","2.0NRT",293.77,1.64,"D"
"443",32.11602,119.54715,343.57,0.39,0.36,"2026-02-15",459,"N20","nominal","2.0NRT",289.35,2.96,"D"
"444",32.08322,119.3483,340.65,0.4,0.37,"2026-02-15",459,"N20","nominal","2.0NRT",292.82,2.67,"D"
"445",32.11934,119.54639,336.36,0.39,0.36,"2026-02-15",459,"N20","nominal","2.0NRT",288.3,2.59,"D"
"446",32.08655,119.34756,349.12,0.4,0.37,"2026-02-15",459,"N20","nominal","2.0NRT",288.19,7.11,"D"
"447",32.19716,119.87798,332.85,0.39,0.36,"2026-02-15",459,"N20","nominal","2.0NRT",283.85,0.67,"D"
"448",32.1965,119.87389,325.57,0.39,0.36,"2026-02-15",459,"N20","nominal","2.0NRT",285.25,2.28,"D"
"449",32.20046,119.87724,344.09,0.39,0.36,"2026-02-15",459,"N20","nominal","2.0NRT",286.56,8.82,"D"
"450",32.19981,119.87315,339.74,0.39,0.36,"2026-02-15",459,"N20","nominal","2.0NRT",286.78,6.51,"D"
"451",32.13911,119.33118,338.08,0.4,0.37,"2026-02-15",459,"N20","nominal","2.0NRT",287.67,2.97,"D"
"452",32.14313,119.33459,340.64,0.4,0.37,"2026-02-15",459,"N20","nominal","2.0NRT",288.45,4.43,"D"
"453",31.99359,118.22577,334.92,0.42,0.38,"2026-02-15",459,"N20","nominal","2.0NRT",288.97,4.23,"D"
"454",31.99194,118.11488,326.53,0.43,0.38,"2026-02-15",459,"N20","nominal","2.0NRT",283.5,1.56,"D"
"455",31.94163,117.73013,325.94,0.44,0.39,"2026-02-15",459,"N20","nominal","2.0NRT",294.66,1.77,"D"
"456",31.97955,117.67715,328.46,0.44,0.39,"2026-02-15",459,"N20","nominal","2.0NRT",297.02,3.36,"D"
"457",32.2858,119.27351,343.12,0.4,0.37,"2026-02-15",459,"N20","nominal","2.0NRT",285.45,3.81,"D"
"458",32.28649,119.27767,356.14,0.4,0.37,"2026-02-15",459,"N20","low","2.0NRT",285.54,4.26,"D"
"459",32.28982,119.27692,351.96,0.4,0.37,"2026-02-15",459,"N20","nominal","2.0NRT",286.88,4.26,"D"
"460",32.00063,117.48937,326.71,0.45,0.39,"2026-02-15",459,"N20","nominal","2.0NRT",297.29,2.16,"D"
"461",32.24335,118.62726,330.38,0.41,0.37,"2026-02-15",459,"N20","nominal","2.0NRT",292.48,3.33,"D"
"462",32.35169,119.25405,328.6,0.4,0.37,"2026-02-15",459,"N20","nominal","2.0NRT",288.96,1.97,"D"
"463",32.36696,119.14708,325.13,0.4,0.37,"2026-02-15",459,"N20","nominal","2.0NRT",285.15,1.27,"D"
"464",32.34217,118.48324,326.6,0.41,0.37,"2026-02-15",459,"N20","nominal","2.0NRT",292.39,1.62,"D"
"465",32.35442,118.53453,331.64,0.41,0.37,"2026-02-15",459,"N20","nominal","2.0NRT",294.77,2.47,"D"
"466",32.0238,116.6709,336.97,0.49,0.4,"2026-02-15",459,"N20","nominal","2.0NRT",295.01,3.63,"D"
"467",32.02277,116.66903,335.62,0.49,0.4,"2026-02-15",459,"N20","nominal","2.0NRT",295.33,3.78,"D"
"468",32.18121,117.45838,341.45,0.45,0.39,"2026-02-15",459,"N20","nominal","2.0NRT",297.85,10.18,"D"
"469",32.24938,117.77483,327.42,0.44,0.38,"2026-02-15",459,"N20","nominal","2.0NRT",296.74,1.42,"D"
"470",32.37943,118.49404,332.89,0.41,0.37,"2026-02-15",459,"N20","nominal","2.0NRT",295.09,52.32,"D"
"471",32.52365,119.30738,325.13,0.4,0.37,"2026-02-15",459,"N20","nominal","2.0NRT",290.08,0.98,"D"
"472",31.54007,114.08894,346.38,0.45,0.47,"2026-02-15",459,"N20","nominal","2.0NRT",286.95,5.98,"D"
"473",31.54425,114.08779,327.09,0.45,0.47,"2026-02-15",459,"N20","nominal","2.0NRT",284.11,5.98,"D"
"474",32.54174,119.33344,342.5,0.4,0.37,"2026-02-15",459,"N20","nominal","2.0NRT",287.7,2.07,"D"
"475",32.54037,119.32513,348.24,0.4,0.37,"2026-02-15",459,"N20","nominal","2.0NRT",288.42,4.89,"D"
"476",32.54106,119.32929,355.11,0.4,0.37,"2026-02-15",459,"N20","low","2.0NRT",288.81,4.89,"D"
"477",32.6083,119.72125,343.47,0.39,0.36,"2026-02-15",459,"N20","nominal","2.0NRT",288.2,12.75,"D"
"478",32.54575,119.33685,327.88,0.4,0.37,"2026-02-15",459,"N20","nominal","2.0NRT",288.13,2.07,"D"
"479",32.55903,119.3338,325.34,0.4,0.37,"2026-02-15",459,"N20","nominal","2.0NRT",287.71,1.67,"D"
"480",32.41296,118.46343,327.87,0.41,0.37,"2026-02-15",459,"N20","nominal","2.0NRT",292.49,1.96,"D"
"481",33.91021,130.82677,333.77,0.35,0.57,"2026-02-15",459,"N20","nominal","2.0NRT",293.37,2.14,"D"
"482",32.43118,118.54935,330.58,0.41,0.37,"2026-02-15",459,"N20","nominal","2.0NRT",292.53,4.03,"D"
"483",32.5643,119.32395,336.9,0.4,0.37,"2026-02-15",459,"N20","nominal","2.0NRT",287.2,2.46,"D"
"484",32.25761,117.43435,328,0.45,0.39,"2026-02-15",459,"N20","nominal","2.0NRT",295.79,1.45,"D"
"485",32.60769,119.37873,329.9,0.39,0.37,"2026-02-15",501,"N20","nominal","2.0NRT",286.36,1.78,"D"
"486",32.60701,119.37458,329.04,0.39,0.37,"2026-02-15",501,"N20","nominal","2.0NRT",286.78,2.83,"D"
"487",32.4237,118.27863,327.99,0.42,0.38,"2026-02-15",501,"N20","nominal","2.0NRT",296.49,2.37,"D"
"488",32.61001,119.37825,328.61,0.39,0.36,"2026-02-15",501,"N20","nominal","2.0NRT",285.3,4.56,"D"
"489",32.54586,118.99334,330.15,0.4,0.37,"2026-02-15",501,"N20","nominal","2.0NRT",289.55,2.4,"D"
"490",32.42314,118.2793,330.05,0.42,0.38,"2026-02-15",501,"N20","nominal","2.0NRT",296.57,2.44,"D"
"491",32.61333,119.3775,356.14,0.39,0.36,"2026-02-15",501,"N20","low","2.0NRT",287.68,4.56,"D"
"492",32.61664,119.37672,349.18,0.39,0.36,"2026-02-15",501,"N20","nominal","2.0NRT",288.28,4.73,"D"
"493",32.61596,119.37257,352.83,0.39,0.36,"2026-02-15",501,"N20","nominal","2.0NRT",288.39,6.87,"D"
"494",32.79974,120.26263,333.26,0.38,0.36,"2026-02-15",501,"N20","nominal","2.0NRT",285.54,6.48,"D"
"495",32.56173,118.77795,331.19,0.41,0.37,"2026-02-15",501,"N20","nominal","2.0NRT",285.88,4.94,"D"
"496",32.68738,119.49387,325.8,0.39,0.36,"2026-02-15",501,"N20","nominal","2.0NRT",286.69,1.47,"D"
"497",32.69069,119.49312,338.89,0.39,0.36,"2026-02-15",501,"N20","nominal","2.0NRT",286.62,2.43,"D"
"498",32.58928,118.83788,330.67,0.4,0.37,"2026-02-15",501,"N20","nominal","2.0NRT",290.71,1.8,"D"
"499",32.58784,118.82936,326.15,0.4,0.37,"2026-02-15",501,"N20","nominal","2.0NRT",290.06,1.31,"D"
"500",32.59812,118.84906,327.22,0.4,0.37,"2026-02-15",501,"N20","nominal","2.0NRT",290.36,1.78,"D"
"501",32.5974,118.8448,327.23,0.4,0.37,"2026-02-15",501,"N20","nominal","2.0NRT",289.66,1.45,"D"
"502",32.59218,118.79291,327.88,0.41,0.37,"2026-02-15",501,"N20","nominal","2.0NRT",287.79,2.51,"D"
"503",32.59146,118.78864,329.58,0.41,0.37,"2026-02-15",501,"N20","nominal","2.0NRT",286.87,2.51,"D"
"504",32.02178,115.64777,332.08,0.54,0.42,"2026-02-15",501,"N20","nominal","2.0NRT",289.44,4.28,"D"
"505",32.60817,118.84669,330.76,0.4,0.37,"2026-02-15",501,"N20","nominal","2.0NRT",289.7,1.5,"D"
"506",32.60746,118.84244,326.29,0.4,0.37,"2026-02-15",501,"N20","nominal","2.0NRT",290.35,1.57,"D"
"507",31.9974,115.37766,329.29,0.56,0.43,"2026-02-15",501,"N20","nominal","2.0NRT",288.76,3.83,"D"
"508",32.61115,118.73957,328.42,0.41,0.37,"2026-02-15",501,"N20","nominal","2.0NRT",288.21,1.11,"D"
"509",32.64395,118.9057,331.02,0.4,0.37,"2026-02-15",501,"N20","nominal","2.0NRT",290.75,1.88,"D"
"510",32.6375,118.86757,342.81,0.4,0.37,"2026-02-15",501,"N20","nominal","2.0NRT",289.89,2.88,"D"
"511",32.65086,118.92608,338.05,0.4,0.37,"2026-02-15",501,"N20","nominal","2.0NRT",288.88,1.4,"D"
"512",32.63581,118.83705,328.61,0.4,0.37,"2026-02-15",501,"N20","nominal","2.0NRT",289.24,3.44,"D"
"513",32.62251,118.73827,326.11,0.41,0.37,"2026-02-15",501,"N20","nominal","2.0NRT",288.62,1.01,"D"
"514",32.26598,116.753,330.71,0.48,0.4,"2026-02-15",501,"N20","nominal","2.0NRT",294.7,2.24,"D"
"515",32.64323,118.83972,325.79,0.4,0.37,"2026-02-15",501,"N20","nominal","2.0NRT",288.8,1.17,"D"
"516",32.65424,118.86362,343.83,0.4,0.37,"2026-02-15",501,"N20","nominal","2.0NRT",289.13,2.65,"D"
"517",32.64993,118.83813,325.19,0.4,0.37,"2026-02-15",501,"N20","nominal","2.0NRT",288.62,0.75,"D"
"518",32.69206,118.81935,340.14,0.4,0.37,"2026-02-15",501,"N20","nominal","2.0NRT",289.64,2.2,"D"
"519",32.74293,118.86573,348.29,0.4,0.37,"2026-02-15",501,"N20","nominal","2.0NRT",288.96,3.31,"D"
"520",32.42429,116.7301,328.02,0.48,0.4,"2026-02-15",501,"N20","nominal","2.0NRT",294.13,2.72,"D"
"521",32.0867,114.84407,333.32,0.4,0.44,"2026-02-15",501,"N20","nominal","2.0NRT",286.68,3.8,"D"
"522",32.45294,116.68076,334.37,0.48,0.4,"2026-02-15",501,"N20","nominal","2.0NRT",294.99,6.32,"D"
"523",32.52409,117.04877,331.93,0.46,0.39,"2026-02-15",501,"N20","nominal","2.0NRT",293.02,3.19,"D"
"524",32.11818,114.58115,332.42,0.41,0.45,"2026-02-15",501,"N20","nominal","2.0NRT",284.29,3.37,"D"
"525",32.48098,116.24225,334.99,0.5,0.41,"2026-02-15",501,"N20","nominal","2.0NRT",287.44,4.42,"D"
"526",34.90039,134.75929,334.95,0.6,0.71,"2026-02-15",501,"N20","nominal","2.0NRT",286.36,4.4,"D"
"527",35.05093,134.0255,328.92,0.55,0.68,"2026-02-15",501,"N20","nominal","2.0NRT",285.86,3.42,"D"
"528",35.08597,134.11482,326.16,0.55,0.68,"2026-02-15",501,"N20","nominal","2.0NRT",287.86,2.21,"D"
"529",33.28215,116.52052,330.19,0.47,0.4,"2026-02-15",501,"N20","nominal","2.0NRT",285.08,2.96,"D"
"530",33.88042,118.27428,326.31,0.41,0.37,"2026-02-15",501,"N20","nominal","2.0NRT",281.08,1.47,"D"
"531",34.14127,119.78131,328.83,0.39,0.36,"2026-02-15",501,"N20","nominal","2.0NRT",278.45,1.58,"D"
"532",30.90783,104.71141,325.95,0.79,0.78,"2026-02-15",501,"N20","nominal","2.0NRT",271.79,5.63,"D"
"533",30.90455,104.71053,327.9,0.79,0.78,"2026-02-15",501,"N20","nominal","2.0NRT",272.74,5.26,"D"
"534",34.10639,117.94618,331.23,0.41,0.37,"2026-02-15",501,"N20","nominal","2.0NRT",270.71,2.47,"D"
"535",35.54893,129.38013,326.46,0.6,0.53,"2026-02-15",501,"N20","nominal","2.0NRT",295.87,3.77,"D"
"536",34.49783,119.25771,347.82,0.39,0.36,"2026-02-15",501,"N20","nominal","2.0NRT",274.92,5.72,"D"
"537",34.49716,119.25352,353.36,0.39,0.36,"2026-02-15",501,"N20","nominal","2.0NRT",277.08,3.77,"D"
"538",34.49649,119.24934,326.36,0.39,0.36,"2026-02-15",501,"N20","nominal","2.0NRT",277.9,3.77,"D"
"539",34.5018,119.26112,347.87,0.39,0.36,"2026-02-15",501,"N20","nominal","2.0NRT",273.21,3.57,"D"
"540",34.50113,119.25694,348.48,0.39,0.36,"2026-02-15",501,"N20","nominal","2.0NRT",273.58,3.57,"D"
"541",35.64708,127.98885,327.39,0.5,0.49,"2026-02-15",501,"N20","nominal","2.0NRT",293.02,3.82,"D"
"542",36.9821,126.71356,327.65,0.44,0.46,"2026-02-15",501,"N20","nominal","2.0NRT",292.57,2.69,"D"
"543",36.18131,119.91817,330.72,0.38,0.36,"2026-02-15",501,"N20","nominal","2.0NRT",277.22,2.74,"D"
"544",36.18416,119.91399,331.56,0.38,0.36,"2026-02-15",501,"N20","nominal","2.0NRT",278.05,3.06,"D"
"545",36.20006,119.63863,342.1,0.38,0.36,"2026-02-15",501,"N20","nominal","2.0NRT",281.3,3.74,"D"
"546",36.75533,120.58506,327.3,0.39,0.36,"2026-02-15",501,"N20","nominal","2.0NRT",278.48,3.2,"D"
"547",36.97585,120.85009,329.79,0.39,0.37,"2026-02-15",501,"N20","nominal","2.0NRT",277.16,4.5,"D"
"548",37.17239,118.79179,331.19,0.39,0.36,"2026-02-15",501,"N20","nominal","2.0NRT",280.3,3.21,"D"
"549",37.20737,118.5608,331.69,0.39,0.36,"2026-02-15",501,"N20","nominal","2.0NRT",281.66,3.13,"D"
"550",37.69348,121.08333,332.97,0.4,0.37,"2026-02-15",501,"N20","nominal","2.0NRT",294.03,22.03,"D"
"551",37.39497,118.47512,328.81,0.39,0.36,"2026-02-15",501,"N20","nominal","2.0NRT",279.28,2.08,"D"
"552",37.38136,118.28463,330.34,0.39,0.36,"2026-02-15",501,"N20","nominal","2.0NRT",277.39,3.03,"D"
"553",37.75321,118.58219,328.65,0.39,0.36,"2026-02-15",501,"N20","nominal","2.0NRT",275.6,2.11,"D"
"554",37.75649,118.58138,326.89,0.39,0.36,"2026-02-15",501,"N20","nominal","2.0NRT",276.52,1.95,"D"
"555",39.44247,126.02347,325.97,0.44,0.46,"2026-02-15",501,"N20","nominal","2.0NRT",286.8,2.41,"D"
"556",39.77984,123.21579,328.22,0.49,0.4,"2026-02-15",501,"N20","nominal","2.0NRT",269.05,3.09,"D"
"557",39.69955,121.91672,326.37,0.44,0.38,"2026-02-15",501,"N20","nominal","2.0NRT",270.07,1.7,"D"
"558",39.70306,121.91598,328.45,0.44,0.38,"2026-02-15",501,"N20","nominal","2.0NRT",269.55,2.65,"D"
"559",39.98185,124.29385,331.97,0.55,0.42,"2026-02-15",501,"N20","nominal","2.0NRT",274.37,9.59,"D"
"560",39.98162,124.2924,343.09,0.55,0.42,"2026-02-15",501,"N20","nominal","2.0NRT",272.49,7.62,"D"
"561",39.94088,123.60063,343.07,0.51,0.41,"2026-02-15",501,"N20","nominal","2.0NRT",270.02,6.97,"D"
"562",39.9453,123.60592,344.1,0.51,0.41,"2026-02-15",501,"N20","nominal","2.0NRT",270.1,10.08,"D"
"563",39.94465,123.59995,339.66,0.51,0.41,"2026-02-15",501,"N20","nominal","2.0NRT",269.52,6.97,"D"
"564",39.32738,117.58334,342.89,0.39,0.36,"2026-02-15",501,"N20","nominal","2.0NRT",270.45,4.6,"D"
"565",39.35767,117.62173,338.65,0.39,0.36,"2026-02-15",501,"N20","nominal","2.0NRT",270.31,6.02,"D"
"566",39.41647,117.94446,330.85,0.39,0.36,"2026-02-15",501,"N20","nominal","2.0NRT",266.37,2.95,"D"
"567",39.41506,117.93558,342.05,0.39,0.36,"2026-02-15",501,"N20","nominal","2.0NRT",267.8,4.36,"D"
"568",39.41294,117.92229,326.05,0.39,0.36,"2026-02-15",501,"N20","nominal","2.0NRT",267.13,1.83,"D"
"569",39.41905,117.93914,326.31,0.39,0.36,"2026-02-15",501,"N20","nominal","2.0NRT",265.55,2.95,"D"
"570",39.43474,117.93036,327.59,0.39,0.36,"2026-02-15",501,"N20","nominal","2.0NRT",268.89,3.88,"D"
"571",39.43404,117.92593,327.84,0.39,0.36,"2026-02-15",501,"N20","nominal","2.0NRT",267.96,3.88,"D"
"572",39.43802,117.9295,327.61,0.39,0.36,"2026-02-15",501,"N20","nominal","2.0NRT",268.24,3.88,"D"
"573",39.43731,117.92506,354.77,0.39,0.36,"2026-02-15",501,"N20","nominal","2.0NRT",272.9,3.88,"D"
"574",39.43661,117.92062,335.18,0.39,0.36,"2026-02-15",501,"N20","nominal","2.0NRT",269.41,3.66,"D"
"575",39.37201,117.51997,325.59,0.39,0.36,"2026-02-15",501,"N20","nominal","2.0NRT",270.04,2.08,"D"
"576",39.44554,117.95524,334.5,0.39,0.36,"2026-02-15",501,"N20","nominal","2.0NRT",266.96,1.96,"D"
"577",39.38441,117.55392,338.11,0.39,0.36,"2026-02-15",501,"N20","nominal","2.0NRT",267.28,3.09,"D"
"578",39.45069,117.94462,346.53,0.39,0.36,"2026-02-15",501,"N20","nominal","2.0NRT",267.42,6.56,"D"
"579",40.06543,121.99417,341.89,0.44,0.39,"2026-02-15",501,"N20","nominal","2.0NRT",278.14,10.9,"D"
"580",40.67342,127.81855,343.83,0.56,0.51,"2026-02-15",501,"N20","nominal","2.0NRT",282.16,35.59,"D"
"581",40.3179,122.14783,329.99,0.45,0.39,"2026-02-15",501,"N20","nominal","2.0NRT",276.62,3.59,"D"
"582",40.53964,124.07741,338.61,0.54,0.42,"2026-02-15",501,"N20","nominal","2.0NRT",265.83,17.02,"D"
"583",40.18118,120.28693,325.85,0.4,0.37,"2026-02-15",501,"N20","nominal","2.0NRT",272.03,2.42,"D"
"584",39.94347,118.6349,326.86,0.38,0.36,"2026-02-15",501,"N20","nominal","2.0NRT",275.76,1.38,"D"
"585",40.01025,117.03506,342.41,0.39,0.36,"2026-02-15",501,"N20","nominal","2.0NRT",278.06,6.75,"D"
"586",40.78141,122.51807,330.46,0.47,0.4,"2026-02-15",501,"N20","nominal","2.0NRT",281.69,7.46,"D"
"587",40.78077,122.5125,330.35,0.47,0.4,"2026-02-15",501,"N20","nominal","2.0NRT",282.51,7.23,"D"
"588",40.01355,117.03413,334.46,0.39,0.36,"2026-02-15",501,"N20","nominal","2.0NRT",276.46,3.09,"D"
"589",40.80554,122.50191,327.39,0.47,0.4,"2026-02-15",501,"N20","nominal","2.0NRT",279.73,1.96,"D"
"590",40.79121,122.06889,331.23,0.45,0.39,"2026-02-15",503,"N20","nominal","2.0NRT",282.57,5.18,"D"
"591",40.79928,121.9851,330.34,0.45,0.39,"2026-02-15",503,"N20","nominal","2.0NRT",280.13,5.56,"D"
"592",40.79755,121.98296,326.08,0.45,0.39,"2026-02-15",503,"N20","nominal","2.0NRT",279.99,6.47,"D"
"593",40.84989,121.99403,340.19,0.45,0.39,"2026-02-15",503,"N20","nominal","2.0NRT",284.13,9.9,"D"
"594",40.90944,122.18606,328.64,0.46,0.39,"2026-02-15",503,"N20","nominal","2.0NRT",280.49,4.02,"D"
"595",40.94005,122.38197,337.33,0.47,0.39,"2026-02-15",503,"N20","nominal","2.0NRT",281.2,5.04,"D"
"596",40.95387,122.37355,329.86,0.47,0.39,"2026-02-15",503,"N20","nominal","2.0NRT",281.43,2.48,"D"
"597",40.95056,122.37241,331.17,0.47,0.39,"2026-02-15",503,"N20","nominal","2.0NRT",281,4.81,"D"
"598",40.99441,122.43181,329.39,0.47,0.4,"2026-02-15",503,"N20","nominal","2.0NRT",281.12,2.94,"D"
"599",40.9974,122.42551,326.26,0.47,0.4,"2026-02-15",503,"N20","nominal","2.0NRT",280.55,2.94,"D"
"600",41.02566,122.57479,326.56,0.48,0.4,"2026-02-15",503,"N20","nominal","2.0NRT",279.1,4.37,"D"
"601",41.0303,122.45322,330.93,0.47,0.4,"2026-02-15",503,"N20","nominal","2.0NRT",279.67,4.3,"D"
"602",40.9283,121.42789,326.72,0.43,0.38,"2026-02-15",503,"N20","nominal","2.0NRT",278.99,2.54,"D"
"603",40.94678,121.46086,333.79,0.43,0.38,"2026-02-15",503,"N20","nominal","2.0NRT",278.32,2.13,"D"
"604",41.01527,121.98535,335.97,0.45,0.39,"2026-02-15",503,"N20","nominal","2.0NRT",283.43,3.74,"D"
"605",40.94444,121.41389,329.75,0.43,0.38,"2026-02-15",503,"N20","nominal","2.0NRT",282.31,1.73,"D"
"606",40.95053,121.43367,330.75,0.43,0.38,"2026-02-15",503,"N20","nominal","2.0NRT",281.56,3.32,"D"
"607",41.01319,121.9824,325.22,0.45,0.39,"2026-02-15",503,"N20","nominal","2.0NRT",280.9,2.08,"D"
"608",40.94519,121.41545,330.04,0.43,0.38,"2026-02-15",503,"N20","nominal","2.0NRT",282.3,2.54,"D"
"609",40.95121,121.43524,329,0.43,0.38,"2026-02-15",503,"N20","nominal","2.0NRT",280.97,3.24,"D"
"610",40.9696,121.46829,326.68,0.43,0.38,"2026-02-15",503,"N20","nominal","2.0NRT",281.87,2.22,"D"
"611",40.96264,121.41168,329.08,0.43,0.38,"2026-02-15",503,"N20","nominal","2.0NRT",283.28,2.52,"D"
"612",40.97816,121.50885,332.54,0.44,0.38,"2026-02-15",503,"N20","nominal","2.0NRT",281.15,4.16,"D"
"613",40.98166,121.50809,328.38,0.44,0.38,"2026-02-15",503,"N20","nominal","2.0NRT",279.31,4.16,"D"
"614",40.98039,121.49776,329.47,0.44,0.38,"2026-02-15",503,"N20","nominal","2.0NRT",281.05,3.95,"D"
"615",41.09631,122.41396,329.99,0.47,0.4,"2026-02-15",503,"N20","nominal","2.0NRT",291.3,29.51,"D"
"616",41.08991,122.35824,329.14,0.47,0.4,"2026-02-15",503,"N20","nominal","2.0NRT",281.35,2.55,"D"
"617",40.98358,121.46529,329.55,0.43,0.38,"2026-02-15",503,"N20","nominal","2.0NRT",282.26,2.33,"D"
"618",40.9858,121.45422,343.51,0.43,0.38,"2026-02-15",503,"N20","nominal","2.0NRT",283.38,7.12,"D"
"619",40.9893,121.45347,348.65,0.43,0.38,"2026-02-15",503,"N20","nominal","2.0NRT",283.88,7.12,"D"
"620",40.97721,121.35592,331.92,0.43,0.38,"2026-02-15",503,"N20","nominal","2.0NRT",283.65,5.9,"D"
"621",40.99279,121.45271,346.35,0.43,0.38,"2026-02-15",503,"N20","nominal","2.0NRT",283.81,5.52,"D"
"622",41.10183,122.33317,340.35,0.47,0.39,"2026-02-15",503,"N20","nominal","2.0NRT",285.27,9.63,"D"
"623",41.06464,122.01589,330.25,0.45,0.39,"2026-02-15",503,"N20","nominal","2.0NRT",282.09,3.77,"D"
"624",41.05056,121.8978,325.01,0.45,0.39,"2026-02-15",503,"N20","nominal","2.0NRT",281.73,2.62,"D"
"625",40.97971,121.31866,326.86,0.43,0.38,"2026-02-15",503,"N20","nominal","2.0NRT",281.8,2.68,"D"
"626",40.99689,121.39902,331.66,0.43,0.38,"2026-02-15",503,"N20","nominal","2.0NRT",283.11,5.49,"D"
"627",41.01765,121.53761,333.08,0.44,0.38,"2026-02-15",503,"N20","nominal","2.0NRT",281.6,3.3,"D"
"628",41.02243,121.54725,332.52,0.44,0.38,"2026-02-15",503,"N20","nominal","2.0NRT",280.73,4.77,"D"
"629",41.03749,121.64033,329.45,0.44,0.38,"2026-02-15",503,"N20","nominal","2.0NRT",280.81,2.84,"D"
"630",41.02723,121.55689,325.79,0.44,0.38,"2026-02-15",503,"N20","nominal","2.0NRT",280.75,1.79,"D"
"631",41.12289,122.32327,326.01,0.47,0.39,"2026-02-15",503,"N20","nominal","2.0NRT",281.9,3.97,"D"
"632",41.03489,121.56058,331.11,0.44,0.38,"2026-02-15",503,"N20","nominal","2.0NRT",282.9,5.52,"D"
"633",41.04612,121.62241,327.73,0.44,0.38,"2026-02-15",503,"N20","nominal","2.0NRT",280.39,1.64,"D"
"634",41.13309,122.31554,335.05,0.47,0.39,"2026-02-15",503,"N20","nominal","2.0NRT",285.42,8.63,"D"
"635",41.15509,122.34521,330.45,0.47,0.4,"2026-02-15",503,"N20","nominal","2.0NRT",282.68,3.28,"D"
"636",41.07176,121.65458,332.99,0.44,0.38,"2026-02-15",503,"N20","nominal","2.0NRT",282.19,5.88,"D"
"637",41.06916,121.63362,329.66,0.44,0.38,"2026-02-15",503,"N20","nominal","2.0NRT",280.92,1.48,"D"
"638",41.07398,121.64335,338.03,0.44,0.38,"2026-02-15",503,"N20","nominal","2.0NRT",282.05,4.17,"D"
"639",41.06944,121.60674,329.18,0.44,0.38,"2026-02-15",503,"N20","nominal","2.0NRT",281.22,2.99,"D"
"640",41.05648,121.50269,332.19,0.44,0.38,"2026-02-15",503,"N20","nominal","2.0NRT",283.21,3.75,"D"
"641",41.06153,121.48565,336,0.44,0.38,"2026-02-15",503,"N20","nominal","2.0NRT",281.18,5.48,"D"
"642",41.07803,121.58884,336.75,0.44,0.38,"2026-02-15",503,"N20","nominal","2.0NRT",282.53,3.86,"D"
"643",41.12149,121.98573,332.98,0.45,0.39,"2026-02-15",503,"N20","nominal","2.0NRT",287.91,13.17,"D"
"644",41.0616,121.48352,333.76,0.44,0.38,"2026-02-15",503,"N20","nominal","2.0NRT",281.04,5.71,"D"
"645",41.12505,121.98499,332.58,0.45,0.39,"2026-02-15",503,"N20","nominal","2.0NRT",282.75,13.17,"D"
"646",41.07772,121.58681,337.6,0.44,0.38,"2026-02-15",503,"N20","nominal","2.0NRT",282.63,4.22,"D"
"647",41.09423,121.6639,329.64,0.44,0.39,"2026-02-15",503,"N20","nominal","2.0NRT",281.7,3.39,"D"
"648",41.10711,121.59127,340.02,0.44,0.38,"2026-02-15",503,"N20","nominal","2.0NRT",284.03,5.27,"D"
"649",41.23054,122.16408,325.96,0.46,0.39,"2026-02-15",503,"N20","nominal","2.0NRT",282.32,2.21,"D"
"650",41.31941,122.9019,335.77,0.49,0.4,"2026-02-15",503,"N20","nominal","2.0NRT",280.49,4.87,"D"
"651",41.30337,122.18063,329.58,0.46,0.39,"2026-02-15",503,"N20","nominal","2.0NRT",282.54,3.27,"D"
"652",41.40556,123.05333,343.9,0.5,0.41,"2026-02-15",503,"N20","nominal","2.0NRT",279.55,5.32,"D"
"653",41.4093,123.05262,336.14,0.5,0.41,"2026-02-15",503,"N20","nominal","2.0NRT",279.23,4.73,"D"
"654",41.30193,121.76964,329.16,0.45,0.39,"2026-02-15",503,"N20","nominal","2.0NRT",280.93,1.97,"D"
"655",41.54728,123.48262,325.59,0.52,0.42,"2026-02-15",503,"N20","nominal","2.0NRT",279.37,2.23,"D"
"656",41.37026,121.86333,328.68,0.45,0.39,"2026-02-15",503,"N20","nominal","2.0NRT",283.13,1.66,"D"
"657",41.50936,122.98336,330.59,0.5,0.41,"2026-02-15",503,"N20","nominal","2.0NRT",277.49,18.66,"D"
"658",39.21339,109.38902,329.06,0.54,0.51,"2026-02-15",503,"N20","nominal","2.0NRT",272.61,3.49,"D"
"659",41.52429,122.70909,330.19,0.49,0.4,"2026-02-15",503,"N20","nominal","2.0NRT",279.32,4.32,"D"
"660",39.21229,109.38782,328.86,0.54,0.51,"2026-02-15",503,"N20","nominal","2.0NRT",272.32,3.76,"D"
"661",39.67404,110.23196,338.19,0.48,0.48,"2026-02-15",503,"N20","nominal","2.0NRT",271.99,11.61,"D"
"662",39.67279,110.22654,332.2,0.48,0.48,"2026-02-15",503,"N20","nominal","2.0NRT",277.05,10.93,"D"
"663",40.68171,114.79648,329.23,0.44,0.38,"2026-02-15",503,"N20","nominal","2.0NRT",279.98,2.44,"D"
"664",41.53643,119.9817,336.15,0.4,0.37,"2026-02-15",503,"N20","nominal","2.0NRT",283.3,3.36,"D"
"665",42.0271,123.08672,343.16,0.51,0.41,"2026-02-15",503,"N20","nominal","2.0NRT",280.04,10.37,"D"
"666",41.61292,119.15458,332.93,0.39,0.36,"2026-02-15",503,"N20","nominal","2.0NRT",290.81,15.99,"D"
"667",42.10976,122.88844,338.73,0.5,0.41,"2026-02-15",503,"N20","nominal","2.0NRT",278.85,3.6,"D"
"668",40.23706,111.28384,325.41,0.41,0.45,"2026-02-15",503,"N20","nominal","2.0NRT",279.72,1.86,"D"
"669",40.28202,111.3123,325.45,0.41,0.45,"2026-02-15",503,"N20","nominal","2.0NRT",275.6,3.42,"D"
"670",40.29879,111.27065,336.83,0.41,0.45,"2026-02-15",503,"N20","nominal","2.0NRT",277.05,3.58,"D"
"671",40.32477,111.33136,332.78,0.41,0.45,"2026-02-15",503,"N20","nominal","2.0NRT",277.7,6.45,"D"
"672",40.32456,111.33215,328.44,0.41,0.45,"2026-02-15",503,"N20","nominal","2.0NRT",275.79,2.99,"D"
"673",40.3275,111.32602,329.58,0.41,0.45,"2026-02-15",503,"N20","nominal","2.0NRT",279.34,2.99,"D"
"674",40.30864,111.20193,332.29,0.41,0.45,"2026-02-15",503,"N20","nominal","2.0NRT",275.97,1.98,"D"
"675",40.30343,111.17845,329.04,0.41,0.45,"2026-02-15",503,"N20","nominal","2.0NRT",278.62,2.88,"D"
"676",40.41399,111.44785,338.75,0.4,0.44,"2026-02-15",503,"N20","nominal","2.0NRT",275.5,6.66,"D"
"677",40.46171,111.63029,338.44,0.39,0.44,"2026-02-15",503,"N20","nominal","2.0NRT",280.93,3.26,"D"
"678",40.35102,110.98027,337.45,0.42,0.45,"2026-02-15",503,"N20","nominal","2.0NRT",277.3,5.95,"D"
"679",42.35535,123.38792,325.94,0.53,0.42,"2026-02-15",503,"N20","nominal","2.0NRT",279.12,2.39,"D"
"680",40.40644,111.17525,333.16,0.41,0.45,"2026-02-15",503,"N20","nominal","2.0NRT",281.74,3.79,"D"
"681",40.40627,111.17809,332.57,0.41,0.45,"2026-02-15",503,"N20","nominal","2.0NRT",280.15,2.05,"D"
"682",40.40169,110.9225,340.82,0.42,0.45,"2026-02-15",503,"N20","nominal","2.0NRT",281.96,3.83,"D"
"683",40.39582,110.85657,325.39,0.43,0.46,"2026-02-15",503,"N20","nominal","2.0NRT",281.85,2.47,"D"
"684",40.50945,111.29562,331.34,0.4,0.45,"2026-02-15",503,"N20","nominal","2.0NRT",282.72,2.15,"D"
"685",40.49279,111.09979,333.18,0.41,0.45,"2026-02-15",503,"N20","nominal","2.0NRT",281.31,5.02,"D"
"686",40.38961,110.62955,349.73,0.44,0.46,"2026-02-15",503,"N20","nominal","2.0NRT",282.7,6.85,"D"
"687",40.54904,111.32067,325.1,0.4,0.44,"2026-02-15",503,"N20","nominal","2.0NRT",282.21,1.82,"D"
"688",40.39037,110.6319,337.62,0.44,0.46,"2026-02-15",503,"N20","nominal","2.0NRT",280.01,4.09,"D"
"689",40.54951,111.32235,327.92,0.4,0.44,"2026-02-15",503,"N20","nominal","2.0NRT",281.57,2.53,"D"
"690",40.62944,111.57182,341.38,0.39,0.44,"2026-02-15",503,"N20","nominal","2.0NRT",282.33,5.31,"D"
"691",40.64792,111.57944,350.15,0.39,0.44,"2026-02-15",503,"N20","nominal","2.0NRT",290.17,16.28,"D"
"692",40.64697,111.57498,338.98,0.39,0.44,"2026-02-15",503,"N20","nominal","2.0NRT",284.06,16.28,"D"
"693",40.65182,111.578,348.25,0.39,0.44,"2026-02-15",503,"N20","nominal","2.0NRT",282.35,4.51,"D"
"694",40.65086,111.57354,328.17,0.39,0.44,"2026-02-15",503,"N20","nominal","2.0NRT",281.17,4.51,"D"
"695",40.54903,111.08583,325.78,0.41,0.45,"2026-02-15",503,"N20","nominal","2.0NRT",281.05,2.43,"D"
"696",40.4775,110.74324,331.99,0.43,0.46,"2026-02-15",503,"N20","nominal","2.0NRT",282.57,5.59,"D"
"697",40.50783,110.80049,327.22,0.43,0.46,"2026-02-15",503,"N20","nominal","2.0NRT",281.07,2.72,"D"
"698",40.45471,110.54214,331.66,0.44,0.46,"2026-02-15",503,"N20","nominal","2.0NRT",282.48,2.97,"D"
"699",40.53106,110.60281,330.07,0.44,0.46,"2026-02-15",503,"N20","nominal","2.0NRT",282.14,2.18,"D"
"700",40.51625,110.37918,340.37,0.45,0.47,"2026-02-15",503,"N20","nominal","2.0NRT",286.15,10.17,"D"
"701",40.90548,112.11467,331.65,0.55,0.42,"2026-02-15",503,"N20","nominal","2.0NRT",280.78,5.71,"D"
"702",40.53161,110.36766,336.92,0.45,0.47,"2026-02-15",503,"N20","nominal","2.0NRT",282.3,4.25,"D"
"703",40.45985,110.0512,338.17,0.47,0.47,"2026-02-15",503,"N20","nominal","2.0NRT",281.06,7.32,"D"
"704",40.45864,110.04591,340.8,0.47,0.47,"2026-02-15",503,"N20","nominal","2.0NRT",286.57,9.33,"D"
"705",40.53574,110.36606,338.27,0.45,0.47,"2026-02-15",503,"N20","nominal","2.0NRT",282.08,4.25,"D"
"706",40.57344,110.49444,341.61,0.44,0.46,"2026-02-15",503,"N20","nominal","2.0NRT",287.21,4.38,"D"
"707",40.49044,110.04488,337.31,0.46,0.47,"2026-02-15",503,"N20","nominal","2.0NRT",282.51,3.3,"D"
"708",40.53741,110.27948,329.75,0.45,0.47,"2026-02-15",503,"N20","nominal","2.0NRT",283.94,3.24,"D"
"709",42.43557,120.6563,337.48,0.42,0.38,"2026-02-15",503,"N20","nominal","2.0NRT",278.69,8.21,"D"
"710",42.2136,118.51019,330.16,0.39,0.36,"2026-02-15",503,"N20","nominal","2.0NRT",281.25,3.24,"D"
"711",40.59912,109.68571,326.31,0.48,0.48,"2026-02-15",503,"N20","nominal","2.0NRT",279.62,1.96,"D"
"712",40.57823,109.55539,328.78,0.49,0.48,"2026-02-15",503,"N20","nominal","2.0NRT",280.92,4.46,"D"
"713",40.59317,109.52298,327.49,0.49,0.49,"2026-02-15",503,"N20","nominal","2.0NRT",280.51,2,"D"
"714",42.55674,119.47524,335.87,0.4,0.37,"2026-02-15",503,"N20","nominal","2.0NRT",275.77,4.2,"D"
"715",41.58581,113.54521,329.14,0.47,0.39,"2026-02-15",503,"N20","nominal","2.0NRT",276.69,2.56,"D"
"716",41.33011,112.27383,327.21,0.53,0.42,"2026-02-15",503,"N20","nominal","2.0NRT",273.71,3.9,"D"
"717",41.00401,110.09006,337.71,0.45,0.47,"2026-02-15",503,"N20","nominal","2.0NRT",279.78,2.85,"D"
"718",43.7163,124.62703,338.58,0.42,0.45,"2026-02-15",503,"N20","nominal","2.0NRT",285.3,13.78,"D"
"719",43.71999,124.62117,339.2,0.42,0.45,"2026-02-15",503,"N20","nominal","2.0NRT",279.02,8.93,"D"
"720",43.71954,124.61598,339.28,0.42,0.45,"2026-02-15",503,"N20","nominal","2.0NRT",279.45,8.93,"D"
"721",43.72415,124.62051,333.16,0.42,0.45,"2026-02-15",503,"N20","nominal","2.0NRT",279.72,6.99,"D"
"722",43.72276,124.60496,344.4,0.41,0.45,"2026-02-15",503,"N20","nominal","2.0NRT",278.95,10.93,"D"
"723",43.7223,124.59978,325.4,0.41,0.45,"2026-02-15",503,"N20","nominal","2.0NRT",278,4.46,"D"
"724",40.75032,107.13027,327.2,0.32,0.55,"2026-02-15",503,"N20","nominal","2.0NRT",280.61,1.47,"D"
"725",43.7357,124.65546,343.42,0.42,0.45,"2026-02-15",503,"N20","nominal","2.0NRT",274.79,4.91,"D"
"726",43.73477,124.6451,335.08,0.42,0.45,"2026-02-15",503,"N20","nominal","2.0NRT",275.65,3.26,"D"
"727",43.70948,124.23148,337.01,0.4,0.44,"2026-02-15",503,"N20","nominal","2.0NRT",277.87,2.38,"D"
"728",43.77966,124.70997,326.95,0.42,0.45,"2026-02-15",503,"N20","nominal","2.0NRT",273.46,2.05,"D"
"729",43.77544,124.56281,340.04,0.41,0.45,"2026-02-15",503,"N20","nominal","2.0NRT",281.35,4.73,"D"
"730",43.78769,124.65557,337.87,0.42,0.45,"2026-02-15",503,"N20","nominal","2.0NRT",278.03,6.13,"D"
"731",43.79094,124.64445,343.24,0.42,0.45,"2026-02-15",503,"N20","nominal","2.0NRT",275.84,4.49,"D"
"732",43.7951,124.64377,328.62,0.42,0.45,"2026-02-15",503,"N20","nominal","2.0NRT",274.35,4.49,"D"
"733",43.85742,124.5856,338.88,0.42,0.45,"2026-02-15",503,"N20","nominal","2.0NRT",279.62,2.02,"D"
"734",43.85852,124.5826,340.12,0.42,0.45,"2026-02-15",503,"N20","nominal","2.0NRT",277.73,3.66,"D"
"735",43.8913,124.57201,343.05,0.42,0.45,"2026-02-15",503,"N20","nominal","2.0NRT",282.24,14.24,"D"
"736",44.35576,128.97624,336.41,0.35,0.56,"2026-02-15",503,"N20","nominal","2.0NRT",276.7,3.97,"D"
"737",43.75392,121.34566,328.97,0.46,0.39,"2026-02-15",503,"N20","nominal","2.0NRT",277.48,6.83,"D"
"738",44.17741,125.23569,337.07,0.45,0.47,"2026-02-15",503,"N20","nominal","2.0NRT",271.71,3.26,"D"
"739",44.17649,125.22432,328.89,0.45,0.47,"2026-02-15",503,"N20","nominal","2.0NRT",269.91,6.66,"D"
"740",44.17052,125.15112,337.97,0.45,0.47,"2026-02-15",503,"N20","nominal","2.0NRT",273.99,23.81,"D"
"741",44.17007,125.14552,340.9,0.44,0.46,"2026-02-15",503,"N20","nominal","2.0NRT",295.46,23.81,"D"
"742",44.17435,125.14486,347.3,0.44,0.46,"2026-02-15",503,"N20","nominal","2.0NRT",275.93,23.81,"D"
"743",44.17389,125.13926,340.31,0.44,0.46,"2026-02-15",503,"N20","nominal","2.0NRT",281.1,19.92,"D"
"744",44.17818,125.13861,348.04,0.44,0.46,"2026-02-15",503,"N20","nominal","2.0NRT",276.38,5.75,"D"
"745",44.17772,125.13304,333.19,0.44,0.46,"2026-02-15",503,"N20","nominal","2.0NRT",277.96,5.75,"D"
"746",44.19812,125.16961,353.84,0.45,0.47,"2026-02-15",503,"N20","nominal","2.0NRT",280.88,14.04,"D"
"747",44.222,125.14338,353.54,0.45,0.47,"2026-02-15",503,"N20","nominal","2.0NRT",277.36,8.36,"D"
"748",44.22153,125.13778,336.34,0.44,0.46,"2026-02-15",503,"N20","nominal","2.0NRT",277.41,8.36,"D"
"749",44.14893,124.31358,331,0.41,0.45,"2026-02-15",503,"N20","nominal","2.0NRT",275.51,2.44,"D"
"750",44.22629,125.14274,347.63,0.45,0.47,"2026-02-15",503,"N20","nominal","2.0NRT",279.87,8.36,"D"
"751",44.15304,124.31291,329.31,0.41,0.45,"2026-02-15",503,"N20","nominal","2.0NRT",276.36,2.44,"D"
"752",44.22422,125.14146,356.42,0.45,0.47,"2026-02-15",503,"N20","low","2.0NRT",281.17,11.22,"D"
"753",44.22852,125.14082,355.06,0.45,0.47,"2026-02-15",503,"N20","nominal","2.0NRT",278.39,11.22,"D"
"754",44.17877,124.48461,339.04,0.41,0.45,"2026-02-15",503,"N20","nominal","2.0NRT",276.3,5.11,"D"
"755",44.19031,124.47203,341.71,0.41,0.45,"2026-02-15",503,"N20","nominal","2.0NRT",278.33,5.37,"D"
"756",44.22992,124.49203,338.91,0.42,0.45,"2026-02-15",503,"N20","nominal","2.0NRT",277.73,10.36,"D"
"757",44.64862,129.28023,339.39,0.36,0.57,"2026-02-15",503,"N20","nominal","2.0NRT",266.76,3.16,"D"
"758",44.43579,125.47334,329.01,0.46,0.47,"2026-02-15",503,"N20","nominal","2.0NRT",274.99,5.36,"D"
"759",44.50211,124.32719,328.5,0.41,0.45,"2026-02-15",503,"N20","nominal","2.0NRT",273.97,21.97,"D"
"760",44.50166,124.32198,329.43,0.41,0.45,"2026-02-15",503,"N20","nominal","2.0NRT",286.06,16,"D"
"761",44.50624,124.32649,347.38,0.41,0.45,"2026-02-15",503,"N20","nominal","2.0NRT",286.52,21.97,"D"
"762",44.50579,124.32129,353.12,0.41,0.45,"2026-02-15",503,"N20","nominal","2.0NRT",282.77,16,"D"
"763",44.44818,123.67922,341.07,0.38,0.43,"2026-02-15",503,"N20","nominal","2.0NRT",278.05,3.76,"D"
"764",44.51083,124.331,337.39,0.41,0.45,"2026-02-15",503,"N20","nominal","2.0NRT",281.31,5.51,"D"
"765",44.51639,124.25121,341.92,0.41,0.45,"2026-02-15",503,"N20","nominal","2.0NRT",276.86,6.07,"D"
"766",44.54298,124.36263,337.47,0.41,0.45,"2026-02-15",503,"N20","nominal","2.0NRT",278.34,5.15,"D"
"767",44.70163,125.92696,328.08,0.49,0.49,"2026-02-15",503,"N20","nominal","2.0NRT",269.41,3.08,"D"
"768",45.12827,124.37089,337.65,0.42,0.45,"2026-02-15",503,"N20","nominal","2.0NRT",274.98,5.18,"D"
"769",45.12512,124.37407,339.38,0.42,0.45,"2026-02-15",503,"N20","nominal","2.0NRT",277.12,5.22,"D"
"770",45.12929,124.37339,331.77,0.42,0.45,"2026-02-15",503,"N20","nominal","2.0NRT",275.53,3.32,"D"
"771",45.41798,125.10348,337.76,0.46,0.47,"2026-02-15",503,"N20","nominal","2.0NRT",275.74,7.55,"D"
"772",45.41589,124.07424,332.21,0.41,0.45,"2026-02-15",503,"N20","nominal","2.0NRT",276.5,2.9,"D"
"773",45.594,122.46992,340.75,0.53,0.42,"2026-02-15",503,"N20","nominal","2.0NRT",278.28,5.5,"D"
"774",45.60801,122.45325,344.61,0.53,0.42,"2026-02-15",503,"N20","nominal","2.0NRT",277.84,5.75,"D"
"775",45.61319,122.46603,339.03,0.53,0.42,"2026-02-15",503,"N20","nominal","2.0NRT",279.58,5.82,"D"
"776",45.61049,122.43893,328.74,0.53,0.42,"2026-02-15",503,"N20","nominal","2.0NRT",278.24,2.54,"D"
"777",45.61996,122.41632,331.61,0.53,0.42,"2026-02-15",503,"N20","nominal","2.0NRT",280.32,5.8,"D"
"778",45.78835,121.92468,336.47,0.5,0.41,"2026-02-15",503,"N20","nominal","2.0NRT",279.28,4.98,"D"
"779",45.87765,122.41658,330.58,0.53,0.42,"2026-02-15",503,"N20","nominal","2.0NRT",279.92,4.2,"D"
"780",45.90971,122.25031,330.11,0.52,0.42,"2026-02-15",503,"N20","nominal","2.0NRT",281.46,7.47,"D"
"781",46.53064,122.55049,328.08,0.54,0.42,"2026-02-15",503,"N20","nominal","2.0NRT",277.92,6.49,"D"
"782",46.80184,123.24124,330.59,0.39,0.44,"2026-02-15",503,"N20","nominal","2.0NRT",271.37,2.52,"D"
"783",47.06469,122.7844,342.18,0.56,0.43,"2026-02-15",503,"N20","nominal","2.0NRT",277.2,11.17,"D"
"784",47.20016,122.45619,336.03,0.55,0.43,"2026-02-15",503,"N20","nominal","2.0NRT",276.6,3.92,"D"
"785",47.24606,122.39431,339.05,0.55,0.42,"2026-02-15",503,"N20","nominal","2.0NRT",277.02,7.79,"D"
"786",47.31017,122.07299,327.48,0.53,0.42,"2026-02-15",503,"N20","nominal","2.0NRT",276.37,2.66,"D"
"787",47.57023,122.0163,337.11,0.53,0.42,"2026-02-15",503,"N20","nominal","2.0NRT",273.76,8.39,"D"
"788",12.2752,106.53692,336.01,0.45,0.47,"2026-02-15",635,"N20","nominal","2.0NRT",301.44,2.14,"D"
"789",13.38734,105.33465,344.15,0.39,0.44,"2026-02-15",635,"N20","nominal","2.0NRT",303.07,4.61,"D"
"790",15.23344,106.52068,333.37,0.49,0.49,"2026-02-15",637,"N20","nominal","2.0NRT",297.43,3.53,"D"
"791",18.69172,95.75079,340.58,0.46,0.39,"2026-02-15",637,"N20","low","2.0NRT",312.85,5.42,"D"
"792",18.98027,95.02818,344.25,0.49,0.41,"2026-02-15",637,"N20","nominal","2.0NRT",307.85,4.87,"D"
"793",21.19333,97.57349,335.07,0.39,0.36,"2026-02-15",639,"N20","nominal","2.0NRT",305.97,3.81,"D"
"794",23.46987,95.50903,367,0.42,0.38,"2026-02-15",639,"N20","high","2.0NRT",304.79,6.81,"D"
"795",10.87488,108.00001,336.36,0.54,0.5,"2026-02-15",635,"N20","nominal","2.0NRT",292.68,4.17,"D"
"796",11.37301,108.41324,330.59,0.58,0.52,"2026-02-15",635,"N20","nominal","2.0NRT",295,4.49,"D"
"797",10.82287,103.7436,339.8,0.45,0.39,"2026-02-15",635,"N20","nominal","2.0NRT",297.24,5.03,"D"
"798",11.04986,104.3868,335.52,0.48,0.4,"2026-02-15",635,"N20","nominal","2.0NRT",299.74,6.87,"D"
"799",11.04909,104.38798,340.49,0.48,0.4,"2026-02-15",635,"N20","nominal","2.0NRT",300.75,4.71,"D"
"800",11.07191,104.47149,340.11,0.49,0.4,"2026-02-15",635,"N20","nominal","2.0NRT",300.31,3.48,"D"
"801",11.1303,103.67175,347.86,0.45,0.39,"2026-02-15",635,"N20","nominal","2.0NRT",301.43,10,"D"
"802",11.74446,108.04394,339.6,0.55,0.51,"2026-02-15",635,"N20","nominal","2.0NRT",294.88,6.69,"D"
"803",11.3193,103.70778,330.73,0.45,0.39,"2026-02-15",635,"N20","nominal","2.0NRT",290.18,3.72,"D"
"804",11.40649,104.30021,352.38,0.48,0.4,"2026-02-15",635,"N20","nominal","2.0NRT",299.64,15.55,"D"
"805",11.40193,104.08247,342.5,0.47,0.4,"2026-02-15",635,"N20","nominal","2.0NRT",302.23,7.56,"D"
"806",11.40131,104.07812,342.86,0.47,0.4,"2026-02-15",635,"N20","nominal","2.0NRT",302.81,5.52,"D"
"807",11.40067,104.07368,337.85,0.47,0.4,"2026-02-15",635,"N20","nominal","2.0NRT",302.83,5.52,"D"
"808",11.39262,103.96523,332.95,0.47,0.39,"2026-02-15",635,"N20","nominal","2.0NRT",293.79,2.51,"D"
"809",11.39624,103.96471,347.99,0.47,0.39,"2026-02-15",635,"N20","nominal","2.0NRT",291.61,9.17,"D"
"810",11.43317,104.17102,352.71,0.48,0.4,"2026-02-15",635,"N20","nominal","2.0NRT",304.88,11.89,"D"
"811",11.43745,104.17485,338.07,0.48,0.4,"2026-02-15",635,"N20","nominal","2.0NRT",303.61,3.63,"D"
"812",11.42649,103.99519,337.75,0.47,0.4,"2026-02-15",635,"N20","nominal","2.0NRT",297.98,5.64,"D"
"813",11.42587,103.99093,342.36,0.47,0.39,"2026-02-15",635,"N20","nominal","2.0NRT",299.11,5.64,"D"
"814",11.43011,103.99465,337.67,0.47,0.4,"2026-02-15",635,"N20","nominal","2.0NRT",296.97,8.59,"D"
"815",11.42687,103.99155,335.03,0.47,0.4,"2026-02-15",635,"N20","nominal","2.0NRT",298.92,4.4,"D"
"816",11.43049,103.99101,333.81,0.47,0.4,"2026-02-15",635,"N20","nominal","2.0NRT",298.49,4.4,"D"
"817",11.4715,104.20647,331.54,0.48,0.4,"2026-02-15",635,"N20","low","2.0NRT",301.87,1.42,"D"
"818",11.47029,104.19772,336.29,0.48,0.4,"2026-02-15",635,"N20","nominal","2.0NRT",302.89,5.98,"D"
"819",11.48311,104.26321,344.22,0.48,0.4,"2026-02-15",635,"N20","nominal","2.0NRT",304.14,8.46,"D"
"820",11.47763,104.19669,333.99,0.48,0.4,"2026-02-15",635,"N20","nominal","2.0NRT",301.72,3.13,"D"
"821",11.47824,104.17426,346.7,0.48,0.4,"2026-02-15",635,"N20","nominal","2.0NRT",303.12,4.94,"D"
"822",11.47763,104.16986,348.1,0.48,0.4,"2026-02-15",635,"N20","nominal","2.0NRT",304.54,4.94,"D"
"823",11.50087,104.22915,341.85,0.48,0.4,"2026-02-15",635,"N20","nominal","2.0NRT",301.85,7.35,"D"
"824",11.4941,104.15415,338.76,0.48,0.4,"2026-02-15",635,"N20","nominal","2.0NRT",304.39,5.77,"D"
"825",11.52185,104.32539,343.88,0.49,0.4,"2026-02-15",635,"N20","nominal","2.0NRT",304.16,5.58,"D"
"826",11.52553,104.32481,347.69,0.49,0.4,"2026-02-15",635,"N20","nominal","2.0NRT",303.05,8.27,"D"
"827",11.57952,104.54721,342.91,0.5,0.41,"2026-02-15",635,"N20","nominal","2.0NRT",304.15,12.4,"D"
"828",11.57888,104.54264,342.53,0.5,0.41,"2026-02-15",635,"N20","nominal","2.0NRT",304.26,6.02,"D"
"829",11.57442,104.37695,335.24,0.49,0.4,"2026-02-15",635,"N20","nominal","2.0NRT",302.33,3.39,"D"
"830",11.60946,104.54297,337.34,0.5,0.41,"2026-02-15",635,"N20","nominal","2.0NRT",305.85,4.76,"D"
"831",11.5563,104.1452,343.06,0.48,0.4,"2026-02-15",635,"N20","nominal","2.0NRT",303.95,6.96,"D"
"832",11.55566,104.14082,343.06,0.48,0.4,"2026-02-15",635,"N20","nominal","2.0NRT",303.59,6.96,"D"
"833",11.55996,104.14468,347.98,0.48,0.4,"2026-02-15",635,"N20","nominal","2.0NRT",304.38,5.99,"D"
"834",11.55932,104.1403,337.63,0.48,0.4,"2026-02-15",635,"N20","nominal","2.0NRT",303.07,5.99,"D"
"835",11.55588,104.14211,353.38,0.48,0.4,"2026-02-15",635,"N20","nominal","2.0NRT",305.82,7.95,"D"
"836",11.56015,104.14598,336.22,0.48,0.4,"2026-02-15",635,"N20","nominal","2.0NRT",304.09,7.95,"D"
"837",11.55954,104.14159,348.51,0.48,0.4,"2026-02-15",635,"N20","nominal","2.0NRT",303.54,7.95,"D"
"838",11.61348,104.50694,337.43,0.5,0.41,"2026-02-15",635,"N20","nominal","2.0NRT",302.6,3.2,"D"
"839",11.61721,104.50639,337.21,0.5,0.41,"2026-02-15",635,"N20","nominal","2.0NRT",302.24,3.2,"D"
"840",11.55362,104.01825,348.48,0.47,0.4,"2026-02-15",635,"N20","nominal","2.0NRT",303.23,22.45,"D"
"841",11.6316,104.55568,341.4,0.5,0.41,"2026-02-15",635,"N20","nominal","2.0NRT",304.47,3.5,"D"
"842",11.63534,104.55515,337.08,0.5,0.41,"2026-02-15",635,"N20","nominal","2.0NRT",305.49,4.22,"D"
"843",11.60909,104.36452,338.52,0.49,0.4,"2026-02-15",635,"N20","nominal","2.0NRT",304.67,3.35,"D"
"844",11.61901,104.409,337.48,0.49,0.4,"2026-02-15",635,"N20","nominal","2.0NRT",303.91,3.65,"D"
"845",11.6227,104.38091,338.84,0.49,0.4,"2026-02-15",635,"N20","nominal","2.0NRT",304.56,3.58,"D"
"846",11.60474,104.22469,343.68,0.48,0.4,"2026-02-15",635,"N20","nominal","2.0NRT",305.79,9.84,"D"
"847",11.632,104.39335,337.9,0.49,0.4,"2026-02-15",635,"N20","nominal","2.0NRT",305.38,5.75,"D"
"848",11.61887,104.2991,335.41,0.49,0.4,"2026-02-15",635,"N20","nominal","2.0NRT",303.15,6.72,"D"
"849",11.62256,104.29854,339.64,0.49,0.4,"2026-02-15",635,"N20","nominal","2.0NRT",302.69,5.53,"D"
"850",11.5719,103.91119,339.9,0.46,0.39,"2026-02-15",635,"N20","nominal","2.0NRT",298.34,3.49,"D"
"851",11.67624,104.62935,339.47,0.51,0.41,"2026-02-15",635,"N20","nominal","2.0NRT",304.9,4.86,"D"
"852",11.59917,104.07829,336.54,0.47,0.4,"2026-02-15",635,"N20","nominal","2.0NRT",303.67,7.53,"D"
"853",11.68,104.62883,347.33,0.51,0.41,"2026-02-15",635,"N20","nominal","2.0NRT",305.29,4.86,"D"
"854",11.67936,104.62418,344.14,0.51,0.41,"2026-02-15",635,"N20","nominal","2.0NRT",305.73,6.63,"D"
"855",11.60585,104.07288,348.71,0.47,0.4,"2026-02-15",635,"N20","nominal","2.0NRT",306.65,10.32,"D"
"856",11.66302,104.2387,339.78,0.48,0.4,"2026-02-15",635,"N20","nominal","2.0NRT",303.94,33.21,"D"
"857",11.98219,106.50108,341.11,0.44,0.46,"2026-02-15",635,"N20","nominal","2.0NRT",298.53,5.39,"D"
"858",11.66589,104.18002,339.03,0.48,0.4,"2026-02-15",635,"N20","nominal","2.0NRT",303.92,2.57,"D"
"859",11.66527,104.17565,331.98,0.48,0.4,"2026-02-15",635,"N20","low","2.0NRT",302.66,3.14,"D"
"860",11.66464,104.17128,334.61,0.48,0.4,"2026-02-15",635,"N20","low","2.0NRT",304.75,3.14,"D"
"861",11.74466,104.70533,341.54,0.51,0.41,"2026-02-15",635,"N20","nominal","2.0NRT",306.21,6.73,"D"
"862",11.73802,104.65858,332.65,0.51,0.41,"2026-02-15",635,"N20","low","2.0NRT",304.67,4.07,"D"
"863",11.68536,104.28972,335.93,0.49,0.4,"2026-02-15",635,"N20","nominal","2.0NRT",304.83,5.1,"D"
"864",11.66894,104.17513,339.17,0.48,0.4,"2026-02-15",635,"N20","nominal","2.0NRT",303.32,3.14,"D"
"865",11.66831,104.17077,337.43,0.48,0.4,"2026-02-15",635,"N20","nominal","2.0NRT",303.31,3.14,"D"
"866",11.66643,104.15765,341.01,0.48,0.4,"2026-02-15",635,"N20","nominal","2.0NRT",305.06,6.04,"D"
"867",11.74179,104.65804,340.07,0.51,0.41,"2026-02-15",635,"N20","nominal","2.0NRT",304.99,7.47,"D"
"868",11.74113,104.65338,335,0.51,0.41,"2026-02-15",635,"N20","nominal","2.0NRT",304.88,7.27,"D"
"869",11.64505,103.95758,338.09,0.47,0.4,"2026-02-15",635,"N20","nominal","2.0NRT",304.27,4.25,"D"
"870",11.68434,104.29094,332.85,0.49,0.4,"2026-02-15",635,"N20","low","2.0NRT",304.49,3.1,"D"
"871",11.66799,104.17177,348.13,0.48,0.4,"2026-02-15",635,"N20","nominal","2.0NRT",304.25,8.04,"D"
"872",11.66619,104.15865,336.5,0.48,0.4,"2026-02-15",635,"N20","nominal","2.0NRT",303.93,4.07,"D"
"873",11.74479,104.70686,338.18,0.51,0.41,"2026-02-15",635,"N20","nominal","2.0NRT",305.22,4.43,"D"
"874",11.7378,104.65534,338.63,0.51,0.41,"2026-02-15",635,"N20","nominal","2.0NRT",304.22,3.06,"D"
"875",11.66985,104.15812,335.42,0.48,0.4,"2026-02-15",635,"N20","nominal","2.0NRT",303.45,4.07,"D"
"876",11.64232,103.95874,339.59,0.47,0.4,"2026-02-15",635,"N20","nominal","2.0NRT",304.64,6.05,"D"
"877",12.00088,106.61926,340.06,0.45,0.47,"2026-02-15",635,"N20","nominal","2.0NRT",300.76,5.97,"D"
"878",11.8687,105.60355,334.26,0.39,0.44,"2026-02-15",635,"N20","nominal","2.0NRT",300.59,3.13,"D"
"879",11.74158,104.6548,346.61,0.51,0.41,"2026-02-15",635,"N20","nominal","2.0NRT",306.62,10.38,"D"
"880",11.66994,104.10465,347.61,0.48,0.4,"2026-02-15",635,"N20","nominal","2.0NRT",304.76,10.6,"D"
"881",11.95986,106.04182,348.55,0.41,0.45,"2026-02-15",635,"N20","nominal","2.0NRT",304.58,4.49,"D"
"882",11.96399,106.04129,337.69,0.41,0.45,"2026-02-15",635,"N20","nominal","2.0NRT",302.62,4.49,"D"
"883",11.92855,105.74492,337.2,0.39,0.44,"2026-02-15",635,"N20","nominal","2.0NRT",299.12,3.28,"D"
"884",11.77208,104.54182,337.79,0.5,0.41,"2026-02-15",635,"N20","nominal","2.0NRT",306.2,2.56,"D"
"885",11.70221,104.0159,338.12,0.47,0.4,"2026-02-15",635,"N20","nominal","2.0NRT",307.42,6.27,"D"
"886",11.70585,104.01537,340.47,0.47,0.4,"2026-02-15",635,"N20","nominal","2.0NRT",307.42,5.98,"D"
"887",11.70524,104.01105,336.5,0.47,0.4,"2026-02-15",635,"N20","low","2.0NRT",306.67,4.58,"D"
"888",12.07454,106.64717,334.45,0.45,0.47,"2026-02-15",635,"N20","nominal","2.0NRT",300.56,8.2,"D"
"889",11.70036,103.92423,339.54,0.47,0.39,"2026-02-15",635,"N20","nominal","2.0NRT",309.18,6.15,"D"
"890",11.78191,104.34099,348.19,0.49,0.4,"2026-02-15",635,"N20","nominal","2.0NRT",302.67,8.78,"D"
"891",12.08648,106.41296,342.11,0.44,0.46,"2026-02-15",635,"N20","nominal","2.0NRT",297.72,4.61,"D"
"892",11.79419,104.32095,340.48,0.49,0.4,"2026-02-15",635,"N20","nominal","2.0NRT",305.84,4.83,"D"
"893",11.74706,103.99187,335.41,0.47,0.4,"2026-02-15",635,"N20","low","2.0NRT",305.56,3.4,"D"
"894",11.74644,103.98756,345.14,0.47,0.4,"2026-02-15",635,"N20","nominal","2.0NRT",309.84,8.7,"D"
"895",11.85683,104.7343,350.95,0.52,0.41,"2026-02-15",635,"N20","nominal","2.0NRT",304.8,9.8,"D"
"896",11.85687,104.73641,336.83,0.52,0.41,"2026-02-15",635,"N20","nominal","2.0NRT",303.75,4.84,"D"
"897",11.85623,104.73167,343.83,0.52,0.41,"2026-02-15",635,"N20","nominal","2.0NRT",304.18,4.84,"D"
"898",12.08646,106.41362,341.37,0.44,0.46,"2026-02-15",635,"N20","nominal","2.0NRT",297.64,7.44,"D"
"899",11.77624,104.09064,338.4,0.48,0.4,"2026-02-15",635,"N20","nominal","2.0NRT",305.92,3.82,"D"
"900",11.76847,104.00761,338.29,0.47,0.4,"2026-02-15",635,"N20","low","2.0NRT",308.81,6.34,"D"
"901",12.14126,106.77187,331.3,0.46,0.47,"2026-02-15",635,"N20","nominal","2.0NRT",297.13,3.74,"D"
"902",12.14561,106.77129,342.2,0.46,0.47,"2026-02-15",635,"N20","nominal","2.0NRT",298.91,9.4,"D"
"903",11.80548,104.19379,335.62,0.48,0.4,"2026-02-15",635,"N20","nominal","2.0NRT",302.41,3.41,"D"
"904",12.0164,105.7181,336.43,0.39,0.44,"2026-02-15",635,"N20","nominal","2.0NRT",304.71,2.96,"D"
"905",11.97397,105.40061,336.71,0.57,0.43,"2026-02-15",635,"N20","nominal","2.0NRT",301.9,4.81,"D"
"906",12.04301,105.85588,330.6,0.4,0.44,"2026-02-15",635,"N20","low","2.0NRT",303.32,4,"D"
"907",11.79455,104.03474,339.58,0.47,0.4,"2026-02-15",635,"N20","nominal","2.0NRT",308.52,4.68,"D"
"908",12.14982,106.60031,343.96,0.45,0.47,"2026-02-15",635,"N20","nominal","2.0NRT",301.52,7.86,"D"
"909",12.15412,106.59979,347.78,0.45,0.47,"2026-02-15",635,"N20","nominal","2.0NRT",298.27,7.86,"D"
"910",12.1595,106.60742,333.99,0.45,0.47,"2026-02-15",635,"N20","nominal","2.0NRT",300.61,3.09,"D"
"911",11.80741,103.86337,339.17,0.46,0.39,"2026-02-15",635,"N20","nominal","2.0NRT",298.33,5.27,"D"
"912",11.80679,103.85905,332.05,0.46,0.39,"2026-02-15",635,"N20","nominal","2.0NRT",295.87,5.27,"D"
"913",12.02831,105.41409,333.85,0.57,0.43,"2026-02-15",635,"N20","nominal","2.0NRT",302.65,2.88,"D"
"914",11.84508,104.07598,349.97,0.48,0.4,"2026-02-15",635,"N20","nominal","2.0NRT",305.19,91.19,"D"
"915",11.82661,103.94615,340.92,0.47,0.4,"2026-02-15",635,"N20","nominal","2.0NRT",300.9,9.28,"D"
"916",12.0395,105.40729,334.9,0.57,0.43,"2026-02-15",635,"N20","low","2.0NRT",305.38,3.37,"D"
"917",11.91466,104.51398,345.64,0.5,0.41,"2026-02-15",635,"N20","nominal","2.0NRT",304.76,5.09,"D"
"918",11.91841,104.51346,341.72,0.5,0.41,"2026-02-15",635,"N20","nominal","2.0NRT",304.57,5.09,"D"
"919",12.19821,106.47315,354.44,0.44,0.46,"2026-02-15",635,"N20","nominal","2.0NRT",302.02,18.62,"D"
"920",12.24989,106.82227,334.72,0.47,0.47,"2026-02-15",635,"N20","nominal","2.0NRT",299.85,5.12,"D"
"921",11.84895,103.94685,347.23,0.47,0.4,"2026-02-15",635,"N20","nominal","2.0NRT",301.15,9.74,"D"
"922",11.93473,104.52059,342.35,0.5,0.41,"2026-02-15",635,"N20","nominal","2.0NRT",306.85,4.19,"D"
"923",11.93342,104.51137,337.42,0.5,0.41,"2026-02-15",635,"N20","nominal","2.0NRT",305.52,4.21,"D"
"924",11.92557,104.45625,336.73,0.5,0.41,"2026-02-15",635,"N20","nominal","2.0NRT",306.08,4.98,"D"
"925",11.92427,104.44709,337.84,0.5,0.41,"2026-02-15",635,"N20","nominal","2.0NRT",306.56,3.94,"D"
"926",12.06113,105.38847,338.89,0.57,0.43,"2026-02-15",635,"N20","nominal","2.0NRT",306.99,4.16,"D"
"927",11.95348,104.59835,342.39,0.51,0.41,"2026-02-15",635,"N20","nominal","2.0NRT",306.46,4.67,"D"
"928",11.93188,104.52162,342.55,0.5,0.41,"2026-02-15",635,"N20","nominal","2.0NRT",306.36,3.52,"D"
"929",11.93063,104.51238,335.16,0.5,0.41,"2026-02-15",635,"N20","low","2.0NRT",305.24,4.78,"D"
"930",11.92313,104.45715,332.97,0.5,0.41,"2026-02-15",635,"N20","low","2.0NRT",305.86,2.68,"D"
"931",11.92687,104.45663,334.83,0.5,0.41,"2026-02-15",635,"N20","low","2.0NRT",305.54,2.68,"D"
"932",11.92562,104.44743,337.04,0.5,0.41,"2026-02-15",635,"N20","nominal","2.0NRT",305.4,5.52,"D"
"933",12.19718,106.47243,350.23,0.44,0.46,"2026-02-15",635,"N20","nominal","2.0NRT",302.74,19.08,"D"
"934",12.05948,105.38506,335.21,0.57,0.43,"2026-02-15",635,"N20","low","2.0NRT",305.66,1.83,"D"
"935",11.95389,104.59899,338.87,0.51,0.41,"2026-02-15",635,"N20","nominal","2.0NRT",305.98,4.62,"D"
"936",12.0564,105.30147,337.75,0.56,0.43,"2026-02-15",635,"N20","nominal","2.0NRT",304.23,3.81,"D"
"937",11.94999,104.48617,336.3,0.5,0.41,"2026-02-15",635,"N20","nominal","2.0NRT",303.77,6.83,"D"
"938",11.94936,104.48158,345.46,0.5,0.41,"2026-02-15",635,"N20","nominal","2.0NRT",305.12,6.83,"D"
"939",11.95373,104.48563,342.42,0.5,0.41,"2026-02-15",635,"N20","nominal","2.0NRT",304.09,6.83,"D"
"940",11.9531,104.48103,337.12,0.5,0.41,"2026-02-15",635,"N20","nominal","2.0NRT",303.71,6.83,"D"
"941",11.93985,104.32964,337.86,0.49,0.4,"2026-02-15",635,"N20","nominal","2.0NRT",305.88,6.85,"D"
"942",12.27683,106.81828,336.18,0.47,0.48,"2026-02-15",635,"N20","nominal","2.0NRT",296.24,1.92,"D"
"943",12.20612,106.27558,343.72,0.43,0.46,"2026-02-15",635,"N20","nominal","2.0NRT",300.72,7.25,"D"
"944",12.20561,106.27163,342.72,0.43,0.46,"2026-02-15",635,"N20","nominal","2.0NRT",300.77,7.06,"D"
"945",11.96371,104.47485,343.1,0.5,0.41,"2026-02-15",635,"N20","nominal","2.0NRT",305.18,4.73,"D"
"946",11.92735,104.21221,335.37,0.49,0.4,"2026-02-15",635,"N20","nominal","2.0NRT",299.92,8.25,"D"
"947",12.14989,105.78743,341.94,0.4,0.44,"2026-02-15",635,"N20","nominal","2.0NRT",301.77,3.49,"D"
"948",12.1494,105.78377,333.7,0.4,0.44,"2026-02-15",635,"N20","nominal","2.0NRT",302.17,3.47,"D"
"949",12.07019,105.19584,335.22,0.55,0.43,"2026-02-15",635,"N20","nominal","2.0NRT",304.22,3.01,"D"
"950",12.25107,106.51921,343.22,0.45,0.47,"2026-02-15",635,"N20","nominal","2.0NRT",301.77,5.45,"D"
"951",12.15396,105.78688,337.67,0.4,0.44,"2026-02-15",635,"N20","nominal","2.0NRT",302.6,3.49,"D"
"952",12.15347,105.78321,336.65,0.4,0.44,"2026-02-15",635,"N20","nominal","2.0NRT",303.88,3.47,"D"
"953",12.25481,106.51457,353.32,0.45,0.47,"2026-02-15",635,"N20","nominal","2.0NRT",304.54,10.96,"D"
"954",12.25636,106.46041,341.08,0.44,0.46,"2026-02-15",635,"N20","nominal","2.0NRT",302.96,3.29,"D"
"955",11.98363,104.4533,343.96,0.5,0.41,"2026-02-15",635,"N20","nominal","2.0NRT",306.04,6.63,"D"
"956",12.39075,107.45383,338.26,0.52,0.5,"2026-02-15",635,"N20","nominal","2.0NRT",295.06,5.97,"D"
"957",12.26062,106.45984,336.96,0.44,0.46,"2026-02-15",635,"N20","nominal","2.0NRT",302.43,3.29,"D"
"958",12.24034,106.30725,341.45,0.43,0.46,"2026-02-15",635,"N20","nominal","2.0NRT",300.15,6.95,"D"
"959",12.21338,105.94916,341.17,0.41,0.45,"2026-02-15",635,"N20","nominal","2.0NRT",298.33,3.84,"D"
"960",12.30938,106.62917,340.9,0.45,0.47,"2026-02-15",635,"N20","nominal","2.0NRT",302.62,4.57,"D"
"961",12.28785,106.46863,349.5,0.44,0.46,"2026-02-15",635,"N20","nominal","2.0NRT",303.3,6.96,"D"
"962",12.12211,105.22474,344.11,0.55,0.43,"2026-02-15",635,"N20","nominal","2.0NRT",305.23,4.99,"D"
"963",12.31635,106.6156,332.37,0.45,0.47,"2026-02-15",635,"N20","nominal","2.0NRT",301.45,3.51,"D"
"964",11.95401,104.00291,331.76,0.47,0.4,"2026-02-15",635,"N20","nominal","2.0NRT",296.84,6.29,"D"
"965",12.4151,107.32173,341.67,0.51,0.49,"2026-02-15",635,"N20","nominal","2.0NRT",297.02,15.74,"D"
"966",12.31339,106.56117,333.62,0.45,0.47,"2026-02-15",635,"N20","nominal","2.0NRT",300.84,1.61,"D"
"967",11.95766,104.00242,344.96,0.47,0.4,"2026-02-15",635,"N20","nominal","2.0NRT",298.63,10.15,"D"
"968",12.13459,105.22817,338.36,0.55,0.43,"2026-02-15",635,"N20","nominal","2.0NRT",308.26,21.25,"D"
"969",12.32628,106.55948,346.89,0.45,0.47,"2026-02-15",635,"N20","nominal","2.0NRT",301.36,3.8,"D"
"970",12.14637,105.22652,345.06,0.55,0.43,"2026-02-15",635,"N20","nominal","2.0NRT",305.28,10.79,"D"
"971",12.14566,105.22147,343.22,0.55,0.43,"2026-02-15",635,"N20","nominal","2.0NRT",307.39,10.79,"D"
"972",11.98657,104.10013,340.45,0.48,0.4,"2026-02-15",635,"N20","nominal","2.0NRT",299.82,3.61,"D"
"973",12.04172,104.45914,336.7,0.5,0.41,"2026-02-15",635,"N20","nominal","2.0NRT",303.39,3.44,"D"
"974",12.04107,104.45454,348.19,0.5,0.41,"2026-02-15",635,"N20","nominal","2.0NRT",305.1,7.64,"D"
"975",11.98327,104.05113,346.84,0.48,0.4,"2026-02-15",635,"N20","nominal","2.0NRT",295.81,5.97,"D"
"976",12.13493,105.23099,342.87,0.56,0.43,"2026-02-15",635,"N20","nominal","2.0NRT",308.72,34.38,"D"
"977",11.98589,104.09706,334.9,0.48,0.4,"2026-02-15",635,"N20","nominal","2.0NRT",300.9,3.64,"D"
"978",12.41234,107.32404,341.64,0.51,0.49,"2026-02-15",635,"N20","nominal","2.0NRT",296.36,11.76,"D"
"979",12.14212,105.22482,333.02,0.56,0.43,"2026-02-15",635,"N20","low","2.0NRT",305.89,9.78,"D"
"980",12.14604,105.22426,355.45,0.56,0.43,"2026-02-15",635,"N20","nominal","2.0NRT",307.59,9.78,"D"
"981",12.04257,104.45618,352.25,0.5,0.41,"2026-02-15",635,"N20","nominal","2.0NRT",306.05,12.3,"D"
"982",11.98717,104.05206,347.21,0.48,0.4,"2026-02-15",635,"N20","nominal","2.0NRT",297.01,22.18,"D"
"983",12.04568,104.45103,344.53,0.5,0.41,"2026-02-15",635,"N20","nominal","2.0NRT",305.57,9.72,"D"
"984",12.32912,106.56001,342.07,0.45,0.47,"2026-02-15",635,"N20","nominal","2.0NRT",301.67,4.69,"D"
"985",12.38007,106.92368,344.99,0.48,0.48,"2026-02-15",635,"N20","nominal","2.0NRT",297.45,11.34,"D"
"986",12.07729,104.62653,339.15,0.51,0.41,"2026-02-15",635,"N20","nominal","2.0NRT",303.95,2.98,"D"
"987",11.99161,104.00336,349.43,0.47,0.4,"2026-02-15",635,"N20","nominal","2.0NRT",298.95,8.74,"D"
"988",12.35874,106.72211,332.43,0.46,0.47,"2026-02-15",635,"N20","nominal","2.0NRT",298.96,1.95,"D"
"989",12.08108,104.626,335.21,0.51,0.41,"2026-02-15",635,"N20","nominal","2.0NRT",303.04,2.98,"D"
"990",12.08043,104.6213,348.1,0.51,0.41,"2026-02-15",635,"N20","nominal","2.0NRT",306.01,17.84,"D"
"991",12.03683,104.30332,337.99,0.49,0.4,"2026-02-15",635,"N20","nominal","2.0NRT",299.8,4.26,"D"
"992",12.04057,104.30295,340.68,0.49,0.4,"2026-02-15",635,"N20","nominal","2.0NRT",301.99,7.74,"D"
"993",12.08094,104.56873,345.97,0.51,0.41,"2026-02-15",635,"N20","nominal","2.0NRT",306.6,10.24,"D"
"994",12.06124,104.42541,337.56,0.5,0.41,"2026-02-15",635,"N20","nominal","2.0NRT",306.03,4.89,"D"
"995",12.28548,106.05956,337.63,0.42,0.45,"2026-02-15",635,"N20","nominal","2.0NRT",302.72,4.84,"D"
"996",12.06056,104.39287,335.19,0.5,0.41,"2026-02-15",635,"N20","low","2.0NRT",305.74,3.12,"D"
"997",12.37284,106.69449,348.58,0.46,0.47,"2026-02-15",635,"N20","nominal","2.0NRT",297.47,3.63,"D"
"998",12.06493,104.39689,334.87,0.5,0.41,"2026-02-15",635,"N20","low","2.0NRT",307.26,3.12,"D"
"999",12.0643,104.39232,340.63,0.5,0.41,"2026-02-15",635,"N20","nominal","2.0NRT",307.29,3.12,"D"
"1000",12.06866,104.39635,348.73,0.5,0.41,"2026-02-15",635,"N20","nominal","2.0NRT",307.49,7.53,"D"
"1001",12.06803,104.39178,353.55,0.5,0.41,"2026-02-15",635,"N20","nominal","2.0NRT",307.81,7.53,"D"
"1002",11.88194,103.07118,330.04,0.43,0.38,"2026-02-15",635,"N20","nominal","2.0NRT",294.34,3.85,"D"
"1003",12.38372,106.7102,339.75,0.46,0.47,"2026-02-15",635,"N20","nominal","2.0NRT",296.75,5.16,"D"
"1004",12.38317,106.70597,333.66,0.46,0.47,"2026-02-15",635,"N20","nominal","2.0NRT",302.02,2.85,"D"
"1005",12.08193,104.46465,341.14,0.5,0.41,"2026-02-15",635,"N20","nominal","2.0NRT",305.88,7.4,"D"
"1006",12.38807,106.70966,347.88,0.46,0.47,"2026-02-15",635,"N20","nominal","2.0NRT",298.01,8.31,"D"
"1007",12.38752,106.70542,333.14,0.46,0.47,"2026-02-15",635,"N20","nominal","2.0NRT",298.92,4.94,"D"
"1008",12.39242,106.70908,344.18,0.46,0.47,"2026-02-15",635,"N20","nominal","2.0NRT",298.88,8.31,"D"
"1009",12.07345,104.32153,336.2,0.49,0.41,"2026-02-15",635,"N20","nominal","2.0NRT",304.34,5.1,"D"
"1010",12.02993,103.95817,337.28,0.47,0.4,"2026-02-15",635,"N20","nominal","2.0NRT",299.52,8.89,"D"
"1011",12.02746,103.94074,340.02,0.47,0.4,"2026-02-15",635,"N20","nominal","2.0NRT",298.97,8.92,"D"
"1012",12.29487,105.84678,338.25,0.4,0.45,"2026-02-15",635,"N20","nominal","2.0NRT",297.66,2.68,"D"
"1013",12.09286,104.37885,345.08,0.5,0.41,"2026-02-15",635,"N20","nominal","2.0NRT",304.65,3.22,"D"
"1014",12.03419,103.96204,336.49,0.47,0.4,"2026-02-15",635,"N20","nominal","2.0NRT",297.41,2.31,"D"
"1015",12.03357,103.95764,341.13,0.47,0.4,"2026-02-15",635,"N20","nominal","2.0NRT",301.72,8.89,"D"
"1016",12.03296,103.95329,343.86,0.47,0.4,"2026-02-15",635,"N20","nominal","2.0NRT",300.59,8.89,"D"
"1017",12.09659,104.37828,346.54,0.5,0.41,"2026-02-15",635,"N20","nominal","2.0NRT",307.42,9.34,"D"
"1018",12.03722,103.95714,343.5,0.47,0.4,"2026-02-15",635,"N20","nominal","2.0NRT",299.16,6.68,"D"
"1019",12.1524,104.72207,336.49,0.52,0.41,"2026-02-15",635,"N20","nominal","2.0NRT",305.96,8.44,"D"
"1020",12.15173,104.71731,338.71,0.52,0.41,"2026-02-15",635,"N20","nominal","2.0NRT",306.15,5.26,"D"
"1021",11.99548,103.61269,338.7,0.45,0.39,"2026-02-15",635,"N20","nominal","2.0NRT",293.7,4.52,"D"
"1022",11.99489,103.60854,344.36,0.45,0.39,"2026-02-15",635,"N20","nominal","2.0NRT",294.32,4.52,"D"
"1023",12.43113,106.73412,336.3,0.46,0.47,"2026-02-15",635,"N20","nominal","2.0NRT",299.28,5.37,"D"
"1024",12.05305,103.99009,335.45,0.47,0.4,"2026-02-15",635,"N20","nominal","2.0NRT",299.48,3.18,"D"
"1025",12.43548,106.73354,341.19,0.46,0.47,"2026-02-15",635,"N20","nominal","2.0NRT",298.8,6.03,"D"
"1026",12.27006,105.51361,336.97,0.39,0.44,"2026-02-15",635,"N20","nominal","2.0NRT",301.15,2.89,"D"
"1027",12.0567,103.98958,354.51,0.47,0.4,"2026-02-15",635,"N20","nominal","2.0NRT",304.69,19.1,"D"
"1028",12.11585,104.37996,336.21,0.5,0.41,"2026-02-15",635,"N20","nominal","2.0NRT",304.93,5.25,"D"
"1029",12.06096,103.99334,353.6,0.47,0.4,"2026-02-15",635,"N20","nominal","2.0NRT",301.96,19.26,"D"
"1030",12.06036,103.98907,349.14,0.47,0.4,"2026-02-15",635,"N20","nominal","2.0NRT",299.24,19.1,"D"
"1031",12.38164,106.26891,334.98,0.43,0.46,"2026-02-15",635,"N20","nominal","2.0NRT",300.62,1.67,"D"
"1032",12.06522,103.99706,335.52,0.47,0.4,"2026-02-15",635,"N20","nominal","2.0NRT",300.03,16.48,"D"
"1033",12.06461,103.99278,348.74,0.47,0.4,"2026-02-15",635,"N20","nominal","2.0NRT",303.28,16.48,"D"
"1034",12.48851,107.03017,340.67,0.49,0.48,"2026-02-15",635,"N20","nominal","2.0NRT",292.24,5.98,"D"
"1035",12.47511,106.92982,330.9,0.48,0.48,"2026-02-15",635,"N20","nominal","2.0NRT",295.17,2.02,"D"
"1036",12.41314,106.46941,347.52,0.44,0.46,"2026-02-15",635,"N20","nominal","2.0NRT",302.58,6.04,"D"
"1037",12.06397,103.9622,346.55,0.47,0.4,"2026-02-15",635,"N20","nominal","2.0NRT",296.46,6.41,"D"
"1038",12.13021,104.40069,335.82,0.5,0.41,"2026-02-15",635,"N20","nominal","2.0NRT",301.18,3.58,"D"
"1039",12.11604,104.30098,347.8,0.49,0.4,"2026-02-15",635,"N20","nominal","2.0NRT",300.92,16.1,"D"
"1040",12.06761,103.96169,340.24,0.47,0.4,"2026-02-15",635,"N20","nominal","2.0NRT",296.38,7.74,"D"
"1041",12.32969,105.79673,333.19,0.4,0.44,"2026-02-15",635,"N20","nominal","2.0NRT",301.3,2.85,"D"
"1042",12.1318,104.33163,336.56,0.49,0.41,"2026-02-15",635,"N20","nominal","2.0NRT",304.04,4.37,"D"
"1043",12.06608,103.8736,337.83,0.47,0.4,"2026-02-15",635,"N20","nominal","2.0NRT",299.37,3.79,"D"
"1044",12.06548,103.86937,333.39,0.47,0.4,"2026-02-15",635,"N20","nominal","2.0NRT",298.74,3.79,"D"
"1045",12.13171,104.40192,331.71,0.5,0.41,"2026-02-15",635,"N20","nominal","2.0NRT",301.45,1.46,"D"
"1046",12.11809,104.30167,339.89,0.49,0.4,"2026-02-15",635,"N20","nominal","2.0NRT",299.85,6.97,"D"
"1047",12.1367,104.41062,331.61,0.5,0.41,"2026-02-15",635,"N20","nominal","2.0NRT",301.01,2.21,"D"
"1048",12.41194,106.46982,349.08,0.45,0.47,"2026-02-15",635,"N20","nominal","2.0NRT",302.73,7.41,"D"
"1049",12.12995,104.33314,340.79,0.49,0.41,"2026-02-15",635,"N20","nominal","2.0NRT",305.1,4.61,"D"
"1050",12.07713,103.948,334.87,0.47,0.4,"2026-02-15",635,"N20","nominal","2.0NRT",295.71,1.84,"D"
"1051",12.06696,103.87428,332.14,0.47,0.4,"2026-02-15",635,"N20","nominal","2.0NRT",298.53,3.42,"D"
"1052",12.06637,103.87001,340.16,0.47,0.4,"2026-02-15",635,"N20","nominal","2.0NRT",299.42,3.42,"D"
"1053",12.48751,107.03122,341.54,0.49,0.48,"2026-02-15",635,"N20","nominal","2.0NRT",290.15,3.78,"D"
"1054",12.07058,103.87375,332.66,0.47,0.4,"2026-02-15",635,"N20","nominal","2.0NRT",296.37,3.42,"D"
"1055",12.33376,105.79932,339.69,0.4,0.44,"2026-02-15",635,"N20","nominal","2.0NRT",301.56,3.47,"D"
"1056",12.33328,105.79564,336.72,0.4,0.44,"2026-02-15",635,"N20","nominal","2.0NRT",302.95,10.95,"D"
"1057",12.16313,104.52072,335.72,0.51,0.41,"2026-02-15",635,"N20","nominal","2.0NRT",303.15,1.71,"D"
"1058",12.13365,104.30465,347.49,0.49,0.41,"2026-02-15",635,"N20","nominal","2.0NRT",304.62,9.18,"D"
"1059",12.10674,104.0544,339.03,0.48,0.4,"2026-02-15",635,"N20","nominal","2.0NRT",303.95,18.75,"D"
"1060",12.0905,103.93719,342.49,0.47,0.4,"2026-02-15",635,"N20","nominal","2.0NRT",297.15,2.35,"D"
"1061",12.24624,105.04846,338.07,0.54,0.42,"2026-02-15",635,"N20","nominal","2.0NRT",304.23,4.03,"D"
"1062",12.11041,104.0539,337.98,0.48,0.4,"2026-02-15",635,"N20","nominal","2.0NRT",300.57,18.75,"D"
"1063",12.09414,103.93668,331.56,0.47,0.4,"2026-02-15",635,"N20","nominal","2.0NRT",294.12,2.35,"D"
"1064",12.08749,103.88884,331.59,0.47,0.4,"2026-02-15",635,"N20","nominal","2.0NRT",294.35,4.46,"D"
"1065",12.0869,103.88458,351.15,0.47,0.4,"2026-02-15",635,"N20","nominal","2.0NRT",297.31,4.46,"D"
"1066",11.98914,103.18902,334.56,0.44,0.38,"2026-02-15",635,"N20","nominal","2.0NRT",299.07,3.29,"D"
"1067",12.51038,107.03326,331.01,0.49,0.48,"2026-02-15",635,"N20","nominal","2.0NRT",295.95,3.92,"D"
"1068",12.29604,105.38993,331.68,0.57,0.43,"2026-02-15",635,"N20","low","2.0NRT",304.52,5.35,"D"
"1069",12.09111,103.88824,335.31,0.47,0.4,"2026-02-15",635,"N20","nominal","2.0NRT",295.19,6.71,"D"
"1070",12.25402,105.04738,338.81,0.54,0.42,"2026-02-15",635,"N20","nominal","2.0NRT",303.47,4.95,"D"
"1071",12.00235,103.23154,334.67,0.44,0.38,"2026-02-15",635,"N20","nominal","2.0NRT",302.48,39.06,"D"
"1072",12.42875,106.3316,343.12,0.44,0.46,"2026-02-15",635,"N20","nominal","2.0NRT",300.5,10.14,"D"
"1073",12.43719,106.3632,331.69,0.44,0.46,"2026-02-15",635,"N20","nominal","2.0NRT",299.84,1.41,"D"
"1074",12.43666,106.35916,330.67,0.44,0.46,"2026-02-15",635,"N20","low","2.0NRT",301,1.41,"D"
"1075",12.13549,104.12667,341.77,0.48,0.4,"2026-02-15",635,"N20","nominal","2.0NRT",303.37,6.34,"D"
"1076",12.12504,104.05158,340.9,0.48,0.4,"2026-02-15",635,"N20","nominal","2.0NRT",304.4,15.3,"D"
"1077",12.44091,106.35859,339.3,0.44,0.46,"2026-02-15",635,"N20","nominal","2.0NRT",302.46,3.65,"D"
"1078",12.12997,104.06013,338.39,0.48,0.4,"2026-02-15",635,"N20","nominal","2.0NRT",305.05,6.33,"D"
"1079",12.14349,104.13021,339.38,0.48,0.4,"2026-02-15",635,"N20","nominal","2.0NRT",305.8,8.24,"D"
"1080",12.1117,103.9029,336.98,0.47,0.4,"2026-02-15",635,"N20","nominal","2.0NRT",290.32,6.43,"D"
"1081",12.11108,103.89848,336.64,0.47,0.4,"2026-02-15",635,"N20","nominal","2.0NRT",290.27,6.43,"D"
"1082",12.10985,103.88973,335.38,0.47,0.4,"2026-02-15",635,"N20","nominal","2.0NRT",295,3.66,"D"
"1083",12.47677,106.56596,335.37,0.45,0.47,"2026-02-15",635,"N20","nominal","2.0NRT",302.57,6.07,"D"
"1084",12.11536,103.90257,342.55,0.47,0.4,"2026-02-15",635,"N20","nominal","2.0NRT",291.52,8.14,"D"
"1085",12.44308,106.24448,340.1,0.43,0.46,"2026-02-15",635,"N20","nominal","2.0NRT",301.14,3.83,"D"
"1086",12.46107,106.34768,335.76,0.44,0.46,"2026-02-15",635,"N20","nominal","2.0NRT",302.54,3.69,"D"
"1087",12.4494,106.25971,336.81,0.43,0.46,"2026-02-15",635,"N20","nominal","2.0NRT",301.32,4.38,"D"
"1088",12.43996,106.18871,334.96,0.43,0.46,"2026-02-15",635,"N20","nominal","2.0NRT",300.26,1.43,"D"
"1089",12.1694,104.20792,335.28,0.49,0.4,"2026-02-15",635,"N20","nominal","2.0NRT",299.64,2.9,"D"
"1090",12.17376,104.21207,367,0.49,0.4,"2026-02-15",635,"N20","high","2.0NRT",303.66,18.54,"D"
"1091",12.59465,107.33374,331.57,0.51,0.49,"2026-02-15",635,"N20","nominal","2.0NRT",297.96,5.73,"D"
"1092",12.1731,104.20737,355.43,0.49,0.4,"2026-02-15",635,"N20","nominal","2.0NRT",306.44,44.72,"D"
"1093",12.04261,103.28714,345.39,0.44,0.38,"2026-02-15",635,"N20","nominal","2.0NRT",303.54,9.62,"D"
"1094",12.61711,107.47153,337.95,0.52,0.5,"2026-02-15",635,"N20","nominal","2.0NRT",294.04,3.68,"D"
"1095",12.59137,107.27279,331.99,0.51,0.49,"2026-02-15",635,"N20","nominal","2.0NRT",294.49,3.73,"D"
"1096",12.17746,104.21155,354.49,0.49,0.4,"2026-02-15",635,"N20","nominal","2.0NRT",304.9,18.54,"D"
"1097",12.1768,104.20683,341.68,0.49,0.4,"2026-02-15",635,"N20","nominal","2.0NRT",311.27,44.72,"D"
"1098",12.45097,106.14346,339.03,0.42,0.46,"2026-02-15",635,"N20","nominal","2.0NRT",304.43,3.82,"D"
"1099",12.60767,107.25669,332.1,0.5,0.49,"2026-02-15",635,"N20","nominal","2.0NRT",296.47,6.87,"D"
"1100",12.59977,107.19654,331.06,0.5,0.49,"2026-02-15",635,"N20","nominal","2.0NRT",293.03,3.02,"D"
"1101",12.55855,106.88408,341.62,0.48,0.48,"2026-02-15",635,"N20","nominal","2.0NRT",296.74,5.66,"D"
"1102",12.19026,104.19531,333.4,0.49,0.4,"2026-02-15",635,"N20","nominal","2.0NRT",300.16,3.42,"D"
"1103",12.18593,104.1647,337,0.49,0.4,"2026-02-15",635,"N20","nominal","2.0NRT",296.38,3.38,"D"
"1104",12.1853,104.16022,332.72,0.49,0.4,"2026-02-15",635,"N20","nominal","2.0NRT",296.35,3.62,"D"
"1105",12.56296,106.88356,346.26,0.48,0.48,"2026-02-15",635,"N20","nominal","2.0NRT",297.16,10.71,"D"
"1106",12.48737,106.25468,349.01,0.43,0.46,"2026-02-15",635,"N20","nominal","2.0NRT",304.15,6.43,"D"
"1107",12.62764,107.26851,332.2,0.51,0.49,"2026-02-15",635,"N20","nominal","2.0NRT",296.6,2.98,"D"
"1108",12.58677,106.96108,333.34,0.48,0.48,"2026-02-15",635,"N20","nominal","2.0NRT",297.72,4.03,"D"
"1109",12.24646,104.48533,348.01,0.51,0.41,"2026-02-15",635,"N20","nominal","2.0NRT",304.57,5.64,"D"
"1110",12.15651,103.853,346.16,0.47,0.4,"2026-02-15",635,"N20","nominal","2.0NRT",300.49,4.94,"D"
"1111",12.16872,103.88644,345.17,0.47,0.4,"2026-02-15",635,"N20","nominal","2.0NRT",305.9,13.24,"D"
"1112",12.31945,104.89231,335.04,0.53,0.42,"2026-02-15",635,"N20","nominal","2.0NRT",297.94,4.17,"D"
"1113",12.24643,104.37732,337.65,0.5,0.41,"2026-02-15",635,"N20","nominal","2.0NRT",303.93,3.92,"D"
"1114",12.2206,104.19642,337.6,0.49,0.4,"2026-02-15",635,"N20","nominal","2.0NRT",299.69,2.64,"D"
"1115",12.21996,104.19193,353.05,0.49,0.4,"2026-02-15",635,"N20","nominal","2.0NRT",303.22,14.36,"D"
"1116",12.16962,103.88761,338.85,0.47,0.4,"2026-02-15",635,"N20","nominal","2.0NRT",304.71,13.05,"D"
"1117",12.4982,106.30237,334.21,0.44,0.46,"2026-02-15",635,"N20","low","2.0NRT",304.51,3,"D"
"1118",12.21907,104.19366,354.11,0.49,0.4,"2026-02-15",635,"N20","nominal","2.0NRT",301.37,9.13,"D"
"1119",12.21846,104.18917,343.93,0.49,0.4,"2026-02-15",635,"N20","nominal","2.0NRT",302.5,9.13,"D"
"1120",12.21724,104.18024,331.51,0.49,0.4,"2026-02-15",635,"N20","nominal","2.0NRT",299.49,2.02,"D"
"1121",12.58639,106.96268,335.02,0.48,0.48,"2026-02-15",635,"N20","nominal","2.0NRT",297.96,3.48,"D"
"1122",12.24751,104.37432,343.66,0.5,0.41,"2026-02-15",635,"N20","nominal","2.0NRT",303.41,13.14,"D"
"1123",12.32172,104.89445,338.54,0.53,0.42,"2026-02-15",635,"N20","nominal","2.0NRT",301.1,8.23,"D"
"1124",12.25125,104.37379,337.29,0.5,0.41,"2026-02-15",635,"N20","nominal","2.0NRT",301.06,5.81,"D"
"1125",12.56494,106.72242,331.52,0.46,0.47,"2026-02-15",635,"N20","nominal","2.0NRT",296.85,4.55,"D"
"1126",12.5302,106.45071,340.94,0.45,0.47,"2026-02-15",635,"N20","nominal","2.0NRT",300.06,1.23,"D"
"1127",12.25499,104.37326,348.91,0.5,0.41,"2026-02-15",635,"N20","nominal","2.0NRT",304.19,5.81,"D"
"1128",12.18123,103.83763,332.38,0.47,0.4,"2026-02-15",635,"N20","nominal","2.0NRT",299.38,2.25,"D"
"1129",12.60305,106.98743,338.22,0.48,0.48,"2026-02-15",635,"N20","nominal","2.0NRT",294.93,3.2,"D"
"1130",12.58904,106.87698,333.8,0.48,0.48,"2026-02-15",635,"N20","nominal","2.0NRT",299.49,7.15,"D"
"1131",12.5885,106.87266,332.43,0.48,0.48,"2026-02-15",635,"N20","nominal","2.0NRT",298.44,8.08,"D"
"1132",12.59289,106.87202,350.78,0.48,0.48,"2026-02-15",635,"N20","nominal","2.0NRT",300.11,8.08,"D"
"1133",12.56445,106.64935,343.32,0.46,0.47,"2026-02-15",635,"N20","nominal","2.0NRT",302.46,6.68,"D"
"1134",12.5356,106.42509,343.6,0.44,0.46,"2026-02-15",635,"N20","nominal","2.0NRT",303.11,2.37,"D"
"1135",12.38597,105.28522,336.04,0.56,0.43,"2026-02-15",635,"N20","nominal","2.0NRT",306,7,"D"
"1136",12.26372,104.38139,336.69,0.5,0.41,"2026-02-15",635,"N20","nominal","2.0NRT",304.52,2.73,"D"
"1137",12.64702,107.26331,335.71,0.51,0.49,"2026-02-15",635,"N20","nominal","2.0NRT",298,5.2,"D"
"1138",12.56987,106.65723,335.03,0.46,0.47,"2026-02-15",635,"N20","nominal","2.0NRT",301.27,3.78,"D"
"1139",12.56933,106.65301,342.58,0.46,0.47,"2026-02-15",635,"N20","nominal","2.0NRT",300.19,3.78,"D"
"1140",12.56879,106.64878,330.18,0.46,0.47,"2026-02-15",635,"N20","nominal","2.0NRT",299.62,4.11,"D"
"1141",12.20945,103.96066,332.17,0.47,0.4,"2026-02-15",635,"N20","nominal","2.0NRT",301.25,2.19,"D"
"1142",12.57258,106.64397,348.84,0.46,0.47,"2026-02-15",635,"N20","nominal","2.0NRT",299.73,4.11,"D"
"1143",12.66314,107.31792,342,0.51,0.49,"2026-02-15",635,"N20","nominal","2.0NRT",296.71,5.3,"D"
"1144",12.58722,106.72331,340.67,0.47,0.47,"2026-02-15",635,"N20","nominal","2.0NRT",296.52,2.96,"D"
"1145",12.21673,103.95947,330.54,0.47,0.4,"2026-02-15",635,"N20","low","2.0NRT",301.41,2.43,"D"
"1146",12.61788,106.92704,338.06,0.48,0.48,"2026-02-15",635,"N20","nominal","2.0NRT",297.51,2.45,"D"
"1147",12.59994,106.78754,334.53,0.47,0.48,"2026-02-15",635,"N20","nominal","2.0NRT",296.93,6.75,"D"
"1148",12.57635,106.60491,330.44,0.46,0.47,"2026-02-15",635,"N20","low","2.0NRT",300.77,1.62,"D"
"1149",12.2636,104.27007,339.18,0.49,0.4,"2026-02-15",635,"N20","nominal","2.0NRT",299.98,3.62,"D"
"1150",12.22038,103.95895,338.31,0.47,0.4,"2026-02-15",635,"N20","nominal","2.0NRT",301.43,2.43,"D"
"1151",12.66813,107.28447,330.22,0.51,0.49,"2026-02-15",635,"N20","nominal","2.0NRT",298.1,3.12,"D"
"1152",12.67266,107.28387,338.3,0.51,0.49,"2026-02-15",635,"N20","nominal","2.0NRT",297.32,3.12,"D"
"1153",12.64104,107.03697,330.52,0.49,0.48,"2026-02-15",635,"N20","nominal","2.0NRT",295.1,3.65,"D"
"1154",12.26353,104.21496,341.33,0.49,0.4,"2026-02-15",635,"N20","nominal","2.0NRT",303.57,4.43,"D"
"1155",12.68135,107.31578,331.77,0.51,0.49,"2026-02-15",635,"N20","nominal","2.0NRT",296.23,1.76,"D"
"1156",12.66238,107.1677,349.85,0.5,0.49,"2026-02-15",635,"N20","nominal","2.0NRT",296.68,16.23,"D"
"1157",12.66181,107.16324,344.38,0.5,0.49,"2026-02-15",635,"N20","nominal","2.0NRT",301,24.33,"D"
"1158",12.67037,107.19424,334.8,0.5,0.49,"2026-02-15",635,"N20","nominal","2.0NRT",296.35,3.39,"D"
"1159",12.57516,106.46152,343.79,0.45,0.47,"2026-02-15",635,"N20","nominal","2.0NRT",300.72,2.81,"D"
"1160",12.243,104.01399,332.53,0.48,0.4,"2026-02-15",635,"N20","nominal","2.0NRT",300.36,2.53,"D"
"1161",12.2386,103.98261,337.71,0.48,0.4,"2026-02-15",635,"N20","nominal","2.0NRT",299.08,3.04,"D"
"1162",12.63021,106.8145,336.2,0.47,0.48,"2026-02-15",635,"N20","nominal","2.0NRT",296.85,8.44,"D"
"1163",12.5859,106.47681,333.18,0.45,0.47,"2026-02-15",635,"N20","nominal","2.0NRT",302.82,5.25,"D"
"1164",12.26081,104.06091,336.91,0.48,0.4,"2026-02-15",635,"N20","nominal","2.0NRT",301.07,2.45,"D"
"1165",12.22841,103.83105,332.79,0.47,0.4,"2026-02-15",635,"N20","nominal","2.0NRT",300.76,4.66,"D"
"1166",12.22417,103.80104,331.32,0.47,0.39,"2026-02-15",635,"N20","nominal","2.0NRT",300.96,3.54,"D"
"1167",12.21691,103.74976,333.81,0.46,0.39,"2026-02-15",635,"N20","nominal","2.0NRT",299.68,2.59,"D"
"1168",12.26194,104.04235,333.53,0.48,0.4,"2026-02-15",635,"N20","nominal","2.0NRT",302.39,2.33,"D"
"1169",12.26136,104.03821,335.1,0.48,0.4,"2026-02-15",635,"N20","nominal","2.0NRT",302.68,2.33,"D"
"1170",12.25636,104.00273,331.66,0.48,0.4,"2026-02-15",635,"N20","low","2.0NRT",301.92,3.18,"D"
"1171",12.24475,103.92046,337.8,0.47,0.4,"2026-02-15",635,"N20","nominal","2.0NRT",301.74,2.74,"D"
"1172",12.5739,106.28826,334.26,0.44,0.46,"2026-02-15",635,"N20","nominal","2.0NRT",302.47,1.15,"D"
"1173",12.24897,103.92405,342.67,0.47,0.4,"2026-02-15",635,"N20","nominal","2.0NRT",301.42,9.3,"D"
"1174",12.24838,103.91982,331.22,0.47,0.4,"2026-02-15",635,"N20","nominal","2.0NRT",301.13,7.7,"D"
"1175",12.6047,106.48691,350.45,0.45,0.47,"2026-02-15",635,"N20","nominal","2.0NRT",305.32,9.46,"D"
"1176",12.58242,106.31976,336.4,0.44,0.46,"2026-02-15",635,"N20","nominal","2.0NRT",302.43,2.92,"D"
"1177",12.27497,104.08157,339.62,0.48,0.4,"2026-02-15",635,"N20","nominal","2.0NRT",301.53,5.01,"D"
"1178",12.27371,104.07269,334.3,0.48,0.4,"2026-02-15",635,"N20","nominal","2.0NRT",302.25,4.74,"D"
"1179",12.27183,104.05938,338.42,0.48,0.4,"2026-02-15",635,"N20","nominal","2.0NRT",306.97,33.53,"D"
"1180",12.2774,104.07223,349.62,0.48,0.4,"2026-02-15",635,"N20","nominal","2.0NRT",302.56,17.74,"D"
"1181",12.27677,104.06781,333.27,0.48,0.4,"2026-02-15",635,"N20","nominal","2.0NRT",302.77,13.15,"D"
"1182",12.72109,107.30143,333.44,0.51,0.49,"2026-02-15",635,"N20","nominal","2.0NRT",296.83,3.58,"D"
"1183",12.72749,107.31497,350.23,0.51,0.49,"2026-02-15",635,"N20","nominal","2.0NRT",296.03,7.17,"D"
"1184",12.61593,106.47288,335.85,0.45,0.47,"2026-02-15",635,"N20","nominal","2.0NRT",301.85,1.83,"D"
"1185",12.67053,106.84895,334.37,0.47,0.48,"2026-02-15",635,"N20","nominal","2.0NRT",297.38,5.67,"D"
"1186",12.66994,106.84454,342.94,0.47,0.48,"2026-02-15",635,"N20","nominal","2.0NRT",297.09,3.95,"D"
"1187",12.62298,106.4929,346.13,0.45,0.47,"2026-02-15",635,"N20","nominal","2.0NRT",303.93,11.43,"D"
"1188",12.62243,106.48879,353.48,0.45,0.47,"2026-02-15",635,"N20","nominal","2.0NRT",306.95,31.6,"D"
"1189",12.25992,103.87029,330.32,0.47,0.4,"2026-02-15",635,"N20","low","2.0NRT",304.03,2.2,"D"
"1190",12.79088,107.72824,334.22,0.55,0.51,"2026-02-15",635,"N20","nominal","2.0NRT",291.89,5.03,"D"
"1191",12.7366,107.3139,332.35,0.51,0.49,"2026-02-15",635,"N20","nominal","2.0NRT",296.04,5.1,"D"
"1192",12.73227,107.28103,331.89,0.51,0.49,"2026-02-15",635,"N20","nominal","2.0NRT",296.35,2.97,"D"
"1193",12.73106,107.27184,332.1,0.51,0.49,"2026-02-15",635,"N20","nominal","2.0NRT",296.7,3.02,"D"
"1194",12.2921,104.07015,337.35,0.48,0.4,"2026-02-15",635,"N20","low","2.0NRT",308.55,38.4,"D"
"1195",12.77023,107.53417,334.15,0.53,0.5,"2026-02-15",635,"N20","nominal","2.0NRT",293.67,8.57,"D"
"1196",12.64107,106.56229,343.17,0.45,0.47,"2026-02-15",635,"N20","nominal","2.0NRT",299.46,3.56,"D"
"1197",12.45584,105.2076,338.75,0.56,0.43,"2026-02-15",635,"N20","nominal","2.0NRT",305.1,4.97,"D"
"1198",12.29639,104.07392,339.42,0.48,0.4,"2026-02-15",635,"N20","nominal","2.0NRT",306.51,38.4,"D"
"1199",12.25553,103.78773,342.69,0.47,0.39,"2026-02-15",635,"N20","nominal","2.0NRT",301.79,7.62,"D"
"1200",12.25489,103.78327,341.31,0.47,0.39,"2026-02-15",635,"N20","nominal","2.0NRT",302.74,7.62,"D"
"1201",12.64538,106.56171,345.96,0.45,0.47,"2026-02-15",635,"N20","nominal","2.0NRT",302.63,27.77,"D"
"1202",12.59268,106.17268,343.22,0.43,0.46,"2026-02-15",635,"N20","nominal","2.0NRT",304.04,12.13,"D"
"1203",12.59214,106.16872,338.36,0.43,0.46,"2026-02-15",635,"N20","nominal","2.0NRT",305.46,12.13,"D"
"1204",12.55894,105.92548,341.42,0.41,0.45,"2026-02-15",635,"N20","nominal","2.0NRT",303.17,4.16,"D"
"1205",12.27557,103.90198,347.81,0.47,0.4,"2026-02-15",635,"N20","nominal","2.0NRT",300.79,9.24,"D"
"1206",12.25913,103.7871,332.56,0.47,0.39,"2026-02-15",635,"N20","nominal","2.0NRT",300.38,3.43,"D"
"1207",12.78208,107.55274,342.2,0.53,0.5,"2026-02-15",635,"N20","nominal","2.0NRT",294.34,5.55,"D"
"1208",12.59796,106.18005,350.62,0.43,0.46,"2026-02-15",635,"N20","nominal","2.0NRT",306.88,13.79,"D"
"1209",12.56307,105.92493,343.14,0.41,0.45,"2026-02-15",635,"N20","nominal","2.0NRT",301.99,4.16,"D"
"1210",12.28535,103.89236,342.6,0.47,0.4,"2026-02-15",635,"N20","nominal","2.0NRT",302.83,5.08,"D"
"1211",12.28474,103.88815,334.18,0.47,0.4,"2026-02-15",635,"N20","nominal","2.0NRT",302.03,2.99,"D"
"1212",12.4555,105.20916,338.48,0.56,0.43,"2026-02-15",635,"N20","nominal","2.0NRT",304.83,5.59,"D"
"1213",12.28575,103.89241,333.2,0.47,0.4,"2026-02-15",635,"N20","nominal","2.0NRT",301.39,2.6,"D"
"1214",12.28517,103.88819,341.45,0.47,0.4,"2026-02-15",635,"N20","nominal","2.0NRT",303.22,4.39,"D"
"1215",12.26621,103.7509,334.91,0.46,0.39,"2026-02-15",635,"N20","nominal","2.0NRT",300.46,5.83,"D"
"1216",12.78801,107.724,339.03,0.55,0.51,"2026-02-15",635,"N20","nominal","2.0NRT",293.03,3.46,"D"
"1217",12.76849,107.56487,331.61,0.53,0.5,"2026-02-15",635,"N20","nominal","2.0NRT",293.8,4.93,"D"
"1218",12.74754,107.39501,333.56,0.52,0.5,"2026-02-15",635,"N20","nominal","2.0NRT",293.11,5.37,"D"
"1219",12.7375,107.31393,330.65,0.51,0.49,"2026-02-15",635,"N20","nominal","2.0NRT",295.22,4.78,"D"
"1220",12.73341,107.28101,331.74,0.51,0.49,"2026-02-15",635,"N20","nominal","2.0NRT",295.5,3.86,"D"
"1221",12.73227,107.27179,331.44,0.51,0.49,"2026-02-15",635,"N20","nominal","2.0NRT",296.68,3.76,"D"
"1222",12.64302,106.56129,346.39,0.45,0.47,"2026-02-15",635,"N20","nominal","2.0NRT",302.51,35.62,"D"
"1223",12.59319,106.17149,342.46,0.43,0.46,"2026-02-15",635,"N20","nominal","2.0NRT",306.36,23.52,"D"
"1224",12.56121,105.92383,348.01,0.41,0.45,"2026-02-15",635,"N20","nominal","2.0NRT",303.7,6.39,"D"
"1225",12.2698,103.75018,337.77,0.46,0.39,"2026-02-15",635,"N20","nominal","2.0NRT",300.2,5.83,"D"
"1226",12.59842,106.17887,354.19,0.43,0.46,"2026-02-15",635,"N20","nominal","2.0NRT",306.4,14.57,"D"
"1227",12.77349,107.52921,348.65,0.53,0.5,"2026-02-15",635,"N20","nominal","2.0NRT",290.31,10.82,"D"
"1228",12.32517,104.09743,332.8,0.48,0.4,"2026-02-15",635,"N20","nominal","2.0NRT",302.33,1.79,"D"
"1229",12.48601,105.25742,335.16,0.56,0.43,"2026-02-15",635,"N20","nominal","2.0NRT",303.35,2.04,"D"
"1230",12.32885,104.09691,331.17,0.48,0.4,"2026-02-15",635,"N20","low","2.0NRT",302.36,1.65,"D"
"1231",12.78981,107.54716,343.26,0.53,0.5,"2026-02-15",635,"N20","nominal","2.0NRT",294.44,9.34,"D"
"1232",12.7892,107.54226,334.67,0.53,0.5,"2026-02-15",635,"N20","nominal","2.0NRT",292.9,6.33,"D"
"1233",12.76619,107.35831,335.42,0.52,0.5,"2026-02-15",635,"N20","nominal","2.0NRT",295.55,7.32,"D"
"1234",12.35954,104.26503,336.79,0.49,0.41,"2026-02-15",635,"N20","nominal","2.0NRT",299.16,4.46,"D"
"1235",12.33255,104.06927,338.31,0.48,0.4,"2026-02-15",635,"N20","nominal","2.0NRT",305.92,2.91,"D"
"1236",12.33194,104.06487,339.27,0.48,0.4,"2026-02-15",635,"N20","nominal","2.0NRT",303.58,2.91,"D"
"1237",12.20152,103.13412,338.09,0.44,0.38,"2026-02-15",635,"N20","nominal","2.0NRT",307.34,8.56,"D"
"1238",12.72361,106.98492,332.01,0.49,0.48,"2026-02-15",635,"N20","nominal","2.0NRT",295.71,2.22,"D"
"1239",12.7202,106.95815,338.39,0.48,0.48,"2026-02-15",635,"N20","nominal","2.0NRT",297.97,5.57,"D"
"1240",12.58102,105.88248,333.96,0.41,0.45,"2026-02-15",635,"N20","low","2.0NRT",304.45,2.22,"D"
"1241",12.33623,104.06875,336.07,0.48,0.4,"2026-02-15",635,"N20","nominal","2.0NRT",305.22,2.91,"D"
"1242",12.33073,104.02908,343.17,0.48,0.4,"2026-02-15",635,"N20","nominal","2.0NRT",304.03,7.18,"D"
"1243",12.31618,103.89759,338.19,0.47,0.4,"2026-02-15",635,"N20","nominal","2.0NRT",304.56,5.32,"D"
"1244",12.27268,103.58669,330.65,0.46,0.39,"2026-02-15",635,"N20","nominal","2.0NRT",299.08,3.06,"D"
"1245",12.31923,103.89276,330.19,0.47,0.4,"2026-02-15",635,"N20","low","2.0NRT",302.17,4.48,"D"
"1246",12.21488,103.15247,351.92,0.44,0.38,"2026-02-15",635,"N20","nominal","2.0NRT",303.23,14.85,"D"
"1247",12.21897,103.15604,342.44,0.44,0.38,"2026-02-15",635,"N20","nominal","2.0NRT",302.66,5.28,"D"
"1248",12.2184,103.15203,351.8,0.44,0.38,"2026-02-15",635,"N20","nominal","2.0NRT",306.13,6.84,"D"
"1249",12.21783,103.14807,344.08,0.44,0.38,"2026-02-15",635,"N20","nominal","2.0NRT",300.56,6.84,"D"
"1250",12.66784,106.41472,337.48,0.45,0.47,"2026-02-15",635,"N20","nominal","2.0NRT",302.67,3.35,"D"
"1251",12.3399,103.98747,345.27,0.48,0.4,"2026-02-15",635,"N20","nominal","2.0NRT",302.38,5.67,"D"
"1252",12.22249,103.15559,342.67,0.44,0.38,"2026-02-15",635,"N20","nominal","2.0NRT",304.83,5.28,"D"
"1253",12.22192,103.1516,353.45,0.44,0.38,"2026-02-15",635,"N20","nominal","2.0NRT",300.08,6.84,"D"
"1254",12.84343,107.74828,330.35,0.55,0.51,"2026-02-15",635,"N20","nominal","2.0NRT",293.55,4.71,"D"
"1255",12.37684,104.22575,348.48,0.49,0.4,"2026-02-15",635,"N20","nominal","2.0NRT",302.92,11.39,"D"
"1256",12.22658,103.15912,336.6,0.44,0.38,"2026-02-15",635,"N20","nominal","2.0NRT",302.53,4.03,"D"
"1257",12.22601,103.15511,343.46,0.44,0.38,"2026-02-15",635,"N20","nominal","2.0NRT",302.48,4.03,"D"
"1258",12.30433,103.68124,341.98,0.46,0.39,"2026-02-15",635,"N20","nominal","2.0NRT",303.76,4.28,"D"
"1259",12.2278,103.1426,335.62,0.44,0.38,"2026-02-15",635,"N20","nominal","2.0NRT",301.71,2.32,"D"
"1260",12.73648,106.83998,342.65,0.48,0.48,"2026-02-15",635,"N20","nominal","2.0NRT",297.36,4.63,"D"
"1261",12.66679,106.30762,338.33,0.44,0.46,"2026-02-15",635,"N20","nominal","2.0NRT",303.75,2.78,"D"
"1262",12.66626,106.30361,335,0.44,0.46,"2026-02-15",635,"N20","nominal","2.0NRT",304.87,2.78,"D"
"1263",12.6416,106.1171,333.96,0.43,0.46,"2026-02-15",635,"N20","nominal","2.0NRT",302.94,3.67,"D"
"1264",12.57561,105.62267,346.42,0.4,0.44,"2026-02-15",635,"N20","nominal","2.0NRT",302.11,7.44,"D"
"1265",12.70125,106.53635,337.54,0.45,0.47,"2026-02-15",635,"N20","nominal","2.0NRT",302.47,4.19,"D"
"1266",12.7007,106.53216,340.49,0.45,0.47,"2026-02-15",635,"N20","nominal","2.0NRT",302.71,4.19,"D"
"1267",12.69906,106.51971,335.19,0.45,0.47,"2026-02-15",635,"N20","nominal","2.0NRT",302.23,6.67,"D"
"1268",12.69851,106.51551,352.94,0.45,0.47,"2026-02-15",635,"N20","nominal","2.0NRT",302.35,6.67,"D"
"1269",12.69796,106.51134,342.57,0.45,0.47,"2026-02-15",635,"N20","nominal","2.0NRT",301.42,9.88,"D"
"1270",12.67104,106.30707,333.63,0.44,0.46,"2026-02-15",635,"N20","nominal","2.0NRT",303.57,2.78,"D"
"1271",12.23194,103.12154,346.58,0.44,0.38,"2026-02-15",635,"N20","nominal","2.0NRT",303.03,10.45,"D"
"1272",12.23137,103.11757,343.53,0.44,0.38,"2026-02-15",635,"N20","nominal","2.0NRT",303.59,6.33,"D"
"1273",12.84812,107.63531,341.78,0.54,0.51,"2026-02-15",635,"N20","nominal","2.0NRT",295.88,9.33,"D"
"1274",12.70446,106.52744,343.61,0.45,0.47,"2026-02-15",635,"N20","nominal","2.0NRT",300.12,9.25,"D"
"1275",12.70391,106.52322,349.15,0.45,0.47,"2026-02-15",635,"N20","nominal","2.0NRT",301.89,9.25,"D"
"1276",12.70335,106.51902,350.87,0.45,0.47,"2026-02-15",635,"N20","nominal","2.0NRT",304.91,26.44,"D"
"1277",12.7028,106.51482,353.9,0.45,0.47,"2026-02-15",635,"N20","nominal","2.0NRT",300.03,26.44,"D"
"1278",12.30916,103.63749,338.92,0.46,0.39,"2026-02-15",635,"N20","nominal","2.0NRT",303.17,3.21,"D"
"1279",12.21436,102.97443,334.72,0.43,0.38,"2026-02-15",635,"N20","nominal","2.0NRT",299.74,3.91,"D"
"1280",12.85849,107.67938,340.33,0.54,0.51,"2026-02-15",635,"N20","nominal","2.0NRT",293.57,7.1,"D"
"1281",12.7033,106.48545,337.56,0.45,0.47,"2026-02-15",635,"N20","nominal","2.0NRT",299.92,2.74,"D"
"1282",12.65888,106.15073,343.03,0.43,0.46,"2026-02-15",635,"N20","nominal","2.0NRT",303.52,4.06,"D"
"1283",12.63295,105.95675,332.25,0.42,0.45,"2026-02-15",635,"N20","low","2.0NRT",304.97,2.67,"D"
"1284",12.86258,107.67422,341.5,0.54,0.51,"2026-02-15",635,"N20","nominal","2.0NRT",294.37,8.27,"D"
"1285",12.70815,106.48902,339.82,0.45,0.47,"2026-02-15",635,"N20","nominal","2.0NRT",299.18,10.78,"D"
"1286",12.7076,106.48488,341.13,0.45,0.47,"2026-02-15",635,"N20","nominal","2.0NRT",302.17,9.34,"D"
"1287",12.66887,106.1935,349.71,0.43,0.46,"2026-02-15",635,"N20","nominal","2.0NRT",303.77,3.01,"D"
"1288",12.7296,106.61794,334.23,0.46,0.47,"2026-02-15",635,"N20","nominal","2.0NRT",296.43,4.47,"D"
"1289",12.71245,106.48846,349.44,0.45,0.47,"2026-02-15",635,"N20","nominal","2.0NRT",301.76,10.78,"D"
"1290",12.7119,106.48431,332.55,0.45,0.47,"2026-02-15",635,"N20","nominal","2.0NRT",300.21,9.34,"D"
"1291",12.30145,103.50624,335.77,0.45,0.39,"2026-02-15",635,"N20","nominal","2.0NRT",299.54,3.5,"D"
"1292",12.24769,103.13148,337.81,0.44,0.38,"2026-02-15",635,"N20","nominal","2.0NRT",300.36,1.98,"D"
"1293",12.84397,107.45665,343.6,0.52,0.5,"2026-02-15",635,"N20","nominal","2.0NRT",294.21,29.91,"D"
"1294",12.8235,107.29911,331.37,0.51,0.49,"2026-02-15",635,"N20","nominal","2.0NRT",294.02,2.79,"D"
"1295",12.82289,107.2944,331.47,0.51,0.49,"2026-02-15",635,"N20","nominal","2.0NRT",293.92,3.76,"D"
"1296",12.72226,106.52937,336.49,0.45,0.47,"2026-02-15",635,"N20","nominal","2.0NRT",299.65,2.16,"D"
"1297",12.71896,106.50446,333.24,0.45,0.47,"2026-02-15",635,"N20","nominal","2.0NRT",301.78,4.22,"D"
"1298",12.84857,107.4561,350.35,0.52,0.5,"2026-02-15",635,"N20","nominal","2.0NRT",295.59,29.91,"D"
"1299",12.81635,107.20896,342.54,0.5,0.49,"2026-02-15",635,"N20","nominal","2.0NRT",295.24,6.29,"D"
"1300",12.69327,106.27953,336.39,0.44,0.46,"2026-02-15",635,"N20","nominal","2.0NRT",305.01,2.38,"D"
"1301",12.69273,106.27549,340.68,0.44,0.46,"2026-02-15",635,"N20","nominal","2.0NRT",304.85,2.38,"D"
"1302",12.37963,104.00419,336.66,0.48,0.4,"2026-02-15",635,"N20","nominal","2.0NRT",303.62,1.08,"D"
"1303",12.25296,103.11835,336.04,0.44,0.38,"2026-02-15",635,"N20","nominal","2.0NRT",301.94,4.46,"D"
"1304",12.2352,102.99551,339.53,0.43,0.38,"2026-02-15",635,"N20","nominal","2.0NRT",304.84,2.76,"D"
"1305",12.86709,107.56254,336.56,0.53,0.5,"2026-02-15",635,"N20","nominal","2.0NRT",295.98,12.55,"D"
"1306",12.85318,107.45556,338.52,0.52,0.5,"2026-02-15",635,"N20","nominal","2.0NRT",291.13,11.09,"D"
"1307",12.83385,107.30746,330.51,0.51,0.49,"2026-02-15",635,"N20","nominal","2.0NRT",295.1,8.15,"D"
"1308",12.7078,106.35564,338.04,0.44,0.46,"2026-02-15",635,"N20","nominal","2.0NRT",305.46,2.48,"D"
"1309",12.40262,104.1402,333.65,0.49,0.4,"2026-02-15",635,"N20","nominal","2.0NRT",303.3,4.45,"D"
"1310",12.3833,104.00367,338.6,0.48,0.4,"2026-02-15",635,"N20","nominal","2.0NRT",304.7,2.04,"D"
"1311",12.37958,103.97741,342.87,0.48,0.4,"2026-02-15",635,"N20","nominal","2.0NRT",303.9,6.77,"D"
"1312",12.33012,103.63012,335.39,0.46,0.39,"2026-02-15",635,"N20","nominal","2.0NRT",302.66,2.67,"D"
"1313",12.31336,103.51302,332.84,0.45,0.39,"2026-02-15",635,"N20","nominal","2.0NRT",301.15,2.01,"D"
"1314",12.87303,107.5719,336.97,0.53,0.5,"2026-02-15",635,"N20","nominal","2.0NRT",296.55,8.3,"D"
"1315",12.87047,107.55222,333.35,0.53,0.5,"2026-02-15",635,"N20","nominal","2.0NRT",295.83,8.86,"D"
"1316",12.83841,107.30691,344.11,0.51,0.49,"2026-02-15",635,"N20","nominal","2.0NRT",295.52,8.15,"D"
"1317",12.8175,107.14777,336.15,0.5,0.49,"2026-02-15",635,"N20","nominal","2.0NRT",294.33,3.19,"D"
"1318",12.63775,105.80576,336.13,0.41,0.45,"2026-02-15",635,"N20","nominal","2.0NRT",306.01,3.56,"D"
"1319",12.40631,104.13961,347.1,0.49,0.4,"2026-02-15",635,"N20","nominal","2.0NRT",302.57,4.45,"D"
"1320",12.38262,103.97251,332.42,0.48,0.4,"2026-02-15",635,"N20","low","2.0NRT",303.11,4.36,"D"
"1321",12.89128,107.67574,342.88,0.54,0.51,"2026-02-15",635,"N20","nominal","2.0NRT",296.12,7.89,"D"
"1322",12.87897,107.58127,355.24,0.53,0.5,"2026-02-15",635,"N20","nominal","2.0NRT",295.41,13.76,"D"
"1323",12.76779,106.73857,333.41,0.47,0.48,"2026-02-15",635,"N20","nominal","2.0NRT",297.07,3.23,"D"
"1324",12.41135,104.14854,338.78,0.49,0.4,"2026-02-15",635,"N20","nominal","2.0NRT",303.91,4.05,"D"
"1325",12.37883,103.91969,338.66,0.47,0.4,"2026-02-15",635,"N20","nominal","2.0NRT",305.07,5.05,"D"
"1326",12.34515,103.68382,339.83,0.46,0.39,"2026-02-15",635,"N20","nominal","2.0NRT",302.13,4.11,"D"
"1327",12.88686,107.60548,331.27,0.54,0.51,"2026-02-15",635,"N20","nominal","2.0NRT",296.39,6.5,"D"
"1328",12.88103,107.56092,334.04,0.53,0.5,"2026-02-15",635,"N20","nominal","2.0NRT",295.75,8.04,"D"
"1329",12.72884,106.41511,332.45,0.45,0.47,"2026-02-15",635,"N20","low","2.0NRT",303.35,0.86,"D"
"1330",12.29559,103.31388,339.95,0.44,0.39,"2026-02-15",635,"N20","nominal","2.0NRT",297.43,6.66,"D"
"1331",12.89215,107.60983,335.98,0.54,0.51,"2026-02-15",635,"N20","nominal","2.0NRT",296.35,7.13,"D"
"1332",12.88503,107.55549,352.75,0.53,0.5,"2026-02-15",635,"N20","nominal","2.0NRT",295.45,18.75,"D"
"1333",12.88439,107.55062,340.44,0.53,0.5,"2026-02-15",635,"N20","nominal","2.0NRT",294.41,4.67,"D"
"1334",12.64801,105.78912,343.28,0.41,0.45,"2026-02-15",635,"N20","nominal","2.0NRT",304.07,5.43,"D"
"1335",12.6475,105.78539,348.88,0.41,0.45,"2026-02-15",635,"N20","nominal","2.0NRT",305.19,5.43,"D"
"1336",12.85352,107.28114,355.18,0.51,0.49,"2026-02-15",635,"N20","nominal","2.0NRT",296.3,11.43,"D"
"1337",12.7374,106.41399,332.53,0.45,0.47,"2026-02-15",635,"N20","low","2.0NRT",303.29,1.55,"D"
"1338",12.45971,104.38242,334.44,0.5,0.41,"2026-02-15",635,"N20","nominal","2.0NRT",300.77,2.59,"D"
"1339",12.25616,102.96829,343.99,0.43,0.38,"2026-02-15",635,"N20","nominal","2.0NRT",307.17,19.31,"D"
"1340",12.42468,104.10989,330.53,0.49,0.4,"2026-02-15",635,"N20","nominal","2.0NRT",300.47,5.43,"D"
"1341",12.40522,103.97378,343.33,0.48,0.4,"2026-02-15",635,"N20","nominal","2.0NRT",304.96,2.78,"D"
"1342",12.38773,103.85196,340.56,0.47,0.4,"2026-02-15",635,"N20","nominal","2.0NRT",302.77,6.69,"D"
"1343",12.25965,102.9678,337.87,0.43,0.38,"2026-02-15",635,"N20","low","2.0NRT",309.76,19.31,"D"
"1344",12.25792,102.96856,344.83,0.43,0.38,"2026-02-15",635,"N20","nominal","2.0NRT",312.43,41.45,"D"
"1345",12.38492,103.85368,341.22,0.47,0.4,"2026-02-15",635,"N20","nominal","2.0NRT",303.47,4.83,"D"
"1346",12.28833,103.159,332.9,0.44,0.38,"2026-02-15",635,"N20","low","2.0NRT",303.36,2.77,"D"
"1347",12.87166,107.56959,336.3,0.53,0.5,"2026-02-15",635,"N20","nominal","2.0NRT",296.36,8.04,"D"
"1348",12.76872,106.73975,333.64,0.47,0.48,"2026-02-15",635,"N20","nominal","2.0NRT",296.41,1.25,"D"
"1349",12.71898,106.34666,335.23,0.44,0.46,"2026-02-15",635,"N20","low","2.0NRT",306.58,3.91,"D"
"1350",12.64736,105.78929,337.84,0.41,0.45,"2026-02-15",635,"N20","nominal","2.0NRT",304.28,3.81,"D"
"1351",12.64688,105.78556,334.43,0.41,0.45,"2026-02-15",635,"N20","low","2.0NRT",304.97,3.81,"D"
"1352",12.46109,104.38409,334.32,0.5,0.41,"2026-02-15",635,"N20","nominal","2.0NRT",299.29,2.34,"D"
"1353",12.4234,104.10708,339.77,0.49,0.4,"2026-02-15",635,"N20","nominal","2.0NRT",300.57,5.05,"D"
"1354",12.40533,103.97516,342.25,0.48,0.4,"2026-02-15",635,"N20","nominal","2.0NRT",304.74,2.53,"D"
"1355",12.29184,103.15847,339.6,0.44,0.38,"2026-02-15",635,"N20","nominal","2.0NRT",303.59,5.16,"D"
"1356",12.88911,107.67361,335.58,0.54,0.51,"2026-02-15",635,"N20","nominal","2.0NRT",296.3,3.45,"D"
"1357",12.87813,107.58394,333.45,0.54,0.5,"2026-02-15",635,"N20","nominal","2.0NRT",293.8,8.41,"D"
"1358",12.87752,107.57897,339.88,0.54,0.5,"2026-02-15",635,"N20","nominal","2.0NRT",296.72,8.41,"D"
"1359",12.65097,105.785,348.75,0.41,0.45,"2026-02-15",635,"N20","nominal","2.0NRT",303.16,3.81,"D"
"1360",12.36673,103.66855,330.17,0.46,0.39,"2026-02-15",635,"N20","nominal","2.0NRT",300.07,2.49,"D"
"1361",12.89379,107.67306,337.45,0.54,0.51,"2026-02-15",635,"N20","nominal","2.0NRT",294.31,4.08,"D"
"1362",12.88583,107.60817,330.26,0.54,0.51,"2026-02-15",635,"N20","nominal","2.0NRT",296.53,4.24,"D"
"1363",12.39343,103.83466,335.98,0.47,0.4,"2026-02-15",635,"N20","nominal","2.0NRT",300.22,3.4,"D"
"1364",12.89049,107.6076,342.48,0.54,0.51,"2026-02-15",635,"N20","nominal","2.0NRT",296.15,4.24,"D"
"1365",12.88437,107.55802,330.18,0.53,0.5,"2026-02-15",635,"N20","nominal","2.0NRT",293.39,9.45,"D"
"1366",12.88377,107.55314,351.38,0.53,0.5,"2026-02-15",635,"N20","nominal","2.0NRT",295.27,10.75,"D"
"1367",12.34418,103.45422,336.55,0.45,0.39,"2026-02-15",635,"N20","nominal","2.0NRT",300.76,3.57,"D"
"1368",12.3149,103.24569,332.34,0.44,0.38,"2026-02-15",635,"N20","nominal","2.0NRT",293.9,4.16,"D"
"1369",12.31205,103.22546,345.61,0.44,0.38,"2026-02-15",635,"N20","nominal","2.0NRT",293.52,9.47,"D"
"1370",12.88902,107.55748,343.96,0.53,0.5,"2026-02-15",635,"N20","nominal","2.0NRT",293.45,8.47,"D"
"1371",12.85492,107.28304,338.61,0.51,0.49,"2026-02-15",635,"N20","nominal","2.0NRT",295.79,5.53,"D"
"1372",12.85433,107.27834,340.66,0.51,0.49,"2026-02-15",635,"N20","nominal","2.0NRT",295.5,5.53,"D"
"1373",12.31557,103.22495,338.18,0.44,0.38,"2026-02-15",635,"N20","nominal","2.0NRT",307.63,95.27,"D"
"1374",12.73923,106.33569,340.2,0.44,0.46,"2026-02-15",635,"N20","nominal","2.0NRT",305.1,4.36,"D"
"1375",12.73766,106.32351,346.17,0.44,0.46,"2026-02-15",635,"N20","nominal","2.0NRT",306.01,7.14,"D"
"1376",12.73557,106.3073,332.01,0.44,0.46,"2026-02-15",635,"N20","low","2.0NRT",302.81,2.59,"D"
"1377",12.73505,106.30324,334.12,0.44,0.46,"2026-02-15",635,"N20","nominal","2.0NRT",303.92,2.59,"D"
"1378",12.45177,104.17658,332.31,0.49,0.4,"2026-02-15",635,"N20","low","2.0NRT",303.54,2.75,"D"
"1379",12.43692,104.06867,331.45,0.48,0.4,"2026-02-15",635,"N20","nominal","2.0NRT",300.52,2.82,"D"
"1380",12.29355,103.04404,340.02,0.43,0.38,"2026-02-15",635,"N20","nominal","2.0NRT",307.16,30.3,"D"
"1381",12.91438,107.68587,334.34,0.54,0.51,"2026-02-15",635,"N20","nominal","2.0NRT",295.22,6.64,"D"
"1382",12.90385,107.60096,335.85,0.54,0.51,"2026-02-15",635,"N20","nominal","2.0NRT",295.46,3.65,"D"
"1383",12.73253,106.2504,334.72,0.44,0.46,"2026-02-15",635,"N20","nominal","2.0NRT",304.1,1.27,"D"
"1384",12.44058,104.06799,338.91,0.48,0.4,"2026-02-15",635,"N20","nominal","2.0NRT",300.83,5.33,"D"
"1385",12.92156,107.70542,335.59,0.55,0.51,"2026-02-15",635,"N20","nominal","2.0NRT",294.17,3.92,"D"
"1386",12.92031,107.69537,331.8,0.55,0.51,"2026-02-15",635,"N20","nominal","2.0NRT",293.98,5.05,"D"
"1387",12.57605,105.00415,336,0.55,0.42,"2026-02-15",635,"N20","nominal","2.0NRT",300.07,4.35,"D"
"1388",12.33368,103.25117,354.5,0.44,0.38,"2026-02-15",635,"N20","nominal","2.0NRT",301.12,16.71,"D"
"1389",12.77758,106.46397,334.23,0.45,0.47,"2026-02-15",635,"N20","nominal","2.0NRT",302.13,3.02,"D"
"1390",12.7526,106.27215,335.54,0.44,0.46,"2026-02-15",635,"N20","low","2.0NRT",306.24,5.5,"D"
"1391",12.7272,106.07815,355.4,0.42,0.46,"2026-02-15",635,"N20","nominal","2.0NRT",307,20.69,"D"
"1392",12.72669,106.07424,336.15,0.42,0.46,"2026-02-15",635,"N20","nominal","2.0NRT",301.79,4.11,"D"
"1393",12.72311,106.04698,336.48,0.42,0.45,"2026-02-15",635,"N20","nominal","2.0NRT",302.46,2.25,"D"
"1394",12.47466,104.20547,336.64,0.49,0.4,"2026-02-15",635,"N20","nominal","2.0NRT",302.75,10.05,"D"
"1395",12.42853,103.87359,347.4,0.47,0.4,"2026-02-15",635,"N20","nominal","2.0NRT",303.72,12.3,"D"
"1396",12.85846,107.05695,330.76,0.49,0.49,"2026-02-15",635,"N20","nominal","2.0NRT",295.2,3.63,"D"
"1397",12.75684,106.27156,344.41,0.44,0.46,"2026-02-15",635,"N20","nominal","2.0NRT",306.54,5.5,"D"
"1398",12.72728,106.04644,337.55,0.42,0.45,"2026-02-15",635,"N20","nominal","2.0NRT",301.53,2.25,"D"
"1399",12.43219,103.87321,347.63,0.47,0.4,"2026-02-15",635,"N20","nominal","2.0NRT",305.72,12.3,"D"
"1400",12.90094,107.35397,353.61,0.52,0.5,"2026-02-15",635,"N20","nominal","2.0NRT",296.75,19.69,"D"
"1401",12.35305,103.26067,336.29,0.44,0.39,"2026-02-15",635,"N20","nominal","2.0NRT",300.38,1.81,"D"
"1402",12.37282,103.37415,336.12,0.45,0.39,"2026-02-15",635,"N20","nominal","2.0NRT",301.23,3.37,"D"
"1403",12.3244,103.03516,338.37,0.43,0.38,"2026-02-15",635,"N20","nominal","2.0NRT",303.6,5.54,"D"
"1404",12.92045,107.36115,351.51,0.52,0.5,"2026-02-15",635,"N20","nominal","2.0NRT",296.69,9,"D"
"1405",12.91984,107.35638,341.73,0.52,0.5,"2026-02-15",635,"N20","nominal","2.0NRT",296.41,9,"D"
"1406",12.7492,106.05139,344.95,0.42,0.45,"2026-02-15",635,"N20","nominal","2.0NRT",303.03,4.1,"D"
"1407",12.92381,107.35104,341.06,0.52,0.5,"2026-02-15",635,"N20","nominal","2.0NRT",296.32,6.64,"D"
"1408",12.34293,103.08952,338.8,0.44,0.38,"2026-02-15",635,"N20","nominal","2.0NRT",302.38,6.9,"D"
"1409",12.33717,103.04949,337.3,0.43,0.38,"2026-02-15",635,"N20","nominal","2.0NRT",303.84,2.94,"D"
"1410",12.78758,106.27552,342.5,0.44,0.46,"2026-02-15",635,"N20","nominal","2.0NRT",302.91,8.26,"D"
"1411",12.78704,106.2715,338,0.44,0.46,"2026-02-15",635,"N20","nominal","2.0NRT",304.48,8.26,"D"
"1412",12.41609,103.57593,330.69,0.46,0.39,"2026-02-15",635,"N20","low","2.0NRT",302.53,1.16,"D"
"1413",12.81342,106.40457,367,0.45,0.47,"2026-02-15",635,"N20","high","2.0NRT",304.24,9.37,"D"
"1414",12.71827,105.69605,338.88,0.4,0.44,"2026-02-15",635,"N20","nominal","2.0NRT",304.81,3.92,"D"
"1415",12.954,107.44029,367,0.52,0.5,"2026-02-15",635,"N20","high","2.0NRT",295.98,10.5,"D"
"1416",12.95527,107.45008,333.85,0.53,0.5,"2026-02-15",635,"N20","nominal","2.0NRT",296.96,9.51,"D"
"1417",12.95464,107.44519,351.64,0.52,0.5,"2026-02-15",635,"N20","nominal","2.0NRT",296.41,10.5,"D"
"1418",12.76331,105.99824,338.04,0.42,0.45,"2026-02-15",635,"N20","nominal","2.0NRT",304.28,4.85,"D"
"1419",12.74933,105.89465,337.1,0.41,0.45,"2026-02-15",635,"N20","nominal","2.0NRT",302.34,5.25,"D"
"1420",12.74881,105.89082,342.96,0.41,0.45,"2026-02-15",635,"N20","nominal","2.0NRT",303.43,5.72,"D"
"1421",12.73653,105.80006,346.65,0.41,0.45,"2026-02-15",635,"N20","nominal","2.0NRT",305.69,11.99,"D"
"1422",12.95861,107.43972,346.09,0.52,0.5,"2026-02-15",635,"N20","nominal","2.0NRT",293.45,26.94,"D"
"1423",12.95797,107.43484,330.73,0.52,0.5,"2026-02-15",635,"N20","nominal","2.0NRT",297.17,24.19,"D"
"1424",12.78797,106.1498,332.33,0.43,0.46,"2026-02-15",635,"N20","low","2.0NRT",303.22,3.12,"D"
"1425",12.75916,105.93614,336.34,0.42,0.45,"2026-02-15",635,"N20","nominal","2.0NRT",303.75,4.66,"D"
"1426",12.71004,105.57465,342.53,0.39,0.44,"2026-02-15",635,"N20","nominal","2.0NRT",301.76,4.26,"D"
"1427",12.82568,106.39854,346.43,0.45,0.47,"2026-02-15",635,"N20","nominal","2.0NRT",304.5,11.57,"D"
"1428",12.82513,106.39442,348.76,0.45,0.47,"2026-02-15",635,"N20","nominal","2.0NRT",305.88,7.24,"D"
"1429",12.82457,106.3903,337.97,0.45,0.47,"2026-02-15",635,"N20","nominal","2.0NRT",303.47,7.24,"D"
"1430",12.82885,106.38968,367,0.45,0.47,"2026-02-15",635,"N20","high","2.0NRT",303.75,9.48,"D"
"1431",12.88599,106.81756,331.78,0.48,0.48,"2026-02-15",635,"N20","nominal","2.0NRT",296.61,4.8,"D"
"1432",12.88483,106.80882,333.8,0.48,0.48,"2026-02-15",635,"N20","nominal","2.0NRT",296.21,3.5,"D"
"1433",12.8294,106.39379,356.83,0.45,0.47,"2026-02-15",635,"N20","nominal","2.0NRT",305.12,9.48,"D"
"1434",12.7779,106.01204,344.53,0.42,0.45,"2026-02-15",635,"N20","nominal","2.0NRT",305.7,3.8,"D"
"1435",12.83368,106.39327,340.57,0.45,0.47,"2026-02-15",635,"N20","nominal","2.0NRT",302.68,9.48,"D"
"1436",12.82328,106.31606,332.06,0.44,0.46,"2026-02-15",635,"N20","low","2.0NRT",304.39,4.48,"D"
"1437",12.81135,106.22762,343.08,0.43,0.46,"2026-02-15",635,"N20","nominal","2.0NRT",304.18,2.33,"D"
"1438",12.79261,106.08922,336.55,0.43,0.46,"2026-02-15",635,"N20","nominal","2.0NRT",306.45,3.1,"D"
"1439",12.72567,105.59838,335.89,0.4,0.44,"2026-02-15",635,"N20","nominal","2.0NRT",300.95,3.63,"D"
"1440",12.98534,107.50074,332.28,0.53,0.5,"2026-02-15",635,"N20","nominal","2.0NRT",292.79,4.38,"D"
"1441",12.95134,107.24233,333.02,0.51,0.49,"2026-02-15",635,"N20","nominal","2.0NRT",296.64,7.84,"D"
"1442",12.43029,103.47099,330.77,0.45,0.39,"2026-02-15",635,"N20","nominal","2.0NRT",300.49,1.95,"D"
"1443",12.41308,103.35166,331.12,0.45,0.39,"2026-02-15",635,"N20","nominal","2.0NRT",299.51,3.03,"D"
"1444",12.41722,103.35523,349.73,0.45,0.39,"2026-02-15",635,"N20","nominal","2.0NRT",301.76,3.03,"D"
"1445",12.41663,103.35114,332.63,0.45,0.39,"2026-02-15",635,"N20","nominal","2.0NRT",301.27,3.03,"D"
"1446",12.41604,103.34705,349.33,0.45,0.39,"2026-02-15",635,"N20","nominal","2.0NRT",301.38,6.39,"D"
"1447",12.39899,103.22919,340.16,0.44,0.38,"2026-02-15",635,"N20","nominal","2.0NRT",300.01,3.65,"D"
"1448",12.38554,103.13644,335.86,0.44,0.38,"2026-02-15",635,"N20","nominal","2.0NRT",303.09,4.79,"D"
"1449",12.42018,103.35061,338.03,0.45,0.39,"2026-02-15",635,"N20","nominal","2.0NRT",301.16,4.27,"D"
"1450",12.53562,104.1282,336.65,0.49,0.4,"2026-02-15",635,"N20","nominal","2.0NRT",302.32,2.54,"D"
"1451",12.42373,103.35009,345.92,0.45,0.39,"2026-02-15",635,"N20","nominal","2.0NRT",300.47,4.27,"D"
"1452",12.41976,103.35111,338.43,0.45,0.39,"2026-02-15",635,"N20","nominal","2.0NRT",300.25,4.38,"D"
"1453",12.42331,103.35059,344.62,0.45,0.39,"2026-02-15",635,"N20","nominal","2.0NRT",299.9,4.38,"D"
"1454",12.88481,106.80959,332.36,0.48,0.48,"2026-02-15",635,"N20","nominal","2.0NRT",295.95,3.11,"D"
"1455",12.83239,106.39367,343.35,0.45,0.47,"2026-02-15",635,"N20","nominal","2.0NRT",303.13,7.7,"D"
"1456",12.82257,106.31633,331.15,0.44,0.46,"2026-02-15",635,"N20","low","2.0NRT",304.56,2.44,"D"
"1457",12.81128,106.22769,343.43,0.44,0.46,"2026-02-15",635,"N20","nominal","2.0NRT",303.86,3.05,"D"
"1458",12.79354,106.08899,336.52,0.43,0.46,"2026-02-15",635,"N20","low","2.0NRT",306.86,4.08,"D"
"1459",12.48693,103.78296,338.98,0.47,0.4,"2026-02-15",635,"N20","nominal","2.0NRT",302.83,5.21,"D"
"1460",12.94804,107.24409,332.77,0.51,0.49,"2026-02-15",635,"N20","nominal","2.0NRT",295.54,4.83,"D"
"1461",12.74194,105.62521,332.68,0.4,0.44,"2026-02-15",635,"N20","low","2.0NRT",303.28,3.33,"D"
"1462",12.95258,107.24353,334.08,0.51,0.49,"2026-02-15",635,"N20","nominal","2.0NRT",295.99,4.83,"D"
"1463",12.82603,106.24198,335.82,0.44,0.46,"2026-02-15",635,"N20","nominal","2.0NRT",304.39,4.56,"D"
"1464",12.82038,106.19804,344.75,0.43,0.46,"2026-02-15",635,"N20","nominal","2.0NRT",304.13,4.11,"D"
"1465",12.81679,106.17015,336.62,0.43,0.46,"2026-02-15",635,"N20","nominal","2.0NRT",303.39,2.53,"D"
"1466",12.80108,106.04823,336.01,0.42,0.45,"2026-02-15",635,"N20","nominal","2.0NRT",305.28,3.7,"D"
"1467",12.74601,105.62466,341.38,0.4,0.44,"2026-02-15",635,"N20","nominal","2.0NRT",303.39,3.33,"D"
"1468",12.72556,105.4688,354.8,0.39,0.44,"2026-02-15",635,"N20","nominal","2.0NRT",301.98,11.54,"D"
"1469",12.80526,106.04766,341.04,0.42,0.45,"2026-02-15",635,"N20","nominal","2.0NRT",305.8,4.64,"D"
"1470",12.77437,105.80997,331.33,0.41,0.45,"2026-02-15",635,"N20","low","2.0NRT",303.12,1.79,"D"
"1471",12.73052,105.47538,350.58,0.39,0.44,"2026-02-15",635,"N20","nominal","2.0NRT",299.77,5.81,"D"
"1472",12.99854,107.50086,342.79,0.53,0.5,"2026-02-15",635,"N20","nominal","2.0NRT",293.8,7.63,"D"
"1473",12.82021,106.09731,337.8,0.43,0.46,"2026-02-15",635,"N20","nominal","2.0NRT",305.12,8.89,"D"
"1474",12.82492,106.10069,344.04,0.43,0.46,"2026-02-15",635,"N20","nominal","2.0NRT",304.95,8.89,"D"
"1475",12.82441,106.09673,355.33,0.43,0.46,"2026-02-15",635,"N20","nominal","2.0NRT",305.75,8.89,"D"
"1476",12.4385,103.25284,344.95,0.44,0.39,"2026-02-15",635,"N20","nominal","2.0NRT",305.29,32.75,"D"
"1477",12.88976,106.56848,342.4,0.46,0.47,"2026-02-15",635,"N20","nominal","2.0NRT",302.09,3.37,"D"
"1478",12.74683,105.44405,332.38,0.39,0.44,"2026-02-15",635,"N20","nominal","2.0NRT",301.22,2.19,"D"
"1479",12.56775,104.12479,338.65,0.49,0.4,"2026-02-15",635,"N20","nominal","2.0NRT",303.84,3.16,"D"
"1480",12.81308,105.91294,351.01,0.42,0.45,"2026-02-15",635,"N20","nominal","2.0NRT",301.57,9.55,"D"
"1481",12.81258,105.90913,344.33,0.42,0.45,"2026-02-15",635,"N20","nominal","2.0NRT",305.43,9.55,"D"
"1482",12.79805,105.79903,338.27,0.41,0.45,"2026-02-15",635,"N20","nominal","2.0NRT",302.32,3.33,"D"
"1483",12.46818,103.38605,340.91,0.45,0.39,"2026-02-15",635,"N20","nominal","2.0NRT",300.68,4.71,"D"
"1484",12.44624,103.23109,330.07,0.44,0.39,"2026-02-15",635,"N20","low","2.0NRT",300.8,1.48,"D"
"1485",12.8636,106.26558,336.54,0.44,0.46,"2026-02-15",635,"N20","nominal","2.0NRT",301.6,1.98,"D"
"1486",12.80366,105.80973,345.92,0.41,0.45,"2026-02-15",635,"N20","nominal","2.0NRT",302.25,5.07,"D"
"1487",12.90931,106.58318,333.83,0.46,0.47,"2026-02-15",635,"N20","low","2.0NRT",304.11,2.55,"D"
"1488",12.80677,105.80164,353.01,0.41,0.45,"2026-02-15",635,"N20","nominal","2.0NRT",304.57,12.53,"D"
"1489",13.05537,107.69033,330.08,0.55,0.51,"2026-02-15",635,"N20","nominal","2.0NRT",295.37,4.66,"D"
"1490",12.81138,105.80482,345.89,0.41,0.45,"2026-02-15",635,"N20","nominal","2.0NRT",302.5,12.53,"D"
"1491",12.81088,105.80106,351.92,0.41,0.45,"2026-02-15",635,"N20","nominal","2.0NRT",302.55,12.53,"D"
"1492",12.81038,105.79732,344.04,0.41,0.45,"2026-02-15",635,"N20","nominal","2.0NRT",303.1,15.03,"D"
"1493",12.78175,105.58257,354.44,0.4,0.44,"2026-02-15",635,"N20","nominal","2.0NRT",304.34,4.02,"D"
"1494",12.78126,105.57896,330.71,0.4,0.44,"2026-02-15",635,"N20","low","2.0NRT",304.68,4.02,"D"
"1495",12.5609,103.96738,339.49,0.48,0.4,"2026-02-15",635,"N20","nominal","2.0NRT",303.63,3.61,"D"
"1496",12.48526,103.42976,335.76,0.45,0.39,"2026-02-15",635,"N20","nominal","2.0NRT",299.42,7.4,"D"
"1497",12.44239,103.12827,346.92,0.44,0.38,"2026-02-15",635,"N20","nominal","2.0NRT",299.44,9.88,"D"
"1498",13.05427,107.64389,350.2,0.54,0.51,"2026-02-15",635,"N20","nominal","2.0NRT",295.99,10.36,"D"
"1499",13.05365,107.63897,336.65,0.54,0.51,"2026-02-15",635,"N20","nominal","2.0NRT",291.46,10.36,"D"
"1500",13.04112,107.53992,346,0.53,0.5,"2026-02-15",635,"N20","nominal","2.0NRT",295.7,9.45,"D"
"1501",12.87,106.21577,337.63,0.43,0.46,"2026-02-15",635,"N20","nominal","2.0NRT",304.21,3.16,"D"
"1502",12.78628,105.58562,343.03,0.4,0.44,"2026-02-15",635,"N20","nominal","2.0NRT",303.9,6.56,"D"
"1503",12.7858,105.58199,355.37,0.4,0.44,"2026-02-15",635,"N20","nominal","2.0NRT",306.94,10.91,"D"
"1504",12.58625,104.12215,344.27,0.49,0.4,"2026-02-15",635,"N20","nominal","2.0NRT",304.26,5.37,"D"
"1505",12.58563,104.11768,352.45,0.49,0.4,"2026-02-15",635,"N20","nominal","2.0NRT",306.57,18.92,"D"
"1506",13.05834,107.63851,367,0.54,0.51,"2026-02-15",635,"N20","high","2.0NRT",295.43,10.36,"D"
"1507",13.1103,108.05111,332.92,0.58,0.52,"2026-02-15",635,"N20","nominal","2.0NRT",295.66,5.79,"D"
"1508",13.05898,107.64352,340.71,0.54,0.51,"2026-02-15",635,"N20","nominal","2.0NRT",295.43,10.36,"D"
"1509",13.00832,107.24598,335.48,0.51,0.49,"2026-02-15",635,"N20","nominal","2.0NRT",295.1,6.49,"D"
"1510",12.99513,107.14325,352.77,0.5,0.49,"2026-02-15",635,"N20","nominal","2.0NRT",299.04,19.07,"D"
"1511",12.87055,106.18728,344.94,0.43,0.46,"2026-02-15",635,"N20","nominal","2.0NRT",303.87,6.26,"D"
"1512",12.87002,106.18329,352.83,0.43,0.46,"2026-02-15",635,"N20","nominal","2.0NRT",308.29,27.05,"D"
"1513",12.58995,104.12164,332.82,0.49,0.4,"2026-02-15",635,"N20","low","2.0NRT",302.83,5.37,"D"
"1514",12.80077,105.63197,331.86,0.4,0.44,"2026-02-15",635,"N20","nominal","2.0NRT",300.71,2.61,"D"
"1515",12.8324,105.83663,334.66,0.41,0.45,"2026-02-15",635,"N20","nominal","2.0NRT",301.12,4.03,"D"
"1516",12.83189,105.83285,338.2,0.41,0.45,"2026-02-15",635,"N20","nominal","2.0NRT",301.92,2.77,"D"
"1517",13.07819,107.68237,332.84,0.55,0.51,"2026-02-15",635,"N20","nominal","2.0NRT",294.41,11.65,"D"
"1518",12.92155,106.47498,331.98,0.45,0.47,"2026-02-15",635,"N20","nominal","2.0NRT",301.81,2.2,"D"
"1519",12.83652,105.83608,346.6,0.41,0.45,"2026-02-15",635,"N20","nominal","2.0NRT",301.59,5.31,"D"
"1520",12.78733,105.4713,334.65,0.39,0.44,"2026-02-15",635,"N20","low","2.0NRT",308.75,35.1,"D"
"1521",12.78782,105.47491,307.96,0.39,0.44,"2026-02-15",635,"N20","low","2.0NRT",322.42,74.94,"D"
"1522",12.99416,106.99467,336.18,0.49,0.49,"2026-02-15",635,"N20","nominal","2.0NRT",300.08,3.88,"D"
"1523",12.84576,105.87357,355.13,0.41,0.45,"2026-02-15",635,"N20","nominal","2.0NRT",306.07,22.99,"D"
"1524",12.84525,105.86977,340.82,0.41,0.45,"2026-02-15",635,"N20","nominal","2.0NRT",301.3,5.53,"D"
"1525",12.84116,105.83933,347.64,0.41,0.45,"2026-02-15",635,"N20","nominal","2.0NRT",301.78,5.31,"D"
"1526",12.82293,105.70406,332.18,0.4,0.44,"2026-02-15",635,"N20","low","2.0NRT",304.76,4.7,"D"
"1527",12.80166,105.54676,332.43,0.39,0.44,"2026-02-15",635,"N20","nominal","2.0NRT",299.89,2.28,"D"
"1528",12.79282,105.48159,330.4,0.39,0.44,"2026-02-15",635,"N20","low","2.0NRT",303.35,9,"D"
"1529",12.79233,105.47798,340.59,0.39,0.44,"2026-02-15",635,"N20","nominal","2.0NRT",308.02,74.94,"D"
"1530",12.79185,105.47437,343,0.39,0.44,"2026-02-15",635,"N20","nominal","2.0NRT",306.86,74.94,"D"
"1531",12.46582,103.1415,335.25,0.44,0.38,"2026-02-15",635,"N20","nominal","2.0NRT",302.81,2.1,"D"
"1532",12.85041,105.87683,337.71,0.41,0.45,"2026-02-15",635,"N20","nominal","2.0NRT",304.6,4.91,"D"
"1533",12.8499,105.87301,342.95,0.41,0.45,"2026-02-15",635,"N20","nominal","2.0NRT",301.24,4.91,"D"
"1534",12.84631,105.8464,339.43,0.41,0.45,"2026-02-15",635,"N20","nominal","2.0NRT",301.15,2.49,"D"
"1535",12.8458,105.8426,338.12,0.41,0.45,"2026-02-15",635,"N20","nominal","2.0NRT",300.67,2.49,"D"
"1536",13.01861,107.11208,342.42,0.5,0.49,"2026-02-15",635,"N20","nominal","2.0NRT",297.08,6.18,"D"
"1537",12.94113,106.52344,345.95,0.46,0.47,"2026-02-15",635,"N20","nominal","2.0NRT",302.77,5.61,"D"
"1538",12.83667,105.744,341.62,0.41,0.45,"2026-02-15",635,"N20","nominal","2.0NRT",300.03,3.46,"D"
"1539",12.8226,105.64023,342.6,0.4,0.44,"2026-02-15",635,"N20","nominal","2.0NRT",302.78,4.3,"D"
"1540",12.47634,103.1647,336.31,0.44,0.38,"2026-02-15",635,"N20","nominal","2.0NRT",300.43,4.15,"D"
"1541",12.9017,106.1952,332.79,0.43,0.46,"2026-02-15",635,"N20","low","2.0NRT",304.3,1.62,"D"
"1542",13.02702,107.10633,337.04,0.5,0.49,"2026-02-15",635,"N20","nominal","2.0NRT",296.12,6.27,"D"
"1543",13.02641,107.10172,334.68,0.5,0.49,"2026-02-15",635,"N20","nominal","2.0NRT",296.24,14.39,"D"
"1544",13.00965,106.97426,340.22,0.49,0.49,"2026-02-15",635,"N20","nominal","2.0NRT",298.73,5.41,"D"
"1545",12.93257,106.39341,345.57,0.45,0.47,"2026-02-15",635,"N20","nominal","2.0NRT",305.23,6.41,"D"
"1546",12.93202,106.38926,351.33,0.45,0.47,"2026-02-15",635,"N20","nominal","2.0NRT",306.01,11.88,"D"
"1547",12.93147,106.38514,355.24,0.45,0.47,"2026-02-15",635,"N20","nominal","2.0NRT",306.33,11.88,"D"
"1548",12.88733,106.0565,342.36,0.42,0.46,"2026-02-15",635,"N20","nominal","2.0NRT",304.78,3.39,"D"
"1549",12.49963,103.2765,343.35,0.44,0.39,"2026-02-15",635,"N20","nominal","2.0NRT",295.9,10.2,"D"
"1550",12.93686,106.39285,354.05,0.45,0.47,"2026-02-15",635,"N20","nominal","2.0NRT",305,17.27,"D"
"1551",12.93631,106.38872,354.84,0.45,0.47,"2026-02-15",635,"N20","nominal","2.0NRT",308.24,20.05,"D"
"1552",12.93575,106.3846,343.54,0.45,0.47,"2026-02-15",635,"N20","nominal","2.0NRT",303.38,20.05,"D"
"1553",12.91989,106.26646,332.67,0.44,0.46,"2026-02-15",635,"N20","low","2.0NRT",304.16,2.11,"D"
"1554",12.90587,106.16226,331.61,0.43,0.46,"2026-02-15",635,"N20","low","2.0NRT",302.91,2.42,"D"
"1555",13.07506,107.40232,342.64,0.52,0.5,"2026-02-15",635,"N20","nominal","2.0NRT",296.15,9.61,"D"
"1556",12.96912,106.6011,340.35,0.46,0.47,"2026-02-15",635,"N20","nominal","2.0NRT",300.12,3.24,"D"
"1557",12.90848,106.1498,333.23,0.43,0.46,"2026-02-15",635,"N20","nominal","2.0NRT",301.91,2.2,"D"
"1558",12.90794,106.14583,337.09,0.43,0.46,"2026-02-15",635,"N20","nominal","2.0NRT",302.31,2.17,"D"
"1559",12.786,105.25329,333.25,0.57,0.43,"2026-02-15",635,"N20","nominal","2.0NRT",301.35,2.46,"D"
"1560",13.01885,106.94092,336.87,0.49,0.48,"2026-02-15",635,"N20","nominal","2.0NRT",299.34,6.62,"D"
"1561",12.96161,106.51212,342.64,0.46,0.47,"2026-02-15",635,"N20","nominal","2.0NRT",304.49,3.51,"D"
"1562",12.89778,106.03922,337.85,0.42,0.45,"2026-02-15",635,"N20","nominal","2.0NRT",302.98,3.19,"D"
"1563",12.51151,103.28358,332.74,0.44,0.39,"2026-02-15",635,"N20","nominal","2.0NRT",299.42,2.9,"D"
"1564",13.11127,107.6071,330.09,0.54,0.51,"2026-02-15",635,"N20","nominal","2.0NRT",296.83,5.03,"D"
"1565",13.08553,107.41084,335.83,0.52,0.5,"2026-02-15",635,"N20","nominal","2.0NRT",295.3,3.8,"D"
"1566",12.96594,106.51155,338.92,0.46,0.47,"2026-02-15",635,"N20","nominal","2.0NRT",302.87,3.51,"D"
"1567",12.90567,106.06598,335.61,0.43,0.46,"2026-02-15",635,"N20","nominal","2.0NRT",304.67,4.08,"D"
"1568",12.78457,105.25134,333.41,0.57,0.43,"2026-02-15",635,"N20","nominal","2.0NRT",301.08,4,"D"
"1569",13.02823,107.09871,346.77,0.5,0.49,"2026-02-15",635,"N20","nominal","2.0NRT",296.31,11.13,"D"
"1570",12.90856,106.14636,338.39,0.43,0.46,"2026-02-15",635,"N20","nominal","2.0NRT",302.62,2.98,"D"
"1571",12.97072,106.6021,348.85,0.46,0.47,"2026-02-15",635,"N20","nominal","2.0NRT",300.76,3.98,"D"
"1572",12.89915,106.03951,334.84,0.42,0.46,"2026-02-15",635,"N20","nominal","2.0NRT",302.62,2.36,"D"
"1573",13.07462,107.3998,333.32,0.52,0.5,"2026-02-15",635,"N20","nominal","2.0NRT",297.23,9.63,"D"
"1574",13.01794,106.94273,337.16,0.49,0.48,"2026-02-15",635,"N20","nominal","2.0NRT",299.6,4.55,"D"
"1575",12.96385,106.51289,346.67,0.46,0.47,"2026-02-15",635,"N20","nominal","2.0NRT",304.33,3.45,"D"
"1576",12.96332,106.50869,332.95,0.46,0.47,"2026-02-15",635,"N20","low","2.0NRT",304.1,3.45,"D"
"1577",12.90686,106.06632,336.79,0.43,0.46,"2026-02-15",635,"N20","nominal","2.0NRT",305.2,2.37,"D"
"1578",12.90635,106.06239,332.28,0.43,0.46,"2026-02-15",635,"N20","low","2.0NRT",304.2,2.37,"D"
"1579",12.87158,105.79305,340.67,0.41,0.45,"2026-02-15",635,"N20","nominal","2.0NRT",302.89,4.42,"D"
"1580",12.85457,105.66216,342.69,0.4,0.44,"2026-02-15",635,"N20","nominal","2.0NRT",300.73,4.42,"D"
"1581",12.85409,105.65845,332.86,0.4,0.44,"2026-02-15",635,"N20","nominal","2.0NRT",300.49,4.42,"D"
"1582",12.47134,102.84581,334.3,0.43,0.38,"2026-02-15",635,"N20","nominal","2.0NRT",295.05,6.4,"D"
"1583",13.02467,106.96031,330.27,0.49,0.48,"2026-02-15",635,"N20","nominal","2.0NRT",297.73,2.22,"D"
"1584",12.94705,106.34648,336.44,0.44,0.46,"2026-02-15",635,"N20","nominal","2.0NRT",302.96,2.62,"D"
"1585",12.94653,106.34238,334.44,0.44,0.46,"2026-02-15",635,"N20","nominal","2.0NRT",303.66,2.62,"D"
"1586",12.94601,106.33826,355.42,0.44,0.46,"2026-02-15",635,"N20","nominal","2.0NRT",308.04,14.67,"D"
"1587",12.91054,106.06185,333.03,0.43,0.46,"2026-02-15",635,"N20","nominal","2.0NRT",301.84,2.37,"D"
"1588",12.57403,103.55052,335.74,0.46,0.39,"2026-02-15",635,"N20","nominal","2.0NRT",304.79,2.99,"D"
"1589",12.95133,106.34595,367,0.44,0.46,"2026-02-15",635,"N20","high","2.0NRT",305.91,9.01,"D"
"1590",13.08563,107.41319,331.42,0.52,0.5,"2026-02-15",635,"N20","nominal","2.0NRT",293.84,3.67,"D"
"1591",12.95081,106.34183,354.76,0.44,0.46,"2026-02-15",635,"N20","nominal","2.0NRT",307.6,9.01,"D"
"1592",12.95028,106.33772,355.35,0.44,0.46,"2026-02-15",635,"N20","nominal","2.0NRT",310.16,12.32,"D"
"1593",12.94976,106.33362,336.72,0.44,0.46,"2026-02-15",635,"N20","nominal","2.0NRT",305.23,12.32,"D"
"1594",12.87342,105.74296,332.78,0.41,0.45,"2026-02-15",635,"N20","nominal","2.0NRT",300.55,7.48,"D"
"1595",12.87294,105.7392,351.15,0.41,0.45,"2026-02-15",635,"N20","nominal","2.0NRT",305.31,7.48,"D"
"1596",12.58114,103.57524,344.88,0.46,0.39,"2026-02-15",635,"N20","nominal","2.0NRT",305.76,3.97,"D"
"1597",13.09023,107.41258,336.05,0.52,0.5,"2026-02-15",635,"N20","nominal","2.0NRT",295.8,3.67,"D"
"1598",12.8988,105.90561,342.16,0.42,0.45,"2026-02-15",635,"N20","nominal","2.0NRT",301.7,3.51,"D"
"1599",12.8983,105.90173,342.26,0.42,0.45,"2026-02-15",635,"N20","nominal","2.0NRT",302.59,5.89,"D"
"1600",12.86873,105.6752,338.22,0.4,0.44,"2026-02-15",635,"N20","nominal","2.0NRT",301.37,2.75,"D"
"1601",12.83389,105.41021,335.38,0.39,0.44,"2026-02-15",635,"N20","nominal","2.0NRT",300.27,1.88,"D"
"1602",12.54693,103.30476,330.11,0.45,0.39,"2026-02-15",635,"N20","low","2.0NRT",300.74,2.41,"D"
"1603",13.10572,107.49961,331.73,0.53,0.5,"2026-02-15",635,"N20","nominal","2.0NRT",297.77,10.27,"D"
"1604",12.90295,105.90502,342.32,0.42,0.45,"2026-02-15",635,"N20","nominal","2.0NRT",301.48,6.6,"D"
"1605",12.90244,105.90116,339.34,0.42,0.45,"2026-02-15",635,"N20","nominal","2.0NRT",301.38,4.95,"D"
"1606",12.90194,105.89732,339.56,0.42,0.45,"2026-02-15",635,"N20","nominal","2.0NRT",301.48,4.95,"D"
"1607",12.83836,105.41319,337.07,0.39,0.44,"2026-02-15",635,"N20","nominal","2.0NRT",298.52,3.62,"D"
"1608",12.8379,105.40965,336.16,0.39,0.44,"2026-02-15",635,"N20","nominal","2.0NRT",300.97,3.62,"D"
"1609",13.11586,107.5434,335.01,0.54,0.51,"2026-02-15",635,"N20","nominal","2.0NRT",296.78,7.18,"D"
"1610",12.9091,105.91983,342.12,0.42,0.45,"2026-02-15",635,"N20","nominal","2.0NRT",298.77,5.56,"D"
"1611",12.90709,105.90445,345.44,0.42,0.45,"2026-02-15",635,"N20","nominal","2.0NRT",303.35,6.6,"D"
"1612",12.8189,105.23598,343.45,0.57,0.43,"2026-02-15",635,"N20","nominal","2.0NRT",302.19,6.62,"D"
"1613",13.12052,107.54284,331.14,0.54,0.51,"2026-02-15",635,"N20","nominal","2.0NRT",297.07,5.04,"D"
"1614",13.10927,107.41514,335.13,0.53,0.5,"2026-02-15",635,"N20","nominal","2.0NRT",293.08,2.53,"D"
"1615",12.96426,106.27795,337.17,0.44,0.46,"2026-02-15",635,"N20","nominal","2.0NRT",304.99,2.86,"D"
"1616",12.49512,102.83848,340.2,0.43,0.38,"2026-02-15",635,"N20","nominal","2.0NRT",296.98,3.54,"D"
"1617",12.89852,105.74331,338.5,0.41,0.45,"2026-02-15",635,"N20","nominal","2.0NRT",299.28,2.69,"D"
"1618",12.89803,105.73956,332.31,0.41,0.45,"2026-02-15",635,"N20","nominal","2.0NRT",301.95,3.08,"D"
"1619",13.00003,106.45283,347.71,0.45,0.47,"2026-02-15",635,"N20","nominal","2.0NRT",304.31,8.18,"D"
"1620",12.99949,106.44867,344.89,0.45,0.47,"2026-02-15",635,"N20","nominal","2.0NRT",304.61,5.45,"D"
"1621",13.07103,106.96816,348.09,0.49,0.49,"2026-02-15",635,"N20","nominal","2.0NRT",300.78,16.03,"D"
"1622",13.05201,106.82023,331.85,0.48,0.48,"2026-02-15",635,"N20","nominal","2.0NRT",300.72,6.96,"D"
"1623",13.05143,106.81574,343.62,0.48,0.48,"2026-02-15",635,"N20","nominal","2.0NRT",302.83,9.38,"D"
"1624",13.01252,106.51511,334.38,0.46,0.47,"2026-02-15",635,"N20","nominal","2.0NRT",303.78,2.68,"D"
"1625",13.00434,106.45228,346.48,0.45,0.47,"2026-02-15",635,"N20","nominal","2.0NRT",306.08,8.18,"D"
"1626",13.0038,106.44811,335.75,0.45,0.47,"2026-02-15",635,"N20","nominal","2.0NRT",305.71,5.45,"D"
"1627",12.97175,106.20297,341.63,0.44,0.46,"2026-02-15",635,"N20","nominal","2.0NRT",303.84,4.72,"D"
"1628",12.60048,103.47834,336.97,0.45,0.39,"2026-02-15",635,"N20","nominal","2.0NRT",303.22,1.89,"D"
"1629",12.59989,103.47416,345.46,0.45,0.39,"2026-02-15",635,"N20","nominal","2.0NRT",303.55,3.66,"D"
"1630",13.05014,106.77099,343.26,0.48,0.48,"2026-02-15",635,"N20","nominal","2.0NRT",303.68,42.42,"D"
"1631",13.04958,106.76666,344.14,0.47,0.48,"2026-02-15",635,"N20","nominal","2.0NRT",305.76,42.42,"D"
"1632",13.0163,106.51035,343.21,0.46,0.47,"2026-02-15",635,"N20","nominal","2.0NRT",303.48,4.2,"D"
"1633",13.00865,106.45173,342.47,0.45,0.47,"2026-02-15",635,"N20","nominal","2.0NRT",305.26,3.77,"D"
"1634",12.97177,106.17035,355.73,0.43,0.46,"2026-02-15",635,"N20","nominal","2.0NRT",307.28,6.55,"D"
"1635",12.97124,106.16635,337.77,0.43,0.46,"2026-02-15",635,"N20","nominal","2.0NRT",305.7,6.55,"D"
"1636",12.96029,106.08324,350.72,0.43,0.46,"2026-02-15",635,"N20","nominal","2.0NRT",304.75,9.29,"D"
"1637",12.95977,106.07932,355.61,0.43,0.46,"2026-02-15",635,"N20","nominal","2.0NRT",306.21,9.29,"D"
"1638",12.91945,105.77501,331.56,0.41,0.45,"2026-02-15",635,"N20","low","2.0NRT",301.61,3.42,"D"
"1639",12.91895,105.77124,339.94,0.41,0.45,"2026-02-15",635,"N20","nominal","2.0NRT",301.97,3.42,"D"
"1640",12.91444,105.73739,342.61,0.41,0.45,"2026-02-15",635,"N20","nominal","2.0NRT",302.93,6.56,"D"
"1641",13.05454,106.77042,343.89,0.48,0.48,"2026-02-15",635,"N20","nominal","2.0NRT",298.27,42.42,"D"
"1642",12.91854,105.73685,346.11,0.41,0.45,"2026-02-15",635,"N20","nominal","2.0NRT",301.88,6.56,"D"
"1643",12.91804,105.7331,342.98,0.41,0.45,"2026-02-15",635,"N20","nominal","2.0NRT",302.24,6.56,"D"
"1644",12.60823,103.48147,341.58,0.45,0.39,"2026-02-15",635,"N20","nominal","2.0NRT",304.71,7.59,"D"
"1645",13.00694,106.37195,346.44,0.45,0.47,"2026-02-15",635,"N20","nominal","2.0NRT",305.16,7.82,"D"
"1646",12.97495,106.12943,344.06,0.43,0.46,"2026-02-15",635,"N20","nominal","2.0NRT",306.67,26.03,"D"
"1647",12.93374,105.81933,335.32,0.41,0.45,"2026-02-15",635,"N20","nominal","2.0NRT",302.41,4.34,"D"
"1648",13.21016,107.91471,342.22,0.57,0.52,"2026-02-15",635,"N20","nominal","2.0NRT",295.18,8.84,"D"
"1649",12.95938,105.97994,348.13,0.42,0.45,"2026-02-15",635,"N20","nominal","2.0NRT",302.12,9.9,"D"
"1650",12.93736,105.81499,332.43,0.41,0.45,"2026-02-15",635,"N20","low","2.0NRT",302.78,4.34,"D"
"1651",13.1526,107.42441,334.61,0.53,0.5,"2026-02-15",635,"N20","nominal","2.0NRT",297.59,5.87,"D"
"1652",12.93243,105.71593,367,0.41,0.45,"2026-02-15",635,"N20","high","2.0NRT",302.99,9.69,"D"
"1653",12.93092,105.7047,367,0.4,0.45,"2026-02-15",635,"N20","high","2.0NRT",303.15,12.21,"D"
"1654",13.10789,107.04209,337.02,0.5,0.49,"2026-02-15",635,"N20","nominal","2.0NRT",300.02,7.02,"D"
"1655",12.93647,105.74594,335.36,0.41,0.45,"2026-02-15",635,"N20","nominal","2.0NRT",303.04,6.81,"D"
"1656",12.93597,105.74218,346.37,0.41,0.45,"2026-02-15",635,"N20","nominal","2.0NRT",303.52,8.9,"D"
"1657",12.93546,105.73843,353.39,0.41,0.45,"2026-02-15",635,"N20","nominal","2.0NRT",304.43,8.9,"D"
"1658",12.93496,105.73466,340.21,0.41,0.45,"2026-02-15",635,"N20","nominal","2.0NRT",301.51,5.41,"D"
"1659",12.93344,105.72343,345,0.41,0.45,"2026-02-15",635,"N20","nominal","2.0NRT",298.6,4.28,"D"
"1660",12.93294,105.71967,350.26,0.41,0.45,"2026-02-15",635,"N20","nominal","2.0NRT",300.44,9.69,"D"
"1661",12.93192,105.71217,335,0.4,0.45,"2026-02-15",635,"N20","nominal","2.0NRT",299.54,3.95,"D"
"1662",12.93142,105.70844,341.97,0.4,0.45,"2026-02-15",635,"N20","nominal","2.0NRT",301.95,3.95,"D"
"1663",12.58351,103.2063,341.72,0.44,0.39,"2026-02-15",635,"N20","nominal","2.0NRT",296.16,4.84,"D"
"1664",13.10289,106.96868,337.15,0.49,0.49,"2026-02-15",635,"N20","nominal","2.0NRT",296.88,4.91,"D"
"1665",12.94058,105.74537,339.48,0.41,0.45,"2026-02-15",635,"N20","nominal","2.0NRT",301.36,4.25,"D"
"1666",12.94007,105.74162,355.58,0.41,0.45,"2026-02-15",635,"N20","nominal","2.0NRT",303.41,6.68,"D"
"1667",12.93956,105.73787,336.96,0.41,0.45,"2026-02-15",635,"N20","nominal","2.0NRT",301.96,6.68,"D"
"1668",12.93653,105.71538,347.22,0.41,0.45,"2026-02-15",635,"N20","nominal","2.0NRT",302.13,4.91,"D"
"1669",12.93602,105.71164,338.8,0.4,0.45,"2026-02-15",635,"N20","nominal","2.0NRT",303.37,7.99,"D"
"1670",12.93552,105.70789,347.45,0.4,0.45,"2026-02-15",635,"N20","nominal","2.0NRT",304.21,7.99,"D"
"1671",12.93501,105.70415,355.02,0.4,0.45,"2026-02-15",635,"N20","nominal","2.0NRT",304.76,16.86,"D"
"1672",12.55376,102.97431,344.16,0.43,0.38,"2026-02-15",635,"N20","nominal","2.0NRT",297.8,12.15,"D"
"1673",12.97553,105.97379,338.18,0.42,0.45,"2026-02-15",635,"N20","nominal","2.0NRT",300.77,3.71,"D"
"1674",12.94063,105.71484,333.15,0.41,0.45,"2026-02-15",635,"N20","nominal","2.0NRT",300.91,4.91,"D"
"1675",12.87943,105.26488,341.78,0.57,0.43,"2026-02-15",635,"N20","nominal","2.0NRT",303.78,10.63,"D"
"1676",12.6537,103.64678,332.11,0.46,0.39,"2026-02-15",635,"N20","nominal","2.0NRT",300.52,1.22,"D"
"1677",12.97971,105.97326,342.01,0.42,0.45,"2026-02-15",635,"N20","nominal","2.0NRT",301.05,8.78,"D"
"1678",12.97918,105.96936,340.75,0.42,0.45,"2026-02-15",635,"N20","nominal","2.0NRT",302.17,7.23,"D"
"1679",12.97605,105.9461,342.87,0.42,0.45,"2026-02-15",635,"N20","nominal","2.0NRT",301.91,5.06,"D"
"1680",12.56021,102.96951,338.26,0.43,0.38,"2026-02-15",635,"N20","nominal","2.0NRT",298.68,3.52,"D"
"1681",12.99333,106.04287,343.86,0.43,0.46,"2026-02-15",635,"N20","nominal","2.0NRT",301.4,3.79,"D"
"1682",12.95241,105.70942,367,0.4,0.45,"2026-02-15",635,"N20","high","2.0NRT",304.82,35.37,"D"
"1683",13.25086,107.96738,332.86,0.57,0.52,"2026-02-15",635,"N20","nominal","2.0NRT",293.67,7.21,"D"
"1684",13.04617,106.40443,332.77,0.45,0.47,"2026-02-15",635,"N20","low","2.0NRT",304.39,1.68,"D"
"1685",13.01457,106.16884,337.01,0.43,0.46,"2026-02-15",635,"N20","nominal","2.0NRT",304.45,1.94,"D"
"1686",12.99752,106.04228,334.82,0.43,0.46,"2026-02-15",635,"N20","nominal","2.0NRT",302.11,6.61,"D"
"1687",13.25438,107.95678,342.44,0.57,0.52,"2026-02-15",635,"N20","nominal","2.0NRT",296.24,5.89,"D"
"1688",12.95803,105.72006,336.39,0.41,0.45,"2026-02-15",635,"N20","nominal","2.0NRT",301.43,2.88,"D"
"1689",12.95752,105.71632,345.21,0.41,0.45,"2026-02-15",635,"N20","nominal","2.0NRT",300.73,19.74,"D"
"1690",12.95701,105.71259,352.83,0.41,0.45,"2026-02-15",635,"N20","nominal","2.0NRT",308.26,19.74,"D"
"1691",12.9565,105.70885,353.94,0.4,0.45,"2026-02-15",635,"N20","nominal","2.0NRT",304.82,35.37,"D"
"1692",12.95599,105.70511,338.42,0.4,0.45,"2026-02-15",635,"N20","nominal","2.0NRT",298.76,35.37,"D"
"1693",13.14783,107.10245,336.71,0.5,0.49,"2026-02-15",635,"N20","nominal","2.0NRT",297.8,4.87,"D"
"1694",12.96213,105.71949,345.65,0.41,0.45,"2026-02-15",635,"N20","nominal","2.0NRT",300.46,5.01,"D"
"1695",12.96161,105.71576,353.69,0.41,0.45,"2026-02-15",635,"N20","nominal","2.0NRT",301.23,9.19,"D"
"1696",12.9611,105.71201,336.57,0.41,0.45,"2026-02-15",635,"N20","nominal","2.0NRT",300.8,9.19,"D"
"1697",12.95601,105.67477,331.49,0.4,0.44,"2026-02-15",635,"N20","low","2.0NRT",301.49,2.43,"D"
"1698",12.96571,105.71517,334.4,0.41,0.45,"2026-02-15",635,"N20","nominal","2.0NRT",300.47,9.19,"D"
"1699",12.57943,102.979,337.64,0.43,0.38,"2026-02-15",635,"N20","nominal","2.0NRT",300.65,3.87,"D"
"1700",12.61144,103.17489,336.01,0.44,0.38,"2026-02-15",635,"N20","nominal","2.0NRT",299.51,3.16,"D"
"1701",12.605,103.13042,352.63,0.44,0.38,"2026-02-15",635,"N20","nominal","2.0NRT",299.52,7.61,"D"
"1702",12.61165,103.17513,336.87,0.44,0.38,"2026-02-15",635,"N20","nominal","2.0NRT",300.01,3.17,"D"
"1703",12.60598,103.13465,335.24,0.44,0.38,"2026-02-15",635,"N20","nominal","2.0NRT",298.79,2.99,"D"
"1704",12.60542,103.13061,352.18,0.44,0.38,"2026-02-15",635,"N20","nominal","2.0NRT",299.9,8.39,"D"
"1705",12.96124,105.71909,351.22,0.41,0.45,"2026-02-15",635,"N20","nominal","2.0NRT",301.05,4.4,"D"
"1706",12.96076,105.71533,355.73,0.41,0.45,"2026-02-15",635,"N20","nominal","2.0NRT",302.17,16.07,"D"
"1707",12.96027,105.71159,334.46,0.41,0.45,"2026-02-15",635,"N20","nominal","2.0NRT",301.29,16.07,"D"
"1708",12.95545,105.67428,331.27,0.4,0.44,"2026-02-15",635,"N20","low","2.0NRT",301.37,2.56,"D"
"1709",13.2407,107.92393,337.33,0.57,0.52,"2026-02-15",635,"N20","nominal","2.0NRT",295.54,5,"D"
"1710",12.59625,102.98888,336.17,0.43,0.38,"2026-02-15",635,"N20","nominal","2.0NRT",303.46,2.38,"D"
"1711",12.97089,105.72919,346.31,0.41,0.45,"2026-02-15",635,"N20","nominal","2.0NRT",299.98,5.71,"D"
"1712",12.96895,105.71417,342.89,0.41,0.45,"2026-02-15",635,"N20","nominal","2.0NRT",301.38,4.65,"D"
"1713",13.25465,107.95905,342.26,0.57,0.52,"2026-02-15",635,"N20","nominal","2.0NRT",295.6,8.69,"D"
"1714",13.14977,107.10335,330.32,0.5,0.49,"2026-02-15",635,"N20","nominal","2.0NRT",297.94,3.94,"D"
"1715",12.97499,105.72858,345.08,0.41,0.45,"2026-02-15",635,"N20","nominal","2.0NRT",300.85,5.71,"D"
"1716",12.92806,105.33853,344.92,0.38,0.44,"2026-02-15",635,"N20","nominal","2.0NRT",307.9,6.05,"D"
"1717",12.9276,105.33501,344.62,0.38,0.44,"2026-02-15",635,"N20","nominal","2.0NRT",307.46,6.95,"D"
"1718",13.03227,106.10571,338.37,0.43,0.46,"2026-02-15",635,"N20","nominal","2.0NRT",302.67,4.48,"D"
"1719",12.96094,105.55738,340.41,0.4,0.44,"2026-02-15",635,"N20","nominal","2.0NRT",300.36,10.22,"D"
"1720",12.96046,105.5537,356.09,0.4,0.44,"2026-02-15",635,"N20","nominal","2.0NRT",306.7,10.22,"D"
"1721",13.19913,107.35136,340.7,0.52,0.5,"2026-02-15",635,"N20","nominal","2.0NRT",292.99,6.84,"D"
"1722",13.18424,107.23204,331.03,0.51,0.49,"2026-02-15",635,"N20","nominal","2.0NRT",294.05,7.1,"D"
"1723",13.10577,106.54163,352.36,0.46,0.47,"2026-02-15",635,"N20","nominal","2.0NRT",306.84,17.75,"D"
"1724",12.99961,105.72521,353.79,0.41,0.45,"2026-02-15",635,"N20","nominal","2.0NRT",302.22,19.42,"D"
"1725",13.04404,106.03179,355.73,0.43,0.46,"2026-02-15",635,"N20","nominal","2.0NRT",304.87,13.39,"D"
"1726",13.04353,106.02785,337.99,0.43,0.46,"2026-02-15",635,"N20","nominal","2.0NRT",304.74,13.39,"D"
"1727",13.14943,106.81275,334.24,0.48,0.48,"2026-02-15",635,"N20","nominal","2.0NRT",300.06,1.97,"D"
"1728",13.04875,106.03519,343.8,0.43,0.46,"2026-02-15",635,"N20","nominal","2.0NRT",302.5,5.34,"D"
"1729",13.04823,106.03123,334.07,0.43,0.46,"2026-02-15",635,"N20","nominal","2.0NRT",303.48,13.39,"D"
"1730",13.04772,106.02729,333.88,0.43,0.46,"2026-02-15",635,"N20","nominal","2.0NRT",301.09,13.39,"D"
"1731",13.05294,106.03461,333.97,0.43,0.46,"2026-02-15",635,"N20","nominal","2.0NRT",302.15,3.57,"D"
"1732",13.23098,107.38168,341,0.52,0.5,"2026-02-15",635,"N20","nominal","2.0NRT",296.61,6.52,"D"
"1733",13.08382,106.17175,347.28,0.43,0.46,"2026-02-15",635,"N20","nominal","2.0NRT",305.34,5.56,"D"
"1734",13.10082,106.26807,334.27,0.44,0.46,"2026-02-15",635,"N20","nominal","2.0NRT",303.72,2.1,"D"
"1735",13.09814,106.24775,338.13,0.44,0.46,"2026-02-15",635,"N20","nominal","2.0NRT",303.81,4.37,"D"
"1736",13.10561,106.27155,337.48,0.44,0.46,"2026-02-15",635,"N20","nominal","2.0NRT",304.26,4.76,"D"
"1737",12.62496,102.79121,339.83,0.43,0.38,"2026-02-15",635,"N20","nominal","2.0NRT",300.54,11.55,"D"
"1738",13.23071,107.19736,332.17,0.51,0.49,"2026-02-15",635,"N20","nominal","2.0NRT",297.42,3.25,"D"
"1739",13.20853,107.02549,330.66,0.5,0.49,"2026-02-15",635,"N20","nominal","2.0NRT",298.21,3.33,"D"
"1740",12.69094,103.22579,349.55,0.44,0.39,"2026-02-15",635,"N20","nominal","2.0NRT",303,12.3,"D"
"1741",12.62843,102.79068,343.16,0.43,0.38,"2026-02-15",635,"N20","nominal","2.0NRT",298.72,4.26,"D"
"1742",12.62787,102.78683,331.29,0.43,0.38,"2026-02-15",635,"N20","nominal","2.0NRT",297.57,3.7,"D"
"1743",13.22738,107.1358,336.73,0.5,0.49,"2026-02-15",635,"N20","nominal","2.0NRT",296.36,3.82,"D"
"1744",13.19008,106.84845,332.55,0.48,0.48,"2026-02-15",635,"N20","nominal","2.0NRT",296.97,1.82,"D"
"1745",13.10072,106.13694,335.63,0.43,0.46,"2026-02-15",635,"N20","nominal","2.0NRT",305.18,2.95,"D"
"1746",13.2722,107.411,343.6,0.53,0.5,"2026-02-15",635,"N20","nominal","2.0NRT",295.73,8.48,"D"
"1747",13.17628,106.6408,348.51,0.47,0.48,"2026-02-15",635,"N20","nominal","2.0NRT",302.64,8.26,"D"
"1748",13.12203,106.23205,335.95,0.44,0.46,"2026-02-15",635,"N20","nominal","2.0NRT",305.32,3.47,"D"
"1749",12.75853,103.54592,334.31,0.46,0.39,"2026-02-15",635,"N20","low","2.0NRT",305.64,2.07,"D"
"1750",12.75793,103.54171,338.36,0.46,0.39,"2026-02-15",635,"N20","nominal","2.0NRT",304.75,2.07,"D"
"1751",13.17127,106.50296,335.21,0.46,0.47,"2026-02-15",635,"N20","nominal","2.0NRT",304.49,3.28,"D"
"1752",13.13628,106.20943,344.86,0.44,0.46,"2026-02-15",635,"N20","nominal","2.0NRT",303.21,10.37,"D"
"1753",13.1223,106.10575,335.31,0.43,0.46,"2026-02-15",635,"N20","nominal","2.0NRT",305.17,5.11,"D"
"1754",13.10633,105.98765,345.52,0.42,0.45,"2026-02-15",635,"N20","nominal","2.0NRT",304.37,9.55,"D"
"1755",13.1058,105.98373,341.52,0.42,0.45,"2026-02-15",635,"N20","nominal","2.0NRT",304.08,7.67,"D"
"1756",13.10474,105.97591,342.04,0.42,0.45,"2026-02-15",635,"N20","nominal","2.0NRT",300.03,14.49,"D"
"1757",13.10421,105.97201,340.94,0.42,0.45,"2026-02-15",635,"N20","nominal","2.0NRT",299.98,14.49,"D"
"1758",13.27972,107.25362,342.57,0.51,0.5,"2026-02-15",635,"N20","nominal","2.0NRT",297.44,2.66,"D"
"1759",13.16815,106.41394,355.04,0.45,0.47,"2026-02-15",635,"N20","nominal","2.0NRT",304.29,13.21,"D"
"1760",13.12652,106.10517,345.21,0.43,0.46,"2026-02-15",635,"N20","nominal","2.0NRT",306.13,5.11,"D"
"1761",13.11051,105.98709,347.55,0.42,0.45,"2026-02-15",635,"N20","nominal","2.0NRT",305.27,9.55,"D"
"1762",13.10998,105.98318,339.54,0.42,0.45,"2026-02-15",635,"N20","nominal","2.0NRT",305.11,7.67,"D"
"1763",13.10892,105.97536,349.59,0.42,0.45,"2026-02-15",635,"N20","nominal","2.0NRT",302.12,14.49,"D"
"1764",13.10838,105.97144,353.44,0.42,0.45,"2026-02-15",635,"N20","nominal","2.0NRT",304.99,14.49,"D"
"1765",12.71809,103.18863,339.56,0.44,0.39,"2026-02-15",635,"N20","nominal","2.0NRT",302.08,4.43,"D"
"1766",12.71692,103.1805,333.95,0.44,0.39,"2026-02-15",635,"N20","nominal","2.0NRT",301.09,1.67,"D"
"1767",12.72222,103.1673,341.43,0.44,0.38,"2026-02-15",635,"N20","nominal","2.0NRT",298.2,4.51,"D"
"1768",12.72247,103.16733,341.94,0.44,0.39,"2026-02-15",635,"N20","nominal","2.0NRT",299.06,4.4,"D"
"1769",13.10763,105.98693,367,0.42,0.45,"2026-02-15",635,"N20","high","2.0NRT",305.32,18.37,"D"
"1770",13.13598,106.20916,344.55,0.44,0.46,"2026-02-15",635,"N20","nominal","2.0NRT",303.02,10.95,"D"
"1771",13.12275,106.10528,337.05,0.43,0.46,"2026-02-15",635,"N20","nominal","2.0NRT",304.85,2.87,"D"
"1772",13.10713,105.98301,341.8,0.42,0.45,"2026-02-15",635,"N20","nominal","2.0NRT",303.72,11.93,"D"
"1773",13.10612,105.97517,349.94,0.42,0.45,"2026-02-15",635,"N20","nominal","2.0NRT",302.87,30.88,"D"
"1774",13.10562,105.97126,342.18,0.42,0.45,"2026-02-15",635,"N20","nominal","2.0NRT",306.47,30.88,"D"
"1775",13.1387,106.19656,339.92,0.44,0.46,"2026-02-15",635,"N20","nominal","2.0NRT",300.54,3.78,"D"
"1776",13.12697,106.10468,344.35,0.43,0.46,"2026-02-15",635,"N20","nominal","2.0NRT",306.66,4.78,"D"
"1777",13.11131,105.98244,337.91,0.42,0.45,"2026-02-15",635,"N20","nominal","2.0NRT",305.56,5.88,"D"
"1778",13.11081,105.97853,337.72,0.42,0.45,"2026-02-15",635,"N20","nominal","2.0NRT",304.83,5.88,"D"
"1779",12.73649,103.19017,341.97,0.44,0.39,"2026-02-15",635,"N20","nominal","2.0NRT",300.74,4.62,"D"
"1780",13.11499,105.97798,367,0.42,0.45,"2026-02-15",635,"N20","high","2.0NRT",304.03,5.88,"D"
"1781",13.36241,107.96416,332.39,0.58,0.52,"2026-02-15",635,"N20","nominal","2.0NRT",293.26,3.35,"D"
"1782",13.17063,106.41353,354.8,0.45,0.47,"2026-02-15",635,"N20","nominal","2.0NRT",304.24,15.34,"D"
"1783",13.14191,106.18797,338.02,0.44,0.46,"2026-02-15",635,"N20","nominal","2.0NRT",300.85,12.6,"D"
"1784",13.14141,106.18399,338.53,0.44,0.46,"2026-02-15",635,"N20","nominal","2.0NRT",307.6,12.6,"D"
"1785",13.13118,106.1041,335.71,0.43,0.46,"2026-02-15",635,"N20","nominal","2.0NRT",305.68,4.78,"D"
"1786",13.11599,105.98582,347.46,0.42,0.45,"2026-02-15",635,"N20","nominal","2.0NRT",305.63,13.3,"D"
"1787",13.11549,105.9819,348.83,0.42,0.45,"2026-02-15",635,"N20","nominal","2.0NRT",303.86,5.88,"D"
"1788",13.11448,105.97404,338.24,0.42,0.45,"2026-02-15",635,"N20","nominal","2.0NRT",299.94,7.59,"D"
"1789",13.28051,107.25447,340.68,0.52,0.5,"2026-02-15",635,"N20","nominal","2.0NRT",298.13,4.15,"D"
"1790",13.11917,105.97742,352.94,0.42,0.45,"2026-02-15",635,"N20","nominal","2.0NRT",308.7,57.79,"D"
"1791",13.11866,105.97349,330.12,0.42,0.45,"2026-02-15",635,"N20","nominal","2.0NRT",300.91,29.46,"D"
"1792",13.1391,106.09897,367,0.43,0.46,"2026-02-15",635,"N20","high","2.0NRT",307.71,12.89,"D"
"1793",13.22823,106.79907,346.45,0.48,0.48,"2026-02-15",635,"N20","nominal","2.0NRT",301.33,8.7,"D"
"1794",13.22767,106.79462,337.23,0.48,0.48,"2026-02-15",635,"N20","nominal","2.0NRT",300.93,4.57,"D"
"1795",13.18511,106.4584,335.69,0.46,0.47,"2026-02-15",635,"N20","nominal","2.0NRT",304.32,1.31,"D"
"1796",13.15351,106.21111,339.92,0.44,0.46,"2026-02-15",635,"N20","nominal","2.0NRT",300.34,4.03,"D"
"1797",13.14835,106.17094,340.57,0.44,0.46,"2026-02-15",635,"N20","nominal","2.0NRT",306.56,6.98,"D"
"1798",13.1463,106.15494,333.56,0.43,0.46,"2026-02-15",635,"N20","low","2.0NRT",304.08,2.45,"D"
"1799",13.14578,106.15093,331.88,0.43,0.46,"2026-02-15",635,"N20","low","2.0NRT",302.31,2.45,"D"
"1800",13.13961,106.10294,347.45,0.43,0.46,"2026-02-15",635,"N20","nominal","2.0NRT",305.55,5.03,"D"
"1801",13.16504,106.2672,348.77,0.44,0.46,"2026-02-15",635,"N20","nominal","2.0NRT",305.2,17.54,"D"
"1802",13.14383,106.10239,336.78,0.43,0.46,"2026-02-15",635,"N20","nominal","2.0NRT",305.27,3.15,"D"
"1803",13.14331,106.09842,335.76,0.43,0.46,"2026-02-15",635,"N20","nominal","2.0NRT",305.72,3.02,"D"
"1804",13.19858,106.49503,353.26,0.46,0.47,"2026-02-15",635,"N20","nominal","2.0NRT",306.28,10.14,"D"
"1805",13.13424,105.99528,330.13,0.42,0.46,"2026-02-15",635,"N20","nominal","2.0NRT",300.02,4.09,"D"
"1806",13.13373,105.99136,330.16,0.42,0.46,"2026-02-15",635,"N20","low","2.0NRT",301.16,4.09,"D"
"1807",12.77146,103.31043,338.14,0.45,0.39,"2026-02-15",635,"N20","nominal","2.0NRT",303.91,3.04,"D"
"1808",13.20291,106.49442,344.65,0.46,0.47,"2026-02-15",635,"N20","nominal","2.0NRT",304.38,7.83,"D"
"1809",13.15277,106.10525,345.08,0.43,0.46,"2026-02-15",635,"N20","nominal","2.0NRT",304.67,3.35,"D"
"1810",13.15226,106.10128,336.86,0.43,0.46,"2026-02-15",635,"N20","nominal","2.0NRT",304.71,3.35,"D"
"1811",12.77443,103.30579,335.11,0.45,0.39,"2026-02-15",635,"N20","nominal","2.0NRT",304.19,3.36,"D"
"1812",13.1906,106.36444,354.12,0.45,0.47,"2026-02-15",635,"N20","nominal","2.0NRT",304.17,4.91,"D"
"1813",13.19006,106.3603,339.69,0.45,0.47,"2026-02-15",635,"N20","nominal","2.0NRT",304.88,4.91,"D"
"1814",13.17104,106.213,341.98,0.44,0.46,"2026-02-15",635,"N20","nominal","2.0NRT",302.31,9.1,"D"
"1815",13.17052,106.20895,337.99,0.44,0.46,"2026-02-15",635,"N20","nominal","2.0NRT",302.56,3.77,"D"
"1816",13.15648,106.10073,340.1,0.43,0.46,"2026-02-15",635,"N20","nominal","2.0NRT",304.65,3.35,"D"
"1817",13.17371,106.20029,345.04,0.44,0.46,"2026-02-15",635,"N20","nominal","2.0NRT",302.46,15.7,"D"
"1818",13.17318,106.19621,350.88,0.44,0.46,"2026-02-15",635,"N20","nominal","2.0NRT",306.61,15.7,"D"
"1819",13.1607,106.10017,348.37,0.43,0.46,"2026-02-15",635,"N20","nominal","2.0NRT",306.07,3.67,"D"
"1820",13.17796,106.19975,338.77,0.44,0.46,"2026-02-15",635,"N20","nominal","2.0NRT",301.4,15.7,"D"
"1821",13.16595,106.10754,337.01,0.43,0.46,"2026-02-15",635,"N20","nominal","2.0NRT",306.48,3.74,"D"
"1822",13.30155,107.12725,341.35,0.51,0.49,"2026-02-15",635,"N20","nominal","2.0NRT",299.49,6.68,"D"
"1823",13.29153,107.04836,352.49,0.5,0.49,"2026-02-15",635,"N20","nominal","2.0NRT",297.4,7.18,"D"
"1824",13.19544,106.30088,341.17,0.44,0.46,"2026-02-15",635,"N20","nominal","2.0NRT",301.18,3.12,"D"
"1825",13.2884,106.98792,335.89,0.49,0.49,"2026-02-15",635,"N20","nominal","2.0NRT",299.5,3.19,"D"
"1826",12.75465,103.03886,336.15,0.44,0.38,"2026-02-15",635,"N20","nominal","2.0NRT",299.45,2.54,"D"
"1827",13.41722,107.97363,339.27,0.58,0.52,"2026-02-15",635,"N20","nominal","2.0NRT",296.19,6.4,"D"
"1828",13.32498,107.23913,332.69,0.51,0.5,"2026-02-15",635,"N20","nominal","2.0NRT",300.82,8.25,"D"
"1829",13.29112,106.97356,336.36,0.49,0.49,"2026-02-15",635,"N20","nominal","2.0NRT",298.46,4.85,"D"
"1830",13.17548,106.08204,336.35,0.43,0.46,"2026-02-15",635,"N20","nominal","2.0NRT",305.96,6.04,"D"
"1831",13.33016,107.24333,342.16,0.51,0.5,"2026-02-15",635,"N20","nominal","2.0NRT",299.5,7.58,"D"
"1832",13.29209,106.94566,332.65,0.49,0.49,"2026-02-15",635,"N20","nominal","2.0NRT",299.52,5.21,"D"
"1833",13.29151,106.94111,354.58,0.49,0.49,"2026-02-15",635,"N20","nominal","2.0NRT",299.97,10.56,"D"
"1834",13.33412,107.238,343.62,0.51,0.5,"2026-02-15",635,"N20","nominal","2.0NRT",298.51,3.29,"D"
"1835",13.30067,106.97697,334.26,0.49,0.49,"2026-02-15",635,"N20","nominal","2.0NRT",298.44,4.02,"D"
"1836",13.29598,106.94054,346.61,0.49,0.49,"2026-02-15",635,"N20","nominal","2.0NRT",299.18,7.14,"D"
"1837",13.2638,106.69157,334.27,0.47,0.48,"2026-02-15",635,"N20","low","2.0NRT",304.67,3.65,"D"
"1838",13.27389,106.73482,341.6,0.48,0.48,"2026-02-15",635,"N20","nominal","2.0NRT",301.81,2.34,"D"
"1839",13.27945,106.74305,344.05,0.48,0.48,"2026-02-15",635,"N20","nominal","2.0NRT",302.81,5.51,"D"
"1840",13.22105,106.26418,338.7,0.44,0.46,"2026-02-15",635,"N20","nominal","2.0NRT",304.99,3.71,"D"
"1841",12.84138,103.46991,336.12,0.46,0.39,"2026-02-15",635,"N20","nominal","2.0NRT",304.52,0.84,"D"
"1842",13.20284,106.06226,344.43,0.43,0.46,"2026-02-15",635,"N20","nominal","2.0NRT",304.05,8.28,"D"
"1843",12.85095,103.51141,331.46,0.46,0.39,"2026-02-15",635,"N20","low","2.0NRT",304.98,4.34,"D"
"1844",12.85035,103.5072,344.54,0.46,0.39,"2026-02-15",635,"N20","nominal","2.0NRT",306.9,11.52,"D"
"1845",13.52648,108.53156,341.15,0.63,0.54,"2026-02-15",635,"N20","nominal","2.0NRT",293.04,8.21,"D"
"1846",13.35905,107.21551,331.61,0.51,0.5,"2026-02-15",635,"N20","nominal","2.0NRT",298.14,2.68,"D"
"1847",13.32282,106.93717,330.16,0.49,0.49,"2026-02-15",635,"N20","nominal","2.0NRT",298.43,2.12,"D"
"1848",13.28499,106.64877,336.33,0.47,0.48,"2026-02-15",635,"N20","nominal","2.0NRT",300.25,4.22,"D"
"1849",13.11997,105.41637,333.33,0.39,0.44,"2026-02-15",635,"N20","low","2.0NRT",303.77,4.48,"D"
"1850",12.85394,103.50668,335.8,0.46,0.39,"2026-02-15",635,"N20","low","2.0NRT",306.56,4.45,"D"
"1851",12.85334,103.50247,344.49,0.46,0.39,"2026-02-15",635,"N20","nominal","2.0NRT",306.21,4.45,"D"
"1852",13.33867,107.02353,347.24,0.5,0.49,"2026-02-15",635,"N20","nominal","2.0NRT",299.74,6.57,"D"
"1853",13.28994,106.65252,344.96,0.47,0.48,"2026-02-15",635,"N20","nominal","2.0NRT",299.35,4.22,"D"
"1854",12.85694,103.50195,345.18,0.46,0.39,"2026-02-15",635,"N20","nominal","2.0NRT",304.5,4.45,"D"
"1855",12.85634,103.49775,337.2,0.46,0.39,"2026-02-15",635,"N20","nominal","2.0NRT",305.61,7.61,"D"
"1856",13.33296,106.94512,355.23,0.49,0.49,"2026-02-15",635,"N20","nominal","2.0NRT",300.13,9.2,"D"
"1857",13.29319,106.64343,336.22,0.47,0.48,"2026-02-15",635,"N20","nominal","2.0NRT",297.78,4.27,"D"
"1858",12.81661,103.19512,332.92,0.44,0.39,"2026-02-15",635,"N20","low","2.0NRT",304.58,2.01,"D"
"1859",13.42478,107.6144,332.24,0.55,0.51,"2026-02-15",635,"N20","nominal","2.0NRT",294.31,3.09,"D"
"1860",13.33864,106.9537,335.83,0.49,0.49,"2026-02-15",635,"N20","nominal","2.0NRT",297.83,5.62,"D"
"1861",13.29872,106.6515,332.58,0.47,0.48,"2026-02-15",635,"N20","nominal","2.0NRT",298.85,4.49,"D"
"1862",13.29816,106.64723,344.45,0.47,0.48,"2026-02-15",635,"N20","nominal","2.0NRT",299.14,4.49,"D"
"1863",13.4845,108.04131,340.9,0.59,0.52,"2026-02-15",635,"N20","nominal","2.0NRT",294.05,6.56,"D"
"1864",13.42946,107.61375,332.89,0.55,0.51,"2026-02-15",635,"N20","nominal","2.0NRT",294.48,3.33,"D"
"1865",13.34252,106.94855,331.04,0.49,0.49,"2026-02-15",635,"N20","nominal","2.0NRT",299.82,3.81,"D"
"1866",13.30426,106.65963,336.02,0.47,0.48,"2026-02-15",635,"N20","nominal","2.0NRT",301.01,4.15,"D"
"1867",13.12824,105.35699,330.98,0.39,0.44,"2026-02-15",635,"N20","low","2.0NRT",302.28,2.55,"D"
"1868",13.4348,107.61821,335.9,0.55,0.51,"2026-02-15",635,"N20","nominal","2.0NRT",295.71,8.14,"D"
"1869",13.41537,107.46877,337.03,0.53,0.5,"2026-02-15",635,"N20","nominal","2.0NRT",291.79,2.64,"D"
"1870",13.41473,107.46385,331.48,0.53,0.5,"2026-02-15",635,"N20","nominal","2.0NRT",293.59,2.1,"D"
"1871",13.35788,107.03039,338.71,0.5,0.49,"2026-02-15",635,"N20","nominal","2.0NRT",298.49,2.86,"D"
"1872",13.26126,106.3848,336.6,0.45,0.47,"2026-02-15",635,"N20","nominal","2.0NRT",302.61,4.52,"D"
"1873",13.13005,105.35961,332.79,0.39,0.44,"2026-02-15",635,"N20","low","2.0NRT",304.1,2.89,"D"
"1874",13.52643,108.52934,331,0.63,0.54,"2026-02-15",635,"N20","nominal","2.0NRT",291.55,7.5,"D"
"1875",13.33687,106.95506,330.03,0.49,0.49,"2026-02-15",635,"N20","nominal","2.0NRT",297.81,3.59,"D"
"1876",13.33574,106.94589,344.17,0.49,0.49,"2026-02-15",635,"N20","nominal","2.0NRT",299.44,12.57,"D"
"1877",13.29921,106.65216,330.86,0.47,0.48,"2026-02-15",635,"N20","nominal","2.0NRT",299.1,4.8,"D"
"1878",13.29867,106.64787,350.38,0.47,0.48,"2026-02-15",635,"N20","nominal","2.0NRT",300.16,4.8,"D"
"1879",13.34078,106.9499,339.21,0.49,0.49,"2026-02-15",635,"N20","nominal","2.0NRT",299.47,4.18,"D"
"1880",13.30468,106.66027,330.48,0.47,0.48,"2026-02-15",635,"N20","nominal","2.0NRT",300.07,2.81,"D"
"1881",13.29278,106.56541,330.73,0.46,0.47,"2026-02-15",635,"N20","low","2.0NRT",301.52,2.26,"D"
"1882",13.42727,107.61615,350.5,0.55,0.51,"2026-02-15",635,"N20","nominal","2.0NRT",295.75,10.34,"D"
"1883",13.48319,108.03878,339.98,0.59,0.53,"2026-02-15",635,"N20","nominal","2.0NRT",294.92,6.61,"D"
"1884",13.43195,107.61549,332.88,0.55,0.51,"2026-02-15",635,"N20","nominal","2.0NRT",295.43,4.18,"D"
"1885",13.37563,107.15717,335.56,0.51,0.49,"2026-02-15",635,"N20","nominal","2.0NRT",300.42,4.01,"D"
"1886",13.35945,107.02675,335.66,0.5,0.49,"2026-02-15",635,"N20","nominal","2.0NRT",298.71,3.36,"D"
"1887",13.45099,107.73249,335.12,0.56,0.51,"2026-02-15",635,"N20","nominal","2.0NRT",295.58,3.76,"D"
"1888",13.45036,107.72733,330.83,0.56,0.51,"2026-02-15",635,"N20","nominal","2.0NRT",295.77,3.75,"D"
"1889",13.4183,107.46525,356.1,0.53,0.5,"2026-02-15",635,"N20","nominal","2.0NRT",298.39,12.48,"D"
"1890",13.42355,107.4696,335.43,0.54,0.5,"2026-02-15",635,"N20","nominal","2.0NRT",297.36,3.32,"D"
"1891",13.42111,107.44981,336.43,0.53,0.5,"2026-02-15",635,"N20","nominal","2.0NRT",296.01,5.82,"D"
"1892",13.36386,106.98885,335.15,0.5,0.49,"2026-02-15",635,"N20","nominal","2.0NRT",299.47,5,"D"
"1893",13.35189,106.89334,332.18,0.49,0.48,"2026-02-15",635,"N20","nominal","2.0NRT",299.18,2.83,"D"
"1894",13.30858,106.55024,339.19,0.46,0.47,"2026-02-15",635,"N20","nominal","2.0NRT",304.3,3.16,"D"
"1895",13.26137,106.18044,340.59,0.44,0.46,"2026-02-15",635,"N20","nominal","2.0NRT",300.78,3.74,"D"
"1896",13.26084,106.17638,341.58,0.44,0.46,"2026-02-15",635,"N20","nominal","2.0NRT",301.01,3.74,"D"
"1897",13.23829,106.00128,340.88,0.43,0.46,"2026-02-15",635,"N20","nominal","2.0NRT",302.94,6.72,"D"
"1898",13.07722,104.77779,335.01,0.54,0.42,"2026-02-15",635,"N20","nominal","2.0NRT",303.35,12.85,"D"
"1899",13.42819,107.46897,336.02,0.54,0.5,"2026-02-15",635,"N20","nominal","2.0NRT",295.99,3.32,"D"
"1900",13.36835,106.98829,340.78,0.5,0.49,"2026-02-15",635,"N20","nominal","2.0NRT",301.21,5,"D"
"1901",13.33218,106.70124,336.84,0.47,0.48,"2026-02-15",635,"N20","nominal","2.0NRT",302.66,5.32,"D"
"1902",13.26561,106.17984,341.86,0.44,0.46,"2026-02-15",635,"N20","nominal","2.0NRT",302.06,3.74,"D"
"1903",13.26508,106.17577,331.59,0.44,0.46,"2026-02-15",635,"N20","low","2.0NRT",301.88,3.74,"D"
"1904",12.90023,103.45773,341.87,0.46,0.39,"2026-02-15",635,"N20","nominal","2.0NRT",304.66,4.52,"D"
"1905",13.43222,107.46341,335.85,0.53,0.5,"2026-02-15",635,"N20","nominal","2.0NRT",297.28,8.41,"D"
"1906",13.3944,107.15951,331.87,0.51,0.49,"2026-02-15",635,"N20","nominal","2.0NRT",300.31,3.37,"D"
"1907",13.30424,106.44694,344.83,0.46,0.47,"2026-02-15",635,"N20","nominal","2.0NRT",300.49,5.55,"D"
"1908",13.37907,107.00088,333.54,0.5,0.49,"2026-02-15",635,"N20","nominal","2.0NRT",299.66,4.01,"D"
"1909",13.34042,106.6957,330.51,0.47,0.48,"2026-02-15",635,"N20","low","2.0NRT",302.62,5.29,"D"
"1910",13.30803,106.44215,347.43,0.46,0.47,"2026-02-15",635,"N20","nominal","2.0NRT",300.52,10.46,"D"
"1911",12.90212,103.41899,333.5,0.45,0.39,"2026-02-15",635,"N20","low","2.0NRT",304.03,3.22,"D"
"1912",13.13822,105.11421,341.3,0.56,0.43,"2026-02-15",635,"N20","nominal","2.0NRT",306.49,11.43,"D"
"1913",13.51082,107.98391,333.67,0.58,0.52,"2026-02-15",635,"N20","nominal","2.0NRT",292.93,5.12,"D"
"1914",13.41158,107.18593,332.49,0.51,0.49,"2026-02-15",635,"N20","nominal","2.0NRT",297.65,1.43,"D"
"1915",13.15007,105.11256,337.94,0.56,0.43,"2026-02-15",635,"N20","nominal","2.0NRT",307.05,6.96,"D"
"1916",13.14939,105.10751,337.72,0.56,0.43,"2026-02-15",635,"N20","nominal","2.0NRT",302.9,6.96,"D"
"1917",13.47258,107.5593,345.25,0.54,0.51,"2026-02-15",635,"N20","nominal","2.0NRT",296.78,12.31,"D"
"1918",13.15402,105.11201,343.51,0.56,0.43,"2026-02-15",635,"N20","nominal","2.0NRT",309.29,7.26,"D"
"1919",13.15334,105.10696,339.01,0.56,0.43,"2026-02-15",635,"N20","nominal","2.0NRT",307.33,7.26,"D"
"1920",13.0704,104.49706,350.38,0.52,0.41,"2026-02-15",635,"N20","nominal","2.0NRT",305.25,9.83,"D"
"1921",13.06065,104.42599,345.12,0.51,0.41,"2026-02-15",635,"N20","nominal","2.0NRT",304.75,10.8,"D"
"1922",13.27601,105.99604,337.62,0.43,0.46,"2026-02-15",635,"N20","nominal","2.0NRT",303.79,3.91,"D"
"1923",13.43196,107.16426,331.41,0.51,0.49,"2026-02-15",635,"N20","nominal","2.0NRT",298.62,2.64,"D"
"1924",13.42478,107.108,334.97,0.51,0.49,"2026-02-15",635,"N20","nominal","2.0NRT",299.21,5.07,"D"
"1925",13.39535,106.87858,340.29,0.49,0.48,"2026-02-15",635,"N20","nominal","2.0NRT",299.33,2.8,"D"
"1926",13.11033,104.70294,367,0.53,0.42,"2026-02-15",635,"N20","high","2.0NRT",306.71,13.18,"D"
"1927",13.42931,107.10741,345.85,0.51,0.49,"2026-02-15",635,"N20","nominal","2.0NRT",297.95,5.07,"D"
"1928",13.11418,104.70239,330.95,0.53,0.42,"2026-02-15",635,"N20","nominal","2.0NRT",303,2.58,"D"
"1929",13.36189,106.51747,341.05,0.46,0.47,"2026-02-15",635,"N20","nominal","2.0NRT",305.63,5.8,"D"
"1930",12.93613,103.40126,340.5,0.45,0.39,"2026-02-15",635,"N20","nominal","2.0NRT",305.89,2.73,"D"
"1931",13.48041,107.39735,334.5,0.53,0.5,"2026-02-15",635,"N20","nominal","2.0NRT",294.96,3.57,"D"
"1932",13.45992,107.23775,331.79,0.52,0.5,"2026-02-15",635,"N20","nominal","2.0NRT",300.37,2.81,"D"
"1933",13.4447,107.11958,348.38,0.51,0.49,"2026-02-15",635,"N20","nominal","2.0NRT",298.57,6.12,"D"
"1934",13.36623,106.5169,333.32,0.46,0.47,"2026-02-15",635,"N20","low","2.0NRT",305.93,4.26,"D"
"1935",13.29541,105.98151,340.57,0.43,0.46,"2026-02-15",635,"N20","nominal","2.0NRT",301.06,4.11,"D"
"1936",13.15605,104.95004,337.14,0.55,0.43,"2026-02-15",635,"N20","nominal","2.0NRT",302.27,11.24,"D"
"1937",13.46449,107.23714,338.39,0.52,0.5,"2026-02-15",635,"N20","nominal","2.0NRT",301.11,2.81,"D"
"1938",13.35943,106.43169,344.17,0.46,0.47,"2026-02-15",635,"N20","nominal","2.0NRT",302.07,4.62,"D"
"1939",13.29022,105.91077,346.6,0.42,0.45,"2026-02-15",635,"N20","nominal","2.0NRT",302.35,6.22,"D"
"1940",13.2897,105.90688,346.97,0.42,0.45,"2026-02-15",635,"N20","nominal","2.0NRT",303.64,6.22,"D"
"1941",13.28918,105.90298,351.56,0.42,0.45,"2026-02-15",635,"N20","nominal","2.0NRT",303,6.58,"D"
"1942",13.28866,105.89911,339.36,0.42,0.45,"2026-02-15",635,"N20","nominal","2.0NRT",301.5,6.58,"D"
"1943",13.16204,104.9646,340.32,0.55,0.43,"2026-02-15",635,"N20","nominal","2.0NRT",305.16,13.02,"D"
"1944",13.29492,105.9141,342.34,0.42,0.45,"2026-02-15",635,"N20","nominal","2.0NRT",302.9,8.63,"D"
"1945",13.29439,105.9102,338.94,0.42,0.45,"2026-02-15",635,"N20","nominal","2.0NRT",304.26,8.76,"D"
"1946",13.29335,105.90242,346.59,0.42,0.45,"2026-02-15",635,"N20","nominal","2.0NRT",303.29,6.5,"D"
"1947",13.47695,107.22567,343.69,0.52,0.5,"2026-02-15",635,"N20","nominal","2.0NRT",300,7.16,"D"
"1948",13.42075,106.76163,343.65,0.48,0.48,"2026-02-15",635,"N20","nominal","2.0NRT",304.75,4.04,"D"
"1949",13.42017,106.75718,341.53,0.48,0.48,"2026-02-15",635,"N20","nominal","2.0NRT",302.52,4.04,"D"
"1950",13.21978,105.26808,343.49,0.38,0.43,"2026-02-15",635,"N20","nominal","2.0NRT",305.25,3.49,"D"
"1951",13.52109,107.45706,330.69,0.54,0.5,"2026-02-15",635,"N20","nominal","2.0NRT",294.5,4.7,"D"
"1952",13.50262,107.31534,331.84,0.52,0.5,"2026-02-15",635,"N20","nominal","2.0NRT",298.31,3.14,"D"
"1953",13.43315,106.78723,353.26,0.48,0.48,"2026-02-15",635,"N20","nominal","2.0NRT",301.82,5.5,"D"
"1954",13.43256,106.78277,336.7,0.48,0.48,"2026-02-15",635,"N20","nominal","2.0NRT",305.63,5.5,"D"
"1955",13.37692,106.36518,337.7,0.45,0.47,"2026-02-15",635,"N20","nominal","2.0NRT",302.03,2.06,"D"
"1956",13.47779,107.22781,342.83,0.52,0.5,"2026-02-15",635,"N20","nominal","2.0NRT",300.24,5.36,"D"
"1957",13.41998,106.75877,332.86,0.48,0.48,"2026-02-15",635,"N20","nominal","2.0NRT",302.81,2.38,"D"
"1958",13.42441,106.75822,348.4,0.48,0.48,"2026-02-15",635,"N20","nominal","2.0NRT",305.75,10.65,"D"
"1959",13.19199,104.94784,337.67,0.55,0.43,"2026-02-15",635,"N20","nominal","2.0NRT",303.57,9.84,"D"
"1960",13.43217,106.78442,346.3,0.48,0.48,"2026-02-15",635,"N20","nominal","2.0NRT",304.82,6.67,"D"
"1961",13.37906,106.36169,333.91,0.45,0.47,"2026-02-15",635,"N20","nominal","2.0NRT",301.81,2.77,"D"
"1962",13.2355,105.24762,331.6,0.38,0.43,"2026-02-15",635,"N20","low","2.0NRT",304.29,2.13,"D"
"1963",13.19657,104.95231,340.36,0.55,0.43,"2026-02-15",635,"N20","nominal","2.0NRT",305.39,9.84,"D"
"1964",13.19724,104.95741,320.45,0.55,0.43,"2026-02-15",635,"N20","low","2.0NRT",320.71,153.16,"D"
"1965",13.51839,107.44498,334.96,0.53,0.5,"2026-02-15",635,"N20","nominal","2.0NRT",294.9,5.53,"D"
"1966",13.43717,106.78831,341.34,0.48,0.48,"2026-02-15",635,"N20","nominal","2.0NRT",302.55,7.16,"D"
"1967",13.41183,106.58642,335.46,0.47,0.48,"2026-02-15",635,"N20","nominal","2.0NRT",305.45,3.12,"D"
"1968",13.38871,106.40327,340.36,0.45,0.47,"2026-02-15",635,"N20","nominal","2.0NRT",304.26,5.17,"D"
"1969",13.23949,105.24709,340.2,0.38,0.43,"2026-02-15",635,"N20","nominal","2.0NRT",304.25,4.8,"D"
"1970",13.20117,104.95689,334.79,0.55,0.43,"2026-02-15",635,"N20","nominal","2.0NRT",299.57,3,"D"
"1971",13.13551,104.46586,336.45,0.52,0.41,"2026-02-15",635,"N20","nominal","2.0NRT",303.45,3.19,"D"
"1972",13.38876,106.36913,335.56,0.45,0.47,"2026-02-15",635,"N20","nominal","2.0NRT",305.32,4.85,"D"
"1973",13.53497,107.50315,341.39,0.54,0.51,"2026-02-15",635,"N20","nominal","2.0NRT",295.89,9.07,"D"
"1974",13.53435,107.49809,337.68,0.54,0.51,"2026-02-15",635,"N20","nominal","2.0NRT",295.21,9.07,"D"
"1975",13.51079,107.30679,330.01,0.52,0.5,"2026-02-15",635,"N20","nominal","2.0NRT",297.33,3.73,"D"
"1976",13.25682,105.31686,336.17,0.39,0.44,"2026-02-15",635,"N20","nominal","2.0NRT",301.67,1.37,"D"
"1977",12.99066,103.35607,336.95,0.45,0.39,"2026-02-15",635,"N20","nominal","2.0NRT",305.47,3.33,"D"
"1978",13.51239,107.28198,343.07,0.52,0.5,"2026-02-15",635,"N20","nominal","2.0NRT",297.57,6.05,"D"
"1979",13.41895,106.53738,346.52,0.46,0.47,"2026-02-15",635,"N20","nominal","2.0NRT",305.92,5.51,"D"
"1980",13.21429,104.96554,354.28,0.55,0.43,"2026-02-15",635,"N20","nominal","2.0NRT",303.68,21.15,"D"
"1981",13.2136,104.9604,336.18,0.55,0.43,"2026-02-15",635,"N20","nominal","2.0NRT",299.72,17.36,"D"
"1982",13.21291,104.95523,342.94,0.55,0.43,"2026-02-15",635,"N20","nominal","2.0NRT",305.04,17.36,"D"
"1983",13.21752,104.95983,353.59,0.55,0.43,"2026-02-15",635,"N20","nominal","2.0NRT",307.9,59.16,"D"
"1984",13.21683,104.95467,336.01,0.55,0.43,"2026-02-15",635,"N20","nominal","2.0NRT",305.94,59.16,"D"
"1985",13.56193,107.60636,342.97,0.55,0.51,"2026-02-15",635,"N20","nominal","2.0NRT",295.17,6.8,"D"
"1986",13.43701,106.60958,335.95,0.47,0.48,"2026-02-15",635,"N20","nominal","2.0NRT",299.71,9.16,"D"
"1987",13.43646,106.60524,350.83,0.47,0.48,"2026-02-15",635,"N20","nominal","2.0NRT",306.18,9.16,"D"
"1988",13.44694,106.6525,344.7,0.47,0.48,"2026-02-15",635,"N20","nominal","2.0NRT",304.94,11.29,"D"
"1989",13.43808,106.58305,352.09,0.47,0.48,"2026-02-15",635,"N20","nominal","2.0NRT",304.05,17.3,"D"
"1990",13.56322,107.53982,345.55,0.54,0.51,"2026-02-15",635,"N20","nominal","2.0NRT",295.99,9.23,"D"
"1991",13.56264,107.53516,343.18,0.54,0.51,"2026-02-15",635,"N20","nominal","2.0NRT",294.99,9.23,"D"
"1992",13.56731,107.53459,331.96,0.54,0.51,"2026-02-15",635,"N20","nominal","2.0NRT",294.15,6,"D"
"1993",13.52812,107.22152,330.28,0.52,0.5,"2026-02-15",635,"N20","nominal","2.0NRT",299.4,4.44,"D"
"1994",13.53666,107.21561,353.14,0.52,0.5,"2026-02-15",635,"N20","nominal","2.0NRT",299.54,6.88,"D"
"1995",13.54123,107.21499,339.98,0.52,0.5,"2026-02-15",635,"N20","nominal","2.0NRT",299.26,6.88,"D"
"1996",13.01342,103.28503,338.58,0.45,0.39,"2026-02-15",635,"N20","nominal","2.0NRT",304.78,3.64,"D"
"1997",13.52184,107.02649,346.34,0.5,0.49,"2026-02-15",635,"N20","nominal","2.0NRT",300.62,5.98,"D"
"1998",13.01815,103.29279,336.89,0.45,0.39,"2026-02-15",635,"N20","nominal","2.0NRT",303.53,3.07,"D"
"1999",13.0223,103.2964,336.8,0.45,0.39,"2026-02-15",635,"N20","nominal","2.0NRT",304.34,3.07,"D"
"2000",13.2949,105.23586,350.17,0.38,0.43,"2026-02-15",635,"N20","nominal","2.0NRT",301.04,4.57,"D"
"2001",13.52886,106.97416,334.69,0.5,0.49,"2026-02-15",635,"N20","nominal","2.0NRT",299.97,1.99,"D"
"2002",13.52354,106.93295,345.07,0.49,0.49,"2026-02-15",635,"N20","nominal","2.0NRT",301.11,6.51,"D"
"2003",13.59641,107.46465,336.28,0.54,0.51,"2026-02-15",635,"N20","nominal","2.0NRT",297.41,6.68,"D"
"2004",13.53276,106.96898,343.41,0.5,0.49,"2026-02-15",635,"N20","nominal","2.0NRT",299.86,6.49,"D"
"2005",13.44736,106.31494,346.34,0.45,0.47,"2026-02-15",635,"N20","nominal","2.0NRT",303.19,4.78,"D"
"2006",13.52457,106.83591,338.84,0.49,0.48,"2026-02-15",635,"N20","nominal","2.0NRT",301.95,5.73,"D"
"2007",13.27799,104.99311,339.7,0.56,0.43,"2026-02-15",635,"N20","nominal","2.0NRT",301.45,6.36,"D"
"2008",13.39103,105.79523,351.7,0.42,0.45,"2026-02-15",635,"N20","nominal","2.0NRT",305.04,12.84,"D"
"2009",13.33182,105.35757,331.09,0.39,0.44,"2026-02-15",635,"N20","nominal","2.0NRT",301.06,1.39,"D"
"2010",13.33134,105.35401,331.2,0.39,0.44,"2026-02-15",635,"N20","nominal","2.0NRT",299.27,1.39,"D"
"2011",13.31438,105.22962,342.56,0.38,0.43,"2026-02-15",635,"N20","nominal","2.0NRT",303.13,5.47,"D"
"2012",13.3133,105.22166,331.94,0.57,0.43,"2026-02-15",635,"N20","low","2.0NRT",304.16,3.67,"D"
"2013",13.31257,105.21632,335.66,0.57,0.43,"2026-02-15",635,"N20","nominal","2.0NRT",303.44,3.67,"D"
"2014",13.31183,105.21095,341.78,0.57,0.43,"2026-02-15",635,"N20","nominal","2.0NRT",304.28,7.7,"D"
"2015",13.53583,106.85275,335.47,0.49,0.48,"2026-02-15",635,"N20","nominal","2.0NRT",300.73,1.86,"D"
"2016",13.39518,105.79467,331.95,0.42,0.45,"2026-02-15",635,"N20","low","2.0NRT",304.37,4.68,"D"
"2017",13.33976,105.38578,334.92,0.39,0.44,"2026-02-15",635,"N20","nominal","2.0NRT",301.63,3.36,"D"
"2018",13.33928,105.38221,337.74,0.39,0.44,"2026-02-15",635,"N20","nominal","2.0NRT",300.4,3.36,"D"
"2019",13.33634,105.36065,334.18,0.39,0.44,"2026-02-15",635,"N20","nominal","2.0NRT",300.18,1.51,"D"
"2020",13.32417,105.27148,333.87,0.39,0.44,"2026-02-15",635,"N20","nominal","2.0NRT",302.66,2.48,"D"
"2021",13.31507,105.20495,335.52,0.57,0.43,"2026-02-15",635,"N20","nominal","2.0NRT",301.95,11.49,"D"
"2022",13.05794,103.36755,336.84,0.45,0.39,"2026-02-15",635,"N20","nominal","2.0NRT",304.71,5.11,"D"
"2023",13.05735,103.36338,350.05,0.45,0.39,"2026-02-15",635,"N20","nominal","2.0NRT",306.15,5.11,"D"
"2024",13.52269,106.71841,344.14,0.48,0.48,"2026-02-15",635,"N20","nominal","2.0NRT",305.48,3.74,"D"
"2025",13.5221,106.71395,339.19,0.48,0.48,"2026-02-15",635,"N20","nominal","2.0NRT",305.09,4.8,"D"
"2026",13.52152,106.70953,343.41,0.48,0.48,"2026-02-15",635,"N20","nominal","2.0NRT",306.42,4.8,"D"
"2027",13.39932,105.79413,352.08,0.42,0.45,"2026-02-15",635,"N20","nominal","2.0NRT",304.45,4.68,"D"
"2028",13.34331,105.38166,340.53,0.39,0.44,"2026-02-15",635,"N20","nominal","2.0NRT",302.82,3.36,"D"
"2029",13.32188,105.22498,336.84,0.38,0.43,"2026-02-15",635,"N20","nominal","2.0NRT",303.24,2.67,"D"
"2030",13.06152,103.36703,332.37,0.45,0.39,"2026-02-15",635,"N20","nominal","2.0NRT",299.2,5.11,"D"
"2031",13.62953,107.50132,344.95,0.54,0.51,"2026-02-15",635,"N20","nominal","2.0NRT",297.58,10.8,"D"
"2032",13.54475,106.85162,333.74,0.49,0.48,"2026-02-15",635,"N20","nominal","2.0NRT",302.32,3.13,"D"
"2033",13.54415,106.84705,344.65,0.49,0.48,"2026-02-15",635,"N20","nominal","2.0NRT",303.38,6.62,"D"
"2034",13.52652,106.71342,345.89,0.48,0.48,"2026-02-15",635,"N20","nominal","2.0NRT",306.22,6.35,"D"
"2035",13.52594,106.70898,338.65,0.48,0.48,"2026-02-15",635,"N20","nominal","2.0NRT",306.92,6.35,"D"
"2036",13.3351,105.29171,338.91,0.39,0.44,"2026-02-15",635,"N20","nominal","2.0NRT",302.87,4.32,"D"
"2037",13.51991,106.62968,335.03,0.47,0.48,"2026-02-15",635,"N20","low","2.0NRT",305.18,3.82,"D"
"2038",13.25727,104.6996,344.97,0.53,0.42,"2026-02-15",635,"N20","nominal","2.0NRT",303.26,13.3,"D"
"2039",13.30512,105.01546,344.01,0.56,0.43,"2026-02-15",635,"N20","nominal","2.0NRT",304.4,4.24,"D"
"2040",13.28092,104.81266,334.57,0.54,0.42,"2026-02-15",635,"N20","low","2.0NRT",305.56,6.16,"D"
"2041",12.95111,102.50571,336,0.42,0.38,"2026-02-15",635,"N20","nominal","2.0NRT",299.83,2.35,"D"
"2042",13.25472,104.6969,331.23,0.53,0.42,"2026-02-15",635,"N20","nominal","2.0NRT",300.86,2.5,"D"
"2043",12.98749,102.74242,333.32,0.43,0.38,"2026-02-15",635,"N20","nominal","2.0NRT",296.52,0.93,"D"
"2044",12.95388,102.50526,335.93,0.42,0.38,"2026-02-15",635,"N20","nominal","2.0NRT",300.54,3.65,"D"
"2045",13.65445,107.84409,334.26,0.57,0.52,"2026-02-15",635,"N20","nominal","2.0NRT",295.69,4.35,"D"
"2046",13.53451,106.8539,338.71,0.49,0.48,"2026-02-15",635,"N20","nominal","2.0NRT",300.62,2.52,"D"
"2047",13.40141,105.79355,342.33,0.42,0.45,"2026-02-15",635,"N20","nominal","2.0NRT",301.62,4.66,"D"
"2048",13.3366,105.29066,337.94,0.39,0.44,"2026-02-15",635,"N20","nominal","2.0NRT",302.66,3.34,"D"
"2049",13.25858,104.69634,334.3,0.53,0.42,"2026-02-15",635,"N20","nominal","2.0NRT",301.57,9.71,"D"
"2050",13.52181,106.71478,339.92,0.48,0.48,"2026-02-15",635,"N20","nominal","2.0NRT",305.2,4.65,"D"
"2051",13.52126,106.71033,350.02,0.48,0.48,"2026-02-15",635,"N20","nominal","2.0NRT",306.16,4.65,"D"
"2052",13.33551,105.25099,331.42,0.38,0.44,"2026-02-15",635,"N20","low","2.0NRT",303.84,2.05,"D"
"2053",13.30498,105.01784,336.22,0.56,0.43,"2026-02-15",635,"N20","nominal","2.0NRT",303.24,5.39,"D"
"2054",13.30431,105.0127,335.06,0.56,0.43,"2026-02-15",635,"N20","nominal","2.0NRT",304.78,5.02,"D"
"2055",13.54231,106.84368,342.35,0.49,0.48,"2026-02-15",635,"N20","nominal","2.0NRT",303.56,9.61,"D"
"2056",13.52623,106.71423,336.11,0.48,0.48,"2026-02-15",635,"N20","nominal","2.0NRT",305.61,5.85,"D"
"2057",13.52568,106.70979,345.83,0.48,0.48,"2026-02-15",635,"N20","nominal","2.0NRT",307.46,5.85,"D"
"2058",13.40625,105.76554,342.81,0.41,0.45,"2026-02-15",635,"N20","nominal","2.0NRT",302.97,7.84,"D"
"2059",13.34322,105.27892,345.58,0.39,0.44,"2026-02-15",635,"N20","nominal","2.0NRT",303.02,8.42,"D"
"2060",13.34276,105.27536,346.76,0.39,0.44,"2026-02-15",635,"N20","nominal","2.0NRT",303.53,7.98,"D"
"2061",13.28214,104.81458,331.58,0.54,0.42,"2026-02-15",635,"N20","low","2.0NRT",306.04,6.58,"D"
"2062",13.23082,104.42981,334.23,0.52,0.41,"2026-02-15",635,"N20","nominal","2.0NRT",300.57,5.44,"D"
"2063",13.62788,107.50343,340.48,0.54,0.51,"2026-02-15",635,"N20","nominal","2.0NRT",296.03,8.2,"D"
"2064",13.52023,106.63029,334.43,0.47,0.48,"2026-02-15",635,"N20","low","2.0NRT",304.93,3.43,"D"
"2065",13.4099,105.76115,344.53,0.41,0.45,"2026-02-15",635,"N20","nominal","2.0NRT",301.9,8.57,"D"
"2066",13.34723,105.27837,347.94,0.39,0.44,"2026-02-15",635,"N20","nominal","2.0NRT",303.26,8.42,"D"
"2067",13.34676,105.2748,341.76,0.39,0.44,"2026-02-15",635,"N20","nominal","2.0NRT",304.56,7.98,"D"
"2068",13.23781,104.45306,339.34,0.52,0.41,"2026-02-15",635,"N20","nominal","2.0NRT",303.31,6.92,"D"
"2069",13.3489,105.26002,345.37,0.39,0.44,"2026-02-15",635,"N20","nominal","2.0NRT",303.17,7.49,"D"
"2070",13.24161,104.45251,335.82,0.52,0.41,"2026-02-15",635,"N20","nominal","2.0NRT",304.64,7.49,"D"
"2071",13.24097,104.44776,342.14,0.52,0.41,"2026-02-15",635,"N20","nominal","2.0NRT",303.92,6.89,"D"
"2072",13.24033,104.443,338.31,0.52,0.41,"2026-02-15",635,"N20","nominal","2.0NRT",303.42,6.89,"D"
"2073",13.24477,104.44722,367,0.52,0.41,"2026-02-15",635,"N20","high","2.0NRT",304.03,6.89,"D"
"2074",13.54838,106.78349,346.72,0.48,0.48,"2026-02-15",635,"N20","nominal","2.0NRT",301.9,6.66,"D"
"2075",13.54783,106.77908,343.08,0.48,0.48,"2026-02-15",635,"N20","nominal","2.0NRT",302.75,6.66,"D"
"2076",13.51431,106.51237,346,0.46,0.47,"2026-02-15",635,"N20","nominal","2.0NRT",307.37,8.82,"D"
"2077",13.51377,106.50809,344.76,0.46,0.47,"2026-02-15",635,"N20","nominal","2.0NRT",307.29,8.82,"D"
"2078",13.42463,105.80997,332.39,0.42,0.45,"2026-02-15",635,"N20","nominal","2.0NRT",300.62,3.11,"D"
"2079",13.41965,105.77143,332.29,0.41,0.45,"2026-02-15",635,"N20","low","2.0NRT",302.8,3.26,"D"
"2080",13.32207,105.02575,334.8,0.56,0.43,"2026-02-15",635,"N20","nominal","2.0NRT",304.53,4.79,"D"
"2081",13.24541,104.45196,348.55,0.52,0.41,"2026-02-15",635,"N20","nominal","2.0NRT",304.39,7.49,"D"
"2082",13.24413,104.44247,340.96,0.52,0.41,"2026-02-15",635,"N20","nominal","2.0NRT",302.95,6.89,"D"
"2083",13.56639,106.89133,334.38,0.49,0.49,"2026-02-15",635,"N20","nominal","2.0NRT",300.32,4.12,"D"
"2084",13.55282,106.78294,342.14,0.48,0.48,"2026-02-15",635,"N20","nominal","2.0NRT",301.43,4.31,"D"
"2085",13.55227,106.77853,338.67,0.48,0.48,"2026-02-15",635,"N20","nominal","2.0NRT",302.54,4.31,"D"
"2086",13.44741,105.95368,349.9,0.43,0.46,"2026-02-15",635,"N20","nominal","2.0NRT",305.26,34.72,"D"
"2087",13.41392,105.69479,345.39,0.41,0.45,"2026-02-15",635,"N20","nominal","2.0NRT",299.58,9.65,"D"
"2088",13.41342,105.69098,337.75,0.41,0.45,"2026-02-15",635,"N20","nominal","2.0NRT",299.58,5.6,"D"
"2089",13.41293,105.68718,338.57,0.41,0.45,"2026-02-15",635,"N20","nominal","2.0NRT",299.58,5.6,"D"
"2090",13.30838,104.89254,342.9,0.55,0.43,"2026-02-15",635,"N20","nominal","2.0NRT",307.34,39.04,"D"
"2091",13.43243,105.80501,334.63,0.42,0.45,"2026-02-15",635,"N20","nominal","2.0NRT",302.66,3.52,"D"
"2092",13.36137,105.26191,342.49,0.39,0.44,"2026-02-15",635,"N20","nominal","2.0NRT",304.53,4.75,"D"
"2093",13.30291,104.82185,332.27,0.54,0.42,"2026-02-15",635,"N20","low","2.0NRT",304.77,3.46,"D"
"2094",13.52575,106.4978,345.5,0.46,0.47,"2026-02-15",635,"N20","nominal","2.0NRT",308.54,10.94,"D"
"2095",13.43658,105.80447,330.09,0.42,0.45,"2026-02-15",635,"N20","nominal","2.0NRT",299.72,1.96,"D"
"2096",13.44225,105.81551,334.68,0.42,0.45,"2026-02-15",635,"N20","nominal","2.0NRT",301.58,4.03,"D"
"2097",13.45195,105.85756,356.32,0.42,0.45,"2026-02-15",635,"N20","nominal","2.0NRT",303.44,6.5,"D"
"2098",13.44691,105.81885,353.88,0.42,0.45,"2026-02-15",635,"N20","nominal","2.0NRT",301.88,4.43,"D"
"2099",13.4464,105.81499,333.7,0.42,0.45,"2026-02-15",635,"N20","nominal","2.0NRT",300.93,4.43,"D"
"2100",13.4854,106.08184,344.76,0.43,0.46,"2026-02-15",635,"N20","nominal","2.0NRT",304.49,16.37,"D"
"2101",13.48487,106.07783,348.18,0.43,0.46,"2026-02-15",635,"N20","nominal","2.0NRT",312.84,27.55,"D"
"2102",13.48435,106.07382,333.41,0.43,0.46,"2026-02-15",635,"N20","low","2.0NRT",305.5,27.55,"D"
"2103",13.45663,105.86089,332.36,0.42,0.45,"2026-02-15",635,"N20","low","2.0NRT",303.11,4.96,"D"
"2104",13.45612,105.85699,331.09,0.42,0.45,"2026-02-15",635,"N20","low","2.0NRT",305.56,6.5,"D"
"2105",13.30907,104.75001,337.96,0.54,0.42,"2026-02-15",635,"N20","nominal","2.0NRT",302.47,2.88,"D"
"2106",13.018,102.65799,336.05,0.42,0.38,"2026-02-15",635,"N20","nominal","2.0NRT",303.58,1.78,"D"
"2107",13.45826,105.84093,367,0.42,0.45,"2026-02-15",635,"N20","high","2.0NRT",304.49,12.11,"D"
"2108",13.45775,105.83707,367,0.42,0.45,"2026-02-15",635,"N20","high","2.0NRT",305.83,12.11,"D"
"2109",13.49276,106.10542,333.25,0.44,0.46,"2026-02-15",635,"N20","low","2.0NRT",306.07,4.65,"D"
"2110",13.48911,106.07729,347.93,0.43,0.46,"2026-02-15",635,"N20","nominal","2.0NRT",304.17,13.53,"D"
"2111",13.45978,105.85254,333.78,0.42,0.45,"2026-02-15",635,"N20","nominal","2.0NRT",303.36,2.12,"D"
"2112",13.45927,105.84868,349.26,0.42,0.45,"2026-02-15",635,"N20","nominal","2.0NRT",304.45,7.28,"D"
"2113",13.45877,105.84481,356.43,0.42,0.45,"2026-02-15",635,"N20","nominal","2.0NRT",306.05,7.28,"D"
"2114",13.45724,105.8332,355.02,0.42,0.45,"2026-02-15",635,"N20","nominal","2.0NRT",302.22,12.09,"D"
"2115",13.31295,104.74946,345.18,0.54,0.42,"2026-02-15",635,"N20","nominal","2.0NRT",310.64,65.13,"D"
"2116",13.46242,105.84039,367,0.42,0.45,"2026-02-15",635,"N20","high","2.0NRT",302.92,12.11,"D"
"2117",13.49648,106.10085,333.87,0.44,0.46,"2026-02-15",635,"N20","low","2.0NRT",304.25,1.49,"D"
"2118",13.46293,105.84427,333.23,0.42,0.45,"2026-02-15",635,"N20","nominal","2.0NRT",300.01,7.28,"D"
"2119",13.46191,105.83651,352.61,0.42,0.45,"2026-02-15",635,"N20","nominal","2.0NRT",302.88,12.11,"D"
"2120",13.3634,105.09435,335.65,0.56,0.43,"2026-02-15",635,"N20","nominal","2.0NRT",303.1,3.18,"D"
"2121",13.3627,105.08911,336.67,0.56,0.43,"2026-02-15",635,"N20","nominal","2.0NRT",305.3,4.59,"D"
"2122",13.3034,104.65001,346.63,0.53,0.42,"2026-02-15",635,"N20","nominal","2.0NRT",303.78,10.42,"D"
"2123",13.61905,107.01926,336.28,0.5,0.49,"2026-02-15",635,"N20","nominal","2.0NRT",303.02,8.36,"D"
"2124",13.53381,106.35471,342.4,0.45,0.47,"2026-02-15",635,"N20","nominal","2.0NRT",299.25,9.43,"D"
"2125",13.34222,104.87788,337.97,0.55,0.43,"2026-02-15",635,"N20","nominal","2.0NRT",304.76,4.94,"D"
"2126",13.33473,104.82262,332.3,0.54,0.42,"2026-02-15",635,"N20","low","2.0NRT",304.21,4.84,"D"
"2127",13.57004,106.56636,334.79,0.47,0.48,"2026-02-15",635,"N20","low","2.0NRT",305.15,3.52,"D"
"2128",13.56948,106.56204,333.13,0.47,0.48,"2026-02-15",635,"N20","low","2.0NRT",303.69,3.52,"D"
"2129",13.41903,105.41839,343,0.39,0.44,"2026-02-15",635,"N20","nominal","2.0NRT",302.36,4.1,"D"
"2130",13.38303,105.15022,338.95,0.57,0.43,"2026-02-15",635,"N20","nominal","2.0NRT",304.02,4.79,"D"
"2131",13.25366,104.20246,336.18,0.5,0.41,"2026-02-15",635,"N20","nominal","2.0NRT",303.41,5.1,"D"
"2132",13.57386,106.56145,350.65,0.47,0.48,"2026-02-15",635,"N20","nominal","2.0NRT",303.68,3.52,"D"
"2133",13.57273,106.5528,340.34,0.47,0.48,"2026-02-15",635,"N20","nominal","2.0NRT",303.2,4.51,"D"
"2134",13.52033,106.15118,332.24,0.44,0.46,"2026-02-15",635,"N20","low","2.0NRT",305.22,3.9,"D"
"2135",13.3736,105.05053,333.07,0.56,0.43,"2026-02-15",635,"N20","low","2.0NRT",306.07,5.58,"D"
"2136",13.61074,106.81195,334.28,0.49,0.48,"2026-02-15",635,"N20","nominal","2.0NRT",300.98,4.23,"D"
"2137",13.61017,106.80746,340.75,0.49,0.48,"2026-02-15",635,"N20","nominal","2.0NRT",302.56,4.23,"D"
"2138",13.60901,106.79849,352.46,0.49,0.48,"2026-02-15",635,"N20","nominal","2.0NRT",303.5,7.41,"D"
"2139",13.41116,105.29858,342.22,0.39,0.44,"2026-02-15",635,"N20","nominal","2.0NRT",301.59,4.86,"D"
"2140",13.61404,106.80242,345.33,0.49,0.48,"2026-02-15",635,"N20","nominal","2.0NRT",303.33,7.41,"D"
"2141",13.61346,106.79794,338.38,0.49,0.48,"2026-02-15",635,"N20","nominal","2.0NRT",304.44,7.41,"D"
"2142",13.61288,106.79346,347.82,0.49,0.48,"2026-02-15",635,"N20","nominal","2.0NRT",302.92,7.41,"D"
"2143",13.58204,106.55596,336.66,0.47,0.48,"2026-02-15",635,"N20","nominal","2.0NRT",305.41,4.87,"D"
"2144",13.51662,106.05748,339.21,0.43,0.46,"2026-02-15",635,"N20","nominal","2.0NRT",303.55,4.37,"D"
"2145",13.40138,105.19603,344.21,0.57,0.43,"2026-02-15",635,"N20","nominal","2.0NRT",302.86,5.56,"D"
"2146",13.40067,105.19074,354.8,0.57,0.43,"2026-02-15",635,"N20","nominal","2.0NRT",306.36,17.38,"D"
"2147",13.37589,105.00818,332.9,0.56,0.43,"2026-02-15",635,"N20","low","2.0NRT",305.1,1.86,"D"
"2148",13.35372,104.8455,339.51,0.55,0.42,"2026-02-15",635,"N20","nominal","2.0NRT",304.54,5.38,"D"
"2149",13.29864,104.44448,352.06,0.52,0.41,"2026-02-15",635,"N20","nominal","2.0NRT",304.3,12.27,"D"
"2150",13.1355,103.2804,335.79,0.45,0.39,"2026-02-15",635,"N20","nominal","2.0NRT",303.4,2.91,"D"
"2151",13.57575,106.47389,337.63,0.46,0.47,"2026-02-15",635,"N20","nominal","2.0NRT",303.24,4.35,"D"
"2152",13.53042,106.12929,349.3,0.44,0.46,"2026-02-15",635,"N20","nominal","2.0NRT",304.4,6.71,"D"
"2153",13.38334,105.03342,348.4,0.56,0.43,"2026-02-15",635,"N20","nominal","2.0NRT",306.31,7.92,"D"
"2154",13.37983,105.00765,341.27,0.56,0.43,"2026-02-15",635,"N20","nominal","2.0NRT",304.28,5.04,"D"
"2155",13.05201,102.67293,337.17,0.43,0.38,"2026-02-15",635,"N20","nominal","2.0NRT",304.45,2.74,"D"
"2156",13.59529,106.58931,331.82,0.47,0.48,"2026-02-15",635,"N20","low","2.0NRT",302.71,1.56,"D"
"2157",13.38307,105.00197,334.36,0.56,0.43,"2026-02-15",635,"N20","low","2.0NRT",304.83,2.88,"D"
"2158",13.38701,105.00144,336.34,0.56,0.43,"2026-02-15",635,"N20","nominal","2.0NRT",305.72,5.61,"D"
"2159",13.32865,104.57719,336.43,0.53,0.42,"2026-02-15",635,"N20","nominal","2.0NRT",303.31,5.16,"D"
"2160",13.32664,104.5627,336.59,0.53,0.42,"2026-02-15",635,"N20","nominal","2.0NRT",303.25,3.51,"D"
"2161",13.56874,106.32032,367,0.45,0.47,"2026-02-15",635,"N20","high","2.0NRT",303.66,15.1,"D"
"2162",13.47784,105.64005,335.85,0.41,0.45,"2026-02-15",635,"N20","nominal","2.0NRT",302.54,2.84,"D"
"2163",13.44342,105.3856,335.55,0.39,0.44,"2026-02-15",635,"N20","nominal","2.0NRT",303.43,1.47,"D"
"2164",13.41963,105.21066,336.03,0.38,0.43,"2026-02-15",635,"N20","nominal","2.0NRT",303.41,1.74,"D"
"2165",13.34193,104.64488,338.9,0.53,0.42,"2026-02-15",635,"N20","nominal","2.0NRT",304.18,4.05,"D"
"2166",13.62633,106.7236,349.85,0.48,0.48,"2026-02-15",635,"N20","nominal","2.0NRT",302.28,5.36,"D"
"2167",13.57569,106.30674,350.09,0.45,0.47,"2026-02-15",635,"N20","nominal","2.0NRT",304.72,6.43,"D"
"2168",13.45936,105.44224,355.42,0.4,0.44,"2026-02-15",635,"N20","nominal","2.0NRT",300.9,10.12,"D"
"2169",13.4339,105.25555,342.98,0.39,0.44,"2026-02-15",635,"N20","nominal","2.0NRT",303.65,3.38,"D"
"2170",13.5657,106.19916,337.35,0.44,0.46,"2026-02-15",635,"N20","nominal","2.0NRT",306.31,4.27,"D"
"2171",13.52597,105.90315,344.27,0.42,0.45,"2026-02-15",635,"N20","nominal","2.0NRT",305.54,4.91,"D"
"2172",13.52544,105.89928,336.59,0.42,0.45,"2026-02-15",635,"N20","nominal","2.0NRT",304.12,4.91,"D"
"2173",13.51964,105.85628,343.12,0.42,0.45,"2026-02-15",635,"N20","nominal","2.0NRT",304.58,5.78,"D"
"2174",13.4418,105.28346,330.08,0.39,0.44,"2026-02-15",635,"N20","low","2.0NRT",304.66,2.07,"D"
"2175",13.40418,105.00957,343.01,0.56,0.43,"2026-02-15",635,"N20","nominal","2.0NRT",304.97,6.29,"D"
"2176",13.34331,104.57021,335.93,0.53,0.42,"2026-02-15",635,"N20","nominal","2.0NRT",304.8,3.12,"D"
"2177",13.05021,102.51461,340.34,0.42,0.38,"2026-02-15",635,"N20","nominal","2.0NRT",303.62,4.66,"D"
"2178",13.62741,106.62968,344.13,0.47,0.48,"2026-02-15",635,"N20","nominal","2.0NRT",303.89,7.37,"D"
"2179",13.62683,106.62531,342.89,0.47,0.48,"2026-02-15",635,"N20","nominal","2.0NRT",304.54,7.37,"D"
"2180",13.52381,105.8557,344.44,0.42,0.45,"2026-02-15",635,"N20","nominal","2.0NRT",303.99,5.78,"D"
"2181",13.52329,105.85183,336.33,0.42,0.45,"2026-02-15",635,"N20","nominal","2.0NRT",305.57,5.78,"D"
"2182",13.5144,105.78617,330.68,0.42,0.45,"2026-02-15",635,"N20","low","2.0NRT",302.84,1.4,"D"
"2183",13.37726,104.78613,346.31,0.54,0.42,"2026-02-15",635,"N20","nominal","2.0NRT",305.47,11.07,"D"
"2184",13.36692,104.71165,356.22,0.54,0.42,"2026-02-15",635,"N20","nominal","2.0NRT",307.27,27.69,"D"
"2185",13.27299,104.04136,336.23,0.49,0.4,"2026-02-15",635,"N20","nominal","2.0NRT",301.74,3.49,"D"
"2186",13.37147,104.71605,337.9,0.54,0.42,"2026-02-15",635,"N20","nominal","2.0NRT",304.34,3.68,"D"
"2187",13.36872,104.69631,332.38,0.54,0.42,"2026-02-15",635,"N20","low","2.0NRT",304.72,3.46,"D"
"2188",13.33219,104.43494,333.46,0.52,0.41,"2026-02-15",635,"N20","nominal","2.0NRT",302.94,2.25,"D"
"2189",13.37465,104.71056,339.84,0.54,0.42,"2026-02-15",635,"N20","nominal","2.0NRT",304,3.68,"D"
"2190",13.27098,104.03871,340.58,0.49,0.4,"2026-02-15",635,"N20","nominal","2.0NRT",301.89,4.24,"D"
"2191",13.4089,105.04878,332,0.56,0.43,"2026-02-15",635,"N20","low","2.0NRT",302.85,2.16,"D"
"2192",13.40417,105.01255,336.91,0.56,0.43,"2026-02-15",635,"N20","nominal","2.0NRT",304.62,6.83,"D"
"2193",13.3742,104.78413,340.43,0.54,0.42,"2026-02-15",635,"N20","nominal","2.0NRT",306.15,8.41,"D"
"2194",13.36501,104.71447,341.76,0.54,0.42,"2026-02-15",635,"N20","nominal","2.0NRT",304.63,6.58,"D"
"2195",13.36436,104.70951,354.2,0.54,0.42,"2026-02-15",635,"N20","nominal","2.0NRT",304.95,18.42,"D"
"2196",13.62605,106.72507,338.38,0.48,0.48,"2026-02-15",635,"N20","nominal","2.0NRT",300.78,2.76,"D"
"2197",13.62551,106.72076,344.26,0.48,0.48,"2026-02-15",635,"N20","nominal","2.0NRT",303.04,6.09,"D"
"2198",13.57414,106.30786,348.58,0.45,0.47,"2026-02-15",635,"N20","nominal","2.0NRT",304.49,9.69,"D"
"2199",13.37808,104.78358,331.96,0.54,0.42,"2026-02-15",635,"N20","low","2.0NRT",305.16,4.57,"D"
"2200",13.36823,104.70898,349.51,0.54,0.42,"2026-02-15",635,"N20","nominal","2.0NRT",305.04,7.2,"D"
"2201",13.33209,104.4371,332.17,0.52,0.41,"2026-02-15",635,"N20","low","2.0NRT",303.12,2.93,"D"
"2202",13.52686,105.89949,341.81,0.42,0.45,"2026-02-15",635,"N20","nominal","2.0NRT",304.6,9.03,"D"
"2203",13.52137,105.8564,341.84,0.42,0.45,"2026-02-15",635,"N20","nominal","2.0NRT",302.45,4.85,"D"
"2204",13.52088,105.85254,336.28,0.42,0.45,"2026-02-15",635,"N20","nominal","2.0NRT",305.34,4.85,"D"
"2205",13.51989,105.8448,347.23,0.42,0.45,"2026-02-15",635,"N20","nominal","2.0NRT",306,9.73,"D"
"2206",13.5194,105.8409,336.57,0.42,0.45,"2026-02-15",635,"N20","nominal","2.0NRT",304.59,8.44,"D"
"2207",13.45117,105.31107,331.11,0.39,0.44,"2026-02-15",635,"N20","low","2.0NRT",304.32,1.32,"D"
"2208",13.44978,105.30035,331.7,0.39,0.44,"2026-02-15",635,"N20","low","2.0NRT",301.9,1.48,"D"
"2209",13.37275,104.71337,339.53,0.54,0.42,"2026-02-15",635,"N20","nominal","2.0NRT",303.65,5.02,"D"
"2210",13.37012,104.69359,331.1,0.54,0.42,"2026-02-15",635,"N20","low","2.0NRT",304.18,2.13,"D"
"2211",13.52554,105.85583,341.79,0.42,0.45,"2026-02-15",635,"N20","nominal","2.0NRT",303.2,6.03,"D"
"2212",13.52505,105.85195,342.56,0.42,0.45,"2026-02-15",635,"N20","nominal","2.0NRT",305.04,6.03,"D"
"2213",13.52405,105.84421,353.88,0.42,0.45,"2026-02-15",635,"N20","nominal","2.0NRT",311.03,66.1,"D"
"2214",13.51662,105.78616,331.85,0.42,0.45,"2026-02-15",635,"N20","low","2.0NRT",303.2,2.13,"D"
"2215",13.37661,104.71281,331.36,0.54,0.42,"2026-02-15",635,"N20","low","2.0NRT",303.32,2.2,"D"
"2216",13.34545,104.479,335.51,0.52,0.42,"2026-02-15",635,"N20","nominal","2.0NRT",305.12,5.14,"D"
"2217",13.52356,105.84032,298.44,0.42,0.45,"2026-02-15",635,"N20","low","2.0NRT",305.17,48.37,"D"
"2218",13.62782,106.63096,337.59,0.47,0.48,"2026-02-15",635,"N20","nominal","2.0NRT",302.69,7.38,"D"
"2219",13.62727,106.62657,355.61,0.47,0.48,"2026-02-15",635,"N20","nominal","2.0NRT",305.6,7.38,"D"
"2220",13.41043,104.93826,344.48,0.55,0.43,"2026-02-15",635,"N20","nominal","2.0NRT",305.67,7.82,"D"
"2221",13.35441,104.5169,338.11,0.52,0.42,"2026-02-15",635,"N20","nominal","2.0NRT",306.08,33.83,"D"
"2222",13.34926,104.47845,347.47,0.52,0.42,"2026-02-15",635,"N20","nominal","2.0NRT",304.75,5.14,"D"
"2223",13.34862,104.47368,352.31,0.52,0.42,"2026-02-15",635,"N20","nominal","2.0NRT",304.51,6.5,"D"
"2224",13.34799,104.46891,333.52,0.52,0.42,"2026-02-15",635,"N20","low","2.0NRT",303.85,6.5,"D"
"2225",13.53338,105.8508,343.45,0.42,0.45,"2026-02-15",635,"N20","nominal","2.0NRT",305.2,5.96,"D"
"2226",13.53288,105.8469,346.68,0.42,0.45,"2026-02-15",635,"N20","nominal","2.0NRT",304.3,4.5,"D"
"2227",13.53238,105.84303,342.51,0.42,0.45,"2026-02-15",635,"N20","nominal","2.0NRT",304.07,4.5,"D"
"2228",13.5264,105.79652,346.39,0.42,0.45,"2026-02-15",635,"N20","nominal","2.0NRT",303.75,7.51,"D"
"2229",13.52393,105.77728,332.07,0.42,0.45,"2026-02-15",635,"N20","low","2.0NRT",304.2,2.58,"D"
"2230",13.46981,105.35975,331.27,0.39,0.44,"2026-02-15",635,"N20","low","2.0NRT",304.43,3.99,"D"
"2231",13.46933,105.35613,344.46,0.39,0.44,"2026-02-15",635,"N20","nominal","2.0NRT",306.55,3.99,"D"
"2232",13.41435,104.93771,340.89,0.55,0.43,"2026-02-15",635,"N20","nominal","2.0NRT",307.17,9.73,"D"
"2233",13.35695,104.50674,339.19,0.52,0.42,"2026-02-15",635,"N20","nominal","2.0NRT",304,2.66,"D"
"2234",13.53704,105.84631,345.65,0.42,0.45,"2026-02-15",635,"N20","nominal","2.0NRT",304.34,4.5,"D"
"2235",13.53654,105.84245,338.57,0.42,0.45,"2026-02-15",635,"N20","nominal","2.0NRT",302.58,4.5,"D"
"2236",13.47431,105.36279,334.84,0.39,0.44,"2026-02-15",635,"N20","low","2.0NRT",306.21,3.75,"D"
"2237",13.46631,105.30169,353.83,0.39,0.44,"2026-02-15",635,"N20","nominal","2.0NRT",303.11,2.99,"D"
"2238",13.46584,105.29813,331.31,0.39,0.44,"2026-02-15",635,"N20","low","2.0NRT",302.22,2.99,"D"
"2239",13.34215,104.36796,333.87,0.51,0.41,"2026-02-15",635,"N20","low","2.0NRT",305.19,3.83,"D"
"2240",13.73139,107.35658,343.65,0.53,0.5,"2026-02-15",635,"N20","nominal","2.0NRT",298.8,6.4,"D"
"2241",13.6257,106.50767,347.27,0.47,0.47,"2026-02-15",635,"N20","nominal","2.0NRT",304.46,27.75,"D"
"2242",13.62515,106.50336,352.64,0.46,0.47,"2026-02-15",635,"N20","nominal","2.0NRT",309.25,27.75,"D"
"2243",13.62461,106.49906,335.68,0.46,0.47,"2026-02-15",635,"N20","nominal","2.0NRT",300.44,7.08,"D"
"2244",13.62406,106.49475,336.29,0.46,0.47,"2026-02-15",635,"N20","nominal","2.0NRT",303.82,7.08,"D"
"2245",13.61061,106.38838,343.65,0.46,0.47,"2026-02-15",635,"N20","nominal","2.0NRT",301.88,6.51,"D"
"2246",13.47127,105.3083,351.68,0.39,0.44,"2026-02-15",635,"N20","nominal","2.0NRT",305.4,4.69,"D"
"2247",13.4708,105.30473,345.74,0.39,0.44,"2026-02-15",635,"N20","nominal","2.0NRT",305.89,4.69,"D"
"2248",13.47033,105.30115,353.5,0.39,0.44,"2026-02-15",635,"N20","nominal","2.0NRT",306.48,12.85,"D"
"2249",13.46986,105.29757,344.89,0.39,0.44,"2026-02-15",635,"N20","nominal","2.0NRT",304.67,12.85,"D"
"2250",13.46798,105.28327,330.47,0.39,0.44,"2026-02-15",635,"N20","low","2.0NRT",303.21,2.74,"D"
"2251",13.37496,104.58288,333.25,0.53,0.42,"2026-02-15",635,"N20","low","2.0NRT",303.72,3.4,"D"
"2252",13.616,106.39624,341.35,0.46,0.47,"2026-02-15",635,"N20","nominal","2.0NRT",302.68,9.23,"D"
"2253",13.47529,105.30778,330.96,0.39,0.44,"2026-02-15",635,"N20","low","2.0NRT",305.06,4.69,"D"
"2254",13.46897,105.22881,340.4,0.38,0.44,"2026-02-15",635,"N20","nominal","2.0NRT",301.43,5.62,"D"
"2255",13.49662,105.40748,345.39,0.39,0.44,"2026-02-15",635,"N20","nominal","2.0NRT",307.57,40.44,"D"
"2256",13.47203,105.22117,340.29,0.38,0.44,"2026-02-15",635,"N20","nominal","2.0NRT",299.76,7.15,"D"
"2257",13.40702,104.7338,339.18,0.54,0.42,"2026-02-15",635,"N20","nominal","2.0NRT",303.39,3.26,"D"
"2258",13.3741,104.48968,332.66,0.52,0.42,"2026-02-15",635,"N20","low","2.0NRT",303.45,2.7,"D"
"2259",13.55992,105.85915,346.65,0.42,0.45,"2026-02-15",635,"N20","nominal","2.0NRT",306.17,6.28,"D"
"2260",13.49878,105.39259,336.91,0.39,0.44,"2026-02-15",635,"N20","nominal","2.0NRT",304.24,3.61,"D"
"2261",13.43043,104.87869,345.33,0.55,0.43,"2026-02-15",635,"N20","nominal","2.0NRT",305.45,8.95,"D"
"2262",13.42907,104.86857,332.67,0.55,0.43,"2026-02-15",635,"N20","low","2.0NRT",303.34,4.96,"D"
"2263",13.37596,104.47476,338.58,0.52,0.42,"2026-02-15",635,"N20","nominal","2.0NRT",303.13,8.4,"D"
"2264",13.60129,106.1452,338.54,0.44,0.46,"2026-02-15",635,"N20","nominal","2.0NRT",305.02,4.57,"D"
"2265",13.50235,105.38844,338.99,0.39,0.44,"2026-02-15",635,"N20","nominal","2.0NRT",304.36,3.61,"D"
"2266",13.50187,105.38483,339.18,0.39,0.44,"2026-02-15",635,"N20","nominal","2.0NRT",301.85,1.49,"D"
"2267",13.48379,105.24844,333.72,0.39,0.44,"2026-02-15",635,"N20","low","2.0NRT",304.01,2.63,"D"
"2268",13.44801,104.98011,337.54,0.56,0.43,"2026-02-15",635,"N20","low","2.0NRT",308.1,44.48,"D"
"2269",13.44733,104.97499,337.93,0.56,0.43,"2026-02-15",635,"N20","nominal","2.0NRT",305.54,15.04,"D"
"2270",13.39088,104.55602,333.57,0.53,0.42,"2026-02-15",635,"N20","low","2.0NRT",304.54,2.7,"D"
"2271",13.65022,106.49136,342.27,0.46,0.47,"2026-02-15",635,"N20","nominal","2.0NRT",305.2,13.8,"D"
"2272",13.67237,106.62954,345.42,0.47,0.48,"2026-02-15",635,"N20","nominal","2.0NRT",305.24,7.55,"D"
"2273",13.42521,104.75155,337.88,0.54,0.42,"2026-02-15",635,"N20","nominal","2.0NRT",305.24,3.92,"D"
"2274",13.42454,104.74657,338.89,0.54,0.42,"2026-02-15",635,"N20","nominal","2.0NRT",303.89,3.92,"D"
"2275",13.13959,102.7004,351.55,0.43,0.38,"2026-02-15",635,"N20","nominal","2.0NRT",306.34,11.22,"D"
"2276",13.58433,105.91579,333.58,0.43,0.46,"2026-02-15",635,"N20","low","2.0NRT",304.49,3.14,"D"
"2277",13.46885,105.04561,339.51,0.56,0.43,"2026-02-15",635,"N20","nominal","2.0NRT",305.85,4.42,"D"
"2278",13.58904,105.9192,336.21,0.43,0.46,"2026-02-15",635,"N20","nominal","2.0NRT",302.67,3.14,"D"
"2279",13.54298,105.57016,337.45,0.4,0.45,"2026-02-15",635,"N20","nominal","2.0NRT",299.73,3.3,"D"
"2280",13.50506,105.28546,341.97,0.39,0.44,"2026-02-15",635,"N20","nominal","2.0NRT",302.82,3.95,"D"
"2281",13.50458,105.28188,342.51,0.39,0.44,"2026-02-15",635,"N20","nominal","2.0NRT",303.53,4.33,"D"
"2282",13.49697,105.22498,335.98,0.38,0.44,"2026-02-15",635,"N20","nominal","2.0NRT",300.23,3.49,"D"
"2283",13.49649,105.22142,337.54,0.38,0.44,"2026-02-15",635,"N20","nominal","2.0NRT",303.45,3.49,"D"
"2284",13.38718,104.41479,333.16,0.52,0.41,"2026-02-15",635,"N20","low","2.0NRT",304.34,3.41,"D"
"2285",13.69578,106.70716,341.47,0.48,0.48,"2026-02-15",635,"N20","nominal","2.0NRT",301.86,2.93,"D"
"2286",13.67156,106.51929,344.73,0.47,0.47,"2026-02-15",635,"N20","nominal","2.0NRT",302.79,15.38,"D"
"2287",13.67101,106.51498,350.22,0.47,0.47,"2026-02-15",635,"N20","nominal","2.0NRT",303.01,15.38,"D"
"2288",13.61994,106.12223,337.53,0.44,0.46,"2026-02-15",635,"N20","nominal","2.0NRT",305.01,5.65,"D"
"2289",13.59271,105.9147,333.56,0.43,0.46,"2026-02-15",635,"N20","nominal","2.0NRT",300.84,1.07,"D"
"2290",13.523,105.38896,335.78,0.39,0.44,"2026-02-15",635,"N20","nominal","2.0NRT",302.42,3.05,"D"
"2291",13.5158,105.33514,341.6,0.39,0.44,"2026-02-15",635,"N20","nominal","2.0NRT",303.79,2.98,"D"
"2292",13.46422,104.95174,332.31,0.56,0.43,"2026-02-15",635,"N20","low","2.0NRT",304.19,1.48,"D"
"2293",13.65107,106.32735,331.98,0.45,0.47,"2026-02-15",635,"N20","low","2.0NRT",305.36,2.12,"D"
"2294",13.47371,104.99226,347.43,0.56,0.43,"2026-02-15",635,"N20","nominal","2.0NRT",305.85,5.91,"D"
"2295",13.70463,106.706,341.56,0.48,0.48,"2026-02-15",635,"N20","nominal","2.0NRT",301.33,8.95,"D"
"2296",13.66472,106.39841,334.14,0.46,0.47,"2026-02-15",635,"N20","low","2.0NRT",306.94,4.68,"D"
"2297",13.611,105.98866,342.81,0.43,0.46,"2026-02-15",635,"N20","nominal","2.0NRT",304.69,4.67,"D"
"2298",13.61048,105.98468,333.91,0.43,0.46,"2026-02-15",635,"N20","low","2.0NRT",305.99,4.67,"D"
"2299",13.51471,105.26601,350.28,0.39,0.44,"2026-02-15",635,"N20","nominal","2.0NRT",305.54,4.67,"D"
"2300",13.51424,105.26245,347.55,0.39,0.44,"2026-02-15",635,"N20","nominal","2.0NRT",305.04,4.67,"D"
"2301",13.70905,106.70544,341.59,0.48,0.48,"2026-02-15",635,"N20","nominal","2.0NRT",300.03,8.95,"D"
"2302",13.66024,106.33042,332.15,0.45,0.47,"2026-02-15",635,"N20","low","2.0NRT",305.48,2.73,"D"
"2303",13.65532,106.29285,334.13,0.45,0.47,"2026-02-15",635,"N20","nominal","2.0NRT",303.77,2.82,"D"
"2304",13.62949,106.09631,337.83,0.44,0.46,"2026-02-15",635,"N20","nominal","2.0NRT",303.95,2.95,"D"
"2305",13.51873,105.26548,332.49,0.39,0.44,"2026-02-15",635,"N20","low","2.0NRT",304.03,4.67,"D"
"2306",13.44713,104.73834,333.94,0.54,0.42,"2026-02-15",635,"N20","nominal","2.0NRT",301.92,2.43,"D"
"2307",13.64282,106.16463,334.56,0.44,0.46,"2026-02-15",635,"N20","nominal","2.0NRT",302.47,1.96,"D"
"2308",13.62048,105.99551,353.87,0.43,0.46,"2026-02-15",635,"N20","nominal","2.0NRT",305.21,7.44,"D"
"2309",13.61995,105.99154,341.06,0.43,0.46,"2026-02-15",635,"N20","nominal","2.0NRT",300.87,7.44,"D"
"2310",13.54361,105.41972,341.02,0.4,0.44,"2026-02-15",635,"N20","nominal","2.0NRT",301.64,3.29,"D"
"2311",13.53576,105.36145,343.3,0.39,0.44,"2026-02-15",635,"N20","nominal","2.0NRT",301.89,3.01,"D"
"2312",13.12739,102.4444,332.95,0.42,0.38,"2026-02-15",635,"N20","nominal","2.0NRT",301.7,0.86,"D"
"2313",13.62469,105.99494,367,0.43,0.46,"2026-02-15",635,"N20","high","2.0NRT",305.46,7.44,"D"
"2314",13.62416,105.99097,342.47,0.43,0.46,"2026-02-15",635,"N20","nominal","2.0NRT",301.41,7.44,"D"
"2315",13.60635,105.85703,346.57,0.42,0.45,"2026-02-15",635,"N20","nominal","2.0NRT",304.22,4.52,"D"
"2316",13.55308,105.45938,344.6,0.4,0.44,"2026-02-15",635,"N20","nominal","2.0NRT",305.01,6.37,"D"
"2317",13.54372,105.38995,355.89,0.39,0.44,"2026-02-15",635,"N20","nominal","2.0NRT",307.17,15.09,"D"
"2318",13.54274,105.38269,331.81,0.39,0.44,"2026-02-15",635,"N20","nominal","2.0NRT",304.53,5.32,"D"
"2319",13.54225,105.3791,354.58,0.39,0.44,"2026-02-15",635,"N20","nominal","2.0NRT",303.37,10.29,"D"
"2320",13.48457,104.95413,337.1,0.56,0.43,"2026-02-15",635,"N20","nominal","2.0NRT",304.52,5.19,"D"
"2321",13.48317,104.94389,331.4,0.56,0.43,"2026-02-15",635,"N20","low","2.0NRT",304.13,4.61,"D"
"2322",13.40866,104.40205,339.92,0.52,0.41,"2026-02-15",635,"N20","nominal","2.0NRT",304.19,3.22,"D"
"2323",13.408,104.3973,337.47,0.52,0.41,"2026-02-15",635,"N20","nominal","2.0NRT",303.72,4.8,"D"
"2324",13.54679,105.38218,367,0.39,0.44,"2026-02-15",635,"N20","high","2.0NRT",306.41,6,"D"
"2325",13.62838,105.99039,341.51,0.43,0.46,"2026-02-15",635,"N20","nominal","2.0NRT",304.29,4.58,"D"
"2326",13.55319,105.42955,342.71,0.4,0.44,"2026-02-15",635,"N20","nominal","2.0NRT",303.65,6.73,"D"
"2327",13.54876,105.3968,334.54,0.39,0.44,"2026-02-15",635,"N20","nominal","2.0NRT",303.39,3.16,"D"
"2328",13.54827,105.39313,339.2,0.39,0.44,"2026-02-15",635,"N20","nominal","2.0NRT",304.24,4.72,"D"
"2329",13.54777,105.38946,342.73,0.39,0.44,"2026-02-15",635,"N20","nominal","2.0NRT",303.9,4.72,"D"
"2330",13.54728,105.3858,351.65,0.39,0.44,"2026-02-15",635,"N20","nominal","2.0NRT",305.46,6,"D"
"2331",13.5463,105.37856,347.93,0.39,0.44,"2026-02-15",635,"N20","nominal","2.0NRT",304.45,7.06,"D"
"2332",13.54532,105.37137,330.57,0.39,0.44,"2026-02-15",635,"N20","low","2.0NRT",301.47,2.24,"D"
"2333",13.4871,104.94337,332.86,0.56,0.43,"2026-02-15",635,"N20","low","2.0NRT",305.58,3.68,"D"
"2334",13.41246,104.40153,332.17,0.52,0.41,"2026-02-15",635,"N20","low","2.0NRT",302.46,2.32,"D"
"2335",13.70214,106.51527,338.44,0.47,0.47,"2026-02-15",635,"N20","nominal","2.0NRT",302.83,2.47,"D"
"2336",13.55331,105.39993,345.18,0.39,0.44,"2026-02-15",635,"N20","nominal","2.0NRT",304.59,3.16,"D"
"2337",13.55282,105.39629,339.77,0.39,0.44,"2026-02-15",635,"N20","nominal","2.0NRT",303.49,3.16,"D"
"2338",13.55232,105.39264,348.44,0.39,0.44,"2026-02-15",635,"N20","nominal","2.0NRT",305.26,4.72,"D"
"2339",13.55183,105.389,349.96,0.39,0.44,"2026-02-15",635,"N20","nominal","2.0NRT",305.38,4.72,"D"
"2340",13.55133,105.38535,341.26,0.39,0.44,"2026-02-15",635,"N20","nominal","2.0NRT",305.14,6,"D"
"2341",13.55084,105.38169,350.11,0.39,0.44,"2026-02-15",635,"N20","nominal","2.0NRT",303.13,6,"D"
"2342",13.43487,104.53516,346.86,0.53,0.42,"2026-02-15",635,"N20","nominal","2.0NRT",303.41,13.25,"D"
"2343",13.4342,104.53033,336.41,0.52,0.42,"2026-02-15",635,"N20","nominal","2.0NRT",305.68,9.23,"D"
"2344",13.70651,106.51471,345.83,0.47,0.47,"2026-02-15",635,"N20","nominal","2.0NRT",303.5,5.82,"D"
"2345",13.70594,106.51038,343.37,0.47,0.47,"2026-02-15",635,"N20","nominal","2.0NRT",306.54,5.82,"D"
"2346",13.4387,104.53461,339.9,0.53,0.42,"2026-02-15",635,"N20","nominal","2.0NRT",304.04,2.71,"D"
"2347",13.5063,104.9665,334.73,0.56,0.43,"2026-02-15",635,"N20","nominal","2.0NRT",301.49,6.53,"D"
"2348",13.50561,104.96152,337.83,0.56,0.43,"2026-02-15",635,"N20","nominal","2.0NRT",305.36,6.53,"D"
"2349",13.45911,104.62531,343.93,0.53,0.42,"2026-02-15",635,"N20","nominal","2.0NRT",303.2,8.34,"D"
"2350",13.76815,106.8808,355.68,0.49,0.49,"2026-02-15",635,"N20","nominal","2.0NRT",305.48,11.77,"D"
"2351",13.76755,106.87623,340.18,0.49,0.49,"2026-02-15",635,"N20","nominal","2.0NRT",302.39,6.42,"D"
"2352",13.74621,106.7141,330.65,0.48,0.48,"2026-02-15",635,"N20","nominal","2.0NRT",300.12,3.84,"D"
"2353",13.57001,105.40146,351.59,0.39,0.44,"2026-02-15",635,"N20","nominal","2.0NRT",307.04,29.79,"D"
"2354",13.52314,105.05958,331.73,0.56,0.43,"2026-02-15",635,"N20","low","2.0NRT",303.4,2.83,"D"
"2355",13.52242,105.05437,337.22,0.56,0.43,"2026-02-15",635,"N20","nominal","2.0NRT",302.04,2.83,"D"
"2356",13.44346,104.4848,345.13,0.52,0.42,"2026-02-15",635,"N20","nominal","2.0NRT",303.15,2.6,"D"
"2357",13.24372,103.07675,335.85,0.44,0.39,"2026-02-15",635,"N20","nominal","2.0NRT",303.99,2.31,"D"
"2358",13.17628,102.61101,356.26,0.42,0.38,"2026-02-15",635,"N20","nominal","2.0NRT",305.4,13.3,"D"
"2359",12.75018,99.76717,336.52,0.39,0.36,"2026-02-15",635,"N20","nominal","2.0NRT",304.68,11.2,"D"
"2360",12.74963,99.76363,343.44,0.39,0.36,"2026-02-15",635,"N20","nominal","2.0NRT",313.9,39.85,"D"
"2361",13.52997,105.07984,342.95,0.57,0.43,"2026-02-15",635,"N20","nominal","2.0NRT",303.87,7.84,"D"
"2362",13.5271,105.05904,339.44,0.56,0.43,"2026-02-15",635,"N20","nominal","2.0NRT",304.98,8.38,"D"
"2363",13.44728,104.48427,337.08,0.52,0.42,"2026-02-15",635,"N20","nominal","2.0NRT",303.86,9.57,"D"
"2364",13.2245,102.91872,339.03,0.44,0.38,"2026-02-15",635,"N20","nominal","2.0NRT",307.29,3.89,"D"
"2365",13.49494,104.7979,330.28,0.54,0.42,"2026-02-15",635,"N20","low","2.0NRT",302.13,1.64,"D"
"2366",13.45109,104.48373,344.22,0.52,0.42,"2026-02-15",635,"N20","nominal","2.0NRT",305.47,9.57,"D"
"2367",13.45042,104.4789,336.5,0.52,0.42,"2026-02-15",635,"N20","low","2.0NRT",306.53,19.43,"D"
"2368",13.41916,104.25636,345.05,0.51,0.41,"2026-02-15",635,"N20","nominal","2.0NRT",305.85,9.35,"D"
"2369",13.38229,103.99516,349.15,0.49,0.4,"2026-02-15",635,"N20","nominal","2.0NRT",306.2,7.36,"D"
"2370",13.45732,104.62675,340.49,0.53,0.42,"2026-02-15",635,"N20","nominal","2.0NRT",301.81,8.08,"D"
"2371",13.50544,104.96311,349.16,0.56,0.43,"2026-02-15",635,"N20","nominal","2.0NRT",304.95,13.98,"D"
"2372",13.44258,104.48597,341.04,0.52,0.42,"2026-02-15",635,"N20","nominal","2.0NRT",302.2,2.09,"D"
"2373",13.70724,106.51418,343.24,0.47,0.48,"2026-02-15",635,"N20","nominal","2.0NRT",303.76,4.59,"D"
"2374",13.7067,106.50983,334.12,0.47,0.47,"2026-02-15",635,"N20","low","2.0NRT",306.7,4.59,"D"
"2375",13.41596,104.25755,335.05,0.51,0.41,"2026-02-15",635,"N20","low","2.0NRT",305.39,4.24,"D"
"2376",13.38072,103.99586,346.62,0.49,0.4,"2026-02-15",635,"N20","nominal","2.0NRT",305.16,8.39,"D"
"2377",13.17605,102.51917,336.24,0.42,0.38,"2026-02-15",635,"N20","nominal","2.0NRT",303.87,1.38,"D"
"2378",13.5708,105.4035,342.13,0.4,0.44,"2026-02-15",635,"N20","nominal","2.0NRT",302.23,30.12,"D"
"2379",13.52898,105.08167,336.3,0.57,0.43,"2026-02-15",635,"N20","nominal","2.0NRT",302.29,1.38,"D"
"2380",13.52626,105.06085,338.41,0.57,0.43,"2026-02-15",635,"N20","nominal","2.0NRT",304.39,5.78,"D"
"2381",13.52557,105.05563,345.54,0.56,0.43,"2026-02-15",635,"N20","nominal","2.0NRT",304.84,5.78,"D"
"2382",13.46242,104.57657,331.12,0.53,0.42,"2026-02-15",635,"N20","nominal","2.0NRT",300.49,3.6,"D"
"2383",13.45022,104.48486,339.98,0.52,0.42,"2026-02-15",635,"N20","nominal","2.0NRT",302.74,6.94,"D"
"2384",13.44957,104.48004,340.83,0.52,0.42,"2026-02-15",635,"N20","nominal","2.0NRT",308.21,32.36,"D"
"2385",13.41973,104.25702,339.01,0.51,0.41,"2026-02-15",635,"N20","nominal","2.0NRT",304.63,4.24,"D"
"2386",13.61383,105.70538,341.75,0.41,0.45,"2026-02-15",635,"N20","nominal","2.0NRT",308.76,36.92,"D"
"2387",13.61334,105.70158,341.91,0.41,0.45,"2026-02-15",635,"N20","nominal","2.0NRT",302.49,14.71,"D"
"2388",13.60406,105.62933,340.11,0.41,0.45,"2026-02-15",635,"N20","nominal","2.0NRT",300.23,8.72,"D"
"2389",13.57485,105.40296,347.96,0.4,0.44,"2026-02-15",635,"N20","nominal","2.0NRT",303.35,4.58,"D"
"2390",13.5659,105.33394,339.6,0.39,0.44,"2026-02-15",635,"N20","nominal","2.0NRT",304.86,4.05,"D"
"2391",13.56543,105.33031,333.33,0.39,0.44,"2026-02-15",635,"N20","low","2.0NRT",305.59,3.93,"D"
"2392",13.53295,105.08118,336.73,0.57,0.43,"2026-02-15",635,"N20","nominal","2.0NRT",304.8,4.78,"D"
"2393",13.47076,104.60985,344.79,0.53,0.42,"2026-02-15",635,"N20","nominal","2.0NRT",301.56,8.94,"D"
"2394",13.76614,106.881,339.92,0.49,0.49,"2026-02-15",635,"N20","nominal","2.0NRT",302.89,3.6,"D"
"2395",13.69157,106.28321,336.93,0.45,0.47,"2026-02-15",635,"N20","nominal","2.0NRT",305.18,2.12,"D"
"2396",13.61501,105.68188,335.1,0.41,0.45,"2026-02-15",635,"N20","nominal","2.0NRT",302.01,4.04,"D"
"2397",13.57938,105.40605,335.67,0.4,0.44,"2026-02-15",635,"N20","nominal","2.0NRT",301.41,1.88,"D"
"2398",13.57891,105.40242,333.19,0.4,0.44,"2026-02-15",635,"N20","low","2.0NRT",304.29,4.58,"D"
"2399",13.56948,105.32986,347.39,0.39,0.44,"2026-02-15",635,"N20","nominal","2.0NRT",303.64,3.93,"D"
"2400",13.55734,105.23672,341.62,0.39,0.44,"2026-02-15",635,"N20","nominal","2.0NRT",303.63,3.35,"D"
"2401",13.77063,106.88044,345.66,0.49,0.49,"2026-02-15",635,"N20","nominal","2.0NRT",304.81,10.09,"D"
"2402",13.77006,106.87587,341.13,0.49,0.49,"2026-02-15",635,"N20","nominal","2.0NRT",303.31,7.28,"D"
"2403",13.74989,106.71339,349.09,0.48,0.48,"2026-02-15",635,"N20","nominal","2.0NRT",302.61,8.24,"D"
"2404",13.74437,106.66909,341.46,0.48,0.48,"2026-02-15",635,"N20","nominal","2.0NRT",301.69,14.9,"D"
"2405",13.74382,106.6647,345.95,0.48,0.48,"2026-02-15",635,"N20","nominal","2.0NRT",305.87,14.9,"D"
"2406",13.71984,106.47301,331.09,0.46,0.47,"2026-02-15",635,"N20","low","2.0NRT",303.78,3.16,"D"
"2407",13.71715,106.4516,351.51,0.46,0.47,"2026-02-15",635,"N20","nominal","2.0NRT",304.46,8.72,"D"
"2408",13.58296,105.40187,331.68,0.4,0.44,"2026-02-15",635,"N20","low","2.0NRT",301.78,8.85,"D"
"2409",13.58248,105.39823,349.66,0.4,0.44,"2026-02-15",635,"N20","nominal","2.0NRT",306.7,8.85,"D"
"2410",13.58201,105.39458,342.11,0.4,0.44,"2026-02-15",635,"N20","nominal","2.0NRT",303.51,5.46,"D"
"2411",13.52713,104.97566,340.57,0.56,0.43,"2026-02-15",635,"N20","nominal","2.0NRT",304.21,34.75,"D"
"2412",13.74824,106.66415,346.11,0.48,0.48,"2026-02-15",635,"N20","nominal","2.0NRT",302.74,14.9,"D"
"2413",13.69964,106.27792,334.23,0.45,0.47,"2026-02-15",635,"N20","low","2.0NRT",306.63,2.01,"D"
"2414",13.66439,106.00082,335.09,0.43,0.46,"2026-02-15",635,"N20","nominal","2.0NRT",301.8,3.81,"D"
"2415",13.58606,105.39404,336.57,0.4,0.44,"2026-02-15",635,"N20","nominal","2.0NRT",302.99,5.46,"D"
"2416",13.52162,104.90363,338.77,0.55,0.43,"2026-02-15",635,"N20","nominal","2.0NRT",305.94,3.69,"D"
"2417",13.71617,106.37379,330.62,0.46,0.47,"2026-02-15",635,"N20","nominal","2.0NRT",299.11,2.17,"D"
"2418",13.66861,106.00025,346.77,0.43,0.46,"2026-02-15",635,"N20","nominal","2.0NRT",300.87,3.76,"D"
"2419",13.55089,105.09469,346.89,0.57,0.43,"2026-02-15",635,"N20","nominal","2.0NRT",305.65,9.18,"D"
"2420",13.50609,104.75685,331.28,0.54,0.42,"2026-02-15",635,"N20","low","2.0NRT",304.18,3.81,"D"
"2421",13.72803,106.43269,334.12,0.46,0.47,"2026-02-15",635,"N20","nominal","2.0NRT",303.79,4.29,"D"
"2422",13.6718,105.9917,336.47,0.43,0.46,"2026-02-15",635,"N20","nominal","2.0NRT",302.43,3.35,"D"
"2423",13.65299,105.84557,353.91,0.42,0.45,"2026-02-15",635,"N20","nominal","2.0NRT",304.51,7.87,"D"
"2424",13.62855,105.65672,338.14,0.41,0.45,"2026-02-15",635,"N20","nominal","2.0NRT",304.2,3.05,"D"
"2425",13.60514,105.47693,332.96,0.4,0.44,"2026-02-15",635,"N20","low","2.0NRT",303.33,4.42,"D"
"2426",13.60466,105.4733,332.2,0.4,0.44,"2026-02-15",635,"N20","nominal","2.0NRT",302.17,3.81,"D"
"2427",13.60419,105.46967,346.58,0.4,0.44,"2026-02-15",635,"N20","nominal","2.0NRT",304.22,3.81,"D"
"2428",13.56112,105.14156,333.04,0.57,0.43,"2026-02-15",635,"N20","low","2.0NRT",303.1,3.54,"D"
"2429",13.76095,106.65808,331.96,0.48,0.48,"2026-02-15",635,"N20","low","2.0NRT",306.53,6.32,"D"
"2430",13.73672,106.46638,353.17,0.46,0.47,"2026-02-15",635,"N20","nominal","2.0NRT",304.61,10.51,"D"
"2431",13.72698,106.3896,336.88,0.46,0.47,"2026-02-15",635,"N20","nominal","2.0NRT",301.23,3.55,"D"
"2432",13.67602,105.99113,344.58,0.43,0.46,"2026-02-15",635,"N20","nominal","2.0NRT",302.13,3.53,"D"
"2433",13.65716,105.84499,349.82,0.42,0.45,"2026-02-15",635,"N20","nominal","2.0NRT",303.55,5.74,"D"
"2434",13.63266,105.65614,336.23,0.41,0.45,"2026-02-15",635,"N20","nominal","2.0NRT",301.55,5.48,"D"
"2435",13.60921,105.47636,333.43,0.4,0.44,"2026-02-15",635,"N20","nominal","2.0NRT",302.33,3.21,"D"
"2436",13.60826,105.46909,338.04,0.4,0.44,"2026-02-15",635,"N20","nominal","2.0NRT",302.83,4.68,"D"
"2437",13.5644,105.13575,336.38,0.57,0.43,"2026-02-15",635,"N20","nominal","2.0NRT",302.83,1.98,"D"
"2438",13.7709,106.70136,335.4,0.48,0.48,"2026-02-15",635,"N20","nominal","2.0NRT",300.01,7.62,"D"
"2439",13.76202,106.63103,349.75,0.48,0.48,"2026-02-15",635,"N20","nominal","2.0NRT",303.23,5.2,"D"
"2440",13.76146,106.62663,331.88,0.48,0.48,"2026-02-15",635,"N20","low","2.0NRT",302.3,5.2,"D"
"2441",13.75204,106.55216,332.29,0.47,0.48,"2026-02-15",635,"N20","low","2.0NRT",302.93,3.77,"D"
"2442",13.74108,106.4658,350.12,0.46,0.47,"2026-02-15",635,"N20","nominal","2.0NRT",304.59,10.51,"D"
"2443",13.54894,104.98877,340.62,0.56,0.43,"2026-02-15",635,"N20","nominal","2.0NRT",304.63,6.42,"D"
"2444",13.76698,106.63484,354.41,0.48,0.48,"2026-02-15",635,"N20","nominal","2.0NRT",306.7,11.16,"D"
"2445",13.76642,106.63044,340.86,0.48,0.48,"2026-02-15",635,"N20","nominal","2.0NRT",306.87,11.19,"D"
"2446",13.74107,106.43098,345.45,0.46,0.47,"2026-02-15",635,"N20","nominal","2.0NRT",302.8,7.66,"D"
"2447",13.55288,104.98823,333.52,0.56,0.43,"2026-02-15",635,"N20","low","2.0NRT",303.56,3.33,"D"
"2448",13.48323,104.46999,344.62,0.52,0.42,"2026-02-15",635,"N20","nominal","2.0NRT",300.97,4.42,"D"
"2449",13.46968,104.37013,333.19,0.52,0.41,"2026-02-15",635,"N20","low","2.0NRT",303.67,2.6,"D"
"2450",12.78378,99.65531,336.21,0.39,0.36,"2026-02-15",635,"N20","nominal","2.0NRT",303.73,3.39,"D"
"2451",13.74106,106.39637,335.23,0.46,0.47,"2026-02-15",635,"N20","nominal","2.0NRT",301.26,3.71,"D"
"2452",13.69593,106.04558,343.69,0.44,0.46,"2026-02-15",635,"N20","nominal","2.0NRT",305.53,9.99,"D"
"2453",13.69541,106.04157,334.82,0.43,0.46,"2026-02-15",635,"N20","low","2.0NRT",305.27,5.21,"D"
"2454",13.67579,105.8903,346.15,0.43,0.46,"2026-02-15",635,"N20","nominal","2.0NRT",306.72,11.78,"D"
"2455",13.64354,105.64314,343.84,0.41,0.45,"2026-02-15",635,"N20","nominal","2.0NRT",303.47,9.46,"D"
"2456",13.48706,104.46952,341.61,0.52,0.42,"2026-02-15",635,"N20","nominal","2.0NRT",301.32,4.42,"D"
"2457",13.47348,104.3696,331.25,0.52,0.41,"2026-02-15",635,"N20","low","2.0NRT",303.78,2.6,"D"
"2458",14.02415,108.64931,338.5,0.33,0.55,"2026-02-15",635,"N20","nominal","2.0NRT",289.83,3.06,"D"
"2459",13.7979,106.80778,343.91,0.49,0.49,"2026-02-15",635,"N20","nominal","2.0NRT",304.44,6.24,"D"
"2460",13.78706,106.72226,343.09,0.48,0.48,"2026-02-15",635,"N20","nominal","2.0NRT",303.22,8.44,"D"
"2461",13.76131,106.52008,333.47,0.47,0.48,"2026-02-15",635,"N20","nominal","2.0NRT",301.93,6.71,"D"
"2462",13.70016,106.04501,346.69,0.44,0.46,"2026-02-15",635,"N20","nominal","2.0NRT",304.86,6.2,"D"
"2463",13.51332,104.63453,342.58,0.53,0.42,"2026-02-15",635,"N20","nominal","2.0NRT",305.58,13.81,"D"
"2464",13.76568,106.5195,367,0.47,0.48,"2026-02-15",635,"N20","high","2.0NRT",302.33,6.71,"D"
"2465",13.76623,106.52382,345.65,0.47,0.48,"2026-02-15",635,"N20","nominal","2.0NRT",302.37,6.71,"D"
"2466",13.59336,105.17037,332.86,0.38,0.43,"2026-02-15",635,"N20","low","2.0NRT",304.15,1.77,"D"
"2467",13.59289,105.16684,333.97,0.38,0.43,"2026-02-15",635,"N20","low","2.0NRT",304.36,3.66,"D"
"2468",13.57915,105.06419,332.5,0.57,0.43,"2026-02-15",635,"N20","low","2.0NRT",304.16,2.63,"D"
"2469",13.42954,103.96585,332.07,0.49,0.4,"2026-02-15",635,"N20","low","2.0NRT",303.88,5.71,"D"
"2470",13.63868,105.47983,333.31,0.4,0.44,"2026-02-15",635,"N20","nominal","2.0NRT",301.02,2.18,"D"
"2471",13.6382,105.47615,351.75,0.4,0.44,"2026-02-15",635,"N20","nominal","2.0NRT",303.83,11.05,"D"
"2472",13.63771,105.4725,347.11,0.4,0.44,"2026-02-15",635,"N20","nominal","2.0NRT",302.83,11.05,"D"
"2473",13.56154,104.90343,336.06,0.55,0.43,"2026-02-15",635,"N20","nominal","2.0NRT",303.24,2.43,"D"
"2474",13.64227,105.47562,367,0.4,0.44,"2026-02-15",635,"N20","high","2.0NRT",305.15,9.93,"D"
"2475",13.7644,106.40626,331.15,0.46,0.47,"2026-02-15",635,"N20","low","2.0NRT",303.15,2.55,"D"
"2476",13.76,106.37229,334.23,0.46,0.47,"2026-02-15",635,"N20","nominal","2.0NRT",302.66,4.56,"D"
"2477",13.7448,106.25517,343.99,0.45,0.47,"2026-02-15",635,"N20","nominal","2.0NRT",305.61,5.95,"D"
"2478",13.64276,105.47929,330.15,0.4,0.44,"2026-02-15",635,"N20","nominal","2.0NRT",303.48,3.83,"D"
"2479",13.64178,105.47196,340.01,0.4,0.44,"2026-02-15",635,"N20","nominal","2.0NRT",301.02,9.93,"D"
"2480",13.59555,105.12612,335.34,0.57,0.43,"2026-02-15",635,"N20","nominal","2.0NRT",303.26,5.27,"D"
"2481",13.53277,104.66195,339.03,0.54,0.42,"2026-02-15",635,"N20","nominal","2.0NRT",304.04,3.86,"D"
"2482",13.71392,105.98579,345.35,0.43,0.46,"2026-02-15",635,"N20","nominal","2.0NRT",302.76,6.15,"D"
"2483",13.53663,104.6614,334.65,0.54,0.42,"2026-02-15",635,"N20","nominal","2.0NRT",302.98,3.86,"D"
"2484",13.78251,106.47778,334.33,0.47,0.47,"2026-02-15",635,"N20","nominal","2.0NRT",304.99,5.19,"D"
"2485",13.71814,105.98524,356.37,0.43,0.46,"2026-02-15",635,"N20","nominal","2.0NRT",306.46,22.95,"D"
"2486",13.7176,105.98109,346.21,0.43,0.46,"2026-02-15",635,"N20","nominal","2.0NRT",303.98,11.35,"D"
"2487",13.66332,105.57124,339.21,0.41,0.45,"2026-02-15",635,"N20","nominal","2.0NRT",307.26,19.13,"D"
"2488",13.61505,105.21067,344.25,0.39,0.44,"2026-02-15",635,"N20","nominal","2.0NRT",306.56,4.64,"D"
"2489",13.52235,104.52829,336.35,0.53,0.42,"2026-02-15",635,"N20","nominal","2.0NRT",301.58,3.43,"D"
"2490",13.76096,106.27848,343.21,0.45,0.47,"2026-02-15",635,"N20","nominal","2.0NRT",306.59,4.32,"D"
"2491",13.76041,106.27432,334.68,0.45,0.47,"2026-02-15",635,"N20","low","2.0NRT",304.94,2.91,"D"
"2492",13.75769,106.25352,333.75,0.45,0.47,"2026-02-15",635,"N20","low","2.0NRT",306.75,4.16,"D"
"2493",13.73614,106.08926,342.12,0.44,0.46,"2026-02-15",635,"N20","nominal","2.0NRT",301.73,3.3,"D"
"2494",13.66792,105.57442,343.35,0.41,0.45,"2026-02-15",635,"N20","nominal","2.0NRT",305.67,12.18,"D"
"2495",13.66742,105.57068,354.96,0.41,0.45,"2026-02-15",635,"N20","nominal","2.0NRT",310.76,19.13,"D"
"2496",13.66692,105.56696,345.26,0.41,0.45,"2026-02-15",635,"N20","nominal","2.0NRT",308.08,19.13,"D"
"2497",13.66194,105.52969,338.62,0.4,0.44,"2026-02-15",635,"N20","nominal","2.0NRT",303.97,6.02,"D"
"2498",13.47466,104.15447,335.45,0.5,0.41,"2026-02-15",635,"N20","nominal","2.0NRT",302.84,8.5,"D"
"2499",13.24385,102.52487,336.58,0.42,0.38,"2026-02-15",635,"N20","nominal","2.0NRT",302.17,3,"D"
"2500",13.74039,106.08871,342.51,0.44,0.46,"2026-02-15",635,"N20","nominal","2.0NRT",300.78,5.88,"D"
"2501",13.63754,105.317,345,0.39,0.44,"2026-02-15",635,"N20","nominal","2.0NRT",305.02,4.68,"D"
"2502",13.31046,102.96319,337.34,0.44,0.38,"2026-02-15",635,"N20","nominal","2.0NRT",307.02,2.17,"D"
"2503",13.82181,106.67723,334.06,0.48,0.48,"2026-02-15",635,"N20","nominal","2.0NRT",303.93,3.16,"D"
"2504",13.82123,106.67281,334.18,0.48,0.48,"2026-02-15",635,"N20","low","2.0NRT",305.32,3.16,"D"
"2505",13.77175,106.29401,333.14,0.45,0.47,"2026-02-15",635,"N20","low","2.0NRT",307.13,5.48,"D"
"2506",13.7457,106.09625,337.07,0.44,0.46,"2026-02-15",635,"N20","nominal","2.0NRT",304.95,3.61,"D"
"2507",13.74517,106.09221,354.93,0.44,0.46,"2026-02-15",635,"N20","nominal","2.0NRT",304.16,5.88,"D"
"2508",13.68929,105.67171,337.72,0.41,0.45,"2026-02-15",635,"N20","nominal","2.0NRT",301.68,4.94,"D"
"2509",13.53453,104.53166,334.95,0.53,0.42,"2026-02-15",635,"N20","nominal","2.0NRT",301.33,7.84,"D"
"2510",13.82913,106.69888,346.29,0.48,0.48,"2026-02-15",635,"N20","nominal","2.0NRT",304.64,6.19,"D"
"2511",13.82681,106.68111,352.66,0.48,0.48,"2026-02-15",635,"N20","nominal","2.0NRT",305.94,7.19,"D"
"2512",13.82623,106.67667,335.65,0.48,0.48,"2026-02-15",635,"N20","nominal","2.0NRT",303.8,2.39,"D"
"2513",13.82566,106.67225,330.87,0.48,0.48,"2026-02-15",635,"N20","nominal","2.0NRT",300.63,2.39,"D"
"2514",13.74942,106.09164,335.29,0.44,0.46,"2026-02-15",635,"N20","nominal","2.0NRT",304.55,2.26,"D"
"2515",13.63072,105.17599,343.93,0.38,0.43,"2026-02-15",635,"N20","nominal","2.0NRT",304.31,2.98,"D"
"2516",13.54357,104.54051,348.64,0.53,0.42,"2026-02-15",635,"N20","nominal","2.0NRT",302.95,12.38,"D"
"2517",13.5429,104.53564,336.37,0.53,0.42,"2026-02-15",635,"N20","nominal","2.0NRT",301.84,5.58,"D"
"2518",13.53357,104.46819,340.41,0.52,0.42,"2026-02-15",635,"N20","nominal","2.0NRT",304.17,13.76,"D"
"2519",13.53291,104.46342,343.72,0.52,0.42,"2026-02-15",635,"N20","nominal","2.0NRT",306.04,13.76,"D"
"2520",13.51505,104.33472,346.15,0.51,0.41,"2026-02-15",635,"N20","nominal","2.0NRT",305.56,16.77,"D"
"2521",13.51373,104.32524,337.29,0.51,0.41,"2026-02-15",635,"N20","nominal","2.0NRT",303.92,2.56,"D"
"2522",13.25597,102.51119,333.12,0.42,0.38,"2026-02-15",635,"N20","low","2.0NRT",303.68,1.76,"D"
"2523",13.82929,106.63127,336.99,0.48,0.48,"2026-02-15",635,"N20","nominal","2.0NRT",300.89,3.08,"D"
"2524",13.67635,105.4823,333.56,0.4,0.44,"2026-02-15",635,"N20","nominal","2.0NRT",302.28,2.98,"D"
"2525",13.6381,105.20031,343.01,0.38,0.44,"2026-02-15",635,"N20","nominal","2.0NRT",302.17,5.72,"D"
"2526",13.63762,105.19676,342.02,0.38,0.44,"2026-02-15",635,"N20","nominal","2.0NRT",304.5,6.56,"D"
"2527",13.53739,104.46767,336.15,0.52,0.42,"2026-02-15",635,"N20","nominal","2.0NRT",301.64,10.11,"D"
"2528",13.53673,104.46289,339.34,0.52,0.42,"2026-02-15",635,"N20","nominal","2.0NRT",305.19,10.11,"D"
"2529",13.51884,104.33419,335.61,0.51,0.41,"2026-02-15",635,"N20","nominal","2.0NRT",302.96,3.02,"D"
"2530",13.51818,104.32942,338.14,0.51,0.41,"2026-02-15",635,"N20","nominal","2.0NRT",305.34,3.02,"D"
"2531",13.52329,104.33842,336.75,0.51,0.41,"2026-02-15",635,"N20","nominal","2.0NRT",305.3,5.86,"D"
"2532",13.90322,107.12833,344.05,0.51,0.5,"2026-02-15",635,"N20","nominal","2.0NRT",302.15,13.63,"D"
"2533",13.75888,106.03306,332.6,0.43,0.46,"2026-02-15",635,"N20","low","2.0NRT",304.73,2.62,"D"
"2534",13.65878,105.29205,335.89,0.39,0.44,"2026-02-15",635,"N20","nominal","2.0NRT",304,2.64,"D"
"2535",13.85246,106.70494,344.39,0.48,0.48,"2026-02-15",635,"N20","nominal","2.0NRT",306.71,10.8,"D"
"2536",13.85187,106.70049,332.41,0.48,0.48,"2026-02-15",635,"N20","nominal","2.0NRT",301.9,2.95,"D"
"2537",13.68055,105.42163,340.43,0.4,0.44,"2026-02-15",635,"N20","nominal","2.0NRT",298.74,4.46,"D"
"2538",13.31829,102.84325,334.76,0.43,0.38,"2026-02-15",635,"N20","low","2.0NRT",305.6,2.73,"D"
"2539",13.31771,102.83926,339.23,0.43,0.38,"2026-02-15",635,"N20","nominal","2.0NRT",305.39,1.96,"D"
"2540",13.51748,104.21444,331.84,0.51,0.41,"2026-02-15",635,"N20","nominal","2.0NRT",301.34,2.18,"D"
"2541",13.57065,104.56641,346.72,0.53,0.42,"2026-02-15",635,"N20","nominal","2.0NRT",305.11,10.07,"D"
"2542",13.47876,103.91297,336.65,0.49,0.4,"2026-02-15",635,"N20","nominal","2.0NRT",303.19,5.47,"D"
"2543",13.54,104.4354,334.89,0.52,0.42,"2026-02-15",635,"N20","low","2.0NRT",305.44,2.65,"D"
"2544",13.32205,102.81074,331.02,0.43,0.38,"2026-02-15",635,"N20","low","2.0NRT",303.07,1.15,"D"
"2545",13.8294,106.6328,339.54,0.48,0.48,"2026-02-15",635,"N20","nominal","2.0NRT",301.92,3.93,"D"
"2546",13.66006,105.29171,336.04,0.39,0.44,"2026-02-15",635,"N20","nominal","2.0NRT",304.09,2.45,"D"
"2547",13.47728,103.91022,344.01,0.49,0.4,"2026-02-15",635,"N20","nominal","2.0NRT",303.46,8.52,"D"
"2548",13.32555,102.81023,332.75,0.43,0.38,"2026-02-15",635,"N20","low","2.0NRT",303.61,1.99,"D"
"2549",13.75904,106.03371,331.78,0.44,0.46,"2026-02-15",635,"N20","low","2.0NRT",305.38,2.87,"D"
"2550",13.68094,105.42155,339.53,0.4,0.44,"2026-02-15",635,"N20","nominal","2.0NRT",298.4,3.55,"D"
"2551",13.68047,105.41788,331.53,0.4,0.44,"2026-02-15",635,"N20","nominal","2.0NRT",299.14,3.76,"D"
"2552",13.56878,104.56413,341.08,0.53,0.42,"2026-02-15",635,"N20","nominal","2.0NRT",304.54,7.69,"D"
"2553",13.44666,103.65777,332.39,0.47,0.4,"2026-02-15",635,"N20","low","2.0NRT",303.65,3.62,"D"
"2554",13.35666,103.00672,339.64,0.44,0.38,"2026-02-15",635,"N20","nominal","2.0NRT",304.99,3.3,"D"
"2555",13.33297,102.83763,336.52,0.43,0.38,"2026-02-15",635,"N20","nominal","2.0NRT",303.92,2.64,"D"
"2556",13.28132,102.47215,330.43,0.42,0.38,"2026-02-15",635,"N20","low","2.0NRT",303.85,1.15,"D"
"2557",13.69837,105.52469,335.28,0.4,0.45,"2026-02-15",635,"N20","nominal","2.0NRT",299.99,4.16,"D"
"2558",13.57262,104.56358,336.08,0.53,0.42,"2026-02-15",635,"N20","low","2.0NRT",306.54,2.57,"D"
"2559",13.90416,107.13042,346.5,0.52,0.5,"2026-02-15",635,"N20","nominal","2.0NRT",299.83,9.98,"D"
"2560",13.85146,106.70212,344.98,0.48,0.48,"2026-02-15",635,"N20","nominal","2.0NRT",303.92,7.14,"D"
"2561",13.70295,105.52791,342.46,0.4,0.45,"2026-02-15",635,"N20","nominal","2.0NRT",302.68,4.16,"D"
"2562",13.69911,105.49818,332.27,0.4,0.44,"2026-02-15",635,"N20","low","2.0NRT",303.68,2.66,"D"
"2563",13.69242,105.44638,330.07,0.4,0.44,"2026-02-15",635,"N20","low","2.0NRT",300.91,2.64,"D"
"2564",13.59483,104.70124,334.24,0.54,0.42,"2026-02-15",635,"N20","nominal","2.0NRT",304.17,3.6,"D"
"2565",13.58168,104.60224,336.34,0.53,0.42,"2026-02-15",635,"N20","nominal","2.0NRT",305.75,3.08,"D"
"2566",13.58103,104.59734,335.79,0.53,0.42,"2026-02-15",635,"N20","nominal","2.0NRT",304.16,3.08,"D"
"2567",13.67946,105.31474,367,0.39,0.44,"2026-02-15",635,"N20","high","2.0NRT",304.44,5.68,"D"
"2568",13.77225,106.036,343.22,0.44,0.46,"2026-02-15",635,"N20","nominal","2.0NRT",305.68,5.55,"D"
"2569",13.68086,105.32554,336.9,0.39,0.44,"2026-02-15",635,"N20","nominal","2.0NRT",305.52,2,"D"
"2570",13.31604,102.64207,331.9,0.43,0.38,"2026-02-15",635,"N20","low","2.0NRT",302.05,2.68,"D"
"2571",13.31548,102.63815,335.94,0.43,0.38,"2026-02-15",635,"N20","nominal","2.0NRT",304.05,2.75,"D"
"2572",13.68302,105.31057,334.24,0.39,0.44,"2026-02-15",635,"N20","nominal","2.0NRT",304.69,5.68,"D"
"2573",13.64917,105.05227,334.45,0.57,0.43,"2026-02-15",635,"N20","nominal","2.0NRT",303.89,3.99,"D"
"2574",13.33573,102.75596,337.62,0.43,0.38,"2026-02-15",635,"N20","nominal","2.0NRT",303.69,2.59,"D"
"2575",13.31951,102.64156,330.27,0.43,0.38,"2026-02-15",635,"N20","low","2.0NRT",303.13,2.68,"D"
"2576",13.31896,102.63763,337.98,0.43,0.38,"2026-02-15",635,"N20","nominal","2.0NRT",302.55,2.75,"D"
"2577",13.30618,102.54774,331.65,0.42,0.38,"2026-02-15",635,"N20","low","2.0NRT",303.25,1.11,"D"
"2578",13.86532,106.70485,343.14,0.48,0.48,"2026-02-15",635,"N20","nominal","2.0NRT",304.3,5.93,"D"
"2579",13.71474,105.52254,331.58,0.4,0.45,"2026-02-15",635,"N20","low","2.0NRT",304.01,3.27,"D"
"2580",13.69746,105.38972,346.6,0.4,0.44,"2026-02-15",635,"N20","nominal","2.0NRT",302.68,15.66,"D"
"2581",13.32243,102.63711,338.28,0.43,0.38,"2026-02-15",635,"N20","nominal","2.0NRT",303.18,2.76,"D"
"2582",13.72029,105.53323,331.58,0.4,0.45,"2026-02-15",635,"N20","low","2.0NRT",302.37,3.39,"D"
"2583",13.70152,105.3892,342.65,0.4,0.44,"2026-02-15",635,"N20","nominal","2.0NRT",301.05,15.66,"D"
"2584",13.70104,105.38556,333.07,0.4,0.44,"2026-02-15",635,"N20","nominal","2.0NRT",301.62,15.94,"D"
"2585",13.63247,104.86527,332.89,0.55,0.43,"2026-02-15",635,"N20","low","2.0NRT",305.54,2.43,"D"
"2586",13.38355,103.04428,337.92,0.44,0.39,"2026-02-15",635,"N20","low","2.0NRT",308.27,3.96,"D"
"2587",13.3489,102.79865,331.41,0.43,0.38,"2026-02-15",635,"N20","low","2.0NRT",304.99,2.77,"D"
"2588",13.77839,105.94974,341.72,0.43,0.46,"2026-02-15",635,"N20","nominal","2.0NRT",301.73,20.06,"D"
"2589",13.77788,105.94571,346.87,0.43,0.46,"2026-02-15",635,"N20","nominal","2.0NRT",307.2,20.06,"D"
"2590",13.71325,105.44736,336.08,0.4,0.44,"2026-02-15",635,"N20","nominal","2.0NRT",302.57,4.01,"D"
"2591",13.71277,105.44369,339.24,0.4,0.44,"2026-02-15",635,"N20","nominal","2.0NRT",300.89,2.81,"D"
"2592",13.38708,103.04376,336.89,0.44,0.39,"2026-02-15",635,"N20","nominal","2.0NRT",305.46,1.94,"D"
"2593",13.87694,106.68969,345.95,0.48,0.48,"2026-02-15",635,"N20","nominal","2.0NRT",302.44,7.24,"D"
"2594",13.78209,105.94518,355.71,0.43,0.46,"2026-02-15",635,"N20","nominal","2.0NRT",303.8,20.06,"D"
"2595",13.71059,105.39548,341.06,0.4,0.44,"2026-02-15",635,"N20","nominal","2.0NRT",300.98,10.35,"D"
"2596",13.39292,103.05957,336.18,0.44,0.39,"2026-02-15",635,"N20","nominal","2.0NRT",302.11,2.81,"D"
"2597",13.39234,103.05549,333.75,0.44,0.39,"2026-02-15",635,"N20","low","2.0NRT",303.78,2.81,"D"
"2598",13.39588,103.05497,330.42,0.44,0.39,"2026-02-15",635,"N20","low","2.0NRT",303.8,2.31,"D"
"2599",13.8155,106.13761,338.96,0.44,0.46,"2026-02-15",635,"N20","nominal","2.0NRT",302.89,3.86,"D"
"2600",13.73521,105.51987,341.94,0.4,0.45,"2026-02-15",635,"N20","nominal","2.0NRT",300.25,3.8,"D"
"2601",13.63924,104.79669,340.22,0.55,0.42,"2026-02-15",635,"N20","nominal","2.0NRT",305,5.09,"D"
"2602",13.52786,103.97649,335.73,0.49,0.4,"2026-02-15",635,"N20","nominal","2.0NRT",305.12,3.38,"D"
"2603",13.34933,102.70145,336.52,0.43,0.38,"2026-02-15",635,"N20","nominal","2.0NRT",304.8,2.14,"D"
"2604",13.81977,106.13705,367,0.44,0.46,"2026-02-15",635,"N20","high","2.0NRT",304.64,9.66,"D"
"2605",13.37546,102.85994,343.03,0.44,0.38,"2026-02-15",635,"N20","nominal","2.0NRT",304.82,5.24,"D"
"2606",13.75027,105.57108,333.03,0.41,0.45,"2026-02-15",635,"N20","nominal","2.0NRT",301.75,1.41,"D"
"2607",13.3841,102.89552,347.08,0.44,0.38,"2026-02-15",635,"N20","nominal","2.0NRT",304.21,7.24,"D"
"2608",13.75438,105.57052,349.72,0.41,0.45,"2026-02-15",635,"N20","nominal","2.0NRT",303.33,6.12,"D"
"2609",13.75389,105.5668,351.75,0.41,0.45,"2026-02-15",635,"N20","nominal","2.0NRT",303.24,6.55,"D"
"2610",13.72651,105.35983,339.5,0.39,0.44,"2026-02-15",635,"N20","nominal","2.0NRT",301.87,3.12,"D"
"2611",13.72507,105.34893,345.79,0.39,0.44,"2026-02-15",635,"N20","nominal","2.0NRT",304.36,6.52,"D"
"2612",13.72911,105.3484,337.36,0.39,0.44,"2026-02-15",635,"N20","nominal","2.0NRT",304.06,6.52,"D"
"2613",13.72814,105.34111,342.87,0.39,0.44,"2026-02-15",635,"N20","nominal","2.0NRT",300.44,3.66,"D"
"2614",13.91599,106.74843,335.21,0.49,0.48,"2026-02-15",635,"N20","low","2.0NRT",305.55,8.51,"D"
"2615",13.80015,105.85427,342.18,0.42,0.46,"2026-02-15",635,"N20","nominal","2.0NRT",301.96,4.19,"D"
"2616",13.7858,105.74516,342.78,0.42,0.45,"2026-02-15",635,"N20","nominal","2.0NRT",303.07,10.54,"D"
"2617",13.78529,105.74127,337.18,0.42,0.45,"2026-02-15",635,"N20","nominal","2.0NRT",307.55,19.68,"D"
"2618",13.73606,105.36964,347.39,0.4,0.44,"2026-02-15",635,"N20","nominal","2.0NRT",303.71,4.52,"D"
"2619",13.4862,103.54164,335.56,0.47,0.4,"2026-02-15",635,"N20","nominal","2.0NRT",294.97,2.65,"D"
"2620",13.80227,105.83805,367,0.42,0.45,"2026-02-15",635,"N20","high","2.0NRT",302.79,17.81,"D"
"2621",13.93146,106.83394,336.21,0.49,0.49,"2026-02-15",635,"N20","nominal","2.0NRT",305.1,2.59,"D"
"2622",13.84591,106.17113,345.28,0.45,0.47,"2026-02-15",635,"N20","nominal","2.0NRT",305.67,3.89,"D"
"2623",13.81419,105.92871,338.02,0.43,0.46,"2026-02-15",635,"N20","nominal","2.0NRT",300.54,3.68,"D"
"2624",13.80433,105.8537,338.64,0.42,0.46,"2026-02-15",635,"N20","nominal","2.0NRT",300.86,4.19,"D"
"2625",13.80382,105.84977,331.76,0.42,0.46,"2026-02-15",635,"N20","low","2.0NRT",301.91,2.29,"D"
"2626",13.80176,105.83411,344.65,0.42,0.45,"2026-02-15",635,"N20","nominal","2.0NRT",303.03,12.31,"D"
"2627",13.78994,105.74451,341.12,0.42,0.45,"2026-02-15",635,"N20","nominal","2.0NRT",300.16,10.54,"D"
"2628",13.78943,105.74062,343,0.42,0.45,"2026-02-15",635,"N20","nominal","2.0NRT",302.82,19.68,"D"
"2629",13.93769,106.84705,335.29,0.49,0.49,"2026-02-15",635,"N20","low","2.0NRT",306.31,4.72,"D"
"2630",13.91969,106.70679,336.56,0.48,0.48,"2026-02-15",635,"N20","nominal","2.0NRT",303.18,4.69,"D"
"2631",13.80748,105.84527,341.17,0.42,0.45,"2026-02-15",635,"N20","nominal","2.0NRT",301.39,2.01,"D"
"2632",13.75299,105.43465,333.76,0.4,0.44,"2026-02-15",635,"N20","nominal","2.0NRT",302.3,2.12,"D"
"2633",13.74173,105.35036,331.98,0.39,0.44,"2026-02-15",635,"N20","nominal","2.0NRT",301.18,2.52,"D"
"2634",13.73883,105.32869,343.37,0.39,0.44,"2026-02-15",635,"N20","nominal","2.0NRT",304.55,4.03,"D"
"2635",13.73834,105.32507,343.46,0.39,0.44,"2026-02-15",635,"N20","nominal","2.0NRT",305.47,4.03,"D"
"2636",13.65162,104.68319,345.43,0.54,0.42,"2026-02-15",635,"N20","nominal","2.0NRT",303.45,5.58,"D"
"2637",13.94218,106.8465,332.84,0.49,0.49,"2026-02-15",635,"N20","low","2.0NRT",305.51,4.72,"D"
"2638",13.7605,105.45984,342.85,0.4,0.44,"2026-02-15",635,"N20","nominal","2.0NRT",303.17,1.64,"D"
"2639",13.6555,104.68264,343.46,0.54,0.42,"2026-02-15",635,"N20","nominal","2.0NRT",304.89,5.58,"D"
"2640",13.81845,105.86378,367,0.43,0.46,"2026-02-15",635,"N20","high","2.0NRT",306.14,18.07,"D"
"2641",14.06822,107.80479,334,0.58,0.52,"2026-02-15",635,"N20","nominal","2.0NRT",294.75,8.79,"D"
"2642",13.82629,105.92306,332.72,0.43,0.46,"2026-02-15",635,"N20","nominal","2.0NRT",301.14,2.03,"D"
"2643",13.82576,105.91908,333.46,0.43,0.46,"2026-02-15",635,"N20","nominal","2.0NRT",301.06,2.01,"D"
"2644",13.81949,105.87168,343.29,0.43,0.46,"2026-02-15",635,"N20","nominal","2.0NRT",302.98,28.68,"D"
"2645",13.81897,105.86773,352.49,0.43,0.46,"2026-02-15",635,"N20","nominal","2.0NRT",303.32,28.68,"D"
"2646",13.76163,105.43732,344.78,0.4,0.44,"2026-02-15",635,"N20","nominal","2.0NRT",302.69,3.47,"D"
"2647",13.66005,104.68709,337.47,0.54,0.42,"2026-02-15",635,"N20","nominal","2.0NRT",304.37,3.28,"D"
"2648",13.86627,106.19359,341.27,0.45,0.47,"2026-02-15",635,"N20","nominal","2.0NRT",301.76,5.27,"D"
"2649",13.86573,106.18945,342.29,0.45,0.47,"2026-02-15",635,"N20","nominal","2.0NRT",305.4,5.27,"D"
"2650",13.86247,106.16473,339.27,0.44,0.46,"2026-02-15",635,"N20","nominal","2.0NRT",304.8,3.71,"D"
"2651",13.86193,106.16063,337.37,0.44,0.46,"2026-02-15",635,"N20","nominal","2.0NRT",303.93,2.72,"D"
"2652",13.82316,105.86718,348.34,0.43,0.46,"2026-02-15",635,"N20","nominal","2.0NRT",310.22,28.68,"D"
"2653",13.73303,105.19421,335.16,0.39,0.44,"2026-02-15",635,"N20","nominal","2.0NRT",302.48,2.79,"D"
"2654",13.8711,106.19716,343.5,0.45,0.47,"2026-02-15",635,"N20","nominal","2.0NRT",304.16,21.61,"D"
"2655",13.86784,106.17241,345.72,0.45,0.47,"2026-02-15",635,"N20","nominal","2.0NRT",304.11,6.16,"D"
"2656",13.85648,106.08636,355.81,0.44,0.46,"2026-02-15",635,"N20","nominal","2.0NRT",306.54,12.06,"D"
"2657",13.82735,105.86662,334.02,0.43,0.46,"2026-02-15",635,"N20","nominal","2.0NRT",303.58,4.96,"D"
"2658",13.8263,105.85872,343.61,0.42,0.46,"2026-02-15",635,"N20","nominal","2.0NRT",304,8.47,"D"
"2659",13.76286,105.38486,346.86,0.4,0.44,"2026-02-15",635,"N20","nominal","2.0NRT",302.47,4.9,"D"
"2660",13.75793,105.34834,341.83,0.39,0.44,"2026-02-15",635,"N20","nominal","2.0NRT",302.98,3.58,"D"
"2661",13.94481,106.72634,346.87,0.49,0.48,"2026-02-15",635,"N20","nominal","2.0NRT",305.61,5.13,"D"
"2662",13.87375,106.18423,337.8,0.45,0.47,"2026-02-15",635,"N20","nominal","2.0NRT",305.17,5.83,"D"
"2663",13.87102,106.16357,343.08,0.44,0.46,"2026-02-15",635,"N20","nominal","2.0NRT",305.33,3.62,"D"
"2664",13.83101,105.86211,347.86,0.43,0.46,"2026-02-15",635,"N20","nominal","2.0NRT",303.52,8.47,"D"
"2665",13.83049,105.85818,347.32,0.42,0.46,"2026-02-15",635,"N20","nominal","2.0NRT",303.17,8.47,"D"
"2666",13.81178,105.71811,335.76,0.42,0.45,"2026-02-15",635,"N20","nominal","2.0NRT",305.56,3.79,"D"
"2667",13.88959,106.2711,340.68,0.45,0.47,"2026-02-15",635,"N20","nominal","2.0NRT",302.28,3.35,"D"
"2668",13.87803,106.18365,347.3,0.45,0.47,"2026-02-15",635,"N20","nominal","2.0NRT",307.14,7.2,"D"
"2669",13.87694,106.17537,344.07,0.45,0.47,"2026-02-15",635,"N20","nominal","2.0NRT",304.94,6.7,"D"
"2670",13.8753,106.16299,343.9,0.44,0.46,"2026-02-15",635,"N20","nominal","2.0NRT",304.61,7.6,"D"
"2671",13.83468,105.85764,331.76,0.42,0.46,"2026-02-15",635,"N20","low","2.0NRT",302.75,2.09,"D"
"2672",13.50608,103.47318,331.44,0.46,0.39,"2026-02-15",635,"N20","nominal","2.0NRT",295.94,3.32,"D"
"2673",13.50548,103.46892,334.44,0.46,0.39,"2026-02-15",635,"N20","nominal","2.0NRT",296.52,4.59,"D"
"2674",13.80773,105.62525,338.79,0.41,0.45,"2026-02-15",635,"N20","nominal","2.0NRT",303.84,4.91,"D"
"2675",13.68219,104.7044,336.71,0.54,0.42,"2026-02-15",635,"N20","nominal","2.0NRT",305.22,4.33,"D"
"2676",13.61523,104.22189,338.47,0.51,0.41,"2026-02-15",635,"N20","nominal","2.0NRT",304.27,4.74,"D"
"2677",13.45715,103.10449,344.03,0.45,0.39,"2026-02-15",635,"N20","nominal","2.0NRT",306.23,12.28,"D"
"2678",13.40378,102.73378,342.89,0.43,0.38,"2026-02-15",635,"N20","nominal","2.0NRT",304.36,3.36,"D"
"2679",13.76331,105.26671,337.98,0.39,0.44,"2026-02-15",635,"N20","nominal","2.0NRT",302.59,1.66,"D"
"2680",13.76282,105.26311,332.38,0.39,0.44,"2026-02-15",635,"N20","low","2.0NRT",303.44,1.66,"D"
"2681",13.51209,103.46361,331.59,0.46,0.39,"2026-02-15",635,"N20","nominal","2.0NRT",296.6,3.07,"D"
"2682",13.43438,102.92099,332.25,0.44,0.38,"2026-02-15",635,"N20","low","2.0NRT",306.46,2,"D"
"2683",13.84935,105.87167,333.82,0.43,0.46,"2026-02-15",635,"N20","nominal","2.0NRT",302.79,1.93,"D"
"2684",13.82215,105.66985,343.52,0.41,0.45,"2026-02-15",635,"N20","nominal","2.0NRT",303.6,2.46,"D"
"2685",13.82061,105.65839,335.78,0.41,0.45,"2026-02-15",635,"N20","nominal","2.0NRT",303.59,3.2,"D"
"2686",13.82009,105.65458,330.17,0.41,0.45,"2026-02-15",635,"N20","low","2.0NRT",303.8,3.2,"D"
"2687",13.51571,103.46309,333.76,0.46,0.39,"2026-02-15",635,"N20","nominal","2.0NRT",293.98,3.07,"D"
"2688",13.46365,103.09936,335.89,0.45,0.39,"2026-02-15",635,"N20","nominal","2.0NRT",303.27,3.53,"D"
"2689",13.62325,104.19691,337.36,0.51,0.41,"2026-02-15",635,"N20","nominal","2.0NRT",303.39,3.59,"D"
"2690",13.6226,104.19224,338.74,0.51,0.41,"2026-02-15",635,"N20","nominal","2.0NRT",305.22,3.59,"D"
"2691",13.41827,102.76,339.6,0.43,0.38,"2026-02-15",635,"N20","nominal","2.0NRT",307.43,3.5,"D"
"2692",13.41956,102.76001,341.43,0.43,0.38,"2026-02-15",635,"N20","nominal","2.0NRT",307.11,2.86,"D"
"2693",13.44548,102.91968,330.46,0.44,0.38,"2026-02-15",635,"N20","low","2.0NRT",303.55,1.83,"D"
"2694",13.94823,106.72686,331.62,0.49,0.48,"2026-02-15",635,"N20","low","2.0NRT",304.99,2.25,"D"
"2695",13.88356,106.20438,335.13,0.45,0.47,"2026-02-15",635,"N20","nominal","2.0NRT",301.79,0.98,"D"
"2696",13.87992,106.17524,342.98,0.45,0.47,"2026-02-15",635,"N20","nominal","2.0NRT",304.99,6.06,"D"
"2697",13.76436,105.26581,340.32,0.39,0.44,"2026-02-15",635,"N20","nominal","2.0NRT",302.41,3.47,"D"
"2698",13.62338,104.19363,348.9,0.51,0.41,"2026-02-15",635,"N20","nominal","2.0NRT",303.33,4.16,"D"
"2699",13.88785,106.20379,334.83,0.45,0.47,"2026-02-15",635,"N20","nominal","2.0NRT",302.72,0.98,"D"
"2700",13.82035,105.66976,343.15,0.41,0.45,"2026-02-15",635,"N20","nominal","2.0NRT",302.54,1.73,"D"
"2701",13.81889,105.65828,337.57,0.41,0.45,"2026-02-15",635,"N20","nominal","2.0NRT",303.17,2.67,"D"
"2702",13.8184,105.65446,335.15,0.41,0.45,"2026-02-15",635,"N20","nominal","2.0NRT",304.19,2.67,"D"
"2703",13.64606,104.33445,331.76,0.52,0.41,"2026-02-15",635,"N20","low","2.0NRT",305.06,3.06,"D"
"2704",13.65748,104.39097,331,0.52,0.41,"2026-02-15",635,"N20","low","2.0NRT",301.84,2.06,"D"
"2705",13.84396,105.78855,345.12,0.42,0.45,"2026-02-15",635,"N20","nominal","2.0NRT",301.19,4.86,"D"
"2706",13.84346,105.78465,331.7,0.42,0.45,"2026-02-15",635,"N20","nominal","2.0NRT",300.08,4.86,"D"
"2707",13.78206,105.30747,337.42,0.39,0.44,"2026-02-15",635,"N20","nominal","2.0NRT",302.26,1.33,"D"
"2708",13.9065,106.24798,353.32,0.45,0.47,"2026-02-15",635,"N20","nominal","2.0NRT",303.57,9.15,"D"
"2709",13.88461,106.07466,335.26,0.44,0.46,"2026-02-15",635,"N20","nominal","2.0NRT",304.11,2.04,"D"
"2710",13.82199,105.58432,331.21,0.41,0.45,"2026-02-15",635,"N20","low","2.0NRT",303.84,1.64,"D"
"2711",13.7861,105.30689,342.1,0.39,0.44,"2026-02-15",635,"N20","nominal","2.0NRT",301.76,4.31,"D"
"2712",13.77624,105.23112,334.32,0.39,0.44,"2026-02-15",635,"N20","low","2.0NRT",305.17,3.3,"D"
"2713",13.40374,102.49741,353.06,0.42,0.38,"2026-02-15",635,"N20","nominal","2.0NRT",302.02,6.93,"D"
"2714",13.83394,105.64458,331,0.41,0.45,"2026-02-15",635,"N20","low","2.0NRT",301.47,3.52,"D"
"2715",13.81785,105.51986,331.66,0.4,0.45,"2026-02-15",635,"N20","low","2.0NRT",301.99,1.62,"D"
"2716",13.79203,105.32089,330.18,0.39,0.44,"2026-02-15",635,"N20","low","2.0NRT",301.4,0.66,"D"
"2717",13.96379,106.63414,336.09,0.48,0.48,"2026-02-15",635,"N20","nominal","2.0NRT",304.38,7.7,"D"
"2718",13.96047,106.60757,352.14,0.48,0.48,"2026-02-15",635,"N20","nominal","2.0NRT",305.51,12.14,"D"
"2719",13.91352,106.23426,335.07,0.45,0.47,"2026-02-15",635,"N20","nominal","2.0NRT",304.85,2.75,"D"
"2720",13.84153,105.67083,334.22,0.41,0.45,"2026-02-15",635,"N20","nominal","2.0NRT",302.98,2.7,"D"
"2721",13.84054,105.66318,335.22,0.41,0.45,"2026-02-15",635,"N20","nominal","2.0NRT",300.58,4.47,"D"
"2722",13.84005,105.65934,330.72,0.41,0.45,"2026-02-15",635,"N20","low","2.0NRT",301.42,4.47,"D"
"2723",13.82583,105.54929,343.22,0.41,0.45,"2026-02-15",635,"N20","nominal","2.0NRT",303.93,3.72,"D"
"2724",13.4718,102.92815,337.67,0.44,0.38,"2026-02-15",635,"N20","nominal","2.0NRT",305.78,8.07,"D"
"2725",13.91201,106.18791,339.26,0.45,0.47,"2026-02-15",635,"N20","nominal","2.0NRT",303.28,6.47,"D"
"2726",13.91148,106.18378,344.55,0.45,0.47,"2026-02-15",635,"N20","nominal","2.0NRT",304.94,6.47,"D"
"2727",13.84964,105.70104,330.85,0.42,0.45,"2026-02-15",635,"N20","low","2.0NRT",301.82,1.73,"D"
"2728",13.84765,105.68565,338.89,0.42,0.45,"2026-02-15",635,"N20","nominal","2.0NRT",301.91,4.3,"D"
"2729",13.84122,105.63588,344.12,0.41,0.45,"2026-02-15",635,"N20","nominal","2.0NRT",302.51,6.11,"D"
"2730",13.9693,106.60641,347.43,0.48,0.48,"2026-02-15",635,"N20","nominal","2.0NRT",308.91,23.2,"D"
"2731",13.91629,106.18736,341.46,0.45,0.47,"2026-02-15",635,"N20","nominal","2.0NRT",301.62,5.03,"D"
"2732",13.91576,106.18321,341.02,0.45,0.47,"2026-02-15",635,"N20","nominal","2.0NRT",301.99,5.03,"D"
"2733",13.83403,105.54819,350.74,0.41,0.45,"2026-02-15",635,"N20","nominal","2.0NRT",307.18,34.36,"D"
"2734",13.83355,105.54444,331.57,0.41,0.45,"2026-02-15",635,"N20","low","2.0NRT",304.61,34.36,"D"
"2735",13.82916,105.51073,333.23,0.4,0.45,"2026-02-15",635,"N20","nominal","2.0NRT",302.36,1.55,"D"
"2736",13.99052,106.73967,345.81,0.49,0.48,"2026-02-15",635,"N20","nominal","2.0NRT",304.76,6.81,"D"
"2737",13.97371,106.60584,336.27,0.48,0.48,"2026-02-15",635,"N20","nominal","2.0NRT",300.85,23.2,"D"
"2738",13.90587,106.07176,340.28,0.44,0.46,"2026-02-15",635,"N20","nominal","2.0NRT",301.36,3.69,"D"
"2739",13.90535,106.06772,336.31,0.44,0.46,"2026-02-15",635,"N20","nominal","2.0NRT",301.57,3.69,"D"
"2740",13.87099,105.80076,339.68,0.42,0.45,"2026-02-15",635,"N20","nominal","2.0NRT",303.82,4.6,"D"
"2741",13.85146,105.65003,345.41,0.41,0.45,"2026-02-15",635,"N20","nominal","2.0NRT",303.3,6.61,"D"
"2742",13.84158,105.57404,332.81,0.41,0.45,"2026-02-15",635,"N20","low","2.0NRT",304.34,2.68,"D"
"2743",13.83374,105.51393,342.05,0.4,0.45,"2026-02-15",635,"N20","nominal","2.0NRT",302.58,2.64,"D"
"2744",13.82158,105.42088,341.88,0.4,0.44,"2026-02-15",635,"N20","nominal","2.0NRT",301.98,6.89,"D"
"2745",13.82111,105.41722,339.12,0.4,0.44,"2026-02-15",635,"N20","nominal","2.0NRT",302.66,6.89,"D"
"2746",13.76152,104.96505,333.81,0.56,0.43,"2026-02-15",635,"N20","low","2.0NRT",304.38,4.74,"D"
"2747",13.92805,106.21114,335.84,0.45,0.47,"2026-02-15",635,"N20","nominal","2.0NRT",301.51,6.99,"D"
"2748",13.89097,105.92242,340.68,0.43,0.46,"2026-02-15",635,"N20","nominal","2.0NRT",300.45,3.49,"D"
"2749",13.85709,105.66099,349.15,0.41,0.45,"2026-02-15",635,"N20","nominal","2.0NRT",300.16,17.69,"D"
"2750",13.84225,105.54714,338.59,0.41,0.45,"2026-02-15",635,"N20","nominal","2.0NRT",302.98,2.19,"D"
"2751",13.83784,105.51339,330.18,0.4,0.45,"2026-02-15",635,"N20","low","2.0NRT",301.1,1.32,"D"
"2752",14.07119,107.31346,342.17,0.53,0.5,"2026-02-15",635,"N20","nominal","2.0NRT",301.02,65.71,"D"
"2753",14.07059,107.30865,337.95,0.53,0.5,"2026-02-15",635,"N20","low","2.0NRT",310.81,65.71,"D"
"2754",13.93931,106.26496,350.31,0.45,0.47,"2026-02-15",635,"N20","nominal","2.0NRT",304.32,7.39,"D"
"2755",13.93235,106.21056,338.71,0.45,0.47,"2026-02-15",635,"N20","nominal","2.0NRT",301.28,6.99,"D"
"2756",13.92915,106.18562,346.5,0.45,0.47,"2026-02-15",635,"N20","nominal","2.0NRT",304.19,19.15,"D"
"2757",13.90709,106.01408,340.29,0.44,0.46,"2026-02-15",635,"N20","nominal","2.0NRT",303.88,8.76,"D"
"2758",13.90657,106.01009,355.28,0.44,0.46,"2026-02-15",635,"N20","nominal","2.0NRT",305.85,8.76,"D"
"2759",13.86123,105.66044,355.58,0.41,0.45,"2026-02-15",635,"N20","nominal","2.0NRT",304.27,17.69,"D"
"2760",13.8498,105.57294,330.3,0.41,0.45,"2026-02-15",635,"N20","low","2.0NRT",304.01,1.57,"D"
"2761",14.08066,107.35193,345.1,0.54,0.51,"2026-02-15",635,"N20","nominal","2.0NRT",303.77,12.11,"D"
"2762",14.0752,107.30788,348.24,0.53,0.5,"2026-02-15",635,"N20","nominal","2.0NRT",300.45,16.21,"D"
"2763",14.06316,107.21084,343.33,0.52,0.5,"2026-02-15",635,"N20","nominal","2.0NRT",300.4,4.66,"D"
"2764",14.06255,107.20597,330.45,0.52,0.5,"2026-02-15",635,"N20","nominal","2.0NRT",300,7.42,"D"
"2765",13.8744,105.72913,332.09,0.42,0.45,"2026-02-15",635,"N20","low","2.0NRT",305.34,2.03,"D"
"2766",13.67813,104.25755,333.99,0.51,0.41,"2026-02-15",635,"N20","low","2.0NRT",304.98,3.02,"D"
"2767",13.99025,106.59478,341.94,0.48,0.48,"2026-02-15",635,"N20","nominal","2.0NRT",303.77,5.46,"D"
"2768",13.98969,106.59035,341.79,0.48,0.48,"2026-02-15",635,"N20","nominal","2.0NRT",305.7,5.46,"D"
"2769",13.98912,106.58592,352.24,0.48,0.48,"2026-02-15",635,"N20","nominal","2.0NRT",304.07,7.69,"D"
"2770",13.87856,105.72857,339.71,0.42,0.45,"2026-02-15",635,"N20","nominal","2.0NRT",303.07,2.03,"D"
"2771",13.872,105.67846,341.08,0.41,0.45,"2026-02-15",635,"N20","nominal","2.0NRT",299.24,1.81,"D"
"2772",13.8645,105.62119,335.65,0.41,0.45,"2026-02-15",635,"N20","nominal","2.0NRT",302.77,1.98,"D"
"2773",13.69029,104.31841,335.3,0.51,0.41,"2026-02-15",635,"N20","nominal","2.0NRT",303.41,3.15,"D"
"2774",13.99466,106.59422,352.16,0.48,0.48,"2026-02-15",635,"N20","nominal","2.0NRT",305.47,11.56,"D"
"2775",13.9941,106.5898,344.09,0.48,0.48,"2026-02-15",635,"N20","nominal","2.0NRT",305.25,11.56,"D"
"2776",13.99353,106.58535,352.24,0.48,0.48,"2026-02-15",635,"N20","nominal","2.0NRT",310.7,37.35,"D"
"2777",13.90419,105.89239,341.64,0.43,0.46,"2026-02-15",635,"N20","nominal","2.0NRT",300.77,19.77,"D"
"2778",13.90367,105.88842,351.15,0.43,0.46,"2026-02-15",635,"N20","nominal","2.0NRT",305.15,19.77,"D"
"2779",13.86065,105.56004,330.48,0.41,0.45,"2026-02-15",635,"N20","low","2.0NRT",301.68,2.77,"D"
"2780",13.956,106.25845,335.64,0.45,0.47,"2026-02-15",635,"N20","nominal","2.0NRT",303.37,2.71,"D"
"2781",13.95007,106.21257,333.1,0.45,0.47,"2026-02-15",635,"N20","low","2.0NRT",303.52,2.33,"D"
"2782",13.94953,106.20837,349.74,0.45,0.47,"2026-02-15",635,"N20","nominal","2.0NRT",304.95,5.88,"D"
"2783",13.94899,106.20419,334.48,0.45,0.47,"2026-02-15",635,"N20","nominal","2.0NRT",302.08,5.88,"D"
"2784",13.94791,106.19584,344.01,0.45,0.47,"2026-02-15",635,"N20","nominal","2.0NRT",303.92,7.44,"D"
"2785",13.94201,106.1503,332.21,0.45,0.47,"2026-02-15",635,"N20","low","2.0NRT",303.36,2.24,"D"
"2786",13.93669,106.10921,332.63,0.44,0.46,"2026-02-15",635,"N20","low","2.0NRT",304.82,2.81,"D"
"2787",13.88585,105.71976,345.26,0.42,0.45,"2026-02-15",635,"N20","nominal","2.0NRT",302.56,12.43,"D"
"2788",13.87526,105.63914,343.63,0.41,0.45,"2026-02-15",635,"N20","nominal","2.0NRT",301.23,8.91,"D"
"2789",13.87325,105.62388,331.96,0.41,0.45,"2026-02-15",635,"N20","nominal","2.0NRT",301.71,2.9,"D"
"2790",13.85782,105.5069,344.96,0.4,0.45,"2026-02-15",635,"N20","nominal","2.0NRT",301.14,5.13,"D"
"2791",13.85732,105.50314,350.99,0.4,0.45,"2026-02-15",635,"N20","nominal","2.0NRT",302.66,5.13,"D"
"2792",13.68624,104.23241,333.26,0.51,0.41,"2026-02-15",635,"N20","nominal","2.0NRT",302.53,1.92,"D"
"2793",13.65945,104.03752,334.3,0.5,0.41,"2026-02-15",635,"N20","nominal","2.0NRT",301.55,12.67,"D"
"2794",14.01199,106.65957,349.74,0.48,0.48,"2026-02-15",635,"N20","nominal","2.0NRT",306.38,4.71,"D"
"2795",13.95383,106.20783,345.9,0.45,0.47,"2026-02-15",635,"N20","nominal","2.0NRT",304.59,11.23,"D"
"2796",13.89001,105.71922,343.72,0.42,0.45,"2026-02-15",635,"N20","nominal","2.0NRT",301.75,4.06,"D"
"2797",13.88595,105.68842,352.52,0.42,0.45,"2026-02-15",635,"N20","nominal","2.0NRT",305.77,15.1,"D"
"2798",13.88545,105.68456,342.99,0.42,0.45,"2026-02-15",635,"N20","nominal","2.0NRT",302.64,15.1,"D"
"2799",13.87989,105.6424,350.66,0.41,0.45,"2026-02-15",635,"N20","nominal","2.0NRT",304.59,4.61,"D"
"2800",13.87939,105.6386,331.63,0.41,0.45,"2026-02-15",635,"N20","low","2.0NRT",303.26,4.61,"D"
"2801",13.87687,105.61952,333.19,0.41,0.45,"2026-02-15",635,"N20","low","2.0NRT",303.66,2.54,"D"
"2802",13.86191,105.50633,342.17,0.4,0.45,"2026-02-15",635,"N20","nominal","2.0NRT",302.05,2.97,"D"
"2803",13.83841,105.32932,333.81,0.39,0.44,"2026-02-15",635,"N20","nominal","2.0NRT",302.52,1.13,"D"
"2804",13.73326,104.54815,340.47,0.53,0.42,"2026-02-15",635,"N20","nominal","2.0NRT",303.58,1.26,"D"
"2805",13.72464,104.48486,336.4,0.53,0.42,"2026-02-15",635,"N20","nominal","2.0NRT",304.13,2.28,"D"
"2806",13.49496,102.8385,348.01,0.44,0.38,"2026-02-15",635,"N20","nominal","2.0NRT",305.38,2.94,"D"
"2807",14.01642,106.659,331.94,0.48,0.48,"2026-02-15",635,"N20","low","2.0NRT",305.97,4.71,"D"
"2808",13.96571,106.26568,331.4,0.45,0.47,"2026-02-15",635,"N20","low","2.0NRT",305.31,3.94,"D"
"2809",13.93513,106.03082,342.96,0.44,0.46,"2026-02-15",635,"N20","nominal","2.0NRT",303.32,3.83,"D"
"2810",13.90285,105.78462,334.79,0.42,0.45,"2026-02-15",635,"N20","nominal","2.0NRT",302.62,2.51,"D"
"2811",13.88807,105.67249,330.65,0.41,0.45,"2026-02-15",635,"N20","low","2.0NRT",302.93,4.08,"D"
"2812",13.87398,105.56596,338.03,0.41,0.45,"2026-02-15",635,"N20","nominal","2.0NRT",300.23,3.49,"D"
"2813",13.83955,105.30698,347.48,0.39,0.44,"2026-02-15",635,"N20","nominal","2.0NRT",302.34,4.89,"D"
"2814",13.83471,105.27072,334,0.39,0.44,"2026-02-15",635,"N20","nominal","2.0NRT",301.94,2.15,"D"
"2815",13.82942,105.23112,346.84,0.39,0.44,"2026-02-15",635,"N20","nominal","2.0NRT",301.73,5.98,"D"
"2816",13.79035,104.94019,338.57,0.56,0.43,"2026-02-15",635,"N20","nominal","2.0NRT",305.02,6.1,"D"
"2817",13.49846,102.83798,337.52,0.44,0.38,"2026-02-15",635,"N20","nominal","2.0NRT",305.21,2.94,"D"
"2818",14.01174,106.58753,344.41,0.48,0.48,"2026-02-15",635,"N20","nominal","2.0NRT",305.55,5.74,"D"
"2819",14.00155,106.50851,341.6,0.47,0.48,"2026-02-15",635,"N20","nominal","2.0NRT",300.55,8.46,"D"
"2820",13.9362,106.006,343.01,0.44,0.46,"2026-02-15",635,"N20","nominal","2.0NRT",304.28,3.03,"D"
"2821",13.90702,105.78407,331.66,0.42,0.45,"2026-02-15",635,"N20","low","2.0NRT",302.35,3.55,"D"
"2822",13.87959,105.57671,343.13,0.41,0.45,"2026-02-15",635,"N20","nominal","2.0NRT",300.09,3,"D"
"2823",13.85576,105.39758,334.59,0.4,0.44,"2026-02-15",635,"N20","nominal","2.0NRT",300.47,2.77,"D"
"2824",13.72039,104.39688,336.42,0.52,0.42,"2026-02-15",635,"N20","nominal","2.0NRT",303.63,4.93,"D"
"2825",13.71974,104.39208,338.04,0.52,0.42,"2026-02-15",635,"N20","nominal","2.0NRT",306.12,4.93,"D"
"2826",13.95696,106.13155,332.96,0.44,0.46,"2026-02-15",635,"N20","nominal","2.0NRT",302.64,1.76,"D"
"2827",13.93676,105.97749,354.42,0.43,0.46,"2026-02-15",635,"N20","nominal","2.0NRT",304.54,10.07,"D"
"2828",13.89381,105.65224,330.49,0.41,0.45,"2026-02-15",635,"N20","low","2.0NRT",301.63,5.21,"D"
"2829",13.8933,105.64839,333,0.41,0.45,"2026-02-15",635,"N20","low","2.0NRT",303.44,2.77,"D"
"2830",13.88019,105.54974,331.03,0.41,0.45,"2026-02-15",635,"N20","low","2.0NRT",301.22,2.21,"D"
"2831",13.84812,105.30953,331.03,0.39,0.44,"2026-02-15",635,"N20","low","2.0NRT",301.77,1.11,"D"
"2832",13.84763,105.30589,332.9,0.39,0.44,"2026-02-15",635,"N20","nominal","2.0NRT",301.97,1.53,"D"
"2833",13.80878,105.01711,336.83,0.57,0.43,"2026-02-15",635,"N20","nominal","2.0NRT",305.54,5.71,"D"
"2834",13.75086,104.59087,336.5,0.53,0.42,"2026-02-15",635,"N20","nominal","2.0NRT",305.34,3.14,"D"
"2835",13.74682,104.56132,343.94,0.53,0.42,"2026-02-15",635,"N20","nominal","2.0NRT",303.33,4.95,"D"
"2836",13.45164,102.4626,341.58,0.42,0.38,"2026-02-15",635,"N20","nominal","2.0NRT",306.07,7.49,"D"
"2837",14.01088,106.51172,340.3,0.47,0.48,"2026-02-15",635,"N20","nominal","2.0NRT",300.76,5.48,"D"
"2838",13.98801,106.33575,333.04,0.46,0.47,"2026-02-15",635,"N20","nominal","2.0NRT",302,4.33,"D"
"2839",13.89692,105.64399,335.28,0.41,0.45,"2026-02-15",635,"N20","nominal","2.0NRT",302.85,2.47,"D"
"2840",13.85167,105.30536,334.13,0.39,0.44,"2026-02-15",635,"N20","nominal","2.0NRT",302.6,2.65,"D"
"2841",13.75472,104.59035,340.19,0.53,0.42,"2026-02-15",635,"N20","nominal","2.0NRT",304.73,7.22,"D"
"2842",13.44613,102.40017,331.59,0.42,0.38,"2026-02-15",635,"N20","low","2.0NRT",305.72,1.61,"D"
"2843",14.01698,106.52429,334.08,0.47,0.48,"2026-02-15",635,"N20","nominal","2.0NRT",301.71,3.65,"D"
"2844",14.01641,106.51991,349.84,0.47,0.48,"2026-02-15",635,"N20","nominal","2.0NRT",304.82,6.92,"D"
"2845",14.01584,106.51556,336.62,0.47,0.48,"2026-02-15",635,"N20","nominal","2.0NRT",302,6.92,"D"
"2846",13.97258,106.18427,330.77,0.45,0.47,"2026-02-15",635,"N20","low","2.0NRT",304,1.73,"D"
"2847",13.91229,105.72782,351.57,0.42,0.45,"2026-02-15",635,"N20","nominal","2.0NRT",305.28,13.95,"D"
"2848",13.89648,105.60915,335.42,0.41,0.45,"2026-02-15",635,"N20","nominal","2.0NRT",302.01,2.19,"D"
"2849",13.75858,104.58983,348.56,0.53,0.42,"2026-02-15",635,"N20","nominal","2.0NRT",305.18,7.22,"D"
"2850",14.02024,106.51505,367,0.47,0.48,"2026-02-15",635,"N20","high","2.0NRT",305.44,14.49,"D"
"2851",14.02081,106.51943,343.59,0.47,0.48,"2026-02-15",635,"N20","nominal","2.0NRT",303.46,14.49,"D"
"2852",14.01967,106.5107,341.11,0.47,0.48,"2026-02-15",635,"N20","nominal","2.0NRT",302.06,4.88,"D"
"2853",14.01685,106.48901,330.91,0.47,0.48,"2026-02-15",635,"N20","nominal","2.0NRT",300.5,3.41,"D"
"2854",13.89858,105.59346,340.97,0.41,0.45,"2026-02-15",635,"N20","nominal","2.0NRT",303.61,3.72,"D"
"2855",13.88147,105.46572,330.99,0.4,0.44,"2026-02-15",635,"N20","low","2.0NRT",303.47,2.62,"D"
"2856",13.76244,104.58929,336.68,0.53,0.42,"2026-02-15",635,"N20","nominal","2.0NRT",305.78,4.95,"D"
"2857",13.76109,104.57944,340.79,0.53,0.42,"2026-02-15",635,"N20","nominal","2.0NRT",304.9,3.22,"D"
"2858",14.03896,106.62445,341.6,0.48,0.48,"2026-02-15",635,"N20","nominal","2.0NRT",304.51,7.97,"D"
"2859",14.03839,106.62001,341.31,0.48,0.48,"2026-02-15",635,"N20","nominal","2.0NRT",302.88,7.97,"D"
"2860",13.95472,105.98319,347.07,0.43,0.46,"2026-02-15",635,"N20","nominal","2.0NRT",301.47,4.5,"D"
"2861",13.8951,105.53625,333.41,0.41,0.45,"2026-02-15",635,"N20","low","2.0NRT",304.19,3.04,"D"
"2862",13.8946,105.53249,342.55,0.41,0.45,"2026-02-15",635,"N20","nominal","2.0NRT",303.67,4.29,"D"
"2863",13.89409,105.52874,335.98,0.41,0.45,"2026-02-15",635,"N20","nominal","2.0NRT",304.46,4.29,"D"
"2864",13.88556,105.46519,337.21,0.4,0.44,"2026-02-15",635,"N20","nominal","2.0NRT",302.87,2.62,"D"
"2865",13.87213,105.36549,346.42,0.4,0.44,"2026-02-15",635,"N20","nominal","2.0NRT",300.01,5.16,"D"
"2866",13.81402,104.93697,336.6,0.56,0.43,"2026-02-15",635,"N20","nominal","2.0NRT",304.96,6.6,"D"
"2867",13.76494,104.57889,339.98,0.53,0.42,"2026-02-15",635,"N20","nominal","2.0NRT",302,3.22,"D"
"2868",13.74012,104.39902,342.61,0.52,0.42,"2026-02-15",635,"N20","nominal","2.0NRT",304.87,6.13,"D"
"2869",13.47616,102.53447,336.56,0.42,0.38,"2026-02-15",635,"N20","nominal","2.0NRT",303.72,2.38,"D"
"2870",14.02845,106.50961,341.2,0.47,0.48,"2026-02-15",635,"N20","nominal","2.0NRT",302.57,6.66,"D"
"2871",13.99755,106.27435,350.17,0.45,0.47,"2026-02-15",635,"N20","nominal","2.0NRT",303.92,7.62,"D"
"2872",13.90682,105.59232,340.87,0.41,0.45,"2026-02-15",635,"N20","nominal","2.0NRT",303.45,3.97,"D"
"2873",13.90123,105.55078,335.26,0.41,0.45,"2026-02-15",635,"N20","nominal","2.0NRT",302.99,2.07,"D"
"2874",13.87619,105.36495,344.49,0.4,0.44,"2026-02-15",635,"N20","nominal","2.0NRT",300.92,3.82,"D"
"2875",13.78865,104.72255,346.05,0.54,0.42,"2026-02-15",635,"N20","nominal","2.0NRT",304.87,7.2,"D"
"2876",13.48755,102.58871,352.97,0.43,0.38,"2026-02-15",635,"N20","nominal","2.0NRT",306.53,6.93,"D"
"2877",13.93934,105.80344,338.01,0.42,0.45,"2026-02-15",635,"N20","nominal","2.0NRT",301.99,7.24,"D"
"2878",13.93882,105.79955,340.18,0.42,0.45,"2026-02-15",635,"N20","nominal","2.0NRT",304.34,11.18,"D"
"2879",13.91144,105.59551,331.89,0.41,0.45,"2026-02-15",635,"N20","low","2.0NRT",304.29,3.03,"D"
"2880",13.91042,105.58797,342.74,0.41,0.45,"2026-02-15",635,"N20","nominal","2.0NRT",303.97,3.97,"D"
"2881",13.79254,104.72202,339.87,0.54,0.42,"2026-02-15",635,"N20","nominal","2.0NRT",304.21,7.2,"D"
"2882",13.75243,104.43169,348.64,0.52,0.42,"2026-02-15",635,"N20","nominal","2.0NRT",304.43,155.49,"D"
"2883",13.51099,102.72623,340.37,0.43,0.38,"2026-02-15",635,"N20","nominal","2.0NRT",302.68,2.88,"D"
"2884",13.75558,104.42635,367,0.52,0.42,"2026-02-15",635,"N20","high","2.0NRT",325.78,79.15,"D"
"2885",14.05514,106.64494,334.27,0.48,0.48,"2026-02-15",635,"N20","nominal","2.0NRT",304.19,3.16,"D"
"2886",14.05398,106.63607,349.56,0.48,0.48,"2026-02-15",635,"N20","nominal","2.0NRT",307.18,9.62,"D"
"2887",14.00229,106.24379,337.69,0.45,0.47,"2026-02-15",635,"N20","nominal","2.0NRT",305.17,4.06,"D"
"2888",13.95141,105.86183,343.23,0.43,0.46,"2026-02-15",635,"N20","nominal","2.0NRT",305.88,3.46,"D"
"2889",13.91149,105.56477,330.59,0.41,0.45,"2026-02-15",635,"N20","low","2.0NRT",303.81,2.17,"D"
"2890",13.90792,105.53836,344.38,0.41,0.45,"2026-02-15",635,"N20","nominal","2.0NRT",303.6,4.3,"D"
"2891",13.84082,105.04465,339.57,0.57,0.43,"2026-02-15",635,"N20","nominal","2.0NRT",302.84,7.16,"D"
"2892",13.75625,104.43118,344.02,0.52,0.42,"2026-02-15",635,"N20","nominal","2.0NRT",306.26,79.15,"D"
"2893",13.5076,102.6782,331.35,0.43,0.38,"2026-02-15",635,"N20","low","2.0NRT",304.9,1.69,"D"
"2894",14.05782,106.63103,367,0.48,0.48,"2026-02-15",635,"N20","high","2.0NRT",309.48,19.52,"D"
"2895",14.0584,106.63544,350,0.48,0.48,"2026-02-15",635,"N20","nominal","2.0NRT",306.34,9.62,"D"
"2896",14.03819,106.48192,330.32,0.47,0.48,"2026-02-15",635,"N20","low","2.0NRT",301.12,4.04,"D"
"2897",14.0066,106.24324,334.47,0.45,0.47,"2026-02-15",635,"N20","low","2.0NRT",304.89,4.06,"D"
"2898",13.93205,105.68609,330.59,0.42,0.45,"2026-02-15",635,"N20","low","2.0NRT",303.86,1.74,"D"
"2899",13.92533,105.63628,344.03,0.41,0.45,"2026-02-15",635,"N20","nominal","2.0NRT",301.47,4,"D"
"2900",13.92429,105.62859,333.4,0.41,0.45,"2026-02-15",635,"N20","nominal","2.0NRT",300.05,1.31,"D"
"2901",13.90999,105.52279,339.27,0.41,0.45,"2026-02-15",635,"N20","nominal","2.0NRT",303.15,2.6,"D"
"2902",13.89485,105.41112,332.45,0.4,0.44,"2026-02-15",635,"N20","nominal","2.0NRT",298.81,1.98,"D"
"2903",13.76007,104.43066,340.91,0.52,0.42,"2026-02-15",635,"N20","nominal","2.0NRT",305.81,79.15,"D"
"2904",13.78081,104.55165,340.68,0.53,0.42,"2026-02-15",635,"N20","nominal","2.0NRT",302.9,4.15,"D"
"2905",13.77922,104.51205,349.21,0.53,0.42,"2026-02-15",635,"N20","nominal","2.0NRT",309.06,62.66,"D"
"2906",13.76166,104.38622,336.86,0.52,0.42,"2026-02-15",635,"N20","nominal","2.0NRT",305.06,3.75,"D"
"2907",13.83666,105.05376,335.47,0.57,0.43,"2026-02-15",635,"N20","nominal","2.0NRT",303.43,8.24,"D"
"2908",13.83928,105.04269,337.35,0.57,0.43,"2026-02-15",635,"N20","nominal","2.0NRT",302.52,8.52,"D"
"2909",13.75879,104.42823,352.64,0.52,0.42,"2026-02-15",635,"N20","nominal","2.0NRT",308.38,196.63,"D"
"2910",13.47678,102.37233,335.72,0.42,0.38,"2026-02-15",635,"N20","nominal","2.0NRT",305.58,2.11,"D"
"2911",14.02859,106.50653,342.73,0.47,0.48,"2026-02-15",635,"N20","nominal","2.0NRT",302.31,5.85,"D"
"2912",13.99993,106.27509,330.92,0.45,0.47,"2026-02-15",635,"N20","low","2.0NRT",304.29,4.99,"D"
"2913",13.94034,105.79982,349.23,0.42,0.45,"2026-02-15",635,"N20","nominal","2.0NRT",303.19,10.72,"D"
"2914",13.91053,105.56509,330.06,0.41,0.45,"2026-02-15",635,"N20","low","2.0NRT",303.82,2.83,"D"
"2915",13.90716,105.53861,340.59,0.41,0.45,"2026-02-15",635,"N20","nominal","2.0NRT",303.44,2.4,"D"
"2916",13.77872,104.54942,336.66,0.53,0.42,"2026-02-15",635,"N20","nominal","2.0NRT",301.5,4.36,"D"
"2917",13.5496,102.86389,333.9,0.44,0.38,"2026-02-15",635,"N20","low","2.0NRT",304.9,1.63,"D"
"2918",14.00057,106.24501,337.42,0.45,0.47,"2026-02-15",635,"N20","nominal","2.0NRT",302.85,2.33,"D"
"2919",13.92386,105.63676,332.76,0.41,0.45,"2026-02-15",635,"N20","nominal","2.0NRT",300.27,4.65,"D"
"2920",13.92288,105.62905,332.64,0.41,0.45,"2026-02-15",635,"N20","nominal","2.0NRT",300.86,3.06,"D"
"2921",13.91126,105.53806,337.69,0.41,0.45,"2026-02-15",635,"N20","nominal","2.0NRT",303.33,2.4,"D"
"2922",13.90934,105.523,340.37,0.41,0.45,"2026-02-15",635,"N20","nominal","2.0NRT",302.84,3.42,"D"
"2923",13.89499,105.41111,333.38,0.4,0.44,"2026-02-15",635,"N20","nominal","2.0NRT",298.82,2.94,"D"
"2924",13.77739,104.50975,343.36,0.53,0.42,"2026-02-15",635,"N20","nominal","2.0NRT",302.91,5.88,"D"
"2925",13.54075,102.77521,340.33,0.43,0.38,"2026-02-15",635,"N20","nominal","2.0NRT",304.38,2.19,"D"
"2926",14.05426,106.64206,343.02,0.48,0.48,"2026-02-15",635,"N20","nominal","2.0NRT",305.82,6.05,"D"
"2927",14.05371,106.63761,338.41,0.48,0.48,"2026-02-15",635,"N20","nominal","2.0NRT",305.96,6.05,"D"
"2928",14.05316,106.63319,345.2,0.48,0.48,"2026-02-15",635,"N20","nominal","2.0NRT",307,8.29,"D"
"2929",14.00488,106.24445,337.48,0.45,0.47,"2026-02-15",635,"N20","nominal","2.0NRT",304.47,3.62,"D"
"2930",13.92409,105.60563,332.16,0.41,0.45,"2026-02-15",635,"N20","low","2.0NRT",303.63,4.7,"D"
"2931",13.91633,105.54501,332.14,0.41,0.45,"2026-02-15",635,"N20","low","2.0NRT",302.66,0.93,"D"
"2932",13.90192,105.43279,352.17,0.4,0.44,"2026-02-15",635,"N20","nominal","2.0NRT",303.02,7.01,"D"
"2933",13.89954,105.41426,330.83,0.4,0.44,"2026-02-15",635,"N20","nominal","2.0NRT",299.65,2.14,"D"
"2934",13.78188,104.51411,346.44,0.53,0.42,"2026-02-15",635,"N20","nominal","2.0NRT",309.5,34.41,"D"
"2935",13.76512,104.38802,342.69,0.52,0.42,"2026-02-15",635,"N20","nominal","2.0NRT",305.79,6.88,"D"
"2936",14.05759,106.63258,367,0.48,0.48,"2026-02-15",635,"N20","high","2.0NRT",308.3,8.29,"D"
"2937",14.05813,106.637,339.27,0.48,0.48,"2026-02-15",635,"N20","nominal","2.0NRT",305.49,6.05,"D"
"2938",14.05704,106.62815,339.52,0.48,0.48,"2026-02-15",635,"N20","nominal","2.0NRT",307.79,8.29,"D"
"2939",14.00919,106.24389,336.97,0.45,0.47,"2026-02-15",635,"N20","nominal","2.0NRT",301.44,3.62,"D"
"2940",13.906,105.43224,337.59,0.4,0.44,"2026-02-15",635,"N20","nominal","2.0NRT",301.28,7.01,"D"
"2941",13.90552,105.42854,337.96,0.4,0.44,"2026-02-15",635,"N20","nominal","2.0NRT",301.42,7.01,"D"
"2942",13.81398,104.72688,342.65,0.54,0.42,"2026-02-15",635,"N20","nominal","2.0NRT",304.54,5.91,"D"
"2943",13.78573,104.51357,337.56,0.53,0.42,"2026-02-15",635,"N20","nominal","2.0NRT",302.43,34.41,"D"
"2944",13.741,104.17899,339.43,0.51,0.41,"2026-02-15",635,"N20","nominal","2.0NRT",303.97,3.33,"D"
"2945",13.4955,102.40508,339.91,0.42,0.38,"2026-02-15",635,"N20","nominal","2.0NRT",307.16,3.85,"D"
"2946",14.06421,106.64975,338.59,0.48,0.48,"2026-02-15",635,"N20","nominal","2.0NRT",302.71,10.32,"D"
"2947",14.06366,106.64529,338.44,0.48,0.48,"2026-02-15",635,"N20","nominal","2.0NRT",304.9,10.32,"D"
"2948",14.04019,106.4565,341.1,0.47,0.48,"2026-02-15",635,"N20","nominal","2.0NRT",303.16,6.98,"D"
"2949",14.00354,106.16417,345.35,0.45,0.47,"2026-02-15",635,"N20","nominal","2.0NRT",304.09,5.5,"D"
"2950",14.00301,106.16001,338.84,0.45,0.47,"2026-02-15",635,"N20","nominal","2.0NRT",304.91,9.78,"D"
"2951",13.91778,105.49133,330.44,0.4,0.45,"2026-02-15",635,"N20","low","2.0NRT",302.76,4.42,"D"
"2952",13.9173,105.4876,339.8,0.4,0.45,"2026-02-15",635,"N20","nominal","2.0NRT",302.25,4.42,"D"
"2953",13.8353,104.85838,336.88,0.55,0.43,"2026-02-15",635,"N20","nominal","2.0NRT",302.85,3.02,"D"
"2954",13.55857,102.82565,338.88,0.44,0.38,"2026-02-15",635,"N20","nominal","2.0NRT",304.49,4.98,"D"
"2955",14.05873,106.56947,345.15,0.48,0.48,"2026-02-15",635,"N20","nominal","2.0NRT",303.33,4.89,"D"
"2956",14.00782,106.16362,330.57,0.45,0.47,"2026-02-15",635,"N20","low","2.0NRT",303.78,5.5,"D"
"2957",13.92187,105.49078,344.57,0.4,0.45,"2026-02-15",635,"N20","nominal","2.0NRT",302.84,4.42,"D"
"2958",13.92139,105.48704,347.67,0.4,0.45,"2026-02-15",635,"N20","nominal","2.0NRT",304.42,4.42,"D"
"2959",13.918,105.46089,334.42,0.4,0.44,"2026-02-15",635,"N20","nominal","2.0NRT",301.55,1.94,"D"
"2960",13.8501,104.94032,343.57,0.56,0.43,"2026-02-15",635,"N20","nominal","2.0NRT",301.29,15.41,"D"
"2961",13.66226,103.54475,339.43,0.47,0.4,"2026-02-15",635,"N20","nominal","2.0NRT",284.58,3.72,"D"
"2962",13.56151,102.82114,337.13,0.44,0.38,"2026-02-15",635,"N20","nominal","2.0NRT",302.94,6.41,"D"
"2963",13.52398,102.55572,342.58,0.43,0.38,"2026-02-15",635,"N20","nominal","2.0NRT",305.25,3.59,"D"
"2964",13.52342,102.5518,341.39,0.42,0.38,"2026-02-15",635,"N20","nominal","2.0NRT",304.95,3.5,"D"
"2965",13.52286,102.54788,335.91,0.42,0.38,"2026-02-15",635,"N20","nominal","2.0NRT",304.52,3.5,"D"
"2966",14.01211,106.16307,334.21,0.45,0.47,"2026-02-15",635,"N20","nominal","2.0NRT",301.93,1.35,"D"
"2967",14.01159,106.15891,331.87,0.45,0.47,"2026-02-15",635,"N20","low","2.0NRT",303.03,2.42,"D"
"2968",13.92645,105.49396,332,0.4,0.45,"2026-02-15",635,"N20","low","2.0NRT",302.74,2.15,"D"
"2969",13.71177,103.87887,343,0.49,0.4,"2026-02-15",635,"N20","nominal","2.0NRT",301.07,5.12,"D"
"2970",13.70386,103.82088,340.12,0.48,0.4,"2026-02-15",635,"N20","nominal","2.0NRT",298.1,4.84,"D"
"2971",13.10516,99.71152,338.14,0.39,0.36,"2026-02-15",635,"N20","nominal","2.0NRT",304.93,3.2,"D"
"2972",13.99095,105.96263,330.36,0.43,0.46,"2026-02-15",635,"N20","low","2.0NRT",301.63,3.59,"D"
"2973",13.95212,105.66023,344.13,0.41,0.45,"2026-02-15",635,"N20","nominal","2.0NRT",301.78,5.22,"D"
"2974",13.91653,105.38557,347.11,0.4,0.44,"2026-02-15",635,"N20","nominal","2.0NRT",299.34,7.06,"D"
"2975",13.78483,104.39019,344.01,0.52,0.42,"2026-02-15",635,"N20","nominal","2.0NRT",306.6,4.26,"D"
"2976",14.06699,106.52818,340.92,0.47,0.48,"2026-02-15",635,"N20","nominal","2.0NRT",301.4,3.54,"D"
"2977",14.03234,106.25373,332.07,0.45,0.47,"2026-02-15",635,"N20","low","2.0NRT",302.36,3.42,"D"
"2978",13.99569,105.96607,337.84,0.43,0.46,"2026-02-15",635,"N20","nominal","2.0NRT",302.66,3.43,"D"
"2979",13.99517,105.96206,343.76,0.43,0.46,"2026-02-15",635,"N20","nominal","2.0NRT",302.24,6.46,"D"
"2980",13.78864,104.38965,336.81,0.52,0.42,"2026-02-15",635,"N20","nominal","2.0NRT",305.54,3.89,"D"
"2981",14.0615,106.4493,343.65,0.47,0.48,"2026-02-15",635,"N20","nominal","2.0NRT",302.88,3.82,"D"
"2982",14.00043,105.96952,331.97,0.43,0.46,"2026-02-15",635,"N20","low","2.0NRT",303.3,3.43,"D"
"2983",13.99992,105.96552,344.28,0.43,0.46,"2026-02-15",635,"N20","nominal","2.0NRT",303.72,3.43,"D"
"2984",13.95991,105.65527,335.01,0.41,0.45,"2026-02-15",635,"N20","nominal","2.0NRT",302.05,3.24,"D"
"2985",13.95593,105.62461,336.76,0.41,0.45,"2026-02-15",635,"N20","nominal","2.0NRT",303.39,2.26,"D"
"2986",13.8604,104.8968,338.12,0.56,0.43,"2026-02-15",635,"N20","nominal","2.0NRT",304.66,10.3,"D"
"2987",13.85972,104.89163,340.51,0.56,0.43,"2026-02-15",635,"N20","nominal","2.0NRT",302.86,10.3,"D"
"2988",13.66902,103.4866,343.86,0.47,0.39,"2026-02-15",635,"N20","nominal","2.0NRT",294.22,6.16,"D"
"2989",13.95068,105.55195,337.63,0.41,0.45,"2026-02-15",635,"N20","nominal","2.0NRT",303.94,3.94,"D"
"2990",13.86365,104.89109,335.07,0.56,0.43,"2026-02-15",635,"N20","nominal","2.0NRT",301.97,4.83,"D"
"2991",13.76101,104.12866,339.89,0.5,0.41,"2026-02-15",635,"N20","nominal","2.0NRT",305.95,6.31,"D"
"2992",12.95026,98.6394,344.37,0.41,0.37,"2026-02-15",635,"N20","nominal","2.0NRT",300.91,5.12,"D"
"2993",14.0708,106.45249,340.86,0.47,0.48,"2026-02-15",635,"N20","nominal","2.0NRT",304.57,5.85,"D"
"2994",14.0293,106.12717,342.02,0.44,0.46,"2026-02-15",635,"N20","nominal","2.0NRT",304.12,7.35,"D"
"2995",14.02454,106.09007,334.89,0.44,0.46,"2026-02-15",635,"N20","nominal","2.0NRT",304.67,3.34,"D"
"2996",13.8112,104.47028,335.42,0.53,0.42,"2026-02-15",635,"N20","nominal","2.0NRT",302.87,2.81,"D"
"2997",13.81055,104.46542,340.23,0.53,0.42,"2026-02-15",635,"N20","nominal","2.0NRT",304.8,3.67,"D"
"2998",13.80465,104.4218,338.98,0.52,0.42,"2026-02-15",635,"N20","nominal","2.0NRT",304.85,3.8,"D"
"2999",14.03357,106.12658,331.57,0.44,0.46,"2026-02-15",635,"N20","low","2.0NRT",303.7,2.58,"D"
"3000",14.02669,106.0731,334.53,0.44,0.46,"2026-02-15",635,"N20","nominal","2.0NRT",300.88,1.35,"D"
"3001",13.95741,105.53945,336.2,0.41,0.45,"2026-02-15",635,"N20","nominal","2.0NRT",302.07,3.67,"D"
"3002",13.88396,104.98323,338.13,0.56,0.43,"2026-02-15",635,"N20","nominal","2.0NRT",304.7,5.93,"D"
"3003",13.13813,99.79327,333.7,0.39,0.36,"2026-02-15",635,"N20","nominal","2.0NRT",299.2,2.57,"D"
"3004",14.04211,106.15909,341.03,0.45,0.47,"2026-02-15",635,"N20","nominal","2.0NRT",303.13,1.96,"D"
"3005",14.01839,105.97529,353.89,0.43,0.46,"2026-02-15",635,"N20","nominal","2.0NRT",307.14,21.04,"D"
"3006",13.96151,105.53886,349.23,0.41,0.45,"2026-02-15",635,"N20","nominal","2.0NRT",302.73,3.67,"D"
"3007",13.95953,105.52378,332.81,0.41,0.45,"2026-02-15",635,"N20","nominal","2.0NRT",299.54,1.19,"D"
"3008",13.88792,104.98269,343.13,0.56,0.43,"2026-02-15",635,"N20","nominal","2.0NRT",302.75,5.93,"D"
"3009",13.8509,104.70639,334.64,0.54,0.42,"2026-02-15",635,"N20","nominal","2.0NRT",303.37,3.35,"D"
"3010",13.82614,104.52292,334.41,0.53,0.42,"2026-02-15",635,"N20","nominal","2.0NRT",302.22,1.77,"D"
"3011",14.09449,106.53358,341.84,0.47,0.48,"2026-02-15",635,"N20","nominal","2.0NRT",301.86,6.96,"D"
"3012",14.09393,106.5292,336.72,0.47,0.48,"2026-02-15",635,"N20","nominal","2.0NRT",305.99,7.42,"D"
"3013",14.09058,106.50298,331.98,0.47,0.48,"2026-02-15",635,"N20","low","2.0NRT",304.09,2.47,"D"
"3014",14.06309,106.28823,339.98,0.46,0.47,"2026-02-15",635,"N20","nominal","2.0NRT",305.84,6.07,"D"
"3015",14.06255,106.28403,348.9,0.46,0.47,"2026-02-15",635,"N20","nominal","2.0NRT",306.95,6.07,"D"
"3016",14.03522,106.07201,336.44,0.44,0.46,"2026-02-15",635,"N20","nominal","2.0NRT",303.45,3.37,"D"
"3017",14.03363,106.05971,335.82,0.44,0.46,"2026-02-15",635,"N20","nominal","2.0NRT",304.01,6.37,"D"
"3018",14.0331,106.05561,354.58,0.44,0.46,"2026-02-15",635,"N20","nominal","2.0NRT",306.89,17.92,"D"
"3019",13.97359,105.59899,341.19,0.41,0.45,"2026-02-15",635,"N20","nominal","2.0NRT",303.06,25.69,"D"
"3020",13.97309,105.59518,345.2,0.41,0.45,"2026-02-15",635,"N20","nominal","2.0NRT",302.48,25.69,"D"
"3021",13.96463,105.53078,347.77,0.41,0.45,"2026-02-15",635,"N20","nominal","2.0NRT",300.8,7.06,"D"
"3022",13.96413,105.527,355.55,0.41,0.45,"2026-02-15",635,"N20","nominal","2.0NRT",301.38,7.06,"D"
"3023",13.96364,105.52324,341.42,0.41,0.45,"2026-02-15",635,"N20","nominal","2.0NRT",300.76,6.47,"D"
"3024",13.85614,104.71591,339.83,0.54,0.42,"2026-02-15",635,"N20","nominal","2.0NRT",303.25,4.46,"D"
"3025",13.81152,104.38639,346.1,0.52,0.42,"2026-02-15",635,"N20","nominal","2.0NRT",306.62,19.48,"D"
"3026",13.78177,104.16843,339.31,0.51,0.41,"2026-02-15",635,"N20","nominal","2.0NRT",304.38,2.95,"D"
"3027",14.09497,106.50239,332.27,0.47,0.48,"2026-02-15",635,"N20","low","2.0NRT",303.01,2.47,"D"
"3028",14.06741,106.28766,346.16,0.46,0.47,"2026-02-15",635,"N20","nominal","2.0NRT",306.08,6.07,"D"
"3029",14.04161,106.08787,331.33,0.44,0.46,"2026-02-15",635,"N20","low","2.0NRT",302.57,3.65,"D"
"3030",13.97772,105.59844,346.03,0.41,0.45,"2026-02-15",635,"N20","nominal","2.0NRT",306.71,25.69,"D"
"3031",13.94419,105.34448,353.3,0.4,0.44,"2026-02-15",635,"N20","nominal","2.0NRT",304.42,30.23,"D"
"3032",13.8854,104.90376,342.43,0.56,0.43,"2026-02-15",635,"N20","nominal","2.0NRT",299.79,4.35,"D"
"3033",14.03317,105.98967,346.55,0.44,0.46,"2026-02-15",635,"N20","nominal","2.0NRT",304.38,6.55,"D"
"3034",13.99039,105.6628,343.02,0.42,0.45,"2026-02-15",635,"N20","nominal","2.0NRT",303.87,4.04,"D"
"3035",13.98284,105.60547,342.44,0.41,0.45,"2026-02-15",635,"N20","nominal","2.0NRT",304.26,2.91,"D"
"3036",13.94824,105.3439,344.64,0.4,0.44,"2026-02-15",635,"N20","nominal","2.0NRT",299.78,51.72,"D"
"3037",13.86938,104.75518,333.64,0.55,0.42,"2026-02-15",635,"N20","nominal","2.0NRT",300.43,3.76,"D"
"3038",13.83834,104.52619,345.81,0.53,0.42,"2026-02-15",635,"N20","nominal","2.0NRT",305.8,5.77,"D"
"3039",14.37188,108.66073,348.07,0.33,0.55,"2026-02-15",635,"N20","nominal","2.0NRT",292.16,7.07,"D"
"3040",14.10544,106.51437,347.72,0.47,0.48,"2026-02-15",635,"N20","nominal","2.0NRT",304.78,9.35,"D"
"3041",14.09815,106.45773,331.6,0.47,0.48,"2026-02-15",635,"N20","low","2.0NRT",303.63,5.36,"D"
"3042",14.04907,106.07854,353.29,0.44,0.46,"2026-02-15",635,"N20","nominal","2.0NRT",303,9.88,"D"
"3043",14.04057,106.01334,331.88,0.44,0.46,"2026-02-15",635,"N20","low","2.0NRT",302.31,2.47,"D"
"3044",14.04004,106.00928,341.18,0.44,0.46,"2026-02-15",635,"N20","nominal","2.0NRT",303.99,2.47,"D"
"3045",13.99453,105.66222,340.63,0.42,0.45,"2026-02-15",635,"N20","nominal","2.0NRT",301.12,4.04,"D"
"3046",13.98646,105.60111,332.59,0.41,0.45,"2026-02-15",635,"N20","low","2.0NRT",304.85,2.91,"D"
"3047",13.9518,105.33967,338.84,0.4,0.44,"2026-02-15",635,"N20","low","2.0NRT",309.84,51.72,"D"
"3048",13.95034,105.32867,339.55,0.4,0.44,"2026-02-15",635,"N20","nominal","2.0NRT",299.83,7.02,"D"
"3049",13.94985,105.32502,350.9,0.4,0.44,"2026-02-15",635,"N20","nominal","2.0NRT",303.13,7.02,"D"
"3050",13.88497,104.84104,337.53,0.55,0.43,"2026-02-15",635,"N20","nominal","2.0NRT",300.22,9.39,"D"
"3051",13.87055,104.73443,347.92,0.55,0.42,"2026-02-15",635,"N20","nominal","2.0NRT",303.69,6.65,"D"
"3052",13.82428,104.39438,335.74,0.52,0.42,"2026-02-15",635,"N20","nominal","2.0NRT",305.38,5.25,"D"
"3053",13.77521,104.03727,343.52,0.5,0.41,"2026-02-15",635,"N20","nominal","2.0NRT",304.25,4.68,"D"
"3054",14.10983,106.51379,346.71,0.47,0.48,"2026-02-15",635,"N20","nominal","2.0NRT",305.41,6.45,"D"
"3055",14.1087,106.50504,337.31,0.47,0.48,"2026-02-15",635,"N20","nominal","2.0NRT",302.73,5.55,"D"
"3056",14.07711,106.26067,331.42,0.45,0.47,"2026-02-15",635,"N20","low","2.0NRT",303.91,2.11,"D"
"3057",14.07656,106.25648,337.64,0.45,0.47,"2026-02-15",635,"N20","nominal","2.0NRT",303.82,2.11,"D"
"3058",14.01145,105.75855,341.81,0.42,0.45,"2026-02-15",635,"N20","nominal","2.0NRT",301.77,7.67,"D"
"3059",14.01094,105.75464,340.29,0.42,0.45,"2026-02-15",635,"N20","nominal","2.0NRT",301.94,7.67,"D"
"3060",13.97309,105.4686,344.07,0.4,0.44,"2026-02-15",635,"N20","nominal","2.0NRT",302,4.8,"D"
"3061",13.9726,105.46486,347.78,0.4,0.44,"2026-02-15",635,"N20","nominal","2.0NRT",301.92,4.8,"D"
"3062",13.95585,105.33909,339.36,0.4,0.44,"2026-02-15",635,"N20","nominal","2.0NRT",299.44,2.22,"D"
"3063",13.90842,104.98517,332.81,0.57,0.43,"2026-02-15",635,"N20","nominal","2.0NRT",300.55,9.59,"D"
"3064",13.89792,104.90732,332.78,0.56,0.43,"2026-02-15",635,"N20","nominal","2.0NRT",301.08,4.76,"D"
"3065",13.89722,104.90216,334.1,0.56,0.43,"2026-02-15",635,"N20","nominal","2.0NRT",301.37,3.82,"D"
"3066",13.88958,104.84561,336.88,0.55,0.43,"2026-02-15",635,"N20","nominal","2.0NRT",302.28,10.39,"D"
"3067",14.08088,106.2559,333.87,0.45,0.47,"2026-02-15",635,"N20","low","2.0NRT",304.28,2.11,"D"
"3068",14.05652,106.06922,338.57,0.44,0.46,"2026-02-15",635,"N20","nominal","2.0NRT",301.29,2.55,"D"
"3069",14.05599,106.06512,334.83,0.44,0.46,"2026-02-15",635,"N20","nominal","2.0NRT",301.42,2.55,"D"
"3070",14.05171,106.03246,339.42,0.44,0.46,"2026-02-15",635,"N20","nominal","2.0NRT",301.41,1.79,"D"
"3071",13.97669,105.46432,343.65,0.4,0.44,"2026-02-15",635,"N20","nominal","2.0NRT",302.9,4.8,"D"
"3072",13.97519,105.45309,338.14,0.4,0.44,"2026-02-15",635,"N20","nominal","2.0NRT",300.8,13.12,"D"
"3073",13.9747,105.44936,352.09,0.4,0.44,"2026-02-15",635,"N20","nominal","2.0NRT",305.91,13.12,"D"
"3074",13.91238,104.98462,345.14,0.57,0.43,"2026-02-15",635,"N20","nominal","2.0NRT",301.58,9.59,"D"
"3075",13.90466,104.92744,333.75,0.56,0.43,"2026-02-15",635,"N20","nominal","2.0NRT",303.71,3.78,"D"
"3076",13.87288,104.69313,344.29,0.54,0.42,"2026-02-15",635,"N20","nominal","2.0NRT",303.33,4.62,"D"
"3077",13.87219,104.6881,331.65,0.54,0.42,"2026-02-15",635,"N20","low","2.0NRT",303.88,4.96,"D"
"3078",13.80447,104.19389,332.33,0.51,0.41,"2026-02-15",635,"N20","low","2.0NRT",305.44,2.26,"D"
"3079",14.10904,106.43872,343.3,0.47,0.48,"2026-02-15",635,"N20","nominal","2.0NRT",304.96,12.93,"D"
"3080",14.10848,106.43439,334.41,0.47,0.47,"2026-02-15",635,"N20","low","2.0NRT",306.63,12.93,"D"
"3081",14.07808,106.20081,339.19,0.45,0.47,"2026-02-15",635,"N20","nominal","2.0NRT",305.69,2.17,"D"
"3082",14.06616,106.10967,348.72,0.44,0.46,"2026-02-15",635,"N20","nominal","2.0NRT",304.72,9.08,"D"
"3083",14.06186,106.07687,343.41,0.44,0.46,"2026-02-15",635,"N20","nominal","2.0NRT",301.6,2.93,"D"
"3084",14.06132,106.07277,330.45,0.44,0.46,"2026-02-15",635,"N20","low","2.0NRT",301.34,2.93,"D"
"3085",14.06025,106.06459,331.34,0.44,0.46,"2026-02-15",635,"N20","low","2.0NRT",301.94,1.56,"D"
"3086",14.05596,106.03191,333.04,0.44,0.46,"2026-02-15",635,"N20","nominal","2.0NRT",301.86,4.45,"D"
"3087",14.04537,105.95127,343.14,0.43,0.46,"2026-02-15",635,"N20","nominal","2.0NRT",304.33,4.4,"D"
"3088",13.98028,105.46003,331.69,0.4,0.44,"2026-02-15",635,"N20","nominal","2.0NRT",301.25,2.63,"D"
"3089",13.91072,104.94251,344.13,0.56,0.43,"2026-02-15",635,"N20","nominal","2.0NRT",302.27,6.55,"D"
"3090",13.9086,104.9269,331.25,0.56,0.43,"2026-02-15",635,"N20","low","2.0NRT",303.1,6.17,"D"
"3091",13.9079,104.92171,343.01,0.56,0.43,"2026-02-15",635,"N20","nominal","2.0NRT",303.08,6.41,"D"
"3092",13.90022,104.86502,338.95,0.56,0.43,"2026-02-15",635,"N20","nominal","2.0NRT",303.94,6.47,"D"
"3093",13.89813,104.84964,337.56,0.55,0.43,"2026-02-15",635,"N20","nominal","2.0NRT",301.23,4.34,"D"
"3094",13.86723,104.6227,346.97,0.54,0.42,"2026-02-15",635,"N20","nominal","2.0NRT",304.47,5.2,"D"
"3095",13.80889,104.19804,330.95,0.51,0.41,"2026-02-15",635,"N20","low","2.0NRT",304.17,1.08,"D"
"3096",13.59524,102.68189,340.79,0.43,0.38,"2026-02-15",635,"N20","nominal","2.0NRT",304.11,2.21,"D"
"3097",14.11341,106.43814,333.42,0.47,0.48,"2026-02-15",635,"N20","low","2.0NRT",304.68,12.93,"D"
"3098",14.11285,106.43383,348.67,0.47,0.47,"2026-02-15",635,"N20","nominal","2.0NRT",311.04,12.93,"D"
"3099",14.11229,106.42951,343.15,0.47,0.47,"2026-02-15",635,"N20","nominal","2.0NRT",305.2,6.4,"D"
"3100",14.11173,106.4252,332.26,0.47,0.47,"2026-02-15",635,"N20","low","2.0NRT",306.39,6.4,"D"
"3101",14.07097,106.1132,342.09,0.44,0.46,"2026-02-15",635,"N20","nominal","2.0NRT",303.17,10.81,"D"
"3102",14.07043,106.1091,330.16,0.44,0.46,"2026-02-15",635,"N20","low","2.0NRT",303.13,9.08,"D"
"3103",14.05542,105.99491,331.99,0.44,0.46,"2026-02-15",635,"N20","low","2.0NRT",303.28,1.48,"D"
"3104",14.05329,105.97878,332.54,0.44,0.46,"2026-02-15",635,"N20","low","2.0NRT",302.59,1.8,"D"
"3105",13.96507,105.31548,350.23,0.39,0.44,"2026-02-15",635,"N20","nominal","2.0NRT",308.08,39.57,"D"
"3106",13.90904,104.90051,337.43,0.56,0.43,"2026-02-15",635,"N20","nominal","2.0NRT",301.61,3.22,"D"
"3107",13.90624,104.87988,347.32,0.56,0.43,"2026-02-15",635,"N20","nominal","2.0NRT",302.54,10.41,"D"
"3108",13.97207,105.33687,346.17,0.4,0.44,"2026-02-15",635,"N20","nominal","2.0NRT",302.66,7.7,"D"
"3109",13.96912,105.31496,339.42,0.39,0.44,"2026-02-15",635,"N20","nominal","2.0NRT",300.94,4.03,"D"
"3110",13.91018,104.87934,348.26,0.56,0.43,"2026-02-15",635,"N20","nominal","2.0NRT",303.04,12.05,"D"
"3111",13.81579,104.19231,342.6,0.51,0.41,"2026-02-15",635,"N20","nominal","2.0NRT",304.66,1.6,"D"
"3112",13.55928,102.38379,338.54,0.42,0.38,"2026-02-15",635,"N20","nominal","2.0NRT",304.86,8.59,"D"
"3113",13.55872,102.37993,337.18,0.42,0.38,"2026-02-15",635,"N20","nominal","2.0NRT",306.71,10.16,"D"
"3114",13.98904,105.43233,333.03,0.4,0.44,"2026-02-15",635,"N20","nominal","2.0NRT",302.22,1.26,"D"
"3115",13.91481,104.88396,333.8,0.56,0.43,"2026-02-15",635,"N20","low","2.0NRT",304.27,4.53,"D"
"3116",13.90224,104.79189,332,0.55,0.43,"2026-02-15",635,"N20","low","2.0NRT",303.63,1.64,"D"
"3117",13.86731,104.53719,339.63,0.53,0.42,"2026-02-15",635,"N20","nominal","2.0NRT",301.42,3.16,"D"
"3118",13.84652,104.38643,336.54,0.52,0.42,"2026-02-15",635,"N20","nominal","2.0NRT",303.83,2.11,"D"
"3119",13.59374,102.59748,330.71,0.43,0.38,"2026-02-15",635,"N20","low","2.0NRT",305.53,2.57,"D"
"3120",13.56273,102.38327,336.56,0.42,0.38,"2026-02-15",635,"N20","nominal","2.0NRT",303.75,8.59,"D"
"3121",13.56217,102.37942,333.57,0.42,0.38,"2026-02-15",635,"N20","low","2.0NRT",306.47,10.16,"D"
"3122",14.11526,106.35052,338.08,0.46,0.47,"2026-02-15",635,"N20","nominal","2.0NRT",306.64,3.46,"D"
"3123",14.03388,105.73577,333.68,0.42,0.45,"2026-02-15",635,"N20","nominal","2.0NRT",303.17,2.74,"D"
"3124",13.99663,105.45782,331.33,0.4,0.44,"2026-02-15",635,"N20","nominal","2.0NRT",301.26,2.76,"D"
"3125",13.87116,104.53665,343.37,0.53,0.42,"2026-02-15",635,"N20","nominal","2.0NRT",303.31,10.99,"D"
"3126",14.06863,105.96451,353.05,0.43,0.46,"2026-02-15",635,"N20","nominal","2.0NRT",303.83,10.15,"D"
"3127",14.04065,105.75468,349.23,0.42,0.45,"2026-02-15",635,"N20","nominal","2.0NRT",307.7,27.75,"D"
"3128",13.8575,104.40952,330.83,0.52,0.42,"2026-02-15",635,"N20","low","2.0NRT",303.72,2.68,"D"
"3129",13.85215,104.37095,338.66,0.52,0.42,"2026-02-15",635,"N20","nominal","2.0NRT",305.41,6.87,"D"
"3130",13.65953,103.00502,338.51,0.44,0.39,"2026-02-15",635,"N20","nominal","2.0NRT",307.13,1.71,"D"
"3131",14.10719,106.2225,346.84,0.45,0.47,"2026-02-15",635,"N20","nominal","2.0NRT",305.87,8.72,"D"
"3132",14.07876,106.00826,337.59,0.44,0.46,"2026-02-15",635,"N20","nominal","2.0NRT",304.55,4.57,"D"
"3133",14.04587,105.76197,339.83,0.42,0.45,"2026-02-15",635,"N20","nominal","2.0NRT",302.42,3.75,"D"
"3134",14.04535,105.75805,341.23,0.42,0.45,"2026-02-15",635,"N20","nominal","2.0NRT",300.83,3.75,"D"
"3135",14.04482,105.75414,344.42,0.42,0.45,"2026-02-15",635,"N20","nominal","2.0NRT",301.65,7.57,"D"
"3136",14.11317,106.23454,336.67,0.45,0.47,"2026-02-15",635,"N20","nominal","2.0NRT",303.99,4.21,"D"
"3137",14.1115,106.22194,353.77,0.45,0.47,"2026-02-15",635,"N20","nominal","2.0NRT",305.26,8.72,"D"
"3138",14.10321,106.15945,332.07,0.45,0.47,"2026-02-15",635,"N20","low","2.0NRT",303.16,2.66,"D"
"3139",13.90467,104.69381,331.92,0.54,0.42,"2026-02-15",635,"N20","low","2.0NRT",303.98,2.45,"D"
"3140",13.89544,104.59852,332.73,0.54,0.42,"2026-02-15",635,"N20","low","2.0NRT",303.82,2.53,"D"
"3141",13.88384,104.51487,337.53,0.53,0.42,"2026-02-15",635,"N20","nominal","2.0NRT",304.17,7.81,"D"
"3142",13.8784,104.47578,336.64,0.53,0.42,"2026-02-15",635,"N20","nominal","2.0NRT",306.16,3.53,"D"
"3143",13.88103,104.56734,340.79,0.53,0.42,"2026-02-15",635,"N20","nominal","2.0NRT",304.64,4.58,"D"
"3144",14.06856,105.96459,349.22,0.44,0.46,"2026-02-15",635,"N20","nominal","2.0NRT",304.95,14.08,"D"
"3145",14.04208,105.75431,352.19,0.42,0.45,"2026-02-15",635,"N20","nominal","2.0NRT",308.1,39.62,"D"
"3146",13.90579,104.69585,331.06,0.54,0.42,"2026-02-15",635,"N20","low","2.0NRT",302.68,2.85,"D"
"3147",13.89331,104.60089,332.91,0.54,0.42,"2026-02-15",635,"N20","low","2.0NRT",303.59,3.19,"D"
"3148",13.88161,104.51212,341.35,0.53,0.42,"2026-02-15",635,"N20","nominal","2.0NRT",301.35,4.97,"D"
"3149",13.87644,104.47297,339.33,0.53,0.42,"2026-02-15",635,"N20","nominal","2.0NRT",305.55,5.48,"D"
"3150",13.22509,99.91626,333.78,0.39,0.36,"2026-02-15",635,"N20","nominal","2.0NRT",298.48,4.62,"D"
"3151",14.07837,106.00845,337.67,0.44,0.46,"2026-02-15",635,"N20","nominal","2.0NRT",304.25,4.77,"D"
"3152",13.88546,104.5116,335.45,0.53,0.42,"2026-02-15",635,"N20","nominal","2.0NRT",301.8,4.97,"D"
"3153",14.1111,106.23519,337.01,0.45,0.47,"2026-02-15",635,"N20","nominal","2.0NRT",305.28,3.51,"D"
"3154",14.10953,106.22257,349.85,0.45,0.47,"2026-02-15",635,"N20","nominal","2.0NRT",306.36,9.4,"D"
"3155",14.109,106.21838,332.81,0.45,0.47,"2026-02-15",635,"N20","low","2.0NRT",303.9,9.4,"D"
"3156",13.88412,104.47192,335.94,0.53,0.42,"2026-02-15",635,"N20","nominal","2.0NRT",305.11,2.56,"D"
"3157",13.85468,104.25079,333.69,0.51,0.41,"2026-02-15",635,"N20","nominal","2.0NRT",303.59,2.12,"D"
"3158",14.11489,106.23043,334.37,0.45,0.47,"2026-02-15",635,"N20","nominal","2.0NRT",304.05,4.55,"D"
"3159",13.99697,105.30315,347.33,0.39,0.44,"2026-02-15",635,"N20","nominal","2.0NRT",304.75,40.56,"D"
"3160",13.95923,105.01257,331.76,0.57,0.43,"2026-02-15",635,"N20","nominal","2.0NRT",300.93,3.36,"D"
"3161",13.90953,104.63414,333.35,0.54,0.42,"2026-02-15",635,"N20","low","2.0NRT",303.74,1.97,"D"
"3162",14.0508,105.6896,342.21,0.42,0.45,"2026-02-15",635,"N20","nominal","2.0NRT",300.44,6.97,"D"
"3163",14.03657,105.57848,330.28,0.41,0.45,"2026-02-15",635,"N20","low","2.0NRT",301.41,1.59,"D"
"3164",14.01674,105.42433,352.19,0.4,0.44,"2026-02-15",635,"N20","nominal","2.0NRT",302,7.67,"D"
"3165",14.00149,105.30627,330.57,0.4,0.44,"2026-02-15",635,"N20","nominal","2.0NRT",299.39,10.02,"D"
"3166",14.00101,105.3026,347.61,0.39,0.44,"2026-02-15",635,"N20","nominal","2.0NRT",307.53,10.02,"D"
"3167",13.95707,104.96518,332.48,0.56,0.43,"2026-02-15",635,"N20","nominal","2.0NRT",300.66,2.37,"D"
"3168",13.93336,104.78468,334.96,0.55,0.43,"2026-02-15",635,"N20","nominal","2.0NRT",303.1,4.24,"D"
"3169",13.91472,104.64355,331.23,0.54,0.42,"2026-02-15",635,"N20","low","2.0NRT",302.9,2.05,"D"
"3170",13.75107,103.43182,340.09,0.46,0.39,"2026-02-15",635,"N20","nominal","2.0NRT",303.73,4.72,"D"
"3171",14.11248,106.14166,340.72,0.45,0.47,"2026-02-15",635,"N20","nominal","2.0NRT",301.52,2.07,"D"
"3172",14.1015,106.05473,335.14,0.44,0.46,"2026-02-15",635,"N20","nominal","2.0NRT",302.05,4.27,"D"
"3173",14.02902,105.48728,342.75,0.41,0.45,"2026-02-15",635,"N20","nominal","2.0NRT",302.62,3.3,"D"
"3174",14.00554,105.30573,334.05,0.4,0.44,"2026-02-15",635,"N20","nominal","2.0NRT",300.16,10.02,"D"
"3175",14.00506,105.30205,345.89,0.39,0.44,"2026-02-15",635,"N20","nominal","2.0NRT",301.99,10.02,"D"
"3176",13.89173,104.44104,340.86,0.53,0.42,"2026-02-15",635,"N20","nominal","2.0NRT",305.85,4.16,"D"
"3177",13.75647,103.44416,332.47,0.47,0.39,"2026-02-15",635,"N20","nominal","2.0NRT",302.25,2.2,"D"
"3178",14.09292,105.95308,340.47,0.43,0.46,"2026-02-15",635,"N20","nominal","2.0NRT",303.64,2.93,"D"
"3179",14.03361,105.49049,341.59,0.41,0.45,"2026-02-15",635,"N20","nominal","2.0NRT",302.69,3.41,"D"
"3180",14.03312,105.48672,340.66,0.41,0.45,"2026-02-15",635,"N20","nominal","2.0NRT",302.13,3.41,"D"
"3181",13.89557,104.44054,332.85,0.53,0.42,"2026-02-15",635,"N20","low","2.0NRT",305.78,3.38,"D"
"3182",13.76008,103.44364,332.22,0.47,0.39,"2026-02-15",635,"N20","nominal","2.0NRT",301.64,4.11,"D"
"3183",14.10229,105.99286,334.12,0.44,0.46,"2026-02-15",635,"N20","nominal","2.0NRT",303.5,3.26,"D"
"3184",14.09765,105.95642,332.7,0.43,0.46,"2026-02-15",635,"N20","nominal","2.0NRT",300.51,2.93,"D"
"3185",13.94916,104.81368,330.73,0.55,0.43,"2026-02-15",635,"N20","low","2.0NRT",302.04,2.12,"D"
"3186",13.94376,104.77292,341.2,0.55,0.43,"2026-02-15",635,"N20","nominal","2.0NRT",303.79,4.37,"D"
"3187",13.94107,104.75262,335.11,0.55,0.43,"2026-02-15",635,"N20","nominal","2.0NRT",302.72,2.7,"D"
"3188",14.16776,106.47592,342.31,0.47,0.48,"2026-02-15",635,"N20","nominal","2.0NRT",300.25,4.87,"D"
"3189",13.96193,104.87992,341.98,0.56,0.43,"2026-02-15",635,"N20","nominal","2.0NRT",304.26,7,"D"
"3190",13.95511,104.82844,334.15,0.55,0.43,"2026-02-15",635,"N20","nominal","2.0NRT",303.57,2.63,"D"
"3191",13.90911,104.48336,354.19,0.53,0.42,"2026-02-15",635,"N20","nominal","2.0NRT",304.49,29.93,"D"
"3192",13.76613,103.434,347.29,0.46,0.39,"2026-02-15",635,"N20","nominal","2.0NRT",305.12,6.07,"D"
"3193",14.17215,106.47535,341.77,0.47,0.48,"2026-02-15",635,"N20","nominal","2.0NRT",300.74,4.87,"D"
"3194",14.13015,106.14353,344.56,0.45,0.47,"2026-02-15",635,"N20","nominal","2.0NRT",300.58,6.52,"D"
"3195",13.9817,104.99899,335.69,0.57,0.43,"2026-02-15",635,"N20","nominal","2.0NRT",301.13,4.83,"D"
"3196",13.95768,104.81767,339.72,0.55,0.43,"2026-02-15",635,"N20","nominal","2.0NRT",302.56,6.06,"D"
"3197",13.91295,104.48282,352.46,0.53,0.42,"2026-02-15",635,"N20","nominal","2.0NRT",304.48,29.93,"D"
"3198",13.87162,104.17641,340.72,0.51,0.41,"2026-02-15",635,"N20","nominal","2.0NRT",305.85,7.53,"D"
"3199",13.87035,104.16705,335.49,0.51,0.41,"2026-02-15",635,"N20","low","2.0NRT",305.76,3.67,"D"
"3200",14.06822,105.62838,334.19,0.41,0.45,"2026-02-15",635,"N20","nominal","2.0NRT",299.71,5.33,"D"
"3201",13.98567,104.99848,330.96,0.57,0.43,"2026-02-15",635,"N20","nominal","2.0NRT",300.4,4.41,"D"
"3202",13.91155,104.4433,343.78,0.53,0.42,"2026-02-15",635,"N20","nominal","2.0NRT",305.39,6.61,"D"
"3203",13.87411,104.1665,347.61,0.51,0.41,"2026-02-15",635,"N20","nominal","2.0NRT",305.94,4.84,"D"
"3204",13.77694,103.45871,339.11,0.47,0.39,"2026-02-15",635,"N20","nominal","2.0NRT",305.74,3.02,"D"
"3205",14.07288,105.63181,346.98,0.41,0.45,"2026-02-15",635,"N20","nominal","2.0NRT",299.92,5.33,"D"
"3206",14.04873,105.44657,332.48,0.4,0.44,"2026-02-15",635,"N20","nominal","2.0NRT",299.6,1.98,"D"
"3207",14.03175,105.31703,343.33,0.4,0.44,"2026-02-15",635,"N20","nominal","2.0NRT",298.28,3.13,"D"
"3208",13.94792,104.68488,336.2,0.54,0.42,"2026-02-15",635,"N20","nominal","2.0NRT",302.39,6.71,"D"
"3209",13.91735,104.45737,337.83,0.53,0.42,"2026-02-15",635,"N20","nominal","2.0NRT",301.3,2.63,"D"
"3210",13.8952,104.29349,337.9,0.52,0.41,"2026-02-15",635,"N20","nominal","2.0NRT",306.22,5.35,"D"
"3211",13.87852,104.17066,332.41,0.51,0.41,"2026-02-15",635,"N20","low","2.0NRT",304.29,4.27,"D"
"3212",13.734,103.12479,344.47,0.45,0.39,"2026-02-15",635,"N20","nominal","2.0NRT",307.67,7.57,"D"
"3213",14.06511,105.53997,355.6,0.41,0.45,"2026-02-15",635,"N20","nominal","2.0NRT",304.57,16.44,"D"
"3214",14.0533,105.44975,343.32,0.4,0.44,"2026-02-15",635,"N20","nominal","2.0NRT",301.63,7.1,"D"
"3215",14.05282,105.44602,347.12,0.4,0.44,"2026-02-15",635,"N20","nominal","2.0NRT",304.69,7.1,"D"
"3216",13.94643,104.64426,342.37,0.54,0.42,"2026-02-15",635,"N20","nominal","2.0NRT",303.38,5.1,"D"
"3217",13.92118,104.45683,332.06,0.53,0.42,"2026-02-15",635,"N20","nominal","2.0NRT",300.81,5.19,"D"
"3218",13.92053,104.45194,334.06,0.53,0.42,"2026-02-15",635,"N20","nominal","2.0NRT",303.73,3.77,"D"
"3219",14.17867,106.38641,340.53,0.46,0.47,"2026-02-15",635,"N20","nominal","2.0NRT",305.84,7.99,"D"
"3220",14.16883,106.30932,334.22,0.46,0.47,"2026-02-15",635,"N20","low","2.0NRT",304.95,0.91,"D"
"3221",14.13457,106.04243,339.97,0.44,0.46,"2026-02-15",635,"N20","nominal","2.0NRT",299.51,4.37,"D"
"3222",14.13352,106.03428,331.92,0.44,0.46,"2026-02-15",635,"N20","nominal","2.0NRT",300.03,4.69,"D"
"3223",14.08268,105.64237,347.85,0.42,0.45,"2026-02-15",635,"N20","nominal","2.0NRT",302.62,6.74,"D"
"3224",14.07618,105.5926,342.76,0.41,0.45,"2026-02-15",635,"N20","nominal","2.0NRT",301.16,4.7,"D"
"3225",14.07568,105.58878,330.55,0.41,0.45,"2026-02-15",635,"N20","low","2.0NRT",302.06,4.7,"D"
"3226",14.06972,105.54319,331.67,0.41,0.45,"2026-02-15",635,"N20","nominal","2.0NRT",301.63,5.42,"D"
"3227",14.06922,105.5394,351.65,0.41,0.45,"2026-02-15",635,"N20","nominal","2.0NRT",302.91,16.44,"D"
"3228",14.05739,105.4492,337.06,0.4,0.44,"2026-02-15",635,"N20","nominal","2.0NRT",302.6,7.1,"D"
"3229",13.92502,104.45628,346.92,0.53,0.42,"2026-02-15",635,"N20","nominal","2.0NRT",302.8,5.19,"D"
"3230",14.18303,106.38584,335.65,0.46,0.47,"2026-02-15",635,"N20","low","2.0NRT",306.03,6.27,"D"
"3231",14.14891,106.11996,330.2,0.45,0.47,"2026-02-15",635,"N20","low","2.0NRT",301.5,0.94,"D"
"3232",14.08031,105.59206,337.69,0.41,0.45,"2026-02-15",635,"N20","nominal","2.0NRT",301.81,3.48,"D"
"3233",14.07333,105.53883,349.85,0.41,0.45,"2026-02-15",635,"N20","nominal","2.0NRT",302.16,12.13,"D"
"3234",14.07037,105.51623,330.88,0.41,0.45,"2026-02-15",635,"N20","nominal","2.0NRT",300.43,4.72,"D"
"3235",14.06987,105.51245,340.88,0.41,0.45,"2026-02-15",635,"N20","nominal","2.0NRT",301.05,4.72,"D"
"3236",14.06247,105.45612,341.4,0.4,0.45,"2026-02-15",635,"N20","nominal","2.0NRT",299.67,4.66,"D"
"3237",13.99528,104.94932,340.5,0.56,0.43,"2026-02-15",635,"N20","nominal","2.0NRT",304.82,9.51,"D"
"3238",13.99458,104.9441,336.34,0.56,0.43,"2026-02-15",635,"N20","nominal","2.0NRT",302.61,7.5,"D"
"3239",14.18739,106.38526,339.04,0.46,0.47,"2026-02-15",635,"N20","nominal","2.0NRT",304.04,6.27,"D"
"3240",14.18683,106.38094,346.05,0.46,0.47,"2026-02-15",635,"N20","nominal","2.0NRT",304.71,6.27,"D"
"3241",14.18628,106.37664,342.55,0.46,0.47,"2026-02-15",635,"N20","nominal","2.0NRT",305.27,10.34,"D"
"3242",13.92214,104.37762,335.26,0.52,0.42,"2026-02-15",635,"N20","low","2.0NRT",305.38,3.54,"D"
"3243",13.9169,104.33915,339.82,0.52,0.41,"2026-02-15",635,"N20","nominal","2.0NRT",303.4,3.95,"D"
"3244",13.78726,103.40039,341.4,0.46,0.39,"2026-02-15",635,"N20","nominal","2.0NRT",304.46,5.14,"D"
"3245",13.7227,102.94203,336.4,0.44,0.38,"2026-02-15",635,"N20","low","2.0NRT",307.52,2.32,"D"
"3246",14.13729,105.96333,349.55,0.44,0.46,"2026-02-15",635,"N20","nominal","2.0NRT",303.4,11.24,"D"
"3247",14.08507,105.56432,338.9,0.41,0.45,"2026-02-15",635,"N20","nominal","2.0NRT",302.61,3.52,"D"
"3248",13.97554,104.74261,349.62,0.55,0.43,"2026-02-15",635,"N20","nominal","2.0NRT",304.77,10.45,"D"
"3249",13.92071,104.33862,334.31,0.52,0.41,"2026-02-15",635,"N20","low","2.0NRT",304.38,3.6,"D"
"3250",13.74247,103.05609,335.61,0.45,0.39,"2026-02-15",635,"N20","low","2.0NRT",309,3.8,"D"
"3251",14.16551,106.14725,332.36,0.45,0.47,"2026-02-15",635,"N20","low","2.0NRT",303.63,1.88,"D"
"3252",14.0807,105.49952,341.6,0.41,0.45,"2026-02-15",635,"N20","nominal","2.0NRT",301.05,5.97,"D"
"3253",14.0802,105.49575,354.82,0.41,0.45,"2026-02-15",635,"N20","nominal","2.0NRT",301.65,5.97,"D"
"3254",14.03392,105.1475,341.07,0.39,0.44,"2026-02-15",635,"N20","nominal","2.0NRT",299.88,4.86,"D"
"3255",14.03297,105.14036,344.59,0.39,0.44,"2026-02-15",635,"N20","nominal","2.0NRT",300.62,5.72,"D"
"3256",13.98975,104.81843,338.49,0.55,0.43,"2026-02-15",635,"N20","nominal","2.0NRT",303.17,6.03,"D"
"3257",13.98424,104.7776,340.87,0.55,0.43,"2026-02-15",635,"N20","nominal","2.0NRT",303.72,5.68,"D"
"3258",13.92321,104.32848,336.2,0.52,0.41,"2026-02-15",635,"N20","nominal","2.0NRT",305.36,2.95,"D"
"3259",14.05283,105.25847,341.08,0.39,0.44,"2026-02-15",635,"N20","nominal","2.0NRT",300.45,4.19,"D"
"3260",13.98953,104.7872,338.9,0.55,0.43,"2026-02-15",635,"N20","nominal","2.0NRT",305.7,4.99,"D"
"3261",13.97993,104.71629,343.03,0.55,0.42,"2026-02-15",635,"N20","nominal","2.0NRT",301.46,6.19,"D"
"3262",13.97925,104.71124,347.4,0.55,0.42,"2026-02-15",635,"N20","nominal","2.0NRT",302.71,6.19,"D"
"3263",13.97856,104.7062,337.62,0.55,0.42,"2026-02-15",635,"N20","nominal","2.0NRT",300.12,5.33,"D"
"3264",13.96633,104.61605,332.33,0.54,0.42,"2026-02-15",635,"N20","nominal","2.0NRT",301.06,1.12,"D"
"3265",13.92702,104.32796,334.35,0.52,0.41,"2026-02-15",635,"N20","low","2.0NRT",305.45,3.8,"D"
"3266",13.26387,99.77248,332.73,0.39,0.36,"2026-02-15",635,"N20","nominal","2.0NRT",298.85,2.76,"D"
"3267",13.26332,99.76896,335.45,0.39,0.36,"2026-02-15",635,"N20","nominal","2.0NRT",300.5,2.76,"D"
"3268",14.191,106.27619,343.78,0.46,0.47,"2026-02-15",635,"N20","nominal","2.0NRT",302.95,8.59,"D"
"3269",14.08293,105.45338,341.64,0.4,0.45,"2026-02-15",635,"N20","nominal","2.0NRT",302.81,9.71,"D"
"3270",14.08243,105.44965,339.33,0.4,0.45,"2026-02-15",635,"N20","nominal","2.0NRT",304.83,9.71,"D"
"3271",13.99969,104.83276,331.41,0.56,0.43,"2026-02-15",635,"N20","low","2.0NRT",302.05,2.8,"D"
"3272",13.99899,104.82763,337.24,0.55,0.43,"2026-02-15",635,"N20","nominal","2.0NRT",303.77,3.92,"D"
"3273",13.98726,104.741,339.91,0.55,0.43,"2026-02-15",635,"N20","nominal","2.0NRT",303.09,7.73,"D"
"3274",13.98245,104.7056,347.05,0.55,0.42,"2026-02-15",635,"N20","nominal","2.0NRT",299.94,5.33,"D"
"3275",13.97088,104.62048,330.32,0.54,0.42,"2026-02-15",635,"N20","low","2.0NRT",302.24,3.15,"D"
"3276",14.19478,106.27142,345.53,0.46,0.47,"2026-02-15",635,"N20","nominal","2.0NRT",304.85,13.04,"D"
"3277",14.19423,106.26717,333.27,0.46,0.47,"2026-02-15",635,"N20","nominal","2.0NRT",303.16,13.04,"D"
"3278",14.08553,105.44162,332.4,0.4,0.44,"2026-02-15",635,"N20","low","2.0NRT",302.96,3.84,"D"
"3279",14.08503,105.43788,336.2,0.4,0.44,"2026-02-15",635,"N20","nominal","2.0NRT",301.47,3.03,"D"
"3280",13.85294,103.73732,336.34,0.48,0.4,"2026-02-15",635,"N20","nominal","2.0NRT",300,6.84,"D"
"3281",14.19911,106.27087,340.82,0.46,0.47,"2026-02-15",635,"N20","nominal","2.0NRT",303.14,13.04,"D"
"3282",14.09011,105.44482,330.14,0.4,0.44,"2026-02-15",635,"N20","low","2.0NRT",300.4,3.84,"D"
"3283",14.0386,105.06103,332.37,0.57,0.43,"2026-02-15",635,"N20","nominal","2.0NRT",300.24,5.34,"D"
"3284",14.03788,105.05574,337.79,0.57,0.43,"2026-02-15",635,"N20","nominal","2.0NRT",300.47,9.83,"D"
"3285",14.03717,105.05047,334.88,0.57,0.43,"2026-02-15",635,"N20","nominal","2.0NRT",301.26,9.83,"D"
"3286",13.97727,104.60944,338.92,0.54,0.42,"2026-02-15",635,"N20","nominal","2.0NRT",302.39,8.3,"D"
"3287",13.97522,104.59449,340.16,0.54,0.42,"2026-02-15",635,"N20","nominal","2.0NRT",301.24,3.56,"D"
"3288",14.04187,105.05521,341.27,0.57,0.43,"2026-02-15",635,"N20","nominal","2.0NRT",299.84,9.55,"D"
"3289",13.98182,104.61389,335.52,0.54,0.42,"2026-02-15",635,"N20","nominal","2.0NRT",302.27,5.86,"D"
"3290",13.98114,104.6089,335.25,0.54,0.42,"2026-02-15",635,"N20","nominal","2.0NRT",302.61,5.86,"D"
"3291",13.94688,104.35948,333.91,0.52,0.42,"2026-02-15",635,"N20","nominal","2.0NRT",302.33,1.53,"D"
"3292",14.10281,105.4774,335.63,0.41,0.45,"2026-02-15",635,"N20","nominal","2.0NRT",299.15,3.02,"D"
"3293",14.00426,104.74899,331.76,0.55,0.43,"2026-02-15",635,"N20","low","2.0NRT",303.48,4.99,"D"
"3294",13.97481,104.534,339.61,0.53,0.42,"2026-02-15",635,"N20","nominal","2.0NRT",303.66,11.48,"D"
"3295",13.97413,104.52907,355.53,0.53,0.42,"2026-02-15",635,"N20","nominal","2.0NRT",304.06,11.48,"D"
"3296",14.06054,105.13298,335.45,0.39,0.44,"2026-02-15",635,"N20","nominal","2.0NRT",302.03,3.9,"D"
"3297",14.04482,105.01717,333.1,0.57,0.43,"2026-02-15",635,"N20","nominal","2.0NRT",298.57,4.59,"D"
"3298",14.04411,105.01192,335.13,0.57,0.43,"2026-02-15",635,"N20","nominal","2.0NRT",300.55,8.11,"D"
"3299",13.97119,104.47925,335.7,0.53,0.42,"2026-02-15",635,"N20","nominal","2.0NRT",299.47,3.82,"D"
"3300",14.19599,106.11372,342.28,0.45,0.47,"2026-02-15",635,"N20","nominal","2.0NRT",302.14,5.84,"D"
"3301",14.07182,105.18607,333.93,0.39,0.44,"2026-02-15",635,"N20","nominal","2.0NRT",302.63,4.49,"D"
"3302",14.05024,105.02718,333.52,0.57,0.43,"2026-02-15",635,"N20","nominal","2.0NRT",299.1,2.68,"D"
"3303",13.99344,104.61221,345.75,0.54,0.42,"2026-02-15",635,"N20","nominal","2.0NRT",302.74,7.05,"D"
"3304",14.05278,105.01608,331.71,0.57,0.43,"2026-02-15",635,"N20","nominal","2.0NRT",301.12,4.09,"D"
"3305",14.05206,105.01081,346.69,0.57,0.43,"2026-02-15",635,"N20","nominal","2.0NRT",303.76,14.71,"D"
"3306",14.05134,105.00556,334.38,0.57,0.43,"2026-02-15",635,"N20","nominal","2.0NRT",302.45,14.71,"D"
"3307",14.04705,104.97411,335.71,0.57,0.43,"2026-02-15",635,"N20","nominal","2.0NRT",300.65,10.22,"D"
"3308",13.96749,104.39595,335.09,0.52,0.42,"2026-02-15",635,"N20","low","2.0NRT",306.12,3.1,"D"
"3309",13.86255,103.64584,330.31,0.48,0.4,"2026-02-15",635,"N20","nominal","2.0NRT",298.99,1.81,"D"
"3310",14.20236,106.09609,332.74,0.44,0.46,"2026-02-15",635,"N20","nominal","2.0NRT",300.14,1.62,"D"
"3311",14.18231,105.94538,339.28,0.43,0.46,"2026-02-15",635,"N20","nominal","2.0NRT",302.88,3.65,"D"
"3312",14.18177,105.94135,338.91,0.43,0.46,"2026-02-15",635,"N20","nominal","2.0NRT",303.33,3.65,"D"
"3313",14.02198,104.76199,333.01,0.55,0.43,"2026-02-15",635,"N20","low","2.0NRT",304.93,1.7,"D"
"3314",14.06362,105.03609,340.46,0.57,0.43,"2026-02-15",635,"N20","nominal","2.0NRT",300.92,6.32,"D"
"3315",14.06289,105.0308,338.25,0.57,0.43,"2026-02-15",635,"N20","nominal","2.0NRT",299.59,8.23,"D"
"3316",14.04996,104.93644,334.36,0.56,0.43,"2026-02-15",635,"N20","nominal","2.0NRT",301.29,2.3,"D"
"3317",14.0224,104.73613,338.18,0.55,0.43,"2026-02-15",635,"N20","nominal","2.0NRT",303.11,2.35,"D"
"3318",14.00851,104.6355,340.19,0.54,0.42,"2026-02-15",635,"N20","nominal","2.0NRT",302.59,15.17,"D"
"3319",14.0676,105.03555,333.79,0.57,0.43,"2026-02-15",635,"N20","nominal","2.0NRT",301.55,6.32,"D"
"3320",14.06688,105.03027,338.44,0.57,0.43,"2026-02-15",635,"N20","nominal","2.0NRT",302.19,8.23,"D"
"3321",14.04704,105.01388,346.01,0.57,0.43,"2026-02-15",635,"N20","nominal","2.0NRT",302.05,8.34,"D"
"3322",13.99442,104.60883,338.95,0.54,0.42,"2026-02-15",635,"N20","nominal","2.0NRT",302.86,4.73,"D"
"3323",14.05033,105.00805,338.29,0.57,0.43,"2026-02-15",635,"N20","nominal","2.0NRT",302.27,8.34,"D"
"3324",14.04626,104.97652,345.52,0.57,0.43,"2026-02-15",635,"N20","nominal","2.0NRT",301.26,9.63,"D"
"3325",13.99895,104.61323,333.16,0.54,0.42,"2026-02-15",635,"N20","nominal","2.0NRT",300.97,4.73,"D"
"3326",13.29777,99.7045,331.95,0.39,0.36,"2026-02-15",635,"N20","low","2.0NRT",304.98,2.87,"D"
"3327",14.19479,106.11378,343.92,0.45,0.47,"2026-02-15",635,"N20","nominal","2.0NRT",302.42,5.74,"D"
"3328",14.05499,105.01275,335.39,0.57,0.43,"2026-02-15",635,"N20","nominal","2.0NRT",302.24,10.99,"D"
"3329",14.05431,105.00749,346.12,0.57,0.43,"2026-02-15",635,"N20","nominal","2.0NRT",302.18,10.99,"D"
"3330",14.02263,104.76392,335.42,0.55,0.43,"2026-02-15",635,"N20","nominal","2.0NRT",304.31,2.44,"D"
"3331",14.19597,106.08836,330.31,0.44,0.46,"2026-02-15",635,"N20","low","2.0NRT",300.4,1.41,"D"
"3332",14.06102,105.02806,333.69,0.57,0.43,"2026-02-15",635,"N20","nominal","2.0NRT",299.53,5.78,"D"
"3333",14.02255,104.73293,339.19,0.55,0.43,"2026-02-15",635,"N20","nominal","2.0NRT",304.38,2.68,"D"
"3334",14.01924,104.70763,335.91,0.55,0.42,"2026-02-15",635,"N20","nominal","2.0NRT",303.45,1.52,"D"
"3335",14.00999,104.63715,337.08,0.54,0.42,"2026-02-15",635,"N20","nominal","2.0NRT",302.9,10.04,"D"
"3336",14.18234,105.94508,340.96,0.44,0.46,"2026-02-15",635,"N20","nominal","2.0NRT",303.12,4.1,"D"
"3337",14.18183,105.94105,335.41,0.44,0.46,"2026-02-15",635,"N20","nominal","2.0NRT",303.67,4.1,"D"
"3338",14.06637,105.03809,338.99,0.57,0.43,"2026-02-15",635,"N20","nominal","2.0NRT",302.21,4.48,"D"
"3339",14.06569,105.0328,345.44,0.57,0.43,"2026-02-15",635,"N20","nominal","2.0NRT",301.55,15.51,"D"
"3340",14.02971,104.7268,338.36,0.55,0.43,"2026-02-15",635,"N20","nominal","2.0NRT",305.09,2.9,"D"
"3341",14.02372,104.68137,335.31,0.54,0.42,"2026-02-15",635,"N20","nominal","2.0NRT",302.81,5.4,"D"
"3342",14.11779,105.37205,338.49,0.4,0.44,"2026-02-15",635,"N20","nominal","2.0NRT",295.53,6.33,"D"
"3343",14.11731,105.36833,337.62,0.4,0.44,"2026-02-15",635,"N20","nominal","2.0NRT",298.02,6.33,"D"
"3344",14.0793,105.07502,336.33,0.38,0.43,"2026-02-15",635,"N20","nominal","2.0NRT",301.19,3.05,"D"
"3345",14.01834,104.61057,334.76,0.54,0.42,"2026-02-15",635,"N20","nominal","2.0NRT",301.24,3.82,"D"
"3346",14.01768,104.60558,334.01,0.54,0.42,"2026-02-15",635,"N20","nominal","2.0NRT",303.13,3.82,"D"
"3347",14.0157,104.59062,338.18,0.54,0.42,"2026-02-15",635,"N20","nominal","2.0NRT",304.3,16.37,"D"
"3348",14.0124,104.56573,331.39,0.54,0.42,"2026-02-15",635,"N20","low","2.0NRT",303.59,3.5,"D"
"3349",14.09118,105.13499,339.03,0.39,0.44,"2026-02-15",635,"N20","nominal","2.0NRT",301.53,4.06,"D"
"3350",14.20336,105.97504,335.65,0.44,0.46,"2026-02-15",635,"N20","nominal","2.0NRT",304.33,2.92,"D"
"3351",14.03541,104.67981,336.33,0.54,0.42,"2026-02-15",635,"N20","nominal","2.0NRT",302.64,3.12,"D"
"3352",13.90039,103.67711,341.86,0.48,0.4,"2026-02-15",635,"N20","nominal","2.0NRT",304.22,23.87,"D"
"3353",14.11995,105.29298,348.4,0.4,0.44,"2026-02-15",635,"N20","nominal","2.0NRT",301.58,13.04,"D"
"3354",13.90406,103.67658,352.95,0.48,0.4,"2026-02-15",635,"N20","nominal","2.0NRT",312,23.87,"D"
"3355",13.77392,102.74089,342.35,0.43,0.38,"2026-02-15",635,"N20","nominal","2.0NRT",304.68,3.13,"D"
"3356",14.02588,104.54874,336.4,0.54,0.42,"2026-02-15",635,"N20","nominal","2.0NRT",299.65,3.85,"D"
"3357",13.90834,103.68047,337.97,0.48,0.4,"2026-02-15",635,"N20","nominal","2.0NRT",305.65,2.91,"D"
"3358",13.90773,103.67605,337.63,0.48,0.4,"2026-02-15",635,"N20","nominal","2.0NRT",304.15,2.91,"D"
"3359",13.90712,103.67164,337.74,0.48,0.4,"2026-02-15",635,"N20","nominal","2.0NRT",304.56,3,"D"
"3360",14.2557,106.28503,331.15,0.46,0.47,"2026-02-15",635,"N20","nominal","2.0NRT",300.1,2.17,"D"
"3361",14.25355,106.26802,332.62,0.46,0.47,"2026-02-15",635,"N20","nominal","2.0NRT",301.04,2.4,"D"
"3362",14.25301,106.26379,334.61,0.46,0.47,"2026-02-15",635,"N20","nominal","2.0NRT",301.34,3.83,"D"
"3363",14.25141,106.25115,341.49,0.46,0.47,"2026-02-15",635,"N20","nominal","2.0NRT",301.25,9.15,"D"
"3364",14.25088,106.24692,337.95,0.46,0.47,"2026-02-15",635,"N20","nominal","2.0NRT",302.27,8.23,"D"
"3365",14.12758,105.28824,354.17,0.4,0.44,"2026-02-15",635,"N20","nominal","2.0NRT",301.72,7.38,"D"
"3366",14.10816,105.13993,346.25,0.39,0.44,"2026-02-15",635,"N20","nominal","2.0NRT",304.51,5.33,"D"
"3367",14.10581,105.12207,342.95,0.39,0.44,"2026-02-15",635,"N20","nominal","2.0NRT",303.72,3.92,"D"
"3368",13.84998,103.23171,340.14,0.46,0.39,"2026-02-15",635,"N20","nominal","2.0NRT",305.84,2.63,"D"
"3369",13.79795,102.86047,332.98,0.44,0.38,"2026-02-15",635,"N20","low","2.0NRT",304.57,1.89,"D"
"3370",14.2568,106.259,336.59,0.46,0.47,"2026-02-15",635,"N20","nominal","2.0NRT",299.82,3.05,"D"
"3371",14.13163,105.2877,344.65,0.4,0.44,"2026-02-15",635,"N20","nominal","2.0NRT",302,7.92,"D"
"3372",14.13115,105.28403,338.01,0.4,0.44,"2026-02-15",635,"N20","nominal","2.0NRT",298.64,7.92,"D"
"3373",14.12972,105.27307,331.22,0.39,0.44,"2026-02-15",635,"N20","nominal","2.0NRT",301.01,2,"D"
"3374",14.12637,105.24754,338.94,0.39,0.44,"2026-02-15",635,"N20","nominal","2.0NRT",302.09,5.39,"D"
"3375",14.10982,105.12152,334.61,0.39,0.44,"2026-02-15",635,"N20","nominal","2.0NRT",303.85,5.48,"D"
"3376",13.91324,103.66174,335.11,0.48,0.4,"2026-02-15",635,"N20","nominal","2.0NRT",304.81,4.57,"D"
"3377",14.11383,105.12098,367,0.39,0.44,"2026-02-15",635,"N20","high","2.0NRT",305.12,5.48,"D"
"3378",14.25041,106.17419,334.01,0.45,0.47,"2026-02-15",635,"N20","nominal","2.0NRT",301.08,4.76,"D"
"3379",14.04081,104.57201,340.66,0.54,0.42,"2026-02-15",635,"N20","nominal","2.0NRT",302.75,6.25,"D"
"3380",13.77831,102.67101,346.71,0.43,0.38,"2026-02-15",635,"N20","nominal","2.0NRT",306.17,7.09,"D"
"3381",14.21845,105.89118,341.81,0.43,0.46,"2026-02-15",635,"N20","nominal","2.0NRT",305.47,5.24,"D"
"3382",14.11784,105.12044,338.28,0.39,0.44,"2026-02-15",635,"N20","nominal","2.0NRT",303.01,2.38,"D"
"3383",14.09852,104.97462,342.53,0.57,0.43,"2026-02-15",635,"N20","nominal","2.0NRT",303.46,8.7,"D"
"3384",14.04869,104.60137,347.69,0.54,0.42,"2026-02-15",635,"N20","nominal","2.0NRT",306.94,14.24,"D"
"3385",14.04802,104.59637,343.08,0.54,0.42,"2026-02-15",635,"N20","nominal","2.0NRT",305.89,15.96,"D"
"3386",13.8874,103.42133,331.77,0.47,0.39,"2026-02-15",635,"N20","low","2.0NRT",306.4,3.81,"D"
"3387",14.05795,104.64082,340.66,0.54,0.42,"2026-02-15",635,"N20","nominal","2.0NRT",303.21,8.18,"D"
"3388",14.05257,104.60084,340.97,0.54,0.42,"2026-02-15",635,"N20","nominal","2.0NRT",304.26,14.24,"D"
"3389",13.78585,102.67397,336.29,0.43,0.38,"2026-02-15",635,"N20","nominal","2.0NRT",304.62,3.05,"D"
"3390",13.78529,102.66999,339.29,0.43,0.38,"2026-02-15",635,"N20","nominal","2.0NRT",304.44,3.05,"D"
"3391",14.05376,104.58035,335.39,0.54,0.42,"2026-02-15",635,"N20","nominal","2.0NRT",301.96,6.64,"D"
"3392",14.05309,104.57539,332.04,0.54,0.42,"2026-02-15",635,"N20","nominal","2.0NRT",300.25,5.43,"D"
"3393",14.02918,104.39861,335.1,0.52,0.42,"2026-02-15",635,"N20","low","2.0NRT",306.1,3.44,"D"
"3394",14.0148,104.29266,332.9,0.52,0.41,"2026-02-15",635,"N20","low","2.0NRT",304.37,2.96,"D"
"3395",14.01155,104.26877,333.79,0.52,0.41,"2026-02-15",635,"N20","low","2.0NRT",304.19,2.18,"D"
"3396",14.0109,104.26401,355.08,0.52,0.41,"2026-02-15",635,"N20","nominal","2.0NRT",308.11,20.12,"D"
"3397",14.05763,104.57983,349.26,0.54,0.42,"2026-02-15",635,"N20","nominal","2.0NRT",304.48,6.64,"D"
"3398",14.01469,104.26346,346.69,0.52,0.41,"2026-02-15",635,"N20","nominal","2.0NRT",306.55,20.12,"D"
"3399",13.86264,103.16573,343.11,0.45,0.39,"2026-02-15",635,"N20","nominal","2.0NRT",307.45,9.62,"D"
"3400",13.86206,103.16155,341.11,0.45,0.39,"2026-02-15",635,"N20","nominal","2.0NRT",307.24,5.41,"D"
"3401",14.19544,105.58379,353.33,0.41,0.45,"2026-02-15",635,"N20","nominal","2.0NRT",302.82,12.62,"D"
"3402",14.16422,105.34691,330.04,0.4,0.44,"2026-02-15",635,"N20","nominal","2.0NRT",299.32,3.09,"D"
"3403",14.08047,104.71975,343.86,0.55,0.43,"2026-02-15",635,"N20","nominal","2.0NRT",305.05,5.84,"D"
"3404",14.15659,105.25824,336.46,0.39,0.44,"2026-02-15",635,"N20","nominal","2.0NRT",303.32,2.58,"D"
"3405",13.95619,103.78252,346.41,0.49,0.4,"2026-02-15",635,"N20","nominal","2.0NRT",302,6.21,"D"
"3406",13.81749,102.79578,345.75,0.44,0.38,"2026-02-15",635,"N20","nominal","2.0NRT",304.48,4.64,"D"
"3407",13.81692,102.79175,346.12,0.44,0.38,"2026-02-15",635,"N20","nominal","2.0NRT",305.88,5.01,"D"
"3408",14.15193,105.19244,342.93,0.39,0.44,"2026-02-15",635,"N20","nominal","2.0NRT",302.12,5.5,"D"
"3409",14.13759,105.08508,335.73,0.38,0.44,"2026-02-15",635,"N20","nominal","2.0NRT",303.18,2.38,"D"
"3410",14.06992,104.58323,338.54,0.54,0.42,"2026-02-15",635,"N20","nominal","2.0NRT",306.02,6.6,"D"
"3411",14.06925,104.57825,351.44,0.54,0.42,"2026-02-15",635,"N20","nominal","2.0NRT",306.5,6.6,"D"
"3412",14.06857,104.57327,348.44,0.54,0.42,"2026-02-15",635,"N20","nominal","2.0NRT",305.77,7.71,"D"
"3413",14.0652,104.54843,332.96,0.54,0.42,"2026-02-15",635,"N20","low","2.0NRT",303.32,4.2,"D"
"3414",14.07244,104.57274,367,0.54,0.42,"2026-02-15",635,"N20","high","2.0NRT",303.66,7.71,"D"
"3415",14.15693,105.1991,331.54,0.39,0.44,"2026-02-15",635,"N20","low","2.0NRT",303.06,2.62,"D"
"3416",14.0738,104.5827,331.58,0.54,0.42,"2026-02-15",635,"N20","nominal","2.0NRT",301.54,6.6,"D"
"3417",14.07312,104.57771,352.75,0.54,0.42,"2026-02-15",635,"N20","nominal","2.0NRT",304.65,6.6,"D"
"3418",14.07177,104.56776,332.23,0.54,0.42,"2026-02-15",635,"N20","nominal","2.0NRT",302.94,7.71,"D"
"3419",13.86927,103.10949,336.43,0.45,0.39,"2026-02-15",635,"N20","nominal","2.0NRT",306.37,2.98,"D"
"3420",13.86868,103.10534,336.29,0.45,0.39,"2026-02-15",635,"N20","low","2.0NRT",308.68,2.98,"D"
"3421",14.16775,105.24931,346.15,0.39,0.44,"2026-02-15",635,"N20","nominal","2.0NRT",301.8,6.32,"D"
"3422",14.15469,105.15182,340.39,0.39,0.44,"2026-02-15",635,"N20","nominal","2.0NRT",299.93,2.63,"D"
"3423",14.15421,105.14823,346.27,0.39,0.44,"2026-02-15",635,"N20","nominal","2.0NRT",300.71,2.63,"D"
"3424",13.87107,103.09653,340.86,0.45,0.39,"2026-02-15",635,"N20","nominal","2.0NRT",308.05,7.65,"D"
"3425",14.65038,109.02905,333.11,0.35,0.57,"2026-02-15",635,"N20","nominal","2.0NRT",288.95,2.12,"D"
"3426",14.26437,105.94651,342.74,0.44,0.46,"2026-02-15",635,"N20","nominal","2.0NRT",304,4.46,"D"
"3427",14.26384,105.9425,342.43,0.44,0.46,"2026-02-15",635,"N20","nominal","2.0NRT",305,4.46,"D"
"3428",14.07138,104.50724,335.43,0.53,0.42,"2026-02-15",635,"N20","nominal","2.0NRT",303.57,3.92,"D"
"3429",13.8623,103.0093,340.08,0.45,0.39,"2026-02-15",635,"N20","nominal","2.0NRT",309.04,5.52,"D"
"3430",14.27446,105.99043,341.69,0.44,0.46,"2026-02-15",635,"N20","nominal","2.0NRT",303.54,3.93,"D"
"3431",14.26649,105.92986,342.01,0.44,0.46,"2026-02-15",635,"N20","nominal","2.0NRT",304.51,3.49,"D"
"3432",14.09772,104.67112,334.49,0.54,0.42,"2026-02-15",635,"N20","nominal","2.0NRT",301.31,1.26,"D"
"3433",13.93391,103.48939,339.03,0.47,0.4,"2026-02-15",635,"N20","nominal","2.0NRT",307.27,3.31,"D"
"3434",13.89477,103.2123,335.98,0.46,0.39,"2026-02-15",635,"N20","low","2.0NRT",308.28,3.31,"D"
"3435",13.92236,103.38128,334.81,0.46,0.39,"2026-02-15",635,"N20","low","2.0NRT",306.41,2.67,"D"
"3436",14.27868,105.95693,341.84,0.44,0.46,"2026-02-15",635,"N20","nominal","2.0NRT",307.08,7.79,"D"
"3437",14.19975,105.36472,330.6,0.4,0.44,"2026-02-15",635,"N20","nominal","2.0NRT",298.51,2.99,"D"
"3438",14.13339,104.87421,336.97,0.56,0.43,"2026-02-15",635,"N20","nominal","2.0NRT",305.76,9.07,"D"
"3439",14.32956,106.31018,337.43,0.46,0.47,"2026-02-15",635,"N20","nominal","2.0NRT",302.65,5.23,"D"
"3440",14.329,106.3059,332.31,0.46,0.47,"2026-02-15",635,"N20","low","2.0NRT",303.09,4.76,"D"
"3441",14.28987,106.00884,338.45,0.44,0.46,"2026-02-15",635,"N20","nominal","2.0NRT",303.46,2.81,"D"
"3442",14.1537,104.99381,336.93,0.57,0.43,"2026-02-15",635,"N20","nominal","2.0NRT",304.73,2.52,"D"
"3443",14.10114,104.60933,342.4,0.54,0.42,"2026-02-15",635,"N20","nominal","2.0NRT",303.89,7.86,"D"
"3444",13.93384,103.41025,335.29,0.47,0.39,"2026-02-15",635,"N20","low","2.0NRT",308.47,2.32,"D"
"3445",14.33222,106.29682,335.58,0.46,0.47,"2026-02-15",635,"N20","nominal","2.0NRT",301.15,5.02,"D"
"3446",14.33166,106.29256,333.46,0.46,0.47,"2026-02-15",635,"N20","nominal","2.0NRT",302.4,5.02,"D"
"3447",14.15768,104.99326,336.03,0.57,0.43,"2026-02-15",635,"N20","nominal","2.0NRT",304.07,4.51,"D"
"3448",14.10227,104.58886,334.9,0.54,0.42,"2026-02-15",635,"N20","low","2.0NRT",305.32,3.07,"D"
"3449",14.0968,104.54912,345.07,0.54,0.42,"2026-02-15",635,"N20","nominal","2.0NRT",304.15,11.68,"D"
"3450",14.09611,104.54416,343.56,0.54,0.42,"2026-02-15",635,"N20","nominal","2.0NRT",306.53,11.68,"D"
"3451",14.10615,104.58831,332.33,0.54,0.42,"2026-02-15",635,"N20","low","2.0NRT",305.14,3.07,"D"
"3452",14.09997,104.54359,333.4,0.54,0.42,"2026-02-15",635,"N20","low","2.0NRT",303.87,11.68,"D"
"3453",13.90551,103.15945,336.38,0.45,0.39,"2026-02-15",635,"N20","nominal","2.0NRT",304.76,5.22,"D"
"3454",13.88416,103.0103,340.54,0.45,0.39,"2026-02-15",635,"N20","nominal","2.0NRT",308.22,3.54,"D"
"3455",13.8883,103.01389,339.03,0.45,0.39,"2026-02-15",635,"N20","nominal","2.0NRT",308.69,3.53,"D"
"3456",13.96489,103.52476,347.99,0.47,0.4,"2026-02-15",635,"N20","nominal","2.0NRT",305.95,7.37,"D"
"3457",13.92947,103.27605,331.73,0.46,0.39,"2026-02-15",635,"N20","low","2.0NRT",305.09,1.39,"D"
"3458",13.54445,100.65559,337.66,0.39,0.36,"2026-02-15",635,"N20","nominal","2.0NRT",302.47,2.88,"D"
"3459",14.10251,104.61131,334.63,0.54,0.42,"2026-02-15",635,"N20","nominal","2.0NRT",301.8,6.49,"D"
"3460",14.09404,104.54655,348.6,0.54,0.42,"2026-02-15",635,"N20","nominal","2.0NRT",304.42,17.55,"D"
"3461",13.88736,103.01031,333.74,0.45,0.39,"2026-02-15",635,"N20","low","2.0NRT",307.38,3.42,"D"
"3462",13.8574,102.79438,333.36,0.44,0.38,"2026-02-15",635,"N20","low","2.0NRT",304.49,1.55,"D"
"3463",14.09791,104.546,367,0.54,0.42,"2026-02-15",635,"N20","high","2.0NRT",305.65,17.55,"D"
"3464",14.15647,104.99615,346.15,0.57,0.43,"2026-02-15",635,"N20","nominal","2.0NRT",304.71,7.8,"D"
"3465",14.10313,104.58582,336.26,0.54,0.42,"2026-02-15",635,"N20","nominal","2.0NRT",305.57,4.43,"D"
"3466",14.32607,106.30691,330.08,0.46,0.47,"2026-02-15",635,"N20","low","2.0NRT",302.19,4.19,"D"
"3467",14.28916,106.00919,339.09,0.44,0.46,"2026-02-15",635,"N20","nominal","2.0NRT",303.38,5.92,"D"
"3468",13.96537,103.52563,351.02,0.47,0.4,"2026-02-15",635,"N20","nominal","2.0NRT",307.11,7.26,"D"
"3469",13.90762,103.10445,344.29,0.45,0.39,"2026-02-15",635,"N20","nominal","2.0NRT",310.4,7.26,"D"
"3470",13.96902,103.5251,340.97,0.47,0.4,"2026-02-15",635,"N20","nominal","2.0NRT",307.45,7.26,"D"
"3471",13.93374,103.26749,337.84,0.46,0.39,"2026-02-15",635,"N20","nominal","2.0NRT",304.42,1.99,"D"
"3472",14.33371,106.29723,332.99,0.46,0.47,"2026-02-15",635,"N20","nominal","2.0NRT",302.17,5.12,"D"
"3473",14.33318,106.29296,338.78,0.46,0.47,"2026-02-15",635,"N20","nominal","2.0NRT",304.02,5.12,"D"
"3474",13.93733,103.26695,346.85,0.46,0.39,"2026-02-15",635,"N20","nominal","2.0NRT",309.56,22.52,"D"
"3475",13.92687,103.19106,335.24,0.45,0.39,"2026-02-15",635,"N20","nominal","2.0NRT",304.56,1.87,"D"
"3476",14.01546,103.81183,344.95,0.49,0.4,"2026-02-15",635,"N20","nominal","2.0NRT",291.43,13.21,"D"
"3477",13.94151,103.27066,341.45,0.46,0.39,"2026-02-15",635,"N20","nominal","2.0NRT",306.6,22.52,"D"
"3478",14.28064,105.73765,330.88,0.42,0.45,"2026-02-15",635,"N20","low","2.0NRT",301.25,2.07,"D"
"3479",14.2197,105.26392,345.32,0.4,0.44,"2026-02-15",635,"N20","nominal","2.0NRT",299.68,7.37,"D"
"3480",14.00285,103.63644,335.32,0.48,0.4,"2026-02-15",635,"N20","low","2.0NRT",308.33,5.07,"D"
"3481",14.00224,103.63203,338.3,0.48,0.4,"2026-02-15",635,"N20","low","2.0NRT",309.39,5.65,"D"
"3482",13.96465,103.35847,336.09,0.46,0.39,"2026-02-15",635,"N20","low","2.0NRT",310.09,4.12,"D"
"3483",13.91631,103.01024,337.61,0.45,0.39,"2026-02-15",635,"N20","low","2.0NRT",308.19,3.03,"D"
"3484",14.50096,107.47828,330.47,0.55,0.51,"2026-02-15",635,"N20","low","2.0NRT",300.8,3.73,"D"
"3485",14.17762,104.84949,341.74,0.56,0.43,"2026-02-15",635,"N20","nominal","2.0NRT",302.32,5.2,"D"
"3486",14.28982,105.67685,330.41,0.42,0.45,"2026-02-15",635,"N20","nominal","2.0NRT",302.51,2.32,"D"
"3487",14.19675,104.96381,337.92,0.57,0.43,"2026-02-15",635,"N20","nominal","2.0NRT",301.38,3.2,"D"
"3488",14.18156,104.84895,335.35,0.56,0.43,"2026-02-15",635,"N20","nominal","2.0NRT",303.12,3.56,"D"
"3489",14.13052,104.46603,351.22,0.53,0.42,"2026-02-15",635,"N20","nominal","2.0NRT",310.2,34.29,"D"
"3490",14.13436,104.46549,340.38,0.53,0.42,"2026-02-15",635,"N20","nominal","2.0NRT",304.46,34.29,"D"
"3491",14.14485,104.51428,337.04,0.53,0.42,"2026-02-15",635,"N20","nominal","2.0NRT",304.02,2.34,"D"
"3492",14.57155,107.78201,338.91,0.58,0.52,"2026-02-15",635,"N20","nominal","2.0NRT",301.61,7.78,"D"
"3493",14.46237,106.89613,341.62,0.51,0.49,"2026-02-15",635,"N20","nominal","2.0NRT",297.03,6.56,"D"
"3494",14.00191,103.41436,342.86,0.47,0.39,"2026-02-15",635,"N20","nominal","2.0NRT",309.39,9.11,"D"
"3495",14.29016,105.48553,332.52,0.41,0.45,"2026-02-15",635,"N20","nominal","2.0NRT",299.65,3.15,"D"
"3496",14.00615,103.39181,342.07,0.47,0.39,"2026-02-15",635,"N20","nominal","2.0NRT",310.07,12.29,"D"
"3497",13.96757,103.11685,334.8,0.45,0.39,"2026-02-15",635,"N20","low","2.0NRT",308.32,2.81,"D"
"3498",13.95529,103.02978,334.38,0.45,0.39,"2026-02-15",635,"N20","low","2.0NRT",307.4,1.52,"D"
"3499",13.45111,99.62109,332.91,0.39,0.36,"2026-02-15",635,"N20","low","2.0NRT",307.86,1.99,"D"
"3500",14.20499,104.81413,345.23,0.56,0.43,"2026-02-15",635,"N20","nominal","2.0NRT",303.65,113.53,"D"
"3501",14.2043,104.80898,346.56,0.56,0.43,"2026-02-15",635,"N20","nominal","2.0NRT",307.66,113.53,"D"
"3502",14.00977,103.39127,342.22,0.47,0.39,"2026-02-15",635,"N20","nominal","2.0NRT",308.47,12.29,"D"
"3503",14.33806,105.78625,349.4,0.43,0.46,"2026-02-15",635,"N20","nominal","2.0NRT",301.35,7.09,"D"
"3504",14.21101,104.82906,338.47,0.56,0.43,"2026-02-15",635,"N20","nominal","2.0NRT",303.82,5.3,"D"
"3505",14.18763,104.65579,337.41,0.55,0.42,"2026-02-15",635,"N20","nominal","2.0NRT",304.64,4.41,"D"
"3506",14.03276,103.52921,336.03,0.47,0.4,"2026-02-15",635,"N20","nominal","2.0NRT",305.49,4.67,"D"
"3507",14.26408,105.19476,341.67,0.39,0.44,"2026-02-15",635,"N20","nominal","2.0NRT",300.56,1.26,"D"
"3508",14.12886,104.19594,337.07,0.51,0.41,"2026-02-15",635,"N20","nominal","2.0NRT",301.19,4.57,"D"
"3509",14.11915,104.12527,336.69,0.51,0.41,"2026-02-15",635,"N20","nominal","2.0NRT",299.07,4.48,"D"
"3510",14.26569,105.17607,345.73,0.39,0.44,"2026-02-15",635,"N20","nominal","2.0NRT",301.51,7.64,"D"
"3511",14.36799,105.9165,337.27,0.44,0.46,"2026-02-15",635,"N20","nominal","2.0NRT",300.12,2.6,"D"
"3512",14.36588,105.90039,336.31,0.43,0.46,"2026-02-15",635,"N20","nominal","2.0NRT",301.84,1.47,"D"
"3513",14.34805,105.76482,331.38,0.43,0.46,"2026-02-15",635,"N20","low","2.0NRT",303.48,2.17,"D"
"3514",14.34752,105.76086,345.79,0.43,0.46,"2026-02-15",635,"N20","nominal","2.0NRT",304.31,7.22,"D"
"3515",14.27069,105.18276,342.28,0.39,0.44,"2026-02-15",635,"N20","nominal","2.0NRT",300.89,9.85,"D"
"3516",14.2702,105.17915,341.32,0.39,0.44,"2026-02-15",635,"N20","nominal","2.0NRT",301.17,7.64,"D"
"3517",14.06648,103.69051,347.51,0.48,0.4,"2026-02-15",635,"N20","nominal","2.0NRT",308.53,19.44,"D"
"3518",14.33568,105.63911,332.13,0.42,0.45,"2026-02-15",637,"N20","low","2.0NRT",302.26,2.77,"D"
"3519",14.24939,104.99404,337.78,0.57,0.43,"2026-02-15",637,"N20","nominal","2.0NRT",304.62,6.81,"D"
"3520",14.38016,105.9435,330,0.44,0.46,"2026-02-15",637,"N20","nominal","2.0NRT",298.54,4.46,"D"
"3521",14.35696,105.76768,355.58,0.43,0.46,"2026-02-15",637,"N20","nominal","2.0NRT",303.69,7.42,"D"
"3522",14.33984,105.63856,335.04,0.42,0.45,"2026-02-15",637,"N20","nominal","2.0NRT",299.99,2.77,"D"
"3523",13.94807,102.80148,340.37,0.44,0.38,"2026-02-15",637,"N20","nominal","2.0NRT",307.05,6.31,"D"
"3524",14.36115,105.76713,355.1,0.43,0.46,"2026-02-15",637,"N20","nominal","2.0NRT",305.97,15.12,"D"
"3525",14.28425,105.19198,336.91,0.39,0.44,"2026-02-15",637,"N20","nominal","2.0NRT",303.38,4.29,"D"
"3526",14.25804,104.99809,347.91,0.57,0.43,"2026-02-15",637,"N20","nominal","2.0NRT",301.97,12.88,"D"
"3527",14.08063,103.71117,338.93,0.48,0.4,"2026-02-15",637,"N20","nominal","2.0NRT",307.72,2.64,"D"
"3528",13.95216,102.80501,341.61,0.44,0.38,"2026-02-15",637,"N20","nominal","2.0NRT",307.23,3.62,"D"
"3529",13.95158,102.80098,335.14,0.44,0.38,"2026-02-15",637,"N20","low","2.0NRT",306.92,3.62,"D"
"3530",13.95101,102.79695,333.99,0.44,0.38,"2026-02-15",637,"N20","low","2.0NRT",306.14,2.82,"D"
"3531",14.43809,106.31823,330.99,0.46,0.47,"2026-02-15",637,"N20","nominal","2.0NRT",299.72,2.85,"D"
"3532",14.35852,105.71531,334.4,0.42,0.45,"2026-02-15",637,"N20","low","2.0NRT",304.45,2.8,"D"
"3533",14.28828,105.19141,350.83,0.39,0.44,"2026-02-15",637,"N20","nominal","2.0NRT",301.18,4.29,"D"
"3534",14.13334,104.06141,330.04,0.5,0.41,"2026-02-15",637,"N20","nominal","2.0NRT",296.82,2.29,"D"
"3535",13.95568,102.80451,351.72,0.44,0.38,"2026-02-15",637,"N20","nominal","2.0NRT",304.31,3.62,"D"
"3536",13.9551,102.80047,333.59,0.44,0.38,"2026-02-15",637,"N20","low","2.0NRT",305.87,3.62,"D"
"3537",14.3627,105.71476,346.24,0.42,0.45,"2026-02-15",637,"N20","nominal","2.0NRT",303.48,3.67,"D"
"3538",14.3769,105.78924,334.51,0.43,0.46,"2026-02-15",637,"N20","nominal","2.0NRT",302.1,3.15,"D"
"3539",14.36688,105.71419,331.89,0.42,0.45,"2026-02-15",637,"N20","low","2.0NRT",303.62,3.67,"D"
"3540",14.21551,104.57011,340.39,0.54,0.42,"2026-02-15",637,"N20","nominal","2.0NRT",306.03,6.68,"D"
"3541",14.07602,103.57207,339.29,0.48,0.4,"2026-02-15",637,"N20","nominal","2.0NRT",307.57,3.51,"D"
"3542",14.0754,103.5677,336.52,0.48,0.4,"2026-02-15",637,"N20","low","2.0NRT",307.2,4.02,"D"
"3543",14.16476,104.17652,333.35,0.51,0.41,"2026-02-15",637,"N20","nominal","2.0NRT",300.57,6.09,"D"
"3544",14.16213,104.15765,343.84,0.51,0.41,"2026-02-15",637,"N20","nominal","2.0NRT",301.31,5.9,"D"
"3545",14.07967,103.57154,338.36,0.48,0.4,"2026-02-15",637,"N20","nominal","2.0NRT",307.06,3.51,"D"
"3546",14.07347,103.52781,337.02,0.47,0.4,"2026-02-15",637,"N20","low","2.0NRT",309.79,3.15,"D"
"3547",14.07633,103.57349,337.55,0.48,0.4,"2026-02-15",637,"N20","nominal","2.0NRT",306.8,2.08,"D"
"3548",14.07514,103.56472,335.09,0.48,0.4,"2026-02-15",637,"N20","low","2.0NRT",305.34,4.87,"D"
"3549",14.36003,105.71565,345.21,0.42,0.45,"2026-02-15",637,"N20","nominal","2.0NRT",304.19,8.03,"D"
"3550",14.2127,104.56813,335.41,0.54,0.42,"2026-02-15",637,"N20","low","2.0NRT",306.33,4.18,"D"
"3551",14.16075,104.17443,332.73,0.51,0.41,"2026-02-15",637,"N20","nominal","2.0NRT",302,2.93,"D"
"3552",14.07999,103.57295,333.78,0.48,0.4,"2026-02-15",637,"N20","low","2.0NRT",306.94,2.37,"D"
"3553",14.07344,103.52477,343.89,0.47,0.4,"2026-02-15",637,"N20","nominal","2.0NRT",309.67,4.83,"D"
"3554",14.21658,104.5676,339.19,0.54,0.42,"2026-02-15",637,"N20","nominal","2.0NRT",306.32,4.18,"D"
"3555",14.16454,104.17391,338.8,0.51,0.41,"2026-02-15",637,"N20","nominal","2.0NRT",300.81,2.93,"D"
"3556",14.16265,104.15974,335.63,0.51,0.41,"2026-02-15",637,"N20","nominal","2.0NRT",301.74,6.38,"D"
"3557",13.45873,99.29848,344.5,0.39,0.36,"2026-02-15",637,"N20","nominal","2.0NRT",304.64,11.41,"D"
"3558",14.37656,105.74552,339.41,0.43,0.46,"2026-02-15",637,"N20","nominal","2.0NRT",302.57,5.01,"D"
"3559",14.37606,105.74158,355.08,0.43,0.46,"2026-02-15",637,"N20","nominal","2.0NRT",302.83,10.97,"D"
"3560",14.20345,104.40848,341.54,0.53,0.42,"2026-02-15",637,"N20","nominal","2.0NRT",301.63,4.29,"D"
"3561",14.3693,105.65483,333.17,0.42,0.45,"2026-02-15",637,"N20","nominal","2.0NRT",301.05,4.06,"D"
"3562",14.22755,104.56098,334.91,0.54,0.42,"2026-02-15",637,"N20","low","2.0NRT",305.02,4.68,"D"
"3563",14.17463,104.16286,342.45,0.51,0.41,"2026-02-15",637,"N20","nominal","2.0NRT",303.68,6.93,"D"
"3564",14.06902,103.38397,339.67,0.47,0.39,"2026-02-15",637,"N20","nominal","2.0NRT",308.97,3.15,"D"
"3565",14.06843,103.37966,336.82,0.47,0.39,"2026-02-15",637,"N20","low","2.0NRT",308.18,3.15,"D"
"3566",14.41344,105.93549,330.97,0.44,0.46,"2026-02-15",637,"N20","nominal","2.0NRT",298.36,3.46,"D"
"3567",14.38762,105.73201,346.18,0.42,0.46,"2026-02-15",637,"N20","nominal","2.0NRT",302.7,8.86,"D"
"3568",14.3846,105.70835,339.09,0.42,0.45,"2026-02-15",637,"N20","nominal","2.0NRT",302.37,2.7,"D"
"3569",14.22608,104.4904,332.11,0.53,0.42,"2026-02-15",637,"N20","low","2.0NRT",303.28,2.35,"D"
"3570",14.00881,102.89703,345.55,0.44,0.39,"2026-02-15",637,"N20","nominal","2.0NRT",304.38,5.56,"D"
"3571",14.00824,102.89294,341.52,0.44,0.39,"2026-02-15",637,"N20","nominal","2.0NRT",301.26,5.56,"D"
"3572",14.3918,105.73145,342.17,0.42,0.46,"2026-02-15",637,"N20","nominal","2.0NRT",300.72,8.86,"D"
"3573",14.3913,105.7275,333.17,0.42,0.46,"2026-02-15",637,"N20","nominal","2.0NRT",300.2,8.86,"D"
"3574",14.01292,102.90059,350.22,0.44,0.39,"2026-02-15",637,"N20","nominal","2.0NRT",304.44,6.49,"D"
"3575",14.01234,102.89651,337.54,0.44,0.39,"2026-02-15",637,"N20","nominal","2.0NRT",305.91,5.56,"D"
"3576",14.01177,102.89242,353.78,0.44,0.39,"2026-02-15",637,"N20","nominal","2.0NRT",303.59,5.56,"D"
"3577",14.40183,105.71008,331.09,0.42,0.45,"2026-02-15",637,"N20","low","2.0NRT",302.84,2.31,"D"
"3578",14.41273,105.72865,336.65,0.42,0.46,"2026-02-15",637,"N20","nominal","2.0NRT",302.61,2.88,"D"
"3579",14.28285,104.73844,338.82,0.55,0.43,"2026-02-15",637,"N20","nominal","2.0NRT",307.29,6.81,"D"
"3580",14.11238,103.48359,333.08,0.47,0.4,"2026-02-15",637,"N20","low","2.0NRT",305.84,2.53,"D"
"3581",14.42614,105.79943,333.89,0.43,0.46,"2026-02-15",637,"N20","nominal","2.0NRT",303.72,2.65,"D"
"3582",14.11541,103.47871,335.07,0.47,0.4,"2026-02-15",637,"N20","low","2.0NRT",306.37,2.53,"D"
"3583",14.30444,104.84035,343.41,0.56,0.43,"2026-02-15",637,"N20","nominal","2.0NRT",305.29,5.61,"D"
"3584",14.23713,104.33931,334.25,0.52,0.42,"2026-02-15",637,"N20","low","2.0NRT",305.24,4.1,"D"
"3585",14.09686,103.31875,341.93,0.46,0.39,"2026-02-15",637,"N20","nominal","2.0NRT",310.07,9.21,"D"
"3586",14.12451,103.49072,338.43,0.47,0.4,"2026-02-15",637,"N20","low","2.0NRT",308.56,7.19,"D"
"3587",14.10047,103.31821,342.4,0.46,0.39,"2026-02-15",637,"N20","nominal","2.0NRT",308.54,9.21,"D"
"3588",14.06383,103.05696,336.14,0.45,0.39,"2026-02-15",637,"N20","low","2.0NRT",307.13,2.1,"D"
"3589",14.22066,104.16117,340.1,0.51,0.41,"2026-02-15",637,"N20","nominal","2.0NRT",306.04,8.09,"D"
"3590",14.20781,104.0672,340.9,0.51,0.41,"2026-02-15",637,"N20","nominal","2.0NRT",293.12,5.06,"D"
"3591",14.07914,103.13992,335.86,0.45,0.39,"2026-02-15",637,"N20","nominal","2.0NRT",305.07,1.97,"D"
"3592",14.05399,102.96147,341.28,0.45,0.39,"2026-02-15",637,"N20","nominal","2.0NRT",307.71,5.26,"D"
"3593",14.42087,105.62801,340.77,0.42,0.45,"2026-02-15",637,"N20","nominal","2.0NRT",300.41,2.62,"D"
"3594",14.17363,103.79108,347.85,0.49,0.4,"2026-02-15",637,"N20","nominal","2.0NRT",301.56,5.53,"D"
"3595",14.52475,106.39655,338.15,0.47,0.48,"2026-02-15",637,"N20","nominal","2.0NRT",301.8,3.42,"D"
"3596",14.52308,106.38351,341.37,0.47,0.48,"2026-02-15",637,"N20","nominal","2.0NRT",303.43,10.78,"D"
"3597",14.51473,106.31841,355.91,0.46,0.47,"2026-02-15",637,"N20","nominal","2.0NRT",304.69,11.97,"D"
"3598",14.51253,106.30125,345.03,0.46,0.47,"2026-02-15",637,"N20","nominal","2.0NRT",301.96,5.4,"D"
"3599",14.44043,105.74506,345.49,0.43,0.46,"2026-02-15",637,"N20","nominal","2.0NRT",303.55,5.19,"D"
"3600",14.54437,106.5148,342.7,0.48,0.48,"2026-02-15",637,"N20","nominal","2.0NRT",301.85,4.36,"D"
"3601",14.52858,106.39165,335.05,0.47,0.48,"2026-02-15",637,"N20","nominal","2.0NRT",302.85,3.42,"D"
"3602",14.5191,106.31791,330.08,0.46,0.47,"2026-02-15",637,"N20","low","2.0NRT",302.24,11.97,"D"
"3603",14.44462,105.74448,332.54,0.43,0.46,"2026-02-15",637,"N20","nominal","2.0NRT",301.95,5.19,"D"
"3604",14.4405,105.71302,337.74,0.42,0.45,"2026-02-15",637,"N20","nominal","2.0NRT",304.23,2.42,"D"
"3605",14.72764,107.94122,339.54,0.6,0.53,"2026-02-15",637,"N20","nominal","2.0NRT",293.09,9.41,"D"
"3606",14.17345,103.6813,342.83,0.48,0.4,"2026-02-15",637,"N20","nominal","2.0NRT",305.2,3.5,"D"
"3607",14.81416,108.56985,340.25,0.33,0.55,"2026-02-15",637,"N20","nominal","2.0NRT",289.03,2.32,"D"
"3608",14.17713,103.68076,333.36,0.48,0.4,"2026-02-15",637,"N20","low","2.0NRT",305.72,1.3,"D"
"3609",14.17153,103.64075,335.65,0.48,0.4,"2026-02-15",637,"N20","low","2.0NRT",305.73,2.52,"D"
"3610",14.17025,103.60487,333.53,0.48,0.4,"2026-02-15",637,"N20","low","2.0NRT",307.36,1.99,"D"
"3611",14.11432,103.20783,339.21,0.46,0.39,"2026-02-15",637,"N20","low","2.0NRT",309.34,4.57,"D"
"3612",14.34956,104.87656,335.08,0.56,0.43,"2026-02-15",637,"N20","nominal","2.0NRT",301.7,5.59,"D"
"3613",14.15851,103.4947,351.57,0.47,0.4,"2026-02-15",637,"N20","nominal","2.0NRT",309.2,7.41,"D"
"3614",14.46141,105.6782,351.18,0.42,0.45,"2026-02-15",637,"N20","nominal","2.0NRT",307.7,33.62,"D"
"3615",14.11014,103.12689,336.39,0.45,0.39,"2026-02-15",637,"N20","nominal","2.0NRT",305.45,3.97,"D"
"3616",14.33563,104.71547,334.52,0.55,0.43,"2026-02-15",637,"N20","nominal","2.0NRT",301.59,5,"D"
"3617",14.28771,104.36684,334.37,0.53,0.42,"2026-02-15",637,"N20","nominal","2.0NRT",303.68,3.1,"D"
"3618",14.34025,104.72004,338.67,0.55,0.43,"2026-02-15",637,"N20","nominal","2.0NRT",303.39,9.98,"D"
"3619",14.33955,104.71493,334.07,0.55,0.43,"2026-02-15",637,"N20","low","2.0NRT",304.52,5,"D"
"3620",14.19867,103.70043,334.59,0.48,0.4,"2026-02-15",637,"N20","low","2.0NRT",304.81,3.66,"D"
"3621",14.08769,102.91881,338.48,0.44,0.39,"2026-02-15",637,"N20","nominal","2.0NRT",304.96,3.79,"D"
"3622",14.34136,104.69908,336.38,0.55,0.43,"2026-02-15",637,"N20","nominal","2.0NRT",303.32,3.52,"D"
"3623",14.13164,103.17519,337.01,0.46,0.39,"2026-02-15",637,"N20","nominal","2.0NRT",304.88,1.03,"D"
"3624",14.2865,104.36891,337.87,0.53,0.42,"2026-02-15",637,"N20","nominal","2.0NRT",303.55,4,"D"
"3625",14.18467,103.60381,332.97,0.48,0.4,"2026-02-15",637,"N20","low","2.0NRT",306.2,1.34,"D"
"3626",13.60465,99.60278,335.08,0.39,0.36,"2026-02-15",637,"N20","nominal","2.0NRT",304.8,6.59,"D"
"3627",14.33599,104.71777,340.48,0.55,0.43,"2026-02-15",637,"N20","nominal","2.0NRT",302.71,9.5,"D"
"3628",14.13016,103.17603,336.32,0.46,0.39,"2026-02-15",637,"N20","nominal","2.0NRT",305.08,1.41,"D"
"3629",14.46273,105.67786,354.79,0.42,0.45,"2026-02-15",637,"N20","nominal","2.0NRT",307.76,35.84,"D"
"3630",14.46224,105.67394,332.24,0.42,0.45,"2026-02-15",637,"N20","low","2.0NRT",304.26,2,"D"
"3631",14.3399,104.71723,348.41,0.55,0.43,"2026-02-15",637,"N20","nominal","2.0NRT",305.53,10.06,"D"
"3632",14.34116,104.69625,338.17,0.55,0.43,"2026-02-15",637,"N20","nominal","2.0NRT",304.37,2.7,"D"
"3633",14.56952,106.43148,334.8,0.47,0.48,"2026-02-15",637,"N20","nominal","2.0NRT",301.16,1.87,"D"
"3634",14.48123,105.7234,330.97,0.43,0.46,"2026-02-15",637,"N20","low","2.0NRT",301.68,2.72,"D"
"3635",14.48073,105.71947,334.09,0.43,0.46,"2026-02-15",637,"N20","nominal","2.0NRT",303.3,4.65,"D"
"3636",14.35836,104.76681,340.59,0.56,0.43,"2026-02-15",637,"N20","nominal","2.0NRT",300.5,3.45,"D"
"3637",14.35099,104.71049,331.25,0.55,0.43,"2026-02-15",637,"N20","low","2.0NRT",303.47,3.17,"D"
"3638",14.34832,104.69006,332.26,0.55,0.43,"2026-02-15",637,"N20","low","2.0NRT",303.64,3.77,"D"
"3639",14.35156,104.68442,340.18,0.55,0.43,"2026-02-15",637,"N20","nominal","2.0NRT",302.78,4.28,"D"
"3640",14.35547,104.68387,339.36,0.55,0.43,"2026-02-15",637,"N20","nominal","2.0NRT",302.25,4.28,"D"
"3641",14.1383,103.07641,334.65,0.45,0.39,"2026-02-15",637,"N20","low","2.0NRT",306.86,2.41,"D"
"3642",14.48181,105.6276,333.23,0.42,0.45,"2026-02-15",637,"N20","low","2.0NRT",303.59,8.65,"D"
"3643",14.35938,104.68332,330.62,0.55,0.43,"2026-02-15",637,"N20","low","2.0NRT",302.85,3.54,"D"
"3644",14.12858,102.98036,338.75,0.45,0.39,"2026-02-15",637,"N20","low","2.0NRT",309.53,3.25,"D"
"3645",14.49698,105.71332,343.86,0.42,0.46,"2026-02-15",637,"N20","nominal","2.0NRT",304.13,9.42,"D"
"3646",14.48697,105.63487,343.27,0.42,0.45,"2026-02-15",637,"N20","nominal","2.0NRT",302.67,11.2,"D"
"3647",14.48647,105.63097,335.06,0.42,0.45,"2026-02-15",637,"N20","low","2.0NRT",305.44,8.65,"D"
"3648",14.36397,104.68786,337.84,0.55,0.43,"2026-02-15",637,"N20","nominal","2.0NRT",303.35,8.99,"D"
"3649",14.2347,103.72388,341.64,0.49,0.4,"2026-02-15",637,"N20","nominal","2.0NRT",306.01,3.79,"D"
"3650",14.23226,103.70592,336.63,0.48,0.4,"2026-02-15",637,"N20","low","2.0NRT",309.03,4.46,"D"
"3651",14.13733,103.01709,344.68,0.45,0.39,"2026-02-15",637,"N20","nominal","2.0NRT",309.45,6.5,"D"
"3652",14.13675,103.01295,338.51,0.45,0.39,"2026-02-15",637,"N20","low","2.0NRT",309.3,2.83,"D"
"3653",14.47527,105.51068,345.91,0.41,0.45,"2026-02-15",637,"N20","nominal","2.0NRT",302.17,7.31,"D"
"3654",14.3699,104.70264,345.56,0.55,0.43,"2026-02-15",637,"N20","nominal","2.0NRT",302.9,12.11,"D"
"3655",14.36788,104.68732,345.82,0.55,0.43,"2026-02-15",637,"N20","nominal","2.0NRT",304.07,18.53,"D"
"3656",14.23778,103.71886,345.43,0.49,0.4,"2026-02-15",637,"N20","nominal","2.0NRT",306.04,3.38,"D"
"3657",14.14088,103.01656,344.99,0.45,0.39,"2026-02-15",637,"N20","nominal","2.0NRT",310.09,6.3,"D"
"3658",14.14031,103.01241,334.93,0.45,0.39,"2026-02-15",637,"N20","low","2.0NRT",308.19,1.75,"D"
"3659",14.64073,106.78907,338.67,0.5,0.49,"2026-02-15",637,"N20","nominal","2.0NRT",302.95,6.3,"D"
"3660",14.51653,105.79959,331.21,0.43,0.46,"2026-02-15",637,"N20","nominal","2.0NRT",300.42,1.27,"D"
"3661",14.48781,105.57546,336.82,0.42,0.45,"2026-02-15",637,"N20","nominal","2.0NRT",299.33,3.74,"D"
"3662",14.48731,105.5716,342.8,0.42,0.45,"2026-02-15",637,"N20","nominal","2.0NRT",301.09,3.74,"D"
"3663",14.37382,104.70208,335.18,0.55,0.43,"2026-02-15",637,"N20","nominal","2.0NRT",301.56,12.11,"D"
"3664",14.37314,104.69698,348.13,0.55,0.43,"2026-02-15",637,"N20","nominal","2.0NRT",301.62,12.11,"D"
"3665",14.37246,104.69186,349.65,0.55,0.43,"2026-02-15",637,"N20","nominal","2.0NRT",303.44,18.53,"D"
"3666",14.24086,103.71384,333.23,0.49,0.4,"2026-02-15",637,"N20","low","2.0NRT",306.01,3.38,"D"
"3667",14.60252,106.44514,334.93,0.47,0.48,"2026-02-15",637,"N20","nominal","2.0NRT",304.56,3.98,"D"
"3668",14.60197,106.44074,333.07,0.47,0.48,"2026-02-15",637,"N20","low","2.0NRT",305.4,2.92,"D"
"3669",14.60142,106.43633,331.44,0.47,0.48,"2026-02-15",637,"N20","low","2.0NRT",305.49,2.92,"D"
"3670",14.49896,105.6293,338.8,0.42,0.45,"2026-02-15",637,"N20","nominal","2.0NRT",304.23,2.76,"D"
"3671",14.19441,103.34904,355.24,0.47,0.39,"2026-02-15",637,"N20","nominal","2.0NRT",310.77,9.28,"D"
"3672",14.19381,103.34474,337.55,0.47,0.39,"2026-02-15",637,"N20","low","2.0NRT",308.39,9.28,"D"
"3673",14.17723,103.22522,341.19,0.46,0.39,"2026-02-15",637,"N20","nominal","2.0NRT",309.69,6.4,"D"
"3674",14.63383,106.65977,330.04,0.49,0.49,"2026-02-15",637,"N20","low","2.0NRT",302.02,1.47,"D"
"3675",14.60692,106.44459,349.35,0.47,0.48,"2026-02-15",637,"N20","nominal","2.0NRT",305.22,3.98,"D"
"3676",14.60637,106.44017,331.03,0.47,0.48,"2026-02-15",637,"N20","low","2.0NRT",305.51,2.92,"D"
"3677",14.51272,105.70323,333.93,0.42,0.46,"2026-02-15",637,"N20","nominal","2.0NRT",300.09,4.6,"D"
"3678",14.50312,105.62874,332.6,0.42,0.45,"2026-02-15",637,"N20","low","2.0NRT",302.83,2.76,"D"
"3679",14.69687,107.13206,341.06,0.53,0.5,"2026-02-15",637,"N20","nominal","2.0NRT",300.56,5.56,"D"
"3680",14.6383,106.65922,353.55,0.49,0.49,"2026-02-15",637,"N20","nominal","2.0NRT",305.88,13.19,"D"
"3681",14.63773,106.65465,342.53,0.49,0.49,"2026-02-15",637,"N20","nominal","2.0NRT",306.48,8.08,"D"
"3682",14.61022,106.4352,347.83,0.47,0.48,"2026-02-15",637,"N20","nominal","2.0NRT",306.08,6.28,"D"
"3683",14.51996,105.72636,349.76,0.43,0.46,"2026-02-15",637,"N20","nominal","2.0NRT",302.64,7.07,"D"
"3684",14.5088,105.6399,341.22,0.42,0.45,"2026-02-15",637,"N20","nominal","2.0NRT",300.77,2.3,"D"
"3685",14.50527,105.61257,332.38,0.42,0.45,"2026-02-15",637,"N20","low","2.0NRT",303.59,1.69,"D"
"3686",14.37946,104.65466,340.9,0.55,0.43,"2026-02-15",637,"N20","nominal","2.0NRT",302,35.83,"D"
"3687",14.37811,104.64449,339.56,0.55,0.42,"2026-02-15",637,"N20","nominal","2.0NRT",300.54,8.7,"D"
"3688",14.22992,103.55233,341.8,0.48,0.4,"2026-02-15",637,"N20","nominal","2.0NRT",305.42,1.99,"D"
"3689",14.67338,106.90413,341.58,0.51,0.49,"2026-02-15",637,"N20","nominal","2.0NRT",300.96,4.4,"D"
"3690",14.65473,106.75434,341.83,0.5,0.49,"2026-02-15",637,"N20","nominal","2.0NRT",304.99,7.29,"D"
"3691",14.61796,106.46107,344.69,0.48,0.48,"2026-02-15",637,"N20","nominal","2.0NRT",306.05,6.26,"D"
"3692",14.61074,106.40386,341.15,0.47,0.48,"2026-02-15",637,"N20","nominal","2.0NRT",300.89,22.38,"D"
"3693",14.61018,106.39947,352.97,0.47,0.48,"2026-02-15",637,"N20","nominal","2.0NRT",308.07,22.38,"D"
"3694",14.60963,106.39507,330.86,0.47,0.48,"2026-02-15",637,"N20","low","2.0NRT",303.57,5.02,"D"
"3695",14.52415,105.72581,343.77,0.43,0.46,"2026-02-15",637,"N20","nominal","2.0NRT",301.99,7.07,"D"
"3696",14.38404,104.65915,330.88,0.55,0.43,"2026-02-15",637,"N20","nominal","2.0NRT",299.64,35.83,"D"
"3697",14.23358,103.55179,331.91,0.48,0.4,"2026-02-15",637,"N20","low","2.0NRT",303.66,1.99,"D"
"3698",14.23297,103.54739,343.59,0.48,0.4,"2026-02-15",637,"N20","nominal","2.0NRT",305.01,5.09,"D"
"3699",14.67852,106.90838,342.27,0.51,0.49,"2026-02-15",637,"N20","nominal","2.0NRT",302.41,7.22,"D"
"3700",14.67795,106.90378,331.78,0.51,0.49,"2026-02-15",637,"N20","low","2.0NRT",302.89,5.19,"D"
"3701",14.62797,106.50489,341.36,0.48,0.48,"2026-02-15",637,"N20","nominal","2.0NRT",306.45,4.63,"D"
"3702",14.38727,104.65354,341.1,0.55,0.43,"2026-02-15",637,"N20","nominal","2.0NRT",300.48,5.16,"D"
"3703",14.27172,103.80136,333.5,0.49,0.4,"2026-02-15",637,"N20","nominal","2.0NRT",303,2.29,"D"
"3704",14.26612,103.76066,341.27,0.49,0.4,"2026-02-15",637,"N20","nominal","2.0NRT",305.08,5.79,"D"
"3705",14.2047,103.31689,349.83,0.46,0.39,"2026-02-15",637,"N20","nominal","2.0NRT",309.36,7.52,"D"
"3706",14.68309,106.90797,343.22,0.51,0.49,"2026-02-15",637,"N20","nominal","2.0NRT",302.97,7.22,"D"
"3707",14.68252,106.90337,332.34,0.51,0.49,"2026-02-15",637,"N20","nominal","2.0NRT",302.33,5.19,"D"
"3708",14.66427,106.75751,347.7,0.5,0.49,"2026-02-15",637,"N20","nominal","2.0NRT",309.6,13.11,"D"
"3709",14.66035,106.7262,353.83,0.5,0.49,"2026-02-15",637,"N20","nominal","2.0NRT",306.2,9.74,"D"
"3710",14.63295,106.50875,340.61,0.48,0.48,"2026-02-15",637,"N20","nominal","2.0NRT",307.23,4.63,"D"
"3711",14.63239,106.50431,344.72,0.48,0.48,"2026-02-15",637,"N20","nominal","2.0NRT",307.42,4.63,"D"
"3712",14.61286,106.35027,330.49,0.47,0.48,"2026-02-15",637,"N20","low","2.0NRT",304.32,2.77,"D"
"3713",14.52487,105.66565,331.62,0.42,0.45,"2026-02-15",637,"N20","low","2.0NRT",302.31,1.5,"D"
"3714",14.20831,103.31637,334.93,0.46,0.39,"2026-02-15",637,"N20","low","2.0NRT",306.44,7.52,"D"
"3715",14.62894,106.4417,346.8,0.47,0.48,"2026-02-15",637,"N20","nominal","2.0NRT",305.96,5.96,"D"
"3716",14.62838,106.43729,353.65,0.47,0.48,"2026-02-15",637,"N20","nominal","2.0NRT",305.53,13.37,"D"
"3717",14.5316,105.6847,334.86,0.42,0.45,"2026-02-15",637,"N20","nominal","2.0NRT",304.46,1.47,"D"
"3718",14.25497,103.62533,331.02,0.48,0.4,"2026-02-15",637,"N20","low","2.0NRT",303.04,1.67,"D"
"3719",14.17813,103.07481,338.66,0.45,0.39,"2026-02-15",637,"N20","nominal","2.0NRT",308.44,3.25,"D"
"3720",14.68574,106.85539,343.03,0.51,0.49,"2026-02-15",637,"N20","nominal","2.0NRT",304.75,6.58,"D"
"3721",14.63335,106.44113,333.3,0.47,0.48,"2026-02-15",637,"N20","low","2.0NRT",304.25,5.96,"D"
"3722",14.63279,106.43673,349.48,0.47,0.48,"2026-02-15",637,"N20","nominal","2.0NRT",307.03,13.37,"D"
"3723",14.63223,106.43233,335.02,0.47,0.48,"2026-02-15",637,"N20","nominal","2.0NRT",304.64,13.37,"D"
"3724",14.67034,106.69692,342.29,0.49,0.49,"2026-02-15",637,"N20","nominal","2.0NRT",305.04,5.14,"D"
"3725",14.66976,106.69236,337.91,0.49,0.49,"2026-02-15",637,"N20","nominal","2.0NRT",307.33,5.14,"D"
"3726",14.63719,106.43617,335.43,0.47,0.48,"2026-02-15",637,"N20","nominal","2.0NRT",303.11,4.82,"D"
"3727",14.55758,105.81865,335.47,0.43,0.46,"2026-02-15",637,"N20","nominal","2.0NRT",301.57,4.1,"D"
"3728",14.53432,105.6405,331.57,0.42,0.45,"2026-02-15",637,"N20","low","2.0NRT",302.46,1.22,"D"
"3729",14.53381,105.63659,334.13,0.42,0.45,"2026-02-15",637,"N20","nominal","2.0NRT",303.39,1.22,"D"
"3730",14.22756,103.37493,355.28,0.47,0.39,"2026-02-15",637,"N20","nominal","2.0NRT",308.78,8.13,"D"
"3731",14.67483,106.69639,349.78,0.49,0.49,"2026-02-15",637,"N20","nominal","2.0NRT",307.3,5.14,"D"
"3732",14.23179,103.37872,339.02,0.47,0.4,"2026-02-15",637,"N20","nominal","2.0NRT",308.55,8.13,"D"
"3733",14.23119,103.3744,341.67,0.47,0.39,"2026-02-15",637,"N20","nominal","2.0NRT",308.81,8.13,"D"
"3734",14.23058,103.37009,338.74,0.47,0.39,"2026-02-15",637,"N20","nominal","2.0NRT",307.52,9.63,"D"
"3735",14.19237,103.09831,345.01,0.45,0.39,"2026-02-15",637,"N20","nominal","2.0NRT",309.74,7.13,"D"
"3736",13.61321,99.19941,332.19,0.39,0.36,"2026-02-15",637,"N20","nominal","2.0NRT",300.79,3.11,"D"
"3737",14.63472,106.3473,334.35,0.47,0.48,"2026-02-15",637,"N20","nominal","2.0NRT",300.96,2.06,"D"
"3738",14.53599,105.58875,332.23,0.42,0.45,"2026-02-15",637,"N20","nominal","2.0NRT",301.9,1.77,"D"
"3739",13.61653,99.19883,334.02,0.39,0.36,"2026-02-15",637,"N20","nominal","2.0NRT",301,2.39,"D"
"3740",14.74275,107.16094,336.36,0.53,0.5,"2026-02-15",637,"N20","nominal","2.0NRT",301.8,4.02,"D"
"3741",14.54837,105.65057,334.78,0.42,0.45,"2026-02-15",637,"N20","nominal","2.0NRT",303.38,2.5,"D"
"3742",14.5422,105.60374,330.01,0.42,0.45,"2026-02-15",637,"N20","low","2.0NRT",301.15,1.07,"D"
"3743",14.23058,103.3175,339.75,0.46,0.39,"2026-02-15",637,"N20","nominal","2.0NRT",307.01,4.15,"D"
"3744",14.22937,103.28275,338.14,0.46,0.39,"2026-02-15",637,"N20","low","2.0NRT",308.32,2.78,"D"
"3745",14.66434,106.47308,335.27,0.48,0.48,"2026-02-15",637,"N20","nominal","2.0NRT",302.15,4.55,"D"
"3746",14.71689,106.84677,333.14,0.51,0.49,"2026-02-15",637,"N20","low","2.0NRT",306.93,2.12,"D"
"3747",14.37913,104.30384,338.9,0.52,0.42,"2026-02-15",637,"N20","nominal","2.0NRT",301.85,18.52,"D"
"3748",14.28124,103.59895,344.23,0.48,0.4,"2026-02-15",637,"N20","nominal","2.0NRT",303.18,4.57,"D"
"3749",14.56506,105.64835,344.39,0.42,0.45,"2026-02-15",637,"N20","nominal","2.0NRT",303.72,6.15,"D"
"3750",14.56454,105.64442,341.8,0.42,0.45,"2026-02-15",637,"N20","nominal","2.0NRT",303.08,5.36,"D"
"3751",14.31505,103.81367,335.53,0.49,0.4,"2026-02-15",637,"N20","nominal","2.0NRT",305.15,3.41,"D"
"3752",14.67932,106.48471,350.07,0.48,0.48,"2026-02-15",637,"N20","nominal","2.0NRT",303,9.69,"D"
"3753",14.56923,105.64778,333.33,0.42,0.45,"2026-02-15",637,"N20","low","2.0NRT",303.61,3.46,"D"
"3754",14.31876,103.81315,346.24,0.49,0.4,"2026-02-15",637,"N20","nominal","2.0NRT",300.96,10.79,"D"
"3755",14.31749,103.80405,333.01,0.49,0.4,"2026-02-15",637,"N20","low","2.0NRT",303.43,2.92,"D"
"3756",14.30548,103.71825,337.94,0.49,0.4,"2026-02-15",637,"N20","nominal","2.0NRT",307.18,4.27,"D"
"3757",14.71367,106.71478,342.81,0.5,0.49,"2026-02-15",637,"N20","nominal","2.0NRT",305.59,6.7,"D"
"3758",14.71308,106.71018,339.85,0.5,0.49,"2026-02-15",637,"N20","nominal","2.0NRT",305.55,4.13,"D"
"3759",14.69531,106.57317,340.09,0.49,0.48,"2026-02-15",637,"N20","nominal","2.0NRT",304.12,3.3,"D"
"3760",14.57445,105.65506,341.83,0.42,0.45,"2026-02-15",637,"N20","nominal","2.0NRT",303.43,3.06,"D"
"3761",13.66314,99.30131,346.42,0.39,0.36,"2026-02-15",637,"N20","nominal","2.0NRT",307.09,20.72,"D"
"3762",14.32109,103.81455,336.05,0.49,0.4,"2026-02-15",637,"N20","nominal","2.0NRT",300.45,2.76,"D"
"3763",14.22878,103.13256,339.83,0.46,0.39,"2026-02-15",637,"N20","nominal","2.0NRT",308.73,3.3,"D"
"3764",13.66635,99.30068,352.28,0.39,0.36,"2026-02-15",637,"N20","nominal","2.0NRT",305.23,100.55,"D"
"3765",13.66967,99.30019,367,0.39,0.36,"2026-02-15",637,"N20","high","2.0NRT",337.64,100.55,"D"
"3766",14.56671,105.64858,330.83,0.42,0.45,"2026-02-15",637,"N20","low","2.0NRT",303.44,2.14,"D"
"3767",14.56622,105.64466,344.2,0.42,0.45,"2026-02-15",637,"N20","nominal","2.0NRT",303.16,6.87,"D"
"3768",13.673,99.2997,346.86,0.39,0.36,"2026-02-15",637,"N20","nominal","2.0NRT",300.95,12.1,"D"
"3769",14.57088,105.64801,332.09,0.42,0.45,"2026-02-15",637,"N20","low","2.0NRT",302.51,2.14,"D"
"3770",14.67921,106.4863,340.07,0.48,0.48,"2026-02-15",637,"N20","nominal","2.0NRT",300.7,5.66,"D"
"3771",14.67867,106.48185,337.95,0.48,0.48,"2026-02-15",637,"N20","nominal","2.0NRT",302.62,5.66,"D"
"3772",14.57604,105.6553,341.93,0.42,0.45,"2026-02-15",637,"N20","nominal","2.0NRT",304.21,4.7,"D"
"3773",14.57555,105.65137,332.13,0.42,0.45,"2026-02-15",637,"N20","low","2.0NRT",303.48,2.6,"D"
"3774",14.25824,103.24055,334.69,0.46,0.39,"2026-02-15",637,"N20","low","2.0NRT",306.28,1.77,"D"
"3775",14.71128,106.7123,334.99,0.5,0.49,"2026-02-15",637,"N20","low","2.0NRT",305.35,3.24,"D"
"3776",14.72307,106.77161,341.41,0.5,0.49,"2026-02-15",637,"N20","nominal","2.0NRT",304.82,4.54,"D"
"3777",14.71578,106.71172,346.11,0.5,0.49,"2026-02-15",637,"N20","nominal","2.0NRT",305.36,7.01,"D"
"3778",14.25618,103.14573,346.93,0.46,0.39,"2026-02-15",637,"N20","nominal","2.0NRT",308.08,5.07,"D"
"3779",14.59575,105.67669,343.2,0.42,0.45,"2026-02-15",637,"N20","nominal","2.0NRT",304.15,5.77,"D"
"3780",14.58925,105.62556,330.32,0.42,0.45,"2026-02-15",637,"N20","low","2.0NRT",301.71,2.02,"D"
"3781",14.31792,103.54103,347.67,0.48,0.4,"2026-02-15",637,"N20","nominal","2.0NRT",306.65,7.37,"D"
"3782",14.7737,107.0358,336.02,0.52,0.5,"2026-02-15",637,"N20","low","2.0NRT",309.56,3.89,"D"
"3783",14.59659,105.61664,342.06,0.42,0.45,"2026-02-15",637,"N20","nominal","2.0NRT",301.95,9.53,"D"
"3784",14.80217,107.23165,333.59,0.54,0.51,"2026-02-15",637,"N20","nominal","2.0NRT",301.72,5.16,"D"
"3785",14.7783,107.03526,334.57,0.52,0.5,"2026-02-15",637,"N20","low","2.0NRT",308.3,3.89,"D"
"3786",14.76945,106.96284,331.93,0.52,0.5,"2026-02-15",637,"N20","low","2.0NRT",306.25,2.33,"D"
"3787",14.60075,105.61608,348.98,0.42,0.45,"2026-02-15",637,"N20","nominal","2.0NRT",303.52,9.53,"D"
"3788",14.59725,105.58879,346.69,0.42,0.45,"2026-02-15",637,"N20","nominal","2.0NRT",302.31,7.45,"D"
"3789",14.59675,105.58489,339.84,0.42,0.45,"2026-02-15",637,"N20","nominal","2.0NRT",301.76,3.77,"D"
"3790",14.59625,105.58099,340.7,0.42,0.45,"2026-02-15",637,"N20","nominal","2.0NRT",301.97,3.77,"D"
"3791",14.60141,105.58822,342.17,0.42,0.45,"2026-02-15",637,"N20","nominal","2.0NRT",301.48,4,"D"
"3792",14.60091,105.58432,330.06,0.42,0.45,"2026-02-15",637,"N20","low","2.0NRT",301.93,4.24,"D"
"3793",14.29889,103.32185,335.53,0.47,0.39,"2026-02-15",637,"N20","low","2.0NRT",308.48,2.62,"D"
"3794",14.78333,107.00021,354.54,0.52,0.5,"2026-02-15",637,"N20","nominal","2.0NRT",310.4,16.13,"D"
"3795",14.32771,103.50369,340.34,0.47,0.4,"2026-02-15",637,"N20","nominal","2.0NRT",309.36,6.64,"D"
"3796",14.29716,103.28272,336.64,0.46,0.39,"2026-02-15",637,"N20","low","2.0NRT",307,2.6,"D"
"3797",14.74875,106.6468,336.2,0.49,0.49,"2026-02-15",637,"N20","low","2.0NRT",307.82,6.25,"D"
"3798",14.68932,106.175,332.35,0.46,0.47,"2026-02-15",637,"N20","nominal","2.0NRT",300.72,2.58,"D"
"3799",14.2115,102.59534,331.55,0.43,0.38,"2026-02-15",637,"N20","nominal","2.0NRT",301.51,2.08,"D"
"3800",14.62068,105.57375,338.89,0.42,0.45,"2026-02-15",637,"N20","nominal","2.0NRT",300.39,3.13,"D"
"3801",14.30566,103.21184,345.93,0.46,0.39,"2026-02-15",637,"N20","nominal","2.0NRT",306.81,4.32,"D"
"3802",14.7955,106.80068,343.99,0.5,0.49,"2026-02-15",637,"N20","nominal","2.0NRT",308.34,7.18,"D"
"3803",14.79491,106.796,335.38,0.5,0.49,"2026-02-15",637,"N20","nominal","2.0NRT",305.33,5.94,"D"
"3804",14.7274,106.26571,337.23,0.46,0.47,"2026-02-15",637,"N20","nominal","2.0NRT",306.46,6.02,"D"
"3805",14.70985,106.12932,333.38,0.45,0.47,"2026-02-15",637,"N20","nominal","2.0NRT",302.23,3.34,"D"
"3806",14.3791,103.65894,335.61,0.48,0.4,"2026-02-15",637,"N20","low","2.0NRT",306.19,5.27,"D"
"3807",14.83496,107.0776,335.06,0.53,0.5,"2026-02-15",637,"N20","low","2.0NRT",305.99,3.33,"D"
"3808",14.80002,106.8001,347.95,0.5,0.49,"2026-02-15",637,"N20","nominal","2.0NRT",311.9,11.37,"D"
"3809",14.79293,106.74414,341.43,0.5,0.49,"2026-02-15",637,"N20","nominal","2.0NRT",309.43,12.21,"D"
"3810",14.74288,106.35172,331.13,0.47,0.48,"2026-02-15",637,"N20","low","2.0NRT",304.34,3.01,"D"
"3811",14.74008,106.32988,338.71,0.47,0.48,"2026-02-15",637,"N20","nominal","2.0NRT",303.49,3.46,"D"
"3812",14.65327,105.66096,341.06,0.42,0.45,"2026-02-15",637,"N20","nominal","2.0NRT",303.18,1.89,"D"
"3813",14.35812,103.48135,343.92,0.47,0.4,"2026-02-15",637,"N20","nominal","2.0NRT",306.71,11.26,"D"
"3814",14.36176,103.48076,344.84,0.47,0.4,"2026-02-15",637,"N20","nominal","2.0NRT",305.38,11.26,"D"
"3815",14.36114,103.47633,336.26,0.47,0.4,"2026-02-15",637,"N20","nominal","2.0NRT",304.65,7.96,"D"
"3816",14.36051,103.47186,345.89,0.47,0.4,"2026-02-15",637,"N20","nominal","2.0NRT",304.55,7.96,"D"
"3817",14.80253,106.7476,352.1,0.5,0.49,"2026-02-15",637,"N20","nominal","2.0NRT",309.96,9.91,"D"
"3818",14.72225,106.12341,333.19,0.45,0.47,"2026-02-15",637,"N20","nominal","2.0NRT",302.15,2.23,"D"
"3819",14.75533,106.31021,337.79,0.47,0.48,"2026-02-15",637,"N20","nominal","2.0NRT",307.08,7.82,"D"
"3820",14.84815,106.99703,341.88,0.52,0.5,"2026-02-15",637,"N20","nominal","2.0NRT",306.63,3.81,"D"
"3821",14.75774,106.22665,343.79,0.46,0.47,"2026-02-15",637,"N20","nominal","2.0NRT",304.29,6.99,"D"
"3822",14.75596,106.30974,336.86,0.47,0.48,"2026-02-15",637,"N20","nominal","2.0NRT",305.94,10.37,"D"
"3823",14.75344,106.25292,332.38,0.46,0.47,"2026-02-15",637,"N20","low","2.0NRT",303.85,2.41,"D"
"3824",14.84819,106.99744,342.9,0.52,0.5,"2026-02-15",637,"N20","nominal","2.0NRT",306.76,5.74,"D"
"3825",14.75897,106.22597,343.88,0.46,0.47,"2026-02-15",637,"N20","nominal","2.0NRT",305.67,8.73,"D"
"3826",14.77581,106.21925,332.29,0.46,0.47,"2026-02-15",637,"N20","low","2.0NRT",303.92,2.33,"D"
"3827",14.85994,106.86443,337.02,0.51,0.49,"2026-02-15",637,"N20","nominal","2.0NRT",304.82,3.25,"D"
"3828",14.72997,105.81997,346.86,0.43,0.46,"2026-02-15",637,"N20","nominal","2.0NRT",300.02,3.29,"D"
"3829",14.71187,105.6441,334.17,0.42,0.45,"2026-02-15",637,"N20","nominal","2.0NRT",301.82,2.72,"D"
"3830",13.78952,99.15426,345.76,0.39,0.36,"2026-02-15",637,"N20","nominal","2.0NRT",300.16,7.41,"D"
"3831",14.79636,106.27744,341.77,0.47,0.47,"2026-02-15",637,"N20","nominal","2.0NRT",301.63,6.29,"D"
"3832",14.79366,106.25584,336.38,0.46,0.47,"2026-02-15",637,"N20","nominal","2.0NRT",304.17,2.8,"D"
"3833",14.79152,106.2388,342.37,0.46,0.47,"2026-02-15",637,"N20","nominal","2.0NRT",303.02,12.67,"D"
"3834",13.79285,99.15373,333.32,0.39,0.36,"2026-02-15",637,"N20","nominal","2.0NRT",299.3,2.61,"D"
"3835",14.88889,106.98727,339.43,0.52,0.5,"2026-02-15",637,"N20","nominal","2.0NRT",307.38,4.64,"D"
"3836",13.79394,99.13889,335.04,0.39,0.36,"2026-02-15",637,"N20","nominal","2.0NRT",297.44,5.62,"D"
"3837",14.89645,107.01092,346.66,0.52,0.5,"2026-02-15",637,"N20","nominal","2.0NRT",310.21,8.34,"D"
"3838",14.89586,107.0061,336.47,0.52,0.5,"2026-02-15",637,"N20","low","2.0NRT",310.25,5.74,"D"
"3839",13.79727,99.13838,342.6,0.39,0.36,"2026-02-15",637,"N20","nominal","2.0NRT",299.05,13.39,"D"
"3840",14.90104,107.0103,345.12,0.52,0.5,"2026-02-15",637,"N20","nominal","2.0NRT",309.43,8.34,"D"
"3841",14.90044,107.00546,347.54,0.52,0.5,"2026-02-15",637,"N20","nominal","2.0NRT",311.16,5.74,"D"
"3842",14.80456,106.23696,350.05,0.46,0.47,"2026-02-15",637,"N20","nominal","2.0NRT",305.91,11.22,"D"
"3843",14.90563,107.00969,334.49,0.52,0.5,"2026-02-15",637,"N20","low","2.0NRT",308.33,4.2,"D"
"3844",14.80567,106.21082,334.07,0.46,0.47,"2026-02-15",637,"N20","low","2.0NRT",308.05,4.03,"D"
"3845",14.81056,106.21447,336.73,0.46,0.47,"2026-02-15",637,"N20","nominal","2.0NRT",305.84,7.27,"D"
"3846",14.81001,106.21019,342.5,0.46,0.47,"2026-02-15",637,"N20","nominal","2.0NRT",306.23,4.03,"D"
"3847",14.73091,105.56161,331.63,0.42,0.45,"2026-02-15",637,"N20","nominal","2.0NRT",299.18,2.86,"D"
"3848",14.13628,101.2567,345.82,0.39,0.36,"2026-02-15",637,"N20","nominal","2.0NRT",303.51,4.81,"D"
"3849",14.13574,101.25307,335.71,0.39,0.36,"2026-02-15",637,"N20","low","2.0NRT",305.92,6.61,"D"
"3850",14.13962,101.25618,338.48,0.39,0.36,"2026-02-15",637,"N20","nominal","2.0NRT",304.56,5.54,"D"
"3851",13.85955,99.40692,338.32,0.39,0.36,"2026-02-15",637,"N20","nominal","2.0NRT",307.55,10.16,"D"
"3852",13.859,99.40334,338.3,0.39,0.36,"2026-02-15",637,"N20","nominal","2.0NRT",311.87,12.78,"D"
"3853",14.85974,106.46094,336.61,0.48,0.48,"2026-02-15",637,"N20","nominal","2.0NRT",304.17,8.39,"D"
"3854",14.76712,105.74163,334.08,0.43,0.46,"2026-02-15",637,"N20","nominal","2.0NRT",301.91,2.51,"D"
"3855",14.43556,103.28857,344.26,0.46,0.39,"2026-02-15",637,"N20","nominal","2.0NRT",307.77,6.24,"D"
"3856",13.9798,100.16772,332.89,0.38,0.36,"2026-02-15",637,"N20","low","2.0NRT",307.68,4.64,"D"
"3857",13.86287,99.40639,346.68,0.39,0.36,"2026-02-15",637,"N20","nominal","2.0NRT",306.02,10.16,"D"
"3858",13.86231,99.40282,335.9,0.39,0.36,"2026-02-15",637,"N20","nominal","2.0NRT",306.09,12.78,"D"
"3859",14.85792,106.4115,335.06,0.48,0.48,"2026-02-15",637,"N20","low","2.0NRT",305.68,3.38,"D"
"3860",14.77185,105.74505,347.52,0.43,0.46,"2026-02-15",637,"N20","nominal","2.0NRT",303.44,4.95,"D"
"3861",14.77133,105.74107,336.02,0.43,0.46,"2026-02-15",637,"N20","nominal","2.0NRT",303.65,4.95,"D"
"3862",14.86232,106.4109,344,0.48,0.48,"2026-02-15",637,"N20","nominal","2.0NRT",303.41,3.38,"D"
"3863",14.82894,106.15137,343.84,0.46,0.47,"2026-02-15",637,"N20","nominal","2.0NRT",301,4.85,"D"
"3864",14.77606,105.74451,346.74,0.43,0.46,"2026-02-15",637,"N20","nominal","2.0NRT",303.91,4.95,"D"
"3865",14.76369,105.55347,342.88,0.42,0.45,"2026-02-15",637,"N20","nominal","2.0NRT",301.11,4.51,"D"
"3866",14.71355,105.14615,345.7,0.39,0.44,"2026-02-15",637,"N20","nominal","2.0NRT",304.61,33.34,"D"
"3867",14.8656,106.26363,343.48,0.47,0.47,"2026-02-15",637,"N20","nominal","2.0NRT",302.8,10.36,"D"
"3868",14.86628,106.26049,341.9,0.47,0.47,"2026-02-15",637,"N20","nominal","2.0NRT",302.68,10.93,"D"
"3869",14.7865,105.55085,338.6,0.42,0.45,"2026-02-15",637,"N20","nominal","2.0NRT",301.61,3.35,"D"
"3870",14.87243,106.20269,342.24,0.46,0.47,"2026-02-15",637,"N20","nominal","2.0NRT",303.13,7.97,"D"
"3871",14.86087,106.10952,336.88,0.46,0.47,"2026-02-15",637,"N20","nominal","2.0NRT",300.94,2.6,"D"
"3872",14.84686,105.99701,330.53,0.45,0.47,"2026-02-15",637,"N20","low","2.0NRT",301.2,3.59,"D"
"3873",14.93088,106.64122,344.21,0.49,0.49,"2026-02-15",637,"N20","nominal","2.0NRT",308.55,11.33,"D"
"3874",14.92526,106.5216,332.15,0.49,0.48,"2026-02-15",637,"N20","nominal","2.0NRT",301.57,17.38,"D"
"3875",14.9247,106.51706,339.1,0.49,0.48,"2026-02-15",637,"N20","nominal","2.0NRT",302.45,17.38,"D"
"3876",14.92803,106.50752,339.65,0.48,0.48,"2026-02-15",637,"N20","nominal","2.0NRT",296.95,6.11,"D"
"3877",14.88026,106.12402,331.75,0.46,0.47,"2026-02-15",637,"N20","nominal","2.0NRT",300.06,1.9,"D"
"3878",14.9325,106.50716,367,0.48,0.48,"2026-02-15",637,"N20","high","2.0NRT",336.7,366.63,"D"
"3879",14.94605,106.6166,331.26,0.49,0.49,"2026-02-15",637,"N20","nominal","2.0NRT",299.03,6.54,"D"
"3880",14.87721,106.06486,335.69,0.45,0.47,"2026-02-15",637,"N20","nominal","2.0NRT",302.49,1.73,"D"
"3881",14.93198,106.50301,301.33,0.48,0.48,"2026-02-15",637,"N20","low","2.0NRT",307.38,172.41,"D"
"3882",14.95109,106.62062,333.54,0.49,0.49,"2026-02-15",637,"N20","low","2.0NRT",306.54,6.54,"D"
"3883",14.95051,106.61589,349.5,0.49,0.49,"2026-02-15",637,"N20","nominal","2.0NRT",307.2,6.54,"D"
"3884",14.90066,106.21623,342.05,0.46,0.47,"2026-02-15",637,"N20","nominal","2.0NRT",300.15,6.98,"D"
"3885",14.8958,106.17763,331.67,0.46,0.47,"2026-02-15",637,"N20","low","2.0NRT",302.05,5.23,"D"
"3886",14.97497,106.77676,340.55,0.51,0.49,"2026-02-15",637,"N20","nominal","2.0NRT",302.53,8.09,"D"
"3887",14.95555,106.61996,330.45,0.49,0.49,"2026-02-15",637,"N20","low","2.0NRT",304.7,6.75,"D"
"3888",14.90014,106.17706,343.51,0.46,0.47,"2026-02-15",637,"N20","nominal","2.0NRT",300.75,4.84,"D"
"3889",14.84412,105.73608,334.93,0.43,0.46,"2026-02-15",637,"N20","nominal","2.0NRT",301.21,3.59,"D"
"3890",14.91636,106.27063,340.05,0.47,0.48,"2026-02-15",637,"N20","nominal","2.0NRT",300.48,5.22,"D"
"3891",14.47477,102.95193,338,0.45,0.39,"2026-02-15",637,"N20","nominal","2.0NRT",307.58,3.71,"D"
"3892",14.89985,106.03632,347.89,0.45,0.47,"2026-02-15",637,"N20","nominal","2.0NRT",298.06,3.69,"D"
"3893",14.89825,106.02381,344.01,0.45,0.47,"2026-02-15",637,"N20","nominal","2.0NRT",299.21,5.53,"D"
"3894",14.96076,106.48069,341.66,0.48,0.48,"2026-02-15",637,"N20","nominal","2.0NRT",303.6,5.7,"D"
"3895",14.84665,105.59042,335.16,0.42,0.45,"2026-02-15",637,"N20","nominal","2.0NRT",302.77,3.14,"D"
"3896",14.97094,106.52561,350.06,0.49,0.48,"2026-02-15",637,"N20","nominal","2.0NRT",307.47,92.44,"D"
"3897",14.91921,106.08482,342.15,0.45,0.47,"2026-02-15",637,"N20","nominal","2.0NRT",301.93,6.26,"D"
"3898",14.85816,105.58099,337.71,0.42,0.45,"2026-02-15",637,"N20","nominal","2.0NRT",301.36,4.61,"D"
"3899",14.85764,105.57706,343.75,0.42,0.45,"2026-02-15",637,"N20","nominal","2.0NRT",303.72,4.61,"D"
"3900",13.95507,99.2776,339.1,0.39,0.36,"2026-02-15",637,"N20","nominal","2.0NRT",305.7,2.32,"D"
"3901",13.95452,99.27406,334.19,0.39,0.36,"2026-02-15",637,"N20","nominal","2.0NRT",306.5,2.32,"D"
"3902",14.97221,106.42931,339.74,0.48,0.48,"2026-02-15",637,"N20","nominal","2.0NRT",298.62,7.31,"D"
"3903",14.97717,106.43292,341.35,0.48,0.48,"2026-02-15",637,"N20","nominal","2.0NRT",298.76,7.52,"D"
"3904",14.88471,105.68606,333.19,0.43,0.46,"2026-02-15",637,"N20","nominal","2.0NRT",302.04,1.5,"D"
"3905",15.00676,106.55804,341.16,0.49,0.49,"2026-02-15",637,"N20","nominal","2.0NRT",299.06,37.7,"D"
"3906",15.0006,106.51009,342.99,0.49,0.48,"2026-02-15",637,"N20","nominal","2.0NRT",299.8,7.95,"D"
"3907",15.0135,106.57522,330.59,0.49,0.49,"2026-02-15",637,"N20","low","2.0NRT",301.64,5.03,"D"
"3908",15.0112,106.55737,341.83,0.49,0.49,"2026-02-15",637,"N20","nominal","2.0NRT",300.13,62.37,"D"
"3909",15.00495,106.50882,340.99,0.49,0.48,"2026-02-15",637,"N20","nominal","2.0NRT",298.95,24.54,"D"
"3910",14.99921,106.42965,331.51,0.48,0.48,"2026-02-15",637,"N20","low","2.0NRT",304.68,17.65,"D"
"3911",14.99864,106.42524,341.97,0.48,0.48,"2026-02-15",637,"N20","nominal","2.0NRT",305.74,17.65,"D"
"3912",15.00932,106.55405,345.82,0.49,0.49,"2026-02-15",637,"N20","nominal","2.0NRT",310.38,113.59,"D"
"3913",15.00335,106.50487,349.57,0.49,0.48,"2026-02-15",637,"N20","nominal","2.0NRT",303.46,27.06,"D"
"3914",15.01706,106.5806,339.44,0.49,0.49,"2026-02-15",637,"N20","nominal","2.0NRT",301.48,5.53,"D"
"3915",15.00778,106.50417,351.51,0.49,0.48,"2026-02-15",637,"N20","nominal","2.0NRT",298.88,27.06,"D"
"3916",14.99828,106.42612,349.99,0.48,0.48,"2026-02-15",637,"N20","nominal","2.0NRT",304.31,30.43,"D"
"3917",14.96237,106.06232,339.67,0.45,0.47,"2026-02-15",637,"N20","nominal","2.0NRT",296.52,8.83,"D"
"3918",14.96185,106.05814,337.25,0.45,0.47,"2026-02-15",637,"N20","nominal","2.0NRT",297.81,8.83,"D"
"3919",15.06482,106.86153,334.97,0.51,0.5,"2026-02-15",637,"N20","nominal","2.0NRT",303.5,4.67,"D"
"3920",15.03217,106.59276,340.72,0.49,0.49,"2026-02-15",637,"N20","nominal","2.0NRT",298.59,9.49,"D"
"3921",15.03158,106.58795,348.96,0.49,0.49,"2026-02-15",637,"N20","nominal","2.0NRT",303.67,9.49,"D"
"3922",15.03664,106.59221,338.76,0.49,0.49,"2026-02-15",637,"N20","nominal","2.0NRT",302.41,9.49,"D"
"3923",14.97844,106.08569,346.99,0.46,0.47,"2026-02-15",637,"N20","nominal","2.0NRT",296.14,6.5,"D"
"3924",14.91833,105.60889,331.92,0.42,0.45,"2026-02-15",637,"N20","nominal","2.0NRT",301.8,1.17,"D"
"3925",15.01925,106.37783,345.97,0.48,0.48,"2026-02-15",637,"N20","nominal","2.0NRT",301.87,9.15,"D"
"3926",14.47088,102.25929,335.39,0.42,0.38,"2026-02-15",637,"N20","nominal","2.0NRT",304.22,3.99,"D"
"3927",14.47032,102.25533,335.81,0.42,0.38,"2026-02-15",637,"N20","nominal","2.0NRT",305.38,3.99,"D"
"3928",15.0231,106.37278,352.38,0.48,0.48,"2026-02-15",637,"N20","nominal","2.0NRT",302.78,23.48,"D"
"3929",15.03701,106.44854,343.51,0.48,0.48,"2026-02-15",637,"N20","nominal","2.0NRT",303.35,6.43,"D"
"3930",14.96105,105.84394,344.01,0.44,0.46,"2026-02-15",637,"N20","nominal","2.0NRT",297.49,5.54,"D"
"3931",15.05962,106.59423,342.53,0.49,0.49,"2026-02-15",637,"N20","nominal","2.0NRT",301.77,6.48,"D"
"3932",15.05902,106.58947,350.48,0.49,0.49,"2026-02-15",637,"N20","nominal","2.0NRT",305.78,15.34,"D"
"3933",15.04373,106.46643,336.21,0.48,0.48,"2026-02-15",637,"N20","nominal","2.0NRT",304.13,6.55,"D"
"3934",15.04314,106.46166,331.9,0.48,0.48,"2026-02-15",637,"N20","low","2.0NRT",303.78,5.55,"D"
"3935",15.03297,106.34441,337.27,0.47,0.48,"2026-02-15",637,"N20","nominal","2.0NRT",300.72,1.85,"D"
"3936",15.02694,106.29636,334.37,0.47,0.48,"2026-02-15",637,"N20","nominal","2.0NRT",300.24,3,"D"
"3937",15.00961,106.15858,340.15,0.46,0.47,"2026-02-15",637,"N20","nominal","2.0NRT",296.8,8.89,"D"
"3938",15.05025,106.44655,332.34,0.48,0.48,"2026-02-15",637,"N20","low","2.0NRT",303.31,4.52,"D"
"3939",15.04122,106.37448,337.99,0.48,0.48,"2026-02-15",637,"N20","nominal","2.0NRT",300.26,2.51,"D"
"3940",15.05584,106.45515,339.69,0.48,0.48,"2026-02-15",637,"N20","nominal","2.0NRT",302.03,3.82,"D"
"3941",15.11277,106.8747,337.42,0.51,0.5,"2026-02-15",637,"N20","nominal","2.0NRT",303.47,6.01,"D"
"3942",15.11216,106.8698,338.32,0.51,0.5,"2026-02-15",637,"N20","nominal","2.0NRT",304.84,6.01,"D"
"3943",15.11611,106.8642,331.45,0.51,0.5,"2026-02-15",637,"N20","low","2.0NRT",302.91,3.19,"D"
"3944",15.0699,106.49525,337.58,0.49,0.48,"2026-02-15",637,"N20","nominal","2.0NRT",300.1,5.18,"D"
"3945",15.12121,106.868,330.62,0.51,0.5,"2026-02-15",637,"N20","low","2.0NRT",301.1,4.01,"D"
"3946",15.07894,106.53105,341.09,0.49,0.48,"2026-02-15",637,"N20","nominal","2.0NRT",309.16,5.99,"D"
"3947",15.07434,106.4946,341.91,0.49,0.48,"2026-02-15",637,"N20","nominal","2.0NRT",301.17,10.47,"D"
"3948",15.0179,106.05076,343.96,0.45,0.47,"2026-02-15",637,"N20","nominal","2.0NRT",299.52,7.25,"D"
"3949",15.09309,106.57124,334.92,0.49,0.49,"2026-02-15",637,"N20","low","2.0NRT",307.74,5.96,"D"
"3950",15.05744,106.29098,348.15,0.47,0.48,"2026-02-15",637,"N20","nominal","2.0NRT",300.92,7.56,"D"
"3951",15.06158,106.25394,338.43,0.47,0.48,"2026-02-15",637,"N20","nominal","2.0NRT",298.35,6.56,"D"
"3952",14.03683,99.06145,333.64,0.39,0.36,"2026-02-15",637,"N20","nominal","2.0NRT",295.16,3.67,"D"
"3953",15.14546,106.83981,348.47,0.51,0.5,"2026-02-15",637,"N20","nominal","2.0NRT",303.54,9.74,"D"
"3954",15.0378,106.00143,340.8,0.45,0.47,"2026-02-15",637,"N20","nominal","2.0NRT",299.33,4.39,"D"
"3955",15.03726,105.99723,333.48,0.45,0.47,"2026-02-15",637,"N20","nominal","2.0NRT",297.52,4.39,"D"
"3956",14.07024,99.1664,331.85,0.39,0.36,"2026-02-15",637,"N20","low","2.0NRT",303.65,3.38,"D"
"3957",14.06912,99.15919,339.92,0.39,0.36,"2026-02-15",637,"N20","nominal","2.0NRT",303.73,4.94,"D"
"3958",14.24099,100.2082,334.47,0.38,0.36,"2026-02-15",637,"N20","nominal","2.0NRT",297.98,2.49,"D"
"3959",14.10857,99.34715,332.92,0.39,0.36,"2026-02-15",637,"N20","low","2.0NRT",306.5,3.34,"D"
"3960",14.11244,99.35017,334.11,0.39,0.36,"2026-02-15",637,"N20","low","2.0NRT",308.49,4.11,"D"
"3961",13.92697,98.16358,336.68,0.41,0.37,"2026-02-15",637,"N20","nominal","2.0NRT",302.31,5.4,"D"
"3962",13.92636,98.15979,334.72,0.41,0.37,"2026-02-15",637,"N20","nominal","2.0NRT",303.2,6.26,"D"
"3963",15.14659,106.84171,333.95,0.51,0.5,"2026-02-15",637,"N20","nominal","2.0NRT",301.64,5.5,"D"
"3964",15.14606,106.83726,342.25,0.51,0.5,"2026-02-15",637,"N20","nominal","2.0NRT",304.53,5.5,"D"
"3965",14.50789,101.95483,336.09,0.41,0.37,"2026-02-15",637,"N20","nominal","2.0NRT",305.46,3.56,"D"
"3966",15.0406,105.69025,335.56,0.43,0.46,"2026-02-15",637,"N20","nominal","2.0NRT",303.61,2.74,"D"
"3967",14.1103,99.09716,332.69,0.39,0.36,"2026-02-15",637,"N20","nominal","2.0NRT",297.44,8,"D"
"3968",14.11363,99.0966,342.51,0.39,0.36,"2026-02-15",637,"N20","nominal","2.0NRT",297.56,8,"D"
"3969",14.11307,99.09306,330.72,0.39,0.36,"2026-02-15",637,"N20","low","2.0NRT",300.84,8,"D"
"3970",14.09502,98.97803,344.06,0.39,0.36,"2026-02-15",637,"N20","nominal","2.0NRT",296.98,4.45,"D"
"3971",13.96446,98.15726,336.26,0.41,0.37,"2026-02-15",637,"N20","nominal","2.0NRT",299.34,6.02,"D"
"3972",13.96385,98.15347,331.25,0.41,0.37,"2026-02-15",637,"N20","nominal","2.0NRT",300.12,4.77,"D"
"3973",15.07335,105.84655,337.5,0.44,0.46,"2026-02-15",637,"N20","nominal","2.0NRT",300.96,5.6,"D"
"3974",14.11695,99.09602,330.61,0.39,0.36,"2026-02-15",637,"N20","nominal","2.0NRT",298.24,4.04,"D"
"3975",14.11639,99.09248,335.47,0.39,0.36,"2026-02-15",637,"N20","nominal","2.0NRT",296.75,4.04,"D"
"3976",15.17431,106.57949,349.42,0.49,0.49,"2026-02-15",637,"N20","nominal","2.0NRT",301.52,21.5,"D"
"3977",14.12303,99.09134,334.93,0.39,0.36,"2026-02-15",637,"N20","nominal","2.0NRT",295.23,4.98,"D"
"3978",14.12248,99.08781,337.26,0.39,0.36,"2026-02-15",637,"N20","nominal","2.0NRT",295.57,4.83,"D"
"3979",14.10669,98.98706,335.47,0.39,0.36,"2026-02-15",637,"N20","nominal","2.0NRT",296.21,5.3,"D"
"3980",15.17876,106.57872,342.6,0.49,0.49,"2026-02-15",637,"N20","nominal","2.0NRT",302.13,21.5,"D"
"3981",15.17822,106.57435,342.23,0.49,0.49,"2026-02-15",637,"N20","nominal","2.0NRT",300.5,21.79,"D"
"3982",15.17768,106.57001,340.58,0.49,0.49,"2026-02-15",637,"N20","nominal","2.0NRT",301.88,21.79,"D"
"3983",14.1219,99.06234,331.77,0.39,0.36,"2026-02-15",637,"N20","nominal","2.0NRT",293.89,5.39,"D"
"3984",14.11058,98.99005,333.67,0.39,0.36,"2026-02-15",637,"N20","nominal","2.0NRT",297.1,3.11,"D"
"3985",14.12966,99.06834,345.76,0.39,0.36,"2026-02-15",637,"N20","nominal","2.0NRT",295.63,8.47,"D"
"3986",15.07704,105.64088,341.69,0.43,0.46,"2026-02-15",637,"N20","nominal","2.0NRT",302.04,2.66,"D"
"3987",15.07503,105.56012,335.75,0.42,0.45,"2026-02-15",637,"N20","nominal","2.0NRT",300.57,1.55,"D"
"3988",15.07507,105.52804,338,0.42,0.45,"2026-02-15",637,"N20","nominal","2.0NRT",300.55,2.16,"D"
"3989",14.1232,98.91797,332.35,0.39,0.37,"2026-02-15",637,"N20","nominal","2.0NRT",292.17,3.21,"D"
"3990",15.22092,106.55264,340.89,0.49,0.49,"2026-02-15",637,"N20","nominal","2.0NRT",297.34,5.24,"D"
"3991",14.16564,99.03645,331.8,0.39,0.36,"2026-02-15",637,"N20","nominal","2.0NRT",296.59,1.8,"D"
"3992",14.15694,98.96333,330.31,0.39,0.36,"2026-02-15",637,"N20","nominal","2.0NRT",299.34,1.69,"D"
"3993",15.21935,106.55415,333.19,0.49,0.49,"2026-02-15",637,"N20","nominal","2.0NRT",295.72,4.31,"D"
"3994",14.17198,98.97197,333.56,0.39,0.36,"2026-02-15",637,"N20","nominal","2.0NRT",298.42,1.63,"D"
"3995",14.24268,99.40161,343.42,0.39,0.36,"2026-02-15",637,"N20","nominal","2.0NRT",306.81,4.37,"D"
"3996",14.6208,101.9139,338.99,0.41,0.37,"2026-02-15",637,"N20","nominal","2.0NRT",304.15,76.92,"D"
"3997",14.62027,101.91015,335.41,0.41,0.37,"2026-02-15",637,"N20","nominal","2.0NRT",303.48,76.92,"D"
"3998",14.18437,99.00723,343.84,0.39,0.36,"2026-02-15",637,"N20","nominal","2.0NRT",299.26,4.46,"D"
"3999",14.62422,101.91341,367,0.41,0.37,"2026-02-15",637,"N20","high","2.0NRT",336.37,76.92,"D"
"4000",14.62368,101.90966,367,0.41,0.37,"2026-02-15",637,"N20","high","2.0NRT",331.24,76.92,"D"
"4001",14.62477,101.91725,336.94,0.41,0.37,"2026-02-15",637,"N20","nominal","2.0NRT",303.84,7.34,"D"
"4002",14.20122,99.09271,337.22,0.39,0.36,"2026-02-15",637,"N20","nominal","2.0NRT",301.55,2.42,"D"
"4003",14.18772,99.00676,338.34,0.39,0.36,"2026-02-15",637,"N20","nominal","2.0NRT",296.55,4.46,"D"
"4004",14.62819,101.91676,347.34,0.41,0.37,"2026-02-15",637,"N20","nominal","2.0NRT",318.54,38.93,"D"
"4005",14.1677,98.85814,331.97,0.4,0.37,"2026-02-15",637,"N20","nominal","2.0NRT",294.16,4.71,"D"
"4006",14.62764,101.91293,319.37,0.41,0.37,"2026-02-15",637,"N20","low","2.0NRT",323.51,81.38,"D"
"4007",14.63216,101.9201,336.25,0.41,0.37,"2026-02-15",637,"N20","nominal","2.0NRT",304.54,38.93,"D"
"4008",14.63161,101.91627,313.33,0.41,0.37,"2026-02-15",637,"N20","low","2.0NRT",316.83,38.93,"D"
"4009",14.63503,101.91579,334.14,0.41,0.37,"2026-02-15",637,"N20","nominal","2.0NRT",302.88,2.68,"D"
"4010",14.06435,98.16761,330.02,0.41,0.37,"2026-02-15",637,"N20","nominal","2.0NRT",297.29,4.8,"D"
"4011",15.12266,105.4901,334.98,0.42,0.45,"2026-02-15",637,"N20","nominal","2.0NRT",303.09,1.32,"D"
"4012",15.12067,105.47449,334.76,0.42,0.45,"2026-02-15",637,"N20","nominal","2.0NRT",302.12,2.6,"D"
"4013",15.29988,106.87854,333.2,0.52,0.5,"2026-02-15",637,"N20","nominal","2.0NRT",302.28,3.79,"D"
"4014",15.12483,105.47394,354.79,0.42,0.45,"2026-02-15",637,"N20","nominal","2.0NRT",304.18,9.81,"D"
"4015",15.22244,106.21284,330.14,0.47,0.48,"2026-02-15",637,"N20","nominal","2.0NRT",297.63,4.77,"D"
"4016",15.22191,106.20856,333.78,0.47,0.48,"2026-02-15",637,"N20","nominal","2.0NRT",294.71,4.77,"D"
"4017",14.6856,102.19596,330.82,0.42,0.38,"2026-02-15",637,"N20","low","2.0NRT",304.95,1.91,"D"
"4018",15.26711,106.46335,344.53,0.49,0.48,"2026-02-15",637,"N20","nominal","2.0NRT",298.49,7.25,"D"
"4019",14.20895,98.90272,336.6,0.39,0.36,"2026-02-15",637,"N20","nominal","2.0NRT",296.66,4.93,"D"
"4020",14.20839,98.89911,347.44,0.39,0.37,"2026-02-15",637,"N20","nominal","2.0NRT",297.54,4.93,"D"
"4021",14.21115,98.89493,335.17,0.39,0.37,"2026-02-15",637,"N20","nominal","2.0NRT",295.12,3.23,"D"
"4022",14.22353,98.93024,332.29,0.39,0.36,"2026-02-15",637,"N20","nominal","2.0NRT",290.51,1.42,"D"
"4023",14.22687,98.92975,348.33,0.39,0.36,"2026-02-15",637,"N20","nominal","2.0NRT",297.78,9.66,"D"
"4024",14.2282,98.82897,330.88,0.4,0.37,"2026-02-15",637,"N20","nominal","2.0NRT",299.03,3.13,"D"
"4025",15.1981,105.51617,338.42,0.42,0.45,"2026-02-15",637,"N20","nominal","2.0NRT",302.43,2.04,"D"
"4026",15.36914,106.80112,337.06,0.51,0.5,"2026-02-15",637,"N20","nominal","2.0NRT",301.28,2.8,"D"
"4027",15.35838,106.7166,331.33,0.51,0.49,"2026-02-15",637,"N20","low","2.0NRT",303.67,3.36,"D"
"4028",14.23432,98.82433,330.1,0.4,0.37,"2026-02-15",637,"N20","nominal","2.0NRT",297.81,3.55,"D"
"4029",14.71333,101.90005,338.62,0.41,0.37,"2026-02-15",637,"N20","nominal","2.0NRT",306.78,6.3,"D"
"4030",15.35091,106.75716,330.95,0.51,0.49,"2026-02-15",637,"N20","nominal","2.0NRT",300.38,2.56,"D"
"4031",14.71675,101.89953,352.99,0.41,0.37,"2026-02-15",637,"N20","nominal","2.0NRT",311.65,6.3,"D"
"4032",15.35997,106.71733,331.13,0.51,0.49,"2026-02-15",637,"N20","low","2.0NRT",302.92,2.96,"D"
"4033",15.42823,107.2114,340.21,0.55,0.51,"2026-02-15",637,"N20","nominal","2.0NRT",297.26,8,"D"
"4034",15.37296,106.7487,338.51,0.51,0.49,"2026-02-15",637,"N20","nominal","2.0NRT",303.21,5.81,"D"
"4035",15.55321,108.20037,367,0.32,0.55,"2026-02-15",637,"N20","high","2.0NRT",290.34,5.67,"D"
"4036",15.28056,105.85305,344.69,0.44,0.46,"2026-02-15",637,"N20","nominal","2.0NRT",303.92,4.35,"D"
"4037",15.28005,105.84898,330.3,0.44,0.46,"2026-02-15",637,"N20","low","2.0NRT",302.17,4.35,"D"
"4038",15.39843,106.69301,342.29,0.51,0.49,"2026-02-15",637,"N20","nominal","2.0NRT",305.29,4.08,"D"
"4039",14.38785,99.41734,333.41,0.39,0.36,"2026-02-15",637,"N20","low","2.0NRT",304.2,3.26,"D"
"4040",15.46503,107.20079,339.12,0.55,0.51,"2026-02-15",637,"N20","nominal","2.0NRT",301.06,7.21,"D"
"4041",14.39117,99.41683,337.55,0.39,0.36,"2026-02-15",637,"N20","nominal","2.0NRT",305.1,2.06,"D"
"4042",14.64728,101.04207,332.8,0.39,0.36,"2026-02-15",637,"N20","nominal","2.0NRT",299.37,1.05,"D"
"4043",15.34197,105.95879,341.79,0.45,0.47,"2026-02-15",637,"N20","nominal","2.0NRT",300.5,10.09,"D"
"4044",15.34142,105.95458,334.11,0.45,0.47,"2026-02-15",637,"N20","nominal","2.0NRT",303.79,13.9,"D"
"4045",15.61593,108.12772,327.91,0.63,0.54,"2026-02-15",637,"N20","nominal","2.0NRT",292.19,3.4,"D"
"4046",15.61645,108.13142,331.31,0.63,0.54,"2026-02-15",637,"N20","nominal","2.0NRT",290.96,6.01,"D"
"4047",15.46227,106.75415,333.29,0.51,0.49,"2026-02-15",637,"N20","nominal","2.0NRT",302.91,2.64,"D"
"4048",14.67244,100.80131,330.73,0.39,0.36,"2026-02-15",637,"N20","low","2.0NRT",301.16,2.07,"D"
"4049",14.63198,100.52939,333.36,0.39,0.36,"2026-02-15",637,"N20","nominal","2.0NRT",302.75,5.04,"D"
"4050",15.47643,106.75663,333.21,0.51,0.49,"2026-02-15",637,"N20","nominal","2.0NRT",303.92,3.11,"D"
"4051",15.4759,106.75217,330.62,0.51,0.49,"2026-02-15",637,"N20","low","2.0NRT",303.62,3.11,"D"
"4052",15.38755,105.91927,338.72,0.45,0.47,"2026-02-15",637,"N20","nominal","2.0NRT",303.11,2.82,"D"
"4053",15.40917,106.02238,335.96,0.46,0.47,"2026-02-15",637,"N20","nominal","2.0NRT",300.97,3.4,"D"
"4054",15.32952,105.39108,345.07,0.42,0.45,"2026-02-15",637,"N20","nominal","2.0NRT",304.97,3.13,"D"
"4055",15.33366,105.3905,333.6,0.42,0.45,"2026-02-15",637,"N20","nominal","2.0NRT",301.7,3.13,"D"
"4056",15.50838,106.75317,341.62,0.51,0.49,"2026-02-15",637,"N20","nominal","2.0NRT",304.63,5.29,"D"
"4057",15.71147,108.3367,328.15,0.33,0.55,"2026-02-15",637,"N20","nominal","2.0NRT",293.24,2.18,"D"
"4058",15.53821,106.80742,333.8,0.52,0.5,"2026-02-15",637,"N20","nominal","2.0NRT",300.37,4.14,"D"
"4059",15.54332,106.81126,330.59,0.52,0.5,"2026-02-15",637,"N20","low","2.0NRT",301.15,7.27,"D"
"4060",15.53268,106.72535,338.21,0.51,0.49,"2026-02-15",637,"N20","nominal","2.0NRT",304.31,5.43,"D"
"4061",15.54672,106.80122,331.33,0.52,0.5,"2026-02-15",637,"N20","nominal","2.0NRT",300.68,6.09,"D"
"4062",15.55129,106.80058,336.75,0.52,0.5,"2026-02-15",637,"N20","nominal","2.0NRT",301.69,5.36,"D"
"4063",15.43433,105.84126,339.81,0.45,0.47,"2026-02-15",637,"N20","nominal","2.0NRT",302.16,4.03,"D"
"4064",15.53227,106.43176,330.88,0.49,0.48,"2026-02-15",637,"N20","low","2.0NRT",304.01,4.63,"D"
"4065",14.98626,102.32414,336.57,0.43,0.38,"2026-02-15",637,"N20","nominal","2.0NRT",303.81,6.3,"D"
"4066",14.98571,102.32018,330.55,0.43,0.38,"2026-02-15",637,"N20","low","2.0NRT",302.73,2.79,"D"
"4067",14.9903,102.32761,333.01,0.43,0.38,"2026-02-15",637,"N20","nominal","2.0NRT",301.06,9.6,"D"
"4068",14.98974,102.32363,355.34,0.43,0.38,"2026-02-15",637,"N20","nominal","2.0NRT",308.19,9.6,"D"
"4069",14.99378,102.3271,333.78,0.43,0.38,"2026-02-15",637,"N20","nominal","2.0NRT",301.87,9.6,"D"
"4070",14.80972,101.04221,336.26,0.39,0.36,"2026-02-15",637,"N20","low","2.0NRT",308.07,2.33,"D"
"4071",14.81306,101.04168,342.05,0.39,0.36,"2026-02-15",637,"N20","nominal","2.0NRT",306.43,1.97,"D"
"4072",15.00018,102.3221,337.76,0.43,0.38,"2026-02-15",637,"N20","nominal","2.0NRT",303.66,6.87,"D"
"4073",15.57945,106.72096,338.01,0.51,0.49,"2026-02-15",637,"N20","nominal","2.0NRT",303.35,3.9,"D"
"4074",15.58985,106.7691,330.14,0.51,0.5,"2026-02-15",637,"N20","low","2.0NRT",300.87,4.54,"D"
"4075",15.584,106.72037,340.36,0.51,0.49,"2026-02-15",637,"N20","nominal","2.0NRT",305.69,4.79,"D"
"4076",15.50048,106.03361,334.07,0.46,0.47,"2026-02-15",637,"N20","nominal","2.0NRT",301.84,4.77,"D"
"4077",15.55022,106.40322,336.22,0.49,0.48,"2026-02-15",637,"N20","low","2.0NRT",306.61,6.02,"D"
"4078",15.52617,106.17029,334.39,0.47,0.48,"2026-02-15",637,"N20","nominal","2.0NRT",297.88,3.19,"D"
"4079",15.5301,106.1302,335.23,0.47,0.47,"2026-02-15",637,"N20","nominal","2.0NRT",300.77,2.43,"D"
"4080",15.54871,106.13703,334.35,0.47,0.48,"2026-02-15",637,"N20","nominal","2.0NRT",301.13,3.66,"D"
"4081",15.54381,106.09792,336.58,0.46,0.47,"2026-02-15",637,"N20","nominal","2.0NRT",305.13,4.49,"D"
"4082",15.5422,106.08508,335.17,0.46,0.47,"2026-02-15",637,"N20","nominal","2.0NRT",299.14,3.26,"D"
"4083",15.58949,106.24851,331.57,0.48,0.48,"2026-02-15",637,"N20","low","2.0NRT",303.57,3.16,"D"
"4084",15.54509,105.89954,344,0.45,0.47,"2026-02-15",637,"N20","nominal","2.0NRT",307.18,8.59,"D"
"4085",15.54457,105.89542,334.41,0.45,0.47,"2026-02-15",637,"N20","low","2.0NRT",305.52,4.85,"D"
"4086",15.56072,105.98745,332.38,0.46,0.47,"2026-02-15",637,"N20","nominal","2.0NRT",301.53,2.31,"D"
"4087",15.58596,106.15047,334.94,0.47,0.48,"2026-02-15",637,"N20","nominal","2.0NRT",302.4,3.68,"D"
"4088",15.56559,105.95688,342.02,0.45,0.47,"2026-02-15",637,"N20","nominal","2.0NRT",302.58,2.16,"D"
"4089",15.59865,106.18008,335.29,0.47,0.48,"2026-02-15",637,"N20","nominal","2.0NRT",300.47,4.02,"D"
"4090",15.59192,106.12757,337.06,0.47,0.47,"2026-02-15",637,"N20","nominal","2.0NRT",305.7,5.11,"D"
"4091",15.56991,105.95631,349.2,0.45,0.47,"2026-02-15",637,"N20","nominal","2.0NRT",304.36,6.04,"D"
"4092",15.56937,105.9521,344.94,0.45,0.47,"2026-02-15",637,"N20","nominal","2.0NRT",304.94,13.18,"D"
"4093",15.59967,106.15329,333.85,0.47,0.48,"2026-02-15",637,"N20","nominal","2.0NRT",302.3,4.11,"D"
"4094",15.59574,106.12267,340.22,0.47,0.47,"2026-02-15",637,"N20","nominal","2.0NRT",309.36,9.94,"D"
"4095",15.57423,105.95575,332.65,0.45,0.47,"2026-02-15",637,"N20","nominal","2.0NRT",301.76,6.04,"D"
"4096",15.51928,105.50082,332.3,0.42,0.46,"2026-02-15",637,"N20","low","2.0NRT",303.48,3.53,"D"
"4097",15.67058,106.63768,339.95,0.5,0.49,"2026-02-15",637,"N20","nominal","2.0NRT",305.79,3.19,"D"
"4098",15.61867,106.23161,335.33,0.47,0.48,"2026-02-15",637,"N20","nominal","2.0NRT",302.56,5.72,"D"
"4099",15.58341,105.95885,331.34,0.45,0.47,"2026-02-15",637,"N20","low","2.0NRT",303.28,1.43,"D"
"4100",15.2771,103.62395,337.54,0.49,0.4,"2026-02-15",637,"N20","low","2.0NRT",308.75,2.95,"D"
"4101",14.68502,99.58322,337.66,0.39,0.36,"2026-02-15",637,"N20","nominal","2.0NRT",303.62,5.11,"D"
"4102",15.59912,106.18085,332.47,0.47,0.48,"2026-02-15",637,"N20","nominal","2.0NRT",300.45,2.83,"D"
"4103",15.57198,105.95655,345.18,0.46,0.47,"2026-02-15",637,"N20","nominal","2.0NRT",303.58,4.99,"D"
"4104",15.57147,105.95233,355.56,0.45,0.47,"2026-02-15",637,"N20","nominal","2.0NRT",302.28,13.08,"D"
"4105",15.51613,105.50111,338.31,0.43,0.46,"2026-02-15",637,"N20","nominal","2.0NRT",303.64,4.64,"D"
"4106",15.27539,103.62556,331.54,0.49,0.41,"2026-02-15",637,"N20","low","2.0NRT",304.35,4.03,"D"
"4107",15.60033,106.15398,333.34,0.47,0.48,"2026-02-15",637,"N20","nominal","2.0NRT",301.91,3.69,"D"
"4108",15.59609,106.11894,340.59,0.47,0.47,"2026-02-15",637,"N20","nominal","2.0NRT",307.2,11.43,"D"
"4109",15.58113,105.95963,334.53,0.46,0.47,"2026-02-15",637,"N20","nominal","2.0NRT",302.53,2,"D"
"4110",15.67159,106.6342,336.21,0.51,0.49,"2026-02-15",637,"N20","nominal","2.0NRT",305.4,5.23,"D"
"4111",15.59567,105.97073,343.49,0.46,0.47,"2026-02-15",637,"N20","nominal","2.0NRT",303.84,3.97,"D"
"4112",15.64617,106.31059,342.45,0.48,0.48,"2026-02-15",637,"N20","nominal","2.0NRT",305.14,3.39,"D"
"4113",15.62831,106.12836,334.71,0.47,0.48,"2026-02-15",637,"N20","low","2.0NRT",306.24,2.49,"D"
"4114",15.63647,106.15845,332.53,0.47,0.48,"2026-02-15",637,"N20","nominal","2.0NRT",301.38,2.24,"D"
"4115",15.64529,106.12197,343.15,0.47,0.48,"2026-02-15",637,"N20","nominal","2.0NRT",304.37,2.24,"D"
"4116",15.64367,106.10891,338.81,0.47,0.47,"2026-02-15",637,"N20","nominal","2.0NRT",303.54,2.92,"D"
"4117",15.67498,106.3253,341,0.48,0.48,"2026-02-15",637,"N20","nominal","2.0NRT",303.09,1.31,"D"
"4118",15.66225,106.22255,343.35,0.47,0.48,"2026-02-15",637,"N20","nominal","2.0NRT",304.35,10.12,"D"
"4119",15.6617,106.21813,351.75,0.47,0.48,"2026-02-15",637,"N20","nominal","2.0NRT",307.59,10.12,"D"
"4120",15.67605,106.26149,338.41,0.48,0.48,"2026-02-15",637,"N20","nominal","2.0NRT",304.03,3.46,"D"
"4121",15.67544,106.18504,333.04,0.47,0.48,"2026-02-15",637,"N20","nominal","2.0NRT",301.33,2.48,"D"
"4122",15.14646,102.23985,333.66,0.43,0.38,"2026-02-15",637,"N20","low","2.0NRT",307.21,3.67,"D"
"4123",15.14655,102.21562,338.83,0.43,0.38,"2026-02-15",637,"N20","nominal","2.0NRT",305.34,2.46,"D"
"4124",15.72844,106.53659,345.47,0.5,0.49,"2026-02-15",637,"N20","nominal","2.0NRT",304.23,7.92,"D"
"4125",15.69934,106.30402,344.44,0.48,0.48,"2026-02-15",637,"N20","nominal","2.0NRT",304.41,5.54,"D"
"4126",15.68981,106.22821,348.64,0.48,0.48,"2026-02-15",637,"N20","nominal","2.0NRT",308,11.49,"D"
"4127",15.69422,106.22766,367,0.48,0.48,"2026-02-15",637,"N20","high","2.0NRT",309.37,15.09,"D"
"4128",15.69478,106.23211,333.35,0.48,0.48,"2026-02-15",637,"N20","nominal","2.0NRT",306.66,6.41,"D"
"4129",15.06167,101.50713,350.05,0.4,0.37,"2026-02-15",637,"N20","nominal","2.0NRT",310.48,10.61,"D"
"4130",15.70779,106.15879,338.52,0.47,0.48,"2026-02-15",637,"N20","nominal","2.0NRT",305.66,4.12,"D"
"4131",15.47356,104.35165,336.33,0.54,0.42,"2026-02-15",637,"N20","low","2.0NRT",307.08,5.98,"D"
"4132",15.47744,104.3511,340.49,0.54,0.42,"2026-02-15",637,"N20","nominal","2.0NRT",306.19,5.98,"D"
"4133",15.47494,104.35426,344.63,0.54,0.42,"2026-02-15",637,"N20","nominal","2.0NRT",307.88,7.52,"D"
"4134",15.47818,104.34866,336.45,0.54,0.42,"2026-02-15",637,"N20","nominal","2.0NRT",305.9,4.66,"D"
"4135",15.70798,106.15581,336.03,0.47,0.48,"2026-02-15",637,"N20","low","2.0NRT",308.3,1.5,"D"
"4136",15.74389,106.30477,337.45,0.48,0.48,"2026-02-15",637,"N20","nominal","2.0NRT",302.69,2.03,"D"
"4137",15.03813,100.98019,347.48,0.39,0.36,"2026-02-15",637,"N20","nominal","2.0NRT",308.93,6.44,"D"
"4138",15.67889,105.53247,334.97,0.43,0.46,"2026-02-15",637,"N20","nominal","2.0NRT",300.9,3.73,"D"
"4139",15.69729,105.54256,342.18,0.43,0.46,"2026-02-15",637,"N20","nominal","2.0NRT",301.81,4.67,"D"
"4140",15.69676,105.53842,337.42,0.43,0.46,"2026-02-15",637,"N20","nominal","2.0NRT",299.72,4.67,"D"
"4141",15.70151,105.54209,334.85,0.43,0.46,"2026-02-15",637,"N20","nominal","2.0NRT",299.33,4.67,"D"
"4142",15.70098,105.53801,339.25,0.43,0.46,"2026-02-15",637,"N20","nominal","2.0NRT",299,4.67,"D"
"4143",15.21245,101.94292,337.57,0.42,0.37,"2026-02-15",637,"N20","low","2.0NRT",310.01,2.89,"D"
"4144",14.76204,98.93971,334.05,0.39,0.36,"2026-02-15",637,"N20","nominal","2.0NRT",297.61,4.49,"D"
"4145",15.71456,105.61048,343.59,0.43,0.46,"2026-02-15",637,"N20","nominal","2.0NRT",302.54,39.68,"D"
"4146",15.71927,105.61368,341.21,0.43,0.46,"2026-02-15",637,"N20","nominal","2.0NRT",299,39.68,"D"
"4147",14.76872,98.93894,332.36,0.39,0.36,"2026-02-15",637,"N20","nominal","2.0NRT",294.71,4.21,"D"
"4148",14.77766,98.65302,336.4,0.4,0.37,"2026-02-15",637,"N20","nominal","2.0NRT",299.47,2.88,"D"
"4149",14.77475,98.6347,331.52,0.4,0.37,"2026-02-15",637,"N20","nominal","2.0NRT",300.33,1.97,"D"
"4150",15.53864,103.78017,350.39,0.51,0.41,"2026-02-15",637,"N20","nominal","2.0NRT",307.72,5.81,"D"
"4151",15.5424,103.77963,344.24,0.51,0.41,"2026-02-15",637,"N20","nominal","2.0NRT",312.39,6.96,"D"
"4152",15.62135,104.19728,334.26,0.53,0.42,"2026-02-15",637,"N20","nominal","2.0NRT",301.81,2.59,"D"
"4153",15.23738,101.43758,332.71,0.4,0.37,"2026-02-15",637,"N20","low","2.0NRT",307.36,0.84,"D"
"4154",15.95707,106.76275,335.83,0.52,0.5,"2026-02-15",637,"N20","nominal","2.0NRT",294.1,4.32,"D"
"4155",15.18421,101.02711,337.8,0.39,0.37,"2026-02-15",637,"N20","nominal","2.0NRT",308.34,2.52,"D"
"4156",15.18755,101.02656,334.4,0.39,0.37,"2026-02-15",637,"N20","low","2.0NRT",306.16,2.52,"D"
"4157",15.85936,105.90392,332.22,0.46,0.47,"2026-02-15",637,"N20","nominal","2.0NRT",294.8,3.04,"D"
"4158",15.49195,103.13201,340.29,0.47,0.4,"2026-02-15",637,"N20","nominal","2.0NRT",309,8.27,"D"
"4159",15.25928,101.44567,337.55,0.4,0.37,"2026-02-15",637,"N20","low","2.0NRT",308.19,1.74,"D"
"4160",15.71439,104.68748,345.1,0.57,0.43,"2026-02-15",637,"N20","nominal","2.0NRT",309.86,21.42,"D"
"4161",15.26266,101.44516,337.67,0.4,0.37,"2026-02-15",637,"N20","low","2.0NRT",307.98,1.74,"D"
"4162",15.28009,101.44623,336.61,0.4,0.37,"2026-02-15",637,"N20","low","2.0NRT",309.06,2.98,"D"
"4163",15.16681,100.49744,340.06,0.39,0.36,"2026-02-15",637,"N20","nominal","2.0NRT",306.96,3,"D"
"4164",15.0691,99.64964,337.45,0.38,0.36,"2026-02-15",637,"N20","nominal","2.0NRT",306.18,4.75,"D"
"4165",16.04681,106.77142,332.17,0.52,0.5,"2026-02-15",637,"N20","nominal","2.0NRT",298.09,4.1,"D"
"4166",16.03761,106.69522,340.23,0.52,0.5,"2026-02-15",637,"N20","nominal","2.0NRT",300.17,11.88,"D"
"4167",16.25056,107.98646,350.56,0.63,0.54,"2026-02-15",637,"N20","nominal","2.0NRT",295.72,12.74,"D"
"4168",15.11745,99.65631,332.47,0.38,0.36,"2026-02-15",637,"N20","low","2.0NRT",306.16,1.52,"D"
"4169",15.11256,99.6244,346.48,0.38,0.36,"2026-02-15",637,"N20","nominal","2.0NRT",304.91,6.82,"D"
"4170",15.23897,100.39078,354.54,0.39,0.36,"2026-02-15",637,"N20","nominal","2.0NRT",307.98,8.28,"D"
"4171",16.25114,107.98974,327.69,0.63,0.54,"2026-02-15",637,"N20","nominal","2.0NRT",293.58,5.97,"D"
"4172",16.25051,107.98411,343.61,0.63,0.54,"2026-02-15",637,"N20","nominal","2.0NRT",294.47,9.88,"D"
"4173",15.77522,104.05446,334.13,0.53,0.42,"2026-02-15",637,"N20","nominal","2.0NRT",303.2,1.69,"D"
"4174",15.12291,99.46917,355.51,0.39,0.36,"2026-02-15",637,"N20","nominal","2.0NRT",302.34,12.26,"D"
"4175",16.04627,106.14365,340.14,0.47,0.48,"2026-02-15",637,"N20","nominal","2.0NRT",304.24,5.01,"D"
"4176",16.07938,106.23164,331.41,0.48,0.48,"2026-02-15",637,"N20","low","2.0NRT",302.2,1.25,"D"
"4177",15.43061,101.27478,341,0.4,0.37,"2026-02-15",637,"N20","nominal","2.0NRT",310.61,5.51,"D"
"4178",15.55782,101.79179,338.27,0.41,0.37,"2026-02-15",637,"N20","nominal","2.0NRT",308.98,2.66,"D"
"4179",15.55786,101.79215,339.23,0.42,0.37,"2026-02-15",637,"N20","nominal","2.0NRT",308.93,3.51,"D"
"4180",15.54475,101.52872,343.23,0.41,0.37,"2026-02-15",637,"N20","nominal","2.0NRT",314.79,4.71,"D"
"4181",15.53162,101.36546,348.01,0.4,0.37,"2026-02-15",637,"N20","nominal","2.0NRT",304.75,6.49,"D"
"4182",15.53839,101.36447,334.67,0.4,0.37,"2026-02-15",637,"N20","low","2.0NRT",305.14,2.53,"D"
"4183",16.17203,105.93061,331.43,0.46,0.47,"2026-02-15",637,"N20","nominal","2.0NRT",294.1,4.64,"D"
"4184",15.56829,101.35634,333.84,0.4,0.37,"2026-02-15",637,"N20","low","2.0NRT",308.51,3.79,"D"
"4185",15.58157,101.37649,340.19,0.4,0.37,"2026-02-15",637,"N20","nominal","2.0NRT",309.73,6.12,"D"
"4186",16.28901,106.50658,334.31,0.5,0.49,"2026-02-15",637,"N20","nominal","2.0NRT",299.46,3.24,"D"
"4187",16.29061,106.50783,335.36,0.51,0.49,"2026-02-15",637,"N20","nominal","2.0NRT",299.2,2.27,"D"
"4188",15.55505,100.85275,339.33,0.39,0.36,"2026-02-15",637,"N20","nominal","2.0NRT",308.77,5.47,"D"
"4189",15.66664,101.5993,347.34,0.41,0.37,"2026-02-15",637,"N20","nominal","2.0NRT",309.22,3.69,"D"
"4190",15.66609,101.5955,336.24,0.41,0.37,"2026-02-15",637,"N20","low","2.0NRT",308.86,3.69,"D"
"4191",15.67904,101.61301,335.63,0.41,0.37,"2026-02-15",637,"N20","low","2.0NRT",307.4,1.61,"D"
"4192",15.68462,101.62768,347.05,0.41,0.37,"2026-02-15",637,"N20","nominal","2.0NRT",308.3,6.79,"D"
"4193",15.68408,101.62386,352.62,0.41,0.37,"2026-02-15",637,"N20","nominal","2.0NRT",309.92,6.79,"D"
"4194",15.68353,101.62006,334.77,0.41,0.37,"2026-02-15",637,"N20","low","2.0NRT",306.98,3.23,"D"
"4195",15.68189,101.60863,347.43,0.41,0.37,"2026-02-15",637,"N20","nominal","2.0NRT",309.75,4.35,"D"
"4196",16.36388,106.77409,338.9,0.53,0.5,"2026-02-15",637,"N20","nominal","2.0NRT",295.41,17.79,"D"
"4197",15.68803,101.62714,350.73,0.41,0.37,"2026-02-15",637,"N20","nominal","2.0NRT",312.31,6.79,"D"
"4198",15.68529,101.60805,336.06,0.41,0.37,"2026-02-15",637,"N20","low","2.0NRT",310.51,4.35,"D"
"4199",15.68474,101.60424,347.99,0.41,0.37,"2026-02-15",637,"N20","nominal","2.0NRT",316.5,48.23,"D"
"4200",16.15889,105.07619,332.1,0.41,0.45,"2026-02-15",637,"N20","low","2.0NRT",307.06,0.87,"D"
"4201",15.69144,101.62662,338.49,0.41,0.37,"2026-02-15",637,"N20","low","2.0NRT",309.28,2.18,"D"
"4202",15.6865,101.59225,335.14,0.41,0.37,"2026-02-15",637,"N20","low","2.0NRT",307.1,4.65,"D"
"4203",15.69167,101.5798,334.02,0.41,0.37,"2026-02-15",637,"N20","low","2.0NRT",306.85,1.67,"D"
"4204",15.58851,100.825,332.8,0.39,0.36,"2026-02-15",637,"N20","low","2.0NRT",307.25,3.25,"D"
"4205",15.71557,101.55271,330.42,0.41,0.37,"2026-02-15",637,"N20","low","2.0NRT",305.26,3.95,"D"
"4206",15.79899,102.08306,344.24,0.43,0.38,"2026-02-15",637,"N20","nominal","2.0NRT",311.53,6.82,"D"
"4207",15.71108,101.24977,343.2,0.4,0.37,"2026-02-15",637,"N20","nominal","2.0NRT",311.72,8.23,"D"
"4208",15.71055,101.24606,335.6,0.4,0.37,"2026-02-15",637,"N20","low","2.0NRT",309.1,1.81,"D"
"4209",15.71446,101.24925,343.22,0.4,0.37,"2026-02-15",637,"N20","nominal","2.0NRT",310.85,8.23,"D"
"4210",16.24007,105.06461,342.04,0.41,0.45,"2026-02-15",637,"N20","nominal","2.0NRT",306.51,3.68,"D"
"4211",15.88043,101.84577,343.6,0.42,0.38,"2026-02-15",637,"N20","low","2.0NRT",313.69,5.45,"D"
"4212",15.88331,101.84139,338.22,0.42,0.38,"2026-02-15",637,"N20","low","2.0NRT",309.91,4.2,"D"
"4213",15.86275,101.47919,345.93,0.41,0.37,"2026-02-15",637,"N20","nominal","2.0NRT",308.92,7.02,"D"
"4214",15.86614,101.47858,352.03,0.41,0.37,"2026-02-15",637,"N20","nominal","2.0NRT",311.1,6.49,"D"
"4215",15.86559,101.47476,342.2,0.41,0.37,"2026-02-15",637,"N20","nominal","2.0NRT",315.31,17.29,"D"
"4216",16.05142,102.72293,335.28,0.45,0.39,"2026-02-15",637,"N20","low","2.0NRT",306.66,1.99,"D"
"4217",15.91416,101.74168,344.21,0.42,0.37,"2026-02-15",637,"N20","nominal","2.0NRT",310.56,3.59,"D"
"4218",15.98102,102.18998,367,0.43,0.38,"2026-02-15",637,"N20","high","2.0NRT",311.01,18.43,"D"
"4219",16.41585,105.44086,347.57,0.43,0.46,"2026-02-15",637,"N20","nominal","2.0NRT",293.08,8.21,"D"
"4220",15.98565,102.19756,353.68,0.43,0.38,"2026-02-15",637,"N20","nominal","2.0NRT",308.81,8.57,"D"
"4221",15.98507,102.19344,355.6,0.43,0.38,"2026-02-15",637,"N20","nominal","2.0NRT",309.53,8.57,"D"
"4222",15.99495,102.1877,342.91,0.43,0.38,"2026-02-15",637,"N20","nominal","2.0NRT",303.81,5.11,"D"
"4223",15.99225,102.09314,341.03,0.43,0.38,"2026-02-15",637,"N20","nominal","2.0NRT",303.01,21.08,"D"
"4224",15.99687,102.10065,335.77,0.43,0.38,"2026-02-15",637,"N20","nominal","2.0NRT",306.73,15.73,"D"
"4225",16.00037,102.10032,334.31,0.43,0.38,"2026-02-15",637,"N20","nominal","2.0NRT",300.95,15.73,"D"
"4226",15.93621,101.65142,339.87,0.41,0.37,"2026-02-15",637,"N20","low","2.0NRT",310.54,3.75,"D"
"4227",16.00387,102.09995,339.08,0.43,0.38,"2026-02-15",637,"N20","nominal","2.0NRT",302.09,5.56,"D"
"4228",16.41388,105.09151,340.98,0.41,0.45,"2026-02-15",637,"N20","nominal","2.0NRT",303.85,5.45,"D"
"4229",16.40809,105.0146,341.32,0.41,0.45,"2026-02-15",637,"N20","nominal","2.0NRT",307.15,5.13,"D"
"4230",16.61932,106.64997,330.65,0.52,0.5,"2026-02-15",637,"N20","nominal","2.0NRT",293.12,5.74,"D"
"4231",16.04317,102.25094,348.08,0.43,0.38,"2026-02-15",637,"N20","nominal","2.0NRT",308.51,5.51,"D"
"4232",16.04259,102.24683,348.49,0.43,0.38,"2026-02-15",637,"N20","nominal","2.0NRT",308.19,5.38,"D"
"4233",16.2613,103.791,338.96,0.52,0.41,"2026-02-15",637,"N20","nominal","2.0NRT",307.01,3.35,"D"
"4234",15.9968,101.65858,334.41,0.41,0.37,"2026-02-15",637,"N20","low","2.0NRT",306.28,2.31,"D"
"4235",15.40795,97.791,332.39,0.41,0.37,"2026-02-15",637,"N20","nominal","2.0NRT",298.55,1.74,"D"
"4236",15.88082,100.83052,337.82,0.39,0.36,"2026-02-15",637,"N20","low","2.0NRT",309.01,4.85,"D"
"4237",16.33807,104.11399,331.23,0.54,0.42,"2026-02-15",637,"N20","low","2.0NRT",306.17,0.83,"D"
"4238",15.56107,98.50926,340.42,0.4,0.37,"2026-02-15",637,"N20","nominal","2.0NRT",302.92,4.49,"D"
"4239",15.56048,98.50557,335.04,0.4,0.37,"2026-02-15",637,"N20","nominal","2.0NRT",301.97,4.49,"D"
"4240",16.3744,103.71531,345.75,0.51,0.41,"2026-02-15",637,"N20","nominal","2.0NRT",304.54,8.33,"D"
"4241",16.59573,105.43462,340.76,0.43,0.46,"2026-02-15",637,"N20","nominal","2.0NRT",304.11,4.43,"D"
"4242",16.29059,102.97149,344.95,0.47,0.4,"2026-02-15",637,"N20","nominal","2.0NRT",306.91,4.1,"D"
"4243",16.60963,105.40788,345.42,0.43,0.46,"2026-02-15",637,"N20","nominal","2.0NRT",303.07,11.23,"D"
"4244",16.60913,105.40382,346.68,0.43,0.46,"2026-02-15",637,"N20","nominal","2.0NRT",303.67,11.23,"D"
"4245",15.97213,100.6443,345.06,0.39,0.36,"2026-02-15",637,"N20","nominal","2.0NRT",307.92,6.85,"D"
"4246",15.97106,100.63704,338.79,0.39,0.36,"2026-02-15",637,"N20","low","2.0NRT",308.8,3.94,"D"
"4247",15.68787,98.68934,337.64,0.39,0.36,"2026-02-15",637,"N20","nominal","2.0NRT",293.74,5.06,"D"
"4248",16.53131,104.16145,334.29,0.55,0.42,"2026-02-15",637,"N20","low","2.0NRT",308.44,3.94,"D"
"4249",16.54048,104.17055,336.12,0.55,0.42,"2026-02-15",637,"N20","low","2.0NRT",307.48,6.37,"D"
"4250",16.49648,103.8459,340.34,0.52,0.42,"2026-02-15",637,"N20","nominal","2.0NRT",310.47,4.36,"D"
"4251",16.49519,103.84357,339.92,0.52,0.42,"2026-02-15",637,"N20","nominal","2.0NRT",311.1,5.3,"D"
"4252",16.54094,104.16827,337.82,0.55,0.42,"2026-02-15",637,"N20","nominal","2.0NRT",307.93,4.27,"D"
"4253",16.45355,103.40868,347.03,0.5,0.41,"2026-02-15",637,"N20","nominal","2.0NRT",307.27,10.22,"D"
"4254",16.73025,105.51392,333.35,0.44,0.46,"2026-02-15",637,"N20","nominal","2.0NRT",292.54,2.28,"D"
"4255",16.49403,103.62778,353.08,0.51,0.41,"2026-02-15",637,"N20","nominal","2.0NRT",310.17,7.39,"D"
"4256",16.4934,103.62302,336.25,0.51,0.41,"2026-02-15",637,"N20","low","2.0NRT",308.38,7.39,"D"
"4257",16.35143,102.51749,351,0.45,0.39,"2026-02-15",637,"N20","nominal","2.0NRT",306.99,5.3,"D"
"4258",16.35499,102.51694,340,0.45,0.39,"2026-02-15",637,"N20","nominal","2.0NRT",303.09,5.3,"D"
"4259",16.34019,102.38417,334.08,0.44,0.39,"2026-02-15",637,"N20","low","2.0NRT",306.98,1.24,"D"
"4260",16.32331,102.18626,337.12,0.43,0.38,"2026-02-15",637,"N20","low","2.0NRT",309.48,8.2,"D"
"4261",16.68105,104.78642,342.58,0.4,0.44,"2026-02-15",637,"N20","nominal","2.0NRT",308.38,6.23,"D"
"4262",16.50067,103.36401,343.81,0.49,0.41,"2026-02-15",637,"N20","nominal","2.0NRT",307.22,16.67,"D"
"4263",16.54732,103.56698,340.83,0.51,0.41,"2026-02-15",637,"N20","nominal","2.0NRT",309.39,3.42,"D"
"4264",16.5905,103.77087,335.33,0.52,0.41,"2026-02-15",637,"N20","low","2.0NRT",309.68,2.23,"D"
"4265",16.82436,105.61994,331.61,0.45,0.47,"2026-02-15",637,"N20","nominal","2.0NRT",291.91,2.92,"D"
"4266",16.70355,104.60167,345.84,0.39,0.44,"2026-02-15",637,"N20","nominal","2.0NRT",305.87,5.24,"D"
"4267",16.79203,105.07614,336.9,0.42,0.45,"2026-02-15",637,"N20","low","2.0NRT",309.77,2.44,"D"
"4268",16.7785,104.90187,342.66,0.41,0.45,"2026-02-15",637,"N20","nominal","2.0NRT",311.23,3.88,"D"
"4269",16.77802,104.89809,349.52,0.4,0.45,"2026-02-15",637,"N20","nominal","2.0NRT",310.63,3.72,"D"
"4270",16.77754,104.89431,339.42,0.4,0.45,"2026-02-15",637,"N20","nominal","2.0NRT",305.71,3.72,"D"
"4271",16.78164,104.89377,367,0.4,0.45,"2026-02-15",637,"N20","high","2.0NRT",307.14,11.83,"D"
"4272",16.78259,104.90134,340.63,0.41,0.45,"2026-02-15",637,"N20","nominal","2.0NRT",310.82,3.23,"D"
"4273",16.78212,104.89755,344.55,0.4,0.45,"2026-02-15",637,"N20","nominal","2.0NRT",312.26,11.83,"D"
"4274",16.78717,104.90457,337.12,0.41,0.45,"2026-02-15",637,"N20","low","2.0NRT",309.39,3.23,"D"
"4275",16.78669,104.90079,342.9,0.41,0.45,"2026-02-15",637,"N20","nominal","2.0NRT",309.83,3.23,"D"
"4276",16.78621,104.89701,348.23,0.4,0.45,"2026-02-15",637,"N20","nominal","2.0NRT",309.14,11.83,"D"
"4277",16.78573,104.89323,352.3,0.4,0.45,"2026-02-15",637,"N20","nominal","2.0NRT",309.67,11.83,"D"
"4278",16.94375,106.05671,340.72,0.48,0.48,"2026-02-15",637,"N20","nominal","2.0NRT",289.87,12.37,"D"
"4279",16.94322,106.05232,334.11,0.48,0.48,"2026-02-15",637,"N20","nominal","2.0NRT",290.31,9.93,"D"
"4280",16.90308,105.4487,336.59,0.44,0.46,"2026-02-15",637,"N20","nominal","2.0NRT",300.79,6.87,"D"
"4281",16.90256,105.44457,337.25,0.44,0.46,"2026-02-15",637,"N20","nominal","2.0NRT",302.48,9.55,"D"
"4282",16.59092,103.06937,347.71,0.48,0.4,"2026-02-15",637,"N20","nominal","2.0NRT",308.73,7.48,"D"
"4283",16.76614,104.24335,344.18,0.56,0.43,"2026-02-15",637,"N20","nominal","2.0NRT",305.44,6.38,"D"
"4284",16.76582,104.24126,341.96,0.56,0.43,"2026-02-15",637,"N20","nominal","2.0NRT",305.28,5.74,"D"
"4285",16.7305,103.90426,333.56,0.53,0.42,"2026-02-15",637,"N20","low","2.0NRT",306.93,3.56,"D"
"4286",16.16591,99.84979,340.4,0.38,0.36,"2026-02-15",637,"N20","nominal","2.0NRT",307.43,3.74,"D"
"4287",16.89797,105.06219,335.66,0.42,0.45,"2026-02-15",637,"N20","nominal","2.0NRT",305.75,3.03,"D"
"4288",16.81473,104.34128,339.69,0.56,0.43,"2026-02-15",637,"N20","nominal","2.0NRT",302.88,6.63,"D"
"4289",16.75804,103.90513,331.42,0.53,0.42,"2026-02-15",637,"N20","low","2.0NRT",303.96,3.03,"D"
"4290",16.17447,99.72771,334.23,0.38,0.36,"2026-02-15",637,"N20","nominal","2.0NRT",303.38,1.62,"D"
"4291",16.92759,105.12998,333.9,0.42,0.45,"2026-02-15",637,"N20","low","2.0NRT",304.05,3.09,"D"
"4292",16.9566,105.29292,339.63,0.43,0.46,"2026-02-15",637,"N20","nominal","2.0NRT",305.38,11.12,"D"
"4293",17.02628,105.81729,340.17,0.47,0.47,"2026-02-15",637,"N20","nominal","2.0NRT",300.41,4.71,"D"
"4294",16.95117,105.2159,330.08,0.43,0.46,"2026-02-15",637,"N20","low","2.0NRT",304.81,1.09,"D"
"4295",16.30186,100.48698,349.83,0.39,0.36,"2026-02-15",637,"N20","nominal","2.0NRT",307.16,6.7,"D"
"4296",17.03113,105.82062,340.04,0.47,0.47,"2026-02-15",637,"N20","nominal","2.0NRT",297.34,21.59,"D"
"4297",15.91839,97.97555,341,0.41,0.37,"2026-02-15",637,"N20","nominal","2.0NRT",300.29,3.27,"D"
"4298",15.92177,97.97497,335.44,0.41,0.37,"2026-02-15",637,"N20","nominal","2.0NRT",300.04,3.27,"D"
"4299",15.89003,97.75519,330.32,0.41,0.37,"2026-02-15",637,"N20","nominal","2.0NRT",298.45,2.31,"D"
"4300",16.98693,105.36312,340.32,0.44,0.46,"2026-02-15",637,"N20","nominal","2.0NRT",302.54,7.29,"D"
"4301",16.98641,105.35903,336.84,0.43,0.46,"2026-02-15",637,"N20","nominal","2.0NRT",302.99,7.42,"D"
"4302",16.64863,102.81107,339.75,0.47,0.39,"2026-02-15",637,"N20","nominal","2.0NRT",310.92,4.56,"D"
"4303",16.67339,102.85644,336.34,0.47,0.4,"2026-02-15",637,"N20","low","2.0NRT",307.35,3.11,"D"
"4304",15.95592,98.0153,334.77,0.4,0.37,"2026-02-15",637,"N20","nominal","2.0NRT",302.73,3,"D"
"4305",16.83768,104.00143,348.07,0.54,0.42,"2026-02-15",637,"N20","nominal","2.0NRT",307.11,2.96,"D"
"4306",15.95929,98.01472,346.36,0.4,0.37,"2026-02-15",637,"N20","nominal","2.0NRT",303.41,5.01,"D"
"4307",15.95869,98.01098,335.47,0.4,0.37,"2026-02-15",637,"N20","nominal","2.0NRT",306,5.01,"D"
"4308",16.83921,104.00349,331.74,0.54,0.42,"2026-02-15",637,"N20","low","2.0NRT",304.8,5.68,"D"
"4309",17.08435,105.74035,343.83,0.46,0.47,"2026-02-15",637,"N20","nominal","2.0NRT",300.75,4.45,"D"
"4310",17.08383,105.736,336.96,0.46,0.47,"2026-02-15",637,"N20","nominal","2.0NRT",300.04,4.45,"D"
"4311",17.11743,105.72203,340.6,0.46,0.47,"2026-02-15",637,"N20","nominal","2.0NRT",297.88,6.27,"D"
"4312",17.08476,105.35499,331.24,0.44,0.46,"2026-02-15",637,"N20","low","2.0NRT",306.18,3.03,"D"
"4313",16.61146,101.75156,330.17,0.42,0.38,"2026-02-15",637,"N20","low","2.0NRT",303.21,3.17,"D"
"4314",16.61085,101.74732,334.05,0.42,0.38,"2026-02-15",637,"N20","nominal","2.0NRT",303.96,3.65,"D"
"4315",16.61026,101.74324,333.52,0.42,0.38,"2026-02-15",637,"N20","low","2.0NRT",304.04,3.65,"D"
"4316",16.61488,101.75084,336.89,0.42,0.38,"2026-02-15",637,"N20","nominal","2.0NRT",305.08,3.17,"D"
"4317",16.52425,101.12284,332.55,0.4,0.37,"2026-02-15",637,"N20","low","2.0NRT",304.83,1.71,"D"
"4318",17.05126,104.86172,333.69,0.41,0.45,"2026-02-15",637,"N20","nominal","2.0NRT",302.98,3.13,"D"
"4319",17.05076,104.85789,334.31,0.41,0.45,"2026-02-15",637,"N20","nominal","2.0NRT",305.87,3.13,"D"
"4320",16.74934,102.62559,330.45,0.46,0.39,"2026-02-15",637,"N20","low","2.0NRT",303.63,3.8,"D"
"4321",16.62637,101.73279,338.6,0.42,0.38,"2026-02-15",637,"N20","nominal","2.0NRT",302.81,4.28,"D"
"4322",16.6293,101.7286,338.39,0.42,0.38,"2026-02-15",637,"N20","nominal","2.0NRT",305.16,3.14,"D"
"4323",17.05012,104.85832,340.68,0.41,0.45,"2026-02-15",637,"N20","nominal","2.0NRT",306.63,5.98,"D"
"4324",16.79445,102.83668,343.63,0.47,0.4,"2026-02-15",637,"N20","nominal","2.0NRT",312.13,4.99,"D"
"4325",16.76531,102.62005,336.13,0.46,0.39,"2026-02-15",637,"N20","nominal","2.0NRT",304.13,2.05,"D"
"4326",16.64304,101.73121,334.7,0.42,0.38,"2026-02-15",637,"N20","nominal","2.0NRT",303.61,4.91,"D"
"4327",16.21859,98.84375,341.18,0.39,0.36,"2026-02-15",637,"N20","nominal","2.0NRT",298.9,6.58,"D"
"4328",16.2219,98.84321,345.88,0.39,0.36,"2026-02-15",637,"N20","nominal","2.0NRT",299.21,6.58,"D"
"4329",16.82018,102.91786,344.58,0.47,0.4,"2026-02-15",637,"N20","nominal","2.0NRT",305.53,3.54,"D"
"4330",16.81959,102.91351,339.48,0.47,0.4,"2026-02-15",637,"N20","nominal","2.0NRT",308.37,9.5,"D"
"4331",17.16611,105.38662,330.38,0.44,0.46,"2026-02-15",637,"N20","nominal","2.0NRT",303.9,1.7,"D"
"4332",17.15598,105.30481,346.31,0.43,0.46,"2026-02-15",637,"N20","nominal","2.0NRT",304.9,5.8,"D"
"4333",16.91001,103.33544,344.22,0.5,0.41,"2026-02-15",637,"N20","nominal","2.0NRT",305.78,10.14,"D"
"4334",16.94972,103.57523,341.93,0.51,0.41,"2026-02-15",637,"N20","nominal","2.0NRT",311.36,13.35,"D"
"4335",17.11741,104.82992,342.44,0.4,0.45,"2026-02-15",637,"N20","nominal","2.0NRT",309.48,7.18,"D"
"4336",16.25963,98.73665,338.72,0.39,0.36,"2026-02-15",637,"N20","nominal","2.0NRT",301.07,3.95,"D"
"4337",17.18441,105.19023,349.97,0.43,0.46,"2026-02-15",637,"N20","nominal","2.0NRT",304.2,9.82,"D"
"4338",16.36498,99.30809,339.14,0.38,0.36,"2026-02-15",637,"N20","nominal","2.0NRT",303.14,4.84,"D"
"4339",17.18323,105.08128,336.52,0.42,0.45,"2026-02-15",637,"N20","nominal","2.0NRT",307.64,2.59,"D"
"4340",16.72247,101.67106,333.48,0.42,0.38,"2026-02-15",637,"N20","low","2.0NRT",304.88,7.01,"D"
"4341",16.29184,98.79073,343.78,0.39,0.36,"2026-02-15",637,"N20","nominal","2.0NRT",300.81,4.48,"D"
"4342",16.72644,101.67431,335.1,0.42,0.38,"2026-02-15",637,"N20","nominal","2.0NRT",302.02,7.01,"D"
"4343",16.72588,101.67037,347.83,0.42,0.38,"2026-02-15",637,"N20","nominal","2.0NRT",305.06,7.01,"D"
"4344",16.67366,101.30868,335.89,0.41,0.37,"2026-02-15",637,"N20","low","2.0NRT",308.32,1.6,"D"
"4345",16.29177,98.76842,344.52,0.39,0.36,"2026-02-15",637,"N20","nominal","2.0NRT",303.65,4.02,"D"
"4346",16.72929,101.66968,337.53,0.42,0.38,"2026-02-15",637,"N20","nominal","2.0NRT",302.17,10.22,"D"
"4347",16.29509,98.76787,348.64,0.39,0.36,"2026-02-15",637,"N20","nominal","2.0NRT",304.16,7.55,"D"
"4348",16.97046,103.36008,338.74,0.5,0.41,"2026-02-15",637,"N20","low","2.0NRT",310.32,2.93,"D"
"4349",16.12547,97.66787,331.19,0.41,0.37,"2026-02-15",637,"N20","low","2.0NRT",304.58,1.69,"D"
"4350",16.97125,103.35674,339.95,0.5,0.41,"2026-02-15",637,"N20","low","2.0NRT",310.71,3.62,"D"
"4351",16.99661,103.52167,342.43,0.51,0.41,"2026-02-15",637,"N20","nominal","2.0NRT",307.95,6.24,"D"
"4352",16.15981,97.77148,354.61,0.41,0.37,"2026-02-15",637,"N20","nominal","2.0NRT",302.2,10.2,"D"
"4353",17.17127,104.83395,344.51,0.41,0.45,"2026-02-15",637,"N20","nominal","2.0NRT",311.73,8.08,"D"
"4354",16.1632,97.77089,335.94,0.41,0.37,"2026-02-15",637,"N20","nominal","2.0NRT",298.3,3.54,"D"
"4355",17.28925,105.76942,342.7,0.47,0.47,"2026-02-15",637,"N20","nominal","2.0NRT",303.56,11.99,"D"
"4356",16.72273,101.42927,330.53,0.41,0.37,"2026-02-15",637,"N20","nominal","2.0NRT",303.22,2.34,"D"
"4357",16.53722,100.10815,335.66,0.39,0.36,"2026-02-15",637,"N20","nominal","2.0NRT",300.17,1.73,"D"
"4358",17.27306,105.3481,335.85,0.44,0.46,"2026-02-15",637,"N20","nominal","2.0NRT",303.56,33.38,"D"
"4359",16.79772,101.76068,334.45,0.42,0.38,"2026-02-15",637,"N20","low","2.0NRT",306.37,2.45,"D"
"4360",16.36244,98.8081,337.6,0.39,0.36,"2026-02-15",637,"N20","nominal","2.0NRT",299.41,2.96,"D"
"4361",16.36188,98.8045,339.09,0.39,0.36,"2026-02-15",637,"N20","nominal","2.0NRT",304.18,3.93,"D"
"4362",17.1144,103.94521,337.76,0.54,0.42,"2026-02-15",637,"N20","nominal","2.0NRT",307.39,4.83,"D"
"4363",16.19533,97.66752,330.18,0.41,0.37,"2026-02-15",637,"N20","low","2.0NRT",304.43,1.41,"D"
"4364",15.83724,95.51551,340.94,0.51,0.41,"2026-02-15",637,"N20","nominal","2.0NRT",308.93,4.49,"D"
"4365",17.11827,103.94462,339.37,0.54,0.42,"2026-02-15",637,"N20","nominal","2.0NRT",307.58,4.83,"D"
"4366",15.84181,95.51956,337.99,0.51,0.41,"2026-02-15",637,"N20","nominal","2.0NRT",307.69,4.49,"D"
"4367",17.25035,104.89749,345.53,0.41,0.45,"2026-02-15",637,"N20","nominal","2.0NRT",311.83,4.4,"D"
"4368",17.25447,104.89694,351.51,0.41,0.45,"2026-02-15",637,"N20","nominal","2.0NRT",312.43,14.56,"D"
"4369",17.25397,104.89308,340.84,0.41,0.45,"2026-02-15",637,"N20","low","2.0NRT",315.14,14.56,"D"
"4370",17.2576,104.88868,336.12,0.41,0.45,"2026-02-15",637,"N20","low","2.0NRT",310.5,2.88,"D"
"4371",17.25874,104.86506,356.25,0.41,0.45,"2026-02-15",637,"N20","nominal","2.0NRT",312.29,13.53,"D"
"4372",16.89178,102.12428,351.83,0.44,0.38,"2026-02-15",637,"N20","nominal","2.0NRT",312.73,12.72,"D"
"4373",16.89586,102.12782,337.03,0.44,0.38,"2026-02-15",637,"N20","low","2.0NRT",309.69,2.68,"D"
"4374",16.89529,102.12374,341.91,0.44,0.38,"2026-02-15",637,"N20","low","2.0NRT",311.97,4.34,"D"
"4375",16.98148,102.65919,348.01,0.46,0.39,"2026-02-15",637,"N20","nominal","2.0NRT",307.46,6.2,"D"
"4376",17.26679,104.87119,338.5,0.41,0.45,"2026-02-15",637,"N20","low","2.0NRT",311.53,5.66,"D"
"4377",16.98315,102.65942,348.26,0.46,0.39,"2026-02-15",637,"N20","nominal","2.0NRT",307.68,10.79,"D"
"4378",16.80684,101.38047,330.56,0.41,0.37,"2026-02-15",637,"N20","low","2.0NRT",302.55,2.85,"D"
"4379",16.80631,101.37675,332.2,0.41,0.37,"2026-02-15",637,"N20","low","2.0NRT",307.06,3.88,"D"
"4380",16.54084,99.54525,335.48,0.38,0.36,"2026-02-15",637,"N20","nominal","2.0NRT",305.13,2.77,"D"
"4381",17.28213,104.9281,346.49,0.41,0.45,"2026-02-15",637,"N20","nominal","2.0NRT",310.9,4.5,"D"
"4382",17.28119,104.92035,344.85,0.41,0.45,"2026-02-15",637,"N20","nominal","2.0NRT",310.42,6.51,"D"
"4383",17.27644,104.88168,336.57,0.41,0.45,"2026-02-15",637,"N20","low","2.0NRT",311.25,2.86,"D"
"4384",17.3488,105.44259,348.49,0.45,0.47,"2026-02-15",637,"N20","nominal","2.0NRT",301.27,6.2,"D"
"4385",16.99223,102.64495,337.79,0.46,0.39,"2026-02-15",637,"N20","low","2.0NRT",309.65,4.62,"D"
"4386",17.35318,105.44285,344.54,0.45,0.47,"2026-02-15",637,"N20","nominal","2.0NRT",303.26,41.3,"D"
"4387",16.99582,102.64434,336.43,0.46,0.39,"2026-02-15",637,"N20","low","2.0NRT",308.63,5.37,"D"
"4388",16.28807,97.86918,334.3,0.41,0.37,"2026-02-15",637,"N20","low","2.0NRT",305.54,4.48,"D"
"4389",16.99883,102.63947,336.43,0.46,0.39,"2026-02-15",637,"N20","low","2.0NRT",307.95,5.78,"D"
"4390",17.00298,102.64296,338.34,0.46,0.39,"2026-02-15",637,"N20","nominal","2.0NRT",307.22,2.73,"D"
"4391",16.30894,97.86945,330.54,0.41,0.37,"2026-02-15",637,"N20","nominal","2.0NRT",299.65,1.14,"D"
"4392",17.25734,104.43201,339.87,0.39,0.44,"2026-02-15",637,"N20","nominal","2.0NRT",308.6,2.67,"D"
"4393",17.26042,104.42422,356.17,0.38,0.44,"2026-02-15",637,"N20","nominal","2.0NRT",312.85,9.76,"D"
"4394",16.30216,97.67615,339.48,0.41,0.37,"2026-02-15",637,"N20","nominal","2.0NRT",306.54,4.64,"D"
"4395",17.35588,104.84753,342.43,0.41,0.45,"2026-02-15",637,"N20","nominal","2.0NRT",307.55,1.78,"D"
"4396",16.65736,99.80117,335.5,0.38,0.36,"2026-02-15",637,"N20","nominal","2.0NRT",303.54,3.17,"D"
"4397",16.30224,97.50279,335.49,0.42,0.37,"2026-02-15",637,"N20","nominal","2.0NRT",303.36,2.69,"D"
"4398",16.30162,97.49893,334.06,0.42,0.37,"2026-02-15",637,"N20","low","2.0NRT",304.34,2.69,"D"
"4399",17.40815,105.12344,335.84,0.43,0.46,"2026-02-15",637,"N20","nominal","2.0NRT",305.88,3.13,"D"
"4400",17.40766,105.11954,333.54,0.43,0.46,"2026-02-15",637,"N20","low","2.0NRT",306.25,3.13,"D"
"4401",17.32932,104.51493,336.61,0.39,0.44,"2026-02-15",637,"N20","low","2.0NRT",309.63,2.71,"D"
"4402",17.33033,104.51421,334.72,0.39,0.44,"2026-02-15",637,"N20","low","2.0NRT",309.22,2.12,"D"
"4403",16.36506,97.75888,342.83,0.41,0.37,"2026-02-15",637,"N20","nominal","2.0NRT",302.46,3.7,"D"
"4404",17.40905,105.12325,337.31,0.43,0.46,"2026-02-15",637,"N20","nominal","2.0NRT",306.41,4.01,"D"
"4405",17.40859,105.11945,338.14,0.43,0.46,"2026-02-15",637,"N20","nominal","2.0NRT",307.89,4.01,"D"
"4406",16.41847,98.04642,336.11,0.4,0.37,"2026-02-15",637,"N20","nominal","2.0NRT",298.11,2.42,"D"
"4407",16.41166,97.98256,353.76,0.4,0.37,"2026-02-15",637,"N20","nominal","2.0NRT",302.66,23.62,"D"
"4408",16.00907,95.58451,338.42,0.51,0.41,"2026-02-15",637,"N20","nominal","2.0NRT",307.99,1.52,"D"
"4409",16.01281,95.58382,330.98,0.51,0.41,"2026-02-15",637,"N20","low","2.0NRT",305.98,1.14,"D"
"4410",16.01117,95.57446,345.73,0.51,0.41,"2026-02-15",637,"N20","nominal","2.0NRT",308.41,10.93,"D"
"4411",16.01409,95.56908,342.84,0.51,0.41,"2026-02-15",637,"N20","nominal","2.0NRT",308.73,4.11,"D"
"4412",15.9943,95.45574,335.68,0.52,0.41,"2026-02-15",637,"N20","nominal","2.0NRT",302.94,2.27,"D"
"4413",15.99347,95.45099,330.31,0.52,0.41,"2026-02-15",637,"N20","low","2.0NRT",302.87,2.27,"D"
"4414",15.99806,95.45505,341.81,0.52,0.41,"2026-02-15",637,"N20","nominal","2.0NRT",304.74,5.22,"D"
"4415",15.99723,95.45029,335.41,0.52,0.41,"2026-02-15",637,"N20","low","2.0NRT",306.16,5.22,"D"
"4416",17.50711,105.53962,336.42,0.45,0.47,"2026-02-15",637,"N20","nominal","2.0NRT",301.45,1.5,"D"
"4417",16.03051,95.50777,337.36,0.51,0.41,"2026-02-15",637,"N20","nominal","2.0NRT",309.25,3.34,"D"
"4418",17.51892,105.56448,339.13,0.46,0.47,"2026-02-15",637,"N20","nominal","2.0NRT",302.54,4.48,"D"
"4419",17.2334,103.33155,335.23,0.5,0.41,"2026-02-15",637,"N20","low","2.0NRT",308.76,3.44,"D"
"4420",16.66613,99.34464,330.64,0.38,0.36,"2026-02-15",637,"N20","nominal","2.0NRT",300.54,1.3,"D"
"4421",17.39056,104.31529,348.31,0.57,0.43,"2026-02-15",637,"N20","nominal","2.0NRT",316.38,19.74,"D"
"4422",16.70995,99.47672,331.98,0.38,0.36,"2026-02-15",637,"N20","low","2.0NRT",305.76,2.91,"D"
"4423",16.46303,97.89294,333.98,0.4,0.37,"2026-02-15",637,"N20","nominal","2.0NRT",297.06,2.58,"D"
"4424",17.52714,105.31519,332.87,0.44,0.46,"2026-02-15",637,"N20","nominal","2.0NRT",304.81,2.63,"D"
"4425",17.47673,104.88577,334.04,0.41,0.45,"2026-02-15",637,"N20","nominal","2.0NRT",308.95,3.58,"D"
"4426",17.39409,104.24956,347.34,0.57,0.43,"2026-02-15",637,"N20","nominal","2.0NRT",310.99,14.95,"D"
"4427",16.48524,97.98902,336.21,0.4,0.37,"2026-02-15",637,"N20","nominal","2.0NRT",300.54,2.49,"D"
"4428",16.06745,95.45203,331.64,0.51,0.41,"2026-02-15",637,"N20","low","2.0NRT",304.76,1.11,"D"
"4429",17.39875,104.25435,339.51,0.57,0.43,"2026-02-15",637,"N20","low","2.0NRT",312.58,14.95,"D"
"4430",17.40271,104.2538,337.17,0.57,0.43,"2026-02-15",637,"N20","low","2.0NRT",308.96,6.75,"D"
"4431",16.45585,97.73925,339.78,0.41,0.37,"2026-02-15",637,"N20","nominal","2.0NRT",304.92,6.19,"D"
"4432",17.39743,104.25248,337.16,0.57,0.43,"2026-02-15",637,"N20","low","2.0NRT",310.68,7.28,"D"
"4433",17.40139,104.25194,339.34,0.57,0.43,"2026-02-15",637,"N20","low","2.0NRT",311.07,7.28,"D"
"4434",16.47998,97.8169,333.88,0.41,0.37,"2026-02-15",637,"N20","nominal","2.0NRT",302.33,2.43,"D"
"4435",17.48886,104.8259,352.81,0.41,0.45,"2026-02-15",637,"N20","nominal","2.0NRT",310.15,13.66,"D"
"4436",16.43831,97.4757,336.33,0.42,0.37,"2026-02-15",637,"N20","nominal","2.0NRT",303.81,2.56,"D"
"4437",17.52122,105.05604,332.72,0.42,0.45,"2026-02-15",637,"N20","nominal","2.0NRT",302.02,1.76,"D"
"4438",16.44235,97.47896,337.24,0.42,0.37,"2026-02-15",637,"N20","nominal","2.0NRT",304.52,3.04,"D"
"4439",16.44172,97.4751,330.16,0.42,0.37,"2026-02-15",637,"N20","low","2.0NRT",305.11,3.04,"D"
"4440",16.55417,98.14903,333.29,0.4,0.37,"2026-02-15",637,"N20","nominal","2.0NRT",294.97,11.91,"D"
"4441",16.55358,98.14533,332.23,0.4,0.37,"2026-02-15",637,"N20","nominal","2.0NRT",300.9,11.91,"D"
"4442",16.48311,97.70761,348.03,0.41,0.37,"2026-02-15",637,"N20","nominal","2.0NRT",304.82,4.99,"D"
"4443",16.7513,99.36713,339.7,0.38,0.36,"2026-02-15",637,"N20","nominal","2.0NRT",297.01,4.36,"D"
"4444",16.51693,97.74457,338.67,0.41,0.37,"2026-02-15",637,"N20","nominal","2.0NRT",300.99,2.26,"D"
"4445",17.54506,104.90683,338.4,0.41,0.45,"2026-02-15",637,"N20","nominal","2.0NRT",303.33,3.47,"D"
"4446",16.76782,99.29841,334,0.38,0.36,"2026-02-15",637,"N20","nominal","2.0NRT",296.72,4.01,"D"
"4447",16.99568,100.77728,335.41,0.4,0.37,"2026-02-15",637,"N20","nominal","2.0NRT",304.26,2.77,"D"
"4448",16.7574,99.18632,335.88,0.38,0.36,"2026-02-15",637,"N20","nominal","2.0NRT",300.83,4.31,"D"
"4449",16.75685,99.18275,345.04,0.38,0.36,"2026-02-15",637,"N20","nominal","2.0NRT",301.95,4.31,"D"
"4450",16.57368,98.01231,333.42,0.4,0.37,"2026-02-15",637,"N20","nominal","2.0NRT",298.97,1.91,"D"
"4451",17.57874,105.04032,330.34,0.42,0.45,"2026-02-15",637,"N20","low","2.0NRT",304.82,2.37,"D"
"4452",16.77279,99.24257,333,0.38,0.36,"2026-02-15",637,"N20","nominal","2.0NRT",302.48,4.95,"D"
"4453",16.03085,94.6783,345.84,0.57,0.43,"2026-02-15",637,"N20","nominal","2.0NRT",309.7,8.35,"D"
"4454",17.59089,105.00215,347.27,0.42,0.45,"2026-02-15",637,"N20","nominal","2.0NRT",305.38,7.75,"D"
"4455",16.56717,97.79795,337.37,0.41,0.37,"2026-02-15",637,"N20","nominal","2.0NRT",306.78,3.68,"D"
"4456",16.56573,97.76717,340.97,0.41,0.37,"2026-02-15",637,"N20","nominal","2.0NRT",301.29,3.53,"D"
"4457",16.60548,97.94155,335.84,0.4,0.37,"2026-02-15",637,"N20","nominal","2.0NRT",300.6,4.39,"D"
"4458",16.62085,98.01546,337.42,0.4,0.37,"2026-02-15",637,"N20","nominal","2.0NRT",299.49,3.31,"D"
"4459",16.7989,99.12384,334,0.38,0.36,"2026-02-15",637,"N20","nominal","2.0NRT",303.37,1.71,"D"
"4460",16.8022,99.12329,331.28,0.38,0.36,"2026-02-15",637,"N20","low","2.0NRT",303.24,1.71,"D"
"4461",16.59802,97.83121,340.36,0.4,0.37,"2026-02-15",637,"N20","nominal","2.0NRT",304.05,3.6,"D"
"4462",16.99872,100.40736,330.71,0.39,0.36,"2026-02-15",637,"N20","low","2.0NRT",302.7,2.6,"D"
"4463",16.80495,99.11916,345.45,0.38,0.36,"2026-02-15",637,"N20","nominal","2.0NRT",303.16,4.97,"D"
"4464",17.60585,104.90391,342.47,0.42,0.45,"2026-02-15",637,"N20","nominal","2.0NRT",309.1,5.14,"D"
"4465",16.82148,99.20461,334.02,0.38,0.36,"2026-02-15",637,"N20","nominal","2.0NRT",300.84,2.77,"D"
"4466",16.80769,99.11504,348.44,0.38,0.36,"2026-02-15",637,"N20","nominal","2.0NRT",303,4.97,"D"
"4467",16.80714,99.11145,350.05,0.38,0.36,"2026-02-15",637,"N20","nominal","2.0NRT",303.73,9.04,"D"
"4468",17.00484,100.40269,334.69,0.39,0.36,"2026-02-15",637,"N20","nominal","2.0NRT",302.92,2.5,"D"
"4469",16.81044,99.1109,336.03,0.38,0.36,"2026-02-15",637,"N20","nominal","2.0NRT",302.27,6.05,"D"
"4470",17.78357,106.20903,333.79,0.51,0.49,"2026-02-15",637,"N20","nominal","2.0NRT",291.22,4.05,"D"
"4471",17.65735,105.1518,338.78,0.43,0.46,"2026-02-15",637,"N20","nominal","2.0NRT",301.94,1.51,"D"
"4472",16.66074,98.02772,341.37,0.4,0.37,"2026-02-15",637,"N20","nominal","2.0NRT",301.46,3,"D"
"4473",16.34709,96.12693,339.64,0.47,0.4,"2026-02-15",637,"N20","nominal","2.0NRT",306.97,3.02,"D"
"4474",16.34476,96.09129,342.68,0.47,0.4,"2026-02-15",637,"N20","nominal","2.0NRT",309.92,2.87,"D"
"4475",16.67376,98.04455,333.87,0.4,0.37,"2026-02-15",637,"N20","nominal","2.0NRT",300.18,7.47,"D"
"4476",16.65412,97.92165,335.29,0.4,0.37,"2026-02-15",637,"N20","nominal","2.0NRT",298.92,5.2,"D"
"4477",16.75861,98.49432,333.2,0.39,0.36,"2026-02-15",637,"N20","nominal","2.0NRT",295.87,2.26,"D"
"4478",17.26648,101.88695,339.48,0.43,0.38,"2026-02-15",637,"N20","low","2.0NRT",310.55,8.07,"D"
"4479",16.19886,95.08676,339.11,0.54,0.42,"2026-02-15",637,"N20","nominal","2.0NRT",304.95,4.61,"D"
"4480",16.64119,97.7113,346.23,0.41,0.37,"2026-02-15",637,"N20","nominal","2.0NRT",302.9,4.65,"D"
"4481",16.64457,97.71071,334.99,0.41,0.37,"2026-02-15",637,"N20","nominal","2.0NRT",301.97,2.41,"D"
"4482",16.75357,98.37531,336.82,0.39,0.36,"2026-02-15",637,"N20","nominal","2.0NRT",298.93,3.52,"D"
"4483",17.70905,105.08638,332.98,0.43,0.46,"2026-02-15",637,"N20","low","2.0NRT",307.78,4.3,"D"
"4484",16.41441,96.23981,343.51,0.47,0.39,"2026-02-15",637,"N20","nominal","2.0NRT",314.33,8.08,"D"
"4485",16.93521,99.30309,334.47,0.38,0.36,"2026-02-15",637,"N20","nominal","2.0NRT",303.86,4,"D"
"4486",16.93905,99.30614,335.47,0.38,0.36,"2026-02-15",637,"N20","nominal","2.0NRT",303.06,2.98,"D"
"4487",16.80389,98.41549,336.4,0.39,0.36,"2026-02-15",637,"N20","nominal","2.0NRT",299.57,4.89,"D"
"4488",16.24337,95.0351,336.49,0.54,0.42,"2026-02-15",637,"N20","nominal","2.0NRT",303.65,6.22,"D"
"4489",16.95224,99.30396,338.42,0.38,0.36,"2026-02-15",637,"N20","nominal","2.0NRT",301,3.62,"D"
"4490",16.24722,95.03437,341.19,0.54,0.42,"2026-02-15",637,"N20","nominal","2.0NRT",308.86,6.22,"D"
"4491",16.95718,99.31416,330.85,0.38,0.36,"2026-02-15",637,"N20","low","2.0NRT",301.75,3.06,"D"
"4492",16.95499,99.29983,337.04,0.38,0.36,"2026-02-15",637,"N20","nominal","2.0NRT",302.43,3.9,"D"
"4493",17.3468,101.9417,339.32,0.43,0.38,"2026-02-15",637,"N20","nominal","2.0NRT",305.58,4.42,"D"
"4494",16.96488,99.29819,335.42,0.38,0.36,"2026-02-15",637,"N20","nominal","2.0NRT",299.27,2.32,"D"
"4495",16.96433,99.29462,331.53,0.38,0.36,"2026-02-15",637,"N20","nominal","2.0NRT",299.59,2.32,"D"
"4496",16.44504,96.08362,348.42,0.47,0.4,"2026-02-15",637,"N20","nominal","2.0NRT",307.58,6.76,"D"
"4497",17.71388,104.6367,338.06,0.4,0.44,"2026-02-15",637,"N20","nominal","2.0NRT",310.07,2.96,"D"
"4498",16.97859,99.34367,334.62,0.38,0.36,"2026-02-15",637,"N20","nominal","2.0NRT",301.01,3.93,"D"
"4499",16.97804,99.3401,336.69,0.38,0.36,"2026-02-15",637,"N20","nominal","2.0NRT",300.02,4.31,"D"
"4500",17.60913,103.69426,338.64,0.53,0.42,"2026-02-15",637,"N20","nominal","2.0NRT",310.77,6.53,"D"
"4501",16.85628,98.46648,333.04,0.39,0.36,"2026-02-15",637,"N20","nominal","2.0NRT",297.15,2.21,"D"
"4502",17.94756,106.29886,339.18,0.51,0.5,"2026-02-15",637,"N20","nominal","2.0NRT",296.79,6.99,"D"
"4503",17.61578,103.56751,337.11,0.52,0.42,"2026-02-15",637,"N20","low","2.0NRT",308.92,7.02,"D"
"4504",16.4958,96.11935,335.84,0.47,0.4,"2026-02-15",637,"N20","low","2.0NRT",309.59,1.52,"D"
"4505",17.70572,104.1895,332.23,0.57,0.43,"2026-02-15",637,"N20","nominal","2.0NRT",303.88,4.63,"D"
"4506",17.32327,101.39941,338.06,0.42,0.37,"2026-02-15",637,"N20","nominal","2.0NRT",303.73,3.1,"D"
"4507",16.81452,97.96316,330.24,0.4,0.37,"2026-02-15",637,"N20","low","2.0NRT",303.37,2.31,"D"
"4508",17.4428,102.03555,341.77,0.44,0.38,"2026-02-15",637,"N20","nominal","2.0NRT",308.71,6.13,"D"
"4509",16.81349,97.7315,351.27,0.41,0.37,"2026-02-15",637,"N20","nominal","2.0NRT",303.87,7.47,"D"
"4510",16.62014,96.56116,345.83,0.45,0.39,"2026-02-15",637,"N20","nominal","2.0NRT",313.4,4.4,"D"
"4511",16.7611,97.32375,331.56,0.42,0.37,"2026-02-15",637,"N20","low","2.0NRT",301.78,3.83,"D"
"4512",16.67156,96.73833,345.59,0.44,0.38,"2026-02-15",637,"N20","nominal","2.0NRT",305.78,1.16,"D"
"4513",16.57713,96.1765,335.88,0.47,0.39,"2026-02-15",637,"N20","low","2.0NRT",309.87,1.7,"D"
"4514",17.86496,104.91898,334.58,0.42,0.45,"2026-02-15",637,"N20","nominal","2.0NRT",299.71,6.73,"D"
"4515",17.52829,102.34293,337.43,0.45,0.39,"2026-02-15",637,"N20","nominal","2.0NRT",305.09,4.47,"D"
"4516",17.59548,102.75446,341.89,0.47,0.4,"2026-02-15",637,"N20","nominal","2.0NRT",309.31,2.95,"D"
"4517",17.59913,102.75392,337.25,0.47,0.4,"2026-02-15",637,"N20","nominal","2.0NRT",307.01,2.95,"D"
"4518",16.8209,97.38888,338.72,0.42,0.37,"2026-02-15",637,"N20","nominal","2.0NRT",310.51,2.67,"D"
"4519",16.81019,97.27911,343.69,0.42,0.38,"2026-02-15",637,"N20","nominal","2.0NRT",309.14,9.67,"D"
"4520",16.50783,95.41245,334.13,0.51,0.41,"2026-02-15",637,"N20","nominal","2.0NRT",296.61,3.97,"D"
"4521",17.13113,99.185,330.12,0.38,0.36,"2026-02-15",637,"N20","low","2.0NRT",300.81,2.51,"D"
"4522",16.87269,97.55383,345.69,0.41,0.37,"2026-02-15",637,"N20","nominal","2.0NRT",301.02,4.79,"D"
"4523",16.5082,95.40984,331.35,0.51,0.41,"2026-02-15",637,"N20","nominal","2.0NRT",296.54,3.43,"D"
"4524",16.84081,97.33815,348.15,0.42,0.37,"2026-02-15",637,"N20","nominal","2.0NRT",311.76,7.66,"D"
"4525",17.04146,98.43401,344.96,0.39,0.36,"2026-02-15",637,"N20","nominal","2.0NRT",297.6,5.27,"D"
"4526",17.18497,99.16132,335.53,0.38,0.36,"2026-02-15",637,"N20","nominal","2.0NRT",305.46,1.24,"D"
"4527",17.26906,99.64759,338.66,0.38,0.36,"2026-02-15",637,"N20","nominal","2.0NRT",307.53,4.17,"D"
"4528",17.26852,99.64399,339.11,0.38,0.36,"2026-02-15",637,"N20","nominal","2.0NRT",305.44,2.98,"D"
"4529",17.1899,99.1274,345.96,0.38,0.36,"2026-02-15",637,"N20","nominal","2.0NRT",306.98,4.17,"D"
"4530",17.27729,99.6573,347.08,0.38,0.36,"2026-02-15",637,"N20","nominal","2.0NRT",305.74,13.11,"D"
"4531",17.27566,99.64651,330.53,0.38,0.36,"2026-02-15",637,"N20","low","2.0NRT",305.15,4.32,"D"
"4532",17.21847,99.22566,337.79,0.38,0.36,"2026-02-15",637,"N20","nominal","2.0NRT",304.74,3.86,"D"
"4533",17.22177,99.22511,331.99,0.38,0.36,"2026-02-15",637,"N20","low","2.0NRT",304.54,3.62,"D"
"4534",17.28999,99.62943,338.62,0.38,0.36,"2026-02-15",637,"N20","nominal","2.0NRT",303.52,4.06,"D"
"4535",17.28944,99.62584,336.41,0.38,0.36,"2026-02-15",637,"N20","nominal","2.0NRT",304.31,6.2,"D"
"4536",17.29329,99.62889,342.65,0.38,0.36,"2026-02-15",637,"N20","nominal","2.0NRT",303.83,4.06,"D"
"4537",17.24097,99.26237,341.32,0.38,0.36,"2026-02-15",637,"N20","nominal","2.0NRT",305.64,4.47,"D"
"4538",17.2534,99.29657,342.5,0.38,0.36,"2026-02-15",637,"N20","nominal","2.0NRT",300.34,5.14,"D"
"4539",17.25067,99.27863,340.67,0.38,0.36,"2026-02-15",637,"N20","nominal","2.0NRT",306.46,3.91,"D"
"4540",17.7239,102.48733,338.38,0.46,0.39,"2026-02-15",637,"N20","nominal","2.0NRT",305.93,2.23,"D"
"4541",17.84933,103.29359,339.56,0.51,0.41,"2026-02-15",637,"N20","nominal","2.0NRT",309.04,9.14,"D"
"4542",18.09008,105.07006,336.09,0.43,0.46,"2026-02-15",637,"N20","low","2.0NRT",309.98,4.17,"D"
"4543",16.51643,94.57431,336.17,0.57,0.43,"2026-02-15",637,"N20","nominal","2.0NRT",304.37,3.46,"D"
"4544",18.00029,104.28227,343.79,0.39,0.44,"2026-02-15",637,"N20","nominal","2.0NRT",312,29.59,"D"
"4545",17.20751,98.67003,344.55,0.39,0.36,"2026-02-15",637,"N20","nominal","2.0NRT",302.73,6.4,"D"
"4546",16.98847,97.29634,336.04,0.42,0.37,"2026-02-15",637,"N20","low","2.0NRT",307.17,1.33,"D"
"4547",16.99188,97.29574,341.91,0.42,0.37,"2026-02-15",637,"N20","nominal","2.0NRT",308.33,3.27,"D"
"4548",17.83399,102.94807,343.63,0.49,0.4,"2026-02-15",637,"N20","nominal","2.0NRT",308.5,6.28,"D"
"4549",18.05869,104.64666,343.02,0.41,0.45,"2026-02-15",637,"N20","nominal","2.0NRT",310.77,4.13,"D"
"4550",17.8383,102.95211,342.11,0.49,0.4,"2026-02-15",637,"N20","nominal","2.0NRT",307.17,3.57,"D"
"4551",17.02003,97.42574,335.62,0.41,0.37,"2026-02-15",637,"N20","nominal","2.0NRT",304.08,2.2,"D"
"4552",17.842,102.9516,337.12,0.49,0.4,"2026-02-15",637,"N20","nominal","2.0NRT",304.94,3.57,"D"
"4553",16.82422,96.21815,340.42,0.46,0.39,"2026-02-15",637,"N20","nominal","2.0NRT",309.34,1.66,"D"
"4554",18.08574,104.66257,331.5,0.41,0.45,"2026-02-15",637,"N20","low","2.0NRT",305.37,3.2,"D"
"4555",18.14333,105.05055,336.22,0.43,0.46,"2026-02-15",637,"N20","nominal","2.0NRT",306.17,4.66,"D"
"4556",18.14282,105.04649,340.69,0.43,0.46,"2026-02-15",637,"N20","nominal","2.0NRT",307.18,4.66,"D"
"4557",18.0966,104.64955,336,0.41,0.45,"2026-02-15",637,"N20","low","2.0NRT",308.48,7.42,"D"
"4558",16.804,95.8988,335.96,0.48,0.4,"2026-02-15",637,"N20","nominal","2.0NRT",301.88,5.38,"D"
"4559",17.50591,100.32513,332.25,0.39,0.36,"2026-02-15",637,"N20","low","2.0NRT",303.75,3.33,"D"
"4560",17.16136,98.07187,336.25,0.4,0.37,"2026-02-15",637,"N20","nominal","2.0NRT",302,3.54,"D"
"4561",18.09996,104.64928,332.39,0.41,0.45,"2026-02-15",637,"N20","nominal","2.0NRT",304.73,3.12,"D"
"4562",18.11843,104.76719,338.67,0.41,0.45,"2026-02-15",637,"N20","nominal","2.0NRT",308.22,2.62,"D"
"4563",18.10447,104.38353,333.41,0.39,0.44,"2026-02-15",637,"N20","nominal","2.0NRT",304.99,2.93,"D"
"4564",18.10894,104.38651,333.63,0.39,0.44,"2026-02-15",637,"N20","nominal","2.0NRT",304.02,2.91,"D"
"4565",18.11788,104.39233,340.14,0.39,0.44,"2026-02-15",637,"N20","nominal","2.0NRT",303.53,6.8,"D"
"4566",18.18759,104.91842,331.11,0.42,0.45,"2026-02-15",637,"N20","low","2.0NRT",305.93,1.19,"D"
"4567",18.1045,104.25392,341.58,0.39,0.44,"2026-02-15",637,"N20","nominal","2.0NRT",308.75,3.78,"D"
"4568",18.10312,104.24303,340.3,0.38,0.44,"2026-02-15",637,"N20","nominal","2.0NRT",310.33,3.97,"D"
"4569",17.42804,99.39632,330.13,0.38,0.36,"2026-02-15",637,"N20","low","2.0NRT",302.65,2.42,"D"
"4570",17.42532,99.37838,331.47,0.38,0.36,"2026-02-15",637,"N20","low","2.0NRT",305.39,2.22,"D"
"4571",18.17989,104.8221,339.68,0.42,0.45,"2026-02-15",637,"N20","nominal","2.0NRT",300.56,12.86,"D"
"4572",18.10435,104.22073,337.27,0.38,0.43,"2026-02-15",637,"N20","low","2.0NRT",308.02,3.58,"D"
"4573",17.42861,99.37783,338.6,0.38,0.36,"2026-02-15",637,"N20","nominal","2.0NRT",306.3,6.54,"D"
"4574",18.23127,105.16892,333.83,0.44,0.46,"2026-02-15",637,"N20","nominal","2.0NRT",304.82,4.12,"D"
"4575",18.30868,105.69518,332.32,0.48,0.48,"2026-02-15",637,"N20","nominal","2.0NRT",298.03,3.4,"D"
"4576",17.19603,97.77755,335.16,0.4,0.37,"2026-02-15",637,"N20","nominal","2.0NRT",305.83,2.71,"D"
"4577",18.20977,104.75793,332.26,0.41,0.45,"2026-02-15",637,"N20","nominal","2.0NRT",303.82,1.67,"D"
"4578",18.19807,104.53572,342.65,0.4,0.44,"2026-02-15",637,"N20","nominal","2.0NRT",309.44,6.53,"D"
"4579",18.19758,104.53191,343.7,0.4,0.44,"2026-02-15",637,"N20","nominal","2.0NRT",312.25,6.53,"D"
"4580",18.19772,104.53542,342.01,0.4,0.44,"2026-02-15",637,"N20","nominal","2.0NRT",309.03,7.81,"D"
"4581",18.19725,104.53162,343.31,0.4,0.44,"2026-02-15",637,"N20","nominal","2.0NRT",311.99,7.81,"D"
"4582",16.98302,96.17395,332.86,0.46,0.39,"2026-02-15",637,"N20","nominal","2.0NRT",299.18,1.96,"D"
"4583",16.98229,96.16969,331.2,0.46,0.39,"2026-02-15",637,"N20","nominal","2.0NRT",301.73,3.15,"D"
"4584",18.29009,104.91307,332.21,0.42,0.46,"2026-02-15",637,"N20","nominal","2.0NRT",303.77,1.32,"D"
"4585",17.69123,100.45757,331.5,0.39,0.37,"2026-02-15",637,"N20","low","2.0NRT",303.8,3.8,"D"
"4586",18.01959,102.72107,335.34,0.48,0.4,"2026-02-15",637,"N20","low","2.0NRT",309.16,4.46,"D"
"4587",18.22082,104.22635,342.47,0.38,0.44,"2026-02-15",637,"N20","nominal","2.0NRT",309.69,11.51,"D"
"4588",18.22036,104.22274,348.29,0.38,0.44,"2026-02-15",637,"N20","nominal","2.0NRT",314.86,11.85,"D"
"4589",18.2199,104.2191,342.78,0.38,0.44,"2026-02-15",637,"N20","nominal","2.0NRT",312.09,11.85,"D"
"4590",17.98609,102.44671,333.85,0.46,0.39,"2026-02-15",637,"N20","low","2.0NRT",306.55,8.62,"D"
"4591",18.22436,104.22218,349.31,0.38,0.44,"2026-02-15",637,"N20","nominal","2.0NRT",313.25,11.85,"D"
"4592",17.82718,101.25631,334.82,0.41,0.37,"2026-02-15",637,"N20","nominal","2.0NRT",304.17,4.1,"D"
"4593",17.98197,102.3363,334.69,0.46,0.39,"2026-02-15",637,"N20","nominal","2.0NRT",303.52,5.77,"D"
"4594",17.73011,100.48939,335.05,0.4,0.37,"2026-02-15",637,"N20","nominal","2.0NRT",303.27,4.42,"D"
"4595",17.5417,99.22985,330.27,0.38,0.36,"2026-02-15",637,"N20","low","2.0NRT",302.9,2.09,"D"
"4596",16.90377,95.2934,332.69,0.51,0.41,"2026-02-15",637,"N20","nominal","2.0NRT",301.83,5.28,"D"
"4597",17.73727,100.51486,334.42,0.4,0.37,"2026-02-15",637,"N20","nominal","2.0NRT",304.13,2.03,"D"
"4598",17.73399,100.49255,350.23,0.4,0.37,"2026-02-15",637,"N20","nominal","2.0NRT",305.63,4.42,"D"
"4599",16.90752,95.2927,336.87,0.51,0.41,"2026-02-15",637,"N20","nominal","2.0NRT",307.23,5.28,"D"
"4600",17.74279,100.52917,341.56,0.4,0.37,"2026-02-15",637,"N20","nominal","2.0NRT",300.35,3.48,"D"
"4601",17.73734,100.49201,339.25,0.4,0.37,"2026-02-15",637,"N20","nominal","2.0NRT",304.16,5.25,"D"
"4602",17.74884,100.54707,334.49,0.4,0.37,"2026-02-15",637,"N20","nominal","2.0NRT",303.33,3.73,"D"
"4603",17.74829,100.54337,331.36,0.4,0.37,"2026-02-15",637,"N20","low","2.0NRT",304.24,3.06,"D"
"4604",17.74613,100.5286,335.76,0.4,0.37,"2026-02-15",637,"N20","nominal","2.0NRT",302.5,3.48,"D"
"4605",17.75109,100.53909,331.87,0.4,0.37,"2026-02-15",637,"N20","nominal","2.0NRT",301.55,1.64,"D"
"4606",17.75002,100.53173,333.33,0.4,0.37,"2026-02-15",637,"N20","nominal","2.0NRT",302.77,4.9,"D"
"4607",17.7473,100.51319,336.12,0.4,0.37,"2026-02-15",637,"N20","nominal","2.0NRT",303.71,3.17,"D"
"4608",17.75064,100.51263,334.13,0.4,0.37,"2026-02-15",637,"N20","nominal","2.0NRT",300.77,3.17,"D"
"4609",17.07104,96.14904,347.61,0.46,0.39,"2026-02-15",637,"N20","nominal","2.0NRT",306.63,5.96,"D"
"4610",17.06958,96.15,345.41,0.46,0.39,"2026-02-15",637,"N20","nominal","2.0NRT",305.19,5.48,"D"
"4611",18.10695,102.93195,337.85,0.49,0.4,"2026-02-15",637,"N20","low","2.0NRT",309.94,3.2,"D"
"4612",17.88628,101.17927,335.54,0.41,0.37,"2026-02-15",637,"N20","nominal","2.0NRT",304.73,2.87,"D"
"4613",17.83354,100.80923,341.13,0.4,0.37,"2026-02-15",637,"N20","nominal","2.0NRT",304.88,5.76,"D"
"4614",17.83745,100.81243,337.93,0.4,0.37,"2026-02-15",637,"N20","nominal","2.0NRT",305.2,2.58,"D"
"4615",17.84082,100.81188,333.13,0.4,0.37,"2026-02-15",637,"N20","low","2.0NRT",305.42,2.58,"D"
"4616",18.14699,103.00647,336.5,0.49,0.41,"2026-02-15",637,"N20","low","2.0NRT",308.51,20.19,"D"
"4617",17.84863,100.81824,347.65,0.4,0.37,"2026-02-15",637,"N20","nominal","2.0NRT",304.66,5.81,"D"
"4618",17.84757,100.81084,344.98,0.4,0.37,"2026-02-15",637,"N20","nominal","2.0NRT",308.28,5.39,"D"
"4619",17.85256,100.82155,331.27,0.4,0.37,"2026-02-15",637,"N20","nominal","2.0NRT",300.57,2.3,"D"
"4620",17.85202,100.81777,333.89,0.4,0.37,"2026-02-15",637,"N20","low","2.0NRT",305.21,3.69,"D"
"4621",17.17992,96.47696,337.53,0.45,0.39,"2026-02-15",637,"N20","nominal","2.0NRT",311.74,4.4,"D"
"4622",18.13182,102.77929,340.88,0.48,0.4,"2026-02-15",637,"N20","nominal","2.0NRT",306.96,3.91,"D"
"4623",18.1508,102.83685,335.2,0.48,0.4,"2026-02-15",637,"N20","low","2.0NRT",307.43,3.68,"D"
"4624",18.37961,104.53129,351.42,0.4,0.44,"2026-02-15",637,"N20","nominal","2.0NRT",308.01,12.48,"D"
"4625",18.41196,104.72153,339.63,0.41,0.45,"2026-02-15",637,"N20","nominal","2.0NRT",301.82,3.21,"D"
"4626",17.15041,96.08218,367,0.46,0.39,"2026-02-15",637,"N20","high","2.0NRT",307.18,10.9,"D"
"4627",17.14969,96.07787,336.52,0.46,0.39,"2026-02-15",637,"N20","nominal","2.0NRT",305.04,3.75,"D"
"4628",18.45513,104.96352,343.03,0.43,0.46,"2026-02-15",637,"N20","nominal","2.0NRT",305.59,11.65,"D"
"4629",17.18603,96.27341,335.43,0.45,0.39,"2026-02-15",637,"N20","nominal","2.0NRT",301.86,5.04,"D"
"4630",17.18533,96.26919,345.68,0.45,0.39,"2026-02-15",637,"N20","nominal","2.0NRT",305.33,5.04,"D"
"4631",17.18959,96.27277,333.37,0.45,0.39,"2026-02-15",637,"N20","nominal","2.0NRT",302.92,5.04,"D"
"4632",17.18888,96.26854,345.5,0.45,0.39,"2026-02-15",637,"N20","nominal","2.0NRT",305.09,5.04,"D"
"4633",17.17476,96.16167,339.67,0.46,0.39,"2026-02-15",637,"N20","nominal","2.0NRT",306.72,7.26,"D"
"4634",18.2361,103.0955,338.33,0.5,0.41,"2026-02-15",637,"N20","nominal","2.0NRT",306.71,6.04,"D"
"4635",17.21147,96.25661,346.48,0.45,0.39,"2026-02-15",637,"N20","nominal","2.0NRT",310.51,8.71,"D"
"4636",17.21647,96.26441,333.36,0.45,0.39,"2026-02-15",637,"N20","nominal","2.0NRT",303.72,2.16,"D"
"4637",17.17604,95.98475,332.39,0.47,0.4,"2026-02-15",637,"N20","low","2.0NRT",305.02,2.48,"D"
"4638",18.16482,102.33258,339.2,0.46,0.39,"2026-02-15",637,"N20","nominal","2.0NRT",307.28,9.17,"D"
"4639",17.32568,96.74153,341.95,0.43,0.38,"2026-02-15",637,"N20","low","2.0NRT",314.31,5.71,"D"
"4640",17.72002,99.17327,335.49,0.38,0.36,"2026-02-15",637,"N20","nominal","2.0NRT",306.08,3.58,"D"
"4641",18.2325,102.66936,339.72,0.48,0.4,"2026-02-15",637,"N20","nominal","2.0NRT",306.67,6.51,"D"
"4642",18.48225,104.52533,340.54,0.4,0.45,"2026-02-15",637,"N20","low","2.0NRT",310.64,5.3,"D"
"4643",18.38473,103.76221,345.48,0.55,0.42,"2026-02-15",637,"N20","nominal","2.0NRT",305.48,10.37,"D"
"4644",18.21335,102.36567,340.11,0.46,0.39,"2026-02-15",637,"N20","nominal","2.0NRT",307.8,6.32,"D"
"4645",18.21695,102.36515,344.97,0.46,0.39,"2026-02-15",637,"N20","nominal","2.0NRT",310.5,6.32,"D"
"4646",17.353,96.44746,333.38,0.44,0.39,"2026-02-15",637,"N20","low","2.0NRT",305.43,6.16,"D"
"4647",18.59679,104.99423,341.34,0.43,0.46,"2026-02-15",637,"N20","nominal","2.0NRT",301.94,9.63,"D"
"4648",18.53254,104.46446,338.59,0.4,0.44,"2026-02-15",637,"N20","nominal","2.0NRT",310.36,3.73,"D"
"4649",18.31305,102.71442,341.89,0.48,0.4,"2026-02-15",637,"N20","nominal","2.0NRT",310.92,35.68,"D"
"4650",18.61355,105.02651,341.05,0.44,0.46,"2026-02-15",637,"N20","nominal","2.0NRT",298.01,4.34,"D"
"4651",18.59311,104.85754,354.28,0.43,0.46,"2026-02-15",637,"N20","nominal","2.0NRT",304.82,10.74,"D"
"4652",17.95877,100.13104,333.85,0.39,0.36,"2026-02-15",637,"N20","nominal","2.0NRT",302.21,3.06,"D"
"4653",17.25491,95.72183,335.15,0.48,0.4,"2026-02-15",637,"N20","nominal","2.0NRT",303.54,4.86,"D"
"4654",17.28889,95.89802,335.55,0.47,0.4,"2026-02-15",637,"N20","nominal","2.0NRT",305.66,1.97,"D"
"4655",17.30059,95.92292,344.64,0.47,0.4,"2026-02-15",637,"N20","nominal","2.0NRT",308.65,5.57,"D"
"4656",18.34792,102.69554,338.16,0.48,0.4,"2026-02-15",637,"N20","nominal","2.0NRT",308.93,4.17,"D"
"4657",18.4029,103.07832,347.05,0.5,0.41,"2026-02-15",637,"N20","nominal","2.0NRT",303.07,11.41,"D"
"4658",17.60543,97.63719,334.23,0.4,0.37,"2026-02-15",637,"N20","low","2.0NRT",305.97,4.01,"D"
"4659",18.40537,103.06821,330.31,0.5,0.41,"2026-02-15",637,"N20","low","2.0NRT",302.99,3.71,"D"
"4660",18.64856,104.89281,339.92,0.43,0.46,"2026-02-15",637,"N20","nominal","2.0NRT",301.27,3.09,"D"
"4661",18.59964,104.50312,337.18,0.4,0.45,"2026-02-15",637,"N20","nominal","2.0NRT",308.83,3.95,"D"
"4662",18.65237,104.8891,330.34,0.43,0.46,"2026-02-15",637,"N20","low","2.0NRT",303.91,5.97,"D"
"4663",18.58914,104.38761,342.83,0.4,0.44,"2026-02-15",637,"N20","nominal","2.0NRT",303.83,5.18,"D"
"4664",18.45043,103.29139,341.41,0.51,0.41,"2026-02-15",637,"N20","nominal","2.0NRT",306.86,6,"D"
"4665",18.42148,103.04611,333.51,0.5,0.41,"2026-02-15",637,"N20","nominal","2.0NRT",303.33,5.71,"D"
"4666",17.46623,96.65044,336.28,0.44,0.38,"2026-02-15",637,"N20","low","2.0NRT",307.28,4.04,"D"
"4667",18.4252,103.0455,334.59,0.5,0.41,"2026-02-15",637,"N20","nominal","2.0NRT",304.55,5.71,"D"
"4668",18.02301,100.15105,332.17,0.39,0.36,"2026-02-15",637,"N20","nominal","2.0NRT",303.98,3.7,"D"
"4669",18.00465,99.91406,331.56,0.39,0.36,"2026-02-15",637,"N20","nominal","2.0NRT",301.16,2.45,"D"
"4670",17.35971,95.84996,331.49,0.47,0.4,"2026-02-15",637,"N20","nominal","2.0NRT",304.01,1.87,"D"
"4671",18.68501,104.87045,331.64,0.43,0.46,"2026-02-15",637,"N20","nominal","2.0NRT",299.06,8.6,"D"
"4672",18.68456,104.86675,336.7,0.43,0.46,"2026-02-15",637,"N20","nominal","2.0NRT",300.77,8.6,"D"
"4673",18.5341,103.61584,346.51,0.54,0.42,"2026-02-15",637,"N20","nominal","2.0NRT",308.38,15.59,"D"
"4674",17.55792,96.93549,341.14,0.42,0.38,"2026-02-15",637,"N20","nominal","2.0NRT",311.93,7.21,"D"
"4675",17.40555,96.0302,339.26,0.46,0.39,"2026-02-15",637,"N20","nominal","2.0NRT",305.7,4.59,"D"
"4676",18.53796,103.61525,342.96,0.54,0.42,"2026-02-15",637,"N20","nominal","2.0NRT",303.78,15.59,"D"
"4677",17.40765,96.02083,345.8,0.46,0.39,"2026-02-15",637,"N20","nominal","2.0NRT",309.68,13.84,"D"
"4678",17.41198,96.02452,336.47,0.46,0.39,"2026-02-15",637,"N20","nominal","2.0NRT",306.46,4.66,"D"
"4679",18.71706,104.92389,330.88,0.43,0.46,"2026-02-15",637,"N20","nominal","2.0NRT",296.66,3.38,"D"
"4680",18.02489,99.7991,338.76,0.39,0.36,"2026-02-15",637,"N20","nominal","2.0NRT",303.19,3.01,"D"
"4681",18.02435,99.79547,336.4,0.39,0.36,"2026-02-15",637,"N20","nominal","2.0NRT",305.81,3.01,"D"
"4682",17.96849,99.42296,340.42,0.38,0.36,"2026-02-15",637,"N20","nominal","2.0NRT",304.71,3.32,"D"
"4683",18.65558,104.32328,340.79,0.4,0.44,"2026-02-15",637,"N20","nominal","2.0NRT",306.22,4.17,"D"
"4684",17.98277,99.428,337.11,0.38,0.36,"2026-02-15",637,"N20","low","2.0NRT",307.81,3.95,"D"
"4685",18.58648,103.62458,336.89,0.54,0.42,"2026-02-15",637,"N20","nominal","2.0NRT",303.17,5.18,"D"
"4686",18.82214,105.46723,332.58,0.47,0.47,"2026-02-15",637,"N20","nominal","2.0NRT",299.4,2.3,"D"
"4687",18.57213,103.48518,333.38,0.53,0.42,"2026-02-15",637,"N20","nominal","2.0NRT",306.22,6.72,"D"
"4688",18.28394,101.37106,336.12,0.42,0.38,"2026-02-15",637,"N20","nominal","2.0NRT",309.36,8.71,"D"
"4689",17.99544,99.40005,334.78,0.38,0.36,"2026-02-15",637,"N20","low","2.0NRT",305.69,2.18,"D"
"4690",17.57069,96.71114,342.81,0.43,0.38,"2026-02-15",637,"N20","nominal","2.0NRT",314.81,4.14,"D"
"4691",18.28405,101.347,334.93,0.42,0.38,"2026-02-15",637,"N20","nominal","2.0NRT",305.08,2.43,"D"
"4692",17.99493,99.37429,334.77,0.38,0.36,"2026-02-15",637,"N20","low","2.0NRT",306.92,6.11,"D"
"4693",17.99438,99.37069,346.5,0.38,0.36,"2026-02-15",637,"N20","nominal","2.0NRT",313.09,6.11,"D"
"4694",17.90523,98.78726,340.05,0.39,0.36,"2026-02-15",637,"N20","nominal","2.0NRT",308.4,3.5,"D"
"4695",18.00585,99.42417,336.6,0.38,0.36,"2026-02-15",637,"N20","nominal","2.0NRT",307.44,2.87,"D"
"4696",18.01078,99.43443,340.66,0.38,0.36,"2026-02-15",637,"N20","nominal","2.0NRT",305.8,3.02,"D"
"4697",18.6547,103.9965,335.86,0.57,0.43,"2026-02-15",637,"N20","nominal","2.0NRT",302.82,8.32,"D"
"4698",18.64107,103.89139,344.24,0.56,0.43,"2026-02-15",637,"N20","nominal","2.0NRT",309.47,5.57,"D"
"4699",18.01519,99.41891,333.26,0.38,0.36,"2026-02-15",637,"N20","nominal","2.0NRT",305.75,1.91,"D"
"4700",18.00921,99.37931,336.91,0.38,0.36,"2026-02-15",637,"N20","low","2.0NRT",309,3.76,"D"
"4701",18.0125,99.37876,344.01,0.38,0.36,"2026-02-15",637,"N20","nominal","2.0NRT",307.91,3.54,"D"
"4702",18.01196,99.37516,333.27,0.38,0.36,"2026-02-15",637,"N20","low","2.0NRT",308.02,3.54,"D"
"4703",18.01525,99.37462,339.05,0.38,0.36,"2026-02-15",637,"N20","low","2.0NRT",309.42,3.54,"D"
"4704",18.01471,99.37102,336.22,0.38,0.36,"2026-02-15",637,"N20","low","2.0NRT",310.33,2.39,"D"
"4705",17.53923,96.34585,340.21,0.45,0.39,"2026-02-15",637,"N20","nominal","2.0NRT",305.86,5.54,"D"
"4706",18.65795,103.99955,334.2,0.57,0.43,"2026-02-15",637,"N20","nominal","2.0NRT",304.17,12.85,"D"
"4707",17.53942,96.34699,337.49,0.45,0.39,"2026-02-15",637,"N20","nominal","2.0NRT",306.2,4.97,"D"
"4708",17.51566,96.1437,331.85,0.46,0.39,"2026-02-15",637,"N20","low","2.0NRT",304.49,4.61,"D"
"4709",18.46528,102.34591,334.44,0.46,0.39,"2026-02-15",637,"N20","nominal","2.0NRT",304.07,2.55,"D"
"4710",18.21064,100.51122,333.46,0.4,0.37,"2026-02-15",637,"N20","nominal","2.0NRT",302.17,6.44,"D"
"4711",18.21453,100.5144,345.89,0.4,0.37,"2026-02-15",637,"N20","nominal","2.0NRT",305.68,6.05,"D"
"4712",18.04276,99.35152,331.48,0.38,0.36,"2026-02-15",637,"N20","low","2.0NRT",306.11,1.72,"D"
"4713",17.96292,98.78497,333.22,0.39,0.36,"2026-02-15",637,"N20","low","2.0NRT",305.29,3.89,"D"
"4714",18.34204,101.3389,332.78,0.42,0.38,"2026-02-15",637,"N20","low","2.0NRT",303.73,1.93,"D"
"4715",18.22621,100.52393,331.88,0.4,0.37,"2026-02-15",637,"N20","nominal","2.0NRT",301.21,2.89,"D"
"4716",18.22456,100.51253,335.97,0.4,0.37,"2026-02-15",637,"N20","nominal","2.0NRT",302.44,7.05,"D"
"4717",18.71558,103.97641,334.7,0.57,0.43,"2026-02-15",637,"N20","low","2.0NRT",304.97,13.04,"D"
"4718",18.51448,102.3832,332.3,0.46,0.39,"2026-02-15",637,"N20","nominal","2.0NRT",303.93,3.55,"D"
"4719",18.44263,101.85801,333.86,0.44,0.38,"2026-02-15",637,"N20","low","2.0NRT",304.08,4.37,"D"
"4720",17.50673,95.78806,335.86,0.47,0.4,"2026-02-15",637,"N20","nominal","2.0NRT",303.3,5.87,"D"
"4721",18.5181,102.38268,334.03,0.46,0.39,"2026-02-15",637,"N20","nominal","2.0NRT",303.88,2.8,"D"
"4722",18.41212,101.56169,330.59,0.43,0.38,"2026-02-15",637,"N20","low","2.0NRT",305.09,1.8,"D"
"4723",18.0024,98.73387,339.62,0.39,0.36,"2026-02-15",637,"N20","nominal","2.0NRT",306.16,3.07,"D"
"4724",18.00184,98.73024,346.05,0.39,0.36,"2026-02-15",637,"N20","nominal","2.0NRT",307.8,6.51,"D"
"4725",18.00514,98.72968,340.14,0.39,0.36,"2026-02-15",637,"N20","nominal","2.0NRT",306.3,6.51,"D"
"4726",18.00458,98.72606,345.44,0.39,0.36,"2026-02-15",637,"N20","nominal","2.0NRT",308.74,6.51,"D"
"4727",17.40811,95.08099,335.06,0.52,0.41,"2026-02-15",637,"N20","nominal","2.0NRT",307.02,1.96,"D"
"4728",18.08792,99.22585,333.76,0.38,0.36,"2026-02-15",637,"N20","nominal","2.0NRT",305.32,2.23,"D"
"4729",18.71288,103.61489,336.07,0.54,0.42,"2026-02-15",637,"N20","nominal","2.0NRT",307.15,3.69,"D"
"4730",18.09121,99.2253,337.98,0.38,0.36,"2026-02-15",637,"N20","nominal","2.0NRT",304.88,2.78,"D"
"4731",18.4154,101.40913,339.08,0.42,0.38,"2026-02-15",637,"N20","nominal","2.0NRT",305.25,3.61,"D"
"4732",18.35067,100.90785,331.02,0.41,0.37,"2026-02-15",637,"N20","low","2.0NRT",304.5,2.92,"D"
"4733",18.08325,98.97075,330.83,0.38,0.36,"2026-02-15",637,"N20","low","2.0NRT",301.67,2.61,"D"
"4734",18.45357,101.46445,336.33,0.43,0.38,"2026-02-15",637,"N20","nominal","2.0NRT",309.18,5.8,"D"
"4735",18.79799,104.06636,342.46,0.38,0.43,"2026-02-15",637,"N20","nominal","2.0NRT",306.98,11.49,"D"
"4736",18.36631,100.81763,331.77,0.41,0.37,"2026-02-15",637,"N20","nominal","2.0NRT",299.73,4.78,"D"
"4737",18.36578,100.81396,343.03,0.41,0.37,"2026-02-15",637,"N20","nominal","2.0NRT",304.92,9.54,"D"
"4738",18.3681,100.80593,334.35,0.41,0.37,"2026-02-15",637,"N20","nominal","2.0NRT",304.22,3.44,"D"
"4739",18.23414,99.88313,331.15,0.39,0.36,"2026-02-15",637,"N20","low","2.0NRT",303.58,1.98,"D"
"4740",18.14417,99.28193,345.94,0.38,0.36,"2026-02-15",637,"N20","nominal","2.0NRT",301,3.72,"D"
"4741",18.38189,100.87855,338.77,0.41,0.37,"2026-02-15",637,"N20","nominal","2.0NRT",306.72,5.5,"D"
"4742",18.21424,99.7261,337.33,0.39,0.36,"2026-02-15",637,"N20","low","2.0NRT",307.81,4.96,"D"
"4743",17.61537,95.9174,337.28,0.47,0.39,"2026-02-15",637,"N20","low","2.0NRT",308.83,16.51,"D"
"4744",18.19496,99.50661,338.56,0.39,0.36,"2026-02-15",637,"N20","nominal","2.0NRT",308.23,2.94,"D"
"4745",17.62551,95.93345,335.27,0.46,0.39,"2026-02-15",637,"N20","nominal","2.0NRT",306.63,4.82,"D"
"4746",18.59656,102.27308,337.28,0.46,0.39,"2026-02-15",637,"N20","nominal","2.0NRT",307.17,19.9,"D"
"4747",17.5817,95.65564,344.89,0.48,0.4,"2026-02-15",637,"N20","nominal","2.0NRT",313.06,6.09,"D"
"4748",18.60016,102.27258,342.67,0.46,0.39,"2026-02-15",637,"N20","nominal","2.0NRT",306.85,19.9,"D"
"4749",18.83571,104.01158,331.56,0.57,0.43,"2026-02-15",637,"N20","nominal","2.0NRT",299.71,5.79,"D"
"4750",18.83111,103.97524,331.76,0.57,0.43,"2026-02-15",637,"N20","nominal","2.0NRT",300.7,26.07,"D"
"4751",18.83048,103.97031,341.92,0.57,0.43,"2026-02-15",637,"N20","nominal","2.0NRT",310.32,26.07,"D"
"4752",18.29167,100.04256,332.95,0.39,0.36,"2026-02-15",637,"N20","low","2.0NRT",304.65,2.43,"D"
"4753",18.21472,99.52557,335.28,0.39,0.36,"2026-02-15",637,"N20","low","2.0NRT",308.07,3.38,"D"
"4754",18.83967,104.01089,332.5,0.57,0.43,"2026-02-15",637,"N20","nominal","2.0NRT",299.43,9.21,"D"
"4755",18.83897,104.00543,336.35,0.57,0.43,"2026-02-15",637,"N20","nominal","2.0NRT",304.08,17.03,"D"
"4756",18.83502,103.97426,346.41,0.57,0.43,"2026-02-15",637,"N20","nominal","2.0NRT",304.91,13.25,"D"
"4757",18.83438,103.96923,331.43,0.57,0.43,"2026-02-15",637,"N20","low","2.0NRT",303.82,13.25,"D"
"4758",18.49019,101.39744,334.43,0.42,0.38,"2026-02-15",637,"N20","nominal","2.0NRT",305.43,5.38,"D"
"4759",17.68179,96.09165,339.34,0.46,0.39,"2026-02-15",637,"N20","nominal","2.0NRT",308.15,6.3,"D"
"4760",17.50455,94.96429,345.49,0.52,0.42,"2026-02-15",637,"N20","nominal","2.0NRT",312.08,9.05,"D"
"4761",17.50833,94.96356,351.66,0.52,0.42,"2026-02-15",637,"N20","nominal","2.0NRT",311.34,14.39,"D"
"4762",18.82267,103.60021,338.04,0.54,0.42,"2026-02-15",637,"N20","nominal","2.0NRT",307.81,5.88,"D"
"4763",17.68882,96.00195,344.6,0.46,0.39,"2026-02-15",637,"N20","nominal","2.0NRT",307.47,7.87,"D"
"4764",19.03144,105.20622,344.85,0.45,0.47,"2026-02-15",637,"N20","nominal","2.0NRT",296.74,14.12,"D"
"4765",18.04889,98.20343,334.11,0.39,0.36,"2026-02-15",637,"N20","nominal","2.0NRT",304.1,2.52,"D"
"4766",17.5159,94.96213,335.4,0.52,0.42,"2026-02-15",637,"N20","low","2.0NRT",308.73,6.15,"D"
"4767",18.78399,103.24918,331.42,0.52,0.41,"2026-02-15",637,"N20","nominal","2.0NRT",302.37,2.99,"D"
"4768",18.16448,98.92751,347.26,0.38,0.36,"2026-02-15",637,"N20","nominal","2.0NRT",308.82,6.21,"D"
"4769",18.59557,101.81808,335.14,0.44,0.38,"2026-02-15",637,"N20","nominal","2.0NRT",304.31,2.96,"D"
"4770",18.34744,100.09741,334.47,0.39,0.36,"2026-02-15",637,"N20","nominal","2.0NRT",303.24,2.26,"D"
"4771",18.8236,103.59779,335.05,0.54,0.42,"2026-02-15",637,"N20","low","2.0NRT",306.61,6.01,"D"
"4772",17.51518,94.9599,348.99,0.52,0.42,"2026-02-15",637,"N20","nominal","2.0NRT",311.84,5.07,"D"
"4773",18.873,103.96487,335.79,0.57,0.43,"2026-02-15",637,"N20","nominal","2.0NRT",305.55,16.27,"D"
"4774",18.59613,101.81896,337.24,0.44,0.38,"2026-02-15",637,"N20","nominal","2.0NRT",305.03,5.12,"D"
"4775",17.71869,96.07744,334.06,0.46,0.39,"2026-02-15",637,"N20","low","2.0NRT",306.98,3.94,"D"
"4776",19.02965,105.20773,341.33,0.45,0.47,"2026-02-15",637,"N20","nominal","2.0NRT",295.48,8.33,"D"
"4777",19.02915,105.20345,335.95,0.45,0.47,"2026-02-15",637,"N20","nominal","2.0NRT",298.64,8.33,"D"
"4778",18.35445,100.0549,334.57,0.39,0.36,"2026-02-15",637,"N20","nominal","2.0NRT",303.7,2.93,"D"
"4779",18.39012,100.27611,337.63,0.39,0.37,"2026-02-15",637,"N20","nominal","2.0NRT",306.64,4.14,"D"
"4780",18.38958,100.2724,331.98,0.39,0.37,"2026-02-15",637,"N20","low","2.0NRT",306.09,3.03,"D"
"4781",18.35778,100.05436,331.84,0.39,0.36,"2026-02-15",637,"N20","low","2.0NRT",304.52,3.47,"D"
"4782",18.63411,101.99306,343.7,0.45,0.39,"2026-02-15",637,"N20","nominal","2.0NRT",305.6,7.45,"D"
"4783",18.39346,100.27557,342.24,0.39,0.37,"2026-02-15",637,"N20","nominal","2.0NRT",308.02,4.14,"D"
"4784",19.06649,105.41161,335.93,0.47,0.47,"2026-02-15",637,"N20","nominal","2.0NRT",296.6,4.42,"D"
"4785",18.89012,103.9402,335.09,0.57,0.43,"2026-02-15",637,"N20","nominal","2.0NRT",301.96,7.36,"D"
"4786",18.39733,100.27872,336.33,0.39,0.37,"2026-02-15",637,"N20","low","2.0NRT",307.19,9.91,"D"
"4787",19.07344,105.43328,333.73,0.47,0.48,"2026-02-15",637,"N20","nominal","2.0NRT",297.23,7.3,"D"
"4788",18.8923,103.86098,345.87,0.56,0.43,"2026-02-15",637,"N20","nominal","2.0NRT",301.57,7.66,"D"
"4789",18.83909,103.40949,336,0.53,0.42,"2026-02-15",637,"N20","nominal","2.0NRT",302.35,4.18,"D"
"4790",18.8168,103.20607,332.7,0.52,0.41,"2026-02-15",637,"N20","nominal","2.0NRT",299.13,4.16,"D"
"4791",18.20458,98.87634,346.82,0.38,0.36,"2026-02-15",637,"N20","nominal","2.0NRT",304.16,3.64,"D"
"4792",18.82057,103.20539,345.73,0.52,0.41,"2026-02-15",637,"N20","nominal","2.0NRT",299.25,6.95,"D"
"4793",18.5999,101.50826,347.26,0.43,0.38,"2026-02-15",637,"N20","nominal","2.0NRT",309,11.08,"D"
"4794",18.22608,98.95041,333.17,0.38,0.36,"2026-02-15",637,"N20","nominal","2.0NRT",299.78,3.08,"D"
"4795",18.97109,104.23069,336.68,0.39,0.44,"2026-02-15",637,"N20","nominal","2.0NRT",302.11,2.75,"D"
"4796",17.59048,95.01056,338.69,0.52,0.41,"2026-02-15",637,"N20","nominal","2.0NRT",306.07,2.3,"D"
"4797",19.08758,105.14351,330.85,0.45,0.47,"2026-02-15",637,"N20","nominal","2.0NRT",298.2,3.27,"D"
"4798",18.96143,104.05709,347.29,0.38,0.44,"2026-02-15",637,"N20","nominal","2.0NRT",301.26,7.2,"D"
"4799",18.96544,104.05663,367,0.38,0.44,"2026-02-15",637,"N20","high","2.0NRT",303.52,7.2,"D"
"4800",17.76974,95.96638,331.47,0.46,0.39,"2026-02-15",637,"N20","low","2.0NRT",305.65,4.35,"D"
"4801",18.92307,103.69459,333.72,0.55,0.43,"2026-02-15",637,"N20","nominal","2.0NRT",304.09,2.59,"D"
"4802",18.91625,103.64198,334.14,0.55,0.42,"2026-02-15",637,"N20","nominal","2.0NRT",302.44,4.07,"D"
"4803",17.62223,95.05901,334.9,0.51,0.41,"2026-02-15",637,"N20","nominal","2.0NRT",304.73,2.34,"D"
"4804",17.6214,95.05422,339.52,0.51,0.41,"2026-02-15",637,"N20","nominal","2.0NRT",305.43,3.58,"D"
"4805",17.61778,94.96583,340.41,0.52,0.42,"2026-02-15",637,"N20","nominal","2.0NRT",307.13,3.31,"D"
"4806",19.09506,104.88692,339.45,0.43,0.46,"2026-02-15",637,"N20","nominal","2.0NRT",299.92,3.09,"D"
"4807",19.00902,104.20589,345.5,0.39,0.44,"2026-02-15",637,"N20","nominal","2.0NRT",304.5,9.78,"D"
"4808",17.62155,94.96511,337.11,0.52,0.42,"2026-02-15",637,"N20","nominal","2.0NRT",306.89,3.31,"D"
"4809",19.01299,104.20487,344.89,0.39,0.44,"2026-02-15",637,"N20","nominal","2.0NRT",304.66,5.29,"D"
"4810",19.0218,104.24157,333.67,0.39,0.44,"2026-02-15",637,"N20","nominal","2.0NRT",299.58,4.27,"D"
"4811",18.9562,103.67426,334.25,0.55,0.43,"2026-02-15",637,"N20","nominal","2.0NRT",305.77,3.8,"D"
"4812",18.8988,103.24178,335.66,0.52,0.41,"2026-02-15",637,"N20","nominal","2.0NRT",297.47,4.36,"D"
"4813",17.81869,96.04678,331.17,0.46,0.39,"2026-02-15",637,"N20","low","2.0NRT",305.16,2.5,"D"
"4814",19.09517,104.88718,337.09,0.43,0.46,"2026-02-15",637,"N20","nominal","2.0NRT",299,3.2,"D"
"4815",19.01824,104.24136,333.07,0.4,0.44,"2026-02-15",637,"N20","nominal","2.0NRT",301.37,3.61,"D"
"4816",19.01374,104.20421,331.2,0.39,0.44,"2026-02-15",637,"N20","nominal","2.0NRT",301.93,2.03,"D"
"4817",18.93793,103.58811,332.1,0.54,0.42,"2026-02-15",637,"N20","nominal","2.0NRT",299.91,3.2,"D"
"4818",18.95237,103.67215,336.21,0.55,0.43,"2026-02-15",637,"N20","nominal","2.0NRT",305.12,5.48,"D"
"4819",18.89789,103.2391,330.47,0.52,0.41,"2026-02-15",637,"N20","nominal","2.0NRT",296.03,3.09,"D"
"4820",18.35924,99.35674,339.41,0.38,0.36,"2026-02-15",637,"N20","nominal","2.0NRT",306.46,3.98,"D"
"4821",18.36254,99.35619,333.56,0.38,0.36,"2026-02-15",637,"N20","low","2.0NRT",306.08,2.52,"D"
"4822",17.64472,94.98756,335.16,0.52,0.41,"2026-02-15",637,"N20","low","2.0NRT",308.25,2.64,"D"
"4823",18.74461,102.01122,338.78,0.45,0.39,"2026-02-15",637,"N20","nominal","2.0NRT",302.07,5.51,"D"
"4824",19.02291,104.14503,343.96,0.39,0.44,"2026-02-15",637,"N20","nominal","2.0NRT",296.7,4.12,"D"
"4825",19.0055,104.00339,344.56,0.38,0.43,"2026-02-15",637,"N20","nominal","2.0NRT",298.36,8.45,"D"
"4826",17.67001,95.08635,354.1,0.51,0.41,"2026-02-15",637,"N20","nominal","2.0NRT",315.37,20.45,"D"
"4827",18.55526,100.59839,342.5,0.4,0.37,"2026-02-15",637,"N20","nominal","2.0NRT",305.36,4.1,"D"
"4828",18.55863,100.59785,355.86,0.4,0.37,"2026-02-15",637,"N20","nominal","2.0NRT",310.83,8.2,"D"
"4829",18.56199,100.59731,333.26,0.4,0.37,"2026-02-15",637,"N20","low","2.0NRT",303.53,8.2,"D"
"4830",18.99465,103.78703,331.1,0.56,0.43,"2026-02-15",637,"N20","low","2.0NRT",302.27,6.01,"D"
"4831",17.66987,94.9976,333.98,0.52,0.41,"2026-02-15",637,"N20","low","2.0NRT",308.5,5.32,"D"
"4832",19.0218,103.97166,338.05,0.57,0.43,"2026-02-15",637,"N20","nominal","2.0NRT",301.98,6.18,"D"
"4833",19.01807,103.94183,339.91,0.57,0.43,"2026-02-15",637,"N20","nominal","2.0NRT",311.12,56.72,"D"
"4834",19.02208,103.94163,333.27,0.57,0.43,"2026-02-15",637,"N20","nominal","2.0NRT",298.7,7.04,"D"
"4835",18.91603,103.0807,335.26,0.51,0.41,"2026-02-15",637,"N20","nominal","2.0NRT",304.14,5.11,"D"
"4836",17.82985,95.85345,335.1,0.47,0.39,"2026-02-15",637,"N20","low","2.0NRT",307.07,5.66,"D"
"4837",18.99588,103.67062,337.02,0.55,0.43,"2026-02-15",637,"N20","nominal","2.0NRT",308.03,16.5,"D"
"4838",18.80935,102.24769,343.54,0.46,0.39,"2026-02-15",637,"N20","nominal","2.0NRT",305.1,15.76,"D"
"4839",18.80704,102.23061,330.93,0.46,0.39,"2026-02-15",637,"N20","nominal","2.0NRT",300.87,3.56,"D"
"4840",19.22903,105.54247,339.07,0.48,0.48,"2026-02-15",637,"N20","nominal","2.0NRT",299.15,5.67,"D"
"4841",18.81294,102.24713,345.56,0.46,0.39,"2026-02-15",637,"N20","nominal","2.0NRT",301.63,15.76,"D"
"4842",18.71163,101.50823,348.57,0.43,0.38,"2026-02-15",637,"N20","nominal","2.0NRT",306.28,11.82,"D"
"4843",17.69875,95.05142,341.9,0.51,0.41,"2026-02-15",637,"N20","nominal","2.0NRT",308.34,5.07,"D"
"4844",18.7151,101.50764,349.35,0.43,0.38,"2026-02-15",637,"N20","nominal","2.0NRT",304.82,7.13,"D"
"4845",17.8129,95.689,332.05,0.47,0.4,"2026-02-15",637,"N20","low","2.0NRT",306.71,1.88,"D"
"4846",17.80834,95.6624,347.37,0.48,0.4,"2026-02-15",637,"N20","nominal","2.0NRT",308.61,5.23,"D"
"4847",17.81197,95.66172,337.13,0.48,0.4,"2026-02-15",637,"N20","nominal","2.0NRT",305.77,5.23,"D"
"4848",17.71251,95.06361,338.83,0.51,0.41,"2026-02-15",637,"N20","nominal","2.0NRT",307.7,2.44,"D"
"4849",18.35168,98.95102,335.09,0.38,0.36,"2026-02-15",637,"N20","low","2.0NRT",308.24,6.66,"D"
"4850",18.35113,98.94742,340.03,0.38,0.36,"2026-02-15",637,"N20","low","2.0NRT",313.74,6.66,"D"
"4851",17.88437,96.04432,331.47,0.46,0.39,"2026-02-15",637,"N20","low","2.0NRT",305.62,2.77,"D"
"4852",19.22758,105.3424,334.04,0.46,0.47,"2026-02-15",637,"N20","nominal","2.0NRT",298.8,1.92,"D"
"4853",19.03638,103.80039,339.78,0.56,0.43,"2026-02-15",637,"N20","nominal","2.0NRT",303.77,8.56,"D"
"4854",19.0625,103.97336,345.05,0.57,0.43,"2026-02-15",637,"N20","nominal","2.0NRT",303.54,14.11,"D"
"4855",18.50552,99.92851,332.13,0.39,0.36,"2026-02-15",637,"N20","low","2.0NRT",305.73,2.51,"D"
"4856",17.71797,95.02811,336.24,0.51,0.41,"2026-02-15",637,"N20","low","2.0NRT",308.2,3.62,"D"
"4857",18.50884,99.92796,331.73,0.39,0.36,"2026-02-15",637,"N20","low","2.0NRT",301.88,2.48,"D"
"4858",18.47251,99.68349,338.25,0.39,0.36,"2026-02-15",637,"N20","nominal","2.0NRT",305.14,3.7,"D"
"4859",18.3748,99.03591,330.3,0.38,0.36,"2026-02-15",637,"N20","low","2.0NRT",303.97,3.02,"D"
"4860",17.71596,94.99418,334.94,0.52,0.41,"2026-02-15",637,"N20","low","2.0NRT",308.75,3,"D"
"4861",18.7646,101.68373,332.65,0.44,0.38,"2026-02-15",637,"N20","nominal","2.0NRT",300.74,2.54,"D"
"4862",19.26928,105.54139,339.29,0.48,0.48,"2026-02-15",637,"N20","nominal","2.0NRT",296.91,6.5,"D"
"4863",18.74578,101.5236,334.16,0.43,0.38,"2026-02-15",637,"N20","nominal","2.0NRT",304.97,2.46,"D"
"4864",18.84426,102.20747,332.79,0.46,0.39,"2026-02-15",637,"N20","nominal","2.0NRT",300.71,3.34,"D"
"4865",18.83596,102.147,332.64,0.46,0.39,"2026-02-15",637,"N20","nominal","2.0NRT",301.63,2.84,"D"
"4866",18.84846,102.21132,335.09,0.46,0.39,"2026-02-15",637,"N20","nominal","2.0NRT",302.49,22.33,"D"
"4867",18.52759,99.96267,330.45,0.39,0.36,"2026-02-15",637,"N20","low","2.0NRT",305.05,3.27,"D"
"4868",18.52704,99.95899,340.15,0.39,0.36,"2026-02-15",637,"N20","nominal","2.0NRT",308.88,3.27,"D"
"4869",18.46288,99.52876,347.11,0.39,0.36,"2026-02-15",637,"N20","nominal","2.0NRT",305.94,5.84,"D"
"4870",17.73109,94.99177,344.21,0.52,0.41,"2026-02-15",637,"N20","nominal","2.0NRT",314.05,11.28,"D"
"4871",18.49013,99.68804,340.56,0.39,0.36,"2026-02-15",637,"N20","nominal","2.0NRT",305.7,6.24,"D"
"4872",17.90989,96.02139,345.04,0.46,0.39,"2026-02-15",637,"N20","nominal","2.0NRT",306.74,9.79,"D"
"4873",17.74217,95.03345,341.41,0.51,0.41,"2026-02-15",637,"N20","nominal","2.0NRT",315.17,6.82,"D"
"4874",18.56313,100.15712,340.19,0.39,0.36,"2026-02-15",637,"N20","nominal","2.0NRT",305.76,4.85,"D"
"4875",18.49344,99.68749,336.92,0.39,0.36,"2026-02-15",637,"N20","nominal","2.0NRT",303.41,3.07,"D"
"4876",18.49289,99.68385,331.47,0.39,0.36,"2026-02-15",637,"N20","low","2.0NRT",303.86,3.73,"D"
"4877",19.10143,104.02442,330.9,0.38,0.44,"2026-02-15",637,"N20","nominal","2.0NRT",297.75,2,"D"
"4878",18.56646,100.15659,341.92,0.39,0.36,"2026-02-15",637,"N20","nominal","2.0NRT",304.84,4.85,"D"
"4879",18.57637,100.15884,331.65,0.39,0.36,"2026-02-15",637,"N20","nominal","2.0NRT",303,2.39,"D"
"4880",19.09958,104.02467,330.39,0.38,0.44,"2026-02-15",637,"N20","nominal","2.0NRT",297.58,2.36,"D"
"4881",17.75554,95.01852,341.17,0.51,0.41,"2026-02-15",637,"N20","low","2.0NRT",315.67,5.27,"D"
"4882",18.40882,98.92278,337.87,0.38,0.36,"2026-02-15",637,"N20","nominal","2.0NRT",307.68,3.43,"D"
"4883",19.22315,104.91569,339.17,0.44,0.46,"2026-02-15",637,"N20","nominal","2.0NRT",299.65,3.11,"D"
"4884",18.61954,100.31506,335.82,0.4,0.37,"2026-02-15",637,"N20","nominal","2.0NRT",302.31,6.14,"D"
"4885",19.32267,105.65788,335.21,0.49,0.48,"2026-02-15",637,"N20","nominal","2.0NRT",295.87,2.86,"D"
"4886",18.5826,99.99136,333.68,0.39,0.36,"2026-02-15",637,"N20","low","2.0NRT",306.67,2.37,"D"
"4887",17.77138,94.97632,333.45,0.52,0.41,"2026-02-15",637,"N20","nominal","2.0NRT",304.13,4.3,"D"
"4888",19.13298,103.93441,331.06,0.57,0.43,"2026-02-15",637,"N20","nominal","2.0NRT",304.24,2.96,"D"
"4889",19.08101,103.52335,338.87,0.54,0.42,"2026-02-15",637,"N20","nominal","2.0NRT",305.87,5.31,"D"
"4890",18.97112,102.67712,341.08,0.49,0.4,"2026-02-15",637,"N20","nominal","2.0NRT",307.96,16.26,"D"
"4891",17.94324,95.87866,337.23,0.46,0.39,"2026-02-15",637,"N20","nominal","2.0NRT",299.77,3.45,"D"
"4892",18.59484,99.95896,332.26,0.39,0.36,"2026-02-15",637,"N20","low","2.0NRT",303.07,3.8,"D"
"4893",19.06027,103.27068,345.93,0.52,0.42,"2026-02-15",637,"N20","nominal","2.0NRT",302.79,22.64,"D"
"4894",18.62323,100.10575,331.85,0.39,0.36,"2026-02-15",637,"N20","nominal","2.0NRT",301.11,3.68,"D"
"4895",18.62268,100.10205,339.34,0.39,0.36,"2026-02-15",637,"N20","nominal","2.0NRT",305.5,3.68,"D"
"4896",17.81849,95.09007,344.73,0.51,0.41,"2026-02-15",637,"N20","nominal","2.0NRT",313.46,6.36,"D"
"4897",19.0647,103.27492,332.34,0.52,0.42,"2026-02-15",637,"N20","nominal","2.0NRT",298.15,19.93,"D"
"4898",19.06404,103.26978,338.52,0.52,0.42,"2026-02-15",637,"N20","nominal","2.0NRT",303.61,22.64,"D"
"4899",17.8107,95.02326,343.81,0.51,0.41,"2026-02-15",637,"N20","nominal","2.0NRT",309.89,11.03,"D"
"4900",17.80989,95.01862,342.11,0.51,0.41,"2026-02-15",637,"N20","nominal","2.0NRT",309.83,11.03,"D"
"4901",17.81364,95.01791,346.36,0.51,0.41,"2026-02-15",637,"N20","nominal","2.0NRT",310.83,12.72,"D"
"4902",17.9595,95.82182,334.96,0.47,0.39,"2026-02-15",637,"N20","low","2.0NRT",307.33,2.8,"D"
"4903",18.81938,101.35182,346.93,0.42,0.38,"2026-02-15",637,"N20","nominal","2.0NRT",304.15,10.61,"D"
"4904",18.81881,101.34779,334.39,0.42,0.38,"2026-02-15",637,"N20","nominal","2.0NRT",302.47,10.61,"D"
"4905",17.97527,95.80544,336.18,0.47,0.39,"2026-02-15",637,"N20","nominal","2.0NRT",306.12,5.64,"D"
"4906",18.63419,99.94898,333.83,0.39,0.36,"2026-02-15",637,"N20","nominal","2.0NRT",301.9,2.59,"D"
"4907",17.87127,95.17245,333.67,0.5,0.41,"2026-02-15",637,"N20","low","2.0NRT",307.54,2.25,"D"
"4908",17.85995,95.10659,336.54,0.51,0.41,"2026-02-15",637,"N20","nominal","2.0NRT",311.13,2.99,"D"
"4909",18.63696,99.94478,333.67,0.39,0.36,"2026-02-15",637,"N20","nominal","2.0NRT",303.46,3.29,"D"
"4910",17.99926,95.90405,331.12,0.46,0.39,"2026-02-15",637,"N20","nominal","2.0NRT",299.38,2.9,"D"
"4911",17.8758,95.17642,330.85,0.5,0.41,"2026-02-15",637,"N20","low","2.0NRT",305.09,2.25,"D"
"4912",18.6403,99.94427,330.9,0.39,0.36,"2026-02-15",637,"N20","nominal","2.0NRT",303.97,2.11,"D"
"4913",19.15491,103.60606,338.33,0.55,0.42,"2026-02-15",637,"N20","nominal","2.0NRT",301.31,13.51,"D"
"4914",18.51378,99.05696,335.47,0.38,0.36,"2026-02-15",637,"N20","low","2.0NRT",306.44,9.33,"D"
"4915",17.87003,95.07543,342.31,0.51,0.41,"2026-02-15",637,"N20","nominal","2.0NRT",311.95,3.89,"D"
"4916",17.86923,95.07073,338.39,0.51,0.41,"2026-02-15",637,"N20","low","2.0NRT",313.18,5.82,"D"
"4917",17.85213,94.97122,331.1,0.52,0.41,"2026-02-15",637,"N20","low","2.0NRT",305.16,2.64,"D"
"4918",18.51708,99.05641,336,0.38,0.36,"2026-02-15",637,"N20","low","2.0NRT",306.91,9.33,"D"
"4919",18.51653,99.0528,335.19,0.38,0.36,"2026-02-15",637,"N20","low","2.0NRT",308.1,9.33,"D"
"4920",17.99685,95.80145,330.71,0.47,0.39,"2026-02-15",637,"N20","nominal","2.0NRT",305.42,1.84,"D"
"4921",17.88748,95.1549,339.96,0.5,0.41,"2026-02-15",637,"N20","nominal","2.0NRT",307.96,8.61,"D"
"4922",17.87297,95.07006,339.15,0.51,0.41,"2026-02-15",637,"N20","low","2.0NRT",313.15,5.82,"D"
"4923",18.66769,100.04137,334.14,0.39,0.36,"2026-02-15",637,"N20","low","2.0NRT",304.88,5.08,"D"
"4924",19.15144,103.60444,331.05,0.55,0.42,"2026-02-15",637,"N20","nominal","2.0NRT",300.23,5.7,"D"
"4925",17.88527,95.15719,344.85,0.5,0.41,"2026-02-15",637,"N20","nominal","2.0NRT",305.58,6.48,"D"
"4926",17.889,95.15649,344.32,0.5,0.41,"2026-02-15",637,"N20","nominal","2.0NRT",306.77,6.48,"D"
"4927",17.87316,95.06712,345.86,0.51,0.41,"2026-02-15",637,"N20","nominal","2.0NRT",314.77,11.67,"D"
"4928",19.05399,102.74505,342.73,0.49,0.4,"2026-02-15",637,"N20","nominal","2.0NRT",302.17,25.03,"D"
"4929",18.70043,100.17263,336.23,0.39,0.36,"2026-02-15",637,"N20","nominal","2.0NRT",301.27,4.19,"D"
"4930",18.12166,96.46059,334.15,0.44,0.38,"2026-02-15",637,"N20","nominal","2.0NRT",306.55,2.53,"D"
"4931",18.67526,99.95351,336.71,0.39,0.36,"2026-02-15",637,"N20","nominal","2.0NRT",304.34,3.29,"D"
"4932",18.67859,99.953,338.02,0.39,0.36,"2026-02-15",637,"N20","nominal","2.0NRT",306.19,3.29,"D"
"4933",17.89332,95.00596,334.93,0.51,0.41,"2026-02-15",637,"N20","nominal","2.0NRT",304.74,2.59,"D"
"4934",19.38401,105.14941,337.78,0.45,0.47,"2026-02-15",637,"N20","nominal","2.0NRT",297.99,11.93,"D"
"4935",17.90684,95.06084,336.51,0.51,0.41,"2026-02-15",637,"N20","nominal","2.0NRT",309.05,2.89,"D"
"4936",18.75059,100.28247,330.14,0.4,0.37,"2026-02-15",637,"N20","low","2.0NRT",304.97,4.08,"D"
"4937",19.14959,103.12855,336.43,0.51,0.41,"2026-02-15",637,"N20","nominal","2.0NRT",296.47,3.94,"D"
"4938",18.75297,100.25179,330.26,0.4,0.37,"2026-02-15",637,"N20","low","2.0NRT",304.38,2.43,"D"
"4939",18.05677,95.84078,340.66,0.46,0.39,"2026-02-15",637,"N20","nominal","2.0NRT",304.04,8.6,"D"
"4940",17.93492,95.13322,347.61,0.5,0.41,"2026-02-15",637,"N20","nominal","2.0NRT",310.7,7.31,"D"
"4941",19.16976,103.25404,335.39,0.52,0.42,"2026-02-15",637,"N20","nominal","2.0NRT",301.92,4.4,"D"
"4942",19.16781,103.23903,333.93,0.52,0.42,"2026-02-15",637,"N20","nominal","2.0NRT",300.7,10.5,"D"
"4943",19.16715,103.23396,338.76,0.52,0.42,"2026-02-15",637,"N20","nominal","2.0NRT",307.11,32.71,"D"
"4944",19.15905,103.14191,330.77,0.52,0.41,"2026-02-15",637,"N20","nominal","2.0NRT",295.77,3.72,"D"
"4945",19.26116,103.81017,330.48,0.56,0.43,"2026-02-15",637,"N20","nominal","2.0NRT",304.24,3.15,"D"
"4946",17.94109,95.03564,345.51,0.51,0.41,"2026-02-15",637,"N20","nominal","2.0NRT",308.69,3.73,"D"
"4947",19.26051,103.68102,340.66,0.55,0.43,"2026-02-15",637,"N20","nominal","2.0NRT",298.93,17.6,"D"
"4948",18.03948,95.49776,336.86,0.48,0.4,"2026-02-15",637,"N20","low","2.0NRT",308.11,6.66,"D"
"4949",19.26777,103.67549,332.26,0.55,0.43,"2026-02-15",637,"N20","nominal","2.0NRT",300.54,9.47,"D"
"4950",18.04313,95.49707,336.25,0.48,0.4,"2026-02-15",637,"N20","low","2.0NRT",306.72,29.1,"D"
"4951",17.98924,95.18098,337.85,0.5,0.41,"2026-02-15",637,"N20","nominal","2.0NRT",305.21,6.3,"D"
"4952",17.99216,95.1756,332.03,0.5,0.41,"2026-02-15",637,"N20","low","2.0NRT",305.88,3.47,"D"
"4953",17.99746,95.18422,331.3,0.5,0.41,"2026-02-15",637,"N20","low","2.0NRT",305.52,2.49,"D"
"4954",18.71257,99.63251,339.59,0.39,0.36,"2026-02-15",637,"N20","nominal","2.0NRT",305.75,2.2,"D"
"4955",17.99122,95.18207,341.64,0.5,0.41,"2026-02-15",637,"N20","nominal","2.0NRT",307.21,4.74,"D"
"4956",17.99039,95.17741,333.9,0.5,0.41,"2026-02-15",637,"N20","low","2.0NRT",305.48,3.17,"D"
"4957",19.2676,103.67237,341.91,0.55,0.43,"2026-02-15",637,"N20","nominal","2.0NRT",300.32,7.6,"D"
"4958",18.80743,100.18536,337.21,0.39,0.37,"2026-02-15",637,"N20","nominal","2.0NRT",306.67,5.01,"D"
"4959",18.72431,99.61877,337.7,0.39,0.36,"2026-02-15",637,"N20","nominal","2.0NRT",307.66,3.32,"D"
"4960",18.72377,99.61514,333.89,0.39,0.36,"2026-02-15",637,"N20","low","2.0NRT",305.96,2.7,"D"
"4961",18.07418,95.58922,334.52,0.48,0.4,"2026-02-15",637,"N20","nominal","2.0NRT",308.74,2.05,"D"
"4962",18.81518,100.19169,338.2,0.39,0.37,"2026-02-15",637,"N20","low","2.0NRT",309.21,6.83,"D"
"4963",18.81907,100.19487,343.14,0.39,0.37,"2026-02-15",637,"N20","nominal","2.0NRT",310.65,5.02,"D"
"4964",17.98207,95.00001,331.44,0.51,0.41,"2026-02-15",637,"N20","low","2.0NRT",306.04,1.81,"D"
"4965",19.51174,105.39919,329.33,0.47,0.48,"2026-02-15",637,"N20","nominal","2.0NRT",293.92,2.19,"D"
"4966",19.25454,103.28582,338.4,0.53,0.42,"2026-02-15",637,"N20","nominal","2.0NRT",303.46,26.39,"D"
"4967",17.98291,94.91704,342.69,0.52,0.41,"2026-02-15",637,"N20","nominal","2.0NRT",303.41,5.09,"D"
"4968",19.28833,103.52077,340.49,0.54,0.42,"2026-02-15",637,"N20","nominal","2.0NRT",303.17,18.1,"D"
"4969",19.55163,105.62774,340.71,0.49,0.48,"2026-02-15",637,"N20","nominal","2.0NRT",300.48,10.12,"D"
"4970",18.86414,100.34048,333.89,0.4,0.37,"2026-02-15",637,"N20","nominal","2.0NRT",304.95,2.64,"D"
"4971",18.30819,96.75372,335.44,0.42,0.38,"2026-02-15",637,"N20","nominal","2.0NRT",308.46,6.92,"D"
"4972",18.30753,96.74975,347.23,0.42,0.38,"2026-02-15",637,"N20","nominal","2.0NRT",313.35,8.84,"D"
"4973",18.04594,95.21008,334.46,0.5,0.41,"2026-02-15",637,"N20","low","2.0NRT",306.87,2.9,"D"
"4974",19.26921,103.27863,337.35,0.53,0.42,"2026-02-15",637,"N20","nominal","2.0NRT",302.68,6.01,"D"
"4975",18.82571,100.05305,335.48,0.39,0.36,"2026-02-15",637,"N20","nominal","2.0NRT",303.04,3.45,"D"
"4976",18.8214,100.02364,333.35,0.39,0.36,"2026-02-15",637,"N20","low","2.0NRT",304.38,4.89,"D"
"4977",18.31163,96.75309,338.13,0.42,0.38,"2026-02-15",637,"N20","nominal","2.0NRT",308.26,16.04,"D"
"4978",18.31097,96.74912,342.14,0.42,0.38,"2026-02-15",637,"N20","nominal","2.0NRT",315.39,20.21,"D"
"4979",18.82903,100.05248,342,0.39,0.36,"2026-02-15",637,"N20","nominal","2.0NRT",303.46,3.45,"D"
"4980",18.0614,95.25499,333.16,0.49,0.41,"2026-02-15",637,"N20","low","2.0NRT",305.13,2.44,"D"
"4981",18.03627,95.1107,342.87,0.5,0.41,"2026-02-15",637,"N20","nominal","2.0NRT",312.17,7.77,"D"
"4982",19.10886,101.98294,332.97,0.45,0.39,"2026-02-15",637,"N20","nominal","2.0NRT",294.84,2.48,"D"
"4983",19.06156,101.56053,330.34,0.43,0.38,"2026-02-15",637,"N20","nominal","2.0NRT",298.94,2.35,"D"
"4984",18.87355,100.21668,336.89,0.4,0.37,"2026-02-15",637,"N20","low","2.0NRT",307.05,5.58,"D"
"4985",18.87299,100.21291,350,0.4,0.37,"2026-02-15",637,"N20","nominal","2.0NRT",310.04,5.58,"D"
"4986",18.87245,100.20914,333.48,0.4,0.37,"2026-02-15",637,"N20","low","2.0NRT",306.17,2.09,"D"
"4987",18.88181,100.24984,353.91,0.4,0.37,"2026-02-15",637,"N20","nominal","2.0NRT",309.7,4.29,"D"
"4988",18.87745,100.21992,341.47,0.4,0.37,"2026-02-15",637,"N20","nominal","2.0NRT",308.93,4.74,"D"
"4989",18.87578,100.20859,350.95,0.4,0.37,"2026-02-15",637,"N20","nominal","2.0NRT",306.2,7.56,"D"
"4990",18.88516,100.24928,334.7,0.4,0.37,"2026-02-15",637,"N20","low","2.0NRT",307.45,4.29,"D"
"4991",19.38396,103.86424,332.68,0.57,0.43,"2026-02-15",637,"N20","nominal","2.0NRT",299.29,4.49,"D"
"4992",18.88577,100.23003,335.16,0.4,0.37,"2026-02-15",637,"N20","low","2.0NRT",309.85,5.9,"D"
"4993",18.8014,99.65844,342.18,0.39,0.36,"2026-02-15",637,"N20","nominal","2.0NRT",306.43,5.68,"D"
"4994",18.06574,95.08096,341.05,0.51,0.41,"2026-02-15",637,"N20","nominal","2.0NRT",309.45,4.58,"D"
"4995",18.8891,100.22944,347.19,0.4,0.37,"2026-02-15",637,"N20","nominal","2.0NRT",309.72,5.9,"D"
"4996",18.89244,100.22887,334.71,0.4,0.37,"2026-02-15",637,"N20","nominal","2.0NRT",306.46,2.27,"D"
"4997",18.81133,99.65681,335.97,0.39,0.36,"2026-02-15",637,"N20","nominal","2.0NRT",303.44,4.48,"D"
"4998",18.20351,95.82306,343.98,0.46,0.39,"2026-02-15",637,"N20","nominal","2.0NRT",315.5,5.32,"D"
"4999",18.81844,99.68177,331.74,0.39,0.36,"2026-02-15",637,"N20","low","2.0NRT",302.92,3.47,"D"
"5000",18.08065,95.07811,334.26,0.51,0.41,"2026-02-15",637,"N20","low","2.0NRT",308.94,3.2,"D"
"5001",19.36656,103.51451,343.97,0.54,0.42,"2026-02-15",637,"N20","nominal","2.0NRT",299.07,8.46,"D"
"5002",18.22146,95.84205,338.66,0.46,0.39,"2026-02-15",637,"N20","nominal","2.0NRT",312.11,3.21,"D"
"5003",18.11813,95.22995,344.78,0.5,0.41,"2026-02-15",637,"N20","nominal","2.0NRT",305.8,4.06,"D"
"5004",18.22341,95.84276,347.62,0.46,0.39,"2026-02-15",637,"N20","nominal","2.0NRT",312.41,4.83,"D"
"5005",18.11671,95.23195,338.64,0.5,0.41,"2026-02-15",637,"N20","nominal","2.0NRT",307.42,4.37,"D"
"5006",18.24409,95.94136,345.52,0.46,0.39,"2026-02-15",637,"N20","nominal","2.0NRT",304.56,5.59,"D"
"5007",19.36717,103.51149,335.13,0.54,0.42,"2026-02-15",637,"N20","nominal","2.0NRT",299.79,5.9,"D"
"5008",19.21744,102.34338,342.25,0.47,0.4,"2026-02-15",637,"N20","nominal","2.0NRT",303.7,12.99,"D"
"5009",19.4323,104.00711,334.61,0.39,0.44,"2026-02-15",637,"N20","nominal","2.0NRT",304.34,4.32,"D"
"5010",19.22108,102.3429,344.74,0.47,0.4,"2026-02-15",637,"N20","nominal","2.0NRT",301.47,12.99,"D"
"5011",18.11884,95.13554,342.59,0.5,0.41,"2026-02-15",637,"N20","low","2.0NRT",312.77,5.59,"D"
"5012",18.24413,95.83445,343.47,0.46,0.39,"2026-02-15",637,"N20","nominal","2.0NRT",309.09,4.8,"D"
"5013",18.1474,95.25465,339.5,0.49,0.41,"2026-02-15",637,"N20","nominal","2.0NRT",309.96,3.78,"D"
"5014",18.1095,95.01694,343.26,0.51,0.41,"2026-02-15",637,"N20","nominal","2.0NRT",309.08,11.8,"D"
"5015",18.10061,94.96651,343.3,0.51,0.41,"2026-02-15",637,"N20","nominal","2.0NRT",303.99,6.51,"D"
"5016",18.09983,94.96208,339.7,0.51,0.41,"2026-02-15",637,"N20","nominal","2.0NRT",307.91,6.51,"D"
"5017",19.39577,103.51895,331.29,0.54,0.42,"2026-02-15",637,"N20","nominal","2.0NRT",297.2,2.2,"D"
"5018",19.37253,103.3357,343.79,0.53,0.42,"2026-02-15",637,"N20","nominal","2.0NRT",297.18,5.43,"D"
"5019",19.32832,102.9912,342.34,0.51,0.41,"2026-02-15",637,"N20","nominal","2.0NRT",302.1,8.43,"D"
"5020",19.14913,101.64495,344.13,0.44,0.38,"2026-02-15",637,"N20","nominal","2.0NRT",307.24,6.96,"D"
"5021",18.10359,94.96143,339.43,0.51,0.41,"2026-02-15",637,"N20","nominal","2.0NRT",303.3,6.51,"D"
"5022",19.64032,105.42997,338.06,0.48,0.48,"2026-02-15",637,"N20","nominal","2.0NRT",295.69,2.83,"D"
"5023",18.88191,99.62984,335.53,0.39,0.36,"2026-02-15",637,"N20","nominal","2.0NRT",305.16,4.31,"D"
"5024",19.1349,101.36143,332.61,0.43,0.38,"2026-02-15",637,"N20","nominal","2.0NRT",302.97,3.46,"D"
"5025",18.83184,99.27293,332.19,0.38,0.36,"2026-02-15",637,"N20","nominal","2.0NRT",302.58,1.6,"D"
"5026",18.8313,99.26931,340.67,0.38,0.36,"2026-02-15",637,"N20","nominal","2.0NRT",304.86,4.8,"D"
"5027",18.16455,95.15581,335.44,0.5,0.41,"2026-02-15",637,"N20","low","2.0NRT",310.04,4.72,"D"
"5028",19.47589,103.89987,336.16,0.57,0.43,"2026-02-15",637,"N20","nominal","2.0NRT",303.12,10.81,"D"
"5029",18.94837,99.98735,335.72,0.39,0.36,"2026-02-15",637,"N20","nominal","2.0NRT",299.56,3.24,"D"
"5030",19.48349,103.86405,334.27,0.57,0.43,"2026-02-15",637,"N20","nominal","2.0NRT",302.12,6.58,"D"
"5031",19.18437,101.6144,337.72,0.44,0.38,"2026-02-15",637,"N20","nominal","2.0NRT",307.34,7.34,"D"
"5032",18.89628,99.61255,344.09,0.39,0.36,"2026-02-15",637,"N20","nominal","2.0NRT",307.5,7.09,"D"
"5033",19.68163,105.43858,340,0.48,0.48,"2026-02-15",637,"N20","nominal","2.0NRT",297.43,5.97,"D"
"5034",18.45028,96.74058,345.48,0.42,0.38,"2026-02-15",637,"N20","nominal","2.0NRT",309.82,4.19,"D"
"5035",18.17089,95.0148,330.92,0.51,0.41,"2026-02-15",637,"N20","low","2.0NRT",303.01,2.57,"D"
"5036",18.16853,95.0012,331.12,0.51,0.41,"2026-02-15",637,"N20","nominal","2.0NRT",305.11,3.49,"D"
"5037",19.50853,103.90177,331.81,0.38,0.43,"2026-02-15",637,"N20","nominal","2.0NRT",301.22,4.3,"D"
"5038",19.30774,102.32588,338.85,0.47,0.4,"2026-02-15",637,"N20","nominal","2.0NRT",305.02,10.35,"D"
"5039",18.44414,96.57314,342.7,0.43,0.38,"2026-02-15",637,"N20","nominal","2.0NRT",313.64,6.81,"D"
"5040",19.31446,102.34791,335,0.47,0.4,"2026-02-15",637,"N20","nominal","2.0NRT",305.11,4.91,"D"
"5041",19.31138,102.32542,332.96,0.47,0.4,"2026-02-15",637,"N20","nominal","2.0NRT",307.2,4.56,"D"
"5042",18.48103,96.75547,339.51,0.42,0.38,"2026-02-15",637,"N20","nominal","2.0NRT",308.46,2.82,"D"
"5043",18.45172,96.5759,344.48,0.43,0.38,"2026-02-15",637,"N20","nominal","2.0NRT",318.36,5.12,"D"
"5044",18.34162,95.90998,336.26,0.46,0.39,"2026-02-15",637,"N20","low","2.0NRT",306.72,6.65,"D"
"5045",18.33945,95.89697,333.28,0.46,0.39,"2026-02-15",637,"N20","low","2.0NRT",305.94,4.69,"D"
"5046",19.30858,102.32725,335.52,0.47,0.4,"2026-02-15",637,"N20","low","2.0NRT",306.15,5.17,"D"
"5047",19.31457,102.34467,333.49,0.47,0.4,"2026-02-15",637,"N20","low","2.0NRT",303.51,4.67,"D"
"5048",19.31222,102.32677,332.44,0.47,0.4,"2026-02-15",637,"N20","nominal","2.0NRT",306.23,5.17,"D"
"5049",18.34075,95.91154,339.25,0.46,0.39,"2026-02-15",637,"N20","nominal","2.0NRT",305.33,5.21,"D"
"5050",18.33851,95.89854,340.12,0.46,0.39,"2026-02-15",637,"N20","nominal","2.0NRT",307.34,7.66,"D"
"5051",18.34432,95.9109,332.68,0.46,0.39,"2026-02-15",637,"N20","nominal","2.0NRT",304.48,3.24,"D"
"5052",18.34356,95.90654,334.22,0.46,0.39,"2026-02-15",637,"N20","nominal","2.0NRT",305.99,3.6,"D"
"5053",18.19309,95.0032,334.84,0.51,0.41,"2026-02-15",637,"N20","nominal","2.0NRT",304.98,4.54,"D"
"5054",18.33791,95.80957,333.95,0.46,0.39,"2026-02-15",637,"N20","low","2.0NRT",306.72,9.71,"D"
"5055",19.70629,105.38179,339.46,0.47,0.48,"2026-02-15",637,"N20","nominal","2.0NRT",296.87,15.92,"D"
"5056",18.21289,95.07155,338.04,0.5,0.41,"2026-02-15",637,"N20","nominal","2.0NRT",311.31,4.21,"D"
"5057",18.19977,94.99734,330.04,0.51,0.41,"2026-02-15",637,"N20","nominal","2.0NRT",303.17,2.6,"D"
"5058",19.52277,103.80063,332.46,0.57,0.43,"2026-02-15",637,"N20","nominal","2.0NRT",301.78,4.57,"D"
"5059",18.50124,96.73208,336.8,0.42,0.38,"2026-02-15",637,"N20","low","2.0NRT",308.96,4.39,"D"
"5060",19.72262,105.4073,331.99,0.48,0.48,"2026-02-15",637,"N20","nominal","2.0NRT",298.95,3.86,"D"
"5061",19.53064,103.79912,330.82,0.57,0.43,"2026-02-15",637,"N20","nominal","2.0NRT",297.91,10.32,"D"
"5062",18.61041,97.31182,338.46,0.4,0.37,"2026-02-15",637,"N20","nominal","2.0NRT",305.9,6.98,"D"
"5063",18.22573,94.92515,336.01,0.51,0.41,"2026-02-15",637,"N20","nominal","2.0NRT",304.23,3.83,"D"
"5064",18.67322,97.53008,346.31,0.4,0.37,"2026-02-15",637,"N20","nominal","2.0NRT",308.22,5.58,"D"
"5065",19.01654,99.66766,342.71,0.39,0.36,"2026-02-15",637,"N20","nominal","2.0NRT",308.33,5.31,"D"
"5066",18.25837,94.95695,333.48,0.51,0.41,"2026-02-15",637,"N20","low","2.0NRT",303.49,3.1,"D"
"5067",18.68152,97.47415,333.88,0.4,0.37,"2026-02-15",637,"N20","nominal","2.0NRT",308.66,5.7,"D"
"5068",18.68092,97.47042,339.53,0.4,0.37,"2026-02-15",637,"N20","nominal","2.0NRT",314.19,10.39,"D"
"5069",18.68032,97.46665,332.27,0.4,0.37,"2026-02-15",637,"N20","nominal","2.0NRT",305.94,10.39,"D"
"5070",18.68487,97.47355,333.85,0.4,0.37,"2026-02-15",637,"N20","low","2.0NRT",305.27,5.7,"D"
"5071",18.68427,97.4698,351.69,0.4,0.37,"2026-02-15",637,"N20","nominal","2.0NRT",312.3,10.39,"D"
"5072",18.68367,97.46602,341.77,0.4,0.37,"2026-02-15",637,"N20","nominal","2.0NRT",308.38,10.39,"D"
"5073",18.4175,95.84383,334.44,0.46,0.39,"2026-02-15",637,"N20","low","2.0NRT",305.89,4.36,"D"
"5074",18.41677,95.83949,336.48,0.46,0.39,"2026-02-15",637,"N20","low","2.0NRT",308.34,5.72,"D"
"5075",18.28168,95.02476,334.68,0.51,0.41,"2026-02-15",637,"N20","low","2.0NRT",305.96,4.18,"D"
"5076",18.27406,94.936,344.73,0.51,0.41,"2026-02-15",637,"N20","nominal","2.0NRT",304.17,4.16,"D"
"5077",18.27321,94.93107,331.98,0.51,0.41,"2026-02-15",637,"N20","low","2.0NRT",302.76,4.16,"D"
"5078",19.81147,105.40163,337.38,0.48,0.48,"2026-02-15",637,"N20","nominal","2.0NRT",296.12,6.06,"D"
"5079",19.45364,102.57646,333.39,0.49,0.4,"2026-02-15",637,"N20","nominal","2.0NRT",302.62,3.25,"D"
"5080",19.21805,100.85981,337.33,0.41,0.37,"2026-02-15",637,"N20","nominal","2.0NRT",307.54,3.48,"D"
"5081",19.2182,100.85987,333.44,0.41,0.37,"2026-02-15",637,"N20","low","2.0NRT",306.15,3.49,"D"
"5082",19.04459,99.65148,334.87,0.39,0.36,"2026-02-15",637,"N20","low","2.0NRT",305.78,3.45,"D"
"5083",18.27502,94.93793,341.42,0.51,0.41,"2026-02-15",637,"N20","nominal","2.0NRT",301.03,4.6,"D"
"5084",18.27415,94.93304,340,0.51,0.41,"2026-02-15",637,"N20","nominal","2.0NRT",301.96,4.6,"D"
"5085",19.45279,102.578,333.94,0.49,0.4,"2026-02-15",637,"N20","nominal","2.0NRT",303.56,3.29,"D"
"5086",18.44602,95.82613,338.24,0.46,0.39,"2026-02-15",637,"N20","low","2.0NRT",309.9,6.79,"D"
"5087",18.44528,95.82185,344.72,0.46,0.39,"2026-02-15",637,"N20","nominal","2.0NRT",311.45,6.79,"D"
"5088",18.4539,95.82912,347.48,0.46,0.39,"2026-02-15",637,"N20","nominal","2.0NRT",317,17.52,"D"
"5089",18.45317,95.82484,352.69,0.46,0.39,"2026-02-15",637,"N20","nominal","2.0NRT",312.56,12.83,"D"
"5090",18.73568,97.49932,333.6,0.4,0.37,"2026-02-15",637,"N20","low","2.0NRT",306.95,4.44,"D"
"5091",18.45748,95.82848,344.99,0.46,0.39,"2026-02-15",637,"N20","nominal","2.0NRT",312.81,17.52,"D"
"5092",18.45674,95.82419,348.05,0.46,0.39,"2026-02-15",637,"N20","nominal","2.0NRT",314.24,12.83,"D"
"5093",18.32689,95.05642,341.42,0.5,0.41,"2026-02-15",637,"N20","nominal","2.0NRT",309.61,6.09,"D"
"5094",18.32606,95.05175,344.26,0.5,0.41,"2026-02-15",637,"N20","nominal","2.0NRT",308.92,6.47,"D"
"5095",19.78521,105.02223,336.68,0.45,0.47,"2026-02-15",637,"N20","nominal","2.0NRT",297.34,5.5,"D"
"5096",18.46462,95.82715,343.84,0.46,0.39,"2026-02-15",637,"N20","low","2.0NRT",316.25,30.14,"D"
"5097",19.79653,105.0071,342.75,0.45,0.47,"2026-02-15",637,"N20","nominal","2.0NRT",297.04,6.16,"D"
"5098",18.36454,95.18378,353.4,0.49,0.41,"2026-02-15",637,"N20","nominal","2.0NRT",315.04,9.31,"D"
"5099",19.2006,100.4182,334.69,0.4,0.37,"2026-02-15",637,"N20","nominal","2.0NRT",303.42,1.54,"D"
"5100",18.49528,95.81252,344.69,0.46,0.39,"2026-02-15",637,"N20","nominal","2.0NRT",311.38,5.52,"D"
"5101",18.49455,95.80823,345.55,0.46,0.39,"2026-02-15",637,"N20","nominal","2.0NRT",316.1,12.59,"D"
"5102",18.37138,95.09142,346.75,0.5,0.41,"2026-02-15",637,"N20","nominal","2.0NRT",311.89,16.82,"D"
"5103",18.37057,95.08675,335.57,0.5,0.41,"2026-02-15",637,"N20","low","2.0NRT",310.37,16.82,"D"
"5104",18.49958,95.81616,336.87,0.46,0.39,"2026-02-15",637,"N20","low","2.0NRT",311.37,5.52,"D"
"5105",18.49885,95.81187,348.92,0.46,0.39,"2026-02-15",637,"N20","nominal","2.0NRT",314.41,5.52,"D"
"5106",18.49374,95.78173,339.27,0.46,0.39,"2026-02-15",637,"N20","nominal","2.0NRT",309.68,1.56,"D"
"5107",18.51423,95.88099,350.6,0.46,0.39,"2026-02-15",637,"N20","nominal","2.0NRT",307.62,10.12,"D"
"5108",18.50243,95.81122,349.9,0.46,0.39,"2026-02-15",637,"N20","nominal","2.0NRT",320.08,36.76,"D"
"5109",18.49878,95.78969,342.05,0.46,0.39,"2026-02-15",637,"N20","nominal","2.0NRT",311.66,4.5,"D"
"5110",18.49804,95.78535,342.7,0.46,0.39,"2026-02-15",637,"N20","nominal","2.0NRT",313.01,4.5,"D"
"5111",18.49731,95.78102,340.9,0.46,0.39,"2026-02-15",637,"N20","nominal","2.0NRT",313.73,5.02,"D"
"5112",18.38124,95.10405,338.22,0.5,0.41,"2026-02-15",637,"N20","nominal","2.0NRT",307.52,2.3,"D"
"5113",18.77292,97.43048,335.36,0.4,0.37,"2026-02-15",637,"N20","nominal","2.0NRT",306.41,4.72,"D"
"5114",18.77232,97.4267,337.54,0.4,0.37,"2026-02-15",637,"N20","low","2.0NRT",309.09,4.72,"D"
"5115",18.506,95.81058,348.43,0.46,0.39,"2026-02-15",637,"N20","nominal","2.0NRT",312.62,36.76,"D"
"5116",18.77628,97.42989,334.96,0.4,0.37,"2026-02-15",637,"N20","nominal","2.0NRT",304.95,4.19,"D"
"5117",18.77568,97.4261,338.7,0.4,0.37,"2026-02-15",637,"N20","nominal","2.0NRT",310.44,4.19,"D"
"5118",18.52488,95.87888,336.76,0.46,0.39,"2026-02-15",637,"N20","nominal","2.0NRT",303.73,6.49,"D"
"5119",18.52411,95.87428,344.95,0.46,0.39,"2026-02-15",637,"N20","nominal","2.0NRT",308.94,10.99,"D"
"5120",18.35924,94.9109,333.32,0.51,0.41,"2026-02-15",637,"N20","low","2.0NRT",307.7,4.58,"D"
"5121",18.77816,97.39849,345.65,0.4,0.37,"2026-02-15",637,"N20","nominal","2.0NRT",306.4,4.3,"D"
"5122",18.52842,95.8781,333.7,0.46,0.39,"2026-02-15",637,"N20","nominal","2.0NRT",304.14,6.01,"D"
"5123",18.52766,95.87356,347.12,0.46,0.39,"2026-02-15",637,"N20","nominal","2.0NRT",308.48,7.14,"D"
"5124",18.78212,97.40165,336.66,0.4,0.37,"2026-02-15",637,"N20","nominal","2.0NRT",305.17,1.65,"D"
"5125",18.78152,97.39787,349.45,0.4,0.37,"2026-02-15",637,"N20","nominal","2.0NRT",305.82,4.3,"D"
"5126",18.5312,95.8728,346,0.46,0.39,"2026-02-15",637,"N20","nominal","2.0NRT",306.14,7.14,"D"
"5127",18.53046,95.86838,347.09,0.46,0.39,"2026-02-15",637,"N20","nominal","2.0NRT",306.41,7.14,"D"
"5128",19.36304,101.24213,331.87,0.43,0.38,"2026-02-15",637,"N20","nominal","2.0NRT",301.04,2.65,"D"
"5129",18.53184,95.8547,340.58,0.46,0.39,"2026-02-15",637,"N20","nominal","2.0NRT",305.77,4.69,"D"
"5130",18.37447,94.9318,338.52,0.51,0.41,"2026-02-15",637,"N20","nominal","2.0NRT",306.12,5.85,"D"
"5131",19.10671,99.43147,331.92,0.39,0.36,"2026-02-15",637,"N20","nominal","2.0NRT",302.14,2.23,"D"
"5132",18.62503,96.37068,337.82,0.43,0.38,"2026-02-15",637,"N20","nominal","2.0NRT",308.05,4.5,"D"
"5133",18.52447,95.76705,348.56,0.46,0.39,"2026-02-15",637,"N20","nominal","2.0NRT",317.33,8.57,"D"
"5134",18.38268,94.93456,340.22,0.51,0.41,"2026-02-15",637,"N20","nominal","2.0NRT",307.32,5.41,"D"
"5135",18.3819,94.93005,338.54,0.51,0.41,"2026-02-15",637,"N20","nominal","2.0NRT",307.31,5.41,"D"
"5136",18.5252,95.77139,350.06,0.46,0.39,"2026-02-15",637,"N20","low","2.0NRT",325.49,21.66,"D"
"5137",18.54469,95.86564,331.34,0.46,0.39,"2026-02-15",637,"N20","low","2.0NRT",305.34,4.95,"D"
"5138",18.54324,95.85699,337.03,0.46,0.39,"2026-02-15",637,"N20","low","2.0NRT",307.38,5.35,"D"
"5139",18.54251,95.85264,345.89,0.46,0.39,"2026-02-15",637,"N20","nominal","2.0NRT",308.85,8.39,"D"
"5140",18.52878,95.77072,340.37,0.46,0.39,"2026-02-15",637,"N20","low","2.0NRT",312.3,21.66,"D"
"5141",18.80861,97.45947,340.21,0.4,0.37,"2026-02-15",637,"N20","nominal","2.0NRT",306.22,8.21,"D"
"5142",18.80799,97.4556,343.19,0.4,0.37,"2026-02-15",637,"N20","nominal","2.0NRT",308.89,7.41,"D"
"5143",18.54824,95.86494,343.24,0.46,0.39,"2026-02-15",637,"N20","nominal","2.0NRT",307.06,7.51,"D"
"5144",18.54608,95.85196,334.02,0.46,0.39,"2026-02-15",637,"N20","low","2.0NRT",305.42,10.78,"D"
"5145",18.38529,94.90487,335.78,0.51,0.41,"2026-02-15",637,"N20","low","2.0NRT",308.03,9.28,"D"
"5146",19.68868,103.50371,335.13,0.55,0.42,"2026-02-15",637,"N20","nominal","2.0NRT",305.24,5.28,"D"
"5147",18.55035,95.85557,344.86,0.46,0.39,"2026-02-15",637,"N20","nominal","2.0NRT",305.95,9.22,"D"
"5148",18.3875,94.89526,354.12,0.51,0.41,"2026-02-15",637,"N20","nominal","2.0NRT",309.49,17.88,"D"
"5149",18.38185,94.8625,332.43,0.51,0.41,"2026-02-15",637,"N20","low","2.0NRT",305.57,5.93,"D"
"5150",18.81137,97.44279,342.19,0.4,0.37,"2026-02-15",637,"N20","nominal","2.0NRT",309.03,4.41,"D"
"5151",18.54732,95.86582,350.67,0.46,0.39,"2026-02-15",637,"N20","nominal","2.0NRT",307.69,11.51,"D"
"5152",18.54508,95.85287,351.52,0.46,0.39,"2026-02-15",637,"N20","nominal","2.0NRT",306.99,4.4,"D"
"5153",18.38307,94.93133,343.13,0.51,0.41,"2026-02-15",637,"N20","nominal","2.0NRT",306.52,6.79,"D"
"5154",19.2673,100.41484,342.27,0.4,0.37,"2026-02-15",637,"N20","nominal","2.0NRT",309.07,4.55,"D"
"5155",18.54864,95.85217,335,0.46,0.39,"2026-02-15",637,"N20","low","2.0NRT",306.15,4.4,"D"
"5156",19.77099,104.24224,329.1,0.4,0.45,"2026-02-15",637,"N20","low","2.0NRT",302.77,3.31,"D"
"5157",18.55219,95.85145,345.9,0.46,0.39,"2026-02-15",637,"N20","nominal","2.0NRT",308.7,15.56,"D"
"5158",18.38552,94.90173,336.45,0.51,0.41,"2026-02-15",637,"N20","low","2.0NRT",308.18,8.65,"D"
"5159",19.78271,104.30572,331.18,0.41,0.45,"2026-02-15",637,"N20","nominal","2.0NRT",303.46,3.8,"D"
"5160",18.55427,95.8422,333.75,0.46,0.39,"2026-02-15",637,"N20","low","2.0NRT",306.99,1.94,"D"
"5161",18.38851,94.89677,348.03,0.51,0.41,"2026-02-15",637,"N20","nominal","2.0NRT",313.26,31.69,"D"
"5162",18.38268,94.86406,333.58,0.51,0.41,"2026-02-15",637,"N20","low","2.0NRT",304.55,4.82,"D"
"5163",19.78392,104.28092,328.08,0.41,0.45,"2026-02-15",637,"N20","nominal","2.0NRT",295.84,37.3,"D"
"5164",19.78352,104.27755,349.49,0.41,0.45,"2026-02-15",637,"N20","nominal","2.0NRT",314.2,37.3,"D"
"5165",19.78192,104.2642,340,0.41,0.45,"2026-02-15",637,"N20","nominal","2.0NRT",314.45,43.01,"D"
"5166",19.78148,104.26056,338.21,0.4,0.45,"2026-02-15",637,"N20","nominal","2.0NRT",303.99,15.67,"D"
"5167",19.57102,102.56989,345.66,0.49,0.4,"2026-02-15",637,"N20","nominal","2.0NRT",305.31,7.16,"D"
"5168",18.39232,94.89642,340.05,0.51,0.41,"2026-02-15",637,"N20","nominal","2.0NRT",309.58,14.71,"D"
"5169",18.38975,94.88196,333,0.51,0.41,"2026-02-15",637,"N20","nominal","2.0NRT",306.55,3.06,"D"
"5170",19.78754,104.27638,337.59,0.41,0.45,"2026-02-15",637,"N20","nominal","2.0NRT",305.81,37.3,"D"
"5171",19.78714,104.27299,336.92,0.41,0.45,"2026-02-15",637,"N20","nominal","2.0NRT",298.48,53.26,"D"
"5172",18.40442,94.9427,348.98,0.51,0.41,"2026-02-15",637,"N20","nominal","2.0NRT",310.99,10.04,"D"
"5173",18.4073,94.93719,342.58,0.51,0.41,"2026-02-15",637,"N20","nominal","2.0NRT",307.4,11.34,"D"
"5174",18.57358,95.84759,341.39,0.46,0.39,"2026-02-15",637,"N20","nominal","2.0NRT",306.21,4.54,"D"
"5175",19.84266,104.59757,332.19,0.43,0.46,"2026-02-15",637,"N20","nominal","2.0NRT",302.3,4.48,"D"
"5176",19.82176,104.42245,328.47,0.41,0.45,"2026-02-15",637,"N20","low","2.0NRT",301.99,2.15,"D"
"5177",18.57713,95.84687,332.02,0.46,0.39,"2026-02-15",637,"N20","low","2.0NRT",306.48,4.54,"D"
"5178",18.57639,95.84257,345.65,0.46,0.39,"2026-02-15",637,"N20","nominal","2.0NRT",308.73,4.54,"D"
"5179",18.43321,95.01836,346.08,0.5,0.41,"2026-02-15",637,"N20","nominal","2.0NRT",311.67,10.01,"D"
"5180",18.41606,94.92119,332.55,0.51,0.41,"2026-02-15",637,"N20","nominal","2.0NRT",304.31,2.17,"D"
"5181",18.58277,95.83686,336.65,0.46,0.39,"2026-02-15",637,"N20","low","2.0NRT",307.72,3.98,"D"
"5182",18.58203,95.83254,344.96,0.46,0.39,"2026-02-15",637,"N20","nominal","2.0NRT",309.32,3.98,"D"
"5183",19.8376,104.44929,343.11,0.42,0.45,"2026-02-15",637,"N20","nominal","2.0NRT",302.92,4.98,"D"
"5184",18.5856,95.8319,334.51,0.46,0.39,"2026-02-15",637,"N20","low","2.0NRT",307.46,1.99,"D"
"5185",19.81494,104.22792,334.63,0.4,0.44,"2026-02-15",637,"N20","nominal","2.0NRT",298.26,1.95,"D"
"5186",19.80784,104.16982,334.52,0.4,0.44,"2026-02-15",637,"N20","nominal","2.0NRT",303.17,2.98,"D"
"5187",18.85445,97.43168,334.55,0.4,0.37,"2026-02-15",637,"N20","nominal","2.0NRT",301.61,2.37,"D"
"5188",18.85385,97.42796,337.08,0.4,0.37,"2026-02-15",637,"N20","nominal","2.0NRT",304.62,2.37,"D"
"5189",18.84592,97.37877,333.94,0.4,0.37,"2026-02-15",637,"N20","low","2.0NRT",308.01,3.44,"D"
"5190",18.86176,97.4342,332.49,0.4,0.37,"2026-02-15",637,"N20","low","2.0NRT",305.08,2.34,"D"
"5191",18.59481,95.82123,334.24,0.46,0.39,"2026-02-15",637,"N20","low","2.0NRT",307.33,4.61,"D"
"5192",19.67271,103.0022,346.22,0.51,0.41,"2026-02-15",637,"N20","nominal","2.0NRT",296.04,7.92,"D"
"5193",18.86453,97.43002,333.62,0.4,0.37,"2026-02-15",637,"N20","nominal","2.0NRT",302.43,2.13,"D"
"5194",18.59838,95.82057,338.75,0.46,0.39,"2026-02-15",637,"N20","nominal","2.0NRT",307.54,3.62,"D"
"5195",18.45839,95.00848,351.61,0.5,0.41,"2026-02-15",637,"N20","nominal","2.0NRT",313.16,9.58,"D"
"5196",18.60415,95.83286,336.28,0.46,0.39,"2026-02-15",637,"N20","nominal","2.0NRT",308.81,2.49,"D"
"5197",18.59682,95.78975,345,0.46,0.39,"2026-02-15",637,"N20","nominal","2.0NRT",311.16,9.26,"D"
"5198",18.44341,94.90083,330.98,0.51,0.41,"2026-02-15",637,"N20","nominal","2.0NRT",305.44,1.86,"D"
"5199",19.84648,104.31538,341.66,0.41,0.45,"2026-02-15",637,"N20","nominal","2.0NRT",302.27,6.35,"D"
"5200",18.61287,95.86263,344.15,0.46,0.39,"2026-02-15",637,"N20","nominal","2.0NRT",306.06,4.03,"D"
"5201",18.59819,95.77614,340.82,0.46,0.39,"2026-02-15",637,"N20","low","2.0NRT",312.72,15.5,"D"
"5202",18.46585,95.00716,337.13,0.5,0.41,"2026-02-15",637,"N20","low","2.0NRT",310.07,3.47,"D"
"5203",18.61645,95.86217,333.36,0.46,0.39,"2026-02-15",637,"N20","low","2.0NRT",305.31,4.03,"D"
"5204",18.61569,95.85765,342.01,0.46,0.39,"2026-02-15",637,"N20","nominal","2.0NRT",307.51,6.5,"D"
"5205",18.61492,95.85311,347.97,0.46,0.39,"2026-02-15",637,"N20","nominal","2.0NRT",310.85,6.5,"D"
"5206",18.61345,95.84442,334.06,0.46,0.39,"2026-02-15",637,"N20","low","2.0NRT",307.22,4.31,"D"
"5207",18.58408,95.67143,344.46,0.47,0.39,"2026-02-15",637,"N20","low","2.0NRT",316.57,6.33,"D"
"5208",18.51344,95.23758,344.34,0.49,0.4,"2026-02-15",637,"N20","nominal","2.0NRT",316.82,9.44,"D"
"5209",19.88015,104.45277,335.52,0.42,0.45,"2026-02-15",637,"N20","nominal","2.0NRT",300.63,3.85,"D"
"5210",18.61977,95.81656,334.61,0.46,0.39,"2026-02-15",637,"N20","low","2.0NRT",309.23,7.86,"D"
"5211",18.53411,95.31365,338.67,0.48,0.4,"2026-02-15",637,"N20","low","2.0NRT",312.22,3.2,"D"
"5212",18.62478,95.82448,338.39,0.46,0.39,"2026-02-15",637,"N20","low","2.0NRT",309.01,2.82,"D"
"5213",18.59473,95.64687,346.34,0.47,0.39,"2026-02-15",637,"N20","nominal","2.0NRT",315.33,12.12,"D"
"5214",18.46574,94.89583,331.91,0.51,0.41,"2026-02-15",637,"N20","nominal","2.0NRT",306.44,3.11,"D"
"5215",18.47248,94.89011,335.66,0.51,0.41,"2026-02-15",637,"N20","nominal","2.0NRT",306.12,4.72,"D"
"5216",19.03901,98.31891,332.76,0.39,0.36,"2026-02-15",637,"N20","nominal","2.0NRT",302.74,3.95,"D"
"5217",18.62088,95.71391,342.23,0.46,0.39,"2026-02-15",637,"N20","low","2.0NRT",316.76,8.41,"D"
"5218",19.56466,101.85946,335.32,0.45,0.39,"2026-02-15",637,"N20","nominal","2.0NRT",304.6,4.24,"D"
"5219",19.28971,99.93156,340.15,0.39,0.36,"2026-02-15",637,"N20","nominal","2.0NRT",308.57,5.37,"D"
"5220",19.29248,99.92724,346.79,0.39,0.36,"2026-02-15",637,"N20","nominal","2.0NRT",306.18,6.54,"D"
"5221",18.66489,95.9106,332.44,0.45,0.39,"2026-02-15",637,"N20","nominal","2.0NRT",302.15,3.44,"D"
"5222",18.64736,95.75017,342.5,0.46,0.39,"2026-02-15",637,"N20","low","2.0NRT",314.16,3.75,"D"
"5223",18.65093,95.7495,347.09,0.46,0.39,"2026-02-15",637,"N20","nominal","2.0NRT",314.9,6.66,"D"
"5224",19.34004,100.07135,330.14,0.39,0.37,"2026-02-15",637,"N20","low","2.0NRT",304.86,2.02,"D"
"5225",19.3395,100.06767,337.02,0.39,0.37,"2026-02-15",637,"N20","nominal","2.0NRT",305.33,2.02,"D"
"5226",18.55896,95.13536,343.36,0.49,0.41,"2026-02-15",637,"N20","low","2.0NRT",317.3,7.6,"D"
"5227",18.51102,94.86383,338.07,0.51,0.41,"2026-02-15",637,"N20","low","2.0NRT",309.62,3.83,"D"
"5228",20.5288,110.19464,336.1,0.5,0.66,"2026-02-15",637,"N20","nominal","2.0NRT",300.06,3.39,"D"
"5229",19.34432,99.98329,333.89,0.39,0.36,"2026-02-15",637,"N20","nominal","2.0NRT",307.93,3.65,"D"
"5230",18.68273,95.80588,335.78,0.46,0.39,"2026-02-15",637,"N20","low","2.0NRT",310.5,4.8,"D"
"5231",18.68199,95.80155,335.5,0.46,0.39,"2026-02-15",637,"N20","low","2.0NRT",310.44,6.71,"D"
"5232",18.67977,95.78864,347.74,0.46,0.39,"2026-02-15",637,"N20","nominal","2.0NRT",310.88,8.42,"D"
"5233",18.67904,95.78432,343.59,0.46,0.39,"2026-02-15",637,"N20","nominal","2.0NRT",311.97,5.37,"D"
"5234",18.67608,95.76707,342.55,0.46,0.39,"2026-02-15",637,"N20","low","2.0NRT",315.06,18.29,"D"
"5235",19.34765,99.98273,341.5,0.39,0.36,"2026-02-15",637,"N20","nominal","2.0NRT",309.54,3.65,"D"
"5236",19.34711,99.97903,335.85,0.39,0.36,"2026-02-15",637,"N20","low","2.0NRT",307.07,2.93,"D"
"5237",18.68629,95.80523,341.69,0.46,0.39,"2026-02-15",637,"N20","nominal","2.0NRT",310.7,4.8,"D"
"5238",18.69061,95.80894,341.43,0.46,0.39,"2026-02-15",637,"N20","nominal","2.0NRT",313.59,11.48,"D"
"5239",18.58979,95.22466,338.2,0.49,0.4,"2026-02-15",637,"N20","low","2.0NRT",312.88,3.01,"D"
"5240",18.68815,95.75147,348.99,0.46,0.39,"2026-02-15",637,"N20","nominal","2.0NRT",313.73,5.42,"D"
"5241",18.60744,95.28257,334.66,0.49,0.4,"2026-02-15",637,"N20","low","2.0NRT",306.55,2.75,"D"
"5242",18.83661,96.5487,348.59,0.43,0.38,"2026-02-15",637,"N20","nominal","2.0NRT",318.43,8.07,"D"
"5243",18.55842,94.91344,337.58,0.51,0.41,"2026-02-15",637,"N20","low","2.0NRT",312.17,4.42,"D"
"5244",18.71041,95.77403,340.58,0.46,0.39,"2026-02-15",637,"N20","low","2.0NRT",311.51,4.2,"D"
"5245",18.70665,95.73014,345.58,0.46,0.39,"2026-02-15",637,"N20","nominal","2.0NRT",311.48,4.56,"D"
"5246",19.39464,100.07059,330.92,0.39,0.37,"2026-02-15",637,"N20","low","2.0NRT",304.84,3.43,"D"
"5247",20.14977,105.81286,340.03,0.51,0.49,"2026-02-15",637,"N20","nominal","2.0NRT",293.46,12.91,"D"
"5248",18.72388,95.74475,340.58,0.46,0.39,"2026-02-15",637,"N20","nominal","2.0NRT",311.02,13.12,"D"
"5249",18.72315,95.74044,348.52,0.46,0.39,"2026-02-15",637,"N20","nominal","2.0NRT",315.41,14.71,"D"
"5250",18.72242,95.73611,350.63,0.46,0.39,"2026-02-15",637,"N20","nominal","2.0NRT",313.05,14.71,"D"
"5251",19.4058,100.05343,340.02,0.39,0.37,"2026-02-15",637,"N20","nominal","2.0NRT",306.86,2.53,"D"
"5252",18.8634,96.56034,344.66,0.43,0.38,"2026-02-15",637,"N20","nominal","2.0NRT",309.72,7.07,"D"
"5253",18.73843,95.80928,335.63,0.46,0.39,"2026-02-15",637,"N20","nominal","2.0NRT",306.62,3.09,"D"
"5254",18.72745,95.74408,345.84,0.46,0.39,"2026-02-15",637,"N20","nominal","2.0NRT",316.67,13.12,"D"
"5255",18.72672,95.73977,345.15,0.46,0.39,"2026-02-15",637,"N20","nominal","2.0NRT",313.04,14.71,"D"
"5256",18.69796,95.56979,336.36,0.47,0.4,"2026-02-15",637,"N20","low","2.0NRT",311.17,2.97,"D"
"5257",18.72599,95.73544,350.05,0.46,0.39,"2026-02-15",637,"N20","low","2.0NRT",325.59,14.71,"D"
"5258",19.53513,100.92628,338.5,0.42,0.37,"2026-02-15",637,"N20","nominal","2.0NRT",303.41,4.77,"D"
"5259",18.74199,95.80861,334.94,0.46,0.39,"2026-02-15",637,"N20","nominal","2.0NRT",306,1.75,"D"
"5260",18.7303,95.7391,348.81,0.46,0.39,"2026-02-15",637,"N20","nominal","2.0NRT",310.91,9.44,"D"
"5261",18.68716,95.46224,342.83,0.47,0.4,"2026-02-15",637,"N20","nominal","2.0NRT",312.83,5.08,"D"
"5262",19.78309,102.67269,341.73,0.5,0.41,"2026-02-15",637,"N20","nominal","2.0NRT",311.78,41.23,"D"
"5263",20.1601,105.6265,332.15,0.5,0.49,"2026-02-15",637,"N20","nominal","2.0NRT",297.95,3.82,"D"
"5264",18.73883,95.72408,351.6,0.46,0.39,"2026-02-15",637,"N20","nominal","2.0NRT",314.27,9.55,"D"
"5265",18.7381,95.71975,338.76,0.46,0.39,"2026-02-15",637,"N20","low","2.0NRT",312.93,2.25,"D"
"5266",18.74313,95.72774,336.38,0.46,0.39,"2026-02-15",637,"N20","nominal","2.0NRT",310.18,5.11,"D"
"5267",18.7424,95.7234,348.42,0.46,0.39,"2026-02-15",637,"N20","nominal","2.0NRT",313.75,5.11,"D"
"5268",19.68508,101.86933,345.93,0.45,0.39,"2026-02-15",637,"N20","nominal","2.0NRT",305.91,6.22,"D"
"5269",18.76125,95.81404,339.27,0.46,0.39,"2026-02-15",637,"N20","nominal","2.0NRT",311.55,6.04,"D"
"5270",19.7852,102.67451,332.46,0.5,0.41,"2026-02-15",637,"N20","nominal","2.0NRT",295.76,10.67,"D"
"5271",19.78457,102.66957,340.45,0.5,0.41,"2026-02-15",637,"N20","nominal","2.0NRT",305.49,25.54,"D"
"5272",19.18422,98.42018,342.14,0.39,0.36,"2026-02-15",637,"N20","nominal","2.0NRT",311.86,7.14,"D"
"5273",19.18365,98.41654,350.37,0.39,0.36,"2026-02-15",637,"N20","nominal","2.0NRT",310.35,7.14,"D"
"5274",18.74114,95.72511,350.33,0.46,0.39,"2026-02-15",637,"N20","nominal","2.0NRT",314.91,11.68,"D"
"5275",18.74039,95.72079,349.54,0.46,0.39,"2026-02-15",637,"N20","nominal","2.0NRT",314.3,7.87,"D"
"5276",19.68424,101.8708,332.74,0.45,0.39,"2026-02-15",637,"N20","low","2.0NRT",302.83,3.46,"D"
"5277",18.7605,95.81562,339.44,0.46,0.39,"2026-02-15",637,"N20","nominal","2.0NRT",308.46,7.23,"D"
"5278",19.41518,99.88813,335.62,0.39,0.36,"2026-02-15",637,"N20","nominal","2.0NRT",305.91,3.21,"D"
"5279",20.1581,105.62897,336.46,0.5,0.49,"2026-02-15",637,"N20","nominal","2.0NRT",298.48,5.13,"D"
"5280",18.8755,96.40564,342.04,0.43,0.38,"2026-02-15",637,"N20","nominal","2.0NRT",312.22,6.03,"D"
"5281",18.61602,94.86189,339.12,0.51,0.41,"2026-02-15",637,"N20","low","2.0NRT",310.35,7.58,"D"
"5282",19.21615,98.42963,338.93,0.39,0.36,"2026-02-15",637,"N20","low","2.0NRT",311.93,4.05,"D"
"5283",18.86823,96.27724,340.39,0.44,0.38,"2026-02-15",637,"N20","nominal","2.0NRT",311.37,4.67,"D"
"5284",18.7785,95.74936,332.16,0.46,0.39,"2026-02-15",637,"N20","nominal","2.0NRT",307.12,6,"D"
"5285",18.77776,95.74503,355.96,0.46,0.39,"2026-02-15",637,"N20","nominal","2.0NRT",312.09,6,"D"
"5286",18.78133,95.74436,340.69,0.46,0.39,"2026-02-15",637,"N20","nominal","2.0NRT",308.23,3.15,"D"
"5287",18.7886,95.76533,352.35,0.46,0.39,"2026-02-15",637,"N20","nominal","2.0NRT",313.02,12.42,"D"
"5288",18.78564,95.748,333.76,0.46,0.39,"2026-02-15",637,"N20","nominal","2.0NRT",306.51,3.15,"D"
"5289",18.79217,95.76466,337.42,0.46,0.39,"2026-02-15",637,"N20","low","2.0NRT",309.85,3.6,"D"
"5290",19.71129,101.74757,341.53,0.45,0.39,"2026-02-15",637,"N20","nominal","2.0NRT",304.95,9.23,"D"
"5291",18.7972,95.77261,334.23,0.46,0.39,"2026-02-15",637,"N20","low","2.0NRT",305.69,21.79,"D"
"5292",18.79647,95.7683,347.35,0.46,0.39,"2026-02-15",637,"N20","nominal","2.0NRT",314.96,21.79,"D"
"5293",18.79573,95.76397,332.55,0.46,0.39,"2026-02-15",637,"N20","low","2.0NRT",307.16,3.6,"D"
"5294",20.03185,104.20856,329.62,0.4,0.45,"2026-02-15",637,"N20","nominal","2.0NRT",297.39,1.47,"D"
"5295",19.78362,102.25928,332.41,0.47,0.4,"2026-02-15",637,"N20","nominal","2.0NRT",302.69,4.95,"D"
"5296",18.68188,95.06124,347.57,0.5,0.41,"2026-02-15",637,"N20","nominal","2.0NRT",314.08,4.33,"D"
"5297",18.81502,95.76926,336.28,0.46,0.39,"2026-02-15",637,"N20","nominal","2.0NRT",306.28,1.87,"D"
"5298",19.94543,103.32333,341.33,0.54,0.42,"2026-02-15",637,"N20","nominal","2.0NRT",302.32,9.8,"D"
"5299",18.81484,95.72478,344.89,0.46,0.39,"2026-02-15",637,"N20","nominal","2.0NRT",311.29,4.73,"D"
"5300",19.40096,99.37801,332.2,0.39,0.36,"2026-02-15",637,"N20","nominal","2.0NRT",303,10.3,"D"
"5301",19.40041,99.37434,349.49,0.39,0.36,"2026-02-15",637,"N20","nominal","2.0NRT",312.44,14.12,"D"
"5302",19.07044,97.24895,337.05,0.4,0.37,"2026-02-15",637,"N20","nominal","2.0NRT",306.9,6.51,"D"
"5303",19.06982,97.2451,337.99,0.4,0.37,"2026-02-15",637,"N20","nominal","2.0NRT",307.01,3.12,"D"
"5304",19.06922,97.24133,335.84,0.4,0.37,"2026-02-15",637,"N20","low","2.0NRT",306.48,3.12,"D"
"5305",19.07382,97.24843,334.41,0.4,0.37,"2026-02-15",637,"N20","nominal","2.0NRT",303.83,5.03,"D"
"5306",19.07321,97.2446,337.78,0.4,0.37,"2026-02-15",637,"N20","low","2.0NRT",307.91,8.94,"D"
"5307",20.14184,104.76447,335.33,0.44,0.46,"2026-02-15",637,"N20","nominal","2.0NRT",297.32,4.07,"D"
"5308",18.8423,95.80021,330.11,0.46,0.39,"2026-02-15",637,"N20","low","2.0NRT",303.11,4.04,"D"
"5309",18.94697,96.38416,347.61,0.43,0.38,"2026-02-15",637,"N20","nominal","2.0NRT",317.97,5.69,"D"
"5310",19.08331,97.1997,340.67,0.4,0.37,"2026-02-15",637,"N20","nominal","2.0NRT",310.28,5.47,"D"
"5311",19.0827,97.19588,334.37,0.4,0.37,"2026-02-15",637,"N20","nominal","2.0NRT",308.85,3.11,"D"
"5312",18.82004,95.60278,342.19,0.47,0.39,"2026-02-15",637,"N20","nominal","2.0NRT",312.57,2.32,"D"
"5313",18.85143,95.76719,333.01,0.46,0.39,"2026-02-15",637,"N20","nominal","2.0NRT",304.71,2.43,"D"
"5314",18.7798,95.32146,347.35,0.48,0.4,"2026-02-15",637,"N20","nominal","2.0NRT",315.17,3.23,"D"
"5315",18.73819,95.05556,340.26,0.5,0.41,"2026-02-15",637,"N20","nominal","2.0NRT",312.68,10,"D"
"5316",18.73416,95.03206,348.22,0.5,0.41,"2026-02-15",637,"N20","nominal","2.0NRT",313.68,10.23,"D"
"5317",19.28476,98.39183,335.19,0.39,0.36,"2026-02-15",637,"N20","nominal","2.0NRT",306.99,3.08,"D"
"5318",19.2842,98.38823,330.93,0.39,0.36,"2026-02-15",637,"N20","nominal","2.0NRT",304.33,2.55,"D"
"5319",18.95228,96.30791,340.21,0.43,0.38,"2026-02-15",637,"N20","nominal","2.0NRT",314.92,6.62,"D"
"5320",18.84611,95.66964,347.68,0.46,0.39,"2026-02-15",637,"N20","nominal","2.0NRT",315.27,9.66,"D"
"5321",18.83661,95.61311,346.28,0.47,0.39,"2026-02-15",637,"N20","nominal","2.0NRT",315.8,3.53,"D"
"5322",18.74188,95.05486,340.65,0.5,0.41,"2026-02-15",637,"N20","nominal","2.0NRT",314.75,10,"D"
"5323",18.74108,95.05016,341.72,0.5,0.41,"2026-02-15",637,"N20","nominal","2.0NRT",312.01,10,"D"
"5324",18.77985,95.32293,343.14,0.48,0.4,"2026-02-15",637,"N20","low","2.0NRT",314.37,5.86,"D"
"5325",18.72554,95.0162,341,0.5,0.41,"2026-02-15",637,"N20","nominal","2.0NRT",313.26,5.88,"D"
"5326",18.95366,96.3082,346.39,0.43,0.38,"2026-02-15",637,"N20","nominal","2.0NRT",315.65,7.24,"D"
"5327",18.73173,95.02952,351.2,0.5,0.41,"2026-02-15",637,"N20","nominal","2.0NRT",314.77,10.06,"D"
"5328",19.66703,100.92155,336.46,0.42,0.37,"2026-02-15",637,"N20","nominal","2.0NRT",302.7,15.27,"D"
"5329",18.84802,95.6704,343.97,0.46,0.39,"2026-02-15",637,"N20","low","2.0NRT",316.25,12.5,"D"
"5330",18.83822,95.61398,349.13,0.46,0.39,"2026-02-15",637,"N20","nominal","2.0NRT",318.57,10.91,"D"
"5331",18.85459,95.68705,352.54,0.46,0.39,"2026-02-15",637,"N20","nominal","2.0NRT",318.1,7.17,"D"
"5332",18.84181,95.61329,348,0.46,0.39,"2026-02-15",637,"N20","nominal","2.0NRT",318.74,10.91,"D"
"5333",18.7433,95.05157,351.34,0.5,0.41,"2026-02-15",637,"N20","nominal","2.0NRT",310.03,34.79,"D"
"5334",18.86924,95.72916,345.28,0.46,0.39,"2026-02-15",637,"N20","nominal","2.0NRT",318.51,28,"D"
"5335",18.71767,94.86393,334.82,0.51,0.41,"2026-02-15",637,"N20","low","2.0NRT",309.49,4.66,"D"
"5336",19.11146,97.15174,332.06,0.41,0.37,"2026-02-15",637,"N20","nominal","2.0NRT",301.69,3.94,"D"
"5337",19.11084,97.14793,344.09,0.41,0.37,"2026-02-15",637,"N20","nominal","2.0NRT",311.52,3.94,"D"
"5338",18.87505,95.74149,342.66,0.46,0.39,"2026-02-15",637,"N20","low","2.0NRT",314,19.32,"D"
"5339",18.87356,95.73282,340.35,0.46,0.39,"2026-02-15",637,"N20","low","2.0NRT",314.87,10.41,"D"
"5340",18.87281,95.72849,346.28,0.46,0.39,"2026-02-15",637,"N20","nominal","2.0NRT",313.97,10.41,"D"
"5341",18.87861,95.74075,351.08,0.46,0.39,"2026-02-15",637,"N20","nominal","2.0NRT",317.12,19.32,"D"
"5342",18.87787,95.73647,341.79,0.46,0.39,"2026-02-15",637,"N20","nominal","2.0NRT",309.68,19.32,"D"
"5343",18.87637,95.72773,344.52,0.46,0.39,"2026-02-15",637,"N20","nominal","2.0NRT",313.02,10.41,"D"
"5344",18.89027,95.78728,335.44,0.46,0.39,"2026-02-15",637,"N20","low","2.0NRT",307.45,4.63,"D"
"5345",18.87099,95.6751,340.89,0.46,0.39,"2026-02-15",637,"N20","low","2.0NRT",314.32,5.03,"D"
"5346",19.15147,97.31277,339.8,0.4,0.37,"2026-02-15",637,"N20","nominal","2.0NRT",303.45,3.7,"D"
"5347",20.13591,104.28416,339.89,0.41,0.45,"2026-02-15",637,"N20","nominal","2.0NRT",299.59,10.48,"D"
"5348",20.1354,104.27994,329.82,0.41,0.45,"2026-02-15",637,"N20","nominal","2.0NRT",301.64,10.48,"D"
"5349",18.89433,95.74664,338.24,0.46,0.39,"2026-02-15",637,"N20","low","2.0NRT",308.39,2.06,"D"
"5350",18.88097,95.66868,347.41,0.46,0.39,"2026-02-15",637,"N20","nominal","2.0NRT",315.94,5.29,"D"
"5351",19.15697,97.30402,338.06,0.4,0.37,"2026-02-15",637,"N20","nominal","2.0NRT",302.86,4.35,"D"
"5352",18.74035,94.83939,343.08,0.51,0.41,"2026-02-15",637,"N20","nominal","2.0NRT",307.27,6.08,"D"
"5353",18.73954,94.83478,341.07,0.51,0.41,"2026-02-15",637,"N20","nominal","2.0NRT",307.23,6.48,"D"
"5354",20.29428,105.56429,348.56,0.49,0.49,"2026-02-15",637,"N20","nominal","2.0NRT",299.83,34.83,"D"
"5355",20.17555,104.54453,337.94,0.43,0.46,"2026-02-15",637,"N20","nominal","2.0NRT",298.4,4.9,"D"
"5356",19.16031,97.30331,341.43,0.4,0.37,"2026-02-15",637,"N20","nominal","2.0NRT",302.82,4.35,"D"
"5357",18.76796,94.97437,341.55,0.5,0.41,"2026-02-15",637,"N20","low","2.0NRT",312.49,3.61,"D"
"5358",18.74405,94.83841,340.94,0.51,0.41,"2026-02-15",637,"N20","nominal","2.0NRT",309.95,6.08,"D"
"5359",18.74243,94.82925,342.98,0.51,0.41,"2026-02-15",637,"N20","nominal","2.0NRT",309.08,6.48,"D"
"5360",18.86777,95.52715,336.48,0.47,0.4,"2026-02-15",637,"N20","low","2.0NRT",310.01,2.83,"D"
"5361",18.86396,95.505,350.16,0.47,0.4,"2026-02-15",637,"N20","nominal","2.0NRT",317.15,6.45,"D"
"5362",18.8632,95.50057,367,0.47,0.4,"2026-02-15",637,"N20","low","2.0NRT",325.06,26.55,"D"
"5363",18.86757,95.50433,343.69,0.47,0.4,"2026-02-15",637,"N20","nominal","2.0NRT",316.8,6.45,"D"
"5364",18.8668,95.49989,347.16,0.47,0.4,"2026-02-15",637,"N20","nominal","2.0NRT",316.12,26.55,"D"
"5365",18.8337,95.308,335.49,0.48,0.4,"2026-02-15",637,"N20","low","2.0NRT",309.64,1.99,"D"
"5366",18.91287,95.74751,334.53,0.46,0.39,"2026-02-15",637,"N20","nominal","2.0NRT",308.22,2.65,"D"
"5367",18.90478,95.70003,344.39,0.46,0.39,"2026-02-15",637,"N20","nominal","2.0NRT",309.24,9.65,"D"
"5368",18.7791,94.97228,338.97,0.5,0.41,"2026-02-15",637,"N20","low","2.0NRT",310.53,4.72,"D"
"5369",18.77583,94.95356,343.82,0.5,0.41,"2026-02-15",637,"N20","nominal","2.0NRT",313.31,6.71,"D"
"5370",18.76574,94.8299,333.35,0.51,0.41,"2026-02-15",637,"N20","low","2.0NRT",305.12,2.5,"D"
"5371",18.76493,94.8253,337.71,0.51,0.41,"2026-02-15",637,"N20","nominal","2.0NRT",307,2.5,"D"
"5372",18.9264,95.74057,340.27,0.46,0.39,"2026-02-15",637,"N20","low","2.0NRT",311.36,6.08,"D"
"5373",19.03934,96.39264,336.34,0.43,0.38,"2026-02-15",637,"N20","low","2.0NRT",310.23,0.92,"D"
"5374",18.77643,94.84683,337.99,0.51,0.41,"2026-02-15",637,"N20","nominal","2.0NRT",306.88,4.17,"D"
"5375",18.77246,94.82412,332.54,0.51,0.41,"2026-02-15",637,"N20","low","2.0NRT",304.92,5.46,"D"
"5376",18.77776,94.83234,339.62,0.51,0.41,"2026-02-15",637,"N20","nominal","2.0NRT",308.32,5.07,"D"
"5377",18.77697,94.82784,342.67,0.51,0.41,"2026-02-15",637,"N20","nominal","2.0NRT",308.54,5.24,"D"
"5378",18.92537,95.66932,346.68,0.46,0.39,"2026-02-15",637,"N20","nominal","2.0NRT",314.23,4.8,"D"
"5379",18.79939,94.93453,332.98,0.5,0.41,"2026-02-15",637,"N20","low","2.0NRT",307.59,3.69,"D"
"5380",18.78149,94.83161,342.41,0.51,0.41,"2026-02-15",637,"N20","nominal","2.0NRT",308.2,5.07,"D"
"5381",20.01519,102.91022,336.09,0.51,0.41,"2026-02-15",637,"N20","nominal","2.0NRT",301.51,6.8,"D"
"5382",19.20937,97.37228,352.27,0.4,0.37,"2026-02-15",637,"N20","nominal","2.0NRT",308.74,7.79,"D"
"5383",19.20877,97.36858,335.12,0.4,0.37,"2026-02-15",637,"N20","low","2.0NRT",305.56,3.21,"D"
"5384",18.92969,95.67301,352.22,0.46,0.39,"2026-02-15",637,"N20","nominal","2.0NRT",316.13,8.4,"D"
"5385",18.92895,95.66865,345.55,0.46,0.39,"2026-02-15",637,"N20","nominal","2.0NRT",318.51,16.02,"D"
"5386",19.21214,97.36805,345.16,0.4,0.37,"2026-02-15",637,"N20","nominal","2.0NRT",305.97,3.21,"D"
"5387",19.21609,97.37119,346.54,0.4,0.37,"2026-02-15",637,"N20","nominal","2.0NRT",304.11,7.23,"D"
"5388",19.2155,97.36755,353.61,0.4,0.37,"2026-02-15",637,"N20","nominal","2.0NRT",304.1,10.08,"D"
"5389",19.19704,97.23071,336.75,0.4,0.37,"2026-02-15",637,"N20","nominal","2.0NRT",306.72,4.43,"D"
"5390",18.94844,95.71861,342.11,0.46,0.39,"2026-02-15",637,"N20","nominal","2.0NRT",310.87,4.7,"D"
"5391",19.94137,102.24232,330.46,0.47,0.4,"2026-02-15",637,"N20","low","2.0NRT",304.84,4.73,"D"
"5392",18.80635,94.84137,333.87,0.51,0.41,"2026-02-15",637,"N20","low","2.0NRT",307.52,4.66,"D"
"5393",19.2099,97.22459,339.16,0.4,0.37,"2026-02-15",637,"N20","nominal","2.0NRT",307.3,6.13,"D"
"5394",18.80405,94.84404,341.79,0.51,0.41,"2026-02-15",637,"N20","nominal","2.0NRT",310.4,6.3,"D"
"5395",19.21557,97.22797,332.94,0.4,0.37,"2026-02-15",637,"N20","low","2.0NRT",305.17,4.97,"D"
"5396",19.21494,97.2241,336.94,0.4,0.37,"2026-02-15",637,"N20","nominal","2.0NRT",306.19,4.97,"D"
"5397",19.94765,102.17426,338.71,0.47,0.4,"2026-02-15",637,"N20","nominal","2.0NRT",308.18,5.82,"D"
"5398",19.12524,96.57401,331.43,0.42,0.38,"2026-02-15",637,"N20","nominal","2.0NRT",301.43,3.29,"D"
"5399",18.98477,95.74473,339.95,0.46,0.39,"2026-02-15",637,"N20","nominal","2.0NRT",309.45,5.75,"D"
"5400",18.97651,95.69685,344.4,0.46,0.39,"2026-02-15",637,"N20","nominal","2.0NRT",312.58,5.14,"D"
"5401",19.9705,102.23537,330.14,0.47,0.4,"2026-02-15",637,"N20","low","2.0NRT",303.56,4.81,"D"
"5402",19.09569,96.31228,347.82,0.43,0.38,"2026-02-15",637,"N20","nominal","2.0NRT",319.41,9.8,"D"
"5403",18.85965,94.89676,338.15,0.5,0.41,"2026-02-15",637,"N20","nominal","2.0NRT",308.57,4.49,"D"
"5404",19.7522,100.43552,332.84,0.4,0.37,"2026-02-15",637,"N20","nominal","2.0NRT",298.19,1.91,"D"
"5405",18.87976,94.94561,337.27,0.5,0.41,"2026-02-15",637,"N20","low","2.0NRT",309.88,3.4,"D"
"5406",18.86591,94.86668,336.14,0.51,0.41,"2026-02-15",637,"N20","nominal","2.0NRT",306.74,3.51,"D"
"5407",19.2968,97.38869,336.25,0.4,0.37,"2026-02-15",637,"N20","nominal","2.0NRT",300.89,3.75,"D"
"5408",19.30015,97.3881,345.32,0.4,0.37,"2026-02-15",637,"N20","nominal","2.0NRT",303.38,5.43,"D"
"5409",20.22215,103.83982,329.13,0.39,0.44,"2026-02-15",637,"N20","nominal","2.0NRT",296.95,3.65,"D"
"5410",19.30466,97.39475,346.19,0.4,0.37,"2026-02-15",637,"N20","nominal","2.0NRT",305.09,6.29,"D"
"5411",19.30408,97.39115,355.76,0.4,0.37,"2026-02-15",637,"N20","nominal","2.0NRT",306.51,5.43,"D"
"5412",19.3035,97.38752,340.82,0.4,0.37,"2026-02-15",637,"N20","nominal","2.0NRT",302.88,5.43,"D"
"5413",19.30802,97.39419,333.71,0.4,0.37,"2026-02-15",637,"N20","nominal","2.0NRT",303.09,5.8,"D"
"5414",19.30744,97.39058,350.06,0.4,0.37,"2026-02-15",637,"N20","nominal","2.0NRT",302.48,5.99,"D"
"5415",19.31079,97.39002,346.87,0.4,0.37,"2026-02-15",637,"N20","nominal","2.0NRT",303.74,5.99,"D"
"5416",18.94676,95.19978,342.92,0.48,0.4,"2026-02-15",637,"N20","nominal","2.0NRT",313.32,6.89,"D"
"5417",19.31647,97.40389,346.63,0.4,0.37,"2026-02-15",637,"N20","nominal","2.0NRT",306.27,4.04,"D"
"5418",19.31472,97.39304,332.29,0.4,0.37,"2026-02-15",637,"N20","low","2.0NRT",304.14,4.69,"D"
"5419",19.04389,95.74688,341.62,0.46,0.39,"2026-02-15",637,"N20","nominal","2.0NRT",309.39,4.32,"D"
"5420",19.04315,95.74251,349.4,0.46,0.39,"2026-02-15",637,"N20","nominal","2.0NRT",310.23,4.32,"D"
"5421",20.05979,102.4584,330.28,0.49,0.4,"2026-02-15",637,"N20","nominal","2.0NRT",298.71,1.93,"D"
"5422",19.31982,97.40334,332.41,0.4,0.37,"2026-02-15",637,"N20","low","2.0NRT",303.21,4.04,"D"
"5423",19.04746,95.74628,346.32,0.46,0.39,"2026-02-15",637,"N20","nominal","2.0NRT",308.47,4.32,"D"
"5424",19.04672,95.74191,340.59,0.46,0.39,"2026-02-15",637,"N20","nominal","2.0NRT",308.63,4.32,"D"
"5425",19.04598,95.73751,335.92,0.46,0.39,"2026-02-15",637,"N20","nominal","2.0NRT",310.24,4.23,"D"
"5426",19.02681,95.60243,344.72,0.46,0.39,"2026-02-15",637,"N20","low","2.0NRT",315.98,6.38,"D"
"5427",20.04099,102.26176,334.36,0.48,0.4,"2026-02-15",637,"N20","nominal","2.0NRT",303.66,3.47,"D"
"5428",19.32593,97.3985,333.33,0.4,0.37,"2026-02-15",637,"N20","low","2.0NRT",303.49,5.27,"D"
"5429",19.32534,97.39487,339.87,0.4,0.37,"2026-02-15",637,"N20","nominal","2.0NRT",305.75,4.11,"D"
"5430",19.32476,97.39127,343.71,0.4,0.37,"2026-02-15",637,"N20","nominal","2.0NRT",303.06,4.11,"D"
"5431",19.03113,95.60615,351.61,0.46,0.39,"2026-02-15",637,"N20","nominal","2.0NRT",318.01,6.38,"D"
"5432",19.02966,95.59745,349.74,0.46,0.39,"2026-02-15",637,"N20","nominal","2.0NRT",316.81,5.39,"D"
"5433",19.02892,95.5931,338.48,0.46,0.39,"2026-02-15",637,"N20","low","2.0NRT",312.86,5.39,"D"
"5434",19.32869,97.39426,335.32,0.4,0.37,"2026-02-15",637,"N20","nominal","2.0NRT",302.81,4.27,"D"
"5435",19.32811,97.39065,350.66,0.4,0.37,"2026-02-15",637,"N20","nominal","2.0NRT",303.44,4.27,"D"
"5436",19.03472,95.60551,348.77,0.46,0.39,"2026-02-15",637,"N20","nominal","2.0NRT",314.69,6.69,"D"
"5437",19.03251,95.59243,354.23,0.46,0.39,"2026-02-15",637,"N20","nominal","2.0NRT",325.51,34.89,"D"
"5438",19.33204,97.39365,344.11,0.4,0.37,"2026-02-15",637,"N20","nominal","2.0NRT",302.29,4.27,"D"
"5439",19.33145,97.39003,346.25,0.4,0.37,"2026-02-15",637,"N20","nominal","2.0NRT",300.18,4.27,"D"
"5440",19.33538,97.39304,346.93,0.4,0.37,"2026-02-15",637,"N20","nominal","2.0NRT",301.46,17.05,"D"
"5441",19.3348,97.3894,349.03,0.4,0.37,"2026-02-15",637,"N20","nominal","2.0NRT",309.92,17.05,"D"
"5442",19.33422,97.38577,346.45,0.4,0.37,"2026-02-15",637,"N20","nominal","2.0NRT",311.72,42.46,"D"
"5443",19.04335,95.61288,356.28,0.46,0.39,"2026-02-15",637,"N20","nominal","2.0NRT",316.25,36.94,"D"
"5444",19.03004,95.53407,348.79,0.47,0.39,"2026-02-15",637,"N20","nominal","2.0NRT",316.7,9.76,"D"
"5445",19.04767,95.61658,335.85,0.46,0.39,"2026-02-15",637,"N20","low","2.0NRT",309.51,14.53,"D"
"5446",19.04326,95.5904,348.12,0.46,0.39,"2026-02-15",637,"N20","nominal","2.0NRT",316.1,13.96,"D"
"5447",19.04252,95.58604,348.54,0.46,0.39,"2026-02-15",637,"N20","nominal","2.0NRT",317.28,26.68,"D"
"5448",19.04031,95.57294,340.05,0.46,0.39,"2026-02-15",637,"N20","low","2.0NRT",314.61,5.07,"D"
"5449",19.03364,95.5334,351.61,0.47,0.39,"2026-02-15",637,"N20","nominal","2.0NRT",316.87,9.76,"D"
"5450",19.04694,95.61223,367,0.46,0.39,"2026-02-15",637,"N20","low","2.0NRT",330.29,36.94,"D"
"5451",19.04179,95.5817,367,0.46,0.39,"2026-02-15",637,"N20","low","2.0NRT",325.56,26.68,"D"
"5452",19.0903,95.84888,350.21,0.45,0.39,"2026-02-15",637,"N20","nominal","2.0NRT",305.71,6.61,"D"
"5453",19.03724,95.53273,340.95,0.47,0.39,"2026-02-15",637,"N20","low","2.0NRT",312.6,4.04,"D"
"5454",19.05052,95.61158,367,0.46,0.39,"2026-02-15",637,"N20","low","2.0NRT",326.07,51.86,"D"
"5455",19.06506,95.6762,335.78,0.46,0.39,"2026-02-15",637,"N20","low","2.0NRT",309.58,3.8,"D"
"5456",19.0541,95.61092,340.25,0.46,0.39,"2026-02-15",637,"N20","low","2.0NRT",310.94,51.86,"D"
"5457",19.05263,95.60213,348.33,0.46,0.39,"2026-02-15",637,"N20","nominal","2.0NRT",313.11,6.57,"D"
"5458",19.04897,95.58038,343.61,0.46,0.39,"2026-02-15",637,"N20","low","2.0NRT",315.88,14.43,"D"
"5459",19.08974,95.84917,344.05,0.45,0.39,"2026-02-15",637,"N20","nominal","2.0NRT",304.93,6.05,"D"
"5460",19.08902,95.84494,332.77,0.45,0.39,"2026-02-15",637,"N20","low","2.0NRT",305.77,3.7,"D"
"5461",19.04341,95.58182,351.64,0.46,0.39,"2026-02-15",637,"N20","nominal","2.0NRT",316.27,21.81,"D"
"5462",19.03576,95.53799,344.27,0.47,0.39,"2026-02-15",637,"N20","nominal","2.0NRT",315.23,11.55,"D"
"5463",19.035,95.53362,346.61,0.47,0.39,"2026-02-15",637,"N20","nominal","2.0NRT",318.7,16.91,"D"
"5464",19.04871,95.61228,367,0.46,0.39,"2026-02-15",637,"N20","low","2.0NRT",330.76,76.1,"D"
"5465",19.05229,95.61164,337.11,0.46,0.39,"2026-02-15",637,"N20","low","2.0NRT",310.08,76.1,"D"
"5466",19.05077,95.60288,344.56,0.46,0.39,"2026-02-15",637,"N20","nominal","2.0NRT",311.34,5.94,"D"
"5467",19.04851,95.58987,340.23,0.46,0.39,"2026-02-15",637,"N20","low","2.0NRT",313.43,36.27,"D"
"5468",19.04699,95.58118,341.97,0.46,0.39,"2026-02-15",637,"N20","low","2.0NRT",316.83,21.81,"D"
"5469",19.03936,95.53733,349.9,0.47,0.39,"2026-02-15",637,"N20","nominal","2.0NRT",318.27,11.55,"D"
"5470",19.06717,95.6761,340.97,0.46,0.39,"2026-02-15",637,"N20","nominal","2.0NRT",310.36,4.99,"D"
"5471",19.05435,95.60222,343.05,0.46,0.39,"2026-02-15",637,"N20","nominal","2.0NRT",313.53,6.06,"D"
"5472",20.18918,103.1608,330.25,0.53,0.42,"2026-02-15",637,"N20","nominal","2.0NRT",302.81,4.35,"D"
"5473",19.0747,95.63438,337.03,0.46,0.39,"2026-02-15",637,"N20","low","2.0NRT",311.45,6.74,"D"
"5474",19.07395,95.63003,341.17,0.46,0.39,"2026-02-15",637,"N20","low","2.0NRT",314.61,6.74,"D"
"5475",19.07319,95.62566,351.22,0.46,0.39,"2026-02-15",637,"N20","nominal","2.0NRT",313.75,13.31,"D"
"5476",19.07093,95.61259,341.25,0.46,0.39,"2026-02-15",637,"N20","nominal","2.0NRT",309.79,8.86,"D"
"5477",19.07903,95.63806,341.64,0.46,0.39,"2026-02-15",637,"N20","nominal","2.0NRT",308.58,6.01,"D"
"5478",19.07828,95.63372,348.66,0.46,0.39,"2026-02-15",637,"N20","nominal","2.0NRT",313.76,6.74,"D"
"5479",19.07753,95.62937,354.72,0.46,0.39,"2026-02-15",637,"N20","nominal","2.0NRT",310.19,6.74,"D"
"5480",19.07677,95.62499,346,0.46,0.39,"2026-02-15",637,"N20","nominal","2.0NRT",308.14,13.31,"D"
"5481",19.07451,95.61192,349.45,0.46,0.39,"2026-02-15",637,"N20","nominal","2.0NRT",310.72,8.86,"D"
"5482",18.82466,94.20132,330.67,0.55,0.43,"2026-02-15",637,"N20","low","2.0NRT",304.13,3.32,"D"
"5483",19.08185,95.63306,346.13,0.46,0.39,"2026-02-15",637,"N20","nominal","2.0NRT",308.91,5.09,"D"
"5484",19.0811,95.6287,338.45,0.46,0.39,"2026-02-15",637,"N20","nominal","2.0NRT",306.5,5.09,"D"
"5485",19.07809,95.61126,337.32,0.46,0.39,"2026-02-15",637,"N20","nominal","2.0NRT",308.76,1.5,"D"
"5486",18.97659,95.0289,339.11,0.49,0.41,"2026-02-15",637,"N20","nominal","2.0NRT",309.69,4.87,"D"
"5487",18.9487,94.871,343.53,0.5,0.41,"2026-02-15",637,"N20","nominal","2.0NRT",307.14,7.1,"D"
"5488",19.07269,95.55847,348.57,0.46,0.39,"2026-02-15",637,"N20","low","2.0NRT",319.06,57.84,"D"
"5489",18.98395,95.02741,334.39,0.49,0.41,"2026-02-15",637,"N20","low","2.0NRT",307.02,2.15,"D"
"5490",18.73768,93.65885,344.67,0.39,0.44,"2026-02-15",637,"N20","nominal","2.0NRT",308.19,16.96,"D"
"5491",18.737,93.65514,339.13,0.39,0.44,"2026-02-15",637,"N20","nominal","2.0NRT",306.27,9.16,"D"
"5492",19.09108,95.62232,334.55,0.46,0.39,"2026-02-15",637,"N20","nominal","2.0NRT",308.98,1.86,"D"
"5493",18.74169,93.65807,351.95,0.39,0.44,"2026-02-15",637,"N20","nominal","2.0NRT",309.57,16.96,"D"
"5494",18.75233,93.67089,332.51,0.39,0.44,"2026-02-15",637,"N20","nominal","2.0NRT",301.21,3.2,"D"
"5495",19.0936,95.57242,334.66,0.46,0.39,"2026-02-15",637,"N20","low","2.0NRT",308.4,4.39,"D"
"5496",18.96039,94.80631,330.44,0.51,0.41,"2026-02-15",637,"N20","nominal","2.0NRT",305.05,3.31,"D"
"5497",18.95786,94.79196,333.74,0.51,0.41,"2026-02-15",637,"N20","low","2.0NRT",305.97,3.94,"D"
"5498",19.09643,95.56734,336.15,0.46,0.39,"2026-02-15",637,"N20","low","2.0NRT",309.92,4.53,"D"
"5499",18.99349,94.97293,344.83,0.5,0.41,"2026-02-15",637,"N20","nominal","2.0NRT",306.98,3.63,"D"
"5500",18.98056,94.85529,330.34,0.5,0.41,"2026-02-15",637,"N20","low","2.0NRT",303.34,4.94,"D"
"5501",19.06317,95.30882,346.82,0.48,0.4,"2026-02-15",637,"N20","low","2.0NRT",320.06,12.4,"D"
"5502",18.9696,94.77087,330.63,0.51,0.41,"2026-02-15",637,"N20","nominal","2.0NRT",300.26,2.77,"D"
"5503",19.10777,95.5471,336.33,0.46,0.39,"2026-02-15",637,"N20","low","2.0NRT",309.92,2.33,"D"
"5504",19.10629,95.53841,346.5,0.47,0.39,"2026-02-15",637,"N20","nominal","2.0NRT",311.84,5.95,"D"
"5505",19.0668,95.30814,345.35,0.48,0.4,"2026-02-15",637,"N20","nominal","2.0NRT",313.15,12.4,"D"
"5506",20.33922,103.88342,351.75,0.39,0.44,"2026-02-15",637,"N20","nominal","2.0NRT",300.23,16.39,"D"
"5507",19.99555,101.27077,343.61,0.43,0.38,"2026-02-15",637,"N20","nominal","2.0NRT",318.16,60.33,"D"
"5508",19.10988,95.53773,338.46,0.47,0.39,"2026-02-15",637,"N20","low","2.0NRT",308.61,3.52,"D"
"5509",19.10913,95.53337,333.97,0.47,0.39,"2026-02-15",637,"N20","low","2.0NRT",308.9,3.52,"D"
"5510",19.06889,95.29848,343.74,0.48,0.4,"2026-02-15",637,"N20","nominal","2.0NRT",317.99,7.13,"D"
"5511",18.96732,94.7138,336.83,0.51,0.41,"2026-02-15",637,"N20","nominal","2.0NRT",299.85,3.59,"D"
"5512",20.36724,104.04272,330.25,0.4,0.44,"2026-02-15",637,"N20","nominal","2.0NRT",295.82,1.81,"D"
"5513",19.82641,99.98488,336.84,0.4,0.37,"2026-02-15",637,"N20","nominal","2.0NRT",311.68,3.5,"D"
"5514",19.01621,94.90552,340.57,0.5,0.41,"2026-02-15",637,"N20","nominal","2.0NRT",308.02,3.8,"D"
"5515",18.78019,93.57286,333.96,0.4,0.44,"2026-02-15",637,"N20","nominal","2.0NRT",305.9,3.85,"D"
"5516",19.15353,95.6862,336.97,0.46,0.39,"2026-02-15",637,"N20","low","2.0NRT",311.7,11.75,"D"
"5517",19.01991,94.90478,338.84,0.5,0.41,"2026-02-15",637,"N20","nominal","2.0NRT",307.64,3.8,"D"
"5518",19.03896,94.99287,339.27,0.5,0.41,"2026-02-15",637,"N20","nominal","2.0NRT",306.96,2.65,"D"
"5519",19.23452,96.12632,337.42,0.44,0.38,"2026-02-15",637,"N20","nominal","2.0NRT",312.25,1.63,"D"
"5520",19.16349,95.67986,351.92,0.46,0.39,"2026-02-15",637,"N20","nominal","2.0NRT",315.43,18.18,"D"
"5521",19.16778,95.68352,350.34,0.46,0.39,"2026-02-15",637,"N20","nominal","2.0NRT",314.59,10.75,"D"
"5522",19.16706,95.6792,351.84,0.46,0.39,"2026-02-15",637,"N20","nominal","2.0NRT",316.89,18.18,"D"
"5523",19.16633,95.6749,344.66,0.46,0.39,"2026-02-15",637,"N20","nominal","2.0NRT",313.99,18.18,"D"
"5524",19.17135,95.68288,352.3,0.46,0.39,"2026-02-15",637,"N20","nominal","2.0NRT",316.86,11.46,"D"
"5525",19.17062,95.67854,349.36,0.46,0.39,"2026-02-15",637,"N20","nominal","2.0NRT",314.17,8.98,"D"
"5526",19.17491,95.68223,335.37,0.46,0.39,"2026-02-15",637,"N20","low","2.0NRT",309.21,11.46,"D"
"5527",19.80955,99.68626,330,0.39,0.36,"2026-02-15",637,"N20","nominal","2.0NRT",304.84,1.48,"D"
"5528",19.17045,95.68448,342.47,0.46,0.39,"2026-02-15",637,"N20","nominal","2.0NRT",313.43,14.23,"D"
"5529",19.1697,95.68017,345.04,0.46,0.39,"2026-02-15",637,"N20","nominal","2.0NRT",317.68,6.67,"D"
"5530",19.16895,95.67586,339.57,0.46,0.39,"2026-02-15",637,"N20","nominal","2.0NRT",312.08,6.67,"D"
"5531",19.17327,95.67952,346.54,0.46,0.39,"2026-02-15",637,"N20","nominal","2.0NRT",312.33,6.67,"D"
"5532",19.06168,95.00023,346.99,0.49,0.41,"2026-02-15",637,"N20","nominal","2.0NRT",311.69,5.08,"D"
"5533",19.18171,95.66453,346.19,0.46,0.39,"2026-02-15",637,"N20","nominal","2.0NRT",311.37,5.46,"D"
"5534",19.16298,95.55634,356.02,0.46,0.39,"2026-02-15",637,"N20","nominal","2.0NRT",314.56,10.85,"D"
"5535",19.56429,97.95975,333.13,0.39,0.36,"2026-02-15",637,"N20","nominal","2.0NRT",296.86,4.71,"D"
"5536",19.1942,95.71558,332.96,0.46,0.39,"2026-02-15",637,"N20","low","2.0NRT",307.48,3.35,"D"
"5537",19.30519,96.2617,349.05,0.43,0.38,"2026-02-15",637,"N20","low","2.0NRT",320.97,8.46,"D"
"5538",19.09487,94.9938,335.46,0.49,0.41,"2026-02-15",637,"N20","low","2.0NRT",309.42,3.98,"D"
"5539",19.18471,95.48907,349.19,0.47,0.39,"2026-02-15",637,"N20","nominal","2.0NRT",315.55,6.81,"D"
"5540",19.09856,94.9931,335.54,0.49,0.41,"2026-02-15",637,"N20","low","2.0NRT",307.24,3.98,"D"
"5541",19.54546,97.647,337.29,0.39,0.36,"2026-02-15",637,"N20","nominal","2.0NRT",305.94,4.43,"D"
"5542",19.18678,95.47955,337.94,0.47,0.39,"2026-02-15",637,"N20","nominal","2.0NRT",312.12,3.43,"D"
"5543",19.18602,95.47512,337.82,0.47,0.4,"2026-02-15",637,"N20","nominal","2.0NRT",312.27,3.43,"D"
"5544",19.10144,94.98779,333.63,0.49,0.41,"2026-02-15",637,"N20","low","2.0NRT",306.81,4.19,"D"
"5545",19.54997,97.65384,332.5,0.39,0.36,"2026-02-15",637,"N20","nominal","2.0NRT",302.3,3.27,"D"
"5546",19.54938,97.65011,332.27,0.39,0.36,"2026-02-15",637,"N20","low","2.0NRT",304.81,3.27,"D"
"5547",19.20297,95.5306,339.58,0.46,0.39,"2026-02-15",637,"N20","low","2.0NRT",312.45,3.79,"D"
"5548",19.51915,97.4175,348.42,0.4,0.37,"2026-02-15",637,"N20","nominal","2.0NRT",308.06,8.17,"D"
"5549",19.52249,97.41694,333.73,0.4,0.37,"2026-02-15",637,"N20","nominal","2.0NRT",304.53,2.21,"D"
"5550",19.34979,96.35776,341.41,0.43,0.38,"2026-02-15",637,"N20","low","2.0NRT",314.24,3.51,"D"
"5551",19.35325,96.35714,343.12,0.43,0.38,"2026-02-15",637,"N20","low","2.0NRT",314.04,3.51,"D"
"5552",19.17122,95.28077,335.11,0.48,0.4,"2026-02-15",637,"N20","low","2.0NRT",309.45,2.28,"D"
"5553",19.09385,94.83495,344.71,0.5,0.41,"2026-02-15",637,"N20","nominal","2.0NRT",308.57,4.48,"D"
"5554",19.51763,97.32224,335.78,0.4,0.37,"2026-02-15",637,"N20","nominal","2.0NRT",301.67,2.58,"D"
"5555",19.25244,95.69122,340.59,0.46,0.39,"2026-02-15",637,"N20","low","2.0NRT",312.42,10.55,"D"
"5556",19.24492,95.60332,341.13,0.46,0.39,"2026-02-15",637,"N20","nominal","2.0NRT",314.16,4.79,"D"
"5557",20.64962,105.34644,340.2,0.48,0.48,"2026-02-15",637,"N20","nominal","2.0NRT",297.39,5.29,"D"
"5558",19.53494,97.32278,336.2,0.4,0.37,"2026-02-15",637,"N20","nominal","2.0NRT",307.3,3.48,"D"
"5559",19.17106,95.1265,332.09,0.49,0.4,"2026-02-15",637,"N20","low","2.0NRT",305.26,2.9,"D"
"5560",19.1695,95.11744,351.47,0.49,0.4,"2026-02-15",637,"N20","nominal","2.0NRT",312.58,6.99,"D"
"5561",19.22977,95.44855,338.08,0.47,0.4,"2026-02-15",637,"N20","low","2.0NRT",310.74,3.78,"D"
"5562",19.22828,95.43974,337.74,0.47,0.4,"2026-02-15",637,"N20","low","2.0NRT",310.21,5.07,"D"
"5563",19.17471,95.12579,338.15,0.49,0.4,"2026-02-15",637,"N20","nominal","2.0NRT",306.51,2.9,"D"
"5564",19.17393,95.12125,330.37,0.49,0.4,"2026-02-15",637,"N20","low","2.0NRT",305.03,6.99,"D"
"5565",19.17316,95.11673,341.62,0.49,0.4,"2026-02-15",637,"N20","nominal","2.0NRT",305.7,6.99,"D"
"5566",19.11706,94.79135,332.54,0.51,0.41,"2026-02-15",637,"N20","low","2.0NRT",302.98,4.65,"D"
"5567",20.42111,103.42313,332.34,0.55,0.43,"2026-02-15",637,"N20","nominal","2.0NRT",299.04,8.68,"D"
"5568",19.20158,95.26089,334.51,0.48,0.4,"2026-02-15",637,"N20","low","2.0NRT",309.29,2.35,"D"
"5569",19.12321,94.80465,338.41,0.5,0.41,"2026-02-15",637,"N20","nominal","2.0NRT",305.57,6.28,"D"
"5570",20.69263,105.59646,349.05,0.5,0.49,"2026-02-15",637,"N20","nominal","2.0NRT",298.73,16.89,"D"
"5571",19.56261,97.40987,338.15,0.4,0.37,"2026-02-15",637,"N20","nominal","2.0NRT",306.65,3.7,"D"
"5572",19.13147,94.80787,332.53,0.5,0.41,"2026-02-15",637,"N20","low","2.0NRT",305.15,3.11,"D"
"5573",19.13065,94.80311,348.14,0.5,0.41,"2026-02-15",637,"N20","nominal","2.0NRT",305.4,9.01,"D"
"5574",19.24191,95.43244,343.42,0.47,0.4,"2026-02-15",637,"N20","low","2.0NRT",313.89,2.92,"D"
"5575",19.13599,94.81181,335.1,0.5,0.41,"2026-02-15",637,"N20","nominal","2.0NRT",306.6,3.11,"D"
"5576",19.13518,94.8071,332.74,0.5,0.41,"2026-02-15",637,"N20","low","2.0NRT",306.52,3.11,"D"
"5577",19.12465,94.80633,344.28,0.5,0.41,"2026-02-15",637,"N20","nominal","2.0NRT",306.06,6.34,"D"
"5578",20.42084,103.42058,339.39,0.55,0.43,"2026-02-15",637,"N20","nominal","2.0NRT",299.81,11.45,"D"
"5579",19.12836,94.80556,342.06,0.5,0.41,"2026-02-15",637,"N20","nominal","2.0NRT",304.98,6.34,"D"
"5580",20.6481,105.34325,340.93,0.48,0.48,"2026-02-15",637,"N20","nominal","2.0NRT",298.87,6.36,"D"
"5581",19.26449,95.55589,338.13,0.46,0.39,"2026-02-15",637,"N20","low","2.0NRT",312.58,3.63,"D"
"5582",19.24393,95.43784,339.64,0.47,0.4,"2026-02-15",637,"N20","low","2.0NRT",314.31,6.39,"D"
"5583",19.24316,95.43346,342.44,0.47,0.4,"2026-02-15",637,"N20","low","2.0NRT",317.07,4.89,"D"
"5584",19.13293,94.80952,333.04,0.5,0.41,"2026-02-15",637,"N20","nominal","2.0NRT",307.44,2.8,"D"
"5585",19.13208,94.80479,336.85,0.5,0.41,"2026-02-15",637,"N20","nominal","2.0NRT",304.9,6.59,"D"
"5586",19.23521,95.36663,343.06,0.47,0.4,"2026-02-15",637,"N20","nominal","2.0NRT",309.88,1.91,"D"
"5587",19.23287,95.35326,346.18,0.47,0.4,"2026-02-15",637,"N20","nominal","2.0NRT",309.62,4.42,"D"
"5588",19.13664,94.80876,330.69,0.5,0.41,"2026-02-15",637,"N20","low","2.0NRT",303.98,2.8,"D"
"5589",20.35654,102.77764,345.39,0.51,0.41,"2026-02-15",637,"N20","nominal","2.0NRT",302.28,5.77,"D"
"5590",19.54894,97.18416,349.29,0.4,0.37,"2026-02-15",637,"N20","nominal","2.0NRT",312.47,16.88,"D"
"5591",19.54832,97.18035,353.14,0.4,0.37,"2026-02-15",637,"N20","nominal","2.0NRT",314.58,16.88,"D"
"5592",19.5477,97.17654,336.05,0.4,0.37,"2026-02-15",637,"N20","low","2.0NRT",306.72,2.47,"D"
"5593",20.69427,105.59754,339.44,0.5,0.49,"2026-02-15",637,"N20","nominal","2.0NRT",296.39,9.2,"D"
"5594",20.69379,105.59316,334.97,0.5,0.49,"2026-02-15",637,"N20","nominal","2.0NRT",296.92,9.2,"D"
"5595",20.36031,102.77708,337.9,0.51,0.41,"2026-02-15",637,"N20","nominal","2.0NRT",299.43,4.07,"D"
"5596",20.53834,104.15938,350.3,0.41,0.45,"2026-02-15",637,"N20","nominal","2.0NRT",294.7,7.22,"D"
"5597",19.55716,97.17093,334.52,0.4,0.37,"2026-02-15",637,"N20","nominal","2.0NRT",306.3,3.03,"D"
"5598",19.27008,95.46001,343.79,0.47,0.39,"2026-02-15",637,"N20","nominal","2.0NRT",315.07,2.47,"D"
"5599",19.23614,95.26482,338.8,0.48,0.4,"2026-02-15",637,"N20","nominal","2.0NRT",310.74,4.47,"D"
"5600",19.03,94.10796,332.88,0.55,0.43,"2026-02-15",637,"N20","low","2.0NRT",307.87,4.7,"D"
"5601",19.18055,94.92645,336.17,0.5,0.41,"2026-02-15",637,"N20","nominal","2.0NRT",305.51,3.12,"D"
"5602",19.20373,95.03651,339.78,0.49,0.4,"2026-02-15",637,"N20","nominal","2.0NRT",307.66,3.09,"D"
"5603",20.71808,105.60545,332.03,0.5,0.49,"2026-02-15",637,"N20","nominal","2.0NRT",294.38,3.16,"D"
"5604",19.44343,96.41591,340.27,0.43,0.38,"2026-02-15",637,"N20","low","2.0NRT",310.4,4.54,"D"
"5605",19.44689,96.41534,339.19,0.43,0.38,"2026-02-15",637,"N20","nominal","2.0NRT",311.35,8.04,"D"
"5606",19.30327,95.56657,346.47,0.46,0.39,"2026-02-15",637,"N20","nominal","2.0NRT",314.13,4.52,"D"
"5607",19.18999,94.91496,331.76,0.5,0.41,"2026-02-15",637,"N20","low","2.0NRT",306.51,3.41,"D"
"5608",19.42196,96.24477,345.8,0.43,0.38,"2026-02-15",637,"N20","nominal","2.0NRT",311.62,7.76,"D"
"5609",19.30385,95.54844,341.89,0.46,0.39,"2026-02-15",637,"N20","low","2.0NRT",313.7,13.11,"D"
"5610",19.23391,95.14412,355.98,0.48,0.4,"2026-02-15",637,"N20","nominal","2.0NRT",315.58,25.5,"D"
"5611",19.32525,95.65182,338.59,0.46,0.39,"2026-02-15",637,"N20","low","2.0NRT",313.27,8.79,"D"
"5612",19.25637,95.25173,342.81,0.48,0.4,"2026-02-15",637,"N20","nominal","2.0NRT",311.97,3.1,"D"
"5613",19.25013,95.21574,341.2,0.48,0.4,"2026-02-15",637,"N20","low","2.0NRT",313.41,4.53,"D"
"5614",19.16177,94.7112,338.83,0.51,0.41,"2026-02-15",637,"N20","nominal","2.0NRT",308.21,7.93,"D"
"5615",19.61828,97.40038,336.45,0.4,0.37,"2026-02-15",637,"N20","nominal","2.0NRT",304.53,2.64,"D"
"5616",19.32955,95.65545,336.54,0.46,0.39,"2026-02-15",637,"N20","low","2.0NRT",309.63,8.85,"D"
"5617",19.32808,95.64684,348.44,0.46,0.39,"2026-02-15",637,"N20","nominal","2.0NRT",316.28,8.79,"D"
"5618",19.32734,95.6425,339.89,0.46,0.39,"2026-02-15",637,"N20","low","2.0NRT",313.23,6.38,"D"
"5619",19.62162,97.39979,355.46,0.4,0.37,"2026-02-15",637,"N20","nominal","2.0NRT",310.33,17.01,"D"
"5620",19.62103,97.39612,330.35,0.4,0.37,"2026-02-15",637,"N20","nominal","2.0NRT",304.05,3.55,"D"
"5621",19.33164,95.64618,339.22,0.46,0.39,"2026-02-15",637,"N20","low","2.0NRT",313.93,4.3,"D"
"5622",19.289,95.39731,340.22,0.47,0.4,"2026-02-15",637,"N20","nominal","2.0NRT",315.18,4.86,"D"
"5623",19.27831,95.33525,350.97,0.47,0.4,"2026-02-15",637,"N20","nominal","2.0NRT",325.42,33.7,"D"
"5624",19.3352,95.6455,342.97,0.46,0.39,"2026-02-15",637,"N20","nominal","2.0NRT",311.91,4.3,"D"
"5625",19.31443,95.52388,338.87,0.46,0.39,"2026-02-15",637,"N20","nominal","2.0NRT",311.83,2.82,"D"
"5626",19.16133,94.64285,333.4,0.51,0.41,"2026-02-15",637,"N20","low","2.0NRT",304.85,5.97,"D"
"5627",19.25113,95.1128,335.9,0.49,0.4,"2026-02-15",637,"N20","nominal","2.0NRT",309.01,3.33,"D"
"5628",19.2134,94.89568,337.78,0.5,0.41,"2026-02-15",637,"N20","nominal","2.0NRT",306.06,3.64,"D"
"5629",19.21259,94.8911,342.15,0.5,0.41,"2026-02-15",637,"N20","nominal","2.0NRT",306.81,3.64,"D"
"5630",19.43745,96.18747,334.52,0.43,0.38,"2026-02-15",637,"N20","low","2.0NRT",306.97,3.22,"D"
"5631",19.21709,94.89494,340.48,0.5,0.41,"2026-02-15",637,"N20","nominal","2.0NRT",305.74,4.09,"D"
"5632",19.67583,97.58929,338.75,0.39,0.36,"2026-02-15",637,"N20","nominal","2.0NRT",310.25,4.89,"D"
"5633",19.44651,96.17735,345.81,0.43,0.38,"2026-02-15",637,"N20","nominal","2.0NRT",310.52,7.09,"D"
"5634",19.21021,94.78933,339.36,0.5,0.41,"2026-02-15",637,"N20","nominal","2.0NRT",308.9,4.76,"D"
"5635",19.67915,97.58867,341.53,0.39,0.36,"2026-02-15",637,"N20","nominal","2.0NRT",309.92,11.76,"D"
"5636",19.68189,97.58438,331.72,0.39,0.36,"2026-02-15",637,"N20","low","2.0NRT",305.84,2.93,"D"
"5637",19.6813,97.58066,336.36,0.39,0.36,"2026-02-15",637,"N20","nominal","2.0NRT",308.54,2.93,"D"
"5638",19.19301,94.64646,335.9,0.51,0.41,"2026-02-15",637,"N20","nominal","2.0NRT",305.54,8.95,"D"
"5639",19.35994,95.59615,346.56,0.46,0.39,"2026-02-15",637,"N20","nominal","2.0NRT",314.86,6.8,"D"
"5640",20.66225,104.52105,341.46,0.43,0.46,"2026-02-15",637,"N20","nominal","2.0NRT",304.45,4.03,"D"
"5641",19.63556,97.2504,353.32,0.4,0.37,"2026-02-15",637,"N20","nominal","2.0NRT",310.66,9.16,"D"
"5642",19.46717,96.21549,339.14,0.43,0.38,"2026-02-15",637,"N20","nominal","2.0NRT",311.21,2.93,"D"
"5643",19.19809,94.63112,338.16,0.51,0.41,"2026-02-15",637,"N20","nominal","2.0NRT",306.85,6.08,"D"
"5644",19.85276,98.61736,335.01,0.38,0.36,"2026-02-15",637,"N20","nominal","2.0NRT",304.68,2.8,"D"
"5645",19.70305,97.65331,344.18,0.39,0.36,"2026-02-15",637,"N20","nominal","2.0NRT",309.78,4.42,"D"
"5646",19.70246,97.64958,336.16,0.39,0.36,"2026-02-15",637,"N20","nominal","2.0NRT",310.83,4.71,"D"
"5647",19.46189,96.16196,341.95,0.43,0.38,"2026-02-15",637,"N20","nominal","2.0NRT",313.51,17.35,"D"
"5648",19.70697,97.65654,333.99,0.39,0.36,"2026-02-15",637,"N20","low","2.0NRT",308.1,4.42,"D"
"5649",19.37502,95.6201,353.58,0.46,0.39,"2026-02-15",637,"N20","nominal","2.0NRT",313.34,6.21,"D"
"5650",19.26164,94.95375,338.45,0.49,0.41,"2026-02-15",637,"N20","nominal","2.0NRT",306.16,3.15,"D"
"5651",19.388,95.67552,340.54,0.46,0.39,"2026-02-15",637,"N20","nominal","2.0NRT",312.42,6.65,"D"
"5652",19.3822,95.64096,343.95,0.46,0.39,"2026-02-15",637,"N20","nominal","2.0NRT",312.62,5.24,"D"
"5653",19.38003,95.62805,353.1,0.46,0.39,"2026-02-15",637,"N20","nominal","2.0NRT",316.13,8.33,"D"
"5654",19.28039,95.04086,333.67,0.49,0.4,"2026-02-15",637,"N20","low","2.0NRT",307.77,2.06,"D"
"5655",19.65077,97.25933,343.8,0.4,0.37,"2026-02-15",637,"N20","nominal","2.0NRT",311.5,4.77,"D"
"5656",19.38432,95.63169,339.08,0.46,0.39,"2026-02-15",637,"N20","low","2.0NRT",312.44,8.33,"D"
"5657",19.38359,95.62737,337.72,0.46,0.39,"2026-02-15",637,"N20","low","2.0NRT",309.07,8.33,"D"
"5658",19.92786,99.01878,351.55,0.38,0.36,"2026-02-15",637,"N20","nominal","2.0NRT",305.74,24.01,"D"
"5659",19.3866,95.67274,336.21,0.46,0.39,"2026-02-15",637,"N20","low","2.0NRT",311.07,7.14,"D"
"5660",19.37764,95.6211,340.67,0.46,0.39,"2026-02-15",637,"N20","low","2.0NRT",312.69,12.55,"D"
"5661",19.71576,97.62858,342.12,0.39,0.36,"2026-02-15",637,"N20","nominal","2.0NRT",307.2,8.75,"D"
"5662",19.71398,97.61745,332.9,0.39,0.36,"2026-02-15",637,"N20","low","2.0NRT",303.93,4.66,"D"
"5663",19.65624,97.25871,342.29,0.4,0.37,"2026-02-15",637,"N20","nominal","2.0NRT",312.1,9.11,"D"
"5664",19.60539,96.94724,346.5,0.41,0.37,"2026-02-15",637,"N20","nominal","2.0NRT",312.71,9.13,"D"
"5665",19.38269,95.62901,342.28,0.46,0.39,"2026-02-15",637,"N20","nominal","2.0NRT",312.16,14.63,"D"
"5666",19.27994,95.04309,335.87,0.49,0.4,"2026-02-15",637,"N20","nominal","2.0NRT",306.8,1.38,"D"
"5667",19.26519,94.96009,335.33,0.49,0.41,"2026-02-15",637,"N20","nominal","2.0NRT",307.96,2.58,"D"
"5668",20.66291,104.52193,349.96,0.43,0.46,"2026-02-15",637,"N20","nominal","2.0NRT",305.37,8.49,"D"
"5669",19.93499,99.02132,332.83,0.38,0.36,"2026-02-15",637,"N20","low","2.0NRT",302.88,6.91,"D"
"5670",19.86146,98.53738,338.71,0.38,0.36,"2026-02-15",637,"N20","nominal","2.0NRT",307.69,2.52,"D"
"5671",19.71968,97.63174,345.44,0.39,0.36,"2026-02-15",637,"N20","nominal","2.0NRT",305.02,4.68,"D"
"5672",19.71613,97.60947,340.16,0.39,0.36,"2026-02-15",637,"N20","nominal","2.0NRT",305.66,2.51,"D"
"5673",19.65898,97.25435,344.65,0.4,0.37,"2026-02-15",637,"N20","nominal","2.0NRT",314.25,7.86,"D"
"5674",19.59999,96.8932,335.41,0.41,0.37,"2026-02-15",637,"N20","nominal","2.0NRT",306.83,4.18,"D"
"5675",20.19847,100.82391,332.67,0.42,0.38,"2026-02-15",637,"N20","low","2.0NRT",305.56,5.78,"D"
"5676",19.86531,98.54047,331.08,0.38,0.36,"2026-02-15",637,"N20","low","2.0NRT",305.92,2.52,"D"
"5677",19.8642,98.53318,337.18,0.38,0.36,"2026-02-15",637,"N20","nominal","2.0NRT",307.81,3.4,"D"
"5678",19.71825,97.60136,344.05,0.39,0.36,"2026-02-15",637,"N20","nominal","2.0NRT",308.72,3.85,"D"
"5679",19.66355,97.26131,339.66,0.4,0.37,"2026-02-15",637,"N20","nominal","2.0NRT",309.53,4.12,"D"
"5680",19.66233,97.25376,349.02,0.4,0.37,"2026-02-15",637,"N20","nominal","2.0NRT",315.22,7.86,"D"
"5681",20.20189,100.82326,332.2,0.42,0.38,"2026-02-15",637,"N20","low","2.0NRT",302.57,2.75,"D"
"5682",19.87029,98.55085,339.57,0.38,0.36,"2026-02-15",637,"N20","nominal","2.0NRT",308.88,2.53,"D"
"5683",19.86861,98.53992,340.35,0.38,0.36,"2026-02-15",637,"N20","nominal","2.0NRT",310.01,5.28,"D"
"5684",19.72219,97.60459,335.19,0.39,0.36,"2026-02-15",637,"N20","low","2.0NRT",309.37,4.8,"D"
"5685",19.39563,95.64006,339.22,0.46,0.39,"2026-02-15",637,"N20","low","2.0NRT",312.85,6.98,"D"
"5686",19.39414,95.63141,345.55,0.46,0.39,"2026-02-15",637,"N20","nominal","2.0NRT",311.59,6.12,"D"
"5687",19.35789,95.42255,334.24,0.47,0.4,"2026-02-15",637,"N20","nominal","2.0NRT",308.32,1.45,"D"
"5688",19.87358,98.55029,333.83,0.38,0.36,"2026-02-15",637,"N20","nominal","2.0NRT",304.08,2.53,"D"
"5689",19.87302,98.54662,338.54,0.38,0.36,"2026-02-15",637,"N20","nominal","2.0NRT",305.24,6,"D"
"5690",19.61267,96.90681,341.15,0.41,0.37,"2026-02-15",637,"N20","nominal","2.0NRT",307.28,4.14,"D"
"5691",19.39993,95.64366,350.06,0.46,0.39,"2026-02-15",637,"N20","nominal","2.0NRT",316.74,12.74,"D"
"5692",19.39845,95.63509,340.74,0.46,0.39,"2026-02-15",637,"N20","low","2.0NRT",314.03,6.98,"D"
"5693",19.93721,98.94647,337.03,0.38,0.36,"2026-02-15",637,"N20","low","2.0NRT",309.07,5.11,"D"
"5694",19.40275,95.63873,342.58,0.46,0.39,"2026-02-15",637,"N20","nominal","2.0NRT",309.98,5.89,"D"
"5695",19.40201,95.63443,353.19,0.46,0.39,"2026-02-15",637,"N20","nominal","2.0NRT",315.34,5.89,"D"
"5696",19.10062,93.94051,343.91,0.56,0.43,"2026-02-15",637,"N20","nominal","2.0NRT",307.36,8.14,"D"
"5697",19.94051,98.94592,335.21,0.38,0.36,"2026-02-15",637,"N20","low","2.0NRT",306.63,5.11,"D"
"5698",19.93941,98.93866,335.14,0.38,0.36,"2026-02-15",637,"N20","low","2.0NRT",307.65,2.73,"D"
"5699",19.4063,95.63802,351.17,0.46,0.39,"2026-02-15",637,"N20","nominal","2.0NRT",311.47,5.89,"D"
"5700",19.40557,95.63374,334.45,0.46,0.39,"2026-02-15",637,"N20","low","2.0NRT",308.78,5.89,"D"
"5701",19.07246,93.76514,330.61,0.38,0.44,"2026-02-15",637,"N20","low","2.0NRT",303.32,3.29,"D"
"5702",19.9438,98.94536,344.66,0.38,0.36,"2026-02-15",637,"N20","nominal","2.0NRT",313.35,9.43,"D"
"5703",19.94325,98.94173,335.75,0.38,0.36,"2026-02-15",637,"N20","low","2.0NRT",307.12,9.43,"D"
"5704",19.88346,98.54858,333.19,0.38,0.36,"2026-02-15",637,"N20","low","2.0NRT",305.68,3.02,"D"
"5705",19.8829,98.54494,352.23,0.38,0.36,"2026-02-15",637,"N20","nominal","2.0NRT",314.95,4.37,"D"
"5706",19.88234,98.5413,340.51,0.38,0.36,"2026-02-15",637,"N20","nominal","2.0NRT",309.83,4.37,"D"
"5707",19.40985,95.63726,343.22,0.46,0.39,"2026-02-15",637,"N20","nominal","2.0NRT",310.23,5.58,"D"
"5708",19.37532,95.43732,350.49,0.47,0.39,"2026-02-15",637,"N20","nominal","2.0NRT",313.48,12.53,"D"
"5709",19.32795,95.1654,348.48,0.48,0.4,"2026-02-15",637,"N20","nominal","2.0NRT",311.53,5.96,"D"
"5710",19.25446,94.74877,343.25,0.51,0.41,"2026-02-15",637,"N20","nominal","2.0NRT",309.22,4.14,"D"
"5711",19.94709,98.9448,343.25,0.38,0.36,"2026-02-15",637,"N20","nominal","2.0NRT",312.59,9.43,"D"
"5712",19.88619,98.54437,339.72,0.38,0.36,"2026-02-15",637,"N20","nominal","2.0NRT",306.45,4.37,"D"
"5713",19.88564,98.54074,339.97,0.38,0.36,"2026-02-15",637,"N20","nominal","2.0NRT",311.19,4.37,"D"
"5714",19.4134,95.63654,343.76,0.46,0.39,"2026-02-15",637,"N20","nominal","2.0NRT",308.55,5.58,"D"
"5715",19.26157,94.76714,337.68,0.5,0.41,"2026-02-15",637,"N20","low","2.0NRT",307.74,6.13,"D"
"5716",19.25819,94.74808,336.91,0.51,0.41,"2026-02-15",637,"N20","low","2.0NRT",308.84,4.14,"D"
"5717",19.41696,95.63592,335.05,0.46,0.39,"2026-02-15",637,"N20","low","2.0NRT",309.85,10.71,"D"
"5718",19.41622,95.6316,342.68,0.46,0.39,"2026-02-15",637,"N20","low","2.0NRT",312.75,10.71,"D"
"5719",19.41548,95.62727,350.63,0.46,0.39,"2026-02-15",637,"N20","nominal","2.0NRT",313.08,7.68,"D"
"5720",19.39683,95.51892,350.27,0.46,0.39,"2026-02-15",637,"N20","nominal","2.0NRT",316.77,7.45,"D"
"5721",19.38327,95.44041,344.28,0.47,0.39,"2026-02-15",637,"N20","nominal","2.0NRT",311.98,10.74,"D"
"5722",19.37338,95.38324,342.34,0.47,0.4,"2026-02-15",637,"N20","nominal","2.0NRT",313.24,3.83,"D"
"5723",19.55274,96.41735,336.61,0.42,0.38,"2026-02-15",637,"N20","nominal","2.0NRT",309.36,3.24,"D"
"5724",19.38687,95.43975,346.24,0.47,0.39,"2026-02-15",637,"N20","nominal","2.0NRT",309.6,10.74,"D"
"5725",19.38611,95.43535,337.71,0.47,0.39,"2026-02-15",637,"N20","low","2.0NRT",312.09,11.52,"D"
"5726",19.38003,95.40016,346.34,0.47,0.4,"2026-02-15",637,"N20","nominal","2.0NRT",312.59,6.96,"D"
"5727",19.95698,98.94313,340.94,0.38,0.36,"2026-02-15",637,"N20","nominal","2.0NRT",312.07,4,"D"
"5728",19.71839,97.4095,335.03,0.4,0.37,"2026-02-15",637,"N20","low","2.0NRT",306.31,3.3,"D"
"5729",19.42409,95.63464,337.4,0.46,0.39,"2026-02-15",637,"N20","low","2.0NRT",310.53,6.97,"D"
"5730",19.40552,95.52644,349.74,0.46,0.39,"2026-02-15",637,"N20","nominal","2.0NRT",312.06,7.25,"D"
"5731",19.40476,95.52204,344.97,0.46,0.39,"2026-02-15",637,"N20","nominal","2.0NRT",312.38,7.75,"D"
"5732",19.37059,95.32413,344.18,0.47,0.4,"2026-02-15",637,"N20","nominal","2.0NRT",313.11,5.45,"D"
"5733",19.3025,94.93386,349.46,0.49,0.41,"2026-02-15",637,"N20","nominal","2.0NRT",312.86,9.91,"D"
"5734",19.72113,97.40517,333.04,0.4,0.37,"2026-02-15",637,"N20","low","2.0NRT",305.31,3.3,"D"
"5735",19.38344,95.37682,343.77,0.47,0.4,"2026-02-15",637,"N20","nominal","2.0NRT",312.93,4.77,"D"
"5736",19.3916,95.40257,338.98,0.47,0.4,"2026-02-15",637,"N20","low","2.0NRT",312.72,3.53,"D"
"5737",19.33932,95.0792,334.07,0.49,0.4,"2026-02-15",637,"N20","nominal","2.0NRT",307.2,3.3,"D"
"5738",19.3988,95.40122,337.65,0.47,0.4,"2026-02-15",637,"N20","low","2.0NRT",310.59,9.28,"D"
"5739",19.3382,95.05103,335.79,0.49,0.4,"2026-02-15",637,"N20","low","2.0NRT",308,5.61,"D"
"5740",19.40466,95.4137,350.77,0.47,0.4,"2026-02-15",637,"N20","nominal","2.0NRT",313.98,8.81,"D"
"5741",20.54649,103.02676,339.4,0.53,0.42,"2026-02-15",637,"N20","nominal","2.0NRT",300.68,9.89,"D"
"5742",19.45055,95.66059,334.48,0.46,0.39,"2026-02-15",637,"N20","low","2.0NRT",309.07,3.32,"D"
"5743",19.43958,95.59616,346.49,0.46,0.39,"2026-02-15",637,"N20","nominal","2.0NRT",315.84,19.89,"D"
"5744",19.41726,95.46555,335.64,0.46,0.39,"2026-02-15",637,"N20","low","2.0NRT",310.17,1.67,"D"
"5745",19.34713,95.05882,351.17,0.49,0.4,"2026-02-15",637,"N20","nominal","2.0NRT",311.08,8.96,"D"
"5746",19.34633,95.05423,335.73,0.49,0.4,"2026-02-15",637,"N20","low","2.0NRT",309.95,4.15,"D"
"5747",20.54842,103.01135,334.46,0.53,0.42,"2026-02-15",637,"N20","nominal","2.0NRT",297.47,75.17,"D"
"5748",19.67861,97.01298,344.37,0.41,0.37,"2026-02-15",637,"N20","nominal","2.0NRT",306.39,11.11,"D"
"5749",19.56898,96.32265,339.76,0.43,0.38,"2026-02-15",637,"N20","low","2.0NRT",313.42,2.87,"D"
"5750",19.31698,94.8199,336.92,0.5,0.41,"2026-02-15",637,"N20","nominal","2.0NRT",304.99,8.48,"D"
"5751",19.42846,95.4226,335.65,0.47,0.39,"2026-02-15",637,"N20","nominal","2.0NRT",310.19,0.59,"D"
"5752",19.37793,95.12772,337.52,0.48,0.4,"2026-02-15",637,"N20","nominal","2.0NRT",307.99,3.42,"D"
"5753",19.37171,95.09159,336.89,0.48,0.4,"2026-02-15",637,"N20","low","2.0NRT",307.19,2.35,"D"
"5754",19.35443,94.94754,339.67,0.49,0.4,"2026-02-15",637,"N20","nominal","2.0NRT",308.79,4.32,"D"
"5755",19.38319,95.07047,340.2,0.49,0.4,"2026-02-15",637,"N20","nominal","2.0NRT",310.64,2.91,"D"
"5756",19.44866,95.43228,351.66,0.47,0.39,"2026-02-15",637,"N20","nominal","2.0NRT",315.08,9.85,"D"
"5757",19.43503,95.33008,347.38,0.47,0.4,"2026-02-15",637,"N20","nominal","2.0NRT",313.13,3.58,"D"
"5758",19.34517,94.80556,332.26,0.5,0.41,"2026-02-15",637,"N20","low","2.0NRT",306.84,4.72,"D"
"5759",19.7785,97.39895,341.69,0.4,0.37,"2026-02-15",637,"N20","nominal","2.0NRT",307.31,9,"D"
"5760",19.40968,95.15916,345.69,0.48,0.4,"2026-02-15",637,"N20","nominal","2.0NRT",311.42,7.65,"D"
"5761",19.40889,95.15451,335.44,0.48,0.4,"2026-02-15",637,"N20","low","2.0NRT",310.43,4.18,"D"
"5762",19.78243,97.40206,347.62,0.4,0.37,"2026-02-15",637,"N20","nominal","2.0NRT",308.66,9.72,"D"
"5763",19.78184,97.39833,344.62,0.4,0.37,"2026-02-15",637,"N20","nominal","2.0NRT",313.67,9,"D"
"5764",19.44451,95.34203,337.38,0.47,0.4,"2026-02-15",637,"N20","low","2.0NRT",311.37,2.08,"D"
"5765",19.37097,94.91084,335.06,0.49,0.41,"2026-02-15",637,"N20","nominal","2.0NRT",308.91,3.03,"D"
"5766",19.37016,94.90616,341.09,0.5,0.41,"2026-02-15",637,"N20","nominal","2.0NRT",310.18,3.79,"D"
"5767",19.34917,94.78416,341.56,0.5,0.41,"2026-02-15",637,"N20","nominal","2.0NRT",311.2,3.4,"D"
"5768",19.78408,97.3978,342.48,0.4,0.37,"2026-02-15",637,"N20","low","2.0NRT",313.18,21.11,"D"
"5769",19.43603,95.33118,342.19,0.47,0.4,"2026-02-15",637,"N20","nominal","2.0NRT",311.77,3.18,"D"
"5770",20.03312,98.97483,353.08,0.38,0.36,"2026-02-15",637,"N20","nominal","2.0NRT",322.31,29.59,"D"
"5771",19.40895,95.15604,343.1,0.48,0.4,"2026-02-15",637,"N20","nominal","2.0NRT",312.27,6.94,"D"
"5772",20.03697,98.97792,340.13,0.38,0.36,"2026-02-15",637,"N20","low","2.0NRT",313.39,5.29,"D"
"5773",20.03642,98.97427,348.84,0.38,0.36,"2026-02-15",637,"N20","nominal","2.0NRT",314.16,8.9,"D"
"5774",19.44558,95.34312,348.01,0.47,0.4,"2026-02-15",637,"N20","nominal","2.0NRT",313.03,4.96,"D"
"5775",19.36881,94.90818,343.61,0.49,0.41,"2026-02-15",637,"N20","nominal","2.0NRT",311.36,5.85,"D"
"5776",19.33101,94.69658,333.9,0.51,0.41,"2026-02-15",637,"N20","low","2.0NRT",308.49,1.87,"D"
"5777",20.02873,98.90074,335.12,0.38,0.36,"2026-02-15",637,"N20","low","2.0NRT",309.81,2.9,"D"
"5778",19.44918,95.3424,349.12,0.47,0.4,"2026-02-15",637,"N20","nominal","2.0NRT",312.71,4.96,"D"
"5779",19.37334,94.91221,333.78,0.49,0.41,"2026-02-15",637,"N20","low","2.0NRT",307.7,4.04,"D"
"5780",19.34999,94.78111,335.21,0.5,0.41,"2026-02-15",637,"N20","low","2.0NRT",309.6,6.7,"D"
"5781",20.54647,102.57507,336.68,0.5,0.41,"2026-02-15",637,"N20","nominal","2.0NRT",301.46,4.1,"D"
"5782",19.84936,97.67736,337.42,0.39,0.36,"2026-02-15",637,"N20","low","2.0NRT",309.25,4.76,"D"
"5783",19.51662,95.66719,337.51,0.45,0.39,"2026-02-15",637,"N20","nominal","2.0NRT",308.83,2.66,"D"
"5784",19.17904,93.77394,330.06,0.57,0.43,"2026-02-15",637,"N20","nominal","2.0NRT",304.25,3.07,"D"
"5785",19.84384,97.62118,330.4,0.39,0.36,"2026-02-15",637,"N20","low","2.0NRT",303.67,3.95,"D"
"5786",19.47891,95.42769,340.12,0.47,0.39,"2026-02-15",637,"N20","low","2.0NRT",311.63,3.83,"D"
"5787",19.39061,94.92356,343.46,0.49,0.41,"2026-02-15",637,"N20","nominal","2.0NRT",308.29,6.38,"D"
"5788",19.38315,94.88139,341.04,0.5,0.41,"2026-02-15",637,"N20","nominal","2.0NRT",306.21,3.38,"D"
"5789",19.18299,93.77317,333.13,0.57,0.43,"2026-02-15",637,"N20","nominal","2.0NRT",305.77,3.07,"D"
"5790",19.85248,97.65401,332.05,0.39,0.36,"2026-02-15",637,"N20","low","2.0NRT",304.45,2.61,"D"
"5791",19.64287,96.36876,333.04,0.42,0.38,"2026-02-15",637,"N20","low","2.0NRT",306.04,3.87,"D"
"5792",19.41049,95.01472,338.12,0.49,0.4,"2026-02-15",637,"N20","nominal","2.0NRT",310.29,4.42,"D"
"5793",20.31728,100.74895,332.26,0.42,0.37,"2026-02-15",637,"N20","nominal","2.0NRT",301.17,4.37,"D"
"5794",19.97523,98.41685,336.35,0.38,0.36,"2026-02-15",637,"N20","nominal","2.0NRT",306.11,2.63,"D"
"5795",19.59908,96.08702,343.03,0.44,0.38,"2026-02-15",637,"N20","nominal","2.0NRT",315.1,10.95,"D"
"5796",19.48609,95.42632,347.14,0.47,0.39,"2026-02-15",637,"N20","nominal","2.0NRT",315.38,11.17,"D"
"5797",19.97909,98.41995,344.92,0.38,0.36,"2026-02-15",637,"N20","nominal","2.0NRT",305.17,4.51,"D"
"5798",19.97852,98.41629,352.29,0.38,0.36,"2026-02-15",637,"N20","nominal","2.0NRT",310.73,6.66,"D"
"5799",19.51747,95.58681,351.37,0.46,0.39,"2026-02-15",637,"N20","nominal","2.0NRT",318.75,18.71,"D"
"5800",19.48968,95.42562,340.31,0.47,0.39,"2026-02-15",637,"N20","low","2.0NRT",310.84,2.77,"D"
"5801",19.48891,95.42122,336.88,0.47,0.39,"2026-02-15",637,"N20","low","2.0NRT",311.76,2.77,"D"
"5802",19.48207,95.38167,353.9,0.47,0.4,"2026-02-15",637,"N20","nominal","2.0NRT",315.09,5.55,"D"
"5803",19.47416,95.31458,342.45,0.47,0.4,"2026-02-15",637,"N20","low","2.0NRT",316.5,7.1,"D"
"5804",19.87568,97.71425,331.66,0.39,0.36,"2026-02-15",637,"N20","low","2.0NRT",305.76,3.47,"D"
"5805",20.6667,103.28149,332.31,0.55,0.42,"2026-02-15",637,"N20","nominal","2.0NRT",301.38,5.85,"D"
"5806",19.46514,95.21952,345.07,0.48,0.4,"2026-02-15",637,"N20","low","2.0NRT",315.52,6,"D"
"5807",19.45424,95.15679,337.38,0.48,0.4,"2026-02-15",637,"N20","nominal","2.0NRT",308.79,2.29,"D"
"5808",19.38976,94.78871,342.61,0.5,0.41,"2026-02-15",637,"N20","nominal","2.0NRT",306.4,6.71,"D"
"5809",19.46877,95.21883,341.8,0.48,0.4,"2026-02-15",637,"N20","low","2.0NRT",314.69,6.35,"D"
"5810",19.52025,95.47414,353.83,0.46,0.39,"2026-02-15",637,"N20","nominal","2.0NRT",319.9,16.88,"D"
"5811",19.5195,95.46975,352.02,0.46,0.39,"2026-02-15",637,"N20","nominal","2.0NRT",315.99,16.88,"D"
"5812",19.52383,95.47346,344.64,0.46,0.39,"2026-02-15",637,"N20","nominal","2.0NRT",313.59,16.88,"D"
"5813",19.52666,95.46839,343.13,0.46,0.39,"2026-02-15",637,"N20","low","2.0NRT",313.78,6.73,"D"
"5814",19.89815,97.68381,337.79,0.39,0.36,"2026-02-15",637,"N20","low","2.0NRT",308.9,2.89,"D"
"5815",19.82074,97.1981,332.54,0.4,0.37,"2026-02-15",637,"N20","low","2.0NRT",305.67,6.93,"D"
"5816",19.56843,95.67036,342.33,0.45,0.39,"2026-02-15",637,"N20","low","2.0NRT",313.28,3.4,"D"
"5817",19.54644,95.54097,355.32,0.46,0.39,"2026-02-15",637,"N20","nominal","2.0NRT",315.59,11.04,"D"
"5818",19.95639,98.0332,333.33,0.39,0.36,"2026-02-15",637,"N20","low","2.0NRT",307.67,5.68,"D"
"5819",19.54631,95.51858,351.39,0.46,0.39,"2026-02-15",637,"N20","nominal","2.0NRT",321.49,21.01,"D"
"5820",19.79501,96.99572,333.9,0.41,0.37,"2026-02-15",637,"N20","low","2.0NRT",307.65,6.63,"D"
"5821",19.52828,95.39116,349,0.47,0.39,"2026-02-15",637,"N20","nominal","2.0NRT",316.4,4.97,"D"
"5822",20.1605,99.32888,340.7,0.39,0.36,"2026-02-15",637,"N20","nominal","2.0NRT",304.17,2.94,"D"
"5823",19.86678,97.42128,339.97,0.4,0.37,"2026-02-15",637,"N20","low","2.0NRT",313.21,5.61,"D"
"5824",19.55124,95.50419,342.85,0.46,0.39,"2026-02-15",637,"N20","nominal","2.0NRT",316.23,6.15,"D"
"5825",19.39861,94.61959,335.24,0.51,0.41,"2026-02-15",637,"N20","nominal","2.0NRT",307.36,2.34,"D"
"5826",19.90849,97.66286,342.27,0.39,0.36,"2026-02-15",637,"N20","nominal","2.0NRT",311.74,5.71,"D"
"5827",19.40236,94.61892,342.02,0.51,0.41,"2026-02-15",637,"N20","nominal","2.0NRT",308.81,8.68,"D"
"5828",19.5782,95.61985,341.36,0.46,0.39,"2026-02-15",637,"N20","low","2.0NRT",312.72,3.58,"D"
"5829",19.55839,95.50283,341.01,0.46,0.39,"2026-02-15",637,"N20","nominal","2.0NRT",315.41,7.36,"D"
"5830",19.91746,97.67638,340.18,0.39,0.36,"2026-02-15",637,"N20","low","2.0NRT",312.11,5.26,"D"
"5831",19.70405,96.35233,341.73,0.43,0.38,"2026-02-15",637,"N20","low","2.0NRT",315.62,8.79,"D"
"5832",19.4065,94.59823,333.18,0.51,0.41,"2026-02-15",637,"N20","low","2.0NRT",306.71,4.67,"D"
"5833",20.02194,98.28101,331.34,0.39,0.36,"2026-02-15",637,"N20","low","2.0NRT",301.65,2.31,"D"
"5834",19.5771,95.52622,348.36,0.46,0.39,"2026-02-15",637,"N20","nominal","2.0NRT",315.66,8.33,"D"
"5835",19.52855,95.23988,347.18,0.47,0.4,"2026-02-15",637,"N20","nominal","2.0NRT",314.99,6.29,"D"
"5836",19.88539,97.38734,339.08,0.4,0.37,"2026-02-15",637,"N20","nominal","2.0NRT",308.02,15.1,"D"
"5837",19.45284,94.77631,341.57,0.5,0.41,"2026-02-15",637,"N20","nominal","2.0NRT",310.56,5.05,"D"
"5838",19.452,94.7714,344.25,0.5,0.41,"2026-02-15",637,"N20","nominal","2.0NRT",310.24,5.05,"D"
"5839",19.88872,97.38673,350.95,0.4,0.37,"2026-02-15",637,"N20","nominal","2.0NRT",314.99,15.1,"D"
"5840",19.61175,95.68868,341.45,0.45,0.39,"2026-02-15",637,"N20","nominal","2.0NRT",310.54,3.93,"D"
"5841",19.49331,94.98949,335.51,0.49,0.4,"2026-02-15",637,"N20","nominal","2.0NRT",310.06,5.33,"D"
"5842",19.49253,94.98494,339.64,0.49,0.4,"2026-02-15",637,"N20","nominal","2.0NRT",311.82,5.33,"D"
"5843",19.48226,94.925,347.09,0.49,0.4,"2026-02-15",637,"N20","nominal","2.0NRT",307.26,9.36,"D"
"5844",19.45571,94.77066,342.01,0.5,0.41,"2026-02-15",637,"N20","nominal","2.0NRT",309.78,5.05,"D"
"5845",19.52938,95.24075,355.64,0.47,0.4,"2026-02-15",637,"N20","nominal","2.0NRT",315.52,7.55,"D"
"5846",19.94738,97.71611,344.66,0.39,0.36,"2026-02-15",637,"N20","nominal","2.0NRT",311.9,4.62,"D"
"5847",19.86718,97.21634,347.24,0.4,0.37,"2026-02-15",637,"N20","nominal","2.0NRT",311.82,5.4,"D"
"5848",19.82073,96.93166,333.12,0.41,0.37,"2026-02-15",637,"N20","low","2.0NRT",304.82,1.83,"D"
"5849",19.61133,95.68939,338.03,0.45,0.39,"2026-02-15",637,"N20","nominal","2.0NRT",311.29,5.12,"D"
"5850",19.45108,94.77826,338.93,0.5,0.41,"2026-02-15",637,"N20","low","2.0NRT",310.04,7.35,"D"
"5851",19.9519,97.72308,335.68,0.39,0.36,"2026-02-15",637,"N20","low","2.0NRT",307.8,2.99,"D"
"5852",19.93486,97.61589,331.19,0.39,0.36,"2026-02-15",637,"N20","nominal","2.0NRT",305.52,1.7,"D"
"5853",19.8241,96.93106,346.96,0.41,0.37,"2026-02-15",637,"N20","nominal","2.0NRT",312.32,8.43,"D"
"5854",19.49196,94.98631,344.47,0.49,0.4,"2026-02-15",637,"N20","nominal","2.0NRT",313.01,5.66,"D"
"5855",19.48134,94.92651,336.13,0.49,0.4,"2026-02-15",637,"N20","nominal","2.0NRT",306,7.98,"D"
"5856",19.4539,94.77258,345.18,0.5,0.41,"2026-02-15",637,"N20","nominal","2.0NRT",309.74,5.22,"D"
"5857",19.49563,94.98561,346.16,0.49,0.4,"2026-02-15",637,"N20","nominal","2.0NRT",310.66,5.66,"D"
"5858",19.45761,94.77185,339.19,0.5,0.41,"2026-02-15",637,"N20","low","2.0NRT",309.61,5.22,"D"
"5859",19.95854,97.72192,335.55,0.39,0.36,"2026-02-15",637,"N20","low","2.0NRT",307.43,1.76,"D"
"5860",19.50172,94.99863,340.24,0.49,0.4,"2026-02-15",637,"N20","low","2.0NRT",312.22,7.69,"D"
"5861",19.4993,94.98492,335.01,0.49,0.4,"2026-02-15",637,"N20","low","2.0NRT",308.35,3.31,"D"
"5862",20.08696,98.5239,335.57,0.38,0.36,"2026-02-15",637,"N20","low","2.0NRT",309,14.56,"D"
"5863",19.50216,94.97966,347.03,0.49,0.4,"2026-02-15",637,"N20","nominal","2.0NRT",312.44,9.53,"D"
"5864",20.38011,100.498,332.36,0.41,0.37,"2026-02-15",637,"N20","nominal","2.0NRT",303.66,2.49,"D"
"5865",19.53612,95.15108,346.76,0.48,0.4,"2026-02-15",637,"N20","nominal","2.0NRT",312.94,8.43,"D"
"5866",19.58858,95.43045,341.63,0.46,0.39,"2026-02-15",637,"N20","low","2.0NRT",315.74,4.88,"D"
"5867",19.51191,94.99192,335.41,0.49,0.4,"2026-02-15",637,"N20","low","2.0NRT",308.35,2.15,"D"
"5868",19.50708,94.96452,356.12,0.49,0.4,"2026-02-15",637,"N20","nominal","2.0NRT",313.46,19,"D"
"5869",19.59217,95.42976,345.51,0.46,0.39,"2026-02-15",637,"N20","nominal","2.0NRT",314.06,5.67,"D"
"5870",19.52118,95.02308,353.3,0.49,0.4,"2026-02-15",637,"N20","nominal","2.0NRT",312.54,18.4,"D"
"5871",19.51077,94.96387,339.44,0.49,0.4,"2026-02-15",637,"N20","low","2.0NRT",311.57,5.59,"D"
"5872",19.63671,95.66683,337.04,0.45,0.39,"2026-02-15",637,"N20","low","2.0NRT",311.72,3.29,"D"
"5873",19.62788,95.61538,342.25,0.45,0.39,"2026-02-15",637,"N20","low","2.0NRT",314.5,4.39,"D"
"5874",19.52567,95.02705,345.93,0.49,0.4,"2026-02-15",637,"N20","nominal","2.0NRT",316.2,27.04,"D"
"5875",19.52485,95.02242,353.35,0.49,0.4,"2026-02-15",637,"N20","nominal","2.0NRT",314.48,18.4,"D"
"5876",19.57178,95.26941,340.22,0.47,0.4,"2026-02-15",637,"N20","nominal","2.0NRT",314.53,2.81,"D"
"5877",19.53014,95.03098,338.67,0.49,0.4,"2026-02-15",637,"N20","nominal","2.0NRT",307.63,75.17,"D"
"5878",19.52852,95.02176,348.38,0.49,0.4,"2026-02-15",637,"N20","nominal","2.0NRT",309.88,10.79,"D"
"5879",19.52532,95.00349,342.36,0.49,0.4,"2026-02-15",637,"N20","nominal","2.0NRT",309.14,10.21,"D"
"5880",20.75105,103.15695,332.02,0.54,0.42,"2026-02-15",637,"N20","nominal","2.0NRT",301.76,12.05,"D"
"5881",19.51286,94.91098,338.09,0.49,0.4,"2026-02-15",637,"N20","low","2.0NRT",309.88,4.13,"D"
"5882",19.58209,95.28586,346.61,0.47,0.4,"2026-02-15",637,"N20","nominal","2.0NRT",317.78,6.43,"D"
"5883",20.23503,99.32726,337.04,0.39,0.36,"2026-02-15",637,"N20","low","2.0NRT",310.4,28.05,"D"
"5884",19.85746,96.90142,343.77,0.41,0.37,"2026-02-15",637,"N20","nominal","2.0NRT",307.35,29.33,"D"
"5885",19.62282,95.50035,340.89,0.46,0.39,"2026-02-15",637,"N20","nominal","2.0NRT",315.02,2.99,"D"
"5886",19.65128,95.60207,346.23,0.46,0.39,"2026-02-15",637,"N20","nominal","2.0NRT",314.27,5.6,"D"
"5887",20.64756,102.17304,334.6,0.48,0.4,"2026-02-15",637,"N20","nominal","2.0NRT",303.63,5.45,"D"
"5888",20.61465,101.92513,338.15,0.47,0.39,"2026-02-15",637,"N20","nominal","2.0NRT",303.81,8.74,"D"
"5889",19.90921,97.135,346.39,0.4,0.37,"2026-02-15",637,"N20","nominal","2.0NRT",315.3,7.25,"D"
"5890",19.66938,95.68687,335.93,0.45,0.39,"2026-02-15",637,"N20","low","2.0NRT",310.49,3.51,"D"
"5891",19.52517,94.85076,333.42,0.5,0.41,"2026-02-15",637,"N20","low","2.0NRT",308.26,1.92,"D"
"5892",19.95477,97.3975,334.97,0.4,0.37,"2026-02-15",637,"N20","low","2.0NRT",305.43,1.07,"D"
"5893",19.59372,95.22348,348.78,0.47,0.4,"2026-02-15",637,"N20","nominal","2.0NRT",316.43,12.9,"D"
"5894",20.13974,98.55968,332.44,0.38,0.36,"2026-02-15",637,"N20","low","2.0NRT",307.44,2.69,"D"
"5895",19.57094,95.07001,343.59,0.48,0.4,"2026-02-15",637,"N20","nominal","2.0NRT",308.7,3.16,"D"
"5896",19.57016,95.06551,334.33,0.48,0.4,"2026-02-15",637,"N20","low","2.0NRT",308.84,3.16,"D"
"5897",19.78114,96.28799,345.04,0.43,0.38,"2026-02-15",637,"N20","nominal","2.0NRT",314.41,6.11,"D"
"5898",19.67267,95.62006,341.17,0.45,0.39,"2026-02-15",637,"N20","nominal","2.0NRT",312.93,3.02,"D"
"5899",19.66539,95.57716,338.23,0.46,0.39,"2026-02-15",637,"N20","low","2.0NRT",312.05,2.83,"D"
"5900",19.57746,95.06413,340.65,0.48,0.4,"2026-02-15",637,"N20","nominal","2.0NRT",309.17,6.52,"D"
"5901",21.53297,109.98856,331.08,0.5,0.65,"2026-02-15",637,"N20","nominal","2.0NRT",292.66,2.03,"D"
"5902",19.58111,95.06342,337.56,0.48,0.4,"2026-02-15",637,"N20","nominal","2.0NRT",306.77,3.23,"D"
"5903",20.09624,98.18939,331.33,0.39,0.36,"2026-02-15",637,"N20","nominal","2.0NRT",299.97,2.3,"D"
"5904",19.53644,94.76183,337.93,0.5,0.41,"2026-02-15",637,"N20","nominal","2.0NRT",309.12,4,"D"
"5905",20.77492,102.91405,332.62,0.52,0.42,"2026-02-15",637,"N20","nominal","2.0NRT",300.87,6.48,"D"
"5906",20.0212,97.66536,339.72,0.39,0.36,"2026-02-15",637,"N20","nominal","2.0NRT",303.19,4.24,"D"
"5907",19.93424,97.119,338.62,0.4,0.37,"2026-02-15",637,"N20","nominal","2.0NRT",308.53,2.26,"D"
"5908",20.09648,98.12518,340.55,0.39,0.36,"2026-02-15",637,"N20","nominal","2.0NRT",307.14,9.34,"D"
"5909",19.66262,95.45239,342.14,0.46,0.39,"2026-02-15",637,"N20","low","2.0NRT",314.97,6.22,"D"
"5910",20.09978,98.12462,340.23,0.39,0.36,"2026-02-15",637,"N20","nominal","2.0NRT",304.18,9.34,"D"
"5911",19.90183,96.85354,355.79,0.41,0.37,"2026-02-15",637,"N20","nominal","2.0NRT",309.53,17.73,"D"
"5912",19.54134,94.70156,334.23,0.5,0.41,"2026-02-15",637,"N20","low","2.0NRT",308.98,3.52,"D"
"5913",19.91358,96.8832,335.99,0.41,0.37,"2026-02-15",637,"N20","low","2.0NRT",307.73,4.18,"D"
"5914",19.58835,94.92962,335.21,0.49,0.4,"2026-02-15",637,"N20","low","2.0NRT",309.24,3.99,"D"
"5915",20.0017,97.39677,341.74,0.4,0.37,"2026-02-15",637,"N20","nominal","2.0NRT",312.79,8.82,"D"
"5916",20.4849,100.59794,341.84,0.41,0.37,"2026-02-15",637,"N20","nominal","2.0NRT",303.97,4.16,"D"
"5917",20.11693,98.10236,332.2,0.39,0.36,"2026-02-15",637,"N20","nominal","2.0NRT",304.49,2.97,"D"
"5918",20.0631,97.76007,353.21,0.39,0.36,"2026-02-15",637,"N20","nominal","2.0NRT",316.46,9.49,"D"
"5919",19.58666,94.92692,341.73,0.49,0.4,"2026-02-15",637,"N20","nominal","2.0NRT",310.84,8.05,"D"
"5920",20.07344,97.73927,340.34,0.39,0.36,"2026-02-15",637,"N20","low","2.0NRT",310.96,4.03,"D"
"5921",19.81471,96.13637,334.35,0.43,0.38,"2026-02-15",637,"N20","low","2.0NRT",308.74,5.34,"D"
"5922",20.64758,101.60942,343.71,0.45,0.39,"2026-02-15",637,"N20","nominal","2.0NRT",304.75,10.83,"D"
"5923",20.2718,98.95979,336.09,0.38,0.36,"2026-02-15",637,"N20","nominal","2.0NRT",308.43,4.68,"D"
"5924",20.27948,98.98841,332.08,0.38,0.36,"2026-02-15",637,"N20","low","2.0NRT",306.73,3.29,"D"
"5925",20.25803,98.82352,343.79,0.38,0.36,"2026-02-15",637,"N20","nominal","2.0NRT",310.43,7.68,"D"
"5926",20.25967,98.81197,337.31,0.38,0.36,"2026-02-15",637,"N20","low","2.0NRT",309.04,6,"D"
"5927",19.7221,95.48695,347.28,0.46,0.39,"2026-02-15",637,"N20","nominal","2.0NRT",312.45,3.71,"D"
"5928",19.83968,96.13594,344.84,0.43,0.38,"2026-02-15",637,"N20","nominal","2.0NRT",307.74,4.65,"D"
"5929",19.72848,95.48121,347.3,0.46,0.39,"2026-02-15",637,"N20","nominal","2.0NRT",314.91,5.68,"D"
"5930",20.16549,98.13145,349.74,0.39,0.36,"2026-02-15",637,"N20","nominal","2.0NRT",311.96,10.47,"D"
"5931",19.71931,95.40639,342.25,0.46,0.39,"2026-02-15",637,"N20","nominal","2.0NRT",316.69,3.31,"D"
"5932",20.16879,98.13089,346.21,0.39,0.36,"2026-02-15",637,"N20","nominal","2.0NRT",305.93,10.47,"D"
"5933",20.11011,97.75583,336.55,0.39,0.36,"2026-02-15",637,"N20","low","2.0NRT",309.42,5.39,"D"
"5934",20.03434,97.27944,349.1,0.4,0.37,"2026-02-15",637,"N20","nominal","2.0NRT",313.67,8.23,"D"
"5935",20.45083,99.99143,335.67,0.4,0.37,"2026-02-15",637,"N20","nominal","2.0NRT",307.86,3.51,"D"
"5936",20.03769,97.27885,340.7,0.4,0.37,"2026-02-15",637,"N20","nominal","2.0NRT",313.15,4.76,"D"
"5937",19.8717,96.26346,341.39,0.43,0.38,"2026-02-15",637,"N20","nominal","2.0NRT",313.96,3.38,"D"
"5938",19.73248,95.44002,348,0.46,0.39,"2026-02-15",637,"N20","nominal","2.0NRT",318.56,15.38,"D"
"5939",19.73606,95.43933,346.65,0.46,0.39,"2026-02-15",637,"N20","nominal","2.0NRT",317.31,15.38,"D"
"5940",21.56662,109.45165,352.29,0.46,0.63,"2026-02-15",637,"N20","nominal","2.0NRT",296.5,6.52,"D"
"5941",19.63383,94.82726,337.96,0.5,0.41,"2026-02-15",637,"N20","nominal","2.0NRT",309.8,3.27,"D"
"5942",20.13073,97.77869,351.28,0.39,0.36,"2026-02-15",637,"N20","nominal","2.0NRT",314.26,5.89,"D"
"5943",20.00405,96.98442,339.24,0.4,0.37,"2026-02-15",637,"N20","low","2.0NRT",312.85,5.3,"D"
"5944",19.7542,95.48072,345.4,0.46,0.39,"2026-02-15",637,"N20","nominal","2.0NRT",317.41,15.69,"D"
"5945",19.75346,95.47637,343.33,0.46,0.39,"2026-02-15",637,"N20","nominal","2.0NRT",315.46,6.81,"D"
"5946",19.66999,94.99119,344.04,0.49,0.4,"2026-02-15",637,"N20","nominal","2.0NRT",311.55,4.8,"D"
"5947",21.41649,107.69904,336.61,0.35,0.57,"2026-02-15",637,"N20","nominal","2.0NRT",293.1,2.86,"D"
"5948",20.058,97.29846,346.99,0.4,0.37,"2026-02-15",637,"N20","low","2.0NRT",318.96,10.01,"D"
"5949",19.64575,94.82993,347.11,0.5,0.41,"2026-02-15",637,"N20","nominal","2.0NRT",309.65,6.69,"D"
"5950",19.41398,93.52814,340.7,0.39,0.44,"2026-02-15",637,"N20","nominal","2.0NRT",306.09,2.09,"D"
"5951",20.06134,97.29787,351.98,0.4,0.37,"2026-02-15",637,"N20","nominal","2.0NRT",321.08,8.14,"D"
"5952",19.68279,95.02146,336.44,0.48,0.4,"2026-02-15",637,"N20","low","2.0NRT",310.78,7.3,"D"
"5953",19.64944,94.82922,338.39,0.5,0.41,"2026-02-15",637,"N20","nominal","2.0NRT",308.75,5.59,"D"
"5954",20.14066,97.77687,343.17,0.39,0.36,"2026-02-15",637,"N20","nominal","2.0NRT",311.11,4.14,"D"
"5955",20.10812,97.57068,331.82,0.39,0.36,"2026-02-15",637,"N20","nominal","2.0NRT",301.72,1.82,"D"
"5956",20.06468,97.29729,348.93,0.4,0.37,"2026-02-15",637,"N20","nominal","2.0NRT",317.63,8.14,"D"
"5957",19.74183,95.34321,347.65,0.47,0.39,"2026-02-15",637,"N20","low","2.0NRT",319.63,11.94,"D"
"5958",19.68644,95.02074,335.14,0.48,0.4,"2026-02-15",637,"N20","low","2.0NRT",309.57,7.3,"D"
"5959",20.06803,97.29671,349.15,0.4,0.37,"2026-02-15",637,"N20","nominal","2.0NRT",319.58,9.26,"D"
"5960",19.74886,95.31915,339.63,0.47,0.4,"2026-02-15",637,"N20","nominal","2.0NRT",314.43,2.5,"D"
"5961",20.46172,99.80707,335.4,0.39,0.37,"2026-02-15",637,"N20","low","2.0NRT",306.56,4.88,"D"
"5962",20.12335,97.53757,333.48,0.39,0.36,"2026-02-15",637,"N20","nominal","2.0NRT",300.53,2.97,"D"
"5963",19.77601,95.41358,354.77,0.46,0.39,"2026-02-15",637,"N20","nominal","2.0NRT",318.7,10.98,"D"
"5964",19.9641,96.52387,331.6,0.42,0.37,"2026-02-15",637,"N20","nominal","2.0NRT",302.18,2.25,"D"
"5965",19.74796,95.20444,346.05,0.47,0.4,"2026-02-15",637,"N20","nominal","2.0NRT",316.56,6.14,"D"
"5966",19.66389,94.71391,342.63,0.5,0.41,"2026-02-15",637,"N20","nominal","2.0NRT",311.53,4.83,"D"
"5967",19.66307,94.70913,339.01,0.5,0.41,"2026-02-15",637,"N20","low","2.0NRT",311.74,6.65,"D"
"5968",20.06267,97.09998,330.1,0.4,0.37,"2026-02-15",637,"N20","nominal","2.0NRT",304.19,2.73,"D"
"5969",20.04544,96.97335,344.95,0.4,0.37,"2026-02-15",637,"N20","nominal","2.0NRT",317.82,8.86,"D"
"5970",20.11024,97.3513,337.48,0.4,0.37,"2026-02-15",637,"N20","nominal","2.0NRT",311.73,4.18,"D"
"5971",19.66137,94.71183,342.66,0.5,0.41,"2026-02-15",637,"N20","low","2.0NRT",315.33,5.36,"D"
"5972",19.66508,94.71112,344.7,0.5,0.41,"2026-02-15",637,"N20","nominal","2.0NRT",311.76,5.36,"D"
"5973",20.14931,97.55231,337.56,0.39,0.36,"2026-02-15",637,"N20","nominal","2.0NRT",304.88,4.03,"D"
"5974",19.75275,95.09908,337.02,0.48,0.4,"2026-02-15",637,"N20","nominal","2.0NRT",308.43,2.49,"D"
"5975",19.6634,94.59386,336.53,0.51,0.41,"2026-02-15",637,"N20","nominal","2.0NRT",306.9,3.69,"D"
"5976",19.6663,94.58845,339.04,0.51,0.41,"2026-02-15",637,"N20","nominal","2.0NRT",306.5,3.69,"D"
"5977",20.12666,97.28269,347.82,0.4,0.37,"2026-02-15",637,"N20","low","2.0NRT",319.11,17.19,"D"
"5978",20.13,97.28209,346.94,0.4,0.37,"2026-02-15",637,"N20","low","2.0NRT",317.58,17.19,"D"
"5979",20.0998,97.07356,336.54,0.4,0.37,"2026-02-15",637,"N20","low","2.0NRT",310.22,3.28,"D"
"5980",19.96994,96.28368,347.83,0.42,0.38,"2026-02-15",637,"N20","nominal","2.0NRT",311.55,5.41,"D"
"5981",19.96924,96.27952,349.51,0.43,0.38,"2026-02-15",637,"N20","nominal","2.0NRT",315.17,12.79,"D"
"5982",19.78207,95.18112,342.45,0.47,0.4,"2026-02-15",637,"N20","nominal","2.0NRT",313.6,5.46,"D"
"5983",20.47694,99.49523,335.47,0.39,0.36,"2026-02-15",637,"N20","nominal","2.0NRT",304.81,2.41,"D"
"5984",20.24358,97.95573,338.07,0.39,0.36,"2026-02-15",637,"N20","low","2.0NRT",310.09,3.39,"D"
"5985",20.24301,97.95206,344.56,0.39,0.36,"2026-02-15",637,"N20","nominal","2.0NRT",311.6,3.39,"D"
"5986",20.18151,97.56174,347.94,0.39,0.36,"2026-02-15",637,"N20","nominal","2.0NRT",305.42,9.17,"D"
"5987",20.10256,97.06925,342.55,0.4,0.37,"2026-02-15",637,"N20","nominal","2.0NRT",308.12,7.56,"D"
"5988",19.97337,96.28296,337.57,0.42,0.38,"2026-02-15",637,"N20","low","2.0NRT",312.06,5.41,"D"
"5989",20.91168,102.63071,335.78,0.51,0.41,"2026-02-15",637,"N20","nominal","2.0NRT",301.75,3.71,"D"
"5990",20.22265,97.80056,346.72,0.39,0.36,"2026-02-15",637,"N20","nominal","2.0NRT",313.49,4.7,"D"
"5991",20.18482,97.56114,350.65,0.39,0.36,"2026-02-15",637,"N20","nominal","2.0NRT",313.19,34.94,"D"
"5992",19.98501,96.31028,341.8,0.42,0.38,"2026-02-15",637,"N20","nominal","2.0NRT",311.26,5.18,"D"
"5993",20.14547,97.27151,344.74,0.4,0.37,"2026-02-15",637,"N20","nominal","2.0NRT",317.31,4.52,"D"
"5994",20.13938,97.23356,340.06,0.4,0.37,"2026-02-15",637,"N20","nominal","2.0NRT",309.25,2.49,"D"
"5995",19.96887,96.19205,342.63,0.43,0.38,"2026-02-15",637,"N20","low","2.0NRT",313.23,3.78,"D"
"5996",20.11902,97.08569,343.78,0.4,0.37,"2026-02-15",637,"N20","nominal","2.0NRT",314.09,7.29,"D"
"5997",19.99118,96.30468,348.83,0.42,0.38,"2026-02-15",637,"N20","nominal","2.0NRT",314.52,9.45,"D"
"5998",19.97233,96.19141,337.5,0.43,0.38,"2026-02-15",637,"N20","low","2.0NRT",311.89,3.78,"D"
"5999",21.72406,110.04408,345.75,0.5,0.66,"2026-02-15",637,"N20","nominal","2.0NRT",293.66,5.23,"D"
"6000",19.8859,95.65643,346.74,0.45,0.39,"2026-02-15",637,"N20","nominal","2.0NRT",315.74,5.68,"D"
"6001",19.74827,94.83554,336.51,0.49,0.41,"2026-02-15",637,"N20","low","2.0NRT",309.34,3,"D"
"6002",20.00014,96.29456,345.09,0.42,0.38,"2026-02-15",637,"N20","nominal","2.0NRT",315.18,4.95,"D"
"6003",19.89658,95.67637,347.24,0.45,0.39,"2026-02-15",637,"N20","nominal","2.0NRT",313.81,5.88,"D"
"6004",19.89297,95.65509,342.28,0.45,0.39,"2026-02-15",637,"N20","low","2.0NRT",316.29,3.74,"D"
"6005",19.7057,94.57072,338.29,0.51,0.41,"2026-02-15",637,"N20","nominal","2.0NRT",307.38,5.13,"D"
"6006",19.70944,94.56999,340.02,0.51,0.41,"2026-02-15",637,"N20","nominal","2.0NRT",307.03,5.13,"D"
"6007",19.7086,94.56524,339.88,0.51,0.41,"2026-02-15",637,"N20","nominal","2.0NRT",307.42,7.79,"D"
"6008",20.00702,96.29327,347.13,0.42,0.38,"2026-02-15",637,"N20","nominal","2.0NRT",314.44,6.52,"D"
"6009",19.719,94.55834,331.9,0.51,0.41,"2026-02-15",637,"N20","low","2.0NRT",306.46,3.9,"D"
"6010",19.74264,94.67162,339.47,0.5,0.41,"2026-02-15",637,"N20","low","2.0NRT",310.81,11.03,"D"
"6011",19.74015,94.6573,341.72,0.5,0.41,"2026-02-15",637,"N20","low","2.0NRT",313.61,5.51,"D"
"6012",19.72273,94.55756,333.85,0.51,0.41,"2026-02-15",637,"N20","low","2.0NRT",307.63,3.9,"D"
"6013",20.27503,97.87451,340.91,0.39,0.36,"2026-02-15",637,"N20","low","2.0NRT",311.72,5.28,"D"
"6014",21.00191,102.94062,338.34,0.53,0.42,"2026-02-15",637,"N20","nominal","2.0NRT",300.02,8.16,"D"
"6015",20.02222,96.27784,340.57,0.42,0.38,"2026-02-15",637,"N20","low","2.0NRT",314.87,12.37,"D"
"6016",19.78412,94.86671,338.98,0.49,0.4,"2026-02-15",637,"N20","low","2.0NRT",312.83,5.34,"D"
"6017",19.75174,94.67976,344.56,0.5,0.41,"2026-02-15",637,"N20","nominal","2.0NRT",308.72,5.23,"D"
"6018",20.11784,96.84271,338.49,0.41,0.37,"2026-02-15",637,"N20","nominal","2.0NRT",307.54,3.91,"D"
"6019",20.30144,97.95677,353.51,0.39,0.36,"2026-02-15",637,"N20","nominal","2.0NRT",313.32,5.05,"D"
"6020",20.29743,97.93109,347.49,0.39,0.36,"2026-02-15",637,"N20","nominal","2.0NRT",313.07,4.82,"D"
"6021",20.29686,97.92741,340.36,0.39,0.36,"2026-02-15",637,"N20","low","2.0NRT",310.61,4.82,"D"
"6022",19.80069,94.89676,338.21,0.49,0.4,"2026-02-15",637,"N20","low","2.0NRT",311.35,3.51,"D"
"6023",20.30474,97.9562,343.44,0.39,0.36,"2026-02-15",637,"N20","nominal","2.0NRT",310.69,5.05,"D"
"6024",20.30245,97.94151,335.68,0.39,0.36,"2026-02-15",637,"N20","low","2.0NRT",309.58,2.12,"D"
"6025",20.30074,97.93051,351.05,0.39,0.36,"2026-02-15",637,"N20","nominal","2.0NRT",312.04,4.82,"D"
"6026",19.95597,95.79193,332.75,0.44,0.39,"2026-02-15",637,"N20","nominal","2.0NRT",303.81,3.27,"D"
"6027",19.80436,94.89603,338.06,0.49,0.4,"2026-02-15",637,"N20","low","2.0NRT",310.65,3.51,"D"
"6028",20.30522,97.93697,340.42,0.39,0.36,"2026-02-15",637,"N20","nominal","2.0NRT",309.58,5.87,"D"
"6029",20.31369,97.96937,341.55,0.39,0.36,"2026-02-15",637,"N20","low","2.0NRT",311.91,2.85,"D"
"6030",19.9556,95.78857,332.36,0.44,0.39,"2026-02-15",637,"N20","nominal","2.0NRT",304.8,3.43,"D"
"6031",19.79913,94.89399,338,0.49,0.4,"2026-02-15",637,"N20","low","2.0NRT",312.6,6.36,"D"
"6032",20.50816,99.22449,333.47,0.39,0.36,"2026-02-15",637,"N20","nominal","2.0NRT",303.26,2.96,"D"
"6033",20.3147,97.95415,340.49,0.39,0.36,"2026-02-15",637,"N20","low","2.0NRT",312.31,5.06,"D"
"6034",20.15957,96.98447,347.82,0.4,0.37,"2026-02-15",637,"N20","nominal","2.0NRT",315.39,19.55,"D"
"6035",20.51147,99.22393,339.65,0.39,0.36,"2026-02-15",637,"N20","nominal","2.0NRT",302.73,2.96,"D"
"6036",20.31915,97.9609,347.66,0.39,0.36,"2026-02-15",637,"N20","nominal","2.0NRT",317.15,25.16,"D"
"6037",20.318,97.95358,346.28,0.39,0.36,"2026-02-15",637,"N20","nominal","2.0NRT",313.67,5.06,"D"
"6038",19.88085,95.31489,340.85,0.47,0.39,"2026-02-15",637,"N20","nominal","2.0NRT",314.37,5.15,"D"
"6039",20.32188,97.95667,353.26,0.39,0.36,"2026-02-15",637,"N20","nominal","2.0NRT",315.81,17.21,"D"
"6040",20.16378,96.96786,346.71,0.4,0.37,"2026-02-15",637,"N20","nominal","2.0NRT",310.96,5.32,"D"
"6041",20.16313,96.96391,346.59,0.4,0.37,"2026-02-15",637,"N20","nominal","2.0NRT",315.12,11.98,"D"
"6042",19.88444,95.31419,340.19,0.47,0.39,"2026-02-15",637,"N20","nominal","2.0NRT",314.01,3.69,"D"
"6043",20.32245,97.96032,367,0.39,0.36,"2026-02-15",637,"N20","low","2.0NRT",326.3,94.27,"D"
"6044",20.22963,97.35323,342.31,0.4,0.37,"2026-02-15",637,"N20","nominal","2.0NRT",314.87,4.27,"D"
"6045",20.16969,96.98282,340.68,0.4,0.37,"2026-02-15",637,"N20","low","2.0NRT",311.38,14.6,"D"
"6046",20.16651,96.96334,355.73,0.4,0.37,"2026-02-15",637,"N20","nominal","2.0NRT",314.19,11.98,"D"
"6047",20.05081,96.26471,344.85,0.42,0.38,"2026-02-15",637,"N20","low","2.0NRT",316.2,5.58,"D"
"6048",19.77064,94.64848,337.22,0.5,0.41,"2026-02-15",637,"N20","nominal","2.0NRT",310.16,4.53,"D"
"6049",20.06576,96.33272,339.48,0.42,0.38,"2026-02-15",637,"N20","nominal","2.0NRT",312.49,5,"D"
"6050",20.05425,96.26409,345.3,0.42,0.38,"2026-02-15",637,"N20","low","2.0NRT",315.45,7.97,"D"
"6051",20.05357,96.26003,349,0.42,0.38,"2026-02-15",637,"N20","nominal","2.0NRT",319.69,7.97,"D"
"6052",19.84398,95.0406,345.64,0.48,0.4,"2026-02-15",637,"N20","nominal","2.0NRT",310.47,4.71,"D"
"6053",20.05701,96.25936,344.67,0.42,0.38,"2026-02-15",637,"N20","low","2.0NRT",315.81,7.97,"D"
"6054",19.8473,95.01662,338.3,0.48,0.4,"2026-02-15",637,"N20","low","2.0NRT",310.76,3.06,"D"
"6055",19.79196,94.70345,335.68,0.5,0.41,"2026-02-15",637,"N20","low","2.0NRT",308.35,4.66,"D"
"6056",20.23934,97.32832,342.38,0.4,0.37,"2026-02-15",637,"N20","low","2.0NRT",316.72,8.96,"D"
"6057",20.19174,97.03336,344.75,0.4,0.37,"2026-02-15",637,"N20","nominal","2.0NRT",313.64,7.86,"D"
"6058",20.18803,97.01053,343.43,0.4,0.37,"2026-02-15",637,"N20","nominal","2.0NRT",311.39,9.64,"D"
"6059",19.85095,95.01596,337.48,0.48,0.4,"2026-02-15",637,"N20","low","2.0NRT",307.93,3.06,"D"
"6060",19.79566,94.7027,339.38,0.5,0.41,"2026-02-15",637,"N20","low","2.0NRT",310.51,4.66,"D"
"6061",19.78974,94.66939,341.1,0.5,0.41,"2026-02-15",637,"N20","low","2.0NRT",313.08,11.59,"D"
"6062",20.27896,97.55509,336.64,0.39,0.36,"2026-02-15",637,"N20","nominal","2.0NRT",309.82,2.58,"D"
"6063",20.27249,97.51437,346.6,0.39,0.36,"2026-02-15",637,"N20","nominal","2.0NRT",314.15,2.9,"D"
"6064",20.18334,96.9604,345.82,0.4,0.37,"2026-02-15",637,"N20","nominal","2.0NRT",313.49,8.93,"D"
"6065",19.85302,95.00625,347.25,0.48,0.4,"2026-02-15",637,"N20","nominal","2.0NRT",310.92,5.85,"D"
"6066",21.07803,103.18841,332.84,0.55,0.42,"2026-02-15",637,"N20","nominal","2.0NRT",303.09,3.29,"D"
"6067",20.24661,97.33091,343.37,0.4,0.37,"2026-02-15",637,"N20","nominal","2.0NRT",312.83,8.87,"D"
"6068",20.16678,96.83759,346.44,0.41,0.37,"2026-02-15",637,"N20","nominal","2.0NRT",307.61,6.49,"D"
"6069",21.08193,103.18791,330.3,0.55,0.42,"2026-02-15",637,"N20","nominal","2.0NRT",302.01,3.06,"D"
"6070",19.84272,94.90451,340.29,0.49,0.4,"2026-02-15",637,"N20","low","2.0NRT",313.41,5.97,"D"
"6071",19.83305,94.84943,334.18,0.49,0.4,"2026-02-15",637,"N20","nominal","2.0NRT",308.88,2.64,"D"
"6072",19.81706,94.73702,349.94,0.5,0.41,"2026-02-15",637,"N20","nominal","2.0NRT",314.63,7.73,"D"
"6073",20.23842,97.21572,348.23,0.4,0.37,"2026-02-15",637,"N20","nominal","2.0NRT",312.65,21.31,"D"
"6074",20.23781,97.21191,346.52,0.4,0.37,"2026-02-15",637,"N20","low","2.0NRT",318.11,21.31,"D"
"6075",19.81992,94.73158,344.89,0.5,0.41,"2026-02-15",637,"N20","nominal","2.0NRT",310.03,5.12,"D"
"6076",20.35651,97.93943,332.44,0.39,0.36,"2026-02-15",637,"N20","nominal","2.0NRT",306.18,1.44,"D"
"6077",20.24238,97.21896,334.85,0.4,0.37,"2026-02-15",637,"N20","low","2.0NRT",309.7,6.77,"D"
"6078",20.23871,97.19614,346.11,0.4,0.37,"2026-02-15",637,"N20","nominal","2.0NRT",310.81,3.27,"D"
"6079",19.79016,94.54135,343.24,0.51,0.41,"2026-02-15",637,"N20","nominal","2.0NRT",308.74,7.6,"D"
"6080",20.55611,99.22781,336.91,0.39,0.36,"2026-02-15",637,"N20","nominal","2.0NRT",308.88,4.43,"D"
"6081",20.35981,97.93884,334.4,0.39,0.36,"2026-02-15",637,"N20","nominal","2.0NRT",305.44,2.84,"D"
"6082",20.24694,97.22598,351.68,0.4,0.37,"2026-02-15",637,"N20","nominal","2.0NRT",319.55,9.64,"D"
"6083",20.18925,96.86895,342.41,0.41,0.37,"2026-02-15",637,"N20","low","2.0NRT",315.42,5.53,"D"
"6084",20.18862,96.86509,346,0.41,0.37,"2026-02-15",637,"N20","nominal","2.0NRT",314.14,5.22,"D"
"6085",20.56271,99.24941,333.38,0.39,0.36,"2026-02-15",637,"N20","nominal","2.0NRT",302.64,1.59,"D"
"6086",20.36311,97.93826,335.9,0.39,0.36,"2026-02-15",637,"N20","nominal","2.0NRT",305.79,2.84,"D"
"6087",20.25028,97.22539,337.58,0.4,0.37,"2026-02-15",637,"N20","low","2.0NRT",311.85,9.64,"D"
"6088",19.83512,94.75273,339.1,0.5,0.41,"2026-02-15",637,"N20","low","2.0NRT",313.11,4.99,"D"
"6089",19.79681,94.53522,335.47,0.51,0.41,"2026-02-15",637,"N20","low","2.0NRT",307.3,6.69,"D"
"6090",19.79598,94.53053,332.62,0.51,0.41,"2026-02-15",637,"N20","low","2.0NRT",304.67,2.7,"D"
"6091",19.79263,94.51161,330.27,0.51,0.41,"2026-02-15",637,"N20","low","2.0NRT",302.64,4.67,"D"
"6092",20.36642,97.93769,334.09,0.39,0.36,"2026-02-15",637,"N20","nominal","2.0NRT",307.5,2.97,"D"
"6093",20.19723,96.87536,342.6,0.41,0.37,"2026-02-15",637,"N20","low","2.0NRT",314.77,18.22,"D"
"6094",19.90479,95.13101,343.3,0.47,0.4,"2026-02-15",637,"N20","low","2.0NRT",314.76,6.99,"D"
"6095",19.83471,94.72862,345.08,0.5,0.41,"2026-02-15",637,"N20","nominal","2.0NRT",313.91,8.48,"D"
"6096",20.20061,96.87482,350.59,0.41,0.37,"2026-02-15",637,"N20","nominal","2.0NRT",325.3,18.22,"D"
"6097",20.2,96.87103,341.96,0.41,0.37,"2026-02-15",637,"N20","low","2.0NRT",316.68,10.3,"D"
"6098",20.10767,96.30792,342.2,0.42,0.38,"2026-02-15",637,"N20","low","2.0NRT",312.85,3.15,"D"
"6099",20.8874,101.46133,331.21,0.45,0.39,"2026-02-15",637,"N20","low","2.0NRT",303.88,2.74,"D"
"6100",20.11111,96.30726,341.85,0.42,0.38,"2026-02-15",637,"N20","low","2.0NRT",316.62,4.36,"D"
"6101",20.21378,96.89185,342.29,0.41,0.37,"2026-02-15",637,"N20","low","2.0NRT",314.11,7.05,"D"
"6102",20.32503,97.56602,338.72,0.39,0.36,"2026-02-15",637,"N20","low","2.0NRT",311.72,3.32,"D"
"6103",20.27427,97.22498,347.25,0.4,0.37,"2026-02-15",637,"N20","nominal","2.0NRT",315.64,6.49,"D"
"6104",20.12351,96.29657,344.51,0.42,0.38,"2026-02-15",637,"N20","low","2.0NRT",317.96,8.09,"D"
"6105",20.23747,96.97421,340.66,0.4,0.37,"2026-02-15",637,"N20","nominal","2.0NRT",308.04,2.91,"D"
"6106",19.82422,94.515,335.87,0.51,0.41,"2026-02-15",637,"N20","low","2.0NRT",306.56,5.17,"D"
"6107",20.13897,96.3474,342.45,0.42,0.38,"2026-02-15",637,"N20","nominal","2.0NRT",311.94,4.84,"D"
"6108",20.1011,96.11811,341.45,0.43,0.38,"2026-02-15",637,"N20","nominal","2.0NRT",311.34,3.13,"D"
"6109",19.92992,95.10292,337.53,0.48,0.4,"2026-02-15",637,"N20","low","2.0NRT",312.26,3.32,"D"
"6110",19.83375,94.54739,340.2,0.51,0.41,"2026-02-15",637,"N20","nominal","2.0NRT",308.53,6.48,"D"
"6111",19.83292,94.54262,333.08,0.51,0.41,"2026-02-15",637,"N20","low","2.0NRT",307.8,4.54,"D"
"6112",20.24539,96.98042,334.75,0.4,0.37,"2026-02-15",637,"N20","low","2.0NRT",308.63,2.23,"D"
"6113",20.3104,97.36588,346.98,0.39,0.37,"2026-02-15",637,"N20","nominal","2.0NRT",315.45,11.84,"D"
"6114",20.30801,97.35079,340.53,0.4,0.37,"2026-02-15",637,"N20","low","2.0NRT",313.18,4.54,"D"
"6115",20.30742,97.34702,341.64,0.4,0.37,"2026-02-15",637,"N20","low","2.0NRT",314.75,4.54,"D"
"6116",19.8346,94.50795,340.2,0.51,0.41,"2026-02-15",637,"N20","nominal","2.0NRT",308.39,7.42,"D"
"6117",20.38327,97.80688,341.07,0.39,0.36,"2026-02-15",637,"N20","nominal","2.0NRT",303.52,13.85,"D"
"6118",20.31373,97.36527,354.91,0.39,0.37,"2026-02-15",637,"N20","nominal","2.0NRT",319.02,11.84,"D"
"6119",20.31646,97.36089,336.98,0.39,0.37,"2026-02-15",637,"N20","low","2.0NRT",311.37,7.86,"D"
"6120",20.31407,97.34581,341.9,0.4,0.37,"2026-02-15",637,"N20","low","2.0NRT",316.63,3.62,"D"
"6121",20.23335,96.84128,333.88,0.41,0.37,"2026-02-15",637,"N20","low","2.0NRT",308.06,2.83,"D"
"6122",19.86774,94.65422,338.97,0.5,0.41,"2026-02-15",637,"N20","low","2.0NRT",313.71,8.05,"D"
"6123",20.70535,99.89555,334.87,0.4,0.37,"2026-02-15",637,"N20","nominal","2.0NRT",304.48,5.21,"D"
"6124",20.42532,98.03303,332.1,0.39,0.36,"2026-02-15",637,"N20","low","2.0NRT",305.79,2.47,"D"
"6125",20.24529,96.89375,344.49,0.41,0.37,"2026-02-15",637,"N20","nominal","2.0NRT",312.5,7.36,"D"
"6126",20.15415,96.33215,347.79,0.42,0.38,"2026-02-15",637,"N20","nominal","2.0NRT",317.84,7.92,"D"
"6127",19.91942,94.932,340.28,0.49,0.4,"2026-02-15",637,"N20","low","2.0NRT",314.61,4.04,"D"
"6128",20.61304,99.24479,333.23,0.39,0.36,"2026-02-15",637,"N20","nominal","2.0NRT",305.4,16.19,"D"
"6129",20.24686,96.89391,345.45,0.4,0.37,"2026-02-15",637,"N20","nominal","2.0NRT",315.67,8.24,"D"
"6130",20.24155,96.84035,334.72,0.41,0.37,"2026-02-15",637,"N20","low","2.0NRT",307.83,2.43,"D"
"6131",20.74747,100.12745,330.07,0.4,0.37,"2026-02-15",637,"N20","low","2.0NRT",304.47,9.76,"D"
"6132",20.24744,96.8551,336.31,0.41,0.37,"2026-02-15",637,"N20","low","2.0NRT",309.9,5.57,"D"
"6133",19.91932,94.93414,337.48,0.48,0.4,"2026-02-15",637,"N20","low","2.0NRT",312.2,5.08,"D"
"6134",19.86892,94.6515,347.71,0.5,0.41,"2026-02-15",637,"N20","nominal","2.0NRT",313.24,8.44,"D"
"6135",20.27322,96.99156,347.49,0.4,0.37,"2026-02-15",637,"N20","nominal","2.0NRT",313.42,10.17,"D"
"6136",20.06494,95.74728,346.84,0.44,0.39,"2026-02-15",637,"N20","nominal","2.0NRT",310.43,5.7,"D"
"6137",20.58472,98.96299,342.88,0.39,0.36,"2026-02-15",637,"N20","nominal","2.0NRT",306.79,4.56,"D"
"6138",20.39845,97.75085,337.2,0.39,0.36,"2026-02-15",637,"N20","nominal","2.0NRT",303.98,3.15,"D"
"6139",20.06845,95.74657,343.8,0.44,0.39,"2026-02-15",637,"N20","nominal","2.0NRT",308.7,4.42,"D"
"6140",20.05245,95.6535,339.2,0.45,0.39,"2026-02-15",637,"N20","low","2.0NRT",313.65,5.58,"D"
"6141",19.87635,94.65008,341.84,0.5,0.41,"2026-02-15",637,"N20","low","2.0NRT",311.95,9.31,"D"
"6142",20.07267,95.75008,335.35,0.44,0.39,"2026-02-15",637,"N20","low","2.0NRT",309.37,2.95,"D"
"6143",19.8809,94.65405,343.95,0.5,0.41,"2026-02-15",637,"N20","nominal","2.0NRT",311.68,9.31,"D"
"6144",20.58692,98.9325,331.66,0.39,0.36,"2026-02-15",637,"N20","nominal","2.0NRT",301.78,2.75,"D"
"6145",19.85733,94.50084,336.39,0.51,0.41,"2026-02-15",637,"N20","low","2.0NRT",307.28,4.17,"D"
"6146",20.35317,97.40137,342.19,0.39,0.36,"2026-02-15",637,"N20","nominal","2.0NRT",309.14,13.97,"D"
"6147",20.26738,96.87093,340.04,0.41,0.37,"2026-02-15",637,"N20","nominal","2.0NRT",308.74,4.14,"D"
"6148",20.07602,95.70602,339.89,0.45,0.39,"2026-02-15",637,"N20","nominal","2.0NRT",309.69,2.82,"D"
"6149",20.0673,95.65511,347.73,0.45,0.39,"2026-02-15",637,"N20","nominal","2.0NRT",313.69,6.5,"D"
"6150",20.37845,97.49566,342.44,0.39,0.36,"2026-02-15",637,"N20","nominal","2.0NRT",315.55,4.69,"D"
"6151",20.33377,97.1951,342.07,0.4,0.37,"2026-02-15",637,"N20","nominal","2.0NRT",310.34,6.66,"D"
"6152",20.3969,97.56887,334.21,0.39,0.36,"2026-02-15",637,"N20","nominal","2.0NRT",302.71,2.18,"D"
"6153",19.93405,94.80276,337.07,0.49,0.4,"2026-02-15",637,"N20","low","2.0NRT",310.21,2.12,"D"
"6154",20.43346,97.77896,341.84,0.39,0.36,"2026-02-15",637,"N20","nominal","2.0NRT",306.84,3.87,"D"
"6155",20.28078,96.82551,333.54,0.41,0.37,"2026-02-15",637,"N20","nominal","2.0NRT",307.8,1.56,"D"
"6156",19.90974,94.64346,336.79,0.5,0.41,"2026-02-15",637,"N20","nominal","2.0NRT",309.26,3.55,"D"
"6157",20.93181,101.15105,332.5,0.44,0.38,"2026-02-15",637,"N20","nominal","2.0NRT",298.03,6.01,"D"
"6158",20.43677,97.77839,332.91,0.39,0.36,"2026-02-15",637,"N20","nominal","2.0NRT",307.56,3.13,"D"
"6159",20.39589,97.51951,340.09,0.39,0.36,"2026-02-15",637,"N20","nominal","2.0NRT",313.03,5.02,"D"
"6160",20.29152,96.87019,349.05,0.41,0.37,"2026-02-15",637,"N20","nominal","2.0NRT",309.54,4.94,"D"
"6161",19.95597,94.88432,337.13,0.49,0.4,"2026-02-15",637,"N20","low","2.0NRT",310.62,1.44,"D"
"6162",20.48594,98.07152,338.92,0.39,0.36,"2026-02-15",637,"N20","low","2.0NRT",309.83,5.31,"D"
"6163",20.19994,96.27074,346.16,0.42,0.38,"2026-02-15",637,"N20","nominal","2.0NRT",319.04,5.15,"D"
"6164",20.17516,96.10075,337,0.43,0.38,"2026-02-15",637,"N20","low","2.0NRT",310.59,6.36,"D"
"6165",19.88953,94.44218,335.96,0.51,0.41,"2026-02-15",637,"N20","nominal","2.0NRT",305.16,5.21,"D"
"6166",20.30499,96.86765,350.39,0.41,0.37,"2026-02-15",637,"N20","nominal","2.0NRT",320.29,18.04,"D"
"6167",20.18132,96.11629,345.8,0.43,0.38,"2026-02-15",637,"N20","nominal","2.0NRT",313.62,5.96,"D"
"6168",19.93733,94.69117,349.65,0.5,0.41,"2026-02-15",637,"N20","nominal","2.0NRT",314.09,15.82,"D"
"6169",20.40772,97.4865,335.4,0.39,0.36,"2026-02-15",637,"N20","nominal","2.0NRT",309.21,2.47,"D"
"6170",20.30775,96.8633,350.89,0.41,0.37,"2026-02-15",637,"N20","nominal","2.0NRT",318.66,18.04,"D"
"6171",20.30715,96.85963,342.39,0.41,0.37,"2026-02-15",637,"N20","nominal","2.0NRT",311.29,7.55,"D"
"6172",20.31112,96.86272,351.89,0.41,0.37,"2026-02-15",637,"N20","low","2.0NRT",326.04,34.61,"D"
"6173",20.71144,99.42885,336.66,0.39,0.36,"2026-02-15",637,"N20","nominal","2.0NRT",297.36,3.35,"D"
"6174",20.31509,96.86582,342.44,0.41,0.37,"2026-02-15",637,"N20","low","2.0NRT",317.01,34.61,"D"
"6175",20.1596,95.9222,340.1,0.44,0.38,"2026-02-15",637,"N20","low","2.0NRT",314.32,5.44,"D"
"6176",20.31449,96.8621,367,0.41,0.37,"2026-02-15",637,"N20","low","2.0NRT",329.79,34.61,"D"
"6177",20.47587,97.85455,337.79,0.39,0.36,"2026-02-15",637,"N20","low","2.0NRT",308.26,13.87,"D"
"6178",20.46955,97.81425,338.35,0.39,0.36,"2026-02-15",637,"N20","nominal","2.0NRT",307.03,5.32,"D"
"6179",20.42652,97.54068,337.55,0.39,0.36,"2026-02-15",637,"N20","low","2.0NRT",308.23,6.14,"D"
"6180",20.36688,97.16581,338.99,0.4,0.37,"2026-02-15",637,"N20","low","2.0NRT",313,6.36,"D"
"6181",20.3376,96.98363,347.68,0.4,0.37,"2026-02-15",637,"N20","nominal","2.0NRT",312.41,9.32,"D"
"6182",20.43161,97.55131,334.68,0.39,0.36,"2026-02-15",637,"N20","nominal","2.0NRT",299.81,4.42,"D"
"6183",20.36962,97.16144,350.19,0.4,0.37,"2026-02-15",637,"N20","nominal","2.0NRT",314.44,9.3,"D"
"6184",19.92838,94.53059,342.6,0.51,0.41,"2026-02-15",637,"N20","low","2.0NRT",313.36,4.33,"D"
"6185",20.55234,98.30421,340.91,0.38,0.36,"2026-02-15",637,"N20","nominal","2.0NRT",306.49,3.81,"D"
"6186",20.46521,97.74319,339.04,0.39,0.36,"2026-02-15",637,"N20","nominal","2.0NRT",299.96,4.4,"D"
"6187",20.37296,97.16084,347.37,0.4,0.37,"2026-02-15",637,"N20","low","2.0NRT",319.75,12.15,"D"
"6188",20.32518,96.86391,338.74,0.41,0.37,"2026-02-15",637,"N20","nominal","2.0NRT",311.69,3.33,"D"
"6189",20.23472,96.30972,345.97,0.42,0.38,"2026-02-15",637,"N20","nominal","2.0NRT",317.92,6.52,"D"
"6190",19.95053,94.63515,342.83,0.5,0.41,"2026-02-15",637,"N20","nominal","2.0NRT",307.81,7.16,"D"
"6191",20.3763,97.16025,339.2,0.4,0.37,"2026-02-15",637,"N20","low","2.0NRT",309.28,12.15,"D"
"6192",20.30365,96.70976,339.14,0.41,0.37,"2026-02-15",637,"N20","low","2.0NRT",311.11,7.01,"D"
"6193",20.37849,97.10941,349.93,0.4,0.37,"2026-02-15",637,"N20","nominal","2.0NRT",309.21,5.43,"D"
"6194",20.35895,96.98748,339.27,0.4,0.37,"2026-02-15",637,"N20","low","2.0NRT",312.63,5.35,"D"
"6195",20.18673,95.93395,338.33,0.44,0.38,"2026-02-15",637,"N20","nominal","2.0NRT",311.91,2.53,"D"
"6196",19.99047,94.77699,344,0.49,0.4,"2026-02-15",637,"N20","nominal","2.0NRT",313.52,4.66,"D"
"6197",19.98967,94.77238,341.41,0.49,0.41,"2026-02-15",637,"N20","nominal","2.0NRT",310.66,4.66,"D"
"6198",20.49497,97.82481,341.61,0.39,0.36,"2026-02-15",637,"N20","nominal","2.0NRT",309.4,8.09,"D"
"6199",20.18472,95.90035,339.27,0.44,0.38,"2026-02-15",637,"N20","low","2.0NRT",311.17,2.61,"D"
"6200",19.97473,94.66403,338.25,0.5,0.41,"2026-02-15",637,"N20","low","2.0NRT",311.91,5.2,"D"
"6201",20.49885,97.8279,345.83,0.39,0.36,"2026-02-15",637,"N20","nominal","2.0NRT",312.61,22.46,"D"
"6202",20.48156,97.71735,331.42,0.39,0.36,"2026-02-15",637,"N20","nominal","2.0NRT",301.21,1.95,"D"
"6203",20.18341,95.87082,336.71,0.44,0.38,"2026-02-15",637,"N20","low","2.0NRT",310.51,3.13,"D"
"6204",20.14772,95.65715,342.66,0.45,0.39,"2026-02-15",637,"N20","low","2.0NRT",313.43,5.27,"D"
"6205",20.00102,94.79401,339.89,0.49,0.4,"2026-02-15",637,"N20","low","2.0NRT",313.77,8.62,"D"
"6206",20.40538,97.21321,350.4,0.4,0.37,"2026-02-15",637,"N20","nominal","2.0NRT",317.56,45.02,"D"
"6207",20.35369,96.88151,356.17,0.4,0.37,"2026-02-15",637,"N20","nominal","2.0NRT",319.16,18.27,"D"
"6208",20.35307,96.87772,344.21,0.4,0.37,"2026-02-15",637,"N20","nominal","2.0NRT",318.72,18.27,"D"
"6209",20.18422,95.87063,335.86,0.44,0.38,"2026-02-15",637,"N20","nominal","2.0NRT",309.65,2.5,"D"
"6210",20.17856,95.83757,338.38,0.44,0.38,"2026-02-15",637,"N20","nominal","2.0NRT",308.44,2.3,"D"
"6211",20.14754,95.6573,344.14,0.45,0.39,"2026-02-15",637,"N20","nominal","2.0NRT",313.28,5.97,"D"
"6212",19.97284,94.66549,343.68,0.5,0.41,"2026-02-15",637,"N20","nominal","2.0NRT",311.41,5.35,"D"
"6213",20.39377,97.10593,342.93,0.4,0.37,"2026-02-15",637,"N20","low","2.0NRT",314.49,19.55,"D"
"6214",20.35148,96.84686,346.69,0.41,0.37,"2026-02-15",637,"N20","nominal","2.0NRT",311.02,8.98,"D"
"6215",20.43791,97.358,343.41,0.39,0.37,"2026-02-15",637,"N20","nominal","2.0NRT",308.64,6.29,"D"
"6216",20.3289,96.68852,345.53,0.41,0.37,"2026-02-15",637,"N20","nominal","2.0NRT",310.74,4.74,"D"
"6217",20.51647,97.8314,336.42,0.39,0.36,"2026-02-15",637,"N20","nominal","2.0NRT",306.86,2.53,"D"
"6218",20.39131,97.04829,337.84,0.4,0.37,"2026-02-15",637,"N20","nominal","2.0NRT",308.4,2.19,"D"
"6219",20.37254,96.93319,340.27,0.4,0.37,"2026-02-15",637,"N20","low","2.0NRT",313.1,9.84,"D"
"6220",20.33228,96.68788,339.29,0.41,0.37,"2026-02-15",637,"N20","nominal","2.0NRT",308.6,4.74,"D"
"6221",20.22885,96.06953,342.95,0.43,0.38,"2026-02-15",637,"N20","nominal","2.0NRT",313.62,4.7,"D"
"6222",21.13644,102.15578,344.08,0.48,0.4,"2026-02-15",637,"N20","nominal","2.0NRT",300.87,5.53,"D"
"6223",20.42755,97.25111,342.58,0.4,0.37,"2026-02-15",637,"N20","nominal","2.0NRT",315.19,5.74,"D"
"6224",20.19395,95.84313,334.2,0.44,0.38,"2026-02-15",637,"N20","low","2.0NRT",309.05,3.36,"D"
"6225",20.03454,94.92623,342.36,0.48,0.4,"2026-02-15",637,"N20","low","2.0NRT",314.74,3.76,"D"
"6226",21.14013,102.15526,333.27,0.48,0.4,"2026-02-15",637,"N20","nominal","2.0NRT",295.89,5.53,"D"
"6227",20.03738,94.92091,346.6,0.48,0.4,"2026-02-15",637,"N20","nominal","2.0NRT",315.58,23.51,"D"
"6228",20.0187,94.81548,338.25,0.49,0.4,"2026-02-15",637,"N20","low","2.0NRT",313.12,5.87,"D"
"6229",20.50257,97.67847,339.78,0.39,0.36,"2026-02-15",637,"N20","nominal","2.0NRT",309.8,4.07,"D"
"6230",21.13618,102.06673,338.13,0.48,0.4,"2026-02-15",637,"N20","nominal","2.0NRT",299.57,5.44,"D"
"6231",20.1715,95.64843,346.87,0.45,0.39,"2026-02-15",637,"N20","nominal","2.0NRT",313.06,5.39,"D"
"6232",21.156,102.1911,336.04,0.49,0.4,"2026-02-15",637,"N20","nominal","2.0NRT",298.48,14.26,"D"
"6233",20.93499,100.54339,342.51,0.41,0.37,"2026-02-15",637,"N20","nominal","2.0NRT",301.61,4.92,"D"
"6234",20.53009,97.81006,333.97,0.39,0.36,"2026-02-15",637,"N20","nominal","2.0NRT",307.62,3.44,"D"
"6235",20.45358,97.32774,334.11,0.39,0.37,"2026-02-15",637,"N20","nominal","2.0NRT",306.42,2.57,"D"
"6236",20.41173,97.06798,343.04,0.4,0.37,"2026-02-15",637,"N20","nominal","2.0NRT",314.87,5.07,"D"
"6237",20.20653,95.83229,336.85,0.44,0.38,"2026-02-15",637,"N20","nominal","2.0NRT",310.23,2.45,"D"
"6238",20.04591,94.90501,340.86,0.48,0.4,"2026-02-15",637,"N20","nominal","2.0NRT",313.68,3.2,"D"
"6239",21.15973,102.19093,354.87,0.49,0.4,"2026-02-15",637,"N20","nominal","2.0NRT",300.16,14.26,"D"
"6240",20.59341,98.19482,337.67,0.38,0.36,"2026-02-15",637,"N20","nominal","2.0NRT",303.65,5.41,"D"
"6241",20.51308,97.68041,338.58,0.39,0.36,"2026-02-15",637,"N20","nominal","2.0NRT",310.29,5.44,"D"
"6242",20.42723,97.14253,339.47,0.4,0.37,"2026-02-15",637,"N20","nominal","2.0NRT",311.06,2.78,"D"
"6243",20.29554,96.33971,335.85,0.42,0.38,"2026-02-15",637,"N20","low","2.0NRT",308.88,4.74,"D"
"6244",20.21143,95.83992,342.3,0.44,0.38,"2026-02-15",637,"N20","nominal","2.0NRT",312.07,12.94,"D"
"6245",20.21003,95.83165,339.11,0.44,0.38,"2026-02-15",637,"N20","nominal","2.0NRT",311.72,2.45,"D"
"6246",21.16346,102.19073,344.52,0.49,0.4,"2026-02-15",637,"N20","nominal","2.0NRT",298.17,11.24,"D"
"6247",20.51698,97.68356,349.25,0.39,0.36,"2026-02-15",637,"N20","nominal","2.0NRT",307.05,11.12,"D"
"6248",20.51639,97.67986,334.72,0.39,0.36,"2026-02-15",637,"N20","nominal","2.0NRT",304.44,3.63,"D"
"6249",20.40418,96.97889,347.57,0.4,0.37,"2026-02-15",637,"N20","nominal","2.0NRT",310.69,6.31,"D"
"6250",20.37182,96.78033,335.5,0.41,0.37,"2026-02-15",637,"N20","nominal","2.0NRT",308.53,2.94,"D"
"6251",20.25857,96.0976,338.55,0.43,0.38,"2026-02-15",637,"N20","low","2.0NRT",313.02,3.93,"D"
"6252",20.21492,95.83924,341.84,0.44,0.38,"2026-02-15",637,"N20","nominal","2.0NRT",310.35,4.43,"D"
"6253",20.0346,94.7979,339.19,0.49,0.4,"2026-02-15",637,"N20","nominal","2.0NRT",313.75,1.97,"D"
"6254",19.97772,94.47761,336.81,0.51,0.41,"2026-02-15",637,"N20","low","2.0NRT",309.59,3.92,"D"
"6255",21.10993,101.72529,329.14,0.46,0.39,"2026-02-15",637,"N20","nominal","2.0NRT",295.26,1.88,"D"
"6256",20.38297,96.80605,336.2,0.41,0.37,"2026-02-15",637,"N20","low","2.0NRT",309.21,3.37,"D"
"6257",20.04195,94.79647,343.93,0.49,0.4,"2026-02-15",637,"N20","nominal","2.0NRT",312.45,4.81,"D"
"6258",20.50344,97.53338,337.76,0.39,0.36,"2026-02-15",637,"N20","nominal","2.0NRT",310.89,5.56,"D"
"6259",20.42541,97.04602,342.76,0.4,0.37,"2026-02-15",637,"N20","nominal","2.0NRT",307.75,3.81,"D"
"6260",20.0618,94.88783,338.07,0.49,0.4,"2026-02-15",637,"N20","low","2.0NRT",313.05,7.07,"D"
"6261",20.20982,95.72404,336.71,0.44,0.39,"2026-02-15",637,"N20","low","2.0NRT",311.09,5.98,"D"
"6262",20.62669,98.27913,336.33,0.38,0.36,"2026-02-15",637,"N20","low","2.0NRT",308.52,4.67,"D"
"6263",20.49063,97.40984,337.66,0.39,0.36,"2026-02-15",637,"N20","low","2.0NRT",310.22,5.65,"D"
"6264",20.29336,96.19912,348.45,0.42,0.38,"2026-02-15",637,"N20","low","2.0NRT",319.43,10.51,"D"
"6265",20.04569,94.7528,345,0.49,0.41,"2026-02-15",637,"N20","nominal","2.0NRT",314.55,4.57,"D"
"6266",20.52103,97.57992,334.8,0.39,0.36,"2026-02-15",637,"N20","nominal","2.0NRT",309.33,3.74,"D"
"6267",20.52044,97.57622,348.03,0.39,0.36,"2026-02-15",637,"N20","nominal","2.0NRT",309.29,3.74,"D"
"6268",20.49513,97.41664,343.75,0.39,0.36,"2026-02-15",637,"N20","nominal","2.0NRT",307.42,7.51,"D"
"6269",20.52376,97.57562,340.28,0.39,0.36,"2026-02-15",637,"N20","nominal","2.0NRT",308.05,3.74,"D"
"6270",20.52317,97.57191,336.65,0.39,0.36,"2026-02-15",637,"N20","nominal","2.0NRT",309.2,2.88,"D"
"6271",20.49845,97.41602,349.02,0.39,0.36,"2026-02-15",637,"N20","nominal","2.0NRT",311.27,7.51,"D"
"6272",20.49787,97.41239,331.78,0.39,0.36,"2026-02-15",637,"N20","low","2.0NRT",304.48,7.51,"D"
"6273",20.42829,96.9784,335.33,0.4,0.37,"2026-02-15",637,"N20","nominal","2.0NRT",305.75,2.79,"D"
"6274",20.27262,96.03241,338.58,0.43,0.38,"2026-02-15",637,"N20","low","2.0NRT",311.61,5.04,"D"
"6275",20.4335,96.98933,341.37,0.4,0.37,"2026-02-15",637,"N20","nominal","2.0NRT",304.88,3.22,"D"
"6276",20.20952,95.6367,351.51,0.45,0.39,"2026-02-15",637,"N20","nominal","2.0NRT",314.79,4.28,"D"
"6277",20.07045,94.82902,343.54,0.49,0.4,"2026-02-15",637,"N20","nominal","2.0NRT",315.81,5.39,"D"
"6278",20.21305,95.63605,345.5,0.45,0.39,"2026-02-15",637,"N20","nominal","2.0NRT",311.12,4.28,"D"
"6279",20.28504,96.04253,336.2,0.43,0.38,"2026-02-15",637,"N20","nominal","2.0NRT",311.03,1.75,"D"
"6280",20.05265,94.6837,343.37,0.5,0.41,"2026-02-15",637,"N20","nominal","2.0NRT",312.01,4.39,"D"
"6281",20.05183,94.67902,342.62,0.5,0.41,"2026-02-15",637,"N20","low","2.0NRT",313.61,3.4,"D"
"6282",20.02857,94.5465,347.93,0.51,0.41,"2026-02-15",637,"N20","nominal","2.0NRT",315.03,9.47,"D"
"6283",20.42188,96.85334,338.91,0.4,0.37,"2026-02-15",637,"N20","low","2.0NRT",311.97,3.47,"D"
"6284",20.2966,96.09048,343.92,0.43,0.38,"2026-02-15",637,"N20","low","2.0NRT",316.63,7.4,"D"
"6285",20.05553,94.67828,342.92,0.5,0.41,"2026-02-15",637,"N20","low","2.0NRT",313.25,3.4,"D"
"6286",20.0323,94.54576,342.93,0.51,0.41,"2026-02-15",637,"N20","low","2.0NRT",316.13,9.47,"D"
"6287",20.05841,94.67285,342.43,0.5,0.41,"2026-02-15",637,"N20","nominal","2.0NRT",313.6,3.69,"D"
"6288",20.52013,97.42351,344.55,0.39,0.36,"2026-02-15",637,"N20","nominal","2.0NRT",305.55,2.82,"D"
"6289",20.8545,99.595,333.97,0.39,0.36,"2026-02-15",637,"N20","nominal","2.0NRT",301.18,4.04,"D"
"6290",20.46167,97.03576,332.47,0.4,0.37,"2026-02-15",637,"N20","nominal","2.0NRT",304.72,2.84,"D"
"6291",20.52381,97.40356,347.31,0.39,0.36,"2026-02-15",637,"N20","nominal","2.0NRT",308.78,14.52,"D"
"6292",20.45699,96.98514,347.98,0.4,0.37,"2026-02-15",637,"N20","nominal","2.0NRT",306.72,5.73,"D"
"6293",20.55361,97.5058,334.73,0.39,0.36,"2026-02-15",637,"N20","nominal","2.0NRT",302.04,2.46,"D"
"6294",20.55302,97.5021,337.2,0.39,0.36,"2026-02-15",637,"N20","nominal","2.0NRT",304.76,2.46,"D"
"6295",20.52708,97.33808,330.89,0.39,0.37,"2026-02-15",637,"N20","low","2.0NRT",301.76,3.06,"D"
"6296",20.29096,95.88455,343.4,0.44,0.38,"2026-02-15",637,"N20","nominal","2.0NRT",314.37,4.16,"D"
"6297",20.28406,95.84314,337.35,0.44,0.38,"2026-02-15",637,"N20","low","2.0NRT",312.35,4.86,"D"
"6298",20.30744,95.96213,341.18,0.43,0.38,"2026-02-15",637,"N20","nominal","2.0NRT",313.93,3.79,"D"
"6299",20.29445,95.8839,341.77,0.44,0.38,"2026-02-15",637,"N20","nominal","2.0NRT",312.92,19.61,"D"
"6300",20.28686,95.83833,338.04,0.44,0.38,"2026-02-15",637,"N20","low","2.0NRT",312.9,4.19,"D"
"6301",20.29376,95.87979,320.75,0.44,0.38,"2026-02-15",637,"N20","low","2.0NRT",321.56,19.61,"D"
"6302",20.28484,95.80458,340.29,0.44,0.38,"2026-02-15",637,"N20","nominal","2.0NRT",312.28,3.35,"D"
"6303",20.36531,96.2947,342.61,0.42,0.38,"2026-02-15",637,"N20","nominal","2.0NRT",309.5,7.77,"D"
"6304",20.30914,95.9628,344.39,0.43,0.38,"2026-02-15",637,"N20","nominal","2.0NRT",313.4,3.17,"D"
"6305",20.44041,96.72446,336.37,0.41,0.37,"2026-02-15",637,"N20","nominal","2.0NRT",304.16,3.8,"D"
"6306",20.06555,94.55183,338.26,0.5,0.41,"2026-02-15",637,"N20","low","2.0NRT",308.4,3.86,"D"
"6307",20.49486,97.01462,331.49,0.4,0.37,"2026-02-15",637,"N20","nominal","2.0NRT",301.3,1.97,"D"
"6308",20.58308,97.5422,337.74,0.39,0.36,"2026-02-15",637,"N20","nominal","2.0NRT",307.72,3.8,"D"
"6309",20.5802,97.52398,332.92,0.39,0.36,"2026-02-15",637,"N20","nominal","2.0NRT",303.79,3.49,"D"
"6310",20.57494,97.4909,334.43,0.39,0.36,"2026-02-15",637,"N20","nominal","2.0NRT",300.09,1.56,"D"
"6311",20.11435,94.76025,345.03,0.49,0.4,"2026-02-15",637,"N20","nominal","2.0NRT",315,4.97,"D"
"6312",20.58236,97.51611,348.01,0.39,0.36,"2026-02-15",637,"N20","nominal","2.0NRT",302.35,4.6,"D"
"6313",20.09976,94.65697,338.79,0.5,0.41,"2026-02-15",637,"N20","low","2.0NRT",312.77,5.48,"D"
"6314",20.52498,97.13682,354.73,0.4,0.37,"2026-02-15",637,"N20","nominal","2.0NRT",309.43,9.75,"D"
"6315",20.51404,97.06917,340.68,0.4,0.37,"2026-02-15",637,"N20","nominal","2.0NRT",312.06,4.33,"D"
"6316",20.51343,97.06541,342.75,0.4,0.37,"2026-02-15",637,"N20","nominal","2.0NRT",311.72,4.07,"D"
"6317",20.10847,94.68436,339.53,0.5,0.41,"2026-02-15",637,"N20","low","2.0NRT",313.74,4.26,"D"
"6318",20.7299,98.41894,331.52,0.38,0.36,"2026-02-15",637,"N20","nominal","2.0NRT",305.25,1.54,"D"
"6319",20.61361,97.6704,332.58,0.39,0.36,"2026-02-15",637,"N20","nominal","2.0NRT",303.49,8.05,"D"
"6320",20.61066,97.65177,331.05,0.39,0.36,"2026-02-15",637,"N20","nominal","2.0NRT",302.37,2.69,"D"
"6321",20.44468,96.62361,336.97,0.41,0.37,"2026-02-15",637,"N20","nominal","2.0NRT",311.83,6.11,"D"
"6322",20.73319,98.41837,335.07,0.38,0.36,"2026-02-15",637,"N20","nominal","2.0NRT",304.08,3.82,"D"
"6323",20.51769,97.04919,336.13,0.4,0.37,"2026-02-15",637,"N20","nominal","2.0NRT",307.89,3.61,"D"
"6324",20.47408,96.78136,341.82,0.41,0.37,"2026-02-15",637,"N20","nominal","2.0NRT",309.44,5.55,"D"
"6325",20.44807,96.623,341.68,0.41,0.37,"2026-02-15",637,"N20","nominal","2.0NRT",310.69,6.21,"D"
"6326",20.26412,95.53086,348.17,0.45,0.39,"2026-02-15",637,"N20","nominal","2.0NRT",317.27,6.7,"D"
"6327",21.0268,100.39966,337.8,0.41,0.37,"2026-02-15",637,"N20","nominal","2.0NRT",302.56,3.97,"D"
"6328",20.36103,96.07922,343.76,0.43,0.38,"2026-02-15",637,"N20","nominal","2.0NRT",312.39,3.42,"D"
"6329",20.60885,97.57574,338.34,0.39,0.36,"2026-02-15",637,"N20","nominal","2.0NRT",310.97,3.42,"D"
"6330",20.45803,96.64111,333.33,0.41,0.37,"2026-02-15",637,"N20","low","2.0NRT",306.02,3.52,"D"
"6331",20.98852,100.07962,331.5,0.4,0.37,"2026-02-15",637,"N20","nominal","2.0NRT",301.08,1.31,"D"
"6332",20.72681,98.31054,337.72,0.38,0.36,"2026-02-15",637,"N20","nominal","2.0NRT",310.95,3.96,"D"
"6333",20.53441,97.08872,337.48,0.4,0.37,"2026-02-15",637,"N20","nominal","2.0NRT",311.3,2.12,"D"
"6334",20.60961,97.53757,332.44,0.39,0.36,"2026-02-15",637,"N20","low","2.0NRT",307.11,8.35,"D"
"6335",20.53349,97.06174,335.31,0.4,0.37,"2026-02-15",637,"N20","nominal","2.0NRT",308.87,4.18,"D"
"6336",20.40909,96.30288,336.33,0.42,0.38,"2026-02-15",637,"N20","low","2.0NRT",308.1,5.62,"D"
"6337",20.09623,94.48613,344.16,0.51,0.41,"2026-02-15",637,"N20","nominal","2.0NRT",312.42,5.58,"D"
"6338",20.61351,97.54064,347.6,0.39,0.36,"2026-02-15",637,"N20","nominal","2.0NRT",319.26,8.35,"D"
"6339",20.61293,97.53699,347.85,0.39,0.36,"2026-02-15",637,"N20","nominal","2.0NRT",318.04,8.35,"D"
"6340",20.48842,96.76289,348.18,0.41,0.37,"2026-02-15",637,"N20","nominal","2.0NRT",314.92,10.78,"D"
"6341",20.27888,95.51036,345.79,0.45,0.39,"2026-02-15",637,"N20","low","2.0NRT",316.84,6.9,"D"
"6342",20.11933,94.5945,338.19,0.5,0.41,"2026-02-15",637,"N20","nominal","2.0NRT",309.77,4.12,"D"
"6343",20.61683,97.54008,350.97,0.39,0.36,"2026-02-15",637,"N20","nominal","2.0NRT",319.65,19.6,"D"
"6344",20.61625,97.53643,346.27,0.39,0.36,"2026-02-15",637,"N20","nominal","2.0NRT",314.69,19.6,"D"
"6345",20.42061,96.32969,332.26,0.42,0.38,"2026-02-15",637,"N20","low","2.0NRT",305.22,2.22,"D"
"6346",20.62423,97.56535,341.6,0.39,0.36,"2026-02-15",637,"N20","nominal","2.0NRT",311.45,4.15,"D"
"6347",20.62365,97.56165,349.79,0.39,0.36,"2026-02-15",637,"N20","nominal","2.0NRT",312.72,5.35,"D"
"6348",20.62306,97.55795,339.9,0.39,0.36,"2026-02-15",637,"N20","low","2.0NRT",312.12,5.35,"D"
"6349",20.61324,97.49598,336.25,0.39,0.36,"2026-02-15",637,"N20","nominal","2.0NRT",305.9,5.49,"D"
"6350",20.3092,95.62392,339.37,0.45,0.39,"2026-02-15",637,"N20","nominal","2.0NRT",312.46,1.79,"D"
"6351",20.49817,96.73745,337.51,0.41,0.37,"2026-02-15",637,"N20","nominal","2.0NRT",306,3.17,"D"
"6352",20.55782,97.08452,352.06,0.4,0.37,"2026-02-15",637,"N20","nominal","2.0NRT",313.17,5.59,"D"
"6353",20.55721,97.08076,344.96,0.4,0.37,"2026-02-15",637,"N20","low","2.0NRT",317.67,8,"D"
"6354",20.42496,96.27066,338.27,0.42,0.38,"2026-02-15",637,"N20","low","2.0NRT",311.87,13.12,"D"
"6355",20.13706,94.58616,346.92,0.5,0.41,"2026-02-15",637,"N20","nominal","2.0NRT",312.06,7.09,"D"
"6356",20.63983,97.57783,333.88,0.39,0.36,"2026-02-15",637,"N20","low","2.0NRT",307.57,2.29,"D"
"6357",20.30886,95.55762,342.84,0.45,0.39,"2026-02-15",637,"N20","nominal","2.0NRT",316.93,4.08,"D"
"6358",20.13994,94.58073,341.34,0.5,0.41,"2026-02-15",637,"N20","low","2.0NRT",312.39,7.09,"D"
"6359",20.64314,97.57723,341.27,0.39,0.36,"2026-02-15",637,"N20","nominal","2.0NRT",309.52,9.12,"D"
"6360",20.64645,97.57664,343.74,0.39,0.36,"2026-02-15",637,"N20","nominal","2.0NRT",309.54,9.12,"D"
"6361",20.64586,97.57293,335.48,0.39,0.36,"2026-02-15",637,"N20","low","2.0NRT",308.63,7.41,"D"
"6362",20.8177,98.66298,341.87,0.38,0.36,"2026-02-15",637,"N20","nominal","2.0NRT",307.28,11.04,"D"
"6363",20.7776,98.39943,335.87,0.38,0.36,"2026-02-15",637,"N20","nominal","2.0NRT",308.4,3,"D"
"6364",20.66435,97.66882,345.84,0.39,0.36,"2026-02-15",637,"N20","low","2.0NRT",316.98,20.32,"D"
"6365",20.66766,97.66821,347.63,0.39,0.36,"2026-02-15",637,"N20","nominal","2.0NRT",315.75,20.32,"D"
"6366",20.44622,96.27093,342.8,0.42,0.38,"2026-02-15",637,"N20","nominal","2.0NRT",315.44,3.44,"D"
"6367",20.45303,96.2909,344.96,0.42,0.38,"2026-02-15",637,"N20","nominal","2.0NRT",310.91,3.34,"D"
"6368",20.44964,96.27027,339.88,0.42,0.38,"2026-02-15",637,"N20","nominal","2.0NRT",310.22,3.44,"D"
"6369",20.67699,97.66272,334.98,0.39,0.36,"2026-02-15",637,"N20","low","2.0NRT",309.66,4.19,"D"
"6370",20.13879,94.39827,343.4,0.51,0.41,"2026-02-15",637,"N20","nominal","2.0NRT",307.96,7.62,"D"
"6371",20.67196,97.58735,342.92,0.39,0.36,"2026-02-15",637,"N20","nominal","2.0NRT",311.27,5.74,"D"
"6372",20.1417,94.39272,345.88,0.51,0.41,"2026-02-15",637,"N20","nominal","2.0NRT",308.22,5.81,"D"
"6373",20.55226,96.81416,334.85,0.41,0.37,"2026-02-15",637,"N20","low","2.0NRT",308.86,1.63,"D"
"6374",20.46805,96.29634,354.23,0.42,0.38,"2026-02-15",637,"N20","nominal","2.0NRT",313.33,6.57,"D"
"6375",20.46738,96.29227,334.97,0.42,0.38,"2026-02-15",637,"N20","nominal","2.0NRT",308.5,6.57,"D"
"6376",20.37121,95.71196,347.57,0.44,0.39,"2026-02-15",637,"N20","nominal","2.0NRT",316.49,6.73,"D"
"6377",20.67801,97.58246,345.09,0.39,0.36,"2026-02-15",637,"N20","nominal","2.0NRT",311,3.27,"D"
"6378",20.67742,97.57874,333.81,0.39,0.36,"2026-02-15",637,"N20","low","2.0NRT",308.54,3.27,"D"
"6379",20.47149,96.29585,342.97,0.42,0.38,"2026-02-15",637,"N20","nominal","2.0NRT",309.64,3.77,"D"
"6380",20.79714,98.3284,335.77,0.38,0.36,"2026-02-15",637,"N20","nominal","2.0NRT",307.7,2.76,"D"
"6381",20.66738,97.49361,331.92,0.39,0.36,"2026-02-15",637,"N20","nominal","2.0NRT",301.67,8.43,"D"
"6382",20.65732,97.4295,333.78,0.39,0.36,"2026-02-15",637,"N20","nominal","2.0NRT",304.97,1.44,"D"
"6383",20.58237,96.95831,335.07,0.4,0.37,"2026-02-15",637,"N20","low","2.0NRT",308.06,4.78,"D"
"6384",20.80087,98.32746,334.06,0.38,0.36,"2026-02-15",637,"N20","nominal","2.0NRT",303.91,1.95,"D"
"6385",20.68205,97.56631,344.23,0.39,0.36,"2026-02-15",637,"N20","nominal","2.0NRT",310.71,4.43,"D"
"6386",20.68146,97.56261,337.56,0.39,0.36,"2026-02-15",637,"N20","nominal","2.0NRT",310.34,4.43,"D"
"6387",20.67041,97.49293,345.27,0.39,0.36,"2026-02-15",637,"N20","nominal","2.0NRT",305.67,3.56,"D"
"6388",20.66979,97.48908,330.82,0.39,0.36,"2026-02-15",637,"N20","nominal","2.0NRT",305.61,3.56,"D"
"6389",20.65956,97.42513,339.38,0.39,0.36,"2026-02-15",637,"N20","nominal","2.0NRT",307.92,3.24,"D"
"6390",20.14241,94.39475,334.96,0.51,0.41,"2026-02-15",637,"N20","low","2.0NRT",307.4,2.32,"D"
"6391",20.81089,98.37083,334.93,0.38,0.36,"2026-02-15",637,"N20","nominal","2.0NRT",309.27,3.17,"D"
"6392",20.58745,96.95737,336.32,0.4,0.37,"2026-02-15",637,"N20","nominal","2.0NRT",307.64,3.74,"D"
"6393",20.5269,96.58888,337.1,0.41,0.37,"2026-02-15",637,"N20","nominal","2.0NRT",308.31,4.51,"D"
"6394",20.48125,96.27323,340.62,0.42,0.38,"2026-02-15",637,"N20","low","2.0NRT",313.49,3.23,"D"
"6395",20.39922,95.76775,340.5,0.44,0.38,"2026-02-15",637,"N20","nominal","2.0NRT",315.43,4.44,"D"
"6396",20.18742,94.55872,334.8,0.5,0.41,"2026-02-15",637,"N20","low","2.0NRT",309.13,11.15,"D"
"6397",20.32185,95.29825,340.18,0.46,0.39,"2026-02-15",637,"N20","low","2.0NRT",312.78,5.1,"D"
"6398",20.70955,97.61095,336.92,0.39,0.36,"2026-02-15",637,"N20","low","2.0NRT",310.93,6.41,"D"
"6399",20.70897,97.60725,345.59,0.39,0.36,"2026-02-15",637,"N20","nominal","2.0NRT",315.19,5.28,"D"
"6400",20.40973,95.78706,346.92,0.44,0.38,"2026-02-15",637,"N20","nominal","2.0NRT",313.31,4.22,"D"
"6401",20.17958,94.47201,341.75,0.51,0.41,"2026-02-15",637,"N20","nominal","2.0NRT",307.02,7.7,"D"
"6402",21.1073,100.25143,338.76,0.41,0.37,"2026-02-15",637,"N20","nominal","2.0NRT",304.61,5.61,"D"
"6403",20.71227,97.60667,346.21,0.39,0.36,"2026-02-15",637,"N20","nominal","2.0NRT",312.54,5.28,"D"
"6404",20.1609,94.3465,336.53,0.52,0.41,"2026-02-15",637,"N20","low","2.0NRT",306.73,5.7,"D"
"6405",20.58694,96.78463,346.88,0.41,0.37,"2026-02-15",637,"N20","nominal","2.0NRT",314.52,5.63,"D"
"6406",20.17786,94.39766,340.8,0.51,0.41,"2026-02-15",637,"N20","nominal","2.0NRT",306.6,3.64,"D"
"6407",20.66223,97.22823,343.73,0.4,0.37,"2026-02-15",637,"N20","low","2.0NRT",316.28,4.25,"D"
"6408",20.60092,96.84906,351.25,0.4,0.37,"2026-02-15",637,"N20","nominal","2.0NRT",310.85,19.03,"D"
"6409",20.66556,97.22765,343.47,0.4,0.37,"2026-02-15",637,"N20","nominal","2.0NRT",311.82,4.25,"D"
"6410",20.23093,94.65226,342.8,0.5,0.41,"2026-02-15",637,"N20","low","2.0NRT",316.91,13.11,"D"
"6411",21.95342,107.15617,356.41,0.33,0.55,"2026-02-15",637,"N20","nominal","2.0NRT",296.34,5.15,"D"
"6412",20.80823,98.11184,348.51,0.38,0.36,"2026-02-15",637,"N20","nominal","2.0NRT",310.57,11.48,"D"
"6413",20.63017,96.96531,347.3,0.4,0.37,"2026-02-15",637,"N20","nominal","2.0NRT",313.4,10.48,"D"
"6414",20.51553,96.26686,341.42,0.42,0.38,"2026-02-15",637,"N20","nominal","2.0NRT",314.01,5.21,"D"
"6415",20.63289,96.96081,340.71,0.4,0.37,"2026-02-15",637,"N20","nominal","2.0NRT",310.57,9.03,"D"
"6416",21.39668,102.17945,331.57,0.49,0.4,"2026-02-15",637,"N20","nominal","2.0NRT",297.53,5.08,"D"
"6417",21.1377,100.24571,342.95,0.41,0.37,"2026-02-15",637,"N20","nominal","2.0NRT",305.49,10.65,"D"
"6418",20.58086,96.59879,338.38,0.41,0.37,"2026-02-15",637,"N20","nominal","2.0NRT",304.68,4.92,"D"
"6419",20.44111,95.71666,341.61,0.44,0.38,"2026-02-15",637,"N20","low","2.0NRT",314.54,3.72,"D"
"6420",20.65547,96.97249,342.11,0.4,0.37,"2026-02-15",637,"N20","low","2.0NRT",313.93,5.26,"D"
"6421",20.63945,96.87326,345.32,0.4,0.37,"2026-02-15",637,"N20","nominal","2.0NRT",305.26,5.56,"D"
"6422",21.98245,106.98687,331.07,0.32,0.55,"2026-02-15",637,"N20","nominal","2.0NRT",295.3,1.75,"D"
"6423",21.42138,102.19567,331.7,0.49,0.4,"2026-02-15",637,"N20","nominal","2.0NRT",297.33,18.74,"D"
"6424",20.27437,94.68221,345.77,0.49,0.41,"2026-02-15",637,"N20","nominal","2.0NRT",314.51,6.62,"D"
"6425",20.24224,94.499,341.2,0.5,0.41,"2026-02-15",637,"N20","low","2.0NRT",311.82,4.31,"D"
"6426",21.42376,102.18515,338.24,0.49,0.4,"2026-02-15",637,"N20","nominal","2.0NRT",296.25,4.32,"D"
"6427",21.15585,100.22697,350.2,0.41,0.37,"2026-02-15",637,"N20","nominal","2.0NRT",303.88,8.65,"D"
"6428",21.04167,99.43755,333.35,0.39,0.36,"2026-02-15",637,"N20","nominal","2.0NRT",296.95,3.71,"D"
"6429",20.23582,94.44058,333.93,0.51,0.41,"2026-02-15",637,"N20","low","2.0NRT",307.46,3.44,"D"
"6430",20.73592,97.41161,330.2,0.39,0.36,"2026-02-15",637,"N20","nominal","2.0NRT",304.31,1.5,"D"
"6431",20.68904,97.09576,336.24,0.4,0.37,"2026-02-15",637,"N20","low","2.0NRT",309.39,7.18,"D"
"6432",20.60856,96.59757,347.7,0.41,0.37,"2026-02-15",637,"N20","nominal","2.0NRT",307.15,6.22,"D"
"6433",20.60093,96.5508,339.08,0.41,0.37,"2026-02-15",637,"N20","nominal","2.0NRT",304.45,4.38,"D"
"6434",20.75623,97.45371,337.43,0.39,0.36,"2026-02-15",637,"N20","nominal","2.0NRT",308.79,3.51,"D"
"6435",20.61806,96.5917,332.36,0.41,0.37,"2026-02-15",637,"N20","nominal","2.0NRT",306.86,3.34,"D"
"6436",20.22585,94.27363,333.75,0.52,0.41,"2026-02-15",637,"N20","low","2.0NRT",307.01,8.43,"D"
"6437",21.04186,99.27747,334.78,0.39,0.36,"2026-02-15",637,"N20","nominal","2.0NRT",305.34,4.83,"D"
"6438",20.44407,95.49736,342.78,0.45,0.39,"2026-02-15",637,"N20","nominal","2.0NRT",316.27,5.85,"D"
"6439",20.79518,97.61471,343.01,0.39,0.36,"2026-02-15",637,"N20","nominal","2.0NRT",310.9,3.5,"D"
"6440",20.65356,96.72488,338.76,0.41,0.37,"2026-02-15",637,"N20","nominal","2.0NRT",309.55,2.99,"D"
"6441",20.71848,97.11392,344.68,0.4,0.37,"2026-02-15",637,"N20","nominal","2.0NRT",312.3,5.77,"D"
"6442",20.72182,97.11333,334.8,0.4,0.37,"2026-02-15",637,"N20","nominal","2.0NRT",307.21,5.77,"D"
"6443",20.72577,97.11652,336.85,0.4,0.37,"2026-02-15",637,"N20","nominal","2.0NRT",307.15,9.64,"D"
"6444",21.06236,99.27811,331.31,0.39,0.36,"2026-02-15",637,"N20","nominal","2.0NRT",299.92,3.18,"D"
"6445",20.72911,97.11593,342.27,0.4,0.37,"2026-02-15",637,"N20","nominal","2.0NRT",306.91,9.64,"D"
"6446",20.26739,94.41701,338.08,0.51,0.41,"2026-02-15",637,"N20","low","2.0NRT",308.24,3.37,"D"
"6447",20.27112,94.41626,346.65,0.51,0.41,"2026-02-15",637,"N20","nominal","2.0NRT",310.2,12.55,"D"
"6448",20.27027,94.41151,346.27,0.51,0.41,"2026-02-15",637,"N20","nominal","2.0NRT",311.7,12.55,"D"
"6449",20.25369,94.31969,334.65,0.52,0.41,"2026-02-15",637,"N20","nominal","2.0NRT",307.1,2.69,"D"
"6450",21.07613,99.32584,337.99,0.39,0.36,"2026-02-15",637,"N20","nominal","2.0NRT",303.74,6.72,"D"
"6451",20.27486,94.4155,340.38,0.51,0.41,"2026-02-15",637,"N20","nominal","2.0NRT",308.53,12.55,"D"
"6452",20.274,94.41074,351.5,0.51,0.41,"2026-02-15",637,"N20","nominal","2.0NRT",311.25,12.55,"D"
"6453",21.62508,103.39083,329.67,0.57,0.43,"2026-02-15",637,"N20","nominal","2.0NRT",294.5,5.03,"D"
"6454",20.78585,97.38397,343.11,0.39,0.36,"2026-02-15",637,"N20","nominal","2.0NRT",301.75,5.92,"D"
"6455",20.49988,95.65458,348.89,0.44,0.39,"2026-02-15",637,"N20","nominal","2.0NRT",317.95,4.79,"D"
"6456",20.31539,94.59879,337.62,0.5,0.41,"2026-02-15",637,"N20","nominal","2.0NRT",311.57,3.68,"D"
"6457",20.66817,96.61502,334.97,0.41,0.37,"2026-02-15",637,"N20","nominal","2.0NRT",304,2.03,"D"
"6458",20.29916,94.46482,334.33,0.51,0.41,"2026-02-15",637,"N20","low","2.0NRT",308.83,4.93,"D"
"6459",20.10463,93.39742,337.35,0.39,0.44,"2026-02-15",637,"N20","nominal","2.0NRT",300.02,3.39,"D"
"6460",21.63143,103.3103,337.87,0.56,0.43,"2026-02-15",637,"N20","nominal","2.0NRT",305.06,36.42,"D"
"6461",21.21203,100.10252,330.3,0.4,0.37,"2026-02-15",637,"N20","nominal","2.0NRT",297.39,1.56,"D"
"6462",20.81125,97.43639,335.31,0.39,0.36,"2026-02-15",637,"N20","nominal","2.0NRT",306.36,6.28,"D"
"6463",20.76878,97.17043,340.41,0.4,0.37,"2026-02-15",637,"N20","low","2.0NRT",311.53,4.1,"D"
"6464",20.77151,97.16605,336.47,0.4,0.37,"2026-02-15",637,"N20","low","2.0NRT",310.72,5.98,"D"
"6465",20.65108,96.42655,332.37,0.41,0.37,"2026-02-15",637,"N20","nominal","2.0NRT",307,2.62,"D"
"6466",22.41582,111.12714,336.97,0.6,0.71,"2026-02-15",637,"N20","nominal","2.0NRT",294.26,6.25,"D"
"6467",20.66372,96.4819,333.84,0.41,0.37,"2026-02-15",637,"N20","low","2.0NRT",306.5,4.99,"D"
"6468",20.72677,96.84618,331.38,0.4,0.37,"2026-02-15",637,"N20","nominal","2.0NRT",306.27,2.83,"D"
"6469",20.95728,98.28533,332.09,0.38,0.36,"2026-02-15",637,"N20","nominal","2.0NRT",305.74,4.63,"D"
"6470",20.95672,98.28165,344.78,0.38,0.36,"2026-02-15",637,"N20","nominal","2.0NRT",315,18.9,"D"
"6471",20.82393,97.43031,332.59,0.39,0.36,"2026-02-15",637,"N20","low","2.0NRT",305.56,3.59,"D"
"6472",20.70891,96.71512,344.64,0.41,0.37,"2026-02-15",637,"N20","nominal","2.0NRT",308.63,3.22,"D"
"6473",20.09318,93.15653,342.06,0.4,0.44,"2026-02-15",637,"N20","nominal","2.0NRT",309.51,1.69,"D"
"6474",21.72172,103.81924,330.55,0.4,0.44,"2026-02-15",637,"N20","nominal","2.0NRT",297.85,1.5,"D"
"6475",20.55684,95.75574,340.74,0.44,0.38,"2026-02-15",637,"N20","low","2.0NRT",315.06,4.91,"D"
"6476",21.11979,99.29926,333.24,0.39,0.36,"2026-02-15",637,"N20","nominal","2.0NRT",299.63,1.85,"D"
"6477",20.74967,96.88082,340.46,0.4,0.37,"2026-02-15",637,"N20","nominal","2.0NRT",311.57,4.48,"D"
"6478",20.94157,98.07345,335.58,0.39,0.36,"2026-02-15",637,"N20","nominal","2.0NRT",309.2,2.68,"D"
"6479",20.66927,96.36648,336.09,0.42,0.37,"2026-02-15",637,"N20","low","2.0NRT",307.02,4.15,"D"
"6480",20.58604,95.86527,345.3,0.43,0.38,"2026-02-15",637,"N20","nominal","2.0NRT",316.01,6.51,"D"
"6481",20.33578,94.38815,346.33,0.51,0.41,"2026-02-15",637,"N20","nominal","2.0NRT",310.76,8.39,"D"
"6482",22.11521,107.14196,342.65,0.33,0.55,"2026-02-15",637,"N20","nominal","2.0NRT",295.49,2.72,"D"
"6483",21.30389,100.48188,331.88,0.42,0.37,"2026-02-15",637,"N20","nominal","2.0NRT",299.16,3.21,"D"
"6484",21.1529,99.38556,328.94,0.39,0.36,"2026-02-15",637,"N20","low","2.0NRT",303.53,1.52,"D"
"6485",22.40325,110.01962,351.39,0.51,0.66,"2026-02-15",637,"N20","nominal","2.0NRT",291.71,6.23,"D"
"6486",21.14129,99.28391,335.21,0.39,0.36,"2026-02-15",637,"N20","nominal","2.0NRT",303.91,3.21,"D"
"6487",20.69038,96.3666,337.11,0.42,0.37,"2026-02-15",637,"N20","nominal","2.0NRT",309.71,4.03,"D"
"6488",20.66805,96.23049,348.12,0.42,0.38,"2026-02-15",637,"N20","nominal","2.0NRT",317.36,4.92,"D"
"6489",20.3553,94.38908,332.09,0.51,0.41,"2026-02-15",637,"N20","low","2.0NRT",306.5,1.24,"D"
"6490",20.76363,96.79597,338.88,0.4,0.37,"2026-02-15",637,"N20","nominal","2.0NRT",312.76,2.76,"D"
"6491",20.69953,96.40097,339.38,0.42,0.37,"2026-02-15",637,"N20","nominal","2.0NRT",308.18,4.2,"D"
"6492",20.6989,96.39713,349.91,0.42,0.37,"2026-02-15",637,"N20","nominal","2.0NRT",310.24,4.2,"D"
"6493",21.56301,102.22124,331.35,0.49,0.4,"2026-02-15",637,"N20","nominal","2.0NRT",298.06,2.76,"D"
"6494",21.15233,99.2897,332.93,0.39,0.36,"2026-02-15",637,"N20","nominal","2.0NRT",302.01,14.78,"D"
"6495",20.68876,96.31377,340.64,0.42,0.38,"2026-02-15",637,"N20","nominal","2.0NRT",308.98,3.92,"D"
"6496",20.56359,95.55943,341.72,0.45,0.39,"2026-02-15",637,"N20","nominal","2.0NRT",315.94,3.21,"D"
"6497",20.38446,94.46772,338.01,0.5,0.41,"2026-02-15",637,"N20","nominal","2.0NRT",309.31,2.24,"D"
"6498",20.3703,94.38638,347.71,0.51,0.41,"2026-02-15",637,"N20","nominal","2.0NRT",314.57,9.66,"D"
"6499",20.9096,97.62856,342.22,0.39,0.36,"2026-02-15",637,"N20","nominal","2.0NRT",306.29,4.26,"D"
"6500",21.56525,102.22285,331.34,0.49,0.4,"2026-02-15",637,"N20","nominal","2.0NRT",298.18,3.16,"D"
"6501",21.2463,99.84784,333.58,0.4,0.37,"2026-02-15",637,"N20","nominal","2.0NRT",306.08,4.52,"D"
"6502",21.16869,99.31014,328.58,0.39,0.36,"2026-02-15",637,"N20","low","2.0NRT",301.2,4.31,"D"
"6503",20.62917,95.90013,347.16,0.43,0.38,"2026-02-15",637,"N20","nominal","2.0NRT",312.95,3.14,"D"
"6504",20.36209,94.38018,336.38,0.51,0.41,"2026-02-15",637,"N20","nominal","2.0NRT",308.93,4.34,"D"
"6505",20.911,97.59435,330.55,0.39,0.36,"2026-02-15",637,"N20","nominal","2.0NRT",302.38,1.93,"D"
"6506",20.74758,96.58427,334.64,0.41,0.37,"2026-02-15",637,"N20","nominal","2.0NRT",307.6,2.77,"D"
"6507",20.70884,96.35128,340.28,0.42,0.37,"2026-02-15",637,"N20","low","2.0NRT",310.46,7.69,"D"
"6508",20.69818,96.28758,338.8,0.42,0.38,"2026-02-15",637,"N20","low","2.0NRT",309.33,2.31,"D"
"6509",20.84092,97.13445,331.62,0.4,0.37,"2026-02-15",637,"N20","nominal","2.0NRT",306.43,2.38,"D"
"6510",20.72539,96.42955,333.88,0.41,0.37,"2026-02-15",637,"N20","low","2.0NRT",305.13,4.56,"D"
"6511",20.38508,94.46471,341.12,0.5,0.41,"2026-02-15",637,"N20","nominal","2.0NRT",309.84,3.12,"D"
"6512",20.38966,94.46877,334.49,0.5,0.41,"2026-02-15",637,"N20","low","2.0NRT",308.43,2.66,"D"
"6513",20.73153,96.42427,338.93,0.41,0.37,"2026-02-15",637,"N20","nominal","2.0NRT",307.71,2.72,"D"
"6514",20.73493,96.42363,340.72,0.41,0.37,"2026-02-15",639,"N20","nominal","2.0NRT",307.76,3.88,"D"
"6515",20.65135,95.92534,348.21,0.43,0.38,"2026-02-15",639,"N20","low","2.0NRT",319.8,11.1,"D"
"6516",20.93332,97.62813,342.08,0.39,0.36,"2026-02-15",639,"N20","nominal","2.0NRT",309.83,4.47,"D"
"6517",20.62336,95.73949,342.83,0.44,0.38,"2026-02-15",639,"N20","nominal","2.0NRT",315.18,3.93,"D"
"6518",20.39572,94.43806,339.39,0.51,0.41,"2026-02-15",639,"N20","nominal","2.0NRT",309.27,4.17,"D"
"6519",21.18856,99.28342,330.5,0.39,0.36,"2026-02-15",639,"N20","low","2.0NRT",304,4.25,"D"
"6520",20.62047,95.70141,340.98,0.44,0.38,"2026-02-15",639,"N20","nominal","2.0NRT",315.91,3.15,"D"
"6521",21.20343,99.36179,348.24,0.39,0.36,"2026-02-15",639,"N20","nominal","2.0NRT",310.09,7.05,"D"
"6522",21.20234,99.35433,333.7,0.39,0.36,"2026-02-15",639,"N20","low","2.0NRT",304.66,5.29,"D"
"6523",20.80694,96.77643,346.43,0.4,0.37,"2026-02-15",639,"N20","nominal","2.0NRT",314.51,5.29,"D"
"6524",20.68577,96.04476,345.15,0.43,0.38,"2026-02-15",639,"N20","nominal","2.0NRT",316.85,4.66,"D"
"6525",20.9512,97.65535,340.31,0.39,0.36,"2026-02-15",639,"N20","nominal","2.0NRT",309.18,3.78,"D"
"6526",20.95061,97.65166,342.95,0.39,0.36,"2026-02-15",639,"N20","nominal","2.0NRT",310.19,3.78,"D"
"6527",20.9314,97.52983,338.13,0.39,0.36,"2026-02-15",639,"N20","nominal","2.0NRT",305.87,3.63,"D"
"6528",20.92257,97.47407,332.94,0.39,0.36,"2026-02-15",639,"N20","nominal","2.0NRT",300.58,3.79,"D"
"6529",20.93801,97.52863,341.41,0.39,0.36,"2026-02-15",639,"N20","nominal","2.0NRT",307.49,5.07,"D"
"6530",20.72304,96.20392,354.03,0.42,0.38,"2026-02-15",639,"N20","nominal","2.0NRT",322.04,10.53,"D"
"6531",21.23083,99.43284,335.83,0.39,0.36,"2026-02-15",639,"N20","nominal","2.0NRT",299.4,4.78,"D"
"6532",20.72645,96.2032,353.4,0.42,0.38,"2026-02-15",639,"N20","nominal","2.0NRT",320.93,23.67,"D"
"6533",20.68114,95.93231,343.67,0.43,0.38,"2026-02-15",639,"N20","low","2.0NRT",317.38,10.88,"D"
"6534",20.6358,95.66407,349.19,0.44,0.38,"2026-02-15",639,"N20","nominal","2.0NRT",318.88,8.37,"D"
"6535",22.40602,109.60336,330.5,0.48,0.65,"2026-02-15",639,"N20","nominal","2.0NRT",293.36,2.73,"D"
"6536",21.22335,99.35844,333.58,0.39,0.36,"2026-02-15",639,"N20","low","2.0NRT",305.86,3.25,"D"
"6537",20.83492,96.84206,337.14,0.4,0.37,"2026-02-15",639,"N20","low","2.0NRT",307.87,1.87,"D"
"6538",20.6846,95.93166,347.44,0.43,0.38,"2026-02-15",639,"N20","low","2.0NRT",319.65,10.88,"D"
"6539",20.6393,95.66341,345.23,0.44,0.38,"2026-02-15",639,"N20","low","2.0NRT",317.52,8.37,"D"
"6540",20.83646,96.83025,344.33,0.4,0.37,"2026-02-15",639,"N20","low","2.0NRT",314.79,8.28,"D"
"6541",20.68807,95.931,367,0.43,0.38,"2026-02-15",639,"N20","low","2.0NRT",328.89,36.46,"D"
"6542",20.85726,96.91606,344.53,0.4,0.37,"2026-02-15",639,"N20","nominal","2.0NRT",313.17,4.11,"D"
"6543",21.69377,102.69303,330.95,0.52,0.42,"2026-02-15",639,"N20","nominal","2.0NRT",298.12,1.67,"D"
"6544",20.88824,97.08727,332.72,0.4,0.37,"2026-02-15",639,"N20","low","2.0NRT",304.83,2.76,"D"
"6545",21.29169,99.66322,336.01,0.4,0.37,"2026-02-15",639,"N20","low","2.0NRT",309.6,3.8,"D"
"6546",20.84172,96.73466,338.01,0.41,0.37,"2026-02-15",639,"N20","nominal","2.0NRT",311.58,3.35,"D"
"6547",20.70612,95.9107,349.47,0.43,0.38,"2026-02-15",639,"N20","nominal","2.0NRT",318.65,7.05,"D"
"6548",20.41839,94.23891,335.27,0.52,0.41,"2026-02-15",639,"N20","low","2.0NRT",305.57,2.01,"D"
"6549",20.97577,97.55233,343.71,0.39,0.36,"2026-02-15",639,"N20","nominal","2.0NRT",310.51,4.33,"D"
"6550",20.72047,95.97532,348.71,0.43,0.38,"2026-02-15",639,"N20","nominal","2.0NRT",317.68,11.93,"D"
"6551",21.26344,99.42328,330.48,0.39,0.36,"2026-02-15",639,"N20","nominal","2.0NRT",295.21,17.55,"D"
"6552",21.2629,99.41959,331.87,0.39,0.36,"2026-02-15",639,"N20","nominal","2.0NRT",306.86,17.55,"D"
"6553",20.76867,96.24487,355.45,0.42,0.38,"2026-02-15",639,"N20","nominal","2.0NRT",325.58,11.4,"D"
"6554",20.7721,96.24425,346.22,0.42,0.38,"2026-02-15",639,"N20","nominal","2.0NRT",319.93,11.4,"D"
"6555",20.69592,95.78539,346.2,0.44,0.38,"2026-02-15",639,"N20","nominal","2.0NRT",314.66,6.45,"D"
"6556",20.69523,95.78127,345.32,0.44,0.38,"2026-02-15",639,"N20","low","2.0NRT",315.44,6.45,"D"
"6557",20.87243,96.83886,345.83,0.4,0.37,"2026-02-15",639,"N20","nominal","2.0NRT",312.13,4.7,"D"
"6558",20.46484,94.41451,333.06,0.51,0.41,"2026-02-15",639,"N20","low","2.0NRT",305.99,5.16,"D"
"6559",20.49257,94.55125,335.94,0.5,0.41,"2026-02-15",639,"N20","nominal","2.0NRT",309.93,3.06,"D"
"6560",20.99405,97.56051,333.37,0.39,0.36,"2026-02-15",639,"N20","nominal","2.0NRT",303.97,3.56,"D"
"6561",20.99347,97.55678,336.1,0.39,0.36,"2026-02-15",639,"N20","nominal","2.0NRT",306.82,3.77,"D"
"6562",20.80644,96.38923,333.99,0.41,0.37,"2026-02-15",639,"N20","nominal","2.0NRT",307.49,1.6,"D"
"6563",20.91396,97.01172,335.16,0.4,0.37,"2026-02-15",639,"N20","low","2.0NRT",308.74,1.91,"D"
"6564",20.66921,95.51837,344.23,0.45,0.39,"2026-02-15",639,"N20","nominal","2.0NRT",316.69,5.97,"D"
"6565",20.70855,95.73177,343.3,0.44,0.38,"2026-02-15",639,"N20","nominal","2.0NRT",317.72,6.51,"D"
"6566",21.08062,98.02556,334.57,0.39,0.36,"2026-02-15",639,"N20","low","2.0NRT",305.61,3.38,"D"
"6567",20.70471,95.72434,343.93,0.44,0.38,"2026-02-15",639,"N20","nominal","2.0NRT",318.3,3.36,"D"
"6568",20.70962,95.73195,342.78,0.44,0.38,"2026-02-15",639,"N20","nominal","2.0NRT",316.32,6.32,"D"
"6569",21.07238,97.92888,335.82,0.39,0.36,"2026-02-15",639,"N20","low","2.0NRT",310.39,10.87,"D"
"6570",21.07739,97.93935,349.06,0.39,0.36,"2026-02-15",639,"N20","nominal","2.0NRT",306.73,15.66,"D"
"6571",21.0751,97.92463,333,0.39,0.36,"2026-02-15",639,"N20","low","2.0NRT",304.65,10.87,"D"
"6572",21.05729,97.81049,336.95,0.39,0.36,"2026-02-15",639,"N20","low","2.0NRT",310.39,4.86,"D"
"6573",21.08069,97.93876,346.39,0.39,0.36,"2026-02-15",639,"N20","nominal","2.0NRT",309.48,14.47,"D"
"6574",21.25627,99.05164,330.81,0.39,0.36,"2026-02-15",639,"N20","nominal","2.0NRT",304.2,2.54,"D"
"6575",20.82356,96.30067,347.66,0.42,0.37,"2026-02-15",639,"N20","nominal","2.0NRT",315.91,7.48,"D"
"6576",21.3267,99.50928,328.91,0.39,0.36,"2026-02-15",639,"N20","nominal","2.0NRT",302.22,2.6,"D"
"6577",20.82698,96.30006,349.63,0.42,0.37,"2026-02-15",639,"N20","nominal","2.0NRT",311.14,7.48,"D"
"6578",21.36441,99.74712,334.87,0.4,0.37,"2026-02-15",639,"N20","nominal","2.0NRT",305.88,3.28,"D"
"6579",21.0441,97.59684,333.18,0.39,0.36,"2026-02-15",639,"N20","nominal","2.0NRT",301.71,3.67,"D"
"6580",20.83318,96.29504,336.75,0.42,0.37,"2026-02-15",639,"N20","low","2.0NRT",311.41,4.55,"D"
"6581",20.83723,96.29821,344.18,0.42,0.37,"2026-02-15",639,"N20","nominal","2.0NRT",313.04,6.39,"D"
"6582",20.82923,96.2501,342.59,0.42,0.38,"2026-02-15",639,"N20","low","2.0NRT",314.13,4.53,"D"
"6583",20.84064,96.29757,345.5,0.42,0.37,"2026-02-15",639,"N20","nominal","2.0NRT",315.11,6.39,"D"
"6584",20.83062,96.23727,342.58,0.42,0.38,"2026-02-15",639,"N20","low","2.0NRT",316.82,6.81,"D"
"6585",21.33026,99.39325,330.83,0.39,0.36,"2026-02-15",639,"N20","nominal","2.0NRT",299.53,2.1,"D"
"6586",21.13457,98.0463,338.91,0.38,0.36,"2026-02-15",639,"N20","nominal","2.0NRT",304.7,6.28,"D"
"6587",21.10377,97.84774,336.46,0.39,0.36,"2026-02-15",639,"N20","nominal","2.0NRT",305.8,2.8,"D"
"6588",21.0657,97.60457,331.83,0.39,0.36,"2026-02-15",639,"N20","nominal","2.0NRT",301.87,3.56,"D"
"6589",20.84364,96.23074,347.93,0.42,0.38,"2026-02-15",639,"N20","low","2.0NRT",318.57,6.92,"D"
"6590",21.069,97.604,332.13,0.39,0.36,"2026-02-15",639,"N20","nominal","2.0NRT",301.88,2.57,"D"
"6591",21.06841,97.6002,330.6,0.39,0.36,"2026-02-15",639,"N20","nominal","2.0NRT",301.42,2.57,"D"
"6592",20.97725,97.02711,347.12,0.4,0.37,"2026-02-15",639,"N20","nominal","2.0NRT",312.61,3.68,"D"
"6593",20.84774,96.2342,350.3,0.42,0.38,"2026-02-15",639,"N20","nominal","2.0NRT",315.47,5.81,"D"
"6594",20.84706,96.23009,344.07,0.42,0.38,"2026-02-15",639,"N20","low","2.0NRT",317.26,5.81,"D"
"6595",20.98059,97.02647,336.38,0.4,0.37,"2026-02-15",639,"N20","low","2.0NRT",309.09,3.68,"D"
"6596",20.86008,96.22345,347.69,0.42,0.38,"2026-02-15",639,"N20","low","2.0NRT",317.87,6.68,"D"
"6597",20.92792,96.61577,331.16,0.41,0.37,"2026-02-15",639,"N20","nominal","2.0NRT",302.25,2.2,"D"
"6598",20.8635,96.22282,341.68,0.42,0.38,"2026-02-15",639,"N20","low","2.0NRT",315.15,6.68,"D"
"6599",22.70587,111.49411,329.77,0.64,0.72,"2026-02-15",639,"N20","nominal","2.0NRT",295.23,3.04,"D"
"6600",21.07128,97.48891,336.47,0.39,0.36,"2026-02-15",639,"N20","nominal","2.0NRT",300.91,3.77,"D"
"6601",21.26173,98.70268,333.15,0.38,0.36,"2026-02-15",639,"N20","nominal","2.0NRT",305.53,2.47,"D"
"6602",21.07459,97.4883,333.46,0.39,0.36,"2026-02-15",639,"N20","nominal","2.0NRT",301.98,3.77,"D"
"6603",21.24165,98.54754,341.02,0.38,0.36,"2026-02-15",639,"N20","nominal","2.0NRT",308.47,4.16,"D"
"6604",21.14715,97.93082,333.05,0.39,0.36,"2026-02-15",639,"N20","nominal","2.0NRT",305.11,4.43,"D"
"6605",20.95982,96.74804,338.44,0.4,0.37,"2026-02-15",639,"N20","nominal","2.0NRT",309.75,2.42,"D"
"6606",21.35538,99.28619,330.77,0.39,0.36,"2026-02-15",639,"N20","low","2.0NRT",302.63,3.7,"D"
"6607",20.95841,96.69652,337.97,0.41,0.37,"2026-02-15",639,"N20","nominal","2.0NRT",311.97,3.52,"D"
"6608",20.82097,95.85957,352.19,0.43,0.38,"2026-02-15",639,"N20","nominal","2.0NRT",317.21,8.68,"D"
"6609",20.82445,95.85892,348.81,0.43,0.38,"2026-02-15",639,"N20","nominal","2.0NRT",313.36,8.68,"D"
"6610",20.81691,95.81374,340.45,0.43,0.38,"2026-02-15",639,"N20","low","2.0NRT",314.44,3.25,"D"
"6611",21.11386,97.6303,331.02,0.39,0.36,"2026-02-15",639,"N20","nominal","2.0NRT",300.47,1.99,"D"
"6612",21.42388,99.63722,332.68,0.4,0.37,"2026-02-15",639,"N20","nominal","2.0NRT",303.81,1.56,"D"
"6613",20.80107,95.65426,342.45,0.44,0.38,"2026-02-15",639,"N20","nominal","2.0NRT",314.58,4.2,"D"
"6614",20.77639,95.50706,344.46,0.45,0.39,"2026-02-15",639,"N20","nominal","2.0NRT",316.03,4.59,"D"
"6615",21.15594,97.8347,332.3,0.39,0.36,"2026-02-15",639,"N20","nominal","2.0NRT",306.62,2.14,"D"
"6616",20.75325,95.34803,341.38,0.45,0.39,"2026-02-15",639,"N20","nominal","2.0NRT",313.04,2.07,"D"
"6617",20.80179,95.65491,338.62,0.44,0.38,"2026-02-15",639,"N20","nominal","2.0NRT",313.46,4.82,"D"
"6618",20.77644,95.50797,344.73,0.45,0.39,"2026-02-15",639,"N20","nominal","2.0NRT",315.91,3.75,"D"
"6619",21.21576,98.17505,344.32,0.38,0.36,"2026-02-15",639,"N20","nominal","2.0NRT",309,3.34,"D"
"6620",21.12411,97.54404,336.79,0.39,0.36,"2026-02-15",639,"N20","nominal","2.0NRT",305.38,4.01,"D"
"6621",20.91166,96.23924,336.09,0.42,0.38,"2026-02-15",639,"N20","low","2.0NRT",310.56,6.52,"D"
"6622",20.91096,96.23512,346.7,0.42,0.38,"2026-02-15",639,"N20","nominal","2.0NRT",313.58,6.52,"D"
"6623",20.9957,96.72532,341.61,0.4,0.37,"2026-02-15",639,"N20","nominal","2.0NRT",310.69,4.84,"D"
"6624",21.02154,96.86238,344.71,0.4,0.37,"2026-02-15",639,"N20","nominal","2.0NRT",311,5.48,"D"
"6625",21.0035,96.75178,346.92,0.4,0.37,"2026-02-15",639,"N20","nominal","2.0NRT",311.53,4.34,"D"
"6626",20.80709,95.58047,351.93,0.44,0.39,"2026-02-15",639,"N20","nominal","2.0NRT",316.66,9.18,"D"
"6627",22.7024,111.49172,331.3,0.64,0.72,"2026-02-15",639,"N20","nominal","2.0NRT",294.85,3.2,"D"
"6628",21.23898,98.21622,345.5,0.38,0.36,"2026-02-15",639,"N20","nominal","2.0NRT",311.93,4.83,"D"
"6629",21.12508,97.46412,345.62,0.39,0.36,"2026-02-15",639,"N20","nominal","2.0NRT",300.1,4.05,"D"
"6630",20.36025,93.05708,342.97,0.4,0.44,"2026-02-15",639,"N20","nominal","2.0NRT",310.45,5.22,"D"
"6631",21.25054,98.22551,346.67,0.38,0.36,"2026-02-15",639,"N20","nominal","2.0NRT",312.64,10.32,"D"
"6632",21.22647,98.00343,335.19,0.39,0.36,"2026-02-15",639,"N20","nominal","2.0NRT",307.14,2.31,"D"
"6633",21.22976,98.00286,336.72,0.39,0.36,"2026-02-15",639,"N20","nominal","2.0NRT",307.12,2.31,"D"
"6634",21.23306,98.00228,338.43,0.39,0.36,"2026-02-15",639,"N20","nominal","2.0NRT",310.76,5.28,"D"
"6635",22.77905,111.71843,327.03,0.66,0.73,"2026-02-15",639,"N20","nominal","2.0NRT",294.11,3.99,"D"
"6636",20.63647,94.36913,337.69,0.51,0.41,"2026-02-15",639,"N20","low","2.0NRT",310.85,8,"D"
"6637",21.46744,99.49706,330.4,0.39,0.36,"2026-02-15",639,"N20","nominal","2.0NRT",303.64,3.09,"D"
"6638",21.22584,97.89021,336.04,0.39,0.36,"2026-02-15",639,"N20","nominal","2.0NRT",303.76,3.09,"D"
"6639",20.985,96.38462,339.82,0.41,0.37,"2026-02-15",639,"N20","nominal","2.0NRT",308.44,3.74,"D"
"6640",20.64104,94.37318,332.4,0.51,0.41,"2026-02-15",639,"N20","low","2.0NRT",305.26,3.78,"D"
"6641",20.64644,94.38191,333.18,0.51,0.41,"2026-02-15",639,"N20","nominal","2.0NRT",307.06,2.06,"D"
"6642",21.01202,96.50671,367,0.41,0.37,"2026-02-15",639,"N20","high","2.0NRT",319.6,21.17,"D"
"6643",21.12911,97.2319,345.63,0.39,0.36,"2026-02-15",639,"N20","nominal","2.0NRT",313.2,10.87,"D"
"6644",21.22656,97.82948,332.19,0.39,0.36,"2026-02-15",639,"N20","low","2.0NRT",303.43,2.44,"D"
"6645",21.13482,97.24634,341.88,0.39,0.36,"2026-02-15",639,"N20","nominal","2.0NRT",311.13,7.59,"D"
"6646",21.13422,97.24256,344.21,0.39,0.36,"2026-02-15",639,"N20","nominal","2.0NRT",312.21,7.59,"D"
"6647",20.83677,95.43523,346.5,0.45,0.39,"2026-02-15",639,"N20","nominal","2.0NRT",312.8,7.64,"D"
"6648",21.29283,98.23698,333.47,0.38,0.36,"2026-02-15",639,"N20","low","2.0NRT",306.89,15.31,"D"
"6649",21.20103,97.64423,343.18,0.39,0.36,"2026-02-15",639,"N20","nominal","2.0NRT",310.15,5.7,"D"
"6650",21.13815,97.24574,342.87,0.39,0.36,"2026-02-15",639,"N20","nominal","2.0NRT",310.56,7.59,"D"
"6651",21.13755,97.24197,355.77,0.39,0.36,"2026-02-15",639,"N20","nominal","2.0NRT",319.25,7.59,"D"
"6652",21.13695,97.23819,349.92,0.39,0.36,"2026-02-15",639,"N20","nominal","2.0NRT",316.43,16.62,"D"
"6653",20.87382,95.63251,340.4,0.44,0.38,"2026-02-15",639,"N20","low","2.0NRT",314.92,6.39,"D"
"6654",21.14207,97.24889,343.21,0.39,0.36,"2026-02-15",639,"N20","nominal","2.0NRT",317.79,55.53,"D"
"6655",21.14087,97.24136,346.8,0.39,0.36,"2026-02-15",639,"N20","nominal","2.0NRT",313.85,25.78,"D"
"6656",21.14027,97.23759,345.26,0.39,0.36,"2026-02-15",639,"N20","nominal","2.0NRT",314.08,7.58,"D"
"6657",20.84526,95.44232,338.52,0.45,0.39,"2026-02-15",639,"N20","nominal","2.0NRT",313.42,2.94,"D"
"6658",20.42145,93.04824,346.09,0.4,0.44,"2026-02-15",639,"N20","nominal","2.0NRT",309.56,3.23,"D"
"6659",21.14147,97.24512,367,0.39,0.36,"2026-02-15",639,"N20","low","2.0NRT",330.98,25.78,"D"
"6660",21.14539,97.24829,367,0.39,0.36,"2026-02-15",639,"N20","high","2.0NRT",332.52,55.53,"D"
"6661",21.19663,97.57288,341.35,0.39,0.36,"2026-02-15",639,"N20","nominal","2.0NRT",303.12,3.81,"D"
"6662",21.14479,97.24451,336.88,0.39,0.36,"2026-02-15",639,"N20","nominal","2.0NRT",308.63,25.78,"D"
"6663",21.14419,97.24077,353.25,0.39,0.36,"2026-02-15",639,"N20","nominal","2.0NRT",318.64,25.78,"D"
"6664",21.1436,97.23701,341.77,0.39,0.36,"2026-02-15",639,"N20","low","2.0NRT",315.76,7.58,"D"
"6665",20.97931,96.22208,338.83,0.42,0.38,"2026-02-15",639,"N20","low","2.0NRT",311.67,1.68,"D"
"6666",21.23343,97.78654,338.71,0.39,0.36,"2026-02-15",639,"N20","nominal","2.0NRT",313.1,3.79,"D"
"6667",21.19918,97.54588,344.72,0.39,0.36,"2026-02-15",639,"N20","nominal","2.0NRT",303.45,4.32,"D"
"6668",20.82203,95.21952,349.12,0.46,0.39,"2026-02-15",639,"N20","nominal","2.0NRT",310.91,5.26,"D"
"6669",22.52248,107.81168,327.86,0.37,0.58,"2026-02-15",639,"N20","nominal","2.0NRT",295.47,1.72,"D"
"6670",21.25192,97.84014,337.4,0.39,0.36,"2026-02-15",639,"N20","nominal","2.0NRT",305.67,2.74,"D"
"6671",21.24619,97.80325,335.17,0.39,0.36,"2026-02-15",639,"N20","nominal","2.0NRT",310,3.7,"D"
"6672",21.24562,97.79957,355.18,0.39,0.36,"2026-02-15",639,"N20","nominal","2.0NRT",310.74,8.63,"D"
"6673",21.24447,97.79218,337.02,0.39,0.36,"2026-02-15",639,"N20","nominal","2.0NRT",306.16,5.55,"D"
"6674",20.82559,95.21883,337.23,0.46,0.39,"2026-02-15",639,"N20","low","2.0NRT",311.24,5.26,"D"
"6675",21.24892,97.79897,333.31,0.39,0.36,"2026-02-15",639,"N20","low","2.0NRT",306.9,2.96,"D"
"6676",20.89552,95.61119,347.04,0.44,0.38,"2026-02-15",639,"N20","nominal","2.0NRT",316.89,7.22,"D"
"6677",21.3124,98.18834,340.12,0.38,0.36,"2026-02-15",639,"N20","low","2.0NRT",313.15,3.85,"D"
"6678",21.25221,97.79839,336.39,0.39,0.36,"2026-02-15",639,"N20","low","2.0NRT",306.81,2.96,"D"
"6679",21.06982,96.64822,342.21,0.41,0.37,"2026-02-15",639,"N20","nominal","2.0NRT",314.44,14.39,"D"
"6680",21.31626,98.19144,350.84,0.38,0.36,"2026-02-15",639,"N20","nominal","2.0NRT",315.18,19.14,"D"
"6681",21.25264,97.77933,340.34,0.39,0.36,"2026-02-15",639,"N20","low","2.0NRT",313.9,3.17,"D"
"6682",21.25207,97.77564,335.19,0.39,0.36,"2026-02-15",639,"N20","low","2.0NRT",309.81,2.14,"D"
"6683",21.12057,96.94212,338.75,0.4,0.37,"2026-02-15",639,"N20","nominal","2.0NRT",312.54,2.54,"D"
"6684",21.32011,98.19453,348.8,0.38,0.36,"2026-02-15",639,"N20","nominal","2.0NRT",307.77,19.14,"D"
"6685",21.2968,97.99492,333.17,0.38,0.36,"2026-02-15",639,"N20","low","2.0NRT",305.27,7.3,"D"
"6686",21.50998,99.3943,328.08,0.39,0.36,"2026-02-15",639,"N20","low","2.0NRT",302.83,2.16,"D"
"6687",21.85317,101.8823,329.24,0.48,0.4,"2026-02-15",639,"N20","nominal","2.0NRT",303.35,2.61,"D"
"6688",21.24521,97.62127,334.69,0.39,0.36,"2026-02-15",639,"N20","low","2.0NRT",308.91,3.81,"D"
"6689",21.24852,97.6207,340.8,0.39,0.36,"2026-02-15",639,"N20","nominal","2.0NRT",306.21,6.97,"D"
"6690",21.04936,96.38959,338.15,0.41,0.37,"2026-02-15",639,"N20","nominal","2.0NRT",308.42,3.43,"D"
"6691",20.87437,95.3585,338.44,0.45,0.39,"2026-02-15",639,"N20","nominal","2.0NRT",312.95,3.06,"D"
"6692",20.86247,95.28992,334.88,0.45,0.39,"2026-02-15",639,"N20","low","2.0NRT",307.54,3.02,"D"
"6693",21.3349,98.15428,340.96,0.38,0.36,"2026-02-15",639,"N20","low","2.0NRT",312.06,5.63,"D"
"6694",21.3365,98.1427,339.24,0.38,0.36,"2026-02-15",639,"N20","nominal","2.0NRT",309.67,4.13,"D"
"6695",21.55935,99.61802,340.27,0.4,0.37,"2026-02-15",639,"N20","nominal","2.0NRT",303.17,4.57,"D"
"6696",21.0333,96.22979,348.29,0.42,0.37,"2026-02-15",639,"N20","nominal","2.0NRT",315.02,5.46,"D"
"6697",21.03736,96.23307,344.09,0.42,0.37,"2026-02-15",639,"N20","low","2.0NRT",316.48,18.24,"D"
"6698",21.03058,96.19245,346.74,0.42,0.38,"2026-02-15",639,"N20","nominal","2.0NRT",315.5,4.53,"D"
"6699",21.35314,98.18506,347.96,0.38,0.36,"2026-02-15",639,"N20","nominal","2.0NRT",315.74,16.78,"D"
"6700",21.04077,96.2324,356.05,0.42,0.37,"2026-02-15",639,"N20","nominal","2.0NRT",316.69,18.24,"D"
"6701",21.04012,96.22849,341.63,0.42,0.37,"2026-02-15",639,"N20","low","2.0NRT",316.61,18.24,"D"
"6702",21.03947,96.2246,342.06,0.42,0.38,"2026-02-15",639,"N20","low","2.0NRT",313.4,6.1,"D"
"6703",21.03333,96.18779,343.55,0.42,0.38,"2026-02-15",639,"N20","nominal","2.0NRT",316.92,4.53,"D"
"6704",21.19608,97.16184,335.24,0.39,0.37,"2026-02-15",639,"N20","low","2.0NRT",309.55,1.02,"D"
"6705",21.13112,96.75971,342.74,0.4,0.37,"2026-02-15",639,"N20","nominal","2.0NRT",313.78,2.29,"D"
"6706",21.04353,96.22781,354.98,0.42,0.37,"2026-02-15",639,"N20","nominal","2.0NRT",324.3,20.47,"D"
"6707",21.04694,96.22714,346.65,0.42,0.37,"2026-02-15",639,"N20","nominal","2.0NRT",315.11,20.47,"D"
"6708",21.04564,96.21935,343.2,0.42,0.38,"2026-02-15",639,"N20","low","2.0NRT",316.73,25.22,"D"
"6709",21.20214,97.15689,336.75,0.39,0.37,"2026-02-15",639,"N20","nominal","2.0NRT",310.13,1.94,"D"
"6710",20.92822,95.502,343.26,0.44,0.39,"2026-02-15",639,"N20","nominal","2.0NRT",312,4.2,"D"
"6711",21.07998,96.38416,349.99,0.41,0.37,"2026-02-15",639,"N20","nominal","2.0NRT",312.48,12.31,"D"
"6712",21.05377,96.22586,344.59,0.42,0.37,"2026-02-15",639,"N20","low","2.0NRT",315.56,8.98,"D"
"6713",20.93883,95.52165,341.48,0.44,0.39,"2026-02-15",639,"N20","nominal","2.0NRT",315.59,3.34,"D"
"6714",20.82269,94.84908,353.15,0.48,0.4,"2026-02-15",639,"N20","nominal","2.0NRT",316.63,16.96,"D"
"6715",20.73838,94.37118,331.7,0.5,0.41,"2026-02-15",639,"N20","low","2.0NRT",305.89,2.71,"D"
"6716",20.49876,93.05623,330.23,0.4,0.44,"2026-02-15",639,"N20","low","2.0NRT",304.74,3.2,"D"
"6717",21.56633,99.47728,344.56,0.39,0.36,"2026-02-15",639,"N20","nominal","2.0NRT",299.48,6.66,"D"
"6718",21.28948,97.64375,342.66,0.39,0.36,"2026-02-15",639,"N20","nominal","2.0NRT",310.54,3.33,"D"
"6719",21.20971,97.14001,343.22,0.39,0.37,"2026-02-15",639,"N20","low","2.0NRT",313.49,4.88,"D"
"6720",21.05995,96.22066,340.51,0.42,0.38,"2026-02-15",639,"N20","low","2.0NRT",311.6,4.19,"D"
"6721",20.88957,95.21298,338.7,0.46,0.39,"2026-02-15",639,"N20","nominal","2.0NRT",306.97,2.93,"D"
"6722",21.56967,99.47677,345.89,0.39,0.36,"2026-02-15",639,"N20","nominal","2.0NRT",299.14,14.7,"D"
"6723",20.96083,95.60842,341.9,0.44,0.38,"2026-02-15",639,"N20","nominal","2.0NRT",314.33,3.94,"D"
"6724",20.89393,95.21693,335.46,0.46,0.39,"2026-02-15",639,"N20","nominal","2.0NRT",306.76,2.79,"D"
"6725",20.89315,95.21237,333.14,0.46,0.39,"2026-02-15",639,"N20","low","2.0NRT",306.35,2.79,"D"
"6726",22.84083,110.94344,330.83,0.59,0.7,"2026-02-15",639,"N20","nominal","2.0NRT",294.33,5.17,"D"
"6727",20.78937,94.59447,341.11,0.49,0.4,"2026-02-15",639,"N20","nominal","2.0NRT",313.31,4.84,"D"
"6728",20.52617,93.13644,328.58,0.4,0.44,"2026-02-15",639,"N20","nominal","2.0NRT",303.49,2.24,"D"
"6729",21.63087,99.85345,328.24,0.4,0.37,"2026-02-15",639,"N20","low","2.0NRT",301.8,3.45,"D"
"6730",21.36694,98.07696,335.07,0.38,0.36,"2026-02-15",639,"N20","low","2.0NRT",308.27,4.3,"D"
"6731",21.03609,96.01334,354.41,0.42,0.38,"2026-02-15",639,"N20","nominal","2.0NRT",316.49,23.1,"D"
"6732",21.3708,98.08006,336.78,0.38,0.36,"2026-02-15",639,"N20","nominal","2.0NRT",308.26,4.3,"D"
"6733",21.07844,96.22601,353.44,0.42,0.37,"2026-02-15",639,"N20","nominal","2.0NRT",312.05,6.33,"D"
"6734",20.94404,95.42422,338.76,0.45,0.39,"2026-02-15",639,"N20","nominal","2.0NRT",313.41,2.49,"D"
"6735",21.08188,96.22559,343.8,0.42,0.37,"2026-02-15",639,"N20","nominal","2.0NRT",308.53,6.33,"D"
"6736",20.76023,94.34226,334.6,0.51,0.41,"2026-02-15",639,"N20","nominal","2.0NRT",306.07,2.74,"D"
"6737",21.23814,97.14645,339.07,0.39,0.37,"2026-02-15",639,"N20","nominal","2.0NRT",308.66,5.34,"D"
"6738",21.10675,96.33389,333.82,0.41,0.37,"2026-02-15",639,"N20","low","2.0NRT",308.58,8.17,"D"
"6739",21.39855,98.1507,341.7,0.38,0.36,"2026-02-15",639,"N20","low","2.0NRT",315.81,9.11,"D"
"6740",21.23485,97.10434,334.05,0.4,0.37,"2026-02-15",639,"N20","low","2.0NRT",307.37,3.56,"D"
"6741",21.12783,96.44151,332.42,0.41,0.37,"2026-02-15",639,"N20","nominal","2.0NRT",306.42,2.19,"D"
"6742",21.11017,96.33334,333.03,0.41,0.37,"2026-02-15",639,"N20","low","2.0NRT",306.15,4.5,"D"
"6743",21.1082,96.3213,341.65,0.41,0.37,"2026-02-15",639,"N20","low","2.0NRT",312.38,7.27,"D"
"6744",21.0894,96.20703,343.36,0.42,0.38,"2026-02-15",639,"N20","low","2.0NRT",314.68,5.53,"D"
"6745",21.23338,97.07361,336.14,0.4,0.37,"2026-02-15",639,"N20","nominal","2.0NRT",309.37,2.69,"D"
"6746",21.12013,96.37286,340.1,0.41,0.37,"2026-02-15",639,"N20","nominal","2.0NRT",307.38,4.09,"D"
"6747",21.06684,96.04897,341.29,0.42,0.38,"2026-02-15",639,"N20","nominal","2.0NRT",315.97,3.96,"D"
"6748",21.24512,97.12578,337.52,0.39,0.37,"2026-02-15",639,"N20","low","2.0NRT",310.73,7.2,"D"
"6749",21.12283,96.36788,333.93,0.41,0.37,"2026-02-15",639,"N20","low","2.0NRT",307.73,5.91,"D"
"6750",21.11826,96.3399,340.42,0.41,0.37,"2026-02-15",639,"N20","nominal","2.0NRT",307.07,3.27,"D"
"6751",21.58976,99.35765,336.91,0.39,0.36,"2026-02-15",639,"N20","nominal","2.0NRT",301.84,4.48,"D"
"6752",21.58921,99.3539,331.49,0.39,0.36,"2026-02-15",639,"N20","nominal","2.0NRT",302.52,2.68,"D"
"6753",21.40165,98.10484,343.93,0.38,0.36,"2026-02-15",639,"N20","nominal","2.0NRT",311.3,2.85,"D"
"6754",21.22194,96.95916,333.62,0.4,0.37,"2026-02-15",639,"N20","nominal","2.0NRT",306.56,3.46,"D"
"6755",21.22133,96.95533,338.7,0.4,0.37,"2026-02-15",639,"N20","nominal","2.0NRT",312.92,3.46,"D"
"6756",21.09695,96.18869,343.29,0.42,0.38,"2026-02-15",639,"N20","nominal","2.0NRT",312.51,7.19,"D"
"6757",21.59307,99.35702,367,0.39,0.36,"2026-02-15",639,"N20","high","2.0NRT",326.46,29.28,"D"
"6758",21.59362,99.36078,331.58,0.39,0.36,"2026-02-15",639,"N20","nominal","2.0NRT",299.54,29.28,"D"
"6759",21.24698,97.0944,344.72,0.4,0.37,"2026-02-15",639,"N20","nominal","2.0NRT",313.59,3.35,"D"
"6760",21.12897,96.36262,332.87,0.41,0.37,"2026-02-15",639,"N20","low","2.0NRT",307.68,2.27,"D"
"6761",21.10372,96.20845,342.74,0.42,0.38,"2026-02-15",639,"N20","low","2.0NRT",312.84,17.38,"D"
"6762",21.09502,96.15538,344.2,0.42,0.38,"2026-02-15",639,"N20","low","2.0NRT",318.44,4.51,"D"
"6763",21.10781,96.21201,350.43,0.42,0.38,"2026-02-15",639,"N20","nominal","2.0NRT",314.43,17.38,"D"
"6764",21.10439,96.19102,340.38,0.42,0.38,"2026-02-15",639,"N20","low","2.0NRT",311.92,7.33,"D"
"6765",21.27432,97.20188,334.56,0.39,0.36,"2026-02-15",639,"N20","low","2.0NRT",305.19,1.69,"D"
"6766",21.13266,96.32072,342.22,0.41,0.37,"2026-02-15",639,"N20","low","2.0NRT",313.87,6.15,"D"
"6767",21.13202,96.31676,351.31,0.41,0.37,"2026-02-15",639,"N20","nominal","2.0NRT",315.75,6.15,"D"
"6768",21.11395,96.20646,344.46,0.42,0.38,"2026-02-15",639,"N20","low","2.0NRT",316.37,9.97,"D"
"6769",20.81973,94.46265,339.53,0.5,0.41,"2026-02-15",639,"N20","nominal","2.0NRT",311.41,4.54,"D"
"6770",21.27699,97.2013,332.32,0.39,0.36,"2026-02-15",639,"N20","low","2.0NRT",304.08,2.01,"D"
"6771",21.13217,96.31707,354.75,0.41,0.37,"2026-02-15",639,"N20","nominal","2.0NRT",317.43,10.93,"D"
"6772",21.11375,96.20691,345.59,0.42,0.37,"2026-02-15",639,"N20","low","2.0NRT",316.52,7.82,"D"
"6773",21.19174,96.65513,340.72,0.4,0.37,"2026-02-15",639,"N20","nominal","2.0NRT",304.59,10.88,"D"
"6774",21.16535,96.49529,333.87,0.41,0.37,"2026-02-15",639,"N20","low","2.0NRT",308.63,3.14,"D"
"6775",21.13492,96.31253,355.15,0.41,0.37,"2026-02-15",639,"N20","nominal","2.0NRT",316.63,11.02,"D"
"6776",21.32719,97.47321,339.08,0.39,0.36,"2026-02-15",639,"N20","nominal","2.0NRT",302.98,3.61,"D"
"6777",21.3305,97.47262,331.49,0.39,0.36,"2026-02-15",639,"N20","nominal","2.0NRT",301.75,3.61,"D"
"6778",21.28455,97.18445,338.4,0.39,0.36,"2026-02-15",639,"N20","nominal","2.0NRT",306.75,4.83,"D"
"6779",21.27152,97.08213,338.79,0.4,0.37,"2026-02-15",639,"N20","low","2.0NRT",312.97,10.83,"D"
"6780",21.40259,97.88908,353.4,0.39,0.36,"2026-02-15",639,"N20","nominal","2.0NRT",307.93,6.53,"D"
"6781",21.39571,97.84483,340.54,0.39,0.36,"2026-02-15",639,"N20","nominal","2.0NRT",309.45,12.42,"D"
"6782",21.27485,97.08151,346.89,0.4,0.37,"2026-02-15",639,"N20","nominal","2.0NRT",311.64,10.83,"D"
"6783",21.27424,97.07775,340.02,0.4,0.37,"2026-02-15",639,"N20","low","2.0NRT",311.36,10.83,"D"
"6784",20.56828,93.0456,341.56,0.4,0.44,"2026-02-15",639,"N20","nominal","2.0NRT",307.8,13.91,"D"
"6785",21.42186,97.99155,342.97,0.38,0.36,"2026-02-15",639,"N20","nominal","2.0NRT",308.46,3.77,"D"
"6786",21.63291,99.37695,328.08,0.39,0.36,"2026-02-15",639,"N20","nominal","2.0NRT",301.88,2.12,"D"
"6787",21.44035,98.06758,334.4,0.38,0.36,"2026-02-15",639,"N20","low","2.0NRT",306.25,2.41,"D"
"6788",20.57393,93.00903,335.87,0.4,0.44,"2026-02-15",639,"N20","low","2.0NRT",305.88,3.17,"D"
"6789",21.60628,99.14808,329.87,0.39,0.36,"2026-02-15",639,"N20","nominal","2.0NRT",299.75,2.69,"D"
"6790",20.61274,93.14927,333.73,0.39,0.44,"2026-02-15",639,"N20","nominal","2.0NRT",306.32,2.6,"D"
"6791",21.15947,96.22772,336.17,0.42,0.37,"2026-02-15",639,"N20","low","2.0NRT",309.2,3.68,"D"
"6792",20.96713,95.09514,340.73,0.46,0.39,"2026-02-15",639,"N20","nominal","2.0NRT",308.87,3.95,"D"
"6793",20.61674,93.14843,353.9,0.39,0.44,"2026-02-15",639,"N20","nominal","2.0NRT",309.94,7.17,"D"
"6794",22.65233,107.73948,339.63,0.37,0.58,"2026-02-15",639,"N20","nominal","2.0NRT",294.74,4.22,"D"
"6795",21.09722,95.8345,346.57,0.43,0.38,"2026-02-15",639,"N20","nominal","2.0NRT",314.42,4.01,"D"
"6796",21.31147,97.11747,354.29,0.39,0.37,"2026-02-15",639,"N20","nominal","2.0NRT",317.44,25.86,"D"
"6797",21.31086,97.11369,343.48,0.39,0.37,"2026-02-15",639,"N20","nominal","2.0NRT",310.69,8.47,"D"
"6798",21.4245,97.79047,344.14,0.39,0.36,"2026-02-15",639,"N20","nominal","2.0NRT",307.99,5.06,"D"
"6799",21.31752,97.11248,337,0.39,0.37,"2026-02-15",639,"N20","nominal","2.0NRT",310.69,5.78,"D"
"6800",20.63478,93.15626,333.75,0.39,0.44,"2026-02-15",639,"N20","nominal","2.0NRT",308.19,6.4,"D"
"6801",20.63877,93.15542,367,0.39,0.44,"2026-02-15",639,"N20","high","2.0NRT",311.69,6.4,"D"
"6802",21.44611,97.90788,345.43,0.39,0.36,"2026-02-15",639,"N20","nominal","2.0NRT",311.72,8.3,"D"
"6803",20.6102,93.0014,342.59,0.4,0.44,"2026-02-15",639,"N20","nominal","2.0NRT",309.72,4.66,"D"
"6804",21.36707,97.38113,340.13,0.39,0.36,"2026-02-15",639,"N20","low","2.0NRT",313.25,5.78,"D"
"6805",21.33861,97.20174,343.48,0.39,0.36,"2026-02-15",639,"N20","nominal","2.0NRT",310.49,10.63,"D"
"6806",21.76438,100.0057,333.01,0.41,0.37,"2026-02-15",639,"N20","nominal","2.0NRT",301.1,4.39,"D"
"6807",21.7219,99.70881,333.27,0.4,0.37,"2026-02-15",639,"N20","nominal","2.0NRT",302.54,1.84,"D"
"6808",21.04101,95.37521,342.16,0.45,0.39,"2026-02-15",639,"N20","nominal","2.0NRT",314.88,2.45,"D"
"6809",20.64456,93.11939,343.42,0.4,0.44,"2026-02-15",639,"N20","nominal","2.0NRT",310.54,4.73,"D"
"6810",20.64718,93.11108,338.61,0.4,0.44,"2026-02-15",639,"N20","low","2.0NRT",309.7,6.28,"D"
"6811",21.3815,97.38618,338.47,0.39,0.36,"2026-02-15",639,"N20","nominal","2.0NRT",312.16,3.74,"D"
"6812",21.44742,97.76361,341.37,0.39,0.36,"2026-02-15",639,"N20","nominal","2.0NRT",311.08,5.63,"D"
"6813",21.08449,95.52451,342.62,0.44,0.39,"2026-02-15",639,"N20","nominal","2.0NRT",313.9,3.95,"D"
"6814",21.4696,97.88478,340.7,0.39,0.36,"2026-02-15",639,"N20","nominal","2.0NRT",311.69,4.14,"D"
"6815",21.69003,99.3251,332.98,0.39,0.36,"2026-02-15",639,"N20","nominal","2.0NRT",302.04,2.09,"D"
"6816",21.30839,96.8413,345.4,0.4,0.37,"2026-02-15",639,"N20","nominal","2.0NRT",313.44,1.46,"D"
"6817",21.29116,96.73441,340.04,0.4,0.37,"2026-02-15",639,"N20","nominal","2.0NRT",312.22,4.09,"D"
"6818",22.92587,109.90235,346.58,0.51,0.66,"2026-02-15",639,"N20","nominal","2.0NRT",293.33,6.21,"D"
"6819",21.33128,96.96264,350.43,0.4,0.37,"2026-02-15",639,"N20","nominal","2.0NRT",306.93,12.51,"D"
"6820",21.49427,97.97881,338.19,0.38,0.36,"2026-02-15",639,"N20","low","2.0NRT",313.01,4.04,"D"
"6821",21.74717,99.6227,333.84,0.4,0.37,"2026-02-15",639,"N20","low","2.0NRT",306.32,6.67,"D"
"6822",21.69943,99.2965,335.93,0.39,0.36,"2026-02-15",639,"N20","nominal","2.0NRT",299.4,4.01,"D"
"6823",21.33548,96.90285,356.33,0.4,0.37,"2026-02-15",639,"N20","nominal","2.0NRT",320.19,25.69,"D"
"6824",21.25404,96.39822,334.54,0.41,0.37,"2026-02-15",639,"N20","low","2.0NRT",308.63,3.72,"D"
"6825",21.33609,96.90666,367,0.4,0.37,"2026-02-15",639,"N20","low","2.0NRT",329.85,25.69,"D"
"6826",21.33841,96.90656,351.16,0.4,0.37,"2026-02-15",639,"N20","nominal","2.0NRT",318.82,27.81,"D"
"6827",21.25494,96.39864,344.89,0.41,0.37,"2026-02-15",639,"N20","nominal","2.0NRT",311.89,6.13,"D"
"6828",21.72732,99.42038,351.31,0.39,0.36,"2026-02-15",639,"N20","nominal","2.0NRT",316.15,10.87,"D"
"6829",21.34051,96.89831,344.49,0.4,0.37,"2026-02-15",639,"N20","low","2.0NRT",315.83,6.16,"D"
"6830",21.31819,96.76131,339.73,0.4,0.37,"2026-02-15",639,"N20","nominal","2.0NRT",308.62,8.54,"D"
"6831",21.73119,99.4236,338.9,0.39,0.36,"2026-02-15",639,"N20","low","2.0NRT",310.88,7.45,"D"
"6832",21.7301,99.41605,344.66,0.39,0.36,"2026-02-15",639,"N20","nominal","2.0NRT",314.23,5.26,"D"
"6833",21.34447,96.9015,347.48,0.4,0.37,"2026-02-15",639,"N20","low","2.0NRT",319.4,21.18,"D"
"6834",21.33399,96.83704,344.54,0.4,0.37,"2026-02-15",639,"N20","low","2.0NRT",316.3,6.01,"D"
"6835",21.33338,96.83324,344.95,0.4,0.37,"2026-02-15",639,"N20","low","2.0NRT",315.97,6.01,"D"
"6836",21.33796,96.84023,343.29,0.4,0.37,"2026-02-15",639,"N20","nominal","2.0NRT",312.29,3.53,"D"
"6837",21.33734,96.83643,338.92,0.4,0.37,"2026-02-15",639,"N20","low","2.0NRT",311.83,6.01,"D"
"6838",21.21697,96.10867,338.15,0.42,0.38,"2026-02-15",639,"N20","nominal","2.0NRT",311.17,3.33,"D"
"6839",21.33945,96.82822,343.65,0.4,0.37,"2026-02-15",639,"N20","nominal","2.0NRT",311.43,4.29,"D"
"6840",21.30624,96.62496,333.62,0.4,0.37,"2026-02-15",639,"N20","low","2.0NRT",304.54,4.45,"D"
"6841",21.34403,96.83517,346,0.4,0.37,"2026-02-15",639,"N20","nominal","2.0NRT",311.9,3.95,"D"
"6842",21.34342,96.83139,338.43,0.4,0.37,"2026-02-15",639,"N20","low","2.0NRT",311.09,3.95,"D"
"6843",21.77403,99.62636,330.24,0.4,0.37,"2026-02-15",639,"N20","low","2.0NRT",304.74,2.2,"D"
"6844",21.76799,99.58424,333.44,0.4,0.37,"2026-02-15",639,"N20","nominal","2.0NRT",305.09,3.57,"D"
"6845",21.34737,96.83455,351.22,0.4,0.37,"2026-02-15",639,"N20","nominal","2.0NRT",311.9,6.86,"D"
"6846",21.34676,96.83076,336.61,0.4,0.37,"2026-02-15",639,"N20","low","2.0NRT",309.25,6.86,"D"
"6847",20.99077,94.7345,340.31,0.48,0.4,"2026-02-15",639,"N20","nominal","2.0NRT",315.08,3.58,"D"
"6848",22.70827,107.5438,329.31,0.36,0.57,"2026-02-15",639,"N20","nominal","2.0NRT",296.52,4.98,"D"
"6849",21.77245,99.59143,334.97,0.4,0.37,"2026-02-15",639,"N20","low","2.0NRT",309.97,1.75,"D"
"6850",21.55717,98.1415,342.92,0.38,0.36,"2026-02-15",639,"N20","nominal","2.0NRT",312.78,12.64,"D"
"6851",21.55661,98.13784,331.05,0.38,0.36,"2026-02-15",639,"N20","low","2.0NRT",302.23,4.65,"D"
"6852",21.53624,98.00546,336.59,0.38,0.36,"2026-02-15",639,"N20","nominal","2.0NRT",305.02,1.81,"D"
"6853",21.56544,98.15137,335.85,0.38,0.36,"2026-02-15",639,"N20","nominal","2.0NRT",305.52,2.23,"D"
"6854",22.92634,109.90013,347.34,0.51,0.66,"2026-02-15",639,"N20","nominal","2.0NRT",294.31,10.49,"D"
"6855",21.40498,97.08504,344.3,0.39,0.37,"2026-02-15",639,"N20","nominal","2.0NRT",310.27,5.33,"D"
"6856",22.19663,102.62174,331.3,0.52,0.42,"2026-02-15",639,"N20","nominal","2.0NRT",300.42,3.93,"D"
"6857",21.40831,97.08443,343.31,0.39,0.37,"2026-02-15",639,"N20","nominal","2.0NRT",311.1,5.26,"D"
"6858",21.39036,96.90865,337,0.4,0.37,"2026-02-15",639,"N20","nominal","2.0NRT",309.23,8.24,"D"
"6859",21.38974,96.90484,343.09,0.4,0.37,"2026-02-15",639,"N20","nominal","2.0NRT",316.11,17.42,"D"
"6860",21.38119,96.85184,334.51,0.4,0.37,"2026-02-15",639,"N20","low","2.0NRT",308.97,2.14,"D"
"6861",21.87132,100.0681,327.96,0.41,0.37,"2026-02-15",639,"N20","nominal","2.0NRT",301.04,1.7,"D"
"6862",21.38759,96.8702,347.51,0.4,0.37,"2026-02-15",639,"N20","nominal","2.0NRT",313.21,7.41,"D"
"6863",21.38209,96.8361,356.08,0.4,0.37,"2026-02-15",639,"N20","nominal","2.0NRT",314.89,9.04,"D"
"6864",21.38147,96.8323,352,0.4,0.37,"2026-02-15",639,"N20","nominal","2.0NRT",310.67,9.04,"D"
"6865",21.38086,96.82851,336.66,0.4,0.37,"2026-02-15",639,"N20","low","2.0NRT",310.11,5.21,"D"
"6866",21.38025,96.82469,346.68,0.4,0.37,"2026-02-15",639,"N20","nominal","2.0NRT",309.24,5.21,"D"
"6867",21.26746,96.1362,344.26,0.42,0.38,"2026-02-15",639,"N20","nominal","2.0NRT",312.73,3.39,"D"
"6868",21.39703,96.90735,348.27,0.4,0.37,"2026-02-15",639,"N20","nominal","2.0NRT",309.77,8.77,"D"
"6869",21.39641,96.90354,337.46,0.4,0.37,"2026-02-15",639,"N20","nominal","2.0NRT",311.53,3.6,"D"
"6870",21.38605,96.83927,336.16,0.4,0.37,"2026-02-15",639,"N20","low","2.0NRT",307.66,6.72,"D"
"6871",21.38544,96.83549,340.17,0.4,0.37,"2026-02-15",639,"N20","low","2.0NRT",312.34,9.04,"D"
"6872",21.38482,96.8317,347.87,0.4,0.37,"2026-02-15",639,"N20","nominal","2.0NRT",313.83,9.04,"D"
"6873",21.38421,96.8279,346.53,0.4,0.37,"2026-02-15",639,"N20","nominal","2.0NRT",308.69,5.21,"D"
"6874",21.38298,96.82028,341.09,0.4,0.37,"2026-02-15",639,"N20","low","2.0NRT",311.64,3.74,"D"
"6875",21.38878,96.83488,356.1,0.4,0.37,"2026-02-15",639,"N20","nominal","2.0NRT",310.24,11.4,"D"
"6876",21.38817,96.83109,355.44,0.4,0.37,"2026-02-15",639,"N20","nominal","2.0NRT",313.54,11.4,"D"
"6877",21.38756,96.82729,337.77,0.4,0.37,"2026-02-15",639,"N20","nominal","2.0NRT",306.7,16.49,"D"
"6878",21.38694,96.82348,352.73,0.4,0.37,"2026-02-15",639,"N20","nominal","2.0NRT",313.95,16.49,"D"
"6879",21.39152,96.83048,355.74,0.4,0.37,"2026-02-15",639,"N20","nominal","2.0NRT",312.72,11.4,"D"
"6880",21.39029,96.82287,340.38,0.4,0.37,"2026-02-15",639,"N20","low","2.0NRT",313.59,16.49,"D"
"6881",21.38721,96.80378,340.83,0.4,0.37,"2026-02-15",639,"N20","low","2.0NRT",311.7,7.88,"D"
"6882",21.39486,96.82987,337.32,0.4,0.37,"2026-02-15",639,"N20","nominal","2.0NRT",304.87,3.07,"D"
"6883",21.34161,96.50151,336.99,0.41,0.37,"2026-02-15",639,"N20","nominal","2.0NRT",307.07,5.66,"D"
"6884",21.91578,100.21065,344.3,0.41,0.37,"2026-02-15",639,"N20","nominal","2.0NRT",303.2,6.54,"D"
"6885",21.92372,100.21754,345.76,0.41,0.37,"2026-02-15",639,"N20","nominal","2.0NRT",305.11,7.14,"D"
"6886",21.41221,96.83067,334.75,0.4,0.37,"2026-02-15",639,"N20","nominal","2.0NRT",303.5,2.02,"D"
"6887",21.78847,99.25544,331.56,0.39,0.36,"2026-02-15",639,"N20","nominal","2.0NRT",300.08,2.51,"D"
"6888",21.41557,96.83006,331.48,0.4,0.37,"2026-02-15",639,"N20","nominal","2.0NRT",302.12,2.25,"D"
"6889",21.94741,100.3359,332.56,0.42,0.37,"2026-02-15",639,"N20","nominal","2.0NRT",304.35,2.71,"D"
"6890",21.53092,97.53577,336.39,0.39,0.36,"2026-02-15",639,"N20","nominal","2.0NRT",304.75,2.67,"D"
"6891",21.80065,99.26883,329.62,0.39,0.36,"2026-02-15",639,"N20","nominal","2.0NRT",301.83,2.64,"D"
"6892",21.36606,96.4163,338.82,0.41,0.37,"2026-02-15",639,"N20","low","2.0NRT",309.43,4.14,"D"
"6893",21.36543,96.4124,347.02,0.41,0.37,"2026-02-15",639,"N20","nominal","2.0NRT",307.37,4.14,"D"
"6894",21.366,96.41182,345.39,0.41,0.37,"2026-02-15",639,"N20","nominal","2.0NRT",309.81,10.88,"D"
"6895",21.38687,96.49583,339.66,0.41,0.37,"2026-02-15",639,"N20","low","2.0NRT",309.87,6.64,"D"
"6896",21.39499,96.50277,336.42,0.41,0.37,"2026-02-15",639,"N20","low","2.0NRT",308.6,5.77,"D"
"6897",21.97531,100.28615,336.62,0.41,0.37,"2026-02-15",639,"N20","nominal","2.0NRT",307.4,2.57,"D"
"6898",21.49451,97.07172,344.05,0.39,0.37,"2026-02-15",639,"N20","nominal","2.0NRT",309.89,5.14,"D"
"6899",21.67128,98.17726,344.02,0.38,0.36,"2026-02-15",639,"N20","nominal","2.0NRT",304.31,5.69,"D"
"6900",21.49784,97.07112,341.89,0.39,0.37,"2026-02-15",639,"N20","nominal","2.0NRT",310.94,5.14,"D"
"6901",21.49329,97.02151,338.29,0.4,0.37,"2026-02-15",639,"N20","nominal","2.0NRT",312.32,9.21,"D"
"6902",21.58699,97.58966,334.02,0.39,0.36,"2026-02-15",639,"N20","low","2.0NRT",307.76,2.19,"D"
"6903",21.49723,97.02468,337.96,0.4,0.37,"2026-02-15",639,"N20","nominal","2.0NRT",307.79,9.21,"D"
"6904",21.49662,97.0209,343.86,0.4,0.37,"2026-02-15",639,"N20","nominal","2.0NRT",313.76,9.21,"D"
"6905",21.45565,96.76739,333.83,0.4,0.37,"2026-02-15",639,"N20","nominal","2.0NRT",303.69,2.32,"D"
"6906",21.38828,96.3142,352.86,0.41,0.37,"2026-02-15",639,"N20","nominal","2.0NRT",312.03,8.9,"D"
"6907",21.3876,96.31009,347.38,0.41,0.37,"2026-02-15",639,"N20","nominal","2.0NRT",311.21,8.9,"D"
"6908",21.67465,98.06706,333.68,0.38,0.36,"2026-02-15",639,"N20","nominal","2.0NRT",308.19,1.94,"D"
"6909",21.42727,96.50864,341.22,0.41,0.37,"2026-02-15",639,"N20","nominal","2.0NRT",309.45,5.28,"D"
"6910",21.40797,96.39114,335.57,0.41,0.37,"2026-02-15",639,"N20","nominal","2.0NRT",310.24,2.99,"D"
"6911",21.66832,98.00391,334.54,0.38,0.36,"2026-02-15",639,"N20","nominal","2.0NRT",306.31,2.42,"D"
"6912",21.50048,96.93819,336.55,0.4,0.37,"2026-02-15",639,"N20","nominal","2.0NRT",306.83,2.53,"D"
"6913",21.43195,96.51598,342.77,0.41,0.37,"2026-02-15",639,"N20","nominal","2.0NRT",305.5,3.88,"D"
"6914",21.32646,95.87965,347.38,0.43,0.38,"2026-02-15",639,"N20","nominal","2.0NRT",315.1,3.69,"D"
"6915",21.41098,96.36698,333.54,0.41,0.37,"2026-02-15",639,"N20","low","2.0NRT",307.58,2.65,"D"
"6916",21.52539,97.05064,346.85,0.39,0.37,"2026-02-15",639,"N20","nominal","2.0NRT",316.29,14.12,"D"
"6917",21.09716,94.50535,337.55,0.49,0.4,"2026-02-15",639,"N20","nominal","2.0NRT",311.15,3.79,"D"
"6918",21.50072,96.87564,333.25,0.4,0.37,"2026-02-15",639,"N20","low","2.0NRT",305.64,10.92,"D"
"6919",21.41897,96.37306,333.34,0.41,0.37,"2026-02-15",639,"N20","nominal","2.0NRT",307.8,0.49,"D"
"6920",21.44555,96.49279,340.02,0.41,0.37,"2026-02-15",639,"N20","nominal","2.0NRT",307.5,3.37,"D"
"6921",23.2415,111.57919,334.89,0.65,0.73,"2026-02-15",639,"N20","nominal","2.0NRT",297.99,8.35,"D"
"6922",21.43926,96.36892,335.49,0.41,0.37,"2026-02-15",639,"N20","low","2.0NRT",309.98,4.43,"D"
"6923",21.34184,95.77993,344.37,0.43,0.38,"2026-02-15",639,"N20","nominal","2.0NRT",316.22,3.57,"D"
"6924",23.21386,111.11346,367,0.61,0.71,"2026-02-15",639,"N20","high","2.0NRT",295.38,14.72,"D"
"6925",21.3453,95.77928,347.51,0.43,0.38,"2026-02-15",639,"N20","nominal","2.0NRT",318.6,12.01,"D"
"6926",21.29577,95.48436,340.91,0.44,0.38,"2026-02-15",639,"N20","low","2.0NRT",313.12,3.53,"D"
"6927",21.47831,96.52319,349.28,0.41,0.37,"2026-02-15",639,"N20","nominal","2.0NRT",307.63,4.6,"D"
"6928",21.47765,96.51907,342.79,0.41,0.37,"2026-02-15",639,"N20","nominal","2.0NRT",308.81,4.6,"D"
"6929",21.48233,96.5266,333.96,0.41,0.37,"2026-02-15",639,"N20","low","2.0NRT",307.35,1.38,"D"
"6930",21.33088,95.60736,346.91,0.44,0.38,"2026-02-15",639,"N20","nominal","2.0NRT",311.75,4.38,"D"
"6931",21.11044,94.29808,331.82,0.5,0.41,"2026-02-15",639,"N20","nominal","2.0NRT",304.54,3.59,"D"
"6932",21.2538,95.10739,341.67,0.46,0.39,"2026-02-15",639,"N20","nominal","2.0NRT",316.48,2.73,"D"
"6933",21.10873,94.30107,331.27,0.5,0.41,"2026-02-15",639,"N20","nominal","2.0NRT",303.98,3.21,"D"
"6934",21.59468,97.08083,348.49,0.39,0.36,"2026-02-15",639,"N20","nominal","2.0NRT",313.28,11.27,"D"
"6935",21.81088,98.37975,336.77,0.38,0.36,"2026-02-15",639,"N20","nominal","2.0NRT",301.75,2.34,"D"
"6936",21.6991,97.6535,334.1,0.39,0.36,"2026-02-15",639,"N20","nominal","2.0NRT",303.32,4.62,"D"
"6937",21.58733,96.94996,344.93,0.4,0.37,"2026-02-15",639,"N20","nominal","2.0NRT",310.93,4.03,"D"
"6938",21.58672,96.94617,341.15,0.4,0.37,"2026-02-15",639,"N20","nominal","2.0NRT",311.57,3.28,"D"
"6939",23.21269,111.11274,367,0.61,0.71,"2026-02-15",639,"N20","high","2.0NRT",294.82,11.62,"D"
"6940",23.24415,111.57909,332.26,0.65,0.73,"2026-02-15",639,"N20","nominal","2.0NRT",297.34,3.86,"D"
"6941",21.59216,96.93734,338.08,0.4,0.37,"2026-02-15",639,"N20","nominal","2.0NRT",309.49,2.66,"D"
"6942",21.69564,97.56644,339.16,0.39,0.36,"2026-02-15",639,"N20","nominal","2.0NRT",310.09,3.87,"D"
"6943",21.69894,97.56586,346.64,0.39,0.36,"2026-02-15",639,"N20","nominal","2.0NRT",315.73,3.87,"D"
"6944",21.60094,96.92787,339.2,0.4,0.37,"2026-02-15",639,"N20","low","2.0NRT",310.57,2.42,"D"
"6945",21.40204,95.70169,343.91,0.43,0.38,"2026-02-15",639,"N20","nominal","2.0NRT",317.48,4.28,"D"
"6946",21.42144,95.77429,339.68,0.43,0.38,"2026-02-15",639,"N20","nominal","2.0NRT",314.36,3.49,"D"
"6947",22.00221,99.4668,332.25,0.4,0.37,"2026-02-15",639,"N20","nominal","2.0NRT",301,3.39,"D"
"6948",21.84497,98.40412,331.66,0.38,0.36,"2026-02-15",639,"N20","low","2.0NRT",301.74,19.42,"D"
"6949",21.21936,94.5789,341.61,0.49,0.4,"2026-02-15",639,"N20","nominal","2.0NRT",311.49,28.56,"D"
"6950",22.14461,100.44767,346.09,0.42,0.38,"2026-02-15",639,"N20","nominal","2.0NRT",309.81,7.2,"D"
"6951",21.72686,97.6142,333.77,0.39,0.36,"2026-02-15",639,"N20","nominal","2.0NRT",305.64,2.84,"D"
"6952",21.61241,96.87096,342.15,0.4,0.37,"2026-02-15",639,"N20","nominal","2.0NRT",312.49,9.2,"D"
"6953",21.61179,96.86712,342.46,0.4,0.37,"2026-02-15",639,"N20","nominal","2.0NRT",313.37,9.2,"D"
"6954",21.71313,97.48325,335.21,0.39,0.36,"2026-02-15",639,"N20","nominal","2.0NRT",302.09,0.89,"D"
"6955",21.53487,96.37228,337.38,0.41,0.37,"2026-02-15",639,"N20","low","2.0NRT",311.65,4.41,"D"
"6956",23.27769,110.91747,331.27,0.59,0.7,"2026-02-15",639,"N20","nominal","2.0NRT",292.54,3.76,"D"
"6957",21.37976,95.42137,350.83,0.44,0.39,"2026-02-15",639,"N20","nominal","2.0NRT",311.84,6.11,"D"
"6958",20.94311,92.93937,340.28,0.4,0.44,"2026-02-15",639,"N20","nominal","2.0NRT",305.09,4.75,"D"
"6959",21.47208,95.92808,343.36,0.42,0.38,"2026-02-15",639,"N20","low","2.0NRT",317.56,5.03,"D"
"6960",23.28832,110.79913,329.44,0.58,0.7,"2026-02-15",639,"N20","nominal","2.0NRT",292.65,6.99,"D"
"6961",23.33105,111.27943,347.45,0.63,0.72,"2026-02-15",639,"N20","nominal","2.0NRT",292.3,6.61,"D"
"6962",23.33057,111.27296,331.99,0.63,0.72,"2026-02-15",639,"N20","nominal","2.0NRT",292.52,6.61,"D"
"6963",21.53964,96.29475,340.55,0.41,0.37,"2026-02-15",639,"N20","nominal","2.0NRT",306.86,2.28,"D"
"6964",21.30114,94.87606,343.59,0.47,0.4,"2026-02-15",639,"N20","low","2.0NRT",315.59,15.46,"D"
"6965",23.33771,111.27912,326.89,0.63,0.72,"2026-02-15",639,"N20","nominal","2.0NRT",291.47,6.61,"D"
"6966",21.64369,96.87307,338.66,0.4,0.37,"2026-02-15",639,"N20","nominal","2.0NRT",309.13,2.07,"D"
"6967",21.28406,94.71222,337.67,0.48,0.4,"2026-02-15",639,"N20","low","2.0NRT",310.68,4.49,"D"
"6968",20.91161,92.58675,332.66,0.42,0.45,"2026-02-15",639,"N20","nominal","2.0NRT",305.36,3.59,"D"
"6969",21.66739,96.93539,334.46,0.4,0.37,"2026-02-15",639,"N20","low","2.0NRT",307.42,1.8,"D"
"6970",21.67426,96.94192,334.68,0.4,0.37,"2026-02-15",639,"N20","low","2.0NRT",309.44,2.5,"D"
"6971",21.66217,96.84615,344.7,0.4,0.37,"2026-02-15",639,"N20","nominal","2.0NRT",310.07,4.15,"D"
"6972",21.66157,96.84241,348.88,0.4,0.37,"2026-02-15",639,"N20","nominal","2.0NRT",308.77,4.15,"D"
"6973",21.59088,96.39016,344.48,0.41,0.37,"2026-02-15",639,"N20","nominal","2.0NRT",309.72,3.99,"D"
"6974",21.50899,95.90067,347.36,0.42,0.38,"2026-02-15",639,"N20","nominal","2.0NRT",317.29,5.23,"D"
"6975",23.27729,110.91494,328.47,0.59,0.7,"2026-02-15",639,"N20","nominal","2.0NRT",292.28,3.38,"D"
"6976",21.56344,96.20402,338.64,0.41,0.37,"2026-02-15",639,"N20","low","2.0NRT",313.23,3.29,"D"
"6977",21.51242,95.90002,339.9,0.42,0.38,"2026-02-15",639,"N20","nominal","2.0NRT",314.01,1.85,"D"
"6978",20.91385,92.58669,331.01,0.42,0.45,"2026-02-15",639,"N20","low","2.0NRT",305.8,4.59,"D"
"6979",23.28866,110.79633,343.31,0.58,0.7,"2026-02-15",639,"N20","nominal","2.0NRT",293.46,5.93,"D"
"6980",21.62622,96.52009,337.28,0.41,0.37,"2026-02-15",639,"N20","nominal","2.0NRT",305.29,2.74,"D"
"6981",21.62555,96.51605,336.67,0.41,0.37,"2026-02-15",639,"N20","nominal","2.0NRT",306.02,2.74,"D"
"6982",23.33497,111.27644,367,0.63,0.72,"2026-02-15",639,"N20","high","2.0NRT",293.74,17.33,"D"
"6983",21.90419,98.23464,335.5,0.38,0.36,"2026-02-15",639,"N20","nominal","2.0NRT",307.77,2.49,"D"
"6984",21.62912,96.49544,333.07,0.41,0.37,"2026-02-15",639,"N20","low","2.0NRT",304.95,3.45,"D"
"6985",21.5831,96.21667,334.89,0.41,0.37,"2026-02-15",639,"N20","low","2.0NRT",309.31,2.11,"D"
"6986",21.91253,98.26721,339.4,0.38,0.36,"2026-02-15",639,"N20","nominal","2.0NRT",311.46,3.16,"D"
"6987",21.94096,98.43264,334.82,0.38,0.36,"2026-02-15",639,"N20","nominal","2.0NRT",308.65,2.78,"D"
"6988",21.91414,98.25557,334.39,0.38,0.36,"2026-02-15",639,"N20","low","2.0NRT",306.6,5.81,"D"
"6989",21.70581,96.92474,335.47,0.4,0.37,"2026-02-15",639,"N20","low","2.0NRT",307.24,2.74,"D"
"6990",21.65434,96.60717,338.69,0.4,0.37,"2026-02-15",639,"N20","nominal","2.0NRT",302.45,2.29,"D"
"6991",21.02061,92.99342,334.31,0.4,0.44,"2026-02-15",639,"N20","nominal","2.0NRT",302.9,3.36,"D"
"6992",21.92639,98.314,336.75,0.38,0.36,"2026-02-15",639,"N20","low","2.0NRT",311.03,6.98,"D"
"6993",21.63027,96.43893,336.63,0.41,0.37,"2026-02-15",639,"N20","nominal","2.0NRT",306.38,2.5,"D"
"6994",21.93751,98.36507,339.94,0.38,0.36,"2026-02-15",639,"N20","low","2.0NRT",312.11,70.41,"D"
"6995",21.93801,98.34605,367,0.38,0.36,"2026-02-15",639,"N20","high","2.0NRT",329.77,40.14,"D"
"6996",21.93857,98.34974,334.45,0.38,0.36,"2026-02-15",639,"N20","nominal","2.0NRT",305.14,40.14,"D"
"6997",21.92066,98.23176,332.28,0.38,0.36,"2026-02-15",639,"N20","low","2.0NRT",304.96,6.27,"D"
"6998",21.52635,95.77159,342.83,0.43,0.38,"2026-02-15",639,"N20","nominal","2.0NRT",310.6,3.48,"D"
"6999",21.93683,98.31596,346.51,0.38,0.36,"2026-02-15",639,"N20","nominal","2.0NRT",313.35,11.82,"D"
"7000",21.72854,96.95945,333.78,0.4,0.37,"2026-02-15",639,"N20","low","2.0NRT",306.46,4.1,"D"
"7001",21.94341,98.31481,341.57,0.38,0.36,"2026-02-15",639,"N20","nominal","2.0NRT",304.55,4.72,"D"
"7002",21.94285,98.31113,349.66,0.38,0.36,"2026-02-15",639,"N20","nominal","2.0NRT",308.35,6.48,"D"
"7003",21.94614,98.31055,349.55,0.38,0.36,"2026-02-15",639,"N20","nominal","2.0NRT",307.03,9.49,"D"
"7004",21.93774,98.25524,344.67,0.38,0.36,"2026-02-15",639,"N20","nominal","2.0NRT",307.75,6.78,"D"
"7005",21.94943,98.30998,346.51,0.38,0.36,"2026-02-15",639,"N20","nominal","2.0NRT",304.15,9.49,"D"
"7006",21.83569,97.57162,347.77,0.39,0.36,"2026-02-15",639,"N20","nominal","2.0NRT",306.68,4.49,"D"
"7007",21.95104,98.29834,336.39,0.38,0.36,"2026-02-15",639,"N20","nominal","2.0NRT",309.86,3.29,"D"
"7008",21.98164,98.45589,336.05,0.38,0.36,"2026-02-15",639,"N20","nominal","2.0NRT",305.71,15.58,"D"
"7009",21.56354,95.82341,343.81,0.43,0.38,"2026-02-15",639,"N20","low","2.0NRT",317.14,9.77,"D"
"7010",21.98493,98.4553,348.16,0.38,0.36,"2026-02-15",639,"N20","nominal","2.0NRT",308.4,15.58,"D"
"7011",21.69207,96.5836,346.71,0.4,0.37,"2026-02-15",639,"N20","nominal","2.0NRT",305.75,5.53,"D"
"7012",21.97707,98.38089,338.02,0.38,0.36,"2026-02-15",639,"N20","nominal","2.0NRT",303.98,3.28,"D"
"7013",21.69982,96.5458,335.89,0.4,0.37,"2026-02-15",639,"N20","nominal","2.0NRT",300.7,2.55,"D"
"7014",21.7147,96.59502,337.11,0.4,0.37,"2026-02-15",639,"N20","nominal","2.0NRT",308.74,3.69,"D"
"7015",21.70386,96.48497,339.37,0.41,0.37,"2026-02-15",639,"N20","nominal","2.0NRT",307.94,3.86,"D"
"7016",21.69444,96.39887,338.27,0.41,0.37,"2026-02-15",639,"N20","low","2.0NRT",312.25,6.7,"D"
"7017",21.69378,96.39493,342.32,0.41,0.37,"2026-02-15",639,"N20","low","2.0NRT",313.07,5.76,"D"
"7018",21.69349,96.35104,335.09,0.41,0.37,"2026-02-15",639,"N20","low","2.0NRT",305.61,2.28,"D"
"7019",21.94738,97.91661,335.92,0.38,0.36,"2026-02-15",639,"N20","nominal","2.0NRT",308.25,7.63,"D"
"7020",21.74545,96.64565,330.73,0.4,0.37,"2026-02-15",639,"N20","nominal","2.0NRT",304.62,2.02,"D"
"7021",21.74846,96.62173,330.6,0.4,0.37,"2026-02-15",639,"N20","low","2.0NRT",302.26,1.92,"D"
"7022",21.74784,96.61788,331.41,0.4,0.37,"2026-02-15",639,"N20","low","2.0NRT",305.52,1.68,"D"
"7023",21.6814,96.21497,338.52,0.41,0.37,"2026-02-15",639,"N20","low","2.0NRT",312.79,6.16,"D"
"7024",21.96009,97.9333,337.78,0.38,0.36,"2026-02-15",639,"N20","nominal","2.0NRT",310.18,5.52,"D"
"7025",21.81659,97.02113,336.44,0.39,0.36,"2026-02-15",639,"N20","low","2.0NRT",310.51,3.45,"D"
"7026",21.7314,96.49646,337.69,0.41,0.37,"2026-02-15",639,"N20","low","2.0NRT",308.89,3.25,"D"
"7027",21.7308,96.49282,338.91,0.41,0.37,"2026-02-15",639,"N20","nominal","2.0NRT",308.79,3.02,"D"
"7028",21.73022,96.48925,337.22,0.41,0.37,"2026-02-15",639,"N20","nominal","2.0NRT",306.46,3.02,"D"
"7029",21.82052,97.0243,348.63,0.39,0.36,"2026-02-15",639,"N20","nominal","2.0NRT",311.68,19.7,"D"
"7030",21.8193,97.01674,334.82,0.39,0.36,"2026-02-15",639,"N20","low","2.0NRT",307.33,2.72,"D"
"7031",21.73539,96.49962,333.75,0.41,0.37,"2026-02-15",639,"N20","low","2.0NRT",305.31,5.34,"D"
"7032",21.82142,97.00855,338.1,0.39,0.37,"2026-02-15",639,"N20","nominal","2.0NRT",308.07,5.05,"D"
"7033",21.7088,96.29582,344.85,0.41,0.37,"2026-02-15",639,"N20","nominal","2.0NRT",312.19,7.03,"D"
"7034",22.4347,101.09339,337.76,0.45,0.39,"2026-02-15",639,"N20","nominal","2.0NRT",306.63,7.96,"D"
"7035",21.82539,96.88385,339.01,0.4,0.37,"2026-02-15",639,"N20","nominal","2.0NRT",313.88,3.05,"D"
"7036",21.74998,96.39777,332.73,0.41,0.37,"2026-02-15",639,"N20","nominal","2.0NRT",306.91,2.77,"D"
"7037",21.54154,95.09133,339.15,0.46,0.39,"2026-02-15",639,"N20","nominal","2.0NRT",313.95,3.56,"D"
"7038",21.88111,97.12543,349.47,0.39,0.36,"2026-02-15",639,"N20","nominal","2.0NRT",315.07,9.79,"D"
"7039",21.666,95.78361,340.8,0.43,0.38,"2026-02-15",639,"N20","low","2.0NRT",315.44,4.02,"D"
"7040",21.66125,95.75521,338.57,0.43,0.38,"2026-02-15",639,"N20","nominal","2.0NRT",312.99,1.18,"D"
"7041",21.47025,94.63615,345.06,0.48,0.4,"2026-02-15",639,"N20","nominal","2.0NRT",310,5.5,"D"
"7042",21.58078,95.25671,334.12,0.45,0.39,"2026-02-15",639,"N20","low","2.0NRT",305.67,20.22,"D"
"7043",21.89107,97.1236,338.32,0.39,0.36,"2026-02-15",639,"N20","low","2.0NRT",308.55,4.96,"D"
"7044",21.87885,97.02522,355.11,0.39,0.36,"2026-02-15",639,"N20","nominal","2.0NRT",313.69,12.47,"D"
"7045",21.79053,96.39032,334.9,0.41,0.37,"2026-02-15",639,"N20","low","2.0NRT",306.48,4.29,"D"
"7046",21.78989,96.38644,335.2,0.41,0.37,"2026-02-15",639,"N20","low","2.0NRT",308.04,3.41,"D"
"7047",21.9199,97.17636,340.69,0.39,0.36,"2026-02-15",639,"N20","nominal","2.0NRT",310.27,2.2,"D"
"7048",21.90325,97.07108,336.09,0.39,0.36,"2026-02-15",639,"N20","low","2.0NRT",309.05,3.57,"D"
"7049",21.83269,96.62944,344.14,0.4,0.37,"2026-02-15",639,"N20","nominal","2.0NRT",307.63,6.17,"D"
"7050",21.83203,96.62529,341.74,0.4,0.37,"2026-02-15",639,"N20","nominal","2.0NRT",307.87,5,"D"
"7051",22.08312,98.20714,339.85,0.38,0.36,"2026-02-15",639,"N20","nominal","2.0NRT",303.53,5.07,"D"
"7052",21.90657,97.07048,340.22,0.39,0.36,"2026-02-15",639,"N20","nominal","2.0NRT",307.05,3.57,"D"
"7053",21.90597,97.06673,331.65,0.39,0.36,"2026-02-15",639,"N20","low","2.0NRT",306.18,5.59,"D"
"7054",21.8904,96.96867,346.04,0.39,0.37,"2026-02-15",639,"N20","nominal","2.0NRT",310.15,3.85,"D"
"7055",21.82919,96.5862,347.99,0.4,0.37,"2026-02-15",639,"N20","nominal","2.0NRT",311.27,11.91,"D"
"7056",21.50612,94.64807,341.45,0.48,0.4,"2026-02-15",639,"N20","nominal","2.0NRT",309.76,4.57,"D"
"7057",21.93689,97.24269,336.15,0.39,0.36,"2026-02-15",639,"N20","low","2.0NRT",307.81,4.62,"D"
"7058",21.83073,96.58611,347.93,0.4,0.37,"2026-02-15",639,"N20","nominal","2.0NRT",308.86,13.05,"D"
"7059",21.80981,96.45892,331.18,0.41,0.37,"2026-02-15",639,"N20","low","2.0NRT",302.76,2.82,"D"
"7060",21.9402,97.24209,347.53,0.39,0.36,"2026-02-15",639,"N20","nominal","2.0NRT",312.82,4.62,"D"
"7061",21.93961,97.23834,355.78,0.39,0.36,"2026-02-15",639,"N20","nominal","2.0NRT",319.19,17.97,"D"
"7062",21.81317,96.45823,336.5,0.41,0.37,"2026-02-15",639,"N20","nominal","2.0NRT",303.11,2.82,"D"
"7063",21.8652,96.73367,340.73,0.4,0.37,"2026-02-15",639,"N20","low","2.0NRT",311.39,4.76,"D"
"7064",21.86458,96.72984,341.98,0.4,0.37,"2026-02-15",639,"N20","nominal","2.0NRT",310.9,3.84,"D"
"7065",21.86794,96.72931,335.33,0.4,0.37,"2026-02-15",639,"N20","low","2.0NRT",309.4,3.76,"D"
"7066",21.54098,94.80167,336.43,0.47,0.4,"2026-02-15",639,"N20","low","2.0NRT",309.2,8.33,"D"
"7067",21.52307,94.67932,346.07,0.48,0.4,"2026-02-15",639,"N20","nominal","2.0NRT",308.44,5.58,"D"
"7068",21.52226,94.67477,334.42,0.48,0.4,"2026-02-15",639,"N20","low","2.0NRT",306.63,5.58,"D"
"7069",21.49374,94.51439,338.17,0.48,0.4,"2026-02-15",639,"N20","nominal","2.0NRT",309.98,4.39,"D"
"7070",21.99741,97.49637,332.29,0.39,0.36,"2026-02-15",639,"N20","low","2.0NRT",305.39,3.82,"D"
"7071",21.95556,97.23154,344.71,0.39,0.36,"2026-02-15",639,"N20","nominal","2.0NRT",314.15,4.89,"D"
"7072",21.95078,97.20148,345.29,0.39,0.36,"2026-02-15",639,"N20","low","2.0NRT",316.54,4.83,"D"
"7073",21.91163,96.95683,334.88,0.39,0.37,"2026-02-15",639,"N20","nominal","2.0NRT",306.16,4.32,"D"
"7074",21.86838,96.68964,339.24,0.4,0.37,"2026-02-15",639,"N20","nominal","2.0NRT",304.95,3.23,"D"
"7075",21.74099,95.91998,340.99,0.42,0.38,"2026-02-15",639,"N20","nominal","2.0NRT",315.5,4.2,"D"
"7076",21.99953,97.48827,345.99,0.39,0.36,"2026-02-15",639,"N20","nominal","2.0NRT",309.02,6.49,"D"
"7077",21.95409,97.20087,342.95,0.39,0.36,"2026-02-15",639,"N20","low","2.0NRT",313.08,4.83,"D"
"7078",21.95741,97.20027,342.69,0.39,0.36,"2026-02-15",639,"N20","low","2.0NRT",314.12,9.47,"D"
"7079",21.96907,97.25223,346.45,0.39,0.36,"2026-02-15",639,"N20","nominal","2.0NRT",311.52,9.89,"D"
"7080",21.84026,96.43286,335.79,0.41,0.37,"2026-02-15",639,"N20","nominal","2.0NRT",307.08,3.31,"D"
"7081",21.83962,96.42896,340.02,0.41,0.37,"2026-02-15",639,"N20","nominal","2.0NRT",308.85,3.31,"D"
"7082",21.82235,96.32398,336.32,0.41,0.37,"2026-02-15",639,"N20","low","2.0NRT",307.86,2.89,"D"
"7083",21.75403,95.91331,341.82,0.42,0.38,"2026-02-15",639,"N20","nominal","2.0NRT",314.42,3.78,"D"
"7084",22.00805,97.45602,344.83,0.39,0.36,"2026-02-15",639,"N20","nominal","2.0NRT",311.62,7,"D"
"7085",22.4623,100.52465,333.32,0.43,0.38,"2026-02-15",639,"N20","nominal","2.0NRT",299.12,14.35,"D"
"7086",21.99317,97.34,335.7,0.39,0.36,"2026-02-15",639,"N20","nominal","2.0NRT",307.43,3.84,"D"
"7087",21.88036,96.63591,342.16,0.4,0.37,"2026-02-15",639,"N20","nominal","2.0NRT",313.62,10.79,"D"
"7088",21.89342,96.67377,331.35,0.4,0.37,"2026-02-15",639,"N20","low","2.0NRT",306.05,1.27,"D"
"7089",21.85508,96.43846,331.25,0.41,0.37,"2026-02-15",639,"N20","low","2.0NRT",304.89,2.81,"D"
"7090",21.69012,95.45062,342.31,0.44,0.38,"2026-02-15",639,"N20","nominal","2.0NRT",312.68,2.61,"D"
"7091",21.94122,96.92761,343.11,0.4,0.37,"2026-02-15",639,"N20","low","2.0NRT",315.62,6.45,"D"
"7092",21.94519,96.93101,331.78,0.4,0.37,"2026-02-15",639,"N20","low","2.0NRT",304.88,4.84,"D"
"7093",21.94457,96.92714,335.42,0.4,0.37,"2026-02-15",639,"N20","low","2.0NRT",310.17,6.45,"D"
"7094",21.94273,96.91564,336.76,0.4,0.37,"2026-02-15",639,"N20","nominal","2.0NRT",309.45,5.86,"D"
"7095",21.90959,96.70973,339.02,0.4,0.37,"2026-02-15",639,"N20","nominal","2.0NRT",311.33,4.41,"D"
"7096",21.8415,96.27073,333.61,0.41,0.37,"2026-02-15",639,"N20","nominal","2.0NRT",305.73,1.76,"D"
"7097",21.92122,96.73911,333.3,0.4,0.37,"2026-02-15",639,"N20","low","2.0NRT",305.45,5.03,"D"
"7098",21.58718,94.74622,336.5,0.47,0.4,"2026-02-15",639,"N20","low","2.0NRT",306.79,4.89,"D"
"7099",22.0108,97.27921,367,0.39,0.36,"2026-02-15",639,"N20","high","2.0NRT",314.25,8.28,"D"
"7100",22.01728,97.32028,336.44,0.39,0.36,"2026-02-15",639,"N20","nominal","2.0NRT",307.94,3.13,"D"
"7101",22.01021,97.27547,354.27,0.39,0.36,"2026-02-15",639,"N20","nominal","2.0NRT",318.54,8.28,"D"
"7102",21.91786,96.69695,334.47,0.4,0.37,"2026-02-15",639,"N20","low","2.0NRT",306.71,3.25,"D"
"7103",21.58373,94.70495,337.05,0.47,0.4,"2026-02-15",639,"N20","low","2.0NRT",307.93,2.29,"D"
"7104",21.13851,92.25753,340.28,0.44,0.46,"2026-02-15",639,"N20","nominal","2.0NRT",303.32,9.05,"D"
"7105",23.00701,104.60206,332.22,0.47,0.47,"2026-02-15",639,"N20","nominal","2.0NRT",295.17,3.02,"D"
"7106",22.14868,98.14608,338.95,0.38,0.36,"2026-02-15",639,"N20","nominal","2.0NRT",306,5.59,"D"
"7107",22.14812,98.14239,347.7,0.38,0.36,"2026-02-15",639,"N20","nominal","2.0NRT",312.32,5.59,"D"
"7108",22.01411,97.27861,348.28,0.39,0.36,"2026-02-15",639,"N20","nominal","2.0NRT",310.64,8.28,"D"
"7109",22.15141,98.14181,337.58,0.38,0.36,"2026-02-15",639,"N20","nominal","2.0NRT",311.46,6.19,"D"
"7110",21.927,96.7109,342.38,0.4,0.37,"2026-02-15",639,"N20","nominal","2.0NRT",311.53,8.37,"D"
"7111",21.92578,96.70333,347.04,0.4,0.37,"2026-02-15",639,"N20","nominal","2.0NRT",312.83,4.43,"D"
"7112",21.92974,96.70653,346.93,0.4,0.37,"2026-02-15",639,"N20","nominal","2.0NRT",311.17,8.37,"D"
"7113",21.92913,96.70273,347.38,0.4,0.37,"2026-02-15",639,"N20","nominal","2.0NRT",311.81,4.43,"D"
"7114",21.92852,96.69891,335.48,0.4,0.37,"2026-02-15",639,"N20","low","2.0NRT",306.16,4.43,"D"
"7115",21.85842,96.26737,334.71,0.41,0.37,"2026-02-15",639,"N20","nominal","2.0NRT",309.02,1.69,"D"
"7116",21.76614,95.70984,340.17,0.43,0.38,"2026-02-15",639,"N20","nominal","2.0NRT",313.42,2.38,"D"
"7117",21.93861,96.74016,334.83,0.4,0.37,"2026-02-15",639,"N20","low","2.0NRT",309.01,2.4,"D"
"7118",21.93309,96.70589,343.19,0.4,0.37,"2026-02-15",639,"N20","nominal","2.0NRT",313.11,30.29,"D"
"7119",21.93003,96.68695,334,0.4,0.37,"2026-02-15",639,"N20","low","2.0NRT",305.63,3.09,"D"
"7120",21.91146,96.57203,331.62,0.4,0.37,"2026-02-15",639,"N20","low","2.0NRT",306.24,2.23,"D"
"7121",23.27429,106.92505,327.53,0.33,0.55,"2026-02-15",639,"N20","nominal","2.0NRT",291.73,1.73,"D"
"7122",21.91667,96.58284,339.8,0.4,0.37,"2026-02-15",639,"N20","nominal","2.0NRT",306.75,3.04,"D"
"7123",21.91482,96.5714,333.56,0.4,0.37,"2026-02-15",639,"N20","nominal","2.0NRT",306.65,2.23,"D"
"7124",21.97795,96.92156,342.81,0.4,0.37,"2026-02-15",639,"N20","nominal","2.0NRT",309.75,4.29,"D"
"7125",21.97735,96.91781,337.52,0.4,0.37,"2026-02-15",639,"N20","nominal","2.0NRT",309.42,4.29,"D"
"7126",22.06421,97.44604,341.26,0.39,0.36,"2026-02-15",639,"N20","nominal","2.0NRT",313.03,3.81,"D"
"7127",21.98128,96.92098,343.95,0.4,0.37,"2026-02-15",639,"N20","nominal","2.0NRT",307.17,5.03,"D"
"7128",21.97759,96.77544,332.73,0.4,0.37,"2026-02-15",639,"N20","nominal","2.0NRT",306.66,2.02,"D"
"7129",22.04488,97.17234,331.29,0.39,0.36,"2026-02-15",639,"N20","low","2.0NRT",303.47,1.52,"D"
"7130",22.08435,97.39983,342.51,0.39,0.36,"2026-02-15",639,"N20","nominal","2.0NRT",313.87,3.22,"D"
"7131",22.07877,97.34303,341.71,0.39,0.36,"2026-02-15",639,"N20","nominal","2.0NRT",311.08,5.14,"D"
"7132",22.30687,98.79048,330.19,0.39,0.36,"2026-02-15",639,"N20","nominal","2.0NRT",296.28,2.74,"D"
"7133",22.02473,96.93969,344.78,0.39,0.37,"2026-02-15",639,"N20","nominal","2.0NRT",305.73,5.15,"D"
"7134",22.02414,96.93598,330.34,0.39,0.37,"2026-02-15",639,"N20","low","2.0NRT",304.65,2.62,"D"
"7135",22.02324,96.90907,339.12,0.4,0.37,"2026-02-15",639,"N20","nominal","2.0NRT",308.78,3.55,"D"
"7136",22.02263,96.90527,338.88,0.4,0.37,"2026-02-15",639,"N20","low","2.0NRT",309.28,4.89,"D"
"7137",22.02718,96.91228,344.39,0.4,0.37,"2026-02-15",639,"N20","nominal","2.0NRT",312.58,9.35,"D"
"7138",22.03887,96.96375,334.9,0.39,0.36,"2026-02-15",639,"N20","low","2.0NRT",307.6,2.29,"D"
"7139",22.03051,96.91167,342.71,0.4,0.37,"2026-02-15",639,"N20","nominal","2.0NRT",307.04,9.35,"D"
"7140",22.0299,96.90788,342.99,0.4,0.37,"2026-02-15",639,"N20","low","2.0NRT",314.89,9.35,"D"
"7141",22.02929,96.90408,336.3,0.4,0.37,"2026-02-15",639,"N20","low","2.0NRT",310.01,3.44,"D"
"7142",22.22613,98.0295,331.37,0.38,0.36,"2026-02-15",639,"N20","low","2.0NRT",302.42,2.66,"D"
"7143",22.879,102.69016,341.6,0.54,0.42,"2026-02-15",639,"N20","nominal","2.0NRT",296.72,7.31,"D"
"7144",22.02822,96.72665,330.28,0.4,0.37,"2026-02-15",639,"N20","nominal","2.0NRT",303.37,1.93,"D"
"7145",21.84213,95.59756,341.04,0.43,0.38,"2026-02-15",639,"N20","nominal","2.0NRT",313.06,2.7,"D"
"7146",22.03218,96.72981,335.32,0.4,0.37,"2026-02-15",639,"N20","nominal","2.0NRT",305.53,2.18,"D"
"7147",22.17153,97.54459,340.34,0.39,0.36,"2026-02-15",639,"N20","nominal","2.0NRT",308.76,5.69,"D"
"7148",22.17095,97.54087,346.64,0.39,0.36,"2026-02-15",639,"N20","nominal","2.0NRT",311.78,9.67,"D"
"7149",22.07945,96.96058,341.27,0.39,0.36,"2026-02-15",639,"N20","nominal","2.0NRT",305.29,3.23,"D"
"7150",22.00391,96.49117,343.67,0.4,0.37,"2026-02-15",639,"N20","nominal","2.0NRT",303.24,5.45,"D"
"7151",19.95122,85.95567,367,0.58,0.7,"2026-02-15",639,"N20","high","2.0NRT",300.03,11.69,"D"
"7152",22.17425,97.54028,347.3,0.39,0.36,"2026-02-15",639,"N20","nominal","2.0NRT",307.01,8.04,"D"
"7153",22.21951,97.81043,331.15,0.38,0.36,"2026-02-15",639,"N20","low","2.0NRT",303.24,1.53,"D"
"7154",22.21894,97.80674,341.01,0.38,0.36,"2026-02-15",639,"N20","nominal","2.0NRT",305.03,4.66,"D"
"7155",22.08611,96.95943,339.1,0.39,0.36,"2026-02-15",639,"N20","nominal","2.0NRT",306.14,4.13,"D"
"7156",22.15351,97.36436,367,0.39,0.36,"2026-02-15",639,"N20","high","2.0NRT",326.8,23.25,"D"
"7157",22.2228,97.80984,340.51,0.38,0.36,"2026-02-15",639,"N20","nominal","2.0NRT",304.31,6.14,"D"
"7158",22.1541,97.3681,337.36,0.39,0.36,"2026-02-15",639,"N20","nominal","2.0NRT",312.34,23.25,"D"
"7159",22.08943,96.95885,335.09,0.39,0.36,"2026-02-15",639,"N20","low","2.0NRT",307.23,2.56,"D"
"7160",22.47543,99.47807,329.61,0.4,0.37,"2026-02-15",639,"N20","nominal","2.0NRT",302.93,3.44,"D"
"7161",22.2261,97.80927,336.39,0.38,0.36,"2026-02-15",639,"N20","nominal","2.0NRT",300.4,6.14,"D"
"7162",21.97999,96.23734,332.02,0.41,0.37,"2026-02-15",639,"N20","low","2.0NRT",303.75,5.33,"D"
"7163",22.05313,96.62466,340.7,0.4,0.37,"2026-02-15",639,"N20","nominal","2.0NRT",302.49,2.99,"D"
"7164",22.19674,97.50945,335.19,0.39,0.36,"2026-02-15",639,"N20","nominal","2.0NRT",309.28,3.79,"D"
"7165",22.10328,96.92178,336.48,0.39,0.37,"2026-02-15",639,"N20","low","2.0NRT",309.62,9.75,"D"
"7166",22.10266,96.91799,337.94,0.39,0.37,"2026-02-15",639,"N20","low","2.0NRT",309.08,9.75,"D"
"7167",22.1066,96.92116,332.73,0.39,0.37,"2026-02-15",639,"N20","low","2.0NRT",304.6,9.75,"D"
"7168",22.62469,100.36107,331.95,0.42,0.38,"2026-02-15",639,"N20","nominal","2.0NRT",300.86,7.84,"D"
"7169",22.21361,97.55218,335.37,0.39,0.36,"2026-02-15",639,"N20","low","2.0NRT",309.99,5.2,"D"
"7170",22.09736,96.82146,339.86,0.4,0.37,"2026-02-15",639,"N20","low","2.0NRT",310.47,9.4,"D"
"7171",22.18004,97.31714,343.56,0.39,0.36,"2026-02-15",639,"N20","nominal","2.0NRT",310.14,5.51,"D"
"7172",22.17945,97.3134,335.33,0.39,0.36,"2026-02-15",639,"N20","low","2.0NRT",309.03,5.51,"D"
"7173",22.06396,96.59491,333.95,0.4,0.37,"2026-02-15",639,"N20","nominal","2.0NRT",307.47,2.99,"D"
"7174",22.01143,96.2757,335.82,0.41,0.37,"2026-02-15",639,"N20","low","2.0NRT",305.87,2.26,"D"
"7175",21.84185,95.27407,339.24,0.44,0.39,"2026-02-15",639,"N20","low","2.0NRT",312.13,2.49,"D"
"7176",22.04032,96.4084,341.2,0.41,0.37,"2026-02-15",639,"N20","nominal","2.0NRT",309.53,4.49,"D"
"7177",23.20287,105.00851,335.63,0.5,0.49,"2026-02-15",639,"N20","nominal","2.0NRT",292.07,2.52,"D"
"7178",21.81905,95.07944,343.14,0.45,0.39,"2026-02-15",639,"N20","nominal","2.0NRT",312.97,4.88,"D"
"7179",22.27556,97.84203,346.55,0.38,0.36,"2026-02-15",639,"N20","nominal","2.0NRT",310.3,7.03,"D"
"7180",19.95445,85.95808,334.07,0.58,0.7,"2026-02-15",639,"N20","nominal","2.0NRT",299.33,6.87,"D"
"7181",19.95319,85.95271,342.96,0.58,0.7,"2026-02-15",639,"N20","nominal","2.0NRT",299.88,8.09,"D"
"7182",22.49133,99.24052,352.91,0.39,0.36,"2026-02-15",639,"N20","nominal","2.0NRT",307.73,13.57,"D"
"7183",22.03432,96.28758,330.87,0.41,0.37,"2026-02-15",639,"N20","nominal","2.0NRT",304.32,1.89,"D"
"7184",22.03634,96.27874,337.7,0.41,0.37,"2026-02-15",639,"N20","nominal","2.0NRT",307.16,3.91,"D"
"7185",22.22817,97.45023,346.27,0.39,0.36,"2026-02-15",639,"N20","nominal","2.0NRT",309.5,5.02,"D"
"7186",22.06518,96.4119,334.27,0.41,0.37,"2026-02-15",639,"N20","nominal","2.0NRT",304.18,4.65,"D"
"7187",22.10921,96.66102,336.45,0.4,0.37,"2026-02-15",639,"N20","low","2.0NRT",308.84,2.36,"D"
"7188",22.03016,96.1778,336.79,0.41,0.37,"2026-02-15",639,"N20","nominal","2.0NRT",305,4.12,"D"
"7189",21.61132,93.73936,349.54,0.53,0.42,"2026-02-15",639,"N20","nominal","2.0NRT",302.8,14.3,"D"
"7190",22.2437,97.46275,335.84,0.39,0.36,"2026-02-15",639,"N20","nominal","2.0NRT",310.79,1.33,"D"
"7191",22.17724,97.02044,343.78,0.39,0.36,"2026-02-15",639,"N20","nominal","2.0NRT",313.44,6.14,"D"
"7192",22.17664,97.01669,349.02,0.39,0.36,"2026-02-15",639,"N20","nominal","2.0NRT",310.81,6.85,"D"
"7193",23.07027,103.41037,339.61,0.4,0.44,"2026-02-15",639,"N20","nominal","2.0NRT",298.79,5.98,"D"
"7194",22.18508,97.02675,347.09,0.39,0.36,"2026-02-15",639,"N20","nominal","2.0NRT",312.92,8.45,"D"
"7195",22.2569,97.46036,346.39,0.39,0.36,"2026-02-15",639,"N20","nominal","2.0NRT",308.42,5.81,"D"
"7196",22.07795,96.32001,339.55,0.41,0.37,"2026-02-15",639,"N20","nominal","2.0NRT",304.51,2.76,"D"
"7197",22.07731,96.31609,330.98,0.41,0.37,"2026-02-15",639,"N20","nominal","2.0NRT",304.96,2.48,"D"
"7198",21.62688,93.67297,335.31,0.53,0.42,"2026-02-15",639,"N20","low","2.0NRT",305.87,6.8,"D"
"7199",21.62971,93.66679,331.82,0.53,0.42,"2026-02-15",639,"N20","low","2.0NRT",305.42,6.8,"D"
"7200",22.30476,97.68082,332.58,0.39,0.36,"2026-02-15",639,"N20","low","2.0NRT",306.18,4.83,"D"
"7201",21.63352,93.666,339.43,0.53,0.42,"2026-02-15",639,"N20","nominal","2.0NRT",303.03,13.5,"D"
"7202",22.25975,97.34834,336.3,0.39,0.36,"2026-02-15",639,"N20","nominal","2.0NRT",303.86,3.55,"D"
"7203",22.20352,96.99233,337.74,0.39,0.36,"2026-02-15",639,"N20","nominal","2.0NRT",307.71,3.29,"D"
"7204",22.20592,96.96432,334.19,0.39,0.36,"2026-02-15",639,"N20","low","2.0NRT",308.9,3.17,"D"
"7205",22.13074,96.4955,344.47,0.4,0.37,"2026-02-15",639,"N20","nominal","2.0NRT",309.72,7.42,"D"
"7206",22.04841,95.99062,335.08,0.42,0.37,"2026-02-15",639,"N20","low","2.0NRT",309.14,5.76,"D"
"7207",22.20864,96.95985,337.13,0.39,0.36,"2026-02-15",639,"N20","nominal","2.0NRT",309.91,3.17,"D"
"7208",22.13409,96.49489,355.65,0.4,0.37,"2026-02-15",639,"N20","nominal","2.0NRT",307.71,7.42,"D"
"7209",22.21258,96.9631,350.3,0.39,0.36,"2026-02-15",639,"N20","nominal","2.0NRT",313.89,11.2,"D"
"7210",22.13807,96.49812,337.52,0.4,0.37,"2026-02-15",639,"N20","low","2.0NRT",307.75,4.68,"D"
"7211",22.11466,96.35323,334.64,0.41,0.37,"2026-02-15",639,"N20","nominal","2.0NRT",302.96,1.88,"D"
"7212",22.8743,101.46493,331.4,0.47,0.4,"2026-02-15",639,"N20","nominal","2.0NRT",297.6,17.26,"D"
"7213",22.8737,101.46047,335.98,0.47,0.4,"2026-02-15",639,"N20","nominal","2.0NRT",306.87,17.26,"D"
"7214",22.21711,96.97015,332.68,0.39,0.36,"2026-02-15",639,"N20","low","2.0NRT",306.66,4.02,"D"
"7215",22.16487,96.64291,343.97,0.4,0.37,"2026-02-15",639,"N20","nominal","2.0NRT",307.77,7.37,"D"
"7216",21.83393,94.65248,336.61,0.47,0.4,"2026-02-15",639,"N20","nominal","2.0NRT",308.71,2.82,"D"
"7217",21.83317,94.64802,350.19,0.47,0.4,"2026-02-15",639,"N20","nominal","2.0NRT",312.11,11.43,"D"
"7218",22.16705,96.64297,341.7,0.4,0.37,"2026-02-15",639,"N20","nominal","2.0NRT",307.83,4.53,"D"
"7219",22.16643,96.63917,339.34,0.4,0.37,"2026-02-15",639,"N20","nominal","2.0NRT",305.81,4.53,"D"
"7220",22.87138,101.46278,342.25,0.47,0.4,"2026-02-15",639,"N20","nominal","2.0NRT",308.32,33.56,"D"
"7221",22.15063,96.50027,342.29,0.4,0.37,"2026-02-15",639,"N20","nominal","2.0NRT",305.6,2.3,"D"
"7222",21.83511,94.65415,334.08,0.47,0.4,"2026-02-15",639,"N20","nominal","2.0NRT",307.49,1,"D"
"7223",21.83433,94.64973,337.85,0.47,0.4,"2026-02-15",639,"N20","low","2.0NRT",309.87,10.26,"D"
"7224",21.89789,94.98919,342.84,0.46,0.39,"2026-02-15",639,"N20","nominal","2.0NRT",311.61,2.22,"D"
"7225",22.33964,97.64037,334.62,0.39,0.36,"2026-02-15",639,"N20","low","2.0NRT",309.45,2.64,"D"
"7226",22.32169,97.52532,338.39,0.39,0.36,"2026-02-15",639,"N20","nominal","2.0NRT",311.44,4.4,"D"
"7227",22.12189,96.26289,333.88,0.41,0.37,"2026-02-15",639,"N20","low","2.0NRT",308.45,2.18,"D"
"7228",22.07511,95.98196,342.88,0.42,0.37,"2026-02-15",639,"N20","nominal","2.0NRT",310.61,9.88,"D"
"7229",22.30429,97.37128,339.68,0.39,0.36,"2026-02-15",639,"N20","nominal","2.0NRT",306.41,5.44,"D"
"7230",22.12869,96.26183,341.12,0.41,0.37,"2026-02-15",639,"N20","nominal","2.0NRT",307.22,5.07,"D"
"7231",21.85001,94.63274,337.74,0.47,0.4,"2026-02-15",639,"N20","nominal","2.0NRT",307.95,2.96,"D"
"7232",21.85521,94.64102,333.46,0.47,0.4,"2026-02-15",639,"N20","nominal","2.0NRT",307.33,3.1,"D"
"7233",21.85883,94.6403,337.54,0.47,0.4,"2026-02-15",639,"N20","nominal","2.0NRT",307.54,3.1,"D"
"7234",22.61233,99.30289,333.05,0.39,0.37,"2026-02-15",639,"N20","nominal","2.0NRT",301.62,21.27,"D"
"7235",22.61176,99.299,316.19,0.39,0.37,"2026-02-15",639,"N20","low","2.0NRT",316.86,41.09,"D"
"7236",22.14489,96.25438,341.66,0.41,0.37,"2026-02-15",639,"N20","nominal","2.0NRT",310.78,4.38,"D"
"7237",22.36179,97.58683,339.46,0.39,0.36,"2026-02-15",639,"N20","nominal","2.0NRT",309.27,2.54,"D"
"7238",22.14894,96.25777,351.46,0.41,0.37,"2026-02-15",639,"N20","nominal","2.0NRT",312.2,8.07,"D"
"7239",22.14828,96.25375,340.74,0.41,0.37,"2026-02-15",639,"N20","nominal","2.0NRT",309.25,4.38,"D"
"7240",22.27501,97.0145,330.88,0.39,0.36,"2026-02-15",639,"N20","low","2.0NRT",305.83,1.89,"D"
"7241",22.3901,97.70377,338.58,0.39,0.36,"2026-02-15",639,"N20","nominal","2.0NRT",308.5,4.59,"D"
"7242",22.06672,95.69989,334.33,0.43,0.38,"2026-02-15",639,"N20","low","2.0NRT",309.07,1.3,"D"
"7243",22.54182,98.68185,332.8,0.39,0.36,"2026-02-15",639,"N20","nominal","2.0NRT",304.09,14.99,"D"
"7244",22.27586,96.95558,340.35,0.39,0.36,"2026-02-15",639,"N20","nominal","2.0NRT",309.16,4.83,"D"
"7245",22.21672,96.56659,339.82,0.4,0.37,"2026-02-15",639,"N20","nominal","2.0NRT",308.82,1.7,"D"
"7246",22.20618,96.50168,336.61,0.4,0.37,"2026-02-15",639,"N20","nominal","2.0NRT",304.22,3.02,"D"
"7247",22.30925,97.10111,336.58,0.39,0.36,"2026-02-15",639,"N20","low","2.0NRT",306.76,6.55,"D"
"7248",22.25251,96.74567,335.81,0.4,0.37,"2026-02-15",639,"N20","low","2.0NRT",309.45,6.05,"D"
"7249",22.41229,97.73792,334.15,0.38,0.36,"2026-02-15",639,"N20","low","2.0NRT",305.64,5.51,"D"
"7250",22.31137,97.09298,339.22,0.39,0.36,"2026-02-15",639,"N20","nominal","2.0NRT",310.4,21.07,"D"
"7251",22.41559,97.73733,337.74,0.38,0.36,"2026-02-15",639,"N20","nominal","2.0NRT",307.59,5.63,"D"
"7252",22.41501,97.73363,344.46,0.38,0.36,"2026-02-15",639,"N20","nominal","2.0NRT",308.83,5.79,"D"
"7253",22.32894,97.18245,333.75,0.39,0.36,"2026-02-15",639,"N20","low","2.0NRT",307.95,9.02,"D"
"7254",22.31469,97.09239,345.32,0.39,0.36,"2026-02-15",639,"N20","nominal","2.0NRT",308.67,11.2,"D"
"7255",22.17808,96.24408,342.05,0.41,0.37,"2026-02-15",639,"N20","nominal","2.0NRT",308.27,7.89,"D"
"7256",22.1703,96.19661,345.32,0.41,0.37,"2026-02-15",639,"N20","nominal","2.0NRT",308.99,7.4,"D"
"7257",22.63914,99.20506,338.54,0.39,0.36,"2026-02-15",639,"N20","nominal","2.0NRT",303.03,9.3,"D"
"7258",22.41888,97.73675,342.39,0.38,0.36,"2026-02-15",639,"N20","nominal","2.0NRT",306.6,5.63,"D"
"7259",22.41831,97.73304,340.89,0.38,0.36,"2026-02-15",639,"N20","nominal","2.0NRT",305.38,5.79,"D"
"7260",23.02768,102.00892,338.05,0.5,0.41,"2026-02-15",639,"N20","nominal","2.0NRT",298.95,6.48,"D"
"7261",22.42217,97.73617,331.42,0.38,0.36,"2026-02-15",639,"N20","nominal","2.0NRT",301.75,2.12,"D"
"7262",22.19653,96.29299,337.8,0.41,0.37,"2026-02-15",639,"N20","nominal","2.0NRT",306.94,2.52,"D"
"7263",22.19862,96.2845,342.03,0.41,0.37,"2026-02-15",639,"N20","nominal","2.0NRT",307.81,3.44,"D"
"7264",23.01137,101.79621,333.79,0.49,0.4,"2026-02-15",639,"N20","nominal","2.0NRT",297.5,3.24,"D"
"7265",22.51686,98.28965,330.26,0.38,0.36,"2026-02-15",639,"N20","nominal","2.0NRT",301.93,1.32,"D"
"7266",22.421,97.64108,344.72,0.39,0.36,"2026-02-15",639,"N20","nominal","2.0NRT",308.61,5.44,"D"
"7267",22.18805,96.17696,351.64,0.41,0.37,"2026-02-15",639,"N20","nominal","2.0NRT",310.01,5.4,"D"
"7268",22.40121,97.49174,333.7,0.39,0.36,"2026-02-15",639,"N20","low","2.0NRT",305.42,2.84,"D"
"7269",22.40063,97.48801,332.29,0.39,0.36,"2026-02-15",639,"N20","low","2.0NRT",305.2,2.84,"D"
"7270",22.19144,96.17631,340.41,0.41,0.37,"2026-02-15",639,"N20","nominal","2.0NRT",310.02,5.4,"D"
"7271",22.40383,97.39907,344.45,0.39,0.36,"2026-02-15",639,"N20","nominal","2.0NRT",314.36,5.12,"D"
"7272",22.30672,96.79025,338.04,0.4,0.37,"2026-02-15",639,"N20","nominal","2.0NRT",306.38,3.06,"D"
"7273",22.42466,97.51025,340.36,0.39,0.36,"2026-02-15",639,"N20","nominal","2.0NRT",305.59,5.76,"D"
"7274",22.40713,97.39848,345.52,0.39,0.36,"2026-02-15",639,"N20","nominal","2.0NRT",309.34,5.12,"D"
"7275",22.06085,95.29922,345.66,0.44,0.38,"2026-02-15",639,"N20","nominal","2.0NRT",314.03,5.91,"D"
"7276",22.82693,100.23125,343.94,0.42,0.38,"2026-02-15",639,"N20","nominal","2.0NRT",299.26,8.99,"D"
"7277",20.27077,86.48839,337.09,0.53,0.67,"2026-02-15",639,"N20","nominal","2.0NRT",300.36,4.63,"D"
"7278",22.46362,97.71706,338.42,0.38,0.36,"2026-02-15",639,"N20","nominal","2.0NRT",306.93,8.17,"D"
"7279",22.43765,97.55,334.65,0.39,0.36,"2026-02-15",639,"N20","nominal","2.0NRT",307.56,1.97,"D"
"7280",22.42267,97.411,347.05,0.39,0.36,"2026-02-15",639,"N20","nominal","2.0NRT",310.72,6.99,"D"
"7281",22.57235,98.3634,334.13,0.38,0.36,"2026-02-15",639,"N20","low","2.0NRT",307.79,6.3,"D"
"7282",22.4539,97.58907,337.45,0.39,0.36,"2026-02-15",639,"N20","nominal","2.0NRT",311.27,1.98,"D"
"7283",22.0835,95.32579,343.59,0.44,0.38,"2026-02-15",639,"N20","nominal","2.0NRT",313.6,11.87,"D"
"7284",22.90252,100.65762,333.75,0.43,0.38,"2026-02-15",639,"N20","nominal","2.0NRT",303.05,3.6,"D"
"7285",22.45546,97.57732,333.24,0.39,0.36,"2026-02-15",639,"N20","low","2.0NRT",307.12,2.64,"D"
"7286",22.45488,97.57361,333.28,0.39,0.36,"2026-02-15",639,"N20","low","2.0NRT",308.22,2.81,"D"
"7287",22.42576,97.38742,353.09,0.39,0.36,"2026-02-15",639,"N20","nominal","2.0NRT",311.11,10.44,"D"
"7288",21.89537,94.18951,339.74,0.5,0.41,"2026-02-15",639,"N20","nominal","2.0NRT",306.15,3.73,"D"
"7289",23.97754,111.20822,335.91,0.63,0.72,"2026-02-15",639,"N20","nominal","2.0NRT",291.47,6.09,"D"
"7290",22.90859,100.62341,330.19,0.43,0.38,"2026-02-15",639,"N20","nominal","2.0NRT",302.14,2.7,"D"
"7291",22.26534,96.32464,332.69,0.41,0.37,"2026-02-15",639,"N20","nominal","2.0NRT",306.81,2.43,"D"
"7292",23.96417,110.81821,329.28,0.59,0.7,"2026-02-15",639,"N20","nominal","2.0NRT",290.75,6.54,"D"
"7293",22.47193,97.57436,335.49,0.39,0.36,"2026-02-15",639,"N20","low","2.0NRT",307.59,1.32,"D"
"7294",23.71828,107.67959,367,0.37,0.58,"2026-02-15",639,"N20","high","2.0NRT",296.07,7.75,"D"
"7295",22.18047,95.74975,333.75,0.42,0.38,"2026-02-15",639,"N20","low","2.0NRT",306.96,4.35,"D"
"7296",22.17979,95.74568,354.3,0.42,0.38,"2026-02-15",639,"N20","nominal","2.0NRT",311.78,10.58,"D"
"7297",23.00862,101.23648,333.66,0.46,0.39,"2026-02-15",639,"N20","nominal","2.0NRT",301.9,4.36,"D"
"7298",22.28926,96.36465,346.95,0.4,0.37,"2026-02-15",639,"N20","nominal","2.0NRT",305.13,4.06,"D"
"7299",23.09406,101.83426,334.28,0.49,0.4,"2026-02-15",639,"N20","nominal","2.0NRT",294.05,3.56,"D"
"7300",21.8946,93.99162,337.53,0.51,0.41,"2026-02-15",639,"N20","nominal","2.0NRT",305.07,2.88,"D"
"7301",22.48574,97.51067,337.01,0.39,0.36,"2026-02-15",639,"N20","nominal","2.0NRT",309.85,2.33,"D"
"7302",22.33365,96.55267,334.19,0.4,0.37,"2026-02-15",639,"N20","nominal","2.0NRT",304.85,1.68,"D"
"7303",22.21257,95.81467,334.69,0.42,0.38,"2026-02-15",639,"N20","nominal","2.0NRT",308.97,2.03,"D"
"7304",21.89572,93.97619,337.98,0.51,0.41,"2026-02-15",639,"N20","nominal","2.0NRT",305.38,3.2,"D"
"7305",22.32832,96.49847,333.32,0.4,0.37,"2026-02-15",639,"N20","low","2.0NRT",307.26,4.53,"D"
"7306",22.29967,96.32202,338.64,0.41,0.37,"2026-02-15",639,"N20","nominal","2.0NRT",305.92,2.9,"D"
"7307",21.89944,93.97538,339.06,0.51,0.41,"2026-02-15",639,"N20","nominal","2.0NRT",305.84,3.57,"D"
"7308",21.81493,93.50504,337.55,0.54,0.42,"2026-02-15",639,"N20","nominal","2.0NRT",300.55,5.59,"D"
"7309",22.62286,98.36221,327.87,0.38,0.36,"2026-02-15",639,"N20","nominal","2.0NRT",302.66,2.1,"D"
"7310",22.50678,97.60245,332.06,0.39,0.36,"2026-02-15",639,"N20","nominal","2.0NRT",303.15,1.47,"D"
"7311",21.90316,93.97455,329.19,0.51,0.41,"2026-02-15",639,"N20","low","2.0NRT",302.57,3.57,"D"
"7312",22.3365,96.48498,349.98,0.4,0.37,"2026-02-15",639,"N20","nominal","2.0NRT",311.41,4.95,"D"
"7313",22.50338,97.51514,338.42,0.39,0.36,"2026-02-15",639,"N20","low","2.0NRT",311.35,6.21,"D"
"7314",22.48597,97.40341,342.46,0.39,0.36,"2026-02-15",639,"N20","nominal","2.0NRT",306.32,2.57,"D"
"7315",21.92543,94.03482,338.68,0.5,0.41,"2026-02-15",639,"N20","nominal","2.0NRT",305.42,11.27,"D"
"7316",21.92459,94.03004,354.09,0.51,0.41,"2026-02-15",639,"N20","nominal","2.0NRT",311.24,11.27,"D"
"7317",23.09974,101.64725,334.18,0.48,0.4,"2026-02-15",639,"N20","nominal","2.0NRT",300.43,5.13,"D"
"7318",22.20064,95.61523,354.77,0.43,0.38,"2026-02-15",639,"N20","nominal","2.0NRT",312.2,12.98,"D"
"7319",21.9283,94.02924,340.49,0.51,0.41,"2026-02-15",639,"N20","nominal","2.0NRT",307.64,11.27,"D"
"7320",22.35303,96.50175,344.75,0.4,0.37,"2026-02-15",639,"N20","nominal","2.0NRT",309.56,14.09,"D"
"7321",22.26122,95.93802,344.58,0.42,0.37,"2026-02-15",639,"N20","nominal","2.0NRT",310.98,3.78,"D"
"7322",22.49509,97.37491,341.73,0.39,0.36,"2026-02-15",639,"N20","nominal","2.0NRT",312.58,12.37,"D"
"7323",22.49839,97.37431,343.09,0.39,0.36,"2026-02-15",639,"N20","nominal","2.0NRT",312.93,12.37,"D"
"7324",22.05374,94.66221,334.31,0.47,0.4,"2026-02-15",639,"N20","nominal","2.0NRT",307.67,2.23,"D"
"7325",22.04914,94.63544,345.01,0.47,0.4,"2026-02-15",639,"N20","nominal","2.0NRT",309.06,6.63,"D"
"7326",21.93471,93.9781,331.94,0.51,0.41,"2026-02-15",639,"N20","low","2.0NRT",303.63,5.47,"D"
"7327",22.6083,98.06044,335.89,0.38,0.36,"2026-02-15",639,"N20","nominal","2.0NRT",301.21,2.68,"D"
"7328",22.52244,97.50423,344.82,0.39,0.36,"2026-02-15",639,"N20","nominal","2.0NRT",308,6.93,"D"
"7329",22.41698,96.84045,333.59,0.39,0.37,"2026-02-15",639,"N20","nominal","2.0NRT",301.72,2.73,"D"
"7330",22.3638,96.49227,367,0.4,0.37,"2026-02-15",639,"N20","high","2.0NRT",309.04,11.18,"D"
"7331",22.424,96.86269,337.38,0.39,0.36,"2026-02-15",639,"N20","nominal","2.0NRT",306.95,4.99,"D"
"7332",22.36443,96.49612,340.6,0.4,0.37,"2026-02-15",639,"N20","nominal","2.0NRT",308.4,11.18,"D"
"7333",22.36254,96.48457,351.78,0.4,0.37,"2026-02-15",639,"N20","nominal","2.0NRT",314.16,35.38,"D"
"7334",22.04688,94.63766,345.85,0.47,0.4,"2026-02-15",639,"N20","nominal","2.0NRT",308.88,7.93,"D"
"7335",22.36317,96.48843,367,0.4,0.37,"2026-02-15",639,"N20","low","2.0NRT",327.39,35.38,"D"
"7336",22.5021,97.33152,331.97,0.39,0.36,"2026-02-15",639,"N20","low","2.0NRT",303.37,1.72,"D"
"7337",22.49263,97.27156,338.56,0.39,0.36,"2026-02-15",639,"N20","nominal","2.0NRT",299.63,2.65,"D"
"7338",22.42671,96.85827,345.68,0.39,0.36,"2026-02-15",639,"N20","nominal","2.0NRT",309.33,15.8,"D"
"7339",22.36715,96.49163,355.31,0.4,0.37,"2026-02-15",639,"N20","nominal","2.0NRT",313.98,57.96,"D"
"7340",22.36652,96.48778,351.75,0.4,0.37,"2026-02-15",639,"N20","nominal","2.0NRT",312.49,4.74,"D"
"7341",22.36589,96.48392,339.94,0.4,0.37,"2026-02-15",639,"N20","nominal","2.0NRT",310.91,4.74,"D"
"7342",22.33098,96.27222,338.03,0.41,0.37,"2026-02-15",639,"N20","nominal","2.0NRT",311.42,2.21,"D"
"7343",21.9371,93.9854,339.7,0.51,0.41,"2026-02-15",639,"N20","nominal","2.0NRT",305.88,5.66,"D"
"7344",22.79587,99.23708,330.59,0.39,0.37,"2026-02-15",639,"N20","low","2.0NRT",304.88,14.67,"D"
"7345",22.64888,98.21694,338.63,0.38,0.36,"2026-02-15",639,"N20","nominal","2.0NRT",302.21,3.4,"D"
"7346",22.12149,94.95625,338.24,0.45,0.39,"2026-02-15",639,"N20","nominal","2.0NRT",309.44,2.87,"D"
"7347",21.95975,94.02514,331.17,0.5,0.41,"2026-02-15",639,"N20","low","2.0NRT",305.47,3.95,"D"
"7348",21.9546,93.99667,329.39,0.51,0.41,"2026-02-15",639,"N20","low","2.0NRT",303.67,2.89,"D"
"7349",22.54996,97.50686,346.01,0.39,0.36,"2026-02-15",639,"N20","nominal","2.0NRT",306.91,3.92,"D"
"7350",22.5488,97.49942,345.88,0.39,0.36,"2026-02-15",639,"N20","nominal","2.0NRT",308.09,4.35,"D"
"7351",21.96348,94.02441,334.37,0.5,0.41,"2026-02-15",639,"N20","nominal","2.0NRT",304.65,4.38,"D"
"7352",22.55848,97.53975,331.56,0.39,0.36,"2026-02-15",639,"N20","low","2.0NRT",303.85,2.14,"D"
"7353",22.55326,97.50626,347.12,0.39,0.36,"2026-02-15",639,"N20","nominal","2.0NRT",307.74,3.92,"D"
"7354",22.55209,97.49881,335.75,0.39,0.36,"2026-02-15",639,"N20","low","2.0NRT",308.68,4.35,"D"
"7355",21.96806,94.02847,336.88,0.5,0.41,"2026-02-15",639,"N20","nominal","2.0NRT",305.37,4.38,"D"
"7356",21.9672,94.02368,334.35,0.5,0.41,"2026-02-15",639,"N20","nominal","2.0NRT",304.92,4.38,"D"
"7357",22.55539,97.49821,345.46,0.39,0.36,"2026-02-15",639,"N20","nominal","2.0NRT",305.44,5.37,"D"
"7358",22.47869,97.012,345.42,0.39,0.36,"2026-02-15",639,"N20","nominal","2.0NRT",316.76,8.38,"D"
"7359",21.97178,94.0277,334.55,0.5,0.41,"2026-02-15",639,"N20","nominal","2.0NRT",306.89,4.41,"D"
"7360",21.97093,94.02296,332.33,0.5,0.41,"2026-02-15",639,"N20","nominal","2.0NRT",304.14,4.41,"D"
"7361",22.48201,97.01138,345,0.39,0.36,"2026-02-15",639,"N20","nominal","2.0NRT",307.81,8.38,"D"
"7362",22.355,96.22784,334.45,0.41,0.37,"2026-02-15",639,"N20","nominal","2.0NRT",307.33,2.24,"D"
"7363",22.14526,94.98747,335.19,0.45,0.39,"2026-02-15",639,"N20","low","2.0NRT",308.91,2.58,"D"
"7364",22.26506,95.66707,334.35,0.43,0.38,"2026-02-15",639,"N20","low","2.0NRT",309.3,2,"D"
"7365",22.1488,94.98679,335.62,0.45,0.39,"2026-02-15",639,"N20","low","2.0NRT",310.36,3.32,"D"
"7366",22.47659,96.93461,345.45,0.39,0.36,"2026-02-15",639,"N20","nominal","2.0NRT",306.25,4.65,"D"
"7367",22.66219,98.10414,340.55,0.38,0.36,"2026-02-15",639,"N20","nominal","2.0NRT",297.66,5.59,"D"
"7368",22.37032,96.25744,346.58,0.41,0.37,"2026-02-15",639,"N20","nominal","2.0NRT",308.48,5.72,"D"
"7369",22.35274,96.15065,337.7,0.41,0.37,"2026-02-15",639,"N20","low","2.0NRT",311.37,3.69,"D"
"7370",22.75474,98.6988,332.2,0.39,0.36,"2026-02-15",639,"N20","nominal","2.0NRT",307.2,3.32,"D"
"7371",23.97148,109.26783,367,0.47,0.64,"2026-02-15",639,"N20","high","2.0NRT",294.4,11.69,"D"
"7372",22.33485,95.95774,335.09,0.42,0.37,"2026-02-15",639,"N20","low","2.0NRT",309.35,1.85,"D"
"7373",22.26574,95.54424,340.34,0.43,0.38,"2026-02-15",639,"N20","low","2.0NRT",313.58,8.12,"D"
"7374",22.12447,94.71918,342.82,0.47,0.39,"2026-02-15",639,"N20","nominal","2.0NRT",315.16,3.06,"D"
"7375",22.55013,97.22635,332.24,0.39,0.36,"2026-02-15",639,"N20","nominal","2.0NRT",301.39,3.23,"D"
"7376",22.55262,97.19897,336.6,0.39,0.36,"2026-02-15",639,"N20","nominal","2.0NRT",302.55,2.76,"D"
"7377",22.43628,96.47064,335.1,0.4,0.37,"2026-02-15",639,"N20","nominal","2.0NRT",309.79,2.23,"D"
"7378",22.28165,95.53263,346.32,0.43,0.38,"2026-02-15",639,"N20","nominal","2.0NRT",314.78,6.57,"D"
"7379",22.43524,96.44285,341.01,0.4,0.37,"2026-02-15",639,"N20","nominal","2.0NRT",309.6,4.6,"D"
"7380",22.02129,94.00278,348.9,0.51,0.41,"2026-02-15",639,"N20","nominal","2.0NRT",306.65,7.49,"D"
"7381",22.02044,93.99799,341.23,0.51,0.41,"2026-02-15",639,"N20","nominal","2.0NRT",304.8,5.72,"D"
"7382",22.44361,96.47327,335.55,0.4,0.37,"2026-02-15",639,"N20","nominal","2.0NRT",307.37,2.35,"D"
"7383",22.03629,94.04401,336.84,0.5,0.41,"2026-02-15",639,"N20","nominal","2.0NRT",304.73,14.51,"D"
"7384",22.46584,96.56823,336.97,0.4,0.37,"2026-02-15",639,"N20","nominal","2.0NRT",304.98,2.89,"D"
"7385",22.46522,96.56441,337.29,0.4,0.37,"2026-02-15",639,"N20","nominal","2.0NRT",306.91,2.72,"D"
"7386",22.44969,96.46812,333.52,0.4,0.37,"2026-02-15",639,"N20","low","2.0NRT",306.78,7.06,"D"
"7387",22.04084,94.04801,342.48,0.5,0.41,"2026-02-15",639,"N20","nominal","2.0NRT",306.62,7.59,"D"
"7388",22.04,94.04326,338.36,0.5,0.41,"2026-02-15",639,"N20","nominal","2.0NRT",310.09,14.51,"D"
"7389",22.6257,97.55811,347.1,0.39,0.36,"2026-02-15",639,"N20","nominal","2.0NRT",316.77,14.53,"D"
"7390",22.62513,97.55439,333.24,0.39,0.36,"2026-02-15",639,"N20","nominal","2.0NRT",307.68,14.53,"D"
"7391",22.04456,94.04726,340.13,0.5,0.41,"2026-02-15",639,"N20","nominal","2.0NRT",307.49,3.71,"D"
"7392",22.629,97.55752,343.2,0.39,0.36,"2026-02-15",639,"N20","nominal","2.0NRT",306.15,14.53,"D"
"7393",22.70629,98.01653,333.47,0.38,0.36,"2026-02-15",639,"N20","nominal","2.0NRT",302.55,5.46,"D"
"7394",22.70572,98.01282,343.94,0.38,0.36,"2026-02-15",639,"N20","nominal","2.0NRT",309.9,5.46,"D"
"7395",22.83394,98.84562,342.79,0.39,0.36,"2026-02-15",639,"N20","nominal","2.0NRT",313.21,41.84,"D"
"7396",22.83339,98.84184,304.6,0.39,0.36,"2026-02-15",639,"N20","low","2.0NRT",309.32,29.96,"D"
"7397",22.83726,98.84511,343.86,0.39,0.36,"2026-02-15",639,"N20","nominal","2.0NRT",305.85,41.84,"D"
"7398",22.83671,98.84132,335.67,0.39,0.36,"2026-02-15",639,"N20","nominal","2.0NRT",308.78,29.96,"D"
"7399",22.84058,98.8446,330.24,0.39,0.36,"2026-02-15",639,"N20","nominal","2.0NRT",295.68,2.27,"D"
"7400",22.59351,97.22169,350.2,0.39,0.36,"2026-02-15",639,"N20","nominal","2.0NRT",310.4,10.84,"D"
"7401",22.42555,96.18557,330.84,0.41,0.37,"2026-02-15",639,"N20","low","2.0NRT",305.81,3.49,"D"
"7402",22.59742,97.22487,347.37,0.39,0.36,"2026-02-15",639,"N20","nominal","2.0NRT",310.8,10.84,"D"
"7403",22.59683,97.22114,354.16,0.39,0.36,"2026-02-15",639,"N20","nominal","2.0NRT",312.15,10.84,"D"
"7404",22.59624,97.21741,348.94,0.39,0.36,"2026-02-15",639,"N20","nominal","2.0NRT",313.2,5.3,"D"
"7405",22.59565,97.21368,343.3,0.39,0.36,"2026-02-15",639,"N20","nominal","2.0NRT",313.18,5.3,"D"
"7406",22.60073,97.2243,343.41,0.39,0.36,"2026-02-15",639,"N20","nominal","2.0NRT",309.54,15.51,"D"
"7407",22.60014,97.22057,349.97,0.39,0.36,"2026-02-15",639,"N20","nominal","2.0NRT",317.36,15.51,"D"
"7408",22.59955,97.21684,350.27,0.39,0.36,"2026-02-15",639,"N20","nominal","2.0NRT",313.03,7.64,"D"
"7409",22.60345,97.21999,347.13,0.39,0.36,"2026-02-15",639,"N20","nominal","2.0NRT",306.98,15.51,"D"
"7410",22.60286,97.21627,349.5,0.39,0.36,"2026-02-15",639,"N20","nominal","2.0NRT",311.32,7.64,"D"
"7411",22.60227,97.21254,343.44,0.39,0.36,"2026-02-15",639,"N20","nominal","2.0NRT",308.89,7.64,"D"
"7412",22.60676,97.21941,347.16,0.39,0.36,"2026-02-15",639,"N20","nominal","2.0NRT",305.25,9.24,"D"
"7413",22.60617,97.21569,341.25,0.39,0.36,"2026-02-15",639,"N20","nominal","2.0NRT",308.95,6.67,"D"
"7414",22.58391,97.05387,343.56,0.39,0.36,"2026-02-15",639,"N20","nominal","2.0NRT",311.65,3.97,"D"
"7415",22.49825,96.52204,338.64,0.4,0.37,"2026-02-15",639,"N20","low","2.0NRT",309.58,5.86,"D"
"7416",22.6833,97.6654,347.03,0.38,0.36,"2026-02-15",639,"N20","nominal","2.0NRT",309.96,7.94,"D"
"7417",23.55218,104.19783,342.22,0.45,0.47,"2026-02-15",639,"N20","nominal","2.0NRT",299.25,4.98,"D"
"7418",22.30537,95.30502,336.01,0.44,0.38,"2026-02-15",639,"N20","low","2.0NRT",308.67,5.72,"D"
"7419",22.30742,95.29592,345.65,0.44,0.38,"2026-02-15",639,"N20","nominal","2.0NRT",311.17,5.72,"D"
"7420",22.07664,93.98268,333.08,0.51,0.41,"2026-02-15",639,"N20","nominal","2.0NRT",306.28,6.18,"D"
"7421",22.6401,97.30155,346.95,0.39,0.36,"2026-02-15",639,"N20","nominal","2.0NRT",308.24,12.21,"D"
"7422",20.55336,86.49181,332.91,0.52,0.67,"2026-02-15",639,"N20","nominal","2.0NRT",302.36,3.72,"D"
"7423",23.57491,104.16811,337.59,0.45,0.47,"2026-02-15",639,"N20","nominal","2.0NRT",298.02,6.67,"D"
"7424",23.57442,104.1638,347.29,0.45,0.47,"2026-02-15",639,"N20","nominal","2.0NRT",298.77,6.67,"D"
"7425",23.57394,104.15952,344,0.45,0.47,"2026-02-15",639,"N20","nominal","2.0NRT",299.51,8.5,"D"
"7426",22.64884,97.2923,336.9,0.39,0.36,"2026-02-15",639,"N20","nominal","2.0NRT",305.59,2.84,"D"
"7427",22.10432,94.05104,331.28,0.5,0.41,"2026-02-15",639,"N20","low","2.0NRT",302.63,3.48,"D"
"7428",23.03094,99.83858,345.37,0.41,0.37,"2026-02-15",639,"N20","nominal","2.0NRT",301.83,6.29,"D"
"7429",24.28972,112.18105,330.95,0.73,0.76,"2026-02-15",639,"N20","nominal","2.0NRT",292.75,4.55,"D"
"7430",23.58923,104.17965,329.09,0.45,0.47,"2026-02-15",639,"N20","nominal","2.0NRT",298.1,3.73,"D"
"7431",22.6018,96.93051,333.18,0.39,0.36,"2026-02-15",639,"N20","nominal","2.0NRT",299.88,2.68,"D"
"7432",23.95399,107.64127,328.05,0.37,0.58,"2026-02-15",639,"N20","nominal","2.0NRT",294.3,1.49,"D"
"7433",23.60009,104.16058,330.91,0.45,0.47,"2026-02-15",639,"N20","low","2.0NRT",302.58,4.97,"D"
"7434",23.59808,104.14305,328.46,0.44,0.46,"2026-02-15",639,"N20","nominal","2.0NRT",295.83,2.65,"D"
"7435",22.42524,95.78253,332.54,0.42,0.38,"2026-02-15",639,"N20","low","2.0NRT",307.29,1.69,"D"
"7436",22.76875,97.91315,337.56,0.38,0.36,"2026-02-15",639,"N20","nominal","2.0NRT",303.41,3.99,"D"
"7437",22.91019,98.83305,327.83,0.39,0.36,"2026-02-15",639,"N20","low","2.0NRT",300.93,2.07,"D"
"7438",22.77204,97.91256,345.96,0.38,0.36,"2026-02-15",639,"N20","nominal","2.0NRT",303.24,3.99,"D"
"7439",22.06391,93.65289,327.87,0.53,0.42,"2026-02-15",639,"N20","nominal","2.0NRT",299.09,3.66,"D"
"7440",22.82919,98.22231,332.13,0.38,0.36,"2026-02-15",639,"N20","nominal","2.0NRT",296.72,4.63,"D"
"7441",23.62477,104.14886,328.72,0.45,0.47,"2026-02-15",639,"N20","low","2.0NRT",301.46,4.26,"D"
"7442",23.62904,104.1483,342.43,0.45,0.47,"2026-02-15",639,"N20","nominal","2.0NRT",302.86,8.24,"D"
"7443",22.29534,94.86378,333.54,0.46,0.39,"2026-02-15",639,"N20","nominal","2.0NRT",306.87,3.11,"D"
"7444",22.74209,97.58601,335.82,0.39,0.36,"2026-02-15",639,"N20","nominal","2.0NRT",306.25,3.42,"D"
"7445",22.50519,96.09689,339.53,0.41,0.37,"2026-02-15",639,"N20","low","2.0NRT",310.51,4.7,"D"
"7446",23.43853,102.51221,331.88,0.54,0.42,"2026-02-15",639,"N20","nominal","2.0NRT",298.16,2.12,"D"
"7447",23.19879,100.66743,335.95,0.44,0.38,"2026-02-15",639,"N20","nominal","2.0NRT",297.24,3.21,"D"
"7448",23.1999,100.66847,334.94,0.44,0.38,"2026-02-15",639,"N20","nominal","2.0NRT",297.23,3.96,"D"
"7449",23.62385,104.15055,331.39,0.45,0.47,"2026-02-15",639,"N20","nominal","2.0NRT",302.8,4.32,"D"
"7450",23.43694,102.51559,333.23,0.54,0.42,"2026-02-15",639,"N20","nominal","2.0NRT",300.33,4.72,"D"
"7451",23.62812,104.15,342.43,0.45,0.47,"2026-02-15",639,"N20","nominal","2.0NRT",304.93,4.32,"D"
"7452",22.93995,98.66611,332.36,0.39,0.36,"2026-02-15",639,"N20","nominal","2.0NRT",302.74,3.35,"D"
"7453",22.76319,97.47894,331.81,0.39,0.36,"2026-02-15",639,"N20","nominal","2.0NRT",304.55,2.83,"D"
"7454",22.51746,95.95598,333.55,0.41,0.37,"2026-02-15",639,"N20","nominal","2.0NRT",305.97,1.96,"D"
"7455",22.02766,93.18357,333.86,0.56,0.43,"2026-02-15",639,"N20","nominal","2.0NRT",294.72,3.76,"D"
"7456",23.47706,102.58757,328.01,0.54,0.42,"2026-02-15",639,"N20","low","2.0NRT",300.22,4.07,"D"
"7457",22.22228,94.1422,347.27,0.49,0.41,"2026-02-15",639,"N20","nominal","2.0NRT",308.64,8.59,"D"
"7458",22.55508,96.03474,333.39,0.41,0.37,"2026-02-15",639,"N20","nominal","2.0NRT",306.46,1.28,"D"
"7459",23.28734,100.89323,341.24,0.45,0.39,"2026-02-15",639,"N20","nominal","2.0NRT",297.37,6.17,"D"
"7460",22.8286,97.70435,342.87,0.38,0.36,"2026-02-15",639,"N20","nominal","2.0NRT",310.88,3.37,"D"
"7461",22.80156,97.5295,330.75,0.39,0.36,"2026-02-15",639,"N20","low","2.0NRT",304.76,2.55,"D"
"7462",23.51233,102.49082,347.59,0.53,0.42,"2026-02-15",639,"N20","nominal","2.0NRT",300.8,12.21,"D"
"7463",22.37682,94.83089,344.27,0.46,0.39,"2026-02-15",639,"N20","nominal","2.0NRT",305.89,6.48,"D"
"7464",23.57198,102.94221,339.16,0.57,0.43,"2026-02-15",639,"N20","nominal","2.0NRT",298.52,8.69,"D"
"7465",23.57124,102.93619,336.17,0.57,0.43,"2026-02-15",639,"N20","nominal","2.0NRT",298.34,5.43,"D"
"7466",23.57056,102.93063,334.01,0.57,0.43,"2026-02-15",639,"N20","nominal","2.0NRT",294.5,5.43,"D"
"7467",22.59846,96.12845,344.03,0.41,0.37,"2026-02-15",639,"N20","nominal","2.0NRT",307.86,6.02,"D"
"7468",22.58693,96.03683,336.1,0.41,0.37,"2026-02-15",639,"N20","nominal","2.0NRT",307.66,2.59,"D"
"7469",23.47262,102.02412,336.84,0.5,0.41,"2026-02-15",639,"N20","nominal","2.0NRT",302.91,25.68,"D"
"7470",22.55296,95.76706,337.09,0.42,0.38,"2026-02-15",639,"N20","nominal","2.0NRT",311.07,2.34,"D"
"7471",22.51639,95.54716,339.31,0.43,0.38,"2026-02-15",639,"N20","nominal","2.0NRT",309.76,4.6,"D"
"7472",22.58941,95.96671,348.53,0.41,0.37,"2026-02-15",639,"N20","nominal","2.0NRT",310.27,15.83,"D"
"7473",22.58876,95.96274,337.68,0.41,0.37,"2026-02-15",639,"N20","low","2.0NRT",310.78,15.83,"D"
"7474",22.93374,98.10503,340.37,0.38,0.36,"2026-02-15",639,"N20","nominal","2.0NRT",306.41,3.65,"D"
"7475",22.5949,95.95741,335.41,0.41,0.37,"2026-02-15",639,"N20","nominal","2.0NRT",302.76,4.33,"D"
"7476",22.59831,95.95677,335.68,0.41,0.37,"2026-02-15",639,"N20","low","2.0NRT",306.73,4.33,"D"
"7477",22.86786,97.60541,333.82,0.38,0.36,"2026-02-15",639,"N20","low","2.0NRT",306.79,4.17,"D"
"7478",22.86556,97.59055,345.93,0.38,0.36,"2026-02-15",639,"N20","nominal","2.0NRT",304.64,4.45,"D"
"7479",22.47137,95.08563,335.77,0.44,0.39,"2026-02-15",639,"N20","low","2.0NRT",310.23,2.11,"D"
"7480",22.61966,95.93661,335.58,0.41,0.37,"2026-02-15",639,"N20","nominal","2.0NRT",308.65,3.7,"D"
"7481",22.619,95.93264,345.91,0.41,0.37,"2026-02-15",639,"N20","nominal","2.0NRT",309.95,3.7,"D"
"7482",22.30581,94.06337,337.13,0.5,0.41,"2026-02-15",639,"N20","nominal","2.0NRT",306.9,4.56,"D"
"7483",22.57856,95.60755,334.26,0.42,0.38,"2026-02-15",639,"N20","low","2.0NRT",309.16,2.34,"D"
"7484",22.59369,95.61302,340.1,0.42,0.38,"2026-02-15",639,"N20","low","2.0NRT",310.38,7.1,"D"
"7485",22.58474,95.53871,336.66,0.43,0.38,"2026-02-15",639,"N20","nominal","2.0NRT",311.01,11.63,"D"
"7486",23.79244,104.08015,328.88,0.44,0.46,"2026-02-15",639,"N20","nominal","2.0NRT",299.84,3.09,"D"
"7487",22.96499,97.86292,343.39,0.38,0.36,"2026-02-15",639,"N20","nominal","2.0NRT",301.26,2.97,"D"
"7488",22.96828,97.86233,330.59,0.38,0.36,"2026-02-15",639,"N20","nominal","2.0NRT",297.3,2.97,"D"
"7489",23.10421,98.74541,332.87,0.39,0.36,"2026-02-15",639,"N20","nominal","2.0NRT",304.58,3.35,"D"
"7490",22.68754,96.07163,334.31,0.41,0.37,"2026-02-15",639,"N20","low","2.0NRT",305.8,2.18,"D"
"7491",22.69909,96.05686,335.56,0.41,0.37,"2026-02-15",639,"N20","low","2.0NRT",309.03,3.6,"D"
"7492",22.5498,95.16246,337.04,0.44,0.38,"2026-02-15",639,"N20","low","2.0NRT",310.5,3.11,"D"
"7493",22.53097,95.05175,335.83,0.45,0.39,"2026-02-15",639,"N20","nominal","2.0NRT",309.98,1.96,"D"
"7494",22.64433,95.70396,335.88,0.42,0.38,"2026-02-15",639,"N20","low","2.0NRT",309.53,5.53,"D"
"7495",23.0258,98.08485,335.45,0.38,0.36,"2026-02-15",639,"N20","low","2.0NRT",306.41,5.88,"D"
"7496",22.55465,95.14838,336.99,0.44,0.38,"2026-02-15",639,"N20","low","2.0NRT",310,2.63,"D"
"7497",23.82801,104.0138,341.08,0.44,0.46,"2026-02-15",639,"N20","nominal","2.0NRT",301.02,7.51,"D"
"7498",23.87911,104.4188,340.11,0.47,0.47,"2026-02-15",639,"N20","nominal","2.0NRT",297.93,3.52,"D"
"7499",22.60401,95.37708,336.9,0.43,0.38,"2026-02-15",639,"N20","nominal","2.0NRT",310.35,3.74,"D"
"7500",22.93446,97.40192,350.19,0.39,0.36,"2026-02-15",639,"N20","nominal","2.0NRT",309.57,9.26,"D"
"7501",22.93776,97.40132,351.76,0.39,0.36,"2026-02-15",639,"N20","nominal","2.0NRT",309.18,9.26,"D"
"7502",22.72409,96.06027,333.64,0.41,0.37,"2026-02-15",639,"N20","low","2.0NRT",306.15,1.86,"D"
"7503",22.69932,95.90894,334.54,0.41,0.37,"2026-02-15",639,"N20","low","2.0NRT",307.24,1.76,"D"
"7504",22.72434,96.05679,334.81,0.41,0.37,"2026-02-15",639,"N20","nominal","2.0NRT",305.78,2.97,"D"
"7505",23.00018,97.75747,350.16,0.38,0.36,"2026-02-15",639,"N20","nominal","2.0NRT",306.04,8.29,"D"
"7506",22.70312,95.90899,333.3,0.41,0.37,"2026-02-15",639,"N20","low","2.0NRT",306.33,4.54,"D"
"7507",23.82727,104.01096,339.06,0.44,0.46,"2026-02-15",639,"N20","nominal","2.0NRT",300.23,7.09,"D"
"7508",23.05437,98.06846,330.56,0.38,0.36,"2026-02-15",639,"N20","low","2.0NRT",301.43,2.73,"D"
"7509",23.00162,97.72285,343.06,0.38,0.36,"2026-02-15",639,"N20","nominal","2.0NRT",306.14,9,"D"
"7510",23.00105,97.71913,335.37,0.38,0.36,"2026-02-15",639,"N20","low","2.0NRT",306.9,4.91,"D"
"7511",22.58436,95.17004,347.6,0.44,0.38,"2026-02-15",639,"N20","nominal","2.0NRT",311.55,7.43,"D"
"7512",23.51161,101.31834,333.02,0.47,0.4,"2026-02-15",639,"N20","nominal","2.0NRT",299.76,3.46,"D"
"7513",22.72,95.94696,333.55,0.41,0.37,"2026-02-15",639,"N20","low","2.0NRT",308.13,4.6,"D"
"7514",22.62172,95.36613,337.16,0.43,0.38,"2026-02-15",639,"N20","nominal","2.0NRT",308.82,1.28,"D"
"7515",23.87983,104.41594,339.04,0.47,0.47,"2026-02-15",639,"N20","nominal","2.0NRT",297.82,2.82,"D"
"7516",22.72406,95.95026,348.28,0.41,0.37,"2026-02-15",639,"N20","nominal","2.0NRT",308.6,4.6,"D"
"7517",22.72339,95.94628,345.04,0.41,0.37,"2026-02-15",639,"N20","nominal","2.0NRT",308.55,4.6,"D"
"7518",22.72272,95.94228,340.4,0.41,0.37,"2026-02-15",639,"N20","nominal","2.0NRT",310,6.5,"D"
"7519",22.66308,95.58781,336.08,0.42,0.38,"2026-02-15",639,"N20","low","2.0NRT",309.21,2.38,"D"
"7520",23.88522,104.42493,330.12,0.47,0.48,"2026-02-15",639,"N20","nominal","2.0NRT",299.5,3.98,"D"
"7521",22.72678,95.94559,344.85,0.41,0.37,"2026-02-15",639,"N20","nominal","2.0NRT",307.66,7.26,"D"
"7522",22.72612,95.94159,340,0.41,0.37,"2026-02-15",639,"N20","nominal","2.0NRT",305.64,4.92,"D"
"7523",22.50402,94.62606,334.94,0.46,0.39,"2026-02-15",639,"N20","nominal","2.0NRT",304.82,3.37,"D"
"7524",23.26862,99.36582,335.7,0.4,0.37,"2026-02-15",639,"N20","nominal","2.0NRT",305.07,6.41,"D"
"7525",22.6775,95.547,338.61,0.43,0.38,"2026-02-15",639,"N20","nominal","2.0NRT",310.69,1.98,"D"
"7526",22.77109,96.04386,332.98,0.41,0.37,"2026-02-15",639,"N20","low","2.0NRT",307.29,1.99,"D"
"7527",22.77711,96.05916,331.14,0.41,0.37,"2026-02-15",639,"N20","low","2.0NRT",305.97,3.44,"D"
"7528",22.61324,95.0854,335.71,0.44,0.39,"2026-02-15",639,"N20","nominal","2.0NRT",309.55,1.91,"D"
"7529",24.1411,106.46774,327.28,0.63,0.54,"2026-02-15",639,"N20","nominal","2.0NRT",297.26,5.57,"D"
"7530",23.92878,104.33875,352.81,0.46,0.47,"2026-02-15",639,"N20","nominal","2.0NRT",296.9,17.12,"D"
"7531",22.78944,96.02803,331.56,0.41,0.37,"2026-02-15",639,"N20","low","2.0NRT",305.82,6.02,"D"
"7532",22.79282,96.02735,343.26,0.41,0.37,"2026-02-15",639,"N20","nominal","2.0NRT",307.48,6.02,"D"
"7533",24.00537,104.78803,353.53,0.49,0.49,"2026-02-15",639,"N20","nominal","2.0NRT",298.76,9.57,"D"
"7534",22.81144,96.07697,344.04,0.41,0.37,"2026-02-15",639,"N20","nominal","2.0NRT",306.7,3.1,"D"
"7535",23.00566,97.24754,337.06,0.39,0.36,"2026-02-15",639,"N20","nominal","2.0NRT",302.24,2.98,"D"
"7536",23.57893,101.15784,338.92,0.46,0.39,"2026-02-15",639,"N20","nominal","2.0NRT",305.85,5.29,"D"
"7537",22.73743,95.52256,337.3,0.43,0.38,"2026-02-15",639,"N20","nominal","2.0NRT",310.53,2.32,"D"
"7538",22.836,96.05211,335.54,0.41,0.37,"2026-02-15",639,"N20","low","2.0NRT",307.77,1.95,"D"
"7539",22.84953,96.04954,332.22,0.41,0.37,"2026-02-15",639,"N20","low","2.0NRT",304.94,3.67,"D"
"7540",22.84822,96.04163,331.36,0.41,0.37,"2026-02-15",639,"N20","low","2.0NRT",306.08,1.33,"D"
"7541",22.76104,95.52275,338.67,0.43,0.38,"2026-02-15",639,"N20","low","2.0NRT",310.1,3.3,"D"
"7542",24.0289,104.77184,335.53,0.49,0.49,"2026-02-15",639,"N20","nominal","2.0NRT",297.44,3.38,"D"
"7543",23.28011,98.76525,327.11,0.39,0.36,"2026-02-15",639,"N20","nominal","2.0NRT",294.86,0.96,"D"
"7544",22.80227,95.72477,336.46,0.42,0.38,"2026-02-15",639,"N20","low","2.0NRT",310.49,2.08,"D"
"7545",23.99059,104.32818,328.55,0.46,0.47,"2026-02-15",639,"N20","nominal","2.0NRT",296.3,4.18,"D"
"7546",23.93059,103.78315,333.47,0.43,0.46,"2026-02-15",639,"N20","nominal","2.0NRT",302.3,2.2,"D"
"7547",23.93099,103.74889,333.02,0.43,0.46,"2026-02-15",639,"N20","nominal","2.0NRT",299.76,2.43,"D"
"7548",22.8439,95.93155,344.27,0.41,0.37,"2026-02-15",639,"N20","nominal","2.0NRT",309.77,4.5,"D"
"7549",22.73683,95.29685,338.27,0.43,0.38,"2026-02-15",639,"N20","nominal","2.0NRT",311.78,6.07,"D"
"7550",23.93518,103.74834,331.36,0.43,0.46,"2026-02-15",639,"N20","nominal","2.0NRT",301.47,1.4,"D"
"7551",23.94777,103.78458,334.67,0.43,0.46,"2026-02-15",639,"N20","nominal","2.0NRT",303.32,3.24,"D"
"7552",22.78929,95.5426,338.6,0.42,0.38,"2026-02-15",639,"N20","low","2.0NRT",310.49,6.16,"D"
"7553",24.05089,104.68085,337.34,0.49,0.48,"2026-02-15",639,"N20","nominal","2.0NRT",298.7,5.56,"D"
"7554",23.99998,104.21332,338.51,0.45,0.47,"2026-02-15",639,"N20","nominal","2.0NRT",295.77,3.07,"D"
"7555",23.3343,98.99733,334.7,0.39,0.36,"2026-02-15",639,"N20","nominal","2.0NRT",298.29,2.91,"D"
"7556",24.05533,104.68023,332.3,0.49,0.48,"2026-02-15",639,"N20","nominal","2.0NRT",298.13,3.64,"D"
"7557",22.814,95.62622,339.63,0.42,0.38,"2026-02-15",639,"N20","nominal","2.0NRT",309.9,3.46,"D"
"7558",22.74966,95.20348,334.56,0.44,0.38,"2026-02-15",639,"N20","low","2.0NRT",308.51,4.14,"D"
"7559",24.00214,103.99984,349.18,0.44,0.46,"2026-02-15",639,"N20","nominal","2.0NRT",298.88,8.11,"D"
"7560",23.0111,96.74463,335.44,0.39,0.36,"2026-02-15",639,"N20","nominal","2.0NRT",303.26,5.94,"D"
"7561",24.04258,104.28085,346.99,0.46,0.47,"2026-02-15",639,"N20","nominal","2.0NRT",297.78,6.78,"D"
"7562",24.04744,104.28501,338.18,0.46,0.47,"2026-02-15",639,"N20","nominal","2.0NRT",298.54,4.06,"D"
"7563",22.22943,92.2038,329.01,0.42,0.45,"2026-02-15",639,"N20","nominal","2.0NRT",300.15,2.06,"D"
"7564",24.16386,105.3076,327.76,0.53,0.5,"2026-02-15",639,"N20","nominal","2.0NRT",295.39,2.11,"D"
"7565",23.21575,97.97086,331.43,0.38,0.36,"2026-02-15",639,"N20","nominal","2.0NRT",299.97,2.73,"D"
"7566",23.0196,96.71222,330.34,0.39,0.36,"2026-02-15",639,"N20","nominal","2.0NRT",296.35,1.82,"D"
"7567",22.82781,95.53927,334.34,0.42,0.38,"2026-02-15",639,"N20","nominal","2.0NRT",307.69,1.23,"D"
"7568",20.90258,85.86372,334.87,0.56,0.69,"2026-02-15",639,"N20","nominal","2.0NRT",301.37,4.75,"D"
"7569",23.67857,101.20596,333.57,0.46,0.39,"2026-02-15",639,"N20","nominal","2.0NRT",300.35,5.89,"D"
"7570",23.68814,101.25057,329.95,0.47,0.39,"2026-02-15",639,"N20","nominal","2.0NRT",297.63,3.97,"D"
"7571",24.20464,105.55833,339.33,0.55,0.51,"2026-02-15",639,"N20","nominal","2.0NRT",296.59,5.64,"D"
"7572",24.09904,104.58665,342.84,0.48,0.48,"2026-02-15",639,"N20","nominal","2.0NRT",303.04,4.05,"D"
"7573",20.96179,86.00829,336.2,0.55,0.68,"2026-02-15",639,"N20","nominal","2.0NRT",301.61,4.21,"D"
"7574",24.23482,105.75354,337.18,0.57,0.52,"2026-02-15",639,"N20","nominal","2.0NRT",294.45,6.03,"D"
"7575",24.10472,104.55735,333.36,0.48,0.48,"2026-02-15",639,"N20","nominal","2.0NRT",301.35,5.49,"D"
"7576",24.28267,106.16715,336.61,0.61,0.53,"2026-02-15",639,"N20","nominal","2.0NRT",295.8,6.51,"D"
"7577",22.49953,93.5157,335.76,0.53,0.42,"2026-02-15",639,"N20","nominal","2.0NRT",301.27,5.57,"D"
"7578",22.93338,96.02895,337.32,0.41,0.37,"2026-02-15",639,"N20","nominal","2.0NRT",307.02,3.93,"D"
"7579",22.93741,96.03224,335.31,0.41,0.37,"2026-02-15",639,"N20","low","2.0NRT",306.79,3.93,"D"
"7580",22.87761,95.66828,336.03,0.42,0.38,"2026-02-15",639,"N20","nominal","2.0NRT",310.53,2.12,"D"
"7581",22.86076,95.56657,335.91,0.42,0.38,"2026-02-15",639,"N20","nominal","2.0NRT",309.2,1.79,"D"
"7582",22.86344,95.56636,334.47,0.42,0.38,"2026-02-15",639,"N20","low","2.0NRT",308.31,3.53,"D"
"7583",22.49848,93.51317,327.93,0.53,0.42,"2026-02-15",639,"N20","nominal","2.0NRT",301.43,4.4,"D"
"7584",24.09866,104.58781,339.95,0.48,0.48,"2026-02-15",639,"N20","nominal","2.0NRT",301.13,2.93,"D"
"7585",24.06844,104.30116,330.44,0.46,0.47,"2026-02-15",639,"N20","nominal","2.0NRT",299.25,3.83,"D"
"7586",24.20666,105.56111,348.3,0.55,0.51,"2026-02-15",639,"N20","nominal","2.0NRT",296.8,9.89,"D"
"7587",24.10453,104.55832,332.3,0.48,0.48,"2026-02-15",639,"N20","nominal","2.0NRT",301.62,4.66,"D"
"7588",22.91066,95.7621,343.41,0.42,0.37,"2026-02-15",639,"N20","nominal","2.0NRT",314.32,14.97,"D"
"7589",24.23489,105.75096,329.91,0.57,0.52,"2026-02-15",639,"N20","nominal","2.0NRT",294.78,3.89,"D"
"7590",20.901,85.86574,336.97,0.56,0.69,"2026-02-15",639,"N20","nominal","2.0NRT",302.17,3.36,"D"
"7591",24.27978,106.16519,337.87,0.61,0.53,"2026-02-15",639,"N20","nominal","2.0NRT",295.23,6.38,"D"
"7592",24.12851,104.65796,338.6,0.49,0.48,"2026-02-15",639,"N20","nominal","2.0NRT",296.03,5.43,"D"
"7593",24.12803,104.65347,339.36,0.49,0.48,"2026-02-15",639,"N20","nominal","2.0NRT",298.25,7.12,"D"
"7594",22.91883,95.76881,336.9,0.42,0.37,"2026-02-15",639,"N20","nominal","2.0NRT",310.14,2.05,"D"
"7595",22.91546,95.74872,348.19,0.42,0.37,"2026-02-15",639,"N20","nominal","2.0NRT",314.81,4.36,"D"
"7596",24.12784,104.44247,339.15,0.47,0.48,"2026-02-15",639,"N20","nominal","2.0NRT",296.81,3.53,"D"
"7597",22.92847,95.72123,338.02,0.42,0.38,"2026-02-15",639,"N20","nominal","2.0NRT",312.82,2.41,"D"
"7598",20.79513,85.25461,330.02,0.62,0.71,"2026-02-15",639,"N20","nominal","2.0NRT",301.24,5.12,"D"
"7599",22.98225,96.02354,337.98,0.41,0.37,"2026-02-15",639,"N20","nominal","2.0NRT",306,2.3,"D"
"7600",24.32637,106.2867,348.2,0.62,0.54,"2026-02-15",639,"N20","nominal","2.0NRT",296.4,14.43,"D"
"7601",23.00261,96.12598,339.17,0.41,0.37,"2026-02-15",639,"N20","nominal","2.0NRT",305.58,3.61,"D"
"7602",22.95803,95.85623,336.99,0.41,0.37,"2026-02-15",639,"N20","nominal","2.0NRT",311.4,2.54,"D"
"7603",22.97986,95.9668,343.53,0.41,0.37,"2026-02-15",639,"N20","nominal","2.0NRT",309.82,6.7,"D"
"7604",22.9528,95.8037,341.38,0.42,0.37,"2026-02-15",639,"N20","nominal","2.0NRT",308.64,5.01,"D"
"7605",24.06001,103.67786,352.81,0.42,0.45,"2026-02-15",639,"N20","nominal","2.0NRT",300.38,10.5,"D"
"7606",23.87864,102.12752,326.86,0.52,0.41,"2026-02-15",639,"N20","nominal","2.0NRT",300.67,4,"D"
"7607",22.98676,95.94509,337.39,0.41,0.37,"2026-02-15",639,"N20","nominal","2.0NRT",309.35,5.66,"D"
"7608",23.12536,96.7777,333.66,0.39,0.36,"2026-02-15",639,"N20","low","2.0NRT",307.7,3.14,"D"
"7609",23.12807,96.77328,335.53,0.39,0.36,"2026-02-15",639,"N20","low","2.0NRT",305.96,4.16,"D"
"7610",23.14588,96.77773,334.33,0.39,0.36,"2026-02-15",639,"N20","low","2.0NRT",305.26,2.71,"D"
"7611",22.96751,95.6803,338.1,0.42,0.38,"2026-02-15",639,"N20","nominal","2.0NRT",312.97,4,"D"
"7612",23.00929,95.91194,337.61,0.41,0.37,"2026-02-15",639,"N20","nominal","2.0NRT",308.05,2.97,"D"
"7613",23.15311,96.78015,333.01,0.39,0.36,"2026-02-15",639,"N20","low","2.0NRT",306.31,2.32,"D"
"7614",23.03475,96.04591,341.26,0.41,0.37,"2026-02-15",639,"N20","nominal","2.0NRT",309.3,3.19,"D"
"7615",22.9837,95.73547,339.02,0.42,0.37,"2026-02-15",639,"N20","low","2.0NRT",313.64,9.24,"D"
"7616",22.96964,95.6506,341.02,0.42,0.38,"2026-02-15",639,"N20","nominal","2.0NRT",309.43,1.39,"D"
"7617",22.70215,94.08482,332.84,0.49,0.4,"2026-02-15",639,"N20","low","2.0NRT",306.47,2.49,"D"
"7618",22.60012,93.51089,333.75,0.53,0.42,"2026-02-15",639,"N20","nominal","2.0NRT",298.76,7.83,"D"
"7619",22.97709,95.67424,335.42,0.42,0.38,"2026-02-15",639,"N20","nominal","2.0NRT",310.14,2.26,"D"
"7620",22.97239,95.64588,339.52,0.42,0.38,"2026-02-15",639,"N20","nominal","2.0NRT",312.8,3.28,"D"
"7621",24.22364,104.62173,328.74,0.48,0.48,"2026-02-15",639,"N20","nominal","2.0NRT",294.03,2.2,"D"
"7622",22.71023,94.04416,343.1,0.49,0.4,"2026-02-15",639,"N20","nominal","2.0NRT",308.69,6.96,"D"
"7623",23.00942,95.7642,339.24,0.42,0.37,"2026-02-15",639,"N20","nominal","2.0NRT",310.53,3.89,"D"
"7624",22.71292,94.04558,333.37,0.49,0.4,"2026-02-15",639,"N20","low","2.0NRT",307.1,6.11,"D"
"7625",22.71207,94.04087,348.69,0.49,0.4,"2026-02-15",639,"N20","nominal","2.0NRT",306.66,6.11,"D"
"7626",22.91495,95.16781,348.25,0.44,0.38,"2026-02-15",639,"N20","nominal","2.0NRT",307.02,10.79,"D"
"7627",23.05092,95.94936,338.05,0.41,0.37,"2026-02-15",639,"N20","low","2.0NRT",309.28,3.58,"D"
"7628",23.8658,101.5,329.07,0.48,0.4,"2026-02-15",639,"N20","nominal","2.0NRT",294.79,2.41,"D"
"7629",24.22873,104.59512,336,0.48,0.48,"2026-02-15",639,"N20","nominal","2.0NRT",297.98,3.68,"D"
"7630",23.86952,101.49983,332.02,0.48,0.4,"2026-02-15",639,"N20","nominal","2.0NRT",295.61,2.41,"D"
"7631",24.39871,106.24551,334,0.62,0.54,"2026-02-15",639,"N20","nominal","2.0NRT",294.67,6.66,"D"
"7632",23.09116,96.12914,338.02,0.41,0.37,"2026-02-15",639,"N20","nominal","2.0NRT",305.07,4.85,"D"
"7633",23.41638,98.08359,330.11,0.38,0.36,"2026-02-15",639,"N20","low","2.0NRT",303.19,3.55,"D"
"7634",23.09173,96.02704,337.46,0.41,0.37,"2026-02-15",639,"N20","nominal","2.0NRT",310.26,3.68,"D"
"7635",23.09588,96.00991,337.45,0.41,0.37,"2026-02-15",639,"N20","nominal","2.0NRT",308.75,2.17,"D"
"7636",22.96319,95.19729,336.56,0.44,0.38,"2026-02-15",639,"N20","nominal","2.0NRT",307.49,2.77,"D"
"7637",24.43847,106.19173,327.04,0.61,0.54,"2026-02-15",639,"N20","nominal","2.0NRT",296.61,3.06,"D"
"7638",23.47489,98.38399,330.9,0.39,0.36,"2026-02-15",639,"N20","nominal","2.0NRT",297.45,2.31,"D"
"7639",23.6572,99.61933,335.56,0.41,0.37,"2026-02-15",639,"N20","nominal","2.0NRT",300.95,20.24,"D"
"7640",23.47818,98.38338,350.15,0.39,0.36,"2026-02-15",639,"N20","nominal","2.0NRT",302.28,9.51,"D"
"7641",23.48147,98.38276,344.79,0.39,0.36,"2026-02-15",639,"N20","nominal","2.0NRT",303.03,9.51,"D"
"7642",22.69979,93.61059,331.28,0.52,0.41,"2026-02-15",639,"N20","nominal","2.0NRT",303.99,3.88,"D"
"7643",23.89229,101.27246,330.56,0.47,0.4,"2026-02-15",639,"N20","nominal","2.0NRT",295.95,3.05,"D"
"7644",23.88564,101.22171,332.35,0.47,0.4,"2026-02-15",639,"N20","nominal","2.0NRT",296.23,2.53,"D"
"7645",23.05675,95.62572,337.55,0.42,0.38,"2026-02-15",639,"N20","low","2.0NRT",309.13,3.12,"D"
"7646",23.32382,97.23878,343.2,0.39,0.36,"2026-02-15",639,"N20","nominal","2.0NRT",297.54,4.16,"D"
"7647",23.11543,95.91655,344.06,0.41,0.37,"2026-02-15",639,"N20","nominal","2.0NRT",308.5,5.94,"D"
"7648",20.95097,85.05113,333.46,0.63,0.72,"2026-02-15",639,"N20","nominal","2.0NRT",300.53,4.04,"D"
"7649",23.05286,95.47488,334.51,0.42,0.38,"2026-02-15",639,"N20","low","2.0NRT",307.43,2.9,"D"
"7650",23.0638,95.51926,334.97,0.42,0.38,"2026-02-15",639,"N20","nominal","2.0NRT",307.15,3.59,"D"
"7651",23.18991,96.26681,339.21,0.4,0.37,"2026-02-15",639,"N20","nominal","2.0NRT",303.13,3.44,"D"
"7652",23.13755,95.94487,338.17,0.41,0.37,"2026-02-15",639,"N20","low","2.0NRT",308.63,4.57,"D"
"7653",23.13316,95.89675,334.26,0.41,0.37,"2026-02-15",639,"N20","nominal","2.0NRT",307.17,1.34,"D"
"7654",23.35584,97.20216,330.16,0.39,0.36,"2026-02-15",639,"N20","nominal","2.0NRT",296.47,1.98,"D"
"7655",23.13574,95.71966,339.28,0.42,0.37,"2026-02-15",639,"N20","low","2.0NRT",309.9,3.83,"D"
"7656",23.13507,95.71563,346.09,0.42,0.37,"2026-02-15",639,"N20","nominal","2.0NRT",311.2,6.35,"D"
"7657",23.13439,95.7116,339.92,0.42,0.37,"2026-02-15",639,"N20","nominal","2.0NRT",310.38,6.35,"D"
"7658",23.13982,95.72301,333.85,0.42,0.37,"2026-02-15",639,"N20","low","2.0NRT",305.68,56.44,"D"
"7659",20.95041,85.05091,332.92,0.63,0.72,"2026-02-15",639,"N20","nominal","2.0NRT",299.89,3.79,"D"
"7660",23.71845,99.45605,326.33,0.4,0.37,"2026-02-15",639,"N20","nominal","2.0NRT",295.6,2.11,"D"
"7661",23.15341,95.74117,335.31,0.42,0.37,"2026-02-15",639,"N20","low","2.0NRT",309.81,14.02,"D"
"7662",23.089,95.35828,334.17,0.43,0.38,"2026-02-15",639,"N20","nominal","2.0NRT",306.7,1.5,"D"
"7663",23.15681,95.74049,334.07,0.42,0.37,"2026-02-15",639,"N20","low","2.0NRT",306.41,4.01,"D"
"7664",23.15614,95.73646,339.54,0.42,0.37,"2026-02-15",639,"N20","nominal","2.0NRT",308.9,5.51,"D"
"7665",23.14875,95.69221,347.13,0.42,0.37,"2026-02-15",639,"N20","nominal","2.0NRT",310.42,6.08,"D"
"7666",20.76614,84.03336,332.11,0.74,0.76,"2026-02-15",639,"N20","nominal","2.0NRT",298.46,2.23,"D"
"7667",23.18272,95.72712,338.67,0.42,0.37,"2026-02-15",639,"N20","nominal","2.0NRT",307.15,3.69,"D"
"7668",23.18205,95.72308,332.4,0.42,0.37,"2026-02-15",639,"N20","nominal","2.0NRT",306.2,2.46,"D"
"7669",23.62195,98.50545,337.92,0.39,0.36,"2026-02-15",639,"N20","nominal","2.0NRT",298.63,4.14,"D"
"7670",23.62469,98.50106,336.67,0.39,0.36,"2026-02-15",639,"N20","nominal","2.0NRT",297.6,4.27,"D"
"7671",23.22568,95.94496,343.24,0.41,0.37,"2026-02-15",639,"N20","nominal","2.0NRT",306.75,5.28,"D"
"7672",23.22502,95.94097,344.63,0.41,0.37,"2026-02-15",639,"N20","nominal","2.0NRT",308.01,5.28,"D"
"7673",23.15382,95.51101,342.63,0.42,0.38,"2026-02-15",639,"N20","nominal","2.0NRT",309.75,4.55,"D"
"7674",23.22984,95.92779,348.54,0.41,0.37,"2026-02-15",639,"N20","nominal","2.0NRT",312.96,6.05,"D"
"7675",23.2292,95.92386,339.91,0.41,0.37,"2026-02-15",639,"N20","nominal","2.0NRT",308.67,6.05,"D"
"7676",23.22659,95.908,335.13,0.41,0.37,"2026-02-15",639,"N20","low","2.0NRT",309.33,3.02,"D"
"7677",23.19129,95.60871,338.83,0.42,0.38,"2026-02-15",639,"N20","nominal","2.0NRT",308.68,27.26,"D"
"7678",23.19061,95.60465,335.34,0.42,0.38,"2026-02-15",639,"N20","low","2.0NRT",309.61,5.19,"D"
"7679",23.19403,95.60398,337.5,0.42,0.38,"2026-02-15",639,"N20","low","2.0NRT",311.19,5.19,"D"
"7680",23.25744,95.96375,330.93,0.41,0.37,"2026-02-15",639,"N20","low","2.0NRT",303.09,1.33,"D"
"7681",23.21753,95.70445,333.08,0.42,0.37,"2026-02-15",639,"N20","low","2.0NRT",305.76,2.24,"D"
"7682",23.22025,95.67879,334.45,0.42,0.37,"2026-02-15",639,"N20","low","2.0NRT",307.28,19.16,"D"
"7683",20.76542,84.03255,329.23,0.74,0.76,"2026-02-15",639,"N20","nominal","2.0NRT",298.48,6.16,"D"
"7684",23.22365,95.67809,346.09,0.42,0.37,"2026-02-15",639,"N20","nominal","2.0NRT",307.61,19.16,"D"
"7685",23.30965,96.13213,339.37,0.4,0.37,"2026-02-15",639,"N20","nominal","2.0NRT",306.26,4.51,"D"
"7686",23.23048,95.65587,339.61,0.42,0.37,"2026-02-15",639,"N20","nominal","2.0NRT",308.38,4.15,"D"
"7687",22.52743,91.77204,340.37,0.44,0.46,"2026-02-15",639,"N20","nominal","2.0NRT",302.52,4.55,"D"
"7688",23.2662,95.80635,337.76,0.41,0.37,"2026-02-15",639,"N20","nominal","2.0NRT",307.37,4.1,"D"
"7689",23.2504,95.56412,344.06,0.42,0.38,"2026-02-15",639,"N20","nominal","2.0NRT",307.2,5.54,"D"
"7690",23.75826,98.76412,348.07,0.39,0.36,"2026-02-15",639,"N20","nominal","2.0NRT",298.35,13.28,"D"
"7691",23.7577,98.76032,330.26,0.39,0.36,"2026-02-15",639,"N20","nominal","2.0NRT",297.81,2.6,"D"
"7692",23.34633,96.08059,333.38,0.41,0.37,"2026-02-15",639,"N20","nominal","2.0NRT",302.98,1.78,"D"
"7693",23.25522,95.52954,334.44,0.42,0.38,"2026-02-15",639,"N20","low","2.0NRT",308.36,2.36,"D"
"7694",24.57243,105.08595,327.69,0.52,0.5,"2026-02-15",639,"N20","nominal","2.0NRT",294.89,2.74,"D"
"7695",20.91998,84.04077,338.09,0.73,0.76,"2026-02-15",639,"N20","nominal","2.0NRT",297.91,5.72,"D"
"7696",23.40615,96.27819,335.57,0.4,0.37,"2026-02-15",639,"N20","nominal","2.0NRT",304.85,4.92,"D"
"7697",23.34235,95.88611,334.97,0.41,0.37,"2026-02-15",639,"N20","low","2.0NRT",306.03,4.97,"D"
"7698",23.34169,95.88205,332.49,0.41,0.37,"2026-02-15",639,"N20","nominal","2.0NRT",306.44,2.11,"D"
"7699",23.412,96.29305,338.82,0.4,0.37,"2026-02-15",639,"N20","low","2.0NRT",312.37,19.87,"D"
"7700",23.41535,96.29241,340.53,0.4,0.37,"2026-02-15",639,"N20","nominal","2.0NRT",305.75,19.87,"D"
"7701",23.35341,95.88475,340.91,0.41,0.37,"2026-02-15",639,"N20","nominal","2.0NRT",307.53,5.48,"D"
"7702",23.42218,96.27967,340.2,0.4,0.37,"2026-02-15",639,"N20","nominal","2.0NRT",302.41,3.94,"D"
"7703",23.35815,95.89222,339.21,0.41,0.37,"2026-02-15",639,"N20","nominal","2.0NRT",306.61,4.86,"D"
"7704",23.35678,95.88406,331.23,0.41,0.37,"2026-02-15",639,"N20","low","2.0NRT",303.69,3.34,"D"
"7705",23.27789,95.41627,335.32,0.42,0.38,"2026-02-15",639,"N20","low","2.0NRT",305.97,1.74,"D"
"7706",20.92039,84.04157,332.49,0.73,0.76,"2026-02-15",639,"N20","nominal","2.0NRT",297.93,7.04,"D"
"7707",23.46868,96.37446,343.61,0.4,0.37,"2026-02-15",639,"N20","nominal","2.0NRT",305.7,4.94,"D"
"7708",20.90321,83.88486,340.44,0.75,0.77,"2026-02-15",639,"N20","nominal","2.0NRT",298.74,8.45,"D"
"7709",23.56759,96.90611,328.48,0.39,0.36,"2026-02-15",639,"N20","nominal","2.0NRT",303.41,1.96,"D"
"7710",23.07835,94.00051,331.32,0.49,0.4,"2026-02-15",639,"N20","nominal","2.0NRT",303.21,3.61,"D"
"7711",23.78109,98.16107,335.43,0.39,0.36,"2026-02-15",639,"N20","nominal","2.0NRT",296.15,5.05,"D"
"7712",23.3665,95.52122,332.47,0.42,0.38,"2026-02-15",639,"N20","nominal","2.0NRT",303.94,2.08,"D"
"7713",23.36582,95.51716,334.95,0.42,0.38,"2026-02-15",639,"N20","nominal","2.0NRT",306.44,2.08,"D"
"7714",23.36514,95.51308,334.64,0.42,0.38,"2026-02-15",639,"N20","nominal","2.0NRT",304.06,2.46,"D"
"7715",23.54941,96.61998,340.58,0.39,0.36,"2026-02-15",639,"N20","nominal","2.0NRT",303.24,2.83,"D"
"7716",23.37669,95.56114,339.15,0.42,0.38,"2026-02-15",639,"N20","nominal","2.0NRT",303.93,5.43,"D"
"7717",23.21106,94.56429,332.18,0.46,0.39,"2026-02-15",639,"N20","nominal","2.0NRT",301.84,4.58,"D"
"7718",23.3788,95.53139,342.81,0.42,0.38,"2026-02-15",639,"N20","nominal","2.0NRT",305.29,3.76,"D"
"7719",23.38432,95.50085,334.42,0.42,0.38,"2026-02-15",639,"N20","low","2.0NRT",305.64,2.16,"D"
"7720",23.38843,95.50426,336.14,0.42,0.38,"2026-02-15",639,"N20","nominal","2.0NRT",306.01,5.43,"D"
"7721",23.38775,95.50018,332.11,0.42,0.38,"2026-02-15",639,"N20","low","2.0NRT",306.58,2.16,"D"
"7722",23.69276,97.33521,330,0.39,0.36,"2026-02-15",639,"N20","nominal","2.0NRT",297.55,2.74,"D"
"7723",23.68282,97.20624,330.83,0.39,0.36,"2026-02-15",639,"N20","nominal","2.0NRT",298.54,2.41,"D"
"7724",23.49064,95.99198,332.21,0.41,0.37,"2026-02-15",639,"N20","nominal","2.0NRT",302.1,2.57,"D"
"7725",23.50688,95.98499,335.19,0.41,0.37,"2026-02-15",639,"N20","nominal","2.0NRT",302.96,2.27,"D"
"7726",23.5341,96.12928,335.38,0.4,0.37,"2026-02-15",639,"N20","nominal","2.0NRT",307,4.29,"D"
"7727",23.44044,95.50224,332.58,0.42,0.38,"2026-02-15",639,"N20","nominal","2.0NRT",303.12,7.23,"D"
"7728",23.43976,95.49817,344.5,0.42,0.38,"2026-02-15",639,"N20","nominal","2.0NRT",306.96,11.9,"D"
"7729",23.94343,98.66208,342.6,0.39,0.36,"2026-02-15",639,"N20","nominal","2.0NRT",310.99,11.06,"D"
"7730",24.26865,100.95905,330.36,0.46,0.39,"2026-02-15",639,"N20","nominal","2.0NRT",302.89,3.4,"D"
"7731",23.51224,95.7216,331.36,0.41,0.37,"2026-02-15",639,"N20","nominal","2.0NRT",305.54,1.64,"D"
"7732",23.47877,95.49886,331.08,0.42,0.38,"2026-02-15",639,"N20","low","2.0NRT",304.28,5.36,"D"
"7733",23.4781,95.4948,341.44,0.42,0.38,"2026-02-15",639,"N20","nominal","2.0NRT",305.35,5.36,"D"
"7734",23.22743,94.03355,330.31,0.48,0.4,"2026-02-15",639,"N20","low","2.0NRT",303,3.59,"D"
"7735",23.23919,94.03591,338.4,0.48,0.4,"2026-02-15",639,"N20","nominal","2.0NRT",306.15,5.54,"D"
"7736",23.91935,98.20141,330.9,0.39,0.36,"2026-02-15",639,"N20","nominal","2.0NRT",295.29,1.9,"D"
"7737",23.52848,95.52359,330.02,0.42,0.38,"2026-02-15",639,"N20","low","2.0NRT",303.92,1.85,"D"
"7738",24.73429,104.23276,331.51,0.47,0.47,"2026-02-15",639,"N20","nominal","2.0NRT",296.76,2.58,"D"
"7739",24.84447,105.25191,341.19,0.54,0.51,"2026-02-15",639,"N20","nominal","2.0NRT",297.68,9.29,"D"
"7740",23.55376,95.54794,338.82,0.42,0.38,"2026-02-15",639,"N20","nominal","2.0NRT",304.77,5.66,"D"
"7741",23.59737,95.78819,333.28,0.41,0.37,"2026-02-15",639,"N20","low","2.0NRT",303.83,6.32,"D"
"7742",21.59273,85.82872,341.63,0.55,0.68,"2026-02-15",639,"N20","nominal","2.0NRT",299.74,4.43,"D"
"7743",23.56468,95.54996,341.87,0.42,0.38,"2026-02-15",639,"N20","nominal","2.0NRT",304.85,4.03,"D"
"7744",23.55652,95.5013,340.34,0.42,0.38,"2026-02-15",639,"N20","nominal","2.0NRT",305.05,4.65,"D"
"7745",23.6032,95.67554,333.8,0.41,0.37,"2026-02-15",639,"N20","nominal","2.0NRT",304.01,3.15,"D"
"7746",23.99605,98.12276,337.1,0.39,0.36,"2026-02-15",639,"N20","nominal","2.0NRT",304.24,7.91,"D"
"7747",25.10578,107.18474,330.97,0.36,0.57,"2026-02-15",639,"N20","nominal","2.0NRT",296.24,3.96,"D"
"7748",22.89494,91.59063,333.31,0.44,0.46,"2026-02-15",639,"N20","nominal","2.0NRT",299.72,2.67,"D"
"7749",24.20279,99.17049,330.56,0.4,0.37,"2026-02-15",639,"N20","nominal","2.0NRT",298.47,3.59,"D"
"7750",23.80703,96.42493,329.72,0.4,0.37,"2026-02-15",639,"N20","nominal","2.0NRT",301.57,5.85,"D"
"7751",25.12719,106.9545,331.47,0.35,0.57,"2026-02-15",639,"N20","nominal","2.0NRT",296.16,2.37,"D"
"7752",23.7192,95.76051,333.72,0.41,0.37,"2026-02-15",639,"N20","nominal","2.0NRT",304.11,2.12,"D"
"7753",22.0281,87.10854,333.73,0.44,0.63,"2026-02-15",639,"N20","nominal","2.0NRT",299.89,3.06,"D"
"7754",21.96124,86.78658,351.19,0.47,0.64,"2026-02-15",639,"N20","nominal","2.0NRT",304.13,6.49,"D"
"7755",23.47524,94.07257,329.06,0.48,0.4,"2026-02-15",639,"N20","low","2.0NRT",303.46,0.84,"D"
"7756",23.47581,94.07458,332.19,0.48,0.4,"2026-02-15",639,"N20","nominal","2.0NRT",304.21,1.72,"D"
"7757",25.56172,111.6412,326.11,0.69,0.74,"2026-02-15",639,"N20","nominal","2.0NRT",290.36,4.71,"D"
"7758",23.45715,93.65487,340.25,0.5,0.41,"2026-02-15",639,"N20","nominal","2.0NRT",306.78,4.89,"D"
"7759",22.88946,90.68047,328.59,0.51,0.49,"2026-02-15",639,"N20","low","2.0NRT",303.47,4.35,"D"
"7760",23.83704,95.77104,330.56,0.41,0.37,"2026-02-15",639,"N20","nominal","2.0NRT",305.09,2.2,"D"
"7761",24.10221,97.36837,329.99,0.38,0.36,"2026-02-15",639,"N20","nominal","2.0NRT",296.34,2.43,"D"
"7762",23.79502,95.2703,332.07,0.42,0.38,"2026-02-15",639,"N20","low","2.0NRT",304.25,2.35,"D"
"7763",22.43911,88.0492,328.9,0.38,0.59,"2026-02-15",639,"N20","nominal","2.0NRT",298.76,1.08,"D"
"7764",25.22477,105.4736,352.87,0.56,0.52,"2026-02-15",639,"N20","nominal","2.0NRT",300.71,19.01,"D"
"7765",23.69655,94.15409,341.54,0.47,0.4,"2026-02-15",639,"N20","nominal","2.0NRT",302.83,4.33,"D"
"7766",23.92977,95.3159,331.14,0.42,0.38,"2026-02-15",639,"N20","low","2.0NRT",304.6,1.45,"D"
"7767",22.09197,86.20063,340.12,0.5,0.66,"2026-02-15",639,"N20","nominal","2.0NRT",303.42,4.73,"D"
"7768",23.69016,93.79889,328.97,0.49,0.4,"2026-02-15",639,"N20","low","2.0NRT",302.3,5.1,"D"
"7769",23.6931,93.79406,336.97,0.49,0.4,"2026-02-15",639,"N20","nominal","2.0NRT",306.42,12.61,"D"
"7770",22.32644,87.08189,347.5,0.44,0.62,"2026-02-15",639,"N20","nominal","2.0NRT",301.03,6.53,"D"
"7771",24.97315,102.33463,333.26,0.55,0.42,"2026-02-15",639,"N20","nominal","2.0NRT",302.86,4.68,"D"
"7772",23.69591,93.78856,332.99,0.49,0.4,"2026-02-15",639,"N20","low","2.0NRT",305.76,5.65,"D"
"7773",22.37707,87.27942,330.45,0.42,0.61,"2026-02-15",639,"N20","low","2.0NRT",303.86,4.93,"D"
"7774",22.35536,87.10509,332.93,0.44,0.62,"2026-02-15",639,"N20","nominal","2.0NRT",301.04,5.09,"D"
"7775",22.32713,86.98025,339.07,0.44,0.63,"2026-02-15",639,"N20","nominal","2.0NRT",299.71,4.04,"D"
"7776",24.32859,97.33772,330.86,0.38,0.36,"2026-02-15",639,"N20","nominal","2.0NRT",300.39,2.15,"D"
"7777",25.33536,105.00471,336.02,0.53,0.5,"2026-02-15",639,"N20","nominal","2.0NRT",296,7.85,"D"
"7778",25.33481,104.99959,340.04,0.53,0.5,"2026-02-15",639,"N20","nominal","2.0NRT",300.6,7.85,"D"
"7779",23.58419,92.82574,340.66,0.55,0.43,"2026-02-15",639,"N20","nominal","2.0NRT",298.27,7.64,"D"
"7780",23.58159,92.82983,329.25,0.55,0.43,"2026-02-15",639,"N20","nominal","2.0NRT",295.97,3.71,"D"
"7781",23.58059,92.8245,328.85,0.55,0.43,"2026-02-15",639,"N20","nominal","2.0NRT",299.02,3.71,"D"
"7782",24.34573,97.24937,331.98,0.38,0.36,"2026-02-15",639,"N20","nominal","2.0NRT",300.44,4.75,"D"
"7783",24.34515,97.24561,331.52,0.38,0.36,"2026-02-15",639,"N20","nominal","2.0NRT",305.03,4.75,"D"
"7784",25.33428,105.00202,349.28,0.53,0.5,"2026-02-15",639,"N20","nominal","2.0NRT",299.13,9.78,"D"
"7785",22.21081,86.29459,331.17,0.49,0.65,"2026-02-15",639,"N20","nominal","2.0NRT",303.13,3.53,"D"
"7786",22.3653,86.50834,333.16,0.48,0.64,"2026-02-15",639,"N20","nominal","2.0NRT",302.43,5.48,"D"
"7787",23.77119,93.25663,328.82,0.52,0.42,"2026-02-15",639,"N20","nominal","2.0NRT",297.34,3.54,"D"
"7788",24.25669,96.07211,331.74,0.4,0.37,"2026-02-15",639,"N20","low","2.0NRT",303.73,1.81,"D"
"7789",23.77077,93.25438,328.36,0.52,0.42,"2026-02-15",639,"N20","nominal","2.0NRT",297.62,3.63,"D"
"7790",22.36406,86.50642,343.78,0.47,0.64,"2026-02-15",639,"N20","nominal","2.0NRT",303.1,4.42,"D"
"7791",22.62956,87.30028,337.48,0.42,0.61,"2026-02-15",639,"N20","nominal","2.0NRT",304.54,4.96,"D"
"7792",22.39362,86.07246,345.34,0.51,0.66,"2026-02-15",639,"N20","nominal","2.0NRT",302.75,5.11,"D"
"7793",22.38918,86.07064,342.05,0.51,0.66,"2026-02-15",639,"N20","nominal","2.0NRT",302.17,5.42,"D"
"7794",22.41173,86.05962,332.56,0.51,0.66,"2026-02-15",639,"N20","nominal","2.0NRT",304.18,2.94,"D"
"7795",21.78532,83.4957,344.07,0.76,0.77,"2026-02-15",639,"N20","nominal","2.0NRT",299.6,12.78,"D"
"7796",24.03262,93.81784,326.69,0.48,0.4,"2026-02-15",639,"N20","low","2.0NRT",300.82,2.76,"D"
"7797",21.81712,83.38791,336.57,0.77,0.77,"2026-02-15",639,"N20","nominal","2.0NRT",300.31,5.91,"D"
"7798",22.0408,84.26292,367,0.67,0.73,"2026-02-15",639,"N20","high","2.0NRT",306.97,28.6,"D"
"7799",22.03929,84.25674,332.99,0.67,0.74,"2026-02-15",639,"N20","nominal","2.0NRT",304.66,20.09,"D"
"7800",22.01946,84.14676,340.66,0.68,0.74,"2026-02-15",639,"N20","nominal","2.0NRT",301.29,9.18,"D"
"7801",22.01789,84.14035,347.66,0.68,0.74,"2026-02-15",639,"N20","nominal","2.0NRT",302.01,10.51,"D"
"7802",24.45112,95.98241,330.79,0.4,0.37,"2026-02-15",639,"N20","nominal","2.0NRT",298.12,1.81,"D"
"7803",22.03806,84.26389,367,0.67,0.73,"2026-02-15",639,"N20","high","2.0NRT",304.74,11.3,"D"
"7804",21.81584,83.38953,339.24,0.77,0.77,"2026-02-15",639,"N20","nominal","2.0NRT",300.07,4.62,"D"
"7805",22.04458,84.26192,352.85,0.67,0.73,"2026-02-15",639,"N20","nominal","2.0NRT",302.6,11.3,"D"
"7806",22.04304,84.25578,336.13,0.67,0.73,"2026-02-15",639,"N20","nominal","2.0NRT",303.56,11.3,"D"
"7807",22.0226,84.14619,330.28,0.68,0.74,"2026-02-15",639,"N20","nominal","2.0NRT",303.35,11.52,"D"
"7808",22.02101,84.13984,355.85,0.68,0.74,"2026-02-15",639,"N20","nominal","2.0NRT",303.41,11.52,"D"
"7809",25.78828,106.10194,330.17,0.63,0.54,"2026-02-15",639,"N20","nominal","2.0NRT",298.65,3.86,"D"
"7810",22.52843,85.92917,355.22,0.51,0.66,"2026-02-15",639,"N20","nominal","2.0NRT",304.36,8.09,"D"
"7811",24.94747,98.6385,331.2,0.39,0.36,"2026-02-15",639,"N20","nominal","2.0NRT",293.35,2.94,"D"
"7812",22.57707,86.00284,332.72,0.51,0.66,"2026-02-15",639,"N20","nominal","2.0NRT",302.05,2.62,"D"
"7813",24.76171,97.34738,329.78,0.38,0.36,"2026-02-15",639,"N20","nominal","2.0NRT",299.26,1.64,"D"
"7814",24.72442,97.03992,337.88,0.39,0.36,"2026-02-15",639,"N20","nominal","2.0NRT",301.65,4.04,"D"
"7815",24.28094,94.33347,339.78,0.46,0.39,"2026-02-15",639,"N20","nominal","2.0NRT",300.67,4.12,"D"
"7816",24.72772,97.0393,342.97,0.39,0.36,"2026-02-15",639,"N20","nominal","2.0NRT",303.97,7.6,"D"
"7817",22.57318,86.00345,332.33,0.51,0.66,"2026-02-15",639,"N20","nominal","2.0NRT",301.33,2.57,"D"
"7818",24.54935,95.65387,329.7,0.41,0.37,"2026-02-15",639,"N20","nominal","2.0NRT",302.61,1.97,"D"
"7819",24.66149,96.298,345.9,0.39,0.36,"2026-02-15",639,"N20","nominal","2.0NRT",301.31,7.66,"D"
"7820",22.66534,86.04828,330.69,0.5,0.66,"2026-02-15",639,"N20","low","2.0NRT",304.29,4.93,"D"
"7821",24.62122,95.9008,333.59,0.4,0.37,"2026-02-15",639,"N20","nominal","2.0NRT",303.32,3.23,"D"
"7822",26.34942,111.34538,341.5,0.67,0.74,"2026-02-15",639,"N20","nominal","2.0NRT",290.63,5.61,"D"
"7823",26.39628,111.55307,351.02,0.7,0.75,"2026-02-15",639,"N20","nominal","2.0NRT",287.18,14.23,"D"
"7824",24.72305,96.25867,327.11,0.39,0.36,"2026-02-15",639,"N20","nominal","2.0NRT",299.57,1.25,"D"
"7825",24.62481,95.61904,328.51,0.41,0.37,"2026-02-15",639,"N20","low","2.0NRT",302.33,2.85,"D"
"7826",26.3438,111.34609,326.35,0.68,0.74,"2026-02-15",639,"N20","nominal","2.0NRT",290.18,3.77,"D"
"7827",26.35064,111.34547,329.36,0.68,0.74,"2026-02-15",639,"N20","nominal","2.0NRT",289.84,3.77,"D"
"7828",26.05725,106.91656,367,0.36,0.57,"2026-02-15",639,"N20","high","2.0NRT",298.64,8.01,"D"
"7829",26.39627,111.55329,349.01,0.7,0.75,"2026-02-15",639,"N20","nominal","2.0NRT",287.13,10.33,"D"
"7830",23.88867,91.32393,327.54,0.44,0.46,"2026-02-15",639,"N20","nominal","2.0NRT",302.31,2.14,"D"
"7831",24.94718,97.35925,336.78,0.38,0.36,"2026-02-15",639,"N20","nominal","2.0NRT",302.89,3.7,"D"
"7832",24.95047,97.35864,336.58,0.38,0.36,"2026-02-15",639,"N20","nominal","2.0NRT",306.29,3.7,"D"
"7833",24.98123,97.51598,338.94,0.38,0.36,"2026-02-15",639,"N20","nominal","2.0NRT",304.75,4.69,"D"
"7834",23.91636,91.30856,348.09,0.44,0.46,"2026-02-15",639,"N20","nominal","2.0NRT",303.22,6.07,"D"
"7835",24.9498,97.00117,331.97,0.39,0.36,"2026-02-15",639,"N20","nominal","2.0NRT",300.3,2.85,"D"
"7836",24.9531,97.00055,329.1,0.39,0.36,"2026-02-15",639,"N20","nominal","2.0NRT",298.73,2.08,"D"
"7837",24.39367,93.64717,329.97,0.49,0.4,"2026-02-15",639,"N20","nominal","2.0NRT",297.33,3.32,"D"
"7838",24.56025,94.5191,325.13,0.44,0.39,"2026-02-15",639,"N20","low","2.0NRT",300,1.66,"D"
"7839",24.56376,94.51837,338.65,0.44,0.39,"2026-02-15",639,"N20","nominal","2.0NRT",299.99,4.46,"D"
"7840",25.04933,97.38306,344.1,0.38,0.36,"2026-02-15",639,"N20","nominal","2.0NRT",312.09,19.32,"D"
"7841",25.2484,98.63427,325.43,0.39,0.37,"2026-02-15",639,"N20","nominal","2.0NRT",297.98,1.75,"D"
"7842",25.01835,97.09345,339,0.38,0.36,"2026-02-15",639,"N20","nominal","2.0NRT",303.23,5.17,"D"
"7843",24.55995,94.13976,326.9,0.46,0.39,"2026-02-15",639,"N20","nominal","2.0NRT",299.74,13.73,"D"
"7844",24.55916,94.13522,332.59,0.46,0.39,"2026-02-15",639,"N20","nominal","2.0NRT",307,13.73,"D"
"7845",25.07612,97.1605,335.95,0.38,0.36,"2026-02-15",639,"N20","nominal","2.0NRT",303.79,4.84,"D"
"7846",25.07554,97.15672,344.93,0.38,0.36,"2026-02-15",639,"N20","nominal","2.0NRT",303.8,4.84,"D"
"7847",25.11242,97.3717,344.75,0.38,0.36,"2026-02-15",639,"N20","nominal","2.0NRT",303.69,7.9,"D"
"7848",25.11185,97.36791,353.3,0.38,0.36,"2026-02-15",639,"N20","nominal","2.0NRT",307.66,7.9,"D"
"7849",25.12444,97.36171,332.33,0.38,0.36,"2026-02-15",639,"N20","nominal","2.0NRT",300.83,1.98,"D"
"7850",26.22507,106.11774,329.61,0.64,0.54,"2026-02-15",639,"N20","nominal","2.0NRT",297.98,3.92,"D"
"7851",24.6168,93.84035,332.65,0.47,0.4,"2026-02-15",639,"N20","nominal","2.0NRT",300.24,5.38,"D"
"7852",25.20937,97.40826,348.89,0.38,0.36,"2026-02-15",639,"N20","nominal","2.0NRT",304.72,4.59,"D"
"7853",25.20879,97.40447,336.88,0.38,0.36,"2026-02-15",639,"N20","nominal","2.0NRT",306.55,4.59,"D"
"7854",25.21266,97.40765,344.7,0.38,0.36,"2026-02-15",639,"N20","nominal","2.0NRT",309.45,7.38,"D"
"7855",25.21175,97.35728,353.91,0.38,0.36,"2026-02-15",639,"N20","nominal","2.0NRT",306.22,6.22,"D"
"7856",24.6529,93.82962,352.17,0.47,0.4,"2026-02-15",639,"N20","nominal","2.0NRT",302.6,16.7,"D"
"7857",25.20433,97.08628,331.05,0.38,0.36,"2026-02-15",639,"N20","nominal","2.0NRT",300.04,4.05,"D"
"7858",26.55491,109.12637,327.91,0.49,0.65,"2026-02-15",639,"N20","nominal","2.0NRT",293,2.88,"D"
"7859",24.31903,91.826,331.63,0.41,0.45,"2026-02-15",639,"N20","nominal","2.0NRT",298.22,2.06,"D"
"7860",24.64927,93.51538,325.63,0.49,0.4,"2026-02-15",639,"N20","nominal","2.0NRT",293.82,2.29,"D"
"7861",23.66367,88.49771,329.29,0.33,0.56,"2026-02-15",639,"N20","nominal","2.0NRT",300.33,1.25,"D"
"7862",24.66007,93.51196,332.9,0.49,0.4,"2026-02-15",639,"N20","nominal","2.0NRT",294.25,2.71,"D"
"7863",24.76751,94.09879,331.47,0.46,0.39,"2026-02-15",639,"N20","nominal","2.0NRT",298.67,52.9,"D"
"7864",24.77334,94.11105,343.61,0.46,0.39,"2026-02-15",639,"N20","nominal","2.0NRT",299.88,7.41,"D"
"7865",25.92754,101.7967,329.92,0.52,0.42,"2026-02-15",639,"N20","nominal","2.0NRT",303.19,4.22,"D"
"7866",25.93136,101.79617,337.18,0.52,0.42,"2026-02-15",639,"N20","nominal","2.0NRT",302.96,4.22,"D"
"7867",25.93053,101.79848,332.66,0.52,0.42,"2026-02-15",639,"N20","nominal","2.0NRT",303.66,5.07,"D"
"7868",25.92993,101.79337,327.6,0.52,0.42,"2026-02-15",639,"N20","nominal","2.0NRT",302.49,3.9,"D"
"7869",25.26554,96.75815,342.62,0.39,0.36,"2026-02-15",639,"N20","nominal","2.0NRT",305.89,5.6,"D"
"7870",22.63013,83.8158,341.49,0.69,0.74,"2026-02-15",639,"N20","nominal","2.0NRT",306.33,9.1,"D"
"7871",23.63749,87.74735,330.5,0.37,0.58,"2026-02-15",639,"N20","low","2.0NRT",301.42,1.9,"D"
"7872",26.38394,104.86169,352.47,0.53,0.5,"2026-02-15",639,"N20","nominal","2.0NRT",297.21,19.98,"D"
"7873",25.41892,97.15488,330.96,0.38,0.36,"2026-02-15",639,"N20","nominal","2.0NRT",300.39,3.52,"D"
"7874",26.38301,104.86467,331.45,0.53,0.5,"2026-02-15",639,"N20","nominal","2.0NRT",291.25,10.7,"D"
"7875",26.38245,104.85881,333.35,0.53,0.5,"2026-02-15",639,"N20","nominal","2.0NRT",298.27,14.67,"D"
"7876",23.63611,87.7472,345.72,0.37,0.58,"2026-02-15",639,"N20","nominal","2.0NRT",302.87,2.47,"D"
"7877",24.70721,92.89032,329.32,0.53,0.42,"2026-02-15",639,"N20","nominal","2.0NRT",303.95,2.42,"D"
"7878",26.72779,108.12328,352.27,0.43,0.62,"2026-02-15",639,"N20","nominal","2.0NRT",295.07,5.92,"D"
"7879",26.72745,108.11886,336.76,0.43,0.62,"2026-02-15",639,"N20","nominal","2.0NRT",296.66,5.92,"D"
"7880",25.37837,96.56783,330.96,0.39,0.36,"2026-02-15",639,"N20","nominal","2.0NRT",299.37,2.27,"D"
"7881",26.78849,108.53596,326.04,0.46,0.63,"2026-02-15",639,"N20","nominal","2.0NRT",291.43,2.18,"D"
"7882",26.61116,106.2404,333.97,0.33,0.55,"2026-02-15",639,"N20","nominal","2.0NRT",297.93,1.74,"D"
"7883",24.98812,93.9108,328.7,0.47,0.39,"2026-02-15",639,"N20","nominal","2.0NRT",303.35,3.66,"D"
"7884",26.6149,106.23953,328.3,0.33,0.55,"2026-02-15",639,"N20","nominal","2.0NRT",296.69,2.48,"D"
"7885",25.57197,97.33343,341.27,0.38,0.36,"2026-02-15",639,"N20","nominal","2.0NRT",304.22,7.42,"D"
"7886",25.13431,94.55465,342.3,0.44,0.38,"2026-02-15",639,"N20","nominal","2.0NRT",293.78,8.9,"D"
"7887",25.55903,96.76547,328.54,0.39,0.36,"2026-02-15",639,"N20","nominal","2.0NRT",300.63,1.91,"D"
"7888",26.09106,100.38538,330.27,0.45,0.39,"2026-02-15",639,"N20","nominal","2.0NRT",304.38,2.83,"D"
"7889",25.09037,93.8717,331.65,0.47,0.39,"2026-02-15",639,"N20","low","2.0NRT",302.66,4.27,"D"
"7890",25.48154,96.0845,333.42,0.39,0.36,"2026-02-15",639,"N20","low","2.0NRT",304.42,4.25,"D"
"7891",25.59515,96.73508,331.03,0.39,0.36,"2026-02-15",639,"N20","nominal","2.0NRT",302.62,2.33,"D"
"7892",25.59456,96.73127,338.54,0.39,0.36,"2026-02-15",639,"N20","nominal","2.0NRT",300.8,2.33,"D"
"7893",25.59845,96.73445,332.94,0.39,0.36,"2026-02-15",639,"N20","nominal","2.0NRT",299.76,5.66,"D"
"7894",25.59785,96.73064,341.97,0.39,0.36,"2026-02-15",639,"N20","nominal","2.0NRT",304.15,5.66,"D"
"7895",23.76635,87.20664,330.08,0.4,0.6,"2026-02-15",639,"N20","low","2.0NRT",302.44,4.06,"D"
"7896",25.60175,96.73383,350.22,0.39,0.36,"2026-02-15",639,"N20","nominal","2.0NRT",305.71,5.66,"D"
"7897",23.79161,87.29262,330.29,0.39,0.6,"2026-02-15",639,"N20","nominal","2.0NRT",302.29,1.37,"D"
"7898",26.08395,99.97318,332.96,0.44,0.38,"2026-02-15",639,"N20","nominal","2.0NRT",302.47,7.06,"D"
"7899",25.91452,98.57401,338.61,0.4,0.37,"2026-02-15",639,"N20","nominal","2.0NRT",295.7,5.39,"D"
"7900",24.9307,92.4658,345.15,0.55,0.43,"2026-02-15",639,"N20","nominal","2.0NRT",305.23,17.69,"D"
"7901",25.16483,93.7458,342.46,0.47,0.4,"2026-02-15",639,"N20","nominal","2.0NRT",300.96,12.54,"D"
"7902",25.16181,93.74368,334.19,0.47,0.4,"2026-02-15",639,"N20","nominal","2.0NRT",299.98,6.34,"D"
"7903",25.16542,93.743,332.35,0.47,0.4,"2026-02-15",639,"N20","nominal","2.0NRT",300.29,6.34,"D"
"7904",24.93242,92.46916,333.95,0.55,0.43,"2026-02-15",639,"N20","nominal","2.0NRT",302.21,9,"D"
"7905",24.9314,92.46383,332.1,0.55,0.43,"2026-02-15",639,"N20","nominal","2.0NRT",301.92,9,"D"
"7906",25.66746,96.63134,346.71,0.39,0.36,"2026-02-15",639,"N20","nominal","2.0NRT",307.12,13.15,"D"
"7907",25.3615,94.70962,333.51,0.43,0.38,"2026-02-15",639,"N20","nominal","2.0NRT",302.79,3.56,"D"
"7908",25.36077,94.70541,332.62,0.43,0.38,"2026-02-15",639,"N20","low","2.0NRT",305.88,3.56,"D"
"7909",26.64686,104.10886,339.8,0.48,0.48,"2026-02-15",639,"N20","nominal","2.0NRT",301.1,5.56,"D"
"7910",25.39541,94.74107,342.41,0.43,0.38,"2026-02-15",639,"N20","nominal","2.0NRT",300.11,6.15,"D"
"7911",26.73645,104.49651,336.85,0.51,0.49,"2026-02-15",639,"N20","nominal","2.0NRT",301.18,5.39,"D"
"7912",26.73598,104.49184,333.02,0.51,0.49,"2026-02-15",639,"N20","nominal","2.0NRT",303.63,5.39,"D"
"7913",23.77845,86.39446,336.47,0.45,0.63,"2026-02-15",639,"N20","nominal","2.0NRT",307.35,5.97,"D"
"7914",23.77748,86.3902,334.87,0.45,0.63,"2026-02-15",639,"N20","nominal","2.0NRT",307.75,5.47,"D"
"7915",23.75118,86.40034,334.37,0.45,0.63,"2026-02-15",639,"N20","nominal","2.0NRT",300.51,4.88,"D"
"7916",23.76455,86.40609,331.46,0.45,0.63,"2026-02-15",639,"N20","low","2.0NRT",303.69,4.43,"D"
"7917",23.77947,86.39301,339.47,0.45,0.63,"2026-02-15",639,"N20","nominal","2.0NRT",306.98,7.89,"D"
"7918",23.77336,86.36707,330.62,0.45,0.63,"2026-02-15",639,"N20","nominal","2.0NRT",302.66,2.57,"D"
"7919",26.01159,97.82034,331.78,0.39,0.36,"2026-02-15",639,"N20","nominal","2.0NRT",298.54,2.91,"D"
"7920",23.64799,85.44289,330.11,0.52,0.67,"2026-02-15",639,"N20","low","2.0NRT",300.59,2.99,"D"
"7921",25.43983,94.04989,338.2,0.45,0.39,"2026-02-15",639,"N20","nominal","2.0NRT",297.56,5.24,"D"
"7922",25.87578,96.65809,337.06,0.39,0.36,"2026-02-15",639,"N20","nominal","2.0NRT",301.15,4.5,"D"
"7923",25.43961,94.05199,331.54,0.45,0.39,"2026-02-15",639,"N20","nominal","2.0NRT",295.47,5.87,"D"
"7924",25.45371,94.09012,333.11,0.45,0.39,"2026-02-15",639,"N20","nominal","2.0NRT",297.53,2.87,"D"
"7925",26.57633,101.66785,340.78,0.53,0.42,"2026-02-15",639,"N20","nominal","2.0NRT",312.1,11.75,"D"
"7926",23.64901,85.44099,335.36,0.52,0.67,"2026-02-15",639,"N20","nominal","2.0NRT",301.25,4.75,"D"
"7927",25.47427,94.08223,333.98,0.45,0.39,"2026-02-15",639,"N20","nominal","2.0NRT",299.93,3.83,"D"
"7928",25.54152,94.40436,333.12,0.44,0.38,"2026-02-15",639,"N20","nominal","2.0NRT",300.87,2.48,"D"
"7929",23.48769,84.65043,342.53,0.59,0.7,"2026-02-15",639,"N20","nominal","2.0NRT",301.95,4.97,"D"
"7930",25.91714,96.61873,331.2,0.39,0.36,"2026-02-15",639,"N20","nominal","2.0NRT",299.76,1.59,"D"
"7931",23.79014,85.52753,330.5,0.51,0.66,"2026-02-15",639,"N20","nominal","2.0NRT",303.34,2.23,"D"
"7932",25.54904,94.11311,330.77,0.45,0.39,"2026-02-15",639,"N20","nominal","2.0NRT",293.02,3,"D"
"7933",25.24228,92.37661,331.83,0.55,0.43,"2026-02-15",639,"N20","nominal","2.0NRT",297.91,6.81,"D"
"7934",25.2428,92.37427,335.82,0.55,0.43,"2026-02-15",639,"N20","nominal","2.0NRT",298.5,6.1,"D"
"7935",25.55706,93.95377,345.88,0.46,0.39,"2026-02-15",639,"N20","nominal","2.0NRT",302.26,11.51,"D"
"7936",23.78659,85.53076,330.76,0.51,0.66,"2026-02-15",639,"N20","nominal","2.0NRT",302.1,4.67,"D"
"7937",23.47979,84.12516,330.89,0.63,0.72,"2026-02-15",639,"N20","nominal","2.0NRT",300.93,2.58,"D"
"7938",25.18356,91.63683,346.76,0.4,0.44,"2026-02-15",639,"N20","nominal","2.0NRT",302.33,4.79,"D"
"7939",26.37053,98.60885,339.96,0.4,0.37,"2026-02-15",639,"N20","nominal","2.0NRT",295.01,5.29,"D"
"7940",26.36996,98.60484,348.17,0.4,0.37,"2026-02-15",639,"N20","nominal","2.0NRT",302.45,14.1,"D"
"7941",26.37443,98.61214,332.86,0.4,0.37,"2026-02-15",639,"N20","nominal","2.0NRT",290.51,4.29,"D"
"7942",26.37326,98.60401,340.26,0.4,0.37,"2026-02-15",639,"N20","nominal","2.0NRT",296.58,5.76,"D"
"7943",26.37271,98.60014,333.16,0.4,0.37,"2026-02-15",639,"N20","nominal","2.0NRT",293.79,5.76,"D"
"7944",26.37774,98.61135,336.59,0.4,0.37,"2026-02-15",639,"N20","nominal","2.0NRT",290.74,4.29,"D"
"7945",26.37995,98.6115,352.01,0.4,0.37,"2026-02-15",639,"N20","nominal","2.0NRT",298.96,15.17,"D"
"7946",26.38326,98.61066,349.79,0.4,0.37,"2026-02-15",639,"N20","nominal","2.0NRT",298.53,15.17,"D"
"7947",26.10691,96.74416,330.3,0.39,0.36,"2026-02-15",639,"N20","nominal","2.0NRT",297.69,1.35,"D"
"7948",26.38658,98.60983,354.84,0.4,0.37,"2026-02-15",639,"N20","nominal","2.0NRT",296.09,40.63,"D"
"7949",26.38601,98.60572,345.03,0.4,0.37,"2026-02-15",639,"N20","nominal","2.0NRT",298.71,40.63,"D"
"7950",26.71495,101.05973,331.3,0.49,0.4,"2026-02-15",639,"N20","nominal","2.0NRT",300.06,5.62,"D"
"7951",27.62592,111.6256,326.74,0.72,0.76,"2026-02-15",639,"N20","nominal","2.0NRT",287.22,4.27,"D"
"7952",27.19042,105.31526,327.73,0.58,0.52,"2026-02-15",639,"N20","nominal","2.0NRT",295.28,3.83,"D"
"7953",26.15603,96.71119,336.78,0.39,0.36,"2026-02-15",639,"N20","nominal","2.0NRT",299.37,2.27,"D"
"7954",27.71906,111.94598,339.15,0.75,0.77,"2026-02-15",639,"N20","nominal","2.0NRT",287.52,6.13,"D"
"7955",25.20843,91.22081,335.65,0.42,0.46,"2026-02-15",639,"N20","nominal","2.0NRT",301.79,3.06,"D"
"7956",25.41517,92.28115,326.99,0.55,0.43,"2026-02-15",639,"N20","nominal","2.0NRT",292.83,3.81,"D"
"7957",25.22631,91.17987,331.98,0.43,0.46,"2026-02-15",639,"N20","nominal","2.0NRT",299.39,4.35,"D"
"7958",26.20737,96.78002,341.18,0.38,0.36,"2026-02-15",639,"N20","nominal","2.0NRT",299.14,8.5,"D"
"7959",27.72258,111.949,341.26,0.76,0.77,"2026-02-15",639,"N20","nominal","2.0NRT",287.9,4.98,"D"
"7960",25.72925,93.56834,331.9,0.47,0.4,"2026-02-15",639,"N20","nominal","2.0NRT",299.93,2.93,"D"
"7961",23.82398,84.5747,332.52,0.58,0.7,"2026-02-15",639,"N20","nominal","2.0NRT",305.36,6.5,"D"
"7962",25.44761,91.98116,329.28,0.57,0.43,"2026-02-15",639,"N20","nominal","2.0NRT",298.23,5.08,"D"
"7963",27.21226,103.76157,335.82,0.47,0.48,"2026-02-15",639,"N20","nominal","2.0NRT",304.01,3.07,"D"
"7964",25.3892,91.33058,328.3,0.42,0.45,"2026-02-15",639,"N20","nominal","2.0NRT",301.36,5.36,"D"
"7965",25.38838,91.32643,337.93,0.42,0.45,"2026-02-15",639,"N20","nominal","2.0NRT",301.84,5.36,"D"
"7966",25.54693,92.09774,327.06,0.56,0.43,"2026-02-15",639,"N20","nominal","2.0NRT",294.43,2.31,"D"
"7967",25.4013,91.21867,327.28,0.42,0.45,"2026-02-15",639,"N20","nominal","2.0NRT",295.83,1.52,"D"
"7968",25.5316,91.62994,342.75,0.4,0.44,"2026-02-15",639,"N20","nominal","2.0NRT",300.88,47.46,"D"
"7969",25.53576,91.62485,348.33,0.4,0.44,"2026-02-15",639,"N20","nominal","2.0NRT",302.44,23.62,"D"
"7970",26.73149,98.57963,330.95,0.4,0.37,"2026-02-15",639,"N20","nominal","2.0NRT",288.1,2.43,"D"
"7971",26.73481,98.57886,343.54,0.4,0.37,"2026-02-15",639,"N20","nominal","2.0NRT",290.59,13.23,"D"
"7972",25.83486,92.86036,332.79,0.51,0.41,"2026-02-15",639,"N20","nominal","2.0NRT",300.02,4.91,"D"
"7973",25.65974,91.92365,328.68,0.57,0.43,"2026-02-15",639,"N20","nominal","2.0NRT",295.53,5.76,"D"
"7974",25.66359,91.92238,332.86,0.57,0.43,"2026-02-15",639,"N20","nominal","2.0NRT",296.21,5.76,"D"
"7975",26.80089,98.68163,344.96,0.4,0.37,"2026-02-15",639,"N20","nominal","2.0NRT",295.61,9.09,"D"
"7976",26.80035,98.67782,335.3,0.4,0.37,"2026-02-15",639,"N20","nominal","2.0NRT",298.51,6.59,"D"
"7977",26.79986,98.67422,351.65,0.4,0.37,"2026-02-15",639,"N20","nominal","2.0NRT",299.71,6.59,"D"
"7978",26.79935,98.67056,327.77,0.4,0.37,"2026-02-15",639,"N20","nominal","2.0NRT",295.63,3.56,"D"
"7979",25.59946,91.19894,346.76,0.42,0.45,"2026-02-15",639,"N20","nominal","2.0NRT",297.74,6.25,"D"
"7980",26.11332,93.77939,339.32,0.46,0.39,"2026-02-15",639,"N20","nominal","2.0NRT",306.48,10.2,"D"
"7981",26.11253,93.7749,331.02,0.46,0.39,"2026-02-15",639,"N20","nominal","2.0NRT",303.02,10.2,"D"
"7982",26.11055,93.65891,339.25,0.46,0.39,"2026-02-15",639,"N20","nominal","2.0NRT",298.88,6.48,"D"
"7983",27.87074,107.1786,342.77,0.39,0.59,"2026-02-15",639,"N20","nominal","2.0NRT",293.79,4.33,"D"
"7984",27.87185,107.17796,340.03,0.39,0.59,"2026-02-15",639,"N20","nominal","2.0NRT",292.6,3.19,"D"
"7985",28.09781,109.11438,332.86,0.51,0.66,"2026-02-15",639,"N20","nominal","2.0NRT",289.74,2.95,"D"
"7986",26.65748,96.24274,340.4,0.39,0.36,"2026-02-15",639,"N20","nominal","2.0NRT",303.47,8.57,"D"
"7987",26.66625,96.27681,328.39,0.39,0.36,"2026-02-15",639,"N20","nominal","2.0NRT",296.41,2.85,"D"
"7988",27.12158,99.35505,339.38,0.42,0.38,"2026-02-15",639,"N20","nominal","2.0NRT",298.11,5.82,"D"
"7989",26.69188,96.2875,326.77,0.39,0.36,"2026-02-15",639,"N20","low","2.0NRT",299.67,2.15,"D"
"7990",28.0981,109.11535,327.08,0.51,0.66,"2026-02-15",639,"N20","nominal","2.0NRT",289.72,3.91,"D"
"7991",26.22436,93.07073,334.26,0.49,0.4,"2026-02-15",639,"N20","nominal","2.0NRT",299.34,7.63,"D"
"7992",26.22349,93.0659,333.1,0.49,0.4,"2026-02-15",639,"N20","nominal","2.0NRT",300.83,7.63,"D"
"7993",24.9404,86.2365,328.12,0.43,0.62,"2026-02-15",639,"N20","nominal","2.0NRT",296.1,3.22,"D"
"7994",27.72553,102.20993,345.24,0.39,0.44,"2026-02-15",639,"N20","nominal","2.0NRT",307.73,25.17,"D"
"7995",24.943,86.23318,342.66,0.43,0.62,"2026-02-15",639,"N20","nominal","2.0NRT",297.25,3.57,"D"
"7996",26.35019,92.8546,327.4,0.5,0.41,"2026-02-15",639,"N20","nominal","2.0NRT",294.6,5.21,"D"
"7997",26.74228,94.81445,339.15,0.41,0.37,"2026-02-15",639,"N20","nominal","2.0NRT",300.23,6.03,"D"
"7998",27.1949,97.5581,327.72,0.39,0.36,"2026-02-15",639,"N20","nominal","2.0NRT",296.58,0.61,"D"
"7999",26.79433,94.5808,335.3,0.42,0.38,"2026-02-15",639,"N20","nominal","2.0NRT",300.12,3.51,"D"
"8000",26.79775,94.58008,330.51,0.42,0.38,"2026-02-15",639,"N20","nominal","2.0NRT",300.38,3.51,"D"
"8001",26.61493,93.42146,335.31,0.47,0.39,"2026-02-15",639,"N20","nominal","2.0NRT",298.81,12.32,"D"
"8002",26.61412,93.41685,295.17,0.47,0.39,"2026-02-15",639,"N20","low","2.0NRT",301.98,12.32,"D"
"8003",26.61852,93.42067,330.54,0.47,0.39,"2026-02-15",639,"N20","nominal","2.0NRT",298.21,12.32,"D"
"8004",26.6177,93.41605,330.31,0.47,0.39,"2026-02-15",639,"N20","nominal","2.0NRT",296.82,12.32,"D"
"8005",26.20996,91.21528,344.55,0.41,0.45,"2026-02-15",639,"N20","nominal","2.0NRT",301.77,9.95,"D"
"8006",27.23313,96.97192,331.43,0.38,0.36,"2026-02-15",639,"N20","nominal","2.0NRT",291.51,4.61,"D"
"8007",26.65546,93.32793,331.09,0.47,0.4,"2026-02-15",639,"N20","nominal","2.0NRT",295.48,3.31,"D"
"8008",26.543,92.67153,327.6,0.51,0.41,"2026-02-15",639,"N20","nominal","2.0NRT",291.71,2.95,"D"
"8009",26.85762,94.31104,332.71,0.43,0.38,"2026-02-15",639,"N20","nominal","2.0NRT",298.18,5.73,"D"
"8010",26.69774,93.37641,330.77,0.47,0.39,"2026-02-15",639,"N20","nominal","2.0NRT",296.7,1.93,"D"
"8011",27.2004,95.63355,330.31,0.39,0.36,"2026-02-15",639,"N20","nominal","2.0NRT",295.37,9.31,"D"
"8012",27.49766,97.40237,341.52,0.39,0.36,"2026-02-15",639,"N20","nominal","2.0NRT",301.4,4.97,"D"
"8013",25.97841,88.46329,332.85,0.6,0.53,"2026-02-15",639,"N20","nominal","2.0NRT",299.03,3.98,"D"
"8014",25.98318,88.46201,336.32,0.6,0.53,"2026-02-15",639,"N20","nominal","2.0NRT",298.3,6.46,"D"
"8015",25.9815,88.46069,341.76,0.6,0.53,"2026-02-15",639,"N20","nominal","2.0NRT",301.03,9.4,"D"
"8016",28.34433,102.93465,343.09,0.43,0.46,"2026-02-15",639,"N20","nominal","2.0NRT",299.17,7.39,"D"
"8017",27.4825,96.10124,326.25,0.39,0.36,"2026-02-15",639,"N20","nominal","2.0NRT",300.21,0.92,"D"
"8018",27.37724,95.3368,331.61,0.4,0.37,"2026-02-15",639,"N20","nominal","2.0NRT",297.76,2.21,"D"
"8019",27.19752,94.2583,333.84,0.43,0.38,"2026-02-15",639,"N20","nominal","2.0NRT",302.6,5.8,"D"
"8020",27.32268,94.9829,333.34,0.41,0.37,"2026-02-15",639,"N20","nominal","2.0NRT",300.6,2.72,"D"
"8021",27.50141,96.00531,342.16,0.39,0.36,"2026-02-15",639,"N20","nominal","2.0NRT",299.43,2.56,"D"
"8022",27.31598,94.8581,343.46,0.41,0.37,"2026-02-15",639,"N20","nominal","2.0NRT",299.59,3.49,"D"
"8023",27.3153,94.85401,333.25,0.41,0.37,"2026-02-15",639,"N20","nominal","2.0NRT",300.55,3.49,"D"
"8024",27.50471,96.00465,333.81,0.39,0.36,"2026-02-15",639,"N20","nominal","2.0NRT",301.12,3.54,"D"
"8025",27.55191,96.15212,331.49,0.39,0.36,"2026-02-15",639,"N20","nominal","2.0NRT",296.19,2.6,"D"
"8026",27.58212,96.25812,341.19,0.39,0.36,"2026-02-15",639,"N20","nominal","2.0NRT",294.08,8.88,"D"
"8027",27.57885,96.04257,329.44,0.39,0.36,"2026-02-15",639,"N20","nominal","2.0NRT",300.55,2.14,"D"
"8028",27.62192,96.01409,332.14,0.39,0.36,"2026-02-15",639,"N20","nominal","2.0NRT",296.53,3.49,"D"
"8029",26.73785,91.0069,338.94,0.41,0.45,"2026-02-15",639,"N20","nominal","2.0NRT",297.46,6.32,"D"
"8030",26.73704,91.00288,347.77,0.41,0.45,"2026-02-15",639,"N20","nominal","2.0NRT",301.39,9.68,"D"
"8031",27.63782,95.94262,336.93,0.39,0.36,"2026-02-15",639,"N20","nominal","2.0NRT",297.53,4.61,"D"
"8032",26.73458,90.90547,342.77,0.42,0.45,"2026-02-15",639,"N20","nominal","2.0NRT",303.43,11.41,"D"
"8033",27.71019,96.31669,344.77,0.39,0.36,"2026-02-15",639,"N20","nominal","2.0NRT",303.34,8.01,"D"
"8034",26.76062,90.92915,330.73,0.41,0.45,"2026-02-15",639,"N20","nominal","2.0NRT",300.85,2.37,"D"
"8035",26.76873,90.94857,351.77,0.41,0.45,"2026-02-15",639,"N20","nominal","2.0NRT",306.17,21.95,"D"
"8036",26.76792,90.9445,327.9,0.41,0.45,"2026-02-15",639,"N20","low","2.0NRT",301.56,4.83,"D"
"8037",26.76468,90.92815,355,0.41,0.45,"2026-02-15",639,"N20","nominal","2.0NRT",307.63,6.35,"D"
"8038",26.76388,90.92408,337.29,0.41,0.45,"2026-02-15",639,"N20","nominal","2.0NRT",302.08,6.35,"D"
"8039",26.77198,90.94351,343.15,0.41,0.45,"2026-02-15",639,"N20","nominal","2.0NRT",301.23,4.83,"D"
"8040",26.77117,90.93942,328.21,0.41,0.45,"2026-02-15",639,"N20","low","2.0NRT",301.94,4.83,"D"
"8041",26.77036,90.93532,340.71,0.41,0.45,"2026-02-15",639,"N20","nominal","2.0NRT",304.73,7.61,"D"
"8042",26.76875,90.92717,345.37,0.41,0.45,"2026-02-15",639,"N20","nominal","2.0NRT",304.89,6.35,"D"
"8043",26.76794,90.9231,328.96,0.41,0.45,"2026-02-15",639,"N20","nominal","2.0NRT",299.19,6.35,"D"
"8044",26.77684,90.94659,340.99,0.41,0.45,"2026-02-15",639,"N20","nominal","2.0NRT",298.69,6.15,"D"
"8045",27.65094,95.74651,339,0.39,0.36,"2026-02-15",639,"N20","nominal","2.0NRT",298.17,2.94,"D"
"8046",27.65487,95.74976,327.14,0.39,0.36,"2026-02-15",639,"N20","nominal","2.0NRT",298.65,1.92,"D"
"8047",27.65425,95.74584,330.64,0.39,0.36,"2026-02-15",639,"N20","nominal","2.0NRT",298.14,2.37,"D"
"8048",27.74517,96.3018,339.47,0.39,0.36,"2026-02-15",639,"N20","nominal","2.0NRT",298.59,4.75,"D"
"8049",26.7715,90.68002,326.79,0.43,0.46,"2026-02-15",639,"N20","low","2.0NRT",297.02,4.13,"D"
"8050",27.76403,96.31406,331.2,0.38,0.36,"2026-02-15",639,"N20","nominal","2.0NRT",296.79,1.63,"D"
"8051",26.77563,90.67905,327.31,0.43,0.46,"2026-02-15",639,"N20","nominal","2.0NRT",296.51,3.75,"D"
"8052",26.77228,90.66196,334.07,0.43,0.46,"2026-02-15",639,"N20","nominal","2.0NRT",301.82,4.18,"D"
"8053",26.76975,90.66294,327.77,0.43,0.46,"2026-02-15",639,"N20","low","2.0NRT",301.16,5.65,"D"
"8054",26.77735,90.67902,331.52,0.43,0.46,"2026-02-15",639,"N20","nominal","2.0NRT",296.26,4.22,"D"
"8055",27.7994,96.29892,328.35,0.38,0.36,"2026-02-15",639,"N20","nominal","2.0NRT",298.11,1.77,"D"
"8056",27.7127,95.49434,334.05,0.39,0.36,"2026-02-15",639,"N20","nominal","2.0NRT",295.16,2.6,"D"
"8057",27.65192,95.05784,333.01,0.4,0.37,"2026-02-15",639,"N20","nominal","2.0NRT",297.9,4.64,"D"
"8058",27.63463,94.93191,333.81,0.4,0.37,"2026-02-15",639,"N20","nominal","2.0NRT",297.21,2.56,"D"
"8059",26.75144,90.11648,339.3,0.46,0.47,"2026-02-15",639,"N20","nominal","2.0NRT",300.9,6.76,"D"
"8060",26.75054,90.11199,330.05,0.46,0.47,"2026-02-15",639,"N20","nominal","2.0NRT",297.37,3,"D"
"8061",27.7004,95.06897,342,0.4,0.37,"2026-02-15",639,"N20","nominal","2.0NRT",295.63,7.41,"D"
"8062",26.84675,90.43858,332.46,0.44,0.46,"2026-02-15",639,"N20","nominal","2.0NRT",300.6,4.13,"D"
"8063",27.85989,95.92637,330.76,0.39,0.36,"2026-02-15",639,"N20","nominal","2.0NRT",296.8,1.24,"D"
"8064",27.94282,96.19479,331,0.39,0.36,"2026-02-15",639,"N20","nominal","2.0NRT",291.86,4.52,"D"
"8065",29.01683,103.99081,330.74,0.51,0.49,"2026-02-15",639,"N20","nominal","2.0NRT",290.44,3.68,"D"
"8066",28.04932,95.96173,326.85,0.39,0.36,"2026-02-15",639,"N20","low","2.0NRT",297.14,1.22,"D"
"8067",27.72828,94.01145,330.09,0.43,0.38,"2026-02-15",639,"N20","nominal","2.0NRT",286.99,3.25,"D"
"8068",27.73165,94.01031,331.32,0.43,0.38,"2026-02-15",639,"N20","nominal","2.0NRT",286.99,2.95,"D"
"8069",27.77335,94.10648,332.28,0.43,0.38,"2026-02-15",639,"N20","nominal","2.0NRT",292.7,3.94,"D"
"8070",25.69266,84.07355,367,0.56,0.69,"2026-02-15",639,"N20","high","2.0NRT",297.58,12.42,"D"
"8071",25.6913,84.06815,350.28,0.57,0.69,"2026-02-15",639,"N20","nominal","2.0NRT",299.41,12.11,"D"
"8072",27.84949,94.23978,329.74,0.42,0.38,"2026-02-15",639,"N20","nominal","2.0NRT",288.47,2.84,"D"
"8073",26.01592,84.78123,328.1,0.5,0.66,"2026-02-15",639,"N20","nominal","2.0NRT",294.29,2.72,"D"
"8074",26.01818,84.78038,329.39,0.5,0.66,"2026-02-15",639,"N20","nominal","2.0NRT",294.39,2.95,"D"
"8075",28.03959,94.34349,330.72,0.42,0.37,"2026-02-15",639,"N20","nominal","2.0NRT",285.92,10.28,"D"
"8076",27.0804,89.14022,338.45,0.52,0.5,"2026-02-15",639,"N20","nominal","2.0NRT",288.24,8.15,"D"
"8077",26.44896,85.53819,325.89,0.44,0.63,"2026-02-15",641,"N20","nominal","2.0NRT",293.25,2.03,"D"
"8078",26.53016,84.47485,349.53,0.51,0.66,"2026-02-15",641,"N20","nominal","2.0NRT",297.26,11.96,"D"
"8079",26.59613,84.45179,330.59,0.51,0.66,"2026-02-15",641,"N20","nominal","2.0NRT",294.63,2.59,"D"
"8080",26.51254,82.25608,328.83,0.69,0.75,"2026-02-15",641,"N20","nominal","2.0NRT",293.82,3.46,"D"
"8081",27.43072,85.45148,331.33,0.43,0.62,"2026-02-15",641,"N20","nominal","2.0NRT",289.84,5.99,"D"
"8082",27.25764,84.59396,329.9,0.48,0.65,"2026-02-15",641,"N20","nominal","2.0NRT",295.81,2.16,"D"
"8083",27.44436,83.89049,348.59,0.53,0.67,"2026-02-15",641,"N20","nominal","2.0NRT",295.74,7.15,"D"
"8084",27.44544,83.89164,326.14,0.53,0.67,"2026-02-15",641,"N20","nominal","2.0NRT",294.97,5.41,"D"
"8085",27.44411,83.88649,333.23,0.53,0.67,"2026-02-15",641,"N20","nominal","2.0NRT",295.63,5.63,"D"
"8086",29.15176,80.67819,325.28,0.74,0.76,"2026-02-15",641,"N20","nominal","2.0NRT",286.2,4.62,"D"
"8087",40.30424,109.22632,339.89,0.63,0.72,"2026-02-15",644,"N20","nominal","2.0NRT",280.52,4.16,"D"
"8088",40.30713,109.22505,337.02,0.64,0.72,"2026-02-15",644,"N20","nominal","2.0NRT",279.98,4.44,"D"
"8089",40.45963,110.05135,343.52,0.7,0.75,"2026-02-15",644,"N20","nominal","2.0NRT",282.72,10.18,"D"
"8090",41.82209,88.90385,329.88,0.44,0.38,"2026-02-15",646,"N20","nominal","2.0NRT",292.03,3.49,"D"
"8091",43.67831,95.02542,329.69,0.43,0.38,"2026-02-15",646,"N20","nominal","2.0NRT",288.01,11.77,"D"
"8092",43.68064,94.98677,331.67,0.43,0.38,"2026-02-15",646,"N20","nominal","2.0NRT",289.82,2.48,"D"
"8093",43.68936,95.02834,327.19,0.43,0.38,"2026-02-15",646,"N20","nominal","2.0NRT",288.12,2.11,"D"
"8094",43.68476,94.99125,328.66,0.43,0.38,"2026-02-15",646,"N20","nominal","2.0NRT",286.42,1.9,"D"
"8095",43.6948,95.04345,329.51,0.43,0.38,"2026-02-15",646,"N20","nominal","2.0NRT",288.88,3.33,"D"
"8096",44.33353,93.26886,329.35,0.4,0.37,"2026-02-15",646,"N20","nominal","2.0NRT",282.46,2.46,"D"
"8097",44.46478,90.70029,334.73,0.39,0.36,"2026-02-15",646,"N20","nominal","2.0NRT",279.32,4.1,"D"
"8098",44.46572,90.6849,330.15,0.39,0.36,"2026-02-15",646,"N20","nominal","2.0NRT",276.74,3.49,"D"
"8099",44.72229,90.26052,327.13,0.39,0.36,"2026-02-15",646,"N20","nominal","2.0NRT",274.69,1.88,"D"
"8100",44.72636,90.26431,336.73,0.39,0.36,"2026-02-15",646,"N20","nominal","2.0NRT",274.1,3.12,"D"
"8101",44.84869,90.93867,336.38,0.38,0.36,"2026-02-15",646,"N20","nominal","2.0NRT",279.71,4.98,"D"
"8102",44.84793,90.93388,331.62,0.38,0.36,"2026-02-15",646,"N20","nominal","2.0NRT",280.25,4.98,"D"
"8103",10.60414,107.41785,340.84,0.48,0.48,"2026-02-15",635,"N20","nominal","2.0NRT",290.54,7.12,"D"
"8104",10.60316,107.41886,344.94,0.49,0.48,"2026-02-15",635,"N20","nominal","2.0NRT",289.85,6.79,"D"
"8105",53.89098,87.28876,329.89,0.38,0.36,"2026-02-15",648,"N20","nominal","2.0NRT",269.08,3.32,"D"
"8106",33.02797,72.45484,337.37,0.42,0.38,"2026-02-15",824,"N20","nominal","2.0NRT",302.4,5.25,"D"
"8107",33.03732,72.49937,333.44,0.42,0.38,"2026-02-15",824,"N20","low","2.0NRT",304.3,2.15,"D"
"8108",33.03672,72.49484,341.37,0.42,0.38,"2026-02-15",824,"N20","nominal","2.0NRT",304.91,3.9,"D"
"8109",33.0823,72.68196,332.34,0.43,0.38,"2026-02-15",824,"N20","low","2.0NRT",302.4,3.4,"D"
"8110",33.17772,73.34908,343.41,0.45,0.39,"2026-02-15",824,"N20","nominal","2.0NRT",300.82,8.37,"D"
"8111",33.14124,72.91732,331.68,0.44,0.38,"2026-02-15",824,"N20","nominal","2.0NRT",301.25,2.13,"D"
"8112",33.0848,72.43069,344.9,0.42,0.38,"2026-02-15",824,"N20","nominal","2.0NRT",303.89,5.53,"D"
"8113",33.08885,72.43456,334.2,0.42,0.38,"2026-02-15",824,"N20","nominal","2.0NRT",302.05,1.63,"D"
"8114",33.23711,73.44384,344.6,0.46,0.39,"2026-02-15",824,"N20","nominal","2.0NRT",306.3,23.62,"D"
"8115",33.25697,73.4127,329.17,0.46,0.39,"2026-02-15",824,"N20","low","2.0NRT",302.2,3.21,"D"
"8116",33.26055,73.41206,332.03,0.46,0.39,"2026-02-15",824,"N20","nominal","2.0NRT",300.95,3.21,"D"
"8117",33.21228,73.02198,331.42,0.44,0.38,"2026-02-15",824,"N20","nominal","2.0NRT",300.57,3.79,"D"
"8118",33.16143,72.59473,336.01,0.43,0.38,"2026-02-15",824,"N20","nominal","2.0NRT",304.42,3.45,"D"
"8119",33.16025,72.58558,342.1,0.43,0.38,"2026-02-15",824,"N20","nominal","2.0NRT",302.19,5.06,"D"
"8120",33.26712,73.40589,350.14,0.46,0.39,"2026-02-15",824,"N20","nominal","2.0NRT",305.24,8.91,"D"
"8121",33.27776,73.08309,330.81,0.44,0.39,"2026-02-15",824,"N20","nominal","2.0NRT",300.53,4.45,"D"
"8122",33.29827,73.04561,332.51,0.44,0.39,"2026-02-15",824,"N20","nominal","2.0NRT",301.02,8.56,"D"
"8123",33.31277,73.02059,333.52,0.44,0.39,"2026-02-15",824,"N20","nominal","2.0NRT",298.78,2.72,"D"
"8124",33.45148,74.07959,328.39,0.49,0.4,"2026-02-15",824,"N20","nominal","2.0NRT",296.77,4.76,"D"
"8125",33.34096,72.78978,342.91,0.43,0.38,"2026-02-15",824,"N20","nominal","2.0NRT",302.51,4.59,"D"
"8126",33.29725,72.45441,340.39,0.42,0.38,"2026-02-15",824,"N20","nominal","2.0NRT",309.25,31.16,"D"
"8127",33.39435,73.1229,339.34,0.45,0.39,"2026-02-15",824,"N20","nominal","2.0NRT",300.98,7.78,"D"
"8128",33.3088,72.46152,345.51,0.42,0.38,"2026-02-15",824,"N20","nominal","2.0NRT",303.46,5.13,"D"
"8129",33.53517,74.24432,329.57,0.5,0.41,"2026-02-15",824,"N20","nominal","2.0NRT",295.62,2.29,"D"
"8130",33.3985,73.12702,331.86,0.45,0.39,"2026-02-15",824,"N20","nominal","2.0NRT",298.5,7.78,"D"
"8131",33.39789,73.12225,339.17,0.45,0.39,"2026-02-15",824,"N20","nominal","2.0NRT",306.1,7.78,"D"
"8132",33.36702,72.88068,333.41,0.44,0.38,"2026-02-15",824,"N20","nominal","2.0NRT",301.54,2.12,"D"
"8133",33.41034,73.1346,329.72,0.45,0.39,"2026-02-15",824,"N20","low","2.0NRT",299.92,2.68,"D"
"8134",33.34487,72.62776,334.5,0.43,0.38,"2026-02-15",824,"N20","nominal","2.0NRT",299.8,2.92,"D"
"8135",33.41031,72.85103,332.93,0.44,0.38,"2026-02-15",824,"N20","nominal","2.0NRT",299.56,2.46,"D"
"8136",33.39656,72.52155,334.65,0.43,0.38,"2026-02-15",824,"N20","nominal","2.0NRT",302.61,3.17,"D"
"8137",33.52272,72.71713,338.65,0.43,0.38,"2026-02-15",824,"N20","nominal","2.0NRT",299.87,3.81,"D"
"8138",33.48511,71.97788,347.56,0.41,0.37,"2026-02-15",824,"N20","nominal","2.0NRT",302.41,7.55,"D"
"8139",33.58188,72.28482,336.72,0.42,0.38,"2026-02-15",824,"N20","nominal","2.0NRT",303.85,4.5,"D"
"8140",33.57059,71.35181,338.77,0.4,0.37,"2026-02-15",824,"N20","nominal","2.0NRT",284.04,4.41,"D"
"8141",33.51329,70.49978,347.21,0.39,0.36,"2026-02-15",824,"N20","nominal","2.0NRT",288.32,7.31,"D"
"8142",33.79663,72.46333,332.24,0.43,0.38,"2026-02-15",824,"N20","nominal","2.0NRT",297.98,6.35,"D"
"8143",33.67752,70.79082,335.68,0.39,0.36,"2026-02-15",824,"N20","nominal","2.0NRT",286.91,4.59,"D"
"8144",33.67694,70.78677,353.48,0.39,0.36,"2026-02-15",824,"N20","nominal","2.0NRT",289.7,6.52,"D"
"8145",33.67635,70.78272,336.02,0.39,0.36,"2026-02-15",824,"N20","nominal","2.0NRT",287.8,6.52,"D"
"8146",33.68024,70.786,330.67,0.39,0.36,"2026-02-15",824,"N20","nominal","2.0NRT",284.6,7.22,"D"
"8147",33.67965,70.78194,334.55,0.39,0.36,"2026-02-15",824,"N20","nominal","2.0NRT",281.12,7.22,"D"
"8148",33.68354,70.78527,349.26,0.39,0.36,"2026-02-15",824,"N20","nominal","2.0NRT",282.73,7.22,"D"
"8149",33.68236,70.77707,354.03,0.39,0.36,"2026-02-15",824,"N20","nominal","2.0NRT",286.04,11.51,"D"
"8150",34.19169,74.78703,326.52,0.54,0.42,"2026-02-15",824,"N20","low","2.0NRT",298.4,76.5,"D"
"8151",33.9993,72.5533,335.83,0.43,0.38,"2026-02-15",824,"N20","nominal","2.0NRT",297.33,4.14,"D"
"8152",34.08635,71.69649,333.21,0.41,0.37,"2026-02-15",824,"N20","nominal","2.0NRT",290.62,9.71,"D"
"8153",34.25009,72.8858,330.06,0.45,0.39,"2026-02-15",824,"N20","nominal","2.0NRT",295.41,3,"D"
"8154",34.50655,72.69392,326.56,0.44,0.39,"2026-02-15",824,"N20","nominal","2.0NRT",298.93,1.84,"D"
"8155",34.7206,70.58779,334.51,0.39,0.36,"2026-02-15",824,"N20","nominal","2.0NRT",292.69,2.93,"D"
"8156",34.72,70.58363,328.45,0.39,0.36,"2026-02-15",824,"N20","nominal","2.0NRT",291.73,2.93,"D"
"8157",35.16983,72.55728,334.55,0.44,0.39,"2026-02-15",824,"N20","nominal","2.0NRT",295.63,5.75,"D"
"8158",37.46343,68.55817,329.6,0.38,0.36,"2026-02-15",826,"N20","nominal","2.0NRT",289.01,2.58,"D"
"8159",37.46672,68.55737,326.39,0.38,0.36,"2026-02-15",826,"N20","nominal","2.0NRT",288.93,2.58,"D"
"8160",37.35818,67.06429,342.35,0.39,0.37,"2026-02-15",826,"N20","nominal","2.0NRT",284.94,4.56,"D"
"8161",37.35489,67.0238,335.72,0.4,0.37,"2026-02-15",826,"N20","nominal","2.0NRT",280.8,2.96,"D"
"8162",37.53508,67.53931,328.59,0.39,0.36,"2026-02-15",826,"N20","nominal","2.0NRT",282.47,1.77,"D"
"8163",37.70913,65.44011,328.14,0.43,0.38,"2026-02-15",826,"N20","nominal","2.0NRT",275.16,3.09,"D"
"8164",38.05127,67.26778,339.69,0.39,0.36,"2026-02-15",826,"N20","nominal","2.0NRT",286.84,65.28,"D"
"8165",37.53,62.29628,330.08,0.38,0.43,"2026-02-15",826,"N20","nominal","2.0NRT",286.9,2.52,"D"
"8166",37.54663,62.1649,334.09,0.39,0.44,"2026-02-15",826,"N20","nominal","2.0NRT",285.84,2.87,"D"
"8167",37.53117,62.09171,338.27,0.39,0.44,"2026-02-15",826,"N20","nominal","2.0NRT",290.81,3.39,"D"
"8168",37.78752,62.9305,344.11,0.53,0.42,"2026-02-15",826,"N20","nominal","2.0NRT",279.41,10.06,"D"
"8169",37.78632,62.92463,339.76,0.53,0.42,"2026-02-15",826,"N20","nominal","2.0NRT",271.86,10.06,"D"
"8170",37.79128,62.92927,346,0.53,0.42,"2026-02-15",826,"N20","nominal","2.0NRT",278.08,26.48,"D"
"8171",37.79008,62.9234,340,0.53,0.42,"2026-02-15",826,"N20","nominal","2.0NRT",275.77,26.48,"D"
"8172",38.46442,65.78123,336.5,0.41,0.37,"2026-02-15",826,"N20","nominal","2.0NRT",272.07,5.56,"D"
"8173",37.92347,62.11991,331.05,0.38,0.44,"2026-02-15",826,"N20","nominal","2.0NRT",279.67,2.74,"D"
"8174",38.8705,65.88091,330.84,0.41,0.37,"2026-02-15",826,"N20","nominal","2.0NRT",287.49,2.47,"D"
"8175",37.73803,59.41357,337.63,0.53,0.5,"2026-02-15",826,"N20","nominal","2.0NRT",289.89,4.56,"D"
"8176",37.91494,58.87473,331.81,0.56,0.52,"2026-02-15",826,"N20","nominal","2.0NRT",287.79,3.15,"D"
"8177",41.46521,79.90886,336.03,0.4,0.6,"2026-02-15",826,"N20","nominal","2.0NRT",282.77,3.61,"D"
"8178",50.03234,78.74609,326.44,0.4,0.6,"2026-02-15",828,"N20","nominal","2.0NRT",274.28,3,"D"
"8179",23.37395,70.44903,350.38,0.41,0.37,"2026-02-15",822,"N20","nominal","2.0NRT",311.76,2.09,"D"
"8180",31.29598,75.69086,340.39,0.55,0.43,"2026-02-15",824,"N20","nominal","2.0NRT",300.42,8.11,"D"
"8181",11.83401,76.79723,338.87,0.4,0.37,"2026-02-15",817,"N20","low","2.0NRT",313.66,3.79,"D"
"8182",11.77041,76.2119,333.12,0.39,0.36,"2026-02-15",817,"N20","low","2.0NRT",304.92,7.21,"D"
"8183",12.03543,77.4519,346.39,0.42,0.38,"2026-02-15",817,"N20","nominal","2.0NRT",314.05,10.27,"D"
"8184",12.2861,78.99968,330.81,0.5,0.41,"2026-02-15",817,"N20","low","2.0NRT",303.28,3.26,"D"
"8185",12.29586,78.8503,330.64,0.49,0.4,"2026-02-15",817,"N20","nominal","2.0NRT",303.29,2.72,"D"
"8186",12.23819,78.1536,347.04,0.45,0.39,"2026-02-15",817,"N20","nominal","2.0NRT",312.33,6.55,"D"
"8187",12.33722,78.71604,330.37,0.48,0.4,"2026-02-15",817,"N20","low","2.0NRT",301.79,3.6,"D"
"8188",12.02005,76.51894,337.51,0.4,0.37,"2026-02-15",817,"N20","low","2.0NRT",308.81,1.79,"D"
"8189",12.02231,76.51856,340.11,0.4,0.37,"2026-02-15",817,"N20","nominal","2.0NRT",312.63,4.91,"D"
"8190",12.34046,78.71705,335.7,0.48,0.4,"2026-02-15",817,"N20","nominal","2.0NRT",302.68,4.32,"D"
"8191",12.16158,76.85729,337.3,0.41,0.37,"2026-02-15",817,"N20","nominal","2.0NRT",309.14,2.63,"D"
"8192",12.48627,79.02926,343.99,0.5,0.41,"2026-02-15",817,"N20","nominal","2.0NRT",305.11,7.28,"D"
"8193",12.15611,76.70351,342.39,0.4,0.37,"2026-02-15",817,"N20","nominal","2.0NRT",314.68,3.55,"D"
"8194",12.48351,79.03107,331.04,0.5,0.41,"2026-02-15",817,"N20","low","2.0NRT",303.97,8.26,"D"
"8195",12.15756,76.70291,345.57,0.4,0.37,"2026-02-15",817,"N20","nominal","2.0NRT",313.7,3.84,"D"
"8196",12.29928,77.5681,346.96,0.43,0.38,"2026-02-15",817,"N20","nominal","2.0NRT",309.03,7.27,"D"
"8197",12.29874,77.56425,346.06,0.43,0.38,"2026-02-15",817,"N20","nominal","2.0NRT",308.91,7.27,"D"
"8198",12.30276,77.56757,346.27,0.43,0.38,"2026-02-15",817,"N20","nominal","2.0NRT",307.57,8.48,"D"
"8199",12.30221,77.56368,347.8,0.43,0.38,"2026-02-15",817,"N20","nominal","2.0NRT",308.06,8.48,"D"
"8200",12.33042,77.61187,336.26,0.43,0.38,"2026-02-15",817,"N20","low","2.0NRT",308.43,3.8,"D"
"8201",12.33389,77.61125,342.78,0.43,0.38,"2026-02-15",817,"N20","nominal","2.0NRT",309.54,3.8,"D"
"8202",12.33793,77.61458,342,0.43,0.38,"2026-02-15",817,"N20","nominal","2.0NRT",309.25,9.89,"D"
"8203",12.34657,77.65004,343.77,0.43,0.38,"2026-02-15",817,"N20","nominal","2.0NRT",312.77,8.33,"D"
"8204",12.16094,76.37483,337.88,0.4,0.37,"2026-02-15",817,"N20","nominal","2.0NRT",312.74,3.24,"D"
"8205",12.3565,77.61989,335.67,0.43,0.38,"2026-02-15",817,"N20","low","2.0NRT",309.43,2.33,"D"
"8206",12.39065,77.73288,344.72,0.44,0.38,"2026-02-15",817,"N20","nominal","2.0NRT",309.12,4.3,"D"
"8207",12.36486,77.5546,336.8,0.43,0.38,"2026-02-15",817,"N20","low","2.0NRT",311.64,8.24,"D"
"8208",12.29284,77.01273,337.62,0.41,0.37,"2026-02-15",817,"N20","low","2.0NRT",311.99,3.82,"D"
"8209",12.39489,77.57812,341.82,0.43,0.38,"2026-02-15",817,"N20","low","2.0NRT",313.62,7.75,"D"
"8210",12.43034,77.80441,346.89,0.44,0.38,"2026-02-15",817,"N20","nominal","2.0NRT",314.93,7.29,"D"
"8211",12.31503,76.99355,335.82,0.41,0.37,"2026-02-15",817,"N20","low","2.0NRT",310.46,1.95,"D"
"8212",12.09196,75.39103,334.39,0.38,0.36,"2026-02-15",817,"N20","nominal","2.0NRT",304.02,3.54,"D"
"8213",12.09143,75.38752,340.71,0.38,0.36,"2026-02-15",817,"N20","nominal","2.0NRT",308.64,4.27,"D"
"8214",12.72418,79.81625,332.51,0.56,0.43,"2026-02-15",817,"N20","nominal","2.0NRT",300.98,3.17,"D"
"8215",12.09473,75.38701,339.33,0.38,0.36,"2026-02-15",817,"N20","nominal","2.0NRT",304.77,4.27,"D"
"8216",12.27447,76.50117,339.67,0.4,0.37,"2026-02-15",817,"N20","nominal","2.0NRT",310.46,2.43,"D"
"8217",12.43881,77.61162,333.57,0.43,0.38,"2026-02-15",817,"N20","low","2.0NRT",307.59,3.46,"D"
"8218",12.46654,77.65582,333.38,0.43,0.38,"2026-02-15",817,"N20","low","2.0NRT",306.83,1.64,"D"
"8219",12.65431,78.7418,337.68,0.49,0.4,"2026-02-15",817,"N20","nominal","2.0NRT",305.62,3.74,"D"
"8220",12.65367,78.73724,332.59,0.49,0.4,"2026-02-15",817,"N20","nominal","2.0NRT",303.88,1.88,"D"
"8221",12.55994,77.90595,341.71,0.45,0.39,"2026-02-15",817,"N20","low","2.0NRT",315.37,5.73,"D"
"8222",12.39332,76.73785,343.22,0.4,0.37,"2026-02-15",817,"N20","nominal","2.0NRT",309.25,6.26,"D"
"8223",12.50654,77.37789,337.76,0.42,0.38,"2026-02-15",817,"N20","low","2.0NRT",309.64,1.3,"D"
"8224",12.38403,76.53252,338.16,0.4,0.37,"2026-02-15",817,"N20","low","2.0NRT",311.36,1.61,"D"
"8225",12.3933,76.5723,340.95,0.4,0.37,"2026-02-15",817,"N20","low","2.0NRT",315.67,3.94,"D"
"8226",12.85011,79.71208,335.66,0.56,0.43,"2026-02-15",817,"N20","nominal","2.0NRT",305.01,3.58,"D"
"8227",12.84941,79.70695,330.57,0.56,0.43,"2026-02-15",817,"N20","low","2.0NRT",304.61,1.92,"D"
"8228",12.87011,79.83029,334.46,0.57,0.43,"2026-02-15",817,"N20","nominal","2.0NRT",301.87,6.16,"D"
"8229",12.58237,77.68377,338.05,0.44,0.38,"2026-02-15",817,"N20","nominal","2.0NRT",309.58,2.34,"D"
"8230",12.59797,77.76756,338.09,0.44,0.38,"2026-02-15",817,"N20","low","2.0NRT",311.82,2.9,"D"
"8231",12.81583,79.23199,336.83,0.52,0.42,"2026-02-15",817,"N20","nominal","2.0NRT",309.88,3.8,"D"
"8232",12.81516,79.22717,347.48,0.52,0.42,"2026-02-15",817,"N20","nominal","2.0NRT",311.48,43.8,"D"
"8233",12.87219,79.51611,332.99,0.54,0.42,"2026-02-15",817,"N20","nominal","2.0NRT",301.98,5.71,"D"
"8234",12.62906,77.57647,340.47,0.43,0.38,"2026-02-15",817,"N20","nominal","2.0NRT",313.23,5.48,"D"
"8235",12.48941,76.55766,336.51,0.4,0.37,"2026-02-15",817,"N20","low","2.0NRT",308.84,2.13,"D"
"8236",12.64832,77.56152,337.6,0.43,0.38,"2026-02-15",817,"N20","low","2.0NRT",312.47,5.95,"D"
"8237",12.79065,78.20449,350.19,0.46,0.39,"2026-02-15",817,"N20","nominal","2.0NRT",311.68,6.16,"D"
"8238",12.79005,78.20029,338.48,0.46,0.39,"2026-02-15",817,"N20","nominal","2.0NRT",308.56,6.16,"D"
"8239",12.79425,78.20396,349.13,0.46,0.39,"2026-02-15",817,"N20","nominal","2.0NRT",311.65,6.16,"D"
"8240",12.75998,77.84013,343.45,0.44,0.39,"2026-02-15",817,"N20","nominal","2.0NRT",309.68,4.13,"D"
"8241",12.74494,77.55515,334.31,0.43,0.38,"2026-02-15",817,"N20","low","2.0NRT",306.94,3.11,"D"
"8242",12.79939,77.86352,339.57,0.45,0.39,"2026-02-15",817,"N20","low","2.0NRT",310.86,4.26,"D"
"8243",12.86601,78.23272,344.35,0.46,0.39,"2026-02-15",817,"N20","nominal","2.0NRT",314.5,8.99,"D"
"8244",12.88706,78.22528,338.78,0.46,0.39,"2026-02-15",817,"N20","nominal","2.0NRT",312.07,3.01,"D"
"8245",12.77222,77.42281,342.31,0.43,0.38,"2026-02-15",817,"N20","nominal","2.0NRT",313.02,10.01,"D"
"8246",12.78066,77.28605,340.28,0.42,0.38,"2026-02-15",817,"N20","low","2.0NRT",311.79,5.3,"D"
"8247",12.79717,77.35939,341.93,0.43,0.38,"2026-02-15",817,"N20","nominal","2.0NRT",311.36,3.21,"D"
"8248",12.82558,77.3353,339.45,0.43,0.38,"2026-02-15",817,"N20","low","2.0NRT",310.15,3.71,"D"
"8249",13.01619,78.61335,331.02,0.49,0.4,"2026-02-15",817,"N20","low","2.0NRT",305.18,3.41,"D"
"8250",12.7972,77.06422,343.32,0.42,0.37,"2026-02-15",817,"N20","nominal","2.0NRT",311.01,4.8,"D"
"8251",12.92173,77.78391,340.05,0.44,0.39,"2026-02-15",817,"N20","nominal","2.0NRT",311.7,2.7,"D"
"8252",12.87342,77.34806,342.36,0.43,0.38,"2026-02-15",817,"N20","nominal","2.0NRT",314.15,5.14,"D"
"8253",13.15396,79.30408,333.79,0.53,0.42,"2026-02-15",817,"N20","low","2.0NRT",304.62,3.78,"D"
"8254",13.15848,79.3084,340.51,0.53,0.42,"2026-02-15",817,"N20","nominal","2.0NRT",304.61,10.97,"D"
"8255",12.86631,77.2261,339.24,0.42,0.38,"2026-02-15",817,"N20","nominal","2.0NRT",306.6,3.47,"D"
"8256",12.86576,77.22227,334.15,0.42,0.38,"2026-02-15",817,"N20","low","2.0NRT",307.39,2.45,"D"
"8257",12.75781,76.48641,331.6,0.4,0.37,"2026-02-15",817,"N20","low","2.0NRT",305.14,1.34,"D"
"8258",13.01259,78.19091,339.36,0.46,0.39,"2026-02-15",817,"N20","nominal","2.0NRT",310.54,4.72,"D"
"8259",13.1737,79.27686,338.12,0.53,0.42,"2026-02-15",817,"N20","low","2.0NRT",308.67,5.16,"D"
"8260",13.17302,79.27197,333.87,0.53,0.42,"2026-02-15",817,"N20","low","2.0NRT",308.31,5.22,"D"
"8261",13.17754,79.27631,338.27,0.53,0.42,"2026-02-15",817,"N20","low","2.0NRT",310.58,5.16,"D"
"8262",13.17596,79.27758,340.8,0.53,0.42,"2026-02-15",817,"N20","nominal","2.0NRT",309.56,6.92,"D"
"8263",13.17531,79.27269,336,0.53,0.42,"2026-02-15",817,"N20","low","2.0NRT",310.61,8.12,"D"
"8264",13.19158,79.36542,335.58,0.54,0.42,"2026-02-15",817,"N20","nominal","2.0NRT",305.52,5.35,"D"
"8265",13.02024,78.10316,336.97,0.46,0.39,"2026-02-15",817,"N20","low","2.0NRT",309.37,3.01,"D"
"8266",13.19613,79.37004,337.32,0.54,0.42,"2026-02-15",817,"N20","nominal","2.0NRT",305.61,5.35,"D"
"8267",13.07141,78.39342,337,0.47,0.4,"2026-02-15",817,"N20","nominal","2.0NRT",309,2.48,"D"
"8268",13.07506,78.39288,340.64,0.47,0.4,"2026-02-15",817,"N20","nominal","2.0NRT",309.38,4.76,"D"
"8269",13.06129,78.29324,336.46,0.47,0.4,"2026-02-15",817,"N20","nominal","2.0NRT",311.42,6.37,"D"
"8270",13.20667,79.27293,335.62,0.53,0.42,"2026-02-15",817,"N20","nominal","2.0NRT",308.1,3.79,"D"
"8271",13.20602,79.26816,339.94,0.53,0.42,"2026-02-15",817,"N20","nominal","2.0NRT",309.13,7.44,"D"
"8272",13.20538,79.26337,354.67,0.53,0.42,"2026-02-15",817,"N20","nominal","2.0NRT",311.28,7.44,"D"
"8273",12.85979,76.77256,334.41,0.41,0.37,"2026-02-15",817,"N20","low","2.0NRT",308.53,3.96,"D"
"8274",12.85925,76.76883,348.67,0.41,0.37,"2026-02-15",817,"N20","nominal","2.0NRT",308.39,3.96,"D"
"8275",12.92514,77.20064,343.27,0.42,0.38,"2026-02-15",817,"N20","nominal","2.0NRT",312.02,4.44,"D"
"8276",12.86918,76.81326,345.98,0.41,0.37,"2026-02-15",817,"N20","nominal","2.0NRT",311.19,5.4,"D"
"8277",12.87203,76.80898,347.68,0.41,0.37,"2026-02-15",817,"N20","nominal","2.0NRT",310.58,4.74,"D"
"8278",12.87391,76.7742,333.62,0.41,0.37,"2026-02-15",817,"N20","low","2.0NRT",308.37,2.14,"D"
"8279",12.87566,76.76243,337.94,0.41,0.37,"2026-02-15",817,"N20","nominal","2.0NRT",308.42,1.61,"D"
"8280",12.7944,76.18612,338.78,0.39,0.36,"2026-02-15",817,"N20","nominal","2.0NRT",310.01,3.55,"D"
"8281",13.09817,78.26593,340.31,0.47,0.4,"2026-02-15",817,"N20","nominal","2.0NRT",310.65,4.21,"D"
"8282",13.25186,79.31668,341.07,0.53,0.42,"2026-02-15",817,"N20","nominal","2.0NRT",306.64,7.13,"D"
"8283",13.25776,79.33099,354.81,0.53,0.42,"2026-02-15",817,"N20","nominal","2.0NRT",307.68,13.64,"D"
"8284",13.2623,79.33541,345.47,0.53,0.42,"2026-02-15",817,"N20","nominal","2.0NRT",307.86,14.45,"D"
"8285",13.26161,79.33038,345.52,0.53,0.42,"2026-02-15",817,"N20","nominal","2.0NRT",307.17,13.64,"D"
"8286",13.26618,79.33499,352.51,0.53,0.42,"2026-02-15",817,"N20","nominal","2.0NRT",309.48,18.38,"D"
"8287",12.99956,77.32465,347.23,0.43,0.38,"2026-02-15",817,"N20","nominal","2.0NRT",313.35,4.81,"D"
"8288",12.90649,76.68916,334.85,0.41,0.37,"2026-02-15",817,"N20","low","2.0NRT",309.44,1.58,"D"
"8289",13.1112,78.07268,337.45,0.46,0.39,"2026-02-15",817,"N20","low","2.0NRT",309.58,3.15,"D"
"8290",12.98325,77.16445,334.75,0.42,0.38,"2026-02-15",817,"N20","low","2.0NRT",308.02,2.53,"D"
"8291",13.10979,78.07393,348.61,0.46,0.39,"2026-02-15",817,"N20","nominal","2.0NRT",310.79,6.45,"D"
"8292",12.9827,77.16489,334.84,0.42,0.38,"2026-02-15",817,"N20","low","2.0NRT",308.37,2.41,"D"
"8293",13.29069,79.06684,343.01,0.52,0.41,"2026-02-15",817,"N20","nominal","2.0NRT",306.6,6.64,"D"
"8294",12.8788,76.09186,338.11,0.39,0.36,"2026-02-15",817,"N20","low","2.0NRT",309.57,4.28,"D"
"8295",12.87826,76.08825,333.82,0.39,0.36,"2026-02-15",817,"N20","low","2.0NRT",305.65,2.05,"D"
"8296",13.13058,77.67912,338.75,0.44,0.38,"2026-02-15",817,"N20","low","2.0NRT",313.13,7.28,"D"
"8297",13.16098,77.81606,335.41,0.45,0.39,"2026-02-15",817,"N20","low","2.0NRT",308.53,3.13,"D"
"8298",12.89943,75.97855,333.83,0.39,0.36,"2026-02-15",817,"N20","nominal","2.0NRT",305.99,1.1,"D"
"8299",13.13729,77.52635,337.2,0.43,0.38,"2026-02-15",817,"N20","low","2.0NRT",310.81,2.47,"D"
"8300",13.1018,77.28181,337.03,0.43,0.38,"2026-02-15",817,"N20","low","2.0NRT",311.97,4.35,"D"
"8301",12.92506,76.05901,338.5,0.39,0.36,"2026-02-15",817,"N20","low","2.0NRT",309.96,3.98,"D"
"8302",12.92658,75.98119,338.5,0.39,0.36,"2026-02-15",817,"N20","low","2.0NRT",312.05,2.92,"D"
"8303",12.86133,75.49732,337.02,0.39,0.36,"2026-02-15",817,"N20","nominal","2.0NRT",306.46,7.23,"D"
"8304",13.22947,77.92057,336.35,0.45,0.39,"2026-02-15",817,"N20","nominal","2.0NRT",311.13,2.23,"D"
"8305",13.40734,79.18904,334.21,0.53,0.42,"2026-02-15",817,"N20","nominal","2.0NRT",303.7,3.18,"D"
"8306",13.4067,79.1843,335.93,0.53,0.42,"2026-02-15",817,"N20","nominal","2.0NRT",305.51,3.86,"D"
"8307",13.27297,77.79183,334.94,0.45,0.39,"2026-02-15",817,"N20","low","2.0NRT",309.89,1.11,"D"
"8308",13.51296,79.38606,338.26,0.54,0.42,"2026-02-15",817,"N20","nominal","2.0NRT",307.83,7.54,"D"
"8309",13.51753,79.39046,343.43,0.54,0.42,"2026-02-15",817,"N20","nominal","2.0NRT",303.9,7.54,"D"
"8310",13.51686,79.38567,330.67,0.54,0.42,"2026-02-15",817,"N20","low","2.0NRT",305.4,7.54,"D"
"8311",13.23548,77.37066,337.24,0.43,0.38,"2026-02-15",817,"N20","low","2.0NRT",312.05,2.7,"D"
"8312",13.51443,79.38853,351.47,0.54,0.42,"2026-02-15",817,"N20","nominal","2.0NRT",309.85,19.57,"D"
"8313",13.52229,79.09589,344.7,0.52,0.42,"2026-02-15",817,"N20","nominal","2.0NRT",302.03,6.05,"D"
"8314",13.47451,78.74662,344.41,0.5,0.41,"2026-02-15",817,"N20","nominal","2.0NRT",307.73,9.04,"D"
"8315",13.47389,78.74207,339.23,0.5,0.41,"2026-02-15",817,"N20","nominal","2.0NRT",307.29,10.49,"D"
"8316",13.2039,76.78208,346.84,0.41,0.37,"2026-02-15",817,"N20","nominal","2.0NRT",313.93,9.17,"D"
"8317",13.29684,77.40202,336.36,0.43,0.38,"2026-02-15",817,"N20","low","2.0NRT",311.16,3.97,"D"
"8318",13.5035,78.81834,345.93,0.5,0.41,"2026-02-15",817,"N20","nominal","2.0NRT",308.43,5.74,"D"
"8319",13.16646,76.29174,336.82,0.4,0.37,"2026-02-15",817,"N20","low","2.0NRT",311.62,3.15,"D"
"8320",13.1404,76.04729,349.04,0.39,0.36,"2026-02-15",817,"N20","nominal","2.0NRT",308.62,5.3,"D"
"8321",13.14696,76.0684,339.58,0.39,0.36,"2026-02-15",817,"N20","nominal","2.0NRT",308.44,3.55,"D"
"8322",13.14642,76.0648,340.64,0.39,0.36,"2026-02-15",817,"N20","nominal","2.0NRT",312.47,3.55,"D"
"8323",13.35825,77.47434,345.66,0.43,0.38,"2026-02-15",817,"N20","nominal","2.0NRT",313.25,4.16,"D"
"8324",13.38317,77.62682,350.42,0.44,0.38,"2026-02-15",817,"N20","nominal","2.0NRT",309.77,6,"D"
"8325",13.3242,77.15777,333.88,0.42,0.38,"2026-02-15",817,"N20","low","2.0NRT",308.28,2.95,"D"
"8326",13.5961,78.87391,345.73,0.51,0.41,"2026-02-15",817,"N20","nominal","2.0NRT",311.15,6,"D"
"8327",13.5625,78.60117,343.83,0.49,0.4,"2026-02-15",817,"N20","nominal","2.0NRT",308.4,4.13,"D"
"8328",13.39639,77.41597,336.78,0.43,0.38,"2026-02-15",817,"N20","low","2.0NRT",310.76,7.18,"D"
"8329",13.13076,75.41738,333.33,0.39,0.36,"2026-02-15",817,"N20","nominal","2.0NRT",297.8,2.93,"D"
"8330",13.21804,75.93188,341.57,0.39,0.36,"2026-02-15",817,"N20","nominal","2.0NRT",314.44,3.4,"D"
"8331",13.41958,77.23135,344.06,0.43,0.38,"2026-02-15",817,"N20","nominal","2.0NRT",310.29,8.88,"D"
"8332",13.41899,77.22734,343.33,0.43,0.38,"2026-02-15",817,"N20","nominal","2.0NRT",314.12,4.69,"D"
"8333",13.49832,77.75165,336.17,0.45,0.39,"2026-02-15",817,"N20","nominal","2.0NRT",308.19,1.53,"D"
"8334",13.11087,75.12886,333.05,0.38,0.36,"2026-02-15",817,"N20","nominal","2.0NRT",303.87,1.58,"D"
"8335",13.49804,77.75185,336.21,0.45,0.39,"2026-02-15",817,"N20","nominal","2.0NRT",307.13,1.68,"D"
"8336",13.14871,75.33071,343.13,0.39,0.36,"2026-02-15",817,"N20","nominal","2.0NRT",305.11,4.56,"D"
"8337",13.14818,75.32714,348.55,0.39,0.36,"2026-02-15",817,"N20","nominal","2.0NRT",304.54,4.56,"D"
"8338",13.31207,76.34338,337.3,0.4,0.37,"2026-02-15",817,"N20","low","2.0NRT",311.5,1.55,"D"
"8339",13.61533,78.12172,338.02,0.47,0.39,"2026-02-15",817,"N20","nominal","2.0NRT",310.7,2.13,"D"
"8340",13.21709,75.29128,340.29,0.39,0.36,"2026-02-15",817,"N20","low","2.0NRT",311.25,15.23,"D"
"8341",13.48489,77.03106,339.74,0.42,0.38,"2026-02-15",817,"N20","low","2.0NRT",311.56,2.97,"D"
"8342",13.56656,77.52231,339.7,0.44,0.38,"2026-02-15",817,"N20","nominal","2.0NRT",313.11,5.49,"D"
"8343",13.67612,78.26365,345.55,0.47,0.4,"2026-02-15",817,"N20","nominal","2.0NRT",310.37,9.14,"D"
"8344",13.46362,76.7654,340.35,0.41,0.37,"2026-02-15",817,"N20","nominal","2.0NRT",315.26,3.22,"D"
"8345",13.67637,78.26456,336.22,0.47,0.4,"2026-02-15",817,"N20","low","2.0NRT",308.64,6.13,"D"
"8346",13.56871,77.45662,338.06,0.44,0.38,"2026-02-15",817,"N20","low","2.0NRT",312.96,2.9,"D"
"8347",13.48066,76.8089,338.78,0.41,0.37,"2026-02-15",817,"N20","nominal","2.0NRT",311.96,2.92,"D"
"8348",13.48408,76.80841,336.78,0.41,0.37,"2026-02-15",817,"N20","low","2.0NRT",309.66,2.92,"D"
"8349",13.48749,76.80791,337.03,0.41,0.37,"2026-02-15",817,"N20","low","2.0NRT",308.66,2.03,"D"
"8350",13.26307,75.27979,339.72,0.39,0.36,"2026-02-15",817,"N20","nominal","2.0NRT",307.31,7.31,"D"
"8351",13.63226,77.80933,339.44,0.45,0.39,"2026-02-15",817,"N20","low","2.0NRT",312.96,3.38,"D"
"8352",13.46546,76.63043,336.74,0.41,0.37,"2026-02-15",817,"N20","low","2.0NRT",311.37,3.76,"D"
"8353",13.4167,76.27055,332.27,0.4,0.37,"2026-02-15",817,"N20","low","2.0NRT",306.69,2.22,"D"
"8354",13.63589,77.78315,338.68,0.45,0.39,"2026-02-15",817,"N20","nominal","2.0NRT",308.41,1.99,"D"
"8355",13.47278,76.6331,337.56,0.41,0.37,"2026-02-15",817,"N20","nominal","2.0NRT",307.53,2.31,"D"
"8356",13.42382,76.29581,341.41,0.4,0.37,"2026-02-15",817,"N20","nominal","2.0NRT",308.01,2.36,"D"
"8357",13.42328,76.29211,339.63,0.4,0.37,"2026-02-15",817,"N20","nominal","2.0NRT",308.21,3.17,"D"
"8358",13.42274,76.28842,340.24,0.4,0.37,"2026-02-15",817,"N20","nominal","2.0NRT",308.43,3.17,"D"
"8359",13.42665,76.29167,340.71,0.4,0.37,"2026-02-15",817,"N20","nominal","2.0NRT",309.92,2.83,"D"
"8360",13.48011,76.6358,336.96,0.41,0.37,"2026-02-15",817,"N20","low","2.0NRT",309.6,1.86,"D"
"8361",13.67406,77.97881,349.92,0.46,0.39,"2026-02-15",817,"N20","nominal","2.0NRT",310.65,4.89,"D"
"8362",13.48405,76.63906,334.81,0.41,0.37,"2026-02-15",817,"N20","low","2.0NRT",309.73,7.84,"D"
"8363",13.48351,76.63535,342.63,0.41,0.37,"2026-02-15",817,"N20","low","2.0NRT",314.35,7.84,"D"
"8364",13.67765,77.97826,342.62,0.46,0.39,"2026-02-15",817,"N20","nominal","2.0NRT",309.46,4.89,"D"
"8365",13.48691,76.63489,349.27,0.41,0.37,"2026-02-15",817,"N20","nominal","2.0NRT",311.84,7.84,"D"
"8366",13.68303,77.99054,332.71,0.46,0.39,"2026-02-15",817,"N20","low","2.0NRT",306.52,2.09,"D"
"8367",13.49085,76.63811,340.74,0.41,0.37,"2026-02-15",817,"N20","low","2.0NRT",315.52,4.81,"D"
"8368",13.68484,77.97721,345.03,0.46,0.39,"2026-02-15",817,"N20","nominal","2.0NRT",310.43,5.71,"D"
"8369",13.64217,77.67276,346.3,0.45,0.39,"2026-02-15",817,"N20","nominal","2.0NRT",313.9,5.97,"D"
"8370",13.49479,76.64131,337.31,0.41,0.37,"2026-02-15",817,"N20","low","2.0NRT",311.46,2.75,"D"
"8371",13.38149,75.86863,341.29,0.39,0.36,"2026-02-15",817,"N20","nominal","2.0NRT",309.33,3.9,"D"
"8372",13.51346,76.74622,341.74,0.41,0.37,"2026-02-15",817,"N20","nominal","2.0NRT",313.84,3.94,"D"
"8373",13.50636,76.69717,343.8,0.41,0.37,"2026-02-15",817,"N20","nominal","2.0NRT",313.91,5.51,"D"
"8374",13.76053,78.44196,347.46,0.49,0.4,"2026-02-15",817,"N20","nominal","2.0NRT",311.72,9.37,"D"
"8375",13.53234,76.82851,337.85,0.41,0.37,"2026-02-15",817,"N20","low","2.0NRT",311.91,2.53,"D"
"8376",13.84076,78.85752,333.97,0.51,0.41,"2026-02-15",817,"N20","low","2.0NRT",305.23,1.6,"D"
"8377",13.81591,78.62315,343.33,0.5,0.41,"2026-02-15",817,"N20","nominal","2.0NRT",306.81,3.71,"D"
"8378",13.81524,78.61833,336.99,0.5,0.41,"2026-02-15",817,"N20","nominal","2.0NRT",305.19,3.71,"D"
"8379",13.81456,78.61351,345.38,0.5,0.41,"2026-02-15",817,"N20","nominal","2.0NRT",307.17,9.49,"D"
"8380",13.82272,78.61749,334.85,0.5,0.41,"2026-02-15",817,"N20","nominal","2.0NRT",305.92,1.49,"D"
"8381",13.69469,77.68605,344.97,0.45,0.39,"2026-02-15",817,"N20","nominal","2.0NRT",310.81,2.64,"D"
"8382",13.69412,77.68204,334.76,0.45,0.39,"2026-02-15",817,"N20","low","2.0NRT",309.6,2.64,"D"
"8383",13.69824,77.68554,345.88,0.45,0.39,"2026-02-15",817,"N20","nominal","2.0NRT",309.1,5.33,"D"
"8384",13.69766,77.68149,344.92,0.45,0.39,"2026-02-15",817,"N20","nominal","2.0NRT",312.05,5.33,"D"
"8385",13.33057,75.18987,347.75,0.38,0.36,"2026-02-15",817,"N20","nominal","2.0NRT",311.57,16.7,"D"
"8386",13.70654,77.71819,343.26,0.45,0.39,"2026-02-15",817,"N20","nominal","2.0NRT",313.72,4.67,"D"
"8387",13.56737,76.75754,336.43,0.41,0.37,"2026-02-15",817,"N20","low","2.0NRT",310.3,3.32,"D"
"8388",13.33441,75.19287,331.32,0.38,0.36,"2026-02-15",817,"N20","low","2.0NRT",303.13,16.7,"D"
"8389",13.33388,75.18935,343.54,0.38,0.36,"2026-02-15",817,"N20","nominal","2.0NRT",306.35,16.7,"D"
"8390",13.82635,78.40715,335.04,0.48,0.4,"2026-02-15",817,"N20","low","2.0NRT",309,1.34,"D"
"8391",13.63395,77.02508,341.46,0.42,0.38,"2026-02-15",817,"N20","nominal","2.0NRT",311.05,2.78,"D"
"8392",13.94794,79.02052,343.03,0.52,0.42,"2026-02-15",817,"N20","nominal","2.0NRT",309.05,12.77,"D"
"8393",13.87405,78.26478,337.52,0.48,0.4,"2026-02-15",817,"N20","nominal","2.0NRT",309.57,2.94,"D"
"8394",13.90505,78.40548,337.15,0.48,0.4,"2026-02-15",817,"N20","low","2.0NRT",307.97,1.07,"D"
"8395",14.03312,79.27002,335.2,0.54,0.42,"2026-02-15",817,"N20","low","2.0NRT",306.29,3.79,"D"
"8396",13.95188,78.65815,336.67,0.5,0.41,"2026-02-15",817,"N20","nominal","2.0NRT",308.32,2.58,"D"
"8397",13.64454,76.49661,340.33,0.4,0.37,"2026-02-15",817,"N20","nominal","2.0NRT",311.59,3.74,"D"
"8398",13.64561,76.49615,339.74,0.41,0.37,"2026-02-15",817,"N20","nominal","2.0NRT",312.2,3.44,"D"
"8399",14.03437,79.27203,338.52,0.54,0.42,"2026-02-15",817,"N20","nominal","2.0NRT",306.49,4.36,"D"
"8400",13.92464,78.25385,339.9,0.48,0.4,"2026-02-15",817,"N20","nominal","2.0NRT",307.18,2.15,"D"
"8401",13.92829,78.25327,338.75,0.48,0.4,"2026-02-15",817,"N20","low","2.0NRT",310.69,7.63,"D"
"8402",13.59999,75.87834,340.4,0.39,0.36,"2026-02-15",817,"N20","nominal","2.0NRT",307.58,4.75,"D"
"8403",13.92187,77.91483,339.12,0.46,0.39,"2026-02-15",817,"N20","nominal","2.0NRT",309.96,4,"D"
"8404",13.92547,77.91437,347.93,0.46,0.39,"2026-02-15",817,"N20","nominal","2.0NRT",314.93,10.02,"D"
"8405",13.95794,77.988,339.45,0.46,0.39,"2026-02-15",817,"N20","nominal","2.0NRT",308.76,5.83,"D"
"8406",13.86648,77.34839,336.1,0.43,0.38,"2026-02-15",817,"N20","low","2.0NRT",310.65,2.15,"D"
"8407",13.73988,76.47832,336.83,0.41,0.37,"2026-02-15",817,"N20","nominal","2.0NRT",311.83,1.44,"D"
"8408",13.97979,78.08992,337.63,0.47,0.4,"2026-02-15",817,"N20","low","2.0NRT",308.2,4.94,"D"
"8409",13.98087,78.09106,333.81,0.47,0.4,"2026-02-15",817,"N20","low","2.0NRT",308.53,3.23,"D"
"8410",13.98027,78.08664,337.93,0.47,0.4,"2026-02-15",817,"N20","nominal","2.0NRT",306.49,2.51,"D"
"8411",13.98812,78.08996,335.33,0.47,0.4,"2026-02-15",817,"N20","low","2.0NRT",307,3.24,"D"
"8412",13.95789,77.4548,340.55,0.44,0.38,"2026-02-15",817,"N20","low","2.0NRT",312.04,4.05,"D"
"8413",13.96199,77.45833,341.09,0.44,0.38,"2026-02-15",817,"N20","low","2.0NRT",315.34,15.34,"D"
"8414",13.82227,76.48875,342.83,0.41,0.37,"2026-02-15",817,"N20","nominal","2.0NRT",314.99,7.11,"D"
"8415",14.0686,78.08289,354.79,0.47,0.4,"2026-02-15",817,"N20","nominal","2.0NRT",313.61,42.19,"D"
"8416",14.0674,78.07436,335.89,0.47,0.4,"2026-02-15",817,"N20","low","2.0NRT",306.88,2.03,"D"
"8417",14.07409,78.06925,342.71,0.47,0.4,"2026-02-15",817,"N20","nominal","2.0NRT",311.7,6.13,"D"
"8418",14.07832,78.07301,342.87,0.47,0.4,"2026-02-15",817,"N20","nominal","2.0NRT",309.88,6.55,"D"
"8419",13.98782,77.43803,341.29,0.44,0.38,"2026-02-15",817,"N20","nominal","2.0NRT",312.59,6.27,"D"
"8420",14.11477,78.30486,346.29,0.48,0.4,"2026-02-15",817,"N20","nominal","2.0NRT",308.02,5.16,"D"
"8421",14.03185,77.69479,346.49,0.45,0.39,"2026-02-15",817,"N20","nominal","2.0NRT",315.86,44.11,"D"
"8422",14.12272,78.30805,336.73,0.48,0.4,"2026-02-15",817,"N20","low","2.0NRT",308.46,4.83,"D"
"8423",14.11415,78.30529,343.46,0.48,0.4,"2026-02-15",817,"N20","nominal","2.0NRT",307.51,5.69,"D"
"8424",14.03041,77.69048,338.64,0.45,0.39,"2026-02-15",817,"N20","low","2.0NRT",310.21,11.15,"D"
"8425",14.03457,77.69429,339.26,0.45,0.39,"2026-02-15",817,"N20","low","2.0NRT",310.42,56.81,"D"
"8426",14.26063,79.35303,330.53,0.55,0.43,"2026-02-15",817,"N20","low","2.0NRT",304.88,4.12,"D"
"8427",14.12207,78.30845,344.21,0.48,0.4,"2026-02-15",817,"N20","nominal","2.0NRT",307.31,3.66,"D"
"8428",14.12577,78.30808,337.58,0.48,0.4,"2026-02-15",817,"N20","nominal","2.0NRT",309.16,3.66,"D"
"8429",14.04228,77.69757,339.92,0.45,0.39,"2026-02-15",817,"N20","low","2.0NRT",312.2,4.34,"D"
"8430",14.0417,77.69336,342.43,0.45,0.39,"2026-02-15",817,"N20","nominal","2.0NRT",312.18,4.34,"D"
"8431",14.16254,78.55282,344.02,0.5,0.41,"2026-02-15",817,"N20","nominal","2.0NRT",306.82,9.62,"D"
"8432",14.12947,78.3077,340.27,0.48,0.4,"2026-02-15",817,"N20","nominal","2.0NRT",310.21,4.9,"D"
"8433",14.12765,78.29429,348.7,0.48,0.4,"2026-02-15",817,"N20","nominal","2.0NRT",312.45,15.62,"D"
"8434",14.13315,78.30723,346.44,0.48,0.4,"2026-02-15",817,"N20","nominal","2.0NRT",310.5,4.9,"D"
"8435",14.21006,78.85033,335.8,0.52,0.41,"2026-02-15",817,"N20","nominal","2.0NRT",303.97,3.92,"D"
"8436",13.77812,75.77624,346.5,0.39,0.36,"2026-02-15",817,"N20","nominal","2.0NRT",309.38,3.66,"D"
"8437",13.78145,75.77573,336.11,0.39,0.36,"2026-02-15",817,"N20","nominal","2.0NRT",307.36,3.66,"D"
"8438",14.05902,77.66119,344.04,0.45,0.39,"2026-02-15",817,"N20","nominal","2.0NRT",311.54,85.07,"D"
"8439",14.17997,78.48531,342.2,0.49,0.41,"2026-02-15",817,"N20","nominal","2.0NRT",308.09,3.89,"D"
"8440",13.80793,75.7936,339.71,0.39,0.36,"2026-02-15",817,"N20","nominal","2.0NRT",307.33,2.65,"D"
"8441",14.08093,77.66217,335.97,0.45,0.39,"2026-02-15",817,"N20","low","2.0NRT",310.05,2.44,"D"
"8442",13.81179,75.79669,336.65,0.39,0.36,"2026-02-15",817,"N20","nominal","2.0NRT",307.08,2.96,"D"
"8443",13.81125,75.79308,334.93,0.39,0.36,"2026-02-15",817,"N20","nominal","2.0NRT",305.22,2.65,"D"
"8444",14.0845,77.66172,346.33,0.45,0.39,"2026-02-15",817,"N20","nominal","2.0NRT",309.48,5.71,"D"
"8445",14.09297,77.5679,340.27,0.45,0.39,"2026-02-15",817,"N20","low","2.0NRT",312.5,5.2,"D"
"8446",13.92512,76.4036,348.41,0.4,0.37,"2026-02-15",817,"N20","nominal","2.0NRT",306.91,7.03,"D"
"8447",14.22922,78.37672,339.14,0.49,0.4,"2026-02-15",817,"N20","low","2.0NRT",311.78,26.72,"D"
"8448",14.23355,78.38068,336.92,0.49,0.4,"2026-02-15",817,"N20","low","2.0NRT",309.88,9.51,"D"
"8449",14.1934,78.04351,344.95,0.47,0.4,"2026-02-15",817,"N20","nominal","2.0NRT",309.73,18.6,"D"
"8450",14.23203,78.37801,345.49,0.49,0.4,"2026-02-15",817,"N20","nominal","2.0NRT",313.6,20.69,"D"
"8451",14.23573,78.37746,350.83,0.49,0.4,"2026-02-15",817,"N20","nominal","2.0NRT",312.81,20.69,"D"
"8452",14.2382,78.36787,333.88,0.49,0.4,"2026-02-15",817,"N20","low","2.0NRT",308.3,0.93,"D"
"8453",14.19446,78.04469,352.8,0.47,0.4,"2026-02-15",817,"N20","nominal","2.0NRT",315.42,19.58,"D"
"8454",14.27308,78.59946,336.72,0.5,0.41,"2026-02-15",817,"N20","low","2.0NRT",306.77,2.19,"D"
"8455",14.19868,78.04852,345.86,0.47,0.4,"2026-02-15",817,"N20","nominal","2.0NRT",310.66,19.58,"D"
"8456",14.19809,78.04417,340.19,0.47,0.4,"2026-02-15",817,"N20","low","2.0NRT",312.08,19.58,"D"
"8457",14.27681,78.59884,335.78,0.5,0.41,"2026-02-15",817,"N20","low","2.0NRT",310.59,7.26,"D"
"8458",14.27619,78.59427,338.27,0.5,0.41,"2026-02-15",817,"N20","nominal","2.0NRT",309.58,7.26,"D"
"8459",14.20231,78.04801,338.95,0.47,0.4,"2026-02-15",817,"N20","low","2.0NRT",310.74,6.55,"D"
"8460",14.28053,78.59815,337.3,0.5,0.41,"2026-02-15",817,"N20","nominal","2.0NRT",307.61,7.26,"D"
"8461",14.27992,78.59357,332.55,0.5,0.41,"2026-02-15",817,"N20","nominal","2.0NRT",306.72,7.26,"D"
"8462",14.20655,78.05193,343.26,0.47,0.4,"2026-02-15",817,"N20","nominal","2.0NRT",312.14,6.09,"D"
"8463",13.87273,75.65861,338.3,0.39,0.36,"2026-02-15",817,"N20","low","2.0NRT",312.64,4.62,"D"
"8464",13.87606,75.6581,337.91,0.39,0.36,"2026-02-15",817,"N20","low","2.0NRT",312.82,4.32,"D"
"8465",13.99463,76.39671,334.38,0.4,0.37,"2026-02-15",817,"N20","low","2.0NRT",308.84,2.01,"D"
"8466",14.32953,78.67765,336.73,0.51,0.41,"2026-02-15",817,"N20","nominal","2.0NRT",305.15,3.3,"D"
"8467",13.99962,76.31239,345.93,0.4,0.37,"2026-02-15",817,"N20","nominal","2.0NRT",313.99,8.57,"D"
"8468",14.34075,78.67551,332.94,0.51,0.41,"2026-02-15",817,"N20","low","2.0NRT",305.47,5.56,"D"
"8469",14.34009,78.67071,332.19,0.51,0.41,"2026-02-15",817,"N20","low","2.0NRT",305.5,2.02,"D"
"8470",14.05422,76.42583,345.48,0.41,0.37,"2026-02-15",817,"N20","nominal","2.0NRT",316.45,4.82,"D"
"8471",14.26334,77.85091,333.03,0.46,0.39,"2026-02-15",817,"N20","low","2.0NRT",307,2.89,"D"
"8472",14.2808,77.83209,340.81,0.46,0.39,"2026-02-15",817,"N20","nominal","2.0NRT",310.8,4.38,"D"
"8473",14.35421,78.34377,336.03,0.49,0.4,"2026-02-15",817,"N20","nominal","2.0NRT",310.44,4.46,"D"
"8474",14.33717,78.2179,335.34,0.48,0.4,"2026-02-15",817,"N20","low","2.0NRT",308.23,2.74,"D"
"8475",14.28439,77.83157,338.6,0.46,0.39,"2026-02-15",817,"N20","low","2.0NRT",310.96,4.38,"D"
"8476",14.00723,75.85827,341.93,0.39,0.36,"2026-02-15",817,"N20","nominal","2.0NRT",309.95,4.19,"D"
"8477",14.2313,77.34522,341.32,0.44,0.38,"2026-02-15",817,"N20","low","2.0NRT",312.31,8,"D"
"8478",13.974,75.49588,336.08,0.39,0.36,"2026-02-15",817,"N20","low","2.0NRT",310.9,2.17,"D"
"8479",14.08095,76.19781,350.33,0.4,0.37,"2026-02-15",817,"N20","nominal","2.0NRT",309.53,3.52,"D"
"8480",14.27176,77.30218,339.55,0.44,0.38,"2026-02-15",817,"N20","low","2.0NRT",313.53,2.27,"D"
"8481",14.1348,76.30682,346.6,0.4,0.37,"2026-02-15",817,"N20","nominal","2.0NRT",310.53,7.31,"D"
"8482",14.07957,75.83971,333.45,0.39,0.36,"2026-02-15",817,"N20","low","2.0NRT",306.83,2.82,"D"
"8483",14.34084,77.5587,341.7,0.45,0.39,"2026-02-15",817,"N20","nominal","2.0NRT",312.3,7.82,"D"
"8484",14.34064,77.55963,339.81,0.45,0.39,"2026-02-15",817,"N20","nominal","2.0NRT",313.74,6.77,"D"
"8485",14.10968,75.81638,336.11,0.39,0.36,"2026-02-15",817,"N20","nominal","2.0NRT",310.31,4.62,"D"
"8486",14.10915,75.81277,334.84,0.39,0.36,"2026-02-15",817,"N20","nominal","2.0NRT",307.94,3.68,"D"
"8487",14.28681,77.02055,336.17,0.43,0.38,"2026-02-15",817,"N20","low","2.0NRT",311.04,2.08,"D"
"8488",14.11301,75.81587,338.32,0.39,0.36,"2026-02-15",817,"N20","nominal","2.0NRT",311.99,4.62,"D"
"8489",14.11248,75.81225,343.19,0.39,0.36,"2026-02-15",817,"N20","nominal","2.0NRT",312.01,3.68,"D"
"8490",14.07796,75.37357,339.25,0.39,0.36,"2026-02-15",817,"N20","nominal","2.0NRT",307.84,3.13,"D"
"8491",14.49531,78.01282,345.19,0.47,0.4,"2026-02-15",817,"N20","nominal","2.0NRT",309.09,6.32,"D"
"8492",14.51124,78.07321,339.75,0.47,0.4,"2026-02-15",817,"N20","low","2.0NRT",312.77,6.02,"D"
"8493",14.46755,77.33227,338.05,0.44,0.38,"2026-02-15",817,"N20","low","2.0NRT",311.95,3.05,"D"
"8494",14.2095,75.41436,336.24,0.39,0.36,"2026-02-15",817,"N20","nominal","2.0NRT",309.79,3.13,"D"
"8495",14.20897,75.4108,335.36,0.39,0.36,"2026-02-15",817,"N20","nominal","2.0NRT",309.89,3.13,"D"
"8496",14.21282,75.41383,333.35,0.39,0.36,"2026-02-15",817,"N20","nominal","2.0NRT",306.53,1.48,"D"
"8497",14.31231,76.03815,335.33,0.4,0.37,"2026-02-15",817,"N20","nominal","2.0NRT",308.47,2.61,"D"
"8498",14.56395,77.68098,338.88,0.45,0.39,"2026-02-15",817,"N20","low","2.0NRT",312.85,2.06,"D"
"8499",14.54614,77.50485,335.68,0.45,0.39,"2026-02-15",817,"N20","low","2.0NRT",310.63,2.2,"D"
"8500",14.1985,75.02254,335.3,0.38,0.36,"2026-02-15",817,"N20","nominal","2.0NRT",309.99,6.19,"D"
"8501",14.28007,75.52334,336.18,0.39,0.36,"2026-02-15",817,"N20","low","2.0NRT",309.76,2.25,"D"
"8502",14.56954,77.16087,341.84,0.43,0.38,"2026-02-15",817,"N20","nominal","2.0NRT",315.28,8.02,"D"
"8503",14.4381,76.22578,339.79,0.4,0.37,"2026-02-15",817,"N20","nominal","2.0NRT",314.69,5.17,"D"
"8504",14.95462,79.81951,331.19,0.4,0.44,"2026-02-15",817,"N20","low","2.0NRT",304.36,2.74,"D"
"8505",14.6149,77.2281,345.6,0.44,0.38,"2026-02-15",817,"N20","nominal","2.0NRT",314.85,4.18,"D"
"8506",14.37168,75.50131,367,0.39,0.36,"2026-02-15",817,"N20","high","2.0NRT",334.48,84.94,"D"
"8507",14.37115,75.49773,343.09,0.39,0.36,"2026-02-15",817,"N20","nominal","2.0NRT",316.36,9.45,"D"
"8508",14.37447,75.4972,342.3,0.39,0.36,"2026-02-15",817,"N20","nominal","2.0NRT",313.46,3.99,"D"
"8509",14.69767,77.61121,337.88,0.45,0.39,"2026-02-15",817,"N20","low","2.0NRT",309.11,3.6,"D"
"8510",14.48757,76.08171,336.92,0.4,0.37,"2026-02-15",817,"N20","nominal","2.0NRT",311.28,1.68,"D"
"8511",14.74549,77.85128,336.86,0.47,0.39,"2026-02-15",817,"N20","nominal","2.0NRT",308.51,3.36,"D"
"8512",14.81239,77.73795,342.38,0.46,0.39,"2026-02-15",817,"N20","nominal","2.0NRT",313.91,5.67,"D"
"8513",14.57372,76.04588,339.52,0.4,0.37,"2026-02-15",817,"N20","low","2.0NRT",311.06,5.73,"D"
"8514",14.44882,74.90585,336.24,0.38,0.36,"2026-02-15",817,"N20","nominal","2.0NRT",309.42,3.52,"D"
"8515",14.44828,74.90231,338.76,0.38,0.36,"2026-02-15",817,"N20","nominal","2.0NRT",309.45,3.59,"D"
"8516",14.51012,74.90636,346.57,0.38,0.36,"2026-02-15",817,"N20","nominal","2.0NRT",315.17,5.21,"D"
"8517",14.69663,75.70123,339.47,0.39,0.36,"2026-02-15",817,"N20","low","2.0NRT",312.2,7.71,"D"
"8518",14.99228,77.69968,344.75,0.46,0.39,"2026-02-15",817,"N20","nominal","2.0NRT",311.24,4.41,"D"
"8519",14.8407,76.49133,337.99,0.41,0.37,"2026-02-15",817,"N20","nominal","2.0NRT",310.89,2.55,"D"
"8520",14.84016,76.48751,352.09,0.41,0.37,"2026-02-15",817,"N20","nominal","2.0NRT",312.67,12.48,"D"
"8521",14.78494,75.88896,348.84,0.4,0.37,"2026-02-15",817,"N20","nominal","2.0NRT",316.4,4.93,"D"
"8522",15.04045,77.66336,335.83,0.46,0.39,"2026-02-15",817,"N20","low","2.0NRT",308.87,2.44,"D"
"8523",14.7407,75.56448,339.19,0.39,0.36,"2026-02-15",817,"N20","nominal","2.0NRT",313.92,1.87,"D"
"8524",14.87009,76.2131,338.22,0.4,0.37,"2026-02-15",817,"N20","low","2.0NRT",312.45,3.37,"D"
"8525",15.05391,77.47186,341.5,0.45,0.39,"2026-02-15",817,"N20","low","2.0NRT",314.93,5.03,"D"
"8526",15.08656,77.67829,340,0.46,0.39,"2026-02-15",817,"N20","low","2.0NRT",311.69,3.56,"D"
"8527",14.95344,76.61913,338.11,0.42,0.37,"2026-02-15",817,"N20","low","2.0NRT",312.34,5.23,"D"
"8528",14.92798,76.41984,339.05,0.41,0.37,"2026-02-15",817,"N20","nominal","2.0NRT",309.16,3.24,"D"
"8529",14.85028,75.89021,349.34,0.4,0.37,"2026-02-15",817,"N20","nominal","2.0NRT",312.9,6.28,"D"
"8530",14.93138,76.4193,341.86,0.41,0.37,"2026-02-15",817,"N20","nominal","2.0NRT",310.88,3.8,"D"
"8531",14.93479,76.41879,340.38,0.41,0.37,"2026-02-15",817,"N20","low","2.0NRT",311.02,3.8,"D"
"8532",14.93506,76.41798,339.33,0.41,0.37,"2026-02-15",817,"N20","low","2.0NRT",311.48,3.31,"D"
"8533",15.15892,77.87421,337.33,0.47,0.4,"2026-02-15",817,"N20","nominal","2.0NRT",309.16,2.24,"D"
"8534",14.82921,75.26995,342.48,0.39,0.36,"2026-02-15",817,"N20","nominal","2.0NRT",312.54,3.98,"D"
"8535",15.0121,76.32507,351.24,0.41,0.37,"2026-02-15",817,"N20","nominal","2.0NRT",314.22,5.49,"D"
"8536",15.27879,78.12074,336,0.49,0.4,"2026-02-15",817,"N20","nominal","2.0NRT",306.07,2.73,"D"
"8537",15.45729,79.36436,340.23,0.57,0.43,"2026-02-15",817,"N20","nominal","2.0NRT",310.55,4.97,"D"
"8538",15.45549,79.36255,340.84,0.57,0.43,"2026-02-15",817,"N20","nominal","2.0NRT",310.65,4.9,"D"
"8539",15.14803,76.95895,339.88,0.43,0.38,"2026-02-15",817,"N20","nominal","2.0NRT",312.33,2.61,"D"
"8540",15.26273,77.65328,333.01,0.46,0.39,"2026-02-15",817,"N20","low","2.0NRT",307.69,0.95,"D"
"8541",15.17394,76.69323,338.2,0.42,0.38,"2026-02-15",817,"N20","low","2.0NRT",311.65,2.43,"D"
"8542",15.18091,76.66836,340.56,0.42,0.38,"2026-02-15",817,"N20","low","2.0NRT",313.24,4.55,"D"
"8543",15.32392,77.61824,338.94,0.46,0.39,"2026-02-15",817,"N20","nominal","2.0NRT",309.41,2.73,"D"
"8544",15.37261,78.02219,336.83,0.48,0.4,"2026-02-15",817,"N20","low","2.0NRT",311.4,2.75,"D"
"8545",15.2524,76.80582,341.74,0.43,0.38,"2026-02-15",817,"N20","nominal","2.0NRT",315.59,5.24,"D"
"8546",15.58444,78.91463,333.16,0.54,0.42,"2026-02-15",817,"N20","nominal","2.0NRT",307.35,3.91,"D"
"8547",15.11977,75.60398,345.22,0.39,0.36,"2026-02-15",817,"N20","low","2.0NRT",315.27,4.24,"D"
"8548",15.15183,75.77464,347.04,0.4,0.37,"2026-02-15",817,"N20","nominal","2.0NRT",309.82,4.76,"D"
"8549",15.15799,75.76993,343.23,0.4,0.37,"2026-02-15",817,"N20","nominal","2.0NRT",313.11,3.61,"D"
"8550",15.48289,78.00637,339.56,0.48,0.4,"2026-02-15",817,"N20","nominal","2.0NRT",304.31,4.42,"D"
"8551",15.48657,78.00586,341.36,0.48,0.4,"2026-02-15",817,"N20","nominal","2.0NRT",305.09,4.42,"D"
"8552",15.48257,78.00802,335.16,0.48,0.4,"2026-02-15",817,"N20","nominal","2.0NRT",302.63,2.15,"D"
"8553",15.48625,78.0075,345.3,0.48,0.4,"2026-02-15",817,"N20","nominal","2.0NRT",305.36,4.97,"D"
"8554",15.80252,79.90499,335.58,0.42,0.45,"2026-02-15",817,"N20","low","2.0NRT",307.86,2.59,"D"
"8555",15.69837,79.07787,340.17,0.55,0.43,"2026-02-15",817,"N20","nominal","2.0NRT",308.27,5.89,"D"
"8556",15.20333,75.54988,340.33,0.39,0.36,"2026-02-15",817,"N20","low","2.0NRT",312.84,4.37,"D"
"8557",15.70158,78.98254,333.04,0.55,0.42,"2026-02-15",817,"N20","low","2.0NRT",304.5,6.43,"D"
"8558",15.61725,78.24899,333.91,0.5,0.41,"2026-02-15",817,"N20","low","2.0NRT",308,3.39,"D"
"8559",15.61824,78.24563,337.73,0.5,0.41,"2026-02-15",817,"N20","nominal","2.0NRT",310.15,3.14,"D"
"8560",15.86902,79.94749,333.17,0.42,0.45,"2026-02-15",817,"N20","nominal","2.0NRT",305.77,2.52,"D"
"8561",15.86517,79.68597,331.6,0.4,0.44,"2026-02-15",817,"N20","low","2.0NRT",306.52,1.85,"D"
"8562",15.52291,77.0359,346.13,0.44,0.38,"2026-02-15",817,"N20","nominal","2.0NRT",315.18,7.69,"D"
"8563",15.82115,79.0405,336.85,0.55,0.43,"2026-02-15",817,"N20","nominal","2.0NRT",304.18,5.34,"D"
"8564",15.50248,76.69281,338.57,0.42,0.38,"2026-02-15",817,"N20","low","2.0NRT",310.67,4.86,"D"
"8565",15.73499,78.31952,340.94,0.5,0.41,"2026-02-15",817,"N20","nominal","2.0NRT",313.09,4.23,"D"
"8566",15.50594,76.69229,336.88,0.42,0.38,"2026-02-15",817,"N20","low","2.0NRT",310.79,5.41,"D"
"8567",15.83528,79.02694,331.55,0.55,0.43,"2026-02-15",817,"N20","low","2.0NRT",303.21,3.08,"D"
"8568",15.73613,78.3206,339.29,0.5,0.41,"2026-02-15",817,"N20","low","2.0NRT",313.43,3.91,"D"
"8569",15.31875,75.13918,340.71,0.39,0.36,"2026-02-15",817,"N20","nominal","2.0NRT",315.41,6.26,"D"
"8570",15.79926,78.27814,349.41,0.5,0.41,"2026-02-15",817,"N20","nominal","2.0NRT",312.38,18.38,"D"
"8571",15.80364,78.2823,338.15,0.5,0.41,"2026-02-15",817,"N20","low","2.0NRT",312.45,8.53,"D"
"8572",15.93513,79.05527,335.9,0.56,0.43,"2026-02-15",817,"N20","low","2.0NRT",308.51,3.71,"D"
"8573",15.95126,78.96549,336.21,0.55,0.43,"2026-02-15",820,"N20","nominal","2.0NRT",307.37,4.59,"D"
"8574",16.02971,79.29178,332.37,0.38,0.43,"2026-02-15",820,"N20","low","2.0NRT",306.84,1.68,"D"
"8575",15.76823,77.13774,338.15,0.44,0.39,"2026-02-15",820,"N20","nominal","2.0NRT",309.69,1.81,"D"
"8576",15.50641,74.89609,336.8,0.39,0.36,"2026-02-15",820,"N20","low","2.0NRT",311.03,1.58,"D"
"8577",15.47058,74.63544,345.83,0.38,0.36,"2026-02-15",820,"N20","nominal","2.0NRT",307.85,5.43,"D"
"8578",15.97118,77.98033,340.68,0.49,0.4,"2026-02-15",820,"N20","nominal","2.0NRT",314.66,4.08,"D"
"8579",16.11612,78.91409,333.01,0.55,0.43,"2026-02-15",820,"N20","nominal","2.0NRT",304.9,3.68,"D"
"8580",16.11998,78.91323,337.19,0.55,0.43,"2026-02-15",820,"N20","nominal","2.0NRT",307.49,3.68,"D"
"8581",16.13592,78.97301,339.82,0.55,0.43,"2026-02-15",820,"N20","nominal","2.0NRT",308.62,5.9,"D"
"8582",16.13524,78.96793,334.07,0.55,0.43,"2026-02-15",820,"N20","low","2.0NRT",306.15,5.9,"D"
"8583",15.87988,77.08439,339.33,0.44,0.38,"2026-02-15",820,"N20","low","2.0NRT",314.15,2.74,"D"
"8584",16.14448,78.97729,332.13,0.55,0.43,"2026-02-15",820,"N20","low","2.0NRT",305.44,2.22,"D"
"8585",15.51149,74.54873,346.2,0.38,0.36,"2026-02-15",820,"N20","nominal","2.0NRT",310.28,7.26,"D"
"8586",16.14407,78.97457,335.34,0.55,0.43,"2026-02-15",820,"N20","nominal","2.0NRT",307.67,1.98,"D"
"8587",15.55373,74.51222,335.39,0.38,0.36,"2026-02-15",820,"N20","low","2.0NRT",309.89,4.53,"D"
"8588",16.16737,78.84653,343.26,0.54,0.42,"2026-02-15",820,"N20","nominal","2.0NRT",308.44,14.11,"D"
"8589",16.1719,78.85091,342.97,0.55,0.42,"2026-02-15",820,"N20","nominal","2.0NRT",306.25,5.17,"D"
"8590",16.17122,78.84568,353.32,0.54,0.42,"2026-02-15",820,"N20","nominal","2.0NRT",309.86,14.11,"D"
"8591",16.59684,82.28957,334.85,0.61,0.53,"2026-02-15",820,"N20","nominal","2.0NRT",296.72,3.35,"D"
"8592",16.17576,78.8501,334.39,0.55,0.42,"2026-02-15",820,"N20","nominal","2.0NRT",308.21,4.62,"D"
"8593",16.17508,78.84494,345.06,0.54,0.42,"2026-02-15",820,"N20","nominal","2.0NRT",309.04,5.48,"D"
"8594",16.22284,79.08828,339.54,0.56,0.43,"2026-02-15",820,"N20","low","2.0NRT",309.65,6.89,"D"
"8595",15.97564,77.20164,338.14,0.45,0.39,"2026-02-15",820,"N20","nominal","2.0NRT",307.26,3.81,"D"
"8596",16.42702,80.51949,341.16,0.46,0.47,"2026-02-15",820,"N20","nominal","2.0NRT",304.26,2.63,"D"
"8597",16.43355,80.50111,339.27,0.46,0.47,"2026-02-15",820,"N20","nominal","2.0NRT",305.84,3.26,"D"
"8598",16.47362,80.52814,337.32,0.46,0.47,"2026-02-15",820,"N20","low","2.0NRT",309.8,4.01,"D"
"8599",15.67115,74.56962,336.12,0.38,0.36,"2026-02-15",820,"N20","low","2.0NRT",311.01,3,"D"
"8600",16.07906,77.14059,340.39,0.45,0.39,"2026-02-15",820,"N20","low","2.0NRT",315.08,3.45,"D"
"8601",15.63592,74.02832,343.69,0.38,0.36,"2026-02-15",820,"N20","nominal","2.0NRT",315.69,10.84,"D"
"8602",16.12215,77.18945,341.87,0.45,0.39,"2026-02-15",820,"N20","low","2.0NRT",315.43,3.09,"D"
"8603",15.74085,74.26926,347.01,0.38,0.36,"2026-02-15",820,"N20","nominal","2.0NRT",313.37,5.33,"D"
"8604",16.15166,77.04093,338.77,0.44,0.39,"2026-02-15",820,"N20","low","2.0NRT",309.42,2.76,"D"
"8605",16.14193,76.97105,339.24,0.44,0.38,"2026-02-15",820,"N20","low","2.0NRT",312.24,7,"D"
"8606",15.68504,73.86185,344.74,0.39,0.36,"2026-02-15",820,"N20","nominal","2.0NRT",310.58,3.53,"D"
"8607",15.68448,73.85826,336.78,0.39,0.36,"2026-02-15",820,"N20","low","2.0NRT",311.09,2.91,"D"
"8608",16.09244,76.56814,345.45,0.42,0.38,"2026-02-15",820,"N20","nominal","2.0NRT",315.27,4.64,"D"
"8609",16.62276,80.50809,345.94,0.46,0.47,"2026-02-15",820,"N20","nominal","2.0NRT",302.77,5.37,"D"
"8610",15.96459,75.60812,341.55,0.4,0.37,"2026-02-15",820,"N20","low","2.0NRT",313.61,3.92,"D"
"8611",15.77604,74.25624,338.19,0.38,0.36,"2026-02-15",820,"N20","low","2.0NRT",308.68,3.54,"D"
"8612",16.20624,77.14709,341.29,0.45,0.39,"2026-02-15",820,"N20","low","2.0NRT",315.83,3.45,"D"
"8613",15.89577,75.00471,344.66,0.39,0.36,"2026-02-15",820,"N20","nominal","2.0NRT",312.95,3.89,"D"
"8614",15.9849,75.55977,354.26,0.4,0.37,"2026-02-15",820,"N20","nominal","2.0NRT",314.48,5.37,"D"
"8615",15.98825,75.55925,344.41,0.4,0.37,"2026-02-15",820,"N20","low","2.0NRT",314.46,5.37,"D"
"8616",15.7926,74.18797,338.13,0.38,0.36,"2026-02-15",820,"N20","low","2.0NRT",308.33,2.81,"D"
"8617",16.24309,77.18105,338.68,0.45,0.39,"2026-02-15",820,"N20","low","2.0NRT",313.64,1.64,"D"
"8618",15.90646,74.59967,349.95,0.38,0.36,"2026-02-15",820,"N20","nominal","2.0NRT",310.64,4.19,"D"
"8619",16.52239,78.8739,336.73,0.55,0.43,"2026-02-15",820,"N20","nominal","2.0NRT",307.34,2.98,"D"
"8620",15.88418,74.31873,342.42,0.38,0.36,"2026-02-15",820,"N20","nominal","2.0NRT",311.87,4.75,"D"
"8621",15.87614,74.19966,335.69,0.38,0.36,"2026-02-15",820,"N20","low","2.0NRT",308.68,2.2,"D"
"8622",15.93244,74.54803,344.09,0.38,0.36,"2026-02-15",820,"N20","nominal","2.0NRT",312.66,5.25,"D"
"8623",16.23935,76.44232,338.78,0.42,0.38,"2026-02-15",820,"N20","low","2.0NRT",310.5,2.68,"D"
"8624",16.23848,76.44253,342.84,0.42,0.38,"2026-02-15",820,"N20","nominal","2.0NRT",311.28,2.71,"D"
"8625",15.96195,74.53912,334.3,0.38,0.36,"2026-02-15",820,"N20","low","2.0NRT",309.06,1.68,"D"
"8626",16.44742,77.78469,338.36,0.48,0.4,"2026-02-15",820,"N20","low","2.0NRT",310.85,2.34,"D"
"8627",15.95498,74.24827,336.72,0.38,0.36,"2026-02-15",820,"N20","low","2.0NRT",310.51,2.64,"D"
"8628",16.42157,77.42908,341.95,0.46,0.39,"2026-02-15",820,"N20","nominal","2.0NRT",308.39,4.62,"D"
"8629",15.96429,74.26501,334.31,0.38,0.36,"2026-02-15",820,"N20","low","2.0NRT",307.9,2.23,"D"
"8630",16.06031,74.85656,339.21,0.39,0.36,"2026-02-15",820,"N20","low","2.0NRT",311.37,3.19,"D"
"8631",15.98388,74.3494,335.94,0.38,0.36,"2026-02-15",820,"N20","low","2.0NRT",310.66,2.8,"D"
"8632",16.03914,74.62535,337.74,0.38,0.36,"2026-02-15",820,"N20","nominal","2.0NRT",310.44,2.17,"D"
"8633",15.98142,74.20019,336.49,0.38,0.36,"2026-02-15",820,"N20","nominal","2.0NRT",310.04,2.3,"D"
"8634",16.0427,74.53702,345.2,0.38,0.36,"2026-02-15",820,"N20","low","2.0NRT",318.78,15.36,"D"
"8635",16.04216,74.53345,338.19,0.38,0.36,"2026-02-15",820,"N20","low","2.0NRT",311.51,15.36,"D"
"8636",16.046,74.53649,345.74,0.38,0.36,"2026-02-15",820,"N20","low","2.0NRT",319.26,15.36,"D"
"8637",16.06021,74.56345,339.56,0.38,0.36,"2026-02-15",820,"N20","nominal","2.0NRT",312.12,3.09,"D"
"8638",16.00201,74.0433,345.45,0.38,0.36,"2026-02-15",820,"N20","nominal","2.0NRT",310.02,14.13,"D"
"8639",16.82796,80.05037,335.1,0.44,0.46,"2026-02-15",820,"N20","low","2.0NRT",308.46,3.01,"D"
"8640",16.09567,74.63805,343.27,0.39,0.36,"2026-02-15",820,"N20","nominal","2.0NRT",312.82,3.66,"D"
"8641",16.0053,74.04276,339.07,0.38,0.36,"2026-02-15",820,"N20","low","2.0NRT",312.61,14.13,"D"
"8642",16.54885,77.76256,338.76,0.48,0.4,"2026-02-15",820,"N20","nominal","2.0NRT",305.75,7.4,"D"
"8643",16.05499,74.25738,342.37,0.38,0.36,"2026-02-15",820,"N20","nominal","2.0NRT",310.96,2.93,"D"
"8644",16.49563,77.18002,338.88,0.45,0.39,"2026-02-15",820,"N20","low","2.0NRT",312.17,8.34,"D"
"8645",16.12553,74.38828,348.34,0.38,0.36,"2026-02-15",820,"N20","nominal","2.0NRT",311.71,6.42,"D"
"8646",16.12499,74.3847,355.8,0.38,0.36,"2026-02-15",820,"N20","nominal","2.0NRT",313.04,10,"D"
"8647",16.12883,74.38773,337.8,0.38,0.36,"2026-02-15",820,"N20","nominal","2.0NRT",312.67,6.33,"D"
"8648",16.12828,74.38417,344.55,0.38,0.36,"2026-02-15",820,"N20","nominal","2.0NRT",312.52,5.83,"D"
"8649",16.13212,74.3872,367,0.38,0.36,"2026-02-15",820,"N20","high","2.0NRT",310.7,6.33,"D"
"8650",16.19576,74.80913,350.09,0.39,0.36,"2026-02-15",820,"N20","nominal","2.0NRT",309.73,7.77,"D"
"8651",16.13266,74.39077,339.18,0.38,0.36,"2026-02-15",820,"N20","nominal","2.0NRT",310.89,6.33,"D"
"8652",16.24052,75.08615,344.66,0.39,0.36,"2026-02-15",820,"N20","nominal","2.0NRT",310.95,3.82,"D"
"8653",16.19906,74.80859,344.21,0.39,0.36,"2026-02-15",820,"N20","nominal","2.0NRT",307.68,4.15,"D"
"8654",16.66,77.59199,333.39,0.47,0.4,"2026-02-15",820,"N20","low","2.0NRT",308.1,1.81,"D"
"8655",16.61606,77.05928,343.45,0.45,0.39,"2026-02-15",820,"N20","nominal","2.0NRT",310.47,5.48,"D"
"8656",16.59288,76.89358,339.91,0.44,0.38,"2026-02-15",820,"N20","nominal","2.0NRT",310.08,2.43,"D"
"8657",16.20201,74.22133,355.46,0.38,0.36,"2026-02-15",820,"N20","nominal","2.0NRT",311.77,8.41,"D"
"8658",16.66449,77.38169,344.01,0.46,0.39,"2026-02-15",820,"N20","nominal","2.0NRT",309.67,3.71,"D"
"8659",16.15502,73.73833,335.03,0.39,0.36,"2026-02-15",820,"N20","low","2.0NRT",309.27,2.07,"D"
"8660",16.16107,73.73363,344.86,0.39,0.36,"2026-02-15",820,"N20","nominal","2.0NRT",313.65,6.66,"D"
"8661",16.16052,73.73006,337.35,0.39,0.36,"2026-02-15",820,"N20","low","2.0NRT",310.89,6.66,"D"
"8662",16.25194,74.27875,345.08,0.38,0.36,"2026-02-15",820,"N20","nominal","2.0NRT",314.9,3.73,"D"
"8663",16.2817,74.45303,342.72,0.38,0.36,"2026-02-15",820,"N20","low","2.0NRT",315.9,5.34,"D"
"8664",16.54996,76.19636,343.37,0.42,0.37,"2026-02-15",820,"N20","nominal","2.0NRT",314.24,4.12,"D"
"8665",16.69326,77.07027,340.07,0.45,0.39,"2026-02-15",820,"N20","low","2.0NRT",312.87,5.9,"D"
"8666",16.21597,73.75746,341.76,0.39,0.36,"2026-02-15",820,"N20","nominal","2.0NRT",305.98,4.68,"D"
"8667",16.77909,77.4814,336.04,0.47,0.4,"2026-02-15",820,"N20","low","2.0NRT",309,8.24,"D"
"8668",16.9996,79.10272,342.55,0.38,0.44,"2026-02-15",820,"N20","nominal","2.0NRT",309.19,2.88,"D"
"8669",16.68256,76.70985,336.61,0.43,0.38,"2026-02-15",820,"N20","low","2.0NRT",309.57,3.24,"D"
"8670",16.79057,77.45729,338.87,0.47,0.4,"2026-02-15",820,"N20","nominal","2.0NRT",307.12,4.85,"D"
"8671",16.67603,76.53854,338.96,0.43,0.38,"2026-02-15",820,"N20","low","2.0NRT",311.86,4.97,"D"
"8672",16.26835,73.70047,347.13,0.39,0.36,"2026-02-15",820,"N20","nominal","2.0NRT",313.29,6.59,"D"
"8673",17.42335,81.99737,342.77,0.6,0.53,"2026-02-15",820,"N20","nominal","2.0NRT",306.98,35.32,"D"
"8674",16.95575,77.95824,337.76,0.5,0.41,"2026-02-15",820,"N20","nominal","2.0NRT",312.23,5.26,"D"
"8675",16.45157,74.00768,345.88,0.38,0.36,"2026-02-15",820,"N20","nominal","2.0NRT",309.87,5.68,"D"
"8676",16.48699,74.21781,338.54,0.38,0.36,"2026-02-15",820,"N20","low","2.0NRT",312.43,3.89,"D"
"8677",16.49082,74.22079,339.52,0.38,0.36,"2026-02-15",820,"N20","low","2.0NRT",311.53,3.3,"D"
"8678",16.42678,73.73659,347.1,0.39,0.36,"2026-02-15",820,"N20","nominal","2.0NRT",311.19,8.37,"D"
"8679",16.39329,73.47687,341.22,0.39,0.36,"2026-02-15",820,"N20","nominal","2.0NRT",312.69,4.02,"D"
"8680",16.53467,74.26488,339.45,0.38,0.36,"2026-02-15",820,"N20","nominal","2.0NRT",314.08,9.22,"D"
"8681",17.47975,80.92269,335.57,0.51,0.49,"2026-02-15",820,"N20","nominal","2.0NRT",302.46,4.9,"D"
"8682",16.9023,76.49351,336.65,0.43,0.38,"2026-02-15",820,"N20","nominal","2.0NRT",308.32,3.22,"D"
"8683",16.93027,76.67012,344.92,0.43,0.38,"2026-02-15",820,"N20","nominal","2.0NRT",313.5,4.6,"D"
"8684",17.47598,80.91981,332.79,0.51,0.49,"2026-02-15",820,"N20","low","2.0NRT",302.9,2.49,"D"
"8685",16.97077,76.75591,337.92,0.44,0.38,"2026-02-15",820,"N20","low","2.0NRT",312.36,2.83,"D"
"8686",16.62067,74.29427,336.9,0.38,0.36,"2026-02-15",820,"N20","low","2.0NRT",311.25,1.85,"D"
"8687",16.65591,74.48289,342.59,0.38,0.36,"2026-02-15",820,"N20","nominal","2.0NRT",309.7,2.24,"D"
"8688",17.38738,79.74197,347.91,0.43,0.46,"2026-02-15",820,"N20","nominal","2.0NRT",308.75,4.98,"D"
"8689",17.08609,77.40901,347.59,0.47,0.4,"2026-02-15",820,"N20","nominal","2.0NRT",312.66,7.91,"D"
"8690",17.79046,82.72515,335.01,0.34,0.56,"2026-02-15",820,"N20","nominal","2.0NRT",302.69,1.9,"D"
"8691",16.65295,74.01355,333,0.38,0.36,"2026-02-15",820,"N20","low","2.0NRT",306.92,1.89,"D"
"8692",16.9196,75.77169,337.23,0.41,0.37,"2026-02-15",820,"N20","nominal","2.0NRT",311.19,2.39,"D"
"8693",17.79297,82.72488,334.61,0.34,0.56,"2026-02-15",820,"N20","nominal","2.0NRT",303.65,2.9,"D"
"8694",16.76286,74.51627,347.82,0.39,0.36,"2026-02-15",820,"N20","nominal","2.0NRT",317.05,10.89,"D"
"8695",17.64214,80.98908,336.71,0.51,0.5,"2026-02-15",820,"N20","nominal","2.0NRT",303.75,7.53,"D"
"8696",17.1959,77.42079,344.6,0.47,0.4,"2026-02-15",820,"N20","nominal","2.0NRT",312.82,6.39,"D"
"8697",16.71931,74.09422,353.14,0.38,0.36,"2026-02-15",820,"N20","nominal","2.0NRT",313.09,8.37,"D"
"8698",16.71877,74.09065,343.85,0.38,0.36,"2026-02-15",820,"N20","nominal","2.0NRT",312.21,8.37,"D"
"8699",16.72261,74.09369,338.07,0.38,0.36,"2026-02-15",820,"N20","nominal","2.0NRT",307.54,3.06,"D"
"8700",17.0581,76.35204,336.89,0.42,0.38,"2026-02-15",820,"N20","nominal","2.0NRT",308.24,2.56,"D"
"8701",16.72591,74.09315,336.35,0.38,0.36,"2026-02-15",820,"N20","low","2.0NRT",310.56,3.06,"D"
"8702",16.7292,74.09261,340.95,0.38,0.36,"2026-02-15",820,"N20","nominal","2.0NRT",307.97,2.84,"D"
"8703",16.72866,74.08903,346.93,0.38,0.36,"2026-02-15",820,"N20","nominal","2.0NRT",307.57,2.84,"D"
"8704",17.31877,78.10454,335.63,0.51,0.41,"2026-02-15",820,"N20","low","2.0NRT",310.59,2.01,"D"
"8705",17.28493,77.82661,335.95,0.49,0.41,"2026-02-15",820,"N20","low","2.0NRT",309.3,4,"D"
"8706",17.26805,77.7029,343.47,0.49,0.4,"2026-02-15",820,"N20","nominal","2.0NRT",307.67,4.4,"D"
"8707",17.26743,77.69835,340.54,0.49,0.4,"2026-02-15",820,"N20","nominal","2.0NRT",309.21,4.4,"D"
"8708",17.67747,80.69125,332.84,0.49,0.49,"2026-02-15",820,"N20","nominal","2.0NRT",300.95,1.77,"D"
"8709",17.72223,80.87779,334.2,0.51,0.49,"2026-02-15",820,"N20","nominal","2.0NRT",308.27,4.33,"D"
"8710",16.88613,74.56947,336.84,0.39,0.36,"2026-02-15",820,"N20","nominal","2.0NRT",310.1,2,"D"
"8711",17.94547,82.71692,347.05,0.34,0.56,"2026-02-15",820,"N20","nominal","2.0NRT",302.69,5.09,"D"
"8712",17.67006,80.3274,350.14,0.47,0.48,"2026-02-15",820,"N20","nominal","2.0NRT",304.27,7.18,"D"
"8713",17.66498,80.21308,343.15,0.46,0.47,"2026-02-15",820,"N20","nominal","2.0NRT",306.4,8.89,"D"
"8714",17.66985,80.21687,330.85,0.46,0.47,"2026-02-15",820,"N20","low","2.0NRT",304.74,5.74,"D"
"8715",17.66931,80.21249,353.87,0.46,0.47,"2026-02-15",820,"N20","nominal","2.0NRT",309.12,8.89,"D"
"8716",17.67364,80.21184,351.19,0.46,0.47,"2026-02-15",820,"N20","nominal","2.0NRT",307.99,11.6,"D"
"8717",17.39265,77.99412,334.67,0.51,0.41,"2026-02-15",820,"N20","low","2.0NRT",306.82,2.05,"D"
"8718",17.21752,76.71547,344.78,0.44,0.38,"2026-02-15",820,"N20","nominal","2.0NRT",313.12,4.71,"D"
"8719",16.88333,74.39335,345.1,0.38,0.36,"2026-02-15",820,"N20","nominal","2.0NRT",309.6,4.28,"D"
"8720",16.88717,74.39639,340.31,0.38,0.36,"2026-02-15",820,"N20","nominal","2.0NRT",308.85,4.28,"D"
"8721",16.88663,74.39281,336.05,0.38,0.36,"2026-02-15",820,"N20","low","2.0NRT",310.49,4.28,"D"
"8722",17.41906,78.01942,332.91,0.51,0.41,"2026-02-15",820,"N20","low","2.0NRT",307.12,1.43,"D"
"8723",17.73855,80.41341,354.76,0.47,0.48,"2026-02-15",820,"N20","nominal","2.0NRT",307.11,14.26,"D"
"8724",17.20982,76.31768,335.94,0.42,0.38,"2026-02-15",820,"N20","nominal","2.0NRT",310.3,1.76,"D"
"8725",17.7389,80.41502,349.47,0.47,0.48,"2026-02-15",820,"N20","nominal","2.0NRT",305.76,10.84,"D"
"8726",17.43074,77.92787,341.55,0.5,0.41,"2026-02-15",820,"N20","nominal","2.0NRT",308.29,3.69,"D"
"8727",17.74279,80.41007,344.11,0.47,0.48,"2026-02-15",820,"N20","nominal","2.0NRT",306.48,9.38,"D"
"8728",16.9767,74.58419,345.66,0.39,0.36,"2026-02-15",820,"N20","nominal","2.0NRT",311.77,4.55,"D"
"8729",17.4651,77.87043,338.03,0.5,0.41,"2026-02-15",820,"N20","nominal","2.0NRT",310.31,5.26,"D"
"8730",17.8148,80.59987,336.33,0.49,0.48,"2026-02-15",820,"N20","nominal","2.0NRT",308,4.34,"D"
"8731",16.85538,73.60831,340.61,0.39,0.36,"2026-02-15",820,"N20","low","2.0NRT",310.76,4.69,"D"
"8732",16.85924,73.61134,345.96,0.39,0.36,"2026-02-15",820,"N20","nominal","2.0NRT",309.91,12.6,"D"
"8733",16.86254,73.61081,353.34,0.39,0.36,"2026-02-15",820,"N20","nominal","2.0NRT",307.74,12.6,"D"
"8734",16.86199,73.60722,335.76,0.39,0.36,"2026-02-15",820,"N20","low","2.0NRT",307.84,21.01,"D"
"8735",17.27078,76.34898,339.77,0.43,0.38,"2026-02-15",820,"N20","nominal","2.0NRT",311.03,2.72,"D"
"8736",17.48614,77.77266,340.3,0.49,0.41,"2026-02-15",820,"N20","low","2.0NRT",313.33,6.35,"D"
"8737",17.69666,79.30319,332.44,0.4,0.44,"2026-02-15",820,"N20","low","2.0NRT",303.22,33.97,"D"
"8738",17.54949,78.18538,339.86,0.52,0.41,"2026-02-15",820,"N20","nominal","2.0NRT",304.57,4.81,"D"
"8739",16.98856,74.25851,337.44,0.38,0.36,"2026-02-15",820,"N20","nominal","2.0NRT",310.56,2.72,"D"
"8740",17.70025,79.29883,340.89,0.4,0.44,"2026-02-15",820,"N20","nominal","2.0NRT",304.75,6.98,"D"
"8741",17.5898,78.45768,330.45,0.54,0.42,"2026-02-15",820,"N20","low","2.0NRT",303.26,2.5,"D"
"8742",17.51477,77.81574,344.77,0.5,0.41,"2026-02-15",820,"N20","nominal","2.0NRT",310.05,6.26,"D"
"8743",17.51413,77.81105,332.08,0.5,0.41,"2026-02-15",820,"N20","low","2.0NRT",306.52,1.92,"D"
"8744",17.55276,78.18687,335.74,0.52,0.42,"2026-02-15",820,"N20","low","2.0NRT",306.37,4.12,"D"
"8745",17.59073,78.4547,338.73,0.54,0.42,"2026-02-15",820,"N20","nominal","2.0NRT",304.26,2.71,"D"
"8746",17.70014,79.30235,330.48,0.4,0.44,"2026-02-15",820,"N20","low","2.0NRT",304.72,6.58,"D"
"8747",17.69968,79.29854,338.23,0.4,0.44,"2026-02-15",820,"N20","nominal","2.0NRT",306.22,6.58,"D"
"8748",17.37948,76.65885,334.8,0.44,0.38,"2026-02-15",820,"N20","low","2.0NRT",309.47,0.67,"D"
"8749",17.71699,79.2037,344.36,0.4,0.44,"2026-02-15",820,"N20","nominal","2.0NRT",310.32,6.82,"D"
"8750",17.99558,81.51534,331.36,0.56,0.52,"2026-02-15",820,"N20","nominal","2.0NRT",303.39,1.97,"D"
"8751",17.47238,77.17828,347.66,0.46,0.39,"2026-02-15",820,"N20","nominal","2.0NRT",310.53,6.25,"D"
"8752",17.81624,79.80133,338.26,0.43,0.46,"2026-02-15",820,"N20","nominal","2.0NRT",307.78,4.3,"D"
"8753",17.9017,80.46842,340.65,0.48,0.48,"2026-02-15",820,"N20","nominal","2.0NRT",304.41,4.73,"D"
"8754",17.88659,80.34282,340.61,0.47,0.48,"2026-02-15",820,"N20","nominal","2.0NRT",305.65,3.2,"D"
"8755",17.8694,80.05698,330.15,0.45,0.47,"2026-02-15",820,"N20","low","2.0NRT",303.01,3.91,"D"
"8756",17.86887,80.05266,332.94,0.45,0.47,"2026-02-15",820,"N20","low","2.0NRT",303.26,3.91,"D"
"8757",17.47646,76.94223,344.07,0.45,0.39,"2026-02-15",820,"N20","nominal","2.0NRT",311.77,8.44,"D"
"8758",17.6584,78.2221,341.36,0.52,0.42,"2026-02-15",820,"N20","nominal","2.0NRT",312.98,4.67,"D"
"8759",17.09059,74.23767,348.11,0.38,0.36,"2026-02-15",820,"N20","nominal","2.0NRT",313.31,5.3,"D"
"8760",18.10839,81.69377,338.29,0.58,0.52,"2026-02-15",820,"N20","nominal","2.0NRT",304.18,4.25,"D"
"8761",18.10771,81.69199,331.7,0.58,0.52,"2026-02-15",820,"N20","low","2.0NRT",303.55,5.21,"D"
"8762",17.94992,80.30927,330.69,0.47,0.48,"2026-02-15",820,"N20","low","2.0NRT",303.4,2.33,"D"
"8763",17.95429,80.30863,338.69,0.47,0.48,"2026-02-15",820,"N20","nominal","2.0NRT",304.13,4.39,"D"
"8764",17.58717,77.09194,338.92,0.46,0.39,"2026-02-15",820,"N20","low","2.0NRT",310.35,5.53,"D"
"8765",17.97399,79.99757,339.77,0.45,0.47,"2026-02-15",820,"N20","nominal","2.0NRT",300.53,1.62,"D"
"8766",17.20033,74.3115,335.6,0.38,0.36,"2026-02-15",820,"N20","nominal","2.0NRT",308.61,1.28,"D"
"8767",17.76679,78.08006,342.23,0.52,0.41,"2026-02-15",820,"N20","nominal","2.0NRT",310.17,12.74,"D"
"8768",17.1749,73.9178,335.18,0.38,0.36,"2026-02-15",820,"N20","low","2.0NRT",307.51,6.03,"D"
"8769",17.17435,73.91422,335.93,0.38,0.36,"2026-02-15",820,"N20","low","2.0NRT",309.73,5.38,"D"
"8770",17.17819,73.91727,335.09,0.38,0.36,"2026-02-15",820,"N20","low","2.0NRT",307.37,15.82,"D"
"8771",17.76652,78.08118,340.59,0.52,0.41,"2026-02-15",820,"N20","nominal","2.0NRT",309.62,13.71,"D"
"8772",17.68235,77.29601,340.45,0.47,0.4,"2026-02-15",820,"N20","nominal","2.0NRT",314.61,4.9,"D"
"8773",17.61975,76.78006,341.07,0.45,0.39,"2026-02-15",820,"N20","nominal","2.0NRT",313.02,3.42,"D"
"8774",17.74958,77.46364,339.38,0.48,0.4,"2026-02-15",820,"N20","nominal","2.0NRT",308.57,2.69,"D"
"8775",17.48024,75.4218,334.95,0.4,0.37,"2026-02-15",820,"N20","low","2.0NRT",308.49,2.94,"D"
"8776",17.33763,74.45764,335.12,0.39,0.36,"2026-02-15",820,"N20","low","2.0NRT",308.25,4.59,"D"
"8777",17.74108,77.23801,335.58,0.47,0.4,"2026-02-15",820,"N20","low","2.0NRT",308.31,1.49,"D"
"8778",17.2715,73.97533,350.4,0.38,0.36,"2026-02-15",820,"N20","nominal","2.0NRT",317.36,6.64,"D"
"8779",17.27041,73.96815,347.84,0.38,0.36,"2026-02-15",820,"N20","nominal","2.0NRT",316.18,7.63,"D"
"8780",17.27427,73.94913,347.95,0.38,0.36,"2026-02-15",820,"N20","nominal","2.0NRT",311.56,2.98,"D"
"8781",17.70941,76.87805,341.83,0.45,0.39,"2026-02-15",820,"N20","nominal","2.0NRT",312.72,5.15,"D"
"8782",17.70831,76.87503,338.2,0.45,0.39,"2026-02-15",820,"N20","low","2.0NRT",312.31,4.04,"D"
"8783",17.32726,74.18288,340.36,0.38,0.36,"2026-02-15",820,"N20","nominal","2.0NRT",309.03,5.69,"D"
"8784",17.2979,73.96712,345.41,0.38,0.36,"2026-02-15",820,"N20","nominal","2.0NRT",308.62,2.86,"D"
"8785",17.81456,77.59026,336.18,0.49,0.4,"2026-02-15",820,"N20","low","2.0NRT",310.47,1.81,"D"
"8786",17.30175,73.97016,335.95,0.38,0.36,"2026-02-15",820,"N20","low","2.0NRT",310.35,4.13,"D"
"8787",17.3012,73.96658,339.35,0.38,0.36,"2026-02-15",820,"N20","nominal","2.0NRT",311.04,3.74,"D"
"8788",17.37016,74.15376,335.64,0.38,0.36,"2026-02-15",820,"N20","low","2.0NRT",309.49,6.63,"D"
"8789",17.37345,74.15324,335.6,0.38,0.36,"2026-02-15",820,"N20","low","2.0NRT",310.16,6.63,"D"
"8790",17.82921,77.3079,336.13,0.47,0.4,"2026-02-15",820,"N20","nominal","2.0NRT",307.8,5.15,"D"
"8791",17.57349,75.41119,341.9,0.4,0.37,"2026-02-15",820,"N20","nominal","2.0NRT",308.38,3.11,"D"
"8792",17.41645,74.34872,336.93,0.39,0.36,"2026-02-15",820,"N20","low","2.0NRT",311.22,2.56,"D"
"8793",17.98027,78.29528,339.51,0.53,0.42,"2026-02-15",820,"N20","nominal","2.0NRT",308.06,4.78,"D"
"8794",17.34962,73.77473,340.91,0.38,0.36,"2026-02-15",820,"N20","nominal","2.0NRT",310.08,4.45,"D"
"8795",17.35291,73.77419,337.23,0.38,0.36,"2026-02-15",820,"N20","nominal","2.0NRT",304.8,4.02,"D"
"8796",17.91698,77.62278,336.57,0.49,0.4,"2026-02-15",820,"N20","low","2.0NRT",311.34,4.59,"D"
"8797",17.92386,77.6455,335.43,0.49,0.4,"2026-02-15",820,"N20","nominal","2.0NRT",310.34,1.67,"D"
"8798",17.91929,77.62388,343.81,0.49,0.4,"2026-02-15",820,"N20","nominal","2.0NRT",311.49,4.26,"D"
"8799",18.08371,78.85485,342.02,0.38,0.43,"2026-02-15",820,"N20","nominal","2.0NRT",306.68,3.18,"D"
"8800",17.92694,77.51016,335.02,0.48,0.4,"2026-02-15",820,"N20","nominal","2.0NRT",307.46,3.75,"D"
"8801",18.49852,82.20316,333.82,0.64,0.54,"2026-02-15",820,"N20","nominal","2.0NRT",301.77,2.68,"D"
"8802",17.35731,73.47048,339.75,0.39,0.36,"2026-02-15",820,"N20","nominal","2.0NRT",309.12,4.11,"D"
"8803",18.52302,82.24159,348.04,0.32,0.55,"2026-02-15",820,"N20","nominal","2.0NRT",302.52,3.33,"D"
"8804",17.65695,75.40556,335.34,0.4,0.37,"2026-02-15",820,"N20","nominal","2.0NRT",307.52,0.92,"D"
"8805",17.37664,73.50788,344.02,0.39,0.36,"2026-02-15",820,"N20","nominal","2.0NRT",311.27,7.89,"D"
"8806",17.44226,73.89128,338.6,0.38,0.36,"2026-02-15",820,"N20","low","2.0NRT",313.23,2.57,"D"
"8807",17.44555,73.89073,338.11,0.38,0.36,"2026-02-15",820,"N20","low","2.0NRT",312.7,4.8,"D"
"8808",18.49743,81.6977,333.72,0.59,0.53,"2026-02-15",820,"N20","nominal","2.0NRT",303.27,5.41,"D"
"8809",18.35903,80.51505,338.29,0.49,0.49,"2026-02-15",820,"N20","nominal","2.0NRT",303.07,2.67,"D"
"8810",18.51746,81.78687,331.08,0.6,0.53,"2026-02-15",820,"N20","low","2.0NRT",303.16,4.91,"D"
"8811",18.52297,81.79189,337.17,0.6,0.53,"2026-02-15",820,"N20","nominal","2.0NRT",301.58,5.51,"D"
"8812",17.39289,73.37206,347.05,0.39,0.36,"2026-02-15",820,"N20","nominal","2.0NRT",313.99,7.34,"D"
"8813",18.19079,78.95953,336.04,0.39,0.44,"2026-02-15",820,"N20","low","2.0NRT",308.62,4.15,"D"
"8814",17.39619,73.37151,349.46,0.39,0.36,"2026-02-15",820,"N20","nominal","2.0NRT",312.63,7.34,"D"
"8815",17.3995,73.37094,339.63,0.39,0.36,"2026-02-15",820,"N20","nominal","2.0NRT",307.68,4.51,"D"
"8816",17.67144,75.12838,341.63,0.4,0.37,"2026-02-15",820,"N20","nominal","2.0NRT",309.38,3.44,"D"
"8817",18.52097,81.79055,345.91,0.6,0.53,"2026-02-15",820,"N20","nominal","2.0NRT",303.21,6.31,"D"
"8818",17.55775,74.20338,334.9,0.38,0.36,"2026-02-15",820,"N20","low","2.0NRT",308.73,2.4,"D"
"8819",17.50711,73.86935,336.74,0.38,0.36,"2026-02-15",820,"N20","low","2.0NRT",311.43,3.33,"D"
"8820",17.50657,73.86575,346.73,0.38,0.36,"2026-02-15",820,"N20","nominal","2.0NRT",311.72,6.25,"D"
"8821",17.63587,74.59009,336.69,0.39,0.36,"2026-02-15",820,"N20","low","2.0NRT",311.01,1.62,"D"
"8822",18.08994,77.78295,336.32,0.5,0.41,"2026-02-15",820,"N20","low","2.0NRT",306.91,3,"D"
"8823",17.56973,73.90318,344.88,0.38,0.36,"2026-02-15",820,"N20","nominal","2.0NRT",311.38,10.27,"D"
"8824",17.57302,73.90263,338.52,0.38,0.36,"2026-02-15",820,"N20","nominal","2.0NRT",312.74,10.27,"D"
"8825",18.43115,80.0775,341.18,0.46,0.47,"2026-02-15",820,"N20","nominal","2.0NRT",303.51,7.12,"D"
"8826",17.81339,75.4506,336.93,0.4,0.37,"2026-02-15",820,"N20","nominal","2.0NRT",306.86,2.1,"D"
"8827",18.64709,81.76904,333.36,0.6,0.53,"2026-02-15",820,"N20","nominal","2.0NRT",302.41,2.6,"D"
"8828",17.84237,75.5234,335.49,0.4,0.37,"2026-02-15",820,"N20","low","2.0NRT",309.07,1.54,"D"
"8829",17.56789,73.66727,337.21,0.38,0.36,"2026-02-15",820,"N20","low","2.0NRT",309.35,3.09,"D"
"8830",18.65031,81.77195,337.51,0.6,0.53,"2026-02-15",820,"N20","nominal","2.0NRT",302.19,4.24,"D"
"8831",18.51924,80.47816,339.67,0.49,0.49,"2026-02-15",820,"N20","nominal","2.0NRT",300.27,10.57,"D"
"8832",17.89376,75.61684,341.23,0.41,0.37,"2026-02-15",820,"N20","nominal","2.0NRT",313.41,7.09,"D"
"8833",18.84589,83.28223,348.41,0.38,0.59,"2026-02-15",820,"N20","nominal","2.0NRT",301,3.48,"D"
"8834",17.90734,75.61473,337.1,0.41,0.37,"2026-02-15",820,"N20","low","2.0NRT",311.55,1.36,"D"
"8835",18.56399,80.47311,335.95,0.49,0.49,"2026-02-15",820,"N20","nominal","2.0NRT",303.3,4.01,"D"
"8836",18.56344,80.46855,335.42,0.49,0.49,"2026-02-15",820,"N20","nominal","2.0NRT",304.78,4.01,"D"
"8837",17.78791,74.6321,341.61,0.39,0.36,"2026-02-15",820,"N20","low","2.0NRT",313.78,5.44,"D"
"8838",19.01039,84.3458,330.77,0.45,0.63,"2026-02-15",820,"N20","nominal","2.0NRT",300.28,4.17,"D"
"8839",18.16652,77.1858,336.9,0.47,0.4,"2026-02-15",820,"N20","low","2.0NRT",309.2,5,"D"
"8840",18.08831,76.5179,340.54,0.44,0.38,"2026-02-15",820,"N20","nominal","2.0NRT",312.3,11.32,"D"
"8841",18.09182,76.51736,338.57,0.44,0.38,"2026-02-15",820,"N20","nominal","2.0NRT",310.03,11.32,"D"
"8842",17.70247,73.83577,344.64,0.38,0.36,"2026-02-15",820,"N20","nominal","2.0NRT",304.18,3.04,"D"
"8843",17.70795,73.8496,339.43,0.38,0.36,"2026-02-15",820,"N20","nominal","2.0NRT",308.85,3.73,"D"
"8844",19.01196,84.35638,330.44,0.45,0.63,"2026-02-15",820,"N20","nominal","2.0NRT",297.47,3.42,"D"
"8845",18.08141,76.30618,337.84,0.43,0.38,"2026-02-15",820,"N20","nominal","2.0NRT",311.89,4.5,"D"
"8846",18.47483,78.90937,337.98,0.39,0.44,"2026-02-15",820,"N20","nominal","2.0NRT",309.3,4.65,"D"
"8847",18.89789,82.18373,351.83,0.32,0.55,"2026-02-15",820,"N20","nominal","2.0NRT",302.62,4.02,"D"
"8848",18.05341,75.45884,336.15,0.4,0.37,"2026-02-15",820,"N20","nominal","2.0NRT",310.84,1.73,"D"
"8849",18.89216,82.1823,331.21,0.32,0.55,"2026-02-15",820,"N20","low","2.0NRT",304.17,3.96,"D"
"8850",18.89751,82.18468,342.13,0.32,0.55,"2026-02-15",820,"N20","nominal","2.0NRT",302.15,3.96,"D"
"8851",18.71719,80.37569,339.31,0.49,0.48,"2026-02-15",820,"N20","nominal","2.0NRT",302.71,8.09,"D"
"8852",18.71665,80.37108,341.77,0.49,0.48,"2026-02-15",820,"N20","nominal","2.0NRT",304.08,5.74,"D"
"8853",18.72266,80.38396,339.08,0.49,0.48,"2026-02-15",820,"N20","nominal","2.0NRT",303.09,5.94,"D"
"8854",18.72164,80.37514,340.74,0.49,0.48,"2026-02-15",820,"N20","nominal","2.0NRT",302.72,5.27,"D"
"8855",18.72762,80.38773,347.34,0.49,0.48,"2026-02-15",820,"N20","nominal","2.0NRT",303.21,5.94,"D"
"8856",19.01621,82.97652,337.38,0.36,0.58,"2026-02-15",820,"N20","nominal","2.0NRT",303.03,4.03,"D"
"8857",18.73551,80.37795,330.15,0.49,0.48,"2026-02-15",820,"N20","low","2.0NRT",300.34,3.33,"D"
"8858",18.95754,82.31676,336.37,0.33,0.55,"2026-02-15",820,"N20","nominal","2.0NRT",304,3.65,"D"
"8859",17.85719,73.7617,335.46,0.38,0.36,"2026-02-15",820,"N20","low","2.0NRT",310.34,5.19,"D"
"8860",18.45951,77.95621,330.61,0.52,0.41,"2026-02-15",820,"N20","nominal","2.0NRT",303.53,2.62,"D"
"8861",18.14404,75.63239,334.55,0.41,0.37,"2026-02-15",820,"N20","nominal","2.0NRT",309.51,1.59,"D"
"8862",18.47725,77.97327,339.5,0.52,0.41,"2026-02-15",820,"N20","nominal","2.0NRT",304.37,4.73,"D"
"8863",18.34741,77.00832,354.8,0.46,0.39,"2026-02-15",820,"N20","nominal","2.0NRT",309.93,11.72,"D"
"8864",18.49209,78.05621,344.75,0.52,0.42,"2026-02-15",820,"N20","nominal","2.0NRT",310.12,9.35,"D"
"8865",18.48106,77.97278,336.41,0.52,0.41,"2026-02-15",820,"N20","nominal","2.0NRT",302.91,4.77,"D"
"8866",18.97633,81.97804,346.31,0.62,0.54,"2026-02-15",820,"N20","nominal","2.0NRT",304.11,5.96,"D"
"8867",18.47909,77.92867,330.57,0.52,0.41,"2026-02-15",820,"N20","low","2.0NRT",303.33,5.57,"D"
"8868",18.06857,74.81092,334.32,0.39,0.36,"2026-02-15",820,"N20","low","2.0NRT",307.93,2.89,"D"
"8869",18.15549,75.36546,335.55,0.4,0.37,"2026-02-15",820,"N20","nominal","2.0NRT",308.8,2.27,"D"
"8870",18.9773,81.97655,345.34,0.62,0.54,"2026-02-15",820,"N20","nominal","2.0NRT",303,6.51,"D"
"8871",18.7171,79.53749,337.39,0.43,0.46,"2026-02-15",820,"N20","low","2.0NRT",308.35,4.82,"D"
"8872",18.62205,78.757,342.84,0.38,0.44,"2026-02-15",820,"N20","nominal","2.0NRT",305.54,5.83,"D"
"8873",18.72131,79.5369,336.57,0.43,0.46,"2026-02-15",820,"N20","low","2.0NRT",310.28,5.03,"D"
"8874",18.51586,77.88631,334.86,0.51,0.41,"2026-02-15",820,"N20","nominal","2.0NRT",305.45,4.62,"D"
"8875",19.05219,82.39837,330.34,0.33,0.55,"2026-02-15",820,"N20","nominal","2.0NRT",300.35,2.58,"D"
"8876",18.56279,78.06934,342.36,0.53,0.42,"2026-02-15",820,"N20","nominal","2.0NRT",305.33,4.8,"D"
"8877",18.56215,78.06436,334.84,0.53,0.42,"2026-02-15",820,"N20","low","2.0NRT",306.89,6.44,"D"
"8878",18.56664,78.06893,337.3,0.53,0.42,"2026-02-15",820,"N20","nominal","2.0NRT",303.38,4.8,"D"
"8879",18.5666,78.03858,336.4,0.52,0.42,"2026-02-15",820,"N20","nominal","2.0NRT",305.45,7.63,"D"
"8880",18.56978,78.03312,334.15,0.52,0.42,"2026-02-15",820,"N20","low","2.0NRT",304.65,7.39,"D"
"8881",19.10601,82.32218,342.5,0.33,0.55,"2026-02-15",820,"N20","nominal","2.0NRT",305.02,3.37,"D"
"8882",19.09942,82.16913,333.53,0.32,0.55,"2026-02-15",820,"N20","nominal","2.0NRT",303.37,2.64,"D"
"8883",18.11495,74.32103,342.15,0.39,0.36,"2026-02-15",820,"N20","nominal","2.0NRT",309.6,17.14,"D"
"8884",18.3141,75.62198,338.07,0.41,0.37,"2026-02-15",820,"N20","nominal","2.0NRT",312.65,2.42,"D"
"8885",18.75758,78.85097,330.59,0.39,0.44,"2026-02-15",820,"N20","nominal","2.0NRT",302.97,2.63,"D"
"8886",18.75713,78.84731,340.65,0.39,0.44,"2026-02-15",820,"N20","nominal","2.0NRT",303.93,2.63,"D"
"8887",19.40378,84.04439,342.9,0.43,0.62,"2026-02-15",820,"N20","nominal","2.0NRT",299.32,3.64,"D"
"8888",19.20233,82.09009,352.49,0.32,0.54,"2026-02-15",820,"N20","nominal","2.0NRT",301.7,3.43,"D"
"8889",19.20199,82.08705,331.45,0.32,0.54,"2026-02-15",820,"N20","nominal","2.0NRT",301.42,3.43,"D"
"8890",18.30118,75.09982,336.12,0.4,0.37,"2026-02-15",820,"N20","nominal","2.0NRT",308.14,3.33,"D"
"8891",19.16106,81.63521,367,0.59,0.53,"2026-02-15",820,"N20","high","2.0NRT",310.88,19.91,"D"
"8892",19.2022,82.08894,367,0.32,0.54,"2026-02-15",820,"N20","high","2.0NRT",302.83,4.79,"D"
"8893",19.15993,81.63951,339.48,0.59,0.53,"2026-02-15",820,"N20","nominal","2.0NRT",306.22,8.66,"D"
"8894",19.15931,81.63371,345.75,0.59,0.53,"2026-02-15",820,"N20","nominal","2.0NRT",308.82,14.12,"D"
"8895",19.40596,84.04516,335.7,0.43,0.62,"2026-02-15",820,"N20","nominal","2.0NRT",298.75,3.76,"D"
"8896",19.29759,82.661,367,0.35,0.57,"2026-02-15",820,"N20","high","2.0NRT",305.03,9.61,"D"
"8897",19.24726,82.13024,355.12,0.32,0.55,"2026-02-15",820,"N20","nominal","2.0NRT",300.81,6.3,"D"
"8898",18.951,79.27427,331.05,0.42,0.45,"2026-02-15",820,"N20","nominal","2.0NRT",301.03,1.97,"D"
"8899",18.12104,73.20225,338.35,0.39,0.36,"2026-02-15",820,"N20","nominal","2.0NRT",312.28,7.84,"D"
"8900",18.23308,73.75267,332.17,0.38,0.36,"2026-02-15",820,"N20","low","2.0NRT",306.62,2.01,"D"
"8901",18.26769,73.75799,339.95,0.38,0.36,"2026-02-15",820,"N20","nominal","2.0NRT",310.42,2.33,"D"
"8902",18.27098,73.75745,334.89,0.38,0.36,"2026-02-15",820,"N20","nominal","2.0NRT",307.92,2.33,"D"
"8903",18.49382,75.14528,343.08,0.4,0.37,"2026-02-15",820,"N20","nominal","2.0NRT",311.2,5.76,"D"
"8904",18.23095,73.31985,337.06,0.39,0.36,"2026-02-15",820,"N20","low","2.0NRT",310.55,3.11,"D"
"8905",18.32914,73.80683,340.92,0.38,0.36,"2026-02-15",820,"N20","nominal","2.0NRT",309.76,3.09,"D"
"8906",18.48284,74.51367,336.67,0.39,0.36,"2026-02-15",820,"N20","nominal","2.0NRT",309.82,5.53,"D"
"8907",18.37099,73.67778,335.67,0.38,0.36,"2026-02-15",820,"N20","nominal","2.0NRT",306.61,3.03,"D"
"8908",18.37483,73.68083,339.2,0.38,0.36,"2026-02-15",820,"N20","nominal","2.0NRT",308.4,3.03,"D"
"8909",18.33602,73.36149,345.13,0.38,0.36,"2026-02-15",820,"N20","nominal","2.0NRT",308.79,4.46,"D"
"8910",18.33876,73.35731,335.4,0.38,0.36,"2026-02-15",820,"N20","low","2.0NRT",309.96,4.46,"D"
"8911",18.34261,73.36036,336.22,0.38,0.36,"2026-02-15",820,"N20","low","2.0NRT",308.46,2.2,"D"
"8912",18.59321,74.98763,346.18,0.4,0.37,"2026-02-15",820,"N20","nominal","2.0NRT",312.67,4.46,"D"
"8913",19.53804,82.13857,337.1,0.32,0.55,"2026-02-15",820,"N20","nominal","2.0NRT",305.02,2.3,"D"
"8914",18.55076,74.53641,334.02,0.39,0.36,"2026-02-15",820,"N20","low","2.0NRT",305.53,2.6,"D"
"8915",19.44574,81.01192,337.26,0.55,0.51,"2026-02-15",820,"N20","nominal","2.0NRT",298.42,3,"D"
"8916",19.64254,82.65584,345.03,0.35,0.57,"2026-02-15",820,"N20","nominal","2.0NRT",303.54,5.54,"D"
"8917",19.64219,82.65248,351.68,0.35,0.57,"2026-02-15",820,"N20","nominal","2.0NRT",305.92,6.52,"D"
"8918",18.44723,73.31245,340.53,0.39,0.36,"2026-02-15",820,"N20","nominal","2.0NRT",310.19,2.8,"D"
"8919",18.46266,73.32468,346.43,0.38,0.36,"2026-02-15",820,"N20","nominal","2.0NRT",313.23,7.88,"D"
"8920",19.68122,82.62075,338.4,0.35,0.57,"2026-02-15",820,"N20","nominal","2.0NRT",303.23,2.13,"D"
"8921",18.46596,73.32412,341.01,0.38,0.36,"2026-02-15",820,"N20","nominal","2.0NRT",310.42,3.34,"D"
"8922",18.41595,73.00121,339.64,0.39,0.36,"2026-02-15",820,"N20","nominal","2.0NRT",306.23,3.61,"D"
"8923",19.68182,82.62023,330.98,0.35,0.57,"2026-02-15",820,"N20","nominal","2.0NRT",302.49,1.34,"D"
"8924",18.54713,73.58481,334.34,0.38,0.36,"2026-02-15",820,"N20","nominal","2.0NRT",305.65,2.2,"D"
"8925",18.54658,73.58121,332.79,0.38,0.36,"2026-02-15",820,"N20","nominal","2.0NRT",305.43,2.2,"D"
"8926",19.6882,82.47394,335.88,0.34,0.56,"2026-02-15",820,"N20","nominal","2.0NRT",303.1,3.49,"D"
"8927",18.76882,74.98643,339.23,0.4,0.37,"2026-02-15",820,"N20","low","2.0NRT",310.77,5.85,"D"
"8928",19.74821,83.01995,333.24,0.37,0.58,"2026-02-15",820,"N20","nominal","2.0NRT",301.38,2.87,"D"
"8929",18.53079,73.32426,341.78,0.38,0.36,"2026-02-15",820,"N20","nominal","2.0NRT",311.55,7.01,"D"
"8930",18.53409,73.32376,344.48,0.38,0.36,"2026-02-15",820,"N20","nominal","2.0NRT",312.63,5.46,"D"
"8931",18.97209,76.15064,346.43,0.43,0.38,"2026-02-15",820,"N20","nominal","2.0NRT",308.29,4.65,"D"
"8932",18.97559,76.15012,344.88,0.43,0.38,"2026-02-15",820,"N20","nominal","2.0NRT",310.96,6.06,"D"
"8933",19.71199,82.01272,354.87,0.32,0.55,"2026-02-15",820,"N20","nominal","2.0NRT",306.61,5.76,"D"
"8934",19.71702,82.01221,355.88,0.32,0.55,"2026-02-15",820,"N20","nominal","2.0NRT",305.64,5.76,"D"
"8935",19.76658,82.42232,367,0.34,0.56,"2026-02-15",820,"N20","high","2.0NRT",306.11,7.79,"D"
"8936",19.76814,82.42027,333.66,0.34,0.56,"2026-02-15",820,"N20","nominal","2.0NRT",302.3,1.49,"D"
"8937",18.67934,73.65111,342.23,0.38,0.36,"2026-02-15",820,"N20","nominal","2.0NRT",310.41,3.39,"D"
"8938",20.11943,85.73203,346.03,0.57,0.69,"2026-02-15",820,"N20","nominal","2.0NRT",303.44,9.84,"D"
"8939",19.82648,82.42808,339.04,0.34,0.56,"2026-02-15",820,"N20","nominal","2.0NRT",305.31,2.28,"D"
"8940",19.18814,77.04938,334.76,0.47,0.4,"2026-02-15",820,"N20","low","2.0NRT",306,5.13,"D"
"8941",18.70733,73.59079,344.3,0.38,0.36,"2026-02-15",820,"N20","nominal","2.0NRT",313.61,5.28,"D"
"8942",19.76827,81.64439,338.54,0.61,0.53,"2026-02-15",820,"N20","nominal","2.0NRT",300.93,5.53,"D"
"8943",19.26043,77.45199,334.67,0.5,0.41,"2026-02-15",820,"N20","low","2.0NRT",306.77,5.45,"D"
"8944",19.8534,82.28813,337.34,0.33,0.56,"2026-02-15",820,"N20","nominal","2.0NRT",304.26,2.91,"D"
"8945",19.85304,82.28482,334.2,0.33,0.56,"2026-02-15",820,"N20","nominal","2.0NRT",303.96,2.08,"D"
"8946",19.85268,82.28148,336.07,0.33,0.56,"2026-02-15",820,"N20","nominal","2.0NRT",301.82,2.08,"D"
"8947",19.87778,82.36954,332.75,0.34,0.56,"2026-02-15",820,"N20","nominal","2.0NRT",302.43,1.87,"D"
"8948",18.68607,73.0323,340.26,0.39,0.36,"2026-02-15",820,"N20","nominal","2.0NRT",310.99,3.56,"D"
"8949",19.23974,76.84734,333.72,0.46,0.39,"2026-02-15",820,"N20","nominal","2.0NRT",304.63,1.56,"D"
"8950",18.69107,73.04264,346.45,0.39,0.36,"2026-02-15",820,"N20","nominal","2.0NRT",313.32,3.06,"D"
"8951",19.09726,75.77385,336.7,0.42,0.38,"2026-02-15",820,"N20","nominal","2.0NRT",310.35,3.95,"D"
"8952",19.88233,82.23943,333.98,0.33,0.55,"2026-02-15",820,"N20","nominal","2.0NRT",303.2,2.34,"D"
"8953",19.88201,82.23621,341.95,0.33,0.55,"2026-02-15",820,"N20","nominal","2.0NRT",303.61,2.34,"D"
"8954",18.92618,74.55314,345.52,0.39,0.36,"2026-02-15",820,"N20","nominal","2.0NRT",313.17,4.71,"D"
"8955",20.27276,86.48878,339.77,0.64,0.72,"2026-02-15",820,"N20","nominal","2.0NRT",297.35,6.4,"D"
"8956",19.88811,82.24524,335.66,0.33,0.55,"2026-02-15",820,"N20","low","2.0NRT",305.91,3.42,"D"
"8957",18.57473,72.2422,335.72,0.4,0.37,"2026-02-15",820,"N20","nominal","2.0NRT",298.84,6.85,"D"
"8958",18.82533,73.8299,338.68,0.38,0.36,"2026-02-15",820,"N20","low","2.0NRT",312.16,5.26,"D"
"8959",19.89835,82.24419,367,0.33,0.55,"2026-02-15",820,"N20","high","2.0NRT",307.6,10.32,"D"
"8960",19.90246,82.23391,367,0.33,0.55,"2026-02-15",820,"N20","high","2.0NRT",307.84,16.46,"D"
"8961",18.73161,73.129,347.45,0.39,0.36,"2026-02-15",820,"N20","nominal","2.0NRT",310.87,4.92,"D"
"8962",19.91987,82.20269,345.03,0.33,0.55,"2026-02-15",820,"N20","nominal","2.0NRT",306.68,3.82,"D"
"8963",19.91953,82.19949,339.77,0.33,0.55,"2026-02-15",820,"N20","nominal","2.0NRT",306.02,3.82,"D"
"8964",19.95194,82.26102,335.35,0.33,0.56,"2026-02-15",820,"N20","low","2.0NRT",305.41,2.9,"D"
"8965",19.98771,82.49876,333.72,0.35,0.56,"2026-02-15",820,"N20","nominal","2.0NRT",302.15,1.9,"D"
"8966",19.23399,76.3486,343.35,0.44,0.39,"2026-02-15",820,"N20","nominal","2.0NRT",308.46,4.73,"D"
"8967",19.98887,82.41111,331.07,0.34,0.56,"2026-02-15",820,"N20","nominal","2.0NRT",305.2,2.42,"D"
"8968",18.78106,73.09818,348.2,0.39,0.36,"2026-02-15",820,"N20","nominal","2.0NRT",312.08,5.57,"D"
"8969",19.97372,82.14347,345.97,0.33,0.55,"2026-02-15",820,"N20","nominal","2.0NRT",304.94,4.39,"D"
"8970",19.97339,82.14027,352.11,0.33,0.55,"2026-02-15",820,"N20","nominal","2.0NRT",305.21,4.39,"D"
"8971",19.96375,82.04622,342.75,0.32,0.55,"2026-02-15",820,"N20","nominal","2.0NRT",303.02,11.6,"D"
"8972",19.96342,82.04308,351.24,0.32,0.55,"2026-02-15",820,"N20","nominal","2.0NRT",310.21,16.62,"D"
"8973",19.04665,74.63545,345.76,0.39,0.36,"2026-02-15",820,"N20","nominal","2.0NRT",316.53,5.89,"D"
"8974",18.84882,73.25014,347.37,0.38,0.36,"2026-02-15",820,"N20","nominal","2.0NRT",315.46,9.93,"D"
"8975",20.0181,82.17384,337.03,0.33,0.55,"2026-02-15",820,"N20","nominal","2.0NRT",305.02,3.61,"D"
"8976",20.02005,82.09464,337.16,0.33,0.55,"2026-02-15",820,"N20","nominal","2.0NRT",305.27,2.65,"D"
"8977",20.14243,83.23161,338.23,0.39,0.59,"2026-02-15",820,"N20","nominal","2.0NRT",302.22,3.57,"D"
"8978",20.02513,82.09412,333.05,0.33,0.55,"2026-02-15",820,"N20","nominal","2.0NRT",302.36,2.65,"D"
"8979",18.86576,73.20628,347.74,0.39,0.36,"2026-02-15",820,"N20","nominal","2.0NRT",315.63,3.24,"D"
"8980",20.03283,82.11823,333.8,0.33,0.55,"2026-02-15",820,"N20","nominal","2.0NRT",302.17,2.79,"D"
"8981",19.5268,77.83763,333.93,0.52,0.42,"2026-02-15",820,"N20","nominal","2.0NRT",304.82,4.63,"D"
"8982",20.04142,82.05463,347.33,0.32,0.55,"2026-02-15",820,"N20","nominal","2.0NRT",303.86,3.17,"D"
"8983",19.5435,77.87604,336.93,0.53,0.42,"2026-02-15",820,"N20","nominal","2.0NRT",307.83,25.28,"D"
"8984",19.54733,77.8755,343.1,0.53,0.42,"2026-02-15",820,"N20","nominal","2.0NRT",304.73,7.75,"D"
"8985",19.52387,77.66697,334.47,0.51,0.41,"2026-02-15",820,"N20","nominal","2.0NRT",305.62,4.07,"D"
"8986",18.91853,73.06308,336.65,0.39,0.36,"2026-02-15",820,"N20","low","2.0NRT",307.02,1.49,"D"
"8987",20.12996,82.37575,338.53,0.34,0.56,"2026-02-15",820,"N20","nominal","2.0NRT",300.62,2.58,"D"
"8988",20.13513,82.37506,334.25,0.34,0.56,"2026-02-15",820,"N20","nominal","2.0NRT",300.64,3.84,"D"
"8989",19.23199,75.04739,336.57,0.4,0.37,"2026-02-15",820,"N20","nominal","2.0NRT",306.94,1.27,"D"
"8990",20.52797,86.64246,332.39,0.65,0.73,"2026-02-15",820,"N20","nominal","2.0NRT",297.01,6.22,"D"
"8991",20.52747,86.63609,339.31,0.65,0.73,"2026-02-15",820,"N20","nominal","2.0NRT",299.84,9.37,"D"
"8992",20.14513,82.37047,331.81,0.34,0.56,"2026-02-15",820,"N20","nominal","2.0NRT",299.76,2.27,"D"
"8993",19.3219,75.63059,341.69,0.42,0.37,"2026-02-15",820,"N20","nominal","2.0NRT",312.13,5.36,"D"
"8994",19.10114,74.1076,334.45,0.39,0.36,"2026-02-15",820,"N20","low","2.0NRT",304.66,3.07,"D"
"8995",19.10825,74.13258,342.89,0.39,0.36,"2026-02-15",820,"N20","nominal","2.0NRT",310.3,6.3,"D"
"8996",20.55462,86.55108,332.84,0.65,0.73,"2026-02-15",820,"N20","nominal","2.0NRT",303.18,4.47,"D"
"8997",20.55004,86.49477,338.63,0.64,0.72,"2026-02-15",820,"N20","nominal","2.0NRT",304.99,8.3,"D"
"8998",20.16844,82.14798,340.53,0.33,0.55,"2026-02-15",820,"N20","nominal","2.0NRT",300.91,2.54,"D"
"8999",19.54074,76.9832,335.12,0.47,0.4,"2026-02-15",820,"N20","nominal","2.0NRT",308.81,3.89,"D"
"9000",19.0349,73.42302,338.3,0.38,0.36,"2026-02-15",820,"N20","nominal","2.0NRT",309.42,2.04,"D"
"9001",19.45804,76.27355,331.46,0.44,0.38,"2026-02-15",820,"N20","low","2.0NRT",305.78,1.19,"D"
"9002",19.13731,73.96312,334.3,0.39,0.36,"2026-02-15",820,"N20","nominal","2.0NRT",306.96,2.09,"D"
"9003",20.54641,86.49258,340.06,0.64,0.72,"2026-02-15",820,"N20","nominal","2.0NRT",306.71,6.97,"D"
"9004",19.04638,73.23096,336.41,0.38,0.36,"2026-02-15",820,"N20","low","2.0NRT",307.89,2.67,"D"
"9005",19.80847,78.35342,334.02,0.57,0.43,"2026-02-15",820,"N20","low","2.0NRT",306.04,1.91,"D"
"9006",20.40229,83.54369,349.59,0.41,0.61,"2026-02-15",820,"N20","nominal","2.0NRT",301.86,4.32,"D"
"9007",19.12179,73.10245,343.23,0.39,0.36,"2026-02-15",820,"N20","nominal","2.0NRT",312.01,3.33,"D"
"9008",20.42542,83.32527,338.57,0.4,0.6,"2026-02-15",820,"N20","nominal","2.0NRT",301.94,4.13,"D"
"9009",19.18283,73.30074,346.11,0.38,0.36,"2026-02-15",820,"N20","nominal","2.0NRT",313.28,18.57,"D"
"9010",20.73822,86.48293,337.24,0.64,0.72,"2026-02-15",820,"N20","nominal","2.0NRT",299.57,3.85,"D"
"9011",20.49778,83.55104,367,0.41,0.61,"2026-02-15",820,"N20","high","2.0NRT",303.23,6.99,"D"
"9012",19.94986,78.58826,341.58,0.39,0.44,"2026-02-15",820,"N20","nominal","2.0NRT",306.06,7.36,"D"
"9013",19.99363,78.70752,341.64,0.4,0.44,"2026-02-15",820,"N20","nominal","2.0NRT",305,4.49,"D"
"9014",19.9927,78.70009,340.12,0.4,0.44,"2026-02-15",820,"N20","nominal","2.0NRT",304.46,4.09,"D"
"9015",19.99769,78.70694,339.03,0.4,0.44,"2026-02-15",820,"N20","nominal","2.0NRT",304.73,4.49,"D"
"9016",19.99722,78.70319,336.73,0.4,0.44,"2026-02-15",820,"N20","nominal","2.0NRT",304.53,4.09,"D"
"9017",19.99674,78.69946,341.35,0.4,0.44,"2026-02-15",820,"N20","nominal","2.0NRT",305.46,4.09,"D"
"9018",19.24563,73.26668,337.39,0.38,0.36,"2026-02-15",820,"N20","nominal","2.0NRT",312.37,3.33,"D"
"9019",19.99366,78.70624,349.53,0.4,0.44,"2026-02-15",820,"N20","nominal","2.0NRT",305.44,3.59,"D"
"9020",19.99322,78.70251,331.32,0.4,0.44,"2026-02-15",820,"N20","low","2.0NRT",302.76,3.38,"D"
"9021",19.99277,78.69877,338.5,0.4,0.44,"2026-02-15",820,"N20","nominal","2.0NRT",305.39,3.38,"D"
"9022",19.99817,78.70939,337.6,0.4,0.44,"2026-02-15",820,"N20","nominal","2.0NRT",305.39,3.59,"D"
"9023",19.99772,78.70564,340.84,0.4,0.44,"2026-02-15",820,"N20","nominal","2.0NRT",305.34,3.59,"D"
"9024",19.99727,78.7019,335.42,0.4,0.44,"2026-02-15",820,"N20","nominal","2.0NRT",304.37,3.38,"D"
"9025",20.00224,78.7089,353.54,0.4,0.44,"2026-02-15",820,"N20","nominal","2.0NRT",307.56,6.89,"D"
"9026",20.00178,78.70514,355.38,0.4,0.44,"2026-02-15",820,"N20","nominal","2.0NRT",306.62,6.89,"D"
"9027",20.00585,78.70463,354.16,0.4,0.44,"2026-02-15",820,"N20","nominal","2.0NRT",305.59,6.89,"D"
"9028",20.00991,78.70411,338.36,0.4,0.44,"2026-02-15",820,"N20","nominal","2.0NRT",304.95,1.21,"D"
"9029",20.53252,83.45718,330.6,0.41,0.6,"2026-02-15",820,"N20","low","2.0NRT",301.38,2.43,"D"
"9030",19.61698,75.29623,332.94,0.41,0.37,"2026-02-15",820,"N20","nominal","2.0NRT",307.83,2.26,"D"
"9031",19.33087,72.96089,336.29,0.39,0.36,"2026-02-15",820,"N20","low","2.0NRT",309.4,2.17,"D"
"9032",19.44823,73.61593,346.44,0.38,0.36,"2026-02-15",820,"N20","nominal","2.0NRT",313.42,3.9,"D"
"9033",20.47332,81.48531,335.69,0.6,0.53,"2026-02-15",820,"N20","nominal","2.0NRT",302.09,4.19,"D"
"9034",20.47823,81.48478,337.66,0.6,0.53,"2026-02-15",820,"N20","nominal","2.0NRT",302.14,5.96,"D"
"9035",20.56639,82.02826,342.24,0.33,0.55,"2026-02-15",820,"N20","nominal","2.0NRT",302.02,2.3,"D"
"9036",20.96264,86.01177,335.31,0.6,0.71,"2026-02-15",820,"N20","nominal","2.0NRT",300.27,4.66,"D"
"9037",20.9697,86.01731,331.25,0.6,0.71,"2026-02-15",820,"N20","low","2.0NRT",301.67,5.71,"D"
"9038",19.44551,73.19901,350.18,0.38,0.36,"2026-02-15",820,"N20","nominal","2.0NRT",311.83,5.35,"D"
"9039",19.64029,74.38255,342.74,0.39,0.36,"2026-02-15",820,"N20","low","2.0NRT",315.36,4.87,"D"
"9040",20.14371,78.00546,335.7,0.55,0.42,"2026-02-15",820,"N20","nominal","2.0NRT",307.05,3.85,"D"
"9041",20.75314,83.43083,351.76,0.41,0.6,"2026-02-15",820,"N20","nominal","2.0NRT",300.52,4.54,"D"
"9042",19.79512,75.24477,334.6,0.41,0.37,"2026-02-15",820,"N20","low","2.0NRT",306.6,2.6,"D"
"9043",19.83868,75.42971,336.24,0.41,0.37,"2026-02-15",820,"N20","nominal","2.0NRT",309.77,2.86,"D"
"9044",20.9702,85.17496,344.39,0.53,0.67,"2026-02-15",820,"N20","nominal","2.0NRT",307.26,12.43,"D"
"9045",20.96841,85.15443,335.74,0.53,0.67,"2026-02-15",820,"N20","low","2.0NRT",306.55,7.12,"D"
"9046",20.85965,83.83222,337.35,0.43,0.62,"2026-02-15",820,"N20","nominal","2.0NRT",303.27,4.66,"D"
"9047",21.01786,85.28696,367,0.54,0.68,"2026-02-15",820,"N20","high","2.0NRT",304.46,8.38,"D"
"9048",20.96905,85.17854,335.84,0.53,0.67,"2026-02-15",820,"N20","nominal","2.0NRT",305.51,7.71,"D"
"9049",20.96864,85.17339,335.87,0.53,0.67,"2026-02-15",820,"N20","nominal","2.0NRT",305.52,6.15,"D"
"9050",20.85575,83.83396,344.75,0.43,0.62,"2026-02-15",820,"N20","nominal","2.0NRT",300.84,4.63,"D"
"9051",20.97489,85.173,330.71,0.53,0.67,"2026-02-15",820,"N20","low","2.0NRT",304.71,6.15,"D"
"9052",20.9963,85.28216,334.27,0.54,0.68,"2026-02-15",820,"N20","nominal","2.0NRT",303.05,2.91,"D"
"9053",20.76689,82.63308,331.8,0.36,0.57,"2026-02-15",820,"N20","nominal","2.0NRT",302.11,2.14,"D"
"9054",20.28473,78.24219,333.79,0.56,0.43,"2026-02-15",820,"N20","low","2.0NRT",306.13,4.63,"D"
"9055",21.01553,85.28545,355.25,0.54,0.68,"2026-02-15",820,"N20","nominal","2.0NRT",304.64,7.03,"D"
"9056",19.5886,73.15547,341.48,0.38,0.36,"2026-02-15",820,"N20","nominal","2.0NRT",308.55,3.56,"D"
"9057",20.87279,83.57749,350.29,0.42,0.61,"2026-02-15",820,"N20","nominal","2.0NRT",302.53,4.78,"D"
"9058",20.7165,81.91677,336.19,0.32,0.55,"2026-02-15",820,"N20","nominal","2.0NRT",302.76,2.39,"D"
"9059",20.92826,83.92991,354.24,0.44,0.62,"2026-02-15",820,"N20","nominal","2.0NRT",302.43,7.04,"D"
"9060",20.92786,83.92561,336.23,0.44,0.62,"2026-02-15",820,"N20","nominal","2.0NRT",304.72,7.05,"D"
"9061",20.83202,82.74797,331.23,0.37,0.58,"2026-02-15",820,"N20","low","2.0NRT",302.04,2.75,"D"
"9062",20.93201,83.7213,345.23,0.43,0.62,"2026-02-15",820,"N20","nominal","2.0NRT",301.93,3.43,"D"
"9063",20.26201,77.11765,346.59,0.49,0.4,"2026-02-15",820,"N20","nominal","2.0NRT",310.93,7.74,"D"
"9064",20.27683,77.11544,337.09,0.49,0.4,"2026-02-15",820,"N20","low","2.0NRT",312.04,10.98,"D"
"9065",20.28054,77.11489,348.37,0.49,0.4,"2026-02-15",820,"N20","nominal","2.0NRT",314.47,30.74,"D"
"9066",20.98602,83.18007,344.42,0.39,0.6,"2026-02-15",820,"N20","nominal","2.0NRT",303.55,3.99,"D"
"9067",21.1796,85.23583,340.46,0.54,0.68,"2026-02-15",820,"N20","nominal","2.0NRT",303.75,4.56,"D"
"9068",20.98247,82.81147,336.15,0.37,0.58,"2026-02-15",820,"N20","nominal","2.0NRT",301.53,2.13,"D"
"9069",20.97985,82.80999,338.26,0.37,0.58,"2026-02-15",820,"N20","nominal","2.0NRT",301.39,2.75,"D"
"9070",20.33346,76.72478,340.15,0.47,0.4,"2026-02-15",820,"N20","nominal","2.0NRT",308.46,4.63,"D"
"9071",20.95225,81.2505,331.83,0.59,0.53,"2026-02-15",820,"N20","low","2.0NRT",303.23,4.79,"D"
"9072",20.95711,81.24995,330.69,0.59,0.53,"2026-02-15",820,"N20","nominal","2.0NRT",305.1,3.17,"D"
"9073",21.03071,81.86651,336.73,0.32,0.55,"2026-02-15",820,"N20","nominal","2.0NRT",305.06,4.49,"D"
"9074",20.53772,77.25596,337.97,0.5,0.41,"2026-02-15",820,"N20","nominal","2.0NRT",312.62,7.85,"D"
"9075",21.029,81.32294,332.42,0.6,0.53,"2026-02-15",820,"N20","low","2.0NRT",305.99,2.67,"D"
"9076",21.10207,81.87331,330.37,0.33,0.55,"2026-02-15",820,"N20","low","2.0NRT",303.05,0.73,"D"
"9077",21.41418,85.01701,336.73,0.53,0.67,"2026-02-15",820,"N20","nominal","2.0NRT",303.33,4.56,"D"
"9078",21.30828,83.22237,336.18,0.4,0.6,"2026-02-15",820,"N20","nominal","2.0NRT",305,4.5,"D"
"9079",21.15472,81.54557,331.61,0.62,0.54,"2026-02-15",820,"N20","nominal","2.0NRT",304.07,4.09,"D"
"9080",21.6696,86.91029,330.48,0.7,0.75,"2026-02-15",820,"N20","nominal","2.0NRT",300.37,5.71,"D"
"9081",21.52372,85.05392,367,0.53,0.67,"2026-02-15",820,"N20","high","2.0NRT",305.06,14,"D"
"9082",20.48707,75.83801,332.32,0.43,0.38,"2026-02-15",820,"N20","low","2.0NRT",305.15,3.64,"D"
"9083",20.48819,75.83833,333.15,0.43,0.38,"2026-02-15",820,"N20","low","2.0NRT",305.49,3.99,"D"
"9084",21.52237,85.0555,367,0.53,0.67,"2026-02-15",820,"N20","high","2.0NRT",303.18,11.35,"D"
"9085",21.52197,85.05047,334.54,0.53,0.67,"2026-02-15",820,"N20","nominal","2.0NRT",303.99,10.48,"D"
"9086",21.46752,84.11858,347.17,0.46,0.64,"2026-02-15",820,"N20","nominal","2.0NRT",302.18,5.06,"D"
"9087",21.52449,84.42571,335.03,0.48,0.65,"2026-02-15",820,"N20","nominal","2.0NRT",302.76,2.64,"D"
"9088",21.32252,82.0816,338.24,0.34,0.56,"2026-02-15",820,"N20","nominal","2.0NRT",305.56,4.8,"D"
"9089",21.5066,83.89439,339.46,0.45,0.63,"2026-02-15",820,"N20","nominal","2.0NRT",302.16,3.51,"D"
"9090",20.35503,74.00576,348.15,0.39,0.36,"2026-02-15",820,"N20","nominal","2.0NRT",309.13,5.46,"D"
"9091",21.57678,84.36747,340.76,0.48,0.65,"2026-02-15",820,"N20","nominal","2.0NRT",303.04,5.22,"D"
"9092",21.56229,84.12946,338.43,0.46,0.64,"2026-02-15",820,"N20","nominal","2.0NRT",303.06,3.68,"D"
"9093",21.63853,84.88333,330.03,0.52,0.67,"2026-02-15",820,"N20","nominal","2.0NRT",303.35,4.33,"D"
"9094",21.59902,84.07555,339.71,0.46,0.63,"2026-02-15",820,"N20","nominal","2.0NRT",300.77,6.15,"D"
"9095",21.40684,82.06832,335.7,0.34,0.56,"2026-02-15",820,"N20","nominal","2.0NRT",304.05,1.26,"D"
"9096",21.42653,82.00672,348.46,0.33,0.56,"2026-02-15",820,"N20","nominal","2.0NRT",304.47,3.67,"D"
"9097",20.74075,76.29139,335.73,0.45,0.39,"2026-02-15",820,"N20","nominal","2.0NRT",308.48,3.35,"D"
"9098",21.55088,83.19096,367,0.4,0.6,"2026-02-15",820,"N20","high","2.0NRT",306.44,7.96,"D"
"9099",21.57045,83.39352,335.52,0.41,0.61,"2026-02-15",820,"N20","nominal","2.0NRT",304.31,4.84,"D"
"9100",21.56817,83.3914,331.91,0.41,0.61,"2026-02-15",820,"N20","low","2.0NRT",305.65,4.1,"D"
"9101",21.55004,83.18861,355.03,0.4,0.6,"2026-02-15",820,"N20","nominal","2.0NRT",307.17,4.91,"D"
"9102",21.55559,83.18813,330.23,0.4,0.6,"2026-02-15",820,"N20","low","2.0NRT",302.73,4.91,"D"
"9103",21.48723,82.12294,355.85,0.34,0.56,"2026-02-15",820,"N20","nominal","2.0NRT",304.49,4.85,"D"
"9104",21.58352,82.8917,340.63,0.38,0.59,"2026-02-15",820,"N20","nominal","2.0NRT",308.3,5.62,"D"
"9105",21.58317,82.88799,335.52,0.38,0.59,"2026-02-15",820,"N20","nominal","2.0NRT",304.8,4.18,"D"
"9106",21.56787,82.72894,344.01,0.37,0.58,"2026-02-15",820,"N20","nominal","2.0NRT",304.91,4.33,"D"
"9107",21.08147,78.29922,332.91,0.39,0.44,"2026-02-15",820,"N20","nominal","2.0NRT",307.81,2.21,"D"
"9108",21.59659,82.91312,347.44,0.39,0.59,"2026-02-15",820,"N20","nominal","2.0NRT",306.08,5.12,"D"
"9109",21.59623,82.90935,351.5,0.39,0.59,"2026-02-15",820,"N20","nominal","2.0NRT",309.51,9.58,"D"
"9110",21.53625,82.29811,342.64,0.35,0.57,"2026-02-15",820,"N20","nominal","2.0NRT",304.54,2.76,"D"
"9111",21.86932,85.63792,341.45,0.58,0.7,"2026-02-15",820,"N20","nominal","2.0NRT",303.02,6.62,"D"
"9112",21.75529,84.24284,340.9,0.47,0.64,"2026-02-15",820,"N20","nominal","2.0NRT",304.5,4.62,"D"
"9113",21.65188,83.02645,339.6,0.39,0.6,"2026-02-15",820,"N20","nominal","2.0NRT",305.42,4.79,"D"
"9114",21.93664,86.85569,331.5,0.7,0.75,"2026-02-15",820,"N20","nominal","2.0NRT",301.29,4.09,"D"
"9115",21.64705,83.02756,331.07,0.39,0.6,"2026-02-15",820,"N20","low","2.0NRT",305.02,1.6,"D"
"9116",21.87018,85.63683,342.54,0.58,0.7,"2026-02-15",820,"N20","nominal","2.0NRT",303.68,6.25,"D"
"9117",21.65256,83.02696,335.8,0.39,0.6,"2026-02-15",820,"N20","nominal","2.0NRT",304.29,3.3,"D"
"9118",21.62537,82.55975,330.23,0.37,0.58,"2026-02-15",820,"N20","low","2.0NRT",305.17,1.43,"D"
"9119",21.74622,83.81768,340.93,0.44,0.63,"2026-02-15",820,"N20","nominal","2.0NRT",311.37,4.45,"D"
"9120",21.73792,83.72359,341.6,0.44,0.62,"2026-02-15",820,"N20","nominal","2.0NRT",304.87,4.39,"D"
"9121",21.84907,84.96078,332.38,0.53,0.67,"2026-02-15",820,"N20","nominal","2.0NRT",304.49,2.25,"D"
"9122",21.81808,84.37054,334.74,0.48,0.65,"2026-02-15",820,"N20","nominal","2.0NRT",308.81,2.93,"D"
"9123",22.03521,87.06676,330.83,0.72,0.76,"2026-02-15",820,"N20","nominal","2.0NRT",299.65,4.25,"D"
"9124",21.69571,82.83967,340.77,0.38,0.59,"2026-02-15",820,"N20","nominal","2.0NRT",307.98,3.78,"D"
"9125",21.83179,84.25178,367,0.47,0.64,"2026-02-15",820,"N20","high","2.0NRT",311.18,24.11,"D"
"9126",21.68725,82.64045,367,0.37,0.58,"2026-02-15",820,"N20","high","2.0NRT",307.31,7.63,"D"
"9127",21.95654,85.57825,338.94,0.58,0.7,"2026-02-15",820,"N20","nominal","2.0NRT",305.56,5,"D"
"9128",21.85944,84.42876,332.03,0.49,0.65,"2026-02-15",820,"N20","low","2.0NRT",306.01,5.3,"D"
"9129",21.70695,82.73026,336.11,0.38,0.58,"2026-02-15",820,"N20","nominal","2.0NRT",306.27,2.81,"D"
"9130",21.66908,82.34973,349.77,0.35,0.57,"2026-02-15",820,"N20","nominal","2.0NRT",305.87,3.96,"D"
"9131",21.78694,83.50302,367,0.42,0.61,"2026-02-15",820,"N20","high","2.0NRT",309.18,12.43,"D"
"9132",21.78733,83.50713,334.82,0.42,0.61,"2026-02-15",820,"N20","nominal","2.0NRT",304.48,8.14,"D"
"9133",21.2443,78.44656,343.02,0.4,0.44,"2026-02-15",820,"N20","nominal","2.0NRT",311.57,4.13,"D"
"9134",21.78385,83.50322,367,0.42,0.61,"2026-02-15",820,"N20","high","2.0NRT",310.98,16.7,"D"
"9135",21.86176,84.42955,335.91,0.49,0.65,"2026-02-15",820,"N20","nominal","2.0NRT",307.59,3.83,"D"
"9136",21.9573,85.57509,343.18,0.58,0.7,"2026-02-15",820,"N20","nominal","2.0NRT",307.78,5.35,"D"
"9137",21.79924,82.98814,367,0.39,0.59,"2026-02-15",820,"N20","high","2.0NRT",305.34,8.5,"D"
"9138",21.80032,82.99965,336.14,0.39,0.6,"2026-02-15",820,"N20","nominal","2.0NRT",304.94,2.27,"D"
"9139",21.79888,82.98431,347.63,0.39,0.59,"2026-02-15",820,"N20","nominal","2.0NRT",307.39,8.5,"D"
"9140",21.90416,84.01212,342.62,0.46,0.63,"2026-02-15",820,"N20","nominal","2.0NRT",304.02,5.88,"D"
"9141",21.77369,82.55033,333.71,0.37,0.58,"2026-02-15",820,"N20","low","2.0NRT",308.13,1.59,"D"
"9142",21.86477,83.44902,343.89,0.42,0.61,"2026-02-15",820,"N20","nominal","2.0NRT",305.31,4.82,"D"
"9143",21.70648,81.77554,354.17,0.33,0.55,"2026-02-15",820,"N20","nominal","2.0NRT",305.96,3.15,"D"
"9144",21.70616,81.77238,332.75,0.33,0.55,"2026-02-15",820,"N20","low","2.0NRT",307.32,3.15,"D"
"9145",21.94852,84.17659,367,0.47,0.64,"2026-02-15",820,"N20","high","2.0NRT",308.39,26.67,"D"
"9146",21.94811,84.17207,345.12,0.47,0.64,"2026-02-15",820,"N20","nominal","2.0NRT",305.35,14.24,"D"
"9147",21.95445,84.17608,355.61,0.47,0.64,"2026-02-15",820,"N20","nominal","2.0NRT",307.29,9.35,"D"
"9148",21.95404,84.17158,349.43,0.47,0.64,"2026-02-15",820,"N20","nominal","2.0NRT",306.83,9.39,"D"
"9149",21.96037,84.17551,340.77,0.47,0.64,"2026-02-15",820,"N20","nominal","2.0NRT",305.56,9.35,"D"
"9150",21.94575,83.94949,333.33,0.45,0.63,"2026-02-15",820,"N20","low","2.0NRT",303.35,2.68,"D"
"9151",21.84926,82.87583,340.74,0.39,0.59,"2026-02-15",820,"N20","nominal","2.0NRT",306.39,4.35,"D"
"9152",21.84889,82.87206,349.79,0.39,0.59,"2026-02-15",820,"N20","nominal","2.0NRT",305.89,4.35,"D"
"9153",21.94673,84.17887,367,0.47,0.64,"2026-02-15",820,"N20","high","2.0NRT",303.86,15.72,"D"
"9154",21.94636,84.17433,354.36,0.47,0.64,"2026-02-15",820,"N20","nominal","2.0NRT",307.71,18.87,"D"
"9155",21.95229,84.17381,367,0.47,0.64,"2026-02-15",820,"N20","high","2.0NRT",308.78,10.01,"D"
"9156",21.95267,84.17834,344.1,0.47,0.64,"2026-02-15",820,"N20","nominal","2.0NRT",304.66,7.68,"D"
"9157",21.9586,84.17777,349.22,0.47,0.64,"2026-02-15",820,"N20","nominal","2.0NRT",306.53,7.68,"D"
"9158",21.95822,84.17323,345.34,0.47,0.64,"2026-02-15",820,"N20","nominal","2.0NRT",305.46,10.01,"D"
"9159",21.94514,83.94693,334.86,0.45,0.63,"2026-02-15",820,"N20","nominal","2.0NRT",304.24,3.74,"D"
"9160",21.85068,82.87599,346.02,0.39,0.59,"2026-02-15",820,"N20","nominal","2.0NRT",306.46,4.5,"D"
"9161",21.85033,82.87222,345.29,0.39,0.59,"2026-02-15",820,"N20","nominal","2.0NRT",306.78,4.5,"D"
"9162",21.84998,82.86843,337.24,0.39,0.59,"2026-02-15",820,"N20","nominal","2.0NRT",306.1,5.67,"D"
"9163",21.85614,82.87544,339.28,0.39,0.59,"2026-02-15",820,"N20","nominal","2.0NRT",305.28,4.5,"D"
"9164",21.78586,82.12894,348.21,0.34,0.56,"2026-02-15",820,"N20","nominal","2.0NRT",305.87,2.92,"D"
"9165",21.82909,82.5264,333.69,0.37,0.58,"2026-02-15",820,"N20","low","2.0NRT",306.42,3.18,"D"
"9166",21.92211,83.35389,342.79,0.42,0.61,"2026-02-15",820,"N20","nominal","2.0NRT",307.61,5.94,"D"
"9167",21.9046,83.04003,339.18,0.4,0.6,"2026-02-15",820,"N20","nominal","2.0NRT",307.57,3.61,"D"
"9168",21.2939,77.41258,346.99,0.52,0.42,"2026-02-15",820,"N20","nominal","2.0NRT",309.28,6.1,"D"
"9169",21.25776,77.1303,336.58,0.5,0.41,"2026-02-15",820,"N20","nominal","2.0NRT",308.14,5.79,"D"
"9170",22.01787,84.10347,367,0.47,0.64,"2026-02-15",820,"N20","high","2.0NRT",305.01,11.09,"D"
"9171",22.03189,84.26452,350.89,0.48,0.64,"2026-02-15",820,"N20","nominal","2.0NRT",306.25,10.52,"D"
"9172",22.02378,84.10294,367,0.47,0.64,"2026-02-15",820,"N20","high","2.0NRT",306.28,11.09,"D"
"9173",22.03746,84.25936,345.39,0.48,0.64,"2026-02-15",820,"N20","nominal","2.0NRT",307.62,10.04,"D"
"9174",22.02417,84.10746,330.84,0.47,0.64,"2026-02-15",820,"N20","nominal","2.0NRT",302.09,10.44,"D"
"9175",20.69935,73.11136,335.51,0.38,0.36,"2026-02-15",820,"N20","nominal","2.0NRT",307.78,2.36,"D"
"9176",22.04343,84.25891,339.13,0.48,0.64,"2026-02-15",820,"N20","nominal","2.0NRT",306.8,4.63,"D"
"9177",22.00326,83.74169,333.66,0.44,0.62,"2026-02-15",820,"N20","nominal","2.0NRT",307.92,3.95,"D"
"9178",21.19478,76.53443,344.29,0.47,0.4,"2026-02-15",820,"N20","nominal","2.0NRT",309.68,7.03,"D"
"9179",21.59985,79.76984,341.97,0.48,0.48,"2026-02-15",820,"N20","nominal","2.0NRT",305.59,8.62,"D"
"9180",21.19484,76.50706,340.87,0.47,0.4,"2026-02-15",820,"N20","nominal","2.0NRT",313.24,5.03,"D"
"9181",22.06339,84.28062,342.46,0.48,0.65,"2026-02-15",820,"N20","nominal","2.0NRT",307.81,4.9,"D"
"9182",21.95868,83.02275,367,0.4,0.6,"2026-02-15",820,"N20","high","2.0NRT",314.09,21.11,"D"
"9183",21.94167,82.84758,334.92,0.39,0.59,"2026-02-15",820,"N20","low","2.0NRT",305.25,4.13,"D"
"9184",21.9413,82.8438,336.74,0.38,0.59,"2026-02-15",820,"N20","low","2.0NRT",309.78,5.83,"D"
"9185",21.20935,76.53242,345.33,0.47,0.4,"2026-02-15",820,"N20","nominal","2.0NRT",311.12,13.24,"D"
"9186",21.20693,76.51438,342.28,0.47,0.4,"2026-02-15",820,"N20","nominal","2.0NRT",311.12,6.8,"D"
"9187",22.03754,83.73443,345.97,0.44,0.62,"2026-02-15",820,"N20","nominal","2.0NRT",312.95,7.05,"D"
"9188",22.03714,83.73013,356.06,0.44,0.62,"2026-02-15",820,"N20","nominal","2.0NRT",316.36,7.05,"D"
"9189",20.97738,74.67818,341.07,0.4,0.37,"2026-02-15",820,"N20","low","2.0NRT",314.1,3.93,"D"
"9190",22.01742,83.76296,333.91,0.44,0.63,"2026-02-15",820,"N20","low","2.0NRT",308.42,5.24,"D"
"9191",21.9374,82.84726,337.94,0.39,0.59,"2026-02-15",820,"N20","nominal","2.0NRT",307.37,4.06,"D"
"9192",21.95866,83.02219,367,0.4,0.6,"2026-02-15",820,"N20","high","2.0NRT",314.21,21.35,"D"
"9193",22.06643,84.28133,337.15,0.48,0.65,"2026-02-15",820,"N20","nominal","2.0NRT",306.48,3.35,"D"
"9194",22.06605,84.27662,336.09,0.48,0.65,"2026-02-15",820,"N20","nominal","2.0NRT",308.35,4.75,"D"
"9195",21.89585,82.3367,333.34,0.36,0.57,"2026-02-15",820,"N20","low","2.0NRT",305.87,2.96,"D"
"9196",21.25407,76.55965,347.53,0.47,0.4,"2026-02-15",820,"N20","nominal","2.0NRT",315.7,9.94,"D"
"9197",22.03793,83.73022,367,0.44,0.62,"2026-02-15",820,"N20","high","2.0NRT",322.41,18.68,"D"
"9198",21.95812,82.77335,331.64,0.38,0.59,"2026-02-15",820,"N20","low","2.0NRT",305.36,1.89,"D"
"9199",21.27231,76.55712,343.14,0.47,0.4,"2026-02-15",820,"N20","nominal","2.0NRT",313.59,11.82,"D"
"9200",22.2626,86.25098,343.69,0.64,0.72,"2026-02-15",820,"N20","nominal","2.0NRT",302.27,6.18,"D"
"9201",21.28385,76.56013,344.97,0.47,0.4,"2026-02-15",820,"N20","nominal","2.0NRT",312.36,4.84,"D"
"9202",22.06091,83.53101,352.23,0.43,0.62,"2026-02-15",820,"N20","nominal","2.0NRT",308.19,5.95,"D"
"9203",22.12574,84.20058,332.41,0.47,0.64,"2026-02-15",820,"N20","nominal","2.0NRT",304.02,3.15,"D"
"9204",22.07953,83.4208,332.84,0.42,0.61,"2026-02-15",820,"N20","low","2.0NRT",304.65,4.94,"D"
"9205",22.04879,82.91638,333.3,0.39,0.59,"2026-02-15",820,"N20","low","2.0NRT",307.63,4.66,"D"
"9206",22.20325,84.46603,342.07,0.49,0.65,"2026-02-15",820,"N20","nominal","2.0NRT",304.62,5.14,"D"
"9207",21.36814,76.77321,337.94,0.49,0.4,"2026-02-15",820,"N20","low","2.0NRT",311.04,4.94,"D"
"9208",22.04952,82.91489,341.02,0.39,0.59,"2026-02-15",820,"N20","nominal","2.0NRT",308.7,4.91,"D"
"9209",21.21859,75.48243,335.37,0.43,0.38,"2026-02-15",820,"N20","nominal","2.0NRT",306.68,2.43,"D"
"9210",22.19906,84.46654,334.35,0.49,0.65,"2026-02-15",820,"N20","nominal","2.0NRT",304.04,4.92,"D"
"9211",22.08433,82.69492,344.08,0.38,0.59,"2026-02-15",820,"N20","nominal","2.0NRT",302.97,2.26,"D"
"9212",22.25218,84.37402,337.78,0.49,0.65,"2026-02-15",820,"N20","nominal","2.0NRT",305.42,4.94,"D"
"9213",22.02368,81.80346,333.2,0.33,0.55,"2026-02-15",820,"N20","low","2.0NRT",304.6,1.91,"D"
"9214",21.49405,77.20039,334.9,0.51,0.41,"2026-02-15",820,"N20","nominal","2.0NRT",306.4,1.93,"D"
"9215",22.20005,82.97958,333.32,0.4,0.6,"2026-02-15",820,"N20","nominal","2.0NRT",306.15,2.51,"D"
"9216",22.15263,82.29892,367,0.36,0.57,"2026-02-15",820,"N20","high","2.0NRT",309.37,7.64,"D"
"9217",22.15297,82.30244,349.78,0.36,0.57,"2026-02-15",820,"N20","nominal","2.0NRT",305.06,4.72,"D"
"9218",22.15825,82.30185,349.15,0.36,0.57,"2026-02-15",820,"N20","nominal","2.0NRT",306.96,9.21,"D"
"9219",22.15791,82.29834,356.4,0.36,0.57,"2026-02-15",820,"N20","nominal","2.0NRT",314.92,14.14,"D"
"9220",21.13235,73.87106,334.84,0.39,0.36,"2026-02-15",820,"N20","nominal","2.0NRT",309.6,1.2,"D"
"9221",22.24299,82.67414,332.78,0.38,0.59,"2026-02-15",820,"N20","low","2.0NRT",303.61,3.62,"D"
"9222",22.53507,85.93188,334.96,0.62,0.71,"2026-02-15",820,"N20","nominal","2.0NRT",304.55,6.48,"D"
"9223",22.25237,82.71419,347.67,0.38,0.59,"2026-02-15",820,"N20","nominal","2.0NRT",305.97,3.57,"D"
"9224",22.25779,82.71361,340.34,0.38,0.59,"2026-02-15",820,"N20","nominal","2.0NRT",305.6,3.57,"D"
"9225",22.24494,82.67039,332.95,0.38,0.59,"2026-02-15",820,"N20","low","2.0NRT",305.39,3.42,"D"
"9226",22.25439,82.71426,352.29,0.38,0.59,"2026-02-15",820,"N20","nominal","2.0NRT",305.6,5.49,"D"
"9227",22.25405,82.71052,341.04,0.38,0.59,"2026-02-15",820,"N20","nominal","2.0NRT",306.82,5.87,"D"
"9228",22.23867,82.48295,330.26,0.37,0.58,"2026-02-15",820,"N20","low","2.0NRT",304.79,2.42,"D"
"9229",22.24402,82.48236,337.34,0.37,0.58,"2026-02-15",820,"N20","nominal","2.0NRT",306.38,2.42,"D"
"9230",22.24368,82.47875,336.53,0.37,0.58,"2026-02-15",820,"N20","low","2.0NRT",307.51,2.42,"D"
"9231",22.53383,85.93729,330.89,0.62,0.71,"2026-02-15",820,"N20","low","2.0NRT",301.99,6.18,"D"
"9232",22.5334,85.9313,337.9,0.62,0.71,"2026-02-15",820,"N20","nominal","2.0NRT",304.78,7.83,"D"
"9233",21.63359,76.87427,342.6,0.49,0.41,"2026-02-15",820,"N20","nominal","2.0NRT",307.72,2.45,"D"
"9234",21.63792,76.87845,341.14,0.49,0.41,"2026-02-15",820,"N20","nominal","2.0NRT",308.15,5.24,"D"
"9235",22.2203,81.95441,336.15,0.34,0.56,"2026-02-15",820,"N20","nominal","2.0NRT",307.34,4.43,"D"
"9236",22.21998,81.95107,347.99,0.34,0.56,"2026-02-15",820,"N20","nominal","2.0NRT",309.29,4.43,"D"
"9237",21.07658,72.84532,336.6,0.38,0.36,"2026-02-15",820,"N20","nominal","2.0NRT",310.51,2.19,"D"
"9238",22.25715,82.28027,336.5,0.36,0.57,"2026-02-15",820,"N20","nominal","2.0NRT",305.87,1.72,"D"
"9239",21.65029,76.88615,346.04,0.5,0.41,"2026-02-15",820,"N20","nominal","2.0NRT",306.87,6.31,"D"
"9240",22.33455,82.57935,334.88,0.37,0.58,"2026-02-15",820,"N20","low","2.0NRT",306.63,1.53,"D"
"9241",21.09169,72.65777,343.41,0.39,0.36,"2026-02-15",820,"N20","nominal","2.0NRT",304.89,3.92,"D"
"9242",21.10375,72.64809,338.23,0.39,0.36,"2026-02-15",820,"N20","low","2.0NRT",311.67,3.4,"D"
"9243",21.10204,72.63705,345.16,0.39,0.36,"2026-02-15",820,"N20","nominal","2.0NRT",314.09,10.54,"D"
"9244",21.10728,72.64722,338.25,0.39,0.36,"2026-02-15",820,"N20","low","2.0NRT",313.02,2.48,"D"
"9245",22.33166,82.57867,334.87,0.37,0.58,"2026-02-15",820,"N20","low","2.0NRT",307.76,3.1,"D"
"9246",21.19194,73.08881,343.13,0.38,0.36,"2026-02-15",820,"N20","nominal","2.0NRT",308.37,4.14,"D"
"9247",22.33963,82.20019,339.3,0.35,0.57,"2026-02-15",820,"N20","nominal","2.0NRT",306.32,2.61,"D"
"9248",21.73966,76.83117,336.5,0.49,0.41,"2026-02-15",820,"N20","low","2.0NRT",310.94,3.96,"D"
"9249",22.34489,82.19958,339.04,0.35,0.57,"2026-02-15",820,"N20","nominal","2.0NRT",306.56,2.61,"D"
"9250",22.40377,82.5931,340.09,0.38,0.58,"2026-02-15",820,"N20","nominal","2.0NRT",302.88,2.94,"D"
"9251",21.45172,74.45618,334.6,0.4,0.37,"2026-02-15",820,"N20","nominal","2.0NRT",307.23,3.85,"D"
"9252",20.97757,71.3568,350.42,0.4,0.37,"2026-02-15",820,"N20","nominal","2.0NRT",314.9,4.85,"D"
"9253",20.97695,71.35295,348.03,0.4,0.37,"2026-02-15",820,"N20","nominal","2.0NRT",312.45,4.85,"D"
"9254",20.98094,71.35618,350.06,0.4,0.37,"2026-02-15",820,"N20","nominal","2.0NRT",311.88,4.85,"D"
"9255",20.98032,71.35233,343.49,0.4,0.37,"2026-02-15",820,"N20","nominal","2.0NRT",309.61,4.85,"D"
"9256",21.96118,78.08746,331.38,0.39,0.44,"2026-02-15",820,"N20","nominal","2.0NRT",303.42,2.05,"D"
"9257",21.81978,76.92168,336.27,0.5,0.41,"2026-02-15",820,"N20","low","2.0NRT",309.1,4.04,"D"
"9258",21.82137,76.92375,334.88,0.5,0.41,"2026-02-15",820,"N20","low","2.0NRT",308.28,2.69,"D"
"9259",22.11204,78.93557,331.12,0.44,0.46,"2026-02-15",820,"N20","low","2.0NRT",304.92,4.77,"D"
"9260",21.09696,71.33538,345.51,0.4,0.37,"2026-02-15",820,"N20","low","2.0NRT",315.76,2.63,"D"
"9261",21.10344,71.354,349.15,0.4,0.37,"2026-02-15",820,"N20","nominal","2.0NRT",313.54,4.4,"D"
"9262",21.10282,71.35016,342.77,0.4,0.37,"2026-02-15",820,"N20","low","2.0NRT",313.16,5.59,"D"
"9263",21.10929,71.36876,354.42,0.4,0.37,"2026-02-15",820,"N20","nominal","2.0NRT",312.22,4.98,"D"
"9264",21.11265,71.36813,349.85,0.4,0.37,"2026-02-15",820,"N20","nominal","2.0NRT",314.33,4.98,"D"
"9265",21.56661,74.10552,344.28,0.39,0.36,"2026-02-15",820,"N20","nominal","2.0NRT",309.44,4.84,"D"
"9266",22.64448,83.41167,338.83,0.43,0.62,"2026-02-15",820,"N20","nominal","2.0NRT",305.72,3.65,"D"
"9267",21.40306,72.87022,337.59,0.38,0.36,"2026-02-15",820,"N20","nominal","2.0NRT",312.3,3.46,"D"
"9268",22.00278,77.08269,338.59,0.51,0.41,"2026-02-15",820,"N20","low","2.0NRT",310.17,4.75,"D"
"9269",22.00719,77.08705,340.26,0.51,0.41,"2026-02-15",820,"N20","nominal","2.0NRT",310.01,6.11,"D"
"9270",21.43308,72.97827,340.26,0.38,0.36,"2026-02-15",820,"N20","nominal","2.0NRT",309.78,2.79,"D"
"9271",21.96617,76.27908,338.65,0.47,0.39,"2026-02-15",820,"N20","low","2.0NRT",309.53,5.09,"D"
"9272",22.01404,76.16685,344.28,0.46,0.39,"2026-02-15",820,"N20","nominal","2.0NRT",312.2,12.61,"D"
"9273",22.50098,79.73656,333.34,0.49,0.49,"2026-02-15",820,"N20","low","2.0NRT",306.09,2.22,"D"
"9274",22.93255,84.27177,335.24,0.49,0.65,"2026-02-15",820,"N20","nominal","2.0NRT",303.26,16.81,"D"
"9275",22.93859,84.27141,351.49,0.49,0.65,"2026-02-15",820,"N20","nominal","2.0NRT",309.51,16.81,"D"
"9276",21.46932,71.66328,339.11,0.4,0.37,"2026-02-15",820,"N20","nominal","2.0NRT",312.09,2.33,"D"
"9277",21.4663,71.64436,336.82,0.4,0.37,"2026-02-15",820,"N20","low","2.0NRT",308.63,2.57,"D"
"9278",21.4657,71.64058,342.26,0.4,0.37,"2026-02-15",820,"N20","nominal","2.0NRT",309.84,2.57,"D"
"9279",21.46903,71.63997,337.75,0.4,0.37,"2026-02-15",820,"N20","low","2.0NRT",311.27,2.57,"D"
"9280",21.46753,71.60905,338.9,0.4,0.37,"2026-02-15",820,"N20","nominal","2.0NRT",308.02,3.2,"D"
"9281",21.47148,71.61224,339.75,0.4,0.37,"2026-02-15",820,"N20","low","2.0NRT",310,3.2,"D"
"9282",21.47087,71.60844,355.28,0.4,0.37,"2026-02-15",820,"N20","low","2.0NRT",313.77,3.2,"D"
"9283",21.48025,71.64571,343.46,0.4,0.37,"2026-02-15",820,"N20","nominal","2.0NRT",310.28,2.77,"D"
"9284",21.47904,71.63815,344.32,0.4,0.37,"2026-02-15",820,"N20","nominal","2.0NRT",311.18,4.71,"D"
"9285",21.48238,71.63753,338.08,0.4,0.37,"2026-02-15",820,"N20","low","2.0NRT",309.39,4.71,"D"
"9286",21.48632,71.64072,339.32,0.4,0.37,"2026-02-15",820,"N20","low","2.0NRT",313.58,2.19,"D"
"9287",21.49546,71.59647,342.29,0.4,0.37,"2026-02-15",820,"N20","low","2.0NRT",312.35,3.81,"D"
"9288",21.49485,71.59268,343.6,0.4,0.37,"2026-02-15",820,"N20","nominal","2.0NRT",311.7,3.55,"D"
"9289",21.49424,71.5889,343.98,0.4,0.37,"2026-02-15",820,"N20","nominal","2.0NRT",312.31,3.55,"D"
"9290",21.49941,71.59966,348.84,0.4,0.37,"2026-02-15",820,"N20","nominal","2.0NRT",314.28,2.05,"D"
"9291",21.4988,71.59586,336.24,0.4,0.37,"2026-02-15",820,"N20","low","2.0NRT",310.28,2.05,"D"
"9292",21.49758,71.58829,341.27,0.4,0.37,"2026-02-15",820,"N20","nominal","2.0NRT",310.24,1.42,"D"
"9293",21.32856,70.56519,336.39,0.42,0.38,"2026-02-15",820,"N20","low","2.0NRT",310.78,4.46,"D"
"9294",21.50214,71.59525,337.79,0.4,0.37,"2026-02-15",820,"N20","low","2.0NRT",310.21,2.05,"D"
"9295",21.72963,72.82809,334.18,0.38,0.36,"2026-02-15",820,"N20","low","2.0NRT",307.61,3.25,"D"
"9296",21.4277,70.67099,344.06,0.42,0.38,"2026-02-15",820,"N20","nominal","2.0NRT",317.37,5.19,"D"
"9297",21.48847,70.99887,347.23,0.41,0.37,"2026-02-15",820,"N20","nominal","2.0NRT",310.23,2.79,"D"
"9298",21.49377,71.00999,344.75,0.41,0.37,"2026-02-15",820,"N20","nominal","2.0NRT",309.3,1.36,"D"
"9299",21.49186,70.99824,348.01,0.41,0.37,"2026-02-15",820,"N20","nominal","2.0NRT",311.52,5.73,"D"
"9300",21.49313,71.00607,356.71,0.41,0.37,"2026-02-15",820,"N20","low","2.0NRT",312.32,5.16,"D"
"9301",21.4925,71.00215,356.74,0.41,0.37,"2026-02-15",820,"N20","low","2.0NRT",311.78,5.16,"D"
"9302",21.49716,71.00935,335.97,0.41,0.37,"2026-02-15",820,"N20","low","2.0NRT",306.76,1.36,"D"
"9303",21.49652,71.00543,337.59,0.41,0.37,"2026-02-15",820,"N20","nominal","2.0NRT",307.44,5.16,"D"
"9304",21.49588,71.00152,350.74,0.41,0.37,"2026-02-15",820,"N20","nominal","2.0NRT",309.81,5.16,"D"
"9305",21.49652,71.00166,335.23,0.41,0.37,"2026-02-15",820,"N20","low","2.0NRT",307.45,3.39,"D"
"9306",22.37007,76.55196,331.55,0.49,0.4,"2026-02-15",820,"N20","low","2.0NRT",306.02,4.38,"D"
"9307",22.40149,76.73666,333.61,0.5,0.41,"2026-02-15",820,"N20","low","2.0NRT",305.56,3.04,"D"
"9308",22.31866,76.0204,340.67,0.46,0.39,"2026-02-15",820,"N20","nominal","2.0NRT",310.96,12.51,"D"
"9309",22.74756,79.26449,341.44,0.46,0.47,"2026-02-15",820,"N20","nominal","2.0NRT",307.37,8.36,"D"
"9310",22.37331,76.2364,342.24,0.47,0.4,"2026-02-15",820,"N20","nominal","2.0NRT",312.84,9.79,"D"
"9311",22.37694,76.23586,338.98,0.47,0.4,"2026-02-15",820,"N20","nominal","2.0NRT",309.21,3.34,"D"
"9312",22.37415,76.23727,340,0.47,0.4,"2026-02-15",820,"N20","low","2.0NRT",311.15,14.68,"D"
"9313",22.74864,79.26503,342.21,0.47,0.47,"2026-02-15",820,"N20","nominal","2.0NRT",306.67,8.3,"D"
"9314",21.7015,71.31072,345.95,0.4,0.37,"2026-02-15",820,"N20","nominal","2.0NRT",316.39,6.46,"D"
"9315",22.33628,75.5618,338.74,0.44,0.38,"2026-02-15",820,"N20","low","2.0NRT",310.25,3.11,"D"
"9316",22.33979,75.56121,335.81,0.44,0.38,"2026-02-15",820,"N20","low","2.0NRT",308.89,3.11,"D"
"9317",22.81266,79.08961,345.21,0.45,0.47,"2026-02-15",820,"N20","nominal","2.0NRT",303.77,6.92,"D"
"9318",23.16623,82.34263,343.54,0.37,0.58,"2026-02-15",820,"N20","nominal","2.0NRT",308.4,6.22,"D"
"9319",23.16588,82.339,339.47,0.37,0.58,"2026-02-15",820,"N20","nominal","2.0NRT",309.28,5.5,"D"
"9320",21.59737,70.401,335.16,0.43,0.38,"2026-02-15",820,"N20","low","2.0NRT",307.66,3.78,"D"
"9321",21.74837,71.25846,337.72,0.4,0.37,"2026-02-15",820,"N20","low","2.0NRT",312.63,3.41,"D"
"9322",21.75172,71.25784,343.69,0.4,0.37,"2026-02-15",820,"N20","nominal","2.0NRT",312.34,3.25,"D"
"9323",23.16396,82.34193,344.28,0.37,0.58,"2026-02-15",820,"N20","nominal","2.0NRT",310,5.86,"D"
"9324",23.16363,82.33824,340.9,0.37,0.58,"2026-02-15",820,"N20","nominal","2.0NRT",308.84,4.6,"D"
"9325",22.9466,79.77338,351.6,0.5,0.49,"2026-02-15",820,"N20","nominal","2.0NRT",309.08,6.99,"D"
"9326",22.85847,78.63567,336.66,0.43,0.46,"2026-02-15",820,"N20","nominal","2.0NRT",302.73,2.28,"D"
"9327",22.99425,79.74828,340.39,0.5,0.49,"2026-02-15",820,"N20","nominal","2.0NRT",307.32,4.19,"D"
"9328",22.99371,79.74341,344.22,0.5,0.49,"2026-02-15",820,"N20","nominal","2.0NRT",309.95,4.19,"D"
"9329",22.88514,78.79035,330.28,0.44,0.46,"2026-02-15",820,"N20","nominal","2.0NRT",304.26,2.51,"D"
"9330",22.99877,79.74775,338.32,0.5,0.49,"2026-02-15",820,"N20","nominal","2.0NRT",308.85,6.31,"D"
"9331",23.00329,79.74718,367,0.5,0.49,"2026-02-15",820,"N20","high","2.0NRT",310.18,6.31,"D"
"9332",22.04599,72.54387,340.73,0.38,0.36,"2026-02-15",820,"N20","low","2.0NRT",314.66,6.92,"D"
"9333",23.0078,79.74655,336.48,0.5,0.49,"2026-02-15",820,"N20","nominal","2.0NRT",309.51,3.77,"D"
"9334",22.57092,76.1808,333,0.47,0.4,"2026-02-15",820,"N20","low","2.0NRT",306.18,2.37,"D"
"9335",23.02353,79.76424,341.55,0.5,0.49,"2026-02-15",820,"N20","nominal","2.0NRT",307.02,5.34,"D"
"9336",22.572,76.07848,333.81,0.46,0.39,"2026-02-15",820,"N20","nominal","2.0NRT",306.75,4.34,"D"
"9337",22.57141,76.07402,345.34,0.46,0.39,"2026-02-15",820,"N20","nominal","2.0NRT",308.76,4.34,"D"
"9338",22.58959,76.18211,334.74,0.47,0.4,"2026-02-15",820,"N20","low","2.0NRT",309.13,5.3,"D"
"9339",22.57296,76.07547,342.18,0.46,0.39,"2026-02-15",820,"N20","nominal","2.0NRT",307.38,7.8,"D"
"9340",23.00529,79.74953,340.88,0.5,0.49,"2026-02-15",820,"N20","nominal","2.0NRT",309.18,5.37,"D"
"9341",23.00477,79.74463,338.16,0.5,0.49,"2026-02-15",820,"N20","low","2.0NRT",308.56,5.37,"D"
"9342",23.02489,79.76168,341.92,0.5,0.49,"2026-02-15",820,"N20","nominal","2.0NRT",308.74,6.56,"D"
"9343",22.61458,76.22634,346.93,0.47,0.4,"2026-02-15",820,"N20","nominal","2.0NRT",310.2,5.08,"D"
"9344",21.70143,70.0231,334.93,0.44,0.38,"2026-02-15",820,"N20","low","2.0NRT",309.61,3.31,"D"
"9345",22.67305,76.50659,339.9,0.49,0.4,"2026-02-15",820,"N20","nominal","2.0NRT",308.04,6.08,"D"
"9346",22.81962,76.81165,336.74,0.51,0.41,"2026-02-15",820,"N20","nominal","2.0NRT",307.82,3.6,"D"
"9347",22.81529,76.74709,335.69,0.5,0.41,"2026-02-15",820,"N20","nominal","2.0NRT",305.62,1.47,"D"
"9348",22.89828,77.34883,339.75,0.54,0.42,"2026-02-15",820,"N20","nominal","2.0NRT",305.5,3.94,"D"
"9349",23.76237,86.40463,331.04,0.68,0.74,"2026-02-15",820,"N20","low","2.0NRT",304.1,6.85,"D"
"9350",22.98482,77.72654,347.14,0.57,0.43,"2026-02-15",820,"N20","nominal","2.0NRT",311.03,15.84,"D"
"9351",22.9872,77.7245,334.43,0.57,0.43,"2026-02-15",820,"N20","low","2.0NRT",306.24,6.74,"D"
"9352",22.98522,77.24367,338.76,0.54,0.42,"2026-02-15",820,"N20","nominal","2.0NRT",310.9,3.27,"D"
"9353",22.991,77.16379,337.54,0.53,0.42,"2026-02-15",820,"N20","nominal","2.0NRT",307.3,4.73,"D"
"9354",22.88745,76.03963,333.03,0.47,0.39,"2026-02-15",820,"N20","low","2.0NRT",304.03,2.63,"D"
"9355",22.19078,71.20438,342.11,0.4,0.37,"2026-02-15",820,"N20","low","2.0NRT",314.72,4.12,"D"
"9356",23.3533,78.5683,338.88,0.43,0.46,"2026-02-15",820,"N20","nominal","2.0NRT",308.14,4.21,"D"
"9357",23.59099,80.18703,340.42,0.54,0.51,"2026-02-15",820,"N20","nominal","2.0NRT",301.84,9.37,"D"
"9358",23.58833,80.1847,346.37,0.54,0.51,"2026-02-15",820,"N20","nominal","2.0NRT",301.25,8.13,"D"
"9359",22.25864,70.26122,341.99,0.43,0.38,"2026-02-15",820,"N20","nominal","2.0NRT",311.67,2.8,"D"
"9360",22.4574,71.35604,343.41,0.4,0.37,"2026-02-15",820,"N20","nominal","2.0NRT",313.37,1.98,"D"
"9361",22.46556,71.34274,352.87,0.4,0.37,"2026-02-15",820,"N20","nominal","2.0NRT",312.48,3.6,"D"
"9362",22.14192,69.41535,337.23,0.46,0.39,"2026-02-15",820,"N20","low","2.0NRT",311.9,7.02,"D"
"9363",22.46855,71.3186,353.71,0.4,0.37,"2026-02-15",820,"N20","nominal","2.0NRT",316.48,6.68,"D"
"9364",22.46917,71.32243,356,0.4,0.37,"2026-02-15",820,"N20","low","2.0NRT",316.1,9.81,"D"
"9365",22.47312,71.32561,348.55,0.4,0.37,"2026-02-15",820,"N20","nominal","2.0NRT",314.51,9.81,"D"
"9366",22.4725,71.32179,350.53,0.4,0.37,"2026-02-15",820,"N20","nominal","2.0NRT",315.82,9.81,"D"
"9367",22.47189,71.31798,353.24,0.4,0.37,"2026-02-15",820,"N20","nominal","2.0NRT",316.34,6.68,"D"
"9368",22.47584,71.32117,350.72,0.4,0.37,"2026-02-15",820,"N20","nominal","2.0NRT",311.66,6.36,"D"
"9369",23.63508,79.99741,347.67,0.53,0.5,"2026-02-15",820,"N20","nominal","2.0NRT",308.26,11.17,"D"
"9370",22.50975,70.81663,338.45,0.41,0.37,"2026-02-15",820,"N20","low","2.0NRT",312.53,3.08,"D"
"9371",22.51184,70.80813,337.37,0.41,0.37,"2026-02-15",820,"N20","low","2.0NRT",312.18,1.97,"D"
"9372",22.51586,70.81141,353.42,0.41,0.37,"2026-02-15",820,"N20","nominal","2.0NRT",312.67,9.99,"D"
"9373",22.51522,70.80748,342.68,0.41,0.37,"2026-02-15",820,"N20","low","2.0NRT",314.52,3.33,"D"
"9374",22.52181,70.82647,348.49,0.41,0.37,"2026-02-15",820,"N20","nominal","2.0NRT",313.12,3.3,"D"
"9375",22.51537,70.78717,350.28,0.41,0.37,"2026-02-15",820,"N20","nominal","2.0NRT",312.2,2.24,"D"
"9376",22.51473,70.78324,339.03,0.41,0.37,"2026-02-15",820,"N20","low","2.0NRT",313.15,1.45,"D"
"9377",22.51924,70.81076,356.27,0.41,0.37,"2026-02-15",820,"N20","low","2.0NRT",310.84,9.99,"D"
"9378",22.52455,70.82189,355.4,0.41,0.37,"2026-02-15",820,"N20","low","2.0NRT",312.36,3.42,"D"
"9379",22.52278,70.78983,344.65,0.41,0.37,"2026-02-15",822,"N20","nominal","2.0NRT",313.92,4.78,"D"
"9380",22.52616,70.78918,352.11,0.41,0.37,"2026-02-15",822,"N20","nominal","2.0NRT",314.63,3.02,"D"
"9381",22.52552,70.78525,346.37,0.41,0.37,"2026-02-15",822,"N20","nominal","2.0NRT",314.13,3.02,"D"
"9382",22.52954,70.78853,344.63,0.41,0.37,"2026-02-15",822,"N20","nominal","2.0NRT",316.31,3.02,"D"
"9383",22.85503,72.79205,339.35,0.38,0.36,"2026-02-15",822,"N20","nominal","2.0NRT",311.18,2.93,"D"
"9384",22.65815,71.37781,338.94,0.39,0.37,"2026-02-15",822,"N20","low","2.0NRT",312.85,2.33,"D"
"9385",22.65753,71.374,343.28,0.39,0.37,"2026-02-15",822,"N20","nominal","2.0NRT",311.38,2.33,"D"
"9386",22.66148,71.37718,344.16,0.39,0.37,"2026-02-15",822,"N20","nominal","2.0NRT",310.43,4.56,"D"
"9387",22.66752,71.37213,340.63,0.39,0.37,"2026-02-15",822,"N20","low","2.0NRT",311.11,5.35,"D"
"9388",22.66963,71.36389,337.49,0.4,0.37,"2026-02-15",822,"N20","low","2.0NRT",310.1,5.3,"D"
"9389",22.67357,71.36707,348.91,0.4,0.37,"2026-02-15",822,"N20","nominal","2.0NRT",309.37,4.52,"D"
"9390",22.63532,71.10969,340.87,0.4,0.37,"2026-02-15",822,"N20","low","2.0NRT",312.93,2.74,"D"
"9391",22.69329,71.38299,337.22,0.39,0.37,"2026-02-15",822,"N20","low","2.0NRT",308.5,1.47,"D"
"9392",22.69268,71.3792,337.98,0.39,0.37,"2026-02-15",822,"N20","low","2.0NRT",311.42,2.79,"D"
"9393",22.69207,71.37538,337.05,0.39,0.37,"2026-02-15",822,"N20","low","2.0NRT",309.23,2.79,"D"
"9394",24.19209,83.2011,330.1,0.43,0.62,"2026-02-15",822,"N20","nominal","2.0NRT",301.1,2.35,"D"
"9395",22.57004,70.39471,339.74,0.42,0.38,"2026-02-15",822,"N20","nominal","2.0NRT",309.42,2.25,"D"
"9396",22.67897,70.71133,338.31,0.41,0.37,"2026-02-15",822,"N20","low","2.0NRT",309.04,5.9,"D"
"9397",24.17917,82.67677,336.88,0.4,0.6,"2026-02-15",822,"N20","nominal","2.0NRT",306.24,2.16,"D"
"9398",23.29726,74.69994,338.09,0.42,0.37,"2026-02-15",822,"N20","low","2.0NRT",310.78,5.02,"D"
"9399",23.95641,79.87105,340.02,0.53,0.5,"2026-02-15",822,"N20","nominal","2.0NRT",309.41,4.65,"D"
"9400",23.79091,77.34438,337.14,0.55,0.43,"2026-02-15",822,"N20","low","2.0NRT",307.8,6.65,"D"
"9401",24.11661,80.06338,335.45,0.54,0.51,"2026-02-15",822,"N20","low","2.0NRT",307.02,3.19,"D"
"9402",24.11486,80.06705,337.96,0.54,0.51,"2026-02-15",822,"N20","nominal","2.0NRT",307.1,5.79,"D"
"9403",22.94737,70.89114,336.25,0.4,0.37,"2026-02-15",822,"N20","low","2.0NRT",311.16,1.77,"D"
"9404",24.38026,81.65935,367,0.34,0.56,"2026-02-15",822,"N20","high","2.0NRT",304.21,7.7,"D"
"9405",24.38115,81.65803,367,0.35,0.56,"2026-02-15",822,"N20","high","2.0NRT",305.17,6.54,"D"
"9406",24.37028,81.36549,331.48,0.33,0.55,"2026-02-15",822,"N20","nominal","2.0NRT",301.57,1.35,"D"
"9407",23.01806,70.7852,345.74,0.41,0.37,"2026-02-15",822,"N20","nominal","2.0NRT",315.38,4.35,"D"
"9408",24.37544,81.36552,346.09,0.33,0.55,"2026-02-15",822,"N20","nominal","2.0NRT",305.19,5.16,"D"
"9409",24.61214,83.9794,330.17,0.49,0.65,"2026-02-15",822,"N20","low","2.0NRT",302.83,4.65,"D"
"9410",23.05396,70.83475,347.81,0.4,0.37,"2026-02-15",822,"N20","nominal","2.0NRT",314.81,5.82,"D"
"9411",23.11909,71.12973,350.36,0.4,0.37,"2026-02-15",822,"N20","nominal","2.0NRT",313.1,2.54,"D"
"9412",23.12243,71.1291,340.26,0.4,0.37,"2026-02-15",822,"N20","low","2.0NRT",312.2,2.54,"D"
"9413",24.30273,79.40906,340.81,0.5,0.49,"2026-02-15",822,"N20","nominal","2.0NRT",306.51,4.69,"D"
"9414",24.30221,79.40423,334.63,0.5,0.49,"2026-02-15",822,"N20","nominal","2.0NRT",307.8,4.59,"D"
"9415",24.30958,79.17877,337.03,0.48,0.48,"2026-02-15",822,"N20","low","2.0NRT",311.26,5.21,"D"
"9416",24.38242,79.72542,347.68,0.52,0.5,"2026-02-15",822,"N20","nominal","2.0NRT",309.61,7.83,"D"
"9417",23.1069,70.19609,348.45,0.42,0.38,"2026-02-15",822,"N20","nominal","2.0NRT",314.29,4.3,"D"
"9418",23.65232,73.40705,336.48,0.39,0.36,"2026-02-15",822,"N20","nominal","2.0NRT",311.42,5.24,"D"
"9419",23.19177,69.80662,345.21,0.43,0.38,"2026-02-15",822,"N20","nominal","2.0NRT",310.15,7.2,"D"
"9420",24.61822,80.1179,344.64,0.55,0.51,"2026-02-15",822,"N20","nominal","2.0NRT",307.22,6.42,"D"
"9421",23.38178,70.53775,340.01,0.41,0.37,"2026-02-15",822,"N20","low","2.0NRT",313.92,3.4,"D"
"9422",23.38112,70.53378,350.45,0.41,0.37,"2026-02-15",822,"N20","nominal","2.0NRT",314.25,3.4,"D"
"9423",23.36315,70.4264,339.86,0.41,0.37,"2026-02-15",822,"N20","low","2.0NRT",312.48,2.78,"D"
"9424",23.38582,70.54106,352.29,0.41,0.37,"2026-02-15",822,"N20","nominal","2.0NRT",313.63,6.97,"D"
"9425",23.38516,70.5371,347.82,0.41,0.37,"2026-02-15",822,"N20","nominal","2.0NRT",313.42,3.4,"D"
"9426",23.38384,70.52917,349.1,0.41,0.37,"2026-02-15",822,"N20","nominal","2.0NRT",313.13,3.05,"D"
"9427",23.38318,70.52521,340.46,0.41,0.37,"2026-02-15",822,"N20","low","2.0NRT",313.38,3.05,"D"
"9428",23.3845,70.53313,355.95,0.41,0.37,"2026-02-15",822,"N20","low","2.0NRT",313.3,3.4,"D"
"9429",23.38921,70.54043,350.04,0.41,0.37,"2026-02-15",822,"N20","nominal","2.0NRT",313.35,3.07,"D"
"9430",23.38855,70.53647,340.29,0.41,0.37,"2026-02-15",822,"N20","low","2.0NRT",313.68,4.43,"D"
"9431",23.38722,70.52853,349.16,0.41,0.37,"2026-02-15",822,"N20","nominal","2.0NRT",313.64,5.05,"D"
"9432",23.37528,70.457,339.23,0.41,0.37,"2026-02-15",822,"N20","low","2.0NRT",311.07,2.1,"D"
"9433",23.37328,70.44504,340.3,0.41,0.37,"2026-02-15",822,"N20","low","2.0NRT",311.34,2.09,"D"
"9434",23.37128,70.43307,345.36,0.41,0.37,"2026-02-15",822,"N20","nominal","2.0NRT",312.18,3.21,"D"
"9435",23.3926,70.53981,339.29,0.41,0.37,"2026-02-15",822,"N20","nominal","2.0NRT",310.92,3.07,"D"
"9436",23.37867,70.45634,335.43,0.41,0.37,"2026-02-15",822,"N20","low","2.0NRT",310.25,2.1,"D"
"9437",23.38206,70.4557,339.56,0.41,0.37,"2026-02-15",822,"N20","low","2.0NRT",311.55,2.73,"D"
"9438",23.38612,70.45901,337.38,0.41,0.37,"2026-02-15",822,"N20","low","2.0NRT",311.55,4.41,"D"
"9439",23.38546,70.45503,350.42,0.41,0.37,"2026-02-15",822,"N20","nominal","2.0NRT",311.32,2.73,"D"
"9440",23.38479,70.45105,348.25,0.41,0.37,"2026-02-15",822,"N20","nominal","2.0NRT",312.75,2.73,"D"
"9441",23.3915,70.47032,340.55,0.41,0.37,"2026-02-15",822,"N20","low","2.0NRT",311.03,3.28,"D"
"9442",23.38951,70.45837,346.1,0.41,0.37,"2026-02-15",822,"N20","nominal","2.0NRT",311.34,4.73,"D"
"9443",23.38885,70.45438,348.93,0.41,0.37,"2026-02-15",822,"N20","nominal","2.0NRT",311.2,2.72,"D"
"9444",23.38818,70.45039,349.04,0.41,0.37,"2026-02-15",822,"N20","nominal","2.0NRT",312.69,2.72,"D"
"9445",23.39084,70.46634,355.81,0.41,0.37,"2026-02-15",822,"N20","low","2.0NRT",312.02,3.28,"D"
"9446",23.39018,70.46236,356.15,0.41,0.37,"2026-02-15",822,"N20","low","2.0NRT",312.55,4.73,"D"
"9447",23.39423,70.46568,350.38,0.41,0.37,"2026-02-15",822,"N20","nominal","2.0NRT",311.89,3.28,"D"
"9448",23.39158,70.44975,342.86,0.41,0.37,"2026-02-15",822,"N20","nominal","2.0NRT",311.36,2.72,"D"
"9449",23.39091,70.44576,344.53,0.41,0.37,"2026-02-15",822,"N20","nominal","2.0NRT",311.45,5.78,"D"
"9450",23.39489,70.46966,355.72,0.41,0.37,"2026-02-15",822,"N20","low","2.0NRT",311.82,3.28,"D"
"9451",23.39828,70.46902,341.53,0.41,0.37,"2026-02-15",822,"N20","low","2.0NRT",312.82,3.26,"D"
"9452",24.89902,81.22516,331.98,0.33,0.55,"2026-02-15",822,"N20","low","2.0NRT",302.3,2.28,"D"
"9453",24.89871,81.22178,329.47,0.33,0.55,"2026-02-15",822,"N20","low","2.0NRT",303.05,2.28,"D"
"9454",23.63281,70.87374,340.35,0.4,0.37,"2026-02-15",822,"N20","nominal","2.0NRT",311.11,0.89,"D"
"9455",25.09876,82.16252,337.35,0.38,0.59,"2026-02-15",822,"N20","nominal","2.0NRT",302.44,5.57,"D"
"9456",23.34467,68.76254,344.09,0.48,0.4,"2026-02-15",822,"N20","nominal","2.0NRT",311.71,3.63,"D"
"9457",24.96182,78.00383,336.42,0.42,0.45,"2026-02-15",822,"N20","nominal","2.0NRT",309.42,3.61,"D"
"9458",24.68648,73.73826,348.33,0.4,0.37,"2026-02-15",822,"N20","nominal","2.0NRT",306.86,13.65,"D"
"9459",24.7401,73.12049,337.79,0.39,0.36,"2026-02-15",822,"N20","nominal","2.0NRT",305.63,2.89,"D"
"9460",26.08258,85.69046,338.1,0.64,0.72,"2026-02-15",822,"N20","nominal","2.0NRT",292.45,10.44,"D"
"9461",26.0822,85.68391,338.53,0.64,0.72,"2026-02-15",822,"N20","nominal","2.0NRT",293.61,10.03,"D"
"9462",24.52795,71.2579,347.81,0.39,0.36,"2026-02-15",822,"N20","nominal","2.0NRT",313.08,2.7,"D"
"9463",24.53186,71.26109,341.11,0.39,0.36,"2026-02-15",822,"N20","low","2.0NRT",312.98,2.7,"D"
"9464",25.9211,81.87117,338.18,0.37,0.58,"2026-02-15",822,"N20","nominal","2.0NRT",299.37,2.6,"D"
"9465",25.92552,81.85944,367,0.37,0.58,"2026-02-15",822,"N20","high","2.0NRT",302.56,4.76,"D"
"9466",26.30826,84.79977,331.38,0.57,0.69,"2026-02-15",822,"N20","nominal","2.0NRT",295.76,4.28,"D"
"9467",24.32023,68.40107,342.02,0.48,0.4,"2026-02-15",822,"N20","nominal","2.0NRT",308.37,3.27,"D"
"9468",24.32009,68.40214,337.61,0.48,0.4,"2026-02-15",822,"N20","nominal","2.0NRT",307.6,2.73,"D"
"9469",24.32038,68.29959,338.82,0.49,0.4,"2026-02-15",822,"N20","nominal","2.0NRT",310.42,4.49,"D"
"9470",25.68054,77.25811,342.33,0.38,0.44,"2026-02-15",822,"N20","nominal","2.0NRT",305.11,6.93,"D"
"9471",25.6841,77.25376,367,0.38,0.44,"2026-02-15",822,"N20","high","2.0NRT",308.22,9.66,"D"
"9472",25.71569,77.2458,351.56,0.38,0.44,"2026-02-15",822,"N20","nominal","2.0NRT",304.86,9.14,"D"
"9473",24.64172,68.17831,332.69,0.49,0.4,"2026-02-15",822,"N20","nominal","2.0NRT",304.1,4.35,"D"
"9474",25.97702,77.20923,342.05,0.39,0.44,"2026-02-15",822,"N20","nominal","2.0NRT",307.03,3.13,"D"
"9475",24.9519,69.27217,338.68,0.44,0.38,"2026-02-15",822,"N20","nominal","2.0NRT",309.64,2.44,"D"
"9476",24.7668,68.11874,332.88,0.49,0.4,"2026-02-15",822,"N20","low","2.0NRT",305.59,1.9,"D"
"9477",26.64114,79.4823,332.13,0.54,0.5,"2026-02-15",822,"N20","nominal","2.0NRT",302.03,4.08,"D"
"9478",25.24477,69.05005,335.94,0.44,0.38,"2026-02-15",822,"N20","low","2.0NRT",309.91,4.39,"D"
"9479",27.12405,85.19791,338.31,0.61,0.71,"2026-02-15",822,"N20","nominal","2.0NRT",295.44,5.7,"D"
"9480",25.34543,69.22952,335.92,0.43,0.38,"2026-02-15",822,"N20","low","2.0NRT",310.54,4.34,"D"
"9481",25.26674,68.63666,332.38,0.46,0.39,"2026-02-15",822,"N20","low","2.0NRT",303.28,1.83,"D"
"9482",25.39393,68.98848,338.06,0.44,0.38,"2026-02-15",822,"N20","nominal","2.0NRT",304.26,2.26,"D"
"9483",25.42898,68.97816,335.05,0.44,0.38,"2026-02-15",822,"N20","nominal","2.0NRT",307.62,3.91,"D"
"9484",27.22579,83.78278,336.23,0.5,0.66,"2026-02-15",822,"N20","nominal","2.0NRT",294.57,4.52,"D"
"9485",25.38903,68.58454,332.59,0.46,0.39,"2026-02-15",822,"N20","nominal","2.0NRT",306.04,1.9,"D"
"9486",27.26303,84.06522,330.93,0.52,0.67,"2026-02-15",822,"N20","nominal","2.0NRT",294.15,2.51,"D"
"9487",27.24733,83.47746,325.61,0.48,0.65,"2026-02-15",822,"N20","nominal","2.0NRT",294.03,2.41,"D"
"9488",25.53724,68.91077,337.3,0.44,0.39,"2026-02-15",822,"N20","nominal","2.0NRT",304.53,5.97,"D"
"9489",26.84242,78.21407,330.78,0.45,0.47,"2026-02-15",822,"N20","nominal","2.0NRT",302.56,2.37,"D"
"9490",25.51052,68.63351,335.62,0.45,0.39,"2026-02-15",822,"N20","nominal","2.0NRT",308.26,3.54,"D"
"9491",26.91933,78.65186,342.07,0.48,0.48,"2026-02-15",822,"N20","nominal","2.0NRT",304.97,4.49,"D"
"9492",26.92376,78.65132,338.76,0.48,0.48,"2026-02-15",822,"N20","nominal","2.0NRT",299.27,4.49,"D"
"9493",26.48935,74.86992,338.79,0.45,0.39,"2026-02-15",822,"N20","nominal","2.0NRT",303.65,3,"D"
"9494",25.51121,68.38515,332.37,0.47,0.39,"2026-02-15",822,"N20","low","2.0NRT",306.33,18.25,"D"
"9495",25.56471,68.63297,338.83,0.45,0.39,"2026-02-15",822,"N20","low","2.0NRT",312.5,45.41,"D"
"9496",25.38293,67.34378,338.21,0.52,0.42,"2026-02-15",822,"N20","nominal","2.0NRT",307.89,3.51,"D"
"9497",27.55489,84.45387,367,0.56,0.69,"2026-02-15",822,"N20","high","2.0NRT",295.34,50.96,"D"
"9498",27.55452,84.44815,336.08,0.56,0.69,"2026-02-15",822,"N20","nominal","2.0NRT",300.86,49.05,"D"
"9499",25.70369,68.86357,332.72,0.44,0.39,"2026-02-15",822,"N20","low","2.0NRT",303.6,1.05,"D"
"9500",25.70719,68.86283,331.21,0.44,0.39,"2026-02-15",822,"N20","low","2.0NRT",304.94,1.26,"D"
"9501",27.55069,84.45103,367,0.56,0.69,"2026-02-15",822,"N20","high","2.0NRT",296.69,22.81,"D"
"9502",27.55036,84.44531,330.24,0.56,0.69,"2026-02-15",822,"N20","nominal","2.0NRT",296.01,22.81,"D"
"9503",27.55705,84.4506,367,0.56,0.69,"2026-02-15",822,"N20","high","2.0NRT",299.28,22.81,"D"
"9504",25.67431,68.38666,333.92,0.46,0.39,"2026-02-15",822,"N20","nominal","2.0NRT",308.22,2.68,"D"
"9505",27.40431,81.00441,336.66,0.34,0.56,"2026-02-15",822,"N20","nominal","2.0NRT",297.05,2.26,"D"
"9506",25.87224,69.07599,335.59,0.43,0.38,"2026-02-15",822,"N20","nominal","2.0NRT",305.56,5.6,"D"
"9507",27.40611,81.00401,337.38,0.34,0.56,"2026-02-15",822,"N20","nominal","2.0NRT",297.14,2.11,"D"
"9508",25.52167,67.06391,341.98,0.54,0.42,"2026-02-15",822,"N20","nominal","2.0NRT",308.05,5.26,"D"
"9509",27.44139,80.86881,329.85,0.33,0.56,"2026-02-15",822,"N20","nominal","2.0NRT",296.82,1.91,"D"
"9510",25.89675,68.78,332.99,0.44,0.39,"2026-02-15",822,"N20","low","2.0NRT",303.18,2.97,"D"
"9511",26.3119,71.07128,340.76,0.39,0.36,"2026-02-15",822,"N20","low","2.0NRT",313.03,4.39,"D"
"9512",26.10136,69.03373,336.35,0.43,0.38,"2026-02-15",822,"N20","nominal","2.0NRT",301,2.02,"D"
"9513",26.09268,68.87989,332.91,0.44,0.38,"2026-02-15",822,"N20","low","2.0NRT",307.32,3.7,"D"
"9514",26.12053,68.87396,331.97,0.44,0.38,"2026-02-15",822,"N20","nominal","2.0NRT",303.81,2.29,"D"
"9515",26.1403,68.96789,330.73,0.43,0.38,"2026-02-15",822,"N20","nominal","2.0NRT",304.81,2.79,"D"
"9516",27.62358,80.03413,330.72,0.59,0.53,"2026-02-15",822,"N20","nominal","2.0NRT",296.16,4.22,"D"
"9517",27.62128,80.03231,336.47,0.59,0.53,"2026-02-15",822,"N20","nominal","2.0NRT",296.33,4.58,"D"
"9518",26.11074,68.4855,333.08,0.45,0.39,"2026-02-15",822,"N20","nominal","2.0NRT",307.41,3.31,"D"
"9519",27.17244,75.4962,339.52,0.49,0.4,"2026-02-15",822,"N20","low","2.0NRT",311.15,8.83,"D"
"9520",27.17183,75.49129,339.64,0.49,0.4,"2026-02-15",822,"N20","low","2.0NRT",313.32,8.92,"D"
"9521",27.17553,75.49074,354.23,0.49,0.4,"2026-02-15",822,"N20","nominal","2.0NRT",308.83,8.92,"D"
"9522",26.23133,68.96732,331.56,0.43,0.38,"2026-02-15",822,"N20","nominal","2.0NRT",300.84,8.79,"D"
"9523",27.81799,81.06059,325.8,0.35,0.56,"2026-02-15",822,"N20","nominal","2.0NRT",297.26,1.14,"D"
"9524",26.84969,72.35145,345.64,0.39,0.36,"2026-02-15",822,"N20","nominal","2.0NRT",313.56,5.84,"D"
"9525",27.78654,79.9213,331.01,0.59,0.53,"2026-02-15",822,"N20","nominal","2.0NRT",297.78,3.09,"D"
"9526",27.89371,80.71423,337.51,0.33,0.55,"2026-02-15",822,"N20","nominal","2.0NRT",297.57,2.47,"D"
"9527",27.92226,80.97884,337.43,0.34,0.56,"2026-02-15",822,"N20","nominal","2.0NRT",296.54,1.97,"D"
"9528",26.77969,71.36835,342.08,0.38,0.36,"2026-02-15",822,"N20","low","2.0NRT",314.32,2.84,"D"
"9529",26.37443,68.82352,337.74,0.44,0.38,"2026-02-15",822,"N20","nominal","2.0NRT",305.55,3.19,"D"
"9530",27.8965,80.71255,336.35,0.33,0.55,"2026-02-15",822,"N20","nominal","2.0NRT",296.9,1.99,"D"
"9531",27.9233,80.97759,334.93,0.34,0.56,"2026-02-15",822,"N20","nominal","2.0NRT",296.52,2.17,"D"
"9532",26.86294,71.17901,337.68,0.38,0.36,"2026-02-15",822,"N20","low","2.0NRT",311.42,1.35,"D"
"9533",28.11648,81.01516,367,0.35,0.56,"2026-02-15",822,"N20","high","2.0NRT",297.06,7.56,"D"
"9534",27.95446,78.91851,338.62,0.51,0.5,"2026-02-15",822,"N20","nominal","2.0NRT",300.04,5.24,"D"
"9535",27.95493,78.91956,337.98,0.51,0.5,"2026-02-15",822,"N20","nominal","2.0NRT",300.14,6.12,"D"
"9536",28.21035,81.18834,367,0.36,0.57,"2026-02-15",822,"N20","high","2.0NRT",297.1,9.91,"D"
"9537",28.21005,81.18468,356.09,0.36,0.57,"2026-02-15",822,"N20","nominal","2.0NRT",297.65,9.91,"D"
"9538",28.1878,80.79307,334.35,0.34,0.56,"2026-02-15",822,"N20","nominal","2.0NRT",297.11,2.8,"D"
"9539",26.56218,68.33732,334.21,0.45,0.39,"2026-02-15",822,"N20","nominal","2.0NRT",304.24,3.63,"D"
"9540",28.25152,80.65841,332.75,0.33,0.55,"2026-02-15",822,"N20","nominal","2.0NRT",295.56,3.09,"D"
"9541",27.11605,70.97096,338.55,0.39,0.36,"2026-02-15",822,"N20","low","2.0NRT",313.36,4.1,"D"
"9542",28.36185,81.09651,346.24,0.35,0.57,"2026-02-15",822,"N20","nominal","2.0NRT",294.87,3.77,"D"
"9543",27.5785,73.95545,342.51,0.43,0.38,"2026-02-15",822,"N20","low","2.0NRT",314.07,3.25,"D"
"9544",28.36158,81.09545,340.58,0.35,0.57,"2026-02-15",822,"N20","nominal","2.0NRT",294.47,3.79,"D"
"9545",26.72736,68.13985,332.43,0.46,0.39,"2026-02-15",822,"N20","nominal","2.0NRT",302.36,1.76,"D"
"9546",26.73773,68.1565,334.49,0.46,0.39,"2026-02-15",822,"N20","low","2.0NRT",304.68,3.31,"D"
"9547",28.4467,81.22738,326.76,0.36,0.57,"2026-02-15",822,"N20","nominal","2.0NRT",295.71,2.46,"D"
"9548",28.45231,81.23053,339.02,0.36,0.57,"2026-02-15",822,"N20","nominal","2.0NRT",296.21,2.46,"D"
"9549",28.46915,81.2401,355.75,0.36,0.57,"2026-02-15",822,"N20","nominal","2.0NRT",296.06,5.38,"D"
"9550",26.76767,68.11671,342.25,0.46,0.39,"2026-02-15",822,"N20","nominal","2.0NRT",304.84,5.93,"D"
"9551",26.77123,68.11592,330.56,0.46,0.39,"2026-02-15",822,"N20","nominal","2.0NRT",303.03,3.61,"D"
"9552",28.42265,80.52019,338.79,0.32,0.55,"2026-02-15",822,"N20","nominal","2.0NRT",296.57,3.79,"D"
"9553",26.80042,68.16358,332.99,0.46,0.39,"2026-02-15",822,"N20","nominal","2.0NRT",304.78,2.36,"D"
"9554",28.46813,81.2406,354.23,0.36,0.57,"2026-02-15",822,"N20","nominal","2.0NRT",295.21,4.77,"D"
"9555",28.46756,81.23319,327.86,0.36,0.57,"2026-02-15",822,"N20","nominal","2.0NRT",295.31,4.61,"D"
"9556",28.42131,80.52001,342.72,0.33,0.55,"2026-02-15",822,"N20","nominal","2.0NRT",297.35,3.91,"D"
"9557",28.14579,77.49447,329.58,0.42,0.46,"2026-02-15",822,"N20","nominal","2.0NRT",295.45,5.82,"D"
"9558",26.81054,67.95143,334.23,0.47,0.4,"2026-02-15",822,"N20","nominal","2.0NRT",303.67,3.4,"D"
"9559",28.47774,80.52087,330.36,0.33,0.55,"2026-02-15",822,"N20","nominal","2.0NRT",297.62,2.15,"D"
"9560",28.49766,80.57317,346.44,0.33,0.55,"2026-02-15",822,"N20","nominal","2.0NRT",295.74,5.13,"D"
"9561",28.50275,80.57265,351.52,0.33,0.55,"2026-02-15",822,"N20","nominal","2.0NRT",295.75,5.13,"D"
"9562",28.50895,80.35376,367,0.32,0.54,"2026-02-15",822,"N20","high","2.0NRT",300.2,7.73,"D"
"9563",28.52765,80.56325,335.86,0.33,0.55,"2026-02-15",822,"N20","nominal","2.0NRT",295.2,3.26,"D"
"9564",26.86258,67.99273,333.95,0.47,0.39,"2026-02-15",822,"N20","nominal","2.0NRT",301.9,6.54,"D"
"9565",28.52585,80.56535,331.92,0.33,0.55,"2026-02-15",822,"N20","nominal","2.0NRT",294.86,3.04,"D"
"9566",28.50831,80.35218,348.24,0.32,0.54,"2026-02-15",822,"N20","nominal","2.0NRT",298.97,7.82,"D"
"9567",28.5991,81.08591,367,0.35,0.57,"2026-02-15",822,"N20","high","2.0NRT",296.47,8.28,"D"
"9568",26.94588,68.18016,335.5,0.46,0.39,"2026-02-15",822,"N20","nominal","2.0NRT",301.44,4.14,"D"
"9569",28.37623,77.96616,334.62,0.45,0.47,"2026-02-15",822,"N20","nominal","2.0NRT",297.45,3.22,"D"
"9570",28.38289,77.94646,333.62,0.45,0.47,"2026-02-15",822,"N20","nominal","2.0NRT",298.05,3.68,"D"
"9571",28.38064,77.94763,336.5,0.45,0.47,"2026-02-15",822,"N20","nominal","2.0NRT",298.29,4.35,"D"
"9572",28.66721,80.49413,332.93,0.33,0.55,"2026-02-15",822,"N20","nominal","2.0NRT",295.01,1.65,"D"
"9573",28.44628,77.82212,333.04,0.45,0.47,"2026-02-15",822,"N20","nominal","2.0NRT",297.3,2.01,"D"
"9574",27.23792,68.49273,332.05,0.44,0.38,"2026-02-15",822,"N20","low","2.0NRT",302.15,3.77,"D"
"9575",28.59814,78.21041,336.47,0.47,0.48,"2026-02-15",822,"N20","nominal","2.0NRT",300.21,4.09,"D"
"9576",27.32845,68.63261,332.48,0.43,0.38,"2026-02-15",822,"N20","nominal","2.0NRT",302.99,5.47,"D"
"9577",28.82889,79.84854,326.57,0.6,0.53,"2026-02-15",822,"N20","nominal","2.0NRT",295.53,4.22,"D"
"9578",28.83378,79.84801,339.22,0.6,0.53,"2026-02-15",822,"N20","nominal","2.0NRT",295.73,4.22,"D"
"9579",27.5003,69.36723,338.57,0.41,0.37,"2026-02-15",822,"N20","low","2.0NRT",312.87,3.01,"D"
"9580",28.86159,79.88243,339.96,0.6,0.53,"2026-02-15",822,"N20","nominal","2.0NRT",297.12,7.9,"D"
"9581",27.38416,68.47593,333.57,0.44,0.38,"2026-02-15",822,"N20","nominal","2.0NRT",303.65,2.69,"D"
"9582",28.71962,77.61552,332.45,0.44,0.46,"2026-02-15",822,"N20","nominal","2.0NRT",297.96,5.14,"D"
"9583",27.60165,69.3422,350.75,0.41,0.37,"2026-02-15",822,"N20","nominal","2.0NRT",311.78,32.21,"D"
"9584",27.60503,69.34148,342.38,0.41,0.37,"2026-02-15",822,"N20","nominal","2.0NRT",309.44,32.21,"D"
"9585",28.90594,79.0144,326.24,0.53,0.5,"2026-02-15",822,"N20","nominal","2.0NRT",294.47,2.36,"D"
"9586",28.80096,77.57458,327.37,0.44,0.46,"2026-02-15",822,"N20","nominal","2.0NRT",298.74,2.29,"D"
"9587",27.52981,68.32806,344.86,0.44,0.39,"2026-02-15",822,"N20","nominal","2.0NRT",304.2,8.87,"D"
"9588",28.7347,76.68704,330.45,0.39,0.44,"2026-02-15",822,"N20","nominal","2.0NRT",298.48,2.67,"D"
"9589",28.81836,77.33468,338.9,0.42,0.45,"2026-02-15",822,"N20","nominal","2.0NRT",298.75,3.69,"D"
"9590",27.70704,69.23567,332.79,0.41,0.37,"2026-02-15",822,"N20","nominal","2.0NRT",302.48,1.91,"D"
"9591",27.61098,68.41572,335.82,0.44,0.38,"2026-02-15",822,"N20","nominal","2.0NRT",302.15,15.36,"D"
"9592",27.61446,68.41496,339.86,0.44,0.38,"2026-02-15",822,"N20","nominal","2.0NRT",310.71,15.36,"D"
"9593",29.09755,78.93589,329.39,0.53,0.5,"2026-02-15",822,"N20","nominal","2.0NRT",296.28,4.69,"D"
"9594",27.83681,69.02415,330.76,0.42,0.37,"2026-02-15",822,"N20","low","2.0NRT",304.49,1.76,"D"
"9595",29.05161,78.06931,339.63,0.47,0.48,"2026-02-15",822,"N20","nominal","2.0NRT",299.03,3.87,"D"
"9596",28.01935,69.8047,330.25,0.4,0.37,"2026-02-15",822,"N20","nominal","2.0NRT",303.08,2.11,"D"
"9597",27.89831,69.05418,345.12,0.42,0.37,"2026-02-15",822,"N20","nominal","2.0NRT",302.98,8.3,"D"
"9598",27.98521,69.40691,334.51,0.41,0.37,"2026-02-15",822,"N20","nominal","2.0NRT",304.19,0.99,"D"
"9599",27.99731,69.26506,341.83,0.41,0.37,"2026-02-15",822,"N20","nominal","2.0NRT",305.49,6.16,"D"
"9600",27.9524,68.99997,332.49,0.42,0.37,"2026-02-15",822,"N20","nominal","2.0NRT",303.26,5.34,"D"
"9601",29.55164,81.84242,335.14,0.41,0.6,"2026-02-15",822,"N20","nominal","2.0NRT",295.65,2.69,"D"
"9602",28.11431,69.71907,332.65,0.4,0.37,"2026-02-15",822,"N20","low","2.0NRT",303.46,4.8,"D"
"9603",28.14535,69.80366,343.14,0.4,0.37,"2026-02-15",822,"N20","nominal","2.0NRT",303.91,2.94,"D"
"9604",28.06619,69.25889,335.69,0.41,0.37,"2026-02-15",822,"N20","nominal","2.0NRT",305.74,3.62,"D"
"9605",28.13728,69.55273,336.39,0.4,0.37,"2026-02-15",822,"N20","low","2.0NRT",310.19,9.03,"D"
"9606",27.9781,68.41183,338.45,0.43,0.38,"2026-02-15",822,"N20","nominal","2.0NRT",301.39,8.58,"D"
"9607",28.24079,69.84654,342.5,0.4,0.37,"2026-02-15",822,"N20","nominal","2.0NRT",307.57,8.57,"D"
"9608",27.80618,67.21948,335.75,0.49,0.4,"2026-02-15",822,"N20","nominal","2.0NRT",309.17,8.93,"D"
"9609",29.52404,79.82458,325.23,0.61,0.53,"2026-02-15",822,"N20","low","2.0NRT",299.26,3.1,"D"
"9610",28.38071,70.25152,332.85,0.39,0.36,"2026-02-15",822,"N20","nominal","2.0NRT",302.01,2.76,"D"
"9611",28.30133,69.71862,338.72,0.4,0.37,"2026-02-15",822,"N20","nominal","2.0NRT",308.25,13.3,"D"
"9612",28.36104,70.04366,334.78,0.39,0.36,"2026-02-15",822,"N20","nominal","2.0NRT",301.18,2.12,"D"
"9613",29.22546,76.24207,330.33,0.56,0.43,"2026-02-15",822,"N20","nominal","2.0NRT",301.26,2.45,"D"
"9614",29.2294,76.24151,343.36,0.56,0.43,"2026-02-15",822,"N20","nominal","2.0NRT",297.26,6.95,"D"
"9615",28.41206,69.9389,344.14,0.39,0.36,"2026-02-15",822,"N20","nominal","2.0NRT",310.62,7.12,"D"
"9616",28.46152,70.09649,334.13,0.39,0.36,"2026-02-15",822,"N20","low","2.0NRT",304.49,1.7,"D"
"9617",28.44342,69.8996,332.39,0.39,0.36,"2026-02-15",822,"N20","low","2.0NRT",302.54,1.31,"D"
"9618",28.40562,69.66784,337.24,0.4,0.37,"2026-02-15",822,"N20","low","2.0NRT",311.77,5.88,"D"
"9619",28.5901,70.58525,343.36,0.39,0.36,"2026-02-15",822,"N20","nominal","2.0NRT",303.37,7.45,"D"
"9620",29.69489,79.41851,332.87,0.58,0.52,"2026-02-15",822,"N20","nominal","2.0NRT",296.21,2.95,"D"
"9621",29.56637,78.00645,327.84,0.47,0.48,"2026-02-15",822,"N20","nominal","2.0NRT",299.51,2.19,"D"
"9622",29.72551,79.53916,340.49,0.59,0.53,"2026-02-15",822,"N20","nominal","2.0NRT",300.9,6.19,"D"
"9623",29.56585,78.0034,328.01,0.47,0.48,"2026-02-15",822,"N20","nominal","2.0NRT",299.01,2.44,"D"
"9624",29.69896,79.41628,328.16,0.58,0.52,"2026-02-15",822,"N20","nominal","2.0NRT",294.96,2.02,"D"
"9625",29.50812,77.33308,334.98,0.43,0.46,"2026-02-15",822,"N20","nominal","2.0NRT",298.84,3.64,"D"
"9626",29.72441,79.5428,334.16,0.59,0.53,"2026-02-15",822,"N20","nominal","2.0NRT",297.55,5.17,"D"
"9627",29.72396,79.53754,328.87,0.59,0.53,"2026-02-15",822,"N20","nominal","2.0NRT",299.43,5.17,"D"
"9628",28.60728,70.32728,333.06,0.39,0.36,"2026-02-15",822,"N20","nominal","2.0NRT",303.02,1.58,"D"
"9629",29.53749,77.45246,331.72,0.44,0.46,"2026-02-15",822,"N20","nominal","2.0NRT",297.95,4.23,"D"
"9630",29.81763,80.49194,345.51,0.34,0.56,"2026-02-15",822,"N20","nominal","2.0NRT",303.88,7.51,"D"
"9631",29.8173,80.48775,340.69,0.34,0.56,"2026-02-15",822,"N20","nominal","2.0NRT",305.68,7.65,"D"
"9632",28.66092,70.36501,332.56,0.39,0.36,"2026-02-15",822,"N20","nominal","2.0NRT",302.5,1.93,"D"
"9633",28.62437,70.09188,331.28,0.39,0.36,"2026-02-15",822,"N20","nominal","2.0NRT",303.92,1.95,"D"
"9634",28.78617,70.90517,331.5,0.38,0.36,"2026-02-15",822,"N20","nominal","2.0NRT",301.76,2.72,"D"
"9635",28.42495,68.59085,330.63,0.42,0.38,"2026-02-15",822,"N20","nominal","2.0NRT",299.44,1.86,"D"
"9636",29.67788,77.48204,339.21,0.44,0.46,"2026-02-15",822,"N20","nominal","2.0NRT",298.31,6.61,"D"
"9637",29.67741,77.47746,330.27,0.44,0.46,"2026-02-15",822,"N20","nominal","2.0NRT",298.72,5.24,"D"
"9638",29.97707,80.70487,338.47,0.35,0.57,"2026-02-15",822,"N20","nominal","2.0NRT",293.33,3.17,"D"
"9639",29.9878,80.57787,332.07,0.34,0.56,"2026-02-15",822,"N20","nominal","2.0NRT",293.64,3.1,"D"
"9640",30.00784,80.6313,342.87,0.35,0.56,"2026-02-15",822,"N20","nominal","2.0NRT",300.4,5.54,"D"
"9641",30.02194,80.73973,346.15,0.35,0.57,"2026-02-15",822,"N20","nominal","2.0NRT",293.73,5.47,"D"
"9642",28.81097,70.56176,333.77,0.39,0.36,"2026-02-15",822,"N20","nominal","2.0NRT",303,2.18,"D"
"9643",29.91457,79.44021,327.86,0.58,0.52,"2026-02-15",822,"N20","nominal","2.0NRT",291.13,2.58,"D"
"9644",28.81426,70.5611,331.77,0.39,0.36,"2026-02-15",822,"N20","nominal","2.0NRT",301.95,2.52,"D"
"9645",29.7038,77.20036,337.38,0.43,0.46,"2026-02-15",822,"N20","nominal","2.0NRT",297.95,4.9,"D"
"9646",30.00879,80.62933,334.7,0.35,0.56,"2026-02-15",822,"N20","nominal","2.0NRT",296.13,5.64,"D"
"9647",29.9134,79.43793,326.99,0.58,0.52,"2026-02-15",822,"N20","nominal","2.0NRT",291.91,3.92,"D"
"9648",29.70445,77.20119,343.92,0.43,0.46,"2026-02-15",822,"N20","nominal","2.0NRT",297.47,7,"D"
"9649",30.02225,80.73856,345.55,0.35,0.57,"2026-02-15",822,"N20","nominal","2.0NRT",294.16,6.7,"D"
"9650",29.89442,78.73959,339.4,0.53,0.5,"2026-02-15",822,"N20","nominal","2.0NRT",298.76,6.98,"D"
"9651",29.89385,78.73346,338.81,0.53,0.5,"2026-02-15",822,"N20","nominal","2.0NRT",297.65,6.22,"D"
"9652",28.89991,70.4348,341.21,0.39,0.36,"2026-02-15",822,"N20","nominal","2.0NRT",301.94,3.52,"D"
"9653",28.9028,70.4099,343.62,0.39,0.36,"2026-02-15",822,"N20","nominal","2.0NRT",308.23,8.01,"D"
"9654",28.93733,70.60923,335.24,0.39,0.36,"2026-02-15",822,"N20","nominal","2.0NRT",301,2.66,"D"
"9655",28.97237,70.79186,344.96,0.38,0.36,"2026-02-15",822,"N20","nominal","2.0NRT",304.64,3.59,"D"
"9656",28.96297,70.70904,334.76,0.38,0.36,"2026-02-15",822,"N20","nominal","2.0NRT",302.86,2.38,"D"
"9657",29.10723,71.59338,335.35,0.39,0.36,"2026-02-15",822,"N20","nominal","2.0NRT",300.5,2.68,"D"
"9658",30.12847,80.33697,335.54,0.33,0.55,"2026-02-15",822,"N20","nominal","2.0NRT",288.08,3.08,"D"
"9659",28.96442,70.45469,337.45,0.39,0.36,"2026-02-15",822,"N20","nominal","2.0NRT",303.55,1.45,"D"
"9660",28.96771,70.45403,347.24,0.39,0.36,"2026-02-15",822,"N20","nominal","2.0NRT",306.45,9.07,"D"
"9661",28.97799,70.47623,336.31,0.39,0.36,"2026-02-15",822,"N20","nominal","2.0NRT",308.43,7.05,"D"
"9662",29.01024,70.63955,333.93,0.38,0.36,"2026-02-15",822,"N20","nominal","2.0NRT",302.52,3.12,"D"
"9663",29.92236,77.65154,333.34,0.46,0.47,"2026-02-15",822,"N20","nominal","2.0NRT",296.9,3.4,"D"
"9664",30.1043,79.45567,325.72,0.59,0.53,"2026-02-15",822,"N20","nominal","2.0NRT",296.42,5.2,"D"
"9665",30.11101,79.47609,327.67,0.59,0.53,"2026-02-15",822,"N20","nominal","2.0NRT",292.54,4.43,"D"
"9666",30.1106,79.47152,334.12,0.59,0.53,"2026-02-15",822,"N20","nominal","2.0NRT",293.38,3.92,"D"
"9667",29.06071,70.74651,340.09,0.38,0.36,"2026-02-15",822,"N20","nominal","2.0NRT",301.81,4.65,"D"
"9668",29.11756,70.91628,330.11,0.38,0.36,"2026-02-15",822,"N20","nominal","2.0NRT",301.61,1.07,"D"
"9669",29.09625,70.53685,333.9,0.39,0.36,"2026-02-15",822,"N20","nominal","2.0NRT",301.8,1.94,"D"
"9670",30.17062,79.01456,325.02,0.55,0.51,"2026-02-15",822,"N20","nominal","2.0NRT",295.53,3.94,"D"
"9671",29.13476,70.50072,333.65,0.39,0.36,"2026-02-15",822,"N20","nominal","2.0NRT",305.2,1.41,"D"
"9672",29.29226,71.3755,333.21,0.39,0.36,"2026-02-15",822,"N20","nominal","2.0NRT",304.26,6.4,"D"
"9673",29.31226,71.39595,333.54,0.39,0.36,"2026-02-15",822,"N20","nominal","2.0NRT",301.99,2.12,"D"
"9674",29.32024,71.42684,344.21,0.39,0.36,"2026-02-15",822,"N20","nominal","2.0NRT",309.35,15.1,"D"
"9675",29.27464,71.0998,330.85,0.38,0.36,"2026-02-15",822,"N20","nominal","2.0NRT",299.11,2.35,"D"
"9676",29.33912,71.32589,332.31,0.39,0.36,"2026-02-15",822,"N20","nominal","2.0NRT",302.04,1.67,"D"
"9677",29.35807,71.29385,332.77,0.38,0.36,"2026-02-15",822,"N20","nominal","2.0NRT",300.86,4.33,"D"
"9678",30.38169,79.6034,328.82,0.6,0.53,"2026-02-15",822,"N20","nominal","2.0NRT",297.69,6.13,"D"
"9679",30.38322,79.50468,333.66,0.6,0.53,"2026-02-15",822,"N20","nominal","2.0NRT",299.5,8.36,"D"
"9680",30.29903,78.35902,332.63,0.51,0.49,"2026-02-15",822,"N20","nominal","2.0NRT",294.94,9.41,"D"
"9681",30.30385,78.36151,351.47,0.51,0.49,"2026-02-15",822,"N20","nominal","2.0NRT",296.47,9.41,"D"
"9682",30.42954,78.92384,335.2,0.55,0.51,"2026-02-15",822,"N20","nominal","2.0NRT",295.14,7.22,"D"
"9683",29.44233,70.61823,345.89,0.38,0.36,"2026-02-15",822,"N20","nominal","2.0NRT",305.36,7.93,"D"
"9684",29.80877,72.6899,334.21,0.41,0.37,"2026-02-15",822,"N20","nominal","2.0NRT",303.31,2.13,"D"
"9685",29.81272,72.69348,333.4,0.41,0.37,"2026-02-15",822,"N20","low","2.0NRT",303.43,2.96,"D"
"9686",29.81215,72.68929,336.6,0.41,0.37,"2026-02-15",822,"N20","nominal","2.0NRT",307.69,4.22,"D"
"9687",30.31174,76.81871,332.76,0.41,0.45,"2026-02-15",822,"N20","nominal","2.0NRT",295.83,2.58,"D"
"9688",29.84346,72.79118,331.76,0.41,0.37,"2026-02-15",822,"N20","nominal","2.0NRT",300.52,2.07,"D"
"9689",29.84686,72.79057,341.96,0.41,0.37,"2026-02-15",822,"N20","nominal","2.0NRT",302.26,4.24,"D"
"9690",29.83866,72.68021,332.38,0.41,0.37,"2026-02-15",822,"N20","nominal","2.0NRT",301.99,3.02,"D"
"9691",29.60679,70.84883,330.71,0.38,0.36,"2026-02-15",822,"N20","nominal","2.0NRT",302.59,1.93,"D"
"9692",29.88752,72.75736,336.67,0.41,0.37,"2026-02-15",822,"N20","nominal","2.0NRT",305.09,2.26,"D"
"9693",29.9012,72.78078,346.72,0.41,0.37,"2026-02-15",822,"N20","nominal","2.0NRT",302.54,4.66,"D"
"9694",30.14101,74.18259,335.03,0.46,0.39,"2026-02-15",822,"N20","nominal","2.0NRT",305.83,3.97,"D"
"9695",29.7274,70.83686,333.92,0.38,0.36,"2026-02-15",822,"N20","nominal","2.0NRT",303.09,18.05,"D"
"9696",29.74985,70.96229,336.95,0.38,0.36,"2026-02-15",822,"N20","nominal","2.0NRT",300.33,2.47,"D"
"9697",29.95923,72.29722,334.67,0.4,0.37,"2026-02-15",822,"N20","nominal","2.0NRT",301.56,6.48,"D"
"9698",30.58773,77.08978,339.39,0.43,0.46,"2026-02-15",822,"N20","nominal","2.0NRT",298.55,7.54,"D"
"9699",30.58728,77.08537,333.81,0.43,0.46,"2026-02-15",822,"N20","nominal","2.0NRT",300.17,7.54,"D"
"9700",30.62237,77.05312,329.82,0.43,0.46,"2026-02-15",822,"N20","nominal","2.0NRT",298.5,1.98,"D"
"9701",30.0684,72.52388,330.46,0.4,0.37,"2026-02-15",822,"N20","nominal","2.0NRT",303.36,2.7,"D"
"9702",30.61296,76.924,333.65,0.42,0.45,"2026-02-15",822,"N20","nominal","2.0NRT",300.65,3.27,"D"
"9703",30.77825,78.32181,325.2,0.51,0.49,"2026-02-15",822,"N20","low","2.0NRT",298.25,4.8,"D"
"9704",29.88277,70.89604,334.49,0.38,0.36,"2026-02-15",822,"N20","nominal","2.0NRT",302.38,2.27,"D"
"9705",30.69616,76.50846,325.18,0.4,0.44,"2026-02-15",822,"N20","nominal","2.0NRT",298.15,2.3,"D"
"9706",30.66229,76.09762,331.05,0.57,0.43,"2026-02-15",822,"N20","nominal","2.0NRT",295.48,4.63,"D"
"9707",29.97962,70.88511,332.54,0.38,0.36,"2026-02-15",822,"N20","nominal","2.0NRT",301.31,3.61,"D"
"9708",30.66407,76.09536,331.74,0.57,0.43,"2026-02-15",822,"N20","nominal","2.0NRT",295.32,5.29,"D"
"9709",29.99816,70.82849,332.98,0.38,0.36,"2026-02-15",822,"N20","nominal","2.0NRT",300.85,3.78,"D"
"9710",30.00773,70.84694,339.71,0.38,0.36,"2026-02-15",822,"N20","nominal","2.0NRT",302.21,3.85,"D"
"9711",30.02897,70.87525,342.29,0.38,0.36,"2026-02-15",822,"N20","nominal","2.0NRT",298.26,5.57,"D"
"9712",29.83187,69.24152,335.73,0.4,0.37,"2026-02-15",822,"N20","nominal","2.0NRT",302.48,2.76,"D"
"9713",29.83122,69.23753,336.1,0.4,0.37,"2026-02-15",822,"N20","nominal","2.0NRT",302.37,2.76,"D"
"9714",29.83587,69.24487,349.57,0.4,0.37,"2026-02-15",822,"N20","nominal","2.0NRT",305.91,11.67,"D"
"9715",29.83986,69.24815,330.87,0.4,0.37,"2026-02-15",822,"N20","nominal","2.0NRT",296.29,11.67,"D"
"9716",29.8392,69.24416,353.81,0.4,0.37,"2026-02-15",822,"N20","nominal","2.0NRT",301.76,11.67,"D"
"9717",29.83853,69.2401,345.4,0.4,0.37,"2026-02-15",822,"N20","nominal","2.0NRT",298.53,4.37,"D"
"9718",29.83787,69.23607,337.54,0.4,0.37,"2026-02-15",822,"N20","nominal","2.0NRT",297.39,4.37,"D"
"9719",30.161,71.1884,335.7,0.39,0.36,"2026-02-15",822,"N20","nominal","2.0NRT",307.89,1.43,"D"
"9720",30.37679,72.121,330.84,0.4,0.37,"2026-02-15",822,"N20","nominal","2.0NRT",300.71,3.23,"D"
"9721",30.22097,70.93092,332.58,0.38,0.36,"2026-02-15",822,"N20","nominal","2.0NRT",301.24,3.16,"D"
"9722",30.03411,69.62334,340.9,0.39,0.36,"2026-02-15",822,"N20","nominal","2.0NRT",306.59,6.07,"D"
"9723",30.27196,71.11296,331.82,0.39,0.36,"2026-02-15",822,"N20","nominal","2.0NRT",305.73,2.67,"D"
"9724",30.2497,70.85171,330.15,0.38,0.36,"2026-02-15",822,"N20","low","2.0NRT",301.71,0.97,"D"
"9725",31.12241,77.49632,341.33,0.46,0.47,"2026-02-15",822,"N20","nominal","2.0NRT",303.46,6.06,"D"
"9726",31.12192,77.49154,333.77,0.46,0.47,"2026-02-15",822,"N20","nominal","2.0NRT",306.68,6.06,"D"
"9727",30.29876,70.90721,340.06,0.38,0.36,"2026-02-15",822,"N20","nominal","2.0NRT",307.14,14.04,"D"
"9728",31.12343,77.49361,354.82,0.46,0.47,"2026-02-15",822,"N20","nominal","2.0NRT",306.83,9.03,"D"
"9729",30.38991,71.15182,333.11,0.39,0.36,"2026-02-15",822,"N20","nominal","2.0NRT",303.23,2.26,"D"
"9730",30.19497,69.64785,332.98,0.39,0.36,"2026-02-15",824,"N20","nominal","2.0NRT",301.03,2.88,"D"
"9731",30.19433,69.64385,339.15,0.39,0.36,"2026-02-15",824,"N20","nominal","2.0NRT",304.38,2.88,"D"
"9732",30.58146,72.16845,335.92,0.4,0.37,"2026-02-15",824,"N20","nominal","2.0NRT",301.78,43.36,"D"
"9733",31.24735,77.63016,329.97,0.47,0.48,"2026-02-15",824,"N20","nominal","2.0NRT",292.51,6.74,"D"
"9734",31.24692,77.62586,340.23,0.47,0.48,"2026-02-15",824,"N20","nominal","2.0NRT",294.38,6.74,"D"
"9735",31.24652,77.62177,331.87,0.47,0.48,"2026-02-15",824,"N20","nominal","2.0NRT",297.65,5.61,"D"
"9736",30.43482,71.0202,335.36,0.39,0.36,"2026-02-15",824,"N20","nominal","2.0NRT",303.76,18.21,"D"
"9737",30.43423,71.01623,306.18,0.39,0.36,"2026-02-15",824,"N20","low","2.0NRT",311.95,26.64,"D"
"9738",31.24293,77.6284,332.87,0.47,0.48,"2026-02-15",824,"N20","nominal","2.0NRT",295.19,8.42,"D"
"9739",31.24689,77.62329,348.74,0.47,0.48,"2026-02-15",824,"N20","nominal","2.0NRT",295.66,11.43,"D"
"9740",30.66531,72.56622,342.86,0.41,0.37,"2026-02-15",824,"N20","nominal","2.0NRT",305.58,5.09,"D"
"9741",30.79097,73.35236,335.61,0.43,0.38,"2026-02-15",824,"N20","nominal","2.0NRT",303.66,2.5,"D"
"9742",31.26022,77.13463,334.22,0.44,0.46,"2026-02-15",824,"N20","nominal","2.0NRT",302.16,6.13,"D"
"9743",30.47383,70.82811,334.8,0.38,0.36,"2026-02-15",824,"N20","nominal","2.0NRT",302.58,5.55,"D"
"9744",30.48909,70.90696,340.29,0.38,0.36,"2026-02-15",824,"N20","nominal","2.0NRT",301.23,3.16,"D"
"9745",31.18489,76.15117,327,0.39,0.44,"2026-02-15",824,"N20","nominal","2.0NRT",296.18,0.85,"D"
"9746",30.74304,72.59998,342.98,0.41,0.37,"2026-02-15",824,"N20","nominal","2.0NRT",300.51,4.51,"D"
"9747",31.18475,76.0769,342.44,0.39,0.44,"2026-02-15",824,"N20","nominal","2.0NRT",297.93,4.52,"D"
"9748",30.38819,70.13862,342.96,0.39,0.36,"2026-02-15",824,"N20","nominal","2.0NRT",299.07,4.26,"D"
"9749",31.00355,74.47897,331.76,0.48,0.4,"2026-02-15",824,"N20","nominal","2.0NRT",298.05,1.66,"D"
"9750",31.00256,74.4768,332.25,0.48,0.4,"2026-02-15",824,"N20","nominal","2.0NRT",298.26,4.12,"D"
"9751",30.523,70.90495,332.45,0.38,0.36,"2026-02-15",824,"N20","nominal","2.0NRT",300.67,3.79,"D"
"9752",31.15518,75.786,331.3,0.56,0.43,"2026-02-15",824,"N20","nominal","2.0NRT",297.02,5.04,"D"
"9753",30.99579,73.90964,334.18,0.45,0.39,"2026-02-15",824,"N20","nominal","2.0NRT",300.33,3.36,"D"
"9754",30.12715,68.09442,334.51,0.42,0.38,"2026-02-15",824,"N20","nominal","2.0NRT",301.69,3.36,"D"
"9755",30.13061,68.09392,341.13,0.42,0.38,"2026-02-15",824,"N20","nominal","2.0NRT",300.15,3.36,"D"
"9756",30.83619,72.5144,334.45,0.41,0.37,"2026-02-15",824,"N20","nominal","2.0NRT",303.25,5.48,"D"
"9757",30.7606,71.87811,332.37,0.39,0.37,"2026-02-15",824,"N20","low","2.0NRT",305.43,3.46,"D"
"9758",30.48207,69.86828,332.36,0.39,0.36,"2026-02-15",824,"N20","nominal","2.0NRT",303.28,1.34,"D"
"9759",30.66521,70.92535,332.3,0.38,0.36,"2026-02-15",824,"N20","nominal","2.0NRT",300.72,8,"D"
"9760",30.95234,72.90835,333.43,0.42,0.38,"2026-02-15",824,"N20","nominal","2.0NRT",301.75,2.71,"D"
"9761",30.67389,70.9154,330.89,0.38,0.36,"2026-02-15",824,"N20","nominal","2.0NRT",297.88,2.27,"D"
"9762",30.57826,70.15619,334.16,0.38,0.36,"2026-02-15",824,"N20","nominal","2.0NRT",306.39,1.52,"D"
"9763",30.85829,72.02025,330.86,0.4,0.37,"2026-02-15",824,"N20","nominal","2.0NRT",298.45,2.19,"D"
"9764",31.54243,77.64309,340.68,0.48,0.48,"2026-02-15",824,"N20","nominal","2.0NRT",296.3,9.6,"D"
"9765",31.54662,77.6405,336.8,0.48,0.48,"2026-02-15",824,"N20","nominal","2.0NRT",292.23,18.59,"D"
"9766",30.88456,72.10899,331.62,0.4,0.37,"2026-02-15",824,"N20","nominal","2.0NRT",299.28,2.19,"D"
"9767",30.89984,72.04644,335.92,0.4,0.37,"2026-02-15",824,"N20","nominal","2.0NRT",300.56,5.16,"D"
"9768",31.00485,72.75329,330.36,0.42,0.37,"2026-02-15",824,"N20","nominal","2.0NRT",299.41,1.09,"D"
"9769",31.0262,72.8877,334.4,0.42,0.38,"2026-02-15",824,"N20","nominal","2.0NRT",301.83,5.08,"D"
"9770",30.24923,67.76608,333.91,0.43,0.38,"2026-02-15",824,"N20","nominal","2.0NRT",302.15,3.02,"D"
"9771",30.96073,72.19859,330.12,0.4,0.37,"2026-02-15",824,"N20","nominal","2.0NRT",297.65,1.68,"D"
"9772",30.75208,70.71151,333.61,0.38,0.36,"2026-02-15",824,"N20","nominal","2.0NRT",301.95,2.85,"D"
"9773",31.04549,72.61329,332.77,0.41,0.37,"2026-02-15",824,"N20","nominal","2.0NRT",299.58,2.76,"D"
"9774",30.85676,71.25493,339.84,0.39,0.36,"2026-02-15",824,"N20","nominal","2.0NRT",307.6,34.98,"D"
"9775",30.85947,71.25025,347.25,0.39,0.36,"2026-02-15",824,"N20","low","2.0NRT",318.29,34.98,"D"
"9776",30.86278,71.2496,345.83,0.39,0.36,"2026-02-15",824,"N20","nominal","2.0NRT",304.25,7.98,"D"
"9777",30.71925,70.14433,339.75,0.38,0.36,"2026-02-15",824,"N20","nominal","2.0NRT",305.34,4.63,"D"
"9778",31.21404,73.55904,340,0.44,0.39,"2026-02-15",824,"N20","nominal","2.0NRT",295.16,3.51,"D"
"9779",31.21387,73.5606,336.31,0.44,0.39,"2026-02-15",824,"N20","nominal","2.0NRT",293.77,4.46,"D"
"9780",31.02163,72.08068,337.44,0.4,0.37,"2026-02-15",824,"N20","nominal","2.0NRT",305.68,7.24,"D"
"9781",31.54989,76.24232,333.7,0.4,0.44,"2026-02-15",824,"N20","nominal","2.0NRT",300.38,3.52,"D"
"9782",31.07658,72.32877,330.9,0.41,0.37,"2026-02-15",824,"N20","nominal","2.0NRT",297.71,2.07,"D"
"9783",31.07975,72.27622,330.64,0.4,0.37,"2026-02-15",824,"N20","nominal","2.0NRT",304.12,2.12,"D"
"9784",31.16755,72.89931,331.89,0.42,0.38,"2026-02-15",824,"N20","nominal","2.0NRT",300.96,3.93,"D"
"9785",31.60581,76.18739,342.76,0.39,0.44,"2026-02-15",824,"N20","nominal","2.0NRT",299.52,6.77,"D"
"9786",30.81157,70.12537,338.86,0.38,0.36,"2026-02-15",824,"N20","nominal","2.0NRT",302.12,4.98,"D"
"9787",31.28341,73.3462,330.12,0.44,0.38,"2026-02-15",824,"N20","nominal","2.0NRT",300.63,2.5,"D"
"9788",31.26786,73.22814,332.17,0.43,0.38,"2026-02-15",824,"N20","nominal","2.0NRT",296.71,3.03,"D"
"9789",31.17527,72.51567,343.4,0.41,0.37,"2026-02-15",824,"N20","nominal","2.0NRT",304.69,8.02,"D"
"9790",31.12807,72.06599,334.26,0.4,0.37,"2026-02-15",824,"N20","nominal","2.0NRT",301.14,3.9,"D"
"9791",30.95649,70.78223,336.23,0.38,0.36,"2026-02-15",824,"N20","nominal","2.0NRT",300.83,2.25,"D"
"9792",31.30175,73.20544,331.77,0.43,0.38,"2026-02-15",824,"N20","nominal","2.0NRT",299.91,6.57,"D"
"9793",31.18716,72.21848,330.62,0.4,0.37,"2026-02-15",824,"N20","nominal","2.0NRT",304.8,1.75,"D"
"9794",30.99628,70.88958,336.45,0.39,0.36,"2026-02-15",824,"N20","nominal","2.0NRT",300.79,3.11,"D"
"9795",30.77459,69.45999,339.24,0.39,0.36,"2026-02-15",824,"N20","nominal","2.0NRT",306.46,3.31,"D"
"9796",31.19461,72.24738,332.85,0.4,0.37,"2026-02-15",824,"N20","nominal","2.0NRT",301.45,2.2,"D"
"9797",31.02713,70.89162,334.93,0.39,0.36,"2026-02-15",824,"N20","nominal","2.0NRT",298.91,2.39,"D"
"9798",30.92521,70.08998,334.79,0.38,0.36,"2026-02-15",824,"N20","nominal","2.0NRT",300.47,3.92,"D"
"9799",31.68591,75.65163,325.99,0.56,0.43,"2026-02-15",824,"N20","nominal","2.0NRT",296.93,2.41,"D"
"9800",31.43335,73.41735,332.48,0.44,0.38,"2026-02-15",824,"N20","nominal","2.0NRT",295.07,2.46,"D"
"9801",31.36586,72.78974,336.7,0.42,0.38,"2026-02-15",824,"N20","nominal","2.0NRT",295.29,6.72,"D"
"9802",31.42676,73.22651,329.12,0.43,0.38,"2026-02-15",824,"N20","nominal","2.0NRT",293.63,1.95,"D"
"9803",31.06127,70.62125,347.39,0.38,0.36,"2026-02-15",824,"N20","nominal","2.0NRT",304.58,8.22,"D"
"9804",31.29432,72.16026,333.06,0.4,0.37,"2026-02-15",824,"N20","nominal","2.0NRT",302.05,2.75,"D"
"9805",31.29374,72.15605,331.63,0.4,0.37,"2026-02-15",824,"N20","nominal","2.0NRT",301.96,2.75,"D"
"9806",31.47867,73.49001,327.81,0.44,0.39,"2026-02-15",824,"N20","nominal","2.0NRT",298.09,3.06,"D"
"9807",31.38925,72.75411,329.59,0.42,0.38,"2026-02-15",824,"N20","nominal","2.0NRT",293.33,2.65,"D"
"9808",31.31748,72.17754,331.57,0.4,0.37,"2026-02-15",824,"N20","nominal","2.0NRT",300.65,4.22,"D"
"9809",31.3204,72.09926,332.79,0.4,0.37,"2026-02-15",824,"N20","nominal","2.0NRT",301.28,2.03,"D"
"9810",31.76023,75.50193,332.11,0.55,0.43,"2026-02-15",824,"N20","nominal","2.0NRT",298.47,12.49,"D"
"9811",31.76679,75.52455,330.78,0.55,0.43,"2026-02-15",824,"N20","nominal","2.0NRT",297.67,3.18,"D"
"9812",31.88904,76.59383,330.25,0.42,0.45,"2026-02-15",824,"N20","nominal","2.0NRT",299.94,2.82,"D"
"9813",31.79127,75.6339,328.87,0.56,0.43,"2026-02-15",824,"N20","nominal","2.0NRT",295.66,3.43,"D"
"9814",31.7602,75.49944,333.73,0.55,0.43,"2026-02-15",824,"N20","nominal","2.0NRT",299.51,12.77,"D"
"9815",31.89069,76.59407,325.38,0.42,0.45,"2026-02-15",824,"N20","low","2.0NRT",298.53,1.89,"D"
"9816",31.79502,75.6369,342.5,0.56,0.43,"2026-02-15",824,"N20","nominal","2.0NRT",295.77,6.17,"D"
"9817",31.18617,70.86423,340.02,0.39,0.36,"2026-02-15",824,"N20","nominal","2.0NRT",298.16,8.56,"D"
"9818",31.18947,70.86356,344.33,0.39,0.36,"2026-02-15",824,"N20","nominal","2.0NRT",303.44,8.56,"D"
"9819",31.98846,77.19202,351.92,0.45,0.47,"2026-02-15",824,"N20","nominal","2.0NRT",299.38,8.29,"D"
"9820",31.47092,72.53046,343.53,0.41,0.37,"2026-02-15",824,"N20","nominal","2.0NRT",294.93,5.36,"D"
"9821",31.84418,75.4339,329.66,0.54,0.42,"2026-02-15",824,"N20","nominal","2.0NRT",295.29,3.99,"D"
"9822",31.10328,69.90004,345.68,0.39,0.36,"2026-02-15",824,"N20","nominal","2.0NRT",307.08,6.17,"D"
"9823",31.89949,75.42931,330.55,0.55,0.42,"2026-02-15",824,"N20","nominal","2.0NRT",296.58,2.93,"D"
"9824",31.60903,72.96591,337.25,0.43,0.38,"2026-02-15",824,"N20","nominal","2.0NRT",294.36,3.37,"D"
"9825",31.19098,70.04736,332.93,0.38,0.36,"2026-02-15",824,"N20","nominal","2.0NRT",300.58,2.45,"D"
"9826",31.91963,75.43214,331.61,0.55,0.42,"2026-02-15",824,"N20","nominal","2.0NRT",296.66,2.28,"D"
"9827",31.83967,74.6051,333.46,0.5,0.41,"2026-02-15",824,"N20","nominal","2.0NRT",297.64,6.7,"D"
"9828",31.8434,74.60451,333.22,0.5,0.41,"2026-02-15",824,"N20","nominal","2.0NRT",295.24,4.91,"D"
"9829",29.45502,60.85016,340.86,0.34,0.56,"2026-02-15",824,"N20","nominal","2.0NRT",297.76,1.37,"D"
"9830",31.38365,70.89108,334.84,0.39,0.36,"2026-02-15",824,"N20","nominal","2.0NRT",302.61,23.36,"D"
"9831",31.38305,70.88705,300.57,0.39,0.36,"2026-02-15",824,"N20","low","2.0NRT",307.55,25.29,"D"
"9832",31.38658,70.8871,339.26,0.39,0.36,"2026-02-15",824,"N20","nominal","2.0NRT",298.09,3.74,"D"
"9833",31.71997,73.23542,335.77,0.44,0.38,"2026-02-15",824,"N20","nominal","2.0NRT",295.26,3.95,"D"
"9834",31.40281,70.76777,349.52,0.39,0.36,"2026-02-15",824,"N20","nominal","2.0NRT",301.67,5.84,"D"
"9835",31.70193,72.79578,332.64,0.42,0.38,"2026-02-15",824,"N20","nominal","2.0NRT",293.47,1.88,"D"
"9836",31.75161,73.01111,332.11,0.43,0.38,"2026-02-15",824,"N20","nominal","2.0NRT",297.41,5.24,"D"
"9837",31.83654,73.44254,344.82,0.44,0.39,"2026-02-15",824,"N20","nominal","2.0NRT",296.65,7.41,"D"
"9838",31.4473,70.63449,333.61,0.38,0.36,"2026-02-15",824,"N20","nominal","2.0NRT",302.42,5.51,"D"
"9839",31.75113,72.74158,335.42,0.42,0.38,"2026-02-15",824,"N20","nominal","2.0NRT",292.74,5.74,"D"
"9840",31.50702,71.01251,344.16,0.39,0.36,"2026-02-15",824,"N20","nominal","2.0NRT",300.66,5.24,"D"
"9841",31.75357,72.74232,330.85,0.42,0.38,"2026-02-15",824,"N20","nominal","2.0NRT",292.77,4.9,"D"
"9842",31.74536,72.62651,337.59,0.42,0.37,"2026-02-15",824,"N20","nominal","2.0NRT",291.13,4.48,"D"
"9843",31.82455,73.18098,331.57,0.44,0.38,"2026-02-15",824,"N20","nominal","2.0NRT",296.06,3.55,"D"
"9844",31.7841,72.7867,331.93,0.42,0.38,"2026-02-15",824,"N20","nominal","2.0NRT",295.79,2.47,"D"
"9845",32.15059,75.6145,325.22,0.56,0.43,"2026-02-15",824,"N20","nominal","2.0NRT",296.57,2.21,"D"
"9846",31.59217,70.94591,331.12,0.39,0.36,"2026-02-15",824,"N20","low","2.0NRT",303.5,4.42,"D"
"9847",31.64134,71.25805,335.45,0.39,0.36,"2026-02-15",824,"N20","nominal","2.0NRT",306.93,5.62,"D"
"9848",31.78242,72.22898,337.08,0.41,0.37,"2026-02-15",824,"N20","nominal","2.0NRT",288.4,4.96,"D"
"9849",31.59877,70.94458,331.34,0.39,0.36,"2026-02-15",824,"N20","nominal","2.0NRT",298.57,5.35,"D"
"9850",31.60207,70.94391,334.46,0.39,0.36,"2026-02-15",824,"N20","nominal","2.0NRT",302.15,5.35,"D"
"9851",31.91003,73.09572,329.03,0.43,0.38,"2026-02-15",824,"N20","nominal","2.0NRT",297.86,2.17,"D"
"9852",31.60389,70.91024,333.76,0.39,0.36,"2026-02-15",824,"N20","nominal","2.0NRT",299.69,1.32,"D"
"9853",31.91125,73.09737,332.23,0.43,0.38,"2026-02-15",824,"N20","nominal","2.0NRT",297.32,2.53,"D"
"9854",31.64061,70.92867,333.39,0.39,0.36,"2026-02-15",824,"N20","nominal","2.0NRT",302.48,3.56,"D"
"9855",31.67476,70.97601,341.42,0.39,0.36,"2026-02-15",824,"N20","nominal","2.0NRT",306.26,17.1,"D"
"9856",31.64726,70.74425,341.01,0.39,0.36,"2026-02-15",824,"N20","nominal","2.0NRT",303.03,3.16,"D"
"9857",31.70591,71.04916,334.05,0.39,0.36,"2026-02-15",824,"N20","nominal","2.0NRT",304.5,3.84,"D"
"9858",31.66043,70.74158,332.35,0.39,0.36,"2026-02-15",824,"N20","nominal","2.0NRT",301.47,10.6,"D"
"9859",31.84728,71.96497,331.21,0.4,0.37,"2026-02-15",824,"N20","nominal","2.0NRT",300.33,2.02,"D"
"9860",31.68893,70.86476,338.2,0.39,0.36,"2026-02-15",824,"N20","nominal","2.0NRT",307.6,16.57,"D"
"9861",31.68201,70.74966,332.29,0.39,0.36,"2026-02-15",824,"N20","nominal","2.0NRT",299.74,4.56,"D"
"9862",31.68141,70.74562,337.86,0.39,0.36,"2026-02-15",824,"N20","nominal","2.0NRT",303.26,10.76,"D"
"9863",31.6853,70.74899,333.38,0.39,0.36,"2026-02-15",824,"N20","nominal","2.0NRT",302.19,5.33,"D"
"9864",31.6847,70.74496,344.82,0.39,0.36,"2026-02-15",824,"N20","nominal","2.0NRT",301.46,8.8,"D"
"9865",31.91562,72.28053,341.28,0.41,0.37,"2026-02-15",824,"N20","nominal","2.0NRT",293.07,6.55,"D"
"9866",32.07546,73.2291,335.02,0.44,0.38,"2026-02-15",824,"N20","nominal","2.0NRT",296.64,3.58,"D"
"9867",31.80118,71.1683,332.36,0.39,0.36,"2026-02-15",824,"N20","nominal","2.0NRT",299.97,2.19,"D"
"9868",31.78583,71.01621,332.45,0.39,0.36,"2026-02-15",824,"N20","nominal","2.0NRT",300.91,1.9,"D"
"9869",31.74593,70.58674,333.1,0.38,0.36,"2026-02-15",824,"N20","nominal","2.0NRT",304.88,2.08,"D"
"9870",31.79788,70.70583,343.25,0.39,0.36,"2026-02-15",824,"N20","nominal","2.0NRT",302.54,4.18,"D"
"9871",32.03306,72.32209,344.36,0.41,0.37,"2026-02-15",824,"N20","nominal","2.0NRT",299.28,8.68,"D"
"9872",31.87182,71.11733,337.6,0.39,0.36,"2026-02-15",824,"N20","nominal","2.0NRT",298.73,7.31,"D"
"9873",31.86785,70.99645,332.42,0.39,0.36,"2026-02-15",824,"N20","nominal","2.0NRT",299.69,2.92,"D"
"9874",32.5499,76.47021,334.45,0.42,0.45,"2026-02-15",824,"N20","nominal","2.0NRT",300.12,5.31,"D"
"9875",31.91536,71.27722,332,0.39,0.36,"2026-02-15",824,"N20","nominal","2.0NRT",294.7,3.33,"D"
"9876",32.08304,72.46014,330.89,0.41,0.37,"2026-02-15",824,"N20","nominal","2.0NRT",297.12,1.82,"D"
"9877",31.89355,71.07939,335.39,0.39,0.36,"2026-02-15",824,"N20","nominal","2.0NRT",299.59,2.54,"D"
"9878",32.00799,71.81,333.33,0.4,0.37,"2026-02-15",824,"N20","nominal","2.0NRT",304.06,2.06,"D"
"9879",32.21916,73.08755,331.15,0.44,0.38,"2026-02-15",824,"N20","nominal","2.0NRT",296.5,3.78,"D"
"9880",31.83259,70.19217,332.93,0.38,0.36,"2026-02-15",824,"N20","nominal","2.0NRT",303.18,2.18,"D"
"9881",31.97168,71.08109,331.84,0.39,0.36,"2026-02-15",824,"N20","nominal","2.0NRT",294.43,3.06,"D"
"9882",31.95803,70.98721,331.45,0.39,0.36,"2026-02-15",824,"N20","nominal","2.0NRT",299.31,2.17,"D"
"9883",32.60944,76.00756,327.47,0.4,0.44,"2026-02-15",824,"N20","nominal","2.0NRT",298.49,1.39,"D"
"9884",32.17241,72.34617,333.97,0.41,0.37,"2026-02-15",824,"N20","nominal","2.0NRT",297.98,2.51,"D"
"9885",31.99909,71.05878,330.04,0.39,0.36,"2026-02-15",824,"N20","nominal","2.0NRT",300.19,2.17,"D"
"9886",32.296,73.17953,337.95,0.44,0.38,"2026-02-15",824,"N20","nominal","2.0NRT",294.05,11.94,"D"
"9887",31.92863,70.51293,336.46,0.38,0.36,"2026-02-15",824,"N20","nominal","2.0NRT",302.71,2.53,"D"
"9888",32.25952,72.81591,341.84,0.43,0.38,"2026-02-15",824,"N20","nominal","2.0NRT",295.56,3.98,"D"
"9889",32.44467,73.7068,333.05,0.46,0.39,"2026-02-15",824,"N20","nominal","2.0NRT",299.24,2.81,"D"
"9890",32.44827,73.70619,336.4,0.46,0.39,"2026-02-15",824,"N20","nominal","2.0NRT",300.62,2.81,"D"
"9891",32.01493,70.52097,339.16,0.38,0.36,"2026-02-15",824,"N20","nominal","2.0NRT",300.16,5.3,"D"
"9892",32.27214,72.10245,334.77,0.41,0.37,"2026-02-15",824,"N20","nominal","2.0NRT",297.2,6.49,"D"
"9893",32.0324,70.32165,330.17,0.38,0.36,"2026-02-15",824,"N20","low","2.0NRT",304.72,2.5,"D"
"9894",32.03179,70.31762,334.31,0.38,0.36,"2026-02-15",824,"N20","nominal","2.0NRT",306.35,2.6,"D"
"9895",32.37557,72.7137,334.42,0.42,0.38,"2026-02-15",824,"N20","nominal","2.0NRT",296.72,7.94,"D"
"9896",32.3006,72.13243,341.85,0.41,0.37,"2026-02-15",824,"N20","nominal","2.0NRT",300.28,5.46,"D"
"9897",32.50737,73.59155,330.04,0.46,0.39,"2026-02-15",824,"N20","low","2.0NRT",301.36,4.67,"D"
"9898",32.07272,70.31783,331.96,0.38,0.36,"2026-02-15",824,"N20","nominal","2.0NRT",301.03,1.84,"D"
"9899",32.08839,70.26456,335.47,0.38,0.36,"2026-02-15",824,"N20","low","2.0NRT",306.21,4.27,"D"
"9900",32.50579,73.04634,334.49,0.44,0.38,"2026-02-15",824,"N20","nominal","2.0NRT",297.59,8.04,"D"
"9901",32.5289,72.9761,333.72,0.43,0.38,"2026-02-15",824,"N20","nominal","2.0NRT",301.13,6.13,"D"
"9902",32.5318,72.97087,337.66,0.43,0.38,"2026-02-15",824,"N20","nominal","2.0NRT",300.95,4.2,"D"
"9903",32.63427,73.61316,329.15,0.46,0.39,"2026-02-15",824,"N20","nominal","2.0NRT",298.8,2.84,"D"
"9904",32.37453,71.59971,345.36,0.4,0.37,"2026-02-15",824,"N20","nominal","2.0NRT",295.71,4.2,"D"
"9905",32.38934,71.2921,341.14,0.39,0.36,"2026-02-15",824,"N20","nominal","2.0NRT",295.87,5.82,"D"
"9906",32.83732,74.61928,345.53,0.51,0.41,"2026-02-15",824,"N20","nominal","2.0NRT",300.51,12.46,"D"
"9907",32.83201,74.20997,327.96,0.49,0.4,"2026-02-15",824,"N20","nominal","2.0NRT",299.62,2.64,"D"
"9908",32.68275,72.35024,335.33,0.42,0.37,"2026-02-15",824,"N20","nominal","2.0NRT",296.83,2.47,"D"
"9909",32.92459,74.11277,346.38,0.49,0.4,"2026-02-15",824,"N20","nominal","2.0NRT",304.47,9.15,"D"
"9910",32.83938,73.31959,346.15,0.45,0.39,"2026-02-15",824,"N20","nominal","2.0NRT",304.22,6.37,"D"
"9911",32.89724,73.2604,329.92,0.45,0.39,"2026-02-15",824,"N20","nominal","2.0NRT",300.62,2.05,"D"
"9912",32.89877,73.04868,332.92,0.44,0.38,"2026-02-15",824,"N20","nominal","2.0NRT",303.01,3.21,"D"
"9913",33.01327,73.67577,333.38,0.47,0.39,"2026-02-15",824,"N20","nominal","2.0NRT",303.36,4.54,"D"
"9914",32.90359,72.69745,341.62,0.43,0.38,"2026-02-15",824,"N20","nominal","2.0NRT",303.54,4.32,"D"
"9915",32.95444,73.03384,332.46,0.44,0.38,"2026-02-15",824,"N20","nominal","2.0NRT",300.18,2.16,"D"
"9916",32.93002,72.65535,332.69,0.43,0.38,"2026-02-15",824,"N20","nominal","2.0NRT",301.94,1.35,"D"
"9917",32.92749,72.60954,339.76,0.43,0.38,"2026-02-15",824,"N20","nominal","2.0NRT",305.25,40.35,"D"
"9918",32.92612,72.6116,332.54,0.43,0.38,"2026-02-15",824,"N20","nominal","2.0NRT",299.8,15.35,"D"
"9919",32.99775,73.1198,348.55,0.44,0.39,"2026-02-15",824,"N20","nominal","2.0NRT",304.79,13.31,"D"
"9920",33.08128,73.59043,334.86,0.46,0.39,"2026-02-15",824,"N20","nominal","2.0NRT",304.84,11.11,"D"
"9921",32.98335,72.48106,332.37,0.42,0.38,"2026-02-15",824,"N20","nominal","2.0NRT",301.06,2.4,"D"
"9922",32.98275,72.47654,331.53,0.42,0.38,"2026-02-15",824,"N20","low","2.0NRT",303.06,2.85,"D"
"9923",9.03362,77.80785,340.09,0.41,0.37,"2026-02-15",815,"N20","nominal","2.0NRT",306.01,2.92,"D"
"9924",9.04824,76.81532,332.94,0.39,0.36,"2026-02-15",815,"N20","nominal","2.0NRT",293.05,2.73,"D"
"9925",9.16665,77.52204,336.6,0.41,0.37,"2026-02-15",815,"N20","nominal","2.0NRT",305.06,3.12,"D"
"9926",9.36356,78.75179,337.07,0.45,0.39,"2026-02-15",815,"N20","nominal","2.0NRT",302.11,4.45,"D"
"9927",9.35247,78.57511,335.17,0.44,0.39,"2026-02-15",815,"N20","nominal","2.0NRT",300.33,2.88,"D"
"9928",9.24197,77.60884,337.89,0.41,0.37,"2026-02-15",815,"N20","nominal","2.0NRT",307.38,6.32,"D"
"9929",9.57603,78.5229,336.73,0.44,0.39,"2026-02-15",817,"N20","nominal","2.0NRT",300.18,3.15,"D"
"9930",9.57957,78.52239,338.65,0.44,0.39,"2026-02-15",817,"N20","nominal","2.0NRT",301.8,4.5,"D"
"9931",9.57898,78.51836,338.75,0.44,0.39,"2026-02-15",817,"N20","nominal","2.0NRT",302.6,4.5,"D"
"9932",9.53069,77.0023,348.67,0.4,0.37,"2026-02-15",817,"N20","nominal","2.0NRT",310.3,66.88,"D"
"9933",9.53455,77.00528,330.8,0.4,0.37,"2026-02-15",817,"N20","low","2.0NRT",304.54,13.62,"D"
"9934",9.53737,77.00117,334.07,0.4,0.37,"2026-02-15",817,"N20","nominal","2.0NRT",300.81,2.83,"D"
"9935",9.70409,78.03796,341.96,0.43,0.38,"2026-02-15",817,"N20","nominal","2.0NRT",299,4.92,"D"
"9936",9.57364,77.15305,334.8,0.4,0.37,"2026-02-15",817,"N20","low","2.0NRT",304.9,5.17,"D"
"9937",9.58545,77.14008,333.84,0.4,0.37,"2026-02-15",817,"N20","nominal","2.0NRT",301.23,3.45,"D"
"9938",9.58492,77.13652,337.22,0.4,0.37,"2026-02-15",817,"N20","nominal","2.0NRT",304.8,3.45,"D"
"9939",9.72666,78.02281,333.32,0.42,0.38,"2026-02-15",817,"N20","nominal","2.0NRT",300.55,2.57,"D"
"9940",9.80553,78.28582,333.96,0.44,0.38,"2026-02-15",817,"N20","nominal","2.0NRT",302.16,1.65,"D"
"9941",9.75431,77.85741,345.33,0.42,0.38,"2026-02-15",817,"N20","nominal","2.0NRT",298.35,4.91,"D"
"9942",9.75776,77.8569,342.41,0.42,0.38,"2026-02-15",817,"N20","nominal","2.0NRT",297.93,4.37,"D"
"9943",9.80669,77.80691,333.82,0.42,0.38,"2026-02-15",817,"N20","low","2.0NRT",304.97,1.86,"D"
"9944",9.80277,77.78036,341.24,0.42,0.37,"2026-02-15",817,"N20","nominal","2.0NRT",299.4,4.12,"D"
"9945",9.86414,78.17262,342.79,0.43,0.38,"2026-02-15",817,"N20","nominal","2.0NRT",303.2,4.43,"D"
"9946",9.81013,77.8064,332.54,0.42,0.38,"2026-02-15",817,"N20","low","2.0NRT",303.56,1.86,"D"
"9947",9.84443,77.85213,350,0.42,0.38,"2026-02-15",817,"N20","nominal","2.0NRT",301.34,11.81,"D"
"9948",9.84898,77.85924,340.38,0.42,0.38,"2026-02-15",817,"N20","nominal","2.0NRT",300.64,8.04,"D"
"9949",9.84842,77.85543,340.73,0.42,0.38,"2026-02-15",817,"N20","nominal","2.0NRT",303.08,8.04,"D"
"9950",9.84787,77.85161,338.86,0.42,0.38,"2026-02-15",817,"N20","nominal","2.0NRT",305.67,11.81,"D"
"9951",9.84732,77.8478,332.95,0.42,0.38,"2026-02-15",817,"N20","nominal","2.0NRT",300.45,11.81,"D"
"9952",9.85242,77.85873,340.41,0.42,0.38,"2026-02-15",817,"N20","nominal","2.0NRT",302.56,4.59,"D"
"9953",9.85587,77.85822,334.32,0.42,0.38,"2026-02-15",817,"N20","nominal","2.0NRT",302.75,4.59,"D"
"9954",9.85476,77.85059,353.16,0.42,0.38,"2026-02-15",817,"N20","nominal","2.0NRT",305.01,10.63,"D"
"9955",9.87064,77.00752,330.57,0.4,0.37,"2026-02-15",817,"N20","low","2.0NRT",302.79,3.3,"D"
"9956",10.09186,77.46382,336.26,0.41,0.37,"2026-02-15",817,"N20","nominal","2.0NRT",302.67,4.53,"D"
"9957",10.00933,76.82518,331.5,0.39,0.37,"2026-02-15",817,"N20","nominal","2.0NRT",299.68,1.74,"D"
"9958",10.0125,76.77736,346.39,0.39,0.36,"2026-02-15",817,"N20","nominal","2.0NRT",299.24,3.95,"D"
"9959",10.03484,76.83583,347.74,0.39,0.37,"2026-02-15",817,"N20","nominal","2.0NRT",303.73,6.92,"D"
"9960",10.0055,76.36562,332.22,0.39,0.36,"2026-02-15",817,"N20","low","2.0NRT",306.93,2.69,"D"
"9961",10.1082,76.73627,339.94,0.39,0.36,"2026-02-15",817,"N20","nominal","2.0NRT",304.61,4.4,"D"
"9962",10.30097,77.91368,337.88,0.43,0.38,"2026-02-15",817,"N20","nominal","2.0NRT",306.13,2.38,"D"
"9963",10.38238,77.9612,337.6,0.43,0.38,"2026-02-15",817,"N20","nominal","2.0NRT",306.93,3.57,"D"
"9964",10.18399,76.53913,333.83,0.39,0.36,"2026-02-15",817,"N20","nominal","2.0NRT",295.1,2.51,"D"
"9965",10.42114,76.08384,333.95,0.39,0.36,"2026-02-15",817,"N20","nominal","2.0NRT",300.18,2.21,"D"
"9966",10.86711,78.9821,333,0.48,0.4,"2026-02-15",817,"N20","nominal","2.0NRT",301.71,4.14,"D"
"9967",10.82822,77.54584,341.09,0.42,0.37,"2026-02-15",817,"N20","low","2.0NRT",313.08,7.82,"D"
"9968",11.06633,78.08843,330.1,0.44,0.38,"2026-02-15",817,"N20","low","2.0NRT",302.73,1.89,"D"
"9969",10.92954,77.06464,342.92,0.4,0.37,"2026-02-15",817,"N20","nominal","2.0NRT",313.51,3.18,"D"
"9970",11.18138,78.56606,336.85,0.46,0.39,"2026-02-15",817,"N20","low","2.0NRT",310.03,3.38,"D"
"9971",11.20395,77.10246,338.68,0.41,0.37,"2026-02-15",817,"N20","low","2.0NRT",309.88,4.42,"D"
"9972",11.5457,79.23488,333.49,0.5,0.41,"2026-02-15",817,"N20","nominal","2.0NRT",304.28,2.04,"D"
"9973",11.44292,78.49497,336.01,0.46,0.39,"2026-02-15",817,"N20","nominal","2.0NRT",306.85,3.69,"D"
"9974",11.44106,78.4956,335.64,0.46,0.39,"2026-02-15",817,"N20","nominal","2.0NRT",307.09,3.73,"D"
"9975",11.5534,79.03503,337.6,0.49,0.4,"2026-02-15",817,"N20","nominal","2.0NRT",306.41,3.32,"D"
"9976",11.60035,79.15331,339.66,0.5,0.41,"2026-02-15",817,"N20","nominal","2.0NRT",307.01,5.98,"D"
"9977",11.51711,78.18814,332.46,0.45,0.39,"2026-02-15",817,"N20","low","2.0NRT",305.39,2.29,"D"
"9978",11.70871,78.67796,341.78,0.47,0.4,"2026-02-15",817,"N20","nominal","2.0NRT",301.04,4.97,"D"
"9979",11.84278,78.91975,337.81,0.49,0.4,"2026-02-15",817,"N20","nominal","2.0NRT",307.66,3.8,"D"
"9980",11.60322,76.15897,331.67,0.39,0.36,"2026-02-15",817,"N20","nominal","2.0NRT",300.05,2.11,"D"
"9981",9.03196,40.82726,347.56,0.4,0.6,"2026-02-15",958,"N20","nominal","2.0NRT",307.06,7.85,"D"
"9982",9.03263,40.82693,350.22,0.4,0.6,"2026-02-15",958,"N20","nominal","2.0NRT",306.6,5.35,"D"
"9983",9.56099,42.54203,347.95,0.6,0.53,"2026-02-15",958,"N20","nominal","2.0NRT",314.83,16.37,"D"
"9984",9.5601,42.53689,350.93,0.6,0.53,"2026-02-15",958,"N20","nominal","2.0NRT",314.14,19.47,"D"
"9985",9.56579,42.541,339.29,0.6,0.53,"2026-02-15",958,"N20","nominal","2.0NRT",307.04,4.36,"D"
"9986",9.56887,42.53014,349.5,0.6,0.53,"2026-02-15",958,"N20","nominal","2.0NRT",306.91,15.41,"D"
"9987",9.56038,42.54535,333.66,0.6,0.53,"2026-02-15",958,"N20","low","2.0NRT",308.01,4.71,"D"
"9988",9.55945,42.54026,350.7,0.6,0.53,"2026-02-15",958,"N20","nominal","2.0NRT",316.8,11.52,"D"
"9989",9.55851,42.53507,348.4,0.6,0.53,"2026-02-15",958,"N20","nominal","2.0NRT",312.79,11.52,"D"
"9990",9.56425,42.53925,350.46,0.6,0.53,"2026-02-15",958,"N20","nominal","2.0NRT",310.16,15.47,"D"
"9991",9.56722,42.52818,340.08,0.6,0.53,"2026-02-15",958,"N20","nominal","2.0NRT",306.48,8.32,"D"
"9992",9.58524,42.51765,337.13,0.6,0.53,"2026-02-15",958,"N20","low","2.0NRT",311.51,5.49,"D"
"9993",9.59188,42.52691,334.13,0.6,0.53,"2026-02-15",958,"N20","low","2.0NRT",307.26,3.51,"D"
"9994",9.2194,40.07398,367,0.45,0.63,"2026-02-15",958,"N20","high","2.0NRT",304.13,23.97,"D"
"9995",9.22129,40.07503,367,0.45,0.63,"2026-02-15",958,"N20","high","2.0NRT",298.56,11.65,"D"
"9996",9.22053,40.07104,367,0.45,0.63,"2026-02-15",958,"N20","high","2.0NRT",302.37,11.65,"D"
"9997",9.29174,36.87291,342.45,0.74,0.76,"2026-02-15",1000,"N20","nominal","2.0NRT",297.23,8.62,"D"
"9998",10.05604,40.49007,333.21,0.41,0.6,"2026-02-15",1000,"N20","low","2.0NRT",305.18,4.86,"D"
"9999",9.38863,36.7137,348.2,0.76,0.77,"2026-02-15",1000,"N20","nominal","2.0NRT",298.28,12.36,"D"
"10000",9.38738,36.70739,341.38,0.76,0.77,"2026-02-15",1000,"N20","nominal","2.0NRT",302.24,14.55,"D"
"10001",9.39557,36.71223,367,0.76,0.77,"2026-02-15",1000,"N20","high","2.0NRT",302.6,22.15,"D"
"10002",9.4025,36.71074,367,0.76,0.77,"2026-02-15",1000,"N20","high","2.0NRT",299.68,22.15,"D"
"10003",9.40942,36.70922,348.91,0.76,0.77,"2026-02-15",1000,"N20","nominal","2.0NRT",299.78,10.52,"D"
"10004",9.40818,36.7029,335.45,0.76,0.77,"2026-02-15",1000,"N20","nominal","2.0NRT",301.04,13.55,"D"
"10005",9.4179,36.52965,339.41,0.78,0.78,"2026-02-15",1000,"N20","nominal","2.0NRT",303.26,7.34,"D"
"10006",9.60486,37.46297,331.68,0.67,0.74,"2026-02-15",1000,"N20","nominal","2.0NRT",299.26,8.06,"D"
"10007",9.42352,36.52104,334.85,0.78,0.78,"2026-02-15",1000,"N20","nominal","2.0NRT",301.51,7.34,"D"
"10008",9.40083,36.70847,353.28,0.76,0.77,"2026-02-15",1000,"N20","nominal","2.0NRT",300.87,16.02,"D"
"10009",9.40775,36.70695,367,0.76,0.77,"2026-02-15",1000,"N20","high","2.0NRT",301.92,16.02,"D"
"10010",9.41654,36.5348,334.37,0.78,0.78,"2026-02-15",1000,"N20","nominal","2.0NRT",302.35,3.83,"D"
"10011",9.41516,36.52796,333.1,0.78,0.78,"2026-02-15",1000,"N20","nominal","2.0NRT",300.83,3.83,"D"
"10012",9.84833,38.68596,334.06,0.55,0.68,"2026-02-15",1000,"N20","nominal","2.0NRT",303.29,2.27,"D"
"10013",9.60997,37.46881,332.52,0.67,0.73,"2026-02-15",1000,"N20","nominal","2.0NRT",298.02,6.36,"D"
"10014",9.42347,36.53299,330.16,0.78,0.78,"2026-02-15",1000,"N20","low","2.0NRT",301.13,3.86,"D"
"10015",9.42211,36.52621,334.22,0.78,0.78,"2026-02-15",1000,"N20","nominal","2.0NRT",303.3,3.86,"D"
"10016",9.61914,37.44528,335.47,0.67,0.74,"2026-02-15",1000,"N20","nominal","2.0NRT",303.15,12.49,"D"
"10017",9.61789,37.43896,355.68,0.67,0.74,"2026-02-15",1000,"N20","nominal","2.0NRT",301.61,12.49,"D"
"10018",9.52073,36.50826,334.02,0.78,0.78,"2026-02-15",1000,"N20","nominal","2.0NRT",301.93,4.24,"D"
"10019",9.51796,36.50812,334.13,0.78,0.78,"2026-02-15",1000,"N20","nominal","2.0NRT",301.8,6.04,"D"
"10020",9.79258,37.64381,334.83,0.64,0.72,"2026-02-15",1000,"N20","nominal","2.0NRT",304.66,2.51,"D"
"10021",9.72751,36.58422,342.42,0.76,0.77,"2026-02-15",1000,"N20","nominal","2.0NRT",299.03,10.76,"D"
"10022",9.77115,36.69674,367,0.75,0.77,"2026-02-15",1000,"N20","high","2.0NRT",299.99,44.46,"D"
"10023",9.76987,36.69017,350.36,0.75,0.77,"2026-02-15",1000,"N20","nominal","2.0NRT",297.34,58.33,"D"
"10024",9.7779,36.69448,367,0.75,0.77,"2026-02-15",1000,"N20","high","2.0NRT",298.42,44.46,"D"
"10025",9.72553,36.5835,335.15,0.76,0.77,"2026-02-15",1000,"N20","nominal","2.0NRT",300.6,8.6,"D"
"10026",9.77,36.69615,367,0.75,0.77,"2026-02-15",1000,"N20","high","2.0NRT",299.28,18.11,"D"
"10027",9.76868,36.6896,333.68,0.75,0.77,"2026-02-15",1000,"N20","nominal","2.0NRT",295.75,18.11,"D"
"10028",9.77674,36.6939,367,0.75,0.77,"2026-02-15",1000,"N20","high","2.0NRT",300.63,68.84,"D"
"10029",9.9476,37.47934,341.5,0.66,0.73,"2026-02-15",1000,"N20","nominal","2.0NRT",307.03,5.76,"D"
"10030",9.90645,37.27181,330.18,0.68,0.74,"2026-02-15",1000,"N20","low","2.0NRT",301.94,8.84,"D"
"10031",9.91505,37.28015,338.74,0.68,0.74,"2026-02-15",1000,"N20","nominal","2.0NRT",301.59,6.36,"D"
"10032",9.92154,37.27787,367,0.68,0.74,"2026-02-15",1000,"N20","high","2.0NRT",300.76,18.93,"D"
"10033",9.92036,37.27192,351.81,0.68,0.74,"2026-02-15",1000,"N20","nominal","2.0NRT",301.37,27.46,"D"
"10034",9.91918,37.26597,354.43,0.68,0.74,"2026-02-15",1000,"N20","nominal","2.0NRT",305.59,27.46,"D"
"10035",9.83571,36.80948,334.75,0.73,0.76,"2026-02-15",1000,"N20","nominal","2.0NRT",301.03,10.73,"D"
"10036",9.84135,36.80189,337.78,0.73,0.76,"2026-02-15",1000,"N20","nominal","2.0NRT",300.23,7.28,"D"
"10037",9.88274,36.83103,333.75,0.73,0.76,"2026-02-15",1000,"N20","nominal","2.0NRT",298.58,11.24,"D"
"10038",10.17838,37.38725,347.37,0.66,0.73,"2026-02-15",1000,"N20","nominal","2.0NRT",305.06,10.34,"D"
"10039",10.13676,37.0341,342.87,0.7,0.75,"2026-02-15",1000,"N20","nominal","2.0NRT",298.57,7.49,"D"
"10040",10.14348,37.03262,367,0.7,0.75,"2026-02-15",1000,"N20","high","2.0NRT",300.67,25.87,"D"
"10041",10.47973,38.77597,336,0.52,0.67,"2026-02-15",1000,"N20","low","2.0NRT",308.14,5.02,"D"
"10042",10.48054,38.77428,338.38,0.52,0.67,"2026-02-15",1000,"N20","low","2.0NRT",309.1,2.06,"D"
"10043",10.13891,37.0337,367,0.7,0.75,"2026-02-15",1000,"N20","high","2.0NRT",301.56,30.77,"D"
"10044",10.36049,37.6986,342.61,0.62,0.72,"2026-02-15",1000,"N20","nominal","2.0NRT",300.91,5.54,"D"
"10045",10.3681,37.70322,336.09,0.62,0.72,"2026-02-15",1000,"N20","nominal","2.0NRT",304.78,6.1,"D"
"10046",10.35977,37.69624,343.18,0.62,0.72,"2026-02-15",1000,"N20","nominal","2.0NRT",299.82,5.75,"D"
"10047",10.35354,37.11705,335.25,0.68,0.74,"2026-02-15",1000,"N20","low","2.0NRT",305.97,6.53,"D"
"10048",10.26034,36.53822,333.58,0.75,0.77,"2026-02-15",1000,"N20","nominal","2.0NRT",300.55,13.12,"D"
"10049",10.25927,36.53283,352.05,0.75,0.77,"2026-02-15",1000,"N20","nominal","2.0NRT",301.01,16.99,"D"
"10050",10.35652,37.11639,333.08,0.68,0.74,"2026-02-15",1000,"N20","low","2.0NRT",305.54,3.06,"D"
"10051",10.25863,36.53368,347.73,0.75,0.77,"2026-02-15",1000,"N20","nominal","2.0NRT",300.22,12.79,"D"
"10052",10.40004,36.88062,332.94,0.71,0.75,"2026-02-15",1000,"N20","low","2.0NRT",304.7,6.05,"D"
"10053",10.406,36.87516,339.55,0.71,0.75,"2026-02-15",1000,"N20","nominal","2.0NRT",304.64,4.23,"D"
"10054",10.40108,36.87939,342.53,0.7,0.75,"2026-02-15",1000,"N20","nominal","2.0NRT",305.77,8.56,"D"
"10055",10.40705,36.87414,330.18,0.71,0.75,"2026-02-15",1000,"N20","low","2.0NRT",302.85,8.56,"D"
"10056",10.50012,36.59589,342.41,0.73,0.76,"2026-02-15",1000,"N20","nominal","2.0NRT",305.66,4.53,"D"
"10057",10.49911,36.59081,342.06,0.74,0.76,"2026-02-15",1000,"N20","nominal","2.0NRT",306.43,4.53,"D"
"10058",10.49971,36.59374,342.28,0.73,0.76,"2026-02-15",1000,"N20","nominal","2.0NRT",306.11,10.93,"D"
"10059",10.49868,36.58872,332.46,0.73,0.76,"2026-02-15",1000,"N20","nominal","2.0NRT",304.32,4.67,"D"
"10060",10.61486,36.27874,331.79,0.77,0.77,"2026-02-15",1000,"N20","low","2.0NRT",302.52,7.89,"D"
"10061",10.81071,36.29588,355.28,0.76,0.77,"2026-02-15",1000,"N20","nominal","2.0NRT",298.67,10.08,"D"
"10062",11.09888,36.1674,338.53,0.76,0.77,"2026-02-15",1000,"N20","nominal","2.0NRT",301.09,8.23,"D"
"10063",11.09147,36.09581,355.92,0.77,0.77,"2026-02-15",1000,"N20","nominal","2.0NRT",301.45,37.36,"D"
"10064",11.08994,36.08834,352.39,0.77,0.78,"2026-02-15",1000,"N20","nominal","2.0NRT",306.02,49.35,"D"
"10065",11.11369,36.09744,341.32,0.77,0.77,"2026-02-15",1000,"N20","nominal","2.0NRT",300.28,12.49,"D"
"10066",11.11918,36.08861,332.32,0.77,0.77,"2026-02-15",1000,"N20","nominal","2.0NRT",301,2.66,"D"
"10067",11.11127,36.09747,334.04,0.77,0.77,"2026-02-15",1000,"N20","nominal","2.0NRT",300.52,7.5,"D"
"10068",11.11667,36.08847,333.94,0.77,0.77,"2026-02-15",1000,"N20","nominal","2.0NRT",301.52,9.52,"D"
"10069",11.08645,35.94495,331.7,0.79,0.78,"2026-02-15",1000,"N20","nominal","2.0NRT",301.43,7.61,"D"
"10070",11.23692,36.45777,337.07,0.73,0.76,"2026-02-15",1000,"N20","nominal","2.0NRT",303.81,11.48,"D"
"10071",11.20275,36.18748,334.78,0.76,0.77,"2026-02-15",1000,"N20","nominal","2.0NRT",303.2,4.88,"D"
"10072",11.28251,35.98288,334.28,0.78,0.78,"2026-02-15",1000,"N20","nominal","2.0NRT",302.02,6.73,"D"
"10073",11.37992,36.35216,356.24,0.73,0.76,"2026-02-15",1000,"N20","nominal","2.0NRT",303.36,17.1,"D"
"10074",11.37872,36.34782,338.91,0.73,0.76,"2026-02-15",1000,"N20","nominal","2.0NRT",302.99,10.51,"D"
"10075",11.55839,36.31594,344.22,0.73,0.76,"2026-02-15",1000,"N20","nominal","2.0NRT",305.68,6.96,"D"
"10076",11.74634,35.77851,353.21,0.79,0.78,"2026-02-15",1000,"N20","nominal","2.0NRT",304.61,7.68,"D"
"10077",11.75337,35.77694,340.38,0.79,0.78,"2026-02-15",1000,"N20","nominal","2.0NRT",302.89,7.68,"D"
"10078",12.91982,39.65391,334.05,0.41,0.61,"2026-02-15",1000,"N20","nominal","2.0NRT",300.85,2.53,"D"
"10079",12.31689,35.73103,335.21,0.77,0.77,"2026-02-15",1000,"N20","nominal","2.0NRT",307.24,3.25,"D"
"10080",12.34656,35.76823,338.94,0.77,0.77,"2026-02-15",1000,"N20","nominal","2.0NRT",305.33,4.53,"D"
"10081",12.34496,35.77126,333.25,0.77,0.77,"2026-02-15",1000,"N20","low","2.0NRT",305.36,5.21,"D"
"10082",12.48252,35.97629,331.45,0.74,0.76,"2026-02-15",1000,"N20","low","2.0NRT",305.36,2.75,"D"
"10083",12.65041,35.99186,336.36,0.73,0.76,"2026-02-15",1000,"N20","low","2.0NRT",309.37,3.08,"D"
"10084",12.73962,36.07664,367,0.72,0.75,"2026-02-15",1000,"N20","high","2.0NRT",306,17.15,"D"
"10085",12.73686,35.95986,336.31,0.73,0.76,"2026-02-15",1000,"N20","nominal","2.0NRT",306.15,3.46,"D"
"10086",12.73546,35.95308,335.11,0.73,0.76,"2026-02-15",1000,"N20","low","2.0NRT",307.33,3.46,"D"
"10087",12.74056,36.07688,367,0.72,0.75,"2026-02-15",1000,"N20","high","2.0NRT",304.88,19.43,"D"
"10088",12.73568,35.95377,337.72,0.73,0.76,"2026-02-15",1000,"N20","nominal","2.0NRT",307.05,8.85,"D"
"10089",12.90539,35.46922,332.38,0.78,0.78,"2026-02-15",1000,"N20","low","2.0NRT",307.21,4.18,"D"
"10090",12.90233,35.46922,332.93,0.78,0.78,"2026-02-15",1000,"N20","low","2.0NRT",306.97,4.99,"D"
"10091",13.15214,35.89154,332.67,0.73,0.76,"2026-02-15",1000,"N20","low","2.0NRT",306.85,2.79,"D"
"10092",13.15077,35.88496,335.73,0.73,0.76,"2026-02-15",1000,"N20","low","2.0NRT",308.62,2.79,"D"
"10093",13.15131,35.88537,342.89,0.73,0.76,"2026-02-15",1000,"N20","nominal","2.0NRT",309.28,5.84,"D"
"10094",13.12541,35.49404,339.95,0.77,0.77,"2026-02-15",1000,"N20","nominal","2.0NRT",308.6,5.85,"D"
"10095",13.12287,35.4936,338.6,0.77,0.77,"2026-02-15",1000,"N20","nominal","2.0NRT",308.49,4.84,"D"
"10096",13.47133,35.94339,335.56,0.71,0.75,"2026-02-15",1000,"N20","low","2.0NRT",307.3,4.62,"D"
"10097",13.46209,35.83142,332.28,0.72,0.76,"2026-02-15",1000,"N20","low","2.0NRT",306.74,1.93,"D"
"10098",13.46279,35.83335,346.11,0.72,0.76,"2026-02-15",1000,"N20","nominal","2.0NRT",307.8,5.14,"D"
"10099",13.46955,35.83157,341.27,0.72,0.76,"2026-02-15",1000,"N20","nominal","2.0NRT",309.99,5.14,"D"
"10100",13.70781,36.17826,337.74,0.68,0.74,"2026-02-15",1000,"N20","low","2.0NRT",307.93,8.8,"D"
"10101",13.61345,35.59776,351.86,0.74,0.76,"2026-02-15",1000,"N20","nominal","2.0NRT",309.49,8.73,"D"
"10102",13.70367,36.17753,344.98,0.68,0.74,"2026-02-15",1000,"N20","nominal","2.0NRT",309,9.11,"D"
"10103",13.78905,36.50748,338.23,0.64,0.72,"2026-02-15",1000,"N20","low","2.0NRT",310.38,3.82,"D"
"10104",13.61242,35.59708,349.86,0.74,0.76,"2026-02-15",1000,"N20","nominal","2.0NRT",309.61,9.02,"D"
"10105",13.88132,36.52432,351.04,0.64,0.72,"2026-02-15",1000,"N20","nominal","2.0NRT",310.96,10.59,"D"
"10106",13.98155,36.81132,344.83,0.61,0.71,"2026-02-15",1000,"N20","nominal","2.0NRT",310.77,3.47,"D"
"10107",13.8803,36.52389,351.36,0.64,0.72,"2026-02-15",1000,"N20","nominal","2.0NRT",311.08,12.13,"D"
"10108",13.98246,36.81026,345.22,0.61,0.71,"2026-02-15",1000,"N20","nominal","2.0NRT",311.27,5.18,"D"
"10109",13.75826,35.33698,336.84,0.77,0.77,"2026-02-15",1000,"N20","nominal","2.0NRT",305.49,36.7,"D"
"10110",13.75676,35.32996,353.07,0.77,0.77,"2026-02-15",1000,"N20","nominal","2.0NRT",311.42,36.7,"D"
"10111",13.75591,35.33647,341.81,0.77,0.77,"2026-02-15",1000,"N20","nominal","2.0NRT",306.1,37.63,"D"
"10112",13.75436,35.32946,349.56,0.77,0.77,"2026-02-15",1000,"N20","nominal","2.0NRT",311.59,67.91,"D"
"10113",14.17383,36.6948,347.59,0.61,0.71,"2026-02-15",1000,"N20","nominal","2.0NRT",313.27,6.48,"D"
"10114",14.35985,37.44954,340.28,0.54,0.68,"2026-02-15",1000,"N20","nominal","2.0NRT",310.15,2.3,"D"
"10115",14.38165,35.67095,367,0.71,0.75,"2026-02-15",1000,"N20","high","2.0NRT",309.59,14.16,"D"
"10116",14.38315,35.67104,367,0.71,0.75,"2026-02-15",1000,"N20","high","2.0NRT",309.36,13.24,"D"
"10117",18.01272,54.57484,352.19,0.45,0.47,"2026-02-15",1002,"N20","nominal","2.0NRT",318.31,16.74,"D"
"10118",18.03462,54.64524,337.56,0.45,0.47,"2026-02-15",1002,"N20","low","2.0NRT",311.59,1.41,"D"
"10119",18.03297,54.6466,341.7,0.45,0.47,"2026-02-15",1002,"N20","nominal","2.0NRT",310.99,1.87,"D"
"10120",15.33569,35.66195,336.55,0.68,0.74,"2026-02-15",1002,"N20","nominal","2.0NRT",303.18,3.64,"D"
"10121",15.33814,35.65993,338.22,0.68,0.74,"2026-02-15",1002,"N20","nominal","2.0NRT",305.83,5.18,"D"
"10122",17.27644,42.40431,336.78,0.45,0.47,"2026-02-15",1002,"N20","nominal","2.0NRT",302.07,2.29,"D"
"10123",20.3755,55.93903,337.26,0.59,0.53,"2026-02-15",1002,"N20","low","2.0NRT",309.72,2.8,"D"
"10124",20.5586,56.42044,339.52,0.63,0.54,"2026-02-15",1002,"N20","low","2.0NRT",310,1.79,"D"
"10125",18.77966,41.79388,342.57,0.46,0.47,"2026-02-15",1002,"N20","nominal","2.0NRT",306.4,3.42,"D"
"10126",21.30902,57.74768,340.67,0.39,0.6,"2026-02-15",1002,"N20","nominal","2.0NRT",311.18,1.69,"D"
"10127",21.33472,57.72572,338.9,0.39,0.6,"2026-02-15",1002,"N20","low","2.0NRT",311.75,1.75,"D"
"10128",21.28852,57.10096,335.53,0.36,0.57,"2026-02-15",1002,"N20","low","2.0NRT",308.97,0.83,"D"
"10129",21.33357,56.70081,349.89,0.34,0.56,"2026-02-15",1002,"N20","nominal","2.0NRT",310.36,2.49,"D"
"10130",21.3741,56.72128,350.8,0.34,0.56,"2026-02-15",1002,"N20","nominal","2.0NRT",312.02,2.51,"D"
"10131",21.37378,56.718,344.01,0.34,0.56,"2026-02-15",1002,"N20","nominal","2.0NRT",312.66,2.51,"D"
"10132",21.83215,56.6822,340.9,0.34,0.56,"2026-02-15",1002,"N20","nominal","2.0NRT",312.1,1.29,"D"
"10133",21.89083,56.84896,352.08,0.35,0.57,"2026-02-15",1002,"N20","nominal","2.0NRT",312.02,2.62,"D"
"10134",22.33249,56.4675,340.7,0.34,0.56,"2026-02-15",1002,"N20","low","2.0NRT",311.96,1.47,"D"
"10135",22.34502,56.43649,338.19,0.33,0.56,"2026-02-15",1002,"N20","low","2.0NRT",312.59,1.07,"D"
"10136",22.87697,55.9262,339.1,0.63,0.54,"2026-02-15",1002,"N20","low","2.0NRT",313.34,2.64,"D"
"10137",22.87739,55.92504,339.99,0.63,0.54,"2026-02-15",1002,"N20","low","2.0NRT",314.22,2.38,"D"
"10138",22.87218,55.6158,351.1,0.6,0.53,"2026-02-15",1002,"N20","nominal","2.0NRT",315.32,5.72,"D"
"10139",23.14982,55.426,349.4,0.59,0.53,"2026-02-15",1002,"N20","nominal","2.0NRT",315.5,4.05,"D"
"10140",23.14816,55.42382,344.35,0.59,0.53,"2026-02-15",1002,"N20","nominal","2.0NRT",315.58,4.5,"D"
"10141",23.19104,55.45987,343.22,0.59,0.53,"2026-02-15",1002,"N20","low","2.0NRT",315.05,5.72,"D"
"10142",23.52508,53.29226,344.18,0.44,0.46,"2026-02-15",1002,"N20","nominal","2.0NRT",310.58,21.85,"D"
"10143",23.52883,53.28743,339.01,0.44,0.46,"2026-02-15",1002,"N20","low","2.0NRT",312.56,3.77,"D"
"10144",23.83165,53.62832,335.82,0.46,0.47,"2026-02-15",1002,"N20","low","2.0NRT",310.69,0.87,"D"
"10145",23.92152,53.7198,339.92,0.47,0.48,"2026-02-15",1002,"N20","nominal","2.0NRT",307.77,5.96,"D"
"10146",23.921,53.71519,342.53,0.47,0.48,"2026-02-15",1002,"N20","nominal","2.0NRT",310.74,9.46,"D"
"10147",24.06281,54.32139,339.98,0.51,0.5,"2026-02-15",1002,"N20","nominal","2.0NRT",309.31,2.85,"D"
"10148",24.50149,56.60846,351.93,0.36,0.58,"2026-02-15",1002,"N20","nominal","2.0NRT",310.13,7.57,"D"
"10149",24.1003,49.12092,338.35,0.42,0.37,"2026-02-15",1002,"N20","nominal","2.0NRT",305.99,1.83,"D"
"10150",23.86006,47.4583,341,0.39,0.36,"2026-02-15",1002,"N20","nominal","2.0NRT",308.72,6.48,"D"
"10151",24.98174,55.62752,340.74,0.32,0.54,"2026-02-15",1002,"N20","nominal","2.0NRT",309.1,1.28,"D"
"10152",24.98148,55.62676,340.8,0.32,0.54,"2026-02-15",1002,"N20","nominal","2.0NRT",309.22,1.54,"D"
"10153",24.25509,48.72942,337.67,0.41,0.37,"2026-02-15",1002,"N20","nominal","2.0NRT",304.57,4.44,"D"
"10154",24.92982,51.56818,336.14,0.54,0.42,"2026-02-15",1002,"N20","low","2.0NRT",307.98,12.47,"D"
"10155",25.18758,53.21033,339.87,0.45,0.47,"2026-02-15",1002,"N20","nominal","2.0NRT",296.72,10.34,"D"
"10156",25.16441,52.87835,343.26,0.43,0.46,"2026-02-15",1002,"N20","nominal","2.0NRT",295.66,15.59,"D"
"10157",25.16346,52.86974,344.06,0.43,0.46,"2026-02-15",1002,"N20","nominal","2.0NRT",298.74,16.28,"D"
"10158",24.2927,46.30788,335.02,0.39,0.36,"2026-02-15",1002,"N20","low","2.0NRT",307.64,2.69,"D"
"10159",25.3523,54.48724,332.59,0.55,0.51,"2026-02-15",1002,"N20","nominal","2.0NRT",293.85,3.84,"D"
"10160",24.79897,49.3472,336,0.43,0.38,"2026-02-15",1002,"N20","nominal","2.0NRT",303.93,1.6,"D"
"10161",24.85633,49.15802,340.33,0.42,0.38,"2026-02-15",1002,"N20","nominal","2.0NRT",303.95,2.53,"D"
"10162",24.42043,45.86685,335.23,0.39,0.36,"2026-02-15",1004,"N20","low","2.0NRT",309.93,5.65,"D"
"10163",24.41982,45.86304,347.6,0.39,0.36,"2026-02-15",1004,"N20","nominal","2.0NRT",322.04,5.65,"D"
"10164",25.4272,52.73726,340.54,0.43,0.46,"2026-02-15",1004,"N20","nominal","2.0NRT",294.46,8.7,"D"
"10165",25.42768,52.73669,339.65,0.43,0.46,"2026-02-15",1004,"N20","nominal","2.0NRT",294.74,9.65,"D"
"10166",25.533,53.15057,341.64,0.45,0.47,"2026-02-15",1004,"N20","nominal","2.0NRT",300.84,36.78,"D"
"10167",25.49013,52.39023,338.47,0.41,0.45,"2026-02-15",1004,"N20","nominal","2.0NRT",294.06,6.47,"D"
"10168",25.17417,49.31577,338.7,0.43,0.38,"2026-02-15",1004,"N20","nominal","2.0NRT",303.41,2.29,"D"
"10169",25.59435,52.54455,354.99,0.42,0.45,"2026-02-15",1004,"N20","nominal","2.0NRT",294.9,7.28,"D"
"10170",25.96453,56.06995,334.31,0.35,0.57,"2026-02-15",1004,"N20","low","2.0NRT",307.25,2.16,"D"
"10171",25.97008,56.07285,334.02,0.35,0.57,"2026-02-15",1004,"N20","low","2.0NRT",307.36,2.95,"D"
"10172",25.34329,50.20694,339.34,0.47,0.4,"2026-02-15",1004,"N20","nominal","2.0NRT",305.12,4.01,"D"
"10173",25.34022,50.209,339.68,0.47,0.4,"2026-02-15",1004,"N20","nominal","2.0NRT",306.52,5.83,"D"
"10174",25.97037,56.07169,335.23,0.35,0.57,"2026-02-15",1004,"N20","low","2.0NRT",308.99,3.55,"D"
"10175",24.78095,45.60854,337.75,0.39,0.36,"2026-02-15",1004,"N20","nominal","2.0NRT",305.43,2.25,"D"
"10176",24.78034,45.6047,343.24,0.39,0.36,"2026-02-15",1004,"N20","nominal","2.0NRT",306.12,2.25,"D"
"10177",24.69687,44.97088,336.4,0.4,0.37,"2026-02-15",1004,"N20","nominal","2.0NRT",306.27,1.88,"D"
"10178",25.89146,51.54391,330.19,0.56,0.43,"2026-02-15",1004,"N20","low","2.0NRT",303,6.33,"D"
"10179",25.90458,51.55335,339.06,0.56,0.43,"2026-02-15",1004,"N20","nominal","2.0NRT",304.52,10.28,"D"
"10180",25.6388,49.39405,344.58,0.44,0.38,"2026-02-15",1004,"N20","nominal","2.0NRT",304.76,3.39,"D"
"10181",25.63822,49.3897,335.45,0.44,0.38,"2026-02-15",1004,"N20","nominal","2.0NRT",303.73,3.39,"D"
"10182",25.64173,49.38914,346.82,0.44,0.38,"2026-02-15",1004,"N20","nominal","2.0NRT",304.03,3.39,"D"
"10183",25.65909,49.27248,337.57,0.43,0.38,"2026-02-15",1004,"N20","nominal","2.0NRT",303.45,11.5,"D"
"10184",25.6808,49.41054,338.87,0.44,0.38,"2026-02-15",1004,"N20","nominal","2.0NRT",303.09,3.06,"D"
"10185",25.66259,49.27191,338.74,0.43,0.38,"2026-02-15",1004,"N20","nominal","2.0NRT",306.3,11.5,"D"
"10186",26.23921,52.3306,345.73,0.41,0.45,"2026-02-15",1004,"N20","nominal","2.0NRT",297.02,14.56,"D"
"10187",26.24131,52.33073,348.74,0.41,0.45,"2026-02-15",1004,"N20","nominal","2.0NRT",298.85,16.26,"D"
"10188",27.01347,49.58139,332.84,0.46,0.39,"2026-02-15",1004,"N20","low","2.0NRT",306.79,2.87,"D"
"10189",27.01707,49.58082,332.77,0.46,0.39,"2026-02-15",1004,"N20","low","2.0NRT",304.08,7.66,"D"
"10190",27.49056,52.98023,342.12,0.47,0.48,"2026-02-15",1004,"N20","nominal","2.0NRT",301.83,5.22,"D"
"10191",27.49083,52.9777,341.4,0.47,0.48,"2026-02-15",1004,"N20","nominal","2.0NRT",300.8,4.83,"D"
"10192",27.50431,52.63932,356.02,0.45,0.47,"2026-02-15",1004,"N20","nominal","2.0NRT",306.04,10.59,"D"
"10193",27.5119,52.62889,335.5,0.45,0.47,"2026-02-15",1004,"N20","nominal","2.0NRT",302.47,2.4,"D"
"10194",27.51147,52.62484,344.55,0.45,0.47,"2026-02-15",1004,"N20","nominal","2.0NRT",303.21,4.06,"D"
"10195",27.68544,52.24958,337.74,0.43,0.46,"2026-02-15",1004,"N20","nominal","2.0NRT",301.22,2.43,"D"
"10196",27.68823,52.23606,367,0.43,0.46,"2026-02-15",1004,"N20","high","2.0NRT",303.33,2.86,"D"
"10197",27.71283,52.18899,352.29,0.42,0.45,"2026-02-15",1004,"N20","nominal","2.0NRT",302.08,6.06,"D"
"10198",27.72024,52.17931,367,0.42,0.45,"2026-02-15",1004,"N20","high","2.0NRT",301.22,31.14,"D"
"10199",27.75885,52.17366,341.04,0.42,0.45,"2026-02-15",1004,"N20","nominal","2.0NRT",301.85,5.92,"D"
"10200",27.76258,52.16891,341.93,0.42,0.45,"2026-02-15",1004,"N20","nominal","2.0NRT",301.86,5.92,"D"
"10201",25.69869,38.08194,344.4,0.58,0.52,"2026-02-15",1004,"N20","nominal","2.0NRT",314.55,7.92,"D"
"10202",28.3056,55.17792,348.27,0.33,0.55,"2026-02-15",1004,"N20","nominal","2.0NRT",298.32,2.89,"D"
"10203",28.41551,56.20998,331.73,0.38,0.59,"2026-02-15",1004,"N20","nominal","2.0NRT",298.5,1.51,"D"
"10204",28.41044,49.71216,336.91,0.48,0.4,"2026-02-15",1004,"N20","nominal","2.0NRT",293.24,15.8,"D"
"10205",28.39431,48.53436,338.95,0.43,0.38,"2026-02-15",1004,"N20","nominal","2.0NRT",302.9,8.3,"D"
"10206",25.45221,32.48114,331.59,0.64,0.72,"2026-02-15",1004,"N20","nominal","2.0NRT",300.59,4.99,"D"
"10207",25.45099,32.4833,339.73,0.64,0.72,"2026-02-15",1004,"N20","nominal","2.0NRT",301.3,4.9,"D"
"10208",28.57413,47.92053,339.56,0.41,0.37,"2026-02-15",1004,"N20","nominal","2.0NRT",305.26,3.92,"D"
"10209",28.58039,47.91511,336.04,0.41,0.37,"2026-02-15",1004,"N20","nominal","2.0NRT",303.41,1.58,"D"
"10210",29.19218,52.84278,337.32,0.48,0.48,"2026-02-15",1004,"N20","nominal","2.0NRT",303.89,3.81,"D"
"10211",29.1916,52.84546,333.95,0.48,0.48,"2026-02-15",1004,"N20","nominal","2.0NRT",302.81,5.34,"D"
"10212",29.63629,53.09775,343.47,0.51,0.49,"2026-02-15",1004,"N20","nominal","2.0NRT",296.14,5.62,"D"
"10213",29.00488,47.74974,344.19,0.41,0.37,"2026-02-15",1004,"N20","nominal","2.0NRT",297.33,19.27,"D"
"10214",29.00429,47.74552,342.6,0.41,0.37,"2026-02-15",1004,"N20","nominal","2.0NRT",303.17,19.27,"D"
"10215",29.00829,47.74915,344.68,0.41,0.37,"2026-02-15",1004,"N20","nominal","2.0NRT",298.74,10.92,"D"
"10216",29.0077,47.74493,352.57,0.41,0.37,"2026-02-15",1004,"N20","nominal","2.0NRT",300.4,10.92,"D"
"10217",29.63282,53.0949,335.54,0.51,0.49,"2026-02-15",1004,"N20","nominal","2.0NRT",295.78,6.32,"D"
"10218",29.50315,51.40705,330.09,0.4,0.44,"2026-02-15",1004,"N20","nominal","2.0NRT",300.12,1.59,"D"
"10219",29.50769,51.25916,343.74,0.39,0.44,"2026-02-15",1004,"N20","nominal","2.0NRT",305.06,5.88,"D"
"10220",30.07858,55.39873,335.36,0.35,0.57,"2026-02-15",1004,"N20","nominal","2.0NRT",295.01,2.5,"D"
"10221",29.88905,52.73535,335.67,0.48,0.48,"2026-02-15",1004,"N20","nominal","2.0NRT",297.79,5.58,"D"
"10222",26.242,32.19276,343.03,0.64,0.72,"2026-02-15",1004,"N20","nominal","2.0NRT",303.92,6.02,"D"
"10223",26.24012,32.19184,347.64,0.64,0.72,"2026-02-15",1004,"N20","nominal","2.0NRT",304.28,6.15,"D"
"10224",29.93926,50.84222,333.14,0.57,0.43,"2026-02-15",1004,"N20","nominal","2.0NRT",299.86,3.74,"D"
"10225",30.03488,50.63598,337.89,0.56,0.43,"2026-02-15",1004,"N20","nominal","2.0NRT",302.75,4.61,"D"
"10226",30.03883,50.63946,341.77,0.56,0.43,"2026-02-15",1004,"N20","nominal","2.0NRT",302.27,6.48,"D"
"10227",30.04273,50.63851,337.88,0.56,0.43,"2026-02-15",1004,"N20","nominal","2.0NRT",301.18,4.21,"D"
"10228",29.94139,49.68709,334.72,0.5,0.41,"2026-02-15",1004,"N20","nominal","2.0NRT",290.44,4.3,"D"
"10229",30.08349,50.53988,330.68,0.55,0.43,"2026-02-15",1004,"N20","low","2.0NRT",301.82,3.74,"D"
"10230",30.10558,50.35483,348.07,0.54,0.42,"2026-02-15",1004,"N20","nominal","2.0NRT",304.29,27.19,"D"
"10231",30.1069,50.35801,338.62,0.54,0.42,"2026-02-15",1004,"N20","nominal","2.0NRT",302.75,17.27,"D"
"10232",30.15384,50.42388,340.87,0.54,0.42,"2026-02-15",1004,"N20","nominal","2.0NRT",304.3,24.5,"D"
"10233",30.29017,50.06412,337.13,0.52,0.42,"2026-02-15",1004,"N20","nominal","2.0NRT",300.33,3.73,"D"
"10234",30.39503,50.62207,344.96,0.56,0.43,"2026-02-15",1004,"N20","nominal","2.0NRT",305.36,47.02,"D"
"10235",30.39439,50.61632,349.34,0.56,0.43,"2026-02-15",1004,"N20","nominal","2.0NRT",298.68,12.54,"D"
"10236",30.3977,50.61005,335.12,0.56,0.43,"2026-02-15",1004,"N20","nominal","2.0NRT",297.46,12.54,"D"
"10237",30.36032,49.88115,335.68,0.51,0.41,"2026-02-15",1004,"N20","nominal","2.0NRT",301.37,4.44,"D"
"10238",30.38869,49.86252,350.09,0.51,0.41,"2026-02-15",1004,"N20","nominal","2.0NRT",307.6,17.56,"D"
"10239",30.39248,49.86197,335.34,0.51,0.41,"2026-02-15",1004,"N20","nominal","2.0NRT",298.15,3.76,"D"
"10240",30.47583,50.49034,343.71,0.55,0.43,"2026-02-15",1004,"N20","nominal","2.0NRT",302.23,13.68,"D"
"10241",30.48304,50.48351,345.71,0.55,0.43,"2026-02-15",1004,"N20","nominal","2.0NRT",304.7,21.81,"D"
"10242",30.16426,47.41359,338.62,0.41,0.37,"2026-02-15",1004,"N20","nominal","2.0NRT",302.35,2.48,"D"
"10243",30.16444,47.41429,340.5,0.41,0.37,"2026-02-15",1004,"N20","nominal","2.0NRT",302.65,3.5,"D"
"10244",30.16784,47.41367,338.43,0.41,0.37,"2026-02-15",1004,"N20","nominal","2.0NRT",302.26,3.5,"D"
"10245",30.17067,47.40881,338.56,0.41,0.37,"2026-02-15",1004,"N20","nominal","2.0NRT",300.83,5.31,"D"
"10246",30.17407,47.40819,340.59,0.41,0.37,"2026-02-15",1004,"N20","nominal","2.0NRT",300.58,5.31,"D"
"10247",30.19958,47.39055,335.94,0.41,0.37,"2026-02-15",1004,"N20","nominal","2.0NRT",299.74,2.99,"D"
"10248",30.21036,47.39296,343.57,0.41,0.37,"2026-02-15",1004,"N20","nominal","2.0NRT",301.42,5.59,"D"
"10249",30.21319,47.3881,338.93,0.41,0.37,"2026-02-15",1004,"N20","nominal","2.0NRT",301.29,3.35,"D"
"10250",30.27518,47.74245,339.11,0.42,0.38,"2026-02-15",1004,"N20","nominal","2.0NRT",299.78,3.14,"D"
"10251",30.57254,49.91992,338.7,0.52,0.41,"2026-02-15",1004,"N20","nominal","2.0NRT",299.96,9.59,"D"
"10252",30.276,47.36067,346.25,0.41,0.37,"2026-02-15",1004,"N20","nominal","2.0NRT",300.98,4.05,"D"
"10253",30.27998,47.3643,338.51,0.41,0.37,"2026-02-15",1004,"N20","nominal","2.0NRT",300.29,2.22,"D"
"10254",30.28339,47.36369,335.1,0.41,0.37,"2026-02-15",1004,"N20","nominal","2.0NRT",300.01,2.22,"D"
"10255",30.66098,50.33145,338.93,0.55,0.42,"2026-02-15",1004,"N20","nominal","2.0NRT",297.79,6.04,"D"
"10256",30.31285,47.34967,337.04,0.41,0.37,"2026-02-15",1004,"N20","nominal","2.0NRT",301.22,2.11,"D"
"10257",30.71149,50.11849,337.96,0.53,0.42,"2026-02-15",1004,"N20","nominal","2.0NRT",301.29,5.22,"D"
"10258",30.35707,47.34171,345.87,0.41,0.37,"2026-02-15",1004,"N20","nominal","2.0NRT",300.74,3.63,"D"
"10259",30.35649,47.33746,343.27,0.41,0.37,"2026-02-15",1004,"N20","nominal","2.0NRT",301.43,6.04,"D"
"10260",30.36047,47.34109,350.21,0.41,0.37,"2026-02-15",1004,"N20","nominal","2.0NRT",301.45,7.01,"D"
"10261",30.36271,47.33199,342.54,0.41,0.37,"2026-02-15",1004,"N20","nominal","2.0NRT",300.08,5.35,"D"
"10262",30.39538,47.51875,331.38,0.41,0.37,"2026-02-15",1004,"N20","nominal","2.0NRT",299.15,1.56,"D"
"10263",30.71337,50.12154,331.36,0.53,0.42,"2026-02-15",1004,"N20","nominal","2.0NRT",297.1,5.25,"D"
"10264",30.31049,46.84871,337.53,0.4,0.37,"2026-02-15",1004,"N20","nominal","2.0NRT",296.07,19.4,"D"
"10265",30.31442,46.85221,336.04,0.4,0.37,"2026-02-15",1004,"N20","nominal","2.0NRT",296.35,2.58,"D"
"10266",30.31385,46.84809,341.37,0.4,0.37,"2026-02-15",1004,"N20","nominal","2.0NRT",305.53,19.4,"D"
"10267",30.31327,46.84396,344.59,0.4,0.37,"2026-02-15",1004,"N20","nominal","2.0NRT",296.77,19.4,"D"
"10268",30.31721,46.84746,346.33,0.4,0.37,"2026-02-15",1004,"N20","nominal","2.0NRT",296.83,5.12,"D"
"10269",30.40156,47.33445,336.89,0.41,0.37,"2026-02-15",1004,"N20","nominal","2.0NRT",299.94,2.82,"D"
"10270",30.71874,49.8264,337.12,0.52,0.41,"2026-02-15",1004,"N20","nominal","2.0NRT",299.79,13.22,"D"
"10271",30.72192,49.82047,335.82,0.52,0.41,"2026-02-15",1004,"N20","nominal","2.0NRT",300.97,17.13,"D"
"10272",30.47379,47.74117,332.48,0.42,0.38,"2026-02-15",1004,"N20","nominal","2.0NRT",298.54,1.84,"D"
"10273",30.35019,46.83709,340.09,0.4,0.37,"2026-02-15",1004,"N20","nominal","2.0NRT",303.83,9.03,"D"
"10274",30.46966,47.68375,340.42,0.42,0.38,"2026-02-15",1004,"N20","nominal","2.0NRT",298.83,3.07,"D"
"10275",30.70847,49.54322,335,0.5,0.41,"2026-02-15",1004,"N20","nominal","2.0NRT",299.7,6.56,"D"
"10276",30.76998,49.76968,337.8,0.51,0.41,"2026-02-15",1004,"N20","nominal","2.0NRT",303.16,7.14,"D"
"10277",30.52281,47.61337,353.73,0.42,0.38,"2026-02-15",1004,"N20","nominal","2.0NRT",304.24,8.63,"D"
"10278",30.52224,47.60902,344.15,0.42,0.38,"2026-02-15",1004,"N20","nominal","2.0NRT",300.45,4.83,"D"
"10279",30.52567,47.60841,345.13,0.42,0.38,"2026-02-15",1004,"N20","nominal","2.0NRT",299.15,4.83,"D"
"10280",30.49389,47.31899,349.25,0.41,0.37,"2026-02-15",1004,"N20","nominal","2.0NRT",301.92,6.41,"D"
"10281",30.56149,47.32862,338.96,0.41,0.37,"2026-02-15",1004,"N20","nominal","2.0NRT",299.19,2.3,"D"
"10282",30.56283,47.10677,342.75,0.41,0.37,"2026-02-15",1004,"N20","nominal","2.0NRT",300.17,8.12,"D"
"10283",30.56226,47.10256,336.55,0.41,0.37,"2026-02-15",1004,"N20","nominal","2.0NRT",306.3,9.44,"D"
"10284",30.89764,49.67924,341.16,0.51,0.41,"2026-02-15",1004,"N20","nominal","2.0NRT",303.12,13.91,"D"
"10285",30.90141,49.6786,346.88,0.51,0.41,"2026-02-15",1004,"N20","nominal","2.0NRT",301.63,7.19,"D"
"10286",30.90457,49.67269,337.87,0.51,0.41,"2026-02-15",1004,"N20","nominal","2.0NRT",299.81,7.19,"D"
"10287",30.61036,47.32857,338.81,0.41,0.37,"2026-02-15",1004,"N20","nominal","2.0NRT",300.89,4.89,"D"
"10288",30.60979,47.3243,335.7,0.41,0.37,"2026-02-15",1004,"N20","nominal","2.0NRT",301.51,4.89,"D"
"10289",30.94394,49.87974,343.87,0.52,0.42,"2026-02-15",1004,"N20","nominal","2.0NRT",308.61,27.48,"D"
"10290",30.94332,49.87436,337.65,0.52,0.42,"2026-02-15",1004,"N20","nominal","2.0NRT",300.49,27.48,"D"
"10291",30.75006,48.2832,341.69,0.44,0.39,"2026-02-15",1004,"N20","nominal","2.0NRT",302.17,6.48,"D"
"10292",30.74947,48.27859,335.21,0.44,0.39,"2026-02-15",1004,"N20","nominal","2.0NRT",301.06,6.48,"D"
"10293",30.94837,49.88449,337.47,0.52,0.42,"2026-02-15",1004,"N20","nominal","2.0NRT",299.37,5.12,"D"
"10294",30.68368,47.32844,341.92,0.41,0.37,"2026-02-15",1004,"N20","nominal","2.0NRT",300.95,7.42,"D"
"10295",30.98731,49.59373,346.8,0.51,0.41,"2026-02-15",1004,"N20","nominal","2.0NRT",304.76,11.68,"D"
"10296",30.98814,49.59687,337.53,0.51,0.41,"2026-02-15",1004,"N20","nominal","2.0NRT",300.55,9.17,"D"
"10297",30.92025,48.86777,339.78,0.47,0.4,"2026-02-15",1004,"N20","nominal","2.0NRT",299.73,5.47,"D"
"10298",30.92267,48.85739,341.56,0.47,0.4,"2026-02-15",1004,"N20","nominal","2.0NRT",302.42,11.31,"D"
"10299",30.76411,47.32833,349.15,0.41,0.37,"2026-02-15",1004,"N20","nominal","2.0NRT",302.98,4.87,"D"
"10300",30.7681,47.332,337.91,0.41,0.37,"2026-02-15",1004,"N20","nominal","2.0NRT",301.41,7.23,"D"
"10301",30.8579,47.92216,335.9,0.43,0.38,"2026-02-15",1004,"N20","nominal","2.0NRT",296.04,22.02,"D"
"10302",30.86198,47.92604,353.27,0.43,0.38,"2026-02-15",1004,"N20","nominal","2.0NRT",298.05,34.57,"D"
"10303",30.86139,47.92155,338.05,0.43,0.38,"2026-02-15",1004,"N20","low","2.0NRT",309.69,22.02,"D"
"10304",30.86547,47.92543,350.37,0.43,0.38,"2026-02-15",1004,"N20","nominal","2.0NRT",298.38,7.06,"D"
"10305",30.86487,47.92094,350.94,0.43,0.38,"2026-02-15",1004,"N20","nominal","2.0NRT",297.45,8.66,"D"
"10306",30.82382,47.33167,339.78,0.41,0.37,"2026-02-15",1004,"N20","nominal","2.0NRT",303.92,4.58,"D"
"10307",30.82781,47.33535,341.57,0.41,0.37,"2026-02-15",1004,"N20","nominal","2.0NRT",304.44,4.58,"D"
"10308",30.82723,47.33105,349.47,0.41,0.37,"2026-02-15",1004,"N20","nominal","2.0NRT",304.03,4.58,"D"
"10309",31.12757,49.31797,335.58,0.49,0.4,"2026-02-15",1004,"N20","nominal","2.0NRT",299.12,3.52,"D"
"10310",31.13563,49.32197,343.13,0.49,0.4,"2026-02-15",1004,"N20","nominal","2.0NRT",301.16,9.1,"D"
"10311",30.88019,47.33467,345.24,0.41,0.37,"2026-02-15",1004,"N20","nominal","2.0NRT",302.94,4.89,"D"
"10312",30.8796,47.33037,335.38,0.41,0.37,"2026-02-15",1004,"N20","nominal","2.0NRT",303.77,4.89,"D"
"10313",30.88361,47.33405,350.13,0.41,0.37,"2026-02-15",1004,"N20","nominal","2.0NRT",303.95,4.89,"D"
"10314",31.09459,48.56171,334.39,0.46,0.39,"2026-02-15",1004,"N20","nominal","2.0NRT",299.42,2.47,"D"
"10315",31.09758,48.55633,341.6,0.46,0.39,"2026-02-15",1004,"N20","nominal","2.0NRT",300.18,7.62,"D"
"10316",27.60608,30.83947,367,0.71,0.75,"2026-02-15",1004,"N20","high","2.0NRT",299.83,11,"D"
"10317",31.20936,48.95104,337.39,0.48,0.4,"2026-02-15",1004,"N20","nominal","2.0NRT",301.43,9.37,"D"
"10318",31.06054,47.61716,346.63,0.42,0.38,"2026-02-15",1004,"N20","nominal","2.0NRT",300.48,7.12,"D"
"10319",31.08659,47.78995,346.31,0.43,0.38,"2026-02-15",1004,"N20","nominal","2.0NRT",304.95,10.68,"D"
"10320",31.09065,47.79382,342.22,0.43,0.38,"2026-02-15",1004,"N20","nominal","2.0NRT",303.71,10.68,"D"
"10321",31.09007,47.78933,342.64,0.43,0.38,"2026-02-15",1004,"N20","nominal","2.0NRT",300.31,10.68,"D"
"10322",31.02747,47.28813,344.09,0.41,0.37,"2026-02-15",1004,"N20","nominal","2.0NRT",298.57,14.27,"D"
"10323",31.02689,47.28381,355,0.41,0.37,"2026-02-15",1004,"N20","nominal","2.0NRT",302.09,25.36,"D"
"10324",31.02631,47.27951,336.7,0.41,0.37,"2026-02-15",1004,"N20","nominal","2.0NRT",299.84,25.36,"D"
"10325",31.03088,47.28751,353.08,0.41,0.37,"2026-02-15",1004,"N20","nominal","2.0NRT",300.83,14.27,"D"
"10326",31.02972,47.27888,344.29,0.41,0.37,"2026-02-15",1004,"N20","nominal","2.0NRT",300.57,25.36,"D"
"10327",31.0303,47.2832,367,0.41,0.37,"2026-02-15",1004,"N20","low","2.0NRT",329.61,25.36,"D"
"10328",31.07954,47.62733,348.15,0.42,0.38,"2026-02-15",1004,"N20","nominal","2.0NRT",300.05,4.82,"D"
"10329",31.0343,47.28688,343.78,0.41,0.37,"2026-02-15",1004,"N20","nominal","2.0NRT",300.07,4.41,"D"
"10330",31.03372,47.28257,352.19,0.41,0.37,"2026-02-15",1004,"N20","nominal","2.0NRT",300.2,7.28,"D"
"10331",31.083,47.62672,347.51,0.42,0.38,"2026-02-15",1004,"N20","nominal","2.0NRT",298.33,4.82,"D"
"10332",31.14005,47.87249,336.09,0.43,0.38,"2026-02-15",1004,"N20","nominal","2.0NRT",299.4,2.45,"D"
"10333",31.31978,49.28211,342.86,0.49,0.41,"2026-02-15",1004,"N20","nominal","2.0NRT",300.52,5.47,"D"
"10334",31.30011,49.11824,338.7,0.48,0.4,"2026-02-15",1004,"N20","nominal","2.0NRT",300.38,4.53,"D"
"10335",31.07634,47.26157,337.91,0.41,0.37,"2026-02-15",1004,"N20","nominal","2.0NRT",302.69,4.48,"D"
"10336",31.27494,48.73091,346.01,0.47,0.39,"2026-02-15",1004,"N20","nominal","2.0NRT",304.41,9.61,"D"
"10337",31.10211,47.29668,341.15,0.41,0.37,"2026-02-15",1004,"N20","nominal","2.0NRT",302.77,4.05,"D"
"10338",31.30582,48.77078,344.46,0.47,0.4,"2026-02-15",1004,"N20","nominal","2.0NRT",303.71,7.94,"D"
"10339",31.23499,47.96355,335.28,0.44,0.38,"2026-02-15",1004,"N20","nominal","2.0NRT",299.13,1.96,"D"
"10340",31.26963,48.12181,336.28,0.44,0.38,"2026-02-15",1004,"N20","nominal","2.0NRT",296.42,3.04,"D"
"10341",31.26904,48.11719,353.8,0.44,0.38,"2026-02-15",1004,"N20","nominal","2.0NRT",300.73,8.9,"D"
"10342",31.27316,48.1212,342.9,0.44,0.38,"2026-02-15",1004,"N20","nominal","2.0NRT",296.59,6.58,"D"
"10343",31.27257,48.11658,342.53,0.44,0.38,"2026-02-15",1004,"N20","nominal","2.0NRT",307.58,37.84,"D"
"10344",31.40313,48.65643,335.35,0.46,0.39,"2026-02-15",1004,"N20","nominal","2.0NRT",298.04,8.16,"D"
"10345",31.29925,47.79932,336.5,0.43,0.38,"2026-02-15",1004,"N20","nominal","2.0NRT",296.38,4.49,"D"
"10346",31.40361,48.65336,339.24,0.46,0.39,"2026-02-15",1004,"N20","nominal","2.0NRT",301.83,10.13,"D"
"10347",31.40663,48.64788,342.56,0.46,0.39,"2026-02-15",1004,"N20","nominal","2.0NRT",301.66,3.96,"D"
"10348",31.29996,47.79589,345.41,0.43,0.38,"2026-02-15",1004,"N20","nominal","2.0NRT",300.73,8.22,"D"
"10349",31.35407,47.85574,337.6,0.43,0.38,"2026-02-15",1004,"N20","nominal","2.0NRT",299.71,3.89,"D"
"10350",31.42568,47.76628,346.04,0.43,0.38,"2026-02-15",1004,"N20","nominal","2.0NRT",293.72,6.28,"D"
"10351",31.4362,47.81995,337.02,0.43,0.38,"2026-02-15",1004,"N20","nominal","2.0NRT",296.91,7.76,"D"
"10352",31.43969,47.81934,337.42,0.43,0.38,"2026-02-15",1004,"N20","nominal","2.0NRT",295.83,7.76,"D"
"10353",31.4391,47.81481,352.92,0.43,0.38,"2026-02-15",1004,"N20","nominal","2.0NRT",300.38,7.76,"D"
"10354",31.44259,47.81419,339.39,0.43,0.38,"2026-02-15",1004,"N20","nominal","2.0NRT",295.2,5.07,"D"
"10355",31.442,47.80966,355.11,0.43,0.38,"2026-02-15",1004,"N20","nominal","2.0NRT",301.77,20.24,"D"
"10356",31.35078,47.0952,345.42,0.41,0.37,"2026-02-15",1004,"N20","nominal","2.0NRT",303.53,17.97,"D"
"10357",31.528,47.83304,349.88,0.43,0.38,"2026-02-15",1004,"N20","nominal","2.0NRT",298.25,13.87,"D"
"10358",31.53149,47.83242,354.12,0.43,0.38,"2026-02-15",1004,"N20","nominal","2.0NRT",300.83,12.51,"D"
"10359",31.53091,47.82787,334.35,0.43,0.38,"2026-02-15",1004,"N20","nominal","2.0NRT",294.63,12.51,"D"
"10360",31.5997,47.83444,333.85,0.43,0.38,"2026-02-15",1004,"N20","nominal","2.0NRT",295.7,4.72,"D"
"10361",31.60379,47.83838,331.58,0.43,0.38,"2026-02-15",1004,"N20","nominal","2.0NRT",293.56,31.85,"D"
"10362",31.60319,47.83382,339.46,0.43,0.38,"2026-02-15",1004,"N20","low","2.0NRT",312.19,31.85,"D"
"10363",31.35524,45.96481,348.35,0.39,0.36,"2026-02-15",1004,"N20","nominal","2.0NRT",305.57,3.97,"D"
"10364",31.35855,45.96416,349.26,0.39,0.36,"2026-02-15",1004,"N20","nominal","2.0NRT",308.66,10.65,"D"
"10365",31.65676,47.85434,342.04,0.44,0.38,"2026-02-15",1004,"N20","nominal","2.0NRT",296.57,6.46,"D"
"10366",31.79588,48.79219,339.6,0.47,0.4,"2026-02-15",1004,"N20","nominal","2.0NRT",300.93,9.29,"D"
"10367",31.79953,48.79157,349.45,0.47,0.4,"2026-02-15",1004,"N20","nominal","2.0NRT",307.13,9.29,"D"
"10368",31.6601,47.5255,341.59,0.42,0.38,"2026-02-15",1004,"N20","nominal","2.0NRT",305.11,9.64,"D"
"10369",31.65952,47.52104,337.18,0.42,0.38,"2026-02-15",1004,"N20","nominal","2.0NRT",302.14,9.64,"D"
"10370",31.73153,47.43557,330.47,0.42,0.38,"2026-02-15",1004,"N20","nominal","2.0NRT",299.89,2.19,"D"
"10371",32.23861,51.43024,345.8,0.43,0.46,"2026-02-15",1004,"N20","nominal","2.0NRT",306.16,11,"D"
"10372",32.24236,51.42505,327.54,0.43,0.46,"2026-02-15",1004,"N20","nominal","2.0NRT",296.72,11,"D"
"10373",32.24188,51.42039,336.58,0.43,0.46,"2026-02-15",1004,"N20","nominal","2.0NRT",299.57,5.26,"D"
"10374",31.88588,48.29361,343.7,0.45,0.39,"2026-02-15",1004,"N20","nominal","2.0NRT",302.13,26.55,"D"
"10375",31.88527,48.28882,330.82,0.45,0.39,"2026-02-15",1004,"N20","nominal","2.0NRT",295.8,9.96,"D"
"10376",31.82568,47.0424,334.38,0.41,0.37,"2026-02-15",1004,"N20","nominal","2.0NRT",301.58,8.2,"D"
"10377",32.40462,51.33673,327.55,0.43,0.46,"2026-02-15",1004,"N20","nominal","2.0NRT",295.49,1.7,"D"
"10378",32.15945,49.06554,338.81,0.49,0.4,"2026-02-15",1004,"N20","nominal","2.0NRT",301.67,7.17,"D"
"10379",31.76382,46.04686,339.83,0.39,0.36,"2026-02-15",1004,"N20","low","2.0NRT",312.76,22.69,"D"
"10380",31.7695,46.06268,335.12,0.39,0.36,"2026-02-15",1004,"N20","nominal","2.0NRT",303.21,2.9,"D"
"10381",32.12315,48.58122,335.86,0.47,0.4,"2026-02-15",1004,"N20","nominal","2.0NRT",295.87,4.33,"D"
"10382",32.05743,47.44531,344.98,0.43,0.38,"2026-02-15",1004,"N20","nominal","2.0NRT",305.17,8.59,"D"
"10383",32.10693,47.55167,338.75,0.43,0.38,"2026-02-15",1004,"N20","nominal","2.0NRT",304.61,10.31,"D"
"10384",32.11522,47.41318,342.87,0.42,0.38,"2026-02-15",1004,"N20","nominal","2.0NRT",303.26,5.92,"D"
"10385",32.11464,47.4087,341.8,0.42,0.38,"2026-02-15",1004,"N20","nominal","2.0NRT",303.88,5.92,"D"
"10386",32.11868,47.41254,345.03,0.42,0.38,"2026-02-15",1004,"N20","nominal","2.0NRT",305.09,40.02,"D"
"10387",32.12906,47.41065,338.13,0.42,0.38,"2026-02-15",1004,"N20","nominal","2.0NRT",301.86,9.03,"D"
"10388",32.17901,47.52145,343.2,0.43,0.38,"2026-02-15",1004,"N20","nominal","2.0NRT",299.49,14.57,"D"
"10389",32.25525,47.25132,339.49,0.42,0.38,"2026-02-15",1004,"N20","nominal","2.0NRT",304.66,9.08,"D"
"10390",32.35129,47.71152,335.42,0.44,0.38,"2026-02-15",1004,"N20","nominal","2.0NRT",297.55,8.32,"D"
"10391",32.35069,47.70692,336.29,0.44,0.38,"2026-02-15",1004,"N20","nominal","2.0NRT",301.16,7.19,"D"
"10392",32.35479,47.71087,347.71,0.44,0.38,"2026-02-15",1004,"N20","nominal","2.0NRT",302.98,8.32,"D"
"10393",32.2184,45.39073,331,0.39,0.36,"2026-02-15",1006,"N20","low","2.0NRT",301.41,2.02,"D"
"10394",32.49099,47.2108,344.52,0.42,0.38,"2026-02-15",1006,"N20","nominal","2.0NRT",309.91,19.03,"D"
"10395",32.50134,47.20899,338.24,0.42,0.38,"2026-02-15",1006,"N20","nominal","2.0NRT",298.56,5.56,"D"
"10396",32.59663,47.54473,336.46,0.43,0.38,"2026-02-15",1006,"N20","nominal","2.0NRT",300.34,4.03,"D"
"10397",32.73104,48.29286,336.58,0.46,0.39,"2026-02-15",1006,"N20","nominal","2.0NRT",296.74,6.53,"D"
"10398",31.651,38.85863,332.82,0.4,0.44,"2026-02-15",1006,"N20","nominal","2.0NRT",298.82,2.65,"D"
"10399",29.98072,31.21858,331.26,0.59,0.7,"2026-02-15",1006,"N20","nominal","2.0NRT",298.56,2.93,"D"
"10400",32.97792,44.74137,342.76,0.38,0.36,"2026-02-15",1006,"N20","nominal","2.0NRT",302.3,15.02,"D"
"10401",33.20139,44.39991,334,0.38,0.36,"2026-02-15",1006,"N20","nominal","2.0NRT",301.69,2.48,"D"
"10402",33.32291,44.57272,335.66,0.38,0.36,"2026-02-15",1006,"N20","nominal","2.0NRT",299.68,4.55,"D"
"10403",33.22201,43.91821,333.67,0.39,0.36,"2026-02-15",1006,"N20","nominal","2.0NRT",299,4.4,"D"
"10404",33.69649,46.2279,342.44,0.4,0.37,"2026-02-15",1006,"N20","nominal","2.0NRT",295.95,7.86,"D"
"10405",30.46259,30.16884,367,0.66,0.73,"2026-02-15",1006,"N20","high","2.0NRT",299.26,9.53,"D"
"10406",30.46685,30.16789,340.18,0.66,0.73,"2026-02-15",1006,"N20","nominal","2.0NRT",299.75,12.29,"D"
"10407",33.36823,42.7719,333.77,0.4,0.37,"2026-02-15",1006,"N20","nominal","2.0NRT",303.49,3.74,"D"
"10408",33.36753,42.76767,342.34,0.4,0.37,"2026-02-15",1006,"N20","nominal","2.0NRT",308.05,21.99,"D"
"10409",33.76455,44.2769,340.13,0.38,0.36,"2026-02-15",1006,"N20","nominal","2.0NRT",297.91,3.31,"D"
"10410",33.87299,44.72566,343.8,0.39,0.36,"2026-02-15",1006,"N20","nominal","2.0NRT",299.39,3.18,"D"
"10411",33.87628,44.72496,331.12,0.39,0.36,"2026-02-15",1006,"N20","nominal","2.0NRT",298.83,3.18,"D"
"10412",33.87546,44.67397,332.15,0.39,0.36,"2026-02-15",1006,"N20","nominal","2.0NRT",296.26,15.45,"D"
"10413",34.07246,44.04443,332.27,0.38,0.36,"2026-02-15",1006,"N20","nominal","2.0NRT",295.82,4.38,"D"
"10414",34.14588,44.14441,332.46,0.38,0.36,"2026-02-15",1006,"N20","nominal","2.0NRT",299.87,3.62,"D"
"10415",31.47303,30.81343,338.39,0.57,0.69,"2026-02-15",1006,"N20","nominal","2.0NRT",290.41,3.59,"D"
"10416",34.86231,44.02377,345.61,0.38,0.36,"2026-02-15",1006,"N20","nominal","2.0NRT",302.73,7.5,"D"
"10417",34.89359,43.80564,349.37,0.38,0.36,"2026-02-15",1006,"N20","nominal","2.0NRT",312.94,8.26,"D"
"10418",35.12062,44.82512,335.48,0.39,0.36,"2026-02-15",1006,"N20","nominal","2.0NRT",298.03,6.94,"D"
"10419",34.91043,43.43161,341.67,0.39,0.36,"2026-02-15",1006,"N20","nominal","2.0NRT",299.87,3.17,"D"
"10420",35.00169,43.49271,335.93,0.38,0.36,"2026-02-15",1006,"N20","nominal","2.0NRT",298.08,3.8,"D"
"10421",35.02006,43.50145,337.5,0.38,0.36,"2026-02-15",1006,"N20","nominal","2.0NRT",300.2,2.07,"D"
"10422",35.38478,44.21778,336.19,0.38,0.36,"2026-02-15",1006,"N20","nominal","2.0NRT",296.81,3.4,"D"
"10423",35.52592,44.34346,349.5,0.39,0.36,"2026-02-15",1006,"N20","nominal","2.0NRT",301.01,10.36,"D"
"10424",35.52921,44.34273,331.48,0.39,0.36,"2026-02-15",1006,"N20","nominal","2.0NRT",294.92,5.67,"D"
"10425",35.53188,44.33778,338.19,0.39,0.36,"2026-02-15",1006,"N20","nominal","2.0NRT",297.64,10.69,"D"
"10426",35.66021,43.96717,335.97,0.38,0.36,"2026-02-15",1006,"N20","nominal","2.0NRT",300.71,2.79,"D"
"10427",35.72808,44.03455,338.85,0.38,0.36,"2026-02-15",1006,"N20","nominal","2.0NRT",298.23,3.59,"D"
"10428",34.71319,36.63834,330.84,0.45,0.47,"2026-02-15",1006,"N20","nominal","2.0NRT",295.16,2.29,"D"
"10429",36.91503,41.89573,326.71,0.39,0.36,"2026-02-15",1006,"N20","nominal","2.0NRT",295.92,1.57,"D"
"10430",37.32337,41.78229,352.06,0.39,0.36,"2026-02-15",1006,"N20","nominal","2.0NRT",295.42,8.35,"D"
"10431",37.32595,41.77704,350.57,0.39,0.36,"2026-02-15",1006,"N20","nominal","2.0NRT",297.29,9.22,"D"
"10432",37.32925,41.77618,333,0.39,0.36,"2026-02-15",1006,"N20","nominal","2.0NRT",295.23,4.53,"D"
"10433",37.3278,41.7674,330.72,0.39,0.36,"2026-02-15",1006,"N20","nominal","2.0NRT",295.89,1.42,"D"
"10434",37.32853,41.77179,356.28,0.39,0.36,"2026-02-15",1006,"N20","low","2.0NRT",298.38,4.53,"D"
"10435",38.19892,46.0514,328.01,0.43,0.38,"2026-02-15",1006,"N20","nominal","2.0NRT",283.96,1.58,"D"
"10436",37.66441,40.50729,330.65,0.42,0.37,"2026-02-15",1006,"N20","nominal","2.0NRT",294.8,2.65,"D"
"10437",37.76383,40.77139,329.61,0.41,0.37,"2026-02-15",1008,"N20","nominal","2.0NRT",293.13,2.03,"D"
"10438",37.96426,41.71,339.6,0.39,0.36,"2026-02-15",1008,"N20","nominal","2.0NRT",291.21,4.19,"D"
"10439",38.12143,41.15161,335.89,0.4,0.37,"2026-02-15",1008,"N20","nominal","2.0NRT",293.03,2.24,"D"
"10440",39.5452,48.1277,326.51,0.54,0.42,"2026-02-15",1008,"N20","nominal","2.0NRT",293.59,3.11,"D"
"10441",39.53872,48.06487,331.87,0.53,0.42,"2026-02-15",1008,"N20","nominal","2.0NRT",295.55,5.08,"D"
"10442",39.56942,47.62505,338.5,0.51,0.41,"2026-02-15",1008,"N20","nominal","2.0NRT",295.34,5.5,"D"
"10443",39.55484,47.3926,330.16,0.5,0.41,"2026-02-15",1008,"N20","nominal","2.0NRT",293.41,5.26,"D"
"10444",39.55608,47.39675,333.58,0.5,0.41,"2026-02-15",1008,"N20","nominal","2.0NRT",294.42,3.67,"D"
"10445",39.70255,48.19026,337.72,0.54,0.42,"2026-02-15",1008,"N20","nominal","2.0NRT",294.3,5.09,"D"
"10446",39.69197,48.08903,330.11,0.54,0.42,"2026-02-15",1008,"N20","nominal","2.0NRT",293.87,4.3,"D"
"10447",39.72892,48.32927,325.96,0.55,0.43,"2026-02-15",1008,"N20","nominal","2.0NRT",293.04,3.92,"D"
"10448",39.72825,48.32282,329.06,0.55,0.43,"2026-02-15",1008,"N20","nominal","2.0NRT",294.36,4.61,"D"
"10449",39.68056,47.62193,331.57,0.51,0.41,"2026-02-15",1008,"N20","nominal","2.0NRT",295.95,18.39,"D"
"10450",39.67955,47.61913,339.19,0.51,0.41,"2026-02-15",1008,"N20","nominal","2.0NRT",298.37,18.02,"D"
"10451",39.78692,48.35651,330.6,0.55,0.43,"2026-02-15",1008,"N20","nominal","2.0NRT",296.25,3.85,"D"
"10452",39.72123,47.61176,335.68,0.51,0.41,"2026-02-15",1008,"N20","nominal","2.0NRT",294.17,9.59,"D"
"10453",37.23973,33.27674,327.1,0.6,0.53,"2026-02-15",1008,"N20","nominal","2.0NRT",286.78,3.58,"D"
"10454",39.76189,47.52518,342.49,0.51,0.41,"2026-02-15",1008,"N20","nominal","2.0NRT",295.13,9.79,"D"
"10455",38.81975,40.68578,341.08,0.4,0.37,"2026-02-15",1008,"N20","nominal","2.0NRT",291.8,6.44,"D"
"10456",37.5094,34.13951,332.29,0.53,0.5,"2026-02-15",1008,"N20","nominal","2.0NRT",294.69,3.38,"D"
"10457",38.82875,40.69765,338.62,0.4,0.37,"2026-02-15",1008,"N20","nominal","2.0NRT",292.08,2.56,"D"
"10458",38.82797,40.69305,347.22,0.4,0.37,"2026-02-15",1008,"N20","nominal","2.0NRT",289.32,10.32,"D"
"10459",38.82642,40.68386,342.42,0.4,0.37,"2026-02-15",1008,"N20","nominal","2.0NRT",289.45,2.62,"D"
"10460",38.82971,40.69464,335.45,0.4,0.37,"2026-02-15",1008,"N20","nominal","2.0NRT",294.28,5.11,"D"
"10461",37.50915,34.13853,330.81,0.53,0.5,"2026-02-15",1008,"N20","nominal","2.0NRT",294.5,3.7,"D"
"10462",38.91305,40.93827,352.62,0.4,0.37,"2026-02-15",1008,"N20","nominal","2.0NRT",295.54,18.05,"D"
"10463",39.84328,47.67507,332.12,0.52,0.41,"2026-02-15",1008,"N20","nominal","2.0NRT",295.35,6.64,"D"
"10464",39.87441,47.8946,332.46,0.53,0.42,"2026-02-15",1008,"N20","nominal","2.0NRT",295.34,3.38,"D"
"10465",39.88068,47.84306,325.42,0.53,0.42,"2026-02-15",1008,"N20","nominal","2.0NRT",293.91,2.71,"D"
"10466",39.88003,47.83689,329.72,0.53,0.42,"2026-02-15",1008,"N20","nominal","2.0NRT",294.66,2.71,"D"
"10467",39.91703,47.96336,328.01,0.53,0.42,"2026-02-15",1008,"N20","nominal","2.0NRT",294.7,1.99,"D"
"10468",39.88971,47.56839,328.54,0.51,0.41,"2026-02-15",1008,"N20","nominal","2.0NRT",295.87,1.98,"D"
"10469",40.01483,48.65992,337.43,0.38,0.44,"2026-02-15",1008,"N20","nominal","2.0NRT",291.11,3.61,"D"
"10470",39.93911,47.78718,331.7,0.52,0.42,"2026-02-15",1008,"N20","nominal","2.0NRT",295.62,3.26,"D"
"10471",40.05289,47.92451,329.1,0.53,0.42,"2026-02-15",1008,"N20","nominal","2.0NRT",289.93,3.31,"D"
"10472",40.1636,47.73226,325.34,0.52,0.42,"2026-02-15",1008,"N20","nominal","2.0NRT",294.05,2.19,"D"
"10473",40.16922,47.67477,325.55,0.52,0.42,"2026-02-15",1008,"N20","nominal","2.0NRT",294.33,2.49,"D"
"10474",40.30451,48.44036,342.53,0.57,0.43,"2026-02-15",1008,"N20","nominal","2.0NRT",296.03,13.85,"D"
"10475",40.30651,48.43837,327.62,0.57,0.43,"2026-02-15",1008,"N20","nominal","2.0NRT",296.15,15.93,"D"
"10476",40.27161,47.8507,335.15,0.53,0.42,"2026-02-15",1008,"N20","nominal","2.0NRT",297.62,15.53,"D"
"10477",40.28197,47.91306,326.27,0.54,0.42,"2026-02-15",1008,"N20","nominal","2.0NRT",295.46,2.81,"D"
"10478",40.28905,47.90539,331.93,0.54,0.42,"2026-02-15",1008,"N20","nominal","2.0NRT",294.9,9.2,"D"
"10479",40.2799,47.55928,330.67,0.52,0.41,"2026-02-15",1008,"N20","nominal","2.0NRT",295.26,2.48,"D"
"10480",40.29108,47.37858,331.26,0.51,0.41,"2026-02-15",1008,"N20","nominal","2.0NRT",295.95,3.3,"D"
"10481",40.3387,47.54068,330.08,0.52,0.41,"2026-02-15",1008,"N20","nominal","2.0NRT",293.62,2.51,"D"
"10482",40.33806,47.53458,326.11,0.52,0.41,"2026-02-15",1008,"N20","nominal","2.0NRT",294.72,3.45,"D"
"10483",40.34122,47.5278,330.4,0.52,0.41,"2026-02-15",1008,"N20","nominal","2.0NRT",294.38,3.45,"D"
"10484",40.38424,47.71455,332.1,0.53,0.42,"2026-02-15",1008,"N20","nominal","2.0NRT",293.32,2.92,"D"
"10485",40.35519,47.33441,331.78,0.51,0.41,"2026-02-15",1008,"N20","nominal","2.0NRT",296.05,5.39,"D"
"10486",40.4371,47.99479,332.91,0.54,0.42,"2026-02-15",1008,"N20","nominal","2.0NRT",294.24,4.27,"D"
"10487",40.45188,47.79813,327.71,0.53,0.42,"2026-02-15",1008,"N20","nominal","2.0NRT",295.01,12.75,"D"
"10488",40.48552,48.07826,338.11,0.55,0.43,"2026-02-15",1008,"N20","nominal","2.0NRT",294.52,5.71,"D"
"10489",40.44994,47.80399,329,0.53,0.42,"2026-02-15",1008,"N20","nominal","2.0NRT",290.66,5.49,"D"
"10490",40.48534,48.07759,332.7,0.55,0.43,"2026-02-15",1008,"N20","nominal","2.0NRT",293.85,3.84,"D"
"10491",40.4828,47.8949,337.48,0.54,0.42,"2026-02-15",1008,"N20","nominal","2.0NRT",291.98,4.78,"D"
"10492",40.46588,47.39878,336.94,0.51,0.41,"2026-02-15",1008,"N20","nominal","2.0NRT",294.39,7.33,"D"
"10493",40.50288,47.24511,326.12,0.5,0.41,"2026-02-15",1008,"N20","nominal","2.0NRT",294.17,2.34,"D"
"10494",40.50221,47.23914,340.61,0.5,0.41,"2026-02-15",1008,"N20","nominal","2.0NRT",296.16,4.73,"D"
"10495",40.53379,47.45444,329.25,0.52,0.41,"2026-02-15",1008,"N20","nominal","2.0NRT",292.78,2.17,"D"
"10496",40.50272,47.24321,329.76,0.5,0.41,"2026-02-15",1008,"N20","nominal","2.0NRT",294.52,3.46,"D"
"10497",40.50208,47.23722,330.61,0.5,0.41,"2026-02-15",1008,"N20","nominal","2.0NRT",296.38,3.46,"D"
"10498",40.53639,47.45215,343.86,0.52,0.41,"2026-02-15",1008,"N20","nominal","2.0NRT",295.08,11.62,"D"
"10499",40.58849,47.505,326.98,0.52,0.41,"2026-02-15",1008,"N20","nominal","2.0NRT",293,1.76,"D"
"10500",40.58247,47.41272,339.12,0.51,0.41,"2026-02-15",1008,"N20","nominal","2.0NRT",294.66,4.81,"D"
"10501",37.74507,31.6605,342.65,0.35,0.57,"2026-02-15",1008,"N20","nominal","2.0NRT",287.36,2.21,"D"
"10502",40.67079,47.41407,330.71,0.52,0.41,"2026-02-15",1008,"N20","nominal","2.0NRT",295.27,4.72,"D"
"10503",40.68402,46.94254,331.57,0.49,0.4,"2026-02-15",1008,"N20","nominal","2.0NRT",294.64,3,"D"
"10504",40.68496,46.93929,325.31,0.49,0.4,"2026-02-15",1008,"N20","nominal","2.0NRT",294.73,1.72,"D"
"10505",40.73314,47.24515,327.04,0.51,0.41,"2026-02-15",1008,"N20","nominal","2.0NRT",294.15,2.44,"D"
"10506",40.87587,45.47491,325.35,0.44,0.38,"2026-02-15",1008,"N20","nominal","2.0NRT",290.95,2.88,"D"
"10507",40.99856,45.90149,334.35,0.45,0.39,"2026-02-15",1008,"N20","nominal","2.0NRT",294.17,3.66,"D"
"10508",41.36768,48.96217,330.14,0.41,0.45,"2026-02-15",1008,"N20","nominal","2.0NRT",287.58,1.88,"D"
"10509",41.23554,47.06346,330.52,0.5,0.41,"2026-02-15",1008,"N20","nominal","2.0NRT",291.85,2.53,"D"
"10510",41.23549,47.0612,330.73,0.51,0.41,"2026-02-15",1008,"N20","nominal","2.0NRT",292.56,3.51,"D"
"10511",41.42855,45.87115,331.14,0.46,0.39,"2026-02-15",1008,"N20","nominal","2.0NRT",294.46,7.01,"D"
"10512",41.42609,45.86927,335.12,0.46,0.39,"2026-02-15",1008,"N20","nominal","2.0NRT",294.36,6.4,"D"
"10513",41.42966,45.86851,329.01,0.46,0.39,"2026-02-15",1008,"N20","nominal","2.0NRT",294.27,2.1,"D"
"10514",41.6077,46.02876,332.25,0.46,0.39,"2026-02-15",1008,"N20","nominal","2.0NRT",296.65,43.32,"D"
"10515",41.61197,46.03365,331.07,0.46,0.39,"2026-02-15",1008,"N20","nominal","2.0NRT",294.58,43.32,"D"
"10516",41.4403,44.55157,330.87,0.42,0.37,"2026-02-15",1008,"N20","nominal","2.0NRT",294.29,3.22,"D"
"10517",41.65859,45.95246,328.01,0.46,0.39,"2026-02-15",1008,"N20","nominal","2.0NRT",296.02,2.09,"D"
"10518",41.66219,45.95173,335.94,0.46,0.39,"2026-02-15",1008,"N20","nominal","2.0NRT",295.21,6.34,"D"
"10519",41.66155,45.94614,327.36,0.46,0.39,"2026-02-15",1008,"N20","nominal","2.0NRT",296.68,5.76,"D"
"10520",41.66811,45.9391,331.17,0.46,0.39,"2026-02-15",1008,"N20","nominal","2.0NRT",295.53,2.71,"D"
"10521",41.67828,45.93134,327.84,0.46,0.39,"2026-02-15",1008,"N20","nominal","2.0NRT",296.2,1.57,"D"
"10522",41.68317,45.94173,338.39,0.46,0.39,"2026-02-15",1008,"N20","nominal","2.0NRT",295.99,3.56,"D"
"10523",41.68122,45.92502,330.44,0.46,0.39,"2026-02-15",1008,"N20","nominal","2.0NRT",296.07,3.15,"D"
"10524",41.78679,45.87318,334.2,0.46,0.39,"2026-02-15",1008,"N20","nominal","2.0NRT",295.8,3.95,"D"
"10525",41.97224,47.16715,325.77,0.52,0.42,"2026-02-15",1008,"N20","nominal","2.0NRT",290.87,8.53,"D"
"10526",41.97148,47.16012,352.86,0.52,0.42,"2026-02-15",1008,"N20","nominal","2.0NRT",298.09,26.43,"D"
"10527",41.85275,45.80844,330.38,0.46,0.39,"2026-02-15",1008,"N20","nominal","2.0NRT",290.87,2.1,"D"
"10528",42.3113,47.96727,325.3,0.57,0.43,"2026-02-15",1008,"N20","nominal","2.0NRT",289.89,2.96,"D"
"10529",41.91711,44.32444,330.98,0.42,0.37,"2026-02-15",1008,"N20","nominal","2.0NRT",293.18,3.65,"D"
"10530",42.01838,44.32375,336.77,0.42,0.37,"2026-02-15",1008,"N20","nominal","2.0NRT",289.35,3.14,"D"
"10531",42.01995,44.09366,340.33,0.41,0.37,"2026-02-15",1008,"N20","nominal","2.0NRT",290.78,8.8,"D"
"10532",42.06758,44.18927,326.06,0.41,0.37,"2026-02-15",1008,"N20","nominal","2.0NRT",290.27,3.02,"D"
"10533",42.12426,43.01439,325.39,0.39,0.36,"2026-02-15",1008,"N20","nominal","2.0NRT",289.53,2,"D"
"10534",24.38238,32.93314,337.39,0.46,0.64,"2026-02-15",1144,"N20","nominal","2.0NRT",306.61,3.57,"D"
"10535",24.46471,33.14868,342.79,0.48,0.65,"2026-02-15",1144,"N20","nominal","2.0NRT",307.21,6.82,"D"
"10536",29.01821,31.20746,338.97,0.4,0.6,"2026-02-15",1146,"N20","low","2.0NRT",310.38,3.99,"D"
"10537",29.017,31.20476,347.72,0.4,0.6,"2026-02-15",1146,"N20","nominal","2.0NRT",315.09,6.73,"D"
"10538",29.68814,32.32512,336.36,0.48,0.65,"2026-02-15",1146,"N20","low","2.0NRT",307.12,4.16,"D"
"10539",29.69934,31.35148,341.48,0.42,0.61,"2026-02-15",1146,"N20","nominal","2.0NRT",308.2,2.11,"D"
"10540",29.80219,32.09462,337.92,0.47,0.64,"2026-02-15",1146,"N20","low","2.0NRT",311.81,4.24,"D"
"10541",29.8058,32.0907,339.61,0.47,0.64,"2026-02-15",1146,"N20","nominal","2.0NRT",308.51,4.5,"D"
"10542",29.65247,28.35978,345.16,0.55,0.51,"2026-02-15",1146,"N20","nominal","2.0NRT",306.81,4.34,"D"
"10543",30.27855,28.93349,343.04,0.61,0.53,"2026-02-15",1146,"N20","nominal","2.0NRT",308.63,3.75,"D"
"10544",30.61531,30.64321,333.11,0.39,0.59,"2026-02-15",1146,"N20","nominal","2.0NRT",301.51,1.44,"D"
"10545",31.00633,30.75608,337.32,0.4,0.6,"2026-02-15",1146,"N20","nominal","2.0NRT",296.75,2.14,"D"
"10546",30.67044,26.37009,339.7,0.43,0.46,"2026-02-15",1146,"N20","nominal","2.0NRT",300.67,2.96,"D"
"10547",30.8622,27.60421,341.28,0.51,0.5,"2026-02-15",1146,"N20","nominal","2.0NRT",299.51,3.57,"D"
"10548",31.11952,29.81684,336.12,0.35,0.57,"2026-02-15",1146,"N20","nominal","2.0NRT",304.64,4.63,"D"
"10549",31.11937,29.8142,343.2,0.35,0.57,"2026-02-15",1146,"N20","nominal","2.0NRT",307.65,4.74,"D"
"10550",31.40147,30.68508,335,0.4,0.6,"2026-02-15",1146,"N20","nominal","2.0NRT",296.05,3.93,"D"
"10551",31.40097,30.68514,335.6,0.4,0.6,"2026-02-15",1146,"N20","nominal","2.0NRT",296.44,2.82,"D"
"10552",9.03948,36.07967,340.7,0.49,0.65,"2026-02-15",1140,"N20","nominal","2.0NRT",305.92,6.89,"D"
"10553",9.07223,36.14391,331.9,0.5,0.65,"2026-02-15",1140,"N20","low","2.0NRT",306.65,2.9,"D"
"10554",9.0742,36.14388,331.03,0.5,0.66,"2026-02-15",1140,"N20","low","2.0NRT",305.67,4.41,"D"
"10555",9.08111,36.00262,341.89,0.49,0.65,"2026-02-15",1140,"N20","nominal","2.0NRT",308.05,12.41,"D"
"10556",9.14952,36.15803,367,0.5,0.66,"2026-02-15",1140,"N20","high","2.0NRT",307.9,14.3,"D"
"10557",9.14904,36.15424,351.6,0.5,0.66,"2026-02-15",1140,"N20","nominal","2.0NRT",306.63,10,"D"
"10558",9.18717,36.16441,367,0.5,0.66,"2026-02-15",1140,"N20","high","2.0NRT",307.77,13.8,"D"
"10559",9.1877,36.16851,332.42,0.5,0.66,"2026-02-15",1140,"N20","nominal","2.0NRT",306.28,11.85,"D"
"10560",9.18924,36.16575,367,0.5,0.66,"2026-02-15",1140,"N20","high","2.0NRT",307.22,14.03,"D"
"10561",9.22754,36.17735,343.89,0.5,0.66,"2026-02-15",1140,"N20","nominal","2.0NRT",305.05,12.5,"D"
"10562",9.22694,36.17251,349.3,0.5,0.66,"2026-02-15",1140,"N20","nominal","2.0NRT",312.06,38.94,"D"
"10563",9.23363,36.17685,330.93,0.5,0.66,"2026-02-15",1140,"N20","low","2.0NRT",303.11,12.5,"D"
"10564",9.27342,36.10358,334.67,0.5,0.65,"2026-02-15",1140,"N20","nominal","2.0NRT",304.71,4.56,"D"
"10565",9.25179,35.93606,331.19,0.48,0.65,"2026-02-15",1140,"N20","low","2.0NRT",303.2,3.61,"D"
"10566",9.0243,34.12589,367,0.36,0.57,"2026-02-15",1140,"N20","high","2.0NRT",294.74,10.14,"D"
"10567",9.0239,34.12292,350.92,0.36,0.57,"2026-02-15",1140,"N20","nominal","2.0NRT",296.88,10.14,"D"
"10568",9.02354,34.12021,354.83,0.36,0.57,"2026-02-15",1140,"N20","nominal","2.0NRT",298.57,9.76,"D"
"10569",9.11188,34.69638,341.93,0.39,0.6,"2026-02-15",1140,"N20","nominal","2.0NRT",296.36,6.48,"D"
"10570",9.0238,34.12566,367,0.36,0.57,"2026-02-15",1140,"N20","high","2.0NRT",294.15,11.59,"D"
"10571",9.02309,34.12004,367,0.36,0.57,"2026-02-15",1140,"N20","high","2.0NRT",298.61,10.55,"D"
"10572",9.02342,34.1227,355.16,0.36,0.57,"2026-02-15",1140,"N20","nominal","2.0NRT",297.62,10.55,"D"
"10573",9.27515,36.10181,336.6,0.5,0.65,"2026-02-15",1140,"N20","nominal","2.0NRT",304.63,3.86,"D"
"10574",9.25468,35.93385,340.35,0.48,0.65,"2026-02-15",1140,"N20","nominal","2.0NRT",303.57,3.43,"D"
"10575",9.28952,35.97057,367,0.49,0.65,"2026-02-15",1140,"N20","high","2.0NRT",301.82,6.17,"D"
"10576",9.28801,35.95842,367,0.49,0.65,"2026-02-15",1140,"N20","high","2.0NRT",303.17,14.27,"D"
"10577",9.29014,35.97561,338.79,0.49,0.65,"2026-02-15",1140,"N20","nominal","2.0NRT",300.3,6.17,"D"
"10578",9.04819,34.06531,341.49,0.36,0.57,"2026-02-15",1140,"N20","nominal","2.0NRT",299.44,4.94,"D"
"10579",9.04778,34.06215,347.97,0.36,0.57,"2026-02-15",1140,"N20","nominal","2.0NRT",298.74,4.94,"D"
"10580",9.29502,35.966,347.94,0.49,0.65,"2026-02-15",1140,"N20","nominal","2.0NRT",301.65,10.34,"D"
"10581",9.29401,35.95786,354.4,0.49,0.65,"2026-02-15",1140,"N20","nominal","2.0NRT",303.14,14.65,"D"
"10582",9.0543,34.07119,356.08,0.36,0.57,"2026-02-15",1140,"N20","nominal","2.0NRT",299.22,8.41,"D"
"10583",9.3,35.95726,367,0.49,0.65,"2026-02-15",1140,"N20","high","2.0NRT",305.64,14.65,"D"
"10584",9.3005,35.96131,334.97,0.49,0.65,"2026-02-15",1140,"N20","nominal","2.0NRT",303.36,10.34,"D"
"10585",9.3288,36.13915,367,0.5,0.66,"2026-02-15",1140,"N20","high","2.0NRT",305.08,9.45,"D"
"10586",9.30703,35.96492,334.84,0.49,0.65,"2026-02-15",1140,"N20","nominal","2.0NRT",304.31,4.65,"D"
"10587",9.30651,35.96077,344.38,0.49,0.65,"2026-02-15",1140,"N20","nominal","2.0NRT",303.06,4.65,"D"
"10588",9.41138,36.70271,336.7,0.55,0.68,"2026-02-15",1140,"N20","low","2.0NRT",307.12,7.54,"D"
"10589",9.08619,34.11037,367,0.36,0.57,"2026-02-15",1140,"N20","high","2.0NRT",301.63,20.54,"D"
"10590",9.08668,34.11407,336.47,0.36,0.57,"2026-02-15",1140,"N20","nominal","2.0NRT",297.21,13.42,"D"
"10591",9.08568,34.10648,340.86,0.36,0.57,"2026-02-15",1140,"N20","nominal","2.0NRT",298.05,20.54,"D"
"10592",9.35617,36.1613,367,0.5,0.66,"2026-02-15",1140,"N20","high","2.0NRT",299.85,63.81,"D"
"10593",9.32986,35.95341,367,0.49,0.65,"2026-02-15",1140,"N20","high","2.0NRT",303.15,25.26,"D"
"10594",9.35561,36.15687,354.23,0.5,0.66,"2026-02-15",1140,"N20","nominal","2.0NRT",305.96,41.8,"D"
"10595",9.35507,36.15262,343.54,0.5,0.66,"2026-02-15",1140,"N20","nominal","2.0NRT",303.3,41.8,"D"
"10596",9.32926,35.94865,353.26,0.49,0.65,"2026-02-15",1140,"N20","nominal","2.0NRT",303.86,20.26,"D"
"10597",9.36223,36.16058,367,0.5,0.66,"2026-02-15",1140,"N20","high","2.0NRT",303.02,63.81,"D"
"10598",9.36168,36.15621,367,0.5,0.66,"2026-02-15",1140,"N20","high","2.0NRT",325.26,41.8,"D"
"10599",9.36114,36.15197,348.78,0.5,0.66,"2026-02-15",1140,"N20","nominal","2.0NRT",306.88,41.8,"D"
"10600",9.3683,36.15993,367,0.5,0.66,"2026-02-15",1140,"N20","high","2.0NRT",299.86,26.63,"D"
"10601",9.3672,36.15127,367,0.5,0.66,"2026-02-15",1140,"N20","high","2.0NRT",306.13,14.59,"D"
"10602",9.36774,36.15555,349.55,0.5,0.66,"2026-02-15",1140,"N20","nominal","2.0NRT",307.39,14.59,"D"
"10603",9.36667,36.14706,331.34,0.5,0.66,"2026-02-15",1140,"N20","nominal","2.0NRT",303.97,6.9,"D"
"10604",9.47422,36.94957,332.51,0.57,0.69,"2026-02-15",1140,"N20","nominal","2.0NRT",300.62,6.21,"D"
"10605",9.4736,36.94457,340.64,0.57,0.69,"2026-02-15",1140,"N20","nominal","2.0NRT",300.07,6.21,"D"
"10606",9.37326,36.15056,335.99,0.5,0.66,"2026-02-15",1140,"N20","nominal","2.0NRT",303.15,14.59,"D"
"10607",9.19782,34.79366,334.69,0.4,0.6,"2026-02-15",1140,"N20","nominal","2.0NRT",301.92,6.44,"D"
"10608",9.4279,36.53137,367,0.53,0.67,"2026-02-15",1140,"N20","high","2.0NRT",302.98,9.73,"D"
"10609",9.40078,36.31797,330.67,0.51,0.66,"2026-02-15",1140,"N20","low","2.0NRT",303.57,10.96,"D"
"10610",9.20336,34.793,347,0.4,0.6,"2026-02-15",1140,"N20","nominal","2.0NRT",301.29,6.9,"D"
"10611",9.20239,34.78565,340.55,0.4,0.6,"2026-02-15",1140,"N20","nominal","2.0NRT",301.38,7.96,"D"
"10612",9.03404,33.52076,339.53,0.33,0.55,"2026-02-15",1140,"N20","nominal","2.0NRT",300.83,2.56,"D"
"10613",9.39399,36.21637,367,0.51,0.66,"2026-02-15",1140,"N20","high","2.0NRT",300.27,106.34,"D"
"10614",9.36029,35.9539,353.85,0.49,0.65,"2026-02-15",1140,"N20","nominal","2.0NRT",303.3,6.2,"D"
"10615",9.20889,34.79231,346.5,0.4,0.6,"2026-02-15",1140,"N20","nominal","2.0NRT",300.41,6.9,"D"
"10616",9.20841,34.78864,349.37,0.4,0.6,"2026-02-15",1140,"N20","nominal","2.0NRT",302.23,6.9,"D"
"10617",9.39052,36.09369,367,0.5,0.66,"2026-02-15",1140,"N20","high","2.0NRT",303.6,39.11,"D"
"10618",9.38994,36.08918,351.09,0.5,0.66,"2026-02-15",1140,"N20","nominal","2.0NRT",316.34,50.72,"D"
"10619",9.38936,36.08472,344.85,0.5,0.65,"2026-02-15",1140,"N20","nominal","2.0NRT",307.29,50.72,"D"
"10620",9.43436,36.38552,367,0.52,0.67,"2026-02-15",1140,"N20","high","2.0NRT",303.31,39.44,"D"
"10621",9.39657,36.09307,343.25,0.5,0.66,"2026-02-15",1140,"N20","nominal","2.0NRT",308.43,8.93,"D"
"10622",9.396,36.08862,332.71,0.5,0.66,"2026-02-15",1140,"N20","nominal","2.0NRT",306.42,10.12,"D"
"10623",9.44003,36.38104,367,0.52,0.67,"2026-02-15",1140,"N20","high","2.0NRT",303.55,39.44,"D"
"10624",9.20884,34.7924,345.83,0.4,0.6,"2026-02-15",1140,"N20","nominal","2.0NRT",300.41,6.52,"D"
"10625",9.20839,34.78873,349.15,0.4,0.6,"2026-02-15",1140,"N20","nominal","2.0NRT",302.52,6.52,"D"
"10626",9.20793,34.78506,333.51,0.4,0.6,"2026-02-15",1140,"N20","nominal","2.0NRT",299.45,5.09,"D"
"10627",9.40156,36.32035,367,0.52,0.66,"2026-02-15",1140,"N20","high","2.0NRT",303.09,8.7,"D"
"10628",9.47642,36.94772,349.62,0.57,0.69,"2026-02-15",1140,"N20","nominal","2.0NRT",300.21,15.15,"D"
"10629",9.4272,36.53417,333.2,0.53,0.67,"2026-02-15",1140,"N20","low","2.0NRT",303.64,3.79,"D"
"10630",9.3949,36.21379,367,0.51,0.66,"2026-02-15",1140,"N20","high","2.0NRT",308.73,34.72,"D"
"10631",9.43342,36.5335,332.68,0.53,0.67,"2026-02-15",1140,"N20","low","2.0NRT",304.92,5.63,"D"
"10632",9.43283,36.52861,346.3,0.53,0.67,"2026-02-15",1140,"N20","nominal","2.0NRT",306.11,5.63,"D"
"10633",9.39545,36.21836,339.24,0.51,0.66,"2026-02-15",1140,"N20","nominal","2.0NRT",298.67,34.72,"D"
"10634",9.39436,36.20935,338.65,0.51,0.66,"2026-02-15",1140,"N20","nominal","2.0NRT",307.62,51.21,"D"
"10635",9.3636,35.95584,333.37,0.49,0.65,"2026-02-15",1140,"N20","nominal","2.0NRT",304.08,3.98,"D"
"10636",9.36292,35.95016,333.11,0.49,0.65,"2026-02-15",1140,"N20","nominal","2.0NRT",303.42,4.89,"D"
"10637",9.38621,36.09148,367,0.5,0.66,"2026-02-15",1140,"N20","high","2.0NRT",303.15,22.39,"D"
"10638",9.38566,36.087,347.48,0.5,0.66,"2026-02-15",1140,"N20","nominal","2.0NRT",312.52,22.39,"D"
"10639",9.39281,36.09535,334.42,0.5,0.66,"2026-02-15",1140,"N20","nominal","2.0NRT",306.97,19.23,"D"
"10640",9.39226,36.09084,352.8,0.5,0.66,"2026-02-15",1140,"N20","nominal","2.0NRT",310.29,27.51,"D"
"10641",9.39171,36.08633,353.11,0.5,0.66,"2026-02-15",1140,"N20","nominal","2.0NRT",309.07,27.51,"D"
"10642",9.4341,36.38345,367,0.52,0.67,"2026-02-15",1140,"N20","high","2.0NRT",309.03,52.98,"D"
"10643",9.43357,36.37902,344.26,0.52,0.67,"2026-02-15",1140,"N20","nominal","2.0NRT",306.98,31.24,"D"
"10644",9.44032,36.3832,367,0.52,0.67,"2026-02-15",1140,"N20","high","2.0NRT",301.9,13.21,"D"
"10645",9.43978,36.37881,334.85,0.52,0.67,"2026-02-15",1140,"N20","nominal","2.0NRT",302.05,7.63,"D"
"10646",9.37186,35.77736,333.65,0.47,0.64,"2026-02-15",1140,"N20","low","2.0NRT",305.51,3.61,"D"
"10647",9.39554,35.82261,333.89,0.48,0.64,"2026-02-15",1140,"N20","nominal","2.0NRT",301.64,4.76,"D"
"10648",9.39502,35.81841,341.79,0.48,0.64,"2026-02-15",1140,"N20","nominal","2.0NRT",303.29,5.19,"D"
"10649",9.5999,37.43069,334.05,0.62,0.71,"2026-02-15",1140,"N20","nominal","2.0NRT",297.76,28.03,"D"
"10650",9.59916,37.42458,350.12,0.62,0.71,"2026-02-15",1140,"N20","nominal","2.0NRT",307.68,50.38,"D"
"10651",9.2864,34.91484,347.53,0.41,0.61,"2026-02-15",1140,"N20","nominal","2.0NRT",312.63,10.6,"D"
"10652",9.29247,34.91793,351.47,0.41,0.61,"2026-02-15",1140,"N20","nominal","2.0NRT",308.8,10.65,"D"
"10653",9.29806,34.91724,367,0.41,0.61,"2026-02-15",1140,"N20","high","2.0NRT",304.68,10.65,"D"
"10654",9.47519,36.26285,335.81,0.51,0.66,"2026-02-15",1140,"N20","nominal","2.0NRT",303.04,2.13,"D"
"10655",9.1342,33.50645,337.44,0.33,0.55,"2026-02-15",1140,"N20","nominal","2.0NRT",300.29,2.17,"D"
"10656",9.50149,36.27457,367,0.51,0.66,"2026-02-15",1140,"N20","high","2.0NRT",305.41,7.94,"D"
"10657",9.50089,36.26987,331.97,0.51,0.66,"2026-02-15",1140,"N20","nominal","2.0NRT",305.37,7.94,"D"
"10658",9.13927,33.50582,341.64,0.33,0.55,"2026-02-15",1140,"N20","nominal","2.0NRT",301.55,4.99,"D"
"10659",9.50575,36.25927,347.34,0.51,0.66,"2026-02-15",1140,"N20","nominal","2.0NRT",305.69,10.46,"D"
"10660",9.50514,36.25452,337.85,0.51,0.66,"2026-02-15",1140,"N20","nominal","2.0NRT",305.09,7.51,"D"
"10661",9.44995,35.77718,331.3,0.47,0.64,"2026-02-15",1140,"N20","low","2.0NRT",305.23,3.78,"D"
"10662",9.502,36.27527,341.55,0.51,0.66,"2026-02-15",1140,"N20","nominal","2.0NRT",304.97,9.23,"D"
"10663",9.50144,36.2706,354.83,0.51,0.66,"2026-02-15",1140,"N20","nominal","2.0NRT",305.3,9.23,"D"
"10664",9.50636,36.25996,333.59,0.51,0.66,"2026-02-15",1140,"N20","low","2.0NRT",304.96,3.5,"D"
"10665",9.50579,36.2552,346.64,0.51,0.66,"2026-02-15",1140,"N20","nominal","2.0NRT",304.92,5.21,"D"
"10666",9.5132,35.72307,330.84,0.47,0.64,"2026-02-15",1140,"N20","low","2.0NRT",303.78,4.27,"D"
"10667",9.22826,33.52549,331.56,0.33,0.55,"2026-02-15",1140,"N20","nominal","2.0NRT",300.29,1.43,"D"
"10668",9.61617,36.39265,334.29,0.52,0.67,"2026-02-15",1140,"N20","low","2.0NRT",305.63,2.5,"D"
"10669",9.62217,36.29222,367,0.52,0.67,"2026-02-15",1140,"N20","high","2.0NRT",304.18,15.54,"D"
"10670",9.6215,36.287,352.91,0.52,0.67,"2026-02-15",1140,"N20","nominal","2.0NRT",305.62,24.13,"D"
"10671",9.62829,36.29141,367,0.52,0.67,"2026-02-15",1140,"N20","high","2.0NRT",306.13,15.54,"D"
"10672",9.5623,35.77803,349.19,0.48,0.64,"2026-02-15",1140,"N20","nominal","2.0NRT",304.68,7.84,"D"
"10673",9.59968,36.02043,367,0.49,0.65,"2026-02-15",1140,"N20","high","2.0NRT",307.17,7.31,"D"
"10674",9.57729,35.84726,367,0.48,0.65,"2026-02-15",1140,"N20","high","2.0NRT",303.9,24.7,"D"
"10675",9.60147,36.03428,339.2,0.49,0.65,"2026-02-15",1140,"N20","nominal","2.0NRT",303.23,6.27,"D"
"10676",9.5767,35.84272,349.06,0.48,0.65,"2026-02-15",1140,"N20","nominal","2.0NRT",309.08,27.88,"D"
"10677",9.46256,34.96912,333.13,0.42,0.61,"2026-02-15",1140,"N20","nominal","2.0NRT",301.24,3.26,"D"
"10678",9.60628,36.02419,333.4,0.49,0.65,"2026-02-15",1140,"N20","nominal","2.0NRT",303.66,7.31,"D"
"10679",9.60567,36.01944,342.35,0.49,0.65,"2026-02-15",1140,"N20","nominal","2.0NRT",306.03,7.31,"D"
"10680",9.65246,36.59447,339.11,0.54,0.68,"2026-02-15",1140,"N20","nominal","2.0NRT",304.15,3.76,"D"
"10681",9.62226,36.28949,367,0.52,0.67,"2026-02-15",1140,"N20","high","2.0NRT",305.35,26.9,"D"
"10682",9.56058,35.77999,335.83,0.48,0.64,"2026-02-15",1140,"N20","nominal","2.0NRT",301.6,3.45,"D"
"10683",9.57451,35.8448,367,0.48,0.65,"2026-02-15",1140,"N20","high","2.0NRT",308.1,17.46,"D"
"10684",9.62897,36.2936,346.85,0.52,0.67,"2026-02-15",1140,"N20","nominal","2.0NRT",303.49,11.26,"D"
"10685",9.62839,36.28876,339.45,0.52,0.67,"2026-02-15",1140,"N20","nominal","2.0NRT",304.25,9.11,"D"
"10686",9.59619,36.02285,355.98,0.49,0.65,"2026-02-15",1140,"N20","nominal","2.0NRT",304.81,13.39,"D"
"10687",9.59562,36.01823,339.76,0.49,0.65,"2026-02-15",1140,"N20","nominal","2.0NRT",304.79,9.42,"D"
"10688",9.56646,35.77882,335.07,0.48,0.64,"2026-02-15",1140,"N20","nominal","2.0NRT",302.72,3.64,"D"
"10689",9.60389,36.03585,331.85,0.5,0.65,"2026-02-15",1140,"N20","low","2.0NRT",302.07,4.35,"D"
"10690",9.58042,35.8437,339.97,0.48,0.65,"2026-02-15",1140,"N20","nominal","2.0NRT",304.28,17.46,"D"
"10691",9.60819,36.02097,348.67,0.49,0.65,"2026-02-15",1140,"N20","nominal","2.0NRT",306.27,6.65,"D"
"10692",9.64387,36.26267,347.89,0.51,0.66,"2026-02-15",1140,"N20","nominal","2.0NRT",304.01,8.79,"D"
"10693",9.61602,36.03498,337.85,0.5,0.65,"2026-02-15",1140,"N20","nominal","2.0NRT",303.92,4.24,"D"
"10694",9.65601,36.26038,367,0.51,0.66,"2026-02-15",1140,"N20","high","2.0NRT",308.55,35.77,"D"
"10695",9.65553,36.25642,367,0.51,0.66,"2026-02-15",1140,"N20","high","2.0NRT",303.96,23.22,"D"
"10696",9.66262,36.26357,332.71,0.52,0.66,"2026-02-15",1140,"N20","nominal","2.0NRT",302.78,57.24,"D"
"10697",9.66879,36.26324,367,0.52,0.66,"2026-02-15",1140,"N20","high","2.0NRT",298.07,57.24,"D"
"10698",9.72702,36.63322,367,0.55,0.68,"2026-02-15",1140,"N20","high","2.0NRT",304.04,10.07,"D"
"10699",9.72177,36.59058,367,0.54,0.68,"2026-02-15",1140,"N20","high","2.0NRT",299.23,24.65,"D"
"10700",9.72654,36.62931,331.74,0.55,0.68,"2026-02-15",1140,"N20","nominal","2.0NRT",302.9,10.07,"D"
"10701",9.7211,36.58515,355.46,0.54,0.68,"2026-02-15",1140,"N20","nominal","2.0NRT",299.41,24.65,"D"
"10702",9.7328,36.62846,338.44,0.55,0.68,"2026-02-15",1140,"N20","nominal","2.0NRT",297.78,6.53,"D"
"10703",9.72796,36.58934,337.34,0.54,0.68,"2026-02-15",1140,"N20","nominal","2.0NRT",281.34,3.82,"D"
"10704",9.72719,36.5831,344.42,0.54,0.68,"2026-02-15",1140,"N20","nominal","2.0NRT",294.73,3.82,"D"
"10705",9.78988,36.9337,355.76,0.57,0.69,"2026-02-15",1140,"N20","nominal","2.0NRT",304.07,33.13,"D"
"10706",9.78932,36.92922,345.85,0.57,0.69,"2026-02-15",1140,"N20","nominal","2.0NRT",299.68,33.13,"D"
"10707",9.79616,36.93206,367,0.57,0.69,"2026-02-15",1140,"N20","high","2.0NRT",297.03,9.74,"D"
"10708",9.79564,36.92786,343.54,0.57,0.69,"2026-02-15",1140,"N20","nominal","2.0NRT",298.28,9.74,"D"
"10709",9.76698,36.69824,345.14,0.55,0.68,"2026-02-15",1140,"N20","nominal","2.0NRT",292.63,11.54,"D"
"10710",9.76629,36.69274,355.83,0.55,0.68,"2026-02-15",1140,"N20","nominal","2.0NRT",300.45,11.54,"D"
"10711",9.6548,35.76299,367,0.48,0.64,"2026-02-15",1140,"N20","high","2.0NRT",306.3,14,"D"
"10712",9.77269,36.6928,341.11,0.55,0.68,"2026-02-15",1140,"N20","nominal","2.0NRT",296.7,11.54,"D"
"10713",9.77206,36.68781,338.06,0.55,0.68,"2026-02-15",1140,"N20","nominal","2.0NRT",299.22,11.48,"D"
"10714",9.66131,35.76679,367,0.48,0.64,"2026-02-15",1140,"N20","high","2.0NRT",308.24,55.38,"D"
"10715",9.66019,35.75808,347.32,0.47,0.64,"2026-02-15",1140,"N20","nominal","2.0NRT",306.9,16.57,"D"
"10716",9.15258,31.95762,340.87,0.51,0.5,"2026-02-15",1140,"N20","nominal","2.0NRT",304.15,5.06,"D"
"10717",9.66074,35.76236,207.93,0.48,0.64,"2026-02-15",1140,"N20","low","2.0NRT",324.3,55.38,"D"
"10718",9.66726,35.76618,367,0.48,0.64,"2026-02-15",1140,"N20","high","2.0NRT",307.88,55.38,"D"
"10719",9.66668,35.76174,345.18,0.48,0.64,"2026-02-15",1140,"N20","nominal","2.0NRT",311.04,55.38,"D"
"10720",9.66614,35.75751,333.4,0.47,0.64,"2026-02-15",1140,"N20","low","2.0NRT",306.31,16.57,"D"
"10721",9.81535,36.87843,330.33,0.57,0.69,"2026-02-15",1140,"N20","low","2.0NRT",301.19,1.87,"D"
"10722",9.67264,35.76121,331.25,0.48,0.64,"2026-02-15",1140,"N20","nominal","2.0NRT",304.66,2.53,"D"
"10723",9.78499,36.93148,333.38,0.57,0.69,"2026-02-15",1140,"N20","nominal","2.0NRT",298.26,28.64,"D"
"10724",9.48953,34.47827,345.51,0.39,0.59,"2026-02-15",1140,"N20","nominal","2.0NRT",298.26,5.03,"D"
"10725",9.79186,36.93478,367,0.58,0.69,"2026-02-15",1140,"N20","high","2.0NRT",296.27,28.64,"D"
"10726",9.79135,36.93043,344.66,0.57,0.69,"2026-02-15",1140,"N20","nominal","2.0NRT",304.05,28.64,"D"
"10727",9.77,36.69435,367,0.55,0.68,"2026-02-15",1140,"N20","high","2.0NRT",297.6,29.72,"D"
"10728",9.65907,35.76727,367,0.48,0.64,"2026-02-15",1140,"N20","high","2.0NRT",304.18,54.67,"D"
"10729",9.79717,36.92482,339.12,0.57,0.69,"2026-02-15",1140,"N20","nominal","2.0NRT",298.17,4.64,"D"
"10730",9.76941,36.68933,352.32,0.55,0.68,"2026-02-15",1140,"N20","nominal","2.0NRT",300.4,24.86,"D"
"10731",9.658,35.7585,352.86,0.48,0.64,"2026-02-15",1140,"N20","nominal","2.0NRT",307.17,28.82,"D"
"10732",9.65853,35.76283,367,0.48,0.64,"2026-02-15",1140,"N20","low","2.0NRT",326.73,54.67,"D"
"10733",9.66501,35.76664,367,0.48,0.64,"2026-02-15",1140,"N20","high","2.0NRT",305.61,54.67,"D"
"10734",9.66447,35.76218,353.63,0.48,0.64,"2026-02-15",1140,"N20","nominal","2.0NRT",312.96,54.67,"D"
"10735",9.66395,35.75792,351.65,0.48,0.64,"2026-02-15",1140,"N20","nominal","2.0NRT",308.63,28.82,"D"
"10736",9.47603,34.23878,333.04,0.37,0.58,"2026-02-15",1140,"N20","nominal","2.0NRT",297.22,2.79,"D"
"10737",9.67096,35.76601,353.57,0.48,0.64,"2026-02-15",1140,"N20","nominal","2.0NRT",303.99,6.4,"D"
"10738",9.67041,35.76152,344.27,0.48,0.64,"2026-02-15",1140,"N20","nominal","2.0NRT",306.77,6.4,"D"
"10739",9.82335,36.8727,367,0.57,0.69,"2026-02-15",1140,"N20","high","2.0NRT",301.6,16.87,"D"
"10740",9.82972,36.87189,367,0.57,0.69,"2026-02-15",1140,"N20","high","2.0NRT",299.74,19.8,"D"
"10741",9.83509,36.80949,343.49,0.56,0.69,"2026-02-15",1140,"N20","nominal","2.0NRT",303.31,6.82,"D"
"10742",9.21567,31.87013,347.55,0.51,0.49,"2026-02-15",1140,"N20","nominal","2.0NRT",304.3,3.5,"D"
"10743",9.91578,37.25939,349.9,0.61,0.71,"2026-02-15",1140,"N20","nominal","2.0NRT",308.9,72.22,"D"
"10744",9.9151,37.25377,354.54,0.61,0.71,"2026-02-15",1140,"N20","nominal","2.0NRT",304.54,32.83,"D"
"10745",9.22146,31.87877,340.27,0.51,0.49,"2026-02-15",1140,"N20","nominal","2.0NRT",304.32,4.84,"D"
"10746",9.86238,36.76963,367,0.56,0.69,"2026-02-15",1140,"N20","high","2.0NRT",310.66,124.43,"D"
"10747",9.73961,35.78473,367,0.48,0.65,"2026-02-15",1140,"N20","high","2.0NRT",306.2,21.19,"D"
"10748",9.73908,35.78057,348.39,0.48,0.65,"2026-02-15",1140,"N20","nominal","2.0NRT",311.82,21.19,"D"
"10749",9.226,31.87816,339.35,0.51,0.49,"2026-02-15",1140,"N20","nominal","2.0NRT",305.99,4.84,"D"
"10750",9.86174,36.76438,302,0.56,0.69,"2026-02-15",1140,"N20","low","2.0NRT",317.2,124.43,"D"
"10751",9.74498,35.77947,334.14,0.48,0.65,"2026-02-15",1140,"N20","nominal","2.0NRT",308.25,4.6,"D"
"10752",9.27193,32.14603,338.38,0.53,0.5,"2026-02-15",1140,"N20","nominal","2.0NRT",304.39,3.77,"D"
"10753",9.71927,35.48379,333.91,0.46,0.63,"2026-02-15",1140,"N20","nominal","2.0NRT",302.58,3.38,"D"
"10754",9.7731,35.67022,346.17,0.47,0.64,"2026-02-15",1140,"N20","nominal","2.0NRT",304.1,9.39,"D"
"10755",9.77251,35.66565,331.68,0.47,0.64,"2026-02-15",1140,"N20","nominal","2.0NRT",303.3,3.76,"D"
"10756",9.21961,31.53565,341.68,0.48,0.48,"2026-02-15",1140,"N20","nominal","2.0NRT",301.97,4.15,"D"
"10757",9.21916,31.53604,341.06,0.48,0.48,"2026-02-15",1140,"N20","nominal","2.0NRT",301.07,5.77,"D"
"10758",9.21857,31.53165,334.22,0.48,0.48,"2026-02-15",1140,"N20","nominal","2.0NRT",304.79,6.71,"D"
"10759",9.77796,35.67333,367,0.47,0.64,"2026-02-15",1140,"N20","high","2.0NRT",305.69,32.04,"D"
"10760",9.77741,35.66883,347.43,0.47,0.64,"2026-02-15",1140,"N20","nominal","2.0NRT",314.87,32.04,"D"
"10761",9.77685,35.6643,353.86,0.47,0.64,"2026-02-15",1140,"N20","nominal","2.0NRT",311.53,20.42,"D"
"10762",9.78384,35.67238,367,0.47,0.64,"2026-02-15",1140,"N20","high","2.0NRT",308.11,32.04,"D"
"10763",9.78328,35.66788,333.46,0.47,0.64,"2026-02-15",1140,"N20","nominal","2.0NRT",307.2,32.04,"D"
"10764",9.78274,35.66343,348.65,0.47,0.64,"2026-02-15",1140,"N20","nominal","2.0NRT",307.78,20.42,"D"
"10765",9.97172,37.17501,367,0.6,0.71,"2026-02-15",1140,"N20","high","2.0NRT",304.37,35.08,"D"
"10766",9.4846,33.14854,330.26,0.63,0.54,"2026-02-15",1140,"N20","low","2.0NRT",303.43,2.33,"D"
"10767",9.99147,37.12004,340.28,0.6,0.7,"2026-02-15",1140,"N20","nominal","2.0NRT",291.71,9.46,"D"
"10768",9.99095,37.11576,337.84,0.6,0.7,"2026-02-15",1140,"N20","nominal","2.0NRT",299.72,9.46,"D"
"10769",9.87011,36.12572,337.78,0.51,0.66,"2026-02-15",1140,"N20","nominal","2.0NRT",300.51,6.03,"D"
"10770",9.66197,34.38689,367,0.38,0.59,"2026-02-15",1140,"N20","high","2.0NRT",302.79,4.49,"D"
"10771",9.66152,34.38335,340.68,0.38,0.59,"2026-02-15",1140,"N20","nominal","2.0NRT",302.85,4.49,"D"
"10772",9.86699,35.95237,367,0.49,0.65,"2026-02-15",1140,"N20","high","2.0NRT",306.15,36.28,"D"
"10773",9.86643,35.94789,341.7,0.49,0.65,"2026-02-15",1140,"N20","nominal","2.0NRT",314,52.1,"D"
"10774",9.66738,34.38609,333.11,0.38,0.59,"2026-02-15",1140,"N20","nominal","2.0NRT",301.39,4.49,"D"
"10775",9.86665,35.85273,331.51,0.49,0.65,"2026-02-15",1140,"N20","low","2.0NRT",305.25,2.55,"D"
"10776",9.54556,33.33945,330,0.32,0.55,"2026-02-15",1140,"N20","low","2.0NRT",302.2,1.48,"D"
"10777",9.9111,36.10776,344.19,0.51,0.66,"2026-02-15",1140,"N20","nominal","2.0NRT",303.87,6.59,"D"
"10778",9.91662,36.10262,342.13,0.51,0.66,"2026-02-15",1140,"N20","nominal","2.0NRT",304.63,5.71,"D"
"10779",9.3293,31.67948,342.92,0.49,0.49,"2026-02-15",1140,"N20","nominal","2.0NRT",302.26,4.6,"D"
"10780",9.32867,31.67499,331.68,0.49,0.49,"2026-02-15",1140,"N20","nominal","2.0NRT",302.91,4.6,"D"
"10781",9.87465,35.72545,336.06,0.48,0.64,"2026-02-15",1140,"N20","low","2.0NRT",307.39,5.4,"D"
"10782",9.84165,35.46879,339.32,0.46,0.63,"2026-02-15",1140,"N20","nominal","2.0NRT",305.57,2.99,"D"
"10783",9.49141,32.82574,335.56,0.59,0.53,"2026-02-15",1140,"N20","nominal","2.0NRT",305,4.9,"D"
"10784",9.33377,31.67888,349.01,0.49,0.49,"2026-02-15",1140,"N20","nominal","2.0NRT",304.16,4.6,"D"
"10785",9.33315,31.67439,335.89,0.49,0.49,"2026-02-15",1140,"N20","nominal","2.0NRT",303.08,4.6,"D"
"10786",9.89181,35.81208,335.41,0.48,0.65,"2026-02-15",1140,"N20","nominal","2.0NRT",303.79,3.51,"D"
"10787",9.89118,35.80724,336.21,0.48,0.65,"2026-02-15",1140,"N20","nominal","2.0NRT",305.62,3.51,"D"
"10788",9.91351,35.93383,348.18,0.49,0.65,"2026-02-15",1140,"N20","nominal","2.0NRT",305.03,8.12,"D"
"10789",9.91296,35.92948,352.21,0.49,0.65,"2026-02-15",1140,"N20","nominal","2.0NRT",304.91,8.12,"D"
"10790",9.91219,36.10843,347.7,0.51,0.66,"2026-02-15",1140,"N20","nominal","2.0NRT",303.73,5.05,"D"
"10791",9.89019,35.92436,335.07,0.49,0.65,"2026-02-15",1140,"N20","nominal","2.0NRT",304.3,3.2,"D"
"10792",9.91774,36.10323,344.04,0.51,0.66,"2026-02-15",1140,"N20","nominal","2.0NRT",304.01,5.05,"D"
"10793",9.8718,35.72102,337.79,0.48,0.64,"2026-02-15",1140,"N20","low","2.0NRT",309.04,5.09,"D"
"10794",9.84124,35.46878,341.21,0.46,0.63,"2026-02-15",1140,"N20","nominal","2.0NRT",305.74,2.84,"D"
"10795",9.88836,35.80813,335.74,0.48,0.65,"2026-02-15",1140,"N20","nominal","2.0NRT",304.88,3.8,"D"
"10796",9.90869,35.92595,335.61,0.49,0.65,"2026-02-15",1140,"N20","nominal","2.0NRT",303.28,2.63,"D"
"10797",9.89429,35.80704,332.09,0.48,0.65,"2026-02-15",1140,"N20","low","2.0NRT",304.88,3.8,"D"
"10798",9.91523,35.92957,367,0.49,0.65,"2026-02-15",1140,"N20","high","2.0NRT",306.82,14.18,"D"
"10799",9.8847,35.67869,336.12,0.47,0.64,"2026-02-15",1140,"N20","low","2.0NRT",308.54,2.87,"D"
"10800",9.92387,35.95039,331.58,0.49,0.65,"2026-02-15",1140,"N20","low","2.0NRT",304.51,4.77,"D"
"10801",9.87602,35.51058,336.23,0.46,0.64,"2026-02-15",1140,"N20","nominal","2.0NRT",306.2,3.46,"D"
"10802",9.90144,35.66829,367,0.47,0.64,"2026-02-15",1140,"N20","high","2.0NRT",306.84,22.52,"D"
"10803",9.90083,35.66339,346.94,0.47,0.64,"2026-02-15",1140,"N20","nominal","2.0NRT",314.35,22.52,"D"
"10804",9.75675,34.51064,338.02,0.39,0.59,"2026-02-15",1140,"N20","nominal","2.0NRT",300.82,5.44,"D"
"10805",9.59595,33.25918,331.15,0.32,0.55,"2026-02-15",1140,"N20","low","2.0NRT",302.4,1.7,"D"
"10806",9.60097,33.25853,332.67,0.32,0.55,"2026-02-15",1140,"N20","nominal","2.0NRT",301.75,2.34,"D"
"10807",9.60021,33.2527,345.94,0.32,0.54,"2026-02-15",1140,"N20","nominal","2.0NRT",302.68,5.56,"D"
"10808",10.08713,37.09263,343.48,0.6,0.7,"2026-02-15",1140,"N20","nominal","2.0NRT",301.37,14.74,"D"
"10809",10.08645,37.08698,340.17,0.59,0.7,"2026-02-15",1140,"N20","nominal","2.0NRT",300.48,14.6,"D"
"10810",9.88957,35.47624,338.34,0.46,0.63,"2026-02-15",1140,"N20","nominal","2.0NRT",304.87,4.39,"D"
"10811",9.60637,33.2608,339,0.32,0.55,"2026-02-15",1140,"N20","nominal","2.0NRT",301.38,2.34,"D"
"10812",9.95231,35.93319,330.41,0.49,0.65,"2026-02-15",1140,"N20","low","2.0NRT",303.43,5.27,"D"
"10813",9.95174,35.92856,345.56,0.49,0.65,"2026-02-15",1140,"N20","nominal","2.0NRT",305.56,6.97,"D"
"10814",9.60738,33.22964,332.22,0.64,0.54,"2026-02-15",1140,"N20","low","2.0NRT",303.46,5.94,"D"
"10815",9.56348,32.89683,331.53,0.6,0.53,"2026-02-15",1140,"N20","low","2.0NRT",303.57,5.27,"D"
"10816",9.97786,36.09019,367,0.51,0.66,"2026-02-15",1140,"N20","high","2.0NRT",306.46,19.2,"D"
"10817",9.96459,35.98294,338.84,0.5,0.66,"2026-02-15",1140,"N20","nominal","2.0NRT",303.55,3.96,"D"
"10818",9.95778,35.92807,350.15,0.49,0.65,"2026-02-15",1140,"N20","nominal","2.0NRT",305.82,6.97,"D"
"10819",9.56837,32.89621,346.51,0.6,0.53,"2026-02-15",1140,"N20","nominal","2.0NRT",303.4,5.27,"D"
"10820",9.96274,35.91879,335.33,0.49,0.65,"2026-02-15",1140,"N20","low","2.0NRT",308.79,6.83,"D"
"10821",9.56092,32.80296,330.21,0.59,0.53,"2026-02-15",1140,"N20","low","2.0NRT",304.55,1.67,"D"
"10822",9.96988,35.92713,335.64,0.49,0.65,"2026-02-15",1140,"N20","nominal","2.0NRT",305.33,6.3,"D"
"10823",9.96933,35.92268,339.79,0.49,0.65,"2026-02-15",1140,"N20","nominal","2.0NRT",306.03,6.3,"D"
"10824",9.96878,35.91831,355.57,0.49,0.65,"2026-02-15",1140,"N20","nominal","2.0NRT",306.43,6.83,"D"
"10825",9.83096,34.8286,331.75,0.41,0.61,"2026-02-15",1140,"N20","low","2.0NRT",302.74,4.19,"D"
"10826",9.65982,33.51095,336.71,0.33,0.55,"2026-02-15",1140,"N20","nominal","2.0NRT",303.43,3.33,"D"
"10827",9.90356,35.35273,335.58,0.45,0.63,"2026-02-15",1140,"N20","nominal","2.0NRT",305.32,5.27,"D"
"10828",9.5828,32.8554,342.54,0.6,0.53,"2026-02-15",1140,"N20","nominal","2.0NRT",304.02,5.53,"D"
"10829",9.58206,32.84994,332.96,0.6,0.53,"2026-02-15",1140,"N20","low","2.0NRT",305.17,5.53,"D"
"10830",10.00836,36.08733,355.81,0.51,0.66,"2026-02-15",1140,"N20","nominal","2.0NRT",302.77,6.8,"D"
"10831",9.96575,35.74923,339.02,0.48,0.65,"2026-02-15",1140,"N20","nominal","2.0NRT",306.51,4.59,"D"
"10832",9.96531,35.74576,338.22,0.48,0.65,"2026-02-15",1140,"N20","low","2.0NRT",308.89,4.59,"D"
"10833",9.66712,33.44859,337.6,0.33,0.55,"2026-02-15",1140,"N20","nominal","2.0NRT",302.89,2.29,"D"
"10834",10.01394,36.08255,338.41,0.51,0.66,"2026-02-15",1140,"N20","nominal","2.0NRT",303.71,6.8,"D"
"10835",10.03226,36.17893,335.3,0.51,0.66,"2026-02-15",1140,"N20","nominal","2.0NRT",300.29,7.99,"D"
"10836",10.03185,36.17571,350.27,0.51,0.66,"2026-02-15",1140,"N20","nominal","2.0NRT",304.66,7.99,"D"
"10837",10.03104,36.16919,331.52,0.51,0.66,"2026-02-15",1140,"N20","low","2.0NRT",302.18,8.15,"D"
"10838",10.00395,35.95484,334.43,0.5,0.65,"2026-02-15",1140,"N20","nominal","2.0NRT",303.97,11.87,"D"
"10839",10.00998,35.95412,367,0.5,0.65,"2026-02-15",1140,"N20","high","2.0NRT",302.26,11.87,"D"
"10840",10.00942,35.94975,350.15,0.49,0.65,"2026-02-15",1140,"N20","nominal","2.0NRT",307.96,23.81,"D"
"10841",9.68319,33.45268,337.2,0.33,0.55,"2026-02-15",1140,"N20","nominal","2.0NRT",303.62,2.72,"D"
"10842",10.01602,35.95351,341.86,0.5,0.65,"2026-02-15",1140,"N20","nominal","2.0NRT",302.96,12.17,"D"
"10843",10.01546,35.9491,356.44,0.49,0.65,"2026-02-15",1140,"N20","nominal","2.0NRT",306.89,15.38,"D"
"10844",10.19737,37.34505,348.72,0.62,0.71,"2026-02-15",1140,"N20","nominal","2.0NRT",308.74,19.98,"D"
"10845",10.12407,36.75749,350.06,0.56,0.69,"2026-02-15",1140,"N20","nominal","2.0NRT",299.22,17.55,"D"
"10846",10.12342,36.7523,351.59,0.56,0.69,"2026-02-15",1140,"N20","nominal","2.0NRT",295.65,13.29,"D"
"10847",9.69621,33.47247,330.26,0.33,0.55,"2026-02-15",1140,"N20","low","2.0NRT",303.47,1.37,"D"
"10848",9.6958,33.46945,336.14,0.33,0.55,"2026-02-15",1140,"N20","nominal","2.0NRT",303.68,1.37,"D"
"10849",9.10073,29.13729,336.88,0.51,0.41,"2026-02-15",1140,"N20","nominal","2.0NRT",300.95,3.24,"D"
"10850",9.96398,35.75447,332.61,0.48,0.65,"2026-02-15",1140,"N20","low","2.0NRT",306.58,1.88,"D"
"10851",9.96312,35.74733,355.8,0.48,0.65,"2026-02-15",1140,"N20","nominal","2.0NRT",308.92,10.66,"D"
"10852",9.68153,33.45163,334.46,0.33,0.55,"2026-02-15",1140,"N20","low","2.0NRT",304.48,2.1,"D"
"10853",10.00935,36.08505,367,0.51,0.66,"2026-02-15",1140,"N20","high","2.0NRT",304.69,12.69,"D"
"10854",9.69439,33.47142,331.53,0.33,0.55,"2026-02-15",1140,"N20","low","2.0NRT",303.35,1.3,"D"
"10855",9.69401,33.4684,332.08,0.33,0.55,"2026-02-15",1140,"N20","low","2.0NRT",303.55,1.3,"D"
"10856",10.03269,36.17733,353.21,0.51,0.66,"2026-02-15",1140,"N20","nominal","2.0NRT",302.45,11.49,"D"
"10857",10.03232,36.17426,343.18,0.51,0.66,"2026-02-15",1140,"N20","nominal","2.0NRT",303.47,11.41,"D"
"10858",10.03148,36.16718,332.76,0.51,0.66,"2026-02-15",1140,"N20","nominal","2.0NRT",303.03,2.19,"D"
"10859",10.0058,35.95203,333.02,0.5,0.65,"2026-02-15",1140,"N20","nominal","2.0NRT",305.44,3.5,"D"
"10860",10.01183,35.9513,367,0.5,0.65,"2026-02-15",1140,"N20","high","2.0NRT",312.45,50.83,"D"
"10861",9.87689,34.84296,341.6,0.41,0.61,"2026-02-15",1140,"N20","nominal","2.0NRT",300.68,4.66,"D"
"10862",9.70775,33.45437,332.33,0.33,0.55,"2026-02-15",1140,"N20","low","2.0NRT",304.62,2.34,"D"
"10863",9.69206,33.33191,335.97,0.32,0.55,"2026-02-15",1140,"N20","nominal","2.0NRT",301.99,3.82,"D"
"10864",10.1203,36.75576,367,0.56,0.69,"2026-02-15",1140,"N20","high","2.0NRT",297.65,19.64,"D"
"10865",9.63442,32.8468,334.38,0.6,0.53,"2026-02-15",1140,"N20","nominal","2.0NRT",304.03,2.68,"D"
"10866",10.1966,37.34834,367,0.62,0.72,"2026-02-15",1140,"N20","high","2.0NRT",307.13,15.34,"D"
"10867",10.19616,37.3446,333.67,0.62,0.72,"2026-02-15",1140,"N20","nominal","2.0NRT",307.52,11.33,"D"
"10868",9.14119,29.17619,338.07,0.51,0.41,"2026-02-15",1140,"N20","low","2.0NRT",309.55,2.62,"D"
"10869",9.14054,29.17152,345.7,0.51,0.41,"2026-02-15",1140,"N20","nominal","2.0NRT",310.27,4.5,"D"
"10870",9.11838,29.01453,335.33,0.5,0.41,"2026-02-15",1140,"N20","nominal","2.0NRT",298.27,3.97,"D"
"10871",9.1358,29.11058,338.78,0.51,0.41,"2026-02-15",1140,"N20","nominal","2.0NRT",302.86,2.94,"D"
"10872",9.13514,29.10596,333.02,0.51,0.41,"2026-02-15",1140,"N20","nominal","2.0NRT",302.37,4.01,"D"
"10873",9.9001,34.80118,367,0.41,0.61,"2026-02-15",1140,"N20","high","2.0NRT",308.34,12.89,"D"
"10874",9.91454,34.91645,335.49,0.42,0.61,"2026-02-15",1140,"N20","nominal","2.0NRT",302.08,4,"D"
"10875",9.89963,34.79748,348.39,0.41,0.61,"2026-02-15",1140,"N20","nominal","2.0NRT",306.9,12.89,"D"
"10876",9.70271,33.25584,340.56,0.32,0.55,"2026-02-15",1140,"N20","nominal","2.0NRT",304.52,4.22,"D"
"10877",9.69817,33.2209,331.42,0.32,0.54,"2026-02-15",1140,"N20","low","2.0NRT",302.11,1.81,"D"
"10878",9.92013,34.91538,334.18,0.42,0.61,"2026-02-15",1140,"N20","nominal","2.0NRT",302.21,4.91,"D"
"10879",9.90905,34.82723,331.66,0.41,0.61,"2026-02-15",1140,"N20","nominal","2.0NRT",300.08,15.39,"D"
"10880",9.90571,34.80066,345.83,0.41,0.61,"2026-02-15",1140,"N20","nominal","2.0NRT",305.65,4.3,"D"
"10881",9.90524,34.79691,338.05,0.41,0.61,"2026-02-15",1140,"N20","nominal","2.0NRT",309.02,4.3,"D"
"10882",9.72736,33.40603,333.29,0.33,0.55,"2026-02-15",1140,"N20","low","2.0NRT",303.72,1.96,"D"
"10883",9.91613,34.83829,367,0.41,0.61,"2026-02-15",1140,"N20","high","2.0NRT",303.36,16.11,"D"
"10884",9.91564,34.83443,367,0.41,0.61,"2026-02-15",1140,"N20","high","2.0NRT",305.41,16.11,"D"
"10885",9.91468,34.82677,367,0.41,0.61,"2026-02-15",1140,"N20","high","2.0NRT",307.38,15.39,"D"
"10886",9.83749,34.21909,367,0.37,0.58,"2026-02-15",1140,"N20","high","2.0NRT",307.68,6.47,"D"
"10887",10.08906,36.23228,347.06,0.52,0.67,"2026-02-15",1140,"N20","nominal","2.0NRT",303.64,7.86,"D"
"10888",9.91663,34.84222,354.58,0.42,0.61,"2026-02-15",1140,"N20","nominal","2.0NRT",300.88,9.63,"D"
"10889",9.91516,34.83059,352.71,0.41,0.61,"2026-02-15",1140,"N20","nominal","2.0NRT",310.29,15.39,"D"
"10890",9.83704,34.21563,335.87,0.37,0.58,"2026-02-15",1140,"N20","nominal","2.0NRT",307.58,4.5,"D"
"10891",9.92226,34.84173,367,0.42,0.61,"2026-02-15",1140,"N20","high","2.0NRT",308.81,14.15,"D"
"10892",9.92175,34.83774,367,0.41,0.61,"2026-02-15",1140,"N20","high","2.0NRT",310.11,9.94,"D"
"10893",9.92078,34.83005,367,0.41,0.61,"2026-02-15",1140,"N20","high","2.0NRT",307,34.26,"D"
"10894",9.96832,35.20745,339.72,0.44,0.62,"2026-02-15",1140,"N20","low","2.0NRT",310.76,5.95,"D"
"10895",9.92961,34.89986,331,0.42,0.61,"2026-02-15",1140,"N20","low","2.0NRT",302.89,2.12,"D"
"10896",9.92276,34.84569,347.5,0.42,0.61,"2026-02-15",1140,"N20","nominal","2.0NRT",300.65,14.15,"D"
"10897",9.92126,34.83387,351.78,0.41,0.61,"2026-02-15",1140,"N20","nominal","2.0NRT",305.73,9.94,"D"
"10898",9.72934,33.34217,334.04,0.32,0.55,"2026-02-15",1140,"N20","low","2.0NRT",305.58,3.49,"D"
"10899",9.92887,34.84895,342.67,0.42,0.61,"2026-02-15",1140,"N20","nominal","2.0NRT",299.99,4.89,"D"
"10900",9.92789,34.84125,348.34,0.42,0.61,"2026-02-15",1140,"N20","nominal","2.0NRT",300.36,14.15,"D"
"10901",9.92739,34.83731,344.77,0.41,0.61,"2026-02-15",1140,"N20","nominal","2.0NRT",303.55,9.94,"D"
"10902",9.9269,34.83349,334.26,0.41,0.61,"2026-02-15",1140,"N20","nominal","2.0NRT",304.18,9.94,"D"
"10903",9.92642,34.82969,345.57,0.41,0.61,"2026-02-15",1140,"N20","nominal","2.0NRT",305.27,34.26,"D"
"10904",9.92594,34.82592,336.61,0.41,0.61,"2026-02-15",1140,"N20","nominal","2.0NRT",303.17,34.26,"D"
"10905",9.55929,32.02496,344.91,0.53,0.5,"2026-02-15",1140,"N20","nominal","2.0NRT",306.09,20.99,"D"
"10906",9.93303,34.83694,367,0.41,0.61,"2026-02-15",1140,"N20","high","2.0NRT",305.19,9.73,"D"
"10907",10.19987,36.98699,332.69,0.59,0.7,"2026-02-15",1140,"N20","low","2.0NRT",305.97,8,"D"
"10908",10.17313,36.76643,350.31,0.57,0.69,"2026-02-15",1140,"N20","nominal","2.0NRT",302.45,7.8,"D"
"10909",9.94137,34.90245,337.53,0.42,0.61,"2026-02-15",1140,"N20","nominal","2.0NRT",300.73,9.6,"D"
"10910",9.9409,34.89881,353.69,0.42,0.61,"2026-02-15",1140,"N20","nominal","2.0NRT",308.9,14.7,"D"
"10911",9.93448,34.84832,339.73,0.42,0.61,"2026-02-15",1140,"N20","nominal","2.0NRT",300.46,6.11,"D"
"10912",9.93401,34.84461,342.12,0.42,0.61,"2026-02-15",1140,"N20","nominal","2.0NRT",301.65,7.75,"D"
"10913",9.93352,34.84079,338.16,0.42,0.61,"2026-02-15",1140,"N20","nominal","2.0NRT",300.5,7.75,"D"
"10914",9.56389,32.02435,334.23,0.53,0.5,"2026-02-15",1140,"N20","low","2.0NRT",306.64,59.51,"D"
"10915",9.56454,32.02913,315.31,0.53,0.5,"2026-02-15",1140,"N20","low","2.0NRT",322.6,59.51,"D"
"10916",9.94704,34.90209,334.23,0.42,0.61,"2026-02-15",1140,"N20","nominal","2.0NRT",301.69,9.6,"D"
"10917",9.94654,34.89822,356,0.42,0.61,"2026-02-15",1140,"N20","nominal","2.0NRT",309.02,14.7,"D"
"10918",9.93819,34.83274,332.11,0.41,0.61,"2026-02-15",1140,"N20","nominal","2.0NRT",301.94,9.73,"D"
"10919",9.9377,34.82893,333.91,0.41,0.61,"2026-02-15",1140,"N20","nominal","2.0NRT",302.17,5.97,"D"
"10920",9.75275,33.40281,349.45,0.33,0.55,"2026-02-15",1140,"N20","nominal","2.0NRT",304.02,4.59,"D"
"10921",9.74921,33.37593,352.72,0.33,0.55,"2026-02-15",1140,"N20","nominal","2.0NRT",304.27,3.96,"D"
"10922",9.74882,33.37296,332,0.33,0.55,"2026-02-15",1140,"N20","low","2.0NRT",303.25,3.04,"D"
"10923",9.56979,32.03331,349.29,0.53,0.5,"2026-02-15",1140,"N20","nominal","2.0NRT",308.78,82.12,"D"
"10924",9.56914,32.02853,338.19,0.53,0.5,"2026-02-15",1140,"N20","nominal","2.0NRT",306.6,59.51,"D"
"10925",9.56655,32.0094,344.48,0.52,0.5,"2026-02-15",1140,"N20","nominal","2.0NRT",306.14,7.04,"D"
"10926",9.94525,34.84343,367,0.42,0.61,"2026-02-15",1140,"N20","high","2.0NRT",303.2,6.92,"D"
"10927",10.13357,36.33997,334.24,0.53,0.67,"2026-02-15",1140,"N20","nominal","2.0NRT",301.54,6.1,"D"
"10928",10.13308,36.33595,353.77,0.53,0.67,"2026-02-15",1140,"N20","nominal","2.0NRT",307.34,6.1,"D"
"10929",9.9949,35.23296,347.89,0.44,0.63,"2026-02-15",1140,"N20","nominal","2.0NRT",304.98,5.52,"D"
"10930",9.75783,33.40216,344.77,0.33,0.55,"2026-02-15",1140,"N20","nominal","2.0NRT",304.19,3.81,"D"
"10931",9.5744,32.03271,346.9,0.53,0.5,"2026-02-15",1140,"N20","nominal","2.0NRT",307.34,8.82,"D"
"10932",9.46792,31.25445,341.91,0.47,0.47,"2026-02-15",1140,"N20","nominal","2.0NRT",306.78,12.31,"D"
"10933",9.46733,31.25022,348.27,0.46,0.47,"2026-02-15",1140,"N20","nominal","2.0NRT",305.11,12.31,"D"
"10934",10.13982,36.33969,339.86,0.53,0.67,"2026-02-15",1140,"N20","nominal","2.0NRT",307.25,6.1,"D"
"10935",10.13938,36.33612,339.2,0.53,0.67,"2026-02-15",1140,"N20","nominal","2.0NRT",306.6,6.1,"D"
"10936",9.57901,32.03211,337.06,0.53,0.5,"2026-02-15",1140,"N20","nominal","2.0NRT",306.85,8.82,"D"
"10937",10.14636,36.3418,339.19,0.53,0.67,"2026-02-15",1140,"N20","nominal","2.0NRT",304.06,7.52,"D"
"10938",10.14587,36.33787,340.64,0.53,0.67,"2026-02-15",1140,"N20","nominal","2.0NRT",305.55,7.09,"D"
"10939",10.09675,35.94482,344.31,0.5,0.65,"2026-02-15",1140,"N20","nominal","2.0NRT",304.86,7.15,"D"
"10940",10.04628,35.45132,335.44,0.46,0.63,"2026-02-15",1140,"N20","low","2.0NRT",308.31,5.15,"D"
"10941",10.04573,35.44704,343.08,0.46,0.63,"2026-02-15",1140,"N20","nominal","2.0NRT",308.97,7.7,"D"
"10942",9.99129,35.02329,332.54,0.43,0.62,"2026-02-15",1140,"N20","low","2.0NRT",304.26,4.07,"D"
"10943",9.77655,33.38763,332.21,0.33,0.55,"2026-02-15",1140,"N20","low","2.0NRT",304.1,2.84,"D"
"10944",9.48535,31.25211,344.42,0.47,0.47,"2026-02-15",1140,"N20","nominal","2.0NRT",307.6,13.56,"D"
"10945",9.96937,34.80985,367,0.41,0.61,"2026-02-15",1140,"N20","high","2.0NRT",303.26,67.96,"D"
"10946",9.96986,34.81365,331.42,0.41,0.61,"2026-02-15",1140,"N20","nominal","2.0NRT",297.72,9.34,"D"
"10947",9.96838,34.80222,356.13,0.41,0.61,"2026-02-15",1140,"N20","nominal","2.0NRT",304.13,35.11,"D"
"10948",9.78162,33.387,335.39,0.33,0.55,"2026-02-15",1140,"N20","nominal","2.0NRT",304.84,2.84,"D"
"10949",9.96887,34.80603,312.21,0.41,0.61,"2026-02-15",1140,"N20","low","2.0NRT",319.33,67.96,"D"
"10950",9.97648,34.82075,367,0.41,0.61,"2026-02-15",1140,"N20","high","2.0NRT",301.95,13.23,"D"
"10951",10.05921,35.45958,348.47,0.46,0.63,"2026-02-15",1140,"N20","nominal","2.0NRT",304.92,6.48,"D"
"10952",10.05865,35.45521,354.8,0.46,0.63,"2026-02-15",1140,"N20","nominal","2.0NRT",309.16,8.08,"D"
"10953",10.05808,35.45077,337.69,0.46,0.63,"2026-02-15",1140,"N20","nominal","2.0NRT",310.37,8.08,"D"
"10954",9.97598,34.81699,345.37,0.41,0.61,"2026-02-15",1140,"N20","nominal","2.0NRT",299.58,30.48,"D"
"10955",9.9755,34.81323,350.6,0.41,0.61,"2026-02-15",1140,"N20","nominal","2.0NRT",313.84,30.48,"D"
"10956",9.97499,34.80937,351.42,0.41,0.61,"2026-02-15",1140,"N20","nominal","2.0NRT",314.9,64.06,"D"
"10957",9.97398,34.80164,351.7,0.41,0.61,"2026-02-15",1140,"N20","nominal","2.0NRT",307,50.21,"D"
"10958",10.06454,35.45484,367,0.46,0.63,"2026-02-15",1140,"N20","high","2.0NRT",311.28,8.08,"D"
"10959",9.98213,34.8205,367,0.41,0.61,"2026-02-15",1140,"N20","high","2.0NRT",298.95,13.23,"D"
"10960",9.98061,34.80883,367,0.41,0.61,"2026-02-15",1140,"N20","high","2.0NRT",302.93,64.06,"D"
"10961",10.06509,35.45914,337.55,0.46,0.63,"2026-02-15",1140,"N20","nominal","2.0NRT",306.29,6.48,"D"
"10962",9.98163,34.81664,349.68,0.41,0.61,"2026-02-15",1140,"N20","nominal","2.0NRT",299.99,30.48,"D"
"10963",9.98112,34.81277,356.02,0.41,0.61,"2026-02-15",1140,"N20","nominal","2.0NRT",304.71,30.48,"D"
"10964",9.98009,34.80488,355.56,0.41,0.61,"2026-02-15",1140,"N20","nominal","2.0NRT",307.67,64.06,"D"
"10965",9.78217,33.31445,335.35,0.32,0.55,"2026-02-15",1140,"N20","nominal","2.0NRT",305.32,0.97,"D"
"10966",9.18375,28.98323,334.9,0.5,0.41,"2026-02-15",1140,"N20","nominal","2.0NRT",296.46,2.58,"D"
"10967",10.139,36.34063,336.53,0.53,0.67,"2026-02-15",1140,"N20","nominal","2.0NRT",306.35,6.47,"D"
"10968",10.13859,36.33712,332.36,0.53,0.67,"2026-02-15",1140,"N20","nominal","2.0NRT",306.47,6.47,"D"
"10969",10.13813,36.33324,342.33,0.53,0.67,"2026-02-15",1140,"N20","nominal","2.0NRT",307.25,6.31,"D"
"10970",9.77996,33.38483,336.77,0.33,0.55,"2026-02-15",1140,"N20","nominal","2.0NRT",304.87,3.7,"D"
"10971",10.14508,36.33891,367,0.53,0.67,"2026-02-15",1140,"N20","high","2.0NRT",306.5,6.47,"D"
"10972",10.09823,35.94162,337.22,0.5,0.65,"2026-02-15",1140,"N20","nominal","2.0NRT",305.51,8.65,"D"
"10973",10.04515,35.44684,346.65,0.46,0.63,"2026-02-15",1140,"N20","nominal","2.0NRT",308.7,6.56,"D"
"10974",9.9937,35.02183,340.84,0.43,0.62,"2026-02-15",1140,"N20","nominal","2.0NRT",302.98,2.97,"D"
"10975",9.96726,34.80524,355.86,0.41,0.61,"2026-02-15",1140,"N20","nominal","2.0NRT",302.42,94.32,"D"
"10976",9.96679,34.80145,348.32,0.41,0.61,"2026-02-15",1140,"N20","nominal","2.0NRT",302.92,42.86,"D"
"10977",9.97474,34.81993,367,0.41,0.61,"2026-02-15",1140,"N20","high","2.0NRT",300.27,11.8,"D"
"10978",9.97382,34.81242,347.11,0.41,0.61,"2026-02-15",1140,"N20","nominal","2.0NRT",314.17,113.46,"D"
"10979",9.97334,34.80855,347.38,0.41,0.61,"2026-02-15",1140,"N20","nominal","2.0NRT",319.78,94.32,"D"
"10980",9.97239,34.80083,351.15,0.41,0.61,"2026-02-15",1140,"N20","nominal","2.0NRT",306.3,42.86,"D"
"10981",9.97287,34.80466,367,0.41,0.61,"2026-02-15",1140,"N20","low","2.0NRT",332.77,94.32,"D"
"10982",9.98039,34.81961,367,0.41,0.61,"2026-02-15",1140,"N20","high","2.0NRT",301.69,18.52,"D"
"10983",9.97992,34.81578,367,0.41,0.61,"2026-02-15",1140,"N20","high","2.0NRT",300.31,15.19,"D"
"10984",9.97895,34.80797,367,0.41,0.61,"2026-02-15",1140,"N20","high","2.0NRT",303.48,15.76,"D"
"10985",10.05799,35.45495,343.89,0.46,0.63,"2026-02-15",1140,"N20","nominal","2.0NRT",308.5,8.03,"D"
"10986",10.05745,35.4505,337.81,0.46,0.63,"2026-02-15",1140,"N20","nominal","2.0NRT",309.81,8.03,"D"
"10987",9.97944,34.81193,354.7,0.41,0.61,"2026-02-15",1140,"N20","nominal","2.0NRT",305.45,15.19,"D"
"10988",9.97847,34.80405,355.33,0.41,0.61,"2026-02-15",1140,"N20","nominal","2.0NRT",307.78,15.76,"D"
"10989",9.97801,34.80028,341.68,0.41,0.61,"2026-02-15",1140,"N20","nominal","2.0NRT",300.88,7.81,"D"
"10990",10.06388,35.45459,367,0.46,0.63,"2026-02-15",1140,"N20","high","2.0NRT",311.64,8.03,"D"
"10991",9.98458,34.8075,367,0.41,0.61,"2026-02-15",1140,"N20","high","2.0NRT",301.06,15.76,"D"
"10992",10.06441,35.4589,344.88,0.46,0.63,"2026-02-15",1140,"N20","nominal","2.0NRT",305.78,10.36,"D"
"10993",9.98506,34.81142,349.24,0.41,0.61,"2026-02-15",1140,"N20","nominal","2.0NRT",300.59,15.19,"D"
"10994",9.94428,34.43814,338.82,0.39,0.59,"2026-02-15",1140,"N20","nominal","2.0NRT",304.05,10.69,"D"
"10995",9.94362,34.43283,338.46,0.39,0.59,"2026-02-15",1140,"N20","nominal","2.0NRT",304.92,15.68,"D"
"10996",9.94328,34.43015,330.62,0.39,0.59,"2026-02-15",1140,"N20","low","2.0NRT",303.99,3.15,"D"
"10997",9.95013,34.44054,367,0.39,0.59,"2026-02-15",1140,"N20","high","2.0NRT",304.17,10.69,"D"
"10998",10.13591,35.94938,337.71,0.5,0.66,"2026-02-15",1140,"N20","nominal","2.0NRT",304.16,5.59,"D"
"10999",9.94973,34.4374,355.8,0.39,0.59,"2026-02-15",1140,"N20","nominal","2.0NRT",310.25,10.69,"D"
"11000",10.0317,35.00291,367,0.43,0.62,"2026-02-15",1140,"N20","high","2.0NRT",305.39,8.76,"D"
"11001",9.83106,33.42099,367,0.33,0.55,"2026-02-15",1140,"N20","high","2.0NRT",312.71,13.75,"D"
"11002",10.03215,35.00651,336.14,0.43,0.62,"2026-02-15",1140,"N20","nominal","2.0NRT",300.75,3.64,"D"
"11003",10.00993,34.82837,331.22,0.42,0.61,"2026-02-15",1140,"N20","low","2.0NRT",302.44,8.24,"D"
"11004",10.00893,34.82038,338.6,0.41,0.61,"2026-02-15",1140,"N20","nominal","2.0NRT",303.04,3.83,"D"
"11005",9.82215,33.35212,339.58,0.33,0.55,"2026-02-15",1140,"N20","nominal","2.0NRT",306.01,3.43,"D"
"11006",10.03773,35.00506,367,0.43,0.62,"2026-02-15",1140,"N20","high","2.0NRT",308.25,11.32,"D"
"11007",10.02963,34.94024,367,0.42,0.61,"2026-02-15",1140,"N20","high","2.0NRT",307.09,6.71,"D"
"11008",10.04384,35.05403,334.47,0.43,0.62,"2026-02-15",1140,"N20","low","2.0NRT",305.46,3.71,"D"
"11009",10.03861,35.01209,331.96,0.43,0.62,"2026-02-15",1140,"N20","low","2.0NRT",305.76,4.76,"D"
"11010",10.03816,35.00855,334.03,0.43,0.62,"2026-02-15",1140,"N20","nominal","2.0NRT",306.02,4.76,"D"
"11011",10.01452,34.81963,332.56,0.41,0.61,"2026-02-15",1140,"N20","low","2.0NRT",302.77,2.96,"D"
"11012",9.84991,33.52667,335.48,0.34,0.56,"2026-02-15",1140,"N20","nominal","2.0NRT",305.07,2.02,"D"
"11013",9.84163,33.46266,341.13,0.33,0.55,"2026-02-15",1140,"N20","nominal","2.0NRT",304.85,7.47,"D"
"11014",10.04406,35.00958,342.84,0.43,0.62,"2026-02-15",1140,"N20","nominal","2.0NRT",306.74,4.76,"D"
"11015",10.03589,34.94439,332.66,0.42,0.61,"2026-02-15",1140,"N20","nominal","2.0NRT",305.8,6.71,"D"
"11016",9.53183,31.0969,353.57,0.46,0.47,"2026-02-15",1140,"N20","nominal","2.0NRT",307.38,39.74,"D"
"11017",9.53127,31.09277,341.8,0.45,0.47,"2026-02-15",1140,"N20","nominal","2.0NRT",301.76,18.67,"D"
"11018",10.04156,34.94388,352.12,0.42,0.61,"2026-02-15",1140,"N20","nominal","2.0NRT",309.05,8.98,"D"
"11019",10.08489,35.24273,343.8,0.44,0.63,"2026-02-15",1140,"N20","nominal","2.0NRT",306.07,3.88,"D"
"11020",9.97524,34.33341,335.83,0.38,0.59,"2026-02-15",1140,"N20","low","2.0NRT",306.73,3.06,"D"
"11021",9.98155,34.33961,348.6,0.38,0.59,"2026-02-15",1140,"N20","nominal","2.0NRT",307.6,6.94,"D"
"11022",9.9811,34.33617,340.14,0.38,0.59,"2026-02-15",1140,"N20","nominal","2.0NRT",307.3,3.06,"D"
"11023",10.07364,35.01546,367,0.43,0.62,"2026-02-15",1140,"N20","high","2.0NRT",306.19,10.5,"D"
"11024",10.07314,35.01152,354.07,0.43,0.62,"2026-02-15",1140,"N20","nominal","2.0NRT",309.38,18.18,"D"
"11025",10.0529,34.85269,351.18,0.42,0.61,"2026-02-15",1140,"N20","nominal","2.0NRT",307.93,57.62,"D"
"11026",10.05243,34.84898,346.05,0.42,0.61,"2026-02-15",1140,"N20","nominal","2.0NRT",303.24,4.92,"D"
"11027",10.05196,34.84528,348.7,0.42,0.61,"2026-02-15",1140,"N20","nominal","2.0NRT",300.93,4.92,"D"
"11028",9.55057,31.07333,354.3,0.45,0.47,"2026-02-15",1140,"N20","nominal","2.0NRT",302.52,7.82,"D"
"11029",10.17935,35.80644,367,0.49,0.65,"2026-02-15",1140,"N20","high","2.0NRT",305.57,15.69,"D"
"11030",10.07932,35.01477,344.52,0.43,0.62,"2026-02-15",1140,"N20","nominal","2.0NRT",306.28,10.5,"D"
"11031",10.05953,34.85985,351.57,0.42,0.61,"2026-02-15",1140,"N20","nominal","2.0NRT",303.92,61.36,"D"
"11032",10.05903,34.856,352.97,0.42,0.61,"2026-02-15",1140,"N20","nominal","2.0NRT",316.99,57.62,"D"
"11033",10.05855,34.85217,350.29,0.42,0.61,"2026-02-15",1140,"N20","nominal","2.0NRT",310.29,57.62,"D"
"11034",10.05806,34.84837,339.59,0.42,0.61,"2026-02-15",1140,"N20","nominal","2.0NRT",303.67,4.92,"D"
"11035",10.05758,34.84461,331.14,0.42,0.61,"2026-02-15",1140,"N20","low","2.0NRT",301.2,4.92,"D"
"11036",9.6149,31.50838,337.87,0.49,0.48,"2026-02-15",1140,"N20","low","2.0NRT",310.58,7.46,"D"
"11037",10.06468,34.8555,352.11,0.42,0.61,"2026-02-15",1140,"N20","nominal","2.0NRT",309.13,5.76,"D"
"11038",9.61935,31.50779,339.21,0.49,0.48,"2026-02-15",1140,"N20","low","2.0NRT",311.85,8.63,"D"
"11039",10.35356,37.11269,347.66,0.6,0.71,"2026-02-15",1140,"N20","nominal","2.0NRT",309.83,6.37,"D"
"11040",10.07032,34.85497,335.92,0.42,0.61,"2026-02-15",1140,"N20","low","2.0NRT",309.12,5.76,"D"
"11041",10.06883,34.84337,342.57,0.42,0.61,"2026-02-15",1140,"N20","nominal","2.0NRT",306.18,7.64,"D"
"11042",10.00674,34.36372,347.86,0.39,0.59,"2026-02-15",1140,"N20","nominal","2.0NRT",308.28,4.2,"D"
"11043",10.07495,34.84663,330.66,0.42,0.61,"2026-02-15",1140,"N20","low","2.0NRT",305.61,10.14,"D"
"11044",10.07446,34.8428,355.51,0.42,0.61,"2026-02-15",1140,"N20","nominal","2.0NRT",308.37,10.14,"D"
"11045",10.19772,35.71193,335.81,0.48,0.65,"2026-02-15",1140,"N20","low","2.0NRT",306.91,3.41,"D"
"11046",10.10622,34.99968,355.17,0.43,0.62,"2026-02-15",1140,"N20","nominal","2.0NRT",310.59,45.54,"D"
"11047",10.11244,35.00319,367,0.43,0.62,"2026-02-15",1140,"N20","high","2.0NRT",309.9,82.11,"D"
"11048",10.11195,34.99934,312.48,0.43,0.62,"2026-02-15",1140,"N20","low","2.0NRT",320.15,45.54,"D"
"11049",9.75957,32.2896,337.46,0.55,0.51,"2026-02-15",1140,"N20","nominal","2.0NRT",306.92,13.17,"D"
"11050",9.29585,28.99059,334.35,0.5,0.41,"2026-02-15",1140,"N20","nominal","2.0NRT",303.07,1.54,"D"
"11051",9.29638,28.98764,332.77,0.5,0.41,"2026-02-15",1140,"N20","nominal","2.0NRT",301.58,2.01,"D"
"11052",10.26197,36.48697,334.47,0.54,0.68,"2026-02-15",1140,"N20","nominal","2.0NRT",303.77,3.93,"D"
"11053",10.18244,35.8076,333.97,0.49,0.65,"2026-02-15",1140,"N20","nominal","2.0NRT",303.34,10.81,"D"
"11054",10.18199,35.80378,355.72,0.49,0.65,"2026-02-15",1140,"N20","nominal","2.0NRT",309.28,15.14,"D"
"11055",10.06857,34.85567,335.28,0.42,0.61,"2026-02-15",1140,"N20","low","2.0NRT",308.56,5.05,"D"
"11056",10.06716,34.84404,332.42,0.42,0.61,"2026-02-15",1140,"N20","nominal","2.0NRT",305.77,10.72,"D"
"11057",10.00856,34.36341,345.28,0.39,0.59,"2026-02-15",1140,"N20","nominal","2.0NRT",306.6,3.95,"D"
"11058",10.07279,34.84346,367,0.42,0.61,"2026-02-15",1140,"N20","high","2.0NRT",308.65,10.72,"D"
"11059",9.75741,32.29259,347.61,0.55,0.51,"2026-02-15",1140,"N20","nominal","2.0NRT",305.65,4.64,"D"
"11060",10.35352,37.11115,346.9,0.6,0.71,"2026-02-15",1140,"N20","nominal","2.0NRT",310.84,7.1,"D"
"11061",9.76211,32.29198,338.78,0.55,0.51,"2026-02-15",1140,"N20","nominal","2.0NRT",304.76,4.64,"D"
"11062",10.19549,35.71368,333.58,0.48,0.65,"2026-02-15",1140,"N20","low","2.0NRT",307.81,3.05,"D"
"11063",10.10955,35.00391,339.61,0.43,0.62,"2026-02-15",1140,"N20","nominal","2.0NRT",305.63,39.76,"D"
"11064",10.10908,35.00009,349.15,0.43,0.62,"2026-02-15",1140,"N20","nominal","2.0NRT",319.66,72.16,"D"
"11065",10.11527,35.00356,367,0.43,0.62,"2026-02-15",1140,"N20","high","2.0NRT",312.03,39.76,"D"
"11066",10.00714,34.13093,367,0.37,0.58,"2026-02-15",1140,"N20","high","2.0NRT",312.53,6.42,"D"
"11067",10.20145,35.71294,338.43,0.48,0.65,"2026-02-15",1140,"N20","nominal","2.0NRT",305.58,3.05,"D"
"11068",10.11575,35.00746,334.73,0.43,0.62,"2026-02-15",1140,"N20","nominal","2.0NRT",304.51,39.76,"D"
"11069",9.93063,33.5246,338.14,0.34,0.56,"2026-02-15",1140,"N20","low","2.0NRT",312.81,3.57,"D"
"11070",9.93024,33.52153,352.12,0.34,0.56,"2026-02-15",1140,"N20","nominal","2.0NRT",313.62,3.57,"D"
"11071",9.3201,28.96559,334.21,0.5,0.41,"2026-02-15",1140,"N20","nominal","2.0NRT",303.76,2.52,"D"
"11072",10.11479,34.99966,304.26,0.43,0.62,"2026-02-15",1140,"N20","low","2.0NRT",320.86,72.16,"D"
"11073",10.12049,34.9991,367,0.43,0.62,"2026-02-15",1140,"N20","high","2.0NRT",309.8,26.46,"D"
"11074",10.12097,35.00305,345.13,0.43,0.62,"2026-02-15",1140,"N20","nominal","2.0NRT",303.98,11.23,"D"
"11075",9.85608,32.9033,333.03,0.61,0.53,"2026-02-15",1140,"N20","low","2.0NRT",307.27,8.27,"D"
"11076",9.85536,32.89773,339.76,0.61,0.53,"2026-02-15",1140,"N20","nominal","2.0NRT",306.91,4.28,"D"
"11077",10.20513,35.64365,336.03,0.47,0.64,"2026-02-15",1140,"N20","low","2.0NRT",307.03,2.92,"D"
"11078",10.07884,34.52693,335.13,0.4,0.6,"2026-02-15",1140,"N20","low","2.0NRT",306.93,5.27,"D"
"11079",10.14301,34.9486,351.27,0.42,0.61,"2026-02-15",1140,"N20","nominal","2.0NRT",310.44,6.69,"D"
"11080",10.00973,33.85421,367,0.36,0.57,"2026-02-15",1140,"N20","high","2.0NRT",310.71,19.1,"D"
"11081",10.00931,33.85098,344.76,0.36,0.57,"2026-02-15",1140,"N20","nominal","2.0NRT",314.02,19.1,"D"
"11082",10.00601,33.82533,345.05,0.35,0.57,"2026-02-15",1140,"N20","nominal","2.0NRT",313.49,6.19,"D"
"11083",9.65926,31.20858,340.18,0.46,0.47,"2026-02-15",1140,"N20","low","2.0NRT",310.73,4.48,"D"
"11084",9.34183,28.92993,343.39,0.5,0.41,"2026-02-15",1140,"N20","nominal","2.0NRT",308.51,10.76,"D"
"11085",10.28013,35.95924,367,0.5,0.66,"2026-02-15",1140,"N20","high","2.0NRT",303.53,19.59,"D"
"11086",10.28129,35.96872,334.64,0.5,0.66,"2026-02-15",1140,"N20","nominal","2.0NRT",302.11,7.41,"D"
"11087",10.28071,35.96397,350.9,0.5,0.66,"2026-02-15",1140,"N20","nominal","2.0NRT",304.24,7.41,"D"
"11088",10.2789,35.94928,342.96,0.5,0.66,"2026-02-15",1140,"N20","nominal","2.0NRT",303.12,8.56,"D"
"11089",10.2783,35.94441,342.05,0.5,0.66,"2026-02-15",1140,"N20","nominal","2.0NRT",305.71,8.56,"D"
"11090",9.79251,32.16136,339.88,0.54,0.51,"2026-02-15",1140,"N20","nominal","2.0NRT",304.65,5.44,"D"
"11091",9.34687,28.9385,337.95,0.5,0.41,"2026-02-15",1140,"N20","low","2.0NRT",308.04,9.2,"D"
"11092",10.28673,35.96301,367,0.5,0.66,"2026-02-15",1140,"N20","high","2.0NRT",307.02,10.19,"D"
"11093",10.28731,35.96771,335.91,0.5,0.66,"2026-02-15",1140,"N20","nominal","2.0NRT",303.74,10.19,"D"
"11094",10.28614,35.95819,355.96,0.5,0.66,"2026-02-15",1140,"N20","nominal","2.0NRT",306.15,20.99,"D"
"11095",10.28428,35.94312,331.59,0.5,0.66,"2026-02-15",1140,"N20","low","2.0NRT",304.95,8.53,"D"
"11096",10.10165,34.48666,335.08,0.39,0.6,"2026-02-15",1140,"N20","low","2.0NRT",306.11,2.92,"D"
"11097",10.13489,34.70347,367,0.41,0.61,"2026-02-15",1140,"N20","high","2.0NRT",308.5,13.14,"D"
"11098",10.29278,35.96218,338.91,0.5,0.66,"2026-02-15",1140,"N20","nominal","2.0NRT",303.32,10.19,"D"
"11099",10.28967,35.93706,332.06,0.5,0.66,"2026-02-15",1140,"N20","nominal","2.0NRT",304.4,7.84,"D"
"11100",10.13586,34.71112,330.34,0.41,0.61,"2026-02-15",1140,"N20","low","2.0NRT",303.77,5.55,"D"
"11101",10.13538,34.7073,351.06,0.41,0.61,"2026-02-15",1140,"N20","nominal","2.0NRT",305.81,5.55,"D"
"11102",10.29512,35.93153,367,0.5,0.66,"2026-02-15",1140,"N20","high","2.0NRT",305.19,14.03,"D"
"11103",10.41116,36.87797,333.72,0.58,0.7,"2026-02-15",1140,"N20","low","2.0NRT",307.55,4.02,"D"
"11104",10.29763,35.95173,346.03,0.5,0.66,"2026-02-15",1140,"N20","nominal","2.0NRT",306.42,9.66,"D"
"11105",10.3031,35.94635,337.21,0.5,0.66,"2026-02-15",1140,"N20","nominal","2.0NRT",304.73,12.31,"D"
"11106",10.11298,34.44471,350.39,0.39,0.59,"2026-02-15",1140,"N20","nominal","2.0NRT",307.02,4.77,"D"
"11107",10.02304,33.75166,340.56,0.35,0.57,"2026-02-15",1140,"N20","low","2.0NRT",314.44,6.46,"D"
"11108",10.16562,34.81062,339.31,0.42,0.61,"2026-02-15",1140,"N20","nominal","2.0NRT",306.6,2.89,"D"
"11109",9.89646,32.71981,333.53,0.59,0.53,"2026-02-15",1140,"N20","low","2.0NRT",306.08,1.68,"D"
"11110",10.16623,34.72709,344.06,0.41,0.61,"2026-02-15",1140,"N20","nominal","2.0NRT",308.01,8.9,"D"
"11111",9.90059,32.7138,343.99,0.59,0.53,"2026-02-15",1140,"N20","nominal","2.0NRT",306.18,5.05,"D"
"11112",10.14612,34.44281,343.96,0.39,0.59,"2026-02-15",1140,"N20","nominal","2.0NRT",306.59,3.49,"D"
"11113",10.30447,35.94458,336.12,0.5,0.66,"2026-02-15",1140,"N20","nominal","2.0NRT",303.83,3.39,"D"
"11114",9.42209,29.05976,330.86,0.51,0.41,"2026-02-15",1140,"N20","nominal","2.0NRT",290.04,4.32,"D"
"11115",9.42144,29.05513,348.03,0.51,0.41,"2026-02-15",1140,"N20","nominal","2.0NRT",291.71,4.32,"D"
"11116",9.42587,29.05923,336.22,0.51,0.41,"2026-02-15",1140,"N20","nominal","2.0NRT",291.09,4.32,"D"
"11117",9.42522,29.05459,339.45,0.51,0.41,"2026-02-15",1140,"N20","nominal","2.0NRT",290.87,4.32,"D"
"11118",9.12071,26.92143,341.45,0.41,0.37,"2026-02-15",1140,"N20","nominal","2.0NRT",285.1,6.48,"D"
"11119",10.17066,34.72704,336.04,0.41,0.61,"2026-02-15",1140,"N20","low","2.0NRT",309.28,2.76,"D"
"11120",10.17024,34.72364,335.14,0.41,0.61,"2026-02-15",1140,"N20","low","2.0NRT",307.33,2.76,"D"
"11121",9.07512,26.58745,344.29,0.4,0.37,"2026-02-15",1140,"N20","nominal","2.0NRT",305.06,4.49,"D"
"11122",9.07459,26.58383,353.61,0.4,0.37,"2026-02-15",1140,"N20","nominal","2.0NRT",314.11,38.76,"D"
"11123",10.14152,34.4435,346.72,0.39,0.59,"2026-02-15",1140,"N20","nominal","2.0NRT",306.42,2.22,"D"
"11124",9.07849,26.58694,344.8,0.4,0.37,"2026-02-15",1140,"N20","nominal","2.0NRT",301.08,4.49,"D"
"11125",10.33335,35.77695,367,0.49,0.65,"2026-02-15",1140,"N20","high","2.0NRT",304.52,10.27,"D"
"11126",10.39802,36.26284,332.18,0.53,0.67,"2026-02-15",1140,"N20","nominal","2.0NRT",301.84,6.68,"D"
"11127",10.39722,36.25617,350.96,0.53,0.67,"2026-02-15",1140,"N20","nominal","2.0NRT",304.44,9.34,"D"
"11128",10.17593,34.45179,331.49,0.39,0.6,"2026-02-15",1140,"N20","nominal","2.0NRT",302.47,1.88,"D"
"11129",10.17557,34.44889,330.56,0.39,0.6,"2026-02-15",1140,"N20","low","2.0NRT",303.39,1.88,"D"
"11130",9.98635,32.92794,346.34,0.61,0.54,"2026-02-15",1140,"N20","nominal","2.0NRT",312.54,17.96,"D"
"11131",10.23372,34.82322,331.42,0.42,0.61,"2026-02-15",1140,"N20","low","2.0NRT",303.36,1.46,"D"
"11132",9.99128,32.92731,346.1,0.61,0.54,"2026-02-15",1140,"N20","nominal","2.0NRT",308.9,17.96,"D"
"11133",9.99055,32.92173,348.08,0.61,0.54,"2026-02-15",1140,"N20","nominal","2.0NRT",310.56,17.96,"D"
"11134",10.23932,34.82239,336.68,0.42,0.61,"2026-02-15",1140,"N20","nominal","2.0NRT",305.69,4.76,"D"
"11135",10.23407,34.78057,346.17,0.42,0.61,"2026-02-15",1140,"N20","nominal","2.0NRT",308.52,6.23,"D"
"11136",10.24391,34.8135,336.33,0.42,0.61,"2026-02-15",1140,"N20","nominal","2.0NRT",305.72,3.54,"D"
"11137",10.24841,34.80392,331.9,0.42,0.61,"2026-02-15",1140,"N20","low","2.0NRT",304.93,2.67,"D"
"11138",10.24786,34.79957,335.88,0.42,0.61,"2026-02-15",1140,"N20","nominal","2.0NRT",306.54,2.67,"D"
"11139",10.24732,34.79536,333.26,0.42,0.61,"2026-02-15",1140,"N20","low","2.0NRT",306.6,3.16,"D"
"11140",10.24682,34.79137,339.13,0.42,0.61,"2026-02-15",1140,"N20","nominal","2.0NRT",305.84,3.16,"D"
"11141",10.37622,35.77959,342.2,0.49,0.65,"2026-02-15",1140,"N20","nominal","2.0NRT",302.46,5.1,"D"
"11142",9.75044,30.99182,355.93,0.45,0.47,"2026-02-15",1140,"N20","nominal","2.0NRT",311.27,9.19,"D"
"11143",10.16366,34.05321,367,0.37,0.58,"2026-02-15",1140,"N20","high","2.0NRT",313.47,9.58,"D"
"11144",10.27931,34.95768,334.88,0.43,0.62,"2026-02-15",1140,"N20","low","2.0NRT",308.99,1.62,"D"
"11145",9.0879,26.34987,340.77,0.4,0.37,"2026-02-15",1140,"N20","low","2.0NRT",314.31,5.16,"D"
"11146",10.5017,36.59509,341.71,0.56,0.69,"2026-02-15",1140,"N20","nominal","2.0NRT",307.36,4.11,"D"
"11147",10.5409,36.7043,354.68,0.57,0.69,"2026-02-15",1140,"N20","nominal","2.0NRT",312.32,32.96,"D"
"11148",9.74741,30.68979,356.4,0.43,0.46,"2026-02-15",1140,"N20","nominal","2.0NRT",304.57,13.96,"D"
"11149",9.5233,29.09292,330.54,0.51,0.41,"2026-02-15",1140,"N20","low","2.0NRT",303.32,1.44,"D"
"11150",9.58393,29.48544,330.68,0.54,0.42,"2026-02-15",1140,"N20","nominal","2.0NRT",291.09,3.66,"D"
"11151",9.52709,29.09238,335.83,0.51,0.41,"2026-02-15",1140,"N20","nominal","2.0NRT",303.91,1.77,"D"
"11152",9.52732,29.09435,335.86,0.52,0.41,"2026-02-15",1140,"N20","nominal","2.0NRT",303.39,2.19,"D"
"11153",9.74808,30.69017,355.13,0.43,0.46,"2026-02-15",1140,"N20","nominal","2.0NRT",302.91,10.65,"D"
"11154",9.25225,27.12739,342.78,0.42,0.37,"2026-02-15",1140,"N20","nominal","2.0NRT",287.68,7.77,"D"
"11155",9.25171,27.12362,349.34,0.42,0.37,"2026-02-15",1140,"N20","nominal","2.0NRT",305.84,36.08,"D"
"11156",9.25116,27.11985,330.28,0.42,0.37,"2026-02-15",1140,"N20","nominal","2.0NRT",291.7,36.08,"D"
"11157",9.25788,27.14198,339.96,0.42,0.37,"2026-02-15",1140,"N20","nominal","2.0NRT",286.01,4.12,"D"
"11158",9.25733,27.13821,335.71,0.42,0.37,"2026-02-15",1140,"N20","nominal","2.0NRT",286.58,4.24,"D"
"11159",9.25678,27.13443,335.65,0.42,0.37,"2026-02-15",1140,"N20","nominal","2.0NRT",289.28,4.24,"D"
"11160",9.25623,27.13066,354.14,0.42,0.37,"2026-02-15",1140,"N20","nominal","2.0NRT",295.11,6.86,"D"
"11161",9.25568,27.12688,347.51,0.42,0.37,"2026-02-15",1140,"N20","nominal","2.0NRT",291.86,6.86,"D"
"11162",9.25514,27.12311,351.41,0.42,0.37,"2026-02-15",1140,"N20","nominal","2.0NRT",299.14,12.83,"D"
"11163",9.25459,27.11934,338.37,0.42,0.37,"2026-02-15",1140,"N20","nominal","2.0NRT",290.4,12.83,"D"
"11164",9.26241,27.14903,334.46,0.42,0.37,"2026-02-15",1140,"N20","nominal","2.0NRT",286.58,2.82,"D"
"11165",9.26186,27.14525,340.18,0.42,0.37,"2026-02-15",1140,"N20","nominal","2.0NRT",288.87,4.12,"D"
"11166",9.26131,27.14148,352,0.42,0.37,"2026-02-15",1140,"N20","nominal","2.0NRT",290.09,4.12,"D"
"11167",9.26076,27.1377,349.82,0.42,0.37,"2026-02-15",1140,"N20","nominal","2.0NRT",288.96,4.24,"D"
"11168",9.26021,27.13392,343.73,0.42,0.37,"2026-02-15",1140,"N20","nominal","2.0NRT",291.09,4.24,"D"
"11169",9.25966,27.13015,331.69,0.42,0.37,"2026-02-15",1140,"N20","nominal","2.0NRT",291.64,6.86,"D"
"11170",9.25912,27.12638,333.69,0.42,0.37,"2026-02-15",1140,"N20","nominal","2.0NRT",289.46,6.86,"D"
"11171",9.25857,27.1226,348.91,0.42,0.37,"2026-02-15",1140,"N20","nominal","2.0NRT",292.35,12.83,"D"
"11172",9.25802,27.11883,347.48,0.42,0.37,"2026-02-15",1140,"N20","nominal","2.0NRT",294.33,12.83,"D"
"11173",9.26255,27.12587,332.69,0.42,0.37,"2026-02-15",1140,"N20","nominal","2.0NRT",288.46,4.73,"D"
"11174",9.262,27.1221,351.22,0.42,0.37,"2026-02-15",1140,"N20","nominal","2.0NRT",293.54,6.01,"D"
"11175",9.26145,27.11832,335.02,0.42,0.37,"2026-02-15",1140,"N20","nominal","2.0NRT",292.42,6.01,"D"
"11176",9.26928,27.14802,342.36,0.42,0.37,"2026-02-15",1140,"N20","nominal","2.0NRT",291.26,5.92,"D"
"11177",9.26873,27.14424,335.8,0.42,0.37,"2026-02-15",1140,"N20","nominal","2.0NRT",292.45,5.81,"D"
"11178",9.26543,27.12159,336.4,0.42,0.37,"2026-02-15",1140,"N20","nominal","2.0NRT",291.02,6.01,"D"
"11179",9.54421,29.04915,342.73,0.51,0.41,"2026-02-15",1140,"N20","nominal","2.0NRT",311.28,11.48,"D"
"11180",9.27271,27.14751,336.3,0.42,0.37,"2026-02-15",1140,"N20","nominal","2.0NRT",290.94,4.99,"D"
"11181",9.26941,27.12485,337.61,0.42,0.37,"2026-02-15",1140,"N20","nominal","2.0NRT",294.87,5.28,"D"
"11182",9.26886,27.12108,337.44,0.42,0.37,"2026-02-15",1140,"N20","nominal","2.0NRT",293.51,3.31,"D"
"11183",9.27394,27.13189,339.86,0.42,0.37,"2026-02-15",1140,"N20","nominal","2.0NRT",295.38,5.95,"D"
"11184",9.27339,27.12811,345.98,0.42,0.37,"2026-02-15",1140,"N20","nominal","2.0NRT",295.75,5.28,"D"
"11185",10.13171,33.38284,346.02,0.33,0.55,"2026-02-15",1140,"N20","nominal","2.0NRT",313.4,5.31,"D"
"11186",9.28345,27.17297,345.63,0.42,0.38,"2026-02-15",1140,"N20","nominal","2.0NRT",284,4.18,"D"
"11187",9.27737,27.13138,341.1,0.42,0.37,"2026-02-15",1140,"N20","nominal","2.0NRT",299.44,4.11,"D"
"11188",9.27682,27.12761,350.98,0.42,0.37,"2026-02-15",1140,"N20","nominal","2.0NRT",300.93,7.17,"D"
"11189",10.54394,36.70747,367,0.57,0.69,"2026-02-15",1140,"N20","high","2.0NRT",306.1,21.37,"D"
"11190",10.13643,33.37918,367,0.33,0.55,"2026-02-15",1140,"N20","high","2.0NRT",312.87,5.31,"D"
"11191",10.54333,36.70234,350.59,0.57,0.69,"2026-02-15",1140,"N20","nominal","2.0NRT",311.34,21.37,"D"
"11192",10.03023,32.55496,345.78,0.58,0.52,"2026-02-15",1140,"N20","nominal","2.0NRT",308.82,10.98,"D"
"11193",9.28136,27.13465,334.57,0.42,0.37,"2026-02-15",1140,"N20","nominal","2.0NRT",292.09,4.11,"D"
"11194",9.28081,27.13087,352.06,0.42,0.37,"2026-02-15",1140,"N20","nominal","2.0NRT",293.84,4.11,"D"
"11195",9.28025,27.1271,340,0.42,0.37,"2026-02-15",1140,"N20","nominal","2.0NRT",294.02,7.17,"D"
"11196",10.03504,32.55434,338.47,0.58,0.52,"2026-02-15",1140,"N20","nominal","2.0NRT",307.38,4.58,"D"
"11197",10.55631,36.70295,335.46,0.57,0.69,"2026-02-15",1140,"N20","low","2.0NRT",308.76,6.2,"D"
"11198",9.29154,27.15631,333.36,0.42,0.37,"2026-02-15",1140,"N20","nominal","2.0NRT",287.86,3.18,"D"
"11199",10.52571,36.33856,367,0.53,0.67,"2026-02-15",1140,"N20","high","2.0NRT",308.37,8.32,"D"
"11200",10.34478,34.85892,367,0.42,0.61,"2026-02-15",1140,"N20","high","2.0NRT",308.25,23.6,"D"
"11201",10.34432,34.85522,352.45,0.42,0.61,"2026-02-15",1140,"N20","nominal","2.0NRT",309.78,23.6,"D"
"11202",9.59593,29.22424,340.36,0.52,0.42,"2026-02-15",1140,"N20","nominal","2.0NRT",304.58,3.51,"D"
"11203",9.59976,29.2237,335.85,0.52,0.42,"2026-02-15",1140,"N20","nominal","2.0NRT",304.04,2.96,"D"
"11204",9.30074,27.14722,334.28,0.42,0.37,"2026-02-15",1140,"N20","nominal","2.0NRT",284.61,4.27,"D"
"11205",9.57495,29.0211,334.09,0.51,0.41,"2026-02-15",1140,"N20","low","2.0NRT",308.35,2.45,"D"
"11206",9.57429,29.01646,334.96,0.51,0.41,"2026-02-15",1140,"N20","low","2.0NRT",309.38,2.45,"D"
"11207",9.28647,27.02632,348.75,0.41,0.37,"2026-02-15",1140,"N20","nominal","2.0NRT",292.47,4.53,"D"
"11208",9.28592,27.02258,332.04,0.41,0.37,"2026-02-15",1140,"N20","nominal","2.0NRT",290.59,4.53,"D"
"11209",10.31977,34.52461,330.6,0.4,0.6,"2026-02-15",1140,"N20","low","2.0NRT",304.17,3.74,"D"
"11210",9.8947,31.29085,346.2,0.47,0.48,"2026-02-15",1140,"N20","nominal","2.0NRT",310.57,8.57,"D"
"11211",9.57807,29.01593,337.96,0.51,0.41,"2026-02-15",1140,"N20","low","2.0NRT",308.91,3.37,"D"
"11212",9.29044,27.02956,338.61,0.41,0.37,"2026-02-15",1140,"N20","nominal","2.0NRT",288.44,3.54,"D"
"11213",9.28989,27.02582,338.2,0.41,0.37,"2026-02-15",1140,"N20","nominal","2.0NRT",289.09,7.01,"D"
"11214",9.28934,27.02207,353.62,0.41,0.37,"2026-02-15",1140,"N20","nominal","2.0NRT",290.45,7.01,"D"
"11215",9.24664,26.73309,339.31,0.4,0.37,"2026-02-15",1140,"N20","low","2.0NRT",310.46,5.68,"D"
"11216",9.14488,26.05017,347.56,0.39,0.36,"2026-02-15",1140,"N20","low","2.0NRT",318.87,6.27,"D"
"11217",9.14821,26.04966,347.26,0.39,0.36,"2026-02-15",1140,"N20","low","2.0NRT",317.32,6.27,"D"
"11218",9.15153,26.04916,346.52,0.39,0.36,"2026-02-15",1140,"N20","low","2.0NRT",318.58,8.1,"D"
"11219",10.13888,33.00436,338.26,0.62,0.54,"2026-02-15",1140,"N20","low","2.0NRT",312.36,7.1,"D"
"11220",9.79544,30.47491,351.92,0.42,0.45,"2026-02-15",1140,"N20","nominal","2.0NRT",306.28,9.93,"D"
"11221",9.79491,30.47111,345.08,0.42,0.45,"2026-02-15",1140,"N20","nominal","2.0NRT",302.35,9.93,"D"
"11222",9.80012,30.47815,347.53,0.42,0.45,"2026-02-15",1140,"N20","nominal","2.0NRT",302.91,10.77,"D"
"11223",9.79959,30.47434,351.44,0.42,0.45,"2026-02-15",1140,"N20","nominal","2.0NRT",309.5,27.68,"D"
"11224",9.79906,30.47054,341.6,0.42,0.45,"2026-02-15",1140,"N20","nominal","2.0NRT",300.45,27.68,"D"
"11225",9.81069,30.52344,345.61,0.42,0.45,"2026-02-15",1140,"N20","nominal","2.0NRT",298.88,2.87,"D"
"11226",9.81486,30.52288,332.46,0.42,0.45,"2026-02-15",1140,"N20","nominal","2.0NRT",297.15,2.1,"D"
"11227",9.41501,27.57917,332,0.43,0.38,"2026-02-15",1140,"N20","nominal","2.0NRT",267.38,1.85,"D"
"11228",9.42957,27.58105,334.5,0.43,0.38,"2026-02-15",1140,"N20","nominal","2.0NRT",271.82,14.19,"D"
"11229",9.43307,27.58054,353.56,0.43,0.38,"2026-02-15",1140,"N20","nominal","2.0NRT",280.09,14.19,"D"
"11230",9.43251,27.5766,337.33,0.43,0.38,"2026-02-15",1140,"N20","nominal","2.0NRT",275.69,6.5,"D"
"11231",9.68211,29.29199,334.34,0.53,0.42,"2026-02-15",1140,"N20","nominal","2.0NRT",303.04,4.7,"D"
"11232",9.77629,29.94675,343.36,0.39,0.44,"2026-02-15",1140,"N20","nominal","2.0NRT",279.53,9.69,"D"
"11233",10.15268,32.74989,345.58,0.6,0.53,"2026-02-15",1140,"N20","nominal","2.0NRT",311.09,8.71,"D"
"11234",9.78079,29.94973,342.9,0.39,0.44,"2026-02-15",1140,"N20","nominal","2.0NRT",280.13,9.77,"D"
"11235",9.7803,29.9462,347.61,0.39,0.44,"2026-02-15",1140,"N20","nominal","2.0NRT",287.11,9.69,"D"
"11236",10.43799,34.8918,350.64,0.42,0.61,"2026-02-15",1140,"N20","nominal","2.0NRT",306.88,5.7,"D"
"11237",10.43751,34.88788,334.57,0.42,0.61,"2026-02-15",1140,"N20","low","2.0NRT",307.44,4.58,"D"
"11238",10.61146,36.2764,330.65,0.53,0.67,"2026-02-15",1140,"N20","low","2.0NRT",304.04,3.28,"D"
"11239",10.35749,34.15477,367,0.38,0.59,"2026-02-15",1140,"N20","high","2.0NRT",309.44,53.24,"D"
"11240",10.35704,34.15124,367,0.38,0.58,"2026-02-15",1140,"N20","high","2.0NRT",334.61,96.01,"D"
"11241",10.40482,34.53228,340.36,0.4,0.6,"2026-02-15",1140,"N20","nominal","2.0NRT",303.4,3.65,"D"
"11242",10.36288,34.15414,367,0.38,0.59,"2026-02-15",1140,"N20","high","2.0NRT",312.65,53.24,"D"
"11243",10.36244,34.15062,367,0.38,0.58,"2026-02-15",1140,"N20","high","2.0NRT",313.13,96.01,"D"
"11244",9.82463,30.08909,346.97,0.4,0.44,"2026-02-15",1140,"N20","nominal","2.0NRT",281.31,8.37,"D"
"11245",10.36199,34.1471,367,0.38,0.58,"2026-02-15",1140,"N20","low","2.0NRT",329.51,96.01,"D"
"11246",10.36782,34.14994,367,0.38,0.58,"2026-02-15",1140,"N20","high","2.0NRT",313.24,18.87,"D"
"11247",10.36827,34.15345,348.3,0.38,0.59,"2026-02-15",1140,"N20","nominal","2.0NRT",310.97,11.63,"D"
"11248",10.36738,34.14643,349.97,0.38,0.58,"2026-02-15",1140,"N20","nominal","2.0NRT",312.3,18.87,"D"
"11249",10.08813,31.99778,332.42,0.53,0.5,"2026-02-15",1140,"N20","low","2.0NRT",307.26,4.97,"D"
"11250",9.76671,29.58626,334.01,0.55,0.43,"2026-02-15",1140,"N20","nominal","2.0NRT",288.78,3.47,"D"
"11251",10.60962,35.95145,367,0.5,0.66,"2026-02-15",1140,"N20","high","2.0NRT",299.84,21.41,"D"
"11252",10.60894,35.94589,349.38,0.5,0.66,"2026-02-15",1140,"N20","nominal","2.0NRT",305.99,27.05,"D"
"11253",10.10202,31.99595,355.33,0.53,0.5,"2026-02-15",1140,"N20","nominal","2.0NRT",309.02,8.27,"D"
"11254",10.10137,31.9911,333.75,0.53,0.5,"2026-02-15",1140,"N20","nominal","2.0NRT",305.29,8.27,"D"
"11255",10.61579,35.95154,367,0.5,0.66,"2026-02-15",1140,"N20","high","2.0NRT",304.03,17.41,"D"
"11256",10.54667,35.3923,335.62,0.46,0.64,"2026-02-15",1140,"N20","low","2.0NRT",306.81,3.03,"D"
"11257",10.55228,35.38961,332.4,0.46,0.64,"2026-02-15",1140,"N20","low","2.0NRT",306.87,3.03,"D"
"11258",9.95386,30.84067,344.35,0.44,0.46,"2026-02-15",1140,"N20","nominal","2.0NRT",309.37,8.52,"D"
"11259",10.49154,34.81539,367,0.42,0.61,"2026-02-15",1140,"N20","high","2.0NRT",309.16,7.19,"D"
"11260",10.49204,34.81933,336.2,0.42,0.61,"2026-02-15",1140,"N20","nominal","2.0NRT",307.64,7.19,"D"
"11261",10.56112,35.27139,352.17,0.45,0.63,"2026-02-15",1140,"N20","nominal","2.0NRT",308.03,9.59,"D"
"11262",10.23672,32.78389,342.23,0.6,0.53,"2026-02-15",1140,"N20","nominal","2.0NRT",311.21,7.25,"D"
"11263",10.24236,32.7888,346.14,0.6,0.53,"2026-02-15",1140,"N20","nominal","2.0NRT",312,10.48,"D"
"11264",9.68081,28.76494,346.1,0.5,0.41,"2026-02-15",1140,"N20","nominal","2.0NRT",285.67,31.09,"D"
"11265",9.68016,28.76044,335.6,0.5,0.41,"2026-02-15",1140,"N20","nominal","2.0NRT",282.22,31.09,"D"
"11266",10.48945,34.81619,367,0.42,0.61,"2026-02-15",1140,"N20","high","2.0NRT",309.46,13.92,"D"
"11267",10.23981,32.78727,339.37,0.61,0.53,"2026-02-15",1140,"N20","low","2.0NRT",312.74,5.36,"D"
"11268",10.24541,32.79218,343.83,0.61,0.53,"2026-02-15",1140,"N20","nominal","2.0NRT",310.03,5.36,"D"
"11269",10.24471,32.78664,336.55,0.61,0.53,"2026-02-15",1140,"N20","low","2.0NRT",310.16,5.36,"D"
"11270",10.56144,35.27247,367,0.45,0.63,"2026-02-15",1140,"N20","high","2.0NRT",308.15,9.56,"D"
"11271",9.85296,29.65958,331.36,0.56,0.43,"2026-02-15",1140,"N20","nominal","2.0NRT",289.57,1.42,"D"
"11272",10.53063,34.68625,353.92,0.41,0.61,"2026-02-15",1140,"N20","nominal","2.0NRT",309.08,7.11,"D"
"11273",10.53026,34.54733,336.15,0.4,0.6,"2026-02-15",1140,"N20","low","2.0NRT",309.55,5.45,"D"
"11274",10.15565,31.66324,334.47,0.51,0.49,"2026-02-15",1140,"N20","low","2.0NRT",306.63,3.56,"D"
"11275",10.53582,34.54686,353.08,0.4,0.6,"2026-02-15",1140,"N20","nominal","2.0NRT",305.03,5.85,"D"
"11276",10.54091,34.54253,346.77,0.4,0.6,"2026-02-15",1140,"N20","nominal","2.0NRT",305.94,5.85,"D"
"11277",10.54042,34.53872,344.11,0.4,0.6,"2026-02-15",1140,"N20","nominal","2.0NRT",306.03,3.28,"D"
"11278",10.58458,34.84388,347.59,0.42,0.61,"2026-02-15",1140,"N20","nominal","2.0NRT",306.9,3.29,"D"
"11279",10.54645,34.54186,338.08,0.4,0.6,"2026-02-15",1140,"N20","nominal","2.0NRT",307.05,3.23,"D"
"11280",10.18421,31.63601,332.28,0.5,0.49,"2026-02-15",1140,"N20","low","2.0NRT",305.65,4.91,"D"
"11281",10.16924,31.52649,344.55,0.5,0.49,"2026-02-15",1140,"N20","nominal","2.0NRT",309.2,5.34,"D"
"11282",10.16862,31.52197,356.53,0.5,0.49,"2026-02-15",1140,"N20","nominal","2.0NRT",313.47,8.87,"D"
"11283",10.16801,31.51745,349.63,0.5,0.49,"2026-02-15",1140,"N20","nominal","2.0NRT",310.7,8.87,"D"
"11284",10.07884,30.86991,344.16,0.45,0.47,"2026-02-15",1140,"N20","nominal","2.0NRT",294.64,4.96,"D"
"11285",9.90561,29.60568,331.01,0.56,0.43,"2026-02-15",1140,"N20","nominal","2.0NRT",291.03,2.8,"D"
"11286",10.69484,35.43987,332.2,0.47,0.64,"2026-02-15",1140,"N20","low","2.0NRT",305.67,3.78,"D"
"11287",10.49737,33.90377,346.68,0.36,0.58,"2026-02-15",1140,"N20","nominal","2.0NRT",316.07,7.15,"D"
"11288",10.434,33.42186,340.68,0.34,0.56,"2026-02-15",1140,"N20","low","2.0NRT",313.53,4.79,"D"
"11289",10.15913,31.38664,344.65,0.49,0.48,"2026-02-15",1140,"N20","nominal","2.0NRT",309.89,9.01,"D"
"11290",10.80803,36.29545,335.6,0.54,0.68,"2026-02-15",1140,"N20","nominal","2.0NRT",305.57,12.36,"D"
"11291",10.80746,36.29081,337.97,0.54,0.68,"2026-02-15",1140,"N20","nominal","2.0NRT",303.53,8.28,"D"
"11292",10.70073,35.43924,341.09,0.47,0.64,"2026-02-15",1140,"N20","nominal","2.0NRT",306.76,3.78,"D"
"11293",10.16419,31.39047,351.11,0.49,0.48,"2026-02-15",1140,"N20","nominal","2.0NRT",309.68,5.77,"D"
"11294",10.17369,31.39374,336.41,0.49,0.48,"2026-02-15",1140,"N20","low","2.0NRT",308.8,7.61,"D"
"11295",10.15819,31.38763,346.6,0.49,0.48,"2026-02-15",1140,"N20","nominal","2.0NRT",309.27,6.27,"D"
"11296",10.16263,31.38703,339.12,0.49,0.48,"2026-02-15",1140,"N20","low","2.0NRT",311.24,6.27,"D"
"11297",10.16766,31.39087,337.99,0.49,0.48,"2026-02-15",1140,"N20","low","2.0NRT",310.96,7.26,"D"
"11298",10.43624,33.41949,348.21,0.34,0.56,"2026-02-15",1140,"N20","nominal","2.0NRT",313.25,3.5,"D"
"11299",10.50176,33.90495,347.61,0.36,0.58,"2026-02-15",1140,"N20","nominal","2.0NRT",315.09,7.75,"D"
"11300",10.69934,35.4395,342.7,0.47,0.64,"2026-02-15",1140,"N20","nominal","2.0NRT",307.16,7.72,"D"
"11301",10.12411,30.89306,332.13,0.45,0.47,"2026-02-15",1140,"N20","nominal","2.0NRT",295.93,3,"D"
"11302",10.80612,36.29196,343.9,0.54,0.68,"2026-02-15",1140,"N20","nominal","2.0NRT",305.63,10.03,"D"
"11303",10.76222,35.86631,331.73,0.5,0.66,"2026-02-15",1140,"N20","low","2.0NRT",302.71,3.23,"D"
"11304",10.23078,31.59361,340.9,0.5,0.49,"2026-02-15",1140,"N20","nominal","2.0NRT",306.51,6.32,"D"
"11305",10.23017,31.58903,340.6,0.5,0.49,"2026-02-15",1140,"N20","low","2.0NRT",310.93,7.42,"D"
"11306",10.64794,34.82117,367,0.42,0.61,"2026-02-15",1140,"N20","high","2.0NRT",306.28,5.77,"D"
"11307",10.77109,35.83769,342.44,0.5,0.66,"2026-02-15",1140,"N20","nominal","2.0NRT",302.57,9.75,"D"
"11308",10.26059,31.78394,341.53,0.52,0.5,"2026-02-15",1140,"N20","nominal","2.0NRT",308.87,4.39,"D"
"11309",10.25997,31.77921,344.07,0.52,0.5,"2026-02-15",1140,"N20","nominal","2.0NRT",309.11,4.39,"D"
"11310",10.23468,31.58843,352.93,0.5,0.49,"2026-02-15",1140,"N20","nominal","2.0NRT",309.58,7.42,"D"
"11311",10.26517,31.78333,337.35,0.52,0.5,"2026-02-15",1140,"N20","low","2.0NRT",312,15.36,"D"
"11312",10.27037,31.78747,345.63,0.52,0.5,"2026-02-15",1140,"N20","nominal","2.0NRT",312.33,12.83,"D"
"11313",10.26974,31.78273,352.36,0.52,0.5,"2026-02-15",1140,"N20","nominal","2.0NRT",312.76,15.36,"D"
"11314",10.12843,30.73165,347.97,0.44,0.46,"2026-02-15",1140,"N20","nominal","2.0NRT",307.07,48.02,"D"
"11315",10.68484,34.98035,334.01,0.43,0.62,"2026-02-15",1140,"N20","low","2.0NRT",307.71,2.61,"D"
"11316",10.68435,34.97633,336.72,0.43,0.62,"2026-02-15",1140,"N20","nominal","2.0NRT",306.3,2.61,"D"
"11317",10.27621,31.79633,351.71,0.52,0.5,"2026-02-15",1140,"N20","nominal","2.0NRT",310.28,8.23,"D"
"11318",10.13267,30.73106,353.36,0.44,0.46,"2026-02-15",1140,"N20","nominal","2.0NRT",310.68,10.93,"D"
"11319",10.69603,35.02392,367,0.44,0.62,"2026-02-15",1140,"N20","high","2.0NRT",308.09,5.35,"D"
"11320",10.60249,34.27462,344.7,0.39,0.59,"2026-02-15",1140,"N20","nominal","2.0NRT",310.64,3.9,"D"
"11321",10.28142,31.80047,337.3,0.52,0.5,"2026-02-15",1140,"N20","low","2.0NRT",308.57,8.23,"D"
"11322",10.80644,35.8763,343.17,0.5,0.66,"2026-02-15",1140,"N20","nominal","2.0NRT",304.48,2.88,"D"
"11323",10.80587,35.87158,335.98,0.5,0.66,"2026-02-15",1140,"N20","nominal","2.0NRT",305.46,2.88,"D"
"11324",10.70179,35.02344,346.57,0.44,0.62,"2026-02-15",1140,"N20","nominal","2.0NRT",311.41,7.6,"D"
"11325",10.04349,29.99195,345.21,0.39,0.44,"2026-02-15",1140,"N20","nominal","2.0NRT",292.08,4.72,"D"
"11326",10.04299,29.98837,331.56,0.39,0.44,"2026-02-15",1140,"N20","nominal","2.0NRT",292.56,4.47,"D"
"11327",10.71382,35.02656,367,0.44,0.62,"2026-02-15",1140,"N20","high","2.0NRT",310.02,8.38,"D"
"11328",10.75231,35.33609,356.21,0.46,0.64,"2026-02-15",1140,"N20","nominal","2.0NRT",309.08,7.04,"D"
"11329",10.76615,35.30426,334.61,0.46,0.63,"2026-02-15",1140,"N20","low","2.0NRT",307.21,4.33,"D"
"11330",10.69444,34.73515,340.5,0.42,0.61,"2026-02-15",1140,"N20","nominal","2.0NRT",308.53,2.9,"D"
"11331",10.77256,35.3081,340.48,0.46,0.63,"2026-02-15",1140,"N20","nominal","2.0NRT",307.04,4.14,"D"
"11332",10.27684,31.52713,340.08,0.5,0.49,"2026-02-15",1140,"N20","nominal","2.0NRT",307.66,1.61,"D"
"11333",10.77844,35.30766,340.84,0.46,0.63,"2026-02-15",1140,"N20","nominal","2.0NRT",306.38,4.14,"D"
"11334",10.77789,35.30328,332.4,0.46,0.63,"2026-02-15",1140,"N20","low","2.0NRT",306.9,4.26,"D"
"11335",10.77735,35.29903,341.21,0.46,0.63,"2026-02-15",1140,"N20","nominal","2.0NRT",307.71,4.26,"D"
"11336",10.69242,34.73404,342.55,0.42,0.61,"2026-02-15",1140,"N20","nominal","2.0NRT",310.23,4.68,"D"
"11337",10.7657,35.30342,334.47,0.46,0.63,"2026-02-15",1140,"N20","low","2.0NRT",307.43,4.45,"D"
"11338",10.77208,35.30721,339.68,0.46,0.63,"2026-02-15",1140,"N20","nominal","2.0NRT",307.35,4.51,"D"
"11339",10.77795,35.30677,338.61,0.46,0.63,"2026-02-15",1140,"N20","nominal","2.0NRT",306.66,4.51,"D"
"11340",10.77693,35.29816,337.28,0.46,0.63,"2026-02-15",1140,"N20","low","2.0NRT",307.39,7.3,"D"
"11341",10.09308,29.8358,342.22,0.39,0.44,"2026-02-15",1140,"N20","nominal","2.0NRT",292.45,5.46,"D"
"11342",10.76087,34.92074,355.14,0.43,0.62,"2026-02-15",1140,"N20","nominal","2.0NRT",309.45,7.42,"D"
"11343",10.09867,29.81716,330.7,0.38,0.44,"2026-02-15",1140,"N20","nominal","2.0NRT",293.07,2.37,"D"
"11344",9.98915,28.97322,346.77,0.51,0.41,"2026-02-15",1140,"N20","nominal","2.0NRT",312.4,6.65,"D"
"11345",10.72627,34.50015,348.72,0.4,0.6,"2026-02-15",1140,"N20","nominal","2.0NRT",306.75,3.41,"D"
"11346",10.26068,30.81534,336.52,0.45,0.47,"2026-02-15",1140,"N20","nominal","2.0NRT",303.5,4,"D"
"11347",9.6629,26.61337,343.28,0.4,0.37,"2026-02-15",1140,"N20","nominal","2.0NRT",301.6,5.98,"D"
"11348",9.66967,26.61236,348.28,0.4,0.37,"2026-02-15",1140,"N20","nominal","2.0NRT",307.46,10.99,"D"
"11349",9.6736,26.61551,346.89,0.4,0.37,"2026-02-15",1140,"N20","nominal","2.0NRT",302.5,8.85,"D"
"11350",9.67263,26.58572,349.85,0.4,0.37,"2026-02-15",1140,"N20","nominal","2.0NRT",305.43,5.82,"D"
"11351",9.67601,26.58521,349,0.4,0.37,"2026-02-15",1140,"N20","nominal","2.0NRT",306.62,5.82,"D"
"11352",10.07257,29.28734,337.08,0.54,0.42,"2026-02-15",1140,"N20","nominal","2.0NRT",298.48,2.91,"D"
"11353",9.70566,26.54296,341.98,0.4,0.37,"2026-02-15",1140,"N20","low","2.0NRT",316.81,10.69,"D"
"11354",9.70904,26.54246,344.77,0.4,0.37,"2026-02-15",1140,"N20","nominal","2.0NRT",313.17,10.69,"D"
"11355",10.67879,33.69566,341.94,0.35,0.57,"2026-02-15",1140,"N20","nominal","2.0NRT",311.91,2.14,"D"
"11356",9.72562,26.58484,347.83,0.4,0.37,"2026-02-15",1140,"N20","nominal","2.0NRT",312.84,7.3,"D"
"11357",10.69934,33.73256,340.76,0.36,0.57,"2026-02-15",1140,"N20","low","2.0NRT",313.8,3.41,"D"
"11358",10.29476,30.49559,341.77,0.43,0.46,"2026-02-15",1140,"N20","nominal","2.0NRT",308.17,4.47,"D"
"11359",10.29424,30.49171,345.81,0.43,0.46,"2026-02-15",1140,"N20","nominal","2.0NRT",309.58,7.21,"D"
"11360",10.83963,34.55591,367,0.41,0.6,"2026-02-15",1140,"N20","high","2.0NRT",309.83,7.71,"D"
"11361",10.88034,34.83965,336.76,0.43,0.62,"2026-02-15",1140,"N20","low","2.0NRT",310,4.52,"D"
"11362",10.87988,34.83585,348.06,0.43,0.62,"2026-02-15",1140,"N20","nominal","2.0NRT",311.65,10.06,"D"
"11363",10.76259,33.85191,367,0.36,0.58,"2026-02-15",1140,"N20","high","2.0NRT",311.43,7.2,"D"
"11364",10.88461,34.82758,344.49,0.43,0.62,"2026-02-15",1140,"N20","nominal","2.0NRT",310.85,5.37,"D"
"11365",10.91697,35.04283,334.77,0.44,0.62,"2026-02-15",1140,"N20","low","2.0NRT",307.8,1.34,"D"
"11366",10.91646,35.0387,332.59,0.44,0.62,"2026-02-15",1140,"N20","low","2.0NRT",305.46,1.34,"D"
"11367",10.23137,29.79066,336.32,0.38,0.44,"2026-02-15",1140,"N20","nominal","2.0NRT",300.29,2.98,"D"
"11368",11.0089,35.64565,367,0.49,0.65,"2026-02-15",1140,"N20","high","2.0NRT",305.64,73.24,"D"
"11369",11.00781,35.63675,341.25,0.49,0.65,"2026-02-15",1140,"N20","nominal","2.0NRT",309.26,26.48,"D"
"11370",9.87315,27.23378,348.33,0.42,0.38,"2026-02-15",1140,"N20","nominal","2.0NRT",294.91,13.02,"D"
"11371",9.87258,27.22993,349.89,0.42,0.38,"2026-02-15",1140,"N20","nominal","2.0NRT",298.52,13.02,"D"
"11372",11.00835,35.6412,207.93,0.49,0.65,"2026-02-15",1140,"N20","low","2.0NRT",319.51,73.24,"D"
"11373",11.10669,36.39981,367,0.55,0.68,"2026-02-15",1140,"N20","high","2.0NRT",312.86,40.43,"D"
"11374",10.75511,33.58453,367,0.35,0.57,"2026-02-15",1140,"N20","high","2.0NRT",315.07,7.04,"D"
"11375",10.78525,33.81837,355.13,0.36,0.58,"2026-02-15",1140,"N20","nominal","2.0NRT",317.09,8.27,"D"
"11376",9.87661,27.23327,342.4,0.42,0.38,"2026-02-15",1140,"N20","nominal","2.0NRT",290.5,6.21,"D"
"11377",9.87604,27.22942,336.17,0.42,0.38,"2026-02-15",1140,"N20","nominal","2.0NRT",289.52,6.21,"D"
"11378",11.07642,36.09767,333.61,0.52,0.67,"2026-02-15",1140,"N20","nominal","2.0NRT",302.37,1.94,"D"
"11379",10.79054,33.81767,346.7,0.36,0.58,"2026-02-15",1140,"N20","nominal","2.0NRT",313.69,8.27,"D"
"11380",10.46112,31.2675,344.35,0.48,0.48,"2026-02-15",1140,"N20","nominal","2.0NRT",311.07,6.76,"D"
"11381",9.88643,27.22789,343.12,0.42,0.38,"2026-02-15",1140,"N20","nominal","2.0NRT",286.08,8.19,"D"
"11382",9.88586,27.22404,354.37,0.42,0.38,"2026-02-15",1140,"N20","nominal","2.0NRT",286.06,22.04,"D"
"11383",9.8853,27.22019,347.46,0.42,0.38,"2026-02-15",1140,"N20","nominal","2.0NRT",272.1,22.04,"D"
"11384",11.10369,36.16685,332.88,0.53,0.67,"2026-02-15",1140,"N20","nominal","2.0NRT",302.25,1.54,"D"
"11385",11.10307,36.16177,336.84,0.53,0.67,"2026-02-15",1140,"N20","nominal","2.0NRT",304.69,1.54,"D"
"11386",11.09384,36.08663,340.57,0.52,0.67,"2026-02-15",1140,"N20","nominal","2.0NRT",305.52,9.19,"D"
"11387",11.09328,36.08212,339.49,0.52,0.67,"2026-02-15",1140,"N20","nominal","2.0NRT",306.5,7.11,"D"
"11388",9.89103,27.23509,332.37,0.42,0.38,"2026-02-15",1140,"N20","nominal","2.0NRT",277.42,2.73,"D"
"11389",9.89046,27.23123,351.69,0.42,0.38,"2026-02-15",1140,"N20","nominal","2.0NRT",285.32,15.05,"D"
"11390",9.88933,27.22353,355.55,0.42,0.38,"2026-02-15",1140,"N20","nominal","2.0NRT",286.23,17.44,"D"
"11391",9.88876,27.21968,350.02,0.42,0.38,"2026-02-15",1140,"N20","nominal","2.0NRT",279.2,17.44,"D"
"11392",9.88989,27.22738,356.9,0.42,0.38,"2026-02-15",1140,"N20","low","2.0NRT",288.47,15.05,"D"
"11393",11.09998,36.08579,367,0.52,0.67,"2026-02-15",1140,"N20","high","2.0NRT",306.5,9.19,"D"
"11394",11.09945,36.08141,335.85,0.52,0.67,"2026-02-15",1140,"N20","nominal","2.0NRT",306.85,7.11,"D"
"11395",11.0817,35.93786,330.93,0.51,0.66,"2026-02-15",1140,"N20","low","2.0NRT",305.26,2.69,"D"
"11396",11.0354,35.56581,340.1,0.48,0.65,"2026-02-15",1140,"N20","nominal","2.0NRT",306.87,1.54,"D"
"11397",10.46333,31.21809,339.08,0.48,0.48,"2026-02-15",1140,"N20","low","2.0NRT",309.88,3.21,"D"
"11398",10.27528,29.87072,343.57,0.39,0.44,"2026-02-15",1140,"N20","nominal","2.0NRT",301.12,2.4,"D"
"11399",9.89449,27.23457,330.56,0.42,0.38,"2026-02-15",1140,"N20","nominal","2.0NRT",276.4,2.73,"D"
"11400",9.89392,27.23072,356.31,0.42,0.38,"2026-02-15",1140,"N20","nominal","2.0NRT",286.06,15.05,"D"
"11401",9.89336,27.22687,356.1,0.42,0.38,"2026-02-15",1140,"N20","nominal","2.0NRT",288.07,15.05,"D"
"11402",9.89279,27.22302,355.17,0.42,0.38,"2026-02-15",1140,"N20","nominal","2.0NRT",286.33,17.44,"D"
"11403",9.89222,27.21917,337.35,0.42,0.38,"2026-02-15",1140,"N20","nominal","2.0NRT",273.23,17.44,"D"
"11404",9.89796,27.23406,333.27,0.42,0.38,"2026-02-15",1140,"N20","nominal","2.0NRT",272.25,3.41,"D"
"11405",9.89682,27.22636,354.14,0.42,0.38,"2026-02-15",1140,"N20","nominal","2.0NRT",289.08,17.41,"D"
"11406",9.89625,27.22251,332.76,0.42,0.38,"2026-02-15",1140,"N20","nominal","2.0NRT",278.69,5.27,"D"
"11407",9.89739,27.23021,356.8,0.42,0.38,"2026-02-15",1140,"N20","low","2.0NRT",282.79,17.41,"D"
"11408",9.90142,27.23355,331.71,0.42,0.38,"2026-02-15",1140,"N20","nominal","2.0NRT",273.68,3.41,"D"
"11409",9.90545,27.2369,339.46,0.42,0.38,"2026-02-15",1140,"N20","nominal","2.0NRT",268.73,7.44,"D"
"11410",9.88052,27.06851,345.06,0.42,0.38,"2026-02-15",1140,"N20","nominal","2.0NRT",295.27,4.66,"D"
"11411",11.01093,35.63826,332.66,0.49,0.65,"2026-02-15",1140,"N20","low","2.0NRT",305.36,4.05,"D"
"11412",11.10404,36.39818,356.13,0.55,0.68,"2026-02-15",1140,"N20","nominal","2.0NRT",309.06,16.12,"D"
"11413",11.11089,36.40236,338.6,0.55,0.68,"2026-02-15",1140,"N20","nominal","2.0NRT",306.46,13.7,"D"
"11414",11.11034,36.39757,355.66,0.55,0.68,"2026-02-15",1140,"N20","nominal","2.0NRT",308.69,17.66,"D"
"11415",9.8168,26.46661,352.76,0.4,0.37,"2026-02-15",1140,"N20","nominal","2.0NRT",297.01,8.93,"D"
"11416",9.81627,26.46296,339.46,0.4,0.37,"2026-02-15",1140,"N20","nominal","2.0NRT",295.06,9.24,"D"
"11417",9.82017,26.4661,367,0.4,0.37,"2026-02-15",1140,"N20","high","2.0NRT",293.56,8.93,"D"
"11418",9.82071,26.46975,337.74,0.4,0.37,"2026-02-15",1140,"N20","nominal","2.0NRT",285.65,8.93,"D"
"11419",9.81964,26.46246,349.45,0.4,0.37,"2026-02-15",1140,"N20","nominal","2.0NRT",291.91,9.24,"D"
"11420",11.09648,36.16589,334.18,0.53,0.67,"2026-02-15",1140,"N20","low","2.0NRT",305.74,4.28,"D"
"11421",11.09333,36.08442,367,0.52,0.67,"2026-02-15",1140,"N20","high","2.0NRT",307.16,9.07,"D"
"11422",11.10261,36.16458,347.41,0.53,0.67,"2026-02-15",1140,"N20","nominal","2.0NRT",304.14,4.28,"D"
"11423",11.09949,36.08363,367,0.52,0.67,"2026-02-15",1140,"N20","high","2.0NRT",308.23,12.65,"D"
"11424",11.0822,35.93525,335.48,0.51,0.66,"2026-02-15",1140,"N20","nominal","2.0NRT",306.36,8.27,"D"
"11425",11.03898,35.5671,349.28,0.48,0.65,"2026-02-15",1140,"N20","nominal","2.0NRT",305.46,7.27,"D"
"11426",11.03845,35.56261,348.07,0.48,0.65,"2026-02-15",1140,"N20","nominal","2.0NRT",308.88,10.08,"D"
"11427",9.86537,26.70318,338.49,0.41,0.37,"2026-02-15",1140,"N20","nominal","2.0NRT",308.18,3.6,"D"
"11428",11.08935,35.9434,367,0.51,0.66,"2026-02-15",1140,"N20","high","2.0NRT",302.79,14.88,"D"
"11429",11.08881,35.93877,367,0.51,0.66,"2026-02-15",1140,"N20","high","2.0NRT",309.11,14.88,"D"
"11430",11.08991,35.94822,345.1,0.51,0.66,"2026-02-15",1140,"N20","nominal","2.0NRT",300.03,7.44,"D"
"11431",11.09598,35.94707,367,0.51,0.66,"2026-02-15",1140,"N20","high","2.0NRT",306.87,101.03,"D"
"11432",11.11354,36.09687,335.38,0.52,0.67,"2026-02-15",1140,"N20","nominal","2.0NRT",301.43,5.51,"D"
"11433",11.09485,35.93752,355.08,0.51,0.66,"2026-02-15",1140,"N20","nominal","2.0NRT",311.82,66.76,"D"
"11434",11.09433,35.93305,333.95,0.51,0.66,"2026-02-15",1140,"N20","nominal","2.0NRT",305.29,8.11,"D"
"11435",11.0954,35.9422,367,0.51,0.66,"2026-02-15",1140,"N20","low","2.0NRT",334.47,66.76,"D"
"11436",11.11919,36.09163,367,0.52,0.67,"2026-02-15",1140,"N20","high","2.0NRT",304.68,55.36,"D"
"11437",11.10149,35.94129,367,0.51,0.66,"2026-02-15",1140,"N20","high","2.0NRT",307.99,66.76,"D"
"11438",11.10094,35.93658,367,0.51,0.66,"2026-02-15",1140,"N20","high","2.0NRT",310.71,66.76,"D"
"11439",11.11974,36.09636,345.95,0.52,0.67,"2026-02-15",1140,"N20","nominal","2.0NRT",302.05,5.51,"D"
"11440",11.11863,36.08693,341.62,0.52,0.67,"2026-02-15",1140,"N20","nominal","2.0NRT",313.83,55.36,"D"
"11441",11.10206,35.94614,336.1,0.51,0.66,"2026-02-15",1140,"N20","nominal","2.0NRT",300.9,101.03,"D"
"11442",11.10041,35.93209,336.76,0.51,0.66,"2026-02-15",1140,"N20","nominal","2.0NRT",307.2,8.11,"D"
"11443",11.12539,36.09124,367,0.52,0.67,"2026-02-15",1140,"N20","high","2.0NRT",310.31,55.65,"D"
"11444",11.12484,36.08655,348.53,0.52,0.67,"2026-02-15",1140,"N20","nominal","2.0NRT",319.83,55.65,"D"
"11445",11.10759,35.94049,349.42,0.51,0.66,"2026-02-15",1140,"N20","nominal","2.0NRT",304.66,4.46,"D"
"11446",11.10703,35.93577,341.66,0.51,0.66,"2026-02-15",1140,"N20","nominal","2.0NRT",307.13,4.46,"D"
"11447",11.11314,35.93499,335.47,0.51,0.66,"2026-02-15",1140,"N20","low","2.0NRT",306.29,4.46,"D"
"11448",11.12589,35.93801,355.12,0.51,0.66,"2026-02-15",1140,"N20","nominal","2.0NRT",307.58,7.36,"D"
"11449",11.12531,35.93318,339.07,0.51,0.66,"2026-02-15",1140,"N20","nominal","2.0NRT",308.77,7.36,"D"
"11450",11.19664,36.42627,367,0.55,0.68,"2026-02-15",1140,"N20","high","2.0NRT",311.09,13.47,"D"
"11451",11.19721,36.43112,350.94,0.55,0.68,"2026-02-15",1140,"N20","nominal","2.0NRT",307.92,13.47,"D"
"11452",10.46344,30.69035,344.61,0.44,0.46,"2026-02-15",1140,"N20","nominal","2.0NRT",309.58,4.73,"D"
"11453",10.49035,30.82351,350.12,0.45,0.47,"2026-02-15",1140,"N20","nominal","2.0NRT",307.58,5.36,"D"
"11454",10.441,30.46404,336.32,0.43,0.46,"2026-02-15",1140,"N20","nominal","2.0NRT",303.05,2.84,"D"
"11455",10.44046,30.46015,335.47,0.43,0.46,"2026-02-15",1140,"N20","nominal","2.0NRT",303.17,2.84,"D"
"11456",11.19074,36.16566,340.44,0.53,0.67,"2026-02-15",1140,"N20","nominal","2.0NRT",306.46,4.71,"D"
"11457",11.19927,36.18404,337.32,0.53,0.67,"2026-02-15",1140,"N20","nominal","2.0NRT",306.23,3.33,"D"
"11458",11.15045,35.73447,346.47,0.5,0.65,"2026-02-15",1140,"N20","nominal","2.0NRT",308.64,5.71,"D"
"11459",10.50705,30.75463,338.29,0.45,0.47,"2026-02-15",1140,"N20","nominal","2.0NRT",307.03,1.42,"D"
"11460",10.4732,30.51127,344.13,0.43,0.46,"2026-02-15",1140,"N20","nominal","2.0NRT",312.57,4.35,"D"
"11461",10.48177,30.54198,346.14,0.43,0.46,"2026-02-15",1140,"N20","nominal","2.0NRT",313.52,7.43,"D"
"11462",10.46923,30.45224,334.2,0.43,0.46,"2026-02-15",1140,"N20","low","2.0NRT",306,2.4,"D"
"11463",10.47342,30.45166,342.12,0.43,0.46,"2026-02-15",1140,"N20","nominal","2.0NRT",307.81,2.4,"D"
"11464",10.47791,30.54241,340.15,0.43,0.46,"2026-02-15",1140,"N20","low","2.0NRT",312.61,3.56,"D"
"11465",10.47378,30.51105,344.32,0.43,0.46,"2026-02-15",1140,"N20","nominal","2.0NRT",313,6.7,"D"
"11466",10.51012,30.75438,334.19,0.45,0.47,"2026-02-15",1140,"N20","low","2.0NRT",306.91,2.33,"D"
"11467",10.48213,30.54182,338.18,0.43,0.46,"2026-02-15",1140,"N20","low","2.0NRT",313.11,3.56,"D"
"11468",10.27558,28.95212,331.64,0.52,0.41,"2026-02-15",1140,"N20","nominal","2.0NRT",300.57,1.36,"D"
"11469",11.1892,36.16236,334.2,0.53,0.67,"2026-02-15",1140,"N20","low","2.0NRT",305.93,5,"D"
"11470",11.19812,36.18542,334.61,0.53,0.67,"2026-02-15",1140,"N20","low","2.0NRT",305.77,4.4,"D"
"11471",11.00231,34.4207,336.88,0.4,0.6,"2026-02-15",1140,"N20","low","2.0NRT",310.85,6.78,"D"
"11472",11.17159,35.58745,332.19,0.48,0.65,"2026-02-15",1140,"N20","low","2.0NRT",305.38,1.83,"D"
"11473",11.20662,35.83068,336.04,0.5,0.66,"2026-02-15",1140,"N20","low","2.0NRT",308.86,2.44,"D"
"11474",11.16183,35.4552,342.14,0.47,0.64,"2026-02-15",1140,"N20","nominal","2.0NRT",306.89,6.35,"D"
"11475",11.21215,35.82535,333.21,0.5,0.66,"2026-02-15",1140,"N20","low","2.0NRT",307.74,3.35,"D"
"11476",11.16829,35.45889,337.7,0.47,0.64,"2026-02-15",1140,"N20","nominal","2.0NRT",306.06,4.09,"D"
"11477",11.16775,35.45441,337.41,0.47,0.64,"2026-02-15",1140,"N20","nominal","2.0NRT",306.6,4.09,"D"
"11478",11.30274,36.48432,335.88,0.56,0.69,"2026-02-15",1140,"N20","nominal","2.0NRT",304.53,3.84,"D"
"11479",11.30212,36.47901,340.29,0.56,0.69,"2026-02-15",1140,"N20","nominal","2.0NRT",307.93,3.84,"D"
"11480",11.20898,35.59551,334.09,0.49,0.65,"2026-02-15",1140,"N20","low","2.0NRT",305.73,2.65,"D"
"11481",11.20842,35.59093,335.89,0.49,0.65,"2026-02-15",1140,"N20","nominal","2.0NRT",305.28,2.65,"D"
"11482",11.199,35.5134,343.66,0.48,0.65,"2026-02-15",1140,"N20","nominal","2.0NRT",306.25,12.16,"D"
"11483",11.19846,35.50895,348.62,0.48,0.65,"2026-02-15",1140,"N20","nominal","2.0NRT",306.52,12.17,"D"
"11484",11.20762,35.53453,330.4,0.48,0.65,"2026-02-15",1140,"N20","low","2.0NRT",305.29,1.37,"D"
"11485",11.20547,35.51696,351.8,0.48,0.65,"2026-02-15",1140,"N20","nominal","2.0NRT",305.48,12.16,"D"
"11486",11.20494,35.5126,355.9,0.48,0.65,"2026-02-15",1140,"N20","nominal","2.0NRT",309.64,12.16,"D"
"11487",10.34792,28.9707,344.42,0.52,0.41,"2026-02-15",1140,"N20","nominal","2.0NRT",293.51,4.52,"D"
"11488",10.34725,28.96599,343.14,0.52,0.41,"2026-02-15",1140,"N20","nominal","2.0NRT",295.47,4.52,"D"
"11489",10.35173,28.97017,334.57,0.52,0.41,"2026-02-15",1140,"N20","nominal","2.0NRT",293.87,2.84,"D"
"11490",10.35106,28.96545,331.31,0.52,0.41,"2026-02-15",1140,"N20","nominal","2.0NRT",294.16,2.84,"D"
"11491",10.52318,30.12768,337.41,0.41,0.45,"2026-02-15",1140,"N20","nominal","2.0NRT",305.19,2.99,"D"
"11492",10.52266,30.12398,347.59,0.41,0.45,"2026-02-15",1140,"N20","nominal","2.0NRT",306.45,2.99,"D"
"11493",11.20862,35.51381,367,0.48,0.65,"2026-02-15",1140,"N20","high","2.0NRT",307.39,13.28,"D"
"11494",11.17265,35.05147,334.44,0.45,0.63,"2026-02-15",1140,"N20","low","2.0NRT",307.82,6.79,"D"
"11495",11.28917,35.84022,367,0.51,0.66,"2026-02-15",1140,"N20","high","2.0NRT",308.74,8.05,"D"
"11496",11.28971,35.84481,342.45,0.51,0.66,"2026-02-15",1140,"N20","nominal","2.0NRT",305.77,8.05,"D"
"11497",10.58504,30.12679,343.56,0.41,0.45,"2026-02-15",1140,"N20","nominal","2.0NRT",312.26,5.32,"D"
"11498",10.05628,26.38553,367,0.4,0.37,"2026-02-15",1140,"N20","high","2.0NRT",317.75,8.75,"D"
"11499",10.11604,26.79108,339.59,0.41,0.37,"2026-02-15",1140,"N20","nominal","2.0NRT",306.22,2.33,"D"
"11500",10.05681,26.38917,345.02,0.4,0.37,"2026-02-15",1140,"N20","nominal","2.0NRT",315.29,8.75,"D"
"11501",10.11891,26.78684,348.38,0.41,0.37,"2026-02-15",1140,"N20","nominal","2.0NRT",307.22,6.78,"D"
"11502",10.06018,26.38866,345.58,0.4,0.37,"2026-02-15",1140,"N20","nominal","2.0NRT",316.68,8.75,"D"
"11503",10.05965,26.38503,350.22,0.4,0.37,"2026-02-15",1140,"N20","nominal","2.0NRT",311.2,8.75,"D"
"11504",10.8661,32.12396,343.45,0.56,0.51,"2026-02-15",1140,"N20","nominal","2.0NRT",312.29,10.66,"D"
"11505",10.05063,26.30103,367,0.4,0.37,"2026-02-15",1140,"N20","low","2.0NRT",326,5.25,"D"
"11506",10.05453,26.30414,367,0.4,0.37,"2026-02-15",1140,"N20","high","2.0NRT",323.59,12.63,"D"
"11507",11.21221,34.80048,336.99,0.43,0.62,"2026-02-15",1140,"N20","low","2.0NRT",311.33,1.95,"D"
"11508",10.054,26.30052,367,0.4,0.37,"2026-02-15",1140,"N20","low","2.0NRT",327.69,5.25,"D"
"11509",10.05736,26.30001,367,0.4,0.37,"2026-02-15",1140,"N20","low","2.0NRT",325.43,5.13,"D"
"11510",10.93173,32.36381,345.18,0.58,0.52,"2026-02-15",1140,"N20","nominal","2.0NRT",313.69,29.51,"D"
"11511",10.93103,32.35851,350.33,0.58,0.52,"2026-02-15",1140,"N20","nominal","2.0NRT",312.39,18.87,"D"
"11512",10.19877,27.1392,332.14,0.42,0.38,"2026-02-15",1140,"N20","nominal","2.0NRT",296.42,1.58,"D"
"11513",11.37058,35.74886,348.93,0.5,0.66,"2026-02-15",1140,"N20","nominal","2.0NRT",307.91,7.95,"D"
"11514",10.95043,32.39387,349.14,0.58,0.52,"2026-02-15",1140,"N20","nominal","2.0NRT",315.55,24.41,"D"
"11515",10.18889,26.97663,337.19,0.42,0.38,"2026-02-15",1140,"N20","nominal","2.0NRT",307.04,4.48,"D"
"11516",10.1952,26.97182,344.9,0.42,0.38,"2026-02-15",1140,"N20","nominal","2.0NRT",304.71,6.39,"D"
"11517",10.19457,26.9711,342.2,0.42,0.38,"2026-02-15",1140,"N20","nominal","2.0NRT",303.51,3.25,"D"
"11518",10.92668,32.36564,338.16,0.58,0.52,"2026-02-15",1140,"N20","low","2.0NRT",312.75,8.27,"D"
"11519",10.93149,32.36502,342.5,0.58,0.52,"2026-02-15",1140,"N20","nominal","2.0NRT",312.11,8.27,"D"
"11520",10.93083,32.35971,351.29,0.58,0.52,"2026-02-15",1140,"N20","nominal","2.0NRT",314.12,25.08,"D"
"11521",10.94995,32.39511,355.09,0.58,0.52,"2026-02-15",1140,"N20","nominal","2.0NRT",312.57,18.54,"D"
"11522",11.36581,35.74768,335.31,0.5,0.66,"2026-02-15",1140,"N20","low","2.0NRT",305.97,6.64,"D"
"11523",10.89969,31.85105,348.02,0.53,0.5,"2026-02-15",1140,"N20","nominal","2.0NRT",309.84,6.48,"D"
"11524",10.9037,31.84555,336.34,0.53,0.5,"2026-02-15",1140,"N20","low","2.0NRT",310.49,5.24,"D"
"11525",10.17188,26.52793,356.33,0.41,0.37,"2026-02-15",1140,"N20","nominal","2.0NRT",305.88,4.43,"D"
"11526",10.17134,26.52425,340.8,0.4,0.37,"2026-02-15",1140,"N20","nominal","2.0NRT",302.34,4.43,"D"
"11527",11.402,35.79449,367,0.5,0.66,"2026-02-15",1140,"N20","high","2.0NRT",307.51,18.03,"D"
"11528",10.17527,26.52742,337.56,0.41,0.37,"2026-02-15",1140,"N20","nominal","2.0NRT",301.08,4.43,"D"
"11529",11.40811,35.79401,347.4,0.5,0.66,"2026-02-15",1140,"N20","nominal","2.0NRT",304.87,7.04,"D"
"11530",11.39701,35.59666,330.91,0.49,0.65,"2026-02-15",1140,"N20","low","2.0NRT",305.85,2.21,"D"
"11531",11.36293,35.31151,347.36,0.47,0.64,"2026-02-15",1140,"N20","nominal","2.0NRT",308.11,7.76,"D"
"11532",11.46968,36.05224,331.71,0.53,0.67,"2026-02-15",1140,"N20","low","2.0NRT",302.3,6.89,"D"
"11533",11.45284,35.85873,334.61,0.51,0.66,"2026-02-15",1140,"N20","low","2.0NRT",305.37,6.49,"D"
"11534",11.44024,35.70256,367,0.5,0.66,"2026-02-15",1140,"N20","high","2.0NRT",311.72,51,"D"
"11535",11.43968,35.69794,337.39,0.5,0.66,"2026-02-15",1140,"N20","nominal","2.0NRT",306.1,23,"D"
"11536",10.91934,31.47171,353.99,0.5,0.49,"2026-02-15",1140,"N20","nominal","2.0NRT",313.48,10.77,"D"
"11537",11.42518,35.33145,340.32,0.47,0.64,"2026-02-15",1140,"N20","nominal","2.0NRT",308.1,3.27,"D"
"11538",11.53161,36.14911,367,0.54,0.67,"2026-02-15",1140,"N20","high","2.0NRT",305.11,13.55,"D"
"11539",11.4311,35.33088,346.81,0.47,0.64,"2026-02-15",1140,"N20","nominal","2.0NRT",309.31,3.27,"D"
"11540",10.17787,26.17367,355.21,0.4,0.37,"2026-02-15",1140,"N20","nominal","2.0NRT",323.94,10.47,"D"
"11541",10.68903,29.65493,333.41,0.57,0.43,"2026-02-15",1140,"N20","low","2.0NRT",304.89,3.7,"D"
"11542",10.92137,31.47328,343.45,0.5,0.49,"2026-02-15",1140,"N20","nominal","2.0NRT",309.74,5.03,"D"
"11543",10.92078,31.46865,334.81,0.5,0.49,"2026-02-15",1140,"N20","low","2.0NRT",309.47,3.58,"D"
"11544",10.19832,26.20363,343.64,0.4,0.37,"2026-02-15",1140,"N20","low","2.0NRT",316.7,4.13,"D"
"11545",10.68747,29.65554,338.55,0.38,0.43,"2026-02-15",1140,"N20","nominal","2.0NRT",303.66,1.32,"D"
"11546",11.44185,35.69983,338.15,0.5,0.66,"2026-02-15",1140,"N20","nominal","2.0NRT",307.01,6.25,"D"
"11547",10.69193,29.65849,342.13,0.38,0.43,"2026-02-15",1140,"N20","nominal","2.0NRT",304.51,2.7,"D"
"11548",11.4298,35.33242,343.33,0.47,0.64,"2026-02-15",1140,"N20","nominal","2.0NRT",308.45,6.19,"D"
"11549",11.53011,36.14701,353.75,0.54,0.68,"2026-02-15",1140,"N20","nominal","2.0NRT",306.33,10.52,"D"
"11550",11.55541,36.31293,344.14,0.55,0.68,"2026-02-15",1140,"N20","nominal","2.0NRT",309,6.37,"D"
"11551",11.0205,31.91799,338.59,0.54,0.51,"2026-02-15",1140,"N20","nominal","2.0NRT",308.51,4.03,"D"
"11552",11.47078,35.52803,335.27,0.48,0.65,"2026-02-15",1140,"N20","low","2.0NRT",306.76,3.61,"D"
"11553",11.02646,31.92733,343.62,0.54,0.51,"2026-02-15",1140,"N20","nominal","2.0NRT",311.5,22.92,"D"
"11554",11.02581,31.92235,354.76,0.54,0.51,"2026-02-15",1140,"N20","nominal","2.0NRT",317.23,30.7,"D"
"11555",11.02517,31.91738,352.54,0.54,0.51,"2026-02-15",1140,"N20","nominal","2.0NRT",310.49,30.7,"D"
"11556",11.02388,31.90745,344.92,0.54,0.51,"2026-02-15",1140,"N20","nominal","2.0NRT",309.68,11.21,"D"
"11557",11.03113,31.92672,342.95,0.54,0.51,"2026-02-15",1140,"N20","nominal","2.0NRT",310.6,22.92,"D"
"11558",11.02919,31.91181,344.05,0.54,0.51,"2026-02-15",1140,"N20","nominal","2.0NRT",312.69,11.21,"D"
"11559",11.02855,31.90685,353.64,0.54,0.51,"2026-02-15",1140,"N20","nominal","2.0NRT",314.08,11.21,"D"
"11560",11.36835,34.57104,345.15,0.42,0.61,"2026-02-15",1140,"N20","nominal","2.0NRT",313.11,4.48,"D"
"11561",11.0358,31.92612,346.06,0.54,0.51,"2026-02-15",1140,"N20","nominal","2.0NRT",313.64,5.04,"D"
"11562",11.03515,31.92114,346.27,0.54,0.51,"2026-02-15",1140,"N20","nominal","2.0NRT",315.43,7.8,"D"
"11563",11.03451,31.91617,342.49,0.54,0.51,"2026-02-15",1140,"N20","nominal","2.0NRT",310.5,7.8,"D"
"11564",11.04047,31.92551,339.37,0.54,0.51,"2026-02-15",1140,"N20","low","2.0NRT",309.51,5.04,"D"
"11565",11.53259,35.68955,354.04,0.5,0.66,"2026-02-15",1140,"N20","nominal","2.0NRT",306.22,6.18,"D"
"11566",11.08308,32.06844,351.68,0.56,0.51,"2026-02-15",1140,"N20","nominal","2.0NRT",316.1,30.67,"D"
"11567",11.0878,32.06783,354.66,0.56,0.51,"2026-02-15",1140,"N20","nominal","2.0NRT",316.07,30.67,"D"
"11568",11.09251,32.06721,341.17,0.56,0.51,"2026-02-15",1140,"N20","low","2.0NRT",316.14,13.42,"D"
"11569",11.49052,35.14352,367,0.46,0.63,"2026-02-15",1140,"N20","high","2.0NRT",307.75,16.98,"D"
"11570",11.49,35.13927,350.31,0.46,0.63,"2026-02-15",1140,"N20","nominal","2.0NRT",313.08,16.98,"D"
"11571",11.09791,32.07169,342.51,0.56,0.51,"2026-02-15",1140,"N20","low","2.0NRT",314.01,11.54,"D"
"11572",11.10263,32.07109,354.42,0.56,0.51,"2026-02-15",1140,"N20","nominal","2.0NRT",315.57,17.55,"D"
"11573",11.09993,32.05075,341.03,0.55,0.51,"2026-02-15",1140,"N20","low","2.0NRT",314.98,14.11,"D"
"11574",11.11072,32.0597,350.96,0.55,0.51,"2026-02-15",1140,"N20","nominal","2.0NRT",319.28,27.46,"D"
"11575",10.82423,29.93472,331.45,0.4,0.44,"2026-02-15",1140,"N20","nominal","2.0NRT",300.86,1.27,"D"
"11576",10.82372,29.93108,330.13,0.4,0.44,"2026-02-15",1140,"N20","low","2.0NRT",300.82,1.27,"D"
"11577",11.04016,31.46695,340.06,0.51,0.49,"2026-02-15",1140,"N20","low","2.0NRT",313.62,9.09,"D"
"11578",10.82778,29.93052,330.84,0.4,0.44,"2026-02-15",1140,"N20","low","2.0NRT",301.66,1.84,"D"
"11579",10.83185,29.92996,333.76,0.4,0.44,"2026-02-15",1140,"N20","nominal","2.0NRT",300.54,1.84,"D"
"11580",10.82164,29.8574,332.89,0.39,0.44,"2026-02-15",1140,"N20","nominal","2.0NRT",300.41,1.51,"D"
"11581",11.01644,31.37747,338.19,0.5,0.49,"2026-02-15",1140,"N20","low","2.0NRT",312.53,4.52,"D"
"11582",10.82875,29.93716,332.75,0.4,0.44,"2026-02-15",1140,"N20","nominal","2.0NRT",300.36,0.56,"D"
"11583",10.83185,29.92929,333.25,0.4,0.44,"2026-02-15",1140,"N20","nominal","2.0NRT",301.07,2.87,"D"
"11584",11.11259,32.06156,345.9,0.56,0.51,"2026-02-15",1140,"N20","low","2.0NRT",316.21,18.28,"D"
"11585",11.49007,35.14352,367,0.46,0.63,"2026-02-15",1140,"N20","high","2.0NRT",307.28,17.5,"D"
"11586",11.48958,35.13926,348.47,0.46,0.63,"2026-02-15",1140,"N20","nominal","2.0NRT",314.69,17.5,"D"
"11587",11.04179,31.46793,343.76,0.51,0.49,"2026-02-15",1140,"N20","low","2.0NRT",314.69,7.37,"D"
"11588",11.5397,34.91718,339.49,0.44,0.62,"2026-02-15",1140,"N20","low","2.0NRT",313.92,3.76,"D"
"11589",11.16808,31.97191,340.75,0.55,0.51,"2026-02-15",1140,"N20","low","2.0NRT",314.75,6.38,"D"
"11590",11.17277,31.97132,343.19,0.55,0.51,"2026-02-15",1140,"N20","nominal","2.0NRT",314.54,6.38,"D"
"11591",11.15186,31.81234,345.88,0.54,0.5,"2026-02-15",1140,"N20","nominal","2.0NRT",315.78,10.97,"D"
"11592",11.15121,31.80743,344.2,0.53,0.5,"2026-02-15",1140,"N20","low","2.0NRT",315.63,8.41,"D"
"11593",10.97144,30.4336,335.87,0.43,0.46,"2026-02-15",1140,"N20","low","2.0NRT",309.45,2.03,"D"
"11594",11.22558,32.26318,348.42,0.58,0.52,"2026-02-15",1140,"N20","nominal","2.0NRT",317.72,17.76,"D"
"11595",11.58207,34.92909,342.14,0.44,0.63,"2026-02-15",1140,"N20","nominal","2.0NRT",310.61,4.38,"D"
"11596",11.6978,35.82364,367,0.51,0.66,"2026-02-15",1140,"N20","high","2.0NRT",313.73,39.02,"D"
"11597",11.24816,32.24961,341.3,0.57,0.52,"2026-02-15",1140,"N20","low","2.0NRT",316.16,10.3,"D"
"11598",11.68593,35.93169,336.38,0.52,0.67,"2026-02-15",1140,"N20","nominal","2.0NRT",305.89,2.7,"D"
"11599",10.5557,27.09832,348.36,0.43,0.38,"2026-02-15",1140,"N20","low","2.0NRT",320.93,13.05,"D"
"11600",11.57756,34.93061,344.63,0.44,0.63,"2026-02-15",1140,"N20","nominal","2.0NRT",311,3.75,"D"
"11601",10.55917,27.09781,352.44,0.43,0.38,"2026-02-15",1140,"N20","nominal","2.0NRT",321.56,13.81,"D"
"11602",10.55861,27.09394,342.21,0.43,0.38,"2026-02-15",1140,"N20","nominal","2.0NRT",311.03,5.38,"D"
"11603",11.15916,31.4731,344.35,0.51,0.49,"2026-02-15",1140,"N20","nominal","2.0NRT",311.24,7.04,"D"
"11604",10.99082,30.18756,341.93,0.42,0.45,"2026-02-15",1140,"N20","low","2.0NRT",315.33,6.65,"D"
"11605",11.16671,31.49589,340.67,0.51,0.49,"2026-02-15",1140,"N20","low","2.0NRT",315.39,9.81,"D"
"11606",11.16611,31.49121,346.26,0.51,0.49,"2026-02-15",1140,"N20","nominal","2.0NRT",314.08,9.81,"D"
"11607",11.1649,31.48184,349.68,0.51,0.49,"2026-02-15",1140,"N20","nominal","2.0NRT",312.02,8.13,"D"
"11608",11.69879,35.8258,367,0.51,0.66,"2026-02-15",1140,"N20","high","2.0NRT",308.46,23.83,"D"
"11609",11.69826,35.82117,345.48,0.51,0.66,"2026-02-15",1140,"N20","nominal","2.0NRT",314.96,23.83,"D"
"11610",11.17065,31.49061,340.01,0.51,0.49,"2026-02-15",1140,"N20","low","2.0NRT",313.79,9.81,"D"
"11611",11.17005,31.48593,351.34,0.51,0.49,"2026-02-15",1140,"N20","nominal","2.0NRT",313.43,8.13,"D"
"11612",11.17641,31.4994,340.78,0.51,0.49,"2026-02-15",1140,"N20","low","2.0NRT",313.38,7.51,"D"
"11613",11.1758,31.49471,355.51,0.51,0.49,"2026-02-15",1140,"N20","nominal","2.0NRT",314.92,7.12,"D"
"11614",11.17519,31.49002,343.01,0.51,0.49,"2026-02-15",1140,"N20","low","2.0NRT",314.28,7.12,"D"
"11615",11.65284,35.17024,339.83,0.46,0.64,"2026-02-15",1140,"N20","nominal","2.0NRT",310.19,2.51,"D"
"11616",11.21047,31.5475,339.83,0.51,0.5,"2026-02-15",1140,"N20","low","2.0NRT",314.36,8.33,"D"
"11617",11.20985,31.54279,345.21,0.51,0.5,"2026-02-15",1140,"N20","nominal","2.0NRT",314.36,8.33,"D"
"11618",11.18985,31.35613,338.89,0.5,0.49,"2026-02-15",1140,"N20","low","2.0NRT",309.74,4.91,"D"
"11619",11.77357,35.98757,367,0.53,0.67,"2026-02-15",1140,"N20","high","2.0NRT",310.38,23.07,"D"
"11620",11.19374,31.35096,345.43,0.5,0.49,"2026-02-15",1140,"N20","nominal","2.0NRT",311.11,7.44,"D"
"11621",11.33289,32.18864,342.36,0.57,0.52,"2026-02-15",1140,"N20","low","2.0NRT",313.96,10.85,"D"
"11622",11.24318,31.51446,341.38,0.51,0.5,"2026-02-15",1140,"N20","low","2.0NRT",315.12,7.24,"D"
"11623",11.33766,32.18803,348.55,0.57,0.52,"2026-02-15",1140,"N20","nominal","2.0NRT",313.16,10.85,"D"
"11624",11.33628,32.17759,343.26,0.57,0.52,"2026-02-15",1140,"N20","low","2.0NRT",315.85,7.73,"D"
"11625",11.33559,32.17235,342.38,0.57,0.52,"2026-02-15",1140,"N20","low","2.0NRT",316.55,7.73,"D"
"11626",11.22233,31.29153,344.28,0.49,0.49,"2026-02-15",1140,"N20","nominal","2.0NRT",312.34,6.34,"D"
"11627",11.81866,35.894,367,0.52,0.67,"2026-02-15",1140,"N20","high","2.0NRT",310.51,9.47,"D"
"11628",11.3279,32.04184,354.53,0.56,0.51,"2026-02-15",1140,"N20","nominal","2.0NRT",313.69,17.3,"D"
"11629",11.32653,32.03164,355.86,0.56,0.51,"2026-02-15",1140,"N20","nominal","2.0NRT",316.24,29.21,"D"
"11630",11.33331,32.04634,346.33,0.56,0.51,"2026-02-15",1140,"N20","nominal","2.0NRT",313.4,11.44,"D"
"11631",11.33262,32.04123,340.71,0.56,0.51,"2026-02-15",1140,"N20","low","2.0NRT",314.66,9.94,"D"
"11632",11.33194,32.03614,339.99,0.56,0.51,"2026-02-15",1140,"N20","low","2.0NRT",312.61,9.94,"D"
"11633",10.90852,28.97305,347.92,0.53,0.42,"2026-02-15",1140,"N20","nominal","2.0NRT",297.91,12.08,"D"
"11634",11.33804,32.04573,350.19,0.56,0.51,"2026-02-15",1140,"N20","nominal","2.0NRT",312.8,11.44,"D"
"11635",10.91111,28.97368,343.04,0.53,0.42,"2026-02-15",1140,"N20","nominal","2.0NRT",301.14,12.17,"D"
"11636",11.33613,32.17339,346.99,0.57,0.52,"2026-02-15",1140,"N20","nominal","2.0NRT",316.12,20.18,"D"
"11637",11.22479,31.29113,343.81,0.5,0.49,"2026-02-15",1140,"N20","nominal","2.0NRT",310.48,7.79,"D"
"11638",11.34222,32.18324,343.45,0.57,0.52,"2026-02-15",1140,"N20","nominal","2.0NRT",312.75,5.32,"D"
"11639",11.32404,32.03805,345.29,0.56,0.51,"2026-02-15",1140,"N20","nominal","2.0NRT",311.87,11.57,"D"
"11640",11.32812,32.03231,367,0.56,0.51,"2026-02-15",1140,"N20","high","2.0NRT",314.76,19.95,"D"
"11641",11.32941,32.04253,355.05,0.56,0.51,"2026-02-15",1140,"N20","nominal","2.0NRT",313.96,11.57,"D"
"11642",11.32748,32.02719,338.27,0.56,0.51,"2026-02-15",1140,"N20","nominal","2.0NRT",311.29,19.95,"D"
"11643",11.33414,32.04191,346.31,0.56,0.51,"2026-02-15",1140,"N20","nominal","2.0NRT",316.09,18.08,"D"
"11644",10.89652,28.72531,339.67,0.51,0.41,"2026-02-15",1140,"N20","nominal","2.0NRT",302.84,4.55,"D"
"11645",11.33951,32.04641,346.46,0.56,0.51,"2026-02-15",1140,"N20","nominal","2.0NRT",312.09,14.48,"D"
"11646",11.20645,31.00878,342.29,0.47,0.48,"2026-02-15",1140,"N20","nominal","2.0NRT",311,8.69,"D"
"11647",11.34425,32.04581,339.81,0.56,0.51,"2026-02-15",1140,"N20","low","2.0NRT",314.13,7.86,"D"
"11648",11.21028,31.00384,345.4,0.47,0.48,"2026-02-15",1140,"N20","nominal","2.0NRT",311.77,7.89,"D"
"11649",11.34898,32.04518,351.43,0.56,0.51,"2026-02-15",1140,"N20","nominal","2.0NRT",316.57,7.86,"D"
"11650",11.34832,32.04007,352.92,0.56,0.51,"2026-02-15",1140,"N20","nominal","2.0NRT",315.08,15.01,"D"
"11651",11.25702,31.32863,350,0.5,0.49,"2026-02-15",1140,"N20","nominal","2.0NRT",314.14,9.49,"D"
"11652",11.25642,31.32405,340.48,0.5,0.49,"2026-02-15",1140,"N20","low","2.0NRT",312.82,6.91,"D"
"11653",11.81838,35.89268,367,0.52,0.67,"2026-02-15",1140,"N20","high","2.0NRT",310.99,10.09,"D"
"11654",11.82687,35.85815,367,0.52,0.67,"2026-02-15",1140,"N20","high","2.0NRT",310.16,26.85,"D"
"11655",11.82631,35.85329,367,0.52,0.66,"2026-02-15",1140,"N20","high","2.0NRT",309.8,26.85,"D"
"11656",11.8344,35.92379,342.87,0.52,0.67,"2026-02-15",1140,"N20","nominal","2.0NRT",309.7,7.88,"D"
"11657",11.83386,35.91903,355.41,0.52,0.67,"2026-02-15",1140,"N20","nominal","2.0NRT",313.1,7.88,"D"
"11658",11.83302,35.85755,367,0.52,0.67,"2026-02-15",1140,"N20","high","2.0NRT",306.46,26.85,"D"
"11659",11.83246,35.8527,347.91,0.52,0.66,"2026-02-15",1140,"N20","nominal","2.0NRT",310.17,26.85,"D"
"11660",11.05489,29.6189,339.95,0.38,0.44,"2026-02-15",1140,"N20","low","2.0NRT",312.12,6.25,"D"
"11661",11.08785,29.62155,338.93,0.39,0.44,"2026-02-15",1140,"N20","low","2.0NRT",309.46,5.08,"D"
"11662",11.13999,29.93747,347.39,0.4,0.44,"2026-02-15",1140,"N20","nominal","2.0NRT",312.4,13.49,"D"
"11663",11.14459,29.94059,348.08,0.4,0.44,"2026-02-15",1140,"N20","nominal","2.0NRT",313.38,5.07,"D"
"11664",11.14407,29.9369,338.75,0.4,0.44,"2026-02-15",1140,"N20","low","2.0NRT",311.71,5.07,"D"
"11665",11.14764,29.93263,349.19,0.4,0.44,"2026-02-15",1140,"N20","nominal","2.0NRT",311.67,4.52,"D"
"11666",11.15275,29.93943,345.09,0.4,0.44,"2026-02-15",1140,"N20","nominal","2.0NRT",311.26,8.82,"D"
"11667",11.15224,29.93575,352.88,0.4,0.44,"2026-02-15",1140,"N20","nominal","2.0NRT",312.42,8.82,"D"
"11668",11.15684,29.93886,344.18,0.4,0.44,"2026-02-15",1140,"N20","nominal","2.0NRT",309.21,8.82,"D"
"11669",11.15632,29.93518,353.62,0.4,0.44,"2026-02-15",1140,"N20","nominal","2.0NRT",309.33,8.82,"D"
"11670",11.15581,29.9315,338.41,0.4,0.44,"2026-02-15",1140,"N20","low","2.0NRT",309.57,29,"D"
"11671",11.29322,31.02074,345.35,0.48,0.48,"2026-02-15",1140,"N20","nominal","2.0NRT",303.83,10.93,"D"
"11672",11.29266,31.01639,343.09,0.48,0.48,"2026-02-15",1140,"N20","nominal","2.0NRT",303.41,10.93,"D"
"11673",11.15248,29.9395,344.32,0.4,0.45,"2026-02-15",1140,"N20","nominal","2.0NRT",310.74,6.73,"D"
"11674",11.15199,29.93582,352.28,0.4,0.45,"2026-02-15",1140,"N20","nominal","2.0NRT",311.09,6.73,"D"
"11675",11.15656,29.93892,341.11,0.4,0.45,"2026-02-15",1140,"N20","nominal","2.0NRT",308.59,6.73,"D"
"11676",11.15607,29.93524,353.71,0.4,0.45,"2026-02-15",1140,"N20","nominal","2.0NRT",308.85,6.73,"D"
"11677",11.15559,29.93155,343.23,0.4,0.44,"2026-02-15",1140,"N20","nominal","2.0NRT",309.28,34.14,"D"
"11678",11.16065,29.93836,354.72,0.4,0.45,"2026-02-15",1140,"N20","nominal","2.0NRT",309.66,5.2,"D"
"11679",11.16572,29.94519,335.36,0.4,0.45,"2026-02-15",1140,"N20","low","2.0NRT",307.38,6.31,"D"
"11680",11.16474,29.93781,340.69,0.4,0.45,"2026-02-15",1140,"N20","nominal","2.0NRT",306.49,5.2,"D"
"11681",11.38939,31.59375,344.28,0.52,0.5,"2026-02-15",1140,"N20","low","2.0NRT",316.29,10.04,"D"
"11682",11.17588,29.95889,346.84,0.41,0.45,"2026-02-15",1140,"N20","nominal","2.0NRT",303.5,9.84,"D"
"11683",11.17538,29.95518,350.49,0.41,0.45,"2026-02-15",1140,"N20","nominal","2.0NRT",303.55,9.84,"D"
"11684",11.18047,29.96205,341.46,0.41,0.45,"2026-02-15",1140,"N20","nominal","2.0NRT",303.14,4.31,"D"
"11685",11.17948,29.95465,347.66,0.41,0.45,"2026-02-15",1140,"N20","nominal","2.0NRT",304.6,5.99,"D"
"11686",11.26424,30.56059,352.36,0.44,0.46,"2026-02-15",1140,"N20","nominal","2.0NRT",308.57,16.54,"D"
"11687",11.18456,29.9615,341.1,0.41,0.45,"2026-02-15",1140,"N20","nominal","2.0NRT",301.66,4.31,"D"
"11688",11.18407,29.9578,347.14,0.41,0.45,"2026-02-15",1140,"N20","nominal","2.0NRT",302.78,5.99,"D"
"11689",11.18965,29.96835,335.58,0.41,0.45,"2026-02-15",1140,"N20","nominal","2.0NRT",292.42,1.1,"D"
"11690",11.86507,35.22007,338.69,0.47,0.64,"2026-02-15",1140,"N20","low","2.0NRT",311.14,4.25,"D"
"11691",11.40155,31.47183,346.84,0.51,0.49,"2026-02-15",1140,"N20","nominal","2.0NRT",315.17,7.89,"D"
"11692",11.4479,31.68419,343.36,0.53,0.5,"2026-02-15",1140,"N20","low","2.0NRT",314.43,5.49,"D"
"11693",11.37431,30.95687,346.92,0.47,0.48,"2026-02-15",1140,"N20","nominal","2.0NRT",303.44,7.23,"D"
"11694",11.33776,30.62182,352.19,0.45,0.47,"2026-02-15",1140,"N20","nominal","2.0NRT",307.18,6.81,"D"
"11695",11.34205,30.62125,347.89,0.45,0.47,"2026-02-15",1140,"N20","nominal","2.0NRT",308.99,6.81,"D"
"11696",11.3469,30.6248,336.68,0.45,0.47,"2026-02-15",1140,"N20","nominal","2.0NRT",304.24,22.99,"D"
"11697",11.34633,30.62067,346.78,0.45,0.47,"2026-02-15",1140,"N20","nominal","2.0NRT",314.54,22.99,"D"
"11698",11.34577,30.61654,338.4,0.45,0.47,"2026-02-15",1140,"N20","nominal","2.0NRT",308.2,5.88,"D"
"11699",11.34857,30.61635,338.03,0.45,0.47,"2026-02-15",1140,"N20","nominal","2.0NRT",306.16,2.16,"D"
"11700",11.96069,34.93119,367,0.45,0.63,"2026-02-15",1140,"N20","high","2.0NRT",309.91,7.82,"D"
"11701",11.96019,34.92706,345.44,0.45,0.63,"2026-02-15",1140,"N20","nominal","2.0NRT",312.45,7.82,"D"
"11702",11.90259,34.44754,338.67,0.41,0.61,"2026-02-15",1140,"N20","low","2.0NRT",312.35,2.57,"D"
"11703",11.91845,34.53145,342.63,0.42,0.61,"2026-02-15",1140,"N20","low","2.0NRT",313.66,3.89,"D"
"11704",11.42929,30.66474,367,0.45,0.47,"2026-02-15",1140,"N20","high","2.0NRT",308.39,9.73,"D"
"11705",11.57377,31.7544,345.04,0.54,0.51,"2026-02-15",1140,"N20","low","2.0NRT",316.32,12.77,"D"
"11706",11.91802,34.43413,345.36,0.41,0.61,"2026-02-15",1140,"N20","nominal","2.0NRT",313.75,4.94,"D"
"11707",11.53845,31.45012,343.78,0.51,0.5,"2026-02-15",1140,"N20","nominal","2.0NRT",313.58,6.73,"D"
"11708",11.44502,30.68382,335.1,0.45,0.47,"2026-02-15",1140,"N20","low","2.0NRT",307.26,2.77,"D"
"11709",11.78199,33.21284,367,0.34,0.56,"2026-02-15",1140,"N20","high","2.0NRT",310.73,5.1,"D"
"11710",11.44934,30.68326,340.78,0.45,0.47,"2026-02-15",1140,"N20","nominal","2.0NRT",306.27,2.77,"D"
"11711",11.78715,33.21224,367,0.34,0.56,"2026-02-15",1140,"N20","high","2.0NRT",317.53,25.45,"D"
"11712",11.78794,33.21847,341.59,0.34,0.56,"2026-02-15",1140,"N20","nominal","2.0NRT",313.59,3.65,"D"
"11713",11.7931,33.21782,367,0.34,0.56,"2026-02-15",1140,"N20","high","2.0NRT",312.97,3.65,"D"
"11714",11.45627,30.66969,336.4,0.45,0.47,"2026-02-15",1140,"N20","low","2.0NRT",309.41,4.34,"D"
"11715",11.78922,33.2109,350.13,0.34,0.56,"2026-02-15",1140,"N20","nominal","2.0NRT",315.5,9.46,"D"
"11716",11.79513,33.21647,367,0.34,0.56,"2026-02-15",1140,"N20","high","2.0NRT",313.02,9.63,"D"
"11717",12.1328,36.03288,336.56,0.54,0.68,"2026-02-15",1140,"N20","nominal","2.0NRT",304.66,1.82,"D"
"11718",10.90267,26.35653,341.35,0.4,0.37,"2026-02-15",1140,"N20","low","2.0NRT",313.2,4.82,"D"
"11719",10.90659,26.3597,340.2,0.4,0.37,"2026-02-15",1140,"N20","low","2.0NRT",312.52,5.46,"D"
"11720",10.90605,26.35602,351.6,0.4,0.37,"2026-02-15",1140,"N20","nominal","2.0NRT",315.72,15.12,"D"
"11721",11.66513,31.45445,334.13,0.51,0.5,"2026-02-15",1140,"N20","low","2.0NRT",309.12,4.39,"D"
"11722",11.6645,31.44973,342.28,0.51,0.5,"2026-02-15",1140,"N20","nominal","2.0NRT",311.59,4.39,"D"
"11723",11.66969,31.45386,343.62,0.51,0.5,"2026-02-15",1140,"N20","nominal","2.0NRT",312.86,4.39,"D"
"11724",11.66986,31.45045,343.51,0.51,0.5,"2026-02-15",1140,"N20","low","2.0NRT",315.72,7.64,"D"
"11725",11.01287,26.55983,352.58,0.41,0.37,"2026-02-15",1140,"N20","nominal","2.0NRT",319.71,44.46,"D"
"11726",11.01737,26.56681,348.22,0.41,0.37,"2026-02-15",1140,"N20","low","2.0NRT",321.09,7.84,"D"
"11727",11.01682,26.56307,350.71,0.41,0.37,"2026-02-15",1140,"N20","low","2.0NRT",323.28,7.84,"D"
"11728",11.01628,26.55933,351.22,0.41,0.37,"2026-02-15",1140,"N20","low","2.0NRT",328.74,26.52,"D"
"11729",11.02186,26.5738,352.22,0.41,0.37,"2026-02-15",1140,"N20","low","2.0NRT",322.62,23.15,"D"
"11730",11.01915,26.55507,346.25,0.41,0.37,"2026-02-15",1140,"N20","low","2.0NRT",319.87,26.52,"D"
"11731",11.02078,26.5663,367,0.41,0.37,"2026-02-15",1140,"N20","low","2.0NRT",325.38,7.84,"D"
"11732",11.02582,26.57704,348.4,0.41,0.37,"2026-02-15",1140,"N20","low","2.0NRT",322.55,10.32,"D"
"11733",11.02364,26.56205,348.97,0.41,0.37,"2026-02-15",1140,"N20","low","2.0NRT",319.79,11.83,"D"
"11734",11.03264,26.57602,348.44,0.41,0.37,"2026-02-15",1140,"N20","nominal","2.0NRT",316.03,7.02,"D"
"11735",11.74145,31.75741,338.43,0.54,0.51,"2026-02-15",1140,"N20","low","2.0NRT",312.92,6.58,"D"
"11736",11.04561,26.59325,347.41,0.41,0.37,"2026-02-15",1140,"N20","low","2.0NRT",321.98,11.94,"D"
"11737",11.61076,30.60814,344.3,0.45,0.47,"2026-02-15",1140,"N20","nominal","2.0NRT",314.23,9.92,"D"
"11738",11.68197,31.11583,343.87,0.49,0.49,"2026-02-15",1140,"N20","nominal","2.0NRT",310.98,15.99,"D"
"11739",11.73846,31.51426,340.56,0.52,0.5,"2026-02-15",1140,"N20","low","2.0NRT",312.97,10.35,"D"
"11740",12.19476,35.06352,341.23,0.46,0.64,"2026-02-15",1140,"N20","low","2.0NRT",311.35,5.7,"D"
"11741",12.19426,35.05928,347.45,0.46,0.64,"2026-02-15",1140,"N20","nominal","2.0NRT",310.29,4.83,"D"
"11742",12.19376,35.05503,351.92,0.46,0.64,"2026-02-15",1140,"N20","nominal","2.0NRT",309.91,4.83,"D"
"11743",11.47279,29.37086,333.89,0.56,0.43,"2026-02-15",1140,"N20","nominal","2.0NRT",301.99,2.6,"D"
"11744",11.08382,26.56838,344.89,0.41,0.37,"2026-02-15",1140,"N20","low","2.0NRT",315.13,13.81,"D"
"11745",11.08327,26.56463,349.57,0.41,0.37,"2026-02-15",1140,"N20","nominal","2.0NRT",313.46,18.43,"D"
"11746",11.08723,26.56787,347.14,0.41,0.37,"2026-02-15",1140,"N20","nominal","2.0NRT",315.57,7.87,"D"
"11747",12.25718,35.23579,338.57,0.47,0.64,"2026-02-15",1140,"N20","low","2.0NRT",310.81,4.02,"D"
"11748",12.13639,34.24754,349.85,0.4,0.6,"2026-02-15",1140,"N20","nominal","2.0NRT",312.91,10.16,"D"
"11749",12.13593,34.24382,356.08,0.4,0.6,"2026-02-15",1140,"N20","nominal","2.0NRT",313.16,10.38,"D"
"11750",12.13576,34.24595,367,0.4,0.6,"2026-02-15",1140,"N20","high","2.0NRT",312.95,12.74,"D"
"11751",12.0411,33.3106,367,0.35,0.57,"2026-02-15",1140,"N20","high","2.0NRT",315.41,9.8,"D"
"11752",12.34577,35.76617,334.72,0.52,0.67,"2026-02-15",1140,"N20","low","2.0NRT",308.98,3.26,"D"
"11753",11.96753,32.58561,343.72,0.62,0.54,"2026-02-15",1140,"N20","low","2.0NRT",313.86,7.55,"D"
"11754",11.96682,32.57991,343.59,0.62,0.54,"2026-02-15",1140,"N20","low","2.0NRT",314.73,7.23,"D"
"11755",11.54606,29.35246,346.97,0.56,0.43,"2026-02-15",1140,"N20","nominal","2.0NRT",311.26,10.95,"D"
"11756",11.54536,29.34731,338.17,0.56,0.43,"2026-02-15",1140,"N20","low","2.0NRT",311.17,13.75,"D"
"11757",11.55001,29.35192,340.14,0.56,0.43,"2026-02-15",1140,"N20","low","2.0NRT",313.07,10.95,"D"
"11758",12.3586,35.60784,353.66,0.5,0.66,"2026-02-15",1140,"N20","nominal","2.0NRT",307.26,13.43,"D"
"11759",12.35807,35.60323,354.36,0.5,0.66,"2026-02-15",1140,"N20","nominal","2.0NRT",311.77,13.43,"D"
"11760",12.35753,35.59861,337.03,0.5,0.66,"2026-02-15",1140,"N20","low","2.0NRT",308.86,7.13,"D"
"11761",11.72559,30.36855,337.15,0.44,0.46,"2026-02-15",1140,"N20","low","2.0NRT",311.81,4.48,"D"
"11762",11.72506,30.36456,341.94,0.44,0.46,"2026-02-15",1140,"N20","low","2.0NRT",314.39,4.48,"D"
"11763",11.72984,30.36801,356.3,0.44,0.46,"2026-02-15",1140,"N20","nominal","2.0NRT",314.8,4.48,"D"
"11764",11.7293,30.36403,342.38,0.44,0.46,"2026-02-15",1140,"N20","low","2.0NRT",315.31,4.48,"D"
"11765",11.73408,30.36746,346.08,0.44,0.46,"2026-02-15",1140,"N20","nominal","2.0NRT",313.03,3.98,"D"
"11766",11.73354,30.36348,341.52,0.44,0.46,"2026-02-15",1140,"N20","low","2.0NRT",313.91,3.98,"D"
"11767",11.20261,26.5195,346.28,0.41,0.37,"2026-02-15",1140,"N20","nominal","2.0NRT",313.28,8.1,"D"
"11768",11.2015,26.51201,342.74,0.41,0.37,"2026-02-15",1140,"N20","low","2.0NRT",314.52,9.35,"D"
"11769",12.48207,35.9823,335.35,0.54,0.68,"2026-02-15",1140,"N20","low","2.0NRT",308.43,4.82,"D"
"11770",12.48152,35.97747,343.83,0.54,0.68,"2026-02-15",1140,"N20","nominal","2.0NRT",310.52,4.82,"D"
"11771",11.8119,30.46824,338.44,0.45,0.47,"2026-02-15",1140,"N20","low","2.0NRT",312.57,3.06,"D"
"11772",12.48796,35.92285,367,0.53,0.67,"2026-02-15",1140,"N20","high","2.0NRT",311.7,9.6,"D"
"11773",11.58425,28.75815,346.97,0.52,0.42,"2026-02-15",1140,"N20","nominal","2.0NRT",312.78,7.48,"D"
"11774",12.57516,36.07607,367,0.55,0.68,"2026-02-15",1140,"N20","high","2.0NRT",315.81,12.01,"D"
"11775",11.31886,26.50187,350.09,0.41,0.37,"2026-02-15",1140,"N20","nominal","2.0NRT",316.71,10.9,"D"
"11776",11.31936,26.50192,352.76,0.41,0.37,"2026-02-15",1140,"N20","nominal","2.0NRT",317.75,11.87,"D"
"11777",11.66805,28.83682,346.23,0.53,0.42,"2026-02-15",1140,"N20","low","2.0NRT",318.89,8.5,"D"
"11778",11.67123,28.83146,350.18,0.53,0.42,"2026-02-15",1140,"N20","nominal","2.0NRT",317.04,8.5,"D"
"11779",11.67057,28.82664,354.04,0.53,0.42,"2026-02-15",1140,"N20","nominal","2.0NRT",317.48,8.75,"D"
"11780",11.66991,28.82181,349.15,0.53,0.42,"2026-02-15",1140,"N20","nominal","2.0NRT",315.35,8.75,"D"
"11781",12.57275,36.07422,352.01,0.55,0.68,"2026-02-15",1140,"N20","nominal","2.0NRT",314.89,9.51,"D"
"11782",12.57959,36.07867,350.83,0.55,0.68,"2026-02-15",1140,"N20","nominal","2.0NRT",313.18,6.93,"D"
"11783",12.52619,35.48945,338.47,0.5,0.66,"2026-02-15",1140,"N20","low","2.0NRT",312.08,3.9,"D"
"11784",12.31944,33.62605,367,0.37,0.58,"2026-02-15",1140,"N20","high","2.0NRT",314.13,6.69,"D"
"11785",12.31903,33.62263,348.18,0.37,0.58,"2026-02-15",1140,"N20","nominal","2.0NRT",315.21,6.69,"D"
"11786",12.46909,34.73722,353.62,0.44,0.62,"2026-02-15",1140,"N20","nominal","2.0NRT",309.23,8.37,"D"
"11787",12.46861,34.73314,349.86,0.44,0.62,"2026-02-15",1140,"N20","nominal","2.0NRT",311.54,8.61,"D"
"11788",12.42044,34.14024,344.08,0.4,0.6,"2026-02-15",1140,"N20","nominal","2.0NRT",314.53,5.16,"D"
"11789",11.97489,30.49008,335.97,0.45,0.47,"2026-02-15",1140,"N20","low","2.0NRT",310.51,3.81,"D"
"11790",11.97918,30.48952,347.29,0.45,0.47,"2026-02-15",1140,"N20","nominal","2.0NRT",311.65,3.81,"D"
"11791",11.98347,30.48897,336.76,0.45,0.47,"2026-02-15",1140,"N20","low","2.0NRT",311.2,7.2,"D"
"11792",11.97765,30.48999,350.91,0.45,0.47,"2026-02-15",1140,"N20","nominal","2.0NRT",311.26,8.47,"D"
"11793",11.97506,30.43595,338.45,0.45,0.47,"2026-02-15",1140,"N20","low","2.0NRT",311.44,4.28,"D"
"11794",11.9857,30.48474,340.68,0.45,0.47,"2026-02-15",1140,"N20","nominal","2.0NRT",307.4,2.29,"D"
"11795",11.97987,30.43949,335.27,0.45,0.47,"2026-02-15",1140,"N20","low","2.0NRT",309.4,2.82,"D"
"11796",11.99535,30.49188,337.69,0.45,0.47,"2026-02-15",1140,"N20","nominal","2.0NRT",307.19,2.81,"D"
"11797",11.9943,30.45012,346.62,0.45,0.47,"2026-02-15",1140,"N20","nominal","2.0NRT",318.34,49.75,"D"
"11798",12.4865,34.37302,367,0.42,0.61,"2026-02-15",1140,"N20","high","2.0NRT",315.84,8.96,"D"
"11799",11.88037,29.28255,335.01,0.56,0.43,"2026-02-15",1140,"N20","nominal","2.0NRT",296.57,4.84,"D"
"11800",12.1635,31.02443,343.84,0.49,0.49,"2026-02-15",1140,"N20","nominal","2.0NRT",287.68,5.61,"D"
"11801",11.63412,27.08877,355.77,0.43,0.38,"2026-02-15",1140,"N20","nominal","2.0NRT",320.56,22.16,"D"
"11802",12.70862,35.5572,342.43,0.51,0.66,"2026-02-15",1140,"N20","nominal","2.0NRT",312.76,4.92,"D"
"11803",12.8343,36.24082,338.47,0.56,0.69,"2026-02-15",1140,"N20","nominal","2.0NRT",307.54,5.58,"D"
"11804",12.82839,36.18731,338.83,0.56,0.69,"2026-02-15",1140,"N20","low","2.0NRT",309.5,4.21,"D"
"11805",12.76444,35.45222,353.51,0.5,0.66,"2026-02-15",1140,"N20","nominal","2.0NRT",312.66,9.4,"D"
"11806",12.30396,31.26158,334.17,0.51,0.49,"2026-02-15",1140,"N20","nominal","2.0NRT",302.99,3.37,"D"
"11807",12.3091,31.26572,336.78,0.51,0.49,"2026-02-15",1140,"N20","nominal","2.0NRT",305.53,6.4,"D"
"11808",12.21283,30.4088,354.68,0.45,0.47,"2026-02-15",1140,"N20","nominal","2.0NRT",314.1,15.08,"D"
"11809",12.21926,30.42473,343.73,0.45,0.47,"2026-02-15",1140,"N20","nominal","2.0NRT",312.92,5.07,"D"
"11810",12.21711,30.40822,354.74,0.45,0.47,"2026-02-15",1140,"N20","nominal","2.0NRT",315.05,20.15,"D"
"11811",12.21657,30.40411,354.41,0.45,0.47,"2026-02-15",1140,"N20","nominal","2.0NRT",315.34,22.38,"D"
"11812",12.85686,35.12589,338.21,0.47,0.64,"2026-02-15",1140,"N20","low","2.0NRT",313.04,4.51,"D"
"11813",12.39306,31.34194,345.84,0.52,0.5,"2026-02-15",1140,"N20","nominal","2.0NRT",310.49,7.45,"D"
"11814",12.39243,31.33717,346.77,0.52,0.5,"2026-02-15",1140,"N20","nominal","2.0NRT",309.6,7.45,"D"
"11815",13.04893,36.5774,332.87,0.6,0.7,"2026-02-15",1140,"N20","low","2.0NRT",307.18,3.88,"D"
"11816",12.99459,36.04504,367,0.55,0.68,"2026-02-15",1140,"N20","high","2.0NRT",309.83,11.42,"D"
"11817",13.06149,36.63015,350.8,0.6,0.71,"2026-02-15",1140,"N20","nominal","2.0NRT",308.54,8.51,"D"
"11818",12.99399,36.03983,348.76,0.55,0.68,"2026-02-15",1140,"N20","nominal","2.0NRT",310.8,11.42,"D"
"11819",12.35479,30.74314,345.71,0.47,0.48,"2026-02-15",1140,"N20","nominal","2.0NRT",309.52,6.39,"D"
"11820",12.36029,30.75123,345.57,0.47,0.48,"2026-02-15",1140,"N20","nominal","2.0NRT",313.25,9.73,"D"
"11821",12.35863,30.73825,341.8,0.47,0.48,"2026-02-15",1140,"N20","nominal","2.0NRT",310.32,7.82,"D"
"11822",12.99186,36.04327,367,0.55,0.68,"2026-02-15",1140,"N20","high","2.0NRT",311.88,21.83,"D"
"11823",13.06121,36.62876,339.02,0.6,0.71,"2026-02-15",1140,"N20","nominal","2.0NRT",308.98,7.42,"D"
"11824",12.41432,31.10292,349.36,0.5,0.49,"2026-02-15",1140,"N20","nominal","2.0NRT",312.86,8.8,"D"
"11825",12.41882,31.10237,355.86,0.5,0.49,"2026-02-15",1140,"N20","nominal","2.0NRT",313.52,8.8,"D"
"11826",13.04401,35.99677,337.94,0.55,0.68,"2026-02-15",1140,"N20","low","2.0NRT",310.84,4.75,"D"
"11827",12.43257,30.96202,343.6,0.49,0.49,"2026-02-15",1140,"N20","low","2.0NRT",313.85,9.69,"D"
"11828",12.43796,30.93397,349.8,0.49,0.48,"2026-02-15",1140,"N20","nominal","2.0NRT",312.61,7.52,"D"
"11829",13.12873,36.46468,339.93,0.59,0.7,"2026-02-15",1140,"N20","nominal","2.0NRT",309.71,5.02,"D"
"11830",11.80352,26.29857,367,0.41,0.37,"2026-02-15",1140,"N20","low","2.0NRT",325.45,0.75,"D"
"11831",11.80692,26.29806,353.44,0.41,0.37,"2026-02-15",1140,"N20","low","2.0NRT",327.26,3.1,"D"
"11832",13.25144,37.45113,331.64,0.69,0.74,"2026-02-15",1140,"N20","low","2.0NRT",305.73,9.03,"D"
"11833",11.81087,26.30128,367,0.41,0.37,"2026-02-15",1140,"N20","low","2.0NRT",325.08,3.1,"D"
"11834",11.80977,26.29382,367,0.41,0.37,"2026-02-15",1140,"N20","low","2.0NRT",325.38,3.26,"D"
"11835",13.12901,36.46136,345.61,0.59,0.7,"2026-02-15",1140,"N20","nominal","2.0NRT",310.51,4.21,"D"
"11836",12.99137,35.02428,341.62,0.47,0.64,"2026-02-15",1140,"N20","low","2.0NRT",312.44,4.21,"D"
"11837",12.51389,30.97106,336.33,0.49,0.49,"2026-02-15",1140,"N20","low","2.0NRT",310.28,5.23,"D"
"11838",12.524,30.97898,346.9,0.49,0.49,"2026-02-15",1140,"N20","nominal","2.0NRT",309.53,9.02,"D"
"11839",12.52341,30.97445,345.2,0.49,0.49,"2026-02-15",1140,"N20","nominal","2.0NRT",309.19,9.02,"D"
"11840",13.00662,34.74268,341.37,0.45,0.63,"2026-02-15",1140,"N20","low","2.0NRT",311.59,1.58,"D"
"11841",13.12445,35.49932,339.96,0.51,0.66,"2026-02-15",1140,"N20","low","2.0NRT",311.23,2.83,"D"
"11842",12.50068,30.49473,347.2,0.46,0.47,"2026-02-15",1140,"N20","low","2.0NRT",317.36,6.95,"D"
"11843",12.50012,30.49053,344.99,0.46,0.47,"2026-02-15",1140,"N20","nominal","2.0NRT",317.36,6.95,"D"
"11844",12.50557,30.49838,340.95,0.46,0.47,"2026-02-15",1140,"N20","low","2.0NRT",315.04,5.7,"D"
"11845",13.12574,35.50158,344.15,0.51,0.66,"2026-02-15",1140,"N20","nominal","2.0NRT",310.76,5.55,"D"
"11846",12.9965,33.22467,367,0.35,0.57,"2026-02-15",1140,"N20","high","2.0NRT",317.68,12.9,"D"
"11847",12.71873,30.89271,330.82,0.49,0.48,"2026-02-15",1140,"N20","low","2.0NRT",301.17,2.21,"D"
"11848",12.89276,31.73617,345.52,0.56,0.51,"2026-02-15",1140,"N20","nominal","2.0NRT",316.3,7.64,"D"
"11849",12.51841,28.73793,348.78,0.53,0.42,"2026-02-15",1140,"N20","nominal","2.0NRT",302.43,6.86,"D"
"11850",13.07754,33.05178,354.09,0.35,0.56,"2026-02-15",1140,"N20","nominal","2.0NRT",314.33,6.13,"D"
"11851",13.08273,33.05114,367,0.35,0.56,"2026-02-15",1140,"N20","high","2.0NRT",313.7,5.99,"D"
"11852",12.73943,30.15409,342.4,0.44,0.46,"2026-02-15",1140,"N20","low","2.0NRT",315.1,31.14,"D"
"11853",12.7389,30.15005,348.02,0.44,0.46,"2026-02-15",1140,"N20","nominal","2.0NRT",317.7,31.14,"D"
"11854",12.74261,30.14545,367,0.44,0.46,"2026-02-15",1140,"N20","high","2.0NRT",332.47,78.73,"D"
"11855",12.74367,30.15353,356.1,0.44,0.46,"2026-02-15",1140,"N20","nominal","2.0NRT",320.41,31.14,"D"
"11856",12.74314,30.14949,352.33,0.44,0.46,"2026-02-15",1140,"N20","low","2.0NRT",327.39,31.14,"D"
"11857",12.38688,26.95073,346.24,0.44,0.38,"2026-02-15",1140,"N20","low","2.0NRT",319.27,11.02,"D"
"11858",12.38631,26.94674,367,0.44,0.38,"2026-02-15",1140,"N20","low","2.0NRT",328.76,46.34,"D"
"11859",12.39038,26.95021,350.63,0.44,0.38,"2026-02-15",1140,"N20","nominal","2.0NRT",319.98,11.02,"D"
"11860",12.98608,31.2328,344.94,0.52,0.5,"2026-02-15",1140,"N20","low","2.0NRT",315.51,4.89,"D"
"11861",12.6541,28.71104,335.59,0.53,0.42,"2026-02-15",1140,"N20","nominal","2.0NRT",301.56,7.34,"D"
"11862",12.65343,28.70613,351.33,0.53,0.42,"2026-02-15",1140,"N20","nominal","2.0NRT",310.77,17.19,"D"
"11863",13.57198,36.17195,342.65,0.57,0.69,"2026-02-15",1140,"N20","nominal","2.0NRT",312.54,6.74,"D"
"11864",12.65796,28.71051,348.93,0.53,0.42,"2026-02-15",1140,"N20","nominal","2.0NRT",295.69,7.34,"D"
"11865",12.65729,28.7056,336.57,0.53,0.42,"2026-02-15",1140,"N20","nominal","2.0NRT",299.2,17.19,"D"
"11866",13.53549,35.72133,342.31,0.53,0.67,"2026-02-15",1140,"N20","nominal","2.0NRT",311.82,4.28,"D"
"11867",12.67261,28.58934,345.43,0.53,0.42,"2026-02-15",1140,"N20","low","2.0NRT",319.08,12.64,"D"
"11868",12.76117,28.70372,352,0.54,0.42,"2026-02-15",1140,"N20","nominal","2.0NRT",303.5,25.25,"D"
"11869",13.62575,35.69398,367,0.53,0.67,"2026-02-15",1140,"N20","high","2.0NRT",311.11,26.62,"D"
"11870",13.62522,35.68912,353.17,0.53,0.67,"2026-02-15",1140,"N20","nominal","2.0NRT",311.25,22.74,"D"
"11871",13.61564,35.60177,340.55,0.52,0.67,"2026-02-15",1140,"N20","low","2.0NRT",312.26,8.72,"D"
"11872",13.74701,36.76155,340.13,0.63,0.72,"2026-02-15",1140,"N20","low","2.0NRT",311.08,7.96,"D"
"11873",13.70327,36.16991,337.02,0.57,0.69,"2026-02-15",1140,"N20","low","2.0NRT",310.38,4.97,"D"
"11874",13.82467,36.62744,345.35,0.62,0.71,"2026-02-15",1140,"N20","nominal","2.0NRT",313.63,5.63,"D"
"11875",12.9734,29.47965,347.64,0.4,0.44,"2026-02-15",1140,"N20","low","2.0NRT",319.02,6.07,"D"
"11876",12.55199,26.39367,367,0.42,0.37,"2026-02-15",1140,"N20","low","2.0NRT",325.99,1.71,"D"
"11877",12.55144,26.38985,367,0.42,0.37,"2026-02-15",1140,"N20","low","2.0NRT",326.3,3.47,"D"
"11878",12.55089,26.38604,367,0.42,0.37,"2026-02-15",1140,"N20","low","2.0NRT",325.84,3.47,"D"
"11879",12.55487,26.38934,355.04,0.42,0.37,"2026-02-15",1140,"N20","nominal","2.0NRT",329.76,3.47,"D"
"11880",12.55542,26.39315,367,0.42,0.37,"2026-02-15",1140,"N20","low","2.0NRT",328.38,1.71,"D"
"11881",12.55885,26.39264,367,0.42,0.37,"2026-02-15",1140,"N20","low","2.0NRT",326.45,2.36,"D"
"11882",12.5583,26.38883,367,0.42,0.37,"2026-02-15",1140,"N20","low","2.0NRT",325.75,0.52,"D"
"11883",12.55775,26.38502,367,0.42,0.37,"2026-02-15",1140,"N20","low","2.0NRT",325.4,0.52,"D"
"11884",13.8801,36.52498,338.22,0.61,0.71,"2026-02-15",1140,"N20","low","2.0NRT",312.54,10.11,"D"
"11885",13.87947,36.51929,351.41,0.61,0.71,"2026-02-15",1140,"N20","nominal","2.0NRT",313.76,13.97,"D"
"11886",13.75313,35.33226,333.66,0.5,0.66,"2026-02-15",1140,"N20","low","2.0NRT",307.23,4.85,"D"
"11887",13.7526,35.32763,356.07,0.5,0.66,"2026-02-15",1140,"N20","nominal","2.0NRT",310,11.24,"D"
"11888",13.75921,35.33161,351.6,0.5,0.66,"2026-02-15",1140,"N20","nominal","2.0NRT",307.42,6.97,"D"
"11889",13.75868,35.32697,344.57,0.5,0.66,"2026-02-15",1140,"N20","nominal","2.0NRT",308.74,7.09,"D"
"11890",13.8795,36.52383,346,0.61,0.71,"2026-02-15",1140,"N20","nominal","2.0NRT",312.72,7.9,"D"
"11891",13.87892,36.51816,343.44,0.61,0.71,"2026-02-15",1140,"N20","low","2.0NRT",314.33,7.9,"D"
"11892",13.75425,35.32965,353.6,0.5,0.66,"2026-02-15",1140,"N20","nominal","2.0NRT",308.5,7.06,"D"
"11893",13.75375,35.32502,347.62,0.5,0.66,"2026-02-15",1140,"N20","nominal","2.0NRT",310.49,7.06,"D"
"11894",13.76033,35.32898,349.26,0.5,0.66,"2026-02-15",1140,"N20","nominal","2.0NRT",308.27,7.06,"D"
"11895",13.80396,35.39016,344.41,0.51,0.66,"2026-02-15",1140,"N20","nominal","2.0NRT",313.79,8.53,"D"
"11896",13.97662,36.81586,337.43,0.64,0.72,"2026-02-15",1140,"N20","low","2.0NRT",310.31,7.11,"D"
"11897",14.09783,36.09544,367,0.57,0.69,"2026-02-15",1140,"N20","high","2.0NRT",314.29,22.11,"D"
"11898",13.86506,33.94507,367,0.41,0.6,"2026-02-15",1140,"N20","high","2.0NRT",317.59,29.33,"D"
"11899",13.86463,33.94129,367,0.41,0.6,"2026-02-15",1140,"N20","low","2.0NRT",328.32,41.91,"D"
"11900",14.17461,36.69762,348.01,0.63,0.72,"2026-02-15",1140,"N20","nominal","2.0NRT",312.91,8.21,"D"
"11901",13.87063,33.94444,356.06,0.41,0.6,"2026-02-15",1140,"N20","nominal","2.0NRT",318.55,9.51,"D"
"11902",13.87019,33.94066,345.06,0.41,0.6,"2026-02-15",1140,"N20","nominal","2.0NRT",318.4,8.53,"D"
"11903",14.35732,37.45348,341.56,0.71,0.75,"2026-02-15",1140,"N20","nominal","2.0NRT",308.35,3.75,"D"
"11904",14.31626,35.63327,338.98,0.54,0.67,"2026-02-15",1142,"N20","low","2.0NRT",311.35,5.51,"D"
"11905",14.40711,36.40302,355.39,0.6,0.71,"2026-02-15",1142,"N20","nominal","2.0NRT",315.17,12.62,"D"
"11906",14.40621,36.39987,346.73,0.6,0.71,"2026-02-15",1142,"N20","nominal","2.0NRT",315.63,12.78,"D"
"11907",14.38198,35.67349,347.42,0.54,0.68,"2026-02-15",1142,"N20","nominal","2.0NRT",314.57,9.43,"D"
"11908",14.80491,35.16068,339.08,0.5,0.66,"2026-02-15",1142,"N20","low","2.0NRT",313.27,5.01,"D"
"11909",14.82258,35.14193,344.43,0.5,0.66,"2026-02-15",1142,"N20","nominal","2.0NRT",314.17,4.89,"D"
"11910",14.24863,29.15527,352.73,0.4,0.44,"2026-02-15",1142,"N20","nominal","2.0NRT",322.07,14.33,"D"
"11911",14.24765,29.14795,351.6,0.4,0.44,"2026-02-15",1142,"N20","low","2.0NRT",323.37,7.04,"D"
"11912",14.2517,29.14739,349.18,0.4,0.44,"2026-02-15",1142,"N20","low","2.0NRT",321.15,7.04,"D"
"11913",14.26177,29.16094,352.8,0.4,0.44,"2026-02-15",1142,"N20","low","2.0NRT",323.06,9.07,"D"
"11914",14.26631,29.16405,346.51,0.4,0.44,"2026-02-15",1142,"N20","low","2.0NRT",319.98,12.88,"D"
"11915",14.27037,29.1635,356.23,0.4,0.44,"2026-02-15",1142,"N20","nominal","2.0NRT",324.48,12.88,"D"
"11916",14.26742,29.14152,347.97,0.4,0.44,"2026-02-15",1142,"N20","low","2.0NRT",322.37,7.3,"D"
"11917",14.84612,32.30804,367,0.32,0.55,"2026-02-15",1142,"N20","high","2.0NRT",314.6,8.37,"D"
"11918",15.54304,35.48903,338.3,0.54,0.68,"2026-02-15",1142,"N20","nominal","2.0NRT",309.18,5.61,"D"
"11919",14.73631,26.41376,352.54,0.43,0.38,"2026-02-15",1142,"N20","low","2.0NRT",325.33,3.36,"D"
"11920",14.73575,26.40976,367,0.43,0.38,"2026-02-15",1142,"N20","low","2.0NRT",325.94,1.44,"D"
"11921",14.73981,26.41323,367,0.43,0.38,"2026-02-15",1142,"N20","low","2.0NRT",325.09,3.36,"D"
"11922",14.73924,26.40923,367,0.43,0.38,"2026-02-15",1142,"N20","low","2.0NRT",325.87,1.44,"D"
"11923",14.74502,26.42473,367,0.44,0.38,"2026-02-15",1142,"N20","low","2.0NRT",325.28,2.19,"D"
"11924",14.74909,26.42822,349.85,0.44,0.38,"2026-02-15",1142,"N20","low","2.0NRT",324.25,3.84,"D"
"11925",14.74852,26.42421,367,0.44,0.38,"2026-02-15",1142,"N20","low","2.0NRT",325.96,2.19,"D"
"11926",14.75316,26.4317,350.26,0.44,0.38,"2026-02-15",1142,"N20","low","2.0NRT",326.57,9.59,"D"
"11927",37.84464,29.36607,343.13,0.38,0.59,"2026-02-15",1149,"N20","nominal","2.0NRT",294.18,3.01,"D"
"11928",37.84013,29.36475,341.17,0.38,0.59,"2026-02-15",1149,"N20","nominal","2.0NRT",294.55,4.15,"D"
"11929",40.48586,29.64742,335.23,0.42,0.61,"2026-02-15",1149,"N20","nominal","2.0NRT",291.89,10.19,"D"
"11930",40.48563,29.64248,352.8,0.42,0.61,"2026-02-15",1149,"N20","nominal","2.0NRT",295.83,10.19,"D"
"11931",40.48291,29.64585,367,0.42,0.61,"2026-02-15",1149,"N20","high","2.0NRT",293.78,9.94,"D"
"11932",40.48856,29.64538,329.04,0.42,0.61,"2026-02-15",1149,"N20","nominal","2.0NRT",291.83,3.16,"D"
"11933",40.85675,29.44522,330.72,0.41,0.61,"2026-02-15",1149,"N20","nominal","2.0NRT",290,1.78,"D"
"11934",36.16107,139.31078,295.86,0.49,0.65,"2026-02-15",1541,"N20","nominal","2.0NRT",274.2,0.81,"N"
"11935",35.94308,140.67264,306.46,0.41,0.61,"2026-02-15",1541,"N20","nominal","2.0NRT",279.9,0.82,"N"
"11936",35.94283,140.67725,297.83,0.41,0.61,"2026-02-15",1541,"N20","nominal","2.0NRT",278.99,0.82,"N"
"11937",35.94527,140.67613,308.35,0.41,0.61,"2026-02-15",1541,"N20","nominal","2.0NRT",279.87,0.61,"N"
"11938",35.93965,140.67564,301.18,0.41,0.61,"2026-02-15",1541,"N20","nominal","2.0NRT",279.34,0.61,"N"
"11939",35.58245,140.08598,298.39,0.44,0.63,"2026-02-15",1541,"N20","nominal","2.0NRT",281.95,1.37,"N"
"11940",35.5822,140.09094,307.64,0.44,0.63,"2026-02-15",1541,"N20","nominal","2.0NRT",283.66,1.37,"N"
"11941",35.37326,139.84271,311.43,0.46,0.63,"2026-02-15",1541,"N20","nominal","2.0NRT",282.4,1.12,"N"
"11942",35.36765,139.8371,302.04,0.46,0.63,"2026-02-15",1541,"N20","nominal","2.0NRT",281.12,2.21,"N"
"11943",35.3674,139.84221,300.35,0.46,0.63,"2026-02-15",1541,"N20","nominal","2.0NRT",281.76,1.12,"N"
"11944",35.36715,139.84734,296.57,0.45,0.63,"2026-02-15",1541,"N20","nominal","2.0NRT",283.54,1.12,"N"
"11945",35.36129,139.8468,329.78,0.45,0.63,"2026-02-15",1541,"N20","nominal","2.0NRT",283.17,4.23,"N"
"11946",35.36104,139.85197,308.44,0.45,0.63,"2026-02-15",1541,"N20","nominal","2.0NRT",284.45,2.01,"N"
"11947",35.36079,139.85709,306.31,0.45,0.63,"2026-02-15",1541,"N20","nominal","2.0NRT",284.13,2.01,"N"
"11948",35.36054,139.86212,297.52,0.45,0.63,"2026-02-15",1541,"N20","nominal","2.0NRT",284.25,1.76,"N"
"11949",35.36005,139.87222,301.76,0.45,0.63,"2026-02-15",1541,"N20","nominal","2.0NRT",285.06,2.55,"N"
"11950",35.35445,139.86667,302.93,0.45,0.63,"2026-02-15",1541,"N20","nominal","2.0NRT",283.09,1.76,"N"
"11951",35.37444,139.84189,316.27,0.45,0.63,"2026-02-15",1541,"N20","nominal","2.0NRT",282.73,2.02,"N"
"11952",35.36858,139.8414,311.47,0.45,0.63,"2026-02-15",1541,"N20","nominal","2.0NRT",282.57,2.02,"N"
"11953",35.36244,139.84602,328.95,0.45,0.63,"2026-02-15",1541,"N20","nominal","2.0NRT",282.02,2.61,"N"
"11954",35.36216,139.85115,314.24,0.45,0.63,"2026-02-15",1541,"N20","nominal","2.0NRT",284.1,2.61,"N"
"11955",35.36188,139.85629,305.84,0.45,0.63,"2026-02-15",1541,"N20","nominal","2.0NRT",284.37,1.75,"N"
"11956",35.3616,139.8613,298.44,0.45,0.63,"2026-02-15",1541,"N20","nominal","2.0NRT",285.01,1.75,"N"
"11957",35.36132,139.86635,297.37,0.45,0.63,"2026-02-15",1541,"N20","nominal","2.0NRT",284.21,1.23,"N"
"11958",35.36104,139.87137,296.24,0.45,0.63,"2026-02-15",1541,"N20","nominal","2.0NRT",283.89,1.23,"N"
"11959",35.36077,139.87639,296.96,0.45,0.63,"2026-02-15",1541,"N20","nominal","2.0NRT",285.01,1.71,"N"
"11960",35.3552,139.87086,300.49,0.45,0.63,"2026-02-15",1541,"N20","nominal","2.0NRT",283.66,1.23,"N"
"11961",35.03421,136.87782,306.42,0.67,0.73,"2026-02-15",1541,"N20","nominal","2.0NRT",271.51,2.13,"N"
"11962",35.03306,136.87993,312.89,0.67,0.73,"2026-02-15",1541,"N20","nominal","2.0NRT",271.1,2.8,"N"
"11963",35.02668,136.86461,304.78,0.67,0.73,"2026-02-15",1541,"N20","nominal","2.0NRT",269.78,4.3,"N"
"11964",34.72445,137.31918,300.73,0.63,0.72,"2026-02-15",1541,"N20","nominal","2.0NRT",270.49,1.25,"N"
"11965",34.72041,137.32158,295.29,0.63,0.72,"2026-02-15",1541,"N20","nominal","2.0NRT",272.23,0.82,"N"
"11966",31.33179,125.26875,295.8,0.39,0.36,"2026-02-15",1724,"N20","nominal","2.0NRT",281.72,0.36,"N"
"11967",46.59997,131.06943,327.44,0.38,0.36,"2026-02-15",1719,"N20","nominal","2.0NRT",261.63,2.08,"N"
"11968",29.88325,125.9107,302.02,0.38,0.36,"2026-02-15",1724,"N20","nominal","2.0NRT",286.89,0.57,"N"
"11969",26.32822,127.84945,323.09,0.45,0.39,"2026-02-15",1726,"N20","nominal","2.0NRT",288.64,2.29,"N"
"11970",26.26213,117.60792,298.5,0.47,0.48,"2026-02-15",1726,"N20","nominal","2.0NRT",286.24,1.6,"N"
"11971",25.75452,118.07516,324.52,0.44,0.46,"2026-02-15",1726,"N20","nominal","2.0NRT",287.19,2.77,"N"
"11972",25.74972,118.07952,319.05,0.44,0.46,"2026-02-15",1726,"N20","nominal","2.0NRT",287.34,2.3,"N"
"11973",25.18653,116.7208,302.17,0.52,0.5,"2026-02-15",1726,"N20","nominal","2.0NRT",284.32,0.72,"N"
"11974",25.1862,116.72392,301.6,0.52,0.5,"2026-02-15",1726,"N20","nominal","2.0NRT",285.38,1.04,"N"
"11975",24.82435,117.01254,298.87,0.49,0.49,"2026-02-15",1726,"N20","nominal","2.0NRT",287.39,0.78,"N"
"11976",23.9258,120.47207,303.37,0.47,0.39,"2026-02-15",1726,"N20","nominal","2.0NRT",289.54,0.93,"N"
"11977",23.82375,120.45374,303.73,0.47,0.39,"2026-02-15",1726,"N20","nominal","2.0NRT",289.3,0.69,"N"
"11978",23.65084,120.37905,328.65,0.47,0.4,"2026-02-15",1726,"N20","nominal","2.0NRT",289.85,2.76,"N"
"11979",23.44383,120.39199,302.16,0.46,0.39,"2026-02-15",1726,"N20","nominal","2.0NRT",290.15,0.71,"N"
"11980",24.09778,111.7151,300.83,0.53,0.67,"2026-02-15",1726,"N20","nominal","2.0NRT",286.93,0.45,"N"
"11981",23.31828,116.74822,309.56,0.49,0.49,"2026-02-15",1726,"N20","nominal","2.0NRT",289.35,0.88,"N"
"11982",23.95661,109.2975,310.83,0.75,0.77,"2026-02-15",1726,"N20","nominal","2.0NRT",286.65,3.07,"N"
"11983",23.89917,109.54262,299.86,0.72,0.75,"2026-02-15",1726,"N20","nominal","2.0NRT",287.55,1.5,"N"
"11984",23.8937,109.27634,300.28,0.75,0.77,"2026-02-15",1726,"N20","nominal","2.0NRT",286.45,1.28,"N"
"11985",23.89327,109.28374,301.81,0.75,0.77,"2026-02-15",1726,"N20","nominal","2.0NRT",286.67,1.28,"N"
"11986",23.89323,109.54483,303.69,0.72,0.75,"2026-02-15",1726,"N20","nominal","2.0NRT",287.97,1.94,"N"
"11987",23.89636,109.27995,308.94,0.75,0.77,"2026-02-15",1726,"N20","nominal","2.0NRT",286.44,1.33,"N"
"11988",23.86088,109.27711,301.95,0.75,0.77,"2026-02-15",1726,"N20","nominal","2.0NRT",286.69,2.24,"N"
"11989",23.82808,109.22968,299.32,0.75,0.77,"2026-02-15",1726,"N20","nominal","2.0NRT",287.09,0.76,"N"
"11990",23.81298,109.24323,299.25,0.75,0.77,"2026-02-15",1726,"N20","nominal","2.0NRT",286.95,0.8,"N"
"11991",23.83127,109.2318,298.79,0.75,0.77,"2026-02-15",1726,"N20","nominal","2.0NRT",286.81,1,"N"
"11992",23.67528,109.6832,309.43,0.7,0.75,"2026-02-15",1726,"N20","nominal","2.0NRT",287.9,1.75,"N"
"11993",23.67553,109.68219,307.03,0.7,0.75,"2026-02-15",1726,"N20","nominal","2.0NRT",287.87,1.59,"N"
"11994",22.54284,120.35641,305.34,0.46,0.39,"2026-02-15",1726,"N20","nominal","2.0NRT",292.32,1.33,"N"
"11995",23.49319,110.49609,299.05,0.62,0.71,"2026-02-15",1726,"N20","nominal","2.0NRT",288.28,1.13,"N"
"11996",23.54049,109.72725,300.09,0.69,0.75,"2026-02-15",1726,"N20","nominal","2.0NRT",287.57,1.32,"N"
"11997",23.38604,111.15364,301.67,0.56,0.69,"2026-02-15",1726,"N20","nominal","2.0NRT",288.31,1.09,"N"
"11998",23.37323,111.15357,300.56,0.56,0.69,"2026-02-15",1726,"N20","nominal","2.0NRT",288.29,2.61,"N"
"11999",23.38366,111.15144,306.73,0.56,0.69,"2026-02-15",1726,"N20","nominal","2.0NRT",288.65,2.06,"N"
"12000",23.24322,111.56924,300.5,0.53,0.67,"2026-02-15",1726,"N20","nominal","2.0NRT",289.44,1.21,"N"
"12001",23.24424,111.57114,306.67,0.53,0.67,"2026-02-15",1726,"N20","nominal","2.0NRT",290.93,1.48,"N"
"12002",23.14692,109.6874,305.23,0.69,0.74,"2026-02-15",1726,"N20","nominal","2.0NRT",287.91,1.24,"N"
"12003",23.14675,109.68855,305.87,0.69,0.74,"2026-02-15",1726,"N20","nominal","2.0NRT",288.17,1.11,"N"
"12004",23.13745,109.52122,298.16,0.71,0.75,"2026-02-15",1726,"N20","nominal","2.0NRT",287.92,1.85,"N"
"12005",23.0772,109.47903,303.69,0.71,0.75,"2026-02-15",1726,"N20","nominal","2.0NRT",287.42,1.03,"N"
"12006",22.92408,111.53945,299.02,0.53,0.67,"2026-02-15",1726,"N20","nominal","2.0NRT",287.01,0.61,"N"
"12007",23.0781,109.47813,301,0.71,0.75,"2026-02-15",1726,"N20","nominal","2.0NRT",287.04,1.13,"N"
"12008",22.99908,109.50662,301.81,0.71,0.75,"2026-02-15",1726,"N20","nominal","2.0NRT",287.68,0.99,"N"
"12009",22.70844,109.80286,300.28,0.67,0.74,"2026-02-15",1726,"N20","nominal","2.0NRT",288.27,1.04,"N"
"12010",22.70717,109.80354,299.06,0.67,0.74,"2026-02-15",1726,"N20","nominal","2.0NRT",287.87,1.08,"N"
"12011",22.37367,111.96096,304.01,0.49,0.65,"2026-02-15",1726,"N20","nominal","2.0NRT",290.19,1.32,"N"
"12012",21.05718,110.48273,304.41,0.59,0.7,"2026-02-15",1728,"N20","nominal","2.0NRT",289.65,2.28,"N"
"12013",19.67867,109.23348,301.79,0.68,0.74,"2026-02-15",1728,"N20","nominal","2.0NRT",288.57,2.24,"N"
"12014",18.22685,120.85998,306.09,0.4,0.37,"2026-02-15",1728,"N20","nominal","2.0NRT",290.37,0.84,"N"
"12015",17.86318,120.89544,308.31,0.4,0.37,"2026-02-15",1728,"N20","nominal","2.0NRT",287.57,1.23,"N"
"12016",17.86039,120.89112,300.67,0.4,0.37,"2026-02-15",1728,"N20","nominal","2.0NRT",287.19,0.65,"N"
"12017",17.52058,120.42659,328.35,0.41,0.37,"2026-02-15",1728,"N20","nominal","2.0NRT",288.93,2.74,"N"
"12018",15.7597,120.25746,301.57,0.41,0.37,"2026-02-15",1728,"N20","nominal","2.0NRT",255.13,1.67,"N"
"12019",15.74898,120.25962,332.03,0.41,0.37,"2026-02-15",1728,"N20","nominal","2.0NRT",271.02,1.76,"N"
"12020",15.74954,120.25591,296.64,0.41,0.37,"2026-02-15",1728,"N20","nominal","2.0NRT",269.68,1.76,"N"
"12021",15.74787,120.26698,300.85,0.41,0.37,"2026-02-15",1728,"N20","nominal","2.0NRT",269.97,0.67,"N"
"12022",15.74449,120.26643,331.94,0.41,0.37,"2026-02-15",1728,"N20","nominal","2.0NRT",269.84,1.65,"N"
"12023",15.7456,120.25905,301.35,0.41,0.37,"2026-02-15",1728,"N20","nominal","2.0NRT",268.48,0.82,"N"
"12024",15.74505,120.26272,308.33,0.41,0.37,"2026-02-15",1728,"N20","nominal","2.0NRT",268.69,1.65,"N"
"12025",15.74167,120.26218,327.61,0.41,0.37,"2026-02-15",1728,"N20","nominal","2.0NRT",269.02,1.65,"N"
"12026",15.74111,120.2659,296.56,0.41,0.37,"2026-02-15",1728,"N20","nominal","2.0NRT",268.46,1.65,"N"
"12027",15.05518,121.06704,308.38,0.39,0.36,"2026-02-15",1728,"N20","nominal","2.0NRT",286.84,1.3,"N"
"12028",15.05132,121.07006,302.27,0.39,0.36,"2026-02-15",1728,"N20","nominal","2.0NRT",287.74,1.21,"N"
"12029",15.16771,120.21511,301.11,0.4,0.37,"2026-02-15",1728,"N20","nominal","2.0NRT",272.66,0.67,"N"
"12030",15.15122,120.08661,304.09,0.41,0.37,"2026-02-15",1728,"N20","nominal","2.0NRT",275.93,0.76,"N"
"12031",14.89768,121.07434,306.44,0.39,0.36,"2026-02-15",1728,"N20","nominal","2.0NRT",288.8,0.74,"N"
"12032",14.78596,120.1409,305.11,0.4,0.37,"2026-02-15",1728,"N20","nominal","2.0NRT",285.25,0.77,"N"
"12033",14.78259,120.14034,305.03,0.4,0.37,"2026-02-15",1728,"N20","nominal","2.0NRT",284.79,0.77,"N"
"12034",14.78038,120.1321,316.58,0.4,0.37,"2026-02-15",1728,"N20","nominal","2.0NRT",283.73,4.08,"N"
"12035",14.77981,120.13593,307.09,0.4,0.37,"2026-02-15",1728,"N20","nominal","2.0NRT",284.33,2.17,"N"
"12036",14.77702,120.13152,349.78,0.4,0.37,"2026-02-15",1728,"N20","nominal","2.0NRT",286.29,4.08,"N"
"12037",14.77645,120.13529,329.83,0.4,0.37,"2026-02-15",1728,"N20","nominal","2.0NRT",285.51,2.17,"N"
"12038",14.77194,120.14227,303.7,0.4,0.37,"2026-02-15",1728,"N20","nominal","2.0NRT",284.13,0.68,"N"
"12039",13.26247,123.6918,299.28,0.43,0.38,"2026-02-15",1728,"N20","nominal","2.0NRT",284.41,0.48,"N"
"12040",13.25761,123.69981,314.71,0.43,0.38,"2026-02-15",1728,"N20","nominal","2.0NRT",286.88,0.88,"N"
"12041",13.25685,123.70445,301.5,0.43,0.38,"2026-02-15",1728,"N20","nominal","2.0NRT",284.02,0.88,"N"
"12042",13.25639,123.68574,332.52,0.42,0.38,"2026-02-15",1728,"N20","nominal","2.0NRT",297.19,55.37,"N"
"12043",13.25572,123.68973,343.73,0.43,0.38,"2026-02-15",1728,"N20","nominal","2.0NRT",305.2,35.65,"N"
"12044",13.25497,123.69429,356.09,0.43,0.38,"2026-02-15",1728,"N20","nominal","2.0NRT",305.69,35.65,"N"
"12045",13.2542,123.69896,349.5,0.43,0.38,"2026-02-15",1728,"N20","nominal","2.0NRT",299.78,5.91,"N"
"12046",13.25342,123.70371,299.15,0.43,0.38,"2026-02-15",1728,"N20","nominal","2.0NRT",285.14,5.91,"N"
"12047",13.25294,123.6852,333.25,0.42,0.38,"2026-02-15",1728,"N20","nominal","2.0NRT",311.64,55.37,"N"
"12048",13.25227,123.68922,367,0.43,0.38,"2026-02-15",1728,"N20","high","2.0NRT",341,35.65,"N"
"12049",13.25151,123.69386,325.94,0.43,0.38,"2026-02-15",1728,"N20","nominal","2.0NRT",291.12,35.65,"N"
"12050",13.24942,123.68513,330.11,0.42,0.38,"2026-02-15",1728,"N20","nominal","2.0NRT",296.73,9.64,"N"
"12051",13.24875,123.68916,345.83,0.43,0.38,"2026-02-15",1728,"N20","nominal","2.0NRT",300.64,7.62,"N"
"12052",13.24726,123.69814,325.41,0.43,0.38,"2026-02-15",1728,"N20","nominal","2.0NRT",289.21,1.93,"N"
"12053",13.24801,123.69362,305.82,0.43,0.38,"2026-02-15",1728,"N20","nominal","2.0NRT",288.08,7.62,"N"
"12054",13.24589,123.6851,339.03,0.42,0.38,"2026-02-15",1728,"N20","nominal","2.0NRT",296.79,9.64,"N"
"12055",13.24521,123.68914,325.7,0.43,0.38,"2026-02-15",1728,"N20","nominal","2.0NRT",291.46,7.62,"N"
"12056",13.24376,123.6979,313.89,0.43,0.38,"2026-02-15",1728,"N20","nominal","2.0NRT",287.53,1.93,"N"
"12057",13.24235,123.68512,329.46,0.42,0.38,"2026-02-15",1728,"N20","nominal","2.0NRT",292.97,3.81,"N"
"12058",13.24167,123.68916,310.21,0.43,0.38,"2026-02-15",1728,"N20","nominal","2.0NRT",289.17,1.54,"N"
"12059",14.08069,107.29797,348.41,0.79,0.78,"2026-02-15",1730,"N20","nominal","2.0NRT",287.58,14.86,"N"
"12060",14.07981,107.30704,319.53,0.79,0.78,"2026-02-15",1730,"N20","nominal","2.0NRT",287.46,11.24,"N"
"12061",14.07349,107.29678,344.42,0.79,0.78,"2026-02-15",1730,"N20","nominal","2.0NRT",287.5,14,"N"
"12062",14.07269,107.30507,334.63,0.79,0.78,"2026-02-15",1730,"N20","nominal","2.0NRT",287.87,14.42,"N"
"12063",14.08737,107.35326,299.01,0.79,0.78,"2026-02-15",1730,"N20","nominal","2.0NRT",286.2,1.78,"N"
"12064",14.07864,107.29652,354.56,0.79,0.78,"2026-02-15",1730,"N20","nominal","2.0NRT",287.65,16.78,"N"
"12065",14.07775,107.30513,345.48,0.79,0.78,"2026-02-15",1730,"N20","nominal","2.0NRT",288.31,16.78,"N"
"12066",14.07057,107.30381,321.12,0.79,0.78,"2026-02-15",1730,"N20","nominal","2.0NRT",286.87,2.91,"N"
"12067",14.07141,107.29565,301.77,0.79,0.78,"2026-02-15",1730,"N20","nominal","2.0NRT",286.64,2.91,"N"
"12068",12.10401,121.37392,305.67,0.38,0.36,"2026-02-15",1730,"N20","nominal","2.0NRT",276.96,1.13,"N"
"12069",12.10072,121.37337,303,0.38,0.36,"2026-02-15",1730,"N20","nominal","2.0NRT",275.23,0.75,"N"
"12070",13.67696,108.32966,342.62,0.67,0.74,"2026-02-15",1730,"N20","nominal","2.0NRT",286.49,8.73,"N"
"12071",13.67018,108.32869,299.06,0.67,0.74,"2026-02-15",1730,"N20","nominal","2.0NRT",286.86,1.22,"N"
"12072",13.67484,108.33261,338.51,0.67,0.74,"2026-02-15",1730,"N20","nominal","2.0NRT",287.94,5.39,"N"
"12073",13.6755,108.32666,302.02,0.67,0.74,"2026-02-15",1730,"N20","nominal","2.0NRT",286.61,5.39,"N"
"12074",13.62904,108.18147,313.19,0.69,0.74,"2026-02-15",1730,"N20","nominal","2.0NRT",287.41,1.85,"N"
"12075",13.66075,107.6053,300.34,0.75,0.77,"2026-02-15",1730,"N20","nominal","2.0NRT",286.47,1.72,"N"
"12076",13.66003,107.61243,305.14,0.75,0.77,"2026-02-15",1730,"N20","nominal","2.0NRT",286.58,2.22,"N"
"12077",13.44995,108.36032,316.54,0.66,0.73,"2026-02-15",1730,"N20","nominal","2.0NRT",286.43,3.4,"N"
"12078",13.44932,108.36634,299.4,0.66,0.73,"2026-02-15",1730,"N20","nominal","2.0NRT",286.76,2.61,"N"
"12079",13.45449,108.36077,300.69,0.66,0.73,"2026-02-15",1730,"N20","nominal","2.0NRT",287.07,2.09,"N"
"12080",13.4477,108.36015,303.45,0.66,0.73,"2026-02-15",1730,"N20","nominal","2.0NRT",286.98,0.88,"N"
"12081",13.44704,108.36613,299.95,0.66,0.73,"2026-02-15",1730,"N20","nominal","2.0NRT",286.62,0.88,"N"
"12082",13.44586,107.22956,300.49,0.79,0.78,"2026-02-15",1730,"N20","nominal","2.0NRT",286.66,0.34,"N"
"12083",13.26499,108.80318,322.97,0.62,0.71,"2026-02-15",1730,"N20","nominal","2.0NRT",286.92,2.13,"N"
"12084",13.26561,108.79721,305.51,0.62,0.71,"2026-02-15",1730,"N20","nominal","2.0NRT",286.59,2.13,"N"
"12085",13.25845,108.80194,297.31,0.62,0.71,"2026-02-15",1730,"N20","nominal","2.0NRT",286.78,2.13,"N"
"12086",13.26635,108.80116,297.82,0.62,0.71,"2026-02-15",1730,"N20","nominal","2.0NRT",286.67,3,"N"
"12087",13.25983,108.79984,337,0.62,0.71,"2026-02-15",1730,"N20","nominal","2.0NRT",287.16,3,"N"
"12088",45.90419,131.3217,333.98,0.39,0.36,"2026-02-15",1719,"N20","nominal","2.0NRT",260.96,3.94,"N"
"12089",44.78124,131.50615,333.38,0.39,0.36,"2026-02-15",1719,"N20","nominal","2.0NRT",259.58,4.62,"N"
"12090",44.71064,131.76341,336.48,0.39,0.36,"2026-02-15",1719,"N20","nominal","2.0NRT",258.04,4.29,"N"
"12091",44.70981,131.76823,346.2,0.39,0.36,"2026-02-15",1719,"N20","nominal","2.0NRT",262.64,7.38,"N"
"12092",45.68834,122.78104,333.56,0.42,0.45,"2026-02-15",1719,"N20","nominal","2.0NRT",257.18,5.5,"N"
"12093",45.71024,122.36771,327.83,0.44,0.46,"2026-02-15",1719,"N20","nominal","2.0NRT",257.2,3.55,"N"
"12094",45.68792,122.6365,338.26,0.43,0.46,"2026-02-15",1719,"N20","nominal","2.0NRT",258.24,8.21,"N"
"12095",45.68745,122.64201,354.41,0.43,0.46,"2026-02-15",1719,"N20","nominal","2.0NRT",266.38,8.21,"N"
"12096",45.70598,122.36697,335.99,0.44,0.46,"2026-02-15",1719,"N20","nominal","2.0NRT",256.53,3.55,"N"
"12097",45.68372,122.63573,320.14,0.43,0.46,"2026-02-15",1719,"N20","nominal","2.0NRT",255.48,8.21,"N"
"12098",42.33835,141.00375,304.29,0.33,0.55,"2026-02-15",1719,"N20","nominal","2.0NRT",270.39,0.85,"N"
"12099",42.33753,140.98645,313.12,0.33,0.55,"2026-02-15",1719,"N20","nominal","2.0NRT",270.34,1.16,"N"
"12100",41.81715,140.6319,301.31,0.32,0.55,"2026-02-15",1719,"N20","nominal","2.0NRT",272.58,0.73,"N"
"12101",45.01611,121.49802,322.94,0.47,0.48,"2026-02-15",1719,"N20","nominal","2.0NRT",263.31,3.11,"N"
"12102",45.01694,121.497,328.98,0.47,0.48,"2026-02-15",1719,"N20","nominal","2.0NRT",262.9,3.45,"N"
"12103",41.81681,123.00033,325.76,0.56,0.43,"2026-02-15",1721,"N20","nominal","2.0NRT",264.42,4.13,"N"
"12104",41.15557,122.97937,299.05,0.55,0.43,"2026-02-15",1721,"N20","nominal","2.0NRT",264.57,0.67,"N"
"12105",41.15166,122.97864,297.47,0.55,0.43,"2026-02-15",1721,"N20","nominal","2.0NRT",265.76,0.67,"N"
"12106",41.14059,122.96992,298.19,0.55,0.43,"2026-02-15",1721,"N20","nominal","2.0NRT",270.86,0.88,"N"
"12107",41.13858,122.98973,310.03,0.55,0.43,"2026-02-15",1721,"N20","nominal","2.0NRT",269.84,2.13,"N"
"12108",41.13792,122.99627,295.98,0.55,0.43,"2026-02-15",1721,"N20","nominal","2.0NRT",270.01,2.13,"N"
"12109",41.13601,122.97585,308.59,0.55,0.43,"2026-02-15",1721,"N20","nominal","2.0NRT",267.52,1.89,"N"
"12110",41.15484,122.95253,304.93,0.55,0.43,"2026-02-15",1721,"N20","nominal","2.0NRT",266.86,1.13,"N"
"12111",41.15202,122.97885,304.93,0.55,0.43,"2026-02-15",1721,"N20","nominal","2.0NRT",266.03,2.59,"N"
"12112",41.14099,122.97017,297.85,0.55,0.43,"2026-02-15",1721,"N20","nominal","2.0NRT",270.88,2.19,"N"
"12113",41.13887,122.98993,311.36,0.55,0.43,"2026-02-15",1721,"N20","nominal","2.0NRT",269.28,1.65,"N"
"12114",41.13818,122.99644,297.31,0.55,0.43,"2026-02-15",1721,"N20","nominal","2.0NRT",269.99,1.96,"N"
"12115",41.13637,122.97608,308.62,0.55,0.43,"2026-02-15",1721,"N20","nominal","2.0NRT",267.17,1.62,"N"
"12116",40.31573,122.14455,297.24,0.39,0.44,"2026-02-15",1721,"N20","nominal","2.0NRT",271.24,1.53,"N"
"12117",40.31123,122.14854,297.35,0.39,0.44,"2026-02-15",1721,"N20","nominal","2.0NRT",270.98,1.21,"N"
"12118",40.24289,121.02448,315.57,0.44,0.46,"2026-02-15",1721,"N20","nominal","2.0NRT",271.04,1.32,"N"
"12119",39.44433,126.02039,311.61,0.41,0.37,"2026-02-15",1721,"N20","nominal","2.0NRT",272.6,1.17,"N"
"12120",39.44368,126.02515,295.24,0.41,0.37,"2026-02-15",1721,"N20","nominal","2.0NRT",271.14,1.17,"N"
"12121",40.17452,118.05307,300.82,0.64,0.54,"2026-02-15",1721,"N20","nominal","2.0NRT",274.07,1.67,"N"
"12122",40.17506,118.05338,301.31,0.63,0.54,"2026-02-15",1721,"N20","nominal","2.0NRT",274.56,3.09,"N"
"12123",40.09386,118.4375,308,0.6,0.53,"2026-02-15",1721,"N20","nominal","2.0NRT",265.15,1.8,"N"
"12124",36.41381,139.61462,301.04,0.4,0.6,"2026-02-15",1721,"N20","nominal","2.0NRT",275.63,0.56,"N"
"12125",36.41192,139.61719,295.01,0.4,0.6,"2026-02-15",1721,"N20","nominal","2.0NRT",276.49,0.84,"N"
"12126",39.89626,118.07803,297.42,0.63,0.54,"2026-02-15",1721,"N20","nominal","2.0NRT",266.05,1.43,"N"
"12127",35.93979,140.67384,300.4,0.47,0.64,"2026-02-15",1721,"N20","nominal","2.0NRT",276.83,1.17,"N"
"12128",39.46799,120.45133,304.89,0.47,0.47,"2026-02-15",1721,"N20","nominal","2.0NRT",267.35,0.86,"N"
"12129",39.46786,120.45042,308.43,0.47,0.47,"2026-02-15",1721,"N20","nominal","2.0NRT",267.69,0.96,"N"
"12130",39.47536,117.20356,306.5,0.35,0.57,"2026-02-15",1721,"N20","nominal","2.0NRT",267.51,2.63,"N"
"12131",39.47014,117.20301,354.96,0.35,0.57,"2026-02-15",1721,"N20","nominal","2.0NRT",269.92,2.63,"N"
"12132",35.58216,140.09399,298.58,0.45,0.63,"2026-02-15",1721,"N20","nominal","2.0NRT",281.08,1.25,"N"
"12133",35.57793,140.08705,295.32,0.45,0.63,"2026-02-15",1721,"N20","nominal","2.0NRT",281.5,1.96,"N"
"12134",35.57666,140.09172,305.43,0.45,0.63,"2026-02-15",1721,"N20","nominal","2.0NRT",283.58,1.25,"N"
"12135",35.5728,140.10588,305.21,0.45,0.63,"2026-02-15",1721,"N20","nominal","2.0NRT",280.65,1.53,"N"
"12136",35.36517,139.84453,297.83,0.44,0.62,"2026-02-15",1721,"N20","nominal","2.0NRT",280.13,1.47,"N"
"12137",35.36392,139.84908,312.43,0.44,0.62,"2026-02-15",1721,"N20","nominal","2.0NRT",282.55,1.47,"N"
"12138",35.36141,139.85825,308.79,0.44,0.62,"2026-02-15",1721,"N20","nominal","2.0NRT",284.65,2.13,"N"
"12139",35.36014,139.86287,299.64,0.44,0.62,"2026-02-15",1721,"N20","nominal","2.0NRT",284.35,2.28,"N"
"12140",35.35887,139.86751,308.11,0.44,0.62,"2026-02-15",1721,"N20","nominal","2.0NRT",282.65,2.28,"N"
"12141",35.3576,139.87213,301.47,0.44,0.62,"2026-02-15",1721,"N20","nominal","2.0NRT",282.73,1.99,"N"
"12142",35.35843,139.84694,303.02,0.44,0.62,"2026-02-15",1721,"N20","nominal","2.0NRT",280.72,1.47,"N"
"12143",35.35592,139.85609,296.91,0.44,0.62,"2026-02-15",1721,"N20","nominal","2.0NRT",280.2,2.13,"N"
"12144",35.35212,139.86992,313.23,0.44,0.62,"2026-02-15",1721,"N20","nominal","2.0NRT",283.28,1.99,"N"
"12145",35.36222,139.84605,311.32,0.44,0.62,"2026-02-15",1721,"N20","nominal","2.0NRT",280.7,1.92,"N"
"12146",35.36101,139.85062,316.76,0.44,0.62,"2026-02-15",1721,"N20","nominal","2.0NRT",282.58,1.92,"N"
"12147",35.35854,139.85983,314.54,0.44,0.62,"2026-02-15",1721,"N20","nominal","2.0NRT",283.49,3.59,"N"
"12148",35.3573,139.86446,297.28,0.44,0.62,"2026-02-15",1721,"N20","nominal","2.0NRT",282.6,2.16,"N"
"12149",35.35605,139.86913,317.79,0.44,0.62,"2026-02-15",1721,"N20","nominal","2.0NRT",282.85,2.16,"N"
"12150",37.59796,129.01199,298.02,0.39,0.36,"2026-02-15",1721,"N20","nominal","2.0NRT",275.73,0.64,"N"
"12151",37.59467,129.01111,303.65,0.39,0.36,"2026-02-15",1721,"N20","nominal","2.0NRT",276.22,0.75,"N"
"12152",37.48447,129.05688,329.02,0.39,0.36,"2026-02-15",1721,"N20","nominal","2.0NRT",282.83,4.74,"N"
"12153",37.48265,129.04723,302.16,0.39,0.36,"2026-02-15",1721,"N20","nominal","2.0NRT",277.43,0.88,"N"
"12154",37.4234,129.17332,303.47,0.39,0.36,"2026-02-15",1721,"N20","nominal","2.0NRT",260.97,0.7,"N"
"12155",38.21378,119.55389,302.86,0.5,0.49,"2026-02-15",1721,"N20","nominal","2.0NRT",271.35,0.75,"N"
"12156",38.1216,119.49258,300.06,0.51,0.49,"2026-02-15",1721,"N20","nominal","2.0NRT",269.79,1.21,"N"
"12157",36.9828,126.70046,323.43,0.39,0.36,"2026-02-15",1721,"N20","nominal","2.0NRT",252.3,4.21,"N"
"12158",34.72245,137.32111,302.73,0.33,0.55,"2026-02-15",1721,"N20","nominal","2.0NRT",272.41,0.86,"N"
"12159",34.70285,137.24971,303.79,0.33,0.55,"2026-02-15",1721,"N20","nominal","2.0NRT",276.17,0.88,"N"
"12160",36.03513,129.41309,315.75,0.41,0.37,"2026-02-15",1721,"N20","nominal","2.0NRT",269.13,1.08,"N"
"12161",36.03178,129.4122,330.44,0.41,0.37,"2026-02-15",1721,"N20","nominal","2.0NRT",274.08,5.9,"N"
"12162",36.03078,129.39799,301.22,0.41,0.37,"2026-02-15",1721,"N20","nominal","2.0NRT",274.05,0.64,"N"
"12163",36.00162,129.37804,306.08,0.41,0.37,"2026-02-15",1721,"N20","nominal","2.0NRT",274.34,1.03,"N"
"12164",35.99852,129.39578,302.98,0.41,0.37,"2026-02-15",1721,"N20","nominal","2.0NRT",274.79,1.11,"N"
"12165",34.78379,134.66917,309.51,0.47,0.48,"2026-02-15",1721,"N20","nominal","2.0NRT",280.41,2.08,"N"
"12166",35.44632,129.33931,300.03,0.41,0.37,"2026-02-15",1721,"N20","nominal","2.0NRT",285.55,1.7,"N"
"12167",34.5087,133.70966,309.36,0.43,0.46,"2026-02-15",1721,"N20","nominal","2.0NRT",281.41,1.41,"N"
"12168",34.50053,133.70708,301.41,0.43,0.46,"2026-02-15",1721,"N20","nominal","2.0NRT",281.79,1.1,"N"
"12169",34.50741,133.70737,302.38,0.43,0.46,"2026-02-15",1721,"N20","nominal","2.0NRT",280.84,1.1,"N"
"12170",34.49925,133.70477,297.12,0.43,0.46,"2026-02-15",1721,"N20","nominal","2.0NRT",281.23,1.27,"N"
"12171",34.49516,133.70351,310.63,0.43,0.46,"2026-02-15",1721,"N20","nominal","2.0NRT",280.15,1.27,"N"
"12172",34.4942,133.70801,295.21,0.43,0.46,"2026-02-15",1721,"N20","nominal","2.0NRT",281.95,1.27,"N"
"12173",34.49324,133.71249,306.91,0.43,0.46,"2026-02-15",1721,"N20","nominal","2.0NRT",282.31,1.02,"N"
"12174",34.49227,133.71703,298.49,0.43,0.46,"2026-02-15",1721,"N20","nominal","2.0NRT",281.13,1.02,"N"
"12175",34.48915,133.71123,343.91,0.43,0.46,"2026-02-15",1721,"N20","nominal","2.0NRT",284.45,4.7,"N"
"12176",34.49012,133.70671,314.13,0.43,0.46,"2026-02-15",1721,"N20","nominal","2.0NRT",281.75,1.94,"N"
"12177",34.48819,133.71574,299.97,0.43,0.46,"2026-02-15",1721,"N20","nominal","2.0NRT",280.47,4.7,"N"
"12178",34.48722,133.72026,312.29,0.43,0.46,"2026-02-15",1721,"N20","nominal","2.0NRT",281.97,1.98,"N"
"12179",34.48431,133.73386,298.53,0.43,0.46,"2026-02-15",1721,"N20","nominal","2.0NRT",283.61,1.69,"N"
"12180",34.47258,133.42581,305.54,0.41,0.45,"2026-02-15",1721,"N20","nominal","2.0NRT",281.46,0.92,"N"
"12181",34.4676,133.42896,328.37,0.41,0.45,"2026-02-15",1721,"N20","nominal","2.0NRT",282.15,2.55,"N"
"12182",34.46855,133.42459,295.51,0.41,0.45,"2026-02-15",1721,"N20","nominal","2.0NRT",280.52,0.92,"N"
"12183",34.46666,133.43333,318.08,0.41,0.45,"2026-02-15",1721,"N20","nominal","2.0NRT",283.67,2.55,"N"
"12184",34.46358,133.4277,337.44,0.41,0.45,"2026-02-15",1721,"N20","nominal","2.0NRT",282.77,2.37,"N"
"12185",34.46263,133.43208,318.16,0.41,0.45,"2026-02-15",1721,"N20","nominal","2.0NRT",282.53,2.37,"N"
"12186",34.45955,133.42647,319.58,0.41,0.45,"2026-02-15",1721,"N20","nominal","2.0NRT",283.31,2.37,"N"
"12187",34.4586,133.43085,305.93,0.41,0.45,"2026-02-15",1721,"N20","nominal","2.0NRT",281.12,2.37,"N"
"12188",34.45362,133.43396,314.7,0.41,0.45,"2026-02-15",1721,"N20","nominal","2.0NRT",285.05,2.27,"N"
"12189",34.45717,133.42308,306.84,0.41,0.45,"2026-02-15",1721,"N20","nominal","2.0NRT",278.82,1.17,"N"
"12190",34.45533,133.43182,316.98,0.41,0.45,"2026-02-15",1721,"N20","nominal","2.0NRT",284.65,3.07,"N"
"12191",34.4544,133.43622,303.78,0.41,0.45,"2026-02-15",1721,"N20","nominal","2.0NRT",284.12,1.48,"N"
"12192",35.09794,128.86256,295.93,0.4,0.37,"2026-02-15",1721,"N20","nominal","2.0NRT",265.1,0.43,"N"
"12193",36.5989,114.41325,305.1,0.47,0.64,"2026-02-15",1721,"N20","nominal","2.0NRT",272.91,1.68,"N"
"12194",34.92878,127.75343,296.63,0.39,0.36,"2026-02-15",1721,"N20","nominal","2.0NRT",271.86,0.8,"N"
"12195",34.92686,127.74425,309.94,0.39,0.36,"2026-02-15",1721,"N20","nominal","2.0NRT",264.98,1.63,"N"
"12196",34.92427,127.73927,299.24,0.39,0.36,"2026-02-15",1721,"N20","nominal","2.0NRT",265.33,1.15,"N"
"12197",34.91945,127.76859,295.93,0.39,0.36,"2026-02-15",1721,"N20","nominal","2.0NRT",268.92,1.37,"N"
"12198",34.9225,127.7084,299.9,0.39,0.36,"2026-02-15",1721,"N20","nominal","2.0NRT",269.35,1.37,"N"
"12199",34.91701,127.74186,299.31,0.39,0.36,"2026-02-15",1721,"N20","nominal","2.0NRT",268.98,1.4,"N"
"12200",34.1711,131.21593,297.68,0.49,0.4,"2026-02-15",1721,"N20","nominal","2.0NRT",279.75,1.28,"N"
"12201",34.05781,131.78613,309.52,0.52,0.42,"2026-02-15",1721,"N20","nominal","2.0NRT",283.54,2.39,"N"
"12202",34.05852,131.76292,298.09,0.52,0.42,"2026-02-15",1721,"N20","nominal","2.0NRT",281.16,0.64,"N"
"12203",36.19183,114.05112,297.56,0.49,0.65,"2026-02-15",1721,"N20","nominal","2.0NRT",274.19,1.52,"N"
"12204",36.19157,114.05634,297.76,0.49,0.65,"2026-02-15",1721,"N20","nominal","2.0NRT",275.6,1.58,"N"
"12205",33.9486,131.22719,298.26,0.5,0.41,"2026-02-15",1721,"N20","nominal","2.0NRT",281.54,1.03,"N"
"12206",33.94756,131.23244,304,0.5,0.41,"2026-02-15",1721,"N20","nominal","2.0NRT",282.3,1.03,"N"
"12207",33.94276,130.82777,303.22,0.48,0.4,"2026-02-15",1721,"N20","nominal","2.0NRT",283.02,1.05,"N"
"12208",33.92545,130.83897,308.54,0.48,0.4,"2026-02-15",1721,"N20","nominal","2.0NRT",283.06,1.55,"N"
"12209",33.92448,130.84402,302.07,0.48,0.4,"2026-02-15",1721,"N20","nominal","2.0NRT",283.28,0.72,"N"
"12210",33.9235,130.84909,296.12,0.48,0.4,"2026-02-15",1721,"N20","nominal","2.0NRT",283.79,0.72,"N"
"12211",33.92021,130.82684,305.51,0.48,0.4,"2026-02-15",1721,"N20","nominal","2.0NRT",282.8,1.3,"N"
"12212",33.91728,130.84201,299.39,0.48,0.4,"2026-02-15",1721,"N20","nominal","2.0NRT",283.02,0.9,"N"
"12213",33.90942,130.82387,318.84,0.48,0.4,"2026-02-15",1721,"N20","nominal","2.0NRT",282.73,2.07,"N"
"12214",33.40213,133.30002,298.09,0.43,0.46,"2026-02-15",1721,"N20","nominal","2.0NRT",282.68,1.18,"N"
"12215",33.88068,130.75562,297.73,0.47,0.4,"2026-02-15",1721,"N20","nominal","2.0NRT",282.54,0.64,"N"
"12216",33.87087,130.74762,298.71,0.47,0.4,"2026-02-15",1721,"N20","nominal","2.0NRT",282.37,0.63,"N"
"12217",33.79774,130.98997,309.19,0.49,0.4,"2026-02-15",1721,"N20","nominal","2.0NRT",283.51,1.73,"N"
"12218",33.78022,131.0014,306.66,0.49,0.4,"2026-02-15",1721,"N20","nominal","2.0NRT",281.21,1.26,"N"
"12219",33.632,130.76752,298.41,0.48,0.4,"2026-02-15",1721,"N20","nominal","2.0NRT",279.29,0.57,"N"
"12220",33.25506,131.87814,298,0.55,0.42,"2026-02-15",1721,"N20","nominal","2.0NRT",283.88,0.37,"N"
"12221",33.26472,131.64183,298.46,0.53,0.42,"2026-02-15",1721,"N20","nominal","2.0NRT",283.74,2.36,"N"
"12222",33.26251,131.65302,309.87,0.53,0.42,"2026-02-15",1721,"N20","nominal","2.0NRT",282.48,1.57,"N"
"12223",33.25874,131.65193,339.14,0.53,0.42,"2026-02-15",1721,"N20","nominal","2.0NRT",285.08,5.84,"N"
"12224",33.26096,131.64075,300.25,0.53,0.42,"2026-02-15",1721,"N20","nominal","2.0NRT",284.57,2.1,"N"
"12225",33.25718,131.63968,306.39,0.53,0.42,"2026-02-15",1721,"N20","nominal","2.0NRT",287.46,2.1,"N"
"12226",33.08323,131.85751,296.75,0.55,0.43,"2026-02-15",1721,"N20","nominal","2.0NRT",282.71,1.26,"N"
"12227",31.58001,130.65472,306.7,0.51,0.41,"2026-02-15",1724,"N20","nominal","2.0NRT",278.03,0.39,"N"
"12228",31.57899,130.66002,297.21,0.51,0.41,"2026-02-15",1724,"N20","nominal","2.0NRT",286.03,1.06,"N"
"12229",31.38706,130.55617,299.39,0.51,0.41,"2026-02-15",1724,"N20","nominal","2.0NRT",283.59,1.24,"N"
"12230",11.72689,108.77219,303.1,0.59,0.7,"2026-02-15",1730,"N20","nominal","2.0NRT",288.55,1.37,"N"
"12231",10.38316,108.35579,349.22,0.61,0.71,"2026-02-15",1730,"N20","nominal","2.0NRT",289.09,6.81,"N"
"12232",10.38251,108.36137,302.98,0.61,0.71,"2026-02-15",1730,"N20","nominal","2.0NRT",288.82,3.45,"N"
"12233",10.38384,108.35353,332.74,0.61,0.71,"2026-02-15",1730,"N20","nominal","2.0NRT",289.02,4.48,"N"
"12234",10.38315,108.35911,326.24,0.61,0.71,"2026-02-15",1730,"N20","nominal","2.0NRT",289.22,4.48,"N"
"12235",63.87064,122.69976,343.05,0.62,0.54,"2026-02-15",1713,"N20","nominal","2.0NRT",247.4,8.13,"N"
"12236",63.87159,122.69482,324.4,0.62,0.54,"2026-02-15",1713,"N20","nominal","2.0NRT",243.42,6.23,"N"
"12237",63.87117,122.70768,322.7,0.62,0.54,"2026-02-15",1713,"N20","nominal","2.0NRT",245.76,6.82,"N"
"12238",62.35379,113.69474,322.23,0.59,0.7,"2026-02-15",1715,"N20","nominal","2.0NRT",243.18,3.66,"N"
"12239",61.40524,112.88318,346.54,0.64,0.72,"2026-02-15",1715,"N20","nominal","2.0NRT",242.69,8.01,"N"
"12240",61.34791,112.79459,367,0.64,0.72,"2026-02-15",1715,"N20","high","2.0NRT",253.09,27.61,"N"
"12241",61.34838,112.80679,343.73,0.64,0.72,"2026-02-15",1715,"N20","nominal","2.0NRT",260.69,27.61,"N"
"12242",61.34634,112.79077,349.29,0.64,0.72,"2026-02-15",1715,"N20","nominal","2.0NRT",246.91,29.42,"N"
"12243",61.34676,112.80303,338.26,0.64,0.72,"2026-02-15",1715,"N20","nominal","2.0NRT",269.47,29.42,"N"
"12244",45.69491,122.78489,325.63,0.55,0.68,"2026-02-15",1900,"N20","nominal","2.0NRT",254.22,3.87,"N"
"12245",45.69091,122.7825,331.02,0.56,0.68,"2026-02-15",1900,"N20","nominal","2.0NRT",254.71,3.85,"N"
"12246",45.71049,122.36666,322.27,0.53,0.67,"2026-02-15",1900,"N20","nominal","2.0NRT",254.88,2.23,"N"
"12247",45.64063,121.9018,327.53,0.51,0.66,"2026-02-15",1900,"N20","nominal","2.0NRT",258.58,3.04,"N"
"12248",40.24607,121.02069,315.98,0.69,0.74,"2026-02-15",1902,"N20","nominal","2.0NRT",267.03,3.12,"N"
"12249",40.24253,121.02433,317.37,0.69,0.74,"2026-02-15",1902,"N20","nominal","2.0NRT",267.36,2.85,"N"
"12250",44.85195,90.9304,326.09,0.43,0.62,"2026-02-15",1902,"N20","nominal","2.0NRT",268.09,4.13,"N"
"12251",44.85179,90.93578,319.01,0.43,0.62,"2026-02-15",1902,"N20","nominal","2.0NRT",269.53,3.84,"N"
"12252",44.85146,90.94658,297.63,0.43,0.62,"2026-02-15",1902,"N20","nominal","2.0NRT",267.63,0.74,"N"
"12253",44.85038,90.93541,330.54,0.43,0.62,"2026-02-15",1902,"N20","nominal","2.0NRT",270.14,5.48,"N"
"12254",40.10557,118.92429,303.89,0.55,0.68,"2026-02-15",1902,"N20","nominal","2.0NRT",260.6,0.59,"N"
"12255",44.72668,90.26119,327.03,0.46,0.64,"2026-02-15",1902,"N20","nominal","2.0NRT",263.08,5.09,"N"
"12256",40.09436,118.437,320.55,0.52,0.67,"2026-02-15",1902,"N20","nominal","2.0NRT",265.26,2.18,"N"
"12257",40.17671,118.0554,301.98,0.5,0.65,"2026-02-15",1902,"N20","nominal","2.0NRT",273.29,1.39,"N"
"12258",39.88396,118.57645,302.4,0.54,0.68,"2026-02-15",1902,"N20","nominal","2.0NRT",265.98,0.68,"N"
"12259",43.69633,95.039,330.09,0.52,0.5,"2026-02-15",1902,"N20","nominal","2.0NRT",272.7,5.1,"N"
"12260",43.67928,95.01723,337.42,0.52,0.5,"2026-02-15",1902,"N20","nominal","2.0NRT",280.86,16.33,"N"
"12261",43.69695,95.03831,325.53,0.52,0.5,"2026-02-15",1902,"N20","nominal","2.0NRT",273.42,4.03,"N"
"12262",43.68657,94.99128,326.81,0.52,0.5,"2026-02-15",1902,"N20","nominal","2.0NRT",271.8,4.19,"N"
"12263",43.68001,95.01661,336.4,0.52,0.5,"2026-02-15",1902,"N20","nominal","2.0NRT",273.38,8.99,"N"
"12264",43.67952,95.02308,326.02,0.52,0.5,"2026-02-15",1902,"N20","nominal","2.0NRT",277.63,7.95,"N"
"12265",39.47619,117.20135,296.15,0.47,0.64,"2026-02-15",1902,"N20","nominal","2.0NRT",266.69,0.91,"N"
"12266",40.61966,109.75119,329.17,0.57,0.43,"2026-02-15",1902,"N20","nominal","2.0NRT",262.7,4.49,"N"
"12267",38.91793,114.96682,310.24,0.38,0.58,"2026-02-15",1902,"N20","nominal","2.0NRT",263.19,1.05,"N"
"12268",38.91679,114.97106,300.94,0.38,0.58,"2026-02-15",1902,"N20","nominal","2.0NRT",263.49,1.05,"N"
"12269",37.91887,112.55033,320.05,0.6,0.53,"2026-02-15",1902,"N20","nominal","2.0NRT",273.63,4.67,"N"
"12270",37.91111,112.54025,295.71,0.6,0.53,"2026-02-15",1902,"N20","nominal","2.0NRT",265.95,2.54,"N"
"12271",37.57671,112.26698,295.73,0.59,0.53,"2026-02-15",1902,"N20","nominal","2.0NRT",276.12,2.19,"N"
"12272",37.57378,112.23787,296.45,0.59,0.53,"2026-02-15",1902,"N20","nominal","2.0NRT",266.83,1.72,"N"
"12273",37.58049,112.17022,314.14,0.58,0.52,"2026-02-15",1902,"N20","nominal","2.0NRT",270.46,2.18,"N"
"12274",37.57881,112.17695,296.32,0.58,0.52,"2026-02-15",1902,"N20","nominal","2.0NRT",272.16,1.91,"N"
"12275",37.57713,112.26672,299.37,0.59,0.53,"2026-02-15",1902,"N20","nominal","2.0NRT",276.54,1.87,"N"
"12276",37.5804,112.16953,296.58,0.58,0.52,"2026-02-15",1904,"N20","nominal","2.0NRT",269.1,1.31,"N"
"12277",37.57875,112.17633,296.63,0.58,0.52,"2026-02-15",1904,"N20","nominal","2.0NRT",272.25,1.31,"N"
"12278",36.72692,114.10773,298.92,0.39,0.59,"2026-02-15",1904,"N20","nominal","2.0NRT",277.08,1.12,"N"
"12279",36.70621,114.099,301.93,0.39,0.59,"2026-02-15",1904,"N20","nominal","2.0NRT",269.03,0.95,"N"
"12280",36.70508,114.10325,302.98,0.39,0.59,"2026-02-15",1904,"N20","nominal","2.0NRT",270.95,0.95,"N"
"12281",39.39246,99.76196,324.51,0.43,0.38,"2026-02-15",1904,"N20","nominal","2.0NRT",262.17,2.24,"N"
"12282",37.06684,111.84016,295.15,0.57,0.52,"2026-02-15",1904,"N20","nominal","2.0NRT",268.34,1.19,"N"
"12283",36.21359,114.04723,305.44,0.4,0.6,"2026-02-15",1904,"N20","nominal","2.0NRT",273.11,1.11,"N"
"12284",38.48623,102.24117,305.21,0.39,0.36,"2026-02-15",1904,"N20","nominal","2.0NRT",265.97,0.98,"N"
"12285",36.38883,112.0022,297.47,0.61,0.53,"2026-02-15",1904,"N20","nominal","2.0NRT",270.24,0.91,"N"
"12286",27.74681,102.20995,297.11,0.43,0.38,"2026-02-15",1906,"N20","nominal","2.0NRT",286.3,1.04,"N"
"12287",27.74338,102.20919,303.56,0.43,0.38,"2026-02-15",1906,"N20","nominal","2.0NRT",287.23,1.04,"N"
"12288",27.74264,102.21339,306.22,0.43,0.38,"2026-02-15",1906,"N20","nominal","2.0NRT",288.41,1.04,"N"
"12289",27.73995,102.20844,303.49,0.43,0.38,"2026-02-15",1906,"N20","nominal","2.0NRT",286.98,1.34,"N"
"12290",27.73921,102.21262,310.03,0.43,0.38,"2026-02-15",1906,"N20","nominal","2.0NRT",285.83,1.34,"N"
"12291",27.72892,102.21029,308.1,0.43,0.38,"2026-02-15",1906,"N20","nominal","2.0NRT",284.46,0.97,"N"
"12292",27.7255,102.20948,324.6,0.43,0.38,"2026-02-15",1906,"N20","nominal","2.0NRT",286.12,2.49,"N"
"12293",28.13413,97.00901,330.81,0.43,0.38,"2026-02-15",1906,"N20","nominal","2.0NRT",281.12,3.21,"N"
"12294",28.13362,97.01273,323.86,0.43,0.38,"2026-02-15",1906,"N20","nominal","2.0NRT",282.04,3.21,"N"
"12295",28.13116,97.00482,338.9,0.43,0.38,"2026-02-15",1906,"N20","nominal","2.0NRT",283.3,3.43,"N"
"12296",28.13066,97.00839,331.26,0.43,0.38,"2026-02-15",1906,"N20","nominal","2.0NRT",283.08,8.41,"N"
"12297",28.13017,97.012,355.53,0.43,0.38,"2026-02-15",1906,"N20","nominal","2.0NRT",286.13,8.41,"N"
"12298",28.13166,97.00117,309.17,0.43,0.38,"2026-02-15",1906,"N20","nominal","2.0NRT",278.86,3.43,"N"
"12299",28.12964,97.01579,297.94,0.43,0.38,"2026-02-15",1906,"N20","nominal","2.0NRT",279.88,2.58,"N"
"12300",28.12425,97.0034,327.85,0.43,0.38,"2026-02-15",1906,"N20","nominal","2.0NRT",281.62,4.83,"N"
"12301",28.12376,97.00698,313.49,0.43,0.38,"2026-02-15",1906,"N20","nominal","2.0NRT",281.45,2.43,"N"
"12302",28.12135,96.99875,331.27,0.43,0.38,"2026-02-15",1906,"N20","nominal","2.0NRT",284.39,4.83,"N"
"12303",28.12082,97.00258,326.83,0.43,0.38,"2026-02-15",1906,"N20","nominal","2.0NRT",281.75,4.83,"N"
"12304",28.12032,97.00623,313.59,0.43,0.38,"2026-02-15",1906,"N20","nominal","2.0NRT",281.53,2.43,"N"
"12305",28.11795,96.99767,345.43,0.43,0.38,"2026-02-15",1906,"N20","nominal","2.0NRT",293.62,14.3,"N"
"12306",28.11854,96.99342,296.78,0.43,0.38,"2026-02-15",1906,"N20","nominal","2.0NRT",280.03,2.32,"N"
"12307",28.11741,97.00159,308.59,0.43,0.38,"2026-02-15",1906,"N20","nominal","2.0NRT",280.42,14.3,"N"
"12308",28.11515,96.99231,325.22,0.43,0.38,"2026-02-15",1906,"N20","nominal","2.0NRT",281.6,2.32,"N"
"12309",28.11457,96.99649,341.1,0.43,0.38,"2026-02-15",1906,"N20","nominal","2.0NRT",281.67,14.3,"N"
"12310",27.84314,95.42071,321.53,0.5,0.41,"2026-02-15",1906,"N20","nominal","2.0NRT",286.97,2.53,"N"
"12311",27.79919,95.03077,321.98,0.52,0.41,"2026-02-15",1906,"N20","nominal","2.0NRT",289.79,1.99,"N"
"12312",27.79539,95.03021,299.79,0.52,0.41,"2026-02-15",1906,"N20","nominal","2.0NRT",289.64,1.99,"N"
"12313",27.60677,95.40388,296.02,0.49,0.41,"2026-02-15",1906,"N20","nominal","2.0NRT",285.95,0.39,"N"
"12314",26.60703,101.60619,302.26,0.42,0.38,"2026-02-15",1906,"N20","nominal","2.0NRT",284.89,0.88,"N"
"12315",26.62273,101.45515,298.81,0.41,0.37,"2026-02-15",1906,"N20","nominal","2.0NRT",284.79,0.79,"N"
"12316",26.58004,101.69984,304.79,0.42,0.38,"2026-02-15",1906,"N20","nominal","2.0NRT",286.59,0.99,"N"
"12317",26.57906,101.66506,325.49,0.42,0.38,"2026-02-15",1906,"N20","nominal","2.0NRT",288.09,2.73,"N"
"12318",26.57564,101.66438,340.09,0.42,0.38,"2026-02-15",1906,"N20","nominal","2.0NRT",288.35,3.15,"N"
"12319",26.57492,101.66844,311.23,0.42,0.38,"2026-02-15",1906,"N20","nominal","2.0NRT",286.28,3.15,"N"
"12320",26.56664,101.6753,336.96,0.42,0.38,"2026-02-15",1906,"N20","nominal","2.0NRT",293.34,2.77,"N"
"12321",26.56394,101.67052,297.44,0.42,0.38,"2026-02-15",1906,"N20","nominal","2.0NRT",286.98,2.77,"N"
"12322",26.56249,101.67876,301.43,0.42,0.38,"2026-02-15",1906,"N20","nominal","2.0NRT",290.77,1.15,"N"
"12323",26.56176,101.68291,300.05,0.42,0.38,"2026-02-15",1906,"N20","nominal","2.0NRT",289.08,1.15,"N"
"12324",26.56027,101.69132,299.92,0.42,0.38,"2026-02-15",1906,"N20","nominal","2.0NRT",286.26,1.48,"N"
"12325",26.01019,104.52211,301.58,0.38,0.43,"2026-02-15",1906,"N20","nominal","2.0NRT",283.5,0.96,"N"
"12326",26.00632,104.52092,305.66,0.38,0.43,"2026-02-15",1906,"N20","nominal","2.0NRT",283.3,0.96,"N"
"12327",26.00737,104.5218,309.94,0.38,0.43,"2026-02-15",1906,"N20","nominal","2.0NRT",284.4,1.2,"N"
"12328",27.46802,95.42288,307.57,0.49,0.4,"2026-02-15",1906,"N20","nominal","2.0NRT",285.28,1.66,"N"
"12329",26.3827,101.97559,311.58,0.43,0.38,"2026-02-15",1906,"N20","nominal","2.0NRT",284.55,1.64,"N"
"12330",27.37882,95.33601,306.41,0.49,0.41,"2026-02-15",1906,"N20","nominal","2.0NRT",283.92,0.48,"N"
"12331",27.3762,95.08821,301.04,0.51,0.41,"2026-02-15",1906,"N20","nominal","2.0NRT",284.32,0.63,"N"
"12332",27.31951,95.26525,299.38,0.5,0.41,"2026-02-15",1906,"N20","nominal","2.0NRT",284.98,0.96,"N"
"12333",26.80042,98.67547,298.53,0.39,0.36,"2026-02-15",1906,"N20","nominal","2.0NRT",279.02,0.95,"N"
"12334",27.22439,95.34475,296.19,0.49,0.4,"2026-02-15",1906,"N20","nominal","2.0NRT",282.39,0.82,"N"
"12335",28.07109,84.89996,298.4,0.71,0.75,"2026-02-15",1906,"N20","nominal","2.0NRT",279.75,1.85,"N"
"12336",26.7338,98.57955,302.08,0.39,0.36,"2026-02-15",1906,"N20","nominal","2.0NRT",277.61,0.72,"N"
"12337",28.07168,84.89778,297.5,0.71,0.75,"2026-02-15",1906,"N20","nominal","2.0NRT",279.58,0.99,"N"
"12338",26.64032,98.70061,305.1,0.39,0.36,"2026-02-15",1906,"N20","nominal","2.0NRT",278.11,1.25,"N"
"12339",25.69639,103.86668,301.27,0.54,0.42,"2026-02-15",1906,"N20","nominal","2.0NRT",284.36,1.98,"N"
"12340",25.69832,103.86538,301.5,0.54,0.42,"2026-02-15",1906,"N20","nominal","2.0NRT",283.29,2.06,"N"
"12341",26.40052,98.6255,322.64,0.39,0.36,"2026-02-15",1906,"N20","nominal","2.0NRT",276.07,2.33,"N"
"12342",26.39724,98.62479,314.69,0.39,0.36,"2026-02-15",1906,"N20","nominal","2.0NRT",274.97,2.33,"N"
"12343",26.39243,98.61202,303.31,0.39,0.36,"2026-02-15",1906,"N20","nominal","2.0NRT",277.22,1.4,"N"
"12344",26.38915,98.61129,321.65,0.39,0.36,"2026-02-15",1906,"N20","nominal","2.0NRT",280.59,1.84,"N"
"12345",26.38857,98.61507,323.07,0.39,0.36,"2026-02-15",1906,"N20","nominal","2.0NRT",282.15,1.84,"N"
"12346",26.38973,98.60754,296.68,0.39,0.36,"2026-02-15",1906,"N20","nominal","2.0NRT",274.87,1.47,"N"
"12347",26.38586,98.61057,307.34,0.39,0.36,"2026-02-15",1906,"N20","nominal","2.0NRT",277.61,1.84,"N"
"12348",26.38528,98.61434,309.31,0.39,0.36,"2026-02-15",1906,"N20","nominal","2.0NRT",279.9,1.84,"N"
"12349",26.38136,98.61497,350.22,0.39,0.36,"2026-02-15",1906,"N20","nominal","2.0NRT",286.5,4.28,"N"
"12350",26.38193,98.61121,304.64,0.39,0.36,"2026-02-15",1906,"N20","nominal","2.0NRT",278.18,4.28,"N"
"12351",26.37809,98.61427,296.8,0.39,0.36,"2026-02-15",1906,"N20","nominal","2.0NRT",275.93,4.28,"N"
"12352",26.37211,98.60915,324.7,0.39,0.36,"2026-02-15",1906,"N20","nominal","2.0NRT",278.19,2.91,"N"
"12353",26.37327,98.60158,298.68,0.39,0.36,"2026-02-15",1906,"N20","nominal","2.0NRT",278.03,1.05,"N"
"12354",26.37269,98.60538,307.36,0.39,0.36,"2026-02-15",1906,"N20","nominal","2.0NRT",279.1,1.05,"N"
"12355",26.37,98.60087,296.57,0.39,0.36,"2026-02-15",1906,"N20","nominal","2.0NRT",276.3,0.87,"N"
"12356",26.36941,98.60469,304.32,0.39,0.36,"2026-02-15",1906,"N20","nominal","2.0NRT",277.58,0.87,"N"
"12357",25.53327,102.86015,296.46,0.48,0.4,"2026-02-15",1906,"N20","nominal","2.0NRT",275.64,0.65,"N"
"12358",26.77443,94.50818,297.7,0.53,0.42,"2026-02-15",1906,"N20","nominal","2.0NRT",285.43,0.54,"N"
"12359",26.17542,98.82719,300.12,0.38,0.36,"2026-02-15",1906,"N20","nominal","2.0NRT",280.02,0.62,"N"
"12360",26.2135,98.5364,296.66,0.39,0.36,"2026-02-15",1906,"N20","nominal","2.0NRT",277.5,0.69,"N"
"12361",26.65196,93.34738,299.12,0.41,0.45,"2026-02-15",1908,"N20","nominal","2.0NRT",285.16,0.89,"N"
"12362",27.18089,87.76797,300.3,0.46,0.64,"2026-02-15",1908,"N20","nominal","2.0NRT",280.28,0.58,"N"
"12363",25.91555,98.57252,347.74,0.39,0.36,"2026-02-15",1908,"N20","nominal","2.0NRT",282.32,10.37,"N"
"12364",24.51381,106.30634,341.68,0.52,0.5,"2026-02-15",1908,"N20","nominal","2.0NRT",290.62,8.7,"N"
"12365",24.51486,106.30132,299.56,0.52,0.5,"2026-02-15",1908,"N20","nominal","2.0NRT",284.77,8.7,"N"
"12366",23.38175,111.1521,300.62,0.55,0.68,"2026-02-15",1908,"N20","nominal","2.0NRT",288.4,1.7,"N"
"12367",23.37451,111.15504,311.21,0.55,0.68,"2026-02-15",1908,"N20","nominal","2.0NRT",290.86,2.95,"N"
"12368",23.24393,111.57479,316.79,0.59,0.7,"2026-02-15",1908,"N20","nominal","2.0NRT",290.99,3.63,"N"
"12369",24.89121,104.03688,300.21,0.56,0.43,"2026-02-15",1908,"N20","nominal","2.0NRT",281.24,1.94,"N"
"12370",24.89145,104.0359,298.02,0.57,0.43,"2026-02-15",1908,"N20","nominal","2.0NRT",280.72,1.08,"N"
"12371",23.24763,111.57642,306.99,0.59,0.7,"2026-02-15",1908,"N20","nominal","2.0NRT",289.13,2.13,"N"
"12372",23.2415,111.57416,306.82,0.59,0.7,"2026-02-15",1908,"N20","nominal","2.0NRT",288.89,1.73,"N"
"12373",26.77878,90.9462,303.29,0.58,0.52,"2026-02-15",1908,"N20","nominal","2.0NRT",288.02,0.97,"N"
"12374",26.77398,90.94557,299.53,0.58,0.52,"2026-02-15",1908,"N20","nominal","2.0NRT",287.35,0.97,"N"
"12375",23.80779,108.91705,299.37,0.39,0.59,"2026-02-15",1908,"N20","nominal","2.0NRT",288.25,0.57,"N"
"12376",26.76813,90.65137,297.14,0.6,0.53,"2026-02-15",1908,"N20","nominal","2.0NRT",285.05,0.37,"N"
"12377",24.86108,103.69135,312.04,0.54,0.42,"2026-02-15",1908,"N20","nominal","2.0NRT",283.5,2.16,"N"
"12378",23.67291,109.10269,300.95,0.4,0.6,"2026-02-15",1908,"N20","nominal","2.0NRT",287.95,0.89,"N"
"12379",24.97618,102.33367,299.45,0.46,0.39,"2026-02-15",1908,"N20","nominal","2.0NRT",280.85,1.57,"N"
"12380",24.97261,102.33297,321.29,0.46,0.39,"2026-02-15",1908,"N20","nominal","2.0NRT",280.29,1.57,"N"
"12381",24.96288,102.38689,299.07,0.47,0.39,"2026-02-15",1908,"N20","nominal","2.0NRT",285.4,0.89,"N"
"12382",25.06493,101.57129,302.21,0.43,0.38,"2026-02-15",1908,"N20","nominal","2.0NRT",282.1,1.3,"N"
"12383",24.63493,103.89295,295.02,0.56,0.43,"2026-02-15",1908,"N20","nominal","2.0NRT",282.86,0.81,"N"
"12384",22.924,111.53927,305.6,0.59,0.7,"2026-02-15",1908,"N20","nominal","2.0NRT",287.05,0.9,"N"
"12385",22.92918,111.53847,303.08,0.6,0.7,"2026-02-15",1908,"N20","nominal","2.0NRT",286.79,1.55,"N"
"12386",23.82468,106.69708,297.99,0.57,0.52,"2026-02-15",1908,"N20","nominal","2.0NRT",287.95,0.61,"N"
"12387",26.18969,91.80637,298.99,0.5,0.49,"2026-02-15",1908,"N20","nominal","2.0NRT",287.54,0.7,"N"
"12388",24.7097,102.16858,300,0.46,0.39,"2026-02-15",1908,"N20","nominal","2.0NRT",281.62,0.66,"N"
"12389",24.2357,104.57758,299.07,0.41,0.45,"2026-02-15",1908,"N20","nominal","2.0NRT",286.65,0.81,"N"
"12390",24.23496,104.58136,296.62,0.41,0.45,"2026-02-15",1908,"N20","nominal","2.0NRT",286.29,0.85,"N"
"12391",23.13201,109.52246,302.03,0.44,0.62,"2026-02-15",1908,"N20","nominal","2.0NRT",288.52,1.15,"N"
"12392",24.12907,103.67594,298.31,0.56,0.43,"2026-02-15",1908,"N20","nominal","2.0NRT",285.31,0.93,"N"
"12393",24.1282,103.68046,300.68,0.56,0.43,"2026-02-15",1908,"N20","nominal","2.0NRT",284.72,0.97,"N"
"12394",24.92699,99.08612,306.7,0.38,0.36,"2026-02-15",1908,"N20","nominal","2.0NRT",283.9,1.21,"N"
"12395",24.06455,103.62968,307.12,0.55,0.43,"2026-02-15",1908,"N20","nominal","2.0NRT",284.13,1.62,"N"
"12396",24.85546,99.08436,297.91,0.38,0.36,"2026-02-15",1908,"N20","nominal","2.0NRT",279.91,0.43,"N"
"12397",24.15409,102.92593,300.37,0.51,0.41,"2026-02-15",1908,"N20","nominal","2.0NRT",282.11,1.36,"N"
"12398",23.03691,108.08167,302.72,0.36,0.57,"2026-02-15",1908,"N20","nominal","2.0NRT",288.1,0.47,"N"
"12399",25.32295,93.85394,300.93,0.56,0.43,"2026-02-15",1908,"N20","nominal","2.0NRT",278.54,1.26,"N"
"12400",24.02211,102.18814,317.22,0.47,0.4,"2026-02-15",1908,"N20","nominal","2.0NRT",285.1,1.42,"N"
"12401",25.17385,94.44495,306.94,0.52,0.41,"2026-02-15",1908,"N20","nominal","2.0NRT",278.89,1.22,"N"
"12402",22.11559,110.82395,297.77,0.56,0.69,"2026-02-15",1908,"N20","nominal","2.0NRT",287.36,0.57,"N"
"12403",25.13712,94.55289,296.42,0.51,0.41,"2026-02-15",1908,"N20","nominal","2.0NRT",280.95,0.65,"N"
"12404",22.11671,110.82692,299.4,0.56,0.69,"2026-02-15",1908,"N20","nominal","2.0NRT",287.71,0.78,"N"
"12405",24.84264,96.17545,310.08,0.43,0.38,"2026-02-15",1908,"N20","nominal","2.0NRT",286.4,0.78,"N"
"12406",25.03577,94.2017,304.15,0.53,0.42,"2026-02-15",1908,"N20","nominal","2.0NRT",284.25,1.18,"N"
"12407",23.82475,102.04854,296.53,0.47,0.39,"2026-02-15",1908,"N20","nominal","2.0NRT",285.82,0.94,"N"
"12408",22.65119,107.5993,295.62,0.34,0.56,"2026-02-15",1908,"N20","nominal","2.0NRT",285.37,0.36,"N"
"12409",24.23739,98.94674,311.05,0.38,0.36,"2026-02-15",1908,"N20","nominal","2.0NRT",284.96,0.83,"N"
"12410",24.23679,98.95047,298.04,0.38,0.36,"2026-02-15",1908,"N20","nominal","2.0NRT",283.17,0.83,"N"
"12411",23.50298,103.16708,298.74,0.53,0.42,"2026-02-15",1908,"N20","nominal","2.0NRT",286.82,1.25,"N"
"12412",22.53019,107.79655,305.84,0.35,0.57,"2026-02-15",1908,"N20","nominal","2.0NRT",286.47,0.97,"N"
"12413",22.52726,107.80986,311.77,0.35,0.57,"2026-02-15",1908,"N20","nominal","2.0NRT",286.94,1.01,"N"
"12414",24.72614,95.39304,307,0.46,0.39,"2026-02-15",1908,"N20","nominal","2.0NRT",288.88,1.16,"N"
"12415",23.45502,103.23237,308.98,0.54,0.42,"2026-02-15",1908,"N20","nominal","2.0NRT",286.23,1.91,"N"
"12416",23.95671,99.7733,305.55,0.39,0.36,"2026-02-15",1908,"N20","nominal","2.0NRT",279.66,0.83,"N"
"12417",23.89929,99.68795,297.52,0.39,0.36,"2026-02-15",1908,"N20","nominal","2.0NRT",284.51,0.73,"N"
"12418",23.94699,99.27109,326.52,0.39,0.36,"2026-02-15",1908,"N20","nominal","2.0NRT",285.42,2.96,"N"
"12419",22.33293,107.55095,296.91,0.34,0.56,"2026-02-15",1908,"N20","nominal","2.0NRT",285.28,0.17,"N"
"12420",24.07968,97.73412,326.88,0.39,0.36,"2026-02-15",1908,"N20","nominal","2.0NRT",284.09,2.47,"N"
"12421",22.18317,107.78268,315.72,0.36,0.57,"2026-02-15",1908,"N20","nominal","2.0NRT",287.37,1.34,"N"
"12422",22.27344,106.96088,298.53,0.63,0.54,"2026-02-15",1908,"N20","nominal","2.0NRT",286.78,0.61,"N"
"12423",24.0598,96.59138,303.95,0.41,0.37,"2026-02-15",1908,"N20","nominal","2.0NRT",288.31,0.47,"N"
"12424",25.03357,87.36703,301.51,0.46,0.64,"2026-02-15",1908,"N20","nominal","2.0NRT",288.04,1.33,"N"
"12425",25.0332,87.37171,302.54,0.46,0.64,"2026-02-15",1908,"N20","nominal","2.0NRT",289.19,1.14,"N"
"12426",25.03285,87.37626,300.69,0.46,0.64,"2026-02-15",1908,"N20","nominal","2.0NRT",288.49,1.14,"N"
"12427",22.12774,106.96198,303.55,0.32,0.54,"2026-02-15",1908,"N20","nominal","2.0NRT",284.72,0.33,"N"
"12428",23.69953,98.47955,327.68,0.38,0.36,"2026-02-15",1908,"N20","nominal","2.0NRT",282.79,2.4,"N"
"12429",21.54364,109.424,303.69,0.47,0.64,"2026-02-15",1908,"N20","nominal","2.0NRT",289.46,1.66,"N"
"12430",23.69624,98.47893,303.08,0.38,0.36,"2026-02-15",1908,"N20","nominal","2.0NRT",281.6,0.46,"N"
"12431",23.46731,99.86497,312.87,0.4,0.37,"2026-02-15",1908,"N20","nominal","2.0NRT",285.32,1.27,"N"
"12432",23.68908,98.48141,328.25,0.38,0.36,"2026-02-15",1908,"N20","nominal","2.0NRT",283.04,2.22,"N"
"12433",23.46069,99.86354,296.48,0.4,0.37,"2026-02-15",1908,"N20","nominal","2.0NRT",284.37,0.56,"N"
"12434",21.54312,109.42709,301.09,0.47,0.64,"2026-02-15",1908,"N20","nominal","2.0NRT",289.5,1.13,"N"
"12435",23.6784,98.24242,319.98,0.38,0.36,"2026-02-15",1908,"N20","nominal","2.0NRT",284.07,1.63,"N"
"12436",21.68514,108.41394,302.05,0.4,0.6,"2026-02-15",1908,"N20","nominal","2.0NRT",290.68,2.19,"N"
"12437",21.67974,108.40926,301.31,0.4,0.6,"2026-02-15",1908,"N20","nominal","2.0NRT",290.12,1.32,"N"
"12438",21.27075,110.0818,302.83,0.52,0.67,"2026-02-15",1908,"N20","nominal","2.0NRT",287.88,0.86,"N"
"12439",21.56422,108.43972,314.21,0.41,0.6,"2026-02-15",1908,"N20","nominal","2.0NRT",290.39,1.75,"N"
"12440",21.55791,108.44224,300.54,0.41,0.6,"2026-02-15",1908,"N20","nominal","2.0NRT",290.11,0.91,"N"
"12441",23.4834,98.38343,298.41,0.38,0.36,"2026-02-15",1908,"N20","nominal","2.0NRT",283.37,0.27,"N"
"12442",23.47657,98.37855,296.09,0.38,0.36,"2026-02-15",1908,"N20","nominal","2.0NRT",284.28,0.47,"N"
"12443",21.56367,108.43944,310.74,0.41,0.6,"2026-02-15",1908,"N20","nominal","2.0NRT",289.83,1.82,"N"
"12444",21.56283,108.44327,299.86,0.41,0.6,"2026-02-15",1908,"N20","nominal","2.0NRT",289.71,1.05,"N"
"12445",21.55739,108.44194,302.45,0.41,0.6,"2026-02-15",1908,"N20","nominal","2.0NRT",290.09,1.05,"N"
"12446",23.07969,100.23962,328.31,0.41,0.37,"2026-02-15",1908,"N20","nominal","2.0NRT",286.02,3.67,"N"
"12447",23.59751,95.91164,301.56,0.43,0.38,"2026-02-15",1908,"N20","nominal","2.0NRT",290.91,0.65,"N"
"12448",23.59286,95.91936,308.14,0.43,0.38,"2026-02-15",1908,"N20","nominal","2.0NRT",291.34,0.76,"N"
"12449",23.58413,95.93083,302.64,0.43,0.38,"2026-02-15",1908,"N20","nominal","2.0NRT",292.52,1.09,"N"
"12450",23.58244,95.91766,304.08,0.43,0.38,"2026-02-15",1908,"N20","nominal","2.0NRT",291.99,0.77,"N"
"12451",23.58067,95.93021,303.4,0.43,0.38,"2026-02-15",1908,"N20","nominal","2.0NRT",292.88,1.21,"N"
"12452",23.48945,95.96009,307.85,0.43,0.38,"2026-02-15",1908,"N20","nominal","2.0NRT",293.03,1.56,"N"
"12453",23.4866,95.95519,303.38,0.43,0.38,"2026-02-15",1908,"N20","nominal","2.0NRT",291.55,0.64,"N"
"12454",23.22411,97.68552,300.92,0.39,0.36,"2026-02-15",1908,"N20","nominal","2.0NRT",281.11,0.64,"N"
"12455",23.29666,96.73223,323.45,0.4,0.37,"2026-02-15",1908,"N20","nominal","2.0NRT",289.78,1.04,"N"
"12456",23.29387,96.72769,300.5,0.4,0.37,"2026-02-15",1908,"N20","nominal","2.0NRT",289.4,1.04,"N"
"12457",23.34677,96.07607,301.59,0.42,0.38,"2026-02-15",1908,"N20","nominal","2.0NRT",290.58,1.47,"N"
"12458",23.36272,95.88868,322.09,0.43,0.38,"2026-02-15",1908,"N20","nominal","2.0NRT",294.81,2.58,"N"
"12459",23.35401,95.90013,308.99,0.43,0.38,"2026-02-15",1908,"N20","nominal","2.0NRT",292.68,0.94,"N"
"12460",23.3688,95.74374,305.53,0.43,0.38,"2026-02-15",1908,"N20","nominal","2.0NRT",294.13,1.28,"N"
"12461",23.31858,96.10072,304.92,0.42,0.38,"2026-02-15",1908,"N20","nominal","2.0NRT",291.26,0.69,"N"
"12462",23.29583,95.94678,302.81,0.43,0.38,"2026-02-15",1908,"N20","nominal","2.0NRT",292.32,0.5,"N"
"12463",23.15557,96.78905,308.43,0.4,0.37,"2026-02-15",1908,"N20","nominal","2.0NRT",288.23,0.46,"N"
"12464",23.15151,96.81638,307.23,0.4,0.37,"2026-02-15",1908,"N20","nominal","2.0NRT",287.78,0.71,"N"
"12465",23.13313,96.77747,304.64,0.4,0.37,"2026-02-15",1908,"N20","nominal","2.0NRT",288.65,0.48,"N"
"12466",23.23473,95.92793,301.71,0.43,0.38,"2026-02-15",1908,"N20","nominal","2.0NRT",290.75,0.66,"N"
"12467",23.2336,95.91085,305.65,0.43,0.38,"2026-02-15",1908,"N20","nominal","2.0NRT",290.15,1.14,"N"
"12468",23.2307,95.93143,311.18,0.43,0.38,"2026-02-15",1908,"N20","nominal","2.0NRT",291.97,0.66,"N"
"12469",23.22724,95.93082,303.85,0.43,0.38,"2026-02-15",1908,"N20","nominal","2.0NRT",291.22,0.69,"N"
"12470",23.24363,95.68578,315.73,0.43,0.38,"2026-02-15",1908,"N20","nominal","2.0NRT",291.4,1.72,"N"
"12471",23.16713,95.73885,326.85,0.43,0.38,"2026-02-15",1908,"N20","nominal","2.0NRT",291.47,2.4,"N"
"12472",23.16483,95.72984,333.78,0.43,0.38,"2026-02-15",1908,"N20","nominal","2.0NRT",292.11,3.75,"N"
"12473",23.15786,95.72866,319.98,0.43,0.38,"2026-02-15",1908,"N20","nominal","2.0NRT",292.37,2.43,"N"
"12474",24.11929,86.85844,301.58,0.49,0.65,"2026-02-15",1908,"N20","nominal","2.0NRT",289.03,1.63,"N"
"12475",23.09552,96.12007,328.72,0.42,0.38,"2026-02-15",1908,"N20","nominal","2.0NRT",293.97,3.12,"N"
"12476",23.09492,96.12428,334.9,0.42,0.38,"2026-02-15",1908,"N20","nominal","2.0NRT",294.95,4.23,"N"
"12477",23.12343,95.92313,309.69,0.43,0.38,"2026-02-15",1908,"N20","nominal","2.0NRT",290.1,1.12,"N"
"12478",23.09319,96.13645,302.44,0.42,0.38,"2026-02-15",1908,"N20","nominal","2.0NRT",291.74,0.85,"N"
"12479",23.11997,95.92258,306.92,0.43,0.38,"2026-02-15",1908,"N20","nominal","2.0NRT",291.09,1.01,"N"
"12480",23.09151,96.12361,309.17,0.42,0.38,"2026-02-15",1908,"N20","nominal","2.0NRT",292.32,0.93,"N"
"12481",23.11652,95.92194,309.34,0.43,0.38,"2026-02-15",1908,"N20","nominal","2.0NRT",291.26,1.01,"N"
"12482",24.12095,86.34705,296,0.53,0.67,"2026-02-15",1908,"N20","nominal","2.0NRT",284.85,1.06,"N"
"12483",23.39175,93.63693,322.29,0.54,0.42,"2026-02-15",1908,"N20","nominal","2.0NRT",285.17,2.67,"N"
"12484",23.10394,95.77277,309.77,0.43,0.38,"2026-02-15",1908,"N20","nominal","2.0NRT",291.77,0.76,"N"
"12485",23.39111,93.63506,295.51,0.54,0.42,"2026-02-15",1908,"N20","nominal","2.0NRT",283.82,1.66,"N"
"12486",23.39035,93.64087,318.26,0.54,0.42,"2026-02-15",1908,"N20","nominal","2.0NRT",285.15,1.66,"N"
"12487",23.10046,95.77219,303.3,0.43,0.38,"2026-02-15",1908,"N20","nominal","2.0NRT",291.42,0.76,"N"
"12488",23.03127,96.10683,308.04,0.42,0.38,"2026-02-15",1908,"N20","nominal","2.0NRT",295.5,1.34,"N"
"12489",22.80822,97.60539,301.63,0.39,0.36,"2026-02-15",1908,"N20","nominal","2.0NRT",283.57,0.65,"N"
"12490",22.80764,97.60916,303.85,0.39,0.36,"2026-02-15",1908,"N20","nominal","2.0NRT",285.2,0.91,"N"
"12491",23.04617,95.95379,304.85,0.42,0.38,"2026-02-15",1908,"N20","nominal","2.0NRT",292.26,1.13,"N"
"12492",23.04332,95.949,304.92,0.42,0.38,"2026-02-15",1908,"N20","nominal","2.0NRT",292.01,0.84,"N"
"12493",23.04272,95.95317,305.93,0.42,0.38,"2026-02-15",1908,"N20","nominal","2.0NRT",291.62,0.84,"N"
"12494",21.02598,107.09106,300.6,0.34,0.56,"2026-02-15",1908,"N20","nominal","2.0NRT",289.92,0.3,"N"
"12495",21.03128,107.04183,304.29,0.34,0.56,"2026-02-15",1908,"N20","nominal","2.0NRT",289.09,0.43,"N"
"12496",23.31885,93.67535,295.65,0.54,0.42,"2026-02-15",1908,"N20","nominal","2.0NRT",282.77,0.79,"N"
"12497",22.76201,97.59698,297.59,0.39,0.36,"2026-02-15",1908,"N20","nominal","2.0NRT",283.66,0.38,"N"
"12498",22.72576,97.32156,296.12,0.39,0.36,"2026-02-15",1908,"N20","nominal","2.0NRT",285.89,0.54,"N"
"12499",22.72246,97.3209,297,0.39,0.36,"2026-02-15",1908,"N20","nominal","2.0NRT",286.62,0.54,"N"
"12500",22.71742,97.33163,300.83,0.39,0.36,"2026-02-15",1908,"N20","nominal","2.0NRT",285.81,0.61,"N"
"12501",22.71355,97.33472,296.14,0.39,0.36,"2026-02-15",1908,"N20","nominal","2.0NRT",285.64,0.61,"N"
"12502",22.65508,97.42873,299.95,0.39,0.36,"2026-02-15",1908,"N20","nominal","2.0NRT",287.43,0.85,"N"
"12503",22.81989,96.01977,302.39,0.42,0.38,"2026-02-15",1908,"N20","nominal","2.0NRT",290.1,0.99,"N"
"12504",22.79687,96.05772,307.02,0.42,0.38,"2026-02-15",1908,"N20","nominal","2.0NRT",291.07,0.95,"N"
"12505",22.53937,97.60861,306.05,0.39,0.36,"2026-02-15",1908,"N20","nominal","2.0NRT",282.34,0.72,"N"
"12506",23.80731,86.32844,310.09,0.52,0.67,"2026-02-15",1908,"N20","nominal","2.0NRT",293.04,3.53,"N"
"12507",23.79961,86.34841,325.6,0.52,0.67,"2026-02-15",1908,"N20","nominal","2.0NRT",295.07,2.59,"N"
"12508",23.79999,86.34324,304.09,0.52,0.67,"2026-02-15",1908,"N20","nominal","2.0NRT",293.07,2.59,"N"
"12509",22.51173,97.72226,299.11,0.39,0.36,"2026-02-15",1908,"N20","nominal","2.0NRT",282.78,0.35,"N"
"12510",22.75146,95.91277,301.05,0.42,0.38,"2026-02-15",1908,"N20","nominal","2.0NRT",290.86,1.15,"N"
"12511",22.44308,97.94257,308.16,0.38,0.36,"2026-02-15",1908,"N20","nominal","2.0NRT",279.59,0.96,"N"
"12512",23.80039,86.34605,311.13,0.52,0.67,"2026-02-15",1908,"N20","nominal","2.0NRT",295.84,3.08,"N"
"12513",23.79997,86.3513,318.33,0.52,0.67,"2026-02-15",1908,"N20","nominal","2.0NRT",292.77,3.08,"N"
"12514",21.90717,101.05058,299.84,0.44,0.39,"2026-02-15",1908,"N20","nominal","2.0NRT",289.15,0.69,"N"
"12515",23.78927,86.32931,299.88,0.52,0.67,"2026-02-15",1908,"N20","nominal","2.0NRT",287.69,1.35,"N"
"12516",23.78473,86.38644,300.57,0.52,0.67,"2026-02-15",1908,"N20","nominal","2.0NRT",288.82,2.01,"N"
"12517",23.78432,86.39154,304.46,0.52,0.67,"2026-02-15",1908,"N20","nominal","2.0NRT",292.24,2.01,"N"
"12518",23.77857,86.38573,321.35,0.52,0.67,"2026-02-15",1908,"N20","nominal","2.0NRT",292.11,2.01,"N"
"12519",23.77816,86.39085,320.56,0.52,0.67,"2026-02-15",1908,"N20","nominal","2.0NRT",293.58,2.01,"N"
"12520",23.77982,86.37003,300.29,0.52,0.67,"2026-02-15",1908,"N20","nominal","2.0NRT",289.36,1.43,"N"
"12521",22.69299,96.07436,320.86,0.42,0.37,"2026-02-15",1908,"N20","nominal","2.0NRT",293.26,1.6,"N"
"12522",23.77406,86.3642,314.64,0.52,0.67,"2026-02-15",1908,"N20","nominal","2.0NRT",290.27,2.56,"N"
"12523",23.77121,86.40028,302.84,0.52,0.67,"2026-02-15",1908,"N20","nominal","2.0NRT",290.68,2.69,"N"
"12524",23.7708,86.40549,305.84,0.52,0.67,"2026-02-15",1908,"N20","nominal","2.0NRT",291.69,1.86,"N"
"12525",22.69361,96.0701,312.62,0.42,0.37,"2026-02-15",1908,"N20","nominal","2.0NRT",294.39,1.6,"N"
"12526",22.69239,96.07854,305.6,0.42,0.37,"2026-02-15",1908,"N20","nominal","2.0NRT",291.95,0.84,"N"
"12527",22.6918,96.08263,311.96,0.42,0.37,"2026-02-15",1908,"N20","nominal","2.0NRT",291.65,0.84,"N"
"12528",23.78008,86.20725,317.67,0.53,0.67,"2026-02-15",1908,"N20","nominal","2.0NRT",294.38,4.15,"N"
"12529",23.76506,86.39963,312.54,0.52,0.67,"2026-02-15",1908,"N20","nominal","2.0NRT",291.59,2.69,"N"
"12530",23.76464,86.40488,310.5,0.52,0.67,"2026-02-15",1908,"N20","nominal","2.0NRT",291.67,1.86,"N"
"12531",22.68837,96.0821,305.39,0.42,0.37,"2026-02-15",1908,"N20","nominal","2.0NRT",290.76,0.84,"N"
"12532",23.75891,86.39891,303.45,0.52,0.67,"2026-02-15",1908,"N20","nominal","2.0NRT",290.94,1.63,"N"
"12533",22.68736,96.0647,303.18,0.42,0.37,"2026-02-15",1908,"N20","nominal","2.0NRT",292.57,0.33,"N"
"12534",23.69468,87.12061,324.8,0.46,0.64,"2026-02-15",1908,"N20","nominal","2.0NRT",293.63,3.56,"N"
"12535",23.75317,86.393,311.14,0.52,0.67,"2026-02-15",1908,"N20","nominal","2.0NRT",286.89,1.63,"N"
"12536",23.75276,86.39821,304.92,0.52,0.67,"2026-02-15",1908,"N20","nominal","2.0NRT",287.96,1.63,"N"
"12537",23.75154,86.41386,309.98,0.52,0.67,"2026-02-15",1908,"N20","nominal","2.0NRT",289.13,3.31,"N"
"12538",23.69696,87.09313,309.53,0.47,0.64,"2026-02-15",1908,"N20","nominal","2.0NRT",290.72,2.15,"N"
"12539",23.6962,87.1023,303.54,0.47,0.64,"2026-02-15",1908,"N20","nominal","2.0NRT",289.06,1.44,"N"
"12540",23.69582,87.10689,302.58,0.47,0.64,"2026-02-15",1908,"N20","nominal","2.0NRT",290.52,1.44,"N"
"12541",23.69544,87.11147,301.69,0.47,0.64,"2026-02-15",1908,"N20","nominal","2.0NRT",289.87,1.96,"N"
"12542",23.69506,87.11604,302.21,0.46,0.64,"2026-02-15",1908,"N20","nominal","2.0NRT",290.79,1.96,"N"
"12543",22.68393,96.06412,300.08,0.42,0.37,"2026-02-15",1908,"N20","nominal","2.0NRT",288.86,0.33,"N"
"12544",22.67981,96.09283,303.16,0.42,0.37,"2026-02-15",1908,"N20","nominal","2.0NRT",292.65,0.69,"N"
"12545",23.69068,87.09709,308.81,0.47,0.64,"2026-02-15",1908,"N20","nominal","2.0NRT",292.32,2,"N"
"12546",23.6888,87.11992,307.66,0.46,0.64,"2026-02-15",1908,"N20","nominal","2.0NRT",291.91,2.61,"N"
"12547",22.69909,95.93342,303.89,0.42,0.38,"2026-02-15",1908,"N20","nominal","2.0NRT",286.41,0.74,"N"
"12548",21.62007,102.47273,321.65,0.52,0.42,"2026-02-15",1908,"N20","nominal","2.0NRT",289.2,2.16,"N"
"12549",23.73768,86.43281,317.73,0.51,0.66,"2026-02-15",1908,"N20","nominal","2.0NRT",292.85,3.11,"N"
"12550",23.68215,87.12851,301.45,0.46,0.64,"2026-02-15",1908,"N20","nominal","2.0NRT",290.66,1.38,"N"
"12551",22.69507,95.93694,317.61,0.42,0.38,"2026-02-15",1908,"N20","nominal","2.0NRT",289.54,2.48,"N"
"12552",21.61924,102.47721,304.42,0.52,0.42,"2026-02-15",1908,"N20","nominal","2.0NRT",288.12,1.6,"N"
"12553",23.72501,86.43654,304.56,0.51,0.66,"2026-02-15",1908,"N20","nominal","2.0NRT",290.55,2.17,"N"
"12554",23.66814,87.15467,300.72,0.46,0.64,"2026-02-15",1908,"N20","nominal","2.0NRT",290.43,1.42,"N"
"12555",23.72005,86.42047,308.14,0.52,0.66,"2026-02-15",1908,"N20","nominal","2.0NRT",289.97,2.15,"N"
"12556",23.71848,86.441,302.54,0.51,0.66,"2026-02-15",1908,"N20","nominal","2.0NRT",290.5,1.61,"N"
"12557",23.66264,87.14943,299.9,0.46,0.64,"2026-02-15",1908,"N20","nominal","2.0NRT",288.8,0.8,"N"
"12558",23.71196,86.44541,303,0.51,0.66,"2026-02-15",1908,"N20","nominal","2.0NRT",289.24,1.61,"N"
"12559",23.71157,86.45055,309.03,0.51,0.66,"2026-02-15",1908,"N20","nominal","2.0NRT",291.22,2.51,"N"
"12560",22.46936,97.35457,310.03,0.39,0.36,"2026-02-15",1908,"N20","nominal","2.0NRT",286.11,1.43,"N"
"12561",23.82905,84.57123,324.35,0.68,0.74,"2026-02-15",1908,"N20","nominal","2.0NRT",288.85,4.2,"N"
"12562",23.69164,86.38608,307.69,0.52,0.67,"2026-02-15",1908,"N20","nominal","2.0NRT",291.65,1.82,"N"
"12563",22.45374,97.39024,296.19,0.39,0.36,"2026-02-15",1908,"N20","nominal","2.0NRT",282.67,0.3,"N"
"12564",22.96027,93.67336,310.16,0.54,0.42,"2026-02-15",1908,"N20","nominal","2.0NRT",287.58,1.52,"N"
"12565",22.62794,96.11242,303.85,0.42,0.37,"2026-02-15",1908,"N20","nominal","2.0NRT",292.34,0.9,"N"
"12566",22.62802,96.11365,304.57,0.42,0.37,"2026-02-15",1908,"N20","nominal","2.0NRT",291.99,0.81,"N"
"12567",22.41882,97.50754,296.65,0.39,0.36,"2026-02-15",1908,"N20","nominal","2.0NRT",281.18,0.39,"N"
"12568",22.95818,93.67686,298.77,0.53,0.42,"2026-02-15",1908,"N20","nominal","2.0NRT",286.84,0.45,"N"
"12569",23.84221,84.94547,295.04,0.64,0.72,"2026-02-15",1908,"N20","nominal","2.0NRT",284.01,1.13,"N"
"12570",23.7248,86.44067,302.45,0.51,0.66,"2026-02-15",1908,"N20","nominal","2.0NRT",292,1.56,"N"
"12571",23.66415,87.14793,303.22,0.46,0.64,"2026-02-15",1908,"N20","nominal","2.0NRT",287.22,1.5,"N"
"12572",23.72036,86.41953,304.45,0.51,0.66,"2026-02-15",1908,"N20","nominal","2.0NRT",288.5,1.6,"N"
"12573",23.71867,86.43999,300.96,0.51,0.66,"2026-02-15",1908,"N20","nominal","2.0NRT",289.19,1.56,"N"
"12574",23.75839,85.87201,298.86,0.56,0.69,"2026-02-15",1908,"N20","nominal","2.0NRT",288.51,1.49,"N"
"12575",23.71169,86.44955,313.75,0.51,0.66,"2026-02-15",1908,"N20","nominal","2.0NRT",291.91,2.73,"N"
"12576",22.5963,96.18709,315.17,0.41,0.37,"2026-02-15",1908,"N20","nominal","2.0NRT",294.14,1.73,"N"
"12577",23.82797,84.57207,321.94,0.68,0.74,"2026-02-15",1908,"N20","nominal","2.0NRT",288.86,4.07,"N"
"12578",22.53919,96.48203,327.43,0.4,0.37,"2026-02-15",1908,"N20","nominal","2.0NRT",285.91,2.28,"N"
"12579",23.69217,86.38528,302.03,0.52,0.67,"2026-02-15",1908,"N20","nominal","2.0NRT",290.74,2.34,"N"
"12580",22.53861,96.48596,307.74,0.4,0.37,"2026-02-15",1908,"N20","nominal","2.0NRT",285.96,1.76,"N"
"12581",23.6856,86.38977,310.28,0.52,0.67,"2026-02-15",1908,"N20","nominal","2.0NRT",288.8,2.04,"N"
"12582",23.68517,86.39511,303.34,0.52,0.67,"2026-02-15",1908,"N20","nominal","2.0NRT",289.85,2.04,"N"
"12583",23.67945,86.38906,301.81,0.52,0.67,"2026-02-15",1908,"N20","nominal","2.0NRT",285.63,1.71,"N"
"12584",23.67903,86.39435,306.07,0.52,0.67,"2026-02-15",1908,"N20","nominal","2.0NRT",291.56,1.71,"N"
"12585",23.67862,86.39946,304.74,0.52,0.67,"2026-02-15",1908,"N20","nominal","2.0NRT",292.79,2.94,"N"
"12586",23.6842,86.09,313.79,0.54,0.68,"2026-02-15",1908,"N20","nominal","2.0NRT",289.79,3.85,"N"
"12587",23.68379,86.09532,313.66,0.54,0.68,"2026-02-15",1908,"N20","nominal","2.0NRT",289.25,3.27,"N"
"12588",23.67957,86.06808,302.19,0.54,0.68,"2026-02-15",1908,"N20","nominal","2.0NRT",287.79,1.4,"N"
"12589",23.67834,86.08411,307.23,0.54,0.68,"2026-02-15",1908,"N20","nominal","2.0NRT",291.66,1.38,"N"
"12590",23.67166,86.08888,297.6,0.54,0.68,"2026-02-15",1908,"N20","nominal","2.0NRT",287.45,1.38,"N"
"12591",23.61655,86.78918,312.19,0.49,0.65,"2026-02-15",1908,"N20","nominal","2.0NRT",292.77,2.23,"N"
"12592",23.73707,85.00555,297.16,0.63,0.72,"2026-02-15",1908,"N20","nominal","2.0NRT",284.93,2.05,"N"
"12593",23.7304,85.00483,297.29,0.63,0.72,"2026-02-15",1908,"N20","nominal","2.0NRT",285.07,1.62,"N"
"12594",23.56186,87.23756,302.84,0.46,0.63,"2026-02-15",1908,"N20","nominal","2.0NRT",286.86,1.49,"N"
"12595",23.69892,85.36453,296.46,0.6,0.71,"2026-02-15",1908,"N20","nominal","2.0NRT",285.22,0.82,"N"
"12596",23.55565,87.24145,304.67,0.45,0.63,"2026-02-15",1908,"N20","nominal","2.0NRT",290.94,1.49,"N"
"12597",23.56282,87.08158,316.47,0.47,0.64,"2026-02-15",1908,"N20","nominal","2.0NRT",289.73,2.08,"N"
"12598",22.60027,95.74174,303.41,0.43,0.38,"2026-02-15",1908,"N20","nominal","2.0NRT",290.88,0.89,"N"
"12599",22.5139,96.17725,317.71,0.41,0.37,"2026-02-15",1908,"N20","nominal","2.0NRT",292.99,1.26,"N"
"12600",22.5105,96.17664,305.06,0.41,0.37,"2026-02-15",1908,"N20","nominal","2.0NRT",292.73,1.26,"N"
"12601",22.36736,97.13297,330.79,0.39,0.36,"2026-02-15",1908,"N20","nominal","2.0NRT",284.07,3.3,"N"
"12602",22.5101,96.17741,303.66,0.41,0.37,"2026-02-15",1908,"N20","nominal","2.0NRT",292.36,0.78,"N"
"12603",23.63167,86.29369,298.46,0.52,0.67,"2026-02-15",1908,"N20","nominal","2.0NRT",287.65,0.99,"N"
"12604",23.56418,87.08315,313.96,0.47,0.64,"2026-02-15",1908,"N20","nominal","2.0NRT",291.29,2.7,"N"
"12605",23.72655,85.00266,299,0.63,0.72,"2026-02-15",1908,"N20","nominal","2.0NRT",283.61,1.22,"N"
"12606",22.44324,96.46645,295.34,0.4,0.37,"2026-02-15",1908,"N20","nominal","2.0NRT",280.42,0.34,"N"
"12607",22.47325,96.14262,327.38,0.41,0.37,"2026-02-15",1908,"N20","nominal","2.0NRT",296.02,2.28,"N"
"12608",23.64807,85.43487,312.07,0.59,0.7,"2026-02-15",1908,"N20","nominal","2.0NRT",286.6,2.35,"N"
"12609",23.64763,85.44067,296.28,0.59,0.7,"2026-02-15",1908,"N20","nominal","2.0NRT",285.62,1.82,"N"
"12610",23.67369,84.99108,295.37,0.63,0.72,"2026-02-15",1908,"N20","nominal","2.0NRT",284.43,1.69,"N"
"12611",23.66657,84.99684,306.12,0.63,0.72,"2026-02-15",1908,"N20","nominal","2.0NRT",286.08,1.38,"N"
"12612",23.54945,86.54206,299.19,0.5,0.66,"2026-02-15",1908,"N20","nominal","2.0NRT",287.53,1.07,"N"
"12613",22.31012,97.17333,310.23,0.39,0.36,"2026-02-15",1908,"N20","nominal","2.0NRT",287.61,1.13,"N"
"12614",23.60247,85.69807,299.89,0.57,0.69,"2026-02-15",1908,"N20","nominal","2.0NRT",285.12,0.8,"N"
"12615",22.25029,97.54288,296.23,0.39,0.36,"2026-02-15",1908,"N20","nominal","2.0NRT",282.24,0.56,"N"
"12616",22.3568,96.70152,305.25,0.4,0.37,"2026-02-15",1908,"N20","nominal","2.0NRT",286.98,1.24,"N"
"12617",22.42896,96.13461,307.25,0.41,0.37,"2026-02-15",1908,"N20","nominal","2.0NRT",295.63,1.92,"N"
"12618",22.32876,96.75172,303.76,0.4,0.37,"2026-02-15",1908,"N20","nominal","2.0NRT",280.31,0.73,"N"
"12619",21.85193,99.75725,296.77,0.4,0.37,"2026-02-15",1908,"N20","nominal","2.0NRT",281.19,0.49,"N"
"12620",22.29217,96.9291,301.98,0.39,0.37,"2026-02-15",1908,"N20","nominal","2.0NRT",284.87,0.57,"N"
"12621",22.24302,97.2361,302.29,0.39,0.36,"2026-02-15",1908,"N20","nominal","2.0NRT",283.24,0.37,"N"
"12622",22.23628,97.2579,315.49,0.39,0.36,"2026-02-15",1908,"N20","nominal","2.0NRT",285.11,0.96,"N"
"12623",22.09897,98.09837,295.06,0.38,0.36,"2026-02-15",1908,"N20","nominal","2.0NRT",281.65,0.3,"N"
"12624",22.37196,96.26118,313.45,0.41,0.37,"2026-02-15",1908,"N20","nominal","2.0NRT",295.08,1.53,"N"
"12625",22.36592,96.20722,302.45,0.41,0.37,"2026-02-15",1908,"N20","nominal","2.0NRT",288.03,0.67,"N"
"12626",21.87944,99.29103,318.92,0.39,0.36,"2026-02-15",1908,"N20","nominal","2.0NRT",285.1,1.13,"N"
"12627",22.26797,96.73112,301.73,0.4,0.37,"2026-02-15",1908,"N20","nominal","2.0NRT",287.3,0.82,"N"
"12628",22.34097,96.18696,321.38,0.41,0.37,"2026-02-15",1908,"N20","nominal","2.0NRT",295.7,2.8,"N"
"12629",22.25343,96.73658,298.86,0.4,0.37,"2026-02-15",1908,"N20","nominal","2.0NRT",286.49,0.59,"N"
"12630",22.20347,97.04773,299.83,0.39,0.36,"2026-02-15",1908,"N20","nominal","2.0NRT",289.07,1,"N"
"12631",22.29368,96.36891,307.84,0.41,0.37,"2026-02-15",1908,"N20","nominal","2.0NRT",294.08,1.5,"N"
"12632",22.28857,96.3802,317.89,0.41,0.37,"2026-02-15",1908,"N20","nominal","2.0NRT",294.43,1.55,"N"
"12633",22.27471,96.47549,306.26,0.4,0.37,"2026-02-15",1908,"N20","nominal","2.0NRT",278.86,1.01,"N"
"12634",22.28804,96.35998,306.42,0.41,0.37,"2026-02-15",1908,"N20","nominal","2.0NRT",294.31,1.22,"N"
"12635",22.2869,96.36781,305.6,0.41,0.37,"2026-02-15",1908,"N20","nominal","2.0NRT",291.5,1.6,"N"
"12636",22.28633,96.37173,312.16,0.41,0.37,"2026-02-15",1908,"N20","nominal","2.0NRT",293.48,1.81,"N"
"12637",22.49967,94.62266,301.31,0.47,0.4,"2026-02-15",1908,"N20","nominal","2.0NRT",290.74,0.73,"N"
"12638",22.25795,96.27432,297.85,0.41,0.37,"2026-02-15",1908,"N20","nominal","2.0NRT",287.77,0.14,"N"
"12639",22.19352,96.63974,321.76,0.4,0.37,"2026-02-15",1908,"N20","nominal","2.0NRT",281.47,1.51,"N"
"12640",22.19408,96.63591,307.33,0.4,0.37,"2026-02-15",1908,"N20","nominal","2.0NRT",280.1,1.51,"N"
"12641",22.1913,96.63153,305.23,0.4,0.37,"2026-02-15",1908,"N20","nominal","2.0NRT",280.74,0.73,"N"
"12642",22.45478,94.62471,300.15,0.47,0.4,"2026-02-15",1908,"N20","nominal","2.0NRT",290.07,0.72,"N"
"12643",22.22171,96.28437,299.78,0.41,0.37,"2026-02-15",1908,"N20","nominal","2.0NRT",289.73,0.52,"N"
"12644",19.71251,109.60724,299.65,0.53,0.67,"2026-02-15",1908,"N20","nominal","2.0NRT",287.33,0.64,"N"
"12645",22.20057,96.35786,308.26,0.41,0.37,"2026-02-15",1908,"N20","nominal","2.0NRT",293.58,1.17,"N"
"12646",22.12856,96.84524,305.49,0.4,0.37,"2026-02-15",1908,"N20","nominal","2.0NRT",278.46,0.7,"N"
"12647",22.19889,96.34563,309.8,0.41,0.37,"2026-02-15",1908,"N20","nominal","2.0NRT",295.85,2.25,"N"
"12648",22.19549,96.36894,303.04,0.41,0.37,"2026-02-15",1908,"N20","nominal","2.0NRT",292.04,0.76,"N"
"12649",22.12614,96.76941,316.11,0.4,0.37,"2026-02-15",1908,"N20","nominal","2.0NRT",290.3,1.57,"N"
"12650",22.1228,96.76878,316.93,0.4,0.37,"2026-02-15",1908,"N20","nominal","2.0NRT",290.13,1.79,"N"
"12651",22.04331,97.16277,322.67,0.39,0.36,"2026-02-15",1908,"N20","nominal","2.0NRT",282.22,1.29,"N"
"12652",22.16682,96.32757,306.27,0.41,0.37,"2026-02-15",1908,"N20","nominal","2.0NRT",287.52,0.76,"N"
"12653",22.1594,96.355,305.1,0.41,0.37,"2026-02-15",1908,"N20","nominal","2.0NRT",295.04,1.21,"N"
"12654",22.08165,96.8222,303.66,0.4,0.37,"2026-02-15",1908,"N20","nominal","2.0NRT",282.66,0.86,"N"
"12655",22.15872,96.25893,313.06,0.41,0.37,"2026-02-15",1908,"N20","nominal","2.0NRT",295.42,2.23,"N"
"12656",22.15813,96.26289,312.91,0.41,0.37,"2026-02-15",1908,"N20","nominal","2.0NRT",295.78,2.1,"N"
"12657",21.8729,98.12989,312.26,0.38,0.36,"2026-02-15",1908,"N20","nominal","2.0NRT",285.63,0.9,"N"
"12658",22.13439,96.2589,321,0.41,0.37,"2026-02-15",1908,"N20","nominal","2.0NRT",295.23,1.09,"N"
"12659",22.1338,96.26295,304.8,0.41,0.37,"2026-02-15",1908,"N20","nominal","2.0NRT",294.12,1.09,"N"
"12660",22.13099,96.25839,312.76,0.41,0.37,"2026-02-15",1908,"N20","nominal","2.0NRT",295.01,1.77,"N"
"12661",22.12982,96.26637,306.2,0.41,0.37,"2026-02-15",1908,"N20","nominal","2.0NRT",293.16,0.89,"N"
"12662",22.04372,96.84686,305.42,0.39,0.37,"2026-02-15",1908,"N20","nominal","2.0NRT",286.28,1.21,"N"
"12663",22.12818,96.25381,328.53,0.41,0.37,"2026-02-15",1908,"N20","nominal","2.0NRT",294.16,3.55,"N"
"12664",22.1276,96.2578,319.48,0.41,0.37,"2026-02-15",1908,"N20","nominal","2.0NRT",296.22,1.77,"N"
"12665",22.11309,96.35682,312.69,0.41,0.37,"2026-02-15",1908,"N20","nominal","2.0NRT",294.47,1.54,"N"
"12666",22.05436,96.72999,305.28,0.4,0.37,"2026-02-15",1908,"N20","nominal","2.0NRT",287.83,0.73,"N"
"12667",22.0538,96.73376,305.54,0.4,0.37,"2026-02-15",1908,"N20","nominal","2.0NRT",288.49,0.73,"N"
"12668",22.118,96.25217,324.7,0.41,0.37,"2026-02-15",1908,"N20","nominal","2.0NRT",296.96,2.13,"N"
"12669",22.04767,96.72884,298.77,0.4,0.37,"2026-02-15",1908,"N20","nominal","2.0NRT",287.78,0.42,"N"
"12670",22.1146,96.25165,315.04,0.41,0.37,"2026-02-15",1908,"N20","nominal","2.0NRT",295.41,2.13,"N"
"12671",22.11403,96.25558,309.19,0.41,0.37,"2026-02-15",1908,"N20","nominal","2.0NRT",294.54,0.98,"N"
"12672",22.11347,96.25941,306.21,0.41,0.37,"2026-02-15",1908,"N20","nominal","2.0NRT",291.91,0.98,"N"
"12673",22.04433,96.72825,298.32,0.4,0.37,"2026-02-15",1908,"N20","nominal","2.0NRT",288.04,0.42,"N"
"12674",22.09355,96.30081,309.1,0.41,0.37,"2026-02-15",1908,"N20","nominal","2.0NRT",293.32,0.69,"N"
"12675",22.40786,93.99232,302.27,0.51,0.41,"2026-02-15",1908,"N20","nominal","2.0NRT",291.6,0.57,"N"
"12676",22.02137,96.76719,300.92,0.4,0.37,"2026-02-15",1908,"N20","nominal","2.0NRT",288.17,0.57,"N"
"12677",22.08115,96.2906,321.23,0.41,0.37,"2026-02-15",1908,"N20","nominal","2.0NRT",296.04,2.72,"N"
"12678",22.07372,96.31795,331.99,0.41,0.37,"2026-02-15",1908,"N20","nominal","2.0NRT",293.72,3.3,"N"
"12679",22.07316,96.32185,331.58,0.41,0.37,"2026-02-15",1908,"N20","nominal","2.0NRT",295.07,3.3,"N"
"12680",22.07379,96.29356,322.16,0.41,0.37,"2026-02-15",1908,"N20","nominal","2.0NRT",295.56,3.03,"N"
"12681",22.00357,96.74853,300.98,0.4,0.37,"2026-02-15",1908,"N20","nominal","2.0NRT",288.36,0.47,"N"
"12682",21.98774,96.76959,301.15,0.4,0.37,"2026-02-15",1908,"N20","nominal","2.0NRT",287.79,0.37,"N"
"12683",21.98381,96.7729,298.56,0.4,0.37,"2026-02-15",1908,"N20","nominal","2.0NRT",288.07,0.74,"N"
"12684",22.04836,96.29417,305.01,0.41,0.37,"2026-02-15",1908,"N20","nominal","2.0NRT",294.12,1.4,"N"
"12685",21.95521,96.91679,307.41,0.39,0.36,"2026-02-15",1908,"N20","nominal","2.0NRT",289.68,0.75,"N"
"12686",21.95249,96.91223,299,0.39,0.36,"2026-02-15",1908,"N20","nominal","2.0NRT",288.24,4.24,"N"
"12687",21.94977,96.90766,341.05,0.39,0.36,"2026-02-15",1908,"N20","nominal","2.0NRT",294.8,4.24,"N"
"12688",22.03945,96.28406,305.67,0.41,0.37,"2026-02-15",1908,"N20","nominal","2.0NRT",292.14,1.36,"N"
"12689",21.94589,96.91074,303.55,0.39,0.36,"2026-02-15",1908,"N20","nominal","2.0NRT",289.58,0.99,"N"
"12690",21.97453,96.69761,302.43,0.4,0.37,"2026-02-15",1908,"N20","nominal","2.0NRT",287.85,1.05,"N"
"12691",21.95501,96.69048,305.12,0.4,0.37,"2026-02-15",1908,"N20","nominal","2.0NRT",289.64,0.9,"N"
"12692",23.20262,85.52339,300.44,0.58,0.7,"2026-02-15",1908,"N20","nominal","2.0NRT",288.99,1.1,"N"
"12693",22.04989,95.99775,306.7,0.41,0.37,"2026-02-15",1908,"N20","nominal","2.0NRT",294.69,1.15,"N"
"12694",22.04761,95.98932,325.41,0.42,0.37,"2026-02-15",1908,"N20","nominal","2.0NRT",293.81,2.05,"N"
"12695",22.04704,95.99328,306.53,0.41,0.37,"2026-02-15",1908,"N20","nominal","2.0NRT",294.46,1.43,"N"
"12696",22.04363,95.99265,308.12,0.41,0.37,"2026-02-15",1908,"N20","nominal","2.0NRT",293.35,1.43,"N"
"12697",21.97945,96.36221,309.46,0.4,0.37,"2026-02-15",1908,"N20","nominal","2.0NRT",291.27,1.3,"N"
"12698",21.92317,96.71996,299.97,0.4,0.37,"2026-02-15",1908,"N20","nominal","2.0NRT",285.62,0.27,"N"
"12699",21.93508,96.61672,301.13,0.4,0.37,"2026-02-15",1908,"N20","nominal","2.0NRT",289.21,0.64,"N"
"12700",21.91361,96.76105,304.29,0.4,0.37,"2026-02-15",1908,"N20","nominal","2.0NRT",288.92,0.96,"N"
"12701",21.8557,97.14612,297.53,0.39,0.36,"2026-02-15",1908,"N20","nominal","2.0NRT",280.3,0.27,"N"
"12702",21.85645,97.09626,329.35,0.39,0.36,"2026-02-15",1908,"N20","nominal","2.0NRT",285.05,3.37,"N"
"12703",21.9408,96.53149,299.4,0.4,0.37,"2026-02-15",1908,"N20","nominal","2.0NRT",286.07,0.48,"N"
"12704",21.91147,96.72938,308.18,0.4,0.37,"2026-02-15",1908,"N20","nominal","2.0NRT",289.63,1.5,"N"
"12705",21.87117,96.99876,296.66,0.39,0.36,"2026-02-15",1908,"N20","nominal","2.0NRT",283.09,0.56,"N"
"12706",21.90593,96.6975,317.65,0.4,0.37,"2026-02-15",1908,"N20","nominal","2.0NRT",288.9,0.93,"N"
"12707",21.90539,96.70109,300.07,0.4,0.37,"2026-02-15",1908,"N20","nominal","2.0NRT",289.29,0.93,"N"
"12708",22.00606,95.98605,303.63,0.41,0.37,"2026-02-15",1908,"N20","nominal","2.0NRT",291.12,1.55,"N"
"12709",21.96944,96.24066,303.71,0.41,0.37,"2026-02-15",1908,"N20","nominal","2.0NRT",293.12,0.97,"N"
"12710",22.00264,95.98545,329.47,0.41,0.37,"2026-02-15",1908,"N20","nominal","2.0NRT",292.42,1.55,"N"
"12711",21.99922,95.98489,302.36,0.41,0.37,"2026-02-15",1908,"N20","nominal","2.0NRT",291.35,0.87,"N"
"12712",21.99637,95.98028,311.67,0.42,0.37,"2026-02-15",1908,"N20","nominal","2.0NRT",290.33,0.86,"N"
"12713",21.9958,95.98432,306.15,0.41,0.37,"2026-02-15",1908,"N20","nominal","2.0NRT",292.05,0.87,"N"
"12714",21.99523,95.98832,302.98,0.41,0.37,"2026-02-15",1908,"N20","nominal","2.0NRT",292.51,0.87,"N"
"12715",21.99639,95.98148,310.96,0.41,0.37,"2026-02-15",1908,"N20","nominal","2.0NRT",291.06,1.38,"N"
"12716",21.9958,95.98549,313.69,0.41,0.37,"2026-02-15",1908,"N20","nominal","2.0NRT",292.73,1.85,"N"
"12717",21.99238,95.98492,320.82,0.41,0.37,"2026-02-15",1908,"N20","nominal","2.0NRT",290.86,1.85,"N"
"12718",21.87665,96.76351,306.63,0.4,0.37,"2026-02-15",1908,"N20","nominal","2.0NRT",288.83,1.09,"N"
"12719",22.08477,95.32049,299.9,0.44,0.38,"2026-02-15",1908,"N20","nominal","2.0NRT",289.77,0.53,"N"
"12720",21.87735,96.73616,306.54,0.4,0.37,"2026-02-15",1908,"N20","nominal","2.0NRT",287.84,0.88,"N"
"12721",21.87332,96.76291,311.3,0.4,0.37,"2026-02-15",1908,"N20","nominal","2.0NRT",289.7,1.47,"N"
"12722",21.82295,97.09486,298.24,0.39,0.36,"2026-02-15",1908,"N20","nominal","2.0NRT",282.55,0.33,"N"
"12723",21.87402,96.7355,309.49,0.4,0.37,"2026-02-15",1908,"N20","nominal","2.0NRT",286.8,0.88,"N"
"12724",21.93785,96.28447,305.07,0.41,0.37,"2026-02-15",1908,"N20","nominal","2.0NRT",294.15,1.05,"N"
"12725",21.88271,96.65485,311.58,0.4,0.37,"2026-02-15",1908,"N20","nominal","2.0NRT",291.16,1.85,"N"
"12726",21.8799,96.6736,303.6,0.4,0.37,"2026-02-15",1908,"N20","nominal","2.0NRT",290.96,0.95,"N"
"12727",21.87012,96.73864,297.63,0.4,0.37,"2026-02-15",1908,"N20","nominal","2.0NRT",286.82,0.38,"N"
"12728",21.8794,96.65405,325.77,0.4,0.37,"2026-02-15",1908,"N20","nominal","2.0NRT",291.45,1.85,"N"
"12729",21.93388,96.28786,310.6,0.41,0.37,"2026-02-15",1908,"N20","nominal","2.0NRT",294.07,1.05,"N"
"12730",21.87997,96.65022,315.83,0.4,0.37,"2026-02-15",1908,"N20","nominal","2.0NRT",291.33,1.53,"N"
"12731",21.93052,96.28716,312.13,0.41,0.37,"2026-02-15",1908,"N20","nominal","2.0NRT",295.25,1.05,"N"
"12732",21.86347,96.73733,297.84,0.4,0.37,"2026-02-15",1908,"N20","nominal","2.0NRT",286.37,0.31,"N"
"12733",21.91987,96.28891,305.94,0.41,0.37,"2026-02-15",1908,"N20","nominal","2.0NRT",294.04,1.2,"N"
"12734",21.89172,96.47916,304.55,0.4,0.37,"2026-02-15",1908,"N20","nominal","2.0NRT",288.77,0.48,"N"
"12735",21.89508,96.43329,306.68,0.4,0.37,"2026-02-15",1908,"N20","nominal","2.0NRT",292.39,1.06,"N"
"12736",21.83817,96.79169,300.7,0.4,0.37,"2026-02-15",1908,"N20","nominal","2.0NRT",286.66,0.49,"N"
"12737",21.71052,97.49565,296.46,0.39,0.36,"2026-02-15",1908,"N20","nominal","2.0NRT",285.24,0.72,"N"
"12738",21.85687,96.50504,302.68,0.4,0.37,"2026-02-15",1908,"N20","nominal","2.0NRT",291,1.51,"N"
"12739",21.85248,96.48806,300.88,0.4,0.37,"2026-02-15",1908,"N20","nominal","2.0NRT",289.39,0.41,"N"
"12740",21.85017,96.5037,302.34,0.4,0.37,"2026-02-15",1908,"N20","nominal","2.0NRT",290.93,0.7,"N"
"12741",21.83703,96.59258,301.9,0.4,0.37,"2026-02-15",1908,"N20","nominal","2.0NRT",290.5,0.64,"N"
"12742",21.83596,96.57658,327.48,0.4,0.37,"2026-02-15",1908,"N20","nominal","2.0NRT",292.45,1.75,"N"
"12743",21.85863,96.42309,306.67,0.4,0.37,"2026-02-15",1908,"N20","nominal","2.0NRT",291.51,1.32,"N"
"12744",21.8354,96.58037,311.53,0.4,0.37,"2026-02-15",1908,"N20","nominal","2.0NRT",292.52,1.75,"N"
"12745",21.83371,96.59178,303.95,0.4,0.37,"2026-02-15",1908,"N20","nominal","2.0NRT",292.19,0.64,"N"
"12746",21.83315,96.59554,307.74,0.4,0.37,"2026-02-15",1908,"N20","nominal","2.0NRT",291.92,0.64,"N"
"12747",21.85472,96.42621,331.22,0.4,0.37,"2026-02-15",1908,"N20","nominal","2.0NRT",294.08,3.69,"N"
"12748",21.85415,96.43,303.43,0.4,0.37,"2026-02-15",1908,"N20","nominal","2.0NRT",291.94,0.97,"N"
"12749",21.83207,96.57957,312.55,0.4,0.37,"2026-02-15",1908,"N20","nominal","2.0NRT",292.34,1.24,"N"
"12750",21.82982,96.59477,304.47,0.4,0.37,"2026-02-15",1908,"N20","nominal","2.0NRT",291.15,0.57,"N"
"12751",21.82818,96.58257,316.04,0.4,0.37,"2026-02-15",1908,"N20","nominal","2.0NRT",291.45,1.69,"N"
"12752",21.82705,96.5902,307.4,0.4,0.37,"2026-02-15",1908,"N20","nominal","2.0NRT",291.24,0.57,"N"
"12753",21.82649,96.594,302.21,0.4,0.37,"2026-02-15",1908,"N20","nominal","2.0NRT",290.81,0.57,"N"
"12754",21.84872,96.32542,310.19,0.4,0.37,"2026-02-15",1908,"N20","nominal","2.0NRT",289.92,1.51,"N"
"12755",21.82534,96.31055,306.93,0.4,0.37,"2026-02-15",1908,"N20","nominal","2.0NRT",289.17,0.49,"N"
"12756",21.80064,96.45356,321.55,0.4,0.37,"2026-02-15",1908,"N20","nominal","2.0NRT",292.73,1.62,"N"
"12757",21.80008,96.45736,304,0.4,0.37,"2026-02-15",1908,"N20","nominal","2.0NRT",292.15,1.62,"N"
"12758",21.7031,97.05573,326.45,0.39,0.36,"2026-02-15",1908,"N20","nominal","2.0NRT",281.88,2.04,"N"
"12759",21.69978,97.05517,297.08,0.39,0.36,"2026-02-15",1908,"N20","nominal","2.0NRT",282.46,0.49,"N"
"12760",21.71124,96.95729,307.09,0.39,0.36,"2026-02-15",1908,"N20","nominal","2.0NRT",281.81,0.65,"N"
"12761",21.75527,96.64232,309.29,0.4,0.37,"2026-02-15",1908,"N20","nominal","2.0NRT",292.36,1.37,"N"
"12762",21.75879,96.59582,317.17,0.4,0.37,"2026-02-15",1908,"N20","nominal","2.0NRT",291.63,1.55,"N"
"12763",21.80485,96.23806,306.01,0.41,0.37,"2026-02-15",1908,"N20","nominal","2.0NRT",293.53,1.59,"N"
"12764",21.75209,96.59468,302.59,0.4,0.37,"2026-02-15",1908,"N20","nominal","2.0NRT",291.5,0.72,"N"
"12765",21.74586,96.61338,310.62,0.4,0.37,"2026-02-15",1908,"N20","nominal","2.0NRT",291.83,1.38,"N"
"12766",21.7453,96.61717,306.99,0.4,0.37,"2026-02-15",1908,"N20","nominal","2.0NRT",291.63,1.57,"N"
"12767",21.74084,96.62399,299.79,0.4,0.37,"2026-02-15",1908,"N20","nominal","2.0NRT",288.77,0.62,"N"
"12768",22.09531,94.05135,300.3,0.5,0.41,"2026-02-15",1908,"N20","nominal","2.0NRT",289.72,1.18,"N"
"12769",21.77643,96.31361,306.01,0.4,0.37,"2026-02-15",1908,"N20","nominal","2.0NRT",294.57,0.98,"N"
"12770",21.75775,96.34671,301.69,0.4,0.37,"2026-02-15",1908,"N20","nominal","2.0NRT",289.98,0.53,"N"
"12771",21.76813,96.25195,338.67,0.41,0.37,"2026-02-15",1908,"N20","nominal","2.0NRT",296.29,4.09,"N"
"12772",21.73448,96.48143,310.55,0.4,0.37,"2026-02-15",1908,"N20","nominal","2.0NRT",290.04,0.99,"N"
"12773",21.72262,96.56156,307.33,0.4,0.37,"2026-02-15",1908,"N20","nominal","2.0NRT",289.44,0.81,"N"
"12774",21.72892,96.4957,302.9,0.4,0.37,"2026-02-15",1908,"N20","nominal","2.0NRT",290.74,0.52,"N"
"12775",22.87552,86.05994,307.41,0.53,0.67,"2026-02-15",1908,"N20","nominal","2.0NRT",287.21,1.15,"N"
"12776",21.66563,96.82962,298.76,0.39,0.36,"2026-02-15",1908,"N20","nominal","2.0NRT",286.43,0.54,"N"
"12777",21.9738,94.62782,310.83,0.47,0.4,"2026-02-15",1908,"N20","nominal","2.0NRT",293.37,2.35,"N"
"12778",22.04737,94.03913,307.22,0.5,0.41,"2026-02-15",1908,"N20","nominal","2.0NRT",289.42,1.37,"N"
"12779",21.70598,96.48764,330.03,0.4,0.37,"2026-02-15",1908,"N20","nominal","2.0NRT",292.38,1.27,"N"
"12780",21.70653,96.48396,301.83,0.4,0.37,"2026-02-15",1908,"N20","nominal","2.0NRT",290.16,1.27,"N"
"12781",21.6992,96.53381,309.77,0.4,0.37,"2026-02-15",1908,"N20","nominal","2.0NRT",290.56,1.24,"N"
"12782",21.97329,94.62534,309.6,0.47,0.4,"2026-02-15",1908,"N20","nominal","2.0NRT",293.33,1.48,"N"
"12783",21.70478,96.48441,303.78,0.4,0.37,"2026-02-15",1908,"N20","nominal","2.0NRT",290.32,1.21,"N"
"12784",21.70422,96.48815,317.7,0.4,0.37,"2026-02-15",1908,"N20","nominal","2.0NRT",293.85,1.21,"N"
"12785",22.04645,94.03708,306.47,0.5,0.41,"2026-02-15",1908,"N20","nominal","2.0NRT",288.53,1.04,"N"
"12786",22.04079,94.05081,301.13,0.5,0.41,"2026-02-15",1908,"N20","nominal","2.0NRT",288.86,0.68,"N"
"12787",21.68888,96.52151,300.2,0.4,0.37,"2026-02-15",1908,"N20","nominal","2.0NRT",289.92,0.71,"N"
"12788",22.03898,94.03596,304.16,0.5,0.41,"2026-02-15",1908,"N20","nominal","2.0NRT",289.32,0.66,"N"
"12789",22.03524,94.03542,300.91,0.5,0.41,"2026-02-15",1908,"N20","nominal","2.0NRT",288.27,0.66,"N"
"12790",22.0346,94.04017,308.97,0.5,0.41,"2026-02-15",1908,"N20","nominal","2.0NRT",289.28,1.34,"N"
"12791",22.03396,94.04491,302.1,0.5,0.41,"2026-02-15",1908,"N20","nominal","2.0NRT",288.18,1.34,"N"
"12792",21.65351,96.71136,304.55,0.4,0.37,"2026-02-15",1908,"N20","nominal","2.0NRT",285.91,0.67,"N"
"12793",21.24183,99.23224,299.12,0.4,0.37,"2026-02-15",1908,"N20","nominal","2.0NRT",288.34,0.93,"N"
"12794",22.87725,86.05954,303.63,0.53,0.67,"2026-02-15",1908,"N20","nominal","2.0NRT",286.37,1.2,"N"
"12795",21.68947,96.35545,303.61,0.4,0.37,"2026-02-15",1908,"N20","nominal","2.0NRT",293.11,0.7,"N"
"12796",22.01727,93.99863,299.49,0.5,0.41,"2026-02-15",1908,"N20","nominal","2.0NRT",288.57,1.24,"N"
"12797",22.01664,94.00343,307.26,0.5,0.41,"2026-02-15",1908,"N20","nominal","2.0NRT",290.13,1.24,"N"
"12798",22.016,94.0082,301.44,0.5,0.41,"2026-02-15",1908,"N20","nominal","2.0NRT",290.01,1.76,"N"
"12799",21.69408,96.30083,308.03,0.4,0.37,"2026-02-15",1908,"N20","nominal","2.0NRT",290.34,0.7,"N"
"12800",22.01163,94.01236,303.33,0.5,0.41,"2026-02-15",1908,"N20","nominal","2.0NRT",289.98,1.15,"N"
"12801",21.23619,99.20419,303.42,0.4,0.37,"2026-02-15",1908,"N20","nominal","2.0NRT",289.2,0.65,"N"
"12802",22.00852,94.00706,303.79,0.5,0.41,"2026-02-15",1908,"N20","nominal","2.0NRT",289.58,1.15,"N"
"12803",21.65086,96.52266,304.44,0.4,0.37,"2026-02-15",1908,"N20","nominal","2.0NRT",288.88,0.39,"N"
"12804",21.66523,96.35587,306.2,0.4,0.37,"2026-02-15",1908,"N20","nominal","2.0NRT",292.56,1.05,"N"
"12805",21.20366,99.27613,305.25,0.4,0.37,"2026-02-15",1908,"N20","nominal","2.0NRT",284.57,0.67,"N"
"12806",21.20302,99.28001,296.92,0.4,0.37,"2026-02-15",1908,"N20","nominal","2.0NRT",284.41,0.67,"N"
"12807",21.6386,96.48935,304.97,0.4,0.37,"2026-02-15",1908,"N20","nominal","2.0NRT",291.41,0.85,"N"
"12808",21.99052,93.94069,305.69,0.5,0.41,"2026-02-15",1908,"N20","nominal","2.0NRT",291.15,0.53,"N"
"12809",21.63524,96.48882,305.65,0.4,0.37,"2026-02-15",1908,"N20","nominal","2.0NRT",290.52,1.01,"N"
"12810",21.63412,96.49632,310.25,0.4,0.37,"2026-02-15",1908,"N20","nominal","2.0NRT",290.24,1.17,"N"
"12811",22.80306,86.1254,299.61,0.53,0.67,"2026-02-15",1908,"N20","nominal","2.0NRT",288,1.06,"N"
"12812",22.79735,86.19774,305.73,0.52,0.67,"2026-02-15",1908,"N20","nominal","2.0NRT",291.76,1.88,"N"
"12813",21.97609,94.02164,302.44,0.5,0.41,"2026-02-15",1908,"N20","nominal","2.0NRT",289.3,0.73,"N"
"12814",21.63021,96.49951,312.7,0.4,0.37,"2026-02-15",1908,"N20","nominal","2.0NRT",291.17,1.17,"N"
"12815",21.62852,96.51095,312.01,0.4,0.37,"2026-02-15",1908,"N20","nominal","2.0NRT",289.91,1.84,"N"
"12816",22.7997,86.08849,314.47,0.53,0.67,"2026-02-15",1908,"N20","nominal","2.0NRT",288.49,1.5,"N"
"12817",22.79077,86.20234,303.73,0.52,0.67,"2026-02-15",1908,"N20","nominal","2.0NRT",292.05,2.03,"N"
"12818",21.64557,96.37209,302.65,0.4,0.37,"2026-02-15",1908,"N20","nominal","2.0NRT",292.04,0.58,"N"
"12819",21.62685,96.49898,313.2,0.4,0.37,"2026-02-15",1908,"N20","nominal","2.0NRT",290.69,0.76,"N"
"12820",21.62399,96.51827,304.07,0.4,0.37,"2026-02-15",1908,"N20","nominal","2.0NRT",290.88,0.84,"N"
"12821",21.62341,96.52222,312.41,0.4,0.37,"2026-02-15",1908,"N20","nominal","2.0NRT",292.39,0.84,"N"
"12822",22.7846,86.20175,314.05,0.52,0.67,"2026-02-15",1908,"N20","nominal","2.0NRT",291.71,2.03,"N"
"12823",21.96675,94.03476,315.18,0.5,0.41,"2026-02-15",1908,"N20","nominal","2.0NRT",291.2,1.26,"N"
"12824",21.62349,96.4984,300.59,0.4,0.37,"2026-02-15",1908,"N20","nominal","2.0NRT",288.89,0.76,"N"
"12825",21.636,96.36677,306.86,0.4,0.37,"2026-02-15",1908,"N20","nominal","2.0NRT",293.67,0.77,"N"
"12826",21.9605,93.99504,305.34,0.5,0.41,"2026-02-15",1908,"N20","nominal","2.0NRT",290.18,1.34,"N"
"12827",21.63264,96.3661,310.78,0.4,0.37,"2026-02-15",1908,"N20","nominal","2.0NRT",295.01,1.43,"N"
"12828",21.52747,97.04893,296,0.39,0.36,"2026-02-15",1908,"N20","nominal","2.0NRT",282.88,0.67,"N"
"12829",21.52415,97.04834,296.61,0.39,0.36,"2026-02-15",1908,"N20","nominal","2.0NRT",282.06,0.34,"N"
"12830",21.62593,96.34115,302.75,0.4,0.37,"2026-02-15",1908,"N20","nominal","2.0NRT",291.58,0.7,"N"
"12831",21.62314,96.3602,303.17,0.4,0.37,"2026-02-15",1908,"N20","nominal","2.0NRT",289.84,0.41,"N"
"12832",21.622,96.34441,316.96,0.4,0.37,"2026-02-15",1908,"N20","nominal","2.0NRT",294.01,1.4,"N"
"12833",21.62144,96.34819,313.6,0.4,0.37,"2026-02-15",1908,"N20","nominal","2.0NRT",292.12,1.4,"N"
"12834",21.62034,96.35569,306.05,0.4,0.37,"2026-02-15",1908,"N20","nominal","2.0NRT",290.81,0.73,"N"
"12835",21.61977,96.35955,310.55,0.4,0.37,"2026-02-15",1908,"N20","nominal","2.0NRT",289.81,0.56,"N"
"12836",21.60331,96.41297,302.51,0.4,0.37,"2026-02-15",1908,"N20","nominal","2.0NRT",288.61,0.35,"N"
"12837",22.79713,86.20537,300.39,0.52,0.67,"2026-02-15",1908,"N20","nominal","2.0NRT",290.07,3.56,"N"
"12838",21.93073,94.03673,301.26,0.5,0.41,"2026-02-15",1908,"N20","nominal","2.0NRT",290.41,0.8,"N"
"12839",22.80107,86.08612,303.97,0.53,0.67,"2026-02-15",1908,"N20","nominal","2.0NRT",286.29,1.7,"N"
"12840",22.80063,86.09124,304.14,0.53,0.67,"2026-02-15",1908,"N20","nominal","2.0NRT",289.23,1.7,"N"
"12841",22.79757,86.12733,307.4,0.53,0.67,"2026-02-15",1908,"N20","nominal","2.0NRT",288.29,1.42,"N"
"12842",21.93408,93.98358,302.25,0.5,0.41,"2026-02-15",1908,"N20","nominal","2.0NRT",289.7,1.1,"N"
"12843",21.927,94.03619,306.42,0.5,0.41,"2026-02-15",1908,"N20","nominal","2.0NRT",290.4,0.8,"N"
"12844",22.78522,86.19914,306.45,0.52,0.67,"2026-02-15",1908,"N20","nominal","2.0NRT",291.08,1.26,"N"
"12845",22.78478,86.20438,303.45,0.52,0.67,"2026-02-15",1908,"N20","nominal","2.0NRT",290.35,1.26,"N"
"12846",21.58762,96.40257,311.84,0.4,0.37,"2026-02-15",1908,"N20","nominal","2.0NRT",294.58,1.33,"N"
"12847",21.82475,94.64933,305.23,0.46,0.39,"2026-02-15",1908,"N20","nominal","2.0NRT",290.59,1.22,"N"
"12848",21.59276,96.22781,305.29,0.41,0.37,"2026-02-15",1908,"N20","nominal","2.0NRT",289.68,0.97,"N"
"12849",21.90172,93.96861,309.46,0.5,0.41,"2026-02-15",1908,"N20","nominal","2.0NRT",290.13,1.61,"N"
"12850",21.55208,96.45622,305.15,0.4,0.37,"2026-02-15",1908,"N20","nominal","2.0NRT",292.55,0.86,"N"
"12851",21.58376,96.21831,303.96,0.41,0.37,"2026-02-15",1908,"N20","nominal","2.0NRT",292.13,0.79,"N"
"12852",21.54933,96.45151,301.44,0.4,0.37,"2026-02-15",1908,"N20","nominal","2.0NRT",291.29,0.86,"N"
"12853",21.89357,93.97252,301.3,0.5,0.41,"2026-02-15",1908,"N20","nominal","2.0NRT",289.81,1.04,"N"
"12854",21.57808,96.23334,318.46,0.41,0.37,"2026-02-15",1908,"N20","nominal","2.0NRT",297.04,2.58,"N"
"12855",21.56204,96.3423,306.61,0.4,0.37,"2026-02-15",1908,"N20","nominal","2.0NRT",291.91,0.82,"N"
"12856",21.88412,94.01513,304.36,0.5,0.41,"2026-02-15",1908,"N20","nominal","2.0NRT",289.39,0.81,"N"
"12857",21.56428,96.30371,307.43,0.4,0.37,"2026-02-15",1908,"N20","nominal","2.0NRT",293.69,1.09,"N"
"12858",21.54961,96.35641,304.18,0.4,0.37,"2026-02-15",1908,"N20","nominal","2.0NRT",291.48,1.36,"N"
"12859",21.54854,96.34019,303.99,0.4,0.37,"2026-02-15",1908,"N20","nominal","2.0NRT",290.83,0.32,"N"
"12860",21.54797,96.34403,300.83,0.4,0.37,"2026-02-15",1908,"N20","nominal","2.0NRT",290.19,0.32,"N"
"12861",21.42727,97.10439,303.67,0.39,0.36,"2026-02-15",1908,"N20","nominal","2.0NRT",281,0.4,"N"
"12862",21.54243,96.28772,311.16,0.4,0.37,"2026-02-15",1908,"N20","nominal","2.0NRT",295.34,1.82,"N"
"12863",21.05419,99.37331,298.73,0.4,0.37,"2026-02-15",1908,"N20","nominal","2.0NRT",285.01,0.64,"N"
"12864",21.50784,96.47617,301.24,0.4,0.37,"2026-02-15",1908,"N20","nominal","2.0NRT",290.94,0.73,"N"
"12865",21.51587,96.39811,306.24,0.4,0.37,"2026-02-15",1908,"N20","nominal","2.0NRT",289.47,0.4,"N"
"12866",21.50449,96.4755,307.36,0.4,0.37,"2026-02-15",1908,"N20","nominal","2.0NRT",290.87,0.73,"N"
"12867",21.49661,96.52876,301.92,0.4,0.37,"2026-02-15",1908,"N20","nominal","2.0NRT",289.11,0.69,"N"
"12868",21.49605,96.53256,301.7,0.4,0.37,"2026-02-15",1908,"N20","nominal","2.0NRT",289.06,0.69,"N"
"12869",21.49327,96.52813,298.68,0.4,0.37,"2026-02-15",1908,"N20","nominal","2.0NRT",288.22,0.52,"N"
"12870",21.47946,96.53811,306.15,0.4,0.37,"2026-02-15",1908,"N20","nominal","2.0NRT",288.49,1.36,"N"
"12871",21.50381,96.32951,320.05,0.4,0.37,"2026-02-15",1908,"N20","nominal","2.0NRT",293.08,1.8,"N"
"12872",21.50044,96.32892,318.16,0.4,0.37,"2026-02-15",1908,"N20","nominal","2.0NRT",293.92,1.8,"N"
"12873",21.49986,96.33287,302.49,0.4,0.37,"2026-02-15",1908,"N20","nominal","2.0NRT",292.11,1.17,"N"
"12874",21.49767,96.32433,319.76,0.4,0.37,"2026-02-15",1908,"N20","nominal","2.0NRT",294.78,2.25,"N"
"12875",21.49251,96.33579,306.01,0.4,0.37,"2026-02-15",1908,"N20","nominal","2.0NRT",291.69,1.09,"N"
"12876",21.48072,96.36869,302.77,0.4,0.37,"2026-02-15",1908,"N20","nominal","2.0NRT",289.63,0.51,"N"
"12877",20.58765,101.77765,295.5,0.5,0.41,"2026-02-15",1908,"N20","nominal","2.0NRT",285.47,0.34,"N"
"12878",21.44436,96.52018,304.79,0.4,0.37,"2026-02-15",1908,"N20","nominal","2.0NRT",288,0.65,"N"
"12879",21.34128,97.20066,314.84,0.39,0.36,"2026-02-15",1908,"N20","nominal","2.0NRT",280.04,0.68,"N"
"12880",21.44098,96.51973,308.24,0.4,0.37,"2026-02-15",1908,"N20","nominal","2.0NRT",288.57,0.56,"N"
"12881",21.44505,96.46941,302.77,0.4,0.37,"2026-02-15",1908,"N20","nominal","2.0NRT",289.23,0.8,"N"
"12882",21.44222,96.4884,300.27,0.4,0.37,"2026-02-15",1908,"N20","nominal","2.0NRT",289.07,0.45,"N"
"12883",21.37727,96.92036,300.67,0.39,0.36,"2026-02-15",1908,"N20","nominal","2.0NRT",285.88,1.21,"N"
"12884",21.44115,96.47247,303.63,0.4,0.37,"2026-02-15",1908,"N20","nominal","2.0NRT",289.58,0.58,"N"
"12885",21.44816,96.35558,310.85,0.4,0.37,"2026-02-15",1908,"N20","nominal","2.0NRT",290.13,1.02,"N"
"12886",21.42246,96.52882,303.51,0.4,0.37,"2026-02-15",1908,"N20","nominal","2.0NRT",290.51,1.16,"N"
"12887",21.42259,96.50475,299.29,0.4,0.37,"2026-02-15",1908,"N20","nominal","2.0NRT",286.44,0.17,"N"
"12888",21.4197,96.52423,302.29,0.4,0.37,"2026-02-15",1908,"N20","nominal","2.0NRT",289.22,0.42,"N"
"12889",21.37877,96.79768,295.76,0.39,0.36,"2026-02-15",1908,"N20","nominal","2.0NRT",279.79,0.8,"N"
"12890",21.42272,96.45756,300.31,0.4,0.37,"2026-02-15",1908,"N20","nominal","2.0NRT",287.63,0.24,"N"
"12891",22.60958,85.91222,302.66,0.54,0.68,"2026-02-15",1908,"N20","nominal","2.0NRT",289.08,1.41,"N"
"12892",21.42051,96.42603,305.9,0.4,0.37,"2026-02-15",1908,"N20","nominal","2.0NRT",292.13,0.89,"N"
"12893",21.40131,96.50934,303.15,0.4,0.37,"2026-02-15",1908,"N20","nominal","2.0NRT",289.61,0.66,"N"
"12894",21.39796,96.50871,299.21,0.4,0.37,"2026-02-15",1908,"N20","nominal","2.0NRT",288.51,0.66,"N"
"12895",22.5732,85.89252,309.42,0.54,0.68,"2026-02-15",1908,"N20","nominal","2.0NRT",290,3.18,"N"
"12896",21.38907,96.49909,300.31,0.4,0.37,"2026-02-15",1908,"N20","nominal","2.0NRT",288.41,0.46,"N"
"12897",21.58138,95.10268,307.56,0.44,0.39,"2026-02-15",1908,"N20","nominal","2.0NRT",294.07,1.72,"N"
"12898",21.37725,96.53264,299.93,0.4,0.37,"2026-02-15",1908,"N20","nominal","2.0NRT",289,0.26,"N"
"12899",21.37391,96.53198,297.53,0.4,0.37,"2026-02-15",1908,"N20","nominal","2.0NRT",287.09,0.26,"N"
"12900",21.34898,96.70042,300.41,0.39,0.37,"2026-02-15",1908,"N20","nominal","2.0NRT",283.92,0.42,"N"
"12901",21.3901,96.40932,301.53,0.4,0.37,"2026-02-15",1908,"N20","nominal","2.0NRT",290.35,0.38,"N"
"12902",21.38953,96.41312,303.44,0.4,0.37,"2026-02-15",1908,"N20","nominal","2.0NRT",288.27,0.38,"N"
"12903",21.40052,96.31657,304.74,0.4,0.37,"2026-02-15",1908,"N20","nominal","2.0NRT",294.6,0.67,"N"
"12904",21.28101,97.08353,295.23,0.39,0.36,"2026-02-15",1908,"N20","nominal","2.0NRT",278.12,0.32,"N"
"12905",21.27073,97.15036,311.86,0.39,0.36,"2026-02-15",1908,"N20","nominal","2.0NRT",282.34,1.09,"N"
"12906",21.28169,97.05692,295.05,0.39,0.36,"2026-02-15",1908,"N20","nominal","2.0NRT",280.01,0.19,"N"
"12907",22.61189,85.90996,303.8,0.54,0.68,"2026-02-15",1908,"N20","nominal","2.0NRT",288.24,1.38,"N"
"12908",21.38588,96.32209,309.78,0.4,0.37,"2026-02-15",1908,"N20","nominal","2.0NRT",293.5,1.46,"N"
"12909",21.37268,96.41058,304.9,0.4,0.37,"2026-02-15",1908,"N20","nominal","2.0NRT",291.12,0.48,"N"
"12910",21.27506,97.05578,301.78,0.39,0.36,"2026-02-15",1908,"N20","nominal","2.0NRT",280.52,0.79,"N"
"12911",21.38548,96.30166,328.77,0.4,0.37,"2026-02-15",1908,"N20","nominal","2.0NRT",294.08,2.19,"N"
"12912",21.38489,96.30564,309.54,0.4,0.37,"2026-02-15",1908,"N20","nominal","2.0NRT",295.32,2.21,"N"
"12913",21.38253,96.32145,316.56,0.4,0.37,"2026-02-15",1908,"N20","nominal","2.0NRT",291.41,1.46,"N"
"12914",21.38092,96.30907,324.69,0.4,0.37,"2026-02-15",1908,"N20","nominal","2.0NRT",296.01,2.21,"N"
"12915",21.37697,96.31242,311.19,0.4,0.37,"2026-02-15",1908,"N20","nominal","2.0NRT",294.92,0.97,"N"
"12916",21.37639,96.31633,308.05,0.4,0.37,"2026-02-15",1908,"N20","nominal","2.0NRT",291.78,0.97,"N"
"12917",21.36144,96.41666,297.25,0.4,0.37,"2026-02-15",1908,"N20","nominal","2.0NRT",286.45,0.28,"N"
"12918",22.57518,85.89569,313.35,0.54,0.68,"2026-02-15",1908,"N20","nominal","2.0NRT",291.26,3.49,"N"
"12919",21.35642,96.40415,304.67,0.4,0.37,"2026-02-15",1908,"N20","nominal","2.0NRT",291.08,0.73,"N"
"12920",21.25736,97.06039,300.08,0.39,0.36,"2026-02-15",1908,"N20","nominal","2.0NRT",281.75,0.59,"N"
"12921",21.2568,97.06411,297.66,0.39,0.36,"2026-02-15",1908,"N20","nominal","2.0NRT",283.04,0.59,"N"
"12922",21.34274,96.47282,301.7,0.4,0.37,"2026-02-15",1908,"N20","nominal","2.0NRT",289.97,0.5,"N"
"12923",21.35088,96.37196,304.8,0.4,0.37,"2026-02-15",1908,"N20","nominal","2.0NRT",289.85,0.29,"N"
"12924",21.31454,96.59257,297.09,0.4,0.37,"2026-02-15",1908,"N20","nominal","2.0NRT",286.86,0.54,"N"
"12925",21.34878,96.33961,322.38,0.4,0.37,"2026-02-15",1908,"N20","nominal","2.0NRT",293.25,2.4,"N"
"12926",21.34131,96.39002,309.2,0.4,0.37,"2026-02-15",1908,"N20","nominal","2.0NRT",290.78,0.67,"N"
"12927",21.22719,97.14657,298.83,0.39,0.36,"2026-02-15",1908,"N20","nominal","2.0NRT",283.88,0.61,"N"
"12928",21.20171,97.29034,326.87,0.39,0.36,"2026-02-15",1908,"N20","nominal","2.0NRT",284.52,1.96,"N"
"12929",21.34597,96.33528,306.47,0.4,0.37,"2026-02-15",1908,"N20","nominal","2.0NRT",294.01,0.46,"N"
"12930",21.20114,97.29404,300.61,0.39,0.36,"2026-02-15",1908,"N20","nominal","2.0NRT",285.8,1.6,"N"
"12931",21.34203,96.33862,320.1,0.4,0.37,"2026-02-15",1908,"N20","nominal","2.0NRT",291.76,2.24,"N"
"12932",21.3426,96.33475,308.46,0.4,0.37,"2026-02-15",1908,"N20","nominal","2.0NRT",288.44,0.46,"N"
"12933",21.33974,96.35411,306.46,0.4,0.37,"2026-02-15",1908,"N20","nominal","2.0NRT",290.19,0.68,"N"
"12934",21.33637,96.35358,306.3,0.4,0.37,"2026-02-15",1908,"N20","nominal","2.0NRT",289.75,0.6,"N"
"12935",21.16263,97.49918,297.74,0.39,0.36,"2026-02-15",1908,"N20","nominal","2.0NRT",285.35,0.87,"N"
"12936",21.20235,97.15362,314.66,0.39,0.36,"2026-02-15",1908,"N20","nominal","2.0NRT",281.65,1.56,"N"
"12937",22.37957,87.27531,317.59,0.44,0.62,"2026-02-15",1908,"N20","nominal","2.0NRT",292.62,2.1,"N"
"12938",22.37919,87.27961,318.38,0.44,0.62,"2026-02-15",1908,"N20","nominal","2.0NRT",293.95,2.1,"N"
"12939",22.36584,87.29975,312.17,0.44,0.62,"2026-02-15",1908,"N20","nominal","2.0NRT",292.57,2.61,"N"
"12940",21.28051,96.56813,307.98,0.4,0.37,"2026-02-15",1908,"N20","nominal","2.0NRT",288.25,0.71,"N"
"12941",22.3612,87.28624,300.66,0.44,0.62,"2026-02-15",1908,"N20","nominal","2.0NRT",290.22,0.8,"N"
"12942",21.1796,97.19151,312.85,0.39,0.36,"2026-02-15",1908,"N20","nominal","2.0NRT",282.37,1.26,"N"
"12943",21.25828,96.57915,302.1,0.4,0.37,"2026-02-15",1908,"N20","nominal","2.0NRT",288.11,0.64,"N"
"12944",21.25639,96.57655,301.25,0.4,0.37,"2026-02-15",1908,"N20","nominal","2.0NRT",289.01,0.6,"N"
"12945",21.18115,97.04845,297.08,0.39,0.36,"2026-02-15",1908,"N20","nominal","2.0NRT",285.33,0.75,"N"
"12946",21.18059,97.05215,311.02,0.39,0.36,"2026-02-15",1908,"N20","nominal","2.0NRT",283.53,0.75,"N"
"12947",21.28232,96.35823,305.16,0.4,0.37,"2026-02-15",1908,"N20","nominal","2.0NRT",291.15,1.15,"N"
"12948",21.17841,97.0442,305.42,0.39,0.36,"2026-02-15",1908,"N20","nominal","2.0NRT",286.65,0.91,"N"
"12949",21.17784,97.04789,310.51,0.39,0.36,"2026-02-15",1908,"N20","nominal","2.0NRT",288,0.79,"N"
"12950",21.17727,97.05159,306.71,0.39,0.36,"2026-02-15",1908,"N20","nominal","2.0NRT",284.64,0.79,"N"
"12951",21.28956,96.28684,302.01,0.4,0.37,"2026-02-15",1908,"N20","nominal","2.0NRT",291.71,0.43,"N"
"12952",21.28612,96.30996,308.87,0.4,0.37,"2026-02-15",1908,"N20","nominal","2.0NRT",291.66,0.64,"N"
"12953",21.27896,96.35766,316.4,0.4,0.37,"2026-02-15",1908,"N20","nominal","2.0NRT",291.95,1.15,"N"
"12954",21.17453,97.04734,295.78,0.39,0.36,"2026-02-15",1908,"N20","nominal","2.0NRT",285.21,0.79,"N"
"12955",21.27561,96.35704,318.02,0.4,0.37,"2026-02-15",1908,"N20","nominal","2.0NRT",292.89,2.69,"N"
"12956",21.27285,96.35249,337.61,0.4,0.37,"2026-02-15",1908,"N20","nominal","2.0NRT",293.6,2.69,"N"
"12957",22.37856,87.27561,316.62,0.44,0.62,"2026-02-15",1908,"N20","nominal","2.0NRT",292.72,2.82,"N"
"12958",22.37816,87.2799,319.59,0.44,0.62,"2026-02-15",1908,"N20","nominal","2.0NRT",294.17,3.33,"N"
"12959",21.27342,96.34866,314.88,0.4,0.37,"2026-02-15",1908,"N20","nominal","2.0NRT",290.42,1.13,"N"
"12960",22.36467,87.30002,312.79,0.44,0.62,"2026-02-15",1908,"N20","nominal","2.0NRT",292.83,2.94,"N"
"12961",21.23239,96.57659,299.41,0.4,0.37,"2026-02-15",1908,"N20","nominal","2.0NRT",287.76,0.84,"N"
"12962",20.99373,98.11746,319.61,0.38,0.36,"2026-02-15",1908,"N20","nominal","2.0NRT",281.15,1.08,"N"
"12963",22.36011,87.28658,300.24,0.44,0.62,"2026-02-15",1908,"N20","nominal","2.0NRT",290.08,1.22,"N"
"12964",20.92163,98.48247,326.63,0.39,0.36,"2026-02-15",1908,"N20","nominal","2.0NRT",287.4,1.82,"N"
"12965",22.36739,87.01411,307.32,0.46,0.63,"2026-02-15",1908,"N20","nominal","2.0NRT",289.42,1.47,"N"
"12966",22.36699,87.0186,306.31,0.46,0.63,"2026-02-15",1908,"N20","nominal","2.0NRT",291.66,1.47,"N"
"12967",21.12203,97.19026,324.32,0.39,0.36,"2026-02-15",1908,"N20","nominal","2.0NRT",284.43,2.46,"N"
"12968",22.36115,87.01788,303.59,0.46,0.63,"2026-02-15",1908,"N20","nominal","2.0NRT",291.47,1.95,"N"
"12969",20.96627,98.12,302.11,0.38,0.36,"2026-02-15",1908,"N20","nominal","2.0NRT",287.62,1.07,"N"
"12970",20.96997,98.07555,297.59,0.38,0.36,"2026-02-15",1908,"N20","nominal","2.0NRT",282.41,0.7,"N"
"12971",20.96939,98.0792,307.18,0.38,0.36,"2026-02-15",1908,"N20","nominal","2.0NRT",282.6,0.7,"N"
"12972",21.31854,95.75752,300.76,0.42,0.37,"2026-02-15",1908,"N20","nominal","2.0NRT",286.77,0.28,"N"
"12973",21.24236,96.27912,310.89,0.4,0.37,"2026-02-15",1908,"N20","nominal","2.0NRT",293.54,1.18,"N"
"12974",21.23079,96.35735,302.02,0.4,0.37,"2026-02-15",1908,"N20","nominal","2.0NRT",289.77,0.78,"N"
"12975",21.23898,96.2786,305.65,0.4,0.37,"2026-02-15",1908,"N20","nominal","2.0NRT",293.12,0.78,"N"
"12976",21.18308,96.65434,310.48,0.39,0.37,"2026-02-15",1908,"N20","nominal","2.0NRT",286.25,0.76,"N"
"12977",21.10356,97.1338,303.02,0.39,0.36,"2026-02-15",1908,"N20","nominal","2.0NRT",278.94,1.01,"N"
"12978",21.23396,96.24233,331.09,0.4,0.37,"2026-02-15",1908,"N20","nominal","2.0NRT",298.41,3.25,"N"
"12979",21.22268,96.27208,306.32,0.4,0.37,"2026-02-15",1908,"N20","nominal","2.0NRT",293,0.62,"N"
"12980",21.22663,96.22169,304.96,0.4,0.37,"2026-02-15",1908,"N20","nominal","2.0NRT",294.62,1.79,"N"
"12981",21.22326,96.22116,332.62,0.4,0.37,"2026-02-15",1908,"N20","nominal","2.0NRT",296.06,1.79,"N"
"12982",21.2227,96.22491,307.41,0.4,0.37,"2026-02-15",1908,"N20","nominal","2.0NRT",293.74,0.96,"N"
"12983",21.22041,96.21709,331.73,0.4,0.37,"2026-02-15",1908,"N20","nominal","2.0NRT",296.33,4.16,"N"
"12984",21.21703,96.21659,346.41,0.4,0.37,"2026-02-15",1908,"N20","nominal","2.0NRT",296.98,4.16,"N"
"12985",21.21648,96.22028,321.89,0.4,0.37,"2026-02-15",1908,"N20","nominal","2.0NRT",297.12,4.16,"N"
"12986",21.21309,96.21986,310.81,0.4,0.37,"2026-02-15",1908,"N20","nominal","2.0NRT",294.23,1,"N"
"12987",21.06523,97.20689,295.03,0.39,0.36,"2026-02-15",1908,"N20","nominal","2.0NRT",283.36,0.41,"N"
"12988",21.17765,96.33162,302.12,0.4,0.37,"2026-02-15",1908,"N20","nominal","2.0NRT",289.84,0.37,"N"
"12989",21.18852,96.23563,304.4,0.4,0.37,"2026-02-15",1908,"N20","nominal","2.0NRT",291.59,0.22,"N"
"12990",21.18514,96.23512,303.19,0.4,0.37,"2026-02-15",1908,"N20","nominal","2.0NRT",292.1,0.83,"N"
"12991",21.18175,96.23466,318.01,0.4,0.37,"2026-02-15",1908,"N20","nominal","2.0NRT",293.23,0.83,"N"
"12992",21.16702,96.26406,306.08,0.4,0.37,"2026-02-15",1908,"N20","nominal","2.0NRT",293.63,0.99,"N"
"12993",21.15348,96.33186,304.65,0.4,0.37,"2026-02-15",1908,"N20","nominal","2.0NRT",292.78,0.96,"N"
"12994",21.14674,96.33083,303.09,0.4,0.37,"2026-02-15",1908,"N20","nominal","2.0NRT",291.96,1.11,"N"
"12995",21.13815,96.36539,303.82,0.4,0.37,"2026-02-15",1908,"N20","nominal","2.0NRT",293.74,1.79,"N"
"12996",21.5483,93.40207,301.99,0.53,0.42,"2026-02-15",1908,"N20","nominal","2.0NRT",286.06,0.82,"N"
"12997",21.15136,96.23003,301.96,0.4,0.37,"2026-02-15",1908,"N20","nominal","2.0NRT",291.54,0.34,"N"
"12998",21.14013,96.3057,310.29,0.4,0.37,"2026-02-15",1908,"N20","nominal","2.0NRT",292.9,0.88,"N"
"12999",21.13955,96.30964,307.25,0.4,0.37,"2026-02-15",1908,"N20","nominal","2.0NRT",292.52,0.88,"N"
"13000",21.13677,96.3051,306.93,0.4,0.37,"2026-02-15",1908,"N20","nominal","2.0NRT",291.91,0.88,"N"
"13001",21.14753,96.20911,307.63,0.4,0.37,"2026-02-15",1908,"N20","nominal","2.0NRT",293.98,1.46,"N"
"13002",21.13284,96.3084,306.85,0.4,0.37,"2026-02-15",1908,"N20","nominal","2.0NRT",290.55,1.03,"N"
"13003",21.13226,96.31229,316.67,0.4,0.37,"2026-02-15",1908,"N20","nominal","2.0NRT",290.89,0.81,"N"
"13004",21.13169,96.31615,303.79,0.4,0.37,"2026-02-15",1908,"N20","nominal","2.0NRT",289.46,0.81,"N"
"13005",21.12089,96.36572,302.69,0.4,0.37,"2026-02-15",1908,"N20","nominal","2.0NRT",289.87,1.33,"N"
"13006",21.11906,96.37814,307.22,0.4,0.37,"2026-02-15",1908,"N20","nominal","2.0NRT",294.36,1.73,"N"
"13007",21.12097,96.34198,306.16,0.4,0.37,"2026-02-15",1908,"N20","nominal","2.0NRT",291.7,0.92,"N"
"13008",21.11816,96.33767,318.53,0.4,0.37,"2026-02-15",1908,"N20","nominal","2.0NRT",292.37,2.16,"N"
"13009",21.11761,96.34142,308.21,0.4,0.37,"2026-02-15",1908,"N20","nominal","2.0NRT",291.91,0.92,"N"
"13010",21.04892,96.80051,296.67,0.39,0.36,"2026-02-15",1908,"N20","nominal","2.0NRT",286.25,0.64,"N"
"13011",21.1171,96.32155,312.49,0.4,0.37,"2026-02-15",1908,"N20","nominal","2.0NRT",289.87,0.65,"N"
"13012",21.11594,96.32937,308.13,0.4,0.37,"2026-02-15",1908,"N20","nominal","2.0NRT",292.14,1.01,"N"
"13013",21.11537,96.33324,309.36,0.4,0.37,"2026-02-15",1908,"N20","nominal","2.0NRT",292.24,1.12,"N"
"13014",21.1148,96.33714,304.68,0.4,0.37,"2026-02-15",1908,"N20","nominal","2.0NRT",290.94,1.12,"N"
"13015",21.11424,96.34087,318.62,0.4,0.37,"2026-02-15",1908,"N20","nominal","2.0NRT",291.45,1.49,"N"
"13016",21.11144,96.33653,322.86,0.4,0.37,"2026-02-15",1908,"N20","nominal","2.0NRT",292.94,1.12,"N"
"13017",21.11431,96.31709,303.98,0.4,0.37,"2026-02-15",1908,"N20","nominal","2.0NRT",291.82,0.65,"N"
"13018",21.11372,96.32108,302.06,0.4,0.37,"2026-02-15",1908,"N20","nominal","2.0NRT",291.86,0.65,"N"
"13019",21.11258,96.32883,304.33,0.4,0.37,"2026-02-15",1908,"N20","nominal","2.0NRT",291.73,1.01,"N"
"13020",21.11201,96.3327,310.45,0.4,0.37,"2026-02-15",1908,"N20","nominal","2.0NRT",292.73,1.12,"N"
"13021",21.10809,96.3359,320.56,0.4,0.37,"2026-02-15",1908,"N20","nominal","2.0NRT",293.16,1.33,"N"
"13022",21.11095,96.31652,306.4,0.4,0.37,"2026-02-15",1908,"N20","nominal","2.0NRT",292.16,0.77,"N"
"13023",21.10865,96.33207,304.28,0.4,0.37,"2026-02-15",1908,"N20","nominal","2.0NRT",292.89,1.33,"N"
"13024",21.10473,96.33527,324.01,0.4,0.37,"2026-02-15",1908,"N20","nominal","2.0NRT",293.11,1.33,"N"
"13025",20.98536,97.12875,327.58,0.39,0.36,"2026-02-15",1908,"N20","nominal","2.0NRT",284.38,2.21,"N"
"13026",21.10759,96.31589,311.12,0.4,0.37,"2026-02-15",1908,"N20","nominal","2.0NRT",293.47,0.77,"N"
"13027",21.10531,96.33138,317.41,0.4,0.37,"2026-02-15",1908,"N20","nominal","2.0NRT",292.86,1.33,"N"
"13028",21.11545,96.21584,330.41,0.4,0.37,"2026-02-15",1908,"N20","nominal","2.0NRT",294.98,2.39,"N"
"13029",21.11486,96.21993,320.44,0.4,0.37,"2026-02-15",1908,"N20","nominal","2.0NRT",294.75,2.39,"N"
"13030",20.77082,98.44705,302.51,0.39,0.36,"2026-02-15",1908,"N20","nominal","2.0NRT",290.09,0.48,"N"
"13031",21.11209,96.21522,343.04,0.4,0.37,"2026-02-15",1908,"N20","nominal","2.0NRT",296.44,2.32,"N"
"13032",21.11149,96.21935,312.01,0.4,0.37,"2026-02-15",1908,"N20","nominal","2.0NRT",294.15,2.32,"N"
"13033",21.08434,96.40367,304.16,0.4,0.37,"2026-02-15",1908,"N20","nominal","2.0NRT",291.82,0.66,"N"
"13034",21.29958,94.8692,300.49,0.45,0.39,"2026-02-15",1908,"N20","nominal","2.0NRT",286.43,0.8,"N"
"13035",21.10812,96.21875,314.35,0.4,0.37,"2026-02-15",1908,"N20","nominal","2.0NRT",294.85,2.32,"N"
"13036",21.08449,96.37913,314.41,0.4,0.37,"2026-02-15",1908,"N20","nominal","2.0NRT",293.44,0.88,"N"
"13037",21.10476,96.21816,304.56,0.4,0.37,"2026-02-15",1908,"N20","nominal","2.0NRT",293.15,1.63,"N"
"13038",21.08171,96.37463,300.5,0.4,0.37,"2026-02-15",1908,"N20","nominal","2.0NRT",289.2,0.58,"N"
"13039",21.08113,96.37855,307.43,0.4,0.37,"2026-02-15",1908,"N20","nominal","2.0NRT",292.87,0.58,"N"
"13040",21.01787,96.80313,297.95,0.39,0.36,"2026-02-15",1908,"N20","nominal","2.0NRT",286.19,0.63,"N"
"13041",20.98183,97.04082,297.7,0.39,0.36,"2026-02-15",1908,"N20","nominal","2.0NRT",279.87,0.61,"N"
"13042",21.10258,96.20934,349.55,0.4,0.37,"2026-02-15",1908,"N20","nominal","2.0NRT",299.27,4.2,"N"
"13043",21.10199,96.21342,331.17,0.4,0.37,"2026-02-15",1908,"N20","nominal","2.0NRT",296.07,1.63,"N"
"13044",21.10432,96.19726,316.61,0.4,0.37,"2026-02-15",1908,"N20","nominal","2.0NRT",295.6,2.6,"N"
"13045",21.10316,96.20528,316.19,0.4,0.37,"2026-02-15",1908,"N20","nominal","2.0NRT",296.03,4.2,"N"
"13046",21.10139,96.21755,312.84,0.4,0.37,"2026-02-15",1908,"N20","nominal","2.0NRT",293.82,1.63,"N"
"13047",20.98135,97.02165,303.16,0.39,0.36,"2026-02-15",1908,"N20","nominal","2.0NRT",280.41,0.89,"N"
"13048",21.09803,96.21694,331.61,0.4,0.37,"2026-02-15",1908,"N20","nominal","2.0NRT",295.73,3.16,"N"
"13049",21.10095,96.19675,309.43,0.4,0.37,"2026-02-15",1908,"N20","nominal","2.0NRT",293.92,1.98,"N"
"13050",21.09979,96.20471,317.2,0.4,0.37,"2026-02-15",1908,"N20","nominal","2.0NRT",296.06,1.57,"N"
"13051",21.09921,96.20877,309.74,0.4,0.37,"2026-02-15",1908,"N20","nominal","2.0NRT",295.23,1.57,"N"
"13052",21.07557,96.36958,302.52,0.4,0.37,"2026-02-15",1908,"N20","nominal","2.0NRT",290.5,0.52,"N"
"13053",21.07094,96.40134,306.64,0.4,0.37,"2026-02-15",1908,"N20","nominal","2.0NRT",292.04,1.08,"N"
"13054",20.97522,97.0397,297.49,0.39,0.36,"2026-02-15",1908,"N20","nominal","2.0NRT",280.89,0.49,"N"
"13055",21.09642,96.20415,325.79,0.4,0.37,"2026-02-15",1908,"N20","nominal","2.0NRT",296.48,1.57,"N"
"13056",21.09466,96.21632,330.87,0.4,0.37,"2026-02-15",1908,"N20","nominal","2.0NRT",295.05,3.16,"N"
"13057",21.09814,96.19232,312.11,0.4,0.37,"2026-02-15",1908,"N20","nominal","2.0NRT",295.14,2.2,"N"
"13058",21.09407,96.22041,306.6,0.4,0.37,"2026-02-15",1908,"N20","nominal","2.0NRT",293.51,0.76,"N"
"13059",21.09349,96.22444,304.16,0.4,0.37,"2026-02-15",1908,"N20","nominal","2.0NRT",291.87,0.76,"N"
"13060",21.07221,96.36906,306.9,0.4,0.37,"2026-02-15",1908,"N20","nominal","2.0NRT",291.5,0.52,"N"
"13061",20.97191,97.03913,296.56,0.39,0.36,"2026-02-15",1908,"N20","nominal","2.0NRT",281.19,0.49,"N"
"13062",21.09734,96.18908,321.09,0.4,0.37,"2026-02-15",1908,"N20","nominal","2.0NRT",295.86,1.61,"N"
"13063",21.09675,96.19305,307.41,0.4,0.37,"2026-02-15",1908,"N20","nominal","2.0NRT",293.56,1.61,"N"
"13064",21.09616,96.197,310.85,0.4,0.37,"2026-02-15",1908,"N20","nominal","2.0NRT",293.57,1.16,"N"
"13065",21.09557,96.20089,310.04,0.4,0.37,"2026-02-15",1908,"N20","nominal","2.0NRT",292.73,1.16,"N"
"13066",21.09498,96.20483,314.34,0.4,0.37,"2026-02-15",1908,"N20","nominal","2.0NRT",295.95,1.54,"N"
"13067",21.09255,96.22102,312.47,0.4,0.37,"2026-02-15",1908,"N20","nominal","2.0NRT",293.81,1.62,"N"
"13068",21.07032,96.36957,315.67,0.4,0.37,"2026-02-15",1908,"N20","nominal","2.0NRT",292.02,0.81,"N"
"13069",21.06698,96.36895,302.05,0.4,0.37,"2026-02-15",1908,"N20","nominal","2.0NRT",289.87,0.81,"N"
"13070",21.09059,96.18799,337.24,0.4,0.37,"2026-02-15",1908,"N20","nominal","2.0NRT",298.62,2.35,"N"
"13071",21.08408,96.23148,316.93,0.4,0.37,"2026-02-15",1908,"N20","nominal","2.0NRT",293.53,4.21,"N"
"13072",21.08075,96.23071,341.51,0.4,0.37,"2026-02-15",1908,"N20","nominal","2.0NRT",296.6,4.21,"N"
"13073",21.35728,94.30587,304.52,0.48,0.4,"2026-02-15",1908,"N20","nominal","2.0NRT",292.17,1.11,"N"
"13074",21.08721,96.18742,310.19,0.4,0.37,"2026-02-15",1908,"N20","nominal","2.0NRT",294.63,2.35,"N"
"13075",21.08018,96.23453,309.49,0.4,0.37,"2026-02-15",1908,"N20","nominal","2.0NRT",293.3,3.14,"N"
"13076",19.96352,102.91232,307.95,0.39,0.44,"2026-02-15",1908,"N20","nominal","2.0NRT",285.92,1.2,"N"
"13077",19.96284,102.91598,314.37,0.39,0.44,"2026-02-15",1908,"N20","nominal","2.0NRT",285.77,1.2,"N"
"13078",21.07741,96.22996,330.45,0.4,0.37,"2026-02-15",1908,"N20","nominal","2.0NRT",294.85,2.16,"N"
"13079",21.07407,96.22921,316.21,0.4,0.37,"2026-02-15",1908,"N20","nominal","2.0NRT",291.6,2.16,"N"
"13080",20.65852,98.86504,299.72,0.39,0.36,"2026-02-15",1908,"N20","nominal","2.0NRT",288.31,0.53,"N"
"13081",21.06621,96.23567,324.93,0.4,0.37,"2026-02-15",1908,"N20","nominal","2.0NRT",293.6,1.62,"N"
"13082",21.04045,96.40816,344.63,0.4,0.37,"2026-02-15",1908,"N20","nominal","2.0NRT",297.45,5.65,"N"
"13083",21.06679,96.23174,307.21,0.4,0.37,"2026-02-15",1908,"N20","nominal","2.0NRT",291.37,1.62,"N"
"13084",21.06563,96.23953,310.57,0.4,0.37,"2026-02-15",1908,"N20","nominal","2.0NRT",291.84,1.47,"N"
"13085",20.70885,98.535,301.91,0.39,0.36,"2026-02-15",1908,"N20","nominal","2.0NRT",289.05,0.87,"N"
"13086",21.06227,96.2389,322.65,0.4,0.37,"2026-02-15",1908,"N20","nominal","2.0NRT",293.61,1.31,"N"
"13087",21.06343,96.23113,308.36,0.4,0.37,"2026-02-15",1908,"N20","nominal","2.0NRT",290.3,1.63,"N"
"13088",21.0371,96.40757,311.36,0.4,0.37,"2026-02-15",1908,"N20","nominal","2.0NRT",293.84,1.66,"N"
"13089",21.05949,96.2344,313.82,0.4,0.37,"2026-02-15",1908,"N20","nominal","2.0NRT",292.06,1.63,"N"
"13090",21.05892,96.23825,301.86,0.4,0.37,"2026-02-15",1908,"N20","nominal","2.0NRT",289.15,1.31,"N"
"13091",20.50111,99.74925,302.35,0.41,0.37,"2026-02-15",1908,"N20","nominal","2.0NRT",286.44,0.29,"N"
"13092",22.05713,88.12373,309.48,0.38,0.59,"2026-02-15",1908,"N20","nominal","2.0NRT",293.18,2.03,"N"
"13093",21.05614,96.23376,316.99,0.4,0.37,"2026-02-15",1908,"N20","nominal","2.0NRT",288.08,1.38,"N"
"13094",21.05556,96.2376,300.32,0.4,0.37,"2026-02-15",1908,"N20","nominal","2.0NRT",286.54,0.5,"N"
"13095",21.11091,95.79027,302.27,0.41,0.37,"2026-02-15",1908,"N20","nominal","2.0NRT",285.94,0.53,"N"
"13096",21.30858,94.3349,303.13,0.47,0.4,"2026-02-15",1908,"N20","nominal","2.0NRT",292.8,0.74,"N"
"13097",20.91779,97.03796,304.06,0.39,0.36,"2026-02-15",1908,"N20","nominal","2.0NRT",283.65,0.61,"N"
"13098",21.00863,96.41414,309.26,0.4,0.37,"2026-02-15",1908,"N20","nominal","2.0NRT",290.57,0.96,"N"
"13099",20.85201,97.44219,296.94,0.38,0.36,"2026-02-15",1908,"N20","nominal","2.0NRT",284.91,0.81,"N"
"13100",20.74136,98.07996,302.87,0.38,0.36,"2026-02-15",1908,"N20","nominal","2.0NRT",285.71,0.55,"N"
"13101",20.68117,98.41226,307.95,0.39,0.36,"2026-02-15",1908,"N20","nominal","2.0NRT",289.05,0.94,"N"
"13102",20.98581,96.38264,304.43,0.4,0.37,"2026-02-15",1908,"N20","nominal","2.0NRT",290.76,0.69,"N"
"13103",20.98524,96.38649,305.98,0.4,0.37,"2026-02-15",1908,"N20","nominal","2.0NRT",291.56,0.69,"N"
"13104",20.71987,98.08737,328.34,0.38,0.36,"2026-02-15",1908,"N20","nominal","2.0NRT",285.4,2.81,"N"
"13105",20.9819,96.3858,300.63,0.4,0.37,"2026-02-15",1908,"N20","nominal","2.0NRT",287.22,0.69,"N"
"13106",20.69959,98.19287,295.64,0.39,0.36,"2026-02-15",1908,"N20","nominal","2.0NRT",285.42,0.29,"N"
"13107",21.00111,96.20892,314.86,0.4,0.37,"2026-02-15",1908,"N20","nominal","2.0NRT",294,1.29,"N"
"13108",21.00054,96.21286,304.2,0.4,0.37,"2026-02-15",1908,"N20","nominal","2.0NRT",293.99,1.21,"N"
"13109",21.21899,94.5868,307.06,0.46,0.39,"2026-02-15",1908,"N20","nominal","2.0NRT",291.04,1.3,"N"
"13110",20.87667,96.9736,297.22,0.39,0.36,"2026-02-15",1908,"N20","nominal","2.0NRT",280.96,0.52,"N"
"13111",21.21709,94.58813,304.09,0.46,0.39,"2026-02-15",1908,"N20","nominal","2.0NRT",290.87,1.12,"N"
"13112",20.96012,96.24153,317.78,0.4,0.37,"2026-02-15",1908,"N20","nominal","2.0NRT",295.07,1.81,"N"
"13113",20.95673,96.24112,323.59,0.4,0.37,"2026-02-15",1908,"N20","nominal","2.0NRT",297.15,1.81,"N"
"13114",20.95334,96.2407,306.24,0.4,0.37,"2026-02-15",1908,"N20","nominal","2.0NRT",295.03,1.56,"N"
"13115",20.91465,96.47632,303.9,0.4,0.37,"2026-02-15",1908,"N20","nominal","2.0NRT",290.89,1.39,"N"
"13116",20.74864,97.53679,343.71,0.38,0.36,"2026-02-15",1908,"N20","nominal","2.0NRT",289.45,5.65,"N"
"13117",20.91132,96.47569,299.3,0.4,0.37,"2026-02-15",1908,"N20","nominal","2.0NRT",289.15,0.89,"N"
"13118",21.05105,95.50273,344.53,0.42,0.38,"2026-02-15",1908,"N20","nominal","2.0NRT",298,11.16,"N"
"13119",20.94561,96.22309,308.34,0.4,0.37,"2026-02-15",1908,"N20","nominal","2.0NRT",292.56,0.95,"N"
"13120",20.74422,97.54347,307.86,0.38,0.36,"2026-02-15",1908,"N20","nominal","2.0NRT",286.3,2.05,"N"
"13121",20.74365,97.54712,306.73,0.38,0.36,"2026-02-15",1908,"N20","nominal","2.0NRT",284.32,1.34,"N"
"13122",20.7415,97.53924,303.33,0.38,0.36,"2026-02-15",1908,"N20","nominal","2.0NRT",284.75,0.66,"N"
"13123",22.22694,84.74976,304.02,0.64,0.72,"2026-02-15",1908,"N20","nominal","2.0NRT",287.91,2.44,"N"
"13124",20.9013,96.47388,307.14,0.4,0.37,"2026-02-15",1908,"N20","nominal","2.0NRT",291.15,1.06,"N"
"13125",22.22026,84.74923,298.86,0.64,0.72,"2026-02-15",1908,"N20","nominal","2.0NRT",287.27,1.75,"N"
"13126",22.21177,84.86093,302.67,0.63,0.72,"2026-02-15",1908,"N20","nominal","2.0NRT",291.3,2.4,"N"
"13127",20.89853,96.46948,301.55,0.4,0.37,"2026-02-15",1908,"N20","nominal","2.0NRT",290.21,0.73,"N"
"13128",20.8389,96.86432,300.17,0.39,0.36,"2026-02-15",1908,"N20","nominal","2.0NRT",287.58,1.01,"N"
"13129",20.61962,98.2651,311.78,0.39,0.36,"2026-02-15",1908,"N20","nominal","2.0NRT",292.12,0.94,"N"
"13130",20.8946,96.47282,301.54,0.4,0.37,"2026-02-15",1908,"N20","nominal","2.0NRT",289.48,0.73,"N"
"13131",20.60677,98.28175,300.82,0.39,0.36,"2026-02-15",1908,"N20","nominal","2.0NRT",287.66,0.6,"N"
"13132",20.90324,96.34587,300.2,0.4,0.37,"2026-02-15",1908,"N20","nominal","2.0NRT",289.65,0.56,"N"
"13133",20.90965,96.23292,306.54,0.4,0.37,"2026-02-15",1908,"N20","nominal","2.0NRT",295.31,1.46,"N"
"13134",20.90743,96.22453,309.58,0.4,0.37,"2026-02-15",1908,"N20","nominal","2.0NRT",294.17,1.69,"N"
"13135",21.01311,95.47162,310.04,0.42,0.38,"2026-02-15",1908,"N20","nominal","2.0NRT",293.49,1.21,"N"
"13136",20.87914,96.36927,329.61,0.4,0.37,"2026-02-15",1908,"N20","nominal","2.0NRT",293.98,3.31,"N"
"13137",20.86959,96.41049,312.41,0.4,0.37,"2026-02-15",1908,"N20","nominal","2.0NRT",291.21,1.57,"N"
"13138",20.86911,96.39049,308.28,0.4,0.37,"2026-02-15",1908,"N20","nominal","2.0NRT",289.82,1.08,"N"
"13139",20.7908,96.86751,298.26,0.39,0.36,"2026-02-15",1908,"N20","nominal","2.0NRT",285,0.71,"N"
"13140",20.872,96.25455,309.23,0.4,0.37,"2026-02-15",1908,"N20","nominal","2.0NRT",292.85,0.72,"N"
"13141",20.87143,96.25839,305.75,0.4,0.37,"2026-02-15",1908,"N20","nominal","2.0NRT",292.8,0.72,"N"
"13142",20.87016,96.25568,320.67,0.4,0.37,"2026-02-15",1908,"N20","nominal","2.0NRT",293.19,1.62,"N"
"13143",20.85135,96.35805,302.68,0.4,0.37,"2026-02-15",1908,"N20","nominal","2.0NRT",291.74,1.1,"N"
"13144",20.8502,96.36572,314.3,0.4,0.37,"2026-02-15",1908,"N20","nominal","2.0NRT",293.15,2.27,"N"
"13145",20.84963,96.36948,304.02,0.4,0.37,"2026-02-15",1908,"N20","nominal","2.0NRT",290.95,1.48,"N"
"13146",20.86348,96.25431,310.43,0.4,0.37,"2026-02-15",1908,"N20","nominal","2.0NRT",291.47,0.66,"N"
"13147",20.86291,96.25813,307.5,0.4,0.37,"2026-02-15",1908,"N20","nominal","2.0NRT",292.92,0.66,"N"
"13148",20.84685,96.3651,318.24,0.4,0.37,"2026-02-15",1908,"N20","nominal","2.0NRT",293.41,2.12,"N"
"13149",20.84018,96.36382,318.45,0.4,0.37,"2026-02-15",1908,"N20","nominal","2.0NRT",290.13,1.92,"N"
"13150",20.8471,96.29471,303.95,0.4,0.37,"2026-02-15",1908,"N20","nominal","2.0NRT",290.35,0.7,"N"
"13151",20.84654,96.29846,312.97,0.4,0.37,"2026-02-15",1908,"N20","nominal","2.0NRT",289.2,0.73,"N"
"13152",20.85354,96.2286,318.29,0.4,0.37,"2026-02-15",1908,"N20","nominal","2.0NRT",291.66,1.56,"N"
"13153",20.84262,96.30167,312.33,0.4,0.37,"2026-02-15",1908,"N20","nominal","2.0NRT",288.87,1.19,"N"
"13154",20.83634,96.34356,299.9,0.4,0.37,"2026-02-15",1908,"N20","nominal","2.0NRT",287.11,0.99,"N"
"13155",20.83008,96.38531,298.33,0.4,0.37,"2026-02-15",1908,"N20","nominal","2.0NRT",285.73,0.81,"N"
"13156",20.83925,96.30112,306.05,0.4,0.37,"2026-02-15",1908,"N20","nominal","2.0NRT",288.59,1.19,"N"
"13157",20.83645,96.29686,310.14,0.4,0.37,"2026-02-15",1908,"N20","nominal","2.0NRT",291.15,0.95,"N"
"13158",21.11538,94.32915,314.26,0.47,0.4,"2026-02-15",1908,"N20","nominal","2.0NRT",291.56,2.22,"N"
"13159",20.83309,96.29631,302.41,0.4,0.37,"2026-02-15",1908,"N20","nominal","2.0NRT",291.58,0.95,"N"
"13160",20.82917,96.29948,302.12,0.4,0.37,"2026-02-15",1908,"N20","nominal","2.0NRT",289.56,1.79,"N"
"13161",20.53861,98.17622,300.6,0.39,0.36,"2026-02-15",1908,"N20","nominal","2.0NRT",287.95,0.6,"N"
"13162",20.47697,98.55821,307.74,0.39,0.36,"2026-02-15",1908,"N20","nominal","2.0NRT",285.62,0.5,"N"
"13163",20.8269,96.2916,307.59,0.4,0.37,"2026-02-15",1908,"N20","nominal","2.0NRT",292.67,1.15,"N"
"13164",21.10692,94.30957,313.04,0.47,0.4,"2026-02-15",1908,"N20","nominal","2.0NRT",291.86,1.32,"N"
"13165",21.10628,94.31421,303.87,0.47,0.4,"2026-02-15",1908,"N20","nominal","2.0NRT",292.98,1.32,"N"
"13166",20.82301,96.29464,317.33,0.4,0.37,"2026-02-15",1908,"N20","nominal","2.0NRT",292.32,1.29,"N"
"13167",20.80998,96.38187,304.95,0.4,0.37,"2026-02-15",1908,"N20","nominal","2.0NRT",286.89,0.6,"N"
"13168",20.53085,98.18236,302.62,0.39,0.36,"2026-02-15",1908,"N20","nominal","2.0NRT",290.11,1.23,"N"
"13169",20.81965,96.29406,315.13,0.4,0.37,"2026-02-15",1908,"N20","nominal","2.0NRT",291.15,1.29,"N"
"13170",20.81684,96.2898,324.95,0.4,0.37,"2026-02-15",1908,"N20","nominal","2.0NRT",293.49,2.43,"N"
"13171",20.83005,96.20095,311.56,0.4,0.37,"2026-02-15",1908,"N20","nominal","2.0NRT",287.36,0.91,"N"
"13172",20.82198,96.25528,306.7,0.4,0.37,"2026-02-15",1908,"N20","nominal","2.0NRT",294.99,1.19,"N"
"13173",20.8163,96.29347,305.03,0.4,0.37,"2026-02-15",1908,"N20","nominal","2.0NRT",290.95,1.42,"N"
"13174",20.65184,97.35204,325.38,0.39,0.36,"2026-02-15",1908,"N20","nominal","2.0NRT",282.53,1.92,"N"
"13175",20.79022,96.44508,312.81,0.4,0.37,"2026-02-15",1908,"N20","nominal","2.0NRT",291.6,1.56,"N"
"13176",20.7818,96.4784,301.41,0.4,0.37,"2026-02-15",1908,"N20","nominal","2.0NRT",290.79,0.93,"N"
"13177",20.64856,97.35145,295.46,0.39,0.36,"2026-02-15",1908,"N20","nominal","2.0NRT",282.02,0.35,"N"
"13178",20.7802,96.42036,304.63,0.4,0.37,"2026-02-15",1908,"N20","nominal","2.0NRT",290.58,0.6,"N"
"13179",20.76339,96.48689,303.2,0.4,0.37,"2026-02-15",1908,"N20","nominal","2.0NRT",289.58,0.73,"N"
"13180",20.77018,96.41856,302.15,0.4,0.37,"2026-02-15",1908,"N20","nominal","2.0NRT",290.28,0.89,"N"
"13181",20.7738,96.27821,310.66,0.4,0.37,"2026-02-15",1908,"N20","nominal","2.0NRT",289.43,0.63,"N"
"13182",19.80292,102.05798,313.77,0.53,0.42,"2026-02-15",1908,"N20","nominal","2.0NRT",290.11,1.59,"N"
"13183",20.77501,96.22316,317.95,0.4,0.37,"2026-02-15",1908,"N20","nominal","2.0NRT",291.92,1.46,"N"
"13184",20.77445,96.22703,317.02,0.4,0.37,"2026-02-15",1908,"N20","nominal","2.0NRT",292.66,1.46,"N"
"13185",20.76879,96.26546,307.24,0.4,0.37,"2026-02-15",1908,"N20","nominal","2.0NRT",291.46,1.37,"N"
"13186",20.74683,96.39079,297.58,0.4,0.37,"2026-02-15",1908,"N20","nominal","2.0NRT",287.49,0.61,"N"
"13187",20.48688,98.07655,310.58,0.38,0.36,"2026-02-15",1908,"N20","nominal","2.0NRT",293.04,1.09,"N"
"13188",20.48416,98.07236,307.46,0.38,0.36,"2026-02-15",1908,"N20","nominal","2.0NRT",289.95,1.09,"N"
"13189",20.75161,96.29842,301.51,0.4,0.37,"2026-02-15",1908,"N20","nominal","2.0NRT",287.79,0.51,"N"
"13190",20.65004,96.96624,299.64,0.39,0.36,"2026-02-15",1908,"N20","nominal","2.0NRT",283.37,0.71,"N"
"13191",20.64889,96.97369,302.56,0.39,0.36,"2026-02-15",1908,"N20","nominal","2.0NRT",282.84,0.62,"N"
"13192",20.64832,96.97742,307.97,0.39,0.36,"2026-02-15",1908,"N20","nominal","2.0NRT",283.64,0.62,"N"
"13193",19.79957,102.05965,314.78,0.53,0.42,"2026-02-15",1908,"N20","nominal","2.0NRT",288.74,2.18,"N"
"13194",20.73508,96.38541,302.52,0.4,0.37,"2026-02-15",1908,"N20","nominal","2.0NRT",291.52,1.25,"N"
"13195",20.72699,96.43894,302.1,0.4,0.37,"2026-02-15",1908,"N20","nominal","2.0NRT",291.31,1.07,"N"
"13196",20.72583,96.44665,303.5,0.4,0.37,"2026-02-15",1908,"N20","nominal","2.0NRT",292.31,1.03,"N"
"13197",20.72367,96.43829,319.75,0.4,0.37,"2026-02-15",1908,"N20","nominal","2.0NRT",293.77,1.07,"N"
"13198",20.9342,94.97962,311.4,0.44,0.38,"2026-02-15",1908,"N20","nominal","2.0NRT",287.93,1.62,"N"
"13199",20.86643,95.42626,301.1,0.42,0.38,"2026-02-15",1908,"N20","nominal","2.0NRT",288.33,0.71,"N"
"13200",20.63508,96.9752,314.71,0.39,0.36,"2026-02-15",1908,"N20","nominal","2.0NRT",283.16,1.85,"N"
"13201",20.72001,96.37141,316.43,0.4,0.37,"2026-02-15",1908,"N20","nominal","2.0NRT",291.78,2.67,"N"
"13202",20.71951,96.35184,301.87,0.4,0.37,"2026-02-15",1908,"N20","nominal","2.0NRT",290.35,1.27,"N"
"13203",20.71559,96.35509,304.65,0.4,0.37,"2026-02-15",1908,"N20","nominal","2.0NRT",291.24,0.86,"N"
"13204",20.56004,97.35088,318.66,0.39,0.36,"2026-02-15",1908,"N20","nominal","2.0NRT",282.92,1.39,"N"
"13205",20.55947,97.35451,310.43,0.39,0.36,"2026-02-15",1908,"N20","nominal","2.0NRT",283.16,1.39,"N"
"13206",20.71403,96.31962,302.93,0.4,0.37,"2026-02-15",1908,"N20","nominal","2.0NRT",286.82,0.85,"N"
"13207",21.97331,85.31197,298.87,0.58,0.7,"2026-02-15",1908,"N20","nominal","2.0NRT",284.5,0.59,"N"
"13208",20.84231,95.39729,301.23,0.42,0.38,"2026-02-15",1908,"N20","nominal","2.0NRT",289.4,0.59,"N"
"13209",20.71084,96.24871,321.66,0.4,0.37,"2026-02-15",1908,"N20","nominal","2.0NRT",295.31,2.04,"N"
"13210",20.78687,95.73198,311.5,0.41,0.37,"2026-02-15",1908,"N20","nominal","2.0NRT",290.16,1.1,"N"
"13211",20.71201,96.24082,309.7,0.4,0.37,"2026-02-15",1908,"N20","nominal","2.0NRT",293.02,1.13,"N"
"13212",20.70515,96.28692,308.37,0.4,0.37,"2026-02-15",1908,"N20","nominal","2.0NRT",287.96,0.54,"N"
"13213",20.70458,96.29076,310.25,0.4,0.37,"2026-02-15",1908,"N20","nominal","2.0NRT",292.02,1.11,"N"
"13214",20.70401,96.29462,303.99,0.4,0.37,"2026-02-15",1908,"N20","nominal","2.0NRT",291.1,1.11,"N"
"13215",20.43434,98.04091,303.83,0.38,0.36,"2026-02-15",1908,"N20","nominal","2.0NRT",291.78,0.94,"N"
"13216",20.70866,96.2402,304.48,0.4,0.37,"2026-02-15",1908,"N20","nominal","2.0NRT",292.59,1.02,"N"
"13217",20.70122,96.29021,304.66,0.4,0.37,"2026-02-15",1908,"N20","nominal","2.0NRT",292.58,0.96,"N"
"13218",20.43105,98.04033,312.69,0.38,0.36,"2026-02-15",1908,"N20","nominal","2.0NRT",292.85,1.16,"N"
"13219",22.06646,83.70116,299.28,0.74,0.76,"2026-02-15",1908,"N20","nominal","2.0NRT",285.18,0.77,"N"
"13220",20.69786,96.28966,303.11,0.4,0.37,"2026-02-15",1908,"N20","nominal","2.0NRT",291.54,0.96,"N"
"13221",20.67636,96.43371,299,0.4,0.37,"2026-02-15",1908,"N20","nominal","2.0NRT",288.56,1.64,"N"
"13222",20.42542,98.0544,312.06,0.38,0.36,"2026-02-15",1908,"N20","nominal","2.0NRT",291.27,0.98,"N"
"13223",20.7749,95.74216,301.66,0.41,0.37,"2026-02-15",1908,"N20","nominal","2.0NRT",290.66,0.5,"N"
"13224",20.42563,98.03188,303.85,0.38,0.36,"2026-02-15",1908,"N20","nominal","2.0NRT",291.42,0.76,"N"
"13225",20.5418,97.27238,305.01,0.39,0.36,"2026-02-15",1908,"N20","nominal","2.0NRT",286.95,0.5,"N"
"13226",20.42234,98.0313,308.02,0.38,0.36,"2026-02-15",1908,"N20","nominal","2.0NRT",291.82,0.76,"N"
"13227",20.42175,98.03495,305.36,0.38,0.36,"2026-02-15",1908,"N20","nominal","2.0NRT",291.62,0.76,"N"
"13228",22.04378,83.72108,297.53,0.74,0.76,"2026-02-15",1908,"N20","nominal","2.0NRT",286.32,3.06,"N"
"13229",22.0433,83.72819,316.9,0.74,0.76,"2026-02-15",1908,"N20","nominal","2.0NRT",291.24,3.06,"N"
"13230",22.04281,83.7354,313.22,0.74,0.76,"2026-02-15",1908,"N20","nominal","2.0NRT",293.03,5.57,"N"
"13231",20.41846,98.03438,312.94,0.38,0.36,"2026-02-15",1908,"N20","nominal","2.0NRT",291.07,1.07,"N"
"13232",20.41788,98.03802,305.01,0.38,0.36,"2026-02-15",1908,"N20","nominal","2.0NRT",290.18,0.85,"N"
"13233",20.41612,98.049,314.48,0.38,0.36,"2026-02-15",1908,"N20","nominal","2.0NRT",289.44,1.46,"N"
"13234",21.92838,85.22086,312.11,0.59,0.7,"2026-02-15",1908,"N20","nominal","2.0NRT",288.46,3.71,"N"
"13235",20.68616,96.27583,318.34,0.4,0.37,"2026-02-15",1908,"N20","nominal","2.0NRT",294.59,2.06,"N"
"13236",20.41517,98.0338,311.01,0.38,0.36,"2026-02-15",1908,"N20","nominal","2.0NRT",290.24,1.07,"N"
"13237",20.41458,98.03745,308.85,0.38,0.36,"2026-02-15",1908,"N20","nominal","2.0NRT",290.09,0.85,"N"
"13238",20.6828,96.27528,332.73,0.4,0.37,"2026-02-15",1908,"N20","nominal","2.0NRT",293.75,2.94,"N"
"13239",20.67314,96.34038,300.01,0.4,0.37,"2026-02-15",1908,"N20","nominal","2.0NRT",289.46,0.49,"N"
"13240",20.7362,95.88835,303.56,0.41,0.37,"2026-02-15",1908,"N20","nominal","2.0NRT",286.71,0.28,"N"
"13241",20.41677,97.98144,308.04,0.38,0.36,"2026-02-15",1908,"N20","nominal","2.0NRT",292.18,0.68,"N"
"13242",20.26156,98.9356,305.9,0.4,0.37,"2026-02-15",1908,"N20","nominal","2.0NRT",288.62,0.91,"N"
"13243",20.40646,98.02473,329.02,0.38,0.36,"2026-02-15",1908,"N20","nominal","2.0NRT",291.3,1.9,"N"
"13244",22.03988,83.34496,302.33,0.78,0.78,"2026-02-15",1908,"N20","nominal","2.0NRT",286.42,4.01,"N"
"13245",22.03172,83.35936,304.2,0.78,0.78,"2026-02-15",1908,"N20","nominal","2.0NRT",288.8,3.1,"N"
"13246",20.64846,96.43692,301.79,0.4,0.37,"2026-02-15",1908,"N20","nominal","2.0NRT",290.5,0.27,"N"
"13247",20.40317,98.02415,312.95,0.38,0.36,"2026-02-15",1908,"N20","nominal","2.0NRT",288.21,1.9,"N"
"13248",20.74588,95.7495,306.51,0.41,0.37,"2026-02-15",1908,"N20","nominal","2.0NRT",290.73,0.9,"N"
"13249",20.64511,96.43639,312.68,0.4,0.37,"2026-02-15",1908,"N20","nominal","2.0NRT",290.14,1.05,"N"
"13250",20.40806,97.9724,299.69,0.38,0.36,"2026-02-15",1908,"N20","nominal","2.0NRT",289.65,0.28,"N"
"13251",20.26334,98.8628,306.55,0.39,0.36,"2026-02-15",1908,"N20","nominal","2.0NRT",289.71,0.9,"N"
"13252",20.65864,96.32239,300.97,0.4,0.37,"2026-02-15",1908,"N20","nominal","2.0NRT",289.39,0.44,"N"
"13253",20.63609,96.47401,304.77,0.4,0.37,"2026-02-15",1908,"N20","nominal","2.0NRT",292.99,0.79,"N"
"13254",20.67004,96.22175,318.09,0.4,0.37,"2026-02-15",1908,"N20","nominal","2.0NRT",290.81,2.29,"N"
"13255",20.63277,96.47335,305.12,0.4,0.37,"2026-02-15",1908,"N20","nominal","2.0NRT",291.85,1.07,"N"
"13256",20.63161,96.48122,302.84,0.4,0.37,"2026-02-15",1908,"N20","nominal","2.0NRT",289.59,0.59,"N"
"13257",20.39681,98.00045,307.58,0.38,0.36,"2026-02-15",1908,"N20","nominal","2.0NRT",290.18,1.07,"N"
"13258",20.25667,98.86166,304.91,0.39,0.36,"2026-02-15",1908,"N20","nominal","2.0NRT",288.19,0.77,"N"
"13259",20.25608,98.8653,304.33,0.39,0.36,"2026-02-15",1908,"N20","nominal","2.0NRT",289.16,0.76,"N"
"13260",20.26202,98.80874,316.46,0.39,0.36,"2026-02-15",1908,"N20","nominal","2.0NRT",291.04,1.69,"N"
"13261",20.39081,97.99564,302.69,0.38,0.36,"2026-02-15",1908,"N20","nominal","2.0NRT",289.92,0.79,"N"
"13262",20.25868,98.8082,300.72,0.39,0.36,"2026-02-15",1908,"N20","nominal","2.0NRT",288.45,0.2,"N"
"13263",20.25805,98.81199,299.92,0.39,0.36,"2026-02-15",1908,"N20","nominal","2.0NRT",288.8,0.32,"N"
"13264",20.23519,98.89235,303.9,0.39,0.37,"2026-02-15",1908,"N20","nominal","2.0NRT",290.85,1.2,"N"
"13265",20.35632,98.10249,303.4,0.39,0.36,"2026-02-15",1908,"N20","nominal","2.0NRT",291.15,0.89,"N"
"13266",21.93453,85.22156,298.05,0.59,0.7,"2026-02-15",1908,"N20","nominal","2.0NRT",285.99,1.72,"N"
"13267",22.04612,83.72269,302.07,0.74,0.76,"2026-02-15",1908,"N20","nominal","2.0NRT",286.5,2.38,"N"
"13268",22.0456,83.7298,310.71,0.74,0.76,"2026-02-15",1908,"N20","nominal","2.0NRT",290.65,2.97,"N"
"13269",22.04506,83.73697,310.01,0.73,0.76,"2026-02-15",1908,"N20","nominal","2.0NRT",293.17,2.97,"N"
"13270",21.92808,85.22064,311.45,0.59,0.7,"2026-02-15",1908,"N20","nominal","2.0NRT",287.95,1.72,"N"
"13271",22.03853,83.72934,300.04,0.74,0.76,"2026-02-15",1908,"N20","nominal","2.0NRT",288.53,2.41,"N"
"13272",20.88771,94.411,298.71,0.47,0.39,"2026-02-15",1908,"N20","nominal","2.0NRT",286.51,0.67,"N"
"13273",22.03735,83.34673,302.17,0.78,0.78,"2026-02-15",1908,"N20","nominal","2.0NRT",286.73,0.99,"N"
"13274",22.03681,83.35437,299.98,0.78,0.78,"2026-02-15",1908,"N20","nominal","2.0NRT",289.47,1.96,"N"
"13275",22.03629,83.36176,304.9,0.78,0.78,"2026-02-15",1908,"N20","nominal","2.0NRT",289.46,1.96,"N"
"13276",20.35834,97.94141,314.84,0.38,0.36,"2026-02-15",1908,"N20","nominal","2.0NRT",291.66,1.1,"N"
"13277",20.35776,97.94505,304.83,0.38,0.36,"2026-02-15",1908,"N20","nominal","2.0NRT",290.74,0.95,"N"
"13278",20.35505,97.94081,313.4,0.38,0.36,"2026-02-15",1908,"N20","nominal","2.0NRT",291.71,1.1,"N"
"13279",20.75327,95.28774,310.62,0.43,0.38,"2026-02-15",1908,"N20","nominal","2.0NRT",291.29,2.52,"N"
"13280",20.43109,97.43742,304.7,0.38,0.36,"2026-02-15",1908,"N20","nominal","2.0NRT",286.96,0.91,"N"
"13281",20.74922,95.29125,309.68,0.43,0.38,"2026-02-15",1908,"N20","nominal","2.0NRT",292.78,2.2,"N"
"13282",20.4278,97.43684,307.94,0.38,0.36,"2026-02-15",1908,"N20","nominal","2.0NRT",287.18,0.91,"N"
"13283",20.74634,95.28656,305.34,0.43,0.38,"2026-02-15",1908,"N20","nominal","2.0NRT",290.03,0.89,"N"
"13284",20.3475,97.92445,312.36,0.38,0.36,"2026-02-15",1908,"N20","nominal","2.0NRT",291.79,1.37,"N"
"13285",20.18402,98.89101,308.38,0.39,0.37,"2026-02-15",1908,"N20","nominal","2.0NRT",289.87,1.07,"N"
"13286",20.3355,97.91484,309.75,0.38,0.36,"2026-02-15",1908,"N20","nominal","2.0NRT",289.55,0.57,"N"
"13287",20.58811,96.25186,311.23,0.4,0.37,"2026-02-15",1908,"N20","nominal","2.0NRT",289.31,0.69,"N"
"13288",20.58361,96.25897,319.4,0.4,0.37,"2026-02-15",1908,"N20","nominal","2.0NRT",291.62,1.45,"N"
"13289",20.58025,96.25845,314.01,0.4,0.37,"2026-02-15",1908,"N20","nominal","2.0NRT",291.03,1.45,"N"
"13290",20.63019,95.89585,304.34,0.41,0.37,"2026-02-15",1908,"N20","nominal","2.0NRT",291.96,0.5,"N"
"13291",20.57688,96.258,304.06,0.4,0.37,"2026-02-15",1908,"N20","nominal","2.0NRT",292.31,0.89,"N"
"13292",20.56623,96.26022,344.11,0.4,0.37,"2026-02-15",1908,"N20","nominal","2.0NRT",298.6,2.84,"N"
"13293",21.92942,83.33583,309.6,0.78,0.78,"2026-02-15",1908,"N20","nominal","2.0NRT",293.52,3.14,"N"
"13294",20.5668,96.25639,307.72,0.4,0.37,"2026-02-15",1908,"N20","nominal","2.0NRT",294.3,2.03,"N"
"13295",20.56566,96.26406,309.68,0.4,0.37,"2026-02-15",1908,"N20","nominal","2.0NRT",295.64,2.84,"N"
"13296",21.92173,83.34284,306.25,0.78,0.78,"2026-02-15",1908,"N20","nominal","2.0NRT",291.82,2.03,"N"
"13297",21.92124,83.35052,306.89,0.78,0.78,"2026-02-15",1908,"N20","nominal","2.0NRT",294.66,2.03,"N"
"13298",20.56289,96.25957,318.51,0.4,0.37,"2026-02-15",1908,"N20","nominal","2.0NRT",295.34,2.23,"N"
"13299",20.30803,97.91742,303.45,0.38,0.36,"2026-02-15",1908,"N20","nominal","2.0NRT",290.64,0.66,"N"
"13300",20.30161,97.95757,300.49,0.38,0.36,"2026-02-15",1908,"N20","nominal","2.0NRT",289.3,0.35,"N"
"13301",20.69489,95.32401,301.22,0.43,0.38,"2026-02-15",1908,"N20","nominal","2.0NRT",288.58,0.7,"N"
"13302",20.30357,97.92413,312.72,0.38,0.36,"2026-02-15",1908,"N20","nominal","2.0NRT",291.36,0.98,"N"
"13303",20.30124,97.93873,311.66,0.38,0.36,"2026-02-15",1908,"N20","nominal","2.0NRT",291.01,1.08,"N"
"13304",20.29853,97.93449,304.9,0.38,0.36,"2026-02-15",1908,"N20","nominal","2.0NRT",291.06,0.98,"N"
"13305",20.29795,97.93814,311.24,0.38,0.36,"2026-02-15",1908,"N20","nominal","2.0NRT",290.2,0.98,"N"
"13306",20.47011,96.8105,299.96,0.39,0.36,"2026-02-15",1908,"N20","nominal","2.0NRT",285.48,0.53,"N"
"13307",20.29699,97.92296,309.37,0.38,0.36,"2026-02-15",1908,"N20","nominal","2.0NRT",290.8,1.13,"N"
"13308",20.29524,97.9339,315.52,0.38,0.36,"2026-02-15",1908,"N20","nominal","2.0NRT",291.42,0.98,"N"
"13309",20.29894,97.88954,302.07,0.38,0.36,"2026-02-15",1908,"N20","nominal","2.0NRT",291.97,0.78,"N"
"13310",20.29311,97.92603,301.81,0.38,0.36,"2026-02-15",1908,"N20","nominal","2.0NRT",289.44,0.59,"N"
"13311",20.43174,96.99366,304.27,0.39,0.36,"2026-02-15",1908,"N20","nominal","2.0NRT",285.99,1.07,"N"
"13312",20.42901,96.98937,316.55,0.39,0.36,"2026-02-15",1908,"N20","nominal","2.0NRT",285.39,1.07,"N"
"13313",20.53114,96.2742,317.38,0.4,0.37,"2026-02-15",1908,"N20","nominal","2.0NRT",295.4,1.89,"N"
"13314",20.45695,96.76324,297.67,0.39,0.36,"2026-02-15",1908,"N20","nominal","2.0NRT",282.95,0.36,"N"
"13315",20.80018,94.39452,309.31,0.47,0.39,"2026-02-15",1908,"N20","nominal","2.0NRT",291.06,1.29,"N"
"13316",20.79596,94.39832,303.42,0.47,0.39,"2026-02-15",1908,"N20","nominal","2.0NRT",290.63,1.29,"N"
"13317",20.27231,97.90364,299.37,0.38,0.36,"2026-02-15",1908,"N20","nominal","2.0NRT",287.15,0.25,"N"
"13318",20.27192,97.8848,301.89,0.38,0.36,"2026-02-15",1908,"N20","nominal","2.0NRT",290.25,0.52,"N"
"13319",20.26902,97.90305,313.36,0.38,0.36,"2026-02-15",1908,"N20","nominal","2.0NRT",289.79,1.25,"N"
"13320",19.59844,101.85535,303.25,0.52,0.42,"2026-02-15",1908,"N20","nominal","2.0NRT",289.44,0.64,"N"
"13321",20.15308,98.56027,308.23,0.39,0.36,"2026-02-15",1908,"N20","nominal","2.0NRT",291.21,0.98,"N"
"13322",20.14975,98.55978,310.75,0.39,0.36,"2026-02-15",1908,"N20","nominal","2.0NRT",291.91,1.2,"N"
"13323",21.92675,83.33527,309.61,0.78,0.78,"2026-02-15",1908,"N20","nominal","2.0NRT",292.82,2.7,"N"
"13324",21.92621,83.34302,305.17,0.78,0.78,"2026-02-15",1908,"N20","nominal","2.0NRT",292.54,2.7,"N"
"13325",21.92567,83.35071,305.25,0.78,0.78,"2026-02-15",1908,"N20","nominal","2.0NRT",293.47,3.02,"N"
"13326",20.37673,97.10851,301.19,0.39,0.36,"2026-02-15",1908,"N20","nominal","2.0NRT",283.36,0.74,"N"
"13327",20.77188,94.38557,301.04,0.47,0.39,"2026-02-15",1908,"N20","nominal","2.0NRT",288.6,0.98,"N"
"13328",20.13916,98.56207,301.06,0.39,0.36,"2026-02-15",1908,"N20","nominal","2.0NRT",290.61,0.29,"N"
"13329",21.88286,83.55139,303.92,0.75,0.77,"2026-02-15",1908,"N20","nominal","2.0NRT",287.46,2.83,"N"
"13330",20.24812,97.84303,308.89,0.38,0.36,"2026-02-15",1908,"N20","nominal","2.0NRT",292.44,1.07,"N"
"13331",21.87989,83.4908,297.57,0.76,0.77,"2026-02-15",1908,"N20","nominal","2.0NRT",287.57,0.98,"N"
"13332",21.84537,83.98035,299.5,0.71,0.75,"2026-02-15",1908,"N20","nominal","2.0NRT",288.36,1.26,"N"
"13333",20.75499,94.40101,298.91,0.47,0.39,"2026-02-15",1908,"N20","nominal","2.0NRT",287.33,0.26,"N"
"13334",20.75437,94.40547,302.78,0.46,0.39,"2026-02-15",1908,"N20","nominal","2.0NRT",292.02,0.98,"N"
"13335",20.47347,96.31511,307.17,0.4,0.37,"2026-02-15",1908,"N20","nominal","2.0NRT",292.95,1.03,"N"
"13336",20.23767,97.84495,302.7,0.38,0.36,"2026-02-15",1908,"N20","nominal","2.0NRT",291.65,1.33,"N"
"13337",19.7698,100.63921,306.86,0.45,0.39,"2026-02-15",1908,"N20","nominal","2.0NRT",291.77,1.51,"N"
"13338",21.82356,83.99214,305.48,0.7,0.75,"2026-02-15",1908,"N20","nominal","2.0NRT",288.54,1.34,"N"
"13339",20.4735,96.2919,308.04,0.4,0.37,"2026-02-15",1908,"N20","nominal","2.0NRT",295.09,2.05,"N"
"13340",20.38933,96.84991,304.26,0.39,0.36,"2026-02-15",1908,"N20","nominal","2.0NRT",284.98,0.96,"N"
"13341",20.47303,96.27191,317.03,0.4,0.37,"2026-02-15",1908,"N20","nominal","2.0NRT",292.1,2.02,"N"
"13342",20.47074,96.28735,305.66,0.4,0.37,"2026-02-15",1908,"N20","nominal","2.0NRT",294.05,0.89,"N"
"13343",20.23166,97.84014,308.97,0.38,0.36,"2026-02-15",1908,"N20","nominal","2.0NRT",289.13,1.04,"N"
"13344",20.73995,94.37608,307.77,0.47,0.39,"2026-02-15",1908,"N20","nominal","2.0NRT",291.13,1.47,"N"
"13345",20.23301,97.81037,311.89,0.38,0.36,"2026-02-15",1908,"N20","nominal","2.0NRT",291.41,1.34,"N"
"13346",20.38163,96.83361,307.52,0.39,0.36,"2026-02-15",1908,"N20","nominal","2.0NRT",279.18,0.5,"N"
"13347",20.22914,97.81345,303.62,0.38,0.36,"2026-02-15",1908,"N20","nominal","2.0NRT",292.53,1.3,"N"
"13348",19.75341,100.6492,303.32,0.45,0.39,"2026-02-15",1908,"N20","nominal","2.0NRT",289.71,0.39,"N"
"13349",20.22585,97.81287,327.98,0.38,0.36,"2026-02-15",1908,"N20","nominal","2.0NRT",293.37,1.3,"N"
"13350",20.22372,97.80499,304.12,0.38,0.36,"2026-02-15",1908,"N20","nominal","2.0NRT",292.65,0.98,"N"
"13351",20.13252,98.35204,321.27,0.39,0.36,"2026-02-15",1908,"N20","nominal","2.0NRT",291.17,1.85,"N"
"13352",20.45455,96.28069,306.41,0.4,0.37,"2026-02-15",1908,"N20","nominal","2.0NRT",293.55,2.11,"N"
"13353",21.7731,84.01516,305.4,0.7,0.75,"2026-02-15",1908,"N20","nominal","2.0NRT",290.89,2.15,"N"
"13354",20.45062,96.28403,307.59,0.4,0.37,"2026-02-15",1908,"N20","nominal","2.0NRT",294.55,1.7,"N"
"13355",20.45005,96.28786,313.14,0.4,0.37,"2026-02-15",1908,"N20","nominal","2.0NRT",295.39,2.11,"N"
"13356",20.12922,98.35146,311.84,0.39,0.36,"2026-02-15",1908,"N20","nominal","2.0NRT",288.18,0.68,"N"
"13357",21.76617,84.01454,304.61,0.7,0.75,"2026-02-15",1908,"N20","nominal","2.0NRT",291.16,2.15,"N"
"13358",21.76569,84.02157,303.36,0.7,0.75,"2026-02-15",1908,"N20","nominal","2.0NRT",290.53,2.8,"N"
"13359",20.44222,96.31736,309.9,0.4,0.37,"2026-02-15",1908,"N20","nominal","2.0NRT",291.53,0.95,"N"
"13360",20.44166,96.32119,309.46,0.4,0.37,"2026-02-15",1908,"N20","nominal","2.0NRT",292.61,0.95,"N"
"13361",20.4299,96.33115,311.55,0.4,0.37,"2026-02-15",1908,"N20","nominal","2.0NRT",295.94,1.15,"N"
"13362",20.08393,98.52484,332.93,0.39,0.36,"2026-02-15",1908,"N20","nominal","2.0NRT",292.52,3.04,"N"
"13363",20.42598,96.3344,308.82,0.4,0.37,"2026-02-15",1908,"N20","nominal","2.0NRT",294.6,1.15,"N"
"13364",20.08509,98.5177,303.59,0.39,0.36,"2026-02-15",1908,"N20","nominal","2.0NRT",291.07,0.96,"N"
"13365",20.42379,96.33468,318.06,0.4,0.37,"2026-02-15",1908,"N20","nominal","2.0NRT",295.86,1.89,"N"
"13366",20.30598,97.10421,297.4,0.39,0.36,"2026-02-15",1908,"N20","nominal","2.0NRT",279.55,0.35,"N"
"13367",20.08182,98.51757,300.81,0.39,0.36,"2026-02-15",1908,"N20","nominal","2.0NRT",290.27,0.41,"N"
"13368",20.19929,97.76354,299.47,0.38,0.36,"2026-02-15",1908,"N20","nominal","2.0NRT",289.15,0.44,"N"
"13369",20.41827,96.32577,310.87,0.4,0.37,"2026-02-15",1908,"N20","nominal","2.0NRT",293.19,0.79,"N"
"13370",20.07815,98.49824,319.19,0.39,0.36,"2026-02-15",1908,"N20","nominal","2.0NRT",291.13,1.35,"N"
"13371",21.82405,83.99322,305.6,0.7,0.75,"2026-02-15",1908,"N20","nominal","2.0NRT",288.85,2.42,"N"
"13372",20.33189,96.84834,302.73,0.39,0.36,"2026-02-15",1908,"N20","nominal","2.0NRT",282.05,0.76,"N"
"13373",20.41167,96.30123,302.39,0.4,0.37,"2026-02-15",1908,"N20","nominal","2.0NRT",290.21,0.47,"N"
"13374",20.4083,96.30079,304.15,0.4,0.37,"2026-02-15",1908,"N20","nominal","2.0NRT",293.94,1.34,"N"
"13375",19.04427,104.19292,304.42,0.49,0.48,"2026-02-15",1908,"N20","nominal","2.0NRT",290.8,1.12,"N"
"13376",20.17299,97.75887,311.79,0.38,0.36,"2026-02-15",1908,"N20","nominal","2.0NRT",292.17,0.95,"N"
"13377",20.25373,97.22278,316.3,0.39,0.36,"2026-02-15",1908,"N20","nominal","2.0NRT",282.35,1.4,"N"
"13378",21.77343,84.0164,305.57,0.7,0.75,"2026-02-15",1908,"N20","nominal","2.0NRT",290.96,2.04,"N"
"13379",20.66879,94.376,299.9,0.47,0.39,"2026-02-15",1908,"N20","nominal","2.0NRT",288.77,0.62,"N"
"13380",20.39326,96.28663,315.86,0.4,0.37,"2026-02-15",1908,"N20","nominal","2.0NRT",292.69,1.47,"N"
"13381",20.15022,97.8597,303.74,0.38,0.36,"2026-02-15",1908,"N20","nominal","2.0NRT",293.01,0.95,"N"
"13382",20.3899,96.28613,320.03,0.4,0.37,"2026-02-15",1908,"N20","nominal","2.0NRT",292.37,1.73,"N"
"13383",21.7665,84.01581,306.1,0.7,0.75,"2026-02-15",1908,"N20","nominal","2.0NRT",291.57,2.35,"N"
"13384",21.76598,84.02279,302.06,0.7,0.75,"2026-02-15",1908,"N20","nominal","2.0NRT",290.1,2.35,"N"
"13385",20.38872,96.29394,311.68,0.4,0.37,"2026-02-15",1908,"N20","nominal","2.0NRT",294.32,0.78,"N"
"13386",21.75906,84.02214,314.76,0.7,0.75,"2026-02-15",1908,"N20","nominal","2.0NRT",292.35,2.35,"N"
"13387",20.27188,96.97395,296.72,0.39,0.36,"2026-02-15",1908,"N20","nominal","2.0NRT",286.32,0.39,"N"
"13388",20.14708,97.77301,310.45,0.38,0.36,"2026-02-15",1908,"N20","nominal","2.0NRT",291.37,1.11,"N"
"13389",21.74437,83.83846,302.12,0.72,0.76,"2026-02-15",1908,"N20","nominal","2.0NRT",290.16,1.48,"N"
"13390",20.14379,97.77242,312.91,0.38,0.36,"2026-02-15",1908,"N20","nominal","2.0NRT",291.25,1.11,"N"
"13391",20.14206,97.78335,316.48,0.38,0.36,"2026-02-15",1908,"N20","nominal","2.0NRT",290.69,0.79,"N"
"13392",19.95359,98.9453,297.63,0.4,0.37,"2026-02-15",1908,"N20","nominal","2.0NRT",285.45,0.38,"N"
"13393",20.1405,97.77184,301.79,0.38,0.36,"2026-02-15",1908,"N20","nominal","2.0NRT",290.23,0.49,"N"
"13394",20.13992,97.77547,306.71,0.38,0.36,"2026-02-15",1908,"N20","nominal","2.0NRT",288.96,0.49,"N"
"13395",19.95148,98.93729,312.26,0.4,0.37,"2026-02-15",1908,"N20","nominal","2.0NRT",291.06,1.42,"N"
"13396",19.95087,98.94099,296.49,0.4,0.37,"2026-02-15",1908,"N20","nominal","2.0NRT",285.67,0.48,"N"
"13397",20.36082,96.29684,324.07,0.4,0.37,"2026-02-15",1908,"N20","nominal","2.0NRT",296.56,1.52,"N"
"13398",20.63628,94.37096,307.06,0.47,0.39,"2026-02-15",1908,"N20","nominal","2.0NRT",288.45,0.96,"N"
"13399",20.36024,96.30079,307.67,0.4,0.37,"2026-02-15",1908,"N20","nominal","2.0NRT",294.32,1.52,"N"
"13400",20.35966,96.30473,306.91,0.4,0.37,"2026-02-15",1908,"N20","nominal","2.0NRT",292.32,0.7,"N"
"13401",20.27619,96.83519,321.4,0.39,0.36,"2026-02-15",1908,"N20","nominal","2.0NRT",284.15,1.58,"N"
"13402",20.21694,97.22006,296.52,0.39,0.36,"2026-02-15",1908,"N20","nominal","2.0NRT",280.41,0.48,"N"
"13403",20.27288,96.83463,295.4,0.39,0.36,"2026-02-15",1908,"N20","nominal","2.0NRT",282.25,0.48,"N"
"13404",20.12734,97.7695,300.74,0.38,0.36,"2026-02-15",1908,"N20","nominal","2.0NRT",290.02,1.09,"N"
"13405",21.6815,84.03504,313.1,0.7,0.75,"2026-02-15",1908,"N20","nominal","2.0NRT",290.04,4.57,"N"
"13406",20.65701,94.10857,302.71,0.48,0.4,"2026-02-15",1908,"N20","nominal","2.0NRT",290.86,1.28,"N"
"13407",20.65392,94.10387,309.25,0.48,0.4,"2026-02-15",1908,"N20","nominal","2.0NRT",291.83,1.41,"N"
"13408",20.65333,94.10821,313.65,0.48,0.4,"2026-02-15",1908,"N20","nominal","2.0NRT",292.68,1.28,"N"
"13409",20.11708,97.74895,305.85,0.38,0.36,"2026-02-15",1908,"N20","nominal","2.0NRT",290.35,0.82,"N"
"13410",20.1165,97.75259,314.78,0.38,0.36,"2026-02-15",1908,"N20","nominal","2.0NRT",291.47,1.82,"N"
"13411",20.11535,97.75987,301.44,0.38,0.36,"2026-02-15",1908,"N20","nominal","2.0NRT",289.52,0.46,"N"
"13412",19.07887,103.60117,310.34,0.45,0.47,"2026-02-15",1908,"N20","nominal","2.0NRT",292.86,1.42,"N"
"13413",20.02957,98.27365,302.88,0.39,0.36,"2026-02-15",1908,"N20","nominal","2.0NRT",291.18,0.35,"N"
"13414",20.09412,97.80845,303.56,0.38,0.36,"2026-02-15",1908,"N20","nominal","2.0NRT",292.36,0.42,"N"
"13415",20.39889,95.77935,298.41,0.41,0.37,"2026-02-15",1908,"N20","nominal","2.0NRT",287.95,0.52,"N"
"13416",19.07542,103.59792,305.98,0.45,0.47,"2026-02-15",1908,"N20","nominal","2.0NRT",292.5,0.82,"N"
"13417",20.62877,94.09783,301.91,0.48,0.4,"2026-02-15",1908,"N20","nominal","2.0NRT",291.8,0.86,"N"
"13418",20.6202,94.13274,301.76,0.48,0.4,"2026-02-15",1908,"N20","nominal","2.0NRT",290.46,0.91,"N"
"13419",20.41116,95.5733,306.81,0.42,0.37,"2026-02-15",1908,"N20","nominal","2.0NRT",293.55,0.86,"N"
"13420",20.57928,94.37358,303.74,0.46,0.39,"2026-02-15",1908,"N20","nominal","2.0NRT",292.44,0.8,"N"
"13421",20.18984,96.9982,304.21,0.39,0.36,"2026-02-15",1908,"N20","nominal","2.0NRT",283.62,0.61,"N"
"13422",20.06253,97.81105,309.91,0.38,0.36,"2026-02-15",1908,"N20","nominal","2.0NRT",292.15,0.73,"N"
"13423",20.18653,96.99766,319.29,0.39,0.36,"2026-02-15",1908,"N20","nominal","2.0NRT",283.75,2.17,"N"
"13424",21.68124,84.03773,310.14,0.7,0.75,"2026-02-15",1908,"N20","nominal","2.0NRT",291.76,3.03,"N"
"13425",21.67432,84.03722,300.49,0.7,0.75,"2026-02-15",1908,"N20","nominal","2.0NRT",288.6,1.16,"N"
"13426",20.05787,97.7765,304.43,0.38,0.36,"2026-02-15",1908,"N20","nominal","2.0NRT",292.66,0.98,"N"
"13427",20.14541,97.08845,329.18,0.39,0.36,"2026-02-15",1908,"N20","nominal","2.0NRT",289.34,2.99,"N"
"13428",19.97706,98.09177,305.65,0.39,0.36,"2026-02-15",1908,"N20","nominal","2.0NRT",292.18,0.93,"N"
"13429",19.97375,98.09128,307.23,0.39,0.36,"2026-02-15",1908,"N20","nominal","2.0NRT",292.85,1.3,"N"
"13430",20.5459,94.18555,301.37,0.47,0.4,"2026-02-15",1908,"N20","nominal","2.0NRT",290.14,0.62,"N"
"13431",20.23445,96.36929,317.08,0.4,0.37,"2026-02-15",1908,"N20","nominal","2.0NRT",295.31,0.94,"N"
"13432",19.97778,98.02414,306.13,0.39,0.36,"2026-02-15",1908,"N20","nominal","2.0NRT",292.2,1.16,"N"
"13433",20.23113,96.36859,308.43,0.4,0.37,"2026-02-15",1908,"N20","nominal","2.0NRT",292.64,0.94,"N"
"13434",20.01625,97.76169,304.8,0.38,0.36,"2026-02-15",1908,"N20","nominal","2.0NRT",291.88,1.03,"N"
"13435",20.32388,95.71631,301.42,0.41,0.37,"2026-02-15",1908,"N20","nominal","2.0NRT",288.88,0.55,"N"
"13436",19.88796,98.53613,300,0.39,0.36,"2026-02-15",1908,"N20","nominal","2.0NRT",288.48,0.47,"N"
"13437",20.29386,95.87457,299,0.41,0.37,"2026-02-15",1908,"N20","nominal","2.0NRT",286.8,0.41,"N"
"13438",20.22677,96.32888,303.37,0.4,0.37,"2026-02-15",1908,"N20","nominal","2.0NRT",291.8,0.98,"N"
"13439",19.88619,98.50536,306.4,0.39,0.36,"2026-02-15",1908,"N20","nominal","2.0NRT",290.42,1.04,"N"
"13440",19.88497,98.51282,305.72,0.39,0.36,"2026-02-15",1908,"N20","nominal","2.0NRT",289.42,1.05,"N"
"13441",19.87835,98.55325,307.08,0.39,0.36,"2026-02-15",1908,"N20","nominal","2.0NRT",290.15,0.9,"N"
"13442",19.88346,98.50118,318.53,0.39,0.36,"2026-02-15",1908,"N20","nominal","2.0NRT",289.92,1.04,"N"
"13443",20.26505,96.02402,317.25,0.4,0.37,"2026-02-15",1908,"N20","nominal","2.0NRT",292.73,1.19,"N"
"13444",20.26449,96.02779,311.21,0.4,0.37,"2026-02-15",1908,"N20","nominal","2.0NRT",293.15,1.19,"N"
"13445",20.51562,94.2171,311.97,0.47,0.4,"2026-02-15",1908,"N20","nominal","2.0NRT",293.3,0.8,"N"
"13446",19.95289,98.03127,304.5,0.39,0.36,"2026-02-15",1908,"N20","nominal","2.0NRT",292.23,0.97,"N"
"13447",19.99321,97.75762,301.58,0.38,0.36,"2026-02-15",1908,"N20","nominal","2.0NRT",289.8,0.35,"N"
"13448",20.51493,94.21926,307.39,0.47,0.4,"2026-02-15",1908,"N20","nominal","2.0NRT",293.57,1.24,"N"
"13449",20.20083,96.37217,304.95,0.4,0.37,"2026-02-15",1908,"N20","nominal","2.0NRT",293.88,0.71,"N"
"13450",20.1975,96.37154,305.75,0.4,0.37,"2026-02-15",1908,"N20","nominal","2.0NRT",294.53,0.71,"N"
"13451",20.11961,96.88099,295.24,0.39,0.36,"2026-02-15",1908,"N20","nominal","2.0NRT",282.37,0.46,"N"
"13452",20.03898,97.3997,303.31,0.38,0.36,"2026-02-15",1908,"N20","nominal","2.0NRT",289.54,0.54,"N"
"13453",20.20453,96.30252,303.5,0.4,0.37,"2026-02-15",1908,"N20","nominal","2.0NRT",289.24,0.56,"N"
"13454",20.24336,96.02118,305.57,0.4,0.37,"2026-02-15",1908,"N20","nominal","2.0NRT",293.26,0.79,"N"
"13455",20.24052,96.04016,304.68,0.4,0.37,"2026-02-15",1908,"N20","nominal","2.0NRT",292.88,0.88,"N"
"13456",20.50408,94.19053,299.39,0.47,0.4,"2026-02-15",1908,"N20","nominal","2.0NRT",287.97,0.47,"N"
"13457",20.28154,95.67007,302.49,0.41,0.37,"2026-02-15",1908,"N20","nominal","2.0NRT",292.44,0.69,"N"
"13458",19.96322,97.73017,312.38,0.38,0.36,"2026-02-15",1908,"N20","nominal","2.0NRT",291.9,1.73,"N"
"13459",19.82853,98.56755,306.21,0.39,0.36,"2026-02-15",1908,"N20","nominal","2.0NRT",287.85,0.82,"N"
"13460",20.2067,96.10487,309.53,0.4,0.37,"2026-02-15",1908,"N20","nominal","2.0NRT",293.17,1.17,"N"
"13461",20.16917,96.35502,318.31,0.4,0.37,"2026-02-15",1908,"N20","nominal","2.0NRT",296.41,2.15,"N"
"13462",20.16861,96.35877,307.6,0.4,0.37,"2026-02-15",1908,"N20","nominal","2.0NRT",295.52,1.52,"N"
"13463",20.20391,96.10052,309.73,0.4,0.37,"2026-02-15",1908,"N20","nominal","2.0NRT",292.08,1.17,"N"
"13464",20.16194,96.35757,311.78,0.4,0.37,"2026-02-15",1908,"N20","nominal","2.0NRT",295.16,1.13,"N"
"13465",20.16136,96.36142,306.32,0.4,0.37,"2026-02-15",1908,"N20","nominal","2.0NRT",295.76,1.13,"N"
"13466",20.15918,96.35313,310.98,0.4,0.37,"2026-02-15",1908,"N20","nominal","2.0NRT",292.58,1.65,"N"
"13467",20.15628,96.3724,311.57,0.4,0.37,"2026-02-15",1908,"N20","nominal","2.0NRT",294.58,1.01,"N"
"13468",19.94966,97.70908,315.55,0.38,0.36,"2026-02-15",1908,"N20","nominal","2.0NRT",289.57,2.17,"N"
"13469",18.83926,104.00668,300.34,0.48,0.48,"2026-02-15",1908,"N20","nominal","2.0NRT",288.28,0.94,"N"
"13470",20.14961,96.37121,321.37,0.4,0.37,"2026-02-15",1908,"N20","nominal","2.0NRT",296.55,2.26,"N"
"13471",18.83902,103.96143,301.39,0.47,0.48,"2026-02-15",1908,"N20","nominal","2.0NRT",290.77,1.12,"N"
"13472",18.8372,103.9708,305.08,0.48,0.48,"2026-02-15",1908,"N20","nominal","2.0NRT",292,1.23,"N"
"13473",20.14629,96.37054,320.56,0.4,0.37,"2026-02-15",1908,"N20","nominal","2.0NRT",296.96,2.58,"N"
"13474",20.22234,95.85955,301,0.41,0.37,"2026-02-15",1908,"N20","nominal","2.0NRT",287.29,0.66,"N"
"13475",20.00385,97.30006,310.24,0.38,0.36,"2026-02-15",1908,"N20","nominal","2.0NRT",281.65,0.45,"N"
"13476",18.83271,103.97067,312.41,0.48,0.48,"2026-02-15",1908,"N20","nominal","2.0NRT",292.72,1.5,"N"
"13477",20.21667,95.87445,301.84,0.41,0.37,"2026-02-15",1908,"N20","nominal","2.0NRT",286.85,0.39,"N"
"13478",20.14079,96.3615,309.99,0.4,0.37,"2026-02-15",1908,"N20","nominal","2.0NRT",292.74,0.62,"N"
"13479",20.14022,96.36536,304.19,0.4,0.37,"2026-02-15",1908,"N20","nominal","2.0NRT",293.52,0.62,"N"
"13480",20.21614,95.83084,305.01,0.41,0.37,"2026-02-15",1908,"N20","nominal","2.0NRT",290.67,0.95,"N"
"13481",20.142,96.33061,304.09,0.4,0.37,"2026-02-15",1908,"N20","nominal","2.0NRT",292.77,0.55,"N"
"13482",20.1403,96.3419,304.89,0.4,0.37,"2026-02-15",1908,"N20","nominal","2.0NRT",288.45,0.22,"N"
"13483",20.13582,96.34894,309.94,0.4,0.37,"2026-02-15",1908,"N20","nominal","2.0NRT",292.41,0.69,"N"
"13484",19.97204,97.39533,299.73,0.38,0.36,"2026-02-15",1908,"N20","nominal","2.0NRT",287.35,0.63,"N"
"13485",20.41303,94.36777,303.85,0.46,0.39,"2026-02-15",1908,"N20","nominal","2.0NRT",292.23,1.85,"N"
"13486",19.96875,97.39475,307.13,0.38,0.36,"2026-02-15",1908,"N20","nominal","2.0NRT",287.28,0.83,"N"
"13487",19.84793,98.15485,303.15,0.39,0.36,"2026-02-15",1908,"N20","nominal","2.0NRT",291.52,0.53,"N"
"13488",19.95888,97.39304,299.64,0.38,0.36,"2026-02-15",1908,"N20","nominal","2.0NRT",288.21,0.56,"N"
"13489",19.95559,97.39247,333.15,0.38,0.36,"2026-02-15",1908,"N20","nominal","2.0NRT",291.32,3.5,"N"
"13490",20.38427,94.4705,300.5,0.46,0.39,"2026-02-15",1908,"N20","nominal","2.0NRT",288.52,0.45,"N"
"13491",20.38129,94.46553,297.78,0.46,0.39,"2026-02-15",1908,"N20","nominal","2.0NRT",287.55,0.75,"N"
"13492",20.38069,94.46992,301.31,0.46,0.39,"2026-02-15",1908,"N20","nominal","2.0NRT",288.15,0.45,"N"
"13493",19.95173,97.39555,301.94,0.38,0.36,"2026-02-15",1908,"N20","nominal","2.0NRT",288.62,0.5,"N"
"13494",19.95116,97.39918,299.65,0.38,0.36,"2026-02-15",1908,"N20","nominal","2.0NRT",287,0.5,"N"
"13495",19.94844,97.39496,323.82,0.38,0.36,"2026-02-15",1908,"N20","nominal","2.0NRT",290.18,1.37,"N"
"13496",19.94787,97.3986,313.44,0.38,0.36,"2026-02-15",1908,"N20","nominal","2.0NRT",289.74,1.37,"N"
"13497",19.94514,97.39437,317.45,0.38,0.36,"2026-02-15",1908,"N20","nominal","2.0NRT",289.66,1.37,"N"
"13498",19.94458,97.39801,306.56,0.38,0.36,"2026-02-15",1908,"N20","nominal","2.0NRT",289.7,1.37,"N"
"13499",20.38242,94.37635,301.06,0.46,0.39,"2026-02-15",1908,"N20","nominal","2.0NRT",290.71,1.01,"N"
"13500",20.17266,95.86717,307.94,0.41,0.37,"2026-02-15",1908,"N20","nominal","2.0NRT",290.81,1.17,"N"
"13501",20.1828,95.77369,303.36,0.41,0.37,"2026-02-15",1908,"N20","nominal","2.0NRT",291.23,0.53,"N"
"13502",20.20166,95.64112,300.89,0.41,0.37,"2026-02-15",1908,"N20","nominal","2.0NRT",289.27,0.73,"N"
"13503",20.18193,95.7741,305.64,0.41,0.37,"2026-02-15",1908,"N20","nominal","2.0NRT",290.43,0.48,"N"
"13504",20.1602,95.8735,298.58,0.41,0.37,"2026-02-15",1908,"N20","nominal","2.0NRT",288.57,1.12,"N"
"13505",19.70318,98.79243,295.13,0.4,0.37,"2026-02-15",1908,"N20","nominal","2.0NRT",284.88,0.39,"N"
"13506",19.69985,98.79185,310.31,0.4,0.37,"2026-02-15",1908,"N20","nominal","2.0NRT",285.28,0.39,"N"
"13507",20.08719,96.31411,307.13,0.4,0.37,"2026-02-15",1908,"N20","nominal","2.0NRT",295.03,1.18,"N"
"13508",18.80451,103.7825,326.04,0.46,0.47,"2026-02-15",1908,"N20","nominal","2.0NRT",292.68,2.45,"N"
"13509",20.07376,96.33498,305.44,0.4,0.37,"2026-02-15",1908,"N20","nominal","2.0NRT",292.61,0.41,"N"
"13510",19.90485,97.40976,299.73,0.38,0.36,"2026-02-15",1908,"N20","nominal","2.0NRT",288.08,0.83,"N"
"13511",20.36483,94.2533,301.96,0.47,0.4,"2026-02-15",1908,"N20","nominal","2.0NRT",289.26,0.72,"N"
"13512",20.34225,94.38927,303.82,0.46,0.39,"2026-02-15",1908,"N20","nominal","2.0NRT",292.09,0.99,"N"
"13513",20.05862,96.34448,303.85,0.4,0.37,"2026-02-15",1908,"N20","nominal","2.0NRT",291.61,0.33,"N"
"13514",19.62454,99.06048,304.49,0.4,0.37,"2026-02-15",1908,"N20","nominal","2.0NRT",293.05,1.29,"N"
"13515",20.13553,95.78225,300.53,0.41,0.37,"2026-02-15",1908,"N20","nominal","2.0NRT",287.28,0.5,"N"
"13516",19.88953,97.39966,301.7,0.38,0.36,"2026-02-15",1908,"N20","nominal","2.0NRT",288.53,0.44,"N"
"13517",19.85003,97.65034,304.34,0.38,0.36,"2026-02-15",1908,"N20","nominal","2.0NRT",290.97,0.89,"N"
"13518",19.84945,97.65398,315.07,0.38,0.36,"2026-02-15",1908,"N20","nominal","2.0NRT",293.19,2.2,"N"
"13519",19.62118,99.05994,313.51,0.4,0.37,"2026-02-15",1908,"N20","nominal","2.0NRT",290.66,1.29,"N"
"13520",19.62055,99.06371,318.53,0.4,0.37,"2026-02-15",1908,"N20","nominal","2.0NRT",293.42,1.29,"N"
"13521",19.88966,97.37728,319.59,0.38,0.36,"2026-02-15",1908,"N20","nominal","2.0NRT",289.47,1.16,"N"
"13522",19.88909,97.38092,300.56,0.38,0.36,"2026-02-15",1908,"N20","nominal","2.0NRT",289.85,1.16,"N"
"13523",19.88624,97.39909,318.09,0.38,0.36,"2026-02-15",1908,"N20","nominal","2.0NRT",289.56,1.01,"N"
"13524",19.85018,97.62801,302.66,0.38,0.36,"2026-02-15",1908,"N20","nominal","2.0NRT",289.26,0.45,"N"
"13525",19.84961,97.63161,303.23,0.38,0.36,"2026-02-15",1908,"N20","nominal","2.0NRT",288.29,0.39,"N"
"13526",19.88352,97.39488,334.68,0.38,0.36,"2026-02-15",1908,"N20","nominal","2.0NRT",288.7,3.65,"N"
"13527",19.8858,97.38034,315.39,0.38,0.36,"2026-02-15",1908,"N20","nominal","2.0NRT",288.7,1.16,"N"
"13528",19.88295,97.39851,306.52,0.38,0.36,"2026-02-15",1908,"N20","nominal","2.0NRT",288.27,1.01,"N"
"13529",18.97466,102.67658,302.29,0.39,0.44,"2026-02-15",1908,"N20","nominal","2.0NRT",290.07,0.65,"N"
"13530",19.88023,97.39429,302.68,0.38,0.36,"2026-02-15",1908,"N20","nominal","2.0NRT",285.61,0.39,"N"
"13531",20.30733,94.48218,303.73,0.46,0.39,"2026-02-15",1908,"N20","nominal","2.0NRT",292.75,1.68,"N"
"13532",20.30674,94.48638,304.91,0.46,0.39,"2026-02-15",1908,"N20","nominal","2.0NRT",291.92,1.25,"N"
"13533",19.84088,97.62263,299.8,0.38,0.36,"2026-02-15",1908,"N20","nominal","2.0NRT",289.15,0.38,"N"
"13534",20.12314,95.74831,323.22,0.41,0.37,"2026-02-15",1908,"N20","nominal","2.0NRT",292.16,1.42,"N"
"13535",20.12256,95.75224,306.46,0.41,0.37,"2026-02-15",1908,"N20","nominal","2.0NRT",291.09,1.42,"N"
"13536",20.33038,94.26172,308.2,0.47,0.4,"2026-02-15",1908,"N20","nominal","2.0NRT",290.74,1.43,"N"
"13537",20.03873,96.29444,304.23,0.4,0.37,"2026-02-15",1908,"N20","nominal","2.0NRT",291.69,0.64,"N"
"13538",19.86637,97.41798,302.02,0.38,0.36,"2026-02-15",1908,"N20","nominal","2.0NRT",289.21,0.7,"N"
"13539",19.8658,97.42161,310.53,0.38,0.36,"2026-02-15",1908,"N20","nominal","2.0NRT",289.64,0.7,"N"
"13540",19.86523,97.42524,308.46,0.38,0.36,"2026-02-15",1908,"N20","nominal","2.0NRT",289.34,1.37,"N"
"13541",20.03711,96.28238,325.46,0.4,0.37,"2026-02-15",1908,"N20","nominal","2.0NRT",290.47,2.38,"N"
"13542",18.71128,103.93988,334.93,0.48,0.48,"2026-02-15",1908,"N20","nominal","2.0NRT",293.27,4.56,"N"
"13543",20.11234,95.77456,303.24,0.41,0.37,"2026-02-15",1908,"N20","nominal","2.0NRT",291.03,0.71,"N"
"13544",20.03481,96.29776,313.06,0.4,0.37,"2026-02-15",1908,"N20","nominal","2.0NRT",294.55,1.73,"N"
"13545",20.03205,96.29327,305.38,0.4,0.37,"2026-02-15",1908,"N20","nominal","2.0NRT",293.49,0.77,"N"
"13546",18.7598,103.64546,352.92,0.45,0.47,"2026-02-15",1908,"N20","nominal","2.0NRT",300.92,14.35,"N"
"13547",20.10669,95.76565,304.38,0.41,0.37,"2026-02-15",1908,"N20","nominal","2.0NRT",291.34,0.67,"N"
"13548",20.29664,94.40027,304.02,0.46,0.39,"2026-02-15",1908,"N20","nominal","2.0NRT",289.78,0.58,"N"
"13549",18.75551,103.64479,301.24,0.45,0.47,"2026-02-15",1908,"N20","nominal","2.0NRT",290.82,14.35,"N"
"13550",20.29245,94.4041,309.6,0.46,0.39,"2026-02-15",1908,"N20","nominal","2.0NRT",290.72,1.35,"N"
"13551",20.28638,94.36797,312.17,0.46,0.39,"2026-02-15",1908,"N20","nominal","2.0NRT",292.28,1.7,"N"
"13552",20.27806,94.40201,309.68,0.46,0.39,"2026-02-15",1908,"N20","nominal","2.0NRT",290.52,1.39,"N"
"13553",20.25429,94.57555,303.53,0.45,0.39,"2026-02-15",1908,"N20","nominal","2.0NRT",286.63,0.98,"N"
"13554",20.0835,95.75783,301.32,0.41,0.37,"2026-02-15",1908,"N20","nominal","2.0NRT",289.38,0.5,"N"
"13555",20.08294,95.76171,301.94,0.41,0.37,"2026-02-15",1908,"N20","nominal","2.0NRT",289.09,0.5,"N"
"13556",20.24538,94.58744,325.44,0.45,0.39,"2026-02-15",1908,"N20","nominal","2.0NRT",288.54,1.68,"N"
"13557",20.24597,94.5831,301.29,0.45,0.39,"2026-02-15",1908,"N20","nominal","2.0NRT",289.15,1.68,"N"
"13558",20.26609,94.40905,301.3,0.46,0.39,"2026-02-15",1908,"N20","nominal","2.0NRT",290.2,0.72,"N"
"13559",20.25186,94.5135,301.07,0.45,0.39,"2026-02-15",1908,"N20","nominal","2.0NRT",290.06,0.53,"N"
"13560",20.2467,94.58509,329.68,0.45,0.39,"2026-02-15",1908,"N20","nominal","2.0NRT",290.11,3.28,"N"
"13561",20.07195,95.76086,303,0.41,0.37,"2026-02-15",1908,"N20","nominal","2.0NRT",292.38,0.88,"N"
"13562",20.26412,94.41074,300.87,0.46,0.39,"2026-02-15",1908,"N20","nominal","2.0NRT",289.55,0.59,"N"
"13563",20.25237,94.49378,304.81,0.46,0.39,"2026-02-15",1908,"N20","nominal","2.0NRT",293.79,1.09,"N"
"13564",20.24937,94.51499,311.58,0.45,0.39,"2026-02-15",1908,"N20","nominal","2.0NRT",290.98,1.12,"N"
"13565",20.24882,94.49307,307.85,0.46,0.39,"2026-02-15",1908,"N20","nominal","2.0NRT",291.98,1.09,"N"
"13566",20.08311,95.63863,304.64,0.41,0.37,"2026-02-15",1908,"N20","nominal","2.0NRT",292.31,0.56,"N"
"13567",19.9801,96.30439,308.83,0.4,0.37,"2026-02-15",1908,"N20","nominal","2.0NRT",293.02,0.85,"N"
"13568",20.07513,95.64539,303.12,0.41,0.37,"2026-02-15",1908,"N20","nominal","2.0NRT",291.19,0.55,"N"
"13569",19.80941,97.38969,301.67,0.38,0.36,"2026-02-15",1908,"N20","nominal","2.0NRT",286.84,0.49,"N"
"13570",20.23627,94.50431,313.81,0.45,0.39,"2026-02-15",1908,"N20","nominal","2.0NRT",291.49,2.07,"N"
"13571",20.06138,95.69132,303.29,0.41,0.37,"2026-02-15",1908,"N20","nominal","2.0NRT",292.94,0.73,"N"
"13572",20.05798,95.69074,312.31,0.41,0.37,"2026-02-15",1908,"N20","nominal","2.0NRT",294.51,1.37,"N"
"13573",19.7944,97.42065,303.19,0.38,0.36,"2026-02-15",1908,"N20","nominal","2.0NRT",288.57,0.5,"N"
"13574",19.79112,97.42007,303.5,0.38,0.36,"2026-02-15",1908,"N20","nominal","2.0NRT",288.29,0.5,"N"
"13575",18.82498,103.02769,297.9,0.42,0.45,"2026-02-15",1908,"N20","nominal","2.0NRT",287.78,0.61,"N"
"13576",19.75346,97.63734,309.15,0.38,0.36,"2026-02-15",1908,"N20","nominal","2.0NRT",292.64,0.68,"N"
"13577",19.75289,97.64098,301.82,0.38,0.36,"2026-02-15",1908,"N20","nominal","2.0NRT",291.61,0.68,"N"
"13578",20.2329,94.3979,302.34,0.46,0.39,"2026-02-15",1908,"N20","nominal","2.0NRT",292.29,0.79,"N"
"13579",19.75018,97.63676,307.01,0.38,0.36,"2026-02-15",1908,"N20","nominal","2.0NRT",290.89,0.68,"N"
"13580",19.34205,100.06538,306.12,0.43,0.38,"2026-02-15",1908,"N20","nominal","2.0NRT",293.81,1.65,"N"
"13581",19.35176,99.98811,323.87,0.43,0.38,"2026-02-15",1908,"N20","nominal","2.0NRT",294.42,1.71,"N"
"13582",19.77581,97.40993,300.64,0.38,0.36,"2026-02-15",1908,"N20","nominal","2.0NRT",289.25,0.98,"N"
"13583",19.35245,99.98409,309.97,0.43,0.38,"2026-02-15",1908,"N20","nominal","2.0NRT",293.88,1.71,"N"
"13584",18.55118,104.34061,302.64,0.51,0.49,"2026-02-15",1908,"N20","nominal","2.0NRT",290.89,0.71,"N"
"13585",20.21733,94.40437,308.19,0.46,0.39,"2026-02-15",1908,"N20","nominal","2.0NRT",292.82,1.31,"N"
"13586",19.9456,96.28321,306.6,0.4,0.37,"2026-02-15",1908,"N20","nominal","2.0NRT",295.89,1.82,"N"
"13587",20.19395,94.54601,307.12,0.45,0.39,"2026-02-15",1908,"N20","nominal","2.0NRT",289.76,1.38,"N"
"13588",19.94227,96.28256,315.43,0.4,0.37,"2026-02-15",1908,"N20","nominal","2.0NRT",296.04,2.87,"N"
"13589",19.73776,97.60845,301.16,0.38,0.36,"2026-02-15",1908,"N20","nominal","2.0NRT",291.12,0.53,"N"
"13590",19.72699,97.65507,310.14,0.38,0.36,"2026-02-15",1908,"N20","nominal","2.0NRT",292.39,1.26,"N"
"13591",20.20116,94.41526,313.95,0.46,0.39,"2026-02-15",1908,"N20","nominal","2.0NRT",294.13,1.81,"N"
"13592",19.72674,97.61398,303.03,0.38,0.36,"2026-02-15",1908,"N20","nominal","2.0NRT",290.65,0.79,"N"
"13593",19.72617,97.6176,303.54,0.38,0.36,"2026-02-15",1908,"N20","nominal","2.0NRT",291.77,0.96,"N"
"13594",19.72172,97.62428,306.21,0.38,0.36,"2026-02-15",1908,"N20","nominal","2.0NRT",292.08,0.63,"N"
"13595",20.18982,94.44426,304.82,0.46,0.39,"2026-02-15",1908,"N20","nominal","2.0NRT",290.86,0.94,"N"
"13596",19.71844,97.62371,301.03,0.38,0.36,"2026-02-15",1908,"N20","nominal","2.0NRT",290.82,0.63,"N"
"13597",19.70938,97.65944,308.91,0.38,0.36,"2026-02-15",1908,"N20","nominal","2.0NRT",291.3,1.21,"N"
"13598",20.17493,94.41945,300.34,0.46,0.39,"2026-02-15",1908,"N20","nominal","2.0NRT",288.77,0.96,"N"
"13599",20.18392,94.32683,299.51,0.46,0.39,"2026-02-15",1908,"N20","nominal","2.0NRT",285.54,0.39,"N"
"13600",19.6624,97.84865,318.69,0.38,0.36,"2026-02-15",1908,"N20","nominal","2.0NRT",291.19,1.56,"N"
"13601",20.18029,94.32644,303.99,0.46,0.39,"2026-02-15",1908,"N20","nominal","2.0NRT",286.97,0.55,"N"
"13602",20.14881,94.55634,303.45,0.45,0.39,"2026-02-15",1908,"N20","nominal","2.0NRT",283.7,0.72,"N"
"13603",19.72804,97.41275,303.96,0.38,0.36,"2026-02-15",1908,"N20","nominal","2.0NRT",287.95,0.58,"N"
"13604",19.65912,97.84805,312.13,0.38,0.36,"2026-02-15",1908,"N20","nominal","2.0NRT",290.49,1.1,"N"
"13605",19.65223,97.89137,305.22,0.38,0.36,"2026-02-15",1908,"N20","nominal","2.0NRT",284.21,0.74,"N"
"13606",19.72589,97.40491,309.49,0.38,0.36,"2026-02-15",1908,"N20","nominal","2.0NRT",288.26,0.75,"N"
"13607",20.17128,94.33866,296.15,0.46,0.39,"2026-02-15",1908,"N20","nominal","2.0NRT",285.78,0.9,"N"
"13608",20.13697,94.58953,302.56,0.45,0.39,"2026-02-15",1908,"N20","nominal","2.0NRT",288.98,1.05,"N"
"13609",19.97355,95.74466,304.15,0.41,0.37,"2026-02-15",1908,"N20","nominal","2.0NRT",291.1,1.15,"N"
"13610",19.30144,99.92835,314.54,0.43,0.38,"2026-02-15",1908,"N20","nominal","2.0NRT",294.37,1.85,"N"
"13611",20.13745,94.59096,299.52,0.45,0.39,"2026-02-15",1908,"N20","nominal","2.0NRT",288.96,1.15,"N"
"13612",19.71416,97.41034,305.51,0.38,0.36,"2026-02-15",1908,"N20","nominal","2.0NRT",288.35,1,"N"
"13613",19.29907,99.92874,325.64,0.43,0.38,"2026-02-15",1908,"N20","nominal","2.0NRT",295.07,3.49,"N"
"13614",19.7103,97.41339,304.46,0.38,0.36,"2026-02-15",1908,"N20","nominal","2.0NRT",288.99,1.27,"N"
"13615",19.68744,97.55856,305.89,0.38,0.36,"2026-02-15",1908,"N20","nominal","2.0NRT",290.23,0.62,"N"
"13616",20.1664,94.3353,308.23,0.46,0.39,"2026-02-15",1908,"N20","nominal","2.0NRT",290.3,1.09,"N"
"13617",20.1658,94.33958,300.89,0.46,0.39,"2026-02-15",1908,"N20","nominal","2.0NRT",290.24,1.09,"N"
"13618",20.16277,94.33495,310.97,0.46,0.39,"2026-02-15",1908,"N20","nominal","2.0NRT",291.26,1.09,"N"
"13619",20.16218,94.33913,318.31,0.46,0.39,"2026-02-15",1908,"N20","nominal","2.0NRT",292.96,1.09,"N"
"13620",19.70372,97.41224,301.77,0.38,0.36,"2026-02-15",1908,"N20","nominal","2.0NRT",286.72,0.98,"N"
"13621",20.15858,94.33863,303.21,0.46,0.39,"2026-02-15",1908,"N20","nominal","2.0NRT",290.6,1.22,"N"
"13622",19.29011,99.91857,301.78,0.43,0.38,"2026-02-15",1908,"N20","nominal","2.0NRT",291.76,1.02,"N"
"13623",20.13362,94.48965,303.88,0.45,0.39,"2026-02-15",1908,"N20","nominal","2.0NRT",292.19,0.36,"N"
"13624",20.12527,94.49709,300.85,0.45,0.39,"2026-02-15",1908,"N20","nominal","2.0NRT",290.17,0.48,"N"
"13625",20.12971,94.41352,303.12,0.46,0.39,"2026-02-15",1908,"N20","nominal","2.0NRT",285.96,0.87,"N"
"13626",18.04402,106.41962,302.31,0.35,0.57,"2026-02-15",1908,"N20","nominal","2.0NRT",290.74,1,"N"
"13627",19.9371,95.70312,315.65,0.41,0.37,"2026-02-15",1908,"N20","nominal","2.0NRT",292.96,2.02,"N"
"13628",20.11836,94.38988,303.11,0.46,0.39,"2026-02-15",1908,"N20","nominal","2.0NRT",288.14,0.77,"N"
"13629",18.02518,106.4325,307.22,0.36,0.57,"2026-02-15",1908,"N20","nominal","2.0NRT",290.38,1.38,"N"
"13630",18.02451,106.43578,300.48,0.36,0.57,"2026-02-15",1908,"N20","nominal","2.0NRT",290.08,1.41,"N"
"13631",20.09188,94.55316,302.62,0.45,0.39,"2026-02-15",1908,"N20","nominal","2.0NRT",289.54,0.42,"N"
"13632",19.65524,97.44103,305.13,0.38,0.36,"2026-02-15",1908,"N20","nominal","2.0NRT",290.17,1.02,"N"
"13633",19.91559,95.70744,306.53,0.41,0.37,"2026-02-15",1908,"N20","nominal","2.0NRT",290.49,0.89,"N"
"13634",20.07227,94.58938,298.57,0.45,0.39,"2026-02-15",1908,"N20","nominal","2.0NRT",287.55,0.32,"N"
"13635",19.63049,97.53362,301.54,0.38,0.36,"2026-02-15",1908,"N20","nominal","2.0NRT",290.6,0.67,"N"
"13636",18.49199,103.96704,304.72,0.48,0.48,"2026-02-15",1908,"N20","nominal","2.0NRT",293.62,1.68,"N"
"13637",21.00387,86.02371,304.73,0.51,0.66,"2026-02-15",1908,"N20","nominal","2.0NRT",290.82,1.55,"N"
"13638",21.07758,85.03773,302.06,0.59,0.7,"2026-02-15",1908,"N20","nominal","2.0NRT",290.68,2.96,"N"
"13639",19.79825,96.31245,302.71,0.39,0.37,"2026-02-15",1908,"N20","nominal","2.0NRT",292.68,0.52,"N"
"13640",19.79768,96.31625,302.15,0.39,0.37,"2026-02-15",1908,"N20","nominal","2.0NRT",290.52,0.52,"N"
"13641",19.5973,97.57253,309.96,0.38,0.36,"2026-02-15",1908,"N20","nominal","2.0NRT",291,1.07,"N"
"13642",19.61762,97.40092,300.4,0.38,0.36,"2026-02-15",1908,"N20","nominal","2.0NRT",289.37,0.58,"N"
"13643",19.65366,97.1023,300.44,0.39,0.36,"2026-02-15",1908,"N20","nominal","2.0NRT",289.48,1.09,"N"
"13644",20.13302,93.66237,330.38,0.5,0.41,"2026-02-15",1908,"N20","nominal","2.0NRT",292.98,7.55,"N"
"13645",21.00355,86.02502,303.11,0.51,0.66,"2026-02-15",1908,"N20","nominal","2.0NRT",290.86,0.69,"N"
"13646",20.12929,93.66182,321.71,0.5,0.41,"2026-02-15",1908,"N20","nominal","2.0NRT",290.54,3.06,"N"
"13647",21.07733,85.04051,301.67,0.59,0.7,"2026-02-15",1908,"N20","nominal","2.0NRT",289.94,2.24,"N"
"13648",20.02165,94.41277,298.17,0.46,0.39,"2026-02-15",1908,"N20","nominal","2.0NRT",285.93,0.24,"N"
"13649",19.98666,94.60945,298.84,0.45,0.39,"2026-02-15",1908,"N20","nominal","2.0NRT",288.13,0.78,"N"
"13650",19.56587,97.40395,303.58,0.38,0.36,"2026-02-15",1908,"N20","nominal","2.0NRT",291,0.77,"N"
"13651",19.56473,97.4112,303.38,0.38,0.36,"2026-02-15",1908,"N20","nominal","2.0NRT",292.58,1.01,"N"
"13652",20.96771,86.01116,343.57,0.51,0.66,"2026-02-15",1908,"N20","nominal","2.0NRT",292.62,7.59,"N"
"13653",20.96859,86.00131,303.46,0.51,0.66,"2026-02-15",1908,"N20","nominal","2.0NRT",291.92,3.32,"N"
"13654",20.96815,86.00621,305.39,0.51,0.66,"2026-02-15",1908,"N20","nominal","2.0NRT",292.27,3.32,"N"
"13655",19.56259,97.40337,302.48,0.38,0.36,"2026-02-15",1908,"N20","nominal","2.0NRT",289.93,0.77,"N"
"13656",19.56201,97.407,312.94,0.38,0.36,"2026-02-15",1908,"N20","nominal","2.0NRT",292.72,0.77,"N"
"13657",20.95239,86.04465,326.3,0.51,0.66,"2026-02-15",1908,"N20","nominal","2.0NRT",290.94,4.5,"N"
"13658",20.95197,86.04942,321.1,0.51,0.66,"2026-02-15",1908,"N20","nominal","2.0NRT",291.87,4.74,"N"
"13659",18.59564,102.95052,303.84,0.42,0.45,"2026-02-15",1908,"N20","nominal","2.0NRT",292.51,1.13,"N"
"13660",18.84616,101.48815,308.86,0.51,0.41,"2026-02-15",1908,"N20","nominal","2.0NRT",292.09,3.84,"N"
"13661",18.84239,101.48763,342.58,0.51,0.41,"2026-02-15",1908,"N20","nominal","2.0NRT",292.44,3.84,"N"
"13662",19.52113,97.45203,303.99,0.38,0.36,"2026-02-15",1908,"N20","nominal","2.0NRT",292,0.66,"N"
"13663",20.96908,85.16776,307.27,0.58,0.7,"2026-02-15",1908,"N20","nominal","2.0NRT",291.7,1.44,"N"
"13664",20.96862,85.17347,304.61,0.58,0.7,"2026-02-15",1908,"N20","nominal","2.0NRT",291.87,1.44,"N"
"13665",20.96263,85.16724,303.63,0.58,0.7,"2026-02-15",1908,"N20","nominal","2.0NRT",291.43,1.44,"N"
"13666",20.96218,85.1729,305.87,0.58,0.7,"2026-02-15",1908,"N20","nominal","2.0NRT",291.89,1.44,"N"
"13667",19.51398,97.4545,302.59,0.38,0.36,"2026-02-15",1908,"N20","nominal","2.0NRT",291.87,1.12,"N"
"13668",20.96178,85.01166,301.89,0.59,0.7,"2026-02-15",1908,"N20","nominal","2.0NRT",289.98,1.4,"N"
"13669",19.51881,97.38083,303.96,0.38,0.36,"2026-02-15",1908,"N20","nominal","2.0NRT",290.96,1.01,"N"
"13670",19.93584,94.505,296.83,0.45,0.39,"2026-02-15",1908,"N20","nominal","2.0NRT",286.44,0.71,"N"
"13671",19.67556,96.29268,300.27,0.39,0.37,"2026-02-15",1908,"N20","nominal","2.0NRT",288.03,0.89,"N"
"13672",19.9081,94.65363,301.57,0.45,0.39,"2026-02-15",1908,"N20","nominal","2.0NRT",291.2,0.69,"N"
"13673",19.90751,94.65784,305.02,0.45,0.39,"2026-02-15",1908,"N20","nominal","2.0NRT",289.4,0.82,"N"
"13674",19.66941,96.311,313.43,0.39,0.37,"2026-02-15",1908,"N20","nominal","2.0NRT",293.56,2.15,"N"
"13675",19.50622,97.37491,301.6,0.38,0.36,"2026-02-15",1908,"N20","nominal","2.0NRT",289.31,0.54,"N"
"13676",19.01772,100.30095,303.2,0.45,0.39,"2026-02-15",1908,"N20","nominal","2.0NRT",291.35,1.08,"N"
"13677",19.01701,100.305,307.05,0.45,0.39,"2026-02-15",1908,"N20","nominal","2.0NRT",291.29,1.03,"N"
"13678",19.908,94.65488,300.9,0.44,0.39,"2026-02-15",1908,"N20","nominal","2.0NRT",290,0.88,"N"
"13679",19.9074,94.65909,303.44,0.44,0.39,"2026-02-15",1908,"N20","nominal","2.0NRT",289.78,0.73,"N"
"13680",19.01729,100.30191,315.82,0.45,0.39,"2026-02-15",1908,"N20","nominal","2.0NRT",292.2,1.37,"N"
"13681",19.65035,96.37373,305.3,0.39,0.36,"2026-02-15",1908,"N20","nominal","2.0NRT",291.89,1.49,"N"
"13682",19.01377,100.30127,305.96,0.45,0.39,"2026-02-15",1908,"N20","nominal","2.0NRT",291.59,0.61,"N"
"13683",19.64645,96.37693,329.9,0.39,0.36,"2026-02-15",1908,"N20","nominal","2.0NRT",293.31,1.49,"N"
"13684",19.64703,96.37314,316.61,0.39,0.36,"2026-02-15",1908,"N20","nominal","2.0NRT",293.02,1.49,"N"
"13685",19.84254,95.03436,299.83,0.43,0.38,"2026-02-15",1908,"N20","nominal","2.0NRT",287.83,0.4,"N"
"13686",19.64313,96.3763,305.55,0.39,0.36,"2026-02-15",1908,"N20","nominal","2.0NRT",294.23,1.31,"N"
"13687",19.64097,96.36805,327.39,0.39,0.36,"2026-02-15",1908,"N20","nominal","2.0NRT",296.84,2.92,"N"
"13688",19.64039,96.37186,314.96,0.39,0.36,"2026-02-15",1908,"N20","nominal","2.0NRT",295.09,1.31,"N"
"13689",18.457,103.28876,322.64,0.44,0.46,"2026-02-15",1908,"N20","nominal","2.0NRT",296.54,2.72,"N"
"13690",20.97352,85.17756,304.81,0.58,0.7,"2026-02-15",1908,"N20","nominal","2.0NRT",291.11,2.48,"N"
"13691",19.63834,96.34042,302.94,0.39,0.36,"2026-02-15",1908,"N20","nominal","2.0NRT",291.55,0.5,"N"
"13692",19.63778,96.34415,304.04,0.39,0.36,"2026-02-15",1908,"N20","nominal","2.0NRT",291.97,0.5,"N"
"13693",20.96806,85.16559,303.73,0.58,0.7,"2026-02-15",1908,"N20","nominal","2.0NRT",291.97,2.98,"N"
"13694",20.96756,85.17134,309.1,0.58,0.7,"2026-02-15",1908,"N20","nominal","2.0NRT",292.31,1.63,"N"
"13695",20.96707,85.17701,302.04,0.58,0.7,"2026-02-15",1908,"N20","nominal","2.0NRT",291.97,1.63,"N"
"13696",20.96611,85.18822,305.36,0.58,0.7,"2026-02-15",1908,"N20","nominal","2.0NRT",291.92,3.11,"N"
"13697",19.63501,96.33987,311.4,0.39,0.36,"2026-02-15",1908,"N20","nominal","2.0NRT",292.15,1.76,"N"
"13698",18.45362,103.28359,306.81,0.44,0.46,"2026-02-15",1908,"N20","nominal","2.0NRT",295.53,1.89,"N"
"13699",18.45279,103.28806,318.8,0.44,0.46,"2026-02-15",1908,"N20","nominal","2.0NRT",296.91,1.89,"N"
"13700",20.96112,85.17078,303.73,0.58,0.7,"2026-02-15",1908,"N20","nominal","2.0NRT",290.97,1.63,"N"
"13701",18.44931,103.28342,313.75,0.44,0.46,"2026-02-15",1908,"N20","nominal","2.0NRT",294.21,1.89,"N"
"13702",20.96174,85.00983,300.1,0.59,0.7,"2026-02-15",1908,"N20","nominal","2.0NRT",289.65,1.78,"N"
"13703",19.61491,96.3597,308.08,0.39,0.36,"2026-02-15",1908,"N20","nominal","2.0NRT",296.45,1.13,"N"
"13704",19.61434,96.36344,313.2,0.39,0.36,"2026-02-15",1908,"N20","nominal","2.0NRT",296.9,1.13,"N"
"13705",19.61377,96.3672,307.74,0.39,0.36,"2026-02-15",1908,"N20","nominal","2.0NRT",296.41,1.35,"N"
"13706",19.60387,96.34225,314.33,0.39,0.36,"2026-02-15",1908,"N20","nominal","2.0NRT",293.25,1.87,"N"
"13707",19.60054,96.34167,311.25,0.39,0.36,"2026-02-15",1908,"N20","nominal","2.0NRT",290.32,1.31,"N"
"13708",19.59552,96.35232,312.78,0.39,0.36,"2026-02-15",1908,"N20","nominal","2.0NRT",291.71,1.45,"N"
"13709",19.59495,96.35606,313.68,0.39,0.36,"2026-02-15",1908,"N20","nominal","2.0NRT",294.23,1.72,"N"
"13710",19.59268,96.37118,307.49,0.39,0.36,"2026-02-15",1908,"N20","nominal","2.0NRT",295.91,2.12,"N"
"13711",19.5871,96.38544,321.27,0.39,0.36,"2026-02-15",1908,"N20","nominal","2.0NRT",295.12,2.57,"N"
"13712",18.71985,101.58141,302.14,0.52,0.41,"2026-02-15",1908,"N20","nominal","2.0NRT",291.06,0.36,"N"
"13713",20.89205,84.98031,331.59,0.6,0.7,"2026-02-15",1908,"N20","nominal","2.0NRT",290.54,4.28,"N"
"13714",19.58156,96.37694,320.97,0.39,0.36,"2026-02-15",1908,"N20","nominal","2.0NRT",297.1,3.89,"N"
"13715",19.58212,96.37324,313.32,0.39,0.36,"2026-02-15",1908,"N20","nominal","2.0NRT",295.32,1.78,"N"
"13716",20.88553,84.97977,328.23,0.6,0.7,"2026-02-15",1908,"N20","nominal","2.0NRT",291.43,4.28,"N"
"13717",19.57656,96.38736,301.18,0.39,0.36,"2026-02-15",1908,"N20","nominal","2.0NRT",291.03,1.25,"N"
"13718",19.57601,96.39102,302.76,0.39,0.36,"2026-02-15",1908,"N20","nominal","2.0NRT",291.44,0.71,"N"
"13719",19.82847,94.62921,296.49,0.45,0.39,"2026-02-15",1908,"N20","nominal","2.0NRT",283.87,0.41,"N"
"13720",19.82907,94.54671,299.35,0.45,0.39,"2026-02-15",1908,"N20","nominal","2.0NRT",286.63,0.58,"N"
"13721",19.82612,94.56796,299.23,0.45,0.39,"2026-02-15",1908,"N20","nominal","2.0NRT",288.25,0.46,"N"
"13722",18.41125,103.07533,304.79,0.42,0.46,"2026-02-15",1908,"N20","nominal","2.0NRT",290.9,0.39,"N"
"13723",18.41253,103.04644,299.69,0.42,0.45,"2026-02-15",1908,"N20","nominal","2.0NRT",289.64,0.26,"N"
"13724",18.41176,103.05041,310.14,0.42,0.45,"2026-02-15",1908,"N20","nominal","2.0NRT",291.83,1.34,"N"
"13725",18.40865,103.06652,306.08,0.42,0.46,"2026-02-15",1908,"N20","nominal","2.0NRT",290.19,1.4,"N"
"13726",19.66155,95.67561,298.28,0.41,0.37,"2026-02-15",1908,"N20","nominal","2.0NRT",286.21,0.22,"N"
"13727",19.55211,96.4137,306.1,0.39,0.36,"2026-02-15",1908,"N20","nominal","2.0NRT",292.59,1.4,"N"
"13728",19.55098,96.42124,307.73,0.39,0.36,"2026-02-15",1908,"N20","nominal","2.0NRT",295.6,1.49,"N"
"13729",19.82427,94.50261,299.97,0.45,0.39,"2026-02-15",1908,"N20","nominal","2.0NRT",288.86,0.54,"N"
"13730",19.55661,96.36114,310.19,0.39,0.36,"2026-02-15",1908,"N20","nominal","2.0NRT",296.42,1.75,"N"
"13731",19.54489,96.41628,329.18,0.39,0.36,"2026-02-15",1908,"N20","nominal","2.0NRT",293.59,2.06,"N"
"13732",19.77284,94.84717,313.54,0.44,0.38,"2026-02-15",1908,"N20","nominal","2.0NRT",290.82,1.34,"N"
"13733",19.54433,96.42007,315.79,0.39,0.36,"2026-02-15",1908,"N20","nominal","2.0NRT",294.32,2.06,"N"
"13734",19.8249,94.50446,301.17,0.45,0.39,"2026-02-15",1908,"N20","nominal","2.0NRT",288.98,0.95,"N"
"13735",19.54037,96.42761,308.92,0.39,0.36,"2026-02-15",1908,"N20","nominal","2.0NRT",294.41,1.07,"N"
"13736",19.77183,94.84846,315.22,0.44,0.38,"2026-02-15",1908,"N20","nominal","2.0NRT",291.93,1.94,"N"
"13737",19.76833,94.84791,316.19,0.44,0.38,"2026-02-15",1908,"N20","nominal","2.0NRT",292.83,1.63,"N"
"13738",18.41382,103.05171,301.89,0.42,0.45,"2026-02-15",1908,"N20","nominal","2.0NRT",291.56,0.74,"N"
"13739",18.41158,103.06383,304.92,0.42,0.46,"2026-02-15",1908,"N20","nominal","2.0NRT",290.86,0.73,"N"
"13740",18.41082,103.06792,300.45,0.42,0.46,"2026-02-15",1908,"N20","nominal","2.0NRT",290.1,0.86,"N"
"13741",18.40932,103.07602,302.15,0.43,0.46,"2026-02-15",1908,"N20","nominal","2.0NRT",291.11,0.76,"N"
"13742",19.80153,94.59184,301.64,0.45,0.39,"2026-02-15",1908,"N20","nominal","2.0NRT",287.24,0.84,"N"
"13743",18.40966,103.05103,302.28,0.42,0.45,"2026-02-15",1908,"N20","nominal","2.0NRT",291,0.74,"N"
"13744",18.40667,103.06719,301.36,0.42,0.46,"2026-02-15",1908,"N20","nominal","2.0NRT",290.41,0.86,"N"
"13745",19.79747,94.56949,305.65,0.45,0.39,"2026-02-15",1908,"N20","nominal","2.0NRT",287.18,1.12,"N"
"13746",20.89222,84.9799,336.18,0.6,0.7,"2026-02-15",1908,"N20","nominal","2.0NRT",290.16,4.32,"N"
"13747",20.8857,84.97939,325.22,0.6,0.7,"2026-02-15",1908,"N20","nominal","2.0NRT",291.45,4.32,"N"
"13748",18.52304,102.34536,307.04,0.38,0.43,"2026-02-15",1908,"N20","nominal","2.0NRT",293.88,1.31,"N"
"13749",18.52158,102.35335,308.73,0.38,0.43,"2026-02-15",1908,"N20","nominal","2.0NRT",292.43,1.49,"N"
"13750",18.25117,103.77637,320.16,0.47,0.48,"2026-02-15",1908,"N20","nominal","2.0NRT",292.18,1.9,"N"
"13751",19.36103,97.38708,331.36,0.38,0.36,"2026-02-15",1908,"N20","nominal","2.0NRT",292.11,2.54,"N"
"13752",19.36046,97.39069,324.68,0.38,0.36,"2026-02-15",1908,"N20","nominal","2.0NRT",290.76,2.17,"N"
"13753",19.78866,94.52935,311.29,0.45,0.39,"2026-02-15",1908,"N20","nominal","2.0NRT",290.35,2.53,"N"
"13754",19.78747,94.53775,312.29,0.45,0.39,"2026-02-15",1908,"N20","nominal","2.0NRT",291.43,1.84,"N"
"13755",19.78748,94.51201,309.68,0.45,0.39,"2026-02-15",1908,"N20","nominal","2.0NRT",292.96,1.44,"N"
"13756",19.35774,97.38651,309.73,0.38,0.36,"2026-02-15",1908,"N20","nominal","2.0NRT",289.99,1.19,"N"
"13757",18.89585,100.18459,302.86,0.44,0.39,"2026-02-15",1908,"N20","nominal","2.0NRT",292.59,0.72,"N"
"13758",18.89513,100.1888,303.02,0.44,0.39,"2026-02-15",1908,"N20","nominal","2.0NRT",292.85,0.59,"N"
"13759",18.88856,100.22683,303.87,0.44,0.39,"2026-02-15",1908,"N20","nominal","2.0NRT",292.25,0.92,"N"
"13760",19.69519,95.13214,301.91,0.42,0.38,"2026-02-15",1908,"N20","nominal","2.0NRT",290.95,0.65,"N"
"13761",19.50722,96.39888,319.63,0.39,0.36,"2026-02-15",1908,"N20","nominal","2.0NRT",290.28,1.85,"N"
"13762",18.88144,100.24708,306.25,0.44,0.39,"2026-02-15",1908,"N20","nominal","2.0NRT",292.98,2.14,"N"
"13763",19.69172,95.13166,307.13,0.42,0.38,"2026-02-15",1908,"N20","nominal","2.0NRT",292.86,1.35,"N"
"13764",19.77324,94.53567,304.57,0.45,0.39,"2026-02-15",1908,"N20","nominal","2.0NRT",291.67,1.79,"N"
"13765",19.7169,94.9321,298.13,0.43,0.38,"2026-02-15",1908,"N20","nominal","2.0NRT",286.11,0.54,"N"
"13766",19.18267,98.41457,298.72,0.39,0.36,"2026-02-15",1908,"N20","nominal","2.0NRT",287.69,1.01,"N"
"13767",19.18207,98.41828,317.2,0.39,0.36,"2026-02-15",1908,"N20","nominal","2.0NRT",288.2,1.01,"N"
"13768",19.76971,94.53502,327.88,0.45,0.39,"2026-02-15",1908,"N20","nominal","2.0NRT",292.73,2.05,"N"
"13769",19.77033,94.53057,299.21,0.45,0.39,"2026-02-15",1908,"N20","nominal","2.0NRT",285.62,0.44,"N"
"13770",19.76911,94.53926,315.04,0.45,0.39,"2026-02-15",1908,"N20","nominal","2.0NRT",293.89,2.05,"N"
"13771",19.17875,98.41767,300.02,0.39,0.36,"2026-02-15",1908,"N20","nominal","2.0NRT",286.69,0.51,"N"
"13772",20.81015,85.25536,307.08,0.57,0.69,"2026-02-15",1908,"N20","nominal","2.0NRT",291.95,1.94,"N"
"13773",19.76617,94.53436,307.76,0.45,0.39,"2026-02-15",1908,"N20","nominal","2.0NRT",287.47,2.05,"N"
"13774",19.70756,94.94748,300.69,0.43,0.38,"2026-02-15",1908,"N20","nominal","2.0NRT",289.63,0.55,"N"
"13775",19.34129,97.38364,308.94,0.38,0.36,"2026-02-15",1908,"N20","nominal","2.0NRT",291.73,0.77,"N"
"13776",19.33843,97.40173,309.29,0.38,0.36,"2026-02-15",1908,"N20","nominal","2.0NRT",290.8,0.79,"N"
"13777",18.10279,104.37645,307.86,0.52,0.5,"2026-02-15",1908,"N20","nominal","2.0NRT",292.48,1.25,"N"
"13778",18.12155,104.25698,299.43,0.51,0.49,"2026-02-15",1908,"N20","nominal","2.0NRT",289.24,0.68,"N"
"13779",20.7978,85.24877,310.09,0.57,0.69,"2026-02-15",1908,"N20","nominal","2.0NRT",290.24,3.03,"N"
"13780",20.79734,85.2543,317.29,0.57,0.69,"2026-02-15",1908,"N20","nominal","2.0NRT",291.89,3.03,"N"
"13781",20.79049,85.25904,309.58,0.57,0.69,"2026-02-15",1908,"N20","nominal","2.0NRT",292.48,3.66,"N"
"13782",19.33199,97.37831,307.06,0.38,0.36,"2026-02-15",1908,"N20","nominal","2.0NRT",291.11,0.68,"N"
"13783",19.33142,97.38193,301.5,0.38,0.36,"2026-02-15",1908,"N20","nominal","2.0NRT",291.34,0.68,"N"
"13784",19.32799,97.40363,311.2,0.38,0.36,"2026-02-15",1908,"N20","nominal","2.0NRT",291.72,0.9,"N"
"13785",17.9747,104.94944,300.89,0.57,0.52,"2026-02-15",1908,"N20","nominal","2.0NRT",290.08,1.03,"N"
"13786",19.32413,97.40668,303.47,0.38,0.36,"2026-02-15",1908,"N20","nominal","2.0NRT",291.36,0.58,"N"
"13787",18.07393,104.3797,340.31,0.52,0.5,"2026-02-15",1908,"N20","nominal","2.0NRT",294.74,5.95,"N"
"13788",19.47223,96.40454,306.53,0.39,0.36,"2026-02-15",1908,"N20","nominal","2.0NRT",293.23,1.14,"N"
"13789",19.19753,98.15616,302.1,0.39,0.36,"2026-02-15",1908,"N20","nominal","2.0NRT",289.99,1.06,"N"
"13790",19.19695,98.15974,304.5,0.39,0.36,"2026-02-15",1908,"N20","nominal","2.0NRT",288.28,0.3,"N"
"13791",18.07481,104.37523,313.6,0.52,0.5,"2026-02-15",1908,"N20","nominal","2.0NRT",291.69,5.95,"N"
"13792",18.10494,104.19945,328.67,0.51,0.49,"2026-02-15",1908,"N20","nominal","2.0NRT",292.79,2.78,"N"
"13793",18.07028,104.37437,343.75,0.52,0.5,"2026-02-15",1908,"N20","nominal","2.0NRT",293.38,20.76,"N"
"13794",18.06941,104.37877,335.56,0.52,0.5,"2026-02-15",1908,"N20","nominal","2.0NRT",297.32,20.76,"N"
"13795",20.76175,85.29514,317.83,0.57,0.69,"2026-02-15",1908,"N20","nominal","2.0NRT",293.27,3.16,"N"
"13796",19.66344,95.08199,304.1,0.43,0.38,"2026-02-15",1908,"N20","nominal","2.0NRT",293.03,1.02,"N"
"13797",19.31197,97.41944,306.22,0.38,0.36,"2026-02-15",1908,"N20","nominal","2.0NRT",291.58,0.85,"N"
"13798",18.10587,104.19474,305.79,0.51,0.49,"2026-02-15",1908,"N20","nominal","2.0NRT",289.91,2.78,"N"
"13799",19.67737,94.95927,305.66,0.43,0.38,"2026-02-15",1908,"N20","nominal","2.0NRT",289.5,0.8,"N"
"13800",19.66056,95.07735,301.81,0.43,0.38,"2026-02-15",1908,"N20","nominal","2.0NRT",290.59,1.02,"N"
"13801",19.46614,96.39966,302.46,0.39,0.36,"2026-02-15",1908,"N20","nominal","2.0NRT",290.48,1.21,"N"
"13802",19.46443,96.41102,317.9,0.39,0.36,"2026-02-15",1908,"N20","nominal","2.0NRT",297.95,1.41,"N"
"13803",19.46387,96.41477,309.75,0.39,0.36,"2026-02-15",1908,"N20","nominal","2.0NRT",296.97,1.41,"N"
"13804",19.30868,97.41886,311.13,0.38,0.36,"2026-02-15",1908,"N20","nominal","2.0NRT",290.82,0.85,"N"
"13805",19.30811,97.42249,313.06,0.38,0.36,"2026-02-15",1908,"N20","nominal","2.0NRT",290.34,0.85,"N"
"13806",18.8894,99.95122,306.36,0.43,0.38,"2026-02-15",1908,"N20","nominal","2.0NRT",291.47,0.71,"N"
"13807",19.65652,95.0808,303.29,0.43,0.38,"2026-02-15",1908,"N20","nominal","2.0NRT",290.39,0.84,"N"
"13808",19.45553,96.42482,327.88,0.39,0.36,"2026-02-15",1908,"N20","nominal","2.0NRT",297.56,1.36,"N"
"13809",19.45609,96.42107,312.22,0.39,0.36,"2026-02-15",1908,"N20","nominal","2.0NRT",296.85,1.88,"N"
"13810",19.45496,96.42857,308.72,0.39,0.36,"2026-02-15",1908,"N20","nominal","2.0NRT",296.32,1.36,"N"
"13811",19.72532,94.54115,305.93,0.45,0.39,"2026-02-15",1908,"N20","nominal","2.0NRT",291.7,0.88,"N"
"13812",19.45221,96.42419,307.17,0.39,0.36,"2026-02-15",1908,"N20","nominal","2.0NRT",296.52,1.91,"N"
"13813",19.45165,96.42791,317.33,0.39,0.36,"2026-02-15",1908,"N20","nominal","2.0NRT",297.05,1.91,"N"
"13814",19.4489,96.42349,336.14,0.39,0.36,"2026-02-15",1908,"N20","nominal","2.0NRT",298.42,1.91,"N"
"13815",19.71886,94.56155,299.26,0.45,0.39,"2026-02-15",1908,"N20","nominal","2.0NRT",285.91,0.38,"N"
"13816",19.71828,94.56575,297.38,0.45,0.39,"2026-02-15",1908,"N20","nominal","2.0NRT",287.02,0.38,"N"
"13817",19.69012,94.76757,297.42,0.44,0.38,"2026-02-15",1908,"N20","nominal","2.0NRT",285.92,0.69,"N"
"13818",19.68954,94.77177,309.77,0.44,0.38,"2026-02-15",1908,"N20","nominal","2.0NRT",286.04,0.91,"N"
"13819",19.45059,96.41229,308.84,0.39,0.36,"2026-02-15",1908,"N20","nominal","2.0NRT",290.69,1.58,"N"
"13820",19.71645,94.55284,309.85,0.45,0.39,"2026-02-15",1908,"N20","nominal","2.0NRT",293.86,1.04,"N"
"13821",19.71589,94.55692,301.47,0.45,0.39,"2026-02-15",1908,"N20","nominal","2.0NRT",289.36,1.04,"N"
"13822",19.71473,94.56521,308.82,0.45,0.39,"2026-02-15",1908,"N20","nominal","2.0NRT",287.43,0.9,"N"
"13823",19.71415,94.56944,303.45,0.45,0.39,"2026-02-15",1908,"N20","nominal","2.0NRT",288.37,0.8,"N"
"13824",19.44558,96.42284,311.34,0.39,0.36,"2026-02-15",1908,"N20","nominal","2.0NRT",293.7,0.84,"N"
"13825",19.71232,94.5565,305.72,0.45,0.39,"2026-02-15",1908,"N20","nominal","2.0NRT",290.96,1.04,"N"
"13826",19.71176,94.56052,300.25,0.45,0.39,"2026-02-15",1908,"N20","nominal","2.0NRT",288.12,0.9,"N"
"13827",19.68369,94.76222,313.29,0.44,0.38,"2026-02-15",1908,"N20","nominal","2.0NRT",285.97,1.5,"N"
"13828",19.70877,94.55603,307.1,0.45,0.39,"2026-02-15",1908,"N20","nominal","2.0NRT",292.48,1.98,"N"
"13829",19.44009,96.3914,317.61,0.39,0.36,"2026-02-15",1908,"N20","nominal","2.0NRT",291.19,1.97,"N"
"13830",19.70891,94.55727,308.93,0.45,0.39,"2026-02-15",1908,"N20","nominal","2.0NRT",291.42,1.99,"N"
"13831",19.63185,95.06512,298.03,0.43,0.38,"2026-02-15",1908,"N20","nominal","2.0NRT",287.54,0.59,"N"
"13832",19.66873,94.78644,297.47,0.44,0.38,"2026-02-15",1908,"N20","nominal","2.0NRT",285.49,0.39,"N"
"13833",19.6237,95.07227,305.66,0.43,0.38,"2026-02-15",1908,"N20","nominal","2.0NRT",291.89,1.25,"N"
"13834",19.62309,95.07648,314.1,0.43,0.38,"2026-02-15",1908,"N20","nominal","2.0NRT",294.44,1.25,"N"
"13835",19.65691,94.81866,303.35,0.44,0.38,"2026-02-15",1908,"N20","nominal","2.0NRT",289.69,0.73,"N"
"13836",19.6563,94.82285,301.97,0.44,0.38,"2026-02-15",1908,"N20","nominal","2.0NRT",290.52,0.73,"N"
"13837",18.83074,100.05396,310.13,0.44,0.38,"2026-02-15",1908,"N20","nominal","2.0NRT",293.96,2.07,"N"
"13838",18.83008,100.05782,315.79,0.44,0.38,"2026-02-15",1908,"N20","nominal","2.0NRT",294,1.96,"N"
"13839",19.65341,94.81809,300.44,0.44,0.38,"2026-02-15",1908,"N20","nominal","2.0NRT",288.49,0.73,"N"
"13840",19.6528,94.82229,313.85,0.44,0.38,"2026-02-15",1908,"N20","nominal","2.0NRT",291.07,0.73,"N"
"13841",18.90237,99.61147,300.9,0.42,0.38,"2026-02-15",1908,"N20","nominal","2.0NRT",289.6,0.84,"N"
"13842",19.65769,94.7634,324.44,0.44,0.38,"2026-02-15",1908,"N20","nominal","2.0NRT",290.56,2.68,"N"
"13843",20.75969,85.29263,305.32,0.57,0.69,"2026-02-15",1908,"N20","nominal","2.0NRT",291.1,1.33,"N"
"13844",20.7592,85.29824,301.8,0.57,0.69,"2026-02-15",1908,"N20","nominal","2.0NRT",291.38,1.33,"N"
"13845",19.63653,94.81093,325.53,0.44,0.38,"2026-02-15",1908,"N20","nominal","2.0NRT",287.84,1.47,"N"
"13846",19.67166,94.56444,298.6,0.45,0.39,"2026-02-15",1908,"N20","nominal","2.0NRT",287.25,1.09,"N"
"13847",19.63303,94.81036,301.79,0.44,0.38,"2026-02-15",1908,"N20","nominal","2.0NRT",285.34,1.47,"N"
"13848",18.98249,99.00861,304.38,0.4,0.37,"2026-02-15",1908,"N20","nominal","2.0NRT",292.17,0.54,"N"
"13849",19.66398,94.56755,303.11,0.45,0.39,"2026-02-15",1908,"N20","nominal","2.0NRT",288.67,0.75,"N"
"13850",19.65985,94.57118,316.81,0.45,0.39,"2026-02-15",1908,"N20","nominal","2.0NRT",288.94,2.15,"N"
"13851",19.52664,95.49548,302.46,0.41,0.37,"2026-02-15",1908,"N20","nominal","2.0NRT",288.89,0.64,"N"
"13852",19.58739,95.02908,300.57,0.43,0.38,"2026-02-15",1908,"N20","nominal","2.0NRT",288.57,0.66,"N"
"13853",19.60374,94.89014,305.43,0.43,0.38,"2026-02-15",1908,"N20","nominal","2.0NRT",289.58,0.95,"N"
"13854",19.58682,95.0083,304.75,0.43,0.38,"2026-02-15",1908,"N20","nominal","2.0NRT",289.71,0.95,"N"
"13855",19.58276,95.01183,303.98,0.43,0.38,"2026-02-15",1908,"N20","nominal","2.0NRT",291.59,0.95,"N"
"13856",18.84978,99.67101,301.07,0.42,0.38,"2026-02-15",1908,"N20","nominal","2.0NRT",290.54,0.5,"N"
"13857",18.00357,104.27736,307.92,0.51,0.5,"2026-02-15",1908,"N20","nominal","2.0NRT",291.52,1.83,"N"
"13858",18.00267,104.28195,310.09,0.51,0.5,"2026-02-15",1908,"N20","nominal","2.0NRT",293.97,2.83,"N"
"13859",19.60082,94.86053,308.34,0.43,0.38,"2026-02-15",1908,"N20","nominal","2.0NRT",294.41,1.81,"N"
"13860",19.57234,95.05966,296.77,0.43,0.38,"2026-02-15",1908,"N20","nominal","2.0NRT",285.78,0.36,"N"
"13861",19.48848,95.63667,303.34,0.41,0.37,"2026-02-15",1908,"N20","nominal","2.0NRT",290.18,0.51,"N"
"13862",19.21885,97.3622,307.92,0.38,0.36,"2026-02-15",1908,"N20","nominal","2.0NRT",290.91,1,"N"
"13863",19.21498,97.36523,305.76,0.38,0.36,"2026-02-15",1908,"N20","nominal","2.0NRT",292.31,1.18,"N"
"13864",18.84282,99.62888,300.96,0.42,0.38,"2026-02-15",1908,"N20","nominal","2.0NRT",290.85,0.76,"N"
"13865",19.49767,95.47871,309.92,0.41,0.37,"2026-02-15",1908,"N20","nominal","2.0NRT",288.49,1.13,"N"
"13866",19.21169,97.36466,319.34,0.38,0.36,"2026-02-15",1908,"N20","nominal","2.0NRT",293.26,2.64,"N"
"13867",19.2084,97.36407,340.28,0.38,0.36,"2026-02-15",1908,"N20","nominal","2.0NRT",295.38,2.64,"N"
"13868",19.56541,94.98405,313.3,0.43,0.38,"2026-02-15",1908,"N20","nominal","2.0NRT",289.86,1.67,"N"
"13869",19.55846,95.03281,305.01,0.43,0.38,"2026-02-15",1908,"N20","nominal","2.0NRT",288.74,0.83,"N"
"13870",19.49369,95.48209,304.19,0.41,0.37,"2026-02-15",1908,"N20","nominal","2.0NRT",290.26,0.94,"N"
"13871",19.20669,97.37492,307.21,0.38,0.36,"2026-02-15",1908,"N20","nominal","2.0NRT",291.43,0.98,"N"
"13872",19.20454,97.36712,322.24,0.38,0.36,"2026-02-15",1908,"N20","nominal","2.0NRT",293.52,2.05,"N"
"13873",19.20397,97.37074,315.79,0.38,0.36,"2026-02-15",1908,"N20","nominal","2.0NRT",294,1.27,"N"
"13874",19.22401,97.22178,311.58,0.38,0.36,"2026-02-15",1908,"N20","nominal","2.0NRT",291.79,1.11,"N"
"13875",19.22344,97.2254,305.23,0.38,0.36,"2026-02-15",1908,"N20","nominal","2.0NRT",289.8,0.47,"N"
"13876",19.54806,95.03108,317.92,0.43,0.38,"2026-02-15",1908,"N20","nominal","2.0NRT",289.81,1.31,"N"
"13877",19.54748,95.03513,302.96,0.43,0.38,"2026-02-15",1908,"N20","nominal","2.0NRT",288.53,1.16,"N"
"13878",19.22072,97.22119,306.54,0.38,0.36,"2026-02-15",1908,"N20","nominal","2.0NRT",290.29,1.13,"N"
"13879",17.94774,104.34592,304.79,0.52,0.5,"2026-02-15",1908,"N20","nominal","2.0NRT",290.49,1.45,"N"
"13880",19.54459,95.0305,316.29,0.43,0.38,"2026-02-15",1908,"N20","nominal","2.0NRT",288.91,1.31,"N"
"13881",18.81339,99.6764,305.61,0.42,0.38,"2026-02-15",1908,"N20","nominal","2.0NRT",291.06,0.56,"N"
"13882",19.54112,95.02992,301.99,0.43,0.38,"2026-02-15",1908,"N20","nominal","2.0NRT",287.99,1.1,"N"
"13883",19.54055,95.03395,305.04,0.43,0.38,"2026-02-15",1908,"N20","nominal","2.0NRT",289.97,1.12,"N"
"13884",19.5279,95.12288,303.73,0.42,0.38,"2026-02-15",1908,"N20","nominal","2.0NRT",293.61,0.99,"N"
"13885",19.52733,95.12685,305.57,0.42,0.38,"2026-02-15",1908,"N20","nominal","2.0NRT",293.06,0.99,"N"
"13886",18.80928,99.67968,302.98,0.42,0.38,"2026-02-15",1908,"N20","nominal","2.0NRT",291.43,0.74,"N"
"13887",19.52499,95.11847,316.6,0.42,0.38,"2026-02-15",1908,"N20","nominal","2.0NRT",294.21,1.59,"N"
"13888",18.80648,99.65479,301.53,0.42,0.38,"2026-02-15",1908,"N20","nominal","2.0NRT",291.24,0.87,"N"
"13889",18.80373,99.65527,303.8,0.42,0.38,"2026-02-15",1908,"N20","nominal","2.0NRT",291.54,0.56,"N"
"13890",18.80096,99.6507,307.75,0.42,0.38,"2026-02-15",1908,"N20","nominal","2.0NRT",291.01,1.22,"N"
"13891",19.44254,95.59025,297.58,0.41,0.37,"2026-02-15",1908,"N20","nominal","2.0NRT",286.04,0.33,"N"
"13892",19.19213,97.22769,298.41,0.38,0.36,"2026-02-15",1908,"N20","nominal","2.0NRT",287.43,0.55,"N"
"13893",17.9474,104.34366,307.2,0.52,0.5,"2026-02-15",1908,"N20","nominal","2.0NRT",290.92,1.38,"N"
"13894",19.45479,95.46062,332.33,0.41,0.37,"2026-02-15",1908,"N20","nominal","2.0NRT",294.09,1.57,"N"
"13895",19.48149,95.27946,303.45,0.42,0.38,"2026-02-15",1908,"N20","nominal","2.0NRT",289.28,0.94,"N"
"13896",19.45595,95.45276,301.03,0.41,0.37,"2026-02-15",1908,"N20","nominal","2.0NRT",289.93,0.72,"N"
"13897",19.45537,95.4567,303.97,0.41,0.37,"2026-02-15",1908,"N20","nominal","2.0NRT",291.26,0.72,"N"
"13898",19.45421,95.46455,308.44,0.41,0.37,"2026-02-15",1908,"N20","nominal","2.0NRT",290.76,1.57,"N"
"13899",19.45138,95.46003,305.47,0.41,0.37,"2026-02-15",1908,"N20","nominal","2.0NRT",288.41,1.57,"N"
"13900",18.92395,98.82969,298.59,0.4,0.37,"2026-02-15",1908,"N20","nominal","2.0NRT",287.96,0.26,"N"
"13901",19.56661,94.61825,302.23,0.44,0.39,"2026-02-15",1908,"N20","nominal","2.0NRT",290.82,1.14,"N"
"13902",19.56548,94.62617,305.7,0.44,0.39,"2026-02-15",1908,"N20","nominal","2.0NRT",286.22,1.42,"N"
"13903",19.5463,94.76005,305.02,0.44,0.38,"2026-02-15",1908,"N20","nominal","2.0NRT",292.34,1.98,"N"
"13904",19.52379,94.91629,314.3,0.43,0.38,"2026-02-15",1908,"N20","nominal","2.0NRT",288.67,1.77,"N"
"13905",19.44803,95.43539,297.3,0.41,0.37,"2026-02-15",1908,"N20","nominal","2.0NRT",287.07,0.69,"N"
"13906",19.43879,95.49801,304.91,0.41,0.37,"2026-02-15",1908,"N20","nominal","2.0NRT",290.43,0.65,"N"
"13907",19.56137,94.62969,297.02,0.44,0.39,"2026-02-15",1908,"N20","nominal","2.0NRT",285.06,0.77,"N"
"13908",19.15714,97.2997,308.35,0.38,0.36,"2026-02-15",1908,"N20","nominal","2.0NRT",293.18,1.35,"N"
"13909",19.44874,95.3591,305.15,0.42,0.37,"2026-02-15",1908,"N20","nominal","2.0NRT",287.39,0.64,"N"
"13910",19.44586,95.37877,300.84,0.42,0.37,"2026-02-15",1908,"N20","nominal","2.0NRT",286.54,0.26,"N"
"13911",19.15328,97.30275,318.27,0.38,0.36,"2026-02-15",1908,"N20","nominal","2.0NRT",292.98,1.44,"N"
"13912",19.15271,97.30637,316.75,0.38,0.36,"2026-02-15",1908,"N20","nominal","2.0NRT",294.17,1.44,"N"
"13913",19.15214,97.30998,304.72,0.38,0.36,"2026-02-15",1908,"N20","nominal","2.0NRT",294.36,1.2,"N"
"13914",19.54186,94.69066,300.32,0.44,0.38,"2026-02-15",1908,"N20","nominal","2.0NRT",284.13,0.56,"N"
"13915",19.53289,94.75351,306.93,0.44,0.38,"2026-02-15",1908,"N20","nominal","2.0NRT",291.32,1.32,"N"
"13916",19.51991,94.84408,299.08,0.43,0.38,"2026-02-15",1908,"N20","nominal","2.0NRT",283.9,0.94,"N"
"13917",19.51932,94.8482,308.89,0.43,0.38,"2026-02-15",1908,"N20","nominal","2.0NRT",284.6,0.62,"N"
"13918",19.51873,94.85233,297.69,0.43,0.38,"2026-02-15",1908,"N20","nominal","2.0NRT",283.9,0.62,"N"
"13919",19.41082,95.593,302.62,0.41,0.37,"2026-02-15",1908,"N20","nominal","2.0NRT",287.3,1.02,"N"
"13920",19.14885,97.30941,315.8,0.38,0.36,"2026-02-15",1908,"N20","nominal","2.0NRT",291.96,1.2,"N"
"13921",19.14828,97.31303,314.96,0.38,0.36,"2026-02-15",1908,"N20","nominal","2.0NRT",293.47,1.2,"N"
"13922",19.14771,97.31664,304.33,0.38,0.36,"2026-02-15",1908,"N20","nominal","2.0NRT",291.96,1.07,"N"
"13923",19.5449,94.64406,295.16,0.44,0.39,"2026-02-15",1908,"N20","nominal","2.0NRT",283.27,0.24,"N"
"13924",19.53835,94.69009,300.2,0.44,0.38,"2026-02-15",1908,"N20","nominal","2.0NRT",284.34,0.89,"N"
"13925",19.52699,94.76969,307.64,0.44,0.38,"2026-02-15",1908,"N20","nominal","2.0NRT",292.78,1.3,"N"
"13926",19.40743,95.59241,305.26,0.41,0.37,"2026-02-15",1908,"N20","nominal","2.0NRT",284.88,0.57,"N"
"13927",19.14442,97.31606,306.93,0.38,0.36,"2026-02-15",1908,"N20","nominal","2.0NRT",291.77,1.4,"N"
"13928",19.51057,94.85941,296.07,0.43,0.38,"2026-02-15",1908,"N20","nominal","2.0NRT",284.81,0.58,"N"
"13929",19.39434,95.65748,302.52,0.41,0.37,"2026-02-15",1908,"N20","nominal","2.0NRT",285.56,0.54,"N"
"13930",19.39436,95.63381,306.27,0.41,0.37,"2026-02-15",1908,"N20","nominal","2.0NRT",288.95,1.07,"N"
"13931",19.39095,95.6569,312.65,0.41,0.37,"2026-02-15",1908,"N20","nominal","2.0NRT",286.55,1.07,"N"
"13932",19.45991,95.16175,300.99,0.42,0.38,"2026-02-15",1908,"N20","nominal","2.0NRT",288.67,0.42,"N"
"13933",19.39041,95.63709,315.69,0.41,0.37,"2026-02-15",1908,"N20","nominal","2.0NRT",290.93,1.07,"N"
"13934",19.38984,95.64095,311.18,0.41,0.37,"2026-02-15",1908,"N20","nominal","2.0NRT",290.7,1.38,"N"
"13935",18.67312,100.10604,304,0.44,0.38,"2026-02-15",1908,"N20","nominal","2.0NRT",293.79,1.67,"N"
"13936",19.44953,95.1603,307.91,0.42,0.38,"2026-02-15",1908,"N20","nominal","2.0NRT",292.86,1.22,"N"
"13937",19.38537,95.60051,308.35,0.41,0.37,"2026-02-15",1908,"N20","nominal","2.0NRT",286.43,0.34,"N"
"13938",19.4472,95.15205,333.17,0.42,0.38,"2026-02-15",1908,"N20","nominal","2.0NRT",295.99,3.42,"N"
"13939",19.44663,95.15595,333.75,0.42,0.38,"2026-02-15",1908,"N20","nominal","2.0NRT",296.22,3.42,"N"
"13940",19.38198,95.59994,307.3,0.41,0.37,"2026-02-15",1908,"N20","nominal","2.0NRT",285.88,0.34,"N"
"13941",19.35812,95.76174,304.82,0.4,0.37,"2026-02-15",1908,"N20","nominal","2.0NRT",291.15,0.64,"N"
"13942",19.16222,97.05138,304.27,0.38,0.36,"2026-02-15",1908,"N20","nominal","2.0NRT",289.03,0.6,"N"
"13943",18.67896,99.98896,304.57,0.44,0.38,"2026-02-15",1908,"N20","nominal","2.0NRT",292.65,0.91,"N"
"13944",19.44374,95.15155,316.48,0.42,0.38,"2026-02-15",1908,"N20","nominal","2.0NRT",292.72,1.87,"N"
"13945",19.37859,95.59937,308.58,0.41,0.37,"2026-02-15",1908,"N20","nominal","2.0NRT",286.54,1.09,"N"
"13946",19.37517,95.62265,300.85,0.41,0.37,"2026-02-15",1908,"N20","nominal","2.0NRT",288.59,0.46,"N"
"13947",18.66626,100.04146,302.41,0.44,0.38,"2026-02-15",1908,"N20","nominal","2.0NRT",291.96,2.03,"N"
"13948",18.66557,100.04545,306.86,0.44,0.38,"2026-02-15",1908,"N20","nominal","2.0NRT",293.19,1.71,"N"
"13949",19.48088,94.86729,297.61,0.43,0.38,"2026-02-15",1908,"N20","nominal","2.0NRT",285.48,0.74,"N"
"13950",18.66413,100.03291,300.62,0.44,0.38,"2026-02-15",1908,"N20","nominal","2.0NRT",289.62,0.57,"N"
"13951",19.47564,94.8791,296.75,0.43,0.38,"2026-02-15",1908,"N20","nominal","2.0NRT",285.47,0.48,"N"
"13952",19.45765,95.00528,303.41,0.43,0.38,"2026-02-15",1908,"N20","nominal","2.0NRT",291.05,1,"N"
"13953",19.3968,95.40309,302.93,0.41,0.37,"2026-02-15",1908,"N20","nominal","2.0NRT",289.12,0.68,"N"
"13954",19.45534,94.92165,295.72,0.43,0.38,"2026-02-15",1908,"N20","nominal","2.0NRT",284.54,0.38,"N"
"13955",19.34691,95.64954,306.08,0.41,0.37,"2026-02-15",1908,"N20","nominal","2.0NRT",286.9,0.47,"N"
"13956",18.21934,102.36269,309,0.39,0.44,"2026-02-15",1908,"N20","nominal","2.0NRT",290.89,0.65,"N"
"13957",18.21538,102.36186,306.61,0.39,0.44,"2026-02-15",1908,"N20","nominal","2.0NRT",290.47,0.59,"N"
"13958",19.35424,95.52779,304.01,0.41,0.37,"2026-02-15",1908,"N20","nominal","2.0NRT",286.6,0.36,"N"
"13959",19.32773,95.70955,305.75,0.41,0.37,"2026-02-15",1908,"N20","nominal","2.0NRT",288.46,1,"N"
"13960",19.10903,97.15372,317.49,0.38,0.36,"2026-02-15",1908,"N20","nominal","2.0NRT",290.67,0.98,"N"
"13961",19.32434,95.70901,320.45,0.41,0.37,"2026-02-15",1908,"N20","nominal","2.0NRT",290.92,1,"N"
"13962",19.1063,97.14951,307.91,0.38,0.36,"2026-02-15",1908,"N20","nominal","2.0NRT",291.42,1.1,"N"
"13963",19.10573,97.15312,303.59,0.38,0.36,"2026-02-15",1908,"N20","nominal","2.0NRT",289.91,0.98,"N"
"13964",19.32297,95.7099,303.48,0.41,0.37,"2026-02-15",1908,"N20","nominal","2.0NRT",288.57,0.8,"N"
"13965",19.08421,97.243,321.88,0.38,0.36,"2026-02-15",1908,"N20","nominal","2.0NRT",292.07,1.68,"N"
"13966",19.08364,97.24662,320.91,0.38,0.36,"2026-02-15",1908,"N20","nominal","2.0NRT",292.15,2.53,"N"
"13967",19.4551,94.78938,300.66,0.44,0.38,"2026-02-15",1908,"N20","nominal","2.0NRT",289.81,0.6,"N"
"13968",19.33053,95.63615,305.17,0.41,0.37,"2026-02-15",1908,"N20","nominal","2.0NRT",289.12,1.38,"N"
"13969",19.32995,95.64002,309.91,0.41,0.37,"2026-02-15",1908,"N20","nominal","2.0NRT",289.06,1.43,"N"
"13970",18.64261,99.94138,304.08,0.44,0.38,"2026-02-15",1908,"N20","nominal","2.0NRT",293.07,0.94,"N"
"13971",19.08149,97.23879,315.19,0.38,0.36,"2026-02-15",1908,"N20","nominal","2.0NRT",291.65,1.22,"N"
"13972",19.08092,97.24242,309.33,0.38,0.36,"2026-02-15",1908,"N20","nominal","2.0NRT",291.91,1.22,"N"
"13973",19.32087,95.65435,309.91,0.41,0.37,"2026-02-15",1908,"N20","nominal","2.0NRT",291.64,0.92,"N"
"13974",19.07536,97.25631,310.25,0.38,0.36,"2026-02-15",1908,"N20","nominal","2.0NRT",292.61,1.32,"N"
"13975",19.07491,97.23765,326.76,0.38,0.36,"2026-02-15",1908,"N20","nominal","2.0NRT",292.89,1.49,"N"
"13976",19.07207,97.25574,302.78,0.38,0.36,"2026-02-15",1908,"N20","nominal","2.0NRT",291.15,0.89,"N"
"13977",19.0715,97.25935,301.6,0.38,0.36,"2026-02-15",1908,"N20","nominal","2.0NRT",289.23,0.39,"N"
"13978",19.07162,97.23708,315.05,0.38,0.36,"2026-02-15",1908,"N20","nominal","2.0NRT",292.42,1.49,"N"
"13979",19.06605,97.25097,300.16,0.38,0.36,"2026-02-15",1908,"N20","nominal","2.0NRT",289.3,0.45,"N"
"13980",19.06446,97.23956,313.73,0.38,0.36,"2026-02-15",1908,"N20","nominal","2.0NRT",290.92,1.13,"N"
"13981",19.42823,94.80198,301.2,0.43,0.38,"2026-02-15",1908,"N20","nominal","2.0NRT",291.07,0.73,"N"
"13982",19.41765,94.87535,299.35,0.43,0.38,"2026-02-15",1908,"N20","nominal","2.0NRT",283.48,0.44,"N"
"13983",19.34876,95.34827,304.75,0.42,0.37,"2026-02-15",1908,"N20","nominal","2.0NRT",288.57,0.84,"N"
"13984",19.38308,95.08946,311.11,0.42,0.38,"2026-02-15",1908,"N20","nominal","2.0NRT",285.24,0.8,"N"
"13985",19.37962,95.08891,296.37,0.42,0.38,"2026-02-15",1908,"N20","nominal","2.0NRT",285.36,0.22,"N"
"13986",19.40601,94.88189,297.51,0.43,0.38,"2026-02-15",1908,"N20","nominal","2.0NRT",284.69,0.34,"N"
"13987",18.60093,99.97497,305.79,0.44,0.38,"2026-02-15",1908,"N20","nominal","2.0NRT",293.65,1.17,"N"
"13988",19.3617,95.16365,304.21,0.42,0.38,"2026-02-15",1908,"N20","nominal","2.0NRT",287.35,0.74,"N"
"13989",18.59816,99.97018,308.29,0.44,0.38,"2026-02-15",1908,"N20","nominal","2.0NRT",294.32,1.36,"N"
"13990",19.4321,94.64952,301.22,0.44,0.38,"2026-02-15",1908,"N20","nominal","2.0NRT",287.23,0.8,"N"
"13991",18.59319,99.97814,310.34,0.44,0.38,"2026-02-15",1908,"N20","nominal","2.0NRT",292.9,1.78,"N"
"13992",19.42858,94.64898,307.82,0.44,0.38,"2026-02-15",1908,"N20","nominal","2.0NRT",288.67,1.55,"N"
"13993",18.59467,99.92782,308.4,0.44,0.38,"2026-02-15",1908,"N20","nominal","2.0NRT",294.08,1.46,"N"
"13994",19.38389,94.9119,306.61,0.43,0.38,"2026-02-15",1908,"N20","nominal","2.0NRT",290.65,1.81,"N"
"13995",19.38859,94.82916,306.06,0.43,0.38,"2026-02-15",1908,"N20","nominal","2.0NRT",286.6,0.75,"N"
"13996",19.37289,94.91412,298.7,0.43,0.38,"2026-02-15",1908,"N20","nominal","2.0NRT",285.57,0.51,"N"
"13997",19.42662,94.50974,324.39,0.45,0.39,"2026-02-15",1908,"N20","nominal","2.0NRT",292.19,1.47,"N"
"13998",19.2616,95.65637,304.32,0.41,0.37,"2026-02-15",1908,"N20","nominal","2.0NRT",288.7,1.24,"N"
"13999",18.63382,99.59578,317.48,0.42,0.38,"2026-02-15",1908,"N20","nominal","2.0NRT",293.83,2.13,"N"
"14000",18.52338,100.23467,299.47,0.45,0.39,"2026-02-15",1908,"N20","nominal","2.0NRT",289.38,0.66,"N"
"14001",19.42311,94.50897,301.99,0.45,0.39,"2026-02-15",1908,"N20","nominal","2.0NRT",291.91,1.47,"N"
"14002",19.41099,94.59504,315.67,0.44,0.39,"2026-02-15",1908,"N20","nominal","2.0NRT",289.55,1.95,"N"
"14003",19.40741,94.62048,307.87,0.44,0.38,"2026-02-15",1908,"N20","nominal","2.0NRT",290.25,1.22,"N"
"14004",19.40686,94.59879,304.71,0.44,0.39,"2026-02-15",1908,"N20","nominal","2.0NRT",289.78,0.62,"N"
"14005",19.40508,94.6114,306.52,0.44,0.39,"2026-02-15",1908,"N20","nominal","2.0NRT",291.05,0.9,"N"
"14006",19.40391,94.61975,300.56,0.44,0.38,"2026-02-15",1908,"N20","nominal","2.0NRT",289.92,0.64,"N"
"14007",19.40157,94.61072,309.14,0.44,0.39,"2026-02-15",1908,"N20","nominal","2.0NRT",289.92,0.9,"N"
"14008",19.38228,94.69669,297.08,0.44,0.38,"2026-02-15",1908,"N20","nominal","2.0NRT",283.63,0.46,"N"
"14009",19.33237,95.04856,299.04,0.43,0.38,"2026-02-15",1908,"N20","nominal","2.0NRT",288.55,0.69,"N"
"14010",18.38566,100.90768,303.61,0.48,0.4,"2026-02-15",1908,"N20","nominal","2.0NRT",292.31,0.99,"N"
"14011",19.39043,94.61308,302.53,0.44,0.39,"2026-02-15",1908,"N20","nominal","2.0NRT",288.38,0.63,"N"
"14012",19.38051,94.68373,295.95,0.44,0.38,"2026-02-15",1908,"N20","nominal","2.0NRT",284.57,0.55,"N"
"14013",19.37993,94.6879,296.7,0.44,0.38,"2026-02-15",1908,"N20","nominal","2.0NRT",286.5,0.55,"N"
"14014",19.34739,94.91824,297.72,0.43,0.38,"2026-02-15",1908,"N20","nominal","2.0NRT",285.73,0.4,"N"
"14015",18.38918,100.86707,311.32,0.48,0.4,"2026-02-15",1908,"N20","nominal","2.0NRT",292.8,1.44,"N"
"14016",19.37642,94.68733,303.31,0.44,0.38,"2026-02-15",1908,"N20","nominal","2.0NRT",286.57,0.55,"N"
"14017",18.38552,100.86644,309.82,0.48,0.4,"2026-02-15",1908,"N20","nominal","2.0NRT",292.55,1.44,"N"
"14018",18.37502,100.88293,301.68,0.48,0.4,"2026-02-15",1908,"N20","nominal","2.0NRT",291.38,0.94,"N"
"14019",19.34321,94.84717,304.69,0.43,0.38,"2026-02-15",1908,"N20","nominal","2.0NRT",290.76,1.62,"N"
"14020",19.33001,94.94051,310.18,0.43,0.38,"2026-02-15",1908,"N20","nominal","2.0NRT",287.57,1.27,"N"
"14021",19.32825,94.92779,302.6,0.43,0.38,"2026-02-15",1908,"N20","nominal","2.0NRT",288.05,0.59,"N"
"14022",18.59399,99.60072,304.65,0.42,0.38,"2026-02-15",1908,"N20","nominal","2.0NRT",293.87,1.67,"N"
"14023",19.34178,94.84832,308.85,0.43,0.38,"2026-02-15",1908,"N20","nominal","2.0NRT",291.68,1.39,"N"
"14024",18.3749,100.88493,301.61,0.48,0.4,"2026-02-15",1908,"N20","nominal","2.0NRT",291.17,0.43,"N"
"14025",19.32709,94.92477,301.23,0.43,0.38,"2026-02-15",1908,"N20","nominal","2.0NRT",287.36,0.49,"N"
"14026",19.34198,94.79785,305.9,0.43,0.38,"2026-02-15",1908,"N20","nominal","2.0NRT",289.91,1.04,"N"
"14027",19.33651,94.83545,304.29,0.43,0.38,"2026-02-15",1908,"N20","nominal","2.0NRT",293.08,0.9,"N"
"14028",18.36166,100.89597,310.46,0.48,0.4,"2026-02-15",1908,"N20","nominal","2.0NRT",293.88,1.55,"N"
"14029",18.3716,100.81754,306.61,0.48,0.4,"2026-02-15",1908,"N20","nominal","2.0NRT",294.39,1.65,"N"
"14030",18.35799,100.89539,304.15,0.48,0.4,"2026-02-15",1908,"N20","nominal","2.0NRT",292.15,0.95,"N"
"14031",19.30729,94.96307,301.25,0.43,0.38,"2026-02-15",1908,"N20","nominal","2.0NRT",287.89,0.77,"N"
"14032",18.35352,100.89943,302.73,0.48,0.4,"2026-02-15",1908,"N20","nominal","2.0NRT",291.49,0.95,"N"
"14033",18.35271,100.90406,302.75,0.48,0.4,"2026-02-15",1908,"N20","nominal","2.0NRT",291.67,0.63,"N"
"14034",19.19327,95.71278,312.52,0.4,0.37,"2026-02-15",1908,"N20","nominal","2.0NRT",289.1,1.56,"N"
"14035",19.33883,94.6956,302.73,0.44,0.38,"2026-02-15",1908,"N20","nominal","2.0NRT",286.33,0.81,"N"
"14036",19.19338,95.66557,305.47,0.41,0.37,"2026-02-15",1908,"N20","nominal","2.0NRT",289.02,1.17,"N"
"14037",19.19281,95.66943,318.41,0.41,0.37,"2026-02-15",1908,"N20","nominal","2.0NRT",290.89,1.17,"N"
"14038",18.51188,99.92164,307.01,0.44,0.38,"2026-02-15",1908,"N20","nominal","2.0NRT",293.42,1.15,"N"
"14039",18.50767,99.92525,306.45,0.44,0.38,"2026-02-15",1908,"N20","nominal","2.0NRT",293.7,1.34,"N"
"14040",19.22153,95.42862,300.91,0.41,0.37,"2026-02-15",1908,"N20","nominal","2.0NRT",288.05,0.57,"N"
"14041",19.18605,95.6683,300.07,0.41,0.37,"2026-02-15",1908,"N20","nominal","2.0NRT",287.79,0.74,"N"
"14042",19.32597,94.68509,306.87,0.44,0.38,"2026-02-15",1908,"N20","nominal","2.0NRT",285.78,0.74,"N"
"14043",19.20558,95.4659,297.88,0.41,0.37,"2026-02-15",1908,"N20","nominal","2.0NRT",287.53,0.52,"N"
"14044",19.20217,95.46534,300.27,0.41,0.37,"2026-02-15",1908,"N20","nominal","2.0NRT",289.66,0.58,"N"
"14045",19.16854,95.69293,300.11,0.4,0.37,"2026-02-15",1908,"N20","nominal","2.0NRT",287.9,0.37,"N"
"14046",19.26967,94.97774,309.5,0.43,0.38,"2026-02-15",1908,"N20","nominal","2.0NRT",291.33,1.24,"N"
"14047",19.19705,95.47646,308.05,0.41,0.37,"2026-02-15",1908,"N20","nominal","2.0NRT",289.58,1.14,"N"
"14048",18.40661,100.38362,309.41,0.46,0.39,"2026-02-15",1908,"N20","nominal","2.0NRT",293.81,1.02,"N"
"14049",19.26796,94.96497,309.66,0.43,0.38,"2026-02-15",1908,"N20","nominal","2.0NRT",287.54,1.28,"N"
"14050",19.26562,94.98122,302.83,0.43,0.38,"2026-02-15",1908,"N20","nominal","2.0NRT",288.86,1.5,"N"
"14051",19.16007,95.70335,301.03,0.4,0.37,"2026-02-15",1908,"N20","nominal","2.0NRT",289.93,0.62,"N"
"14052",19.15892,95.71105,303.24,0.4,0.37,"2026-02-15",1908,"N20","nominal","2.0NRT",292.31,1.04,"N"
"14053",19.15836,95.71488,304.88,0.4,0.37,"2026-02-15",1908,"N20","nominal","2.0NRT",289.48,0.46,"N"
"14054",19.15438,95.74169,304,0.4,0.37,"2026-02-15",1908,"N20","nominal","2.0NRT",291.31,1.08,"N"
"14055",19.18738,95.4948,320.07,0.41,0.37,"2026-02-15",1908,"N20","nominal","2.0NRT",290.75,1.68,"N"
"14056",19.15726,95.69896,302.07,0.4,0.37,"2026-02-15",1908,"N20","nominal","2.0NRT",290.98,0.62,"N"
"14057",19.151,95.74114,304.27,0.4,0.37,"2026-02-15",1908,"N20","nominal","2.0NRT",292.9,1.08,"N"
"14058",19.18398,95.49423,320.93,0.41,0.37,"2026-02-15",1908,"N20","nominal","2.0NRT",289.78,1.52,"N"
"14059",19.30668,94.64391,304.96,0.44,0.38,"2026-02-15",1908,"N20","nominal","2.0NRT",289.64,1.41,"N"
"14060",19.14649,95.74825,317.24,0.4,0.37,"2026-02-15",1908,"N20","nominal","2.0NRT",293.33,1.58,"N"
"14061",17.54701,104.90549,304.49,0.58,0.52,"2026-02-15",1908,"N20","nominal","2.0NRT",292.04,1.31,"N"
"14062",19.30428,94.6355,307.86,0.44,0.38,"2026-02-15",1908,"N20","nominal","2.0NRT",292.04,1.46,"N"
"14063",19.29315,94.71398,298.95,0.44,0.38,"2026-02-15",1908,"N20","nominal","2.0NRT",287.32,0.52,"N"
"14064",19.14936,95.70555,308.42,0.4,0.37,"2026-02-15",1908,"N20","nominal","2.0NRT",291.48,0.97,"N"
"14065",19.14256,95.7515,314.51,0.4,0.37,"2026-02-15",1908,"N20","nominal","2.0NRT",292.85,1.78,"N"
"14066",19.14199,95.75531,312.89,0.4,0.37,"2026-02-15",1908,"N20","nominal","2.0NRT",293,1.78,"N"
"14067",19.14655,95.70113,307.07,0.4,0.37,"2026-02-15",1908,"N20","nominal","2.0NRT",290.91,0.92,"N"
"14068",19.13862,95.75473,305.31,0.4,0.37,"2026-02-15",1908,"N20","nominal","2.0NRT",288.75,0.85,"N"
"14069",19.12787,95.82716,309.7,0.4,0.37,"2026-02-15",1908,"N20","nominal","2.0NRT",295.32,1.37,"N"
"14070",19.27798,94.77035,301.53,0.43,0.38,"2026-02-15",1908,"N20","nominal","2.0NRT",284.31,0.71,"N"
"14071",19.16357,95.56219,301.11,0.41,0.37,"2026-02-15",1908,"N20","nominal","2.0NRT",287.49,0.47,"N"
"14072",19.14602,95.68133,297.84,0.41,0.37,"2026-02-15",1908,"N20","nominal","2.0NRT",286.91,0.47,"N"
"14073",19.12394,95.8304,313.51,0.4,0.37,"2026-02-15",1908,"N20","nominal","2.0NRT",295.83,1.37,"N"
"14074",19.16187,95.55006,298.53,0.41,0.37,"2026-02-15",1908,"N20","nominal","2.0NRT",287.82,0.42,"N"
"14075",19.27739,94.72401,308.79,0.44,0.38,"2026-02-15",1908,"N20","nominal","2.0NRT",287.27,0.63,"N"
"14076",19.22176,95.11388,307.1,0.42,0.38,"2026-02-15",1908,"N20","nominal","2.0NRT",291.58,1.4,"N"
"14077",18.86902,97.42493,302.7,0.38,0.36,"2026-02-15",1908,"N20","nominal","2.0NRT",292.35,0.96,"N"
"14078",18.86787,97.43216,313.97,0.38,0.36,"2026-02-15",1908,"N20","nominal","2.0NRT",292.67,0.91,"N"
"14079",18.86729,97.43578,303.31,0.38,0.36,"2026-02-15",1908,"N20","nominal","2.0NRT",290.76,0.91,"N"
"14080",19.14435,95.59845,298.18,0.41,0.37,"2026-02-15",1908,"N20","nominal","2.0NRT",288.1,0.5,"N"
"14081",19.12627,95.72133,299.6,0.4,0.37,"2026-02-15",1908,"N20","nominal","2.0NRT",288.49,0.44,"N"
"14082",19.20682,95.09502,320.25,0.42,0.38,"2026-02-15",1908,"N20","nominal","2.0NRT",291.45,2.09,"N"
"14083",19.15676,95.44203,308.42,0.41,0.37,"2026-02-15",1908,"N20","nominal","2.0NRT",288.83,1,"N"
"14084",19.14772,95.50413,318.74,0.41,0.37,"2026-02-15",1908,"N20","nominal","2.0NRT",291.47,1.12,"N"
"14085",18.86272,97.37929,305.19,0.38,0.36,"2026-02-15",1908,"N20","nominal","2.0NRT",292.49,0.67,"N"
"14086",18.85644,97.41901,316.01,0.38,0.36,"2026-02-15",1908,"N20","nominal","2.0NRT",293.63,1.12,"N"
"14087",18.85586,97.42262,311.21,0.38,0.36,"2026-02-15",1908,"N20","nominal","2.0NRT",293.43,1.25,"N"
"14088",18.85471,97.42986,307.76,0.38,0.36,"2026-02-15",1908,"N20","nominal","2.0NRT",292.89,1.32,"N"
"14089",18.367,100.3375,308.65,0.45,0.39,"2026-02-15",1908,"N20","nominal","2.0NRT",291.8,0.86,"N"
"14090",19.14489,95.49969,301.98,0.41,0.37,"2026-02-15",1908,"N20","nominal","2.0NRT",290.58,1.12,"N"
"14091",19.12685,95.62312,297.72,0.41,0.37,"2026-02-15",1908,"N20","nominal","2.0NRT",285.95,0.42,"N"
"14092",19.12629,95.62698,303.65,0.41,0.37,"2026-02-15",1908,"N20","nominal","2.0NRT",288.74,0.42,"N"
"14093",18.85257,97.42206,305.36,0.38,0.36,"2026-02-15",1908,"N20","nominal","2.0NRT",291.78,1.25,"N"
"14094",18.49369,99.59122,308.18,0.42,0.38,"2026-02-15",1908,"N20","nominal","2.0NRT",293.5,0.76,"N"
"14095",19.09085,95.84445,321.07,0.4,0.37,"2026-02-15",1908,"N20","nominal","2.0NRT",295.33,3.26,"N"
"14096",19.23434,94.85159,304.61,0.43,0.38,"2026-02-15",1908,"N20","nominal","2.0NRT",292.14,1.17,"N"
"14097",19.23319,94.85978,300.15,0.43,0.38,"2026-02-15",1908,"N20","nominal","2.0NRT",287.92,2.13,"N"
"14098",19.20165,95.08182,300.14,0.42,0.38,"2026-02-15",1908,"N20","nominal","2.0NRT",286.47,0.64,"N"
"14099",18.84068,97.47567,302.69,0.38,0.36,"2026-02-15",1908,"N20","nominal","2.0NRT",292.46,0.67,"N"
"14100",19.26089,94.63719,296.64,0.44,0.38,"2026-02-15",1908,"N20","nominal","2.0NRT",286.36,0.27,"N"
"14101",19.23086,94.85107,309.69,0.43,0.38,"2026-02-15",1908,"N20","nominal","2.0NRT",290.93,1.17,"N"
"14102",19.1982,95.08125,304.6,0.42,0.38,"2026-02-15",1908,"N20","nominal","2.0NRT",289.33,0.64,"N"
"14103",18.85341,97.37396,302.64,0.38,0.36,"2026-02-15",1908,"N20","nominal","2.0NRT",292.55,1.42,"N"
"14104",18.83796,97.47148,305.02,0.38,0.36,"2026-02-15",1908,"N20","nominal","2.0NRT",292.78,0.67,"N"
"14105",18.83739,97.47508,304.85,0.38,0.36,"2026-02-15",1908,"N20","nominal","2.0NRT",291.81,0.67,"N"
"14106",19.2327,94.85225,312.56,0.43,0.38,"2026-02-15",1908,"N20","nominal","2.0NRT",292.9,1.27,"N"
"14107",19.2321,94.85637,305.96,0.43,0.38,"2026-02-15",1908,"N20","nominal","2.0NRT",292.38,1.88,"N"
"14108",19.19905,95.08212,313.43,0.42,0.38,"2026-02-15",1908,"N20","nominal","2.0NRT",289.84,1.43,"N"
"14109",18.84199,97.42015,304.85,0.38,0.36,"2026-02-15",1908,"N20","nominal","2.0NRT",292.33,0.6,"N"
"14110",19.0817,95.84709,330.85,0.4,0.37,"2026-02-15",1908,"N20","nominal","2.0NRT",296.64,3.78,"N"
"14111",19.2602,94.63815,297.51,0.44,0.38,"2026-02-15",1908,"N20","nominal","2.0NRT",286.8,0.2,"N"
"14112",19.22921,94.85172,309.28,0.43,0.38,"2026-02-15",1908,"N20","nominal","2.0NRT",289.62,1.27,"N"
"14113",19.08113,95.85088,306.62,0.4,0.37,"2026-02-15",1908,"N20","nominal","2.0NRT",295.3,2.1,"N"
"14114",18.6231,98.7548,306.83,0.4,0.37,"2026-02-15",1908,"N20","nominal","2.0NRT",292.72,1.02,"N"
"14115",18.85596,97.28899,301.98,0.38,0.36,"2026-02-15",1908,"N20","nominal","2.0NRT",290.56,0.75,"N"
"14116",18.85481,97.29622,302.32,0.38,0.36,"2026-02-15",1908,"N20","nominal","2.0NRT",292.17,1.31,"N"
"14117",18.8417,97.37929,308.98,0.38,0.36,"2026-02-15",1908,"N20","nominal","2.0NRT",292.61,0.93,"N"
"14118",18.83598,97.41539,304.68,0.38,0.36,"2026-02-15",1908,"N20","nominal","2.0NRT",292.56,1.31,"N"
"14119",18.61974,98.75424,313.15,0.4,0.37,"2026-02-15",1908,"N20","nominal","2.0NRT",293,1.12,"N"
"14120",19.22168,94.85452,299.97,0.43,0.38,"2026-02-15",1908,"N20","nominal","2.0NRT",285.67,0.65,"N"
"14121",18.83384,97.4076,305.12,0.38,0.36,"2026-02-15",1908,"N20","nominal","2.0NRT",291.51,0.72,"N"
"14122",19.16193,95.2387,311.31,0.42,0.37,"2026-02-15",1908,"N20","nominal","2.0NRT",286.84,1.23,"N"
"14123",19.11578,95.52702,303.1,0.41,0.37,"2026-02-15",1908,"N20","nominal","2.0NRT",292.69,0.68,"N"
"14124",19.10832,95.57716,301.01,0.41,0.37,"2026-02-15",1908,"N20","nominal","2.0NRT",288.99,0.6,"N"
"14125",18.84495,97.2945,303.33,0.38,0.36,"2026-02-15",1908,"N20","nominal","2.0NRT",291.08,1.31,"N"
"14126",19.0946,95.64588,322.41,0.41,0.37,"2026-02-15",1908,"N20","nominal","2.0NRT",291.32,2.25,"N"
"14127",19.16728,95.1544,298.13,0.42,0.38,"2026-02-15",1908,"N20","nominal","2.0NRT",286.69,0.22,"N"
"14128",19.23676,94.65116,303.18,0.44,0.38,"2026-02-15",1908,"N20","nominal","2.0NRT",288.44,0.38,"N"
"14129",19.16848,95.12212,299.69,0.42,0.38,"2026-02-15",1908,"N20","nominal","2.0NRT",288.22,0.38,"N"
"14130",19.09132,95.59807,299.46,0.41,0.37,"2026-02-15",1908,"N20","nominal","2.0NRT",289.36,0.47,"N"
"14131",18.80665,97.45112,299.35,0.38,0.36,"2026-02-15",1908,"N20","nominal","2.0NRT",288.4,0.41,"N"
"14132",19.09765,95.53203,330.36,0.41,0.37,"2026-02-15",1908,"N20","nominal","2.0NRT",291.63,1.97,"N"
"14133",19.08283,95.6085,296.88,0.41,0.37,"2026-02-15",1908,"N20","nominal","2.0NRT",286.1,0.27,"N"
"14134",19.07257,95.67755,302.62,0.4,0.37,"2026-02-15",1908,"N20","nominal","2.0NRT",288.22,0.35,"N"
"14135",19.18737,94.87004,300.63,0.43,0.38,"2026-02-15",1908,"N20","nominal","2.0NRT",290.01,1.05,"N"
"14136",18.45022,99.55933,306.98,0.42,0.38,"2026-02-15",1908,"N20","nominal","2.0NRT",293.15,1.29,"N"
"14137",19.08175,95.56899,313.54,0.41,0.37,"2026-02-15",1908,"N20","nominal","2.0NRT",293.23,1.29,"N"
"14138",19.08064,95.55297,328.89,0.41,0.37,"2026-02-15",1908,"N20","nominal","2.0NRT",293.03,2.61,"N"
"14139",19.19687,94.75426,298.13,0.43,0.38,"2026-02-15",1908,"N20","nominal","2.0NRT",287.05,0.38,"N"
"14140",19.17165,94.92976,300.75,0.43,0.38,"2026-02-15",1908,"N20","nominal","2.0NRT",289.49,0.44,"N"
"14141",19.07097,95.61831,301.69,0.41,0.37,"2026-02-15",1908,"N20","nominal","2.0NRT",290.32,0.41,"N"
"14142",19.06584,95.65293,305.55,0.41,0.37,"2026-02-15",1908,"N20","nominal","2.0NRT",290.08,0.94,"N"
"14143",19.06072,95.68741,305.42,0.4,0.37,"2026-02-15",1908,"N20","nominal","2.0NRT",291.79,0.69,"N"
"14144",18.5821,98.73165,313.37,0.4,0.37,"2026-02-15",1908,"N20","nominal","2.0NRT",294.72,1.21,"N"
"14145",19.19338,94.7537,298.89,0.43,0.38,"2026-02-15",1908,"N20","nominal","2.0NRT",286,0.38,"N"
"14146",19.0477,95.75173,303.65,0.4,0.37,"2026-02-15",1908,"N20","nominal","2.0NRT",292.52,1.11,"N"
"14147",19.07444,95.54796,333.19,0.41,0.37,"2026-02-15",1908,"N20","nominal","2.0NRT",294.26,3.89,"N"
"14148",19.20152,94.67162,311.45,0.44,0.38,"2026-02-15",1908,"N20","nominal","2.0NRT",292.87,1.42,"N"
"14149",19.05965,95.64794,301.08,0.41,0.37,"2026-02-15",1908,"N20","nominal","2.0NRT",290.72,0.55,"N"
"14150",19.0699,95.55512,331.16,0.41,0.37,"2026-02-15",1908,"N20","nominal","2.0NRT",291.94,3.47,"N"
"14151",19.07105,95.54739,305.42,0.41,0.37,"2026-02-15",1908,"N20","nominal","2.0NRT",288.7,3.89,"N"
"14152",19.06819,95.56676,317.92,0.41,0.37,"2026-02-15",1908,"N20","nominal","2.0NRT",291.58,1.25,"N"
"14153",19.06762,95.57063,303.5,0.41,0.37,"2026-02-15",1908,"N20","nominal","2.0NRT",292.32,1.25,"N"
"14154",19.19742,94.64997,309.52,0.44,0.38,"2026-02-15",1908,"N20","nominal","2.0NRT",290.88,0.83,"N"
"14155",19.17995,94.77264,298.53,0.43,0.38,"2026-02-15",1908,"N20","nominal","2.0NRT",287.3,0.61,"N"
"14156",19.06595,95.55841,308.28,0.41,0.37,"2026-02-15",1908,"N20","nominal","2.0NRT",290.48,1.12,"N"
"14157",18.35052,100.01541,303.9,0.44,0.38,"2026-02-15",1908,"N20","nominal","2.0NRT",293.41,0.44,"N"
"14158",18.78176,97.39481,298.65,0.38,0.36,"2026-02-15",1908,"N20","nominal","2.0NRT",287.54,0.45,"N"
"14159",19.191,94.64461,300.83,0.44,0.38,"2026-02-15",1908,"N20","nominal","2.0NRT",290.13,0.91,"N"
"14160",19.19042,94.64871,313.05,0.44,0.38,"2026-02-15",1908,"N20","nominal","2.0NRT",290.88,1.12,"N"
"14161",19.04447,95.58636,304.6,0.41,0.37,"2026-02-15",1908,"N20","nominal","2.0NRT",288.82,0.22,"N"
"14162",18.77374,97.36002,301.56,0.38,0.36,"2026-02-15",1908,"N20","nominal","2.0NRT",290.77,0.35,"N"
"14163",19.17406,94.66281,302.47,0.44,0.38,"2026-02-15",1908,"N20","nominal","2.0NRT",287.63,0.47,"N"
"14164",19.17518,94.6295,306.54,0.44,0.38,"2026-02-15",1908,"N20","nominal","2.0NRT",291.06,1.32,"N"
"14165",19.03657,95.54554,301.81,0.41,0.37,"2026-02-15",1908,"N20","nominal","2.0NRT",287.62,0.55,"N"
"14166",19.03092,95.5841,301.2,0.41,0.37,"2026-02-15",1908,"N20","nominal","2.0NRT",289.79,0.8,"N"
"14167",17.91809,102.22093,306.65,0.38,0.44,"2026-02-15",1908,"N20","nominal","2.0NRT",290.31,0.63,"N"
"14168",19.02528,95.5989,306.47,0.41,0.37,"2026-02-15",1908,"N20","nominal","2.0NRT",290.65,0.84,"N"
"14169",19.02246,95.5945,325.74,0.41,0.37,"2026-02-15",1908,"N20","nominal","2.0NRT",291.3,2.61,"N"
"14170",19.0219,95.59834,313.58,0.41,0.37,"2026-02-15",1908,"N20","nominal","2.0NRT",292.15,0.84,"N"
"14171",18.99603,95.77419,302.02,0.4,0.37,"2026-02-15",1908,"N20","nominal","2.0NRT",287.38,1.09,"N"
"14172",19.13905,94.73345,303.28,0.44,0.38,"2026-02-15",1908,"N20","nominal","2.0NRT",289.72,1.18,"N"
"14173",19.13846,94.73763,313.87,0.43,0.38,"2026-02-15",1908,"N20","nominal","2.0NRT",294.16,1.18,"N"
"14174",19.13787,94.73479,311.75,0.43,0.38,"2026-02-15",1908,"N20","nominal","2.0NRT",290.35,1.45,"N"
"14175",19.13726,94.73895,308.31,0.43,0.38,"2026-02-15",1908,"N20","nominal","2.0NRT",293.65,1.45,"N"
"14176",19.13199,94.75065,307.68,0.43,0.38,"2026-02-15",1908,"N20","nominal","2.0NRT",293.17,1.42,"N"
"14177",19.10369,94.94492,297.57,0.43,0.38,"2026-02-15",1908,"N20","nominal","2.0NRT",287.17,0.83,"N"
"14178",18.71922,97.46587,308.73,0.38,0.36,"2026-02-15",1908,"N20","nominal","2.0NRT",288.92,0.92,"N"
"14179",18.71865,97.46947,302.68,0.38,0.36,"2026-02-15",1908,"N20","nominal","2.0NRT",290.35,0.92,"N"
"14180",19.14213,94.65587,313.02,0.44,0.38,"2026-02-15",1908,"N20","nominal","2.0NRT",294.38,1.22,"N"
"14181",19.12965,94.7421,316.46,0.43,0.38,"2026-02-15",1908,"N20","nominal","2.0NRT",295.84,2.65,"N"
"14182",18.86276,96.52649,308.16,0.39,0.36,"2026-02-15",1908,"N20","nominal","2.0NRT",289.91,0.7,"N"
"14183",18.72751,97.37083,302.97,0.38,0.36,"2026-02-15",1908,"N20","nominal","2.0NRT",291.2,0.33,"N"
"14184",18.71092,97.47554,313.03,0.38,0.36,"2026-02-15",1908,"N20","nominal","2.0NRT",290.89,1.02,"N"
"14185",18.7145,97.43164,309.08,0.38,0.36,"2026-02-15",1908,"N20","nominal","2.0NRT",291.94,1.41,"N"
"14186",18.70763,97.47497,303.66,0.38,0.36,"2026-02-15",1908,"N20","nominal","2.0NRT",289.28,1.02,"N"
"14187",18.71236,97.42383,303.01,0.38,0.36,"2026-02-15",1908,"N20","nominal","2.0NRT",291.12,0.57,"N"
"14188",18.71121,97.43105,313.02,0.38,0.36,"2026-02-15",1908,"N20","nominal","2.0NRT",293.04,1.21,"N"
"14189",18.70792,97.43047,308.55,0.38,0.36,"2026-02-15",1908,"N20","nominal","2.0NRT",292.02,1.21,"N"
"14190",18.96477,95.7424,296.79,0.4,0.37,"2026-02-15",1908,"N20","nominal","2.0NRT",284.95,0.2,"N"
"14191",18.69618,97.46183,310.44,0.38,0.36,"2026-02-15",1908,"N20","nominal","2.0NRT",288.87,1.03,"N"
"14192",18.94157,95.82818,304.09,0.4,0.37,"2026-02-15",1908,"N20","nominal","2.0NRT",293.23,1.41,"N"
"14193",18.6896,97.46069,300.67,0.38,0.36,"2026-02-15",1908,"N20","nominal","2.0NRT",289.16,0.86,"N"
"14194",18.68631,97.46011,304.38,0.38,0.36,"2026-02-15",1908,"N20","nominal","2.0NRT",289.12,0.78,"N"
"14195",18.68402,97.47455,302.02,0.38,0.36,"2026-02-15",1908,"N20","nominal","2.0NRT",290.34,0.54,"N"
"14196",18.68302,97.45953,304.77,0.38,0.36,"2026-02-15",1908,"N20","nominal","2.0NRT",288.02,0.78,"N"
"14197",18.68245,97.46313,314.17,0.38,0.36,"2026-02-15",1908,"N20","nominal","2.0NRT",289.62,0.78,"N"
"14198",18.68073,97.47396,302.96,0.38,0.36,"2026-02-15",1908,"N20","nominal","2.0NRT",290.23,0.54,"N"
"14199",19.04469,95.05843,300.21,0.42,0.38,"2026-02-15",1908,"N20","nominal","2.0NRT",289.94,1.19,"N"
"14200",18.95533,95.66659,306.76,0.4,0.37,"2026-02-15",1908,"N20","nominal","2.0NRT",286.14,0.88,"N"
"14201",18.67859,97.46617,308.46,0.38,0.36,"2026-02-15",1908,"N20","nominal","2.0NRT",288.56,1.01,"N"
"14202",18.67801,97.46978,309.26,0.38,0.36,"2026-02-15",1908,"N20","nominal","2.0NRT",290.2,1.01,"N"
"14203",19.04124,95.05788,322.02,0.42,0.38,"2026-02-15",1908,"N20","nominal","2.0NRT",290.23,1.19,"N"
"14204",19.07432,94.80402,302.77,0.43,0.38,"2026-02-15",1908,"N20","nominal","2.0NRT",291.33,0.72,"N"
"14205",18.94177,95.71131,317.18,0.4,0.37,"2026-02-15",1908,"N20","nominal","2.0NRT",289.94,1.69,"N"
"14206",18.672,97.46502,301.27,0.38,0.36,"2026-02-15",1908,"N20","nominal","2.0NRT",288.12,0.75,"N"
"14207",18.67143,97.46863,318.48,0.38,0.36,"2026-02-15",1908,"N20","nominal","2.0NRT",291.6,0.75,"N"
"14208",18.67085,97.47224,309.73,0.38,0.36,"2026-02-15",1908,"N20","nominal","2.0NRT",290.33,1.3,"N"
"14209",19.0714,94.79951,303.17,0.43,0.38,"2026-02-15",1908,"N20","nominal","2.0NRT",291.03,0.72,"N"
"14210",19.07082,94.80353,307.39,0.43,0.38,"2026-02-15",1908,"N20","nominal","2.0NRT",291.77,0.72,"N"
"14211",18.66871,97.46444,301.63,0.38,0.36,"2026-02-15",1908,"N20","nominal","2.0NRT",286.12,0.75,"N"
"14212",18.66814,97.46806,302.14,0.38,0.36,"2026-02-15",1908,"N20","nominal","2.0NRT",289.49,0.75,"N"
"14213",19.06269,94.81052,311.63,0.43,0.38,"2026-02-15",1908,"N20","nominal","2.0NRT",293.71,1.86,"N"
"14214",18.92484,95.75547,305.86,0.4,0.37,"2026-02-15",1908,"N20","nominal","2.0NRT",293.56,0.85,"N"
"14215",18.92319,95.74335,310.41,0.4,0.37,"2026-02-15",1908,"N20","nominal","2.0NRT",290.44,1.14,"N"
"14216",18.92262,95.7472,306.92,0.4,0.37,"2026-02-15",1908,"N20","nominal","2.0NRT",290.68,1.05,"N"
"14217",19.06154,94.76862,308.03,0.43,0.38,"2026-02-15",1908,"N20","nominal","2.0NRT",292.75,1.29,"N"
"14218",19.05806,94.76803,303.49,0.43,0.38,"2026-02-15",1908,"N20","nominal","2.0NRT",291.93,1.06,"N"
"14219",18.92437,95.66542,297.64,0.4,0.37,"2026-02-15",1908,"N20","nominal","2.0NRT",286.97,0.33,"N"
"14220",18.91817,95.68396,297.75,0.4,0.37,"2026-02-15",1908,"N20","nominal","2.0NRT",286.96,0.57,"N"
"14221",18.66457,97.34133,305.26,0.38,0.36,"2026-02-15",1908,"N20","nominal","2.0NRT",292.09,0.68,"N"
"14222",18.66128,97.34075,304.51,0.38,0.36,"2026-02-15",1908,"N20","nominal","2.0NRT",291.34,0.68,"N"
"14223",17.84192,102.08839,303.97,0.57,0.43,"2026-02-15",1908,"N20","nominal","2.0NRT",289.99,0.69,"N"
"14224",19.03661,94.81853,304.12,0.43,0.38,"2026-02-15",1908,"N20","nominal","2.0NRT",289.86,1.13,"N"
"14225",19.00675,95.02766,300.13,0.42,0.38,"2026-02-15",1908,"N20","nominal","2.0NRT",286.65,0.38,"N"
"14226",18.23529,99.88485,304.88,0.44,0.38,"2026-02-15",1908,"N20","nominal","2.0NRT",293.99,0.73,"N"
"14227",19.03251,94.7972,301.73,0.43,0.38,"2026-02-15",1908,"N20","nominal","2.0NRT",289.88,0.93,"N"
"14228",19.02902,94.79671,312.71,0.43,0.38,"2026-02-15",1908,"N20","nominal","2.0NRT",290.62,0.93,"N"
"14229",19.02845,94.80073,307.66,0.43,0.38,"2026-02-15",1908,"N20","nominal","2.0NRT",288.72,0.85,"N"
"14230",18.89905,95.6964,309.73,0.4,0.37,"2026-02-15",1908,"N20","nominal","2.0NRT",289.13,0.98,"N"
"14231",18.89568,95.69582,330.09,0.4,0.37,"2026-02-15",1908,"N20","nominal","2.0NRT",288.84,1.76,"N"
"14232",19.02497,94.80018,298.31,0.43,0.38,"2026-02-15",1908,"N20","nominal","2.0NRT",286.56,0.35,"N"
"14233",19.0244,94.80418,300.83,0.43,0.38,"2026-02-15",1908,"N20","nominal","2.0NRT",287.33,0.35,"N"
"14234",18.89511,95.69965,303.44,0.4,0.37,"2026-02-15",1908,"N20","nominal","2.0NRT",288.97,1.76,"N"
"14235",19.02035,94.80766,298.86,0.43,0.38,"2026-02-15",1908,"N20","nominal","2.0NRT",288.52,0.62,"N"
"14236",18.88669,95.73334,301.12,0.4,0.37,"2026-02-15",1908,"N20","nominal","2.0NRT",288.01,0.6,"N"
"14237",18.19559,100.00881,305.44,0.44,0.39,"2026-02-15",1908,"N20","nominal","2.0NRT",293.91,0.84,"N"
"14238",19.02272,94.80485,305.33,0.43,0.38,"2026-02-15",1908,"N20","nominal","2.0NRT",287.14,0.7,"N"
"14239",18.88282,95.72527,323.25,0.4,0.37,"2026-02-15",1908,"N20","nominal","2.0NRT",288.07,1.69,"N"
"14240",18.87767,95.75948,327.04,0.4,0.37,"2026-02-15",1908,"N20","nominal","2.0NRT",289.25,1.4,"N"
"14241",18.95073,95.27044,304.7,0.41,0.37,"2026-02-15",1908,"N20","nominal","2.0NRT",284.6,0.63,"N"
"14242",18.87824,95.7557,303.52,0.4,0.37,"2026-02-15",1908,"N20","nominal","2.0NRT",287.31,1.4,"N"
"14243",18.20742,99.91438,304.84,0.44,0.38,"2026-02-15",1908,"N20","nominal","2.0NRT",294.11,0.92,"N"
"14244",18.88013,95.67415,312.22,0.4,0.37,"2026-02-15",1908,"N20","nominal","2.0NRT",289.36,1.49,"N"
"14245",19.00115,94.83065,316.26,0.43,0.38,"2026-02-15",1908,"N20","nominal","2.0NRT",291.74,1.82,"N"
"14246",19.00532,94.77743,319.24,0.43,0.38,"2026-02-15",1908,"N20","nominal","2.0NRT",292.21,1.59,"N"
"14247",18.18013,99.98964,307.28,0.44,0.38,"2026-02-15",1908,"N20","nominal","2.0NRT",294.75,1.74,"N"
"14248",18.61848,97.30736,311.61,0.38,0.36,"2026-02-15",1908,"N20","nominal","2.0NRT",291.88,0.84,"N"
"14249",18.61791,97.31096,301.65,0.38,0.36,"2026-02-15",1908,"N20","nominal","2.0NRT",291.2,0.84,"N"
"14250",18.98722,94.85313,303.15,0.43,0.38,"2026-02-15",1908,"N20","nominal","2.0NRT",286.66,0.41,"N"
"14251",18.61462,97.31039,310.18,0.38,0.36,"2026-02-15",1908,"N20","nominal","2.0NRT",290.75,1.5,"N"
"14252",18.9581,95.02897,303.92,0.42,0.38,"2026-02-15",1908,"N20","nominal","2.0NRT",288,0.62,"N"
"14253",18.95519,95.04887,300.15,0.42,0.38,"2026-02-15",1908,"N20","nominal","2.0NRT",287.37,0.44,"N"
"14254",18.61019,97.31702,307.67,0.38,0.36,"2026-02-15",1908,"N20","nominal","2.0NRT",290.49,0.89,"N"
"14255",18.60962,97.32062,310.33,0.38,0.36,"2026-02-15",1908,"N20","nominal","2.0NRT",291.23,1.1,"N"
"14256",18.21489,99.72302,310.41,0.43,0.38,"2026-02-15",1908,"N20","nominal","2.0NRT",293.48,0.92,"N"
"14257",18.21421,99.72701,303.85,0.43,0.38,"2026-02-15",1908,"N20","nominal","2.0NRT",293.81,0.92,"N"
"14258",18.6069,97.31644,306.08,0.38,0.36,"2026-02-15",1908,"N20","nominal","2.0NRT",288.97,0.56,"N"
"14259",18.60633,97.32005,301.53,0.38,0.36,"2026-02-15",1908,"N20","nominal","2.0NRT",289.66,0.57,"N"
"14260",18.97735,94.84761,313.57,0.43,0.38,"2026-02-15",1908,"N20","nominal","2.0NRT",289.09,1.31,"N"
"14261",18.97677,94.85165,308.04,0.43,0.38,"2026-02-15",1908,"N20","nominal","2.0NRT",293.19,1.79,"N"
"14262",18.97561,94.85963,299.04,0.43,0.38,"2026-02-15",1908,"N20","nominal","2.0NRT",288.76,0.4,"N"
"14263",17.77671,102.15896,300.49,0.38,0.43,"2026-02-15",1908,"N20","nominal","2.0NRT",290.45,0.22,"N"
"14264",18.98376,94.77856,302.91,0.43,0.38,"2026-02-15",1908,"N20","nominal","2.0NRT",292.04,0.3,"N"
"14265",18.9826,94.78658,302.11,0.43,0.38,"2026-02-15",1908,"N20","nominal","2.0NRT",287.82,0.58,"N"
"14266",18.97444,94.84312,308.17,0.43,0.38,"2026-02-15",1908,"N20","nominal","2.0NRT",293.86,1,"N"
"14267",18.97387,94.84713,311.53,0.43,0.38,"2026-02-15",1908,"N20","nominal","2.0NRT",288.81,1,"N"
"14268",18.17743,99.87914,304.19,0.44,0.38,"2026-02-15",1908,"N20","nominal","2.0NRT",294.12,1.29,"N"
"14269",18.97327,94.82664,302.26,0.43,0.38,"2026-02-15",1908,"N20","nominal","2.0NRT",289.28,0.89,"N"
"14270",18.97096,94.84261,309.57,0.43,0.38,"2026-02-15",1908,"N20","nominal","2.0NRT",290.36,1,"N"
"14271",18.97903,94.76186,306.75,0.43,0.38,"2026-02-15",1908,"N20","nominal","2.0NRT",293.53,0.79,"N"
"14272",18.97847,94.76582,306.52,0.43,0.38,"2026-02-15",1908,"N20","nominal","2.0NRT",294.09,0.79,"N"
"14273",18.97211,94.78522,308.75,0.43,0.38,"2026-02-15",1908,"N20","nominal","2.0NRT",293.27,1.07,"N"
"14274",18.97382,94.74851,319.48,0.43,0.38,"2026-02-15",1908,"N20","nominal","2.0NRT",293,1.56,"N"
"14275",18.96863,94.78465,315.03,0.43,0.38,"2026-02-15",1908,"N20","nominal","2.0NRT",292.05,2.11,"N"
"14276",18.96284,94.80018,304.05,0.43,0.38,"2026-02-15",1908,"N20","nominal","2.0NRT",290.72,1.25,"N"
"14277",18.93396,95.00057,298.46,0.42,0.38,"2026-02-15",1908,"N20","nominal","2.0NRT",286.03,0.51,"N"
"14278",18.96284,94.77528,302.89,0.43,0.38,"2026-02-15",1908,"N20","nominal","2.0NRT",289.83,0.46,"N"
"14279",18.95646,94.81979,309.24,0.43,0.38,"2026-02-15",1908,"N20","nominal","2.0NRT",293.64,1.03,"N"
"14280",18.95588,94.82381,309.28,0.43,0.38,"2026-02-15",1908,"N20","nominal","2.0NRT",292.78,1.8,"N"
"14281",18.9484,94.87586,315.31,0.43,0.38,"2026-02-15",1908,"N20","nominal","2.0NRT",291.05,1.18,"N"
"14282",18.95863,94.73003,312.8,0.43,0.38,"2026-02-15",1908,"N20","nominal","2.0NRT",293.48,1.16,"N"
"14283",18.803,95.79773,304.27,0.4,0.37,"2026-02-15",1908,"N20","nominal","2.0NRT",293.52,0.93,"N"
"14284",18.95456,94.73351,303.72,0.43,0.38,"2026-02-15",1908,"N20","nominal","2.0NRT",292.99,0.97,"N"
"14285",18.94488,94.80128,304.67,0.43,0.38,"2026-02-15",1908,"N20","nominal","2.0NRT",290.4,0.94,"N"
"14286",18.9443,94.80531,313.28,0.43,0.38,"2026-02-15",1908,"N20","nominal","2.0NRT",292.71,1.69,"N"
"14287",18.93743,94.85329,305.39,0.43,0.38,"2026-02-15",1908,"N20","nominal","2.0NRT",287.75,0.52,"N"
"14288",18.80248,95.77802,309.35,0.4,0.37,"2026-02-15",1908,"N20","nominal","2.0NRT",288.13,0.47,"N"
"14289",18.94993,94.74097,310.8,0.43,0.38,"2026-02-15",1908,"N20","nominal","2.0NRT",292.71,1.82,"N"
"14290",18.79799,95.78505,299.75,0.4,0.37,"2026-02-15",1908,"N20","nominal","2.0NRT",287.58,0.37,"N"
"14291",18.79856,95.75796,299.6,0.4,0.37,"2026-02-15",1908,"N20","nominal","2.0NRT",288.02,0.83,"N"
"14292",18.92527,94.8638,302.91,0.43,0.38,"2026-02-15",1908,"N20","nominal","2.0NRT",289.36,0.64,"N"
"14293",18.79689,95.74603,304.28,0.4,0.37,"2026-02-15",1908,"N20","nominal","2.0NRT",287.54,0.44,"N"
"14294",18.79632,95.74982,311.88,0.4,0.37,"2026-02-15",1908,"N20","nominal","2.0NRT",290.2,1.17,"N"
"14295",18.79576,95.75361,317.57,0.4,0.37,"2026-02-15",1908,"N20","nominal","2.0NRT",289.44,1.17,"N"
"14296",18.549,97.36191,312.47,0.38,0.36,"2026-02-15",1908,"N20","nominal","2.0NRT",292.73,1.14,"N"
"14297",18.78846,95.77962,314.38,0.4,0.37,"2026-02-15",1908,"N20","nominal","2.0NRT",291.57,1.21,"N"
"14298",18.92229,94.83495,306.68,0.43,0.38,"2026-02-15",1908,"N20","nominal","2.0NRT",291.41,0.84,"N"
"14299",18.79521,95.71075,310.7,0.4,0.37,"2026-02-15",1908,"N20","nominal","2.0NRT",285.66,0.82,"N"
"14300",18.28136,98.95726,305.08,0.41,0.37,"2026-02-15",1908,"N20","nominal","2.0NRT",293.89,0.82,"N"
"14301",18.79071,95.7178,322.52,0.4,0.37,"2026-02-15",1908,"N20","nominal","2.0NRT",287.28,1.58,"N"
"14302",18.7924,95.7064,296.64,0.4,0.37,"2026-02-15",1908,"N20","nominal","2.0NRT",284.65,0.1,"N"
"14303",18.27798,98.95667,305.67,0.41,0.37,"2026-02-15",1908,"N20","nominal","2.0NRT",294.13,1.2,"N"
"14304",18.91476,94.83795,307.42,0.43,0.38,"2026-02-15",1908,"N20","nominal","2.0NRT",293.45,1.02,"N"
"14305",18.30881,98.75249,307.85,0.4,0.37,"2026-02-15",1908,"N20","nominal","2.0NRT",294.4,1.16,"N"
"14306",18.78398,95.71667,299.37,0.4,0.37,"2026-02-15",1908,"N20","nominal","2.0NRT",286.47,0.5,"N"
"14307",18.78341,95.72047,304,0.4,0.37,"2026-02-15",1908,"N20","nominal","2.0NRT",285.71,0.5,"N"
"14308",18.90781,94.83682,309.45,0.43,0.38,"2026-02-15",1908,"N20","nominal","2.0NRT",292.94,1.64,"N"
"14309",18.77612,95.74648,303.11,0.4,0.37,"2026-02-15",1908,"N20","nominal","2.0NRT",287.6,0.25,"N"
"14310",18.90993,94.8351,311.03,0.43,0.38,"2026-02-15",1908,"N20","nominal","2.0NRT",293.69,0.77,"N"
"14311",18.90935,94.83907,305.37,0.43,0.38,"2026-02-15",1908,"N20","nominal","2.0NRT",294.15,0.77,"N"
"14312",18.77496,95.74379,305.7,0.4,0.37,"2026-02-15",1908,"N20","nominal","2.0NRT",289.45,0.97,"N"
"14313",18.77731,95.7053,328.68,0.4,0.37,"2026-02-15",1908,"N20","nominal","2.0NRT",287.82,1.78,"N"
"14314",18.90182,94.86626,316.12,0.43,0.38,"2026-02-15",1908,"N20","nominal","2.0NRT",289.42,0.94,"N"
"14315",18.77394,95.70474,314.57,0.4,0.37,"2026-02-15",1908,"N20","nominal","2.0NRT",287.62,1.06,"N"
"14316",18.78483,95.60915,302.44,0.4,0.37,"2026-02-15",1908,"N20","nominal","2.0NRT",287.11,0.39,"N"
"14317",18.89256,94.85674,303.94,0.43,0.38,"2026-02-15",1908,"N20","nominal","2.0NRT",291.77,0.69,"N"
"14318",17.66684,102.25356,324.09,0.39,0.44,"2026-02-15",1908,"N20","nominal","2.0NRT",290.65,2.11,"N"
"14319",18.7372,95.8114,327.2,0.4,0.37,"2026-02-15",1908,"N20","nominal","2.0NRT",294.15,2.77,"N"
"14320",18.88622,94.80248,318.78,0.43,0.38,"2026-02-15",1908,"N20","nominal","2.0NRT",293.08,1.46,"N"
"14321",18.87403,94.88644,298.72,0.43,0.38,"2026-02-15",1908,"N20","nominal","2.0NRT",288.37,0.41,"N"
"14322",18.73836,95.80375,308.75,0.4,0.37,"2026-02-15",1908,"N20","nominal","2.0NRT",291.05,1.49,"N"
"14323",18.73778,95.80757,310.2,0.4,0.37,"2026-02-15",1908,"N20","nominal","2.0NRT",294.77,1.49,"N"
"14324",18.73442,95.80702,325.16,0.4,0.37,"2026-02-15",1908,"N20","nominal","2.0NRT",296.27,1.49,"N"
"14325",18.87975,94.8226,307.1,0.43,0.38,"2026-02-15",1908,"N20","nominal","2.0NRT",294.3,1.11,"N"
"14326",18.87056,94.88593,299.86,0.43,0.38,"2026-02-15",1908,"N20","nominal","2.0NRT",287.75,0.41,"N"
"14327",18.73499,95.80318,319.61,0.4,0.37,"2026-02-15",1908,"N20","nominal","2.0NRT",290.55,1.49,"N"
"14328",18.23927,98.93149,304.91,0.41,0.37,"2026-02-15",1908,"N20","nominal","2.0NRT",294.14,1.3,"N"
"14329",18.87809,94.80953,310.58,0.43,0.38,"2026-02-15",1908,"N20","nominal","2.0NRT",291.38,0.82,"N"
"14330",18.87748,94.81375,307.28,0.43,0.38,"2026-02-15",1908,"N20","nominal","2.0NRT",294.69,1.48,"N"
"14331",18.7396,95.74957,317.96,0.4,0.37,"2026-02-15",1908,"N20","nominal","2.0NRT",286.93,1.82,"N"
"14332",18.7299,95.8142,305.59,0.4,0.37,"2026-02-15",1908,"N20","nominal","2.0NRT",293.94,1.09,"N"
"14333",18.86765,94.85709,328.86,0.43,0.38,"2026-02-15",1908,"N20","nominal","2.0NRT",294.94,3.42,"N"
"14334",18.86878,94.84927,303.35,0.43,0.38,"2026-02-15",1908,"N20","nominal","2.0NRT",292.8,1.57,"N"
"14335",18.86593,94.8689,305.8,0.43,0.38,"2026-02-15",1908,"N20","nominal","2.0NRT",290.39,1.19,"N"
"14336",18.22875,98.95289,305.07,0.41,0.37,"2026-02-15",1908,"N20","nominal","2.0NRT",293.97,0.86,"N"
"14337",18.86418,94.85655,325.78,0.43,0.38,"2026-02-15",1908,"N20","nominal","2.0NRT",291.97,2.47,"N"
"14338",18.86701,94.83698,309.76,0.43,0.38,"2026-02-15",1908,"N20","nominal","2.0NRT",294.47,1.8,"N"
"14339",18.86361,94.86048,319.03,0.43,0.38,"2026-02-15",1908,"N20","nominal","2.0NRT",291.74,2.12,"N"
"14340",18.22539,98.95217,309.96,0.41,0.37,"2026-02-15",1908,"N20","nominal","2.0NRT",294.06,1.01,"N"
"14341",18.73123,95.71323,298.33,0.4,0.37,"2026-02-15",1908,"N20","nominal","2.0NRT",286.66,0.48,"N"
"14342",18.71025,95.85345,305.94,0.4,0.37,"2026-02-15",1908,"N20","nominal","2.0NRT",290.78,1.02,"N"
"14343",18.84801,94.89473,321,0.43,0.38,"2026-02-15",1908,"N20","nominal","2.0NRT",293.59,2.21,"N"
"14344",18.85663,94.83504,310.36,0.43,0.38,"2026-02-15",1908,"N20","nominal","2.0NRT",293.27,2.37,"N"
"14345",18.85545,94.84323,305.05,0.43,0.38,"2026-02-15",1908,"N20","nominal","2.0NRT",294.17,1,"N"
"14346",18.85487,94.84721,309.15,0.43,0.38,"2026-02-15",1908,"N20","nominal","2.0NRT",294.72,1,"N"
"14347",18.72787,95.71268,304.34,0.4,0.37,"2026-02-15",1908,"N20","nominal","2.0NRT",288.02,0.48,"N"
"14348",18.84455,94.89414,299.85,0.43,0.38,"2026-02-15",1908,"N20","nominal","2.0NRT",288.84,0.47,"N"
"14349",18.82319,95.04161,298.85,0.42,0.38,"2026-02-15",1908,"N20","nominal","2.0NRT",285.7,0.67,"N"
"14350",18.22577,98.86668,309.38,0.4,0.37,"2026-02-15",1908,"N20","nominal","2.0NRT",295.09,1.78,"N"
"14351",18.20279,98.98337,304.91,0.41,0.37,"2026-02-15",1908,"N20","nominal","2.0NRT",292.77,0.85,"N"
"14352",18.8451,94.84108,303.4,0.43,0.38,"2026-02-15",1908,"N20","nominal","2.0NRT",289.08,0.52,"N"
"14353",18.21905,98.8654,305.78,0.4,0.37,"2026-02-15",1908,"N20","nominal","2.0NRT",295.54,1.21,"N"
"14354",18.71214,95.72562,300.52,0.4,0.37,"2026-02-15",1908,"N20","nominal","2.0NRT",287.74,0.93,"N"
"14355",18.55388,96.76654,304.63,0.39,0.36,"2026-02-15",1908,"N20","nominal","2.0NRT",290.9,0.67,"N"
"14356",18.14984,99.25603,305.74,0.42,0.37,"2026-02-15",1908,"N20","nominal","2.0NRT",293.45,0.69,"N"
"14357",18.84498,94.76761,302.99,0.43,0.38,"2026-02-15",1908,"N20","nominal","2.0NRT",292.59,0.7,"N"
"14358",18.69527,95.79256,299.04,0.4,0.37,"2026-02-15",1908,"N20","nominal","2.0NRT",287.32,1.3,"N"
"14359",18.54567,96.75397,326.76,0.39,0.36,"2026-02-15",1908,"N20","nominal","2.0NRT",294.08,1.29,"N"
"14360",18.8415,94.76701,315.07,0.43,0.38,"2026-02-15",1908,"N20","nominal","2.0NRT",291.4,1.34,"N"
"14361",18.84095,94.77084,310.95,0.43,0.38,"2026-02-15",1908,"N20","nominal","2.0NRT",292.08,1.34,"N"
"14362",18.54511,96.75761,303.86,0.39,0.36,"2026-02-15",1908,"N20","nominal","2.0NRT",293.15,1.29,"N"
"14363",18.18978,98.95726,304.83,0.41,0.37,"2026-02-15",1908,"N20","nominal","2.0NRT",293.92,0.76,"N"
"14364",18.83691,94.77422,302.64,0.43,0.38,"2026-02-15",1908,"N20","nominal","2.0NRT",291.27,0.68,"N"
"14365",17.18801,104.39468,306.42,0.54,0.51,"2026-02-15",1908,"N20","nominal","2.0NRT",291.29,0.93,"N"
"14366",17.18341,104.39371,327.38,0.54,0.51,"2026-02-15",1908,"N20","nominal","2.0NRT",292.4,4.5,"N"
"14367",18.80996,94.93751,303.3,0.42,0.38,"2026-02-15",1908,"N20","nominal","2.0NRT",285.99,0.63,"N"
"14368",18.78533,95.10847,298.83,0.42,0.38,"2026-02-15",1908,"N20","nominal","2.0NRT",286.62,0.36,"N"
"14369",17.86052,100.81277,309.44,0.49,0.4,"2026-02-15",1908,"N20","nominal","2.0NRT",293.47,1.39,"N"
"14370",17.85609,100.81639,320.2,0.49,0.4,"2026-02-15",1908,"N20","nominal","2.0NRT",293.97,3.3,"N"
"14371",18.68856,95.74498,300.35,0.4,0.37,"2026-02-15",1908,"N20","nominal","2.0NRT",287.17,0.59,"N"
"14372",18.68014,95.80163,304.81,0.4,0.37,"2026-02-15",1908,"N20","nominal","2.0NRT",286.88,0.41,"N"
"14373",18.67958,95.8054,301.45,0.4,0.37,"2026-02-15",1908,"N20","nominal","2.0NRT",284.18,0.41,"N"
"14374",17.85688,100.81197,307.92,0.49,0.4,"2026-02-15",1908,"N20","nominal","2.0NRT",293.4,1.39,"N"
"14375",18.67678,95.80106,326.55,0.4,0.37,"2026-02-15",1908,"N20","nominal","2.0NRT",289.08,2.43,"N"
"14376",18.82304,94.79662,307.56,0.43,0.38,"2026-02-15",1908,"N20","nominal","2.0NRT",294.94,0.93,"N"
"14377",17.854,100.80692,303,0.48,0.4,"2026-02-15",1908,"N20","nominal","2.0NRT",292.39,0.98,"N"
"14378",17.85324,100.8112,304.49,0.49,0.4,"2026-02-15",1908,"N20","nominal","2.0NRT",293.78,0.98,"N"
"14379",17.85086,100.82448,306.04,0.49,0.4,"2026-02-15",1908,"N20","nominal","2.0NRT",293.01,1.3,"N"
"14380",18.81331,94.83984,306.86,0.43,0.38,"2026-02-15",1908,"N20","nominal","2.0NRT",289.59,0.81,"N"
"14381",18.67623,95.78163,319.4,0.4,0.37,"2026-02-15",1908,"N20","nominal","2.0NRT",287.67,1.49,"N"
"14382",17.17559,104.36095,308.27,0.54,0.51,"2026-02-15",1908,"N20","nominal","2.0NRT",291.37,1.49,"N"
"14383",18.80984,94.83931,316.94,0.43,0.38,"2026-02-15",1908,"N20","nominal","2.0NRT",294.48,2.56,"N"
"14384",18.08847,99.4299,305.98,0.42,0.38,"2026-02-15",1908,"N20","nominal","2.0NRT",294.99,1.35,"N"
"14385",18.65659,95.86756,333.94,0.4,0.37,"2026-02-15",1908,"N20","nominal","2.0NRT",295.98,2.71,"N"
"14386",18.65602,95.87141,314.15,0.4,0.37,"2026-02-15",1908,"N20","nominal","2.0NRT",295.23,2.71,"N"
"14387",18.65155,95.87837,306.39,0.4,0.37,"2026-02-15",1908,"N20","nominal","2.0NRT",294.46,1.97,"N"
"14388",18.15875,98.95563,308.24,0.41,0.37,"2026-02-15",1908,"N20","nominal","2.0NRT",294.01,0.92,"N"
"14389",18.66088,95.7794,328.95,0.4,0.37,"2026-02-15",1908,"N20","nominal","2.0NRT",285.83,1.18,"N"
"14390",18.76577,95.05345,330.93,0.42,0.38,"2026-02-15",1908,"N20","nominal","2.0NRT",290.39,3.09,"N"
"14391",18.69692,95.51682,300.89,0.41,0.37,"2026-02-15",1908,"N20","nominal","2.0NRT",288.66,0.63,"N"
"14392",18.65751,95.77884,307.85,0.4,0.37,"2026-02-15",1908,"N20","nominal","2.0NRT",286.51,1.18,"N"
"14393",18.76233,95.05293,328.76,0.42,0.38,"2026-02-15",1908,"N20","nominal","2.0NRT",291.86,3.76,"N"
"14394",18.65302,95.78581,298.98,0.4,0.37,"2026-02-15",1908,"N20","nominal","2.0NRT",285.51,0.48,"N"
"14395",18.50846,96.729,302.77,0.39,0.36,"2026-02-15",1908,"N20","nominal","2.0NRT",291.51,0.54,"N"
"14396",18.75889,95.05234,334.75,0.42,0.38,"2026-02-15",1908,"N20","nominal","2.0NRT",293.04,3.76,"N"
"14397",17.95107,100.11697,309.5,0.45,0.39,"2026-02-15",1908,"N20","nominal","2.0NRT",294.4,2.18,"N"
"14398",18.78699,94.83648,307.54,0.43,0.38,"2026-02-15",1908,"N20","nominal","2.0NRT",291.33,1.43,"N"
"14399",17.17577,104.36343,303.31,0.54,0.51,"2026-02-15",1908,"N20","nominal","2.0NRT",291.32,0.76,"N"
"14400",18.78352,94.8359,321.73,0.43,0.38,"2026-02-15",1908,"N20","nominal","2.0NRT",290.99,1.43,"N"
"14401",18.75142,95.05521,321.14,0.42,0.38,"2026-02-15",1908,"N20","nominal","2.0NRT",290.48,2.17,"N"
"14402",18.78294,94.83984,298.63,0.43,0.38,"2026-02-15",1908,"N20","nominal","2.0NRT",288.36,0.77,"N"
"14403",17.17118,104.36247,302.67,0.54,0.51,"2026-02-15",1908,"N20","nominal","2.0NRT",291.16,0.76,"N"
"14404",18.63732,95.79863,331.9,0.4,0.37,"2026-02-15",1908,"N20","nominal","2.0NRT",286.06,2.68,"N"
"14405",18.78062,94.83144,305.28,0.43,0.38,"2026-02-15",1908,"N20","nominal","2.0NRT",291.83,0.84,"N"
"14406",18.78005,94.83533,304.79,0.43,0.38,"2026-02-15",1908,"N20","nominal","2.0NRT",290.3,0.84,"N"
"14407",18.77599,94.86322,315.97,0.43,0.38,"2026-02-15",1908,"N20","nominal","2.0NRT",289.93,1.53,"N"
"14408",17.57931,102.15709,310.73,0.39,0.44,"2026-02-15",1908,"N20","nominal","2.0NRT",290.42,0.58,"N"
"14409",18.63396,95.79807,301.5,0.4,0.37,"2026-02-15",1908,"N20","nominal","2.0NRT",284.8,2.68,"N"
"14410",18.63168,95.81316,299.36,0.4,0.37,"2026-02-15",1908,"N20","nominal","2.0NRT",288.43,0.57,"N"
"14411",18.63112,95.81691,312.85,0.4,0.37,"2026-02-15",1908,"N20","nominal","2.0NRT",290.34,1.48,"N"
"14412",18.37161,97.49118,300.84,0.38,0.36,"2026-02-15",1908,"N20","nominal","2.0NRT",290.72,0.4,"N"
"14413",17.40204,103.09618,305.82,0.44,0.46,"2026-02-15",1908,"N20","nominal","2.0NRT",290.46,0.73,"N"
"14414",18.73995,95.0614,321.51,0.42,0.38,"2026-02-15",1908,"N20","nominal","2.0NRT",290.67,1.44,"N"
"14415",18.36831,97.4906,301.81,0.38,0.36,"2026-02-15",1908,"N20","nominal","2.0NRT",289.22,0.68,"N"
"14416",18.77193,94.81787,302.95,0.43,0.38,"2026-02-15",1908,"N20","nominal","2.0NRT",291.33,1.14,"N"
"14417",18.75917,94.90569,299.16,0.43,0.38,"2026-02-15",1908,"N20","nominal","2.0NRT",288.67,0.43,"N"
"14418",18.73651,95.06087,303.22,0.42,0.38,"2026-02-15",1908,"N20","nominal","2.0NRT",289.38,1.44,"N"
"14419",18.62554,95.80827,299.65,0.4,0.37,"2026-02-15",1908,"N20","nominal","2.0NRT",283.8,0.88,"N"
"14420",18.62161,95.81148,324.98,0.4,0.37,"2026-02-15",1908,"N20","nominal","2.0NRT",287.75,1.36,"N"
"14421",18.75223,94.92904,298.6,0.42,0.38,"2026-02-15",1908,"N20","nominal","2.0NRT",287.54,0.47,"N"
"14422",18.73597,95.04044,299.77,0.42,0.38,"2026-02-15",1908,"N20","nominal","2.0NRT",286.96,0.6,"N"
"14423",18.73539,95.04444,302.11,0.42,0.38,"2026-02-15",1908,"N20","nominal","2.0NRT",288.78,0.73,"N"
"14424",18.62218,95.80771,296.23,0.4,0.37,"2026-02-15",1908,"N20","nominal","2.0NRT",284.89,1.36,"N"
"14425",18.61422,95.86059,304.37,0.4,0.37,"2026-02-15",1908,"N20","nominal","2.0NRT",293.25,0.74,"N"
"14426",18.76382,94.82478,317.73,0.43,0.38,"2026-02-15",1908,"N20","nominal","2.0NRT",292.26,2.75,"N"
"14427",18.76326,94.82867,304.12,0.43,0.38,"2026-02-15",1908,"N20","nominal","2.0NRT",288.3,0.86,"N"
"14428",18.61146,95.85612,298.85,0.4,0.37,"2026-02-15",1908,"N20","nominal","2.0NRT",288.11,0.54,"N"
"14429",18.61088,95.85995,301.12,0.4,0.37,"2026-02-15",1908,"N20","nominal","2.0NRT",287.5,0.74,"N"
"14430",17.52352,102.34908,305.32,0.4,0.44,"2026-02-15",1908,"N20","nominal","2.0NRT",295.21,2.44,"N"
"14431",18.76094,94.82017,336.63,0.43,0.38,"2026-02-15",1908,"N20","nominal","2.0NRT",294.18,3.02,"N"
"14432",18.76037,94.8241,323.73,0.43,0.38,"2026-02-15",1908,"N20","nominal","2.0NRT",291.67,3.02,"N"
"14433",18.75635,94.85184,300.05,0.43,0.38,"2026-02-15",1908,"N20","nominal","2.0NRT",288.8,0.21,"N"
"14434",18.73083,95.02736,313.39,0.42,0.38,"2026-02-15",1908,"N20","nominal","2.0NRT",286.39,0.84,"N"
"14435",18.72619,95.05919,302.33,0.42,0.38,"2026-02-15",1908,"N20","nominal","2.0NRT",288.74,0.95,"N"
"14436",18.6149,95.81036,295.91,0.4,0.37,"2026-02-15",1908,"N20","nominal","2.0NRT",285.32,0.49,"N"
"14437",17.34322,103.29198,300.96,0.46,0.47,"2026-02-15",1908,"N20","nominal","2.0NRT",290.07,0.54,"N"
"14438",18.75289,94.85127,300.63,0.43,0.38,"2026-02-15",1908,"N20","nominal","2.0NRT",288.64,0.21,"N"
"14439",18.71931,95.05804,299.16,0.42,0.38,"2026-02-15",1908,"N20","nominal","2.0NRT",288.48,0.51,"N"
"14440",17.51747,102.31429,312.39,0.4,0.44,"2026-02-15",1908,"N20","nominal","2.0NRT",290.68,1.18,"N"
"14441",17.5168,102.31795,306.6,0.4,0.44,"2026-02-15",1908,"N20","nominal","2.0NRT",291.44,1.18,"N"
"14442",18.72281,95.00977,321.2,0.42,0.38,"2026-02-15",1908,"N20","nominal","2.0NRT",286.16,2.51,"N"
"14443",18.74941,94.82616,303.77,0.43,0.38,"2026-02-15",1908,"N20","nominal","2.0NRT",287.65,0.38,"N"
"14444",18.74883,94.83019,301.65,0.43,0.38,"2026-02-15",1908,"N20","nominal","2.0NRT",288.87,0.38,"N"
"14445",18.71587,95.05747,300.26,0.42,0.38,"2026-02-15",1908,"N20","nominal","2.0NRT",287.16,0.51,"N"
"14446",18.71474,95.04102,303.35,0.42,0.38,"2026-02-15",1908,"N20","nominal","2.0NRT",286.74,0.57,"N"
"14447",17.49996,102.36394,306.57,0.4,0.44,"2026-02-15",1908,"N20","nominal","2.0NRT",292.5,1.42,"N"
"14448",18.73491,94.87753,312.2,0.43,0.38,"2026-02-15",1908,"N20","nominal","2.0NRT",294.32,1.52,"N"
"14449",18.73433,94.88149,308.17,0.43,0.38,"2026-02-15",1908,"N20","nominal","2.0NRT",292.46,1.2,"N"
"14450",18.59698,95.8151,297.58,0.4,0.37,"2026-02-15",1908,"N20","nominal","2.0NRT",287.15,0.79,"N"
"14451",18.59642,95.81889,298.29,0.4,0.37,"2026-02-15",1908,"N20","nominal","2.0NRT",288.03,0.6,"N"
"14452",18.73722,94.83691,306.6,0.43,0.38,"2026-02-15",1908,"N20","nominal","2.0NRT",292.52,0.98,"N"
"14453",18.73257,94.86917,308.25,0.43,0.38,"2026-02-15",1908,"N20","nominal","2.0NRT",292.76,1.39,"N"
"14454",18.732,94.8731,313,0.43,0.38,"2026-02-15",1908,"N20","nominal","2.0NRT",294.53,1.89,"N"
"14455",18.73087,94.88093,303.96,0.43,0.38,"2026-02-15",1908,"N20","nominal","2.0NRT",291.55,1.11,"N"
"14456",18.0979,98.93723,306.97,0.41,0.37,"2026-02-15",1908,"N20","nominal","2.0NRT",294.4,1.06,"N"
"14457",18.73082,94.85674,304.2,0.43,0.38,"2026-02-15",1908,"N20","nominal","2.0NRT",292.81,0.57,"N"
"14458",18.72684,94.88432,315.75,0.43,0.38,"2026-02-15",1908,"N20","nominal","2.0NRT",292.33,1.11,"N"
"14459",18.72337,94.88377,327.65,0.43,0.38,"2026-02-15",1908,"N20","nominal","2.0NRT",291.36,2.49,"N"
"14460",18.72394,94.8799,314.79,0.43,0.38,"2026-02-15",1908,"N20","nominal","2.0NRT",290.94,2.49,"N"
"14461",18.72103,94.87544,315.62,0.43,0.38,"2026-02-15",1908,"N20","nominal","2.0NRT",294.25,1.86,"N"
"14462",18.58131,95.82793,302.51,0.4,0.37,"2026-02-15",1908,"N20","nominal","2.0NRT",288.02,0.69,"N"
"14463",18.01452,99.36844,311.66,0.42,0.38,"2026-02-15",1908,"N20","nominal","2.0NRT",294.53,1.42,"N"
"14464",18.00583,99.41942,310.69,0.42,0.38,"2026-02-15",1908,"N20","nominal","2.0NRT",294.6,1.33,"N"
"14465",18.71757,94.87486,325.86,0.43,0.38,"2026-02-15",1908,"N20","nominal","2.0NRT",295.2,2.1,"N"
"14466",18.72039,94.85529,318.71,0.43,0.38,"2026-02-15",1908,"N20","nominal","2.0NRT",293.63,1.49,"N"
"14467",18.71983,94.85922,308.62,0.43,0.38,"2026-02-15",1908,"N20","nominal","2.0NRT",295.56,1.49,"N"
"14468",18.71638,94.85849,313.9,0.43,0.38,"2026-02-15",1910,"N20","nominal","2.0NRT",292.2,1.49,"N"
"14469",18.71582,94.8624,314.21,0.43,0.38,"2026-02-15",1910,"N20","nominal","2.0NRT",291.84,1.74,"N"
"14470",18.71525,94.86633,314.24,0.43,0.38,"2026-02-15",1910,"N20","nominal","2.0NRT",294.1,1.74,"N"
"14471",18.71469,94.87029,312.62,0.43,0.38,"2026-02-15",1910,"N20","nominal","2.0NRT",294.21,2.1,"N"
"14472",17.32888,103.08965,307.27,0.44,0.46,"2026-02-15",1910,"N20","nominal","2.0NRT",290.62,0.69,"N"
"14473",18.69292,94.97247,298.6,0.42,0.38,"2026-02-15",1910,"N20","nominal","2.0NRT",285.82,0.26,"N"
"14474",18.56228,95.84025,308.26,0.4,0.37,"2026-02-15",1910,"N20","nominal","2.0NRT",290.46,0.68,"N"
"14475",17.31966,103.09203,316.56,0.44,0.46,"2026-02-15",1910,"N20","nominal","2.0NRT",291.21,1.53,"N"
"14476",17.31887,103.09616,304.63,0.44,0.46,"2026-02-15",1910,"N20","nominal","2.0NRT",291.07,1.27,"N"
"14477",18.55893,95.83968,302.41,0.4,0.37,"2026-02-15",1910,"N20","nominal","2.0NRT",289.07,0.68,"N"
"14478",18.55614,95.83534,300.77,0.4,0.37,"2026-02-15",1910,"N20","nominal","2.0NRT",287.46,0.76,"N"
"14479",18.55558,95.8391,310.2,0.4,0.37,"2026-02-15",1910,"N20","nominal","2.0NRT",290.45,0.76,"N"
"14480",18.5494,95.88058,307.39,0.4,0.37,"2026-02-15",1910,"N20","nominal","2.0NRT",294.11,0.89,"N"
"14481",18.54884,95.88438,305.35,0.4,0.37,"2026-02-15",1910,"N20","nominal","2.0NRT",293.64,0.89,"N"
"14482",18.54549,95.88383,306.14,0.4,0.37,"2026-02-15",1910,"N20","nominal","2.0NRT",292.98,0.89,"N"
"14483",18.6841,94.88599,309.03,0.43,0.38,"2026-02-15",1910,"N20","nominal","2.0NRT",293.36,0.95,"N"
"14484",18.68353,94.89004,308.82,0.43,0.38,"2026-02-15",1910,"N20","nominal","2.0NRT",294.62,1.28,"N"
"14485",18.67898,94.92184,306.56,0.42,0.38,"2026-02-15",1910,"N20","nominal","2.0NRT",292.49,1.26,"N"
"14486",18.5444,95.84496,300.87,0.4,0.37,"2026-02-15",1910,"N20","nominal","2.0NRT",288.28,0.58,"N"
"14487",18.53992,95.87511,304.24,0.4,0.37,"2026-02-15",1910,"N20","nominal","2.0NRT",289.31,0.68,"N"
"14488",17.91555,99.7365,309.8,0.43,0.38,"2026-02-15",1910,"N20","nominal","2.0NRT",293.38,0.97,"N"
"14489",18.53778,95.87538,321.73,0.4,0.37,"2026-02-15",1910,"N20","nominal","2.0NRT",293.35,1.26,"N"
"14490",18.68474,94.89139,307.11,0.43,0.38,"2026-02-15",1910,"N20","nominal","2.0NRT",293.93,0.7,"N"
"14491",18.68008,94.92312,304.69,0.42,0.38,"2026-02-15",1910,"N20","nominal","2.0NRT",293.38,1.3,"N"
"14492",18.68246,94.88284,309.18,0.43,0.38,"2026-02-15",1910,"N20","nominal","2.0NRT",291.22,1.95,"N"
"14493",18.539,95.84467,299.4,0.4,0.37,"2026-02-15",1910,"N20","nominal","2.0NRT",286.36,0.29,"N"
"14494",18.53442,95.87484,305.3,0.4,0.37,"2026-02-15",1910,"N20","nominal","2.0NRT",292.57,1.26,"N"
"14495",17.91471,99.73338,307.79,0.43,0.38,"2026-02-15",1910,"N20","nominal","2.0NRT",293.7,1.45,"N"
"14496",18.53049,95.87813,306.8,0.4,0.37,"2026-02-15",1910,"N20","nominal","2.0NRT",293.88,2.16,"N"
"14497",17.91123,99.73274,303.89,0.43,0.38,"2026-02-15",1910,"N20","nominal","2.0NRT",293.13,0.48,"N"
"14498",18.53115,95.85111,301.35,0.4,0.37,"2026-02-15",1910,"N20","nominal","2.0NRT",290.21,0.77,"N"
"14499",18.53058,95.85487,301.54,0.4,0.37,"2026-02-15",1910,"N20","nominal","2.0NRT",291.43,0.74,"N"
"14500",18.53002,95.85862,304.46,0.4,0.37,"2026-02-15",1910,"N20","nominal","2.0NRT",290.01,0.74,"N"
"14501",18.65067,94.97905,302.35,0.42,0.38,"2026-02-15",1910,"N20","nominal","2.0NRT",286.31,0.95,"N"
"14502",18.6501,94.98298,318.36,0.42,0.38,"2026-02-15",1910,"N20","nominal","2.0NRT",289.02,1.16,"N"
"14503",18.51533,95.88753,313.69,0.4,0.37,"2026-02-15",1910,"N20","nominal","2.0NRT",297.29,1.49,"N"
"14504",18.64664,94.98246,302.19,0.42,0.38,"2026-02-15",1910,"N20","nominal","2.0NRT",286.99,1.16,"N"
"14505",18.51258,95.88304,306.86,0.4,0.37,"2026-02-15",1910,"N20","nominal","2.0NRT",296.64,1.49,"N"
"14506",18.50924,95.88246,310.87,0.4,0.37,"2026-02-15",1910,"N20","nominal","2.0NRT",296.69,1.56,"N"
"14507",17.7532,100.52462,312.13,0.47,0.4,"2026-02-15",1910,"N20","nominal","2.0NRT",293.82,1.37,"N"
"14508",18.51501,95.82144,301.16,0.4,0.37,"2026-02-15",1910,"N20","nominal","2.0NRT",284.73,0.52,"N"
"14509",17.74957,100.52402,308.59,0.47,0.4,"2026-02-15",1910,"N20","nominal","2.0NRT",293.9,1.37,"N"
"14510",17.74155,100.52722,320.93,0.47,0.4,"2026-02-15",1910,"N20","nominal","2.0NRT",293.83,1.58,"N"
"14511",17.74232,100.52283,303.46,0.47,0.4,"2026-02-15",1910,"N20","nominal","2.0NRT",292.73,1.58,"N"
"14512",17.74079,100.53159,308.08,0.47,0.4,"2026-02-15",1910,"N20","nominal","2.0NRT",293.22,0.99,"N"
"14513",18.58631,95.15444,312.05,0.42,0.37,"2026-02-15",1910,"N20","nominal","2.0NRT",285.12,1.48,"N"
"14514",18.58573,95.15836,301.53,0.42,0.37,"2026-02-15",1910,"N20","nominal","2.0NRT",284.38,0.62,"N"
"14515",18.62528,94.86199,333.12,0.43,0.38,"2026-02-15",1910,"N20","nominal","2.0NRT",297.31,1.89,"N"
"14516",18.62185,94.8612,306,0.43,0.38,"2026-02-15",1910,"N20","nominal","2.0NRT",293.76,1.89,"N"
"14517",17.55237,101.41769,309.68,0.53,0.42,"2026-02-15",1910,"N20","nominal","2.0NRT",290.78,1.47,"N"
"14518",18.61902,94.85625,309.4,0.43,0.38,"2026-02-15",1910,"N20","nominal","2.0NRT",291.82,0.83,"N"
"14519",18.61557,94.85557,306.24,0.43,0.38,"2026-02-15",1910,"N20","nominal","2.0NRT",289.07,0.83,"N"
"14520",17.46648,101.82227,303.77,0.56,0.43,"2026-02-15",1910,"N20","nominal","2.0NRT",290,0.46,"N"
"14521",18.00743,98.72311,324.78,0.4,0.37,"2026-02-15",1910,"N20","nominal","2.0NRT",294.62,2.07,"N"
"14522",18.00469,98.71877,325.54,0.4,0.37,"2026-02-15",1910,"N20","nominal","2.0NRT",295.02,1.63,"N"
"14523",18.00407,98.7225,305.44,0.4,0.37,"2026-02-15",1910,"N20","nominal","2.0NRT",294.19,1.63,"N"
"14524",18.00133,98.71818,320.28,0.4,0.37,"2026-02-15",1910,"N20","nominal","2.0NRT",294.34,1.63,"N"
"14525",18.44789,95.90257,315.69,0.4,0.37,"2026-02-15",1910,"N20","nominal","2.0NRT",288.63,1.1,"N"
"14526",18.44454,95.90203,318.74,0.4,0.37,"2026-02-15",1910,"N20","nominal","2.0NRT",292.88,2.75,"N"
"14527",18.44341,95.90958,303.99,0.4,0.37,"2026-02-15",1910,"N20","nominal","2.0NRT",291.08,1.05,"N"
"14528",17.99673,98.72502,306.88,0.4,0.37,"2026-02-15",1910,"N20","nominal","2.0NRT",292.53,0.67,"N"
"14529",18.44231,95.89396,324.05,0.4,0.37,"2026-02-15",1910,"N20","nominal","2.0NRT",293.39,2.16,"N"
"14530",18.4468,95.86394,311.42,0.4,0.37,"2026-02-15",1910,"N20","nominal","2.0NRT",289.63,0.99,"N"
"14531",18.44624,95.86768,309.96,0.4,0.37,"2026-02-15",1910,"N20","nominal","2.0NRT",290.23,0.99,"N"
"14532",17.37332,102.21334,305.57,0.39,0.44,"2026-02-15",1910,"N20","nominal","2.0NRT",290.7,0.41,"N"
"14533",18.44009,95.88589,307.87,0.4,0.37,"2026-02-15",1910,"N20","nominal","2.0NRT",293.79,1,"N"
"14534",18.43953,95.88965,312.7,0.4,0.37,"2026-02-15",1910,"N20","nominal","2.0NRT",292.87,1,"N"
"14535",17.37275,102.19437,303.31,0.39,0.44,"2026-02-15",1910,"N20","nominal","2.0NRT",291.15,0.41,"N"
"14536",17.34652,102.33365,302.86,0.4,0.44,"2026-02-15",1910,"N20","nominal","2.0NRT",290.83,0.62,"N"
"14537",17.42383,101.85635,323.2,0.56,0.43,"2026-02-15",1910,"N20","nominal","2.0NRT",291.71,3.19,"N"
"14538",17.42476,101.85133,305.99,0.56,0.43,"2026-02-15",1910,"N20","nominal","2.0NRT",290.03,1.73,"N"
"14539",18.43513,95.83535,301.53,0.4,0.37,"2026-02-15",1910,"N20","nominal","2.0NRT",287,0.96,"N"
"14540",18.42785,95.83801,308.02,0.4,0.37,"2026-02-15",1910,"N20","nominal","2.0NRT",289.58,0.83,"N"
"14541",17.37094,102.19387,303.04,0.39,0.44,"2026-02-15",1910,"N20","nominal","2.0NRT",291.67,0.57,"N"
"14542",17.34566,102.33344,300.99,0.4,0.44,"2026-02-15",1910,"N20","nominal","2.0NRT",290.36,0.54,"N"
"14543",18.4245,95.83746,304.5,0.4,0.37,"2026-02-15",1910,"N20","nominal","2.0NRT",288.88,0.83,"N"
"14544",17.42404,101.85418,329.34,0.56,0.43,"2026-02-15",1910,"N20","nominal","2.0NRT",291.2,4.18,"N"
"14545",18.55259,94.95583,301.5,0.42,0.38,"2026-02-15",1910,"N20","nominal","2.0NRT",288.43,0.49,"N"
"14546",18.411,95.88129,301.29,0.4,0.37,"2026-02-15",1910,"N20","nominal","2.0NRT",290.39,1.01,"N"
"14547",17.12812,103.44167,306.24,0.47,0.48,"2026-02-15",1910,"N20","nominal","2.0NRT",290.75,0.98,"N"
"14548",17.33902,102.27847,309.78,0.4,0.44,"2026-02-15",1910,"N20","nominal","2.0NRT",290.94,1.17,"N"
"14549",17.26297,102.6701,313.46,0.42,0.45,"2026-02-15",1910,"N20","nominal","2.0NRT",292.76,1.5,"N"
"14550",18.53878,94.95367,302.27,0.42,0.38,"2026-02-15",1910,"N20","nominal","2.0NRT",288.41,0.39,"N"
"14551",17.66568,100.3788,307.64,0.47,0.39,"2026-02-15",1910,"N20","nominal","2.0NRT",293.92,1.33,"N"
"14552",17.25476,102.66836,306.99,0.42,0.45,"2026-02-15",1910,"N20","nominal","2.0NRT",293.19,0.86,"N"
"14553",16.76071,105.24804,312.03,0.63,0.54,"2026-02-15",1910,"N20","nominal","2.0NRT",288.64,1.61,"N"
"14554",16.72673,105.41931,298.41,0.32,0.55,"2026-02-15",1910,"N20","nominal","2.0NRT",287.81,1.11,"N"
"14555",16.72614,105.42228,319.81,0.32,0.55,"2026-02-15",1910,"N20","nominal","2.0NRT",288.57,1.57,"N"
"14556",17.40512,101.80259,305.27,0.56,0.43,"2026-02-15",1910,"N20","nominal","2.0NRT",289.58,0.57,"N"
"14557",18.52502,94.87837,302.62,0.42,0.38,"2026-02-15",1910,"N20","nominal","2.0NRT",287.59,0.34,"N"
"14558",18.52157,94.87777,299.32,0.42,0.38,"2026-02-15",1910,"N20","nominal","2.0NRT",288.42,0.35,"N"
"14559",18.521,94.88171,299.58,0.42,0.38,"2026-02-15",1910,"N20","nominal","2.0NRT",287.97,0.74,"N"
"14560",18.37022,95.90142,307.88,0.4,0.37,"2026-02-15",1910,"N20","nominal","2.0NRT",295.2,0.9,"N"
"14561",17.06029,103.53759,305.38,0.48,0.48,"2026-02-15",1910,"N20","nominal","2.0NRT",291.49,1.63,"N"
"14562",17.05944,103.542,303.75,0.48,0.48,"2026-02-15",1910,"N20","nominal","2.0NRT",292.05,0.78,"N"
"14563",18.51984,94.86527,298.89,0.42,0.38,"2026-02-15",1910,"N20","nominal","2.0NRT",288.12,0.27,"N"
"14564",18.36746,95.89703,301.77,0.4,0.37,"2026-02-15",1910,"N20","nominal","2.0NRT",290.54,0.9,"N"
"14565",18.35126,95.91359,332.2,0.4,0.37,"2026-02-15",1910,"N20","nominal","2.0NRT",297.47,3.65,"N"
"14566",18.35068,95.91744,308.55,0.4,0.37,"2026-02-15",1910,"N20","nominal","2.0NRT",295.7,1.59,"N"
"14567",18.34735,95.9168,320.3,0.4,0.37,"2026-02-15",1910,"N20","nominal","2.0NRT",296.62,3.31,"N"
"14568",18.24847,96.54366,297.42,0.39,0.36,"2026-02-15",1910,"N20","nominal","2.0NRT",287.08,0.25,"N"
"14569",17.31006,102.05487,308.34,0.38,0.44,"2026-02-15",1910,"N20","nominal","2.0NRT",290.84,0.47,"N"
"14570",18.3379,95.91122,305.56,0.4,0.37,"2026-02-15",1910,"N20","nominal","2.0NRT",292.64,1.15,"N"
"14571",18.48919,94.85703,311.26,0.43,0.38,"2026-02-15",1910,"N20","nominal","2.0NRT",294.33,1.33,"N"
"14572",17.2729,102.1218,320.54,0.39,0.44,"2026-02-15",1910,"N20","nominal","2.0NRT",291,1.54,"N"
"14573",18.47203,94.90266,305.3,0.42,0.38,"2026-02-15",1910,"N20","nominal","2.0NRT",286.07,0.73,"N"
"14574",17.27097,102.1216,321.15,0.39,0.44,"2026-02-15",1910,"N20","nominal","2.0NRT",291.42,1.8,"N"
"14575",18.43946,95.01185,300.25,0.42,0.38,"2026-02-15",1910,"N20","nominal","2.0NRT",288.48,0.39,"N"
"14576",18.44693,94.93716,321.05,0.42,0.38,"2026-02-15",1910,"N20","nominal","2.0NRT",294.15,1.53,"N"
"14577",18.43429,95.02307,309.52,0.42,0.38,"2026-02-15",1910,"N20","nominal","2.0NRT",287.96,0.93,"N"
"14578",18.27786,96.06528,300.61,0.39,0.36,"2026-02-15",1910,"N20","nominal","2.0NRT",290.55,0.53,"N"
"14579",18.44292,94.94045,316.01,0.42,0.38,"2026-02-15",1910,"N20","nominal","2.0NRT",293.01,1.53,"N"
"14580",18.43085,95.02253,309,0.42,0.38,"2026-02-15",1910,"N20","nominal","2.0NRT",289.81,0.93,"N"
"14581",17.3105,101.85719,303.53,0.56,0.43,"2026-02-15",1910,"N20","nominal","2.0NRT",290.13,0.71,"N"
"14582",18.44004,94.93603,323.08,0.42,0.38,"2026-02-15",1910,"N20","nominal","2.0NRT",296.18,2.04,"N"
"14583",18.43947,94.9399,324.67,0.42,0.38,"2026-02-15",1910,"N20","nominal","2.0NRT",295.23,2.04,"N"
"14584",18.43891,94.94378,320.28,0.42,0.38,"2026-02-15",1910,"N20","nominal","2.0NRT",293.63,1.78,"N"
"14585",18.44061,94.93211,308.06,0.42,0.38,"2026-02-15",1910,"N20","nominal","2.0NRT",294.75,1.39,"N"
"14586",18.43896,94.91935,315.29,0.42,0.38,"2026-02-15",1910,"N20","nominal","2.0NRT",289.82,1.46,"N"
"14587",18.43603,94.93935,319.56,0.42,0.38,"2026-02-15",1910,"N20","nominal","2.0NRT",293.35,2.04,"N"
"14588",17.30269,101.85562,300.04,0.56,0.43,"2026-02-15",1910,"N20","nominal","2.0NRT",290.02,0.63,"N"
"14589",17.23385,102.23494,302.3,0.4,0.44,"2026-02-15",1910,"N20","nominal","2.0NRT",291.44,0.47,"N"
"14590",16.8398,104.33659,308.33,0.55,0.51,"2026-02-15",1910,"N20","nominal","2.0NRT",291.1,1.4,"N"
"14591",17.23521,102.20478,337.43,0.39,0.44,"2026-02-15",1910,"N20","nominal","2.0NRT",291.86,3.22,"N"
"14592",17.23455,102.20844,302,0.39,0.44,"2026-02-15",1910,"N20","nominal","2.0NRT",291.27,3.22,"N"
"14593",18.43207,94.89405,302.94,0.42,0.38,"2026-02-15",1910,"N20","nominal","2.0NRT",292.17,0.7,"N"
"14594",18.41481,94.98796,306.26,0.42,0.38,"2026-02-15",1910,"N20","nominal","2.0NRT",294.72,1.44,"N"
"14595",17.08486,102.94958,308.98,0.44,0.46,"2026-02-15",1910,"N20","nominal","2.0NRT",290.75,0.61,"N"
"14596",18.39125,95.12462,322.21,0.42,0.37,"2026-02-15",1910,"N20","nominal","2.0NRT",287.24,1.38,"N"
"14597",18.42334,94.90547,315.02,0.42,0.38,"2026-02-15",1910,"N20","nominal","2.0NRT",295.07,1.98,"N"
"14598",18.41652,94.95219,309.51,0.42,0.38,"2026-02-15",1910,"N20","nominal","2.0NRT",295.07,1.92,"N"
"14599",18.39068,95.12849,298.09,0.42,0.37,"2026-02-15",1910,"N20","nominal","2.0NRT",286.42,0.58,"N"
"14600",18.41307,94.95164,322.84,0.42,0.38,"2026-02-15",1910,"N20","nominal","2.0NRT",294.29,1.92,"N"
"14601",18.38783,95.12408,300.61,0.42,0.37,"2026-02-15",1910,"N20","nominal","2.0NRT",287.02,1.38,"N"
"14602",16.61583,105.32652,298.57,0.32,0.55,"2026-02-15",1910,"N20","nominal","2.0NRT",287.9,0.36,"N"
"14603",18.40673,94.94682,311.11,0.42,0.38,"2026-02-15",1910,"N20","nominal","2.0NRT",294.58,2.21,"N"
"14604",18.40504,94.93424,324.93,0.42,0.38,"2026-02-15",1910,"N20","nominal","2.0NRT",293.61,1.46,"N"
"14605",18.40562,94.9302,307.32,0.42,0.38,"2026-02-15",1910,"N20","nominal","2.0NRT",288.16,1.46,"N"
"14606",18.40445,94.93828,314.64,0.42,0.38,"2026-02-15",1910,"N20","nominal","2.0NRT",292,1.49,"N"
"14607",16.89439,103.83356,305.92,0.5,0.49,"2026-02-15",1910,"N20","nominal","2.0NRT",291.71,0.77,"N"
"14608",18.11013,96.86566,328.36,0.38,0.36,"2026-02-15",1910,"N20","nominal","2.0NRT",291.17,2.68,"N"
"14609",18.40381,94.8941,306.05,0.42,0.38,"2026-02-15",1910,"N20","nominal","2.0NRT",294.89,1.35,"N"
"14610",18.40268,94.87752,306.49,0.42,0.38,"2026-02-15",1910,"N20","nominal","2.0NRT",292.61,0.47,"N"
"14611",18.40154,94.88541,305.47,0.42,0.38,"2026-02-15",1910,"N20","nominal","2.0NRT",291.92,0.35,"N"
"14612",18.40096,94.88942,313.55,0.42,0.38,"2026-02-15",1910,"N20","nominal","2.0NRT",291.98,1.35,"N"
"14613",18.39978,94.87316,307.45,0.42,0.38,"2026-02-15",1910,"N20","nominal","2.0NRT",294.69,1.6,"N"
"14614",18.24137,95.9453,308.35,0.39,0.37,"2026-02-15",1910,"N20","nominal","2.0NRT",291.8,1.66,"N"
"14615",16.84348,103.99969,309.57,0.52,0.5,"2026-02-15",1910,"N20","nominal","2.0NRT",292.32,2.73,"N"
"14616",16.84251,104.00463,303.51,0.52,0.5,"2026-02-15",1910,"N20","nominal","2.0NRT",292.54,2,"N"
"14617",18.39688,94.8688,308.48,0.42,0.38,"2026-02-15",1910,"N20","nominal","2.0NRT",295.61,1.37,"N"
"14618",18.39408,94.88809,306.38,0.42,0.38,"2026-02-15",1910,"N20","nominal","2.0NRT",288.92,1.52,"N"
"14619",18.39288,94.87204,310.37,0.42,0.38,"2026-02-15",1910,"N20","nominal","2.0NRT",295.3,1.42,"N"
"14620",18.39064,94.8875,301.93,0.42,0.38,"2026-02-15",1910,"N20","nominal","2.0NRT",291.11,1.08,"N"
"14621",16.83531,103.99349,310.22,0.52,0.5,"2026-02-15",1910,"N20","nominal","2.0NRT",293.25,2.34,"N"
"14622",18.23022,95.95114,333.64,0.39,0.37,"2026-02-15",1910,"N20","nominal","2.0NRT",294.11,3.44,"N"
"14623",18.22965,95.95492,329.23,0.39,0.37,"2026-02-15",1910,"N20","nominal","2.0NRT",297.56,3.44,"N"
"14624",18.38662,94.89085,308.5,0.42,0.38,"2026-02-15",1910,"N20","nominal","2.0NRT",291.17,1.08,"N"
"14625",18.38605,94.8948,303.52,0.42,0.38,"2026-02-15",1910,"N20","nominal","2.0NRT",293.06,0.9,"N"
"14626",18.38037,94.93403,311.92,0.42,0.38,"2026-02-15",1910,"N20","nominal","2.0NRT",287.66,0.8,"N"
"14627",16.88097,103.73598,309.92,0.5,0.49,"2026-02-15",1910,"N20","nominal","2.0NRT",293.77,1.99,"N"
"14628",18.38768,94.85908,325.14,0.42,0.38,"2026-02-15",1910,"N20","nominal","2.0NRT",295.43,2.05,"N"
"14629",18.22632,95.95429,320.62,0.39,0.37,"2026-02-15",1910,"N20","nominal","2.0NRT",295.14,1.23,"N"
"14630",18.38712,94.86299,308.1,0.42,0.38,"2026-02-15",1910,"N20","nominal","2.0NRT",295.38,1.83,"N"
"14631",18.22689,95.95052,304.29,0.39,0.37,"2026-02-15",1910,"N20","nominal","2.0NRT",289.64,1.23,"N"
"14632",16.93974,103.40981,312.47,0.47,0.48,"2026-02-15",1910,"N20","nominal","2.0NRT",290.55,1.58,"N"
"14633",18.22468,95.94246,299.57,0.39,0.37,"2026-02-15",1910,"N20","nominal","2.0NRT",288.04,0.49,"N"
"14634",18.36887,94.94051,323.88,0.42,0.38,"2026-02-15",1910,"N20","nominal","2.0NRT",293.01,2.18,"N"
"14635",18.22134,95.94191,305.76,0.39,0.37,"2026-02-15",1910,"N20","nominal","2.0NRT",289.96,0.78,"N"
"14636",18.22078,95.94565,306.53,0.39,0.37,"2026-02-15",1910,"N20","nominal","2.0NRT",292.49,0.78,"N"
"14637",18.36541,94.94012,330.86,0.42,0.38,"2026-02-15",1910,"N20","nominal","2.0NRT",294.4,2.18,"N"
"14638",18.37957,94.84174,313.83,0.42,0.38,"2026-02-15",1910,"N20","nominal","2.0NRT",294.06,1.27,"N"
"14639",18.36483,94.94414,313.34,0.42,0.38,"2026-02-15",1910,"N20","nominal","2.0NRT",295.99,2.18,"N"
"14640",17.68704,99.24603,307.89,0.42,0.38,"2026-02-15",1910,"N20","nominal","2.0NRT",294.93,1.63,"N"
"14641",16.9053,103.49406,308.19,0.48,0.48,"2026-02-15",1910,"N20","nominal","2.0NRT",290.49,1.1,"N"
"14642",18.33928,95.04797,304.63,0.42,0.37,"2026-02-15",1910,"N20","nominal","2.0NRT",283.94,0.8,"N"
"14643",18.355,94.91453,313.5,0.42,0.38,"2026-02-15",1910,"N20","nominal","2.0NRT",293.62,1.93,"N"
"14644",18.35272,94.93037,313.9,0.42,0.38,"2026-02-15",1910,"N20","nominal","2.0NRT",292.35,1.1,"N"
"14645",18.35216,94.93428,315.03,0.42,0.38,"2026-02-15",1910,"N20","nominal","2.0NRT",294.43,1.1,"N"
"14646",18.34205,95.00439,298.71,0.42,0.38,"2026-02-15",1910,"N20","nominal","2.0NRT",287.72,0.52,"N"
"14647",18.35618,94.91196,301.47,0.42,0.38,"2026-02-15",1910,"N20","nominal","2.0NRT",290.6,0.55,"N"
"14648",18.35558,94.91604,306.85,0.42,0.38,"2026-02-15",1910,"N20","nominal","2.0NRT",293.99,1.76,"N"
"14649",18.35325,94.93183,313.46,0.42,0.38,"2026-02-15",1910,"N20","nominal","2.0NRT",293.2,1.38,"N"
"14650",18.34233,95.00572,303.64,0.42,0.38,"2026-02-15",1910,"N20","nominal","2.0NRT",287.78,0.84,"N"
"14651",18.34982,94.93117,315.17,0.42,0.38,"2026-02-15",1910,"N20","nominal","2.0NRT",291.16,1.38,"N"
"14652",18.34868,94.93891,308.47,0.42,0.38,"2026-02-15",1910,"N20","nominal","2.0NRT",294.09,1.14,"N"
"14653",18.32509,95.05102,314.61,0.42,0.37,"2026-02-15",1910,"N20","nominal","2.0NRT",285.67,1.47,"N"
"14654",18.18861,95.93737,305.33,0.39,0.37,"2026-02-15",1910,"N20","nominal","2.0NRT",294.79,1.21,"N"
"14655",17.15626,102.12946,314.29,0.39,0.44,"2026-02-15",1910,"N20","nominal","2.0NRT",291.51,0.93,"N"
"14656",16.90521,103.49194,303.49,0.48,0.48,"2026-02-15",1910,"N20","nominal","2.0NRT",290.71,0.59,"N"
"14657",18.18527,95.93681,306.73,0.39,0.37,"2026-02-15",1910,"N20","nominal","2.0NRT",293.59,1.21,"N"
"14658",18.32057,94.98634,304.81,0.42,0.38,"2026-02-15",1910,"N20","nominal","2.0NRT",294.16,1.61,"N"
"14659",17.30619,101.22623,304.67,0.52,0.41,"2026-02-15",1910,"N20","nominal","2.0NRT",288.72,0.57,"N"
"14660",16.76706,104.12267,304.06,0.53,0.5,"2026-02-15",1910,"N20","nominal","2.0NRT",291.82,1.38,"N"
"14661",18.31312,94.98912,304.55,0.42,0.38,"2026-02-15",1910,"N20","nominal","2.0NRT",290.56,0.72,"N"
"14662",17.73101,98.70977,306.43,0.4,0.37,"2026-02-15",1910,"N20","nominal","2.0NRT",293.47,1.13,"N"
"14663",16.67563,104.5461,300.9,0.57,0.52,"2026-02-15",1910,"N20","nominal","2.0NRT",290.3,0.95,"N"
"14664",18.31024,94.9608,315.72,0.42,0.38,"2026-02-15",1910,"N20","nominal","2.0NRT",294.85,0.7,"N"
"14665",18.30394,95.0038,308.82,0.42,0.38,"2026-02-15",1910,"N20","nominal","2.0NRT",289.53,0.54,"N"
"14666",18.29251,95.03378,345.84,0.42,0.37,"2026-02-15",1910,"N20","nominal","2.0NRT",289.08,5.58,"N"
"14667",18.29593,95.01048,312.67,0.42,0.38,"2026-02-15",1910,"N20","nominal","2.0NRT",286.7,0.9,"N"
"14668",18.29308,95.02989,297.55,0.42,0.38,"2026-02-15",1910,"N20","nominal","2.0NRT",284.55,0.74,"N"
"14669",16.98766,102.83894,301.13,0.43,0.46,"2026-02-15",1910,"N20","nominal","2.0NRT",290.7,0.54,"N"
"14670",18.29706,94.97873,299.54,0.42,0.38,"2026-02-15",1910,"N20","nominal","2.0NRT",288.87,0.44,"N"
"14671",18.29021,95.02547,314.29,0.42,0.38,"2026-02-15",1910,"N20","nominal","2.0NRT",286.91,0.78,"N"
"14672",18.28965,95.02934,300.24,0.42,0.38,"2026-02-15",1910,"N20","nominal","2.0NRT",287.46,0.78,"N"
"14673",18.27531,95.12704,305.38,0.41,0.37,"2026-02-15",1910,"N20","nominal","2.0NRT",286.95,1.03,"N"
"14674",18.28564,95.03271,309.51,0.42,0.37,"2026-02-15",1910,"N20","nominal","2.0NRT",286.51,1.35,"N"
"14675",16.88383,103.31905,309.09,0.47,0.48,"2026-02-15",1910,"N20","nominal","2.0NRT",292.19,1.24,"N"
"14676",17.00895,102.63319,318.63,0.42,0.45,"2026-02-15",1910,"N20","nominal","2.0NRT",295.79,3,"N"
"14677",17.0048,102.63251,308.79,0.42,0.45,"2026-02-15",1910,"N20","nominal","2.0NRT",293.08,1.11,"N"
"14678",17.05638,102.31136,326.58,0.4,0.44,"2026-02-15",1910,"N20","nominal","2.0NRT",292.34,2.78,"N"
"14679",18.27631,94.95216,343.92,0.42,0.38,"2026-02-15",1910,"N20","nominal","2.0NRT",299.89,9.1,"N"
"14680",16.98532,102.6679,306.46,0.42,0.46,"2026-02-15",1910,"N20","nominal","2.0NRT",294.82,1.9,"N"
"14681",18.27288,94.95154,330.27,0.42,0.38,"2026-02-15",1910,"N20","nominal","2.0NRT",296.94,3.5,"N"
"14682",18.26614,94.99779,302.9,0.42,0.38,"2026-02-15",1910,"N20","nominal","2.0NRT",286.83,0.44,"N"
"14683",18.25926,94.9968,318.13,0.42,0.38,"2026-02-15",1910,"N20","nominal","2.0NRT",295.76,1.96,"N"
"14684",18.25582,94.99635,317.11,0.42,0.38,"2026-02-15",1910,"N20","nominal","2.0NRT",296.31,1.96,"N"
"14685",17.68986,98.62434,307.54,0.4,0.37,"2026-02-15",1910,"N20","nominal","2.0NRT",292.31,0.89,"N"
"14686",16.84903,103.2672,307.28,0.46,0.47,"2026-02-15",1910,"N20","nominal","2.0NRT",289.97,0.99,"N"
"14687",16.73289,103.8632,307.1,0.51,0.49,"2026-02-15",1910,"N20","nominal","2.0NRT",293.19,1.07,"N"
"14688",18.25464,94.95583,300.93,0.42,0.38,"2026-02-15",1910,"N20","nominal","2.0NRT",288.35,0.64,"N"
"14689",18.24953,94.99119,300.26,0.42,0.38,"2026-02-15",1910,"N20","nominal","2.0NRT",289.6,0.91,"N"
"14690",17.0022,102.44328,306.24,0.41,0.45,"2026-02-15",1910,"N20","nominal","2.0NRT",294.38,1.58,"N"
"14691",16.83877,103.27404,302.87,0.47,0.47,"2026-02-15",1910,"N20","nominal","2.0NRT",290.3,1.29,"N"
"14692",17.07689,102.00195,307.09,0.39,0.44,"2026-02-15",1910,"N20","nominal","2.0NRT",290.45,0.65,"N"
"14693",17.07849,102.00244,305.76,0.39,0.44,"2026-02-15",1910,"N20","nominal","2.0NRT",290.21,0.59,"N"
"14694",16.84704,103.2685,308.26,0.47,0.47,"2026-02-15",1910,"N20","nominal","2.0NRT",290.35,0.96,"N"
"14695",16.73518,103.86624,303.52,0.51,0.49,"2026-02-15",1910,"N20","nominal","2.0NRT",292.5,1.65,"N"
"14696",18.22246,95.01186,305.61,0.42,0.38,"2026-02-15",1910,"N20","nominal","2.0NRT",292.21,0.53,"N"
"14697",18.19655,95.16306,301.05,0.41,0.37,"2026-02-15",1910,"N20","nominal","2.0NRT",285.18,1.01,"N"
"14698",16.83683,103.27536,309.7,0.47,0.47,"2026-02-15",1910,"N20","nominal","2.0NRT",291.17,1.16,"N"
"14699",18.22934,94.91745,320.27,0.42,0.38,"2026-02-15",1910,"N20","nominal","2.0NRT",295.25,2.49,"N"
"14700",18.22877,94.92135,305.79,0.42,0.38,"2026-02-15",1910,"N20","nominal","2.0NRT",294.11,1.64,"N"
"14701",18.22648,94.93691,300.68,0.42,0.38,"2026-02-15",1910,"N20","nominal","2.0NRT",290.02,0.48,"N"
"14702",18.2242,94.92848,305.54,0.42,0.38,"2026-02-15",1910,"N20","nominal","2.0NRT",292.53,0.33,"N"
"14703",17.01576,102.23473,337.53,0.4,0.44,"2026-02-15",1910,"N20","nominal","2.0NRT",292.35,3.48,"N"
"14704",18.22136,94.92389,300.66,0.42,0.38,"2026-02-15",1910,"N20","nominal","2.0NRT",287.97,0.83,"N"
"14705",16.98859,102.36055,309.5,0.41,0.45,"2026-02-15",1910,"N20","nominal","2.0NRT",291.49,0.6,"N"
"14706",18.20526,94.9855,307,0.42,0.38,"2026-02-15",1910,"N20","nominal","2.0NRT",293.84,1.58,"N"
"14707",18.20469,94.98936,319.73,0.42,0.38,"2026-02-15",1910,"N20","nominal","2.0NRT",295.15,2.25,"N"
"14708",18.20803,94.94267,323.81,0.42,0.38,"2026-02-15",1910,"N20","nominal","2.0NRT",295.19,1.47,"N"
"14709",18.20746,94.94659,321.68,0.42,0.38,"2026-02-15",1910,"N20","nominal","2.0NRT",295.25,1.47,"N"
"14710",18.20127,94.98876,306.47,0.42,0.38,"2026-02-15",1910,"N20","nominal","2.0NRT",289.84,0.46,"N"
"14711",18.20403,94.94597,306.86,0.42,0.38,"2026-02-15",1910,"N20","nominal","2.0NRT",294.18,1.47,"N"
"14712",16.97227,102.38077,307.39,0.41,0.45,"2026-02-15",1910,"N20","nominal","2.0NRT",291.11,0.65,"N"
"14713",16.54183,104.59881,300.97,0.57,0.52,"2026-02-15",1910,"N20","nominal","2.0NRT",288.74,0.76,"N"
"14714",18.17216,95.06747,303.82,0.42,0.37,"2026-02-15",1910,"N20","nominal","2.0NRT",287.93,0.86,"N"
"14715",18.16014,95.14925,296.15,0.41,0.37,"2026-02-15",1910,"N20","nominal","2.0NRT",286.02,0.61,"N"
"14716",16.71247,103.64542,306.51,0.49,0.49,"2026-02-15",1910,"N20","nominal","2.0NRT",290.52,1.21,"N"
"14717",18.17215,95.01971,315.66,0.42,0.37,"2026-02-15",1910,"N20","nominal","2.0NRT",291.81,1.15,"N"
"14718",16.67334,103.82455,299.99,0.51,0.49,"2026-02-15",1910,"N20","nominal","2.0NRT",289.95,0.24,"N"
"14719",18.17208,94.99614,315.92,0.42,0.38,"2026-02-15",1910,"N20","nominal","2.0NRT",294.02,1.35,"N"
"14720",18.16871,95.0192,309.45,0.42,0.37,"2026-02-15",1910,"N20","nominal","2.0NRT",291.58,0.96,"N"
"14721",16.82466,103.01005,300.62,0.45,0.47,"2026-02-15",1910,"N20","nominal","2.0NRT",290.24,0.53,"N"
"14722",18.1664,95.01096,320.85,0.42,0.37,"2026-02-15",1910,"N20","nominal","2.0NRT",293.41,2.35,"N"
"14723",18.16864,94.99567,317.21,0.42,0.38,"2026-02-15",1910,"N20","nominal","2.0NRT",295.94,1.35,"N"
"14724",18.16584,95.01482,305.27,0.42,0.37,"2026-02-15",1910,"N20","nominal","2.0NRT",289.46,0.96,"N"
"14725",16.77844,103.18317,306.72,0.46,0.47,"2026-02-15",1910,"N20","nominal","2.0NRT",291.34,1.5,"N"
"14726",16.77416,103.18232,303.92,0.46,0.47,"2026-02-15",1910,"N20","nominal","2.0NRT",291.17,1.09,"N"
"14727",18.15261,94.98517,337.98,0.42,0.38,"2026-02-15",1910,"N20","nominal","2.0NRT",297.24,3.48,"N"
"14728",18.1475,94.99619,307.16,0.42,0.38,"2026-02-15",1910,"N20","nominal","2.0NRT",296.06,0.92,"N"
"14729",18.14635,94.9799,305.34,0.42,0.38,"2026-02-15",1910,"N20","nominal","2.0NRT",291.92,1.01,"N"
"14730",16.77805,103.06962,306.37,0.45,0.47,"2026-02-15",1910,"N20","nominal","2.0NRT",290.17,0.8,"N"
"14731",18.14009,94.99883,335.31,0.42,0.38,"2026-02-15",1910,"N20","nominal","2.0NRT",292.05,3.54,"N"
"14732",18.14065,94.99494,307.71,0.42,0.38,"2026-02-15",1910,"N20","nominal","2.0NRT",290.03,3.54,"N"
"14733",16.84147,102.71535,316.68,0.43,0.46,"2026-02-15",1910,"N20","nominal","2.0NRT",290.87,1.34,"N"
"14734",18.14736,94.92437,326.98,0.42,0.38,"2026-02-15",1910,"N20","nominal","2.0NRT",295.19,2.53,"N"
"14735",18.14791,94.92052,304.3,0.42,0.38,"2026-02-15",1910,"N20","nominal","2.0NRT",292.65,1.06,"N"
"14736",16.80668,102.87469,310.14,0.44,0.46,"2026-02-15",1910,"N20","nominal","2.0NRT",291.01,1.51,"N"
"14737",18.1445,94.91981,314.02,0.42,0.38,"2026-02-15",1910,"N20","nominal","2.0NRT",291.34,1.06,"N"
"14738",18.13995,94.92685,303.13,0.42,0.38,"2026-02-15",1910,"N20","nominal","2.0NRT",289.37,0.71,"N"
"14739",18.13087,94.96542,300.33,0.42,0.38,"2026-02-15",1910,"N20","nominal","2.0NRT",290.3,0.81,"N"
"14740",18.13117,94.96611,300.8,0.42,0.38,"2026-02-15",1910,"N20","nominal","2.0NRT",290.52,0.66,"N"
"14741",17.09271,101.31048,310.25,0.53,0.42,"2026-02-15",1910,"N20","nominal","2.0NRT",294.3,2.21,"N"
"14742",16.83992,102.71554,316.1,0.43,0.46,"2026-02-15",1910,"N20","nominal","2.0NRT",291.02,1.7,"N"
"14743",16.77473,103.0699,307.78,0.45,0.47,"2026-02-15",1910,"N20","nominal","2.0NRT",290.11,0.54,"N"
"14744",16.80625,102.87531,305.47,0.44,0.46,"2026-02-15",1910,"N20","nominal","2.0NRT",290.8,1.16,"N"
"14745",18.1088,95.02231,324.35,0.42,0.37,"2026-02-15",1910,"N20","nominal","2.0NRT",290.53,1.38,"N"
"14746",18.10938,95.01843,305.7,0.42,0.37,"2026-02-15",1910,"N20","nominal","2.0NRT",289.72,0.92,"N"
"14747",18.10653,95.01398,302.33,0.42,0.37,"2026-02-15",1910,"N20","nominal","2.0NRT",289.8,0.92,"N"
"14748",18.10595,95.01787,305.48,0.42,0.37,"2026-02-15",1910,"N20","nominal","2.0NRT",291.83,0.92,"N"
"14749",16.97388,101.88634,304.25,0.57,0.43,"2026-02-15",1910,"N20","nominal","2.0NRT",294.2,2.55,"N"
"14750",18.10023,94.98533,309.69,0.42,0.38,"2026-02-15",1910,"N20","nominal","2.0NRT",295.64,0.87,"N"
"14751",18.09966,94.98914,310.14,0.42,0.37,"2026-02-15",1910,"N20","nominal","2.0NRT",294.44,0.76,"N"
"14752",16.75309,103.04396,307.55,0.45,0.47,"2026-02-15",1910,"N20","nominal","2.0NRT",290.71,0.72,"N"
"14753",18.09905,94.96944,306.86,0.42,0.38,"2026-02-15",1910,"N20","nominal","2.0NRT",292.74,1.16,"N"
"14754",18.08991,95.00768,305.26,0.42,0.37,"2026-02-15",1910,"N20","nominal","2.0NRT",295.19,1.41,"N"
"14755",16.73017,103.09566,308.03,0.46,0.47,"2026-02-15",1910,"N20","nominal","2.0NRT",290.1,1.04,"N"
"14756",16.88103,102.16972,304.26,0.4,0.44,"2026-02-15",1910,"N20","nominal","2.0NRT",291.19,0.55,"N"
"14757",18.04833,95.09988,300.44,0.41,0.37,"2026-02-15",1910,"N20","nominal","2.0NRT",285.42,1.46,"N"
"14758",18.04548,95.09545,305.92,0.41,0.37,"2026-02-15",1910,"N20","nominal","2.0NRT",284.42,1.16,"N"
"14759",15.88311,107.14471,307.88,0.44,0.62,"2026-02-15",1910,"N20","nominal","2.0NRT",284.62,1.25,"N"
"14760",15.88232,107.14848,298.85,0.44,0.62,"2026-02-15",1910,"N20","nominal","2.0NRT",285.14,1.12,"N"
"14761",17.90189,96.03427,316.41,0.39,0.36,"2026-02-15",1910,"N20","nominal","2.0NRT",296.83,1.85,"N"
"14762",18.05108,95.00934,307.6,0.42,0.37,"2026-02-15",1910,"N20","nominal","2.0NRT",294.49,0.97,"N"
"14763",16.85296,102.16416,306.19,0.4,0.44,"2026-02-15",1910,"N20","nominal","2.0NRT",290.97,0.49,"N"
"14764",16.67852,103.04171,322.52,0.45,0.47,"2026-02-15",1910,"N20","nominal","2.0NRT",290.98,2.49,"N"
"14765",18.04531,94.95251,306.42,0.42,0.38,"2026-02-15",1910,"N20","nominal","2.0NRT",290.36,1.52,"N"
"14766",18.0283,94.99708,304.49,0.42,0.37,"2026-02-15",1910,"N20","nominal","2.0NRT",287.78,1,"N"
"14767",18.00498,95.06219,311.39,0.41,0.37,"2026-02-15",1910,"N20","nominal","2.0NRT",293.27,1.69,"N"
"14768",17.87499,95.92419,304.51,0.39,0.36,"2026-02-15",1910,"N20","nominal","2.0NRT",290.82,0.78,"N"
"14769",17.96998,95.25015,300.3,0.41,0.37,"2026-02-15",1910,"N20","nominal","2.0NRT",286.68,0.52,"N"
"14770",17.99937,94.98176,300.61,0.42,0.37,"2026-02-15",1910,"N20","nominal","2.0NRT",289.55,0.86,"N"
"14771",17.90177,95.63506,298.28,0.4,0.37,"2026-02-15",1910,"N20","nominal","2.0NRT",288.12,0.39,"N"
"14772",16.6487,103.01983,304.84,0.45,0.47,"2026-02-15",1910,"N20","nominal","2.0NRT",290.51,0.38,"N"
"14773",16.75535,102.39701,321.15,0.41,0.45,"2026-02-15",1910,"N20","nominal","2.0NRT",291.83,2.14,"N"
"14774",16.61355,103.11309,314.66,0.46,0.47,"2026-02-15",1910,"N20","nominal","2.0NRT",289.96,1.12,"N"
"14775",16.28088,104.84378,312.47,0.6,0.53,"2026-02-15",1910,"N20","nominal","2.0NRT",288.65,1.34,"N"
"14776",17.97302,94.97001,304.29,0.42,0.37,"2026-02-15",1910,"N20","nominal","2.0NRT",293.49,0.65,"N"
"14777",17.97246,94.97388,311.35,0.42,0.37,"2026-02-15",1910,"N20","nominal","2.0NRT",293.15,0.65,"N"
"14778",17.98158,94.88759,304.47,0.42,0.38,"2026-02-15",1910,"N20","nominal","2.0NRT",294.21,0.79,"N"
"14779",17.96733,94.98492,304.22,0.42,0.37,"2026-02-15",1910,"N20","nominal","2.0NRT",293.59,1.03,"N"
"14780",17.65278,97.02831,307,0.38,0.36,"2026-02-15",1910,"N20","nominal","2.0NRT",291.77,0.17,"N"
"14781",16.77328,102.118,310.6,0.4,0.44,"2026-02-15",1910,"N20","nominal","2.0NRT",292.5,1.08,"N"
"14782",17.92525,95.10471,296.06,0.41,0.37,"2026-02-15",1910,"N20","nominal","2.0NRT",284.13,0.52,"N"
"14783",16.55106,103.18421,321.5,0.46,0.47,"2026-02-15",1910,"N20","nominal","2.0NRT",290.39,1.95,"N"
"14784",16.25351,104.60551,305.73,0.58,0.52,"2026-02-15",1910,"N20","nominal","2.0NRT",289.87,0.62,"N"
"14785",16.24339,104.63125,302.61,0.58,0.52,"2026-02-15",1910,"N20","nominal","2.0NRT",289.59,0.46,"N"
"14786",17.92041,94.9457,308,0.42,0.38,"2026-02-15",1910,"N20","nominal","2.0NRT",294.42,0.86,"N"
"14787",17.91699,94.94508,306.86,0.42,0.38,"2026-02-15",1910,"N20","nominal","2.0NRT",291.66,0.86,"N"
"14788",17.90801,95.00697,311.68,0.42,0.37,"2026-02-15",1910,"N20","nominal","2.0NRT",296.38,1.96,"N"
"14789",17.76549,95.97023,301.23,0.39,0.36,"2026-02-15",1910,"N20","nominal","2.0NRT",289.47,0.45,"N"
"14790",17.91717,94.94572,308.89,0.42,0.37,"2026-02-15",1910,"N20","nominal","2.0NRT",292.83,1.49,"N"
"14791",17.90799,95.00755,311.54,0.42,0.37,"2026-02-15",1910,"N20","nominal","2.0NRT",296.49,2.69,"N"
"14792",17.90397,95.01099,328.12,0.42,0.37,"2026-02-15",1910,"N20","nominal","2.0NRT",299.06,2.69,"N"
"14793",17.76157,95.95462,304.73,0.39,0.36,"2026-02-15",1910,"N20","nominal","2.0NRT",291.88,1.04,"N"
"14794",17.90055,95.01047,309.59,0.42,0.37,"2026-02-15",1910,"N20","nominal","2.0NRT",297.17,2.51,"N"
"14795",17.88112,95.09414,321.71,0.41,0.37,"2026-02-15",1910,"N20","nominal","2.0NRT",285.77,1.99,"N"
"14796",16.25246,104.60852,306.68,0.58,0.52,"2026-02-15",1910,"N20","nominal","2.0NRT",289.49,1.16,"N"
"14797",17.88573,95.01588,314.76,0.42,0.37,"2026-02-15",1910,"N20","nominal","2.0NRT",296.29,2.15,"N"
"14798",16.72592,102.0517,302.95,0.39,0.44,"2026-02-15",1910,"N20","nominal","2.0NRT",290.56,0.32,"N"
"14799",16.24358,104.62893,302.78,0.59,0.52,"2026-02-15",1910,"N20","nominal","2.0NRT",289.26,0.39,"N"
"14800",17.87547,95.06154,315.41,0.41,0.37,"2026-02-15",1910,"N20","nominal","2.0NRT",286.18,1.44,"N"
"14801",17.71917,96.07552,314.67,0.39,0.36,"2026-02-15",1910,"N20","nominal","2.0NRT",292.51,1.09,"N"
"14802",17.71861,96.07919,307.66,0.39,0.36,"2026-02-15",1910,"N20","nominal","2.0NRT",291.45,1.02,"N"
"14803",16.755,101.84552,306.69,0.57,0.43,"2026-02-15",1910,"N20","nominal","2.0NRT",294.2,1.69,"N"
"14804",17.71585,96.07497,302.76,0.39,0.36,"2026-02-15",1910,"N20","nominal","2.0NRT",292.57,1.09,"N"
"14805",16.39147,103.75801,300.53,0.51,0.49,"2026-02-15",1910,"N20","nominal","2.0NRT",290.01,0.48,"N"
"14806",16.34978,103.92712,301.18,0.52,0.5,"2026-02-15",1910,"N20","nominal","2.0NRT",290.65,0.6,"N"
"14807",17.86924,94.96136,305.99,0.42,0.37,"2026-02-15",1910,"N20","nominal","2.0NRT",295.69,1.53,"N"
"14808",17.70031,96.08745,311.21,0.39,0.36,"2026-02-15",1910,"N20","nominal","2.0NRT",292.99,1.82,"N"
"14809",17.86694,94.95309,308.85,0.42,0.37,"2026-02-15",1910,"N20","nominal","2.0NRT",293.92,1.52,"N"
"14810",17.86581,94.96081,310.22,0.42,0.37,"2026-02-15",1910,"N20","nominal","2.0NRT",292.94,1.35,"N"
"14811",17.69699,96.0869,315.11,0.39,0.36,"2026-02-15",1910,"N20","nominal","2.0NRT",293.65,1.71,"N"
"14812",17.18451,99.22245,308.08,0.42,0.38,"2026-02-15",1910,"N20","nominal","2.0NRT",294.48,1.09,"N"
"14813",16.80654,101.38203,306.27,0.54,0.42,"2026-02-15",1910,"N20","nominal","2.0NRT",294.26,1.92,"N"
"14814",16.6644,102.16111,316.51,0.4,0.44,"2026-02-15",1910,"N20","nominal","2.0NRT",291.59,1.02,"N"
"14815",17.69657,96.00031,306,0.39,0.36,"2026-02-15",1910,"N20","nominal","2.0NRT",291.08,0.54,"N"
"14816",17.69324,95.99975,299.07,0.39,0.36,"2026-02-15",1910,"N20","nominal","2.0NRT",289.06,0.54,"N"
"14817",17.17623,99.20872,305.92,0.42,0.38,"2026-02-15",1910,"N20","nominal","2.0NRT",295.46,0.93,"N"
"14818",16.56921,102.60475,303.26,0.43,0.46,"2026-02-15",1910,"N20","nominal","2.0NRT",290.86,0.37,"N"
"14819",17.1728,99.20804,309.51,0.42,0.38,"2026-02-15",1910,"N20","nominal","2.0NRT",295.8,1.37,"N"
"14820",17.17215,99.21191,319.14,0.42,0.38,"2026-02-15",1910,"N20","nominal","2.0NRT",296.32,1.47,"N"
"14821",17.17148,99.21584,309.51,0.42,0.38,"2026-02-15",1910,"N20","nominal","2.0NRT",295.31,1.47,"N"
"14822",17.84063,94.94109,310.2,0.42,0.37,"2026-02-15",1910,"N20","nominal","2.0NRT",292.63,1.29,"N"
"14823",16.7269,101.6656,304.08,0.56,0.43,"2026-02-15",1910,"N20","nominal","2.0NRT",292.9,1.25,"N"
"14824",17.80887,95.06261,297.05,0.41,0.37,"2026-02-15",1910,"N20","nominal","2.0NRT",285.49,0.5,"N"
"14825",17.65211,96.11322,307.67,0.39,0.36,"2026-02-15",1910,"N20","nominal","2.0NRT",293.22,1.75,"N"
"14826",17.82237,94.94596,304.57,0.42,0.37,"2026-02-15",1910,"N20","nominal","2.0NRT",292.56,0.77,"N"
"14827",17.64767,96.12001,301.61,0.39,0.36,"2026-02-15",1910,"N20","nominal","2.0NRT",291.14,0.76,"N"
"14828",17.11062,99.36388,305.25,0.43,0.38,"2026-02-15",1910,"N20","nominal","2.0NRT",295.13,0.82,"N"
"14829",17.13705,99.18943,307.45,0.42,0.38,"2026-02-15",1910,"N20","nominal","2.0NRT",294.95,0.83,"N"
"14830",17.79269,95.0065,324.28,0.41,0.37,"2026-02-15",1910,"N20","nominal","2.0NRT",295.26,1.71,"N"
"14831",17.79326,95.00266,309.34,0.42,0.37,"2026-02-15",1910,"N20","nominal","2.0NRT",292.19,1.68,"N"
"14832",17.78871,95.00971,304.53,0.41,0.37,"2026-02-15",1910,"N20","nominal","2.0NRT",293.66,1.71,"N"
"14833",16.68159,101.71585,302.79,0.56,0.43,"2026-02-15",1910,"N20","nominal","2.0NRT",292.3,1.43,"N"
"14834",17.68616,95.62419,327.21,0.4,0.37,"2026-02-15",1910,"N20","nominal","2.0NRT",290.2,3.79,"N"
"14835",17.68673,95.62046,300.28,0.4,0.37,"2026-02-15",1910,"N20","nominal","2.0NRT",288.36,3.79,"N"
"14836",17.11693,99.1871,312.47,0.42,0.38,"2026-02-15",1910,"N20","nominal","2.0NRT",295.92,1.16,"N"
"14837",17.11626,99.19112,306.02,0.42,0.38,"2026-02-15",1910,"N20","nominal","2.0NRT",295.41,1.16,"N"
"14838",16.67673,101.72032,314.33,0.57,0.43,"2026-02-15",1910,"N20","nominal","2.0NRT",292.96,2.78,"N"
"14839",17.58974,96.12244,316.89,0.39,0.36,"2026-02-15",1910,"N20","nominal","2.0NRT",295.78,2.29,"N"
"14840",17.58918,96.12612,313.48,0.39,0.36,"2026-02-15",1910,"N20","nominal","2.0NRT",295.44,1.91,"N"
"14841",17.10027,99.16006,312.28,0.42,0.38,"2026-02-15",1910,"N20","nominal","2.0NRT",295.77,2.12,"N"
"14842",17.09559,99.16685,309.26,0.42,0.38,"2026-02-15",1910,"N20","nominal","2.0NRT",295.77,1.67,"N"
"14843",16.64345,101.72498,304.51,0.57,0.43,"2026-02-15",1910,"N20","nominal","2.0NRT",291.3,0.49,"N"
"14844",17.09063,99.15436,310.89,0.42,0.38,"2026-02-15",1910,"N20","nominal","2.0NRT",294.68,1.5,"N"
"14845",17.08999,99.15811,314.18,0.42,0.38,"2026-02-15",1910,"N20","nominal","2.0NRT",296.16,2.85,"N"
"14846",17.1647,98.56775,327.07,0.4,0.37,"2026-02-15",1910,"N20","nominal","2.0NRT",291.44,2.31,"N"
"14847",17.55378,96.13508,306.8,0.39,0.36,"2026-02-15",1910,"N20","nominal","2.0NRT",293.19,0.77,"N"
"14848",15.78578,105.96342,306.18,0.37,0.58,"2026-02-15",1910,"N20","nominal","2.0NRT",290.91,1.78,"N"
"14849",15.6124,106.71644,308.88,0.41,0.61,"2026-02-15",1910,"N20","nominal","2.0NRT",288.47,1.52,"N"
"14850",15.61171,106.7197,317.03,0.41,0.61,"2026-02-15",1910,"N20","nominal","2.0NRT",289.3,1.52,"N"
"14851",17.71343,94.94991,305.76,0.42,0.37,"2026-02-15",1910,"N20","nominal","2.0NRT",294.52,1.63,"N"
"14852",17.60845,95.66109,298.14,0.4,0.37,"2026-02-15",1910,"N20","nominal","2.0NRT",287.32,0.53,"N"
"14853",17.5372,96.13229,304.47,0.39,0.36,"2026-02-15",1910,"N20","nominal","2.0NRT",293.4,0.76,"N"
"14854",17.52557,96.14155,308.81,0.39,0.36,"2026-02-15",1910,"N20","nominal","2.0NRT",293.1,0.74,"N"
"14855",17.52226,96.14098,302.66,0.39,0.36,"2026-02-15",1910,"N20","nominal","2.0NRT",292.03,0.74,"N"
"14856",17.69345,94.9906,298.9,0.41,0.37,"2026-02-15",1910,"N20","nominal","2.0NRT",286.74,0.92,"N"
"14857",17.67562,95.08665,297.79,0.41,0.37,"2026-02-15",1910,"N20","nominal","2.0NRT",283.74,0.47,"N"
"14858",15.61204,106.71954,320.53,0.41,0.61,"2026-02-15",1910,"N20","nominal","2.0NRT",289.35,1.56,"N"
"14859",16.98167,99.34241,305.87,0.43,0.38,"2026-02-15",1910,"N20","nominal","2.0NRT",295.05,1.17,"N"
"14860",16.98101,99.34634,312.97,0.43,0.38,"2026-02-15",1910,"N20","nominal","2.0NRT",295.44,1.17,"N"
"14861",15.61271,106.71626,303.57,0.41,0.61,"2026-02-15",1910,"N20","nominal","2.0NRT",288.44,1.56,"N"
"14862",16.44413,102.30941,307.59,0.41,0.45,"2026-02-15",1910,"N20","nominal","2.0NRT",291.82,1.64,"N"
"14863",16.95729,99.29713,304.72,0.43,0.38,"2026-02-15",1910,"N20","nominal","2.0NRT",294.45,1.29,"N"
"14864",16.95317,99.30044,314.3,0.43,0.38,"2026-02-15",1910,"N20","nominal","2.0NRT",295.31,1.87,"N"
"14865",16.9525,99.30439,318.83,0.43,0.38,"2026-02-15",1910,"N20","nominal","2.0NRT",295.68,2.38,"N"
"14866",15.66484,106.1558,311.63,0.38,0.59,"2026-02-15",1910,"N20","nominal","2.0NRT",288.79,0.81,"N"
"14867",16.6326,101.00549,317.72,0.52,0.41,"2026-02-15",1910,"N20","nominal","2.0NRT",289.16,1.9,"N"
"14868",16.86555,99.51246,307.05,0.44,0.38,"2026-02-15",1910,"N20","nominal","2.0NRT",294.71,1.5,"N"
"14869",15.9572,104.42087,301.03,0.57,0.52,"2026-02-15",1910,"N20","nominal","2.0NRT",289.66,0.67,"N"
"14870",15.59566,106.1253,300.56,0.38,0.59,"2026-02-15",1910,"N20","nominal","2.0NRT",288.69,0.58,"N"
"14871",15.44969,106.78619,303.51,0.42,0.61,"2026-02-15",1910,"N20","nominal","2.0NRT",287.65,0.87,"N"
"14872",17.50995,95.00153,302.83,0.41,0.37,"2026-02-15",1910,"N20","nominal","2.0NRT",288.8,0.61,"N"
"14873",15.54642,106.09573,309.27,0.38,0.59,"2026-02-15",1910,"N20","nominal","2.0NRT",288.47,1.09,"N"
"14874",17.51844,94.91971,318.28,0.42,0.37,"2026-02-15",1910,"N20","nominal","2.0NRT",292.29,1.16,"N"
"14875",16.13671,103.04495,338.44,0.46,0.47,"2026-02-15",1910,"N20","nominal","2.0NRT",291.13,6.47,"N"
"14876",16.76988,99.30553,304.74,0.43,0.38,"2026-02-15",1910,"N20","nominal","2.0NRT",293.13,0.7,"N"
"14877",16.79701,99.1233,303.66,0.42,0.38,"2026-02-15",1910,"N20","nominal","2.0NRT",293.3,0.85,"N"
"14878",16.76911,99.28894,305.1,0.43,0.38,"2026-02-15",1910,"N20","nominal","2.0NRT",294.13,1.68,"N"
"14879",17.46081,94.90691,309.81,0.42,0.37,"2026-02-15",1910,"N20","nominal","2.0NRT",289.13,1.09,"N"
"14880",17.46023,94.91082,308.51,0.42,0.37,"2026-02-15",1910,"N20","nominal","2.0NRT",291.08,1.09,"N"
"14881",15.37899,106.74143,302.08,0.42,0.61,"2026-02-15",1910,"N20","nominal","2.0NRT",288.41,0.77,"N"
"14882",16.7716,99.232,305.39,0.43,0.38,"2026-02-15",1910,"N20","nominal","2.0NRT",294.49,1.52,"N"
"14883",16.77029,99.23978,305.09,0.43,0.38,"2026-02-15",1910,"N20","nominal","2.0NRT",294.71,1.63,"N"
"14884",16.76287,99.28372,306.52,0.43,0.38,"2026-02-15",1910,"N20","nominal","2.0NRT",294.75,1.74,"N"
"14885",16.78593,99.10498,308.11,0.42,0.38,"2026-02-15",1910,"N20","nominal","2.0NRT",294.66,1.6,"N"
"14886",16.7825,99.10437,305.87,0.42,0.38,"2026-02-15",1910,"N20","nominal","2.0NRT",294.5,1.28,"N"
"14887",16.2408,102.15998,337.94,0.41,0.45,"2026-02-15",1910,"N20","nominal","2.0NRT",293.45,12.62,"N"
"14888",16.2401,102.16373,319.79,0.41,0.45,"2026-02-15",1910,"N20","nominal","2.0NRT",292.68,8.32,"N"
"14889",17.06313,97.29234,302.51,0.39,0.36,"2026-02-15",1910,"N20","nominal","2.0NRT",292.45,0.59,"N"
"14890",15.40814,106.34744,303.46,0.4,0.6,"2026-02-15",1910,"N20","nominal","2.0NRT",285.95,0.66,"N"
"14891",16.8562,98.45602,305.19,0.4,0.37,"2026-02-15",1910,"N20","nominal","2.0NRT",290.78,0.28,"N"
"14892",16.71981,99.22288,307.43,0.43,0.38,"2026-02-15",1910,"N20","nominal","2.0NRT",294.51,0.99,"N"
"14893",16.17716,102.16321,308.87,0.41,0.45,"2026-02-15",1910,"N20","nominal","2.0NRT",290.73,1.24,"N"
"14894",16.17739,102.16382,304.57,0.41,0.45,"2026-02-15",1910,"N20","nominal","2.0NRT",290.84,1.22,"N"
"14895",17.15074,96.34685,301.69,0.39,0.36,"2026-02-15",1910,"N20","nominal","2.0NRT",290.66,0.81,"N"
"14896",15.76665,104.17757,318.88,0.56,0.51,"2026-02-15",1910,"N20","nominal","2.0NRT",289.97,1.76,"N"
"14897",16.76578,98.49063,304.65,0.4,0.37,"2026-02-15",1910,"N20","nominal","2.0NRT",292.19,0.43,"N"
"14898",16.76517,98.4943,305.32,0.4,0.37,"2026-02-15",1910,"N20","nominal","2.0NRT",293.93,1.52,"N"
"14899",15.3018,106.39184,304.52,0.4,0.6,"2026-02-15",1910,"N20","nominal","2.0NRT",286.55,0.92,"N"
"14900",16.76242,98.49001,304.17,0.4,0.37,"2026-02-15",1910,"N20","nominal","2.0NRT",292.18,0.35,"N"
"14901",16.73336,98.47717,313.13,0.4,0.37,"2026-02-15",1910,"N20","nominal","2.0NRT",291.57,1.1,"N"
"14902",15.21206,106.55092,299.22,0.41,0.61,"2026-02-15",1910,"N20","nominal","2.0NRT",286.6,0.65,"N"
"14903",15.22148,106.56036,297.74,0.41,0.61,"2026-02-15",1910,"N20","nominal","2.0NRT",285.25,0.89,"N"
"14904",16.15125,101.60991,302.81,0.57,0.43,"2026-02-15",1910,"N20","nominal","2.0NRT",290.79,0.72,"N"
"14905",16.03786,102.23871,313.77,0.41,0.45,"2026-02-15",1910,"N20","nominal","2.0NRT",294.34,2.35,"N"
"14906",16.03711,102.24284,313.88,0.41,0.45,"2026-02-15",1910,"N20","nominal","2.0NRT",293.81,1.77,"N"
"14907",15.21239,106.54874,296.67,0.41,0.61,"2026-02-15",1910,"N20","nominal","2.0NRT",285.96,1.27,"N"
"14908",16.14511,101.57632,306.03,0.56,0.43,"2026-02-15",1910,"N20","nominal","2.0NRT",291.1,0.97,"N"
"14909",15.91984,102.78757,307.64,0.45,0.47,"2026-02-15",1910,"N20","nominal","2.0NRT",290.58,1.05,"N"
"14910",15.91907,102.79176,303.62,0.45,0.47,"2026-02-15",1910,"N20","nominal","2.0NRT",290.48,1.05,"N"
"14911",18.54038,83.33846,304.36,0.72,0.75,"2026-02-15",1910,"N20","nominal","2.0NRT",290.7,1.43,"N"
"14912",16.64963,98.47057,312.93,0.4,0.37,"2026-02-15",1910,"N20","nominal","2.0NRT",291.14,0.78,"N"
"14913",15.99374,102.20245,306.17,0.41,0.45,"2026-02-15",1910,"N20","nominal","2.0NRT",293.81,1.25,"N"
"14914",15.22428,106.12873,317.77,0.39,0.59,"2026-02-15",1910,"N20","nominal","2.0NRT",286.63,1.86,"N"
"14915",15.98671,102.08162,306.61,0.41,0.45,"2026-02-15",1910,"N20","nominal","2.0NRT",292.86,0.69,"N"
"14916",15.98263,102.08098,314.84,0.41,0.45,"2026-02-15",1910,"N20","nominal","2.0NRT",291.52,1.34,"N"
"14917",16.19342,100.91167,305.86,0.52,0.41,"2026-02-15",1910,"N20","nominal","2.0NRT",293.28,1.35,"N"
"14918",16.01362,101.72451,301.77,0.39,0.44,"2026-02-15",1910,"N20","nominal","2.0NRT",290.31,0.42,"N"
"14919",15.15303,106.22041,298.93,0.39,0.59,"2026-02-15",1910,"N20","nominal","2.0NRT",284.11,0.7,"N"
"14920",16.32622,99.88377,307.94,0.46,0.39,"2026-02-15",1910,"N20","nominal","2.0NRT",292.06,1,"N"
"14921",15.0585,106.57532,297.84,0.42,0.61,"2026-02-15",1910,"N20","nominal","2.0NRT",284.52,0.46,"N"
"14922",15.05773,106.5791,296.61,0.42,0.61,"2026-02-15",1910,"N20","nominal","2.0NRT",285.31,0.46,"N"
"14923",15.07717,106.4557,302.29,0.41,0.6,"2026-02-15",1910,"N20","nominal","2.0NRT",285.56,0.81,"N"
"14924",15.05225,106.57778,301.39,0.42,0.61,"2026-02-15",1910,"N20","nominal","2.0NRT",285.66,0.73,"N"
"14925",15.99762,101.65462,328.03,0.57,0.43,"2026-02-15",1910,"N20","nominal","2.0NRT",291.07,6.08,"N"
"14926",15.99681,101.65904,333.82,0.38,0.43,"2026-02-15",1910,"N20","nominal","2.0NRT",292.09,8.72,"N"
"14927",15.99361,101.67666,300.41,0.38,0.43,"2026-02-15",1910,"N20","nominal","2.0NRT",290.4,0.32,"N"
"14928",16.35309,99.62145,305.27,0.45,0.39,"2026-02-15",1910,"N20","nominal","2.0NRT",292.45,0.59,"N"
"14929",15.0049,106.50145,298.7,0.41,0.61,"2026-02-15",1910,"N20","nominal","2.0NRT",287.06,1.21,"N"
"14930",15.93644,101.6761,315.3,0.38,0.43,"2026-02-15",1910,"N20","nominal","2.0NRT",292.74,0.99,"N"
"14931",15.93577,101.6797,315.7,0.38,0.44,"2026-02-15",1910,"N20","nominal","2.0NRT",293.44,0.99,"N"
"14932",15.93776,101.67594,309.71,0.38,0.44,"2026-02-15",1910,"N20","nominal","2.0NRT",292.4,1.06,"N"
"14933",15.93712,101.67955,311.64,0.38,0.44,"2026-02-15",1910,"N20","nominal","2.0NRT",293.25,1.06,"N"
"14934",15.54237,103.83968,300.09,0.53,0.5,"2026-02-15",1910,"N20","nominal","2.0NRT",289.58,0.72,"N"
"14935",16.0761,100.86967,304.87,0.52,0.41,"2026-02-15",1910,"N20","nominal","2.0NRT",294.21,1.38,"N"
"14936",14.90326,106.88892,302.78,0.44,0.62,"2026-02-15",1910,"N20","nominal","2.0NRT",288.03,0.38,"N"
"14937",14.97425,106.42705,315.7,0.41,0.6,"2026-02-15",1910,"N20","nominal","2.0NRT",287.78,2.07,"N"
"14938",14.97357,106.43039,299.62,0.41,0.6,"2026-02-15",1910,"N20","nominal","2.0NRT",286.82,0.84,"N"
"14939",16.41676,98.58064,308.97,0.41,0.37,"2026-02-15",1910,"N20","nominal","2.0NRT",290.75,1,"N"
"14940",14.99741,106.22997,300.35,0.4,0.6,"2026-02-15",1910,"N20","nominal","2.0NRT",287.17,0.83,"N"
"14941",14.93552,106.50462,311.28,0.41,0.61,"2026-02-15",1910,"N20","nominal","2.0NRT",288.32,1.4,"N"
"14942",14.93398,106.45647,314.7,0.41,0.61,"2026-02-15",1910,"N20","nominal","2.0NRT",287.02,1.16,"N"
"14943",15.85348,101.689,322.74,0.39,0.44,"2026-02-15",1910,"N20","nominal","2.0NRT",294.97,1.34,"N"
"14944",15.85413,101.68547,305.06,0.39,0.44,"2026-02-15",1910,"N20","nominal","2.0NRT",294.08,0.55,"N"
"14945",15.85282,101.69259,316.2,0.39,0.44,"2026-02-15",1910,"N20","nominal","2.0NRT",293.99,1.34,"N"
"14946",15.84885,101.69189,305.3,0.39,0.44,"2026-02-15",1910,"N20","nominal","2.0NRT",292.4,1.34,"N"
"14947",15.95976,100.84557,343.1,0.52,0.41,"2026-02-15",1910,"N20","nominal","2.0NRT",296.67,10.57,"N"
"14948",15.95893,100.85032,323.85,0.52,0.41,"2026-02-15",1910,"N20","nominal","2.0NRT",294.37,5.32,"N"
"14949",14.67788,107.31242,298.68,0.47,0.64,"2026-02-15",1910,"N20","nominal","2.0NRT",285.8,0.37,"N"
"14950",14.96795,105.84012,307.57,0.37,0.58,"2026-02-15",1910,"N20","nominal","2.0NRT",289.02,1.07,"N"
"14951",14.96712,105.84422,305.79,0.37,0.58,"2026-02-15",1910,"N20","nominal","2.0NRT",288.62,1.49,"N"
"14952",16.44751,97.7127,305.8,0.39,0.36,"2026-02-15",1910,"N20","nominal","2.0NRT",295.33,1.08,"N"
"14953",16.44692,97.71632,310.07,0.39,0.36,"2026-02-15",1910,"N20","nominal","2.0NRT",294.85,1.08,"N"
"14954",15.73107,101.82964,302.43,0.4,0.44,"2026-02-15",1910,"N20","nominal","2.0NRT",291.02,0.45,"N"
"14955",16.28789,98.55418,300.66,0.41,0.37,"2026-02-15",1910,"N20","nominal","2.0NRT",289.81,0.24,"N"
"14956",16.42133,97.72678,302.65,0.39,0.36,"2026-02-15",1910,"N20","nominal","2.0NRT",292.49,0.73,"N"
"14957",16.41742,97.72983,307.54,0.39,0.36,"2026-02-15",1910,"N20","nominal","2.0NRT",293.8,0.89,"N"
"14958",16.4141,97.72926,307.7,0.39,0.36,"2026-02-15",1910,"N20","nominal","2.0NRT",294.07,0.89,"N"
"14959",16.23307,98.79632,302.6,0.42,0.37,"2026-02-15",1910,"N20","nominal","2.0NRT",290.74,0.88,"N"
"14960",15.62755,102.07407,331.17,0.41,0.45,"2026-02-15",1910,"N20","nominal","2.0NRT",292.92,3.8,"N"
"14961",15.83448,100.89312,305.61,0.52,0.42,"2026-02-15",1910,"N20","nominal","2.0NRT",293.91,1.14,"N"
"14962",15.62348,102.07328,315.1,0.41,0.45,"2026-02-15",1910,"N20","nominal","2.0NRT",292.47,2.16,"N"
"14963",16.32508,97.9837,302.17,0.4,0.37,"2026-02-15",1910,"N20","nominal","2.0NRT",290.38,0.48,"N"
"14964",15.69529,101.58442,312.32,0.38,0.43,"2026-02-15",1910,"N20","nominal","2.0NRT",293.75,1.15,"N"
"14965",15.68694,101.63067,303.91,0.39,0.44,"2026-02-15",1910,"N20","nominal","2.0NRT",292.85,1.18,"N"
"14966",14.81235,106.21018,300.83,0.4,0.6,"2026-02-15",1910,"N20","nominal","2.0NRT",287.21,1.15,"N"
"14967",14.80801,106.23168,305.22,0.4,0.6,"2026-02-15",1910,"N20","nominal","2.0NRT",287.7,2.11,"N"
"14968",15.69133,101.58373,304.42,0.38,0.43,"2026-02-15",1910,"N20","nominal","2.0NRT",293.37,1.15,"N"
"14969",15.69006,101.59073,307.04,0.38,0.43,"2026-02-15",1910,"N20","nominal","2.0NRT",292.42,0.81,"N"
"14970",15.68546,101.5936,303.28,0.38,0.43,"2026-02-15",1910,"N20","nominal","2.0NRT",292.87,0.87,"N"
"14971",15.6658,101.61179,310.07,0.38,0.44,"2026-02-15",1910,"N20","nominal","2.0NRT",292.32,1.28,"N"
"14972",14.75229,106.33865,307.86,0.41,0.6,"2026-02-15",1910,"N20","nominal","2.0NRT",286.96,0.71,"N"
"14973",14.70607,106.56419,304.24,0.42,0.61,"2026-02-15",1910,"N20","nominal","2.0NRT",289.02,1.51,"N"
"14974",15.72656,101.25432,339.12,0.55,0.43,"2026-02-15",1910,"N20","nominal","2.0NRT",296.16,11.34,"N"
"14975",15.7197,101.248,313.87,0.55,0.43,"2026-02-15",1910,"N20","nominal","2.0NRT",294.63,2.16,"N"
"14976",15.80583,100.72576,317.3,0.51,0.41,"2026-02-15",1910,"N20","nominal","2.0NRT",294.09,2.42,"N"
"14977",15.71014,101.25658,304.54,0.55,0.43,"2026-02-15",1910,"N20","nominal","2.0NRT",293.74,1.25,"N"
"14978",16.49252,96.20908,300.75,0.39,0.36,"2026-02-15",1910,"N20","nominal","2.0NRT",288.48,0.4,"N"
"14979",14.79933,105.57036,303.36,0.36,0.57,"2026-02-15",1910,"N20","nominal","2.0NRT",289.58,0.97,"N"
"14980",15.6962,100.81625,305.39,0.52,0.41,"2026-02-15",1910,"N20","nominal","2.0NRT",293.47,1.22,"N"
"14981",16.05731,98.60808,298.35,0.41,0.37,"2026-02-15",1910,"N20","nominal","2.0NRT",288.31,0.36,"N"
"14982",15.20093,103.34992,304.36,0.5,0.49,"2026-02-15",1910,"N20","nominal","2.0NRT",289.16,0.6,"N"
"14983",15.19648,103.34901,312.01,0.5,0.49,"2026-02-15",1910,"N20","nominal","2.0NRT",289.54,1.11,"N"
"14984",17.97021,83.14955,301.81,0.73,0.76,"2026-02-15",1910,"N20","nominal","2.0NRT",290.69,1.25,"N"
"14985",15.2149,103.22952,312.86,0.49,0.49,"2026-02-15",1910,"N20","nominal","2.0NRT",291.15,1.89,"N"
"14986",15.19886,103.34644,313.4,0.5,0.49,"2026-02-15",1910,"N20","nominal","2.0NRT",289.19,1.27,"N"
"14987",15.21556,103.23118,316.85,0.49,0.49,"2026-02-15",1910,"N20","nominal","2.0NRT",291.07,2.05,"N"
"14988",16.08178,98.22274,304.51,0.4,0.37,"2026-02-15",1910,"N20","nominal","2.0NRT",293.1,1.33,"N"
"14989",16.08053,98.23037,303.69,0.4,0.37,"2026-02-15",1910,"N20","nominal","2.0NRT",292.64,0.61,"N"
"14990",15.49341,101.6313,302.5,0.39,0.44,"2026-02-15",1910,"N20","nominal","2.0NRT",292.11,0.57,"N"
"14991",16.07385,98.22887,310.21,0.4,0.37,"2026-02-15",1910,"N20","nominal","2.0NRT",294.34,1.68,"N"
"14992",16.05982,98.23011,308.23,0.4,0.37,"2026-02-15",1910,"N20","nominal","2.0NRT",293.95,1.56,"N"
"14993",17.97193,83.14889,302.32,0.73,0.76,"2026-02-15",1910,"N20","nominal","2.0NRT",290.9,1.17,"N"
"14994",15.50791,101.3462,306.68,0.56,0.43,"2026-02-15",1910,"N20","nominal","2.0NRT",293.34,1.29,"N"
"14995",15.50698,101.35133,309.72,0.56,0.43,"2026-02-15",1910,"N20","nominal","2.0NRT",293.91,1.29,"N"
"14996",15.45831,101.62083,301.18,0.39,0.44,"2026-02-15",1910,"N20","nominal","2.0NRT",291.18,0.59,"N"
"14997",15.504,101.34547,303.35,0.56,0.43,"2026-02-15",1910,"N20","nominal","2.0NRT",293.17,1.19,"N"
"14998",15.49776,101.29075,308.92,0.56,0.43,"2026-02-15",1910,"N20","nominal","2.0NRT",294.46,2.09,"N"
"14999",16.1095,97.71812,315.85,0.39,0.36,"2026-02-15",1910,"N20","nominal","2.0NRT",291.47,1.21,"N"
"15000",15.1227,103.21268,311.35,0.49,0.49,"2026-02-15",1910,"N20","nominal","2.0NRT",289.61,1.62,"N"
"15001",15.12184,103.21719,306.61,0.49,0.49,"2026-02-15",1910,"N20","nominal","2.0NRT",289.75,1.62,"N"
"15002",15.42187,101.5954,306.62,0.39,0.44,"2026-02-15",1910,"N20","nominal","2.0NRT",291.91,0.6,"N"
"15003",15.11385,103.21095,305.65,0.49,0.49,"2026-02-15",1910,"N20","nominal","2.0NRT",289.49,0.5,"N"
"15004",15.11557,103.20875,303.89,0.49,0.49,"2026-02-15",1910,"N20","nominal","2.0NRT",289.12,0.44,"N"
"15005",15.41296,101.3584,306.37,0.56,0.43,"2026-02-15",1910,"N20","nominal","2.0NRT",293.69,1.66,"N"
"15006",15.36601,101.55163,306.1,0.39,0.44,"2026-02-15",1910,"N20","nominal","2.0NRT",291.15,0.59,"N"
"15007",15.40314,101.25586,312.76,0.56,0.43,"2026-02-15",1910,"N20","nominal","2.0NRT",293.26,1.8,"N"
"15008",15.80313,98.56954,303.42,0.41,0.37,"2026-02-15",1910,"N20","nominal","2.0NRT",292.17,0.63,"N"
"15009",15.79973,98.56896,303.06,0.41,0.37,"2026-02-15",1910,"N20","nominal","2.0NRT",292,0.63,"N"
"15010",15.41981,100.68282,309.71,0.52,0.41,"2026-02-15",1910,"N20","nominal","2.0NRT",294.32,1.83,"N"
"15011",14.08481,107.35101,306.61,0.49,0.65,"2026-02-15",1910,"N20","nominal","2.0NRT",287.84,0.8,"N"
"15012",14.07699,107.30069,367,0.48,0.65,"2026-02-15",1910,"N20","high","2.0NRT",291.7,12.58,"N"
"15013",14.07614,107.30473,343.24,0.48,0.65,"2026-02-15",1910,"N20","nominal","2.0NRT",290.64,8.28,"N"
"15014",14.07784,107.29663,302.44,0.48,0.65,"2026-02-15",1910,"N20","nominal","2.0NRT",287.95,12.58,"N"
"15015",14.07528,107.30881,317.84,0.49,0.65,"2026-02-15",1910,"N20","nominal","2.0NRT",289.2,8.28,"N"
"15016",15.86192,97.79501,309.99,0.39,0.37,"2026-02-15",1910,"N20","nominal","2.0NRT",290.99,0.66,"N"
"15017",14.06933,107.30795,318.62,0.49,0.65,"2026-02-15",1910,"N20","nominal","2.0NRT",288.18,2.37,"N"
"15018",14.39468,105.7143,310.8,0.37,0.58,"2026-02-15",1910,"N20","nominal","2.0NRT",287.79,0.99,"N"
"15019",14.39398,105.71771,302.26,0.37,0.58,"2026-02-15",1910,"N20","nominal","2.0NRT",287.43,0.89,"N"
"15020",14.0877,107.34852,303.04,0.49,0.65,"2026-02-15",1910,"N20","nominal","2.0NRT",287.59,1.2,"N"
"15021",14.07943,107.29869,343.54,0.48,0.65,"2026-02-15",1910,"N20","nominal","2.0NRT",288.46,11.99,"N"
"15022",14.07861,107.30276,355.42,0.49,0.65,"2026-02-15",1910,"N20","nominal","2.0NRT",291.85,11.99,"N"
"15023",14.0778,107.30675,326.47,0.49,0.65,"2026-02-15",1910,"N20","nominal","2.0NRT",289.28,4.32,"N"
"15024",14.39615,105.7144,304.27,0.37,0.58,"2026-02-15",1910,"N20","nominal","2.0NRT",287.63,0.84,"N"
"15025",14.39547,105.71783,306.84,0.37,0.58,"2026-02-15",1910,"N20","nominal","2.0NRT",287.78,0.95,"N"
"15026",14.07698,107.31075,299.96,0.49,0.65,"2026-02-15",1910,"N20","nominal","2.0NRT",288.5,4.32,"N"
"15027",14.0727,107.30169,323.49,0.49,0.65,"2026-02-15",1910,"N20","nominal","2.0NRT",288.52,3.57,"N"
"15028",14.07186,107.30585,325.99,0.49,0.65,"2026-02-15",1910,"N20","nominal","2.0NRT",289.29,3.02,"N"
"15029",14.07098,107.31013,315.29,0.49,0.65,"2026-02-15",1910,"N20","nominal","2.0NRT",288.57,3.02,"N"
"15030",14.36416,105.76485,335.51,0.38,0.59,"2026-02-15",1910,"N20","nominal","2.0NRT",285.53,3.41,"N"
"15031",14.36348,105.7683,305.41,0.38,0.59,"2026-02-15",1910,"N20","nominal","2.0NRT",285.39,2.49,"N"
"15032",14.35887,105.76372,320.52,0.38,0.59,"2026-02-15",1910,"N20","nominal","2.0NRT",284.89,2.04,"N"
"15033",14.35818,105.76716,300.77,0.38,0.59,"2026-02-15",1910,"N20","nominal","2.0NRT",284.95,1.36,"N"
"15034",16.27532,94.73389,304.71,0.41,0.37,"2026-02-15",1910,"N20","nominal","2.0NRT",291.85,0.55,"N"
"15035",16.16151,95.46774,301.88,0.39,0.37,"2026-02-15",1910,"N20","nominal","2.0NRT",290.66,1.04,"N"
"15036",16.15817,95.46719,316.03,0.39,0.37,"2026-02-15",1910,"N20","nominal","2.0NRT",290.77,1.04,"N"
"15037",14.98926,102.32713,302.17,0.44,0.46,"2026-02-15",1910,"N20","nominal","2.0NRT",291.8,0.81,"N"
"15038",14.98582,102.32233,307.49,0.44,0.46,"2026-02-15",1910,"N20","nominal","2.0NRT",291.63,1.23,"N"
"15039",13.77186,108.40976,297.87,0.58,0.7,"2026-02-15",1910,"N20","nominal","2.0NRT",286.71,0.31,"N"
"15040",14.33641,105.65583,322.08,0.37,0.58,"2026-02-15",1910,"N20","nominal","2.0NRT",287.75,1.67,"N"
"15041",14.33573,105.6592,307.86,0.37,0.58,"2026-02-15",1910,"N20","nominal","2.0NRT",287.3,1.67,"N"
"15042",17.60583,83.19624,302.36,0.72,0.75,"2026-02-15",1910,"N20","nominal","2.0NRT",291.57,1.27,"N"
"15043",14.84844,102.64087,303.07,0.46,0.47,"2026-02-15",1910,"N20","nominal","2.0NRT",289.96,0.66,"N"
"15044",16.11525,95.07777,311.92,0.4,0.37,"2026-02-15",1910,"N20","nominal","2.0NRT",293.58,1.38,"N"
"15045",14.09837,106.49332,304.9,0.43,0.62,"2026-02-15",1910,"N20","nominal","2.0NRT",283.76,0.83,"N"
"15046",15.57106,98.48617,305.15,0.41,0.37,"2026-02-15",1910,"N20","nominal","2.0NRT",291.33,1.1,"N"
"15047",14.81328,102.6865,339.48,0.46,0.47,"2026-02-15",1910,"N20","nominal","2.0NRT",291.24,3.49,"N"
"15048",13.68175,108.35524,355.76,0.58,0.7,"2026-02-15",1910,"N20","nominal","2.0NRT",290.75,13.75,"N"
"15049",13.68282,108.35017,318.61,0.58,0.7,"2026-02-15",1910,"N20","nominal","2.0NRT",287.88,9.03,"N"
"15050",13.67532,108.35455,342.39,0.58,0.7,"2026-02-15",1910,"N20","nominal","2.0NRT",288.53,13.75,"N"
"15051",14.80899,102.68564,306.97,0.46,0.47,"2026-02-15",1910,"N20","nominal","2.0NRT",290.14,3.49,"N"
"15052",13.67641,108.34939,305.06,0.58,0.7,"2026-02-15",1910,"N20","nominal","2.0NRT",287.91,9.03,"N"
"15053",14.37416,104.86786,334.95,0.33,0.55,"2026-02-15",1910,"N20","nominal","2.0NRT",290.03,2.4,"N"
"15054",14.35076,104.9858,303.37,0.33,0.56,"2026-02-15",1910,"N20","nominal","2.0NRT",290.03,0.98,"N"
"15055",14.50748,104.16445,304.12,0.59,0.53,"2026-02-15",1910,"N20","nominal","2.0NRT",288.6,1.16,"N"
"15056",14.38945,104.66084,305.86,0.64,0.54,"2026-02-15",1910,"N20","nominal","2.0NRT",289.89,2.14,"N"
"15057",16.0435,95.21119,304.9,0.4,0.37,"2026-02-15",1910,"N20","nominal","2.0NRT",292.77,1.09,"N"
"15058",14.37947,104.65943,315.94,0.64,0.54,"2026-02-15",1910,"N20","nominal","2.0NRT",290.06,5.38,"N"
"15059",14.39413,104.6582,314.82,0.32,0.54,"2026-02-15",1910,"N20","nominal","2.0NRT",290.53,3.33,"N"
"15060",14.38188,104.66867,307.25,0.32,0.54,"2026-02-15",1910,"N20","nominal","2.0NRT",290.12,0.99,"N"
"15061",14.38135,104.67142,306.53,0.32,0.54,"2026-02-15",1910,"N20","nominal","2.0NRT",290.32,0.99,"N"
"15062",14.37798,104.6623,367,0.32,0.54,"2026-02-15",1910,"N20","high","2.0NRT",290.91,8.82,"N"
"15063",14.37742,104.66517,367,0.32,0.54,"2026-02-15",1910,"N20","high","2.0NRT",292.38,8.82,"N"
"15064",14.37687,104.66805,350.04,0.32,0.54,"2026-02-15",1910,"N20","nominal","2.0NRT",293.02,3.76,"N"
"15065",14.37909,104.6565,308.19,0.32,0.54,"2026-02-15",1910,"N20","nominal","2.0NRT",289.96,3.94,"N"
"15066",14.37853,104.6594,309.53,0.32,0.54,"2026-02-15",1910,"N20","nominal","2.0NRT",290.31,3.94,"N"
"15067",14.37632,104.67092,304.22,0.32,0.54,"2026-02-15",1910,"N20","nominal","2.0NRT",290.41,3.76,"N"
"15068",14.37248,104.6642,355.73,0.32,0.54,"2026-02-15",1910,"N20","nominal","2.0NRT",292.03,8.82,"N"
"15069",14.37193,104.66708,312.59,0.32,0.54,"2026-02-15",1910,"N20","nominal","2.0NRT",290.27,3.76,"N"
"15070",14.37137,104.66996,318.26,0.32,0.54,"2026-02-15",1910,"N20","nominal","2.0NRT",290.73,3.76,"N"
"15071",14.36532,104.67475,341.38,0.32,0.54,"2026-02-15",1910,"N20","nominal","2.0NRT",289.81,1.9,"N"
"15072",14.36588,104.67185,305.04,0.32,0.54,"2026-02-15",1910,"N20","nominal","2.0NRT",289.77,1.9,"N"
"15073",14.36476,104.67767,304.54,0.32,0.55,"2026-02-15",1910,"N20","nominal","2.0NRT",289.72,1.99,"N"
"15074",13.6296,108.1842,304.9,0.57,0.69,"2026-02-15",1910,"N20","nominal","2.0NRT",287.27,1.61,"N"
"15075",14.247,105.01431,325.76,0.34,0.56,"2026-02-15",1910,"N20","nominal","2.0NRT",290.26,3.76,"N"
"15076",14.24654,105.01659,316.16,0.34,0.56,"2026-02-15",1910,"N20","nominal","2.0NRT",290.36,2.85,"N"
"15077",13.54194,108.41217,331.82,0.59,0.7,"2026-02-15",1910,"N20","nominal","2.0NRT",287.51,4.38,"N"
"15078",13.98598,106.17342,304.04,0.41,0.61,"2026-02-15",1910,"N20","nominal","2.0NRT",286.11,0.92,"N"
"15079",13.54328,108.42623,298.7,0.59,0.7,"2026-02-15",1910,"N20","nominal","2.0NRT",287.53,1.68,"N"
"15080",13.53917,108.41412,323.66,0.59,0.7,"2026-02-15",1910,"N20","nominal","2.0NRT",287.7,2.69,"N"
"15081",13.54029,108.40872,302.42,0.59,0.7,"2026-02-15",1910,"N20","nominal","2.0NRT",287.16,2.69,"N"
"15082",13.98585,106.17293,301.69,0.41,0.61,"2026-02-15",1910,"N20","nominal","2.0NRT",286.08,0.72,"N"
"15083",13.94504,106.14873,314.22,0.41,0.6,"2026-02-15",1910,"N20","nominal","2.0NRT",285.66,1.06,"N"
"15084",13.94431,106.15238,302.94,0.41,0.6,"2026-02-15",1910,"N20","nominal","2.0NRT",285.39,1.06,"N"
"15085",14.20065,104.82928,321.04,0.33,0.55,"2026-02-15",1910,"N20","nominal","2.0NRT",289.78,1.83,"N"
"15086",14.20324,104.78943,305.64,0.33,0.55,"2026-02-15",1910,"N20","nominal","2.0NRT",289.82,0.54,"N"
"15087",14.20266,104.79239,304.32,0.33,0.55,"2026-02-15",1910,"N20","nominal","2.0NRT",290.22,0.54,"N"
"15088",13.82869,106.66711,303.49,0.44,0.63,"2026-02-15",1910,"N20","nominal","2.0NRT",287.78,1.19,"N"
"15089",14.20216,104.71561,305.24,0.32,0.55,"2026-02-15",1910,"N20","nominal","2.0NRT",289.84,0.54,"N"
"15090",13.35279,108.72704,297.44,0.62,0.72,"2026-02-15",1910,"N20","nominal","2.0NRT",286.63,1.11,"N"
"15091",13.87346,106.19167,306.21,0.41,0.61,"2026-02-15",1910,"N20","nominal","2.0NRT",284.11,0.88,"N"
"15092",13.8727,106.19539,304.3,0.41,0.61,"2026-02-15",1910,"N20","nominal","2.0NRT",284.73,1.16,"N"
"15093",15.10827,99.62722,308.09,0.46,0.39,"2026-02-15",1910,"N20","nominal","2.0NRT",293.31,1.35,"N"
"15094",15.15989,99.26746,328.04,0.44,0.39,"2026-02-15",1910,"N20","nominal","2.0NRT",291.22,2.6,"N"
"15095",15.16289,99.26931,315.79,0.44,0.39,"2026-02-15",1910,"N20","nominal","2.0NRT",291.33,1.1,"N"
"15096",15.15939,99.2686,303.4,0.44,0.39,"2026-02-15",1910,"N20","nominal","2.0NRT",290.58,1.1,"N"
"15097",14.72335,101.67315,308.45,0.4,0.44,"2026-02-15",1910,"N20","nominal","2.0NRT",291.5,0.85,"N"
"15098",13.87382,106.19227,306.55,0.41,0.61,"2026-02-15",1910,"N20","nominal","2.0NRT",283.91,0.93,"N"
"15099",13.87308,106.196,303.51,0.41,0.61,"2026-02-15",1910,"N20","nominal","2.0NRT",284.56,1.02,"N"
"15100",13.77343,106.69807,302.74,0.45,0.63,"2026-02-15",1910,"N20","nominal","2.0NRT",288.02,0.86,"N"
"15101",14.48284,102.94973,315.68,0.49,0.48,"2026-02-15",1910,"N20","nominal","2.0NRT",290.48,2.78,"N"
"15102",14.12151,104.81195,310.77,0.33,0.55,"2026-02-15",1910,"N20","nominal","2.0NRT",289.95,0.82,"N"
"15103",14.81605,101.0378,304.91,0.55,0.43,"2026-02-15",1910,"N20","nominal","2.0NRT",293.84,1.47,"N"
"15104",14.42742,103.17417,305.05,0.51,0.49,"2026-02-15",1910,"N20","nominal","2.0NRT",288.94,0.75,"N"
"15105",14.63641,101.92155,318.09,0.42,0.45,"2026-02-15",1910,"N20","nominal","2.0NRT",293.05,1.2,"N"
"15106",14.63772,101.89118,306.53,0.42,0.45,"2026-02-15",1910,"N20","nominal","2.0NRT",291.51,0.76,"N"
"15107",14.63702,101.89498,308.13,0.42,0.45,"2026-02-15",1910,"N20","nominal","2.0NRT",291.76,0.76,"N"
"15108",14.63233,101.92067,310.09,0.42,0.45,"2026-02-15",1910,"N20","nominal","2.0NRT",292.66,1.2,"N"
"15109",14.63293,101.8942,303.11,0.42,0.45,"2026-02-15",1910,"N20","nominal","2.0NRT",290.91,0.51,"N"
"15110",14.62896,101.91589,304.54,0.42,0.45,"2026-02-15",1910,"N20","nominal","2.0NRT",292.21,1.13,"N"
"15111",14.62824,101.91978,308.98,0.42,0.45,"2026-02-15",1910,"N20","nominal","2.0NRT",292.63,1.29,"N"
"15112",13.87185,105.77724,322.06,0.39,0.59,"2026-02-15",1910,"N20","nominal","2.0NRT",286.88,2.62,"N"
"15113",13.84008,105.85146,302.73,0.39,0.59,"2026-02-15",1910,"N20","nominal","2.0NRT",286.85,0.76,"N"
"15114",13.89984,105.52876,309.44,0.37,0.58,"2026-02-15",1910,"N20","nominal","2.0NRT",286.81,0.97,"N"
"15115",13.75541,106.21063,301.88,0.42,0.61,"2026-02-15",1910,"N20","nominal","2.0NRT",284.53,0.49,"N"
"15116",13.74921,106.2408,306.76,0.42,0.61,"2026-02-15",1910,"N20","nominal","2.0NRT",284.25,1.02,"N"
"15117",13.74844,106.24453,309.86,0.42,0.61,"2026-02-15",1910,"N20","nominal","2.0NRT",284.91,1.02,"N"
"15118",13.7469,106.25203,302.14,0.42,0.61,"2026-02-15",1910,"N20","nominal","2.0NRT",285.53,1.08,"N"
"15119",13.74215,106.24711,302.75,0.42,0.61,"2026-02-15",1910,"N20","nominal","2.0NRT",284.78,1.08,"N"
"15120",13.90084,105.52803,306.27,0.37,0.58,"2026-02-15",1910,"N20","nominal","2.0NRT",286.59,0.77,"N"
"15121",14.96125,99.68648,306.09,0.47,0.39,"2026-02-15",1910,"N20","nominal","2.0NRT",294.45,2.01,"N"
"15122",13.75594,106.21048,302.41,0.42,0.61,"2026-02-15",1910,"N20","nominal","2.0NRT",284.24,0.31,"N"
"15123",13.74996,106.24073,304.58,0.42,0.61,"2026-02-15",1910,"N20","nominal","2.0NRT",283.94,0.76,"N"
"15124",13.74922,106.24447,309.39,0.42,0.61,"2026-02-15",1910,"N20","nominal","2.0NRT",284.54,0.76,"N"
"15125",13.74295,106.24705,302.83,0.42,0.61,"2026-02-15",1910,"N20","nominal","2.0NRT",284.29,0.88,"N"
"15126",13.74221,106.25081,307.96,0.42,0.61,"2026-02-15",1910,"N20","nominal","2.0NRT",285.07,0.88,"N"
"15127",14.37463,102.92076,314.59,0.49,0.48,"2026-02-15",1910,"N20","nominal","2.0NRT",288.8,1.65,"N"
"15128",13.99877,104.91129,305.54,0.34,0.56,"2026-02-15",1910,"N20","nominal","2.0NRT",289.18,0.62,"N"
"15129",13.80906,105.85539,305.31,0.39,0.59,"2026-02-15",1910,"N20","nominal","2.0NRT",286.63,0.91,"N"
"15130",14.05242,104.57895,317.12,0.32,0.54,"2026-02-15",1910,"N20","nominal","2.0NRT",289.29,1.26,"N"
"15131",13.76789,106.03487,307.65,0.4,0.6,"2026-02-15",1910,"N20","nominal","2.0NRT",285.19,0.76,"N"
"15132",13.76244,106.03375,312.99,0.4,0.6,"2026-02-15",1910,"N20","nominal","2.0NRT",285.04,1.35,"N"
"15133",14.04368,104.57109,301.81,0.32,0.54,"2026-02-15",1910,"N20","nominal","2.0NRT",289.14,0.41,"N"
"15134",13.79715,105.83067,310.17,0.39,0.59,"2026-02-15",1910,"N20","nominal","2.0NRT",287.03,1.45,"N"
"15135",13.7161,106.23734,303.65,0.42,0.61,"2026-02-15",1910,"N20","nominal","2.0NRT",284.37,0.69,"N"
"15136",13.73909,106.09379,300.24,0.41,0.6,"2026-02-15",1910,"N20","nominal","2.0NRT",283.09,0.41,"N"
"15137",13.71058,106.23613,311,0.42,0.61,"2026-02-15",1910,"N20","nominal","2.0NRT",284.4,0.85,"N"
"15138",13.73436,106.08891,301.89,0.41,0.6,"2026-02-15",1910,"N20","nominal","2.0NRT",283.06,0.41,"N"
"15139",13.76927,105.85799,303.34,0.39,0.6,"2026-02-15",1910,"N20","nominal","2.0NRT",286.61,1.08,"N"
"15140",13.93938,104.89278,303.7,0.34,0.56,"2026-02-15",1910,"N20","nominal","2.0NRT",288.91,0.41,"N"
"15141",13.83408,105.42313,309.7,0.37,0.58,"2026-02-15",1910,"N20","nominal","2.0NRT",287.66,0.94,"N"
"15142",13.79695,105.60864,304.61,0.38,0.59,"2026-02-15",1910,"N20","nominal","2.0NRT",286.42,1.03,"N"
"15143",13.83611,105.3315,303.24,0.36,0.57,"2026-02-15",1910,"N20","nominal","2.0NRT",287.51,0.46,"N"
"15144",13.44724,107.23152,300.49,0.49,0.65,"2026-02-15",1910,"N20","nominal","2.0NRT",287.47,0.67,"N"
"15145",14.65018,101.04099,313.95,0.55,0.43,"2026-02-15",1910,"N20","nominal","2.0NRT",294.5,1.8,"N"
"15146",13.77392,105.58601,302.93,0.38,0.58,"2026-02-15",1910,"N20","nominal","2.0NRT",286.36,1.16,"N"
"15147",14.67683,100.84942,305.97,0.54,0.42,"2026-02-15",1910,"N20","nominal","2.0NRT",294.57,1.37,"N"
"15148",13.71464,105.85043,303.95,0.39,0.6,"2026-02-15",1910,"N20","nominal","2.0NRT",286,0.57,"N"
"15149",13.71391,105.854,302.72,0.39,0.6,"2026-02-15",1910,"N20","nominal","2.0NRT",286.1,0.57,"N"
"15150",14.6322,101.07363,307.74,0.56,0.43,"2026-02-15",1910,"N20","nominal","2.0NRT",294.52,1.77,"N"
"15151",14.6733,100.80314,307.29,0.54,0.42,"2026-02-15",1910,"N20","nominal","2.0NRT",295.84,1.59,"N"
"15152",14.67538,100.80198,307.25,0.54,0.42,"2026-02-15",1910,"N20","nominal","2.0NRT",295.54,1.97,"N"
"15153",13.83575,105.33269,301.32,0.36,0.57,"2026-02-15",1910,"N20","nominal","2.0NRT",286.95,0.52,"N"
"15154",13.61703,106.3952,302.41,0.43,0.62,"2026-02-15",1910,"N20","nominal","2.0NRT",284.44,0.59,"N"
"15155",13.77011,105.58681,314.13,0.38,0.59,"2026-02-15",1910,"N20","nominal","2.0NRT",286,0.93,"N"
"15156",13.71804,105.85322,304,0.39,0.6,"2026-02-15",1910,"N20","nominal","2.0NRT",285.95,0.53,"N"
"15157",13.71264,105.85211,305.25,0.39,0.6,"2026-02-15",1910,"N20","nominal","2.0NRT",285.69,0.65,"N"
"15158",13.67945,105.99208,318.24,0.4,0.6,"2026-02-15",1910,"N20","nominal","2.0NRT",285.88,2.01,"N"
"15159",13.844,105.04116,309.15,0.35,0.56,"2026-02-15",1910,"N20","nominal","2.0NRT",288.75,0.76,"N"
"15160",13.63639,106.09438,319.29,0.41,0.61,"2026-02-15",1910,"N20","nominal","2.0NRT",285.08,1.66,"N"
"15161",13.61595,106.08232,301.91,0.41,0.61,"2026-02-15",1910,"N20","nominal","2.0NRT",285.12,0.36,"N"
"15162",13.65874,105.84074,316.01,0.39,0.6,"2026-02-15",1910,"N20","nominal","2.0NRT",284.94,1.35,"N"
"15163",13.70692,105.51659,303.39,0.37,0.58,"2026-02-15",1910,"N20","nominal","2.0NRT",287.74,0.55,"N"
"15164",13.70623,105.52003,303.57,0.37,0.58,"2026-02-15",1910,"N20","nominal","2.0NRT",287.57,0.55,"N"
"15165",13.70098,105.51884,309.85,0.37,0.58,"2026-02-15",1910,"N20","nominal","2.0NRT",288.01,1.34,"N"
"15166",13.70029,105.52225,304.17,0.37,0.58,"2026-02-15",1910,"N20","nominal","2.0NRT",288.05,0.93,"N"
"15167",13.67484,105.56664,304.85,0.38,0.59,"2026-02-15",1910,"N20","nominal","2.0NRT",287.38,0.68,"N"
"15168",13.67415,105.57005,306.92,0.38,0.59,"2026-02-15",1910,"N20","nominal","2.0NRT",287.57,0.68,"N"
"15169",13.66952,105.56564,314.35,0.38,0.59,"2026-02-15",1910,"N20","nominal","2.0NRT",287.74,1.19,"N"
"15170",13.66884,105.56904,306.49,0.38,0.59,"2026-02-15",1910,"N20","nominal","2.0NRT",287.71,1.19,"N"
"15171",13.70018,105.3866,305.76,0.37,0.58,"2026-02-15",1910,"N20","nominal","2.0NRT",287.18,1.3,"N"
"15172",14.56887,100.76472,310.23,0.54,0.42,"2026-02-15",1910,"N20","nominal","2.0NRT",294.79,1.91,"N"
"15173",13.50783,106.45807,303.55,0.44,0.62,"2026-02-15",1910,"N20","nominal","2.0NRT",287.87,0.67,"N"
"15174",13.67057,105.56841,323.74,0.38,0.59,"2026-02-15",1910,"N20","nominal","2.0NRT",288.02,1.52,"N"
"15175",13.67123,105.565,304.63,0.38,0.59,"2026-02-15",1910,"N20","nominal","2.0NRT",287.21,1.52,"N"
"15176",13.70058,105.38556,309.85,0.37,0.58,"2026-02-15",1910,"N20","nominal","2.0NRT",287.17,1.1,"N"
"15177",13.36141,107.01249,306.83,0.48,0.65,"2026-02-15",1910,"N20","nominal","2.0NRT",287.78,1.45,"N"
"15178",13.7837,104.81853,308.93,0.33,0.56,"2026-02-15",1910,"N20","nominal","2.0NRT",289.11,0.51,"N"
"15179",13.68522,105.29716,303.7,0.36,0.57,"2026-02-15",1910,"N20","nominal","2.0NRT",288.39,0.37,"N"
"15180",13.67562,105.34616,306.46,0.36,0.58,"2026-02-15",1910,"N20","nominal","2.0NRT",286.44,1.12,"N"
"15181",13.6704,105.34509,328.43,0.36,0.58,"2026-02-15",1910,"N20","nominal","2.0NRT",287.34,3.05,"N"
"15182",13.69648,105.18466,321.55,0.36,0.57,"2026-02-15",1910,"N20","nominal","2.0NRT",289.04,1.03,"N"
"15183",13.69584,105.1879,306.83,0.36,0.57,"2026-02-15",1910,"N20","nominal","2.0NRT",288.98,1.03,"N"
"15184",13.63964,105.4736,302.12,0.37,0.58,"2026-02-15",1910,"N20","nominal","2.0NRT",287.03,1.3,"N"
"15185",14.69591,99.53208,307.33,0.46,0.39,"2026-02-15",1910,"N20","nominal","2.0NRT",293.7,0.97,"N"
"15186",14.69233,99.5315,304.63,0.46,0.39,"2026-02-15",1910,"N20","nominal","2.0NRT",293.15,0.97,"N"
"15187",14.60172,99.96258,331.34,0.48,0.4,"2026-02-15",1910,"N20","nominal","2.0NRT",294.92,4.32,"N"
"15188",14.60192,99.96457,329.78,0.48,0.4,"2026-02-15",1910,"N20","nominal","2.0NRT",295.04,3.31,"N"
"15189",14.77131,98.94098,305.12,0.43,0.38,"2026-02-15",1910,"N20","nominal","2.0NRT",292.02,0.82,"N"
"15190",14.76778,98.94068,306.39,0.43,0.38,"2026-02-15",1910,"N20","nominal","2.0NRT",293.04,1.42,"N"
"15191",13.58718,105.35541,307.67,0.37,0.58,"2026-02-15",1910,"N20","nominal","2.0NRT",286.57,0.66,"N"
"15192",13.58372,105.2895,307.16,0.36,0.58,"2026-02-15",1910,"N20","nominal","2.0NRT",287.9,0.66,"N"
"15193",14.78515,98.62469,305.06,0.42,0.38,"2026-02-15",1910,"N20","nominal","2.0NRT",292.91,1.18,"N"
"15194",13.57841,105.26123,305.67,0.36,0.57,"2026-02-15",1910,"N20","nominal","2.0NRT",288.76,0.53,"N"
"15195",14.78166,98.62439,319.77,0.42,0.38,"2026-02-15",1910,"N20","nominal","2.0NRT",294.36,1.18,"N"
"15196",13.54801,105.38839,305.42,0.37,0.58,"2026-02-15",1910,"N20","nominal","2.0NRT",286.62,1.2,"N"
"15197",14.7782,98.62392,306.4,0.42,0.38,"2026-02-15",1910,"N20","nominal","2.0NRT",292.69,1.13,"N"
"15198",14.77694,98.63144,304.4,0.42,0.38,"2026-02-15",1910,"N20","nominal","2.0NRT",292.93,0.98,"N"
"15199",13.6445,104.86838,307.9,0.34,0.56,"2026-02-15",1910,"N20","nominal","2.0NRT",289.76,1.13,"N"
"15200",14.77154,98.64252,309.52,0.42,0.38,"2026-02-15",1910,"N20","nominal","2.0NRT",293.58,1.36,"N"
"15201",14.77088,98.64642,304.32,0.42,0.38,"2026-02-15",1910,"N20","nominal","2.0NRT",293.22,0.84,"N"
"15202",13.30593,106.45692,316.09,0.44,0.62,"2026-02-15",1910,"N20","nominal","2.0NRT",288.54,2.2,"N"
"15203",13.10353,107.41233,301.7,0.51,0.66,"2026-02-15",1910,"N20","nominal","2.0NRT",285.5,0.82,"N"
"15204",13.10159,107.41325,302.06,0.52,0.66,"2026-02-15",1910,"N20","nominal","2.0NRT",285.75,0.82,"N"
"15205",14.61465,99.1601,304.76,0.44,0.39,"2026-02-15",1910,"N20","nominal","2.0NRT",293.29,0.79,"N"
"15206",13.54504,105.09493,302.38,0.35,0.57,"2026-02-15",1910,"N20","nominal","2.0NRT",288.76,0.17,"N"
"15207",14.6069,99.16306,322,0.45,0.39,"2026-02-15",1910,"N20","nominal","2.0NRT",293.83,2.73,"N"
"15208",13.55946,104.9643,312.33,0.35,0.56,"2026-02-15",1910,"N20","nominal","2.0NRT",289.6,1.3,"N"
"15209",13.55883,104.96761,307.01,0.35,0.56,"2026-02-15",1910,"N20","nominal","2.0NRT",289.47,1.25,"N"
"15210",13.07851,107.4034,300.34,0.51,0.66,"2026-02-15",1910,"N20","nominal","2.0NRT",285.18,0.64,"N"
"15211",14.59784,99.15235,321.15,0.44,0.39,"2026-02-15",1910,"N20","nominal","2.0NRT",291.57,1.52,"N"
"15212",14.59853,99.14825,310.49,0.44,0.39,"2026-02-15",1910,"N20","nominal","2.0NRT",291,1.52,"N"
"15213",13.51519,105.05556,302.6,0.35,0.57,"2026-02-15",1910,"N20","nominal","2.0NRT",288.05,0.72,"N"
"15214",13.2608,106.17206,301.49,0.42,0.61,"2026-02-15",1910,"N20","nominal","2.0NRT",287.2,1.01,"N"
"15215",13.60662,104.31839,319.29,0.62,0.54,"2026-02-15",1910,"N20","nominal","2.0NRT",289.47,2.46,"N"
"15216",12.97786,107.43487,302.64,0.52,0.67,"2026-02-15",1910,"N20","nominal","2.0NRT",286.98,0.5,"N"
"15217",14.12812,101.53495,305.35,0.4,0.44,"2026-02-15",1910,"N20","nominal","2.0NRT",292.5,0.56,"N"
"15218",13.28889,105.89095,300.75,0.4,0.6,"2026-02-15",1910,"N20","nominal","2.0NRT",282.93,0.57,"N"
"15219",13.39701,105.32594,309.53,0.37,0.58,"2026-02-15",1910,"N20","nominal","2.0NRT",287.52,1.23,"N"
"15220",13.60505,104.31683,308.35,0.62,0.54,"2026-02-15",1910,"N20","nominal","2.0NRT",289.4,1.65,"N"
"15221",13.39772,105.32589,307.55,0.37,0.58,"2026-02-15",1910,"N20","nominal","2.0NRT",287.47,1.33,"N"
"15222",13.05521,107.07464,302.62,0.49,0.65,"2026-02-15",1910,"N20","nominal","2.0NRT",287.45,0.59,"N"
"15223",13.36633,105.3471,310.41,0.37,0.58,"2026-02-15",1910,"N20","nominal","2.0NRT",287.85,0.77,"N"
"15224",13.05692,106.76315,367,0.47,0.64,"2026-02-15",1910,"N20","high","2.0NRT",288.61,10.46,"N"
"15225",13.05608,106.7673,351.29,0.47,0.64,"2026-02-15",1910,"N20","nominal","2.0NRT",289.57,10.46,"N"
"15226",13.35241,105.2787,302.17,0.37,0.58,"2026-02-15",1910,"N20","nominal","2.0NRT",287.56,0.48,"N"
"15227",13.23168,105.89072,303.45,0.4,0.6,"2026-02-15",1910,"N20","nominal","2.0NRT",281.41,0.79,"N"
"15228",13.05029,106.76611,323.08,0.47,0.64,"2026-02-15",1910,"N20","nominal","2.0NRT",288.78,2.3,"N"
"15229",13.05112,106.76202,311.8,0.47,0.64,"2026-02-15",1910,"N20","nominal","2.0NRT",288.35,2.3,"N"
"15230",13.4704,104.619,305.14,0.33,0.55,"2026-02-15",1910,"N20","nominal","2.0NRT",288.57,0.47,"N"
"15231",14.08817,101.2011,338.25,0.38,0.44,"2026-02-15",1910,"N20","nominal","2.0NRT",293.67,5.63,"N"
"15232",14.08881,101.19759,310.54,0.38,0.44,"2026-02-15",1910,"N20","nominal","2.0NRT",292.22,1.54,"N"
"15233",14.08485,101.19685,328.19,0.38,0.44,"2026-02-15",1910,"N20","nominal","2.0NRT",292.2,1.54,"N"
"15234",14.493,98.87379,313.81,0.43,0.38,"2026-02-15",1910,"N20","nominal","2.0NRT",294.49,2.27,"N"
"15235",14.48762,98.88438,322.79,0.43,0.38,"2026-02-15",1910,"N20","nominal","2.0NRT",295.17,2.14,"N"
"15236",14.00994,101.58553,304.68,0.41,0.45,"2026-02-15",1910,"N20","nominal","2.0NRT",292.15,1.07,"N"
"15237",14.00926,101.58926,311.05,0.41,0.45,"2026-02-15",1910,"N20","nominal","2.0NRT",292.1,1.11,"N"
"15238",14.48407,98.88412,317.54,0.43,0.38,"2026-02-15",1910,"N20","nominal","2.0NRT",294.46,2.14,"N"
"15239",13.30689,105.20669,313.49,0.36,0.58,"2026-02-15",1910,"N20","nominal","2.0NRT",287.25,0.87,"N"
"15240",13.3065,105.20714,312.81,0.36,0.58,"2026-02-15",1910,"N20","nominal","2.0NRT",287.25,0.94,"N"
"15241",13.77728,102.66679,315.63,0.48,0.48,"2026-02-15",1910,"N20","nominal","2.0NRT",290.32,2.05,"N"
"15242",13.36456,104.79356,305.31,0.34,0.56,"2026-02-15",1910,"N20","nominal","2.0NRT",288.8,0.41,"N"
"15243",13.47601,104.15621,304.21,0.61,0.54,"2026-02-15",1910,"N20","nominal","2.0NRT",289.97,1.16,"N"
"15244",13.12301,105.97753,314.5,0.41,0.61,"2026-02-15",1910,"N20","nominal","2.0NRT",285.62,1.94,"N"
"15245",14.32144,99.38786,310.03,0.46,0.39,"2026-02-15",1910,"N20","nominal","2.0NRT",294.88,2.13,"N"
"15246",14.40367,98.884,303.84,0.44,0.38,"2026-02-15",1910,"N20","nominal","2.0NRT",293.67,0.99,"N"
"15247",14.40017,98.88348,306.78,0.44,0.38,"2026-02-15",1910,"N20","nominal","2.0NRT",293.4,1.13,"N"
"15248",14.52698,98.1069,303.45,0.41,0.37,"2026-02-15",1910,"N20","nominal","2.0NRT",292.15,0.66,"N"
"15249",12.98406,106.41046,305.8,0.44,0.63,"2026-02-15",1910,"N20","nominal","2.0NRT",287.36,0.88,"N"
"15250",12.98326,106.41442,305.48,0.44,0.63,"2026-02-15",1910,"N20","nominal","2.0NRT",287.72,0.88,"N"
"15251",12.88853,106.81986,303.38,0.47,0.64,"2026-02-15",1910,"N20","nominal","2.0NRT",287.39,0.81,"N"
"15252",12.88924,106.82172,303.74,0.47,0.64,"2026-02-15",1910,"N20","nominal","2.0NRT",287.36,0.85,"N"
"15253",13.68352,102.60968,312.45,0.48,0.48,"2026-02-15",1910,"N20","nominal","2.0NRT",291.66,1.43,"N"
"15254",13.21868,104.96071,306.38,0.35,0.57,"2026-02-15",1910,"N20","nominal","2.0NRT",288.36,0.99,"N"
"15255",13.17605,105.12548,318.67,0.36,0.57,"2026-02-15",1910,"N20","nominal","2.0NRT",288.51,1.33,"N"
"15256",13.17021,105.12772,312.07,0.36,0.57,"2026-02-15",1910,"N20","nominal","2.0NRT",288.17,1.44,"N"
"15257",12.99533,106.01789,308.26,0.42,0.61,"2026-02-15",1910,"N20","nominal","2.0NRT",288.31,0.9,"N"
"15258",13.19878,104.95319,328.06,0.35,0.57,"2026-02-15",1910,"N20","nominal","2.0NRT",289.23,1.91,"N"
"15259",13.19939,104.95004,303.43,0.35,0.57,"2026-02-15",1910,"N20","nominal","2.0NRT",288.3,1.34,"N"
"15260",13.19816,104.95638,314.89,0.35,0.57,"2026-02-15",1910,"N20","nominal","2.0NRT",288.96,1.91,"N"
"15261",12.9898,106.01679,304.61,0.42,0.61,"2026-02-15",1910,"N20","nominal","2.0NRT",288.53,0.9,"N"
"15262",13.19364,104.95216,326.49,0.35,0.57,"2026-02-15",1910,"N20","nominal","2.0NRT",288.98,2.5,"N"
"15263",13.19424,104.94904,304.02,0.35,0.57,"2026-02-15",1910,"N20","nominal","2.0NRT",288.11,1.46,"N"
"15264",13.63998,102.55198,319.54,0.48,0.48,"2026-02-15",1910,"N20","nominal","2.0NRT",290.36,2.4,"N"
"15265",13.1815,104.9596,310.22,0.35,0.57,"2026-02-15",1910,"N20","nominal","2.0NRT",288.13,0.89,"N"
"15266",13.27613,104.36677,301.1,0.32,0.54,"2026-02-15",1910,"N20","nominal","2.0NRT",288,0.17,"N"
"15267",13.15637,104.95147,305.56,0.35,0.57,"2026-02-15",1910,"N20","nominal","2.0NRT",288.07,0.77,"N"
"15268",13.64545,102.35422,326.42,0.46,0.47,"2026-02-15",1910,"N20","nominal","2.0NRT",290.99,3.92,"N"
"15269",13.64467,102.35841,324.94,0.46,0.47,"2026-02-15",1910,"N20","nominal","2.0NRT",291.29,3.92,"N"
"15270",14.23242,99.01691,307.85,0.44,0.39,"2026-02-15",1910,"N20","nominal","2.0NRT",294.97,1.2,"N"
"15271",14.23203,98.92934,305.47,0.44,0.38,"2026-02-15",1910,"N20","nominal","2.0NRT",293.96,1.6,"N"
"15272",14.24248,98.82377,304.51,0.43,0.38,"2026-02-15",1910,"N20","nominal","2.0NRT",293.86,0.98,"N"
"15273",14.22699,98.91644,305.84,0.44,0.38,"2026-02-15",1910,"N20","nominal","2.0NRT",293.31,1.03,"N"
"15274",14.22634,98.92034,307.02,0.44,0.38,"2026-02-15",1910,"N20","nominal","2.0NRT",294.05,1.25,"N"
"15275",14.22414,98.91197,308.5,0.44,0.38,"2026-02-15",1910,"N20","nominal","2.0NRT",292.65,1.03,"N"
"15276",14.04519,99.92329,306.78,0.49,0.4,"2026-02-15",1910,"N20","nominal","2.0NRT",293.48,1.04,"N"
"15277",14.21489,98.88136,303.75,0.44,0.38,"2026-02-15",1910,"N20","nominal","2.0NRT",292.97,0.57,"N"
"15278",14.21286,98.89342,305.46,0.44,0.38,"2026-02-15",1910,"N20","nominal","2.0NRT",292.83,0.87,"N"
"15279",14.2114,98.8807,312.68,0.44,0.38,"2026-02-15",1910,"N20","nominal","2.0NRT",292.69,1.11,"N"
"15280",14.20801,98.90086,304.5,0.44,0.38,"2026-02-15",1910,"N20","nominal","2.0NRT",292.42,0.92,"N"
"15281",12.8336,106.40432,312.34,0.45,0.63,"2026-02-15",1910,"N20","nominal","2.0NRT",288.25,1.4,"N"
"15282",14.18694,99.00435,305.66,0.44,0.39,"2026-02-15",1910,"N20","nominal","2.0NRT",294.07,1.23,"N"
"15283",12.83111,106.3871,303.15,0.44,0.63,"2026-02-15",1910,"N20","nominal","2.0NRT",288.26,0.95,"N"
"15284",12.83032,106.39105,308.73,0.44,0.63,"2026-02-15",1910,"N20","nominal","2.0NRT",288.46,0.95,"N"
"15285",12.82953,106.39504,305.84,0.45,0.63,"2026-02-15",1910,"N20","nominal","2.0NRT",288.35,1.85,"N"
"15286",14.17362,99.04034,305.44,0.44,0.39,"2026-02-15",1910,"N20","nominal","2.0NRT",294.99,1.04,"N"
"15287",14.16941,99.04381,308.35,0.44,0.39,"2026-02-15",1910,"N20","nominal","2.0NRT",295.13,1.26,"N"
"15288",14.17811,98.92854,304.2,0.44,0.38,"2026-02-15",1910,"N20","nominal","2.0NRT",292.21,0.91,"N"
"15289",12.96186,105.55222,299.02,0.39,0.59,"2026-02-15",1910,"N20","nominal","2.0NRT",279.96,0.39,"N"
"15290",14.18086,98.86995,304.38,0.44,0.38,"2026-02-15",1910,"N20","nominal","2.0NRT",293.22,0.72,"N"
"15291",14.13563,98.94507,306.06,0.44,0.38,"2026-02-15",1910,"N20","nominal","2.0NRT",293.69,1.03,"N"
"15292",14.12799,98.92657,306.56,0.44,0.38,"2026-02-15",1910,"N20","nominal","2.0NRT",293.3,1.26,"N"
"15293",14.0695,99.1628,306.09,0.45,0.39,"2026-02-15",1910,"N20","nominal","2.0NRT",293.66,1.02,"N"
"15294",14.12404,98.79537,303.77,0.43,0.38,"2026-02-15",1910,"N20","nominal","2.0NRT",292.69,0.79,"N"
"15295",14.09229,98.98438,303.47,0.44,0.39,"2026-02-15",1910,"N20","nominal","2.0NRT",292.03,0.53,"N"
"15296",14.08876,98.83447,304.32,0.44,0.38,"2026-02-15",1910,"N20","nominal","2.0NRT",293.03,0.74,"N"
"15297",14.08808,98.83844,305.54,0.44,0.38,"2026-02-15",1910,"N20","nominal","2.0NRT",292.97,0.83,"N"
"15298",14.00364,99.22762,314.45,0.45,0.39,"2026-02-15",1910,"N20","nominal","2.0NRT",293.92,2.22,"N"
"15299",14.0001,99.22687,306,0.45,0.39,"2026-02-15",1910,"N20","nominal","2.0NRT",294.99,1.35,"N"
"15300",14.01003,99.08414,304.14,0.45,0.39,"2026-02-15",1910,"N20","nominal","2.0NRT",293.87,0.78,"N"
"15301",13.99661,99.11981,304.66,0.45,0.39,"2026-02-15",1910,"N20","nominal","2.0NRT",294.13,1.29,"N"
"15302",13.95371,99.20281,313.45,0.45,0.39,"2026-02-15",1910,"N20","nominal","2.0NRT",292.69,0.8,"N"
"15303",13.96909,99.09,310.21,0.45,0.39,"2026-02-15",1910,"N20","nominal","2.0NRT",294.82,2.35,"N"
"15304",13.96837,99.09423,305.21,0.45,0.39,"2026-02-15",1910,"N20","nominal","2.0NRT",294.98,2.02,"N"
"15305",12.79275,105.59442,307.25,0.39,0.6,"2026-02-15",1910,"N20","nominal","2.0NRT",284.16,0.82,"N"
"15306",13.94158,99.03776,305.15,0.45,0.39,"2026-02-15",1910,"N20","nominal","2.0NRT",293.04,0.96,"N"
"15307",13.86504,99.39896,306.59,0.46,0.39,"2026-02-15",1910,"N20","nominal","2.0NRT",294.03,1.46,"N"
"15308",13.35641,102.07911,313.46,0.45,0.47,"2026-02-15",1910,"N20","nominal","2.0NRT",290.34,1.07,"N"
"15309",13.35757,102.07737,317.06,0.45,0.47,"2026-02-15",1910,"N20","nominal","2.0NRT",290.14,1.49,"N"
"15310",13.84773,99.16415,304.71,0.45,0.39,"2026-02-15",1910,"N20","nominal","2.0NRT",293.27,1.15,"N"
"15311",13.32888,102.0421,303.6,0.45,0.47,"2026-02-15",1910,"N20","nominal","2.0NRT",290.27,0.45,"N"
"15312",12.38276,106.70559,311.81,0.48,0.64,"2026-02-15",1910,"N20","nominal","2.0NRT",287.88,1.71,"N"
"15313",13.6742,99.3055,305.35,0.46,0.39,"2026-02-15",1910,"N20","nominal","2.0NRT",293.32,0.84,"N"
"15314",13.67058,99.30511,307.46,0.46,0.39,"2026-02-15",1910,"N20","nominal","2.0NRT",292.77,0.84,"N"
"15315",13.66628,99.30863,310.77,0.46,0.39,"2026-02-15",1910,"N20","nominal","2.0NRT",293.23,1.65,"N"
"15316",12.12801,106.18169,318.95,0.44,0.63,"2026-02-15",1910,"N20","nominal","2.0NRT",285.7,1.87,"N"
"15317",13.41655,99.24621,303.19,0.46,0.39,"2026-02-15",1910,"N20","nominal","2.0NRT",292.87,1.13,"N"
"15318",13.40859,99.24975,305.14,0.46,0.39,"2026-02-15",1910,"N20","nominal","2.0NRT",293.12,1.09,"N"
"15319",13.40499,99.2492,307.86,0.46,0.39,"2026-02-15",1910,"N20","nominal","2.0NRT",292.72,1.09,"N"
"15320",13.40138,99.24874,303.02,0.46,0.39,"2026-02-15",1910,"N20","nominal","2.0NRT",292.66,0.93,"N"
"15321",13.39699,99.2529,303.3,0.46,0.39,"2026-02-15",1910,"N20","nominal","2.0NRT",291.73,0.93,"N"
"15322",12.13204,106.18143,317.88,0.44,0.63,"2026-02-15",1910,"N20","nominal","2.0NRT",285.8,1.63,"N"
"15323",13.38623,99.25101,308.62,0.46,0.39,"2026-02-15",1910,"N20","nominal","2.0NRT",291.86,1.7,"N"
"15324",13.3841,99.2418,307.01,0.46,0.39,"2026-02-15",1910,"N20","nominal","2.0NRT",292.7,1.14,"N"
"15325",12.02803,106.52822,303.43,0.47,0.64,"2026-02-15",1910,"N20","nominal","2.0NRT",286.24,0.66,"N"
"15326",12.64087,103.21548,302.92,0.55,0.51,"2026-02-15",1910,"N20","nominal","2.0NRT",289.82,0.51,"N"
"15327",12.5013,103.27605,312.15,0.56,0.51,"2026-02-15",1910,"N20","nominal","2.0NRT",290.01,2.21,"N"
"15328",12.39021,103.8336,302.43,0.61,0.53,"2026-02-15",1910,"N20","nominal","2.0NRT",289.06,3.32,"N"
"15329",12.38927,103.83852,310.63,0.61,0.53,"2026-02-15",1910,"N20","nominal","2.0NRT",289.39,2.58,"N"
"15330",12.39146,103.83776,313.51,0.61,0.53,"2026-02-15",1910,"N20","nominal","2.0NRT",289.42,4.01,"N"
"15331",12.50269,103.17587,302.89,0.55,0.51,"2026-02-15",1910,"N20","nominal","2.0NRT",290.17,2.12,"N"
"15332",12.26755,104.1207,312.37,0.32,0.55,"2026-02-15",1910,"N20","nominal","2.0NRT",287.82,1.32,"N"
"15333",12.44981,103.12518,303.26,0.54,0.51,"2026-02-15",1910,"N20","nominal","2.0NRT",289.13,0.73,"N"
"15334",12.34325,103.69379,301.4,0.6,0.53,"2026-02-15",1910,"N20","nominal","2.0NRT",287.5,1.2,"N"
"15335",12.44527,103.12394,303.79,0.54,0.51,"2026-02-15",1910,"N20","nominal","2.0NRT",289.99,1.65,"N"
"15336",12.73329,101.46086,303.06,0.42,0.45,"2026-02-15",1910,"N20","nominal","2.0NRT",291.41,0.34,"N"
"15337",12.36724,103.35895,326.33,0.57,0.52,"2026-02-15",1910,"N20","nominal","2.0NRT",288.7,3.18,"N"
"15338",12.19874,104.2108,308.32,0.32,0.55,"2026-02-15",1910,"N20","nominal","2.0NRT",285.96,1.03,"N"
"15339",12.365,103.36131,328.94,0.57,0.52,"2026-02-15",1910,"N20","nominal","2.0NRT",288.93,4.35,"N"
"15340",12.19837,104.21206,302.59,0.33,0.55,"2026-02-15",1910,"N20","nominal","2.0NRT",286.46,0.87,"N"
"15341",12.17901,104.17745,302.65,0.32,0.55,"2026-02-15",1910,"N20","nominal","2.0NRT",286.39,0.62,"N"
"15342",12.17359,104.1788,304.96,0.32,0.55,"2026-02-15",1910,"N20","nominal","2.0NRT",286.86,1.12,"N"
"15343",12.11387,104.30241,303.29,0.33,0.55,"2026-02-15",1910,"N20","nominal","2.0NRT",287.01,0.58,"N"
"15344",12.30122,103.26034,303.43,0.56,0.51,"2026-02-15",1910,"N20","nominal","2.0NRT",288.7,1.56,"N"
"15345",12.05052,104.34044,320.78,0.33,0.56,"2026-02-15",1910,"N20","nominal","2.0NRT",285.86,1.08,"N"
"15346",12.04996,104.34339,303.79,0.33,0.56,"2026-02-15",1910,"N20","nominal","2.0NRT",286.65,1.08,"N"
"15347",12.03623,104.30527,302.31,0.33,0.55,"2026-02-15",1910,"N20","nominal","2.0NRT",284.97,0.6,"N"
"15348",12.03211,104.3271,300.57,0.33,0.56,"2026-02-15",1910,"N20","nominal","2.0NRT",284.66,2.31,"N"
"15349",12.02721,104.32542,335.49,0.33,0.56,"2026-02-15",1910,"N20","nominal","2.0NRT",285.67,2.31,"N"
"15350",12.02658,104.32875,326.42,0.33,0.56,"2026-02-15",1910,"N20","nominal","2.0NRT",286.13,4.32,"N"
"15351",12.17778,103.10907,301.79,0.55,0.51,"2026-02-15",1910,"N20","nominal","2.0NRT",288.83,0.86,"N"
"15352",11.94026,104.2935,302.31,0.33,0.56,"2026-02-15",1910,"N20","nominal","2.0NRT",287.1,0.36,"N"
"15353",11.61651,104.2299,306.59,0.33,0.56,"2026-02-15",1910,"N20","nominal","2.0NRT",286.65,0.87,"N"
"15354",10.3813,108.36189,340.09,0.67,0.74,"2026-02-15",1910,"N20","nominal","2.0NRT",287.05,5.44,"N"
"15355",10.3825,108.35587,300.9,0.67,0.74,"2026-02-15",1910,"N20","nominal","2.0NRT",286.97,3.46,"N"
"15356",11.1667,99.49457,313.7,0.51,0.41,"2026-02-15",1910,"N20","nominal","2.0NRT",290.13,1.5,"N"
"15357",67.55116,83.18074,367,0.77,0.78,"2026-02-15",1855,"N20","high","2.0NRT",245.01,26.74,"N"
"15358",67.55247,83.19952,347.22,0.77,0.77,"2026-02-15",1855,"N20","nominal","2.0NRT",251.53,21.71,"N"
"15359",67.55081,83.17887,351.98,0.77,0.78,"2026-02-15",1855,"N20","nominal","2.0NRT",243.05,22.7,"N"
"15360",67.55207,83.19754,350.35,0.77,0.77,"2026-02-15",1855,"N20","nominal","2.0NRT",256.42,28.05,"N"
"15361",62.35051,113.76223,339.9,0.38,0.36,"2026-02-15",1855,"N20","nominal","2.0NRT",249.19,6.06,"N"
"15362",62.3542,113.69328,330.41,0.38,0.36,"2026-02-15",1855,"N20","nominal","2.0NRT",249.62,11.62,"N"
"15363",61.59423,113.05737,328.35,0.39,0.36,"2026-02-15",1855,"N20","nominal","2.0NRT",249.77,7.11,"N"
"15364",61.54282,113.16132,326.73,0.38,0.36,"2026-02-15",1855,"N20","nominal","2.0NRT",250.09,14.3,"N"
"15365",61.46188,113.00603,338.28,0.38,0.36,"2026-02-15",1855,"N20","nominal","2.0NRT",247.12,4.05,"N"
"15366",61.4072,112.88669,327.81,0.39,0.36,"2026-02-15",1855,"N20","nominal","2.0NRT",272,43.38,"N"
"15367",61.35039,112.80275,329.12,0.39,0.36,"2026-02-15",1855,"N20","nominal","2.0NRT",260.4,29.17,"N"
"15368",61.34613,112.80756,326.16,0.39,0.36,"2026-02-15",1855,"N20","nominal","2.0NRT",285.71,33.15,"N"
"15369",60.21097,109.92875,326.37,0.4,0.37,"2026-02-15",1857,"N20","nominal","2.0NRT",252.53,4.61,"N"
"15370",60.14928,109.09246,321.67,0.41,0.37,"2026-02-15",1857,"N20","nominal","2.0NRT",250.83,2.1,"N"
"15371",59.63968,108.12558,322.82,0.42,0.38,"2026-02-15",1857,"N20","nominal","2.0NRT",257.41,5.42,"N"
"15372",59.42211,102.51985,336.63,0.39,0.44,"2026-02-15",1857,"N20","nominal","2.0NRT",249.96,5.28,"N"
"15373",58.45149,107.59981,341.55,0.42,0.37,"2026-02-15",1857,"N20","nominal","2.0NRT",253.86,4.2,"N"
"15374",58.44812,107.59817,334.46,0.42,0.37,"2026-02-15",1857,"N20","nominal","2.0NRT",258.69,17.65,"N"
"15375",58.42762,107.57497,325,0.42,0.38,"2026-02-15",1857,"N20","nominal","2.0NRT",254.01,6.71,"N"
"15376",58.42424,107.57342,324.82,0.42,0.38,"2026-02-15",1857,"N20","nominal","2.0NRT",250.67,6.71,"N"
"15377",58.48197,107.02491,328.93,0.43,0.38,"2026-02-15",1857,"N20","nominal","2.0NRT",265.09,12.76,"N"
"15378",58.17064,106.5933,322.29,0.43,0.38,"2026-02-15",1857,"N20","nominal","2.0NRT",254.2,5.09,"N"
"15379",58.0946,106.56151,325.2,0.43,0.38,"2026-02-15",1857,"N20","nominal","2.0NRT",256.72,2.84,"N"
"15380",57.9486,107.15197,332.36,0.42,0.38,"2026-02-15",1857,"N20","nominal","2.0NRT",248.71,6.82,"N"
"15381",57.87699,105.88649,344.73,0.45,0.39,"2026-02-15",1857,"N20","nominal","2.0NRT",271.96,30.7,"N"
"15382",57.72539,106.03394,332.66,0.44,0.38,"2026-02-15",1857,"N20","nominal","2.0NRT",245.35,3.88,"N"
"15383",57.6837,106.07796,324.21,0.44,0.38,"2026-02-15",1857,"N20","nominal","2.0NRT",250.81,2.32,"N"
"15384",57.61633,105.6884,324.85,0.45,0.39,"2026-02-15",1857,"N20","nominal","2.0NRT",245.97,4.03,"N"
"15385",57.58718,105.91,320.71,0.44,0.39,"2026-02-15",1857,"N20","nominal","2.0NRT",250.01,1.54,"N"
"15386",57.56721,105.92451,337.21,0.44,0.39,"2026-02-15",1857,"N20","nominal","2.0NRT",263.31,9.78,"N"
"15387",57.56371,105.9231,330.5,0.44,0.39,"2026-02-15",1857,"N20","nominal","2.0NRT",258.8,9.78,"N"
"15388",57.56884,105.82616,320.18,0.44,0.39,"2026-02-15",1857,"N20","nominal","2.0NRT",247.17,1.69,"N"
"15389",57.53484,105.86627,340.25,0.44,0.39,"2026-02-15",1857,"N20","nominal","2.0NRT",250.02,9.35,"N"
"15390",56.85973,105.99083,326.31,0.43,0.38,"2026-02-15",1857,"N20","nominal","2.0NRT",247.41,6.34,"N"
"15391",55.17482,106.6451,327.54,0.41,0.37,"2026-02-15",1857,"N20","nominal","2.0NRT",244.09,3.6,"N"
"15392",54.27173,86.16141,323.71,0.74,0.76,"2026-02-15",1857,"N20","nominal","2.0NRT",254.43,7.68,"N"
"15393",70.37979,68.40198,331.42,0.41,0.61,"2026-02-15",2036,"N20","nominal","2.0NRT",242.54,2.35,"N"
"15394",62.3572,113.69035,353.49,0.42,0.61,"2026-02-15",2036,"N20","nominal","2.0NRT",240.98,5.39,"N"
"15395",62.3547,113.69643,337.34,0.42,0.61,"2026-02-15",2036,"N20","nominal","2.0NRT",243.02,5.39,"N"
"15396",62.35799,113.69275,367,0.42,0.61,"2026-02-15",2036,"N20","high","2.0NRT",240.58,11.21,"N"
"15397",62.35551,113.6989,343.93,0.42,0.61,"2026-02-15",2036,"N20","nominal","2.0NRT",242.63,10.28,"N"
"15398",68.41326,83.62553,327.91,0.52,0.42,"2026-02-15",2036,"N20","nominal","2.0NRT",249.16,8.78,"N"
"15399",68.41608,83.62162,342.82,0.52,0.42,"2026-02-15",2036,"N20","nominal","2.0NRT",248.78,7.52,"N"
"15400",68.52645,79.94746,321.16,0.42,0.45,"2026-02-15",2036,"N20","nominal","2.0NRT",246.45,1.59,"N"
"15401",61.59661,113.05867,332.08,0.44,0.62,"2026-02-15",2036,"N20","nominal","2.0NRT",243.37,2.73,"N"
"15402",61.54517,113.16632,346.74,0.44,0.63,"2026-02-15",2036,"N20","nominal","2.0NRT",245.84,4.86,"N"
"15403",61.54258,113.17268,323.72,0.44,0.63,"2026-02-15",2036,"N20","nominal","2.0NRT",245.65,8.7,"N"
"15404",61.54084,113.1582,329.63,0.44,0.63,"2026-02-15",2036,"N20","nominal","2.0NRT",244.24,4.86,"N"
"15405",61.41044,112.88724,347.19,0.44,0.63,"2026-02-15",2036,"N20","nominal","2.0NRT",245.64,16.87,"N"
"15406",61.40789,112.89355,347.09,0.44,0.63,"2026-02-15",2036,"N20","nominal","2.0NRT",263.7,22.1,"N"
"15407",61.35255,112.80496,367,0.44,0.63,"2026-02-15",2036,"N20","high","2.0NRT",251.23,28.33,"N"
"15408",61.34991,112.81142,341.77,0.44,0.63,"2026-02-15",2036,"N20","nominal","2.0NRT",264.55,23.6,"N"
"15409",61.34549,112.80355,367,0.44,0.63,"2026-02-15",2036,"N20","high","2.0NRT",264.14,23.6,"N"
"15410",61.35099,112.80312,367,0.44,0.63,"2026-02-15",2036,"N20","high","2.0NRT",252.59,19.33,"N"
"15411",61.34836,112.80964,340.72,0.44,0.63,"2026-02-15",2036,"N20","nominal","2.0NRT",275.11,19.33,"N"
"15412",61.34396,112.80173,344.01,0.44,0.63,"2026-02-15",2036,"N20","nominal","2.0NRT",248.91,19.33,"N"
"15413",67.59396,83.24026,330.9,0.52,0.41,"2026-02-15",2036,"N20","nominal","2.0NRT",248.62,4.88,"N"
"15414",67.55147,83.20776,327.04,0.52,0.41,"2026-02-15",2036,"N20","nominal","2.0NRT",269.22,47.37,"N"
"15415",67.54773,83.20543,332.57,0.52,0.41,"2026-02-15",2036,"N20","nominal","2.0NRT",250.98,4.32,"N"
"15416",67.27474,83.2095,338.93,0.51,0.41,"2026-02-15",2036,"N20","nominal","2.0NRT",251.05,15.44,"N"
"15417",67.28337,83.02798,325.46,0.52,0.41,"2026-02-15",2036,"N20","nominal","2.0NRT",251.41,4.32,"N"
"15418",67.50021,77.27847,335.63,0.47,0.48,"2026-02-15",2036,"N20","nominal","2.0NRT",245.92,6.82,"N"
"15419",66.8828,77.32679,331.78,0.46,0.47,"2026-02-15",2038,"N20","nominal","2.0NRT",250.73,3.49,"N"
"15420",66.95862,75.53859,323.64,0.52,0.5,"2026-02-15",2038,"N20","nominal","2.0NRT",246.01,2.52,"N"
"15421",66.86217,77.29731,336.76,0.47,0.47,"2026-02-15",2038,"N20","nominal","2.0NRT",249.76,7.64,"N"
"15422",66.90599,75.60083,338.04,0.52,0.5,"2026-02-15",2038,"N20","nominal","2.0NRT",243.03,5.7,"N"
"15423",66.47582,77.16563,326.67,0.46,0.47,"2026-02-15",2038,"N20","nominal","2.0NRT",245.96,2.67,"N"
"15424",60.14903,109.09097,367,0.4,0.6,"2026-02-15",2038,"N20","high","2.0NRT",257.6,16.5,"N"
"15425",60.14679,109.09696,350.11,0.4,0.6,"2026-02-15",2038,"N20","nominal","2.0NRT",255.55,15.08,"N"
"15426",66.24724,76.81363,334.76,0.47,0.48,"2026-02-15",2038,"N20","nominal","2.0NRT",251.71,21.42,"N"
"15427",66.20171,77.23431,323.54,0.46,0.47,"2026-02-15",2038,"N20","nominal","2.0NRT",244.73,2.36,"N"
"15428",66.02874,77.46166,333.17,0.45,0.47,"2026-02-15",2038,"N20","nominal","2.0NRT",245.55,6.65,"N"
"15429",59.77116,109.27737,327.88,0.42,0.61,"2026-02-15",2038,"N20","nominal","2.0NRT",250.7,2.54,"N"
"15430",65.85934,76.95296,352.42,0.46,0.47,"2026-02-15",2038,"N20","nominal","2.0NRT",246.45,8.84,"N"
"15431",65.82474,76.8569,326.55,0.47,0.47,"2026-02-15",2038,"N20","nominal","2.0NRT",239.41,3.03,"N"
"15432",59.78709,108.18945,340.11,0.39,0.6,"2026-02-15",2038,"N20","nominal","2.0NRT",251.6,3.74,"N"
"15433",65.08451,78.28261,321.3,0.42,0.45,"2026-02-15",2038,"N20","nominal","2.0NRT",249.47,1.67,"N"
"15434",58.45098,107.59437,330.3,0.43,0.62,"2026-02-15",2038,"N20","nominal","2.0NRT",249.31,12.42,"N"
"15435",58.44855,107.6009,347.65,0.43,0.62,"2026-02-15",2038,"N20","nominal","2.0NRT",263.88,12.42,"N"
"15436",58.4234,107.57394,354.52,0.43,0.62,"2026-02-15",2038,"N20","nominal","2.0NRT",255.66,13.31,"N"
"15437",58.48313,107.0232,367,0.41,0.61,"2026-02-15",2038,"N20","high","2.0NRT",259.84,6.52,"N"
"15438",58.48381,107.02352,367,0.41,0.61,"2026-02-15",2038,"N20","high","2.0NRT",259.66,8.17,"N"
"15439",57.95182,107.15265,331.09,0.44,0.62,"2026-02-15",2038,"N20","nominal","2.0NRT",242.53,3.54,"N"
"15440",58.09491,106.55977,346.71,0.42,0.61,"2026-02-15",2038,"N20","nominal","2.0NRT",254.38,3.43,"N"
"15441",63.4476,80.98135,321.72,0.51,0.41,"2026-02-15",2038,"N20","nominal","2.0NRT",249.96,2.43,"N"
"15442",57.87798,105.88477,367,0.4,0.6,"2026-02-15",2038,"N20","high","2.0NRT",249.78,9.37,"N"
"15443",57.87579,105.89091,353.13,0.4,0.6,"2026-02-15",2038,"N20","nominal","2.0NRT",252.78,9.37,"N"
"15444",57.7253,106.02863,335.29,0.41,0.61,"2026-02-15",2038,"N20","nominal","2.0NRT",245.34,3.88,"N"
"15445",57.74079,105.94767,337.13,0.41,0.61,"2026-02-15",2038,"N20","nominal","2.0NRT",247.97,4.36,"N"
"15446",57.68551,106.08231,336.15,0.42,0.61,"2026-02-15",2038,"N20","nominal","2.0NRT",247.49,3.09,"N"
"15447",57.56795,105.92138,355.34,0.42,0.61,"2026-02-15",2038,"N20","nominal","2.0NRT",244.37,5.95,"N"
"15448",57.56572,105.92755,348.11,0.42,0.61,"2026-02-15",2038,"N20","nominal","2.0NRT",246.63,5.95,"N"
"15449",57.56911,105.92202,326.69,0.42,0.61,"2026-02-15",2038,"N20","nominal","2.0NRT",242.61,7.32,"N"
"15450",57.56688,105.92828,329.87,0.42,0.61,"2026-02-15",2038,"N20","nominal","2.0NRT",246.54,5.56,"N"
"15451",57.56227,105.92216,367,0.42,0.61,"2026-02-15",2038,"N20","high","2.0NRT",246.19,5.56,"N"
"15452",57.53546,105.86404,328.39,0.42,0.61,"2026-02-15",2038,"N20","nominal","2.0NRT",240.95,3.1,"N"
"15453",57.42769,78.695,328.93,0.49,0.4,"2026-02-15",2040,"N20","nominal","2.0NRT",263.3,21.8,"N"
"15454",53.71157,91.08757,326.15,0.53,0.42,"2026-02-15",2040,"N20","nominal","2.0NRT",269.14,5.68,"N"
"15455",54.30183,86.13549,323.06,0.4,0.37,"2026-02-15",2040,"N20","nominal","2.0NRT",266.16,4.36,"N"
"15456",54.28564,86.14634,328.78,0.4,0.37,"2026-02-15",2040,"N20","nominal","2.0NRT",271.79,5.07,"N"
"15457",54.27014,86.16419,320.73,0.4,0.37,"2026-02-15",2040,"N20","nominal","2.0NRT",262.1,2.28,"N"
"15458",54.26696,86.18192,323.23,0.4,0.37,"2026-02-15",2040,"N20","nominal","2.0NRT",267.15,3.51,"N"
"15459",53.91222,83.42553,324.63,0.38,0.36,"2026-02-15",2040,"N20","nominal","2.0NRT",252.83,4.02,"N"
"15460",52.98104,84.67934,320.05,0.39,0.36,"2026-02-15",2040,"N20","nominal","2.0NRT",249.71,1.8,"N"
"15461",51.25777,75.63637,321.1,0.52,0.42,"2026-02-15",2042,"N20","nominal","2.0NRT",266.07,3.67,"N"
"15462",50.39991,80.18193,320.07,0.39,0.36,"2026-02-15",2042,"N20","nominal","2.0NRT",267.09,2.68,"N"
"15463",50.04102,73.01176,328.23,0.43,0.46,"2026-02-15",2042,"N20","nominal","2.0NRT",269.84,4.36,"N"
"15464",43.6978,95.04249,321.67,0.5,0.66,"2026-02-15",2042,"N20","nominal","2.0NRT",267.91,4.29,"N"
"15465",43.6793,95.0168,327.8,0.5,0.66,"2026-02-15",2042,"N20","nominal","2.0NRT",268.55,9.06,"N"
"15466",43.67747,95.02259,347.54,0.5,0.66,"2026-02-15",2042,"N20","nominal","2.0NRT",275.39,9.85,"N"
"15467",44.85178,90.93726,335.58,0.6,0.53,"2026-02-15",2042,"N20","nominal","2.0NRT",270.26,5.52,"N"
"15468",44.84804,90.93697,325.35,0.6,0.53,"2026-02-15",2042,"N20","nominal","2.0NRT",268.79,3.97,"N"
"15469",44.84996,90.92967,307.26,0.6,0.53,"2026-02-15",2042,"N20","nominal","2.0NRT",266.44,3.97,"N"
"15470",44.72504,90.26124,323.62,0.56,0.52,"2026-02-15",2042,"N20","nominal","2.0NRT",262.03,4.6,"N"
"15471",46.83478,74.94773,325.25,0.49,0.4,"2026-02-15",2042,"N20","nominal","2.0NRT",267.76,2.23,"N"
"15472",46.82505,74.93214,329.92,0.49,0.41,"2026-02-15",2042,"N20","nominal","2.0NRT",267.59,14.23,"N"
"15473",46.82135,74.93124,323.96,0.49,0.41,"2026-02-15",2042,"N20","nominal","2.0NRT",272.55,14.23,"N"
"15474",45.77203,65.63595,299.86,0.43,0.62,"2026-02-15",2044,"N20","nominal","2.0NRT",270.76,0.69,"N"
"15475",45.77092,65.63609,302.62,0.43,0.62,"2026-02-15",2044,"N20","nominal","2.0NRT",270.88,0.6,"N"
"15476",42.13835,83.11971,301.31,0.47,0.4,"2026-02-15",2044,"N20","nominal","2.0NRT",269.32,0.66,"N"
"15477",38.46834,65.77498,327.75,0.37,0.58,"2026-02-15",2046,"N20","nominal","2.0NRT",275.85,2.73,"N"
"15478",38.46809,65.7793,304.48,0.37,0.58,"2026-02-15",2046,"N20","nominal","2.0NRT",277.12,2.33,"N"
"15479",38.05564,67.25905,320.5,0.61,0.53,"2026-02-15",2046,"N20","nominal","2.0NRT",280.53,5.39,"N"
"15480",38.05516,67.26582,338.28,0.61,0.53,"2026-02-15",2046,"N20","nominal","2.0NRT",286.83,5.39,"N"
"15481",38.05072,67.2583,337.97,0.61,0.53,"2026-02-15",2046,"N20","nominal","2.0NRT",281.27,102.85,"N"
"15482",37.03909,62.41102,295.65,0.55,0.68,"2026-02-15",2046,"N20","nominal","2.0NRT",276.58,1.64,"N"
"15483",37.03273,62.41064,319.67,0.55,0.68,"2026-02-15",2046,"N20","nominal","2.0NRT",277.36,3.88,"N"
"15484",34.52139,72.6823,300.37,0.45,0.39,"2026-02-15",2046,"N20","nominal","2.0NRT",279.25,0.78,"N"
"15485",34.5178,72.68195,299.73,0.45,0.39,"2026-02-15",2046,"N20","nominal","2.0NRT",279.44,0.77,"N"
"15486",34.56904,72.25005,295.42,0.47,0.39,"2026-02-15",2046,"N20","nominal","2.0NRT",274.19,0.94,"N"
"15487",34.56544,72.24934,303.55,0.47,0.39,"2026-02-15",2046,"N20","nominal","2.0NRT",274.18,1.43,"N"
"15488",34.56484,72.25411,307.92,0.47,0.39,"2026-02-15",2046,"N20","nominal","2.0NRT",271.61,1.43,"N"
"15489",34.50807,72.70123,297.01,0.45,0.39,"2026-02-15",2046,"N20","nominal","2.0NRT",276.84,0.74,"N"
"15490",34.51171,72.64455,300.15,0.45,0.39,"2026-02-15",2046,"N20","nominal","2.0NRT",278.45,0.68,"N"
"15491",34.5064,72.68608,306.47,0.45,0.39,"2026-02-15",2046,"N20","nominal","2.0NRT",277.66,1.01,"N"
"15492",34.50512,72.69599,296.97,0.45,0.39,"2026-02-15",2046,"N20","nominal","2.0NRT",277.91,0.74,"N"
"15493",34.50884,72.63865,301.49,0.45,0.39,"2026-02-15",2046,"N20","nominal","2.0NRT",279.34,0.85,"N"
"15494",34.50821,72.64353,304.61,0.45,0.39,"2026-02-15",2046,"N20","nominal","2.0NRT",279.18,1.11,"N"
"15495",34.50761,72.64818,298.45,0.45,0.39,"2026-02-15",2046,"N20","nominal","2.0NRT",278.8,1.11,"N"
"15496",34.50226,72.69003,304.93,0.45,0.39,"2026-02-15",2046,"N20","nominal","2.0NRT",276.67,1.02,"N"
"15497",34.54642,72.22398,333.26,0.47,0.4,"2026-02-15",2046,"N20","nominal","2.0NRT",280.38,3.12,"N"
"15498",34.54288,72.22276,321.49,0.47,0.4,"2026-02-15",2046,"N20","nominal","2.0NRT",280.41,3.12,"N"
"15499",34.53934,72.22135,295.2,0.47,0.4,"2026-02-15",2046,"N20","nominal","2.0NRT",280.44,1.14,"N"
"15500",34.53798,72.2325,309.28,0.47,0.39,"2026-02-15",2046,"N20","nominal","2.0NRT",280.59,1.87,"N"
"15501",34.51871,72.11501,302,0.47,0.4,"2026-02-15",2046,"N20","nominal","2.0NRT",285.05,2.26,"N"
"15502",34.51509,72.11419,321.2,0.47,0.4,"2026-02-15",2046,"N20","nominal","2.0NRT",283.73,2.26,"N"
"15503",34.5145,72.11893,327.81,0.47,0.4,"2026-02-15",2046,"N20","nominal","2.0NRT",282.3,2.26,"N"
"15504",34.18599,73.7757,295.49,0.41,0.37,"2026-02-15",2046,"N20","nominal","2.0NRT",268.2,0.97,"N"
"15505",34.18264,73.77467,303.83,0.41,0.37,"2026-02-15",2046,"N20","nominal","2.0NRT",268.25,1.42,"N"
"15506",34.08721,72.66783,316.36,0.44,0.39,"2026-02-15",2046,"N20","nominal","2.0NRT",277.04,1.98,"N"
"15507",34.0831,72.67164,306.32,0.44,0.39,"2026-02-15",2046,"N20","nominal","2.0NRT",278.75,2,"N"
"15508",33.8245,72.8575,295.52,0.44,0.38,"2026-02-15",2046,"N20","nominal","2.0NRT",251.34,1.03,"N"
"15509",33.73091,73.55238,306.19,0.41,0.37,"2026-02-15",2046,"N20","nominal","2.0NRT",279.13,1.34,"N"
"15510",33.45452,74.07388,296.97,0.4,0.37,"2026-02-15",2046,"N20","nominal","2.0NRT",277.61,0.72,"N"
"15511",33.68348,71.68095,308.37,0.48,0.4,"2026-02-15",2046,"N20","nominal","2.0NRT",282.17,1.51,"N"
"15512",33.67429,71.69471,296.11,0.48,0.4,"2026-02-15",2046,"N20","nominal","2.0NRT",282.47,0.81,"N"
"15513",33.67721,71.51703,301.34,0.49,0.4,"2026-02-15",2046,"N20","nominal","2.0NRT",283.05,1.06,"N"
"15514",33.32657,72.63995,295.25,0.44,0.38,"2026-02-15",2046,"N20","nominal","2.0NRT",278.63,0.76,"N"
"15515",33.61361,69.985,313.4,0.39,0.44,"2026-02-15",2046,"N20","nominal","2.0NRT",265.89,2.16,"N"
"15516",33.61319,69.98886,318.7,0.39,0.44,"2026-02-15",2046,"N20","nominal","2.0NRT",263.68,2,"N"
"15517",33.23525,71.51234,301.66,0.48,0.4,"2026-02-15",2046,"N20","nominal","2.0NRT",275.32,0.53,"N"
"15518",32.80621,72.72675,304.31,0.43,0.38,"2026-02-15",2046,"N20","nominal","2.0NRT",280.61,1.1,"N"
"15519",32.80272,72.72614,298.86,0.43,0.38,"2026-02-15",2046,"N20","nominal","2.0NRT",279.22,0.51,"N"
"15520",32.72255,72.9253,298.95,0.42,0.38,"2026-02-15",2046,"N20","nominal","2.0NRT",284.22,1.03,"N"
"15521",32.71769,72.77609,304.25,0.43,0.38,"2026-02-15",2046,"N20","nominal","2.0NRT",284.36,1.02,"N"
"15522",31.98428,77.19162,297.36,0.4,0.37,"2026-02-15",2046,"N20","nominal","2.0NRT",275.37,0.67,"N"
"15523",32.57636,72.55999,300.58,0.43,0.38,"2026-02-15",2046,"N20","nominal","2.0NRT",287.97,0.92,"N"
"15524",32.57575,72.56458,305.25,0.43,0.38,"2026-02-15",2046,"N20","nominal","2.0NRT",289.41,0.92,"N"
"15525",32.29855,74.31664,296.42,0.39,0.36,"2026-02-15",2046,"N20","nominal","2.0NRT",284.23,0.53,"N"
"15526",31.74503,77.24921,297.69,0.41,0.37,"2026-02-15",2046,"N20","nominal","2.0NRT",279.77,0.47,"N"
"15527",32.13234,74.17877,312.22,0.39,0.36,"2026-02-15",2046,"N20","nominal","2.0NRT",288.04,1,"N"
"15528",32.10243,74.17267,304.41,0.39,0.36,"2026-02-15",2046,"N20","nominal","2.0NRT",285.98,0.61,"N"
"15529",32.08821,74.19953,296.39,0.39,0.36,"2026-02-15",2046,"N20","nominal","2.0NRT",285.48,0.38,"N"
"15530",32.09277,74.14513,297.5,0.39,0.36,"2026-02-15",2046,"N20","nominal","2.0NRT",285.49,0.6,"N"
"15531",32.08702,74.161,299.16,0.39,0.36,"2026-02-15",2046,"N20","nominal","2.0NRT",286.67,0.8,"N"
"15532",32.08641,74.16514,303.82,0.39,0.36,"2026-02-15",2046,"N20","nominal","2.0NRT",286.74,0.8,"N"
"15533",32.0837,74.16568,295.36,0.39,0.36,"2026-02-15",2046,"N20","nominal","2.0NRT",283.49,0.34,"N"
"15534",31.48599,77.53874,310.41,0.41,0.37,"2026-02-15",2046,"N20","nominal","2.0NRT",278.58,1.49,"N"
"15535",31.4826,77.53802,297.24,0.41,0.37,"2026-02-15",2046,"N20","nominal","2.0NRT",278.1,0.72,"N"
"15536",31.42189,77.50123,310.89,0.41,0.37,"2026-02-15",2046,"N20","nominal","2.0NRT",277.9,1.6,"N"
"15537",31.38251,77.5853,322.49,0.42,0.37,"2026-02-15",2046,"N20","nominal","2.0NRT",281.61,2.04,"N"
"15538",31.3818,77.58936,318.09,0.42,0.37,"2026-02-15",2046,"N20","nominal","2.0NRT",282.01,1.99,"N"
"15539",31.41309,76.83679,298.99,0.4,0.37,"2026-02-15",2046,"N20","nominal","2.0NRT",285,0.42,"N"
"15540",32.29401,70.73209,300.84,0.51,0.41,"2026-02-15",2046,"N20","nominal","2.0NRT",289.06,1.01,"N"
"15541",31.05268,78.77962,331.36,0.46,0.39,"2026-02-15",2046,"N20","nominal","2.0NRT",275.04,4.28,"N"
"15542",31.11368,78.31097,330.14,0.44,0.39,"2026-02-15",2046,"N20","nominal","2.0NRT",275.75,3.49,"N"
"15543",31.11011,78.31062,314.81,0.44,0.39,"2026-02-15",2046,"N20","nominal","2.0NRT",274.9,1.98,"N"
"15544",31.26488,77.37107,296.73,0.41,0.37,"2026-02-15",2046,"N20","nominal","2.0NRT",280.37,0.61,"N"
"15545",31.32733,76.89275,295.86,0.4,0.37,"2026-02-15",2046,"N20","nominal","2.0NRT",282.27,0.46,"N"
"15546",31.26085,76.92603,295.21,0.4,0.37,"2026-02-15",2046,"N20","nominal","2.0NRT",282.38,0.67,"N"
"15547",31.25015,76.92776,299.05,0.4,0.37,"2026-02-15",2046,"N20","nominal","2.0NRT",281.44,0.74,"N"
"15548",31.11927,77.63511,307.26,0.42,0.38,"2026-02-15",2046,"N20","nominal","2.0NRT",274.22,1.44,"N"
"15549",31.64357,74.42587,297.4,0.39,0.36,"2026-02-15",2046,"N20","nominal","2.0NRT",284.18,0.3,"N"
"15550",31.64234,74.434,298.14,0.39,0.36,"2026-02-15",2046,"N20","nominal","2.0NRT",284.23,0.53,"N"
"15551",31.61729,74.37538,301.32,0.39,0.36,"2026-02-15",2046,"N20","nominal","2.0NRT",285.38,0.62,"N"
"15552",31.64377,74.1538,296.25,0.39,0.36,"2026-02-15",2046,"N20","nominal","2.0NRT",285.66,0.49,"N"
"15553",31.60576,74.40651,298.74,0.39,0.36,"2026-02-15",2046,"N20","nominal","2.0NRT",287.76,0.49,"N"
"15554",31.60553,74.38552,296.72,0.39,0.36,"2026-02-15",2046,"N20","nominal","2.0NRT",286.19,0.39,"N"
"15555",30.6183,79.2168,297.08,0.49,0.4,"2026-02-15",2046,"N20","nominal","2.0NRT",277.29,0.83,"N"
"15556",30.89976,77.6573,303.85,0.42,0.38,"2026-02-15",2046,"N20","nominal","2.0NRT",278.23,1.07,"N"
"15557",30.08986,80.6305,299.79,0.39,0.44,"2026-02-15",2046,"N20","nominal","2.0NRT",275.29,0.76,"N"
"15558",30.10912,79.47734,298.95,0.51,0.41,"2026-02-15",2046,"N20","nominal","2.0NRT",280.72,1.16,"N"
"15559",30.02664,79.5771,302.93,0.52,0.41,"2026-02-15",2046,"N20","nominal","2.0NRT",279.61,1.13,"N"
"15560",29.99093,79.36011,298.53,0.51,0.41,"2026-02-15",2046,"N20","nominal","2.0NRT",280.77,0.79,"N"
"15561",29.90809,79.44125,297.6,0.51,0.41,"2026-02-15",2046,"N20","nominal","2.0NRT",281.74,1.35,"N"
"15562",29.84568,79.41744,301.43,0.51,0.41,"2026-02-15",2046,"N20","nominal","2.0NRT",281.74,0.91,"N"
"15563",29.52298,80.75,313.23,0.41,0.45,"2026-02-15",2046,"N20","nominal","2.0NRT",281.3,1.38,"N"
"15564",30.26486,75.17339,301.75,0.38,0.36,"2026-02-15",2046,"N20","nominal","2.0NRT",285.6,0.55,"N"
"15565",30.82433,70.1238,304.67,0.53,0.42,"2026-02-15",2048,"N20","nominal","2.0NRT",278.99,1.15,"N"
"15566",28.07042,84.9134,328.93,0.38,0.59,"2026-02-15",2048,"N20","nominal","2.0NRT",280.96,2.45,"N"
"15567",27.80061,84.92978,313.27,0.39,0.59,"2026-02-15",2048,"N20","nominal","2.0NRT",283.17,1.27,"N"
"15568",27.80324,84.93058,316.96,0.39,0.59,"2026-02-15",2048,"N20","nominal","2.0NRT",283.4,1.33,"N"
"15569",30.17692,70.13657,302.59,0.52,0.42,"2026-02-15",2048,"N20","nominal","2.0NRT",285.45,0.9,"N"
"15570",30.17313,70.13586,304.89,0.52,0.42,"2026-02-15",2048,"N20","nominal","2.0NRT",286.91,1.58,"N"
"15571",29.20056,76.22871,326.95,0.4,0.37,"2026-02-15",2048,"N20","nominal","2.0NRT",284.59,4.13,"N"
"15572",29.1257,75.77947,301.85,0.39,0.36,"2026-02-15",2048,"N20","nominal","2.0NRT",285.96,0.59,"N"
"15573",28.82816,77.15376,298.55,0.43,0.38,"2026-02-15",2048,"N20","nominal","2.0NRT",283.06,0.36,"N"
"15574",30.086,68.19769,297.87,0.44,0.46,"2026-02-15",2048,"N20","nominal","2.0NRT",281.23,0.72,"N"
"15575",28.82145,76.85069,304.97,0.42,0.37,"2026-02-15",2048,"N20","nominal","2.0NRT",283.82,0.77,"N"
"15576",28.72901,77.15568,296.65,0.43,0.38,"2026-02-15",2048,"N20","nominal","2.0NRT",285.64,0.27,"N"
"15577",29.8718,69.27518,302.58,0.57,0.43,"2026-02-15",2048,"N20","nominal","2.0NRT",282.71,0.96,"N"
"15578",29.8678,69.27478,301.08,0.57,0.43,"2026-02-15",2048,"N20","nominal","2.0NRT",281.5,1.48,"N"
"15579",29.86705,69.28129,316.64,0.57,0.43,"2026-02-15",2048,"N20","nominal","2.0NRT",281.35,1.48,"N"
"15580",29.86594,69.25577,314.82,0.57,0.43,"2026-02-15",2048,"N20","nominal","2.0NRT",282.29,1.85,"N"
"15581",29.86523,69.26196,296.29,0.57,0.43,"2026-02-15",2048,"N20","nominal","2.0NRT",282.49,1.27,"N"
"15582",29.86451,69.2682,301.37,0.57,0.43,"2026-02-15",2048,"N20","nominal","2.0NRT",281.83,1.27,"N"
"15583",29.86304,69.28106,314.51,0.57,0.43,"2026-02-15",2048,"N20","nominal","2.0NRT",281.12,1.48,"N"
"15584",29.86198,69.25503,328.06,0.57,0.43,"2026-02-15",2048,"N20","nominal","2.0NRT",284.17,5.7,"N"
"15585",29.86123,69.26154,298.92,0.57,0.43,"2026-02-15",2048,"N20","nominal","2.0NRT",281.33,1.89,"N"
"15586",29.85906,69.28043,299.71,0.57,0.43,"2026-02-15",2048,"N20","nominal","2.0NRT",280.39,0.8,"N"
"15587",28.74438,76.92765,302.27,0.42,0.38,"2026-02-15",2048,"N20","nominal","2.0NRT",284.85,0.71,"N"
"15588",29.85578,69.27383,300.85,0.57,0.43,"2026-02-15",2048,"N20","nominal","2.0NRT",280.41,0.8,"N"
"15589",29.85467,69.24812,307.15,0.57,0.43,"2026-02-15",2048,"N20","nominal","2.0NRT",282.46,1.37,"N"
"15590",29.85184,69.27294,310.71,0.57,0.43,"2026-02-15",2048,"N20","nominal","2.0NRT",282.35,1.32,"N"
"15591",29.85273,69.22955,318.85,0.38,0.43,"2026-02-15",2048,"N20","nominal","2.0NRT",283.14,1.16,"N"
"15592",29.85225,69.23371,302.52,0.38,0.43,"2026-02-15",2048,"N20","nominal","2.0NRT",283.56,1.16,"N"
"15593",29.85177,69.23801,319.09,0.38,0.43,"2026-02-15",2048,"N20","nominal","2.0NRT",284.53,1.81,"N"
"15594",29.84857,69.26616,301,0.57,0.43,"2026-02-15",2048,"N20","nominal","2.0NRT",282.11,1.32,"N"
"15595",29.84793,69.27175,302.35,0.57,0.43,"2026-02-15",2048,"N20","nominal","2.0NRT",283.87,1.32,"N"
"15596",29.84867,69.22963,324.95,0.38,0.43,"2026-02-15",2048,"N20","nominal","2.0NRT",284.43,2.67,"N"
"15597",29.84914,69.22553,299.79,0.38,0.43,"2026-02-15",2048,"N20","nominal","2.0NRT",283.73,2.9,"N"
"15598",29.8477,69.2382,317.55,0.38,0.43,"2026-02-15",2048,"N20","nominal","2.0NRT",282.73,1.39,"N"
"15599",29.84463,69.26518,308.39,0.57,0.43,"2026-02-15",2048,"N20","nominal","2.0NRT",283.37,0.93,"N"
"15600",29.84555,69.22148,336.99,0.38,0.43,"2026-02-15",2048,"N20","nominal","2.0NRT",283.98,2.9,"N"
"15601",29.84132,69.25874,296.28,0.57,0.43,"2026-02-15",2048,"N20","nominal","2.0NRT",282.42,0.93,"N"
"15602",29.84071,69.26409,302.96,0.57,0.43,"2026-02-15",2048,"N20","nominal","2.0NRT",283.44,0.93,"N"
"15603",29.83739,69.25777,300.47,0.57,0.43,"2026-02-15",2048,"N20","nominal","2.0NRT",282.14,1.55,"N"
"15604",29.83678,69.26305,308.09,0.57,0.43,"2026-02-15",2048,"N20","nominal","2.0NRT",281.96,1.55,"N"
"15605",29.83344,69.25681,316.6,0.57,0.43,"2026-02-15",2048,"N20","nominal","2.0NRT",284.42,1.55,"N"
"15606",29.83294,69.22562,296.51,0.38,0.43,"2026-02-15",2048,"N20","nominal","2.0NRT",280.65,0.34,"N"
"15607",29.83067,69.24567,305.95,0.57,0.43,"2026-02-15",2048,"N20","nominal","2.0NRT",284.07,2.33,"N"
"15608",29.82805,69.23299,314.13,0.38,0.43,"2026-02-15",2048,"N20","nominal","2.0NRT",282.6,1.57,"N"
"15609",29.82764,69.23669,306.81,0.38,0.43,"2026-02-15",2048,"N20","nominal","2.0NRT",283.54,1.31,"N"
"15610",29.82723,69.24025,314.22,0.38,0.43,"2026-02-15",2048,"N20","nominal","2.0NRT",283.12,1.31,"N"
"15611",28.34644,77.25868,308.55,0.44,0.38,"2026-02-15",2048,"N20","nominal","2.0NRT",283.95,0.5,"N"
"15612",28.29836,77.21736,299.37,0.43,0.38,"2026-02-15",2048,"N20","nominal","2.0NRT",282.78,0.69,"N"
"15613",26.75978,83.19778,302.58,0.32,0.55,"2026-02-15",2048,"N20","nominal","2.0NRT",288.27,0.97,"N"
"15614",27.67,76.13046,305.6,0.41,0.37,"2026-02-15",2048,"N20","nominal","2.0NRT",288.69,0.94,"N"
"15615",27.6693,76.13454,301.69,0.41,0.37,"2026-02-15",2048,"N20","nominal","2.0NRT",288.62,0.94,"N"
"15616",27.66664,76.12972,296.15,0.41,0.37,"2026-02-15",2048,"N20","nominal","2.0NRT",285.76,0.8,"N"
"15617",28.42582,69.70235,304.01,0.52,0.42,"2026-02-15",2048,"N20","nominal","2.0NRT",289.79,1.21,"N"
"15618",25.03296,87.37385,298.59,0.63,0.72,"2026-02-15",2048,"N20","nominal","2.0NRT",287.62,1.51,"N"
"15619",26.64304,79.47884,317.35,0.39,0.44,"2026-02-15",2048,"N20","nominal","2.0NRT",286.12,1.87,"N"
"15620",28.05161,69.36858,302.84,0.54,0.42,"2026-02-15",2048,"N20","nominal","2.0NRT",287.57,1.02,"N"
"15621",27.09532,73.42153,295.53,0.39,0.36,"2026-02-15",2048,"N20","nominal","2.0NRT",285.08,0.3,"N"
"15622",26.92855,73.46639,298.16,0.39,0.36,"2026-02-15",2048,"N20","nominal","2.0NRT",285.7,0.93,"N"
"15623",26.8939,73.51523,298.3,0.39,0.36,"2026-02-15",2048,"N20","nominal","2.0NRT",285.91,0.34,"N"
"15624",26.88638,73.49794,297.92,0.39,0.36,"2026-02-15",2048,"N20","nominal","2.0NRT",285.67,0.43,"N"
"15625",26.88072,73.51269,305.91,0.39,0.36,"2026-02-15",2048,"N20","nominal","2.0NRT",287.07,0.73,"N"
"15626",26.87743,73.51205,297.93,0.39,0.36,"2026-02-15",2048,"N20","nominal","2.0NRT",285.89,0.73,"N"
"15627",26.87683,73.51591,305.39,0.39,0.36,"2026-02-15",2048,"N20","nominal","2.0NRT",287.37,0.73,"N"
"15628",26.87354,73.51527,299.25,0.39,0.36,"2026-02-15",2048,"N20","nominal","2.0NRT",286.32,0.66,"N"
"15629",26.86906,73.52234,297.29,0.39,0.36,"2026-02-15",2048,"N20","nominal","2.0NRT",286.14,0.82,"N"
"15630",24.12018,86.3477,297.07,0.57,0.69,"2026-02-15",2048,"N20","nominal","2.0NRT",285.46,1.2,"N"
"15631",26.60573,73.68362,303.7,0.38,0.36,"2026-02-15",2048,"N20","nominal","2.0NRT",288.84,1.28,"N"
"15632",23.69768,87.1028,302.16,0.65,0.73,"2026-02-15",2048,"N20","nominal","2.0NRT",287.9,1.69,"N"
"15633",23.69609,87.10902,299.47,0.65,0.73,"2026-02-15",2048,"N20","nominal","2.0NRT",288.52,1.69,"N"
"15634",23.69451,87.11525,302.2,0.65,0.73,"2026-02-15",2048,"N20","nominal","2.0NRT",289.59,1.85,"N"
"15635",23.69292,87.1215,310.51,0.65,0.73,"2026-02-15",2048,"N20","nominal","2.0NRT",291,1.85,"N"
"15636",23.69121,87.10082,299.67,0.65,0.73,"2026-02-15",2048,"N20","nominal","2.0NRT",289.14,1.69,"N"
"15637",23.68641,87.11961,299.1,0.65,0.73,"2026-02-15",2048,"N20","nominal","2.0NRT",287.91,1.85,"N"
"15638",23.80658,86.32568,304,0.58,0.7,"2026-02-15",2048,"N20","nominal","2.0NRT",290.85,2.63,"N"
"15639",23.80521,86.33106,304.45,0.58,0.7,"2026-02-15",2048,"N20","nominal","2.0NRT",290.62,2.25,"N"
"15640",26.29793,74.12437,307.92,0.38,0.36,"2026-02-15",2048,"N20","nominal","2.0NRT",292.08,0.95,"N"
"15641",23.61295,87.14394,298.56,0.66,0.73,"2026-02-15",2048,"N20","nominal","2.0NRT",287.83,0.94,"N"
"15642",26.2738,74.19044,302.92,0.38,0.36,"2026-02-15",2048,"N20","nominal","2.0NRT",291.41,1.01,"N"
"15643",23.80298,86.32908,307,0.58,0.7,"2026-02-15",2048,"N20","nominal","2.0NRT",291.38,3.44,"N"
"15644",23.79747,86.35136,307.76,0.58,0.7,"2026-02-15",2048,"N20","nominal","2.0NRT",291.2,2.75,"N"
"15645",23.78168,86.3881,303.5,0.59,0.7,"2026-02-15",2048,"N20","nominal","2.0NRT",289.84,2.94,"N"
"15646",26.26722,74.18915,302.96,0.38,0.36,"2026-02-15",2048,"N20","nominal","2.0NRT",292.3,1.8,"N"
"15647",23.78914,86.33112,299.15,0.58,0.7,"2026-02-15",2048,"N20","nominal","2.0NRT",287.62,2.07,"N"
"15648",23.76497,86.40145,319.07,0.59,0.7,"2026-02-15",2048,"N20","nominal","2.0NRT",291.56,3.04,"N"
"15649",23.7587,86.39971,308.32,0.59,0.7,"2026-02-15",2048,"N20","nominal","2.0NRT",289.52,3.04,"N"
"15650",23.75381,86.39248,303.12,0.59,0.7,"2026-02-15",2048,"N20","nominal","2.0NRT",285.81,1.05,"N"
"15651",23.75243,86.39798,301.45,0.59,0.7,"2026-02-15",2048,"N20","nominal","2.0NRT",286.71,1.05,"N"
"15652",23.73779,86.42966,309.41,0.59,0.7,"2026-02-15",2048,"N20","nominal","2.0NRT",288.84,2.81,"N"
"15653",23.73638,86.4353,304.04,0.59,0.7,"2026-02-15",2048,"N20","nominal","2.0NRT",291.77,2.75,"N"
"15654",23.56549,87.08297,309.95,0.65,0.73,"2026-02-15",2048,"N20","nominal","2.0NRT",288.68,2.75,"N"
"15655",23.51712,87.27148,299.06,0.67,0.74,"2026-02-15",2048,"N20","nominal","2.0NRT",287.1,1.41,"N"
"15656",23.78064,86.20507,318.57,0.57,0.69,"2026-02-15",2048,"N20","nominal","2.0NRT",290.94,3.49,"N"
"15657",23.71334,86.44673,320.69,0.59,0.7,"2026-02-15",2048,"N20","nominal","2.0NRT",291.13,3.18,"N"
"15658",26.25825,74.09692,309.05,0.38,0.36,"2026-02-15",2048,"N20","nominal","2.0NRT",290.86,0.63,"N"
"15659",23.68701,86.39143,312.73,0.59,0.7,"2026-02-15",2048,"N20","nominal","2.0NRT",291.17,2.88,"N"
"15660",23.68072,86.38977,303.71,0.59,0.7,"2026-02-15",2048,"N20","nominal","2.0NRT",286.92,2.88,"N"
"15661",23.67933,86.3952,313.96,0.59,0.7,"2026-02-15",2048,"N20","nominal","2.0NRT",293.51,5.76,"N"
"15662",23.71198,86.44362,302.86,0.59,0.7,"2026-02-15",2048,"N20","nominal","2.0NRT",287.48,1.53,"N"
"15663",23.7106,86.44921,301.72,0.59,0.7,"2026-02-15",2048,"N20","nominal","2.0NRT",289.09,1.53,"N"
"15664",23.61369,86.78668,307.76,0.63,0.72,"2026-02-15",2048,"N20","nominal","2.0NRT",289.45,1.81,"N"
"15665",23.68538,86.38814,304.56,0.59,0.7,"2026-02-15",2048,"N20","nominal","2.0NRT",288.5,2.28,"N"
"15666",23.68404,86.39355,313.41,0.59,0.7,"2026-02-15",2048,"N20","nominal","2.0NRT",292.62,2.28,"N"
"15667",23.67775,86.39189,307.79,0.59,0.7,"2026-02-15",2048,"N20","nominal","2.0NRT",287.69,2.28,"N"
"15668",23.67637,86.39743,313.22,0.59,0.7,"2026-02-15",2048,"N20","nominal","2.0NRT",293.07,5.35,"N"
"15669",23.7593,85.8489,296.78,0.54,0.68,"2026-02-15",2048,"N20","nominal","2.0NRT",285.02,1.04,"N"
"15670",23.68559,86.09295,306.68,0.57,0.69,"2026-02-15",2048,"N20","nominal","2.0NRT",289.02,2.28,"N"
"15671",23.63496,86.29512,297.95,0.58,0.7,"2026-02-15",2048,"N20","nominal","2.0NRT",286.07,1.24,"N"
"15672",23.82622,85.499,300.93,0.52,0.67,"2026-02-15",2048,"N20","nominal","2.0NRT",290.06,2.14,"N"
"15673",23.55219,86.54269,297.62,0.61,0.71,"2026-02-15",2048,"N20","nominal","2.0NRT",287.57,1.64,"N"
"15674",23.78772,85.55177,300.53,0.52,0.67,"2026-02-15",2048,"N20","nominal","2.0NRT",288.1,0.98,"N"
"15675",23.82536,85.49669,300.35,0.52,0.67,"2026-02-15",2048,"N20","nominal","2.0NRT",289.68,2.19,"N"
"15676",23.68237,86.09034,302.18,0.57,0.69,"2026-02-15",2048,"N20","nominal","2.0NRT",288.67,2.72,"N"
"15677",23.68106,86.09571,299.86,0.57,0.69,"2026-02-15",2048,"N20","nominal","2.0NRT",288.68,2.34,"N"
"15678",23.67755,86.08308,303.04,0.57,0.69,"2026-02-15",2048,"N20","nominal","2.0NRT",289.27,2.45,"N"
"15679",23.6688,86.09195,301.41,0.57,0.69,"2026-02-15",2048,"N20","nominal","2.0NRT",288.89,1.92,"N"
"15680",23.79322,85.55119,299.99,0.52,0.67,"2026-02-15",2048,"N20","nominal","2.0NRT",288.07,0.64,"N"
"15681",23.55172,86.54135,297.25,0.61,0.71,"2026-02-15",2048,"N20","nominal","2.0NRT",286.53,1.51,"N"
"15682",23.78723,85.54963,300.78,0.52,0.67,"2026-02-15",2048,"N20","nominal","2.0NRT",286.87,0.64,"N"
"15683",26.98639,67.2216,301.41,0.46,0.47,"2026-02-15",2048,"N20","nominal","2.0NRT",290.84,0.29,"N"
"15684",23.70893,85.4015,298.6,0.51,0.66,"2026-02-15",2048,"N20","nominal","2.0NRT",283.81,0.5,"N"
"15685",23.6643,85.5515,296.73,0.52,0.67,"2026-02-15",2048,"N20","nominal","2.0NRT",284.95,0.45,"N"
"15686",23.69636,85.36585,299.03,0.51,0.66,"2026-02-15",2048,"N20","nominal","2.0NRT",285.62,0.88,"N"
"15687",23.71025,85.28202,295.8,0.5,0.66,"2026-02-15",2048,"N20","nominal","2.0NRT",285.44,0.5,"N"
"15688",23.65602,85.50654,300.28,0.52,0.67,"2026-02-15",2048,"N20","nominal","2.0NRT",287.11,1.04,"N"
"15689",23.64775,85.43578,315.6,0.52,0.67,"2026-02-15",2048,"N20","nominal","2.0NRT",286.27,1.81,"N"
"15690",24.52913,81.16985,299.28,0.54,0.51,"2026-02-15",2048,"N20","nominal","2.0NRT",288.39,1.02,"N"
"15691",24.1851,82.66228,297.83,0.34,0.56,"2026-02-15",2048,"N20","nominal","2.0NRT",287.06,0.55,"N"
"15692",24.17724,82.67368,313.21,0.34,0.56,"2026-02-15",2048,"N20","nominal","2.0NRT",287.75,0.97,"N"
"15693",24.16744,82.62276,298.45,0.34,0.56,"2026-02-15",2048,"N20","nominal","2.0NRT",286.83,0.46,"N"
"15694",24.16391,82.61489,303.75,0.34,0.56,"2026-02-15",2048,"N20","nominal","2.0NRT",287.24,0.49,"N"
"15695",24.15373,82.63658,298.39,0.34,0.56,"2026-02-15",2048,"N20","nominal","2.0NRT",287.87,0.58,"N"
"15696",24.15906,82.56599,298.74,0.33,0.56,"2026-02-15",2048,"N20","nominal","2.0NRT",288.35,0.34,"N"
"15697",24.14362,82.63434,300.47,0.34,0.56,"2026-02-15",2048,"N20","nominal","2.0NRT",287.69,0.8,"N"
"15698",24.14532,82.63328,299.39,0.34,0.56,"2026-02-15",2048,"N20","nominal","2.0NRT",288.49,0.61,"N"
"15699",24.14458,82.63667,301.11,0.34,0.56,"2026-02-15",2048,"N20","nominal","2.0NRT",288.39,0.65,"N"
"15700",24.16651,80.69448,301.17,0.51,0.49,"2026-02-15",2048,"N20","nominal","2.0NRT",286.21,1.47,"N"
"15701",26.0945,68.87528,303.07,0.54,0.42,"2026-02-15",2048,"N20","nominal","2.0NRT",289.69,1.1,"N"
"15702",26.09385,68.8807,306.05,0.54,0.42,"2026-02-15",2048,"N20","nominal","2.0NRT",290.01,0.95,"N"
"15703",26.09307,68.87875,306.7,0.54,0.42,"2026-02-15",2048,"N20","nominal","2.0NRT",289.87,1.9,"N"
"15704",22.87656,86.06362,303.56,0.59,0.7,"2026-02-15",2048,"N20","nominal","2.0NRT",287.67,1.88,"N"
"15705",22.79044,86.19473,309.37,0.6,0.71,"2026-02-15",2048,"N20","nominal","2.0NRT",290.64,2.35,"N"
"15706",22.78766,86.20587,306.03,0.6,0.71,"2026-02-15",2048,"N20","nominal","2.0NRT",290.87,4.2,"N"
"15707",22.80093,86.12556,297.56,0.59,0.7,"2026-02-15",2048,"N20","nominal","2.0NRT",286.79,1.25,"N"
"15708",22.80306,86.09009,306.87,0.59,0.7,"2026-02-15",2048,"N20","nominal","2.0NRT",289.95,1.85,"N"
"15709",22.78959,86.19326,299.2,0.6,0.71,"2026-02-15",2048,"N20","nominal","2.0NRT",289.02,3.03,"N"
"15710",22.78689,86.20438,313.3,0.6,0.71,"2026-02-15",2048,"N20","nominal","2.0NRT",291.67,2.89,"N"
"15711",22.80161,86.08822,311.59,0.59,0.7,"2026-02-15",2048,"N20","nominal","2.0NRT",287.7,1.84,"N"
"15712",22.37808,87.27915,317.48,0.72,0.75,"2026-02-15",2048,"N20","nominal","2.0NRT",292.47,3.95,"N"
"15713",22.36613,87.2974,302.45,0.72,0.75,"2026-02-15",2048,"N20","nominal","2.0NRT",289.43,2.71,"N"
"15714",22.37753,87.27703,320.23,0.72,0.75,"2026-02-15",2048,"N20","nominal","2.0NRT",291.25,3.95,"N"
"15715",22.364,87.30204,300.69,0.72,0.76,"2026-02-15",2048,"N20","nominal","2.0NRT",290.41,2.45,"N"
"15716",22.36461,87.01667,311.8,0.69,0.74,"2026-02-15",2048,"N20","nominal","2.0NRT",290.89,3.13,"N"
"15717",22.60852,85.91124,300.92,0.58,0.7,"2026-02-15",2048,"N20","nominal","2.0NRT",286.79,1.45,"N"
"15718",24.71403,75.95316,300.94,0.43,0.38,"2026-02-15",2048,"N20","nominal","2.0NRT",289.64,0.84,"N"
"15719",24.93356,74.63506,307.43,0.39,0.36,"2026-02-15",2048,"N20","nominal","2.0NRT",290.79,1.66,"N"
"15720",24.48217,77.14764,296.4,0.48,0.4,"2026-02-15",2048,"N20","nominal","2.0NRT",286.07,0.61,"N"
"15721",22.36927,87.01771,307.5,0.69,0.74,"2026-02-15",2048,"N20","nominal","2.0NRT",289.91,1.77,"N"
"15722",22.36262,87.01585,298.99,0.69,0.74,"2026-02-15",2048,"N20","nominal","2.0NRT",288.59,1.77,"N"
"15723",22.61268,85.91082,298.75,0.58,0.7,"2026-02-15",2048,"N20","nominal","2.0NRT",286.04,1.56,"N"
"15724",22.57801,85.88911,300.43,0.58,0.7,"2026-02-15",2048,"N20","nominal","2.0NRT",286.33,1.62,"N"
"15725",22.57668,85.89458,305.47,0.58,0.7,"2026-02-15",2048,"N20","nominal","2.0NRT",288.51,1.62,"N"
"15726",24.3493,77.60007,295.35,0.51,0.41,"2026-02-15",2048,"N20","nominal","2.0NRT",282.23,0.63,"N"
"15727",23.99018,79.39142,302.23,0.43,0.46,"2026-02-15",2048,"N20","nominal","2.0NRT",289.64,0.74,"N"
"15728",24.76453,74.60728,318.52,0.39,0.36,"2026-02-15",2048,"N20","nominal","2.0NRT",293.56,2.47,"N"
"15729",24.71648,74.66927,304.92,0.39,0.36,"2026-02-15",2048,"N20","nominal","2.0NRT",290.59,0.83,"N"
"15730",24.97703,73.00534,297.2,0.39,0.36,"2026-02-15",2048,"N20","nominal","2.0NRT",286.26,0.36,"N"
"15731",24.97644,73.00913,299.62,0.39,0.36,"2026-02-15",2048,"N20","nominal","2.0NRT",286.49,0.45,"N"
"15732",24.69133,74.68098,307.27,0.39,0.37,"2026-02-15",2048,"N20","nominal","2.0NRT",291.93,1.02,"N"
"15733",22.39506,85.76971,296.4,0.58,0.7,"2026-02-15",2048,"N20","nominal","2.0NRT",284.81,0.66,"N"
"15734",24.66118,74.63521,304.25,0.39,0.36,"2026-02-15",2048,"N20","nominal","2.0NRT",292.94,1.37,"N"
"15735",23.16946,82.34377,321.73,0.34,0.56,"2026-02-15",2048,"N20","nominal","2.0NRT",291.48,2.34,"N"
"15736",23.17018,82.34052,309.15,0.34,0.56,"2026-02-15",2048,"N20","nominal","2.0NRT",287.95,2.34,"N"
"15737",23.16585,82.33607,340.11,0.34,0.56,"2026-02-15",2048,"N20","nominal","2.0NRT",291.12,5.29,"N"
"15738",23.16512,82.33936,331.63,0.34,0.56,"2026-02-15",2048,"N20","nominal","2.0NRT",290.69,2.34,"N"
"15739",24.64288,74.6833,305.84,0.39,0.37,"2026-02-15",2048,"N20","nominal","2.0NRT",291.52,1.07,"N"
"15740",24.82357,73.09451,304.84,0.38,0.36,"2026-02-15",2048,"N20","nominal","2.0NRT",291.25,1.11,"N"
"15741",24.82028,73.09389,307.03,0.38,0.36,"2026-02-15",2048,"N20","nominal","2.0NRT",292.95,1.11,"N"
"15742",24.69009,73.74746,304.01,0.38,0.36,"2026-02-15",2048,"N20","nominal","2.0NRT",289.47,0.38,"N"
"15743",24.68681,73.74681,321.04,0.38,0.36,"2026-02-15",2048,"N20","nominal","2.0NRT",289.05,1.69,"N"
"15744",24.65963,73.87375,303.46,0.39,0.36,"2026-02-15",2048,"N20","nominal","2.0NRT",289.28,0.97,"N"
"15745",24.65902,73.87751,304.92,0.39,0.36,"2026-02-15",2048,"N20","nominal","2.0NRT",290.61,0.97,"N"
"15746",24.67875,73.73367,306.11,0.38,0.36,"2026-02-15",2048,"N20","nominal","2.0NRT",290.09,0.85,"N"
"15747",24.67546,73.73305,307.17,0.38,0.36,"2026-02-15",2048,"N20","nominal","2.0NRT",291.18,1.39,"N"
"15748",25.38848,68.58009,306.58,0.55,0.43,"2026-02-15",2048,"N20","nominal","2.0NRT",290.74,1.17,"N"
"15749",24.69155,73.00461,306.36,0.39,0.36,"2026-02-15",2048,"N20","nominal","2.0NRT",292.58,1.09,"N"
"15750",24.68885,73.00021,300.85,0.39,0.36,"2026-02-15",2048,"N20","nominal","2.0NRT",288.81,0.52,"N"
"15751",24.57149,73.74488,298.59,0.38,0.36,"2026-02-15",2048,"N20","nominal","2.0NRT",286.36,0.3,"N"
"15752",22.21438,84.86327,300.69,0.51,0.66,"2026-02-15",2048,"N20","nominal","2.0NRT",289.93,2.04,"N"
"15753",22.20597,84.84568,308.02,0.51,0.66,"2026-02-15",2048,"N20","nominal","2.0NRT",286.84,1.01,"N"
"15754",22.22299,84.74891,297.16,0.5,0.66,"2026-02-15",2048,"N20","nominal","2.0NRT",285.68,1.67,"N"
"15755",22.22186,84.7536,308.93,0.5,0.66,"2026-02-15",2048,"N20","nominal","2.0NRT",288.59,3.26,"N"
"15756",22.21257,84.86317,302.91,0.51,0.66,"2026-02-15",2048,"N20","nominal","2.0NRT",290.86,1.67,"N"
"15757",22.22638,84.75011,297.94,0.5,0.66,"2026-02-15",2048,"N20","nominal","2.0NRT",285.75,1.98,"N"
"15758",22.20407,84.84552,307.34,0.51,0.66,"2026-02-15",2048,"N20","nominal","2.0NRT",286.52,1.57,"N"
"15759",22.2194,84.75313,306.54,0.5,0.66,"2026-02-15",2048,"N20","nominal","2.0NRT",287.54,1.47,"N"
"15760",24.39848,73.6127,327.71,0.38,0.36,"2026-02-15",2048,"N20","nominal","2.0NRT",291.3,2.41,"N"
"15761",24.39788,73.61646,309.71,0.38,0.36,"2026-02-15",2048,"N20","nominal","2.0NRT",290.63,1.37,"N"
"15762",21.97141,85.31326,299.28,0.55,0.68,"2026-02-15",2048,"N20","nominal","2.0NRT",283.06,0.44,"N"
"15763",21.65164,86.57498,304.56,0.67,0.74,"2026-02-15",2048,"N20","nominal","2.0NRT",286.83,1.37,"N"
"15764",21.92905,85.21883,306.67,0.55,0.68,"2026-02-15",2048,"N20","nominal","2.0NRT",285.45,1.78,"N"
"15765",21.92777,85.22415,304.43,0.55,0.68,"2026-02-15",2048,"N20","nominal","2.0NRT",287.11,1.78,"N"
"15766",21.93056,85.2172,296.06,0.55,0.68,"2026-02-15",2048,"N20","nominal","2.0NRT",283.48,1.74,"N"
"15767",21.9293,85.2226,312.86,0.55,0.68,"2026-02-15",2048,"N20","nominal","2.0NRT",288.13,3.53,"N"
"15768",23.39682,77.6348,306.93,0.53,0.42,"2026-02-15",2048,"N20","nominal","2.0NRT",288.06,1.43,"N"
"15769",22.33426,82.603,300.32,0.37,0.58,"2026-02-15",2048,"N20","nominal","2.0NRT",289.19,0.79,"N"
"15770",22.33517,82.57424,316.25,0.36,0.58,"2026-02-15",2048,"N20","nominal","2.0NRT",289.47,1.78,"N"
"15771",22.3344,82.5777,309.62,0.36,0.58,"2026-02-15",2048,"N20","nominal","2.0NRT",289.71,1.58,"N"
"15772",22.32027,82.59192,299.63,0.37,0.58,"2026-02-15",2048,"N20","nominal","2.0NRT",288.52,0.87,"N"
"15773",22.06775,83.70448,296.82,0.44,0.62,"2026-02-15",2048,"N20","nominal","2.0NRT",285.08,0.43,"N"
"15774",22.04435,83.7289,346.52,0.44,0.62,"2026-02-15",2050,"N20","nominal","2.0NRT",295.8,3.25,"N"
"15775",22.31781,82.52948,305.16,0.36,0.58,"2026-02-15",2050,"N20","nominal","2.0NRT",293.3,0.89,"N"
"15776",22.31704,82.53291,306.57,0.36,0.58,"2026-02-15",2050,"N20","nominal","2.0NRT",290.8,0.89,"N"
"15777",22.04531,83.72475,299.1,0.44,0.62,"2026-02-15",2050,"N20","nominal","2.0NRT",286.59,5.09,"N"
"15778",22.04339,83.73303,311.3,0.44,0.62,"2026-02-15",2050,"N20","nominal","2.0NRT",292.66,3.25,"N"
"15779",22.04243,83.73714,303.99,0.44,0.62,"2026-02-15",2050,"N20","nominal","2.0NRT",292.49,3.31,"N"
"15780",22.03879,83.72735,333.93,0.44,0.62,"2026-02-15",2050,"N20","nominal","2.0NRT",289.8,3.25,"N"
"15781",22.36299,82.30276,304.68,0.35,0.57,"2026-02-15",2050,"N20","nominal","2.0NRT",289.7,1.15,"N"
"15782",22.31339,82.5248,301.27,0.36,0.58,"2026-02-15",2050,"N20","nominal","2.0NRT",290.26,1.93,"N"
"15783",22.31262,82.52823,301.97,0.36,0.58,"2026-02-15",2050,"N20","nominal","2.0NRT",291.08,0.89,"N"
"15784",22.03783,83.73146,301.01,0.44,0.62,"2026-02-15",2050,"N20","nominal","2.0NRT",289.83,3.25,"N"
"15785",22.35862,82.29826,301.39,0.35,0.57,"2026-02-15",2050,"N20","nominal","2.0NRT",286.88,1.33,"N"
"15786",22.35788,82.30155,318.62,0.35,0.57,"2026-02-15",2050,"N20","nominal","2.0NRT",291.57,1.33,"N"
"15787",22.35715,82.30485,317.05,0.35,0.57,"2026-02-15",2050,"N20","nominal","2.0NRT",292.48,2.35,"N"
"15788",22.01891,83.76174,315.91,0.44,0.62,"2026-02-15",2050,"N20","nominal","2.0NRT",287.72,3.12,"N"
"15789",22.31807,82.5277,308.18,0.36,0.58,"2026-02-15",2050,"N20","nominal","2.0NRT",292.75,1.25,"N"
"15790",22.31732,82.53115,303.98,0.36,0.58,"2026-02-15",2050,"N20","nominal","2.0NRT",292.9,0.86,"N"
"15791",22.31658,82.53459,306.71,0.36,0.58,"2026-02-15",2050,"N20","nominal","2.0NRT",290.37,0.86,"N"
"15792",22.3617,82.30042,302.93,0.35,0.57,"2026-02-15",2050,"N20","nominal","2.0NRT",288.24,1.46,"N"
"15793",22.36099,82.30373,317.9,0.35,0.57,"2026-02-15",2050,"N20","nominal","2.0NRT",292.05,1.46,"N"
"15794",22.36028,82.30701,307.82,0.35,0.57,"2026-02-15",2050,"N20","nominal","2.0NRT",289.01,1.54,"N"
"15795",22.31288,82.52644,301.63,0.36,0.58,"2026-02-15",2050,"N20","nominal","2.0NRT",290.3,1.25,"N"
"15796",22.31214,82.52987,302.77,0.36,0.58,"2026-02-15",2050,"N20","nominal","2.0NRT",290.1,0.86,"N"
"15797",22.04749,83.72901,298.72,0.44,0.62,"2026-02-15",2050,"N20","nominal","2.0NRT",287.38,1.3,"N"
"15798",22.04193,83.72746,356.07,0.44,0.62,"2026-02-15",2050,"N20","nominal","2.0NRT",294.73,9.22,"N"
"15799",22.041,83.7316,321.85,0.44,0.62,"2026-02-15",2050,"N20","nominal","2.0NRT",294.16,4.16,"N"
"15800",22.35659,82.29919,309.45,0.35,0.57,"2026-02-15",2050,"N20","nominal","2.0NRT",288.24,0.8,"N"
"15801",22.35588,82.30251,300.35,0.35,0.57,"2026-02-15",2050,"N20","nominal","2.0NRT",290,0.8,"N"
"15802",22.35517,82.30579,301.01,0.35,0.57,"2026-02-15",2050,"N20","nominal","2.0NRT",289,0.93,"N"
"15803",22.04007,83.73571,308.42,0.44,0.62,"2026-02-15",2050,"N20","nominal","2.0NRT",290.99,4.16,"N"
"15804",22.01866,83.75187,300.95,0.44,0.62,"2026-02-15",2050,"N20","nominal","2.0NRT",288.62,1.63,"N"
"15805",22.01769,83.75613,302.75,0.44,0.62,"2026-02-15",2050,"N20","nominal","2.0NRT",288.92,1.63,"N"
"15806",22.01674,83.76037,319.52,0.44,0.62,"2026-02-15",2050,"N20","nominal","2.0NRT",288,2.51,"N"
"15807",22.10832,83.12377,301.61,0.4,0.6,"2026-02-15",2050,"N20","nominal","2.0NRT",287.67,0.73,"N"
"15808",22.04004,83.34875,307.05,0.41,0.61,"2026-02-15",2050,"N20","nominal","2.0NRT",285.93,1.34,"N"
"15809",22.03916,83.35266,312.59,0.41,0.61,"2026-02-15",2050,"N20","nominal","2.0NRT",291.36,1.34,"N"
"15810",22.03277,83.35526,299.01,0.41,0.61,"2026-02-15",2050,"N20","nominal","2.0NRT",288.03,1.46,"N"
"15811",22.03096,83.36318,304.33,0.41,0.61,"2026-02-15",2050,"N20","nominal","2.0NRT",288.55,2.07,"N"
"15812",22.01905,83.3394,300.59,0.41,0.61,"2026-02-15",2050,"N20","nominal","2.0NRT",289.27,0.75,"N"
"15813",22.01928,83.33945,301.8,0.41,0.61,"2026-02-15",2050,"N20","nominal","2.0NRT",288.99,0.9,"N"
"15814",21.83516,84.13076,295.4,0.47,0.64,"2026-02-15",2050,"N20","nominal","2.0NRT",284.84,0.66,"N"
"15815",21.8604,83.96684,299.64,0.46,0.63,"2026-02-15",2050,"N20","nominal","2.0NRT",288.74,0.86,"N"
"15816",21.82309,83.99809,308.21,0.46,0.64,"2026-02-15",2050,"N20","nominal","2.0NRT",290.77,1.88,"N"
"15817",21.98554,83.23286,308.16,0.41,0.6,"2026-02-15",2050,"N20","nominal","2.0NRT",293.32,1.56,"N"
"15818",21.97838,83.23911,301.35,0.41,0.6,"2026-02-15",2050,"N20","nominal","2.0NRT",291.16,1.34,"N"
"15819",21.92467,83.34844,323.22,0.42,0.61,"2026-02-15",2050,"N20","nominal","2.0NRT",293.72,2.33,"N"
"15820",21.92734,83.33675,312.52,0.42,0.61,"2026-02-15",2050,"N20","nominal","2.0NRT",292.79,3.63,"N"
"15821",21.92377,83.35237,311.34,0.42,0.61,"2026-02-15",2050,"N20","nominal","2.0NRT",295.26,2.05,"N"
"15822",21.87721,83.55542,304.68,0.43,0.62,"2026-02-15",2050,"N20","nominal","2.0NRT",288.55,1.38,"N"
"15823",21.77046,84.01636,302.84,0.46,0.64,"2026-02-15",2050,"N20","nominal","2.0NRT",290.55,3.18,"N"
"15824",21.76947,84.02064,309.79,0.46,0.64,"2026-02-15",2050,"N20","nominal","2.0NRT",292.61,2.54,"N"
"15825",21.91919,83.34705,304.68,0.42,0.61,"2026-02-15",2050,"N20","nominal","2.0NRT",291.36,2.33,"N"
"15826",21.91829,83.35098,307.83,0.42,0.61,"2026-02-15",2050,"N20","nominal","2.0NRT",293.45,2.05,"N"
"15827",21.76376,84.01914,310.8,0.46,0.64,"2026-02-15",2050,"N20","nominal","2.0NRT",293.57,2.54,"N"
"15828",21.87909,83.4963,306.21,0.43,0.62,"2026-02-15",2050,"N20","nominal","2.0NRT",288.68,1.57,"N"
"15829",21.75703,84.02199,319.74,0.46,0.64,"2026-02-15",2050,"N20","nominal","2.0NRT",294.02,4.26,"N"
"15830",21.75603,84.02626,301.6,0.46,0.64,"2026-02-15",2050,"N20","nominal","2.0NRT",290.62,2.39,"N"
"15831",21.78205,83.83772,301.75,0.45,0.63,"2026-02-15",2050,"N20","nominal","2.0NRT",290.59,1.08,"N"
"15832",21.75011,83.97404,314.43,0.46,0.63,"2026-02-15",2050,"N20","nominal","2.0NRT",289.98,2.25,"N"
"15833",21.91979,83.34819,327.12,0.42,0.61,"2026-02-15",2050,"N20","nominal","2.0NRT",293.02,3.54,"N"
"15834",21.91892,83.35213,309.24,0.42,0.61,"2026-02-15",2050,"N20","nominal","2.0NRT",294.75,2.83,"N"
"15835",21.7699,84.01807,315.61,0.46,0.64,"2026-02-15",2050,"N20","nominal","2.0NRT",293.12,3.85,"N"
"15836",21.76322,84.02085,305.78,0.46,0.64,"2026-02-15",2050,"N20","nominal","2.0NRT",293.78,4.13,"N"
"15837",21.75652,84.02369,323.8,0.46,0.64,"2026-02-15",2050,"N20","nominal","2.0NRT",294.7,4.15,"N"
"15838",21.87517,83.49646,302.37,0.43,0.62,"2026-02-15",2050,"N20","nominal","2.0NRT",288.19,1.12,"N"
"15839",21.78037,83.83889,313.63,0.45,0.63,"2026-02-15",2050,"N20","nominal","2.0NRT",291.55,2.11,"N"
"15840",21.7503,83.97124,299.08,0.46,0.64,"2026-02-15",2050,"N20","nominal","2.0NRT",287.59,1.11,"N"
"15841",21.74929,83.97567,305.99,0.46,0.64,"2026-02-15",2050,"N20","nominal","2.0NRT",289.46,1.11,"N"
"15842",21.77474,83.83731,309.14,0.45,0.63,"2026-02-15",2050,"N20","nominal","2.0NRT",290.43,2.46,"N"
"15843",22.15508,82.095,309.53,0.34,0.56,"2026-02-15",2050,"N20","nominal","2.0NRT",290.17,0.78,"N"
"15844",21.71622,84.04098,297.99,0.47,0.64,"2026-02-15",2050,"N20","nominal","2.0NRT",287.09,0.74,"N"
"15845",21.75023,83.83976,311.88,0.45,0.63,"2026-02-15",2050,"N20","nominal","2.0NRT",289.31,1.05,"N"
"15846",22.00778,82.66936,300.48,0.38,0.58,"2026-02-15",2050,"N20","nominal","2.0NRT",288.09,1.2,"N"
"15847",22.00701,82.67286,304.96,0.38,0.58,"2026-02-15",2050,"N20","nominal","2.0NRT",289.48,0.87,"N"
"15848",21.75043,83.81272,313.63,0.45,0.63,"2026-02-15",2050,"N20","nominal","2.0NRT",288.98,2.09,"N"
"15849",21.74947,83.81692,308.03,0.45,0.63,"2026-02-15",2050,"N20","nominal","2.0NRT",291.87,2.23,"N"
"15850",21.70006,84.03207,299.56,0.46,0.64,"2026-02-15",2050,"N20","nominal","2.0NRT",287.52,0.68,"N"
"15851",22.00252,82.66809,305.7,0.38,0.58,"2026-02-15",2050,"N20","nominal","2.0NRT",290.36,1.43,"N"
"15852",21.68085,84.03636,310.67,0.47,0.64,"2026-02-15",2050,"N20","nominal","2.0NRT",287.2,1.41,"N"
"15853",21.67985,84.04067,308.08,0.47,0.64,"2026-02-15",2050,"N20","nominal","2.0NRT",292.69,1.41,"N"
"15854",21.67414,84.03912,301.68,0.47,0.64,"2026-02-15",2050,"N20","nominal","2.0NRT",287.93,1.41,"N"
"15855",22.73198,79.01949,307.13,0.43,0.46,"2026-02-15",2050,"N20","nominal","2.0NRT",286.28,1.1,"N"
"15856",22.01716,82.17646,307.44,0.35,0.57,"2026-02-15",2050,"N20","nominal","2.0NRT",287.02,0.91,"N"
"15857",22.01644,82.17976,299.36,0.35,0.57,"2026-02-15",2050,"N20","nominal","2.0NRT",288.73,0.91,"N"
"15858",21.98837,82.01482,302.01,0.34,0.56,"2026-02-15",2050,"N20","nominal","2.0NRT",289.08,0.56,"N"
"15859",20.96686,86.00174,301.52,0.64,0.72,"2026-02-15",2050,"N20","nominal","2.0NRT",290.53,2.37,"N"
"15860",20.96537,86.00776,304.47,0.64,0.72,"2026-02-15",2050,"N20","nominal","2.0NRT",290.48,1.93,"N"
"15861",20.9639,86.01373,310.6,0.64,0.72,"2026-02-15",2050,"N20","nominal","2.0NRT",289.93,1.93,"N"
"15862",23.353,74.38249,314.68,0.4,0.37,"2026-02-15",2050,"N20","nominal","2.0NRT",293.87,1.34,"N"
"15863",20.96787,86.0028,302.27,0.64,0.72,"2026-02-15",2050,"N20","nominal","2.0NRT",291.07,2.08,"N"
"15864",20.96642,86.00885,306.49,0.64,0.72,"2026-02-15",2050,"N20","nominal","2.0NRT",290.53,2.08,"N"
"15865",20.96497,86.01489,310.84,0.64,0.72,"2026-02-15",2050,"N20","nominal","2.0NRT",290.13,2.82,"N"
"15866",21.80123,82.03954,307.83,0.35,0.56,"2026-02-15",2050,"N20","nominal","2.0NRT",290.98,1.01,"N"
"15867",21.73064,82.2138,310.86,0.36,0.57,"2026-02-15",2050,"N20","nominal","2.0NRT",293.28,1.42,"N"
"15868",21.72979,82.21331,303.61,0.36,0.57,"2026-02-15",2050,"N20","nominal","2.0NRT",290.03,1.3,"N"
"15869",22.78163,76.628,305.55,0.48,0.4,"2026-02-15",2050,"N20","nominal","2.0NRT",291.79,1.52,"N"
"15870",20.97735,85.16933,310.02,0.57,0.69,"2026-02-15",2050,"N20","nominal","2.0NRT",290.98,2.86,"N"
"15871",20.97611,85.17454,303.43,0.57,0.69,"2026-02-15",2050,"N20","nominal","2.0NRT",290.75,2.86,"N"
"15872",20.96995,85.17278,337.56,0.57,0.69,"2026-02-15",2050,"N20","nominal","2.0NRT",293.19,2.86,"N"
"15873",20.98002,85.1306,309.46,0.56,0.69,"2026-02-15",2050,"N20","nominal","2.0NRT",290.85,2.27,"N"
"15874",20.97119,85.16757,312.19,0.57,0.69,"2026-02-15",2050,"N20","nominal","2.0NRT",290.84,2.86,"N"
"15875",20.96869,85.178,301.14,0.57,0.69,"2026-02-15",2050,"N20","nominal","2.0NRT",290.89,3.38,"N"
"15876",20.96743,85.18329,316.84,0.57,0.69,"2026-02-15",2050,"N20","nominal","2.0NRT",290.67,3.38,"N"
"15877",20.96614,85.18869,313.72,0.57,0.69,"2026-02-15",2050,"N20","nominal","2.0NRT",292.85,3.77,"N"
"15878",21.67171,82.0829,305.35,0.35,0.57,"2026-02-15",2050,"N20","nominal","2.0NRT",293.2,1.01,"N"
"15879",20.96881,85.14997,314.78,0.57,0.69,"2026-02-15",2050,"N20","nominal","2.0NRT",291.36,3.19,"N"
"15880",20.96503,85.16579,316.91,0.57,0.69,"2026-02-15",2050,"N20","nominal","2.0NRT",292.07,2.78,"N"
"15881",20.96378,85.17101,312.64,0.57,0.69,"2026-02-15",2050,"N20","nominal","2.0NRT",292.32,2.78,"N"
"15882",20.95996,85.18697,310.65,0.57,0.69,"2026-02-15",2050,"N20","nominal","2.0NRT",291.47,2.27,"N"
"15883",21.63305,82.11172,302.34,0.35,0.57,"2026-02-15",2050,"N20","nominal","2.0NRT",290,0.56,"N"
"15884",20.95726,85.00719,318.34,0.56,0.68,"2026-02-15",2050,"N20","nominal","2.0NRT",290.09,1.78,"N"
"15885",20.95601,85.01237,303.74,0.56,0.68,"2026-02-15",2050,"N20","nominal","2.0NRT",289.92,1.78,"N"
"15886",20.96078,85.16714,301.95,0.57,0.69,"2026-02-15",2050,"N20","nominal","2.0NRT",290.75,1,"N"
"15887",20.95955,85.17245,300.71,0.57,0.69,"2026-02-15",2050,"N20","nominal","2.0NRT",290.61,1,"N"
"15888",20.95823,85.00975,311.14,0.56,0.69,"2026-02-15",2050,"N20","nominal","2.0NRT",290.23,3.42,"N"
"15889",21.62505,81.79406,303.17,0.34,0.56,"2026-02-15",2050,"N20","nominal","2.0NRT",286.66,0.51,"N"
"15890",21.57523,82.02282,309.11,0.35,0.57,"2026-02-15",2050,"N20","nominal","2.0NRT",295.17,1.61,"N"
"15891",21.62004,81.79282,300.11,0.34,0.56,"2026-02-15",2050,"N20","nominal","2.0NRT",288.47,0.51,"N"
"15892",21.62596,81.74127,303.05,0.33,0.56,"2026-02-15",2050,"N20","nominal","2.0NRT",287.83,0.7,"N"
"15893",20.8873,84.97874,301.4,0.56,0.68,"2026-02-15",2050,"N20","nominal","2.0NRT",289.98,2.71,"N"
"15894",20.80715,85.25755,304.55,0.58,0.7,"2026-02-15",2050,"N20","nominal","2.0NRT",290.91,2.86,"N"
"15895",20.79473,85.25397,310.25,0.58,0.7,"2026-02-15",2050,"N20","nominal","2.0NRT",290.76,3.56,"N"
"15896",20.7858,85.26337,300.59,0.58,0.7,"2026-02-15",2050,"N20","nominal","2.0NRT",290.21,3.6,"N"
"15897",20.88827,84.98283,310.48,0.56,0.69,"2026-02-15",2050,"N20","nominal","2.0NRT",291.22,2.22,"N"
"15898",20.81119,85.25714,301.12,0.58,0.7,"2026-02-15",2050,"N20","nominal","2.0NRT",289.84,1.08,"N"
"15899",20.86757,84.98775,302.6,0.56,0.69,"2026-02-15",2050,"N20","nominal","2.0NRT",290.43,2,"N"
"15900",20.80498,85.2553,301.76,0.58,0.7,"2026-02-15",2050,"N20","nominal","2.0NRT",290.28,1.64,"N"
"15901",20.79878,85.25348,304.88,0.58,0.7,"2026-02-15",2050,"N20","nominal","2.0NRT",289.5,1.64,"N"
"15902",20.79254,85.2518,307.44,0.58,0.7,"2026-02-15",2050,"N20","nominal","2.0NRT",289.61,3.21,"N"
"15903",20.78996,85.26274,302.27,0.58,0.7,"2026-02-15",2050,"N20","nominal","2.0NRT",291.01,2.61,"N"
"15904",21.56128,81.75433,300.4,0.34,0.56,"2026-02-15",2050,"N20","nominal","2.0NRT",289.57,0.92,"N"
"15905",20.76224,85.29565,309.68,0.59,0.7,"2026-02-15",2050,"N20","nominal","2.0NRT",290.69,2.87,"N"
"15906",21.55761,81.74683,303.35,0.33,0.56,"2026-02-15",2050,"N20","nominal","2.0NRT",288.23,1.4,"N"
"15907",21.50173,81.80965,303.92,0.34,0.56,"2026-02-15",2050,"N20","nominal","2.0NRT",289.73,0.8,"N"
"15908",23.69481,69.16615,301.22,0.49,0.4,"2026-02-15",2050,"N20","nominal","2.0NRT",288.2,0.44,"N"
"15909",21.48921,81.76997,313.92,0.34,0.56,"2026-02-15",2050,"N20","nominal","2.0NRT",291.87,1.31,"N"
"15910",22.61263,76.12762,302.43,0.46,0.39,"2026-02-15",2050,"N20","nominal","2.0NRT",287.89,0.88,"N"
"15911",21.48588,81.76777,313.96,0.34,0.56,"2026-02-15",2050,"N20","nominal","2.0NRT",289.57,1.4,"N"
"15912",23.69108,68.83326,299.5,0.51,0.41,"2026-02-15",2050,"N20","nominal","2.0NRT",288.38,0.86,"N"
"15913",21.45768,81.80084,299.11,0.34,0.56,"2026-02-15",2050,"N20","nominal","2.0NRT",288.11,0.76,"N"
"15914",21.43376,81.71513,299.16,0.34,0.56,"2026-02-15",2050,"N20","nominal","2.0NRT",284.39,0.2,"N"
"15915",21.3919,81.64626,301.25,0.33,0.55,"2026-02-15",2050,"N20","nominal","2.0NRT",290.18,1.14,"N"
"15916",21.37962,81.67944,305.57,0.33,0.56,"2026-02-15",2050,"N20","nominal","2.0NRT",289.78,1.55,"N"
"15917",21.37895,81.68257,308.7,0.33,0.56,"2026-02-15",2050,"N20","nominal","2.0NRT",292.36,1.82,"N"
"15918",21.38126,81.6469,300.74,0.33,0.55,"2026-02-15",2050,"N20","nominal","2.0NRT",290.26,0.82,"N"
"15919",21.37462,81.67817,303.27,0.33,0.56,"2026-02-15",2050,"N20","nominal","2.0NRT",292.77,1.74,"N"
"15920",21.37328,81.68446,301.78,0.33,0.56,"2026-02-15",2050,"N20","nominal","2.0NRT",291.55,1.02,"N"
"15921",21.37758,81.63946,300.15,0.33,0.55,"2026-02-15",2050,"N20","nominal","2.0NRT",289.17,0.82,"N"
"15922",21.37692,81.64258,303.83,0.33,0.55,"2026-02-15",2050,"N20","nominal","2.0NRT",292.49,0.82,"N"
"15923",21.37493,81.65194,301.41,0.33,0.55,"2026-02-15",2050,"N20","nominal","2.0NRT",290.54,1.17,"N"
"15924",21.36895,81.68004,301.71,0.33,0.56,"2026-02-15",2050,"N20","nominal","2.0NRT",291.51,1.02,"N"
"15925",21.36261,81.6851,301.65,0.33,0.56,"2026-02-15",2050,"N20","nominal","2.0NRT",290.73,1.08,"N"
"15926",21.36561,81.64634,304.37,0.33,0.55,"2026-02-15",2050,"N20","nominal","2.0NRT",291.68,1.43,"N"
"15927",21.34591,81.66459,304.37,0.33,0.56,"2026-02-15",2050,"N20","nominal","2.0NRT",289.57,0.77,"N"
"15928",21.34456,81.67089,303.62,0.33,0.56,"2026-02-15",2050,"N20","nominal","2.0NRT",290,1.09,"N"
"15929",23.3154,70.48676,307.28,0.43,0.38,"2026-02-15",2050,"N20","nominal","2.0NRT",292.11,1.39,"N"
"15930",21.32778,81.57809,300.67,0.33,0.55,"2026-02-15",2050,"N20","nominal","2.0NRT",287.28,0.69,"N"
"15931",21.30947,81.58995,314.19,0.33,0.55,"2026-02-15",2050,"N20","nominal","2.0NRT",290.29,0.94,"N"
"15932",21.30043,81.60732,304.44,0.33,0.55,"2026-02-15",2050,"N20","nominal","2.0NRT",290.28,0.93,"N"
"15933",23.31542,70.19857,305.19,0.44,0.38,"2026-02-15",2050,"N20","nominal","2.0NRT",290.53,0.55,"N"
"15934",21.30969,81.59173,308.86,0.33,0.55,"2026-02-15",2050,"N20","nominal","2.0NRT",291.6,0.99,"N"
"15935",21.30144,81.60603,305.47,0.33,0.55,"2026-02-15",2050,"N20","nominal","2.0NRT",290.07,0.72,"N"
"15936",21.29146,81.60358,299.09,0.33,0.55,"2026-02-15",2050,"N20","nominal","2.0NRT",287.56,0.3,"N"
"15937",21.24589,81.76864,300.62,0.34,0.56,"2026-02-15",2050,"N20","nominal","2.0NRT",289.46,0.95,"N"
"15938",23.26778,70.28215,302.34,0.44,0.38,"2026-02-15",2050,"N20","nominal","2.0NRT",291.45,0.68,"N"
"15939",21.26382,81.56083,297.82,0.33,0.55,"2026-02-15",2050,"N20","nominal","2.0NRT",286.98,0.28,"N"
"15940",23.42907,68.71287,304.48,0.52,0.41,"2026-02-15",2050,"N20","nominal","2.0NRT",290.16,1.09,"N"
"15941",23.17415,70.22924,303.64,0.44,0.38,"2026-02-15",2050,"N20","nominal","2.0NRT",291.74,0.63,"N"
"15942",21.18603,81.38872,308.45,0.32,0.55,"2026-02-15",2050,"N20","nominal","2.0NRT",294.6,1.32,"N"
"15943",21.18174,81.38448,305.58,0.32,0.55,"2026-02-15",2050,"N20","nominal","2.0NRT",293.37,1.32,"N"
"15944",22.93174,70.10543,319.53,0.44,0.38,"2026-02-15",2050,"N20","nominal","2.0NRT",290.47,0.8,"N"
"15945",22.92755,69.82409,306.62,0.45,0.39,"2026-02-15",2050,"N20","nominal","2.0NRT",293.82,1.28,"N"
"15946",22.93332,69.70351,307.72,0.46,0.39,"2026-02-15",2050,"N20","nominal","2.0NRT",291.51,1.58,"N"
"15947",21.25219,79.20764,300.77,0.47,0.48,"2026-02-15",2050,"N20","nominal","2.0NRT",290.76,1.15,"N"
"15948",21.24519,79.21997,302.08,0.47,0.48,"2026-02-15",2050,"N20","nominal","2.0NRT",290.04,1.18,"N"
"15949",21.24791,79.22253,306.51,0.47,0.48,"2026-02-15",2050,"N20","nominal","2.0NRT",291.35,1.53,"N"
"15950",21.24186,79.23046,302.88,0.47,0.48,"2026-02-15",2050,"N20","nominal","2.0NRT",291.22,2.18,"N"
"15951",21.15937,78.41418,307.99,0.42,0.45,"2026-02-15",2050,"N20","nominal","2.0NRT",289.91,1.54,"N"
"15952",22.41966,69.0383,307.94,0.48,0.4,"2026-02-15",2050,"N20","nominal","2.0NRT",291.45,0.81,"N"
"15953",22.41598,69.03773,304.78,0.48,0.4,"2026-02-15",2050,"N20","nominal","2.0NRT",291.75,0.78,"N"
"15954",20.69659,78.63754,303.48,0.44,0.46,"2026-02-15",2050,"N20","nominal","2.0NRT",293.14,1.18,"N"
"15955",21.6876,72.53535,306.54,0.38,0.36,"2026-02-15",2050,"N20","nominal","2.0NRT",291.86,0.75,"N"
"15956",21.56269,72.91402,304.2,0.38,0.36,"2026-02-15",2050,"N20","nominal","2.0NRT",289.62,0.42,"N"
"15957",21.86751,70.78252,315.67,0.41,0.37,"2026-02-15",2050,"N20","nominal","2.0NRT",287.95,1.46,"N"
"15958",21.41136,72.98913,300.8,0.39,0.36,"2026-02-15",2050,"N20","nominal","2.0NRT",288.1,0.39,"N"
"15959",21.34454,72.95872,308.42,0.39,0.36,"2026-02-15",2050,"N20","nominal","2.0NRT",291.12,0.95,"N"
"15960",21.43381,71.73682,309.56,0.39,0.36,"2026-02-15",2050,"N20","nominal","2.0NRT",293.28,1.08,"N"
"15961",21.4305,71.73624,316.45,0.39,0.36,"2026-02-15",2050,"N20","nominal","2.0NRT",294.38,1.12,"N"
"15962",21.42993,71.73999,310.26,0.39,0.36,"2026-02-15",2050,"N20","nominal","2.0NRT",292.9,1.12,"N"
"15963",21.19838,72.95901,305.88,0.39,0.36,"2026-02-15",2050,"N20","nominal","2.0NRT",289.82,0.69,"N"
"15964",21.11036,72.63395,330.67,0.38,0.36,"2026-02-15",2050,"N20","nominal","2.0NRT",297.11,2.52,"N"
"15965",21.10978,72.63761,316.87,0.38,0.36,"2026-02-15",2050,"N20","nominal","2.0NRT",296.1,2.52,"N"
"15966",21.10862,72.64494,312.33,0.38,0.36,"2026-02-15",2050,"N20","nominal","2.0NRT",295.53,1.71,"N"
"15967",21.10804,72.64861,309.94,0.38,0.36,"2026-02-15",2050,"N20","nominal","2.0NRT",298.45,2.19,"N"
"15968",21.10533,72.64436,329.65,0.38,0.36,"2026-02-15",2050,"N20","nominal","2.0NRT",298.41,4.16,"N"
"15969",21.1032,72.63643,333.65,0.38,0.36,"2026-02-15",2050,"N20","nominal","2.0NRT",299.94,8.06,"N"
"15970",21.10088,72.65109,305.12,0.38,0.36,"2026-02-15",2050,"N20","nominal","2.0NRT",293.86,2.81,"N"
"15971",21.09313,72.65723,328.92,0.38,0.36,"2026-02-15",2050,"N20","nominal","2.0NRT",295.48,3.9,"N"
"15972",19.92888,79.12291,304.78,0.49,0.49,"2026-02-15",2050,"N20","nominal","2.0NRT",292.33,1.89,"N"
"15973",19.92191,79.11176,303.36,0.49,0.49,"2026-02-15",2050,"N20","nominal","2.0NRT",292.68,0.96,"N"
"15974",19.99875,78.69579,310.98,0.46,0.47,"2026-02-15",2050,"N20","nominal","2.0NRT",292.71,1.29,"N"
"15975",19.78739,79.14594,302.56,0.49,0.49,"2026-02-15",2050,"N20","nominal","2.0NRT",292.5,1.65,"N"
"15976",19.80209,78.86543,302.9,0.47,0.48,"2026-02-15",2050,"N20","nominal","2.0NRT",291.76,0.79,"N"
"15977",19.10506,82.1665,316.01,0.4,0.6,"2026-02-15",2050,"N20","nominal","2.0NRT",289.63,2.83,"N"
"15978",19.10357,82.16846,301.2,0.4,0.6,"2026-02-15",2050,"N20","nominal","2.0NRT",290.93,1.12,"N"
"15979",19.09818,82.16711,308.01,0.4,0.6,"2026-02-15",2050,"N20","nominal","2.0NRT",289.51,1.8,"N"
"15980",18.59479,83.74882,307.31,0.52,0.67,"2026-02-15",2050,"N20","nominal","2.0NRT",289.95,1.06,"N"
"15981",20.91244,71.45724,303,0.39,0.36,"2026-02-15",2050,"N20","nominal","2.0NRT",291.74,0.71,"N"
"15982",20.91188,71.46098,305.45,0.39,0.36,"2026-02-15",2050,"N20","nominal","2.0NRT",294.03,0.71,"N"
"15983",19.49494,77.72771,299.69,0.41,0.45,"2026-02-15",2050,"N20","nominal","2.0NRT",287.34,0.49,"N"
"15984",19.84861,75.14304,301.18,0.45,0.39,"2026-02-15",2050,"N20","nominal","2.0NRT",288.27,0.48,"N"
"15985",17.97214,83.15306,305.93,0.49,0.65,"2026-02-15",2050,"N20","nominal","2.0NRT",291.78,0.96,"N"
"15986",18.72197,79.53499,310.31,0.55,0.51,"2026-02-15",2050,"N20","nominal","2.0NRT",294.16,2.71,"N"
"15987",18.71633,79.53911,315.65,0.55,0.51,"2026-02-15",2050,"N20","nominal","2.0NRT",295.29,3.22,"N"
"15988",19.30365,76.37207,314.6,0.52,0.41,"2026-02-15",2050,"N20","nominal","2.0NRT",288.41,1.59,"N"
"15989",19.30276,76.37693,314.13,0.52,0.41,"2026-02-15",2050,"N20","nominal","2.0NRT",287.96,1.59,"N"
"15990",19.29899,76.37618,325.8,0.52,0.41,"2026-02-15",2050,"N20","nominal","2.0NRT",288.9,3.63,"N"
"15991",19.29989,76.37132,313.03,0.52,0.41,"2026-02-15",2050,"N20","nominal","2.0NRT",288.46,3.33,"N"
"15992",19.80443,73.40471,303.11,0.39,0.37,"2026-02-15",2050,"N20","nominal","2.0NRT",290.03,0.77,"N"
"15993",19.76425,73.60493,302.81,0.4,0.37,"2026-02-15",2050,"N20","nominal","2.0NRT",291.67,0.56,"N"
"15994",19.38812,75.71902,306.18,0.48,0.4,"2026-02-15",2050,"N20","nominal","2.0NRT",287.71,0.67,"N"
"15995",19.42223,75.33399,318.26,0.46,0.39,"2026-02-15",2050,"N20","nominal","2.0NRT",288.98,2.25,"N"
"15996",19.56417,74.45164,315.37,0.42,0.38,"2026-02-15",2050,"N20","nominal","2.0NRT",288.4,1.21,"N"
"15997",19.55257,74.51948,304.36,0.42,0.38,"2026-02-15",2050,"N20","nominal","2.0NRT",287.46,0.55,"N"
"15998",19.10202,76.62479,307.96,0.54,0.42,"2026-02-15",2050,"N20","nominal","2.0NRT",287.65,1.31,"N"
"15999",19.09598,76.37679,327.05,0.52,0.42,"2026-02-15",2050,"N20","nominal","2.0NRT",287.97,3.84,"N"
"16000",17.60976,83.20318,332.81,0.5,0.66,"2026-02-15",2050,"N20","nominal","2.0NRT",293.75,4.26,"N"
"16001",21.33681,57.71653,305.19,0.8,0.78,"2026-02-15",2050,"N20","nominal","2.0NRT",288.49,1.83,"N"
"16002",17.60385,83.20174,311.45,0.5,0.66,"2026-02-15",2050,"N20","nominal","2.0NRT",292.81,2.13,"N"
"16003",19.53984,73.17089,306.23,0.39,0.36,"2026-02-15",2050,"N20","nominal","2.0NRT",290.24,0.81,"N"
"16004",21.31347,57.73803,299.85,0.79,0.78,"2026-02-15",2050,"N20","nominal","2.0NRT",287.88,0.91,"N"
"16005",21.30261,57.7914,299.46,0.79,0.78,"2026-02-15",2050,"N20","nominal","2.0NRT",288.4,1.04,"N"
"16006",19.56434,72.81208,325.04,0.39,0.36,"2026-02-15",2050,"N20","nominal","2.0NRT",294.73,2.71,"N"
"16007",19.01165,75.99795,298.87,0.5,0.41,"2026-02-15",2050,"N20","nominal","2.0NRT",288.78,0.53,"N"
"16008",19.00795,75.99718,299.68,0.5,0.41,"2026-02-15",2050,"N20","nominal","2.0NRT",289.41,0.63,"N"
"16009",21.33507,57.71854,308.87,0.79,0.78,"2026-02-15",2050,"N20","nominal","2.0NRT",288.57,2.03,"N"
"16010",21.32057,57.71711,299.2,0.79,0.78,"2026-02-15",2050,"N20","nominal","2.0NRT",288.16,0.75,"N"
"16011",21.3116,57.74004,306.96,0.79,0.78,"2026-02-15",2050,"N20","nominal","2.0NRT",288.24,1.97,"N"
"16012",21.30765,57.79399,307.17,0.79,0.78,"2026-02-15",2050,"N20","nominal","2.0NRT",288.94,1.57,"N"
"16013",19.39825,73.24477,305.37,0.39,0.36,"2026-02-15",2050,"N20","nominal","2.0NRT",291.51,0.34,"N"
"16014",17.95854,80.78559,304.21,0.34,0.56,"2026-02-15",2050,"N20","nominal","2.0NRT",293.6,1.43,"N"
"16015",19.40349,72.85889,304.31,0.39,0.36,"2026-02-15",2050,"N20","nominal","2.0NRT",294.04,0.47,"N"
"16016",18.52138,77.8784,305.11,0.43,0.46,"2026-02-15",2050,"N20","nominal","2.0NRT",291.23,1.81,"N"
"16017",19.07557,74.3264,305.07,0.42,0.38,"2026-02-15",2050,"N20","nominal","2.0NRT",290.51,0.71,"N"
"16018",19.0749,74.33042,302.75,0.42,0.38,"2026-02-15",2050,"N20","nominal","2.0NRT",290.15,0.71,"N"
"16019",19.53062,71.29856,315.46,0.39,0.36,"2026-02-15",2050,"N20","nominal","2.0NRT",297.61,0.66,"N"
"16020",18.35518,77.9044,309.57,0.44,0.46,"2026-02-15",2050,"N20","nominal","2.0NRT",290.92,0.92,"N"
"16021",18.651,76.11936,298.94,0.51,0.41,"2026-02-15",2050,"N20","nominal","2.0NRT",286.7,0.34,"N"
"16022",19.33316,72.02104,311.22,0.38,0.36,"2026-02-15",2050,"N20","nominal","2.0NRT",296.91,0.59,"N"
"16023",18.58881,76.31332,304.55,0.53,0.42,"2026-02-15",2050,"N20","nominal","2.0NRT",287.3,1.07,"N"
"16024",19.10302,73.05154,330.47,0.39,0.36,"2026-02-15",2050,"N20","nominal","2.0NRT",294.58,2.66,"N"
"16025",19.26148,71.52409,310.79,0.39,0.36,"2026-02-15",2050,"N20","nominal","2.0NRT",297.17,0.49,"N"
"16026",17.8213,79.12275,337.45,0.54,0.51,"2026-02-15",2050,"N20","nominal","2.0NRT",292.07,4.53,"N"
"16027",19.17713,70.9452,317.15,0.39,0.36,"2026-02-15",2050,"N20","nominal","2.0NRT",297.94,0.75,"N"
"16028",18.13922,76.49443,300.52,0.55,0.42,"2026-02-15",2050,"N20","nominal","2.0NRT",287.19,0.7,"N"
"16029",18.70604,73.02284,303.5,0.39,0.36,"2026-02-15",2050,"N20","nominal","2.0NRT",292.62,1.22,"N"
"16030",18.69304,73.03948,307.7,0.39,0.36,"2026-02-15",2050,"N20","nominal","2.0NRT",296.34,1.54,"N"
"16031",18.6876,73.03091,316.66,0.39,0.36,"2026-02-15",2050,"N20","nominal","2.0NRT",296.69,1.55,"N"
"16032",18.68639,73.03829,308.56,0.39,0.36,"2026-02-15",2050,"N20","nominal","2.0NRT",296.29,2.41,"N"
"16033",18.68427,73.03032,313.07,0.39,0.36,"2026-02-15",2050,"N20","nominal","2.0NRT",294.4,1.55,"N"
"16034",18.56741,73.69095,312.73,0.41,0.37,"2026-02-15",2050,"N20","nominal","2.0NRT",291.59,1.99,"N"
"16035",18.41139,73.63204,303.07,0.41,0.37,"2026-02-15",2050,"N20","nominal","2.0NRT",289.69,1.31,"N"
"16036",18.40801,73.63147,321.89,0.41,0.37,"2026-02-15",2050,"N20","nominal","2.0NRT",290.36,1.31,"N"
"16037",18.40463,73.63091,312.66,0.41,0.37,"2026-02-15",2050,"N20","nominal","2.0NRT",290.44,1.24,"N"
"16038",18.58097,72.24033,317.77,0.38,0.36,"2026-02-15",2050,"N20","nominal","2.0NRT",297.27,1.09,"N"
"16039",17.80758,76.69369,313.15,0.57,0.43,"2026-02-15",2050,"N20","nominal","2.0NRT",289.18,0.87,"N"
"16040",18.57767,72.23975,322.47,0.38,0.36,"2026-02-15",2050,"N20","nominal","2.0NRT",297.49,0.89,"N"
"16041",17.80864,76.69214,313.97,0.57,0.43,"2026-02-15",2050,"N20","nominal","2.0NRT",289.44,1.86,"N"
"16042",18.28926,73.66949,302.62,0.41,0.37,"2026-02-15",2050,"N20","nominal","2.0NRT",289.5,1.38,"N"
"16043",18.01178,74.02237,301.12,0.42,0.38,"2026-02-15",2050,"N20","nominal","2.0NRT",290.28,2,"N"
"16044",18.00771,74.02554,336.11,0.42,0.38,"2026-02-15",2050,"N20","nominal","2.0NRT",292.29,2,"N"
"16045",16.87322,80.02208,307.16,0.32,0.55,"2026-02-15",2050,"N20","nominal","2.0NRT",294.39,0.67,"N"
"16046",18.04409,73.5404,304.95,0.41,0.37,"2026-02-15",2050,"N20","nominal","2.0NRT",293.42,0.87,"N"
"16047",18.04073,73.53974,323.21,0.41,0.37,"2026-02-15",2050,"N20","nominal","2.0NRT",294.08,0.87,"N"
"16048",17.85979,74.29538,303.59,0.43,0.38,"2026-02-15",2050,"N20","nominal","2.0NRT",289.9,0.8,"N"
"16049",17.39941,76.7819,305.27,0.39,0.44,"2026-02-15",2050,"N20","nominal","2.0NRT",289.62,0.73,"N"
"16050",17.87798,73.91815,311.01,0.42,0.38,"2026-02-15",2050,"N20","nominal","2.0NRT",290.5,1.68,"N"
"16051",16.36268,81.28303,302.55,0.4,0.6,"2026-02-15",2050,"N20","nominal","2.0NRT",291,0.35,"N"
"16052",17.74579,73.59661,307.1,0.41,0.37,"2026-02-15",2050,"N20","nominal","2.0NRT",291.33,1.08,"N"
"16053",17.59489,73.90838,314.49,0.42,0.38,"2026-02-15",2050,"N20","nominal","2.0NRT",288.42,1.54,"N"
"16054",17.57654,73.95412,304.51,0.42,0.38,"2026-02-15",2050,"N20","nominal","2.0NRT",290.45,1.13,"N"
"16055",17.57449,73.96616,303.15,0.42,0.38,"2026-02-15",2050,"N20","nominal","2.0NRT",290.63,0.86,"N"
"16056",17.57383,73.97007,304.93,0.42,0.38,"2026-02-15",2050,"N20","nominal","2.0NRT",289.53,0.86,"N"
"16057",17.57315,73.97404,301.52,0.42,0.38,"2026-02-15",2050,"N20","nominal","2.0NRT",290.95,0.86,"N"
"16058",17.57041,73.96934,303.69,0.42,0.38,"2026-02-15",2050,"N20","nominal","2.0NRT",290.39,0.81,"N"
"16059",17.53225,74.15144,320.57,0.43,0.38,"2026-02-15",2050,"N20","nominal","2.0NRT",287.73,2.4,"N"
"16060",17.56145,73.95954,304.04,0.42,0.38,"2026-02-15",2050,"N20","nominal","2.0NRT",289.62,0.68,"N"
"16061",17.53524,73.65629,302.2,0.41,0.37,"2026-02-15",2050,"N20","nominal","2.0NRT",290.13,0.29,"N"
"16062",17.48526,73.8487,301.56,0.42,0.38,"2026-02-15",2050,"N20","nominal","2.0NRT",288.92,0.61,"N"
"16063",17.40959,73.98109,324.96,0.43,0.38,"2026-02-15",2050,"N20","nominal","2.0NRT",289.96,1.63,"N"
"16064",17.40544,73.98454,304.19,0.43,0.38,"2026-02-15",2050,"N20","nominal","2.0NRT",290.87,1.63,"N"
"16065",17.4069,73.98229,308.84,0.43,0.38,"2026-02-15",2050,"N20","nominal","2.0NRT",289.09,1.49,"N"
"16066",17.40685,73.9614,306,0.42,0.38,"2026-02-15",2050,"N20","nominal","2.0NRT",289.05,0.6,"N"
"16067",17.40414,73.97762,312.91,0.43,0.38,"2026-02-15",2050,"N20","nominal","2.0NRT",290.84,1.39,"N"
"16068",17.40346,73.98168,315.43,0.43,0.38,"2026-02-15",2050,"N20","nominal","2.0NRT",291.68,1.49,"N"
"16069",16.73718,77.45545,329.47,0.44,0.46,"2026-02-15",2050,"N20","nominal","2.0NRT",294.03,2.53,"N"
"16070",16.73296,77.45481,308.6,0.44,0.46,"2026-02-15",2050,"N20","nominal","2.0NRT",292.37,2.53,"N"
"16071",17.26717,73.95336,302.96,0.43,0.38,"2026-02-15",2050,"N20","nominal","2.0NRT",289.5,0.46,"N"
"16072",17.26652,73.95721,309.81,0.43,0.38,"2026-02-15",2050,"N20","nominal","2.0NRT",290.07,1.47,"N"
"16073",15.96287,80.93761,304.88,0.38,0.59,"2026-02-15",2050,"N20","nominal","2.0NRT",290.98,0.38,"N"
"16074",16.82485,76.08093,327.46,0.54,0.42,"2026-02-15",2050,"N20","nominal","2.0NRT",290.61,4.39,"N"
"16075",16.82756,76.07944,319.02,0.54,0.42,"2026-02-15",2050,"N20","nominal","2.0NRT",289.61,2.27,"N"
"16076",16.82372,76.07867,314.33,0.54,0.42,"2026-02-15",2050,"N20","nominal","2.0NRT",290.21,2.27,"N"
"16077",17.1855,73.93913,316.94,0.43,0.38,"2026-02-15",2050,"N20","nominal","2.0NRT",289.44,1.84,"N"
"16078",17.18207,73.93843,307.26,0.43,0.38,"2026-02-15",2050,"N20","nominal","2.0NRT",288.9,1.08,"N"
"16079",17.17795,73.94181,305.23,0.43,0.38,"2026-02-15",2050,"N20","nominal","2.0NRT",289.53,1.02,"N"
"16080",16.97416,74.436,321.27,0.45,0.39,"2026-02-15",2050,"N20","nominal","2.0NRT",288.39,2.32,"N"
"16081",16.65107,74.97966,327.37,0.48,0.4,"2026-02-15",2050,"N20","nominal","2.0NRT",288.34,4.45,"N"
"16082",16.6503,74.98407,309.59,0.48,0.4,"2026-02-15",2050,"N20","nominal","2.0NRT",288.94,3.64,"N"
"16083",15.82663,79.05916,318.14,0.58,0.52,"2026-02-15",2050,"N20","nominal","2.0NRT",292.45,3.01,"N"
"16084",15.82299,79.05275,315.16,0.58,0.52,"2026-02-15",2050,"N20","nominal","2.0NRT",292.05,2.58,"N"
"16085",15.82643,79.05717,310.49,0.58,0.52,"2026-02-15",2050,"N20","nominal","2.0NRT",291.91,1.46,"N"
"16086",15.8253,79.06311,304.99,0.58,0.52,"2026-02-15",2050,"N20","nominal","2.0NRT",291.76,1.44,"N"
"16087",15.82273,79.05083,311.36,0.58,0.52,"2026-02-15",2050,"N20","nominal","2.0NRT",291.56,1.46,"N"
"16088",15.82163,79.05659,302.06,0.58,0.52,"2026-02-15",2050,"N20","nominal","2.0NRT",290.95,1.46,"N"
"16089",15.81905,79.04441,300.73,0.58,0.52,"2026-02-15",2050,"N20","nominal","2.0NRT",290.4,0.66,"N"
"16090",16.61329,74.61188,322.37,0.46,0.39,"2026-02-15",2050,"N20","nominal","2.0NRT",290.45,1.85,"N"
"16091",16.64952,74.3161,300.78,0.45,0.39,"2026-02-15",2050,"N20","nominal","2.0NRT",288.94,0.31,"N"
"16092",16.57464,74.62231,309.21,0.46,0.39,"2026-02-15",2050,"N20","nominal","2.0NRT",288.26,0.88,"N"
"16093",16.62101,74.05429,303.21,0.44,0.38,"2026-02-15",2050,"N20","nominal","2.0NRT",289.8,0.64,"N"
"16094",16.62034,74.05827,311.41,0.44,0.38,"2026-02-15",2050,"N20","nominal","2.0NRT",290.58,1.56,"N"
"16095",16.61753,74.05363,347.15,0.44,0.38,"2026-02-15",2050,"N20","nominal","2.0NRT",295.79,3.82,"N"
"16096",16.6182,74.04968,312.66,0.44,0.38,"2026-02-15",2050,"N20","nominal","2.0NRT",289.47,3.82,"N"
"16097",16.61473,74.04897,328.54,0.44,0.38,"2026-02-15",2050,"N20","nominal","2.0NRT",291.96,3.82,"N"
"16098",16.61609,74.04099,309.11,0.43,0.38,"2026-02-15",2050,"N20","nominal","2.0NRT",290.55,1,"N"
"16099",16.61541,74.045,306.88,0.44,0.38,"2026-02-15",2050,"N20","nominal","2.0NRT",290.91,1,"N"
"16100",16.61406,74.05298,305.32,0.44,0.38,"2026-02-15",2050,"N20","nominal","2.0NRT",291.05,3.82,"N"
"16101",15.91687,77.36403,302.74,0.45,0.47,"2026-02-15",2050,"N20","nominal","2.0NRT",291.4,0.95,"N"
"16102",16.20988,75.71675,304.62,0.53,0.42,"2026-02-15",2050,"N20","nominal","2.0NRT",294.05,1.04,"N"
"16103",16.36423,74.3464,305.73,0.45,0.39,"2026-02-15",2050,"N20","nominal","2.0NRT",291.48,0.81,"N"
"16104",16.5267,73.38158,303.89,0.41,0.37,"2026-02-15",2050,"N20","nominal","2.0NRT",293.51,0.61,"N"
"16105",16.52616,73.38182,304.06,0.41,0.37,"2026-02-15",2050,"N20","nominal","2.0NRT",293.49,0.44,"N"
"16106",16.36427,74.3474,305.81,0.45,0.39,"2026-02-15",2050,"N20","nominal","2.0NRT",291.25,0.97,"N"
"16107",15.92468,76.2921,301.96,0.38,0.43,"2026-02-15",2050,"N20","nominal","2.0NRT",288.83,0.53,"N"
"16108",16.19071,74.23602,299.63,0.45,0.39,"2026-02-15",2050,"N20","nominal","2.0NRT",288.55,0.64,"N"
"16109",16.18998,74.24019,303.59,0.45,0.39,"2026-02-15",2050,"N20","nominal","2.0NRT",289.18,0.64,"N"
"16110",16.18155,74.22594,298.49,0.45,0.39,"2026-02-15",2050,"N20","nominal","2.0NRT",288.21,0.36,"N"
"16111",15.23356,78.79993,303.96,0.57,0.52,"2026-02-15",2053,"N20","nominal","2.0NRT",291.17,1.2,"N"
"16112",15.23272,78.79774,301.38,0.57,0.52,"2026-02-15",2053,"N20","nominal","2.0NRT",290.9,0.72,"N"
"16113",16.08296,73.57131,303.15,0.42,0.38,"2026-02-15",2053,"N20","nominal","2.0NRT",291.14,0.48,"N"
"16114",15.88741,74.37249,320.79,0.46,0.39,"2026-02-15",2053,"N20","nominal","2.0NRT",291.37,0.96,"N"
"16115",15.88382,74.37199,306.91,0.46,0.39,"2026-02-15",2053,"N20","nominal","2.0NRT",288.59,0.96,"N"
"16116",15.02464,78.01458,308.76,0.51,0.49,"2026-02-15",2053,"N20","nominal","2.0NRT",294.47,1.77,"N"
"16117",15.33288,76.28678,312.34,0.39,0.44,"2026-02-15",2053,"N20","nominal","2.0NRT",292.95,1.05,"N"
"16118",15.33601,76.24649,308.36,0.39,0.44,"2026-02-15",2053,"N20","nominal","2.0NRT",292.3,0.93,"N"
"16119",15.18012,77.10315,308.5,0.44,0.46,"2026-02-15",2053,"N20","nominal","2.0NRT",292.74,1.53,"N"
"16120",15.32206,76.2326,302.76,0.39,0.44,"2026-02-15",2053,"N20","nominal","2.0NRT",292.24,0.8,"N"
"16121",15.2253,76.76334,314.84,0.42,0.45,"2026-02-15",2053,"N20","nominal","2.0NRT",294.03,1.59,"N"
"16122",15.31019,76.25262,301.94,0.39,0.44,"2026-02-15",2053,"N20","nominal","2.0NRT",291.87,1.38,"N"
"16123",15.17427,76.78521,311.45,0.42,0.45,"2026-02-15",2053,"N20","nominal","2.0NRT",293.67,1.29,"N"
"16124",14.65103,79.48987,308,0.32,0.55,"2026-02-15",2053,"N20","nominal","2.0NRT",290.91,0.57,"N"
"16125",15.18683,76.67245,317.76,0.42,0.45,"2026-02-15",2053,"N20","nominal","2.0NRT",292.99,2.76,"N"
"16126",15.18345,76.66782,334.79,0.42,0.45,"2026-02-15",2053,"N20","nominal","2.0NRT",295.84,4.5,"N"
"16127",15.65931,73.98679,305.04,0.44,0.39,"2026-02-15",2053,"N20","nominal","2.0NRT",291.34,0.73,"N"
"16128",15.6586,73.99088,306.82,0.44,0.39,"2026-02-15",2053,"N20","nominal","2.0NRT",291.65,0.73,"N"
"16129",15.65872,73.98789,317.44,0.44,0.39,"2026-02-15",2053,"N20","nominal","2.0NRT",291.47,1.65,"N"
"16130",15.18804,76.67339,312.96,0.42,0.45,"2026-02-15",2053,"N20","nominal","2.0NRT",292.64,2.3,"N"
"16131",15.18464,76.66875,328.01,0.42,0.45,"2026-02-15",2053,"N20","nominal","2.0NRT",294.96,3.99,"N"
"16132",15.17917,76.67556,307.36,0.42,0.45,"2026-02-15",2053,"N20","nominal","2.0NRT",296.08,1.65,"N"
"16133",15.17921,76.65182,321.65,0.42,0.45,"2026-02-15",2053,"N20","nominal","2.0NRT",293.34,3.5,"N"
"16134",15.17852,76.65563,332.73,0.42,0.45,"2026-02-15",2053,"N20","nominal","2.0NRT",297.87,3.3,"N"
"16135",15.17783,76.65945,314.73,0.42,0.45,"2026-02-15",2053,"N20","nominal","2.0NRT",294.9,3.3,"N"
"16136",14.6507,79.49174,304.23,0.32,0.55,"2026-02-15",2053,"N20","nominal","2.0NRT",290.5,0.63,"N"
"16137",15.17443,76.65481,306.38,0.42,0.45,"2026-02-15",2053,"N20","nominal","2.0NRT",294.27,1.19,"N"
"16138",15.17168,76.67005,308.97,0.42,0.45,"2026-02-15",2053,"N20","nominal","2.0NRT",293.98,1.78,"N"
"16139",15.13805,76.71493,301.82,0.42,0.45,"2026-02-15",2053,"N20","nominal","2.0NRT",290.36,1.27,"N"
"16140",15.17453,76.37663,315.72,0.4,0.44,"2026-02-15",2053,"N20","nominal","2.0NRT",295.7,1.51,"N"
"16141",15.16984,76.37949,305.51,0.4,0.44,"2026-02-15",2053,"N20","nominal","2.0NRT",294.96,1.51,"N"
"16142",15.12962,76.41674,314.4,0.4,0.44,"2026-02-15",2053,"N20","nominal","2.0NRT",294.57,1.13,"N"
"16143",15.12896,76.4203,306.82,0.4,0.44,"2026-02-15",2053,"N20","nominal","2.0NRT",294.78,0.87,"N"
"16144",15.12557,76.41605,317.89,0.4,0.44,"2026-02-15",2053,"N20","nominal","2.0NRT",295.01,1.94,"N"
"16145",15.1249,76.41965,311.49,0.4,0.44,"2026-02-15",2053,"N20","nominal","2.0NRT",295.58,1.54,"N"
"16146",15.12505,76.4159,311.58,0.4,0.44,"2026-02-15",2053,"N20","nominal","2.0NRT",294.52,2.03,"N"
"16147",15.12441,76.41952,316.39,0.4,0.44,"2026-02-15",2053,"N20","nominal","2.0NRT",295.63,2.04,"N"
"16148",14.59651,79.12709,314.11,0.62,0.54,"2026-02-15",2053,"N20","nominal","2.0NRT",293.24,2.23,"N"
"16149",14.69659,78.22401,305.65,0.53,0.5,"2026-02-15",2053,"N20","nominal","2.0NRT",293.75,0.86,"N"
"16150",14.69206,78.22288,320.61,0.53,0.5,"2026-02-15",2053,"N20","nominal","2.0NRT",293.65,1.82,"N"
"16151",14.69115,78.22762,305.35,0.53,0.5,"2026-02-15",2053,"N20","nominal","2.0NRT",293.02,1.82,"N"
"16152",14.6051,78.33289,304.77,0.54,0.51,"2026-02-15",2053,"N20","nominal","2.0NRT",291.75,0.78,"N"
"16153",14.41063,78.70278,304.37,0.58,0.52,"2026-02-15",2053,"N20","nominal","2.0NRT",292.88,1.39,"N"
"16154",14.85024,76.26939,301.44,0.4,0.44,"2026-02-15",2053,"N20","nominal","2.0NRT",291.1,0.36,"N"
"16155",14.49094,77.32089,305.09,0.47,0.48,"2026-02-15",2053,"N20","nominal","2.0NRT",289.28,0.56,"N"
"16156",14.24963,77.81116,310.24,0.51,0.49,"2026-02-15",2053,"N20","nominal","2.0NRT",293.55,1.55,"N"
"16157",14.24885,77.81532,308.22,0.51,0.49,"2026-02-15",2053,"N20","nominal","2.0NRT",293.34,1.55,"N"
"16158",14.24802,77.8197,306.79,0.51,0.49,"2026-02-15",2053,"N20","nominal","2.0NRT",292.96,1.48,"N"
"16159",14.2405,77.81025,304.36,0.51,0.49,"2026-02-15",2053,"N20","nominal","2.0NRT",293,1.82,"N"
"16160",14.23968,77.8146,313.37,0.51,0.49,"2026-02-15",2053,"N20","nominal","2.0NRT",293.63,1.82,"N"
"16161",14.13992,78.31211,306.09,0.55,0.51,"2026-02-15",2053,"N20","nominal","2.0NRT",291.16,1.25,"N"
"16162",14.18548,78.04971,302.34,0.53,0.5,"2026-02-15",2053,"N20","nominal","2.0NRT",290.88,1.99,"N"
"16163",14.13434,78.31606,300.21,0.55,0.51,"2026-02-15",2053,"N20","nominal","2.0NRT",290.18,1.25,"N"
"16164",14.07894,78.57733,305.14,0.58,0.52,"2026-02-15",2053,"N20","nominal","2.0NRT",291.69,3.04,"N"
"16165",14.12408,78.31921,303.22,0.55,0.51,"2026-02-15",2053,"N20","nominal","2.0NRT",291.26,0.54,"N"
"16166",14.07519,78.57133,313.67,0.58,0.52,"2026-02-15",2053,"N20","nominal","2.0NRT",291.43,2.3,"N"
"16167",14.07856,78.57497,311.41,0.58,0.52,"2026-02-15",2053,"N20","nominal","2.0NRT",291.25,1.61,"N"
"16168",14.07386,78.57384,308.32,0.58,0.52,"2026-02-15",2053,"N20","nominal","2.0NRT",291.59,1.61,"N"
"16169",14.24606,77.27328,306.84,0.47,0.48,"2026-02-15",2053,"N20","nominal","2.0NRT",292.83,1.44,"N"
"16170",14.06137,78.20329,320.86,0.55,0.51,"2026-02-15",2053,"N20","nominal","2.0NRT",290.43,3.15,"N"
"16171",14.06397,77.66511,308.4,0.5,0.49,"2026-02-15",2053,"N20","nominal","2.0NRT",290.39,1.04,"N"
"16172",13.85882,78.61504,333.55,0.59,0.53,"2026-02-15",2053,"N20","nominal","2.0NRT",290.77,5.21,"N"
"16173",14.00655,77.84579,302.05,0.52,0.5,"2026-02-15",2053,"N20","nominal","2.0NRT",289.95,0.98,"N"
"16174",13.87821,78.38866,303.83,0.57,0.52,"2026-02-15",2053,"N20","nominal","2.0NRT",289.42,1.09,"N"
"16175",13.85329,78.61759,301.1,0.59,0.53,"2026-02-15",2053,"N20","nominal","2.0NRT",289.49,1.19,"N"
"16176",13.87593,78.39104,302.66,0.57,0.52,"2026-02-15",2053,"N20","nominal","2.0NRT",289.28,1.05,"N"
"16177",13.93424,78.05214,305.92,0.54,0.51,"2026-02-15",2053,"N20","nominal","2.0NRT",289.1,1.83,"N"
"16178",13.95656,77.88106,301.72,0.52,0.5,"2026-02-15",2053,"N20","nominal","2.0NRT",291.6,1.2,"N"
"16179",13.81703,78.60013,303.25,0.59,0.53,"2026-02-15",2053,"N20","nominal","2.0NRT",289.85,1.1,"N"
"16180",13.81603,78.60542,304.24,0.59,0.53,"2026-02-15",2053,"N20","nominal","2.0NRT",290.4,1.1,"N"
"16181",13.83836,78.13045,305.27,0.54,0.51,"2026-02-15",2053,"N20","nominal","2.0NRT",289.98,1.78,"N"
"16182",13.36262,79.98028,302.59,0.37,0.58,"2026-02-15",2053,"N20","nominal","2.0NRT",290.45,0.72,"N"
"16183",14.09847,75.9704,301.86,0.39,0.44,"2026-02-15",2053,"N20","nominal","2.0NRT",290.34,0.62,"N"
"16184",14.11212,75.80073,304.76,0.38,0.43,"2026-02-15",2053,"N20","nominal","2.0NRT",290.68,0.53,"N"
"16185",14.1115,75.80421,311.04,0.38,0.43,"2026-02-15",2053,"N20","nominal","2.0NRT",292.07,1.7,"N"
"16186",14.00886,76.3084,320.81,0.41,0.45,"2026-02-15",2053,"N20","nominal","2.0NRT",292.1,1.89,"N"
"16187",14.00817,76.31223,315.82,0.41,0.45,"2026-02-15",2053,"N20","nominal","2.0NRT",292.01,1.89,"N"
"16188",13.97789,76.40926,301.74,0.42,0.45,"2026-02-15",2053,"N20","nominal","2.0NRT",291.36,0.51,"N"
"16189",13.67602,77.98985,309.57,0.54,0.51,"2026-02-15",2053,"N20","nominal","2.0NRT",289.97,0.98,"N"
"16190",13.67147,77.98879,300.4,0.54,0.51,"2026-02-15",2053,"N20","nominal","2.0NRT",289.47,0.98,"N"
"16191",13.86964,76.10596,304.86,0.4,0.44,"2026-02-15",2053,"N20","nominal","2.0NRT",291.17,0.87,"N"
"16192",13.8795,75.97695,301.66,0.4,0.44,"2026-02-15",2053,"N20","nominal","2.0NRT",288.73,0.35,"N"
"16193",13.63269,77.22739,299.95,0.48,0.48,"2026-02-15",2053,"N20","nominal","2.0NRT",289.81,0.46,"N"
"16194",13.28874,79.06667,307.9,0.32,0.55,"2026-02-15",2053,"N20","nominal","2.0NRT",289.52,0.94,"N"
"16195",13.28819,79.06959,300.26,0.32,0.55,"2026-02-15",2053,"N20","nominal","2.0NRT",289.35,0.54,"N"
"16196",13.21696,79.19741,300.43,0.33,0.55,"2026-02-15",2053,"N20","nominal","2.0NRT",289.31,0.59,"N"
"16197",13.21638,79.20042,307.74,0.33,0.55,"2026-02-15",2053,"N20","nominal","2.0NRT",290.35,0.59,"N"
"16198",13.59178,76.83161,312.56,0.45,0.47,"2026-02-15",2053,"N20","nominal","2.0NRT",289.09,1.39,"N"
"16199",13.59102,76.83575,301.37,0.45,0.47,"2026-02-15",2053,"N20","nominal","2.0NRT",288.31,1.08,"N"
"16200",13.85069,75.29536,328.18,0.54,0.42,"2026-02-15",2053,"N20","nominal","2.0NRT",289.15,6.89,"N"
"16201",13.43309,77.22773,300.91,0.48,0.48,"2026-02-15",2053,"N20","nominal","2.0NRT",290.23,0.91,"N"
"16202",13.43226,77.23229,307.84,0.48,0.48,"2026-02-15",2053,"N20","nominal","2.0NRT",290.14,0.91,"N"
"16203",13.42792,77.23121,300.78,0.48,0.48,"2026-02-15",2053,"N20","nominal","2.0NRT",290.59,0.83,"N"
"16204",13.64064,75.83961,305.58,0.39,0.44,"2026-02-15",2053,"N20","nominal","2.0NRT",291.06,1.23,"N"
"16205",13.60588,75.91783,308.74,0.4,0.44,"2026-02-15",2053,"N20","nominal","2.0NRT",290.15,1.18,"N"
"16206",13.60186,75.91716,306.11,0.4,0.44,"2026-02-15",2053,"N20","nominal","2.0NRT",290.27,1.18,"N"
"16207",13.30277,75.90156,301.4,0.4,0.44,"2026-02-15",2053,"N20","nominal","2.0NRT",289.83,0.56,"N"
"16208",13.01551,77.40012,300.34,0.5,0.49,"2026-02-15",2053,"N20","nominal","2.0NRT",289.05,0.76,"N"
"16209",13.11621,76.14398,304.33,0.42,0.45,"2026-02-15",2053,"N20","nominal","2.0NRT",287.78,0.61,"N"
"16210",12.88798,76.76875,306.17,0.46,0.47,"2026-02-15",2053,"N20","nominal","2.0NRT",291.6,1.65,"N"
"16211",12.88542,76.76913,306.94,0.46,0.47,"2026-02-15",2053,"N20","nominal","2.0NRT",291.83,1.33,"N"
"16212",12.50288,77.30447,310.77,0.51,0.49,"2026-02-15",2053,"N20","nominal","2.0NRT",288.99,1.5,"N"
"16213",12.33206,77.51325,300.57,0.53,0.5,"2026-02-15",2053,"N20","nominal","2.0NRT",289.42,0.74,"N"
"16214",12.13778,78.17754,298.51,0.59,0.53,"2026-02-15",2053,"N20","nominal","2.0NRT",286.24,0.29,"N"
"16215",12.56623,75.61659,308.98,0.39,0.44,"2026-02-15",2053,"N20","nominal","2.0NRT",292.82,0.89,"N"
"16216",12.21776,76.21649,299.39,0.44,0.46,"2026-02-15",2053,"N20","nominal","2.0NRT",289.27,0.36,"N"
"16217",11.68523,78.82711,316.39,0.33,0.55,"2026-02-15",2053,"N20","nominal","2.0NRT",284.64,1.11,"N"
"16218",11.81653,77.91679,305.18,0.57,0.52,"2026-02-15",2053,"N20","nominal","2.0NRT",290.73,1.99,"N"
"16219",11.1839,79.09962,308.27,0.35,0.57,"2026-02-15",2053,"N20","nominal","2.0NRT",285.77,0.79,"N"
"16220",11.40777,77.29536,300.44,0.53,0.5,"2026-02-15",2053,"N20","nominal","2.0NRT",285.57,0.35,"N"
"16221",11.185,76.60612,296,0.48,0.48,"2026-02-15",2053,"N20","nominal","2.0NRT",283.98,0.67,"N"
"16222",11.01997,77.06467,301.9,0.52,0.5,"2026-02-15",2053,"N20","nominal","2.0NRT",288.68,0.73,"N"
"16223",11.08029,76.65759,299.79,0.49,0.48,"2026-02-15",2053,"N20","nominal","2.0NRT",285.61,0.71,"N"
"16224",10.93084,77.06091,299.11,0.52,0.5,"2026-02-15",2053,"N20","nominal","2.0NRT",284.58,0.94,"N"
"16225",10.92999,77.06557,304.63,0.52,0.5,"2026-02-15",2053,"N20","nominal","2.0NRT",285.13,0.94,"N"
"16226",9.86745,77.01444,295.12,0.54,0.51,"2026-02-15",2053,"N20","nominal","2.0NRT",272.84,0.7,"N"
"16227",9.86279,77.01398,297.75,0.54,0.51,"2026-02-15",2053,"N20","nominal","2.0NRT",273.65,1.12,"N"
"16228",71.25721,72.05821,335.37,0.34,0.56,"2026-02-15",2036,"N20","nominal","2.0NRT",238.5,2.56,"N"
"16229",71.159,67.16824,325.1,0.44,0.62,"2026-02-15",2036,"N20","nominal","2.0NRT",237.79,3.05,"N"
"16230",70.94447,74.53574,326.11,0.59,0.53,"2026-02-15",2036,"N20","nominal","2.0NRT",236.48,4.7,"N"
"16231",69.37253,88.11523,336.34,0.39,0.44,"2026-02-15",2216,"N20","nominal","2.0NRT",257.3,22.96,"N"
"16232",70.94209,74.54196,325.91,0.38,0.36,"2026-02-15",2216,"N20","nominal","2.0NRT",238.83,5.41,"N"
"16233",71.25739,72.06712,325.01,0.39,0.36,"2026-02-15",2216,"N20","nominal","2.0NRT",239.55,1.97,"N"
"16234",68.41455,83.61846,326.98,0.54,0.42,"2026-02-15",2216,"N20","nominal","2.0NRT",250.9,12.33,"N"
"16235",71.15652,67.16989,327.24,0.42,0.37,"2026-02-15",2216,"N20","nominal","2.0NRT",241.75,5.47,"N"
"16236",67.5527,83.20437,326.08,0.57,0.43,"2026-02-15",2216,"N20","nominal","2.0NRT",251.47,4.66,"N"
"16237",67.54963,83.21513,323.54,0.57,0.43,"2026-02-15",2216,"N20","nominal","2.0NRT",252.88,5.39,"N"
"16238",67.82579,80.01328,329.7,0.49,0.4,"2026-02-15",2216,"N20","nominal","2.0NRT",244.49,3.68,"N"
"16239",67.50143,77.28346,324.37,0.45,0.39,"2026-02-15",2218,"N20","nominal","2.0NRT",240.9,1.9,"N"
"16240",67.49835,77.27859,322.37,0.45,0.39,"2026-02-15",2218,"N20","nominal","2.0NRT",240.61,2.41,"N"
"16241",67.50093,77.27478,324.62,0.45,0.39,"2026-02-15",2218,"N20","nominal","2.0NRT",244.78,6,"N"
"16242",66.88303,77.3273,332.07,0.47,0.4,"2026-02-15",2218,"N20","nominal","2.0NRT",250.89,3.34,"N"
"16243",66.90806,75.60033,324.92,0.44,0.38,"2026-02-15",2218,"N20","nominal","2.0NRT",243.38,4.84,"N"
"16244",66.47668,77.17393,329.18,0.48,0.4,"2026-02-15",2218,"N20","nominal","2.0NRT",244.28,3.41,"N"
"16245",66.24869,76.81781,329.6,0.48,0.4,"2026-02-15",2218,"N20","nominal","2.0NRT",249.88,21.64,"N"
"16246",65.85825,76.9588,325.5,0.49,0.4,"2026-02-15",2218,"N20","nominal","2.0NRT",243.38,6.32,"N"
"16247",18.0151,54.56821,298.45,0.6,0.53,"2026-02-15",2231,"N20","nominal","2.0NRT",286.15,12.33,"N"
"16248",25.8288,50.1343,302.45,0.4,0.37,"2026-02-15",2229,"N20","nominal","2.0NRT",288.49,1.07,"N"
"16249",25.96587,49.2286,301.35,0.39,0.36,"2026-02-15",2229,"N20","nominal","2.0NRT",285.11,0.31,"N"
"16250",24.50426,56.60754,338.4,0.6,0.53,"2026-02-15",2229,"N20","nominal","2.0NRT",295.91,7.19,"N"
"16251",24.46874,56.61552,305.22,0.6,0.53,"2026-02-15",2229,"N20","nominal","2.0NRT",291.88,2.26,"N"
"16252",25.16621,52.87668,331.11,0.53,0.42,"2026-02-15",2229,"N20","nominal","2.0NRT",294.98,6.59,"N"
"16253",25.16342,52.87061,332.33,0.53,0.42,"2026-02-15",2229,"N20","nominal","2.0NRT",294.04,6.42,"N"
"16254",25.1644,52.86547,305.5,0.53,0.42,"2026-02-15",2229,"N20","nominal","2.0NRT",293.37,6.42,"N"
"16255",25.16242,52.87579,305.77,0.53,0.42,"2026-02-15",2229,"N20","nominal","2.0NRT",293.86,1.25,"N"
"16256",25.15583,52.86888,302.43,0.53,0.42,"2026-02-15",2229,"N20","nominal","2.0NRT",291.3,0.41,"N"
"16257",25.64125,50.08404,332.13,0.4,0.37,"2026-02-15",2229,"N20","nominal","2.0NRT",286.95,1.85,"N"
"16258",25.63789,50.08334,308.72,0.4,0.37,"2026-02-15",2229,"N20","nominal","2.0NRT",286.56,1.85,"N"
"16259",26.49436,43.96019,302.64,0.52,0.41,"2026-02-15",2229,"N20","nominal","2.0NRT",285.88,1.37,"N"
"16260",25.6798,49.51602,315.91,0.39,0.36,"2026-02-15",2229,"N20","nominal","2.0NRT",291.06,1.69,"N"
"16261",25.67916,49.5199,302.34,0.39,0.36,"2026-02-15",2229,"N20","nominal","2.0NRT",291.04,1.1,"N"
"16262",25.68062,49.40794,314.82,0.39,0.36,"2026-02-15",2229,"N20","nominal","2.0NRT",286.32,1.1,"N"
"16263",25.65373,49.4666,304.83,0.39,0.36,"2026-02-15",2229,"N20","nominal","2.0NRT",287.26,0.66,"N"
"16264",25.64942,49.38968,303.28,0.39,0.36,"2026-02-15",2229,"N20","nominal","2.0NRT",290.01,1.52,"N"
"16265",25.66591,49.26965,298.62,0.39,0.36,"2026-02-15",2229,"N20","nominal","2.0NRT",284.17,0.4,"N"
"16266",25.66527,49.2735,302.49,0.39,0.36,"2026-02-15",2229,"N20","nominal","2.0NRT",284.29,0.4,"N"
"16267",25.66279,49.26988,335.01,0.39,0.36,"2026-02-15",2229,"N20","nominal","2.0NRT",285.65,6.27,"N"
"16268",25.64191,49.39703,323.83,0.39,0.36,"2026-02-15",2229,"N20","nominal","2.0NRT",287.59,1.81,"N"
"16269",25.66216,49.27372,307.7,0.39,0.36,"2026-02-15",2229,"N20","nominal","2.0NRT",290.19,6.27,"N"
"16270",25.64318,49.3893,298.67,0.39,0.36,"2026-02-15",2229,"N20","nominal","2.0NRT",286.04,3.8,"N"
"16271",25.64254,49.39316,297.9,0.39,0.36,"2026-02-15",2229,"N20","nominal","2.0NRT",286.43,1.81,"N"
"16272",25.63987,49.38863,340.36,0.39,0.36,"2026-02-15",2229,"N20","nominal","2.0NRT",287.42,3.8,"N"
"16273",25.63923,49.39249,327.58,0.39,0.36,"2026-02-15",2229,"N20","nominal","2.0NRT",286.69,1.81,"N"
"16274",25.63859,49.39636,329.27,0.39,0.36,"2026-02-15",2229,"N20","nominal","2.0NRT",286.91,1.81,"N"
"16275",25.65948,49.26922,300.85,0.39,0.36,"2026-02-15",2229,"N20","nominal","2.0NRT",284.34,6.27,"N"
"16276",25.65886,49.27306,299.14,0.39,0.36,"2026-02-15",2229,"N20","nominal","2.0NRT",284.19,6.27,"N"
"16277",25.63592,49.39183,326.9,0.39,0.36,"2026-02-15",2229,"N20","nominal","2.0NRT",287.43,1.98,"N"
"16278",25.38281,50.80252,303.36,0.43,0.38,"2026-02-15",2229,"N20","nominal","2.0NRT",287.64,0.52,"N"
"16279",25.3801,50.79758,300.13,0.43,0.38,"2026-02-15",2229,"N20","nominal","2.0NRT",287.27,0.52,"N"
"16280",25.48208,50.18607,308.51,0.41,0.37,"2026-02-15",2229,"N20","nominal","2.0NRT",286.59,7.32,"N"
"16281",25.47871,50.18537,345.45,0.41,0.37,"2026-02-15",2229,"N20","nominal","2.0NRT",289.48,7.32,"N"
"16282",25.47939,50.18135,298.37,0.41,0.37,"2026-02-15",2229,"N20","nominal","2.0NRT",285.45,7.32,"N"
"16283",25.47802,50.18938,302.93,0.41,0.37,"2026-02-15",2229,"N20","nominal","2.0NRT",286.42,1.62,"N"
"16284",25.47533,50.18467,297.94,0.41,0.37,"2026-02-15",2229,"N20","nominal","2.0NRT",285.28,0.55,"N"
"16285",25.26586,50.80492,300.23,0.43,0.38,"2026-02-15",2229,"N20","nominal","2.0NRT",287.52,0.2,"N"
"16286",25.3459,50.20008,295.44,0.41,0.37,"2026-02-15",2229,"N20","nominal","2.0NRT",285.3,0.68,"N"
"16287",25.34521,50.2041,317.38,0.41,0.37,"2026-02-15",2229,"N20","nominal","2.0NRT",286.58,0.99,"N"
"16288",25.34451,50.20812,314.59,0.41,0.37,"2026-02-15",2229,"N20","nominal","2.0NRT",286.45,0.99,"N"
"16289",25.34114,50.20742,331.86,0.41,0.37,"2026-02-15",2229,"N20","nominal","2.0NRT",287.48,2.15,"N"
"16290",25.34252,50.19938,297.07,0.41,0.37,"2026-02-15",2229,"N20","nominal","2.0NRT",285.57,0.52,"N"
"16291",25.34183,50.2034,295.92,0.41,0.37,"2026-02-15",2229,"N20","nominal","2.0NRT",285.84,2.15,"N"
"16292",25.19333,50.85063,299.58,0.43,0.38,"2026-02-15",2229,"N20","nominal","2.0NRT",289,0.43,"N"
"16293",24.95426,51.58915,317.2,0.46,0.39,"2026-02-15",2229,"N20","nominal","2.0NRT",290.48,2.3,"N"
"16294",24.93045,51.56694,323.39,0.46,0.39,"2026-02-15",2229,"N20","nominal","2.0NRT",290.5,1.78,"N"
"16295",24.93126,51.56243,312.79,0.46,0.39,"2026-02-15",2229,"N20","nominal","2.0NRT",289.3,1.78,"N"
"16296",24.9277,51.56165,332.79,0.46,0.39,"2026-02-15",2229,"N20","nominal","2.0NRT",290.24,15.58,"N"
"16297",24.92689,51.56616,313.01,0.46,0.39,"2026-02-15",2229,"N20","nominal","2.0NRT",298.75,15.58,"N"
"16298",24.91148,51.54872,305.55,0.46,0.39,"2026-02-15",2229,"N20","nominal","2.0NRT",287.23,0.69,"N"
"16299",24.89364,51.54483,299.08,0.46,0.39,"2026-02-15",2229,"N20","nominal","2.0NRT",288.67,0.85,"N"
"16300",24.32496,54.46935,308.5,0.45,0.47,"2026-02-15",2229,"N20","nominal","2.0NRT",293.44,1.08,"N"
"16301",25.21883,49.33384,298.52,0.39,0.36,"2026-02-15",2229,"N20","nominal","2.0NRT",285.76,0.51,"N"
"16302",25.21028,49.28586,310.24,0.39,0.36,"2026-02-15",2229,"N20","nominal","2.0NRT",286.36,1.42,"N"
"16303",25.18593,49.30884,300.86,0.39,0.36,"2026-02-15",2229,"N20","nominal","2.0NRT",288.45,0.75,"N"
"16304",25.17739,49.31908,305.7,0.39,0.36,"2026-02-15",2229,"N20","nominal","2.0NRT",286.18,1.28,"N"
"16305",25.17407,49.31842,328.6,0.39,0.36,"2026-02-15",2229,"N20","nominal","2.0NRT",287.18,1.28,"N"
"16306",25.17471,49.31456,305.67,0.39,0.36,"2026-02-15",2229,"N20","nominal","2.0NRT",285.37,1.35,"N"
"16307",24.00611,55.44079,299.74,0.52,0.5,"2026-02-15",2229,"N20","nominal","2.0NRT",289.62,1.75,"N"
"16308",24.50909,52.44316,306.13,0.52,0.41,"2026-02-15",2229,"N20","nominal","2.0NRT",293.23,0.6,"N"
"16309",24.96042,49.45676,299.19,0.4,0.37,"2026-02-15",2229,"N20","nominal","2.0NRT",285.35,0.67,"N"
"16310",24.94089,49.18182,324.56,0.39,0.36,"2026-02-15",2229,"N20","nominal","2.0NRT",285.99,2.06,"N"
"16311",24.94153,49.17797,314.63,0.39,0.36,"2026-02-15",2229,"N20","nominal","2.0NRT",284.09,2.06,"N"
"16312",24.89174,49.21213,306.7,0.39,0.36,"2026-02-15",2229,"N20","nominal","2.0NRT",285.08,0.81,"N"
"16313",24.88433,49.19479,300.42,0.39,0.36,"2026-02-15",2229,"N20","nominal","2.0NRT",284.56,0.64,"N"
"16314",24.11975,53.44278,303.74,0.4,0.44,"2026-02-15",2229,"N20","nominal","2.0NRT",291.3,0.82,"N"
"16315",24.85958,49.15817,299.11,0.39,0.36,"2026-02-15",2229,"N20","nominal","2.0NRT",284.78,0.61,"N"
"16316",24.85691,49.15368,296.2,0.39,0.36,"2026-02-15",2229,"N20","nominal","2.0NRT",284.11,0.59,"N"
"16317",24.85627,49.15751,306.99,0.39,0.36,"2026-02-15",2229,"N20","nominal","2.0NRT",284.92,0.59,"N"
"16318",24.80669,49.41438,316.33,0.4,0.37,"2026-02-15",2229,"N20","nominal","2.0NRT",289.95,1.21,"N"
"16319",24.80336,49.41371,305.15,0.4,0.37,"2026-02-15",2229,"N20","nominal","2.0NRT",289.04,1.21,"N"
"16320",24.8004,49.3492,307.1,0.39,0.37,"2026-02-15",2229,"N20","nominal","2.0NRT",285.23,0.73,"N"
"16321",24.79708,49.34854,317.31,0.39,0.37,"2026-02-15",2229,"N20","nominal","2.0NRT",285.22,1.14,"N"
"16322",24.79311,49.35174,317.05,0.39,0.37,"2026-02-15",2229,"N20","nominal","2.0NRT",285.99,1.14,"N"
"16323",24.13158,52.70369,306.58,0.54,0.42,"2026-02-15",2229,"N20","nominal","2.0NRT",290.45,1.3,"N"
"16324",23.8356,53.62576,305.43,0.41,0.45,"2026-02-15",2229,"N20","nominal","2.0NRT",286.81,0.95,"N"
"16325",23.82346,53.62291,304.24,0.41,0.45,"2026-02-15",2229,"N20","nominal","2.0NRT",288.5,0.54,"N"
"16326",24.95238,47.06187,296.04,0.39,0.36,"2026-02-15",2229,"N20","nominal","2.0NRT",286.04,0.86,"N"
"16327",24.94907,47.06126,302.94,0.39,0.36,"2026-02-15",2229,"N20","nominal","2.0NRT",286.47,1.1,"N"
"16328",24.52103,49.16508,314.39,0.39,0.36,"2026-02-15",2229,"N20","nominal","2.0NRT",284.76,0.72,"N"
"16329",24.50736,49.10301,295.59,0.39,0.36,"2026-02-15",2229,"N20","nominal","2.0NRT",283.34,0.15,"N"
"16330",24.70433,47.53019,305.47,0.39,0.36,"2026-02-15",2229,"N20","nominal","2.0NRT",288.44,0.94,"N"
"16331",24.70375,47.53397,300.68,0.39,0.36,"2026-02-15",2229,"N20","nominal","2.0NRT",287.61,0.94,"N"
"16332",24.95846,45.54425,305.22,0.43,0.38,"2026-02-15",2229,"N20","nominal","2.0NRT",286.88,1.01,"N"
"16333",23.19181,55.45617,318.78,0.54,0.51,"2026-02-15",2229,"N20","nominal","2.0NRT",290.79,1.65,"N"
"16334",23.19071,55.46135,305.56,0.54,0.51,"2026-02-15",2229,"N20","nominal","2.0NRT",290.48,1.65,"N"
"16335",23.19231,55.45992,317.24,0.54,0.51,"2026-02-15",2229,"N20","nominal","2.0NRT",291.31,1.86,"N"
"16336",23.19124,55.46511,307.49,0.54,0.51,"2026-02-15",2229,"N20","nominal","2.0NRT",289.92,1.86,"N"
"16337",23.15189,55.42282,330.02,0.54,0.51,"2026-02-15",2229,"N20","nominal","2.0NRT",289.89,3.76,"N"
"16338",23.54902,53.3259,297.61,0.4,0.44,"2026-02-15",2229,"N20","nominal","2.0NRT",286.88,0.33,"N"
"16339",23.54503,53.32497,297.78,0.4,0.44,"2026-02-15",2229,"N20","nominal","2.0NRT",286.62,0.33,"N"
"16340",24.43445,48.12673,319.03,0.38,0.36,"2026-02-15",2229,"N20","nominal","2.0NRT",285.51,1.91,"N"
"16341",24.78421,45.61993,309.29,0.42,0.38,"2026-02-15",2229,"N20","nominal","2.0NRT",286.14,2.06,"N"
"16342",24.78313,45.60271,324.4,0.42,0.38,"2026-02-15",2229,"N20","nominal","2.0NRT",286.28,3.02,"N"
"16343",24.78254,45.60687,333.25,0.42,0.38,"2026-02-15",2229,"N20","nominal","2.0NRT",287.76,3.02,"N"
"16344",23.31523,54.1726,300.68,0.45,0.47,"2026-02-15",2229,"N20","nominal","2.0NRT",290.29,1.48,"N"
"16345",23.29291,54.24012,302.37,0.46,0.47,"2026-02-15",2229,"N20","nominal","2.0NRT",287.61,0.54,"N"
"16346",23.27768,54.22744,298.63,0.45,0.47,"2026-02-15",2229,"N20","nominal","2.0NRT",288.05,0.44,"N"
"16347",23.18577,54.61414,299.19,0.48,0.48,"2026-02-15",2229,"N20","nominal","2.0NRT",288.33,0.54,"N"
"16348",24.60101,46.57262,323.25,0.4,0.37,"2026-02-15",2229,"N20","nominal","2.0NRT",287.09,1.95,"N"
"16349",24.25599,48.72536,327.4,0.39,0.36,"2026-02-15",2229,"N20","nominal","2.0NRT",285.31,1.76,"N"
"16350",24.25537,48.72915,299.51,0.39,0.36,"2026-02-15",2229,"N20","nominal","2.0NRT",284.92,1.76,"N"
"16351",22.87694,55.92406,309.32,0.59,0.53,"2026-02-15",2229,"N20","nominal","2.0NRT",288.81,1.45,"N"
"16352",24.50924,46.93677,312.02,0.39,0.36,"2026-02-15",2229,"N20","nominal","2.0NRT",287.89,1.06,"N"
"16353",24.51062,46.86368,306.95,0.39,0.36,"2026-02-15",2229,"N20","nominal","2.0NRT",285.95,0.38,"N"
"16354",22.8773,55.92426,304.9,0.59,0.53,"2026-02-15",2229,"N20","nominal","2.0NRT",289.01,1.77,"N"
"16355",24.0996,49.11664,327.67,0.39,0.36,"2026-02-15",2229,"N20","nominal","2.0NRT",286.48,2.3,"N"
"16356",22.87364,55.61195,321.53,0.56,0.52,"2026-02-15",2229,"N20","nominal","2.0NRT",289.78,3.68,"N"
"16357",24.09896,49.12048,296.47,0.39,0.36,"2026-02-15",2229,"N20","nominal","2.0NRT",285.68,1.59,"N"
"16358",24.4155,47.01946,312.91,0.39,0.36,"2026-02-15",2229,"N20","nominal","2.0NRT",287.87,2.18,"N"
"16359",24.41218,47.01886,299.22,0.39,0.36,"2026-02-15",2229,"N20","nominal","2.0NRT",287.99,0.65,"N"
"16360",24.69827,44.9702,321.63,0.45,0.39,"2026-02-15",2229,"N20","nominal","2.0NRT",284.58,2.01,"N"
"16361",24.04098,49.20033,327.86,0.4,0.37,"2026-02-15",2229,"N20","nominal","2.0NRT",286.36,2.74,"N"
"16362",22.40594,56.98885,331.59,0.35,0.57,"2026-02-15",2229,"N20","nominal","2.0NRT",290.92,2.03,"N"
"16363",22.44213,56.69915,305.48,0.34,0.56,"2026-02-15",2229,"N20","nominal","2.0NRT",287.75,0.37,"N"
"16364",24.17006,47.15953,296.12,0.39,0.36,"2026-02-15",2229,"N20","nominal","2.0NRT",286.04,0.26,"N"
"16365",24.2935,46.3091,315.24,0.4,0.37,"2026-02-15",2229,"N20","nominal","2.0NRT",289.66,1.27,"N"
"16366",22.34831,56.43311,311.4,0.33,0.55,"2026-02-15",2229,"N20","nominal","2.0NRT",289.05,0.63,"N"
"16367",22.32556,56.48938,299.86,0.33,0.55,"2026-02-15",2229,"N20","nominal","2.0NRT",288.2,0.5,"N"
"16368",22.60769,54.0691,301.99,0.46,0.47,"2026-02-15",2229,"N20","nominal","2.0NRT",291.61,1.58,"N"
"16369",21.93888,57.07413,334.94,0.36,0.58,"2026-02-15",2229,"N20","nominal","2.0NRT",288.79,2.21,"N"
"16370",22.52404,54.05162,304.62,0.46,0.47,"2026-02-15",2229,"N20","nominal","2.0NRT",289.88,1.29,"N"
"16371",22.54083,53.92415,301.37,0.45,0.47,"2026-02-15",2229,"N20","nominal","2.0NRT",290.02,0.81,"N"
"16372",22.53821,53.93719,302.64,0.45,0.47,"2026-02-15",2229,"N20","nominal","2.0NRT",291.97,1.32,"N"
"16373",22.53735,53.94145,307.58,0.45,0.47,"2026-02-15",2229,"N20","nominal","2.0NRT",292.53,1.32,"N"
"16374",22.08221,55.97988,310.69,0.62,0.54,"2026-02-15",2229,"N20","nominal","2.0NRT",289.73,7.98,"N"
"16375",22.07999,55.97734,312.1,0.62,0.54,"2026-02-15",2229,"N20","nominal","2.0NRT",291.96,7.95,"N"
"16376",21.8896,56.84671,328.74,0.35,0.57,"2026-02-15",2229,"N20","nominal","2.0NRT",289.08,1.98,"N"
"16377",21.83451,56.68058,326.51,0.35,0.56,"2026-02-15",2229,"N20","nominal","2.0NRT",287.9,1.48,"N"
"16378",21.83749,56.68091,322.42,0.35,0.56,"2026-02-15",2229,"N20","nominal","2.0NRT",286.53,1.13,"N"
"16379",21.83243,56.67957,313.4,0.35,0.56,"2026-02-15",2229,"N20","nominal","2.0NRT",286.45,0.83,"N"
"16380",24.25118,42.1281,308.61,0.41,0.45,"2026-02-15",2229,"N20","nominal","2.0NRT",286.94,0.95,"N"
"16381",21.46411,57.245,299.62,0.38,0.59,"2026-02-15",2229,"N20","nominal","2.0NRT",286.71,0.36,"N"
"16382",21.33597,57.72125,304.6,0.41,0.61,"2026-02-15",2229,"N20","nominal","2.0NRT",287.48,0.81,"N"
"16383",21.3351,57.72513,298.29,0.41,0.61,"2026-02-15",2229,"N20","nominal","2.0NRT",287.9,0.61,"N"
"16384",21.30664,57.80043,300.77,0.42,0.61,"2026-02-15",2229,"N20","nominal","2.0NRT",287.82,0.64,"N"
"16385",21.3187,57.72105,318.76,0.41,0.61,"2026-02-15",2229,"N20","nominal","2.0NRT",288.18,1.01,"N"
"16386",21.31349,57.74424,318.23,0.41,0.61,"2026-02-15",2229,"N20","nominal","2.0NRT",287.83,1.01,"N"
"16387",21.31261,57.74815,298.39,0.41,0.61,"2026-02-15",2229,"N20","nominal","2.0NRT",288.04,1.01,"N"
"16388",21.30115,57.79904,299.78,0.42,0.61,"2026-02-15",2229,"N20","nominal","2.0NRT",288.37,0.36,"N"
"16389",21.61463,56.06079,309.51,0.32,0.54,"2026-02-15",2229,"N20","nominal","2.0NRT",289.7,0.29,"N"
"16390",21.29455,57.09669,302.34,0.38,0.59,"2026-02-15",2229,"N20","nominal","2.0NRT",289.47,0.54,"N"
"16391",21.29378,57.10023,302.15,0.38,0.59,"2026-02-15",2229,"N20","nominal","2.0NRT",290.11,0.54,"N"
"16392",21.33144,56.69987,298.74,0.35,0.57,"2026-02-15",2229,"N20","nominal","2.0NRT",288.33,0.5,"N"
"16393",23.95098,38.26505,333.07,0.35,0.57,"2026-02-15",2229,"N20","nominal","2.0NRT",295.17,2.14,"N"
"16394",23.95035,38.27202,305.57,0.35,0.57,"2026-02-15",2229,"N20","nominal","2.0NRT",294.81,1.64,"N"
"16395",23.95079,38.26634,342.56,0.35,0.57,"2026-02-15",2229,"N20","nominal","2.0NRT",295.86,3.77,"N"
"16396",20.56009,56.42095,307.48,0.35,0.57,"2026-02-15",2231,"N20","nominal","2.0NRT",288.63,0.71,"N"
"16397",20.37625,55.93362,319.89,0.33,0.55,"2026-02-15",2231,"N20","nominal","2.0NRT",288.72,1.14,"N"
"16398",22.67114,39.03385,310.98,0.61,0.53,"2026-02-15",2231,"N20","nominal","2.0NRT",295.81,3.58,"N"
"16399",22.58156,39.08263,308.44,0.6,0.53,"2026-02-15",2231,"N20","nominal","2.0NRT",294.63,1.98,"N"
"16400",22.55549,39.43535,304.6,0.57,0.52,"2026-02-15",2231,"N20","nominal","2.0NRT",294.07,0.64,"N"
"16401",19.34611,56.45796,300.92,0.38,0.58,"2026-02-15",2231,"N20","nominal","2.0NRT",288.11,0.26,"N"
"16402",19.34538,56.46143,298.87,0.38,0.58,"2026-02-15",2231,"N20","nominal","2.0NRT",288.81,0.26,"N"
"16403",19.33789,56.47063,303.77,0.38,0.58,"2026-02-15",2231,"N20","nominal","2.0NRT",289.45,0.49,"N"
"16404",18.32336,55.1044,367,0.32,0.55,"2026-02-15",2231,"N20","high","2.0NRT",290.36,9.96,"N"
"16405",18.32276,55.10739,347.32,0.32,0.55,"2026-02-15",2231,"N20","nominal","2.0NRT",292.34,9.96,"N"
"16406",18.03362,54.64443,302.45,0.61,0.53,"2026-02-15",2231,"N20","nominal","2.0NRT",287.64,2.06,"N"
"16407",18.01367,54.57,339.03,0.6,0.53,"2026-02-15",2231,"N20","nominal","2.0NRT",291.56,16.24,"N"
"16408",18.01253,54.57557,331.73,0.6,0.53,"2026-02-15",2231,"N20","nominal","2.0NRT",290.05,13.99,"N"
"16409",18.014,54.57378,353.99,0.6,0.53,"2026-02-15",2231,"N20","nominal","2.0NRT",294.86,12.33,"N"
"16410",19.51927,42.53767,302.28,0.51,0.41,"2026-02-15",2231,"N20","nominal","2.0NRT",288.44,0.44,"N"
"16411",18.58172,45.35927,305.14,0.39,0.36,"2026-02-15",2231,"N20","nominal","2.0NRT",291.12,0.58,"N"
"16412",18.57838,45.35871,302.24,0.39,0.36,"2026-02-15",2231,"N20","nominal","2.0NRT",291.35,1.01,"N"
"16413",19.10023,41.15367,309.43,0.4,0.44,"2026-02-15",2231,"N20","nominal","2.0NRT",295.81,1.79,"N"
"16414",18.24423,42.5785,297.18,0.49,0.41,"2026-02-15",2231,"N20","nominal","2.0NRT",283.94,0.69,"N"
"16415",17.59904,44.3368,316.64,0.41,0.37,"2026-02-15",2231,"N20","nominal","2.0NRT",289.92,1.86,"N"
"16416",17.28367,42.4057,309.75,0.49,0.4,"2026-02-15",2231,"N20","nominal","2.0NRT",295.71,1.59,"N"
"16417",17.27996,42.40515,312.88,0.49,0.4,"2026-02-15",2231,"N20","nominal","2.0NRT",295.12,1.59,"N"
"16418",16.93899,42.63175,313.29,0.47,0.4,"2026-02-15",2231,"N20","nominal","2.0NRT",296.69,1.66,"N"
"16419",15.5949,49.12943,307.78,0.47,0.39,"2026-02-15",2231,"N20","nominal","2.0NRT",287.02,0.94,"N"
"16420",15.61467,46.0159,310.27,0.38,0.36,"2026-02-15",2231,"N20","nominal","2.0NRT",286.53,1.25,"N"
"16421",15.61195,46.0118,311.18,0.38,0.36,"2026-02-15",2231,"N20","nominal","2.0NRT",285.66,1.54,"N"
"16422",15.58086,45.80252,323.34,0.38,0.36,"2026-02-15",2231,"N20","nominal","2.0NRT",286.8,1.21,"N"
"16423",15.57757,45.80197,312,0.38,0.36,"2026-02-15",2231,"N20","nominal","2.0NRT",287.02,1.21,"N"
"16424",15.57701,45.80552,296.78,0.38,0.36,"2026-02-15",2231,"N20","nominal","2.0NRT",284.96,0.59,"N"
"16425",15.56825,45.79676,297.85,0.38,0.36,"2026-02-15",2231,"N20","nominal","2.0NRT",287.08,0.75,"N"
"16426",15.56769,45.80031,311.57,0.38,0.36,"2026-02-15",2231,"N20","nominal","2.0NRT",287.64,0.75,"N"
"16427",15.54359,45.95286,313.12,0.38,0.36,"2026-02-15",2231,"N20","nominal","2.0NRT",284.28,0.99,"N"
"16428",15.54303,45.95641,303.68,0.38,0.36,"2026-02-15",2231,"N20","nominal","2.0NRT",284.67,0.99,"N"
"16429",15.56439,45.79976,311.16,0.38,0.36,"2026-02-15",2231,"N20","nominal","2.0NRT",286.92,0.75,"N"
"16430",15.55124,45.7728,302.66,0.38,0.36,"2026-02-15",2231,"N20","nominal","2.0NRT",286.66,0.54,"N"
"16431",15.33159,46.84712,305.76,0.39,0.36,"2026-02-15",2231,"N20","nominal","2.0NRT",288.4,0.54,"N"
"16432",14.79545,49.16441,305.35,0.48,0.4,"2026-02-15",2231,"N20","nominal","2.0NRT",293.42,1.23,"N"
"16433",13.34237,44.75265,302.61,0.39,0.36,"2026-02-15",2233,"N20","nominal","2.0NRT",291.89,0.41,"N"
"16434",13.56968,39.47278,304.11,0.44,0.46,"2026-02-15",2233,"N20","nominal","2.0NRT",288.54,1.1,"N"
"16435",13.58865,37.18361,307.4,0.62,0.54,"2026-02-15",2233,"N20","nominal","2.0NRT",293.49,3.06,"N"
"16436",13.5838,37.18224,311.11,0.62,0.54,"2026-02-15",2233,"N20","nominal","2.0NRT",294.81,3.06,"N"
"16437",13.7538,35.26466,304.92,0.42,0.61,"2026-02-15",2233,"N20","nominal","2.0NRT",294.52,1.21,"N"
"16438",13.75564,35.26833,305.17,0.42,0.61,"2026-02-15",2233,"N20","nominal","2.0NRT",293.83,0.94,"N"
"16439",13.21507,37.66927,329.93,0.57,0.52,"2026-02-15",2233,"N20","nominal","2.0NRT",292.54,4.48,"N"
"16440",13.3745,35.59023,367,0.39,0.6,"2026-02-15",2233,"N20","high","2.0NRT",295.31,9.04,"N"
"16441",13.37405,35.59389,315.78,0.39,0.6,"2026-02-15",2233,"N20","nominal","2.0NRT",294.52,5.98,"N"
"16442",13.36901,35.58957,367,0.39,0.6,"2026-02-15",2233,"N20","high","2.0NRT",296.97,18.44,"N"
"16443",13.36856,35.59323,327.77,0.39,0.6,"2026-02-15",2233,"N20","nominal","2.0NRT",295.69,12.28,"N"
"16444",13.46654,33.86364,336.94,0.52,0.67,"2026-02-15",2233,"N20","nominal","2.0NRT",293.97,5.44,"N"
"16445",13.46602,33.86845,315.37,0.52,0.67,"2026-02-15",2233,"N20","nominal","2.0NRT",294.32,4.81,"N"
"16446",13.46645,33.86459,340.68,0.52,0.67,"2026-02-15",2233,"N20","nominal","2.0NRT",294.46,3.64,"N"
"16447",13.4659,33.86938,309.55,0.52,0.66,"2026-02-15",2233,"N20","nominal","2.0NRT",294.25,3.64,"N"
"16448",13.46535,33.87418,304.06,0.52,0.66,"2026-02-15",2233,"N20","nominal","2.0NRT",293.76,1.56,"N"
"16449",12.87933,36.5807,305.79,0.33,0.55,"2026-02-15",2233,"N20","nominal","2.0NRT",292.98,0.66,"N"
"16450",12.64919,36.95392,302.2,0.62,0.54,"2026-02-15",2233,"N20","nominal","2.0NRT",290.53,1.55,"N"
"16451",13.07194,32.98363,321.2,0.58,0.7,"2026-02-15",2233,"N20","nominal","2.0NRT",291.03,3.47,"N"
"16452",13.03691,33.06687,301.71,0.58,0.69,"2026-02-15",2233,"N20","nominal","2.0NRT",290.83,0.81,"N"
"16453",13.07077,32.98388,320.85,0.58,0.7,"2026-02-15",2233,"N20","nominal","2.0NRT",290.86,3.41,"N"
"16454",13.03518,33.06705,301.87,0.58,0.69,"2026-02-15",2233,"N20","nominal","2.0NRT",291.59,0.91,"N"
"16455",11.41271,40.29016,301.11,0.55,0.42,"2026-02-15",2233,"N20","nominal","2.0NRT",290.73,0.74,"N"
"16456",11.77072,35.99829,315.11,0.35,0.57,"2026-02-15",2233,"N20","nominal","2.0NRT",293.85,1.5,"N"
"16457",12.15167,31.76144,305.87,0.69,0.74,"2026-02-15",2233,"N20","nominal","2.0NRT",290.55,1.11,"N"
"16458",12.1573,30.99882,299.3,0.77,0.78,"2026-02-15",2233,"N20","nominal","2.0NRT",288.24,1.62,"N"
"16459",12.14615,31.00609,297.41,0.77,0.78,"2026-02-15",2233,"N20","nominal","2.0NRT",287.26,0.91,"N"
"16460",11.46632,36.03869,310.27,0.35,0.56,"2026-02-15",2233,"N20","nominal","2.0NRT",289.87,1.68,"N"
"16461",11.46592,36.04185,306.52,0.35,0.56,"2026-02-15",2233,"N20","nominal","2.0NRT",290.7,1.6,"N"
"16462",11.78437,33.22215,304.4,0.54,0.68,"2026-02-15",2233,"N20","nominal","2.0NRT",291.18,0.46,"N"
"16463",11.46202,35.86219,303.75,0.36,0.57,"2026-02-15",2233,"N20","nominal","2.0NRT",292.73,0.58,"N"
"16464",11.36868,35.75343,299.93,0.36,0.57,"2026-02-15",2233,"N20","nominal","2.0NRT",287,0.59,"N"
"16465",11.31989,35.97486,304.03,0.35,0.57,"2026-02-15",2233,"N20","nominal","2.0NRT",292.82,1.15,"N"
"16466",11.31922,35.98021,306.58,0.35,0.57,"2026-02-15",2233,"N20","nominal","2.0NRT",293.3,1.48,"N"
"16467",11.31888,35.98291,317.89,0.35,0.57,"2026-02-15",2233,"N20","nominal","2.0NRT",294.45,1.48,"N"
"16468",11.31819,35.98849,307.71,0.35,0.57,"2026-02-15",2233,"N20","nominal","2.0NRT",291.26,1.55,"N"
"16469",11.31638,36.00295,302.02,0.35,0.56,"2026-02-15",2233,"N20","nominal","2.0NRT",289.25,0.39,"N"
"16470",11.31603,36.00578,300.79,0.35,0.56,"2026-02-15",2233,"N20","nominal","2.0NRT",289.4,0.39,"N"
"16471",11.31228,35.9935,306.62,0.35,0.56,"2026-02-15",2233,"N20","nominal","2.0NRT",291.89,0.64,"N"
"16472",11.51462,34.26366,349.92,0.46,0.63,"2026-02-15",2233,"N20","nominal","2.0NRT",292.22,7.72,"N"
"16473",11.51413,34.26783,318.74,0.46,0.63,"2026-02-15",2233,"N20","nominal","2.0NRT",292.86,5.89,"N"
"16474",11.30716,35.99227,302.25,0.35,0.56,"2026-02-15",2233,"N20","nominal","2.0NRT",290.69,0.64,"N"
"16475",11.32285,35.98387,314.1,0.35,0.57,"2026-02-15",2233,"N20","nominal","2.0NRT",293.42,1.45,"N"
"16476",11.32213,35.9893,305.37,0.35,0.56,"2026-02-15",2233,"N20","nominal","2.0NRT",291.71,1.86,"N"
"16477",11.3188,35.97453,305.43,0.35,0.57,"2026-02-15",2233,"N20","nominal","2.0NRT",292.59,1.07,"N"
"16478",11.31774,35.98256,314.48,0.35,0.57,"2026-02-15",2233,"N20","nominal","2.0NRT",293.13,1.45,"N"
"16479",11.31509,36.00266,301,0.35,0.56,"2026-02-15",2233,"N20","nominal","2.0NRT",289.61,0.4,"N"
"16480",11.31472,36.0055,308.5,0.35,0.56,"2026-02-15",2233,"N20","nominal","2.0NRT",289.66,0.4,"N"
"16481",11.31107,35.99311,310.93,0.35,0.56,"2026-02-15",2233,"N20","nominal","2.0NRT",292.23,0.93,"N"
"16482",11.51491,34.26587,367,0.46,0.63,"2026-02-15",2233,"N20","high","2.0NRT",295.19,9.69,"N"
"16483",11.2916,35.98047,324.73,0.35,0.57,"2026-02-15",2233,"N20","nominal","2.0NRT",291.8,2.06,"N"
"16484",11.50907,34.26511,313.72,0.46,0.63,"2026-02-15",2233,"N20","nominal","2.0NRT",291.34,1.5,"N"
"16485",11.29235,35.97474,305.19,0.35,0.57,"2026-02-15",2233,"N20","nominal","2.0NRT",290.27,0.7,"N"
"16486",11.29197,35.97762,305.26,0.35,0.57,"2026-02-15",2233,"N20","nominal","2.0NRT",290.61,0.7,"N"
"16487",11.29123,35.98331,317.68,0.35,0.56,"2026-02-15",2233,"N20","nominal","2.0NRT",292.49,2.06,"N"
"16488",11.49722,34.21671,312,0.46,0.64,"2026-02-15",2233,"N20","nominal","2.0NRT",292.37,1.29,"N"
"16489",11.26911,35.82449,313.11,0.36,0.57,"2026-02-15",2233,"N20","nominal","2.0NRT",292.54,1.64,"N"
"16490",11.2687,35.82774,308.47,0.36,0.57,"2026-02-15",2233,"N20","nominal","2.0NRT",292.92,1.34,"N"
"16491",11.70405,31.62911,310.06,0.69,0.75,"2026-02-15",2233,"N20","nominal","2.0NRT",289.47,1.95,"N"
"16492",11.70356,31.62755,305.65,0.69,0.74,"2026-02-15",2233,"N20","nominal","2.0NRT",288.92,1.51,"N"
"16493",11.24725,35.14628,309.44,0.4,0.6,"2026-02-15",2233,"N20","nominal","2.0NRT",295.26,2.47,"N"
"16494",11.22925,35.24677,311.59,0.39,0.59,"2026-02-15",2233,"N20","nominal","2.0NRT",290.8,3.38,"N"
"16495",11.1147,36.15641,314.44,0.34,0.56,"2026-02-15",2233,"N20","nominal","2.0NRT",285.78,0.59,"N"
"16496",11.17157,35.5783,302.3,0.37,0.58,"2026-02-15",2233,"N20","nominal","2.0NRT",290.78,0.56,"N"
"16497",11.0884,36.07522,309.68,0.34,0.56,"2026-02-15",2233,"N20","nominal","2.0NRT",290.14,1.44,"N"
"16498",11.08799,36.07845,309.16,0.34,0.56,"2026-02-15",2233,"N20","nominal","2.0NRT",288.76,1.44,"N"
"16499",11.08283,36.07788,309.95,0.34,0.56,"2026-02-15",2233,"N20","nominal","2.0NRT",284.94,1.44,"N"
"16500",11.08244,36.08106,304.97,0.34,0.56,"2026-02-15",2233,"N20","nominal","2.0NRT",283.31,1.58,"N"
"16501",11.09125,36.07684,315.14,0.34,0.56,"2026-02-15",2233,"N20","nominal","2.0NRT",290.5,2.91,"N"
"16502",11.08609,36.07627,305.19,0.34,0.56,"2026-02-15",2233,"N20","nominal","2.0NRT",287.16,1.34,"N"
"16503",11.08566,36.07948,306.55,0.34,0.56,"2026-02-15",2233,"N20","nominal","2.0NRT",284.49,1.34,"N"
"16504",11.0805,36.07893,309.51,0.34,0.56,"2026-02-15",2233,"N20","nominal","2.0NRT",280.3,1.34,"N"
"16505",11.08008,36.0821,299.58,0.34,0.56,"2026-02-15",2233,"N20","nominal","2.0NRT",280.17,1.75,"N"
"16506",11.0968,35.58304,306.11,0.37,0.58,"2026-02-15",2233,"N20","nominal","2.0NRT",291.65,1.11,"N"
"16507",11.0915,35.58221,309.8,0.37,0.58,"2026-02-15",2233,"N20","nominal","2.0NRT",291.74,1.11,"N"
"16508",11.55386,31.52831,301.91,0.7,0.75,"2026-02-15",2233,"N20","nominal","2.0NRT",289.99,2.25,"N"
"16509",11.55314,31.53478,309.49,0.7,0.75,"2026-02-15",2233,"N20","nominal","2.0NRT",290.56,2.31,"N"
"16510",11.09473,35.24916,317.92,0.39,0.59,"2026-02-15",2233,"N20","nominal","2.0NRT",294.6,3.67,"N"
"16511",11.09317,35.2482,320.2,0.39,0.59,"2026-02-15",2233,"N20","nominal","2.0NRT",294.11,4.87,"N"
"16512",11.55306,31.53307,319.19,0.7,0.75,"2026-02-15",2233,"N20","nominal","2.0NRT",290.71,3.18,"N"
"16513",11.35198,32.02805,301.11,0.65,0.73,"2026-02-15",2233,"N20","nominal","2.0NRT",290.3,0.48,"N"
"16514",11.3553,32.02834,303.14,0.64,0.72,"2026-02-15",2233,"N20","nominal","2.0NRT",290.89,0.48,"N"
"16515",10.81771,36.29057,306.72,0.33,0.55,"2026-02-15",2233,"N20","nominal","2.0NRT",287.52,0.77,"N"
"16516",10.84876,35.85192,310.23,0.35,0.57,"2026-02-15",2233,"N20","nominal","2.0NRT",290.34,1.79,"N"
"16517",10.92789,35.05396,323.29,0.4,0.6,"2026-02-15",2233,"N20","nominal","2.0NRT",294.69,6.7,"N"
"16518",10.92743,35.0576,314.24,0.4,0.6,"2026-02-15",2233,"N20","nominal","2.0NRT",295.41,8.31,"N"
"16519",10.92238,35.0533,322.54,0.4,0.6,"2026-02-15",2233,"N20","nominal","2.0NRT",294,6.7,"N"
"16520",10.92193,35.05693,367,0.4,0.6,"2026-02-15",2233,"N20","high","2.0NRT",299.86,8.31,"N"
"16521",10.92148,35.06056,311.6,0.4,0.6,"2026-02-15",2233,"N20","nominal","2.0NRT",295.12,8.31,"N"
"16522",10.63321,36.60792,303.18,0.62,0.54,"2026-02-15",2233,"N20","nominal","2.0NRT",287.9,1.32,"N"
"16523",10.62184,36.61828,303.21,0.62,0.54,"2026-02-15",2233,"N20","nominal","2.0NRT",288.28,1.05,"N"
"16524",10.71985,35.81602,305.66,0.35,0.57,"2026-02-15",2233,"N20","nominal","2.0NRT",291.1,1.78,"N"
"16525",10.71465,35.81528,303.97,0.35,0.57,"2026-02-15",2233,"N20","nominal","2.0NRT",291.44,1.47,"N"
"16526",10.62537,36.28008,306.75,0.32,0.55,"2026-02-15",2233,"N20","nominal","2.0NRT",291.62,0.6,"N"
"16527",10.71513,35.4392,306.09,0.37,0.58,"2026-02-15",2233,"N20","nominal","2.0NRT",290.26,0.61,"N"
"16528",10.70536,35.43066,307.55,0.37,0.58,"2026-02-15",2233,"N20","nominal","2.0NRT",288.88,1.45,"N"
"16529",10.69885,35.26763,313.44,0.38,0.59,"2026-02-15",2233,"N20","nominal","2.0NRT",290.15,1.11,"N"
"16530",10.6984,35.27114,306.98,0.38,0.59,"2026-02-15",2233,"N20","nominal","2.0NRT",290.33,1.11,"N"
"16531",10.51304,36.59295,313.64,0.62,0.54,"2026-02-15",2233,"N20","nominal","2.0NRT",292.92,3,"N"
"16532",10.63988,35.51954,311.29,0.37,0.58,"2026-02-15",2233,"N20","nominal","2.0NRT",291.55,1.67,"N"
"16533",10.53852,36.27766,307.06,0.32,0.55,"2026-02-15",2233,"N20","nominal","2.0NRT",292.77,1.03,"N"
"16534",10.53426,36.27094,309.71,0.32,0.55,"2026-02-15",2233,"N20","nominal","2.0NRT",293.5,2.5,"N"
"16535",10.53338,36.27785,313.08,0.32,0.55,"2026-02-15",2233,"N20","nominal","2.0NRT",292.29,1.03,"N"
"16536",10.533,36.28085,314.16,0.32,0.55,"2026-02-15",2233,"N20","nominal","2.0NRT",292.7,1.03,"N"
"16537",10.52912,36.2711,338.12,0.32,0.55,"2026-02-15",2233,"N20","nominal","2.0NRT",291.84,2.04,"N"
"16538",10.52791,36.28056,324.6,0.32,0.55,"2026-02-15",2233,"N20","nominal","2.0NRT",293.87,1.52,"N"
"16539",10.52869,36.27446,315.59,0.32,0.55,"2026-02-15",2233,"N20","nominal","2.0NRT",292.29,2.04,"N"
"16540",10.52827,36.27779,304.31,0.32,0.55,"2026-02-15",2233,"N20","nominal","2.0NRT",292.03,1.52,"N"
"16541",9.96929,40.42036,309.8,0.52,0.41,"2026-02-15",2233,"N20","nominal","2.0NRT",288.28,2,"N"
"16542",9.96862,40.42505,319.65,0.51,0.41,"2026-02-15",2233,"N20","nominal","2.0NRT",289.93,2,"N"
"16543",10.5233,36.27654,320.9,0.32,0.55,"2026-02-15",2233,"N20","nominal","2.0NRT",291.35,1.52,"N"
"16544",10.61959,35.50896,304.06,0.37,0.58,"2026-02-15",2233,"N20","nominal","2.0NRT",292.48,1.18,"N"
"16545",10.52368,36.27356,307.93,0.32,0.55,"2026-02-15",2233,"N20","nominal","2.0NRT",290.77,2.04,"N"
"16546",10.52295,36.27929,313.69,0.32,0.55,"2026-02-15",2233,"N20","nominal","2.0NRT",292.05,1.52,"N"
"16547",9.9655,40.4198,305.4,0.52,0.41,"2026-02-15",2233,"N20","nominal","2.0NRT",288.29,2,"N"
"16548",10.50245,36.58215,302.36,0.62,0.54,"2026-02-15",2233,"N20","nominal","2.0NRT",290.97,0.29,"N"
"16549",10.53473,36.27073,310.16,0.32,0.55,"2026-02-15",2233,"N20","nominal","2.0NRT",293.68,1.64,"N"
"16550",10.53379,36.27766,308.22,0.32,0.55,"2026-02-15",2233,"N20","nominal","2.0NRT",292.27,1.62,"N"
"16551",10.53338,36.28069,307.89,0.32,0.55,"2026-02-15",2233,"N20","nominal","2.0NRT",292.65,1.62,"N"
"16552",10.52958,36.27094,330.97,0.32,0.55,"2026-02-15",2233,"N20","nominal","2.0NRT",291.68,1.64,"N"
"16553",10.52829,36.28049,326.28,0.32,0.55,"2026-02-15",2233,"N20","nominal","2.0NRT",293.33,1.62,"N"
"16554",10.52912,36.27431,313.16,0.32,0.55,"2026-02-15",2233,"N20","nominal","2.0NRT",292.04,1.64,"N"
"16555",10.52794,36.28309,308.89,0.32,0.55,"2026-02-15",2233,"N20","nominal","2.0NRT",292.87,2.07,"N"
"16556",10.5237,36.27647,323.17,0.32,0.55,"2026-02-15",2233,"N20","nominal","2.0NRT",291.44,1.72,"N"
"16557",10.52333,36.27924,320.84,0.32,0.55,"2026-02-15",2233,"N20","nominal","2.0NRT",292.49,1.72,"N"
"16558",10.52452,36.27039,311.87,0.32,0.55,"2026-02-15",2233,"N20","nominal","2.0NRT",289.85,1.31,"N"
"16559",10.52411,36.27348,313.78,0.32,0.55,"2026-02-15",2233,"N20","nominal","2.0NRT",290.87,1.31,"N"
"16560",10.61569,35.50602,316.34,0.37,0.58,"2026-02-15",2233,"N20","nominal","2.0NRT",291.89,1.62,"N"
"16561",10.61523,35.50957,316.22,0.37,0.58,"2026-02-15",2233,"N20","nominal","2.0NRT",292.89,1.62,"N"
"16562",10.41898,36.86729,315.03,0.59,0.53,"2026-02-15",2233,"N20","nominal","2.0NRT",292.25,2.79,"N"
"16563",10.4178,36.87605,307.81,0.59,0.53,"2026-02-15",2233,"N20","nominal","2.0NRT",293.48,3.85,"N"
"16564",10.4142,36.8663,308.45,0.59,0.53,"2026-02-15",2233,"N20","nominal","2.0NRT",293.48,2.43,"N"
"16565",10.41304,36.87492,306.81,0.59,0.53,"2026-02-15",2233,"N20","nominal","2.0NRT",293.29,3.94,"N"
"16566",9.33753,43.89545,303.34,0.39,0.36,"2026-02-15",2233,"N20","nominal","2.0NRT",280.57,0.51,"N"
"16567",10.40593,36.24174,303.03,0.32,0.55,"2026-02-15",2233,"N20","nominal","2.0NRT",285.4,0.76,"N"
"16568",10.40548,36.24506,304.44,0.32,0.55,"2026-02-15",2233,"N20","nominal","2.0NRT",286.3,0.76,"N"
"16569",10.40165,36.2354,322.37,0.32,0.55,"2026-02-15",2233,"N20","nominal","2.0NRT",291.43,1.18,"N"
"16570",10.40127,36.23824,305.04,0.32,0.55,"2026-02-15",2233,"N20","nominal","2.0NRT",289.55,1.18,"N"
"16571",10.40087,36.24118,304.03,0.32,0.55,"2026-02-15",2233,"N20","nominal","2.0NRT",289.08,2.11,"N"
"16572",10.39654,36.23524,305.04,0.32,0.55,"2026-02-15",2233,"N20","nominal","2.0NRT",290.37,1.18,"N"
"16573",10.87561,32.11976,303.56,0.63,0.72,"2026-02-15",2233,"N20","nominal","2.0NRT",290.26,1.21,"N"
"16574",10.27295,36.67572,314.57,0.6,0.53,"2026-02-15",2233,"N20","nominal","2.0NRT",293.89,1.77,"N"
"16575",10.26793,36.6762,311.11,0.6,0.53,"2026-02-15",2233,"N20","nominal","2.0NRT",292.67,1.77,"N"
"16576",10.26366,36.67085,324.51,0.6,0.53,"2026-02-15",2233,"N20","nominal","2.0NRT",292.91,2.31,"N"
"16577",10.28585,36.49887,303.43,0.62,0.54,"2026-02-15",2233,"N20","nominal","2.0NRT",290.77,1.23,"N"
"16578",10.2852,36.50386,302.8,0.62,0.54,"2026-02-15",2233,"N20","nominal","2.0NRT",291.55,1.23,"N"
"16579",10.28227,36.48763,326.99,0.62,0.54,"2026-02-15",2233,"N20","nominal","2.0NRT",292.11,3.35,"N"
"16580",10.28163,36.49262,313.28,0.62,0.54,"2026-02-15",2233,"N20","nominal","2.0NRT",292.29,3.35,"N"
"16581",10.28098,36.49764,304.35,0.62,0.54,"2026-02-15",2233,"N20","nominal","2.0NRT",291.54,1.23,"N"
"16582",10.2586,36.67163,308.46,0.6,0.53,"2026-02-15",2233,"N20","nominal","2.0NRT",291.57,2.31,"N"
"16583",10.27521,36.6736,306.45,0.6,0.53,"2026-02-15",2233,"N20","nominal","2.0NRT",292.87,1.86,"N"
"16584",10.27022,36.6737,315.06,0.6,0.53,"2026-02-15",2233,"N20","nominal","2.0NRT",293.68,1.86,"N"
"16585",10.26515,36.67442,324.35,0.6,0.53,"2026-02-15",2233,"N20","nominal","2.0NRT",293.24,2.68,"N"
"16586",10.28377,36.50188,312.75,0.62,0.54,"2026-02-15",2233,"N20","nominal","2.0NRT",292.21,2.44,"N"
"16587",10.26092,36.66903,302.74,0.6,0.53,"2026-02-15",2233,"N20","nominal","2.0NRT",291.77,2.68,"N"
"16588",10.2601,36.67502,312.07,0.6,0.53,"2026-02-15",2233,"N20","nominal","2.0NRT",292.25,2.68,"N"
"16589",10.28097,36.48546,325.89,0.62,0.54,"2026-02-15",2233,"N20","nominal","2.0NRT",292.4,4.59,"N"
"16590",10.28027,36.4906,318.38,0.62,0.54,"2026-02-15",2233,"N20","nominal","2.0NRT",292.6,5.22,"N"
"16591",10.41183,35.34787,310.42,0.37,0.58,"2026-02-15",2233,"N20","nominal","2.0NRT",293.08,0.88,"N"
"16592",10.26114,36.48321,304.09,0.62,0.54,"2026-02-15",2233,"N20","nominal","2.0NRT",291.67,1.41,"N"
"16593",10.25471,36.53091,309.19,0.62,0.54,"2026-02-15",2233,"N20","nominal","2.0NRT",291.15,1.75,"N"
"16594",10.25632,36.48159,303.85,0.62,0.54,"2026-02-15",2233,"N20","nominal","2.0NRT",290.69,1.41,"N"
"16595",10.25052,36.52476,302.97,0.62,0.54,"2026-02-15",2233,"N20","nominal","2.0NRT",291.01,2.1,"N"
"16596",10.24971,36.53079,308.2,0.62,0.54,"2026-02-15",2233,"N20","nominal","2.0NRT",291.01,1.75,"N"
"16597",10.35193,35.72281,331.01,0.35,0.57,"2026-02-15",2233,"N20","nominal","2.0NRT",291.14,2.15,"N"
"16598",10.80561,32.10255,302.8,0.63,0.72,"2026-02-15",2233,"N20","nominal","2.0NRT",290.92,1.19,"N"
"16599",10.3515,35.72603,306.34,0.35,0.57,"2026-02-15",2233,"N20","nominal","2.0NRT",290.55,3.09,"N"
"16600",10.24555,36.52435,316.76,0.62,0.54,"2026-02-15",2233,"N20","nominal","2.0NRT",291.45,2.78,"N"
"16601",10.34496,35.73545,346.45,0.35,0.57,"2026-02-15",2233,"N20","nominal","2.0NRT",292.28,4.07,"N"
"16602",10.34457,35.73849,333.82,0.35,0.57,"2026-02-15",2233,"N20","nominal","2.0NRT",292.81,3.4,"N"
"16603",10.34665,35.72259,310.27,0.35,0.57,"2026-02-15",2233,"N20","nominal","2.0NRT",290.62,2.15,"N"
"16604",10.34537,35.73239,306.9,0.35,0.57,"2026-02-15",2233,"N20","nominal","2.0NRT",289.75,4.07,"N"
"16605",10.3442,35.74131,305.57,0.35,0.57,"2026-02-15",2233,"N20","nominal","2.0NRT",290.91,3.4,"N"
"16606",10.33905,35.74015,322.34,0.35,0.57,"2026-02-15",2233,"N20","nominal","2.0NRT",291.46,1.54,"N"
"16607",10.93925,30.83745,311.56,0.77,0.77,"2026-02-15",2233,"N20","nominal","2.0NRT",291.91,2.82,"N"
"16608",10.47496,34.68592,303.7,0.41,0.61,"2026-02-15",2233,"N20","nominal","2.0NRT",292.49,1.18,"N"
"16609",10.3414,35.72218,302.9,0.35,0.57,"2026-02-15",2233,"N20","nominal","2.0NRT",290.24,1.06,"N"
"16610",10.34099,35.7253,311.62,0.35,0.57,"2026-02-15",2233,"N20","nominal","2.0NRT",290.31,1.52,"N"
"16611",10.34059,35.72838,318.62,0.35,0.57,"2026-02-15",2233,"N20","nominal","2.0NRT",290.88,1.52,"N"
"16612",10.33941,35.73738,305.48,0.35,0.57,"2026-02-15",2233,"N20","nominal","2.0NRT",290.35,1.54,"N"
"16613",10.33413,35.7777,312.12,0.35,0.57,"2026-02-15",2233,"N20","nominal","2.0NRT",291.26,1.36,"N"
"16614",10.33464,35.73327,308,0.35,0.57,"2026-02-15",2233,"N20","nominal","2.0NRT",289.55,2.39,"N"
"16615",10.32986,35.72932,308.2,0.35,0.57,"2026-02-15",2233,"N20","nominal","2.0NRT",288.65,0.79,"N"
"16616",10.25503,36.30078,312.63,0.32,0.55,"2026-02-15",2233,"N20","nominal","2.0NRT",293.69,1.21,"N"
"16617",10.17736,36.88564,301.26,0.58,0.52,"2026-02-15",2233,"N20","nominal","2.0NRT",283.44,2.01,"N"
"16618",10.29921,35.92437,301.5,0.34,0.56,"2026-02-15",2233,"N20","nominal","2.0NRT",290.35,0.51,"N"
"16619",10.24983,36.30162,307.27,0.32,0.55,"2026-02-15",2233,"N20","nominal","2.0NRT",293.8,1.21,"N"
"16620",10.1366,36.74727,298.61,0.59,0.53,"2026-02-15",2233,"N20","nominal","2.0NRT",287.43,1.19,"N"
"16621",9.85203,38.69516,298.66,0.44,0.46,"2026-02-15",2233,"N20","nominal","2.0NRT",282.98,0.58,"N"
"16622",9.84828,38.69125,295.2,0.44,0.46,"2026-02-15",2233,"N20","nominal","2.0NRT",282.67,0.66,"N"
"16623",9.84779,38.69474,296.47,0.44,0.46,"2026-02-15",2233,"N20","nominal","2.0NRT",283.16,0.82,"N"
"16624",9.81724,38.87956,304.11,0.42,0.45,"2026-02-15",2233,"N20","nominal","2.0NRT",285.25,0.89,"N"
"16625",10.19909,36.07032,305.3,0.33,0.55,"2026-02-15",2233,"N20","nominal","2.0NRT",290.92,0.65,"N"
"16626",10.26495,35.48927,303.63,0.36,0.58,"2026-02-15",2233,"N20","nominal","2.0NRT",290.69,0.66,"N"
"16627",10.15044,36.32085,313.93,0.63,0.54,"2026-02-15",2233,"N20","nominal","2.0NRT",291.79,2.27,"N"
"16628",10.14928,36.32961,301.27,0.63,0.54,"2026-02-15",2233,"N20","nominal","2.0NRT",290.3,2.27,"N"
"16629",10.18626,35.93069,318.96,0.34,0.56,"2026-02-15",2233,"N20","nominal","2.0NRT",290.46,0.7,"N"
"16630",10.19988,35.70327,333.42,0.35,0.57,"2026-02-15",2233,"N20","nominal","2.0NRT",288.08,2.31,"N"
"16631",10.01116,37.10967,313.74,0.56,0.51,"2026-02-15",2233,"N20","nominal","2.0NRT",288.74,1.9,"N"
"16632",10.3323,34.56555,314.52,0.42,0.61,"2026-02-15",2233,"N20","nominal","2.0NRT",290.3,1.16,"N"
"16633",9.99372,37.20492,309.34,0.55,0.51,"2026-02-15",2233,"N20","nominal","2.0NRT",289.92,1.01,"N"
"16634",9.99309,37.20963,302.03,0.55,0.51,"2026-02-15",2233,"N20","nominal","2.0NRT",289.92,1.01,"N"
"16635",9.98898,37.20469,341.41,0.55,0.51,"2026-02-15",2233,"N20","nominal","2.0NRT",292.23,7.59,"N"
"16636",9.98837,37.20924,316.06,0.55,0.51,"2026-02-15",2233,"N20","nominal","2.0NRT",290.92,7.59,"N"
"16637",10.33368,34.41342,305.21,0.43,0.62,"2026-02-15",2233,"N20","nominal","2.0NRT",291.56,0.67,"N"
"16638",10.33444,34.56569,313.18,0.42,0.61,"2026-02-15",2233,"N20","nominal","2.0NRT",289.92,1.48,"N"
"16639",10.33127,34.41323,305.79,0.43,0.62,"2026-02-15",2233,"N20","nominal","2.0NRT",291.96,0.92,"N"
"16640",10.25941,34.79269,347.86,0.41,0.6,"2026-02-15",2233,"N20","nominal","2.0NRT",293.5,3.74,"N"
"16641",10.28264,34.6123,300.48,0.42,0.61,"2026-02-15",2233,"N20","nominal","2.0NRT",289.64,0.94,"N"
"16642",10.25893,34.79642,312.98,0.41,0.6,"2026-02-15",2233,"N20","nominal","2.0NRT",291.72,3.74,"N"
"16643",9.93229,37.25147,314.9,0.54,0.51,"2026-02-15",2233,"N20","nominal","2.0NRT",290.43,3.09,"N"
"16644",10.27696,34.61216,310.67,0.42,0.61,"2026-02-15",2233,"N20","nominal","2.0NRT",290.31,0.94,"N"
"16645",9.92729,37.21841,302.56,0.55,0.51,"2026-02-15",2233,"N20","nominal","2.0NRT",289.47,1.02,"N"
"16646",9.92668,37.22291,307.23,0.55,0.51,"2026-02-15",2233,"N20","nominal","2.0NRT",290.55,1.02,"N"
"16647",9.92346,37.24649,309.84,0.54,0.51,"2026-02-15",2233,"N20","nominal","2.0NRT",291.85,1.99,"N"
"16648",10.22442,34.93372,300.99,0.4,0.6,"2026-02-15",2233,"N20","nominal","2.0NRT",290.98,0.62,"N"
"16649",10.22397,34.93718,305.29,0.4,0.6,"2026-02-15",2233,"N20","nominal","2.0NRT",291.2,0.62,"N"
"16650",9.92201,37.22225,301.62,0.55,0.51,"2026-02-15",2233,"N20","nominal","2.0NRT",289.32,1.02,"N"
"16651",9.92007,37.23648,306.35,0.55,0.51,"2026-02-15",2233,"N20","nominal","2.0NRT",289.75,1.56,"N"
"16652",10.24002,34.76791,305.75,0.41,0.6,"2026-02-15",2233,"N20","nominal","2.0NRT",290.79,0.92,"N"
"16653",9.91484,37.23998,303.36,0.55,0.51,"2026-02-15",2233,"N20","nominal","2.0NRT",289.39,0.45,"N"
"16654",9.90012,37.24331,317.52,0.54,0.51,"2026-02-15",2233,"N20","nominal","2.0NRT",290.72,2.11,"N"
"16655",9.89943,37.24846,305.6,0.54,0.51,"2026-02-15",2233,"N20","nominal","2.0NRT",291.86,2.11,"N"
"16656",10.17665,35.04672,307.43,0.39,0.59,"2026-02-15",2233,"N20","nominal","2.0NRT",291.86,1.56,"N"
"16657",10.04487,35.77769,308.13,0.34,0.56,"2026-02-15",2233,"N20","nominal","2.0NRT",291.74,1.42,"N"
"16658",10.1703,34.70163,300.01,0.41,0.61,"2026-02-15",2233,"N20","nominal","2.0NRT",289.62,0.55,"N"
"16659",9.82216,37.23686,311.17,0.54,0.51,"2026-02-15",2233,"N20","nominal","2.0NRT",284.05,1.23,"N"
"16660",9.8215,37.24166,301.69,0.54,0.51,"2026-02-15",2233,"N20","nominal","2.0NRT",279.21,1.23,"N"
"16661",9.87666,36.7646,308.1,0.59,0.53,"2026-02-15",2233,"N20","nominal","2.0NRT",288.96,1.64,"N"
"16662",9.87603,36.76925,300.17,0.59,0.53,"2026-02-15",2233,"N20","nominal","2.0NRT",288.43,1.64,"N"
"16663",9.87194,36.76314,316.34,0.59,0.53,"2026-02-15",2233,"N20","nominal","2.0NRT",288.93,4.1,"N"
"16664",9.83928,36.86086,320.61,0.58,0.52,"2026-02-15",2233,"N20","nominal","2.0NRT",285.37,3.99,"N"
"16665",9.8533,36.75562,302.72,0.59,0.53,"2026-02-15",2233,"N20","nominal","2.0NRT",288.78,3.03,"N"
"16666",9.85273,36.75985,310.92,0.59,0.53,"2026-02-15",2233,"N20","nominal","2.0NRT",288.26,2.53,"N"
"16667",9.83862,36.86584,310.8,0.58,0.52,"2026-02-15",2233,"N20","nominal","2.0NRT",287.23,3.01,"N"
"16668",9.97134,35.73535,306.73,0.35,0.56,"2026-02-15",2233,"N20","nominal","2.0NRT",292.22,0.3,"N"
"16669",10.07184,34.85567,302.51,0.4,0.6,"2026-02-15",2233,"N20","nominal","2.0NRT",289.41,0.68,"N"
"16670",9.34572,40.16107,301.21,0.52,0.42,"2026-02-15",2233,"N20","nominal","2.0NRT",290.53,0.85,"N"
"16671",10.07156,34.8553,299.75,0.4,0.6,"2026-02-15",2233,"N20","nominal","2.0NRT",289.21,0.85,"N"
"16672",10.02171,35.14813,307.64,0.38,0.59,"2026-02-15",2233,"N20","nominal","2.0NRT",292.08,0.72,"N"
"16673",10.04847,34.86055,306.05,0.4,0.6,"2026-02-15",2233,"N20","nominal","2.0NRT",290.36,0.68,"N"
"16674",9.90442,35.90891,327.93,0.34,0.56,"2026-02-15",2233,"N20","nominal","2.0NRT",290.08,1.71,"N"
"16675",9.90402,35.91192,304.51,0.34,0.56,"2026-02-15",2233,"N20","nominal","2.0NRT",291.81,1.35,"N"
"16676",10.02809,34.93114,302.92,0.39,0.6,"2026-02-15",2233,"N20","nominal","2.0NRT",292.16,1.34,"N"
"16677",10.02883,34.83918,300.41,0.4,0.6,"2026-02-15",2233,"N20","nominal","2.0NRT",288.62,1.12,"N"
"16678",10.03284,34.76455,317.08,0.4,0.6,"2026-02-15",2233,"N20","nominal","2.0NRT",289.75,2,"N"
"16679",10.02285,34.84216,302.17,0.4,0.6,"2026-02-15",2233,"N20","nominal","2.0NRT",289.18,0.52,"N"
"16680",9.99977,35.02091,301.78,0.39,0.59,"2026-02-15",2233,"N20","nominal","2.0NRT",291.31,0.91,"N"
"16681",9.89798,35.79987,306,0.34,0.56,"2026-02-15",2233,"N20","nominal","2.0NRT",289.23,0.34,"N"
"16682",10.00939,34.85976,311.33,0.4,0.6,"2026-02-15",2233,"N20","nominal","2.0NRT",291.09,1.4,"N"
"16683",10.00378,34.85986,324.35,0.4,0.6,"2026-02-15",2233,"N20","nominal","2.0NRT",291.23,2.77,"N"
"16684",9.88218,35.71955,336.35,0.35,0.56,"2026-02-15",2233,"N20","nominal","2.0NRT",292.46,3.85,"N"
"16685",9.88181,35.72244,304.65,0.35,0.56,"2026-02-15",2233,"N20","nominal","2.0NRT",291.11,2.22,"N"
"16686",9.83652,35.82924,327.32,0.34,0.56,"2026-02-15",2233,"N20","nominal","2.0NRT",293.6,3.27,"N"
"16687",9.83614,35.83226,307.63,0.34,0.56,"2026-02-15",2233,"N20","nominal","2.0NRT",293.74,1.48,"N"
"16688",9.62248,37.46558,306.46,0.52,0.5,"2026-02-15",2233,"N20","nominal","2.0NRT",290.17,1.48,"N"
"16689",9.95597,34.83967,297.66,0.4,0.6,"2026-02-15",2233,"N20","nominal","2.0NRT",287.46,0.3,"N"
"16690",9.83101,35.83144,307.86,0.34,0.56,"2026-02-15",2233,"N20","nominal","2.0NRT",292.43,1.48,"N"
"16691",9.83035,35.83652,309.59,0.34,0.56,"2026-02-15",2233,"N20","nominal","2.0NRT",291.2,0.8,"N"
"16692",9.83001,35.83917,304.56,0.34,0.56,"2026-02-15",2233,"N20","nominal","2.0NRT",291.11,0.8,"N"
"16693",9.61795,37.46457,307.62,0.52,0.5,"2026-02-15",2233,"N20","nominal","2.0NRT",290.21,1.48,"N"
"16694",9.62167,37.46983,306.26,0.52,0.5,"2026-02-15",2233,"N20","nominal","2.0NRT",288.48,3.33,"N"
"16695",9.83394,35.83167,322.59,0.34,0.56,"2026-02-15",2233,"N20","nominal","2.0NRT",293.74,2.95,"N"
"16696",9.83434,35.82875,317.94,0.34,0.56,"2026-02-15",2233,"N20","nominal","2.0NRT",293.1,2.42,"N"
"16697",9.83321,35.83705,304.07,0.34,0.56,"2026-02-15",2233,"N20","nominal","2.0NRT",292.49,0.88,"N"
"16698",9.83287,35.83961,309.89,0.34,0.56,"2026-02-15",2233,"N20","nominal","2.0NRT",291.65,0.88,"N"
"16699",9.74791,36.2014,319.08,0.32,0.55,"2026-02-15",2233,"N20","nominal","2.0NRT",289.26,0.93,"N"
"16700",9.7475,36.2045,304.14,0.32,0.55,"2026-02-15",2233,"N20","nominal","2.0NRT",289.67,0.93,"N"
"16701",9.74105,36.21459,330.75,0.32,0.54,"2026-02-15",2233,"N20","nominal","2.0NRT",290.32,1.15,"N"
"16702",9.92395,34.82618,299.88,0.4,0.6,"2026-02-15",2233,"N20","nominal","2.0NRT",287.51,0.8,"N"
"16703",9.74145,36.21156,302.04,0.32,0.54,"2026-02-15",2233,"N20","nominal","2.0NRT",288.86,1.15,"N"
"16704",9.93446,34.70124,341.24,0.41,0.6,"2026-02-15",2233,"N20","nominal","2.0NRT",288.28,4.24,"N"
"16705",9.73787,36.20025,309.19,0.32,0.55,"2026-02-15",2233,"N20","nominal","2.0NRT",289.74,1.28,"N"
"16706",9.73624,36.21244,313.38,0.32,0.54,"2026-02-15",2233,"N20","nominal","2.0NRT",289.5,1.15,"N"
"16707",9.92888,34.70068,305.76,0.41,0.6,"2026-02-15",2233,"N20","nominal","2.0NRT",287.29,1.07,"N"
"16708",9.73297,36.19872,306.68,0.32,0.55,"2026-02-15",2233,"N20","nominal","2.0NRT",287.92,0.53,"N"
"16709",9.92427,34.69263,298.1,0.41,0.6,"2026-02-15",2233,"N20","nominal","2.0NRT",286.46,1.29,"N"
"16710",9.90689,34.82823,300.18,0.4,0.6,"2026-02-15",2233,"N20","nominal","2.0NRT",287.27,0.64,"N"
"16711",9.81597,35.52998,317.44,0.36,0.57,"2026-02-15",2233,"N20","nominal","2.0NRT",291.43,1.59,"N"
"16712",9.80926,35.54054,327.1,0.35,0.57,"2026-02-15",2233,"N20","nominal","2.0NRT",292.69,2.57,"N"
"16713",9.79189,35.6736,320.52,0.35,0.57,"2026-02-15",2233,"N20","nominal","2.0NRT",290.12,3.53,"N"
"16714",9.79149,35.67663,356.24,0.35,0.56,"2026-02-15",2233,"N20","nominal","2.0NRT",293.4,3.53,"N"
"16715",9.81069,35.52955,304.62,0.36,0.57,"2026-02-15",2233,"N20","nominal","2.0NRT",291.51,1.15,"N"
"16716",9.80976,35.53674,305.98,0.36,0.57,"2026-02-15",2233,"N20","nominal","2.0NRT",291.71,2.63,"N"
"16717",9.80674,35.51886,318.58,0.36,0.57,"2026-02-15",2233,"N20","nominal","2.0NRT",290.99,1.69,"N"
"16718",9.8063,35.52225,316.81,0.36,0.57,"2026-02-15",2233,"N20","nominal","2.0NRT",292.34,1.69,"N"
"16719",9.80585,35.52569,303.38,0.36,0.57,"2026-02-15",2233,"N20","nominal","2.0NRT",292.08,1.15,"N"
"16720",9.78669,35.67291,301.52,0.35,0.57,"2026-02-15",2233,"N20","nominal","2.0NRT",289.97,3.53,"N"
"16721",9.7863,35.67593,304.43,0.35,0.56,"2026-02-15",2233,"N20","nominal","2.0NRT",290.66,3.53,"N"
"16722",9.7859,35.67894,318.44,0.35,0.56,"2026-02-15",2233,"N20","nominal","2.0NRT",290.98,4.84,"N"
"16723",9.80103,35.52172,303.26,0.36,0.57,"2026-02-15",2233,"N20","nominal","2.0NRT",291.76,1.14,"N"
"16724",9.42286,38.34039,296.2,0.45,0.47,"2026-02-15",2233,"N20","nominal","2.0NRT",285.51,1.03,"N"
"16725",9.79576,35.52119,318.32,0.36,0.57,"2026-02-15",2233,"N20","nominal","2.0NRT",292.7,1.14,"N"
"16726",9.79488,35.52803,308.05,0.36,0.57,"2026-02-15",2233,"N20","nominal","2.0NRT",291.78,1.85,"N"
"16727",9.79006,35.52403,334.45,0.36,0.57,"2026-02-15",2233,"N20","nominal","2.0NRT",292.58,2.31,"N"
"16728",9.78962,35.52744,318.95,0.36,0.57,"2026-02-15",2233,"N20","nominal","2.0NRT",292.22,2.31,"N"
"16729",9.78918,35.53089,304.33,0.36,0.57,"2026-02-15",2233,"N20","nominal","2.0NRT",291.6,1.24,"N"
"16730",9.74027,35.78753,309.21,0.34,0.56,"2026-02-15",2233,"N20","nominal","2.0NRT",290.26,0.72,"N"
"16731",9.73983,35.79093,303.76,0.34,0.56,"2026-02-15",2233,"N20","nominal","2.0NRT",290.97,0.72,"N"
"16732",9.74331,35.78678,311.91,0.34,0.56,"2026-02-15",2233,"N20","nominal","2.0NRT",289.64,1.66,"N"
"16733",9.62193,36.30253,299.73,0.63,0.54,"2026-02-15",2233,"N20","nominal","2.0NRT",287.74,1.29,"N"
"16734",9.54037,36.86885,300.31,0.57,0.52,"2026-02-15",2233,"N20","nominal","2.0NRT",286.61,0.98,"N"
"16735",9.65736,35.84286,308.96,0.34,0.56,"2026-02-15",2233,"N20","nominal","2.0NRT",291.97,0.93,"N"
"16736",9.61088,36.03958,306.62,0.33,0.55,"2026-02-15",2233,"N20","nominal","2.0NRT",290,0.54,"N"
"16737",10.0675,32.31416,325.51,0.59,0.7,"2026-02-15",2233,"N20","nominal","2.0NRT",290.24,3.01,"N"
"16738",10.06686,32.31963,307.2,0.59,0.7,"2026-02-15",2233,"N20","nominal","2.0NRT",289.97,3.01,"N"
"16739",9.60581,36.03907,302.46,0.33,0.55,"2026-02-15",2233,"N20","nominal","2.0NRT",290.35,0.6,"N"
"16740",10.06661,32.31876,324.67,0.59,0.7,"2026-02-15",2233,"N20","nominal","2.0NRT",290.31,4.55,"N"
"16741",10.06729,32.31331,307.43,0.59,0.7,"2026-02-15",2233,"N20","nominal","2.0NRT",290.8,3.58,"N"
"16742",9.59057,35.85427,304.84,0.34,0.56,"2026-02-15",2233,"N20","nominal","2.0NRT",288.94,0.45,"N"
"16743",9.76444,34.49869,311.52,0.42,0.61,"2026-02-15",2233,"N20","nominal","2.0NRT",291.48,1.82,"N"
"16744",9.58543,35.85377,301.73,0.34,0.56,"2026-02-15",2233,"N20","nominal","2.0NRT",289.34,0.45,"N"
"16745",9.75822,34.50261,326.25,0.42,0.61,"2026-02-15",2233,"N20","nominal","2.0NRT",291.53,1.82,"N"
"16746",9.5118,36.24965,307.62,0.63,0.54,"2026-02-15",2233,"N20","nominal","2.0NRT",290.41,1.6,"N"
"16747",9.5068,36.2492,300.86,0.63,0.54,"2026-02-15",2233,"N20","nominal","2.0NRT",287.56,1.6,"N"
"16748",9.39288,36.69572,302.06,0.58,0.52,"2026-02-15",2233,"N20","nominal","2.0NRT",287.67,2.03,"N"
"16749",9.39218,36.70104,311.25,0.58,0.52,"2026-02-15",2233,"N20","nominal","2.0NRT",287.76,2.03,"N"
"16750",9.38737,36.70033,314.47,0.58,0.52,"2026-02-15",2233,"N20","nominal","2.0NRT",287.01,2.03,"N"
"16751",9.39262,36.70037,320.8,0.58,0.52,"2026-02-15",2233,"N20","nominal","2.0NRT",287.64,2.59,"N"
"16752",9.38782,36.69967,310.13,0.58,0.52,"2026-02-15",2233,"N20","nominal","2.0NRT",286.43,2.59,"N"
"16753",9.34842,36.94809,313.8,0.56,0.52,"2026-02-15",2233,"N20","nominal","2.0NRT",288.97,2.53,"N"
"16754",9.38119,36.6767,316.25,0.59,0.52,"2026-02-15",2233,"N20","nominal","2.0NRT",287.3,2.25,"N"
"16755",9.34371,36.94739,301.26,0.56,0.52,"2026-02-15",2233,"N20","nominal","2.0NRT",287.98,2.53,"N"
"16756",10.11402,30.89742,301.41,0.74,0.76,"2026-02-15",2233,"N20","nominal","2.0NRT",289.73,0.47,"N"
"16757",9.45319,36.00127,303.41,0.33,0.55,"2026-02-15",2233,"N20","nominal","2.0NRT",292.44,0.96,"N"
"16758",9.43939,35.95029,303.38,0.33,0.55,"2026-02-15",2233,"N20","nominal","2.0NRT",292.29,0.6,"N"
"16759",9.40601,36.20049,300.42,0.63,0.54,"2026-02-15",2233,"N20","nominal","2.0NRT",287.71,0.72,"N"
"16760",9.40104,36.19977,315.22,0.63,0.54,"2026-02-15",2233,"N20","nominal","2.0NRT",287.84,2.18,"N"
"16761",9.40024,36.20575,299.42,0.63,0.54,"2026-02-15",2233,"N20","nominal","2.0NRT",288.34,1.12,"N"
"16762",9.31192,35.94921,336.44,0.33,0.55,"2026-02-15",2233,"N20","nominal","2.0NRT",290.48,2.31,"N"
"16763",9.30683,35.9487,339.58,0.33,0.55,"2026-02-15",2233,"N20","nominal","2.0NRT",289.75,3.01,"N"
"16764",9.29933,35.96662,307.72,0.33,0.55,"2026-02-15",2233,"N20","nominal","2.0NRT",289.3,0.45,"N"
"16765",9.29006,35.95882,307.12,0.33,0.55,"2026-02-15",2233,"N20","nominal","2.0NRT",289.38,0.59,"N"
"16766",9.285,35.95816,303.37,0.33,0.55,"2026-02-15",2233,"N20","nominal","2.0NRT",289.13,0.46,"N"
"16767",9.24556,36.1825,298.88,0.63,0.54,"2026-02-15",2233,"N20","nominal","2.0NRT",287.81,0.69,"N"
"16768",9.28607,35.95663,317.02,0.33,0.55,"2026-02-15",2233,"N20","nominal","2.0NRT",289.3,0.97,"N"
"16769",9.28564,35.95974,302.01,0.33,0.55,"2026-02-15",2233,"N20","nominal","2.0NRT",289.59,0.97,"N"
"16770",9.26434,35.92714,324.59,0.33,0.55,"2026-02-15",2233,"N20","nominal","2.0NRT",289.42,1.64,"N"
"16771",9.54657,33.17868,344.85,0.51,0.66,"2026-02-15",2233,"N20","nominal","2.0NRT",292.91,7.01,"N"
"16772",9.17966,36.06125,318.63,0.32,0.55,"2026-02-15",2233,"N20","nominal","2.0NRT",291.59,1.42,"N"
"16773",9.17815,36.03411,324.22,0.32,0.55,"2026-02-15",2233,"N20","nominal","2.0NRT",287.77,2.6,"N"
"16774",9.17785,36.03638,339.29,0.32,0.55,"2026-02-15",2233,"N20","nominal","2.0NRT",290.6,2.6,"N"
"16775",9.17457,36.06117,302.03,0.32,0.55,"2026-02-15",2233,"N20","nominal","2.0NRT",291.3,0.54,"N"
"16776",9.1728,36.03592,334.42,0.32,0.55,"2026-02-15",2233,"N20","nominal","2.0NRT",289.85,2.6,"N"
"16777",9.17312,36.03352,309.53,0.32,0.55,"2026-02-15",2233,"N20","nominal","2.0NRT",287.81,2.6,"N"
"16778",9.14789,36.14809,300.93,0.63,0.54,"2026-02-15",2233,"N20","nominal","2.0NRT",290.49,1.49,"N"
"16779",9.17316,36.03532,345.15,0.32,0.55,"2026-02-15",2233,"N20","nominal","2.0NRT",289.58,4.66,"N"
"16780",9.17284,36.03759,311.77,0.32,0.55,"2026-02-15",2233,"N20","nominal","2.0NRT",289.73,2.63,"N"
"16781",9.55168,33.18243,323.57,0.51,0.66,"2026-02-15",2233,"N20","nominal","2.0NRT",292.69,2.14,"N"
"16782",9.55229,33.17776,304.85,0.51,0.66,"2026-02-15",2233,"N20","nominal","2.0NRT",292.23,2.14,"N"
"16783",9.54619,33.17694,304.36,0.51,0.66,"2026-02-15",2233,"N20","nominal","2.0NRT",292.71,1.46,"N"
"16784",9.54559,33.18161,318.28,0.51,0.66,"2026-02-15",2233,"N20","nominal","2.0NRT",292.53,1.46,"N"
"16785",9.12174,36.11255,301.63,0.63,0.54,"2026-02-15",2233,"N20","nominal","2.0NRT",289.97,1.37,"N"
"16786",9.1211,36.11722,305.04,0.63,0.54,"2026-02-15",2233,"N20","nominal","2.0NRT",291.36,1.37,"N"
"16787",9.11673,36.11204,300.99,0.63,0.54,"2026-02-15",2233,"N20","nominal","2.0NRT",289.2,1.37,"N"
"16788",9.16697,34.26369,309.56,0.43,0.62,"2026-02-15",2233,"N20","nominal","2.0NRT",291.5,0.99,"N"
"16789",9.07059,34.05332,326.71,0.44,0.62,"2026-02-15",2233,"N20","nominal","2.0NRT",292.13,2.11,"N"
"16790",9.07005,34.05746,315.99,0.44,0.62,"2026-02-15",2233,"N20","nominal","2.0NRT",292.09,2.11,"N"
"16791",9.03349,34.11519,316.82,0.43,0.62,"2026-02-15",2233,"N20","nominal","2.0NRT",291.38,1.8,"N"
"16792",9.03457,34.0615,305.57,0.44,0.62,"2026-02-15",2233,"N20","nominal","2.0NRT",291.22,0.99,"N"
"16793",9.01971,34.08673,312.79,0.44,0.62,"2026-02-15",2233,"N20","nominal","2.0NRT",292.1,2.28,"N"
"16794",9.01382,34.08735,334.33,0.44,0.62,"2026-02-15",2233,"N20","nominal","2.0NRT",292.37,4.41,"N"
"16795",9.01234,34.08477,306.17,0.44,0.62,"2026-02-15",2233,"N20","nominal","2.0NRT",292.06,1.22,"N"
"16796",9.01173,34.08922,309.8,0.43,0.62,"2026-02-15",2233,"N20","nominal","2.0NRT",291.29,1.22,"N"
"16797",9.24331,31.87462,306.41,0.62,0.71,"2026-02-15",2233,"N20","nominal","2.0NRT",289.24,1.53,"N"
"16798",9.2426,31.88031,300.66,0.62,0.71,"2026-02-15",2233,"N20","nominal","2.0NRT",287.82,1.53,"N"
"16799",9.23673,31.87375,300.98,0.62,0.71,"2026-02-15",2233,"N20","nominal","2.0NRT",288.13,1.71,"N"
"16800",9.23602,31.87944,316.12,0.62,0.71,"2026-02-15",2233,"N20","nominal","2.0NRT",289.45,1.71,"N"
"16801",45.00165,48.47942,322.51,0.52,0.41,"2026-02-15",2224,"N20","nominal","2.0NRT",276.37,18.53,"N"
"16802",44.91566,48.96032,326.4,0.5,0.41,"2026-02-15",2224,"N20","nominal","2.0NRT",273.76,3.36,"N"
"16803",44.91468,48.95925,326.56,0.49,0.41,"2026-02-15",2224,"N20","nominal","2.0NRT",273.03,2.82,"N"
"16804",45.01075,45.12696,295.8,0.49,0.48,"2026-02-15",2224,"N20","nominal","2.0NRT",274.06,0.71,"N"
"16805",45.138,37.19821,352.43,0.6,0.71,"2026-02-15",2224,"N20","nominal","2.0NRT",284.69,14.8,"N"
"16806",45.13806,37.19038,317.34,0.6,0.71,"2026-02-15",2224,"N20","nominal","2.0NRT",279.74,9.43,"N"
"16807",45.13144,37.19806,355.99,0.6,0.71,"2026-02-15",2224,"N20","nominal","2.0NRT",287.6,14.8,"N"
"16808",45.13149,37.19023,302.57,0.6,0.71,"2026-02-15",2224,"N20","nominal","2.0NRT",282.79,9.43,"N"
"16809",45.12487,37.1979,339.35,0.6,0.71,"2026-02-15",2224,"N20","nominal","2.0NRT",283.45,6.58,"N"
"16810",45.12476,37.21351,339.02,0.6,0.7,"2026-02-15",2224,"N20","nominal","2.0NRT",282.82,5.68,"N"
"16811",45.12482,37.2057,312.61,0.6,0.71,"2026-02-15",2224,"N20","nominal","2.0NRT",282.76,6.58,"N"
"16812",45.1182,37.21335,333.07,0.6,0.7,"2026-02-15",2224,"N20","nominal","2.0NRT",282.55,5.68,"N"
"16813",44.66286,41.93694,305.04,0.35,0.57,"2026-02-15",2224,"N20","nominal","2.0NRT",278.71,0.95,"N"
"16814",44.12778,42.00791,298.86,0.34,0.56,"2026-02-15",2226,"N20","nominal","2.0NRT",275.4,0.85,"N"
"16815",43.69524,42.2218,298.98,0.33,0.55,"2026-02-15",2226,"N20","nominal","2.0NRT",271.72,0.58,"N"
"16816",43.43353,45.4471,311.25,0.45,0.47,"2026-02-15",2226,"N20","nominal","2.0NRT",274.39,0.77,"N"
"16817",43.43645,45.44701,298.79,0.45,0.47,"2026-02-15",2226,"N20","nominal","2.0NRT",274.23,1.35,"N"
"16818",43.07921,46.63512,300.65,0.39,0.44,"2026-02-15",2226,"N20","nominal","2.0NRT",275.61,0.49,"N"
"16819",38.05175,67.26305,367,0.57,0.69,"2026-02-15",2226,"N20","high","2.0NRT",278.23,15.24,"N"
"16820",38.05375,67.25655,301.25,0.57,0.69,"2026-02-15",2226,"N20","nominal","2.0NRT",271.63,5.89,"N"
"16821",38.05481,67.26208,341.8,0.57,0.69,"2026-02-15",2226,"N20","nominal","2.0NRT",273.15,12.51,"N"
"16822",38.05286,67.2686,347.98,0.57,0.69,"2026-02-15",2226,"N20","nominal","2.0NRT",272.35,11.62,"N"
"16823",38.04877,67.25944,298.53,0.57,0.69,"2026-02-15",2226,"N20","nominal","2.0NRT",271.7,1.77,"N"
"16824",38.04686,67.26582,299.49,0.57,0.69,"2026-02-15",2226,"N20","nominal","2.0NRT",273.99,1.75,"N"
"16825",39.51131,54.32787,310.28,0.4,0.37,"2026-02-15",2226,"N20","nominal","2.0NRT",277.35,0.92,"N"
"16826",40.25045,49.44472,304.89,0.43,0.38,"2026-02-15",2226,"N20","nominal","2.0NRT",279.74,1.41,"N"
"16827",39.72332,47.99023,328.97,0.48,0.4,"2026-02-15",2226,"N20","nominal","2.0NRT",276.55,3.99,"N"
"16828",39.72266,47.99577,342.74,0.47,0.4,"2026-02-15",2226,"N20","nominal","2.0NRT",276.61,3.99,"N"
"16829",37.03218,62.41673,337.85,0.34,0.56,"2026-02-15",2226,"N20","nominal","2.0NRT",278.01,3.46,"N"
"16830",37.03126,62.42038,323.69,0.34,0.56,"2026-02-15",2226,"N20","nominal","2.0NRT",277.89,3.46,"N"
"16831",38.43073,48.42369,295.21,0.45,0.39,"2026-02-15",2226,"N20","nominal","2.0NRT",274.18,0.83,"N"
"16832",36.64019,53.33648,302.63,0.4,0.37,"2026-02-15",2226,"N20","nominal","2.0NRT",281.58,0.49,"N"
"16833",36.63685,53.33563,300.8,0.4,0.37,"2026-02-15",2226,"N20","nominal","2.0NRT",281.29,0.51,"N"
"16834",37.32411,45.27789,315.54,0.39,0.44,"2026-02-15",2226,"N20","nominal","2.0NRT",277.19,1.3,"N"
"16835",36.64969,49.51624,298.31,0.4,0.37,"2026-02-15",2226,"N20","nominal","2.0NRT",280.05,0.77,"N"
"16836",37.08147,42.5283,298.24,0.55,0.51,"2026-02-15",2226,"N20","nominal","2.0NRT",279.52,0.82,"N"
"16837",37.07953,42.55324,315.08,0.55,0.51,"2026-02-15",2226,"N20","nominal","2.0NRT",280.05,2.35,"N"
"16838",37.07904,42.55946,303.36,0.55,0.51,"2026-02-15",2226,"N20","nominal","2.0NRT",281.35,2.12,"N"
"16839",37.07787,42.55246,301.03,0.55,0.51,"2026-02-15",2226,"N20","nominal","2.0NRT",279.34,2.09,"N"
"16840",37.07734,42.55872,317.8,0.55,0.51,"2026-02-15",2226,"N20","nominal","2.0NRT",281.14,2.09,"N"
"16841",37.27891,38.72707,295.58,0.45,0.63,"2026-02-15",2226,"N20","nominal","2.0NRT",277.1,1.16,"N"
"16842",36.90973,43.3855,337.08,0.49,0.49,"2026-02-15",2226,"N20","nominal","2.0NRT",275.49,4.97,"N"
"16843",36.89259,43.42738,325.78,0.49,0.48,"2026-02-15",2226,"N20","nominal","2.0NRT",274.9,3.34,"N"
"16844",36.89434,43.426,331.41,0.49,0.48,"2026-02-15",2226,"N20","nominal","2.0NRT",274.2,3.92,"N"
"16845",36.87089,43.48511,330.92,0.48,0.48,"2026-02-15",2229,"N20","nominal","2.0NRT",278.03,4.37,"N"
"16846",36.16416,49.28214,313.6,0.4,0.37,"2026-02-15",2229,"N20","nominal","2.0NRT",270.75,1.63,"N"
"16847",36.93913,42.12085,336.91,0.58,0.52,"2026-02-15",2229,"N20","nominal","2.0NRT",280.87,7.15,"N"
"16848",36.93863,42.12742,309.12,0.58,0.52,"2026-02-15",2229,"N20","nominal","2.0NRT",279.06,2.77,"N"
"16849",36.12557,49.31035,297.45,0.4,0.37,"2026-02-15",2229,"N20","nominal","2.0NRT",274.15,0.95,"N"
"16850",36.77907,43.32343,337.04,0.49,0.49,"2026-02-15",2229,"N20","nominal","2.0NRT",282.96,4.35,"N"
"16851",36.77465,43.32217,306.99,0.49,0.49,"2026-02-15",2229,"N20","nominal","2.0NRT",279.83,1.11,"N"
"16852",36.74966,43.49804,299.94,0.48,0.48,"2026-02-15",2229,"N20","nominal","2.0NRT",281.54,1.34,"N"
"16853",36.7329,43.28106,298.66,0.49,0.49,"2026-02-15",2229,"N20","nominal","2.0NRT",279.44,0.91,"N"
"16854",35.71602,51.16307,310.36,0.38,0.36,"2026-02-15",2229,"N20","nominal","2.0NRT",275.84,0.92,"N"
"16855",35.73066,51.00556,296.93,0.38,0.36,"2026-02-15",2229,"N20","nominal","2.0NRT",277.76,0.73,"N"
"16856",37.01861,36.10147,297.24,0.62,0.72,"2026-02-15",2229,"N20","nominal","2.0NRT",282.19,1.32,"N"
"16857",37.01196,36.10075,311.44,0.62,0.72,"2026-02-15",2229,"N20","nominal","2.0NRT",281.65,1.32,"N"
"16858",35.57846,51.51322,295.25,0.39,0.36,"2026-02-15",2229,"N20","nominal","2.0NRT",277.71,0.62,"N"
"16859",35.57586,51.50824,319.44,0.39,0.36,"2026-02-15",2229,"N20","nominal","2.0NRT",282.32,2.54,"N"
"16860",35.55881,51.5085,308.14,0.39,0.36,"2026-02-15",2229,"N20","nominal","2.0NRT",275.47,0.52,"N"
"16861",35.7458,50.2212,295.44,0.39,0.36,"2026-02-15",2229,"N20","nominal","2.0NRT",276.12,0.47,"N"
"16862",37.02143,36.10643,295.57,0.62,0.72,"2026-02-15",2229,"N20","nominal","2.0NRT",283.94,2.28,"N"
"16863",37.01499,36.09911,306.23,0.62,0.72,"2026-02-15",2229,"N20","nominal","2.0NRT",282.01,2.73,"N"
"16864",35.54486,51.42473,300.76,0.38,0.36,"2026-02-15",2229,"N20","nominal","2.0NRT",281.69,0.85,"N"
"16865",35.53831,51.42316,313.23,0.38,0.36,"2026-02-15",2229,"N20","nominal","2.0NRT",282.5,1.7,"N"
"16866",35.53503,51.42237,295.57,0.38,0.36,"2026-02-15",2229,"N20","nominal","2.0NRT",279.93,1.07,"N"
"16867",35.70601,50.30437,296.29,0.39,0.36,"2026-02-15",2229,"N20","nominal","2.0NRT",274.71,0.66,"N"
"16868",35.41402,51.85129,296.61,0.39,0.36,"2026-02-15",2229,"N20","nominal","2.0NRT",277.22,1.05,"N"
"16869",36.74459,36.1964,301.19,0.61,0.71,"2026-02-15",2229,"N20","nominal","2.0NRT",283.87,1.12,"N"
"16870",36.73777,36.2032,296.46,0.61,0.71,"2026-02-15",2229,"N20","nominal","2.0NRT",286.3,2.06,"N"
"16871",35.48948,50.20622,298.36,0.39,0.36,"2026-02-15",2229,"N20","nominal","2.0NRT",275.66,0.61,"N"
"16872",36.73095,36.20998,298.65,0.61,0.71,"2026-02-15",2229,"N20","nominal","2.0NRT",286.97,1.24,"N"
"16873",36.34969,42.07225,297.23,0.57,0.52,"2026-02-15",2229,"N20","nominal","2.0NRT",280.9,0.98,"N"
"16874",36.12835,43.77752,306.63,0.46,0.47,"2026-02-15",2229,"N20","nominal","2.0NRT",282.29,1.36,"N"
"16875",35.26252,50.42318,309.63,0.39,0.36,"2026-02-15",2229,"N20","nominal","2.0NRT",277.98,1.34,"N"
"16876",36.01727,43.68184,321.79,0.46,0.47,"2026-02-15",2229,"N20","nominal","2.0NRT",281.3,1.69,"N"
"16877",36.02068,43.68158,316.17,0.46,0.47,"2026-02-15",2229,"N20","nominal","2.0NRT",281.98,2.23,"N"
"16878",35.9997,43.76159,319.43,0.46,0.47,"2026-02-15",2229,"N20","nominal","2.0NRT",282,2.49,"N"
"16879",35.98139,43.7694,313.66,0.46,0.47,"2026-02-15",2229,"N20","nominal","2.0NRT",283.42,1.79,"N"
"16880",35.96885,43.76289,342.05,0.46,0.47,"2026-02-15",2229,"N20","nominal","2.0NRT",284.45,9.65,"N"
"16881",35.96838,43.76787,326.05,0.46,0.47,"2026-02-15",2229,"N20","nominal","2.0NRT",285.43,9.65,"N"
"16882",35.96214,43.74123,295.5,0.46,0.47,"2026-02-15",2229,"N20","nominal","2.0NRT",280.89,0.3,"N"
"16883",35.30909,49.21218,296.29,0.4,0.37,"2026-02-15",2229,"N20","nominal","2.0NRT",273.64,0.57,"N"
"16884",36.14367,40.81277,295.06,0.33,0.56,"2026-02-15",2229,"N20","nominal","2.0NRT",278.59,0.23,"N"
"16885",36.13365,40.80803,299.32,0.33,0.56,"2026-02-15",2229,"N20","nominal","2.0NRT",279.32,0.41,"N"
"16886",35.77475,43.99538,330.2,0.44,0.46,"2026-02-15",2229,"N20","nominal","2.0NRT",283.15,3.49,"N"
"16887",35.67089,45.00593,316.55,0.39,0.44,"2026-02-15",2229,"N20","nominal","2.0NRT",279.04,1.62,"N"
"16888",35.67018,45.00285,301.54,0.39,0.44,"2026-02-15",2229,"N20","nominal","2.0NRT",279.33,1.42,"N"
"16889",35.66971,45.00716,313.46,0.39,0.44,"2026-02-15",2229,"N20","nominal","2.0NRT",279.56,1.29,"N"
"16890",35.77179,43.99254,325.61,0.44,0.46,"2026-02-15",2229,"N20","nominal","2.0NRT",281.68,2.22,"N"
"16891",35.77129,43.9975,297.02,0.44,0.46,"2026-02-15",2229,"N20","nominal","2.0NRT",282.01,2.22,"N"
"16892",35.72918,44.03028,328.63,0.44,0.46,"2026-02-15",2229,"N20","nominal","2.0NRT",282.73,2.08,"N"
"16893",35.7282,44.04009,295.67,0.44,0.46,"2026-02-15",2229,"N20","nominal","2.0NRT",283,4.85,"N"
"16894",35.72397,44.03933,350.95,0.44,0.46,"2026-02-15",2229,"N20","nominal","2.0NRT",285.53,4.85,"N"
"16895",35.60265,45.09961,306.06,0.38,0.44,"2026-02-15",2229,"N20","nominal","2.0NRT",282.21,1.31,"N"
"16896",35.67878,44.06126,298.67,0.44,0.46,"2026-02-15",2229,"N20","nominal","2.0NRT",282.51,0.87,"N"
"16897",35.67831,44.06612,302.96,0.44,0.46,"2026-02-15",2229,"N20","nominal","2.0NRT",281.98,1.09,"N"
"16898",35.68792,43.87415,341.39,0.45,0.47,"2026-02-15",2229,"N20","nominal","2.0NRT",290.04,39.78,"N"
"16899",35.68745,43.87908,331.53,0.45,0.47,"2026-02-15",2229,"N20","nominal","2.0NRT",284.1,21.16,"N"
"16900",35.68364,43.87347,339.89,0.45,0.47,"2026-02-15",2229,"N20","nominal","2.0NRT",283.68,16.94,"N"
"16901",35.68317,43.87841,318.2,0.45,0.47,"2026-02-15",2229,"N20","nominal","2.0NRT",283.29,13.91,"N"
"16902",35.66204,43.96518,335.26,0.44,0.46,"2026-02-15",2229,"N20","nominal","2.0NRT",290.55,10.69,"N"
"16903",35.66249,43.9603,297.28,0.44,0.46,"2026-02-15",2229,"N20","nominal","2.0NRT",280.79,5.28,"N"
"16904",35.66346,43.96384,343.52,0.44,0.46,"2026-02-15",2229,"N20","nominal","2.0NRT",289.85,11.55,"N"
"16905",35.62885,44.00784,349.7,0.44,0.46,"2026-02-15",2229,"N20","nominal","2.0NRT",289.48,17.22,"N"
"16906",35.56707,44.32835,313.63,0.42,0.45,"2026-02-15",2229,"N20","nominal","2.0NRT",281.91,1.13,"N"
"16907",35.53654,44.33736,336.25,0.42,0.45,"2026-02-15",2229,"N20","nominal","2.0NRT",282.23,2.92,"N"
"16908",35.53238,44.33665,338.84,0.42,0.45,"2026-02-15",2229,"N20","nominal","2.0NRT",282.64,5.72,"N"
"16909",35.53193,44.34132,332.93,0.42,0.45,"2026-02-15",2229,"N20","nominal","2.0NRT",284.16,5.72,"N"
"16910",35.52776,44.34063,340.93,0.42,0.45,"2026-02-15",2229,"N20","nominal","2.0NRT",282.91,5.72,"N"
"16911",35.52731,44.34533,327.89,0.42,0.45,"2026-02-15",2229,"N20","nominal","2.0NRT",282.81,3.68,"N"
"16912",35.52617,44.34256,353.39,0.42,0.45,"2026-02-15",2229,"N20","nominal","2.0NRT",284.96,6.33,"N"
"16913",35.49001,44.15521,324.6,0.43,0.46,"2026-02-15",2229,"N20","nominal","2.0NRT",281.84,1.78,"N"
"16914",35.48581,44.15454,337.27,0.43,0.46,"2026-02-15",2229,"N20","nominal","2.0NRT",285.18,10.25,"N"
"16915",35.45947,44.41675,328.13,0.42,0.45,"2026-02-15",2229,"N20","nominal","2.0NRT",282.97,4.09,"N"
"16916",35.459,44.42138,334.76,0.42,0.45,"2026-02-15",2229,"N20","nominal","2.0NRT",285.27,4.38,"N"
"16917",35.4191,44.22038,309.65,0.42,0.46,"2026-02-15",2229,"N20","nominal","2.0NRT",280.44,0.68,"N"
"16918",35.41024,44.22377,324.01,0.42,0.46,"2026-02-15",2229,"N20","nominal","2.0NRT",279.99,1.67,"N"
"16919",35.3856,44.21519,336.58,0.42,0.46,"2026-02-15",2229,"N20","nominal","2.0NRT",282.51,5.31,"N"
"16920",35.37723,44.21389,334.9,0.42,0.46,"2026-02-15",2229,"N20","nominal","2.0NRT",281.44,3.66,"N"
"16921",35.32851,44.31991,308.84,0.42,0.45,"2026-02-15",2229,"N20","nominal","2.0NRT",282.24,1.43,"N"
"16922",35.24806,44.43076,343.87,0.41,0.45,"2026-02-15",2229,"N20","nominal","2.0NRT",286.99,12.49,"N"
"16923",35.12444,44.82451,337.54,0.39,0.44,"2026-02-15",2229,"N20","nominal","2.0NRT",282.07,6.07,"N"
"16924",35.12041,44.82393,318.45,0.39,0.44,"2026-02-15",2229,"N20","nominal","2.0NRT",280.13,1.61,"N"
"16925",35.12664,44.56993,316.17,0.4,0.45,"2026-02-15",2229,"N20","nominal","2.0NRT",281.02,0.83,"N"
"16926",35.02398,43.50007,334.32,0.46,0.47,"2026-02-15",2229,"N20","nominal","2.0NRT",283.33,1.54,"N"
"16927",35.01964,43.49941,307.5,0.46,0.47,"2026-02-15",2229,"N20","nominal","2.0NRT",282.76,1.54,"N"
"16928",35.00275,43.49176,320.33,0.46,0.47,"2026-02-15",2229,"N20","nominal","2.0NRT",283.79,1.52,"N"
"16929",35.00323,43.48668,298.19,0.46,0.47,"2026-02-15",2229,"N20","nominal","2.0NRT",280.42,1.52,"N"
"16930",34.90055,43.80254,301.09,0.44,0.46,"2026-02-15",2229,"N20","nominal","2.0NRT",283.75,0.99,"N"
"16931",34.90006,43.80739,299.21,0.44,0.46,"2026-02-15",2229,"N20","nominal","2.0NRT",284.43,1.2,"N"
"16932",34.75829,45.15296,295.29,0.56,0.43,"2026-02-15",2229,"N20","nominal","2.0NRT",281.41,0.61,"N"
"16933",34.89629,43.80186,341.01,0.44,0.46,"2026-02-15",2229,"N20","nominal","2.0NRT",293.63,40.32,"N"
"16934",34.89581,43.80671,331.82,0.44,0.46,"2026-02-15",2229,"N20","nominal","2.0NRT",295.53,21.95,"N"
"16935",34.86574,44.02137,343.98,0.43,0.46,"2026-02-15",2229,"N20","nominal","2.0NRT",283.86,5.33,"N"
"16936",34.35302,47.46038,317.69,0.44,0.38,"2026-02-15",2229,"N20","nominal","2.0NRT",280.79,1.6,"N"
"16937",34.35138,47.36185,306.99,0.44,0.39,"2026-02-15",2229,"N20","nominal","2.0NRT",275.33,1.51,"N"
"16938",34.35774,47.28433,300.1,0.45,0.39,"2026-02-15",2229,"N20","nominal","2.0NRT",276.32,1.01,"N"
"16939",34.91197,40.82219,302.41,0.32,0.55,"2026-02-15",2229,"N20","nominal","2.0NRT",281.03,0.94,"N"
"16940",34.91171,40.82578,308.88,0.32,0.55,"2026-02-15",2229,"N20","nominal","2.0NRT",281.61,0.94,"N"
"16941",34.29811,46.87251,298.14,0.46,0.39,"2026-02-15",2229,"N20","nominal","2.0NRT",277.68,0.85,"N"
"16942",34.91952,37.94146,303.47,0.48,0.64,"2026-02-15",2229,"N20","nominal","2.0NRT",276.55,0.68,"N"
"16943",34.71403,36.62742,305.75,0.56,0.69,"2026-02-15",2229,"N20","nominal","2.0NRT",280.28,1.15,"N"
"16944",34.71379,36.63366,298.4,0.56,0.69,"2026-02-15",2229,"N20","nominal","2.0NRT",281.06,1.15,"N"
"16945",33.10038,51.42682,295.46,0.39,0.36,"2026-02-15",2229,"N20","nominal","2.0NRT",273.72,0.59,"N"
"16946",33.72188,46.50817,297.13,0.47,0.4,"2026-02-15",2229,"N20","nominal","2.0NRT",276.75,1.17,"N"
"16947",34.25653,41.21321,300.46,0.61,0.53,"2026-02-15",2229,"N20","nominal","2.0NRT",281.49,0.91,"N"
"16948",33.69629,46.22746,334.28,0.49,0.4,"2026-02-15",2229,"N20","nominal","2.0NRT",282.62,4.86,"N"
"16949",33.69771,46.2272,329.17,0.49,0.4,"2026-02-15",2229,"N20","nominal","2.0NRT",282.45,4.38,"N"
"16950",33.37283,48.39939,302.29,0.41,0.37,"2026-02-15",2229,"N20","nominal","2.0NRT",276.53,0.93,"N"
"16951",32.3364,54.08887,295.93,0.47,0.4,"2026-02-15",2229,"N20","nominal","2.0NRT",279.62,0.74,"N"
"16952",32.3949,53.75716,328.61,0.46,0.39,"2026-02-15",2229,"N20","nominal","2.0NRT",283.27,3.53,"N"
"16953",32.39137,53.75621,299.25,0.46,0.39,"2026-02-15",2229,"N20","nominal","2.0NRT",281.6,0.8,"N"
"16954",32.77968,51.50601,310.76,0.39,0.36,"2026-02-15",2229,"N20","nominal","2.0NRT",281.58,2.15,"N"
"16955",33.25151,47.73745,325.96,0.42,0.38,"2026-02-15",2229,"N20","nominal","2.0NRT",281.56,1.39,"N"
"16956",33.48896,44.34203,300.09,0.4,0.44,"2026-02-15",2229,"N20","nominal","2.0NRT",283.59,0.7,"N"
"16957",33.48894,44.34409,297.19,0.4,0.44,"2026-02-15",2229,"N20","nominal","2.0NRT",283.73,0.69,"N"
"16958",33.41835,44.46266,303.88,0.39,0.44,"2026-02-15",2229,"N20","nominal","2.0NRT",285.87,0.88,"N"
"16959",32.40861,51.51744,330.26,0.39,0.37,"2026-02-15",2229,"N20","nominal","2.0NRT",282.23,4.06,"N"
"16960",32.42883,51.31643,338.48,0.39,0.36,"2026-02-15",2229,"N20","nominal","2.0NRT",278.23,5.09,"N"
"16961",32.42553,51.31567,304.95,0.39,0.36,"2026-02-15",2229,"N20","nominal","2.0NRT",278.17,1.78,"N"
"16962",32.42085,51.32312,298.28,0.39,0.36,"2026-02-15",2229,"N20","nominal","2.0NRT",277.49,1.17,"N"
"16963",32.40956,51.3308,323.91,0.39,0.36,"2026-02-15",2229,"N20","nominal","2.0NRT",277.53,1.76,"N"
"16964",32.40887,51.33491,333.52,0.39,0.36,"2026-02-15",2229,"N20","nominal","2.0NRT",279.92,3.87,"N"
"16965",32.41024,51.32668,297.08,0.39,0.36,"2026-02-15",2229,"N20","nominal","2.0NRT",274.5,1.76,"N"
"16966",33.32376,44.56892,336.85,0.39,0.44,"2026-02-15",2229,"N20","nominal","2.0NRT",286.93,4.05,"N"
"16967",33.28699,44.45707,299.02,0.39,0.44,"2026-02-15",2229,"N20","nominal","2.0NRT",287.02,0.59,"N"
"16968",33.22102,44.7677,331.76,0.56,0.43,"2026-02-15",2229,"N20","nominal","2.0NRT",289.33,30.35,"N"
"16969",32.75321,48.42077,297.44,0.4,0.37,"2026-02-15",2229,"N20","nominal","2.0NRT",282.69,0.51,"N"
"16970",33.22237,44.76744,318.89,0.56,0.43,"2026-02-15",2229,"N20","nominal","2.0NRT",291.93,29.03,"N"
"16971",32.25696,51.52805,306.88,0.4,0.37,"2026-02-15",2229,"N20","nominal","2.0NRT",273.53,1.82,"N"
"16972",33.02785,46.13664,311.41,0.48,0.4,"2026-02-15",2229,"N20","nominal","2.0NRT",283.07,0.81,"N"
"16973",32.17255,51.88126,296.28,0.4,0.37,"2026-02-15",2229,"N20","nominal","2.0NRT",277.2,0.83,"N"
"16974",32.73335,48.29338,324.66,0.4,0.37,"2026-02-15",2229,"N20","nominal","2.0NRT",288.57,3.41,"N"
"16975",33.20341,44.57676,314.79,0.38,0.43,"2026-02-15",2229,"N20","nominal","2.0NRT",284.87,0.9,"N"
"16976",32.73395,48.28913,312.1,0.4,0.37,"2026-02-15",2229,"N20","nominal","2.0NRT",284.31,2.5,"N"
"16977",32.2493,51.41027,299.91,0.39,0.36,"2026-02-15",2229,"N20","nominal","2.0NRT",277.39,0.78,"N"
"16978",32.24861,51.41439,296.93,0.39,0.36,"2026-02-15",2229,"N20","nominal","2.0NRT",277.88,0.78,"N"
"16979",32.24392,51.42186,328.51,0.39,0.36,"2026-02-15",2229,"N20","nominal","2.0NRT",282.73,2.64,"N"
"16980",32.24253,51.43011,335.89,0.39,0.37,"2026-02-15",2229,"N20","nominal","2.0NRT",286,9.67,"N"
"16981",32.2453,51.41361,298.01,0.39,0.36,"2026-02-15",2229,"N20","nominal","2.0NRT",276.97,0.87,"N"
"16982",32.24461,51.41774,297.29,0.39,0.36,"2026-02-15",2229,"N20","nominal","2.0NRT",276.78,2.64,"N"
"16983",32.23922,51.42934,341.01,0.39,0.37,"2026-02-15",2229,"N20","nominal","2.0NRT",283.24,9.67,"N"
"16984",32.2413,51.41697,318.58,0.39,0.36,"2026-02-15",2229,"N20","nominal","2.0NRT",275.9,2.64,"N"
"16985",32.24061,51.42109,311.46,0.39,0.36,"2026-02-15",2229,"N20","nominal","2.0NRT",282.75,2.64,"N"
"16986",32.23991,51.42521,298.75,0.39,0.36,"2026-02-15",2229,"N20","nominal","2.0NRT",279.91,9.67,"N"
"16987",32.23661,51.42443,296.76,0.39,0.36,"2026-02-15",2229,"N20","nominal","2.0NRT",282.21,1.03,"N"
"16988",33.1604,44.78203,297.91,0.56,0.43,"2026-02-15",2229,"N20","nominal","2.0NRT",283.98,8.48,"N"
"16989",33.15973,44.78806,319.76,0.56,0.43,"2026-02-15",2229,"N20","nominal","2.0NRT",290.19,8.48,"N"
"16990",32.9958,46.18344,295.99,0.48,0.4,"2026-02-15",2229,"N20","nominal","2.0NRT",284.17,0.79,"N"
"16991",32.99517,46.18857,297.21,0.48,0.4,"2026-02-15",2229,"N20","nominal","2.0NRT",283.82,0.64,"N"
"16992",31.62202,54.72351,301.05,0.52,0.41,"2026-02-15",2229,"N20","nominal","2.0NRT",278.56,1.24,"N"
"16993",33.72151,37.00812,295.69,0.53,0.67,"2026-02-15",2229,"N20","nominal","2.0NRT",278.06,0.99,"N"
"16994",32.7222,47.97532,311.66,0.41,0.37,"2026-02-15",2229,"N20","nominal","2.0NRT",285.92,1.09,"N"
"16995",32.1948,51.18483,309.92,0.39,0.36,"2026-02-15",2229,"N20","nominal","2.0NRT",273.05,1.49,"N"
"16996",32.16106,51.20256,295.09,0.39,0.36,"2026-02-15",2229,"N20","nominal","2.0NRT",272.17,1.28,"N"
"16997",32.68135,47.36124,297.68,0.43,0.38,"2026-02-15",2229,"N20","nominal","2.0NRT",283.66,0.42,"N"
"16998",32.52343,48.21904,304.89,0.41,0.37,"2026-02-15",2229,"N20","nominal","2.0NRT",285.64,0.91,"N"
"16999",32.59951,47.54534,323.3,0.42,0.38,"2026-02-15",2229,"N20","nominal","2.0NRT",285.42,1.59,"N"
"17000",32.59606,47.54469,308.82,0.42,0.38,"2026-02-15",2229,"N20","nominal","2.0NRT",284.77,1.39,"N"
"17001",32.92058,44.58639,300.12,0.57,0.43,"2026-02-15",2229,"N20","nominal","2.0NRT",283.34,0.85,"N"
"17002",32.30141,49.0895,325.74,0.39,0.36,"2026-02-15",2229,"N20","nominal","2.0NRT",285.94,1.87,"N"
"17003",32.55464,47.09846,304.85,0.44,0.38,"2026-02-15",2229,"N20","nominal","2.0NRT",284.16,0.83,"N"
"17004",32.2872,49.00179,300.72,0.39,0.36,"2026-02-15",2229,"N20","nominal","2.0NRT",284.49,1.16,"N"
"17005",32.28658,49.00594,316.04,0.39,0.36,"2026-02-15",2229,"N20","nominal","2.0NRT",286.73,1.16,"N"
"17006",32.50444,47.2071,332.3,0.43,0.38,"2026-02-15",2229,"N20","nominal","2.0NRT",287.79,4.98,"N"
"17007",32.32149,48.53324,300.17,0.4,0.37,"2026-02-15",2229,"N20","nominal","2.0NRT",287,0.79,"N"
"17008",32.49973,47.21565,297.87,0.43,0.38,"2026-02-15",2229,"N20","nominal","2.0NRT",283.81,0.19,"N"
"17009",32.49336,47.20979,305.06,0.43,0.38,"2026-02-15",2229,"N20","nominal","2.0NRT",286.36,0.8,"N"
"17010",32.49272,47.2083,328.92,0.43,0.38,"2026-02-15",2229,"N20","nominal","2.0NRT",290.07,4.82,"N"
"17011",32.49209,47.21291,312.32,0.43,0.38,"2026-02-15",2229,"N20","nominal","2.0NRT",288.38,4.82,"N"
"17012",32.48922,47.20771,301.94,0.43,0.38,"2026-02-15",2229,"N20","nominal","2.0NRT",286.2,1.04,"N"
"17013",32.84268,44.28971,296.15,0.39,0.44,"2026-02-15",2229,"N20","nominal","2.0NRT",284.28,0.96,"N"
"17014",32.45591,47.29533,296.85,0.43,0.38,"2026-02-15",2229,"N20","nominal","2.0NRT",284.79,0.41,"N"
"17015",32.82507,44.18803,325.88,0.4,0.44,"2026-02-15",2229,"N20","nominal","2.0NRT",284.03,2.23,"N"
"17016",32.17376,49.05687,297.05,0.39,0.36,"2026-02-15",2229,"N20","nominal","2.0NRT",283.42,0.27,"N"
"17017",32.35703,47.70842,336.28,0.42,0.37,"2026-02-15",2229,"N20","nominal","2.0NRT",286.87,5.2,"N"
"17018",32.1626,49.06302,321.51,0.39,0.36,"2026-02-15",2229,"N20","nominal","2.0NRT",283.95,3.84,"N"
"17019",32.16199,49.06712,322.72,0.39,0.36,"2026-02-15",2229,"N20","nominal","2.0NRT",289.11,3.84,"N"
"17020",32.35947,47.69074,297.38,0.42,0.37,"2026-02-15",2229,"N20","nominal","2.0NRT",284.15,0.51,"N"
"17021",32.35886,47.69516,301.21,0.42,0.37,"2026-02-15",2229,"N20","nominal","2.0NRT",284.66,0.51,"N"
"17022",32.14297,49.19388,301.76,0.39,0.36,"2026-02-15",2229,"N20","nominal","2.0NRT",281.96,0.52,"N"
"17023",32.35361,47.70774,344.69,0.42,0.37,"2026-02-15",2229,"N20","nominal","2.0NRT",292.65,5.2,"N"
"17024",32.353,47.71215,298.9,0.42,0.37,"2026-02-15",2229,"N20","nominal","2.0NRT",285.52,5.2,"N"
"17025",32.37008,47.40447,315.07,0.43,0.38,"2026-02-15",2229,"N20","nominal","2.0NRT",284.14,1.3,"N"
"17026",32.35015,47.45796,318.28,0.42,0.38,"2026-02-15",2229,"N20","nominal","2.0NRT",282.37,1.11,"N"
"17027",32.3467,47.45729,305.54,0.42,0.38,"2026-02-15",2229,"N20","nominal","2.0NRT",282.69,0.68,"N"
"17028",32.48995,45.66082,323.25,0.5,0.41,"2026-02-15",2229,"N20","nominal","2.0NRT",285.92,2.44,"N"
"17029",32.06523,48.69259,298.43,0.39,0.36,"2026-02-15",2229,"N20","nominal","2.0NRT",285.05,0.68,"N"
"17030",32.26001,47.24839,301.93,0.43,0.38,"2026-02-15",2229,"N20","nominal","2.0NRT",283.92,3.18,"N"
"17031",32.25939,47.25294,297.54,0.43,0.38,"2026-02-15",2229,"N20","nominal","2.0NRT",284.22,2.27,"N"
"17032",32.25653,47.24773,328.21,0.43,0.38,"2026-02-15",2229,"N20","nominal","2.0NRT",285.98,3.18,"N"
"17033",32.25591,47.25227,313.43,0.43,0.38,"2026-02-15",2229,"N20","nominal","2.0NRT",286.11,2.27,"N"
"17034",31.89784,49.68382,305.96,0.38,0.36,"2026-02-15",2229,"N20","nominal","2.0NRT",281.94,0.59,"N"
"17035",32.18044,47.51916,331.8,0.42,0.38,"2026-02-15",2229,"N20","nominal","2.0NRT",290.16,5.59,"N"
"17036",32.17701,47.51851,310.04,0.42,0.38,"2026-02-15",2229,"N20","nominal","2.0NRT",283.58,5.59,"N"
"17037",32.14729,47.58097,327.86,0.42,0.38,"2026-02-15",2229,"N20","nominal","2.0NRT",285.91,4.4,"N"
"17038",30.50089,56.81585,299.79,0.47,0.48,"2026-02-15",2229,"N20","nominal","2.0NRT",276.47,1.27,"N"
"17039",32.1294,47.41045,325.61,0.42,0.38,"2026-02-15",2229,"N20","nominal","2.0NRT",288.18,3.44,"N"
"17040",32.13002,47.40598,307.59,0.42,0.38,"2026-02-15",2229,"N20","nominal","2.0NRT",284.74,3.44,"N"
"17041",32.11032,47.54836,303.79,0.42,0.38,"2026-02-15",2229,"N20","nominal","2.0NRT",285.43,6.63,"N"
"17042",32.10688,47.5477,338.03,0.42,0.38,"2026-02-15",2229,"N20","nominal","2.0NRT",290.97,6.63,"N"
"17043",32.1225,47.40913,299.28,0.42,0.38,"2026-02-15",2229,"N20","nominal","2.0NRT",285.51,12.94,"N"
"17044",32.12189,47.4136,295.56,0.42,0.38,"2026-02-15",2229,"N20","nominal","2.0NRT",285.12,5.48,"N"
"17045",32.11905,47.40848,329.47,0.42,0.38,"2026-02-15",2229,"N20","nominal","2.0NRT",301.72,12.94,"N"
"17046",32.11843,47.41294,330.39,0.42,0.38,"2026-02-15",2229,"N20","nominal","2.0NRT",291.06,5.48,"N"
"17047",32.11966,47.40401,295.72,0.42,0.38,"2026-02-15",2229,"N20","nominal","2.0NRT",284.26,12.94,"N"
"17048",32.1156,47.40782,318.95,0.42,0.38,"2026-02-15",2229,"N20","nominal","2.0NRT",286.4,1.85,"N"
"17049",32.11498,47.41228,304,0.42,0.38,"2026-02-15",2229,"N20","nominal","2.0NRT",286.24,1.04,"N"
"17050",32.09528,47.42687,329.6,0.42,0.38,"2026-02-15",2229,"N20","nominal","2.0NRT",287.96,2.83,"N"
"17051",30.73516,55.38488,297.32,0.39,0.44,"2026-02-15",2229,"N20","nominal","2.0NRT",276.59,0.76,"N"
"17052",32.06121,47.44328,330.79,0.42,0.38,"2026-02-15",2229,"N20","nominal","2.0NRT",287.38,5.26,"N"
"17053",32.05777,47.44262,333.38,0.42,0.38,"2026-02-15",2229,"N20","nominal","2.0NRT",289.45,5.26,"N"
"17054",31.76507,49.1531,311.98,0.39,0.36,"2026-02-15",2229,"N20","nominal","2.0NRT",285.91,1.42,"N"
"17055",31.76445,49.15717,319.16,0.39,0.36,"2026-02-15",2229,"N20","nominal","2.0NRT",287.66,1.42,"N"
"17056",31.79918,48.78975,316,0.39,0.36,"2026-02-15",2229,"N20","nominal","2.0NRT",286.41,2.44,"N"
"17057",32.33247,44.08847,317.38,0.4,0.44,"2026-02-15",2229,"N20","nominal","2.0NRT",284.38,1.75,"N"
"17058",31.94303,47.28102,321.73,0.43,0.38,"2026-02-15",2229,"N20","nominal","2.0NRT",285.83,1.57,"N"
"17059",31.94497,47.27943,305.64,0.43,0.38,"2026-02-15",2229,"N20","nominal","2.0NRT",285.34,1.06,"N"
"17060",31.94435,47.28391,310.32,0.43,0.38,"2026-02-15",2229,"N20","nominal","2.0NRT",285.5,0.99,"N"
"17061",31.64879,49.2684,318.45,0.39,0.36,"2026-02-15",2229,"N20","nominal","2.0NRT",285.24,1.12,"N"
"17062",32.33219,44.09081,317.18,0.4,0.44,"2026-02-15",2229,"N20","nominal","2.0NRT",285.62,1.54,"N"
"17063",32.34216,43.32669,304.68,0.44,0.46,"2026-02-15",2229,"N20","nominal","2.0NRT",286.08,1.17,"N"
"17064",31.51694,49.46235,333.32,0.38,0.36,"2026-02-15",2229,"N20","nominal","2.0NRT",286.86,1.84,"N"
"17065",31.51366,49.46165,310.5,0.38,0.36,"2026-02-15",2229,"N20","nominal","2.0NRT",284.32,1.84,"N"
"17066",31.46131,49.55843,311.37,0.38,0.36,"2026-02-15",2229,"N20","nominal","2.0NRT",284.99,0.89,"N"
"17067",31.45741,49.56173,296.57,0.38,0.36,"2026-02-15",2229,"N20","nominal","2.0NRT",284.27,0.89,"N"
"17068",31.70101,47.59831,305.93,0.42,0.37,"2026-02-15",2229,"N20","nominal","2.0NRT",286.47,0.73,"N"
"17069",31.70041,47.60267,308.08,0.42,0.37,"2026-02-15",2229,"N20","nominal","2.0NRT",289.05,1.49,"N"
"17070",31.69759,47.59766,296.83,0.42,0.37,"2026-02-15",2229,"N20","nominal","2.0NRT",286.14,0.73,"N"
"17071",31.69699,47.60201,312.66,0.42,0.37,"2026-02-15",2229,"N20","nominal","2.0NRT",290.61,1.49,"N"
"17072",31.39193,49.65538,297.7,0.38,0.36,"2026-02-15",2229,"N20","nominal","2.0NRT",285.12,1.16,"N"
"17073",31.67106,47.51347,303.64,0.42,0.37,"2026-02-15",2229,"N20","nominal","2.0NRT",285.65,0.63,"N"
"17074",31.66299,47.52092,335.78,0.42,0.37,"2026-02-15",2229,"N20","nominal","2.0NRT",293.49,21.16,"N"
"17075",31.66238,47.5253,328.03,0.42,0.37,"2026-02-15",2229,"N20","nominal","2.0NRT",291.58,8.89,"N"
"17076",31.65956,47.52027,334.36,0.42,0.37,"2026-02-15",2229,"N20","nominal","2.0NRT",287.95,2.56,"N"
"17077",31.65895,47.52464,317.31,0.42,0.37,"2026-02-15",2229,"N20","nominal","2.0NRT",288.45,2.15,"N"
"17078",31.69271,47.25447,322.31,0.43,0.38,"2026-02-15",2229,"N20","nominal","2.0NRT",286.81,2.1,"N"
"17079",31.65675,47.51524,330.95,0.42,0.37,"2026-02-15",2229,"N20","nominal","2.0NRT",288.78,2.56,"N"
"17080",31.45424,48.59293,295.87,0.39,0.36,"2026-02-15",2229,"N20","nominal","2.0NRT",283.33,0.46,"N"
"17081",31.96835,44.44274,301.39,0.57,0.43,"2026-02-15",2229,"N20","nominal","2.0NRT",286.7,1.13,"N"
"17082",31.96504,44.43615,299.13,0.57,0.43,"2026-02-15",2229,"N20","nominal","2.0NRT",286.58,1.08,"N"
"17083",31.3235,49.28287,307.09,0.39,0.36,"2026-02-15",2229,"N20","nominal","2.0NRT",285.42,1,"N"
"17084",31.32021,49.28218,329.69,0.39,0.36,"2026-02-15",2229,"N20","nominal","2.0NRT",286.94,2.28,"N"
"17085",31.32083,49.27816,297.82,0.39,0.36,"2026-02-15",2229,"N20","nominal","2.0NRT",283.51,0.83,"N"
"17086",31.96994,44.44238,299.09,0.57,0.43,"2026-02-15",2229,"N20","nominal","2.0NRT",285.97,1.25,"N"
"17087",31.77154,46.0649,310.55,0.47,0.4,"2026-02-15",2229,"N20","nominal","2.0NRT",287.15,1.22,"N"
"17088",31.4093,48.6487,336.23,0.39,0.36,"2026-02-15",2229,"N20","nominal","2.0NRT",287.6,3.26,"N"
"17089",31.76682,46.04375,332.65,0.47,0.4,"2026-02-15",2229,"N20","nominal","2.0NRT",293.83,20.04,"N"
"17090",31.40598,48.64803,329.47,0.39,0.36,"2026-02-15",2229,"N20","nominal","2.0NRT",286.51,3.26,"N"
"17091",31.40537,48.65212,343.01,0.39,0.36,"2026-02-15",2229,"N20","nominal","2.0NRT",288.72,3.26,"N"
"17092",31.96271,44.43518,302.98,0.57,0.43,"2026-02-15",2229,"N20","nominal","2.0NRT",286.85,1.52,"N"
"17093",31.76318,46.04312,309.51,0.47,0.4,"2026-02-15",2229,"N20","nominal","2.0NRT",284.86,1.14,"N"
"17094",31.30139,49.11634,328.69,0.39,0.36,"2026-02-15",2229,"N20","nominal","2.0NRT",286.67,2.44,"N"
"17095",31.30078,49.12037,326.94,0.39,0.36,"2026-02-15",2229,"N20","nominal","2.0NRT",287.53,2.48,"N"
"17096",31.25264,49.16854,303.73,0.39,0.36,"2026-02-15",2229,"N20","nominal","2.0NRT",284.69,0.45,"N"
"17097",31.30901,48.77141,338.6,0.39,0.36,"2026-02-15",2229,"N20","nominal","2.0NRT",291.23,3.94,"N"
"17098",31.30569,48.77074,330.34,0.39,0.36,"2026-02-15",2229,"N20","nominal","2.0NRT",288.53,3.94,"N"
"17099",31.43745,47.83439,309.69,0.41,0.37,"2026-02-15",2229,"N20","nominal","2.0NRT",286.67,0.57,"N"
"17100",31.27891,48.88346,326.83,0.39,0.36,"2026-02-15",2229,"N20","nominal","2.0NRT",286.82,1.79,"N"
"17101",31.21143,49.2148,318.46,0.39,0.36,"2026-02-15",2229,"N20","nominal","2.0NRT",286.18,0.95,"N"
"17102",31.24377,48.98056,295.25,0.39,0.36,"2026-02-15",2229,"N20","nominal","2.0NRT",284.58,0.6,"N"
"17103",31.24315,48.98461,318.1,0.39,0.36,"2026-02-15",2229,"N20","nominal","2.0NRT",287.14,3.35,"N"
"17104",31.27834,48.72842,329.24,0.39,0.36,"2026-02-15",2229,"N20","nominal","2.0NRT",287.23,5.1,"N"
"17105",31.27773,48.73249,323.82,0.39,0.36,"2026-02-15",2229,"N20","nominal","2.0NRT",295.07,6.78,"N"
"17106",31.23862,48.99202,324.61,0.39,0.36,"2026-02-15",2229,"N20","nominal","2.0NRT",284.82,1.65,"N"
"17107",31.27441,48.73182,322.3,0.39,0.36,"2026-02-15",2229,"N20","nominal","2.0NRT",293,1.13,"N"
"17108",31.2711,48.73115,299.88,0.39,0.36,"2026-02-15",2229,"N20","nominal","2.0NRT",287.85,1.13,"N"
"17109",31.27049,48.73522,300.9,0.39,0.36,"2026-02-15",2229,"N20","nominal","2.0NRT",289.67,1.13,"N"
"17110",31.26717,48.73455,299.43,0.39,0.36,"2026-02-15",2229,"N20","nominal","2.0NRT",289.3,0.84,"N"
"17111",30.08026,55.3991,297.91,0.4,0.44,"2026-02-15",2229,"N20","nominal","2.0NRT",276.35,1.9,"N"
"17112",31.21709,48.95427,326.62,0.39,0.36,"2026-02-15",2229,"N20","nominal","2.0NRT",286.44,1.8,"N"
"17113",31.21379,48.95359,297.44,0.39,0.36,"2026-02-15",2229,"N20","nominal","2.0NRT",285.12,1.75,"N"
"17114",31.21049,48.95292,340.11,0.39,0.36,"2026-02-15",2229,"N20","nominal","2.0NRT",289.27,1.75,"N"
"17115",31.2111,48.94887,302.5,0.39,0.36,"2026-02-15",2229,"N20","nominal","2.0NRT",285.66,1.01,"N"
"17116",31.20718,48.95225,319.98,0.39,0.36,"2026-02-15",2229,"N20","nominal","2.0NRT",287.4,1.92,"N"
"17117",31.82556,44.12032,300.35,0.39,0.44,"2026-02-15",2229,"N20","nominal","2.0NRT",285.07,1.06,"N"
"17118",31.3539,47.85462,328.15,0.41,0.37,"2026-02-15",2229,"N20","nominal","2.0NRT",288.66,2.53,"N"
"17119",31.13759,49.31946,337.01,0.39,0.36,"2026-02-15",2229,"N20","nominal","2.0NRT",291.13,2.53,"N"
"17120",31.1382,49.31546,312.51,0.39,0.36,"2026-02-15",2229,"N20","nominal","2.0NRT",285.48,1.38,"N"
"17121",31.13697,49.32346,299.12,0.39,0.36,"2026-02-15",2229,"N20","nominal","2.0NRT",283.67,2.53,"N"
"17122",31.13368,49.32278,329.92,0.39,0.36,"2026-02-15",2229,"N20","nominal","2.0NRT",286.52,2.53,"N"
"17123",31.13429,49.31878,308.6,0.39,0.36,"2026-02-15",2229,"N20","nominal","2.0NRT",285.27,2.53,"N"
"17124",31.13039,49.32209,326.18,0.39,0.36,"2026-02-15",2229,"N20","nominal","2.0NRT",288.17,2.22,"N"
"17125",31.131,49.31809,295.06,0.39,0.36,"2026-02-15",2229,"N20","nominal","2.0NRT",284.92,2.22,"N"
"17126",31.12772,49.31741,330.65,0.39,0.36,"2026-02-15",2229,"N20","nominal","2.0NRT",287.93,2.22,"N"
"17127",31.77916,44.24644,296.12,0.38,0.44,"2026-02-15",2229,"N20","nominal","2.0NRT",283.13,0.52,"N"
"17128",31.2774,48.11501,301.24,0.4,0.37,"2026-02-15",2229,"N20","nominal","2.0NRT",285.5,12.43,"N"
"17129",31.2768,48.11919,301.93,0.4,0.37,"2026-02-15",2229,"N20","nominal","2.0NRT",285.61,12.43,"N"
"17130",31.27405,48.11435,337.81,0.4,0.37,"2026-02-15",2229,"N20","nominal","2.0NRT",289.79,12.43,"N"
"17131",31.27344,48.11853,324.04,0.4,0.37,"2026-02-15",2229,"N20","nominal","2.0NRT",303.48,12.43,"N"
"17132",31.21813,48.49525,327.89,0.39,0.36,"2026-02-15",2229,"N20","nominal","2.0NRT",287.73,2.7,"N"
"17133",31.27465,48.11017,298.07,0.4,0.37,"2026-02-15",2229,"N20","nominal","2.0NRT",284.44,0.72,"N"
"17134",31.27283,48.12271,298.64,0.4,0.37,"2026-02-15",2229,"N20","nominal","2.0NRT",285.01,1.17,"N"
"17135",30.99553,49.94236,304.65,0.38,0.36,"2026-02-15",2229,"N20","nominal","2.0NRT",283.35,0.73,"N"
"17136",31.27069,48.11369,331.28,0.4,0.37,"2026-02-15",2229,"N20","nominal","2.0NRT",286.29,1.49,"N"
"17137",31.27008,48.11788,337.32,0.4,0.37,"2026-02-15",2229,"N20","nominal","2.0NRT",288.06,1.49,"N"
"17138",30.99225,49.94165,326.39,0.38,0.36,"2026-02-15",2229,"N20","nominal","2.0NRT",283.96,1.76,"N"
"17139",31.27129,48.10951,296.95,0.4,0.37,"2026-02-15",2229,"N20","nominal","2.0NRT",284.11,0.61,"N"
"17140",31.26947,48.12206,296.34,0.4,0.37,"2026-02-15",2229,"N20","nominal","2.0NRT",284.71,0.56,"N"
"17141",31.26733,48.11303,296.05,0.4,0.37,"2026-02-15",2229,"N20","nominal","2.0NRT",284.92,1.49,"N"
"17142",31.26672,48.11722,295.39,0.4,0.37,"2026-02-15",2229,"N20","nominal","2.0NRT",284.69,1.49,"N"
"17143",31.30269,47.79474,301.6,0.41,0.37,"2026-02-15",2229,"N20","nominal","2.0NRT",286.01,3.85,"N"
"17144",31.2993,47.79409,330,0.41,0.37,"2026-02-15",2229,"N20","nominal","2.0NRT",290.09,3.85,"N"
"17145",31.2987,47.79835,307.23,0.41,0.37,"2026-02-15",2229,"N20","nominal","2.0NRT",288.86,4.25,"N"
"17146",31.04135,49.39206,326.07,0.38,0.36,"2026-02-15",2229,"N20","nominal","2.0NRT",285.78,1.92,"N"
"17147",31.28584,47.71698,312.62,0.41,0.37,"2026-02-15",2229,"N20","nominal","2.0NRT",287.73,0.93,"N"
"17148",31.03682,49.39936,295.97,0.38,0.36,"2026-02-15",2229,"N20","nominal","2.0NRT",284.89,0.37,"N"
"17149",32.39452,35.21321,295.76,0.66,0.73,"2026-02-15",2229,"N20","nominal","2.0NRT",283.24,1.32,"N"
"17150",32.39427,35.21962,304.25,0.65,0.73,"2026-02-15",2229,"N20","nominal","2.0NRT",283.87,1.32,"N"
"17151",29.99463,55.19781,300.8,0.39,0.44,"2026-02-15",2229,"N20","nominal","2.0NRT",275.83,0.85,"N"
"17152",31.24017,47.96539,296.71,0.4,0.37,"2026-02-15",2229,"N20","nominal","2.0NRT",285.52,0.56,"N"
"17153",31.2368,47.96474,351.56,0.4,0.37,"2026-02-15",2229,"N20","nominal","2.0NRT",291.24,12.43,"N"
"17154",31.2362,47.96895,299.91,0.4,0.37,"2026-02-15",2229,"N20","nominal","2.0NRT",286.9,1.91,"N"
"17155",30.94797,49.87874,306.83,0.38,0.36,"2026-02-15",2229,"N20","nominal","2.0NRT",286.55,2.18,"N"
"17156",30.98994,49.5914,328.36,0.38,0.36,"2026-02-15",2229,"N20","nominal","2.0NRT",286.41,3.85,"N"
"17157",30.98932,49.59538,327.39,0.38,0.36,"2026-02-15",2229,"N20","nominal","2.0NRT",291.06,5.03,"N"
"17158",30.94469,49.87804,340.87,0.38,0.36,"2026-02-15",2229,"N20","nominal","2.0NRT",294.88,2.18,"N"
"17159",30.94532,49.87406,312.79,0.38,0.36,"2026-02-15",2229,"N20","nominal","2.0NRT",286.77,2.18,"N"
"17160",30.94406,49.88202,298,0.38,0.36,"2026-02-15",2229,"N20","nominal","2.0NRT",286.23,1.3,"N"
"17161",30.98666,49.5907,300.51,0.38,0.36,"2026-02-15",2229,"N20","nominal","2.0NRT",285.76,0.57,"N"
"17162",30.98603,49.59469,296.46,0.38,0.36,"2026-02-15",2229,"N20","nominal","2.0NRT",285.14,0.55,"N"
"17163",31.13735,48.50864,325.13,0.39,0.36,"2026-02-15",2229,"N20","nominal","2.0NRT",285.18,2.16,"N"
"17164",31.16696,48.05589,297.83,0.4,0.37,"2026-02-15",2229,"N20","nominal","2.0NRT",285.58,0.64,"N"
"17165",31.16636,48.06007,302.35,0.4,0.37,"2026-02-15",2229,"N20","nominal","2.0NRT",286.12,0.94,"N"
"17166",31.1636,48.05523,327.13,0.4,0.37,"2026-02-15",2229,"N20","nominal","2.0NRT",287.28,7.08,"N"
"17167",31.163,48.05942,340.85,0.4,0.37,"2026-02-15",2229,"N20","nominal","2.0NRT",304.46,10.66,"N"
"17168",31.16239,48.0636,301.82,0.4,0.37,"2026-02-15",2229,"N20","nominal","2.0NRT",286.3,10.66,"N"
"17169",31.16024,48.05458,320.43,0.4,0.37,"2026-02-15",2229,"N20","nominal","2.0NRT",287.09,7.08,"N"
"17170",31.15964,48.05876,341.45,0.4,0.37,"2026-02-15",2229,"N20","nominal","2.0NRT",290.62,10.66,"N"
"17171",31.16569,48.01691,296.04,0.4,0.37,"2026-02-15",2229,"N20","nominal","2.0NRT",285.21,0.5,"N"
"17172",31.15903,48.06294,299.12,0.4,0.37,"2026-02-15",2229,"N20","nominal","2.0NRT",286.29,10.66,"N"
"17173",31.15688,48.05392,295.66,0.4,0.37,"2026-02-15",2229,"N20","nominal","2.0NRT",284.74,0.47,"N"
"17174",31.15628,48.0581,297.13,0.4,0.37,"2026-02-15",2229,"N20","nominal","2.0NRT",285.06,0.53,"N"
"17175",30.9054,49.67298,336.41,0.38,0.36,"2026-02-15",2229,"N20","nominal","2.0NRT",284.94,1.64,"N"
"17176",30.90149,49.67627,343.35,0.38,0.36,"2026-02-15",2229,"N20","nominal","2.0NRT",290.46,5.18,"N"
"17177",30.90212,49.67229,296.32,0.38,0.36,"2026-02-15",2229,"N20","nominal","2.0NRT",284.13,1.64,"N"
"17178",30.89821,49.67557,332.75,0.38,0.36,"2026-02-15",2229,"N20","nominal","2.0NRT",288.68,6.15,"N"
"17179",31.07484,48.49714,299.42,0.39,0.36,"2026-02-15",2229,"N20","nominal","2.0NRT",282.92,0.61,"N"
"17180",31.07151,48.49648,297.1,0.39,0.36,"2026-02-15",2229,"N20","nominal","2.0NRT",284.08,0.51,"N"
"17181",31.07091,48.50057,303.8,0.39,0.36,"2026-02-15",2229,"N20","nominal","2.0NRT",284.28,0.89,"N"
"17182",30.89118,49.6124,304.34,0.38,0.36,"2026-02-15",2229,"N20","nominal","2.0NRT",284.6,0.78,"N"
"17183",31.14178,47.86955,320.71,0.4,0.37,"2026-02-15",2229,"N20","nominal","2.0NRT",285.76,1.08,"N"
"17184",30.94758,49.18353,300.57,0.39,0.36,"2026-02-15",2229,"N20","nominal","2.0NRT",284.48,0.62,"N"
"17185",30.84827,49.75542,332.34,0.38,0.36,"2026-02-15",2229,"N20","nominal","2.0NRT",286.51,2.57,"N"
"17186",31.14124,47.79986,295.72,0.41,0.37,"2026-02-15",2229,"N20","nominal","2.0NRT",285.01,0.19,"N"
"17187",31.36028,45.9623,344.48,0.47,0.4,"2026-02-15",2229,"N20","nominal","2.0NRT",288.61,4.76,"N"
"17188",31.35664,45.96167,325.57,0.47,0.4,"2026-02-15",2229,"N20","nominal","2.0NRT",284.51,4.76,"N"
"17189",31.35603,45.96662,325.75,0.47,0.4,"2026-02-15",2229,"N20","nominal","2.0NRT",286.37,4.76,"N"
"17190",31.36042,45.96053,326.15,0.47,0.4,"2026-02-15",2229,"N20","nominal","2.0NRT",283.07,3.72,"N"
"17191",31.35978,45.96547,329.74,0.47,0.4,"2026-02-15",2229,"N20","nominal","2.0NRT",288.64,7.67,"N"
"17192",31.35615,45.96484,332.49,0.47,0.4,"2026-02-15",2229,"N20","nominal","2.0NRT",285.63,3.55,"N"
"17193",30.76653,49.98981,305.21,0.38,0.36,"2026-02-15",2229,"N20","nominal","2.0NRT",284.18,0.8,"N"
"17194",31.09301,47.79233,334.06,0.41,0.37,"2026-02-15",2229,"N20","nominal","2.0NRT",293.37,9.88,"N"
"17195",31.09362,47.78809,302.7,0.41,0.37,"2026-02-15",2229,"N20","nominal","2.0NRT",284.96,9.88,"N"
"17196",31.09023,47.78744,331.71,0.41,0.37,"2026-02-15",2229,"N20","nominal","2.0NRT",287.66,9.88,"N"
"17197",31.08963,47.79168,323,0.41,0.37,"2026-02-15",2229,"N20","nominal","2.0NRT",293.27,9.88,"N"
"17198",31.08685,47.78679,298.83,0.41,0.37,"2026-02-15",2229,"N20","nominal","2.0NRT",284.8,0.41,"N"
"17199",31.08625,47.79102,298.2,0.41,0.37,"2026-02-15",2229,"N20","nominal","2.0NRT",285.1,0.41,"N"
"17200",30.92597,48.85735,298.98,0.39,0.36,"2026-02-15",2229,"N20","nominal","2.0NRT",285.39,0.7,"N"
"17201",30.92475,48.86542,316.3,0.39,0.36,"2026-02-15",2229,"N20","nominal","2.0NRT",286.41,1.32,"N"
"17202",30.92267,48.85669,335.48,0.39,0.36,"2026-02-15",2229,"N20","nominal","2.0NRT",290.63,6.52,"N"
"17203",30.92145,48.86475,322.52,0.39,0.36,"2026-02-15",2229,"N20","nominal","2.0NRT",285.51,2,"N"
"17204",30.77446,49.76964,308.11,0.38,0.36,"2026-02-15",2229,"N20","nominal","2.0NRT",286.34,3.3,"N"
"17205",30.77118,49.76894,336.28,0.38,0.36,"2026-02-15",2229,"N20","nominal","2.0NRT",289.02,3.3,"N"
"17206",30.71523,50.11869,315.22,0.39,0.36,"2026-02-15",2229,"N20","nominal","2.0NRT",287.5,2.56,"N"
"17207",30.71194,50.11798,307.96,0.39,0.36,"2026-02-15",2229,"N20","nominal","2.0NRT",285.94,1.61,"N"
"17208",31.08207,47.62407,329.73,0.41,0.37,"2026-02-15",2229,"N20","nominal","2.0NRT",286.22,4.71,"N"
"17209",31.08146,47.62834,326.14,0.41,0.37,"2026-02-15",2229,"N20","nominal","2.0NRT",287.32,4.11,"N"
"17210",31.00469,48.14138,330.17,0.4,0.37,"2026-02-15",2229,"N20","nominal","2.0NRT",287.71,2.7,"N"
"17211",31.00529,48.13722,296.35,0.4,0.37,"2026-02-15",2229,"N20","nominal","2.0NRT",285.2,0.56,"N"
"17212",30.66386,50.3303,333.5,0.39,0.36,"2026-02-15",2229,"N20","nominal","2.0NRT",286.89,2.19,"N"
"17213",30.66057,50.32957,299.96,0.39,0.36,"2026-02-15",2229,"N20","nominal","2.0NRT",282.96,2.19,"N"
"17214",30.66053,50.30895,300.34,0.39,0.36,"2026-02-15",2229,"N20","nominal","2.0NRT",283.92,0.43,"N"
"17215",31.06567,47.61654,295.48,0.41,0.37,"2026-02-15",2229,"N20","nominal","2.0NRT",284.75,0.47,"N"
"17216",31.06227,47.61589,339.68,0.41,0.37,"2026-02-15",2229,"N20","nominal","2.0NRT",288.56,6.99,"N"
"17217",31.10325,47.29506,330.7,0.42,0.38,"2026-02-15",2229,"N20","nominal","2.0NRT",290.19,4.22,"N"
"17218",30.72233,49.82012,331.79,0.38,0.36,"2026-02-15",2229,"N20","nominal","2.0NRT",288.53,12.14,"N"
"17219",30.72169,49.82409,309.87,0.38,0.36,"2026-02-15",2229,"N20","nominal","2.0NRT",295.97,12.14,"N"
"17220",30.71905,49.81942,297.45,0.38,0.36,"2026-02-15",2229,"N20","nominal","2.0NRT",284.32,0.46,"N"
"17221",30.71841,49.82339,298.83,0.38,0.36,"2026-02-15",2229,"N20","nominal","2.0NRT",284.64,0.46,"N"
"17222",31.02874,47.70586,329.37,0.41,0.37,"2026-02-15",2229,"N20","nominal","2.0NRT",286.19,3.02,"N"
"17223",30.62051,50.38694,299.74,0.39,0.36,"2026-02-15",2229,"N20","nominal","2.0NRT",282.27,0.38,"N"
"17224",31.0772,47.26036,343.53,0.42,0.38,"2026-02-15",2229,"N20","nominal","2.0NRT",289.44,5.26,"N"
"17225",30.71188,49.53959,330.73,0.38,0.36,"2026-02-15",2229,"N20","nominal","2.0NRT",287.93,2.94,"N"
"17226",30.7086,49.53889,329.41,0.38,0.36,"2026-02-15",2229,"N20","nominal","2.0NRT",287.25,3.34,"N"
"17227",31.042,47.2852,299.39,0.42,0.38,"2026-02-15",2229,"N20","nominal","2.0NRT",284.13,0.4,"N"
"17228",31.03857,47.28456,298.81,0.42,0.38,"2026-02-15",2229,"N20","nominal","2.0NRT",283.61,0.4,"N"
"17229",31.03513,47.28391,327.69,0.42,0.38,"2026-02-15",2229,"N20","nominal","2.0NRT",286.55,32.1,"N"
"17230",31.03574,47.27954,309.36,0.42,0.38,"2026-02-15",2229,"N20","nominal","2.0NRT",284.31,1.36,"N"
"17231",31.03452,47.28828,307.25,0.42,0.38,"2026-02-15",2229,"N20","nominal","2.0NRT",285.28,32.1,"N"
"17232",31.0323,47.2789,325.18,0.42,0.38,"2026-02-15",2229,"N20","nominal","2.0NRT",285.82,1.36,"N"
"17233",31.0317,47.28327,335.42,0.42,0.38,"2026-02-15",2229,"N20","nominal","2.0NRT",332.57,32.1,"N"
"17234",31.03109,47.28764,323.65,0.42,0.38,"2026-02-15",2229,"N20","nominal","2.0NRT",289.55,32.1,"N"
"17235",31.03291,47.27452,295.03,0.42,0.38,"2026-02-15",2229,"N20","nominal","2.0NRT",284.28,1.36,"N"
"17236",31.02826,47.28263,335.38,0.42,0.38,"2026-02-15",2229,"N20","nominal","2.0NRT",287.6,1.49,"N"
"17237",31.02887,47.27826,309.72,0.42,0.38,"2026-02-15",2229,"N20","nominal","2.0NRT",284.31,1.22,"N"
"17238",31.02766,47.28699,307.67,0.42,0.38,"2026-02-15",2229,"N20","nominal","2.0NRT",286.17,1.49,"N"
"17239",31.02705,47.29136,302.96,0.42,0.38,"2026-02-15",2229,"N20","nominal","2.0NRT",286.32,0.92,"N"
"17240",31.02483,47.28199,298.3,0.42,0.38,"2026-02-15",2229,"N20","nominal","2.0NRT",284.13,1.49,"N"
"17241",30.61473,49.917,303.77,0.38,0.36,"2026-02-15",2229,"N20","nominal","2.0NRT",285.44,0.57,"N"
"17242",31.2423,45.25346,301.42,0.51,0.41,"2026-02-15",2229,"N20","nominal","2.0NRT",284.93,0.66,"N"
"17243",30.56532,50.01312,328.67,0.38,0.36,"2026-02-15",2229,"N20","nominal","2.0NRT",286.26,3.85,"N"
"17244",30.56469,50.01709,324.33,0.38,0.36,"2026-02-15",2229,"N20","nominal","2.0NRT",290.92,2.22,"N"
"17245",30.48529,50.48238,343.39,0.39,0.36,"2026-02-15",2229,"N20","nominal","2.0NRT",287.37,5.66,"N"
"17246",30.56141,50.01638,311.49,0.38,0.36,"2026-02-15",2229,"N20","nominal","2.0NRT",286.88,2.22,"N"
"17247",30.48462,50.48638,301.7,0.39,0.36,"2026-02-15",2229,"N20","nominal","2.0NRT",283.19,1.93,"N"
"17248",30.57363,49.91756,328.7,0.38,0.36,"2026-02-15",2229,"N20","nominal","2.0NRT",288.61,7.28,"N"
"17249",30.573,49.92152,298.76,0.38,0.36,"2026-02-15",2229,"N20","nominal","2.0NRT",284.33,2.27,"N"
"17250",30.87404,47.92593,296.91,0.4,0.37,"2026-02-15",2229,"N20","nominal","2.0NRT",285.27,0.4,"N"
"17251",30.87067,47.92528,295.43,0.4,0.37,"2026-02-15",2229,"N20","nominal","2.0NRT",285.34,0.78,"N"
"17252",30.86852,47.91627,296.08,0.4,0.37,"2026-02-15",2229,"N20","nominal","2.0NRT",285.45,0.58,"N"
"17253",30.86791,47.92045,309.36,0.4,0.37,"2026-02-15",2229,"N20","nominal","2.0NRT",286.18,0.78,"N"
"17254",30.86731,47.92463,314.02,0.4,0.37,"2026-02-15",2229,"N20","nominal","2.0NRT",286.67,0.78,"N"
"17255",30.8667,47.92881,298.1,0.4,0.37,"2026-02-15",2229,"N20","nominal","2.0NRT",285.82,0.79,"N"
"17256",30.86455,47.9198,338.3,0.4,0.37,"2026-02-15",2229,"N20","nominal","2.0NRT",290.98,21,"N"
"17257",30.86395,47.92398,330.73,0.4,0.37,"2026-02-15",2229,"N20","nominal","2.0NRT",313.46,21,"N"
"17258",30.86515,47.91562,301.28,0.4,0.37,"2026-02-15",2229,"N20","nominal","2.0NRT",286.87,0.63,"N"
"17259",30.86334,47.92816,303.86,0.4,0.37,"2026-02-15",2229,"N20","nominal","2.0NRT",286.87,0.66,"N"
"17260",30.86058,47.92333,321.51,0.4,0.37,"2026-02-15",2229,"N20","nominal","2.0NRT",288.29,21,"N"
"17261",30.86179,47.91497,298.8,0.4,0.37,"2026-02-15",2229,"N20","nominal","2.0NRT",286.87,0.63,"N"
"17262",30.86118,47.91915,318.76,0.4,0.37,"2026-02-15",2229,"N20","nominal","2.0NRT",287.69,21,"N"
"17263",30.85997,47.92751,298.35,0.4,0.37,"2026-02-15",2229,"N20","nominal","2.0NRT",286.36,0.66,"N"
"17264",30.53938,50.02509,296.12,0.39,0.36,"2026-02-15",2229,"N20","nominal","2.0NRT",284.05,0.24,"N"
"17265",30.85782,47.9185,297.68,0.4,0.37,"2026-02-15",2229,"N20","nominal","2.0NRT",285.5,0.36,"N"
"17266",30.85721,47.92268,296.32,0.4,0.37,"2026-02-15",2229,"N20","nominal","2.0NRT",284.64,0.36,"N"
"17267",30.44511,50.49955,311.03,0.39,0.36,"2026-02-15",2229,"N20","nominal","2.0NRT",282.3,1.16,"N"
"17268",30.92671,47.3103,331.72,0.42,0.37,"2026-02-15",2229,"N20","nominal","2.0NRT",286.96,3.1,"N"
"17269",31.21658,44.923,300.95,0.52,0.42,"2026-02-15",2229,"N20","nominal","2.0NRT",285.58,1.02,"N"
"17270",30.39815,50.61803,297.61,0.39,0.36,"2026-02-15",2229,"N20","nominal","2.0NRT",282.67,2.02,"N"
"17271",30.39748,50.62204,318.39,0.39,0.36,"2026-02-15",2229,"N20","nominal","2.0NRT",283.05,2.02,"N"
"17272",30.39618,50.60929,328.82,0.39,0.36,"2026-02-15",2229,"N20","nominal","2.0NRT",283.59,1.47,"N"
"17273",30.39485,50.61729,341.24,0.39,0.36,"2026-02-15",2229,"N20","nominal","2.0NRT",283.95,2.02,"N"
"17274",30.39418,50.62129,324.1,0.39,0.36,"2026-02-15",2229,"N20","nominal","2.0NRT",282.31,2.02,"N"
"17275",30.39551,50.61329,299.38,0.39,0.36,"2026-02-15",2229,"N20","nominal","2.0NRT",282.4,1.47,"N"
"17276",30.75337,48.28122,334.5,0.4,0.37,"2026-02-15",2229,"N20","nominal","2.0NRT",289.73,6.68,"N"
"17277",30.75397,48.27712,301.59,0.4,0.37,"2026-02-15",2229,"N20","nominal","2.0NRT",285.85,2.81,"N"
"17278",30.62559,49.13264,315.79,0.39,0.36,"2026-02-15",2229,"N20","nominal","2.0NRT",285.5,1.37,"N"
"17279",30.8848,47.33363,346.48,0.42,0.37,"2026-02-15",2229,"N20","nominal","2.0NRT",290.75,7.38,"N"
"17280",30.8854,47.32929,300.83,0.42,0.37,"2026-02-15",2229,"N20","nominal","2.0NRT",286.22,7.38,"N"
"17281",30.75064,48.27646,296.98,0.4,0.37,"2026-02-15",2229,"N20","nominal","2.0NRT",285.29,0.49,"N"
"17282",30.75004,48.28056,311.68,0.4,0.37,"2026-02-15",2229,"N20","nominal","2.0NRT",286.04,0.71,"N"
"17283",30.74944,48.28466,298.08,0.4,0.37,"2026-02-15",2229,"N20","nominal","2.0NRT",285.34,0.71,"N"
"17284",30.88197,47.32865,318.02,0.42,0.37,"2026-02-15",2229,"N20","nominal","2.0NRT",286.24,7.38,"N"
"17285",30.88137,47.33298,313.14,0.42,0.37,"2026-02-15",2229,"N20","nominal","2.0NRT",300.32,7.38,"N"
"17286",30.36505,50.6729,296.35,0.39,0.36,"2026-02-15",2229,"N20","nominal","2.0NRT",281.32,0.45,"N"
"17287",31.15031,45.05672,309.22,0.52,0.41,"2026-02-15",2229,"N20","nominal","2.0NRT",286.71,1.92,"N"
"17288",31.15095,45.05594,306.34,0.52,0.41,"2026-02-15",2229,"N20","nominal","2.0NRT",286.45,2.12,"N"
"17289",30.99868,46.21884,295.27,0.46,0.39,"2026-02-15",2229,"N20","nominal","2.0NRT",284.69,0.86,"N"
"17290",30.82894,47.33431,334.5,0.42,0.37,"2026-02-15",2229,"N20","nominal","2.0NRT",291.39,5.59,"N"
"17291",30.82955,47.32998,309.83,0.42,0.37,"2026-02-15",2229,"N20","nominal","2.0NRT",286.11,5.59,"N"
"17292",30.82613,47.32933,330.2,0.42,0.37,"2026-02-15",2229,"N20","nominal","2.0NRT",291.99,6.83,"N"
"17293",30.44722,49.83458,326.13,0.38,0.36,"2026-02-15",2229,"N20","nominal","2.0NRT",288.11,2.24,"N"
"17294",30.30083,50.73133,307.36,0.39,0.36,"2026-02-15",2229,"N20","nominal","2.0NRT",280.51,0.93,"N"
"17295",30.29948,50.73936,311.48,0.39,0.36,"2026-02-15",2229,"N20","nominal","2.0NRT",280.86,0.91,"N"
"17296",30.29882,50.74337,303.35,0.39,0.36,"2026-02-15",2229,"N20","nominal","2.0NRT",281.1,0.91,"N"
"17297",30.30489,50.68637,326.99,0.39,0.36,"2026-02-15",2229,"N20","nominal","2.0NRT",284.04,2.36,"N"
"17298",30.29618,50.73861,314.54,0.39,0.36,"2026-02-15",2229,"N20","nominal","2.0NRT",280.13,0.85,"N"
"17299",30.27276,50.81703,305.23,0.39,0.36,"2026-02-15",2229,"N20","nominal","2.0NRT",282.59,0.72,"N"
"17300",30.2708,50.80822,299.71,0.39,0.36,"2026-02-15",2229,"N20","nominal","2.0NRT",280.66,0.43,"N"
"17301",30.75463,47.6629,298.84,0.41,0.37,"2026-02-15",2229,"N20","nominal","2.0NRT",287.42,0.59,"N"
"17302",30.75403,47.66713,315.63,0.41,0.37,"2026-02-15",2229,"N20","nominal","2.0NRT",289.64,1.09,"N"
"17303",30.2634,50.83183,295.15,0.39,0.36,"2026-02-15",2229,"N20","nominal","2.0NRT",282.6,0.31,"N"
"17304",30.75124,47.66225,297.67,0.41,0.37,"2026-02-15",2229,"N20","nominal","2.0NRT",286.71,0.41,"N"
"17305",30.75064,47.66648,297.02,0.41,0.37,"2026-02-15",2229,"N20","nominal","2.0NRT",286.38,0.44,"N"
"17306",30.34976,50.29023,307.21,0.39,0.36,"2026-02-15",2229,"N20","nominal","2.0NRT",283.63,0.8,"N"
"17307",30.34781,50.3022,310.17,0.39,0.36,"2026-02-15",2229,"N20","nominal","2.0NRT",283.95,1.05,"N"
"17308",30.34712,50.28553,298.17,0.39,0.36,"2026-02-15",2229,"N20","nominal","2.0NRT",283.16,0.8,"N"
"17309",30.2494,50.85376,295.16,0.39,0.37,"2026-02-15",2229,"N20","nominal","2.0NRT",280.62,0.33,"N"
"17310",30.4054,49.86253,299,0.38,0.36,"2026-02-15",2229,"N20","nominal","2.0NRT",285.2,0.41,"N"
"17311",30.25636,50.77146,317.1,0.39,0.36,"2026-02-15",2229,"N20","nominal","2.0NRT",282.47,1.77,"N"
"17312",31.65342,38.8556,309.8,0.39,0.6,"2026-02-15",2229,"N20","nominal","2.0NRT",280.15,1.83,"N"
"17313",31.65314,38.8598,296.73,0.39,0.6,"2026-02-15",2229,"N20","nominal","2.0NRT",280.72,1.41,"N"
"17314",30.25035,50.78683,301.24,0.39,0.36,"2026-02-15",2229,"N20","nominal","2.0NRT",282.15,0.63,"N"
"17315",30.24841,50.77798,314.76,0.39,0.36,"2026-02-15",2229,"N20","nominal","2.0NRT",281.38,1.17,"N"
"17316",30.40061,49.82877,327.55,0.38,0.36,"2026-02-15",2229,"N20","nominal","2.0NRT",286.84,3.2,"N"
"17317",30.39428,49.86835,307.01,0.38,0.36,"2026-02-15",2229,"N20","nominal","2.0NRT",285.2,0.61,"N"
"17318",30.76955,47.33204,335.98,0.42,0.37,"2026-02-15",2229,"N20","nominal","2.0NRT",289.27,2.47,"N"
"17319",30.39226,49.85973,339.15,0.38,0.36,"2026-02-15",2229,"N20","nominal","2.0NRT",288.47,3.91,"N"
"17320",30.39163,49.86369,329.72,0.38,0.36,"2026-02-15",2229,"N20","nominal","2.0NRT",288.11,3.91,"N"
"17321",30.38898,49.85903,344.18,0.38,0.36,"2026-02-15",2229,"N20","nominal","2.0NRT",288.71,3.91,"N"
"17322",30.38835,49.86299,327.73,0.38,0.36,"2026-02-15",2229,"N20","nominal","2.0NRT",289.37,3.91,"N"
"17323",30.76613,47.33139,298.74,0.42,0.37,"2026-02-15",2229,"N20","nominal","2.0NRT",285.32,2.47,"N"
"17324",30.76331,47.32642,330.88,0.42,0.37,"2026-02-15",2229,"N20","nominal","2.0NRT",289.49,5.25,"N"
"17325",29.8892,52.73275,315.45,0.45,0.39,"2026-02-15",2229,"N20","nominal","2.0NRT",278.51,1.35,"N"
"17326",30.21919,50.78829,307.28,0.39,0.36,"2026-02-15",2229,"N20","nominal","2.0NRT",282.4,0.6,"N"
"17327",30.36174,49.87894,331.11,0.38,0.36,"2026-02-15",2229,"N20","nominal","2.0NRT",291.37,3.78,"N"
"17328",30.35476,49.9225,329.15,0.38,0.36,"2026-02-15",2229,"N20","nominal","2.0NRT",290.79,3.44,"N"
"17329",30.48308,49.08542,297.48,0.39,0.36,"2026-02-15",2229,"N20","nominal","2.0NRT",286.84,0.34,"N"
"17330",30.36606,49.83073,297.92,0.38,0.36,"2026-02-15",2229,"N20","nominal","2.0NRT",284.91,0.39,"N"
"17331",30.20234,50.8321,312.97,0.39,0.37,"2026-02-15",2229,"N20","nominal","2.0NRT",282.32,1.35,"N"
"17332",30.18809,50.91719,311.01,0.4,0.37,"2026-02-15",2229,"N20","nominal","2.0NRT",283.63,1.12,"N"
"17333",30.47466,49.09601,304.32,0.39,0.36,"2026-02-15",2229,"N20","nominal","2.0NRT",287.9,0.69,"N"
"17334",30.19028,50.86308,304.04,0.39,0.37,"2026-02-15",2229,"N20","nominal","2.0NRT",284.55,0.69,"N"
"17335",30.46087,49.09729,297.84,0.39,0.36,"2026-02-15",2229,"N20","nominal","2.0NRT",287.71,0.25,"N"
"17336",30.301,50.08739,295.7,0.39,0.36,"2026-02-15",2229,"N20","nominal","2.0NRT",284.29,1.11,"N"
"17337",30.29707,50.09064,330.8,0.39,0.36,"2026-02-15",2229,"N20","nominal","2.0NRT",286.24,1.11,"N"
"17338",30.45981,49.06012,306.02,0.39,0.36,"2026-02-15",2229,"N20","nominal","2.0NRT",288.77,0.92,"N"
"17339",30.29771,50.08668,304.19,0.39,0.36,"2026-02-15",2229,"N20","nominal","2.0NRT",284.05,1.11,"N"
"17340",30.45284,49.08333,301.39,0.39,0.36,"2026-02-15",2229,"N20","nominal","2.0NRT",286.43,0.63,"N"
"17341",30.45222,49.08731,308.2,0.39,0.36,"2026-02-15",2229,"N20","nominal","2.0NRT",287.07,1.25,"N"
"17342",30.32308,49.8871,305.17,0.38,0.36,"2026-02-15",2229,"N20","nominal","2.0NRT",285.69,0.87,"N"
"17343",30.29106,50.0647,321.12,0.39,0.36,"2026-02-15",2229,"N20","nominal","2.0NRT",287.08,1.59,"N"
"17344",30.28464,50.10437,327.25,0.39,0.36,"2026-02-15",2229,"N20","nominal","2.0NRT",284.66,2.2,"N"
"17345",30.43744,49.1171,300.5,0.39,0.36,"2026-02-15",2229,"N20","nominal","2.0NRT",288.74,0.5,"N"
"17346",30.43538,49.10847,306.32,0.39,0.36,"2026-02-15",2229,"N20","nominal","2.0NRT",289.38,1.06,"N"
"17347",30.68994,47.32787,308.93,0.42,0.37,"2026-02-15",2229,"N20","nominal","2.0NRT",286.08,3.32,"N"
"17348",30.68933,47.33218,301.38,0.42,0.37,"2026-02-15",2229,"N20","nominal","2.0NRT",286.02,2.53,"N"
"17349",30.68651,47.32722,327.79,0.42,0.37,"2026-02-15",2229,"N20","nominal","2.0NRT",290.54,3.32,"N"
"17350",30.26291,50.0915,298.13,0.39,0.36,"2026-02-15",2229,"N20","nominal","2.0NRT",285.17,0.34,"N"
"17351",30.67625,47.3253,322.91,0.42,0.37,"2026-02-15",2229,"N20","nominal","2.0NRT",285.83,1.64,"N"
"17352",30.67565,47.32962,304.96,0.42,0.37,"2026-02-15",2229,"N20","nominal","2.0NRT",286.15,1.31,"N"
"17353",30.229,50.19522,305.71,0.39,0.36,"2026-02-15",2229,"N20","nominal","2.0NRT",284.56,0.71,"N"
"17354",30.15737,50.42364,325.48,0.39,0.36,"2026-02-15",2229,"N20","nominal","2.0NRT",286.14,3.7,"N"
"17355",30.15803,50.41966,295.69,0.39,0.36,"2026-02-15",2229,"N20","nominal","2.0NRT",284.49,3.7,"N"
"17356",30.15473,50.41896,326.18,0.39,0.36,"2026-02-15",2229,"N20","nominal","2.0NRT",285.31,3.7,"N"
"17357",30.15407,50.42295,339.37,0.39,0.36,"2026-02-15",2229,"N20","nominal","2.0NRT",297.4,3.7,"N"
"17358",30.48357,48.249,329.12,0.39,0.37,"2026-02-15",2229,"N20","nominal","2.0NRT",287.63,2.28,"N"
"17359",30.06534,50.89447,296.18,0.4,0.37,"2026-02-15",2229,"N20","nominal","2.0NRT",281.28,0.59,"N"
"17360",30.61017,47.32321,322.22,0.42,0.37,"2026-02-15",2229,"N20","nominal","2.0NRT",286.74,5.14,"N"
"17361",30.60956,47.32751,321.59,0.41,0.37,"2026-02-15",2229,"N20","nominal","2.0NRT",291.66,4.77,"N"
"17362",30.60896,47.33182,311.79,0.41,0.37,"2026-02-15",2229,"N20","nominal","2.0NRT",285.54,4.77,"N"
"17363",30.60836,47.33612,303.03,0.41,0.37,"2026-02-15",2229,"N20","nominal","2.0NRT",285.85,0.91,"N"
"17364",29.73593,52.65243,296.42,0.45,0.39,"2026-02-15",2229,"N20","nominal","2.0NRT",278.24,0.71,"N"
"17365",30.06734,50.67762,309.81,0.39,0.36,"2026-02-15",2229,"N20","nominal","2.0NRT",284.73,1.23,"N"
"17366",30.08672,50.54072,298.54,0.39,0.36,"2026-02-15",2229,"N20","nominal","2.0NRT",284.74,0.3,"N"
"17367",30.08341,50.54002,325.33,0.39,0.36,"2026-02-15",2229,"N20","nominal","2.0NRT",286.27,1.68,"N"
"17368",30.57539,47.32108,302.84,0.41,0.37,"2026-02-15",2229,"N20","nominal","2.0NRT",285.14,0.57,"N"
"17369",31.43431,39.12802,306.13,0.38,0.59,"2026-02-15",2229,"N20","nominal","2.0NRT",280.21,1.08,"N"
"17370",30.57197,47.32044,304.05,0.41,0.37,"2026-02-15",2229,"N20","nominal","2.0NRT",284.98,0.57,"N"
"17371",30.57017,47.33337,300.91,0.41,0.37,"2026-02-15",2229,"N20","nominal","2.0NRT",284.9,0.45,"N"
"17372",30.53364,47.59336,296.41,0.41,0.37,"2026-02-15",2229,"N20","nominal","2.0NRT",285.56,0.63,"N"
"17373",30.53304,47.59759,312.28,0.41,0.37,"2026-02-15",2229,"N20","nominal","2.0NRT",286.03,0.63,"N"
"17374",30.56976,47.31119,321.98,0.42,0.37,"2026-02-15",2229,"N20","nominal","2.0NRT",286.62,1.17,"N"
"17375",30.10717,50.35511,322.58,0.39,0.36,"2026-02-15",2229,"N20","nominal","2.0NRT",285.6,1.12,"N"
"17376",30.58114,47.22913,305.09,0.42,0.37,"2026-02-15",2229,"N20","nominal","2.0NRT",285.38,0.75,"N"
"17377",30.56916,47.31549,312.01,0.42,0.37,"2026-02-15",2229,"N20","nominal","2.0NRT",286.4,1.17,"N"
"17378",30.56615,47.33703,303.45,0.41,0.37,"2026-02-15",2229,"N20","nominal","2.0NRT",284.86,0.8,"N"
"17379",30.52786,47.60962,298.43,0.41,0.37,"2026-02-15",2229,"N20","nominal","2.0NRT",285.88,5.52,"N"
"17380",30.52726,47.61384,296.27,0.41,0.37,"2026-02-15",2229,"N20","nominal","2.0NRT",286,5.52,"N"
"17381",30.10783,50.35113,297.04,0.39,0.36,"2026-02-15",2229,"N20","nominal","2.0NRT",283.92,1.12,"N"
"17382",30.56394,47.32777,329.97,0.41,0.37,"2026-02-15",2229,"N20","nominal","2.0NRT",286.6,2.85,"N"
"17383",30.52447,47.60897,356.31,0.41,0.37,"2026-02-15",2229,"N20","nominal","2.0NRT",290.67,5.52,"N"
"17384",30.52387,47.61319,341.61,0.41,0.37,"2026-02-15",2229,"N20","nominal","2.0NRT",292.39,5.52,"N"
"17385",30.56094,47.34928,301.08,0.41,0.37,"2026-02-15",2229,"N20","nominal","2.0NRT",285.53,0.51,"N"
"17386",30.55753,47.34863,322.97,0.41,0.37,"2026-02-15",2229,"N20","nominal","2.0NRT",285.85,1.17,"N"
"17387",30.05693,50.59627,300.75,0.39,0.36,"2026-02-15",2229,"N20","nominal","2.0NRT",283.72,0.37,"N"
"17388",30.04359,50.63503,328.23,0.39,0.36,"2026-02-15",2229,"N20","nominal","2.0NRT",285.75,1.73,"N"
"17389",30.40228,48.35861,297.48,0.39,0.36,"2026-02-15",2229,"N20","nominal","2.0NRT",287.31,0.33,"N"
"17390",30.04291,50.63907,303.52,0.39,0.36,"2026-02-15",2229,"N20","nominal","2.0NRT",285.37,1.73,"N"
"17391",30.04026,50.63437,314.86,0.39,0.36,"2026-02-15",2229,"N20","nominal","2.0NRT",285.58,1.09,"N"
"17392",30.03959,50.63841,298.36,0.39,0.36,"2026-02-15",2229,"N20","nominal","2.0NRT",285.53,1.09,"N"
"17393",29.15196,55.36443,303.45,0.41,0.45,"2026-02-15",2229,"N20","nominal","2.0NRT",277.99,1.1,"N"
"17394",30.03627,50.63773,325.67,0.39,0.36,"2026-02-15",2229,"N20","nominal","2.0NRT",287.33,1.09,"N"
"17395",30.03695,50.63369,298.2,0.39,0.36,"2026-02-15",2229,"N20","nominal","2.0NRT",285.09,1.09,"N"
"17396",29.14131,55.37465,298.49,0.41,0.45,"2026-02-15",2229,"N20","nominal","2.0NRT",278.33,1.06,"N"
"17397",30.47777,47.74252,328.76,0.4,0.37,"2026-02-15",2229,"N20","nominal","2.0NRT",287.5,2.24,"N"
"17398",30.56351,47.10093,328.34,0.42,0.38,"2026-02-15",2229,"N20","nominal","2.0NRT",286.55,8.9,"N"
"17399",30.4744,47.74187,310.88,0.4,0.37,"2026-02-15",2229,"N20","nominal","2.0NRT",286.96,1.47,"N"
"17400",30.48919,47.60831,308.48,0.41,0.37,"2026-02-15",2229,"N20","nominal","2.0NRT",286.22,0.74,"N"
"17401",30.47153,47.68272,328.61,0.41,0.37,"2026-02-15",2229,"N20","nominal","2.0NRT",290.19,2.42,"N"
"17402",29.1378,55.37516,299.53,0.41,0.45,"2026-02-15",2229,"N20","nominal","2.0NRT",280.55,1,"N"
"17403",30.45983,47.66756,296.97,0.41,0.37,"2026-02-15",2229,"N20","nominal","2.0NRT",286.54,0.52,"N"
"17404",30.45645,47.66691,306.52,0.41,0.37,"2026-02-15",2229,"N20","nominal","2.0NRT",287.01,0.52,"N"
"17405",29.98156,50.72276,314.19,0.39,0.36,"2026-02-15",2229,"N20","nominal","2.0NRT",285.96,0.98,"N"
"17406",30.49631,47.31263,324.81,0.41,0.37,"2026-02-15",2229,"N20","nominal","2.0NRT",285.99,2.82,"N"
"17407",30.4957,47.31693,345.65,0.41,0.37,"2026-02-15",2229,"N20","nominal","2.0NRT",291.07,9.12,"N"
"17408",30.35065,48.27454,304.01,0.39,0.36,"2026-02-15",2229,"N20","nominal","2.0NRT",288.41,0.74,"N"
"17409",30.34732,48.27389,301.98,0.39,0.36,"2026-02-15",2229,"N20","nominal","2.0NRT",289,0.74,"N"
"17410",29.94131,50.83957,318.07,0.4,0.37,"2026-02-15",2229,"N20","nominal","2.0NRT",286.59,1.62,"N"
"17411",30.5626,46.70279,321.79,0.43,0.38,"2026-02-15",2229,"N20","nominal","2.0NRT",285.79,1.14,"N"
"17412",29.91784,50.8765,314.24,0.4,0.37,"2026-02-15",2229,"N20","nominal","2.0NRT",285.93,1.13,"N"
"17413",30.41969,47.60807,298.2,0.41,0.37,"2026-02-15",2229,"N20","nominal","2.0NRT",286.63,0.66,"N"
"17414",30.41909,47.61229,312.15,0.41,0.37,"2026-02-15",2229,"N20","nominal","2.0NRT",286.16,0.66,"N"
"17415",30.41512,47.61586,309.49,0.41,0.37,"2026-02-15",2229,"N20","nominal","2.0NRT",286.09,1.07,"N"
"17416",29.62349,52.44916,308.97,0.44,0.38,"2026-02-15",2229,"N20","nominal","2.0NRT",281.47,1.5,"N"
"17417",30.4254,47.44409,297.06,0.41,0.37,"2026-02-15",2229,"N20","nominal","2.0NRT",285.17,0.32,"N"
"17418",30.40516,47.58798,298.64,0.41,0.37,"2026-02-15",2229,"N20","nominal","2.0NRT",286.39,0.65,"N"
"17419",30.37326,47.63499,301.92,0.41,0.37,"2026-02-15",2229,"N20","nominal","2.0NRT",285.77,0.37,"N"
"17420",30.36927,47.63855,296.11,0.41,0.37,"2026-02-15",2229,"N20","nominal","2.0NRT",286.06,0.44,"N"
"17421",30.40202,47.33598,337.24,0.41,0.37,"2026-02-15",2229,"N20","nominal","2.0NRT",287.32,2.89,"N"
"17422",30.35612,47.65759,327.86,0.41,0.37,"2026-02-15",2229,"N20","nominal","2.0NRT",286.42,2.24,"N"
"17423",29.1705,54.61774,316.66,0.56,0.43,"2026-02-15",2229,"N20","nominal","2.0NRT",279.29,2.78,"N"
"17424",30.35274,47.65695,310.88,0.41,0.37,"2026-02-15",2229,"N20","nominal","2.0NRT",286.64,1.21,"N"
"17425",30.33292,47.60144,300.4,0.41,0.37,"2026-02-15",2229,"N20","nominal","2.0NRT",286.19,0.6,"N"
"17426",30.36389,47.33324,328.04,0.41,0.37,"2026-02-15",2229,"N20","nominal","2.0NRT",285.73,3.35,"N"
"17427",30.35988,47.33687,327.73,0.41,0.37,"2026-02-15",2229,"N20","nominal","2.0NRT",286.22,5.27,"N"
"17428",30.35928,47.34115,329.05,0.41,0.37,"2026-02-15",2229,"N20","nominal","2.0NRT",289.09,5.27,"N"
"17429",30.35647,47.33624,327.12,0.41,0.37,"2026-02-15",2229,"N20","nominal","2.0NRT",288.26,6.76,"N"
"17430",30.27826,47.7414,301.11,0.4,0.37,"2026-02-15",2229,"N20","nominal","2.0NRT",286.43,1.29,"N"
"17431",30.27489,47.74076,335.33,0.4,0.37,"2026-02-15",2229,"N20","nominal","2.0NRT",287.29,1.29,"N"
"17432",30.27786,47.71993,307.85,0.4,0.37,"2026-02-15",2229,"N20","nominal","2.0NRT",286.07,0.54,"N"
"17433",30.31659,47.3463,304.4,0.41,0.37,"2026-02-15",2229,"N20","nominal","2.0NRT",284.41,0.79,"N"
"17434",30.31599,47.35057,313.65,0.41,0.37,"2026-02-15",2229,"N20","nominal","2.0NRT",285.21,0.79,"N"
"17435",29.9432,49.68425,326.06,0.38,0.36,"2026-02-15",2229,"N20","nominal","2.0NRT",289.39,2.24,"N"
"17436",29.94257,49.68819,325.8,0.38,0.36,"2026-02-15",2229,"N20","nominal","2.0NRT",290.7,2.4,"N"
"17437",30.28324,47.36008,307.38,0.41,0.37,"2026-02-15",2229,"N20","nominal","2.0NRT",285.61,0.86,"N"
"17438",30.28264,47.36434,309.69,0.41,0.37,"2026-02-15",2229,"N20","nominal","2.0NRT",285.11,0.86,"N"
"17439",30.35249,46.83883,327.01,0.43,0.38,"2026-02-15",2229,"N20","nominal","2.0NRT",291.29,4.81,"N"
"17440",30.28104,47.35093,323.53,0.41,0.37,"2026-02-15",2229,"N20","nominal","2.0NRT",285.65,1.24,"N"
"17441",30.27983,47.35944,327.82,0.41,0.37,"2026-02-15",2229,"N20","nominal","2.0NRT",288.34,4.77,"N"
"17442",30.27923,47.3637,326.31,0.41,0.37,"2026-02-15",2229,"N20","nominal","2.0NRT",286.68,4.77,"N"
"17443",29.76349,50.37076,303.22,0.39,0.36,"2026-02-15",2229,"N20","nominal","2.0NRT",286.22,0.51,"N"
"17444",29.71465,50.66313,311.91,0.39,0.36,"2026-02-15",2229,"N20","nominal","2.0NRT",287.06,0.83,"N"
"17445",29.3708,52.61115,298.32,0.45,0.39,"2026-02-15",2229,"N20","nominal","2.0NRT",276.88,0.78,"N"
"17446",30.21659,47.38688,326.22,0.41,0.37,"2026-02-15",2229,"N20","nominal","2.0NRT",285.28,1.31,"N"
"17447",30.21599,47.39113,321.29,0.41,0.37,"2026-02-15",2229,"N20","nominal","2.0NRT",286.09,1.55,"N"
"17448",29.36729,52.61028,303.44,0.45,0.39,"2026-02-15",2229,"N20","nominal","2.0NRT",276.85,0.78,"N"
"17449",30.212,47.39474,331.39,0.41,0.37,"2026-02-15",2229,"N20","nominal","2.0NRT",286.96,2.87,"N"
"17450",30.21319,47.38625,317.93,0.41,0.37,"2026-02-15",2229,"N20","nominal","2.0NRT",285.3,1.33,"N"
"17451",30.2086,47.3941,325.31,0.41,0.37,"2026-02-15",2229,"N20","nominal","2.0NRT",285.7,2.87,"N"
"17452",29.25669,53.12108,330.34,0.48,0.4,"2026-02-15",2229,"N20","nominal","2.0NRT",280.37,5.54,"N"
"17453",30.19899,47.38794,328.41,0.41,0.37,"2026-02-15",2229,"N20","nominal","2.0NRT",285.74,3.59,"N"
"17454",29.25555,53.12317,326.92,0.48,0.4,"2026-02-15",2229,"N20","nominal","2.0NRT",279.23,5.88,"N"
"17455",30.17447,47.41074,322.71,0.41,0.37,"2026-02-15",2229,"N20","nominal","2.0NRT",288.54,6.39,"N"
"17456",30.17508,47.40651,301.68,0.41,0.37,"2026-02-15",2229,"N20","nominal","2.0NRT",284.25,3.44,"N"
"17457",30.16707,47.41369,344.48,0.41,0.37,"2026-02-15",2229,"N20","nominal","2.0NRT",287.98,7.51,"N"
"17458",30.16648,47.41791,299.79,0.41,0.37,"2026-02-15",2229,"N20","nominal","2.0NRT",285.62,1.02,"N"
"17459",29.50578,51.40645,298.79,0.41,0.37,"2026-02-15",2229,"N20","nominal","2.0NRT",282.63,0.81,"N"
"17460",29.51065,51.25743,330.54,0.41,0.37,"2026-02-15",2229,"N20","nominal","2.0NRT",287.8,1.69,"N"
"17461",29.51136,51.25334,296.23,0.41,0.37,"2026-02-15",2229,"N20","nominal","2.0NRT",284.74,0.38,"N"
"17462",29.50994,51.26155,298.2,0.41,0.37,"2026-02-15",2229,"N20","nominal","2.0NRT",286.62,1.69,"N"
"17463",29.19246,52.8403,333.48,0.46,0.39,"2026-02-15",2229,"N20","nominal","2.0NRT",281.34,4.62,"N"
"17464",29.19159,52.84489,303.9,0.46,0.39,"2026-02-15",2229,"N20","nominal","2.0NRT",280.18,2.51,"N"
"17465",29.19382,52.84312,337.29,0.46,0.39,"2026-02-15",2229,"N20","nominal","2.0NRT",286.73,6.57,"N"
"17466",29.18855,52.85158,304.81,0.46,0.39,"2026-02-15",2229,"N20","nominal","2.0NRT",277.38,1.23,"N"
"17467",29.90158,47.72669,302.54,0.4,0.37,"2026-02-15",2229,"N20","nominal","2.0NRT",285.47,0.67,"N"
"17468",29.86,47.79912,298.1,0.4,0.37,"2026-02-15",2229,"N20","nominal","2.0NRT",285.7,0.38,"N"
"17469",29.85431,47.74306,313.59,0.4,0.37,"2026-02-15",2229,"N20","nominal","2.0NRT",285.86,1.08,"N"
"17470",29.847,47.7459,299.84,0.4,0.37,"2026-02-15",2229,"N20","nominal","2.0NRT",285.39,0.45,"N"
"17471",29.47586,49.39106,329.25,0.38,0.36,"2026-02-15",2229,"N20","nominal","2.0NRT",291.7,1.82,"N"
"17472",28.70365,53.54504,298.12,0.51,0.41,"2026-02-15",2229,"N20","nominal","2.0NRT",281.48,0.76,"N"
"17473",29.24552,50.30538,298.6,0.39,0.36,"2026-02-15",2229,"N20","nominal","2.0NRT",287.53,0.14,"N"
"17474",29.24221,50.30467,312.99,0.39,0.36,"2026-02-15",2229,"N20","nominal","2.0NRT",288.47,0.73,"N"
"17475",29.56602,48.15886,313.02,0.39,0.36,"2026-02-15",2229,"N20","nominal","2.0NRT",286.76,0.78,"N"
"17476",29.55759,48.16962,306.33,0.39,0.36,"2026-02-15",2229,"N20","nominal","2.0NRT",287.16,0.51,"N"
"17477",29.21708,50.31161,307.37,0.39,0.36,"2026-02-15",2229,"N20","nominal","2.0NRT",288.6,0.52,"N"
"17478",29.32998,49.49271,323.64,0.38,0.36,"2026-02-15",2229,"N20","nominal","2.0NRT",291.77,2.12,"N"
"17479",29.29368,49.54995,328.75,0.38,0.36,"2026-02-15",2229,"N20","nominal","2.0NRT",292.48,2.3,"N"
"17480",29.27021,49.56936,329.05,0.38,0.36,"2026-02-15",2229,"N20","nominal","2.0NRT",291.74,2.21,"N"
"17481",28.68416,52.09219,310.6,0.44,0.38,"2026-02-15",2229,"N20","nominal","2.0NRT",281.83,1.02,"N"
"17482",28.58387,51.59169,303.63,0.42,0.38,"2026-02-15",2229,"N20","nominal","2.0NRT",287.49,1.01,"N"
"17483",29.05752,48.13185,299.73,0.39,0.36,"2026-02-15",2229,"N20","nominal","2.0NRT",288.99,0.91,"N"
"17484",29.05029,48.13454,299.75,0.39,0.36,"2026-02-15",2229,"N20","nominal","2.0NRT",288.87,0.97,"N"
"17485",29.04187,48.1452,300.89,0.39,0.36,"2026-02-15",2229,"N20","nominal","2.0NRT",289.73,0.39,"N"
"17486",29.03795,48.14853,304.84,0.39,0.36,"2026-02-15",2229,"N20","nominal","2.0NRT",291.04,0.43,"N"
"17487",29.16308,47.19394,312.23,0.41,0.37,"2026-02-15",2229,"N20","nominal","2.0NRT",284.5,1.3,"N"
"17488",29.02469,48.14597,308.47,0.39,0.36,"2026-02-15",2229,"N20","nominal","2.0NRT",291.06,0.74,"N"
"17489",29.02434,48.01046,296.06,0.39,0.36,"2026-02-15",2229,"N20","nominal","2.0NRT",285.71,0.43,"N"
"17490",29.01983,48.01782,318.98,0.39,0.36,"2026-02-15",2229,"N20","nominal","2.0NRT",286.89,1.33,"N"
"17491",28.99213,48.1609,309.96,0.39,0.36,"2026-02-15",2229,"N20","nominal","2.0NRT",290.14,1.42,"N"
"17492",28.99029,48.12785,336.06,0.39,0.36,"2026-02-15",2229,"N20","nominal","2.0NRT",290.67,3.85,"N"
"17493",29.00972,47.74401,305.9,0.4,0.37,"2026-02-15",2229,"N20","nominal","2.0NRT",285.02,18.65,"N"
"17494",29.00913,47.74805,299.56,0.4,0.37,"2026-02-15",2229,"N20","nominal","2.0NRT",284.86,29.11,"N"
"17495",27.42437,56.50057,303.85,0.52,0.5,"2026-02-15",2229,"N20","nominal","2.0NRT",289.04,0.76,"N"
"17496",29.00638,47.74339,331.55,0.4,0.37,"2026-02-15",2229,"N20","nominal","2.0NRT",289.43,18.65,"N"
"17497",29.03407,47.5063,306.93,0.4,0.37,"2026-02-15",2229,"N20","nominal","2.0NRT",285.62,0.77,"N"
"17498",28.9459,47.96743,308.17,0.39,0.36,"2026-02-15",2229,"N20","nominal","2.0NRT",286.75,0.64,"N"
"17499",28.87403,47.95072,299.77,0.39,0.36,"2026-02-15",2229,"N20","nominal","2.0NRT",285.96,0.29,"N"
"17500",26.16716,61.24153,297.72,0.53,0.67,"2026-02-15",2229,"N20","nominal","2.0NRT",287.38,0.58,"N"
"17501",27.30292,56.30318,303.71,0.51,0.49,"2026-02-15",2229,"N20","nominal","2.0NRT",289.91,1.2,"N"
"17502",28.72509,48.33054,298.82,0.39,0.36,"2026-02-15",2229,"N20","nominal","2.0NRT",287.55,0.46,"N"
"17503",28.70979,48.36401,297.92,0.39,0.36,"2026-02-15",2229,"N20","nominal","2.0NRT",287.83,0.37,"N"
"17504",27.16666,56.09819,302.5,0.5,0.49,"2026-02-15",2229,"N20","nominal","2.0NRT",291.81,1.09,"N"
"17505",27.17058,56.05805,308.8,0.49,0.49,"2026-02-15",2229,"N20","nominal","2.0NRT",291.34,1.49,"N"
"17506",27.16226,56.09705,305.88,0.5,0.49,"2026-02-15",2229,"N20","nominal","2.0NRT",292.77,1.49,"N"
"17507",27.16122,56.10192,316.7,0.5,0.49,"2026-02-15",2229,"N20","nominal","2.0NRT",292.72,1.49,"N"
"17508",27.93149,52.1946,298.46,0.45,0.39,"2026-02-15",2229,"N20","nominal","2.0NRT",284.17,0.75,"N"
"17509",27.16724,56.05202,304.5,0.49,0.49,"2026-02-15",2229,"N20","nominal","2.0NRT",290.59,1.31,"N"
"17510",27.16203,56.07643,302.01,0.49,0.49,"2026-02-15",2229,"N20","nominal","2.0NRT",290.76,1.34,"N"
"17511",28.36817,49.62738,322.44,0.39,0.36,"2026-02-15",2231,"N20","nominal","2.0NRT",290.64,1.15,"N"
"17512",27.14489,56.11321,309.48,0.5,0.49,"2026-02-15",2231,"N20","nominal","2.0NRT",291.95,1.48,"N"
"17513",28.47551,48.93438,328.72,0.38,0.36,"2026-02-15",2231,"N20","nominal","2.0NRT",292.09,2.13,"N"
"17514",28.47223,48.93373,316.09,0.38,0.36,"2026-02-15",2231,"N20","nominal","2.0NRT",290.8,2.13,"N"
"17515",28.5491,48.281,308.33,0.39,0.36,"2026-02-15",2231,"N20","nominal","2.0NRT",286.69,0.87,"N"
"17516",28.5807,47.91433,323.1,0.39,0.36,"2026-02-15",2231,"N20","nominal","2.0NRT",286.91,1.34,"N"
"17517",28.57619,47.92163,328.95,0.39,0.36,"2026-02-15",2231,"N20","nominal","2.0NRT",289.76,3.37,"N"
"17518",28.39811,48.53493,296.72,0.39,0.36,"2026-02-15",2231,"N20","nominal","2.0NRT",286.72,0.2,"N"
"17519",28.39515,48.53133,326.73,0.39,0.36,"2026-02-15",2231,"N20","nominal","2.0NRT",288.38,3.34,"N"
"17520",28.39455,48.53522,323.3,0.39,0.36,"2026-02-15",2231,"N20","nominal","2.0NRT",292.49,3.34,"N"
"17521",27.76517,52.16756,304.27,0.45,0.39,"2026-02-15",2231,"N20","nominal","2.0NRT",288.52,9.87,"N"
"17522",27.76437,52.17193,301.59,0.45,0.39,"2026-02-15",2231,"N20","nominal","2.0NRT",288.64,9.87,"N"
"17523",27.76162,52.16685,341.14,0.45,0.39,"2026-02-15",2231,"N20","nominal","2.0NRT",293.74,9.87,"N"
"17524",27.76082,52.17125,341.67,0.45,0.39,"2026-02-15",2231,"N20","nominal","2.0NRT",294.65,9.87,"N"
"17525",27.76293,52.13929,308.02,0.45,0.39,"2026-02-15",2231,"N20","nominal","2.0NRT",288.27,0.97,"N"
"17526",27.75808,52.16611,311.78,0.45,0.39,"2026-02-15",2231,"N20","nominal","2.0NRT",287.97,1.01,"N"
"17527",27.7594,52.13851,310.15,0.45,0.39,"2026-02-15",2231,"N20","nominal","2.0NRT",288.8,0.97,"N"
"17528",28.45407,47.87493,306.78,0.39,0.36,"2026-02-15",2231,"N20","nominal","2.0NRT",286.24,0.76,"N"
"17529",27.74555,52.15413,303.86,0.45,0.39,"2026-02-15",2231,"N20","nominal","2.0NRT",288.6,0.81,"N"
"17530",27.73875,52.17127,309.14,0.45,0.39,"2026-02-15",2231,"N20","nominal","2.0NRT",290.27,0.95,"N"
"17531",27.73356,52.17959,299.39,0.45,0.39,"2026-02-15",2231,"N20","nominal","2.0NRT",289.25,0.52,"N"
"17532",27.72294,52.17726,338.22,0.45,0.39,"2026-02-15",2231,"N20","nominal","2.0NRT",296.43,8.25,"N"
"17533",27.72376,52.17274,305.9,0.45,0.39,"2026-02-15",2231,"N20","nominal","2.0NRT",292.33,4.23,"N"
"17534",27.7194,52.17646,355.01,0.45,0.39,"2026-02-15",2231,"N20","nominal","2.0NRT",300.63,19.36,"N"
"17535",27.71775,52.18551,310.69,0.45,0.39,"2026-02-15",2231,"N20","nominal","2.0NRT",291.29,3.38,"N"
"17536",27.71421,52.18471,333.83,0.45,0.39,"2026-02-15",2231,"N20","nominal","2.0NRT",294.91,3.38,"N"
"17537",27.71338,52.18922,329.83,0.45,0.39,"2026-02-15",2231,"N20","nominal","2.0NRT",292.93,3.38,"N"
"17538",27.69088,52.23143,329.17,0.46,0.39,"2026-02-15",2231,"N20","nominal","2.0NRT",289.98,7.88,"N"
"17539",27.69004,52.23598,332.44,0.46,0.39,"2026-02-15",2231,"N20","nominal","2.0NRT",296.16,11.6,"N"
"17540",27.68752,52.24963,314.12,0.46,0.39,"2026-02-15",2231,"N20","nominal","2.0NRT",289.86,1.05,"N"
"17541",27.68398,52.24884,340.54,0.46,0.39,"2026-02-15",2231,"N20","nominal","2.0NRT",294.37,6.77,"N"
"17542",27.68313,52.25341,326.09,0.46,0.39,"2026-02-15",2231,"N20","nominal","2.0NRT",292.27,4.02,"N"
"17543",27.58997,52.52767,311.88,0.47,0.4,"2026-02-15",2231,"N20","nominal","2.0NRT",291.75,0.97,"N"
"17544",27.58909,52.53245,302.65,0.47,0.4,"2026-02-15",2231,"N20","nominal","2.0NRT",290.17,0.74,"N"
"17545",27.57487,52.54865,301.26,0.47,0.4,"2026-02-15",2231,"N20","nominal","2.0NRT",290.16,0.68,"N"
"17546",27.49091,52.97969,296.8,0.5,0.41,"2026-02-15",2231,"N20","nominal","2.0NRT",285.04,0.26,"N"
"17547",27.56509,52.56095,311.26,0.47,0.4,"2026-02-15",2231,"N20","nominal","2.0NRT",290.56,0.74,"N"
"17548",27.48909,52.96896,312.67,0.5,0.41,"2026-02-15",2231,"N20","nominal","2.0NRT",285.4,1.63,"N"
"17549",26.89993,55.9088,304.7,0.49,0.48,"2026-02-15",2231,"N20","nominal","2.0NRT",290.96,0.71,"N"
"17550",27.48082,52.97215,303.39,0.5,0.41,"2026-02-15",2231,"N20","nominal","2.0NRT",285.42,1,"N"
"17551",27.54998,52.58172,303.86,0.47,0.4,"2026-02-15",2231,"N20","nominal","2.0NRT",290.05,0.61,"N"
"17552",27.54913,52.5863,304.56,0.47,0.4,"2026-02-15",2231,"N20","nominal","2.0NRT",289.78,0.61,"N"
"17553",27.47715,52.97127,308.29,0.5,0.41,"2026-02-15",2231,"N20","nominal","2.0NRT",285.4,0.99,"N"
"17554",27.54546,52.58582,303.49,0.47,0.4,"2026-02-15",2231,"N20","nominal","2.0NRT",289.19,0.61,"N"
"17555",27.54439,52.57133,306.3,0.47,0.4,"2026-02-15",2231,"N20","nominal","2.0NRT",291.04,1.87,"N"
"17556",27.54098,52.58967,314.72,0.47,0.4,"2026-02-15",2231,"N20","nominal","2.0NRT",290.24,1.26,"N"
"17557",26.95829,55.54327,303.94,0.46,0.47,"2026-02-15",2231,"N20","nominal","2.0NRT",291.42,1.37,"N"
"17558",27.53197,52.59766,310.16,0.48,0.4,"2026-02-15",2231,"N20","nominal","2.0NRT",289.82,1.07,"N"
"17559",27.51591,52.62317,329.84,0.48,0.4,"2026-02-15",2231,"N20","nominal","2.0NRT",290.49,2.87,"N"
"17560",27.52107,52.59556,312.17,0.48,0.4,"2026-02-15",2231,"N20","nominal","2.0NRT",290.28,0.87,"N"
"17561",27.51759,52.61418,302.17,0.48,0.4,"2026-02-15",2231,"N20","nominal","2.0NRT",290.36,0.57,"N"
"17562",27.51223,52.62266,320.44,0.48,0.4,"2026-02-15",2231,"N20","nominal","2.0NRT",292.52,2.88,"N"
"17563",27.51134,52.62744,330.39,0.48,0.4,"2026-02-15",2231,"N20","nominal","2.0NRT",291.15,2.88,"N"
"17564",27.51745,52.59479,307.92,0.48,0.4,"2026-02-15",2231,"N20","nominal","2.0NRT",290.55,0.63,"N"
"17565",27.51394,52.61352,309.18,0.48,0.4,"2026-02-15",2231,"N20","nominal","2.0NRT",290.32,1.28,"N"
"17566",27.51308,52.61811,305.08,0.48,0.4,"2026-02-15",2231,"N20","nominal","2.0NRT",290.68,1.28,"N"
"17567",27.50599,52.63585,345.47,0.48,0.4,"2026-02-15",2231,"N20","nominal","2.0NRT",294.62,8.09,"N"
"17568",27.50508,52.64071,331.39,0.48,0.4,"2026-02-15",2231,"N20","nominal","2.0NRT",293.37,4.8,"N"
"17569",27.51384,52.59395,300.83,0.48,0.4,"2026-02-15",2231,"N20","nominal","2.0NRT",290.27,0.63,"N"
"17570",27.50056,52.6447,308.88,0.48,0.4,"2026-02-15",2231,"N20","nominal","2.0NRT",290.5,1.2,"N"
"17571",27.49971,52.64923,318.92,0.48,0.4,"2026-02-15",2231,"N20","nominal","2.0NRT",292.02,5.44,"N"
"17572",27.49865,52.63475,302.56,0.48,0.4,"2026-02-15",2231,"N20","nominal","2.0NRT",290.02,0.94,"N"
"17573",27.49775,52.63954,306.02,0.48,0.4,"2026-02-15",2231,"N20","nominal","2.0NRT",290.63,1.2,"N"
"17574",27.49687,52.6442,307.04,0.48,0.4,"2026-02-15",2231,"N20","nominal","2.0NRT",291.22,1.2,"N"
"17575",27.49323,52.64349,302.6,0.48,0.4,"2026-02-15",2231,"N20","nominal","2.0NRT",292.2,0.92,"N"
"17576",27.4869,52.65704,306.57,0.48,0.4,"2026-02-15",2231,"N20","nominal","2.0NRT",289.16,0.88,"N"
"17577",27.48233,52.64121,309.53,0.48,0.4,"2026-02-15",2231,"N20","nominal","2.0NRT",290.07,1.1,"N"
"17578",27.48184,52.64379,301.16,0.48,0.4,"2026-02-15",2231,"N20","nominal","2.0NRT",289.52,0.55,"N"
"17579",27.84636,50.36969,309.39,0.4,0.37,"2026-02-15",2231,"N20","nominal","2.0NRT",292.07,0.65,"N"
"17580",27.4071,52.78148,310.31,0.49,0.4,"2026-02-15",2231,"N20","nominal","2.0NRT",288.26,1.42,"N"
"17581",28.00153,48.74374,300.59,0.38,0.36,"2026-02-15",2231,"N20","nominal","2.0NRT",286.68,0.36,"N"
"17582",27.99617,48.7347,303.73,0.38,0.36,"2026-02-15",2231,"N20","nominal","2.0NRT",286.35,0.58,"N"
"17583",27.81585,48.62531,304.91,0.38,0.36,"2026-02-15",2231,"N20","nominal","2.0NRT",286.99,0.78,"N"
"17584",27.80807,48.63175,307.27,0.38,0.36,"2026-02-15",2231,"N20","nominal","2.0NRT",287.53,0.86,"N"
"17585",27.58548,48.96651,302.91,0.38,0.36,"2026-02-15",2231,"N20","nominal","2.0NRT",288.66,0.87,"N"
"17586",26.79522,53.3424,306.11,0.53,0.42,"2026-02-15",2231,"N20","nominal","2.0NRT",290.63,1.42,"N"
"17587",27.53358,49.13965,327.01,0.38,0.36,"2026-02-15",2231,"N20","nominal","2.0NRT",291.12,2.52,"N"
"17588",27.5342,49.13579,299.74,0.38,0.36,"2026-02-15",2231,"N20","nominal","2.0NRT",289.45,1.13,"N"
"17589",27.53234,49.14737,314.54,0.38,0.36,"2026-02-15",2231,"N20","nominal","2.0NRT",289.93,1.54,"N"
"17590",26.7966,53.34046,303.6,0.53,0.42,"2026-02-15",2231,"N20","nominal","2.0NRT",290.03,0.68,"N"
"17591",26.79561,53.34568,301.5,0.53,0.42,"2026-02-15",2231,"N20","nominal","2.0NRT",290.74,0.79,"N"
"17592",28.27066,43.19584,295.11,0.4,0.44,"2026-02-15",2231,"N20","nominal","2.0NRT",284.57,0.74,"N"
"17593",25.97256,56.07126,316.76,0.52,0.5,"2026-02-15",2231,"N20","nominal","2.0NRT",294.53,1.45,"N"
"17594",25.96807,56.0701,305.01,0.52,0.5,"2026-02-15",2231,"N20","nominal","2.0NRT",293.49,1.23,"N"
"17595",27.19224,49.14535,313.84,0.39,0.36,"2026-02-15",2231,"N20","nominal","2.0NRT",292.58,1.81,"N"
"17596",27.0862,49.69175,302.54,0.39,0.36,"2026-02-15",2231,"N20","nominal","2.0NRT",289.34,0.31,"N"
"17597",27.15349,49.21711,302.04,0.39,0.36,"2026-02-15",2231,"N20","nominal","2.0NRT",286.88,0.55,"N"
"17598",27.14957,49.2203,302.32,0.39,0.36,"2026-02-15",2231,"N20","nominal","2.0NRT",287.5,0.76,"N"
"17599",27.14628,49.21964,321.2,0.39,0.36,"2026-02-15",2231,"N20","nominal","2.0NRT",287.68,0.76,"N"
"17600",27.13169,49.20475,305.5,0.39,0.36,"2026-02-15",2231,"N20","nominal","2.0NRT",287.98,0.82,"N"
"17601",27.11026,49.31594,304.09,0.39,0.36,"2026-02-15",2231,"N20","nominal","2.0NRT",290.91,1.41,"N"
"17602",27.06258,49.5863,324.43,0.39,0.36,"2026-02-15",2231,"N20","nominal","2.0NRT",290.63,0.97,"N"
"17603",27.0645,49.57465,299.78,0.39,0.36,"2026-02-15",2231,"N20","nominal","2.0NRT",289.48,0.41,"N"
"17604",27.1043,49.31075,306.76,0.39,0.36,"2026-02-15",2231,"N20","nominal","2.0NRT",288.57,0.61,"N"
"17605",27.09645,49.31713,343.2,0.39,0.36,"2026-02-15",2231,"N20","nominal","2.0NRT",290.38,4.26,"N"
"17606",27.09583,49.321,308.19,0.39,0.36,"2026-02-15",2231,"N20","nominal","2.0NRT",289.66,4.26,"N"
"17607",27.05587,49.56486,303.28,0.39,0.36,"2026-02-15",2231,"N20","nominal","2.0NRT",290.32,0.84,"N"
"17608",27.09316,49.31647,323.64,0.39,0.36,"2026-02-15",2231,"N20","nominal","2.0NRT",289.21,2.17,"N"
"17609",27.05054,49.55575,306.51,0.39,0.36,"2026-02-15",2231,"N20","nominal","2.0NRT",290.2,0.43,"N"
"17610",27.0467,49.57904,302.49,0.39,0.36,"2026-02-15",2231,"N20","nominal","2.0NRT",292.05,0.46,"N"
"17611",27.04606,49.58292,302.96,0.39,0.36,"2026-02-15",2231,"N20","nominal","2.0NRT",292.13,0.46,"N"
"17612",27.04009,49.57768,306.89,0.39,0.36,"2026-02-15",2231,"N20","nominal","2.0NRT",290.46,0.84,"N"
"17613",27.03871,49.56536,321.31,0.39,0.36,"2026-02-15",2231,"N20","nominal","2.0NRT",291.74,1.87,"N"
"17614",27.0273,49.53143,322.38,0.39,0.36,"2026-02-15",2231,"N20","nominal","2.0NRT",289.16,1.42,"N"
"17615",27.01966,49.57803,339.93,0.39,0.36,"2026-02-15",2231,"N20","nominal","2.0NRT",294.19,5.78,"N"
"17616",27.0203,49.57415,305.87,0.39,0.36,"2026-02-15",2231,"N20","nominal","2.0NRT",291.14,5.78,"N"
"17617",27.01839,49.5858,304.09,0.39,0.36,"2026-02-15",2231,"N20","nominal","2.0NRT",289.9,1.04,"N"
"17618",27.01636,49.57735,313.22,0.39,0.36,"2026-02-15",2231,"N20","nominal","2.0NRT",290.81,1.59,"N"
"17619",27.01572,49.58124,312.47,0.39,0.36,"2026-02-15",2231,"N20","nominal","2.0NRT",292.96,1.9,"N"
"17620",27.0226,49.51843,300.48,0.39,0.36,"2026-02-15",2231,"N20","nominal","2.0NRT",290,1.1,"N"
"17621",27.02196,49.52231,316,0.39,0.36,"2026-02-15",2231,"N20","nominal","2.0NRT",291.31,1.1,"N"
"17622",26.95699,49.58526,301.55,0.39,0.36,"2026-02-15",2231,"N20","nominal","2.0NRT",289.71,0.94,"N"
"17623",26.95635,49.58915,303.02,0.39,0.36,"2026-02-15",2231,"N20","nominal","2.0NRT",292.09,0.94,"N"
"17624",26.95506,49.59691,316.09,0.39,0.36,"2026-02-15",2231,"N20","nominal","2.0NRT",288.61,1.1,"N"
"17625",26.95112,49.60012,328.76,0.39,0.36,"2026-02-15",2231,"N20","nominal","2.0NRT",289.06,1.07,"N"
"17626",26.95176,49.59623,313.64,0.39,0.36,"2026-02-15",2231,"N20","nominal","2.0NRT",289.06,1.66,"N"
"17627",26.94781,49.59945,298.66,0.39,0.36,"2026-02-15",2231,"N20","nominal","2.0NRT",288.41,1.07,"N"
"17628",26.94579,49.591,302.3,0.39,0.36,"2026-02-15",2231,"N20","nominal","2.0NRT",288.11,0.6,"N"
"17629",26.95262,49.50814,299.28,0.39,0.36,"2026-02-15",2231,"N20","nominal","2.0NRT",288.89,0.64,"N"
"17630",26.7857,50.02041,300.23,0.4,0.37,"2026-02-15",2231,"N20","nominal","2.0NRT",289.4,0.36,"N"
"17631",26.78636,49.99604,301.57,0.4,0.37,"2026-02-15",2231,"N20","nominal","2.0NRT",288.71,0.43,"N"
"17632",25.90179,54.53242,333.36,0.42,0.45,"2026-02-15",2231,"N20","nominal","2.0NRT",292.88,2.4,"N"
"17633",25.90094,54.53657,302.33,0.42,0.45,"2026-02-15",2231,"N20","nominal","2.0NRT",291.47,0.76,"N"
"17634",25.9037,54.53381,329.73,0.42,0.46,"2026-02-15",2231,"N20","nominal","2.0NRT",293.27,1.86,"N"
"17635",26.68537,50.11076,301.48,0.4,0.37,"2026-02-15",2231,"N20","nominal","2.0NRT",290.52,0.3,"N"
"17636",26.68203,50.11007,303.38,0.4,0.37,"2026-02-15",2231,"N20","nominal","2.0NRT",289.7,0.28,"N"
"17637",25.55828,55.9757,312.36,0.52,0.5,"2026-02-15",2231,"N20","nominal","2.0NRT",291.99,2.25,"N"
"17638",25.55613,55.98587,303.47,0.53,0.5,"2026-02-15",2231,"N20","nominal","2.0NRT",290.9,0.62,"N"
"17639",26.24481,52.32743,303.47,0.48,0.4,"2026-02-15",2231,"N20","nominal","2.0NRT",293.34,5.51,"N"
"17640",26.24392,52.33218,307.55,0.48,0.4,"2026-02-15",2231,"N20","nominal","2.0NRT",293.68,13.56,"N"
"17641",26.24118,52.32661,330.93,0.48,0.4,"2026-02-15",2231,"N20","nominal","2.0NRT",293.32,5.51,"N"
"17642",26.16427,52.25346,329.97,0.48,0.4,"2026-02-15",2231,"N20","nominal","2.0NRT",300.16,5.82,"N"
"17643",26.16515,52.24875,305.51,0.48,0.4,"2026-02-15",2231,"N20","nominal","2.0NRT",293.24,5.82,"N"
"17644",25.31012,56.37227,305.96,0.56,0.52,"2026-02-15",2231,"N20","nominal","2.0NRT",294.14,1.3,"N"
"17645",25.70444,54.30316,320.04,0.41,0.45,"2026-02-15",2231,"N20","nominal","2.0NRT",294.3,0.95,"N"
"17646",25.70038,54.30217,317.2,0.41,0.45,"2026-02-15",2231,"N20","nominal","2.0NRT",294.02,0.88,"N"
"17647",26.12052,51.71533,323.02,0.45,0.39,"2026-02-15",2231,"N20","nominal","2.0NRT",292.73,1.53,"N"
"17648",26.20032,50.68116,300.5,0.42,0.37,"2026-02-15",2231,"N20","nominal","2.0NRT",290.21,1.04,"N"
"17649",26.19692,50.68044,308.59,0.42,0.37,"2026-02-15",2231,"N20","nominal","2.0NRT",294.12,1.04,"N"
"17650",25.98904,51.74126,302.48,0.46,0.39,"2026-02-15",2231,"N20","nominal","2.0NRT",292.18,8.79,"N"
"17651",25.98549,51.74047,342.13,0.46,0.39,"2026-02-15",2231,"N20","nominal","2.0NRT",296.24,8.79,"N"
"17652",26.15665,50.66853,320.51,0.42,0.37,"2026-02-15",2231,"N20","nominal","2.0NRT",291.1,1.48,"N"
"17653",25.21301,55.50748,306.73,0.5,0.49,"2026-02-15",2231,"N20","nominal","2.0NRT",290.51,1.69,"N"
"17654",25.93577,51.60855,314.68,0.45,0.39,"2026-02-15",2231,"N20","nominal","2.0NRT",292.19,0.85,"N"
"17655",26.11009,50.61179,307.06,0.42,0.37,"2026-02-15",2231,"N20","nominal","2.0NRT",292.4,2.11,"N"
"17656",25.91655,51.55634,320.79,0.45,0.39,"2026-02-15",2231,"N20","nominal","2.0NRT",293.41,2.25,"N"
"17657",25.91302,51.55556,313.45,0.45,0.39,"2026-02-15",2231,"N20","nominal","2.0NRT",292.59,2.05,"N"
"17658",25.91223,51.55999,315.91,0.45,0.39,"2026-02-15",2231,"N20","nominal","2.0NRT",293.28,2.05,"N"
"17659",25.35226,54.4858,342.65,0.43,0.46,"2026-02-15",2231,"N20","nominal","2.0NRT",294.75,4.06,"N"
"17660",25.90598,51.55401,302.94,0.45,0.39,"2026-02-15",2231,"N20","nominal","2.0NRT",291.62,1.06,"N"
"17661",25.90324,51.54881,323.92,0.45,0.39,"2026-02-15",2231,"N20","nominal","2.0NRT",290.79,1.54,"N"
"17662",25.90245,51.55324,303.7,0.45,0.39,"2026-02-15",2231,"N20","nominal","2.0NRT",291.32,1.06,"N"
"17663",25.90763,51.50385,308.97,0.45,0.39,"2026-02-15",2231,"N20","nominal","2.0NRT",296.34,2.19,"N"
"17664",25.89814,51.55689,306.44,0.45,0.39,"2026-02-15",2231,"N20","nominal","2.0NRT",291.46,1.13,"N"
"17665",25.90411,51.50308,312.3,0.45,0.39,"2026-02-15",2231,"N20","nominal","2.0NRT",297.62,2.19,"N"
"17666",25.90332,51.50749,306.62,0.45,0.39,"2026-02-15",2231,"N20","nominal","2.0NRT",294.46,2.21,"N"
"17667",25.89699,51.54283,312.14,0.45,0.39,"2026-02-15",2231,"N20","nominal","2.0NRT",292.28,1.36,"N"
"17668",25.89347,51.54206,323.98,0.45,0.39,"2026-02-15",2231,"N20","nominal","2.0NRT",294.01,1.77,"N"
"17669",25.89268,51.54648,320.34,0.45,0.39,"2026-02-15",2231,"N20","nominal","2.0NRT",293.07,1.77,"N"
"17670",25.89188,51.55091,310.86,0.45,0.39,"2026-02-15",2231,"N20","nominal","2.0NRT",291.26,0.92,"N"
"17671",25.88995,51.54128,314.19,0.45,0.39,"2026-02-15",2231,"N20","nominal","2.0NRT",293.5,1.77,"N"
"17672",25.88915,51.54571,311.76,0.45,0.39,"2026-02-15",2231,"N20","nominal","2.0NRT",294.99,1.77,"N"
"17673",25.88836,51.55013,303.44,0.45,0.39,"2026-02-15",2231,"N20","nominal","2.0NRT",292.66,0.92,"N"
"17674",25.88245,51.56264,302.74,0.45,0.39,"2026-02-15",2231,"N20","nominal","2.0NRT",292.19,1.22,"N"
"17675",25.8837,51.53531,318.66,0.45,0.39,"2026-02-15",2231,"N20","nominal","2.0NRT",290.18,1.62,"N"
"17676",24.87152,56.36758,313.04,0.57,0.52,"2026-02-15",2231,"N20","nominal","2.0NRT",292.36,1.38,"N"
"17677",25.53208,53.14973,333.13,0.54,0.42,"2026-02-15",2231,"N20","nominal","2.0NRT",298.42,18.43,"N"
"17678",25.53311,53.14445,309.16,0.54,0.42,"2026-02-15",2231,"N20","nominal","2.0NRT",293.35,18.43,"N"
"17679",25.67078,52.40612,324.8,0.49,0.41,"2026-02-15",2231,"N20","nominal","2.0NRT",291.66,0.76,"N"
"17680",24.87075,56.36514,312.67,0.57,0.52,"2026-02-15",2231,"N20","nominal","2.0NRT",292.41,1.25,"N"
"17681",25.59666,52.54456,331.35,0.5,0.41,"2026-02-15",2231,"N20","nominal","2.0NRT",293.52,2.79,"N"
"17682",25.59296,52.54371,318.44,0.5,0.41,"2026-02-15",2231,"N20","nominal","2.0NRT",292.98,2.06,"N"
"17683",24.98297,55.62513,312.11,0.51,0.5,"2026-02-15",2231,"N20","nominal","2.0NRT",289.18,1.97,"N"
"17684",24.97955,55.61901,315.55,0.51,0.5,"2026-02-15",2231,"N20","nominal","2.0NRT",288.67,1.96,"N"
"17685",25.49372,52.38647,335.98,0.5,0.41,"2026-02-15",2231,"N20","nominal","2.0NRT",293.01,4.67,"N"
"17686",25.42751,52.73812,309.49,0.52,0.41,"2026-02-15",2231,"N20","nominal","2.0NRT",292.38,0.7,"N"
"17687",25.91648,49.95446,301.2,0.4,0.37,"2026-02-15",2231,"N20","nominal","2.0NRT",288.36,0.66,"N"
"17688",25.93159,49.70146,306.78,0.4,0.37,"2026-02-15",2231,"N20","nominal","2.0NRT",287.26,0.68,"N"
"17689",67.25337,55.71512,323.27,0.57,0.43,"2026-02-15",2218,"N20","nominal","2.0NRT",246.82,2.23,"N"
"17690",61.51535,70.07705,327.85,0.46,0.39,"2026-02-15",2220,"N20","nominal","2.0NRT",251.3,4.75,"N"
"17691",61.51409,70.07841,344.13,0.46,0.39,"2026-02-15",2220,"N20","nominal","2.0NRT",252.8,5.29,"N"
"17692",59.89091,71.7328,329.51,0.56,0.43,"2026-02-15",2220,"N20","nominal","2.0NRT",243.6,5.55,"N"
"17693",57.42847,78.69515,355.89,0.37,0.58,"2026-02-15",2220,"N20","nominal","2.0NRT",255.69,12.63,"N"
"17694",57.42963,78.6967,367,0.37,0.58,"2026-02-15",2220,"N20","high","2.0NRT",255.84,12.37,"N"
"17695",59.13604,37.78031,352.24,0.59,0.7,"2026-02-15",2220,"N20","nominal","2.0NRT",251.88,9.27,"N"
"17696",59.13148,37.78683,330.67,0.59,0.7,"2026-02-15",2220,"N20","nominal","2.0NRT",252.58,10.6,"N"
"17697",50.06683,73.06573,305.98,0.44,0.62,"2026-02-15",2222,"N20","nominal","2.0NRT",267.53,0.86,"N"
"17698",53.45869,59.03165,341.34,0.39,0.36,"2026-02-15",2222,"N20","nominal","2.0NRT",265.92,5.74,"N"
"17699",53.45773,59.03734,333.64,0.39,0.36,"2026-02-15",2222,"N20","nominal","2.0NRT",268.53,5.74,"N"
"17700",51.60839,52.92468,296.62,0.44,0.38,"2026-02-15",2222,"N20","nominal","2.0NRT",269.09,1.32,"N"
"17701",51.60415,52.92982,321.79,0.44,0.38,"2026-02-15",2222,"N20","nominal","2.0NRT",269.26,1.32,"N"
"17702",51.60491,52.92357,314.93,0.44,0.38,"2026-02-15",2222,"N20","nominal","2.0NRT",268.84,1.32,"N"
"17703",68.41835,83.62873,343.63,0.46,0.63,"2026-02-15",2356,"N20","nominal","2.0NRT",244.76,4.87,"N"
"17704",70.94285,74.54856,323.98,0.49,0.49,"2026-02-15",2356,"N20","nominal","2.0NRT",237.74,3.14,"N"
"17705",67.82059,80.24296,328.16,0.45,0.63,"2026-02-15",2356,"N20","nominal","2.0NRT",246.33,3.74,"N"
"17706",67.82799,80.01157,324.98,0.45,0.63,"2026-02-15",2356,"N20","nominal","2.0NRT",245.14,1.94,"N"
"17707",66.88347,77.32417,335.29,0.46,0.64,"2026-02-15",2358,"N20","nominal","2.0NRT",243.88,4.33,"N"
"17708",71.15616,67.17094,333.83,0.57,0.43,"2026-02-15",2358,"N20","nominal","2.0NRT",239.38,5.26,"N"
"17709",66.47643,77.17191,322.04,0.49,0.65,"2026-02-15",2358,"N20","nominal","2.0NRT",244.33,2.43,"N"
"17710",66.24712,76.81784,345.77,0.49,0.65,"2026-02-15",2358,"N20","nominal","2.0NRT",241.34,6.09,"N"
"17711",66.25051,76.82253,353.43,0.49,0.65,"2026-02-15",2358,"N20","nominal","2.0NRT",239.63,8.57,"N"
"17712",65.85744,76.95104,338.62,0.52,0.67,"2026-02-15",2358,"N20","nominal","2.0NRT",237.19,6.59,"N"
"17713",59.14399,37.82318,325.34,0.39,0.36,"2026-02-16",2,"N20","nominal","2.0NRT",249.2,4.31,"N"
"17714",59.13264,37.7864,327.54,0.39,0.36,"2026-02-16",2,"N20","nominal","2.0NRT",252.06,5.89,"N"
"17715",58.2361,33.49886,327.59,0.39,0.36,"2026-02-16",2,"N20","nominal","2.0NRT",241.21,3.37,"N"
"17716",44.99939,48.47975,367,0.7,0.75,"2026-02-16",5,"N20","high","2.0NRT",271.38,12.46,"N"
"17717",45.00405,48.48314,367,0.7,0.75,"2026-02-16",5,"N20","high","2.0NRT",272.26,11.76,"N"
"17718",43.4333,45.44526,298.22,0.58,0.7,"2026-02-16",7,"N20","nominal","2.0NRT",273.33,0.83,"N"
"17719",45.13609,37.20834,346.65,0.43,0.46,"2026-02-16",7,"N20","nominal","2.0NRT",284.37,6.63,"N"
"17720",45.13485,37.21362,298.22,0.43,0.46,"2026-02-16",7,"N20","nominal","2.0NRT",282.07,1.26,"N"
"17721",45.13205,37.20644,337.22,0.43,0.46,"2026-02-16",7,"N20","nominal","2.0NRT",282.57,5.22,"N"
"17722",45.13081,37.21172,347.68,0.43,0.46,"2026-02-16",7,"N20","nominal","2.0NRT",285.08,5.74,"N"
"17723",45.12678,37.20982,339.97,0.43,0.46,"2026-02-16",7,"N20","nominal","2.0NRT",284.97,5.74,"N"
"17724",45.12554,37.21509,298.41,0.43,0.46,"2026-02-16",7,"N20","nominal","2.0NRT",281.5,5.74,"N"
"17725",45.12274,37.20792,337.34,0.43,0.46,"2026-02-16",7,"N20","nominal","2.0NRT",283.07,16.08,"N"
"17726",45.1215,37.21319,350.33,0.43,0.46,"2026-02-16",7,"N20","nominal","2.0NRT",289.34,16.08,"N"
"17727",44.88489,38.11814,299.69,0.48,0.48,"2026-02-16",7,"N20","nominal","2.0NRT",283.96,0.81,"N"
"17728",41.17609,32.63233,308.68,0.5,0.41,"2026-02-16",5,"N20","nominal","2.0NRT",284.77,1.86,"N"
"17729",41.79672,26.70312,300.44,0.39,0.36,"2026-02-16",5,"N20","nominal","2.0NRT",280.16,0.66,"N"
"17730",41.02142,28.55897,302.15,0.39,0.36,"2026-02-16",7,"N20","nominal","2.0NRT",284.09,0.62,"N"
"17731",38.66655,39.23409,300.3,0.4,0.6,"2026-02-16",7,"N20","nominal","2.0NRT",275.15,0.86,"N"
"17732",38.45485,38.72519,295.33,0.38,0.59,"2026-02-16",7,"N20","nominal","2.0NRT",277.74,0.74,"N"
"17733",36.90568,43.39471,321.23,0.74,0.76,"2026-02-16",7,"N20","nominal","2.0NRT",274.61,4.41,"N"
"17734",40.26167,30.0442,296.43,0.42,0.38,"2026-02-16",7,"N20","nominal","2.0NRT",280.97,0.5,"N"
"17735",36.89557,43.42607,297.9,0.74,0.76,"2026-02-16",7,"N20","nominal","2.0NRT",271.63,1.97,"N"
"17736",36.89269,43.43501,306.91,0.74,0.76,"2026-02-16",7,"N20","nominal","2.0NRT",273.02,1.97,"N"
"17737",36.86892,43.48509,318.71,0.75,0.77,"2026-02-16",7,"N20","nominal","2.0NRT",275.74,4.05,"N"
"17738",36.90804,43.38803,300.67,0.74,0.76,"2026-02-16",7,"N20","nominal","2.0NRT",271.94,3.25,"N"
"17739",36.9055,43.39606,316.89,0.74,0.76,"2026-02-16",7,"N20","nominal","2.0NRT",274.05,3.25,"N"
"17740",36.89548,43.42773,303.83,0.74,0.76,"2026-02-16",7,"N20","nominal","2.0NRT",271.77,1.94,"N"
"17741",36.89263,43.43676,299.73,0.74,0.76,"2026-02-16",7,"N20","nominal","2.0NRT",272.83,2.04,"N"
"17742",36.86913,43.48703,320.62,0.75,0.77,"2026-02-16",7,"N20","nominal","2.0NRT",276.53,3.99,"N"
"17743",37.07922,42.55985,302.5,0.66,0.73,"2026-02-16",7,"N20","nominal","2.0NRT",280.09,2.59,"N"
"17744",37.0814,42.52963,303.27,0.66,0.73,"2026-02-16",7,"N20","nominal","2.0NRT",279.02,0.81,"N"
"17745",36.77914,43.3181,321.29,0.73,0.76,"2026-02-16",7,"N20","nominal","2.0NRT",279.17,5.7,"N"
"17746",36.77665,43.32579,316.83,0.73,0.76,"2026-02-16",7,"N20","nominal","2.0NRT",279.89,5.27,"N"
"17747",36.74508,43.4964,295.34,0.75,0.77,"2026-02-16",7,"N20","nominal","2.0NRT",279.02,1.63,"N"
"17748",36.77795,43.32122,341.23,0.73,0.76,"2026-02-16",7,"N20","nominal","2.0NRT",280.63,8.02,"N"
"17749",36.94522,42.16902,307.06,0.63,0.72,"2026-02-16",7,"N20","nominal","2.0NRT",278.83,2.06,"N"
"17750",36.93913,42.11968,340.64,0.63,0.72,"2026-02-16",7,"N20","nominal","2.0NRT",280.67,6.84,"N"
"17751",36.93503,42.13288,295.2,0.63,0.72,"2026-02-16",7,"N20","nominal","2.0NRT",278.69,1.07,"N"
"17752",36.94418,42.17467,299.38,0.63,0.72,"2026-02-16",7,"N20","nominal","2.0NRT",278.78,1.38,"N"
"17753",36.93994,42.11835,328.08,0.63,0.72,"2026-02-16",7,"N20","nominal","2.0NRT",279.47,4.8,"N"
"17754",36.93793,42.12494,304.97,0.63,0.72,"2026-02-16",7,"N20","nominal","2.0NRT",279.33,2.57,"N"
"17755",36.93592,42.13157,302.62,0.63,0.72,"2026-02-16",7,"N20","nominal","2.0NRT",279.58,2.57,"N"
"17756",36.84,41.63766,304.9,0.6,0.7,"2026-02-16",7,"N20","nominal","2.0NRT",278.62,1.6,"N"
"17757",36.84505,41.63773,302.13,0.6,0.7,"2026-02-16",7,"N20","nominal","2.0NRT",277.62,1.7,"N"
"17758",36.46127,42.67009,296.74,0.69,0.75,"2026-02-16",7,"N20","nominal","2.0NRT",278.77,0.7,"N"
"17759",39.86642,26.24286,304.62,0.39,0.36,"2026-02-16",7,"N20","nominal","2.0NRT",285.83,1.08,"N"
"17760",36.94678,36.00257,297.84,0.6,0.53,"2026-02-16",7,"N20","nominal","2.0NRT",284.04,0.51,"N"
"17761",36.94801,36.00275,297.42,0.6,0.53,"2026-02-16",7,"N20","nominal","2.0NRT",284.21,1.08,"N"
"17762",38.73968,26.93158,301.65,0.38,0.36,"2026-02-16",7,"N20","nominal","2.0NRT",285.93,1.15,"N"
"17763",37.56636,32.85908,302.71,0.4,0.44,"2026-02-16",7,"N20","nominal","2.0NRT",278.57,1.27,"N"
"17764",36.74695,36.19869,306.23,0.62,0.54,"2026-02-16",7,"N20","nominal","2.0NRT",284.77,1.72,"N"
"17765",36.73891,36.21013,299.99,0.62,0.54,"2026-02-16",7,"N20","nominal","2.0NRT",288.83,1.49,"N"
"17766",36.73414,36.20834,300.44,0.62,0.54,"2026-02-16",7,"N20","nominal","2.0NRT",288.07,2.74,"N"
"17767",36.71986,36.20285,315.06,0.62,0.54,"2026-02-16",7,"N20","nominal","2.0NRT",285.1,1,"N"
"17768",36.86978,34.76122,297.14,0.52,0.5,"2026-02-16",7,"N20","nominal","2.0NRT",285.02,0.86,"N"
"17769",34.91275,40.82401,300.66,0.61,0.71,"2026-02-16",7,"N20","nominal","2.0NRT",280.02,1.35,"N"
"17770",37.25399,30.44536,301.37,0.47,0.4,"2026-02-16",7,"N20","nominal","2.0NRT",281.14,0.93,"N"
"17771",36.26423,33.7305,303.51,0.47,0.48,"2026-02-16",7,"N20","nominal","2.0NRT",282.8,1.37,"N"
"17772",36.2635,33.72762,303.79,0.47,0.48,"2026-02-16",7,"N20","nominal","2.0NRT",281.73,1.54,"N"
"17773",34.91549,37.94401,305.96,0.43,0.62,"2026-02-16",7,"N20","nominal","2.0NRT",276.53,0.63,"N"
"17774",34.71772,36.63729,309.54,0.37,0.58,"2026-02-16",7,"N20","nominal","2.0NRT",281.26,0.64,"N"
"17775",34.7126,36.63539,304.56,0.37,0.58,"2026-02-16",7,"N20","nominal","2.0NRT",280.45,0.64,"N"
"17776",33.71737,37.01076,296.61,0.41,0.61,"2026-02-16",7,"N20","nominal","2.0NRT",278.09,0.72,"N"
"17777",33.62788,35.42112,297.66,0.33,0.56,"2026-02-16",7,"N20","nominal","2.0NRT",286.12,0.39,"N"
"17778",31.65526,38.86034,300.54,0.59,0.7,"2026-02-16",7,"N20","nominal","2.0NRT",279.77,1.7,"N"
"17779",31.91735,34.89368,301.59,0.34,0.56,"2026-02-16",9,"N20","nominal","2.0NRT",287.41,1.62,"N"
"17780",31.59015,35.56259,303.42,0.38,0.59,"2026-02-16",9,"N20","nominal","2.0NRT",290.65,0.58,"N"
"17781",31.59213,35.56318,302.23,0.38,0.59,"2026-02-16",9,"N20","nominal","2.0NRT",291.02,0.61,"N"
"17782",30.72455,33.77675,297.21,0.63,0.54,"2026-02-16",9,"N20","nominal","2.0NRT",284.18,0.96,"N"
"17783",30.70207,33.84954,336.53,0.32,0.54,"2026-02-16",9,"N20","nominal","2.0NRT",291.81,4.14,"N"
"17784",30.70129,33.85278,311.08,0.32,0.54,"2026-02-16",9,"N20","nominal","2.0NRT",289.75,4.14,"N"
"17785",31.02739,29.75299,299.19,0.55,0.43,"2026-02-16",9,"N20","nominal","2.0NRT",279.15,1.48,"N"
"17786",30.93474,27.55664,300.01,0.44,0.39,"2026-02-16",9,"N20","nominal","2.0NRT",284.93,0.56,"N"
"17787",29.80543,32.09044,324.06,0.53,0.5,"2026-02-16",9,"N20","nominal","2.0NRT",292.48,2.73,"N"
"17788",29.80662,32.0851,299.2,0.53,0.5,"2026-02-16",9,"N20","nominal","2.0NRT",284.45,2.73,"N"
"17789",29.76886,32.2114,301.03,0.54,0.5,"2026-02-16",9,"N20","nominal","2.0NRT",284.97,1.6,"N"
"17790",30.85613,26.62078,315.49,0.41,0.37,"2026-02-16",9,"N20","nominal","2.0NRT",285.18,1.17,"N"
"17791",29.69211,32.32082,341,0.55,0.51,"2026-02-16",9,"N20","nominal","2.0NRT",288.75,6.36,"N"
"17792",29.88572,31.09253,303.5,0.46,0.47,"2026-02-16",9,"N20","nominal","2.0NRT",282.53,1.08,"N"
"17793",29.82053,31.30936,297.96,0.47,0.48,"2026-02-16",9,"N20","nominal","2.0NRT",284.66,1.01,"N"
"17794",29.82451,31.30825,299.78,0.47,0.48,"2026-02-16",9,"N20","nominal","2.0NRT",286.63,0.81,"N"
"17795",29.75844,31.34013,296.57,0.48,0.48,"2026-02-16",9,"N20","nominal","2.0NRT",283.54,0.82,"N"
"17796",29.7486,31.32226,298.97,0.48,0.48,"2026-02-16",9,"N20","nominal","2.0NRT",283.16,0.72,"N"
"17797",30.36972,27.22821,320.79,0.44,0.38,"2026-02-16",9,"N20","nominal","2.0NRT",283.44,1.67,"N"
"17798",30.36891,27.2327,303.52,0.44,0.38,"2026-02-16",9,"N20","nominal","2.0NRT",281.85,1.67,"N"
"17799",30.53381,26.08208,298.28,0.4,0.37,"2026-02-16",9,"N20","nominal","2.0NRT",284.39,0.56,"N"
"17800",30.53237,26.09039,299.97,0.4,0.37,"2026-02-16",9,"N20","nominal","2.0NRT",284.39,0.61,"N"
"17801",28.87041,33.17725,313.55,0.32,0.54,"2026-02-16",9,"N20","nominal","2.0NRT",286.07,0.62,"N"
"17802",29.15827,31.24933,307.33,0.48,0.48,"2026-02-16",9,"N20","nominal","2.0NRT",285.19,0.86,"N"
"17803",29.05104,31.17059,301.86,0.48,0.48,"2026-02-16",9,"N20","nominal","2.0NRT",284.91,1.41,"N"
"17804",29.04673,31.16933,307.12,0.48,0.48,"2026-02-16",9,"N20","nominal","2.0NRT",286.83,1.41,"N"
"17805",29.02121,31.20274,324.68,0.48,0.48,"2026-02-16",9,"N20","nominal","2.0NRT",292.78,3.81,"N"
"17806",29.01687,31.20154,324.42,0.48,0.48,"2026-02-16",9,"N20","nominal","2.0NRT",293.76,4.09,"N"
"17807",28.99739,30.75637,295.58,0.46,0.47,"2026-02-16",9,"N20","nominal","2.0NRT",278.8,0.5,"N"
"17808",28.11434,33.28793,310,0.34,0.56,"2026-02-16",9,"N20","nominal","2.0NRT",285.08,1.03,"N"
"17809",28.16939,30.85366,295.63,0.48,0.48,"2026-02-16",9,"N20","nominal","2.0NRT",273.64,0.36,"N"
"17810",28.00491,30.87238,301.15,0.49,0.48,"2026-02-16",9,"N20","nominal","2.0NRT",282.81,0.64,"N"
"17811",27.62908,30.89235,300.48,0.5,0.49,"2026-02-16",9,"N20","nominal","2.0NRT",282.12,0.48,"N"
"17812",27.17204,31.01379,316.37,0.51,0.5,"2026-02-16",9,"N20","nominal","2.0NRT",290.06,2.78,"N"
"17813",26.96934,31.15452,302.86,0.53,0.5,"2026-02-16",9,"N20","nominal","2.0NRT",286.71,1.79,"N"
"17814",26.65591,31.31913,298.43,0.55,0.51,"2026-02-16",9,"N20","nominal","2.0NRT",285.44,1.26,"N"
"17815",26.25591,32.9706,315.99,0.35,0.57,"2026-02-16",9,"N20","nominal","2.0NRT",288.47,1.25,"N"
"17816",26.2547,32.96936,301.84,0.35,0.57,"2026-02-16",9,"N20","nominal","2.0NRT",286.48,0.99,"N"
"17817",26.25393,32.97279,300.31,0.35,0.57,"2026-02-16",9,"N20","nominal","2.0NRT",287.99,0.82,"N"
"17818",17.93446,34.0434,306.17,0.63,0.72,"2026-02-16",13,"N20","nominal","2.0NRT",294.02,1.62,"N"
"17819",13.46807,33.86418,302.73,0.75,0.77,"2026-02-16",13,"N20","nominal","2.0NRT",291.69,1.22,"N"
"17820",13.46116,33.8626,304.09,0.75,0.77,"2026-02-16",13,"N20","nominal","2.0NRT",291.32,1.22,"N"
"17821",14.29437,29.14787,305.87,0.35,0.57,"2026-02-16",13,"N20","nominal","2.0NRT",287.62,1.11,"N"
"17822",14.29373,29.15106,303.08,0.35,0.57,"2026-02-16",13,"N20","nominal","2.0NRT",288.52,1.23,"N"
"17823",14.29052,29.16698,301.09,0.35,0.57,"2026-02-16",13,"N20","nominal","2.0NRT",288.24,1.04,"N"
"17824",14.28988,29.17017,306.11,0.35,0.57,"2026-02-16",13,"N20","nominal","2.0NRT",287.95,0.83,"N"
"17825",14.28666,29.13302,299.61,0.35,0.57,"2026-02-16",13,"N20","nominal","2.0NRT",287.12,0.88,"N"
"17826",14.28602,29.1362,298.41,0.35,0.57,"2026-02-16",13,"N20","nominal","2.0NRT",287.89,1.07,"N"
"17827",14.29718,29.15293,301.75,0.35,0.57,"2026-02-16",13,"N20","nominal","2.0NRT",287.69,0.59,"N"
"17828",14.29657,29.15612,298.48,0.35,0.57,"2026-02-16",13,"N20","nominal","2.0NRT",287.84,0.59,"N"
"17829",14.29328,29.14547,302.15,0.35,0.57,"2026-02-16",13,"N20","nominal","2.0NRT",287.36,0.66,"N"
"17830",14.29266,29.14866,302.82,0.35,0.57,"2026-02-16",13,"N20","nominal","2.0NRT",288.6,0.66,"N"
"17831",14.28896,29.16781,301.83,0.35,0.57,"2026-02-16",13,"N20","nominal","2.0NRT",288.46,1.27,"N"
"17832",14.28834,29.17101,303.33,0.35,0.57,"2026-02-16",13,"N20","nominal","2.0NRT",288.23,0.92,"N"
"17833",14.28257,29.17313,298.01,0.35,0.57,"2026-02-16",13,"N20","nominal","2.0NRT",287.63,0.36,"N"
"17834",14.28549,29.13056,306.65,0.35,0.57,"2026-02-16",13,"N20","nominal","2.0NRT",287.53,0.57,"N"
"17835",14.28487,29.13375,299.72,0.35,0.57,"2026-02-16",13,"N20","nominal","2.0NRT",288.58,0.57,"N"
"17836",14.7388,26.42088,298.93,0.45,0.47,"2026-02-16",13,"N20","nominal","2.0NRT",287.26,0.84,"N"
"17837",14.73454,26.42007,308.37,0.45,0.47,"2026-02-16",13,"N20","nominal","2.0NRT",288.43,0.84,"N"
"17838",14.73027,26.41925,305.34,0.45,0.47,"2026-02-16",13,"N20","nominal","2.0NRT",288.59,0.82,"N"
"17839",14.72678,26.41433,298.36,0.45,0.47,"2026-02-16",13,"N20","nominal","2.0NRT",288.26,0.82,"N"
"17840",14.72329,26.4094,303.77,0.45,0.47,"2026-02-16",13,"N20","nominal","2.0NRT",289,1.08,"N"
"17841",14.71981,26.40446,300.21,0.45,0.47,"2026-02-16",13,"N20","nominal","2.0NRT",288.24,1.08,"N"
"17842",14.71554,26.40367,300.9,0.45,0.47,"2026-02-16",13,"N20","nominal","2.0NRT",288.38,0.9,"N"
"17843",14.71206,26.39874,297.76,0.45,0.47,"2026-02-16",13,"N20","nominal","2.0NRT",287.17,0.72,"N"
"17844",14.70353,26.39714,303.13,0.45,0.47,"2026-02-16",13,"N20","nominal","2.0NRT",285.85,0.51,"N"
"17845",14.71305,26.39977,301.91,0.45,0.47,"2026-02-16",13,"N20","nominal","2.0NRT",287.71,0.98,"N"
"17846",14.70453,26.39816,300.76,0.45,0.47,"2026-02-16",13,"N20","nominal","2.0NRT",285.45,0.76,"N"
"17847",12.9825,29.46509,301.6,0.39,0.59,"2026-02-16",13,"N20","nominal","2.0NRT",289.73,0.49,"N"
"17848",12.97713,29.46396,310.61,0.39,0.59,"2026-02-16",13,"N20","nominal","2.0NRT",290.71,1.48,"N"
"17849",12.97176,29.46284,326.21,0.39,0.59,"2026-02-16",13,"N20","nominal","2.0NRT",291.01,1.48,"N"
"17850",12.66593,30.6036,340.03,0.47,0.64,"2026-02-16",13,"N20","nominal","2.0NRT",290.3,2.54,"N"
"17851",12.66678,30.59934,301.18,0.47,0.64,"2026-02-16",13,"N20","nominal","2.0NRT",289,2.54,"N"
"17852",12.66097,30.59813,313.08,0.47,0.64,"2026-02-16",13,"N20","nominal","2.0NRT",288.64,2.54,"N"
"17853",12.65755,30.61522,311.39,0.47,0.64,"2026-02-16",13,"N20","nominal","2.0NRT",288.13,1.22,"N"
"17854",12.65669,30.6195,301.24,0.47,0.64,"2026-02-16",13,"N20","nominal","2.0NRT",288.19,1.22,"N"
"17855",12.65174,30.61402,303.14,0.47,0.64,"2026-02-16",13,"N20","nominal","2.0NRT",287.7,1.19,"N"
"17856",12.65087,30.61831,303.75,0.47,0.64,"2026-02-16",13,"N20","nominal","2.0NRT",287.92,1.19,"N"
"17857",12.76638,30.01046,313.95,0.43,0.62,"2026-02-16",13,"N20","nominal","2.0NRT",291.32,1.74,"N"
"17858",12.64506,30.61712,312,0.47,0.64,"2026-02-16",13,"N20","nominal","2.0NRT",288.57,1.19,"N"
"17859",12.64419,30.62141,313.78,0.47,0.64,"2026-02-16",13,"N20","nominal","2.0NRT",288.79,2.52,"N"
"17860",12.63838,30.6202,310.06,0.47,0.64,"2026-02-16",13,"N20","nominal","2.0NRT",288.68,1.42,"N"
"17861",12.72927,30.10871,311.21,0.44,0.62,"2026-02-16",13,"N20","nominal","2.0NRT",290.73,1.09,"N"
"17862",12.50374,31.22187,315.31,0.52,0.67,"2026-02-16",13,"N20","nominal","2.0NRT",289.38,1.08,"N"
"17863",12.49863,31.21602,303.14,0.52,0.67,"2026-02-16",13,"N20","nominal","2.0NRT",288.63,1.08,"N"
"17864",12.49766,31.22076,305.82,0.52,0.67,"2026-02-16",13,"N20","nominal","2.0NRT",289,1.08,"N"
"17865",12.71801,30.10646,309.06,0.44,0.62,"2026-02-16",13,"N20","nominal","2.0NRT",291.06,0.99,"N"
"17866",12.71238,30.10534,305.78,0.44,0.62,"2026-02-16",13,"N20","nominal","2.0NRT",290.89,0.99,"N"
"17867",12.3915,30.6206,308.7,0.48,0.65,"2026-02-16",13,"N20","nominal","2.0NRT",292.88,3.22,"N"
"17868",12.39085,30.62379,306.88,0.48,0.65,"2026-02-16",13,"N20","nominal","2.0NRT",296.55,5.79,"N"
"17869",12.38491,30.62307,319.58,0.48,0.65,"2026-02-16",13,"N20","nominal","2.0NRT",295.8,2.39,"N"
"17870",12.38431,30.62603,315.42,0.48,0.65,"2026-02-16",13,"N20","nominal","2.0NRT",297.81,2.39,"N"
"17871",12.37841,30.6251,312.64,0.48,0.65,"2026-02-16",13,"N20","nominal","2.0NRT",296.11,2.39,"N"
"17872",12.7603,28.68984,325.66,0.35,0.57,"2026-02-16",13,"N20","nominal","2.0NRT",289.36,1.04,"N"
"17873",12.75968,28.693,298.77,0.35,0.57,"2026-02-16",13,"N20","nominal","2.0NRT",288.11,1.04,"N"
"17874",12.75579,28.68567,304.24,0.35,0.57,"2026-02-16",13,"N20","nominal","2.0NRT",288.18,1.9,"N"
"17875",12.75517,28.68883,309.45,0.35,0.57,"2026-02-16",13,"N20","nominal","2.0NRT",289.04,1.04,"N"
"17876",12.33213,30.73153,300.02,0.49,0.65,"2026-02-16",13,"N20","nominal","2.0NRT",288.62,0.41,"N"
"17877",12.75857,28.68804,330.18,0.35,0.57,"2026-02-16",13,"N20","nominal","2.0NRT",288.7,1.88,"N"
"17878",12.75798,28.69121,308.74,0.35,0.57,"2026-02-16",13,"N20","nominal","2.0NRT",288.77,1.88,"N"
"17879",12.38599,30.62379,318.57,0.48,0.65,"2026-02-16",13,"N20","nominal","2.0NRT",296.72,4.09,"N"
"17880",12.37954,30.62566,319.37,0.48,0.65,"2026-02-16",13,"N20","nominal","2.0NRT",296.91,4.09,"N"
"17881",12.33396,30.73276,300.17,0.49,0.65,"2026-02-16",13,"N20","nominal","2.0NRT",288.5,0.54,"N"
"17882",12.60446,29.26575,305.16,0.38,0.59,"2026-02-16",13,"N20","nominal","2.0NRT",287.27,0.91,"N"
"17883",11.78437,33.22462,302.32,0.74,0.76,"2026-02-16",13,"N20","nominal","2.0NRT",290.03,1.32,"N"
"17884",12.66659,28.43431,306.56,0.34,0.56,"2026-02-16",13,"N20","nominal","2.0NRT",289.69,0.57,"N"
"17885",12.16026,31.00097,300.19,0.51,0.66,"2026-02-16",13,"N20","nominal","2.0NRT",289.06,1.09,"N"
"17886",12.15935,31.00555,307.55,0.51,0.66,"2026-02-16",13,"N20","nominal","2.0NRT",289.51,1.73,"N"
"17887",12.47004,28.05448,308.86,0.32,0.55,"2026-02-16",13,"N20","nominal","2.0NRT",289.78,1.45,"N"
"17888",11.88082,30.90234,302.79,0.51,0.66,"2026-02-16",13,"N20","nominal","2.0NRT",292.31,1.15,"N"
"17889",12.30391,28.65779,311.31,0.35,0.57,"2026-02-16",13,"N20","nominal","2.0NRT",289.62,1.28,"N"
"17890",12.48146,27.68728,300.75,0.6,0.53,"2026-02-16",13,"N20","nominal","2.0NRT",289.64,0.83,"N"
"17891",12.29874,28.65677,306.87,0.35,0.57,"2026-02-16",13,"N20","nominal","2.0NRT",290.01,1,"N"
"17892",11.70333,31.63094,302.68,0.58,0.7,"2026-02-16",13,"N20","nominal","2.0NRT",288.3,0.96,"N"
"17893",12.2974,28.22427,300.87,0.33,0.55,"2026-02-16",13,"N20","nominal","2.0NRT",288.27,0.53,"N"
"17894",12.29852,28.2235,301.49,0.33,0.55,"2026-02-16",13,"N20","nominal","2.0NRT",287.23,0.95,"N"
"17895",11.91681,29.83755,310.23,0.43,0.62,"2026-02-16",13,"N20","nominal","2.0NRT",285.06,0.83,"N"
"17896",11.55052,31.53169,300.97,0.57,0.69,"2026-02-16",13,"N20","nominal","2.0NRT",290.04,0.55,"N"
"17897",12.55462,26.37806,296.77,0.49,0.49,"2026-02-16",13,"N20","nominal","2.0NRT",286.45,0.32,"N"
"17898",11.73017,30.35379,298.57,0.47,0.64,"2026-02-16",13,"N20","nominal","2.0NRT",287.35,0.81,"N"
"17899",11.35353,32.03059,301.5,0.62,0.72,"2026-02-16",13,"N20","nominal","2.0NRT",290.85,0.33,"N"
"17900",11.61921,30.61826,303.42,0.5,0.65,"2026-02-16",13,"N20","nominal","2.0NRT",288.97,0.87,"N"
"17901",11.55724,30.13424,311.31,0.46,0.64,"2026-02-16",13,"N20","nominal","2.0NRT",287.76,1.09,"N"
"17902",11.55401,30.15065,302.14,0.46,0.64,"2026-02-16",13,"N20","nominal","2.0NRT",286.74,0.81,"N"
"17903",11.54248,30.1484,304.64,0.46,0.64,"2026-02-16",13,"N20","nominal","2.0NRT",287.25,0.76,"N"
"17904",11.35369,30.61937,310.79,0.5,0.66,"2026-02-16",13,"N20","nominal","2.0NRT",289.15,1.73,"N"
"17905",12.05962,26.72364,304.17,0.53,0.5,"2026-02-16",13,"N20","nominal","2.0NRT",289.7,1.06,"N"
"17906",11.47904,29.36658,302.86,0.41,0.61,"2026-02-16",13,"N20","nominal","2.0NRT",292.28,0.87,"N"
"17907",11.90654,27.01165,323.36,0.56,0.51,"2026-02-16",13,"N20","nominal","2.0NRT",286.72,5.51,"N"
"17908",11.90187,27.01077,338.33,0.56,0.51,"2026-02-16",13,"N20","nominal","2.0NRT",288.24,5.51,"N"
"17909",11.51985,28.9263,310.84,0.38,0.59,"2026-02-16",13,"N20","nominal","2.0NRT",289.71,1,"N"
"17910",10.87601,32.12281,302.96,0.65,0.73,"2026-02-16",13,"N20","nominal","2.0NRT",288.83,1.24,"N"
"17911",11.52226,28.92662,301.69,0.38,0.59,"2026-02-16",13,"N20","nominal","2.0NRT",289.96,0.89,"N"
"17912",11.52162,28.93007,300.13,0.38,0.59,"2026-02-16",13,"N20","nominal","2.0NRT",289.97,0.88,"N"
"17913",11.80024,26.94779,336.86,0.55,0.51,"2026-02-16",15,"N20","nominal","2.0NRT",289.42,6.02,"N"
"17914",11.25815,29.61791,303.02,0.43,0.62,"2026-02-16",15,"N20","nominal","2.0NRT",288.2,1.38,"N"
"17915",11.25737,29.62181,319.03,0.43,0.62,"2026-02-16",15,"N20","nominal","2.0NRT",289.67,1.38,"N"
"17916",11.26021,29.61827,300.42,0.43,0.62,"2026-02-16",15,"N20","nominal","2.0NRT",288.71,1.05,"N"
"17917",11.25946,29.62218,313.21,0.43,0.62,"2026-02-16",15,"N20","nominal","2.0NRT",289.4,1.05,"N"
"17918",11.25385,29.62109,303.65,0.43,0.62,"2026-02-16",15,"N20","nominal","2.0NRT",288.53,1.05,"N"
"17919",11.2531,29.625,305.42,0.43,0.62,"2026-02-16",15,"N20","nominal","2.0NRT",288.46,1.54,"N"
"17920",11.16631,30.04488,305.02,0.46,0.64,"2026-02-16",15,"N20","nominal","2.0NRT",289.36,0.64,"N"
"17921",11.12414,29.98534,297.63,0.46,0.63,"2026-02-16",15,"N20","nominal","2.0NRT",287.55,0.61,"N"
"17922",11.12334,29.9894,305.05,0.46,0.63,"2026-02-16",15,"N20","nominal","2.0NRT",289.02,0.88,"N"
"17923",11.1176,29.9882,302.93,0.46,0.63,"2026-02-16",15,"N20","nominal","2.0NRT",288.05,0.59,"N"
"17924",11.11187,29.98699,299.45,0.46,0.63,"2026-02-16",15,"N20","nominal","2.0NRT",288.73,0.59,"N"
"17925",11.51186,26.69315,302.38,0.54,0.51,"2026-02-16",15,"N20","nominal","2.0NRT",283.91,0.94,"N"
"17926",11.51095,26.69801,298.59,0.54,0.51,"2026-02-16",15,"N20","nominal","2.0NRT",284.16,0.94,"N"
"17927",10.88314,29.89894,307.07,0.46,0.63,"2026-02-16",15,"N20","nominal","2.0NRT",288.63,1.36,"N"
"17928",10.88233,29.90303,306.67,0.46,0.63,"2026-02-16",15,"N20","nominal","2.0NRT",288.56,1.45,"N"
"17929",11.50763,26.69524,302.36,0.54,0.51,"2026-02-16",15,"N20","nominal","2.0NRT",284.03,0.88,"N"
"17930",10.88229,29.90008,310.88,0.46,0.63,"2026-02-16",15,"N20","nominal","2.0NRT",288.56,1.49,"N"
"17931",10.8815,29.90419,303.6,0.46,0.63,"2026-02-16",15,"N20","nominal","2.0NRT",288.87,1.2,"N"
"17932",10.95246,29.32139,314.49,0.42,0.61,"2026-02-16",15,"N20","nominal","2.0NRT",290.36,1.08,"N"
"17933",11.25456,27.40519,305.08,0.61,0.53,"2026-02-16",15,"N20","nominal","2.0NRT",287.25,0.74,"N"
"17934",11.25076,27.3988,337.59,0.61,0.53,"2026-02-16",15,"N20","nominal","2.0NRT",289.15,7.29,"N"
"17935",11.24972,27.40427,313.94,0.61,0.53,"2026-02-16",15,"N20","nominal","2.0NRT",287.98,5.05,"N"
"17936",11.32797,27.0639,302.62,0.58,0.52,"2026-02-16",15,"N20","nominal","2.0NRT",287.67,1.18,"N"
"17937",11.25173,27.40242,345.17,0.61,0.53,"2026-02-16",15,"N20","nominal","2.0NRT",291.11,11.86,"N"
"17938",11.39975,26.45428,307.56,0.52,0.5,"2026-02-16",15,"N20","nominal","2.0NRT",283.86,1.1,"N"
"17939",10.69922,30.07038,305.36,0.47,0.64,"2026-02-16",15,"N20","nominal","2.0NRT",294.47,1.52,"N"
"17940",11.24151,27.13392,298.81,0.58,0.52,"2026-02-16",15,"N20","nominal","2.0NRT",285.8,0.85,"N"
"17941",11.38626,26.29791,295.38,0.51,0.49,"2026-02-16",15,"N20","nominal","2.0NRT",284.86,0.91,"N"
"17942",11.33848,26.24395,301.56,0.51,0.49,"2026-02-16",15,"N20","nominal","2.0NRT",286.42,0.45,"N"
"17943",10.67846,29.65153,303.69,0.44,0.63,"2026-02-16",15,"N20","nominal","2.0NRT",290.59,0.69,"N"
"17944",10.47936,30.45372,305.4,0.51,0.66,"2026-02-16",15,"N20","nominal","2.0NRT",289.15,1.06,"N"
"17945",10.76903,28.88619,302.8,0.39,0.59,"2026-02-16",15,"N20","nominal","2.0NRT",289.52,0.84,"N"
"17946",10.47685,30.45439,303.92,0.51,0.66,"2026-02-16",15,"N20","nominal","2.0NRT",289.42,1.11,"N"
"17947",10.76705,28.88509,301.18,0.39,0.59,"2026-02-16",15,"N20","nominal","2.0NRT",289.45,0.83,"N"
"17948",9.8561,29.902,299.82,0.48,0.64,"2026-02-16",15,"N20","nominal","2.0NRT",288.96,0.6,"N"
"17949",10.19916,27.51593,296.1,0.32,0.55,"2026-02-16",15,"N20","nominal","2.0NRT",281.14,0.55,"N"
"17950",10.19862,27.51883,313.32,0.32,0.55,"2026-02-16",15,"N20","nominal","2.0NRT",281.04,0.55,"N"
"17951",10.19311,27.52079,299.54,0.32,0.55,"2026-02-16",15,"N20","nominal","2.0NRT",281.26,0.41,"N"
"17952",9.24813,31.87343,367,0.67,0.73,"2026-02-16",15,"N20","high","2.0NRT",291.9,9.28,"N"
"17953",9.24695,31.87935,321.89,0.67,0.73,"2026-02-16",15,"N20","nominal","2.0NRT",291.28,9.28,"N"
"17954",9.24577,31.8853,307.72,0.67,0.73,"2026-02-16",15,"N20","nominal","2.0NRT",290.65,4,"N"
"17955",9.23366,31.87668,300.99,0.67,0.73,"2026-02-16",15,"N20","nominal","2.0NRT",289.58,1.02,"N"
"17956",9.55778,29.86563,297.03,0.48,0.65,"2026-02-16",15,"N20","nominal","2.0NRT",286.65,0.49,"N"
"17957",9.55192,29.8645,302.99,0.48,0.65,"2026-02-16",15,"N20","nominal","2.0NRT",287.52,0.49,"N"
"17958",10.13686,26.23039,305.3,0.53,0.5,"2026-02-16",15,"N20","nominal","2.0NRT",283.3,1.26,"N"
"17959",9.88699,27.22367,297.77,0.62,0.54,"2026-02-16",15,"N20","nominal","2.0NRT",281.64,1.73,"N"
"17960",9.88313,27.21716,296.2,0.62,0.54,"2026-02-16",15,"N20","nominal","2.0NRT",278.12,0.86,"N"
"17961",9.88208,27.22276,298.39,0.62,0.54,"2026-02-16",15,"N20","nominal","2.0NRT",280.95,0.96,"N"
"17962",9.87928,27.21065,301.79,0.62,0.54,"2026-02-16",15,"N20","nominal","2.0NRT",282.8,0.86,"N"
"17963",9.87823,27.21625,295.46,0.62,0.54,"2026-02-16",15,"N20","nominal","2.0NRT",278.02,0.86,"N"
"17964",9.88529,27.2234,299.45,0.63,0.54,"2026-02-16",15,"N20","nominal","2.0NRT",281.24,1.22,"N"
"17965",9.88139,27.21686,299.89,0.62,0.54,"2026-02-16",15,"N20","nominal","2.0NRT",278.55,1.22,"N"
"17966",9.65076,27.74976,316.35,0.34,0.56,"2026-02-16",15,"N20","nominal","2.0NRT",287.52,0.96,"N"
"17967",9.11918,26.00947,302.88,0.53,0.5,"2026-02-16",15,"N20","nominal","2.0NRT",287.16,0.85,"N"
"17968",9.11892,26.01146,301.29,0.53,0.5,"2026-02-16",15,"N20","nominal","2.0NRT",287.42,0.83,"N"
"17969",68.41755,83.63401,344.25,0.69,0.74,"2026-02-16",136,"N20","nominal","2.0NRT",244.32,6.71,"N"
"17970",68.41867,83.62895,327.63,0.69,0.74,"2026-02-16",136,"N20","nominal","2.0NRT",243.29,6.86,"N"
"17971",68.52932,79.96106,328.34,0.66,0.73,"2026-02-16",136,"N20","nominal","2.0NRT",242.64,5.69,"N"
"17972",70.94334,74.53773,328.28,0.43,0.62,"2026-02-16",136,"N20","nominal","2.0NRT",236.76,3.13,"N"
"17973",71.15867,67.16566,325.43,0.37,0.58,"2026-02-16",136,"N20","nominal","2.0NRT",242.35,1.98,"N"
"17974",59.13745,37.78243,337.57,0.6,0.71,"2026-02-16",143,"N20","nominal","2.0NRT",243.44,7.84,"N"
"17975",59.13388,37.79042,324.09,0.6,0.71,"2026-02-16",143,"N20","nominal","2.0NRT",248.09,7.69,"N"
"17976",35.02794,136.88728,330.05,0.47,0.64,"2026-02-16",302,"N20","nominal","2.0NRT",282.31,3.86,"D"
"17977",43.02347,143.31087,329.85,0.46,0.39,"2026-02-16",304,"N20","nominal","2.0NRT",273.62,2.55,"D"
"17978",43.03326,131.45177,331.4,0.52,0.67,"2026-02-16",304,"N20","nominal","2.0NRT",275.64,2.46,"D"
"17979",44.71305,131.79007,353.29,0.45,0.63,"2026-02-16",304,"N20","nominal","2.0NRT",286.92,30.43,"D"
"17980",44.71145,131.78473,346.03,0.45,0.63,"2026-02-16",304,"N20","nominal","2.0NRT",278.9,30.43,"D"
"17981",44.70983,131.77931,332.98,0.45,0.63,"2026-02-16",304,"N20","nominal","2.0NRT",273.02,5.69,"D"
"17982",44.70831,131.77422,328.27,0.45,0.63,"2026-02-16",304,"N20","nominal","2.0NRT",274.08,5.69,"D"
"17983",44.70978,131.79552,344.84,0.45,0.63,"2026-02-16",304,"N20","nominal","2.0NRT",270.59,22.67,"D"
"17984",44.70822,131.79044,342,0.45,0.63,"2026-02-16",304,"N20","nominal","2.0NRT",286.42,22.67,"D"
"17985",44.70667,131.78534,331.93,0.45,0.63,"2026-02-16",304,"N20","nominal","2.0NRT",272.96,13.91,"D"
"17986",44.7103,131.77649,340.33,0.45,0.63,"2026-02-16",304,"N20","nominal","2.0NRT",274.92,13.91,"D"
"17987",44.71367,131.78754,356.16,0.45,0.63,"2026-02-16",304,"N20","low","2.0NRT",278.03,22.67,"D"
"17988",70.94418,74.54247,336.52,0.44,0.62,"2026-02-16",317,"N20","nominal","2.0NRT",236,4.05,"N"
"17989",70.94375,74.53602,336.77,0.44,0.62,"2026-02-16",317,"N20","nominal","2.0NRT",234.2,3.23,"N"
"17990",71.2578,72.06104,327.63,0.42,0.61,"2026-02-16",317,"N20","nominal","2.0NRT",239.95,1.64,"N"
"17991",71.25675,72.06866,328.08,0.42,0.61,"2026-02-16",317,"N20","nominal","2.0NRT",238.98,1.73,"N"
"17992",35.03556,118.82649,325.72,0.57,0.43,"2026-02-16",442,"N20","nominal","2.0NRT",268,2.63,"D"
"17993",36.98125,126.71199,341.13,0.42,0.37,"2026-02-16",444,"N20","nominal","2.0NRT",291.53,5.06,"D"
"17994",36.98344,126.70197,330.79,0.42,0.37,"2026-02-16",444,"N20","nominal","2.0NRT",288.06,4.96,"D"
"17995",36.99029,126.7006,341.62,0.42,0.37,"2026-02-16",444,"N20","nominal","2.0NRT",286.02,4.9,"D"
"17996",35.96337,119.5944,331.16,0.51,0.41,"2026-02-16",444,"N20","nominal","2.0NRT",285.35,2.46,"D"
"17997",36.50505,120.12524,338.98,0.47,0.4,"2026-02-16",444,"N20","nominal","2.0NRT",274.55,7.59,"D"
"17998",35.08237,113.57008,327.38,0.36,0.58,"2026-02-16",444,"N20","nominal","2.0NRT",281.72,1.69,"D"
"17999",36.80251,120.29149,328.61,0.46,0.39,"2026-02-16",444,"N20","nominal","2.0NRT",278.98,2.37,"D"
"18000",37.11681,120.24618,329.17,0.46,0.39,"2026-02-16",444,"N20","nominal","2.0NRT",284.56,1.98,"D"
"18001",37.21177,118.40842,328.25,0.55,0.42,"2026-02-16",444,"N20","nominal","2.0NRT",270.4,3.08,"D"
"18002",37.3633,117.99137,328.55,0.57,0.43,"2026-02-16",444,"N20","nominal","2.0NRT",275.17,3.06,"D"
"18003",37.54251,118.46347,334.67,0.54,0.42,"2026-02-16",444,"N20","nominal","2.0NRT",283.15,19.37,"D"
"18004",39.44334,126.02187,327.48,0.42,0.37,"2026-02-16",444,"N20","nominal","2.0NRT",290.09,2.43,"D"
"18005",38.15387,117.53606,328.61,0.38,0.43,"2026-02-16",444,"N20","nominal","2.0NRT",281.22,1.2,"D"
"18006",38.34899,117.39035,337.73,0.39,0.44,"2026-02-16",444,"N20","nominal","2.0NRT",272.66,4.53,"D"
"18007",38.21347,116.63611,327.61,0.42,0.45,"2026-02-16",444,"N20","nominal","2.0NRT",277.72,2.13,"D"
"18008",38.2165,116.60974,339.35,0.42,0.46,"2026-02-16",444,"N20","nominal","2.0NRT",279.75,6.32,"D"
"18009",39.44441,122.26182,326.9,0.39,0.36,"2026-02-16",444,"N20","nominal","2.0NRT",287.87,3.56,"D"
"18010",38.40512,116.51649,346.53,0.43,0.46,"2026-02-16",444,"N20","nominal","2.0NRT",279.15,8.01,"D"
"18011",38.48756,116.60571,328.47,0.42,0.45,"2026-02-16",444,"N20","nominal","2.0NRT",276.61,1.87,"D"
"18012",39.58256,122.29115,325.41,0.39,0.36,"2026-02-16",444,"N20","nominal","2.0NRT",282.3,1.67,"D"
"18013",39.53874,122.00302,329.06,0.39,0.36,"2026-02-16",444,"N20","nominal","2.0NRT",284.01,3.03,"D"
"18014",38.6187,117.13352,338.07,0.39,0.44,"2026-02-16",444,"N20","nominal","2.0NRT",277.45,2.41,"D"
"18015",39.7239,123.05098,328.36,0.38,0.36,"2026-02-16",444,"N20","nominal","2.0NRT",281.86,1.15,"D"
"18016",38.62373,117.01803,341.86,0.4,0.44,"2026-02-16",444,"N20","nominal","2.0NRT",280.24,4.67,"D"
"18017",37.52054,112.33668,326.96,0.37,0.58,"2026-02-16",444,"N20","nominal","2.0NRT",268.23,2.78,"D"
"18018",38.53902,116.60262,332.12,0.42,0.45,"2026-02-16",444,"N20","nominal","2.0NRT",272.43,3.86,"D"
"18019",39.90074,123.92722,329.8,0.39,0.36,"2026-02-16",444,"N20","nominal","2.0NRT",284.78,3.68,"D"
"18020",39.78066,123.1302,336.38,0.38,0.36,"2026-02-16",444,"N20","nominal","2.0NRT",290.76,6.44,"D"
"18021",39.78394,123.12935,343.71,0.38,0.36,"2026-02-16",444,"N20","nominal","2.0NRT",287.62,6.44,"D"
"18022",39.64146,122.06599,330.45,0.39,0.36,"2026-02-16",444,"N20","nominal","2.0NRT",283.97,3.41,"D"
"18023",39.93887,123.86202,337.77,0.39,0.36,"2026-02-16",444,"N20","nominal","2.0NRT",284.51,3.73,"D"
"18024",38.7197,117.0864,339.23,0.39,0.44,"2026-02-16",444,"N20","nominal","2.0NRT",275.96,3.11,"D"
"18025",38.75779,117.24617,338.41,0.39,0.44,"2026-02-16",444,"N20","nominal","2.0NRT",275.48,3.24,"D"
"18026",39.97972,123.97736,330.16,0.39,0.36,"2026-02-16",444,"N20","nominal","2.0NRT",285.09,2.76,"D"
"18027",38.76681,117.14994,326.62,0.39,0.44,"2026-02-16",444,"N20","nominal","2.0NRT",276.43,1.78,"D"
"18028",38.77028,117.10651,325.92,0.39,0.44,"2026-02-16",444,"N20","nominal","2.0NRT",276.14,3.18,"D"
"18029",39.65022,121.72298,327.58,0.4,0.37,"2026-02-16",444,"N20","nominal","2.0NRT",283.85,5.04,"D"
"18030",39.64946,121.71845,328.44,0.4,0.37,"2026-02-16",444,"N20","nominal","2.0NRT",285.19,5.04,"D"
"18031",38.84914,117.17415,330.69,0.39,0.44,"2026-02-16",444,"N20","nominal","2.0NRT",265.41,2.4,"D"
"18032",38.7381,116.59682,332.87,0.41,0.45,"2026-02-16",444,"N20","nominal","2.0NRT",270.29,3.01,"D"
"18033",40.0505,123.76582,334.47,0.39,0.36,"2026-02-16",444,"N20","nominal","2.0NRT",284.03,3.15,"D"
"18034",38.86522,117.13127,346.66,0.39,0.44,"2026-02-16",444,"N20","nominal","2.0NRT",286.41,39.9,"D"
"18035",38.8643,117.12691,339.71,0.39,0.44,"2026-02-16",444,"N20","nominal","2.0NRT",268.89,18.24,"D"
"18036",38.86912,117.12991,348.81,0.39,0.44,"2026-02-16",444,"N20","nominal","2.0NRT",277.97,39.9,"D"
"18037",38.8682,117.12556,343.11,0.39,0.44,"2026-02-16",444,"N20","nominal","2.0NRT",271.54,18.24,"D"
"18038",39.26096,118.89862,325.54,0.48,0.4,"2026-02-16",444,"N20","nominal","2.0NRT",284.21,1.75,"D"
"18039",39.26036,118.89712,333.06,0.48,0.4,"2026-02-16",444,"N20","nominal","2.0NRT",284.59,3.36,"D"
"18040",40.129,123.9062,329.52,0.39,0.36,"2026-02-16",444,"N20","nominal","2.0NRT",282.87,2.48,"D"
"18041",38.90718,117.04356,339.78,0.39,0.44,"2026-02-16",444,"N20","nominal","2.0NRT",275.97,6.62,"D"
"18042",38.87066,116.69583,328.96,0.41,0.45,"2026-02-16",444,"N20","nominal","2.0NRT",268.03,2.84,"D"
"18043",38.83236,116.33858,327.85,0.42,0.46,"2026-02-16",444,"N20","nominal","2.0NRT",282.09,2.05,"D"
"18044",39.94349,122.05282,336.23,0.39,0.36,"2026-02-16",444,"N20","nominal","2.0NRT",284.17,2.3,"D"
"18045",39.32571,118.51366,343.4,0.5,0.41,"2026-02-16",444,"N20","nominal","2.0NRT",297.78,19.76,"D"
"18046",39.28119,118.19337,328.6,0.51,0.41,"2026-02-16",444,"N20","nominal","2.0NRT",284.81,6.85,"D"
"18047",40.26012,123.68748,329.37,0.39,0.36,"2026-02-16",444,"N20","nominal","2.0NRT",283.36,2.79,"D"
"18048",40.42037,124.65681,337.9,0.4,0.37,"2026-02-16",444,"N20","nominal","2.0NRT",288.62,16.16,"D"
"18049",40.05318,122.13539,326.16,0.39,0.36,"2026-02-16",444,"N20","nominal","2.0NRT",281.25,1.93,"D"
"18050",39.38789,118.41493,328.82,0.5,0.41,"2026-02-16",444,"N20","nominal","2.0NRT",289.49,2.23,"D"
"18051",40.06332,122.11562,334.03,0.39,0.36,"2026-02-16",444,"N20","nominal","2.0NRT",281.58,3.25,"D"
"18052",39.38906,118.41308,326.31,0.5,0.41,"2026-02-16",444,"N20","nominal","2.0NRT",286.71,2.01,"D"
"18053",39.03667,116.69376,333.08,0.4,0.45,"2026-02-16",444,"N20","nominal","2.0NRT",296.63,47.01,"D"
"18054",40.0893,122.21194,327.9,0.39,0.36,"2026-02-16",444,"N20","nominal","2.0NRT",282.83,1.87,"D"
"18055",39.31323,117.98123,328.63,0.52,0.42,"2026-02-16",444,"N20","nominal","2.0NRT",285.77,2.62,"D"
"18056",40.04642,121.90799,328.21,0.39,0.36,"2026-02-16",444,"N20","nominal","2.0NRT",280.29,2.48,"D"
"18057",39.05754,116.67172,329.89,0.4,0.45,"2026-02-16",444,"N20","nominal","2.0NRT",287.03,5.51,"D"
"18058",39.33933,117.97247,329.18,0.52,0.42,"2026-02-16",444,"N20","nominal","2.0NRT",288.99,2.08,"D"
"18059",40.09212,122.06056,335.64,0.39,0.36,"2026-02-16",444,"N20","nominal","2.0NRT",283.37,5.43,"D"
"18060",39.34426,117.97713,326.28,0.52,0.42,"2026-02-16",444,"N20","nominal","2.0NRT",287.19,2.83,"D"
"18061",39.34306,117.97122,329.87,0.52,0.42,"2026-02-16",444,"N20","nominal","2.0NRT",289.18,2.08,"D"
"18062",40.12396,122.193,328.82,0.39,0.36,"2026-02-16",444,"N20","nominal","2.0NRT",282.72,2.3,"D"
"18063",40.10713,122.08937,329.93,0.39,0.36,"2026-02-16",444,"N20","nominal","2.0NRT",283.46,2.88,"D"
"18064",39.43437,118.20895,326.99,0.51,0.41,"2026-02-16",444,"N20","nominal","2.0NRT",287.54,1.59,"D"
"18065",39.41237,118.09855,329.84,0.52,0.41,"2026-02-16",444,"N20","nominal","2.0NRT",288.08,2.4,"D"
"18066",39.34184,117.70889,335.64,0.54,0.42,"2026-02-16",444,"N20","nominal","2.0NRT",290.41,6.69,"D"
"18067",40.32742,123.18345,329.78,0.38,0.36,"2026-02-16",444,"N20","nominal","2.0NRT",284.18,3.15,"D"
"18068",39.21666,116.93412,339.13,0.39,0.44,"2026-02-16",444,"N20","nominal","2.0NRT",285.08,8.33,"D"
"18069",39.06313,116.23061,325.16,0.42,0.46,"2026-02-16",444,"N20","nominal","2.0NRT",278.26,2.08,"D"
"18070",39.14078,116.36562,328.78,0.42,0.45,"2026-02-16",444,"N20","nominal","2.0NRT",283.94,2.53,"D"
"18071",39.57492,118.44021,332.22,0.5,0.41,"2026-02-16",444,"N20","nominal","2.0NRT",290.7,3.05,"D"
"18072",39.1509,116.39223,340.36,0.42,0.45,"2026-02-16",444,"N20","nominal","2.0NRT",285.12,6.43,"D"
"18073",39.36255,117.36982,337.05,0.56,0.43,"2026-02-16",444,"N20","nominal","2.0NRT",287.68,5.85,"D"
"18074",39.28965,116.94143,329.72,0.39,0.44,"2026-02-16",444,"N20","nominal","2.0NRT",286.36,2.17,"D"
"18075",39.31445,116.97969,325.06,0.39,0.44,"2026-02-16",444,"N20","nominal","2.0NRT",286.13,2.68,"D"
"18076",39.53571,117.96651,339.28,0.52,0.41,"2026-02-16",444,"N20","nominal","2.0NRT",289.75,7.88,"D"
"18077",39.36564,117.15035,334.98,0.57,0.43,"2026-02-16",444,"N20","nominal","2.0NRT",287.84,5.39,"D"
"18078",39.17138,116.25587,335.84,0.42,0.45,"2026-02-16",444,"N20","nominal","2.0NRT",279.79,2.92,"D"
"18079",39.54423,117.98876,346.94,0.52,0.41,"2026-02-16",444,"N20","nominal","2.0NRT",288.89,7.43,"D"
"18080",39.54183,117.97701,325.19,0.52,0.41,"2026-02-16",444,"N20","nominal","2.0NRT",286.2,4.5,"D"
"18081",39.54063,117.97112,336.37,0.52,0.41,"2026-02-16",444,"N20","nominal","2.0NRT",288.78,4.5,"D"
"18082",39.54434,117.96986,333.54,0.52,0.41,"2026-02-16",444,"N20","nominal","2.0NRT",289.68,7.55,"D"
"18083",39.34843,117.03044,325.02,0.38,0.43,"2026-02-16",444,"N20","nominal","2.0NRT",285.27,2.06,"D"
"18084",40.31824,122.14747,329.38,0.39,0.36,"2026-02-16",444,"N20","nominal","2.0NRT",284.61,2.4,"D"
"18085",39.2756,116.59336,339.13,0.4,0.45,"2026-02-16",444,"N20","nominal","2.0NRT",290.23,2.32,"D"
"18086",39.32121,116.78528,340.94,0.39,0.44,"2026-02-16",444,"N20","nominal","2.0NRT",291.94,5.05,"D"
"18087",39.35331,116.81686,327.49,0.39,0.44,"2026-02-16",444,"N20","nominal","2.0NRT",286.87,2.08,"D"
"18088",39.77545,118.84331,327.03,0.47,0.4,"2026-02-16",444,"N20","nominal","2.0NRT",286.32,1.33,"D"
"18089",39.36146,116.77574,325.12,0.39,0.44,"2026-02-16",444,"N20","nominal","2.0NRT",286.15,3.12,"D"
"18090",39.36539,116.77435,335.98,0.39,0.44,"2026-02-16",444,"N20","nominal","2.0NRT",287.87,3.12,"D"
"18091",39.42032,116.80888,338.43,0.39,0.44,"2026-02-16",444,"N20","nominal","2.0NRT",291.47,3.1,"D"
"18092",40.24338,121.02408,333.59,0.4,0.37,"2026-02-16",444,"N20","nominal","2.0NRT",273.82,1.2,"D"
"18093",39.42638,116.77814,332.75,0.39,0.44,"2026-02-16",444,"N20","nominal","2.0NRT",286.24,3.43,"D"
"18094",40.24752,121.02777,271.57,0.4,0.37,"2026-02-16",444,"N20","low","2.0NRT",271.64,0.37,"D"
"18095",40.24591,121.01842,272.13,0.4,0.37,"2026-02-16",444,"N20","low","2.0NRT",272.35,1.2,"D"
"18096",39.9538,119.37863,335.34,0.45,0.39,"2026-02-16",444,"N20","nominal","2.0NRT",289.99,9.32,"D"
"18097",39.39886,116.53144,327.44,0.4,0.45,"2026-02-16",444,"N20","nominal","2.0NRT",287.13,1.17,"D"
"18098",36.81307,106.75058,327.41,0.76,0.77,"2026-02-16",444,"N20","nominal","2.0NRT",281.54,4.38,"D"
"18099",39.94624,119.08186,328.89,0.46,0.39,"2026-02-16",444,"N20","nominal","2.0NRT",288.15,1.92,"D"
"18100",39.73138,117.93639,332.49,0.52,0.41,"2026-02-16",444,"N20","nominal","2.0NRT",292.81,3.89,"D"
"18101",39.55058,117.02911,337.41,0.57,0.43,"2026-02-16",444,"N20","nominal","2.0NRT",285.27,8.61,"D"
"18102",39.73086,117.93428,329.73,0.52,0.41,"2026-02-16",444,"N20","nominal","2.0NRT",290.86,2.31,"D"
"18103",39.55302,117.02652,338.71,0.57,0.43,"2026-02-16",444,"N20","nominal","2.0NRT",289.02,6.72,"D"
"18104",39.49361,116.75034,334.37,0.39,0.44,"2026-02-16",444,"N20","nominal","2.0NRT",285.98,1.82,"D"
"18105",39.94331,118.66772,331.23,0.48,0.4,"2026-02-16",444,"N20","nominal","2.0NRT",288.03,3.35,"D"
"18106",39.53742,116.61932,339.65,0.4,0.44,"2026-02-16",444,"N20","nominal","2.0NRT",288.34,5.61,"D"
"18107",39.52195,116.5471,328.15,0.4,0.44,"2026-02-16",444,"N20","nominal","2.0NRT",284.98,2.54,"D"
"18108",39.98716,118.71713,329.44,0.48,0.4,"2026-02-16",444,"N20","nominal","2.0NRT",283.94,4.1,"D"
"18109",39.56311,116.60041,325.36,0.4,0.44,"2026-02-16",444,"N20","nominal","2.0NRT",287.64,1.95,"D"
"18110",40.00267,118.75838,325.81,0.47,0.4,"2026-02-16",444,"N20","nominal","2.0NRT",287.28,1.47,"D"
"18111",39.9626,118.55022,332.03,0.48,0.4,"2026-02-16",444,"N20","nominal","2.0NRT",287.6,4.25,"D"
"18112",40.00241,118.75616,329.14,0.47,0.4,"2026-02-16",444,"N20","nominal","2.0NRT",288.52,2.75,"D"
"18113",40.89508,123.9127,326.27,0.39,0.36,"2026-02-16",444,"N20","nominal","2.0NRT",276.11,1.62,"D"
"18114",40.73217,122.60204,325.41,0.38,0.36,"2026-02-16",444,"N20","nominal","2.0NRT",283.18,2.24,"D"
"18115",39.98039,118.274,327.6,0.5,0.41,"2026-02-16",444,"N20","nominal","2.0NRT",287.47,2.23,"D"
"18116",40.82433,122.47085,342.47,0.38,0.36,"2026-02-16",444,"N20","nominal","2.0NRT",286.99,4.13,"D"
"18117",40.92186,122.83457,335.11,0.38,0.36,"2026-02-16",444,"N20","nominal","2.0NRT",285.36,5.35,"D"
"18118",40.92117,122.83006,329.07,0.38,0.36,"2026-02-16",444,"N20","nominal","2.0NRT",285.38,2.68,"D"
"18119",41.02105,122.74834,337.82,0.38,0.36,"2026-02-16",444,"N20","nominal","2.0NRT",287.98,6.08,"D"
"18120",40.92645,122.08254,326.82,0.39,0.36,"2026-02-16",444,"N20","nominal","2.0NRT",283.82,2.13,"D"
"18121",40.47181,119.37725,341.03,0.44,0.39,"2026-02-16",444,"N20","nominal","2.0NRT",287.3,10.07,"D"
"18122",40.52045,119.5787,329.36,0.44,0.38,"2026-02-16",444,"N20","nominal","2.0NRT",286.8,2.35,"D"
"18123",41.13488,122.97871,326.18,0.38,0.36,"2026-02-16",444,"N20","nominal","2.0NRT",281.74,1.3,"D"
"18124",41.23455,123.16536,336.76,0.38,0.36,"2026-02-16",444,"N20","nominal","2.0NRT",282.84,3.66,"D"
"18125",40.87058,120.76053,330.2,0.4,0.37,"2026-02-16",444,"N20","nominal","2.0NRT",287.75,10.59,"D"
"18126",40.90107,120.63194,331.67,0.41,0.37,"2026-02-16",444,"N20","nominal","2.0NRT",289.28,3.73,"D"
"18127",40.90148,120.62928,336.9,0.41,0.37,"2026-02-16",444,"N20","nominal","2.0NRT",288.32,3.9,"D"
"18128",39.2582,112.66045,331.79,0.32,0.55,"2026-02-16",444,"N20","nominal","2.0NRT",280.76,1.95,"D"
"18129",40.98458,120.74364,329.3,0.4,0.37,"2026-02-16",444,"N20","nominal","2.0NRT",287.5,2.19,"D"
"18130",41.46975,123.39645,328.86,0.39,0.36,"2026-02-16",444,"N20","nominal","2.0NRT",284.09,1.59,"D"
"18131",41.41961,122.96848,332.48,0.38,0.36,"2026-02-16",444,"N20","nominal","2.0NRT",286.86,2.25,"D"
"18132",39.31434,112.48286,335.66,0.33,0.55,"2026-02-16",444,"N20","nominal","2.0NRT",279.5,2.43,"D"
"18133",41.28218,121.93457,326.35,0.39,0.36,"2026-02-16",444,"N20","nominal","2.0NRT",280.68,0.94,"D"
"18134",41.28546,121.93365,329.32,0.39,0.36,"2026-02-16",444,"N20","nominal","2.0NRT",282.59,2.45,"D"
"18135",41.33921,122.22784,329.76,0.39,0.36,"2026-02-16",444,"N20","nominal","2.0NRT",285.27,2.24,"D"
"18136",39.41357,112.45206,325.53,0.32,0.55,"2026-02-16",444,"N20","nominal","2.0NRT",277.64,2.16,"D"
"18137",41.48595,122.11908,329.52,0.39,0.36,"2026-02-16",444,"N20","nominal","2.0NRT",286.33,2.37,"D"
"18138",41.48923,122.11817,332.24,0.39,0.36,"2026-02-16",444,"N20","nominal","2.0NRT",286.81,2.37,"D"
"18139",40.88099,118.62958,330.24,0.47,0.39,"2026-02-16",444,"N20","nominal","2.0NRT",285.96,4.72,"D"
"18140",40.23226,115.42316,328.17,0.44,0.46,"2026-02-16",444,"N20","nominal","2.0NRT",281.62,3.05,"D"
"18141",41.58704,122.30507,329.67,0.38,0.36,"2026-02-16",444,"N20","nominal","2.0NRT",289.22,1.65,"D"
"18142",41.33089,120.72055,328.63,0.4,0.37,"2026-02-16",444,"N20","nominal","2.0NRT",290.45,9.85,"D"
"18143",41.33422,120.71957,330.05,0.4,0.37,"2026-02-16",444,"N20","nominal","2.0NRT",298.96,9.85,"D"
"18144",39.78587,113.2213,328.46,0.58,0.52,"2026-02-16",444,"N20","nominal","2.0NRT",278.43,3.88,"D"
"18145",40.39108,115.4753,334.69,0.43,0.46,"2026-02-16",444,"N20","nominal","2.0NRT",281.55,4.3,"D"
"18146",41.46133,120.84142,341.22,0.4,0.37,"2026-02-16",444,"N20","nominal","2.0NRT",286.82,4.55,"D"
"18147",41.81824,122.27681,329.91,0.38,0.36,"2026-02-16",444,"N20","nominal","2.0NRT",286.33,1.81,"D"
"18148",41.92495,122.7027,330.02,0.38,0.36,"2026-02-16",444,"N20","nominal","2.0NRT",283.7,2.08,"D"
"18149",41.09867,117.65839,326.87,0.5,0.41,"2026-02-16",444,"N20","nominal","2.0NRT",288.78,1.86,"D"
"18150",41.71803,120.62074,330.37,0.4,0.37,"2026-02-16",444,"N20","nominal","2.0NRT",285.43,2.96,"D"
"18151",43.0346,131.4518,338.96,0.51,0.5,"2026-02-16",444,"N20","nominal","2.0NRT",281.1,9.2,"D"
"18152",43.03916,131.45088,354.79,0.51,0.5,"2026-02-16",444,"N20","nominal","2.0NRT",280.76,28.22,"D"
"18153",43.03872,131.44489,337.53,0.51,0.5,"2026-02-16",444,"N20","nominal","2.0NRT",287.56,83.91,"D"
"18154",43.04371,131.44978,337.62,0.51,0.5,"2026-02-16",444,"N20","nominal","2.0NRT",275.97,28.22,"D"
"18155",40.44426,114.18426,327.94,0.5,0.49,"2026-02-16",444,"N20","nominal","2.0NRT",286.16,3,"D"
"18156",41.47774,119.09499,345.37,0.44,0.38,"2026-02-16",444,"N20","nominal","2.0NRT",288.17,5.21,"D"
"18157",40.41769,114.03063,332.34,0.51,0.49,"2026-02-16",444,"N20","nominal","2.0NRT",283.85,3.75,"D"
"18158",40.4162,113.41675,326.95,0.55,0.51,"2026-02-16",444,"N20","nominal","2.0NRT",284.17,5.05,"D"
"18159",40.42069,113.4149,334.01,0.55,0.51,"2026-02-16",444,"N20","nominal","2.0NRT",285.06,5.05,"D"
"18160",42.2804,122.75391,341.38,0.38,0.36,"2026-02-16",444,"N20","nominal","2.0NRT",288.23,7.34,"D"
"18161",40.73938,114.59216,330.54,0.47,0.48,"2026-02-16",444,"N20","nominal","2.0NRT",284.12,2.34,"D"
"18162",40.45492,113.37286,328.72,0.55,0.51,"2026-02-16",444,"N20","nominal","2.0NRT",283.73,3.26,"D"
"18163",41.85379,119.99612,333.64,0.41,0.37,"2026-02-16",444,"N20","nominal","2.0NRT",285.95,4.44,"D"
"18164",41.70776,119.16612,334.76,0.44,0.38,"2026-02-16",444,"N20","nominal","2.0NRT",287.82,3.65,"D"
"18165",41.91577,119.98455,337.9,0.41,0.37,"2026-02-16",444,"N20","nominal","2.0NRT",285.75,11.91,"D"
"18166",41.8311,119.2963,331.51,0.43,0.38,"2026-02-16",444,"N20","nominal","2.0NRT",285.48,1.53,"D"
"18167",42.14028,121.04774,325.56,0.39,0.36,"2026-02-16",444,"N20","nominal","2.0NRT",288.73,2.12,"D"
"18168",38.67541,106.46624,344.85,0.69,0.74,"2026-02-16",444,"N20","nominal","2.0NRT",283.21,7.31,"D"
"18169",38.67144,106.46828,342.58,0.68,0.74,"2026-02-16",444,"N20","nominal","2.0NRT",283.91,9.5,"D"
"18170",40.79181,113.86182,337.99,0.51,0.49,"2026-02-16",444,"N20","nominal","2.0NRT",282.75,4.9,"D"
"18171",40.22916,111.46291,330.07,0.35,0.56,"2026-02-16",444,"N20","nominal","2.0NRT",284.33,2.73,"D"
"18172",40.23167,111.46306,326.08,0.35,0.56,"2026-02-16",444,"N20","nominal","2.0NRT",284.49,1.56,"D"
"18173",40.24465,111.38723,354.06,0.35,0.57,"2026-02-16",444,"N20","nominal","2.0NRT",281.59,4.92,"D"
"18174",40.25683,111.4122,342,0.35,0.57,"2026-02-16",444,"N20","nominal","2.0NRT",278.93,4.07,"D"
"18175",40.272,111.34399,345.66,0.35,0.57,"2026-02-16",444,"N20","nominal","2.0NRT",278.73,4.26,"D"
"18176",40.28913,111.36689,329.14,0.35,0.57,"2026-02-16",444,"N20","nominal","2.0NRT",280.49,1.47,"D"
"18177",40.28293,111.34338,338.99,0.35,0.57,"2026-02-16",444,"N20","nominal","2.0NRT",279.87,3.05,"D"
"18178",40.28788,111.34111,328.94,0.35,0.57,"2026-02-16",444,"N20","nominal","2.0NRT",279.24,2.76,"D"
"18179",40.28167,111.31755,349.33,0.35,0.57,"2026-02-16",444,"N20","nominal","2.0NRT",281.3,6.33,"D"
"18180",40.36071,111.59821,326.01,0.34,0.56,"2026-02-16",444,"N20","nominal","2.0NRT",281.3,1.09,"D"
"18181",40.28664,111.1646,332.05,0.36,0.57,"2026-02-16",444,"N20","nominal","2.0NRT",283.63,3.85,"D"
"18182",40.33503,111.32434,334.04,0.35,0.57,"2026-02-16",444,"N20","nominal","2.0NRT",284.21,2.6,"D"
"18183",42.33541,120.41872,328.71,0.4,0.37,"2026-02-16",444,"N20","nominal","2.0NRT",282.49,1.93,"D"
"18184",40.78844,112.86254,326.96,0.57,0.52,"2026-02-16",444,"N20","nominal","2.0NRT",282.52,3.55,"D"
"18185",40.50338,111.73557,334.64,0.33,0.55,"2026-02-16",444,"N20","nominal","2.0NRT",280.91,2.67,"D"
"18186",40.50242,111.73183,331.24,0.33,0.55,"2026-02-16",444,"N20","nominal","2.0NRT",284.98,2.67,"D"
"18187",40.45418,111.50436,335.93,0.34,0.56,"2026-02-16",444,"N20","nominal","2.0NRT",278.09,2.32,"D"
"18188",40.45019,111.48907,345.38,0.34,0.56,"2026-02-16",444,"N20","nominal","2.0NRT",278.76,4.5,"D"
"18189",41.84783,117.52847,330.49,0.49,0.41,"2026-02-16",444,"N20","nominal","2.0NRT",279.55,4.64,"D"
"18190",40.52564,111.69624,337.55,0.33,0.55,"2026-02-16",444,"N20","nominal","2.0NRT",284.03,2.77,"D"
"18191",40.52953,111.69348,341.48,0.33,0.55,"2026-02-16",444,"N20","nominal","2.0NRT",283.65,2.37,"D"
"18192",40.57218,111.77367,354,0.33,0.55,"2026-02-16",444,"N20","nominal","2.0NRT",285.53,4.9,"D"
"18193",40.58372,111.71462,328.27,0.33,0.55,"2026-02-16",444,"N20","nominal","2.0NRT",284.92,1.15,"D"
"18194",40.59433,111.67231,348.04,0.33,0.55,"2026-02-16",444,"N20","nominal","2.0NRT",285.49,3.92,"D"
"18195",40.39574,110.9192,335.4,0.37,0.58,"2026-02-16",444,"N20","nominal","2.0NRT",277.85,3.23,"D"
"18196",40.49858,111.30634,355.9,0.35,0.57,"2026-02-16",444,"N20","low","2.0NRT",284.04,7.38,"D"
"18197",40.50558,111.3119,325.07,0.35,0.56,"2026-02-16",444,"N20","nominal","2.0NRT",280.18,3.84,"D"
"18198",40.50455,111.30801,332.26,0.35,0.56,"2026-02-16",444,"N20","nominal","2.0NRT",281.52,4.21,"D"
"18199",40.50352,111.30412,344.14,0.35,0.57,"2026-02-16",444,"N20","nominal","2.0NRT",281.18,4.21,"D"
"18200",40.53894,111.41805,327.77,0.34,0.56,"2026-02-16",444,"N20","nominal","2.0NRT",281.62,4.48,"D"
"18201",40.50846,111.30187,350.74,0.35,0.57,"2026-02-16",444,"N20","nominal","2.0NRT",281.43,4.21,"D"
"18202",40.67973,111.94132,330.15,0.32,0.55,"2026-02-16",444,"N20","nominal","2.0NRT",286.83,1.8,"D"
"18203",40.60207,111.61871,329.41,0.33,0.55,"2026-02-16",444,"N20","nominal","2.0NRT",282.87,2.23,"D"
"18204",40.55876,111.45198,336.83,0.34,0.56,"2026-02-16",444,"N20","nominal","2.0NRT",280.95,5.21,"D"
"18205",40.55776,111.44816,345.98,0.34,0.56,"2026-02-16",444,"N20","nominal","2.0NRT",279.17,4.3,"D"
"18206",40.53447,111.33797,332.12,0.35,0.56,"2026-02-16",444,"N20","nominal","2.0NRT",282.92,1.41,"D"
"18207",40.53041,111.32243,332.7,0.35,0.56,"2026-02-16",444,"N20","nominal","2.0NRT",281.63,2.55,"D"
"18208",42.26563,119.14238,334.53,0.43,0.38,"2026-02-16",444,"N20","nominal","2.0NRT",288.21,3.69,"D"
"18209",40.53228,111.3085,346.65,0.35,0.56,"2026-02-16",444,"N20","nominal","2.0NRT",283.7,5.84,"D"
"18210",40.52103,111.26553,326.4,0.35,0.57,"2026-02-16",444,"N20","nominal","2.0NRT",278.42,1.18,"D"
"18211",40.41394,110.86018,329.74,0.37,0.58,"2026-02-16",444,"N20","nominal","2.0NRT",275.64,1.91,"D"
"18212",41.03073,113.27345,326.47,0.54,0.51,"2026-02-16",444,"N20","nominal","2.0NRT",284.73,2.89,"D"
"18213",40.54736,111.34514,326.3,0.34,0.56,"2026-02-16",444,"N20","nominal","2.0NRT",283.42,3.96,"D"
"18214",40.5311,111.28286,325.17,0.35,0.57,"2026-02-16",444,"N20","nominal","2.0NRT",281.58,1.38,"D"
"18215",40.52393,111.25545,326.1,0.35,0.57,"2026-02-16",444,"N20","nominal","2.0NRT",281.61,2.2,"D"
"18216",40.56736,111.40087,327.94,0.34,0.56,"2026-02-16",444,"N20","nominal","2.0NRT",280.96,2.06,"D"
"18217",40.5543,111.35065,343.06,0.34,0.56,"2026-02-16",444,"N20","nominal","2.0NRT",282.49,4.82,"D"
"18218",40.53435,111.30802,345.73,0.35,0.56,"2026-02-16",444,"N20","nominal","2.0NRT",280.59,5.36,"D"
"18219",40.52287,111.26521,327,0.35,0.57,"2026-02-16",444,"N20","nominal","2.0NRT",281.65,2.01,"D"
"18220",40.41245,110.85723,325.08,0.37,0.58,"2026-02-16",444,"N20","nominal","2.0NRT",276.9,2.56,"D"
"18221",40.54964,111.34453,327.08,0.34,0.56,"2026-02-16",444,"N20","nominal","2.0NRT",281.85,4.85,"D"
"18222",40.50992,111.19633,327.25,0.35,0.57,"2026-02-16",444,"N20","nominal","2.0NRT",279.7,1.97,"D"
"18223",40.55662,111.35003,348.53,0.34,0.56,"2026-02-16",444,"N20","nominal","2.0NRT",281.91,4.97,"D"
"18224",40.55043,111.32683,329.94,0.35,0.56,"2026-02-16",444,"N20","nominal","2.0NRT",280.87,1.33,"D"
"18225",40.5317,111.25683,326.56,0.35,0.57,"2026-02-16",444,"N20","nominal","2.0NRT",280.25,2.22,"D"
"18226",40.49039,111.10308,352.69,0.36,0.57,"2026-02-16",444,"N20","nominal","2.0NRT",277.87,7.39,"D"
"18227",40.56668,111.3671,343.55,0.34,0.56,"2026-02-16",444,"N20","nominal","2.0NRT",281.45,3.46,"D"
"18228",40.50393,111.13258,329.87,0.35,0.57,"2026-02-16",444,"N20","nominal","2.0NRT",282.63,2.4,"D"
"18229",40.58894,111.43016,338.7,0.34,0.56,"2026-02-16",444,"N20","nominal","2.0NRT",283.56,2.66,"D"
"18230",40.57569,111.38029,347.44,0.34,0.56,"2026-02-16",444,"N20","nominal","2.0NRT",279.52,6.81,"D"
"18231",40.57467,111.37643,355.14,0.34,0.56,"2026-02-16",444,"N20","nominal","2.0NRT",286.29,6.81,"D"
"18232",40.50571,111.11844,345.4,0.35,0.57,"2026-02-16",444,"N20","nominal","2.0NRT",280.5,3.52,"D"
"18233",40.50251,111.10651,332.82,0.36,0.57,"2026-02-16",444,"N20","nominal","2.0NRT",280.84,3.67,"D"
"18234",40.61695,111.51536,329.18,0.34,0.56,"2026-02-16",444,"N20","nominal","2.0NRT",284.09,1.42,"D"
"18235",40.59383,111.42793,337.42,0.34,0.56,"2026-02-16",444,"N20","nominal","2.0NRT",280.65,2.1,"D"
"18236",40.50856,111.1082,337.61,0.35,0.57,"2026-02-16",444,"N20","nominal","2.0NRT",282.37,3.72,"D"
"18237",40.59365,111.40657,327.14,0.34,0.56,"2026-02-16",444,"N20","nominal","2.0NRT",280.45,1.94,"D"
"18238",40.39008,110.62875,325.21,0.38,0.59,"2026-02-16",444,"N20","nominal","2.0NRT",280.34,1.59,"D"
"18239",40.54044,111.16481,339.51,0.35,0.57,"2026-02-16",444,"N20","nominal","2.0NRT",281.72,3.8,"D"
"18240",40.58079,111.2957,330.74,0.35,0.56,"2026-02-16",444,"N20","nominal","2.0NRT",283.63,1.65,"D"
"18241",40.56007,111.21765,331.82,0.35,0.57,"2026-02-16",444,"N20","nominal","2.0NRT",282.77,3.98,"D"
"18242",40.55666,111.18396,325.93,0.35,0.57,"2026-02-16",444,"N20","nominal","2.0NRT",281.49,1.34,"D"
"18243",40.41217,110.60426,351.78,0.38,0.59,"2026-02-16",444,"N20","nominal","2.0NRT",282.23,3.79,"D"
"18244",40.71528,111.72575,331.78,0.33,0.55,"2026-02-16",444,"N20","nominal","2.0NRT",285.13,5.16,"D"
"18245",40.71915,111.7199,341.86,0.33,0.55,"2026-02-16",444,"N20","nominal","2.0NRT",286.21,4.62,"D"
"18246",40.69219,111.61598,333.48,0.33,0.55,"2026-02-16",444,"N20","nominal","2.0NRT",284.41,3.17,"D"
"18247",40.68927,111.60477,326.17,0.33,0.55,"2026-02-16",444,"N20","nominal","2.0NRT",287.26,3.01,"D"
"18248",40.72205,111.71037,326.99,0.33,0.55,"2026-02-16",444,"N20","nominal","2.0NRT",285.25,1.75,"D"
"18249",40.59699,111.23157,325.96,0.35,0.57,"2026-02-16",444,"N20","nominal","2.0NRT",285.64,1.66,"D"
"18250",40.47488,110.7729,333.46,0.37,0.58,"2026-02-16",444,"N20","nominal","2.0NRT",281.22,2.22,"D"
"18251",40.4626,110.72726,325.99,0.37,0.58,"2026-02-16",444,"N20","nominal","2.0NRT",282.17,1.55,"D"
"18252",40.71058,111.62437,335.92,0.33,0.55,"2026-02-16",444,"N20","nominal","2.0NRT",285.45,1.79,"D"
"18253",40.4767,110.71604,332.09,0.37,0.58,"2026-02-16",444,"N20","nominal","2.0NRT",281.29,2.02,"D"
"18254",41.25847,113.8008,338.83,0.5,0.49,"2026-02-16",444,"N20","nominal","2.0NRT",285.65,11.09,"D"
"18255",40.68517,111.48457,326.03,0.34,0.56,"2026-02-16",444,"N20","nominal","2.0NRT",283.29,2.08,"D"
"18256",40.42262,110.49394,325.74,0.38,0.59,"2026-02-16",444,"N20","nominal","2.0NRT",282.3,1.39,"D"
"18257",40.45186,110.58103,331.34,0.38,0.59,"2026-02-16",444,"N20","nominal","2.0NRT",280.35,1.93,"D"
"18258",40.42659,110.48727,325.67,0.38,0.59,"2026-02-16",444,"N20","nominal","2.0NRT",279.64,1.39,"D"
"18259",40.80715,111.89637,336.3,0.32,0.54,"2026-02-16",444,"N20","nominal","2.0NRT",286.55,2.82,"D"
"18260",40.684,111.41703,331.28,0.34,0.56,"2026-02-16",444,"N20","nominal","2.0NRT",284.85,3.64,"D"
"18261",40.61094,111.13708,335.16,0.35,0.57,"2026-02-16",444,"N20","nominal","2.0NRT",283.03,3.52,"D"
"18262",41.17693,113.37601,328.98,0.53,0.5,"2026-02-16",444,"N20","nominal","2.0NRT",284.7,6.56,"D"
"18263",41.02055,112.70924,328.26,0.57,0.52,"2026-02-16",444,"N20","nominal","2.0NRT",285.16,3.15,"D"
"18264",40.59694,111.14056,338.17,0.35,0.57,"2026-02-16",444,"N20","nominal","2.0NRT",282.99,3.03,"D"
"18265",40.80363,111.89867,339.24,0.32,0.54,"2026-02-16",444,"N20","nominal","2.0NRT",286.32,4.17,"D"
"18266",40.46237,110.62595,331.53,0.38,0.58,"2026-02-16",444,"N20","nominal","2.0NRT",279.65,1.4,"D"
"18267",40.44962,110.57964,332.28,0.38,0.59,"2026-02-16",444,"N20","nominal","2.0NRT",284.24,2.56,"D"
"18268",40.68257,111.41895,344.79,0.34,0.56,"2026-02-16",444,"N20","nominal","2.0NRT",286.31,3.66,"D"
"18269",41.02171,112.70882,327.7,0.57,0.52,"2026-02-16",444,"N20","nominal","2.0NRT",283.84,3.94,"D"
"18270",40.61289,111.13777,335.9,0.35,0.57,"2026-02-16",444,"N20","nominal","2.0NRT",282.74,5.35,"D"
"18271",40.68831,111.39933,351.68,0.34,0.56,"2026-02-16",444,"N20","nominal","2.0NRT",284.42,4.11,"D"
"18272",40.82174,111.88656,355.73,0.32,0.54,"2026-02-16",444,"N20","nominal","2.0NRT",286.05,5.69,"D"
"18273",40.47929,110.6039,332.94,0.38,0.59,"2026-02-16",444,"N20","nominal","2.0NRT",281.29,2.09,"D"
"18274",40.46424,110.54903,329.96,0.38,0.59,"2026-02-16",444,"N20","nominal","2.0NRT",283.64,1.98,"D"
"18275",40.47284,110.55936,353.64,0.38,0.59,"2026-02-16",444,"N20","nominal","2.0NRT",285.3,6.37,"D"
"18276",40.61325,111.03522,327.82,0.36,0.57,"2026-02-16",444,"N20","nominal","2.0NRT",280.99,2.62,"D"
"18277",40.4898,110.53713,333.78,0.38,0.59,"2026-02-16",444,"N20","nominal","2.0NRT",282.56,2.24,"D"
"18278",40.66203,111.15526,332.56,0.35,0.57,"2026-02-16",444,"N20","nominal","2.0NRT",284.79,2.71,"D"
"18279",40.65994,111.14741,332.63,0.35,0.57,"2026-02-16",444,"N20","nominal","2.0NRT",284.94,5.12,"D"
"18280",40.6589,111.14348,329.98,0.35,0.57,"2026-02-16",444,"N20","nominal","2.0NRT",284.8,3.08,"D"
"18281",40.56351,110.76655,341.92,0.37,0.58,"2026-02-16",444,"N20","nominal","2.0NRT",282.8,2.66,"D"
"18282",40.50349,110.5451,340,0.38,0.59,"2026-02-16",444,"N20","nominal","2.0NRT",282.46,4.01,"D"
"18283",40.6709,111.14686,345.54,0.35,0.57,"2026-02-16",444,"N20","nominal","2.0NRT",284.54,3.94,"D"
"18284",40.56078,110.73537,326.23,0.37,0.58,"2026-02-16",444,"N20","nominal","2.0NRT",283.67,1.13,"D"
"18285",40.68104,111.16419,342.25,0.35,0.57,"2026-02-16",444,"N20","nominal","2.0NRT",281.5,5.67,"D"
"18286",40.68,111.16027,328.08,0.35,0.57,"2026-02-16",444,"N20","nominal","2.0NRT",284.03,5.75,"D"
"18287",40.48276,110.40545,330.72,0.39,0.59,"2026-02-16",444,"N20","nominal","2.0NRT",280.09,2.34,"D"
"18288",40.4879,110.40304,331.82,0.39,0.59,"2026-02-16",444,"N20","nominal","2.0NRT",279.99,3.52,"D"
"18289",40.5117,110.46931,325.12,0.38,0.59,"2026-02-16",444,"N20","nominal","2.0NRT",281.01,2.63,"D"
"18290",40.50753,110.43264,330.95,0.38,0.59,"2026-02-16",444,"N20","nominal","2.0NRT",284.14,4.99,"D"
"18291",40.50403,110.41975,327.5,0.38,0.59,"2026-02-16",444,"N20","nominal","2.0NRT",284.07,1.35,"D"
"18292",40.50286,110.41544,325.19,0.38,0.59,"2026-02-16",444,"N20","nominal","2.0NRT",283.55,1.35,"D"
"18293",40.48878,110.36366,335.77,0.39,0.59,"2026-02-16",444,"N20","nominal","2.0NRT",283.35,2.19,"D"
"18294",40.51197,110.40631,328.43,0.39,0.59,"2026-02-16",444,"N20","nominal","2.0NRT",282.81,3.05,"D"
"18295",40.5108,110.40201,336.95,0.39,0.59,"2026-02-16",444,"N20","nominal","2.0NRT",284.54,3.05,"D"
"18296",40.50378,110.37612,345.29,0.39,0.59,"2026-02-16",444,"N20","nominal","2.0NRT",284.97,5.12,"D"
"18297",40.51593,110.39959,338.57,0.39,0.59,"2026-02-16",444,"N20","nominal","2.0NRT",285.45,3.05,"D"
"18298",40.53086,110.412,327.69,0.38,0.59,"2026-02-16",444,"N20","nominal","2.0NRT",280.65,1.19,"D"
"18299",40.51795,110.43871,327.54,0.38,0.59,"2026-02-16",444,"N20","nominal","2.0NRT",281.35,2.51,"D"
"18300",40.50845,110.40446,355.12,0.38,0.59,"2026-02-16",444,"N20","nominal","2.0NRT",285.2,6.74,"D"
"18301",40.50128,110.37865,345.27,0.39,0.59,"2026-02-16",444,"N20","nominal","2.0NRT",282.05,3.5,"D"
"18302",40.43411,110.13818,325.35,0.4,0.6,"2026-02-16",444,"N20","nominal","2.0NRT",278.16,1.48,"D"
"18303",40.50163,110.35898,327.54,0.39,0.59,"2026-02-16",444,"N20","nominal","2.0NRT",284.39,1.64,"D"
"18304",40.51872,110.39964,335.37,0.38,0.59,"2026-02-16",444,"N20","nominal","2.0NRT",284.95,2.64,"D"
"18305",40.50695,110.27309,329.31,0.39,0.59,"2026-02-16",444,"N20","nominal","2.0NRT",283.53,2.56,"D"
"18306",43.54294,125.66182,331.19,0.44,0.38,"2026-02-16",444,"N20","nominal","2.0NRT",277.03,2.9,"D"
"18307",41.37878,113.52477,327.98,0.51,0.49,"2026-02-16",444,"N20","nominal","2.0NRT",284.71,3.81,"D"
"18308",43.4621,124.86958,339,0.42,0.38,"2026-02-16",444,"N20","nominal","2.0NRT",278.27,4.12,"D"
"18309",43.49413,123.74036,340.78,0.4,0.37,"2026-02-16",444,"N20","nominal","2.0NRT",283.33,10.2,"D"
"18310",43.7278,124.65456,331.03,0.42,0.37,"2026-02-16",444,"N20","nominal","2.0NRT",281.67,7.83,"D"
"18311",43.79058,124.64979,337.33,0.42,0.37,"2026-02-16",444,"N20","nominal","2.0NRT",282.18,5.64,"D"
"18312",43.79399,124.64896,330.58,0.42,0.37,"2026-02-16",444,"N20","nominal","2.0NRT",278.93,5.64,"D"
"18313",43.79009,124.56528,327.66,0.41,0.37,"2026-02-16",444,"N20","nominal","2.0NRT",279.7,2.49,"D"
"18314",43.7891,124.56288,328.73,0.41,0.37,"2026-02-16",444,"N20","nominal","2.0NRT",280.67,2.76,"D"
"18315",43.80039,124.62357,328.41,0.42,0.37,"2026-02-16",444,"N20","nominal","2.0NRT",279.83,1.64,"D"
"18316",43.79351,124.488,327.94,0.41,0.37,"2026-02-16",444,"N20","nominal","2.0NRT",279.07,2.66,"D"
"18317",43.938,125.53427,335.65,0.44,0.38,"2026-02-16",444,"N20","nominal","2.0NRT",278.44,4.49,"D"
"18318",43.85654,124.73206,331.15,0.42,0.38,"2026-02-16",444,"N20","nominal","2.0NRT",280.81,2.8,"D"
"18319",43.86395,124.57069,330.89,0.41,0.37,"2026-02-16",444,"N20","nominal","2.0NRT",279.97,9.68,"D"
"18320",43.87685,124.5887,338.7,0.41,0.37,"2026-02-16",444,"N20","nominal","2.0NRT",279.19,7.63,"D"
"18321",43.87618,124.58356,339.47,0.41,0.37,"2026-02-16",444,"N20","nominal","2.0NRT",284.72,7.63,"D"
"18322",43.76648,123.57545,338.09,0.4,0.37,"2026-02-16",444,"N20","nominal","2.0NRT",283.78,9.14,"D"
"18323",43.90257,124.57494,340.6,0.41,0.37,"2026-02-16",444,"N20","nominal","2.0NRT",281.16,6.8,"D"
"18324",44.39116,129.1348,328.15,0.41,0.45,"2026-02-16",444,"N20","nominal","2.0NRT",281.43,2.07,"D"
"18325",43.90413,124.5322,327.51,0.41,0.37,"2026-02-16",444,"N20","nominal","2.0NRT",278.69,2.07,"D"
"18326",43.90753,124.53137,326.78,0.41,0.37,"2026-02-16",444,"N20","nominal","2.0NRT",277.95,2.24,"D"
"18327",43.91291,124.54592,330.56,0.41,0.37,"2026-02-16",444,"N20","nominal","2.0NRT",278.27,2.02,"D"
"18328",43.72587,122.6872,326.55,0.39,0.36,"2026-02-16",444,"N20","nominal","2.0NRT",282.38,1.82,"D"
"18329",44.69813,131.75743,335.2,0.55,0.51,"2026-02-16",444,"N20","nominal","2.0NRT",274.56,3.46,"D"
"18330",44.70619,131.80617,337.55,0.56,0.51,"2026-02-16",444,"N20","nominal","2.0NRT",273.88,22.32,"D"
"18331",44.70574,131.79953,344.4,0.56,0.51,"2026-02-16",444,"N20","nominal","2.0NRT",275.87,22.32,"D"
"18332",44.70242,131.75012,330.23,0.55,0.51,"2026-02-16",444,"N20","nominal","2.0NRT",274.8,10.31,"D"
"18333",40.97496,109.55634,329.23,0.41,0.61,"2026-02-16",444,"N20","nominal","2.0NRT",282.44,3.29,"D"
"18334",44.7105,131.79912,326.57,0.56,0.51,"2026-02-16",444,"N20","nominal","2.0NRT",275.44,8.33,"D"
"18335",44.71003,131.79205,353.19,0.56,0.51,"2026-02-16",444,"N20","nominal","2.0NRT",282.02,10.01,"D"
"18336",44.71476,131.79126,333.84,0.56,0.51,"2026-02-16",444,"N20","nominal","2.0NRT",278.42,10.01,"D"
"18337",44.71428,131.78421,342.21,0.56,0.51,"2026-02-16",444,"N20","nominal","2.0NRT",280.99,10.01,"D"
"18338",44.71289,131.7636,337.77,0.55,0.51,"2026-02-16",444,"N20","nominal","2.0NRT",276.46,17.52,"D"
"18339",44.7124,131.75639,331.24,0.55,0.51,"2026-02-16",444,"N20","nominal","2.0NRT",284.85,17.52,"D"
"18340",44.6987,131.75633,337.44,0.55,0.51,"2026-02-16",444,"N20","nominal","2.0NRT",274.6,6.06,"D"
"18341",44.7065,131.80519,338.16,0.56,0.51,"2026-02-16",444,"N20","nominal","2.0NRT",275.23,7.58,"D"
"18342",44.70609,131.79849,346.35,0.56,0.51,"2026-02-16",444,"N20","nominal","2.0NRT",278.62,104.11,"D"
"18343",44.70303,131.74905,328.57,0.55,0.51,"2026-02-16",444,"N20","nominal","2.0NRT",273.55,6.06,"D"
"18344",44.7104,131.79091,341.03,0.56,0.51,"2026-02-16",444,"N20","nominal","2.0NRT",280.28,7.36,"D"
"18345",44.50809,129.05934,354.97,0.41,0.45,"2026-02-16",444,"N20","nominal","2.0NRT",282.47,6.69,"D"
"18346",44.71513,131.79002,331.72,0.56,0.51,"2026-02-16",444,"N20","nominal","2.0NRT",276.86,7.36,"D"
"18347",44.7147,131.78311,339.81,0.56,0.51,"2026-02-16",444,"N20","nominal","2.0NRT",278.94,9.85,"D"
"18348",44.71342,131.76245,337.2,0.55,0.51,"2026-02-16",444,"N20","nominal","2.0NRT",276.69,18.46,"D"
"18349",44.71297,131.75519,329.72,0.55,0.51,"2026-02-16",444,"N20","nominal","2.0NRT",281.03,22.06,"D"
"18350",40.97515,109.55856,330.34,0.41,0.61,"2026-02-16",444,"N20","nominal","2.0NRT",279.92,2.3,"D"
"18351",44.05563,124.70551,336.94,0.42,0.38,"2026-02-16",444,"N20","nominal","2.0NRT",278.2,4.49,"D"
"18352",41.43705,110.86899,346.16,0.34,0.56,"2026-02-16",444,"N20","nominal","2.0NRT",285.24,4.15,"D"
"18353",44.24339,125.4685,330.22,0.44,0.38,"2026-02-16",444,"N20","nominal","2.0NRT",277.26,3.71,"D"
"18354",41.43452,110.86958,341.47,0.34,0.56,"2026-02-16",444,"N20","nominal","2.0NRT",283.91,3.41,"D"
"18355",44.26383,125.45798,345.73,0.44,0.38,"2026-02-16",444,"N20","nominal","2.0NRT",283.51,13.47,"D"
"18356",44.21089,124.74018,343.87,0.42,0.38,"2026-02-16",444,"N20","nominal","2.0NRT",278.97,5.15,"D"
"18357",44.19179,124.45509,329.78,0.41,0.37,"2026-02-16",446,"N20","nominal","2.0NRT",279.78,2.43,"D"
"18358",44.32753,125.50589,327.07,0.44,0.39,"2026-02-16",446,"N20","nominal","2.0NRT",277.29,2.05,"D"
"18359",44.2046,124.52649,341.72,0.42,0.37,"2026-02-16",446,"N20","nominal","2.0NRT",278.24,6.3,"D"
"18360",44.20192,124.50582,353.71,0.42,0.37,"2026-02-16",446,"N20","nominal","2.0NRT",281.46,6.44,"D"
"18361",44.19385,124.44394,332.29,0.41,0.37,"2026-02-16",446,"N20","nominal","2.0NRT",282.07,3.96,"D"
"18362",44.32837,125.48291,334.1,0.44,0.39,"2026-02-16",446,"N20","nominal","2.0NRT",276.73,3.07,"D"
"18363",44.2047,124.47318,328.87,0.41,0.37,"2026-02-16",446,"N20","nominal","2.0NRT",276.94,2.4,"D"
"18364",44.20811,124.47231,337.84,0.41,0.37,"2026-02-16",446,"N20","nominal","2.0NRT",278.38,3.55,"D"
"18365",44.21152,124.47147,342.34,0.41,0.37,"2026-02-16",446,"N20","nominal","2.0NRT",279.98,3.55,"D"
"18366",44.21085,124.46631,327.69,0.41,0.37,"2026-02-16",446,"N20","nominal","2.0NRT",279.56,3.55,"D"
"18367",44.21106,124.47424,338.19,0.41,0.37,"2026-02-16",446,"N20","nominal","2.0NRT",278.13,4.22,"D"
"18368",44.2104,124.46908,343.09,0.41,0.37,"2026-02-16",446,"N20","nominal","2.0NRT",279.91,4.22,"D"
"18369",44.22262,124.48206,341.7,0.42,0.37,"2026-02-16",446,"N20","nominal","2.0NRT",285.62,16.55,"D"
"18370",44.33606,125.37095,340.53,0.44,0.38,"2026-02-16",446,"N20","nominal","2.0NRT",276.89,3.69,"D"
"18371",44.22745,124.46483,325.63,0.41,0.37,"2026-02-16",446,"N20","nominal","2.0NRT",277.11,1.19,"D"
"18372",44.22679,124.45966,337.17,0.41,0.37,"2026-02-16",446,"N20","nominal","2.0NRT",280.24,4.7,"D"
"18373",44.24432,124.51409,338.7,0.42,0.37,"2026-02-16",446,"N20","nominal","2.0NRT",278.32,3.31,"D"
"18374",44.27654,124.46336,336.47,0.42,0.37,"2026-02-16",446,"N20","nominal","2.0NRT",279.16,8.41,"D"
"18375",44.47456,125.95847,329.11,0.46,0.39,"2026-02-16",446,"N20","nominal","2.0NRT",276.16,6.85,"D"
"18376",44.47231,125.87622,328.97,0.46,0.39,"2026-02-16",446,"N20","nominal","2.0NRT",276.44,2.69,"D"
"18377",44.2923,124.42207,339.17,0.41,0.37,"2026-02-16",446,"N20","nominal","2.0NRT",278.56,4.62,"D"
"18378",44.29844,124.41521,343.8,0.41,0.37,"2026-02-16",446,"N20","nominal","2.0NRT",280.22,7.48,"D"
"18379",44.30656,124.45055,328.19,0.41,0.37,"2026-02-16",446,"N20","nominal","2.0NRT",276.37,5.38,"D"
"18380",44.30589,124.44537,344.15,0.41,0.37,"2026-02-16",446,"N20","nominal","2.0NRT",283.17,5.38,"D"
"18381",44.5051,125.8615,334.22,0.46,0.39,"2026-02-16",446,"N20","nominal","2.0NRT",276.13,2.82,"D"
"18382",44.90502,129.89217,338.02,0.45,0.47,"2026-02-16",446,"N20","nominal","2.0NRT",278.11,6.25,"D"
"18383",44.53905,125.90108,339.91,0.46,0.39,"2026-02-16",446,"N20","nominal","2.0NRT",284.87,17,"D"
"18384",44.53838,125.89528,344.98,0.46,0.39,"2026-02-16",446,"N20","nominal","2.0NRT",279.98,17,"D"
"18385",44.3943,124.67429,343.94,0.42,0.38,"2026-02-16",446,"N20","nominal","2.0NRT",283.46,14.07,"D"
"18386",44.35228,124.34641,345.42,0.41,0.37,"2026-02-16",446,"N20","nominal","2.0NRT",280.7,7.03,"D"
"18387",44.55916,125.97977,327.29,0.46,0.39,"2026-02-16",446,"N20","nominal","2.0NRT",276.8,2.91,"D"
"18388",44.56419,125.80133,326.52,0.46,0.39,"2026-02-16",446,"N20","nominal","2.0NRT",278,2.45,"D"
"18389",44.57178,125.83479,350.69,0.46,0.39,"2026-02-16",446,"N20","nominal","2.0NRT",278.57,7.88,"D"
"18390",44.57356,125.78747,345.71,0.46,0.39,"2026-02-16",446,"N20","nominal","2.0NRT",281.61,12.77,"D"
"18391",44.57781,125.79239,326.32,0.46,0.39,"2026-02-16",446,"N20","nominal","2.0NRT",275.67,4.48,"D"
"18392",44.58205,125.7973,346.01,0.46,0.39,"2026-02-16",446,"N20","nominal","2.0NRT",278.16,6.52,"D"
"18393",44.59527,125.84707,329.51,0.46,0.39,"2026-02-16",446,"N20","nominal","2.0NRT",275.2,3.34,"D"
"18394",44.59264,125.84557,343.54,0.46,0.39,"2026-02-16",446,"N20","nominal","2.0NRT",277.39,4.78,"D"
"18395",44.62101,125.86869,343.82,0.46,0.39,"2026-02-16",446,"N20","nominal","2.0NRT",277.89,6.4,"D"
"18396",44.63562,125.83588,343.1,0.46,0.39,"2026-02-16",446,"N20","nominal","2.0NRT",278.59,5.43,"D"
"18397",44.64996,125.83274,326.77,0.46,0.39,"2026-02-16",446,"N20","nominal","2.0NRT",274.75,2.28,"D"
"18398",41.05776,108.01612,333.39,0.49,0.65,"2026-02-16",446,"N20","nominal","2.0NRT",281.34,3.57,"D"
"18399",44.68512,125.91377,336.26,0.46,0.39,"2026-02-16",446,"N20","nominal","2.0NRT",276.51,5.69,"D"
"18400",44.66764,125.76403,332.95,0.46,0.39,"2026-02-16",446,"N20","nominal","2.0NRT",279.41,4.02,"D"
"18401",44.6372,125.26811,329.68,0.44,0.38,"2026-02-16",446,"N20","nominal","2.0NRT",279.03,2.35,"D"
"18402",44.63688,125.26646,326.02,0.44,0.38,"2026-02-16",446,"N20","nominal","2.0NRT",278.32,2.44,"D"
"18403",44.71888,125.84518,331.96,0.46,0.39,"2026-02-16",446,"N20","nominal","2.0NRT",278.37,6.8,"D"
"18404",44.72842,125.89668,326.01,0.46,0.39,"2026-02-16",446,"N20","nominal","2.0NRT",274.37,2.1,"D"
"18405",44.70542,125.50854,338,0.45,0.39,"2026-02-16",446,"N20","nominal","2.0NRT",279.83,6.98,"D"
"18406",44.74891,125.85043,338.89,0.46,0.39,"2026-02-16",446,"N20","nominal","2.0NRT",278.65,4.13,"D"
"18407",44.75251,125.84968,326.67,0.46,0.39,"2026-02-16",446,"N20","nominal","2.0NRT",275.24,1.85,"D"
"18408",44.67764,125.12646,329.31,0.44,0.38,"2026-02-16",446,"N20","nominal","2.0NRT",278.04,2.91,"D"
"18409",44.74266,125.54628,343.74,0.45,0.39,"2026-02-16",446,"N20","nominal","2.0NRT",278.41,9.07,"D"
"18410",40.8858,106.97643,334.57,0.55,0.68,"2026-02-16",446,"N20","nominal","2.0NRT",280.18,3.84,"D"
"18411",40.88477,106.97923,333.15,0.55,0.68,"2026-02-16",446,"N20","nominal","2.0NRT",279.99,3.11,"D"
"18412",41.11113,107.27689,330.22,0.53,0.67,"2026-02-16",446,"N20","nominal","2.0NRT",281.34,2.24,"D"
"18413",41.11179,107.27657,330.54,0.53,0.67,"2026-02-16",446,"N20","nominal","2.0NRT",280.73,2.31,"D"
"18414",45.37177,125.23476,329.42,0.45,0.39,"2026-02-16",446,"N20","nominal","2.0NRT",270.72,3.61,"D"
"18415",44.89468,120.24597,336.78,0.39,0.36,"2026-02-16",446,"N20","nominal","2.0NRT",278.22,3.85,"D"
"18416",45.47707,123.43022,325.97,0.4,0.37,"2026-02-16",446,"N20","nominal","2.0NRT",278.06,2.22,"D"
"18417",45.59134,122.56874,329.56,0.39,0.36,"2026-02-16",446,"N20","nominal","2.0NRT",284.3,8.23,"D"
"18418",45.59423,122.5162,331.2,0.39,0.36,"2026-02-16",446,"N20","nominal","2.0NRT",277.92,4.8,"D"
"18419",45.42519,121.30012,340.86,0.38,0.36,"2026-02-16",446,"N20","nominal","2.0NRT",278.99,5.3,"D"
"18420",45.60723,122.48663,328.4,0.39,0.36,"2026-02-16",446,"N20","nominal","2.0NRT",279.48,2.63,"D"
"18421",45.61854,122.49371,340.25,0.39,0.36,"2026-02-16",446,"N20","nominal","2.0NRT",279.71,4.28,"D"
"18422",45.66779,122.24447,337.4,0.39,0.36,"2026-02-16",446,"N20","nominal","2.0NRT",291.85,21.35,"D"
"18423",45.83798,122.45624,325.45,0.39,0.36,"2026-02-16",446,"N20","nominal","2.0NRT",278.32,1.46,"D"
"18424",45.9437,122.19347,336.24,0.39,0.36,"2026-02-16",446,"N20","nominal","2.0NRT",277.25,3.98,"D"
"18425",46.02057,122.18401,352.13,0.39,0.36,"2026-02-16",446,"N20","nominal","2.0NRT",283.52,6.06,"D"
"18426",46.26287,121.74038,334.99,0.39,0.36,"2026-02-16",446,"N20","nominal","2.0NRT",272.26,5.59,"D"
"18427",46.633,123.40063,327.97,0.41,0.37,"2026-02-16",446,"N20","nominal","2.0NRT",280.75,1.66,"D"
"18428",46.53759,122.51474,345.65,0.39,0.37,"2026-02-16",446,"N20","nominal","2.0NRT",286.61,11.61,"D"
"18429",46.75633,123.22115,329.54,0.41,0.37,"2026-02-16",446,"N20","nominal","2.0NRT",281.88,4.74,"D"
"18430",46.83342,122.13114,328.42,0.39,0.36,"2026-02-16",446,"N20","nominal","2.0NRT",277.07,3.38,"D"
"18431",47.61321,122.23292,325.36,0.4,0.37,"2026-02-16",446,"N20","nominal","2.0NRT",269.13,3.03,"D"
"18432",47.83731,122.36583,330.04,0.4,0.37,"2026-02-16",446,"N20","nominal","2.0NRT",277.14,3.45,"D"
"18433",48.04955,122.32565,328.92,0.4,0.37,"2026-02-16",446,"N20","nominal","2.0NRT",272.92,4.1,"D"
"18434",9.47909,118.47373,327.68,0.65,0.73,"2026-02-16",436,"N20","nominal","2.0NRT",290.19,2.93,"D"
"18435",10.39946,123.23925,340.53,0.6,0.53,"2026-02-16",436,"N20","nominal","2.0NRT",294.82,7.87,"D"
"18436",10.92369,122.26357,338.06,0.34,0.56,"2026-02-16",436,"N20","nominal","2.0NRT",279.85,4.15,"D"
"18437",17.82067,120.70896,328.64,0.32,0.55,"2026-02-16",438,"N20","nominal","2.0NRT",287.17,2.97,"D"
"18438",22.93318,120.21222,341.4,0.55,0.51,"2026-02-16",440,"N20","nominal","2.0NRT",300.73,8.55,"D"
"18439",23.54551,120.45476,338.97,0.52,0.5,"2026-02-16",440,"N20","nominal","2.0NRT",299.47,4.25,"D"
"18440",24.07506,120.56902,331.74,0.5,0.49,"2026-02-16",440,"N20","nominal","2.0NRT",297.2,1.45,"D"
"18441",24.0457,115.83409,367,0.49,0.65,"2026-02-16",440,"N20","high","2.0NRT",296.52,11.82,"D"
"18442",24.05147,115.83219,329.96,0.49,0.65,"2026-02-16",440,"N20","nominal","2.0NRT",294.53,11.82,"D"
"18443",24.03162,115.69757,331.45,0.5,0.66,"2026-02-16",440,"N20","nominal","2.0NRT",292.61,14.16,"D"
"18444",24.03046,115.69271,352.51,0.5,0.66,"2026-02-16",440,"N20","nominal","2.0NRT",296.8,14.16,"D"
"18445",24.1209,115.75753,326.09,0.49,0.65,"2026-02-16",440,"N20","nominal","2.0NRT",293.26,1.66,"D"
"18446",24.12451,115.75852,333.25,0.49,0.65,"2026-02-16",440,"N20","nominal","2.0NRT",294.11,2.56,"D"
"18447",24.40813,115.12364,367,0.53,0.67,"2026-02-16",440,"N20","high","2.0NRT",294.53,14.25,"D"
"18448",24.40815,115.12357,367,0.53,0.67,"2026-02-16",440,"N20","high","2.0NRT",294.67,15.23,"D"
"18449",25.16015,116.43987,329.24,0.42,0.61,"2026-02-16",440,"N20","nominal","2.0NRT",290.11,2.42,"D"
"18450",25.04758,113.33839,334.82,0.66,0.73,"2026-02-16",440,"N20","nominal","2.0NRT",285.96,9.23,"D"
"18451",25.04626,113.33323,345.32,0.66,0.73,"2026-02-16",440,"N20","nominal","2.0NRT",286.19,9.23,"D"
"18452",9.2005,123.10965,329.95,0.32,0.55,"2026-02-16",436,"N20","nominal","2.0NRT",297.46,1.39,"D"
"18453",9.52378,123.12999,328.84,0.63,0.54,"2026-02-16",436,"N20","nominal","2.0NRT",297.72,4.5,"D"
"18454",9.58631,122.81419,332.36,0.33,0.55,"2026-02-16",436,"N20","nominal","2.0NRT",285.55,1.62,"D"
"18455",9.28605,118.2988,346.61,0.68,0.74,"2026-02-16",436,"N20","nominal","2.0NRT",290.64,7.93,"D"
"18456",9.2884,118.29704,352.99,0.68,0.74,"2026-02-16",436,"N20","nominal","2.0NRT",291.58,14.72,"D"
"18457",9.45062,118.45578,334.73,0.66,0.73,"2026-02-16",436,"N20","nominal","2.0NRT",289.66,6.49,"D"
"18458",12.81166,106.78134,332.29,0.4,0.37,"2026-02-16",618,"N20","low","2.0NRT",304.15,4.08,"D"
"18459",10.37982,108.36069,332.2,0.44,0.38,"2026-02-16",616,"N20","nominal","2.0NRT",292.81,5.74,"D"
"18460",10.39097,107.23985,337.09,0.4,0.37,"2026-02-16",616,"N20","nominal","2.0NRT",301.54,5.93,"D"
"18461",10.49206,107.40887,337.13,0.41,0.37,"2026-02-16",616,"N20","nominal","2.0NRT",299.57,4.43,"D"
"18462",10.57953,106.63264,334.42,0.39,0.36,"2026-02-16",616,"N20","nominal","2.0NRT",301.68,1.26,"D"
"18463",10.81205,107.87357,335.96,0.42,0.38,"2026-02-16",616,"N20","nominal","2.0NRT",300.96,3.04,"D"
"18464",10.366,104.74017,333.92,0.39,0.36,"2026-02-16",616,"N20","nominal","2.0NRT",298.5,2.71,"D"
"18465",10.85888,108.0013,336.05,0.43,0.38,"2026-02-16",616,"N20","nominal","2.0NRT",301.43,24.29,"D"
"18466",10.85831,107.99738,336.83,0.43,0.38,"2026-02-16",616,"N20","nominal","2.0NRT",308.94,24.29,"D"
"18467",10.66309,106.67009,340.98,0.39,0.36,"2026-02-16",616,"N20","low","2.0NRT",315.36,13.51,"D"
"18468",10.85712,107.84332,333.54,0.42,0.38,"2026-02-16",616,"N20","nominal","2.0NRT",299.76,2.83,"D"
"18469",10.90169,108.05092,331.87,0.43,0.38,"2026-02-16",616,"N20","low","2.0NRT",302.24,2.28,"D"
"18470",10.91427,107.80701,340.15,0.42,0.38,"2026-02-16",616,"N20","nominal","2.0NRT",299.64,4.24,"D"
"18471",10.95339,107.80909,344.3,0.42,0.38,"2026-02-16",616,"N20","nominal","2.0NRT",299.31,5.87,"D"
"18472",10.95405,107.78944,332.4,0.42,0.38,"2026-02-16",616,"N20","nominal","2.0NRT",298.32,1.92,"D"
"18473",10.83352,106.94846,345.27,0.4,0.37,"2026-02-16",616,"N20","nominal","2.0NRT",304.39,5.86,"D"
"18474",10.96264,107.7999,333.49,0.42,0.38,"2026-02-16",616,"N20","nominal","2.0NRT",299.39,9.34,"D"
"18475",10.83688,106.94795,356.07,0.4,0.37,"2026-02-16",616,"N20","nominal","2.0NRT",305.21,12.02,"D"
"18476",10.96553,107.79554,345.75,0.42,0.38,"2026-02-16",616,"N20","nominal","2.0NRT",301.41,13.91,"D"
"18477",11.06089,108.07227,330.82,0.43,0.38,"2026-02-16",616,"N20","low","2.0NRT",301.17,3.38,"D"
"18478",10.58949,104.86725,338.14,0.39,0.36,"2026-02-16",616,"N20","nominal","2.0NRT",293.26,2.47,"D"
"18479",10.89313,106.52863,330.02,0.39,0.36,"2026-02-16",616,"N20","low","2.0NRT",303.2,5.3,"D"
"18480",11.28919,108.63235,331.52,0.46,0.39,"2026-02-16",616,"N20","nominal","2.0NRT",297.33,4.25,"D"
"18481",11.29401,108.51326,339.34,0.45,0.39,"2026-02-16",616,"N20","nominal","2.0NRT",303.11,4.36,"D"
"18482",11.0993,107.18407,332.23,0.4,0.37,"2026-02-16",616,"N20","nominal","2.0NRT",299.87,1.19,"D"
"18483",11.30409,108.50729,334.94,0.45,0.39,"2026-02-16",616,"N20","nominal","2.0NRT",299.95,2.58,"D"
"18484",10.6163,103.58811,340.84,0.42,0.37,"2026-02-16",616,"N20","nominal","2.0NRT",300.33,6.27,"D"
"18485",11.01571,106.14746,336,0.39,0.36,"2026-02-16",616,"N20","nominal","2.0NRT",303.93,1.4,"D"
"18486",11.01902,106.14695,332.51,0.39,0.36,"2026-02-16",616,"N20","low","2.0NRT",305.54,1.4,"D"
"18487",10.66676,103.8181,334.48,0.41,0.37,"2026-02-16",616,"N20","nominal","2.0NRT",298.18,2.5,"D"
"18488",11.11225,106.63316,337.18,0.39,0.36,"2026-02-16",618,"N20","nominal","2.0NRT",306.17,2.72,"D"
"18489",10.78403,104.30212,347.77,0.4,0.37,"2026-02-16",618,"N20","nominal","2.0NRT",297.98,9.85,"D"
"18490",11.05891,105.84885,336.27,0.38,0.36,"2026-02-16",618,"N20","nominal","2.0NRT",301.79,2.77,"D"
"18491",10.84199,104.41708,334.47,0.39,0.37,"2026-02-16",618,"N20","nominal","2.0NRT",300.59,2.74,"D"
"18492",11.15176,106.33108,337.61,0.39,0.36,"2026-02-16",618,"N20","low","2.0NRT",308.96,5.05,"D"
"18493",10.95381,104.50179,334.62,0.39,0.36,"2026-02-16",618,"N20","nominal","2.0NRT",295.88,2.65,"D"
"18494",11.32199,106.35851,335.05,0.39,0.36,"2026-02-16",618,"N20","nominal","2.0NRT",300.94,4.8,"D"
"18495",11.04741,104.38383,331.83,0.39,0.37,"2026-02-16",618,"N20","nominal","2.0NRT",294.59,2.27,"D"
"18496",11.42804,106.68238,347.33,0.4,0.37,"2026-02-16",618,"N20","nominal","2.0NRT",305.38,5.92,"D"
"18497",11.32347,105.78168,332.77,0.38,0.36,"2026-02-16",618,"N20","nominal","2.0NRT",299.84,2.58,"D"
"18498",11.17145,104.65576,337.65,0.39,0.36,"2026-02-16",618,"N20","nominal","2.0NRT",299.09,4.22,"D"
"18499",11.13355,104.41373,331.5,0.39,0.36,"2026-02-16",618,"N20","nominal","2.0NRT",299.54,1.97,"D"
"18500",11.18364,104.58109,337.18,0.39,0.36,"2026-02-16",618,"N20","nominal","2.0NRT",300.55,2.8,"D"
"18501",11.29389,104.83186,345.85,0.39,0.36,"2026-02-16",618,"N20","nominal","2.0NRT",299.58,4.45,"D"
"18502",11.52048,106.1424,337.51,0.39,0.36,"2026-02-16",618,"N20","low","2.0NRT",308.08,4.61,"D"
"18503",11.46792,105.74755,331.25,0.38,0.36,"2026-02-16",618,"N20","nominal","2.0NRT",297.52,1.49,"D"
"18504",11.49016,105.6043,340.75,0.38,0.36,"2026-02-16",618,"N20","nominal","2.0NRT",301.72,8,"D"
"18505",11.37509,104.52375,336.96,0.39,0.36,"2026-02-16",618,"N20","nominal","2.0NRT",299.35,3.76,"D"
"18506",11.41665,104.50612,343.7,0.39,0.36,"2026-02-16",618,"N20","nominal","2.0NRT",302.19,6.46,"D"
"18507",11.4161,104.50256,347.48,0.39,0.36,"2026-02-16",618,"N20","nominal","2.0NRT",299.47,6.46,"D"
"18508",11.41555,104.499,333.38,0.39,0.36,"2026-02-16",618,"N20","nominal","2.0NRT",298.1,8.43,"D"
"18509",11.41943,104.50202,350.01,0.39,0.36,"2026-02-16",618,"N20","nominal","2.0NRT",297.75,6.46,"D"
"18510",11.6062,105.67489,335.45,0.38,0.36,"2026-02-16",618,"N20","nominal","2.0NRT",305.08,4.77,"D"
"18511",11.99816,108.16338,348.75,0.45,0.39,"2026-02-16",618,"N20","nominal","2.0NRT",298.66,16.72,"D"
"18512",12.00174,108.16309,352.86,0.45,0.39,"2026-02-16",618,"N20","nominal","2.0NRT",298.05,16.72,"D"
"18513",11.41898,104.11187,330.49,0.4,0.37,"2026-02-16",618,"N20","nominal","2.0NRT",294,4.45,"D"
"18514",11.98903,107.89535,334.18,0.43,0.38,"2026-02-16",618,"N20","nominal","2.0NRT",303.03,4.22,"D"
"18515",11.40445,103.97658,333.55,0.4,0.37,"2026-02-16",618,"N20","nominal","2.0NRT",291.38,4.55,"D"
"18516",11.40839,103.97968,339.96,0.4,0.37,"2026-02-16",618,"N20","nominal","2.0NRT",292.34,4.53,"D"
"18517",11.66607,105.53223,332.25,0.38,0.36,"2026-02-16",618,"N20","nominal","2.0NRT",301.29,3.73,"D"
"18518",11.46615,104.21519,336.61,0.4,0.37,"2026-02-16",618,"N20","nominal","2.0NRT",300.47,3.79,"D"
"18519",11.66044,105.45068,335.62,0.38,0.36,"2026-02-16",618,"N20","nominal","2.0NRT",297.45,5.06,"D"
"18520",11.46662,104.17447,342.79,0.4,0.37,"2026-02-16",618,"N20","nominal","2.0NRT",301.93,7.3,"D"
"18521",11.44449,104.03366,330.72,0.4,0.37,"2026-02-16",618,"N20","nominal","2.0NRT",288.81,2.91,"D"
"18522",11.46997,104.17393,355.38,0.4,0.37,"2026-02-16",618,"N20","nominal","2.0NRT",302.61,7.3,"D"
"18523",11.46487,104.14146,336.52,0.4,0.37,"2026-02-16",618,"N20","nominal","2.0NRT",296.72,7.14,"D"
"18524",11.55235,104.63667,336.12,0.39,0.36,"2026-02-16",618,"N20","nominal","2.0NRT",304.67,3.99,"D"
"18525",11.48441,104.13464,339.67,0.4,0.37,"2026-02-16",618,"N20","nominal","2.0NRT",300,3.75,"D"
"18526",11.58046,104.68658,336.88,0.39,0.36,"2026-02-16",618,"N20","nominal","2.0NRT",303.07,3.43,"D"
"18527",11.47795,103.98347,332.53,0.4,0.37,"2026-02-16",618,"N20","nominal","2.0NRT",292.97,4.19,"D"
"18528",11.48131,103.98293,367,0.4,0.37,"2026-02-16",618,"N20","high","2.0NRT",294.79,4.19,"D"
"18529",11.56196,104.32853,337.45,0.39,0.36,"2026-02-16",618,"N20","nominal","2.0NRT",303.61,4.69,"D"
"18530",11.54898,104.246,347.21,0.39,0.37,"2026-02-16",618,"N20","nominal","2.0NRT",303.98,6.18,"D"
"18531",12.12584,108.0969,332.96,0.44,0.39,"2026-02-16",618,"N20","nominal","2.0NRT",298.49,5.87,"D"
"18532",11.66743,104.87484,349.05,0.39,0.36,"2026-02-16",618,"N20","nominal","2.0NRT",303.84,7.77,"D"
"18533",11.66688,104.87132,355.74,0.39,0.36,"2026-02-16",618,"N20","nominal","2.0NRT",306.62,13.02,"D"
"18534",11.5645,104.214,336.63,0.4,0.37,"2026-02-16",618,"N20","nominal","2.0NRT",304.77,37.1,"D"
"18535",11.67073,104.87431,338.44,0.39,0.36,"2026-02-16",618,"N20","nominal","2.0NRT",300.26,3.45,"D"
"18536",11.67019,104.8708,343.19,0.39,0.36,"2026-02-16",618,"N20","nominal","2.0NRT",301.74,4.86,"D"
"18537",11.56785,104.21346,341.59,0.4,0.37,"2026-02-16",618,"N20","nominal","2.0NRT",303.24,18.54,"D"
"18538",11.57119,104.21292,348.32,0.4,0.37,"2026-02-16",618,"N20","nominal","2.0NRT",303.62,18.54,"D"
"18539",11.57062,104.20932,336.54,0.4,0.37,"2026-02-16",618,"N20","nominal","2.0NRT",303.85,5.81,"D"
"18540",11.57453,104.21238,351.96,0.4,0.37,"2026-02-16",618,"N20","nominal","2.0NRT",305.06,7.27,"D"
"18541",11.57397,104.20879,339.32,0.4,0.37,"2026-02-16",618,"N20","nominal","2.0NRT",304.91,14.45,"D"
"18542",11.5734,104.20518,345.32,0.4,0.37,"2026-02-16",618,"N20","nominal","2.0NRT",303.98,14.45,"D"
"18543",11.62479,104.51218,336.7,0.39,0.36,"2026-02-16",618,"N20","nominal","2.0NRT",297.69,2.43,"D"
"18544",11.57731,104.20825,351.32,0.4,0.37,"2026-02-16",618,"N20","nominal","2.0NRT",303.8,14.45,"D"
"18545",11.57675,104.20464,352.65,0.4,0.37,"2026-02-16",618,"N20","nominal","2.0NRT",309.37,14.45,"D"
"18546",11.60702,104.37628,335.38,0.39,0.36,"2026-02-16",618,"N20","nominal","2.0NRT",293.67,3.04,"D"
"18547",11.60646,104.37271,335.47,0.39,0.36,"2026-02-16",618,"N20","nominal","2.0NRT",292.9,4.42,"D"
"18548",11.61035,104.37574,333.53,0.39,0.36,"2026-02-16",618,"N20","nominal","2.0NRT",292.93,3.04,"D"
"18549",11.60979,104.37217,336.28,0.39,0.36,"2026-02-16",618,"N20","nominal","2.0NRT",293.26,4.42,"D"
"18550",11.83118,105.79334,337.95,0.39,0.36,"2026-02-16",618,"N20","nominal","2.0NRT",303.6,8.79,"D"
"18551",12.21074,108.08492,332.24,0.44,0.39,"2026-02-16",618,"N20","nominal","2.0NRT",299.14,3.6,"D"
"18552",12.1734,107.82765,333.52,0.43,0.38,"2026-02-16",618,"N20","low","2.0NRT",303.93,2.53,"D"
"18553",11.76423,105.0862,342.06,0.38,0.36,"2026-02-16",618,"N20","nominal","2.0NRT",299.56,8.55,"D"
"18554",12.17631,107.82315,336.91,0.43,0.38,"2026-02-16",618,"N20","nominal","2.0NRT",303.67,4,"D"
"18555",12.17806,107.81069,345.9,0.43,0.38,"2026-02-16",618,"N20","nominal","2.0NRT",302.23,9.28,"D"
"18556",12.17936,107.81065,341.47,0.43,0.38,"2026-02-16",618,"N20","nominal","2.0NRT",304.41,8.13,"D"
"18557",11.82601,105.24448,339.55,0.38,0.36,"2026-02-16",618,"N20","nominal","2.0NRT",299.2,3.44,"D"
"18558",11.75113,104.56057,333.38,0.39,0.36,"2026-02-16",618,"N20","nominal","2.0NRT",302.29,2.47,"D"
"18559",11.93365,105.70845,334.05,0.38,0.36,"2026-02-16",618,"N20","nominal","2.0NRT",299.64,6.95,"D"
"18560",11.69639,104.09984,333.7,0.4,0.37,"2026-02-16",618,"N20","nominal","2.0NRT",298.21,1.69,"D"
"18561",12.26955,107.89189,333.62,0.44,0.38,"2026-02-16",618,"N20","nominal","2.0NRT",298.83,3.47,"D"
"18562",11.81332,104.72103,337.47,0.39,0.36,"2026-02-16",618,"N20","nominal","2.0NRT",302.29,1.7,"D"
"18563",11.94937,105.54436,339.07,0.38,0.36,"2026-02-16",618,"N20","nominal","2.0NRT",304.21,4.37,"D"
"18564",12.28505,107.69102,330.39,0.43,0.38,"2026-02-16",618,"N20","nominal","2.0NRT",296.38,3.02,"D"
"18565",11.7035,103.82627,334.98,0.4,0.37,"2026-02-16",618,"N20","nominal","2.0NRT",298.13,6.85,"D"
"18566",11.75287,104.0944,339.72,0.4,0.37,"2026-02-16",618,"N20","nominal","2.0NRT",302.37,4.74,"D"
"18567",11.71024,103.82515,332.74,0.4,0.37,"2026-02-16",618,"N20","nominal","2.0NRT",299.1,4.38,"D"
"18568",11.82353,104.52332,334.51,0.39,0.36,"2026-02-16",618,"N20","nominal","2.0NRT",299.26,4.32,"D"
"18569",11.75786,104.08248,340.15,0.4,0.37,"2026-02-16",618,"N20","nominal","2.0NRT",303.28,3.28,"D"
"18570",12.30413,107.70032,330.96,0.43,0.38,"2026-02-16",618,"N20","nominal","2.0NRT",299.84,2.5,"D"
"18571",12.04594,105.86713,335.85,0.39,0.36,"2026-02-16",618,"N20","nominal","2.0NRT",299.23,2.65,"D"
"18572",12.04541,105.86362,332.13,0.39,0.36,"2026-02-16",618,"N20","nominal","2.0NRT",297.44,2.65,"D"
"18573",12.32382,107.71375,344.81,0.43,0.38,"2026-02-16",618,"N20","nominal","2.0NRT",302.65,7.09,"D"
"18574",12.06991,105.91396,334.68,0.39,0.36,"2026-02-16",618,"N20","nominal","2.0NRT",301.11,6.54,"D"
"18575",12.21154,106.84417,341.15,0.4,0.37,"2026-02-16",618,"N20","nominal","2.0NRT",304.5,3.57,"D"
"18576",11.75293,103.81086,330.91,0.4,0.37,"2026-02-16",618,"N20","nominal","2.0NRT",291.83,4.98,"D"
"18577",11.87932,104.59794,334.43,0.39,0.36,"2026-02-16",618,"N20","nominal","2.0NRT",303.73,3.82,"D"
"18578",11.89316,104.57758,342.98,0.39,0.36,"2026-02-16",618,"N20","nominal","2.0NRT",306.18,25.51,"D"
"18579",11.87393,104.45341,345.33,0.39,0.36,"2026-02-16",618,"N20","nominal","2.0NRT",303.15,7.2,"D"
"18580",11.87338,104.44986,346.58,0.39,0.36,"2026-02-16",618,"N20","nominal","2.0NRT",302.17,7.2,"D"
"18581",11.87283,104.44632,351.17,0.39,0.36,"2026-02-16",618,"N20","nominal","2.0NRT",301.1,23.12,"D"
"18582",11.87615,104.44578,339.32,0.39,0.36,"2026-02-16",618,"N20","nominal","2.0NRT",299.21,4.3,"D"
"18583",12.34991,107.47878,341.04,0.42,0.38,"2026-02-16",618,"N20","nominal","2.0NRT",305.38,7.31,"D"
"18584",12.34891,107.47821,337.11,0.42,0.38,"2026-02-16",618,"N20","nominal","2.0NRT",306.4,6.57,"D"
"18585",11.93586,104.70003,337.13,0.39,0.36,"2026-02-16",618,"N20","nominal","2.0NRT",300.64,4.77,"D"
"18586",11.93917,104.69951,353.7,0.39,0.36,"2026-02-16",618,"N20","nominal","2.0NRT",302.34,4.77,"D"
"18587",12.35741,107.41446,331.7,0.42,0.38,"2026-02-16",618,"N20","low","2.0NRT",306.33,31.57,"D"
"18588",11.85707,104.08784,343.28,0.4,0.37,"2026-02-16",618,"N20","nominal","2.0NRT",298.17,4.45,"D"
"18589",12.04432,105.27309,333.64,0.38,0.36,"2026-02-16",618,"N20","low","2.0NRT",304.14,6.28,"D"
"18590",11.85166,103.9883,338.28,0.4,0.37,"2026-02-16",618,"N20","nominal","2.0NRT",293.57,6.86,"D"
"18591",11.87838,104.13604,336.85,0.4,0.37,"2026-02-16",618,"N20","nominal","2.0NRT",297.33,3.41,"D"
"18592",12.35041,107.24399,334.97,0.41,0.37,"2026-02-16",618,"N20","nominal","2.0NRT",304.35,7.69,"D"
"18593",12.31295,106.91442,343.61,0.4,0.37,"2026-02-16",618,"N20","nominal","2.0NRT",302.66,5.19,"D"
"18594",12.24658,106.43967,342.43,0.39,0.36,"2026-02-16",618,"N20","nominal","2.0NRT",306.06,29.22,"D"
"18595",12.38635,107.34725,334.22,0.42,0.37,"2026-02-16",618,"N20","low","2.0NRT",307.27,4.9,"D"
"18596",12.31013,106.82436,330.82,0.4,0.37,"2026-02-16",618,"N20","low","2.0NRT",302.35,5.95,"D"
"18597",12.31243,106.81649,334.74,0.4,0.37,"2026-02-16",618,"N20","nominal","2.0NRT",301.16,3.68,"D"
"18598",12.4828,107.94296,351.57,0.44,0.38,"2026-02-16",618,"N20","nominal","2.0NRT",306.42,8.39,"D"
"18599",12.48633,107.94249,334.63,0.44,0.38,"2026-02-16",618,"N20","nominal","2.0NRT",303.47,3.54,"D"
"18600",12.37694,107.18626,342.45,0.41,0.37,"2026-02-16",618,"N20","nominal","2.0NRT",303.23,5.44,"D"
"18601",12.39355,107.27623,347,0.42,0.37,"2026-02-16",618,"N20","nominal","2.0NRT",305.41,5.28,"D"
"18602",12.39752,107.27944,335.89,0.42,0.37,"2026-02-16",618,"N20","nominal","2.0NRT",307.77,4.1,"D"
"18603",12.39698,107.27573,336.72,0.42,0.37,"2026-02-16",618,"N20","low","2.0NRT",311.23,7.22,"D"
"18604",12.00761,104.68134,336.74,0.39,0.36,"2026-02-16",618,"N20","nominal","2.0NRT",299.2,2.63,"D"
"18605",12.00706,104.67781,334.65,0.39,0.36,"2026-02-16",618,"N20","nominal","2.0NRT",299.62,2.53,"D"
"18606",12.4026,107.29026,333.69,0.42,0.37,"2026-02-16",618,"N20","low","2.0NRT",308.68,2.76,"D"
"18607",12.43853,107.51276,332.15,0.42,0.38,"2026-02-16",618,"N20","nominal","2.0NRT",303.77,2.24,"D"
"18608",12.29773,106.55384,339.25,0.4,0.37,"2026-02-16",618,"N20","nominal","2.0NRT",308.33,8.53,"D"
"18609",12.43476,107.43841,333.52,0.42,0.38,"2026-02-16",618,"N20","nominal","2.0NRT",303.14,10.02,"D"
"18610",12.01217,104.38236,350.2,0.39,0.36,"2026-02-16",618,"N20","nominal","2.0NRT",303.8,7.18,"D"
"18611",12.37823,106.71287,342.67,0.4,0.37,"2026-02-16",618,"N20","nominal","2.0NRT",305.25,9.2,"D"
"18612",12.37769,106.70921,342.15,0.4,0.37,"2026-02-16",618,"N20","nominal","2.0NRT",306.31,8.09,"D"
"18613",12.37502,106.69093,337.13,0.4,0.37,"2026-02-16",618,"N20","nominal","2.0NRT",304.92,7.74,"D"
"18614",12.38106,106.70871,344.38,0.4,0.37,"2026-02-16",618,"N20","nominal","2.0NRT",308.11,19.64,"D"
"18615",12.21807,105.5903,336.73,0.38,0.36,"2026-02-16",618,"N20","nominal","2.0NRT",299.79,4,"D"
"18616",12.03267,104.38271,343.06,0.39,0.36,"2026-02-16",618,"N20","nominal","2.0NRT",304.2,6.13,"D"
"18617",12.74584,109.17693,331.46,0.51,0.41,"2026-02-16",618,"N20","nominal","2.0NRT",294.64,3.8,"D"
"18618",12.42175,106.75124,341.43,0.4,0.37,"2026-02-16",618,"N20","nominal","2.0NRT",306.76,4.23,"D"
"18619",12.06758,104.38806,341.03,0.39,0.36,"2026-02-16",618,"N20","nominal","2.0NRT",306.37,9.84,"D"
"18620",12.09576,104.48194,337.96,0.39,0.36,"2026-02-16",618,"N20","nominal","2.0NRT",299.51,3.44,"D"
"18621",12.53215,107.36214,332.23,0.42,0.38,"2026-02-16",618,"N20","low","2.0NRT",303.56,4.11,"D"
"18622",12.56214,107.51937,336.65,0.42,0.38,"2026-02-16",618,"N20","nominal","2.0NRT",303.88,12.69,"D"
"18623",12.5656,107.51888,334.88,0.42,0.38,"2026-02-16",618,"N20","nominal","2.0NRT",302.49,12.69,"D"
"18624",11.9739,103.61343,332.29,0.41,0.37,"2026-02-16",618,"N20","nominal","2.0NRT",292.65,3.3,"D"
"18625",12.50471,107.07952,330.41,0.41,0.37,"2026-02-16",618,"N20","low","2.0NRT",301.87,2.84,"D"
"18626",11.97786,103.61659,330.16,0.41,0.37,"2026-02-16",618,"N20","nominal","2.0NRT",295.35,3.58,"D"
"18627",11.97728,103.61288,351.28,0.41,0.37,"2026-02-16",618,"N20","nominal","2.0NRT",300.91,13.75,"D"
"18628",11.9767,103.60916,335.29,0.41,0.37,"2026-02-16",618,"N20","nominal","2.0NRT",301.21,13.75,"D"
"18629",12.56853,107.49055,335.33,0.42,0.38,"2026-02-16",618,"N20","nominal","2.0NRT",303.28,5.22,"D"
"18630",11.98182,103.61975,339.46,0.41,0.37,"2026-02-16",618,"N20","nominal","2.0NRT",298.29,3.58,"D"
"18631",11.98124,103.61604,339.25,0.41,0.37,"2026-02-16",618,"N20","nominal","2.0NRT",298.71,3.58,"D"
"18632",11.98066,103.61232,343.86,0.41,0.37,"2026-02-16",618,"N20","nominal","2.0NRT",298.24,13.75,"D"
"18633",11.98008,103.6086,333.61,0.41,0.37,"2026-02-16",618,"N20","nominal","2.0NRT",298.04,13.75,"D"
"18634",12.56732,107.49078,335.95,0.42,0.38,"2026-02-16",618,"N20","nominal","2.0NRT",303.5,5.4,"D"
"18635",11.98232,103.61565,337.23,0.41,0.37,"2026-02-16",618,"N20","nominal","2.0NRT",298.44,9.07,"D"
"18636",11.98172,103.61195,333.05,0.41,0.37,"2026-02-16",618,"N20","nominal","2.0NRT",297.33,6.31,"D"
"18637",12.10193,104.30532,335.94,0.39,0.36,"2026-02-16",618,"N20","nominal","2.0NRT",295.76,3.77,"D"
"18638",12.47484,106.75033,333.18,0.4,0.37,"2026-02-16",618,"N20","low","2.0NRT",306.93,3.06,"D"
"18639",12.10582,104.3084,348.83,0.39,0.36,"2026-02-16",618,"N20","nominal","2.0NRT",297.97,13.85,"D"
"18640",12.05197,103.96653,353.77,0.4,0.37,"2026-02-16",618,"N20","nominal","2.0NRT",293.11,9.14,"D"
"18641",12.10916,104.3079,346.98,0.39,0.36,"2026-02-16",618,"N20","nominal","2.0NRT",300.1,13.85,"D"
"18642",12.10859,104.30431,350.04,0.39,0.36,"2026-02-16",618,"N20","nominal","2.0NRT",300.72,71.7,"D"
"18643",12.05533,103.96598,342.08,0.4,0.37,"2026-02-16",618,"N20","nominal","2.0NRT",294.67,9.14,"D"
"18644",12.56111,107.29913,336.86,0.42,0.37,"2026-02-16",618,"N20","nominal","2.0NRT",303.48,4.95,"D"
"18645",12.56056,107.29528,347.56,0.42,0.37,"2026-02-16",618,"N20","nominal","2.0NRT",304.29,4.95,"D"
"18646",12.27558,105.36502,343.85,0.38,0.36,"2026-02-16",618,"N20","nominal","2.0NRT",307.45,7.19,"D"
"18647",12.56399,107.29481,341.74,0.42,0.37,"2026-02-16",618,"N20","nominal","2.0NRT",303.37,4.95,"D"
"18648",12.55468,107.23002,330.03,0.42,0.37,"2026-02-16",618,"N20","low","2.0NRT",303.51,4.69,"D"
"18649",12.35211,105.85004,340.99,0.39,0.36,"2026-02-16",618,"N20","nominal","2.0NRT",304.03,2.93,"D"
"18650",12.5521,107.18777,340.32,0.41,0.37,"2026-02-16",618,"N20","nominal","2.0NRT",306.41,6.22,"D"
"18651",12.58189,107.37054,330.6,0.42,0.38,"2026-02-16",618,"N20","low","2.0NRT",300.62,1.66,"D"
"18652",12.56099,107.2252,330.96,0.42,0.37,"2026-02-16",618,"N20","low","2.0NRT",305.83,5.35,"D"
"18653",12.60029,107.47426,335.96,0.42,0.38,"2026-02-16",618,"N20","nominal","2.0NRT",300.76,4.72,"D"
"18654",12.51946,106.89066,330.39,0.41,0.37,"2026-02-16",618,"N20","low","2.0NRT",303.58,3.58,"D"
"18655",12.0998,104.07389,345.03,0.4,0.37,"2026-02-16",618,"N20","nominal","2.0NRT",295.42,14.2,"D"
"18656",12.09923,104.0703,332.77,0.4,0.37,"2026-02-16",618,"N20","nominal","2.0NRT",292.73,8.3,"D"
"18657",12.08042,103.95069,351.67,0.4,0.37,"2026-02-16",618,"N20","nominal","2.0NRT",295.95,5.56,"D"
"18658",12.10314,104.07333,352.92,0.4,0.37,"2026-02-16",618,"N20","nominal","2.0NRT",297.72,24.33,"D"
"18659",12.10257,104.06972,330.36,0.4,0.37,"2026-02-16",618,"N20","nominal","2.0NRT",292.39,10.55,"D"
"18660",12.07348,103.88487,343.32,0.4,0.37,"2026-02-16",618,"N20","nominal","2.0NRT",298.69,5.05,"D"
"18661",12.07233,103.87758,335.42,0.4,0.37,"2026-02-16",618,"N20","nominal","2.0NRT",298.29,8.18,"D"
"18662",12.60924,107.4138,330.39,0.42,0.38,"2026-02-16",618,"N20","nominal","2.0NRT",299.86,3.77,"D"
"18663",12.60868,107.40993,345.17,0.42,0.38,"2026-02-16",618,"N20","nominal","2.0NRT",303.2,6.72,"D"
"18664",12.58264,107.22974,338.72,0.42,0.37,"2026-02-16",618,"N20","nominal","2.0NRT",308.11,3.65,"D"
"18665",12.54454,106.94379,334.36,0.41,0.37,"2026-02-16",618,"N20","nominal","2.0NRT",303.8,3.62,"D"
"18666",12.54181,106.92515,339.18,0.41,0.37,"2026-02-16",618,"N20","nominal","2.0NRT",306.62,3.48,"D"
"18667",12.60224,107.31666,330.5,0.42,0.38,"2026-02-16",618,"N20","low","2.0NRT",302.48,1.12,"D"
"18668",12.46235,106.36185,338.46,0.39,0.36,"2026-02-16",618,"N20","nominal","2.0NRT",306.42,2.13,"D"
"18669",12.62572,107.45472,340.42,0.42,0.38,"2026-02-16",618,"N20","nominal","2.0NRT",301.52,6.39,"D"
"18670",12.58577,107.17902,338.5,0.41,0.37,"2026-02-16",618,"N20","nominal","2.0NRT",303.4,4.27,"D"
"18671",12.46569,106.36134,346.04,0.39,0.36,"2026-02-16",618,"N20","nominal","2.0NRT",308.78,11.96,"D"
"18672",12.10184,103.97769,332.43,0.4,0.37,"2026-02-16",618,"N20","nominal","2.0NRT",293.99,2.12,"D"
"18673",12.08864,103.89366,334.58,0.4,0.37,"2026-02-16",618,"N20","nominal","2.0NRT",295.49,9.72,"D"
"18674",12.08806,103.88998,336.31,0.4,0.37,"2026-02-16",618,"N20","nominal","2.0NRT",295.94,9.72,"D"
"18675",12.59305,107.20499,333.62,0.41,0.37,"2026-02-16",618,"N20","nominal","2.0NRT",305.73,1.91,"D"
"18676",12.5925,107.20123,332.99,0.41,0.37,"2026-02-16",618,"N20","nominal","2.0NRT",304.49,1.77,"D"
"18677",12.56454,107.00944,337.16,0.41,0.37,"2026-02-16",618,"N20","nominal","2.0NRT",303.77,2.81,"D"
"18678",12.09201,103.89321,339.57,0.4,0.37,"2026-02-16",618,"N20","nominal","2.0NRT",298.16,9.72,"D"
"18679",12.59647,107.20448,332.05,0.41,0.37,"2026-02-16",618,"N20","low","2.0NRT",303.28,1.63,"D"
"18680",12.57475,107.00793,333.68,0.41,0.37,"2026-02-16",618,"N20","nominal","2.0NRT",303.22,2.63,"D"
"18681",12.16627,104.30231,332.79,0.39,0.36,"2026-02-16",618,"N20","nominal","2.0NRT",297.75,3.71,"D"
"18682",12.16572,104.2988,349.48,0.39,0.36,"2026-02-16",618,"N20","nominal","2.0NRT",297.95,3.71,"D"
"18683",12.55957,106.88082,334.7,0.41,0.37,"2026-02-16",618,"N20","low","2.0NRT",307.69,4.46,"D"
"18684",12.55902,106.87711,336.52,0.41,0.37,"2026-02-16",618,"N20","nominal","2.0NRT",305.42,4.62,"D"
"18685",12.19665,104.47611,331.77,0.39,0.36,"2026-02-16",618,"N20","low","2.0NRT",301.93,5.77,"D"
"18686",12.16904,104.29826,337.65,0.39,0.36,"2026-02-16",618,"N20","nominal","2.0NRT",297.63,3.71,"D"
"18687",12.16849,104.2947,332.18,0.39,0.36,"2026-02-16",618,"N20","nominal","2.0NRT",294.61,2.64,"D"
"18688",12.63919,107.40158,346.35,0.42,0.38,"2026-02-16",618,"N20","nominal","2.0NRT",304.43,5.86,"D"
"18689",12.63863,107.39775,333.78,0.42,0.38,"2026-02-16",618,"N20","nominal","2.0NRT",302.5,1.49,"D"
"18690",12.62241,107.28636,335.11,0.42,0.37,"2026-02-16",618,"N20","low","2.0NRT",309.37,3.7,"D"
"18691",12.20821,104.52879,331.64,0.39,0.36,"2026-02-16",618,"N20","nominal","2.0NRT",300.69,4.64,"D"
"18692",12.17237,104.2977,348.24,0.39,0.36,"2026-02-16",618,"N20","nominal","2.0NRT",300.55,6.46,"D"
"18693",12.17181,104.29414,344.17,0.39,0.36,"2026-02-16",618,"N20","nominal","2.0NRT",298.4,3.61,"D"
"18694",12.17569,104.29712,336.96,0.39,0.36,"2026-02-16",618,"N20","nominal","2.0NRT",294.85,6.46,"D"
"18695",12.17514,104.29356,335.51,0.39,0.36,"2026-02-16",618,"N20","nominal","2.0NRT",295.2,3.61,"D"
"18696",12.6033,107.08401,334.49,0.41,0.37,"2026-02-16",618,"N20","low","2.0NRT",304.68,3.65,"D"
"18697",12.51939,106.51569,341.44,0.4,0.37,"2026-02-16",618,"N20","nominal","2.0NRT",302.82,3.72,"D"
"18698",12.19837,104.39934,330.88,0.39,0.36,"2026-02-16",618,"N20","nominal","2.0NRT",299.96,3.13,"D"
"18699",12.51038,106.43198,340.2,0.4,0.37,"2026-02-16",618,"N20","nominal","2.0NRT",309.26,8.43,"D"
"18700",12.64414,107.29097,339.04,0.42,0.37,"2026-02-16",618,"N20","nominal","2.0NRT",307.75,4.17,"D"
"18701",12.17732,104.17575,340.89,0.39,0.36,"2026-02-16",618,"N20","nominal","2.0NRT",293.85,4.14,"D"
"18702",12.17676,104.17214,336.73,0.39,0.36,"2026-02-16",618,"N20","nominal","2.0NRT",292.15,4.14,"D"
"18703",12.18007,104.17519,335.19,0.39,0.36,"2026-02-16",618,"N20","nominal","2.0NRT",295.32,4.53,"D"
"18704",12.1795,104.17158,340.81,0.39,0.36,"2026-02-16",618,"N20","nominal","2.0NRT",293.93,4.53,"D"
"18705",12.57214,106.72055,336.95,0.4,0.37,"2026-02-16",618,"N20","nominal","2.0NRT",305.56,3.7,"D"
"18706",12.61936,106.97464,332.81,0.41,0.37,"2026-02-16",618,"N20","low","2.0NRT",307.42,2.41,"D"
"18707",12.19729,104.17601,335.03,0.39,0.36,"2026-02-16",618,"N20","nominal","2.0NRT",296.73,6.08,"D"
"18708",12.67946,107.36838,336,0.42,0.38,"2026-02-16",618,"N20","nominal","2.0NRT",305.81,4.2,"D"
"18709",12.66956,107.29921,337.28,0.42,0.38,"2026-02-16",618,"N20","nominal","2.0NRT",306.65,3.17,"D"
"18710",12.66902,107.2954,340.1,0.42,0.38,"2026-02-16",618,"N20","nominal","2.0NRT",307.35,3.17,"D"
"18711",12.66847,107.29157,337.72,0.42,0.38,"2026-02-16",618,"N20","nominal","2.0NRT",306.2,46.32,"D"
"18712",12.66792,107.28776,340.38,0.42,0.38,"2026-02-16",618,"N20","nominal","2.0NRT",310.31,46.32,"D"
"18713",12.51108,106.21095,339.76,0.39,0.36,"2026-02-16",618,"N20","nominal","2.0NRT",307.02,4.95,"D"
"18714",12.673,107.29868,344.6,0.42,0.38,"2026-02-16",618,"N20","nominal","2.0NRT",307.86,3.17,"D"
"18715",12.67245,107.29486,336.01,0.42,0.38,"2026-02-16",618,"N20","nominal","2.0NRT",309.12,3.17,"D"
"18716",12.67191,107.29105,349,0.42,0.38,"2026-02-16",618,"N20","nominal","2.0NRT",318.18,46.32,"D"
"18717",12.61967,106.92886,336.86,0.41,0.37,"2026-02-16",618,"N20","nominal","2.0NRT",306.76,2.51,"D"
"18718",12.20623,104.18938,336.55,0.39,0.36,"2026-02-16",618,"N20","nominal","2.0NRT",291.74,3.3,"D"
"18719",12.67588,107.29431,337.85,0.42,0.38,"2026-02-16",618,"N20","nominal","2.0NRT",308.27,8.02,"D"
"18720",12.67534,107.29051,351.63,0.42,0.38,"2026-02-16",618,"N20","nominal","2.0NRT",308.08,8.22,"D"
"18721",12.67479,107.28671,353.4,0.42,0.38,"2026-02-16",618,"N20","nominal","2.0NRT",307.92,8.22,"D"
"18722",12.20955,104.1888,341.72,0.39,0.36,"2026-02-16",618,"N20","nominal","2.0NRT",290.57,7.8,"D"
"18723",12.6887,107.35912,340.39,0.42,0.38,"2026-02-16",618,"N20","nominal","2.0NRT",305.64,4.6,"D"
"18724",12.52798,106.25603,339.66,0.39,0.36,"2026-02-16",618,"N20","nominal","2.0NRT",308.29,11.11,"D"
"18725",12.52744,106.25244,337.4,0.39,0.36,"2026-02-16",618,"N20","low","2.0NRT",307.74,11.11,"D"
"18726",12.68551,107.31244,336.48,0.42,0.38,"2026-02-16",618,"N20","low","2.0NRT",306.53,2.59,"D"
"18727",12.18851,104.01136,352.51,0.4,0.37,"2026-02-16",618,"N20","nominal","2.0NRT",298.28,8.86,"D"
"18728",12.64844,107.03144,330.65,0.41,0.37,"2026-02-16",618,"N20","low","2.0NRT",304.53,2.41,"D"
"18729",12.6479,107.02769,333.04,0.41,0.37,"2026-02-16",618,"N20","low","2.0NRT",306.62,2.41,"D"
"18730",12.19184,104.0107,341.28,0.4,0.37,"2026-02-16",618,"N20","nominal","2.0NRT",295.13,8.86,"D"
"18731",12.6513,107.02719,339.68,0.41,0.37,"2026-02-16",618,"N20","nominal","2.0NRT",304.7,5.22,"D"
"18732",12.63556,106.91888,337.97,0.41,0.37,"2026-02-16",618,"N20","nominal","2.0NRT",305.51,2.69,"D"
"18733",12.69805,107.32632,335.25,0.42,0.38,"2026-02-16",618,"N20","nominal","2.0NRT",304.73,3.11,"D"
"18734",12.69252,107.28797,332.73,0.42,0.38,"2026-02-16",618,"N20","low","2.0NRT",306.95,1.75,"D"
"18735",12.69541,107.28366,332.09,0.42,0.38,"2026-02-16",618,"N20","low","2.0NRT",306.68,3.4,"D"
"18736",12.66629,107.08244,334.95,0.41,0.37,"2026-02-16",618,"N20","low","2.0NRT",307.06,3.99,"D"
"18737",12.64615,106.94396,336.11,0.41,0.37,"2026-02-16",618,"N20","nominal","2.0NRT",304.01,1.81,"D"
"18738",12.7183,107.41796,337.64,0.42,0.38,"2026-02-16",618,"N20","nominal","2.0NRT",304.6,6.24,"D"
"18739",12.71718,107.41019,351.63,0.42,0.38,"2026-02-16",618,"N20","nominal","2.0NRT",303.68,4.47,"D"
"18740",12.71662,107.40631,337.2,0.42,0.38,"2026-02-16",618,"N20","nominal","2.0NRT",300.93,4.47,"D"
"18741",12.71617,107.37878,335.79,0.42,0.38,"2026-02-16",618,"N20","nominal","2.0NRT",303.99,6.64,"D"
"18742",12.71561,107.3749,342.75,0.42,0.38,"2026-02-16",618,"N20","nominal","2.0NRT",306.76,6.64,"D"
"18743",12.7488,107.58081,341.18,0.43,0.38,"2026-02-16",618,"N20","nominal","2.0NRT",303.59,5.68,"D"
"18744",12.74824,107.57689,345.36,0.43,0.38,"2026-02-16",618,"N20","nominal","2.0NRT",303.98,5.68,"D"
"18745",12.77959,107.77066,353.04,0.44,0.38,"2026-02-16",618,"N20","nominal","2.0NRT",306.61,22.76,"D"
"18746",12.75228,107.58031,348.45,0.43,0.38,"2026-02-16",618,"N20","nominal","2.0NRT",302.87,5.48,"D"
"18747",12.74269,107.51366,334.22,0.43,0.38,"2026-02-16",618,"N20","nominal","2.0NRT",302.94,5.17,"D"
"18748",12.74156,107.50588,340.94,0.43,0.38,"2026-02-16",618,"N20","nominal","2.0NRT",304.74,9.44,"D"
"18749",12.75633,107.58374,344.67,0.43,0.38,"2026-02-16",618,"N20","nominal","2.0NRT",305.65,6.48,"D"
"18750",12.7552,107.5759,330.38,0.43,0.38,"2026-02-16",618,"N20","low","2.0NRT",303.46,5.48,"D"
"18751",12.74559,107.50926,351.49,0.43,0.38,"2026-02-16",618,"N20","nominal","2.0NRT",305.21,9.44,"D"
"18752",12.74503,107.50537,336.63,0.43,0.38,"2026-02-16",618,"N20","nominal","2.0NRT",303.21,9.44,"D"
"18753",12.76265,107.60294,331.37,0.43,0.38,"2026-02-16",618,"N20","low","2.0NRT",304.02,4.41,"D"
"18754",12.78038,107.70134,333.92,0.43,0.38,"2026-02-16",618,"N20","nominal","2.0NRT",302.14,4.04,"D"
"18755",12.79255,107.73625,335.62,0.43,0.38,"2026-02-16",618,"N20","nominal","2.0NRT",301.12,2.11,"D"
"18756",12.68492,106.99534,338.02,0.41,0.37,"2026-02-16",618,"N20","nominal","2.0NRT",304.49,3.33,"D"
"18757",12.67639,106.88993,336.39,0.41,0.37,"2026-02-16",618,"N20","nominal","2.0NRT",305.62,2.92,"D"
"18758",12.60438,106.40272,343.59,0.39,0.37,"2026-02-16",618,"N20","nominal","2.0NRT",306.12,8.3,"D"
"18759",12.59579,106.34496,342.9,0.39,0.36,"2026-02-16",618,"N20","nominal","2.0NRT",305.42,4.72,"D"
"18760",12.66995,106.82263,334.28,0.4,0.37,"2026-02-16",618,"N20","nominal","2.0NRT",302.72,1.44,"D"
"18761",12.75695,107.39256,331.81,0.42,0.38,"2026-02-16",618,"N20","low","2.0NRT",303.43,2.46,"D"
"18762",12.588,106.24681,338.74,0.39,0.36,"2026-02-16",618,"N20","nominal","2.0NRT",304.92,1.56,"D"
"18763",12.7604,107.39204,337.75,0.42,0.38,"2026-02-16",618,"N20","nominal","2.0NRT",304.91,4.91,"D"
"18764",12.75984,107.38817,332.76,0.42,0.38,"2026-02-16",618,"N20","low","2.0NRT",304.82,2.81,"D"
"18765",12.72789,107.16972,338.01,0.41,0.37,"2026-02-16",618,"N20","nominal","2.0NRT",303.72,5.97,"D"
"18766",12.68219,106.85873,344.08,0.41,0.37,"2026-02-16",618,"N20","nominal","2.0NRT",308.54,3.23,"D"
"18767",12.68165,106.85501,340.22,0.41,0.37,"2026-02-16",618,"N20","nominal","2.0NRT",311.49,3.23,"D"
"18768",12.76329,107.38765,341.43,0.42,0.38,"2026-02-16",618,"N20","nominal","2.0NRT",302.53,2.81,"D"
"18769",12.5936,106.23862,343.82,0.39,0.36,"2026-02-16",618,"N20","nominal","2.0NRT",305.83,3.84,"D"
"18770",12.70928,106.99548,333.05,0.41,0.37,"2026-02-16",618,"N20","nominal","2.0NRT",302.47,2.55,"D"
"18771",12.71323,106.9987,333.03,0.41,0.37,"2026-02-16",618,"N20","nominal","2.0NRT",302.41,2.55,"D"
"18772",12.24403,103.90542,344.68,0.4,0.37,"2026-02-16",618,"N20","nominal","2.0NRT",302.18,4.11,"D"
"18773",12.68368,106.79005,342.31,0.4,0.37,"2026-02-16",618,"N20","nominal","2.0NRT",309.45,7.41,"D"
"18774",12.67298,106.71625,337.6,0.4,0.37,"2026-02-16",618,"N20","nominal","2.0NRT",305.69,3.6,"D"
"18775",12.24654,103.90841,337.39,0.4,0.37,"2026-02-16",618,"N20","nominal","2.0NRT",300.93,3.51,"D"
"18776",12.24596,103.90475,338.95,0.4,0.37,"2026-02-16",618,"N20","nominal","2.0NRT",301.88,4.13,"D"
"18777",12.68706,106.78954,342.63,0.4,0.37,"2026-02-16",618,"N20","nominal","2.0NRT",302.13,7.41,"D"
"18778",12.25284,103.92635,343.68,0.4,0.37,"2026-02-16",618,"N20","nominal","2.0NRT",299.49,5.47,"D"
"18779",12.796,107.52596,332.21,0.43,0.38,"2026-02-16",618,"N20","low","2.0NRT",303.18,1.89,"D"
"18780",12.69312,106.80751,330.72,0.4,0.37,"2026-02-16",618,"N20","low","2.0NRT",302.38,1.28,"D"
"18781",12.66601,106.59731,337.13,0.4,0.37,"2026-02-16",618,"N20","nominal","2.0NRT",306.34,4.25,"D"
"18782",12.24955,103.84061,337.15,0.4,0.37,"2026-02-16",618,"N20","nominal","2.0NRT",299.42,3.24,"D"
"18783",12.80976,107.54801,338.47,0.43,0.38,"2026-02-16",618,"N20","nominal","2.0NRT",305.36,4,"D"
"18784",12.80921,107.54409,341.57,0.43,0.38,"2026-02-16",618,"N20","nominal","2.0NRT",305.33,4,"D"
"18785",12.80087,107.48537,338.33,0.43,0.38,"2026-02-16",618,"N20","nominal","2.0NRT",306.66,2.77,"D"
"18786",12.2529,103.84007,330.57,0.4,0.37,"2026-02-16",618,"N20","low","2.0NRT",301.98,3.24,"D"
"18787",12.25233,103.83642,334.81,0.4,0.37,"2026-02-16",618,"N20","nominal","2.0NRT",300.74,2.99,"D"
"18788",12.81324,107.5475,353.29,0.43,0.38,"2026-02-16",618,"N20","nominal","2.0NRT",303.93,14.87,"D"
"18789",12.81268,107.54358,345.28,0.43,0.38,"2026-02-16",618,"N20","nominal","2.0NRT",306.12,14.87,"D"
"18790",12.80433,107.48486,342.64,0.43,0.38,"2026-02-16",618,"N20","nominal","2.0NRT",306.38,6.01,"D"
"18791",12.25684,103.84316,331.57,0.4,0.37,"2026-02-16",618,"N20","nominal","2.0NRT",301.08,4.21,"D"
"18792",12.25626,103.83952,351.56,0.4,0.37,"2026-02-16",618,"N20","nominal","2.0NRT",304.33,4.21,"D"
"18793",12.7555,107.11919,333.04,0.41,0.37,"2026-02-16",618,"N20","nominal","2.0NRT",300.75,2.77,"D"
"18794",12.47387,105.2179,347.69,0.38,0.36,"2026-02-16",618,"N20","nominal","2.0NRT",303.53,6.9,"D"
"18795",12.81183,107.48776,344.91,0.43,0.38,"2026-02-16",618,"N20","nominal","2.0NRT",306.25,6.56,"D"
"18796",12.74258,107.00553,333.23,0.41,0.37,"2026-02-16",618,"N20","nominal","2.0NRT",305.67,3.21,"D"
"18797",12.58605,105.9398,334.08,0.39,0.36,"2026-02-16",618,"N20","nominal","2.0NRT",302.96,15.31,"D"
"18798",12.80094,107.36219,331.31,0.42,0.38,"2026-02-16",618,"N20","low","2.0NRT",303.31,3.35,"D"
"18799",12.80038,107.35834,336.63,0.42,0.38,"2026-02-16",618,"N20","nominal","2.0NRT",304.29,3.77,"D"
"18800",12.8828,107.9123,340.35,0.44,0.39,"2026-02-16",618,"N20","nominal","2.0NRT",306.8,4.56,"D"
"18801",12.88223,107.90825,350.52,0.44,0.39,"2026-02-16",618,"N20","nominal","2.0NRT",308.06,4.56,"D"
"18802",12.80384,107.35784,343.49,0.42,0.38,"2026-02-16",618,"N20","nominal","2.0NRT",304.56,3.77,"D"
"18803",12.71009,106.71054,334.16,0.4,0.37,"2026-02-16",618,"N20","nominal","2.0NRT",302.11,2.75,"D"
"18804",12.26498,103.78576,331.91,0.4,0.37,"2026-02-16",618,"N20","nominal","2.0NRT",299.59,3.48,"D"
"18805",12.75457,106.99221,338.48,0.41,0.37,"2026-02-16",618,"N20","nominal","2.0NRT",303,2.69,"D"
"18806",12.72209,106.7691,334.99,0.4,0.37,"2026-02-16",618,"N20","nominal","2.0NRT",304.3,3.88,"D"
"18807",12.86699,107.75012,331.11,0.44,0.38,"2026-02-16",618,"N20","low","2.0NRT",302.68,2,"D"
"18808",12.75852,106.99547,340.07,0.41,0.37,"2026-02-16",618,"N20","nominal","2.0NRT",301.29,3.22,"D"
"18809",12.75797,106.99172,335.87,0.41,0.37,"2026-02-16",618,"N20","nominal","2.0NRT",302.24,2.69,"D"
"18810",12.47867,105.11648,337.16,0.38,0.36,"2026-02-16",618,"N20","nominal","2.0NRT",302.76,2.89,"D"
"18811",12.31234,104.04249,345.78,0.4,0.37,"2026-02-16",618,"N20","nominal","2.0NRT",298.23,9.33,"D"
"18812",12.85177,107.6183,345.1,0.43,0.38,"2026-02-16",618,"N20","nominal","2.0NRT",300.25,29.33,"D"
"18813",12.75975,106.97999,332.31,0.41,0.37,"2026-02-16",618,"N20","low","2.0NRT",306.3,3.76,"D"
"18814",12.7592,106.97624,347.61,0.41,0.37,"2026-02-16",618,"N20","nominal","2.0NRT",307.45,7.78,"D"
"18815",12.71913,106.70167,330.4,0.4,0.37,"2026-02-16",618,"N20","low","2.0NRT",302.54,4.41,"D"
"18816",12.7116,106.65031,333.45,0.4,0.37,"2026-02-16",618,"N20","low","2.0NRT",307.71,3.69,"D"
"18817",12.85639,107.6257,345.67,0.43,0.38,"2026-02-16",618,"N20","nominal","2.0NRT",303.5,12.56,"D"
"18818",12.87752,107.74857,335.43,0.44,0.38,"2026-02-16",618,"N20","nominal","2.0NRT",304.02,3.58,"D"
"18819",12.86044,107.62915,354.57,0.43,0.38,"2026-02-16",618,"N20","nominal","2.0NRT",305.63,8.7,"D"
"18820",12.85987,107.62518,356.25,0.43,0.38,"2026-02-16",618,"N20","nominal","2.0NRT",306.39,8.7,"D"
"18821",12.7611,106.94151,331.92,0.41,0.37,"2026-02-16",618,"N20","low","2.0NRT",304.67,3.32,"D"
"18822",12.64503,106.1532,333.5,0.39,0.36,"2026-02-16",618,"N20","low","2.0NRT",306.54,3.91,"D"
"18823",12.17478,103.11061,342.52,0.42,0.38,"2026-02-16",618,"N20","nominal","2.0NRT",300.88,10.56,"D"
"18824",12.86336,107.62466,332.22,0.43,0.38,"2026-02-16",618,"N20","low","2.0NRT",304.35,8.7,"D"
"18825",12.76395,106.93726,345.66,0.41,0.37,"2026-02-16",618,"N20","nominal","2.0NRT",305.66,5.57,"D"
"18826",12.76285,106.92975,345.36,0.41,0.37,"2026-02-16",618,"N20","nominal","2.0NRT",303.39,3.49,"D"
"18827",12.72656,106.68177,331.98,0.4,0.37,"2026-02-16",618,"N20","low","2.0NRT",303.16,2.39,"D"
"18828",12.71416,106.59743,334.52,0.4,0.37,"2026-02-16",618,"N20","nominal","2.0NRT",303.52,2.05,"D"
"18829",12.64836,106.15268,338.58,0.39,0.36,"2026-02-16",618,"N20","nominal","2.0NRT",306.08,3.91,"D"
"18830",12.30581,103.91359,344.31,0.4,0.37,"2026-02-16",618,"N20","nominal","2.0NRT",301.39,6.01,"D"
"18831",12.82965,107.36582,332.39,0.42,0.38,"2026-02-16",618,"N20","low","2.0NRT",303.88,2.24,"D"
"18832",12.76844,106.94424,337.67,0.41,0.37,"2026-02-16",618,"N20","nominal","2.0NRT",304.88,4.69,"D"
"18833",12.72238,106.62991,338.7,0.4,0.37,"2026-02-16",618,"N20","nominal","2.0NRT",306.37,3.71,"D"
"18834",12.64902,106.13428,335.46,0.39,0.36,"2026-02-16",618,"N20","nominal","2.0NRT",304.51,4.45,"D"
"18835",12.88575,107.73103,332.74,0.44,0.38,"2026-02-16",618,"N20","low","2.0NRT",303.23,2.9,"D"
"18836",12.71012,106.52341,343.33,0.4,0.37,"2026-02-16",618,"N20","nominal","2.0NRT",306.08,6.85,"D"
"18837",12.89155,107.74654,339.99,0.44,0.38,"2026-02-16",618,"N20","nominal","2.0NRT",301.45,5.72,"D"
"18838",12.71133,106.50833,338.63,0.4,0.37,"2026-02-16",618,"N20","nominal","2.0NRT",305.71,4.11,"D"
"18839",12.33289,104.02055,339.22,0.4,0.37,"2026-02-16",618,"N20","nominal","2.0NRT",301.99,10.67,"D"
"18840",12.89283,107.70557,334.72,0.43,0.38,"2026-02-16",618,"N20","nominal","2.0NRT",300.97,3.39,"D"
"18841",12.70366,106.38707,335.45,0.4,0.37,"2026-02-16",618,"N20","low","2.0NRT",305.78,4.35,"D"
"18842",12.93163,107.92578,334.79,0.44,0.39,"2026-02-16",618,"N20","low","2.0NRT",306.06,4.38,"D"
"18843",12.27859,103.58732,340.56,0.41,0.37,"2026-02-16",618,"N20","nominal","2.0NRT",302.25,17.13,"D"
"18844",12.27743,103.57999,339.6,0.41,0.37,"2026-02-16",618,"N20","nominal","2.0NRT",299.18,7.8,"D"
"18845",12.9317,107.87604,335.39,0.44,0.38,"2026-02-16",618,"N20","nominal","2.0NRT",302.81,3.18,"D"
"18846",12.84442,107.27351,334.4,0.42,0.38,"2026-02-16",618,"N20","nominal","2.0NRT",303.91,2.68,"D"
"18847",12.61807,105.74631,344.17,0.39,0.36,"2026-02-16",618,"N20","nominal","2.0NRT",306.18,8.82,"D"
"18848",12.35689,104.04254,337.5,0.4,0.37,"2026-02-16",618,"N20","nominal","2.0NRT",299.49,2.23,"D"
"18849",12.84674,107.26531,345.46,0.42,0.38,"2026-02-16",618,"N20","nominal","2.0NRT",303.6,10.82,"D"
"18850",12.84617,107.26146,341.63,0.42,0.38,"2026-02-16",618,"N20","nominal","2.0NRT",305.26,10.82,"D"
"18851",12.83721,107.20016,332.01,0.42,0.37,"2026-02-16",618,"N20","low","2.0NRT",302.22,3.47,"D"
"18852",12.62138,105.7458,340.68,0.39,0.36,"2026-02-16",618,"N20","nominal","2.0NRT",306.28,8.82,"D"
"18853",12.84345,107.21883,341.74,0.42,0.37,"2026-02-16",618,"N20","nominal","2.0NRT",301.66,5.28,"D"
"18854",12.76038,106.65408,338.51,0.4,0.37,"2026-02-16",618,"N20","nominal","2.0NRT",307.53,5.57,"D"
"18855",12.75984,106.65042,345.75,0.4,0.37,"2026-02-16",618,"N20","nominal","2.0NRT",309.01,6.43,"D"
"18856",12.94462,107.89064,337.72,0.44,0.39,"2026-02-16",618,"N20","nominal","2.0NRT",305.07,3.67,"D"
"18857",12.80143,106.90874,333.92,0.41,0.37,"2026-02-16",618,"N20","low","2.0NRT",306,3.02,"D"
"18858",12.2048,103.01099,337.13,0.42,0.38,"2026-02-16",618,"N20","nominal","2.0NRT",300.31,3.05,"D"
"18859",12.95168,107.91453,344.41,0.44,0.39,"2026-02-16",618,"N20","nominal","2.0NRT",305.97,4.95,"D"
"18860",12.86493,107.3176,344.55,0.42,0.38,"2026-02-16",618,"N20","nominal","2.0NRT",305.58,7.62,"D"
"18861",12.86436,107.31374,342.09,0.42,0.38,"2026-02-16",618,"N20","nominal","2.0NRT",306.29,7.62,"D"
"18862",12.29246,103.54316,344.94,0.41,0.37,"2026-02-16",618,"N20","nominal","2.0NRT",300.98,8.76,"D"
"18863",12.91798,107.65718,334.19,0.43,0.38,"2026-02-16",618,"N20","low","2.0NRT",304.9,2.77,"D"
"18864",12.86837,107.31709,355.42,0.42,0.38,"2026-02-16",618,"N20","nominal","2.0NRT",307.21,7.62,"D"
"18865",12.86781,107.31323,349.92,0.42,0.38,"2026-02-16",618,"N20","nominal","2.0NRT",304.19,7.62,"D"
"18866",12.85151,107.20205,330.11,0.42,0.37,"2026-02-16",618,"N20","low","2.0NRT",302.26,2.29,"D"
"18867",12.80931,106.91515,336.51,0.41,0.37,"2026-02-16",618,"N20","nominal","2.0NRT",305.4,4.63,"D"
"18868",12.2178,103.04829,333.31,0.42,0.38,"2026-02-16",618,"N20","nominal","2.0NRT",299.86,3.84,"D"
"18869",12.95176,107.91459,342.29,0.44,0.39,"2026-02-16",618,"N20","nominal","2.0NRT",306.37,5.72,"D"
"18870",12.86822,107.32072,332.43,0.42,0.38,"2026-02-16",618,"N20","nominal","2.0NRT",302.41,3.39,"D"
"18871",12.86768,107.31687,355.5,0.42,0.38,"2026-02-16",618,"N20","nominal","2.0NRT",308.35,11.6,"D"
"18872",12.86713,107.31301,348.99,0.42,0.38,"2026-02-16",618,"N20","nominal","2.0NRT",304.83,11.6,"D"
"18873",12.85128,107.20169,331.46,0.42,0.37,"2026-02-16",618,"N20","nominal","2.0NRT",302.43,1.52,"D"
"18874",12.81067,106.91823,331.87,0.41,0.37,"2026-02-16",618,"N20","low","2.0NRT",306.05,2.4,"D"
"18875",12.81014,106.91451,333.31,0.41,0.37,"2026-02-16",618,"N20","low","2.0NRT",303.6,1.86,"D"
"18876",12.21707,103.04819,333.74,0.42,0.38,"2026-02-16",618,"N20","nominal","2.0NRT",300.32,3.18,"D"
"18877",12.91928,107.65688,338,0.43,0.38,"2026-02-16",618,"N20","nominal","2.0NRT",304.73,22.98,"D"
"18878",12.86893,107.30094,330.73,0.42,0.38,"2026-02-16",618,"N20","low","2.0NRT",305.43,2.95,"D"
"18879",12.86236,107.25481,334.63,0.42,0.38,"2026-02-16",618,"N20","nominal","2.0NRT",302.61,3.89,"D"
"18880",12.86182,107.25097,341.86,0.42,0.38,"2026-02-16",618,"N20","nominal","2.0NRT",302.5,3.89,"D"
"18881",12.94016,107.78008,330.36,0.44,0.38,"2026-02-16",618,"N20","low","2.0NRT",303.22,1.45,"D"
"18882",12.89385,107.4516,344.23,0.43,0.38,"2026-02-16",618,"N20","nominal","2.0NRT",300.88,4.69,"D"
"18883",12.86525,107.25047,340.28,0.42,0.38,"2026-02-16",618,"N20","nominal","2.0NRT",303.87,5.85,"D"
"18884",12.82342,106.9585,336.8,0.41,0.37,"2026-02-16",618,"N20","nominal","2.0NRT",301.52,1.8,"D"
"18885",12.2593,103.26493,331.32,0.42,0.37,"2026-02-16",618,"N20","nominal","2.0NRT",296.41,4.41,"D"
"18886",12.89787,107.455,342.03,0.43,0.38,"2026-02-16",618,"N20","nominal","2.0NRT",301.3,4.69,"D"
"18887",12.89732,107.4511,344.68,0.43,0.38,"2026-02-16",618,"N20","nominal","2.0NRT",305.79,4.69,"D"
"18888",12.24046,103.12692,332.73,0.42,0.38,"2026-02-16",618,"N20","nominal","2.0NRT",300.2,3.56,"D"
"18889",12.22802,103.0503,346.11,0.42,0.38,"2026-02-16",618,"N20","nominal","2.0NRT",301.98,8.84,"D"
"18890",12.903,107.46621,344.29,0.43,0.38,"2026-02-16",618,"N20","nominal","2.0NRT",303.75,5.67,"D"
"18891",12.88092,107.31098,330.71,0.42,0.38,"2026-02-16",618,"N20","low","2.0NRT",302.97,2.15,"D"
"18892",12.81312,106.8152,333.11,0.41,0.37,"2026-02-16",618,"N20","low","2.0NRT",303.5,3.41,"D"
"18893",12.33914,103.69773,347.49,0.4,0.37,"2026-02-16",618,"N20","nominal","2.0NRT",300.87,5.7,"D"
"18894",12.88506,107.2907,334.19,0.42,0.38,"2026-02-16",618,"N20","low","2.0NRT",305.86,2.99,"D"
"18895",12.91062,107.44513,339.62,0.42,0.38,"2026-02-16",618,"N20","nominal","2.0NRT",303.95,7.28,"D"
"18896",12.89566,107.34028,336.09,0.42,0.38,"2026-02-16",618,"N20","low","2.0NRT",307.34,4.36,"D"
"18897",12.89401,107.32872,336.11,0.42,0.38,"2026-02-16",618,"N20","nominal","2.0NRT",303.76,3.15,"D"
"18898",12.8885,107.29019,335.89,0.42,0.38,"2026-02-16",618,"N20","nominal","2.0NRT",300.73,2.99,"D"
"18899",12.87256,107.17896,332.7,0.42,0.37,"2026-02-16",618,"N20","nominal","2.0NRT",301.52,1.6,"D"
"18900",12.98981,107.9799,336.23,0.45,0.39,"2026-02-16",618,"N20","nominal","2.0NRT",300.82,4.17,"D"
"18901",12.91409,107.44462,335.26,0.42,0.38,"2026-02-16",618,"N20","nominal","2.0NRT",301.74,2.52,"D"
"18902",12.91353,107.44072,339.31,0.42,0.38,"2026-02-16",618,"N20","nominal","2.0NRT",301.81,2.52,"D"
"18903",12.89801,107.33206,338.11,0.42,0.38,"2026-02-16",618,"N20","nominal","2.0NRT",304.7,2.92,"D"
"18904",12.89194,107.28968,343.87,0.42,0.38,"2026-02-16",618,"N20","nominal","2.0NRT",303.51,6.43,"D"
"18905",12.89139,107.28584,347.31,0.42,0.38,"2026-02-16",618,"N20","nominal","2.0NRT",306.65,6.43,"D"
"18906",12.89029,107.27814,343.75,0.42,0.38,"2026-02-16",618,"N20","nominal","2.0NRT",304.34,9.93,"D"
"18907",12.88974,107.27431,347.16,0.42,0.38,"2026-02-16",618,"N20","nominal","2.0NRT",302.83,4.05,"D"
"18908",12.99337,107.97942,336.33,0.45,0.39,"2026-02-16",618,"N20","nominal","2.0NRT",304.53,4.17,"D"
"18909",12.86248,107.06041,339.67,0.41,0.37,"2026-02-16",618,"N20","nominal","2.0NRT",304.52,3.37,"D"
"18910",12.99634,107.97486,337.89,0.45,0.39,"2026-02-16",618,"N20","low","2.0NRT",309.85,46.56,"D"
"18911",12.89025,107.18023,344.14,0.42,0.37,"2026-02-16",618,"N20","nominal","2.0NRT",302.84,6.89,"D"
"18912",12.86945,107.03624,339.93,0.41,0.37,"2026-02-16",618,"N20","nominal","2.0NRT",307.78,3.07,"D"
"18913",12.82172,106.70814,338.44,0.4,0.37,"2026-02-16",618,"N20","nominal","2.0NRT",305.9,2.34,"D"
"18914",12.32448,103.45341,351,0.41,0.37,"2026-02-16",618,"N20","nominal","2.0NRT",300.02,20.03,"D"
"18915",12.98224,107.7985,336.79,0.44,0.38,"2026-02-16",618,"N20","nominal","2.0NRT",305.03,4.7,"D"
"18916",12.69968,105.85958,334.63,0.39,0.36,"2026-02-16",618,"N20","low","2.0NRT",306.22,1.5,"D"
"18917",12.32788,103.45287,346.33,0.41,0.37,"2026-02-16",618,"N20","nominal","2.0NRT",301.35,20.03,"D"
"18918",12.98814,107.78944,331.08,0.44,0.38,"2026-02-16",618,"N20","low","2.0NRT",304.71,2.08,"D"
"18919",12.89999,107.17486,335.13,0.42,0.37,"2026-02-16",618,"N20","nominal","2.0NRT",302.76,2.04,"D"
"18920",12.98193,107.72073,333.94,0.44,0.38,"2026-02-16",618,"N20","nominal","2.0NRT",301.98,3.54,"D"
"18921",12.90232,107.16677,330.87,0.42,0.37,"2026-02-16",618,"N20","low","2.0NRT",302.33,3.39,"D"
"18922",12.84875,106.79849,334.44,0.4,0.37,"2026-02-16",618,"N20","nominal","2.0NRT",304.19,3.27,"D"
"18923",12.98791,107.68741,345.41,0.43,0.38,"2026-02-16",618,"N20","nominal","2.0NRT",301.05,8.57,"D"
"18924",12.98734,107.68343,341.61,0.43,0.38,"2026-02-16",618,"N20","nominal","2.0NRT",302.94,13.25,"D"
"18925",12.74724,106.04153,342.99,0.39,0.36,"2026-02-16",618,"N20","nominal","2.0NRT",307.67,0.92,"D"
"18926",12.74671,106.03797,337.84,0.39,0.36,"2026-02-16",618,"N20","nominal","2.0NRT",307.19,2.75,"D"
"18927",12.9783,107.5956,339.45,0.43,0.38,"2026-02-16",618,"N20","nominal","2.0NRT",304.84,3.75,"D"
"18928",12.97773,107.59164,333.01,0.43,0.38,"2026-02-16",618,"N20","low","2.0NRT",304.75,3.75,"D"
"18929",12.98122,107.59113,344.28,0.43,0.38,"2026-02-16",618,"N20","nominal","2.0NRT",303.71,3.75,"D"
"18930",12.93458,107.24408,336.09,0.42,0.38,"2026-02-16",618,"N20","nominal","2.0NRT",302.12,2.33,"D"
"18931",12.87234,106.81773,334.39,0.41,0.37,"2026-02-16",618,"N20","low","2.0NRT",304.53,3.08,"D"
"18932",12.43817,103.93229,345.89,0.4,0.37,"2026-02-16",618,"N20","nominal","2.0NRT",302.83,3.59,"D"
"18933",12.37598,103.53695,332.06,0.41,0.37,"2026-02-16",618,"N20","nominal","2.0NRT",299.52,4.13,"D"
"18934",12.37937,103.53645,333.03,0.41,0.37,"2026-02-16",618,"N20","nominal","2.0NRT",297.42,4.83,"D"
"18935",12.89839,106.92436,339.88,0.41,0.37,"2026-02-16",618,"N20","nominal","2.0NRT",307.73,5.17,"D"
"18936",12.89784,106.92062,340.45,0.41,0.37,"2026-02-16",618,"N20","nominal","2.0NRT",307.92,5.17,"D"
"18937",12.4443,103.9276,335.29,0.4,0.37,"2026-02-16",618,"N20","nominal","2.0NRT",300.76,4.39,"D"
"18938",12.44374,103.92398,335.95,0.4,0.37,"2026-02-16",618,"N20","nominal","2.0NRT",302.31,4.77,"D"
"18939",12.38276,103.53595,333.77,0.41,0.37,"2026-02-16",618,"N20","nominal","2.0NRT",297.45,4.83,"D"
"18940",12.38217,103.5322,347.65,0.41,0.37,"2026-02-16",618,"N20","nominal","2.0NRT",300.54,4.83,"D"
"18941",12.32443,103.16763,344.98,0.42,0.38,"2026-02-16",618,"N20","nominal","2.0NRT",300.26,3.73,"D"
"18942",12.32382,103.16383,347.88,0.42,0.38,"2026-02-16",618,"N20","nominal","2.0NRT",302.66,3.73,"D"
"18943",12.30619,103.05311,338.03,0.42,0.38,"2026-02-16",618,"N20","nominal","2.0NRT",303.76,5.9,"D"
"18944",12.88754,106.82687,335.92,0.41,0.37,"2026-02-16",618,"N20","low","2.0NRT",306.33,2.17,"D"
"18945",12.77425,106.06293,345.82,0.39,0.36,"2026-02-16",618,"N20","nominal","2.0NRT",309.33,6.89,"D"
"18946",13.01132,107.65145,335.58,0.43,0.38,"2026-02-16",618,"N20","nominal","2.0NRT",300.92,3.36,"D"
"18947",12.90353,106.91209,333.62,0.41,0.37,"2026-02-16",618,"N20","low","2.0NRT",307.81,1.32,"D"
"18948",12.90298,106.90836,340.97,0.41,0.37,"2026-02-16",618,"N20","nominal","2.0NRT",307.84,4.26,"D"
"18949",12.36243,103.36308,354.69,0.41,0.37,"2026-02-16",618,"N20","nominal","2.0NRT",298.89,6.01,"D"
"18950",12.36184,103.35938,335.73,0.41,0.37,"2026-02-16",618,"N20","nominal","2.0NRT",296.92,6.01,"D"
"18951",12.9982,107.53626,333.75,0.43,0.38,"2026-02-16",618,"N20","nominal","2.0NRT",304.89,3.09,"D"
"18952",12.95746,107.25642,336.78,0.42,0.38,"2026-02-16",618,"N20","nominal","2.0NRT",303.69,3.02,"D"
"18953",12.90638,106.90784,335.52,0.41,0.37,"2026-02-16",618,"N20","low","2.0NRT",308.67,3.36,"D"
"18954",12.36524,103.35882,348.19,0.41,0.37,"2026-02-16",618,"N20","nominal","2.0NRT",305.51,31.84,"D"
"18955",12.3353,103.16969,335.59,0.42,0.37,"2026-02-16",618,"N20","nominal","2.0NRT",299.6,4.97,"D"
"18956",12.9609,107.25591,335.35,0.42,0.38,"2026-02-16",618,"N20","nominal","2.0NRT",304.85,3.02,"D"
"18957",12.92469,107.00874,334.25,0.41,0.37,"2026-02-16",618,"N20","low","2.0NRT",308.51,4.06,"D"
"18958",13.03513,107.71706,346.29,0.44,0.38,"2026-02-16",618,"N20","nominal","2.0NRT",304.77,6.2,"D"
"18959",12.80856,106.17854,344.1,0.39,0.36,"2026-02-16",618,"N20","nominal","2.0NRT",309.33,9.25,"D"
"18960",12.84562,106.41228,336.81,0.4,0.37,"2026-02-16",618,"N20","low","2.0NRT",308.26,3.45,"D"
"18961",12.81223,106.1848,340.65,0.39,0.36,"2026-02-16",618,"N20","nominal","2.0NRT",310.19,6.49,"D"
"18962",12.81171,106.1812,344.25,0.39,0.36,"2026-02-16",618,"N20","nominal","2.0NRT",311.07,5.42,"D"
"18963",13.03593,107.71717,341.81,0.44,0.38,"2026-02-16",618,"N20","nominal","2.0NRT",302.96,6.16,"D"
"18964",12.81504,106.18069,338.39,0.39,0.36,"2026-02-16",618,"N20","nominal","2.0NRT",306.62,5.42,"D"
"18965",12.99158,107.37746,343.5,0.42,0.38,"2026-02-16",618,"N20","nominal","2.0NRT",302.34,38.08,"D"
"18966",12.68481,105.28735,338.09,0.38,0.36,"2026-02-16",618,"N20","nominal","2.0NRT",300.19,95.68,"D"
"18967",13.03395,107.65221,337.42,0.43,0.38,"2026-02-16",618,"N20","nominal","2.0NRT",302.54,5.92,"D"
"18968",12.96268,107.14996,331.42,0.42,0.37,"2026-02-16",618,"N20","low","2.0NRT",303.79,1.64,"D"
"18969",12.83762,106.28767,333.8,0.39,0.36,"2026-02-16",618,"N20","low","2.0NRT",306.81,3.23,"D"
"18970",12.81376,106.12582,338.05,0.39,0.36,"2026-02-16",618,"N20","nominal","2.0NRT",304.59,9.91,"D"
"18971",12.68811,105.28683,337.54,0.38,0.36,"2026-02-16",618,"N20","nominal","2.0NRT",302.19,95.68,"D"
"18972",12.45286,103.7727,331.72,0.4,0.37,"2026-02-16",618,"N20","low","2.0NRT",304.13,2.98,"D"
"18973",12.36173,103.20439,350.83,0.42,0.37,"2026-02-16",618,"N20","nominal","2.0NRT",302.27,24.26,"D"
"18974",13.03633,107.64375,331.03,0.43,0.38,"2026-02-16",618,"N20","nominal","2.0NRT",296.09,6.38,"D"
"18975",13.03578,107.6398,350.48,0.43,0.38,"2026-02-16",618,"N20","nominal","2.0NRT",302.34,6.38,"D"
"18976",12.36515,103.20383,336.81,0.42,0.37,"2026-02-16",618,"N20","nominal","2.0NRT",298.48,4.8,"D"
"18977",12.40545,103.43243,330.17,0.41,0.37,"2026-02-16",618,"N20","low","2.0NRT",301.35,1.75,"D"
"18978",12.38378,103.29763,348.28,0.41,0.37,"2026-02-16",618,"N20","nominal","2.0NRT",303.42,26.56,"D"
"18979",12.36918,103.20704,347.78,0.42,0.37,"2026-02-16",618,"N20","nominal","2.0NRT",301.13,4.8,"D"
"18980",12.93707,106.89915,338.06,0.41,0.37,"2026-02-16",618,"N20","low","2.0NRT",310.07,4.77,"D"
"18981",12.9252,106.8171,332.54,0.41,0.37,"2026-02-16",618,"N20","low","2.0NRT",307.24,2.85,"D"
"18982",12.88869,106.5661,347.43,0.4,0.37,"2026-02-16",618,"N20","nominal","2.0NRT",313.22,16.15,"D"
"18983",12.88816,106.56243,341.63,0.4,0.37,"2026-02-16",618,"N20","nominal","2.0NRT",311.16,4.62,"D"
"18984",12.37259,103.20646,333.22,0.42,0.37,"2026-02-16",618,"N20","nominal","2.0NRT",298.63,2.42,"D"
"18985",12.7045,105.30583,345.32,0.38,0.36,"2026-02-16",618,"N20","nominal","2.0NRT",299.73,6.24,"D"
"18986",12.98339,107.12354,334.77,0.41,0.37,"2026-02-16",618,"N20","nominal","2.0NRT",304.01,2.3,"D"
"18987",12.98284,107.11973,344.15,0.41,0.37,"2026-02-16",618,"N20","nominal","2.0NRT",306.16,8.49,"D"
"18988",12.80576,105.91161,346.29,0.39,0.36,"2026-02-16",618,"N20","nominal","2.0NRT",306.68,6.67,"D"
"18989",12.86116,106.26196,340.68,0.39,0.36,"2026-02-16",618,"N20","nominal","2.0NRT",306.37,6.25,"D"
"18990",12.80695,105.89688,342.08,0.39,0.36,"2026-02-16",618,"N20","nominal","2.0NRT",309.13,32.22,"D"
"18991",12.88585,106.40619,346.56,0.4,0.37,"2026-02-16",618,"N20","nominal","2.0NRT",310.35,10.4,"D"
"18992",13.05425,107.54398,333.54,0.43,0.38,"2026-02-16",618,"N20","nominal","2.0NRT",299.33,2.75,"D"
"18993",12.8892,106.40568,344.23,0.4,0.37,"2026-02-16",618,"N20","nominal","2.0NRT",310.93,10.4,"D"
"18994",13.01143,107.22081,347.64,0.42,0.38,"2026-02-16",618,"N20","nominal","2.0NRT",305.26,6.15,"D"
"18995",12.85678,106.16325,346.48,0.39,0.36,"2026-02-16",618,"N20","nominal","2.0NRT",308.04,14.15,"D"
"18996",13.04326,107.41761,338.04,0.42,0.38,"2026-02-16",618,"N20","nominal","2.0NRT",304.42,5.98,"D"
"18997",12.90501,106.46652,340.59,0.4,0.37,"2026-02-16",618,"N20","low","2.0NRT",312.26,4.88,"D"
"18998",12.39179,103.12922,331.78,0.42,0.38,"2026-02-16",618,"N20","nominal","2.0NRT",301.61,3.4,"D"
"18999",13.04729,107.42101,349.33,0.43,0.38,"2026-02-16",618,"N20","nominal","2.0NRT",305.19,5.17,"D"
"19000",13.04449,107.40152,338.82,0.42,0.38,"2026-02-16",618,"N20","nominal","2.0NRT",303.37,4.87,"D"
"19001",12.90837,106.46601,342.02,0.4,0.37,"2026-02-16",618,"N20","nominal","2.0NRT",309.29,4.03,"D"
"19002",13.05075,107.42051,338.43,0.43,0.38,"2026-02-16",618,"N20","nominal","2.0NRT",301.41,5.17,"D"
"19003",13.0353,107.26443,334.9,0.42,0.38,"2026-02-16",618,"N20","nominal","2.0NRT",302.69,3.04,"D"
"19004",13.0109,107.09611,330.62,0.41,0.37,"2026-02-16",618,"N20","low","2.0NRT",305.41,0.99,"D"
"19005",12.89698,106.31927,342.18,0.39,0.37,"2026-02-16",618,"N20","nominal","2.0NRT",309.31,8.22,"D"
"19006",12.43688,103.32355,332.11,0.41,0.37,"2026-02-16",618,"N20","low","2.0NRT",304.3,1.1,"D"
"19007",12.90528,106.32909,339.28,0.39,0.37,"2026-02-16",618,"N20","nominal","2.0NRT",307.75,9.43,"D"
"19008",12.88974,106.2244,354.03,0.39,0.36,"2026-02-16",618,"N20","nominal","2.0NRT",311.92,24.82,"D"
"19009",12.89308,106.22388,352.29,0.39,0.36,"2026-02-16",618,"N20","nominal","2.0NRT",310,12.82,"D"
"19010",12.89254,106.22028,345.22,0.39,0.36,"2026-02-16",618,"N20","nominal","2.0NRT",311.43,21.48,"D"
"19011",13.12127,107.73755,337.11,0.44,0.38,"2026-02-16",618,"N20","nominal","2.0NRT",306.77,4.35,"D"
"19012",12.78619,105.46582,341,0.38,0.36,"2026-02-16",618,"N20","nominal","2.0NRT",305.18,11.6,"D"
"19013",12.78566,105.4623,331.41,0.38,0.36,"2026-02-16",618,"N20","nominal","2.0NRT",300.35,11.6,"D"
"19014",12.85074,105.8719,345.38,0.39,0.36,"2026-02-16",618,"N20","nominal","2.0NRT",302.3,6.99,"D"
"19015",12.78949,105.4653,343.81,0.38,0.36,"2026-02-16",618,"N20","nominal","2.0NRT",306.28,11.6,"D"
"19016",12.44232,103.22575,349.63,0.42,0.37,"2026-02-16",618,"N20","nominal","2.0NRT",304.46,39.48,"D"
"19017",13.10699,107.58887,334.71,0.43,0.38,"2026-02-16",618,"N20","low","2.0NRT",306.6,2.83,"D"
"19018",13.09723,107.52143,340.86,0.43,0.38,"2026-02-16",618,"N20","nominal","2.0NRT",301.21,6.3,"D"
"19019",13.02601,107.03197,333.62,0.41,0.37,"2026-02-16",618,"N20","low","2.0NRT",307.23,4.27,"D"
"19020",12.79279,105.46478,333.49,0.38,0.36,"2026-02-16",618,"N20","nominal","2.0NRT",302.55,3.25,"D"
"19021",12.44694,103.23277,345.15,0.41,0.37,"2026-02-16",618,"N20","nominal","2.0NRT",303.66,9.99,"D"
"19022",13.04163,107.11487,339.15,0.41,0.37,"2026-02-16",618,"N20","nominal","2.0NRT",305.89,2.33,"D"
"19023",13.1134,107.58389,346.38,0.43,0.38,"2026-02-16",618,"N20","nominal","2.0NRT",307.01,9.59,"D"
"19024",13.03506,107.04607,330.1,0.41,0.37,"2026-02-16",618,"N20","low","2.0NRT",304.74,0.68,"D"
"19025",12.93462,106.36536,339.88,0.4,0.37,"2026-02-16",618,"N20","low","2.0NRT",312.01,8.38,"D"
"19026",12.43815,103.13316,332.39,0.42,0.38,"2026-02-16",618,"N20","nominal","2.0NRT",301.27,4.59,"D"
"19027",12.43696,103.12569,332.54,0.42,0.38,"2026-02-16",618,"N20","nominal","2.0NRT",298.53,3.24,"D"
"19028",12.88644,106.01947,334.29,0.39,0.36,"2026-02-16",618,"N20","low","2.0NRT",307.97,7.57,"D"
"19029",12.94618,106.39703,352.47,0.4,0.37,"2026-02-16",618,"N20","nominal","2.0NRT",311.71,4.91,"D"
"19030",12.94564,106.39339,350.84,0.4,0.37,"2026-02-16",618,"N20","nominal","2.0NRT",311.62,4.91,"D"
"19031",12.94132,106.36434,347.9,0.4,0.37,"2026-02-16",618,"N20","nominal","2.0NRT",310.08,5.75,"D"
"19032",12.88977,106.01896,338.01,0.39,0.36,"2026-02-16",618,"N20","nominal","2.0NRT",302.9,3.23,"D"
"19033",12.87053,105.89066,347.71,0.39,0.36,"2026-02-16",618,"N20","nominal","2.0NRT",303.15,6.81,"D"
"19034",13.02479,106.90507,340.37,0.41,0.37,"2026-02-16",618,"N20","nominal","2.0NRT",309.33,3.05,"D"
"19035",12.93874,106.32399,342.68,0.39,0.37,"2026-02-16",618,"N20","nominal","2.0NRT",308.65,14.77,"D"
"19036",12.9382,106.32037,341.74,0.39,0.37,"2026-02-16",618,"N20","low","2.0NRT",312.65,14.77,"D"
"19037",12.45562,103.17687,345.04,0.42,0.37,"2026-02-16",618,"N20","nominal","2.0NRT",302.25,5.82,"D"
"19038",13.02559,106.9051,341.12,0.41,0.37,"2026-02-16",618,"N20","nominal","2.0NRT",308.49,3.09,"D"
"19039",12.94492,106.34888,337.1,0.4,0.37,"2026-02-16",618,"N20","low","2.0NRT",307.94,3.58,"D"
"19040",12.94439,106.34526,336.99,0.4,0.37,"2026-02-16",618,"N20","low","2.0NRT",308.13,3.09,"D"
"19041",12.94121,106.32352,348.58,0.39,0.37,"2026-02-16",618,"N20","nominal","2.0NRT",309.14,6.05,"D"
"19042",12.94068,106.3199,343.53,0.39,0.37,"2026-02-16",618,"N20","nominal","2.0NRT",310.04,6.05,"D"
"19043",12.45571,103.17721,344.04,0.42,0.37,"2026-02-16",618,"N20","nominal","2.0NRT",302.34,5.14,"D"
"19044",12.94843,106.32612,336.24,0.4,0.37,"2026-02-16",618,"N20","low","2.0NRT",308.95,3.49,"D"
"19045",12.45985,103.13767,336.28,0.42,0.37,"2026-02-16",618,"N20","nominal","2.0NRT",303.08,2.8,"D"
"19046",12.89307,105.90516,337.56,0.39,0.36,"2026-02-16",618,"N20","nominal","2.0NRT",305.79,3.49,"D"
"19047",12.87242,105.76659,336.19,0.39,0.36,"2026-02-16",618,"N20","nominal","2.0NRT",302.15,1.99,"D"
"19048",12.90024,105.90769,350.52,0.39,0.36,"2026-02-16",618,"N20","nominal","2.0NRT",305.55,5.47,"D"
"19049",13.12568,107.43383,338.61,0.43,0.38,"2026-02-16",618,"N20","nominal","2.0NRT",304.55,3.04,"D"
"19050",12.90462,105.9143,340.12,0.39,0.36,"2026-02-16",618,"N20","nominal","2.0NRT",303.11,2.79,"D"
"19051",12.8813,105.75794,333.28,0.39,0.36,"2026-02-16",618,"N20","nominal","2.0NRT",299.07,1.36,"D"
"19052",13.07185,107.03304,337.5,0.41,0.37,"2026-02-16",618,"N20","low","2.0NRT",308.4,3.25,"D"
"19053",13.07131,107.02926,349.21,0.41,0.37,"2026-02-16",618,"N20","nominal","2.0NRT",309.57,6.27,"D"
"19054",12.98238,106.41746,345.54,0.4,0.37,"2026-02-16",618,"N20","nominal","2.0NRT",310.88,5.05,"D"
"19055",12.98184,106.41381,338.6,0.4,0.37,"2026-02-16",618,"N20","low","2.0NRT",310.97,10.66,"D"
"19056",12.90847,105.91734,338.71,0.39,0.36,"2026-02-16",618,"N20","nominal","2.0NRT",305.51,5.44,"D"
"19057",12.90794,105.91378,348.34,0.39,0.36,"2026-02-16",618,"N20","nominal","2.0NRT",304.63,5.44,"D"
"19058",12.50017,103.27893,330.36,0.41,0.37,"2026-02-16",618,"N20","nominal","2.0NRT",299.4,1.75,"D"
"19059",12.49536,103.24899,340.79,0.41,0.37,"2026-02-16",618,"N20","nominal","2.0NRT",301.38,12.65,"D"
"19060",12.98573,106.41694,342.4,0.4,0.37,"2026-02-16",618,"N20","nominal","2.0NRT",307.93,5.05,"D"
"19061",12.9852,106.4133,347.9,0.4,0.37,"2026-02-16",618,"N20","nominal","2.0NRT",312.33,10.66,"D"
"19062",12.91232,105.92038,335.68,0.39,0.36,"2026-02-16",618,"N20","nominal","2.0NRT",303.46,2.64,"D"
"19063",12.91179,105.91682,344.72,0.39,0.36,"2026-02-16",618,"N20","nominal","2.0NRT",305.65,5.44,"D"
"19064",12.91126,105.91326,346.18,0.39,0.36,"2026-02-16",618,"N20","nominal","2.0NRT",305.11,5.44,"D"
"19065",12.50357,103.27829,330.8,0.41,0.37,"2026-02-16",618,"N20","nominal","2.0NRT",298.92,1.75,"D"
"19066",12.50296,103.27454,330.27,0.41,0.37,"2026-02-16",618,"N20","nominal","2.0NRT",298.87,1.75,"D"
"19067",12.98855,106.41279,343.69,0.4,0.37,"2026-02-16",618,"N20","nominal","2.0NRT",309.1,13.46,"D"
"19068",13.15706,107.52954,346.77,0.43,0.38,"2026-02-16",618,"N20","nominal","2.0NRT",307.47,5.59,"D"
"19069",13.16054,107.52904,335.52,0.43,0.38,"2026-02-16",618,"N20","low","2.0NRT",306.63,5.59,"D"
"19070",13.09497,107.07223,338.29,0.41,0.37,"2026-02-16",618,"N20","low","2.0NRT",309.63,6.41,"D"
"19071",13.05079,106.76766,354.06,0.41,0.37,"2026-02-16",618,"N20","nominal","2.0NRT",310.79,9.31,"D"
"19072",13.05025,106.76395,348.2,0.41,0.37,"2026-02-16",618,"N20","nominal","2.0NRT",307.08,11.4,"D"
"19073",13.05417,106.76714,367,0.41,0.37,"2026-02-16",618,"N20","high","2.0NRT",336.57,183.75,"D"
"19074",13.05363,106.76343,367,0.41,0.37,"2026-02-16",618,"N20","high","2.0NRT",337.32,202.62,"D"
"19075",13.16346,107.52457,335.74,0.43,0.38,"2026-02-16",618,"N20","nominal","2.0NRT",305.72,6.73,"D"
"19076",13.14103,107.36779,339.64,0.42,0.38,"2026-02-16",618,"N20","nominal","2.0NRT",304.76,9.38,"D"
"19077",13.09784,107.06792,338.42,0.41,0.37,"2026-02-16",618,"N20","low","2.0NRT",309.58,3.6,"D"
"19078",12.98111,106.26933,337.3,0.39,0.36,"2026-02-16",618,"N20","low","2.0NRT",309.17,3.05,"D"
"19079",13.10126,107.06741,337.76,0.41,0.37,"2026-02-16",618,"N20","low","2.0NRT",310,3.6,"D"
"19080",13.17666,107.56709,336.24,0.43,0.38,"2026-02-16",618,"N20","low","2.0NRT",307.09,5.95,"D"
"19081",13.13957,107.30851,346.26,0.42,0.38,"2026-02-16",618,"N20","nominal","2.0NRT",310.18,34.65,"D"
"19082",13.18194,107.55417,335.73,0.43,0.38,"2026-02-16",618,"N20","nominal","2.0NRT",304.24,5.3,"D"
"19083",13.07166,106.76835,339.63,0.41,0.37,"2026-02-16",618,"N20","low","2.0NRT",311.9,6.54,"D"
"19084",12.91892,105.73758,337.44,0.39,0.36,"2026-02-16",618,"N20","nominal","2.0NRT",302.91,6.26,"D"
"19085",12.92542,105.75834,355.39,0.39,0.36,"2026-02-16",618,"N20","nominal","2.0NRT",306.1,11.56,"D"
"19086",12.92489,105.75479,348.72,0.39,0.36,"2026-02-16",618,"N20","nominal","2.0NRT",304.83,8.1,"D"
"19087",12.92223,105.73707,339.92,0.39,0.36,"2026-02-16",618,"N20","nominal","2.0NRT",302.38,2.87,"D"
"19088",12.58476,103.54754,335.79,0.4,0.37,"2026-02-16",618,"N20","nominal","2.0NRT",303.09,5.32,"D"
"19089",12.92874,105.75782,343.57,0.39,0.36,"2026-02-16",618,"N20","nominal","2.0NRT",302.41,11.56,"D"
"19090",12.52026,103.1198,337.37,0.42,0.38,"2026-02-16",618,"N20","nominal","2.0NRT",303.01,3.98,"D"
"19091",13.23325,107.81261,338.16,0.44,0.38,"2026-02-16",618,"N20","nominal","2.0NRT",304.23,2.76,"D"
"19092",12.52369,103.11921,335.96,0.42,0.38,"2026-02-16",618,"N20","nominal","2.0NRT",300.85,11.23,"D"
"19093",12.99137,106.13136,346.7,0.39,0.36,"2026-02-16",618,"N20","nominal","2.0NRT",309.79,13.04,"D"
"19094",13.05601,106.54439,344,0.4,0.37,"2026-02-16",618,"N20","nominal","2.0NRT",311.65,3.16,"D"
"19095",12.48683,102.84453,332,0.43,0.38,"2026-02-16",618,"N20","nominal","2.0NRT",299.93,3.27,"D"
"19096",13.0751,106.65052,332.95,0.4,0.37,"2026-02-16",618,"N20","low","2.0NRT",306.46,1.14,"D"
"19097",13.05938,106.54388,342.61,0.4,0.37,"2026-02-16",618,"N20","nominal","2.0NRT",311.68,3.16,"D"
"19098",12.98746,106.03661,346.74,0.39,0.36,"2026-02-16",618,"N20","nominal","2.0NRT",306.9,4.59,"D"
"19099",12.98693,106.03304,335.88,0.39,0.36,"2026-02-16",618,"N20","nominal","2.0NRT",304.82,4.59,"D"
"19100",12.99079,106.03609,348.69,0.39,0.36,"2026-02-16",618,"N20","nominal","2.0NRT",305.85,4.59,"D"
"19101",12.87559,105.27141,330.8,0.38,0.36,"2026-02-16",618,"N20","low","2.0NRT",302.7,2.91,"D"
"19102",13.13853,107.01146,337.5,0.41,0.37,"2026-02-16",618,"N20","nominal","2.0NRT",306.75,5.4,"D"
"19103",12.99744,106.03506,333.46,0.39,0.36,"2026-02-16",618,"N20","nominal","2.0NRT",301.41,1.85,"D"
"19104",12.99584,106.02433,337.29,0.39,0.36,"2026-02-16",618,"N20","nominal","2.0NRT",305,2.82,"D"
"19105",13.17609,107.22028,347.96,0.42,0.38,"2026-02-16",618,"N20","nominal","2.0NRT",302.41,7.1,"D"
"19106",13.17553,107.21643,330.8,0.42,0.38,"2026-02-16",618,"N20","low","2.0NRT",302.45,1.81,"D"
"19107",12.95215,105.71066,336.91,0.39,0.36,"2026-02-16",618,"N20","nominal","2.0NRT",303.09,5.77,"D"
"19108",13.02754,106.17314,342.8,0.39,0.36,"2026-02-16",618,"N20","nominal","2.0NRT",308.43,9.09,"D"
"19109",12.95822,105.70547,336.04,0.39,0.36,"2026-02-16",618,"N20","nominal","2.0NRT",302,4.33,"D"
"19110",12.9577,105.70193,349.57,0.39,0.36,"2026-02-16",618,"N20","nominal","2.0NRT",301.18,4.33,"D"
"19111",13.32306,108.22656,335.31,0.46,0.39,"2026-02-16",618,"N20","nominal","2.0NRT",302.37,4.55,"D"
"19112",13.03353,106.19065,345.67,0.39,0.36,"2026-02-16",618,"N20","nominal","2.0NRT",307.73,8.37,"D"
"19113",12.96206,105.7085,341.32,0.39,0.36,"2026-02-16",618,"N20","nominal","2.0NRT",305.1,7.27,"D"
"19114",12.96154,105.70496,342.44,0.39,0.36,"2026-02-16",618,"N20","nominal","2.0NRT",304.85,4.33,"D"
"19115",12.96101,105.70141,346.29,0.39,0.36,"2026-02-16",618,"N20","nominal","2.0NRT",303.15,4.33,"D"
"19116",13.32725,108.23035,335.5,0.46,0.39,"2026-02-16",618,"N20","nominal","2.0NRT",301.95,3.1,"D"
"19117",13.32609,108.22188,342.64,0.46,0.39,"2026-02-16",618,"N20","nominal","2.0NRT",303.02,3.99,"D"
"19118",13.27209,107.83218,334.82,0.44,0.39,"2026-02-16",618,"N20","low","2.0NRT",308.43,6.13,"D"
"19119",13.03687,106.19013,345.26,0.39,0.36,"2026-02-16",618,"N20","nominal","2.0NRT",310.04,4.39,"D"
"19120",12.96591,105.71152,339.59,0.39,0.36,"2026-02-16",618,"N20","nominal","2.0NRT",304.74,3.16,"D"
"19121",13.33086,108.22989,331.5,0.46,0.39,"2026-02-16",618,"N20","nominal","2.0NRT",298.91,3.1,"D"
"19122",13.27563,107.83166,343.94,0.44,0.39,"2026-02-16",618,"N20","nominal","2.0NRT",308.94,6.13,"D"
"19123",13.2145,107.39682,338,0.43,0.38,"2026-02-16",618,"N20","nominal","2.0NRT",304.95,4.27,"D"
"19124",13.11432,106.69717,333.03,0.4,0.37,"2026-02-16",618,"N20","low","2.0NRT",305.28,3.3,"D"
"19125",13.03809,106.17521,339.52,0.39,0.36,"2026-02-16",618,"N20","nominal","2.0NRT",308.36,4.99,"D"
"19126",12.96922,105.71101,341.9,0.39,0.36,"2026-02-16",618,"N20","nominal","2.0NRT",305.31,3.16,"D"
"19127",12.96869,105.70747,334,0.39,0.36,"2026-02-16",618,"N20","low","2.0NRT",305.72,3.16,"D"
"19128",13.28726,107.86327,334.74,0.44,0.39,"2026-02-16",618,"N20","nominal","2.0NRT",304.38,2.35,"D"
"19129",13.28669,107.85916,333.73,0.44,0.39,"2026-02-16",618,"N20","low","2.0NRT",303.86,2.35,"D"
"19130",13.13685,106.78107,340.08,0.41,0.37,"2026-02-16",618,"N20","nominal","2.0NRT",305.75,3.57,"D"
"19131",13.24411,107.48058,354.98,0.43,0.38,"2026-02-16",618,"N20","nominal","2.0NRT",309.01,14.53,"D"
"19132",13.24355,107.47664,334.8,0.43,0.38,"2026-02-16",618,"N20","low","2.0NRT",307.42,6.84,"D"
"19133",13.14255,106.7726,343.9,0.41,0.37,"2026-02-16",618,"N20","nominal","2.0NRT",307.18,7.61,"D"
"19134",12.93053,105.34135,330.94,0.38,0.36,"2026-02-16",618,"N20","low","2.0NRT",305.83,2.93,"D"
"19135",13.03738,106.03202,335.85,0.39,0.36,"2026-02-16",618,"N20","nominal","2.0NRT",303.14,3.91,"D"
"19136",13.03684,106.02843,348.5,0.39,0.36,"2026-02-16",618,"N20","nominal","2.0NRT",304.52,5.49,"D"
"19137",13.03631,106.02486,336.71,0.39,0.36,"2026-02-16",618,"N20","nominal","2.0NRT",305.28,5.49,"D"
"19138",13.04123,106.0351,345.2,0.39,0.36,"2026-02-16",618,"N20","nominal","2.0NRT",306.1,6.5,"D"
"19139",13.03964,106.02435,339.36,0.39,0.36,"2026-02-16",618,"N20","nominal","2.0NRT",304.48,3.58,"D"
"19140",13.31716,107.92165,333.16,0.45,0.39,"2026-02-16",618,"N20","low","2.0NRT",303.2,3.1,"D"
"19141",13.32535,107.9541,338.65,0.45,0.39,"2026-02-16",618,"N20","nominal","2.0NRT",305.64,5.37,"D"
"19142",13.21074,107.14831,344.16,0.42,0.37,"2026-02-16",618,"N20","nominal","2.0NRT",308.25,3.17,"D"
"19143",13.21019,107.14447,335.74,0.42,0.37,"2026-02-16",618,"N20","low","2.0NRT",307.2,3.17,"D"
"19144",12.63875,103.37833,346.42,0.41,0.37,"2026-02-16",618,"N20","nominal","2.0NRT",304.29,4.87,"D"
"19145",13.35281,108.12382,331.46,0.46,0.39,"2026-02-16",618,"N20","low","2.0NRT",302.79,3.96,"D"
"19146",13.05867,106.08376,354.41,0.39,0.36,"2026-02-16",618,"N20","nominal","2.0NRT",309.95,13.85,"D"
"19147",13.04856,106.01565,336.74,0.39,0.36,"2026-02-16",618,"N20","nominal","2.0NRT",304.75,3,"D"
"19148",13.11007,106.40864,344.22,0.4,0.37,"2026-02-16",618,"N20","nominal","2.0NRT",311.26,9.45,"D"
"19149",13.062,106.08325,351.85,0.39,0.36,"2026-02-16",618,"N20","nominal","2.0NRT",310.94,14.07,"D"
"19150",13.49387,109.08902,336.99,0.51,0.41,"2026-02-16",618,"N20","nominal","2.0NRT",292.76,3.72,"D"
"19151",13.33427,107.9402,339.77,0.45,0.39,"2026-02-16",618,"N20","nominal","2.0NRT",305.78,8.85,"D"
"19152",13.06587,106.08633,344.22,0.39,0.36,"2026-02-16",618,"N20","nominal","2.0NRT",311.01,9.98,"D"
"19153",13.34304,107.9766,338.94,0.45,0.39,"2026-02-16",618,"N20","nominal","2.0NRT",307.47,5.69,"D"
"19154",13.14207,106.57974,338.72,0.4,0.37,"2026-02-16",618,"N20","low","2.0NRT",309.37,4.76,"D"
"19155",13.30499,107.68287,330.9,0.44,0.38,"2026-02-16",618,"N20","low","2.0NRT",303.14,3.75,"D"
"19156",13.17959,106.81279,331.32,0.41,0.37,"2026-02-16",618,"N20","low","2.0NRT",305,2.29,"D"
"19157",13.00282,105.61884,334.64,0.39,0.36,"2026-02-16",618,"N20","nominal","2.0NRT",301.88,5.33,"D"
"19158",13.24803,107.26073,345.33,0.42,0.38,"2026-02-16",618,"N20","nominal","2.0NRT",305.27,5.33,"D"
"19159",13.19227,106.87596,340.99,0.41,0.37,"2026-02-16",618,"N20","nominal","2.0NRT",307.61,3.7,"D"
"19160",13.00772,105.62893,333.77,0.39,0.36,"2026-02-16",618,"N20","nominal","2.0NRT",303.45,3.05,"D"
"19161",12.71293,103.7148,331.05,0.4,0.37,"2026-02-16",618,"N20","low","2.0NRT",302.75,1.56,"D"
"19162",13.22438,107.04881,337.87,0.41,0.37,"2026-02-16",618,"N20","low","2.0NRT",310.74,5.43,"D"
"19163",13.5264,109.15699,335.49,0.52,0.41,"2026-02-16",618,"N20","nominal","2.0NRT",294.23,7.32,"D"
"19164",13.40063,108.25502,330.63,0.46,0.39,"2026-02-16",618,"N20","low","2.0NRT",303.23,5.79,"D"
"19165",13.21016,106.92709,333.74,0.41,0.37,"2026-02-16",618,"N20","low","2.0NRT",307.91,1.77,"D"
"19166",13.06557,105.94716,330.13,0.39,0.36,"2026-02-16",618,"N20","low","2.0NRT",303.33,2.56,"D"
"19167",13.21302,106.92283,347.05,0.41,0.37,"2026-02-16",618,"N20","nominal","2.0NRT",308.33,5.3,"D"
"19168",12.60128,102.9248,335.56,0.42,0.38,"2026-02-16",618,"N20","nominal","2.0NRT",301.53,1.2,"D"
"19169",13.4072,108.2494,330.06,0.46,0.39,"2026-02-16",618,"N20","low","2.0NRT",300.27,7.23,"D"
"19170",13.37449,108.01875,353.28,0.45,0.39,"2026-02-16",618,"N20","nominal","2.0NRT",303.23,9.38,"D"
"19171",13.3739,108.0146,337.32,0.45,0.39,"2026-02-16",618,"N20","nominal","2.0NRT",306.18,9.38,"D"
"19172",13.24853,107.14268,341.74,0.42,0.37,"2026-02-16",618,"N20","nominal","2.0NRT",307.6,6.2,"D"
"19173",12.64622,103.1842,350.3,0.41,0.37,"2026-02-16",618,"N20","nominal","2.0NRT",304.12,4.62,"D"
"19174",12.64562,103.1804,335.06,0.41,0.37,"2026-02-16",618,"N20","nominal","2.0NRT",303.09,4.62,"D"
"19175",13.41079,108.24879,332.22,0.46,0.39,"2026-02-16",618,"N20","nominal","2.0NRT",299.58,3.93,"D"
"19176",13.37747,108.01409,333.14,0.45,0.39,"2026-02-16",618,"N20","low","2.0NRT",306.44,5.43,"D"
"19177",13.14578,106.41811,340.54,0.4,0.37,"2026-02-16",618,"N20","low","2.0NRT",311.04,4.33,"D"
"19178",12.65924,103.24403,335.69,0.41,0.37,"2026-02-16",618,"N20","nominal","2.0NRT",303.68,1.75,"D"
"19179",12.64964,103.18362,344.91,0.41,0.37,"2026-02-16",618,"N20","nominal","2.0NRT",305.5,6.6,"D"
"19180",12.61803,102.98532,338.45,0.42,0.38,"2026-02-16",618,"N20","nominal","2.0NRT",302.92,4.32,"D"
"19181",13.38163,108.01773,347.36,0.45,0.39,"2026-02-16",618,"N20","nominal","2.0NRT",306.07,5.43,"D"
"19182",13.38104,108.01358,348.54,0.45,0.39,"2026-02-16",618,"N20","nominal","2.0NRT",307.65,5.43,"D"
"19183",13.14914,106.41759,344.64,0.4,0.37,"2026-02-16",618,"N20","nominal","2.0NRT",310.98,4.33,"D"
"19184",13.2594,107.145,340.08,0.42,0.37,"2026-02-16",618,"N20","nominal","2.0NRT",306.19,3.14,"D"
"19185",13.1525,106.41708,345.54,0.4,0.37,"2026-02-16",618,"N20","nominal","2.0NRT",309.49,4.86,"D"
"19186",13.26395,107.15216,340.96,0.42,0.37,"2026-02-16",618,"N20","nominal","2.0NRT",308.01,4.73,"D"
"19187",13.26339,107.14832,345.15,0.42,0.37,"2026-02-16",618,"N20","nominal","2.0NRT",306.5,3.14,"D"
"19188",13.26283,107.14449,340.18,0.42,0.37,"2026-02-16",618,"N20","nominal","2.0NRT",305.62,3.14,"D"
"19189",13.22179,106.86387,330.73,0.41,0.37,"2026-02-16",618,"N20","low","2.0NRT",303.88,1.69,"D"
"19190",13.45863,108.48164,332.74,0.48,0.4,"2026-02-16",618,"N20","nominal","2.0NRT",298.42,3.25,"D"
"19191",13.28198,107.25175,338.95,0.42,0.38,"2026-02-16",618,"N20","nominal","2.0NRT",306.71,3.31,"D"
"19192",13.25121,107.04093,334.02,0.41,0.37,"2026-02-16",618,"N20","low","2.0NRT",306.91,1.7,"D"
"19193",13.28543,107.25124,341.66,0.42,0.38,"2026-02-16",618,"N20","nominal","2.0NRT",306.44,3.31,"D"
"19194",13.26356,107.10139,349.42,0.42,0.37,"2026-02-16",618,"N20","nominal","2.0NRT",306.87,13.46,"D"
"19195",13.263,107.09757,349.74,0.42,0.37,"2026-02-16",618,"N20","nominal","2.0NRT",308.27,13.46,"D"
"19196",13.25519,107.04422,336.71,0.41,0.37,"2026-02-16",618,"N20","low","2.0NRT",307.52,3.64,"D"
"19197",13.09644,105.97165,339.14,0.39,0.36,"2026-02-16",618,"N20","nominal","2.0NRT",306.37,7.44,"D"
"19198",13.26643,107.09706,351.49,0.42,0.37,"2026-02-16",618,"N20","nominal","2.0NRT",308.98,9.74,"D"
"19199",13.22594,106.82117,338.91,0.41,0.37,"2026-02-16",618,"N20","nominal","2.0NRT",306.86,4.22,"D"
"19200",13.15025,106.30952,343.44,0.4,0.37,"2026-02-16",618,"N20","nominal","2.0NRT",312.02,9,"D"
"19201",13.14216,106.25516,350.68,0.39,0.37,"2026-02-16",618,"N20","nominal","2.0NRT",307.44,9.67,"D"
"19202",13.1344,106.1381,341.33,0.39,0.36,"2026-02-16",618,"N20","nominal","2.0NRT",310.03,5.78,"D"
"19203",13.13773,106.13758,348.38,0.39,0.36,"2026-02-16",618,"N20","nominal","2.0NRT",310.12,4.07,"D"
"19204",13.32586,107.39268,335.96,0.43,0.38,"2026-02-16",618,"N20","low","2.0NRT",306.62,1.53,"D"
"19205",13.27911,107.06422,340.82,0.42,0.37,"2026-02-16",618,"N20","nominal","2.0NRT",307.45,2.91,"D"
"19206",13.14865,106.16538,340.5,0.39,0.36,"2026-02-16",618,"N20","low","2.0NRT",311.69,8.48,"D"
"19207",13.12439,105.97808,338.21,0.39,0.36,"2026-02-16",618,"N20","nominal","2.0NRT",306.09,5.31,"D"
"19208",13.16915,106.25829,337.68,0.39,0.37,"2026-02-16",618,"N20","low","2.0NRT",308.39,4.38,"D"
"19209",13.16862,106.25466,351.6,0.39,0.37,"2026-02-16",618,"N20","nominal","2.0NRT",310.78,4.38,"D"
"19210",13.16809,106.25104,345.37,0.39,0.37,"2026-02-16",618,"N20","nominal","2.0NRT",308.56,8.59,"D"
"19211",13.16755,106.24741,345.4,0.39,0.37,"2026-02-16",618,"N20","nominal","2.0NRT",306.31,8.59,"D"
"19212",13.46526,108.31262,330.19,0.47,0.4,"2026-02-16",618,"N20","low","2.0NRT",301.18,1.54,"D"
"19213",13.35639,107.53317,339,0.43,0.38,"2026-02-16",618,"N20","nominal","2.0NRT",303.74,1.98,"D"
"19214",13.32572,107.31696,341.33,0.42,0.38,"2026-02-16",618,"N20","nominal","2.0NRT",308.51,3.94,"D"
"19215",13.17303,106.2614,339.29,0.39,0.37,"2026-02-16",618,"N20","nominal","2.0NRT",307.39,3.18,"D"
"19216",13.1725,106.25777,341.24,0.39,0.37,"2026-02-16",618,"N20","nominal","2.0NRT",310.38,4.38,"D"
"19217",13.17638,106.26089,344.3,0.39,0.37,"2026-02-16",618,"N20","nominal","2.0NRT",307.25,5.87,"D"
"19218",13.17584,106.25726,341.15,0.39,0.37,"2026-02-16",618,"N20","nominal","2.0NRT",308.45,6.31,"D"
"19219",13.36394,107.53611,335.05,0.43,0.38,"2026-02-16",618,"N20","nominal","2.0NRT",303.53,2.36,"D"
"19220",13.36338,107.53214,338.85,0.43,0.38,"2026-02-16",618,"N20","nominal","2.0NRT",307.71,4.87,"D"
"19221",12.64181,102.78716,335.87,0.43,0.38,"2026-02-16",618,"N20","nominal","2.0NRT",300.99,6.18,"D"
"19222",12.64117,102.78325,332.52,0.43,0.38,"2026-02-16",618,"N20","nominal","2.0NRT",301.62,5.02,"D"
"19223",13.36799,107.53957,352.84,0.43,0.38,"2026-02-16",618,"N20","nominal","2.0NRT",308.06,7.22,"D"
"19224",13.36743,107.5356,343.75,0.43,0.38,"2026-02-16",618,"N20","nominal","2.0NRT",308.27,7.22,"D"
"19225",13.36687,107.53162,333.47,0.43,0.38,"2026-02-16",618,"N20","low","2.0NRT",306.15,1.45,"D"
"19226",13.2729,106.87553,335.02,0.41,0.37,"2026-02-16",618,"N20","nominal","2.0NRT",304.61,3.92,"D"
"19227",13.27236,106.87177,340.64,0.41,0.37,"2026-02-16",618,"N20","nominal","2.0NRT",310.24,3.92,"D"
"19228",13.27631,106.87502,334.69,0.41,0.37,"2026-02-16",618,"N20","low","2.0NRT",307.63,3.92,"D"
"19229",13.16297,106.10056,339,0.39,0.36,"2026-02-16",618,"N20","nominal","2.0NRT",308.39,3.8,"D"
"19230",13.40338,107.73896,339.17,0.44,0.38,"2026-02-16",618,"N20","nominal","2.0NRT",303.68,5.66,"D"
"19231",12.77616,103.5575,340.67,0.4,0.37,"2026-02-16",618,"N20","nominal","2.0NRT",303.49,2.97,"D"
"19232",13.26734,106.76534,337.54,0.41,0.37,"2026-02-16",618,"N20","low","2.0NRT",310.79,4.42,"D"
"19233",13.29976,106.9408,336.95,0.41,0.37,"2026-02-16",618,"N20","nominal","2.0NRT",304.57,2.58,"D"
"19234",12.78204,103.50728,336.69,0.4,0.37,"2026-02-16",618,"N20","nominal","2.0NRT",302.94,2.03,"D"
"19235",13.30769,106.94733,336.42,0.41,0.37,"2026-02-16",618,"N20","low","2.0NRT",306.48,2.46,"D"
"19236",13.26854,106.65488,337.43,0.4,0.37,"2026-02-16",618,"N20","nominal","2.0NRT",306.98,3.83,"D"
"19237",13.1903,106.07796,340.97,0.39,0.36,"2026-02-16",618,"N20","nominal","2.0NRT",309.56,7.35,"D"
"19238",13.64078,109.20236,339.45,0.52,0.42,"2026-02-16",618,"N20","nominal","2.0NRT",290.97,6.83,"D"
"19239",13.3274,106.98695,332.18,0.41,0.37,"2026-02-16",618,"N20","low","2.0NRT",304.66,2.81,"D"
"19240",13.3263,106.97936,337.01,0.41,0.37,"2026-02-16",618,"N20","low","2.0NRT",308.17,4.22,"D"
"19241",13.42249,107.62107,338.86,0.44,0.38,"2026-02-16",618,"N20","nominal","2.0NRT",306.83,5.13,"D"
"19242",13.27337,106.59367,339.25,0.4,0.37,"2026-02-16",618,"N20","low","2.0NRT",309.81,4.1,"D"
"19243",13.21999,106.232,342.86,0.39,0.37,"2026-02-16",618,"N20","nominal","2.0NRT",309.3,5.47,"D"
"19244",13.07915,105.2924,336.36,0.38,0.36,"2026-02-16",618,"N20","nominal","2.0NRT",304.53,3.63,"D"
"19245",13.39124,107.37904,333.91,0.43,0.38,"2026-02-16",618,"N20","low","2.0NRT",307.38,2.37,"D"
"19246",13.27675,106.59316,335.21,0.4,0.37,"2026-02-16",618,"N20","low","2.0NRT",309.56,4.1,"D"
"19247",13.2228,106.22787,342.38,0.39,0.37,"2026-02-16",618,"N20","nominal","2.0NRT",309.45,11,"D"
"19248",13.37555,107.24609,335.17,0.42,0.38,"2026-02-16",618,"N20","low","2.0NRT",306.84,3.83,"D"
"19249",13.34274,106.99633,337.3,0.41,0.37,"2026-02-16",618,"N20","nominal","2.0NRT",306.51,3.88,"D"
"19250",13.23539,106.26665,335.71,0.4,0.37,"2026-02-16",618,"N20","nominal","2.0NRT",304.48,5.7,"D"
"19251",13.38077,107.23341,334.53,0.42,0.38,"2026-02-16",618,"N20","low","2.0NRT",307.68,2.71,"D"
"19252",13.34727,107.00343,345.36,0.41,0.37,"2026-02-16",618,"N20","nominal","2.0NRT",305.15,3.7,"D"
"19253",13.34672,106.99962,348.6,0.41,0.37,"2026-02-16",618,"N20","nominal","2.0NRT",304.46,3.7,"D"
"19254",13.34616,106.99582,346.54,0.41,0.37,"2026-02-16",618,"N20","nominal","2.0NRT",304.13,3.74,"D"
"19255",13.33785,106.93896,340.24,0.41,0.37,"2026-02-16",618,"N20","nominal","2.0NRT",302.93,3.07,"D"
"19256",13.33234,106.90125,333.66,0.41,0.37,"2026-02-16",618,"N20","low","2.0NRT",304.9,1.51,"D"
"19257",13.24789,106.32787,344.64,0.4,0.37,"2026-02-16",618,"N20","nominal","2.0NRT",312.38,8.96,"D"
"19258",13.38534,107.24065,339.95,0.42,0.38,"2026-02-16",618,"N20","nominal","2.0NRT",308.57,3.16,"D"
"19259",13.35014,106.99911,337.93,0.41,0.37,"2026-02-16",618,"N20","nominal","2.0NRT",303.4,3.7,"D"
"19260",13.34958,106.9953,344.19,0.41,0.37,"2026-02-16",618,"N20","nominal","2.0NRT",303.34,3.74,"D"
"19261",13.34127,106.93845,335.55,0.41,0.37,"2026-02-16",618,"N20","nominal","2.0NRT",303.94,3.07,"D"
"19262",13.34071,106.93467,331.73,0.41,0.37,"2026-02-16",618,"N20","low","2.0NRT",305.88,1.62,"D"
"19263",12.75933,103.12278,330.8,0.42,0.37,"2026-02-16",618,"N20","low","2.0NRT",302.05,1.28,"D"
"19264",13.49313,107.96319,330.89,0.45,0.39,"2026-02-16",618,"N20","low","2.0NRT",301.89,3.56,"D"
"19265",13.43488,107.55805,339.94,0.43,0.38,"2026-02-16",618,"N20","nominal","2.0NRT",307.37,4.83,"D"
"19266",13.40916,107.38036,339.01,0.43,0.38,"2026-02-16",618,"N20","nominal","2.0NRT",308.65,3.45,"D"
"19267",13.29144,106.57584,341.5,0.4,0.37,"2026-02-16",618,"N20","nominal","2.0NRT",309.57,3.55,"D"
"19268",12.81907,103.47837,336.39,0.41,0.37,"2026-02-16",618,"N20","nominal","2.0NRT",303.94,1.81,"D"
"19269",13.49668,107.96259,330.65,0.45,0.39,"2026-02-16",618,"N20","nominal","2.0NRT",299.91,3.56,"D"
"19270",13.37099,107.06993,337.86,0.42,0.37,"2026-02-16",618,"N20","nominal","2.0NRT",304.25,4.77,"D"
"19271",13.12638,105.4257,335.94,0.38,0.36,"2026-02-16",618,"N20","nominal","2.0NRT",302.07,2.3,"D"
"19272",13.36658,106.992,337.03,0.41,0.37,"2026-02-16",618,"N20","low","2.0NRT",307.34,4.55,"D"
"19273",13.35682,106.92374,336.56,0.41,0.37,"2026-02-16",618,"N20","nominal","2.0NRT",305.32,1.69,"D"
"19274",13.37762,107.04482,343.99,0.42,0.37,"2026-02-16",618,"N20","nominal","2.0NRT",309.91,2.94,"D"
"19275",12.84172,103.50417,339.95,0.4,0.37,"2026-02-16",618,"N20","nominal","2.0NRT",300.73,2.68,"D"
"19276",13.40018,107.17854,337.62,0.42,0.38,"2026-02-16",618,"N20","low","2.0NRT",308.02,2.53,"D"
"19277",13.38105,107.04431,334.06,0.42,0.37,"2026-02-16",618,"N20","low","2.0NRT",305.81,2.94,"D"
"19278",13.36581,106.93781,339.41,0.41,0.37,"2026-02-16",618,"N20","nominal","2.0NRT",307.99,2.72,"D"
"19279",12.79468,103.19006,333.34,0.41,0.37,"2026-02-16",618,"N20","nominal","2.0NRT",301.71,0.88,"D"
"19280",13.45743,107.55833,330.03,0.43,0.38,"2026-02-16",618,"N20","low","2.0NRT",302.46,5.8,"D"
"19281",13.45519,107.5424,338.31,0.43,0.38,"2026-02-16",618,"N20","nominal","2.0NRT",307.34,3.39,"D"
"19282",13.45463,107.53843,341.44,0.43,0.38,"2026-02-16",618,"N20","nominal","2.0NRT",307.93,3.39,"D"
"19283",13.38447,107.04379,341.29,0.42,0.37,"2026-02-16",618,"N20","nominal","2.0NRT",306.17,6.04,"D"
"19284",13.45925,107.54586,331.21,0.43,0.38,"2026-02-16",618,"N20","low","2.0NRT",304.78,2.24,"D"
"19285",13.45869,107.54189,338.52,0.43,0.38,"2026-02-16",618,"N20","nominal","2.0NRT",306.1,3.39,"D"
"19286",13.45813,107.53791,335.14,0.43,0.38,"2026-02-16",618,"N20","nominal","2.0NRT",304.4,3.39,"D"
"19287",13.26317,106.18357,335.5,0.39,0.36,"2026-02-16",618,"N20","nominal","2.0NRT",303.39,3.17,"D"
"19288",12.85952,103.55048,347.45,0.4,0.37,"2026-02-16",618,"N20","nominal","2.0NRT",308.13,34.12,"D"
"19289",13.46443,107.5573,345.04,0.43,0.38,"2026-02-16",618,"N20","nominal","2.0NRT",303.18,8.98,"D"
"19290",13.46387,107.55331,331.55,0.43,0.38,"2026-02-16",618,"N20","low","2.0NRT",301.77,8.98,"D"
"19291",13.46275,107.54534,333.86,0.43,0.38,"2026-02-16",618,"N20","low","2.0NRT",306.53,1.93,"D"
"19292",13.43706,107.36366,338.68,0.43,0.38,"2026-02-16",618,"N20","low","2.0NRT",309.43,3.58,"D"
"19293",13.43095,107.32059,346.2,0.42,0.38,"2026-02-16",618,"N20","nominal","2.0NRT",310.26,7.13,"D"
"19294",13.42209,107.25825,341.04,0.42,0.38,"2026-02-16",618,"N20","nominal","2.0NRT",309.86,5.77,"D"
"19295",13.37931,106.95901,335.08,0.41,0.37,"2026-02-16",618,"N20","low","2.0NRT",307.53,3.91,"D"
"19296",13.37768,106.94763,337.71,0.41,0.37,"2026-02-16",618,"N20","nominal","2.0NRT",306.82,3.42,"D"
"19297",13.37225,106.90985,334.12,0.41,0.37,"2026-02-16",618,"N20","low","2.0NRT",304.29,0.8,"D"
"19298",13.38273,106.95849,345.83,0.41,0.37,"2026-02-16",618,"N20","nominal","2.0NRT",306.13,3.91,"D"
"19299",13.22681,105.89154,337.15,0.39,0.36,"2026-02-16",618,"N20","nominal","2.0NRT",303.45,5.42,"D"
"19300",13.10555,105.08518,334.59,0.38,0.36,"2026-02-16",618,"N20","nominal","2.0NRT",302.79,7.61,"D"
"19301",13.10501,105.08167,335.91,0.38,0.36,"2026-02-16",618,"N20","low","2.0NRT",307.66,10.95,"D"
"19302",12.7387,102.75823,336.31,0.43,0.38,"2026-02-16",618,"N20","nominal","2.0NRT",301.86,3.02,"D"
"19303",13.46525,107.51252,336.37,0.43,0.38,"2026-02-16",618,"N20","nominal","2.0NRT",303.84,2.17,"D"
"19304",13.46469,107.50855,343.07,0.43,0.38,"2026-02-16",618,"N20","nominal","2.0NRT",305.51,5.2,"D"
"19305",13.44344,107.3587,349.33,0.43,0.38,"2026-02-16",618,"N20","nominal","2.0NRT",311.57,7.32,"D"
"19306",13.41575,107.1644,335,0.42,0.38,"2026-02-16",618,"N20","low","2.0NRT",307.87,2.53,"D"
"19307",13.38669,106.96177,335.35,0.41,0.37,"2026-02-16",618,"N20","nominal","2.0NRT",303.61,4.28,"D"
"19308",13.38615,106.95798,332.42,0.41,0.37,"2026-02-16",618,"N20","low","2.0NRT",303.31,3.4,"D"
"19309",13.23014,105.89102,337.88,0.39,0.36,"2026-02-16",618,"N20","nominal","2.0NRT",303.48,5.28,"D"
"19310",13.2296,105.88745,339.61,0.39,0.36,"2026-02-16",618,"N20","nominal","2.0NRT",303.32,11.88,"D"
"19311",13.22907,105.88387,354.23,0.39,0.36,"2026-02-16",618,"N20","nominal","2.0NRT",307.17,11.88,"D"
"19312",13.22854,105.88029,354.71,0.39,0.36,"2026-02-16",618,"N20","nominal","2.0NRT",308.98,27.44,"D"
"19313",12.81537,103.20984,338.79,0.41,0.37,"2026-02-16",618,"N20","nominal","2.0NRT",300.99,3.8,"D"
"19314",13.47099,107.52791,332.37,0.43,0.38,"2026-02-16",618,"N20","low","2.0NRT",305.28,1.23,"D"
"19315",13.4693,107.51598,330.73,0.43,0.38,"2026-02-16",618,"N20","low","2.0NRT",303.91,2.17,"D"
"19316",13.46874,107.51202,333.72,0.43,0.38,"2026-02-16",618,"N20","nominal","2.0NRT",307.44,2.17,"D"
"19317",13.46818,107.50804,333.41,0.43,0.38,"2026-02-16",618,"N20","low","2.0NRT",305,5.2,"D"
"19318",13.46762,107.50406,351.05,0.43,0.38,"2026-02-16",618,"N20","nominal","2.0NRT",305.49,5.2,"D"
"19319",13.44691,107.35817,348.45,0.43,0.38,"2026-02-16",618,"N20","nominal","2.0NRT",311.3,7.32,"D"
"19320",13.43967,107.30732,340.11,0.42,0.38,"2026-02-16",618,"N20","nominal","2.0NRT",307.51,6.01,"D"
"19321",13.23293,105.88694,353.89,0.39,0.36,"2026-02-16",618,"N20","nominal","2.0NRT",305.2,11.88,"D"
"19322",13.2324,105.88336,355.29,0.39,0.36,"2026-02-16",618,"N20","nominal","2.0NRT",308.32,11.88,"D"
"19323",13.50053,107.71174,333.7,0.44,0.38,"2026-02-16",618,"N20","nominal","2.0NRT",302.68,5.15,"D"
"19324",13.4728,107.51546,334.4,0.43,0.38,"2026-02-16",618,"N20","low","2.0NRT",304.4,2.7,"D"
"19325",13.47111,107.50356,348.22,0.43,0.38,"2026-02-16",618,"N20","nominal","2.0NRT",302.84,11.78,"D"
"19326",13.45038,107.35765,346.39,0.43,0.38,"2026-02-16",618,"N20","nominal","2.0NRT",311.4,30.77,"D"
"19327",13.44313,107.30681,346.4,0.42,0.38,"2026-02-16",618,"N20","nominal","2.0NRT",306.7,7.25,"D"
"19328",13.39626,106.97974,342.4,0.41,0.37,"2026-02-16",618,"N20","nominal","2.0NRT",303.4,6.26,"D"
"19329",13.39571,106.97594,336.28,0.41,0.37,"2026-02-16",618,"N20","nominal","2.0NRT",303.75,6.26,"D"
"19330",13.39517,106.97215,336.49,0.41,0.37,"2026-02-16",618,"N20","low","2.0NRT",307.84,10.57,"D"
"19331",13.23572,105.88286,335.91,0.39,0.36,"2026-02-16",618,"N20","nominal","2.0NRT",304.93,4.94,"D"
"19332",13.50349,107.7072,330.92,0.44,0.38,"2026-02-16",618,"N20","low","2.0NRT",302.55,2.3,"D"
"19333",13.50292,107.70321,332.28,0.44,0.38,"2026-02-16",618,"N20","nominal","2.0NRT",301.57,2.3,"D"
"19334",13.47798,107.52688,331.28,0.43,0.38,"2026-02-16",618,"N20","low","2.0NRT",304.13,1.84,"D"
"19335",13.47742,107.5229,337.42,0.43,0.38,"2026-02-16",618,"N20","nominal","2.0NRT",304.93,3.55,"D"
"19336",13.48091,107.52238,337.71,0.43,0.38,"2026-02-16",618,"N20","nominal","2.0NRT",304.09,5.32,"D"
"19337",13.48035,107.5184,352.92,0.43,0.38,"2026-02-16",618,"N20","nominal","2.0NRT",307.65,5.32,"D"
"19338",13.43725,107.21629,333.03,0.42,0.38,"2026-02-16",618,"N20","low","2.0NRT",307.66,2.32,"D"
"19339",13.42014,107.09703,338.17,0.42,0.37,"2026-02-16",618,"N20","low","2.0NRT",308.38,10.57,"D"
"19340",12.88678,103.50431,335.32,0.4,0.37,"2026-02-16",618,"N20","nominal","2.0NRT",301.32,6.86,"D"
"19341",13.34499,106.48397,343,0.4,0.37,"2026-02-16",618,"N20","nominal","2.0NRT",308.87,4.1,"D"
"19342",13.14006,105.11215,349.56,0.38,0.36,"2026-02-16",618,"N20","nominal","2.0NRT",311.77,9.09,"D"
"19343",13.53329,107.76516,337.85,0.44,0.39,"2026-02-16",618,"N20","nominal","2.0NRT",302.79,3.61,"D"
"19344",13.06077,104.57249,332.76,0.39,0.36,"2026-02-16",618,"N20","nominal","2.0NRT",300.07,3.36,"D"
"19345",13.06022,104.56895,347.34,0.39,0.36,"2026-02-16",618,"N20","nominal","2.0NRT",304.93,13.22,"D"
"19346",13.4066,106.85846,337.51,0.41,0.37,"2026-02-16",618,"N20","nominal","2.0NRT",306.12,3.09,"D"
"19347",13.38912,106.73846,350.38,0.41,0.37,"2026-02-16",618,"N20","nominal","2.0NRT",309.97,5.27,"D"
"19348",13.48667,107.38831,341.59,0.43,0.38,"2026-02-16",618,"N20","nominal","2.0NRT",306.01,4.28,"D"
"19349",13.48611,107.38437,337.6,0.43,0.38,"2026-02-16",618,"N20","low","2.0NRT",308.04,2.99,"D"
"19350",13.46197,107.21665,337.95,0.42,0.38,"2026-02-16",618,"N20","low","2.0NRT",309.76,4.56,"D"
"19351",13.40946,106.85419,338.49,0.41,0.37,"2026-02-16",618,"N20","nominal","2.0NRT",305.5,4.07,"D"
"19352",13.14996,105.11058,339.13,0.38,0.36,"2026-02-16",618,"N20","low","2.0NRT",309.16,6.6,"D"
"19353",13.55318,107.82892,339.32,0.45,0.39,"2026-02-16",618,"N20","nominal","2.0NRT",308.82,5.04,"D"
"19354",13.52426,107.62592,336.66,0.44,0.38,"2026-02-16",618,"N20","nominal","2.0NRT",305.36,4.33,"D"
"19355",13.50828,107.51421,334.62,0.43,0.38,"2026-02-16",618,"N20","low","2.0NRT",305.26,6.77,"D"
"19356",13.49015,107.38778,343.93,0.43,0.38,"2026-02-16",618,"N20","nominal","2.0NRT",309.14,6.1,"D"
"19357",13.48958,107.38385,332.46,0.43,0.38,"2026-02-16",618,"N20","low","2.0NRT",306.55,3.79,"D"
"19358",13.36548,106.52975,343.9,0.4,0.37,"2026-02-16",618,"N20","nominal","2.0NRT",312.29,6.04,"D"
"19359",12.82715,103.02087,331.95,0.42,0.38,"2026-02-16",618,"N20","nominal","2.0NRT",301.84,2.68,"D"
"19360",13.52775,107.62529,334.35,0.44,0.38,"2026-02-16",618,"N20","nominal","2.0NRT",300.48,4.33,"D"
"19361",13.04828,104.40387,335.37,0.39,0.36,"2026-02-16",618,"N20","nominal","2.0NRT",302.11,4.53,"D"
"19362",13.46227,107.14565,344.91,0.42,0.38,"2026-02-16",618,"N20","nominal","2.0NRT",304.77,2.77,"D"
"19363",13.46171,107.1418,335.43,0.42,0.38,"2026-02-16",618,"N20","nominal","2.0NRT",305.04,1.63,"D"
"19364",13.41309,106.80755,336.59,0.41,0.37,"2026-02-16",618,"N20","nominal","2.0NRT",305.84,2.14,"D"
"19365",13.4797,107.24169,335.8,0.42,0.38,"2026-02-16",618,"N20","low","2.0NRT",308.14,1.89,"D"
"19366",13.41979,106.82957,338.1,0.41,0.37,"2026-02-16",618,"N20","nominal","2.0NRT",305.35,4.49,"D"
"19367",13.41321,106.78455,336.98,0.41,0.37,"2026-02-16",618,"N20","low","2.0NRT",308.4,5.45,"D"
"19368",13.50688,107.40538,346.2,0.43,0.38,"2026-02-16",618,"N20","nominal","2.0NRT",308.1,10.16,"D"
"19369",13.42044,106.81027,341.54,0.41,0.37,"2026-02-16",618,"N20","nominal","2.0NRT",306.01,7.45,"D"
"19370",13.51036,107.40485,346.17,0.43,0.38,"2026-02-16",618,"N20","nominal","2.0NRT",305.33,10.16,"D"
"19371",13.42329,106.80602,344.12,0.41,0.37,"2026-02-16",618,"N20","nominal","2.0NRT",306.5,9.46,"D"
"19372",13.42274,106.80226,343.37,0.41,0.37,"2026-02-16",618,"N20","nominal","2.0NRT",309.27,9.46,"D"
"19373",13.53382,107.54285,334.76,0.43,0.38,"2026-02-16",618,"N20","nominal","2.0NRT",302.1,4.55,"D"
"19374",13.51725,107.42802,333.89,0.43,0.38,"2026-02-16",618,"N20","nominal","2.0NRT",303.01,4.14,"D"
"19375",13.51668,107.42406,351.96,0.43,0.38,"2026-02-16",618,"N20","nominal","2.0NRT",305.94,4.14,"D"
"19376",13.51611,107.42013,340.39,0.43,0.38,"2026-02-16",618,"N20","nominal","2.0NRT",304.69,10.95,"D"
"19377",13.51554,107.41618,349.23,0.43,0.38,"2026-02-16",618,"N20","nominal","2.0NRT",305.82,10.95,"D"
"19378",13.42834,106.81676,340.58,0.41,0.37,"2026-02-16",618,"N20","nominal","2.0NRT",305.12,2.33,"D"
"19379",13.38083,106.49356,341.65,0.4,0.37,"2026-02-16",618,"N20","nominal","2.0NRT",307.99,26.04,"D"
"19380",13.66771,108.45625,333.2,0.48,0.4,"2026-02-16",618,"N20","nominal","2.0NRT",298.74,8.08,"D"
"19381",13.52074,107.4275,334.18,0.43,0.38,"2026-02-16",618,"N20","nominal","2.0NRT",301.61,4.14,"D"
"19382",13.52016,107.42355,339.38,0.43,0.38,"2026-02-16",618,"N20","nominal","2.0NRT",305.76,4.14,"D"
"19383",13.51959,107.41961,340.19,0.43,0.38,"2026-02-16",618,"N20","nominal","2.0NRT",307.67,10.95,"D"
"19384",13.51902,107.41566,355.82,0.43,0.38,"2026-02-16",618,"N20","nominal","2.0NRT",309.32,10.95,"D"
"19385",13.51845,107.41171,343.3,0.43,0.38,"2026-02-16",618,"N20","nominal","2.0NRT",309.23,6.01,"D"
"19386",13.5225,107.41514,338.97,0.43,0.38,"2026-02-16",618,"N20","nominal","2.0NRT",303.29,5.33,"D"
"19387",13.52193,107.41119,356.54,0.43,0.38,"2026-02-16",618,"N20","nominal","2.0NRT",305.06,9.93,"D"
"19388",13.2998,105.90218,342.04,0.39,0.36,"2026-02-16",618,"N20","nominal","2.0NRT",307.32,6.03,"D"
"19389",13.15605,104.95102,337.42,0.38,0.36,"2026-02-16",618,"N20","nominal","2.0NRT",303.12,4.09,"D"
"19390",13.08678,104.4994,349.08,0.39,0.36,"2026-02-16",618,"N20","nominal","2.0NRT",303.96,5.27,"D"
"19391",13.08623,104.49586,333.8,0.39,0.36,"2026-02-16",618,"N20","nominal","2.0NRT",299.18,5.27,"D"
"19392",13.09009,104.49888,347.91,0.39,0.36,"2026-02-16",618,"N20","nominal","2.0NRT",301.08,5.27,"D"
"19393",12.83536,102.87349,334.49,0.42,0.38,"2026-02-16",618,"N20","nominal","2.0NRT",300.98,2.56,"D"
"19394",13.63764,108.16597,332.48,0.46,0.39,"2026-02-16",618,"N20","low","2.0NRT",304.76,3.53,"D"
"19395",13.55702,107.60455,336.37,0.44,0.38,"2026-02-16",618,"N20","nominal","2.0NRT",304.92,7.13,"D"
"19396",13.54609,107.52886,351.84,0.43,0.38,"2026-02-16",618,"N20","nominal","2.0NRT",303.17,6.89,"D"
"19397",13.54551,107.52492,349.3,0.43,0.38,"2026-02-16",618,"N20","nominal","2.0NRT",304.87,6.89,"D"
"19398",13.54959,107.52838,344.94,0.43,0.38,"2026-02-16",618,"N20","nominal","2.0NRT",308.34,6.89,"D"
"19399",13.54844,107.52047,333.77,0.43,0.38,"2026-02-16",618,"N20","low","2.0NRT",308.26,6.16,"D"
"19400",13.16917,104.97056,339.21,0.38,0.36,"2026-02-16",618,"N20","nominal","2.0NRT",303.67,4.57,"D"
"19401",13.55803,107.60511,332.65,0.44,0.38,"2026-02-16",618,"N20","low","2.0NRT",305.46,5.45,"D"
"19402",13.54743,107.5293,354.85,0.43,0.38,"2026-02-16",618,"N20","nominal","2.0NRT",306.62,11.21,"D"
"19403",13.54688,107.52535,353.04,0.43,0.38,"2026-02-16",618,"N20","nominal","2.0NRT",308.04,11.21,"D"
"19404",13.54632,107.52139,332.69,0.43,0.38,"2026-02-16",618,"N20","low","2.0NRT",304.09,7.38,"D"
"19405",13.40586,106.53498,345.63,0.4,0.37,"2026-02-16",618,"N20","nominal","2.0NRT",307.63,9.31,"D"
"19406",13.1063,104.53593,341.79,0.39,0.36,"2026-02-16",618,"N20","nominal","2.0NRT",305.78,5.57,"D"
"19407",13.4652,106.9232,333.84,0.41,0.37,"2026-02-16",618,"N20","low","2.0NRT",307.26,1.94,"D"
"19408",13.64237,108.16196,334.32,0.46,0.39,"2026-02-16",618,"N20","nominal","2.0NRT",303.84,3.49,"D"
"19409",13.64178,108.15759,337.78,0.46,0.39,"2026-02-16",618,"N20","nominal","2.0NRT",305.8,3.49,"D"
"19410",13.55276,107.51639,333.18,0.43,0.38,"2026-02-16",618,"N20","low","2.0NRT",305.28,14.58,"D"
"19411",13.46861,106.92268,341.43,0.41,0.37,"2026-02-16",618,"N20","nominal","2.0NRT",307.35,8.17,"D"
"19412",13.46807,106.9189,347.05,0.41,0.37,"2026-02-16",618,"N20","nominal","2.0NRT",308.5,8.17,"D"
"19413",13.56801,107.59969,338.64,0.44,0.38,"2026-02-16",618,"N20","nominal","2.0NRT",304.24,8.09,"D"
"19414",13.55793,107.52781,341.18,0.43,0.38,"2026-02-16",618,"N20","nominal","2.0NRT",303.21,16.38,"D"
"19415",13.55737,107.52383,350.2,0.43,0.38,"2026-02-16",618,"N20","nominal","2.0NRT",307.94,16.38,"D"
"19416",13.55626,107.51588,349.97,0.43,0.38,"2026-02-16",618,"N20","nominal","2.0NRT",304.85,14.58,"D"
"19417",13.5557,107.5119,351.78,0.43,0.38,"2026-02-16",618,"N20","nominal","2.0NRT",307.42,17.5,"D"
"19418",13.5592,107.51141,346.29,0.43,0.38,"2026-02-16",618,"N20","nominal","2.0NRT",302.3,11.27,"D"
"19419",13.12612,104.5545,350.9,0.39,0.36,"2026-02-16",618,"N20","nominal","2.0NRT",303.89,7.33,"D"
"19420",12.9483,103.40305,330.9,0.41,0.37,"2026-02-16",618,"N20","low","2.0NRT",301.91,1.57,"D"
"19421",13.58937,107.6497,347.87,0.44,0.38,"2026-02-16",618,"N20","nominal","2.0NRT",305.46,11.53,"D"
"19422",13.4284,106.52403,342.62,0.4,0.37,"2026-02-16",618,"N20","nominal","2.0NRT",307.98,6.31,"D"
"19423",13.1945,104.95544,336.36,0.38,0.36,"2026-02-16",618,"N20","nominal","2.0NRT",304.66,3.12,"D"
"19424",12.8763,102.89098,337.22,0.42,0.38,"2026-02-16",618,"N20","nominal","2.0NRT",299.71,2.14,"D"
"19425",13.4781,106.77108,344.98,0.41,0.37,"2026-02-16",618,"N20","nominal","2.0NRT",310.2,8.2,"D"
"19426",12.90487,103.02406,335.87,0.42,0.38,"2026-02-16",618,"N20","nominal","2.0NRT",300.98,2.31,"D"
"19427",12.90426,103.02026,337.03,0.42,0.38,"2026-02-16",618,"N20","nominal","2.0NRT",300.53,2.31,"D"
"19428",13.49511,106.86462,335.12,0.41,0.37,"2026-02-16",618,"N20","low","2.0NRT",308.7,3.73,"D"
"19429",13.59982,107.54613,348.51,0.43,0.38,"2026-02-16",618,"N20","nominal","2.0NRT",306.18,12.6,"D"
"19430",13.59075,107.48234,333.25,0.43,0.38,"2026-02-16",618,"N20","low","2.0NRT",303.98,3.16,"D"
"19431",13.59018,107.47836,339.11,0.43,0.38,"2026-02-16",618,"N20","nominal","2.0NRT",305.06,3.16,"D"
"19432",13.59424,107.4818,344.71,0.43,0.38,"2026-02-16",618,"N20","nominal","2.0NRT",306.94,3.16,"D"
"19433",13.59367,107.47782,342.28,0.43,0.38,"2026-02-16",618,"N20","nominal","2.0NRT",307.83,3.16,"D"
"19434",13.5931,107.47385,343.83,0.43,0.38,"2026-02-16",618,"N20","nominal","2.0NRT",310.21,55.5,"D"
"19435",13.26481,105.24,339,0.38,0.36,"2026-02-16",618,"N20","nominal","2.0NRT",306.54,4.26,"D"
"19436",13.22251,104.9618,339.94,0.38,0.36,"2026-02-16",618,"N20","nominal","2.0NRT",299.85,10.45,"D"
"19437",13.59716,107.47728,333.82,0.43,0.38,"2026-02-16",618,"N20","nominal","2.0NRT",303.61,4.72,"D"
"19438",13.59659,107.4733,331.86,0.43,0.38,"2026-02-16",618,"N20","low","2.0NRT",304.27,5.31,"D"
"19439",13.26811,105.23948,351.4,0.38,0.36,"2026-02-16",618,"N20","nominal","2.0NRT",308.39,8.93,"D"
"19440",13.22527,104.95776,333.09,0.38,0.36,"2026-02-16",618,"N20","nominal","2.0NRT",298.38,1.5,"D"
"19441",12.9655,103.29305,332.15,0.41,0.37,"2026-02-16",618,"N20","nominal","2.0NRT",297.99,1.91,"D"
"19442",13.51215,106.86201,340.02,0.41,0.37,"2026-02-16",618,"N20","nominal","2.0NRT",310,3.02,"D"
"19443",13.51161,106.85824,338.32,0.41,0.37,"2026-02-16",618,"N20","low","2.0NRT",309.9,3.02,"D"
"19444",13.51556,106.8615,335.96,0.41,0.37,"2026-02-16",618,"N20","low","2.0NRT",310.92,5.18,"D"
"19445",13.47849,106.60714,342.74,0.4,0.37,"2026-02-16",618,"N20","nominal","2.0NRT",311.1,6.7,"D"
"19446",13.35355,105.76221,350.21,0.39,0.36,"2026-02-16",618,"N20","nominal","2.0NRT",304.55,5.02,"D"
"19447",12.99668,103.37977,331.67,0.41,0.37,"2026-02-16",618,"N20","nominal","2.0NRT",299.94,1.48,"D"
"19448",12.98765,103.30089,345.41,0.41,0.37,"2026-02-16",618,"N20","nominal","2.0NRT",300.69,5.86,"D"
"19449",13.49593,106.60828,340.44,0.4,0.37,"2026-02-16",618,"N20","nominal","2.0NRT",310.21,5.52,"D"
"19450",13.51296,106.70078,338.76,0.41,0.37,"2026-02-16",618,"N20","low","2.0NRT",308.82,3.19,"D"
"19451",13.54227,106.85359,335.96,0.41,0.37,"2026-02-16",618,"N20","low","2.0NRT",308.63,2.34,"D"
"19452",13.46278,106.29013,338.25,0.4,0.37,"2026-02-16",618,"N20","low","2.0NRT",310.77,5.43,"D"
"19453",13.30121,105.2126,345.96,0.38,0.36,"2026-02-16",618,"N20","nominal","2.0NRT",306.23,5.92,"D"
"19454",13.30451,105.21208,367,0.38,0.36,"2026-02-16",618,"N20","high","2.0NRT",311.38,7.93,"D"
"19455",13.53475,106.75479,345.37,0.41,0.37,"2026-02-16",618,"N20","nominal","2.0NRT",307.53,13.81,"D"
"19456",13.30558,105.21913,340.47,0.38,0.36,"2026-02-16",618,"N20","nominal","2.0NRT",307.28,2.97,"D"
"19457",13.26808,104.97258,336.54,0.38,0.36,"2026-02-16",618,"N20","nominal","2.0NRT",304.44,4.36,"D"
"19458",13.53815,106.75425,355.67,0.41,0.37,"2026-02-16",618,"N20","nominal","2.0NRT",312.48,13.81,"D"
"19459",13.5376,106.7505,350.99,0.41,0.37,"2026-02-16",618,"N20","nominal","2.0NRT",317.29,68.58,"D"
"19460",13.30888,105.21861,336.41,0.38,0.36,"2026-02-16",618,"N20","low","2.0NRT",307.83,2.97,"D"
"19461",13.30781,105.21156,336.31,0.38,0.36,"2026-02-16",618,"N20","nominal","2.0NRT",308.93,7.93,"D"
"19462",13.27299,104.98262,339.47,0.38,0.36,"2026-02-16",618,"N20","nominal","2.0NRT",305.42,2.94,"D"
"19463",13.27245,104.9791,334.94,0.38,0.36,"2026-02-16",618,"N20","low","2.0NRT",306.91,2.94,"D"
"19464",13.27138,104.97205,343.94,0.38,0.36,"2026-02-16",618,"N20","nominal","2.0NRT",304.15,4.36,"D"
"19465",13.66045,107.56979,336.13,0.44,0.38,"2026-02-16",618,"N20","nominal","2.0NRT",305.33,2.07,"D"
"19466",13.54154,106.7537,340.93,0.41,0.37,"2026-02-16",618,"N20","nominal","2.0NRT",304.16,2.26,"D"
"19467",13.54099,106.74995,341.47,0.41,0.37,"2026-02-16",618,"N20","nominal","2.0NRT",303.77,8.85,"D"
"19468",13.54043,106.74621,354.81,0.41,0.37,"2026-02-16",618,"N20","nominal","2.0NRT",306.76,8.85,"D"
"19469",13.27468,104.97153,346.41,0.38,0.36,"2026-02-16",618,"N20","nominal","2.0NRT",306.19,9.76,"D"
"19470",13.03241,103.40816,336.28,0.41,0.37,"2026-02-16",618,"N20","nominal","2.0NRT",299.13,8.06,"D"
"19471",13.54826,106.77576,338.64,0.41,0.37,"2026-02-16",618,"N20","low","2.0NRT",312.3,4.56,"D"
"19472",13.49952,106.44543,356.42,0.4,0.37,"2026-02-16",618,"N20","nominal","2.0NRT",312.21,8.47,"D"
"19473",13.49898,106.44175,349.21,0.4,0.37,"2026-02-16",618,"N20","nominal","2.0NRT",313.77,8.47,"D"
"19474",13.31816,105.23519,342.12,0.38,0.36,"2026-02-16",618,"N20","nominal","2.0NRT",307.72,4.83,"D"
"19475",13.03579,103.4076,348.44,0.41,0.37,"2026-02-16",618,"N20","nominal","2.0NRT",304.24,8.06,"D"
"19476",13.77839,104.577,345.65,0.38,0.36,"2026-02-16",618,"N20","nominal","2.0NRT",304.94,4.66,"D"
"19477",14.25677,106.3014,338.02,0.4,0.37,"2026-02-16",618,"N20","low","2.0NRT",308.61,2.46,"D"
"19478",16.53866,96.1184,344.64,0.6,0.53,"2026-02-16",620,"N20","nominal","2.0NRT",305.71,10.06,"D"
"19479",21.38649,96.4114,336.21,0.47,0.48,"2026-02-16",620,"N20","low","2.0NRT",306.7,3.75,"D"
"19480",23.63129,104.1409,335.99,0.4,0.37,"2026-02-16",620,"N20","nominal","2.0NRT",304.53,6.13,"D"
"19481",26.38264,98.62036,329.92,0.45,0.39,"2026-02-16",622,"N20","nominal","2.0NRT",291.92,3.81,"D"
"19482",13.66129,107.56997,341.33,0.44,0.38,"2026-02-16",618,"N20","nominal","2.0NRT",306.67,3.23,"D"
"19483",13.50328,106.45956,349.2,0.4,0.37,"2026-02-16",618,"N20","nominal","2.0NRT",310.13,16,"D"
"19484",13.50115,106.44483,352.72,0.4,0.37,"2026-02-16",618,"N20","nominal","2.0NRT",312.06,43,"D"
"19485",13.32228,105.23753,337.26,0.38,0.36,"2026-02-16",618,"N20","nominal","2.0NRT",307.05,4.2,"D"
"19486",13.32175,105.234,339.77,0.38,0.36,"2026-02-16",618,"N20","nominal","2.0NRT",309.54,3.85,"D"
"19487",13.50719,106.46273,345.34,0.4,0.37,"2026-02-16",618,"N20","nominal","2.0NRT",307.26,8.57,"D"
"19488",13.30903,105.12778,334.23,0.38,0.36,"2026-02-16",618,"N20","nominal","2.0NRT",303.44,1.98,"D"
"19489",13.33485,105.25358,339.31,0.38,0.36,"2026-02-16",618,"N20","nominal","2.0NRT",308,2.42,"D"
"19490",13.7632,108.20132,336.88,0.47,0.39,"2026-02-16",618,"N20","nominal","2.0NRT",307.14,3.96,"D"
"19491",13.42206,105.81304,349.57,0.39,0.36,"2026-02-16",618,"N20","nominal","2.0NRT",310.31,4.57,"D"
"19492",13.42153,105.80946,340.99,0.39,0.36,"2026-02-16",618,"N20","nominal","2.0NRT",309.58,4.57,"D"
"19493",13.34082,105.27068,347.28,0.38,0.36,"2026-02-16",618,"N20","nominal","2.0NRT",305.18,4.42,"D"
"19494",13.34028,105.26716,332.72,0.38,0.36,"2026-02-16",618,"N20","low","2.0NRT",304,0.66,"D"
"19495",13.58593,106.9126,337.89,0.41,0.37,"2026-02-16",618,"N20","low","2.0NRT",308.17,3.88,"D"
"19496",13.58539,106.9088,349.62,0.41,0.37,"2026-02-16",618,"N20","nominal","2.0NRT",309.76,3.88,"D"
"19497",13.58484,106.905,353.58,0.41,0.37,"2026-02-16",618,"N20","nominal","2.0NRT",311.66,14.38,"D"
"19498",13.42591,105.81609,337.17,0.39,0.36,"2026-02-16",618,"N20","low","2.0NRT",309.9,5.64,"D"
"19499",13.42538,105.81252,339.78,0.39,0.36,"2026-02-16",618,"N20","nominal","2.0NRT",307.78,4.57,"D"
"19500",13.58826,106.90447,355.68,0.41,0.37,"2026-02-16",618,"N20","nominal","2.0NRT",311.06,14.79,"D"
"19501",13.34955,105.28374,334.35,0.38,0.36,"2026-02-16",618,"N20","nominal","2.0NRT",303.07,1.11,"D"
"19502",13.34848,105.2767,347.23,0.38,0.36,"2026-02-16",618,"N20","nominal","2.0NRT",307.98,6.84,"D"
"19503",13.52096,106.41551,345.94,0.4,0.37,"2026-02-16",618,"N20","nominal","2.0NRT",311.68,10.23,"D"
"19504",13.35232,105.2797,350.91,0.38,0.36,"2026-02-16",618,"N20","nominal","2.0NRT",306.68,6.84,"D"
"19505",13.4752,106.08015,353.16,0.39,0.36,"2026-02-16",618,"N20","nominal","2.0NRT",312.07,7.84,"D"
"19506",13.47467,106.07655,337.69,0.39,0.36,"2026-02-16",618,"N20","low","2.0NRT",310.87,2.31,"D"
"19507",13.49826,106.21359,340.97,0.4,0.37,"2026-02-16",618,"N20","nominal","2.0NRT",310.46,3.9,"D"
"19508",13.4796,106.08687,340.49,0.39,0.36,"2026-02-16",618,"N20","low","2.0NRT",311.9,3.53,"D"
"19509",13.47854,106.07965,349.92,0.39,0.36,"2026-02-16",618,"N20","nominal","2.0NRT",313.36,7.84,"D"
"19510",13.50161,106.21308,342.78,0.4,0.37,"2026-02-16",618,"N20","nominal","2.0NRT",308.61,5.16,"D"
"19511",13.48294,106.08636,339.8,0.39,0.36,"2026-02-16",618,"N20","nominal","2.0NRT",308.57,3.16,"D"
"19512",13.48188,106.07913,337.44,0.39,0.36,"2026-02-16",618,"N20","low","2.0NRT",312.39,5.23,"D"
"19513",13.49535,106.14732,347.37,0.39,0.36,"2026-02-16",618,"N20","nominal","2.0NRT",308.72,5.85,"D"
"19514",13.38588,105.39005,332.58,0.39,0.36,"2026-02-16",618,"N20","low","2.0NRT",303.49,1.78,"D"
"19515",13.49029,106.06677,335.22,0.39,0.36,"2026-02-16",618,"N20","low","2.0NRT",306.4,1.11,"D"
"19516",13.24148,104.42289,341.26,0.39,0.36,"2026-02-16",618,"N20","nominal","2.0NRT",302.29,5.6,"D"
"19517",13.24093,104.41934,350.13,0.39,0.36,"2026-02-16",618,"N20","nominal","2.0NRT",301.16,5.6,"D"
"19518",13.45473,105.80431,339.67,0.39,0.36,"2026-02-16",618,"N20","nominal","2.0NRT",305.67,3.55,"D"
"19519",13.4542,105.80074,343.34,0.39,0.36,"2026-02-16",618,"N20","nominal","2.0NRT",308.37,4.06,"D"
"19520",13.43877,105.69734,340.17,0.39,0.36,"2026-02-16",618,"N20","nominal","2.0NRT",309.59,11.2,"D"
"19521",13.45752,105.80023,337.06,0.39,0.36,"2026-02-16",618,"N20","low","2.0NRT",307.72,4.06,"D"
"19522",13.38353,105.30727,331.35,0.38,0.36,"2026-02-16",618,"N20","low","2.0NRT",303.8,1.2,"D"
"19523",13.50297,106.08329,344.66,0.39,0.36,"2026-02-16",618,"N20","nominal","2.0NRT",309.11,3.5,"D"
"19524",13.4651,105.82829,348.24,0.39,0.36,"2026-02-16",618,"N20","nominal","2.0NRT",309.47,8.04,"D"
"19525",13.3863,105.30322,345.71,0.38,0.36,"2026-02-16",618,"N20","nominal","2.0NRT",306.72,4.47,"D"
"19526",13.07911,103.32393,333.86,0.41,0.37,"2026-02-16",618,"N20","nominal","2.0NRT",301.47,2.95,"D"
"19527",13.50684,106.08638,338.13,0.39,0.36,"2026-02-16",618,"N20","low","2.0NRT",308.96,3.5,"D"
"19528",13.46736,105.82062,334.03,0.39,0.36,"2026-02-16",618,"N20","low","2.0NRT",307.53,0.88,"D"
"19529",13.32964,104.90809,335.54,0.38,0.36,"2026-02-16",618,"N20","nominal","2.0NRT",303.59,1.77,"D"
"19530",13.50965,106.08226,341.3,0.39,0.36,"2026-02-16",618,"N20","nominal","2.0NRT",310.88,3.22,"D"
"19531",13.47814,105.87018,337.88,0.39,0.36,"2026-02-16",618,"N20","nominal","2.0NRT",307.84,2.02,"D"
"19532",13.66582,107.12703,335.52,0.42,0.38,"2026-02-16",618,"N20","nominal","2.0NRT",305.71,2.81,"D"
"19533",13.51298,106.08174,343.32,0.39,0.36,"2026-02-16",618,"N20","nominal","2.0NRT",311.31,3.22,"D"
"19534",13.40154,105.33698,332.42,0.38,0.36,"2026-02-16",618,"N20","low","2.0NRT",305.56,1.63,"D"
"19535",13.56955,106.44189,341.06,0.4,0.37,"2026-02-16",618,"N20","nominal","2.0NRT",308.87,5.7,"D"
"19536",13.45333,105.65869,336.24,0.39,0.36,"2026-02-16",618,"N20","nominal","2.0NRT",305.28,3.13,"D"
"19537",13.43255,105.52029,332.89,0.39,0.36,"2026-02-16",618,"N20","nominal","2.0NRT",302.66,15.73,"D"
"19538",13.43202,105.51675,339.17,0.39,0.36,"2026-02-16",618,"N20","nominal","2.0NRT",308.12,15.73,"D"
"19539",13.26465,104.41914,341.06,0.39,0.36,"2026-02-16",618,"N20","nominal","2.0NRT",300.34,5.61,"D"
"19540",12.51803,99.83006,330.87,0.41,0.45,"2026-02-16",618,"N20","nominal","2.0NRT",297.91,2.55,"D"
"19541",13.52246,106.07659,341.94,0.39,0.36,"2026-02-16",618,"N20","low","2.0NRT",312.97,5.16,"D"
"19542",13.40664,105.30363,332.6,0.38,0.36,"2026-02-16",618,"N20","low","2.0NRT",307.4,3,"D"
"19543",13.47607,105.74255,347.65,0.39,0.36,"2026-02-16",618,"N20","nominal","2.0NRT",308.84,8.55,"D"
"19544",13.47554,105.739,335.85,0.39,0.36,"2026-02-16",618,"N20","nominal","2.0NRT",305.84,4.55,"D"
"19545",13.40835,105.29253,336.95,0.38,0.36,"2026-02-16",618,"N20","nominal","2.0NRT",305.11,4.37,"D"
"19546",13.38216,105.1198,342.94,0.38,0.36,"2026-02-16",618,"N20","nominal","2.0NRT",309.17,4.14,"D"
"19547",13.38162,105.11628,338.69,0.38,0.36,"2026-02-16",618,"N20","nominal","2.0NRT",307.84,1.92,"D"
"19548",13.54578,106.18777,349.18,0.39,0.37,"2026-02-16",618,"N20","nominal","2.0NRT",313.99,9.29,"D"
"19549",13.47939,105.74204,353.72,0.39,0.36,"2026-02-16",618,"N20","nominal","2.0NRT",311.49,17.6,"D"
"19550",13.47886,105.73848,351.68,0.39,0.36,"2026-02-16",618,"N20","nominal","2.0NRT",317.08,88.09,"D"
"19551",13.46552,105.64951,334.85,0.39,0.36,"2026-02-16",618,"N20","low","2.0NRT",305.23,4.49,"D"
"19552",13.41165,105.29201,344.35,0.38,0.36,"2026-02-16",618,"N20","nominal","2.0NRT",305.91,6.16,"D"
"19553",13.41111,105.28848,333.98,0.38,0.36,"2026-02-16",618,"N20","low","2.0NRT",307.05,6.16,"D"
"19554",13.36777,105.00304,338.33,0.38,0.36,"2026-02-16",618,"N20","low","2.0NRT",308.77,2.78,"D"
"19555",13.48324,105.74509,342.42,0.39,0.36,"2026-02-16",618,"N20","nominal","2.0NRT",309.4,17.6,"D"
"19556",13.48271,105.74152,346.82,0.39,0.36,"2026-02-16",618,"N20","nominal","2.0NRT",312.34,17.6,"D"
"19557",13.59845,106.4978,345.95,0.4,0.37,"2026-02-16",618,"N20","nominal","2.0NRT",311.11,8.68,"D"
"19558",13.48977,105.76598,345.69,0.39,0.36,"2026-02-16",618,"N20","nominal","2.0NRT",307.23,3.39,"D"
"19559",13.47214,105.64847,336.83,0.39,0.36,"2026-02-16",618,"N20","nominal","2.0NRT",306.66,2.81,"D"
"19560",13.72672,107.35306,337.68,0.43,0.38,"2026-02-16",618,"N20","low","2.0NRT",308.22,27.24,"D"
"19561",13.64012,106.75787,337.81,0.41,0.37,"2026-02-16",618,"N20","low","2.0NRT",309.2,5.22,"D"
"19562",13.47439,105.64085,336.39,0.39,0.36,"2026-02-16",618,"N20","nominal","2.0NRT",303.85,2.43,"D"
"19563",13.38464,105.04726,340,0.38,0.36,"2026-02-16",618,"N20","nominal","2.0NRT",305.9,4.06,"D"
"19564",13.72792,107.33675,339.57,0.43,0.38,"2026-02-16",618,"N20","nominal","2.0NRT",306.61,13.23,"D"
"19565",13.50015,105.78995,339.36,0.39,0.36,"2026-02-16",618,"N20","low","2.0NRT",311.27,5.78,"D"
"19566",13.42752,105.30757,336.54,0.38,0.36,"2026-02-16",618,"N20","nominal","2.0NRT",305.98,4.97,"D"
"19567",13.42699,105.30404,340.16,0.38,0.36,"2026-02-16",618,"N20","nominal","2.0NRT",309.19,7.4,"D"
"19568",13.34707,104.77896,346.19,0.38,0.36,"2026-02-16",618,"N20","nominal","2.0NRT",301.38,3.87,"D"
"19569",13.73139,107.33624,344.82,0.43,0.38,"2026-02-16",618,"N20","nominal","2.0NRT",306.01,13.23,"D"
"19570",13.73544,107.33967,334.56,0.43,0.38,"2026-02-16",618,"N20","nominal","2.0NRT",304.51,3.37,"D"
"19571",13.73486,107.33572,336.39,0.43,0.38,"2026-02-16",618,"N20","nominal","2.0NRT",306.86,3.37,"D"
"19572",13.35859,104.78796,340.5,0.38,0.36,"2026-02-16",618,"N20","nominal","2.0NRT",306.08,19.95,"D"
"19573",13.30597,104.44519,337.84,0.39,0.36,"2026-02-16",618,"N20","nominal","2.0NRT",302.65,3.36,"D"
"19574",13.51918,105.827,335,0.39,0.36,"2026-02-16",618,"N20","low","2.0NRT",308.76,1.17,"D"
"19575",13.45291,105.38286,337.3,0.39,0.36,"2026-02-16",618,"N20","low","2.0NRT",309.03,3.56,"D"
"19576",13.40063,105.03722,339.99,0.38,0.36,"2026-02-16",618,"N20","nominal","2.0NRT",308.74,3.99,"D"
"19577",13.40233,105.02613,334.04,0.38,0.36,"2026-02-16",618,"N20","low","2.0NRT",305.88,2.32,"D"
"19578",13.62209,106.48288,340.11,0.4,0.37,"2026-02-16",618,"N20","low","2.0NRT",313.98,6.42,"D"
"19579",13.63029,106.51566,343.11,0.4,0.37,"2026-02-16",618,"N20","nominal","2.0NRT",310.77,17.96,"D"
"19580",13.62976,106.51195,340.85,0.4,0.37,"2026-02-16",618,"N20","low","2.0NRT",313.9,17.96,"D"
"19581",13.46229,105.37776,347.73,0.39,0.36,"2026-02-16",618,"N20","nominal","2.0NRT",310.32,6.64,"D"
"19582",13.4116,105.04269,340.5,0.38,0.36,"2026-02-16",618,"N20","nominal","2.0NRT",308.33,4.28,"D"
"19583",13.06195,102.82462,344.82,0.42,0.38,"2026-02-16",618,"N20","nominal","2.0NRT",300.11,3.65,"D"
"19584",13.63206,106.50404,350.7,0.4,0.37,"2026-02-16",618,"N20","nominal","2.0NRT",309.41,8.75,"D"
"19585",13.63099,106.49664,343.05,0.4,0.37,"2026-02-16",618,"N20","nominal","2.0NRT",309.54,7.69,"D"
"19586",13.52676,105.76365,347.27,0.39,0.36,"2026-02-16",618,"N20","nominal","2.0NRT",311.35,5.79,"D"
"19587",13.36864,104.71744,330.19,0.38,0.36,"2026-02-16",618,"N20","nominal","2.0NRT",297.17,1.25,"D"
"19588",13.66643,106.66978,337.04,0.41,0.37,"2026-02-16",618,"N20","low","2.0NRT",308.75,5.38,"D"
"19589",13.55678,105.92016,342.79,0.39,0.36,"2026-02-16",618,"N20","nominal","2.0NRT",311.26,10.47,"D"
"19590",13.66982,106.66926,337.22,0.41,0.37,"2026-02-16",618,"N20","low","2.0NRT",308.39,5.5,"D"
"19591",13.66928,106.66552,342.39,0.41,0.37,"2026-02-16",618,"N20","nominal","2.0NRT",309.69,5.5,"D"
"19592",13.64825,106.5205,343.66,0.4,0.37,"2026-02-16",618,"N20","nominal","2.0NRT",308.85,3.29,"D"
"19593",13.56011,105.91965,345.97,0.39,0.36,"2026-02-16",618,"N20","nominal","2.0NRT",318.41,41.75,"D"
"19594",13.37637,104.70174,337.17,0.38,0.36,"2026-02-16",618,"N20","nominal","2.0NRT",296.21,1.79,"D"
"19595",13.66726,106.62769,339.68,0.41,0.37,"2026-02-16",618,"N20","low","2.0NRT",311.76,6.51,"D"
"19596",13.66672,106.62398,344.7,0.41,0.37,"2026-02-16",618,"N20","nominal","2.0NRT",312.58,6.87,"D"
"19597",13.37967,104.7012,333.18,0.38,0.36,"2026-02-16",618,"N20","nominal","2.0NRT",296.29,1.79,"D"
"19598",13.3426,104.46085,345.02,0.39,0.36,"2026-02-16",618,"N20","nominal","2.0NRT",301.78,7.88,"D"
"19599",13.53911,105.73253,339.26,0.39,0.36,"2026-02-16",618,"N20","nominal","2.0NRT",309,3.32,"D"
"19600",13.47583,105.31054,347.84,0.38,0.36,"2026-02-16",618,"N20","nominal","2.0NRT",310.09,5.78,"D"
"19601",13.06268,102.6767,330.12,0.43,0.38,"2026-02-16",618,"N20","low","2.0NRT",300.99,1.45,"D"
"19602",13.54243,105.73201,345.78,0.39,0.36,"2026-02-16",618,"N20","nominal","2.0NRT",310.37,3.32,"D"
"19603",13.477,105.2959,348.19,0.38,0.36,"2026-02-16",618,"N20","nominal","2.0NRT",310.18,4.39,"D"
"19604",13.47647,105.29237,334.92,0.38,0.36,"2026-02-16",618,"N20","low","2.0NRT",308.99,4.39,"D"
"19605",13.40412,104.81653,345.22,0.38,0.36,"2026-02-16",618,"N20","nominal","2.0NRT",302.81,4.53,"D"
"19606",13.66175,106.51845,352.34,0.4,0.37,"2026-02-16",618,"N20","nominal","2.0NRT",314.46,16.46,"D"
"19607",13.65582,106.47776,339.8,0.4,0.37,"2026-02-16",618,"N20","low","2.0NRT",311.81,6.84,"D"
"19608",13.66621,106.52534,341.64,0.4,0.37,"2026-02-16",618,"N20","low","2.0NRT",312.57,10.23,"D"
"19609",13.47133,105.21369,342.72,0.38,0.36,"2026-02-16",618,"N20","nominal","2.0NRT",309.53,5.61,"D"
"19610",13.91278,108.23304,333.16,0.47,0.4,"2026-02-16",618,"N20","low","2.0NRT",303.89,2.77,"D"
"19611",13.65663,106.43616,350.72,0.4,0.37,"2026-02-16",618,"N20","nominal","2.0NRT",311.49,8.62,"D"
"19612",13.48798,105.3014,335.02,0.38,0.36,"2026-02-16",618,"N20","low","2.0NRT",307.55,0.98,"D"
"19613",13.47464,105.21317,334.84,0.38,0.36,"2026-02-16",618,"N20","low","2.0NRT",307.77,3.06,"D"
"19614",13.5046,105.3892,340.96,0.39,0.36,"2026-02-16",618,"N20","nominal","2.0NRT",309.23,4.3,"D"
"19615",13.50844,105.3922,335.8,0.39,0.36,"2026-02-16",618,"N20","low","2.0NRT",307.69,3.39,"D"
"19616",13.42924,104.87029,333.86,0.38,0.36,"2026-02-16",618,"N20","low","2.0NRT",306.69,1.27,"D"
"19617",13.68188,106.53808,351.57,0.4,0.37,"2026-02-16",618,"N20","nominal","2.0NRT",309.72,11.29,"D"
"19618",13.6335,106.18532,336.54,0.4,0.37,"2026-02-16",618,"N20","low","2.0NRT",308.14,5.18,"D"
"19619",13.43153,104.84104,346.15,0.38,0.36,"2026-02-16",618,"N20","nominal","2.0NRT",306.06,7.85,"D"
"19620",13.39581,104.60818,350.75,0.39,0.36,"2026-02-16",618,"N20","nominal","2.0NRT",299.74,5.76,"D"
"19621",13.51622,105.3765,332.78,0.39,0.36,"2026-02-16",618,"N20","low","2.0NRT",307.7,2.79,"D"
"19622",13.50289,105.2882,338.04,0.38,0.36,"2026-02-16",618,"N20","low","2.0NRT",308.13,1.75,"D"
"19623",13.65633,106.29361,340.36,0.4,0.37,"2026-02-16",618,"N20","low","2.0NRT",312.87,5.18,"D"
"19624",13.54777,105.56369,346.87,0.39,0.36,"2026-02-16",618,"N20","nominal","2.0NRT",305.41,4.99,"D"
"19625",13.52282,105.37545,336.13,0.39,0.36,"2026-02-16",618,"N20","low","2.0NRT",306.24,4.11,"D"
"19626",13.4624,104.97689,342.22,0.38,0.36,"2026-02-16",618,"N20","nominal","2.0NRT",307.41,4.7,"D"
"19627",13.15044,102.97933,331.28,0.42,0.37,"2026-02-16",618,"N20","nominal","2.0NRT",301.04,7.04,"D"
"19628",13.58586,105.77273,336.05,0.39,0.36,"2026-02-16",618,"N20","low","2.0NRT",308.37,3.05,"D"
"19629",13.58532,105.76916,339.93,0.39,0.36,"2026-02-16",618,"N20","low","2.0NRT",311.57,3.05,"D"
"19630",13.44149,104.81779,334.98,0.38,0.36,"2026-02-16",618,"N20","nominal","2.0NRT",303.65,0.9,"D"
"19631",13.61752,105.96222,355.73,0.39,0.36,"2026-02-16",618,"N20","nominal","2.0NRT",310.64,8.73,"D"
"19632",13.61698,105.95863,349.9,0.39,0.36,"2026-02-16",618,"N20","nominal","2.0NRT",310.35,5.65,"D"
"19633",13.45987,104.91594,338.99,0.38,0.36,"2026-02-16",618,"N20","nominal","2.0NRT",308.4,7.96,"D"
"19634",13.62085,105.96171,367,0.39,0.36,"2026-02-16",618,"N20","high","2.0NRT",315.09,9.82,"D"
"19635",13.62139,105.96532,340.92,0.39,0.36,"2026-02-16",618,"N20","nominal","2.0NRT",312.54,9.82,"D"
"19636",13.62031,105.95811,352.22,0.39,0.36,"2026-02-16",618,"N20","nominal","2.0NRT",312.62,11.93,"D"
"19637",13.5402,105.4234,349.84,0.39,0.36,"2026-02-16",618,"N20","nominal","2.0NRT",307.42,9.46,"D"
"19638",13.5274,105.33856,334.29,0.38,0.36,"2026-02-16",618,"N20","low","2.0NRT",306.76,1.47,"D"
"19639",13.46317,104.91541,356.35,0.38,0.36,"2026-02-16",618,"N20","nominal","2.0NRT",310.07,15.27,"D"
"19640",13.6823,106.35328,337.84,0.4,0.37,"2026-02-16",618,"N20","low","2.0NRT",312.2,5.21,"D"
"19641",13.52751,105.31686,341.66,0.38,0.36,"2026-02-16",618,"N20","nominal","2.0NRT",309.57,2.63,"D"
"19642",13.67592,106.28687,338.96,0.4,0.37,"2026-02-16",618,"N20","low","2.0NRT",311.46,3.51,"D"
"19643",13.54361,105.40115,338.38,0.39,0.36,"2026-02-16",618,"N20","nominal","2.0NRT",308.12,8.71,"D"
"19644",13.54308,105.39761,345.8,0.39,0.36,"2026-02-16",618,"N20","nominal","2.0NRT",308.64,8.71,"D"
"19645",13.53134,105.31987,339.33,0.38,0.36,"2026-02-16",618,"N20","nominal","2.0NRT",308.95,27.64,"D"
"19646",13.53081,105.31633,352.7,0.38,0.36,"2026-02-16",618,"N20","nominal","2.0NRT",311.6,51.56,"D"
"19647",13.53027,105.31281,353.41,0.38,0.36,"2026-02-16",618,"N20","nominal","2.0NRT",310.87,51.56,"D"
"19648",13.49177,105.05884,333.09,0.38,0.36,"2026-02-16",618,"N20","low","2.0NRT",305.62,1.18,"D"
"19649",13.53411,105.31581,367,0.38,0.36,"2026-02-16",618,"N20","high","2.0NRT",330.57,51.56,"D"
"19650",13.73755,106.68192,338.63,0.41,0.37,"2026-02-16",618,"N20","low","2.0NRT",310.39,5.27,"D"
"19651",13.7064,106.47005,340.75,0.4,0.37,"2026-02-16",618,"N20","nominal","2.0NRT",310.3,7.51,"D"
"19652",13.70586,106.46635,337.36,0.4,0.37,"2026-02-16",618,"N20","low","2.0NRT",310.29,3.73,"D"
"19653",13.67172,106.23529,345.34,0.4,0.37,"2026-02-16",618,"N20","nominal","2.0NRT",311.88,5.29,"D"
"19654",13.54585,105.39355,347.29,0.39,0.36,"2026-02-16",618,"N20","nominal","2.0NRT",306.16,6.21,"D"
"19655",13.53464,105.31934,338.92,0.38,0.36,"2026-02-16",618,"N20","nominal","2.0NRT",308.57,27.64,"D"
"19656",13.74534,106.71139,348.5,0.41,0.37,"2026-02-16",618,"N20","nominal","2.0NRT",307.29,8.59,"D"
"19657",13.71577,106.51022,337.77,0.4,0.37,"2026-02-16",618,"N20","low","2.0NRT",309.21,4.67,"D"
"19658",13.71523,106.50652,346.58,0.4,0.37,"2026-02-16",618,"N20","nominal","2.0NRT",311.32,4.67,"D"
"19659",13.70978,106.46954,347.76,0.4,0.37,"2026-02-16",618,"N20","nominal","2.0NRT",312.89,6.85,"D"
"19660",13.51924,105.19528,334.68,0.38,0.36,"2026-02-16",618,"N20","low","2.0NRT",305.02,3.82,"D"
"19661",13.74489,106.68465,344.66,0.41,0.37,"2026-02-16",618,"N20","nominal","2.0NRT",309.54,3.59,"D"
"19662",13.7186,106.506,352.8,0.4,0.37,"2026-02-16",618,"N20","nominal","2.0NRT",306.05,4.67,"D"
"19663",13.55086,105.3819,333.23,0.39,0.36,"2026-02-16",618,"N20","low","2.0NRT",307.45,2.44,"D"
"19664",13.53066,105.22599,338.31,0.38,0.36,"2026-02-16",618,"N20","low","2.0NRT",309,2.73,"D"
"19665",13.70138,106.34286,337.52,0.4,0.37,"2026-02-16",618,"N20","low","2.0NRT",309.02,3.35,"D"
"19666",13.59755,105.64686,338.33,0.39,0.36,"2026-02-16",618,"N20","low","2.0NRT",308.54,19.53,"D"
"19667",13.56334,105.41978,338.61,0.39,0.36,"2026-02-16",618,"N20","nominal","2.0NRT",306.41,2.63,"D"
"19668",13.5361,105.23959,340.89,0.38,0.36,"2026-02-16",618,"N20","nominal","2.0NRT",308.41,3.48,"D"
"19669",13.53556,105.23606,336.28,0.38,0.36,"2026-02-16",618,"N20","low","2.0NRT",310.5,4.15,"D"
"19670",13.50826,105.05621,347.78,0.38,0.36,"2026-02-16",618,"N20","nominal","2.0NRT",306.22,7.28,"D"
"19671",12.88523,101.12357,337,0.51,0.41,"2026-02-16",618,"N20","nominal","2.0NRT",296.95,4.63,"D"
"19672",13.70475,106.35319,337.89,0.4,0.37,"2026-02-16",618,"N20","low","2.0NRT",310.81,3.12,"D"
"19673",13.69942,106.31653,339.19,0.4,0.37,"2026-02-16",618,"N20","low","2.0NRT",309.85,4.99,"D"
"19674",13.69836,106.3092,339.74,0.4,0.37,"2026-02-16",618,"N20","low","2.0NRT",312.14,16.6,"D"
"19675",13.60921,105.70277,338.93,0.39,0.36,"2026-02-16",618,"N20","nominal","2.0NRT",307.22,24.86,"D"
"19676",13.60126,105.64932,337.25,0.39,0.36,"2026-02-16",618,"N20","low","2.0NRT",307.3,12.12,"D"
"19677",13.56095,105.37971,339.58,0.39,0.36,"2026-02-16",618,"N20","nominal","2.0NRT",309.07,3.74,"D"
"19678",13.54019,105.24192,337.16,0.38,0.36,"2026-02-16",618,"N20","low","2.0NRT",308.37,5.71,"D"
"19679",13.53966,105.2384,343.13,0.38,0.36,"2026-02-16",618,"N20","nominal","2.0NRT",311.3,5.71,"D"
"19680",13.51242,105.05853,337.51,0.38,0.36,"2026-02-16",618,"N20","nominal","2.0NRT",307.43,2.43,"D"
"19681",13.50921,105.03738,336.15,0.38,0.36,"2026-02-16",618,"N20","low","2.0NRT",308.18,3.14,"D"
"19682",13.43243,104.5365,337.81,0.39,0.36,"2026-02-16",618,"N20","nominal","2.0NRT",304.01,2.84,"D"
"19683",13.69782,106.30554,311.19,0.4,0.37,"2026-02-16",618,"N20","low","2.0NRT",314.92,16.6,"D"
"19684",13.51572,105.058,334.78,0.38,0.36,"2026-02-16",618,"N20","low","2.0NRT",305.73,2.43,"D"
"19685",13.21426,103.13605,330.6,0.41,0.37,"2026-02-16",618,"N20","low","2.0NRT",304.95,3.33,"D"
"19686",13.72645,106.45531,344.72,0.4,0.37,"2026-02-16",618,"N20","nominal","2.0NRT",309.89,6.06,"D"
"19687",13.78586,106.84377,348.33,0.41,0.37,"2026-02-16",618,"N20","nominal","2.0NRT",307.99,6.1,"D"
"19688",13.53195,105.12041,341.62,0.38,0.36,"2026-02-16",618,"N20","nominal","2.0NRT",304.4,2.35,"D"
"19689",13.48092,104.78558,337.38,0.38,0.36,"2026-02-16",618,"N20","nominal","2.0NRT",301.6,2.95,"D"
"19690",13.45871,104.64097,330.92,0.38,0.36,"2026-02-16",618,"N20","nominal","2.0NRT",295.8,5.15,"D"
"19691",13.66707,106.00197,339.05,0.39,0.36,"2026-02-16",618,"N20","nominal","2.0NRT",308.28,3.46,"D"
"19692",13.56884,105.34228,336.46,0.39,0.36,"2026-02-16",618,"N20","low","2.0NRT",309.07,2.24,"D"
"19693",13.56831,105.33875,336.82,0.39,0.36,"2026-02-16",618,"N20","low","2.0NRT",310.18,2.53,"D"
"19694",13.4259,104.40688,348.13,0.39,0.36,"2026-02-16",618,"N20","nominal","2.0NRT",304.01,5.64,"D"
"19695",13.1838,102.88338,336.95,0.42,0.38,"2026-02-16",618,"N20","nominal","2.0NRT",303.12,2.43,"D"
"19696",13.5519,105.20753,367,0.38,0.36,"2026-02-16",618,"N20","high","2.0NRT",311.62,9.71,"D"
"19697",13.73388,106.4353,345.15,0.4,0.37,"2026-02-16",618,"N20","nominal","2.0NRT",308.16,8.02,"D"
"19698",13.72478,106.37267,345.84,0.4,0.37,"2026-02-16",618,"N20","nominal","2.0NRT",308.74,4.44,"D"
"19699",13.72424,106.369,343.88,0.4,0.37,"2026-02-16",618,"N20","nominal","2.0NRT",306.1,4.44,"D"
"19700",13.71355,106.29565,347.43,0.4,0.37,"2026-02-16",618,"N20","nominal","2.0NRT",317.05,47.73,"D"
"19701",13.58226,105.40897,342.84,0.39,0.36,"2026-02-16",618,"N20","nominal","2.0NRT",308.57,6.67,"D"
"19702",13.58172,105.40543,352,0.39,0.36,"2026-02-16",618,"N20","nominal","2.0NRT",312.04,6.67,"D"
"19703",13.73833,106.44218,337.81,0.4,0.37,"2026-02-16",618,"N20","low","2.0NRT",309.16,4.28,"D"
"19704",13.73779,106.43848,341.86,0.4,0.37,"2026-02-16",618,"N20","nominal","2.0NRT",308.6,7.21,"D"
"19705",13.73672,106.43109,345.12,0.4,0.37,"2026-02-16",618,"N20","nominal","2.0NRT",307.21,6.42,"D"
"19706",13.73618,106.42741,355.43,0.4,0.37,"2026-02-16",618,"N20","nominal","2.0NRT",310.36,6.42,"D"
"19707",13.72814,106.37215,334.91,0.4,0.37,"2026-02-16",618,"N20","nominal","2.0NRT",308.16,10.72,"D"
"19708",13.7276,106.36848,344.61,0.4,0.37,"2026-02-16",618,"N20","nominal","2.0NRT",310.14,10.72,"D"
"19709",13.69077,106.11667,342.93,0.39,0.37,"2026-02-16",618,"N20","nominal","2.0NRT",310.64,6.63,"D"
"19710",13.67321,105.99734,347.06,0.39,0.36,"2026-02-16",618,"N20","nominal","2.0NRT",308.13,4.05,"D"
"19711",13.58503,105.40491,332.19,0.39,0.36,"2026-02-16",618,"N20","low","2.0NRT",307.08,2.31,"D"
"19712",13.5552,105.20701,337.48,0.38,0.36,"2026-02-16",618,"N20","nominal","2.0NRT",308.37,2.51,"D"
"19713",13.7315,106.37164,367,0.4,0.37,"2026-02-16",618,"N20","high","2.0NRT",309.15,10.72,"D"
"19714",13.73097,106.36796,336.8,0.4,0.37,"2026-02-16",618,"N20","nominal","2.0NRT",306.45,10.72,"D"
"19715",13.69464,106.11979,339.01,0.39,0.37,"2026-02-16",618,"N20","low","2.0NRT",310.36,4.25,"D"
"19716",13.67654,105.99683,344.75,0.39,0.36,"2026-02-16",618,"N20","nominal","2.0NRT",309.77,4.05,"D"
"19717",13.65421,105.84576,337.45,0.39,0.36,"2026-02-16",618,"N20","low","2.0NRT",308.01,1.99,"D"
"19718",13.65367,105.84218,335.05,0.39,0.36,"2026-02-16",618,"N20","low","2.0NRT",308.68,3.48,"D"
"19719",13.75528,106.51142,348.9,0.4,0.37,"2026-02-16",618,"N20","nominal","2.0NRT",307.02,5.29,"D"
"19720",13.73809,106.39321,342.36,0.4,0.37,"2026-02-16",618,"N20","nominal","2.0NRT",309.06,4.7,"D"
"19721",13.65753,105.84525,337.18,0.39,0.36,"2026-02-16",618,"N20","low","2.0NRT",308.99,9.69,"D"
"19722",13.58153,105.33667,340.84,0.39,0.36,"2026-02-16",618,"N20","nominal","2.0NRT",308.28,4.21,"D"
"19723",13.55646,105.17068,335.71,0.38,0.36,"2026-02-16",618,"N20","low","2.0NRT",306.62,5.7,"D"
"19724",13.82763,106.98897,337.37,0.42,0.37,"2026-02-16",618,"N20","nominal","2.0NRT",308.79,9.79,"D"
"19725",13.5651,105.20544,333.99,0.38,0.36,"2026-02-16",618,"N20","low","2.0NRT",306.3,1.55,"D"
"19726",13.56457,105.20191,336.77,0.38,0.36,"2026-02-16",618,"N20","low","2.0NRT",309.06,3.95,"D"
"19727",13.56137,105.18076,334.58,0.38,0.36,"2026-02-16",618,"N20","nominal","2.0NRT",302.21,2.68,"D"
"19728",13.56083,105.17722,339.64,0.38,0.36,"2026-02-16",618,"N20","nominal","2.0NRT",305.13,2.68,"D"
"19729",13.51581,104.88112,338.82,0.38,0.36,"2026-02-16",618,"N20","nominal","2.0NRT",307.43,2.86,"D"
"19730",13.2342,103.08621,336.83,0.41,0.37,"2026-02-16",618,"N20","nominal","2.0NRT",302.7,1.91,"D"
"19731",13.79887,106.7646,346.29,0.41,0.37,"2026-02-16",618,"N20","nominal","2.0NRT",312.49,12.99,"D"
"19732",13.79832,106.76083,348.67,0.41,0.37,"2026-02-16",618,"N20","nominal","2.0NRT",312.43,12.99,"D"
"19733",13.73195,106.30408,336.49,0.4,0.37,"2026-02-16",618,"N20","low","2.0NRT",309.91,6.36,"D"
"19734",13.66897,105.8765,352.35,0.39,0.36,"2026-02-16",618,"N20","nominal","2.0NRT",316.98,80.86,"D"
"19735",13.58867,105.33916,338.97,0.39,0.36,"2026-02-16",618,"N20","low","2.0NRT",310.41,4.7,"D"
"19736",13.58814,105.33562,348.68,0.39,0.36,"2026-02-16",618,"N20","nominal","2.0NRT",309.86,15.31,"D"
"19737",13.58121,105.28967,334.47,0.38,0.36,"2026-02-16",618,"N20","low","2.0NRT",309.11,2.81,"D"
"19738",13.56787,105.20139,344.56,0.38,0.36,"2026-02-16",618,"N20","nominal","2.0NRT",308.94,2.86,"D"
"19739",13.51857,104.87707,338.6,0.38,0.36,"2026-02-16",618,"N20","nominal","2.0NRT",307.91,3.3,"D"
"19740",13.80173,106.76032,341.14,0.41,0.37,"2026-02-16",618,"N20","nominal","2.0NRT",310.89,12.99,"D"
"19741",13.74496,106.36956,349.05,0.4,0.37,"2026-02-16",618,"N20","nominal","2.0NRT",309.33,5.95,"D"
"19742",13.74066,106.3402,353.2,0.4,0.37,"2026-02-16",618,"N20","nominal","2.0NRT",314.08,15.44,"D"
"19743",13.74013,106.33654,355.85,0.4,0.37,"2026-02-16",618,"N20","nominal","2.0NRT",312.41,15.44,"D"
"19744",13.67336,105.88316,340.36,0.39,0.36,"2026-02-16",618,"N20","low","2.0NRT",313,19.4,"D"
"19745",13.67283,105.87956,352.84,0.39,0.36,"2026-02-16",618,"N20","nominal","2.0NRT",318.37,19.4,"D"
"19746",13.59463,105.35632,337.84,0.39,0.36,"2026-02-16",618,"N20","low","2.0NRT",310.43,2.48,"D"
"19747",13.59144,105.33511,348.35,0.39,0.36,"2026-02-16",618,"N20","nominal","2.0NRT",311.17,15.31,"D"
"19748",13.58504,105.29269,337.26,0.38,0.36,"2026-02-16",618,"N20","nominal","2.0NRT",306.57,2.81,"D"
"19749",13.57171,105.2044,337.87,0.38,0.36,"2026-02-16",618,"N20","low","2.0NRT",309.38,3.77,"D"
"19750",13.57117,105.20087,334.47,0.38,0.36,"2026-02-16",618,"N20","low","2.0NRT",306.36,2.86,"D"
"19751",13.69215,105.98702,341.38,0.39,0.36,"2026-02-16",618,"N20","nominal","2.0NRT",310.44,11.42,"D"
"19752",13.59528,105.33812,340.77,0.39,0.36,"2026-02-16",618,"N20","nominal","2.0NRT",310,4.06,"D"
"19753",13.58408,105.26391,339.94,0.38,0.36,"2026-02-16",618,"N20","nominal","2.0NRT",309.11,3.21,"D"
"19754",13.75169,106.36853,341.67,0.4,0.37,"2026-02-16",618,"N20","nominal","2.0NRT",310.11,4.62,"D"
"19755",13.75115,106.36485,337.29,0.4,0.37,"2026-02-16",618,"N20","low","2.0NRT",309.03,4.62,"D"
"19756",13.70989,106.08405,338.9,0.39,0.36,"2026-02-16",618,"N20","low","2.0NRT",310.09,4.58,"D"
"19757",13.68641,105.92525,338.42,0.39,0.36,"2026-02-16",618,"N20","low","2.0NRT",311.47,5.04,"D"
"19758",13.60178,105.35882,338.66,0.39,0.36,"2026-02-16",618,"N20","low","2.0NRT",309.95,5.15,"D"
"19759",13.60124,105.35528,343.89,0.39,0.36,"2026-02-16",618,"N20","nominal","2.0NRT",310.54,6.46,"D"
"19760",13.536,104.92484,335.37,0.38,0.36,"2026-02-16",618,"N20","nominal","2.0NRT",304.17,2.24,"D"
"19761",13.25147,103.10661,331.25,0.41,0.37,"2026-02-16",618,"N20","low","2.0NRT",302.03,3.2,"D"
"19762",13.76421,106.43066,335.83,0.4,0.37,"2026-02-16",618,"N20","low","2.0NRT",306.12,9.29,"D"
"19763",13.58535,105.22754,336.32,0.38,0.36,"2026-02-16",618,"N20","low","2.0NRT",310.36,2.93,"D"
"19764",13.5393,104.92431,336.63,0.38,0.36,"2026-02-16",618,"N20","nominal","2.0NRT",305.46,2.74,"D"
"19765",13.40412,104.04871,345.73,0.39,0.36,"2026-02-16",618,"N20","nominal","2.0NRT",303.51,10.57,"D"
"19766",13.81808,106.77713,339.95,0.41,0.37,"2026-02-16",618,"N20","nominal","2.0NRT",309.04,6.38,"D"
"19767",13.81753,106.77336,348.48,0.41,0.37,"2026-02-16",618,"N20","nominal","2.0NRT",310.94,6.38,"D"
"19768",13.80934,106.71685,339.46,0.41,0.37,"2026-02-16",618,"N20","low","2.0NRT",310.79,4.7,"D"
"19769",13.80879,106.7131,337.27,0.41,0.37,"2026-02-16",618,"N20","low","2.0NRT",310.53,4.7,"D"
"19770",13.76758,106.43014,349.03,0.4,0.37,"2026-02-16",618,"N20","nominal","2.0NRT",309.15,9.29,"D"
"19771",13.74122,106.25032,339.71,0.4,0.37,"2026-02-16",618,"N20","low","2.0NRT",312.76,4.84,"D"
"19772",13.57422,105.13177,337.97,0.38,0.36,"2026-02-16",618,"N20","nominal","2.0NRT",307.5,3.91,"D"
"19773",13.57369,105.12824,333.57,0.38,0.36,"2026-02-16",618,"N20","low","2.0NRT",306.06,1.99,"D"
"19774",13.5313,104.84977,340.79,0.38,0.36,"2026-02-16",618,"N20","nominal","2.0NRT",304.33,3.58,"D"
"19775",13.82148,106.77662,367,0.41,0.37,"2026-02-16",618,"N20","high","2.0NRT",354.77,163.41,"D"
"19776",13.82203,106.78039,337.83,0.41,0.37,"2026-02-16",618,"N20","nominal","2.0NRT",308.22,9.08,"D"
"19777",13.82039,106.76909,346.12,0.41,0.37,"2026-02-16",618,"N20","nominal","2.0NRT",309.98,46.92,"D"
"19778",13.76772,106.40752,347.88,0.4,0.37,"2026-02-16",618,"N20","nominal","2.0NRT",312.92,17.35,"D"
"19779",13.74457,106.24982,338.4,0.4,0.37,"2026-02-16",618,"N20","low","2.0NRT",310.79,3.32,"D"
"19780",13.74404,106.24616,337.37,0.4,0.37,"2026-02-16",618,"N20","low","2.0NRT",312.02,3.32,"D"
"19781",13.82094,106.77285,367,0.41,0.37,"2026-02-16",618,"N20","low","2.0NRT",325.94,163.41,"D"
"19782",13.77108,106.407,342.67,0.4,0.37,"2026-02-16",618,"N20","nominal","2.0NRT",312.97,17.35,"D"
"19783",13.77054,106.40331,345.78,0.4,0.37,"2026-02-16",618,"N20","nominal","2.0NRT",313.57,20.85,"D"
"19784",13.74793,106.2493,338.47,0.4,0.37,"2026-02-16",618,"N20","low","2.0NRT",310.82,3.32,"D"
"19785",13.50654,104.6441,333.25,0.38,0.36,"2026-02-16",618,"N20","nominal","2.0NRT",301.17,1.53,"D"
"19786",13.81681,106.69653,338.35,0.41,0.37,"2026-02-16",618,"N20","nominal","2.0NRT",309.45,7.23,"D"
"19787",13.8119,106.6628,336.03,0.41,0.37,"2026-02-16",618,"N20","low","2.0NRT",308.93,2.7,"D"
"19788",13.74806,106.22689,337.2,0.4,0.37,"2026-02-16",618,"N20","low","2.0NRT",309.57,38.04,"D"
"19789",13.63801,105.48721,354.49,0.39,0.36,"2026-02-16",618,"N20","nominal","2.0NRT",309.12,5.69,"D"
"19790",13.63748,105.48366,355.85,0.39,0.36,"2026-02-16",618,"N20","nominal","2.0NRT",309.6,5.69,"D"
"19791",13.61296,105.32085,346.62,0.38,0.36,"2026-02-16",618,"N20","nominal","2.0NRT",310.91,5.88,"D"
"19792",13.8213,106.70353,338.18,0.41,0.37,"2026-02-16",618,"N20","nominal","2.0NRT",306.81,2.33,"D"
"19793",13.82075,106.69977,341.62,0.41,0.37,"2026-02-16",618,"N20","nominal","2.0NRT",308.74,7.23,"D"
"19794",13.82021,106.69601,342.01,0.41,0.37,"2026-02-16",618,"N20","nominal","2.0NRT",308.52,7.23,"D"
"19795",13.81639,106.66978,342.08,0.41,0.37,"2026-02-16",618,"N20","nominal","2.0NRT",307.18,7.03,"D"
"19796",13.81529,106.66229,336.35,0.41,0.37,"2026-02-16",618,"N20","low","2.0NRT",309.86,2.7,"D"
"19797",13.76756,106.3361,340.92,0.4,0.37,"2026-02-16",618,"N20","nominal","2.0NRT",307.53,7.3,"D"
"19798",13.73154,106.09181,339.34,0.39,0.36,"2026-02-16",618,"N20","low","2.0NRT",310.83,4.2,"D"
"19799",13.69838,105.86826,343.83,0.39,0.36,"2026-02-16",618,"N20","nominal","2.0NRT",309.91,3.46,"D"
"19800",13.64132,105.48669,346.7,0.39,0.36,"2026-02-16",618,"N20","nominal","2.0NRT",307.84,5.69,"D"
"19801",13.51315,104.64304,331.79,0.38,0.36,"2026-02-16",618,"N20","nominal","2.0NRT",299.68,3.02,"D"
"19802",13.7553,106.2295,337.79,0.4,0.37,"2026-02-16",618,"N20","low","2.0NRT",309.95,3.84,"D"
"19803",13.75476,106.22585,339.65,0.4,0.37,"2026-02-16",618,"N20","low","2.0NRT",310.25,5.82,"D"
"19804",13.44244,104.16351,336.08,0.39,0.36,"2026-02-16",618,"N20","nominal","2.0NRT",300.67,3.17,"D"
"19805",13.75865,106.22899,340.2,0.4,0.37,"2026-02-16",618,"N20","low","2.0NRT",310.84,3.84,"D"
"19806",13.75811,106.22534,342.54,0.4,0.37,"2026-02-16",618,"N20","nominal","2.0NRT",310.63,5.82,"D"
"19807",13.63407,105.39357,332.43,0.39,0.36,"2026-02-16",618,"N20","low","2.0NRT",307.31,2.49,"D"
"19808",13.44576,104.16298,349.35,0.39,0.36,"2026-02-16",618,"N20","nominal","2.0NRT",301.97,3.17,"D"
"19809",12.92933,100.96836,334.71,0.52,0.41,"2026-02-16",618,"N20","nominal","2.0NRT",296.54,2.77,"D"
"19810",13.83095,106.69825,340.3,0.41,0.37,"2026-02-16",618,"N20","nominal","2.0NRT",308.13,2.99,"D"
"19811",13.55546,104.85313,335.4,0.38,0.36,"2026-02-16",618,"N20","low","2.0NRT",305.55,2.1,"D"
"19812",13.77993,106.32674,331.88,0.4,0.37,"2026-02-16",618,"N20","low","2.0NRT",305.34,16.85,"D"
"19813",13.75028,106.12602,339.07,0.39,0.37,"2026-02-16",618,"N20","low","2.0NRT",312.36,3.69,"D"
"19814",13.74974,106.12239,338.59,0.39,0.37,"2026-02-16",618,"N20","low","2.0NRT",313.17,4.32,"D"
"19815",13.71061,105.85902,340.64,0.39,0.36,"2026-02-16",618,"N20","nominal","2.0NRT",309.53,4.54,"D"
"19816",13.71008,105.85543,337.8,0.39,0.36,"2026-02-16",618,"N20","low","2.0NRT",309.6,3.99,"D"
"19817",13.48328,104.36124,344.06,0.39,0.36,"2026-02-16",618,"N20","nominal","2.0NRT",302.01,5.1,"D"
"19818",13.79087,106.37762,334.92,0.4,0.37,"2026-02-16",618,"N20","low","2.0NRT",306.83,1.94,"D"
"19819",13.77735,106.28592,336.2,0.4,0.37,"2026-02-16",618,"N20","low","2.0NRT",309.57,2.54,"D"
"19820",13.74127,106.04221,340.64,0.39,0.36,"2026-02-16",618,"N20","low","2.0NRT",313.33,5.46,"D"
"19821",13.71341,105.85492,339.59,0.39,0.36,"2026-02-16",618,"N20","nominal","2.0NRT",308.09,4.76,"D"
"19822",13.23267,102.74827,331.4,0.42,0.38,"2026-02-16",618,"N20","nominal","2.0NRT",297.05,2.58,"D"
"19823",13.78557,106.31837,336.66,0.4,0.37,"2026-02-16",618,"N20","nominal","2.0NRT",306.38,6.2,"D"
"19824",13.74085,106.0164,352.91,0.39,0.36,"2026-02-16",618,"N20","nominal","2.0NRT",307.08,5.49,"D"
"19825",13.83029,106.59887,339.62,0.41,0.37,"2026-02-16",618,"N20","nominal","2.0NRT",307.28,3.13,"D"
"19826",13.76032,106.12449,333.6,0.39,0.37,"2026-02-16",618,"N20","low","2.0NRT",308.22,1.64,"D"
"19827",13.71738,105.83594,335.18,0.39,0.36,"2026-02-16",618,"N20","low","2.0NRT",307.8,2.6,"D"
"19828",14.00959,107.8141,331.23,0.45,0.39,"2026-02-16",618,"N20","low","2.0NRT",304.11,2.8,"D"
"19829",13.76366,106.12397,337.56,0.39,0.37,"2026-02-16",618,"N20","low","2.0NRT",308.29,1.64,"D"
"19830",13.76312,106.12034,342.73,0.39,0.37,"2026-02-16",618,"N20","nominal","2.0NRT",310.02,5.25,"D"
"19831",13.67579,105.53574,352.42,0.39,0.36,"2026-02-16",618,"N20","nominal","2.0NRT",311.17,8.22,"D"
"19832",13.66725,105.47899,339.63,0.39,0.36,"2026-02-16",618,"N20","nominal","2.0NRT",302.69,4.78,"D"
"19833",13.70154,105.68468,331.69,0.39,0.36,"2026-02-16",618,"N20","low","2.0NRT",305.42,8.7,"D"
"19834",13.76496,106.08668,335.23,0.39,0.36,"2026-02-16",618,"N20","low","2.0NRT",309.96,2.61,"D"
"19835",13.88915,106.90589,336.14,0.41,0.37,"2026-02-16",618,"N20","low","2.0NRT",307.68,3.83,"D"
"19836",13.7641,106.03499,342,0.39,0.36,"2026-02-16",618,"N20","low","2.0NRT",312.04,5.89,"D"
"19837",13.7667,106.0339,351.95,0.39,0.36,"2026-02-16",618,"N20","nominal","2.0NRT",312.76,10.94,"D"
"19838",13.68823,105.50391,336.58,0.39,0.36,"2026-02-16",618,"N20","low","2.0NRT",310.48,4.35,"D"
"19839",13.6877,105.50037,337.37,0.39,0.36,"2026-02-16",618,"N20","low","2.0NRT",309.26,2.72,"D"
"19840",13.51483,104.36623,336.53,0.39,0.36,"2026-02-16",618,"N20","nominal","2.0NRT",300.84,3.32,"D"
"19841",13.78119,106.10946,342.33,0.39,0.37,"2026-02-16",618,"N20","nominal","2.0NRT",312.03,9.39,"D"
"19842",13.77922,106.07268,340.44,0.39,0.36,"2026-02-16",618,"N20","low","2.0NRT",312.28,7.39,"D"
"19843",13.69803,105.52417,338.53,0.39,0.36,"2026-02-16",618,"N20","nominal","2.0NRT",307.93,4.22,"D"
"19844",13.78256,106.07216,346.85,0.39,0.36,"2026-02-16",618,"N20","nominal","2.0NRT",308.95,7.39,"D"
"19845",13.7475,105.83416,342.48,0.39,0.36,"2026-02-16",618,"N20","nominal","2.0NRT",310.45,4.23,"D"
"19846",13.74644,105.82699,341.07,0.39,0.36,"2026-02-16",618,"N20","nominal","2.0NRT",308.07,9.94,"D"
"19847",13.74591,105.8234,351.14,0.39,0.36,"2026-02-16",618,"N20","nominal","2.0NRT",313.94,9.94,"D"
"19848",13.7024,105.53076,342.15,0.39,0.36,"2026-02-16",618,"N20","nominal","2.0NRT",310.55,12.19,"D"
"19849",13.70028,105.51655,339.37,0.39,0.36,"2026-02-16",618,"N20","nominal","2.0NRT",309.28,7.99,"D"
"19850",13.63318,105.071,352.16,0.38,0.36,"2026-02-16",618,"N20","nominal","2.0NRT",307.28,14.06,"D"
"19851",13.31423,103.03752,342.56,0.41,0.37,"2026-02-16",618,"N20","nominal","2.0NRT",302.62,3.93,"D"
"19852",13.87265,106.66844,338.42,0.41,0.37,"2026-02-16",618,"N20","low","2.0NRT",309.67,4.83,"D"
"19853",13.75083,105.83364,345.16,0.39,0.36,"2026-02-16",618,"N20","nominal","2.0NRT",309.63,6.71,"D"
"19854",13.67074,105.27472,336.29,0.38,0.36,"2026-02-16",618,"N20","low","2.0NRT",310.5,2.82,"D"
"19855",13.23596,102.51443,332.16,0.43,0.38,"2026-02-16",618,"N20","nominal","2.0NRT",299.4,2.8,"D"
"19856",13.68948,105.37675,336.26,0.39,0.36,"2026-02-16",618,"N20","nominal","2.0NRT",304.71,4.53,"D"
"19857",13.67511,105.28127,338.48,0.38,0.36,"2026-02-16",618,"N20","low","2.0NRT",308.86,3.15,"D"
"19858",13.57571,104.62855,336.11,0.38,0.36,"2026-02-16",618,"N20","nominal","2.0NRT",299.38,3.24,"D"
"19859",13.81673,106.21194,346.53,0.4,0.37,"2026-02-16",618,"N20","nominal","2.0NRT",310.83,4.85,"D"
"19860",13.7608,105.83211,347.17,0.39,0.36,"2026-02-16",618,"N20","nominal","2.0NRT",312.93,7.91,"D"
"19861",13.81207,106.15678,338.77,0.4,0.37,"2026-02-16",618,"N20","nominal","2.0NRT",308.32,3.13,"D"
"19862",13.76413,105.83159,352.13,0.39,0.36,"2026-02-16",618,"N20","nominal","2.0NRT",313.81,16.98,"D"
"19863",13.72055,105.53883,337.64,0.39,0.36,"2026-02-16",618,"N20","nominal","2.0NRT",307.31,2.41,"D"
"19864",13.72002,105.53528,336.77,0.39,0.36,"2026-02-16",618,"N20","low","2.0NRT",308.91,2.41,"D"
"19865",13.6486,105.06133,336.17,0.38,0.36,"2026-02-16",618,"N20","low","2.0NRT",307.12,2.09,"D"
"19866",13.90103,106.74491,348.49,0.41,0.37,"2026-02-16",618,"N20","nominal","2.0NRT",310.82,10.49,"D"
"19867",13.90049,106.74113,351.93,0.41,0.37,"2026-02-16",618,"N20","nominal","2.0NRT",315.6,18.83,"D"
"19868",13.89995,106.73735,345.71,0.41,0.37,"2026-02-16",618,"N20","nominal","2.0NRT",310.53,18.83,"D"
"19869",13.78396,105.9426,333.28,0.39,0.36,"2026-02-16",618,"N20","low","2.0NRT",304.42,5.1,"D"
"19870",13.70099,105.3858,338.93,0.39,0.36,"2026-02-16",618,"N20","nominal","2.0NRT",305.04,4.68,"D"
"19871",13.69833,105.36811,336.33,0.39,0.36,"2026-02-16",618,"N20","low","2.0NRT",306.75,2.71,"D"
"19872",13.55669,104.43943,336.34,0.39,0.36,"2026-02-16",618,"N20","nominal","2.0NRT",305.71,4.36,"D"
"19873",13.90498,106.74817,340.59,0.41,0.37,"2026-02-16",618,"N20","nominal","2.0NRT",309.61,6.82,"D"
"19874",13.9039,106.74062,338.5,0.41,0.37,"2026-02-16",618,"N20","low","2.0NRT",311.16,7.22,"D"
"19875",13.81931,106.15939,338.46,0.4,0.37,"2026-02-16",618,"N20","low","2.0NRT",310.92,3.26,"D"
"19876",13.67712,105.20499,336.3,0.38,0.36,"2026-02-16",618,"N20","low","2.0NRT",308.89,2.98,"D"
"19877",13.56,104.4389,338.71,0.39,0.36,"2026-02-16",618,"N20","nominal","2.0NRT",303.81,2.37,"D"
"19878",13.90784,106.74387,350.27,0.41,0.37,"2026-02-16",618,"N20","nominal","2.0NRT",309.18,6.82,"D"
"19879",13.9073,106.7401,351.12,0.41,0.37,"2026-02-16",618,"N20","nominal","2.0NRT",312.93,7.22,"D"
"19880",13.90676,106.73633,337.23,0.41,0.37,"2026-02-16",618,"N20","low","2.0NRT",310.37,7.22,"D"
"19881",13.6279,104.85874,348.2,0.38,0.36,"2026-02-16",618,"N20","nominal","2.0NRT",307.04,3.64,"D"
"19882",13.62736,104.85522,332.8,0.38,0.36,"2026-02-16",618,"N20","low","2.0NRT",303.92,3.64,"D"
"19883",13.59818,104.66471,348.09,0.38,0.36,"2026-02-16",618,"N20","nominal","2.0NRT",306.52,10.26,"D"
"19884",13.59222,104.62589,334.48,0.38,0.36,"2026-02-16",618,"N20","nominal","2.0NRT",303.15,2.54,"D"
"19885",13.82279,106.13651,337.5,0.4,0.37,"2026-02-16",618,"N20","low","2.0NRT",309.24,2.59,"D"
"19886",13.59552,104.62536,340.32,0.38,0.36,"2026-02-16",618,"N20","nominal","2.0NRT",301.48,5,"D"
"19887",13.5391,104.26032,334.92,0.39,0.36,"2026-02-16",618,"N20","nominal","2.0NRT",298.66,1.53,"D"
"19888",13.79569,105.92971,333.39,0.39,0.36,"2026-02-16",618,"N20","low","2.0NRT",304.95,1.45,"D"
"19889",13.90769,106.67076,336.16,0.41,0.37,"2026-02-16",618,"N20","low","2.0NRT",308.8,3.05,"D"
"19890",13.8402,106.20835,342.58,0.4,0.37,"2026-02-16",618,"N20","nominal","2.0NRT",309.22,2.9,"D"
"19891",13.80169,105.94723,335.86,0.39,0.36,"2026-02-16",618,"N20","nominal","2.0NRT",304.43,2.15,"D"
"19892",13.71859,105.3903,332.71,0.39,0.36,"2026-02-16",618,"N20","low","2.0NRT",307.14,1.69,"D"
"19893",13.57267,104.43323,337.14,0.39,0.36,"2026-02-16",618,"N20","nominal","2.0NRT",302.88,2.07,"D"
"19894",13.80502,105.9467,330.84,0.39,0.36,"2026-02-16",618,"N20","low","2.0NRT",304.79,2.15,"D"
"19895",13.78848,105.83516,337.49,0.39,0.36,"2026-02-16",618,"N20","low","2.0NRT",309,1.73,"D"
"19896",13.64109,104.85664,342.4,0.38,0.36,"2026-02-16",618,"N20","nominal","2.0NRT",304.63,2.24,"D"
"19897",13.61409,104.68024,337.36,0.38,0.36,"2026-02-16",618,"N20","nominal","2.0NRT",301.36,5.75,"D"
"19898",13.61355,104.67671,344.41,0.38,0.36,"2026-02-16",618,"N20","nominal","2.0NRT",304.35,5.75,"D"
"19899",13.84261,106.17813,340.87,0.4,0.37,"2026-02-16",618,"N20","nominal","2.0NRT",309.91,3.75,"D"
"19900",13.61739,104.67971,337.25,0.38,0.36,"2026-02-16",618,"N20","nominal","2.0NRT",303.31,5.93,"D"
"19901",13.61685,104.67618,354.79,0.38,0.36,"2026-02-16",618,"N20","nominal","2.0NRT",303.55,5.93,"D"
"19902",13.78926,105.79467,342.87,0.39,0.36,"2026-02-16",618,"N20","nominal","2.0NRT",311.48,4.27,"D"
"19903",13.78872,105.79109,350.92,0.39,0.36,"2026-02-16",618,"N20","nominal","2.0NRT",312.69,7.3,"D"
"19904",13.7237,105.35687,335.44,0.39,0.36,"2026-02-16",618,"N20","low","2.0NRT",307.28,1.89,"D"
"19905",13.69595,105.17307,339.69,0.38,0.36,"2026-02-16",618,"N20","nominal","2.0NRT",308.41,6.13,"D"
"19906",13.81342,105.93433,331.25,0.39,0.36,"2026-02-16",618,"N20","low","2.0NRT",303.48,1.59,"D"
"19907",13.79258,105.79416,337.83,0.39,0.36,"2026-02-16",618,"N20","low","2.0NRT",311.29,2.17,"D"
"19908",13.78565,105.74761,347.9,0.39,0.36,"2026-02-16",618,"N20","nominal","2.0NRT",311.4,5.39,"D"
"19909",13.67677,105.02435,334.41,0.38,0.36,"2026-02-16",618,"N20","low","2.0NRT",308.03,2.81,"D"
"19910",13.84836,106.14746,346.19,0.4,0.37,"2026-02-16",618,"N20","nominal","2.0NRT",312.53,4.28,"D"
"19911",13.85171,106.14694,339.94,0.4,0.37,"2026-02-16",618,"N20","low","2.0NRT",310.18,4.19,"D"
"19912",13.82008,105.9333,338.77,0.39,0.36,"2026-02-16",618,"N20","nominal","2.0NRT",305.02,2.24,"D"
"19913",13.80885,105.85773,342.47,0.39,0.36,"2026-02-16",618,"N20","nominal","2.0NRT",306.76,18.34,"D"
"19914",13.80831,105.85413,337.41,0.39,0.36,"2026-02-16",618,"N20","nominal","2.0NRT",312.03,5.11,"D"
"19915",13.79923,105.79313,337.89,0.39,0.36,"2026-02-16",618,"N20","nominal","2.0NRT",306.55,1.01,"D"
"19916",13.81164,105.85361,367,0.39,0.36,"2026-02-16",618,"N20","high","2.0NRT",312.02,5.11,"D"
"19917",13.82395,105.93639,340.39,0.39,0.36,"2026-02-16",618,"N20","nominal","2.0NRT",304.45,3.48,"D"
"19918",13.82341,105.93279,335.34,0.39,0.36,"2026-02-16",618,"N20","nominal","2.0NRT",305.01,2.24,"D"
"19919",13.82288,105.92918,332.76,0.39,0.36,"2026-02-16",618,"N20","low","2.0NRT",306.43,2.24,"D"
"19920",13.81218,105.85721,347.12,0.39,0.36,"2026-02-16",618,"N20","nominal","2.0NRT",314.87,18.34,"D"
"19921",13.8111,105.85001,340.75,0.39,0.36,"2026-02-16",618,"N20","nominal","2.0NRT",310.41,5.11,"D"
"19922",13.81004,105.84283,335.92,0.39,0.36,"2026-02-16",618,"N20","low","2.0NRT",310.9,2.82,"D"
"19923",13.8063,105.81772,341.18,0.39,0.36,"2026-02-16",618,"N20","nominal","2.0NRT",306.31,1.19,"D"
"19924",13.72145,105.25223,348.88,0.38,0.36,"2026-02-16",618,"N20","nominal","2.0NRT",308.85,5.97,"D"
"19925",13.62142,104.59584,331.91,0.39,0.36,"2026-02-16",618,"N20","nominal","2.0NRT",300.31,1.26,"D"
"19926",13.82782,105.93948,351.14,0.39,0.36,"2026-02-16",618,"N20","nominal","2.0NRT",307.28,5.51,"D"
"19927",13.82728,105.93588,338.98,0.39,0.36,"2026-02-16",618,"N20","nominal","2.0NRT",304.26,5.51,"D"
"19928",13.82675,105.93227,338.01,0.39,0.36,"2026-02-16",618,"N20","nominal","2.0NRT",304.72,2.73,"D"
"19929",13.82621,105.92866,333.46,0.39,0.36,"2026-02-16",618,"N20","low","2.0NRT",304.92,2.73,"D"
"19930",13.82407,105.91425,338.4,0.39,0.36,"2026-02-16",618,"N20","nominal","2.0NRT",307.27,2.91,"D"
"19931",13.82353,105.91064,334.15,0.39,0.36,"2026-02-16",618,"N20","low","2.0NRT",306.21,2.65,"D"
"19932",13.8155,105.85669,339.82,0.39,0.36,"2026-02-16",618,"N20","nominal","2.0NRT",310.41,4.99,"D"
"19933",13.6231,104.5847,349.28,0.39,0.36,"2026-02-16",618,"N20","nominal","2.0NRT",305.99,4.35,"D"
"19934",13.86929,106.19639,339.29,0.4,0.37,"2026-02-16",618,"N20","low","2.0NRT",313.8,6.13,"D"
"19935",13.83115,105.93896,352.74,0.39,0.36,"2026-02-16",618,"N20","nominal","2.0NRT",309.03,5.51,"D"
"19936",13.83061,105.93536,342.36,0.39,0.36,"2026-02-16",618,"N20","nominal","2.0NRT",307.18,5.51,"D"
"19937",13.82901,105.92454,337.99,0.39,0.36,"2026-02-16",618,"N20","nominal","2.0NRT",306.53,2.83,"D"
"19938",13.75261,105.41397,340.57,0.39,0.36,"2026-02-16",618,"N20","nominal","2.0NRT",308.36,3.56,"D"
"19939",13.63345,104.63012,347.88,0.38,0.36,"2026-02-16",618,"N20","nominal","2.0NRT",305.67,3.68,"D"
"19940",13.6264,104.58417,337.73,0.39,0.36,"2026-02-16",618,"N20","nominal","2.0NRT",303.21,4.35,"D"
"19941",13.62586,104.58064,335.41,0.39,0.36,"2026-02-16",618,"N20","nominal","2.0NRT",304.73,4.35,"D"
"19942",13.39212,103.08662,333.1,0.41,0.37,"2026-02-16",618,"N20","low","2.0NRT",304.6,3.14,"D"
"19943",13.39151,103.08285,338.77,0.41,0.37,"2026-02-16",618,"N20","nominal","2.0NRT",304.57,3.67,"D"
"19944",13.83448,105.93845,336.77,0.39,0.36,"2026-02-16",618,"N20","nominal","2.0NRT",305.91,6.61,"D"
"19945",13.83395,105.93484,349.4,0.39,0.36,"2026-02-16",618,"N20","nominal","2.0NRT",308.48,6.61,"D"
"19946",13.83234,105.92403,340.79,0.39,0.36,"2026-02-16",618,"N20","nominal","2.0NRT",304.67,4.49,"D"
"19947",13.83073,105.91322,333.16,0.39,0.36,"2026-02-16",618,"N20","low","2.0NRT",307.54,2.91,"D"
"19948",13.83019,105.90961,350.31,0.39,0.36,"2026-02-16",618,"N20","nominal","2.0NRT",308.72,8.99,"D"
"19949",13.74577,105.34615,345.93,0.39,0.36,"2026-02-16",618,"N20","nominal","2.0NRT",307.21,4.39,"D"
"19950",13.39492,103.08228,338.89,0.41,0.37,"2026-02-16",618,"N20","nominal","2.0NRT",303.18,1.3,"D"
"19951",13.37679,102.96851,334.74,0.42,0.37,"2026-02-16",618,"N20","nominal","2.0NRT",303.76,2.47,"D"
"19952",13.84962,106.01738,342.71,0.39,0.36,"2026-02-16",618,"N20","nominal","2.0NRT",307.47,5.6,"D"
"19953",13.83406,105.9127,340.44,0.39,0.36,"2026-02-16",618,"N20","nominal","2.0NRT",308.56,2.91,"D"
"19954",13.80996,105.75114,345.01,0.39,0.36,"2026-02-16",618,"N20","nominal","2.0NRT",309.33,5.99,"D"
"19955",13.80943,105.74757,352.42,0.39,0.36,"2026-02-16",618,"N20","nominal","2.0NRT",308.25,5.99,"D"
"19956",13.66869,104.81611,332.11,0.38,0.36,"2026-02-16",618,"N20","nominal","2.0NRT",298.51,0.72,"D"
"19957",13.94188,106.61964,333.01,0.41,0.37,"2026-02-16",618,"N20","low","2.0NRT",304.13,1.84,"D"
"19958",13.81328,105.75063,349.73,0.39,0.36,"2026-02-16",618,"N20","nominal","2.0NRT",311.58,6.67,"D"
"19959",13.81232,105.72148,334.96,0.39,0.36,"2026-02-16",618,"N20","low","2.0NRT",309.87,4.85,"D"
"19960",13.86018,106.01945,335.6,0.39,0.36,"2026-02-16",618,"N20","low","2.0NRT",308.04,0.91,"D"
"19961",13.80709,105.66383,338.15,0.39,0.36,"2026-02-16",618,"N20","low","2.0NRT",309.38,6.91,"D"
"19962",13.7996,105.61389,335.91,0.39,0.36,"2026-02-16",618,"N20","low","2.0NRT",310.05,3.22,"D"
"19963",13.79906,105.61032,333.55,0.39,0.36,"2026-02-16",618,"N20","low","2.0NRT",305.73,3.22,"D"
"19964",13.7857,105.52138,342.64,0.39,0.36,"2026-02-16",618,"N20","nominal","2.0NRT",309.96,5.56,"D"
"19965",13.78516,105.51782,339.36,0.39,0.36,"2026-02-16",618,"N20","low","2.0NRT",311.15,5.56,"D"
"19966",13.80826,105.64904,346.85,0.39,0.36,"2026-02-16",618,"N20","nominal","2.0NRT",308.69,4.11,"D"
"19967",13.65218,104.61987,334.3,0.38,0.36,"2026-02-16",618,"N20","nominal","2.0NRT",302.79,12.52,"D"
"19968",13.97309,106.73784,335.49,0.41,0.37,"2026-02-16",618,"N20","low","2.0NRT",307.32,3.22,"D"
"19969",13.35472,102.67563,336.72,0.43,0.38,"2026-02-16",618,"N20","nominal","2.0NRT",299.29,3.38,"D"
"19970",13.90667,106.25014,344.03,0.4,0.37,"2026-02-16",618,"N20","nominal","2.0NRT",307.45,3.82,"D"
"19971",13.79149,105.46899,337.08,0.39,0.36,"2026-02-16",618,"N20","low","2.0NRT",311.9,3.43,"D"
"19972",13.35345,102.67606,336.81,0.43,0.38,"2026-02-16",618,"N20","nominal","2.0NRT",299.85,2.07,"D"
"19973",14.02108,107.023,343.02,0.42,0.38,"2026-02-16",618,"N20","nominal","2.0NRT",310.51,28.49,"D"
"19974",13.87438,106.00571,340.2,0.39,0.36,"2026-02-16",618,"N20","nominal","2.0NRT",307.55,3.59,"D"
"19975",13.86801,105.96233,335.12,0.39,0.36,"2026-02-16",618,"N20","low","2.0NRT",307.85,3.85,"D"
"19976",13.8436,105.79674,338.05,0.39,0.36,"2026-02-16",618,"N20","nominal","2.0NRT",305.84,6.22,"D"
"19977",13.51342,103.64433,336.43,0.4,0.37,"2026-02-16",618,"N20","nominal","2.0NRT",300.27,2.65,"D"
"19978",13.41572,103.03606,337.72,0.41,0.37,"2026-02-16",618,"N20","nominal","2.0NRT",302.94,3.15,"D"
"19979",13.3866,102.85702,334.05,0.42,0.38,"2026-02-16",618,"N20","nominal","2.0NRT",299.59,1.44,"D"
"19980",14.02053,107.01911,302.86,0.42,0.38,"2026-02-16",618,"N20","low","2.0NRT",307,23.87,"D"
"19981",13.84693,105.79622,349.15,0.39,0.36,"2026-02-16",618,"N20","nominal","2.0NRT",310.71,9.23,"D"
"19982",13.78855,105.40409,336.98,0.39,0.36,"2026-02-16",618,"N20","low","2.0NRT",308.44,2.88,"D"
"19983",13.63394,104.39011,338.85,0.39,0.36,"2026-02-16",618,"N20","nominal","2.0NRT",301.39,3.95,"D"
"19984",13.63009,104.36527,330.63,0.39,0.36,"2026-02-16",618,"N20","nominal","2.0NRT",300.32,1.92,"D"
"19985",13.42342,103.06196,338.82,0.41,0.37,"2026-02-16",618,"N20","nominal","2.0NRT",305.04,3.71,"D"
"19986",14.07158,107.33089,345.7,0.43,0.38,"2026-02-16",618,"N20","nominal","2.0NRT",313.07,6.79,"D"
"19987",14.06881,107.31122,346,0.43,0.38,"2026-02-16",618,"N20","nominal","2.0NRT",311.33,13.83,"D"
"19988",13.91301,106.22294,346.95,0.4,0.37,"2026-02-16",618,"N20","nominal","2.0NRT",311.88,15.3,"D"
"19989",13.85025,105.79569,342.28,0.39,0.36,"2026-02-16",618,"N20","nominal","2.0NRT",304.06,9.23,"D"
"19990",13.58225,104.03689,339.97,0.39,0.36,"2026-02-16",618,"N20","nominal","2.0NRT",298.68,2.35,"D"
"19991",13.43232,103.09534,346.97,0.41,0.37,"2026-02-16",618,"N20","nominal","2.0NRT",305.74,3.77,"D"
"19992",14.07229,107.31066,342.95,0.43,0.38,"2026-02-16",618,"N20","nominal","2.0NRT",312.22,5.65,"D"
"19993",14.07174,107.30674,352.18,0.43,0.38,"2026-02-16",618,"N20","nominal","2.0NRT",312.55,6.29,"D"
"19994",14.07118,107.30283,338.18,0.43,0.38,"2026-02-16",618,"N20","nominal","2.0NRT",307.52,6.29,"D"
"19995",13.98024,106.66348,341.1,0.41,0.37,"2026-02-16",618,"N20","nominal","2.0NRT",307.68,12.91,"D"
"19996",13.92117,106.25541,340.81,0.4,0.37,"2026-02-16",618,"N20","nominal","2.0NRT",307.91,5.84,"D"
"19997",13.8472,105.75216,337.27,0.39,0.36,"2026-02-16",618,"N20","low","2.0NRT",307.32,12.82,"D"
"19998",13.59459,104.09382,332.92,0.39,0.36,"2026-02-16",618,"N20","nominal","2.0NRT",294.5,7.95,"D"
"19999",13.5072,103.5404,334.26,0.4,0.37,"2026-02-16",618,"N20","nominal","2.0NRT",302.12,4.99,"D"
"20000",14.07576,107.31009,338.53,0.43,0.38,"2026-02-16",618,"N20","low","2.0NRT",313.49,5.65,"D"
"20001",14.07521,107.30618,347.22,0.43,0.38,"2026-02-16",618,"N20","nominal","2.0NRT",312.12,6.29,"D"
"20002",14.07466,107.30229,342.47,0.43,0.38,"2026-02-16",618,"N20","nominal","2.0NRT",307.13,6.29,"D"
"20003",13.98364,106.66296,352.66,0.41,0.37,"2026-02-16",618,"N20","nominal","2.0NRT",315.8,12.91,"D"
"20004",13.975,106.60292,347.86,0.41,0.37,"2026-02-16",618,"N20","nominal","2.0NRT",309.1,6.43,"D"
"20005",13.91438,106.18535,342.8,0.4,0.37,"2026-02-16",618,"N20","nominal","2.0NRT",310.09,3.45,"D"
"20006",13.85053,105.75163,336.83,0.39,0.36,"2026-02-16",618,"N20","low","2.0NRT",307.03,12.82,"D"
"20007",14.11805,107.58608,339.22,0.44,0.38,"2026-02-16",618,"N20","nominal","2.0NRT",305.25,4.78,"D"
"20008",14.0848,107.349,333.09,0.43,0.38,"2026-02-16",618,"N20","low","2.0NRT",307.93,4.51,"D"
"20009",14.07815,107.30178,336.87,0.43,0.38,"2026-02-16",618,"N20","nominal","2.0NRT",306.7,3.17,"D"
"20010",13.98812,106.66995,345.58,0.41,0.37,"2026-02-16",618,"N20","nominal","2.0NRT",312.87,9.17,"D"
"20011",13.98704,106.66245,343.35,0.41,0.37,"2026-02-16",618,"N20","nominal","2.0NRT",312.33,5.71,"D"
"20012",13.9865,106.65869,346.44,0.41,0.37,"2026-02-16",618,"N20","nominal","2.0NRT",308.9,5.86,"D"
"20013",13.97839,106.60242,336.58,0.41,0.37,"2026-02-16",618,"N20","nominal","2.0NRT",306.33,8.75,"D"
"20014",13.92789,106.25439,341.88,0.4,0.37,"2026-02-16",618,"N20","nominal","2.0NRT",311.52,9.18,"D"
"20015",13.75861,105.11555,346.82,0.38,0.36,"2026-02-16",618,"N20","nominal","2.0NRT",308.6,6.44,"D"
"20016",13.40624,102.86946,333.56,0.42,0.38,"2026-02-16",618,"N20","nominal","2.0NRT",300.38,1.62,"D"
"20017",14.12155,107.58543,338.74,0.44,0.38,"2026-02-16",618,"N20","nominal","2.0NRT",303.43,4.78,"D"
"20018",14.12095,107.58109,336.34,0.44,0.38,"2026-02-16",618,"N20","nominal","2.0NRT",304.35,4.78,"D"
"20019",13.99152,106.66943,355.98,0.41,0.37,"2026-02-16",618,"N20","nominal","2.0NRT",311.51,9.17,"D"
"20020",13.99098,106.66567,345.13,0.41,0.37,"2026-02-16",618,"N20","nominal","2.0NRT",312.55,5.71,"D"
"20021",13.86408,105.79721,337.11,0.39,0.36,"2026-02-16",618,"N20","low","2.0NRT",308.4,3.79,"D"
"20022",13.84442,105.66476,337.17,0.39,0.36,"2026-02-16",618,"N20","nominal","2.0NRT",305.46,3.95,"D"
"20023",14.07453,107.226,340.59,0.43,0.38,"2026-02-16",618,"N20","low","2.0NRT",311.57,30.78,"D"
"20024",13.99492,106.66891,335.09,0.41,0.37,"2026-02-16",618,"N20","nominal","2.0NRT",305.15,18.17,"D"
"20025",13.99384,106.66141,344.57,0.41,0.37,"2026-02-16",618,"N20","nominal","2.0NRT",307.98,40.02,"D"
"20026",13.93085,106.22768,342.86,0.4,0.37,"2026-02-16",618,"N20","nominal","2.0NRT",307.14,5.15,"D"
"20027",13.92443,106.1838,335.85,0.4,0.37,"2026-02-16",618,"N20","low","2.0NRT",310.36,5.7,"D"
"20028",13.91962,106.15097,349.67,0.4,0.37,"2026-02-16",618,"N20","nominal","2.0NRT",310.79,5.44,"D"
"20029",13.8286,105.53591,342.92,0.39,0.36,"2026-02-16",618,"N20","nominal","2.0NRT",310.99,4.68,"D"
"20030",13.7411,104.95571,338.32,0.38,0.36,"2026-02-16",618,"N20","nominal","2.0NRT",304.38,5.7,"D"
"20031",13.61843,104.15938,334.77,0.39,0.36,"2026-02-16",618,"N20","nominal","2.0NRT",299.19,7.38,"D"
"20032",13.51538,103.50517,343.66,0.4,0.37,"2026-02-16",618,"N20","nominal","2.0NRT",301.4,3.16,"D"
"20033",13.9933,106.65766,308.28,0.41,0.37,"2026-02-16",618,"N20","low","2.0NRT",313.05,31.45,"D"
"20034",13.98802,106.59713,342.69,0.41,0.37,"2026-02-16",618,"N20","nominal","2.0NRT",307.35,5.25,"D"
"20035",13.80797,105.37566,336.72,0.39,0.36,"2026-02-16",618,"N20","nominal","2.0NRT",306.92,1.88,"D"
"20036",13.79466,105.28713,337.72,0.39,0.36,"2026-02-16",618,"N20","low","2.0NRT",308.42,3.17,"D"
"20037",13.79412,105.2836,343.45,0.38,0.36,"2026-02-16",618,"N20","nominal","2.0NRT",310.52,3.17,"D"
"20038",13.62229,104.16235,339.64,0.39,0.36,"2026-02-16",618,"N20","nominal","2.0NRT",301.9,7.38,"D"
"20039",13.51874,103.50461,334.96,0.4,0.37,"2026-02-16",618,"N20","nominal","2.0NRT",300.59,3.16,"D"
"20040",14.08203,107.2289,336.28,0.43,0.38,"2026-02-16",618,"N20","nominal","2.0NRT",306.07,3.79,"D"
"20041",13.99142,106.59662,340.25,0.41,0.37,"2026-02-16",618,"N20","nominal","2.0NRT",309.04,5.02,"D"
"20042",13.8911,105.91074,340.97,0.39,0.36,"2026-02-16",618,"N20","nominal","2.0NRT",304.93,1.76,"D"
"20043",13.89056,105.90713,344.28,0.39,0.36,"2026-02-16",618,"N20","nominal","2.0NRT",306.48,3.62,"D"
"20044",13.8714,105.77773,336.98,0.39,0.36,"2026-02-16",618,"N20","low","2.0NRT",308.35,5.42,"D"
"20045",13.84958,105.63109,335.58,0.39,0.36,"2026-02-16",618,"N20","low","2.0NRT",306.86,3.03,"D"
"20046",13.83735,105.54911,339.37,0.39,0.36,"2026-02-16",618,"N20","nominal","2.0NRT",308.38,2.92,"D"
"20047",13.80436,105.32909,341.84,0.39,0.36,"2026-02-16",618,"N20","nominal","2.0NRT",310.14,7.87,"D"
"20048",13.80382,105.32555,342.25,0.39,0.36,"2026-02-16",618,"N20","nominal","2.0NRT",310.92,7.87,"D"
"20049",13.66314,104.40356,332.63,0.39,0.36,"2026-02-16",618,"N20","nominal","2.0NRT",300.68,1.43,"D"
"20050",13.63503,104.22235,335.04,0.39,0.36,"2026-02-16",618,"N20","nominal","2.0NRT",301.88,3.07,"D"
"20051",13.63448,104.21878,343.41,0.39,0.36,"2026-02-16",618,"N20","nominal","2.0NRT",302.73,8.18,"D"
"20052",14.11185,107.41441,334.81,0.43,0.38,"2026-02-16",618,"N20","nominal","2.0NRT",303.46,3.47,"D"
"20053",13.89656,105.92465,336.5,0.39,0.36,"2026-02-16",618,"N20","nominal","2.0NRT",306.4,2.18,"D"
"20054",13.88164,105.82385,346.63,0.39,0.36,"2026-02-16",618,"N20","nominal","2.0NRT",309.55,16.65,"D"
"20055",13.87365,105.77003,336.89,0.39,0.36,"2026-02-16",618,"N20","low","2.0NRT",308.5,3.58,"D"
"20056",13.87312,105.76645,336.74,0.39,0.36,"2026-02-16",618,"N20","nominal","2.0NRT",305.01,3.58,"D"
"20057",13.84066,105.54859,344.67,0.39,0.36,"2026-02-16",618,"N20","nominal","2.0NRT",310.38,2.92,"D"
"20058",13.80766,105.32857,350.73,0.39,0.36,"2026-02-16",618,"N20","nominal","2.0NRT",313.15,7.87,"D"
"20059",13.80713,105.32503,340.8,0.39,0.36,"2026-02-16",618,"N20","nominal","2.0NRT",310.02,7.87,"D"
"20060",13.63779,104.21825,344.47,0.39,0.36,"2026-02-16",618,"N20","nominal","2.0NRT",302.56,8.18,"D"
"20061",13.88496,105.82334,349.09,0.39,0.36,"2026-02-16",618,"N20","nominal","2.0NRT",307.64,7.1,"D"
"20062",13.88443,105.81975,338.26,0.39,0.36,"2026-02-16",618,"N20","nominal","2.0NRT",305.03,3.94,"D"
"20063",13.87644,105.76593,347.89,0.39,0.36,"2026-02-16",618,"N20","nominal","2.0NRT",308.65,17.31,"D"
"20064",13.87591,105.76234,332.66,0.39,0.36,"2026-02-16",618,"N20","low","2.0NRT",305.97,9.14,"D"
"20065",13.87005,105.72295,337.76,0.39,0.36,"2026-02-16",618,"N20","nominal","2.0NRT",304.54,1.87,"D"
"20066",13.85781,105.64075,335.67,0.39,0.36,"2026-02-16",618,"N20","low","2.0NRT",306.95,2.93,"D"
"20067",13.85728,105.63718,334.27,0.39,0.36,"2026-02-16",618,"N20","low","2.0NRT",308.39,2.93,"D"
"20068",13.55026,103.63827,338.64,0.4,0.37,"2026-02-16",618,"N20","nominal","2.0NRT",299.95,2.55,"D"
"20069",13.88083,105.77258,334.32,0.39,0.36,"2026-02-16",618,"N20","nominal","2.0NRT",303.6,3.8,"D"
"20070",13.8803,105.769,352.27,0.39,0.36,"2026-02-16",618,"N20","nominal","2.0NRT",307.1,17.31,"D"
"20071",13.87977,105.76541,352.81,0.39,0.36,"2026-02-16",618,"N20","nominal","2.0NRT",313.09,17.31,"D"
"20072",13.87337,105.72243,337.18,0.39,0.36,"2026-02-16",618,"N20","nominal","2.0NRT",305.96,1.87,"D"
"20073",13.86219,105.64737,342.95,0.39,0.36,"2026-02-16",618,"N20","nominal","2.0NRT",305.41,3.14,"D"
"20074",13.86113,105.64024,334.81,0.39,0.36,"2026-02-16",618,"N20","nominal","2.0NRT",304.42,2.93,"D"
"20075",13.8606,105.63667,338.23,0.39,0.36,"2026-02-16",618,"N20","nominal","2.0NRT",307.79,2.93,"D"
"20076",13.8574,105.61526,338.33,0.39,0.36,"2026-02-16",618,"N20","nominal","2.0NRT",307.42,5.28,"D"
"20077",13.85474,105.59742,337.61,0.39,0.36,"2026-02-16",618,"N20","nominal","2.0NRT",306.44,4.2,"D"
"20078",14.09088,107.19147,350.15,0.43,0.38,"2026-02-16",618,"N20","nominal","2.0NRT",309.45,5.83,"D"
"20079",13.90389,105.90507,346.43,0.39,0.36,"2026-02-16",618,"N20","nominal","2.0NRT",307.37,11.44,"D"
"20080",13.88522,105.77924,337.72,0.39,0.36,"2026-02-16",618,"N20","nominal","2.0NRT",303.69,1.94,"D"
"20081",13.87829,105.73265,337.75,0.39,0.36,"2026-02-16",618,"N20","low","2.0NRT",309.27,3.86,"D"
"20082",13.85752,105.59333,334.9,0.39,0.36,"2026-02-16",618,"N20","low","2.0NRT",305.13,4.82,"D"
"20083",13.66263,104.31269,342.09,0.39,0.36,"2026-02-16",618,"N20","nominal","2.0NRT",303.03,3.92,"D"
"20084",13.66208,104.30914,337.02,0.39,0.36,"2026-02-16",618,"N20","nominal","2.0NRT",301.22,3.66,"D"
"20085",14.09434,107.19096,343.31,0.43,0.38,"2026-02-16",618,"N20","nominal","2.0NRT",306.91,5.83,"D"
"20086",13.96349,106.28641,336.89,0.4,0.37,"2026-02-16",618,"N20","nominal","2.0NRT",306.82,2.53,"D"
"20087",13.95811,106.24973,337.75,0.4,0.37,"2026-02-16",618,"N20","low","2.0NRT",309.68,4.69,"D"
"20088",13.95757,106.24606,348.16,0.4,0.37,"2026-02-16",618,"N20","nominal","2.0NRT",312.34,8.93,"D"
"20089",13.89068,105.79308,340.24,0.39,0.36,"2026-02-16",618,"N20","low","2.0NRT",313.07,35.29,"D"
"20090",13.89015,105.78949,345.75,0.39,0.36,"2026-02-16",618,"N20","nominal","2.0NRT",304.82,6.94,"D"
"20091",13.88855,105.77872,338.86,0.39,0.36,"2026-02-16",618,"N20","nominal","2.0NRT",303.77,1.94,"D"
"20092",13.86616,105.62849,344.69,0.39,0.36,"2026-02-16",618,"N20","nominal","2.0NRT",304.42,1.88,"D"
"20093",13.85657,105.56433,339.15,0.39,0.36,"2026-02-16",618,"N20","low","2.0NRT",309.86,2.2,"D"
"20094",13.85551,105.55721,335.55,0.39,0.36,"2026-02-16",618,"N20","low","2.0NRT",309.14,5.12,"D"
"20095",13.8358,105.42568,344.4,0.39,0.36,"2026-02-16",618,"N20","nominal","2.0NRT",308.3,7.26,"D"
"20096",13.77224,105.00496,334.4,0.38,0.36,"2026-02-16",618,"N20","low","2.0NRT",307.49,1.56,"D"
"20097",13.47375,103.09228,334.02,0.41,0.37,"2026-02-16",618,"N20","nominal","2.0NRT",301.75,1.41,"D"
"20098",14.06108,106.93438,367,0.42,0.37,"2026-02-16",618,"N20","high","2.0NRT",328.14,120.06,"D"
"20099",13.97601,106.34843,333.51,0.4,0.37,"2026-02-16",618,"N20","nominal","2.0NRT",303.41,50.93,"D"
"20100",13.96093,106.24554,341.38,0.4,0.37,"2026-02-16",618,"N20","nominal","2.0NRT",307.02,10.48,"D"
"20101",13.94213,106.11769,339.62,0.4,0.37,"2026-02-16",618,"N20","low","2.0NRT",314.17,9.95,"D"
"20102",13.91002,105.90043,348.94,0.39,0.36,"2026-02-16",618,"N20","nominal","2.0NRT",311.28,6.8,"D"
"20103",13.90949,105.89683,340.75,0.39,0.36,"2026-02-16",618,"N20","nominal","2.0NRT",308.45,3.87,"D"
"20104",13.90895,105.89323,333.58,0.39,0.36,"2026-02-16",618,"N20","low","2.0NRT",304.32,3.87,"D"
"20105",13.89347,105.78897,342.65,0.39,0.36,"2026-02-16",618,"N20","nominal","2.0NRT",305.42,2.34,"D"
"20106",13.85989,105.56381,348.13,0.39,0.36,"2026-02-16",618,"N20","nominal","2.0NRT",307.25,6.12,"D"
"20107",13.85669,105.54245,334.21,0.39,0.36,"2026-02-16",618,"N20","low","2.0NRT",305.53,0.87,"D"
"20108",13.8391,105.42516,338.05,0.39,0.36,"2026-02-16",618,"N20","nominal","2.0NRT",306.28,5.1,"D"
"20109",13.77608,105.00796,334.35,0.38,0.36,"2026-02-16",618,"N20","low","2.0NRT",306.79,10.24,"D"
"20110",13.77554,105.00443,335.58,0.38,0.36,"2026-02-16",618,"N20","low","2.0NRT",307,10.24,"D"
"20111",13.70155,104.52079,338.22,0.39,0.36,"2026-02-16",618,"N20","nominal","2.0NRT",304.38,2.85,"D"
"20112",13.91335,105.8999,345.98,0.39,0.36,"2026-02-16",618,"N20","nominal","2.0NRT",307.67,6.8,"D"
"20113",13.91282,105.89631,348.91,0.39,0.36,"2026-02-16",618,"N20","nominal","2.0NRT",307.99,3.87,"D"
"20114",13.84188,105.4211,345.66,0.39,0.36,"2026-02-16",618,"N20","nominal","2.0NRT",308.13,5.1,"D"
"20115",13.77884,105.00391,348.03,0.38,0.36,"2026-02-16",618,"N20","nominal","2.0NRT",308.43,10.24,"D"
"20116",13.7783,105.00037,310.21,0.38,0.36,"2026-02-16",618,"N20","low","2.0NRT",319.47,52.92,"D"
"20117",13.95688,106.17135,339.37,0.4,0.37,"2026-02-16",618,"N20","low","2.0NRT",311.24,3.25,"D"
"20118",13.89959,105.78435,345.65,0.39,0.36,"2026-02-16",618,"N20","nominal","2.0NRT",312.12,13.59,"D"
"20119",13.83666,105.36388,335.07,0.39,0.36,"2026-02-16",618,"N20","low","2.0NRT",306.08,3.42,"D"
"20120",13.81584,105.22585,347.68,0.38,0.36,"2026-02-16",618,"N20","nominal","2.0NRT",309.58,5.03,"D"
"20121",13.79981,105.11987,343.94,0.38,0.36,"2026-02-16",618,"N20","nominal","2.0NRT",309.4,6.68,"D"
"20122",13.55536,103.53995,333.6,0.4,0.37,"2026-02-16",618,"N20","nominal","2.0NRT",301.18,2.16,"D"
"20123",13.48275,103.08302,340.13,0.41,0.37,"2026-02-16",618,"N20","nominal","2.0NRT",303.39,2.05,"D"
"20124",14.24801,108.17766,338.09,0.47,0.4,"2026-02-16",618,"N20","nominal","2.0NRT",306.15,6.46,"D"
"20125",13.83943,105.35982,345.93,0.39,0.36,"2026-02-16",618,"N20","nominal","2.0NRT",308.29,13.32,"D"
"20126",13.55814,103.53572,338.7,0.4,0.37,"2026-02-16",618,"N20","nominal","2.0NRT",301.72,2.1,"D"
"20127",13.55582,103.52106,337.5,0.4,0.37,"2026-02-16",618,"N20","nominal","2.0NRT",302.08,2.89,"D"
"20128",13.87207,105.55462,337.49,0.39,0.36,"2026-02-16",618,"N20","low","2.0NRT",308.41,2.3,"D"
"20129",13.82833,105.26371,339.98,0.38,0.36,"2026-02-16",618,"N20","nominal","2.0NRT",308.26,3.14,"D"
"20130",13.60158,103.79,338.18,0.39,0.37,"2026-02-16",618,"N20","nominal","2.0NRT",302.05,4.07,"D"
"20131",13.5615,103.53516,346.6,0.4,0.37,"2026-02-16",618,"N20","nominal","2.0NRT",302.75,4.43,"D"
"20132",13.5586,103.51683,330.5,0.4,0.37,"2026-02-16",618,"N20","low","2.0NRT",302.58,4.06,"D"
"20133",13.92078,105.85822,340.23,0.39,0.36,"2026-02-16",618,"N20","nominal","2.0NRT",310.15,6.64,"D"
"20134",13.90368,105.74335,331.7,0.39,0.36,"2026-02-16",618,"N20","low","2.0NRT",303.7,1.13,"D"
"20135",13.75977,104.79011,341.29,0.38,0.36,"2026-02-16",618,"N20","nominal","2.0NRT",305.36,13.11,"D"
"20136",13.75923,104.78658,344.43,0.38,0.36,"2026-02-16",618,"N20","nominal","2.0NRT",306.08,21.86,"D"
"20137",13.5689,103.56024,331.91,0.4,0.37,"2026-02-16",618,"N20","nominal","2.0NRT",299.69,1.35,"D"
"20138",13.92465,105.86128,341.61,0.39,0.36,"2026-02-16",618,"N20","nominal","2.0NRT",312.65,19.94,"D"
"20139",13.91823,105.81818,337.78,0.39,0.36,"2026-02-16",618,"N20","low","2.0NRT",308.47,3.49,"D"
"20140",13.91181,105.77509,336.34,0.39,0.36,"2026-02-16",618,"N20","low","2.0NRT",308.51,2.9,"D"
"20141",13.91128,105.77151,348.01,0.39,0.36,"2026-02-16",618,"N20","nominal","2.0NRT",309.18,7.54,"D"
"20142",13.84241,105.31222,334.37,0.39,0.36,"2026-02-16",618,"N20","low","2.0NRT",307.06,3.75,"D"
"20143",13.76253,104.78606,346.39,0.38,0.36,"2026-02-16",618,"N20","nominal","2.0NRT",300.84,11.98,"D"
"20144",14.04043,106.62366,334.97,0.41,0.37,"2026-02-16",618,"N20","low","2.0NRT",307.45,2.16,"D"
"20145",14.0377,106.60492,335.46,0.41,0.37,"2026-02-16",618,"N20","low","2.0NRT",307.54,3.98,"D"
"20146",14.03715,106.60117,332.67,0.41,0.37,"2026-02-16",618,"N20","low","2.0NRT",306.25,3.98,"D"
"20147",14.02513,106.51899,332.65,0.4,0.37,"2026-02-16",618,"N20","low","2.0NRT",307.33,2.92,"D"
"20148",13.96771,106.12862,336.86,0.4,0.37,"2026-02-16",618,"N20","low","2.0NRT",310.86,2.91,"D"
"20149",13.91514,105.77458,339.45,0.39,0.36,"2026-02-16",618,"N20","nominal","2.0NRT",308.34,2.9,"D"
"20150",13.85852,105.39671,337.82,0.39,0.36,"2026-02-16",618,"N20","nominal","2.0NRT",307.54,2.51,"D"
"20151",13.85585,105.379,336.48,0.39,0.36,"2026-02-16",618,"N20","low","2.0NRT",309.14,5.82,"D"
"20152",13.84571,105.31169,345.03,0.39,0.36,"2026-02-16",618,"N20","nominal","2.0NRT",307.07,3.75,"D"
"20153",13.84518,105.30815,337.65,0.39,0.36,"2026-02-16",618,"N20","nominal","2.0NRT",309.44,7.22,"D"
"20154",13.81051,105.0567,367,0.38,0.36,"2026-02-16",618,"N20","high","2.0NRT",308.98,14.57,"D"
"20155",14.04383,106.62316,347.99,0.41,0.37,"2026-02-16",618,"N20","nominal","2.0NRT",310.47,5.81,"D"
"20156",14.04328,106.6194,354.98,0.41,0.37,"2026-02-16",618,"N20","nominal","2.0NRT",314.12,18.23,"D"
"20157",14.04109,106.6044,334.72,0.41,0.37,"2026-02-16",618,"N20","low","2.0NRT",304.9,7.38,"D"
"20158",14.02851,106.51847,343.3,0.4,0.37,"2026-02-16",618,"N20","nominal","2.0NRT",308.62,4.2,"D"
"20159",13.97861,106.17923,338.22,0.4,0.37,"2026-02-16",618,"N20","low","2.0NRT",311.27,5,"D"
"20160",13.97537,106.1573,339.69,0.4,0.37,"2026-02-16",618,"N20","low","2.0NRT",312.17,4.73,"D"
"20161",13.97105,106.12811,348.36,0.4,0.37,"2026-02-16",618,"N20","nominal","2.0NRT",311.7,5.46,"D"
"20162",13.95546,106.0228,335.05,0.39,0.36,"2026-02-16",618,"N20","low","2.0NRT",308.99,3.33,"D"
"20163",13.89174,105.5953,346.92,0.39,0.36,"2026-02-16",618,"N20","nominal","2.0NRT",308.13,4.4,"D"
"20164",14.0319,106.51797,337.56,0.4,0.37,"2026-02-16",618,"N20","nominal","2.0NRT",306.83,4.2,"D"
"20165",14.03135,106.51424,338.33,0.4,0.37,"2026-02-16",618,"N20","nominal","2.0NRT",310.27,8.49,"D"
"20166",14.01773,106.42139,337.16,0.4,0.37,"2026-02-16",618,"N20","nominal","2.0NRT",307.01,4.72,"D"
"20167",13.98196,106.17871,348.03,0.4,0.37,"2026-02-16",618,"N20","nominal","2.0NRT",311.69,5,"D"
"20168",13.9744,106.12759,352.07,0.4,0.37,"2026-02-16",618,"N20","nominal","2.0NRT",310.91,5.46,"D"
"20169",13.98532,106.17819,337.35,0.4,0.37,"2026-02-16",618,"N20","low","2.0NRT",310.38,3.06,"D"
"20170",13.8444,105.23582,342.19,0.38,0.36,"2026-02-16",618,"N20","nominal","2.0NRT",306.39,3.59,"D"
"20171",13.58394,103.54648,332.26,0.4,0.37,"2026-02-16",618,"N20","nominal","2.0NRT",301.44,2.06,"D"
"20172",13.56543,103.42891,338.13,0.4,0.37,"2026-02-16",618,"N20","nominal","2.0NRT",301.47,4.28,"D"
"20173",14.05182,106.60661,341.13,0.41,0.37,"2026-02-16",618,"N20","nominal","2.0NRT",308.93,8.08,"D"
"20174",14.05127,106.60286,343.22,0.41,0.37,"2026-02-16",618,"N20","nominal","2.0NRT",309.29,16.59,"D"
"20175",14.02175,106.40185,338.77,0.4,0.37,"2026-02-16",618,"N20","nominal","2.0NRT",307.6,4.47,"D"
"20176",14.02121,106.39816,348.02,0.4,0.37,"2026-02-16",618,"N20","nominal","2.0NRT",306.85,4.47,"D"
"20177",13.96656,106.0285,339.31,0.39,0.36,"2026-02-16",618,"N20","nominal","2.0NRT",308.97,3.18,"D"
"20178",13.92308,105.73666,343.54,0.39,0.36,"2026-02-16",618,"N20","nominal","2.0NRT",307.33,7.2,"D"
"20179",13.70345,104.2915,337.45,0.39,0.36,"2026-02-16",618,"N20","nominal","2.0NRT",304.87,2.78,"D"
"20180",13.70291,104.28795,335.85,0.39,0.36,"2026-02-16",618,"N20","nominal","2.0NRT",303.02,2.02,"D"
"20181",14.02512,106.40134,351.98,0.4,0.37,"2026-02-16",618,"N20","nominal","2.0NRT",307.35,5.01,"D"
"20182",14.02458,106.39764,337.77,0.4,0.37,"2026-02-16",618,"N20","nominal","2.0NRT",305.55,5.01,"D"
"20183",13.99689,106.21006,334.54,0.4,0.37,"2026-02-16",618,"N20","low","2.0NRT",309.39,2.8,"D"
"20184",13.93176,105.772,333.22,0.39,0.36,"2026-02-16",618,"N20","low","2.0NRT",305.91,2.79,"D"
"20185",13.8959,105.53267,339.4,0.39,0.36,"2026-02-16",618,"N20","low","2.0NRT",310.36,10.48,"D"
"20186",13.87666,105.40474,339.92,0.39,0.36,"2026-02-16",618,"N20","nominal","2.0NRT",306.9,14.71,"D"
"20187",13.87559,105.39764,334.71,0.39,0.36,"2026-02-16",618,"N20","low","2.0NRT",307.87,1.6,"D"
"20188",13.85956,105.29137,343.51,0.39,0.36,"2026-02-16",618,"N20","nominal","2.0NRT",307.05,13.23,"D"
"20189",13.82156,105.04048,336.57,0.38,0.36,"2026-02-16",618,"N20","low","2.0NRT",307.96,7.22,"D"
"20190",13.78772,104.81817,339.43,0.38,0.36,"2026-02-16",618,"N20","nominal","2.0NRT",304.52,3.36,"D"
"20191",13.57275,103.43147,342.26,0.4,0.37,"2026-02-16",618,"N20","nominal","2.0NRT",303.86,8.46,"D"
"20192",13.89975,105.53571,340.2,0.39,0.36,"2026-02-16",618,"N20","low","2.0NRT",310.22,5.94,"D"
"20193",13.87996,105.40422,336.61,0.39,0.36,"2026-02-16",618,"N20","low","2.0NRT",308.34,14.71,"D"
"20194",13.87943,105.40067,350,0.39,0.36,"2026-02-16",618,"N20","nominal","2.0NRT",306.38,14.71,"D"
"20195",13.8789,105.39713,339.06,0.39,0.36,"2026-02-16",618,"N20","nominal","2.0NRT",305.35,1.6,"D"
"20196",13.87623,105.3794,336.27,0.39,0.36,"2026-02-16",618,"N20","low","2.0NRT",307.56,2.13,"D"
"20197",13.86286,105.29086,348.95,0.39,0.36,"2026-02-16",618,"N20","nominal","2.0NRT",307.83,13.23,"D"
"20198",13.84949,105.20242,342.95,0.38,0.36,"2026-02-16",618,"N20","nominal","2.0NRT",304.66,5.4,"D"
"20199",13.84896,105.19889,347.85,0.38,0.36,"2026-02-16",618,"N20","nominal","2.0NRT",307.51,6.84,"D"
"20200",13.80286,104.89528,342.55,0.38,0.36,"2026-02-16",618,"N20","nominal","2.0NRT",307.88,2.54,"D"
"20201",14.05925,106.58634,347.05,0.41,0.37,"2026-02-16",618,"N20","nominal","2.0NRT",305.06,4.08,"D"
"20202",14.0587,106.5826,336.48,0.41,0.37,"2026-02-16",618,"N20","nominal","2.0NRT",304.23,4.08,"D"
"20203",14.03569,106.42622,335.11,0.4,0.37,"2026-02-16",618,"N20","nominal","2.0NRT",305.64,6.14,"D"
"20204",14.03515,106.42252,340.86,0.4,0.37,"2026-02-16",618,"N20","nominal","2.0NRT",315.27,17.17,"D"
"20205",13.97388,106.00882,345.94,0.39,0.36,"2026-02-16",618,"N20","nominal","2.0NRT",310.13,4.56,"D"
"20206",13.90092,105.52095,338.83,0.39,0.36,"2026-02-16",618,"N20","low","2.0NRT",311.62,3.38,"D"
"20207",13.88274,105.40015,337.21,0.39,0.36,"2026-02-16",618,"N20","nominal","2.0NRT",306.1,3.22,"D"
"20208",13.85226,105.19836,341.72,0.38,0.36,"2026-02-16",618,"N20","nominal","2.0NRT",305.88,18.56,"D"
"20209",13.83513,105.08533,342.46,0.38,0.36,"2026-02-16",618,"N20","nominal","2.0NRT",306.82,2.71,"D"
"20210",13.83459,105.08179,338.19,0.38,0.36,"2026-02-16",618,"N20","nominal","2.0NRT",304.95,2.71,"D"
"20211",14.06264,106.58582,341.05,0.41,0.37,"2026-02-16",618,"N20","nominal","2.0NRT",306.41,4.08,"D"
"20212",14.06209,106.58208,346.64,0.41,0.37,"2026-02-16",618,"N20","nominal","2.0NRT",309.13,4.08,"D"
"20213",13.95677,105.87107,343.44,0.39,0.36,"2026-02-16",618,"N20","nominal","2.0NRT",309.14,10.45,"D"
"20214",14.06316,106.58205,346.64,0.41,0.37,"2026-02-16",618,"N20","nominal","2.0NRT",308.39,7.5,"D"
"20215",13.94697,105.78414,334.67,0.39,0.36,"2026-02-16",618,"N20","low","2.0NRT",306.01,3.66,"D"
"20216",13.94643,105.78055,337.95,0.39,0.36,"2026-02-16",618,"N20","low","2.0NRT",311.58,7.19,"D"
"20217",13.91409,105.56242,333.95,0.39,0.36,"2026-02-16",618,"N20","low","2.0NRT",307.32,2,"D"
"20218",14.06601,106.57778,345.45,0.41,0.37,"2026-02-16",618,"N20","nominal","2.0NRT",309.16,6.98,"D"
"20219",14.06494,106.5703,347.37,0.41,0.37,"2026-02-16",618,"N20","nominal","2.0NRT",311.58,8.08,"D"
"20220",13.9296,105.64396,342.79,0.39,0.36,"2026-02-16",618,"N20","nominal","2.0NRT",304.67,3.98,"D"
"20221",14.0694,106.57727,340.12,0.41,0.37,"2026-02-16",618,"N20","nominal","2.0NRT",308.84,4.67,"D"
"20222",14.06833,106.56978,336.52,0.41,0.37,"2026-02-16",618,"N20","low","2.0NRT",307.28,2.15,"D"
"20223",14.01476,106.19978,344.06,0.4,0.37,"2026-02-16",618,"N20","nominal","2.0NRT",311.72,8.36,"D"
"20224",14.01423,106.19612,351.13,0.4,0.37,"2026-02-16",618,"N20","nominal","2.0NRT",312,8.36,"D"
"20225",13.98867,106.02126,341.66,0.39,0.36,"2026-02-16",618,"N20","nominal","2.0NRT",309.03,2.31,"D"
"20226",13.88406,105.31627,337.04,0.39,0.36,"2026-02-16",618,"N20","nominal","2.0NRT",306.9,7.19,"D"
"20227",14.05881,106.47971,343.28,0.4,0.37,"2026-02-16",618,"N20","nominal","2.0NRT",306.06,3.61,"D"
"20228",14.01812,106.19926,345.17,0.4,0.37,"2026-02-16",618,"N20","nominal","2.0NRT",312.67,8.36,"D"
"20229",14.01758,106.1956,347.42,0.4,0.37,"2026-02-16",618,"N20","nominal","2.0NRT",310.06,8.36,"D"
"20230",13.58703,103.37998,341.99,0.4,0.37,"2026-02-16",618,"N20","nominal","2.0NRT",303.43,4.38,"D"
"20231",13.95602,105.75336,342.06,0.39,0.36,"2026-02-16",618,"N20","nominal","2.0NRT",306.02,1.62,"D"
"20232",13.93425,105.60669,335.19,0.39,0.36,"2026-02-16",618,"N20","low","2.0NRT",305.28,4.08,"D"
"20233",13.69953,104.06898,340.62,0.39,0.36,"2026-02-16",618,"N20","nominal","2.0NRT",301.25,4.02,"D"
"20234",13.69897,104.06541,338.7,0.39,0.36,"2026-02-16",618,"N20","nominal","2.0NRT",301.14,4.02,"D"
"20235",14.03017,106.23487,338.08,0.4,0.37,"2026-02-16",618,"N20","low","2.0NRT",308.63,37.03,"D"
"20236",14.02964,106.23119,348.51,0.4,0.37,"2026-02-16",618,"N20","nominal","2.0NRT",309.68,37.03,"D"
"20237",13.82066,104.8307,345.84,0.38,0.36,"2026-02-16",618,"N20","nominal","2.0NRT",304.2,3.55,"D"
"20238",13.78169,104.57647,345.92,0.38,0.36,"2026-02-16",618,"N20","nominal","2.0NRT",305.07,4.66,"D"
"20239",13.73344,104.26458,335.68,0.39,0.36,"2026-02-16",618,"N20","nominal","2.0NRT",304.29,2.57,"D"
"20240",13.70229,104.06487,347.15,0.39,0.36,"2026-02-16",618,"N20","nominal","2.0NRT",303.72,4.02,"D"
"20241",13.51327,102.87938,333.14,0.42,0.37,"2026-02-16",618,"N20","low","2.0NRT",303.49,3.81,"D"
"20242",13.43424,102.39629,338.07,0.44,0.38,"2026-02-16",618,"N20","nominal","2.0NRT",300.62,3.81,"D"
"20243",14.0691,106.45535,339.13,0.4,0.37,"2026-02-16",618,"N20","low","2.0NRT",312.34,4.06,"D"
"20244",14.06372,106.41823,337.73,0.4,0.37,"2026-02-16",618,"N20","low","2.0NRT",310.53,2,"D"
"20245",13.97396,105.80567,333.11,0.39,0.36,"2026-02-16",618,"N20","low","2.0NRT",307.46,1.2,"D"
"20246",13.97237,105.7949,332.9,0.39,0.36,"2026-02-16",618,"N20","low","2.0NRT",306.46,1.54,"D"
"20247",13.44188,102.39908,348.24,0.44,0.38,"2026-02-16",618,"N20","nominal","2.0NRT",300.45,7.43,"D"
"20248",14.08543,106.54425,347.4,0.41,0.37,"2026-02-16",618,"N20","nominal","2.0NRT",309.7,4.32,"D"
"20249",14.06763,106.42142,345.42,0.4,0.37,"2026-02-16",618,"N20","nominal","2.0NRT",311.3,17.06,"D"
"20250",14.06709,106.41771,350.94,0.4,0.37,"2026-02-16",618,"N20","nominal","2.0NRT",315.07,5.04,"D"
"20251",13.62381,103.50233,345.95,0.4,0.37,"2026-02-16",618,"N20","nominal","2.0NRT",302.35,5.74,"D"
"20252",13.62323,103.49866,334.67,0.4,0.37,"2026-02-16",618,"N20","nominal","2.0NRT",301.06,5.74,"D"
"20253",14.07101,106.4209,344.09,0.4,0.37,"2026-02-16",618,"N20","low","2.0NRT",314.94,17.06,"D"
"20254",14.07047,106.41719,343.49,0.4,0.37,"2026-02-16",618,"N20","nominal","2.0NRT",309.69,5.04,"D"
"20255",14.06993,106.41348,337.79,0.4,0.37,"2026-02-16",618,"N20","low","2.0NRT",310.36,5.04,"D"
"20256",14.04414,106.23648,337.83,0.4,0.37,"2026-02-16",618,"N20","low","2.0NRT",309.33,4.48,"D"
"20257",13.92583,105.43677,341.29,0.39,0.36,"2026-02-16",618,"N20","nominal","2.0NRT",309.5,3.14,"D"
"20258",13.90879,105.32324,353.34,0.39,0.36,"2026-02-16",618,"N20","nominal","2.0NRT",312.73,17.18,"D"
"20259",13.61841,103.44666,335.37,0.4,0.37,"2026-02-16",618,"N20","nominal","2.0NRT",302.77,2.42,"D"
"20260",13.46314,102.48499,338.53,0.43,0.38,"2026-02-16",618,"N20","nominal","2.0NRT",301.06,3.26,"D"
"20261",14.08842,106.51709,334.53,0.4,0.37,"2026-02-16",618,"N20","nominal","2.0NRT",306.84,3.16,"D"
"20262",14.08788,106.51336,345.28,0.4,0.37,"2026-02-16",618,"N20","nominal","2.0NRT",312.22,20.27,"D"
"20263",14.07438,106.42039,347.04,0.4,0.37,"2026-02-16",618,"N20","nominal","2.0NRT",313.02,10.66,"D"
"20264",14.0475,106.23597,341.32,0.4,0.37,"2026-02-16",618,"N20","nominal","2.0NRT",308.49,6.18,"D"
"20265",13.9121,105.32272,343.96,0.39,0.36,"2026-02-16",618,"N20","nominal","2.0NRT",311.51,12.91,"D"
"20266",14.08208,106.44956,338.64,0.4,0.37,"2026-02-16",618,"N20","nominal","2.0NRT",309.61,2.09,"D"
"20267",13.83668,104.80283,343.12,0.38,0.36,"2026-02-16",618,"N20","nominal","2.0NRT",306.67,2.81,"D"
"20268",14.08924,106.47507,336.48,0.4,0.37,"2026-02-16",618,"N20","low","2.0NRT",309.23,1.88,"D"
"20269",13.86311,104.95406,341.34,0.38,0.36,"2026-02-16",618,"N20","nominal","2.0NRT",308.4,6.69,"D"
"20270",13.83998,104.80231,339.47,0.38,0.36,"2026-02-16",618,"N20","nominal","2.0NRT",305.64,3.62,"D"
"20271",13.80589,104.57981,333.22,0.38,0.36,"2026-02-16",618,"N20","low","2.0NRT",304.14,4.98,"D"
"20272",13.80534,104.57629,336.33,0.38,0.36,"2026-02-16",618,"N20","low","2.0NRT",307.17,9.39,"D"
"20273",13.47807,102.51078,330.03,0.43,0.38,"2026-02-16",618,"N20","low","2.0NRT",300.88,1.81,"D"
"20274",14.09262,106.47456,336.54,0.4,0.37,"2026-02-16",618,"N20","low","2.0NRT",306.71,1.88,"D"
"20275",14.01794,105.96487,339.91,0.39,0.36,"2026-02-16",618,"N20","low","2.0NRT",312.56,3.46,"D"
"20276",13.9806,105.71284,347.21,0.39,0.36,"2026-02-16",618,"N20","nominal","2.0NRT",307.82,20.79,"D"
"20277",13.8707,104.98177,337.18,0.38,0.36,"2026-02-16",618,"N20","nominal","2.0NRT",307.06,4.4,"D"
"20278",13.75273,104.19209,340.4,0.39,0.36,"2026-02-16",618,"N20","nominal","2.0NRT",305.71,2.79,"D"
"20279",14.10752,106.52943,341.24,0.41,0.37,"2026-02-16",618,"N20","nominal","2.0NRT",309.57,3.96,"D"
"20280",14.10698,106.5257,344.29,0.41,0.37,"2026-02-16",618,"N20","nominal","2.0NRT",307.78,5,"D"
"20281",14.03906,106.06172,343.18,0.39,0.37,"2026-02-16",618,"N20","nominal","2.0NRT",313.03,7.58,"D"
"20282",13.9638,105.55463,336.27,0.39,0.36,"2026-02-16",618,"N20","nominal","2.0NRT",305.36,0.73,"D"
"20283",13.92969,105.3272,346.76,0.39,0.36,"2026-02-16",618,"N20","nominal","2.0NRT",307.35,3.69,"D"
"20284",13.65139,103.52409,340.56,0.4,0.37,"2026-02-16",618,"N20","nominal","2.0NRT",300.52,4.17,"D"
"20285",14.1033,106.47672,335.54,0.4,0.37,"2026-02-16",618,"N20","low","2.0NRT",308.7,3.75,"D"
"20286",14.04241,106.06121,336.47,0.39,0.37,"2026-02-16",618,"N20","low","2.0NRT",311.29,4.1,"D"
"20287",14.02581,105.94884,335.43,0.39,0.36,"2026-02-16",618,"N20","low","2.0NRT",310.18,3.43,"D"
"20288",14.00177,105.78664,335.99,0.39,0.36,"2026-02-16",618,"N20","low","2.0NRT",307.42,1.89,"D"
"20289",13.93566,105.34441,347.49,0.39,0.36,"2026-02-16",618,"N20","nominal","2.0NRT",308.05,4.02,"D"
"20290",13.70229,103.8254,336.34,0.39,0.36,"2026-02-16",618,"N20","nominal","2.0NRT",299.63,5.17,"D"
"20291",13.52111,102.68816,338.32,0.42,0.38,"2026-02-16",618,"N20","nominal","2.0NRT",302.91,10.97,"D"
"20292",14.10614,106.47249,346.12,0.4,0.37,"2026-02-16",618,"N20","nominal","2.0NRT",307.18,5.39,"D"
"20293",14.0479,106.07525,335.92,0.39,0.37,"2026-02-16",618,"N20","low","2.0NRT",309.61,2.83,"D"
"20294",14.03183,105.96641,335.6,0.39,0.36,"2026-02-16",618,"N20","low","2.0NRT",310.31,1.87,"D"
"20295",14.03129,105.9628,338.76,0.39,0.36,"2026-02-16",618,"N20","nominal","2.0NRT",307.84,1.87,"D"
"20296",14.03076,105.95918,337.32,0.39,0.36,"2026-02-16",618,"N20","low","2.0NRT",308.88,4.07,"D"
"20297",14.03022,105.95557,338.51,0.39,0.36,"2026-02-16",618,"N20","low","2.0NRT",309.7,4.07,"D"
"20298",14.02915,105.94832,342.23,0.39,0.36,"2026-02-16",618,"N20","nominal","2.0NRT",309.28,3.43,"D"
"20299",13.97042,105.55359,339.72,0.39,0.36,"2026-02-16",618,"N20","nominal","2.0NRT",308.26,69.26,"D"
"20300",13.93896,105.34389,331.35,0.39,0.36,"2026-02-16",618,"N20","low","2.0NRT",305.38,4.02,"D"
"20301",13.89086,105.02556,336.63,0.38,0.36,"2026-02-16",618,"N20","nominal","2.0NRT",304.57,2.75,"D"
"20302",13.53518,102.75334,339.52,0.42,0.38,"2026-02-16",618,"N20","nominal","2.0NRT",300.02,5.23,"D"
"20303",14.03463,105.96229,339.65,0.39,0.36,"2026-02-16",618,"N20","nominal","2.0NRT",308.68,2.82,"D"
"20304",14.03356,105.95504,340.27,0.39,0.36,"2026-02-16",618,"N20","nominal","2.0NRT",308.34,2.03,"D"
"20305",14.03195,105.94418,339.13,0.39,0.36,"2026-02-16",618,"N20","low","2.0NRT",309.95,2.32,"D"
"20306",13.89416,105.02503,334.83,0.38,0.36,"2026-02-16",618,"N20","nominal","2.0NRT",301.09,2.44,"D"
"20307",13.78857,104.33577,335.66,0.39,0.36,"2026-02-16",618,"N20","nominal","2.0NRT",299.52,1.66,"D"
"20308",13.78802,104.33221,347.55,0.39,0.36,"2026-02-16",618,"N20","nominal","2.0NRT",300.73,6.35,"D"
"20309",13.85552,104.74919,340.41,0.38,0.36,"2026-02-16",618,"N20","nominal","2.0NRT",304.19,2.69,"D"
"20310",14.08595,106.26386,336.83,0.4,0.37,"2026-02-16",618,"N20","low","2.0NRT",311.21,3.31,"D"
"20311",14.08541,106.26019,343.08,0.4,0.37,"2026-02-16",618,"N20","low","2.0NRT",313.29,3.31,"D"
"20312",13.99691,105.6627,355.93,0.39,0.36,"2026-02-16",618,"N20","nominal","2.0NRT",311.15,20.2,"D"
"20313",13.99104,105.62338,331.89,0.39,0.36,"2026-02-16",618,"N20","low","2.0NRT",303.19,1.25,"D"
"20314",13.96596,105.45592,350.62,0.39,0.36,"2026-02-16",618,"N20","nominal","2.0NRT",313.22,66.19,"D"
"20315",13.94728,105.33168,353.44,0.39,0.36,"2026-02-16",618,"N20","nominal","2.0NRT",312.3,16.46,"D"
"20316",13.94674,105.32813,338.93,0.39,0.36,"2026-02-16",618,"N20","nominal","2.0NRT",308.6,7.71,"D"
"20317",13.84909,104.6851,344.11,0.38,0.36,"2026-02-16",618,"N20","nominal","2.0NRT",306.6,6.07,"D"
"20318",13.8236,104.51897,340.14,0.39,0.36,"2026-02-16",618,"N20","nominal","2.0NRT",301.71,2.45,"D"
"20319",13.65831,103.45892,333.72,0.4,0.37,"2026-02-16",618,"N20","nominal","2.0NRT",301.82,1.47,"D"
"20320",14.00023,105.66218,353.86,0.39,0.36,"2026-02-16",618,"N20","nominal","2.0NRT",306.66,20.2,"D"
"20321",13.95058,105.33115,349.69,0.39,0.36,"2026-02-16",618,"N20","nominal","2.0NRT",309.28,16.46,"D"
"20322",13.95005,105.32761,340.39,0.39,0.36,"2026-02-16",618,"N20","nominal","2.0NRT",308.76,7.71,"D"
"20323",13.83777,104.58918,336.87,0.38,0.36,"2026-02-16",618,"N20","low","2.0NRT",307.48,3.29,"D"
"20324",13.83722,104.58564,338.11,0.38,0.36,"2026-02-16",618,"N20","nominal","2.0NRT",306.54,3.37,"D"
"20325",14.06355,106.0654,341.58,0.39,0.37,"2026-02-16",618,"N20","nominal","2.0NRT",309.33,3.38,"D"
"20326",14.00354,105.66165,335.89,0.39,0.36,"2026-02-16",618,"N20","low","2.0NRT",307.14,1.23,"D"
"20327",14.1297,106.49173,352,0.4,0.37,"2026-02-16",618,"N20","nominal","2.0NRT",308.76,3.77,"D"
"20328",14.12916,106.48801,348.85,0.4,0.37,"2026-02-16",618,"N20","nominal","2.0NRT",308.3,3.77,"D"
"20329",13.97322,105.43659,337.67,0.39,0.36,"2026-02-16",618,"N20","nominal","2.0NRT",305.54,2.35,"D"
"20330",13.82261,104.44657,331.86,0.39,0.36,"2026-02-16",618,"N20","nominal","2.0NRT",299.58,0.85,"D"
"20331",14.13309,106.49121,335.89,0.4,0.37,"2026-02-16",618,"N20","low","2.0NRT",309.99,5.13,"D"
"20332",14.13254,106.4875,355.36,0.4,0.37,"2026-02-16",618,"N20","nominal","2.0NRT",310.86,5.13,"D"
"20333",14.132,106.48378,348.84,0.4,0.37,"2026-02-16",618,"N20","nominal","2.0NRT",310.59,3.92,"D"
"20334",14.12764,106.45402,343.71,0.4,0.37,"2026-02-16",618,"N20","nominal","2.0NRT",308.5,4.02,"D"
"20335",13.89195,104.87716,333.43,0.38,0.36,"2026-02-16",618,"N20","low","2.0NRT",304.88,4.2,"D"
"20336",13.89034,104.86657,332.97,0.38,0.36,"2026-02-16",618,"N20","low","2.0NRT",306.93,1.89,"D"
"20337",13.86121,104.67591,334.66,0.38,0.36,"2026-02-16",618,"N20","nominal","2.0NRT",303.16,1.81,"D"
"20338",13.85363,104.62645,344.32,0.38,0.36,"2026-02-16",618,"N20","nominal","2.0NRT",306.96,16.33,"D"
"20339",13.85309,104.62292,354.32,0.38,0.36,"2026-02-16",618,"N20","nominal","2.0NRT",308.08,16.33,"D"
"20340",13.77756,104.13318,336.37,0.39,0.36,"2026-02-16",618,"N20","nominal","2.0NRT",304.71,2.4,"D"
"20341",14.13593,106.48698,343.86,0.4,0.37,"2026-02-16",618,"N20","nominal","2.0NRT",307.96,5.13,"D"
"20342",14.13538,106.48325,345.33,0.4,0.37,"2026-02-16",618,"N20","nominal","2.0NRT",307.9,3.92,"D"
"20343",14.13484,106.47954,337.89,0.4,0.37,"2026-02-16",618,"N20","low","2.0NRT",309.51,3.92,"D"
"20344",14.13102,106.4535,349.91,0.4,0.37,"2026-02-16",618,"N20","nominal","2.0NRT",310.38,4.02,"D"
"20345",14.02956,105.76763,339.73,0.39,0.36,"2026-02-16",618,"N20","nominal","2.0NRT",308.09,4.05,"D"
"20346",14.00815,105.62434,338.58,0.39,0.36,"2026-02-16",618,"N20","nominal","2.0NRT",306.21,2.46,"D"
"20347",13.91244,104.98959,335.02,0.38,0.36,"2026-02-16",618,"N20","nominal","2.0NRT",304.6,1.95,"D"
"20348",13.89525,104.87663,337.72,0.38,0.36,"2026-02-16",618,"N20","nominal","2.0NRT",304.36,4.2,"D"
"20349",13.85639,104.62239,345.15,0.38,0.36,"2026-02-16",618,"N20","nominal","2.0NRT",304.42,16.33,"D"
"20350",14.13876,106.48274,339.91,0.4,0.37,"2026-02-16",618,"N20","nominal","2.0NRT",307.02,2.36,"D"
"20351",14.13822,106.47903,335.05,0.4,0.37,"2026-02-16",618,"N20","low","2.0NRT",306.5,2.36,"D"
"20352",13.96657,105.325,343.62,0.39,0.36,"2026-02-16",618,"N20","nominal","2.0NRT",308.07,2.49,"D"
"20353",13.90392,104.91141,336.27,0.38,0.36,"2026-02-16",618,"N20","low","2.0NRT",308.83,2.23,"D"
"20354",13.80295,104.25329,335.18,0.39,0.36,"2026-02-16",618,"N20","nominal","2.0NRT",305.16,0.9,"D"
"20355",14.07866,106.05191,342.8,0.39,0.37,"2026-02-16",618,"N20","nominal","2.0NRT",309.78,3.13,"D"
"20356",13.97095,105.33157,339.91,0.39,0.36,"2026-02-16",618,"N20","nominal","2.0NRT",309.51,6.5,"D"
"20357",13.96988,105.32449,332.38,0.39,0.36,"2026-02-16",618,"N20","low","2.0NRT",307.2,2.49,"D"
"20358",13.90346,104.88617,346.86,0.38,0.36,"2026-02-16",618,"N20","nominal","2.0NRT",305.27,3.46,"D"
"20359",13.8927,104.81557,332.99,0.38,0.36,"2026-02-16",618,"N20","low","2.0NRT",306.39,1.49,"D"
"20360",13.85812,104.58952,343.22,0.38,0.36,"2026-02-16",618,"N20","nominal","2.0NRT",306.48,12.9,"D"
"20361",13.8554,104.57185,337.96,0.38,0.36,"2026-02-16",618,"N20","nominal","2.0NRT",306.69,1.82,"D"
"20362",13.85486,104.56831,334.07,0.38,0.36,"2026-02-16",618,"N20","low","2.0NRT",304.24,1.55,"D"
"20363",13.80131,104.22071,340.6,0.39,0.36,"2026-02-16",618,"N20","nominal","2.0NRT",303.9,2.43,"D"
"20364",14.08254,106.05502,339.17,0.39,0.37,"2026-02-16",618,"N20","low","2.0NRT",312.05,11,"D"
"20365",14.082,106.05139,352.47,0.39,0.37,"2026-02-16",618,"N20","nominal","2.0NRT",313.71,11,"D"
"20366",14.06854,105.96072,336.43,0.39,0.36,"2026-02-16",618,"N20","low","2.0NRT",311.41,1.92,"D"
"20367",14.02078,105.64064,349.33,0.39,0.36,"2026-02-16",618,"N20","nominal","2.0NRT",306.63,7.22,"D"
"20368",13.90998,104.90682,334.93,0.38,0.36,"2026-02-16",618,"N20","low","2.0NRT",305.03,1.73,"D"
"20369",13.9073,104.88918,333.66,0.38,0.36,"2026-02-16",618,"N20","low","2.0NRT",305.84,0.93,"D"
"20370",13.90676,104.88564,344.7,0.38,0.36,"2026-02-16",618,"N20","nominal","2.0NRT",306.83,3.27,"D"
"20371",13.90192,104.85387,333.96,0.38,0.36,"2026-02-16",618,"N20","low","2.0NRT",306.65,2.52,"D"
"20372",13.87765,104.69499,337.45,0.38,0.36,"2026-02-16",618,"N20","nominal","2.0NRT",302.35,3.04,"D"
"20373",13.85436,104.54302,336.52,0.39,0.36,"2026-02-16",618,"N20","nominal","2.0NRT",304.83,1.57,"D"
"20374",14.11837,106.27393,347.06,0.4,0.37,"2026-02-16",618,"N20","low","2.0NRT",318.62,39.88,"D"
"20375",14.07295,105.96745,343.84,0.39,0.36,"2026-02-16",618,"N20","nominal","2.0NRT",312.17,6.97,"D"
"20376",13.90199,104.83217,334.54,0.38,0.36,"2026-02-16",618,"N20","nominal","2.0NRT",304.1,1.93,"D"
"20377",13.90145,104.82864,353.88,0.38,0.36,"2026-02-16",618,"N20","nominal","2.0NRT",305.21,7,"D"
"20378",13.89983,104.81805,336.68,0.38,0.36,"2026-02-16",618,"N20","nominal","2.0NRT",303.82,2.8,"D"
"20379",13.79856,104.15903,350.73,0.39,0.36,"2026-02-16",618,"N20","nominal","2.0NRT",305.62,7.9,"D"
"20380",13.70412,103.55291,339.5,0.4,0.37,"2026-02-16",618,"N20","nominal","2.0NRT",299.94,2.64,"D"
"20381",14.02688,105.63602,336.26,0.39,0.36,"2026-02-16",618,"N20","nominal","2.0NRT",304.25,3.67,"D"
"20382",13.90528,104.83163,346.66,0.38,0.36,"2026-02-16",618,"N20","nominal","2.0NRT",307.08,13.01,"D"
"20383",13.90475,104.8281,350.3,0.38,0.36,"2026-02-16",618,"N20","nominal","2.0NRT",305.58,8.43,"D"
"20384",13.90421,104.82458,330.97,0.38,0.36,"2026-02-16",618,"N20","low","2.0NRT",304.49,8.43,"D"
"20385",13.8945,104.76103,333.66,0.38,0.36,"2026-02-16",618,"N20","nominal","2.0NRT",303.26,1.5,"D"
"20386",13.80187,104.15849,341.32,0.39,0.36,"2026-02-16",618,"N20","nominal","2.0NRT",305.04,3.48,"D"
"20387",14.00932,105.49644,343.77,0.39,0.36,"2026-02-16",618,"N20","nominal","2.0NRT",311.48,7.31,"D"
"20388",13.87023,104.58032,340.91,0.38,0.36,"2026-02-16",618,"N20","nominal","2.0NRT",309.33,8.49,"D"
"20389",13.7359,103.71209,338.12,0.4,0.37,"2026-02-16",618,"N20","nominal","2.0NRT",302.9,2.71,"D"
"20390",13.87325,104.57562,338.18,0.38,0.36,"2026-02-16",618,"N20","nominal","2.0NRT",306.32,5.52,"D"
"20391",13.82664,104.2744,339.23,0.39,0.36,"2026-02-16",618,"N20","nominal","2.0NRT",304.32,2.48,"D"
"20392",14.12803,106.25706,342.78,0.4,0.37,"2026-02-16",618,"N20","nominal","2.0NRT",310.54,3.31,"D"
"20393",14.1275,106.25337,341.22,0.4,0.37,"2026-02-16",618,"N20","nominal","2.0NRT",310.51,3.31,"D"
"20394",14.11949,106.19827,339.9,0.4,0.37,"2026-02-16",618,"N20","low","2.0NRT",310.41,4.43,"D"
"20395",14.09993,106.04071,337.79,0.39,0.37,"2026-02-16",618,"N20","low","2.0NRT",309.51,4.82,"D"
"20396",14.12621,106.19724,339.28,0.4,0.37,"2026-02-16",618,"N20","nominal","2.0NRT",308.63,4.98,"D"
"20397",13.8837,104.57758,335.04,0.38,0.36,"2026-02-16",618,"N20","nominal","2.0NRT",304.89,1.5,"D"
"20398",13.80991,104.10176,335.47,0.39,0.36,"2026-02-16",618,"N20","nominal","2.0NRT",304.34,1.28,"D"
"20399",13.82381,104.16902,340.71,0.39,0.36,"2026-02-16",618,"N20","nominal","2.0NRT",306.02,2.57,"D"
"20400",14.14645,106.26551,337.9,0.4,0.37,"2026-02-16",618,"N20","low","2.0NRT",311.38,4.4,"D"
"20401",14.14217,106.23608,338.06,0.4,0.37,"2026-02-16",618,"N20","low","2.0NRT",309.97,10.47,"D"
"20402",13.88216,104.50169,330.78,0.39,0.36,"2026-02-16",618,"N20","low","2.0NRT",302.05,0.98,"D"
"20403",13.64752,102.99355,337.4,0.41,0.37,"2026-02-16",618,"N20","nominal","2.0NRT",302.77,2.8,"D"
"20404",13.11506,99.84578,348.96,0.4,0.44,"2026-02-16",618,"N20","nominal","2.0NRT",300.96,13.3,"D"
"20405",13.96225,104.98106,343.3,0.38,0.36,"2026-02-16",618,"N20","nominal","2.0NRT",309.43,21.43,"D"
"20406",13.90943,104.63499,332.95,0.38,0.36,"2026-02-16",618,"N20","low","2.0NRT",306.1,1.86,"D"
"20407",13.87565,104.41562,331.08,0.39,0.36,"2026-02-16",618,"N20","nominal","2.0NRT",300.96,1.93,"D"
"20408",13.56742,102.47956,335.37,0.43,0.38,"2026-02-16",618,"N20","nominal","2.0NRT",301.56,2.27,"D"
"20409",14.06632,105.65127,335.01,0.39,0.36,"2026-02-16",618,"N20","nominal","2.0NRT",303.62,3.85,"D"
"20410",14.04452,105.50494,338.42,0.39,0.36,"2026-02-16",618,"N20","nominal","2.0NRT",307.99,1.75,"D"
"20411",13.91815,104.66979,338.89,0.38,0.36,"2026-02-16",618,"N20","nominal","2.0NRT",303.23,3.6,"D"
"20412",13.91761,104.66626,355.21,0.38,0.36,"2026-02-16",618,"N20","nominal","2.0NRT",309.37,16.52,"D"
"20413",13.91707,104.66273,335.68,0.38,0.36,"2026-02-16",618,"N20","low","2.0NRT",306.45,16.52,"D"
"20414",13.90785,104.60266,334.93,0.38,0.36,"2026-02-16",618,"N20","low","2.0NRT",307.2,2.12,"D"
"20415",14.15561,106.23402,339.69,0.4,0.37,"2026-02-16",618,"N20","low","2.0NRT",311.06,3.15,"D"
"20416",14.06965,105.65077,334.07,0.39,0.36,"2026-02-16",618,"N20","low","2.0NRT",305.04,3.75,"D"
"20417",13.99516,105.13141,340.11,0.38,0.36,"2026-02-16",618,"N20","nominal","2.0NRT",303,6.01,"D"
"20418",13.99463,105.12787,340.46,0.38,0.36,"2026-02-16",618,"N20","nominal","2.0NRT",305.17,6.01,"D"
"20419",13.95819,104.88766,341.22,0.38,0.36,"2026-02-16",618,"N20","nominal","2.0NRT",308.89,4.49,"D"
"20420",13.94527,104.80293,333.35,0.38,0.36,"2026-02-16",618,"N20","low","2.0NRT",305.27,2,"D"
"20421",13.94042,104.77116,337.96,0.38,0.36,"2026-02-16",618,"N20","nominal","2.0NRT",305.02,1.63,"D"
"20422",13.93988,104.76762,332.71,0.38,0.36,"2026-02-16",618,"N20","low","2.0NRT",305.07,1.63,"D"
"20423",13.9063,104.54855,338.44,0.38,0.36,"2026-02-16",618,"N20","nominal","2.0NRT",306.51,3.47,"D"
"20424",13.90575,104.54501,341.92,0.38,0.36,"2026-02-16",618,"N20","nominal","2.0NRT",305.86,6.55,"D"
"20425",13.89048,104.44591,337.85,0.39,0.36,"2026-02-16",618,"N20","nominal","2.0NRT",304.19,2.53,"D"
"20426",13.96149,104.88714,340.2,0.38,0.36,"2026-02-16",618,"N20","nominal","2.0NRT",307.99,6.79,"D"
"20427",13.93832,104.73532,330.55,0.38,0.36,"2026-02-16",618,"N20","low","2.0NRT",302.01,2.48,"D"
"20428",13.93778,104.73179,339.67,0.38,0.36,"2026-02-16",618,"N20","nominal","2.0NRT",300.98,2.48,"D"
"20429",13.92967,104.6788,333.51,0.38,0.36,"2026-02-16",618,"N20","low","2.0NRT",304.51,1.52,"D"
"20430",13.91341,104.57279,340.56,0.38,0.36,"2026-02-16",618,"N20","nominal","2.0NRT",308.32,3.29,"D"
"20431",13.9096,104.54802,336.28,0.38,0.36,"2026-02-16",618,"N20","nominal","2.0NRT",304.01,6.99,"D"
"20432",14.05937,105.51356,346.23,0.39,0.36,"2026-02-16",618,"N20","nominal","2.0NRT",306.97,4.84,"D"
"20433",13.97392,104.94663,339.66,0.38,0.36,"2026-02-16",618,"N20","nominal","2.0NRT",306.48,3.87,"D"
"20434",13.896,104.43775,334.05,0.39,0.36,"2026-02-16",618,"N20","low","2.0NRT",304.93,1.81,"D"
"20435",14.12615,105.94017,348.16,0.39,0.36,"2026-02-16",618,"N20","nominal","2.0NRT",308.47,3.02,"D"
"20436",14.12561,105.93654,354.91,0.39,0.36,"2026-02-16",618,"N20","nominal","2.0NRT",311.64,6.07,"D"
"20437",14.08346,105.65231,335.41,0.39,0.36,"2026-02-16",618,"N20","low","2.0NRT",306.4,3.6,"D"
"20438",13.99865,105.0874,336.25,0.38,0.36,"2026-02-16",618,"N20","nominal","2.0NRT",301.32,2.77,"D"
"20439",13.9858,105.00262,344.76,0.38,0.36,"2026-02-16",618,"N20","nominal","2.0NRT",304.43,6.21,"D"
"20440",13.98526,104.9991,340.07,0.38,0.36,"2026-02-16",618,"N20","nominal","2.0NRT",305.24,6.21,"D"
"20441",13.97829,104.95318,337.31,0.38,0.36,"2026-02-16",618,"N20","nominal","2.0NRT",303.96,3.16,"D"
"20442",13.97775,104.94964,342.07,0.38,0.36,"2026-02-16",618,"N20","nominal","2.0NRT",307.18,3.16,"D"
"20443",13.97722,104.94611,340.86,0.38,0.36,"2026-02-16",618,"N20","nominal","2.0NRT",306.84,7.76,"D"
"20444",13.97668,104.94258,355.36,0.38,0.36,"2026-02-16",618,"N20","nominal","2.0NRT",311.43,7.76,"D"
"20445",13.13323,99.78336,330.54,0.4,0.44,"2026-02-16",618,"N20","nominal","2.0NRT",296.45,1.43,"D"
"20446",14.15682,106.12516,341.28,0.4,0.37,"2026-02-16",618,"N20","nominal","2.0NRT",306.38,3.4,"D"
"20447",14.15628,106.12151,335.51,0.4,0.37,"2026-02-16",618,"N20","low","2.0NRT",306.68,3.4,"D"
"20448",14.13752,105.99405,333.27,0.39,0.36,"2026-02-16",618,"N20","low","2.0NRT",308.08,2.11,"D"
"20449",14.12895,105.93604,339.44,0.39,0.36,"2026-02-16",618,"N20","nominal","2.0NRT",308.44,6.07,"D"
"20450",13.98105,104.94911,342.42,0.38,0.36,"2026-02-16",618,"N20","nominal","2.0NRT",304.41,3.16,"D"
"20451",13.98052,104.94559,339.77,0.38,0.36,"2026-02-16",618,"N20","nominal","2.0NRT",306.33,7.76,"D"
"20452",13.97998,104.94205,340.74,0.38,0.36,"2026-02-16",618,"N20","nominal","2.0NRT",304.82,7.76,"D"
"20453",13.93632,104.65602,347.5,0.38,0.36,"2026-02-16",618,"N20","nominal","2.0NRT",307.45,8.95,"D"
"20454",13.93199,104.62775,341.9,0.38,0.36,"2026-02-16",618,"N20","nominal","2.0NRT",305.53,3.49,"D"
"20455",14.14139,105.99717,334.42,0.39,0.36,"2026-02-16",618,"N20","low","2.0NRT",308.38,3.38,"D"
"20456",14.14086,105.99354,349.22,0.39,0.36,"2026-02-16",618,"N20","nominal","2.0NRT",307.83,4.46,"D"
"20457",13.93962,104.65549,343.77,0.38,0.36,"2026-02-16",618,"N20","nominal","2.0NRT",304.3,3.62,"D"
"20458",13.91355,104.48573,337.42,0.39,0.36,"2026-02-16",618,"N20","nominal","2.0NRT",301.09,8.65,"D"
"20459",13.87904,104.24038,338.13,0.39,0.36,"2026-02-16",618,"N20","nominal","2.0NRT",304.89,3.53,"D"
"20460",14.19384,106.30725,340.52,0.4,0.37,"2026-02-16",618,"N20","low","2.0NRT",311.11,4.37,"D"
"20461",13.90158,104.36417,339.08,0.39,0.36,"2026-02-16",618,"N20","nominal","2.0NRT",298.39,3.7,"D"
"20462",14.14498,105.95206,338.63,0.39,0.36,"2026-02-16",618,"N20","nominal","2.0NRT",307.15,2.78,"D"
"20463",14.13748,105.90146,338.02,0.39,0.36,"2026-02-16",618,"N20","low","2.0NRT",310.83,2.65,"D"
"20464",14.13695,105.89785,340.17,0.39,0.36,"2026-02-16",618,"N20","low","2.0NRT",310.42,3.43,"D"
"20465",14.10861,105.70706,337.01,0.39,0.36,"2026-02-16",618,"N20","low","2.0NRT",309.47,4.06,"D"
"20466",14.02906,105.17674,338.39,0.38,0.36,"2026-02-16",618,"N20","nominal","2.0NRT",303.04,18.87,"D"
"20467",13.99371,104.94348,332.77,0.38,0.36,"2026-02-16",618,"N20","low","2.0NRT",306.08,2.17,"D"
"20468",13.93379,104.55138,336.94,0.38,0.36,"2026-02-16",618,"N20","nominal","2.0NRT",305.43,0.99,"D"
"20469",13.92672,104.50539,334.88,0.39,0.36,"2026-02-16",618,"N20","nominal","2.0NRT",302.17,1.43,"D"
"20470",13.63415,102.64921,337.41,0.42,0.38,"2026-02-16",618,"N20","nominal","2.0NRT",301.85,2.72,"D"
"20471",13.97388,104.79112,342.08,0.38,0.36,"2026-02-16",618,"N20","nominal","2.0NRT",308.31,6.16,"D"
"20472",14.14308,105.8932,345.61,0.39,0.36,"2026-02-16",618,"N20","nominal","2.0NRT",309.56,12.34,"D"
"20473",14.09869,105.59505,353.36,0.39,0.36,"2026-02-16",618,"N20","nominal","2.0NRT",305.63,3.93,"D"
"20474",14.03352,105.16154,331.25,0.38,0.36,"2026-02-16",618,"N20","low","2.0NRT",302.94,1.17,"D"
"20475",14.01104,105.01307,330.47,0.38,0.36,"2026-02-16",618,"N20","nominal","2.0NRT",301.7,1.91,"D"
"20476",14.00997,105.00601,334.27,0.38,0.36,"2026-02-16",618,"N20","nominal","2.0NRT",303.16,3.17,"D"
"20477",13.89613,104.26311,332.74,0.39,0.36,"2026-02-16",618,"N20","low","2.0NRT",304.45,3.2,"D"
"20478",13.88289,104.17767,337.67,0.39,0.36,"2026-02-16",618,"N20","nominal","2.0NRT",305.76,4.44,"D"
"20479",14.1143,105.67683,337.39,0.39,0.36,"2026-02-16",618,"N20","nominal","2.0NRT",306.05,2.81,"D"
"20480",14.10201,105.59453,344.67,0.39,0.36,"2026-02-16",618,"N20","nominal","2.0NRT",306.72,8.75,"D"
"20481",14.07797,105.4341,335.83,0.39,0.36,"2026-02-16",618,"N20","low","2.0NRT",306.32,1.21,"D"
"20482",14.0566,105.29205,345.4,0.39,0.36,"2026-02-16",618,"N20","nominal","2.0NRT",305.73,9.46,"D"
"20483",14.03683,105.16102,347.47,0.38,0.36,"2026-02-16",618,"N20","nominal","2.0NRT",310.96,39.26,"D"
"20484",14.03308,105.13625,331.6,0.38,0.36,"2026-02-16",618,"N20","low","2.0NRT",302.97,1.93,"D"
"20485",14.00307,104.93837,342,0.38,0.36,"2026-02-16",618,"N20","nominal","2.0NRT",306.61,3.71,"D"
"20486",14.18255,106.1137,333.23,0.4,0.37,"2026-02-16",618,"N20","low","2.0NRT",307.94,2.5,"D"
"20487",14.15405,105.9211,341.94,0.39,0.36,"2026-02-16",618,"N20","nominal","2.0NRT",308.22,6.57,"D"
"20488",14.11762,105.67631,340.23,0.39,0.36,"2026-02-16",618,"N20","nominal","2.0NRT",307.74,2.81,"D"
"20489",13.94754,104.55279,335.29,0.38,0.36,"2026-02-16",618,"N20","low","2.0NRT",305.97,1.64,"D"
"20490",14.18644,106.11684,342.59,0.4,0.37,"2026-02-16",618,"N20","nominal","2.0NRT",307.52,4.16,"D"
"20491",14.1859,106.11318,344.13,0.4,0.37,"2026-02-16",618,"N20","nominal","2.0NRT",310.46,4.09,"D"
"20492",14.18536,106.10953,340.89,0.4,0.37,"2026-02-16",618,"N20","nominal","2.0NRT",308.01,4.09,"D"
"20493",14.11345,105.62566,335.03,0.39,0.36,"2026-02-16",618,"N20","low","2.0NRT",307.68,4.2,"D"
"20494",14.04236,105.1529,334.24,0.38,0.36,"2026-02-16",618,"N20","nominal","2.0NRT",305.16,2.39,"D"
"20495",14.01074,104.94439,333.97,0.38,0.36,"2026-02-16",618,"N20","low","2.0NRT",306.21,1.8,"D"
"20496",13.986,104.78194,332.16,0.38,0.36,"2026-02-16",618,"N20","low","2.0NRT",305.38,2.26,"D"
"20497",13.95084,104.55225,340.77,0.38,0.36,"2026-02-16",618,"N20","nominal","2.0NRT",305.57,2.32,"D"
"20498",13.71628,103.05184,334.94,0.41,0.37,"2026-02-16",618,"N20","nominal","2.0NRT",300.99,1.34,"D"
"20499",13.39326,101.07103,342,0.5,0.41,"2026-02-16",618,"N20","nominal","2.0NRT",293.31,7.13,"D"
"20500",14.21578,106.29256,344.81,0.4,0.37,"2026-02-16",618,"N20","nominal","2.0NRT",308.26,4.67,"D"
"20501",14.19033,106.11998,338.27,0.4,0.37,"2026-02-16",618,"N20","nominal","2.0NRT",307.49,4.16,"D"
"20502",14.18871,106.10901,333.24,0.4,0.37,"2026-02-16",618,"N20","low","2.0NRT",305.84,4.09,"D"
"20503",14.18709,106.09806,336.61,0.4,0.37,"2026-02-16",618,"N20","low","2.0NRT",309.38,2.2,"D"
"20504",14.05689,105.22669,338.4,0.38,0.36,"2026-02-16",618,"N20","nominal","2.0NRT",308.4,10.04,"D"
"20505",14.05368,105.20545,332.71,0.38,0.36,"2026-02-16",618,"N20","low","2.0NRT",304.57,3.12,"D"
"20506",14.03281,105.06751,332.06,0.38,0.36,"2026-02-16",618,"N20","low","2.0NRT",303.32,4.98,"D"
"20507",14.03227,105.06397,342.5,0.38,0.36,"2026-02-16",618,"N20","nominal","2.0NRT",303.2,4.98,"D"
"20508",13.9893,104.78141,340.75,0.38,0.36,"2026-02-16",618,"N20","nominal","2.0NRT",303.96,2.26,"D"
"20509",13.98552,104.75669,334.65,0.38,0.36,"2026-02-16",618,"N20","nominal","2.0NRT",304.62,1.04,"D"
"20510",13.81829,103.67577,335.91,0.4,0.37,"2026-02-16",618,"N20","nominal","2.0NRT",297.36,1.91,"D"
"20511",14.2186,106.28837,339.16,0.4,0.37,"2026-02-16",618,"N20","nominal","2.0NRT",308.41,4.43,"D"
"20512",14.19044,106.09754,346.17,0.4,0.37,"2026-02-16",618,"N20","nominal","2.0NRT",308.59,4.34,"D"
"20513",14.1899,106.09389,342.01,0.4,0.37,"2026-02-16",618,"N20","nominal","2.0NRT",308.14,4.34,"D"
"20514",14.03611,105.06699,332.87,0.38,0.36,"2026-02-16",618,"N20","low","2.0NRT",304.91,3.61,"D"
"20515",14.0345,105.05637,344.82,0.38,0.36,"2026-02-16",618,"N20","nominal","2.0NRT",303.67,8.55,"D"
"20516",14.02164,104.9716,336.92,0.38,0.36,"2026-02-16",618,"N20","nominal","2.0NRT",305.29,3.58,"D"
"20517",14.0211,104.96806,345.1,0.38,0.36,"2026-02-16",618,"N20","nominal","2.0NRT",307.19,7.1,"D"
"20518",13.67752,102.76505,354.94,0.42,0.38,"2026-02-16",618,"N20","nominal","2.0NRT",302.89,6.41,"D"
"20519",13.67691,102.7612,331.12,0.42,0.38,"2026-02-16",618,"N20","low","2.0NRT",301.76,2.87,"D"
"20520",14.19325,106.09338,345.47,0.4,0.37,"2026-02-16",618,"N20","nominal","2.0NRT",306.22,4.34,"D"
"20521",14.0378,105.05585,338.68,0.38,0.36,"2026-02-16",618,"N20","nominal","2.0NRT",304.27,8.55,"D"
"20522",13.91763,104.27057,335.71,0.39,0.36,"2026-02-16",618,"N20","nominal","2.0NRT",301.06,1.63,"D"
"20523",13.73723,103.11782,333.57,0.41,0.37,"2026-02-16",618,"N20","nominal","2.0NRT",302.52,1.41,"D"
"20524",13.68096,102.76447,343.64,0.42,0.38,"2026-02-16",618,"N20","nominal","2.0NRT",301.87,6.41,"D"
"20525",14.21122,106.19167,338.74,0.4,0.37,"2026-02-16",618,"N20","nominal","2.0NRT",309.65,3.13,"D"
"20526",14.1005,105.44877,332.66,0.39,0.36,"2026-02-16",618,"N20","nominal","2.0NRT",302.94,10.42,"D"
"20527",14.09997,105.44521,350.8,0.39,0.36,"2026-02-16",618,"N20","nominal","2.0NRT",309.91,10.42,"D"
"20528",13.90829,104.18816,330.53,0.39,0.36,"2026-02-16",618,"N20","low","2.0NRT",303.11,2.17,"D"
"20529",14.19779,106.07777,342.25,0.4,0.37,"2026-02-16",618,"N20","nominal","2.0NRT",309.7,5.03,"D"
"20530",14.10328,105.44469,341.12,0.39,0.36,"2026-02-16",618,"N20","nominal","2.0NRT",302.58,10.42,"D"
"20531",14.03475,104.99122,338.59,0.38,0.36,"2026-02-16",618,"N20","nominal","2.0NRT",302.55,2.8,"D"
"20532",14.03422,104.98769,345.46,0.38,0.36,"2026-02-16",618,"N20","nominal","2.0NRT",305.29,4.63,"D"
"20533",13.83903,103.72075,334.12,0.39,0.37,"2026-02-16",618,"N20","nominal","2.0NRT",300.52,1.5,"D"
"20534",14.20926,106.13204,333.46,0.4,0.37,"2026-02-16",618,"N20","low","2.0NRT",308.07,0.9,"D"
"20535",13.98473,104.64099,346.48,0.38,0.36,"2026-02-16",618,"N20","nominal","2.0NRT",306.84,7.79,"D"
"20536",13.93139,104.29382,337.62,0.39,0.36,"2026-02-16",618,"N20","nominal","2.0NRT",304.14,3.65,"D"
"20537",13.84237,103.72019,348.23,0.39,0.37,"2026-02-16",618,"N20","nominal","2.0NRT",301.9,6.15,"D"
"20538",13.79719,103.43178,339.76,0.4,0.37,"2026-02-16",618,"N20","nominal","2.0NRT",300.86,2.69,"D"
"20539",14.22672,106.22685,334.41,0.4,0.37,"2026-02-16",618,"N20","low","2.0NRT",309.22,1.37,"D"
"20540",14.03115,104.92304,331.18,0.38,0.36,"2026-02-16",618,"N20","low","2.0NRT",306.11,3.2,"D"
"20541",14.00693,104.76411,344.17,0.38,0.36,"2026-02-16",618,"N20","nominal","2.0NRT",305.05,4.14,"D"
"20542",14.23459,106.26707,332.8,0.4,0.37,"2026-02-16",618,"N20","low","2.0NRT",306.91,1.06,"D"
"20543",14.23405,106.26338,347.96,0.4,0.37,"2026-02-16",618,"N20","nominal","2.0NRT",310.37,5.91,"D"
"20544",14.22871,106.22655,346.92,0.4,0.37,"2026-02-16",618,"N20","nominal","2.0NRT",308.63,4.15,"D"
"20545",14.06285,105.10594,342.02,0.38,0.36,"2026-02-16",618,"N20","nominal","2.0NRT",304.18,2.94,"D"
"20546",13.99295,104.64666,330.66,0.38,0.36,"2026-02-16",618,"N20","low","2.0NRT",303.38,1.7,"D"
"20547",14.23635,106.25549,341.28,0.4,0.37,"2026-02-16",618,"N20","nominal","2.0NRT",310.94,10.16,"D"
"20548",14.18468,105.90142,336.74,0.39,0.36,"2026-02-16",618,"N20","low","2.0NRT",310.23,3.47,"D"
"20549",14.06615,105.10542,334.19,0.38,0.36,"2026-02-16",618,"N20","nominal","2.0NRT",303.08,2.94,"D"
"20550",14.1843,105.8756,340.86,0.39,0.36,"2026-02-16",618,"N20","nominal","2.0NRT",308.03,3.52,"D"
"20551",13.99521,104.61732,339.77,0.38,0.36,"2026-02-16",618,"N20","nominal","2.0NRT",304.08,2.28,"D"
"20552",14.24736,106.28396,338.2,0.4,0.37,"2026-02-16",618,"N20","low","2.0NRT",310.76,3.3,"D"
"20553",14.24682,106.28027,338.98,0.4,0.37,"2026-02-16",618,"N20","low","2.0NRT",311.2,3.3,"D"
"20554",14.23025,106.16624,343.5,0.4,0.37,"2026-02-16",618,"N20","nominal","2.0NRT",311.59,31.27,"D"
"20555",14.22491,106.12959,343.32,0.4,0.37,"2026-02-16",618,"N20","nominal","2.0NRT",308.55,4.91,"D"
"20556",14.06741,105.06901,336.62,0.38,0.36,"2026-02-16",618,"N20","nominal","2.0NRT",305.79,3.93,"D"
"20557",14.06687,105.06548,336.53,0.38,0.36,"2026-02-16",618,"N20","nominal","2.0NRT",306.1,3.93,"D"
"20558",13.99742,104.60973,332.91,0.38,0.36,"2026-02-16",618,"N20","low","2.0NRT",304.01,1.95,"D"
"20559",14.25341,106.30193,335.09,0.4,0.37,"2026-02-16",618,"N20","low","2.0NRT",309.3,2.46,"D"
"20560",14.25019,106.27975,348.6,0.4,0.37,"2026-02-16",618,"N20","nominal","2.0NRT",309.52,5.33,"D"
"20561",14.07071,105.06849,335.23,0.38,0.36,"2026-02-16",618,"N20","low","2.0NRT",306.03,3.3,"D"
"20562",14.00072,104.6092,338.81,0.38,0.36,"2026-02-16",618,"N20","nominal","2.0NRT",303.84,2.24,"D"
"20563",14.26375,106.34951,341.01,0.4,0.37,"2026-02-16",618,"N20","nominal","2.0NRT",308.58,5.93,"D"
"20564",14.24981,106.25343,339.46,0.4,0.37,"2026-02-16",618,"N20","nominal","2.0NRT",308.9,2.62,"D"
"20565",14.07882,105.09978,336.42,0.38,0.36,"2026-02-16",618,"N20","nominal","2.0NRT",305.58,2.86,"D"
"20566",14.02675,104.75706,338,0.38,0.36,"2026-02-16",618,"N20","nominal","2.0NRT",304.92,1.63,"D"
"20567",13.96636,104.36436,330.92,0.39,0.36,"2026-02-16",618,"N20","nominal","2.0NRT",300.62,1.79,"D"
"20568",14.2639,106.32677,337.05,0.4,0.37,"2026-02-16",618,"N20","low","2.0NRT",309.81,3.72,"D"
"20569",14.23657,106.13903,337.94,0.4,0.37,"2026-02-16",618,"N20","low","2.0NRT",309.78,5.21,"D"
"20570",13.95536,104.27152,338.57,0.39,0.36,"2026-02-16",618,"N20","nominal","2.0NRT",303.87,2.13,"D"
"20571",14.08542,105.09874,346.77,0.38,0.36,"2026-02-16",618,"N20","nominal","2.0NRT",303.72,7.28,"D"
"20572",14.03172,104.7454,340.03,0.38,0.36,"2026-02-16",618,"N20","nominal","2.0NRT",305.28,1.79,"D"
"20573",13.9801,104.40939,334.77,0.39,0.36,"2026-02-16",618,"N20","low","2.0NRT",304.93,1.36,"D"
"20574",13.95867,104.27098,338.44,0.39,0.36,"2026-02-16",618,"N20","nominal","2.0NRT",302.27,2.13,"D"
"20575",14.64611,109.02602,338.45,0.53,0.42,"2026-02-16",618,"N20","nominal","2.0NRT",291.47,4.93,"D"
"20576",14.26044,106.25557,334.22,0.4,0.37,"2026-02-16",618,"N20","low","2.0NRT",305.97,2.06,"D"
"20577",14.2599,106.25188,337.99,0.4,0.37,"2026-02-16",618,"N20","nominal","2.0NRT",307.06,1.89,"D"
"20578",14.24328,106.13801,346.99,0.4,0.37,"2026-02-16",618,"N20","nominal","2.0NRT",312.16,10.34,"D"
"20579",14.22884,106.03938,338.92,0.4,0.37,"2026-02-16",618,"N20","nominal","2.0NRT",307.43,8.81,"D"
"20580",14.22831,106.03573,342.96,0.4,0.37,"2026-02-16",618,"N20","nominal","2.0NRT",310.74,8.81,"D"
"20581",14.04742,104.82612,336.16,0.38,0.36,"2026-02-16",618,"N20","low","2.0NRT",306.58,2.23,"D"
"20582",14.03502,104.74487,338.72,0.38,0.36,"2026-02-16",618,"N20","nominal","2.0NRT",305.4,3.2,"D"
"20583",13.89438,103.83764,335.66,0.39,0.36,"2026-02-16",618,"N20","nominal","2.0NRT",300.02,1.81,"D"
"20584",14.26917,106.29193,348.15,0.4,0.37,"2026-02-16",618,"N20","nominal","2.0NRT",312.24,7.52,"D"
"20585",14.26702,106.27717,345.43,0.4,0.37,"2026-02-16",618,"N20","nominal","2.0NRT",308.16,7.68,"D"
"20586",14.26649,106.27348,347.89,0.4,0.37,"2026-02-16",618,"N20","nominal","2.0NRT",312.59,21.71,"D"
"20587",14.26326,106.25136,336.52,0.4,0.37,"2026-02-16",618,"N20","nominal","2.0NRT",305.05,1.89,"D"
"20588",14.20924,105.88282,344.32,0.39,0.36,"2026-02-16",618,"N20","nominal","2.0NRT",306.93,5.7,"D"
"20589",14.0765,104.99515,335.28,0.38,0.36,"2026-02-16",618,"N20","low","2.0NRT",305.65,1.51,"D"
"20590",14.07597,104.99162,337.51,0.38,0.36,"2026-02-16",618,"N20","nominal","2.0NRT",304.86,1.51,"D"
"20591",14.27254,106.29143,338.45,0.4,0.37,"2026-02-16",618,"N20","nominal","2.0NRT",307.79,4,"D"
"20592",14.26985,106.27297,345.19,0.4,0.37,"2026-02-16",618,"N20","nominal","2.0NRT",310.05,4.46,"D"
"20593",14.26932,106.26929,335.61,0.4,0.37,"2026-02-16",618,"N20","low","2.0NRT",308.88,4.46,"D"
"20594",14.25642,106.18096,338.68,0.4,0.37,"2026-02-16",618,"N20","nominal","2.0NRT",307.52,2.84,"D"
"20595",14.23126,106.00922,334.75,0.39,0.37,"2026-02-16",618,"N20","low","2.0NRT",307.06,2.71,"D"
"20596",14.05294,104.81799,332.98,0.38,0.36,"2026-02-16",618,"N20","low","2.0NRT",306.34,1.3,"D"
"20597",14.02486,104.63429,337.63,0.38,0.36,"2026-02-16",618,"N20","nominal","2.0NRT",306.76,4.36,"D"
"20598",14.02431,104.63075,348.16,0.38,0.36,"2026-02-16",618,"N20","nominal","2.0NRT",307.95,4.36,"D"
"20599",13.99985,104.47159,335.23,0.39,0.36,"2026-02-16",618,"N20","nominal","2.0NRT",303.09,2.66,"D"
"20600",13.91234,103.90853,338.11,0.39,0.36,"2026-02-16",618,"N20","nominal","2.0NRT",302.33,3.02,"D"
"20601",14.25925,106.17677,341.4,0.4,0.37,"2026-02-16",618,"N20","nominal","2.0NRT",306.21,4.27,"D"
"20602",14.23781,106.03054,335.95,0.39,0.37,"2026-02-16",618,"N20","low","2.0NRT",308.08,2.86,"D"
"20603",14.05624,104.81747,333.7,0.38,0.36,"2026-02-16",618,"N20","low","2.0NRT",305.24,1.3,"D"
"20604",13.87761,103.66597,330.39,0.4,0.37,"2026-02-16",618,"N20","low","2.0NRT",301.44,0.52,"D"
"20605",13.78904,103.1094,340.37,0.41,0.37,"2026-02-16",618,"N20","nominal","2.0NRT",302.77,3.9,"D"
"20606",14.27336,106.24983,332.47,0.4,0.37,"2026-02-16",618,"N20","low","2.0NRT",305.39,1.96,"D"
"20607",14.24062,106.02638,337.68,0.39,0.37,"2026-02-16",618,"N20","low","2.0NRT",309.7,5.06,"D"
"20608",14.05954,104.81694,333.55,0.38,0.36,"2026-02-16",618,"N20","low","2.0NRT",306.27,2.8,"D"
"20609",14.04984,104.75336,337.22,0.38,0.36,"2026-02-16",618,"N20","nominal","2.0NRT",304.88,2.97,"D"
"20610",14.27995,106.27144,342,0.4,0.37,"2026-02-16",618,"N20","nominal","2.0NRT",309.84,5.18,"D"
"20611",14.27941,106.26775,333.74,0.4,0.37,"2026-02-16",618,"N20","low","2.0NRT",308.56,5.18,"D"
"20612",14.27618,106.24562,332.43,0.4,0.37,"2026-02-16",618,"N20","low","2.0NRT",306.89,1.96,"D"
"20613",14.26381,106.16106,335.66,0.4,0.37,"2026-02-16",618,"N20","low","2.0NRT",309.7,2.37,"D"
"20614",14.26327,106.15739,336.41,0.4,0.37,"2026-02-16",618,"N20","low","2.0NRT",309.96,2.37,"D"
"20615",14.22258,105.88074,334.7,0.39,0.36,"2026-02-16",618,"N20","low","2.0NRT",308.8,3.09,"D"
"20616",14.15113,105.40054,346.11,0.39,0.36,"2026-02-16",618,"N20","nominal","2.0NRT",302.61,6.61,"D"
"20617",14.09988,105.06023,334.42,0.38,0.36,"2026-02-16",618,"N20","low","2.0NRT",306.17,1.05,"D"
"20618",14.06068,104.80228,332.58,0.38,0.36,"2026-02-16",618,"N20","low","2.0NRT",304.32,2.29,"D"
"20619",14.06015,104.79874,336.98,0.38,0.36,"2026-02-16",618,"N20","nominal","2.0NRT",305.61,2.29,"D"
"20620",14.03909,104.66097,340.08,0.38,0.36,"2026-02-16",618,"N20","nominal","2.0NRT",307.03,4.88,"D"
"20621",14.28332,106.27092,334.42,0.4,0.37,"2026-02-16",618,"N20","low","2.0NRT",307.79,4.13,"D"
"20622",14.28278,106.26723,350.24,0.4,0.37,"2026-02-16",618,"N20","nominal","2.0NRT",308.52,4.13,"D"
"20623",14.28224,106.26354,346,0.4,0.37,"2026-02-16",618,"N20","nominal","2.0NRT",307.33,6.58,"D"
"20624",14.26663,106.15689,336.63,0.4,0.37,"2026-02-16",618,"N20","low","2.0NRT",310.24,3.78,"D"
"20625",14.14217,105.31828,334.58,0.39,0.36,"2026-02-16",618,"N20","nominal","2.0NRT",301.85,3.06,"D"
"20626",14.11655,105.14815,335.04,0.38,0.36,"2026-02-16",618,"N20","low","2.0NRT",308.4,2.21,"D"
"20627",14.11601,105.14461,337.5,0.38,0.36,"2026-02-16",618,"N20","low","2.0NRT",308.21,2.21,"D"
"20628",14.11548,105.14106,339.58,0.38,0.36,"2026-02-16",618,"N20","nominal","2.0NRT",308.15,2.23,"D"
"20629",13.96526,104.16042,344.33,0.39,0.36,"2026-02-16",618,"N20","nominal","2.0NRT",306.3,3.54,"D"
"20630",14.28992,106.29256,344.18,0.4,0.37,"2026-02-16",618,"N20","nominal","2.0NRT",308.38,4.26,"D"
"20631",14.10648,105.05918,334.72,0.38,0.36,"2026-02-16",618,"N20","low","2.0NRT",306.12,1.1,"D"
"20632",13.96025,104.10638,345.61,0.39,0.36,"2026-02-16",618,"N20","nominal","2.0NRT",304.8,5.25,"D"
"20633",14.29329,106.29205,354.01,0.4,0.37,"2026-02-16",618,"N20","nominal","2.0NRT",312.63,35.15,"D"
"20634",14.15647,105.3233,345.02,0.39,0.36,"2026-02-16",618,"N20","nominal","2.0NRT",304.61,6.5,"D"
"20635",13.9702,104.10477,342.85,0.39,0.36,"2026-02-16",618,"N20","nominal","2.0NRT",306.21,3.64,"D"
"20636",13.96964,104.1012,338.63,0.39,0.36,"2026-02-16",618,"N20","nominal","2.0NRT",306.44,3.64,"D"
"20637",13.96909,104.09763,355.85,0.39,0.36,"2026-02-16",618,"N20","nominal","2.0NRT",308.08,11.24,"D"
"20638",13.96853,104.09406,351.62,0.39,0.36,"2026-02-16",618,"N20","nominal","2.0NRT",304.85,11.24,"D"
"20639",14.16191,105.33698,347.43,0.39,0.36,"2026-02-16",618,"N20","nominal","2.0NRT",304.37,4.81,"D"
"20640",14.16137,105.33343,347.28,0.39,0.36,"2026-02-16",618,"N20","nominal","2.0NRT",305.37,4.81,"D"
"20641",14.01318,104.36041,344.3,0.39,0.36,"2026-02-16",618,"N20","nominal","2.0NRT",302.11,9.56,"D"
"20642",13.97351,104.10423,344.23,0.39,0.36,"2026-02-16",618,"N20","nominal","2.0NRT",305.48,3.64,"D"
"20643",13.97296,104.10065,348.04,0.39,0.36,"2026-02-16",618,"N20","nominal","2.0NRT",306.24,3.64,"D"
"20644",13.9724,104.09708,342.44,0.39,0.36,"2026-02-16",618,"N20","nominal","2.0NRT",308.48,11.24,"D"
"20645",13.97185,104.09351,338.95,0.39,0.36,"2026-02-16",618,"N20","nominal","2.0NRT",303.26,11.24,"D"
"20646",13.89116,103.57784,341.52,0.4,0.37,"2026-02-16",618,"N20","nominal","2.0NRT",303.24,5.71,"D"
"20647",14.30135,106.25307,345.47,0.4,0.37,"2026-02-16",618,"N20","nominal","2.0NRT",307.78,4.22,"D"
"20648",14.01648,104.35988,346.14,0.39,0.36,"2026-02-16",618,"N20","nominal","2.0NRT",301.19,10.23,"D"
"20649",13.97627,104.10012,347.68,0.39,0.36,"2026-02-16",618,"N20","nominal","2.0NRT",306.08,13.61,"D"
"20650",13.90082,103.61738,345.7,0.4,0.37,"2026-02-16",618,"N20","nominal","2.0NRT",300.8,4.48,"D"
"20651",13.90024,103.61374,347.31,0.4,0.37,"2026-02-16",618,"N20","nominal","2.0NRT",300.43,6.71,"D"
"20652",14.30472,106.25256,337.45,0.4,0.37,"2026-02-16",618,"N20","low","2.0NRT",307.93,4.22,"D"
"20653",14.30418,106.24886,334.21,0.4,0.37,"2026-02-16",618,"N20","low","2.0NRT",305.62,4.22,"D"
"20654",14.13538,105.11616,334.71,0.38,0.36,"2026-02-16",618,"N20","low","2.0NRT",306.21,2.5,"D"
"20655",14.06656,104.66379,339.76,0.38,0.36,"2026-02-16",618,"N20","nominal","2.0NRT",305.41,3.14,"D"
"20656",14.06602,104.66026,333.94,0.38,0.36,"2026-02-16",618,"N20","low","2.0NRT",305.99,3.14,"D"
"20657",13.90416,103.61683,334.92,0.4,0.37,"2026-02-16",618,"N20","nominal","2.0NRT",301.34,4.48,"D"
"20658",14.05089,104.53951,346.93,0.38,0.36,"2026-02-16",618,"N20","nominal","2.0NRT",302.71,7.49,"D"
"20659",14.17727,105.34911,330.05,0.39,0.36,"2026-02-16",618,"N20","low","2.0NRT",304.32,2.4,"D"
"20660",14.14573,105.13989,338.32,0.38,0.36,"2026-02-16",618,"N20","nominal","2.0NRT",306.78,2.13,"D"
"20661",14.05419,104.53898,347.39,0.38,0.36,"2026-02-16",618,"N20","nominal","2.0NRT",302.86,7.49,"D"
"20662",13.82137,103.04997,338.74,0.41,0.37,"2026-02-16",618,"N20","nominal","2.0NRT",304.05,4.03,"D"
"20663",13.82077,103.04621,347.46,0.41,0.37,"2026-02-16",618,"N20","nominal","2.0NRT",304.5,4.03,"D"
"20664",14.3121,106.23258,342.23,0.4,0.37,"2026-02-16",618,"N20","nominal","2.0NRT",306.15,3.99,"D"
"20665",14.31156,106.2289,334.55,0.4,0.37,"2026-02-16",618,"N20","low","2.0NRT",305.45,2.4,"D"
"20666",14.18005,105.34503,334.11,0.39,0.36,"2026-02-16",618,"N20","nominal","2.0NRT",303.55,5.55,"D"
"20667",14.13082,105.01908,333.9,0.38,0.36,"2026-02-16",618,"N20","low","2.0NRT",305.34,0.89,"D"
"20668",14.07592,104.65867,346.5,0.38,0.36,"2026-02-16",618,"N20","nominal","2.0NRT",306.02,5.5,"D"
"20669",14.06726,104.6021,332.9,0.38,0.36,"2026-02-16",618,"N20","low","2.0NRT",303.53,1.68,"D"
"20670",13.82416,103.04564,347.4,0.41,0.37,"2026-02-16",618,"N20","nominal","2.0NRT",302.94,8.16,"D"
"20671",14.18389,105.34807,342.76,0.39,0.36,"2026-02-16",618,"N20","nominal","2.0NRT",304.96,5.55,"D"
"20672",14.18335,105.34451,335.01,0.39,0.36,"2026-02-16",618,"N20","nominal","2.0NRT",304.11,5.55,"D"
"20673",14.09542,104.76414,346.58,0.38,0.36,"2026-02-16",618,"N20","nominal","2.0NRT",309.35,6.11,"D"
"20674",14.06459,104.56267,353.87,0.38,0.36,"2026-02-16",618,"N20","nominal","2.0NRT",311.72,68.56,"D"
"20675",14.32806,106.29428,335.37,0.4,0.37,"2026-02-16",618,"N20","low","2.0NRT",307.77,4.01,"D"
"20676",14.09871,104.76361,335.98,0.38,0.36,"2026-02-16",618,"N20","low","2.0NRT",307.48,3.29,"D"
"20677",14.06789,104.56213,350.24,0.38,0.36,"2026-02-16",618,"N20","nominal","2.0NRT",307.47,46.83,"D"
"20678",13.9317,103.68311,339.52,0.4,0.37,"2026-02-16",618,"N20","nominal","2.0NRT",304.92,5.48,"D"
"20679",13.93113,103.67948,335.38,0.4,0.37,"2026-02-16",618,"N20","nominal","2.0NRT",302.61,5.48,"D"
"20680",13.83991,103.10088,341.7,0.41,0.37,"2026-02-16",618,"N20","nominal","2.0NRT",304.37,7.34,"D"
"20681",14.33143,106.29377,342.89,0.4,0.37,"2026-02-16",618,"N20","nominal","2.0NRT",309.68,4.01,"D"
"20682",14.31677,106.19424,343.01,0.4,0.37,"2026-02-16",618,"N20","nominal","2.0NRT",306.73,5.27,"D"
"20683",14.2989,106.07333,331.61,0.4,0.37,"2026-02-16",618,"N20","low","2.0NRT",306.5,2.15,"D"
"20684",14.26067,105.81573,338.52,0.39,0.36,"2026-02-16",618,"N20","low","2.0NRT",309.18,3.82,"D"
"20685",14.12569,104.91855,337.86,0.38,0.36,"2026-02-16",618,"N20","nominal","2.0NRT",304.45,2.93,"D"
"20686",14.07878,104.61111,333.92,0.38,0.36,"2026-02-16",618,"N20","low","2.0NRT",306.37,1.33,"D"
"20687",13.93504,103.68255,338.76,0.4,0.37,"2026-02-16",618,"N20","nominal","2.0NRT",303.83,5.48,"D"
"20688",13.93447,103.67892,335.26,0.4,0.37,"2026-02-16",618,"N20","nominal","2.0NRT",302.25,5.48,"D"
"20689",14.26239,105.80437,337.71,0.39,0.36,"2026-02-16",618,"N20","low","2.0NRT",308.44,3.25,"D"
"20690",14.16813,105.17622,343.53,0.38,0.36,"2026-02-16",618,"N20","nominal","2.0NRT",306.11,2.42,"D"
"20691",14.12039,104.86149,342.63,0.38,0.36,"2026-02-16",618,"N20","nominal","2.0NRT",308.67,3.26,"D"
"20692",13.95308,103.77614,348.5,0.39,0.36,"2026-02-16",618,"N20","nominal","2.0NRT",301.15,4.8,"D"
"20693",14.17143,105.1757,338.43,0.38,0.36,"2026-02-16",618,"N20","nominal","2.0NRT",306.72,2.42,"D"
"20694",14.17089,105.17216,333.7,0.38,0.36,"2026-02-16",618,"N20","low","2.0NRT",307.4,2.42,"D"
"20695",14.09241,104.65603,340.6,0.38,0.36,"2026-02-16",618,"N20","nominal","2.0NRT",307.47,8.87,"D"
"20696",13.95642,103.77559,340.86,0.39,0.36,"2026-02-16",618,"N20","nominal","2.0NRT",301.05,4.8,"D"
"20697",13.85957,103.15907,333.45,0.41,0.37,"2026-02-16",618,"N20","nominal","2.0NRT",301.72,3.26,"D"
"20698",14.1372,104.92757,348.1,0.38,0.36,"2026-02-16",618,"N20","nominal","2.0NRT",305.84,4.75,"D"
"20699",14.11999,104.81451,341.06,0.38,0.36,"2026-02-16",618,"N20","low","2.0NRT",311.27,5.24,"D"
"20700",14.30146,105.99825,335.25,0.39,0.37,"2026-02-16",618,"N20","low","2.0NRT",305.69,2.84,"D"
"20701",14.30092,105.99464,340.39,0.39,0.37,"2026-02-16",618,"N20","nominal","2.0NRT",306.73,2.84,"D"
"20702",14.14533,104.95885,338.49,0.38,0.36,"2026-02-16",618,"N20","nominal","2.0NRT",305.7,6.49,"D"
"20703",14.14479,104.95531,335.76,0.38,0.36,"2026-02-16",618,"N20","low","2.0NRT",305.88,2.94,"D"
"20704",14.14049,104.92704,345.39,0.38,0.36,"2026-02-16",618,"N20","nominal","2.0NRT",308.6,4.75,"D"
"20705",13.78411,102.64036,339.21,0.42,0.38,"2026-02-16",618,"N20","nominal","2.0NRT",300.49,2.82,"D"
"20706",14.30314,105.99326,341.16,0.39,0.37,"2026-02-16",618,"N20","nominal","2.0NRT",306.97,4.23,"D"
"20707",14.30261,105.98965,337.59,0.39,0.37,"2026-02-16",618,"N20","nominal","2.0NRT",308.86,2.72,"D"
"20708",14.30648,105.99271,333.1,0.39,0.37,"2026-02-16",618,"N20","low","2.0NRT",304.61,4.23,"D"
"20709",14.30595,105.98912,334.99,0.39,0.37,"2026-02-16",618,"N20","nominal","2.0NRT",305.09,2.72,"D"
"20710",14.15057,104.94597,332.14,0.38,0.36,"2026-02-16",618,"N20","low","2.0NRT",306.02,1.17,"D"
"20711",14.0803,104.48643,337.08,0.39,0.36,"2026-02-16",618,"N20","nominal","2.0NRT",303.43,3.1,"D"
"20712",14.07975,104.48289,338.54,0.39,0.36,"2026-02-16",618,"N20","nominal","2.0NRT",305.42,3.1,"D"
"20713",14.11456,104.68749,339.46,0.38,0.36,"2026-02-16",618,"N20","nominal","2.0NRT",305.67,3.38,"D"
"20714",13.97678,103.80087,332.23,0.39,0.36,"2026-02-16",618,"N20","low","2.0NRT",302.41,2.29,"D"
"20715",14.11786,104.68697,341.15,0.38,0.36,"2026-02-16",618,"N20","nominal","2.0NRT",306.89,3.38,"D"
"20716",13.88751,103.21865,331.15,0.41,0.37,"2026-02-16",618,"N20","nominal","2.0NRT",299.16,0.69,"D"
"20717",13.88032,103.17397,331.83,0.41,0.37,"2026-02-16",618,"N20","low","2.0NRT",302.11,2.56,"D"
"20718",14.281,105.72665,334.63,0.39,0.36,"2026-02-16",618,"N20","nominal","2.0NRT",303.57,1.87,"D"
"20719",14.02732,104.0577,335.4,0.39,0.36,"2026-02-16",618,"N20","nominal","2.0NRT",301.08,2.71,"D"
"20720",14.22102,105.30103,333.12,0.39,0.36,"2026-02-16",618,"N20","nominal","2.0NRT",301.73,1.92,"D"
"20721",14.11475,104.60053,344.07,0.38,0.36,"2026-02-16",618,"N20","nominal","2.0NRT",309.15,5.85,"D"
"20722",14.03063,104.05716,342.95,0.39,0.36,"2026-02-16",618,"N20","nominal","2.0NRT",304.45,8.64,"D"
"20723",14.03008,104.0536,345.36,0.39,0.36,"2026-02-16",618,"N20","nominal","2.0NRT",304.26,8.64,"D"
"20724",13.1784,99.0062,340.06,0.45,0.47,"2026-02-16",618,"N20","nominal","2.0NRT",296.22,8.09,"D"
"20725",14.30803,105.84053,336.53,0.39,0.36,"2026-02-16",618,"N20","low","2.0NRT",307.69,1.48,"D"
"20726",14.23562,105.35329,333.93,0.39,0.36,"2026-02-16",618,"N20","low","2.0NRT",304.83,3.48,"D"
"20727",14.23509,105.34972,347.05,0.39,0.36,"2026-02-16",618,"N20","nominal","2.0NRT",306.16,3.48,"D"
"20728",14.11755,104.5747,344.58,0.38,0.36,"2026-02-16",618,"N20","nominal","2.0NRT",308.08,4.68,"D"
"20729",13.93569,103.41173,340.78,0.4,0.37,"2026-02-16",618,"N20","nominal","2.0NRT",301.47,2.98,"D"
"20730",14.48885,107.06703,340.68,0.42,0.38,"2026-02-16",618,"N20","nominal","2.0NRT",303.04,5.48,"D"
"20731",14.2384,105.34921,332.59,0.39,0.36,"2026-02-16",618,"N20","low","2.0NRT",303.61,3.48,"D"
"20732",14.12085,104.57417,340.02,0.38,0.36,"2026-02-16",618,"N20","nominal","2.0NRT",307.67,4.68,"D"
"20733",14.04058,104.05553,333.58,0.39,0.36,"2026-02-16",618,"N20","low","2.0NRT",305.25,1.71,"D"
"20734",14.16529,104.82055,341.29,0.38,0.36,"2026-02-16",618,"N20","nominal","2.0NRT",309.65,1.22,"D"
"20735",14.16475,104.81701,336.34,0.38,0.36,"2026-02-16",618,"N20","nominal","2.0NRT",306.18,1.22,"D"
"20736",13.96379,103.52365,348.96,0.4,0.37,"2026-02-16",618,"N20","nominal","2.0NRT",303.18,4.2,"D"
"20737",14.30748,105.74461,343.95,0.39,0.36,"2026-02-16",618,"N20","nominal","2.0NRT",308.42,5.73,"D"
"20738",14.1831,104.91544,338.28,0.38,0.36,"2026-02-16",618,"N20","nominal","2.0NRT",307.48,3.24,"D"
"20739",14.18256,104.9119,338.62,0.38,0.36,"2026-02-16",618,"N20","low","2.0NRT",308.69,7.37,"D"
"20740",14.12858,104.55843,341.5,0.38,0.36,"2026-02-16",618,"N20","nominal","2.0NRT",309.38,4.24,"D"
"20741",14.04718,104.03244,332.08,0.39,0.36,"2026-02-16",618,"N20","low","2.0NRT",305.35,0.96,"D"
"20742",14.50212,107.06098,346.86,0.42,0.38,"2026-02-16",618,"N20","nominal","2.0NRT",306.72,10.07,"D"
"20743",14.18479,104.9043,341.77,0.38,0.36,"2026-02-16",618,"N20","nominal","2.0NRT",308.54,5.03,"D"
"20744",14.18371,104.89724,342.67,0.38,0.36,"2026-02-16",618,"N20","nominal","2.0NRT",308.06,2.42,"D"
"20745",14.17673,104.8513,334.62,0.38,0.36,"2026-02-16",618,"N20","low","2.0NRT",307.6,1.69,"D"
"20746",14.13188,104.55789,338.96,0.38,0.36,"2026-02-16",618,"N20","nominal","2.0NRT",308.31,4.24,"D"
"20747",14.05551,104.06409,337.23,0.39,0.36,"2026-02-16",618,"N20","nominal","2.0NRT",304.55,2.41,"D"
"20748",14.05496,104.06051,337.73,0.39,0.36,"2026-02-16",618,"N20","nominal","2.0NRT",304.74,2.97,"D"
"20749",14.50558,107.06046,333.24,0.42,0.38,"2026-02-16",618,"N20","nominal","2.0NRT",301.53,2.73,"D"
"20750",14.26827,105.43559,340.33,0.39,0.36,"2026-02-16",618,"N20","nominal","2.0NRT",309.42,5.61,"D"
"20751",14.23626,105.22231,344.24,0.39,0.36,"2026-02-16",618,"N20","nominal","2.0NRT",305.08,3.09,"D"
"20752",14.23573,105.21877,337.02,0.39,0.36,"2026-02-16",618,"N20","nominal","2.0NRT",304.54,3.09,"D"
"20753",14.18056,104.8543,334.22,0.38,0.36,"2026-02-16",618,"N20","low","2.0NRT",306.75,1.11,"D"
"20754",13.89413,103.02159,333.03,0.41,0.37,"2026-02-16",618,"N20","low","2.0NRT",304.14,1.11,"D"
"20755",14.32228,105.7755,343.95,0.39,0.36,"2026-02-16",618,"N20","nominal","2.0NRT",307.54,2.52,"D"
"20756",14.23957,105.22178,339.16,0.39,0.36,"2026-02-16",618,"N20","nominal","2.0NRT",304.73,3.09,"D"
"20757",14.00188,103.67796,336.37,0.39,0.37,"2026-02-16",618,"N20","nominal","2.0NRT",303.89,2.49,"D"
"20758",14.12763,104.46426,339.18,0.39,0.36,"2026-02-16",618,"N20","nominal","2.0NRT",307.79,3.67,"D"
"20759",14.12709,104.46072,339.75,0.39,0.36,"2026-02-16",618,"N20","nominal","2.0NRT",307.12,3.67,"D"
"20760",13.9652,103.38039,338.52,0.4,0.37,"2026-02-16",618,"N20","nominal","2.0NRT",304.4,4.68,"D"
"20761",14.33827,105.79148,341.5,0.39,0.36,"2026-02-16",618,"N20","nominal","2.0NRT",308,3.61,"D"
"20762",14.33078,105.74099,340.07,0.39,0.36,"2026-02-16",618,"N20","nominal","2.0NRT",308.41,6.42,"D"
"20763",14.27735,105.38313,330.24,0.39,0.36,"2026-02-16",618,"N20","nominal","2.0NRT",300.97,2.06,"D"
"20764",14.36036,105.91759,335.01,0.39,0.36,"2026-02-16",618,"N20","low","2.0NRT",309.48,3.4,"D"
"20765",14.3416,105.79096,341.5,0.39,0.36,"2026-02-16",618,"N20","nominal","2.0NRT",310.29,7.96,"D"
"20766",14.3341,105.74047,347.26,0.39,0.36,"2026-02-16",618,"N20","nominal","2.0NRT",311.24,9.6,"D"
"20767",14.28547,105.41465,331.67,0.39,0.36,"2026-02-16",618,"N20","low","2.0NRT",303.63,5.93,"D"
"20768",14.4247,106.33154,333.8,0.4,0.37,"2026-02-16",618,"N20","nominal","2.0NRT",305.54,4.43,"D"
"20769",14.3637,105.91708,345.41,0.39,0.36,"2026-02-16",618,"N20","nominal","2.0NRT",309.71,3.4,"D"
"20770",14.19181,104.77286,340.61,0.38,0.36,"2026-02-16",618,"N20","nominal","2.0NRT",307.07,3.86,"D"
"20771",14.15176,104.51116,337.77,0.38,0.36,"2026-02-16",618,"N20","nominal","2.0NRT",306.28,2.15,"D"
"20772",14.02588,103.70001,348.07,0.39,0.37,"2026-02-16",618,"N20","nominal","2.0NRT",304.42,6.96,"D"
"20773",13.97354,103.36768,332.57,0.4,0.37,"2026-02-16",618,"N20","nominal","2.0NRT",302.29,2.85,"D"
"20774",13.97121,103.35294,330.81,0.4,0.37,"2026-02-16",618,"N20","low","2.0NRT",300.94,1.53,"D"
"20775",14.15506,104.51063,352.12,0.38,0.36,"2026-02-16",618,"N20","nominal","2.0NRT",308.94,15.8,"D"
"20776",14.28257,105.32767,338.15,0.39,0.36,"2026-02-16",618,"N20","nominal","2.0NRT",307.66,2.99,"D"
"20777",14.15836,104.51009,349.67,0.38,0.36,"2026-02-16",618,"N20","nominal","2.0NRT",307.99,15.8,"D"
"20778",14.15782,104.50655,342.95,0.38,0.36,"2026-02-16",618,"N20","nominal","2.0NRT",309.39,15.8,"D"
"20779",14.08866,104.05862,340.07,0.39,0.36,"2026-02-16",618,"N20","nominal","2.0NRT",303.84,2.97,"D"
"20780",14.08477,104.0336,336.64,0.39,0.36,"2026-02-16",618,"N20","nominal","2.0NRT",304.56,1.45,"D"
"20781",14.35837,105.76621,346.58,0.39,0.36,"2026-02-16",618,"N20","nominal","2.0NRT",311.85,9.51,"D"
"20782",14.1229,104.21395,330.94,0.39,0.36,"2026-02-16",618,"N20","nominal","2.0NRT",300.03,2.57,"D"
"20783",14.34559,105.65772,336.24,0.39,0.36,"2026-02-16",618,"N20","low","2.0NRT",307.95,3.49,"D"
"20784",14.0997,104.04214,351.87,0.39,0.36,"2026-02-16",618,"N20","nominal","2.0NRT",305.24,5.58,"D"
"20785",13.98441,103.30527,331.52,0.4,0.37,"2026-02-16",618,"N20","low","2.0NRT",301.55,1.26,"D"
"20786",14.34892,105.6572,337.4,0.39,0.36,"2026-02-16",618,"N20","low","2.0NRT",308.04,5.06,"D"
"20787",14.10302,104.04161,347.24,0.39,0.36,"2026-02-16",618,"N20","nominal","2.0NRT",302.88,5.07,"D"
"20788",13.98836,103.3084,336.71,0.4,0.37,"2026-02-16",618,"N20","nominal","2.0NRT",302.84,2.81,"D"
"20789",14.46428,106.41302,336.42,0.4,0.37,"2026-02-16",618,"N20","low","2.0NRT",311.08,5.23,"D"
"20790",14.06387,103.76795,347.33,0.39,0.36,"2026-02-16",618,"N20","nominal","2.0NRT",301.79,5.28,"D"
"20791",13.99172,103.30784,335.88,0.4,0.37,"2026-02-16",618,"N20","nominal","2.0NRT",302.5,2.81,"D"
"20792",14.20368,104.65144,337.44,0.38,0.36,"2026-02-16",618,"N20","nominal","2.0NRT",306.86,4.12,"D"
"20793",14.20314,104.6479,336.34,0.38,0.36,"2026-02-16",618,"N20","low","2.0NRT",308.84,3.6,"D"
"20794",14.20759,104.62883,348.47,0.38,0.36,"2026-02-16",618,"N20","nominal","2.0NRT",309.07,6.33,"D"
"20795",14.20705,104.62529,335.16,0.38,0.36,"2026-02-16",618,"N20","nominal","2.0NRT",305.14,1.05,"D"
"20796",14.46876,106.36293,335.82,0.4,0.37,"2026-02-16",618,"N20","low","2.0NRT",307.09,3.63,"D"
"20797",14.47214,106.36242,331.35,0.4,0.37,"2026-02-16",618,"N20","low","2.0NRT",305.39,2.73,"D"
"20798",14.37985,105.72956,336.71,0.39,0.36,"2026-02-16",618,"N20","low","2.0NRT",309.17,2.41,"D"
"20799",14.36657,105.63964,338.4,0.39,0.36,"2026-02-16",618,"N20","low","2.0NRT",308.64,5.04,"D"
"20800",14.20985,104.59948,335.68,0.38,0.36,"2026-02-16",618,"N20","low","2.0NRT",307.31,1.63,"D"
"20801",14.05769,103.62405,337.44,0.4,0.37,"2026-02-16",618,"N20","nominal","2.0NRT",302.63,2.83,"D"
"20802",14.14183,104.13765,333.42,0.39,0.36,"2026-02-16",618,"N20","nominal","2.0NRT",301.61,1.04,"D"
"20803",14.08279,103.7611,341.88,0.39,0.36,"2026-02-16",618,"N20","nominal","2.0NRT",300.43,10,"D"
"20804",14.08223,103.75749,333.5,0.39,0.36,"2026-02-16",618,"N20","nominal","2.0NRT",301.28,10,"D"
"20805",14.26499,104.91662,334.17,0.38,0.36,"2026-02-16",618,"N20","low","2.0NRT",307.09,1.75,"D"
"20806",14.05688,103.57565,340.84,0.4,0.37,"2026-02-16",618,"N20","nominal","2.0NRT",302.45,2.92,"D"
"20807",14.03655,103.44781,338.38,0.4,0.37,"2026-02-16",618,"N20","nominal","2.0NRT",303.93,5.74,"D"
"20808",14.36217,105.54129,342.78,0.39,0.36,"2026-02-16",618,"N20","nominal","2.0NRT",307.14,5.52,"D"
"20809",14.06022,103.57509,340.11,0.4,0.37,"2026-02-16",618,"N20","nominal","2.0NRT",302.72,2.92,"D"
"20810",14.39209,105.72028,339.77,0.39,0.36,"2026-02-16",618,"N20","low","2.0NRT",310.15,2.17,"D"
"20811",14.39156,105.71667,344.21,0.39,0.36,"2026-02-16",618,"N20","nominal","2.0NRT",310.13,3.93,"D"
"20812",14.35379,105.46214,347.89,0.39,0.36,"2026-02-16",618,"N20","nominal","2.0NRT",309.35,8.16,"D"
"20813",14.35763,105.46519,354.16,0.39,0.36,"2026-02-16",618,"N20","nominal","2.0NRT",308.74,8.16,"D"
"20814",14.3571,105.46162,343.84,0.39,0.36,"2026-02-16",618,"N20","nominal","2.0NRT",305.79,8.16,"D"
"20815",14.23068,104.62511,351.76,0.38,0.36,"2026-02-16",618,"N20","nominal","2.0NRT",308.72,6.19,"D"
"20816",14.23014,104.62157,334.85,0.38,0.36,"2026-02-16",618,"N20","low","2.0NRT",304.87,2.01,"D"
"20817",14.02786,103.32849,332.99,0.4,0.37,"2026-02-16",618,"N20","nominal","2.0NRT",302.59,2.38,"D"
"20818",14.2529,104.74834,339.45,0.38,0.36,"2026-02-16",618,"N20","nominal","2.0NRT",308.49,4,"D"
"20819",14.51418,106.48589,347.04,0.41,0.37,"2026-02-16",618,"N20","nominal","2.0NRT",307.82,7.47,"D"
"20820",14.39248,105.65395,337.73,0.39,0.36,"2026-02-16",618,"N20","nominal","2.0NRT",307.44,6.31,"D"
"20821",13.92839,102.66798,331.73,0.42,0.38,"2026-02-16",618,"N20","nominal","2.0NRT",300.53,2.48,"D"
"20822",14.5503,106.68847,333.37,0.41,0.37,"2026-02-16",618,"N20","low","2.0NRT",306.95,3.23,"D"
"20823",14.40779,105.68837,342.19,0.39,0.36,"2026-02-16",618,"N20","nominal","2.0NRT",311.23,3.16,"D"
"20824",14.41165,105.69145,336.66,0.39,0.36,"2026-02-16",618,"N20","low","2.0NRT",309.81,3.16,"D"
"20825",14.26831,104.73862,346.96,0.38,0.36,"2026-02-16",618,"N20","nominal","2.0NRT",309.4,7.51,"D"
"20826",14.22933,104.46212,340.33,0.38,0.36,"2026-02-16",618,"N20","nominal","2.0NRT",307.83,3.77,"D"
"20827",14.43059,105.77333,340.98,0.39,0.36,"2026-02-16",618,"N20","nominal","2.0NRT",305.64,2.2,"D"
"20828",14.23263,104.46159,343.73,0.38,0.36,"2026-02-16",618,"N20","nominal","2.0NRT",305.51,3.77,"D"
"20829",14.54282,106.51608,337.92,0.41,0.37,"2026-02-16",618,"N20","nominal","2.0NRT",305.26,4.36,"D"
"20830",14.43338,105.7692,332.67,0.39,0.36,"2026-02-16",618,"N20","low","2.0NRT",306.14,1.39,"D"
"20831",14.42056,105.6827,342.48,0.39,0.36,"2026-02-16",618,"N20","nominal","2.0NRT",309.3,3.42,"D"
"20832",14.53532,106.44051,335.52,0.41,0.37,"2026-02-16",618,"N20","nominal","2.0NRT",307.26,8.6,"D"
"20833",14.53478,106.43677,337.98,0.41,0.37,"2026-02-16",618,"N20","nominal","2.0NRT",308.46,6.98,"D"
"20834",14.52772,106.38822,341.93,0.4,0.37,"2026-02-16",618,"N20","nominal","2.0NRT",308.06,4.33,"D"
"20835",14.26962,104.65871,337.94,0.38,0.36,"2026-02-16",618,"N20","low","2.0NRT",308.25,2.34,"D"
"20836",14.4454,105.8043,338.73,0.39,0.36,"2026-02-16",618,"N20","nominal","2.0NRT",305.21,2.15,"D"
"20837",14.39782,105.48447,337.68,0.39,0.36,"2026-02-16",618,"N20","nominal","2.0NRT",306.18,2.54,"D"
"20838",14.27292,104.65818,340.37,0.38,0.36,"2026-02-16",618,"N20","nominal","2.0NRT",309.25,3.76,"D"
"20839",14.16816,103.97942,349.29,0.39,0.36,"2026-02-16",618,"N20","nominal","2.0NRT",313.53,45.46,"D"
"20840",14.44445,105.77486,337,0.39,0.36,"2026-02-16",618,"N20","low","2.0NRT",308.99,16.2,"D"
"20841",14.43749,105.72797,337.95,0.39,0.36,"2026-02-16",618,"N20","low","2.0NRT",309.77,6.44,"D"
"20842",14.43695,105.72437,337.74,0.39,0.36,"2026-02-16",618,"N20","low","2.0NRT",309.55,5.57,"D"
"20843",14.4316,105.68835,336.55,0.39,0.36,"2026-02-16",618,"N20","low","2.0NRT",308.42,1.77,"D"
"20844",14.31938,104.91879,339.55,0.38,0.36,"2026-02-16",618,"N20","nominal","2.0NRT",307.99,3.41,"D"
"20845",14.14168,103.7662,340.58,0.39,0.36,"2026-02-16",618,"N20","nominal","2.0NRT",299.21,4.46,"D"
"20846",14.14112,103.7626,331.07,0.39,0.36,"2026-02-16",618,"N20","nominal","2.0NRT",297.82,4.46,"D"
"20847",13.39221,99.25345,335.09,0.43,0.46,"2026-02-16",618,"N20","nominal","2.0NRT",298.47,5.17,"D"
"20848",14.54614,106.41972,336.76,0.4,0.37,"2026-02-16",618,"N20","low","2.0NRT",311.04,3.69,"D"
"20849",14.06736,103.27258,333.43,0.4,0.37,"2026-02-16",618,"N20","nominal","2.0NRT",302.59,1.4,"D"
"20850",14.00587,102.88662,336.71,0.41,0.37,"2026-02-16",618,"N20","nominal","2.0NRT",300.51,1.56,"D"
"20851",14.00526,102.88282,331.99,0.41,0.37,"2026-02-16",618,"N20","nominal","2.0NRT",298.69,1.56,"D"
"20852",14.00465,102.87902,334.99,0.41,0.37,"2026-02-16",618,"N20","nominal","2.0NRT",298.2,0.99,"D"
"20853",13.39703,99.25648,340.19,0.43,0.46,"2026-02-16",618,"N20","nominal","2.0NRT",294.59,5.17,"D"
"20854",14.53428,106.3149,352.22,0.4,0.37,"2026-02-16",618,"N20","nominal","2.0NRT",309,8.55,"D"
"20855",14.33027,104.94604,343.13,0.38,0.36,"2026-02-16",618,"N20","nominal","2.0NRT",307.45,7.44,"D"
"20856",14.00806,102.87844,337.45,0.41,0.37,"2026-02-16",618,"N20","nominal","2.0NRT",300.17,3.08,"D"
"20857",14.3013,104.73333,336.59,0.38,0.36,"2026-02-16",618,"N20","nominal","2.0NRT",305.99,7.94,"D"
"20858",14.27045,104.53168,348.49,0.38,0.36,"2026-02-16",618,"N20","nominal","2.0NRT",307.55,5.16,"D"
"20859",14.0278,102.98007,335.97,0.41,0.37,"2026-02-16",618,"N20","nominal","2.0NRT",303.33,1.31,"D"
"20860",13.40546,99.25555,331.17,0.43,0.46,"2026-02-16",618,"N20","nominal","2.0NRT",297.66,4.92,"D"
"20861",14.27375,104.53116,337.6,0.38,0.36,"2026-02-16",618,"N20","nominal","2.0NRT",306.26,1.79,"D"
"20862",14.18751,103.97256,335.94,0.39,0.36,"2026-02-16",618,"N20","nominal","2.0NRT",302.94,9.48,"D"
"20863",14.48217,105.89124,336.95,0.39,0.36,"2026-02-16",618,"N20","low","2.0NRT",310.53,1.91,"D"
"20864",14.46443,105.77175,348.4,0.39,0.36,"2026-02-16",618,"N20","nominal","2.0NRT",309.08,5.78,"D"
"20865",14.31059,104.74996,340.05,0.38,0.36,"2026-02-16",618,"N20","nominal","2.0NRT",306.42,3.01,"D"
"20866",14.19083,103.97202,337.71,0.39,0.36,"2026-02-16",618,"N20","nominal","2.0NRT",303,9.48,"D"
"20867",14.19027,103.96844,349.77,0.39,0.36,"2026-02-16",618,"N20","nominal","2.0NRT",305.1,9.48,"D"
"20868",14.43451,105.54826,335.19,0.39,0.36,"2026-02-16",618,"N20","nominal","2.0NRT",304.93,3.87,"D"
"20869",14.87245,108.56255,338.63,0.5,0.41,"2026-02-16",618,"N20","nominal","2.0NRT",298.44,9.03,"D"
"20870",14.43729,105.54416,338.88,0.39,0.36,"2026-02-16",618,"N20","nominal","2.0NRT",305.38,3.87,"D"
"20871",14.27985,104.50478,351.21,0.38,0.36,"2026-02-16",618,"N20","nominal","2.0NRT",306.7,5.5,"D"
"20872",14.59792,106.60805,331.35,0.41,0.37,"2026-02-16",618,"N20","low","2.0NRT",304.75,2.28,"D"
"20873",14.44061,105.54364,333.69,0.39,0.36,"2026-02-16",618,"N20","nominal","2.0NRT",302.74,2.74,"D"
"20874",14.3221,104.75898,343.76,0.38,0.36,"2026-02-16",618,"N20","nominal","2.0NRT",304.89,9.65,"D"
"20875",14.23563,104.19541,334.23,0.39,0.36,"2026-02-16",618,"N20","nominal","2.0NRT",301.05,1.38,"D"
"20876",14.56502,106.35963,331.69,0.4,0.37,"2026-02-16",618,"N20","nominal","2.0NRT",302.8,1.79,"D"
"20877",14.47507,105.75162,339.98,0.39,0.36,"2026-02-16",618,"N20","nominal","2.0NRT",309.28,3.26,"D"
"20878",14.32648,104.76553,342.54,0.38,0.36,"2026-02-16",618,"N20","nominal","2.0NRT",305.4,11.68,"D"
"20879",14.3065,104.63467,336.04,0.38,0.36,"2026-02-16",618,"N20","nominal","2.0NRT",303.68,3.62,"D"
"20880",14.30001,104.59221,356.11,0.38,0.36,"2026-02-16",618,"N20","nominal","2.0NRT",308.56,10.08,"D"
"20881",14.47517,105.72945,345.55,0.39,0.36,"2026-02-16",618,"N20","nominal","2.0NRT",310.35,5.11,"D"
"20882",14.30276,104.58814,340.78,0.38,0.36,"2026-02-16",618,"N20","nominal","2.0NRT",306.99,3.25,"D"
"20883",14.60316,106.57245,336.72,0.41,0.37,"2026-02-16",618,"N20","nominal","2.0NRT",306.73,6.22,"D"
"20884",14.30715,104.59468,336.66,0.38,0.36,"2026-02-16",618,"N20","nominal","2.0NRT",304.66,2.96,"D"
"20885",14.3066,104.59114,341.99,0.38,0.36,"2026-02-16",618,"N20","nominal","2.0NRT",307.02,2.96,"D"
"20886",14.1225,103.40337,342.79,0.4,0.37,"2026-02-16",618,"N20","nominal","2.0NRT",300.76,2.72,"D"
"20887",14.60363,106.5722,334.85,0.41,0.37,"2026-02-16",618,"N20","low","2.0NRT",306.15,5,"D"
"20888",14.65284,106.86929,333.3,0.42,0.38,"2026-02-16",618,"N20","nominal","2.0NRT",307,2.06,"D"
"20889",14.6512,106.85768,332.13,0.42,0.38,"2026-02-16",618,"N20","low","2.0NRT",306.32,2.05,"D"
"20890",14.59155,106.43938,351.98,0.41,0.37,"2026-02-16",618,"N20","nominal","2.0NRT",310.25,9.11,"D"
"20891",14.59101,106.43563,345.84,0.41,0.37,"2026-02-16",618,"N20","nominal","2.0NRT",310.88,6.38,"D"
"20892",14.32279,104.62785,334.07,0.38,0.36,"2026-02-16",618,"N20","nominal","2.0NRT",303.08,2.41,"D"
"20893",14.18704,103.75462,335.4,0.39,0.36,"2026-02-16",618,"N20","nominal","2.0NRT",300.81,2.33,"D"
"20894",14.50134,105.79512,333.9,0.39,0.36,"2026-02-16",618,"N20","low","2.0NRT",308.7,3.62,"D"
"20895",14.49602,105.75894,339.34,0.39,0.36,"2026-02-16",618,"N20","low","2.0NRT",309.45,3.98,"D"
"20896",14.32608,104.62731,337.04,0.38,0.36,"2026-02-16",618,"N20","nominal","2.0NRT",304.87,2.41,"D"
"20897",13.85852,101.71922,330.96,0.46,0.39,"2026-02-16",618,"N20","nominal","2.0NRT",300.73,2.81,"D"
"20898",14.50148,105.77288,337.56,0.39,0.36,"2026-02-16",618,"N20","low","2.0NRT",309.81,4.16,"D"
"20899",14.48392,105.65386,336.62,0.39,0.36,"2026-02-16",618,"N20","low","2.0NRT",309.77,1.61,"D"
"20900",14.32938,104.62678,333,0.38,0.36,"2026-02-16",618,"N20","low","2.0NRT",305.09,2.76,"D"
"20901",14.60388,106.45284,340.99,0.41,0.37,"2026-02-16",618,"N20","nominal","2.0NRT",309.87,3.64,"D"
"20902",14.37794,104.92334,351.91,0.38,0.36,"2026-02-16",618,"N20","nominal","2.0NRT",307.54,8.55,"D"
"20903",14.3774,104.91981,342.5,0.38,0.36,"2026-02-16",618,"N20","nominal","2.0NRT",306.33,8.55,"D"
"20904",14.35321,104.76065,343.56,0.38,0.36,"2026-02-16",618,"N20","nominal","2.0NRT",303.44,3.52,"D"
"20905",14.20611,103.81066,336.22,0.39,0.36,"2026-02-16",618,"N20","nominal","2.0NRT",300.18,6.69,"D"
"20906",14.63819,106.66781,348.78,0.41,0.37,"2026-02-16",618,"N20","nominal","2.0NRT",316.19,60.8,"D"
"20907",14.38124,104.92281,347.99,0.38,0.36,"2026-02-16",618,"N20","nominal","2.0NRT",307.72,31.87,"D"
"20908",14.35651,104.76012,344.09,0.38,0.36,"2026-02-16",618,"N20","nominal","2.0NRT",305.42,4.36,"D"
"20909",14.25708,104.11464,337.23,0.39,0.36,"2026-02-16",618,"N20","nominal","2.0NRT",301.51,1.98,"D"
"20910",14.12385,103.27052,330.54,0.4,0.37,"2026-02-16",618,"N20","nominal","2.0NRT",298.97,0.88,"D"
"20911",14.62691,106.5648,332.73,0.41,0.37,"2026-02-16",618,"N20","low","2.0NRT",305.84,3.59,"D"
"20912",14.61012,106.44804,347.9,0.41,0.37,"2026-02-16",618,"N20","nominal","2.0NRT",310.69,15.46,"D"
"20913",14.35981,104.75959,343.05,0.38,0.36,"2026-02-16",618,"N20","nominal","2.0NRT",303.46,4.36,"D"
"20914",14.35333,104.71715,339.46,0.38,0.36,"2026-02-16",618,"N20","nominal","2.0NRT",303.94,2.96,"D"
"20915",14.35663,104.71661,335.28,0.38,0.36,"2026-02-16",618,"N20","nominal","2.0NRT",304.19,3.47,"D"
"20916",14.12289,103.22124,336.86,0.4,0.37,"2026-02-16",618,"N20","nominal","2.0NRT",301.53,3.88,"D"
"20917",14.10799,103.12828,337.4,0.41,0.37,"2026-02-16",618,"N20","nominal","2.0NRT",302.48,5.56,"D"
"20918",14.74842,107.37204,333.54,0.44,0.38,"2026-02-16",618,"N20","nominal","2.0NRT",306.32,3.42,"D"
"20919",14.35885,104.70901,335.61,0.38,0.36,"2026-02-16",618,"N20","nominal","2.0NRT",302.72,2.82,"D"
"20920",14.12508,103.21326,336.74,0.4,0.37,"2026-02-16",618,"N20","nominal","2.0NRT",301.67,1.84,"D"
"20921",14.49374,105.58247,337.35,0.39,0.36,"2026-02-16",618,"N20","low","2.0NRT",307.46,1.88,"D"
"20922",14.36215,104.70849,336.7,0.38,0.36,"2026-02-16",618,"N20","nominal","2.0NRT",302.79,3.39,"D"
"20923",14.36598,104.71149,367,0.38,0.36,"2026-02-16",618,"N20","high","2.0NRT",305.94,10.95,"D"
"20924",14.65855,106.6881,337.13,0.41,0.37,"2026-02-16",618,"N20","low","2.0NRT",307.2,5.67,"D"
"20925",14.61447,106.38233,338.35,0.4,0.37,"2026-02-16",618,"N20","nominal","2.0NRT",306.16,5.16,"D"
"20926",14.61393,106.3786,334.51,0.4,0.37,"2026-02-16",618,"N20","low","2.0NRT",305.64,3.91,"D"
"20927",14.52747,105.78735,338.45,0.39,0.36,"2026-02-16",618,"N20","low","2.0NRT",309.38,3.87,"D"
"20928",14.51946,105.73312,339.4,0.39,0.36,"2026-02-16",618,"N20","low","2.0NRT",310.8,3.1,"D"
"20929",14.5184,105.72591,334.72,0.39,0.36,"2026-02-16",618,"N20","low","2.0NRT",308.55,1.4,"D"
"20930",14.50346,105.62506,335.92,0.39,0.36,"2026-02-16",618,"N20","low","2.0NRT",309.38,3.03,"D"
"20931",14.50293,105.62148,347.31,0.39,0.36,"2026-02-16",618,"N20","nominal","2.0NRT",309.92,3.03,"D"
"20932",14.50239,105.61788,336.12,0.39,0.36,"2026-02-16",618,"N20","low","2.0NRT",308.15,2.8,"D"
"20933",14.26474,104.05482,334.13,0.39,0.36,"2026-02-16",618,"N20","nominal","2.0NRT",301.86,2.16,"D"
"20934",14.51692,105.69293,341.56,0.39,0.36,"2026-02-16",618,"N20","nominal","2.0NRT",312.88,6.18,"D"
"20935",14.50945,105.64252,338,0.39,0.36,"2026-02-16",618,"N20","low","2.0NRT",309.48,1.37,"D"
"20936",14.50625,105.62095,341.87,0.39,0.36,"2026-02-16",618,"N20","nominal","2.0NRT",310.44,3.54,"D"
"20937",14.50572,105.61736,337.16,0.39,0.36,"2026-02-16",618,"N20","low","2.0NRT",308.5,1.96,"D"
"20938",14.3962,104.88782,335.34,0.38,0.36,"2026-02-16",618,"N20","nominal","2.0NRT",303.07,2.52,"D"
"20939",14.36334,104.67205,342.46,0.38,0.36,"2026-02-16",618,"N20","nominal","2.0NRT",305.78,5.75,"D"
"20940",14.3628,104.66853,355.67,0.38,0.36,"2026-02-16",618,"N20","nominal","2.0NRT",307.08,5.75,"D"
"20941",14.36226,104.66499,350.96,0.38,0.36,"2026-02-16",618,"N20","nominal","2.0NRT",308.94,19.75,"D"
"20942",14.36502,104.66092,345.71,0.38,0.36,"2026-02-16",618,"N20","nominal","2.0NRT",304.89,19.75,"D"
"20943",14.52625,105.70992,344.78,0.39,0.36,"2026-02-16",618,"N20","nominal","2.0NRT",310.33,5.48,"D"
"20944",14.16253,103.33983,347.77,0.4,0.37,"2026-02-16",618,"N20","nominal","2.0NRT",304.75,16.06,"D"
"20945",14.16195,103.33614,334.8,0.4,0.37,"2026-02-16",618,"N20","nominal","2.0NRT",301.14,3.64,"D"
"20946",14.11872,103.06508,334.27,0.41,0.37,"2026-02-16",618,"N20","nominal","2.0NRT",303.8,2.71,"D"
"20947",13.54128,99.62804,334.77,0.4,0.45,"2026-02-16",618,"N20","nominal","2.0NRT",297.97,2.32,"D"
"20948",14.6367,106.44016,349.69,0.41,0.37,"2026-02-16",618,"N20","nominal","2.0NRT",309.14,10.73,"D"
"20949",14.51622,105.61939,336.68,0.39,0.36,"2026-02-16",618,"N20","low","2.0NRT",307.7,0.91,"D"
"20950",14.67509,106.68171,336.51,0.41,0.37,"2026-02-16",618,"N20","low","2.0NRT",308.42,5.07,"D"
"20951",14.51794,105.6081,343.95,0.39,0.36,"2026-02-16",618,"N20","nominal","2.0NRT",309.2,5.05,"D"
"20952",14.51473,105.58652,333.25,0.39,0.36,"2026-02-16",618,"N20","low","2.0NRT",308.25,1.47,"D"
"20953",14.26459,103.94476,348.7,0.39,0.36,"2026-02-16",618,"N20","nominal","2.0NRT",305.65,7.23,"D"
"20954",14.68016,106.69265,335.73,0.41,0.37,"2026-02-16",618,"N20","low","2.0NRT",307.43,3.47,"D"
"20955",14.5218,105.61117,334.25,0.39,0.36,"2026-02-16",618,"N20","low","2.0NRT",307.17,2.32,"D"
"20956",14.52073,105.60398,348.21,0.39,0.36,"2026-02-16",618,"N20","nominal","2.0NRT",309.25,5.05,"D"
"20957",14.52019,105.60039,346.74,0.39,0.36,"2026-02-16",618,"N20","nominal","2.0NRT",308.88,3.84,"D"
"20958",14.24884,103.82208,348.22,0.39,0.36,"2026-02-16",618,"N20","nominal","2.0NRT",305.01,15.9,"D"
"20959",14.24827,103.81849,331.71,0.39,0.36,"2026-02-16",618,"N20","nominal","2.0NRT",299.52,15.9,"D"
"20960",14.17728,103.36758,334.47,0.4,0.37,"2026-02-16",618,"N20","nominal","2.0NRT",301.06,3.41,"D"
"20961",14.68358,106.69213,341.39,0.41,0.37,"2026-02-16",618,"N20","nominal","2.0NRT",310.89,6.6,"D"
"20962",14.5187,105.56754,345.67,0.39,0.36,"2026-02-16",618,"N20","nominal","2.0NRT",307.28,3.74,"D"
"20963",14.71025,106.85301,339.75,0.42,0.38,"2026-02-16",618,"N20","low","2.0NRT",313.16,4.81,"D"
"20964",14.52577,105.59216,336.58,0.39,0.36,"2026-02-16",618,"N20","low","2.0NRT",308.36,4.51,"D"
"20965",14.52255,105.57061,339.78,0.39,0.36,"2026-02-16",618,"N20","nominal","2.0NRT",307.14,3.74,"D"
"20966",14.38265,104.64359,334.33,0.38,0.36,"2026-02-16",618,"N20","nominal","2.0NRT",301.88,2.49,"D"
"20967",14.71369,106.85249,347.32,0.42,0.38,"2026-02-16",618,"N20","nominal","2.0NRT",311.87,5.61,"D"
"20968",14.66787,106.53541,334.52,0.41,0.37,"2026-02-16",618,"N20","low","2.0NRT",307.28,1.65,"D"
"20969",14.63675,106.32166,340.07,0.4,0.37,"2026-02-16",618,"N20","nominal","2.0NRT",310.75,5.09,"D"
"20970",14.38594,104.64306,343.42,0.38,0.36,"2026-02-16",618,"N20","nominal","2.0NRT",301.77,3.67,"D"
"20971",14.17744,103.30328,344.16,0.4,0.37,"2026-02-16",618,"N20","nominal","2.0NRT",300.73,3.5,"D"
"20972",14.53562,105.61269,338.36,0.39,0.36,"2026-02-16",618,"N20","low","2.0NRT",309.82,18.26,"D"
"20973",14.43607,104.95025,342.22,0.38,0.36,"2026-02-16",618,"N20","nominal","2.0NRT",303.15,9.64,"D"
"20974",14.38978,104.64606,343.35,0.38,0.36,"2026-02-16",618,"N20","nominal","2.0NRT",302.97,3.67,"D"
"20975",14.26045,103.8091,331.55,0.39,0.36,"2026-02-16",618,"N20","nominal","2.0NRT",299.87,1.66,"D"
"20976",14.25933,103.8019,334.11,0.39,0.36,"2026-02-16",618,"N20","nominal","2.0NRT",298.86,1.72,"D"
"20977",14.52716,105.53317,335.87,0.39,0.36,"2026-02-16",618,"N20","nominal","2.0NRT",303.04,5.49,"D"
"20978",14.43937,104.94973,345.52,0.38,0.36,"2026-02-16",618,"N20","nominal","2.0NRT",304.12,10.89,"D"
"20979",14.39308,104.64553,348.32,0.38,0.36,"2026-02-16",618,"N20","nominal","2.0NRT",303.77,7.08,"D"
"20980",14.25307,103.74003,341.24,0.39,0.36,"2026-02-16",618,"N20","nominal","2.0NRT",302.84,2.95,"D"
"20981",14.2525,103.73641,334.18,0.39,0.36,"2026-02-16",618,"N20","nominal","2.0NRT",301.57,2.95,"D"
"20982",14.58413,105.89356,335.71,0.39,0.36,"2026-02-16",618,"N20","low","2.0NRT",307.03,4.18,"D"
"20983",14.39638,104.645,340.3,0.38,0.36,"2026-02-16",618,"N20","nominal","2.0NRT",301.58,7.08,"D"
"20984",14.33979,104.27637,333.8,0.39,0.36,"2026-02-16",618,"N20","low","2.0NRT",304.94,2.63,"D"
"20985",14.33924,104.27283,334.72,0.39,0.36,"2026-02-16",618,"N20","low","2.0NRT",305.86,2.63,"D"
"20986",14.25583,103.73586,341.32,0.39,0.36,"2026-02-16",618,"N20","nominal","2.0NRT",303.72,2.95,"D"
"20987",14.25527,103.73225,337.9,0.39,0.36,"2026-02-16",618,"N20","nominal","2.0NRT",303.78,6.37,"D"
"20988",14.68312,106.54466,341,0.41,0.37,"2026-02-16",618,"N20","nominal","2.0NRT",309.1,5.01,"D"
"20989",14.55577,105.67949,345.65,0.39,0.36,"2026-02-16",618,"N20","nominal","2.0NRT",308.08,2.26,"D"
"20990",14.54988,105.63988,340.68,0.39,0.36,"2026-02-16",618,"N20","nominal","2.0NRT",310.06,3.38,"D"
"20991",14.2586,103.7317,333.68,0.39,0.36,"2026-02-16",618,"N20","nominal","2.0NRT",301.86,2.03,"D"
"20992",14.245,103.64485,334.28,0.39,0.37,"2026-02-16",618,"N20","nominal","2.0NRT",303.94,2.69,"D"
"20993",14.23931,103.60854,338.62,0.4,0.37,"2026-02-16",618,"N20","nominal","2.0NRT",301.22,3.47,"D"
"20994",14.23874,103.6049,336.28,0.4,0.37,"2026-02-16",618,"N20","nominal","2.0NRT",301.81,3.47,"D"
"20995",14.5634,105.70782,338.83,0.39,0.36,"2026-02-16",618,"N20","nominal","2.0NRT",306.87,5.16,"D"
"20996",14.24265,103.60798,338.23,0.4,0.37,"2026-02-16",618,"N20","nominal","2.0NRT",303.37,3.47,"D"
"20997",13.97912,101.93843,336.29,0.45,0.39,"2026-02-16",618,"N20","nominal","2.0NRT",300.28,4.68,"D"
"20998",14.17519,103.13616,334.24,0.41,0.37,"2026-02-16",618,"N20","nominal","2.0NRT",301.13,1.23,"D"
"20999",13.98266,101.93781,335.48,0.45,0.39,"2026-02-16",618,"N20","nominal","2.0NRT",299.94,4.68,"D"
"21000",14.75469,106.94153,333.42,0.42,0.38,"2026-02-16",618,"N20","low","2.0NRT",306.63,7.36,"D"
"21001",14.75413,106.93764,337.44,0.42,0.38,"2026-02-16",618,"N20","low","2.0NRT",309.31,7.36,"D"
"21002",14.57661,105.72792,340.51,0.39,0.36,"2026-02-16",618,"N20","nominal","2.0NRT",310.16,3.78,"D"
"21003",14.57392,105.70988,332.56,0.39,0.36,"2026-02-16",618,"N20","low","2.0NRT",307.49,2.06,"D"
"21004",14.55619,105.59108,336.6,0.39,0.36,"2026-02-16",618,"N20","nominal","2.0NRT",305.51,1.28,"D"
"21005",14.76888,107.01527,351.7,0.42,0.38,"2026-02-16",618,"N20","nominal","2.0NRT",311.07,9.09,"D"
"21006",14.75871,106.94491,339.94,0.42,0.38,"2026-02-16",618,"N20","low","2.0NRT",310.34,5.39,"D"
"21007",14.75758,106.93711,340.3,0.42,0.38,"2026-02-16",618,"N20","nominal","2.0NRT",309.83,7.36,"D"
"21008",14.57725,105.70936,337.03,0.39,0.36,"2026-02-16",618,"N20","low","2.0NRT",307.59,2.06,"D"
"21009",14.2713,103.70365,337.01,0.39,0.36,"2026-02-16",618,"N20","nominal","2.0NRT",301.8,9.17,"D"
"21010",14.23028,103.44163,332.96,0.4,0.37,"2026-02-16",618,"N20","nominal","2.0NRT",300.8,2.86,"D"
"21011",14.77291,107.0187,348.4,0.42,0.38,"2026-02-16",618,"N20","nominal","2.0NRT",314.21,12.26,"D"
"21012",14.77234,107.01476,353.9,0.42,0.38,"2026-02-16",618,"N20","nominal","2.0NRT",312.49,12.26,"D"
"21013",14.28758,103.78616,343.71,0.39,0.36,"2026-02-16",618,"N20","nominal","2.0NRT",301.64,4.83,"D"
"21014",14.27463,103.70309,336.85,0.39,0.36,"2026-02-16",618,"N20","nominal","2.0NRT",301.22,1.52,"D"
"21015",14.23363,103.44107,337.94,0.4,0.37,"2026-02-16",618,"N20","nominal","2.0NRT",300.3,3.25,"D"
"21016",14.2105,103.29398,334.33,0.4,0.37,"2026-02-16",618,"N20","nominal","2.0NRT",299.94,0.98,"D"
"21017",14.79688,107.16013,337.09,0.43,0.38,"2026-02-16",618,"N20","low","2.0NRT",308.82,4.13,"D"
"21018",14.57637,105.65785,343.16,0.39,0.36,"2026-02-16",618,"N20","nominal","2.0NRT",308.91,4.7,"D"
"21019",14.79512,107.16098,342.67,0.43,0.38,"2026-02-16",618,"N20","nominal","2.0NRT",308.57,4.12,"D"
"21020",14.77524,107.01883,341.06,0.42,0.38,"2026-02-16",618,"N20","low","2.0NRT",312.42,10.8,"D"
"21021",14.76824,106.94392,346.45,0.42,0.38,"2026-02-16",618,"N20","nominal","2.0NRT",310.43,5.22,"D"
"21022",14.37708,104.29583,333.86,0.39,0.36,"2026-02-16",618,"N20","nominal","2.0NRT",300.42,3.96,"D"
"21023",14.67944,106.2962,344.36,0.4,0.37,"2026-02-16",618,"N20","nominal","2.0NRT",310.96,9.08,"D"
"21024",14.38039,104.29534,354.32,0.39,0.36,"2026-02-16",618,"N20","nominal","2.0NRT",304.91,20.09,"D"
"21025",14.58089,105.59808,347.98,0.39,0.36,"2026-02-16",618,"N20","nominal","2.0NRT",308.63,5.81,"D"
"21026",14.58036,105.59449,338.36,0.39,0.36,"2026-02-16",618,"N20","low","2.0NRT",309.79,5.81,"D"
"21027",14.58261,105.58678,334.85,0.39,0.36,"2026-02-16",618,"N20","low","2.0NRT",308.52,2.04,"D"
"21028",14.58208,105.58319,345.73,0.39,0.36,"2026-02-16",618,"N20","nominal","2.0NRT",308.93,3.65,"D"
"21029",14.22616,103.27254,333.56,0.4,0.37,"2026-02-16",618,"N20","nominal","2.0NRT",302.68,0.97,"D"
"21030",14.60257,105.67576,338.46,0.39,0.36,"2026-02-16",618,"N20","low","2.0NRT",309.25,3.9,"D"
"21031",14.59192,105.60371,336.09,0.39,0.36,"2026-02-16",618,"N20","low","2.0NRT",309.38,2.53,"D"
"21032",14.59139,105.60012,336.73,0.39,0.36,"2026-02-16",618,"N20","low","2.0NRT",310.4,2.53,"D"
"21033",14.59085,105.59653,337.73,0.39,0.36,"2026-02-16",618,"N20","low","2.0NRT",309.85,4.79,"D"
"21034",14.58819,105.57856,336.14,0.39,0.36,"2026-02-16",618,"N20","low","2.0NRT",308.41,5.5,"D"
"21035",14.78952,106.94474,338,0.42,0.38,"2026-02-16",618,"N20","low","2.0NRT",310.27,5.17,"D"
"21036",14.59524,105.6032,338.13,0.39,0.36,"2026-02-16",618,"N20","low","2.0NRT",309.96,2.53,"D"
"21037",14.59418,105.596,348.27,0.39,0.36,"2026-02-16",618,"N20","nominal","2.0NRT",310.62,4.79,"D"
"21038",14.79822,106.93147,341.8,0.42,0.38,"2026-02-16",618,"N20","low","2.0NRT",313.19,4.84,"D"
"21039",14.62853,105.69016,346.36,0.39,0.36,"2026-02-16",618,"N20","nominal","2.0NRT",307.96,4.17,"D"
"21040",14.61304,105.58569,337.18,0.39,0.36,"2026-02-16",618,"N20","nominal","2.0NRT",306.19,2.72,"D"
"21041",14.69942,106.14906,337.38,0.4,0.37,"2026-02-16",618,"N20","low","2.0NRT",307.48,4.92,"D"
"21042",14.31133,103.57049,331.17,0.4,0.37,"2026-02-16",618,"N20","low","2.0NRT",302.05,0.99,"D"
"21043",14.72291,106.26285,341.88,0.4,0.37,"2026-02-16",618,"N20","nominal","2.0NRT",308.02,4.79,"D"
"21044",14.72237,106.25912,339.34,0.4,0.37,"2026-02-16",618,"N20","low","2.0NRT",310.13,4.79,"D"
"21045",14.6337,105.65614,342.27,0.39,0.36,"2026-02-16",618,"N20","nominal","2.0NRT",309.98,3.43,"D"
"21046",14.31467,103.56994,348.06,0.4,0.37,"2026-02-16",618,"N20","nominal","2.0NRT",300.53,2.99,"D"
"21047",14.62912,105.5795,343.69,0.39,0.36,"2026-02-16",618,"N20","nominal","2.0NRT",308.72,4.58,"D"
"21048",14.50488,104.75417,330.34,0.38,0.36,"2026-02-16",618,"N20","low","2.0NRT",302.81,0.63,"D"
"21049",14.72869,106.23161,341.95,0.4,0.37,"2026-02-16",618,"N20","nominal","2.0NRT",309.64,4.81,"D"
"21050",14.63426,105.54559,334.03,0.39,0.36,"2026-02-16",618,"N20","nominal","2.0NRT",303.65,22.14,"D"
"21051",14.27751,103.22601,333.73,0.4,0.37,"2026-02-16",618,"N20","nominal","2.0NRT",300.25,1.99,"D"
"21052",14.66117,105.70355,339.82,0.39,0.36,"2026-02-16",618,"N20","low","2.0NRT",311.4,1.99,"D"
"21053",14.66063,105.69994,335.62,0.39,0.36,"2026-02-16",618,"N20","low","2.0NRT",310.46,1.99,"D"
"21054",14.64991,105.6278,333.89,0.39,0.36,"2026-02-16",618,"N20","low","2.0NRT",308.84,1.41,"D"
"21055",14.31923,103.46819,339.14,0.4,0.37,"2026-02-16",618,"N20","nominal","2.0NRT",301.51,2.48,"D"
"21056",14.25903,103.08788,334.27,0.41,0.37,"2026-02-16",618,"N20","nominal","2.0NRT",302.37,1.45,"D"
"21057",14.6645,105.70303,338.63,0.39,0.36,"2026-02-16",618,"N20","nominal","2.0NRT",307.92,1.99,"D"
"21058",14.66396,105.69942,341.83,0.39,0.36,"2026-02-16",618,"N20","nominal","2.0NRT",309.33,1.99,"D"
"21059",14.32717,103.49686,338.72,0.4,0.37,"2026-02-16",618,"N20","nominal","2.0NRT",301.97,2.99,"D"
"21060",14.32257,103.46764,334.89,0.4,0.37,"2026-02-16",618,"N20","nominal","2.0NRT",300.69,2.48,"D"
"21061",14.35221,103.6345,330.51,0.39,0.36,"2026-02-16",618,"N20","nominal","2.0NRT",299.72,2.44,"D"
"21062",14.29755,103.28717,354.6,0.4,0.37,"2026-02-16",618,"N20","nominal","2.0NRT",302.05,11.35,"D"
"21063",14.82595,106.75712,341.52,0.42,0.37,"2026-02-16",618,"N20","nominal","2.0NRT",311.19,5.14,"D"
"21064",14.73425,106.12863,331.79,0.4,0.37,"2026-02-16",618,"N20","low","2.0NRT",304.71,1.96,"D"
"21065",14.35554,103.63395,339.96,0.39,0.36,"2026-02-16",618,"N20","nominal","2.0NRT",301.36,2.44,"D"
"21066",14.8433,106.85283,338,0.42,0.38,"2026-02-16",618,"N20","nominal","2.0NRT",310.36,1.68,"D"
"21067",14.82883,106.75275,341.65,0.42,0.37,"2026-02-16",618,"N20","nominal","2.0NRT",311.75,3.22,"D"
"21068",14.73762,106.12811,334.16,0.4,0.37,"2026-02-16",618,"N20","nominal","2.0NRT",303.02,1.12,"D"
"21069",14.28966,103.19357,343.19,0.4,0.37,"2026-02-16",618,"N20","nominal","2.0NRT",299.91,3.01,"D"
"21070",14.8813,107.06734,337.84,0.43,0.38,"2026-02-16",618,"N20","low","2.0NRT",309.67,3.63,"D"
"21071",14.76359,106.21104,338.81,0.4,0.37,"2026-02-16",618,"N20","low","2.0NRT",308.94,7.16,"D"
"21072",14.67446,105.58714,342.15,0.39,0.36,"2026-02-16",618,"N20","nominal","2.0NRT",309.66,4.01,"D"
"21073",14.79965,106.40287,334.11,0.41,0.37,"2026-02-16",618,"N20","nominal","2.0NRT",304.1,1.67,"D"
"21074",14.73024,105.89965,343.96,0.39,0.37,"2026-02-16",618,"N20","nominal","2.0NRT",307.37,3.09,"D"
"21075",14.71745,105.81228,338.72,0.39,0.36,"2026-02-16",618,"N20","nominal","2.0NRT",304.4,1.11,"D"
"21076",14.69737,105.65248,337.25,0.39,0.36,"2026-02-16",618,"N20","low","2.0NRT",308.07,1.45,"D"
"21077",14.89666,107.01218,339.31,0.43,0.38,"2026-02-16",618,"N20","low","2.0NRT",313.11,4.66,"D"
"21078",14.89334,106.98857,337.96,0.42,0.38,"2026-02-16",618,"N20","low","2.0NRT",309.97,3.08,"D"
"21079",13.66066,99.31287,331.45,0.42,0.45,"2026-02-16",618,"N20","nominal","2.0NRT",297.1,5.32,"D"
"21080",14.90123,107.01951,342.68,0.43,0.38,"2026-02-16",618,"N20","low","2.0NRT",313,7.35,"D"
"21081",14.90068,107.01558,341.4,0.43,0.38,"2026-02-16",618,"N20","low","2.0NRT",313.28,4.66,"D"
"21082",13.66483,99.31238,354.51,0.42,0.45,"2026-02-16",618,"N20","nominal","2.0NRT",299.27,5.32,"D"
"21083",13.66405,99.30803,330.01,0.42,0.45,"2026-02-16",618,"N20","nominal","2.0NRT",298.03,5.32,"D"
"21084",14.82361,106.44907,338.17,0.41,0.37,"2026-02-16",618,"N20","nominal","2.0NRT",307.73,4.7,"D"
"21085",14.79878,106.27675,340.35,0.4,0.37,"2026-02-16",618,"N20","nominal","2.0NRT",308.15,10.57,"D"
"21086",13.66904,99.31205,354.47,0.42,0.45,"2026-02-16",618,"N20","nominal","2.0NRT",299.05,9.89,"D"
"21087",14.69254,105.52787,334.86,0.39,0.36,"2026-02-16",618,"N20","low","2.0NRT",305.97,2.31,"D"
"21088",14.41387,103.70523,345.63,0.39,0.36,"2026-02-16",618,"N20","nominal","2.0NRT",307.15,73.28,"D"
"21089",14.41719,103.70467,343.34,0.39,0.36,"2026-02-16",618,"N20","nominal","2.0NRT",296.97,4.21,"D"
"21090",14.41663,103.70106,333.96,0.39,0.36,"2026-02-16",618,"N20","nominal","2.0NRT",296.1,4.21,"D"
"21091",13.67588,99.30264,334.69,0.42,0.45,"2026-02-16",618,"N20","nominal","2.0NRT",297.46,5.54,"D"
"21092",14.80298,106.2343,350.21,0.4,0.37,"2026-02-16",618,"N20","nominal","2.0NRT",313.6,5.06,"D"
"21093",14.80245,106.23059,337.01,0.4,0.37,"2026-02-16",618,"N20","low","2.0NRT",311.59,5.06,"D"
"21094",14.79815,106.20098,355.77,0.4,0.37,"2026-02-16",618,"N20","nominal","2.0NRT",311.55,19.02,"D"
"21095",14.83285,106.4169,340.03,0.41,0.37,"2026-02-16",618,"N20","nominal","2.0NRT",309.13,5.1,"D"
"21096",14.80636,106.23377,340.63,0.4,0.37,"2026-02-16",618,"N20","low","2.0NRT",311.83,6.37,"D"
"21097",14.80044,106.19305,334.33,0.4,0.37,"2026-02-16",618,"N20","nominal","2.0NRT",303.74,2.05,"D"
"21098",14.7866,106.07438,336.36,0.4,0.37,"2026-02-16",618,"N20","nominal","2.0NRT",305.7,1.35,"D"
"21099",14.80987,106.21051,339.67,0.4,0.37,"2026-02-16",618,"N20","low","2.0NRT",310.94,2.4,"D"
"21100",14.78363,106.00716,342.24,0.4,0.37,"2026-02-16",618,"N20","nominal","2.0NRT",307.03,5.74,"D"
"21101",14.82753,106.26081,344.12,0.4,0.37,"2026-02-16",618,"N20","nominal","2.0NRT",308.2,6.81,"D"
"21102",14.8858,106.6396,332,0.41,0.37,"2026-02-16",618,"N20","nominal","2.0NRT",301.43,2.3,"D"
"21103",14.83091,106.2603,334.39,0.4,0.37,"2026-02-16",618,"N20","low","2.0NRT",308.2,3.18,"D"
"21104",14.77067,105.73351,348.78,0.39,0.36,"2026-02-16",618,"N20","nominal","2.0NRT",308.14,8.29,"D"
"21105",14.89437,106.50625,331.78,0.41,0.37,"2026-02-16",618,"N20","low","2.0NRT",305.71,81.77,"D"
"21106",14.89777,106.50574,344.85,0.41,0.37,"2026-02-16",618,"N20","nominal","2.0NRT",297.19,81.77,"D"
"21107",14.84553,106.14818,333.82,0.4,0.37,"2026-02-16",618,"N20","low","2.0NRT",305.11,3.29,"D"
"21108",14.83144,106.05235,335.13,0.4,0.37,"2026-02-16",618,"N20","low","2.0NRT",308.61,2.63,"D"
"21109",14.79056,105.75264,351.39,0.39,0.36,"2026-02-16",618,"N20","nominal","2.0NRT",308.41,8.01,"D"
"21110",14.85726,106.1577,336.83,0.4,0.37,"2026-02-16",618,"N20","nominal","2.0NRT",303.43,3.7,"D"
"21111",14.77707,105.54784,335.19,0.39,0.36,"2026-02-16",618,"N20","nominal","2.0NRT",303.63,2.75,"D"
"21112",14.8601,106.09319,333.42,0.4,0.37,"2026-02-16",618,"N20","low","2.0NRT",304.84,2.2,"D"
"21113",14.78025,105.54721,337.19,0.39,0.36,"2026-02-16",618,"N20","nominal","2.0NRT",304.11,4.26,"D"
"21114",14.8091,105.72003,337.68,0.39,0.36,"2026-02-16",618,"N20","nominal","2.0NRT",304.51,1.08,"D"
"21115",14.78796,105.55337,336.99,0.39,0.36,"2026-02-16",618,"N20","nominal","2.0NRT",306.86,3.43,"D"
"21116",13.98749,100.58662,337.18,0.52,0.42,"2026-02-16",618,"N20","nominal","2.0NRT",298.18,6.32,"D"
"21117",14.8207,105.72933,334.38,0.39,0.36,"2026-02-16",618,"N20","nominal","2.0NRT",304.23,1.08,"D"
"21118",13.81191,99.52442,332.92,0.41,0.45,"2026-02-16",618,"N20","nominal","2.0NRT",297.7,5,"D"
"21119",14.88898,106.1264,338.6,0.4,0.37,"2026-02-16",618,"N20","nominal","2.0NRT",301.08,2.96,"D"
"21120",14.88042,106.06747,333.27,0.4,0.37,"2026-02-16",618,"N20","low","2.0NRT",303.31,2.35,"D"
"21121",14.87881,106.05644,345.62,0.4,0.37,"2026-02-16",618,"N20","nominal","2.0NRT",304.29,7.25,"D"
"21122",15.01602,106.98949,331.99,0.43,0.38,"2026-02-16",618,"N20","nominal","2.0NRT",300.87,3.08,"D"
"21123",14.82985,105.58366,340.99,0.39,0.36,"2026-02-16",618,"N20","nominal","2.0NRT",307.49,4.57,"D"
"21124",14.96804,106.43351,341.37,0.41,0.37,"2026-02-16",618,"N20","nominal","2.0NRT",302.28,6.33,"D"
"21125",14.9675,106.4298,334.32,0.41,0.37,"2026-02-16",618,"N20","nominal","2.0NRT",305.64,5.34,"D"
"21126",14.97306,106.44424,334.63,0.41,0.37,"2026-02-16",618,"N20","nominal","2.0NRT",302.55,23.1,"D"
"21127",14.97197,106.4367,347.49,0.41,0.37,"2026-02-16",618,"N20","nominal","2.0NRT",307.38,25.22,"D"
"21128",14.97143,106.43296,355.02,0.41,0.37,"2026-02-16",618,"N20","nominal","2.0NRT",310.92,25.22,"D"
"21129",14.97089,106.42923,332.46,0.41,0.37,"2026-02-16",618,"N20","low","2.0NRT",305.92,7.68,"D"
"21130",14.1057,100.91392,334.99,0.5,0.41,"2026-02-16",618,"N20","nominal","2.0NRT",295.77,3.24,"D"
"21131",14.97645,106.44371,341.27,0.41,0.37,"2026-02-16",618,"N20","nominal","2.0NRT",306.31,23.1,"D"
"21132",14.97536,106.43617,344.18,0.41,0.37,"2026-02-16",618,"N20","nominal","2.0NRT",304.83,25.22,"D"
"21133",14.97482,106.43241,345.27,0.41,0.37,"2026-02-16",618,"N20","nominal","2.0NRT",311.19,25.22,"D"
"21134",14.9299,106.12385,335.6,0.4,0.37,"2026-02-16",618,"N20","nominal","2.0NRT",301.45,2.28,"D"
"21135",14.86749,105.6998,331.08,0.39,0.36,"2026-02-16",618,"N20","low","2.0NRT",305.69,1.24,"D"
"21136",14.97985,106.44317,345.97,0.41,0.37,"2026-02-16",618,"N20","nominal","2.0NRT",301.15,3.17,"D"
"21137",14.98828,106.45346,336.78,0.41,0.37,"2026-02-16",618,"N20","nominal","2.0NRT",302.04,16.55,"D"
"21138",14.99168,106.45295,348.18,0.41,0.37,"2026-02-16",618,"N20","nominal","2.0NRT",309.04,16.55,"D"
"21139",13.86551,99.39893,333.34,0.41,0.45,"2026-02-16",618,"N20","nominal","2.0NRT",298.95,2.64,"D"
"21140",13.86484,99.3951,330.17,0.41,0.45,"2026-02-16",618,"N20","nominal","2.0NRT",299.48,2.64,"D"
"21141",14.99508,106.45245,351.11,0.41,0.37,"2026-02-16",618,"N20","nominal","2.0NRT",303.68,7.27,"D"
"21142",14.9305,106.01084,340.16,0.4,0.37,"2026-02-16",618,"N20","nominal","2.0NRT",308.22,3.96,"D"
"21143",14.93386,106.01032,339.16,0.4,0.37,"2026-02-16",618,"N20","nominal","2.0NRT",304.88,3.96,"D"
"21144",14.9719,106.12866,337.65,0.4,0.37,"2026-02-16",618,"N20","nominal","2.0NRT",297.12,9.98,"D"
"21145",14.97135,106.12496,345.38,0.4,0.37,"2026-02-16",618,"N20","nominal","2.0NRT",307.19,20,"D"
"21146",14.97298,106.12443,340.87,0.4,0.37,"2026-02-16",618,"N20","nominal","2.0NRT",303.6,7.91,"D"
"21147",15.03594,106.53926,335.91,0.41,0.37,"2026-02-16",618,"N20","low","2.0NRT",306.2,5.5,"D"
"21148",15.0354,106.53548,335.02,0.41,0.37,"2026-02-16",618,"N20","nominal","2.0NRT",305.59,3.88,"D"
"21149",15.03934,106.53875,334.81,0.41,0.37,"2026-02-16",618,"N20","nominal","2.0NRT",303.85,8.57,"D"
"21150",15.0285,106.46268,343.04,0.41,0.37,"2026-02-16",618,"N20","nominal","2.0NRT",308.55,6,"D"
"21151",15.04872,106.58012,352.09,0.41,0.37,"2026-02-16",618,"N20","nominal","2.0NRT",308.12,11.96,"D"
"21152",15.05213,106.57961,346.46,0.41,0.37,"2026-02-16",618,"N20","nominal","2.0NRT",306.43,8.01,"D"
"21153",14.92396,105.6017,337.24,0.39,0.36,"2026-02-16",618,"N20","low","2.0NRT",307.55,27.22,"D"
"21154",15.06975,106.58085,337.43,0.41,0.37,"2026-02-16",618,"N20","low","2.0NRT",307.54,5.4,"D"
"21155",14.96198,105.83684,336.97,0.39,0.37,"2026-02-16",618,"N20","nominal","2.0NRT",300.77,3.25,"D"
"21156",14.92782,105.60478,336.61,0.39,0.36,"2026-02-16",618,"N20","nominal","2.0NRT",304.12,18.83,"D"
"21157",15.07371,106.58421,341.62,0.41,0.37,"2026-02-16",618,"N20","nominal","2.0NRT",307.78,8.75,"D"
"21158",15.07316,106.58035,346.99,0.41,0.37,"2026-02-16",618,"N20","nominal","2.0NRT",307.37,8.75,"D"
"21159",14.93968,105.66198,335.99,0.39,0.36,"2026-02-16",618,"N20","nominal","2.0NRT",303.8,2.48,"D"
"21160",15.14796,107.08221,336.7,0.43,0.38,"2026-02-16",618,"N20","low","2.0NRT",309.43,11.81,"D"
"21161",14.93447,105.60371,336.47,0.39,0.36,"2026-02-16",618,"N20","nominal","2.0NRT",303.37,2.81,"D"
"21162",15.12751,106.83807,339.85,0.42,0.38,"2026-02-16",618,"N20","nominal","2.0NRT",309.85,3.31,"D"
"21163",14.96193,105.65115,333.02,0.39,0.36,"2026-02-16",618,"N20","low","2.0NRT",307.38,4.36,"D"
"21164",15.06805,106.35208,334.35,0.41,0.37,"2026-02-16",618,"N20","nominal","2.0NRT",302.71,2.13,"D"
"21165",14.96634,105.65792,333.75,0.39,0.36,"2026-02-16",618,"N20","low","2.0NRT",303.99,2.93,"D"
"21166",14.86687,104.97019,342.72,0.38,0.36,"2026-02-16",618,"N20","nominal","2.0NRT",307.88,16.4,"D"
"21167",15.02975,105.99512,332.79,0.4,0.37,"2026-02-16",618,"N20","nominal","2.0NRT",300.66,3.18,"D"
"21168",15.11697,106.56969,343.61,0.41,0.37,"2026-02-16",618,"N20","nominal","2.0NRT",306.37,15.29,"D"
"21169",14.99353,105.6574,348.71,0.39,0.36,"2026-02-16",618,"N20","nominal","2.0NRT",307,7.19,"D"
"21170",15.16831,106.82777,335.65,0.42,0.38,"2026-02-16",618,"N20","low","2.0NRT",306.84,4.15,"D"
"21171",15.13285,106.583,336.53,0.41,0.37,"2026-02-16",618,"N20","low","2.0NRT",307.43,19.02,"D"
"21172",14.06385,99.82117,331.76,0.39,0.44,"2026-02-16",618,"N20","nominal","2.0NRT",299.09,2.29,"D"
"21173",15.1052,106.36941,334.31,0.41,0.37,"2026-02-16",618,"N20","nominal","2.0NRT",302.75,4.38,"D"
"21174",15.10465,106.36564,343.84,0.41,0.37,"2026-02-16",618,"N20","nominal","2.0NRT",306.48,4.38,"D"
"21175",14.6082,103.00572,335.49,0.41,0.37,"2026-02-16",618,"N20","nominal","2.0NRT",300.7,1.34,"D"
"21176",14.60977,102.99394,367,0.41,0.37,"2026-02-16",618,"N20","high","2.0NRT",302.14,17.56,"D"
"21177",14.61038,102.99768,355.62,0.41,0.37,"2026-02-16",618,"N20","low","2.0NRT",302.17,29.97,"D"
"21178",13.96556,99.09633,348.01,0.43,0.46,"2026-02-16",618,"N20","nominal","2.0NRT",300.25,20.95,"D"
"21179",13.96491,99.09272,342.23,0.43,0.46,"2026-02-16",618,"N20","nominal","2.0NRT",302.66,20.95,"D"
"21180",13.96424,99.08904,343.75,0.43,0.46,"2026-02-16",618,"N20","nominal","2.0NRT",298.96,5.94,"D"
"21181",13.96355,99.08518,333.86,0.43,0.46,"2026-02-16",618,"N20","nominal","2.0NRT",298.35,5.94,"D"
"21182",15.04586,105.64547,343.19,0.39,0.36,"2026-02-16",618,"N20","nominal","2.0NRT",307.67,3.38,"D"
"21183",13.99815,99.23006,343.02,0.42,0.45,"2026-02-16",618,"N20","nominal","2.0NRT",298.95,4.86,"D"
"21184",15.04491,105.61595,336.5,0.39,0.36,"2026-02-16",618,"N20","nominal","2.0NRT",306.46,2.86,"D"
"21185",14.00225,99.22915,342.25,0.42,0.45,"2026-02-16",618,"N20","nominal","2.0NRT",299.56,4.86,"D"
"21186",14.00634,99.22817,356.42,0.42,0.45,"2026-02-16",618,"N20","nominal","2.0NRT",299.99,11.76,"D"
"21187",14.84108,104.22166,336.48,0.39,0.36,"2026-02-16",618,"N20","nominal","2.0NRT",302,2.41,"D"
"21188",13.82608,98.20631,341.17,0.49,0.49,"2026-02-16",618,"N20","nominal","2.0NRT",298.3,8.78,"D"
"21189",14.00429,99.12065,331.79,0.43,0.46,"2026-02-16",618,"N20","nominal","2.0NRT",298.45,4.15,"D"
"21190",15.06983,105.62319,347.25,0.39,0.36,"2026-02-16",618,"N20","nominal","2.0NRT",307.18,5.34,"D"
"21191",14.00637,99.08396,337.91,0.43,0.46,"2026-02-16",618,"N20","nominal","2.0NRT",300.5,4.8,"D"
"21192",14.04676,99.28828,332.04,0.42,0.45,"2026-02-16",618,"N20","nominal","2.0NRT",299.85,3.35,"D"
"21193",14.00715,99.03976,332.59,0.43,0.46,"2026-02-16",618,"N20","nominal","2.0NRT",300.72,2.62,"D"
"21194",15.08218,105.59164,335.74,0.39,0.36,"2026-02-16",618,"N20","low","2.0NRT",307.02,3.13,"D"
"21195",15.08635,105.52811,339.01,0.39,0.36,"2026-02-16",618,"N20","nominal","2.0NRT",303.18,1.92,"D"
"21196",15.08967,105.5276,330.54,0.39,0.36,"2026-02-16",618,"N20","low","2.0NRT",303.76,1.32,"D"
"21197",14.06289,99.16153,331.93,0.42,0.46,"2026-02-16",618,"N20","nominal","2.0NRT",301.67,4.43,"D"
"21198",15.29104,106.87761,348.68,0.42,0.38,"2026-02-16",618,"N20","nominal","2.0NRT",303.64,3.99,"D"
"21199",15.29049,106.87376,335.31,0.42,0.38,"2026-02-16",618,"N20","nominal","2.0NRT",303.66,3.99,"D"
"21200",15.29796,106.87663,344.56,0.42,0.38,"2026-02-16",618,"N20","nominal","2.0NRT",304.66,6.87,"D"
"21201",15.29674,106.87691,337.85,0.42,0.38,"2026-02-16",618,"N20","nominal","2.0NRT",304.75,6.7,"D"
"21202",15.10478,105.51738,343.48,0.39,0.36,"2026-02-16",618,"N20","nominal","2.0NRT",306.95,2.98,"D"
"21203",15.1081,105.51687,348.46,0.39,0.36,"2026-02-16",618,"N20","nominal","2.0NRT",306.43,2.99,"D"
"21204",14.06466,99.1614,333.33,0.42,0.45,"2026-02-16",618,"N20","nominal","2.0NRT",302.07,3.14,"D"
"21205",15.2452,106.41341,336.19,0.41,0.37,"2026-02-16",618,"N20","nominal","2.0NRT",295.83,9.53,"D"
"21206",14.76348,103.23081,339.22,0.4,0.37,"2026-02-16",618,"N20","nominal","2.0NRT",304.29,10.73,"D"
"21207",15.25308,106.41997,338.95,0.41,0.37,"2026-02-16",618,"N20","nominal","2.0NRT",295.8,9.52,"D"
"21208",15.32699,106.81612,336.33,0.42,0.38,"2026-02-16",618,"N20","nominal","2.0NRT",304.77,1.17,"D"
"21209",15.51342,108.13297,334.93,0.48,0.4,"2026-02-16",618,"N20","nominal","2.0NRT",295.42,5.22,"D"
"21210",14.63024,102.19178,337.6,0.43,0.38,"2026-02-16",618,"N20","nominal","2.0NRT",300.47,2.37,"D"
"21211",14.20751,99.70269,333.23,0.39,0.44,"2026-02-16",618,"N20","nominal","2.0NRT",302.04,4.88,"D"
"21212",14.20688,99.69913,342.7,0.39,0.44,"2026-02-16",618,"N20","nominal","2.0NRT",302.56,8.86,"D"
"21213",14.10334,99.09049,344.39,0.43,0.46,"2026-02-16",618,"N20","nominal","2.0NRT",300.18,9.82,"D"
"21214",15.17126,105.62173,345.13,0.39,0.36,"2026-02-16",618,"N20","nominal","2.0NRT",307.39,3.2,"D"
"21215",14.131,99.22198,341.62,0.42,0.45,"2026-02-16",618,"N20","nominal","2.0NRT",302.07,8.26,"D"
"21216",14.61056,101.91827,335.48,0.44,0.39,"2026-02-16",618,"N20","nominal","2.0NRT",300.95,1.79,"D"
"21217",14.60991,101.91426,331,0.44,0.39,"2026-02-16",618,"N20","nominal","2.0NRT",300.54,1.52,"D"
"21218",14.61542,101.92583,338.56,0.44,0.39,"2026-02-16",618,"N20","nominal","2.0NRT",301.35,2.23,"D"
"21219",14.61475,101.92178,353.32,0.44,0.39,"2026-02-16",618,"N20","nominal","2.0NRT",303.92,8.62,"D"
"21220",14.6141,101.91777,356.37,0.44,0.39,"2026-02-16",618,"N20","nominal","2.0NRT",304.04,8.62,"D"
"21221",14.61277,101.90967,330.03,0.44,0.39,"2026-02-16",618,"N20","low","2.0NRT",301.57,4.57,"D"
"21222",14.61895,101.9253,332.98,0.44,0.39,"2026-02-16",618,"N20","nominal","2.0NRT",300.83,2.23,"D"
"21223",14.6183,101.92133,348.45,0.44,0.39,"2026-02-16",618,"N20","nominal","2.0NRT",303.18,8.62,"D"
"21224",14.61764,101.91732,330.91,0.44,0.39,"2026-02-16",618,"N20","low","2.0NRT",303.17,8.62,"D"
"21225",14.62183,101.92083,333.84,0.44,0.39,"2026-02-16",618,"N20","nominal","2.0NRT",300.4,3.68,"D"
"21226",14.62951,101.92354,336.65,0.44,0.39,"2026-02-16",618,"N20","nominal","2.0NRT",301.37,3.12,"D"
"21227",15.38111,106.80006,348.24,0.42,0.38,"2026-02-16",618,"N20","nominal","2.0NRT",308.01,14.59,"D"
"21228",15.37492,106.75713,339.24,0.42,0.38,"2026-02-16",618,"N20","nominal","2.0NRT",304.78,5.69,"D"
"21229",14.63367,101.92689,338.96,0.44,0.39,"2026-02-16",618,"N20","nominal","2.0NRT",301.65,3.12,"D"
"21230",15.37613,106.74111,338.01,0.42,0.38,"2026-02-16",618,"N20","nominal","2.0NRT",305.93,5.48,"D"
"21231",14.63719,101.92628,335.62,0.44,0.39,"2026-02-16",618,"N20","nominal","2.0NRT",301.32,3.54,"D"
"21232",14.63454,101.91003,330.51,0.44,0.39,"2026-02-16",618,"N20","nominal","2.0NRT",299.75,1.47,"D"
"21233",15.33738,106.45016,334.58,0.41,0.37,"2026-02-16",618,"N20","nominal","2.0NRT",301.12,5.72,"D"
"21234",15.23076,105.72401,337.58,0.39,0.36,"2026-02-16",618,"N20","nominal","2.0NRT",305.37,1.65,"D"
"21235",15.30179,106.15939,331.3,0.4,0.37,"2026-02-16",618,"N20","nominal","2.0NRT",297.78,1.72,"D"
"21236",15.2821,106.01151,331.87,0.4,0.37,"2026-02-16",618,"N20","nominal","2.0NRT",302.78,4.11,"D"
"21237",14.87947,103.27503,339.5,0.4,0.37,"2026-02-16",618,"N20","nominal","2.0NRT",297.77,1.98,"D"
"21238",15.46462,107.1246,333.89,0.43,0.38,"2026-02-16",618,"N20","nominal","2.0NRT",299.57,2.97,"D"
"21239",14.71926,102.20081,332.14,0.43,0.38,"2026-02-16",618,"N20","nominal","2.0NRT",299.58,3.6,"D"
"21240",15.42926,106.77258,337.53,0.42,0.38,"2026-02-16",618,"N20","nominal","2.0NRT",305.05,6.76,"D"
"21241",15.42871,106.76875,346.64,0.42,0.38,"2026-02-16",618,"N20","nominal","2.0NRT",306.9,6.05,"D"
"21242",15.31859,106.00237,339.16,0.4,0.37,"2026-02-16",618,"N20","nominal","2.0NRT",300.74,4.8,"D"
"21243",15.43718,106.8036,335.81,0.42,0.38,"2026-02-16",618,"N20","low","2.0NRT",305.87,2.15,"D"
"21244",15.33511,105.95074,346.11,0.4,0.37,"2026-02-16",618,"N20","nominal","2.0NRT",305.86,7.58,"D"
"21245",15.32379,105.87347,337.99,0.4,0.37,"2026-02-16",618,"N20","low","2.0NRT",308.08,3.6,"D"
"21246",15.32499,105.8583,334.3,0.4,0.37,"2026-02-16",618,"N20","low","2.0NRT",306.08,1.29,"D"
"21247",14.32769,99.55395,331.33,0.4,0.44,"2026-02-16",618,"N20","low","2.0NRT",304.32,3.41,"D"
"21248",14.92902,103.15324,348.35,0.4,0.37,"2026-02-16",618,"N20","nominal","2.0NRT",300.51,4.91,"D"
"21249",15.47536,106.75006,342.34,0.42,0.38,"2026-02-16",618,"N20","nominal","2.0NRT",307.59,3.74,"D"
"21250",14.22953,98.94469,345.03,0.43,0.46,"2026-02-16",618,"N20","nominal","2.0NRT",297.35,5.77,"D"
"21251",14.2247,98.91726,332.98,0.44,0.46,"2026-02-16",618,"N20","nominal","2.0NRT",297.96,4.52,"D"
"21252",14.22394,98.91298,336.21,0.44,0.46,"2026-02-16",618,"N20","nominal","2.0NRT",295.34,4.52,"D"
"21253",14.93179,103.14899,356.1,0.4,0.37,"2026-02-16",618,"N20","low","2.0NRT",300.79,4.91,"D"
"21254",15.48438,106.78827,334.48,0.42,0.38,"2026-02-16",618,"N20","nominal","2.0NRT",304.47,2,"D"
"21255",15.48383,106.78444,338.02,0.42,0.38,"2026-02-16",618,"N20","nominal","2.0NRT",306.3,4.21,"D"
"21256",15.47826,106.7457,335.5,0.42,0.38,"2026-02-16",618,"N20","low","2.0NRT",309.26,5.73,"D"
"21257",14.93515,103.14841,338.62,0.4,0.37,"2026-02-16",618,"N20","nominal","2.0NRT",300.53,2.04,"D"
"21258",14.31182,99.39079,337.66,0.41,0.45,"2026-02-16",618,"N20","nominal","2.0NRT",299.42,7.06,"D"
"21259",14.31589,99.39005,367,0.41,0.45,"2026-02-16",618,"N20","high","2.0NRT",303.34,7.06,"D"
"21260",15.48683,106.75629,334.24,0.42,0.38,"2026-02-16",618,"N20","low","2.0NRT",305.94,2.9,"D"
"21261",15.48627,106.7524,341.74,0.42,0.38,"2026-02-16",618,"N20","nominal","2.0NRT",306.51,2.98,"D"
"21262",15.39526,105.92603,345.31,0.4,0.37,"2026-02-16",618,"N20","nominal","2.0NRT",307.01,4.56,"D"
"21263",14.24218,98.82041,339.19,0.44,0.46,"2026-02-16",618,"N20","nominal","2.0NRT",297.12,5.72,"D"
"21264",15.52453,106.7307,336.52,0.42,0.38,"2026-02-16",618,"N20","nominal","2.0NRT",304.16,2.42,"D"
"21265",15.52797,106.73014,339.15,0.42,0.38,"2026-02-16",618,"N20","nominal","2.0NRT",305.9,3.97,"D"
"21266",15.52742,106.72626,331.79,0.42,0.38,"2026-02-16",618,"N20","low","2.0NRT",304.5,3.97,"D"
"21267",15.52688,106.72242,334.64,0.42,0.38,"2026-02-16",618,"N20","low","2.0NRT",304.69,2.6,"D"
"21268",14.40216,99.54785,331.88,0.4,0.44,"2026-02-16",618,"N20","low","2.0NRT",302.24,3.36,"D"
"21269",15.50319,106.31347,335.81,0.41,0.37,"2026-02-16",618,"N20","nominal","2.0NRT",304.86,3.56,"D"
"21270",15.05915,103.37613,337.77,0.4,0.37,"2026-02-16",618,"N20","nominal","2.0NRT",304.12,3.79,"D"
"21271",15.58466,106.78164,332.61,0.42,0.38,"2026-02-16",618,"N20","low","2.0NRT",303.86,2.69,"D"
"21272",14.40888,99.37222,331.77,0.41,0.45,"2026-02-16",618,"N20","nominal","2.0NRT",301.64,4.5,"D"
"21273",15.58812,106.7811,330.51,0.42,0.38,"2026-02-16",618,"N20","low","2.0NRT",303.57,2.69,"D"
"21274",15.5357,106.39381,336.64,0.41,0.37,"2026-02-16",618,"N20","nominal","2.0NRT",305.48,10.57,"D"
"21275",15.54247,106.41642,339.01,0.41,0.37,"2026-02-16",618,"N20","nominal","2.0NRT",305.5,2.66,"D"
"21276",15.55502,106.40314,335.68,0.41,0.37,"2026-02-16",618,"N20","low","2.0NRT",310.54,5.47,"D"
"21277",15.50778,106.04865,332.4,0.4,0.37,"2026-02-16",618,"N20","low","2.0NRT",304.4,2.51,"D"
"21278",15.61345,106.71729,342.11,0.42,0.38,"2026-02-16",618,"N20","nominal","2.0NRT",305.47,5.45,"D"
"21279",15.55185,106.28337,338.31,0.41,0.37,"2026-02-16",618,"N20","low","2.0NRT",309.87,4.11,"D"
"21280",15.54861,106.26074,338.27,0.41,0.37,"2026-02-16",618,"N20","low","2.0NRT",308.82,5.68,"D"
"21281",15.60486,106.63152,339.96,0.42,0.38,"2026-02-16",618,"N20","nominal","2.0NRT",303.51,5.87,"D"
"21282",15.51858,106.028,345.66,0.4,0.37,"2026-02-16",618,"N20","nominal","2.0NRT",305.46,4.85,"D"
"21283",15.53701,106.13183,336.28,0.4,0.37,"2026-02-16",618,"N20","nominal","2.0NRT",305.45,1.21,"D"
"21284",15.54039,106.13134,332.62,0.4,0.37,"2026-02-16",618,"N20","low","2.0NRT",305.54,1.21,"D"
"21285",15.62667,106.71116,339.43,0.42,0.38,"2026-02-16",618,"N20","nominal","2.0NRT",305.21,35.12,"D"
"21286",15.53946,106.10091,343.46,0.4,0.37,"2026-02-16",618,"N20","nominal","2.0NRT",308.99,5.53,"D"
"21287",14.86567,101.77016,337.21,0.45,0.39,"2026-02-16",618,"N20","nominal","2.0NRT",303.53,3.42,"D"
"21288",15.56883,106.28084,336.83,0.41,0.37,"2026-02-16",618,"N20","low","2.0NRT",307.67,2.49,"D"
"21289",14.83253,101.48448,338.42,0.46,0.39,"2026-02-16",618,"N20","nominal","2.0NRT",304.43,9.16,"D"
"21290",14.9926,102.38857,335.1,0.42,0.38,"2026-02-16",618,"N20","nominal","2.0NRT",299.89,7.33,"D"
"21291",14.99197,102.3847,353.53,0.42,0.38,"2026-02-16",618,"N20","nominal","2.0NRT",301.56,7.33,"D"
"21292",14.99134,102.38084,338.4,0.42,0.38,"2026-02-16",618,"N20","nominal","2.0NRT",313.25,56.6,"D"
"21293",14.99071,102.37696,347.96,0.42,0.38,"2026-02-16",618,"N20","nominal","2.0NRT",308.46,56.6,"D"
"21294",14.98246,102.32629,337.86,0.42,0.38,"2026-02-16",618,"N20","nominal","2.0NRT",302.38,4.34,"D"
"21295",14.98182,102.32237,339.68,0.42,0.38,"2026-02-16",618,"N20","nominal","2.0NRT",302.27,4.34,"D"
"21296",14.99541,102.38411,333.74,0.42,0.38,"2026-02-16",618,"N20","nominal","2.0NRT",301.51,5.91,"D"
"21297",14.99478,102.38024,335.52,0.42,0.38,"2026-02-16",618,"N20","nominal","2.0NRT",300.86,21.66,"D"
"21298",14.99415,102.37636,347.32,0.42,0.38,"2026-02-16",618,"N20","nominal","2.0NRT",307.03,21.66,"D"
"21299",14.99352,102.37249,342.78,0.42,0.38,"2026-02-16",618,"N20","nominal","2.0NRT",313.15,36.73,"D"
"21300",14.99289,102.3686,343.16,0.42,0.38,"2026-02-16",618,"N20","nominal","2.0NRT",306.65,36.73,"D"
"21301",14.99226,102.36472,334.38,0.42,0.38,"2026-02-16",618,"N20","nominal","2.0NRT",299.28,19.65,"D"
"21302",14.99822,102.37965,367,0.42,0.38,"2026-02-16",618,"N20","high","2.0NRT",302.72,21.66,"D"
"21303",15.5666,106.07397,342.51,0.4,0.37,"2026-02-16",618,"N20","nominal","2.0NRT",306.84,4.28,"D"
"21304",15.56606,106.07026,332.06,0.4,0.37,"2026-02-16",618,"N20","low","2.0NRT",304.54,2.13,"D"
"21305",14.99948,102.38739,351.45,0.42,0.38,"2026-02-16",618,"N20","nominal","2.0NRT",302.37,5.91,"D"
"21306",14.99885,102.38352,348.8,0.42,0.38,"2026-02-16",618,"N20","nominal","2.0NRT",302.86,5.91,"D"
"21307",14.99759,102.37577,341.63,0.42,0.38,"2026-02-16",618,"N20","nominal","2.0NRT",305.81,21.66,"D"
"21308",14.99633,102.368,337.28,0.42,0.38,"2026-02-16",618,"N20","nominal","2.0NRT",301.23,36.73,"D"
"21309",14.9957,102.36411,352.07,0.42,0.38,"2026-02-16",618,"N20","nominal","2.0NRT",304.91,19.65,"D"
"21310",15.5586,105.99535,335.19,0.4,0.37,"2026-02-16",618,"N20","nominal","2.0NRT",304,3.82,"D"
"21311",15.00103,102.37518,346.81,0.42,0.38,"2026-02-16",618,"N20","nominal","2.0NRT",299.24,11.74,"D"
"21312",14.99977,102.36739,336.11,0.42,0.38,"2026-02-16",618,"N20","nominal","2.0NRT",298.74,3.81,"D"
"21313",15.47002,105.34791,337.21,0.39,0.36,"2026-02-16",618,"N20","nominal","2.0NRT",305.7,2.16,"D"
"21314",15.6604,106.62706,338.95,0.42,0.38,"2026-02-16",618,"N20","nominal","2.0NRT",306.04,9.9,"D"
"21315",15.58413,106.05228,354.29,0.4,0.37,"2026-02-16",618,"N20","nominal","2.0NRT",305.73,3.79,"D"
"21316",15.58359,106.04855,335,0.4,0.37,"2026-02-16",618,"N20","low","2.0NRT",305.22,3.79,"D"
"21317",15.58751,106.05177,339.96,0.4,0.37,"2026-02-16",618,"N20","nominal","2.0NRT",304.93,4.02,"D"
"21318",15.51556,105.56287,346.64,0.39,0.36,"2026-02-16",618,"N20","nominal","2.0NRT",302.5,4.5,"D"
"21319",15.51502,105.55923,338.79,0.39,0.36,"2026-02-16",618,"N20","nominal","2.0NRT",303.89,2.33,"D"
"21320",15.51889,105.56236,340.7,0.39,0.36,"2026-02-16",618,"N20","nominal","2.0NRT",303.57,4.5,"D"
"21321",15.51835,105.55872,332.39,0.39,0.36,"2026-02-16",618,"N20","low","2.0NRT",304.36,2.33,"D"
"21322",15.61943,106.22314,339.51,0.41,0.37,"2026-02-16",618,"N20","nominal","2.0NRT",304.06,5.22,"D"
"21323",15.5801,105.95415,337.72,0.4,0.37,"2026-02-16",618,"N20","nominal","2.0NRT",307.56,1.67,"D"
"21324",15.52168,105.55821,331.82,0.39,0.36,"2026-02-16",618,"N20","low","2.0NRT",304.16,1.92,"D"
"21325",15.62282,106.22262,338.82,0.41,0.37,"2026-02-16",618,"N20","nominal","2.0NRT",304.86,5.22,"D"
"21326",15.58346,105.95364,338.01,0.4,0.37,"2026-02-16",618,"N20","nominal","2.0NRT",306.78,1.67,"D"
"21327",14.81335,101.03525,339.73,0.48,0.4,"2026-02-16",618,"N20","nominal","2.0NRT",303.58,7.66,"D"
"21328",15.61139,106.12065,336.26,0.4,0.37,"2026-02-16",618,"N20","low","2.0NRT",307.49,3.24,"D"
"21329",15.53911,105.62978,334.81,0.39,0.36,"2026-02-16",618,"N20","nominal","2.0NRT",303.08,2.97,"D"
"21330",14.81701,101.03457,350.34,0.48,0.4,"2026-02-16",618,"N20","nominal","2.0NRT",303.22,8.17,"D"
"21331",15.68686,106.59141,334.52,0.42,0.37,"2026-02-16",618,"N20","nominal","2.0NRT",303.92,1.91,"D"
"21332",15.62234,106.092,334.16,0.4,0.37,"2026-02-16",618,"N20","low","2.0NRT",307.03,2.12,"D"
"21333",15.69849,106.57774,336.66,0.42,0.37,"2026-02-16",618,"N20","nominal","2.0NRT",305.8,3.87,"D"
"21334",15.6974,106.57002,337.79,0.42,0.37,"2026-02-16",618,"N20","nominal","2.0NRT",306.79,5.44,"D"
"21335",15.62764,106.05683,339.41,0.4,0.37,"2026-02-16",618,"N20","low","2.0NRT",309.85,4.64,"D"
"21336",15.6185,105.99352,336.17,0.4,0.37,"2026-02-16",618,"N20","low","2.0NRT",311.04,3.34,"D"
"21337",15.64571,106.13435,338.77,0.4,0.37,"2026-02-16",618,"N20","nominal","2.0NRT",307.69,2.88,"D"
"21338",15.59515,105.69151,332.82,0.39,0.37,"2026-02-16",618,"N20","nominal","2.0NRT",300.95,1.34,"D"
"21339",15.72442,106.53823,332.47,0.42,0.37,"2026-02-16",618,"N20","low","2.0NRT",305.56,3.35,"D"
"21340",15.39275,104.23105,333.73,0.38,0.36,"2026-02-16",618,"N20","low","2.0NRT",305.53,2.23,"D"
"21341",15.69361,106.13092,348.07,0.4,0.37,"2026-02-16",618,"N20","nominal","2.0NRT",306.24,6.28,"D"
"21342",15.74035,106.42986,333.02,0.41,0.37,"2026-02-16",618,"N20","low","2.0NRT",305.11,2.9,"D"
"21343",15.58729,105.3842,330.91,0.39,0.36,"2026-02-16",618,"N20","low","2.0NRT",304.95,2.18,"D"
"21344",15.47561,104.61845,336.81,0.38,0.36,"2026-02-16",618,"N20","nominal","2.0NRT",302.28,3.25,"D"
"21345",15.44752,104.38985,337.77,0.38,0.36,"2026-02-16",618,"N20","nominal","2.0NRT",304.14,3.16,"D"
"21346",15.36734,103.84722,348.78,0.39,0.36,"2026-02-16",618,"N20","nominal","2.0NRT",308.5,6.18,"D"
"21347",14.5936,99.16017,330.38,0.42,0.45,"2026-02-16",618,"N20","nominal","2.0NRT",297.99,3.62,"D"
"21348",15.76908,106.50785,343.35,0.42,0.37,"2026-02-16",618,"N20","nominal","2.0NRT",305.08,3.52,"D"
"21349",15.72516,106.1338,330.71,0.4,0.37,"2026-02-16",618,"N20","low","2.0NRT",305.41,2.58,"D"
"21350",15.80052,106.62859,337.58,0.42,0.38,"2026-02-16",618,"N20","nominal","2.0NRT",302.75,12.91,"D"
"21351",15.78108,106.41991,332.69,0.41,0.37,"2026-02-16",618,"N20","low","2.0NRT",305.34,2.66,"D"
"21352",15.64239,105.39016,331.34,0.39,0.36,"2026-02-16",618,"N20","nominal","2.0NRT",301.24,3.19,"D"
"21353",15.64518,105.38602,334.13,0.39,0.36,"2026-02-16",618,"N20","nominal","2.0NRT",303.54,4.11,"D"
"21354",15.64851,105.38551,341.8,0.39,0.36,"2026-02-16",618,"N20","nominal","2.0NRT",301.52,4.11,"D"
"21355",15.64797,105.38192,340.43,0.39,0.36,"2026-02-16",618,"N20","nominal","2.0NRT",304.43,4.57,"D"
"21356",15.6513,105.38141,333.6,0.39,0.36,"2026-02-16",618,"N20","nominal","2.0NRT",302.81,1.72,"D"
"21357",15.67879,105.52162,341.14,0.39,0.36,"2026-02-16",618,"N20","nominal","2.0NRT",301.97,2.15,"D"
"21358",15.8031,106.3542,345.06,0.41,0.37,"2026-02-16",618,"N20","nominal","2.0NRT",310.07,12.03,"D"
"21359",15.68212,105.52108,330.53,0.39,0.36,"2026-02-16",618,"N20","nominal","2.0NRT",301.91,2.15,"D"
"21360",15.78138,105.96455,336,0.4,0.37,"2026-02-16",618,"N20","nominal","2.0NRT",302.95,4.88,"D"
"21361",15.73807,105.66919,335.53,0.39,0.37,"2026-02-16",618,"N20","nominal","2.0NRT",300.93,1.46,"D"
"21362",15.12723,101.68359,340.91,0.45,0.39,"2026-02-16",618,"N20","nominal","2.0NRT",304.07,2.26,"D"
"21363",15.86326,106.36059,330.45,0.41,0.37,"2026-02-16",618,"N20","low","2.0NRT",304.4,1.84,"D"
"21364",15.10307,101.4031,334.56,0.46,0.39,"2026-02-16",618,"N20","nominal","2.0NRT",303.39,2.08,"D"
"21365",15.08764,101.30944,332.9,0.47,0.39,"2026-02-16",618,"N20","low","2.0NRT",304.23,2.52,"D"
"21366",15.10134,101.40372,335.49,0.46,0.39,"2026-02-16",618,"N20","nominal","2.0NRT",303.53,2.67,"D"
"21367",15.08899,101.30954,332.59,0.47,0.39,"2026-02-16",618,"N20","nominal","2.0NRT",304.77,2.32,"D"
"21368",15.15723,101.45125,335.89,0.46,0.39,"2026-02-16",618,"N20","nominal","2.0NRT",305.37,4.44,"D"
"21369",15.10002,100.93305,339.38,0.49,0.4,"2026-02-16",618,"N20","nominal","2.0NRT",303.7,4.74,"D"
"21370",15.10369,100.93243,337.22,0.49,0.4,"2026-02-16",618,"N20","nominal","2.0NRT",302.54,4.65,"D"
"21371",14.76061,98.94569,333.07,0.43,0.46,"2026-02-16",618,"N20","nominal","2.0NRT",301.16,4.18,"D"
"21372",15.64902,104.30832,336.82,0.38,0.36,"2026-02-16",618,"N20","nominal","2.0NRT",303.51,1.71,"D"
"21373",14.76481,98.94521,341.14,0.43,0.46,"2026-02-16",618,"N20","nominal","2.0NRT",302.16,4.18,"D"
"21374",15.8469,105.48699,336.51,0.39,0.36,"2026-02-16",618,"N20","nominal","2.0NRT",305.57,1.75,"D"
"21375",15.97741,106.27637,340.72,0.41,0.37,"2026-02-16",618,"N20","nominal","2.0NRT",304.49,2.24,"D"
"21376",15.10351,100.67159,333.96,0.5,0.41,"2026-02-16",618,"N20","low","2.0NRT",304.32,2.55,"D"
"21377",15.12653,100.73841,335.94,0.5,0.41,"2026-02-16",618,"N20","nominal","2.0NRT",305.65,3.65,"D"
"21378",15.27323,101.44917,334.97,0.46,0.39,"2026-02-16",618,"N20","low","2.0NRT",306.19,3.11,"D"
"21379",15.37476,102.04075,341.84,0.43,0.38,"2026-02-16",618,"N20","nominal","2.0NRT",308.84,10.19,"D"
"21380",14.78594,98.62344,342.63,0.45,0.47,"2026-02-16",618,"N20","nominal","2.0NRT",298.24,5.23,"D"
"21381",15.92059,105.41215,336.39,0.39,0.36,"2026-02-16",618,"N20","nominal","2.0NRT",305.59,1.72,"D"
"21382",15.94047,105.43132,336.96,0.39,0.36,"2026-02-16",618,"N20","low","2.0NRT",307.24,1.53,"D"
"21383",16.06989,106.26602,336.12,0.41,0.37,"2026-02-16",618,"N20","low","2.0NRT",306.18,24.16,"D"
"21384",15.21954,100.81539,339.07,0.49,0.4,"2026-02-16",618,"N20","nominal","2.0NRT",301.07,62.84,"D"
"21385",15.22247,100.8102,333.24,0.49,0.4,"2026-02-16",618,"N20","nominal","2.0NRT",299.41,11.68,"D"
"21386",15.21772,100.81253,348.83,0.49,0.4,"2026-02-16",618,"N20","nominal","2.0NRT",305.56,78.83,"D"
"21387",15.62618,103.18165,330.84,0.4,0.37,"2026-02-16",618,"N20","low","2.0NRT",302.6,1.53,"D"
"21388",16.14605,106.52948,332.75,0.42,0.38,"2026-02-16",618,"N20","nominal","2.0NRT",303.37,3.26,"D"
"21389",16.00811,105.5247,337.34,0.39,0.36,"2026-02-16",618,"N20","nominal","2.0NRT",304.84,6.77,"D"
"21390",15.43075,101.72038,343.99,0.44,0.39,"2026-02-16",618,"N20","nominal","2.0NRT",308.72,6.88,"D"
"21391",15.43008,101.71629,341.63,0.44,0.39,"2026-02-16",618,"N20","nominal","2.0NRT",308.37,3.16,"D"
"21392",15.35392,101.12621,330.46,0.47,0.4,"2026-02-16",618,"N20","low","2.0NRT",305.22,1.99,"D"
"21393",15.11898,99.65388,332.18,0.57,0.43,"2026-02-16",618,"N20","low","2.0NRT",302.9,4.1,"D"
"21394",15.09804,99.46188,330.59,0.39,0.44,"2026-02-16",618,"N20","nominal","2.0NRT",301.99,2,"D"
"21395",15.09745,99.45849,352.29,0.39,0.44,"2026-02-16",618,"N20","nominal","2.0NRT",303.4,8.89,"D"
"21396",15.09687,99.45513,339.17,0.39,0.44,"2026-02-16",618,"N20","nominal","2.0NRT",301.66,8.89,"D"
"21397",15.09924,99.45844,347.92,0.39,0.44,"2026-02-16",618,"N20","nominal","2.0NRT",304.13,10.46,"D"
"21398",15.09864,99.45509,340.43,0.39,0.44,"2026-02-16",618,"N20","nominal","2.0NRT",302.64,10.46,"D"
"21399",15.7087,103.0165,333.8,0.4,0.37,"2026-02-16",618,"N20","nominal","2.0NRT",301.7,0.6,"D"
"21400",16.28785,106.84302,342.36,0.43,0.38,"2026-02-16",618,"N20","nominal","2.0NRT",300.32,4.51,"D"
"21401",16.17589,105.88361,330.5,0.4,0.37,"2026-02-16",618,"N20","low","2.0NRT",304.07,1.91,"D"
"21402",15.393,100.8895,337.68,0.48,0.4,"2026-02-16",618,"N20","low","2.0NRT",308.64,3.42,"D"
"21403",16.09967,105.31649,337.08,0.39,0.36,"2026-02-16",618,"N20","nominal","2.0NRT",305.11,2.45,"D"
"21404",16.10681,105.20414,330.87,0.39,0.36,"2026-02-16",618,"N20","low","2.0NRT",304.87,1.72,"D"
"21405",15.50007,101.34936,351.54,0.46,0.39,"2026-02-16",618,"N20","nominal","2.0NRT",307.48,8.74,"D"
"21406",15.39719,100.73547,338.92,0.49,0.41,"2026-02-16",618,"N20","nominal","2.0NRT",306.93,8.77,"D"
"21407",15.49811,101.31544,332.26,0.46,0.39,"2026-02-16",618,"N20","nominal","2.0NRT",301.39,3.33,"D"
"21408",15.50936,101.36099,335.4,0.46,0.39,"2026-02-16",618,"N20","low","2.0NRT",305.83,8,"D"
"21409",15.51368,101.36491,341.64,0.46,0.39,"2026-02-16",618,"N20","nominal","2.0NRT",304.07,6.64,"D"
"21410",15.51151,101.35175,356.46,0.46,0.39,"2026-02-16",618,"N20","nominal","2.0NRT",306.3,11.98,"D"
"21411",15.5108,101.3475,339.2,0.46,0.39,"2026-02-16",618,"N20","nominal","2.0NRT",306.37,11.98,"D"
"21412",16.18968,105.55612,334.9,0.39,0.37,"2026-02-16",618,"N20","low","2.0NRT",305.87,2.34,"D"
"21413",16.23994,105.83918,335.14,0.4,0.37,"2026-02-16",618,"N20","nominal","2.0NRT",303.22,1.36,"D"
"21414",16.20479,105.45599,347.79,0.39,0.36,"2026-02-16",618,"N20","nominal","2.0NRT",306.81,5.2,"D"
"21415",15.66317,101.91785,335.24,0.43,0.38,"2026-02-16",618,"N20","nominal","2.0NRT",302.33,2.05,"D"
"21416",15.61298,101.57196,338.04,0.45,0.39,"2026-02-16",618,"N20","nominal","2.0NRT",303.98,2.05,"D"
"21417",15.6123,101.56787,342.24,0.45,0.39,"2026-02-16",618,"N20","nominal","2.0NRT",306.09,4.2,"D"
"21418",15.68737,101.99963,334.96,0.43,0.38,"2026-02-16",618,"N20","nominal","2.0NRT",302.59,2.63,"D"
"21419",15.61652,101.57135,330.48,0.45,0.39,"2026-02-16",618,"N20","low","2.0NRT",303.77,2.31,"D"
"21420",15.98654,103.8305,346.14,0.39,0.36,"2026-02-16",618,"N20","nominal","2.0NRT",307.54,3.87,"D"
"21421",15.98984,103.82996,332.72,0.39,0.36,"2026-02-16",618,"N20","low","2.0NRT",306.6,3.87,"D"
"21422",15.65724,101.59795,347.05,0.45,0.39,"2026-02-16",618,"N20","nominal","2.0NRT",307.16,6.94,"D"
"21423",15.76964,102.19965,339.21,0.42,0.38,"2026-02-16",618,"N20","nominal","2.0NRT",307.31,4.59,"D"
"21424",15.6774,101.63239,334.89,0.44,0.39,"2026-02-16",618,"N20","nominal","2.0NRT",304.11,5.8,"D"
"21425",15.67673,101.62831,332.13,0.44,0.39,"2026-02-16",618,"N20","low","2.0NRT",307.05,5.8,"D"
"21426",15.67268,101.60358,334.2,0.45,0.39,"2026-02-16",618,"N20","nominal","2.0NRT",305.31,2.47,"D"
"21427",15.672,101.59945,342.24,0.45,0.39,"2026-02-16",618,"N20","nominal","2.0NRT",303.12,3.56,"D"
"21428",15.67755,101.61118,335.08,0.45,0.39,"2026-02-16",618,"N20","nominal","2.0NRT",304.47,2.4,"D"
"21429",15.8333,102.55257,336.73,0.41,0.37,"2026-02-16",618,"N20","nominal","2.0NRT",305.09,1.96,"D"
"21430",15.68511,101.63523,341.65,0.44,0.39,"2026-02-16",618,"N20","nominal","2.0NRT",305.26,2.22,"D"
"21431",15.67838,101.59414,346.28,0.45,0.39,"2026-02-16",618,"N20","nominal","2.0NRT",304.38,6.89,"D"
"21432",15.68863,101.63463,330.67,0.44,0.39,"2026-02-16",618,"N20","low","2.0NRT",305.38,2.22,"D"
"21433",15.68548,101.63546,341.87,0.44,0.39,"2026-02-16",618,"N20","nominal","2.0NRT",306.5,4.51,"D"
"21434",15.67857,101.59444,345.29,0.45,0.39,"2026-02-16",618,"N20","nominal","2.0NRT",304.67,5.89,"D"
"21435",15.73567,101.91342,334.89,0.43,0.38,"2026-02-16",618,"N20","low","2.0NRT",307.23,2.75,"D"
"21436",15.68917,101.59278,341.81,0.45,0.39,"2026-02-16",618,"N20","nominal","2.0NRT",304.08,4.69,"D"
"21437",16.05842,103.85458,338.42,0.39,0.36,"2026-02-16",618,"N20","nominal","2.0NRT",306.43,4.61,"D"
"21438",16.05786,103.851,333.28,0.39,0.36,"2026-02-16",618,"N20","low","2.0NRT",306.06,4.61,"D"
"21439",15.6927,101.59215,333.32,0.45,0.39,"2026-02-16",618,"N20","low","2.0NRT",304.74,1.82,"D"
"21440",16.06172,103.85403,334.94,0.39,0.36,"2026-02-16",618,"N20","low","2.0NRT",305.88,4.61,"D"
"21441",15.69554,101.58745,335.68,0.45,0.39,"2026-02-16",618,"N20","nominal","2.0NRT",304.16,4.67,"D"
"21442",16.3193,105.51982,330.62,0.39,0.37,"2026-02-16",618,"N20","low","2.0NRT",305.35,1.79,"D"
"21443",16.32545,105.51508,330.28,0.39,0.37,"2026-02-16",618,"N20","low","2.0NRT",302.28,2.32,"D"
"21444",16.32169,105.48941,338.21,0.39,0.36,"2026-02-16",618,"N20","nominal","2.0NRT",304.8,4.01,"D"
"21445",16.32932,105.51823,337.52,0.39,0.37,"2026-02-16",618,"N20","nominal","2.0NRT",303.56,5.28,"D"
"21446",16.32825,105.51089,332.17,0.39,0.37,"2026-02-16",618,"N20","nominal","2.0NRT",300.47,1.13,"D"
"21447",16.32503,105.48888,333.42,0.39,0.36,"2026-02-16",618,"N20","low","2.0NRT",304.01,1.59,"D"
"21448",16.33171,105.48782,343.6,0.39,0.36,"2026-02-16",618,"N20","nominal","2.0NRT",304.13,5.09,"D"
"21449",16.33828,105.50932,342.95,0.39,0.37,"2026-02-16",618,"N20","nominal","2.0NRT",304.49,4.07,"D"
"21450",16.33613,105.49464,339.01,0.39,0.36,"2026-02-16",618,"N20","nominal","2.0NRT",301.59,5.99,"D"
"21451",16.33559,105.49096,348.02,0.39,0.36,"2026-02-16",618,"N20","nominal","2.0NRT",303.57,5.99,"D"
"21452",16.33505,105.48729,346.87,0.39,0.36,"2026-02-16",618,"N20","nominal","2.0NRT",303.91,5.09,"D"
"21453",16.33893,105.49043,340.97,0.39,0.36,"2026-02-16",618,"N20","nominal","2.0NRT",302.9,2.53,"D"
"21454",16.33839,105.48676,334.7,0.39,0.36,"2026-02-16",618,"N20","nominal","2.0NRT",302.68,2.98,"D"
"21455",16.28145,105.10122,334.27,0.39,0.36,"2026-02-16",618,"N20","nominal","2.0NRT",303.86,0.82,"D"
"21456",16.34281,105.49358,330.35,0.39,0.36,"2026-02-16",618,"N20","low","2.0NRT",303.49,2.53,"D"
"21457",16.34173,105.48624,341.63,0.39,0.36,"2026-02-16",618,"N20","nominal","2.0NRT",305.85,2.98,"D"
"21458",15.85799,102.35548,336.42,0.42,0.37,"2026-02-16",618,"N20","nominal","2.0NRT",304.36,2.12,"D"
"21459",16.35714,105.52135,336.67,0.39,0.37,"2026-02-16",618,"N20","nominal","2.0NRT",301.71,4.05,"D"
"21460",16.35563,105.48781,339.55,0.39,0.36,"2026-02-16",618,"N20","nominal","2.0NRT",306.36,3.01,"D"
"21461",16.36275,105.51298,342.28,0.39,0.37,"2026-02-16",618,"N20","nominal","2.0NRT",303.65,4.22,"D"
"21462",16.35897,105.48727,339.23,0.39,0.36,"2026-02-16",618,"N20","nominal","2.0NRT",306.99,8.26,"D"
"21463",16.35843,105.48361,332.23,0.39,0.36,"2026-02-16",618,"N20","low","2.0NRT",303.69,4.91,"D"
"21464",16.37882,105.52921,332.67,0.39,0.37,"2026-02-16",618,"N20","low","2.0NRT",304.79,2.13,"D"
"21465",15.71762,101.25962,345.87,0.46,0.39,"2026-02-16",618,"N20","nominal","2.0NRT",305.4,9.67,"D"
"21466",15.72121,101.25905,347.69,0.46,0.39,"2026-02-16",618,"N20","nominal","2.0NRT",304.05,9.67,"D"
"21467",15.7248,101.25851,344.73,0.46,0.39,"2026-02-16",618,"N20","nominal","2.0NRT",304.74,12.16,"D"
"21468",15.72839,101.25793,347.36,0.46,0.39,"2026-02-16",618,"N20","nominal","2.0NRT",303.29,12.16,"D"
"21469",16.03159,102.86553,341.5,0.4,0.37,"2026-02-16",618,"N20","nominal","2.0NRT",307.2,6.19,"D"
"21470",15.86898,101.84534,330.67,0.43,0.38,"2026-02-16",618,"N20","low","2.0NRT",305.03,1.79,"D"
"21471",16.40809,105.26987,342.81,0.39,0.36,"2026-02-16",618,"N20","nominal","2.0NRT",304.97,4.71,"D"
"21472",15.87578,101.86478,336.94,0.43,0.38,"2026-02-16",618,"N20","low","2.0NRT",307.61,2.13,"D"
"21473",15.87247,101.84476,337.9,0.43,0.38,"2026-02-16",618,"N20","nominal","2.0NRT",306.87,4.75,"D"
"21474",15.8718,101.84073,332.89,0.43,0.38,"2026-02-16",618,"N20","low","2.0NRT",304.52,1.25,"D"
"21475",15.84772,101.69545,344.23,0.44,0.38,"2026-02-16",618,"N20","nominal","2.0NRT",306.02,5.53,"D"
"21476",16.42915,105.38972,344.84,0.39,0.36,"2026-02-16",618,"N20","nominal","2.0NRT",303.46,4.61,"D"
"21477",15.85123,101.69486,333.58,0.44,0.38,"2026-02-16",618,"N20","low","2.0NRT",307.45,5.53,"D"
"21478",15.85407,101.69024,342.74,0.44,0.38,"2026-02-16",618,"N20","nominal","2.0NRT",305.79,3.72,"D"
"21479",15.85758,101.68965,336.06,0.44,0.38,"2026-02-16",618,"N20","nominal","2.0NRT",302.45,3.72,"D"
"21480",15.8569,101.68557,353.32,0.44,0.38,"2026-02-16",618,"N20","nominal","2.0NRT",303.68,7.62,"D"
"21481",15.89225,101.72511,336.34,0.44,0.38,"2026-02-16",618,"N20","nominal","2.0NRT",306.11,2.42,"D"
"21482",15.89574,101.72448,334.51,0.44,0.38,"2026-02-16",618,"N20","nominal","2.0NRT",303.67,1.48,"D"
"21483",15.94137,101.96009,336.5,0.43,0.38,"2026-02-16",618,"N20","nominal","2.0NRT",303.5,7.55,"D"
"21484",15.94074,101.95621,356.45,0.43,0.38,"2026-02-16",618,"N20","nominal","2.0NRT",307.51,7.55,"D"
"21485",15.9401,101.95231,349.67,0.43,0.38,"2026-02-16",618,"N20","nominal","2.0NRT",305.24,14.92,"D"
"21486",16.40622,104.91479,335.71,0.39,0.36,"2026-02-16",618,"N20","nominal","2.0NRT",302.38,1.86,"D"
"21487",15.94485,101.95958,343.26,0.43,0.38,"2026-02-16",618,"N20","nominal","2.0NRT",304.9,7.55,"D"
"21488",15.94422,101.95571,336.45,0.43,0.38,"2026-02-16",618,"N20","nominal","2.0NRT",306.58,7.55,"D"
"21489",15.94833,101.95908,338.1,0.43,0.38,"2026-02-16",618,"N20","nominal","2.0NRT",304.89,4.63,"D"
"21490",15.9477,101.95521,335.19,0.43,0.38,"2026-02-16",618,"N20","nominal","2.0NRT",303.53,4.63,"D"
"21491",15.94706,101.95129,352.36,0.43,0.38,"2026-02-16",618,"N20","nominal","2.0NRT",309.02,28.67,"D"
"21492",15.95117,101.9547,367,0.43,0.38,"2026-02-16",618,"N20","high","2.0NRT",305.02,4.63,"D"
"21493",15.9518,101.95856,331.67,0.43,0.38,"2026-02-16",618,"N20","nominal","2.0NRT",301.63,4.63,"D"
"21494",16.64526,106.32788,339.94,0.42,0.37,"2026-02-16",618,"N20","nominal","2.0NRT",300.05,4.14,"D"
"21495",15.7737,100.7663,334.66,0.49,0.4,"2026-02-16",618,"N20","low","2.0NRT",308.72,2.04,"D"
"21496",16.01885,102.20108,342.81,0.42,0.38,"2026-02-16",618,"N20","nominal","2.0NRT",306.53,13.57,"D"
"21497",16.44399,104.89388,334.59,0.39,0.36,"2026-02-16",618,"N20","nominal","2.0NRT",301.42,1.58,"D"
"21498",15.93492,101.67272,346.29,0.44,0.38,"2026-02-16",618,"N20","nominal","2.0NRT",307.63,5.73,"D"
"21499",15.93424,101.66868,335.59,0.44,0.38,"2026-02-16",618,"N20","low","2.0NRT",307.14,5.73,"D"
"21500",15.93843,101.67215,353.01,0.44,0.38,"2026-02-16",618,"N20","nominal","2.0NRT",312.42,25.76,"D"
"21501",15.93775,101.66811,339.88,0.44,0.38,"2026-02-16",618,"N20","nominal","2.0NRT",313.78,25.76,"D"
"21502",16.44793,104.87483,337,0.39,0.36,"2026-02-16",618,"N20","nominal","2.0NRT",303.97,2.37,"D"
"21503",16.571,105.68795,332,0.4,0.37,"2026-02-16",618,"N20","nominal","2.0NRT",299.79,3.4,"D"
"21504",16.57232,105.64975,333.4,0.4,0.37,"2026-02-16",618,"N20","low","2.0NRT",306.38,2.17,"D"
"21505",16.58305,105.62912,335.16,0.4,0.37,"2026-02-16",618,"N20","nominal","2.0NRT",303.05,2.8,"D"
"21506",16.55304,105.37762,342.73,0.39,0.36,"2026-02-16",618,"N20","nominal","2.0NRT",307.22,3.7,"D"
"21507",16.5525,105.37396,337.74,0.39,0.36,"2026-02-16",618,"N20","nominal","2.0NRT",306.28,3.7,"D"
"21508",16.50625,104.90231,334.7,0.39,0.36,"2026-02-16",618,"N20","nominal","2.0NRT",300.83,1.47,"D"
"21509",16.59335,105.44257,338.81,0.39,0.36,"2026-02-16",618,"N20","nominal","2.0NRT",305.78,2.57,"D"
"21510",16.59281,105.4389,335.08,0.39,0.36,"2026-02-16",618,"N20","low","2.0NRT",305.81,4.14,"D"
"21511",16.59669,105.44205,336.07,0.39,0.36,"2026-02-16",618,"N20","nominal","2.0NRT",303.99,1.99,"D"
"21512",16.59615,105.43838,344.16,0.39,0.36,"2026-02-16",618,"N20","nominal","2.0NRT",308.08,4.09,"D"
"21513",16.59561,105.4347,336.62,0.39,0.36,"2026-02-16",618,"N20","low","2.0NRT",306.87,4.09,"D"
"21514",16.55257,105.07599,335.32,0.39,0.36,"2026-02-16",618,"N20","nominal","2.0NRT",304.5,2.22,"D"
"21515",16.7103,106.12099,330.18,0.41,0.37,"2026-02-16",618,"N20","nominal","2.0NRT",300.17,2.22,"D"
"21516",16.6729,105.69077,333.01,0.4,0.37,"2026-02-16",618,"N20","nominal","2.0NRT",300.79,2.05,"D"
"21517",16.37541,103.68678,334.42,0.39,0.36,"2026-02-16",618,"N20","nominal","2.0NRT",301.71,2.4,"D"
"21518",16.25091,102.78972,339.87,0.4,0.37,"2026-02-16",618,"N20","nominal","2.0NRT",307.55,4.37,"D"
"21519",16.45003,103.9282,337.64,0.39,0.36,"2026-02-16",618,"N20","nominal","2.0NRT",306.91,2.88,"D"
"21520",15.42182,97.80909,331.18,0.49,0.49,"2026-02-16",618,"N20","nominal","2.0NRT",301.08,3.04,"D"
"21521",16.28907,102.79077,330.76,0.4,0.37,"2026-02-16",618,"N20","low","2.0NRT",305.04,4.49,"D"
"21522",15.44469,97.80923,331.39,0.49,0.49,"2026-02-16",618,"N20","nominal","2.0NRT",300.68,2.14,"D"
"21523",16.00012,100.97299,338.68,0.47,0.4,"2026-02-16",618,"N20","nominal","2.0NRT",307.64,1.78,"D"
"21524",16.83452,106.20801,341.14,0.41,0.37,"2026-02-16",618,"N20","nominal","2.0NRT",303.5,31.32,"D"
"21525",15.44442,97.81139,334.3,0.49,0.49,"2026-02-16",618,"N20","nominal","2.0NRT",300.8,4.58,"D"
"21526",16.66116,104.93965,333.17,0.39,0.36,"2026-02-16",618,"N20","nominal","2.0NRT",302.92,2,"D"
"21527",16.73417,105.41257,337.02,0.39,0.36,"2026-02-16",618,"N20","nominal","2.0NRT",304.47,1.76,"D"
"21528",15.5959,98.47881,330.11,0.44,0.46,"2026-02-16",618,"N20","low","2.0NRT",300.51,5.57,"D"
"21529",16.43336,103.33974,340.56,0.39,0.36,"2026-02-16",618,"N20","nominal","2.0NRT",306.87,5.24,"D"
"21530",16.27176,102.30856,337.18,0.41,0.37,"2026-02-16",618,"N20","nominal","2.0NRT",306.69,1.05,"D"
"21531",16.27517,102.30797,336.96,0.41,0.37,"2026-02-16",618,"N20","nominal","2.0NRT",306.92,4,"D"
"21532",16.74745,105.31664,339.98,0.39,0.36,"2026-02-16",618,"N20","nominal","2.0NRT",306.94,2.53,"D"
"21533",16.74691,105.31298,332.47,0.39,0.36,"2026-02-16",618,"N20","low","2.0NRT",305.91,2.53,"D"
"21534",16.75025,105.31245,339.62,0.39,0.36,"2026-02-16",618,"N20","nominal","2.0NRT",304.82,2.53,"D"
"21535",16.68216,104.78503,337.05,0.39,0.36,"2026-02-16",618,"N20","nominal","2.0NRT",304.04,1.62,"D"
"21536",16.4016,102.81374,332.7,0.4,0.37,"2026-02-16",618,"N20","low","2.0NRT",304.37,1.59,"D"
"21537",16.41226,102.81572,335.02,0.4,0.37,"2026-02-16",618,"N20","low","2.0NRT",305.57,1.63,"D"
"21538",16.42091,102.84856,334.71,0.4,0.37,"2026-02-16",618,"N20","low","2.0NRT",304.79,2.37,"D"
"21539",15.69896,98.54424,349.34,0.44,0.46,"2026-02-16",618,"N20","nominal","2.0NRT",303.21,7.34,"D"
"21540",16.70499,104.55219,330.1,0.38,0.36,"2026-02-16",618,"N20","low","2.0NRT",304.08,2.12,"D"
"21541",16.44218,102.84026,337.5,0.4,0.37,"2026-02-16",618,"N20","nominal","2.0NRT",304.15,2.31,"D"
"21542",15.69934,98.54356,349.93,0.44,0.46,"2026-02-16",618,"N20","nominal","2.0NRT",303.31,7.56,"D"
"21543",16.68634,104.29491,333.07,0.38,0.36,"2026-02-16",618,"N20","nominal","2.0NRT",302.55,2.11,"D"
"21544",16.68964,104.29437,340.1,0.38,0.36,"2026-02-16",618,"N20","nominal","2.0NRT",304.67,4.72,"D"
"21545",16.11492,100.74032,334.36,0.48,0.4,"2026-02-16",618,"N20","nominal","2.0NRT",303.05,3.24,"D"
"21546",16.5955,103.65996,340.35,0.39,0.36,"2026-02-16",618,"N20","nominal","2.0NRT",308.99,3.21,"D"
"21547",16.70411,104.14536,335.99,0.38,0.36,"2026-02-16",618,"N20","nominal","2.0NRT",305.11,2.15,"D"
"21548",16.19004,100.91802,335.26,0.47,0.4,"2026-02-16",618,"N20","low","2.0NRT",306.63,7.75,"D"
"21549",16.18857,100.90926,344.62,0.47,0.4,"2026-02-16",618,"N20","nominal","2.0NRT",308.26,4.7,"D"
"21550",16.18783,100.90485,342.03,0.47,0.4,"2026-02-16",618,"N20","nominal","2.0NRT",308.54,4.7,"D"
"21551",16.19145,100.9042,334.14,0.47,0.4,"2026-02-16",618,"N20","low","2.0NRT",307.03,4.7,"D"
"21552",16.19581,100.908,334.31,0.47,0.4,"2026-02-16",618,"N20","low","2.0NRT",307.83,2.51,"D"
"21553",16.89871,105.32922,336.15,0.39,0.36,"2026-02-16",618,"N20","nominal","2.0NRT",302.55,2,"D"
"21554",16.72553,104.15284,334.04,0.38,0.36,"2026-02-16",618,"N20","low","2.0NRT",304.8,2.23,"D"
"21555",16.568,103.11393,339,0.39,0.36,"2026-02-16",618,"N20","nominal","2.0NRT",308.09,2.52,"D"
"21556",16.8292,104.79343,347.01,0.39,0.36,"2026-02-16",618,"N20","nominal","2.0NRT",307.66,12.96,"D"
"21557",16.82866,104.78982,342.24,0.39,0.36,"2026-02-16",618,"N20","nominal","2.0NRT",308.34,16,"D"
"21558",16.74739,104.25191,333.54,0.38,0.36,"2026-02-16",618,"N20","low","2.0NRT",303.91,1.48,"D"
"21559",16.83143,104.78569,336.95,0.39,0.36,"2026-02-16",618,"N20","nominal","2.0NRT",304.99,5.44,"D"
"21560",16.83089,104.78209,353.73,0.39,0.36,"2026-02-16",618,"N20","nominal","2.0NRT",312.51,32.6,"D"
"21561",16.50039,102.64256,333.26,0.4,0.37,"2026-02-16",618,"N20","low","2.0NRT",304.7,1.38,"D"
"21562",16.38317,101.91235,336.5,0.43,0.38,"2026-02-16",618,"N20","nominal","2.0NRT",305.38,3.56,"D"
"21563",16.87793,105.05212,338.9,0.39,0.36,"2026-02-16",618,"N20","nominal","2.0NRT",306.92,7.88,"D"
"21564",16.38497,101.90881,337.52,0.43,0.38,"2026-02-16",618,"N20","nominal","2.0NRT",304.39,2.45,"D"
"21565",16.89784,105.16447,342.46,0.39,0.36,"2026-02-16",618,"N20","nominal","2.0NRT",304.26,19.72,"D"
"21566",16.52379,102.73475,334.63,0.4,0.37,"2026-02-16",618,"N20","nominal","2.0NRT",304.49,1.95,"D"
"21567",16.72449,103.89968,331.43,0.38,0.36,"2026-02-16",618,"N20","low","2.0NRT",305.44,1.07,"D"
"21568",16.76347,104.13175,337.92,0.38,0.36,"2026-02-16",618,"N20","nominal","2.0NRT",303.89,3.46,"D"
"21569",16.76293,104.12818,341.19,0.38,0.36,"2026-02-16",618,"N20","nominal","2.0NRT",304.62,3.46,"D"
"21570",16.76677,104.13121,332.42,0.38,0.36,"2026-02-16",618,"N20","low","2.0NRT",303.83,4.66,"D"
"21571",16.96231,105.37183,337.49,0.39,0.37,"2026-02-16",618,"N20","nominal","2.0NRT",301.89,3.26,"D"
"21572",16.80662,104.32635,342.04,0.38,0.36,"2026-02-16",618,"N20","nominal","2.0NRT",301.95,3.27,"D"
"21573",16.94745,105.22392,336.81,0.39,0.36,"2026-02-16",618,"N20","nominal","2.0NRT",303.5,19.15,"D"
"21574",16.97563,105.25314,333.63,0.39,0.36,"2026-02-16",618,"N20","low","2.0NRT",305.97,4.05,"D"
"21575",16.95845,105.11376,332.97,0.39,0.36,"2026-02-16",618,"N20","low","2.0NRT",303.46,1.67,"D"
"21576",17.06173,105.77144,344.67,0.4,0.37,"2026-02-16",618,"N20","nominal","2.0NRT",302.31,5.1,"D"
"21577",17.06583,105.72846,337.59,0.4,0.37,"2026-02-16",618,"N20","nominal","2.0NRT",301.74,8.35,"D"
"21578",16.62851,102.78556,337.1,0.4,0.37,"2026-02-16",618,"N20","nominal","2.0NRT",306.04,1.65,"D"
"21579",16.6348,102.80356,339.45,0.4,0.37,"2026-02-16",618,"N20","nominal","2.0NRT",307.5,11.51,"D"
"21580",16.87581,104.33703,330.38,0.38,0.36,"2026-02-16",618,"N20","low","2.0NRT",304.69,2.19,"D"
"21581",16.63816,102.80298,336.81,0.4,0.37,"2026-02-16",618,"N20","nominal","2.0NRT",303.88,11.51,"D"
"21582",16.80891,103.87428,337.1,0.38,0.36,"2026-02-16",618,"N20","nominal","2.0NRT",302.31,4.98,"D"
"21583",16.83202,104.00257,336.32,0.38,0.36,"2026-02-16",618,"N20","nominal","2.0NRT",306.14,3.19,"D"
"21584",16.83147,103.99899,343.3,0.38,0.36,"2026-02-16",618,"N20","nominal","2.0NRT",305.83,3.19,"D"
"21585",16.83092,103.99542,352.45,0.38,0.36,"2026-02-16",618,"N20","nominal","2.0NRT",305.66,6.5,"D"
"21586",16.64948,102.79704,343.32,0.4,0.37,"2026-02-16",618,"N20","nominal","2.0NRT",307.26,4.79,"D"
"21587",16.95211,104.70661,335.26,0.39,0.36,"2026-02-16",618,"N20","nominal","2.0NRT",302.89,2.34,"D"
"21588",16.95157,104.703,335.32,0.39,0.36,"2026-02-16",618,"N20","nominal","2.0NRT",303.85,4.8,"D"
"21589",17.0877,105.58312,339.76,0.4,0.37,"2026-02-16",618,"N20","nominal","2.0NRT",305.85,4.75,"D"
"21590",17.08716,105.57938,346.43,0.4,0.37,"2026-02-16",618,"N20","nominal","2.0NRT",305.88,5.4,"D"
"21591",17.02026,105.05134,351.71,0.39,0.36,"2026-02-16",618,"N20","nominal","2.0NRT",306.88,9.07,"D"
"21592",17.02412,105.05445,349.36,0.39,0.36,"2026-02-16",618,"N20","nominal","2.0NRT",306.65,9.07,"D"
"21593",17.02358,105.05082,351.3,0.39,0.36,"2026-02-16",618,"N20","nominal","2.0NRT",307.91,9.07,"D"
"21594",17.02798,105.05756,343.63,0.39,0.36,"2026-02-16",618,"N20","nominal","2.0NRT",306.6,17.98,"D"
"21595",16.39866,101.06136,331.4,0.46,0.39,"2026-02-16",618,"N20","low","2.0NRT",305.55,2.59,"D"
"21596",16.66611,102.66409,346.09,0.4,0.37,"2026-02-16",618,"N20","nominal","2.0NRT",310.29,20.9,"D"
"21597",16.58964,102.12606,343.19,0.42,0.37,"2026-02-16",618,"N20","nominal","2.0NRT",304.75,9.59,"D"
"21598",17.1487,105.7191,346.82,0.4,0.37,"2026-02-16",618,"N20","nominal","2.0NRT",306.65,36.27,"D"
"21599",17.11013,105.45409,341.77,0.4,0.37,"2026-02-16",618,"N20","nominal","2.0NRT",303.24,2.87,"D"
"21600",17.15207,105.71857,338.62,0.4,0.37,"2026-02-16",618,"N20","nominal","2.0NRT",300.59,7.34,"D"
"21601",17.07291,105.17743,332.88,0.39,0.36,"2026-02-16",618,"N20","nominal","2.0NRT",301.66,1.62,"D"
"21602",16.78416,103.2792,334.81,0.39,0.36,"2026-02-16",618,"N20","low","2.0NRT",305.48,0.85,"D"
"21603",16.79402,103.2551,342.02,0.39,0.36,"2026-02-16",618,"N20","nominal","2.0NRT",307.62,12.32,"D"
"21604",16.75147,102.98448,338.42,0.4,0.37,"2026-02-16",618,"N20","nominal","2.0NRT",307.77,4.36,"D"
"21605",16.79734,103.25454,344.46,0.39,0.36,"2026-02-16",618,"N20","nominal","2.0NRT",309.12,12.32,"D"
"21606",16.75539,102.98759,348.07,0.4,0.37,"2026-02-16",618,"N20","nominal","2.0NRT",309.23,6.08,"D"
"21607",16.89078,103.83492,332.02,0.38,0.36,"2026-02-16",618,"N20","low","2.0NRT",302.56,3.97,"D"
"21608",16.92213,103.99502,335.8,0.38,0.36,"2026-02-16",618,"N20","low","2.0NRT",306.05,3.33,"D"
"21609",16.58333,101.72742,330.65,0.43,0.38,"2026-02-16",618,"N20","low","2.0NRT",304.31,2.43,"D"
"21610",16.77194,102.85987,337.56,0.4,0.37,"2026-02-16",618,"N20","nominal","2.0NRT",306.56,5,"D"
"21611",16.96553,104.07576,332.96,0.38,0.36,"2026-02-16",618,"N20","low","2.0NRT",303.21,2.29,"D"
"21612",16.60346,101.74101,336.48,0.43,0.38,"2026-02-16",618,"N20","nominal","2.0NRT",305.34,3.29,"D"
"21613",17.00273,104.23119,337.92,0.38,0.36,"2026-02-16",618,"N20","nominal","2.0NRT",304.75,3.29,"D"
"21614",17.12711,104.99325,332.02,0.39,0.36,"2026-02-16",618,"N20","low","2.0NRT",302.12,2.84,"D"
"21615",17.12658,104.98961,340.31,0.39,0.36,"2026-02-16",618,"N20","nominal","2.0NRT",304.25,2.84,"D"
"21616",16.95564,103.85703,335.69,0.38,0.36,"2026-02-16",618,"N20","nominal","2.0NRT",303.85,2.19,"D"
"21617",16.81204,102.91753,338.71,0.4,0.37,"2026-02-16",618,"N20","nominal","2.0NRT",305.6,1.9,"D"
"21618",16.81598,102.92069,349.07,0.4,0.37,"2026-02-16",618,"N20","nominal","2.0NRT",309.21,13.44,"D"
"21619",16.96553,103.85538,346.31,0.38,0.36,"2026-02-16",618,"N20","nominal","2.0NRT",305.97,8.31,"D"
"21620",16.81932,102.92015,338.34,0.4,0.37,"2026-02-16",618,"N20","nominal","2.0NRT",305.7,13.44,"D"
"21621",16.96883,103.85483,343.5,0.38,0.36,"2026-02-16",618,"N20","nominal","2.0NRT",305.02,2.58,"D"
"21622",16.82646,102.83531,342.93,0.4,0.37,"2026-02-16",618,"N20","nominal","2.0NRT",306.88,2.24,"D"
"21623",16.90564,103.25101,335.97,0.39,0.36,"2026-02-16",618,"N20","low","2.0NRT",306.28,4.49,"D"
"21624",16.90508,103.24738,335.72,0.39,0.36,"2026-02-16",618,"N20","low","2.0NRT",309.07,4.49,"D"
"21625",16.96184,103.56837,344.05,0.39,0.36,"2026-02-16",618,"N20","nominal","2.0NRT",307.37,3.49,"D"
"21626",16.97904,103.63569,351.32,0.39,0.36,"2026-02-16",620,"N20","nominal","2.0NRT",311.57,7.13,"D"
"21627",16.67616,101.72732,333.99,0.43,0.38,"2026-02-16",620,"N20","nominal","2.0NRT",302.7,3.01,"D"
"21628",16.67554,101.72355,339.23,0.43,0.38,"2026-02-16",620,"N20","nominal","2.0NRT",303.22,3.01,"D"
"21629",16.98401,103.64593,335.92,0.39,0.36,"2026-02-16",620,"N20","low","2.0NRT",308.58,2.88,"D"
"21630",16.9829,103.63873,341.39,0.39,0.36,"2026-02-16",620,"N20","low","2.0NRT",311.61,3.36,"D"
"21631",16.98234,103.63514,338.73,0.39,0.36,"2026-02-16",620,"N20","low","2.0NRT",312.34,3.36,"D"
"21632",17.03918,103.98282,340.59,0.38,0.36,"2026-02-16",620,"N20","nominal","2.0NRT",306.31,2.97,"D"
"21633",16.98731,103.64538,337.5,0.39,0.36,"2026-02-16",620,"N20","low","2.0NRT",308.39,2.88,"D"
"21634",16.98676,103.64178,339.72,0.39,0.36,"2026-02-16",620,"N20","low","2.0NRT",311.79,2.88,"D"
"21635",16.6812,101.71452,343.29,0.43,0.38,"2026-02-16",620,"N20","nominal","2.0NRT",306.07,3.77,"D"
"21636",16.68293,101.71465,335.8,0.43,0.38,"2026-02-16",620,"N20","nominal","2.0NRT",303.57,4.36,"D"
"21637",16.68227,101.71072,334.04,0.43,0.38,"2026-02-16",620,"N20","low","2.0NRT",305.51,4.3,"D"
"21638",17.18222,104.83911,337.64,0.39,0.36,"2026-02-16",620,"N20","low","2.0NRT",309.33,3.52,"D"
"21639",17.18884,104.83804,334.19,0.39,0.36,"2026-02-16",620,"N20","low","2.0NRT",307.44,3.72,"D"
"21640",17.19162,104.83389,340.08,0.39,0.36,"2026-02-16",620,"N20","nominal","2.0NRT",307.63,4.81,"D"
"21641",16.7683,102.12327,338.44,0.42,0.37,"2026-02-16",620,"N20","nominal","2.0NRT",307.29,2.79,"D"
"21642",16.76766,102.11941,335.65,0.42,0.37,"2026-02-16",620,"N20","low","2.0NRT",308.67,2.79,"D"
"21643",16.77513,102.12206,336.45,0.42,0.37,"2026-02-16",620,"N20","low","2.0NRT",308.08,2.78,"D"
"21644",17.26125,105.23734,332.95,0.39,0.36,"2026-02-16",620,"N20","low","2.0NRT",304.04,1.32,"D"
"21645",17.15436,104.42635,333.74,0.38,0.36,"2026-02-16",620,"N20","low","2.0NRT",307.57,1.81,"D"
"21646",17.08462,103.96751,335.59,0.38,0.36,"2026-02-16",620,"N20","low","2.0NRT",308.43,3.32,"D"
"21647",16.02018,97.70963,337.93,0.49,0.48,"2026-02-16",620,"N20","nominal","2.0NRT",305.23,5.21,"D"
"21648",16.233,98.84428,333.91,0.41,0.45,"2026-02-16",620,"N20","low","2.0NRT",305.64,3.26,"D"
"21649",16.23232,98.84052,330.43,0.41,0.45,"2026-02-16",620,"N20","low","2.0NRT",303.09,2.72,"D"
"21650",16.72425,101.66228,339.39,0.43,0.38,"2026-02-16",620,"N20","nominal","2.0NRT",303.66,3.9,"D"
"21651",16.75718,101.84046,346.09,0.43,0.38,"2026-02-16",620,"N20","nominal","2.0NRT",306.15,5.52,"D"
"21652",16.72777,101.66196,335.46,0.43,0.38,"2026-02-16",620,"N20","nominal","2.0NRT",304.29,8.06,"D"
"21653",16.23274,98.79614,354.01,0.41,0.45,"2026-02-16",620,"N20","nominal","2.0NRT",307.34,15.07,"D"
"21654",16.92635,102.8446,345.18,0.4,0.37,"2026-02-16",620,"N20","nominal","2.0NRT",306.01,4.58,"D"
"21655",17.26006,104.9977,340.82,0.39,0.36,"2026-02-16",620,"N20","nominal","2.0NRT",306.19,4.59,"D"
"21656",17.12903,104.12547,338.32,0.38,0.36,"2026-02-16",620,"N20","nominal","2.0NRT",305.63,1.89,"D"
"21657",17.05795,103.64067,330.69,0.39,0.36,"2026-02-16",620,"N20","low","2.0NRT",302.19,1.83,"D"
"21658",16.72013,101.44159,332.47,0.44,0.38,"2026-02-16",620,"N20","nominal","2.0NRT",299.4,6.48,"D"
"21659",17.06889,103.60182,345.49,0.39,0.36,"2026-02-16",620,"N20","nominal","2.0NRT",305.73,4.97,"D"
"21660",17.05939,103.54049,337.82,0.39,0.36,"2026-02-16",620,"N20","nominal","2.0NRT",307.56,6.03,"D"
"21661",17.07275,103.60487,340.51,0.39,0.36,"2026-02-16",620,"N20","nominal","2.0NRT",307.75,15.09,"D"
"21662",17.07163,103.59765,331.8,0.39,0.36,"2026-02-16",620,"N20","low","2.0NRT",306.28,5.25,"D"
"21663",17.0627,103.53993,347.48,0.39,0.36,"2026-02-16",620,"N20","nominal","2.0NRT",304.42,5.2,"D"
"21664",17.06214,103.53632,342.37,0.39,0.36,"2026-02-16",620,"N20","nominal","2.0NRT",306.12,2.95,"D"
"21665",16.12125,97.93977,338.48,0.47,0.48,"2026-02-16",620,"N20","nominal","2.0NRT",302.44,3.08,"D"
"21666",17.07605,103.60432,343.67,0.39,0.36,"2026-02-16",620,"N20","nominal","2.0NRT",312.38,15.09,"D"
"21667",16.26731,98.72926,335.33,0.42,0.45,"2026-02-16",620,"N20","nominal","2.0NRT",301.74,4.35,"D"
"21668",17.07317,103.54189,336.8,0.39,0.36,"2026-02-16",620,"N20","nominal","2.0NRT",305.62,3.1,"D"
"21669",17.07648,103.54133,344.98,0.39,0.36,"2026-02-16",620,"N20","nominal","2.0NRT",305.19,3.86,"D"
"21670",16.38428,99.30096,334.69,0.57,0.43,"2026-02-16",620,"N20","low","2.0NRT",305.04,5.64,"D"
"21671",16.79874,101.7551,330.64,0.43,0.38,"2026-02-16",620,"N20","low","2.0NRT",304.98,1.97,"D"
"21672",17.27329,104.69775,354.21,0.39,0.36,"2026-02-16",620,"N20","nominal","2.0NRT",306.78,6.12,"D"
"21673",16.38373,99.30376,341.94,0.57,0.43,"2026-02-16",620,"N20","nominal","2.0NRT",306.5,6.14,"D"
"21674",17.2766,104.69723,347.12,0.39,0.36,"2026-02-16",620,"N20","nominal","2.0NRT",307.38,6.12,"D"
"21675",17.27606,104.69361,330.35,0.39,0.36,"2026-02-16",620,"N20","low","2.0NRT",304.94,4.04,"D"
"21676",16.29401,98.78825,343.09,0.41,0.45,"2026-02-16",620,"N20","nominal","2.0NRT",308.94,12.58,"D"
"21677",16.2933,98.7844,354.91,0.41,0.45,"2026-02-16",620,"N20","nominal","2.0NRT",308.98,12.58,"D"
"21678",16.29737,98.78355,356.01,0.41,0.45,"2026-02-16",620,"N20","nominal","2.0NRT",308.8,13.2,"D"
"21679",16.29666,98.77968,331.4,0.41,0.45,"2026-02-16",620,"N20","low","2.0NRT",304.79,6.57,"D"
"21680",17.35805,105.17999,336.4,0.39,0.36,"2026-02-16",620,"N20","low","2.0NRT",306.67,4.95,"D"
"21681",17.25167,104.373,339.65,0.38,0.36,"2026-02-16",620,"N20","nominal","2.0NRT",307.54,2.21,"D"
"21682",17.25497,104.37246,341.12,0.38,0.36,"2026-02-16",620,"N20","nominal","2.0NRT",307.74,2.21,"D"
"21683",16.32625,98.73322,346.2,0.41,0.45,"2026-02-16",620,"N20","nominal","2.0NRT",308.9,7.46,"D"
"21684",16.3053,98.59409,344.98,0.42,0.45,"2026-02-16",620,"N20","nominal","2.0NRT",303.36,8.4,"D"
"21685",16.18973,97.96243,330.24,0.46,0.47,"2026-02-16",620,"N20","low","2.0NRT",300.89,1.62,"D"
"21686",16.99816,102.63331,334.31,0.4,0.37,"2026-02-16",620,"N20","nominal","2.0NRT",305.84,2.24,"D"
"21687",16.3219,98.6622,341.39,0.42,0.45,"2026-02-16",620,"N20","nominal","2.0NRT",304.41,4.29,"D"
"21688",16.32123,98.65849,340.97,0.42,0.45,"2026-02-16",620,"N20","nominal","2.0NRT",305.68,4.29,"D"
"21689",17.00152,102.63276,339.44,0.4,0.37,"2026-02-16",620,"N20","nominal","2.0NRT",304.34,4.19,"D"
"21690",16.3233,98.59914,344.45,0.42,0.45,"2026-02-16",620,"N20","nominal","2.0NRT",304.85,7.37,"D"
"21691",16.21518,97.97954,341.3,0.46,0.47,"2026-02-16",620,"N20","nominal","2.0NRT",301.69,6.34,"D"
"21692",17.3756,104.95241,331.19,0.39,0.36,"2026-02-16",620,"N20","low","2.0NRT",304.34,1.31,"D"
"21693",17.38897,104.92792,330.82,0.39,0.36,"2026-02-16",620,"N20","nominal","2.0NRT",303.66,1.62,"D"
"21694",16.18889,97.66306,350.42,0.49,0.48,"2026-02-16",620,"N20","nominal","2.0NRT",306.32,11.17,"D"
"21695",16.18868,97.66451,343.71,0.49,0.48,"2026-02-16",620,"N20","nominal","2.0NRT",305.91,14.31,"D"
"21696",17.35607,104.50281,345.34,0.39,0.36,"2026-02-16",620,"N20","nominal","2.0NRT",310.17,10.27,"D"
"21697",17.35937,104.50227,347.52,0.39,0.36,"2026-02-16",620,"N20","nominal","2.0NRT",310.89,5.46,"D"
"21698",15.8361,95.5139,341.21,0.34,0.56,"2026-02-16",620,"N20","nominal","2.0NRT",301.12,5.45,"D"
"21699",16.26031,97.68263,341.57,0.48,0.48,"2026-02-16",620,"N20","nominal","2.0NRT",304.88,2.95,"D"
"21700",16.61414,99.50976,330.77,0.55,0.43,"2026-02-16",620,"N20","low","2.0NRT",302.51,3.34,"D"
"21701",16.28689,97.65421,337.62,0.48,0.48,"2026-02-16",620,"N20","nominal","2.0NRT",306.48,4.78,"D"
"21702",17.48358,104.81179,337.35,0.39,0.36,"2026-02-16",620,"N20","nominal","2.0NRT",306.89,2.02,"D"
"21703",17.48689,104.81126,335.69,0.39,0.36,"2026-02-16",620,"N20","low","2.0NRT",307.86,2.41,"D"
"21704",17.48527,104.80038,335.09,0.39,0.36,"2026-02-16",620,"N20","low","2.0NRT",308.44,3.05,"D"
"21705",17.40388,104.2592,351.45,0.38,0.36,"2026-02-16",620,"N20","nominal","2.0NRT",308.19,8.89,"D"
"21706",17.40334,104.25561,342.54,0.38,0.36,"2026-02-16",620,"N20","nominal","2.0NRT",312.26,8.89,"D"
"21707",17.40718,104.25867,347.27,0.38,0.36,"2026-02-16",620,"N20","nominal","2.0NRT",306.5,8.89,"D"
"21708",17.49246,104.80286,349.66,0.39,0.36,"2026-02-16",620,"N20","nominal","2.0NRT",309.9,5.98,"D"
"21709",16.28716,97.65616,344,0.48,0.48,"2026-02-16",620,"N20","nominal","2.0NRT",306.89,5.36,"D"
"21710",17.54504,104.90584,331.62,0.39,0.36,"2026-02-16",620,"N20","nominal","2.0NRT",301.39,3.09,"D"
"21711",16.32578,97.64384,350.81,0.48,0.48,"2026-02-16",620,"N20","nominal","2.0NRT",308.82,11.42,"D"
"21712",16.6346,99.19063,330.13,0.38,0.43,"2026-02-16",620,"N20","low","2.0NRT",304.13,3.58,"D"
"21713",16.38079,97.79316,332.18,0.47,0.48,"2026-02-16",620,"N20","nominal","2.0NRT",301.53,7.17,"D"
"21714",16.37996,97.7887,343.35,0.47,0.48,"2026-02-16",620,"N20","nominal","2.0NRT",303.69,7.17,"D"
"21715",17.47586,104.26202,335.17,0.38,0.36,"2026-02-16",620,"N20","low","2.0NRT",308.71,6.02,"D"
"21716",17.47532,104.25842,344.98,0.38,0.36,"2026-02-16",620,"N20","nominal","2.0NRT",310.41,6.02,"D"
"21717",17.47544,104.17001,338.51,0.38,0.36,"2026-02-16",620,"N20","nominal","2.0NRT",305.52,1.7,"D"
"21718",16.66383,99.10083,349.84,0.39,0.44,"2026-02-16",620,"N20","nominal","2.0NRT",304.66,8.52,"D"
"21719",17.50072,104.15848,337.4,0.38,0.36,"2026-02-16",620,"N20","low","2.0NRT",307.7,3.91,"D"
"21720",17.62087,104.93828,333.18,0.39,0.36,"2026-02-16",620,"N20","nominal","2.0NRT",303.13,1.93,"D"
"21721",16.66569,99.10017,345.03,0.39,0.44,"2026-02-16",620,"N20","nominal","2.0NRT",303.85,5.25,"D"
"21722",17.64168,104.98732,346.51,0.39,0.36,"2026-02-16",620,"N20","nominal","2.0NRT",305.89,4.03,"D"
"21723",16.59029,98.57471,335.17,0.42,0.45,"2026-02-16",620,"N20","low","2.0NRT",306.33,4.49,"D"
"21724",16.73803,99.36481,336.56,0.56,0.43,"2026-02-16",620,"N20","nominal","2.0NRT",303.89,4.88,"D"
"21725",16.00207,95.46741,367,0.34,0.56,"2026-02-16",620,"N20","high","2.0NRT",298.97,10.85,"D"
"21726",16.00144,95.46427,331.74,0.34,0.56,"2026-02-16",620,"N20","nominal","2.0NRT",297.53,6.96,"D"
"21727",16.02021,95.53167,367,0.34,0.56,"2026-02-16",620,"N20","high","2.0NRT",299.94,5.78,"D"
"21728",16.01959,95.52858,367,0.34,0.56,"2026-02-16",620,"N20","high","2.0NRT",300.93,5.78,"D"
"21729",16.00652,95.4632,332.94,0.34,0.56,"2026-02-16",620,"N20","nominal","2.0NRT",298.55,2.51,"D"
"21730",16.4815,97.84603,341.44,0.47,0.48,"2026-02-16",620,"N20","nominal","2.0NRT",303.41,1.84,"D"
"21731",16.76697,99.39126,344.91,0.56,0.43,"2026-02-16",620,"N20","nominal","2.0NRT",305.67,5.55,"D"
"21732",16.03491,95.4995,337.34,0.34,0.56,"2026-02-16",620,"N20","nominal","2.0NRT",300.68,3.57,"D"
"21733",16.77087,99.39052,336.15,0.56,0.43,"2026-02-16",620,"N20","nominal","2.0NRT",303.91,5.55,"D"
"21734",16.76996,99.38537,333.65,0.56,0.43,"2026-02-16",620,"N20","nominal","2.0NRT",304.94,5.55,"D"
"21735",16.76904,99.38023,336.57,0.56,0.43,"2026-02-16",620,"N20","nominal","2.0NRT",304.19,5.22,"D"
"21736",16.05395,95.48901,351.47,0.34,0.56,"2026-02-16",620,"N20","nominal","2.0NRT",297.73,4.62,"D"
"21737",16.05334,95.4859,330.29,0.34,0.56,"2026-02-16",620,"N20","nominal","2.0NRT",298.62,3.31,"D"
"21738",16.76557,99.2463,331.05,0.57,0.43,"2026-02-16",620,"N20","nominal","2.0NRT",301.19,5.45,"D"
"21739",16.49813,97.76633,334.96,0.47,0.48,"2026-02-16",620,"N20","nominal","2.0NRT",302.09,4.15,"D"
"21740",16.50246,97.76546,332.64,0.47,0.48,"2026-02-16",620,"N20","low","2.0NRT",303.06,4.15,"D"
"21741",16.07808,95.47742,367,0.34,0.56,"2026-02-16",620,"N20","high","2.0NRT",293.14,6.2,"D"
"21742",16.08315,95.47635,351.32,0.34,0.56,"2026-02-16",620,"N20","nominal","2.0NRT",292.82,4.06,"D"
"21743",16.5205,97.71649,341.37,0.48,0.48,"2026-02-16",620,"N20","nominal","2.0NRT",305.93,6.43,"D"
"21744",17.67493,104.66148,338.21,0.39,0.36,"2026-02-16",620,"N20","nominal","2.0NRT",307.01,2.07,"D"
"21745",16.58016,98.02032,331.14,0.45,0.47,"2026-02-16",620,"N20","low","2.0NRT",304.35,1.64,"D"
"21746",16.77787,99.10736,332.38,0.39,0.44,"2026-02-16",620,"N20","nominal","2.0NRT",303.47,2.02,"D"
"21747",16.77725,99.10383,343.56,0.39,0.44,"2026-02-16",620,"N20","nominal","2.0NRT",303.87,3.17,"D"
"21748",16.77564,99.10418,338.38,0.39,0.44,"2026-02-16",620,"N20","nominal","2.0NRT",303.53,4.54,"D"
"21749",16.78026,99.10701,337.73,0.39,0.44,"2026-02-16",620,"N20","nominal","2.0NRT",303.83,2.77,"D"
"21750",16.52164,97.71814,345.73,0.48,0.48,"2026-02-16",620,"N20","nominal","2.0NRT",304.91,4.57,"D"
"21751",16.79471,99.11883,333.12,0.39,0.44,"2026-02-16",620,"N20","low","2.0NRT",305.21,2.76,"D"
"21752",16.11145,95.49565,352.31,0.34,0.56,"2026-02-16",620,"N20","nominal","2.0NRT",292.81,4.91,"D"
"21753",16.59946,97.91738,343.22,0.46,0.47,"2026-02-16",620,"N20","nominal","2.0NRT",306.77,20.89,"D"
"21754",16.58992,97.8662,339.93,0.46,0.47,"2026-02-16",620,"N20","nominal","2.0NRT",305.96,4.06,"D"
"21755",17.76814,104.87731,335.55,0.39,0.36,"2026-02-16",620,"N20","low","2.0NRT",306.49,8.97,"D"
"21756",16.01259,94.73402,330.62,0.38,0.59,"2026-02-16",620,"N20","low","2.0NRT",301.53,5.12,"D"
"21757",16.01189,94.73053,347.01,0.38,0.59,"2026-02-16",620,"N20","nominal","2.0NRT",303.34,5.45,"D"
"21758",17.05706,100.31594,346.91,0.49,0.4,"2026-02-16",620,"N20","nominal","2.0NRT",307.43,8.28,"D"
"21759",17.35363,101.98562,338.2,0.42,0.37,"2026-02-16",620,"N20","nominal","2.0NRT",309.67,4.12,"D"
"21760",17.35705,101.98502,340.14,0.42,0.37,"2026-02-16",620,"N20","nominal","2.0NRT",308.22,4.12,"D"
"21761",16.61793,97.65321,333.82,0.48,0.48,"2026-02-16",620,"N20","low","2.0NRT",304.27,5.04,"D"
"21762",16.01814,94.50992,345.13,0.4,0.6,"2026-02-16",620,"N20","nominal","2.0NRT",297.35,9.32,"D"
"21763",16.01742,94.50629,355.39,0.4,0.6,"2026-02-16",620,"N20","nominal","2.0NRT",301.27,14.44,"D"
"21764",16.94673,99.45051,340.26,0.55,0.43,"2026-02-16",620,"N20","nominal","2.0NRT",305.81,5.06,"D"
"21765",16.36958,96.26762,337.85,0.6,0.53,"2026-02-16",620,"N20","nominal","2.0NRT",301.51,12.37,"D"
"21766",17.3906,102.06248,332.06,0.41,0.37,"2026-02-16",620,"N20","low","2.0NRT",305.03,1.56,"D"
"21767",17.39073,102.06188,330.77,0.41,0.37,"2026-02-16",620,"N20","nominal","2.0NRT",304.93,1.81,"D"
"21768",16.94773,99.45208,333.92,0.55,0.43,"2026-02-16",620,"N20","low","2.0NRT",305.64,1.95,"D"
"21769",16.61823,97.65322,336.44,0.48,0.48,"2026-02-16",620,"N20","nominal","2.0NRT",304.5,4.96,"D"
"21770",16.01906,94.5074,367,0.39,0.6,"2026-02-16",620,"N20","high","2.0NRT",299.92,13.13,"D"
"21771",17.94995,105.52229,333.6,0.4,0.37,"2026-02-16",620,"N20","nominal","2.0NRT",297.54,11.55,"D"
"21772",17.86366,104.92803,344.07,0.39,0.36,"2026-02-16",620,"N20","nominal","2.0NRT",305.51,3.75,"D"
"21773",16.65492,97.72775,330.17,0.47,0.48,"2026-02-16",620,"N20","low","2.0NRT",302.9,2.04,"D"
"21774",16.01831,94.50379,332.92,0.4,0.6,"2026-02-16",620,"N20","nominal","2.0NRT",298.14,8.59,"D"
"21775",17.86698,104.9275,331.52,0.39,0.36,"2026-02-16",620,"N20","nominal","2.0NRT",299.45,3.75,"D"
"21776",16.03776,94.57095,334.82,0.39,0.59,"2026-02-16",620,"N20","nominal","2.0NRT",303.96,3.48,"D"
"21777",16.81306,98.41404,356.04,0.42,0.46,"2026-02-16",620,"N20","nominal","2.0NRT",307.98,11.86,"D"
"21778",17.49914,102.36424,347.25,0.4,0.37,"2026-02-16",620,"N20","nominal","2.0NRT",309.31,6.38,"D"
"21779",16.74799,97.98813,333.18,0.45,0.47,"2026-02-16",620,"N20","low","2.0NRT",303.77,32.19,"D"
"21780",17.16206,100.29352,348.58,0.49,0.4,"2026-02-16",620,"N20","nominal","2.0NRT",304.47,6.26,"D"
"21781",16.75224,97.98728,343.93,0.45,0.47,"2026-02-16",620,"N20","nominal","2.0NRT",314.21,32.19,"D"
"21782",16.75148,97.98309,347.36,0.45,0.47,"2026-02-16",620,"N20","nominal","2.0NRT",307.62,32.19,"D"
"21783",16.7565,97.98644,336.7,0.45,0.47,"2026-02-16",620,"N20","nominal","2.0NRT",301.9,2.95,"D"
"21784",16.75573,97.98225,335.45,0.45,0.47,"2026-02-16",620,"N20","nominal","2.0NRT",303.32,2.95,"D"
"21785",16.75074,97.93095,341.27,0.46,0.47,"2026-02-16",620,"N20","nominal","2.0NRT",304.15,3.1,"D"
"21786",17.92212,105.00133,335.66,0.39,0.36,"2026-02-16",620,"N20","nominal","2.0NRT",304.03,3.07,"D"
"21787",16.13879,94.71161,332.14,0.38,0.59,"2026-02-16",620,"N20","low","2.0NRT",302.47,2.96,"D"
"21788",16.1448,94.71394,339.68,0.38,0.59,"2026-02-16",620,"N20","nominal","2.0NRT",304.39,2.96,"D"
"21789",16.7686,97.93174,341.59,0.46,0.47,"2026-02-16",620,"N20","nominal","2.0NRT",303.45,3.59,"D"
"21790",16.51706,96.57714,341.76,0.56,0.52,"2026-02-16",620,"N20","nominal","2.0NRT",305.26,4.47,"D"
"21791",16.41484,96.04052,342.03,0.61,0.54,"2026-02-16",620,"N20","nominal","2.0NRT",305.8,5.01,"D"
"21792",17.97293,105.25426,339.21,0.4,0.37,"2026-02-16",620,"N20","nominal","2.0NRT",307.41,4.74,"D"
"21793",17.97628,105.25372,336.95,0.4,0.37,"2026-02-16",620,"N20","nominal","2.0NRT",302.85,4.74,"D"
"21794",16.73007,97.67185,336.61,0.47,0.48,"2026-02-16",620,"N20","nominal","2.0NRT",307.85,3.45,"D"
"21795",17.98241,105.24886,335.61,0.4,0.37,"2026-02-16",620,"N20","nominal","2.0NRT",300.75,4.61,"D"
"21796",16.73045,97.66914,334.38,0.47,0.48,"2026-02-16",620,"N20","low","2.0NRT",307.18,4.97,"D"
"21797",16.41728,96.03878,337.94,0.61,0.54,"2026-02-16",620,"N20","nominal","2.0NRT",306.66,7.93,"D"
"21798",17.06457,99.42781,331.99,0.55,0.43,"2026-02-16",620,"N20","low","2.0NRT",304.12,1.9,"D"
"21799",16.70528,97.44161,351.51,0.49,0.49,"2026-02-16",620,"N20","nominal","2.0NRT",300.13,7.34,"D"
"21800",16.46802,96.16779,348.85,0.6,0.53,"2026-02-16",620,"N20","nominal","2.0NRT",307.77,7.56,"D"
"21801",16.46693,96.16224,342.71,0.6,0.53,"2026-02-16",620,"N20","nominal","2.0NRT",308.5,7.56,"D"
"21802",16.46584,96.15671,335.33,0.6,0.53,"2026-02-16",620,"N20","low","2.0NRT",308.58,4.24,"D"
"21803",16.11941,94.2169,331.39,0.41,0.61,"2026-02-16",620,"N20","nominal","2.0NRT",299.4,3.66,"D"
"21804",16.9396,98.43937,331.08,0.42,0.45,"2026-02-16",620,"N20","low","2.0NRT",304.34,2.58,"D"
"21805",17.09862,99.16557,334.27,0.57,0.43,"2026-02-16",620,"N20","nominal","2.0NRT",301.82,4.46,"D"
"21806",17.10245,99.16424,342.1,0.57,0.43,"2026-02-16",620,"N20","nominal","2.0NRT",304.46,12.04,"D"
"21807",17.58678,102.01605,334.83,0.41,0.37,"2026-02-16",620,"N20","nominal","2.0NRT",304.61,5.02,"D"
"21808",17.11766,99.20467,334.69,0.57,0.43,"2026-02-16",620,"N20","nominal","2.0NRT",303.57,3.74,"D"
"21809",18.07447,105.11295,335.52,0.39,0.37,"2026-02-16",620,"N20","nominal","2.0NRT",303.95,4.17,"D"
"21810",17.9719,104.40054,335.7,0.39,0.36,"2026-02-16",620,"N20","low","2.0NRT",309.22,2.37,"D"
"21811",17.97641,104.40676,344.03,0.39,0.36,"2026-02-16",620,"N20","nominal","2.0NRT",308.57,3.61,"D"
"21812",17.97587,104.40316,346.11,0.39,0.36,"2026-02-16",620,"N20","nominal","2.0NRT",308.22,3.61,"D"
"21813",17.11759,99.20765,334.21,0.56,0.43,"2026-02-16",620,"N20","low","2.0NRT",304.32,4.95,"D"
"21814",16.53661,96.11677,345.64,0.6,0.53,"2026-02-16",620,"N20","nominal","2.0NRT",305.99,8.39,"D"
"21815",18.09247,105.10232,344.4,0.39,0.37,"2026-02-16",620,"N20","nominal","2.0NRT",306.38,7.45,"D"
"21816",18.03457,104.66119,337,0.39,0.36,"2026-02-16",620,"N20","low","2.0NRT",310.72,3.57,"D"
"21817",17.79624,103.01383,345.54,0.39,0.36,"2026-02-16",620,"N20","nominal","2.0NRT",312.69,9.7,"D"
"21818",18.11261,105.07634,332.9,0.39,0.36,"2026-02-16",620,"N20","low","2.0NRT",303.67,7.53,"D"
"21819",17.79956,103.01326,345.36,0.39,0.36,"2026-02-16",620,"N20","nominal","2.0NRT",312.42,9.7,"D"
"21820",17.1675,99.21472,347.34,0.56,0.43,"2026-02-16",620,"N20","nominal","2.0NRT",303.36,8.95,"D"
"21821",17.16657,99.20952,343.31,0.56,0.43,"2026-02-16",620,"N20","nominal","2.0NRT",307.06,20.4,"D"
"21822",17.17047,99.20863,332.25,0.56,0.43,"2026-02-16",620,"N20","nominal","2.0NRT",303.7,3.04,"D"
"21823",17.17435,99.20773,332.87,0.56,0.43,"2026-02-16",620,"N20","nominal","2.0NRT",304.2,3.04,"D"
"21824",17.18104,99.2225,334.6,0.56,0.43,"2026-02-16",620,"N20","low","2.0NRT",305.89,5.73,"D"
"21825",18.02448,104.32111,346.31,0.39,0.36,"2026-02-16",620,"N20","nominal","2.0NRT",311.85,4.02,"D"
"21826",18.02779,104.32056,339.74,0.39,0.36,"2026-02-16",620,"N20","low","2.0NRT",310,4.02,"D"
"21827",18.0443,104.31786,367,0.39,0.36,"2026-02-16",620,"N20","high","2.0NRT",337.28,197.37,"D"
"21828",18.06824,104.4548,336.43,0.39,0.36,"2026-02-16",620,"N20","nominal","2.0NRT",303.61,3.49,"D"
"21829",18.07155,104.45428,335.7,0.39,0.36,"2026-02-16",620,"N20","nominal","2.0NRT",303.32,3.28,"D"
"21830",18.08777,104.24397,332.6,0.38,0.36,"2026-02-16",620,"N20","low","2.0NRT",305.61,2.71,"D"
"21831",18.09107,104.24343,338.51,0.38,0.36,"2026-02-16",620,"N20","low","2.0NRT",309.75,2.71,"D"
"21832",17.69449,101.70841,335.53,0.42,0.38,"2026-02-16",620,"N20","nominal","2.0NRT",306.86,3.92,"D"
"21833",17.17943,98.72172,344.96,0.4,0.44,"2026-02-16",620,"N20","nominal","2.0NRT",303.75,5.78,"D"
"21834",16.37007,94.51814,337.61,0.39,0.59,"2026-02-16",620,"N20","nominal","2.0NRT",298.18,5.26,"D"
"21835",17.28519,99.23994,330.74,0.56,0.43,"2026-02-16",620,"N20","low","2.0NRT",301.7,4.73,"D"
"21836",18.23414,104.95493,336.57,0.39,0.36,"2026-02-16",620,"N20","nominal","2.0NRT",305.8,3.41,"D"
"21837",18.15361,104.32194,342.01,0.39,0.36,"2026-02-16",620,"N20","nominal","2.0NRT",306.28,4.56,"D"
"21838",18.15307,104.31834,334.97,0.39,0.36,"2026-02-16",620,"N20","nominal","2.0NRT",308.51,6.19,"D"
"21839",18.22095,104.75032,334.18,0.39,0.36,"2026-02-16",620,"N20","nominal","2.0NRT",305.04,2.72,"D"
"21840",17.24261,98.7485,337.58,0.4,0.44,"2026-02-16",620,"N20","nominal","2.0NRT",302.48,5.52,"D"
"21841",17.15309,98.22568,346.25,0.43,0.46,"2026-02-16",620,"N20","nominal","2.0NRT",305.96,5.72,"D"
"21842",18.17771,104.21023,346.43,0.38,0.36,"2026-02-16",620,"N20","nominal","2.0NRT",309.87,6.25,"D"
"21843",18.181,104.20968,347.57,0.38,0.36,"2026-02-16",620,"N20","nominal","2.0NRT",314.3,6.25,"D"
"21844",18.0024,103.0494,344.06,0.39,0.36,"2026-02-16",620,"N20","nominal","2.0NRT",312.12,17.9,"D"
"21845",18.18485,104.21275,341.55,0.38,0.36,"2026-02-16",620,"N20","nominal","2.0NRT",310.43,4.55,"D"
"21846",18.18431,104.20914,348.66,0.38,0.36,"2026-02-16",620,"N20","nominal","2.0NRT",314.06,7.81,"D"
"21847",17.41113,99.38043,337.06,0.55,0.42,"2026-02-16",620,"N20","nominal","2.0NRT",298.45,5.15,"D"
"21848",17.41499,99.37969,333.48,0.55,0.42,"2026-02-16",620,"N20","nominal","2.0NRT",299.67,5.15,"D"
"21849",18.12545,103.51249,336.42,0.39,0.36,"2026-02-16",620,"N20","low","2.0NRT",307.92,5.81,"D"
"21850",18.12489,103.50887,332.94,0.39,0.36,"2026-02-16",620,"N20","low","2.0NRT",306.1,3.59,"D"
"21851",17.76882,101.11073,341.03,0.44,0.39,"2026-02-16",620,"N20","nominal","2.0NRT",303.74,3.97,"D"
"21852",18.05934,102.84779,341.66,0.39,0.36,"2026-02-16",620,"N20","low","2.0NRT",313.28,2.76,"D"
"21853",18.05876,102.84412,335.31,0.39,0.36,"2026-02-16",620,"N20","low","2.0NRT",309.03,2.76,"D"
"21854",18.09174,103.03342,345.09,0.39,0.36,"2026-02-16",620,"N20","nominal","2.0NRT",313.8,12.52,"D"
"21855",18.05341,102.7272,341.03,0.39,0.36,"2026-02-16",620,"N20","low","2.0NRT",314.28,7.87,"D"
"21856",18.07781,102.85914,346.41,0.39,0.36,"2026-02-16",620,"N20","nominal","2.0NRT",312.71,6.87,"D"
"21857",18.01665,102.45499,333.44,0.4,0.37,"2026-02-16",620,"N20","low","2.0NRT",305.78,0.78,"D"
"21858",18.13929,103.03275,341.41,0.39,0.36,"2026-02-16",620,"N20","nominal","2.0NRT",310.71,5.19,"D"
"21859",17.72911,100.53221,335.95,0.47,0.4,"2026-02-16",620,"N20","nominal","2.0NRT",301.97,2.62,"D"
"21860",18.37534,104.5335,344.24,0.39,0.36,"2026-02-16",620,"N20","nominal","2.0NRT",307.89,9.86,"D"
"21861",18.12882,102.85786,338.4,0.39,0.36,"2026-02-16",620,"N20","low","2.0NRT",311.97,1.57,"D"
"21862",17.74196,100.49821,332.67,0.47,0.4,"2026-02-16",620,"N20","nominal","2.0NRT",302.04,3.16,"D"
"21863",18.45251,104.96408,330.64,0.39,0.36,"2026-02-16",620,"N20","nominal","2.0NRT",298.12,6.69,"D"
"21864",18.45858,104.98213,337.13,0.39,0.36,"2026-02-16",620,"N20","nominal","2.0NRT",302.27,6.28,"D"
"21865",18.45586,104.96363,334.68,0.39,0.36,"2026-02-16",620,"N20","nominal","2.0NRT",300.46,6.69,"D"
"21866",18.4592,104.96311,354.54,0.39,0.36,"2026-02-16",620,"N20","nominal","2.0NRT",300.5,8.24,"D"
"21867",17.75572,100.49132,331.95,0.47,0.4,"2026-02-16",620,"N20","nominal","2.0NRT",300.48,3.98,"D"
"21868",17.16625,97.18478,332.2,0.5,0.49,"2026-02-16",620,"N20","low","2.0NRT",305.41,3.38,"D"
"21869",17.17071,97.18389,344.07,0.5,0.49,"2026-02-16",620,"N20","nominal","2.0NRT",310.81,9.37,"D"
"21870",18.41761,104.58978,354.59,0.39,0.36,"2026-02-16",620,"N20","nominal","2.0NRT",310.01,11.82,"D"
"21871",18.13062,102.71758,335.27,0.39,0.36,"2026-02-16",620,"N20","nominal","2.0NRT",308.62,1.49,"D"
"21872",17.81335,100.74532,338.15,0.46,0.39,"2026-02-16",620,"N20","low","2.0NRT",310.24,7.07,"D"
"21873",18.29709,103.72358,333.79,0.38,0.36,"2026-02-16",620,"N20","low","2.0NRT",308.4,2.06,"D"
"21874",17.83773,100.82535,339.18,0.46,0.39,"2026-02-16",620,"N20","nominal","2.0NRT",304.27,3.94,"D"
"21875",17.83678,100.82658,332.76,0.46,0.39,"2026-02-16",620,"N20","low","2.0NRT",303.05,3.74,"D"
"21876",18.3513,103.96567,337.03,0.38,0.36,"2026-02-16",620,"N20","low","2.0NRT",309.31,3.48,"D"
"21877",18.41175,104.32248,330.82,0.39,0.36,"2026-02-16",620,"N20","low","2.0NRT",301.53,5.44,"D"
"21878",17.85163,100.82768,334.2,0.46,0.39,"2026-02-16",620,"N20","low","2.0NRT",304.65,5.71,"D"
"21879",17.85798,100.82189,331.13,0.46,0.39,"2026-02-16",620,"N20","low","2.0NRT",303.41,1.6,"D"
"21880",17.85726,100.81771,335.07,0.46,0.39,"2026-02-16",620,"N20","low","2.0NRT",305.29,4.84,"D"
"21881",17.8608,100.81693,347.73,0.46,0.39,"2026-02-16",620,"N20","nominal","2.0NRT",305.6,4.84,"D"
"21882",17.86434,100.81618,334.65,0.46,0.39,"2026-02-16",620,"N20","nominal","2.0NRT",303.94,2.09,"D"
"21883",18.36561,103.83748,341.62,0.38,0.36,"2026-02-16",620,"N20","nominal","2.0NRT",311.7,3.97,"D"
"21884",18.19835,102.73972,341.1,0.39,0.36,"2026-02-16",620,"N20","low","2.0NRT",312.75,3.58,"D"
"21885",18.19776,102.73602,340.52,0.39,0.36,"2026-02-16",620,"N20","low","2.0NRT",313.11,3.58,"D"
"21886",18.20109,102.73545,344.95,0.39,0.36,"2026-02-16",620,"N20","nominal","2.0NRT",311.89,6.2,"D"
"21887",18.26146,103.07548,334.87,0.39,0.36,"2026-02-16",620,"N20","nominal","2.0NRT",301.34,1.7,"D"
"21888",18.57277,104.95174,330.33,0.39,0.36,"2026-02-16",620,"N20","nominal","2.0NRT",295.72,1.8,"D"
"21889",18.57059,104.91382,331.49,0.39,0.36,"2026-02-16",620,"N20","nominal","2.0NRT",301.14,10.13,"D"
"21890",18.1624,102.25534,338.29,0.4,0.37,"2026-02-16",620,"N20","nominal","2.0NRT",305.93,1.11,"D"
"21891",18.53154,104.62657,341.81,0.39,0.36,"2026-02-16",620,"N20","nominal","2.0NRT",300.71,9.76,"D"
"21892",17.26726,97.0689,341.44,0.51,0.49,"2026-02-16",620,"N20","nominal","2.0NRT",313,7.58,"D"
"21893",18.54873,104.62787,332.58,0.39,0.36,"2026-02-16",620,"N20","nominal","2.0NRT",301.65,1.23,"D"
"21894",18.46004,104.01042,338.52,0.38,0.36,"2026-02-16",620,"N20","nominal","2.0NRT",306.88,5.65,"D"
"21895",18.60917,104.99536,331.47,0.39,0.37,"2026-02-16",620,"N20","nominal","2.0NRT",299.28,4.34,"D"
"21896",18.61034,104.97986,332.22,0.39,0.37,"2026-02-16",620,"N20","nominal","2.0NRT",298.67,2.82,"D"
"21897",18.56999,104.70323,333.17,0.39,0.36,"2026-02-16",620,"N20","nominal","2.0NRT",304.14,8.47,"D"
"21898",17.26986,97.07088,342.69,0.51,0.49,"2026-02-16",620,"N20","nominal","2.0NRT",311.05,6.69,"D"
"21899",18.0258,101.18905,336.15,0.44,0.38,"2026-02-16",620,"N20","nominal","2.0NRT",301.34,5.05,"D"
"21900",18.34451,103.10591,336.09,0.39,0.36,"2026-02-16",620,"N20","nominal","2.0NRT",304.22,2.96,"D"
"21901",17.69038,99.22414,331.76,0.55,0.43,"2026-02-16",620,"N20","nominal","2.0NRT",301.37,2.86,"D"
"21902",18.63813,104.98306,330.18,0.39,0.37,"2026-02-16",620,"N20","nominal","2.0NRT",297.52,3.01,"D"
"21903",18.24312,102.38089,333.67,0.4,0.37,"2026-02-16",620,"N20","low","2.0NRT",305.82,2.93,"D"
"21904",18.64534,104.98569,338.91,0.39,0.37,"2026-02-16",620,"N20","nominal","2.0NRT",295.89,3.25,"D"
"21905",18.55074,104.34412,332.77,0.39,0.36,"2026-02-16",620,"N20","nominal","2.0NRT",301.75,2.66,"D"
"21906",18.11642,101.47485,342.05,0.43,0.38,"2026-02-16",620,"N20","nominal","2.0NRT",305.87,4.37,"D"
"21907",18.51776,103.96748,350.89,0.38,0.36,"2026-02-16",620,"N20","nominal","2.0NRT",314.89,29.82,"D"
"21908",18.38739,103.076,332.57,0.39,0.36,"2026-02-16",620,"N20","low","2.0NRT",303.99,1.13,"D"
"21909",18.34892,102.80904,333.77,0.39,0.36,"2026-02-16",620,"N20","low","2.0NRT",307.37,3.36,"D"
"21910",18.6137,104.51655,334.74,0.39,0.36,"2026-02-16",620,"N20","nominal","2.0NRT",305.84,5.97,"D"
"21911",18.40508,103.08047,335.11,0.39,0.36,"2026-02-16",620,"N20","nominal","2.0NRT",303.5,3.07,"D"
"21912",18.40281,103.0659,339.81,0.39,0.36,"2026-02-16",620,"N20","nominal","2.0NRT",305.45,4.09,"D"
"21913",18.40839,103.07991,335.88,0.39,0.36,"2026-02-16",620,"N20","nominal","2.0NRT",302.96,3.07,"D"
"21914",18.40782,103.07626,336.34,0.39,0.36,"2026-02-16",620,"N20","nominal","2.0NRT",304.2,3.07,"D"
"21915",18.40725,103.07262,336.15,0.39,0.36,"2026-02-16",620,"N20","nominal","2.0NRT",304.45,5.29,"D"
"21916",18.40612,103.06535,340.24,0.39,0.36,"2026-02-16",620,"N20","nominal","2.0NRT",303.9,4.09,"D"
"21917",18.4117,103.07935,344.17,0.39,0.36,"2026-02-16",620,"N20","nominal","2.0NRT",303.91,4.54,"D"
"21918",18.41113,103.07571,333.92,0.39,0.36,"2026-02-16",620,"N20","nominal","2.0NRT",302.77,4.54,"D"
"21919",18.41056,103.07207,347.38,0.39,0.36,"2026-02-16",620,"N20","nominal","2.0NRT",302.83,55.63,"D"
"21920",18.40943,103.06479,340.36,0.39,0.36,"2026-02-16",620,"N20","nominal","2.0NRT",299.4,4.02,"D"
"21921",18.35779,102.73524,345.75,0.39,0.36,"2026-02-16",620,"N20","nominal","2.0NRT",312.77,10.78,"D"
"21922",18.62055,104.42597,335.78,0.39,0.36,"2026-02-16",620,"N20","nominal","2.0NRT",307.9,4.95,"D"
"21923",18.44717,103.28593,342.18,0.39,0.36,"2026-02-16",620,"N20","nominal","2.0NRT",306.01,3.49,"D"
"21924",18.41103,103.05332,345.79,0.39,0.36,"2026-02-16",620,"N20","nominal","2.0NRT",304.36,7.47,"D"
"21925",18.14339,101.37907,349.51,0.43,0.38,"2026-02-16",620,"N20","nominal","2.0NRT",309.76,14.06,"D"
"21926",18.45048,103.28543,342.25,0.39,0.36,"2026-02-16",620,"N20","nominal","2.0NRT",310.54,14.83,"D"
"21927",18.45378,103.28493,355.33,0.39,0.36,"2026-02-16",620,"N20","nominal","2.0NRT",308.1,14.83,"D"
"21928",18.70705,104.89931,338.28,0.39,0.36,"2026-02-16",620,"N20","nominal","2.0NRT",298.88,14.19,"D"
"21929",18.32231,102.38978,335.58,0.4,0.37,"2026-02-16",620,"N20","low","2.0NRT",308.64,11.61,"D"
"21930",18.32506,102.38545,341.7,0.4,0.37,"2026-02-16",620,"N20","nominal","2.0NRT",310.61,11.61,"D"
"21931",18.13689,101.20205,332.39,0.44,0.38,"2026-02-16",620,"N20","low","2.0NRT",306.58,2.13,"D"
"21932",18.61236,104.16634,346.24,0.39,0.36,"2026-02-16",620,"N20","nominal","2.0NRT",305.57,10.85,"D"
"21933",18.37662,102.62126,336.63,0.39,0.37,"2026-02-16",620,"N20","nominal","2.0NRT",307.89,3.06,"D"
"21934",18.65425,104.37871,330.9,0.39,0.36,"2026-02-16",620,"N20","low","2.0NRT",303.84,1.62,"D"
"21935",18.64842,104.29427,332.13,0.39,0.36,"2026-02-16",620,"N20","nominal","2.0NRT",306.56,1.28,"D"
"21936",18.40388,102.62032,334.45,0.39,0.37,"2026-02-16",620,"N20","low","2.0NRT",307.08,8.69,"D"
"21937",18.40662,102.61604,330.71,0.39,0.37,"2026-02-16",620,"N20","low","2.0NRT",305.3,1.44,"D"
"21938",18.62358,103.97163,367,0.38,0.36,"2026-02-16",620,"N20","high","2.0NRT",332.53,109.45,"D"
"21939",18.62303,103.96802,316.47,0.38,0.36,"2026-02-16",620,"N20","low","2.0NRT",324.46,109.45,"D"
"21940",18.40404,102.51347,333.52,0.4,0.37,"2026-02-16",620,"N20","low","2.0NRT",308,1.67,"D"
"21941",18.31368,101.95084,335.24,0.41,0.37,"2026-02-16",620,"N20","nominal","2.0NRT",305.84,6.84,"D"
"21942",18.74189,104.58079,340.05,0.39,0.36,"2026-02-16",620,"N20","nominal","2.0NRT",301.99,5.21,"D"
"21943",18.63461,103.86605,339.29,0.38,0.36,"2026-02-16",620,"N20","low","2.0NRT",314.08,5.66,"D"
"21944",18.35747,102.00626,335.6,0.41,0.37,"2026-02-16",620,"N20","nominal","2.0NRT",307.54,3.06,"D"
"21945",18.3178,101.43958,336.73,0.43,0.38,"2026-02-16",620,"N20","nominal","2.0NRT",306.75,4.9,"D"
"21946",17.32511,95.89104,340.52,0.6,0.53,"2026-02-16",620,"N20","nominal","2.0NRT",306.86,13.56,"D"
"21947",17.60001,97.24748,339.36,0.49,0.48,"2026-02-16",620,"N20","nominal","2.0NRT",301.82,3.66,"D"
"21948",17.98963,99.36627,339.7,0.54,0.42,"2026-02-16",620,"N20","nominal","2.0NRT",305.36,4.32,"D"
"21949",17.99347,99.36562,336.82,0.54,0.42,"2026-02-16",620,"N20","nominal","2.0NRT",306.32,2.98,"D"
"21950",17.99731,99.36494,332.96,0.54,0.42,"2026-02-16",620,"N20","low","2.0NRT",305.85,2.98,"D"
"21951",18.7126,103.70832,334.98,0.38,0.36,"2026-02-16",620,"N20","nominal","2.0NRT",307.67,7.51,"D"
"21952",18.00291,99.37435,332.33,0.54,0.42,"2026-02-16",620,"N20","nominal","2.0NRT",302.04,3.03,"D"
"21953",18.00114,99.36423,332.66,0.54,0.42,"2026-02-16",620,"N20","low","2.0NRT",307.28,3.04,"D"
"21954",18.01737,99.43447,346.62,0.53,0.42,"2026-02-16",620,"N20","nominal","2.0NRT",302.37,11.59,"D"
"21955",18.20847,100.50381,332.12,0.47,0.39,"2026-02-16",620,"N20","nominal","2.0NRT",300.1,4.48,"D"
"21956",18.51818,102.35186,331.69,0.4,0.37,"2026-02-16",620,"N20","low","2.0NRT",304.34,3.7,"D"
"21957",18.52095,102.34766,351.66,0.4,0.37,"2026-02-16",620,"N20","nominal","2.0NRT",307.57,13.56,"D"
"21958",18.52372,102.34339,342.34,0.4,0.37,"2026-02-16",620,"N20","nominal","2.0NRT",304.19,13.56,"D"
"21959",18.02415,99.39264,332.62,0.53,0.42,"2026-02-16",620,"N20","low","2.0NRT",305.97,3.55,"D"
"21960",18.8527,104.41254,334.58,0.39,0.36,"2026-02-16",620,"N20","nominal","2.0NRT",301.85,2.97,"D"
"21961",18.80339,104.05924,335.49,0.38,0.36,"2026-02-16",620,"N20","nominal","2.0NRT",306.93,13.17,"D"
"21962",18.80284,104.05562,338.6,0.38,0.36,"2026-02-16",620,"N20","nominal","2.0NRT",312.37,13.17,"D"
"21963",18.79902,104.03017,333.67,0.38,0.36,"2026-02-16",620,"N20","nominal","2.0NRT",299.98,2.28,"D"
"21964",18.81161,104.06894,331.67,0.38,0.36,"2026-02-16",620,"N20","nominal","2.0NRT",299.67,2.1,"D"
"21965",18.96552,105.0921,329.57,0.4,0.37,"2026-02-16",620,"N20","nominal","2.0NRT",297.29,2.09,"D"
"21966",18.804,103.99594,333.06,0.38,0.36,"2026-02-16",620,"N20","nominal","2.0NRT",303.22,2.42,"D"
"21967",18.75404,103.64471,367,0.38,0.36,"2026-02-16",620,"N20","high","2.0NRT",329.45,70.89,"D"
"21968",18.75459,103.64832,342.56,0.38,0.36,"2026-02-16",620,"N20","nominal","2.0NRT",313.73,42.26,"D"
"21969",18.75789,103.64777,340.41,0.38,0.36,"2026-02-16",620,"N20","nominal","2.0NRT",306.54,4.1,"D"
"21970",18.75733,103.64415,352.18,0.38,0.36,"2026-02-16",620,"N20","nominal","2.0NRT",311.12,10.81,"D"
"21971",18.38946,101.34424,338.09,0.43,0.38,"2026-02-16",620,"N20","nominal","2.0NRT",304.28,8.11,"D"
"21972",18.40175,101.37524,334.73,0.43,0.38,"2026-02-16",620,"N20","nominal","2.0NRT",304.21,58.85,"D"
"21973",18.43442,101.50795,337.84,0.42,0.38,"2026-02-16",620,"N20","nominal","2.0NRT",309.22,2.93,"D"
"21974",18.59863,102.49784,337.49,0.4,0.37,"2026-02-16",620,"N20","nominal","2.0NRT",310.13,3.82,"D"
"21975",18.34807,100.90422,332.87,0.45,0.39,"2026-02-16",620,"N20","low","2.0NRT",306.21,3.24,"D"
"21976",18.43989,101.43384,334.68,0.43,0.38,"2026-02-16",620,"N20","nominal","2.0NRT",309.38,13.22,"D"
"21977",18.42798,101.36172,334.35,0.43,0.38,"2026-02-16",620,"N20","nominal","2.0NRT",302.9,3.7,"D"
"21978",18.42733,101.35782,333.04,0.43,0.38,"2026-02-16",620,"N20","nominal","2.0NRT",304.72,3.7,"D"
"21979",18.44335,101.43329,336.55,0.43,0.38,"2026-02-16",620,"N20","nominal","2.0NRT",305.5,13.22,"D"
"21980",18.08638,99.2973,340.93,0.54,0.42,"2026-02-16",620,"N20","nominal","2.0NRT",307.64,7.42,"D"
"21981",18.85947,103.983,334.79,0.38,0.36,"2026-02-16",620,"N20","nominal","2.0NRT",305.55,2.2,"D"
"21982",18.81277,103.60885,339.8,0.38,0.36,"2026-02-16",620,"N20","nominal","2.0NRT",306.63,1.86,"D"
"21983",18.38548,100.91086,336.72,0.45,0.39,"2026-02-16",620,"N20","nominal","2.0NRT",303.58,4.07,"D"
"21984",19.02785,105.00145,340.39,0.4,0.37,"2026-02-16",620,"N20","nominal","2.0NRT",294.37,6.41,"D"
"21985",18.48703,101.46175,339.22,0.42,0.38,"2026-02-16",620,"N20","nominal","2.0NRT",307.9,5.53,"D"
"21986",18.47923,101.41396,347.22,0.43,0.38,"2026-02-16",620,"N20","nominal","2.0NRT",307.95,7.96,"D"
"21987",18.38904,100.86665,332.37,0.45,0.39,"2026-02-16",620,"N20","low","2.0NRT",305.53,3.37,"D"
"21988",18.19682,99.70676,332.56,0.51,0.41,"2026-02-16",620,"N20","low","2.0NRT",306.89,5.39,"D"
"21989",18.18121,99.61602,333.28,0.52,0.41,"2026-02-16",620,"N20","nominal","2.0NRT",305.38,10.67,"D"
"21990",18.18039,99.61128,342.15,0.52,0.41,"2026-02-16",620,"N20","nominal","2.0NRT",307.7,10.67,"D"
"21991",18.38921,100.86788,330.46,0.45,0.39,"2026-02-16",620,"N20","low","2.0NRT",304.89,2.85,"D"
"21992",18.89469,103.96577,330.39,0.38,0.36,"2026-02-16",620,"N20","low","2.0NRT",303.43,19.53,"D"
"21993",18.89415,103.96214,331.3,0.38,0.36,"2026-02-16",620,"N20","low","2.0NRT",301.64,12.51,"D"
"21994",18.76195,103.10104,330.74,0.39,0.36,"2026-02-16",620,"N20","nominal","2.0NRT",298.17,6.83,"D"
"21995",18.78282,103.21313,331.59,0.39,0.36,"2026-02-16",620,"N20","nominal","2.0NRT",301.32,2.45,"D"
"21996",18.76524,103.10044,330.89,0.39,0.36,"2026-02-16",620,"N20","nominal","2.0NRT",299.12,6.83,"D"
"21997",18.19712,99.70422,332.71,0.51,0.41,"2026-02-16",620,"N20","low","2.0NRT",305.92,3.42,"D"
"21998",18.18098,99.61377,347.35,0.52,0.41,"2026-02-16",620,"N20","nominal","2.0NRT",307.79,15,"D"
"21999",18.18011,99.60887,330.14,0.52,0.41,"2026-02-16",620,"N20","low","2.0NRT",304.88,7.27,"D"
"22000",18.93512,104.14513,335.38,0.39,0.36,"2026-02-16",620,"N20","nominal","2.0NRT",304.17,14.37,"D"
"22001",18.21176,99.72128,336,0.51,0.41,"2026-02-16",620,"N20","nominal","2.0NRT",304.81,3.4,"D"
"22002",18.21551,99.72058,330.01,0.51,0.41,"2026-02-16",620,"N20","low","2.0NRT",304.1,3.4,"D"
"22003",19.08887,105.09955,339.43,0.4,0.37,"2026-02-16",620,"N20","nominal","2.0NRT",299.25,3.85,"D"
"22004",18.15294,99.30322,330.53,0.54,0.42,"2026-02-16",620,"N20","nominal","2.0NRT",303.63,3.3,"D"
"22005",17.27736,94.75063,334.97,0.36,0.57,"2026-02-16",620,"N20","nominal","2.0NRT",298.77,2.06,"D"
"22006",18.95488,104.16416,351.85,0.39,0.36,"2026-02-16",620,"N20","nominal","2.0NRT",305.42,5.9,"D"
"22007",19.06732,104.90329,329.06,0.39,0.37,"2026-02-16",620,"N20","nominal","2.0NRT",298.88,6.61,"D"
"22008",18.95818,104.16364,345.65,0.39,0.36,"2026-02-16",620,"N20","nominal","2.0NRT",302.24,16.04,"D"
"22009",17.50554,95.77766,335.4,0.61,0.53,"2026-02-16",620,"N20","low","2.0NRT",310.16,5.57,"D"
"22010",18.80984,102.99524,330.58,0.39,0.36,"2026-02-16",620,"N20","nominal","2.0NRT",301.11,1.42,"D"
"22011",18.85271,103.24943,334.81,0.39,0.36,"2026-02-16",620,"N20","low","2.0NRT",305.73,3.57,"D"
"22012",18.61864,101.77359,334.89,0.41,0.37,"2026-02-16",620,"N20","nominal","2.0NRT",303.33,2.11,"D"
"22013",18.93595,103.76984,335.64,0.38,0.36,"2026-02-16",620,"N20","nominal","2.0NRT",304.62,2.59,"D"
"22014",18.86663,103.31741,355.21,0.39,0.36,"2026-02-16",620,"N20","nominal","2.0NRT",304.12,15.1,"D"
"22015",18.86608,103.31381,335.78,0.39,0.36,"2026-02-16",620,"N20","nominal","2.0NRT",303.68,7.09,"D"
"22016",18.82147,103.0046,343.86,0.39,0.36,"2026-02-16",620,"N20","nominal","2.0NRT",305.47,10.21,"D"
"22017",18.83783,103.088,344.31,0.39,0.36,"2026-02-16",620,"N20","nominal","2.0NRT",304.28,10.79,"D"
"22018",17.40417,94.92562,367,0.35,0.57,"2026-02-16",620,"N20","high","2.0NRT",311.62,11.85,"D"
"22019",19.00768,104.1554,338.52,0.39,0.36,"2026-02-16",620,"N20","nominal","2.0NRT",303.37,4.1,"D"
"22020",18.99993,104.10414,332.61,0.39,0.36,"2026-02-16",620,"N20","nominal","2.0NRT",300.94,2.69,"D"
"22021",18.35034,100.05571,334.83,0.49,0.4,"2026-02-16",620,"N20","nominal","2.0NRT",301.95,4.92,"D"
"22022",18.3472,100.03733,335.98,0.49,0.4,"2026-02-16",620,"N20","nominal","2.0NRT",302.97,4.87,"D"
"22023",17.40354,94.92242,352.66,0.35,0.57,"2026-02-16",620,"N20","nominal","2.0NRT",311.87,9.3,"D"
"22024",19.03423,104.19538,341.21,0.39,0.36,"2026-02-16",620,"N20","nominal","2.0NRT",308.84,13.31,"D"
"22025",18.89263,103.2643,333.79,0.39,0.36,"2026-02-16",620,"N20","nominal","2.0NRT",302.62,3.53,"D"
"22026",18.98247,103.82843,335.62,0.38,0.36,"2026-02-16",620,"N20","nominal","2.0NRT",308.32,25.96,"D"
"22027",18.89817,103.27822,335.04,0.39,0.36,"2026-02-16",620,"N20","nominal","2.0NRT",304.61,2.99,"D"
"22028",19.04136,104.19781,345.65,0.39,0.36,"2026-02-16",620,"N20","nominal","2.0NRT",304.03,15.77,"D"
"22029",18.90148,103.2777,337.52,0.39,0.36,"2026-02-16",620,"N20","nominal","2.0NRT",304.02,2.99,"D"
"22030",17.40565,94.92413,367,0.35,0.57,"2026-02-16",620,"N20","high","2.0NRT",313.78,12.96,"D"
"22031",19.20312,105.21256,340.18,0.4,0.37,"2026-02-16",620,"N20","nominal","2.0NRT",300.23,5.44,"D"
"22032",18.71427,102.01392,331.74,0.41,0.37,"2026-02-16",620,"N20","nominal","2.0NRT",302.47,4.43,"D"
"22033",18.65421,101.64754,344.36,0.42,0.37,"2026-02-16",620,"N20","nominal","2.0NRT",303.21,8.21,"D"
"22034",17.405,94.92095,336.89,0.35,0.57,"2026-02-16",620,"N20","nominal","2.0NRT",311.67,7.98,"D"
"22035",17.41143,94.92622,367,0.35,0.57,"2026-02-16",620,"N20","high","2.0NRT",308.66,4.27,"D"
"22036",19.20648,105.21199,342.26,0.4,0.37,"2026-02-16",620,"N20","nominal","2.0NRT",299.61,19.07,"D"
"22037",18.91745,103.27151,337.41,0.39,0.36,"2026-02-16",620,"N20","nominal","2.0NRT",306.14,12.13,"D"
"22038",19.07319,104.25245,331.41,0.39,0.36,"2026-02-16",620,"N20","nominal","2.0NRT",301.82,3.14,"D"
"22039",19.0819,104.28821,336.4,0.39,0.36,"2026-02-16",620,"N20","nominal","2.0NRT",300.56,2.41,"D"
"22040",18.97298,103.56644,332.43,0.38,0.36,"2026-02-16",620,"N20","nominal","2.0NRT",301.53,2.36,"D"
"22041",18.97243,103.56284,345.59,0.38,0.36,"2026-02-16",620,"N20","nominal","2.0NRT",305.23,10.96,"D"
"22042",18.89668,103.02917,345.11,0.39,0.36,"2026-02-16",620,"N20","nominal","2.0NRT",305.66,7.73,"D"
"22043",19.08807,104.2387,331.16,0.39,0.36,"2026-02-16",620,"N20","nominal","2.0NRT",302.23,3.76,"D"
"22044",19.03789,103.90446,346.6,0.38,0.36,"2026-02-16",620,"N20","nominal","2.0NRT",304.47,7.75,"D"
"22045",18.21883,98.95144,342.17,0.56,0.43,"2026-02-16",620,"N20","nominal","2.0NRT",303.48,6.79,"D"
"22046",18.20231,98.8596,333.79,0.57,0.43,"2026-02-16",620,"N20","nominal","2.0NRT",305.84,14,"D"
"22047",19.16761,104.73064,331.28,0.39,0.36,"2026-02-16",620,"N20","nominal","2.0NRT",296.37,2.64,"D"
"22048",17.46212,94.91262,367,0.35,0.57,"2026-02-16",620,"N20","high","2.0NRT",310.21,4.32,"D"
"22049",17.46275,94.91574,332.12,0.35,0.57,"2026-02-16",620,"N20","nominal","2.0NRT",304.78,4.32,"D"
"22050",17.46147,94.90938,342.55,0.35,0.57,"2026-02-16",620,"N20","nominal","2.0NRT",308.49,5.95,"D"
"22051",19.05218,103.88728,338.99,0.38,0.36,"2026-02-16",620,"N20","nominal","2.0NRT",305.59,3.41,"D"
"22052",19.04175,103.77391,335.68,0.38,0.36,"2026-02-16",620,"N20","nominal","2.0NRT",303.14,9.42,"D"
"22053",19.04121,103.7703,332.02,0.38,0.36,"2026-02-16",620,"N20","nominal","2.0NRT",306.73,9.42,"D"
"22054",19.09691,104.11726,344.03,0.39,0.36,"2026-02-16",620,"N20","nominal","2.0NRT",304.73,12.04,"D"
"22055",19.10022,104.11677,343.57,0.39,0.36,"2026-02-16",620,"N20","nominal","2.0NRT",300.55,12.46,"D"
"22056",17.50412,94.96252,339.19,0.35,0.56,"2026-02-16",620,"N20","low","2.0NRT",313.25,3.85,"D"
"22057",17.50796,94.95506,367,0.35,0.56,"2026-02-16",620,"N20","high","2.0NRT",315.17,8.76,"D"
"22058",19.08933,104.02188,335.84,0.38,0.36,"2026-02-16",620,"N20","nominal","2.0NRT",301.79,8.39,"D"
"22059",18.81503,102.25289,332.76,0.4,0.37,"2026-02-16",620,"N20","low","2.0NRT",306.62,5.77,"D"
"22060",18.81442,102.24908,331.26,0.4,0.37,"2026-02-16",620,"N20","low","2.0NRT",305.71,3.8,"D"
"22061",18.26341,98.97486,330.04,0.56,0.43,"2026-02-16",620,"N20","nominal","2.0NRT",298.58,2.5,"D"
"22062",17.985,97.43817,340.66,0.47,0.48,"2026-02-16",620,"N20","nominal","2.0NRT",299.24,13.69,"D"
"22063",19.10792,104.12301,339.09,0.39,0.36,"2026-02-16",620,"N20","nominal","2.0NRT",302.75,7.15,"D"
"22064",17.9893,97.43727,340.87,0.47,0.48,"2026-02-16",620,"N20","nominal","2.0NRT",300.65,12.55,"D"
"22065",17.98849,97.43285,341.27,0.47,0.48,"2026-02-16",620,"N20","nominal","2.0NRT",307.5,21.27,"D"
"22066",17.51306,94.95395,340.41,0.35,0.56,"2026-02-16",620,"N20","nominal","2.0NRT",313.66,4.1,"D"
"22067",17.52069,94.96558,367,0.34,0.56,"2026-02-16",620,"N20","high","2.0NRT",312.9,6.66,"D"
"22068",19.09976,104.02387,331.99,0.38,0.36,"2026-02-16",620,"N20","nominal","2.0NRT",305.69,2.54,"D"
"22069",19.12273,104.13165,332.91,0.39,0.36,"2026-02-16",620,"N20","nominal","2.0NRT",299.14,2.69,"D"
"22070",18.56536,100.59568,333.81,0.46,0.39,"2026-02-16",620,"N20","low","2.0NRT",305.48,4.87,"D"
"22071",17.99045,97.43414,353.42,0.47,0.47,"2026-02-16",620,"N20","nominal","2.0NRT",304.58,10.23,"D"
"22072",17.50647,94.96149,341.56,0.34,0.56,"2026-02-16",620,"N20","low","2.0NRT",314.25,4.44,"D"
"22073",17.50582,94.95832,339.1,0.34,0.56,"2026-02-16",620,"N20","low","2.0NRT",313.8,4.75,"D"
"22074",18.82461,102.0648,338.85,0.4,0.37,"2026-02-16",620,"N20","nominal","2.0NRT",305.14,12.6,"D"
"22075",17.51026,94.95405,348.31,0.35,0.56,"2026-02-16",620,"N20","nominal","2.0NRT",314.44,4.75,"D"
"22076",17.51537,94.95296,340.16,0.35,0.56,"2026-02-16",620,"N20","low","2.0NRT",312.92,3.71,"D"
"22077",17.52308,94.96457,367,0.34,0.56,"2026-02-16",620,"N20","high","2.0NRT",315.07,14.17,"D"
"22078",18.77983,101.70562,338.32,0.41,0.37,"2026-02-16",620,"N20","nominal","2.0NRT",308.2,23.25,"D"
"22079",18.69951,101.17863,344.46,0.43,0.38,"2026-02-16",620,"N20","nominal","2.0NRT",303.45,17.39,"D"
"22080",18.5183,100.11607,335.13,0.48,0.4,"2026-02-16",620,"N20","nominal","2.0NRT",301.18,3.54,"D"
"22081",19.07511,103.50086,331.01,0.38,0.36,"2026-02-16",620,"N20","low","2.0NRT",303.8,4.36,"D"
"22082",17.70315,95.72609,341.52,0.61,0.53,"2026-02-16",620,"N20","nominal","2.0NRT",307.8,10.22,"D"
"22083",17.68273,95.62379,356.3,0.62,0.54,"2026-02-16",620,"N20","nominal","2.0NRT",312.57,14.56,"D"
"22084",19.09499,103.58667,335.45,0.38,0.36,"2026-02-16",620,"N20","nominal","2.0NRT",306.25,4.03,"D"
"22085",19.09883,103.58974,330.84,0.38,0.36,"2026-02-16",620,"N20","nominal","2.0NRT",299.78,2.58,"D"
"22086",19.09828,103.58611,340.06,0.38,0.36,"2026-02-16",620,"N20","nominal","2.0NRT",301.86,4.03,"D"
"22087",18.33026,98.94145,346.34,0.56,0.43,"2026-02-16",620,"N20","nominal","2.0NRT",307.03,7.93,"D"
"22088",18.57542,100.29506,340.57,0.47,0.4,"2026-02-16",620,"N20","nominal","2.0NRT",303.26,6.74,"D"
"22089",18.79225,101.5674,340.63,0.42,0.38,"2026-02-16",620,"N20","nominal","2.0NRT",302.72,7.47,"D"
"22090",18.56119,100.16836,338.88,0.48,0.4,"2026-02-16",620,"N20","nominal","2.0NRT",303.29,6.83,"D"
"22091",19.15486,103.82517,351.98,0.38,0.36,"2026-02-16",620,"N20","nominal","2.0NRT",295.65,7.81,"D"
"22092",19.07968,103.33266,337.12,0.38,0.36,"2026-02-16",620,"N20","nominal","2.0NRT",305.36,3.86,"D"
"22093",19.95692,109.69366,330.62,0.45,0.47,"2026-02-16",620,"N20","nominal","2.0NRT",297.18,2.74,"D"
"22094",19.10795,103.45076,334.08,0.38,0.36,"2026-02-16",620,"N20","nominal","2.0NRT",300.32,2.81,"D"
"22095",18.52949,99.8739,333.58,0.5,0.41,"2026-02-16",620,"N20","nominal","2.0NRT",302.34,5.52,"D"
"22096",17.61452,94.94325,336.78,0.34,0.56,"2026-02-16",620,"N20","nominal","2.0NRT",304.56,1.29,"D"
"22097",17.61953,94.94169,367,0.34,0.56,"2026-02-16",620,"N20","high","2.0NRT",306.43,7.19,"D"
"22098",17.61889,94.93849,367,0.34,0.56,"2026-02-16",620,"N20","high","2.0NRT",309.15,7.19,"D"
"22099",19.01675,102.66887,334.67,0.39,0.36,"2026-02-16",620,"N20","nominal","2.0NRT",303.29,4.26,"D"
"22100",19.02007,102.66833,335.82,0.39,0.36,"2026-02-16",620,"N20","nominal","2.0NRT",301.39,3.25,"D"
"22101",19.16461,103.57451,336.31,0.38,0.36,"2026-02-16",620,"N20","nominal","2.0NRT",302.7,5.4,"D"
"22102",18.9809,102.40146,337.22,0.4,0.37,"2026-02-16",620,"N20","nominal","2.0NRT",300.49,3.6,"D"
"22103",18.50406,99.56863,334.33,0.51,0.41,"2026-02-16",620,"N20","low","2.0NRT",304.43,12.56,"D"
"22104",17.61649,94.9413,367,0.34,0.56,"2026-02-16",620,"N20","high","2.0NRT",308.04,5.54,"D"
"22105",17.61582,94.93806,332.4,0.34,0.56,"2026-02-16",620,"N20","nominal","2.0NRT",305.37,5.54,"D"
"22106",17.62153,94.93996,344.6,0.34,0.56,"2026-02-16",620,"N20","nominal","2.0NRT",306.65,3.32,"D"
"22107",17.65277,94.98863,367,0.34,0.56,"2026-02-16",620,"N20","high","2.0NRT",314.51,7.79,"D"
"22108",18.01297,96.74899,332.28,0.52,0.5,"2026-02-16",620,"N20","low","2.0NRT",306.43,4.76,"D"
"22109",18.01205,96.7442,338.83,0.52,0.5,"2026-02-16",620,"N20","nominal","2.0NRT",305.36,4.76,"D"
"22110",17.83826,95.85796,334.12,0.59,0.53,"2026-02-16",620,"N20","low","2.0NRT",307.2,7.09,"D"
"22111",19.1344,103.159,349.34,0.39,0.36,"2026-02-16",620,"N20","nominal","2.0NRT",304.01,7.62,"D"
"22112",19.07977,102.80923,331.86,0.39,0.36,"2026-02-16",620,"N20","nominal","2.0NRT",300.66,3.81,"D"
"22113",18.01655,96.74326,338.78,0.52,0.5,"2026-02-16",620,"N20","nominal","2.0NRT",306.2,4.76,"D"
"22114",19.26893,103.92854,336.71,0.38,0.36,"2026-02-16",620,"N20","nominal","2.0NRT",300.89,26.98,"D"
"22115",19.27222,103.92799,339.99,0.38,0.36,"2026-02-16",620,"N20","nominal","2.0NRT",310.02,26.98,"D"
"22116",19.16707,103.21709,333.61,0.39,0.36,"2026-02-16",620,"N20","nominal","2.0NRT",304.52,9.1,"D"
"22117",19.16651,103.21342,344.18,0.39,0.36,"2026-02-16",620,"N20","nominal","2.0NRT",308.53,9.1,"D"
"22118",18.64724,100.0136,334.12,0.49,0.4,"2026-02-16",620,"N20","nominal","2.0NRT",302.96,3.21,"D"
"22119",17.73098,95.08829,334.75,0.34,0.56,"2026-02-16",620,"N20","low","2.0NRT",306.53,2.92,"D"
"22120",19.22877,103.57478,334.4,0.38,0.36,"2026-02-16",620,"N20","nominal","2.0NRT",299.6,3.53,"D"
"22121",18.66534,100.05306,336.16,0.48,0.4,"2026-02-16",620,"N20","nominal","2.0NRT",302.59,3.97,"D"
"22122",18.66376,100.04386,330.61,0.48,0.4,"2026-02-16",620,"N20","low","2.0NRT",304.75,4.54,"D"
"22123",18.93474,101.60153,338.16,0.42,0.37,"2026-02-16",620,"N20","nominal","2.0NRT",304.93,2.25,"D"
"22124",18.69766,100.17629,336.35,0.48,0.4,"2026-02-16",620,"N20","nominal","2.0NRT",301.82,4.07,"D"
"22125",18.73182,100.28982,331.36,0.47,0.4,"2026-02-16",620,"N20","nominal","2.0NRT",300.3,3.35,"D"
"22126",19.23728,103.38307,335.36,0.38,0.36,"2026-02-16",620,"N20","nominal","2.0NRT",303.19,3.94,"D"
"22127",19.10315,102.52751,333.38,0.39,0.36,"2026-02-16",620,"N20","nominal","2.0NRT",305,3.01,"D"
"22128",19.25993,103.44251,346,0.38,0.36,"2026-02-16",620,"N20","nominal","2.0NRT",302.23,5.77,"D"
"22129",18.69737,100.00047,334.23,0.49,0.4,"2026-02-16",620,"N20","nominal","2.0NRT",305.1,3.08,"D"
"22130",19.13321,102.58752,332.38,0.39,0.36,"2026-02-16",620,"N20","nominal","2.0NRT",301.61,5.86,"D"
"22131",19.13264,102.58392,350.86,0.39,0.36,"2026-02-16",620,"N20","nominal","2.0NRT",307.88,10.49,"D"
"22132",19.27425,103.46986,332.21,0.38,0.36,"2026-02-16",620,"N20","nominal","2.0NRT",300.68,3.22,"D"
"22133",18.75595,100.27207,345.04,0.47,0.4,"2026-02-16",620,"N20","nominal","2.0NRT",302.77,6.19,"D"
"22134",18.75518,100.26764,336.13,0.47,0.4,"2026-02-16",620,"N20","nominal","2.0NRT",303.92,4.53,"D"
"22135",17.92364,95.81371,333.2,0.6,0.53,"2026-02-16",620,"N20","nominal","2.0NRT",308.13,4.4,"D"
"22136",19.28351,103.44221,333.64,0.38,0.36,"2026-02-16",620,"N20","low","2.0NRT",303.74,10.97,"D"
"22137",19.25839,103.27888,334.46,0.38,0.36,"2026-02-16",620,"N20","nominal","2.0NRT",304.67,3.51,"D"
"22138",19.27398,103.35818,335.7,0.38,0.36,"2026-02-16",620,"N20","nominal","2.0NRT",306.27,4.08,"D"
"22139",19.27342,103.35456,331.4,0.38,0.36,"2026-02-16",620,"N20","nominal","2.0NRT",302.79,1.32,"D"
"22140",19.26168,103.27831,342.71,0.38,0.36,"2026-02-16",620,"N20","nominal","2.0NRT",305.28,3.51,"D"
"22141",19.26273,103.26323,367,0.38,0.36,"2026-02-16",620,"N20","high","2.0NRT",331.17,98.58,"D"
"22142",19.26049,103.2487,367,0.39,0.36,"2026-02-16",620,"N20","high","2.0NRT",336.94,115.73,"D"
"22143",19.26217,103.2596,303.59,0.38,0.36,"2026-02-16",620,"N20","low","2.0NRT",307.03,30.76,"D"
"22144",19.26939,103.28445,335.06,0.38,0.36,"2026-02-16",620,"N20","low","2.0NRT",305.16,6.98,"D"
"22145",19.26883,103.28083,355.65,0.38,0.36,"2026-02-16",620,"N20","nominal","2.0NRT",311.95,9.69,"D"
"22146",19.26827,103.2772,339.11,0.38,0.36,"2026-02-16",620,"N20","nominal","2.0NRT",307.37,9.69,"D"
"22147",18.7884,100.26575,340.09,0.47,0.4,"2026-02-16",620,"N20","nominal","2.0NRT",304.32,4.97,"D"
"22148",17.84157,95.14854,348.49,0.33,0.55,"2026-02-16",620,"N20","nominal","2.0NRT",312.54,3.19,"D"
"22149",19.36665,103.78864,330.82,0.38,0.36,"2026-02-16",620,"N20","nominal","2.0NRT",297.98,4.11,"D"
"22150",19.29865,103.34281,342.21,0.38,0.36,"2026-02-16",620,"N20","nominal","2.0NRT",308.11,15.49,"D"
"22151",18.76717,100.07658,333.84,0.48,0.4,"2026-02-16",620,"N20","nominal","2.0NRT",302.6,8,"D"
"22152",19.19006,102.6237,338.22,0.39,0.36,"2026-02-16",620,"N20","nominal","2.0NRT",300.34,3.36,"D"
"22153",19.19336,102.623,339.4,0.39,0.36,"2026-02-16",620,"N20","nominal","2.0NRT",299.58,3.36,"D"
"22154",17.84707,95.0448,336.86,0.34,0.56,"2026-02-16",620,"N20","nominal","2.0NRT",310.51,2.33,"D"
"22155",19.0376,101.60704,335.78,0.41,0.37,"2026-02-16",620,"N20","low","2.0NRT",307.31,5.36,"D"
"22156",19.5583,104.96564,342.17,0.4,0.37,"2026-02-16",620,"N20","nominal","2.0NRT",298.95,5.48,"D"
"22157",19.20892,102.63524,330.13,0.39,0.36,"2026-02-16",620,"N20","nominal","2.0NRT",301.91,2.71,"D"
"22158",18.81246,100.18807,334.73,0.47,0.4,"2026-02-16",620,"N20","low","2.0NRT",305.51,6.81,"D"
"22159",18.81974,100.18689,334.15,0.47,0.4,"2026-02-16",620,"N20","nominal","2.0NRT",303.06,7.28,"D"
"22160",18.82045,100.18819,343.93,0.47,0.4,"2026-02-16",620,"N20","nominal","2.0NRT",304.38,7.43,"D"
"22161",19.62707,105.14487,341.13,0.4,0.37,"2026-02-16",620,"N20","nominal","2.0NRT",298.07,3.84,"D"
"22162",19.1476,101.91465,342.14,0.41,0.37,"2026-02-16",620,"N20","nominal","2.0NRT",302.69,10.12,"D"
"22163",17.91479,95.15347,339.37,0.33,0.55,"2026-02-16",620,"N20","low","2.0NRT",310.12,3.44,"D"
"22164",20.28438,110.00233,339.09,0.47,0.48,"2026-02-16",620,"N20","nominal","2.0NRT",299.54,4.29,"D"
"22165",18.87722,100.21397,334.76,0.47,0.4,"2026-02-16",620,"N20","nominal","2.0NRT",302.62,4.99,"D"
"22166",17.94696,95.20961,355.11,0.33,0.55,"2026-02-16",620,"N20","nominal","2.0NRT",313.11,7.86,"D"
"22167",17.94635,95.20659,350.32,0.33,0.55,"2026-02-16",620,"N20","nominal","2.0NRT",309.98,6,"D"
"22168",19.35074,103.04263,337.01,0.39,0.36,"2026-02-16",620,"N20","nominal","2.0NRT",298.93,3.82,"D"
"22169",19.35403,103.04205,338.21,0.39,0.36,"2026-02-16",620,"N20","nominal","2.0NRT",301.47,3.82,"D"
"22170",18.79431,99.64851,332.12,0.5,0.41,"2026-02-16",620,"N20","low","2.0NRT",305.1,2.45,"D"
"22171",19.2868,102.59099,342.54,0.39,0.36,"2026-02-16",620,"N20","nominal","2.0NRT",311.69,22.19,"D"
"22172",17.96627,95.2023,338.32,0.33,0.55,"2026-02-16",620,"N20","nominal","2.0NRT",308.91,2.16,"D"
"22173",19.29011,102.59037,344.16,0.39,0.36,"2026-02-16",620,"N20","nominal","2.0NRT",311.02,22.19,"D"
"22174",19.24979,102.31414,345.45,0.4,0.37,"2026-02-16",620,"N20","nominal","2.0NRT",309.67,26.97,"D"
"22175",19.25312,102.31351,336.64,0.4,0.37,"2026-02-16",620,"N20","nominal","2.0NRT",308.76,26.97,"D"
"22176",18.28983,96.73904,367,0.51,0.49,"2026-02-16",620,"N20","high","2.0NRT",308.68,8.3,"D"
"22177",19.53168,104.07397,342.17,0.39,0.36,"2026-02-16",620,"N20","nominal","2.0NRT",299.85,7.21,"D"
"22178",19.55362,104.19798,331.96,0.39,0.36,"2026-02-16",620,"N20","nominal","2.0NRT",300.46,1.91,"D"
"22179",19.1511,101.61456,336.07,0.41,0.37,"2026-02-16",620,"N20","nominal","2.0NRT",306.96,3.19,"D"
"22180",18.29432,96.73809,345.52,0.51,0.49,"2026-02-16",620,"N20","nominal","2.0NRT",315.88,7.99,"D"
"22181",18.30059,96.74664,335.59,0.51,0.49,"2026-02-16",620,"N20","low","2.0NRT",309.35,3.42,"D"
"22182",18.29969,96.7419,348.87,0.51,0.49,"2026-02-16",620,"N20","nominal","2.0NRT",310.17,7.99,"D"
"22183",19.30637,102.54215,339.12,0.39,0.36,"2026-02-16",620,"N20","nominal","2.0NRT",313.62,29.42,"D"
"22184",18.30507,96.7457,346.23,0.51,0.49,"2026-02-16",620,"N20","nominal","2.0NRT",312.8,8.31,"D"
"22185",18.30417,96.74095,344.35,0.51,0.49,"2026-02-16",620,"N20","nominal","2.0NRT",312.68,11.35,"D"
"22186",19.61798,104.56355,334.96,0.39,0.36,"2026-02-16",620,"N20","nominal","2.0NRT",294.73,4.1,"D"
"22187",18.30865,96.74001,351.84,0.51,0.49,"2026-02-16",620,"N20","nominal","2.0NRT",309.93,11.35,"D"
"22188",19.74362,105.40258,337.95,0.41,0.37,"2026-02-16",620,"N20","nominal","2.0NRT",293.8,4.27,"D"
"22189",19.42953,103.268,343.74,0.38,0.36,"2026-02-16",620,"N20","nominal","2.0NRT",308.57,13.18,"D"
"22190",18.2922,96.74117,341.1,0.51,0.49,"2026-02-16",620,"N20","nominal","2.0NRT",310.44,9.38,"D"
"22191",18.29127,96.73643,344.77,0.51,0.49,"2026-02-16",620,"N20","nominal","2.0NRT",312.75,14.1,"D"
"22192",19.69691,104.9707,340.39,0.4,0.37,"2026-02-16",620,"N20","nominal","2.0NRT",303.32,12.27,"D"
"22193",19.52802,103.79835,345.7,0.38,0.36,"2026-02-16",620,"N20","nominal","2.0NRT",301.35,3.33,"D"
"22194",18.85039,99.67451,336.84,0.5,0.41,"2026-02-16",620,"N20","nominal","2.0NRT",304.69,3.81,"D"
"22195",18.30209,96.74403,355.31,0.51,0.49,"2026-02-16",620,"N20","nominal","2.0NRT",312.6,8.39,"D"
"22196",18.30116,96.73929,352.82,0.51,0.49,"2026-02-16",620,"N20","nominal","2.0NRT",310.65,8.39,"D"
"22197",18.30657,96.74309,339.9,0.51,0.49,"2026-02-16",620,"N20","nominal","2.0NRT",311.11,8.39,"D"
"22198",18.30564,96.73835,348.83,0.51,0.49,"2026-02-16",620,"N20","nominal","2.0NRT",310.95,8.39,"D"
"22199",18.87518,99.68441,331.75,0.5,0.41,"2026-02-16",620,"N20","low","2.0NRT",304.2,2.79,"D"
"22200",19.20284,101.58575,334.48,0.41,0.37,"2026-02-16",620,"N20","nominal","2.0NRT",305.9,1.12,"D"
"22201",19.5659,103.84802,338.11,0.38,0.36,"2026-02-16",620,"N20","nominal","2.0NRT",303.67,3.54,"D"
"22202",19.5036,103.43773,330.24,0.38,0.36,"2026-02-16",620,"N20","nominal","2.0NRT",301.08,0.85,"D"
"22203",19.3035,102.16225,334.98,0.4,0.37,"2026-02-16",620,"N20","nominal","2.0NRT",305.84,3.78,"D"
"22204",17.99416,94.98126,333.47,0.34,0.56,"2026-02-16",620,"N20","low","2.0NRT",305.92,3.32,"D"
"22205",19.21306,101.58397,336.34,0.41,0.37,"2026-02-16",620,"N20","nominal","2.0NRT",308.95,2.89,"D"
"22206",18.11118,95.53542,338.4,0.62,0.54,"2026-02-16",620,"N20","nominal","2.0NRT",310.85,3.49,"D"
"22207",19.46152,103.12057,340.16,0.39,0.36,"2026-02-16",620,"N20","nominal","2.0NRT",306.7,1.23,"D"
"22208",18.81883,99.25658,344.75,0.53,0.42,"2026-02-16",620,"N20","nominal","2.0NRT",305.22,12.18,"D"
"22209",18.04365,95.09617,352.11,0.33,0.55,"2026-02-16",620,"N20","nominal","2.0NRT",311.21,3.22,"D"
"22210",18.05169,95.11025,367,0.33,0.55,"2026-02-16",620,"N20","high","2.0NRT",308.75,8.77,"D"
"22211",18.05109,95.10725,367,0.33,0.55,"2026-02-16",620,"N20","high","2.0NRT",309.83,8.65,"D"
"22212",19.81013,105.37666,332.48,0.41,0.37,"2026-02-16",620,"N20","nominal","2.0NRT",295.47,2.52,"D"
"22213",18.83593,99.26429,331.52,0.53,0.42,"2026-02-16",620,"N20","low","2.0NRT",301.88,3.6,"D"
"22214",19.4987,103.22993,339.82,0.38,0.36,"2026-02-16",620,"N20","nominal","2.0NRT",309.53,4.16,"D"
"22215",18.01784,94.8896,331.5,0.34,0.56,"2026-02-16",620,"N20","low","2.0NRT",304.06,3.46,"D"
"22216",19.3681,102.35183,331.31,0.4,0.37,"2026-02-16",620,"N20","nominal","2.0NRT",303.54,1.81,"D"
"22217",18.04102,94.95238,334.34,0.34,0.56,"2026-02-16",620,"N20","nominal","2.0NRT",303.97,3.65,"D"
"22218",19.56248,103.55803,341.5,0.38,0.36,"2026-02-16",620,"N20","nominal","2.0NRT",303.96,6.69,"D"
"22219",19.5017,103.13982,333.35,0.39,0.36,"2026-02-16",620,"N20","low","2.0NRT",307.53,3.27,"D"
"22220",19.03556,100.26248,333.33,0.47,0.4,"2026-02-16",620,"N20","nominal","2.0NRT",302.81,7.67,"D"
"22221",19.48866,103.03363,345.07,0.39,0.36,"2026-02-16",620,"N20","nominal","2.0NRT",305.73,15.25,"D"
"22222",18.10066,95.14692,338.46,0.33,0.55,"2026-02-16",620,"N20","nominal","2.0NRT",311.88,3.06,"D"
"22223",18.10006,95.1439,345.25,0.33,0.55,"2026-02-16",620,"N20","nominal","2.0NRT",314.17,3.06,"D"
"22224",19.59667,103.71622,338.94,0.38,0.36,"2026-02-16",620,"N20","nominal","2.0NRT",309.31,3.39,"D"
"22225",19.53565,103.29447,330.82,0.38,0.36,"2026-02-16",620,"N20","low","2.0NRT",302.58,3.39,"D"
"22226",19.5351,103.29085,340.55,0.38,0.36,"2026-02-16",620,"N20","nominal","2.0NRT",303.44,3.39,"D"
"22227",19.35656,102.14977,338.09,0.4,0.37,"2026-02-16",620,"N20","nominal","2.0NRT",305.41,7.62,"D"
"22228",19.56708,103.38555,334.41,0.38,0.36,"2026-02-16",620,"N20","nominal","2.0NRT",301.32,2.44,"D"
"22229",19.52954,103.14212,332.64,0.39,0.36,"2026-02-16",620,"N20","nominal","2.0NRT",304.54,3.98,"D"
"22230",19.52898,103.13847,338.76,0.39,0.36,"2026-02-16",620,"N20","nominal","2.0NRT",307.75,6.02,"D"
"22231",19.50746,103.00006,334.11,0.39,0.36,"2026-02-16",620,"N20","nominal","2.0NRT",304.65,1.53,"D"
"22232",19.42452,102.45267,333.53,0.39,0.36,"2026-02-16",620,"N20","nominal","2.0NRT",299.82,1.77,"D"
"22233",18.09994,95.14539,367,0.33,0.55,"2026-02-16",620,"N20","high","2.0NRT",313.45,5.35,"D"
"22234",19.31447,101.70918,338.73,0.41,0.37,"2026-02-16",620,"N20","nominal","2.0NRT",305.76,2.2,"D"
"22235",19.77373,104.6569,333.94,0.39,0.36,"2026-02-16",620,"N20","nominal","2.0NRT",302.79,5.15,"D"
"22236",18.13625,95.24689,367,0.32,0.55,"2026-02-16",620,"N20","high","2.0NRT",313.31,5.53,"D"
"22237",18.55322,97.36029,330.51,0.46,0.47,"2026-02-16",620,"N20","nominal","2.0NRT",297.4,8.08,"D"
"22238",18.10608,95.02219,337.61,0.33,0.55,"2026-02-16",620,"N20","low","2.0NRT",308.72,5.72,"D"
"22239",18.14457,95.18593,367,0.32,0.55,"2026-02-16",620,"N20","high","2.0NRT",313.62,6.06,"D"
"22240",19.55336,103.05576,330.38,0.39,0.36,"2026-02-16",620,"N20","low","2.0NRT",304.38,2.52,"D"
"22241",18.14396,95.1829,355.98,0.32,0.55,"2026-02-16",620,"N20","nominal","2.0NRT",316.94,6.06,"D"
"22242",18.11612,95.01999,341.82,0.33,0.55,"2026-02-16",620,"N20","nominal","2.0NRT",309.46,2.87,"D"
"22243",18.12172,95.02175,339.6,0.33,0.55,"2026-02-16",620,"N20","nominal","2.0NRT",305.47,2.87,"D"
"22244",18.14917,95.13165,347.21,0.33,0.55,"2026-02-16",620,"N20","nominal","2.0NRT",310.63,4.3,"D"
"22245",18.58669,97.34888,334.46,0.46,0.47,"2026-02-16",620,"N20","nominal","2.0NRT",299.47,4.94,"D"
"22246",18.16811,95.1999,337.24,0.32,0.55,"2026-02-16",620,"N20","nominal","2.0NRT",308.89,2.23,"D"
"22247",18.16752,95.19697,341.96,0.32,0.55,"2026-02-16",620,"N20","nominal","2.0NRT",311.9,2.23,"D"
"22248",19.78648,104.46449,330.39,0.39,0.36,"2026-02-16",620,"N20","low","2.0NRT",304.66,2.85,"D"
"22249",19.77664,104.39777,334.15,0.39,0.36,"2026-02-16",620,"N20","nominal","2.0NRT",303.13,5.23,"D"
"22250",18.48251,96.75256,341,0.51,0.49,"2026-02-16",620,"N20","nominal","2.0NRT",307.29,7.98,"D"
"22251",18.47888,96.7336,333.02,0.51,0.49,"2026-02-16",620,"N20","nominal","2.0NRT",305.96,3.85,"D"
"22252",18.45483,96.55931,353.03,0.52,0.5,"2026-02-16",620,"N20","nominal","2.0NRT",318.84,20.54,"D"
"22253",19.57263,102.94009,334.05,0.39,0.36,"2026-02-16",620,"N20","nominal","2.0NRT",302.77,2.41,"D"
"22254",19.4433,102.11996,333.17,0.4,0.37,"2026-02-16",620,"N20","low","2.0NRT",307.63,27.18,"D"
"22255",19.78343,104.30595,328.93,0.39,0.36,"2026-02-16",620,"N20","low","2.0NRT",303.36,3.75,"D"
"22256",18.20358,95.17009,337.4,0.32,0.55,"2026-02-16",620,"N20","nominal","2.0NRT",309.92,2.37,"D"
"22257",19.45059,102.12253,334.31,0.4,0.37,"2026-02-16",620,"N20","nominal","2.0NRT",301.53,6.73,"D"
"22258",19.78406,104.24171,334.63,0.39,0.36,"2026-02-16",620,"N20","nominal","2.0NRT",301.33,10.49,"D"
"22259",19.63528,103.23596,334.34,0.38,0.36,"2026-02-16",620,"N20","nominal","2.0NRT",301.2,3.04,"D"
"22260",19.80073,104.26157,332.6,0.39,0.36,"2026-02-16",620,"N20","nominal","2.0NRT",298.7,3.54,"D"
"22261",19.80019,104.25793,332.44,0.39,0.36,"2026-02-16",620,"N20","nominal","2.0NRT",304.41,3.22,"D"
"22262",19.78891,104.13575,334.26,0.39,0.36,"2026-02-16",620,"N20","low","2.0NRT",306.07,5.07,"D"
"22263",19.59966,102.87169,336.32,0.39,0.36,"2026-02-16",620,"N20","nominal","2.0NRT",305.27,3.99,"D"
"22264",19.65508,103.2064,333.41,0.38,0.36,"2026-02-16",620,"N20","nominal","2.0NRT",305.09,2.58,"D"
"22265",18.67121,97.47552,338.32,0.45,0.47,"2026-02-16",620,"N20","nominal","2.0NRT",303.91,4.21,"D"
"22266",19.66776,103.22289,331.03,0.38,0.36,"2026-02-16",620,"N20","low","2.0NRT",302.16,3.69,"D"
"22267",18.67389,97.4664,332.2,0.45,0.47,"2026-02-16",620,"N20","low","2.0NRT",304.02,5.37,"D"
"22268",18.67308,97.46218,339.02,0.45,0.47,"2026-02-16",620,"N20","nominal","2.0NRT",303.89,8.37,"D"
"22269",18.36283,95.87748,343.55,0.58,0.52,"2026-02-16",620,"N20","nominal","2.0NRT",309.35,12.79,"D"
"22270",18.36171,95.87187,336.26,0.58,0.52,"2026-02-16",620,"N20","nominal","2.0NRT",310.58,12.79,"D"
"22271",18.67731,97.46124,339.37,0.45,0.47,"2026-02-16",620,"N20","nominal","2.0NRT",304.04,5.43,"D"
"22272",18.2242,95.16811,335.21,0.32,0.55,"2026-02-16",620,"N20","nominal","2.0NRT",307.3,1.26,"D"
"22273",18.68155,97.46027,339.59,0.45,0.47,"2026-02-16",620,"N20","nominal","2.0NRT",303.37,5.43,"D"
"22274",20.0739,105.91363,331.61,0.43,0.38,"2026-02-16",620,"N20","low","2.0NRT",303.27,2.59,"D"
"22275",19.79416,103.96649,331.09,0.39,0.36,"2026-02-16",620,"N20","low","2.0NRT",304.38,2.35,"D"
"22276",18.69502,97.46152,334.24,0.45,0.47,"2026-02-16",620,"N20","low","2.0NRT",305.2,4.45,"D"
"22277",18.69424,97.45737,331.65,0.45,0.47,"2026-02-16",620,"N20","low","2.0NRT",303.56,2.36,"D"
"22278",18.67184,97.33935,332.97,0.46,0.47,"2026-02-16",620,"N20","low","2.0NRT",304.72,2.63,"D"
"22279",18.38533,95.86665,338.29,0.58,0.52,"2026-02-16",620,"N20","nominal","2.0NRT",308.37,3.58,"D"
"22280",18.53534,96.60529,343.17,0.52,0.5,"2026-02-16",620,"N20","nominal","2.0NRT",316.16,5.96,"D"
"22281",18.70748,97.48075,344.44,0.45,0.47,"2026-02-16",620,"N20","nominal","2.0NRT",305.94,7.63,"D"
"22282",18.23381,95.03644,367,0.33,0.55,"2026-02-16",620,"N20","high","2.0NRT",309.86,3.56,"D"
"22283",19.37533,101.22559,337.46,0.42,0.38,"2026-02-16",620,"N20","nominal","2.0NRT",304.57,12.21,"D"
"22284",18.70165,97.42649,332.51,0.45,0.47,"2026-02-16",620,"N20","nominal","2.0NRT",300.7,6.5,"D"
"22285",18.23442,95.03939,336.67,0.33,0.55,"2026-02-16",620,"N20","nominal","2.0NRT",306.11,3.56,"D"
"22286",18.7074,97.4335,332.31,0.45,0.47,"2026-02-16",620,"N20","low","2.0NRT",303,4.31,"D"
"22287",18.23942,95.03828,355.58,0.33,0.55,"2026-02-16",620,"N20","nominal","2.0NRT",310.04,4.19,"D"
"22288",18.23883,95.03542,342.03,0.33,0.55,"2026-02-16",620,"N20","nominal","2.0NRT",310.09,4.19,"D"
"22289",18.28088,95.19243,339.3,0.32,0.55,"2026-02-16",620,"N20","nominal","2.0NRT",307.59,2.59,"D"
"22290",19.95758,104.89301,342.75,0.4,0.37,"2026-02-16",620,"N20","nominal","2.0NRT",302.12,6.54,"D"
"22291",19.96093,104.89241,332.92,0.4,0.37,"2026-02-16",620,"N20","nominal","2.0NRT",301.1,17.86,"D"
"22292",18.25799,95.00076,338.54,0.33,0.55,"2026-02-16",620,"N20","nominal","2.0NRT",304.92,2.49,"D"
"22293",18.44596,95.89952,332.88,0.58,0.52,"2026-02-16",620,"N20","low","2.0NRT",307.46,5.62,"D"
"22294",19.8779,104.23332,343.51,0.39,0.36,"2026-02-16",620,"N20","nominal","2.0NRT",301.83,9.75,"D"
"22295",19.8812,104.23273,340.9,0.39,0.36,"2026-02-16",620,"N20","nominal","2.0NRT",301.22,9.75,"D"
"22296",19.87797,104.18819,333.68,0.39,0.36,"2026-02-16",620,"N20","nominal","2.0NRT",304.06,3.1,"D"
"22297",19.7275,103.19396,333.62,0.38,0.36,"2026-02-16",620,"N20","low","2.0NRT",304.88,8.96,"D"
"22298",18.29297,95.04507,342.46,0.33,0.55,"2026-02-16",620,"N20","nominal","2.0NRT",310.49,4.6,"D"
"22299",19.88125,104.18756,336.7,0.39,0.36,"2026-02-16",620,"N20","nominal","2.0NRT",299.47,3.1,"D"
"22300",19.92072,104.43069,332.8,0.39,0.36,"2026-02-16",620,"N20","nominal","2.0NRT",298.22,3.43,"D"
"22301",19.81096,103.58151,338.73,0.38,0.36,"2026-02-16",620,"N20","nominal","2.0NRT",304.05,6.43,"D"
"22302",19.968,104.57108,331.59,0.39,0.36,"2026-02-16",620,"N20","nominal","2.0NRT",299.85,3.87,"D"
"22303",18.2923,95.04531,338.29,0.33,0.55,"2026-02-16",620,"N20","low","2.0NRT",309.61,2.47,"D"
"22304",19.45782,101.2584,335.78,0.42,0.38,"2026-02-16",620,"N20","nominal","2.0NRT",303.4,70.11,"D"
"22305",19.98241,104.57634,327.85,0.39,0.36,"2026-02-16",620,"N20","low","2.0NRT",301.7,2.36,"D"
"22306",20.08848,105.29266,330.9,0.41,0.37,"2026-02-16",620,"N20","nominal","2.0NRT",300.51,3.03,"D"
"22307",19.98685,104.58339,332.93,0.39,0.36,"2026-02-16",620,"N20","low","2.0NRT",303.02,14.9,"D"
"22308",18.64457,96.70236,347.5,0.51,0.49,"2026-02-16",620,"N20","nominal","2.0NRT",308.39,9.93,"D"
"22309",18.32408,95.07314,367,0.33,0.55,"2026-02-16",620,"N20","high","2.0NRT",312.28,6.23,"D"
"22310",19.99238,104.59798,329.1,0.39,0.36,"2026-02-16",620,"N20","nominal","2.0NRT",298.59,1.39,"D"
"22311",18.77775,97.36968,336.35,0.46,0.47,"2026-02-16",620,"N20","low","2.0NRT",306.52,4.27,"D"
"22312",18.77689,97.36518,341.68,0.46,0.47,"2026-02-16",620,"N20","nominal","2.0NRT",306.56,4.27,"D"
"22313",18.32907,95.07208,367,0.33,0.55,"2026-02-16",620,"N20","high","2.0NRT",309.44,6.23,"D"
"22314",19.99241,104.57472,343,0.39,0.36,"2026-02-16",620,"N20","nominal","2.0NRT",299.14,8.25,"D"
"22315",18.33535,95.05177,348.68,0.33,0.55,"2026-02-16",620,"N20","nominal","2.0NRT",309.01,4.8,"D"
"22316",19.72666,102.75037,334.81,0.39,0.36,"2026-02-16",620,"N20","nominal","2.0NRT",304.59,3.76,"D"
"22317",18.51206,95.90674,334.94,0.57,0.52,"2026-02-16",620,"N20","nominal","2.0NRT",303.68,6.34,"D"
"22318",18.63326,96.50006,343.36,0.52,0.5,"2026-02-16",620,"N20","nominal","2.0NRT",316.88,8.45,"D"
"22319",20.10788,105.25794,339.2,0.41,0.37,"2026-02-16",620,"N20","nominal","2.0NRT",295.47,3.22,"D"
"22320",18.41818,95.36,344.34,0.62,0.54,"2026-02-16",620,"N20","nominal","2.0NRT",317.56,8.84,"D"
"22321",18.51532,95.82359,339.82,0.58,0.52,"2026-02-16",620,"N20","nominal","2.0NRT",309.15,4.24,"D"
"22322",18.50246,95.75844,347.19,0.59,0.53,"2026-02-16",620,"N20","low","2.0NRT",318.09,58.61,"D"
"22323",18.50827,95.76276,339.31,0.59,0.52,"2026-02-16",620,"N20","low","2.0NRT",312.65,4.95,"D"
"22324",18.40309,95.23347,348.53,0.32,0.54,"2026-02-16",620,"N20","nominal","2.0NRT",316.68,12.39,"D"
"22325",18.53681,95.88283,333.42,0.57,0.52,"2026-02-16",620,"N20","low","2.0NRT",306.75,7.84,"D"
"22326",18.52588,95.82712,342.6,0.58,0.52,"2026-02-16",620,"N20","nominal","2.0NRT",308.12,5.96,"D"
"22327",18.53956,95.84664,337.93,0.58,0.52,"2026-02-16",620,"N20","low","2.0NRT",309.64,6.97,"D"
"22328",19.29476,99.93205,336.37,0.48,0.4,"2026-02-16",620,"N20","nominal","2.0NRT",303.7,3.86,"D"
"22329",18.84517,97.42239,333.77,0.45,0.47,"2026-02-16",620,"N20","low","2.0NRT",306.11,3.56,"D"
"22330",18.54968,95.87328,340.44,0.57,0.52,"2026-02-16",620,"N20","nominal","2.0NRT",306.94,25.16,"D"
"22331",19.29842,99.93149,331.48,0.48,0.4,"2026-02-16",620,"N20","low","2.0NRT",303.08,2.81,"D"
"22332",18.85095,97.42976,340.64,0.45,0.47,"2026-02-16",620,"N20","nominal","2.0NRT",309.91,4.55,"D"
"22333",18.55435,95.87206,340.53,0.57,0.52,"2026-02-16",620,"N20","nominal","2.0NRT",306.38,13.33,"D"
"22334",18.55326,95.86642,341.35,0.58,0.52,"2026-02-16",620,"N20","low","2.0NRT",315.92,13.33,"D"
"22335",18.40426,95.08411,367,0.33,0.55,"2026-02-16",620,"N20","high","2.0NRT",309.3,6.35,"D"
"22336",18.55798,95.86544,340.96,0.58,0.52,"2026-02-16",620,"N20","nominal","2.0NRT",308.47,13.33,"D"
"22337",20.16463,105.4122,332.47,0.41,0.37,"2026-02-16",620,"N20","nominal","2.0NRT",297.37,5.43,"D"
"22338",18.84911,97.37231,335.57,0.46,0.47,"2026-02-16",620,"N20","nominal","2.0NRT",304.12,2.36,"D"
"22339",19.33965,100.06306,333.68,0.47,0.4,"2026-02-16",620,"N20","nominal","2.0NRT",304.51,2.34,"D"
"22340",20.00585,104.2043,333.34,0.39,0.36,"2026-02-16",620,"N20","nominal","2.0NRT",295.46,2.45,"D"
"22341",19.85245,103.18994,331.97,0.38,0.36,"2026-02-16",620,"N20","nominal","2.0NRT",305.06,1.27,"D"
"22342",19.33992,100.06001,332.28,0.47,0.4,"2026-02-16",620,"N20","low","2.0NRT",302.92,3.61,"D"
"22343",20.17391,105.327,332.72,0.41,0.37,"2026-02-16",620,"N20","nominal","2.0NRT",297.1,3.08,"D"
"22344",18.55505,95.87011,340.8,0.57,0.52,"2026-02-16",620,"N20","nominal","2.0NRT",310.74,21.09,"D"
"22345",18.55391,95.86448,340.58,0.57,0.52,"2026-02-16",620,"N20","nominal","2.0NRT",310.74,15.68,"D"
"22346",20.18067,105.32555,333.16,0.41,0.37,"2026-02-16",620,"N20","nominal","2.0NRT",301.97,13.09,"D"
"22347",20.18015,105.32183,335.33,0.41,0.37,"2026-02-16",620,"N20","nominal","2.0NRT",299.39,13.09,"D"
"22348",18.4042,95.08328,367,0.33,0.55,"2026-02-16",620,"N20","high","2.0NRT",310.29,7.2,"D"
"22349",18.87242,97.43176,331.12,0.45,0.47,"2026-02-16",620,"N20","low","2.0NRT",302.93,2.89,"D"
"22350",19.88122,103.24104,351.89,0.38,0.36,"2026-02-16",620,"N20","nominal","2.0NRT",312.24,9.48,"D"
"22351",19.93123,103.54608,336.03,0.38,0.36,"2026-02-16",620,"N20","nominal","2.0NRT",304.24,4.08,"D"
"22352",18.25687,94.32572,330.5,0.37,0.58,"2026-02-16",620,"N20","nominal","2.0NRT",302.35,2.9,"D"
"22353",18.25614,94.32224,329.66,0.37,0.58,"2026-02-16",620,"N20","nominal","2.0NRT",303.16,1.34,"D"
"22354",19.93336,103.49352,341.48,0.38,0.36,"2026-02-16",620,"N20","nominal","2.0NRT",311.56,5.64,"D"
"22355",18.38684,94.87235,331.12,0.34,0.56,"2026-02-16",620,"N20","nominal","2.0NRT",303.36,1.86,"D"
"22356",18.38447,94.86085,335.88,0.34,0.56,"2026-02-16",620,"N20","nominal","2.0NRT",303.11,2.75,"D"
"22357",19.9372,103.4966,333.15,0.38,0.36,"2026-02-16",620,"N20","nominal","2.0NRT",305.84,2.42,"D"
"22358",19.93665,103.49297,337.68,0.38,0.36,"2026-02-16",620,"N20","nominal","2.0NRT",305.53,3.79,"D"
"22359",18.86941,97.27731,329.34,0.46,0.47,"2026-02-16",620,"N20","low","2.0NRT",302.61,3.31,"D"
"22360",18.42794,95.0215,367,0.33,0.55,"2026-02-16",620,"N20","high","2.0NRT",311.93,6.89,"D"
"22361",18.42912,95.02731,336.11,0.33,0.55,"2026-02-16",620,"N20","low","2.0NRT",310.26,1.7,"D"
"22362",18.4341,95.02615,338.42,0.33,0.55,"2026-02-16",620,"N20","nominal","2.0NRT",311.28,2.33,"D"
"22363",18.60614,95.83038,342.59,0.58,0.52,"2026-02-16",620,"N20","nominal","2.0NRT",310.91,6.83,"D"
"22364",19.93526,103.32895,335.37,0.38,0.36,"2026-02-16",620,"N20","nominal","2.0NRT",306.79,2.09,"D"
"22365",18.63644,95.78408,344.46,0.58,0.52,"2026-02-16",620,"N20","nominal","2.0NRT",315,10.98,"D"
"22366",18.64434,95.79922,343.33,0.58,0.52,"2026-02-16",620,"N20","nominal","2.0NRT",315.91,8.06,"D"
"22367",20.08165,104.12009,331.36,0.39,0.36,"2026-02-16",620,"N20","nominal","2.0NRT",303.46,1.32,"D"
"22368",18.64641,95.75935,343.96,0.58,0.52,"2026-02-16",620,"N20","low","2.0NRT",315.68,5.11,"D"
"22369",19.97148,103.32275,342.12,0.38,0.36,"2026-02-16",620,"N20","nominal","2.0NRT",312,17.66,"D"
"22370",19.65083,101.27495,333.53,0.42,0.38,"2026-02-16",620,"N20","nominal","2.0NRT",303.97,2.65,"D"
"22371",18.67064,95.78238,349.93,0.58,0.52,"2026-02-16",620,"N20","nominal","2.0NRT",315.4,8.26,"D"
"22372",20.05486,103.828,340.65,0.39,0.36,"2026-02-16",620,"N20","nominal","2.0NRT",308.55,5.01,"D"
"22373",18.64611,95.75709,345.33,0.58,0.52,"2026-02-16",620,"N20","low","2.0NRT",315.42,8.63,"D"
"22374",18.67053,95.78008,348.68,0.58,0.52,"2026-02-16",620,"N20","nominal","2.0NRT",315.05,9.8,"D"
"22375",19.91889,102.67535,335.67,0.39,0.36,"2026-02-16",620,"N20","nominal","2.0NRT",301.33,1.87,"D"
"22376",19.65574,101.01102,345.46,0.43,0.38,"2026-02-16",620,"N20","nominal","2.0NRT",306.46,8.99,"D"
"22377",18.69855,95.79687,351.4,0.58,0.52,"2026-02-16",620,"N20","nominal","2.0NRT",312.04,8.84,"D"
"22378",18.51421,94.88548,340.3,0.33,0.56,"2026-02-16",620,"N20","nominal","2.0NRT",311.55,4.17,"D"
"22379",18.6968,95.76334,340.62,0.58,0.52,"2026-02-16",620,"N20","nominal","2.0NRT",313.12,4.98,"D"
"22380",18.54233,94.97188,337.65,0.33,0.55,"2026-02-16",620,"N20","nominal","2.0NRT",310.02,1.76,"D"
"22381",20.01827,103.20605,336.51,0.38,0.36,"2026-02-16",620,"N20","nominal","2.0NRT",300.75,7.42,"D"
"22382",20.01771,103.20242,343.44,0.38,0.36,"2026-02-16",620,"N20","nominal","2.0NRT",306.77,7.84,"D"
"22383",20.02156,103.20548,330.62,0.38,0.36,"2026-02-16",620,"N20","nominal","2.0NRT",297.09,9.61,"D"
"22384",20.021,103.20186,346.52,0.38,0.36,"2026-02-16",620,"N20","nominal","2.0NRT",311.4,30.31,"D"
"22385",19.02931,97.40558,334.57,0.45,0.47,"2026-02-16",620,"N20","nominal","2.0NRT",296.77,3.66,"D"
"22386",20.07433,103.52891,338.67,0.38,0.36,"2026-02-16",620,"N20","nominal","2.0NRT",305.64,3.97,"D"
"22387",18.70924,95.72646,341.83,0.58,0.52,"2026-02-16",620,"N20","nominal","2.0NRT",313.9,12.87,"D"
"22388",20.97283,110.28117,332.15,0.5,0.49,"2026-02-16",620,"N20","nominal","2.0NRT",300.21,2.95,"D"
"22389",18.55057,94.90952,338.68,0.33,0.55,"2026-02-16",620,"N20","low","2.0NRT",310.01,1.98,"D"
"22390",19.88183,102.24696,334.31,0.39,0.37,"2026-02-16",620,"N20","nominal","2.0NRT",304.63,2.87,"D"
"22391",19.84161,101.99543,333.74,0.4,0.37,"2026-02-16",620,"N20","low","2.0NRT",305.83,2.68,"D"
"22392",19.84103,101.99178,330.89,0.4,0.37,"2026-02-16",620,"N20","low","2.0NRT",304.69,2.68,"D"
"22393",18.56669,94.96334,340.38,0.33,0.55,"2026-02-16",620,"N20","nominal","2.0NRT",309.1,2.32,"D"
"22394",18.54694,94.83979,338.72,0.34,0.56,"2026-02-16",620,"N20","nominal","2.0NRT",304.15,2.89,"D"
"22395",20.12169,103.75278,330.02,0.38,0.36,"2026-02-16",620,"N20","low","2.0NRT",301.6,4.58,"D"
"22396",20.1628,103.9594,348.54,0.39,0.36,"2026-02-16",620,"N20","nominal","2.0NRT",302.9,8.69,"D"
"22397",20.14638,103.82719,330.01,0.39,0.36,"2026-02-16",620,"N20","nominal","2.0NRT",304.37,1.85,"D"
"22398",20.01386,102.91467,332.9,0.39,0.36,"2026-02-16",620,"N20","nominal","2.0NRT",301.57,4.28,"D"
"22399",19.93988,102.27142,331.64,0.39,0.36,"2026-02-16",620,"N20","low","2.0NRT",303.89,2.94,"D"
"22400",18.78526,95.7826,354.42,0.58,0.52,"2026-02-16",620,"N20","nominal","2.0NRT",315.84,28.22,"D"
"22401",19.08302,97.25265,332.51,0.46,0.47,"2026-02-16",620,"N20","low","2.0NRT",305.51,2.51,"D"
"22402",19.08478,97.23858,333.46,0.46,0.47,"2026-02-16",620,"N20","low","2.0NRT",306.74,5.57,"D"
"22403",18.67023,95.13991,355.61,0.32,0.54,"2026-02-16",620,"N20","nominal","2.0NRT",317.78,6.59,"D"
"22404",18.63845,94.98441,340.15,0.33,0.55,"2026-02-16",620,"N20","nominal","2.0NRT",309.63,1.44,"D"
"22405",18.63664,94.97554,334.09,0.33,0.55,"2026-02-16",620,"N20","nominal","2.0NRT",307.48,1.23,"D"
"22406",18.64404,94.98628,367,0.33,0.55,"2026-02-16",620,"N20","high","2.0NRT",315.65,9.52,"D"
"22407",18.64344,94.98333,367,0.33,0.55,"2026-02-16",620,"N20","high","2.0NRT",318.43,9.52,"D"
"22408",18.79971,95.75636,341.15,0.58,0.52,"2026-02-16",620,"N20","nominal","2.0NRT",309.39,4.91,"D"
"22409",18.79863,95.75094,343.64,0.58,0.52,"2026-02-16",620,"N20","nominal","2.0NRT",311.22,8.52,"D"
"22410",18.64465,94.98925,339.11,0.33,0.55,"2026-02-16",620,"N20","nominal","2.0NRT",311.42,3.76,"D"
"22411",18.64283,94.98038,339.88,0.33,0.55,"2026-02-16",620,"N20","nominal","2.0NRT",313.43,6.8,"D"
"22412",20.45685,105.50145,333.91,0.42,0.37,"2026-02-16",620,"N20","nominal","2.0NRT",303.74,6.16,"D"
"22413",18.66152,94.96988,367,0.33,0.55,"2026-02-16",620,"N20","high","2.0NRT",312.64,8.83,"D"
"22414",18.82187,95.76865,334.5,0.58,0.52,"2026-02-16",620,"N20","nominal","2.0NRT",308.76,4.28,"D"
"22415",20.47218,105.5107,336.96,0.42,0.37,"2026-02-16",620,"N20","nominal","2.0NRT",299.22,4.39,"D"
"22416",20.24739,103.93392,336.78,0.39,0.36,"2026-02-16",620,"N20","nominal","2.0NRT",303.89,1.78,"D"
"22417",18.81194,95.66875,345.8,0.59,0.53,"2026-02-16",620,"N20","nominal","2.0NRT",317.3,6.92,"D"
"22418",18.67239,94.94639,367,0.33,0.55,"2026-02-16",620,"N20","high","2.0NRT",310.44,7.06,"D"
"22419",18.67731,94.94493,332.29,0.33,0.55,"2026-02-16",620,"N20","nominal","2.0NRT",306.84,1.68,"D"
"22420",20.49102,105.54487,337.53,0.42,0.38,"2026-02-16",620,"N20","nominal","2.0NRT",302.32,8.34,"D"
"22421",18.70592,95.03551,367,0.32,0.55,"2026-02-16",620,"N20","high","2.0NRT",319.57,13.48,"D"
"22422",19.14637,97.30637,338.68,0.45,0.47,"2026-02-16",620,"N20","nominal","2.0NRT",305.73,5.95,"D"
"22423",18.70532,95.03252,337.1,0.32,0.55,"2026-02-16",620,"N20","nominal","2.0NRT",311.77,13.48,"D"
"22424",18.71633,95.06166,355.39,0.32,0.55,"2026-02-16",620,"N20","nominal","2.0NRT",317.5,7.43,"D"
"22425",18.71891,95.04869,340.66,0.32,0.55,"2026-02-16",620,"N20","nominal","2.0NRT",309.55,1.58,"D"
"22426",20.05459,102.49981,329.59,0.39,0.36,"2026-02-16",620,"N20","low","2.0NRT",304.19,7.68,"D"
"22427",18.72273,95.01596,355.11,0.32,0.55,"2026-02-16",620,"N20","nominal","2.0NRT",314.4,4.86,"D"
"22428",18.87386,95.7577,347.49,0.58,0.52,"2026-02-16",620,"N20","nominal","2.0NRT",314.52,14.45,"D"
"22429",18.73316,95.04235,353.65,0.32,0.55,"2026-02-16",620,"N20","nominal","2.0NRT",310.55,3.1,"D"
"22430",18.73254,95.03923,352.68,0.32,0.55,"2026-02-16",620,"N20","nominal","2.0NRT",312.26,3.1,"D"
"22431",20.06294,102.50961,335.05,0.39,0.36,"2026-02-16",620,"N20","nominal","2.0NRT",303.73,3.55,"D"
"22432",18.87694,95.72287,340.73,0.58,0.52,"2026-02-16",620,"N20","nominal","2.0NRT",310.31,2.93,"D"
"22433",18.87403,95.75543,345.45,0.58,0.52,"2026-02-16",620,"N20","nominal","2.0NRT",314.86,19.27,"D"
"22434",18.72241,95.01445,350.48,0.32,0.55,"2026-02-16",620,"N20","nominal","2.0NRT",314.81,5.32,"D"
"22435",18.73303,95.04075,367,0.32,0.55,"2026-02-16",620,"N20","high","2.0NRT",311.74,6.93,"D"
"22436",18.87794,95.72597,345.24,0.58,0.52,"2026-02-16",620,"N20","nominal","2.0NRT",313.46,10.83,"D"
"22437",18.88157,95.71947,347.24,0.58,0.52,"2026-02-16",620,"N20","nominal","2.0NRT",310.9,10.95,"D"
"22438",18.88051,95.71423,343.21,0.58,0.52,"2026-02-16",620,"N20","nominal","2.0NRT",312.3,5.6,"D"
"22439",18.70961,94.87691,333.47,0.33,0.55,"2026-02-16",620,"N20","low","2.0NRT",307.23,4.51,"D"
"22440",18.75103,95.05275,367,0.32,0.55,"2026-02-16",620,"N20","high","2.0NRT",314.69,12.37,"D"
"22441",18.75038,95.0496,351.82,0.32,0.55,"2026-02-16",620,"N20","nominal","2.0NRT",315.55,12.13,"D"
"22442",18.71591,94.88209,340.45,0.33,0.55,"2026-02-16",620,"N20","nominal","2.0NRT",307.44,2.66,"D"
"22443",18.71532,94.8792,340.55,0.33,0.55,"2026-02-16",620,"N20","nominal","2.0NRT",308.87,2.66,"D"
"22444",18.75598,95.05169,367,0.32,0.55,"2026-02-16",620,"N20","high","2.0NRT",316.56,8.37,"D"
"22445",18.75533,95.04855,367,0.32,0.55,"2026-02-16",620,"N20","high","2.0NRT",315.1,15.33,"D"
"22446",19.18814,97.23212,336.71,0.46,0.47,"2026-02-16",620,"N20","nominal","2.0NRT",302.05,3.25,"D"
"22447",18.72097,94.88123,334.01,0.33,0.55,"2026-02-16",620,"N20","nominal","2.0NRT",306.49,1.71,"D"
"22448",18.71623,94.85821,331.57,0.33,0.55,"2026-02-16",620,"N20","low","2.0NRT",305.82,2.59,"D"
"22449",18.76091,95.05053,346.7,0.32,0.55,"2026-02-16",620,"N20","nominal","2.0NRT",311.8,8.37,"D"
"22450",18.73598,94.87793,341.39,0.33,0.55,"2026-02-16",620,"N20","nominal","2.0NRT",307.03,2.12,"D"
"22451",18.7354,94.8751,334.13,0.33,0.55,"2026-02-16",620,"N20","nominal","2.0NRT",308.46,2.12,"D"
"22452",20.08636,102.27196,333.8,0.39,0.36,"2026-02-16",620,"N20","nominal","2.0NRT",304.33,2.46,"D"
"22453",18.73433,94.84428,331.18,0.33,0.55,"2026-02-16",620,"N20","nominal","2.0NRT",305.57,2.38,"D"
"22454",18.73371,94.84128,346.27,0.33,0.55,"2026-02-16",620,"N20","nominal","2.0NRT",306.85,4.3,"D"
"22455",18.73311,94.83833,344.4,0.33,0.55,"2026-02-16",620,"N20","nominal","2.0NRT",304.73,4.3,"D"
"22456",18.73255,94.83558,334.33,0.33,0.56,"2026-02-16",620,"N20","nominal","2.0NRT",303.89,3.04,"D"
"22457",20.3499,103.96178,335.87,0.39,0.36,"2026-02-16",620,"N20","nominal","2.0NRT",302.3,7.19,"D"
"22458",18.9235,95.75664,339.14,0.58,0.52,"2026-02-16",620,"N20","nominal","2.0NRT",305.55,3.01,"D"
"22459",19.24484,97.36781,334.03,0.45,0.47,"2026-02-16",620,"N20","low","2.0NRT",305.91,5.44,"D"
"22460",18.75276,94.8318,335.76,0.33,0.55,"2026-02-16",620,"N20","nominal","2.0NRT",307.58,2.52,"D"
"22461",20.10181,102.26155,335.4,0.39,0.36,"2026-02-16",620,"N20","nominal","2.0NRT",307.2,1.37,"D"
"22462",18.75786,94.83111,333.36,0.33,0.55,"2026-02-16",620,"N20","low","2.0NRT",306.28,2.52,"D"
"22463",18.75724,94.82803,352.32,0.33,0.56,"2026-02-16",620,"N20","nominal","2.0NRT",310.36,4.45,"D"
"22464",18.75664,94.82508,337.81,0.33,0.56,"2026-02-16",620,"N20","low","2.0NRT",307.95,4.45,"D"
"22465",18.75989,94.81528,338.27,0.33,0.56,"2026-02-16",620,"N20","nominal","2.0NRT",305.38,2.81,"D"
"22466",18.8184,95.02805,367,0.32,0.55,"2026-02-16",620,"N20","high","2.0NRT",312.62,8.73,"D"
"22467",18.81901,95.03106,343.15,0.32,0.55,"2026-02-16",620,"N20","nominal","2.0NRT",311.51,4.96,"D"
"22468",18.82132,94.96494,367,0.33,0.55,"2026-02-16",620,"N20","high","2.0NRT",310.47,27.55,"D"
"22469",18.80334,94.87502,347.95,0.33,0.55,"2026-02-16",620,"N20","nominal","2.0NRT",309.58,3.13,"D"
"22470",18.86857,95.17665,336.71,0.63,0.54,"2026-02-16",620,"N20","nominal","2.0NRT",307.29,5.13,"D"
"22471",19.3041,97.4269,335.36,0.44,0.46,"2026-02-16",620,"N20","low","2.0NRT",306.72,5.81,"D"
"22472",19.30326,97.42235,349.81,0.44,0.46,"2026-02-16",620,"N20","nominal","2.0NRT",309.76,14.49,"D"
"22473",18.96658,95.64978,341.94,0.58,0.52,"2026-02-16",620,"N20","nominal","2.0NRT",313.3,7.35,"D"
"22474",19.30918,97.43074,345.45,0.44,0.46,"2026-02-16",620,"N20","nominal","2.0NRT",309.6,5.81,"D"
"22475",19.30408,97.42722,332.53,0.44,0.46,"2026-02-16",620,"N20","low","2.0NRT",306.11,4.84,"D"
"22476",19.3032,97.42268,342.79,0.44,0.46,"2026-02-16",620,"N20","nominal","2.0NRT",309,3.22,"D"
"22477",19.30234,97.41821,335.48,0.44,0.46,"2026-02-16",620,"N20","low","2.0NRT",308.62,3.22,"D"
"22478",19.3092,97.43111,348.04,0.44,0.46,"2026-02-16",620,"N20","nominal","2.0NRT",309.04,6.42,"D"
"22479",19.30654,97.41728,341.44,0.44,0.46,"2026-02-16",620,"N20","nominal","2.0NRT",312.82,7.46,"D"
"22480",18.821,94.96272,367,0.32,0.55,"2026-02-16",620,"N20","high","2.0NRT",319.94,26.73,"D"
"22481",19.31254,97.4257,333.51,0.44,0.46,"2026-02-16",620,"N20","low","2.0NRT",308.33,6.42,"D"
"22482",19.31171,97.42138,345.12,0.44,0.46,"2026-02-16",620,"N20","nominal","2.0NRT",311.91,7.46,"D"
"22483",19.30424,97.38244,340.49,0.45,0.47,"2026-02-16",620,"N20","nominal","2.0NRT",307.46,2.61,"D"
"22484",18.80299,94.87593,335.05,0.33,0.55,"2026-02-16",620,"N20","nominal","2.0NRT",308.84,2.06,"D"
"22485",20.28998,103.04936,332.85,0.38,0.36,"2026-02-16",620,"N20","nominal","2.0NRT",301.84,2.26,"D"
"22486",19.31677,97.42499,340.11,0.44,0.46,"2026-02-16",620,"N20","nominal","2.0NRT",305.45,5.36,"D"
"22487",19.31594,97.42062,355.59,0.44,0.46,"2026-02-16",620,"N20","nominal","2.0NRT",311.01,12.16,"D"
"22488",18.80803,94.87501,337.57,0.33,0.55,"2026-02-16",620,"N20","nominal","2.0NRT",307.3,1.94,"D"
"22489",20.54883,104.76655,334.68,0.4,0.37,"2026-02-16",620,"N20","nominal","2.0NRT",299.36,3.11,"D"
"22490",20.46272,104.17316,330.89,0.39,0.36,"2026-02-16",620,"N20","nominal","2.0NRT",298.15,4.56,"D"
"22491",18.97806,95.65597,342.12,0.58,0.52,"2026-02-16",620,"N20","low","2.0NRT",315.57,39.25,"D"
"22492",19.1103,96.29367,342.23,0.53,0.5,"2026-02-16",620,"N20","nominal","2.0NRT",316.3,8.93,"D"
"22493",18.84467,94.92619,367,0.33,0.55,"2026-02-16",620,"N20","high","2.0NRT",312.52,8.3,"D"
"22494",19.12607,96.32568,340.93,0.52,0.5,"2026-02-16",620,"N20","nominal","2.0NRT",310.77,12.74,"D"
"22495",19.12511,96.32081,347.01,0.52,0.5,"2026-02-16",620,"N20","nominal","2.0NRT",319.78,12.74,"D"
"22496",18.84406,94.92324,348.42,0.33,0.55,"2026-02-16",620,"N20","nominal","2.0NRT",309.46,8.3,"D"
"22497",19.34433,97.38571,341.5,0.45,0.47,"2026-02-16",620,"N20","nominal","2.0NRT",309.67,3.65,"D"
"22498",19.34363,97.38203,334.57,0.45,0.47,"2026-02-16",620,"N20","low","2.0NRT",308.48,3.55,"D"
"22499",18.98923,95.53859,344.3,0.59,0.53,"2026-02-16",620,"N20","low","2.0NRT",315.76,5.25,"D"
"22500",19.93099,100.61733,331.81,0.44,0.38,"2026-02-16",620,"N20","nominal","2.0NRT",299.94,4.45,"D"
"22501",19.35554,97.39865,355.62,0.44,0.46,"2026-02-16",620,"N20","nominal","2.0NRT",311.81,12.97,"D"
"22502",19.3513,97.37621,351.17,0.45,0.47,"2026-02-16",620,"N20","nominal","2.0NRT",310.51,8.44,"D"
"22503",19.35973,97.39767,352.03,0.44,0.46,"2026-02-16",620,"N20","nominal","2.0NRT",311.68,12.97,"D"
"22504",19.359,97.39382,354.8,0.44,0.46,"2026-02-16",620,"N20","nominal","2.0NRT",315.85,38.91,"D"
"22505",19.35693,97.38283,342.47,0.45,0.47,"2026-02-16",620,"N20","nominal","2.0NRT",311.97,5.36,"D"
"22506",19.35324,97.36325,341.4,0.45,0.47,"2026-02-16",620,"N20","nominal","2.0NRT",309.15,4.86,"D"
"22507",18.90673,95.05286,338.57,0.32,0.55,"2026-02-16",620,"N20","nominal","2.0NRT",312.16,2.23,"D"
"22508",19.36814,97.39585,340,0.44,0.46,"2026-02-16",620,"N20","nominal","2.0NRT",309.63,4.2,"D"
"22509",19.36745,97.39214,342.96,0.44,0.46,"2026-02-16",620,"N20","nominal","2.0NRT",308.13,14.12,"D"
"22510",19.36677,97.38854,349.3,0.44,0.46,"2026-02-16",620,"N20","nominal","2.0NRT",311.3,14.12,"D"
"22511",19.36399,97.37375,348.59,0.45,0.47,"2026-02-16",620,"N20","nominal","2.0NRT",307.22,8.61,"D"
"22512",18.8721,94.85625,338.46,0.33,0.55,"2026-02-16",620,"N20","nominal","2.0NRT",304.32,4.35,"D"
"22513",18.87155,94.85352,337.04,0.33,0.55,"2026-02-16",620,"N20","nominal","2.0NRT",304.59,4.88,"D"
"22514",20.54425,104.42742,333.84,0.39,0.36,"2026-02-16",620,"N20","nominal","2.0NRT",302.83,3.11,"D"
"22515",19.37099,97.3877,339.76,0.44,0.46,"2026-02-16",620,"N20","nominal","2.0NRT",307.86,10.14,"D"
"22516",19.36889,97.37653,344.31,0.45,0.47,"2026-02-16",620,"N20","nominal","2.0NRT",309.02,8.94,"D"
"22517",18.87649,94.85213,332.67,0.33,0.55,"2026-02-16",620,"N20","low","2.0NRT",304.83,3.12,"D"
"22518",19.37518,97.38671,340.27,0.44,0.46,"2026-02-16",620,"N20","nominal","2.0NRT",304.06,10.14,"D"
"22519",19.3738,97.37935,346.38,0.45,0.47,"2026-02-16",620,"N20","nominal","2.0NRT",315.08,51.37,"D"
"22520",19.37311,97.37567,340.04,0.45,0.47,"2026-02-16",620,"N20","nominal","2.0NRT",311.96,8.94,"D"
"22521",19.3787,97.38209,344.3,0.44,0.46,"2026-02-16",620,"N20","nominal","2.0NRT",308.27,46.28,"D"
"22522",19.37802,97.37846,352.3,0.45,0.47,"2026-02-16",620,"N20","low","2.0NRT",322.39,46.28,"D"
"22523",19.37733,97.37484,347,0.45,0.47,"2026-02-16",620,"N20","nominal","2.0NRT",312.58,23.9,"D"
"22524",20.39682,103.34949,345.98,0.38,0.36,"2026-02-16",620,"N20","nominal","2.0NRT",303.9,6.14,"D"
"22525",20.52843,104.20413,333.35,0.39,0.36,"2026-02-16",620,"N20","nominal","2.0NRT",296.47,2.58,"D"
"22526",20.4001,103.34892,336.98,0.38,0.36,"2026-02-16",620,"N20","nominal","2.0NRT",299.06,6.14,"D"
"22527",20.50812,104.02153,331.96,0.39,0.36,"2026-02-16",620,"N20","nominal","2.0NRT",298.86,1.81,"D"
"22528",19.06154,95.55196,367,0.59,0.53,"2026-02-16",620,"N20","high","2.0NRT",318.04,71.44,"D"
"22529",20.27608,102.37513,335.42,0.39,0.36,"2026-02-16",620,"N20","nominal","2.0NRT",307.73,3.25,"D"
"22530",19.06181,95.55552,344.37,0.59,0.53,"2026-02-16",620,"N20","low","2.0NRT",314.44,65.04,"D"
"22531",19.06547,95.54906,349,0.59,0.53,"2026-02-16",620,"N20","nominal","2.0NRT",317.98,13.93,"D"
"22532",19.07026,95.54815,344.98,0.59,0.53,"2026-02-16",620,"N20","low","2.0NRT",315.76,13.93,"D"
"22533",19.2428,96.38862,342.64,0.52,0.5,"2026-02-16",620,"N20","low","2.0NRT",315.94,9.64,"D"
"22534",18.95279,94.94739,336.87,0.32,0.55,"2026-02-16",620,"N20","nominal","2.0NRT",310.83,1.92,"D"
"22535",21.31287,109.77856,330.07,0.47,0.48,"2026-02-16",620,"N20","nominal","2.0NRT",298.73,3.31,"D"
"22536",18.9438,94.8784,336.9,0.33,0.55,"2026-02-16",620,"N20","nominal","2.0NRT",307.23,2.58,"D"
"22537",18.94317,94.87534,344.02,0.33,0.55,"2026-02-16",620,"N20","nominal","2.0NRT",308.56,2.58,"D"
"22538",19.25918,96.40044,340.19,0.51,0.5,"2026-02-16",620,"N20","nominal","2.0NRT",310.58,3.75,"D"
"22539",19.13653,95.75523,336.42,0.57,0.52,"2026-02-16",620,"N20","low","2.0NRT",308.95,6.64,"D"
"22540",19.14489,95.74799,337.33,0.57,0.52,"2026-02-16",620,"N20","low","2.0NRT",308.38,5.75,"D"
"22541",19.13657,95.6814,342.02,0.58,0.52,"2026-02-16",620,"N20","low","2.0NRT",314.12,22.7,"D"
"22542",19.10168,95.50629,338.17,0.59,0.53,"2026-02-16",620,"N20","low","2.0NRT",311.2,6.25,"D"
"22543",19.15253,95.71227,347.73,0.57,0.52,"2026-02-16",620,"N20","nominal","2.0NRT",312.84,7.18,"D"
"22544",19.15144,95.70678,345.57,0.57,0.52,"2026-02-16",620,"N20","nominal","2.0NRT",311.74,8.1,"D"
"22545",19.02979,94.99535,332.47,0.32,0.55,"2026-02-16",620,"N20","nominal","2.0NRT",306.68,0.92,"D"
"22546",19.43422,97.02659,348.88,0.47,0.48,"2026-02-16",620,"N20","nominal","2.0NRT",304.64,13.94,"D"
"22547",19.17323,95.66759,342.72,0.58,0.52,"2026-02-16",620,"N20","nominal","2.0NRT",312.68,7.52,"D"
"22548",19.61084,97.95633,339.24,0.41,0.45,"2026-02-16",620,"N20","nominal","2.0NRT",298.64,3.1,"D"
"22549",19.18752,95.71552,337.4,0.57,0.52,"2026-02-16",620,"N20","nominal","2.0NRT",308.63,3.61,"D"
"22550",19.17794,95.66649,342,0.58,0.52,"2026-02-16",620,"N20","low","2.0NRT",313.22,6.23,"D"
"22551",19.50742,97.37083,333.01,0.44,0.46,"2026-02-16",620,"N20","low","2.0NRT",304.12,5.43,"D"
"22552",19.20799,95.79545,336.21,0.57,0.52,"2026-02-16",620,"N20","low","2.0NRT",306.27,2.39,"D"
"22553",19.16939,95.57237,348.44,0.59,0.52,"2026-02-16",620,"N20","nominal","2.0NRT",310.78,12.99,"D"
"22554",19.71034,98.43863,345.54,0.57,0.43,"2026-02-16",620,"N20","nominal","2.0NRT",301.33,13.72,"D"
"22555",19.51724,97.37662,332.41,0.44,0.46,"2026-02-16",620,"N20","low","2.0NRT",306.14,4.3,"D"
"22556",19.1984,95.69581,352.08,0.57,0.52,"2026-02-16",620,"N20","nominal","2.0NRT",314.17,11.26,"D"
"22557",19.70944,98.43719,345.87,0.57,0.43,"2026-02-16",620,"N20","nominal","2.0NRT",302.45,12,"D"
"22558",19.50761,97.37196,331.4,0.44,0.46,"2026-02-16",620,"N20","low","2.0NRT",303.5,2.97,"D"
"22559",19.17488,95.67117,347.21,0.58,0.52,"2026-02-16",620,"N20","nominal","2.0NRT",314.18,7.18,"D"
"22560",19.17379,95.66577,340.85,0.58,0.52,"2026-02-16",620,"N20","nominal","2.0NRT",312.14,7.18,"D"
"22561",19.51748,97.37781,338.26,0.44,0.46,"2026-02-16",620,"N20","nominal","2.0NRT",307.84,3.46,"D"
"22562",19.18844,95.71362,336.57,0.57,0.52,"2026-02-16",620,"N20","nominal","2.0NRT",308.22,3.2,"D"
"22563",19.1796,95.67014,347.84,0.58,0.52,"2026-02-16",620,"N20","nominal","2.0NRT",314.01,10.76,"D"
"22564",19.52173,97.3772,339.43,0.44,0.46,"2026-02-16",620,"N20","nominal","2.0NRT",305.62,3.46,"D"
"22565",19.2106,95.79882,341.69,0.56,0.52,"2026-02-16",620,"N20","nominal","2.0NRT",305.15,7.14,"D"
"22566",19.17044,95.57645,334.66,0.58,0.52,"2026-02-16",620,"N20","nominal","2.0NRT",308.71,5.28,"D"
"22567",19.16929,95.57081,341.4,0.58,0.52,"2026-02-16",620,"N20","nominal","2.0NRT",311.18,8.51,"D"
"22568",20.69431,104.27224,332.23,0.39,0.36,"2026-02-16",620,"N20","nominal","2.0NRT",299.34,2.19,"D"
"22569",19.20029,95.69942,339.21,0.57,0.52,"2026-02-16",620,"N20","low","2.0NRT",309.61,6.22,"D"
"22570",19.19918,95.69389,342.91,0.57,0.52,"2026-02-16",620,"N20","nominal","2.0NRT",312.43,6.22,"D"
"22571",19.04151,94.92309,345.58,0.32,0.55,"2026-02-16",620,"N20","nominal","2.0NRT",307.9,3.53,"D"
"22572",19.07113,95.01655,343.08,0.32,0.54,"2026-02-16",620,"N20","nominal","2.0NRT",312.72,3.77,"D"
"22573",19.06929,95.00758,350.91,0.32,0.55,"2026-02-16",620,"N20","nominal","2.0NRT",311.91,6.63,"D"
"22574",19.04337,94.88181,340.05,0.33,0.55,"2026-02-16",620,"N20","low","2.0NRT",315.04,4.69,"D"
"22575",19.04214,94.87589,338.7,0.33,0.55,"2026-02-16",620,"N20","low","2.0NRT",310.84,5.11,"D"
"22576",20.69937,104.23703,329.04,0.39,0.36,"2026-02-16",620,"N20","low","2.0NRT",300.67,2.78,"D"
"22577",19.5454,97.36377,332.79,0.44,0.46,"2026-02-16",620,"N20","nominal","2.0NRT",304.53,2.94,"D"
"22578",19.54469,97.36001,332.2,0.44,0.46,"2026-02-16",620,"N20","nominal","2.0NRT",304.98,4.54,"D"
"22579",19.52213,97.21863,339.23,0.45,0.47,"2026-02-16",620,"N20","nominal","2.0NRT",308.06,7.12,"D"
"22580",19.52132,97.21439,341.37,0.45,0.47,"2026-02-16",620,"N20","low","2.0NRT",313.92,7.12,"D"
"22581",19.52051,97.21015,344.06,0.45,0.47,"2026-02-16",620,"N20","low","2.0NRT",315.13,9.7,"D"
"22582",19.59776,97.57162,334.45,0.43,0.46,"2026-02-16",620,"N20","nominal","2.0NRT",305.11,3.74,"D"
"22583",19.59703,97.56775,335.21,0.43,0.46,"2026-02-16",620,"N20","nominal","2.0NRT",305.96,3.11,"D"
"22584",19.52819,97.20412,347.59,0.45,0.47,"2026-02-16",620,"N20","nominal","2.0NRT",314.97,76.27,"D"
"22585",19.36818,96.37496,340.58,0.51,0.5,"2026-02-16",620,"N20","low","2.0NRT",313.77,48.71,"D"
"22586",19.53244,97.20322,367,0.45,0.47,"2026-02-16",620,"N20","high","2.0NRT",348.15,76.27,"D"
"22587",19.0982,94.99774,367,0.32,0.55,"2026-02-16",620,"N20","high","2.0NRT",309.84,4.88,"D"
"22588",19.53404,97.21165,340.59,0.45,0.47,"2026-02-16",620,"N20","nominal","2.0NRT",307.18,6.78,"D"
"22589",19.53324,97.20744,350.77,0.45,0.47,"2026-02-16",620,"N20","nominal","2.0NRT",313.53,76.27,"D"
"22590",19.37363,96.37892,341.61,0.51,0.5,"2026-02-16",620,"N20","nominal","2.0NRT",310.72,48.71,"D"
"22591",19.34504,96.23279,337.14,0.53,0.5,"2026-02-16",620,"N20","low","2.0NRT",307.69,5.92,"D"
"22592",19.08128,94.88932,367,0.32,0.55,"2026-02-16",620,"N20","high","2.0NRT",311.73,13.49,"D"
"22593",19.53749,97.20653,343.39,0.45,0.47,"2026-02-16",620,"N20","nominal","2.0NRT",306.06,107.47,"D"
"22594",19.08067,94.88628,351.21,0.33,0.55,"2026-02-16",620,"N20","nominal","2.0NRT",311.29,13.49,"D"
"22595",19.09545,94.93343,334.57,0.32,0.55,"2026-02-16",620,"N20","nominal","2.0NRT",306.59,1.45,"D"
"22596",20.71997,104.14576,343.94,0.39,0.36,"2026-02-16",620,"N20","nominal","2.0NRT",301.41,4.89,"D"
"22597",19.13692,95.06197,335.65,0.63,0.54,"2026-02-16",620,"N20","low","2.0NRT",308.36,4.59,"D"
"22598",19.18594,95.28096,345.94,0.61,0.53,"2026-02-16",620,"N20","nominal","2.0NRT",312.96,8.46,"D"
"22599",20.73545,104.18154,328.63,0.39,0.36,"2026-02-16",620,"N20","nominal","2.0NRT",302.36,0.74,"D"
"22600",19.17952,95.1981,338.37,0.62,0.54,"2026-02-16",620,"N20","nominal","2.0NRT",311.58,4.62,"D"
"22601",19.08508,94.72828,338.31,0.33,0.56,"2026-02-16",620,"N20","nominal","2.0NRT",304.31,2.73,"D"
"22602",19.59315,97.22103,342.07,0.45,0.47,"2026-02-16",620,"N20","nominal","2.0NRT",309.11,17.34,"D"
"22603",19.44412,96.42975,342.13,0.51,0.49,"2026-02-16",620,"N20","nominal","2.0NRT",309.54,5.82,"D"
"22604",19.4497,96.43463,332.07,0.51,0.49,"2026-02-16",620,"N20","low","2.0NRT",306.12,5.82,"D"
"22605",19.44874,96.42961,339.37,0.51,0.49,"2026-02-16",620,"N20","low","2.0NRT",309.51,5.82,"D"
"22606",19.73841,97.96494,331.13,0.4,0.45,"2026-02-16",620,"N20","nominal","2.0NRT",300.89,3.67,"D"
"22607",19.59563,97.2171,346.83,0.45,0.47,"2026-02-16",620,"N20","nominal","2.0NRT",307.33,13.06,"D"
"22608",19.43413,96.39349,338.31,0.51,0.49,"2026-02-16",620,"N20","nominal","2.0NRT",309.4,3.6,"D"
"22609",19.44638,96.43169,353.17,0.51,0.49,"2026-02-16",620,"N20","nominal","2.0NRT",309.59,10.3,"D"
"22610",19.45107,96.43185,334.38,0.51,0.49,"2026-02-16",620,"N20","low","2.0NRT",306.99,4.29,"D"
"22611",19.26861,95.52287,341.1,0.59,0.53,"2026-02-16",620,"N20","nominal","2.0NRT",313.03,3.27,"D"
"22612",19.28229,95.56577,336.8,0.58,0.52,"2026-02-16",620,"N20","nominal","2.0NRT",308.79,2.78,"D"
"22613",20.1053,99.89874,336.26,0.47,0.4,"2026-02-16",620,"N20","nominal","2.0NRT",304.5,11.44,"D"
"22614",21.66335,111.12739,330.64,0.58,0.52,"2026-02-16",620,"N20","nominal","2.0NRT",296.98,2.48,"D"
"22615",20.54225,102.48789,333.76,0.39,0.36,"2026-02-16",620,"N20","nominal","2.0NRT",300.25,1.97,"D"
"22616",19.18116,94.94628,346.3,0.32,0.55,"2026-02-16",620,"N20","nominal","2.0NRT",310.03,2.79,"D"
"22617",19.32597,95.63554,367,0.58,0.52,"2026-02-16",620,"N20","high","2.0NRT",313.53,12.55,"D"
"22618",19.24179,95.2183,342.14,0.61,0.54,"2026-02-16",620,"N20","nominal","2.0NRT",313.8,16.04,"D"
"22619",19.48908,96.41187,346.55,0.51,0.49,"2026-02-16",620,"N20","nominal","2.0NRT",311.12,9.02,"D"
"22620",19.24921,95.20491,348.02,0.62,0.54,"2026-02-16",620,"N20","nominal","2.0NRT",312.71,8.76,"D"
"22621",19.9682,98.95068,337.26,0.53,0.42,"2026-02-16",620,"N20","low","2.0NRT",310.02,3.4,"D"
"22622",19.49351,96.41071,355.63,0.51,0.49,"2026-02-16",620,"N20","nominal","2.0NRT",315.52,23.16,"D"
"22623",19.34544,95.65914,335,0.57,0.52,"2026-02-16",620,"N20","nominal","2.0NRT",309.93,2.77,"D"
"22624",21.56244,109.85272,333.74,0.48,0.48,"2026-02-16",620,"N20","nominal","2.0NRT",299.15,6.14,"D"
"22625",20.57465,102.54266,333.45,0.39,0.36,"2026-02-16",620,"N20","nominal","2.0NRT",302.83,3.17,"D"
"22626",19.64586,97.17983,337.17,0.45,0.47,"2026-02-16",620,"N20","nominal","2.0NRT",305.7,5.12,"D"
"22627",19.64506,97.17558,353.97,0.45,0.47,"2026-02-16",620,"N20","nominal","2.0NRT",310.04,10.36,"D"
"22628",19.6493,97.17467,354.61,0.45,0.47,"2026-02-16",620,"N20","nominal","2.0NRT",312.14,15.78,"D"
"22629",19.21996,94.95944,343.58,0.32,0.55,"2026-02-16",620,"N20","nominal","2.0NRT",307.89,1.71,"D"
"22630",19.97516,98.90144,334.2,0.53,0.42,"2026-02-16",620,"N20","low","2.0NRT",308.53,6.89,"D"
"22631",19.97434,98.89686,340.47,0.53,0.42,"2026-02-16",620,"N20","nominal","2.0NRT",305.18,6.89,"D"
"22632",19.18462,94.7597,335.63,0.33,0.55,"2026-02-16",620,"N20","nominal","2.0NRT",308.71,1.78,"D"
"22633",19.7063,97.40757,332.46,0.44,0.46,"2026-02-16",620,"N20","low","2.0NRT",304.31,5.1,"D"
"22634",20.72005,103.37585,335.64,0.38,0.36,"2026-02-16",620,"N20","nominal","2.0NRT",304.15,5.17,"D"
"22635",19.18262,94.69839,348.04,0.33,0.56,"2026-02-16",620,"N20","nominal","2.0NRT",304.51,3.76,"D"
"22636",20.50507,101.97375,330.75,0.4,0.37,"2026-02-16",620,"N20","nominal","2.0NRT",299.79,1.86,"D"
"22637",19.4873,96.20962,349.81,0.52,0.5,"2026-02-16",620,"N20","nominal","2.0NRT",313.81,6.67,"D"
"22638",19.3731,95.62511,348.21,0.58,0.52,"2026-02-16",620,"N20","nominal","2.0NRT",312.27,11.39,"D"
"22639",19.49183,96.2086,367,0.52,0.5,"2026-02-16",620,"N20","high","2.0NRT",314.79,19.75,"D"
"22640",19.27484,95.07932,338.96,0.63,0.54,"2026-02-16",620,"N20","nominal","2.0NRT",308.41,4.78,"D"
"22641",20.9067,104.54058,345.32,0.4,0.37,"2026-02-16",620,"N20","nominal","2.0NRT",303.14,8.27,"D"
"22642",19.53723,96.39579,343.86,0.51,0.49,"2026-02-16",620,"N20","nominal","2.0NRT",311.78,6.09,"D"
"22643",19.5354,96.38625,341.67,0.51,0.49,"2026-02-16",620,"N20","nominal","2.0NRT",311.48,6.91,"D"
"22644",19.38403,95.60565,346.45,0.58,0.52,"2026-02-16",620,"N20","nominal","2.0NRT",310.97,10.72,"D"
"22645",19.3808,95.5892,340.4,0.58,0.52,"2026-02-16",620,"N20","nominal","2.0NRT",311.63,4.17,"D"
"22646",19.37119,95.54025,341.85,0.58,0.52,"2026-02-16",620,"N20","nominal","2.0NRT",312.24,9.32,"D"
"22647",20.91003,104.53997,344.25,0.4,0.37,"2026-02-16",620,"N20","nominal","2.0NRT",304.27,8.27,"D"
"22648",19.38024,95.56116,339.3,0.58,0.52,"2026-02-16",620,"N20","nominal","2.0NRT",309.68,3.81,"D"
"22649",19.26607,94.98402,332.93,0.32,0.54,"2026-02-16",620,"N20","nominal","2.0NRT",307.25,3.34,"D"
"22650",19.24622,94.88464,341.48,0.32,0.55,"2026-02-16",620,"N20","nominal","2.0NRT",306.51,2.51,"D"
"22651",19.54441,96.38465,344.45,0.51,0.49,"2026-02-16",620,"N20","nominal","2.0NRT",311.99,4.95,"D"
"22652",21.65264,110.32169,341.03,0.51,0.5,"2026-02-16",620,"N20","nominal","2.0NRT",292.47,6.43,"D"
"22653",20.29802,100.50822,342.05,0.44,0.38,"2026-02-16",620,"N20","nominal","2.0NRT",304.62,4.77,"D"
"22654",20.02624,98.97169,340.97,0.53,0.42,"2026-02-16",620,"N20","nominal","2.0NRT",310.83,9.44,"D"
"22655",19.54035,96.42433,333.31,0.51,0.49,"2026-02-16",620,"N20","low","2.0NRT",303.57,6.32,"D"
"22656",19.5393,96.41908,340.82,0.51,0.49,"2026-02-16",620,"N20","nominal","2.0NRT",308.42,10.19,"D"
"22657",19.53975,96.39794,340.47,0.51,0.49,"2026-02-16",620,"N20","nominal","2.0NRT",307.06,12.55,"D"
"22658",19.5369,96.38364,342.22,0.51,0.49,"2026-02-16",620,"N20","nominal","2.0NRT",310.14,12.82,"D"
"22659",19.38459,95.6039,346.98,0.58,0.52,"2026-02-16",620,"N20","nominal","2.0NRT",310.32,5.78,"D"
"22660",19.38125,95.58752,336.95,0.58,0.52,"2026-02-16",620,"N20","nominal","2.0NRT",311.05,4.01,"D"
"22661",19.37128,95.53865,344.43,0.58,0.52,"2026-02-16",620,"N20","nominal","2.0NRT",312.66,6.37,"D"
"22662",19.27649,95.07787,338.69,0.63,0.54,"2026-02-16",620,"N20","nominal","2.0NRT",308.69,11.94,"D"
"22663",19.54593,96.38208,338.23,0.51,0.49,"2026-02-16",620,"N20","nominal","2.0NRT",310.34,8.75,"D"
"22664",19.38051,95.55966,335.04,0.58,0.52,"2026-02-16",620,"N20","low","2.0NRT",309.4,4.63,"D"
"22665",19.24098,94.88206,337.66,0.32,0.55,"2026-02-16",620,"N20","low","2.0NRT",309.09,2.72,"D"
"22666",19.24649,94.88366,340.01,0.32,0.55,"2026-02-16",620,"N20","nominal","2.0NRT",307.4,2.2,"D"
"22667",20.74492,103.1576,334.73,0.38,0.36,"2026-02-16",620,"N20","nominal","2.0NRT",302.42,1.44,"D"
"22668",20.56732,102.0247,337.28,0.4,0.37,"2026-02-16",620,"N20","nominal","2.0NRT",308.11,12.9,"D"
"22669",19.26887,94.96671,342.79,0.32,0.54,"2026-02-16",620,"N20","nominal","2.0NRT",306.89,1.89,"D"
"22670",19.22882,94.77357,336.37,0.33,0.55,"2026-02-16",620,"N20","nominal","2.0NRT",309.92,3.41,"D"
"22671",19.2282,94.77063,343.14,0.33,0.55,"2026-02-16",620,"N20","nominal","2.0NRT",311.58,3.41,"D"
"22672",20.03815,98.90727,347.41,0.53,0.42,"2026-02-16",620,"N20","nominal","2.0NRT",314.2,11.7,"D"
"22673",19.51164,96.11473,343.1,0.53,0.5,"2026-02-16",620,"N20","nominal","2.0NRT",313.4,8.11,"D"
"22674",19.28623,95.00098,336.3,0.63,0.54,"2026-02-16",620,"N20","nominal","2.0NRT",310.79,4.92,"D"
"22675",20.65457,102.50962,329.74,0.39,0.36,"2026-02-16",620,"N20","low","2.0NRT",304.33,2.04,"D"
"22676",19.77026,97.42053,336.63,0.44,0.46,"2026-02-16",620,"N20","nominal","2.0NRT",306.19,3.04,"D"
"22677",19.29115,94.99992,340.37,0.63,0.54,"2026-02-16",620,"N20","nominal","2.0NRT",310.39,5.15,"D"
"22678",19.77519,97.42363,337.17,0.44,0.46,"2026-02-16",620,"N20","nominal","2.0NRT",304.43,3.04,"D"
"22679",19.77445,97.41972,333.97,0.44,0.46,"2026-02-16",620,"N20","low","2.0NRT",305.08,3.04,"D"
"22680",19.77788,97.41494,340.26,0.44,0.46,"2026-02-16",620,"N20","nominal","2.0NRT",305.16,3.25,"D"
"22681",19.40597,95.51437,343.47,0.58,0.52,"2026-02-16",620,"N20","low","2.0NRT",313.51,9.55,"D"
"22682",19.69124,96.93839,334.9,0.47,0.48,"2026-02-16",620,"N20","nominal","2.0NRT",304.07,4.22,"D"
"22683",19.23493,94.65141,332.06,0.33,0.56,"2026-02-16",620,"N20","nominal","2.0NRT",306.07,1.74,"D"
"22684",19.78772,97.42108,333.11,0.44,0.46,"2026-02-16",620,"N20","low","2.0NRT",306.85,1.43,"D"
"22685",19.58835,96.38438,338.42,0.51,0.49,"2026-02-16",620,"N20","nominal","2.0NRT",307.09,5.02,"D"
"22686",19.22891,94.59682,344.48,0.34,0.56,"2026-02-16",620,"N20","nominal","2.0NRT",300.93,5.37,"D"
"22687",19.22823,94.59351,345.35,0.34,0.56,"2026-02-16",620,"N20","nominal","2.0NRT",305.81,6.11,"D"
"22688",21.36717,107.40717,330.05,0.51,0.41,"2026-02-16",620,"N20","nominal","2.0NRT",296.74,2.82,"D"
"22689",19.78448,97.38096,334.17,0.44,0.46,"2026-02-16",620,"N20","low","2.0NRT",306.53,1.81,"D"
"22690",19.55159,96.17294,338.47,0.53,0.5,"2026-02-16",620,"N20","low","2.0NRT",311.74,4.47,"D"
"22691",20.7078,102.71983,335.59,0.39,0.36,"2026-02-16",620,"N20","nominal","2.0NRT",300.51,2.53,"D"
"22692",19.92932,98.13471,344.84,0.39,0.44,"2026-02-16",620,"N20","nominal","2.0NRT",304.49,4.98,"D"
"22693",19.7901,97.38772,340.43,0.44,0.46,"2026-02-16",620,"N20","nominal","2.0NRT",305.71,72.48,"D"
"22694",19.78862,97.37985,367,0.44,0.46,"2026-02-16",620,"N20","low","2.0NRT",329.71,84.52,"D"
"22695",19.9334,98.13441,334.84,0.39,0.44,"2026-02-16",620,"N20","nominal","2.0NRT",303.96,4.98,"D"
"22696",19.27563,94.7219,335.59,0.33,0.55,"2026-02-16",620,"N20","low","2.0NRT",308.62,1.47,"D"
"22697",19.09097,93.82999,332.86,0.38,0.59,"2026-02-16",620,"N20","nominal","2.0NRT",304.27,1.95,"D"
"22698",19.84786,97.62676,339.36,0.42,0.45,"2026-02-16",620,"N20","nominal","2.0NRT",308.22,8.04,"D"
"22699",20.61665,102.05472,339.18,0.39,0.37,"2026-02-16",620,"N20","nominal","2.0NRT",300.79,2.56,"D"
"22700",20.80667,103.25209,332.56,0.38,0.36,"2026-02-16",620,"N20","nominal","2.0NRT",301.49,4.07,"D"
"22701",20.80611,103.24843,334.14,0.38,0.36,"2026-02-16",620,"N20","nominal","2.0NRT",303.84,4.07,"D"
"22702",19.87321,97.71725,342.63,0.42,0.45,"2026-02-16",620,"N20","nominal","2.0NRT",307.31,3.91,"D"
"22703",19.46494,95.5871,351.97,0.58,0.52,"2026-02-16",620,"N20","nominal","2.0NRT",313.14,8.78,"D"
"22704",19.38598,95.19077,354.42,0.61,0.54,"2026-02-16",620,"N20","nominal","2.0NRT",314.81,31.35,"D"
"22705",19.46968,95.58617,348.88,0.58,0.52,"2026-02-16",620,"N20","nominal","2.0NRT",310.75,7.52,"D"
"22706",19.7669,97.05472,342.18,0.46,0.47,"2026-02-16",620,"N20","nominal","2.0NRT",310.53,6.17,"D"
"22707",19.76614,97.05067,338.39,0.46,0.47,"2026-02-16",620,"N20","nominal","2.0NRT",308.11,6.17,"D"
"22708",19.73492,96.8614,350.76,0.47,0.48,"2026-02-16",620,"N20","nominal","2.0NRT",310.87,18.51,"D"
"22709",19.44507,95.36136,341.92,0.6,0.53,"2026-02-16",620,"N20","nominal","2.0NRT",311.83,8.4,"D"
"22710",19.34344,94.8512,353.7,0.32,0.55,"2026-02-16",620,"N20","nominal","2.0NRT",303.64,6.67,"D"
"22711",19.34291,94.84852,350.82,0.32,0.55,"2026-02-16",620,"N20","nominal","2.0NRT",308.16,7.68,"D"
"22712",19.44985,95.36023,342,0.6,0.53,"2026-02-16",620,"N20","nominal","2.0NRT",310.76,8.4,"D"
"22713",19.33795,94.79794,340.23,0.33,0.55,"2026-02-16",620,"N20","nominal","2.0NRT",308.15,3.57,"D"
"22714",20.1697,99.18635,344.23,0.51,0.41,"2026-02-16",620,"N20","nominal","2.0NRT",298.52,6.84,"D"
"22715",19.97615,98.09652,350.71,0.39,0.44,"2026-02-16",620,"N20","nominal","2.0NRT",307.42,9.72,"D"
"22716",19.50791,95.60561,341.53,0.57,0.52,"2026-02-16",620,"N20","nominal","2.0NRT",310.42,9.12,"D"
"22717",19.50685,95.60018,343.28,0.57,0.52,"2026-02-16",620,"N20","nominal","2.0NRT",311.17,9.12,"D"
"22718",19.49411,95.53497,341.43,0.58,0.52,"2026-02-16",620,"N20","nominal","2.0NRT",310.3,10.05,"D"
"22719",19.49304,95.52949,342.43,0.58,0.52,"2026-02-16",620,"N20","nominal","2.0NRT",314.82,11.65,"D"
"22720",20.86451,103.41105,328.69,0.38,0.36,"2026-02-16",620,"N20","low","2.0NRT",301.5,3.52,"D"
"22721",20.17065,99.18736,340.7,0.51,0.41,"2026-02-16",620,"N20","nominal","2.0NRT",298.4,7.26,"D"
"22722",20.45776,100.80589,345.76,0.43,0.38,"2026-02-16",620,"N20","nominal","2.0NRT",300.85,5.53,"D"
"22723",21.55393,108.44252,330.63,0.39,0.44,"2026-02-16",620,"N20","nominal","2.0NRT",298.89,2.02,"D"
"22724",19.97735,98.09559,343.59,0.39,0.44,"2026-02-16",620,"N20","nominal","2.0NRT",306.83,10.26,"D"
"22725",20.62819,101.79153,342.04,0.4,0.37,"2026-02-16",620,"N20","nominal","2.0NRT",304.34,4.65,"D"
"22726",19.96832,98.02543,329.72,0.4,0.44,"2026-02-16",620,"N20","nominal","2.0NRT",304.57,2.52,"D"
"22727",19.44456,95.36367,352.9,0.6,0.53,"2026-02-16",620,"N20","nominal","2.0NRT",311.52,7.17,"D"
"22728",21.56202,108.44136,331.03,0.39,0.44,"2026-02-16",620,"N20","nominal","2.0NRT",298.73,4.93,"D"
"22729",19.44932,95.36254,342.47,0.6,0.53,"2026-02-16",620,"N20","nominal","2.0NRT",310.33,7.17,"D"
"22730",19.34361,94.8511,339.07,0.32,0.55,"2026-02-16",620,"N20","nominal","2.0NRT",303.07,5.57,"D"
"22731",19.34305,94.84842,355.51,0.32,0.55,"2026-02-16",620,"N20","nominal","2.0NRT",308.71,5.57,"D"
"22732",21.38454,106.96776,331.03,0.49,0.4,"2026-02-16",620,"N20","nominal","2.0NRT",293.05,2.23,"D"
"22733",19.33774,94.79799,337.99,0.33,0.55,"2026-02-16",620,"N20","nominal","2.0NRT",307.9,4.13,"D"
"22734",19.50804,95.60176,367,0.57,0.52,"2026-02-16",620,"N20","high","2.0NRT",314.46,19.45,"D"
"22735",19.91137,97.65688,333.54,0.42,0.45,"2026-02-16",620,"N20","nominal","2.0NRT",306.76,3.64,"D"
"22736",19.91063,97.653,340.56,0.42,0.45,"2026-02-16",620,"N20","nominal","2.0NRT",306.8,5.15,"D"
"22737",19.49374,95.53133,354.52,0.58,0.52,"2026-02-16",620,"N20","nominal","2.0NRT",313.46,18.06,"D"
"22738",20.70912,102.20988,337.05,0.39,0.36,"2026-02-16",620,"N20","nominal","2.0NRT",302.58,5.91,"D"
"22739",19.65661,96.31924,336.09,0.51,0.5,"2026-02-16",620,"N20","low","2.0NRT",309.89,2.12,"D"
"22740",19.52482,95.66042,334.13,0.57,0.52,"2026-02-16",620,"N20","low","2.0NRT",308.65,3.9,"D"
"22741",19.87518,97.39848,346.61,0.43,0.46,"2026-02-16",620,"N20","nominal","2.0NRT",311.06,8.21,"D"
"22742",19.87365,97.39047,348.08,0.44,0.46,"2026-02-16",620,"N20","nominal","2.0NRT",317.89,19.72,"D"
"22743",20.94357,103.66368,333.62,0.39,0.36,"2026-02-16",620,"N20","nominal","2.0NRT",299.3,7.79,"D"
"22744",19.88605,97.43289,349.08,0.43,0.46,"2026-02-16",620,"N20","nominal","2.0NRT",310.99,6.93,"D"
"22745",19.87783,97.38961,344.84,0.44,0.46,"2026-02-16",620,"N20","nominal","2.0NRT",313.03,19.72,"D"
"22746",19.87705,97.38553,347.12,0.44,0.46,"2026-02-16",620,"N20","nominal","2.0NRT",317.74,47.58,"D"
"22747",19.88201,97.38877,350.69,0.44,0.46,"2026-02-16",620,"N20","nominal","2.0NRT",312.29,8.59,"D"
"22748",19.88123,97.38466,340.49,0.44,0.46,"2026-02-16",620,"N20","low","2.0NRT",311.39,9.67,"D"
"22749",19.88044,97.38052,350.48,0.44,0.46,"2026-02-16",620,"N20","nominal","2.0NRT",310.48,9.67,"D"
"22750",19.67356,96.31036,340.01,0.51,0.5,"2026-02-16",620,"N20","nominal","2.0NRT",310.72,2.85,"D"
"22751",19.88388,97.37573,334.84,0.44,0.46,"2026-02-16",620,"N20","low","2.0NRT",305.54,7.76,"D"
"22752",19.84131,97.15217,335.92,0.45,0.47,"2026-02-16",620,"N20","nominal","2.0NRT",306.8,3.17,"D"
"22753",19.6807,96.32288,354.41,0.51,0.49,"2026-02-16",620,"N20","nominal","2.0NRT",313.84,18.72,"D"
"22754",19.35338,94.69734,348.98,0.33,0.55,"2026-02-16",620,"N20","nominal","2.0NRT",306.24,4.35,"D"
"22755",19.84554,97.15119,343.29,0.45,0.47,"2026-02-16",620,"N20","nominal","2.0NRT",305.11,5.44,"D"
"22756",19.34821,94.64689,342.11,0.33,0.55,"2026-02-16",620,"N20","nominal","2.0NRT",310.48,2.03,"D"
"22757",20.6359,101.60505,331.81,0.4,0.37,"2026-02-16",620,"N20","nominal","2.0NRT",298.19,22.22,"D"
"22758",20.81175,102.68935,328.46,0.39,0.36,"2026-02-16",620,"N20","nominal","2.0NRT",298.65,4.45,"D"
"22759",20.81117,102.68566,341.63,0.39,0.36,"2026-02-16",620,"N20","nominal","2.0NRT",312.35,11.37,"D"
"22760",20.81447,102.68507,335.54,0.39,0.36,"2026-02-16",620,"N20","nominal","2.0NRT",302.2,11.37,"D"
"22761",19.94358,97.60117,339.2,0.42,0.45,"2026-02-16",620,"N20","nominal","2.0NRT",306.22,4.29,"D"
"22762",19.87032,97.21214,337.65,0.45,0.47,"2026-02-16",620,"N20","low","2.0NRT",309.42,7.23,"D"
"22763",19.37529,94.70213,355.68,0.33,0.55,"2026-02-16",620,"N20","nominal","2.0NRT",312.72,10.73,"D"
"22764",19.37343,94.69306,340.17,0.33,0.55,"2026-02-16",620,"N20","nominal","2.0NRT",307.49,3.99,"D"
"22765",19.44254,95.00671,332.12,0.63,0.54,"2026-02-16",620,"N20","low","2.0NRT",307.12,4.49,"D"
"22766",19.44133,95.00074,341.61,0.63,0.54,"2026-02-16",620,"N20","nominal","2.0NRT",308.97,14.34,"D"
"22767",19.45926,95.03883,346.65,0.63,0.54,"2026-02-16",620,"N20","nominal","2.0NRT",309.15,15.93,"D"
"22768",19.45808,95.03301,340.97,0.63,0.54,"2026-02-16",620,"N20","nominal","2.0NRT",310.77,9.83,"D"
"22769",19.55881,95.51102,341.51,0.58,0.52,"2026-02-16",620,"N20","nominal","2.0NRT",310.84,5.88,"D"
"22770",19.90029,97.23154,338.87,0.45,0.47,"2026-02-16",620,"N20","nominal","2.0NRT",306.94,2.35,"D"
"22771",19.50863,95.18367,337.66,0.61,0.53,"2026-02-16",620,"N20","nominal","2.0NRT",309.89,3.82,"D"
"22772",19.88293,97.09223,351.44,0.45,0.47,"2026-02-16",620,"N20","nominal","2.0NRT",309.64,9.42,"D"
"22773",19.59696,95.6045,337.52,0.57,0.52,"2026-02-16",620,"N20","low","2.0NRT",311.81,2.27,"D"
"22774",19.52833,95.25729,348.65,0.6,0.53,"2026-02-16",620,"N20","nominal","2.0NRT",311.37,7.31,"D"
"22775",20.01208,97.76435,336.15,0.41,0.45,"2026-02-16",620,"N20","nominal","2.0NRT",304.3,2.28,"D"
"22776",19.94555,97.404,333.46,0.43,0.46,"2026-02-16",620,"N20","low","2.0NRT",308.12,4.4,"D"
"22777",19.8881,97.09626,337.41,0.45,0.47,"2026-02-16",620,"N20","nominal","2.0NRT",304.17,3.39,"D"
"22778",19.88719,97.09141,338.82,0.45,0.47,"2026-02-16",620,"N20","nominal","2.0NRT",308.47,12.75,"D"
"22779",19.60165,95.60338,345.6,0.57,0.52,"2026-02-16",620,"N20","nominal","2.0NRT",313.62,5.89,"D"
"22780",19.91797,97.23244,333.55,0.44,0.46,"2026-02-16",620,"N20","nominal","2.0NRT",305.73,1.31,"D"
"22781",19.60633,95.60229,348.05,0.57,0.52,"2026-02-16",620,"N20","nominal","2.0NRT",313.54,5.89,"D"
"22782",19.86464,96.924,342.43,0.47,0.47,"2026-02-16",620,"N20","nominal","2.0NRT",311.27,5.72,"D"
"22783",20.87569,102.81782,331.57,0.39,0.36,"2026-02-16",620,"N20","nominal","2.0NRT",301.25,4.14,"D"
"22784",20.13179,98.3559,339.32,0.57,0.43,"2026-02-16",620,"N20","nominal","2.0NRT",307.2,10.04,"D"
"22785",19.86897,96.92326,333.19,0.47,0.47,"2026-02-16",620,"N20","low","2.0NRT",304.22,5.72,"D"
"22786",19.60302,95.53521,337.15,0.58,0.52,"2026-02-16",620,"N20","low","2.0NRT",311.9,5.02,"D"
"22787",19.52718,95.14985,341.39,0.61,0.54,"2026-02-16",620,"N20","nominal","2.0NRT",311.33,5.78,"D"
"22788",20.36935,99.6883,333.63,0.48,0.4,"2026-02-16",620,"N20","nominal","2.0NRT",303.63,3.1,"D"
"22789",20.13095,98.35406,334.37,0.57,0.43,"2026-02-16",620,"N20","low","2.0NRT",307.73,5.42,"D"
"22790",19.50657,95.18289,333.93,0.61,0.53,"2026-02-16",620,"N20","low","2.0NRT",308.68,2.57,"D"
"22791",20.1025,98.17961,343.16,0.39,0.44,"2026-02-16",620,"N20","nominal","2.0NRT",303.51,6.44,"D"
"22792",19.59794,95.60266,342.29,0.57,0.52,"2026-02-16",620,"N20","nominal","2.0NRT",313.84,2.67,"D"
"22793",19.52681,95.25632,346.01,0.6,0.53,"2026-02-16",620,"N20","nominal","2.0NRT",312.36,7.99,"D"
"22794",19.86606,96.92106,342.72,0.47,0.47,"2026-02-16",620,"N20","nominal","2.0NRT",305.37,10.08,"D"
"22795",19.60262,95.60155,353.44,0.57,0.52,"2026-02-16",620,"N20","nominal","2.0NRT",314.96,12.19,"D"
"22796",19.45328,94.85267,331.75,0.32,0.55,"2026-02-16",620,"N20","nominal","2.0NRT",305.68,1.7,"D"
"22797",19.60464,95.53898,343.06,0.58,0.52,"2026-02-16",620,"N20","nominal","2.0NRT",311.36,5.57,"D"
"22798",19.95438,97.28625,340.14,0.44,0.46,"2026-02-16",620,"N20","nominal","2.0NRT",307.29,5.21,"D"
"22799",19.89427,96.97432,353.96,0.46,0.47,"2026-02-16",620,"N20","nominal","2.0NRT",311.03,8.99,"D"
"22800",19.60936,95.53793,353.09,0.58,0.52,"2026-02-16",620,"N20","nominal","2.0NRT",311.19,7.16,"D"
"22801",19.60164,95.49997,341.56,0.58,0.52,"2026-02-16",620,"N20","nominal","2.0NRT",312.46,6.78,"D"
"22802",19.52975,95.1481,343.28,0.61,0.54,"2026-02-16",620,"N20","nominal","2.0NRT",311.28,8.6,"D"
"22803",19.41568,94.59746,337.92,0.33,0.56,"2026-02-16",620,"N20","nominal","2.0NRT",305.88,2.21,"D"
"22804",19.96279,97.28461,331.66,0.44,0.46,"2026-02-16",620,"N20","low","2.0NRT",303.55,2.05,"D"
"22805",20.06346,97.77115,338.44,0.41,0.45,"2026-02-16",620,"N20","nominal","2.0NRT",308.3,3.63,"D"
"22806",20.05522,97.72721,341.77,0.41,0.45,"2026-02-16",620,"N20","nominal","2.0NRT",308.09,3.77,"D"
"22807",20.06511,97.75739,341.06,0.41,0.45,"2026-02-16",620,"N20","nominal","2.0NRT",311.02,4.09,"D"
"22808",19.98768,97.34673,342.45,0.44,0.46,"2026-02-16",620,"N20","nominal","2.0NRT",311.77,15.14,"D"
"22809",19.9919,97.34605,367,0.44,0.46,"2026-02-16",620,"N20","high","2.0NRT",333.24,83.81,"D"
"22810",19.99269,97.35023,345.08,0.44,0.46,"2026-02-16",620,"N20","nominal","2.0NRT",315.35,68.1,"D"
"22811",19.97592,97.23887,354.44,0.44,0.46,"2026-02-16",620,"N20","nominal","2.0NRT",321.95,87.65,"D"
"22812",19.94888,97.09685,338.09,0.45,0.47,"2026-02-16",620,"N20","low","2.0NRT",308.8,5.51,"D"
"22813",19.56254,95.13509,345.18,0.61,0.54,"2026-02-16",620,"N20","nominal","2.0NRT",307.75,6.69,"D"
"22814",20.91083,102.62653,339.9,0.39,0.36,"2026-02-16",620,"N20","nominal","2.0NRT",305.15,9.84,"D"
"22815",19.95395,97.1003,342.25,0.45,0.47,"2026-02-16",620,"N20","nominal","2.0NRT",310.22,6.91,"D"
"22816",19.5138,94.84542,367,0.32,0.55,"2026-02-16",620,"N20","high","2.0NRT",308.21,16.68,"D"
"22817",19.57333,95.13835,337.47,0.61,0.54,"2026-02-16",620,"N20","nominal","2.0NRT",308.78,4.2,"D"
"22818",19.55958,95.07047,343.93,0.62,0.54,"2026-02-16",620,"N20","nominal","2.0NRT",309.75,12.98,"D"
"22819",19.51319,94.84241,353.08,0.32,0.55,"2026-02-16",620,"N20","nominal","2.0NRT",310.27,13.99,"D"
"22820",20.00106,97.30254,341.77,0.44,0.46,"2026-02-16",620,"N20","nominal","2.0NRT",306.44,3.14,"D"
"22821",19.65763,95.53307,345.14,0.58,0.52,"2026-02-16",620,"N20","nominal","2.0NRT",312.89,6.36,"D"
"22822",19.57819,95.13737,341.22,0.61,0.54,"2026-02-16",620,"N20","nominal","2.0NRT",311.13,9.96,"D"
"22823",19.66339,95.53732,337.94,0.58,0.52,"2026-02-16",620,"N20","low","2.0NRT",312.58,3.35,"D"
"22824",20.02919,97.40599,342.64,0.43,0.46,"2026-02-16",620,"N20","nominal","2.0NRT",312.73,8.36,"D"
"22825",20.0217,97.36605,344.38,0.43,0.46,"2026-02-16",620,"N20","nominal","2.0NRT",310.02,5.97,"D"
"22826",20.00945,97.3009,351.46,0.44,0.46,"2026-02-16",620,"N20","nominal","2.0NRT",308.7,6.85,"D"
"22827",19.65629,95.47691,343.67,0.58,0.52,"2026-02-16",620,"N20","nominal","2.0NRT",311.78,5.73,"D"
"22828",20.02055,97.33684,341.97,0.44,0.46,"2026-02-16",620,"N20","nominal","2.0NRT",313.56,4.34,"D"
"22829",20.02474,97.33604,342.68,0.44,0.46,"2026-02-16",620,"N20","nominal","2.0NRT",315.46,4.22,"D"
"22830",19.57817,95.03651,339.74,0.62,0.54,"2026-02-16",620,"N20","nominal","2.0NRT",305.3,4.99,"D"
"22831",19.59345,95.0873,337.17,0.62,0.54,"2026-02-16",620,"N20","nominal","2.0NRT",306.71,3.65,"D"
"22832",19.58302,95.03535,342.09,0.62,0.54,"2026-02-16",620,"N20","nominal","2.0NRT",307.28,4.99,"D"
"22833",19.5819,95.02977,331.6,0.62,0.54,"2026-02-16",620,"N20","low","2.0NRT",306.01,4.99,"D"
"22834",19.97917,97.04677,345.87,0.46,0.47,"2026-02-16",620,"N20","nominal","2.0NRT",310.53,10.26,"D"
"22835",19.98591,97.05909,339.55,0.45,0.47,"2026-02-16",620,"N20","nominal","2.0NRT",302.14,5.19,"D"
"22836",19.98511,97.05487,354.5,0.46,0.47,"2026-02-16",620,"N20","nominal","2.0NRT",310.11,17.66,"D"
"22837",19.98346,97.04604,344.93,0.46,0.47,"2026-02-16",620,"N20","nominal","2.0NRT",314.71,10.26,"D"
"22838",19.98259,97.04141,351.96,0.46,0.47,"2026-02-16",620,"N20","nominal","2.0NRT",310.52,10.26,"D"
"22839",19.94876,96.86222,337.68,0.47,0.48,"2026-02-16",620,"N20","nominal","2.0NRT",310.04,2.73,"D"
"22840",19.29111,93.55824,334.24,0.39,0.6,"2026-02-16",620,"N20","nominal","2.0NRT",304.28,4.32,"D"
"22841",19.29035,93.5546,333.42,0.39,0.6,"2026-02-16",620,"N20","low","2.0NRT",305.47,5.22,"D"
"22842",19.98685,97.04057,367,0.46,0.47,"2026-02-16",620,"N20","high","2.0NRT",313.41,17.39,"D"
"22843",20.13097,97.81723,343.03,0.41,0.45,"2026-02-16",620,"N20","nominal","2.0NRT",305.45,4.04,"D"
"22844",20.12177,97.76706,342.44,0.41,0.45,"2026-02-16",620,"N20","nominal","2.0NRT",309.64,4.69,"D"
"22845",20.05714,97.3937,346.41,0.43,0.46,"2026-02-16",620,"N20","nominal","2.0NRT",313.86,5.69,"D"
"22846",19.61542,95.07027,336.7,0.62,0.54,"2026-02-16",620,"N20","low","2.0NRT",307.78,8.27,"D"
"22847",20.14304,97.81428,348.26,0.41,0.45,"2026-02-16",620,"N20","nominal","2.0NRT",312.18,7.17,"D"
"22848",20.13531,97.77191,342.8,0.41,0.45,"2026-02-16",620,"N20","nominal","2.0NRT",309.2,4.28,"D"
"22849",20.05822,97.39411,341.83,0.43,0.46,"2026-02-16",620,"N20","low","2.0NRT",312.39,7.83,"D"
"22850",20.14281,97.81438,349.02,0.41,0.45,"2026-02-16",620,"N20","nominal","2.0NRT",312.31,6.49,"D"
"22851",20.1348,97.77213,338.75,0.41,0.45,"2026-02-16",620,"N20","low","2.0NRT",309.14,3.53,"D"
"22852",20.13885,97.77125,344.12,0.41,0.45,"2026-02-16",620,"N20","nominal","2.0NRT",313.37,5.22,"D"
"22853",20.14292,97.77049,342.82,0.41,0.45,"2026-02-16",620,"N20","nominal","2.0NRT",312.1,5.22,"D"
"22854",19.28655,93.5552,336.15,0.39,0.6,"2026-02-16",620,"N20","nominal","2.0NRT",305.29,3.69,"D"
"22855",19.61726,95.06795,335.58,0.62,0.54,"2026-02-16",620,"N20","low","2.0NRT",307.98,2.77,"D"
"22856",20.07,97.32008,348.7,0.44,0.46,"2026-02-16",620,"N20","nominal","2.0NRT",318.86,20.91,"D"
"22857",20.07418,97.31921,347.88,0.44,0.46,"2026-02-16",620,"N20","nominal","2.0NRT",320.1,20.91,"D"
"22858",19.60899,94.97846,333.27,0.63,0.54,"2026-02-16",620,"N20","nominal","2.0NRT",308.2,2.64,"D"
"22859",19.58834,94.85356,367,0.32,0.55,"2026-02-16",620,"N20","high","2.0NRT",307.17,3.81,"D"
"22860",19.59394,94.85567,351.85,0.32,0.55,"2026-02-16",620,"N20","nominal","2.0NRT",309.1,3.81,"D"
"22861",19.59327,94.85246,334.77,0.32,0.55,"2026-02-16",620,"N20","nominal","2.0NRT",308.56,3.81,"D"
"22862",20.06991,97.22847,350.63,0.44,0.46,"2026-02-16",620,"N20","nominal","2.0NRT",310.59,6.23,"D"
"22863",20.06911,97.22428,341.88,0.44,0.46,"2026-02-16",620,"N20","nominal","2.0NRT",313.09,6.23,"D"
"22864",19.63548,95.03287,340.95,0.62,0.54,"2026-02-16",620,"N20","nominal","2.0NRT",309.75,4.23,"D"
"22865",19.63079,95.00997,342.45,0.62,0.54,"2026-02-16",620,"N20","nominal","2.0NRT",310.42,6.25,"D"
"22866",22.1771,111.74224,332.59,0.32,0.55,"2026-02-16",620,"N20","nominal","2.0NRT",295.9,1.46,"D"
"22867",20.08226,97.24744,344.87,0.44,0.46,"2026-02-16",620,"N20","nominal","2.0NRT",312.06,3.83,"D"
"22868",20.09127,97.27194,344.92,0.44,0.46,"2026-02-16",620,"N20","nominal","2.0NRT",311.42,3.94,"D"
"22869",20.09046,97.26768,352.11,0.44,0.46,"2026-02-16",620,"N20","nominal","2.0NRT",315.43,6.43,"D"
"22870",19.98772,96.73097,335.33,0.48,0.48,"2026-02-16",620,"N20","nominal","2.0NRT",305.71,3.97,"D"
"22871",19.58171,94.69576,334.8,0.33,0.55,"2026-02-16",620,"N20","low","2.0NRT",305.99,2.28,"D"
"22872",19.58108,94.69266,336.38,0.33,0.55,"2026-02-16",620,"N20","low","2.0NRT",308.6,2.4,"D"
"22873",20.09547,97.27113,339.6,0.44,0.46,"2026-02-16",620,"N20","nominal","2.0NRT",314.2,7.37,"D"
"22874",20.09466,97.26685,344.19,0.44,0.46,"2026-02-16",620,"N20","nominal","2.0NRT",312.33,7.3,"D"
"22875",19.72571,95.37823,347.25,0.59,0.53,"2026-02-16",620,"N20","nominal","2.0NRT",313.72,11.42,"D"
"22876",19.58735,94.69783,333.22,0.33,0.55,"2026-02-16",620,"N20","nominal","2.0NRT",307.41,2.07,"D"
"22877",19.58671,94.69471,338.99,0.33,0.55,"2026-02-16",620,"N20","nominal","2.0NRT",308.55,2.07,"D"
"22878",20.09967,97.27032,355.71,0.44,0.46,"2026-02-16",620,"N20","nominal","2.0NRT",316.74,7.37,"D"
"22879",19.35332,93.55111,331.23,0.39,0.59,"2026-02-16",620,"N20","nominal","2.0NRT",301.95,1.95,"D"
"22880",20.03794,96.92236,342.32,0.46,0.47,"2026-02-16",620,"N20","nominal","2.0NRT",316.11,22.66,"D"
"22881",19.5985,94.67599,348.05,0.33,0.55,"2026-02-16",620,"N20","nominal","2.0NRT",307.72,4.74,"D"
"22882",19.6035,94.67493,338.49,0.33,0.55,"2026-02-16",620,"N20","low","2.0NRT",308.94,3.23,"D"
"22883",22.11692,110.82803,346.17,0.56,0.52,"2026-02-16",620,"N20","nominal","2.0NRT",298,21.93,"D"
"22884",20.11808,97.27566,342.45,0.44,0.46,"2026-02-16",620,"N20","nominal","2.0NRT",312.69,3.15,"D"
"22885",20.11728,97.27138,339.5,0.44,0.46,"2026-02-16",620,"N20","nominal","2.0NRT",312.62,2.42,"D"
"22886",19.7418,95.33448,340.8,0.59,0.53,"2026-02-16",620,"N20","nominal","2.0NRT",310.55,4.99,"D"
"22887",19.67694,95.01141,337.59,0.62,0.54,"2026-02-16",620,"N20","nominal","2.0NRT",311.14,5.39,"D"
"22888",19.60911,94.67687,337.81,0.33,0.55,"2026-02-16",620,"N20","nominal","2.0NRT",307.78,2.86,"D"
"22889",20.22239,97.81299,336.58,0.41,0.45,"2026-02-16",620,"N20","low","2.0NRT",310.84,2.71,"D"
"22890",20.13388,97.33672,348.01,0.43,0.46,"2026-02-16",620,"N20","nominal","2.0NRT",315.58,4.74,"D"
"22891",20.12145,97.2704,348.28,0.44,0.46,"2026-02-16",620,"N20","nominal","2.0NRT",313.11,5.41,"D"
"22892",20.08369,97.06984,336.2,0.45,0.47,"2026-02-16",620,"N20","low","2.0NRT",309.01,5.48,"D"
"22893",20.08293,97.06581,340.28,0.45,0.47,"2026-02-16",620,"N20","nominal","2.0NRT",307.48,5.48,"D"
"22894",19.61408,94.6757,345.78,0.33,0.55,"2026-02-16",620,"N20","nominal","2.0NRT",307.57,2.62,"D"
"22895",20.88501,101.62757,333.01,0.4,0.37,"2026-02-16",620,"N20","nominal","2.0NRT",299.85,2.21,"D"
"22896",20.22654,97.81269,338.28,0.41,0.45,"2026-02-16",620,"N20","low","2.0NRT",310.97,2.71,"D"
"22897",20.13725,97.3316,343.78,0.43,0.46,"2026-02-16",620,"N20","nominal","2.0NRT",315.52,4.74,"D"
"22898",20.12562,97.26946,342.15,0.44,0.46,"2026-02-16",620,"N20","low","2.0NRT",314.01,5.41,"D"
"22899",20.09188,97.08989,343.38,0.45,0.47,"2026-02-16",620,"N20","nominal","2.0NRT",307.47,4.58,"D"
"22900",20.61251,99.96543,332.62,0.46,0.39,"2026-02-16",620,"N20","nominal","2.0NRT",303.88,3.57,"D"
"22901",20.23133,97.81597,337.43,0.4,0.45,"2026-02-16",620,"N20","nominal","2.0NRT",310.46,3.47,"D"
"22902",20.23066,97.81232,351.68,0.41,0.45,"2026-02-16",620,"N20","nominal","2.0NRT",313.16,4.01,"D"
"22903",20.23001,97.80878,342.97,0.41,0.45,"2026-02-16",620,"N20","nominal","2.0NRT",309.71,4.01,"D"
"22904",20.13143,97.27723,353.31,0.44,0.46,"2026-02-16",620,"N20","nominal","2.0NRT",317.95,11.24,"D"
"22905",19.69269,95.01376,343.62,0.62,0.54,"2026-02-16",620,"N20","nominal","2.0NRT",311.16,10.83,"D"
"22906",22.23724,111.78021,356.26,0.32,0.55,"2026-02-16",620,"N20","nominal","2.0NRT",298.38,5.64,"D"
"22907",20.23413,97.80836,341.86,0.41,0.45,"2026-02-16",620,"N20","nominal","2.0NRT",309.89,4.01,"D"
"22908",20.134,97.26771,348.28,0.44,0.46,"2026-02-16",620,"N20","nominal","2.0NRT",313.72,6.69,"D"
"22909",19.6482,94.7672,347,0.32,0.55,"2026-02-16",620,"N20","nominal","2.0NRT",305.79,2.81,"D"
"22910",19.6476,94.76424,341.33,0.32,0.55,"2026-02-16",620,"N20","nominal","2.0NRT",305.57,2.81,"D"
"22911",19.8305,95.65827,339.96,0.56,0.52,"2026-02-16",620,"N20","nominal","2.0NRT",314.92,4.53,"D"
"22912",20.09537,97.01456,343.27,0.46,0.47,"2026-02-16",620,"N20","nominal","2.0NRT",312.39,5.92,"D"
"22913",19.78992,95.42695,338.68,0.58,0.52,"2026-02-16",620,"N20","low","2.0NRT",309.69,7.95,"D"
"22914",20.57294,99.62622,331.18,0.48,0.4,"2026-02-16",620,"N20","nominal","2.0NRT",298.73,3.42,"D"
"22915",20.17328,97.386,335.75,0.43,0.46,"2026-02-16",620,"N20","nominal","2.0NRT",307.61,2.99,"D"
"22916",19.72188,95.03269,335.13,0.62,0.54,"2026-02-16",620,"N20","nominal","2.0NRT",309,4.24,"D"
"22917",20.17734,97.44436,335.77,0.43,0.46,"2026-02-16",620,"N20","nominal","2.0NRT",303.1,2.4,"D"
"22918",20.09871,97.01587,343.08,0.46,0.47,"2026-02-16",620,"N20","nominal","2.0NRT",313.24,6.59,"D"
"22919",19.69473,95.0121,341.52,0.62,0.54,"2026-02-16",620,"N20","nominal","2.0NRT",310.76,10.35,"D"
"22920",22.23609,111.77946,351.19,0.32,0.55,"2026-02-16",620,"N20","nominal","2.0NRT",298.98,5.96,"D"
"22921",20.1749,97.38683,341.64,0.43,0.46,"2026-02-16",620,"N20","nominal","2.0NRT",310.51,5.22,"D"
"22922",20.11359,97.0696,341.04,0.45,0.47,"2026-02-16",620,"N20","nominal","2.0NRT",306.3,4.85,"D"
"22923",19.83337,95.66133,338.6,0.56,0.51,"2026-02-16",620,"N20","nominal","2.0NRT",312.33,2.16,"D"
"22924",19.64853,94.7662,352.52,0.32,0.55,"2026-02-16",620,"N20","nominal","2.0NRT",307.1,3.71,"D"
"22925",19.64791,94.76325,340.34,0.32,0.55,"2026-02-16",620,"N20","nominal","2.0NRT",306.14,3.71,"D"
"22926",20.11397,97.04881,341.44,0.45,0.47,"2026-02-16",620,"N20","nominal","2.0NRT",306.23,4.74,"D"
"22927",19.79009,95.4253,341.84,0.58,0.52,"2026-02-16",620,"N20","nominal","2.0NRT",310.54,5.28,"D"
"22928",20.16941,97.31328,367,0.44,0.46,"2026-02-16",620,"N20","high","2.0NRT",312.18,11.1,"D"
"22929",20.29203,97.93678,336.14,0.4,0.44,"2026-02-16",620,"N20","low","2.0NRT",309.07,2.73,"D"
"22930",20.30015,97.95789,345.11,0.4,0.44,"2026-02-16",620,"N20","nominal","2.0NRT",310.45,3.95,"D"
"22931",19.72411,95.03109,345.86,0.62,0.54,"2026-02-16",620,"N20","nominal","2.0NRT",311.74,8.74,"D"
"22932",20.17491,97.27399,339.23,0.44,0.46,"2026-02-16",620,"N20","nominal","2.0NRT",311.4,5.11,"D"
"22933",19.72902,95.03022,341.98,0.62,0.54,"2026-02-16",620,"N20","nominal","2.0NRT",309.23,8.74,"D"
"22934",19.71934,94.98325,336.71,0.62,0.54,"2026-02-16",620,"N20","low","2.0NRT",308.83,6.17,"D"
"22935",19.67519,94.76989,351.77,0.32,0.55,"2026-02-16",620,"N20","nominal","2.0NRT",306.99,3.93,"D"
"22936",20.17908,97.27308,343.2,0.44,0.46,"2026-02-16",620,"N20","nominal","2.0NRT",313.07,4.9,"D"
"22937",19.68014,94.7688,333.89,0.32,0.55,"2026-02-16",620,"N20","low","2.0NRT",306.78,3.31,"D"
"22938",19.6795,94.76571,337.2,0.32,0.55,"2026-02-16",620,"N20","low","2.0NRT",307.29,5.18,"D"
"22939",19.67823,94.75958,343.32,0.32,0.55,"2026-02-16",620,"N20","nominal","2.0NRT",309.95,3.52,"D"
"22940",20.54498,99.2328,332.64,0.5,0.41,"2026-02-16",620,"N20","low","2.0NRT",304.52,4.31,"D"
"22941",20.26199,97.68761,337.24,0.41,0.45,"2026-02-16",620,"N20","nominal","2.0NRT",302.5,3.31,"D"
"22942",20.17995,97.25485,340.16,0.44,0.46,"2026-02-16",620,"N20","nominal","2.0NRT",308.43,3.67,"D"
"22943",20.55157,99.22663,338.81,0.5,0.41,"2026-02-16",620,"N20","nominal","2.0NRT",305.89,4.36,"D"
"22944",20.13696,96.98457,344.76,0.46,0.47,"2026-02-16",620,"N20","nominal","2.0NRT",318.78,11.28,"D"
"22945",20.11359,96.84,343.93,0.47,0.48,"2026-02-16",620,"N20","nominal","2.0NRT",306.84,6.16,"D"
"22946",20.21906,97.34656,339.34,0.43,0.46,"2026-02-16",620,"N20","low","2.0NRT",310.04,3.98,"D"
"22947",20.15328,97.00043,339.03,0.46,0.47,"2026-02-16",620,"N20","low","2.0NRT",310.03,4.71,"D"
"22948",20.16373,97.03199,334.32,0.45,0.47,"2026-02-16",620,"N20","low","2.0NRT",309.13,4.8,"D"
"22949",20.15752,96.99945,342.12,0.46,0.47,"2026-02-16",620,"N20","low","2.0NRT",313.85,4.71,"D"
"22950",20.02107,96.2925,339.06,0.51,0.49,"2026-02-16",620,"N20","nominal","2.0NRT",311.36,2.02,"D"
"22951",20.16417,97.01112,349.31,0.45,0.47,"2026-02-16",620,"N20","nominal","2.0NRT",312.69,11.98,"D"
"22952",19.7715,95.01424,336.63,0.62,0.54,"2026-02-16",620,"N20","low","2.0NRT",310.97,6.32,"D"
"22953",20.65383,99.67958,332.58,0.48,0.4,"2026-02-16",620,"N20","nominal","2.0NRT",300.65,3.01,"D"
"22954",20.16914,97.01399,341.35,0.45,0.47,"2026-02-16",620,"N20","nominal","2.0NRT",309.23,12.15,"D"
"22955",20.16838,97.01002,346.44,0.45,0.47,"2026-02-16",620,"N20","nominal","2.0NRT",310.24,11.98,"D"
"22956",20.18058,97.05101,343.73,0.45,0.47,"2026-02-16",620,"N20","low","2.0NRT",315.74,18.13,"D"
"22957",20.18486,97.05031,347.4,0.45,0.47,"2026-02-16",620,"N20","nominal","2.0NRT",317.06,18.13,"D"
"22958",19.76008,94.88239,338.16,0.63,0.54,"2026-02-16",620,"N20","nominal","2.0NRT",308.36,4.44,"D"
"22959",19.75889,94.87651,333.14,0.63,0.54,"2026-02-16",620,"N20","nominal","2.0NRT",308.05,4.44,"D"
"22960",19.71583,94.66471,343.47,0.33,0.55,"2026-02-16",620,"N20","nominal","2.0NRT",307.18,3.96,"D"
"22961",19.7152,94.66158,353.68,0.33,0.55,"2026-02-16",620,"N20","nominal","2.0NRT",308.76,3.92,"D"
"22962",19.72017,94.66045,367,0.33,0.55,"2026-02-16",620,"N20","high","2.0NRT",312.61,7.03,"D"
"22963",20.1803,97.0029,353.25,0.45,0.47,"2026-02-16",620,"N20","nominal","2.0NRT",315.15,11.74,"D"
"22964",19.7591,94.85222,332.31,0.63,0.54,"2026-02-16",620,"N20","low","2.0NRT",307.18,3.97,"D"
"22965",19.7208,94.66354,342.1,0.33,0.55,"2026-02-16",620,"N20","nominal","2.0NRT",309.94,4.41,"D"
"22966",20.2436,97.31606,344.41,0.43,0.46,"2026-02-16",620,"N20","low","2.0NRT",316.98,28.06,"D"
"22967",19.73825,94.67264,367,0.33,0.55,"2026-02-16",620,"N20","high","2.0NRT",308.88,4.95,"D"
"22968",21.2894,103.48041,337.86,0.38,0.36,"2026-02-16",620,"N20","nominal","2.0NRT",305.84,3.15,"D"
"22969",20.05677,96.28477,340.93,0.51,0.49,"2026-02-16",620,"N20","nominal","2.0NRT",311.88,5.23,"D"
"22970",19.73888,94.67577,343.06,0.33,0.55,"2026-02-16",620,"N20","nominal","2.0NRT",307.12,4.95,"D"
"22971",22.43821,112.66722,341.29,0.37,0.58,"2026-02-16",620,"N20","nominal","2.0NRT",296.87,5.48,"D"
"22972",22.43788,112.66385,347.66,0.37,0.58,"2026-02-16",620,"N20","nominal","2.0NRT",297.95,6.41,"D"
"22973",20.76945,100.20349,333.87,0.45,0.39,"2026-02-16",620,"N20","low","2.0NRT",305.03,2.27,"D"
"22974",20.24122,97.23361,345.66,0.44,0.46,"2026-02-16",620,"N20","nominal","2.0NRT",315.52,5.08,"D"
"22975",20.24041,97.22927,346.31,0.44,0.46,"2026-02-16",620,"N20","nominal","2.0NRT",316.27,8.26,"D"
"22976",22.37288,111.96236,329.03,0.33,0.56,"2026-02-16",620,"N20","nominal","2.0NRT",300.24,2.77,"D"
"22977",20.39523,98.00143,334.21,0.39,0.44,"2026-02-16",620,"N20","low","2.0NRT",306.3,3.42,"D"
"22978",20.07452,96.28043,345.07,0.51,0.49,"2026-02-16",620,"N20","nominal","2.0NRT",311.04,7.88,"D"
"22979",20.83362,100.4995,334.34,0.44,0.38,"2026-02-16",620,"N20","nominal","2.0NRT",300.85,3.95,"D"
"22980",20.83467,100.49937,336.15,0.44,0.38,"2026-02-16",620,"N20","nominal","2.0NRT",302.61,4.39,"D"
"22981",20.40053,98.02161,341.59,0.39,0.44,"2026-02-16",620,"N20","nominal","2.0NRT",307.87,5.15,"D"
"22982",19.73804,94.67282,367,0.33,0.55,"2026-02-16",620,"N20","high","2.0NRT",309.68,10.4,"D"
"22983",20.41199,98.03864,336.67,0.39,0.44,"2026-02-16",620,"N20","low","2.0NRT",310.58,4.72,"D"
"22984",20.35813,97.75275,341.42,0.41,0.45,"2026-02-16",620,"N20","nominal","2.0NRT",309.56,5.66,"D"
"22985",20.07231,96.28204,352.83,0.51,0.49,"2026-02-16",620,"N20","nominal","2.0NRT",313.09,9.65,"D"
"22986",22.43534,112.66459,338.84,0.37,0.58,"2026-02-16",620,"N20","nominal","2.0NRT",296.79,3.55,"D"
"22987",22.37014,111.96262,331.97,0.34,0.56,"2026-02-16",620,"N20","nominal","2.0NRT",300.8,2.53,"D"
"22988",20.74893,99.87751,336.04,0.46,0.39,"2026-02-16",620,"N20","nominal","2.0NRT",305.77,7.33,"D"
"22989",20.27362,97.28748,345.38,0.43,0.46,"2026-02-16",620,"N20","nominal","2.0NRT",313.58,5.76,"D"
"22990",22.44076,112.66451,349.48,0.37,0.58,"2026-02-16",620,"N20","nominal","2.0NRT",296.92,3.55,"D"
"22991",20.42412,98.05935,343.09,0.39,0.44,"2026-02-16",620,"N20","nominal","2.0NRT",310.03,3.86,"D"
"22992",20.2786,97.29082,343.29,0.43,0.46,"2026-02-16",620,"N20","nominal","2.0NRT",317.67,5.76,"D"
"22993",20.28273,97.28981,348.52,0.43,0.46,"2026-02-16",620,"N20","nominal","2.0NRT",316.9,7.7,"D"
"22994",19.97606,95.73113,340.97,0.55,0.51,"2026-02-16",620,"N20","nominal","2.0NRT",308.53,14.08,"D"
"22995",20.27653,97.23479,341.84,0.44,0.46,"2026-02-16",620,"N20","low","2.0NRT",316.52,4.68,"D"
"22996",19.77887,94.74403,352.4,0.32,0.55,"2026-02-16",620,"N20","nominal","2.0NRT",304.89,18.94,"D"
"22997",20.2373,97.00799,367,0.45,0.47,"2026-02-16",620,"N20","high","2.0NRT",318.43,11.56,"D"
"22998",20.98144,101.16049,331.08,0.41,0.37,"2026-02-16",620,"N20","nominal","2.0NRT",294.54,3.79,"D"
"22999",20.85534,100.40953,331.1,0.44,0.38,"2026-02-16",620,"N20","nominal","2.0NRT",301.84,1.38,"D"
"23000",20.29105,97.28793,346.78,0.43,0.46,"2026-02-16",620,"N20","low","2.0NRT",316.96,5.41,"D"
"23001",20.29025,97.28377,347.5,0.43,0.46,"2026-02-16",620,"N20","low","2.0NRT",318.59,5.41,"D"
"23002",20.04761,96.04034,341.82,0.52,0.5,"2026-02-16",620,"N20","nominal","2.0NRT",307.35,4.54,"D"
"23003",21.15113,102.18716,343.23,0.39,0.36,"2026-02-16",620,"N20","nominal","2.0NRT",302.36,21.46,"D"
"23004",20.39369,97.80788,337.21,0.4,0.44,"2026-02-16",620,"N20","nominal","2.0NRT",303.26,2.63,"D"
"23005",20.27351,97.1735,348.03,0.44,0.46,"2026-02-16",620,"N20","nominal","2.0NRT",312.69,5.95,"D"
"23006",20.24156,97.00716,346.8,0.45,0.47,"2026-02-16",620,"N20","nominal","2.0NRT",312.08,11.56,"D"
"23007",19.991,95.73338,330.65,0.55,0.51,"2026-02-16",620,"N20","low","2.0NRT",304.84,3.36,"D"
"23008",20.21628,96.85313,336.89,0.46,0.47,"2026-02-16",620,"N20","nominal","2.0NRT",306.78,3.72,"D"
"23009",20.20709,96.80562,330.84,0.47,0.48,"2026-02-16",620,"N20","nominal","2.0NRT",302.11,2.45,"D"
"23010",19.83742,94.9528,339.89,0.62,0.54,"2026-02-16",620,"N20","nominal","2.0NRT",311.24,3.72,"D"
"23011",19.79052,94.7253,333.73,0.32,0.55,"2026-02-16",620,"N20","low","2.0NRT",308.05,1.27,"D"
"23012",20.313,97.33502,348.36,0.43,0.46,"2026-02-16",620,"N20","nominal","2.0NRT",316.06,6.42,"D"
"23013",19.8657,95.06603,349.31,0.61,0.53,"2026-02-16",620,"N20","nominal","2.0NRT",312.82,8.21,"D"
"23014",20.75436,99.73824,339.26,0.47,0.4,"2026-02-16",620,"N20","nominal","2.0NRT",302.87,5.51,"D"
"23015",20.30137,97.25102,344.16,0.44,0.46,"2026-02-16",620,"N20","nominal","2.0NRT",318.74,7.94,"D"
"23016",20.28691,97.17507,347.27,0.44,0.46,"2026-02-16",620,"N20","nominal","2.0NRT",311.16,6.95,"D"
"23017",20.24766,96.96986,342.09,0.46,0.47,"2026-02-16",620,"N20","nominal","2.0NRT",310.38,3.63,"D"
"23018",21.82351,106.76134,331.08,0.48,0.4,"2026-02-16",620,"N20","nominal","2.0NRT",297.87,3.3,"D"
"23019",20.75722,99.73329,331.53,0.47,0.4,"2026-02-16",620,"N20","nominal","2.0NRT",297.75,5.51,"D"
"23020",20.30633,97.2543,346.46,0.44,0.46,"2026-02-16",620,"N20","nominal","2.0NRT",314.67,6.87,"D"
"23021",20.23636,96.88794,335.91,0.46,0.47,"2026-02-16",620,"N20","nominal","2.0NRT",310.23,6.04,"D"
"23022",20.23558,96.88386,354.16,0.46,0.47,"2026-02-16",620,"N20","nominal","2.0NRT",310.9,6.04,"D"
"23023",19.85561,94.96701,333.75,0.62,0.54,"2026-02-16",620,"N20","nominal","2.0NRT",307.71,2.44,"D"
"23024",19.82579,94.82135,352.16,0.64,0.54,"2026-02-16",620,"N20","nominal","2.0NRT",311.95,57.13,"D"
"23025",20.3105,97.2534,342.28,0.44,0.46,"2026-02-16",620,"N20","nominal","2.0NRT",314.8,13.61,"D"
"23026",20.30971,97.2492,354.05,0.44,0.46,"2026-02-16",620,"N20","nominal","2.0NRT",316.83,18.41,"D"
"23027",20.23983,96.88282,340.32,0.46,0.47,"2026-02-16",620,"N20","nominal","2.0NRT",303.61,3.83,"D"
"23028",19.809,94.68922,367,0.32,0.55,"2026-02-16",620,"N20","high","2.0NRT",307.62,32.92,"D"
"23029",19.80839,94.68626,367,0.32,0.55,"2026-02-16",620,"N20","high","2.0NRT",326.88,32.92,"D"
"23030",20.44661,97.95799,341.49,0.39,0.44,"2026-02-16",620,"N20","nominal","2.0NRT",302.7,5.14,"D"
"23031",20.40471,97.7321,343.84,0.41,0.45,"2026-02-16",620,"N20","nominal","2.0NRT",309.54,9.3,"D"
"23032",20.404,97.72829,334.21,0.41,0.45,"2026-02-16",620,"N20","nominal","2.0NRT",308.08,9.3,"D"
"23033",20.26619,96.99739,348.16,0.45,0.47,"2026-02-16",620,"N20","nominal","2.0NRT",318.96,31.4,"D"
"23034",20.1359,96.32211,335.67,0.5,0.49,"2026-02-16",620,"N20","nominal","2.0NRT",310.64,7.17,"D"
"23035",20.13494,96.31715,343.88,0.5,0.49,"2026-02-16",620,"N20","nominal","2.0NRT",316.27,11.67,"D"
"23036",20.0975,96.12589,335.45,0.52,0.5,"2026-02-16",620,"N20","low","2.0NRT",308.97,2.27,"D"
"23037",19.7856,94.57545,337.42,0.33,0.55,"2026-02-16",620,"N20","nominal","2.0NRT",306.49,2.46,"D"
"23038",20.26873,96.98751,334.95,0.45,0.47,"2026-02-16",620,"N20","low","2.0NRT",308.9,4.24,"D"
"23039",19.78195,94.53231,340.45,0.33,0.55,"2026-02-16",620,"N20","nominal","2.0NRT",305.76,2.83,"D"
"23040",20.273,96.98671,338.39,0.45,0.47,"2026-02-16",620,"N20","low","2.0NRT",312.44,4.24,"D"
"23041",20.27227,96.9829,340.05,0.45,0.47,"2026-02-16",620,"N20","nominal","2.0NRT",308.25,4.24,"D"
"23042",20.24639,96.84729,344.02,0.46,0.47,"2026-02-16",620,"N20","nominal","2.0NRT",316.5,7.24,"D"
"23043",19.87044,94.93977,337.85,0.62,0.54,"2026-02-16",620,"N20","low","2.0NRT",309.11,7.28,"D"
"23044",20.27656,96.98221,345.37,0.45,0.47,"2026-02-16",620,"N20","nominal","2.0NRT",307.81,8.74,"D"
"23045",20.02523,95.68689,341.01,0.55,0.51,"2026-02-16",620,"N20","nominal","2.0NRT",308.49,4,"D"
"23046",20.28239,96.98964,342.84,0.45,0.47,"2026-02-16",620,"N20","nominal","2.0NRT",313.83,8.75,"D"
"23047",20.02983,95.68569,340.29,0.55,0.51,"2026-02-16",620,"N20","nominal","2.0NRT",306.57,4,"D"
"23048",21.29128,102.8456,331.12,0.38,0.36,"2026-02-16",620,"N20","nominal","2.0NRT",303.67,3.52,"D"
"23049",20.39075,97.54353,334.71,0.42,0.45,"2026-02-16",620,"N20","low","2.0NRT",309.53,5.38,"D"
"23050",20.28756,96.99361,346.23,0.45,0.47,"2026-02-16",620,"N20","nominal","2.0NRT",309.09,27.66,"D"
"23051",20.28666,96.98885,355.01,0.45,0.47,"2026-02-16",620,"N20","nominal","2.0NRT",320,27.66,"D"
"23052",20.28585,96.9846,340.91,0.45,0.47,"2026-02-16",620,"N20","nominal","2.0NRT",306.67,27.27,"D"
"23053",19.83554,94.69222,343.55,0.32,0.55,"2026-02-16",620,"N20","nominal","2.0NRT",311.98,6.98,"D"
"23054",19.83434,94.68631,341.51,0.32,0.55,"2026-02-16",620,"N20","nominal","2.0NRT",308.93,4.05,"D"
"23055",20.29093,96.9881,367,0.45,0.47,"2026-02-16",620,"N20","high","2.0NRT",312.45,27.66,"D"
"23056",19.83989,94.68812,367,0.32,0.55,"2026-02-16",620,"N20","high","2.0NRT",313.65,4.05,"D"
"23057",20.28938,96.9799,333.4,0.45,0.47,"2026-02-16",620,"N20","low","2.0NRT",304.49,27.27,"D"
"23058",19.8839,94.90544,333.82,0.63,0.54,"2026-02-16",620,"N20","nominal","2.0NRT",307.46,3.74,"D"
"23059",19.83929,94.68517,334.65,0.32,0.55,"2026-02-16",620,"N20","nominal","2.0NRT",309.2,4.05,"D"
"23060",19.81623,94.57187,348.95,0.33,0.55,"2026-02-16",620,"N20","nominal","2.0NRT",309.55,4.14,"D"
"23061",22.32258,110.62125,332.6,0.55,0.51,"2026-02-16",620,"N20","nominal","2.0NRT",296.36,4.08,"D"
"23062",19.82124,94.57079,338.02,0.33,0.55,"2026-02-16",620,"N20","low","2.0NRT",309.2,2.93,"D"
"23063",19.84614,94.66778,343.31,0.32,0.55,"2026-02-16",620,"N20","nominal","2.0NRT",310.25,3.28,"D"
"23064",19.85714,94.69653,367,0.32,0.55,"2026-02-16",620,"N20","high","2.0NRT",309.12,5.24,"D"
"23065",19.85111,94.66673,338.84,0.32,0.55,"2026-02-16",620,"N20","low","2.0NRT",310.68,1.7,"D"
"23066",19.98687,95.31994,337.49,0.59,0.53,"2026-02-16",620,"N20","low","2.0NRT",311.93,3.41,"D"
"23067",20.46742,97.82228,331.22,0.4,0.44,"2026-02-16",620,"N20","nominal","2.0NRT",305.66,2.3,"D"
"23068",20.30646,96.92953,352.7,0.46,0.47,"2026-02-16",620,"N20","nominal","2.0NRT",318.18,17.5,"D"
"23069",20.30563,96.92514,338.48,0.46,0.47,"2026-02-16",620,"N20","low","2.0NRT",312.3,7.3,"D"
"23070",21.06122,101.15262,329.69,0.41,0.37,"2026-02-16",620,"N20","nominal","2.0NRT",302.29,3.6,"D"
"23071",20.30445,96.92712,346.03,0.46,0.47,"2026-02-16",620,"N20","nominal","2.0NRT",314.2,49.61,"D"
"23072",19.84621,94.66689,346.45,0.32,0.55,"2026-02-16",620,"N20","nominal","2.0NRT",310.97,2.74,"D"
"23073",19.85742,94.69558,367,0.32,0.55,"2026-02-16",620,"N20","high","2.0NRT",310.09,6.27,"D"
"23074",22.4163,111.3906,331.74,0.62,0.54,"2026-02-16",620,"N20","nominal","2.0NRT",293.94,4.92,"D"
"23075",20.31393,96.95299,341.21,0.46,0.47,"2026-02-16",620,"N20","nominal","2.0NRT",309.83,7.94,"D"
"23076",20.31308,96.94861,340.17,0.46,0.47,"2026-02-16",620,"N20","nominal","2.0NRT",309.75,7.94,"D"
"23077",20.30955,96.9305,343.13,0.46,0.47,"2026-02-16",620,"N20","low","2.0NRT",314.25,26.72,"D"
"23078",19.98673,95.3185,336.91,0.59,0.52,"2026-02-16",620,"N20","low","2.0NRT",311.69,3.77,"D"
"23079",19.85119,94.66586,337.09,0.32,0.55,"2026-02-16",620,"N20","low","2.0NRT",310.25,2.74,"D"
"23080",20.2986,96.85148,335.48,0.46,0.47,"2026-02-16",620,"N20","low","2.0NRT",307.46,2.94,"D"
"23081",20.46973,97.71993,338.84,0.41,0.45,"2026-02-16",620,"N20","nominal","2.0NRT",306.6,4.33,"D"
"23082",20.47377,97.71905,350.6,0.41,0.45,"2026-02-16",620,"N20","nominal","2.0NRT",303.65,7.32,"D"
"23083",20.07929,95.70055,337.4,0.55,0.51,"2026-02-16",620,"N20","nominal","2.0NRT",306.34,5.2,"D"
"23084",20.47856,97.72214,330.29,0.41,0.45,"2026-02-16",620,"N20","low","2.0NRT",301.61,4.29,"D"
"23085",20.2038,96.29969,349.51,0.5,0.49,"2026-02-16",620,"N20","nominal","2.0NRT",316.46,8.67,"D"
"23086",20.13164,95.93703,338.44,0.53,0.5,"2026-02-16",620,"N20","low","2.0NRT",310.28,7.38,"D"
"23087",20.34169,96.98206,342.29,0.45,0.47,"2026-02-16",620,"N20","low","2.0NRT",314.36,7.81,"D"
"23088",20.37274,97.1206,345.8,0.44,0.46,"2026-02-16",620,"N20","nominal","2.0NRT",313.54,7.7,"D"
"23089",20.32138,96.85408,333.62,0.46,0.47,"2026-02-16",620,"N20","low","2.0NRT",307.68,4.27,"D"
"23090",20.2155,96.31205,347.16,0.5,0.49,"2026-02-16",620,"N20","nominal","2.0NRT",314.75,6.2,"D"
"23091",20.37695,97.11974,350.87,0.44,0.46,"2026-02-16",620,"N20","nominal","2.0NRT",311.8,6.49,"D"
"23092",20.32566,96.85315,345.33,0.46,0.47,"2026-02-16",620,"N20","nominal","2.0NRT",309.48,8.31,"D"
"23093",20.47811,97.63018,338.96,0.41,0.45,"2026-02-16",620,"N20","nominal","2.0NRT",303.59,5.45,"D"
"23094",20.38748,97.15194,345.32,0.44,0.46,"2026-02-16",620,"N20","nominal","2.0NRT",311.02,2.67,"D"
"23095",20.33141,96.85988,335.2,0.46,0.47,"2026-02-16",620,"N20","low","2.0NRT",308.64,12.51,"D"
"23096",20.33067,96.85605,355.37,0.46,0.47,"2026-02-16",620,"N20","nominal","2.0NRT",318.24,12.51,"D"
"23097",20.17431,96.0563,336.64,0.52,0.5,"2026-02-16",620,"N20","nominal","2.0NRT",306.29,6.04,"D"
"23098",20.09178,95.6424,336.71,0.56,0.51,"2026-02-16",620,"N20","nominal","2.0NRT",309.35,2.74,"D"
"23099",20.52258,97.84542,342.84,0.4,0.44,"2026-02-16",620,"N20","nominal","2.0NRT",309.4,5.51,"D"
"23100",20.40346,97.21291,344.07,0.44,0.46,"2026-02-16",620,"N20","nominal","2.0NRT",317.78,10.93,"D"
"23101",20.39169,97.1511,341.53,0.44,0.46,"2026-02-16",620,"N20","nominal","2.0NRT",310.21,2.99,"D"
"23102",20.33571,96.85906,343.52,0.46,0.47,"2026-02-16",620,"N20","nominal","2.0NRT",311.51,4.45,"D"
"23103",20.30403,96.69507,342.93,0.47,0.48,"2026-02-16",620,"N20","nominal","2.0NRT",312.56,4.66,"D"
"23104",19.90145,94.65784,367,0.32,0.55,"2026-02-16",620,"N20","high","2.0NRT",307.45,9.06,"D"
"23105",20.39589,97.15025,339.39,0.44,0.46,"2026-02-16",620,"N20","nominal","2.0NRT",308.09,2.99,"D"
"23106",20.35122,96.9166,345.18,0.46,0.47,"2026-02-16",620,"N20","nominal","2.0NRT",308.05,7.1,"D"
"23107",20.30836,96.69417,340.18,0.47,0.48,"2026-02-16",620,"N20","low","2.0NRT",310.43,4.66,"D"
"23108",19.9491,94.88969,339.18,0.63,0.54,"2026-02-16",620,"N20","nominal","2.0NRT",307.07,2.46,"D"
"23109",19.90084,94.65491,355.36,0.32,0.55,"2026-02-16",620,"N20","nominal","2.0NRT",310.84,8.39,"D"
"23110",20.90274,99.92153,340.13,0.46,0.39,"2026-02-16",620,"N20","nominal","2.0NRT",304.65,5.26,"D"
"23111",20.6117,98.28366,335.47,0.56,0.43,"2026-02-16",620,"N20","nominal","2.0NRT",306.84,5.23,"D"
"23112",20.39147,97.10409,339.06,0.44,0.46,"2026-02-16",620,"N20","nominal","2.0NRT",310.66,4.16,"D"
"23113",20.3907,97.10004,338.92,0.44,0.46,"2026-02-16",620,"N20","nominal","2.0NRT",310.74,4.16,"D"
"23114",19.95398,94.88855,344.02,0.63,0.54,"2026-02-16",620,"N20","nominal","2.0NRT",307.43,6.17,"D"
"23115",19.8987,94.61932,333.97,0.33,0.55,"2026-02-16",620,"N20","low","2.0NRT",307.59,3.5,"D"
"23116",19.89806,94.6162,347.28,0.33,0.55,"2026-02-16",620,"N20","nominal","2.0NRT",308.17,4.28,"D"
"23117",20.43478,97.30953,355.47,0.43,0.46,"2026-02-16",620,"N20","nominal","2.0NRT",314.93,12.27,"D"
"23118",20.36393,96.93674,341.03,0.46,0.47,"2026-02-16",620,"N20","low","2.0NRT",312.28,5.58,"D"
"23119",20.36308,96.93226,341.62,0.46,0.47,"2026-02-16",620,"N20","nominal","2.0NRT",311.47,6.26,"D"
"23120",19.95768,94.88165,337.81,0.63,0.54,"2026-02-16",620,"N20","nominal","2.0NRT",309.39,4.6,"D"
"23121",19.90824,94.64039,345.52,0.32,0.55,"2026-02-16",620,"N20","nominal","2.0NRT",305.13,2.9,"D"
"23122",19.72508,93.76146,327.5,0.37,0.58,"2026-02-16",620,"N20","low","2.0NRT",301.9,2.3,"D"
"23123",20.35202,96.85128,344.61,0.46,0.47,"2026-02-16",620,"N20","nominal","2.0NRT",311.93,3.71,"D"
"23124",20.4111,97.13844,335.9,0.44,0.46,"2026-02-16",620,"N20","nominal","2.0NRT",308.28,3.33,"D"
"23125",20.17614,95.92185,338.25,0.53,0.5,"2026-02-16",620,"N20","nominal","2.0NRT",309.76,3.22,"D"
"23126",20.15153,95.7972,354.84,0.54,0.51,"2026-02-16",620,"N20","nominal","2.0NRT",310.06,11.19,"D"
"23127",20.62468,98.26598,344.33,0.56,0.43,"2026-02-16",620,"N20","nominal","2.0NRT",304.87,7.42,"D"
"23128",20.39498,97.00704,344.98,0.45,0.47,"2026-02-16",620,"N20","nominal","2.0NRT",306.29,7.99,"D"
"23129",20.17253,95.85518,337.25,0.54,0.51,"2026-02-16",620,"N20","nominal","2.0NRT",307.73,4.14,"D"
"23130",20.16764,95.83033,342.98,0.54,0.51,"2026-02-16",620,"N20","nominal","2.0NRT",308.26,4.84,"D"
"23131",20.1637,95.81031,337.69,0.54,0.51,"2026-02-16",620,"N20","low","2.0NRT",308.82,3.85,"D"
"23132",20.11841,95.58117,341.92,0.56,0.51,"2026-02-16",620,"N20","nominal","2.0NRT",313.08,4.35,"D"
"23133",20.41606,97.09528,339.47,0.44,0.46,"2026-02-16",620,"N20","nominal","2.0NRT",307.57,3.76,"D"
"23134",20.39925,97.00635,343.05,0.45,0.47,"2026-02-16",620,"N20","nominal","2.0NRT",303.97,4.18,"D"
"23135",20.39841,97.00191,333.33,0.45,0.47,"2026-02-16",620,"N20","nominal","2.0NRT",306.31,4.18,"D"
"23136",20.19559,95.94844,336.2,0.53,0.5,"2026-02-16",620,"N20","nominal","2.0NRT",310.16,2.52,"D"
"23137",19.92398,94.56474,367,0.33,0.55,"2026-02-16",620,"N20","high","2.0NRT",309.63,7.23,"D"
"23138",19.71355,93.54846,367,0.39,0.59,"2026-02-16",620,"N20","high","2.0NRT",305.31,5.46,"D"
"23139",20.41951,97.09042,337.18,0.44,0.46,"2026-02-16",620,"N20","low","2.0NRT",308.79,7.09,"D"
"23140",20.41876,97.08641,342.37,0.45,0.47,"2026-02-16",620,"N20","low","2.0NRT",313.19,7.09,"D"
"23141",20.26332,96.27232,343.72,0.5,0.49,"2026-02-16",620,"N20","low","2.0NRT",318.55,6.48,"D"
"23142",19.92463,94.56789,354.45,0.33,0.55,"2026-02-16",620,"N20","nominal","2.0NRT",308.93,6.61,"D"
"23143",19.71581,93.55925,334.67,0.39,0.59,"2026-02-16",620,"N20","nominal","2.0NRT",300.69,1.86,"D"
"23144",19.71506,93.55566,332.88,0.39,0.59,"2026-02-16",620,"N20","nominal","2.0NRT",300.2,1.86,"D"
"23145",19.7143,93.55206,328.55,0.39,0.59,"2026-02-16",620,"N20","nominal","2.0NRT",299.81,5.46,"D"
"23146",19.92896,94.56358,367,0.33,0.55,"2026-02-16",620,"N20","high","2.0NRT",314.57,7.48,"D"
"23147",19.92833,94.56046,367,0.33,0.55,"2026-02-16",620,"N20","high","2.0NRT",312.77,7.48,"D"
"23148",20.40364,96.98295,341.95,0.45,0.47,"2026-02-16",620,"N20","nominal","2.0NRT",308.9,17.12,"D"
"23149",19.97632,94.79696,347.23,0.63,0.54,"2026-02-16",620,"N20","nominal","2.0NRT",308.97,6.25,"D"
"23150",19.92769,94.55733,342.32,0.33,0.55,"2026-02-16",620,"N20","nominal","2.0NRT",311.67,5.97,"D"
"23151",19.92636,94.52515,367,0.33,0.55,"2026-02-16",620,"N20","high","2.0NRT",312.41,4.65,"D"
"23152",19.98121,94.79574,340.21,0.63,0.54,"2026-02-16",620,"N20","nominal","2.0NRT",310.06,6.25,"D"
"23153",19.93331,94.55928,343.68,0.33,0.55,"2026-02-16",620,"N20","nominal","2.0NRT",311.02,7.48,"D"
"23154",20.51392,97.50374,335.98,0.42,0.45,"2026-02-16",620,"N20","nominal","2.0NRT",309.13,3.06,"D"
"23155",20.46929,97.26318,335.15,0.43,0.46,"2026-02-16",620,"N20","low","2.0NRT",309.13,3.48,"D"
"23156",20.29488,96.34021,334.11,0.5,0.49,"2026-02-16",620,"N20","low","2.0NRT",306.33,3.95,"D"
"23157",20.10086,95.34416,342.83,0.58,0.52,"2026-02-16",620,"N20","low","2.0NRT",314.58,4.13,"D"
"23158",20.51805,97.50308,349.08,0.42,0.45,"2026-02-16",620,"N20","nominal","2.0NRT",314.68,21.06,"D"
"23159",20.39244,96.82968,344.04,0.46,0.47,"2026-02-16",620,"N20","nominal","2.0NRT",315.24,7.44,"D"
"23160",20.42057,96.95564,346.85,0.45,0.47,"2026-02-16",620,"N20","nominal","2.0NRT",312.82,6.48,"D"
"23161",19.9973,94.77361,333.59,0.64,0.54,"2026-02-16",620,"N20","low","2.0NRT",305.83,1.75,"D"
"23162",20.97989,100.05083,343.48,0.45,0.39,"2026-02-16",620,"N20","nominal","2.0NRT",302.83,4.27,"D"
"23163",20.97924,100.0519,336.69,0.45,0.39,"2026-02-16",620,"N20","nominal","2.0NRT",301.85,3.88,"D"
"23164",20.51655,97.50359,350.73,0.42,0.45,"2026-02-16",620,"N20","nominal","2.0NRT",312.58,20.65,"D"
"23165",20.49741,97.40391,332.96,0.42,0.46,"2026-02-16",620,"N20","nominal","2.0NRT",302.21,2.19,"D"
"23166",19.97707,94.79494,344.23,0.63,0.54,"2026-02-16",620,"N20","nominal","2.0NRT",309.7,7.68,"D"
"23167",20.41947,96.95695,341.11,0.45,0.47,"2026-02-16",620,"N20","nominal","2.0NRT",309.64,8.18,"D"
"23168",19.93306,94.56104,343.05,0.33,0.55,"2026-02-16",620,"N20","nominal","2.0NRT",309.25,2.71,"D"
"23169",19.9324,94.55791,346.42,0.33,0.55,"2026-02-16",620,"N20","nominal","2.0NRT",311.53,2.71,"D"
"23170",19.92586,94.52694,344.48,0.33,0.55,"2026-02-16",620,"N20","nominal","2.0NRT",311.28,5.22,"D"
"23171",19.92522,94.52393,342.74,0.33,0.55,"2026-02-16",620,"N20","nominal","2.0NRT",310.37,3.66,"D"
"23172",19.71826,93.55817,339.33,0.38,0.59,"2026-02-16",620,"N20","nominal","2.0NRT",303.28,4.49,"D"
"23173",19.71592,93.54742,334.4,0.39,0.59,"2026-02-16",620,"N20","nominal","2.0NRT",304.06,4.48,"D"
"23174",20.21239,95.89036,340.19,0.53,0.5,"2026-02-16",620,"N20","low","2.0NRT",310.8,6.38,"D"
"23175",20.49367,97.25005,340.21,0.43,0.46,"2026-02-16",620,"N20","nominal","2.0NRT",307.77,2.27,"D"
"23176",19.99916,94.77763,336.29,0.63,0.54,"2026-02-16",620,"N20","nominal","2.0NRT",307.5,4.63,"D"
"23177",19.94017,94.49535,337.69,0.33,0.55,"2026-02-16",620,"N20","low","2.0NRT",308.25,4.61,"D"
"23178",20.5273,97.40336,333.17,0.42,0.45,"2026-02-16",620,"N20","nominal","2.0NRT",306.4,3.36,"D"
"23179",20.25565,96.01136,336.04,0.52,0.5,"2026-02-16",620,"N20","nominal","2.0NRT",308.26,3.01,"D"
"23180",21.12602,100.72015,332.86,0.43,0.38,"2026-02-16",620,"N20","nominal","2.0NRT",304.04,7.6,"D"
"23181",20.5567,97.53568,343.92,0.42,0.45,"2026-02-16",620,"N20","nominal","2.0NRT",309.2,5.76,"D"
"23182",20.55596,97.53179,338.72,0.42,0.45,"2026-02-16",620,"N20","low","2.0NRT",309.72,5.1,"D"
"23183",21.19149,101.09148,331.81,0.41,0.37,"2026-02-16",620,"N20","nominal","2.0NRT",300.53,3.28,"D"
"23184",20.56371,97.55031,355.35,0.41,0.45,"2026-02-16",620,"N20","nominal","2.0NRT",308.18,9.32,"D"
"23185",20.56079,97.53487,344.46,0.42,0.45,"2026-02-16",620,"N20","nominal","2.0NRT",309.6,5.76,"D"
"23186",20.56007,97.53106,339.53,0.42,0.45,"2026-02-16",620,"N20","nominal","2.0NRT",310.49,5.1,"D"
"23187",19.96642,94.52069,335.49,0.33,0.55,"2026-02-16",620,"N20","low","2.0NRT",308.29,2.16,"D"
"23188",20.12749,95.27903,337.23,0.59,0.52,"2026-02-16",620,"N20","nominal","2.0NRT",312.13,3.84,"D"
"23189",20.02621,94.75922,341.53,0.64,0.54,"2026-02-16",620,"N20","nominal","2.0NRT",311.52,20.51,"D"
"23190",19.98794,94.57405,338.15,0.33,0.55,"2026-02-16",620,"N20","low","2.0NRT",309.63,2.39,"D"
"23191",20.02904,94.74797,367,0.32,0.54,"2026-02-16",620,"N20","high","2.0NRT",314.95,29.85,"D"
"23192",20.28279,96.00558,338.96,0.52,0.5,"2026-02-16",620,"N20","low","2.0NRT",310,4.26,"D"
"23193",20.06692,94.93259,343.08,0.62,0.54,"2026-02-16",620,"N20","nominal","2.0NRT",312.7,11.43,"D"
"23194",20.03232,94.76395,334.67,0.63,0.54,"2026-02-16",620,"N20","low","2.0NRT",307.88,3.36,"D"
"23195",20.03113,94.75816,351.03,0.64,0.54,"2026-02-16",620,"N20","nominal","2.0NRT",311.89,20.51,"D"
"23196",20.59004,97.57764,354.08,0.41,0.45,"2026-02-16",620,"N20","nominal","2.0NRT",311.72,7.8,"D"
"23197",20.56701,97.45506,340.52,0.42,0.45,"2026-02-16",620,"N20","nominal","2.0NRT",314.74,6.32,"D"
"23198",20.31369,96.13844,342.12,0.51,0.49,"2026-02-16",620,"N20","nominal","2.0NRT",312.23,5.87,"D"
"23199",20.28931,96.01473,341.46,0.52,0.5,"2026-02-16",620,"N20","nominal","2.0NRT",309.24,4.9,"D"
"23200",21.04988,100.12254,345.43,0.45,0.39,"2026-02-16",620,"N20","nominal","2.0NRT",315.7,51.76,"D"
"23201",20.73096,98.3173,343.67,0.56,0.43,"2026-02-16",620,"N20","nominal","2.0NRT",307.63,6.72,"D"
"23202",20.22162,95.64941,341.4,0.55,0.51,"2026-02-16",620,"N20","nominal","2.0NRT",310.29,9.56,"D"
"23203",20.22054,95.64405,339.31,0.55,0.51,"2026-02-16",620,"N20","nominal","2.0NRT",312.28,9.07,"D"
"23204",20.05774,94.83788,339.54,0.63,0.54,"2026-02-16",620,"N20","nominal","2.0NRT",308.08,1.48,"D"
"23205",20.02093,94.65835,334.11,0.32,0.55,"2026-02-16",620,"N20","nominal","2.0NRT",308.17,0.91,"D"
"23206",20.57678,97.46166,353.18,0.42,0.45,"2026-02-16",620,"N20","nominal","2.0NRT",309.48,13.45,"D"
"23207",20.0401,94.70142,367,0.32,0.55,"2026-02-16",620,"N20","high","2.0NRT",311.67,7.04,"D"
"23208",20.32601,96.10586,342.1,0.51,0.5,"2026-02-16",620,"N20","nominal","2.0NRT",310.7,3.4,"D"
"23209",20.25777,95.73456,341.75,0.54,0.51,"2026-02-16",620,"N20","nominal","2.0NRT",310.73,3.61,"D"
"23210",20.22769,95.58258,344.47,0.56,0.51,"2026-02-16",620,"N20","nominal","2.0NRT",314.21,6.67,"D"
"23211",20.60548,97.52423,346.78,0.42,0.45,"2026-02-16",620,"N20","nominal","2.0NRT",302.71,7,"D"
"23212",20.53411,97.14304,341.72,0.44,0.46,"2026-02-16",620,"N20","nominal","2.0NRT",310.97,3.93,"D"
"23213",20.24382,95.59058,335.8,0.56,0.51,"2026-02-16",620,"N20","nominal","2.0NRT",309.08,2.73,"D"
"23214",20.00775,94.41603,335.07,0.33,0.56,"2026-02-16",620,"N20","nominal","2.0NRT",304.15,2.21,"D"
"23215",20.61264,97.49432,341.13,0.42,0.45,"2026-02-16",620,"N20","nominal","2.0NRT",304.02,4.91,"D"
"23216",20.2432,95.5628,343.45,0.56,0.51,"2026-02-16",620,"N20","nominal","2.0NRT",312.77,6.33,"D"
"23217",20.01207,94.41146,332.62,0.33,0.56,"2026-02-16",620,"N20","low","2.0NRT",305.39,2.21,"D"
"23218",21.59355,103.31371,335.46,0.38,0.36,"2026-02-16",620,"N20","nominal","2.0NRT",301.8,6.06,"D"
"23219",20.6002,97.40413,337.61,0.42,0.45,"2026-02-16",620,"N20","nominal","2.0NRT",307.83,2.54,"D"
"23220",20.3843,96.26239,350.23,0.5,0.49,"2026-02-16",620,"N20","nominal","2.0NRT",315.81,10.48,"D"
"23221",20.31587,95.90911,342.27,0.53,0.5,"2026-02-16",620,"N20","nominal","2.0NRT",311.64,8.87,"D"
"23222",20.06781,94.65992,336.96,0.32,0.55,"2026-02-16",620,"N20","low","2.0NRT",307.23,1.8,"D"
"23223",20.0672,94.65686,336.6,0.32,0.55,"2026-02-16",620,"N20","low","2.0NRT",307.31,2.09,"D"
"23224",20.27511,95.676,341.78,0.55,0.51,"2026-02-16",620,"N20","nominal","2.0NRT",310.27,5.2,"D"
"23225",20.26391,95.61884,335.49,0.55,0.51,"2026-02-16",620,"N20","low","2.0NRT",310.23,4.46,"D"
"23226",20.06658,94.62824,338.44,0.32,0.55,"2026-02-16",620,"N20","nominal","2.0NRT",308.56,1.25,"D"
"23227",20.46335,96.62842,346.2,0.47,0.48,"2026-02-16",620,"N20","nominal","2.0NRT",303.51,5.38,"D"
"23228",20.34039,95.98672,343.68,0.52,0.5,"2026-02-16",620,"N20","low","2.0NRT",314.53,9.5,"D"
"23229",20.38219,96.26048,346.61,0.5,0.49,"2026-02-16",620,"N20","low","2.0NRT",317.24,9.61,"D"
"23230",20.31119,95.90814,338.03,0.53,0.5,"2026-02-16",620,"N20","nominal","2.0NRT",312.17,4.74,"D"
"23231",20.24051,95.56145,344.9,0.56,0.51,"2026-02-16",620,"N20","nominal","2.0NRT",313.74,5.87,"D"
"23232",20.38281,96.24044,343.47,0.5,0.49,"2026-02-16",620,"N20","nominal","2.0NRT",316.07,4.77,"D"
"23233",20.31574,95.90717,347.78,0.53,0.5,"2026-02-16",620,"N20","nominal","2.0NRT",311.38,4.74,"D"
"23234",20.71413,97.92305,344.71,0.39,0.44,"2026-02-16",620,"N20","nominal","2.0NRT",309.06,4.18,"D"
"23235",20.66717,97.67492,345.3,0.41,0.45,"2026-02-16",620,"N20","nominal","2.0NRT",314.57,7.75,"D"
"23236",20.33629,95.9855,340.57,0.52,0.5,"2026-02-16",620,"N20","low","2.0NRT",312.54,5.63,"D"
"23237",20.25634,95.59133,347.47,0.56,0.51,"2026-02-16",620,"N20","nominal","2.0NRT",314.72,5.4,"D"
"23238",20.01145,94.41427,337.16,0.33,0.56,"2026-02-16",620,"N20","nominal","2.0NRT",306.39,5.67,"D"
"23239",20.79906,98.35599,335.34,0.55,0.43,"2026-02-16",620,"N20","nominal","2.0NRT",308.25,8.67,"D"
"23240",20.67193,97.67784,355.46,0.41,0.45,"2026-02-16",620,"N20","nominal","2.0NRT",309.6,7.75,"D"
"23241",20.67119,97.67393,355.36,0.41,0.45,"2026-02-16",620,"N20","nominal","2.0NRT",314.61,7.75,"D"
"23242",20.67045,97.67004,342.92,0.41,0.45,"2026-02-16",620,"N20","low","2.0NRT",315.12,7.18,"D"
"23243",20.34081,95.98451,343.08,0.52,0.5,"2026-02-16",620,"N20","low","2.0NRT",313.73,5.63,"D"
"23244",20.27795,95.67369,345.66,0.55,0.51,"2026-02-16",620,"N20","nominal","2.0NRT",309.18,6.31,"D"
"23245",20.26734,95.62151,341.27,0.55,0.51,"2026-02-16",620,"N20","nominal","2.0NRT",311.53,4,"D"
"23246",20.06828,94.65894,343.37,0.32,0.55,"2026-02-16",620,"N20","nominal","2.0NRT",307,5.06,"D"
"23247",21.19808,100.58466,329.89,0.43,0.38,"2026-02-16",620,"N20","nominal","2.0NRT",297.9,4.11,"D"
"23248",20.70162,97.8127,339.27,0.4,0.44,"2026-02-16",620,"N20","nominal","2.0NRT",302.15,24.81,"D"
"23249",20.67521,97.67298,341.46,0.41,0.45,"2026-02-16",620,"N20","nominal","2.0NRT",308.97,16.28,"D"
"23250",20.65827,97.58376,342.86,0.41,0.45,"2026-02-16",620,"N20","nominal","2.0NRT",310,3.31,"D"
"23251",20.06684,94.62741,337.01,0.32,0.55,"2026-02-16",620,"N20","nominal","2.0NRT",308.9,2.02,"D"
"23252",21.4669,102.16158,341.94,0.39,0.36,"2026-02-16",620,"N20","nominal","2.0NRT",309.47,6.4,"D"
"23253",20.16722,95.0119,343.39,0.61,0.53,"2026-02-16",620,"N20","nominal","2.0NRT",314.96,9.15,"D"
"23254",20.64903,97.42333,333.09,0.42,0.45,"2026-02-16",620,"N20","nominal","2.0NRT",305.3,2.86,"D"
"23255",20.49684,96.63239,341.64,0.47,0.48,"2026-02-16",620,"N20","nominal","2.0NRT",311.47,4.08,"D"
"23256",20.68777,97.6058,348.59,0.41,0.45,"2026-02-16",620,"N20","nominal","2.0NRT",312.26,4.76,"D"
"23257",20.67343,97.50729,337.68,0.42,0.45,"2026-02-16",620,"N20","nominal","2.0NRT",301.47,3.44,"D"
"23258",20.33938,95.78789,342.06,0.54,0.51,"2026-02-16",620,"N20","nominal","2.0NRT",312.03,3.6,"D"
"23259",20.67488,97.49249,333.99,0.42,0.45,"2026-02-16",620,"N20","nominal","2.0NRT",302.03,2.27,"D"
"23260",20.52015,96.68295,338.22,0.47,0.48,"2026-02-16",620,"N20","low","2.0NRT",312.78,4.84,"D"
"23261",20.33086,95.72131,338.22,0.54,0.51,"2026-02-16",620,"N20","nominal","2.0NRT",309.94,2.97,"D"
"23262",20.20847,95.11507,345.84,0.6,0.53,"2026-02-16",620,"N20","nominal","2.0NRT",312.77,4.27,"D"
"23263",20.67895,97.49155,330.93,0.42,0.45,"2026-02-16",620,"N20","nominal","2.0NRT",298.78,2.27,"D"
"23264",20.68221,97.48627,332.81,0.42,0.45,"2026-02-16",620,"N20","nominal","2.0NRT",300.85,2.2,"D"
"23265",20.1218,94.61746,334.91,0.32,0.55,"2026-02-16",620,"N20","low","2.0NRT",307.26,1.16,"D"
"23266",21.62739,102.99811,347.2,0.38,0.36,"2026-02-16",620,"N20","nominal","2.0NRT",306.95,7.69,"D"
"23267",20.35435,95.69456,340.6,0.55,0.51,"2026-02-16",620,"N20","nominal","2.0NRT",311.94,5.71,"D"
"23268",21.32635,101.03552,332.48,0.41,0.37,"2026-02-16",620,"N20","nominal","2.0NRT",300.4,26.39,"D"
"23269",20.47211,96.27093,343.94,0.5,0.49,"2026-02-16",620,"N20","nominal","2.0NRT",313.05,7.87,"D"
"23270",20.70089,97.44971,340.14,0.42,0.45,"2026-02-16",620,"N20","nominal","2.0NRT",306.17,5.49,"D"
"23271",20.53262,96.56078,333.91,0.48,0.48,"2026-02-16",620,"N20","nominal","2.0NRT",303.35,4.27,"D"
"23272",20.43843,96.07393,347.52,0.51,0.5,"2026-02-16",620,"N20","nominal","2.0NRT",314.47,5.49,"D"
"23273",20.42493,95.98079,341.86,0.52,0.5,"2026-02-16",620,"N20","nominal","2.0NRT",312.16,5.98,"D"
"23274",20.39003,95.80263,344.73,0.54,0.51,"2026-02-16",620,"N20","nominal","2.0NRT",313.74,11.79,"D"
"23275",20.37818,95.74234,341.64,0.54,0.51,"2026-02-16",620,"N20","nominal","2.0NRT",310.15,7.4,"D"
"23276",20.42944,95.97974,354,0.52,0.5,"2026-02-16",620,"N20","nominal","2.0NRT",312.87,14.03,"D"
"23277",20.37932,95.69941,339.86,0.54,0.51,"2026-02-16",620,"N20","nominal","2.0NRT",313.03,4.36,"D"
"23278",21.22598,100.3037,336.7,0.44,0.38,"2026-02-16",620,"N20","nominal","2.0NRT",309.71,37.7,"D"
"23279",20.62297,96.91837,340.64,0.45,0.47,"2026-02-16",620,"N20","nominal","2.0NRT",301.83,5.26,"D"
"23280",20.50675,96.25909,340.47,0.5,0.49,"2026-02-16",620,"N20","nominal","2.0NRT",311.36,3.79,"D"
"23281",20.40164,95.71539,337.03,0.54,0.51,"2026-02-16",620,"N20","nominal","2.0NRT",311.82,2.81,"D"
"23282",20.24331,94.99853,343.11,0.61,0.53,"2026-02-16",620,"N20","nominal","2.0NRT",314.11,7.47,"D"
"23283",20.64574,96.97346,342.3,0.45,0.47,"2026-02-16",620,"N20","nominal","2.0NRT",311.65,6.83,"D"
"23284",21.61459,102.47418,330.66,0.39,0.36,"2026-02-16",620,"N20","nominal","2.0NRT",300.03,3.04,"D"
"23285",20.37616,95.57221,342.5,0.55,0.51,"2026-02-16",620,"N20","low","2.0NRT",315.91,5.68,"D"
"23286",21.53471,101.88295,341.27,0.39,0.36,"2026-02-16",620,"N20","nominal","2.0NRT",300.78,5.49,"D"
"23287",20.44355,95.83463,353.93,0.53,0.5,"2026-02-16",620,"N20","nominal","2.0NRT",314.94,11.77,"D"
"23288",20.78371,97.55823,354.21,0.41,0.45,"2026-02-16",620,"N20","nominal","2.0NRT",302.94,5.21,"D"
"23289",20.78305,97.55476,339.17,0.41,0.45,"2026-02-16",620,"N20","nominal","2.0NRT",302.81,5.21,"D"
"23290",21.20636,99.84921,345.16,0.46,0.39,"2026-02-16",620,"N20","nominal","2.0NRT",303.72,11.99,"D"
"23291",21.20991,99.84844,336.07,0.46,0.39,"2026-02-16",620,"N20","nominal","2.0NRT",299.63,3.33,"D"
"23292",21.20915,99.84406,327.35,0.46,0.39,"2026-02-16",620,"N20","low","2.0NRT",300.62,3.33,"D"
"23293",20.55635,96.28545,344.58,0.5,0.49,"2026-02-16",620,"N20","nominal","2.0NRT",309.61,6.94,"D"
"23294",20.5609,96.28519,334.05,0.5,0.49,"2026-02-16",620,"N20","nominal","2.0NRT",308.58,2.86,"D"
"23295",20.84085,97.72862,334.7,0.4,0.44,"2026-02-16",620,"N20","low","2.0NRT",307.88,1.44,"D"
"23296",20.19585,94.44823,330.24,0.33,0.55,"2026-02-16",620,"N20","nominal","2.0NRT",303.44,1.56,"D"
"23297",21.79892,103.41431,333.14,0.39,0.36,"2026-02-16",620,"N20","nominal","2.0NRT",300.79,1.99,"D"
"23298",20.56388,96.25324,336.53,0.5,0.49,"2026-02-16",620,"N20","low","2.0NRT",311.24,2.65,"D"
"23299",21.39479,100.83333,332.61,0.42,0.38,"2026-02-16",620,"N20","nominal","2.0NRT",303.7,4.12,"D"
"23300",20.23684,94.59652,350.65,0.32,0.55,"2026-02-16",620,"N20","nominal","2.0NRT",311.43,4.31,"D"
"23301",20.91837,98.08147,331.47,0.57,0.43,"2026-02-16",620,"N20","low","2.0NRT",303.51,16.2,"D"
"23302",20.24177,94.59532,338.91,0.32,0.55,"2026-02-16",620,"N20","low","2.0NRT",309.85,4.86,"D"
"23303",20.8121,97.48406,344.94,0.41,0.45,"2026-02-16",620,"N20","nominal","2.0NRT",311.91,8.89,"D"
"23304",20.57981,96.26402,343.68,0.5,0.49,"2026-02-16",620,"N20","nominal","2.0NRT",310.8,5.15,"D"
"23305",20.26371,94.67729,341.68,0.32,0.54,"2026-02-16",620,"N20","nominal","2.0NRT",314.44,4.14,"D"
"23306",20.24422,94.58197,333.92,0.32,0.55,"2026-02-16",620,"N20","low","2.0NRT",308.86,2.39,"D"
"23307",20.23374,94.50549,350.04,0.33,0.55,"2026-02-16",620,"N20","nominal","2.0NRT",308.89,4.38,"D"
"23308",20.68368,96.757,335.73,0.46,0.47,"2026-02-16",620,"N20","nominal","2.0NRT",309.36,3.24,"D"
"23309",21.24546,99.84117,332.57,0.46,0.39,"2026-02-16",620,"N20","nominal","2.0NRT",302.47,4.18,"D"
"23310",21.19194,99.53034,329.88,0.48,0.4,"2026-02-16",620,"N20","nominal","2.0NRT",294.81,17.34,"D"
"23311",20.2467,94.51797,335.61,0.33,0.55,"2026-02-16",620,"N20","nominal","2.0NRT",308.31,3.22,"D"
"23312",21.24905,99.84067,332.42,0.46,0.39,"2026-02-16",620,"N20","nominal","2.0NRT",301.59,4.18,"D"
"23313",20.25106,94.51383,346.34,0.33,0.55,"2026-02-16",620,"N20","nominal","2.0NRT",306.89,3.22,"D"
"23314",21.16051,99.30578,338.23,0.49,0.4,"2026-02-16",620,"N20","nominal","2.0NRT",302.18,10.52,"D"
"23315",20.5222,95.84811,340.23,0.53,0.5,"2026-02-16",620,"N20","nominal","2.0NRT",313.81,5.72,"D"
"23316",20.97963,98.26247,340.52,0.56,0.43,"2026-02-16",620,"N20","nominal","2.0NRT",308.59,5.08,"D"
"23317",20.49839,95.70199,342.36,0.54,0.51,"2026-02-16",620,"N20","nominal","2.0NRT",311.69,5.34,"D"
"23318",21.25746,99.82523,329.7,0.46,0.39,"2026-02-16",620,"N20","nominal","2.0NRT",300.99,3.66,"D"
"23319",20.98352,98.2617,338.91,0.56,0.43,"2026-02-16",620,"N20","nominal","2.0NRT",306.49,7.26,"D"
"23320",20.48276,95.59766,354.78,0.55,0.51,"2026-02-16",620,"N20","nominal","2.0NRT",315.73,9.12,"D"
"23321",21.27203,99.86765,326.87,0.46,0.39,"2026-02-16",620,"N20","nominal","2.0NRT",296.6,1.56,"D"
"23322",20.98056,98.26494,333.71,0.56,0.43,"2026-02-16",620,"N20","low","2.0NRT",305.16,6.07,"D"
"23323",21.44612,100.80418,331.78,0.42,0.38,"2026-02-16",620,"N20","low","2.0NRT",302.48,9.73,"D"
"23324",20.49697,95.69907,344.9,0.54,0.51,"2026-02-16",620,"N20","nominal","2.0NRT",312.44,6.53,"D"
"23325",20.25068,94.51185,353.93,0.33,0.55,"2026-02-16",620,"N20","nominal","2.0NRT",308.92,5.15,"D"
"23326",21.44951,100.8034,330.28,0.42,0.38,"2026-02-16",620,"N20","nominal","2.0NRT",298.23,9.73,"D"
"23327",20.88195,97.63264,343.39,0.4,0.45,"2026-02-16",620,"N20","nominal","2.0NRT",311.6,6.04,"D"
"23328",20.48162,95.60011,341.42,0.55,0.51,"2026-02-16",620,"N20","low","2.0NRT",314.06,3.09,"D"
"23329",20.88598,97.63177,341.41,0.4,0.45,"2026-02-16",620,"N20","nominal","2.0NRT",309.83,6.39,"D"
"23330",20.88527,97.62803,338.01,0.4,0.45,"2026-02-16",620,"N20","low","2.0NRT",308.63,6.39,"D"
"23331",20.48522,95.59404,342.78,0.55,0.51,"2026-02-16",620,"N20","low","2.0NRT",313.44,5.4,"D"
"23332",20.55601,95.87339,344.21,0.53,0.5,"2026-02-16",620,"N20","nominal","2.0NRT",314.15,6.46,"D"
"23333",20.50638,95.62705,342.89,0.55,0.51,"2026-02-16",620,"N20","nominal","2.0NRT",316.08,3.95,"D"
"23334",20.37729,94.99535,340.09,0.6,0.53,"2026-02-16",620,"N20","nominal","2.0NRT",312.35,5.69,"D"
"23335",21.4327,100.59814,336.66,0.43,0.38,"2026-02-16",620,"N20","nominal","2.0NRT",301.48,3.42,"D"
"23336",20.84192,97.31104,333.38,0.42,0.45,"2026-02-16",620,"N20","nominal","2.0NRT",306.24,3.22,"D"
"23337",20.511,95.62608,348.61,0.55,0.51,"2026-02-16",620,"N20","nominal","2.0NRT",317.33,12.47,"D"
"23338",20.58327,95.93884,339.55,0.52,0.5,"2026-02-16",620,"N20","nominal","2.0NRT",312.82,3.79,"D"
"23339",20.30279,94.5621,354.32,0.32,0.55,"2026-02-16",620,"N20","nominal","2.0NRT",310.27,5.54,"D"
"23340",20.5682,95.83959,343.67,0.53,0.5,"2026-02-16",620,"N20","nominal","2.0NRT",313.53,8.73,"D"
"23341",20.28175,94.41109,330.45,0.33,0.55,"2026-02-16",620,"N20","low","2.0NRT",304.6,2.57,"D"
"23342",20.27931,94.3994,338.96,0.33,0.55,"2026-02-16",620,"N20","nominal","2.0NRT",306.33,5.01,"D"
"23343",20.68759,96.37386,343.05,0.49,0.48,"2026-02-16",620,"N20","nominal","2.0NRT",306.18,7.65,"D"
"23344",20.51777,95.51569,351.58,0.56,0.51,"2026-02-16",620,"N20","nominal","2.0NRT",316.05,15.03,"D"
"23345",20.50081,95.43129,341.11,0.56,0.52,"2026-02-16",620,"N20","low","2.0NRT",313.52,4.02,"D"
"23346",20.29172,94.40867,342.13,0.33,0.55,"2026-02-16",620,"N20","nominal","2.0NRT",307.28,5,"D"
"23347",20.93324,97.63776,340.45,0.4,0.45,"2026-02-16",620,"N20","nominal","2.0NRT",303.92,2.42,"D"
"23348",20.68664,96.25122,343.93,0.5,0.49,"2026-02-16",620,"N20","nominal","2.0NRT",318.07,16.92,"D"
"23349",20.68572,96.24645,342.26,0.5,0.49,"2026-02-16",620,"N20","nominal","2.0NRT",316.04,11.48,"D"
"23350",20.90221,97.35862,330.71,0.42,0.45,"2026-02-16",620,"N20","nominal","2.0NRT",303.51,3.01,"D"
"23351",22.91851,111.25178,329.37,0.61,0.54,"2026-02-16",620,"N20","nominal","2.0NRT",296.49,2.63,"D"
"23352",21.02563,98.00346,341.93,0.38,0.43,"2026-02-16",620,"N20","nominal","2.0NRT",309.08,5.88,"D"
"23353",20.34915,94.51015,337.9,0.32,0.55,"2026-02-16",620,"N20","low","2.0NRT",308.16,2.05,"D"
"23354",20.34853,94.50713,335.16,0.32,0.55,"2026-02-16",620,"N20","nominal","2.0NRT",307.27,2.05,"D"
"23355",20.94764,97.55718,338.02,0.41,0.45,"2026-02-16",620,"N20","low","2.0NRT",309.68,3.9,"D"
"23356",20.64118,95.9462,342.8,0.52,0.5,"2026-02-16",620,"N20","nominal","2.0NRT",314.65,4.44,"D"
"23357",20.6317,95.89768,347.19,0.52,0.5,"2026-02-16",620,"N20","nominal","2.0NRT",315.72,11.65,"D"
"23358",20.59856,95.7287,343.36,0.54,0.51,"2026-02-16",620,"N20","nominal","2.0NRT",314.42,6.45,"D"
"23359",20.35413,94.50913,347.57,0.32,0.55,"2026-02-16",620,"N20","nominal","2.0NRT",310.53,4.59,"D"
"23360",20.30874,94.28764,344.55,0.34,0.56,"2026-02-16",620,"N20","nominal","2.0NRT",307.46,5.92,"D"
"23361",21.81851,102.67252,333.71,0.38,0.36,"2026-02-16",620,"N20","nominal","2.0NRT",299.72,2.93,"D"
"23362",20.9517,97.55635,342.87,0.41,0.45,"2026-02-16",620,"N20","nominal","2.0NRT",309.85,3.9,"D"
"23363",20.79512,96.72155,339.3,0.46,0.47,"2026-02-16",620,"N20","low","2.0NRT",312.57,6.1,"D"
"23364",20.73761,96.42037,336.35,0.48,0.48,"2026-02-16",620,"N20","nominal","2.0NRT",306.31,4.19,"D"
"23365",20.69132,96.18015,347.69,0.5,0.49,"2026-02-16",620,"N20","nominal","2.0NRT",318.49,9.16,"D"
"23366",20.60411,95.73267,342.38,0.54,0.51,"2026-02-16",620,"N20","nominal","2.0NRT",312.82,6.46,"D"
"23367",20.60313,95.72769,347.13,0.54,0.51,"2026-02-16",620,"N20","nominal","2.0NRT",315.3,6.45,"D"
"23368",20.31936,94.31369,334.38,0.33,0.56,"2026-02-16",620,"N20","low","2.0NRT",307.62,2.61,"D"
"23369",22.92078,111.13024,335.35,0.6,0.53,"2026-02-16",620,"N20","nominal","2.0NRT",296.49,4.83,"D"
"23370",20.50704,95.21711,336.63,0.58,0.52,"2026-02-16",620,"N20","nominal","2.0NRT",308.32,2.38,"D"
"23371",20.76595,96.52122,335.92,0.48,0.48,"2026-02-16",620,"N20","nominal","2.0NRT",306.72,5.25,"D"
"23372",20.57909,95.5565,344.91,0.55,0.51,"2026-02-16",620,"N20","nominal","2.0NRT",314.04,4.68,"D"
"23373",21.14282,98.54139,336.75,0.53,0.42,"2026-02-16",620,"N20","nominal","2.0NRT",307.26,8.74,"D"
"23374",20.85667,96.95385,355.55,0.45,0.47,"2026-02-16",620,"N20","nominal","2.0NRT",315.4,15.31,"D"
"23375",20.77547,96.52381,332.84,0.48,0.48,"2026-02-16",620,"N20","low","2.0NRT",304.97,4.2,"D"
"23376",21.14453,98.53829,334.06,0.53,0.42,"2026-02-16",620,"N20","low","2.0NRT",307.09,6.71,"D"
"23377",22.91985,111.24953,334.39,0.61,0.54,"2026-02-16",620,"N20","nominal","2.0NRT",297.16,5.54,"D"
"23378",20.60297,95.73022,355.53,0.54,0.51,"2026-02-16",620,"N20","nominal","2.0NRT",314.19,7.69,"D"
"23379",20.60195,95.72526,344.43,0.54,0.51,"2026-02-16",620,"N20","nominal","2.0NRT",316.48,7.69,"D"
"23380",20.76694,96.52242,332.56,0.47,0.48,"2026-02-16",620,"N20","low","2.0NRT",304.44,5.34,"D"
"23381",20.98371,97.61559,333.98,0.4,0.45,"2026-02-16",620,"N20","nominal","2.0NRT",300.71,2.64,"D"
"23382",20.85639,96.9548,343.12,0.44,0.46,"2026-02-16",620,"N20","low","2.0NRT",315.78,18.05,"D"
"23383",20.50684,95.21479,337.91,0.58,0.52,"2026-02-16",620,"N20","nominal","2.0NRT",309.41,5.06,"D"
"23384",20.31759,94.31264,341.68,0.33,0.56,"2026-02-16",620,"N20","nominal","2.0NRT",307.12,3.53,"D"
"23385",20.77561,96.5206,334.02,0.47,0.48,"2026-02-16",620,"N20","low","2.0NRT",306.2,5.05,"D"
"23386",20.84219,96.83686,350.4,0.45,0.47,"2026-02-16",620,"N20","nominal","2.0NRT",312.29,12.63,"D"
"23387",20.76511,96.42162,330.64,0.48,0.48,"2026-02-16",620,"N20","low","2.0NRT",303.39,2.6,"D"
"23388",20.73541,96.27176,340.93,0.49,0.49,"2026-02-16",620,"N20","low","2.0NRT",311.24,5.02,"D"
"23389",22.9181,110.92961,346.92,0.58,0.52,"2026-02-16",620,"N20","nominal","2.0NRT",304.02,119.22,"D"
"23390",20.9036,97.10832,339.33,0.43,0.46,"2026-02-16",620,"N20","nominal","2.0NRT",312.45,5.55,"D"
"23391",20.76739,96.41012,332.98,0.48,0.48,"2026-02-16",620,"N20","low","2.0NRT",305.87,2.99,"D"
"23392",20.62934,95.71896,344.18,0.54,0.51,"2026-02-16",620,"N20","nominal","2.0NRT",315.57,9.78,"D"
"23393",20.74413,96.2694,351.68,0.49,0.49,"2026-02-16",620,"N20","nominal","2.0NRT",310.77,7.22,"D"
"23394",20.37715,94.4705,342.68,0.33,0.55,"2026-02-16",620,"N20","nominal","2.0NRT",308.28,2.42,"D"
"23395",20.3765,94.4674,336.22,0.33,0.55,"2026-02-16",620,"N20","low","2.0NRT",307.64,2.42,"D"
"23396",20.88417,96.96245,337.41,0.44,0.46,"2026-02-16",620,"N20","low","2.0NRT",311.95,2.18,"D"
"23397",20.75098,96.25755,343.3,0.49,0.49,"2026-02-16",620,"N20","low","2.0NRT",314.01,10.55,"D"
"23398",21.05324,97.80749,332.4,0.39,0.44,"2026-02-16",620,"N20","low","2.0NRT",306.78,4.42,"D"
"23399",20.87778,96.88387,345.25,0.45,0.47,"2026-02-16",620,"N20","nominal","2.0NRT",314.52,7.03,"D"
"23400",20.77107,96.33619,342.23,0.49,0.48,"2026-02-16",620,"N20","low","2.0NRT",312.69,6.01,"D"
"23401",20.41411,94.57286,344.4,0.32,0.55,"2026-02-16",620,"N20","nominal","2.0NRT",310.52,3.52,"D"
"23402",20.65374,95.69777,340.35,0.54,0.51,"2026-02-16",620,"N20","low","2.0NRT",313.07,6.09,"D"
"23403",20.78509,96.33776,343.32,0.49,0.48,"2026-02-16",620,"N20","nominal","2.0NRT",309.29,4.51,"D"
"23404",20.75837,96.20153,342.18,0.5,0.49,"2026-02-16",620,"N20","low","2.0NRT",316.88,6.27,"D"
"23405",20.49916,94.91042,341.42,0.61,0.53,"2026-02-16",620,"N20","nominal","2.0NRT",308.89,4.79,"D"
"23406",20.41529,94.50375,344.76,0.32,0.55,"2026-02-16",620,"N20","nominal","2.0NRT",308.53,3.63,"D"
"23407",20.76279,96.20052,342.78,0.5,0.49,"2026-02-16",620,"N20","low","2.0NRT",315.56,9.52,"D"
"23408",20.81704,96.4549,332.51,0.48,0.48,"2026-02-16",620,"N20","nominal","2.0NRT",306.25,3.07,"D"
"23409",20.77478,96.23821,342.02,0.49,0.49,"2026-02-16",620,"N20","low","2.0NRT",312.99,9.12,"D"
"23410",20.78285,96.25598,341.84,0.49,0.49,"2026-02-16",620,"N20","nominal","2.0NRT",313.07,5.25,"D"
"23411",20.78192,96.25118,342.68,0.49,0.49,"2026-02-16",620,"N20","nominal","2.0NRT",315.76,5.25,"D"
"23412",20.39854,94.34762,333.48,0.33,0.55,"2026-02-16",620,"N20","nominal","2.0NRT",302.49,1.66,"D"
"23413",20.88501,96.76071,343.44,0.46,0.47,"2026-02-16",620,"N20","nominal","2.0NRT",314.85,5.74,"D"
"23414",20.71103,95.8665,347.6,0.52,0.5,"2026-02-16",620,"N20","nominal","2.0NRT",313.58,6.1,"D"
"23415",20.89092,96.76842,345.34,0.46,0.47,"2026-02-16",620,"N20","nominal","2.0NRT",308.58,3.15,"D"
"23416",20.80693,96.30905,338.31,0.49,0.48,"2026-02-16",620,"N20","nominal","2.0NRT",307.8,4.95,"D"
"23417",20.80435,96.29575,342.24,0.49,0.49,"2026-02-16",620,"N20","nominal","2.0NRT",309.2,3.76,"D"
"23418",20.80878,96.29498,344.67,0.49,0.49,"2026-02-16",620,"N20","nominal","2.0NRT",311.28,6.88,"D"
"23419",21.24676,98.62341,336.35,0.53,0.42,"2026-02-16",620,"N20","nominal","2.0NRT",307.17,5.01,"D"
"23420",20.81323,96.29429,335.99,0.49,0.49,"2026-02-16",620,"N20","low","2.0NRT",307.22,6.88,"D"
"23421",21.25054,98.62258,355.76,0.53,0.42,"2026-02-16",620,"N20","nominal","2.0NRT",307.87,13.35,"D"
"23422",20.91679,96.81131,333.3,0.45,0.47,"2026-02-16",620,"N20","low","2.0NRT",306.02,3.47,"D"
"23423",20.81846,96.29769,353.06,0.49,0.49,"2026-02-16",620,"N20","nominal","2.0NRT",311.22,10.6,"D"
"23424",20.77978,96.09795,344.26,0.5,0.49,"2026-02-16",620,"N20","nominal","2.0NRT",315.9,5.07,"D"
"23425",20.77144,96.05507,336.31,0.51,0.49,"2026-02-16",620,"N20","low","2.0NRT",311.1,6.21,"D"
"23426",20.66969,95.51223,340.87,0.55,0.51,"2026-02-16",620,"N20","low","2.0NRT",311.42,2.53,"D"
"23427",20.93538,96.86286,339.66,0.45,0.47,"2026-02-16",620,"N20","nominal","2.0NRT",311.26,2.28,"D"
"23428",20.91886,96.7756,354.61,0.46,0.47,"2026-02-16",620,"N20","nominal","2.0NRT",310.25,8.01,"D"
"23429",20.84051,96.36474,338.67,0.48,0.48,"2026-02-16",620,"N20","nominal","2.0NRT",306.64,8.11,"D"
"23430",20.97294,97.0391,338.48,0.44,0.46,"2026-02-16",620,"N20","low","2.0NRT",312.07,4.81,"D"
"23431",21.08182,97.60255,343.98,0.4,0.45,"2026-02-16",620,"N20","nominal","2.0NRT",300.46,6.17,"D"
"23432",20.83857,96.30704,333.94,0.49,0.48,"2026-02-16",620,"N20","low","2.0NRT",307.9,4.88,"D"
"23433",20.72076,95.69872,349.17,0.54,0.51,"2026-02-16",620,"N20","nominal","2.0NRT",314.39,7.07,"D"
"23434",21.14971,97.95132,339.89,0.38,0.44,"2026-02-16",620,"N20","nominal","2.0NRT",302.52,8.07,"D"
"23435",21.14905,97.94771,346.59,0.38,0.44,"2026-02-16",620,"N20","nominal","2.0NRT",306.61,13.84,"D"
"23436",21.06643,97.49604,331.47,0.41,0.45,"2026-02-16",620,"N20","nominal","2.0NRT",305.82,3.31,"D"
"23437",20.98204,97.0413,342.63,0.44,0.46,"2026-02-16",620,"N20","nominal","2.0NRT",311.11,7.73,"D"
"23438",20.98125,97.03706,353.6,0.44,0.46,"2026-02-16",620,"N20","nominal","2.0NRT",314.15,7.73,"D"
"23439",20.98046,97.0328,337.79,0.44,0.46,"2026-02-16",620,"N20","low","2.0NRT",311.64,5.78,"D"
"23440",21.85411,102.0941,335.74,0.39,0.36,"2026-02-16",620,"N20","nominal","2.0NRT",304.36,4,"D"
"23441",21.14856,97.95174,339.38,0.38,0.43,"2026-02-16",620,"N20","nominal","2.0NRT",301.79,5.14,"D"
"23442",21.14788,97.94814,353.4,0.38,0.43,"2026-02-16",620,"N20","nominal","2.0NRT",308.32,16.51,"D"
"23443",21.08241,97.60297,338.48,0.4,0.44,"2026-02-16",620,"N20","nominal","2.0NRT",297.62,5.1,"D"
"23444",20.9738,97.04019,340.61,0.44,0.46,"2026-02-16",620,"N20","low","2.0NRT",314.8,8.29,"D"
"23445",20.93847,96.85956,336.52,0.45,0.47,"2026-02-16",620,"N20","nominal","2.0NRT",308.57,4.23,"D"
"23446",20.84099,96.36702,336.45,0.48,0.48,"2026-02-16",620,"N20","nominal","2.0NRT",306.4,3.18,"D"
"23447",20.84543,96.36643,332.04,0.48,0.48,"2026-02-16",620,"N20","low","2.0NRT",306.24,3.18,"D"
"23448",20.83249,96.30157,335.61,0.49,0.48,"2026-02-16",620,"N20","low","2.0NRT",308.74,3.57,"D"
"23449",20.6733,95.51507,342.11,0.55,0.51,"2026-02-16",620,"N20","low","2.0NRT",313.46,8.37,"D"
"23450",20.98211,97.03819,351.38,0.44,0.46,"2026-02-16",620,"N20","nominal","2.0NRT",315.17,20.93,"D"
"23451",20.98129,97.03396,337.01,0.44,0.46,"2026-02-16",620,"N20","low","2.0NRT",310.97,7.51,"D"
"23452",20.83773,96.30488,337.09,0.49,0.48,"2026-02-16",620,"N20","low","2.0NRT",308.35,4.4,"D"
"23453",20.98628,97.03723,352.58,0.44,0.46,"2026-02-16",620,"N20","nominal","2.0NRT",318.9,20.93,"D"
"23454",20.85337,96.36048,331.03,0.48,0.48,"2026-02-16",620,"N20","nominal","2.0NRT",304.68,3.68,"D"
"23455",20.84213,96.30399,334.26,0.49,0.48,"2026-02-16",620,"N20","low","2.0NRT",308.34,4.4,"D"
"23456",20.72004,95.69698,342.55,0.54,0.51,"2026-02-16",620,"N20","nominal","2.0NRT",313.65,5.72,"D"
"23457",21.09783,97.57394,353.79,0.4,0.45,"2026-02-16",620,"N20","nominal","2.0NRT",307.89,8.59,"D"
"23458",21.1345,97.70169,340.19,0.4,0.44,"2026-02-16",620,"N20","nominal","2.0NRT",305.73,3.71,"D"
"23459",21.98297,102.63551,327.5,0.38,0.36,"2026-02-16",620,"N20","low","2.0NRT",301.56,4.16,"D"
"23460",21.00886,97.01894,351.5,0.44,0.46,"2026-02-16",620,"N20","nominal","2.0NRT",314.17,8.15,"D"
"23461",20.85539,96.23209,338.98,0.49,0.49,"2026-02-16",620,"N20","low","2.0NRT",310.79,3.89,"D"
"23462",20.5233,94.57181,367,0.32,0.54,"2026-02-16",620,"N20","high","2.0NRT",313.22,5.64,"D"
"23463",20.78175,95.8382,343.05,0.52,0.5,"2026-02-16",620,"N20","nominal","2.0NRT",314.29,4.3,"D"
"23464",20.21693,93.10664,336.29,0.4,0.6,"2026-02-16",620,"N20","low","2.0NRT",307.37,2.26,"D"
"23465",20.99722,96.89029,342.38,0.45,0.47,"2026-02-16",620,"N20","nominal","2.0NRT",310.89,6.32,"D"
"23466",20.97158,96.75732,338.57,0.46,0.47,"2026-02-16",620,"N20","nominal","2.0NRT",310.32,6.06,"D"
"23467",20.87592,96.26634,334.82,0.49,0.49,"2026-02-16",620,"N20","low","2.0NRT",306.97,2.65,"D"
"23468",20.74087,95.58669,356.07,0.54,0.51,"2026-02-16",620,"N20","nominal","2.0NRT",312.9,10.76,"D"
"23469",21.06202,97.20647,343.2,0.43,0.46,"2026-02-16",620,"N20","nominal","2.0NRT",312.38,3.95,"D"
"23470",21.00225,96.89359,342.93,0.45,0.47,"2026-02-16",620,"N20","nominal","2.0NRT",312.61,5.77,"D"
"23471",20.97665,96.76064,342.84,0.46,0.47,"2026-02-16",620,"N20","nominal","2.0NRT",310.15,8.39,"D"
"23472",20.53925,94.5492,346.82,0.32,0.55,"2026-02-16",620,"N20","nominal","2.0NRT",312.55,4.04,"D"
"23473",20.21354,93.01197,343,0.41,0.6,"2026-02-16",620,"N20","nominal","2.0NRT",309.1,10.58,"D"
"23474",21.14031,97.57682,339.83,0.4,0.45,"2026-02-16",620,"N20","nominal","2.0NRT",307.01,4.56,"D"
"23475",20.20238,92.88072,346.87,0.42,0.61,"2026-02-16",620,"N20","nominal","2.0NRT",306.92,4.69,"D"
"23476",20.56937,94.57023,367,0.32,0.54,"2026-02-16",620,"N20","high","2.0NRT",310.97,10.58,"D"
"23477",21.33151,98.53059,349.6,0.53,0.42,"2026-02-16",620,"N20","nominal","2.0NRT",309.65,13.9,"D"
"23478",21.00035,96.74569,338.66,0.46,0.47,"2026-02-16",620,"N20","nominal","2.0NRT",310.31,2.71,"D"
"23479",20.56876,94.56727,349.84,0.32,0.54,"2026-02-16",620,"N20","nominal","2.0NRT",309.71,10.58,"D"
"23480",20.73063,95.34216,337.67,0.56,0.52,"2026-02-16",620,"N20","nominal","2.0NRT",310.57,3.48,"D"
"23481",20.62671,94.8262,335.57,0.61,0.54,"2026-02-16",620,"N20","low","2.0NRT",310.29,1.69,"D"
"23482",21.22473,97.89835,329.24,0.39,0.44,"2026-02-16",620,"N20","low","2.0NRT",301.25,3.55,"D"
"23483",21.15513,97.52123,333.39,0.41,0.45,"2026-02-16",620,"N20","nominal","2.0NRT",301.93,4.69,"D"
"23484",21.01214,96.76109,345.68,0.45,0.47,"2026-02-16",620,"N20","nominal","2.0NRT",307.44,4.1,"D"
"23485",21.29671,98.27141,335.85,0.55,0.43,"2026-02-16",620,"N20","nominal","2.0NRT",308.74,4.22,"D"
"23486",21.2104,97.79783,333.39,0.39,0.44,"2026-02-16",620,"N20","low","2.0NRT",307.76,2.1,"D"
"23487",21.30059,98.27074,335.81,0.55,0.43,"2026-02-16",620,"N20","nominal","2.0NRT",310.27,4.22,"D"
"23488",21.21026,97.77454,341.76,0.39,0.44,"2026-02-16",620,"N20","nominal","2.0NRT",311.14,4.03,"D"
"23489",21.49608,99.353,330.75,0.48,0.4,"2026-02-16",620,"N20","low","2.0NRT",303.14,4.01,"D"
"23490",21.09596,97.13538,342.15,0.43,0.46,"2026-02-16",620,"N20","low","2.0NRT",317.06,4.86,"D"
"23491",22.67796,107.17421,331.94,0.52,0.41,"2026-02-16",620,"N20","nominal","2.0NRT",297.3,36.68,"D"
"23492",21.1949,97.64576,339.28,0.4,0.44,"2026-02-16",620,"N20","nominal","2.0NRT",305.22,6.53,"D"
"23493",21.05125,96.87439,341.35,0.45,0.47,"2026-02-16",620,"N20","nominal","2.0NRT",310.89,3.14,"D"
"23494",20.79354,95.53716,343.5,0.55,0.51,"2026-02-16",620,"N20","nominal","2.0NRT",310.84,2.68,"D"
"23495",21.19756,97.6376,336.03,0.4,0.44,"2026-02-16",620,"N20","nominal","2.0NRT",304.67,3.12,"D"
"23496",21.05547,96.87349,341.52,0.45,0.47,"2026-02-16",620,"N20","nominal","2.0NRT",308.38,3.26,"D"
"23497",20.75132,95.29875,348.82,0.57,0.52,"2026-02-16",620,"N20","nominal","2.0NRT",310.75,5.9,"D"
"23498",21.12433,97.21832,345.58,0.42,0.46,"2026-02-16",620,"N20","nominal","2.0NRT",314.47,6.9,"D"
"23499",20.75497,95.29247,335.62,0.57,0.52,"2026-02-16",620,"N20","low","2.0NRT",308.8,5.9,"D"
"23500",21.1982,97.63744,339.1,0.4,0.44,"2026-02-16",620,"N20","nominal","2.0NRT",303.98,2.68,"D"
"23501",21.05424,96.87031,340.78,0.45,0.47,"2026-02-16",620,"N20","nominal","2.0NRT",307.38,5.14,"D"
"23502",21.20833,97.64684,337.22,0.4,0.44,"2026-02-16",620,"N20","low","2.0NRT",309.99,4.58,"D"
"23503",21.20341,97.62093,330.17,0.4,0.44,"2026-02-16",620,"N20","nominal","2.0NRT",303.92,3.73,"D"
"23504",21.12625,97.21837,342.09,0.42,0.46,"2026-02-16",620,"N20","nominal","2.0NRT",314.77,5.52,"D"
"23505",21.21235,97.64605,342.76,0.4,0.44,"2026-02-16",620,"N20","low","2.0NRT",312.86,4.58,"D"
"23506",22.68487,107.01719,329.69,0.51,0.41,"2026-02-16",620,"N20","nominal","2.0NRT",296.46,3.04,"D"
"23507",21.21211,97.62278,337.58,0.4,0.44,"2026-02-16",620,"N20","nominal","2.0NRT",307.83,4.81,"D"
"23508",20.75328,95.30149,342.78,0.57,0.52,"2026-02-16",620,"N20","nominal","2.0NRT",310.89,5.13,"D"
"23509",20.75223,95.29634,335.99,0.57,0.52,"2026-02-16",620,"N20","low","2.0NRT",308.59,5.13,"D"
"23510",21.12058,97.1221,367,0.43,0.46,"2026-02-16",620,"N20","high","2.0NRT",314.58,14.9,"D"
"23511",21.25824,97.84516,342.18,0.39,0.44,"2026-02-16",620,"N20","nominal","2.0NRT",311.14,4.87,"D"
"23512",21.12136,97.12614,352.33,0.43,0.46,"2026-02-16",620,"N20","nominal","2.0NRT",312.91,16.32,"D"
"23513",21.00101,96.50877,345.65,0.47,0.48,"2026-02-16",620,"N20","low","2.0NRT",317.75,8.6,"D"
"23514",20.75582,95.28999,335.17,0.57,0.52,"2026-02-16",620,"N20","low","2.0NRT",308.37,5.09,"D"
"23515",21.56271,99.47488,327.99,0.47,0.4,"2026-02-16",620,"N20","nominal","2.0NRT",300.54,3.44,"D"
"23516",20.85227,95.71648,338.35,0.53,0.5,"2026-02-16",620,"N20","nominal","2.0NRT",312.37,3.26,"D"
"23517",20.84927,95.70163,347.01,0.53,0.5,"2026-02-16",620,"N20","nominal","2.0NRT",314.71,8.18,"D"
"23518",20.76411,95.2826,337.56,0.57,0.52,"2026-02-16",620,"N20","nominal","2.0NRT",308.58,3.67,"D"
"23519",20.73065,95.11951,338.06,0.58,0.52,"2026-02-16",620,"N20","nominal","2.0NRT",312.68,3.91,"D"
"23520",20.82323,95.54913,336.05,0.55,0.51,"2026-02-16",620,"N20","low","2.0NRT",310.61,4.19,"D"
"23521",20.77536,95.31371,337.01,0.57,0.52,"2026-02-16",620,"N20","nominal","2.0NRT",309.19,3.37,"D"
"23522",21.04667,96.65038,339.38,0.46,0.47,"2026-02-16",620,"N20","nominal","2.0NRT",307.39,5.88,"D"
"23523",21.0123,96.47451,336.49,0.47,0.48,"2026-02-16",620,"N20","nominal","2.0NRT",304.37,2.21,"D"
"23524",21.16457,97.23941,332.69,0.42,0.45,"2026-02-16",620,"N20","low","2.0NRT",307.43,3.14,"D"
"23525",21.0751,96.77387,333.64,0.45,0.47,"2026-02-16",620,"N20","low","2.0NRT",305.93,1.95,"D"
"23526",21.0743,96.76973,335.9,0.45,0.47,"2026-02-16",620,"N20","low","2.0NRT",308.6,4.18,"D"
"23527",21.1501,97.14106,346.39,0.43,0.46,"2026-02-16",620,"N20","nominal","2.0NRT",316.34,7.48,"D"
"23528",20.61877,94.48156,336.69,0.32,0.55,"2026-02-16",620,"N20","nominal","2.0NRT",310.2,1.85,"D"
"23529",21.58153,99.47575,331.97,0.47,0.4,"2026-02-16",620,"N20","nominal","2.0NRT",304.28,4.34,"D"
"23530",21.16738,97.20913,338.2,0.42,0.46,"2026-02-16",620,"N20","low","2.0NRT",310.8,3.16,"D"
"23531",21.15992,97.14736,342.73,0.43,0.46,"2026-02-16",620,"N20","low","2.0NRT",313.71,8.47,"D"
"23532",21.15915,97.14335,350.94,0.43,0.46,"2026-02-16",620,"N20","nominal","2.0NRT",315.62,8.47,"D"
"23533",21.35729,98.18154,338.4,0.56,0.43,"2026-02-16",620,"N20","nominal","2.0NRT",305.29,7.81,"D"
"23534",21.16329,97.14245,347.07,0.43,0.46,"2026-02-16",620,"N20","nominal","2.0NRT",314.43,11.79,"D"
"23535",23.24027,111.57639,338.66,0.32,0.55,"2026-02-16",620,"N20","nominal","2.0NRT",299.94,5.97,"D"
"23536",21.14472,96.99942,334.99,0.44,0.46,"2026-02-16",620,"N20","nominal","2.0NRT",307.42,2.53,"D"
"23537",21.13842,96.96636,342.09,0.44,0.46,"2026-02-16",620,"N20","nominal","2.0NRT",310.87,8.14,"D"
"23538",21.1376,96.96205,338.5,0.44,0.46,"2026-02-16",620,"N20","nominal","2.0NRT",310.17,8.14,"D"
"23539",20.82023,95.34238,343.68,0.56,0.52,"2026-02-16",620,"N20","nominal","2.0NRT",312.25,6.44,"D"
"23540",21.10818,96.73902,342.65,0.45,0.47,"2026-02-16",620,"N20","nominal","2.0NRT",314.49,5.54,"D"
"23541",22.2233,103.25648,329.96,0.38,0.36,"2026-02-16",620,"N20","nominal","2.0NRT",299.95,1.7,"D"
"23542",21.42639,98.42989,339.22,0.54,0.42,"2026-02-16",620,"N20","low","2.0NRT",310.59,49.39,"D"
"23543",21.17064,97.04453,337.68,0.43,0.46,"2026-02-16",620,"N20","low","2.0NRT",309.79,4.91,"D"
"23544",20.93933,95.82085,336.74,0.52,0.5,"2026-02-16",620,"N20","low","2.0NRT",311.47,6.54,"D"
"23545",21.43021,98.42914,367,0.54,0.42,"2026-02-16",620,"N20","low","2.0NRT",325.42,49.39,"D"
"23546",21.1804,97.05032,341.34,0.43,0.46,"2026-02-16",620,"N20","nominal","2.0NRT",312.08,11.81,"D"
"23547",20.90278,95.61122,340.03,0.54,0.51,"2026-02-16",620,"N20","low","2.0NRT",314.35,6.19,"D"
"23548",21.39025,98.16359,333.48,0.56,0.43,"2026-02-16",620,"N20","low","2.0NRT",306.59,8.44,"D"
"23549",21.3068,97.68392,341.73,0.4,0.44,"2026-02-16",620,"N20","nominal","2.0NRT",310.3,11.58,"D"
"23550",21.30611,97.68018,338.57,0.4,0.44,"2026-02-16",620,"N20","nominal","2.0NRT",310.99,11.58,"D"
"23551",20.93513,95.70296,343.02,0.53,0.5,"2026-02-16",620,"N20","nominal","2.0NRT",311.54,4.35,"D"
"23552",20.94841,95.74663,352.51,0.53,0.5,"2026-02-16",620,"N20","nominal","2.0NRT",317.06,16.12,"D"
"23553",20.90642,95.60852,350.61,0.54,0.51,"2026-02-16",620,"N20","nominal","2.0NRT",313.78,7.13,"D"
"23554",21.23081,97.19294,337.03,0.42,0.45,"2026-02-16",620,"N20","nominal","2.0NRT",306.11,6.44,"D"
"23555",20.93587,95.70605,339.85,0.53,0.5,"2026-02-16",620,"N20","low","2.0NRT",310.93,5.92,"D"
"23556",20.94945,95.74955,342.01,0.53,0.5,"2026-02-16",620,"N20","nominal","2.0NRT",312.83,8.55,"D"
"23557",20.94845,95.74464,343.63,0.53,0.5,"2026-02-16",620,"N20","nominal","2.0NRT",314.45,8.95,"D"
"23558",21.24123,97.20251,340.39,0.42,0.45,"2026-02-16",620,"N20","nominal","2.0NRT",305.2,10.05,"D"
"23559",21.21933,97.08901,342.52,0.43,0.46,"2026-02-16",620,"N20","nominal","2.0NRT",315.36,7.19,"D"
"23560",21.18933,96.93428,348.24,0.44,0.46,"2026-02-16",620,"N20","nominal","2.0NRT",317.23,21.02,"D"
"23561",21.18853,96.93014,338.56,0.44,0.46,"2026-02-16",620,"N20","nominal","2.0NRT",308.85,3.7,"D"
"23562",21.05318,96.24245,346.91,0.49,0.48,"2026-02-16",620,"N20","nominal","2.0NRT",313.41,8.61,"D"
"23563",21.22974,97.12061,367,0.43,0.46,"2026-02-16",620,"N20","high","2.0NRT",317.98,17.61,"D"
"23564",21.24609,97.20552,351.32,0.42,0.45,"2026-02-16",620,"N20","nominal","2.0NRT",308.17,10.05,"D"
"23565",21.24534,97.20162,351.73,0.42,0.45,"2026-02-16",620,"N20","nominal","2.0NRT",311.38,10.05,"D"
"23566",21.05763,96.24181,350.68,0.49,0.48,"2026-02-16",620,"N20","nominal","2.0NRT",317.03,8.61,"D"
"23567",21.05672,96.23722,340.21,0.49,0.48,"2026-02-16",620,"N20","low","2.0NRT",314.99,8.61,"D"
"23568",21.25099,97.20869,342.7,0.42,0.45,"2026-02-16",620,"N20","nominal","2.0NRT",306.83,6.56,"D"
"23569",21.25023,97.20474,353.97,0.42,0.45,"2026-02-16",620,"N20","nominal","2.0NRT",314.37,6.45,"D"
"23570",21.24947,97.20081,338.68,0.42,0.45,"2026-02-16",620,"N20","nominal","2.0NRT",306.57,6.45,"D"
"23571",21.06298,96.2457,341.77,0.49,0.48,"2026-02-16",620,"N20","nominal","2.0NRT",312.15,9.32,"D"
"23572",21.06211,96.24129,341.45,0.49,0.48,"2026-02-16",620,"N20","nominal","2.0NRT",314.32,12.52,"D"
"23573",20.91205,95.49493,342.44,0.55,0.51,"2026-02-16",620,"N20","nominal","2.0NRT",316.21,3.92,"D"
"23574",21.25512,97.20791,338.36,0.42,0.45,"2026-02-16",620,"N20","nominal","2.0NRT",303.59,6.56,"D"
"23575",21.25436,97.20396,342.22,0.42,0.45,"2026-02-16",620,"N20","nominal","2.0NRT",306.25,6.45,"D"
"23576",21.20596,96.95256,337.53,0.44,0.46,"2026-02-16",620,"N20","nominal","2.0NRT",307.48,4.02,"D"
"23577",21.06749,96.24536,335.69,0.49,0.48,"2026-02-16",620,"N20","nominal","2.0NRT",307.52,9.32,"D"
"23578",21.06659,96.24081,344.92,0.49,0.48,"2026-02-16",620,"N20","low","2.0NRT",318.35,12.52,"D"
"23579",20.94654,95.64127,347.03,0.54,0.5,"2026-02-16",620,"N20","nominal","2.0NRT",314.32,8.61,"D"
"23580",21.07106,96.2403,346.12,0.49,0.48,"2026-02-16",620,"N20","nominal","2.0NRT",307.07,13.61,"D"
"23581",21.06906,96.2302,337.2,0.49,0.48,"2026-02-16",620,"N20","low","2.0NRT",308.55,6.26,"D"
"23582",21.08007,96.2396,333.25,0.49,0.48,"2026-02-16",620,"N20","low","2.0NRT",306.17,4.83,"D"
"23583",21.07915,96.23489,340.09,0.49,0.48,"2026-02-16",620,"N20","low","2.0NRT",311.33,4.83,"D"
"23584",21.24991,97.0909,348.21,0.43,0.46,"2026-02-16",620,"N20","nominal","2.0NRT",310.19,7.09,"D"
"23585",20.95772,95.60201,341.14,0.54,0.51,"2026-02-16",620,"N20","nominal","2.0NRT",314.79,3.56,"D"
"23586",21.10955,96.34313,336.53,0.48,0.48,"2026-02-16",620,"N20","nominal","2.0NRT",305.77,11.18,"D"
"23587",21.66568,99.3115,332.65,0.48,0.4,"2026-02-16",620,"N20","nominal","2.0NRT",300.52,9,"D"
"23588",21.11476,96.34654,340.04,0.48,0.48,"2026-02-16",620,"N20","nominal","2.0NRT",306.77,6.31,"D"
"23589",20.96282,95.57977,340.3,0.54,0.51,"2026-02-16",620,"N20","nominal","2.0NRT",311.74,2.68,"D"
"23590",21.45342,98.1096,331.67,0.56,0.43,"2026-02-16",620,"N20","nominal","2.0NRT",303.88,2.63,"D"
"23591",21.11913,96.3457,334.5,0.48,0.48,"2026-02-16",620,"N20","low","2.0NRT",307.09,2.6,"D"
"23592",21.11659,96.33271,332.57,0.48,0.48,"2026-02-16",620,"N20","low","2.0NRT",306.43,5.08,"D"
"23593",21.11566,96.32793,341,0.48,0.48,"2026-02-16",620,"N20","nominal","2.0NRT",309.16,5.08,"D"
"23594",21.4359,97.99236,331.13,0.57,0.43,"2026-02-16",620,"N20","low","2.0NRT",302.45,3.82,"D"
"23595",21.20475,96.76444,351.74,0.45,0.47,"2026-02-16",620,"N20","nominal","2.0NRT",311.27,6.91,"D"
"23596",21.12089,96.33144,342.84,0.48,0.48,"2026-02-16",620,"N20","nominal","2.0NRT",307.27,5.08,"D"
"23597",21.0951,96.19955,335.72,0.49,0.49,"2026-02-16",620,"N20","low","2.0NRT",309.53,3.94,"D"
"23598",21.09316,96.18967,347.2,0.49,0.49,"2026-02-16",620,"N20","nominal","2.0NRT",312.85,8.19,"D"
"23599",21.43981,97.99154,329.59,0.57,0.43,"2026-02-16",620,"N20","low","2.0NRT",303.15,3.87,"D"
"23600",21.24531,96.93056,336.46,0.44,0.46,"2026-02-16",620,"N20","low","2.0NRT",310.53,2.88,"D"
"23601",23.27552,110.72338,340.96,0.57,0.52,"2026-02-16",620,"N20","nominal","2.0NRT",289.49,9.5,"D"
"23602",21.69142,99.32977,330.05,0.48,0.4,"2026-02-16",620,"N20","nominal","2.0NRT",297.4,3.05,"D"
"23603",21.46996,98.08967,328.72,0.56,0.43,"2026-02-16",620,"N20","nominal","2.0NRT",302.96,3.03,"D"
"23604",21.14632,96.34549,332.07,0.48,0.48,"2026-02-16",620,"N20","nominal","2.0NRT",306.59,2.45,"D"
"23605",21.4525,97.9498,334.71,0.57,0.43,"2026-02-16",620,"N20","low","2.0NRT",309.48,5.32,"D"
"23606",21.27983,97.0209,341.18,0.43,0.46,"2026-02-16",620,"N20","nominal","2.0NRT",307.12,10.43,"D"
"23607",21.27909,96.97104,336.38,0.44,0.46,"2026-02-16",620,"N20","nominal","2.0NRT",309.22,5.52,"D"
"23608",23.05155,108.48287,342.3,0.41,0.45,"2026-02-16",620,"N20","nominal","2.0NRT",294.58,5.37,"D"
"23609",21.50192,98.13241,336.63,0.56,0.43,"2026-02-16",620,"N20","nominal","2.0NRT",306.03,5.11,"D"
"23610",21.3033,97.05367,352.49,0.43,0.46,"2026-02-16",620,"N20","nominal","2.0NRT",310.42,8.95,"D"
"23611",21.28267,96.94387,344.11,0.44,0.46,"2026-02-16",620,"N20","low","2.0NRT",315.58,8.45,"D"
"23612",21.28188,96.93965,339.75,0.44,0.46,"2026-02-16",620,"N20","low","2.0NRT",312.22,8.45,"D"
"23613",21.24145,96.72561,333.39,0.45,0.47,"2026-02-16",620,"N20","low","2.0NRT",308.17,6.59,"D"
"23614",21.50581,98.13165,329.57,0.56,0.43,"2026-02-16",620,"N20","low","2.0NRT",303.37,2.35,"D"
"23615",21.29003,96.95993,343.94,0.44,0.46,"2026-02-16",620,"N20","nominal","2.0NRT",315.02,7.08,"D"
"23616",21.28606,96.93875,343.81,0.44,0.46,"2026-02-16",620,"N20","low","2.0NRT",315.78,8.9,"D"
"23617",21.71961,99.31919,333.38,0.48,0.4,"2026-02-16",620,"N20","nominal","2.0NRT",302.67,11.27,"D"
"23618",21.7189,99.31517,343.07,0.48,0.4,"2026-02-16",620,"N20","nominal","2.0NRT",303.83,11.27,"D"
"23619",21.77081,99.59474,329.24,0.46,0.39,"2026-02-16",620,"N20","low","2.0NRT",303,4.14,"D"
"23620",21.77438,99.59396,340,0.46,0.39,"2026-02-16",620,"N20","nominal","2.0NRT",304.64,4.14,"D"
"23621",21.71918,99.3158,347.17,0.48,0.4,"2026-02-16",620,"N20","nominal","2.0NRT",305.91,17.53,"D"
"23622",21.50268,98.13437,341.25,0.56,0.43,"2026-02-16",620,"N20","nominal","2.0NRT",307.31,5.87,"D"
"23623",21.50169,98.12913,332.48,0.56,0.43,"2026-02-16",620,"N20","nominal","2.0NRT",304.2,5.87,"D"
"23624",21.77248,99.59486,345.99,0.46,0.39,"2026-02-16",620,"N20","nominal","2.0NRT",305.81,7.45,"D"
"23625",22.2146,102.22357,345.53,0.39,0.36,"2026-02-16",620,"N20","nominal","2.0NRT",303.4,8.4,"D"
"23626",21.3043,97.05295,344.06,0.43,0.46,"2026-02-16",620,"N20","nominal","2.0NRT",310.81,5.6,"D"
"23627",21.28293,96.94341,344.82,0.44,0.46,"2026-02-16",620,"N20","nominal","2.0NRT",315.93,8.5,"D"
"23628",21.28211,96.93921,340.58,0.44,0.46,"2026-02-16",620,"N20","nominal","2.0NRT",312.65,8.5,"D"
"23629",21.24021,96.72572,340.94,0.45,0.47,"2026-02-16",620,"N20","nominal","2.0NRT",308.68,7.88,"D"
"23630",21.29042,96.95945,343.38,0.44,0.46,"2026-02-16",620,"N20","nominal","2.0NRT",313.83,7.27,"D"
"23631",21.28629,96.93832,342.98,0.44,0.46,"2026-02-16",620,"N20","nominal","2.0NRT",315.37,8.5,"D"
"23632",21.29305,96.92826,341.86,0.44,0.46,"2026-02-16",620,"N20","nominal","2.0NRT",310.7,3.91,"D"
"23633",21.01431,95.53152,339.66,0.54,0.51,"2026-02-16",620,"N20","nominal","2.0NRT",311.17,2.97,"D"
"23634",21.35712,97.21491,331.3,0.42,0.45,"2026-02-16",620,"N20","nominal","2.0NRT",306.1,3.77,"D"
"23635",21.08883,95.85196,343.14,0.52,0.5,"2026-02-16",620,"N20","nominal","2.0NRT",313.59,11.54,"D"
"23636",21.51123,98.0071,335.94,0.56,0.43,"2026-02-16",620,"N20","nominal","2.0NRT",308.15,10.92,"D"
"23637",21.3171,96.96254,342.44,0.44,0.46,"2026-02-16",620,"N20","nominal","2.0NRT",310.2,7.24,"D"
"23638",21.37243,97.22789,330.35,0.42,0.45,"2026-02-16",620,"N20","nominal","2.0NRT",301.9,2.17,"D"
"23639",21.93264,100.2462,332.17,0.43,0.38,"2026-02-16",620,"N20","nominal","2.0NRT",303.61,3.92,"D"
"23640",21.33142,96.924,344.61,0.44,0.46,"2026-02-16",620,"N20","nominal","2.0NRT",309.93,4.01,"D"
"23641",21.33805,96.93581,347.64,0.44,0.46,"2026-02-16",620,"N20","nominal","2.0NRT",309.34,12.06,"D"
"23642",21.21937,96.32329,342.37,0.48,0.48,"2026-02-16",620,"N20","nominal","2.0NRT",309.46,7.68,"D"
"23643",21.07946,95.61713,339.65,0.53,0.5,"2026-02-16",620,"N20","nominal","2.0NRT",313.84,4.19,"D"
"23644",21.34381,96.9432,334.55,0.44,0.46,"2026-02-16",620,"N20","low","2.0NRT",305.08,5.56,"D"
"23645",21.34301,96.93902,351.41,0.44,0.46,"2026-02-16",620,"N20","nominal","2.0NRT",308.71,10.66,"D"
"23646",21.34221,96.93482,350.38,0.44,0.46,"2026-02-16",620,"N20","nominal","2.0NRT",312.16,10.66,"D"
"23647",21.07383,95.56522,339.64,0.54,0.51,"2026-02-16",620,"N20","low","2.0NRT",313.71,6.17,"D"
"23648",20.85205,94.47818,331.5,0.32,0.54,"2026-02-16",620,"N20","nominal","2.0NRT",305.75,1.49,"D"
"23649",21.32648,96.83002,345.58,0.44,0.46,"2026-02-16",620,"N20","nominal","2.0NRT",313.58,6.33,"D"
"23650",21.3233,96.81339,348.01,0.45,0.47,"2026-02-16",620,"N20","nominal","2.0NRT",313.1,8.69,"D"
"23651",21.07839,95.56413,342.4,0.54,0.51,"2026-02-16",620,"N20","nominal","2.0NRT",311.3,6.17,"D"
"23652",21.05274,95.43623,337.55,0.55,0.51,"2026-02-16",620,"N20","nominal","2.0NRT",309.52,2.73,"D"
"23653",21.33015,96.80338,351.44,0.45,0.47,"2026-02-16",620,"N20","nominal","2.0NRT",308.47,7.02,"D"
"23654",21.32935,96.79925,337.38,0.45,0.47,"2026-02-16",620,"N20","low","2.0NRT",311.3,7.02,"D"
"23655",21.40895,97.19531,351.92,0.42,0.45,"2026-02-16",620,"N20","nominal","2.0NRT",305.14,8.14,"D"
"23656",21.3328,96.7943,351.52,0.45,0.47,"2026-02-16",620,"N20","nominal","2.0NRT",311.81,19.67,"D"
"23657",21.33782,96.79762,348.85,0.45,0.47,"2026-02-16",620,"N20","nominal","2.0NRT",307.51,13.48,"D"
"23658",21.36423,96.8904,348.55,0.44,0.46,"2026-02-16",620,"N20","nominal","2.0NRT",312.43,8.52,"D"
"23659",21.34564,96.76952,341.41,0.45,0.47,"2026-02-16",620,"N20","nominal","2.0NRT",308.65,10.35,"D"
"23660",21.42492,97.16653,339.55,0.42,0.45,"2026-02-16",620,"N20","nominal","2.0NRT",303.02,9.09,"D"
"23661",21.42417,97.16255,334.35,0.42,0.45,"2026-02-16",620,"N20","nominal","2.0NRT",308.34,9.09,"D"
"23662",21.37265,96.88883,336,0.44,0.46,"2026-02-16",620,"N20","nominal","2.0NRT",305.49,4.63,"D"
"23663",21.37188,96.88475,347.46,0.44,0.46,"2026-02-16",620,"N20","nominal","2.0NRT",308.63,4.63,"D"
"23664",21.37109,96.88059,342.06,0.44,0.46,"2026-02-16",620,"N20","nominal","2.0NRT",310.79,6.09,"D"
"23665",20.58598,92.98401,355.11,0.4,0.6,"2026-02-16",620,"N20","nominal","2.0NRT",308.1,4.06,"D"
"23666",20.58517,92.98022,334.43,0.4,0.6,"2026-02-16",620,"N20","nominal","2.0NRT",308.14,4.06,"D"
"23667",21.14137,95.66557,342.88,0.53,0.5,"2026-02-16",620,"N20","nominal","2.0NRT",313.21,4.43,"D"
"23668",21.27854,96.34819,347.16,0.48,0.48,"2026-02-16",620,"N20","nominal","2.0NRT",308.65,29.74,"D"
"23669",21.62459,98.14111,336.03,0.55,0.43,"2026-02-16",620,"N20","nominal","2.0NRT",307.62,6.55,"D"
"23670",21.60297,97.99892,335.06,0.56,0.43,"2026-02-16",620,"N20","nominal","2.0NRT",304.13,5.35,"D"
"23671",21.62506,98.13903,337.78,0.55,0.43,"2026-02-16",620,"N20","nominal","2.0NRT",310.02,4.01,"D"
"23672",21.52537,97.61021,329.79,0.4,0.44,"2026-02-16",620,"N20","nominal","2.0NRT",297.89,2.86,"D"
"23673",21.27876,96.34511,350.7,0.48,0.48,"2026-02-16",620,"N20","nominal","2.0NRT",313,27.25,"D"
"23674",21.14125,95.66357,347.69,0.53,0.5,"2026-02-16",620,"N20","nominal","2.0NRT",312.58,7.32,"D"
"23675",21.60257,97.99717,331.76,0.56,0.43,"2026-02-16",620,"N20","nominal","2.0NRT",303.02,2.53,"D"
"23676",21.61738,98.05469,331.64,0.56,0.43,"2026-02-16",620,"N20","nominal","2.0NRT",301.46,5.38,"D"
"23677",20.5862,92.98081,367,0.4,0.6,"2026-02-16",620,"N20","high","2.0NRT",309.33,7.82,"D"
"23678",21.38236,96.80241,331.75,0.44,0.46,"2026-02-16",620,"N20","low","2.0NRT",306.67,3.93,"D"
"23679",21.39465,96.84298,347.26,0.44,0.46,"2026-02-16",620,"N20","nominal","2.0NRT",312,4.82,"D"
"23680",21.39386,96.83893,338.84,0.44,0.46,"2026-02-16",620,"N20","nominal","2.0NRT",306.81,4.82,"D"
"23681",21.39807,96.83808,367,0.44,0.46,"2026-02-16",620,"N20","high","2.0NRT",309.08,12.99,"D"
"23682",21.40245,96.81556,350.3,0.44,0.46,"2026-02-16",620,"N20","nominal","2.0NRT",306.76,8.36,"D"
"23683",21.40164,96.81137,347.67,0.44,0.46,"2026-02-16",620,"N20","nominal","2.0NRT",307.77,8.36,"D"
"23684",21.40911,96.82735,340.93,0.44,0.46,"2026-02-16",620,"N20","nominal","2.0NRT",303.39,4.19,"D"
"23685",21.40828,96.82305,341.18,0.44,0.46,"2026-02-16",620,"N20","nominal","2.0NRT",303.88,6.63,"D"
"23686",21.40746,96.81884,331.75,0.44,0.46,"2026-02-16",620,"N20","low","2.0NRT",305.79,6.63,"D"
"23687",21.40586,96.81053,336.91,0.44,0.46,"2026-02-16",620,"N20","low","2.0NRT",308.66,8.36,"D"
"23688",21.40503,96.80625,342.25,0.44,0.46,"2026-02-16",620,"N20","nominal","2.0NRT",309.37,11,"D"
"23689",21.41007,96.80968,341.33,0.44,0.46,"2026-02-16",620,"N20","nominal","2.0NRT",302.81,3.51,"D"
"23690",21.42091,96.82047,332.41,0.44,0.46,"2026-02-16",620,"N20","low","2.0NRT",303.94,4.27,"D"
"23691",21.32824,96.34366,342.65,0.48,0.48,"2026-02-16",620,"N20","nominal","2.0NRT",304.32,18.81,"D"
"23692",21.33168,96.33812,351.17,0.48,0.48,"2026-02-16",620,"N20","nominal","2.0NRT",304.41,10.57,"D"
"23693",21.33583,96.33624,367,0.48,0.48,"2026-02-16",620,"N20","high","2.0NRT",307.64,8.31,"D"
"23694",21.37643,96.54476,331.48,0.46,0.47,"2026-02-16",620,"N20","low","2.0NRT",305.51,4.45,"D"
"23695",21.34009,96.33485,352.16,0.48,0.48,"2026-02-16",620,"N20","nominal","2.0NRT",310.65,8.31,"D"
"23696",21.24849,95.86893,341.8,0.51,0.49,"2026-02-16",620,"N20","low","2.0NRT",314.78,6.1,"D"
"23697",21.58333,97.58702,341.8,0.4,0.44,"2026-02-16",620,"N20","nominal","2.0NRT",310.22,5.72,"D"
"23698",21.34439,96.33371,334.34,0.48,0.48,"2026-02-16",620,"N20","low","2.0NRT",305.84,3.3,"D"
"23699",21.25296,95.8679,348.96,0.51,0.49,"2026-02-16",620,"N20","nominal","2.0NRT",314.49,8.04,"D"
"23700",21.3478,96.328,337.95,0.48,0.48,"2026-02-16",620,"N20","nominal","2.0NRT",307.72,3.3,"D"
"23701",21.48563,97.02258,340.25,0.43,0.46,"2026-02-16",620,"N20","nominal","2.0NRT",307.91,3.66,"D"
"23702",21.44388,96.7804,338.35,0.45,0.47,"2026-02-16",620,"N20","nominal","2.0NRT",304.27,5.72,"D"
"23703",21.2796,95.93208,341.57,0.51,0.49,"2026-02-16",620,"N20","nominal","2.0NRT",312.96,2.61,"D"
"23704",21.49699,97.03701,338.58,0.43,0.46,"2026-02-16",620,"N20","nominal","2.0NRT",309.63,4.41,"D"
"23705",20.68015,92.99357,354.87,0.4,0.6,"2026-02-16",620,"N20","nominal","2.0NRT",310.3,4.64,"D"
"23706",20.68555,92.99223,344.24,0.4,0.6,"2026-02-16",620,"N20","nominal","2.0NRT",308.66,4.64,"D"
"23707",21.71017,98.14339,335.97,0.55,0.43,"2026-02-16",620,"N20","nominal","2.0NRT",304.09,3.33,"D"
"23708",21.49219,96.9659,339.66,0.43,0.46,"2026-02-16",620,"N20","nominal","2.0NRT",303.7,3.72,"D"
"23709",21.24434,95.68142,345.77,0.53,0.5,"2026-02-16",620,"N20","nominal","2.0NRT",316.76,8.81,"D"
"23710",22.5071,102.90987,327.43,0.38,0.36,"2026-02-16",620,"N20","nominal","2.0NRT",293.5,4.87,"D"
"23711",21.61819,97.61826,336.57,0.39,0.44,"2026-02-16",620,"N20","nominal","2.0NRT",309.14,2.37,"D"
"23712",21.37877,96.32436,334.86,0.48,0.48,"2026-02-16",620,"N20","nominal","2.0NRT",307.2,3.25,"D"
"23713",21.62323,97.57803,348.55,0.4,0.44,"2026-02-16",620,"N20","nominal","2.0NRT",308.61,10.17,"D"
"23714",22.58747,103.35314,330.56,0.39,0.36,"2026-02-16",620,"N20","nominal","2.0NRT",303.32,2.58,"D"
"23715",22.03245,99.87204,327.67,0.45,0.39,"2026-02-16",620,"N20","nominal","2.0NRT",302.47,2.75,"D"
"23716",21.60781,97.47168,334.13,0.4,0.44,"2026-02-16",620,"N20","nominal","2.0NRT",299.8,1.36,"D"
"23717",21.39524,96.3396,337.29,0.47,0.48,"2026-02-16",620,"N20","nominal","2.0NRT",306.8,3.79,"D"
"23718",22.78907,104.71426,329.96,0.41,0.37,"2026-02-16",620,"N20","nominal","2.0NRT",297.01,1.67,"D"
"23719",22.48975,102.68506,330.02,0.38,0.36,"2026-02-16",620,"N20","nominal","2.0NRT",303.63,2.57,"D"
"23720",21.62425,97.57783,343.69,0.4,0.44,"2026-02-16",620,"N20","nominal","2.0NRT",308.94,10.88,"D"
"23721",22.14751,100.45808,337.58,0.43,0.38,"2026-02-16",620,"N20","nominal","2.0NRT",309.19,6.86,"D"
"23722",21.60814,97.4717,340.29,0.4,0.44,"2026-02-16",620,"N20","nominal","2.0NRT",300.71,2.67,"D"
"23723",21.54067,97.09939,335.04,0.42,0.45,"2026-02-16",620,"N20","nominal","2.0NRT",302.45,3.16,"D"
"23724",21.39623,96.341,339.13,0.47,0.48,"2026-02-16",620,"N20","nominal","2.0NRT",306.44,4.75,"D"
"23725",21.40846,96.37993,340.1,0.47,0.48,"2026-02-16",620,"N20","nominal","2.0NRT",307.48,5.28,"D"
"23726",22.71718,104.0071,334.19,0.39,0.37,"2026-02-16",620,"N20","nominal","2.0NRT",299.51,3.21,"D"
"23727",22.41939,101.9911,327.74,0.39,0.36,"2026-02-16",620,"N20","nominal","2.0NRT",298.64,1.38,"D"
"23728",22.15741,100.34873,335.26,0.43,0.38,"2026-02-16",620,"N20","low","2.0NRT",308.69,5.61,"D"
"23729",21.06666,94.5826,343.69,0.62,0.54,"2026-02-16",620,"N20","nominal","2.0NRT",307.4,12.41,"D"
"23730",20.73564,93.03508,346.98,0.4,0.6,"2026-02-16",620,"N20","nominal","2.0NRT",310.76,3.67,"D"
"23731",22.78168,104.33799,337.12,0.4,0.37,"2026-02-16",620,"N20","nominal","2.0NRT",300.61,4.61,"D"
"23732",21.45495,96.47917,340.52,0.46,0.47,"2026-02-16",620,"N20","nominal","2.0NRT",303.2,3.54,"D"
"23733",21.43032,96.35359,339.68,0.47,0.48,"2026-02-16",620,"N20","nominal","2.0NRT",307.33,2.99,"D"
"23734",21.28705,95.63336,349.88,0.53,0.5,"2026-02-16",620,"N20","nominal","2.0NRT",312.64,8.81,"D"
"23735",21.659,97.51954,332.37,0.4,0.44,"2026-02-16",620,"N20","nominal","2.0NRT",303.29,2.35,"D"
"23736",21.36393,95.99442,340.08,0.5,0.49,"2026-02-16",620,"N20","low","2.0NRT",314.85,6.51,"D"
"23737",23.11405,106.75723,331.14,0.5,0.41,"2026-02-16",620,"N20","nominal","2.0NRT",300.77,4.39,"D"
"23738",21.47579,96.54023,335.54,0.46,0.47,"2026-02-16",620,"N20","low","2.0NRT",306.72,3.51,"D"
"23739",21.34253,95.83997,336.81,0.51,0.49,"2026-02-16",620,"N20","low","2.0NRT",310.84,2.17,"D"
"23740",21.44654,96.34424,341.16,0.47,0.48,"2026-02-16",620,"N20","low","2.0NRT",312.19,7.96,"D"
"23741",21.44559,96.33935,343.07,0.47,0.48,"2026-02-16",620,"N20","nominal","2.0NRT",312.55,9.47,"D"
"23742",21.68913,97.59148,344.57,0.39,0.44,"2026-02-16",620,"N20","nominal","2.0NRT",311.16,9.48,"D"
"23743",21.68841,97.58764,346.91,0.39,0.44,"2026-02-16",620,"N20","nominal","2.0NRT",314.33,9.26,"D"
"23744",21.69312,97.59068,336.59,0.39,0.44,"2026-02-16",620,"N20","nominal","2.0NRT",304.22,8.86,"D"
"23745",21.57123,96.94442,342.69,0.43,0.46,"2026-02-16",620,"N20","low","2.0NRT",313.93,6.13,"D"
"23746",21.69007,97.55201,334.81,0.4,0.44,"2026-02-16",620,"N20","low","2.0NRT",305.49,5.04,"D"
"23747",21.68937,97.54827,349.89,0.4,0.44,"2026-02-16",620,"N20","nominal","2.0NRT",309.39,9.44,"D"
"23748",21.57721,96.93031,352.92,0.43,0.46,"2026-02-16",620,"N20","nominal","2.0NRT",310.34,9.29,"D"
"23749",21.37907,95.90685,346.29,0.51,0.49,"2026-02-16",620,"N20","low","2.0NRT",320.36,31.24,"D"
"23750",24.03593,115.69409,355.21,0.61,0.71,"2026-02-16",620,"N20","nominal","2.0NRT",292.58,10.75,"D"
"23751",21.30158,95.49196,340.58,0.54,0.51,"2026-02-16",620,"N20","nominal","2.0NRT",312.72,5.27,"D"
"23752",21.72835,97.69135,341.5,0.39,0.44,"2026-02-16",620,"N20","nominal","2.0NRT",307.08,4.11,"D"
"23753",21.61305,96.98264,350.45,0.43,0.46,"2026-02-16",620,"N20","nominal","2.0NRT",312.55,16.12,"D"
"23754",21.61797,96.98583,338.05,0.43,0.46,"2026-02-16",620,"N20","low","2.0NRT",308.06,8.37,"D"
"23755",21.51106,96.42205,348.69,0.47,0.48,"2026-02-16",620,"N20","nominal","2.0NRT",309.6,6.9,"D"
"23756",22.99173,105.41514,332.57,0.43,0.38,"2026-02-16",620,"N20","nominal","2.0NRT",300.96,3.82,"D"
"23757",21.63005,97.00426,337.77,0.43,0.46,"2026-02-16",620,"N20","nominal","2.0NRT",304.39,1.84,"D"
"23758",21.50884,96.42431,338.81,0.47,0.47,"2026-02-16",620,"N20","nominal","2.0NRT",306.62,6.26,"D"
"23759",21.63188,97.00502,335.3,0.43,0.46,"2026-02-16",620,"N20","nominal","2.0NRT",303.74,2.79,"D"
"23760",24.03502,115.69361,367,0.61,0.71,"2026-02-16",620,"N20","high","2.0NRT",292.93,11.99,"D"
"23761",21.88092,98.232,332.83,0.54,0.42,"2026-02-16",620,"N20","nominal","2.0NRT",303.67,3.24,"D"
"23762",21.86868,98.14416,342.09,0.55,0.42,"2026-02-16",620,"N20","nominal","2.0NRT",301.26,19.45,"D"
"23763",21.85211,98.01129,334.33,0.56,0.43,"2026-02-16",620,"N20","nominal","2.0NRT",303.42,21.48,"D"
"23764",21.89625,98.22875,335.48,0.54,0.42,"2026-02-16",620,"N20","nominal","2.0NRT",300.86,6.35,"D"
"23765",21.76887,97.54399,330.68,0.4,0.44,"2026-02-16",620,"N20","low","2.0NRT",305.53,3.84,"D"
"23766",21.90008,98.22795,333.91,0.54,0.42,"2026-02-16",620,"N20","nominal","2.0NRT",303.75,6.35,"D"
"23767",21.64878,96.86858,353.51,0.44,0.46,"2026-02-16",620,"N20","nominal","2.0NRT",308.3,5.47,"D"
"23768",21.38181,95.41794,344.58,0.54,0.51,"2026-02-16",620,"N20","nominal","2.0NRT",308.67,5.25,"D"
"23769",21.75702,97.32533,337.73,0.41,0.45,"2026-02-16",620,"N20","nominal","2.0NRT",309.8,6.49,"D"
"23770",21.75632,97.3216,335.72,0.41,0.45,"2026-02-16",620,"N20","nominal","2.0NRT",305.68,6.49,"D"
"23771",21.71324,97.02538,335.01,0.43,0.46,"2026-02-16",620,"N20","nominal","2.0NRT",303.66,3.17,"D"
"23772",21.69304,96.873,334.73,0.44,0.46,"2026-02-16",620,"N20","nominal","2.0NRT",302.83,3.33,"D"
"23773",21.2342,94.5432,356.07,0.62,0.54,"2026-02-16",620,"N20","nominal","2.0NRT",308.93,12.27,"D"
"23774",21.44808,95.58305,338.43,0.53,0.5,"2026-02-16",620,"N20","nominal","2.0NRT",308.82,7.88,"D"
"23775",21.4471,95.57812,346.26,0.53,0.5,"2026-02-16",620,"N20","nominal","2.0NRT",314.64,13.33,"D"
"23776",22.36707,100.5894,331.09,0.42,0.38,"2026-02-16",620,"N20","nominal","2.0NRT",300.57,2.87,"D"
"23777",21.95575,98.18365,331.75,0.54,0.42,"2026-02-16",620,"N20","low","2.0NRT",305.39,6.54,"D"
"23778",21.9085,97.92214,333.78,0.56,0.43,"2026-02-16",620,"N20","nominal","2.0NRT",304.98,5.66,"D"
"23779",21.6148,96.34599,343.79,0.47,0.48,"2026-02-16",620,"N20","nominal","2.0NRT",307.91,4.98,"D"
"23780",21.95291,98.18174,334.54,0.54,0.42,"2026-02-16",620,"N20","nominal","2.0NRT",305.3,5.33,"D"
"23781",21.90787,97.91998,332.17,0.56,0.43,"2026-02-16",620,"N20","nominal","2.0NRT",304.17,1.79,"D"
"23782",21.44765,95.58044,346.91,0.53,0.5,"2026-02-16",620,"N20","nominal","2.0NRT",313.16,18.94,"D"
"23783",21.23101,94.54213,342.04,0.62,0.54,"2026-02-16",620,"N20","nominal","2.0NRT",306.21,6.77,"D"
"23784",21.23588,94.54102,334.61,0.62,0.54,"2026-02-16",620,"N20","nominal","2.0NRT",305.68,6.77,"D"
"23785",21.90946,97.86369,333.66,0.57,0.43,"2026-02-16",620,"N20","low","2.0NRT",306.36,10.3,"D"
"23786",21.61624,96.34699,344.74,0.47,0.48,"2026-02-16",620,"N20","nominal","2.0NRT",307.68,4.76,"D"
"23787",21.91337,97.86287,334.81,0.57,0.43,"2026-02-16",620,"N20","low","2.0NRT",308.04,46.82,"D"
"23788",21.74607,96.98598,352.03,0.43,0.46,"2026-02-16",620,"N20","nominal","2.0NRT",311.61,11.28,"D"
"23789",22.01458,98.38638,334.02,0.53,0.42,"2026-02-16",620,"N20","low","2.0NRT",307.87,4.82,"D"
"23790",21.51278,95.76156,337.84,0.51,0.5,"2026-02-16",620,"N20","nominal","2.0NRT",311.88,4.48,"D"
"23791",21.92509,97.86034,332.59,0.57,0.43,"2026-02-16",620,"N20","low","2.0NRT",302.96,20.25,"D"
"23792",21.92391,97.83225,342.88,0.57,0.43,"2026-02-16",620,"N20","nominal","2.0NRT",306.63,10.45,"D"
"23793",21.53719,95.83644,342.49,0.51,0.49,"2026-02-16",620,"N20","nominal","2.0NRT",313.25,6.36,"D"
"23794",21.92884,97.83682,332.99,0.57,0.43,"2026-02-16",620,"N20","low","2.0NRT",304.45,10.45,"D"
"23795",21.92782,97.83139,334.27,0.57,0.43,"2026-02-16",620,"N20","low","2.0NRT",305.51,10.45,"D"
"23796",21.92959,97.79711,342.5,0.57,0.43,"2026-02-16",620,"N20","nominal","2.0NRT",304.92,5.52,"D"
"23797",21.69786,96.58054,345.95,0.45,0.47,"2026-02-16",620,"N20","nominal","2.0NRT",305.27,6.43,"D"
"23798",21.55056,95.83343,342.52,0.51,0.49,"2026-02-16",620,"N20","low","2.0NRT",314.12,7.27,"D"
"23799",21.52253,95.69341,339.81,0.52,0.5,"2026-02-16",620,"N20","nominal","2.0NRT",312.61,5.33,"D"
"23800",21.52156,95.68856,341.79,0.52,0.5,"2026-02-16",620,"N20","nominal","2.0NRT",312.73,5.9,"D"
"23801",21.65422,96.31131,347.42,0.47,0.48,"2026-02-16",620,"N20","nominal","2.0NRT",319.06,53.71,"D"
"23802",21.65332,96.30672,341.26,0.47,0.48,"2026-02-16",620,"N20","nominal","2.0NRT",309.77,9.83,"D"
"23803",22.01434,98.16896,332.83,0.54,0.42,"2026-02-16",620,"N20","low","2.0NRT",305.12,6.21,"D"
"23804",21.68012,96.35188,340.62,0.47,0.48,"2026-02-16",620,"N20","nominal","2.0NRT",305.36,3.81,"D"
"23805",21.67932,96.34775,332.64,0.47,0.48,"2026-02-16",620,"N20","low","2.0NRT",306.51,2.85,"D"
"23806",21.507,95.45024,341.35,0.54,0.51,"2026-02-16",620,"N20","low","2.0NRT",313.91,3.48,"D"
"23807",22.02876,98.16058,344.85,0.54,0.42,"2026-02-16",620,"N20","nominal","2.0NRT",312.46,18.03,"D"
"23808",21.7409,96.6205,335.97,0.45,0.47,"2026-02-16",620,"N20","nominal","2.0NRT",306.81,4.61,"D"
"23809",22.0326,98.15977,339.94,0.54,0.42,"2026-02-16",620,"N20","nominal","2.0NRT",307.02,19.83,"D"
"23810",20.87916,92.40372,335.61,0.43,0.62,"2026-02-16",620,"N20","nominal","2.0NRT",303.28,4.55,"D"
"23811",22.03834,98.16943,341.38,0.54,0.42,"2026-02-16",620,"N20","nominal","2.0NRT",311.29,11.41,"D"
"23812",21.68122,96.26464,335.17,0.47,0.48,"2026-02-16",620,"N20","low","2.0NRT",308.07,1.23,"D"
"23813",21.34114,94.55767,352.17,0.62,0.54,"2026-02-16",620,"N20","nominal","2.0NRT",309.84,26.26,"D"
"23814",21.82565,96.99734,339.81,0.43,0.46,"2026-02-16",620,"N20","nominal","2.0NRT",305.5,2.16,"D"
"23815",21.5973,95.76321,342.29,0.51,0.49,"2026-02-16",620,"N20","nominal","2.0NRT",310.33,5.88,"D"
"23816",21.59634,95.75832,341.8,0.51,0.49,"2026-02-16",620,"N20","nominal","2.0NRT",312.4,5.88,"D"
"23817",21.85297,97.07429,331.1,0.42,0.45,"2026-02-16",620,"N20","low","2.0NRT",302.92,2.27,"D"
"23818",21.70661,96.30286,339.29,0.47,0.48,"2026-02-16",620,"N20","nominal","2.0NRT",307.65,4.3,"D"
"23819",21.60081,95.75729,346.03,0.51,0.49,"2026-02-16",620,"N20","nominal","2.0NRT",311.9,5.88,"D"
"23820",22.01588,97.91294,336.1,0.56,0.43,"2026-02-16",620,"N20","nominal","2.0NRT",306.75,4.03,"D"
"23821",21.64206,95.92126,344.72,0.5,0.49,"2026-02-16",620,"N20","nominal","2.0NRT",311.55,3.51,"D"
"23822",21.85543,97.0737,335.93,0.42,0.45,"2026-02-16",620,"N20","nominal","2.0NRT",303.56,3.46,"D"
"23823",21.85469,97.06988,331.27,0.42,0.45,"2026-02-16",620,"N20","nominal","2.0NRT",303.79,3.46,"D"
"23824",21.59849,95.75948,351.56,0.51,0.49,"2026-02-16",620,"N20","nominal","2.0NRT",313.71,11.88,"D"
"23825",21.60296,95.75846,342.38,0.51,0.49,"2026-02-16",620,"N20","nominal","2.0NRT",310.9,3.65,"D"
"23826",20.88325,92.40658,329.63,0.43,0.62,"2026-02-16",620,"N20","nominal","2.0NRT",303.86,4.52,"D"
"23827",20.88227,92.40227,333.11,0.43,0.62,"2026-02-16",620,"N20","nominal","2.0NRT",304.38,5.53,"D"
"23828",21.64089,95.92296,341.71,0.5,0.49,"2026-02-16",620,"N20","nominal","2.0NRT",310.94,4.6,"D"
"23829",21.88641,97.14562,341.16,0.42,0.45,"2026-02-16",620,"N20","nominal","2.0NRT",311.59,6.36,"D"
"23830",21.88565,97.14169,337.89,0.42,0.45,"2026-02-16",620,"N20","low","2.0NRT",309.29,4.11,"D"
"23831",21.71826,96.28659,337.01,0.47,0.48,"2026-02-16",620,"N20","nominal","2.0NRT",306.82,2.99,"D"
"23832",21.871,96.95461,333.31,0.43,0.46,"2026-02-16",620,"N20","nominal","2.0NRT",307.59,1.79,"D"
"23833",21.59851,95.57396,342.24,0.52,0.5,"2026-02-16",620,"N20","nominal","2.0NRT",312.12,3.72,"D"
"23834",23.03041,103.80386,332.55,0.39,0.36,"2026-02-16",620,"N20","low","2.0NRT",303.69,3.19,"D"
"23835",21.92451,97.21163,341.34,0.41,0.45,"2026-02-16",620,"N20","nominal","2.0NRT",312.39,2.78,"D"
"23836",23.03372,103.80326,332.43,0.39,0.36,"2026-02-16",620,"N20","nominal","2.0NRT",298.93,3.19,"D"
"23837",21.93535,97.24639,336.65,0.41,0.45,"2026-02-16",620,"N20","nominal","2.0NRT",305.49,7.53,"D"
"23838",21.92855,97.21062,341.37,0.41,0.45,"2026-02-16",620,"N20","nominal","2.0NRT",307.68,2.78,"D"
"23839",21.63432,95.705,339.32,0.51,0.5,"2026-02-16",620,"N20","low","2.0NRT",311.91,4.01,"D"
"23840",21.9394,97.24548,331.94,0.41,0.45,"2026-02-16",620,"N20","nominal","2.0NRT",305.64,4.31,"D"
"23841",21.64172,95.71857,343.09,0.51,0.5,"2026-02-16",620,"N20","nominal","2.0NRT",314.85,10.65,"D"
"23842",21.64716,95.72236,367,0.51,0.5,"2026-02-16",620,"N20","high","2.0NRT",314.53,10.65,"D"
"23843",21.64812,95.72716,352.7,0.51,0.5,"2026-02-16",620,"N20","nominal","2.0NRT",312.02,6.91,"D"
"23844",20.96585,92.4875,343.07,0.43,0.62,"2026-02-16",620,"N20","nominal","2.0NRT",306.41,7.05,"D"
"23845",20.96498,92.48356,341.17,0.43,0.62,"2026-02-16",620,"N20","nominal","2.0NRT",306.38,7,"D"
"23846",21.82257,96.59097,340.15,0.45,0.47,"2026-02-16",620,"N20","nominal","2.0NRT",307.08,9.55,"D"
"23847",21.79579,96.45305,330.9,0.46,0.47,"2026-02-16",620,"N20","low","2.0NRT",302.73,2.43,"D"
"23848",21.65163,95.7213,339.62,0.51,0.5,"2026-02-16",620,"N20","nominal","2.0NRT",312.44,4.78,"D"
"23849",21.76479,96.2711,338.31,0.47,0.48,"2026-02-16",620,"N20","nominal","2.0NRT",307.08,4.91,"D"
"23850",21.76229,96.25832,341.24,0.47,0.48,"2026-02-16",620,"N20","nominal","2.0NRT",304.27,2.75,"D"
"23851",21.86794,96.78102,341.2,0.44,0.46,"2026-02-16",620,"N20","nominal","2.0NRT",303.35,6.65,"D"
"23852",21.8798,96.77474,330.41,0.44,0.46,"2026-02-16",620,"N20","nominal","2.0NRT",300.98,1.87,"D"
"23853",21.7941,96.32935,332.4,0.47,0.48,"2026-02-16",620,"N20","low","2.0NRT",304.85,1.57,"D"
"23854",21.90453,96.88197,339.7,0.43,0.46,"2026-02-16",620,"N20","nominal","2.0NRT",304.4,3,"D"
"23855",21.9219,96.95078,354.4,0.43,0.46,"2026-02-16",620,"N20","nominal","2.0NRT",303.96,5.18,"D"
"23856",21.92118,96.94697,337.73,0.43,0.46,"2026-02-16",620,"N20","nominal","2.0NRT",301.23,5.18,"D"
"23857",21.81402,96.36288,341.22,0.47,0.47,"2026-02-16",620,"N20","low","2.0NRT",311.49,27.39,"D"
"23858",23.78273,109.23122,337.78,0.47,0.48,"2026-02-16",620,"N20","nominal","2.0NRT",296.22,5.05,"D"
"23859",21.99378,97.26565,338.86,0.41,0.45,"2026-02-16",620,"N20","nominal","2.0NRT",310.44,3.93,"D"
"23860",21.80097,96.24844,335.32,0.47,0.48,"2026-02-16",620,"N20","nominal","2.0NRT",304.13,3.86,"D"
"23861",21.89526,96.71848,340.78,0.44,0.46,"2026-02-16",620,"N20","nominal","2.0NRT",304.69,3.57,"D"
"23862",21.85594,96.51183,330.1,0.45,0.47,"2026-02-16",620,"N20","low","2.0NRT",304.42,3,"D"
"23863",21.88951,96.64201,343.66,0.45,0.47,"2026-02-16",620,"N20","nominal","2.0NRT",308.62,9.28,"D"
"23864",23.78282,109.22778,337.27,0.47,0.48,"2026-02-16",620,"N20","nominal","2.0NRT",296.56,5.14,"D"
"23865",21.80209,96.24937,331.5,0.47,0.48,"2026-02-16",620,"N20","low","2.0NRT",304.16,2.39,"D"
"23866",21.85788,96.50694,331.23,0.45,0.47,"2026-02-16",620,"N20","low","2.0NRT",306.14,4.26,"D"
"23867",21.88916,96.64302,349.59,0.45,0.47,"2026-02-16",620,"N20","nominal","2.0NRT",309.5,6.17,"D"
"23868",21.91104,96.73216,335.99,0.44,0.46,"2026-02-16",620,"N20","low","2.0NRT",308.78,5.08,"D"
"23869",21.95291,96.92451,334.08,0.43,0.46,"2026-02-16",620,"N20","nominal","2.0NRT",303.51,1.95,"D"
"23870",21.95017,96.91048,347.08,0.43,0.46,"2026-02-16",620,"N20","nominal","2.0NRT",304.84,10.39,"D"
"23871",21.95454,96.91075,354.14,0.43,0.46,"2026-02-16",620,"N20","nominal","2.0NRT",303.41,10.39,"D"
"23872",21.89301,96.59542,343.7,0.45,0.47,"2026-02-16",620,"N20","nominal","2.0NRT",304.85,7.1,"D"
"23873",21.89803,96.59856,339.67,0.45,0.47,"2026-02-16",620,"N20","nominal","2.0NRT",305.61,4.37,"D"
"23874",21.89647,96.59064,339.29,0.45,0.47,"2026-02-16",620,"N20","nominal","2.0NRT",306.44,8.32,"D"
"23875",21.85485,96.37907,345.66,0.46,0.47,"2026-02-16",620,"N20","nominal","2.0NRT",306.36,8.53,"D"
"23876",21.84483,96.3284,334.84,0.47,0.47,"2026-02-16",620,"N20","nominal","2.0NRT",306.09,3.76,"D"
"23877",21.90147,96.59367,341.24,0.45,0.47,"2026-02-16",620,"N20","nominal","2.0NRT",307.74,8.32,"D"
"23878",21.90068,96.58964,352.08,0.45,0.47,"2026-02-16",620,"N20","nominal","2.0NRT",314.68,8.32,"D"
"23879",21.91726,96.65201,337.89,0.44,0.46,"2026-02-16",620,"N20","nominal","2.0NRT",306.95,2.6,"D"
"23880",21.92145,96.65104,336.41,0.44,0.46,"2026-02-16",620,"N20","low","2.0NRT",307.78,2.6,"D"
"23881",21.92967,96.67074,342.9,0.44,0.46,"2026-02-16",620,"N20","nominal","2.0NRT",311.26,10.4,"D"
"23882",21.93387,96.66982,341.29,0.44,0.46,"2026-02-16",620,"N20","nominal","2.0NRT",305.6,10.4,"D"
"23883",22.06954,97.35605,345.63,0.4,0.44,"2026-02-16",620,"N20","nominal","2.0NRT",307.98,3.84,"D"
"23884",21.98511,96.86793,342.74,0.43,0.46,"2026-02-16",620,"N20","nominal","2.0NRT",311.86,8.42,"D"
"23885",21.0811,92.48934,335.26,0.42,0.61,"2026-02-16",620,"N20","nominal","2.0NRT",299.94,2.58,"D"
"23886",22.08277,97.33742,334.16,0.4,0.44,"2026-02-16",620,"N20","low","2.0NRT",307.22,2.84,"D"
"23887",21.94929,96.63629,347.14,0.44,0.46,"2026-02-16",620,"N20","nominal","2.0NRT",307.34,6.03,"D"
"23888",24.2669,113.416,326.02,0.44,0.62,"2026-02-16",620,"N20","nominal","2.0NRT",295.54,2.34,"D"
"23889",22.08683,97.33677,337.21,0.4,0.44,"2026-02-16",620,"N20","nominal","2.0NRT",304.97,2.84,"D"
"23890",22.08609,97.33286,340.18,0.4,0.44,"2026-02-16",620,"N20","nominal","2.0NRT",311.09,6.9,"D"
"23891",22.10189,97.39488,345.97,0.4,0.44,"2026-02-16",620,"N20","nominal","2.0NRT",312.64,3.93,"D"
"23892",21.95372,96.61372,331.12,0.45,0.47,"2026-02-16",620,"N20","low","2.0NRT",302.71,2.49,"D"
"23893",21.91931,96.34293,335.01,0.46,0.47,"2026-02-16",620,"N20","nominal","2.0NRT",303.44,2.55,"D"
"23894",22.06816,97.05711,332.88,0.42,0.45,"2026-02-16",620,"N20","nominal","2.0NRT",302.29,3.94,"D"
"23895",22.06741,97.05312,339.64,0.42,0.45,"2026-02-16",620,"N20","nominal","2.0NRT",305.29,4.55,"D"
"23896",21.81317,95.72633,338.48,0.51,0.49,"2026-02-16",620,"N20","nominal","2.0NRT",310.39,5.18,"D"
"23897",21.93594,96.33631,330.79,0.46,0.47,"2026-02-16",620,"N20","low","2.0NRT",304.88,4.38,"D"
"23898",22.05189,96.92484,337.93,0.43,0.46,"2026-02-16",620,"N20","nominal","2.0NRT",304.44,5.94,"D"
"23899",22.05116,96.92091,346.49,0.43,0.46,"2026-02-16",620,"N20","nominal","2.0NRT",309.95,5.94,"D"
"23900",21.82019,95.71455,336.68,0.51,0.49,"2026-02-16",620,"N20","nominal","2.0NRT",310.13,4.14,"D"
"23901",22.07035,97.05348,346.05,0.42,0.45,"2026-02-16",620,"N20","nominal","2.0NRT",304.6,5.21,"D"
"23902",23.4092,105.18706,332.39,0.43,0.38,"2026-02-16",620,"N20","nominal","2.0NRT",298.22,3.56,"D"
"23903",22.04988,96.92632,337.05,0.43,0.46,"2026-02-16",620,"N20","nominal","2.0NRT",304.11,5.47,"D"
"23904",22.05326,96.9216,335.64,0.43,0.46,"2026-02-16",620,"N20","nominal","2.0NRT",303.29,4.78,"D"
"23905",22.05251,96.91774,341.32,0.43,0.46,"2026-02-16",620,"N20","nominal","2.0NRT",310.21,8.15,"D"
"23906",21.93746,96.33353,331.93,0.46,0.47,"2026-02-16",620,"N20","low","2.0NRT",305.08,4.12,"D"
"23907",21.8148,95.72375,337.98,0.51,0.49,"2026-02-16",620,"N20","low","2.0NRT",310.33,5.14,"D"
"23908",22.17679,97.54176,344.71,0.39,0.44,"2026-02-16",620,"N20","nominal","2.0NRT",308.96,12.56,"D"
"23909",21.08691,92.31455,334.13,0.43,0.62,"2026-02-16",620,"N20","nominal","2.0NRT",302.59,4.48,"D"
"23910",22.07729,97.00117,334.46,0.42,0.45,"2026-02-16",620,"N20","nominal","2.0NRT",305.53,3.43,"D"
"23911",22.19175,97.57713,337.03,0.39,0.44,"2026-02-16",620,"N20","low","2.0NRT",308.5,4.81,"D"
"23912",22.24942,97.86201,342.22,0.56,0.43,"2026-02-16",620,"N20","nominal","2.0NRT",305.76,5.69,"D"
"23913",22.14676,97.31856,337.64,0.4,0.44,"2026-02-16",620,"N20","nominal","2.0NRT",311.98,3.16,"D"
"23914",22.25331,97.86118,336.77,0.56,0.43,"2026-02-16",620,"N20","nominal","2.0NRT",308.59,5.69,"D"
"23915",22.02222,96.56117,341.52,0.45,0.47,"2026-02-16",620,"N20","nominal","2.0NRT",308.52,3.47,"D"
"23916",22.53275,99.2974,330.96,0.47,0.4,"2026-02-16",620,"N20","nominal","2.0NRT",299.47,3.46,"D"
"23917",22.53201,99.29317,325.62,0.47,0.4,"2026-02-16",620,"N20","low","2.0NRT",299.33,3.46,"D"
"23918",22.16728,97.29425,347.6,0.4,0.44,"2026-02-16",620,"N20","nominal","2.0NRT",306.44,3.38,"D"
"23919",22.17131,97.2934,330.51,0.4,0.44,"2026-02-16",620,"N20","low","2.0NRT",304.26,3.38,"D"
"23920",22.27546,97.80611,335.73,0.56,0.43,"2026-02-16",620,"N20","nominal","2.0NRT",307.32,4.96,"D"
"23921",22.19271,97.34037,333.38,0.4,0.44,"2026-02-16",620,"N20","low","2.0NRT",306.39,2.07,"D"
"23922",22.31549,97.97961,332.72,0.55,0.43,"2026-02-16",620,"N20","nominal","2.0NRT",306.37,3.97,"D"
"23923",22.20141,97.34219,350.26,0.4,0.44,"2026-02-16",620,"N20","nominal","2.0NRT",311.06,11.29,"D"
"23924",22.27914,97.73808,327.5,0.57,0.43,"2026-02-16",620,"N20","nominal","2.0NRT",301.27,2.72,"D"
"23925",21.88286,95.66707,338.21,0.51,0.49,"2026-02-16",620,"N20","nominal","2.0NRT",307.11,4.99,"D"
"23926",22.2458,97.53576,331.48,0.39,0.44,"2026-02-16",620,"N20","low","2.0NRT",305.34,1.91,"D"
"23927",22.24512,97.53204,331.54,0.39,0.44,"2026-02-16",620,"N20","low","2.0NRT",305.09,1.91,"D"
"23928",22.147,97.00826,337.85,0.42,0.45,"2026-02-16",620,"N20","low","2.0NRT",312.38,4.01,"D"
"23929",22.58513,99.36362,335.36,0.46,0.39,"2026-02-16",620,"N20","nominal","2.0NRT",300.85,5.58,"D"
"23930",22.17608,97.07225,343.27,0.42,0.45,"2026-02-16",620,"N20","nominal","2.0NRT",308.25,4.45,"D"
"23931",22.17793,97.05949,336.97,0.42,0.45,"2026-02-16",620,"N20","low","2.0NRT",308.74,1.72,"D"
"23932",22.58252,99.2627,329.09,0.47,0.4,"2026-02-16",620,"N20","nominal","2.0NRT",303.95,3.29,"D"
"23933",22.13395,96.77986,341.1,0.43,0.46,"2026-02-16",620,"N20","nominal","2.0NRT",308.39,4.42,"D"
"23934",22.11075,96.65697,354.48,0.44,0.46,"2026-02-16",620,"N20","nominal","2.0NRT",309.51,14.71,"D"
"23935",22.13089,96.78153,344,0.43,0.46,"2026-02-16",620,"N20","nominal","2.0NRT",310.23,4.64,"D"
"23936",22.11095,96.65784,341.52,0.44,0.46,"2026-02-16",620,"N20","nominal","2.0NRT",309.28,9.54,"D"
"23937",23.05603,101.95161,332.31,0.39,0.36,"2026-02-16",620,"N20","nominal","2.0NRT",297.07,4.42,"D"
"23938",22.26669,97.41822,334.89,0.39,0.44,"2026-02-16",620,"N20","nominal","2.0NRT",307.9,1.79,"D"
"23939",22.33277,97.72391,338.91,0.57,0.43,"2026-02-16",620,"N20","nominal","2.0NRT",306,5.32,"D"
"23940",21.99796,95.9754,342.68,0.49,0.48,"2026-02-16",620,"N20","nominal","2.0NRT",311.82,4.71,"D"
"23941",22.34455,97.72161,333.94,0.57,0.43,"2026-02-16",620,"N20","low","2.0NRT",306.78,3.3,"D"
"23942",22.34949,97.72625,353.35,0.57,0.43,"2026-02-16",620,"N20","nominal","2.0NRT",308.72,14.63,"D"
"23943",22.33236,97.61286,346.29,0.38,0.43,"2026-02-16",620,"N20","nominal","2.0NRT",305.32,4.72,"D"
"23944",23.54279,105.08698,335.68,0.43,0.38,"2026-02-16",620,"N20","nominal","2.0NRT",303.94,2.67,"D"
"23945",22.15637,96.64439,334.2,0.44,0.46,"2026-02-16",620,"N20","low","2.0NRT",306.89,5.32,"D"
"23946",22.1637,96.65971,330.28,0.44,0.46,"2026-02-16",620,"N20","low","2.0NRT",304.3,2.4,"D"
"23947",22.19437,96.77398,342.52,0.43,0.46,"2026-02-16",620,"N20","nominal","2.0NRT",304.73,3.23,"D"
"23948",22.31491,97.38754,339.41,0.4,0.44,"2026-02-16",620,"N20","nominal","2.0NRT",301.73,8.26,"D"
"23949",23.3674,103.69585,333.55,0.39,0.36,"2026-02-16",620,"N20","nominal","2.0NRT",302.71,4.05,"D"
"23950",22.14696,96.48221,350.98,0.45,0.47,"2026-02-16",620,"N20","nominal","2.0NRT",302.11,6.68,"D"
"23951",23.99164,108.43652,346.88,0.42,0.45,"2026-02-16",620,"N20","nominal","2.0NRT",297.24,15.47,"D"
"23952",22.66661,99.29053,341.29,0.47,0.4,"2026-02-16",620,"N20","nominal","2.0NRT",296.42,4.35,"D"
"23953",22.21539,96.81613,353.47,0.43,0.46,"2026-02-16",620,"N20","nominal","2.0NRT",310.6,15.29,"D"
"23954",22.37747,97.65744,339.3,0.57,0.43,"2026-02-16",620,"N20","nominal","2.0NRT",306.22,2.5,"D"
"23955",22.30827,97.19564,367,0.41,0.45,"2026-02-16",620,"N20","high","2.0NRT",327.5,44.92,"D"
"23956",22.309,97.19954,340.98,0.41,0.45,"2026-02-16",620,"N20","nominal","2.0NRT",303.62,44.92,"D"
"23957",22.30753,97.19168,343.12,0.41,0.45,"2026-02-16",620,"N20","nominal","2.0NRT",306.98,10.6,"D"
"23958",22.12693,96.23994,341.55,0.47,0.47,"2026-02-16",620,"N20","nominal","2.0NRT",307.41,5.76,"D"
"23959",22.12604,96.23535,341.38,0.47,0.48,"2026-02-16",620,"N20","nominal","2.0NRT",308.32,5.76,"D"
"23960",22.31525,97.21053,329.7,0.41,0.45,"2026-02-16",620,"N20","low","2.0NRT",303.62,3.16,"D"
"23961",22.31156,97.19073,338.74,0.41,0.45,"2026-02-16",620,"N20","nominal","2.0NRT",304.13,10.6,"D"
"23962",22.24142,96.77129,338.22,0.43,0.46,"2026-02-16",620,"N20","nominal","2.0NRT",309.36,3.61,"D"
"23963",22.12811,96.23681,367,0.47,0.47,"2026-02-16",620,"N20","high","2.0NRT",311.34,9.51,"D"
"23964",22.55415,98.41183,346.32,0.52,0.41,"2026-02-16",620,"N20","nominal","2.0NRT",306.71,6.38,"D"
"23965",22.32843,97.2124,339.53,0.4,0.45,"2026-02-16",620,"N20","nominal","2.0NRT",304.7,6.42,"D"
"23966",22.24294,96.77209,334.43,0.43,0.46,"2026-02-16",620,"N20","nominal","2.0NRT",306.25,3.3,"D"
"23967",22.32155,97.15491,340.68,0.41,0.45,"2026-02-16",620,"N20","nominal","2.0NRT",303.8,4.62,"D"
"23968",22.4014,97.52911,331.34,0.39,0.44,"2026-02-16",620,"N20","nominal","2.0NRT",304.81,1.74,"D"
"23969",22.15416,96.25494,340.82,0.46,0.47,"2026-02-16",620,"N20","nominal","2.0NRT",308.59,7.76,"D"
"23970",22.3228,97.0955,344.53,0.41,0.45,"2026-02-16",620,"N20","nominal","2.0NRT",305.47,13.06,"D"
"23971",22.26512,96.73039,334.37,0.43,0.46,"2026-02-16",620,"N20","nominal","2.0NRT",304.59,1.36,"D"
"23972",21.91463,94.9791,337.27,0.56,0.52,"2026-02-16",620,"N20","nominal","2.0NRT",309.48,2.64,"D"
"23973",22.24815,96.62064,351.38,0.44,0.46,"2026-02-16",620,"N20","nominal","2.0NRT",308.51,11.35,"D"
"23974",22.21905,96.47142,334.59,0.45,0.47,"2026-02-16",620,"N20","nominal","2.0NRT",298.39,3.47,"D"
"23975",22.17105,96.22699,343.93,0.47,0.47,"2026-02-16",620,"N20","nominal","2.0NRT",310.26,14.89,"D"
"23976",22.17015,96.22243,353.58,0.47,0.47,"2026-02-16",620,"N20","nominal","2.0NRT",307.83,10.96,"D"
"23977",22.41948,97.49398,330.14,0.39,0.44,"2026-02-16",620,"N20","nominal","2.0NRT",302.62,3.85,"D"
"23978",22.41879,97.49033,337.02,0.39,0.44,"2026-02-16",620,"N20","nominal","2.0NRT",302.87,3.54,"D"
"23979",22.25801,96.64893,353.12,0.44,0.46,"2026-02-16",620,"N20","nominal","2.0NRT",305.79,6.92,"D"
"23980",22.44616,97.59245,340.58,0.38,0.43,"2026-02-16",620,"N20","nominal","2.0NRT",306.33,2.8,"D"
"23981",22.41615,97.43233,355.56,0.39,0.44,"2026-02-16",620,"N20","nominal","2.0NRT",312.04,23.72,"D"
"23982",22.41543,97.42854,340.81,0.39,0.44,"2026-02-16",620,"N20","nominal","2.0NRT",310.09,11.52,"D"
"23983",23.535,104.20138,330.97,0.4,0.37,"2026-02-16",620,"N20","low","2.0NRT",302.91,2.81,"D"
"23984",22.45149,97.59903,340.31,0.38,0.43,"2026-02-16",620,"N20","nominal","2.0NRT",305.51,3.52,"D"
"23985",22.45079,97.59528,340.04,0.38,0.43,"2026-02-16",620,"N20","nominal","2.0NRT",304.45,3.52,"D"
"23986",22.45867,97.6156,333.94,0.57,0.43,"2026-02-16",620,"N20","nominal","2.0NRT",304.38,4.27,"D"
"23987",22.4554,97.59808,336.66,0.38,0.43,"2026-02-16",620,"N20","nominal","2.0NRT",304.16,3.52,"D"
"23988",22.35042,97.04047,338.43,0.41,0.45,"2026-02-16",620,"N20","nominal","2.0NRT",303.65,3.06,"D"
"23989",23.54229,104.20422,334.69,0.4,0.37,"2026-02-16",620,"N20","nominal","2.0NRT",300.22,3.65,"D"
"23990",23.54173,104.20029,344.74,0.4,0.37,"2026-02-16",620,"N20","nominal","2.0NRT",304.41,8.22,"D"
"23991",23.54118,104.19637,348.13,0.4,0.37,"2026-02-16",620,"N20","nominal","2.0NRT",309.6,8.22,"D"
"23992",22.46259,97.61474,330.76,0.57,0.43,"2026-02-16",620,"N20","nominal","2.0NRT",303.46,2.05,"D"
"23993",22.44556,97.52332,337.49,0.39,0.44,"2026-02-16",620,"N20","nominal","2.0NRT",306.26,3.88,"D"
"23994",22.42568,97.39484,367,0.39,0.44,"2026-02-16",620,"N20","high","2.0NRT",309.6,10.9,"D"
"23995",22.4278,97.4062,332.92,0.39,0.44,"2026-02-16",620,"N20","low","2.0NRT",307.76,2.77,"D"
"23996",22.42639,97.39864,335.14,0.39,0.44,"2026-02-16",620,"N20","nominal","2.0NRT",303.13,6.14,"D"
"23997",22.22833,96.35999,351.66,0.46,0.47,"2026-02-16",620,"N20","nominal","2.0NRT",304.13,14.28,"D"
"23998",22.4926,97.7327,332.98,0.56,0.43,"2026-02-16",620,"N20","nominal","2.0NRT",301.63,6.3,"D"
"23999",22.4318,97.40539,334.93,0.39,0.44,"2026-02-16",620,"N20","nominal","2.0NRT",300.49,1.43,"D"
"24000",22.49648,97.73177,343.01,0.56,0.43,"2026-02-16",620,"N20","nominal","2.0NRT",303.23,6.3,"D"
"24001",22.46498,97.56146,341.62,0.38,0.44,"2026-02-16",620,"N20","nominal","2.0NRT",308.92,11.46,"D"
"24002",23.55465,104.19425,335.21,0.4,0.37,"2026-02-16",620,"N20","nominal","2.0NRT",302.43,5.83,"D"
"24003",23.5541,104.19035,340.48,0.4,0.37,"2026-02-16",620,"N20","nominal","2.0NRT",302.28,6.53,"D"
"24004",22.35124,96.93269,332.48,0.42,0.45,"2026-02-16",620,"N20","nominal","2.0NRT",307.41,1.91,"D"
"24005",22.01247,95.19759,337.29,0.54,0.51,"2026-02-16",620,"N20","nominal","2.0NRT",307.08,7.24,"D"
"24006",22.49129,97.65948,338.98,0.57,0.43,"2026-02-16",620,"N20","nominal","2.0NRT",306.42,11.39,"D"
"24007",22.78348,99.24892,325.21,0.47,0.4,"2026-02-16",620,"N20","low","2.0NRT",297.79,1.45,"D"
"24008",23.57032,104.20752,338.73,0.4,0.37,"2026-02-16",620,"N20","low","2.0NRT",309.12,4.91,"D"
"24009",23.56923,104.17574,333.95,0.4,0.37,"2026-02-16",620,"N20","low","2.0NRT",304.15,3.81,"D"
"24010",22.68033,98.61762,328.06,0.5,0.41,"2026-02-16",620,"N20","nominal","2.0NRT",298.08,4.06,"D"
"24011",23.57705,104.20635,336.63,0.4,0.37,"2026-02-16",620,"N20","nominal","2.0NRT",304.22,2.79,"D"
"24012",23.57036,104.15958,332.96,0.4,0.37,"2026-02-16",620,"N20","low","2.0NRT",305.25,4.08,"D"
"24013",23.58041,104.20579,330.62,0.4,0.37,"2026-02-16",620,"N20","low","2.0NRT",305.51,2.79,"D"
"24014",23.57651,104.17853,334.63,0.4,0.37,"2026-02-16",620,"N20","nominal","2.0NRT",304.82,3.94,"D"
"24015",23.58602,104.22092,336.8,0.4,0.37,"2026-02-16",620,"N20","nominal","2.0NRT",302.23,3.14,"D"
"24016",23.60257,104.2057,344.87,0.4,0.37,"2026-02-16",620,"N20","nominal","2.0NRT",300.77,7.73,"D"
"24017",23.59933,104.15824,329.4,0.4,0.37,"2026-02-16",620,"N20","low","2.0NRT",302.8,1.9,"D"
"24018",23.61433,104.21579,333.52,0.4,0.37,"2026-02-16",620,"N20","low","2.0NRT",305.53,1.85,"D"
"24019",22.53699,97.66853,332.26,0.57,0.43,"2026-02-16",620,"N20","nominal","2.0NRT",304.5,4.34,"D"
"24020",22.49051,97.42297,340.14,0.39,0.44,"2026-02-16",620,"N20","nominal","2.0NRT",305.22,2.37,"D"
"24021",22.31985,96.51802,341.65,0.45,0.47,"2026-02-16",620,"N20","nominal","2.0NRT",307.67,3.28,"D"
"24022",22.47749,97.31097,334.08,0.4,0.44,"2026-02-16",620,"N20","nominal","2.0NRT",302.91,4.64,"D"
"24023",22.08402,95.31876,341.81,0.53,0.5,"2026-02-16",620,"N20","nominal","2.0NRT",309.7,4.33,"D"
"24024",22.52277,97.52802,340.59,0.39,0.44,"2026-02-16",620,"N20","nominal","2.0NRT",306.98,2.21,"D"
"24025",22.51982,97.49058,352.51,0.39,0.44,"2026-02-16",620,"N20","nominal","2.0NRT",308.1,13.47,"D"
"24026",22.33413,96.52365,335.32,0.44,0.46,"2026-02-16",620,"N20","nominal","2.0NRT",304.2,2.1,"D"
"24027",23.593,103.94463,333.63,0.4,0.37,"2026-02-16",620,"N20","nominal","2.0NRT",303.66,3.86,"D"
"24028",22.52378,97.48974,328.2,0.39,0.44,"2026-02-16",620,"N20","low","2.0NRT",302.21,2.39,"D"
"24029",23.62513,104.14594,338.97,0.4,0.37,"2026-02-16",620,"N20","nominal","2.0NRT",305.73,4.12,"D"
"24030",23.62457,104.14201,348.38,0.4,0.37,"2026-02-16",620,"N20","nominal","2.0NRT",306.73,4.12,"D"
"24031",21.73163,93.54429,336.41,0.35,0.57,"2026-02-16",620,"N20","nominal","2.0NRT",301.35,4.02,"D"
"24032",23.62849,104.14539,350.45,0.4,0.37,"2026-02-16",620,"N20","nominal","2.0NRT",310,6.13,"D"
"24033",23.62681,104.13359,333.21,0.4,0.37,"2026-02-16",620,"N20","low","2.0NRT",303.52,2.02,"D"
"24034",23.62626,104.12967,329.11,0.4,0.37,"2026-02-16",620,"N20","nominal","2.0NRT",303.24,1.15,"D"
"24035",23.08966,100.64288,326.65,0.41,0.37,"2026-02-16",620,"N20","nominal","2.0NRT",297.55,2.13,"D"
"24036",22.53308,97.49546,336.28,0.39,0.44,"2026-02-16",620,"N20","nominal","2.0NRT",309.45,3.03,"D"
"24037",21.73675,93.54308,335.86,0.35,0.57,"2026-02-16",620,"N20","nominal","2.0NRT",305.25,4.28,"D"
"24038",21.74216,93.54324,334.62,0.35,0.57,"2026-02-16",620,"N20","nominal","2.0NRT",298.7,4.28,"D"
"24039",23.63465,104.14034,332.24,0.4,0.37,"2026-02-16",620,"N20","low","2.0NRT",303.53,3.32,"D"
"24040",22.35035,96.49426,337.37,0.45,0.47,"2026-02-16",620,"N20","nominal","2.0NRT",306.47,4.4,"D"
"24041",23.63802,104.1398,335.46,0.4,0.37,"2026-02-16",620,"N20","nominal","2.0NRT",305.39,3.32,"D"
"24042",22.76529,98.69757,337.95,0.5,0.41,"2026-02-16",620,"N20","low","2.0NRT",312.75,11.48,"D"
"24043",22.36041,96.50085,338.79,0.45,0.47,"2026-02-16",620,"N20","nominal","2.0NRT",309.35,5.29,"D"
"24044",22.35959,96.49664,341.67,0.45,0.47,"2026-02-16",620,"N20","nominal","2.0NRT",309.47,7.67,"D"
"24045",21.76022,93.52708,367,0.35,0.57,"2026-02-16",620,"N20","high","2.0NRT",298.57,6.23,"D"
"24046",23.64586,104.14656,342.5,0.4,0.37,"2026-02-16",620,"N20","nominal","2.0NRT",307.28,4.03,"D"
"24047",22.36461,96.4999,348.52,0.45,0.47,"2026-02-16",620,"N20","nominal","2.0NRT",309.75,5.29,"D"
"24048",23.56464,103.56013,338.98,0.39,0.36,"2026-02-16",620,"N20","nominal","2.0NRT",301.69,3.84,"D"
"24049",22.55737,97.49336,332.09,0.39,0.44,"2026-02-16",620,"N20","nominal","2.0NRT",304.21,2.03,"D"
"24050",23.65148,104.13766,332.88,0.4,0.37,"2026-02-16",620,"N20","low","2.0NRT",303.11,5.25,"D"
"24051",21.86715,93.98249,328.81,0.33,0.55,"2026-02-16",620,"N20","nominal","2.0NRT",301.03,1.45,"D"
"24052",22.57124,97.50163,342.35,0.39,0.44,"2026-02-16",620,"N20","nominal","2.0NRT",306.11,3.16,"D"
"24053",22.55252,97.40085,333.6,0.39,0.44,"2026-02-16",620,"N20","nominal","2.0NRT",305.38,2.88,"D"
"24054",23.66269,104.14385,347.48,0.4,0.37,"2026-02-16",620,"N20","nominal","2.0NRT",307.15,7.32,"D"
"24055",23.66213,104.13995,346.78,0.4,0.37,"2026-02-16",620,"N20","nominal","2.0NRT",308.31,10.22,"D"
"24056",23.66606,104.1433,347.67,0.4,0.37,"2026-02-16",620,"N20","nominal","2.0NRT",306.7,7.32,"D"
"24057",21.88562,93.97095,332.2,0.33,0.55,"2026-02-16",620,"N20","nominal","2.0NRT",301.65,1.78,"D"
"24058",23.67165,104.15837,337.95,0.4,0.37,"2026-02-16",620,"N20","nominal","2.0NRT",310.77,4.82,"D"
"24059",23.67445,104.10579,336.03,0.4,0.37,"2026-02-16",620,"N20","nominal","2.0NRT",303.38,2.34,"D"
"24060",22.60499,97.55122,335.83,0.38,0.43,"2026-02-16",620,"N20","nominal","2.0NRT",302.8,12.27,"D"
"24061",23.6778,104.10522,351.77,0.4,0.37,"2026-02-16",620,"N20","nominal","2.0NRT",308.08,8.49,"D"
"24062",23.67335,104.07417,331.66,0.4,0.37,"2026-02-16",620,"N20","nominal","2.0NRT",303.86,1.27,"D"
"24063",22.88418,99.07192,334.24,0.48,0.4,"2026-02-16",620,"N20","nominal","2.0NRT",300.25,5.37,"D"
"24064",22.61766,97.57567,334.72,0.57,0.43,"2026-02-16",620,"N20","nominal","2.0NRT",303.11,4.47,"D"
"24065",23.63969,103.77541,333.75,0.39,0.37,"2026-02-16",620,"N20","nominal","2.0NRT",307.44,1.66,"D"
"24066",23.9047,105.69345,331.4,0.45,0.39,"2026-02-16",620,"N20","nominal","2.0NRT",295.11,3.67,"D"
"24067",22.88519,99.0737,331.46,0.47,0.4,"2026-02-16",620,"N20","nominal","2.0NRT",301.19,5.25,"D"
"24068",22.60394,97.55172,341.21,0.38,0.43,"2026-02-16",620,"N20","nominal","2.0NRT",303.61,14.9,"D"
"24069",22.53401,97.18723,332.72,0.4,0.44,"2026-02-16",620,"N20","low","2.0NRT",306.04,2.95,"D"
"24070",23.48683,102.69276,341.87,0.38,0.36,"2026-02-16",620,"N20","nominal","2.0NRT",304.01,4.78,"D"
"24071",23.49011,102.69218,341.65,0.38,0.36,"2026-02-16",620,"N20","nominal","2.0NRT",303.46,5.57,"D"
"24072",22.91623,99.20575,329.36,0.47,0.4,"2026-02-16",620,"N20","nominal","2.0NRT",296.06,3.97,"D"
"24073",22.61642,97.57434,329.27,0.57,0.43,"2026-02-16",620,"N20","low","2.0NRT",301.56,2.75,"D"
"24074",21.88533,93.97033,332.59,0.33,0.55,"2026-02-16",620,"N20","nominal","2.0NRT",301.67,3.79,"D"
"24075",22.61505,97.54552,344.24,0.38,0.43,"2026-02-16",620,"N20","nominal","2.0NRT",303.17,4.07,"D"
"24076",22.61968,97.54833,355.01,0.38,0.43,"2026-02-16",620,"N20","nominal","2.0NRT",305.98,25.16,"D"
"24077",22.619,97.54472,341.95,0.38,0.43,"2026-02-16",620,"N20","nominal","2.0NRT",301.65,6.24,"D"
"24078",22.51237,96.98791,347.2,0.41,0.45,"2026-02-16",620,"N20","nominal","2.0NRT",307.07,18.22,"D"
"24079",22.22202,95.52734,335,0.51,0.5,"2026-02-16",620,"N20","nominal","2.0NRT",307.53,2.29,"D"
"24080",22.52043,96.98568,331.41,0.41,0.45,"2026-02-16",620,"N20","nominal","2.0NRT",305.87,1.9,"D"
"24081",23.98771,106.13919,328.77,0.48,0.4,"2026-02-16",620,"N20","nominal","2.0NRT",293.09,4.4,"D"
"24082",22.42183,96.45713,344.08,0.45,0.47,"2026-02-16",620,"N20","nominal","2.0NRT",312.49,20.53,"D"
"24083",22.324,95.96361,340.99,0.48,0.48,"2026-02-16",620,"N20","nominal","2.0NRT",307.57,6.05,"D"
"24084",22.3231,95.95911,340.81,0.48,0.48,"2026-02-16",620,"N20","nominal","2.0NRT",307.49,6.05,"D"
"24085",22.52784,96.98005,344.27,0.41,0.45,"2026-02-16",620,"N20","nominal","2.0NRT",307.76,11.53,"D"
"24086",23.32082,101.45496,329.09,0.39,0.36,"2026-02-16",620,"N20","nominal","2.0NRT",302.15,1.75,"D"
"24087",22.55425,97.0956,336.54,0.41,0.45,"2026-02-16",620,"N20","low","2.0NRT",306.97,2.33,"D"
"24088",22.58903,97.21199,331.26,0.4,0.44,"2026-02-16",620,"N20","low","2.0NRT",305.98,3.2,"D"
"24089",22.29458,95.70184,341.41,0.5,0.49,"2026-02-16",620,"N20","nominal","2.0NRT",307.31,3.62,"D"
"24090",24.80998,113.75087,337.78,0.46,0.64,"2026-02-16",620,"N20","nominal","2.0NRT",287.85,3.21,"D"
"24091",23.39126,101.76937,327.54,0.39,0.36,"2026-02-16",620,"N20","nominal","2.0NRT",298.33,1.42,"D"
"24092",21.95766,93.99155,343.94,0.33,0.55,"2026-02-16",620,"N20","nominal","2.0NRT",302.54,3.47,"D"
"24093",22.98905,99.32489,331.15,0.46,0.39,"2026-02-16",620,"N20","nominal","2.0NRT",305.48,2.65,"D"
"24094",21.96886,94.02,349.71,0.32,0.55,"2026-02-16",620,"N20","nominal","2.0NRT",303.18,4.39,"D"
"24095",21.96327,93.99345,331.99,0.33,0.55,"2026-02-16",620,"N20","low","2.0NRT",303.1,3.26,"D"
"24096",22.55777,96.93648,331.52,0.42,0.45,"2026-02-16",620,"N20","nominal","2.0NRT",299.58,3,"D"
"24097",21.97507,94.02483,328.45,0.32,0.55,"2026-02-16",620,"N20","low","2.0NRT",301.37,2.47,"D"
"24098",21.97445,94.02188,341.24,0.32,0.55,"2026-02-16",620,"N20","nominal","2.0NRT",302.2,4.39,"D"
"24099",22.8439,98.46192,331.67,0.51,0.41,"2026-02-16",620,"N20","nominal","2.0NRT",302.11,3.85,"D"
"24100",21.97878,94.01777,330.55,0.32,0.55,"2026-02-16",620,"N20","low","2.0NRT",302.01,3.04,"D"
"24101",24.81349,113.36038,327.05,0.44,0.62,"2026-02-16",620,"N20","nominal","2.0NRT",289.44,2.72,"D"
"24102",22.0066,94.00171,367,0.32,0.55,"2026-02-16",620,"N20","high","2.0NRT",305.78,5.02,"D"
"24103",23.44515,101.9181,328.33,0.39,0.36,"2026-02-16",620,"N20","nominal","2.0NRT",298.88,2.07,"D"
"24104",22.00721,94.00467,334.01,0.32,0.55,"2026-02-16",620,"N20","nominal","2.0NRT",303.44,7.65,"D"
"24105",22.01156,94.00056,340.01,0.32,0.55,"2026-02-16",620,"N20","nominal","2.0NRT",304.91,5.02,"D"
"24106",22.01094,93.99757,338.63,0.32,0.55,"2026-02-16",620,"N20","nominal","2.0NRT",303.53,5.02,"D"
"24107",22.01031,93.99455,352.18,0.32,0.55,"2026-02-16",620,"N20","nominal","2.0NRT",305.41,5.86,"D"
"24108",23.77824,104.07275,335.44,0.4,0.37,"2026-02-16",620,"N20","nominal","2.0NRT",306.33,4.27,"D"
"24109",22.67588,97.34243,332.01,0.39,0.44,"2026-02-16",620,"N20","low","2.0NRT",302.27,4.59,"D"
"24110",23.80295,104.2213,332.58,0.4,0.37,"2026-02-16",620,"N20","nominal","2.0NRT",301.7,4.16,"D"
"24111",23.53634,102.41991,333.02,0.38,0.36,"2026-02-16",620,"N20","nominal","2.0NRT",302.28,2.72,"D"
"24112",22.67731,97.3421,330.72,0.39,0.44,"2026-02-16",620,"N20","low","2.0NRT",303.27,4.19,"D"
"24113",22.67488,97.30775,333.42,0.39,0.44,"2026-02-16",620,"N20","low","2.0NRT",304.78,3.18,"D"
"24114",24.81435,113.36076,333.63,0.44,0.62,"2026-02-16",620,"N20","nominal","2.0NRT",289.29,2.73,"D"
"24115",22.00825,94.00919,329.31,0.32,0.55,"2026-02-16",620,"N20","low","2.0NRT",302.37,1.55,"D"
"24116",22.00699,94.00332,344.94,0.32,0.55,"2026-02-16",620,"N20","nominal","2.0NRT",303.82,5.69,"D"
"24117",22.00635,94.00036,352.59,0.32,0.55,"2026-02-16",620,"N20","nominal","2.0NRT",304.98,5.08,"D"
"24118",22.01131,93.99924,346.47,0.32,0.55,"2026-02-16",620,"N20","nominal","2.0NRT",305.04,4.39,"D"
"24119",22.01067,93.99623,347.34,0.32,0.55,"2026-02-16",620,"N20","nominal","2.0NRT",304.4,4.39,"D"
"24120",22.01001,93.99319,332.61,0.32,0.55,"2026-02-16",620,"N20","nominal","2.0NRT",303.61,3.99,"D"
"24121",22.02946,94.03541,367,0.32,0.55,"2026-02-16",620,"N20","high","2.0NRT",307.5,7.06,"D"
"24122",22.03324,94.0531,340.91,0.32,0.55,"2026-02-16",620,"N20","nominal","2.0NRT",301.2,3.63,"D"
"24123",22.03261,94.05014,336.06,0.32,0.55,"2026-02-16",620,"N20","nominal","2.0NRT",302.27,4.09,"D"
"24124",22.03009,94.03836,331.91,0.32,0.55,"2026-02-16",620,"N20","nominal","2.0NRT",303.35,7.06,"D"
"24125",22.02883,94.03247,351.82,0.32,0.55,"2026-02-16",620,"N20","nominal","2.0NRT",305.18,13.31,"D"
"24126",22.78328,97.77226,334.27,0.55,0.43,"2026-02-16",620,"N20","nominal","2.0NRT",307.79,4.98,"D"
"24127",22.03439,94.03424,343.89,0.32,0.55,"2026-02-16",620,"N20","nominal","2.0NRT",305.24,7.06,"D"
"24128",22.54083,96.48415,330.79,0.44,0.46,"2026-02-16",620,"N20","nominal","2.0NRT",304.93,0.93,"D"
"24129",22.03996,94.03601,339.72,0.32,0.55,"2026-02-16",620,"N20","nominal","2.0NRT",304.55,2.38,"D"
"24130",22.65102,96.94193,332.64,0.41,0.45,"2026-02-16",620,"N20","nominal","2.0NRT",296.41,4.28,"D"
"24131",22.55922,96.44358,341.12,0.45,0.47,"2026-02-16",620,"N20","nominal","2.0NRT",303.33,9.69,"D"
"24132",23.96577,104.83358,328.38,0.42,0.38,"2026-02-16",620,"N20","nominal","2.0NRT",301.73,2.36,"D"
"24133",23.93988,104.39811,331,0.41,0.37,"2026-02-16",620,"N20","nominal","2.0NRT",300.03,2.97,"D"
"24134",23.86003,103.8406,334.92,0.4,0.37,"2026-02-16",620,"N20","nominal","2.0NRT",307.19,2.79,"D"
"24135",23.86247,103.84061,333.04,0.4,0.37,"2026-02-16",620,"N20","nominal","2.0NRT",307.41,2.68,"D"
"24136",23.60499,102.11202,342.24,0.39,0.36,"2026-02-16",620,"N20","nominal","2.0NRT",301.87,4.16,"D"
"24137",23.60828,102.11143,339.33,0.39,0.36,"2026-02-16",620,"N20","nominal","2.0NRT",298.81,4.16,"D"
"24138",23.6077,102.1077,329.41,0.39,0.36,"2026-02-16",620,"N20","nominal","2.0NRT",299.04,4.16,"D"
"24139",23.61098,102.10707,330.67,0.39,0.36,"2026-02-16",620,"N20","nominal","2.0NRT",296.37,4.31,"D"
"24140",23.27319,100.02025,325.94,0.43,0.38,"2026-02-16",620,"N20","nominal","2.0NRT",297.47,1.94,"D"
"24141",23.86482,103.73745,338.75,0.39,0.37,"2026-02-16",620,"N20","nominal","2.0NRT",307.65,4.91,"D"
"24142",22.12176,94.00308,328.45,0.32,0.55,"2026-02-16",620,"N20","low","2.0NRT",302.98,1.73,"D"
"24143",22.12112,94.0001,328.56,0.32,0.55,"2026-02-16",620,"N20","low","2.0NRT",302.44,1.73,"D"
"24144",23.85549,103.62523,335.83,0.39,0.36,"2026-02-16",620,"N20","nominal","2.0NRT",306.19,2.32,"D"
"24145",23.89579,103.88219,338.76,0.4,0.37,"2026-02-16",620,"N20","nominal","2.0NRT",302.77,3.68,"D"
"24146",24.03055,104.82422,333.07,0.42,0.38,"2026-02-16",620,"N20","nominal","2.0NRT",300.25,5.24,"D"
"24147",24.02998,104.82007,330.81,0.42,0.38,"2026-02-16",620,"N20","nominal","2.0NRT",299.53,3.45,"D"
"24148",24.02664,104.76979,339.35,0.42,0.38,"2026-02-16",620,"N20","nominal","2.0NRT",303.6,5.76,"D"
"24149",23.96467,104.29652,332.75,0.41,0.37,"2026-02-16",620,"N20","nominal","2.0NRT",303.35,4.26,"D"
"24150",23.96411,104.29251,333.82,0.41,0.37,"2026-02-16",620,"N20","nominal","2.0NRT",305.58,4.34,"D"
"24151",24.03974,104.81419,340.88,0.42,0.38,"2026-02-16",620,"N20","nominal","2.0NRT",301.34,5.71,"D"
"24152",23.92687,104.0041,343.52,0.4,0.37,"2026-02-16",620,"N20","nominal","2.0NRT",301.86,6.96,"D"
"24153",23.92575,103.99622,329.73,0.4,0.37,"2026-02-16",620,"N20","nominal","2.0NRT",301.59,1.57,"D"
"24154",22.16834,94.05148,328.87,0.32,0.55,"2026-02-16",620,"N20","low","2.0NRT",301.73,1.39,"D"
"24155",23.9308,103.98341,341.31,0.4,0.37,"2026-02-16",620,"N20","nominal","2.0NRT",303.71,4.78,"D"
"24156",23.80873,103.14312,350.45,0.39,0.36,"2026-02-16",620,"N20","nominal","2.0NRT",306.13,6.78,"D"
"24157",24.04381,104.7668,342,0.42,0.38,"2026-02-16",620,"N20","nominal","2.0NRT",299.94,5.58,"D"
"24158",23.98882,104.37002,344.95,0.41,0.37,"2026-02-16",620,"N20","nominal","2.0NRT",304.85,32.27,"D"
"24159",23.93415,103.98285,340.83,0.4,0.37,"2026-02-16",620,"N20","nominal","2.0NRT",301.2,4.78,"D"
"24160",23.81259,103.14632,339.73,0.39,0.36,"2026-02-16",620,"N20","nominal","2.0NRT",307.03,4.45,"D"
"24161",23.81203,103.14252,346.96,0.39,0.36,"2026-02-16",620,"N20","nominal","2.0NRT",308.98,6.78,"D"
"24162",22.18064,94.06081,330.41,0.32,0.54,"2026-02-16",620,"N20","low","2.0NRT",301.8,2.06,"D"
"24163",24.04669,104.76217,335.03,0.42,0.38,"2026-02-16",620,"N20","nominal","2.0NRT",304.38,4.36,"D"
"24164",23.9922,104.36935,330.06,0.41,0.37,"2026-02-16",620,"N20","nominal","2.0NRT",297.85,2.39,"D"
"24165",23.88154,103.5464,335.65,0.39,0.36,"2026-02-16",620,"N20","nominal","2.0NRT",306.98,3.37,"D"
"24166",23.53794,101.3014,330.96,0.39,0.37,"2026-02-16",620,"N20","low","2.0NRT",305.74,8.83,"D"
"24167",23.93699,103.90675,332.06,0.4,0.37,"2026-02-16",620,"N20","low","2.0NRT",304.19,1.12,"D"
"24168",23.88485,103.54575,349.7,0.39,0.36,"2026-02-16",620,"N20","nominal","2.0NRT",309.83,3.37,"D"
"24169",23.88266,103.5307,337.45,0.39,0.36,"2026-02-16",620,"N20","nominal","2.0NRT",305.56,2.69,"D"
"24170",23.88211,103.52697,343.53,0.39,0.36,"2026-02-16",620,"N20","nominal","2.0NRT",306.1,4.04,"D"
"24171",23.88598,103.53015,367,0.39,0.36,"2026-02-16",620,"N20","high","2.0NRT",311.89,8.97,"D"
"24172",23.92375,103.79071,352.18,0.4,0.37,"2026-02-16",620,"N20","nominal","2.0NRT",305.29,6.52,"D"
"24173",23.88651,103.53382,335.54,0.39,0.36,"2026-02-16",620,"N20","nominal","2.0NRT",304.68,8.97,"D"
"24174",23.88544,103.52642,330.76,0.39,0.36,"2026-02-16",620,"N20","nominal","2.0NRT",304.51,2.93,"D"
"24175",22.58549,95.92683,337.12,0.48,0.48,"2026-02-16",620,"N20","nominal","2.0NRT",306.82,3.91,"D"
"24176",22.48982,95.44465,333.01,0.51,0.5,"2026-02-16",620,"N20","nominal","2.0NRT",303.28,3.09,"D"
"24177",23.94311,103.90157,337.16,0.4,0.37,"2026-02-16",620,"N20","nominal","2.0NRT",303.48,3.98,"D"
"24178",22.49723,95.4583,338.44,0.51,0.5,"2026-02-16",620,"N20","nominal","2.0NRT",305.37,4.04,"D"
"24179",22.62955,96.08275,331.65,0.47,0.48,"2026-02-16",620,"N20","nominal","2.0NRT",305.32,2.24,"D"
"24180",24.07933,104.79478,330.81,0.42,0.38,"2026-02-16",620,"N20","nominal","2.0NRT",297.12,4.1,"D"
"24181",24.07875,104.79063,339.71,0.42,0.38,"2026-02-16",620,"N20","nominal","2.0NRT",299.38,4.1,"D"
"24182",24.00139,104.21341,331.33,0.4,0.37,"2026-02-16",620,"N20","nominal","2.0NRT",299.43,11.66,"D"
"24183",24.00476,104.21282,334.26,0.4,0.37,"2026-02-16",620,"N20","nominal","2.0NRT",301.87,6.39,"D"
"24184",22.61765,95.92895,332.55,0.48,0.48,"2026-02-16",620,"N20","nominal","2.0NRT",306.22,2.35,"D"
"24185",22.40786,94.86999,343.15,0.56,0.52,"2026-02-16",620,"N20","nominal","2.0NRT",303,7.99,"D"
"24186",22.62644,95.95087,338.34,0.48,0.48,"2026-02-16",620,"N20","nominal","2.0NRT",308.65,6.43,"D"
"24187",22.63256,95.95908,342.62,0.48,0.48,"2026-02-16",620,"N20","nominal","2.0NRT",307.61,6.54,"D"
"24188",23.55621,101.15869,329.69,0.4,0.37,"2026-02-16",620,"N20","low","2.0NRT",301.47,4.46,"D"
"24189",24.09429,104.70446,334.02,0.42,0.38,"2026-02-16",620,"N20","nominal","2.0NRT",304,3.79,"D"
"24190",24.05607,104.39988,344.35,0.41,0.37,"2026-02-16",620,"N20","nominal","2.0NRT",304.97,13.64,"D"
"24191",22.61834,95.93034,333.86,0.48,0.48,"2026-02-16",620,"N20","nominal","2.0NRT",306.84,3.81,"D"
"24192",23.2721,99.36544,367,0.46,0.39,"2026-02-16",620,"N20","high","2.0NRT",307.68,6.6,"D"
"24193",23.27285,99.36972,338.56,0.46,0.39,"2026-02-16",620,"N20","nominal","2.0NRT",305.99,6.6,"D"
"24194",22.40461,94.86836,340.13,0.56,0.52,"2026-02-16",620,"N20","nominal","2.0NRT",303.24,6.89,"D"
"24195",22.63256,95.95589,338.66,0.47,0.48,"2026-02-16",620,"N20","nominal","2.0NRT",306.87,6.09,"D"
"24196",23.98163,103.77244,339.14,0.4,0.37,"2026-02-16",620,"N20","nominal","2.0NRT",301.84,6.4,"D"
"24197",22.65136,96.02704,343.03,0.47,0.48,"2026-02-16",620,"N20","nominal","2.0NRT",310.65,12.41,"D"
"24198",22.65332,95.94653,345.47,0.48,0.48,"2026-02-16",620,"N20","nominal","2.0NRT",306.8,10.44,"D"
"24199",22.51048,95.2401,338.01,0.53,0.5,"2026-02-16",620,"N20","nominal","2.0NRT",307.84,4.09,"D"
"24200",23.98894,103.70431,332.51,0.39,0.37,"2026-02-16",620,"N20","nominal","2.0NRT",301.49,2.28,"D"
"24201",22.65675,95.94099,344.71,0.48,0.48,"2026-02-16",620,"N20","nominal","2.0NRT",308.98,7.38,"D"
"24202",22.65583,95.93637,335.31,0.48,0.48,"2026-02-16",620,"N20","nominal","2.0NRT",306.36,7.38,"D"
"24203",22.66109,95.94002,342,0.48,0.48,"2026-02-16",620,"N20","nominal","2.0NRT",306.53,7.63,"D"
"24204",22.69358,96.08103,336.37,0.47,0.47,"2026-02-16",620,"N20","low","2.0NRT",306.67,7.14,"D"
"24205",23.02105,97.74517,332.59,0.55,0.43,"2026-02-16",620,"N20","nominal","2.0NRT",304.06,5.94,"D"
"24206",23.02008,97.73992,341.57,0.55,0.43,"2026-02-16",620,"N20","nominal","2.0NRT",307.82,5.94,"D"
"24207",23.99685,103.64075,332.3,0.39,0.36,"2026-02-16",620,"N20","low","2.0NRT",304.1,5.59,"D"
"24208",24.0853,104.18748,332.5,0.4,0.37,"2026-02-16",620,"N20","nominal","2.0NRT",301.53,2.71,"D"
"24209",22.47321,94.8462,342.43,0.56,0.52,"2026-02-16",620,"N20","nominal","2.0NRT",307.67,5.88,"D"
"24210",22.31803,94.09679,340.06,0.63,0.54,"2026-02-16",620,"N20","nominal","2.0NRT",302.4,9.9,"D"
"24211",22.6265,95.58221,341.36,0.5,0.49,"2026-02-16",620,"N20","nominal","2.0NRT",309,7.77,"D"
"24212",22.56886,95.24704,336.6,0.53,0.5,"2026-02-16",620,"N20","nominal","2.0NRT",307.88,3.32,"D"
"24213",22.33869,94.07269,340.67,0.63,0.54,"2026-02-16",620,"N20","nominal","2.0NRT",304.37,8.26,"D"
"24214",24.1224,104.30314,330.5,0.41,0.37,"2026-02-16",620,"N20","low","2.0NRT",300.64,4.54,"D"
"24215",22.65657,95.57021,338.45,0.5,0.49,"2026-02-16",620,"N20","nominal","2.0NRT",306.31,3.99,"D"
"24216",22.58649,95.21658,334.58,0.53,0.5,"2026-02-16",620,"N20","low","2.0NRT",308.7,8.23,"D"
"24217",22.34389,94.02338,332.51,0.32,0.54,"2026-02-16",620,"N20","nominal","2.0NRT",302.32,1.56,"D"
"24218",22.34327,94.02044,332.04,0.32,0.54,"2026-02-16",620,"N20","nominal","2.0NRT",301.62,1.56,"D"
"24219",24.12974,104.2571,333.5,0.41,0.37,"2026-02-16",620,"N20","nominal","2.0NRT",302.5,5.96,"D"
"24220",24.12919,104.25317,340.33,0.41,0.37,"2026-02-16",620,"N20","nominal","2.0NRT",303.72,5.96,"D"
"24221",24.18661,104.56143,328.87,0.42,0.37,"2026-02-16",620,"N20","nominal","2.0NRT",301.9,1.87,"D"
"24222",24.14597,104.26624,329.21,0.41,0.37,"2026-02-16",620,"N20","nominal","2.0NRT",300.73,1.62,"D"
"24223",22.33605,94.07696,340.23,0.63,0.54,"2026-02-16",620,"N20","nominal","2.0NRT",303.43,6.06,"D"
"24224",24.19326,104.58437,328.89,0.42,0.37,"2026-02-16",620,"N20","nominal","2.0NRT",298.54,2.65,"D"
"24225",24.15656,104.31763,354.32,0.41,0.37,"2026-02-16",620,"N20","nominal","2.0NRT",304.4,20.68,"D"
"24226",22.58154,95.21439,338.26,0.53,0.5,"2026-02-16",620,"N20","nominal","2.0NRT",306.07,4.93,"D"
"24227",24.18612,104.50675,337.03,0.41,0.37,"2026-02-16",620,"N20","nominal","2.0NRT",299.49,3.61,"D"
"24228",24.16049,104.321,329.9,0.41,0.37,"2026-02-16",620,"N20","nominal","2.0NRT",296.58,1.18,"D"
"24229",22.65667,95.55663,340.8,0.5,0.49,"2026-02-16",620,"N20","nominal","2.0NRT",307.4,3.99,"D"
"24230",22.58608,95.21335,335.06,0.53,0.5,"2026-02-16",620,"N20","low","2.0NRT",307.13,5.34,"D"
"24231",22.34457,94.02078,339.09,0.32,0.54,"2026-02-16",620,"N20","nominal","2.0NRT",302.64,5.9,"D"
"24232",23.84934,102.06658,330.89,0.39,0.36,"2026-02-16",620,"N20","nominal","2.0NRT",296.47,2.87,"D"
"24233",24.20452,104.4631,334.78,0.41,0.37,"2026-02-16",620,"N20","nominal","2.0NRT",305.76,3.24,"D"
"24234",22.49656,94.61916,333.75,0.58,0.52,"2026-02-16",620,"N20","nominal","2.0NRT",301.25,7.64,"D"
"24235",22.78957,96.03518,332.83,0.47,0.47,"2026-02-16",620,"N20","low","2.0NRT",303.15,2.05,"D"
"24236",24.22138,104.53455,331.33,0.41,0.37,"2026-02-16",620,"N20","low","2.0NRT",302.06,1.42,"D"
"24237",24.18435,104.26827,338.96,0.41,0.37,"2026-02-16",620,"N20","nominal","2.0NRT",305.73,4.14,"D"
"24238",22.79564,96.04316,331.79,0.47,0.47,"2026-02-16",620,"N20","low","2.0NRT",304.75,3.74,"D"
"24239",24.23665,104.56915,336.17,0.42,0.37,"2026-02-16",620,"N20","nominal","2.0NRT",300.95,4.38,"D"
"24240",22.71432,95.54329,334.75,0.5,0.49,"2026-02-16",620,"N20","low","2.0NRT",307.48,4.27,"D"
"24241",22.71336,95.53848,341.38,0.5,0.49,"2026-02-16",620,"N20","nominal","2.0NRT",307.98,5.94,"D"
"24242",22.81877,96.0239,347.45,0.47,0.48,"2026-02-16",620,"N20","nominal","2.0NRT",306.45,6.83,"D"
"24243",22.82308,96.02297,338.87,0.47,0.48,"2026-02-16",620,"N20","nominal","2.0NRT",304.06,3.86,"D"
"24244",24.18617,103.96436,341.78,0.4,0.37,"2026-02-16",620,"N20","nominal","2.0NRT",301.32,6.19,"D"
"24245",24.18562,103.96045,345.35,0.4,0.37,"2026-02-16",620,"N20","nominal","2.0NRT",303.53,6.19,"D"
"24246",24.1958,104.00747,336.82,0.4,0.37,"2026-02-16",620,"N20","low","2.0NRT",307.23,8.78,"D"
"24247",22.79667,95.70292,341.47,0.49,0.49,"2026-02-16",620,"N20","nominal","2.0NRT",308.99,6.12,"D"
"24248",22.79628,95.70485,344.42,0.49,0.48,"2026-02-16",620,"N20","nominal","2.0NRT",308.48,5.34,"D"
"24249",24.20163,103.79422,329.93,0.4,0.37,"2026-02-16",620,"N20","low","2.0NRT",302.34,1.69,"D"
"24250",22.70213,95.19952,334.76,0.53,0.5,"2026-02-16",620,"N20","nominal","2.0NRT",305.41,3.27,"D"
"24251",23.39189,98.74828,339.5,0.48,0.4,"2026-02-16",620,"N20","nominal","2.0NRT",298.58,5.93,"D"
"24252",22.88545,96.08011,346.04,0.46,0.47,"2026-02-16",620,"N20","nominal","2.0NRT",305.75,12.42,"D"
"24253",22.62054,94.7834,338.55,0.56,0.52,"2026-02-16",620,"N20","nominal","2.0NRT",305.33,6.06,"D"
"24254",23.39555,98.7476,345.42,0.48,0.4,"2026-02-16",620,"N20","nominal","2.0NRT",301.05,15.26,"D"
"24255",22.2639,92.79658,337.61,0.38,0.59,"2026-02-16",620,"N20","nominal","2.0NRT",299.05,21.79,"D"
"24256",22.26861,92.79262,367,0.38,0.59,"2026-02-16",620,"N20","high","2.0NRT",307.54,21.79,"D"
"24257",22.26806,92.79007,337.98,0.38,0.59,"2026-02-16",620,"N20","nominal","2.0NRT",299.02,21.41,"D"
"24258",22.93981,96.01544,333.38,0.47,0.47,"2026-02-16",620,"N20","nominal","2.0NRT",302.68,1.82,"D"
"24259",23.08877,96.76539,347.05,0.42,0.45,"2026-02-16",620,"N20","nominal","2.0NRT",305.41,7.84,"D"
"24260",22.85489,95.53769,336.08,0.5,0.49,"2026-02-16",620,"N20","low","2.0NRT",306.19,3.68,"D"
"24261",22.91166,95.75598,338.2,0.48,0.48,"2026-02-16",620,"N20","nominal","2.0NRT",308.87,2.69,"D"
"24262",22.91767,95.74007,338.53,0.48,0.48,"2026-02-16",620,"N20","nominal","2.0NRT",309.01,3.15,"D"
"24263",23.59346,99.38949,329.13,0.45,0.39,"2026-02-16",620,"N20","nominal","2.0NRT",298.9,2.27,"D"
"24264",24.40523,104.55115,330.47,0.42,0.37,"2026-02-16",620,"N20","nominal","2.0NRT",298.04,2.58,"D"
"24265",22.91129,95.75368,337.82,0.48,0.48,"2026-02-16",620,"N20","nominal","2.0NRT",308.85,3.44,"D"
"24266",22.91721,95.73782,338.11,0.48,0.48,"2026-02-16",620,"N20","nominal","2.0NRT",308.39,3.6,"D"
"24267",22.94119,95.76622,340.45,0.48,0.48,"2026-02-16",620,"N20","nominal","2.0NRT",309.07,4.81,"D"
"24268",22.94026,95.76162,347.79,0.48,0.48,"2026-02-16",620,"N20","nominal","2.0NRT",308.14,4.81,"D"
"24269",23.15325,96.81902,334.37,0.41,0.45,"2026-02-16",620,"N20","nominal","2.0NRT",303.49,2.45,"D"
"24270",23.15248,96.815,334.75,0.41,0.45,"2026-02-16",620,"N20","low","2.0NRT",306.6,5.49,"D"
"24271",22.9001,95.53996,330.28,0.5,0.49,"2026-02-16",620,"N20","nominal","2.0NRT",304.95,1.55,"D"
"24272",24.35522,103.8939,338.64,0.4,0.37,"2026-02-16",620,"N20","nominal","2.0NRT",298.6,2.58,"D"
"24273",23.11815,96.50478,338.59,0.43,0.46,"2026-02-16",620,"N20","nominal","2.0NRT",303.02,2.79,"D"
"24274",22.96058,95.70351,336.46,0.49,0.48,"2026-02-16",620,"N20","low","2.0NRT",309.17,4.46,"D"
"24275",22.95281,95.64165,341,0.49,0.49,"2026-02-16",620,"N20","nominal","2.0NRT",309.19,4.11,"D"
"24276",22.95028,95.5133,335.11,0.5,0.49,"2026-02-16",620,"N20","nominal","2.0NRT",306.6,2.81,"D"
"24277",23.46301,98.17409,331.96,0.52,0.41,"2026-02-16",620,"N20","nominal","2.0NRT",299.5,4.24,"D"
"24278",22.55719,93.52582,367,0.34,0.56,"2026-02-16",620,"N20","high","2.0NRT",299.11,7.05,"D"
"24279",22.55664,93.52323,367,0.34,0.56,"2026-02-16",620,"N20","high","2.0NRT",299.9,7.05,"D"
"24280",23.06629,96.03381,351.38,0.46,0.47,"2026-02-16",620,"N20","nominal","2.0NRT",306.52,7.03,"D"
"24281",23.07056,96.03279,331.26,0.46,0.47,"2026-02-16",620,"N20","low","2.0NRT",304.17,1.49,"D"
"24282",22.57793,93.57407,333.25,0.34,0.56,"2026-02-16",620,"N20","nominal","2.0NRT",298.16,2.02,"D"
"24283",23.08851,96.06716,331.42,0.46,0.47,"2026-02-16",620,"N20","nominal","2.0NRT",303.97,1.93,"D"
"24284",22.55572,93.52808,326.67,0.34,0.56,"2026-02-16",620,"N20","nominal","2.0NRT",295.68,2.98,"D"
"24285",22.55517,93.52557,354.37,0.34,0.56,"2026-02-16",620,"N20","nominal","2.0NRT",298.87,6.75,"D"
"24286",22.55463,93.5231,336.17,0.34,0.56,"2026-02-16",620,"N20","nominal","2.0NRT",297.01,6.75,"D"
"24287",22.56061,93.52618,337.21,0.34,0.56,"2026-02-16",620,"N20","nominal","2.0NRT",297.65,2.98,"D"
"24288",23.0881,96.02057,342.45,0.46,0.47,"2026-02-16",620,"N20","nominal","2.0NRT",307.77,9.28,"D"
"24289",22.576,93.57244,327.74,0.34,0.56,"2026-02-16",620,"N20","nominal","2.0NRT",297.99,1.82,"D"
"24290",24.11889,101.74622,342.72,0.39,0.36,"2026-02-16",620,"N20","nominal","2.0NRT",304.26,10.38,"D"
"24291",23.03888,95.73077,334.19,0.48,0.48,"2026-02-16",620,"N20","nominal","2.0NRT",308.81,3.16,"D"
"24292",22.69789,94.06515,343.03,0.62,0.54,"2026-02-16",620,"N20","nominal","2.0NRT",304.08,8.87,"D"
"24293",22.50112,93.0329,338.23,0.37,0.58,"2026-02-16",620,"N20","nominal","2.0NRT",297.86,5.38,"D"
"24294",22.50523,93.02669,337.85,0.37,0.58,"2026-02-16",620,"N20","nominal","2.0NRT",297.97,6.1,"D"
"24295",23.06632,95.6856,344.06,0.48,0.48,"2026-02-16",620,"N20","nominal","2.0NRT",308.65,7.36,"D"
"24296",22.73314,94.06278,342.57,0.62,0.54,"2026-02-16",620,"N20","nominal","2.0NRT",305.06,11.12,"D"
"24297",23.11859,95.92602,331.92,0.47,0.48,"2026-02-16",620,"N20","low","2.0NRT",306.54,3.27,"D"
"24298",23.07717,95.71715,352.14,0.48,0.48,"2026-02-16",620,"N20","nominal","2.0NRT",307.49,11.96,"D"
"24299",23.07625,95.71253,341.07,0.48,0.48,"2026-02-16",620,"N20","nominal","2.0NRT",304.66,11.96,"D"
"24300",23.12029,95.91184,331.72,0.47,0.48,"2026-02-16",620,"N20","low","2.0NRT",304.64,4.49,"D"
"24301",23.08885,95.75302,338.55,0.48,0.48,"2026-02-16",620,"N20","nominal","2.0NRT",305.63,3.57,"D"
"24302",23.08243,95.72066,334.47,0.48,0.48,"2026-02-16",620,"N20","low","2.0NRT",304.56,3.31,"D"
"24303",23.08151,95.71606,340.46,0.48,0.48,"2026-02-16",620,"N20","nominal","2.0NRT",305.2,6.62,"D"
"24304",23.07528,95.47608,336.39,0.5,0.49,"2026-02-16",620,"N20","nominal","2.0NRT",307.25,4.73,"D"
"24305",23.07434,95.4713,342.3,0.5,0.49,"2026-02-16",620,"N20","nominal","2.0NRT",308.57,5.32,"D"
"24306",23.91444,100.01948,330.35,0.42,0.38,"2026-02-16",620,"N20","nominal","2.0NRT",296.93,3.95,"D"
"24307",23.91375,100.01536,329.93,0.42,0.38,"2026-02-16",620,"N20","nominal","2.0NRT",301.97,4.97,"D"
"24308",23.51999,97.73317,335.53,0.54,0.42,"2026-02-16",620,"N20","nominal","2.0NRT",301.46,4.37,"D"
"24309",24.41369,103.12633,334.01,0.39,0.36,"2026-02-16",620,"N20","nominal","2.0NRT",306.16,2.84,"D"
"24310",23.07338,95.47427,348.32,0.5,0.49,"2026-02-16",620,"N20","nominal","2.0NRT",307.7,8.84,"D"
"24311",23.52223,97.73578,328.58,0.54,0.42,"2026-02-16",620,"N20","nominal","2.0NRT",298.21,1.58,"D"
"24312",23.0925,95.49987,334.14,0.5,0.49,"2026-02-16",620,"N20","nominal","2.0NRT",305.95,1.17,"D"
"24313",23.30723,96.48509,328.03,0.43,0.46,"2026-02-16",620,"N20","nominal","2.0NRT",301.19,2.55,"D"
"24314",23.68697,98.48145,332.03,0.49,0.41,"2026-02-16",620,"N20","nominal","2.0NRT",302.11,4.3,"D"
"24315",23.81057,99.13313,328.49,0.46,0.39,"2026-02-16",620,"N20","nominal","2.0NRT",292.98,1.01,"D"
"24316",23.12052,95.47843,338.55,0.5,0.49,"2026-02-16",620,"N20","nominal","2.0NRT",307.08,4.36,"D"
"24317",23.69819,98.48026,330.78,0.49,0.41,"2026-02-16",620,"N20","nominal","2.0NRT",297.86,3.88,"D"
"24318",23.64259,98.1308,329.03,0.52,0.41,"2026-02-16",620,"N20","low","2.0NRT",303.17,2.93,"D"
"24319",24.7434,105.08562,334.72,0.44,0.38,"2026-02-16",620,"N20","nominal","2.0NRT",295.72,3.11,"D"
"24320",23.22987,95.93477,334.56,0.46,0.47,"2026-02-16",620,"N20","nominal","2.0NRT",305.88,3.91,"D"
"24321",23.26852,95.97216,340.23,0.46,0.47,"2026-02-16",620,"N20","nominal","2.0NRT",306.33,14.5,"D"
"24322",23.18387,95.51833,345.41,0.49,0.49,"2026-02-16",620,"N20","nominal","2.0NRT",307.5,8.54,"D"
"24323",24.41604,102.52948,328.08,0.38,0.36,"2026-02-16",620,"N20","low","2.0NRT",303,1.33,"D"
"24324",23.23371,95.67858,337.15,0.48,0.48,"2026-02-16",620,"N20","nominal","2.0NRT",304.52,5.5,"D"
"24325",23.23286,95.67442,337.16,0.48,0.48,"2026-02-16",620,"N20","nominal","2.0NRT",302.78,2.87,"D"
"24326",23.24012,95.68776,332.71,0.48,0.48,"2026-02-16",620,"N20","low","2.0NRT",303.45,3.96,"D"
"24327",23.23817,95.67815,330.36,0.48,0.48,"2026-02-16",620,"N20","low","2.0NRT",305.26,5.35,"D"
"24328",23.23722,95.67344,341.68,0.48,0.48,"2026-02-16",620,"N20","nominal","2.0NRT",303.49,4.88,"D"
"24329",23.29621,95.94372,341.61,0.46,0.47,"2026-02-16",620,"N20","nominal","2.0NRT",305.1,6.87,"D"
"24330",23.24444,95.68659,332.38,0.48,0.48,"2026-02-16",620,"N20","low","2.0NRT",303.27,3.96,"D"
"24331",23.24349,95.68188,334.26,0.48,0.48,"2026-02-16",620,"N20","nominal","2.0NRT",302.92,5.35,"D"
"24332",23.24253,95.67715,342.36,0.48,0.48,"2026-02-16",620,"N20","nominal","2.0NRT",303.27,5.35,"D"
"24333",23.23874,95.65844,346.34,0.48,0.48,"2026-02-16",620,"N20","nominal","2.0NRT",303.05,6.24,"D"
"24334",23.2431,95.65746,336.08,0.48,0.48,"2026-02-16",620,"N20","nominal","2.0NRT",302.63,5.73,"D"
"24335",23.44031,96.62869,339.5,0.42,0.45,"2026-02-16",620,"N20","nominal","2.0NRT",302.02,2.67,"D"
"24336",22.92802,93.75404,334.04,0.32,0.55,"2026-02-16",620,"N20","nominal","2.0NRT",303.8,4.08,"D"
"24337",22.92729,93.75054,337.31,0.32,0.55,"2026-02-16",620,"N20","nominal","2.0NRT",303.75,3.31,"D"
"24338",23.87111,98.58203,342.11,0.49,0.4,"2026-02-16",620,"N20","nominal","2.0NRT",300.31,5.59,"D"
"24339",23.45996,96.32887,337.98,0.44,0.46,"2026-02-16",620,"N20","nominal","2.0NRT",301.53,2.07,"D"
"24340",23.37426,95.85335,330.21,0.47,0.47,"2026-02-16",620,"N20","nominal","2.0NRT",303.21,2.13,"D"
"24341",23.54397,96.68559,335.13,0.41,0.45,"2026-02-16",620,"N20","nominal","2.0NRT",303.37,2.62,"D"
"24342",23.36633,95.74706,345.7,0.47,0.48,"2026-02-16",620,"N20","nominal","2.0NRT",305.05,6.84,"D"
"24343",23.36533,95.74214,339.41,0.47,0.48,"2026-02-16",620,"N20","nominal","2.0NRT",304.67,6.12,"D"
"24344",22.9478,93.72226,334.23,0.32,0.55,"2026-02-16",620,"N20","nominal","2.0NRT",305.36,3.85,"D"
"24345",22.95322,93.72327,344.8,0.32,0.55,"2026-02-16",620,"N20","nominal","2.0NRT",305.81,3.85,"D"
"24346",22.95228,93.71891,347.09,0.32,0.55,"2026-02-16",620,"N20","nominal","2.0NRT",306.83,6.09,"D"
"24347",24.1553,99.90624,336.96,0.43,0.38,"2026-02-16",620,"N20","nominal","2.0NRT",299.06,3.16,"D"
"24348",23.80778,97.92438,333.25,0.52,0.42,"2026-02-16",620,"N20","nominal","2.0NRT",304.87,3.31,"D"
"24349",23.58568,96.65944,345.96,0.41,0.45,"2026-02-16",620,"N20","nominal","2.0NRT",303.58,7.11,"D"
"24350",23.37689,95.55029,336.64,0.49,0.48,"2026-02-16",620,"N20","nominal","2.0NRT",303.54,1.33,"D"
"24351",23.05429,93.90704,329.6,0.63,0.54,"2026-02-16",620,"N20","nominal","2.0NRT",293.04,5.5,"D"
"24352",23.40071,95.48556,342.53,0.49,0.49,"2026-02-16",622,"N20","nominal","2.0NRT",305.57,5.63,"D"
"24353",23.44959,95.66438,330.62,0.48,0.48,"2026-02-16",622,"N20","low","2.0NRT",302.77,1.31,"D"
"24354",23.40014,95.48763,341.87,0.49,0.49,"2026-02-16",622,"N20","nominal","2.0NRT",304.12,5.07,"D"
"24355",23.45025,95.66589,335.09,0.48,0.48,"2026-02-16",622,"N20","nominal","2.0NRT",303.37,2.33,"D"
"24356",23.62311,96.33318,328.43,0.43,0.46,"2026-02-16",622,"N20","nominal","2.0NRT",301.81,2.42,"D"
"24357",23.09734,93.69183,331.34,0.32,0.55,"2026-02-16",622,"N20","nominal","2.0NRT",297.38,4.3,"D"
"24358",24.20432,98.99281,328.48,0.46,0.39,"2026-02-16",622,"N20","nominal","2.0NRT",298.55,2.05,"D"
"24359",23.52928,95.42513,338.98,0.49,0.49,"2026-02-16",622,"N20","nominal","2.0NRT",304.23,6.52,"D"
"24360",23.23676,94.0232,351.1,0.61,0.53,"2026-02-16",622,"N20","nominal","2.0NRT",303.13,17.21,"D"
"24361",23.24034,94.0162,340.62,0.61,0.53,"2026-02-16",622,"N20","nominal","2.0NRT",301.65,9.97,"D"
"24362",23.59052,95.68279,330.56,0.47,0.48,"2026-02-16",622,"N20","nominal","2.0NRT",303.18,1.8,"D"
"24363",22.81893,92.05358,334.01,0.41,0.61,"2026-02-16",622,"N20","nominal","2.0NRT",302.14,2.45,"D"
"24364",23.12982,93.38149,342.98,0.34,0.56,"2026-02-16",622,"N20","nominal","2.0NRT",306.77,2.95,"D"
"24365",23.12911,93.37818,332.3,0.34,0.56,"2026-02-16",622,"N20","nominal","2.0NRT",307.14,2.95,"D"
"24366",25.08223,103.59752,345,0.4,0.37,"2026-02-16",622,"N20","nominal","2.0NRT",305.62,9.81,"D"
"24367",23.17147,92.89619,367,0.36,0.57,"2026-02-16",622,"N20","high","2.0NRT",294.55,5.82,"D"
"24368",23.17052,92.89179,341.35,0.36,0.57,"2026-02-16",622,"N20","nominal","2.0NRT",297.83,5.82,"D"
"24369",24.06465,97.1127,332.91,0.38,0.43,"2026-02-16",622,"N20","nominal","2.0NRT",300.2,1.91,"D"
"24370",25.3417,105.00288,346.3,0.44,0.38,"2026-02-16",622,"N20","nominal","2.0NRT",301.34,9.56,"D"
"24371",25.34113,104.99855,327.75,0.44,0.38,"2026-02-16",622,"N20","nominal","2.0NRT",299.01,4.61,"D"
"24372",25.30597,104.70663,329.35,0.43,0.38,"2026-02-16",622,"N20","low","2.0NRT",300.26,2.03,"D"
"24373",24.97125,102.33501,328.2,0.38,0.36,"2026-02-16",622,"N20","low","2.0NRT",302.7,3.6,"D"
"24374",23.39885,93.68586,325.12,0.32,0.54,"2026-02-16",622,"N20","nominal","2.0NRT",297.27,1.76,"D"
"24375",24.26616,97.80396,330.21,0.52,0.42,"2026-02-16",622,"N20","nominal","2.0NRT",300.33,2.42,"D"
"24376",24.26994,97.80315,334.97,0.52,0.42,"2026-02-16",622,"N20","nominal","2.0NRT",302.05,3.13,"D"
"24377",23.1196,92.03275,343.29,0.41,0.61,"2026-02-16",622,"N20","nominal","2.0NRT",299.86,3.11,"D"
"24378",23.91942,95.77414,328.28,0.46,0.47,"2026-02-16",622,"N20","low","2.0NRT",302.79,2.81,"D"
"24379",23.11953,92.03306,346.3,0.41,0.61,"2026-02-16",622,"N20","nominal","2.0NRT",299.89,4,"D"
"24380",23.48488,93.57739,334.36,0.32,0.55,"2026-02-16",622,"N20","nominal","2.0NRT",304.15,2.89,"D"
"24381",24.29254,97.26618,327.37,0.56,0.43,"2026-02-16",622,"N20","nominal","2.0NRT",300.68,1.86,"D"
"24382",24.29239,97.26445,326.71,0.56,0.43,"2026-02-16",622,"N20","nominal","2.0NRT",299.67,2.75,"D"
"24383",24.81087,99.99453,327.29,0.42,0.37,"2026-02-16",622,"N20","nominal","2.0NRT",296.76,2.32,"D"
"24384",25.24454,102.68569,332.76,0.39,0.36,"2026-02-16",622,"N20","nominal","2.0NRT",299.9,2.81,"D"
"24385",23.72299,94.15424,340.95,0.59,0.52,"2026-02-16",622,"N20","nominal","2.0NRT",301.71,5.49,"D"
"24386",24.18992,96.32228,333.5,0.42,0.45,"2026-02-16",622,"N20","nominal","2.0NRT",302.09,1.83,"D"
"24387",25.06546,101.25567,325.66,0.39,0.36,"2026-02-16",622,"N20","low","2.0NRT",300.6,1.83,"D"
"24388",24.76359,99.42407,333.16,0.44,0.38,"2026-02-16",622,"N20","nominal","2.0NRT",299.12,3.24,"D"
"24389",23.47083,92.73769,335.66,0.36,0.58,"2026-02-16",622,"N20","nominal","2.0NRT",294.99,3.9,"D"
"24390",23.48138,92.73588,367,0.36,0.58,"2026-02-16",622,"N20","high","2.0NRT",298,8.18,"D"
"24391",23.29279,91.88017,328.75,0.42,0.61,"2026-02-16",622,"N20","nominal","2.0NRT",300.68,1.38,"D"
"24392",23.48115,92.73507,367,0.36,0.58,"2026-02-16",622,"N20","high","2.0NRT",298.35,8.06,"D"
"24393",23.2976,91.87922,330.51,0.41,0.61,"2026-02-16",622,"N20","low","2.0NRT",300.89,2.98,"D"
"24394",23.73195,93.70682,328.8,0.62,0.54,"2026-02-16",622,"N20","low","2.0NRT",299.76,5.17,"D"
"24395",23.58281,92.9482,334.98,0.35,0.57,"2026-02-16",622,"N20","nominal","2.0NRT",292.85,5.24,"D"
"24396",23.58216,92.94522,351.05,0.35,0.57,"2026-02-16",622,"N20","nominal","2.0NRT",298.44,5.24,"D"
"24397",25.67075,103.87622,334.77,0.41,0.37,"2026-02-16",622,"N20","nominal","2.0NRT",303.61,3.89,"D"
"24398",25.69724,103.86771,332.18,0.41,0.37,"2026-02-16",622,"N20","low","2.0NRT",306.98,2.67,"D"
"24399",25.91673,105.42607,327.67,0.46,0.39,"2026-02-16",622,"N20","low","2.0NRT",299.68,2.71,"D"
"24400",25.91617,105.42183,327.01,0.46,0.39,"2026-02-16",622,"N20","low","2.0NRT",300.7,2.71,"D"
"24401",25.91502,105.43143,327.31,0.46,0.39,"2026-02-16",622,"N20","low","2.0NRT",298.58,3.3,"D"
"24402",25.91394,105.42293,328.19,0.46,0.39,"2026-02-16",622,"N20","low","2.0NRT",300.14,2.95,"D"
"24403",25.91752,105.42213,333.04,0.46,0.39,"2026-02-16",622,"N20","nominal","2.0NRT",300.3,2.95,"D"
"24404",25.9211,105.42136,326.15,0.46,0.39,"2026-02-16",622,"N20","low","2.0NRT",299.51,3.99,"D"
"24405",23.74751,92.82378,330.31,0.35,0.57,"2026-02-16",622,"N20","nominal","2.0NRT",298.71,6.66,"D"
"24406",23.75253,92.822,367,0.35,0.57,"2026-02-16",622,"N20","high","2.0NRT",301.35,6.66,"D"
"24407",23.26563,90.59822,338.11,0.5,0.66,"2026-02-16",622,"N20","nominal","2.0NRT",300.12,3.23,"D"
"24408",25.61552,101.61689,327.9,0.39,0.36,"2026-02-16",622,"N20","low","2.0NRT",300.56,1.11,"D"
"24409",25.61493,101.6131,332.15,0.39,0.36,"2026-02-16",622,"N20","low","2.0NRT",303.37,2.14,"D"
"24410",24.54909,95.65779,327.1,0.46,0.47,"2026-02-16",622,"N20","nominal","2.0NRT",298.42,3.18,"D"
"24411",25.61762,101.6087,333.63,0.39,0.36,"2026-02-16",622,"N20","nominal","2.0NRT",302.44,2.14,"D"
"24412",24.55333,95.65675,336.26,0.46,0.47,"2026-02-16",622,"N20","nominal","2.0NRT",301.14,3.18,"D"
"24413",25.62209,101.61565,331.08,0.39,0.36,"2026-02-16",622,"N20","nominal","2.0NRT",301.74,1.8,"D"
"24414",24.93123,97.40961,344.26,0.54,0.42,"2026-02-16",622,"N20","nominal","2.0NRT",302.17,12.72,"D"
"24415",24.92031,97.32966,331.57,0.54,0.42,"2026-02-16",622,"N20","nominal","2.0NRT",299.3,5.6,"D"
"24416",23.72235,91.48987,330.19,0.43,0.62,"2026-02-16",622,"N20","nominal","2.0NRT",301.34,2.68,"D"
"24417",25.82145,102.52671,336.78,0.39,0.36,"2026-02-16",622,"N20","nominal","2.0NRT",303.04,5.79,"D"
"24418",24.76604,96.27365,331.16,0.42,0.45,"2026-02-16",622,"N20","nominal","2.0NRT",300.38,3.19,"D"
"24419",24.7643,96.27097,330.45,0.42,0.45,"2026-02-16",622,"N20","nominal","2.0NRT",300.49,2.65,"D"
"24420",24.97893,97.29247,339.74,0.54,0.42,"2026-02-16",622,"N20","nominal","2.0NRT",299.81,5.41,"D"
"24421",24.27371,93.65307,339.02,0.61,0.54,"2026-02-16",622,"N20","nominal","2.0NRT",299.44,6.98,"D"
"24422",25.05874,97.35673,336.42,0.54,0.42,"2026-02-16",622,"N20","nominal","2.0NRT",305.94,5.37,"D"
"24423",24.32358,93.62491,355.37,0.62,0.54,"2026-02-16",622,"N20","nominal","2.0NRT",301.17,47.81,"D"
"24424",24.3283,93.62318,348.94,0.62,0.54,"2026-02-16",622,"N20","nominal","2.0NRT",303.89,47.81,"D"
"24425",24.32699,93.62805,338.06,0.61,0.54,"2026-02-16",622,"N20","nominal","2.0NRT",293.63,107.33,"D"
"24426",24.45212,94.13723,325.28,0.57,0.52,"2026-02-16",622,"N20","nominal","2.0NRT",295.56,2.35,"D"
"24427",24.66532,95.08588,333.65,0.49,0.49,"2026-02-16",622,"N20","nominal","2.0NRT",300.06,4.55,"D"
"24428",25.12329,97.37253,339.06,0.53,0.42,"2026-02-16",622,"N20","nominal","2.0NRT",301.84,15.49,"D"
"24429",24.4763,94.06592,327.82,0.57,0.52,"2026-02-16",622,"N20","nominal","2.0NRT",299.79,3.32,"D"
"24430",24.41219,93.62272,339.24,0.61,0.54,"2026-02-16",622,"N20","nominal","2.0NRT",295.58,7.6,"D"
"24431",25.19186,97.35705,332.05,0.53,0.42,"2026-02-16",622,"N20","nominal","2.0NRT",304.11,2.17,"D"
"24432",24.84262,95.39429,329.7,0.47,0.47,"2026-02-16",622,"N20","nominal","2.0NRT",300.85,1.84,"D"
"24433",24.70625,94.59373,329.47,0.53,0.5,"2026-02-16",622,"N20","nominal","2.0NRT",299.08,3.53,"D"
"24434",24.32436,92.73373,367,0.35,0.57,"2026-02-16",622,"N20","high","2.0NRT",300.23,9.32,"D"
"24435",24.63452,94.1096,327.17,0.57,0.52,"2026-02-16",622,"N20","nominal","2.0NRT",300.27,2.82,"D"
"24436",24.59611,93.85504,337.62,0.59,0.53,"2026-02-16",622,"N20","nominal","2.0NRT",298.38,4.4,"D"
"24437",24.59556,93.8531,335.68,0.59,0.53,"2026-02-16",622,"N20","nominal","2.0NRT",299.27,6.38,"D"
"24438",24.13224,91.64502,351.42,0.41,0.61,"2026-02-16",622,"N20","nominal","2.0NRT",298.68,8.25,"D"
"24439",24.38455,92.7056,367,0.35,0.57,"2026-02-16",622,"N20","high","2.0NRT",300.86,12.3,"D"
"24440",25.26544,96.85915,334.07,0.57,0.43,"2026-02-16",622,"N20","nominal","2.0NRT",305.23,3.9,"D"
"24441",25.26439,96.85361,330.99,0.57,0.43,"2026-02-16",622,"N20","nominal","2.0NRT",304.68,2.98,"D"
"24442",25.25565,96.78616,335.47,0.57,0.43,"2026-02-16",622,"N20","nominal","2.0NRT",308.44,4.84,"D"
"24443",24.20615,91.76624,337.1,0.4,0.6,"2026-02-16",622,"N20","nominal","2.0NRT",298.75,5.24,"D"
"24444",25.26589,96.81854,331.02,0.57,0.43,"2026-02-16",622,"N20","low","2.0NRT",305.12,2.69,"D"
"24445",24.76363,94.08673,339.83,0.56,0.52,"2026-02-16",622,"N20","nominal","2.0NRT",300.99,16.4,"D"
"24446",25.37284,97.17381,348.28,0.54,0.42,"2026-02-16",622,"N20","nominal","2.0NRT",307.01,12.08,"D"
"24447",25.37185,97.16852,331.36,0.54,0.42,"2026-02-16",622,"N20","nominal","2.0NRT",304.25,3.02,"D"
"24448",24.76714,94.08009,336.23,0.56,0.52,"2026-02-16",622,"N20","nominal","2.0NRT",300.6,6.44,"D"
"24449",25.3702,97.17251,341.54,0.54,0.42,"2026-02-16",622,"N20","nominal","2.0NRT",304.86,6.51,"D"
"24450",25.37403,97.17165,348.36,0.54,0.42,"2026-02-16",622,"N20","nominal","2.0NRT",304.62,6.51,"D"
"24451",24.76533,94.08476,340.56,0.56,0.52,"2026-02-16",622,"N20","nominal","2.0NRT",303.98,27.69,"D"
"24452",24.76999,94.08366,338.91,0.56,0.52,"2026-02-16",622,"N20","nominal","2.0NRT",298.55,9.84,"D"
"24453",24.79315,94.14633,345.23,0.56,0.51,"2026-02-16",622,"N20","nominal","2.0NRT",298.85,10.01,"D"
"24454",25.3713,96.92502,341.08,0.56,0.43,"2026-02-16",622,"N20","nominal","2.0NRT",303,9.03,"D"
"24455",26.47194,103.33552,337.54,0.4,0.37,"2026-02-16",622,"N20","nominal","2.0NRT",304.47,3.86,"D"
"24456",25.2771,96.0076,341.7,0.42,0.45,"2026-02-16",622,"N20","nominal","2.0NRT",298.6,6.89,"D"
"24457",24.82942,93.78107,335.22,0.59,0.53,"2026-02-16",622,"N20","nominal","2.0NRT",300.32,5.98,"D"
"24458",24.82836,93.77615,334.49,0.59,0.53,"2026-02-16",622,"N20","nominal","2.0NRT",298.33,5.98,"D"
"24459",24.92201,94.14549,353.28,0.55,0.51,"2026-02-16",622,"N20","nominal","2.0NRT",307.57,23.34,"D"
"24460",24.92693,94.00687,330.79,0.57,0.52,"2026-02-16",622,"N20","nominal","2.0NRT",303.68,2.59,"D"
"24461",25.02322,94.4225,329.29,0.53,0.5,"2026-02-16",622,"N20","nominal","2.0NRT",294.64,6.34,"D"
"24462",25.03133,94.43878,344.59,0.53,0.5,"2026-02-16",622,"N20","nominal","2.0NRT",295.68,7.13,"D"
"24463",25.60863,97.27361,328.86,0.53,0.42,"2026-02-16",622,"N20","nominal","2.0NRT",298.58,3.7,"D"
"24464",25.01299,94.10237,340.71,0.56,0.51,"2026-02-16",622,"N20","nominal","2.0NRT",300.28,6.54,"D"
"24465",26.54782,102.64071,335.29,0.39,0.36,"2026-02-16",622,"N20","nominal","2.0NRT",306.72,5.91,"D"
"24466",26.55169,102.64394,328.43,0.39,0.36,"2026-02-16",622,"N20","low","2.0NRT",302.91,8.26,"D"
"24467",26.55113,102.64011,345.13,0.39,0.36,"2026-02-16",622,"N20","low","2.0NRT",315.66,14.36,"D"
"24468",26.55057,102.6363,334.76,0.39,0.36,"2026-02-16",622,"N20","nominal","2.0NRT",299.56,14.36,"D"
"24469",25.91154,98.57256,337.94,0.46,0.39,"2026-02-16",622,"N20","nominal","2.0NRT",292.93,6.27,"D"
"24470",25.91514,98.57213,327.19,0.46,0.39,"2026-02-16",622,"N20","nominal","2.0NRT",293.87,5.77,"D"
"24471",24.99571,93.81284,344.94,0.58,0.52,"2026-02-16",622,"N20","nominal","2.0NRT",296.48,10.48,"D"
"24472",25.92311,98.57563,341.91,0.46,0.39,"2026-02-16",622,"N20","nominal","2.0NRT",290.85,14.24,"D"
"24473",25.00062,93.81264,346.71,0.58,0.52,"2026-02-16",622,"N20","nominal","2.0NRT",299.73,30.92,"D"
"24474",25.59534,96.73728,337.34,0.57,0.43,"2026-02-16",622,"N20","nominal","2.0NRT",303.95,3.68,"D"
"24475",25.59925,96.73638,337.94,0.57,0.43,"2026-02-16",622,"N20","nominal","2.0NRT",303.27,3.68,"D"
"24476",25.1661,94.46852,329.23,0.53,0.5,"2026-02-16",622,"N20","nominal","2.0NRT",292.94,1.95,"D"
"24477",25.14949,94.36411,329.12,0.53,0.5,"2026-02-16",622,"N20","nominal","2.0NRT",303.85,3.4,"D"
"24478",25.14964,94.36541,327.59,0.53,0.5,"2026-02-16",622,"N20","nominal","2.0NRT",301.67,4.5,"D"
"24479",25.63304,96.72548,337,0.57,0.43,"2026-02-16",622,"N20","nominal","2.0NRT",302.99,5.65,"D"
"24480",26.71997,103.20213,339.22,0.4,0.37,"2026-02-16",622,"N20","nominal","2.0NRT",300.35,6.36,"D"
"24481",25.6622,96.70708,334.53,0.57,0.43,"2026-02-16",622,"N20","nominal","2.0NRT",303.16,2.64,"D"
"24482",25.64479,96.59495,338.25,0.38,0.44,"2026-02-16",622,"N20","nominal","2.0NRT",303.62,3.07,"D"
"24483",25.64874,96.59406,336.66,0.38,0.44,"2026-02-16",622,"N20","nominal","2.0NRT",302.97,3.07,"D"
"24484",25.00401,93.40966,338.46,0.61,0.54,"2026-02-16",622,"N20","nominal","2.0NRT",293.42,45.09,"D"
"24485",25.0029,93.40452,296.04,0.61,0.54,"2026-02-16",622,"N20","low","2.0NRT",306.18,45.09,"D"
"24486",24.79301,92.42406,354.33,0.36,0.57,"2026-02-16",622,"N20","nominal","2.0NRT",302.47,4.91,"D"
"24487",25.04938,93.55025,367,0.6,0.53,"2026-02-16",622,"N20","high","2.0NRT",326,156.74,"D"
"24488",25.05089,93.55733,341.13,0.6,0.53,"2026-02-16",622,"N20","nominal","2.0NRT",301.06,103.23,"D"
"24489",25.2749,94.53425,345.89,0.52,0.5,"2026-02-16",622,"N20","nominal","2.0NRT",303.19,9.63,"D"
"24490",25.31209,94.69337,329.09,0.5,0.49,"2026-02-16",622,"N20","nominal","2.0NRT",297.84,5.87,"D"
"24491",26.56595,101.67563,335.6,0.38,0.36,"2026-02-16",622,"N20","low","2.0NRT",310.28,6.16,"D"
"24492",25.24284,94.23914,335.11,0.54,0.51,"2026-02-16",622,"N20","nominal","2.0NRT",298.25,3.38,"D"
"24493",26.57464,101.66611,343.98,0.38,0.36,"2026-02-16",622,"N20","low","2.0NRT",314.72,17.53,"D"
"24494",25.24195,94.23769,333.58,0.54,0.51,"2026-02-16",622,"N20","nominal","2.0NRT",297.74,4.48,"D"
"24495",25.24639,94.23598,338.14,0.54,0.51,"2026-02-16",622,"N20","nominal","2.0NRT",298.52,4.48,"D"
"24496",25.37033,94.80341,335.11,0.5,0.49,"2026-02-16",622,"N20","nominal","2.0NRT",294.74,7.61,"D"
"24497",25.3695,94.79945,339.66,0.5,0.49,"2026-02-16",622,"N20","nominal","2.0NRT",295.79,7.61,"D"
"24498",25.35198,94.69294,344.94,0.5,0.49,"2026-02-16",622,"N20","nominal","2.0NRT",300.47,9.13,"D"
"24499",25.3638,94.70507,335.2,0.5,0.49,"2026-02-16",622,"N20","nominal","2.0NRT",303.82,6.82,"D"
"24500",25.36957,94.68805,331.86,0.5,0.49,"2026-02-16",622,"N20","nominal","2.0NRT",295.32,3.3,"D"
"24501",24.91033,92.55442,332.58,0.35,0.57,"2026-02-16",622,"N20","nominal","2.0NRT",300.61,1.82,"D"
"24502",25.38181,94.72478,340.5,0.5,0.49,"2026-02-16",622,"N20","nominal","2.0NRT",304.41,12.13,"D"
"24503",25.38082,94.71996,335,0.5,0.49,"2026-02-16",622,"N20","nominal","2.0NRT",302.74,12.13,"D"
"24504",25.3865,94.72501,339.14,0.5,0.49,"2026-02-16",622,"N20","nominal","2.0NRT",297.93,12.13,"D"
"24505",25.38553,94.72031,333.7,0.5,0.49,"2026-02-16",622,"N20","nominal","2.0NRT",300.62,12.13,"D"
"24506",25.32487,94.3593,336.97,0.53,0.5,"2026-02-16",622,"N20","nominal","2.0NRT",298.52,5.33,"D"
"24507",25.31844,94.32836,331.23,0.53,0.5,"2026-02-16",622,"N20","nominal","2.0NRT",297.62,2.95,"D"
"24508",25.82874,96.68439,332.12,0.57,0.43,"2026-02-16",622,"N20","nominal","2.0NRT",300.66,10.41,"D"
"24509",25.26241,93.80389,342.42,0.57,0.52,"2026-02-16",622,"N20","nominal","2.0NRT",309.79,92.57,"D"
"24510",25.82759,96.68252,335.93,0.57,0.43,"2026-02-16",622,"N20","nominal","2.0NRT",301.06,6.01,"D"
"24511",25.8315,96.68162,329.17,0.57,0.43,"2026-02-16",622,"N20","nominal","2.0NRT",300.83,2.27,"D"
"24512",26.14498,98.2921,329.53,0.47,0.4,"2026-02-16",622,"N20","nominal","2.0NRT",295,2.47,"D"
"24513",25.25976,93.80934,337.93,0.57,0.52,"2026-02-16",622,"N20","nominal","2.0NRT",291.3,26.98,"D"
"24514",25.26431,93.80758,338.01,0.57,0.52,"2026-02-16",622,"N20","nominal","2.0NRT",291.66,26.98,"D"
"24515",25.26296,93.8013,336.78,0.57,0.52,"2026-02-16",622,"N20","nominal","2.0NRT",293.72,53.28,"D"
"24516",25.34988,94.13906,330.62,0.54,0.51,"2026-02-16",622,"N20","nominal","2.0NRT",299.73,2.24,"D"
"24517",25.31868,93.85474,327.86,0.57,0.52,"2026-02-16",622,"N20","low","2.0NRT",300.99,8.16,"D"
"24518",25.3157,93.84069,326.68,0.57,0.52,"2026-02-16",622,"N20","nominal","2.0NRT",294.62,9.51,"D"
"24519",25.4079,94.07684,326.69,0.55,0.51,"2026-02-16",622,"N20","nominal","2.0NRT",299.89,2.79,"D"
"24520",26.56903,100.15275,334.88,0.4,0.37,"2026-02-16",622,"N20","nominal","2.0NRT",298.15,2.99,"D"
"24521",26.57237,100.15207,333.15,0.4,0.37,"2026-02-16",622,"N20","nominal","2.0NRT",298.31,1.52,"D"
"24522",25.47706,94.35542,329.91,0.53,0.5,"2026-02-16",622,"N20","nominal","2.0NRT",292.11,2.75,"D"
"24523",25.45232,94.17181,329.19,0.54,0.51,"2026-02-16",622,"N20","nominal","2.0NRT",297.96,3.54,"D"
"24524",24.96203,91.86185,353.51,0.38,0.59,"2026-02-16",622,"N20","nominal","2.0NRT",301.49,5.12,"D"
"24525",25.51393,94.32784,328.14,0.53,0.5,"2026-02-16",622,"N20","nominal","2.0NRT",293.92,3.62,"D"
"24526",26.36961,98.60841,345.62,0.45,0.39,"2026-02-16",622,"N20","nominal","2.0NRT",303.18,19.56,"D"
"24527",26.36886,98.6041,351.85,0.45,0.39,"2026-02-16",622,"N20","nominal","2.0NRT",299.23,7.87,"D"
"24528",26.3681,98.59975,342.15,0.45,0.39,"2026-02-16",622,"N20","nominal","2.0NRT",294.91,7.87,"D"
"24529",26.37826,98.61613,342.95,0.45,0.39,"2026-02-16",622,"N20","nominal","2.0NRT",294.74,8.99,"D"
"24530",26.37752,98.61193,326.54,0.45,0.39,"2026-02-16",622,"N20","nominal","2.0NRT",289.65,3.96,"D"
"24531",26.38548,98.6158,329.24,0.45,0.39,"2026-02-16",622,"N20","nominal","2.0NRT",292.64,3.81,"D"
"24532",26.38325,98.603,325.08,0.45,0.39,"2026-02-16",622,"N20","nominal","2.0NRT",292.78,3.74,"D"
"24533",26.38988,98.62018,333.23,0.45,0.39,"2026-02-16",622,"N20","nominal","2.0NRT",294.36,5.95,"D"
"24534",26.3891,98.61565,338.45,0.45,0.39,"2026-02-16",622,"N20","nominal","2.0NRT",297.24,5.95,"D"
"24535",26.38833,98.61123,334.56,0.45,0.39,"2026-02-16",622,"N20","nominal","2.0NRT",297.43,14.46,"D"
"24536",26.38758,98.60697,336.38,0.45,0.39,"2026-02-16",622,"N20","nominal","2.0NRT",297.36,14.46,"D"
"24537",26.39496,98.62842,336.27,0.45,0.39,"2026-02-16",622,"N20","nominal","2.0NRT",291.03,97.55,"D"
"24538",26.39349,98.61999,346.64,0.45,0.39,"2026-02-16",622,"N20","nominal","2.0NRT",292.53,5.95,"D"
"24539",26.39271,98.61552,345.94,0.45,0.39,"2026-02-16",622,"N20","nominal","2.0NRT",295.46,5.95,"D"
"24540",26.39194,98.6111,329.62,0.45,0.39,"2026-02-16",622,"N20","nominal","2.0NRT",286.83,14.46,"D"
"24541",26.39119,98.60682,336.15,0.45,0.39,"2026-02-16",622,"N20","nominal","2.0NRT",297.52,14.46,"D"
"24542",26.39857,98.62827,342.81,0.45,0.39,"2026-02-16",622,"N20","nominal","2.0NRT",301.03,18.83,"D"
"24543",26.39783,98.62405,334.46,0.45,0.39,"2026-02-16",622,"N20","nominal","2.0NRT",297.62,18.83,"D"
"24544",26.39709,98.6198,336.62,0.45,0.39,"2026-02-16",622,"N20","nominal","2.0NRT",292.29,7.03,"D"
"24545",26.39632,98.61536,353.9,0.45,0.39,"2026-02-16",622,"N20","nominal","2.0NRT",296.45,7.03,"D"
"24546",26.39404,98.60229,330.27,0.45,0.39,"2026-02-16",622,"N20","nominal","2.0NRT",291.06,4.67,"D"
"24547",26.40219,98.62821,354.35,0.45,0.39,"2026-02-16",622,"N20","nominal","2.0NRT",290.07,18.83,"D"
"24548",26.40145,98.62394,330.42,0.45,0.39,"2026-02-16",622,"N20","nominal","2.0NRT",283.64,18.83,"D"
"24549",26.4007,98.61963,345.06,0.45,0.39,"2026-02-16",622,"N20","nominal","2.0NRT",285.6,7.03,"D"
"24550",26.39993,98.61521,329.16,0.45,0.39,"2026-02-16",622,"N20","nominal","2.0NRT",284.49,7.03,"D"
"24551",26.39916,98.61082,354.14,0.45,0.39,"2026-02-16",622,"N20","nominal","2.0NRT",289.3,16.06,"D"
"24552",26.40352,98.61497,330.18,0.45,0.39,"2026-02-16",622,"N20","nominal","2.0NRT",283.44,3.34,"D"
"24553",26.40363,98.61629,329.69,0.45,0.39,"2026-02-16",622,"N20","nominal","2.0NRT",281.48,2.32,"D"
"24554",25.3105,92.7552,326.31,0.33,0.55,"2026-02-16",622,"N20","nominal","2.0NRT",294.39,1.87,"D"
"24555",25.57327,93.81277,342.16,0.56,0.52,"2026-02-16",622,"N20","nominal","2.0NRT",299.35,14.89,"D"
"24556",25.56454,93.7711,344.25,0.57,0.52,"2026-02-16",622,"N20","nominal","2.0NRT",315.01,90.8,"D"
"24557",25.57681,93.80625,338.83,0.57,0.52,"2026-02-16",622,"N20","nominal","2.0NRT",293.1,14.04,"D"
"24558",25.56947,93.7712,349.35,0.57,0.52,"2026-02-16",622,"N20","nominal","2.0NRT",308.27,69.59,"D"
"24559",25.8346,95.02067,349.07,0.47,0.48,"2026-02-16",622,"N20","nominal","2.0NRT",295.69,21.24,"D"
"24560",25.83334,95.01431,353.42,0.47,0.48,"2026-02-16",622,"N20","nominal","2.0NRT",306.66,18.32,"D"
"24561",26.16879,96.72621,338.89,0.56,0.43,"2026-02-16",622,"N20","nominal","2.0NRT",299.56,20.4,"D"
"24562",25.83765,95.01331,339.44,0.47,0.48,"2026-02-16",622,"N20","nominal","2.0NRT",300,18.32,"D"
"24563",26.16971,96.72902,331.07,0.56,0.43,"2026-02-16",622,"N20","nominal","2.0NRT",298.16,12.05,"D"
"24564",26.16865,96.72353,326.54,0.56,0.43,"2026-02-16",622,"N20","nominal","2.0NRT",298.25,9.78,"D"
"24565",25.56983,93.80954,338.76,0.56,0.52,"2026-02-16",622,"N20","nominal","2.0NRT",295.7,7.28,"D"
"24566",25.56207,93.77392,334.33,0.57,0.52,"2026-02-16",622,"N20","nominal","2.0NRT",291.93,93.91,"D"
"24567",25.5747,93.80939,332.3,0.56,0.52,"2026-02-16",622,"N20","nominal","2.0NRT",297.27,7.28,"D"
"24568",25.56698,93.77386,337.27,0.57,0.52,"2026-02-16",622,"N20","low","2.0NRT",307.63,93.91,"D"
"24569",25.83639,95.02168,337.59,0.47,0.48,"2026-02-16",622,"N20","nominal","2.0NRT",289.35,9.1,"D"
"24570",25.83507,95.0153,354.4,0.47,0.48,"2026-02-16",622,"N20","nominal","2.0NRT",314.16,24.95,"D"
"24571",25.57826,93.80319,343.11,0.56,0.52,"2026-02-16",622,"N20","nominal","2.0NRT",291.5,11.38,"D"
"24572",25.57193,93.77404,338.66,0.57,0.52,"2026-02-16",622,"N20","nominal","2.0NRT",292.54,9.48,"D"
"24573",25.57063,93.76806,337.06,0.57,0.52,"2026-02-16",622,"N20","nominal","2.0NRT",294.63,9.48,"D"
"24574",25.8394,95.01445,349.73,0.47,0.48,"2026-02-16",622,"N20","nominal","2.0NRT",292.73,24.95,"D"
"24575",25.74192,94.43583,339.26,0.51,0.5,"2026-02-16",622,"N20","nominal","2.0NRT",297.9,6.26,"D"
"24576",26.19794,96.66507,333.68,0.56,0.43,"2026-02-16",622,"N20","nominal","2.0NRT",296.43,3.86,"D"
"24577",26.22901,96.65772,338.61,0.56,0.43,"2026-02-16",622,"N20","nominal","2.0NRT",300.66,6.97,"D"
"24578",25.8021,94.50012,335.77,0.51,0.49,"2026-02-16",622,"N20","nominal","2.0NRT",298.95,9.53,"D"
"24579",25.80752,94.50379,334.57,0.51,0.49,"2026-02-16",622,"N20","nominal","2.0NRT",299.14,8.69,"D"
"24580",25.80661,94.49939,341.83,0.51,0.49,"2026-02-16",622,"N20","nominal","2.0NRT",307.81,9.53,"D"
"24581",25.80483,94.49075,325.82,0.51,0.49,"2026-02-16",622,"N20","low","2.0NRT",297.6,3.03,"D"
"24582",26.27095,96.66506,330.42,0.56,0.43,"2026-02-16",622,"N20","nominal","2.0NRT",298.99,3.92,"D"
"24583",26.63718,98.70006,340.72,0.44,0.39,"2026-02-16",622,"N20","nominal","2.0NRT",295.49,6.1,"D"
"24584",26.2705,96.66302,331.11,0.56,0.43,"2026-02-16",622,"N20","nominal","2.0NRT",299.94,2.68,"D"
"24585",26.29448,96.6401,340.56,0.56,0.43,"2026-02-16",622,"N20","nominal","2.0NRT",300.18,5.86,"D"
"24586",25.93025,94.72515,347.2,0.49,0.48,"2026-02-16",622,"N20","nominal","2.0NRT",299.83,9.64,"D"
"24587",26.73279,98.5811,340.97,0.45,0.39,"2026-02-16",622,"N20","nominal","2.0NRT",292.57,7.45,"D"
"24588",26.05159,94.97885,348.79,0.47,0.48,"2026-02-16",622,"N20","nominal","2.0NRT",297.39,8.73,"D"
"24589",26.05586,94.97774,339.92,0.47,0.48,"2026-02-16",622,"N20","nominal","2.0NRT",297.33,19.98,"D"
"24590",25.88258,94.15202,332.36,0.53,0.5,"2026-02-16",622,"N20","nominal","2.0NRT",295.59,3.11,"D"
"24591",25.99997,94.64235,335.82,0.49,0.49,"2026-02-16",622,"N20","nominal","2.0NRT",292.36,6.67,"D"
"24592",25.99911,94.6382,326.52,0.49,0.49,"2026-02-16",622,"N20","nominal","2.0NRT",292.04,5.11,"D"
"24593",26.00456,94.64224,367,0.49,0.49,"2026-02-16",622,"N20","high","2.0NRT",346.96,182.64,"D"
"24594",26.00541,94.64632,327.92,0.49,0.49,"2026-02-16",622,"N20","nominal","2.0NRT",289.96,182.64,"D"
"24595",26.00285,94.63401,327.83,0.49,0.49,"2026-02-16",622,"N20","nominal","2.0NRT",290.66,245.29,"D"
"24596",26.07132,94.94329,333.86,0.47,0.48,"2026-02-16",622,"N20","nominal","2.0NRT",304.35,3.9,"D"
"24597",26.00915,94.64217,348.83,0.49,0.49,"2026-02-16",622,"N20","nominal","2.0NRT",304.8,182.64,"D"
"24598",26.01911,94.62353,338.26,0.49,0.49,"2026-02-16",622,"N20","nominal","2.0NRT",294.56,11.5,"D"
"24599",26.79778,98.682,332.24,0.44,0.39,"2026-02-16",622,"N20","nominal","2.0NRT",291.17,4.62,"D"
"24600",26.79691,98.67702,330.34,0.44,0.39,"2026-02-16",622,"N20","nominal","2.0NRT",292.78,4.62,"D"
"24601",26.11919,95.08981,332.65,0.46,0.47,"2026-02-16",622,"N20","nominal","2.0NRT",297.64,18.93,"D"
"24602",26.02599,94.63452,355.64,0.49,0.49,"2026-02-16",622,"N20","nominal","2.0NRT",295.85,36.73,"D"
"24603",26.02459,94.62776,352.39,0.49,0.49,"2026-02-16",622,"N20","nominal","2.0NRT",313.92,36.73,"D"
"24604",26.80138,98.68194,343.53,0.44,0.39,"2026-02-16",622,"N20","nominal","2.0NRT",304.12,27.45,"D"
"24605",26.80051,98.67695,339.75,0.44,0.39,"2026-02-16",622,"N20","nominal","2.0NRT",302.06,27.45,"D"
"24606",26.12727,95.10764,337.89,0.46,0.47,"2026-02-16",622,"N20","nominal","2.0NRT",289.34,15.3,"D"
"24607",26.12623,95.10252,336.85,0.46,0.47,"2026-02-16",622,"N20","nominal","2.0NRT",295.12,15.3,"D"
"24608",26.02199,94.59282,341.54,0.5,0.49,"2026-02-16",622,"N20","nominal","2.0NRT",293.7,34.48,"D"
"24609",25.9765,94.3734,346.16,0.51,0.49,"2026-02-16",622,"N20","nominal","2.0NRT",300.73,17.2,"D"
"24610",26.13258,95.11188,338.18,0.46,0.47,"2026-02-16",622,"N20","nominal","2.0NRT",292.53,10.97,"D"
"24611",26.13144,95.10621,354.57,0.46,0.47,"2026-02-16",622,"N20","nominal","2.0NRT",311.89,15.3,"D"
"24612",26.13033,95.10073,338.14,0.46,0.47,"2026-02-16",622,"N20","nominal","2.0NRT",304.2,15.3,"D"
"24613",26.0271,94.5952,337.87,0.5,0.49,"2026-02-16",622,"N20","nominal","2.0NRT",290.99,29.29,"D"
"24614",26.02612,94.59043,334.86,0.5,0.49,"2026-02-16",622,"N20","nominal","2.0NRT",309.52,34.48,"D"
"24615",26.13687,95.11102,339.53,0.46,0.47,"2026-02-16",622,"N20","nominal","2.0NRT",296.73,29.78,"D"
"24616",26.13582,95.1058,346.82,0.46,0.47,"2026-02-16",622,"N20","nominal","2.0NRT",315.94,47.44,"D"
"24617",26.13469,95.1002,352.2,0.46,0.47,"2026-02-16",622,"N20","nominal","2.0NRT",305.82,47.44,"D"
"24618",25.96653,94.28034,353.2,0.52,0.5,"2026-02-16",622,"N20","nominal","2.0NRT",297.23,25.11,"D"
"24619",25.59644,92.53465,367,0.34,0.56,"2026-02-16",622,"N20","high","2.0NRT",294.99,9.43,"D"
"24620",26.13898,95.09935,339.14,0.46,0.47,"2026-02-16",622,"N20","nominal","2.0NRT",291.15,47.44,"D"
"24621",25.97049,94.254,327.22,0.52,0.5,"2026-02-16",622,"N20","nominal","2.0NRT",294.3,6.31,"D"
"24622",26.06022,94.66692,339.19,0.49,0.49,"2026-02-16",622,"N20","nominal","2.0NRT",291.67,50.12,"D"
"24623",26.06319,94.65891,353.24,0.49,0.49,"2026-02-16",622,"N20","nominal","2.0NRT",298.21,46.3,"D"
"24624",26.05944,94.64057,338.48,0.49,0.49,"2026-02-16",622,"N20","nominal","2.0NRT",291.58,3.82,"D"
"24625",26.02226,94.41361,346.92,0.51,0.49,"2026-02-16",622,"N20","nominal","2.0NRT",300.71,15.86,"D"
"24626",25.64335,92.62762,343.13,0.33,0.55,"2026-02-16",622,"N20","nominal","2.0NRT",297.2,3.56,"D"
"24627",26.05536,94.5072,339.25,0.5,0.49,"2026-02-16",622,"N20","nominal","2.0NRT",293.91,5.04,"D"
"24628",26.10339,94.69887,354.36,0.49,0.48,"2026-02-16",622,"N20","nominal","2.0NRT",298.81,18.67,"D"
"24629",26.05417,94.5101,346.26,0.5,0.49,"2026-02-16",622,"N20","nominal","2.0NRT",294.93,8.86,"D"
"24630",25.65623,92.666,326.02,0.33,0.55,"2026-02-16",622,"N20","nominal","2.0NRT",295.38,1.49,"D"
"24631",26.10339,94.70043,338.42,0.49,0.48,"2026-02-16",622,"N20","nominal","2.0NRT",295.76,12.34,"D"
"24632",26.10262,94.69672,334.92,0.49,0.48,"2026-02-16",622,"N20","nominal","2.0NRT",296.07,10.49,"D"
"24633",25.39015,91.2663,367,0.41,0.61,"2026-02-16",622,"N20","high","2.0NRT",296.85,12.03,"D"
"24634",26.1187,94.55284,342.35,0.5,0.49,"2026-02-16",622,"N20","nominal","2.0NRT",295.66,127.97,"D"
"24635",25.7305,92.71648,328.14,0.33,0.55,"2026-02-16",622,"N20","nominal","2.0NRT",294.4,1.5,"D"
"24636",26.24798,95.14077,367,0.46,0.47,"2026-02-16",622,"N20","high","2.0NRT",336.25,180.58,"D"
"24637",26.24869,95.14426,330.5,0.45,0.47,"2026-02-16",622,"N20","nominal","2.0NRT",300.34,30.68,"D"
"24638",26.25235,95.14042,353.13,0.46,0.47,"2026-02-16",622,"N20","nominal","2.0NRT",299.63,48,"D"
"24639",27.66747,103.45641,328.44,0.41,0.37,"2026-02-16",622,"N20","nominal","2.0NRT",296.69,2.09,"D"
"24640",26.23607,95.01558,341.4,0.46,0.47,"2026-02-16",622,"N20","nominal","2.0NRT",295.2,18.05,"D"
"24641",25.5085,91.60681,346.43,0.39,0.59,"2026-02-16",622,"N20","nominal","2.0NRT",294.19,4.64,"D"
"24642",25.43657,91.29276,342.95,0.41,0.6,"2026-02-16",622,"N20","nominal","2.0NRT",295.03,4.19,"D"
"24643",25.43563,91.28871,334.6,0.41,0.6,"2026-02-16",622,"N20","nominal","2.0NRT",296.93,4.19,"D"
"24644",26.25682,94.82199,337.88,0.47,0.48,"2026-02-16",622,"N20","nominal","2.0NRT",292.03,9.28,"D"
"24645",26.34538,95.0794,338.33,0.46,0.47,"2026-02-16",622,"N20","nominal","2.0NRT",296.75,9.41,"D"
"24646",26.32844,94.68255,336.38,0.48,0.48,"2026-02-16",622,"N20","nominal","2.0NRT",292.46,35.44,"D"
"24647",26.32741,94.67758,343.08,0.48,0.48,"2026-02-16",622,"N20","nominal","2.0NRT",313.39,35.44,"D"
"24648",26.32217,94.6525,347.12,0.48,0.48,"2026-02-16",622,"N20","nominal","2.0NRT",302.71,34.8,"D"
"24649",26.33156,94.6756,348.03,0.48,0.48,"2026-02-16",622,"N20","nominal","2.0NRT",298.93,8.15,"D"
"24650",26.32642,94.65091,340.84,0.48,0.48,"2026-02-16",622,"N20","nominal","2.0NRT",296.5,96.98,"D"
"24651",26.32962,94.64426,367,0.48,0.48,"2026-02-16",622,"N20","high","2.0NRT",336.85,96.98,"D"
"24652",26.33067,94.64931,346.01,0.48,0.48,"2026-02-16",622,"N20","nominal","2.0NRT",300.06,96.98,"D"
"24653",26.33493,94.64779,340.34,0.48,0.48,"2026-02-16",622,"N20","nominal","2.0NRT",293.83,105.96,"D"
"24654",26.33294,94.63819,328.34,0.48,0.48,"2026-02-16",622,"N20","nominal","2.0NRT",293.93,14.97,"D"
"24655",26.14164,93.73341,341.35,0.55,0.51,"2026-02-16",622,"N20","nominal","2.0NRT",300.16,5.37,"D"
"24656",26.33392,94.64293,308.56,0.48,0.48,"2026-02-16",622,"N20","low","2.0NRT",320.03,105.96,"D"
"24657",25.78492,92.09882,331.51,0.36,0.57,"2026-02-16",622,"N20","nominal","2.0NRT",292.45,2.19,"D"
"24658",27.80736,103.02981,346.29,0.4,0.37,"2026-02-16",622,"N20","nominal","2.0NRT",295.08,3.45,"D"
"24659",26.69807,96.3322,330.29,0.57,0.43,"2026-02-16",622,"N20","nominal","2.0NRT",295.74,4.17,"D"
"24660",26.06684,93.15638,335.92,0.6,0.53,"2026-02-16",622,"N20","nominal","2.0NRT",299.94,7.92,"D"
"24661",27.72394,102.21521,335.78,0.39,0.36,"2026-02-16",622,"N20","low","2.0NRT",306.98,20.6,"D"
"24662",27.85474,103.02511,326.33,0.4,0.37,"2026-02-16",622,"N20","low","2.0NRT",297.67,1.59,"D"
"24663",27.87467,103.07889,335.16,0.4,0.37,"2026-02-16",622,"N20","nominal","2.0NRT",295.52,2.33,"D"
"24664",26.5521,95.27741,325.62,0.44,0.46,"2026-02-16",622,"N20","nominal","2.0NRT",293.07,3.51,"D"
"24665",26.32453,94.00737,338.92,0.53,0.5,"2026-02-16",622,"N20","nominal","2.0NRT",299.53,13.19,"D"
"24666",25.99434,92.34914,330.12,0.34,0.56,"2026-02-16",622,"N20","nominal","2.0NRT",293.63,1.12,"D"
"24667",27.23828,98.51447,346.43,0.44,0.39,"2026-02-16",622,"N20","nominal","2.0NRT",297.4,7.4,"D"
"24668",27.24181,98.51391,341.88,0.44,0.39,"2026-02-16",622,"N20","nominal","2.0NRT",291.44,7.4,"D"
"24669",27.2411,98.50982,330.81,0.44,0.39,"2026-02-16",622,"N20","nominal","2.0NRT",297.07,7.4,"D"
"24670",27.24463,98.50931,329.61,0.44,0.39,"2026-02-16",622,"N20","nominal","2.0NRT",298.11,18.73,"D"
"24671",26.7007,95.05622,338.17,0.45,0.47,"2026-02-16",622,"N20","nominal","2.0NRT",295.35,3.97,"D"
"24672",26.24433,92.67369,333.7,0.32,0.55,"2026-02-16",622,"N20","nominal","2.0NRT",298.34,1.96,"D"
"24673",26.98317,96.19057,332.21,0.38,0.44,"2026-02-16",622,"N20","nominal","2.0NRT",295.24,4.08,"D"
"24674",26.98861,96.19738,346.68,0.38,0.43,"2026-02-16",622,"N20","nominal","2.0NRT",296.1,6.64,"D"
"24675",26.16395,92.24473,326.47,0.34,0.56,"2026-02-16",622,"N20","nominal","2.0NRT",296.73,0.68,"D"
"24676",26.76449,94.84975,338.6,0.46,0.47,"2026-02-16",622,"N20","nominal","2.0NRT",294.69,15.67,"D"
"24677",26.76875,94.84863,327.02,0.46,0.47,"2026-02-16",622,"N20","nominal","2.0NRT",292.54,4.17,"D"
"24678",27.07867,96.32553,333.82,0.57,0.43,"2026-02-16",622,"N20","nominal","2.0NRT",297.77,21.74,"D"
"24679",27.07881,96.32922,330.39,0.56,0.43,"2026-02-16",622,"N20","nominal","2.0NRT",296.8,6.9,"D"
"24680",27.0828,96.32874,328.56,0.56,0.43,"2026-02-16",622,"N20","nominal","2.0NRT",293.24,6.9,"D"
"24681",27.29227,97.36436,330.67,0.5,0.41,"2026-02-16",622,"N20","nominal","2.0NRT",293.09,3.31,"D"
"24682",27.23411,96.97108,326.25,0.52,0.42,"2026-02-16",622,"N20","nominal","2.0NRT",289.96,6.19,"D"
"24683",26.86097,95.04822,344.98,0.45,0.47,"2026-02-16",622,"N20","nominal","2.0NRT",298.95,6.33,"D"
"24684",26.00472,91.14903,353.37,0.4,0.6,"2026-02-16",622,"N20","nominal","2.0NRT",296.66,7.61,"D"
"24685",26.00381,91.14515,329.15,0.4,0.6,"2026-02-16",622,"N20","nominal","2.0NRT",295.99,5.67,"D"
"24686",27.00417,95.73936,325.04,0.41,0.45,"2026-02-16",622,"N20","nominal","2.0NRT",289.39,2.17,"D"
"24687",27.34869,97.44196,328.74,0.49,0.4,"2026-02-16",622,"N20","nominal","2.0NRT",298.51,2.72,"D"
"24688",27.3478,97.43707,334.88,0.49,0.4,"2026-02-16",622,"N20","nominal","2.0NRT",298.13,3.63,"D"
"24689",26.91297,95.10905,340.17,0.44,0.46,"2026-02-16",622,"N20","nominal","2.0NRT",299.99,18.99,"D"
"24690",27.10519,96.0637,331.63,0.39,0.44,"2026-02-16",622,"N20","nominal","2.0NRT",292.18,2.83,"D"
"24691",27.36226,97.30667,325.17,0.5,0.41,"2026-02-16",622,"N20","nominal","2.0NRT",294.43,2.81,"D"
"24692",27.36598,97.30598,343.28,0.5,0.41,"2026-02-16",622,"N20","nominal","2.0NRT",294.78,8.42,"D"
"24693",27.40011,97.41647,326.85,0.49,0.4,"2026-02-16",622,"N20","nominal","2.0NRT",297.18,1.42,"D"
"24694",26.78139,94.24539,330.63,0.5,0.49,"2026-02-16",622,"N20","nominal","2.0NRT",297.7,2.97,"D"
"24695",27.39697,97.27592,333.92,0.5,0.41,"2026-02-16",622,"N20","nominal","2.0NRT",294.24,8.58,"D"
"24696",26.98052,95.13878,339.02,0.44,0.46,"2026-02-16",622,"N20","nominal","2.0NRT",295.5,6.65,"D"
"24697",27.18376,96.13668,333.06,0.38,0.43,"2026-02-16",622,"N20","nominal","2.0NRT",295.16,3.52,"D"
"24698",27.1862,96.12812,328.35,0.38,0.44,"2026-02-16",622,"N20","nominal","2.0NRT",293.54,2.07,"D"
"24699",27.17181,96.05444,334.72,0.39,0.44,"2026-02-16",622,"N20","nominal","2.0NRT",290.45,3.2,"D"
"24700",26.57523,93.15343,341.51,0.59,0.53,"2026-02-16",622,"N20","nominal","2.0NRT",298.09,11.84,"D"
"24701",26.57396,93.14764,326.43,0.59,0.53,"2026-02-16",622,"N20","nominal","2.0NRT",295.71,11.84,"D"
"24702",26.6578,93.48817,335.18,0.56,0.51,"2026-02-16",622,"N20","nominal","2.0NRT",296.28,3.34,"D"
"24703",26.67749,93.48872,367,0.56,0.51,"2026-02-16",622,"N20","high","2.0NRT",297.45,28.3,"D"
"24704",26.67632,93.48325,328.3,0.56,0.51,"2026-02-16",622,"N20","nominal","2.0NRT",298.59,20.32,"D"
"24705",27.06359,95.33493,350.52,0.43,0.46,"2026-02-16",622,"N20","nominal","2.0NRT",293.18,7.12,"D"
"24706",26.67506,93.45451,339.79,0.56,0.52,"2026-02-16",622,"N20","nominal","2.0NRT",296.87,14.28,"D"
"24707",26.67853,93.44777,346.6,0.56,0.52,"2026-02-16",622,"N20","nominal","2.0NRT",298.64,14.3,"D"
"24708",26.51838,92.70866,327.91,0.63,0.54,"2026-02-16",622,"N20","nominal","2.0NRT",294.82,4.64,"D"
"24709",26.68199,93.44102,350.14,0.56,0.52,"2026-02-16",622,"N20","nominal","2.0NRT",300.07,14.3,"D"
"24710",27.07412,95.3226,339.83,0.43,0.46,"2026-02-16",622,"N20","nominal","2.0NRT",293.99,5.99,"D"
"24711",27.06492,95.27632,342.74,0.43,0.46,"2026-02-16",622,"N20","nominal","2.0NRT",295.2,4.61,"D"
"24712",26.68663,93.43982,336.94,0.56,0.52,"2026-02-16",622,"N20","nominal","2.0NRT",294.88,4.05,"D"
"24713",26.67837,93.40105,337.22,0.57,0.52,"2026-02-16",622,"N20","nominal","2.0NRT",298.23,4.77,"D"
"24714",26.69826,93.44836,338.22,0.56,0.52,"2026-02-16",622,"N20","nominal","2.0NRT",295.85,7.17,"D"
"24715",26.69709,93.44286,329.66,0.56,0.52,"2026-02-16",622,"N20","nominal","2.0NRT",295.41,6.16,"D"
"24716",26.70289,93.44711,345.02,0.56,0.52,"2026-02-16",622,"N20","nominal","2.0NRT",295.76,7.17,"D"
"24717",26.70172,93.44159,339.76,0.56,0.52,"2026-02-16",622,"N20","nominal","2.0NRT",297.77,6.16,"D"
"24718",26.68629,93.34579,348.04,0.57,0.52,"2026-02-16",622,"N20","nominal","2.0NRT",298.1,12.08,"D"
"24719",26.6851,93.34019,341.33,0.57,0.52,"2026-02-16",622,"N20","nominal","2.0NRT",299.16,11.63,"D"
"24720",27.20155,95.86523,334.46,0.4,0.44,"2026-02-16",622,"N20","nominal","2.0NRT",295.28,2.51,"D"
"24721",26.69957,93.44588,353.47,0.56,0.52,"2026-02-16",622,"N20","nominal","2.0NRT",298.38,8.13,"D"
"24722",26.69836,93.44039,337.63,0.56,0.52,"2026-02-16",622,"N20","nominal","2.0NRT",297.05,8.13,"D"
"24723",26.68694,93.34362,352.21,0.57,0.52,"2026-02-16",622,"N20","nominal","2.0NRT",298.01,9.11,"D"
"24724",26.68571,93.33804,332.82,0.57,0.52,"2026-02-16",622,"N20","nominal","2.0NRT",294.93,9.11,"D"
"24725",26.8513,94.01375,329.16,0.52,0.5,"2026-02-16",622,"N20","low","2.0NRT",299.59,4.19,"D"
"24726",26.85022,94.00867,336.01,0.52,0.5,"2026-02-16",622,"N20","nominal","2.0NRT",300.83,5.44,"D"
"24727",26.72017,93.40538,340.32,0.56,0.52,"2026-02-16",622,"N20","nominal","2.0NRT",297.78,16.03,"D"
"24728",26.71896,93.3998,333.35,0.56,0.52,"2026-02-16",622,"N20","nominal","2.0NRT",301.37,16.03,"D"
"24729",27.19808,95.63219,339,0.41,0.45,"2026-02-16",622,"N20","nominal","2.0NRT",294.68,5.22,"D"
"24730",27.53755,97.3822,339.95,0.49,0.4,"2026-02-16",622,"N20","nominal","2.0NRT",294.5,8.23,"D"
"24731",27.54122,97.38137,337.41,0.49,0.4,"2026-02-16",622,"N20","nominal","2.0NRT",296.24,8.23,"D"
"24732",27.27796,95.97358,339.14,0.39,0.44,"2026-02-16",622,"N20","nominal","2.0NRT",294.19,3.35,"D"
"24733",26.65477,92.96972,347.35,0.6,0.53,"2026-02-16",622,"N20","nominal","2.0NRT",298.21,8.87,"D"
"24734",26.65348,92.96384,340.02,0.6,0.53,"2026-02-16",622,"N20","nominal","2.0NRT",298.16,16.16,"D"
"24735",26.65954,92.96843,326.61,0.6,0.53,"2026-02-16",622,"N20","nominal","2.0NRT",297.22,8.87,"D"
"24736",26.64333,92.73152,326.39,0.62,0.54,"2026-02-16",622,"N20","low","2.0NRT",296.77,3.11,"D"
"24737",26.89804,93.76212,341.77,0.53,0.5,"2026-02-16",622,"N20","nominal","2.0NRT",297.33,5.78,"D"
"24738",26.89758,93.76054,340.91,0.53,0.5,"2026-02-16",622,"N20","nominal","2.0NRT",296.69,4.72,"D"
"24739",26.51533,91.90321,331.74,0.35,0.57,"2026-02-16",622,"N20","nominal","2.0NRT",296.63,2.3,"D"
"24740",27.49336,96.49968,337.45,0.54,0.42,"2026-02-16",622,"N20","nominal","2.0NRT",301.55,7.28,"D"
"24741",27.49719,96.49873,346.58,0.54,0.42,"2026-02-16",622,"N20","nominal","2.0NRT",304.58,12.42,"D"
"24742",27.46023,96.1356,338.45,0.57,0.43,"2026-02-16",622,"N20","nominal","2.0NRT",299.11,5.64,"D"
"24743",27.46415,96.13465,341.07,0.57,0.43,"2026-02-16",622,"N20","nominal","2.0NRT",298.55,5.64,"D"
"24744",27.5097,96.12149,334.05,0.57,0.43,"2026-02-16",622,"N20","nominal","2.0NRT",302.36,3.61,"D"
"24745",26.93289,93.30472,326.96,0.57,0.52,"2026-02-16",622,"N20","nominal","2.0NRT",295.55,3.28,"D"
"24746",26.6652,92.05531,327.07,0.34,0.56,"2026-02-16",622,"N20","nominal","2.0NRT",296.06,1.57,"D"
"24747",27.49564,95.94388,325.05,0.39,0.44,"2026-02-16",622,"N20","low","2.0NRT",297.02,2.5,"D"
"24748",26.90081,93.04365,332.17,0.59,0.53,"2026-02-16",622,"N20","nominal","2.0NRT",298.76,6.91,"D"
"24749",27.33541,94.98396,340.23,0.44,0.46,"2026-02-16",622,"N20","nominal","2.0NRT",297.53,4.03,"D"
"24750",27.10217,93.82542,339.25,0.52,0.5,"2026-02-16",622,"N20","nominal","2.0NRT",297.06,4.66,"D"
"24751",27.58681,96.13972,327.31,0.57,0.43,"2026-02-16",622,"N20","nominal","2.0NRT",294.25,2.63,"D"
"24752",27.58603,96.13837,329.14,0.57,0.43,"2026-02-16",622,"N20","nominal","2.0NRT",294.85,4.36,"D"
"24753",27.46895,95.42477,336.09,0.42,0.45,"2026-02-16",622,"N20","nominal","2.0NRT",296.95,1.36,"D"
"24754",27.04847,93.30748,350.36,0.56,0.52,"2026-02-16",622,"N20","nominal","2.0NRT",296.6,30.61,"D"
"24755",27.69236,96.24614,333.19,0.56,0.43,"2026-02-16",622,"N20","nominal","2.0NRT",303.57,4.87,"D"
"24756",26.74941,91.46394,340.8,0.37,0.58,"2026-02-16",622,"N20","nominal","2.0NRT",298.7,4.63,"D"
"24757",26.8776,91.9986,326.85,0.34,0.56,"2026-02-16",622,"N20","nominal","2.0NRT",294.06,1.92,"D"
"24758",26.54498,90.57123,347.75,0.42,0.61,"2026-02-16",622,"N20","nominal","2.0NRT",294.2,4.32,"D"
"24759",26.91628,92.12241,327.61,0.33,0.56,"2026-02-16",622,"N20","nominal","2.0NRT",297.98,2.67,"D"
"24760",26.72286,91.08286,351.25,0.39,0.59,"2026-02-16",622,"N20","nominal","2.0NRT",296.87,5.59,"D"
"24761",27.82339,96.27457,332.02,0.55,0.43,"2026-02-16",622,"N20","nominal","2.0NRT",299.62,2.96,"D"
"24762",26.70231,90.91995,367,0.4,0.6,"2026-02-16",622,"N20","high","2.0NRT",296.31,11.96,"D"
"24763",27.82725,96.27363,326.6,0.55,0.43,"2026-02-16",622,"N20","low","2.0NRT",296.76,2.96,"D"
"24764",26.70141,90.91602,355.97,0.4,0.6,"2026-02-16",622,"N20","nominal","2.0NRT",298.9,11.96,"D"
"24765",26.7005,90.91211,342.07,0.4,0.6,"2026-02-16",622,"N20","nominal","2.0NRT",295.36,10.29,"D"
"24766",26.72439,91.07944,348.03,0.39,0.59,"2026-02-16",622,"N20","nominal","2.0NRT",296.62,7.6,"D"
"24767",27.85189,96.27185,330.5,0.55,0.43,"2026-02-16",622,"N20","nominal","2.0NRT",300.45,2.23,"D"
"24768",26.70282,90.917,367,0.4,0.6,"2026-02-16",622,"N20","high","2.0NRT",299.34,10.6,"D"
"24769",26.70096,90.90917,367,0.4,0.6,"2026-02-16",622,"N20","high","2.0NRT",296.97,8.09,"D"
"24770",26.70376,90.92091,331.07,0.4,0.6,"2026-02-16",622,"N20","nominal","2.0NRT",295.12,10.6,"D"
"24771",26.70189,90.91308,348.37,0.4,0.6,"2026-02-16",622,"N20","nominal","2.0NRT",296.41,8.09,"D"
"24772",26.73028,91.00844,367,0.39,0.6,"2026-02-16",622,"N20","high","2.0NRT",295.31,11.57,"D"
"24773",26.72937,91.00462,335.42,0.39,0.6,"2026-02-16",622,"N20","nominal","2.0NRT",294.43,6.47,"D"
"24774",26.70633,90.90764,332.96,0.4,0.6,"2026-02-16",622,"N20","nominal","2.0NRT",294.23,8.09,"D"
"24775",26.7054,90.90372,326.21,0.4,0.6,"2026-02-16",622,"N20","nominal","2.0NRT",295.41,8.12,"D"
"24776",29.18844,104.47987,332.15,0.45,0.39,"2026-02-16",622,"N20","nominal","2.0NRT",291.32,3.95,"D"
"24777",26.73505,90.9078,325.17,0.4,0.6,"2026-02-16",622,"N20","nominal","2.0NRT",294.46,3.28,"D"
"24778",26.74946,90.92033,367,0.4,0.6,"2026-02-16",622,"N20","high","2.0NRT",298.73,30.49,"D"
"24779",26.74854,90.91641,327.87,0.4,0.6,"2026-02-16",622,"N20","nominal","2.0NRT",295.83,41.54,"D"
"24780",26.75483,90.9188,367,0.4,0.6,"2026-02-16",622,"N20","high","2.0NRT",301.33,30.49,"D"
"24781",27.62048,94.87376,337.94,0.44,0.46,"2026-02-16",622,"N20","nominal","2.0NRT",298.96,2.87,"D"
"24782",26.75574,90.92271,325.7,0.4,0.6,"2026-02-16",622,"N20","nominal","2.0NRT",296.92,30.49,"D"
"24783",26.75299,90.911,347.19,0.4,0.6,"2026-02-16",622,"N20","nominal","2.0NRT",299.73,41.54,"D"
"24784",26.75391,90.91488,296.73,0.4,0.6,"2026-02-16",622,"N20","low","2.0NRT",315,41.54,"D"
"24785",26.7593,90.91347,367,0.4,0.6,"2026-02-16",622,"N20","high","2.0NRT",294.19,11.66,"D"
"24786",26.76569,90.9407,342.63,0.4,0.6,"2026-02-16",622,"N20","nominal","2.0NRT",294.93,12.82,"D"
"24787",26.76476,90.93678,355.26,0.4,0.6,"2026-02-16",622,"N20","nominal","2.0NRT",300.06,21.26,"D"
"24788",26.76111,90.92117,345.77,0.4,0.6,"2026-02-16",622,"N20","nominal","2.0NRT",295.68,7.03,"D"
"24789",26.7602,90.91732,340.72,0.4,0.6,"2026-02-16",622,"N20","nominal","2.0NRT",294.18,7.03,"D"
"24790",27.6741,94.96571,343.61,0.44,0.46,"2026-02-16",622,"N20","nominal","2.0NRT",301.36,7.88,"D"
"24791",27.81806,95.61015,343.54,0.4,0.44,"2026-02-16",622,"N20","nominal","2.0NRT",304.57,7,"D"
"24792",27.81862,95.6104,341.83,0.4,0.44,"2026-02-16",622,"N20","nominal","2.0NRT",304.57,4.32,"D"
"24793",27.70845,95.00357,336.7,0.43,0.46,"2026-02-16",622,"N20","nominal","2.0NRT",299.93,4.11,"D"
"24794",27.71348,95.00683,329.65,0.43,0.46,"2026-02-16",622,"N20","low","2.0NRT",301.43,4.11,"D"
"24795",28.1122,96.99986,346.6,0.5,0.41,"2026-02-16",622,"N20","nominal","2.0NRT",285.73,12.19,"D"
"24796",26.77336,90.67938,338.92,0.41,0.61,"2026-02-16",622,"N20","nominal","2.0NRT",294.46,3.87,"D"
"24797",27.84679,95.49832,327.25,0.4,0.45,"2026-02-16",622,"N20","nominal","2.0NRT",296.18,1.13,"D"
"24798",27.84525,95.42648,342.12,0.41,0.45,"2026-02-16",622,"N20","nominal","2.0NRT",302.8,13.75,"D"
"24799",27.84444,95.42241,337.37,0.41,0.45,"2026-02-16",622,"N20","nominal","2.0NRT",301.88,5.57,"D"
"24800",27.84848,95.42139,332.16,0.41,0.45,"2026-02-16",622,"N20","nominal","2.0NRT",301.14,5.57,"D"
"24801",29.43489,104.8431,328.05,0.47,0.4,"2026-02-16",622,"N20","nominal","2.0NRT",291.74,1.58,"D"
"24802",29.35908,104.18156,334.15,0.44,0.39,"2026-02-16",622,"N20","nominal","2.0NRT",294.03,7.04,"D"
"24803",27.97626,95.57628,350.64,0.4,0.44,"2026-02-16",622,"N20","nominal","2.0NRT",298.38,13.46,"D"
"24804",29.45985,104.74506,329.43,0.47,0.4,"2026-02-16",622,"N20","nominal","2.0NRT",290.94,2.71,"D"
"24805",29.45924,104.74026,329.33,0.47,0.4,"2026-02-16",622,"N20","nominal","2.0NRT",291.7,2.71,"D"
"24806",29.48171,104.86045,326,0.48,0.4,"2026-02-16",622,"N20","nominal","2.0NRT",291.3,2.2,"D"
"24807",27.94279,95.14863,336.31,0.42,0.45,"2026-02-16",622,"N20","nominal","2.0NRT",297.89,4.43,"D"
"24808",28.06021,95.72888,329.31,0.39,0.44,"2026-02-16",622,"N20","nominal","2.0NRT",298.77,3.19,"D"
"24809",28.05777,95.72872,327.47,0.39,0.44,"2026-02-16",622,"N20","nominal","2.0NRT",299.44,2.6,"D"
"24810",27.94478,95.14806,336.58,0.42,0.45,"2026-02-16",622,"N20","nominal","2.0NRT",295.74,5.74,"D"
"24811",28.05256,95.61911,332,0.4,0.44,"2026-02-16",622,"N20","nominal","2.0NRT",296.77,2.27,"D"
"24812",28.06287,95.62895,325.12,0.39,0.44,"2026-02-16",622,"N20","low","2.0NRT",296.43,1.81,"D"
"24813",28.19763,95.67047,338.16,0.39,0.44,"2026-02-16",622,"N20","nominal","2.0NRT",298.6,2.72,"D"
"24814",28.18997,95.63169,342.04,0.39,0.44,"2026-02-16",622,"N20","nominal","2.0NRT",300.98,5.86,"D"
"24815",28.19394,95.63074,353.48,0.39,0.44,"2026-02-16",622,"N20","nominal","2.0NRT",299.87,5.86,"D"
"24816",28.2571,95.65628,341.23,0.39,0.44,"2026-02-16",622,"N20","nominal","2.0NRT",300.07,5.64,"D"
"24817",29.74513,104.91988,330.39,0.48,0.4,"2026-02-16",622,"N20","nominal","2.0NRT",292.55,2.2,"D"
"24818",29.8791,105.7985,325.48,0.53,0.42,"2026-02-16",622,"N20","nominal","2.0NRT",284.14,1.58,"D"
"24819",29.86157,103.97335,333.32,0.44,0.38,"2026-02-16",622,"N20","nominal","2.0NRT",287.34,3.35,"D"
"24820",30.35113,105.29699,336.43,0.51,0.41,"2026-02-16",622,"N20","nominal","2.0NRT",283.99,5.75,"D"
"24821",30.88595,104.66761,327.71,0.48,0.4,"2026-02-16",622,"N20","nominal","2.0NRT",291.72,3.4,"D"
"24822",31.46824,103.02763,335.93,0.42,0.38,"2026-02-16",622,"N20","nominal","2.0NRT",290.31,3.77,"D"
"24823",32.74156,105.23875,344.44,0.54,0.42,"2026-02-16",624,"N20","nominal","2.0NRT",289.47,9.05,"D"
"24824",33.78059,106.07735,328.37,0.41,0.45,"2026-02-16",624,"N20","nominal","2.0NRT",291.71,2.25,"D"
"24825",33.81021,106.0416,350.23,0.41,0.45,"2026-02-16",624,"N20","nominal","2.0NRT",293.8,11.16,"D"
"24826",35.15974,105.99499,330.81,0.42,0.45,"2026-02-16",624,"N20","nominal","2.0NRT",285.49,2.26,"D"
"24827",35.31786,107.21194,336.84,0.49,0.48,"2026-02-16",624,"N20","nominal","2.0NRT",288.79,4.8,"D"
"24828",37.54581,108.2692,336.13,0.59,0.53,"2026-02-16",624,"N20","nominal","2.0NRT",288.77,2.96,"D"
"24829",37.86782,110.07278,335.73,0.37,0.58,"2026-02-16",624,"N20","nominal","2.0NRT",287.36,2.57,"D"
"24830",37.59643,106.26892,347.97,0.46,0.47,"2026-02-16",624,"N20","nominal","2.0NRT",280.22,9.96,"D"
"24831",37.59744,106.27003,339.44,0.46,0.47,"2026-02-16",624,"N20","nominal","2.0NRT",278.59,6.89,"D"
"24832",38.88338,115.757,341.18,0.77,0.78,"2026-02-16",624,"N20","nominal","2.0NRT",281.48,12.35,"D"
"24833",38.88501,115.75736,351.78,0.78,0.78,"2026-02-16",624,"N20","nominal","2.0NRT",282.75,10.21,"D"
"24834",38.95009,115.75766,339.58,0.78,0.78,"2026-02-16",624,"N20","nominal","2.0NRT",282.34,6.31,"D"
"24835",39.19922,110.3258,340.97,0.4,0.6,"2026-02-16",624,"N20","nominal","2.0NRT",285.46,9.26,"D"
"24836",39.19942,110.33,356.32,0.4,0.6,"2026-02-16",624,"N20","low","2.0NRT",283.21,9.26,"D"
"24837",39.38149,106.89215,326.48,0.52,0.5,"2026-02-16",626,"N20","nominal","2.0NRT",278.79,2.87,"D"
"24838",39.65654,110.40293,339.16,0.4,0.6,"2026-02-16",626,"N20","nominal","2.0NRT",284.16,6.96,"D"
"24839",40.26342,114.82539,328.73,0.7,0.75,"2026-02-16",626,"N20","nominal","2.0NRT",281.48,6.39,"D"
"24840",40.3285,112.30997,344.51,0.52,0.67,"2026-02-16",626,"N20","nominal","2.0NRT",282.73,4.94,"D"
"24841",40.27877,110.74435,341.9,0.43,0.62,"2026-02-16",626,"N20","nominal","2.0NRT",278.19,3.22,"D"
"24842",40.37237,111.61676,337.08,0.48,0.64,"2026-02-16",626,"N20","nominal","2.0NRT",283.63,4.59,"D"
"24843",40.37518,111.61572,344.23,0.48,0.64,"2026-02-16",626,"N20","nominal","2.0NRT",283.81,6.79,"D"
"24844",40.3687,110.66064,331.87,0.42,0.61,"2026-02-16",626,"N20","nominal","2.0NRT",276.57,2.49,"D"
"24845",40.39165,110.93793,341.88,0.44,0.62,"2026-02-16",626,"N20","nominal","2.0NRT",282.71,4.07,"D"
"24846",40.40764,110.63789,327.4,0.42,0.61,"2026-02-16",626,"N20","nominal","2.0NRT",277.76,2.41,"D"
"24847",40.41355,110.64259,344.89,0.42,0.61,"2026-02-16",626,"N20","nominal","2.0NRT",281.64,5.67,"D"
"24848",40.45489,111.50535,337.08,0.47,0.64,"2026-02-16",626,"N20","nominal","2.0NRT",282.65,3.33,"D"
"24849",40.41719,110.59686,346.02,0.42,0.61,"2026-02-16",626,"N20","nominal","2.0NRT",284.51,5.46,"D"
"24850",40.41954,110.59828,344.87,0.42,0.61,"2026-02-16",626,"N20","nominal","2.0NRT",281.35,6.81,"D"
"24851",40.45297,111.35198,340.42,0.46,0.64,"2026-02-16",626,"N20","nominal","2.0NRT",281.61,4.07,"D"
"24852",40.50128,111.73365,325.14,0.48,0.65,"2026-02-16",626,"N20","nominal","2.0NRT",285.23,3.53,"D"
"24853",40.46911,110.55976,353.72,0.42,0.61,"2026-02-16",626,"N20","nominal","2.0NRT",282.57,9.34,"D"
"24854",40.50466,111.31042,350.24,0.46,0.63,"2026-02-16",626,"N20","nominal","2.0NRT",283.75,8.38,"D"
"24855",40.50446,111.30491,342.64,0.46,0.63,"2026-02-16",626,"N20","nominal","2.0NRT",281.65,8.38,"D"
"24856",40.50486,111.31593,356.32,0.46,0.64,"2026-02-16",626,"N20","low","2.0NRT",279.84,11.73,"D"
"24857",40.50933,111.27711,337.02,0.46,0.63,"2026-02-16",626,"N20","nominal","2.0NRT",281.16,2.68,"D"
"24858",40.48633,110.56369,351.3,0.42,0.61,"2026-02-16",626,"N20","nominal","2.0NRT",280.51,8.42,"D"
"24859",40.49572,110.64902,326.34,0.42,0.61,"2026-02-16",626,"N20","nominal","2.0NRT",281.3,2.53,"D"
"24860",40.48492,110.4044,327.49,0.41,0.61,"2026-02-16",626,"N20","nominal","2.0NRT",268.7,4.05,"D"
"24861",40.52821,111.30914,352.13,0.46,0.63,"2026-02-16",626,"N20","nominal","2.0NRT",282.8,5.9,"D"
"24862",40.53221,111.25941,347.91,0.46,0.63,"2026-02-16",626,"N20","nominal","2.0NRT",281.68,4.99,"D"
"24863",40.5366,111.22092,338.87,0.45,0.63,"2026-02-16",626,"N20","nominal","2.0NRT",278.46,2.98,"D"
"24864",40.52188,110.85876,336.47,0.43,0.62,"2026-02-16",626,"N20","nominal","2.0NRT",280.95,3.62,"D"
"24865",40.52166,110.85355,337.34,0.43,0.62,"2026-02-16",626,"N20","nominal","2.0NRT",282.01,3.62,"D"
"24866",40.50064,110.37869,337.28,0.41,0.61,"2026-02-16",626,"N20","nominal","2.0NRT",271.09,3.01,"D"
"24867",40.50786,110.41273,355.7,0.41,0.61,"2026-02-16",626,"N20","nominal","2.0NRT",276.66,8.48,"D"
"24868",40.50603,110.37341,325.67,0.41,0.61,"2026-02-16",626,"N20","nominal","2.0NRT",275.58,3.77,"D"
"24869",40.55729,111.45229,327.77,0.47,0.64,"2026-02-16",626,"N20","nominal","2.0NRT",280.39,4.93,"D"
"24870",40.55539,111.40202,347.31,0.46,0.64,"2026-02-16",626,"N20","nominal","2.0NRT",281.05,4.01,"D"
"24871",40.55348,111.35211,338.21,0.46,0.64,"2026-02-16",626,"N20","nominal","2.0NRT",280,5.76,"D"
"24872",40.51302,110.40251,334.25,0.41,0.61,"2026-02-16",626,"N20","nominal","2.0NRT",276.5,4.68,"D"
"24873",40.51279,110.39759,345.5,0.41,0.61,"2026-02-16",626,"N20","nominal","2.0NRT",279.66,4.68,"D"
"24874",40.51233,110.38776,341.13,0.41,0.61,"2026-02-16",626,"N20","nominal","2.0NRT",275.89,4.94,"D"
"24875",40.56245,111.27979,341.83,0.46,0.63,"2026-02-16",626,"N20","nominal","2.0NRT",279.27,6.88,"D"
"24876",40.57228,111.37891,340.76,0.46,0.64,"2026-02-16",626,"N20","nominal","2.0NRT",282.67,5.34,"D"
"24877",40.56591,111.21934,352,0.45,0.63,"2026-02-16",626,"N20","nominal","2.0NRT",283.05,10.98,"D"
"24878",40.53385,110.48541,348.44,0.42,0.61,"2026-02-16",626,"N20","nominal","2.0NRT",281.41,7.2,"D"
"24879",40.53222,110.45074,328.26,0.41,0.61,"2026-02-16",626,"N20","nominal","2.0NRT",280.12,3.87,"D"
"24880",40.57841,111.38416,335.31,0.46,0.64,"2026-02-16",626,"N20","nominal","2.0NRT",278.59,5.34,"D"
"24881",40.57819,111.37862,339.39,0.46,0.64,"2026-02-16",626,"N20","nominal","2.0NRT",281.03,5.34,"D"
"24882",40.5107,110.39822,339.4,0.41,0.61,"2026-02-16",626,"N20","nominal","2.0NRT",278.19,6.21,"D"
"24883",40.55478,111.44851,331.89,0.47,0.64,"2026-02-16",626,"N20","nominal","2.0NRT",281.26,3.66,"D"
"24884",40.51633,110.39785,333.43,0.41,0.61,"2026-02-16",626,"N20","nominal","2.0NRT",279.58,6.21,"D"
"24885",40.55907,111.39779,344.12,0.47,0.64,"2026-02-16",626,"N20","nominal","2.0NRT",283.07,6.83,"D"
"24886",40.56109,111.28126,345.02,0.46,0.63,"2026-02-16",626,"N20","nominal","2.0NRT",279.34,5.8,"D"
"24887",40.53166,110.49602,331.49,0.42,0.61,"2026-02-16",626,"N20","nominal","2.0NRT",281.54,3.29,"D"
"24888",40.5711,111.40276,344.49,0.47,0.64,"2026-02-16",626,"N20","nominal","2.0NRT",278.41,6.33,"D"
"24889",40.53546,110.45102,333.98,0.41,0.61,"2026-02-16",626,"N20","nominal","2.0NRT",281.86,3.87,"D"
"24890",40.51868,109.71182,339.68,0.38,0.59,"2026-02-16",626,"N20","nominal","2.0NRT",280.67,5.65,"D"
"24891",40.65612,111.15003,335.25,0.45,0.63,"2026-02-16",626,"N20","nominal","2.0NRT",281.09,7.56,"D"
"24892",40.6726,111.41994,338.15,0.47,0.64,"2026-02-16",626,"N20","nominal","2.0NRT",283.52,3.89,"D"
"24893",40.66197,111.14968,350.68,0.45,0.63,"2026-02-16",626,"N20","nominal","2.0NRT",285.77,7.56,"D"
"24894",40.67343,111.14357,339.32,0.45,0.63,"2026-02-16",626,"N20","nominal","2.0NRT",282.81,7.54,"D"
"24895",40.64938,111.15302,335.37,0.45,0.63,"2026-02-16",626,"N20","nominal","2.0NRT",283.11,3.13,"D"
"24896",40.65504,111.14723,351.95,0.45,0.63,"2026-02-16",626,"N20","nominal","2.0NRT",283.96,8.06,"D"
"24897",40.66108,111.1523,354.99,0.45,0.63,"2026-02-16",626,"N20","nominal","2.0NRT",283.45,8.06,"D"
"24898",40.61483,109.75462,341.76,0.38,0.59,"2026-02-16",626,"N20","nominal","2.0NRT",278.87,3.88,"D"
"24899",40.59526,109.15347,341.31,0.35,0.57,"2026-02-16",626,"N20","nominal","2.0NRT",283.82,4.63,"D"
"24900",40.59504,109.14923,352.07,0.35,0.57,"2026-02-16",626,"N20","nominal","2.0NRT",288.59,4.63,"D"
"24901",40.63263,109.56378,344.98,0.37,0.58,"2026-02-16",626,"N20","nominal","2.0NRT",283.07,5.14,"D"
"24902",40.98668,112.38729,356.05,0.53,0.67,"2026-02-16",626,"N20","nominal","2.0NRT",288.06,7.88,"D"
"24903",39.80938,98.29939,325.28,0.38,0.36,"2026-02-16",626,"N20","nominal","2.0NRT",283.35,2.41,"D"
"24904",39.82309,98.27747,326.58,0.38,0.36,"2026-02-16",626,"N20","nominal","2.0NRT",282.62,1.8,"D"
"24905",39.84341,98.27699,331.41,0.38,0.36,"2026-02-16",626,"N20","nominal","2.0NRT",284.39,2.57,"D"
"24906",41.52734,108.21522,338.29,0.32,0.55,"2026-02-16",626,"N20","nominal","2.0NRT",282.69,3.02,"D"
"24907",42.69711,93.56345,331.04,0.43,0.38,"2026-02-16",626,"N20","nominal","2.0NRT",290.63,1.77,"D"
"24908",43.67793,95.02374,338.87,0.39,0.36,"2026-02-16",626,"N20","nominal","2.0NRT",306.01,14.23,"D"
"24909",43.67887,94.98809,332.27,0.39,0.36,"2026-02-16",626,"N20","nominal","2.0NRT",292.74,2.72,"D"
"24910",43.69429,95.03869,329.93,0.39,0.36,"2026-02-16",626,"N20","nominal","2.0NRT",294.39,1.47,"D"
"24911",43.68626,94.99078,330.05,0.39,0.36,"2026-02-16",626,"N20","nominal","2.0NRT",290.85,2.42,"D"
"24912",44.33039,93.27235,325.15,0.42,0.38,"2026-02-16",626,"N20","nominal","2.0NRT",282.33,3.05,"D"
"24913",44.4655,90.70096,327.31,0.51,0.41,"2026-02-16",626,"N20","nominal","2.0NRT",280.56,2.7,"D"
"24914",44.46661,90.68713,328.55,0.51,0.41,"2026-02-16",626,"N20","nominal","2.0NRT",278.87,3.79,"D"
"24915",44.847,90.93757,331.11,0.49,0.4,"2026-02-16",629,"N20","nominal","2.0NRT",277.97,2.1,"D"
"24916",44.85058,90.93612,340.89,0.49,0.4,"2026-02-16",629,"N20","nominal","2.0NRT",279.58,7.01,"D"
"24917",44.72548,90.26376,335.76,0.52,0.41,"2026-02-16",629,"N20","nominal","2.0NRT",283.72,7.49,"D"
"24918",53.71052,91.08944,330.46,0.39,0.36,"2026-02-16",631,"N20","nominal","2.0NRT",279.78,2.93,"D"
"24919",54.26433,86.18385,326.63,0.47,0.39,"2026-02-16",629,"N20","nominal","2.0NRT",281.87,3.66,"D"
"24920",54.28419,86.14851,331.78,0.47,0.39,"2026-02-16",629,"N20","nominal","2.0NRT",283.97,3.84,"D"
"24921",37.32587,61.33424,328.65,0.38,0.59,"2026-02-16",805,"N20","nominal","2.0NRT",283.02,2.37,"D"
"24922",37.32293,61.33301,327.3,0.38,0.59,"2026-02-16",805,"N20","nominal","2.0NRT",283.33,2.07,"D"
"24923",37.33815,61.30375,327.75,0.38,0.59,"2026-02-16",805,"N20","nominal","2.0NRT",281.25,2.11,"D"
"24924",37.31931,61.23297,326.21,0.39,0.59,"2026-02-16",805,"N20","nominal","2.0NRT",274.81,3.34,"D"
"24925",40.50428,71.40114,338.38,0.39,0.36,"2026-02-16",807,"N20","nominal","2.0NRT",287.78,3.35,"D"
"24926",42.10387,86.33827,334.09,0.49,0.65,"2026-02-16",807,"N20","nominal","2.0NRT",284.49,2.65,"D"
"24927",40.3713,68.89236,329.49,0.44,0.38,"2026-02-16",807,"N20","nominal","2.0NRT",288.3,5.43,"D"
"24928",38.76007,56.82299,344.31,0.6,0.7,"2026-02-16",807,"N20","nominal","2.0NRT",286.38,6.21,"D"
"24929",38.76181,56.82285,345.54,0.6,0.7,"2026-02-16",807,"N20","nominal","2.0NRT",286.49,6.35,"D"
"24930",50.03869,73.01084,334.25,0.45,0.39,"2026-02-16",809,"N20","nominal","2.0NRT",280.74,7.07,"D"
"24931",56.2864,65.70137,328.98,0.38,0.36,"2026-02-16",811,"N20","nominal","2.0NRT",267.88,2.52,"D"
"24932",9.54536,78.46861,345.29,0.42,0.37,"2026-02-16",758,"N20","nominal","2.0NRT",302.45,3.54,"D"
"24933",9.54506,78.46864,341.13,0.42,0.37,"2026-02-16",758,"N20","nominal","2.0NRT",302.2,3.79,"D"
"24934",9.54848,78.46809,340.71,0.42,0.37,"2026-02-16",758,"N20","nominal","2.0NRT",300.13,3.79,"D"
"24935",9.54374,77.24599,328.94,0.47,0.4,"2026-02-16",758,"N20","nominal","2.0NRT",295.77,4.7,"D"
"24936",9.79841,78.45128,330.12,0.42,0.37,"2026-02-16",758,"N20","low","2.0NRT",304.01,2.19,"D"
"24937",9.79279,78.17152,331.9,0.43,0.38,"2026-02-16",758,"N20","low","2.0NRT",303.86,3.21,"D"
"24938",9.74953,77.89914,335.63,0.44,0.38,"2026-02-16",758,"N20","nominal","2.0NRT",293.47,3.39,"D"
"24939",9.90349,78.53765,367,0.41,0.37,"2026-02-16",758,"N20","high","2.0NRT",294.13,8.95,"D"
"24940",9.9069,78.53711,356.06,0.41,0.37,"2026-02-16",758,"N20","low","2.0NRT",294.16,8.95,"D"
"24941",9.84815,77.94753,341.66,0.43,0.38,"2026-02-16",758,"N20","nominal","2.0NRT",303.52,11.19,"D"
"24942",9.87928,77.91834,331.99,0.43,0.38,"2026-02-16",758,"N20","nominal","2.0NRT",300.54,2.54,"D"
"24943",9.99111,78.36187,367,0.42,0.37,"2026-02-16",758,"N20","high","2.0NRT",303.56,14.58,"D"
"24944",10.03498,76.83007,330.86,0.49,0.4,"2026-02-16",758,"N20","nominal","2.0NRT",298.82,5.13,"D"
"24945",10.38701,78.66846,330.69,0.41,0.37,"2026-02-16",758,"N20","nominal","2.0NRT",294.74,3.11,"D"
"24946",10.35175,77.78777,331.13,0.43,0.38,"2026-02-16",758,"N20","nominal","2.0NRT",300.63,6.82,"D"
"24947",10.53532,78.72266,333.64,0.4,0.37,"2026-02-16",758,"N20","nominal","2.0NRT",296.18,1.99,"D"
"24948",10.55893,78.71885,333.89,0.4,0.37,"2026-02-16",758,"N20","nominal","2.0NRT",299.89,4.63,"D"
"24949",10.56173,78.71465,367,0.4,0.37,"2026-02-16",758,"N20","high","2.0NRT",299.35,17.15,"D"
"24950",10.56059,78.70734,341.94,0.4,0.37,"2026-02-16",758,"N20","nominal","2.0NRT",299.52,4.1,"D"
"24951",10.56329,78.71447,367,0.4,0.37,"2026-02-16",758,"N20","high","2.0NRT",299.88,6.3,"D"
"24952",10.56213,78.70715,335.1,0.4,0.37,"2026-02-16",758,"N20","nominal","2.0NRT",300.07,1.79,"D"
"24953",10.58026,78.73422,331.66,0.4,0.37,"2026-02-16",758,"N20","nominal","2.0NRT",301.44,2.95,"D"
"24954",10.58363,78.73368,332.34,0.4,0.37,"2026-02-16",758,"N20","nominal","2.0NRT",300.57,2.95,"D"
"24955",10.53832,78.3391,367,0.41,0.37,"2026-02-16",758,"N20","high","2.0NRT",303.7,9.83,"D"
"24956",10.53987,78.23879,331.15,0.42,0.37,"2026-02-16",758,"N20","low","2.0NRT",301.2,4.9,"D"
"24957",10.49728,77.92747,330.41,0.43,0.38,"2026-02-16",758,"N20","low","2.0NRT",305.12,1.55,"D"
"24958",10.67243,78.56481,330.35,0.41,0.37,"2026-02-16",758,"N20","nominal","2.0NRT",297.61,1.19,"D"
"24959",10.6925,78.40585,367,0.41,0.37,"2026-02-16",758,"N20","high","2.0NRT",293.69,15.12,"D"
"24960",10.79957,78.46095,367,0.41,0.37,"2026-02-16",758,"N20","high","2.0NRT",302.16,10.65,"D"
"24961",10.80238,78.4567,367,0.41,0.37,"2026-02-16",758,"N20","high","2.0NRT",302.39,9.21,"D"
"24962",10.82591,78.1415,337.36,0.42,0.38,"2026-02-16",758,"N20","low","2.0NRT",309.76,4,"D"
"24963",10.83894,77.57023,337.44,0.44,0.38,"2026-02-16",758,"N20","low","2.0NRT",309.8,1.66,"D"
"24964",11.02376,78.50349,367,0.41,0.37,"2026-02-16",758,"N20","high","2.0NRT",306.43,6.91,"D"
"24965",10.70556,76.46139,350.74,0.5,0.41,"2026-02-16",758,"N20","nominal","2.0NRT",297.95,15.01,"D"
"24966",10.70927,76.46077,348.99,0.5,0.41,"2026-02-16",758,"N20","nominal","2.0NRT",296.61,15.01,"D"
"24967",10.79073,76.72909,337.87,0.48,0.4,"2026-02-16",758,"N20","nominal","2.0NRT",300.63,4.38,"D"
"24968",10.7907,76.73028,332.03,0.48,0.4,"2026-02-16",758,"N20","nominal","2.0NRT",300.37,2.31,"D"
"24969",11.10847,78.24184,334.71,0.41,0.37,"2026-02-16",758,"N20","low","2.0NRT",306.85,7.64,"D"
"24970",11.16918,78.49493,338.62,0.41,0.37,"2026-02-16",758,"N20","low","2.0NRT",309.59,5.88,"D"
"24971",11.1686,78.49125,334.73,0.41,0.37,"2026-02-16",758,"N20","low","2.0NRT",309.43,5.88,"D"
"24972",11.18287,78.48523,339.05,0.41,0.37,"2026-02-16",758,"N20","low","2.0NRT",309.89,4.09,"D"
"24973",11.15648,78.21121,338.19,0.41,0.37,"2026-02-16",758,"N20","nominal","2.0NRT",307.1,5.4,"D"
"24974",11.23917,78.24771,334.15,0.41,0.37,"2026-02-16",758,"N20","low","2.0NRT",306.23,3.5,"D"
"24975",11.33354,78.77113,342.06,0.4,0.37,"2026-02-16",758,"N20","nominal","2.0NRT",305.67,4.89,"D"
"24976",11.26751,78.35613,333.79,0.41,0.37,"2026-02-16",758,"N20","nominal","2.0NRT",292.98,4.07,"D"
"24977",11.09827,76.95922,334.41,0.46,0.39,"2026-02-16",758,"N20","nominal","2.0NRT",293.98,2.93,"D"
"24978",11.07556,76.66065,349.56,0.48,0.4,"2026-02-16",758,"N20","nominal","2.0NRT",301.01,9.42,"D"
"24979",11.36879,78.02518,335.68,0.42,0.37,"2026-02-16",758,"N20","nominal","2.0NRT",302.94,2.05,"D"
"24980",11.06287,76.03885,332.75,0.52,0.41,"2026-02-16",758,"N20","nominal","2.0NRT",302.64,6.2,"D"
"24981",11.16951,76.61567,338.71,0.48,0.4,"2026-02-16",758,"N20","nominal","2.0NRT",299.26,7.24,"D"
"24982",11.06247,75.96609,331.68,0.52,0.42,"2026-02-16",758,"N20","nominal","2.0NRT",301.8,2.83,"D"
"24983",11.183,76.60636,333.74,0.48,0.4,"2026-02-16",758,"N20","nominal","2.0NRT",299.24,4.7,"D"
"24984",11.30896,76.98491,333.13,0.46,0.39,"2026-02-16",758,"N20","nominal","2.0NRT",297.09,3.89,"D"
"24985",11.75738,79.04375,334.71,0.39,0.36,"2026-02-16",758,"N20","nominal","2.0NRT",301.42,2.74,"D"
"24986",11.90585,79.14697,335.97,0.39,0.36,"2026-02-16",758,"N20","nominal","2.0NRT",301.04,6.44,"D"
"24987",11.80855,77.92279,331.4,0.42,0.37,"2026-02-16",758,"N20","nominal","2.0NRT",300.04,1.35,"D"
"24988",12.11557,78.42225,336.55,0.4,0.37,"2026-02-16",758,"N20","low","2.0NRT",308.46,12.55,"D"
"24989",12.11499,78.41859,336.3,0.4,0.37,"2026-02-16",758,"N20","low","2.0NRT",308.2,12.55,"D"
"24990",11.91471,76.98238,334.79,0.45,0.39,"2026-02-16",758,"N20","nominal","2.0NRT",302.22,2.06,"D"
"24991",12.15041,78.4465,338.6,0.4,0.37,"2026-02-16",758,"N20","nominal","2.0NRT",306.31,1.64,"D"
"24992",11.91393,76.98315,334.72,0.45,0.39,"2026-02-16",758,"N20","nominal","2.0NRT",300.87,2.93,"D"
"24993",12.34091,79.61018,332.51,0.38,0.36,"2026-02-16",758,"N20","nominal","2.0NRT",295.56,5.09,"D"
"24994",12.34037,79.60667,330.67,0.38,0.36,"2026-02-16",758,"N20","nominal","2.0NRT",296.67,2.85,"D"
"24995",12.34367,79.60615,330.24,0.38,0.36,"2026-02-16",758,"N20","nominal","2.0NRT",294.89,2.85,"D"
"24996",12.30078,78.69707,331.59,0.39,0.37,"2026-02-16",758,"N20","low","2.0NRT",302.92,2.88,"D"
"24997",12.30469,78.70016,331.89,0.39,0.37,"2026-02-16",758,"N20","low","2.0NRT",302.69,2.54,"D"
"24998",12.46024,79.59097,333.28,0.38,0.36,"2026-02-16",758,"N20","nominal","2.0NRT",297.07,2.91,"D"
"24999",12.28473,78.4655,334.56,0.4,0.37,"2026-02-16",758,"N20","low","2.0NRT",305.58,1.57,"D"
"25000",11.98154,76.60237,333.6,0.47,0.4,"2026-02-16",758,"N20","low","2.0NRT",305.12,1.38,"D"
"25001",12.09557,77.26987,334.06,0.44,0.38,"2026-02-16",758,"N20","nominal","2.0NRT",298.5,1.21,"D"
"25002",12.41321,79.11057,332.66,0.39,0.36,"2026-02-16",758,"N20","nominal","2.0NRT",306.76,2.46,"D"
"25003",12.47014,79.3912,339.22,0.39,0.36,"2026-02-16",758,"N20","nominal","2.0NRT",297.07,3.76,"D"
"25004",12.48155,79.04819,332.19,0.39,0.36,"2026-02-16",758,"N20","nominal","2.0NRT",306.38,2.31,"D"
"25005",12.48099,79.04465,335.89,0.39,0.36,"2026-02-16",758,"N20","nominal","2.0NRT",307.25,2.31,"D"
"25006",12.48433,79.0442,367,0.39,0.36,"2026-02-16",758,"N20","high","2.0NRT",305.58,6.14,"D"
"25007",12.48487,79.04771,352.25,0.39,0.36,"2026-02-16",758,"N20","nominal","2.0NRT",303.85,6.14,"D"
"25008",11.95356,75.79236,344.75,0.52,0.42,"2026-02-16",758,"N20","nominal","2.0NRT",303.38,6.72,"D"
"25009",11.95275,75.78757,338.74,0.52,0.42,"2026-02-16",758,"N20","nominal","2.0NRT",303.65,6.72,"D"
"25010",12.48766,79.04375,335.11,0.39,0.36,"2026-02-16",758,"N20","nominal","2.0NRT",300.75,6.14,"D"
"25011",12.60807,79.69284,338.04,0.38,0.36,"2026-02-16",758,"N20","nominal","2.0NRT",287.88,3.57,"D"
"25012",12.24743,77.35859,338.48,0.43,0.38,"2026-02-16",758,"N20","nominal","2.0NRT",301.05,3.89,"D"
"25013",12.59447,79.2514,345.65,0.39,0.36,"2026-02-16",758,"N20","nominal","2.0NRT",300.05,4.84,"D"
"25014",12.59393,79.24787,335.67,0.39,0.36,"2026-02-16",758,"N20","nominal","2.0NRT",302.45,3.71,"D"
"25015",12.59778,79.25087,344.38,0.39,0.36,"2026-02-16",758,"N20","nominal","2.0NRT",303.22,5.98,"D"
"25016",12.59724,79.24734,345.05,0.39,0.36,"2026-02-16",758,"N20","nominal","2.0NRT",302.52,9.65,"D"
"25017",12.19047,76.59444,344.17,0.47,0.4,"2026-02-16",758,"N20","nominal","2.0NRT",308.92,8.89,"D"
"25018",12.25734,76.50406,330.04,0.47,0.4,"2026-02-16",800,"N20","low","2.0NRT",304.77,1.39,"D"
"25019",12.27032,76.51515,331.81,0.47,0.4,"2026-02-16",800,"N20","low","2.0NRT",306.48,2.46,"D"
"25020",12.39607,76.73382,337.06,0.46,0.39,"2026-02-16",800,"N20","nominal","2.0NRT",309.14,3.19,"D"
"25021",12.826,79.2091,343.61,0.39,0.36,"2026-02-16",800,"N20","nominal","2.0NRT",306.34,4.29,"D"
"25022",12.51606,77.26685,338.6,0.43,0.38,"2026-02-16",800,"N20","nominal","2.0NRT",306.7,3.76,"D"
"25023",12.52081,77.27399,336.13,0.43,0.38,"2026-02-16",800,"N20","nominal","2.0NRT",305.85,5.01,"D"
"25024",12.52019,77.27019,346.66,0.43,0.38,"2026-02-16",800,"N20","nominal","2.0NRT",306.13,5.01,"D"
"25025",12.51955,77.2663,341.96,0.43,0.38,"2026-02-16",800,"N20","nominal","2.0NRT",305.81,4.66,"D"
"25026",12.73394,78.55486,340.01,0.4,0.37,"2026-02-16",800,"N20","nominal","2.0NRT",303.86,9.44,"D"
"25027",12.38517,76.09645,334.19,0.49,0.41,"2026-02-16",800,"N20","low","2.0NRT",306.51,2.62,"D"
"25028",12.64366,77.59371,346.8,0.42,0.38,"2026-02-16",800,"N20","nominal","2.0NRT",295.44,7.49,"D"
"25029",12.64304,77.5898,332.06,0.42,0.38,"2026-02-16",800,"N20","nominal","2.0NRT",295.02,3.06,"D"
"25030",12.64119,77.57825,336.13,0.42,0.38,"2026-02-16",800,"N20","nominal","2.0NRT",291.77,2.95,"D"
"25031",12.94862,79.50013,335.67,0.38,0.36,"2026-02-16",800,"N20","nominal","2.0NRT",294.09,5.17,"D"
"25032",12.62739,77.38087,336.27,0.43,0.38,"2026-02-16",800,"N20","nominal","2.0NRT",300.32,3.26,"D"
"25033",12.78052,78.20683,336.2,0.4,0.37,"2026-02-16",800,"N20","low","2.0NRT",310.69,2.48,"D"
"25034",12.69762,77.69128,335.55,0.42,0.38,"2026-02-16",800,"N20","nominal","2.0NRT",296.04,3.73,"D"
"25035",12.80736,78.00537,337.02,0.41,0.37,"2026-02-16",800,"N20","nominal","2.0NRT",290.41,4.71,"D"
"25036",12.81075,78.00481,332.13,0.41,0.37,"2026-02-16",800,"N20","nominal","2.0NRT",290.67,3.38,"D"
"25037",12.7112,77.22571,336.52,0.43,0.38,"2026-02-16",800,"N20","low","2.0NRT",308.8,1.89,"D"
"25038",12.87272,78.22212,332.77,0.4,0.37,"2026-02-16",800,"N20","low","2.0NRT",307.03,1.58,"D"
"25039",12.63519,76.64973,335.76,0.46,0.39,"2026-02-16",800,"N20","nominal","2.0NRT",310.38,5.09,"D"
"25040",12.80282,77.64666,336.77,0.42,0.38,"2026-02-16",800,"N20","nominal","2.0NRT",296.36,2.98,"D"
"25041",12.8332,77.81293,340.22,0.41,0.37,"2026-02-16",800,"N20","nominal","2.0NRT",295.8,3.33,"D"
"25042",12.64732,76.6563,335.66,0.46,0.39,"2026-02-16",800,"N20","low","2.0NRT",307.99,4.74,"D"
"25043",12.79755,77.5489,337.08,0.42,0.38,"2026-02-16",800,"N20","nominal","2.0NRT",301.52,2.48,"D"
"25044",12.6516,76.65989,338.92,0.46,0.39,"2026-02-16",800,"N20","low","2.0NRT",310.77,6,"D"
"25045",12.66103,76.4488,342.59,0.47,0.4,"2026-02-16",800,"N20","nominal","2.0NRT",307.46,8.38,"D"
"25046",12.66032,76.44447,340.25,0.47,0.4,"2026-02-16",800,"N20","nominal","2.0NRT",309.41,8.38,"D"
"25047",12.65961,76.44013,338.6,0.47,0.4,"2026-02-16",800,"N20","nominal","2.0NRT",307.14,3.03,"D"
"25048",12.66323,76.43952,331.9,0.47,0.4,"2026-02-16",800,"N20","low","2.0NRT",306.59,3.03,"D"
"25049",13.01066,78.58334,331.73,0.39,0.36,"2026-02-16",800,"N20","low","2.0NRT",303.22,2.65,"D"
"25050",13.11286,79.22019,336.65,0.39,0.36,"2026-02-16",800,"N20","nominal","2.0NRT",304.24,2.43,"D"
"25051",13.01006,78.55764,335.33,0.39,0.37,"2026-02-16",800,"N20","nominal","2.0NRT",305.13,3.61,"D"
"25052",13.0302,78.64286,330.8,0.39,0.36,"2026-02-16",800,"N20","low","2.0NRT",304.85,2.33,"D"
"25053",12.81316,77.16042,334.66,0.44,0.38,"2026-02-16",800,"N20","nominal","2.0NRT",307.69,2.07,"D"
"25054",12.80931,77.13644,341.16,0.44,0.38,"2026-02-16",800,"N20","nominal","2.0NRT",307.56,3.56,"D"
"25055",12.81418,77.15993,334.5,0.44,0.38,"2026-02-16",800,"N20","nominal","2.0NRT",308.05,2.61,"D"
"25056",12.81022,77.13602,345.65,0.44,0.38,"2026-02-16",800,"N20","nominal","2.0NRT",307.53,3.82,"D"
"25057",12.91706,77.76726,334.24,0.41,0.37,"2026-02-16",800,"N20","nominal","2.0NRT",303.02,2.36,"D"
"25058",12.92047,77.76669,352.5,0.41,0.37,"2026-02-16",800,"N20","nominal","2.0NRT",303.72,7.58,"D"
"25059",12.73822,76.61537,338.7,0.46,0.39,"2026-02-16",800,"N20","nominal","2.0NRT",310.81,2.92,"D"
"25060",13.0242,78.21901,340.37,0.4,0.37,"2026-02-16",800,"N20","nominal","2.0NRT",310.17,4.04,"D"
"25061",13.02361,78.21535,336.16,0.4,0.37,"2026-02-16",800,"N20","low","2.0NRT",309.94,4.04,"D"
"25062",12.95356,77.77666,340.21,0.41,0.37,"2026-02-16",800,"N20","nominal","2.0NRT",305.73,4.69,"D"
"25063",13.05187,78.26322,336.58,0.4,0.37,"2026-02-16",800,"N20","nominal","2.0NRT",304.02,3.6,"D"
"25064",13.23533,79.37657,330.42,0.38,0.36,"2026-02-16",800,"N20","nominal","2.0NRT",299.72,3.68,"D"
"25065",13.07929,78.26243,345.53,0.4,0.37,"2026-02-16",800,"N20","nominal","2.0NRT",303.64,3.35,"D"
"25066",12.93726,77.3014,338.03,0.43,0.38,"2026-02-16",800,"N20","nominal","2.0NRT",305.68,2.63,"D"
"25067",12.901,77.07557,336.63,0.44,0.38,"2026-02-16",800,"N20","nominal","2.0NRT",309.77,3.1,"D"
"25068",12.95795,77.38638,331.87,0.43,0.38,"2026-02-16",800,"N20","low","2.0NRT",306.15,0.99,"D"
"25069",12.9442,77.30026,334.08,0.43,0.38,"2026-02-16",800,"N20","nominal","2.0NRT",305.57,2.77,"D"
"25070",12.90726,77.04217,335.24,0.44,0.38,"2026-02-16",800,"N20","nominal","2.0NRT",306.91,2.91,"D"
"25071",12.96284,77.35793,338.99,0.43,0.38,"2026-02-16",800,"N20","nominal","2.0NRT",306.25,2.85,"D"
"25072",13.1324,78.38828,331.41,0.4,0.37,"2026-02-16",800,"N20","nominal","2.0NRT",300.03,2.49,"D"
"25073",13.31522,79.49698,334.53,0.38,0.36,"2026-02-16",800,"N20","nominal","2.0NRT",305.82,2.13,"D"
"25074",13.361,79.75306,335.4,0.38,0.36,"2026-02-16",800,"N20","nominal","2.0NRT",305.3,2.93,"D"
"25075",12.85947,76.55648,335.42,0.46,0.39,"2026-02-16",800,"N20","nominal","2.0NRT",308.19,2.07,"D"
"25076",13.00151,77.35546,339.38,0.43,0.38,"2026-02-16",800,"N20","nominal","2.0NRT",308.49,3.73,"D"
"25077",12.60133,74.94124,331.32,0.57,0.43,"2026-02-16",800,"N20","nominal","2.0NRT",301.96,2.52,"D"
"25078",13.28307,79.06809,335.51,0.39,0.36,"2026-02-16",800,"N20","low","2.0NRT",306.22,3.3,"D"
"25079",12.78378,75.96848,332.77,0.5,0.41,"2026-02-16",800,"N20","nominal","2.0NRT",304.71,2.9,"D"
"25080",13.03351,77.46576,339.22,0.42,0.38,"2026-02-16",800,"N20","nominal","2.0NRT",303.81,5.04,"D"
"25081",13.0469,77.52697,334.09,0.42,0.38,"2026-02-16",800,"N20","nominal","2.0NRT",302.97,1.39,"D"
"25082",13.01219,77.28962,339.85,0.43,0.38,"2026-02-16",800,"N20","nominal","2.0NRT",306.2,1.28,"D"
"25083",13.26552,78.86721,333.01,0.39,0.36,"2026-02-16",800,"N20","nominal","2.0NRT",303.3,2.87,"D"
"25084",13.00867,77.24583,335.89,0.43,0.38,"2026-02-16",800,"N20","low","2.0NRT",310.7,3.13,"D"
"25085",13.00298,77.2106,339.4,0.43,0.38,"2026-02-16",800,"N20","nominal","2.0NRT",305,3.75,"D"
"25086",13.03234,77.1933,367,0.43,0.38,"2026-02-16",800,"N20","high","2.0NRT",312.35,13.49,"D"
"25087",13.33752,79.13555,338.9,0.39,0.36,"2026-02-16",800,"N20","low","2.0NRT",308.94,5.36,"D"
"25088",13.39009,79.45617,339.55,0.38,0.36,"2026-02-16",800,"N20","nominal","2.0NRT",304.02,3.59,"D"
"25089",13.34083,79.13503,335.86,0.39,0.36,"2026-02-16",800,"N20","low","2.0NRT",307.15,3.34,"D"
"25090",12.84005,75.98656,346.54,0.49,0.41,"2026-02-16",800,"N20","nominal","2.0NRT",312.28,12.91,"D"
"25091",12.83879,75.98825,347.19,0.49,0.41,"2026-02-16",800,"N20","nominal","2.0NRT",312.58,16.97,"D"
"25092",13.07411,77.35159,341.7,0.43,0.38,"2026-02-16",800,"N20","nominal","2.0NRT",310.6,2.65,"D"
"25093",12.71162,75.0675,334.31,0.56,0.43,"2026-02-16",800,"N20","nominal","2.0NRT",303.83,4.73,"D"
"25094",13.1776,77.81683,335.94,0.41,0.37,"2026-02-16",800,"N20","nominal","2.0NRT",306.1,2.65,"D"
"25095",13.35484,78.91785,339.47,0.39,0.36,"2026-02-16",800,"N20","nominal","2.0NRT",306.27,6.29,"D"
"25096",13.22725,78.10603,333.63,0.4,0.37,"2026-02-16",800,"N20","nominal","2.0NRT",303.13,2.21,"D"
"25097",13.25248,78.19984,332.87,0.4,0.37,"2026-02-16",800,"N20","low","2.0NRT",306.96,1.78,"D"
"25098",13.11018,77.28942,348.49,0.43,0.38,"2026-02-16",800,"N20","nominal","2.0NRT",313.31,13.87,"D"
"25099",12.81542,75.51114,331.23,0.52,0.42,"2026-02-16",800,"N20","nominal","2.0NRT",303.88,4.84,"D"
"25100",12.8192,75.51041,334.72,0.52,0.42,"2026-02-16",800,"N20","nominal","2.0NRT",303.46,4.84,"D"
"25101",13.42031,79.09991,343.41,0.39,0.36,"2026-02-16",800,"N20","nominal","2.0NRT",308.11,3.96,"D"
"25102",13.24836,77.97736,344.13,0.41,0.37,"2026-02-16",800,"N20","nominal","2.0NRT",304.97,8.22,"D"
"25103",13.52455,79.44469,345.46,0.38,0.36,"2026-02-16",800,"N20","nominal","2.0NRT",305.63,5.07,"D"
"25104",13.52347,79.43764,345.01,0.38,0.36,"2026-02-16",800,"N20","nominal","2.0NRT",303.49,17.79,"D"
"25105",13.52293,79.43412,344.19,0.38,0.36,"2026-02-16",800,"N20","nominal","2.0NRT",303.52,36.99,"D"
"25106",13.20261,77.40632,349.16,0.42,0.38,"2026-02-16",800,"N20","nominal","2.0NRT",306.08,5.03,"D"
"25107",13.52785,79.44416,340.83,0.38,0.36,"2026-02-16",800,"N20","nominal","2.0NRT",303.53,5.07,"D"
"25108",13.52731,79.44064,347.89,0.38,0.36,"2026-02-16",800,"N20","nominal","2.0NRT",311.49,17.79,"D"
"25109",13.52677,79.43711,347.05,0.38,0.36,"2026-02-16",800,"N20","nominal","2.0NRT",312.06,17.79,"D"
"25110",13.52623,79.43357,367,0.38,0.36,"2026-02-16",800,"N20","low","2.0NRT",327.63,36.99,"D"
"25111",13.53061,79.4401,341.11,0.38,0.36,"2026-02-16",800,"N20","nominal","2.0NRT",309.91,8.64,"D"
"25112",13.53006,79.43656,349.85,0.38,0.36,"2026-02-16",800,"N20","nominal","2.0NRT",311.27,8.64,"D"
"25113",13.52952,79.43304,336.33,0.38,0.36,"2026-02-16",800,"N20","nominal","2.0NRT",303.66,2.1,"D"
"25114",13.20349,77.34647,336,0.43,0.38,"2026-02-16",800,"N20","low","2.0NRT",306.29,4.16,"D"
"25115",13.28589,77.79136,337.51,0.41,0.37,"2026-02-16",800,"N20","low","2.0NRT",311.6,3.57,"D"
"25116",13.47641,78.89083,331.69,0.39,0.36,"2026-02-16",800,"N20","low","2.0NRT",304.98,3.24,"D"
"25117",13.2554,77.49251,342.9,0.42,0.38,"2026-02-16",800,"N20","nominal","2.0NRT",309.68,4.33,"D"
"25118",13.24365,77.28764,337.66,0.43,0.38,"2026-02-16",800,"N20","nominal","2.0NRT",307.65,1.67,"D"
"25119",13.24711,77.28705,351.53,0.43,0.38,"2026-02-16",800,"N20","nominal","2.0NRT",309.58,11.2,"D"
"25120",13.05569,75.97543,336.23,0.49,0.4,"2026-02-16",800,"N20","low","2.0NRT",309.43,7.04,"D"
"25121",13.589,79.28922,335.75,0.38,0.36,"2026-02-16",800,"N20","nominal","2.0NRT",306.6,3.66,"D"
"25122",13.05391,75.97258,349.79,0.49,0.4,"2026-02-16",800,"N20","nominal","2.0NRT",313.4,13.15,"D"
"25123",13.1104,76.10509,333.04,0.48,0.4,"2026-02-16",800,"N20","nominal","2.0NRT",304.06,2.97,"D"
"25124",13.30548,77.26151,334.29,0.43,0.38,"2026-02-16",800,"N20","low","2.0NRT",307.49,1.69,"D"
"25125",13.37372,77.46474,335.4,0.42,0.38,"2026-02-16",800,"N20","low","2.0NRT",309.65,4.09,"D"
"25126",13.25046,76.65932,340.21,0.45,0.39,"2026-02-16",800,"N20","nominal","2.0NRT",309.34,3.8,"D"
"25127",13.07166,75.50927,339.78,0.52,0.42,"2026-02-16",800,"N20","nominal","2.0NRT",301.13,4.87,"D"
"25128",13.37698,77.35293,337.75,0.42,0.38,"2026-02-16",800,"N20","nominal","2.0NRT",312.21,3.9,"D"
"25129",13.38209,77.2963,343.01,0.43,0.38,"2026-02-16",800,"N20","nominal","2.0NRT",311.22,5.28,"D"
"25130",13.38108,77.29641,342.79,0.43,0.38,"2026-02-16",800,"N20","nominal","2.0NRT",311.76,5.01,"D"
"25131",13.28198,76.63312,331.94,0.45,0.39,"2026-02-16",800,"N20","low","2.0NRT",304.24,4.14,"D"
"25132",13.28416,76.62424,333.39,0.45,0.39,"2026-02-16",800,"N20","low","2.0NRT",307.02,6.29,"D"
"25133",13.46432,77.69957,342.26,0.41,0.37,"2026-02-16",800,"N20","nominal","2.0NRT",308.95,4.37,"D"
"25134",13.47055,77.69486,344.93,0.41,0.37,"2026-02-16",800,"N20","nominal","2.0NRT",304.54,3.1,"D"
"25135",13.46933,77.68734,333.61,0.41,0.37,"2026-02-16",800,"N20","low","2.0NRT",305.86,2.25,"D"
"25136",13.42541,77.41615,346.99,0.42,0.38,"2026-02-16",800,"N20","nominal","2.0NRT",311.2,3.5,"D"
"25137",13.20301,76.05276,336.47,0.49,0.4,"2026-02-16",800,"N20","low","2.0NRT",308.86,4.43,"D"
"25138",13.20227,76.04836,342.89,0.49,0.4,"2026-02-16",800,"N20","nominal","2.0NRT",309.56,5.3,"D"
"25139",13.46705,77.54289,341.03,0.42,0.37,"2026-02-16",800,"N20","low","2.0NRT",314.12,7.18,"D"
"25140",13.59473,78.32217,352.41,0.4,0.37,"2026-02-16",800,"N20","nominal","2.0NRT",305.08,4.4,"D"
"25141",13.47046,77.5423,348.53,0.42,0.37,"2026-02-16",800,"N20","nominal","2.0NRT",311.64,6.67,"D"
"25142",13.51308,77.69888,347.29,0.41,0.37,"2026-02-16",800,"N20","nominal","2.0NRT",307.1,5.87,"D"
"25143",13.32031,76.5106,340.69,0.46,0.39,"2026-02-16",800,"N20","nominal","2.0NRT",307.81,2.77,"D"
"25144",13.32459,76.51425,336.14,0.46,0.39,"2026-02-16",800,"N20","low","2.0NRT",308.41,5.46,"D"
"25145",13.32389,76.50999,339.03,0.46,0.39,"2026-02-16",800,"N20","low","2.0NRT",312.4,5.46,"D"
"25146",13.22619,75.89769,347.95,0.49,0.41,"2026-02-16",800,"N20","nominal","2.0NRT",310.49,6.7,"D"
"25147",13.52331,77.69739,344.46,0.41,0.37,"2026-02-16",800,"N20","nominal","2.0NRT",309.88,8.98,"D"
"25148",13.45479,77.24773,337.12,0.43,0.38,"2026-02-16",800,"N20","low","2.0NRT",310.12,2.77,"D"
"25149",13.66132,78.46311,335.04,0.39,0.36,"2026-02-16",800,"N20","low","2.0NRT",306.61,2.09,"D"
"25150",13.76307,79.05394,346.83,0.39,0.36,"2026-02-16",800,"N20","nominal","2.0NRT",306.21,4.32,"D"
"25151",13.16326,75.28882,344.36,0.53,0.42,"2026-02-16",800,"N20","nominal","2.0NRT",304.6,13.42,"D"
"25152",13.16178,75.28002,343.72,0.54,0.42,"2026-02-16",800,"N20","nominal","2.0NRT",303.8,17.3,"D"
"25153",13.55533,77.63328,338.14,0.41,0.37,"2026-02-16",800,"N20","nominal","2.0NRT",309.61,4.54,"D"
"25154",13.16052,75.28228,332.39,0.53,0.42,"2026-02-16",800,"N20","nominal","2.0NRT",301.93,4.33,"D"
"25155",13.16586,75.29037,346.91,0.53,0.42,"2026-02-16",800,"N20","nominal","2.0NRT",307.8,12.59,"D"
"25156",13.1651,75.28598,346.22,0.53,0.42,"2026-02-16",800,"N20","nominal","2.0NRT",302.92,12.25,"D"
"25157",13.16433,75.28153,355.07,0.53,0.42,"2026-02-16",800,"N20","nominal","2.0NRT",310.02,12.25,"D"
"25158",13.31722,76.15161,340.2,0.48,0.4,"2026-02-16",800,"N20","nominal","2.0NRT",306.74,5.51,"D"
"25159",13.16968,75.28969,341.03,0.53,0.42,"2026-02-16",800,"N20","nominal","2.0NRT",304.54,12.59,"D"
"25160",13.1689,75.28516,340.78,0.53,0.42,"2026-02-16",800,"N20","nominal","2.0NRT",304.58,12.25,"D"
"25161",13.16811,75.28059,343.05,0.53,0.42,"2026-02-16",800,"N20","nominal","2.0NRT",301.5,12.25,"D"
"25162",13.56986,77.65823,341.47,0.41,0.37,"2026-02-16",800,"N20","nominal","2.0NRT",308.7,4.87,"D"
"25163",13.17348,75.2889,332.61,0.53,0.42,"2026-02-16",800,"N20","nominal","2.0NRT",302.11,3.53,"D"
"25164",13.68632,78.36588,348,0.39,0.37,"2026-02-16",800,"N20","nominal","2.0NRT",311.16,5.7,"D"
"25165",13.69022,78.36893,334.21,0.39,0.37,"2026-02-16",800,"N20","low","2.0NRT",308.78,2.24,"D"
"25166",13.68908,78.3617,334.76,0.4,0.37,"2026-02-16",800,"N20","low","2.0NRT",309.43,2.23,"D"
"25167",13.69299,78.36475,334.65,0.39,0.37,"2026-02-16",800,"N20","low","2.0NRT",306.75,2.24,"D"
"25168",13.27893,75.76883,330.26,0.5,0.41,"2026-02-16",800,"N20","low","2.0NRT",304.59,2.36,"D"
"25169",13.65745,77.98825,335.02,0.4,0.37,"2026-02-16",800,"N20","low","2.0NRT",309.55,3.72,"D"
"25170",13.32627,75.93686,339.27,0.49,0.4,"2026-02-16",800,"N20","nominal","2.0NRT",310.11,6.3,"D"
"25171",13.32997,75.93634,342.43,0.49,0.4,"2026-02-16",800,"N20","nominal","2.0NRT",309.63,6.59,"D"
"25172",13.32923,75.93192,343.72,0.49,0.4,"2026-02-16",800,"N20","nominal","2.0NRT",307.45,6.59,"D"
"25173",13.61591,77.66223,333.76,0.41,0.37,"2026-02-16",800,"N20","nominal","2.0NRT",306.42,1.71,"D"
"25174",13.7492,78.37405,334.3,0.39,0.37,"2026-02-16",800,"N20","low","2.0NRT",308.72,4.14,"D"
"25175",13.75254,78.37351,351.4,0.39,0.37,"2026-02-16",800,"N20","nominal","2.0NRT",310.91,22.34,"D"
"25176",13.75197,78.36989,346.02,0.39,0.37,"2026-02-16",800,"N20","low","2.0NRT",319.98,22.34,"D"
"25177",13.80399,78.61607,348.06,0.39,0.36,"2026-02-16",800,"N20","nominal","2.0NRT",310.78,5.18,"D"
"25178",13.78836,78.51554,332.12,0.39,0.36,"2026-02-16",800,"N20","low","2.0NRT",306.41,1.37,"D"
"25179",13.56024,77.0727,335.69,0.43,0.38,"2026-02-16",800,"N20","low","2.0NRT",309.74,2.02,"D"
"25180",13.80772,78.5972,347.8,0.39,0.36,"2026-02-16",800,"N20","nominal","2.0NRT",303.6,8.39,"D"
"25181",13.80716,78.59365,350.76,0.39,0.36,"2026-02-16",800,"N20","nominal","2.0NRT",305.93,16.9,"D"
"25182",13.56138,77.06913,336.26,0.43,0.38,"2026-02-16",800,"N20","low","2.0NRT",309.83,2.25,"D"
"25183",13.52238,76.81236,337.94,0.44,0.39,"2026-02-16",800,"N20","nominal","2.0NRT",307.86,2.61,"D"
"25184",13.8149,78.59959,330.6,0.39,0.36,"2026-02-16",800,"N20","low","2.0NRT",300.87,2.87,"D"
"25185",13.70044,77.7061,346.11,0.41,0.37,"2026-02-16",800,"N20","nominal","2.0NRT",308.37,6.39,"D"
"25186",13.85316,78.62649,336.19,0.39,0.36,"2026-02-16",800,"N20","nominal","2.0NRT",304.57,3.27,"D"
"25187",13.85034,78.60847,337.78,0.39,0.36,"2026-02-16",800,"N20","nominal","2.0NRT",301.95,2.52,"D"
"25188",13.73653,77.82289,338.91,0.41,0.37,"2026-02-16",800,"N20","nominal","2.0NRT",308.52,7.42,"D"
"25189",13.73534,77.81541,340.39,0.41,0.37,"2026-02-16",800,"N20","low","2.0NRT",311.5,5,"D"
"25190",13.73872,77.81484,338.23,0.41,0.37,"2026-02-16",800,"N20","low","2.0NRT",308.98,3.51,"D"
"25191",13.84191,78.35847,344.99,0.39,0.37,"2026-02-16",800,"N20","nominal","2.0NRT",311.68,5.22,"D"
"25192",13.84581,78.36153,341.21,0.39,0.37,"2026-02-16",800,"N20","nominal","2.0NRT",308.75,4.35,"D"
"25193",13.85361,78.36765,343.24,0.39,0.37,"2026-02-16",800,"N20","nominal","2.0NRT",310.44,17.54,"D"
"25194",13.86481,78.39549,340.57,0.39,0.36,"2026-02-16",800,"N20","nominal","2.0NRT",310.39,5.55,"D"
"25195",13.86424,78.39188,335.71,0.39,0.36,"2026-02-16",800,"N20","low","2.0NRT",308.91,8.73,"D"
"25196",13.66446,77.13248,338.96,0.43,0.38,"2026-02-16",800,"N20","low","2.0NRT",312.96,5.88,"D"
"25197",13.86814,78.39494,336.61,0.39,0.36,"2026-02-16",800,"N20","low","2.0NRT",307.46,5.55,"D"
"25198",13.86531,78.37685,348.36,0.39,0.36,"2026-02-16",800,"N20","nominal","2.0NRT",306.92,20.36,"D"
"25199",13.87921,78.37827,339.68,0.39,0.36,"2026-02-16",800,"N20","nominal","2.0NRT",304.85,3.58,"D"
"25200",13.82155,78.01008,347.61,0.4,0.37,"2026-02-16",800,"N20","nominal","2.0NRT",314.81,6.15,"D"
"25201",13.82097,78.0064,351.85,0.4,0.37,"2026-02-16",800,"N20","nominal","2.0NRT",314.7,6.15,"D"
"25202",13.88231,78.3811,336.23,0.39,0.36,"2026-02-16",800,"N20","nominal","2.0NRT",305.5,3.27,"D"
"25203",13.88174,78.37749,347.07,0.39,0.36,"2026-02-16",800,"N20","nominal","2.0NRT",306.05,3.27,"D"
"25204",13.82318,78.00958,351.47,0.4,0.37,"2026-02-16",800,"N20","nominal","2.0NRT",315.31,7.71,"D"
"25205",13.8226,78.00592,345.97,0.4,0.37,"2026-02-16",800,"N20","nominal","2.0NRT",314.56,7.71,"D"
"25206",13.82201,78.00224,347.82,0.4,0.37,"2026-02-16",800,"N20","nominal","2.0NRT",315.19,4.51,"D"
"25207",13.96531,78.88877,336.78,0.39,0.36,"2026-02-16",800,"N20","nominal","2.0NRT",308.16,2.46,"D"
"25208",13.87837,78.24802,335.89,0.4,0.37,"2026-02-16",800,"N20","low","2.0NRT",310.04,2.67,"D"
"25209",13.79908,77.60003,336.89,0.41,0.37,"2026-02-16",800,"N20","low","2.0NRT",309.96,5.49,"D"
"25210",13.73926,77.20846,342.36,0.43,0.38,"2026-02-16",800,"N20","nominal","2.0NRT",313.01,3.36,"D"
"25211",13.87975,77.99642,338.56,0.4,0.37,"2026-02-16",800,"N20","low","2.0NRT",312.25,3.53,"D"
"25212",13.96206,78.49736,334.95,0.39,0.36,"2026-02-16",800,"N20","nominal","2.0NRT",307.75,2.78,"D"
"25213",13.9615,78.49377,335.93,0.39,0.36,"2026-02-16",800,"N20","nominal","2.0NRT",309.97,4.08,"D"
"25214",13.80437,77.45856,344.04,0.42,0.37,"2026-02-16",800,"N20","nominal","2.0NRT",313.28,4.16,"D"
"25215",13.9106,78.10438,334.32,0.4,0.37,"2026-02-16",800,"N20","low","2.0NRT",309.07,2.05,"D"
"25216",13.91003,78.10072,345.04,0.4,0.37,"2026-02-16",800,"N20","nominal","2.0NRT",311.68,9.04,"D"
"25217",13.91675,78.0997,335.03,0.4,0.37,"2026-02-16",800,"N20","low","2.0NRT",307.1,3.56,"D"
"25218",14.00159,78.61983,334.79,0.39,0.36,"2026-02-16",800,"N20","low","2.0NRT",305.64,6.31,"D"
"25219",14.00491,78.61928,345.31,0.39,0.36,"2026-02-16",800,"N20","nominal","2.0NRT",302.61,6.31,"D"
"25220",13.98961,78.41151,341.7,0.39,0.36,"2026-02-16",800,"N20","nominal","2.0NRT",308.17,3.2,"D"
"25221",13.86333,77.60861,340.21,0.41,0.37,"2026-02-16",800,"N20","nominal","2.0NRT",313.97,2.69,"D"
"25222",13.9287,77.98836,338.44,0.4,0.37,"2026-02-16",800,"N20","low","2.0NRT",312.35,1.78,"D"
"25223",14.0136,78.41487,333.19,0.39,0.36,"2026-02-16",800,"N20","low","2.0NRT",308.04,2.39,"D"
"25224",13.99795,78.1422,340.36,0.4,0.37,"2026-02-16",800,"N20","nominal","2.0NRT",308.7,6.18,"D"
"25225",14.07778,78.58506,337.37,0.39,0.36,"2026-02-16",800,"N20","nominal","2.0NRT",302.86,3.37,"D"
"25226",14.0833,78.5768,331.94,0.39,0.36,"2026-02-16",800,"N20","low","2.0NRT",303.19,2.06,"D"
"25227",13.76247,76.57453,346.69,0.45,0.39,"2026-02-16",800,"N20","nominal","2.0NRT",311.6,4.98,"D"
"25228",14.11771,78.75429,337.18,0.39,0.36,"2026-02-16",800,"N20","low","2.0NRT",310.84,1.69,"D"
"25229",14.04941,78.31654,352.7,0.39,0.37,"2026-02-16",800,"N20","nominal","2.0NRT",309.49,4.76,"D"
"25230",14.05274,78.31597,336.21,0.39,0.37,"2026-02-16",800,"N20","low","2.0NRT",308.96,4.76,"D"
"25231",14.05217,78.31232,343.11,0.39,0.37,"2026-02-16",800,"N20","nominal","2.0NRT",308.32,4.76,"D"
"25232",13.86475,77.13551,336.82,0.43,0.38,"2026-02-16",800,"N20","nominal","2.0NRT",309.66,3.91,"D"
"25233",14.05721,78.32265,334.49,0.39,0.36,"2026-02-16",800,"N20","low","2.0NRT",308.33,3.6,"D"
"25234",14.06387,78.3215,333.48,0.39,0.36,"2026-02-16",800,"N20","low","2.0NRT",306.77,2.26,"D"
"25235",14.0076,77.96373,339.54,0.4,0.37,"2026-02-16",800,"N20","low","2.0NRT",312.08,17.53,"D"
"25236",14.06607,78.31371,332.69,0.39,0.37,"2026-02-16",800,"N20","low","2.0NRT",307.6,1.96,"D"
"25237",14.09306,78.46453,338.6,0.39,0.36,"2026-02-16",800,"N20","low","2.0NRT",309.03,2.07,"D"
"25238",14.09638,78.46397,342.01,0.39,0.36,"2026-02-16",800,"N20","nominal","2.0NRT",308.46,2.07,"D"
"25239",14.09582,78.46038,335.72,0.39,0.36,"2026-02-16",800,"N20","low","2.0NRT",308.55,2.07,"D"
"25240",14.02406,78.00245,335.06,0.4,0.37,"2026-02-16",800,"N20","low","2.0NRT",307.95,0.97,"D"
"25241",14.09971,78.46342,335.44,0.39,0.36,"2026-02-16",800,"N20","low","2.0NRT",308.07,1.49,"D"
"25242",14.11192,78.47617,340.72,0.39,0.36,"2026-02-16",800,"N20","low","2.0NRT",312.06,2.48,"D"
"25243",14.05089,78.0726,343.58,0.4,0.37,"2026-02-16",800,"N20","nominal","2.0NRT",308.38,4.03,"D"
"25244",14.11851,78.47768,343.95,0.39,0.36,"2026-02-16",800,"N20","nominal","2.0NRT",311.42,3.25,"D"
"25245",14.12184,78.47713,340.86,0.39,0.36,"2026-02-16",800,"N20","low","2.0NRT",311.51,2.45,"D"
"25246",14.05933,78.0824,335.87,0.4,0.37,"2026-02-16",800,"N20","nominal","2.0NRT",309.65,2.58,"D"
"25247",14.12516,78.47659,340.77,0.39,0.36,"2026-02-16",800,"N20","nominal","2.0NRT",310.7,2.45,"D"
"25248",14.15473,78.55647,331.17,0.39,0.36,"2026-02-16",800,"N20","low","2.0NRT",306.06,2.35,"D"
"25249",14.15861,78.55952,341.07,0.39,0.36,"2026-02-16",800,"N20","nominal","2.0NRT",307.71,3.25,"D"
"25250",13.69676,75.73231,337.59,0.5,0.41,"2026-02-16",800,"N20","low","2.0NRT",308.74,3.34,"D"
"25251",14.13466,78.31987,342.14,0.39,0.36,"2026-02-16",800,"N20","nominal","2.0NRT",309.2,4.87,"D"
"25252",14.00447,77.34966,344.26,0.42,0.38,"2026-02-16",800,"N20","nominal","2.0NRT",310.17,2.47,"D"
"25253",14.0651,77.53139,344.34,0.41,0.37,"2026-02-16",800,"N20","nominal","2.0NRT",310.67,3.48,"D"
"25254",14.32652,79.18491,337.24,0.38,0.36,"2026-02-16",800,"N20","nominal","2.0NRT",308.73,1.31,"D"
"25255",14.06911,77.53467,338.93,0.41,0.37,"2026-02-16",800,"N20","nominal","2.0NRT",308.09,3.5,"D"
"25256",14.25725,78.68998,341.65,0.39,0.36,"2026-02-16",800,"N20","nominal","2.0NRT",310.27,4.14,"D"
"25257",14.25669,78.68642,341.12,0.39,0.36,"2026-02-16",800,"N20","nominal","2.0NRT",311.91,4.19,"D"
"25258",14.24605,78.59661,355.69,0.39,0.36,"2026-02-16",800,"N20","nominal","2.0NRT",307.12,7.03,"D"
"25259",14.24548,78.59299,331.92,0.39,0.36,"2026-02-16",800,"N20","low","2.0NRT",305.07,0.86,"D"
"25260",13.87193,76.25533,344.16,0.47,0.39,"2026-02-16",800,"N20","nominal","2.0NRT",310.68,5.96,"D"
"25261",14.17253,78.04465,335.68,0.4,0.37,"2026-02-16",800,"N20","low","2.0NRT",308.34,2.35,"D"
"25262",14.13238,77.79358,338.27,0.41,0.37,"2026-02-16",800,"N20","low","2.0NRT",311.87,2.25,"D"
"25263",14.09072,77.53516,350.14,0.41,0.37,"2026-02-16",800,"N20","nominal","2.0NRT",313.11,3.86,"D"
"25264",14.09011,77.53137,336.07,0.41,0.37,"2026-02-16",800,"N20","low","2.0NRT",310.2,3.86,"D"
"25265",14.17705,78.0514,346.69,0.4,0.37,"2026-02-16",800,"N20","nominal","2.0NRT",308.68,3.17,"D"
"25266",14.17647,78.04777,348.32,0.4,0.37,"2026-02-16",800,"N20","nominal","2.0NRT",311.93,12.84,"D"
"25267",14.26819,78.60769,335.71,0.39,0.36,"2026-02-16",800,"N20","low","2.0NRT",310.5,2.27,"D"
"25268",14.26763,78.60412,350.13,0.39,0.36,"2026-02-16",800,"N20","nominal","2.0NRT",308.51,3.34,"D"
"25269",14.18097,78.05447,332.98,0.4,0.37,"2026-02-16",800,"N20","low","2.0NRT",307.31,3.17,"D"
"25270",14.17806,78.03617,343.34,0.4,0.37,"2026-02-16",800,"N20","nominal","2.0NRT",312.5,5.55,"D"
"25271",14.16228,77.93712,343.66,0.4,0.37,"2026-02-16",800,"N20","nominal","2.0NRT",307.76,3.3,"D"
"25272",14.16168,77.93339,338.24,0.4,0.37,"2026-02-16",800,"N20","nominal","2.0NRT",309.47,3.3,"D"
"25273",14.27094,78.60357,342.76,0.39,0.36,"2026-02-16",800,"N20","nominal","2.0NRT",310.91,6.51,"D"
"25274",14.26419,78.56042,339.33,0.39,0.36,"2026-02-16",800,"N20","nominal","2.0NRT",305.55,3.05,"D"
"25275",14.24334,78.42744,338.64,0.39,0.36,"2026-02-16",800,"N20","nominal","2.0NRT",309.4,3.05,"D"
"25276",14.18259,78.04296,344.48,0.4,0.37,"2026-02-16",800,"N20","nominal","2.0NRT",313.5,21.75,"D"
"25277",14.182,78.03931,345.14,0.4,0.37,"2026-02-16",800,"N20","nominal","2.0NRT",308.59,3.69,"D"
"25278",14.18142,78.03561,332.95,0.4,0.37,"2026-02-16",800,"N20","low","2.0NRT",307.47,3.69,"D"
"25279",14.18083,78.03192,344.84,0.4,0.37,"2026-02-16",800,"N20","nominal","2.0NRT",311.3,4.66,"D"
"25280",14.18418,78.03136,339.33,0.4,0.37,"2026-02-16",800,"N20","nominal","2.0NRT",309.68,4.66,"D"
"25281",13.84993,75.99277,337.72,0.48,0.4,"2026-02-16",800,"N20","nominal","2.0NRT",305.33,2.9,"D"
"25282",13.88122,75.97807,336.47,0.48,0.4,"2026-02-16",800,"N20","low","2.0NRT",308.38,3.75,"D"
"25283",14.23191,77.82249,334.56,0.4,0.37,"2026-02-16",800,"N20","nominal","2.0NRT",305.73,1.71,"D"
"25284",14.2313,77.81876,351.28,0.4,0.37,"2026-02-16",800,"N20","nominal","2.0NRT",309.51,5.43,"D"
"25285",14.23529,77.82199,352.6,0.4,0.37,"2026-02-16",800,"N20","nominal","2.0NRT",310.95,5.46,"D"
"25286",14.23468,77.81825,335.52,0.4,0.37,"2026-02-16",800,"N20","low","2.0NRT",310.31,3.38,"D"
"25287",14.23408,77.81448,341.25,0.4,0.37,"2026-02-16",800,"N20","nominal","2.0NRT",309.86,3.38,"D"
"25288",14.38521,78.68318,333.49,0.39,0.36,"2026-02-16",800,"N20","low","2.0NRT",307.75,5.28,"D"
"25289",14.00571,76.31599,348.25,0.46,0.39,"2026-02-16",800,"N20","nominal","2.0NRT",310.77,5.4,"D"
"25290",14.39072,78.67496,337.66,0.39,0.36,"2026-02-16",800,"N20","nominal","2.0NRT",306.76,2.35,"D"
"25291",14.39292,78.66728,345.52,0.39,0.36,"2026-02-16",800,"N20","nominal","2.0NRT",306.3,6.2,"D"
"25292",14.39237,78.66373,351.14,0.39,0.36,"2026-02-16",800,"N20","nominal","2.0NRT",307.8,9.59,"D"
"25293",14.39181,78.66015,349.53,0.39,0.36,"2026-02-16",800,"N20","nominal","2.0NRT",309.96,9.59,"D"
"25294",14.25648,77.80305,338.88,0.4,0.37,"2026-02-16",800,"N20","low","2.0NRT",308.95,4.27,"D"
"25295",13.95483,75.92529,335.33,0.48,0.4,"2026-02-16",800,"N20","nominal","2.0NRT",306.62,2.95,"D"
"25296",14.23234,77.41356,339.01,0.42,0.37,"2026-02-16",800,"N20","low","2.0NRT",309.19,7.42,"D"
"25297",14.23637,77.41679,356.31,0.42,0.37,"2026-02-16",800,"N20","low","2.0NRT",310.53,7.42,"D"
"25298",14.23576,77.41297,356.3,0.42,0.37,"2026-02-16",800,"N20","low","2.0NRT",310.98,7.42,"D"
"25299",14.03764,76.10769,340.28,0.47,0.4,"2026-02-16",800,"N20","low","2.0NRT",312.15,3.44,"D"
"25300",14.65509,79.96336,346.02,0.39,0.36,"2026-02-16",800,"N20","nominal","2.0NRT",310.17,9.57,"D"
"25301",14.0853,76.26263,338.87,0.46,0.39,"2026-02-16",800,"N20","nominal","2.0NRT",309.54,5.24,"D"
"25302",14.08388,76.26421,335.72,0.46,0.39,"2026-02-16",800,"N20","low","2.0NRT",309.48,4.93,"D"
"25303",14.37968,77.89262,345.1,0.4,0.37,"2026-02-16",800,"N20","nominal","2.0NRT",310.09,16.3,"D"
"25304",14.59497,79.22775,336.79,0.38,0.36,"2026-02-16",800,"N20","low","2.0NRT",307.92,4.05,"D"
"25305",14.59826,79.2272,343.81,0.38,0.36,"2026-02-16",800,"N20","nominal","2.0NRT",305.29,3.56,"D"
"25306",14.59076,79.13402,338.31,0.38,0.36,"2026-02-16",800,"N20","nominal","2.0NRT",305.33,7.12,"D"
"25307",14.08411,75.8446,337.52,0.48,0.4,"2026-02-16",800,"N20","low","2.0NRT",308.75,9.32,"D"
"25308",14.57294,78.84215,332.88,0.39,0.36,"2026-02-16",800,"N20","nominal","2.0NRT",305.12,3.07,"D"
"25309",14.08422,75.61775,342.29,0.5,0.41,"2026-02-16",800,"N20","low","2.0NRT",312.36,10.35,"D"
"25310",14.06666,75.51213,339.83,0.5,0.41,"2026-02-16",800,"N20","nominal","2.0NRT",309.4,4.36,"D"
"25311",14.05101,75.39509,335.03,0.51,0.41,"2026-02-16",800,"N20","nominal","2.0NRT",307.25,3.1,"D"
"25312",14.08182,75.61507,339.79,0.5,0.41,"2026-02-16",800,"N20","low","2.0NRT",314.75,14.61,"D"
"25313",14.05178,75.39683,332.06,0.51,0.41,"2026-02-16",800,"N20","low","2.0NRT",306.53,5.42,"D"
"25314",14.47104,77.89201,339.33,0.4,0.37,"2026-02-16",800,"N20","nominal","2.0NRT",311.36,2.49,"D"
"25315",14.13814,75.87713,339.55,0.48,0.4,"2026-02-16",800,"N20","low","2.0NRT",310.41,6.45,"D"
"25316",14.14179,75.87649,343.03,0.48,0.4,"2026-02-16",800,"N20","nominal","2.0NRT",306.39,6.45,"D"
"25317",14.14471,75.87151,350.66,0.48,0.4,"2026-02-16",800,"N20","nominal","2.0NRT",304.75,7.81,"D"
"25318",14.14395,75.86708,341.7,0.48,0.4,"2026-02-16",800,"N20","nominal","2.0NRT",305.59,5.25,"D"
"25319",14.57714,78.34554,337.28,0.39,0.36,"2026-02-16",800,"N20","low","2.0NRT",311.51,3.37,"D"
"25320",14.58046,78.34499,346.54,0.39,0.36,"2026-02-16",800,"N20","nominal","2.0NRT",310.29,3.37,"D"
"25321",14.58723,78.21385,338.51,0.39,0.36,"2026-02-16",800,"N20","low","2.0NRT",309.96,3.08,"D"
"25322",14.253,76.13891,338.47,0.47,0.39,"2026-02-16",800,"N20","nominal","2.0NRT",309.72,3.48,"D"
"25323",14.60863,78.30692,335.09,0.39,0.36,"2026-02-16",800,"N20","low","2.0NRT",307.79,0.65,"D"
"25324",14.63606,78.43908,343.11,0.39,0.36,"2026-02-16",800,"N20","nominal","2.0NRT",312.05,2.53,"D"
"25325",14.63759,78.36132,340.78,0.39,0.36,"2026-02-16",800,"N20","low","2.0NRT",312.59,3.94,"D"
"25326",14.63996,78.35657,347.73,0.39,0.36,"2026-02-16",800,"N20","nominal","2.0NRT",311.8,3.97,"D"
"25327",14.32012,76.1544,338.36,0.46,0.39,"2026-02-16",800,"N20","nominal","2.0NRT",308.4,3.46,"D"
"25328",14.77486,78.8517,339.35,0.39,0.36,"2026-02-16",800,"N20","nominal","2.0NRT",308.33,6.84,"D"
"25329",14.08924,74.50028,346.48,0.38,0.43,"2026-02-16",800,"N20","nominal","2.0NRT",308.31,3.69,"D"
"25330",14.81878,78.96104,343.86,0.38,0.36,"2026-02-16",800,"N20","nominal","2.0NRT",306.81,3.22,"D"
"25331",14.28488,75.60773,336.46,0.5,0.41,"2026-02-16",800,"N20","low","2.0NRT",309.15,3.49,"D"
"25332",14.46562,76.43976,335.32,0.45,0.39,"2026-02-16",800,"N20","low","2.0NRT",308.54,1.96,"D"
"25333",14.72115,77.87973,339.51,0.4,0.37,"2026-02-16",800,"N20","nominal","2.0NRT",313.37,3.12,"D"
"25334",14.34523,75.43359,337.91,0.5,0.41,"2026-02-16",800,"N20","nominal","2.0NRT",306.92,6.84,"D"
"25335",14.9262,79.01952,342.97,0.38,0.36,"2026-02-16",800,"N20","nominal","2.0NRT",307.92,3.66,"D"
"25336",15.01697,79.59386,347.07,0.38,0.36,"2026-02-16",800,"N20","nominal","2.0NRT",307.98,4.88,"D"
"25337",14.38265,75.61055,337.69,0.49,0.41,"2026-02-16",800,"N20","nominal","2.0NRT",308.83,5.2,"D"
"25338",14.96254,78.94423,340.67,0.38,0.36,"2026-02-16",800,"N20","nominal","2.0NRT",305.14,4.64,"D"
"25339",14.84358,77.63856,337.85,0.4,0.37,"2026-02-16",800,"N20","low","2.0NRT",312.69,2.74,"D"
"25340",14.6044,76.11034,335.96,0.46,0.39,"2026-02-16",800,"N20","low","2.0NRT",309.67,4.53,"D"
"25341",17.91732,79.61088,334.03,0.39,0.36,"2026-02-16",800,"N20","low","2.0NRT",304.37,2.31,"D"
"25342",18.98764,76.57217,348.06,0.41,0.37,"2026-02-16",802,"N20","nominal","2.0NRT",313.4,5.58,"D"
"25343",21.29982,81.92151,355.34,0.51,0.41,"2026-02-16",802,"N20","nominal","2.0NRT",315.92,10.89,"D"
"25344",31.11815,77.64246,326.35,0.42,0.38,"2026-02-16",805,"N20","nominal","2.0NRT",299.51,2.2,"D"
"25345",14.96283,78.18359,337.63,0.39,0.36,"2026-02-16",800,"N20","low","2.0NRT",309.35,3.14,"D"
"25346",15.12427,79.09218,332.8,0.38,0.36,"2026-02-16",800,"N20","nominal","2.0NRT",303.05,2.21,"D"
"25347",15.11122,79.00694,344.74,0.38,0.36,"2026-02-16",800,"N20","nominal","2.0NRT",308.86,9.98,"D"
"25348",14.42868,74.80893,332.76,0.55,0.42,"2026-02-16",800,"N20","low","2.0NRT",303.71,12.02,"D"
"25349",15.00682,78.07201,335.92,0.39,0.37,"2026-02-16",800,"N20","low","2.0NRT",308.73,1.81,"D"
"25350",15.05062,78.17995,344.09,0.39,0.36,"2026-02-16",800,"N20","nominal","2.0NRT",309.26,4.16,"D"
"25351",15.06128,78.20416,335.43,0.39,0.36,"2026-02-16",800,"N20","nominal","2.0NRT",307.52,2.56,"D"
"25352",15.33415,79.89724,335.21,0.39,0.36,"2026-02-16",800,"N20","nominal","2.0NRT",307.52,2.44,"D"
"25353",15.06144,78.11864,338.55,0.39,0.36,"2026-02-16",800,"N20","nominal","2.0NRT",308.89,2.89,"D"
"25354",15.04476,78.01323,347.15,0.4,0.37,"2026-02-16",800,"N20","nominal","2.0NRT",310.81,2.35,"D"
"25355",15.33736,79.80502,331.27,0.39,0.36,"2026-02-16",800,"N20","low","2.0NRT",305.36,0.96,"D"
"25356",14.74822,76.02159,343.17,0.47,0.39,"2026-02-16",800,"N20","low","2.0NRT",313.68,5.38,"D"
"25357",14.7475,76.01733,339.08,0.47,0.39,"2026-02-16",800,"N20","low","2.0NRT",312.95,4.71,"D"
"25358",15.26527,79.19274,334.97,0.38,0.36,"2026-02-16",800,"N20","low","2.0NRT",309.12,3.78,"D"
"25359",15.23728,78.8113,336.54,0.39,0.36,"2026-02-16",800,"N20","nominal","2.0NRT",305.4,1.46,"D"
"25360",15.2351,78.79713,340.71,0.39,0.36,"2026-02-16",800,"N20","nominal","2.0NRT",305.44,4.94,"D"
"25361",15.23455,78.79358,333.9,0.39,0.36,"2026-02-16",800,"N20","low","2.0NRT",304.08,2.19,"D"
"25362",15.24113,78.81432,338.1,0.39,0.36,"2026-02-16",800,"N20","nominal","2.0NRT",304.61,12.75,"D"
"25363",14.79498,76.01339,347.77,0.47,0.39,"2026-02-16",800,"N20","nominal","2.0NRT",311.45,7.48,"D"
"25364",15.24443,78.81379,341.72,0.39,0.36,"2026-02-16",800,"N20","nominal","2.0NRT",308.12,12.75,"D"
"25365",14.79857,76.01273,351.63,0.47,0.39,"2026-02-16",800,"N20","nominal","2.0NRT",310.16,7.48,"D"
"25366",15.24773,78.81325,337.35,0.39,0.36,"2026-02-16",800,"N20","nominal","2.0NRT",305.77,6,"D"
"25367",14.74698,75.59323,340.35,0.49,0.4,"2026-02-16",800,"N20","nominal","2.0NRT",309.84,6.15,"D"
"25368",15.0937,77.53033,340.02,0.41,0.37,"2026-02-16",800,"N20","nominal","2.0NRT",312.15,5.4,"D"
"25369",15.12249,77.66702,336.06,0.4,0.37,"2026-02-16",800,"N20","low","2.0NRT",309.92,1.35,"D"
"25370",15.11955,77.64857,337.22,0.4,0.37,"2026-02-16",800,"N20","nominal","2.0NRT",310.69,2.59,"D"
"25371",15.42181,79.48688,334.21,0.38,0.36,"2026-02-16",800,"N20","low","2.0NRT",309.07,1.13,"D"
"25372",15.42994,79.51836,335.98,0.38,0.36,"2026-02-16",800,"N20","nominal","2.0NRT",307.38,1.97,"D"
"25373",15.3587,79.04908,342.1,0.38,0.36,"2026-02-16",800,"N20","nominal","2.0NRT",311.16,9.25,"D"
"25374",15.20388,77.85458,342.69,0.4,0.37,"2026-02-16",800,"N20","nominal","2.0NRT",310.63,2.72,"D"
"25375",15.0489,76.88154,344.33,0.43,0.38,"2026-02-16",800,"N20","nominal","2.0NRT",313,5.41,"D"
"25376",14.96026,76.27154,338.31,0.45,0.39,"2026-02-16",800,"N20","low","2.0NRT",311.51,6.83,"D"
"25377",15.26901,78.12014,334.75,0.39,0.36,"2026-02-16",800,"N20","nominal","2.0NRT",304.96,2.36,"D"
"25378",15.48124,79.05079,339.63,0.38,0.36,"2026-02-16",800,"N20","nominal","2.0NRT",309.34,4.8,"D"
"25379",15.23452,77.42585,346.87,0.41,0.37,"2026-02-16",800,"N20","nominal","2.0NRT",311.13,5.64,"D"
"25380",15.62978,79.65038,337.17,0.39,0.36,"2026-02-16",800,"N20","low","2.0NRT",311.96,4.08,"D"
"25381",15.54905,79.11577,334.62,0.38,0.36,"2026-02-16",800,"N20","low","2.0NRT",308.78,1.38,"D"
"25382",15.34265,77.74778,346.18,0.4,0.37,"2026-02-16",800,"N20","nominal","2.0NRT",312.26,4.07,"D"
"25383",15.17202,76.69451,335.94,0.43,0.38,"2026-02-16",800,"N20","low","2.0NRT",309.6,1.65,"D"
"25384",15.39857,78.05747,339.48,0.39,0.36,"2026-02-16",800,"N20","nominal","2.0NRT",313.03,4.12,"D"
"25385",15.18047,76.68068,341.69,0.43,0.38,"2026-02-16",800,"N20","nominal","2.0NRT",310.15,6.26,"D"
"25386",15.17654,76.65681,338.56,0.43,0.38,"2026-02-16",800,"N20","low","2.0NRT",310.56,3.46,"D"
"25387",15.18198,76.66813,343.2,0.43,0.38,"2026-02-16",800,"N20","nominal","2.0NRT",310.18,5.09,"D"
"25388",15.12657,76.33231,337.45,0.45,0.39,"2026-02-16",800,"N20","nominal","2.0NRT",309.69,2.38,"D"
"25389",15.29339,77.20157,340.44,0.41,0.37,"2026-02-16",800,"N20","nominal","2.0NRT",313.74,2.55,"D"
"25390",15.37125,77.60229,337.85,0.4,0.37,"2026-02-16",800,"N20","low","2.0NRT",311.28,1.89,"D"
"25391",15.36022,77.48914,338.05,0.41,0.37,"2026-02-16",800,"N20","low","2.0NRT",311.41,2.09,"D"
"25392",15.40173,77.60871,336.6,0.4,0.37,"2026-02-16",800,"N20","low","2.0NRT",311.38,2.15,"D"
"25393",15.24504,76.56353,335.76,0.44,0.38,"2026-02-16",800,"N20","low","2.0NRT",309.11,2.38,"D"
"25394",15.12244,75.74537,343.34,0.48,0.4,"2026-02-16",800,"N20","nominal","2.0NRT",311.97,5.92,"D"
"25395",15.82547,80.09914,341.03,0.39,0.36,"2026-02-16",800,"N20","nominal","2.0NRT",303.88,2.01,"D"
"25396",15.18768,75.86765,335.29,0.47,0.4,"2026-02-16",800,"N20","low","2.0NRT",308.56,3.88,"D"
"25397",15.69383,78.97539,338.62,0.38,0.36,"2026-02-16",800,"N20","nominal","2.0NRT",307.43,3.79,"D"
"25398",15.55588,78.08326,334.83,0.39,0.36,"2026-02-16",800,"N20","low","2.0NRT",307.83,1.15,"D"
"25399",15.72215,79.11665,334.7,0.38,0.36,"2026-02-16",800,"N20","low","2.0NRT",308.71,4.04,"D"
"25400",15.72161,79.11309,343.91,0.38,0.36,"2026-02-16",800,"N20","nominal","2.0NRT",307.5,4.76,"D"
"25401",15.69934,78.96719,338.56,0.38,0.36,"2026-02-16",800,"N20","nominal","2.0NRT",308.05,4.87,"D"
"25402",15.74281,79.20812,340.24,0.38,0.36,"2026-02-16",800,"N20","nominal","2.0NRT",311.76,2.79,"D"
"25403",15.74123,79.08382,338.76,0.38,0.36,"2026-02-16",800,"N20","nominal","2.0NRT",307.46,2.68,"D"
"25404",15.38213,76.69134,341.28,0.43,0.38,"2026-02-16",800,"N20","low","2.0NRT",312.11,8.04,"D"
"25405",15.194,75.5705,344.38,0.48,0.4,"2026-02-16",800,"N20","nominal","2.0NRT",313.25,12.33,"D"
"25406",15.75904,78.95692,334.22,0.38,0.36,"2026-02-16",800,"N20","low","2.0NRT",308.84,4.15,"D"
"25407",15.68315,78.4644,352.05,0.39,0.36,"2026-02-16",800,"N20","nominal","2.0NRT",313.29,7.84,"D"
"25408",15.51074,77.35173,342.72,0.41,0.37,"2026-02-16",800,"N20","nominal","2.0NRT",312.13,3.32,"D"
"25409",15.66175,78.2616,340.22,0.39,0.36,"2026-02-16",800,"N20","low","2.0NRT",310.71,3.27,"D"
"25410",15.42889,76.71577,341.72,0.43,0.38,"2026-02-16",800,"N20","nominal","2.0NRT",309.73,4.13,"D"
"25411",15.52232,77.27202,338.46,0.41,0.37,"2026-02-16",800,"N20","low","2.0NRT",312.79,1.66,"D"
"25412",15.52171,77.26823,356.42,0.41,0.37,"2026-02-16",800,"N20","low","2.0NRT",310.94,4.58,"D"
"25413",15.5211,77.26443,356.41,0.41,0.37,"2026-02-16",800,"N20","low","2.0NRT",311.85,4.58,"D"
"25414",15.5251,77.26764,349.86,0.41,0.37,"2026-02-16",800,"N20","nominal","2.0NRT",311.32,4.58,"D"
"25415",15.5245,77.26385,356.27,0.41,0.37,"2026-02-16",800,"N20","low","2.0NRT",310.73,4.58,"D"
"25416",15.81876,79.06028,333.39,0.38,0.36,"2026-02-16",800,"N20","nominal","2.0NRT",302.89,0.96,"D"
"25417",15.81179,78.94833,336.82,0.38,0.36,"2026-02-16",800,"N20","low","2.0NRT",307.53,3.99,"D"
"25418",15.81124,78.94477,351.14,0.38,0.36,"2026-02-16",800,"N20","nominal","2.0NRT",307.44,4.4,"D"
"25419",15.81453,78.94425,340.87,0.38,0.36,"2026-02-16",800,"N20","nominal","2.0NRT",305.18,4.4,"D"
"25420",15.81399,78.94068,337.68,0.38,0.36,"2026-02-16",800,"N20","nominal","2.0NRT",304.38,4.4,"D"
"25421",15.83851,79.03071,340.7,0.38,0.36,"2026-02-16",800,"N20","nominal","2.0NRT",306.11,3.82,"D"
"25422",15.63205,77.58011,341.61,0.4,0.37,"2026-02-16",800,"N20","nominal","2.0NRT",315.01,5.15,"D"
"25423",15.34321,75.56329,345.59,0.48,0.4,"2026-02-16",800,"N20","nominal","2.0NRT",313.11,4.87,"D"
"25424",15.99567,79.62356,335.43,0.39,0.36,"2026-02-16",800,"N20","nominal","2.0NRT",309.06,2.53,"D"
"25425",15.66548,77.4865,340.58,0.4,0.37,"2026-02-16",800,"N20","low","2.0NRT",311.16,2.64,"D"
"25426",16.00404,79.31744,335.66,0.38,0.36,"2026-02-16",800,"N20","low","2.0NRT",307.8,4.53,"D"
"25427",15.72077,77.47697,343.57,0.4,0.37,"2026-02-16",800,"N20","nominal","2.0NRT",312.16,5.12,"D"
"25428",15.96916,78.97605,337.03,0.38,0.36,"2026-02-16",800,"N20","nominal","2.0NRT",307.2,2.41,"D"
"25429",15.97246,78.97551,340.25,0.38,0.36,"2026-02-16",800,"N20","nominal","2.0NRT",305.57,2.79,"D"
"25430",15.97521,78.97141,332.72,0.38,0.36,"2026-02-16",800,"N20","nominal","2.0NRT",302.98,2.79,"D"
"25431",16.06419,79.42489,341.15,0.39,0.36,"2026-02-16",800,"N20","nominal","2.0NRT",310.13,5.33,"D"
"25432",15.85472,78.06134,335.94,0.39,0.36,"2026-02-16",800,"N20","low","2.0NRT",310.74,2.09,"D"
"25433",15.34836,74.9762,348.19,0.52,0.41,"2026-02-16",800,"N20","nominal","2.0NRT",310.84,8.17,"D"
"25434",15.34755,74.9715,335.39,0.52,0.41,"2026-02-16",800,"N20","low","2.0NRT",309.4,3.71,"D"
"25435",15.35134,74.97087,334.93,0.52,0.41,"2026-02-16",800,"N20","low","2.0NRT",307.69,4,"D"
"25436",15.8625,78.06748,338.48,0.39,0.36,"2026-02-16",800,"N20","low","2.0NRT",312.65,4.65,"D"
"25437",16.12012,79.43404,337.31,0.39,0.36,"2026-02-16",800,"N20","low","2.0NRT",311.33,4.25,"D"
"25438",15.23485,73.9592,333.81,0.4,0.44,"2026-02-16",800,"N20","nominal","2.0NRT",304.87,3.48,"D"
"25439",15.78987,77.10082,340.62,0.41,0.37,"2026-02-16",800,"N20","nominal","2.0NRT",311.42,2.07,"D"
"25440",16.3812,80.86547,332.3,0.41,0.37,"2026-02-16",800,"N20","nominal","2.0NRT",300.81,4.98,"D"
"25441",16.10865,79.02253,345.52,0.38,0.36,"2026-02-16",800,"N20","nominal","2.0NRT",306.53,4.54,"D"
"25442",16.07381,78.77248,346.08,0.38,0.36,"2026-02-16",800,"N20","nominal","2.0NRT",307.86,5.2,"D"
"25443",16.07327,78.76891,331.22,0.38,0.36,"2026-02-16",800,"N20","low","2.0NRT",304.14,3.74,"D"
"25444",16.07711,78.77193,340.38,0.38,0.36,"2026-02-16",800,"N20","nominal","2.0NRT",307.78,6.19,"D"
"25445",15.73522,76.56956,343.06,0.43,0.38,"2026-02-16",800,"N20","low","2.0NRT",316.54,5.77,"D"
"25446",16.14733,79.16603,332.43,0.38,0.36,"2026-02-16",800,"N20","low","2.0NRT",306.33,1.96,"D"
"25447",16.1279,79.01574,332.74,0.38,0.36,"2026-02-16",800,"N20","low","2.0NRT",304.78,2.64,"D"
"25448",16.12735,79.01217,338.17,0.38,0.36,"2026-02-16",800,"N20","nominal","2.0NRT",306.74,2.64,"D"
"25449",16.12956,79.0045,345.45,0.38,0.36,"2026-02-16",800,"N20","nominal","2.0NRT",307.27,8.68,"D"
"25450",15.47424,74.84676,335.97,0.52,0.42,"2026-02-16",800,"N20","nominal","2.0NRT",308.23,4.03,"D"
"25451",15.41191,74.48125,334.93,0.55,0.43,"2026-02-16",800,"N20","nominal","2.0NRT",307.72,3.7,"D"
"25452",15.84161,77.05253,341.74,0.41,0.37,"2026-02-16",800,"N20","nominal","2.0NRT",313.53,4.73,"D"
"25453",16.48276,81.23977,337.84,0.42,0.38,"2026-02-16",800,"N20","nominal","2.0NRT",304.1,3.44,"D"
"25454",15.47307,74.84409,336.67,0.52,0.42,"2026-02-16",800,"N20","nominal","2.0NRT",307.3,2.95,"D"
"25455",16.15197,78.94913,344.98,0.38,0.36,"2026-02-16",800,"N20","nominal","2.0NRT",308.67,5.36,"D"
"25456",16.19341,79.1105,334.38,0.38,0.36,"2026-02-16",800,"N20","low","2.0NRT",305.12,2.42,"D"
"25457",16.2059,79.17067,334.66,0.38,0.36,"2026-02-16",800,"N20","nominal","2.0NRT",308.6,0.93,"D"
"25458",16.19725,79.11354,341.39,0.38,0.36,"2026-02-16",800,"N20","nominal","2.0NRT",306.36,4.24,"D"
"25459",16.19671,79.10997,347.95,0.38,0.36,"2026-02-16",800,"N20","nominal","2.0NRT",308.7,4.24,"D"
"25460",16.15651,78.84605,347.33,0.38,0.36,"2026-02-16",800,"N20","nominal","2.0NRT",311.04,9.5,"D"
"25461",16.15596,78.84249,333.36,0.38,0.36,"2026-02-16",800,"N20","low","2.0NRT",306.74,3.02,"D"
"25462",16.16365,78.84856,340.01,0.38,0.36,"2026-02-16",800,"N20","nominal","2.0NRT",307.79,7.42,"D"
"25463",15.98303,77.62645,342.87,0.4,0.37,"2026-02-16",800,"N20","nominal","2.0NRT",312.34,2.39,"D"
"25464",16.18179,78.83466,333.97,0.38,0.36,"2026-02-16",800,"N20","low","2.0NRT",306.94,5.7,"D"
"25465",15.90618,77.06103,343.97,0.41,0.37,"2026-02-16",800,"N20","nominal","2.0NRT",308.43,8.87,"D"
"25466",15.92103,77.06633,336.64,0.41,0.37,"2026-02-16",800,"N20","nominal","2.0NRT",307.06,2.97,"D"
"25467",16.32755,79.66515,343.51,0.39,0.36,"2026-02-16",800,"N20","nominal","2.0NRT",308.43,5.32,"D"
"25468",15.93336,77.09951,336.77,0.41,0.37,"2026-02-16",800,"N20","low","2.0NRT",309.14,9.17,"D"
"25469",16.04099,77.68851,338.98,0.4,0.37,"2026-02-16",800,"N20","nominal","2.0NRT",312.77,2.53,"D"
"25470",15.97898,77.23206,337.78,0.41,0.37,"2026-02-16",800,"N20","nominal","2.0NRT",310.18,2.76,"D"
"25471",16.1874,78.29776,336.29,0.39,0.36,"2026-02-16",800,"N20","nominal","2.0NRT",304.79,2.37,"D"
"25472",15.4641,73.83676,331.63,0.4,0.44,"2026-02-16",800,"N20","nominal","2.0NRT",303.3,1.99,"D"
"25473",16.05227,77.27018,338.59,0.41,0.37,"2026-02-16",800,"N20","nominal","2.0NRT",312.78,1.54,"D"
"25474",15.5911,74.44344,339.58,0.55,0.43,"2026-02-16",800,"N20","nominal","2.0NRT",310.94,13.25,"D"
"25475",16.15147,77.76409,341.23,0.4,0.37,"2026-02-16",800,"N20","nominal","2.0NRT",310.01,1.96,"D"
"25476",16.15481,77.76353,339.25,0.4,0.37,"2026-02-16",800,"N20","nominal","2.0NRT",309.03,1.96,"D"
"25477",16.04497,77.07281,336.18,0.41,0.37,"2026-02-16",800,"N20","nominal","2.0NRT",310.44,1.57,"D"
"25478",16.63742,80.92103,337.36,0.41,0.37,"2026-02-16",800,"N20","nominal","2.0NRT",304.97,4.26,"D"
"25479",16.64085,80.9205,342.87,0.41,0.37,"2026-02-16",800,"N20","nominal","2.0NRT",306.46,5.24,"D"
"25480",16.12409,77.06245,335.49,0.41,0.37,"2026-02-16",800,"N20","low","2.0NRT",309.71,1.74,"D"
"25481",16.17459,77.33342,336.32,0.4,0.37,"2026-02-16",800,"N20","low","2.0NRT",310.35,2.76,"D"
"25482",16.13095,76.9314,349.23,0.42,0.37,"2026-02-16",800,"N20","nominal","2.0NRT",307.3,6.32,"D"
"25483",16.13437,76.93081,339,0.42,0.37,"2026-02-16",800,"N20","nominal","2.0NRT",308.64,4.14,"D"
"25484",16.19797,77.30624,338.89,0.4,0.37,"2026-02-16",800,"N20","nominal","2.0NRT",310.06,1.75,"D"
"25485",15.98216,75.67635,338.35,0.47,0.4,"2026-02-16",800,"N20","low","2.0NRT",309.77,4.31,"D"
"25486",15.75412,74.24477,332.75,0.56,0.43,"2026-02-16",800,"N20","low","2.0NRT",303.26,4.96,"D"
"25487",15.89279,74.97505,333.31,0.51,0.41,"2026-02-16",800,"N20","low","2.0NRT",307.48,2.08,"D"
"25488",16.06124,75.77287,341.71,0.46,0.39,"2026-02-16",800,"N20","low","2.0NRT",311.9,4.97,"D"
"25489",15.96123,75.12933,335.13,0.5,0.41,"2026-02-16",800,"N20","nominal","2.0NRT",309.63,2.59,"D"
"25490",16.78889,80.26888,339.75,0.4,0.37,"2026-02-16",800,"N20","nominal","2.0NRT",308.56,4.82,"D"
"25491",15.92948,74.75999,336.61,0.52,0.42,"2026-02-16",800,"N20","low","2.0NRT",307.1,6.64,"D"
"25492",16.79568,80.15005,331.84,0.4,0.37,"2026-02-16",800,"N20","low","2.0NRT",304.83,2.37,"D"
"25493",16.76446,79.93645,339.53,0.39,0.36,"2026-02-16",800,"N20","nominal","2.0NRT",307.68,4.07,"D"
"25494",15.9362,74.75379,339.93,0.52,0.42,"2026-02-16",800,"N20","nominal","2.0NRT",309.53,5.31,"D"
"25495",15.79478,73.88258,353.51,0.39,0.44,"2026-02-16",800,"N20","nominal","2.0NRT",306.07,6.58,"D"
"25496",15.8949,74.35839,333.29,0.55,0.43,"2026-02-16",800,"N20","low","2.0NRT",306.18,4.47,"D"
"25497",16.4603,77.7406,339.05,0.39,0.36,"2026-02-16",800,"N20","low","2.0NRT",312.25,4.92,"D"
"25498",16.92943,80.81249,332.99,0.41,0.37,"2026-02-16",800,"N20","nominal","2.0NRT",303.52,2.06,"D"
"25499",15.86276,73.92912,330.03,0.39,0.44,"2026-02-16",800,"N20","low","2.0NRT",303.06,3.68,"D"
"25500",15.94397,74.33588,337.46,0.55,0.43,"2026-02-16",800,"N20","low","2.0NRT",307.84,5.59,"D"
"25501",16.6318,78.38046,347.03,0.39,0.36,"2026-02-16",800,"N20","nominal","2.0NRT",311.19,10.79,"D"
"25502",16.46352,77.20677,336.34,0.41,0.37,"2026-02-16",800,"N20","nominal","2.0NRT",310.81,1.52,"D"
"25503",16.47242,77.04581,337.04,0.41,0.37,"2026-02-16",800,"N20","low","2.0NRT",311.81,2.64,"D"
"25504",16.59312,77.74062,339.08,0.39,0.36,"2026-02-16",800,"N20","nominal","2.0NRT",311.69,1.66,"D"
"25505",16.03612,74.31345,337.3,0.55,0.43,"2026-02-16",800,"N20","low","2.0NRT",309.94,6.9,"D"
"25506",16.00549,74.11271,353.17,0.57,0.43,"2026-02-16",800,"N20","nominal","2.0NRT",307.18,12.1,"D"
"25507",16.0517,74.35762,337,0.55,0.43,"2026-02-16",800,"N20","nominal","2.0NRT",304.98,3.13,"D"
"25508",16.05083,74.35252,331.32,0.55,0.43,"2026-02-16",800,"N20","low","2.0NRT",305.35,1.98,"D"
"25509",16.00858,74.10719,330.83,0.57,0.43,"2026-02-16",800,"N20","low","2.0NRT",304.95,5.9,"D"
"25510",16.51534,77.11241,335.08,0.41,0.37,"2026-02-16",800,"N20","low","2.0NRT",308.39,2.1,"D"
"25511",16.03731,74.31588,345.53,0.55,0.43,"2026-02-16",800,"N20","nominal","2.0NRT",309.44,10.32,"D"
"25512",16.00537,74.11551,330.02,0.57,0.43,"2026-02-16",800,"N20","low","2.0NRT",302.53,2.2,"D"
"25513",16.00448,74.11059,346.98,0.57,0.43,"2026-02-16",800,"N20","nominal","2.0NRT",309.56,13.53,"D"
"25514",16.05228,74.35489,340.75,0.55,0.42,"2026-02-16",800,"N20","nominal","2.0NRT",307.35,4.61,"D"
"25515",16.79274,78.74252,337.02,0.38,0.36,"2026-02-16",800,"N20","nominal","2.0NRT",310.95,3.42,"D"
"25516",17.08045,80.62085,330.42,0.41,0.37,"2026-02-16",800,"N20","nominal","2.0NRT",302.2,1.83,"D"
"25517",16.51207,76.87778,336.96,0.41,0.37,"2026-02-16",800,"N20","low","2.0NRT",311.56,2.58,"D"
"25518",16.60785,77.45043,339.8,0.4,0.37,"2026-02-16",800,"N20","low","2.0NRT",311.23,48.09,"D"
"25519",16.71872,78.06623,339.13,0.39,0.36,"2026-02-16",800,"N20","nominal","2.0NRT",310.91,2.36,"D"
"25520",16.75726,78.2485,335.87,0.39,0.36,"2026-02-16",800,"N20","low","2.0NRT",310.64,1.44,"D"
"25521",16.60735,77.27446,339.3,0.4,0.37,"2026-02-16",800,"N20","nominal","2.0NRT",313.05,3.41,"D"
"25522",16.59255,77.09516,337.22,0.41,0.37,"2026-02-16",800,"N20","nominal","2.0NRT",311.2,3.57,"D"
"25523",16.62159,77.11701,337.84,0.41,0.37,"2026-02-16",800,"N20","low","2.0NRT",312.07,3.68,"D"
"25524",16.62837,77.0731,334.44,0.41,0.37,"2026-02-16",800,"N20","low","2.0NRT",307.14,4.31,"D"
"25525",17.38456,82.13885,330.03,0.47,0.4,"2026-02-16",800,"N20","nominal","2.0NRT",298.77,2.63,"D"
"25526",16.65467,77.19263,336.76,0.4,0.37,"2026-02-16",800,"N20","low","2.0NRT",311.43,2.81,"D"
"25527",16.15046,74.18088,338.84,0.56,0.43,"2026-02-16",800,"N20","nominal","2.0NRT",306.53,7.67,"D"
"25528",16.18773,74.23242,343.64,0.55,0.43,"2026-02-16",800,"N20","nominal","2.0NRT",308.91,14.79,"D"
"25529",16.18682,74.22727,333.46,0.55,0.43,"2026-02-16",800,"N20","low","2.0NRT",307.15,21.59,"D"
"25530",16.19251,74.23676,337.07,0.55,0.43,"2026-02-16",800,"N20","low","2.0NRT",309.22,14.79,"D"
"25531",16.1916,74.23163,345.22,0.55,0.43,"2026-02-16",800,"N20","nominal","2.0NRT",308.95,14.79,"D"
"25532",16.1907,74.22649,339.78,0.55,0.43,"2026-02-16",800,"N20","low","2.0NRT",314.25,21.59,"D"
"25533",16.29408,74.70724,334.94,0.52,0.41,"2026-02-16",800,"N20","nominal","2.0NRT",307.8,2.22,"D"
"25534",16.21435,74.20099,331.95,0.56,0.43,"2026-02-16",800,"N20","nominal","2.0NRT",305.61,4.39,"D"
"25535",16.77143,77.5133,335.22,0.4,0.37,"2026-02-16",800,"N20","nominal","2.0NRT",309.24,1.7,"D"
"25536",17.60044,83.18481,338.61,0.54,0.42,"2026-02-16",800,"N20","nominal","2.0NRT",302.23,18.88,"D"
"25537",17.60699,83.20441,332.48,0.54,0.42,"2026-02-16",800,"N20","low","2.0NRT",302.8,2.96,"D"
"25538",17.61086,83.2039,331.06,0.54,0.42,"2026-02-16",800,"N20","low","2.0NRT",301.82,2.96,"D"
"25539",16.73065,77.19108,342.97,0.4,0.37,"2026-02-16",800,"N20","nominal","2.0NRT",312.15,1.74,"D"
"25540",16.44125,75.39516,335.54,0.48,0.4,"2026-02-16",800,"N20","low","2.0NRT",309.06,3.17,"D"
"25541",16.76824,77.38435,344.73,0.4,0.37,"2026-02-16",800,"N20","nominal","2.0NRT",309.75,2.84,"D"
"25542",16.26344,74.32291,342.56,0.55,0.42,"2026-02-16",800,"N20","low","2.0NRT",314.37,8.35,"D"
"25543",17.60402,83.20194,334.3,0.54,0.42,"2026-02-16",800,"N20","nominal","2.0NRT",302.8,4.85,"D"
"25544",17.60854,83.20644,331.96,0.54,0.42,"2026-02-16",800,"N20","nominal","2.0NRT",303.27,1.67,"D"
"25545",16.44099,75.39194,342.83,0.48,0.4,"2026-02-16",800,"N20","nominal","2.0NRT",309.78,4.17,"D"
"25546",16.26416,74.32015,342.81,0.55,0.42,"2026-02-16",800,"N20","low","2.0NRT",314.5,8.82,"D"
"25547",16.26325,74.315,343.8,0.55,0.42,"2026-02-16",800,"N20","nominal","2.0NRT",312.61,8.82,"D"
"25548",16.29176,74.34088,341.75,0.54,0.42,"2026-02-16",800,"N20","nominal","2.0NRT",308.56,5.24,"D"
"25549",16.29763,74.32903,335.5,0.54,0.42,"2026-02-16",800,"N20","nominal","2.0NRT",309.3,2.8,"D"
"25550",16.28659,74.22123,333.74,0.55,0.43,"2026-02-16",800,"N20","low","2.0NRT",306.6,6.51,"D"
"25551",16.29046,74.22041,333.91,0.55,0.43,"2026-02-16",800,"N20","low","2.0NRT",306.89,6.51,"D"
"25552",16.79564,77.19904,337.19,0.4,0.37,"2026-02-16",800,"N20","low","2.0NRT",309.22,2.79,"D"
"25553",16.54535,75.65506,335.73,0.46,0.39,"2026-02-16",800,"N20","nominal","2.0NRT",308.7,4.68,"D"
"25554",16.71465,76.54675,340.89,0.42,0.38,"2026-02-16",800,"N20","nominal","2.0NRT",307.96,7.51,"D"
"25555",16.32769,74.25006,354.84,0.55,0.43,"2026-02-16",800,"N20","nominal","2.0NRT",312.96,16.96,"D"
"25556",16.79965,77.05101,332.99,0.41,0.37,"2026-02-16",800,"N20","low","2.0NRT",307.19,2.1,"D"
"25557",16.872,77.46193,340.56,0.4,0.37,"2026-02-16",800,"N20","nominal","2.0NRT",311.46,2.67,"D"
"25558",16.86319,77.40632,339.57,0.4,0.37,"2026-02-16",800,"N20","nominal","2.0NRT",311.11,5.34,"D"
"25559",16.79031,76.66682,338.11,0.42,0.38,"2026-02-16",800,"N20","nominal","2.0NRT",312.95,2.66,"D"
"25560",16.32869,73.98087,333.17,0.57,0.43,"2026-02-16",800,"N20","low","2.0NRT",306.7,6.45,"D"
"25561",16.33753,73.98479,336.53,0.57,0.43,"2026-02-16",800,"N20","low","2.0NRT",309.5,9.69,"D"
"25562",17.17185,78.95788,339.11,0.38,0.36,"2026-02-16",800,"N20","nominal","2.0NRT",313.81,2.28,"D"
"25563",16.91538,77.30964,340.19,0.4,0.37,"2026-02-16",800,"N20","nominal","2.0NRT",311.58,5.04,"D"
"25564",16.80673,76.35609,347.16,0.43,0.38,"2026-02-16",800,"N20","nominal","2.0NRT",311.97,7.35,"D"
"25565",16.94285,77.13534,337.79,0.4,0.37,"2026-02-16",800,"N20","nominal","2.0NRT",312,2.81,"D"
"25566",17.15214,78.3615,338.41,0.39,0.36,"2026-02-16",800,"N20","nominal","2.0NRT",310.17,2.36,"D"
"25567",16.32032,73.42608,338.92,0.41,0.45,"2026-02-16",800,"N20","nominal","2.0NRT",306.64,4.2,"D"
"25568",16.44598,74.00499,332.93,0.57,0.43,"2026-02-16",800,"N20","nominal","2.0NRT",305.19,5.89,"D"
"25569",16.44503,73.99969,335.27,0.57,0.43,"2026-02-16",800,"N20","nominal","2.0NRT",307.6,5.89,"D"
"25570",16.44896,73.99899,336.87,0.57,0.43,"2026-02-16",800,"N20","nominal","2.0NRT",305.79,2.67,"D"
"25571",17.00943,77.2394,337.72,0.4,0.37,"2026-02-16",800,"N20","low","2.0NRT",311.36,2.78,"D"
"25572",16.42604,73.77951,343.36,0.39,0.44,"2026-02-16",800,"N20","nominal","2.0NRT",308.98,6.08,"D"
"25573",17.16276,78.16785,340.51,0.39,0.36,"2026-02-16",800,"N20","nominal","2.0NRT",313.7,2.83,"D"
"25574",16.43003,73.77879,344.01,0.39,0.44,"2026-02-16",800,"N20","nominal","2.0NRT",310.38,6.08,"D"
"25575",17.15224,77.96945,334.79,0.39,0.36,"2026-02-16",800,"N20","low","2.0NRT",308.63,2,"D"
"25576",16.67003,74.97247,337.27,0.5,0.41,"2026-02-16",800,"N20","nominal","2.0NRT",307.5,7.14,"D"
"25577",17.62804,81.05293,336.54,0.43,0.38,"2026-02-16",800,"N20","nominal","2.0NRT",308.18,2.49,"D"
"25578",17.623,80.99253,338.65,0.42,0.38,"2026-02-16",800,"N20","nominal","2.0NRT",309.92,13.97,"D"
"25579",16.64396,74.61594,334.47,0.52,0.41,"2026-02-16",800,"N20","nominal","2.0NRT",305.38,2.6,"D"
"25580",16.49778,73.73199,346.89,0.39,0.44,"2026-02-16",800,"N20","nominal","2.0NRT",306.76,4.34,"D"
"25581",16.49715,73.72849,331.68,0.39,0.44,"2026-02-16",800,"N20","low","2.0NRT",305.75,2.45,"D"
"25582",17.10559,77.24582,336.76,0.4,0.37,"2026-02-16",800,"N20","low","2.0NRT",311.56,3.25,"D"
"25583",17.10499,77.24208,336.86,0.4,0.37,"2026-02-16",800,"N20","low","2.0NRT",310.62,3.33,"D"
"25584",17.10835,77.2415,340.4,0.4,0.37,"2026-02-16",800,"N20","low","2.0NRT",311.75,3.26,"D"
"25585",16.52355,73.76068,338.16,0.39,0.44,"2026-02-16",800,"N20","nominal","2.0NRT",307.28,1.94,"D"
"25586",16.98397,76.39101,336.63,0.43,0.38,"2026-02-16",800,"N20","nominal","2.0NRT",307.19,2.4,"D"
"25587",16.66565,74.51713,335.86,0.53,0.42,"2026-02-16",800,"N20","low","2.0NRT",308.45,4.59,"D"
"25588",17.79237,81.71242,330.3,0.45,0.39,"2026-02-16",800,"N20","nominal","2.0NRT",293.28,4.6,"D"
"25589",17.07385,76.89841,350.99,0.41,0.37,"2026-02-16",800,"N20","nominal","2.0NRT",311.98,4.54,"D"
"25590",17.07323,76.89461,337.61,0.41,0.37,"2026-02-16",800,"N20","low","2.0NRT",310.91,4.54,"D"
"25591",17.00726,76.46799,339.99,0.42,0.38,"2026-02-16",800,"N20","nominal","2.0NRT",312.13,4.48,"D"
"25592",17.07786,76.90163,355.38,0.41,0.37,"2026-02-16",800,"N20","low","2.0NRT",311.9,12.31,"D"
"25593",17.07663,76.89402,355.9,0.41,0.37,"2026-02-16",800,"N20","low","2.0NRT",311.12,4.54,"D"
"25594",17.08125,76.90105,352.55,0.41,0.37,"2026-02-16",800,"N20","nominal","2.0NRT",310.97,12.11,"D"
"25595",17.08063,76.89723,350.97,0.41,0.37,"2026-02-16",800,"N20","nominal","2.0NRT",313.87,13.8,"D"
"25596",17.08002,76.89343,349.23,0.41,0.37,"2026-02-16",800,"N20","nominal","2.0NRT",310.06,13.8,"D"
"25597",17.0794,76.88962,355.46,0.41,0.37,"2026-02-16",800,"N20","low","2.0NRT",311.41,12.16,"D"
"25598",17.08464,76.90045,345.61,0.41,0.37,"2026-02-16",800,"N20","nominal","2.0NRT",311.73,12.11,"D"
"25599",17.08402,76.89664,343.97,0.41,0.37,"2026-02-16",800,"N20","nominal","2.0NRT",314.21,13.8,"D"
"25600",17.08803,76.89986,337.74,0.41,0.37,"2026-02-16",800,"N20","nominal","2.0NRT",311.13,3.27,"D"
"25601",17.08741,76.89604,351.95,0.41,0.37,"2026-02-16",800,"N20","nominal","2.0NRT",312.23,16.48,"D"
"25602",17.57097,80.02303,330.83,0.4,0.37,"2026-02-16",800,"N20","nominal","2.0NRT",304.73,2.41,"D"
"25603",17.23191,77.73936,337.8,0.39,0.36,"2026-02-16",800,"N20","low","2.0NRT",310.78,5.27,"D"
"25604",16.62263,74.06718,340.21,0.56,0.43,"2026-02-16",800,"N20","nominal","2.0NRT",307.31,4.93,"D"
"25605",16.73401,74.6189,335.02,0.52,0.41,"2026-02-16",800,"N20","low","2.0NRT",308.53,2.34,"D"
"25606",17.73048,80.93616,345.84,0.42,0.38,"2026-02-16",800,"N20","nominal","2.0NRT",306.31,6.65,"D"
"25607",17.27894,77.86593,336.22,0.39,0.36,"2026-02-16",800,"N20","low","2.0NRT",309.16,1,"D"
"25608",17.32389,78.13224,338.28,0.39,0.36,"2026-02-16",800,"N20","nominal","2.0NRT",311.98,1.8,"D"
"25609",17.31932,78.08117,337.69,0.39,0.36,"2026-02-16",800,"N20","nominal","2.0NRT",310.74,1.17,"D"
"25610",17.28972,77.87062,342.62,0.39,0.36,"2026-02-16",800,"N20","nominal","2.0NRT",311.14,3.56,"D"
"25611",17.23218,77.48605,335.63,0.4,0.37,"2026-02-16",800,"N20","nominal","2.0NRT",310.28,2.02,"D"
"25612",17.77433,81.00639,335.03,0.43,0.38,"2026-02-16",800,"N20","low","2.0NRT",306.13,3.21,"D"
"25613",17.4311,78.65246,335.5,0.38,0.36,"2026-02-16",800,"N20","nominal","2.0NRT",307.52,4.07,"D"
"25614",16.68793,74.07114,336.26,0.56,0.43,"2026-02-16",800,"N20","nominal","2.0NRT",306.14,2.65,"D"
"25615",17.99588,82.41962,338.62,0.49,0.41,"2026-02-16",800,"N20","nominal","2.0NRT",306.27,4.39,"D"
"25616",17.34387,77.86893,340.08,0.39,0.36,"2026-02-16",800,"N20","nominal","2.0NRT",311.82,3.27,"D"
"25617",17.3433,77.8653,339.54,0.39,0.36,"2026-02-16",800,"N20","nominal","2.0NRT",310.86,4.22,"D"
"25618",18.09219,83.00234,331.99,0.53,0.42,"2026-02-16",800,"N20","nominal","2.0NRT",299.97,3.4,"D"
"25619",17.69151,80.10635,347.35,0.4,0.37,"2026-02-16",800,"N20","nominal","2.0NRT",306.81,5.99,"D"
"25620",17.42213,78.26353,333.85,0.39,0.36,"2026-02-16",800,"N20","nominal","2.0NRT",308.11,1.61,"D"
"25621",17.42543,78.26297,335.69,0.39,0.36,"2026-02-16",800,"N20","nominal","2.0NRT",309.25,2.79,"D"
"25622",16.68492,73.73241,341.46,0.39,0.44,"2026-02-16",800,"N20","nominal","2.0NRT",307.05,4.7,"D"
"25623",16.68429,73.72888,350.39,0.39,0.44,"2026-02-16",800,"N20","nominal","2.0NRT",309.1,9.61,"D"
"25624",17.20885,76.77972,347.35,0.41,0.37,"2026-02-16",800,"N20","nominal","2.0NRT",311.63,4.76,"D"
"25625",18.04648,82.37392,335.46,0.49,0.4,"2026-02-16",800,"N20","nominal","2.0NRT",308.3,4.62,"D"
"25626",17.38801,77.84648,336.94,0.39,0.36,"2026-02-16",800,"N20","nominal","2.0NRT",309.94,2.49,"D"
"25627",17.81523,80.64948,336.06,0.41,0.37,"2026-02-16",800,"N20","nominal","2.0NRT",307.83,4.02,"D"
"25628",18.21517,83.65443,347.91,0.39,0.44,"2026-02-16",800,"N20","nominal","2.0NRT",305.74,5.63,"D"
"25629",17.42542,77.93324,338.51,0.39,0.36,"2026-02-16",800,"N20","low","2.0NRT",312.75,4.26,"D"
"25630",17.27665,76.99937,340.16,0.41,0.37,"2026-02-16",800,"N20","low","2.0NRT",312.67,3.35,"D"
"25631",16.81257,74.27042,342.33,0.54,0.42,"2026-02-16",800,"N20","nominal","2.0NRT",312.67,3.81,"D"
"25632",17.36661,77.53867,367,0.39,0.36,"2026-02-16",800,"N20","high","2.0NRT",308.7,3.66,"D"
"25633",17.36602,77.53499,344.28,0.39,0.36,"2026-02-16",800,"N20","nominal","2.0NRT",309.27,3.66,"D"
"25634",17.36544,77.53131,336.2,0.39,0.36,"2026-02-16",800,"N20","low","2.0NRT",308.22,3.35,"D"
"25635",17.36485,77.52763,348.48,0.39,0.36,"2026-02-16",800,"N20","nominal","2.0NRT",309.78,3.35,"D"
"25636",16.8164,74.26968,341.21,0.54,0.42,"2026-02-16",800,"N20","nominal","2.0NRT",309.56,3.38,"D"
"25637",17.44383,77.98586,344.82,0.39,0.36,"2026-02-16",800,"N20","nominal","2.0NRT",312.5,8.1,"D"
"25638",17.41918,77.78509,341.43,0.39,0.36,"2026-02-16",800,"N20","nominal","2.0NRT",315.79,7.47,"D"
"25639",17.4225,77.78454,337.96,0.39,0.36,"2026-02-16",800,"N20","nominal","2.0NRT",311.91,7.47,"D"
"25640",17.30966,77.075,336.26,0.4,0.37,"2026-02-16",800,"N20","low","2.0NRT",310.61,1.58,"D"
"25641",17.4412,77.88216,338.76,0.39,0.36,"2026-02-16",800,"N20","low","2.0NRT",312.65,3.17,"D"
"25642",17.31303,77.07442,353.92,0.4,0.37,"2026-02-16",800,"N20","nominal","2.0NRT",314.24,5.5,"D"
"25643",17.44452,77.88161,337.88,0.39,0.36,"2026-02-16",800,"N20","low","2.0NRT",310.22,3.17,"D"
"25644",17.44395,77.87798,344.37,0.39,0.36,"2026-02-16",800,"N20","nominal","2.0NRT",311.96,8.31,"D"
"25645",17.1714,76.18539,338.22,0.43,0.38,"2026-02-16",800,"N20","nominal","2.0NRT",309.33,5.55,"D"
"25646",17.9784,81.4912,343.04,0.45,0.39,"2026-02-16",800,"N20","nominal","2.0NRT",310.83,6.88,"D"
"25647",17.45445,77.87991,335.25,0.39,0.36,"2026-02-16",800,"N20","nominal","2.0NRT",309.36,1.99,"D"
"25648",17.35524,77.07866,345.75,0.4,0.37,"2026-02-16",800,"N20","nominal","2.0NRT",312.06,2.71,"D"
"25649",17.34354,76.98379,338.94,0.41,0.37,"2026-02-16",800,"N20","nominal","2.0NRT",313.07,3,"D"
"25650",17.34691,76.98321,348.16,0.41,0.37,"2026-02-16",800,"N20","nominal","2.0NRT",315.09,4.27,"D"
"25651",17.70335,79.22012,340.29,0.39,0.36,"2026-02-16",800,"N20","nominal","2.0NRT",307.36,2.17,"D"
"25652",17.88997,80.33846,330.88,0.41,0.37,"2026-02-16",800,"N20","low","2.0NRT",305.81,2.34,"D"
"25653",18.07721,81.6634,339.58,0.46,0.39,"2026-02-16",800,"N20","low","2.0NRT",310.04,5.9,"D"
"25654",17.53914,77.96556,346.39,0.39,0.36,"2026-02-16",800,"N20","nominal","2.0NRT",309.23,2.51,"D"
"25655",17.45559,77.43607,335.64,0.4,0.37,"2026-02-16",800,"N20","low","2.0NRT",309.46,2.81,"D"
"25656",17.4188,77.20621,336.01,0.4,0.37,"2026-02-16",800,"N20","low","2.0NRT",309.45,0.91,"D"
"25657",17.39097,77.03365,338.6,0.4,0.37,"2026-02-16",800,"N20","low","2.0NRT",309.98,24.71,"D"
"25658",17.51974,77.81997,341.83,0.39,0.36,"2026-02-16",800,"N20","nominal","2.0NRT",310.96,9.33,"D"
"25659",17.52956,77.79591,336.58,0.39,0.36,"2026-02-16",800,"N20","low","2.0NRT",310.76,6.11,"D"
"25660",17.43198,77.18092,337.48,0.4,0.37,"2026-02-16",800,"N20","nominal","2.0NRT",312.17,1.96,"D"
"25661",17.53744,77.82441,337.94,0.39,0.36,"2026-02-16",800,"N20","low","2.0NRT",310.29,4.55,"D"
"25662",17.53687,77.82077,341.48,0.39,0.36,"2026-02-16",800,"N20","nominal","2.0NRT",309.69,4.55,"D"
"25663",17.53288,77.79533,336.13,0.39,0.36,"2026-02-16",800,"N20","low","2.0NRT",310.48,6.11,"D"
"25664",18.20287,82.35187,335.96,0.49,0.4,"2026-02-16",800,"N20","nominal","2.0NRT",310.37,3.26,"D"
"25665",17.51225,77.57766,337.65,0.39,0.36,"2026-02-16",800,"N20","low","2.0NRT",311.86,3.92,"D"
"25666",17.51558,77.5771,337.68,0.39,0.36,"2026-02-16",800,"N20","low","2.0NRT",312.57,19.51,"D"
"25667",18.1061,81.55453,333.03,0.45,0.39,"2026-02-16",800,"N20","low","2.0NRT",306.43,2.41,"D"
"25668",17.92414,80.11961,333.32,0.4,0.37,"2026-02-16",800,"N20","low","2.0NRT",307.12,1.59,"D"
"25669",18.24356,82.34493,335.87,0.49,0.4,"2026-02-16",800,"N20","nominal","2.0NRT",309.28,4.61,"D"
"25670",17.54926,77.5524,338.42,0.39,0.36,"2026-02-16",800,"N20","nominal","2.0NRT",312.93,1.81,"D"
"25671",17.55432,77.56284,348.03,0.39,0.36,"2026-02-16",800,"N20","nominal","2.0NRT",312.25,8.16,"D"
"25672",17.76413,78.87671,345.28,0.38,0.36,"2026-02-16",800,"N20","nominal","2.0NRT",311.6,7.75,"D"
"25673",17.45924,76.88978,335.69,0.41,0.37,"2026-02-16",800,"N20","low","2.0NRT",310.62,1.45,"D"
"25674",17.57463,77.58576,340.51,0.39,0.36,"2026-02-16",800,"N20","low","2.0NRT",310.94,3.07,"D"
"25675",17.52148,77.18862,343.04,0.4,0.37,"2026-02-16",800,"N20","low","2.0NRT",314.76,9.1,"D"
"25676",18.34772,82.83876,335.97,0.52,0.42,"2026-02-16",800,"N20","nominal","2.0NRT",306.54,4.55,"D"
"25677",18.21397,81.8212,348.78,0.46,0.39,"2026-02-16",800,"N20","nominal","2.0NRT",320.12,43.19,"D"
"25678",18.21758,81.82066,349.98,0.46,0.39,"2026-02-16",800,"N20","nominal","2.0NRT",311.67,7.05,"D"
"25679",17.91399,79.61141,334.22,0.39,0.36,"2026-02-16",800,"N20","low","2.0NRT",306,2.31,"D"
"25680",17.9725,79.98932,333.4,0.4,0.37,"2026-02-16",800,"N20","low","2.0NRT",305.07,2.61,"D"
"25681",17.99879,80.12357,349.3,0.4,0.37,"2026-02-16",800,"N20","nominal","2.0NRT",313.53,11.14,"D"
"25682",17.99824,80.1198,342.69,0.4,0.37,"2026-02-16",800,"N20","nominal","2.0NRT",307.99,3.27,"D"
"25683",17.56808,77.26469,343.56,0.4,0.37,"2026-02-16",800,"N20","nominal","2.0NRT",313.14,8.56,"D"
"25684",18.05388,80.43491,335.24,0.41,0.37,"2026-02-16",800,"N20","low","2.0NRT",306.57,5.82,"D"
"25685",18.37676,82.73381,332.03,0.52,0.41,"2026-02-16",800,"N20","nominal","2.0NRT",304.79,2.46,"D"
"25686",17.94242,79.57301,335.92,0.39,0.36,"2026-02-16",800,"N20","nominal","2.0NRT",307.37,9.7,"D"
"25687",17.57842,77.11349,338.14,0.4,0.37,"2026-02-16",800,"N20","low","2.0NRT",313.11,2.73,"D"
"25688",17.58178,77.11291,342.98,0.4,0.37,"2026-02-16",800,"N20","nominal","2.0NRT",311.33,2.73,"D"
"25689",17.5867,77.10052,351.28,0.4,0.37,"2026-02-16",800,"N20","nominal","2.0NRT",310.7,5.47,"D"
"25690",17.58611,77.09676,345.73,0.4,0.37,"2026-02-16",800,"N20","nominal","2.0NRT",312.64,4.8,"D"
"25691",17.58946,77.09615,367,0.4,0.37,"2026-02-16",800,"N20","high","2.0NRT",311.33,14.98,"D"
"25692",17.59006,77.09991,346.72,0.4,0.37,"2026-02-16",800,"N20","nominal","2.0NRT",309.4,4.67,"D"
"25693",18.48866,83.25451,336.75,0.55,0.43,"2026-02-16",800,"N20","nominal","2.0NRT",307.89,4.64,"D"
"25694",17.75364,78.05491,335.36,0.39,0.36,"2026-02-16",800,"N20","low","2.0NRT",308.2,3.9,"D"
"25695",18.48871,83.25716,333.84,0.56,0.43,"2026-02-16",800,"N20","low","2.0NRT",307.64,5.76,"D"
"25696",17.58565,76.93399,347.11,0.41,0.37,"2026-02-16",800,"N20","nominal","2.0NRT",311.43,6.45,"D"
"25697",17.53414,76.46877,351.33,0.42,0.38,"2026-02-16",800,"N20","nominal","2.0NRT",312.53,3.32,"D"
"25698",17.5335,76.46487,340,0.42,0.38,"2026-02-16",800,"N20","low","2.0NRT",313.94,3.32,"D"
"25699",17.68099,77.35557,351.96,0.4,0.37,"2026-02-16",800,"N20","nominal","2.0NRT",309.75,6.85,"D"
"25700",17.5382,76.47204,341.03,0.42,0.38,"2026-02-16",800,"N20","nominal","2.0NRT",311.83,2.67,"D"
"25701",17.53756,76.46815,348.63,0.42,0.38,"2026-02-16",800,"N20","nominal","2.0NRT",313.27,3.32,"D"
"25702",17.53692,76.46426,352.06,0.42,0.38,"2026-02-16",800,"N20","nominal","2.0NRT",313.12,3.32,"D"
"25703",18.61169,83.9179,338.32,0.41,0.45,"2026-02-16",800,"N20","nominal","2.0NRT",307.31,1.85,"D"
"25704",17.68432,77.35498,337.44,0.4,0.37,"2026-02-16",800,"N20","low","2.0NRT",308.28,2.37,"D"
"25705",17.54162,76.47142,345.79,0.42,0.38,"2026-02-16",800,"N20","nominal","2.0NRT",312.62,1.62,"D"
"25706",17.7712,77.88474,340.91,0.39,0.36,"2026-02-16",800,"N20","nominal","2.0NRT",311.21,1.44,"D"
"25707",17.68707,77.35072,342.7,0.4,0.37,"2026-02-16",800,"N20","nominal","2.0NRT",310.35,2.37,"D"
"25708",17.11099,73.8848,341.26,0.56,0.43,"2026-02-16",800,"N20","nominal","2.0NRT",308.27,7.3,"D"
"25709",17.11489,73.88402,339,0.56,0.43,"2026-02-16",800,"N20","nominal","2.0NRT",305.31,6.3,"D"
"25710",18.12991,80.1379,333.47,0.4,0.37,"2026-02-16",800,"N20","nominal","2.0NRT",304.56,3.52,"D"
"25711",18.44821,82.40118,334.84,0.5,0.41,"2026-02-16",800,"N20","nominal","2.0NRT",307.85,4.77,"D"
"25712",17.13548,73.90925,341.49,0.56,0.43,"2026-02-16",800,"N20","nominal","2.0NRT",307,7.44,"D"
"25713",17.10109,73.62177,332.7,0.39,0.44,"2026-02-16",800,"N20","low","2.0NRT",307.31,3.5,"D"
"25714",17.10567,73.62446,332.9,0.39,0.44,"2026-02-16",800,"N20","low","2.0NRT",304.87,3.5,"D"
"25715",17.10507,73.62102,341.74,0.39,0.44,"2026-02-16",800,"N20","nominal","2.0NRT",309.23,3.5,"D"
"25716",17.59905,76.37254,339.41,0.42,0.38,"2026-02-16",800,"N20","low","2.0NRT",312.03,3.5,"D"
"25717",18.43762,81.96114,335.77,0.47,0.4,"2026-02-16",800,"N20","low","2.0NRT",308.83,3.82,"D"
"25718",17.61131,76.38254,346.64,0.42,0.38,"2026-02-16",800,"N20","nominal","2.0NRT",310.98,4.9,"D"
"25719",17.61474,76.38192,339.57,0.42,0.38,"2026-02-16",800,"N20","low","2.0NRT",311.6,2.59,"D"
"25720",17.61409,76.37801,349.53,0.42,0.38,"2026-02-16",800,"N20","nominal","2.0NRT",312.2,2.59,"D"
"25721",18.48162,82.20934,338.37,0.49,0.4,"2026-02-16",800,"N20","low","2.0NRT",311.29,6,"D"
"25722",17.15596,73.61713,342.14,0.39,0.44,"2026-02-16",800,"N20","nominal","2.0NRT",310.64,6.26,"D"
"25723",17.16059,73.62005,339.12,0.39,0.44,"2026-02-16",800,"N20","nominal","2.0NRT",306.28,4.37,"D"
"25724",17.21245,73.86451,338.09,0.56,0.43,"2026-02-16",800,"N20","nominal","2.0NRT",305.4,5.13,"D"
"25725",17.21634,73.86367,337.77,0.56,0.43,"2026-02-16",800,"N20","nominal","2.0NRT",306.43,5.13,"D"
"25726",18.49594,82.06282,344.05,0.48,0.4,"2026-02-16",800,"N20","nominal","2.0NRT",310.72,7.18,"D"
"25727",17.9889,78.52475,332.48,0.38,0.36,"2026-02-16",800,"N20","nominal","2.0NRT",307.12,2.18,"D"
"25728",18.47733,81.81524,339.48,0.47,0.39,"2026-02-16",800,"N20","low","2.0NRT",309.5,5.69,"D"
"25729",18.48036,81.81035,339.78,0.47,0.39,"2026-02-16",800,"N20","nominal","2.0NRT",309.07,5.69,"D"
"25730",17.94009,78.09682,339.54,0.39,0.36,"2026-02-16",800,"N20","nominal","2.0NRT",305.75,4.51,"D"
"25731",17.66557,76.36877,350.88,0.42,0.38,"2026-02-16",800,"N20","nominal","2.0NRT",311.48,4.61,"D"
"25732",18.48759,81.8362,334.17,0.47,0.4,"2026-02-16",800,"N20","low","2.0NRT",308.52,2.95,"D"
"25733",17.7508,76.87366,336.85,0.41,0.37,"2026-02-16",800,"N20","nominal","2.0NRT",310.61,1.79,"D"
"25734",17.79924,77.15519,341.7,0.4,0.37,"2026-02-16",800,"N20","nominal","2.0NRT",309.73,2.52,"D"
"25735",17.79865,77.15145,347.84,0.4,0.37,"2026-02-16",800,"N20","nominal","2.0NRT",306.65,2.34,"D"
"25736",17.30071,74.16141,334.91,0.54,0.42,"2026-02-16",800,"N20","nominal","2.0NRT",307.71,4.18,"D"
"25737",18.51367,81.97304,335.97,0.48,0.4,"2026-02-16",800,"N20","low","2.0NRT",309.63,2.74,"D"
"25738",18.49787,81.85728,342.37,0.47,0.4,"2026-02-16",800,"N20","nominal","2.0NRT",308.39,4.65,"D"
"25739",17.80259,77.15462,341.03,0.4,0.37,"2026-02-16",800,"N20","nominal","2.0NRT",310.08,2.8,"D"
"25740",17.80199,77.15088,355.54,0.4,0.37,"2026-02-16",800,"N20","low","2.0NRT",311.47,12.19,"D"
"25741",18.5015,81.85675,332.32,0.47,0.4,"2026-02-16",800,"N20","low","2.0NRT",307.17,4.65,"D"
"25742",17.81044,77.09563,338.76,0.4,0.37,"2026-02-16",800,"N20","nominal","2.0NRT",310.11,2.56,"D"
"25743",17.81224,77.09518,339,0.4,0.37,"2026-02-16",800,"N20","nominal","2.0NRT",309.83,2.79,"D"
"25744",18.53422,82.01675,333.55,0.48,0.4,"2026-02-16",800,"N20","low","2.0NRT",308.41,5.37,"D"
"25745",18.46362,81.42979,337.1,0.45,0.39,"2026-02-16",800,"N20","nominal","2.0NRT",304.64,2.25,"D"
"25746",18.35957,80.67035,346.47,0.42,0.38,"2026-02-16",800,"N20","nominal","2.0NRT",308,3.68,"D"
"25747",18.35903,80.66645,334.6,0.42,0.38,"2026-02-16",800,"N20","low","2.0NRT",307.43,3.68,"D"
"25748",17.96079,77.96673,333.27,0.39,0.36,"2026-02-16",800,"N20","low","2.0NRT",307.83,2.07,"D"
"25749",18.36193,80.66201,333.33,0.42,0.38,"2026-02-16",800,"N20","low","2.0NRT",305.61,1.91,"D"
"25750",17.58535,75.49245,339.35,0.46,0.39,"2026-02-16",800,"N20","nominal","2.0NRT",307.85,2.71,"D"
"25751",18.53498,81.60714,335.42,0.46,0.39,"2026-02-16",800,"N20","low","2.0NRT",308.89,4.11,"D"
"25752",18.71416,82.8392,341.88,0.53,0.42,"2026-02-16",800,"N20","nominal","2.0NRT",312.31,5,"D"
"25753",18.01881,77.86007,331.77,0.39,0.36,"2026-02-16",800,"N20","low","2.0NRT",306.56,2.79,"D"
"25754",17.60123,75.25887,336.18,0.47,0.4,"2026-02-16",800,"N20","nominal","2.0NRT",308.79,3.47,"D"
"25755",18.41107,80.39135,336.35,0.41,0.37,"2026-02-16",800,"N20","nominal","2.0NRT",303.43,2.51,"D"
"25756",17.97303,77.43674,338.2,0.39,0.36,"2026-02-16",800,"N20","nominal","2.0NRT",309.72,1.71,"D"
"25757",18.6505,82.10862,332.64,0.48,0.4,"2026-02-16",800,"N20","nominal","2.0NRT",305.16,1.75,"D"
"25758",17.98197,77.43148,340.84,0.39,0.36,"2026-02-16",800,"N20","nominal","2.0NRT",308.03,2.32,"D"
"25759",17.98588,77.43456,336.49,0.39,0.36,"2026-02-16",800,"N20","low","2.0NRT",311.19,2.02,"D"
"25760",17.98529,77.43089,337.33,0.39,0.36,"2026-02-16",800,"N20","low","2.0NRT",308.81,2.32,"D"
"25761",18.394,80.09618,334.27,0.4,0.37,"2026-02-16",800,"N20","nominal","2.0NRT",306.05,2.23,"D"
"25762",18.12974,78.2457,336.68,0.38,0.36,"2026-02-16",800,"N20","low","2.0NRT",308.67,3.62,"D"
"25763",18.68978,82.12157,340.85,0.49,0.4,"2026-02-16",800,"N20","nominal","2.0NRT",310.76,9.46,"D"
"25764",17.60233,74.88937,335.09,0.49,0.4,"2026-02-16",800,"N20","nominal","2.0NRT",308.46,3.41,"D"
"25765",18.86739,83.28338,335.59,0.56,0.43,"2026-02-16",800,"N20","nominal","2.0NRT",308.6,3.51,"D"
"25766",18.25328,78.79073,332.94,0.38,0.36,"2026-02-16",800,"N20","nominal","2.0NRT",305.6,2.07,"D"
"25767",18.71384,81.91,334.81,0.47,0.4,"2026-02-16",800,"N20","nominal","2.0NRT",307.26,1.52,"D"
"25768",17.38681,73.366,350.13,0.4,0.44,"2026-02-16",800,"N20","nominal","2.0NRT",311.31,6.27,"D"
"25769",18.57506,80.80505,333.68,0.43,0.38,"2026-02-16",800,"N20","low","2.0NRT",307.48,2.1,"D"
"25770",17.39083,73.36521,343.73,0.4,0.44,"2026-02-16",800,"N20","nominal","2.0NRT",310.13,6.61,"D"
"25771",17.39017,73.3615,334.54,0.4,0.44,"2026-02-16",800,"N20","nominal","2.0NRT",308.18,6.61,"D"
"25772",18.84697,82.70211,343.32,0.52,0.42,"2026-02-16",800,"N20","nominal","2.0NRT",309.63,4.81,"D"
"25773",17.3916,73.36488,341.74,0.4,0.44,"2026-02-16",800,"N20","nominal","2.0NRT",307.34,4.92,"D"
"25774",18.84558,82.69933,335.1,0.52,0.42,"2026-02-16",800,"N20","low","2.0NRT",309.76,5.15,"D"
"25775",17.99002,76.78487,335.77,0.41,0.37,"2026-02-16",800,"N20","low","2.0NRT",310.61,3.81,"D"
"25776",18.6977,81.40063,331.38,0.45,0.39,"2026-02-16",800,"N20","nominal","2.0NRT",303.69,2.4,"D"
"25777",17.98778,76.60038,340.07,0.41,0.37,"2026-02-16",800,"N20","low","2.0NRT",310.55,1.99,"D"
"25778",18.04459,76.90762,336.2,0.4,0.37,"2026-02-16",800,"N20","low","2.0NRT",310.57,3.86,"D"
"25779",18.32687,78.60419,334.17,0.38,0.36,"2026-02-16",800,"N20","nominal","2.0NRT",308.41,3.04,"D"
"25780",18.60175,80.45312,333.85,0.41,0.37,"2026-02-16",800,"N20","low","2.0NRT",304.25,2.41,"D"
"25781",18.27624,78.25025,336.96,0.38,0.36,"2026-02-16",800,"N20","nominal","2.0NRT",311.51,2.88,"D"
"25782",18.03728,76.73341,339.59,0.41,0.37,"2026-02-16",800,"N20","nominal","2.0NRT",310.9,2.41,"D"
"25783",17.56807,73.95866,345.48,0.55,0.42,"2026-02-16",800,"N20","nominal","2.0NRT",306.43,10.15,"D"
"25784",18.15516,77.45033,337.05,0.39,0.36,"2026-02-16",800,"N20","nominal","2.0NRT",312.02,3.18,"D"
"25785",17.86721,75.65533,338.28,0.45,0.39,"2026-02-16",800,"N20","nominal","2.0NRT",311.29,7.3,"D"
"25786",18.07184,76.88343,339.71,0.4,0.37,"2026-02-16",800,"N20","nominal","2.0NRT",308.72,2.33,"D"
"25787",17.94526,75.99597,343.38,0.43,0.38,"2026-02-16",800,"N20","nominal","2.0NRT",310.56,2.94,"D"
"25788",17.52364,73.47742,341.23,0.39,0.44,"2026-02-16",800,"N20","nominal","2.0NRT",306.71,5.59,"D"
"25789",18.65902,80.58462,346.7,0.42,0.38,"2026-02-16",800,"N20","nominal","2.0NRT",307.26,7.26,"D"
"25790",18.65843,80.58053,337.49,0.42,0.38,"2026-02-16",800,"N20","low","2.0NRT",308.17,7.26,"D"
"25791",18.63994,80.37623,346.63,0.41,0.37,"2026-02-16",800,"N20","nominal","2.0NRT",306.21,3.53,"D"
"25792",19.06653,83.61212,333.88,0.39,0.44,"2026-02-16",800,"N20","nominal","2.0NRT",307.89,1.44,"D"
"25793",18.64335,80.37569,332.26,0.41,0.37,"2026-02-16",800,"N20","low","2.0NRT",304.21,3.53,"D"
"25794",17.52564,73.47717,341.26,0.39,0.44,"2026-02-16",800,"N20","nominal","2.0NRT",307.3,7.54,"D"
"25795",18.06351,76.504,347.32,0.41,0.37,"2026-02-16",800,"N20","nominal","2.0NRT",309.65,3.91,"D"
"25796",19.01273,82.98201,344.14,0.54,0.42,"2026-02-16",800,"N20","nominal","2.0NRT",312.75,15.88,"D"
"25797",18.03972,76.29563,337.41,0.42,0.38,"2026-02-16",800,"N20","nominal","2.0NRT",311.95,3.2,"D"
"25798",18.92329,82.25569,344.76,0.5,0.41,"2026-02-16",800,"N20","nominal","2.0NRT",309.22,12.41,"D"
"25799",18.92702,82.25513,350.86,0.5,0.41,"2026-02-16",800,"N20","nominal","2.0NRT",308.69,12.41,"D"
"25800",18.9264,82.25043,333.38,0.5,0.41,"2026-02-16",800,"N20","nominal","2.0NRT",307,12.41,"D"
"25801",18.93074,82.25459,335.89,0.5,0.41,"2026-02-16",800,"N20","low","2.0NRT",307.54,5.12,"D"
"25802",18.06695,76.37534,339.43,0.42,0.38,"2026-02-16",800,"N20","low","2.0NRT",312.92,5.25,"D"
"25803",18.87563,81.78222,333.35,0.47,0.4,"2026-02-16",800,"N20","low","2.0NRT",307.49,1.98,"D"
"25804",18.70382,80.45758,333.27,0.41,0.37,"2026-02-16",800,"N20","low","2.0NRT",307.01,2.06,"D"
"25805",18.70838,80.46505,333.43,0.42,0.37,"2026-02-16",800,"N20","low","2.0NRT",304.92,9.22,"D"
"25806",18.70781,80.46105,337.83,0.42,0.37,"2026-02-16",800,"N20","low","2.0NRT",310.18,9.22,"D"
"25807",18.43948,78.6298,337.23,0.38,0.36,"2026-02-16",800,"N20","low","2.0NRT",308.21,3.71,"D"
"25808",18.71123,80.46049,347.8,0.42,0.37,"2026-02-16",800,"N20","nominal","2.0NRT",307.28,9.22,"D"
"25809",18.71066,80.4565,335.52,0.41,0.37,"2026-02-16",800,"N20","nominal","2.0NRT",304.05,2.96,"D"
"25810",18.99964,82.54649,346.75,0.51,0.41,"2026-02-16",800,"N20","nominal","2.0NRT",311.84,7.69,"D"
"25811",18.96799,82.30641,333.62,0.5,0.41,"2026-02-16",800,"N20","low","2.0NRT",305.03,7.56,"D"
"25812",18.70988,80.37727,351.11,0.41,0.37,"2026-02-16",800,"N20","nominal","2.0NRT",308.04,5.8,"D"
"25813",18.71659,80.39982,335.9,0.41,0.37,"2026-02-16",800,"N20","low","2.0NRT",306.16,3.36,"D"
"25814",18.12729,76.50855,337.09,0.41,0.37,"2026-02-16",800,"N20","nominal","2.0NRT",311.79,3.22,"D"
"25815",17.93644,75.35244,335.79,0.46,0.39,"2026-02-16",800,"N20","nominal","2.0NRT",308.69,4.19,"D"
"25816",17.69454,73.92133,343.65,0.55,0.43,"2026-02-16",800,"N20","nominal","2.0NRT",310.39,4.97,"D"
"25817",18.1297,76.48023,347.93,0.41,0.37,"2026-02-16",800,"N20","nominal","2.0NRT",311.77,3.92,"D"
"25818",18.99229,82.28872,344.14,0.5,0.41,"2026-02-16",800,"N20","nominal","2.0NRT",308.29,5.76,"D"
"25819",18.98724,82.2511,345.09,0.5,0.41,"2026-02-16",800,"N20","nominal","2.0NRT",309.73,20.09,"D"
"25820",18.99603,82.2882,345.47,0.5,0.41,"2026-02-16",800,"N20","nominal","2.0NRT",309.75,12.45,"D"
"25821",18.9646,82.02733,337.19,0.48,0.4,"2026-02-16",800,"N20","nominal","2.0NRT",306.34,3.74,"D"
"25822",18.96319,82.02345,339.43,0.48,0.4,"2026-02-16",800,"N20","low","2.0NRT",309.73,3.66,"D"
"25823",18.81487,80.8056,333.6,0.43,0.38,"2026-02-16",800,"N20","nominal","2.0NRT",308.29,3.04,"D"
"25824",18.81431,80.80155,333.98,0.43,0.38,"2026-02-16",800,"N20","nominal","2.0NRT",306.54,3.04,"D"
"25825",18.24395,76.96504,335.98,0.4,0.37,"2026-02-16",800,"N20","low","2.0NRT",310.05,2.48,"D"
"25826",18.24334,76.96128,336.69,0.4,0.37,"2026-02-16",800,"N20","low","2.0NRT",311.39,2.48,"D"
"25827",19.21154,83.82016,337.15,0.41,0.45,"2026-02-16",800,"N20","low","2.0NRT",308.25,2.71,"D"
"25828",18.29307,77.16373,348.58,0.4,0.37,"2026-02-16",800,"N20","nominal","2.0NRT",313.01,4.65,"D"
"25829",18.43994,78.077,341.53,0.38,0.36,"2026-02-16",800,"N20","nominal","2.0NRT",312.59,3.22,"D"
"25830",18.29641,77.16315,342.86,0.4,0.37,"2026-02-16",800,"N20","nominal","2.0NRT",312.06,4.65,"D"
"25831",18.78459,80.33743,333.39,0.41,0.37,"2026-02-16",800,"N20","nominal","2.0NRT",306.53,4.15,"D"
"25832",18.24796,76.66835,341.65,0.41,0.37,"2026-02-16",800,"N20","low","2.0NRT",312.1,60.52,"D"
"25833",18.04355,75.40765,335.75,0.46,0.39,"2026-02-16",800,"N20","nominal","2.0NRT",307.66,2.59,"D"
"25834",17.85343,74.29774,344.3,0.52,0.41,"2026-02-16",800,"N20","nominal","2.0NRT",313.17,5.42,"D"
"25835",19.03685,81.957,335.7,0.48,0.4,"2026-02-16",800,"N20","nominal","2.0NRT",309.92,2.47,"D"
"25836",18.60151,78.89504,336.31,0.39,0.36,"2026-02-16",800,"N20","nominal","2.0NRT",305.86,2.84,"D"
"25837",18.31727,77.01382,344.26,0.4,0.37,"2026-02-16",800,"N20","nominal","2.0NRT",309.45,3.01,"D"
"25838",18.32002,77.00949,342.4,0.4,0.37,"2026-02-16",800,"N20","nominal","2.0NRT",311.91,3.01,"D"
"25839",19.36732,84.40031,336.17,0.44,0.46,"2026-02-16",800,"N20","nominal","2.0NRT",310.46,3.1,"D"
"25840",18.58745,78.71165,345.91,0.38,0.36,"2026-02-16",800,"N20","nominal","2.0NRT",307.68,9.57,"D"
"25841",18.71446,79.54147,342.46,0.39,0.36,"2026-02-16",800,"N20","low","2.0NRT",316.62,5.38,"D"
"25842",18.09089,75.5596,337.24,0.45,0.39,"2026-02-16",800,"N20","low","2.0NRT",311.55,2.89,"D"
"25843",18.09442,75.55895,337,0.45,0.39,"2026-02-16",800,"N20","low","2.0NRT",311.38,4.27,"D"
"25844",18.72059,79.53667,342.21,0.39,0.36,"2026-02-16",800,"N20","low","2.0NRT",316.28,5.13,"D"
"25845",18.59844,78.71725,345.14,0.38,0.36,"2026-02-16",800,"N20","nominal","2.0NRT",305.47,6.89,"D"
"25846",18.59789,78.71363,352.03,0.38,0.36,"2026-02-16",800,"N20","nominal","2.0NRT",310.28,6.89,"D"
"25847",18.08959,75.50803,337.54,0.45,0.39,"2026-02-16",800,"N20","nominal","2.0NRT",309.45,3.05,"D"
"25848",18.48806,77.97221,335.8,0.39,0.36,"2026-02-16",800,"N20","low","2.0NRT",306.31,2.94,"D"
"25849",18.28423,76.67756,344.03,0.41,0.37,"2026-02-16",800,"N20","nominal","2.0NRT",308.55,2.5,"D"
"25850",18.62304,78.83569,348.33,0.39,0.36,"2026-02-16",800,"N20","nominal","2.0NRT",309.71,7.21,"D"
"25851",18.33417,76.96848,340.01,0.4,0.37,"2026-02-16",800,"N20","nominal","2.0NRT",310.8,2.36,"D"
"25852",18.33357,76.96474,339.32,0.4,0.37,"2026-02-16",800,"N20","nominal","2.0NRT",311.15,2.62,"D"
"25853",18.61591,78.76251,341.39,0.38,0.36,"2026-02-16",800,"N20","nominal","2.0NRT",306.86,5.52,"D"
"25854",19.08001,81.97575,335.76,0.48,0.4,"2026-02-16",800,"N20","nominal","2.0NRT",308.52,3.06,"D"
"25855",19.07942,81.97119,340.06,0.48,0.4,"2026-02-16",800,"N20","nominal","2.0NRT",306.61,4.09,"D"
"25856",18.12067,75.56396,335.65,0.45,0.39,"2026-02-16",800,"N20","low","2.0NRT",310.18,3.03,"D"
"25857",18.37997,77.02612,337.66,0.4,0.37,"2026-02-16",800,"N20","low","2.0NRT",311.36,2.13,"D"
"25858",18.32413,76.6591,349.15,0.41,0.37,"2026-02-16",800,"N20","nominal","2.0NRT",309.07,3.83,"D"
"25859",18.69098,78.92496,336,0.39,0.36,"2026-02-16",800,"N20","nominal","2.0NRT",306.29,5.06,"D"
"25860",18.55467,78.02769,331.43,0.39,0.36,"2026-02-16",800,"N20","low","2.0NRT",304.83,0.88,"D"
"25861",17.87253,73.89817,339.64,0.55,0.42,"2026-02-16",800,"N20","nominal","2.0NRT",305.6,7.11,"D"
"25862",18.3845,76.88252,347.44,0.4,0.37,"2026-02-16",800,"N20","nominal","2.0NRT",310.41,2.24,"D"
"25863",18.35827,76.71968,343.34,0.41,0.37,"2026-02-16",800,"N20","nominal","2.0NRT",310.76,10.04,"D"
"25864",18.35766,76.71587,341.93,0.41,0.37,"2026-02-16",800,"N20","nominal","2.0NRT",310.73,10.04,"D"
"25865",18.36165,76.71909,345.69,0.41,0.37,"2026-02-16",800,"N20","nominal","2.0NRT",313.33,10.04,"D"
"25866",18.41177,76.96664,346.77,0.4,0.37,"2026-02-16",800,"N20","nominal","2.0NRT",308.68,2.94,"D"
"25867",19.1622,82.05747,331.85,0.49,0.4,"2026-02-16",800,"N20","nominal","2.0NRT",306.22,2.43,"D"
"25868",18.58328,78.03767,348.54,0.39,0.36,"2026-02-16",800,"N20","nominal","2.0NRT",309.3,5.37,"D"
"25869",18.21181,75.71823,339.57,0.44,0.38,"2026-02-16",800,"N20","nominal","2.0NRT",312.49,3.43,"D"
"25870",19.33752,83.36922,341.28,0.38,0.44,"2026-02-16",800,"N20","nominal","2.0NRT",309.63,3.52,"D"
"25871",18.72952,78.93353,341.75,0.39,0.36,"2026-02-16",800,"N20","nominal","2.0NRT",306.18,5.03,"D"
"25872",18.71647,78.82399,333.61,0.39,0.36,"2026-02-16",800,"N20","low","2.0NRT",304.73,1.41,"D"
"25873",18.61983,78.18736,338.48,0.38,0.36,"2026-02-16",800,"N20","nominal","2.0NRT",305.99,1.93,"D"
"25874",18.61927,78.18373,333.36,0.38,0.36,"2026-02-16",800,"N20","low","2.0NRT",305.84,1.93,"D"
"25875",18.37945,76.6571,343.11,0.41,0.37,"2026-02-16",800,"N20","nominal","2.0NRT",309.16,2.06,"D"
"25876",18.38283,76.65649,339.92,0.41,0.37,"2026-02-16",800,"N20","low","2.0NRT",310.97,4.05,"D"
"25877",18.73944,78.93192,349.9,0.39,0.36,"2026-02-16",800,"N20","nominal","2.0NRT",309.04,9.55,"D"
"25878",18.60743,78.01869,335.64,0.39,0.36,"2026-02-16",800,"N20","low","2.0NRT",308.21,2.44,"D"
"25879",18.41308,76.78031,348.77,0.4,0.37,"2026-02-16",800,"N20","nominal","2.0NRT",312.58,9.07,"D"
"25880",18.41444,76.78004,343.95,0.4,0.37,"2026-02-16",800,"N20","nominal","2.0NRT",311.83,3.44,"D"
"25881",18.49449,77.21214,339.8,0.39,0.37,"2026-02-16",800,"N20","low","2.0NRT",312.78,2.7,"D"
"25882",19.30928,82.89648,336.54,0.54,0.42,"2026-02-16",800,"N20","low","2.0NRT",307.07,5.86,"D"
"25883",18.14319,75.03911,342.86,0.47,0.4,"2026-02-16",800,"N20","nominal","2.0NRT",305.26,2.64,"D"
"25884",18.46603,76.9492,350.63,0.4,0.37,"2026-02-16",800,"N20","nominal","2.0NRT",313.97,8.99,"D"
"25885",17.83863,73.30953,346.53,0.39,0.44,"2026-02-16",800,"N20","nominal","2.0NRT",311.13,5.29,"D"
"25886",17.84262,73.30873,343.14,0.39,0.44,"2026-02-16",800,"N20","nominal","2.0NRT",306.46,4.31,"D"
"25887",19.30103,82.70638,340.99,0.53,0.42,"2026-02-16",800,"N20","nominal","2.0NRT",308.27,5.31,"D"
"25888",18.77107,78.84808,343.8,0.39,0.36,"2026-02-16",800,"N20","nominal","2.0NRT",307.12,2.62,"D"
"25889",19.33325,82.89841,336.6,0.54,0.42,"2026-02-16",800,"N20","nominal","2.0NRT",307.7,4.28,"D"
"25890",18.86563,79.41827,347.08,0.39,0.36,"2026-02-16",800,"N20","nominal","2.0NRT",309.65,5.33,"D"
"25891",18.45391,76.74575,338.56,0.4,0.37,"2026-02-16",800,"N20","nominal","2.0NRT",309.07,1.85,"D"
"25892",18.45728,76.74516,339.83,0.4,0.37,"2026-02-16",800,"N20","nominal","2.0NRT",311.62,2.25,"D"
"25893",18.45667,76.74135,338.93,0.4,0.37,"2026-02-16",800,"N20","nominal","2.0NRT",308.36,1.29,"D"
"25894",18.40135,76.3799,339.22,0.42,0.37,"2026-02-16",800,"N20","nominal","2.0NRT",310.47,2.82,"D"
"25895",18.45356,76.67924,339.12,0.41,0.37,"2026-02-16",800,"N20","nominal","2.0NRT",309.25,2.5,"D"
"25896",19.41504,83.32431,339.4,0.38,0.43,"2026-02-16",800,"N20","nominal","2.0NRT",309.17,2.1,"D"
"25897",18.55601,77.25459,338,0.39,0.36,"2026-02-16",800,"N20","low","2.0NRT",310.41,1.95,"D"
"25898",18.75603,78.52363,349.66,0.38,0.36,"2026-02-16",800,"N20","nominal","2.0NRT",306.22,6.3,"D"
"25899",18.55934,77.25402,339.26,0.39,0.36,"2026-02-16",800,"N20","low","2.0NRT",309.92,2.74,"D"
"25900",18.75933,78.52308,349.07,0.38,0.36,"2026-02-16",800,"N20","nominal","2.0NRT",308.16,6.3,"D"
"25901",18.75878,78.51945,348.16,0.38,0.36,"2026-02-16",800,"N20","nominal","2.0NRT",307.22,3.81,"D"
"25902",18.75823,78.51585,330.98,0.38,0.36,"2026-02-16",800,"N20","low","2.0NRT",305.67,3.81,"D"
"25903",18.56326,77.25715,337.61,0.39,0.36,"2026-02-16",800,"N20","low","2.0NRT",312.48,1.8,"D"
"25904",18.52764,77.01134,345.74,0.4,0.37,"2026-02-16",800,"N20","nominal","2.0NRT",312.07,4.42,"D"
"25905",18.56992,77.25598,349.16,0.39,0.36,"2026-02-16",800,"N20","nominal","2.0NRT",310.94,5.02,"D"
"25906",19.21947,81.65385,348.36,0.47,0.39,"2026-02-16",800,"N20","nominal","2.0NRT",313.61,5.51,"D"
"25907",18.69349,78.02599,333.79,0.38,0.36,"2026-02-16",800,"N20","low","2.0NRT",304.99,3.78,"D"
"25908",18.57383,77.25912,337.85,0.39,0.36,"2026-02-16",800,"N20","low","2.0NRT",312.43,2.44,"D"
"25909",18.53162,76.90673,351.42,0.4,0.37,"2026-02-16",800,"N20","nominal","2.0NRT",313.99,4.72,"D"
"25910",19.23332,81.62015,341.19,0.47,0.39,"2026-02-16",800,"N20","nominal","2.0NRT",309.85,3.77,"D"
"25911",18.53498,76.90614,353.87,0.4,0.37,"2026-02-16",800,"N20","nominal","2.0NRT",312.97,4.72,"D"
"25912",19.23415,81.61712,334.88,0.47,0.39,"2026-02-16",800,"N20","low","2.0NRT",308.72,5.58,"D"
"25913",18.53171,76.72447,349.49,0.4,0.37,"2026-02-16",800,"N20","nominal","2.0NRT",310.81,5.15,"D"
"25914",18.03756,73.82458,336.35,0.55,0.43,"2026-02-16",800,"N20","nominal","2.0NRT",305.25,8.21,"D"
"25915",18.62031,77.23216,367,0.39,0.36,"2026-02-16",800,"N20","high","2.0NRT",311.88,7.18,"D"
"25916",18.68581,77.64678,335.21,0.39,0.36,"2026-02-16",800,"N20","nominal","2.0NRT",308.6,2.23,"D"
"25917",18.51547,76.58221,349.11,0.41,0.37,"2026-02-16",800,"N20","nominal","2.0NRT",308.41,2.66,"D"
"25918",19.51744,83.61301,336.53,0.4,0.44,"2026-02-16",800,"N20","nominal","2.0NRT",306.25,2.49,"D"
"25919",18.51948,76.58543,335.9,0.41,0.37,"2026-02-16",800,"N20","nominal","2.0NRT",309.5,4.3,"D"
"25920",18.51886,76.5816,336.6,0.41,0.37,"2026-02-16",800,"N20","nominal","2.0NRT",311.21,4.42,"D"
"25921",17.99453,73.54268,343,0.57,0.43,"2026-02-16",800,"N20","nominal","2.0NRT",310.39,4.99,"D"
"25922",17.97651,73.42123,336.52,0.39,0.44,"2026-02-16",800,"N20","nominal","2.0NRT",307.16,2.72,"D"
"25923",17.97585,73.4176,335.44,0.39,0.44,"2026-02-16",800,"N20","low","2.0NRT",309.99,2.72,"D"
"25924",18.86027,78.71797,337.32,0.39,0.36,"2026-02-16",800,"N20","nominal","2.0NRT",309.88,3.45,"D"
"25925",19.41314,82.67802,333.92,0.53,0.42,"2026-02-16",800,"N20","nominal","2.0NRT",308.64,3.43,"D"
"25926",18.01384,73.46902,336.52,0.38,0.43,"2026-02-16",800,"N20","nominal","2.0NRT",309.56,4.21,"D"
"25927",18.56478,76.67168,342.91,0.41,0.37,"2026-02-16",800,"N20","nominal","2.0NRT",305.87,2.22,"D"
"25928",18.56416,76.66786,336.75,0.41,0.37,"2026-02-16",800,"N20","nominal","2.0NRT",309.14,1.89,"D"
"25929",18.64969,77.15855,341.17,0.39,0.37,"2026-02-16",800,"N20","nominal","2.0NRT",311.03,3.24,"D"
"25930",19.70577,84.67915,341.53,0.47,0.48,"2026-02-16",800,"N20","nominal","2.0NRT",308.29,2.79,"D"
"25931",18.63889,76.9612,347.82,0.4,0.37,"2026-02-16",802,"N20","nominal","2.0NRT",310.92,4.34,"D"
"25932",18.6383,76.95747,338.47,0.4,0.37,"2026-02-16",802,"N20","low","2.0NRT",312.55,3.66,"D"
"25933",18.68239,77.21375,348.69,0.39,0.36,"2026-02-16",802,"N20","nominal","2.0NRT",312.07,3.15,"D"
"25934",19.34147,81.67367,339.37,0.47,0.4,"2026-02-16",802,"N20","nominal","2.0NRT",312.15,3.56,"D"
"25935",18.68631,77.21687,346.03,0.39,0.36,"2026-02-16",802,"N20","nominal","2.0NRT",310.36,3.15,"D"
"25936",18.56978,76.46571,339.34,0.41,0.37,"2026-02-16",802,"N20","nominal","2.0NRT",312.15,2.63,"D"
"25937",19.42389,82.2286,342.66,0.5,0.41,"2026-02-16",802,"N20","nominal","2.0NRT",310.18,14.87,"D"
"25938",18.5862,76.54591,337.84,0.41,0.37,"2026-02-16",802,"N20","low","2.0NRT",310.13,8.18,"D"
"25939",19.42762,82.22804,338.09,0.5,0.41,"2026-02-16",802,"N20","nominal","2.0NRT",310.29,5.37,"D"
"25940",19.37318,81.82477,341.93,0.48,0.4,"2026-02-16",802,"N20","nominal","2.0NRT",309.95,4.58,"D"
"25941",19.37622,81.81969,347.72,0.48,0.4,"2026-02-16",802,"N20","nominal","2.0NRT",311.91,7.1,"D"
"25942",19.42506,82.22932,345.13,0.5,0.41,"2026-02-16",802,"N20","nominal","2.0NRT",312.83,23.96,"D"
"25943",19.37298,81.82529,337.18,0.48,0.4,"2026-02-16",802,"N20","low","2.0NRT",308.5,3.62,"D"
"25944",19.37605,81.82021,349.1,0.48,0.4,"2026-02-16",802,"N20","nominal","2.0NRT",311.15,7.64,"D"
"25945",18.94618,78.72505,336.87,0.39,0.36,"2026-02-16",802,"N20","nominal","2.0NRT",308.98,2.95,"D"
"25946",19.39289,81.89208,338.55,0.48,0.4,"2026-02-16",802,"N20","nominal","2.0NRT",308.59,7,"D"
"25947",19.68935,84.11595,367,0.43,0.46,"2026-02-16",802,"N20","high","2.0NRT",305.79,8.66,"D"
"25948",18.19294,73.88345,349.28,0.54,0.42,"2026-02-16",802,"N20","nominal","2.0NRT",310.95,13.69,"D"
"25949",19.01307,78.87809,343.95,0.39,0.36,"2026-02-16",802,"N20","nominal","2.0NRT",308.77,4.04,"D"
"25950",18.71919,76.97696,340.16,0.4,0.37,"2026-02-16",802,"N20","nominal","2.0NRT",310.74,1.39,"D"
"25951",18.1977,73.88792,340.79,0.54,0.42,"2026-02-16",802,"N20","nominal","2.0NRT",309.77,8.7,"D"
"25952",18.19682,73.88295,337.94,0.54,0.42,"2026-02-16",802,"N20","low","2.0NRT",309.09,5.18,"D"
"25953",19.01638,78.87754,341.24,0.39,0.36,"2026-02-16",802,"N20","nominal","2.0NRT",308.95,4.04,"D"
"25954",18.64247,76.47996,339.92,0.41,0.37,"2026-02-16",802,"N20","nominal","2.0NRT",311.73,3.22,"D"
"25955",18.2007,73.88242,339.23,0.54,0.42,"2026-02-16",802,"N20","low","2.0NRT",309.6,5.18,"D"
"25956",19.43702,81.82971,341.24,0.48,0.4,"2026-02-16",802,"N20","nominal","2.0NRT",308.54,3.94,"D"
"25957",18.1131,73.23226,353.64,0.39,0.44,"2026-02-16",802,"N20","nominal","2.0NRT",310.32,6.74,"D"
"25958",18.14175,73.32326,337.63,0.39,0.44,"2026-02-16",802,"N20","nominal","2.0NRT",310.65,3.64,"D"
"25959",18.68901,76.48737,349.31,0.41,0.37,"2026-02-16",802,"N20","nominal","2.0NRT",310.95,4.11,"D"
"25960",19.49813,81.81329,338.84,0.48,0.4,"2026-02-16",802,"N20","nominal","2.0NRT",311.94,3.21,"D"
"25961",19.61223,82.6097,340.45,0.53,0.42,"2026-02-16",802,"N20","nominal","2.0NRT",310.23,6.69,"D"
"25962",18.73322,76.53912,337.36,0.41,0.37,"2026-02-16",802,"N20","low","2.0NRT",311.95,3.06,"D"
"25963",18.78155,76.81569,348.29,0.4,0.37,"2026-02-16",802,"N20","nominal","2.0NRT",313.25,3.61,"D"
"25964",18.15922,73.20448,341.31,0.39,0.44,"2026-02-16",802,"N20","nominal","2.0NRT",307.08,3.47,"D"
"25965",19.72212,83.39291,335.15,0.39,0.44,"2026-02-16",802,"N20","low","2.0NRT",308.41,5.11,"D"
"25966",18.81357,76.97201,345.69,0.4,0.37,"2026-02-16",802,"N20","nominal","2.0NRT",311.68,4.62,"D"
"25967",18.18163,73.25919,333.27,0.39,0.44,"2026-02-16",802,"N20","low","2.0NRT",307.94,1.92,"D"
"25968",18.86403,77.18098,337.26,0.39,0.36,"2026-02-16",802,"N20","nominal","2.0NRT",309.79,3.21,"D"
"25969",18.8153,76.8754,350.04,0.4,0.37,"2026-02-16",802,"N20","nominal","2.0NRT",312.56,4.18,"D"
"25970",18.24261,73.50581,336.22,0.57,0.43,"2026-02-16",802,"N20","nominal","2.0NRT",309.14,4.25,"D"
"25971",18.24662,73.50552,334.52,0.57,0.43,"2026-02-16",802,"N20","nominal","2.0NRT",307.52,3.91,"D"
"25972",18.23315,73.36214,342.76,0.39,0.44,"2026-02-16",802,"N20","nominal","2.0NRT",309.38,3.23,"D"
"25973",19.5745,81.90929,341.81,0.48,0.4,"2026-02-16",802,"N20","nominal","2.0NRT",309.99,6.34,"D"
"25974",19.71816,82.91378,330.11,0.55,0.43,"2026-02-16",802,"N20","nominal","2.0NRT",304.78,3.31,"D"
"25975",19.47114,81.04332,333.39,0.44,0.38,"2026-02-16",802,"N20","nominal","2.0NRT",302.05,6.17,"D"
"25976",19.69344,82.43179,340.24,0.52,0.41,"2026-02-16",802,"N20","nominal","2.0NRT",310.85,9.05,"D"
"25977",19.70852,82.51977,335.38,0.52,0.42,"2026-02-16",802,"N20","low","2.0NRT",310.05,4.21,"D"
"25978",19.70675,82.41492,340.41,0.52,0.41,"2026-02-16",802,"N20","nominal","2.0NRT",311.37,4.98,"D"
"25979",18.87718,76.6701,345.07,0.4,0.37,"2026-02-16",802,"N20","nominal","2.0NRT",313.51,4.44,"D"
"25980",18.6465,75.28008,339.6,0.45,0.39,"2026-02-16",802,"N20","nominal","2.0NRT",311.62,5.45,"D"
"25981",18.29534,73.2853,342.62,0.39,0.44,"2026-02-16",802,"N20","nominal","2.0NRT",311.5,6.88,"D"
"25982",18.88116,76.67327,342.94,0.4,0.37,"2026-02-16",802,"N20","nominal","2.0NRT",308.64,2.12,"D"
"25983",18.88576,76.68029,347.06,0.4,0.37,"2026-02-16",802,"N20","nominal","2.0NRT",312,2.76,"D"
"25984",18.88514,76.67647,338.09,0.4,0.37,"2026-02-16",802,"N20","low","2.0NRT",310.95,2.76,"D"
"25985",18.88912,76.6797,335.2,0.4,0.37,"2026-02-16",802,"N20","low","2.0NRT",309.85,3.04,"D"
"25986",18.8931,76.68288,340.92,0.4,0.37,"2026-02-16",802,"N20","low","2.0NRT",311.29,4.59,"D"
"25987",18.38717,73.68237,336.31,0.55,0.43,"2026-02-16",802,"N20","nominal","2.0NRT",307.96,3.72,"D"
"25988",19.65968,81.85123,332.84,0.48,0.4,"2026-02-16",802,"N20","low","2.0NRT",307.28,4.25,"D"
"25989",18.89921,76.67785,352.95,0.4,0.37,"2026-02-16",802,"N20","nominal","2.0NRT",310.95,6.09,"D"
"25990",19.53458,80.90212,341.02,0.44,0.38,"2026-02-16",802,"N20","nominal","2.0NRT",307.75,7.38,"D"
"25991",19.53402,80.89803,330.31,0.44,0.38,"2026-02-16",802,"N20","nominal","2.0NRT",301.96,3.46,"D"
"25992",18.31991,73.2618,341.21,0.39,0.44,"2026-02-16",802,"N20","nominal","2.0NRT",309.58,3.1,"D"
"25993",19.74923,82.41452,335.95,0.52,0.41,"2026-02-16",802,"N20","low","2.0NRT",309.22,6.61,"D"
"25994",19.7609,82.47407,338.32,0.52,0.42,"2026-02-16",802,"N20","low","2.0NRT",311.64,5.82,"D"
"25995",19.78013,82.53178,336.58,0.52,0.42,"2026-02-16",802,"N20","low","2.0NRT",309.68,2.6,"D"
"25996",19.80143,82.57506,333.43,0.53,0.42,"2026-02-16",802,"N20","low","2.0NRT",307.91,4.06,"D"
"25997",19.02279,77.19475,350.54,0.39,0.36,"2026-02-16",802,"N20","nominal","2.0NRT",310.42,3.75,"D"
"25998",19.0844,77.56544,334.46,0.39,0.36,"2026-02-16",802,"N20","nominal","2.0NRT",307.32,1.73,"D"
"25999",19.02568,77.19434,338.69,0.39,0.36,"2026-02-16",802,"N20","low","2.0NRT",312.36,1.83,"D"
"26000",18.78526,75.66846,334.3,0.44,0.38,"2026-02-16",802,"N20","nominal","2.0NRT",307.68,4.76,"D"
"26001",18.92447,76.39796,337.73,0.41,0.37,"2026-02-16",802,"N20","low","2.0NRT",311,3.77,"D"
"26002",18.92786,76.39736,340.61,0.41,0.37,"2026-02-16",802,"N20","low","2.0NRT",311.6,3.77,"D"
"26003",19.79613,82.33046,345.66,0.51,0.41,"2026-02-16",802,"N20","nominal","2.0NRT",309.55,6.47,"D"
"26004",19.61198,80.93822,337.35,0.44,0.38,"2026-02-16",802,"N20","nominal","2.0NRT",306.17,6.39,"D"
"26005",19.82152,82.46833,337.17,0.52,0.42,"2026-02-16",802,"N20","low","2.0NRT",311.78,12.05,"D"
"26006",18.9674,76.5758,350.22,0.41,0.37,"2026-02-16",802,"N20","nominal","2.0NRT",312.32,5.6,"D"
"26007",18.97078,76.57518,352.57,0.41,0.37,"2026-02-16",802,"N20","nominal","2.0NRT",312.62,5.6,"D"
"26008",18.39811,73.22732,331.92,0.39,0.44,"2026-02-16",802,"N20","low","2.0NRT",305.32,1.92,"D"
"26009",18.98028,76.56956,367,0.41,0.37,"2026-02-16",802,"N20","high","2.0NRT",312.52,7.19,"D"
"26010",18.98427,76.57277,347.63,0.41,0.37,"2026-02-16",802,"N20","nominal","2.0NRT",310.92,4.08,"D"
"26011",18.98365,76.56895,355.94,0.41,0.37,"2026-02-16",802,"N20","low","2.0NRT",312.67,7.19,"D"
"26012",19.03305,76.83279,334.54,0.4,0.37,"2026-02-16",802,"N20","nominal","2.0NRT",308.66,2.43,"D"
"26013",18.99101,76.57156,353.54,0.41,0.37,"2026-02-16",802,"N20","nominal","2.0NRT",313.87,5.58,"D"
"26014",18.48525,73.59785,336.74,0.56,0.43,"2026-02-16",802,"N20","nominal","2.0NRT",305.71,4.82,"D"
"26015",19.82631,82.26652,336.09,0.51,0.41,"2026-02-16",802,"N20","low","2.0NRT",310.59,6.77,"D"
"26016",18.99439,76.57095,344.48,0.41,0.37,"2026-02-16",802,"N20","nominal","2.0NRT",312.5,2.74,"D"
"26017",18.99377,76.56715,335.98,0.41,0.37,"2026-02-16",802,"N20","low","2.0NRT",310.95,2.13,"D"
"26018",19.83201,82.28079,334.1,0.51,0.41,"2026-02-16",802,"N20","nominal","2.0NRT",308.65,3.58,"D"
"26019",20.28684,85.91808,330.88,0.57,0.52,"2026-02-16",802,"N20","low","2.0NRT",304.51,3.15,"D"
"26020",19.86163,82.30127,342.55,0.51,0.41,"2026-02-16",802,"N20","nominal","2.0NRT",312.64,9.64,"D"
"26021",19.86129,82.29826,335.2,0.51,0.41,"2026-02-16",802,"N20","low","2.0NRT",309.16,10.98,"D"
"26022",18.98276,76.23985,340.99,0.41,0.37,"2026-02-16",802,"N20","nominal","2.0NRT",310.7,40.71,"D"
"26023",18.98211,76.23596,336.21,0.41,0.37,"2026-02-16",802,"N20","nominal","2.0NRT",310.17,18.51,"D"
"26024",19.89783,82.31318,333.82,0.51,0.41,"2026-02-16",802,"N20","low","2.0NRT",308.67,3.73,"D"
"26025",19.87786,82.15759,346.14,0.5,0.41,"2026-02-16",802,"N20","nominal","2.0NRT",312.73,11.25,"D"
"26026",19.87724,82.15278,342.51,0.5,0.41,"2026-02-16",802,"N20","low","2.0NRT",313.7,5.91,"D"
"26027",18.56968,73.68449,330.65,0.55,0.42,"2026-02-16",802,"N20","low","2.0NRT",305.17,5.99,"D"
"26028",19.88161,82.15706,342.8,0.5,0.41,"2026-02-16",802,"N20","nominal","2.0NRT",311.81,5.88,"D"
"26029",19.00183,76.16401,343.73,0.42,0.37,"2026-02-16",802,"N20","nominal","2.0NRT",310.47,3.19,"D"
"26030",19.93591,82.55128,336.59,0.53,0.42,"2026-02-16",802,"N20","low","2.0NRT",311.04,4.57,"D"
"26031",19.82356,81.62697,333.09,0.47,0.4,"2026-02-16",802,"N20","low","2.0NRT",305.09,3.61,"D"
"26032",19.9129,82.25103,345.51,0.51,0.41,"2026-02-16",802,"N20","nominal","2.0NRT",310.44,6.25,"D"
"26033",19.93829,82.32796,341.67,0.51,0.41,"2026-02-16",802,"N20","nominal","2.0NRT",311.13,6.7,"D"
"26034",19.93557,82.27755,343.85,0.51,0.41,"2026-02-16",802,"N20","nominal","2.0NRT",313.87,6.88,"D"
"26035",19.93493,82.27269,347.66,0.51,0.41,"2026-02-16",802,"N20","nominal","2.0NRT",313.85,7.29,"D"
"26036",18.5638,73.40551,346.57,0.57,0.43,"2026-02-16",802,"N20","nominal","2.0NRT",308.55,10.04,"D"
"26037",19.93935,82.27704,343.56,0.51,0.41,"2026-02-16",802,"N20","nominal","2.0NRT",311.08,6.88,"D"
"26038",19.93871,82.27216,335.54,0.51,0.41,"2026-02-16",802,"N20","low","2.0NRT",310.03,7.29,"D"
"26039",19.96045,82.34985,336.81,0.52,0.41,"2026-02-16",802,"N20","nominal","2.0NRT",310.31,3.94,"D"
"26040",19.95187,82.25523,355.91,0.51,0.41,"2026-02-16",802,"N20","nominal","2.0NRT",315.82,15.58,"D"
"26041",19.95123,82.25039,343.37,0.51,0.41,"2026-02-16",802,"N20","nominal","2.0NRT",313.18,8.81,"D"
"26042",19.77134,80.91917,338.21,0.44,0.38,"2026-02-16",802,"N20","nominal","2.0NRT",305.9,4.67,"D"
"26043",19.77487,80.91873,343.36,0.44,0.38,"2026-02-16",802,"N20","nominal","2.0NRT",302.99,4.83,"D"
"26044",18.60382,73.44801,333.85,0.56,0.43,"2026-02-16",802,"N20","low","2.0NRT",304.88,6.07,"D"
"26045",19.79187,80.9634,334.64,0.44,0.38,"2026-02-16",802,"N20","nominal","2.0NRT",307.55,4.26,"D"
"26046",19.25625,77.3394,339.91,0.39,0.36,"2026-02-16",802,"N20","nominal","2.0NRT",306.81,2.51,"D"
"26047",19.9727,82.2674,342.4,0.51,0.41,"2026-02-16",802,"N20","nominal","2.0NRT",309.44,4.68,"D"
"26048",19.96559,82.21387,336.62,0.51,0.41,"2026-02-16",802,"N20","low","2.0NRT",309.92,3.63,"D"
"26049",19.97319,82.26894,340.16,0.51,0.41,"2026-02-16",802,"N20","nominal","2.0NRT",307.05,5.38,"D"
"26050",19.9664,82.21532,335.93,0.51,0.41,"2026-02-16",802,"N20","low","2.0NRT",310.36,2.54,"D"
"26051",18.60711,73.44485,332.23,0.56,0.43,"2026-02-16",802,"N20","low","2.0NRT",304.06,2.57,"D"
"26052",19.96974,82.12139,339.29,0.5,0.41,"2026-02-16",802,"N20","low","2.0NRT",312.35,5.81,"D"
"26053",20.14081,83.46705,339.33,0.4,0.44,"2026-02-16",802,"N20","low","2.0NRT",309.77,3.28,"D"
"26054",19.17162,76.53495,334.94,0.41,0.37,"2026-02-16",802,"N20","nominal","2.0NRT",307.96,1.6,"D"
"26055",19.08289,75.99488,337.77,0.42,0.38,"2026-02-16",802,"N20","nominal","2.0NRT",309.88,5.43,"D"
"26056",19.17499,76.53436,336.51,0.41,0.37,"2026-02-16",802,"N20","nominal","2.0NRT",307.59,1.6,"D"
"26057",20.51438,86.60199,341.45,0.32,0.54,"2026-02-16",802,"N20","nominal","2.0NRT",303.22,2.37,"D"
"26058",19.91435,81.46877,333.3,0.47,0.39,"2026-02-16",802,"N20","low","2.0NRT",304.94,2.25,"D"
"26059",19.91376,81.46435,335.26,0.47,0.39,"2026-02-16",802,"N20","low","2.0NRT",307.73,3.61,"D"
"26060",20.00351,82.08774,348.49,0.5,0.41,"2026-02-16",802,"N20","nominal","2.0NRT",312.34,10.38,"D"
"26061",20.0135,82.07671,336.39,0.5,0.41,"2026-02-16",802,"N20","nominal","2.0NRT",308.93,3.41,"D"
"26062",20.13313,82.97547,337.23,0.56,0.43,"2026-02-16",802,"N20","nominal","2.0NRT",307.74,5.03,"D"
"26063",20.02283,82.06081,349.1,0.5,0.41,"2026-02-16",802,"N20","nominal","2.0NRT",311.69,8.2,"D"
"26064",20.03409,82.11735,337.76,0.5,0.41,"2026-02-16",802,"N20","low","2.0NRT",310.52,4.03,"D"
"26065",20.03346,82.08363,347.32,0.5,0.41,"2026-02-16",802,"N20","nominal","2.0NRT",311.03,7.43,"D"
"26066",19.18839,76.33821,334.64,0.41,0.37,"2026-02-16",802,"N20","low","2.0NRT",309.19,1.39,"D"
"26067",18.97138,74.91978,335.64,0.47,0.4,"2026-02-16",802,"N20","low","2.0NRT",310.41,5.58,"D"
"26068",18.97065,74.91545,336.21,0.47,0.4,"2026-02-16",802,"N20","low","2.0NRT",311.2,5.91,"D"
"26069",20.0521,82.0519,335.77,0.5,0.41,"2026-02-16",802,"N20","nominal","2.0NRT",309.5,2.43,"D"
"26070",20.05082,82.04235,342.59,0.5,0.41,"2026-02-16",802,"N20","nominal","2.0NRT",309.87,5.04,"D"
"26071",20.04002,81.96168,335.46,0.49,0.4,"2026-02-16",802,"N20","low","2.0NRT",310.31,3.02,"D"
"26072",18.97424,74.91474,345.03,0.47,0.4,"2026-02-16",802,"N20","nominal","2.0NRT",311.02,6.6,"D"
"26073",18.97211,74.91637,354.94,0.47,0.39,"2026-02-16",802,"N20","nominal","2.0NRT",315,15.55,"D"
"26074",20.05236,82.04381,339.1,0.5,0.41,"2026-02-16",802,"N20","nominal","2.0NRT",308.25,3.83,"D"
"26075",19.21716,76.29734,337.87,0.41,0.37,"2026-02-16",802,"N20","nominal","2.0NRT",312.29,2.41,"D"
"26076",20.06837,82.10963,335.67,0.5,0.41,"2026-02-16",802,"N20","nominal","2.0NRT",308.07,3.11,"D"
"26077",20.0519,81.98082,345.94,0.49,0.41,"2026-02-16",802,"N20","nominal","2.0NRT",314.04,9.13,"D"
"26078",19.5954,78.66376,341.83,0.39,0.36,"2026-02-16",802,"N20","nominal","2.0NRT",305.55,4.44,"D"
"26079",19.38392,77.24442,335.33,0.39,0.36,"2026-02-16",802,"N20","low","2.0NRT",308.85,8.33,"D"
"26080",18.80568,73.80518,336.14,0.53,0.42,"2026-02-16",802,"N20","low","2.0NRT",309.62,4.01,"D"
"26081",20.23619,83.23212,341.62,0.39,0.44,"2026-02-16",802,"N20","nominal","2.0NRT",308.76,3.1,"D"
"26082",18.68537,73.03162,345.31,0.4,0.44,"2026-02-16",802,"N20","nominal","2.0NRT",308.7,7.05,"D"
"26083",20.55555,85.80019,332.63,0.57,0.52,"2026-02-16",802,"N20","nominal","2.0NRT",299.17,3.7,"D"
"26084",19.29475,76.47359,345.95,0.41,0.37,"2026-02-16",802,"N20","nominal","2.0NRT",312.98,3.66,"D"
"26085",19.29289,76.46212,349.38,0.41,0.37,"2026-02-16",802,"N20","nominal","2.0NRT",311.86,8.63,"D"
"26086",19.29751,76.46916,339.8,0.41,0.37,"2026-02-16",802,"N20","low","2.0NRT",312.82,5.4,"D"
"26087",19.29627,76.4615,347.42,0.41,0.37,"2026-02-16",802,"N20","nominal","2.0NRT",311.92,7.83,"D"
"26088",19.29813,76.47299,355.35,0.41,0.37,"2026-02-16",802,"N20","low","2.0NRT",311.96,5.4,"D"
"26089",19.29689,76.46534,356.24,0.41,0.37,"2026-02-16",802,"N20","low","2.0NRT",312.45,7.83,"D"
"26090",20.28956,83.36577,343.96,0.4,0.44,"2026-02-16",802,"N20","nominal","2.0NRT",309.09,4.38,"D"
"26091",19.31225,76.47438,336.4,0.41,0.37,"2026-02-16",802,"N20","nominal","2.0NRT",309.57,2.03,"D"
"26092",19.31163,76.47056,347.83,0.41,0.37,"2026-02-16",802,"N20","nominal","2.0NRT",310.57,3.74,"D"
"26093",20.46351,84.7002,332.95,0.48,0.48,"2026-02-16",802,"N20","nominal","2.0NRT",297.99,3.92,"D"
"26094",19.31562,76.47378,339.02,0.41,0.37,"2026-02-16",802,"N20","nominal","2.0NRT",310.76,2.03,"D"
"26095",18.99442,74.54826,339.38,0.49,0.4,"2026-02-16",802,"N20","low","2.0NRT",309.49,4.76,"D"
"26096",18.99809,74.54768,345.77,0.49,0.4,"2026-02-16",802,"N20","nominal","2.0NRT",311.78,11.31,"D"
"26097",18.99731,74.54311,352.44,0.49,0.4,"2026-02-16",802,"N20","nominal","2.0NRT",314.88,16.41,"D"
"26098",19.51504,77.66967,344.01,0.39,0.36,"2026-02-16",802,"N20","nominal","2.0NRT",313.62,24.87,"D"
"26099",20.64169,86.09524,341.62,0.59,0.53,"2026-02-16",802,"N20","nominal","2.0NRT",306.12,5.27,"D"
"26100",18.77945,73.23246,350.73,0.38,0.44,"2026-02-16",802,"N20","nominal","2.0NRT",312.92,6.45,"D"
"26101",20.65461,86.12273,332.65,0.59,0.53,"2026-02-16",802,"N20","nominal","2.0NRT",305.02,5.46,"D"
"26102",20.64541,86.09905,341.79,0.59,0.53,"2026-02-16",802,"N20","nominal","2.0NRT",306.14,12.66,"D"
"26103",20.65326,86.12716,330.82,0.6,0.53,"2026-02-16",802,"N20","low","2.0NRT",303.66,3.36,"D"
"26104",19.47917,77.13672,337.31,0.39,0.36,"2026-02-16",802,"N20","nominal","2.0NRT",310.32,1.92,"D"
"26105",19.48249,77.13615,339.63,0.39,0.36,"2026-02-16",802,"N20","nominal","2.0NRT",310.08,1.92,"D"
"26106",20.20705,82.17049,333.84,0.51,0.41,"2026-02-16",802,"N20","low","2.0NRT",307.43,5.27,"D"
"26107",20.21018,82.16506,340.83,0.51,0.41,"2026-02-16",802,"N20","nominal","2.0NRT",307.96,5.27,"D"
"26108",20.34736,83.19402,336.46,0.39,0.44,"2026-02-16",802,"N20","nominal","2.0NRT",309.46,3.49,"D"
"26109",20.7576,86.54971,348.14,0.32,0.54,"2026-02-16",802,"N20","nominal","2.0NRT",304.26,3.05,"D"
"26110",19.46731,76.73972,338.18,0.4,0.37,"2026-02-16",802,"N20","low","2.0NRT",309.42,1.96,"D"
"26111",19.47006,76.73536,336.99,0.4,0.37,"2026-02-16",802,"N20","nominal","2.0NRT",311.24,4.45,"D"
"26112",19.47066,76.73912,356.56,0.4,0.37,"2026-02-16",802,"N20","low","2.0NRT",312.16,4.45,"D"
"26113",19.80147,78.86266,335.56,0.39,0.36,"2026-02-16",802,"N20","low","2.0NRT",310.18,2.54,"D"
"26114",19.01157,73.9517,336.31,0.52,0.42,"2026-02-16",802,"N20","nominal","2.0NRT",307.25,4.64,"D"
"26115",20.45133,83.56744,338.16,0.41,0.45,"2026-02-16",802,"N20","nominal","2.0NRT",309.86,3,"D"
"26116",20.70155,85.59032,330.88,0.55,0.51,"2026-02-16",802,"N20","low","2.0NRT",304.54,6.05,"D"
"26117",19.54232,77.06089,342.14,0.39,0.36,"2026-02-16",802,"N20","nominal","2.0NRT",310.03,3.44,"D"
"26118",19.54564,77.0603,339.58,0.39,0.36,"2026-02-16",802,"N20","nominal","2.0NRT",309.8,3.44,"D"
"26119",19.53078,76.92877,346.39,0.4,0.37,"2026-02-16",802,"N20","nominal","2.0NRT",312.83,5.86,"D"
"26120",20.69833,85.58788,334.71,0.55,0.51,"2026-02-16",802,"N20","nominal","2.0NRT",305.31,3.88,"D"
"26121",19.49432,76.53232,348.53,0.4,0.37,"2026-02-16",802,"N20","nominal","2.0NRT",311.15,4.01,"D"
"26122",19.4937,76.5285,339.77,0.4,0.37,"2026-02-16",802,"N20","nominal","2.0NRT",311.37,4.01,"D"
"26123",19.40736,75.89577,342.41,0.42,0.38,"2026-02-16",802,"N20","nominal","2.0NRT",310.65,3.29,"D"
"26124",19.67002,77.5074,334.05,0.39,0.36,"2026-02-16",802,"N20","low","2.0NRT",306.82,5.33,"D"
"26125",19.11987,74.19135,334.9,0.5,0.41,"2026-02-16",802,"N20","nominal","2.0NRT",307.94,3.74,"D"
"26126",18.97541,73.38115,341.48,0.56,0.43,"2026-02-16",802,"N20","nominal","2.0NRT",311.77,4,"D"
"26127",20.46417,83.07174,341.42,0.57,0.43,"2026-02-16",802,"N20","nominal","2.0NRT",308.91,4.41,"D"
"26128",19.14804,74.17638,335.07,0.51,0.41,"2026-02-16",802,"N20","low","2.0NRT",307.1,1.87,"D"
"26129",19.13963,74.08379,333.19,0.51,0.41,"2026-02-16",802,"N20","nominal","2.0NRT",305.47,2.35,"D"
"26130",19.4985,76.04271,347.27,0.42,0.37,"2026-02-16",802,"N20","nominal","2.0NRT",310.51,2.78,"D"
"26131",20.68694,84.62614,342.55,0.48,0.48,"2026-02-16",802,"N20","nominal","2.0NRT",302.9,8.26,"D"
"26132",19.50191,76.04208,337.4,0.42,0.37,"2026-02-16",802,"N20","low","2.0NRT",309.06,2.78,"D"
"26133",19.79966,77.88205,339.99,0.38,0.36,"2026-02-16",802,"N20","nominal","2.0NRT",312.34,1.81,"D"
"26134",19.304,74.85703,335.21,0.47,0.39,"2026-02-16",802,"N20","nominal","2.0NRT",308.62,2.02,"D"
"26135",19.51004,76.04872,340.45,0.42,0.37,"2026-02-16",802,"N20","low","2.0NRT",312.22,3.53,"D"
"26136",19.50939,76.04478,336.77,0.42,0.37,"2026-02-16",802,"N20","low","2.0NRT",310.97,3.98,"D"
"26137",19.47377,75.83097,339.67,0.42,0.38,"2026-02-16",802,"N20","nominal","2.0NRT",311.93,5.11,"D"
"26138",19.68132,77.08198,336.59,0.39,0.36,"2026-02-16",802,"N20","low","2.0NRT",311.54,4.29,"D"
"26139",19.51346,76.0481,341.05,0.42,0.37,"2026-02-16",802,"N20","nominal","2.0NRT",310.55,6.05,"D"
"26140",19.68287,77.07027,338.66,0.39,0.36,"2026-02-16",802,"N20","low","2.0NRT",311.28,4.43,"D"
"26141",19.68679,77.0734,339.29,0.39,0.36,"2026-02-16",802,"N20","low","2.0NRT",311.64,2.73,"D"
"26142",19.69011,77.07281,337.42,0.39,0.36,"2026-02-16",802,"N20","low","2.0NRT",311.84,2.73,"D"
"26143",20.7928,85.25372,341.28,0.53,0.5,"2026-02-16",802,"N20","nominal","2.0NRT",307.01,9.89,"D"
"26144",20.48507,82.63263,338.84,0.54,0.42,"2026-02-16",802,"N20","low","2.0NRT",312.44,4.47,"D"
"26145",19.63642,76.69427,342.96,0.4,0.37,"2026-02-16",802,"N20","nominal","2.0NRT",312.66,3.96,"D"
"26146",19.47163,75.69071,334.76,0.43,0.38,"2026-02-16",802,"N20","low","2.0NRT",308.87,3.28,"D"
"26147",19.05731,73.29751,338.55,0.57,0.43,"2026-02-16",802,"N20","nominal","2.0NRT",309.27,10.83,"D"
"26148",20.91564,86.26441,334.63,0.61,0.54,"2026-02-16",802,"N20","nominal","2.0NRT",303.37,4.43,"D"
"26149",19.62634,76.56763,340.42,0.4,0.37,"2026-02-16",802,"N20","low","2.0NRT",312.46,3.29,"D"
"26150",20.57745,83.21528,345.59,0.39,0.44,"2026-02-16",802,"N20","nominal","2.0NRT",311.05,4.41,"D"
"26151",20.57753,83.11687,336.95,0.39,0.44,"2026-02-16",802,"N20","low","2.0NRT",310.31,5.45,"D"
"26152",20.34593,81.27123,333.17,0.46,0.39,"2026-02-16",802,"N20","nominal","2.0NRT",307.1,3.37,"D"
"26153",19.9821,78.68547,336.71,0.39,0.36,"2026-02-16",802,"N20","nominal","2.0NRT",308.31,2.58,"D"
"26154",20.18221,80.03715,342.34,0.41,0.37,"2026-02-16",802,"N20","low","2.0NRT",315.15,17.34,"D"
"26155",20.95195,86.0475,331.37,0.59,0.53,"2026-02-16",802,"N20","low","2.0NRT",305.85,2.87,"D"
"26156",19.60864,76.1795,350.91,0.41,0.37,"2026-02-16",802,"N20","nominal","2.0NRT",309.15,5.7,"D"
"26157",19.61203,76.17888,345.37,0.41,0.37,"2026-02-16",802,"N20","nominal","2.0NRT",309.07,4.28,"D"
"26158",19.6114,76.17498,344.52,0.41,0.37,"2026-02-16",802,"N20","nominal","2.0NRT",311.33,4.28,"D"
"26159",20.96339,86.01723,338.18,0.59,0.53,"2026-02-16",802,"N20","nominal","2.0NRT",304.69,20.46,"D"
"26160",20.96276,86.01153,344.11,0.59,0.53,"2026-02-16",802,"N20","nominal","2.0NRT",310.52,34.49,"D"
"26161",19.61543,76.17825,344.49,0.41,0.37,"2026-02-16",802,"N20","nominal","2.0NRT",309.31,4.28,"D"
"26162",19.6148,76.17436,336.99,0.41,0.37,"2026-02-16",802,"N20","low","2.0NRT",309.33,4.28,"D"
"26163",19.61819,76.17374,350.58,0.41,0.37,"2026-02-16",802,"N20","nominal","2.0NRT",310.62,7.76,"D"
"26164",19.61945,76.18152,356.5,0.41,0.37,"2026-02-16",802,"N20","low","2.0NRT",309.81,4.25,"D"
"26165",19.62285,76.1809,350.54,0.41,0.37,"2026-02-16",802,"N20","nominal","2.0NRT",308.06,4.25,"D"
"26166",19.6232,76.18033,336.55,0.41,0.37,"2026-02-16",802,"N20","low","2.0NRT",307.15,2.03,"D"
"26167",19.62851,76.19134,337.67,0.41,0.37,"2026-02-16",802,"N20","low","2.0NRT",310.47,3.09,"D"
"26168",19.62723,76.18359,336.23,0.41,0.37,"2026-02-16",802,"N20","low","2.0NRT",307.65,2.03,"D"
"26169",19.63255,76.1946,334.25,0.41,0.37,"2026-02-16",802,"N20","nominal","2.0NRT",308.75,2.01,"D"
"26170",19.63191,76.19071,348.2,0.41,0.37,"2026-02-16",802,"N20","nominal","2.0NRT",311.11,4.55,"D"
"26171",19.63063,76.18296,347.59,0.41,0.37,"2026-02-16",802,"N20","nominal","2.0NRT",309.77,9,"D"
"26172",20.64555,83.33193,341.24,0.4,0.44,"2026-02-16",802,"N20","nominal","2.0NRT",309.48,13.31,"D"
"26173",20.95029,86.04971,335.91,0.59,0.53,"2026-02-16",802,"N20","nominal","2.0NRT",306.71,3.42,"D"
"26174",20.65184,83.31549,343.99,0.4,0.44,"2026-02-16",802,"N20","nominal","2.0NRT",310.54,3.12,"D"
"26175",20.96134,86.01354,352.85,0.59,0.53,"2026-02-16",802,"N20","nominal","2.0NRT",307.63,12.63,"D"
"26176",20.96075,86.0078,343.3,0.59,0.53,"2026-02-16",802,"N20","nominal","2.0NRT",305.83,12.63,"D"
"26177",20.96621,86.01303,352.83,0.59,0.53,"2026-02-16",802,"N20","nominal","2.0NRT",307.02,22.93,"D"
"26178",20.86231,84.99813,331.05,0.51,0.49,"2026-02-16",802,"N20","low","2.0NRT",305.49,4.67,"D"
"26179",20.73,83.79845,338.86,0.42,0.46,"2026-02-16",802,"N20","nominal","2.0NRT",307.9,4.04,"D"
"26180",19.75864,76.79929,338.1,0.4,0.37,"2026-02-16",802,"N20","low","2.0NRT",309.94,3.8,"D"
"26181",19.75804,76.79555,340.58,0.4,0.37,"2026-02-16",802,"N20","nominal","2.0NRT",310.18,6.26,"D"
"26182",20.73131,83.77348,341.62,0.42,0.45,"2026-02-16",802,"N20","nominal","2.0NRT",308.86,4.48,"D"
"26183",19.76198,76.7987,345.83,0.4,0.37,"2026-02-16",802,"N20","nominal","2.0NRT",309.22,3.8,"D"
"26184",20.02358,78.46357,345.12,0.39,0.36,"2026-02-16",802,"N20","nominal","2.0NRT",309.51,6.61,"D"
"26185",20.88391,84.98549,340.97,0.51,0.49,"2026-02-16",802,"N20","nominal","2.0NRT",310.16,5.77,"D"
"26186",20.73999,83.73931,338.81,0.42,0.45,"2026-02-16",802,"N20","low","2.0NRT",311.09,6.66,"D"
"26187",20.95395,85.57812,334.82,0.55,0.51,"2026-02-16",802,"N20","nominal","2.0NRT",306.31,1.99,"D"
"26188",20.74416,83.73877,344.43,0.42,0.45,"2026-02-16",802,"N20","nominal","2.0NRT",310.36,6.66,"D"
"26189",19.64197,75.97543,347.94,0.42,0.37,"2026-02-16",802,"N20","nominal","2.0NRT",308.07,4.17,"D"
"26190",19.64539,75.9748,350.3,0.42,0.37,"2026-02-16",802,"N20","nominal","2.0NRT",310.57,5.83,"D"
"26191",20.79053,84.05711,333.9,0.44,0.46,"2026-02-16",802,"N20","nominal","2.0NRT",308.72,1.44,"D"
"26192",20.75932,83.79458,342.9,0.42,0.46,"2026-02-16",802,"N20","nominal","2.0NRT",307.66,3.54,"D"
"26193",20.38096,80.84014,344.19,0.44,0.39,"2026-02-16",802,"N20","nominal","2.0NRT",311.11,6.05,"D"
"26194",20.38916,80.8475,339.02,0.44,0.39,"2026-02-16",802,"N20","nominal","2.0NRT",308.82,3.07,"D"
"26195",21.08693,86.59406,336.86,0.32,0.55,"2026-02-16",802,"N20","nominal","2.0NRT",304.31,3.37,"D"
"26196",20.7751,83.7142,350.34,0.42,0.45,"2026-02-16",802,"N20","nominal","2.0NRT",310.62,5.61,"D"
"26197",20.96237,85.18772,347.23,0.52,0.5,"2026-02-16",802,"N20","nominal","2.0NRT",316.05,10.25,"D"
"26198",20.96063,85.17254,340.06,0.52,0.5,"2026-02-16",802,"N20","low","2.0NRT",312.54,10.35,"D"
"26199",20.96466,85.16702,343.61,0.52,0.5,"2026-02-16",802,"N20","low","2.0NRT",313.72,7.16,"D"
"26200",20.69599,82.94517,335.08,0.57,0.43,"2026-02-16",802,"N20","nominal","2.0NRT",308.26,2.2,"D"
"26201",20.51647,81.57082,344.83,0.48,0.4,"2026-02-16",802,"N20","nominal","2.0NRT",311.56,4.92,"D"
"26202",19.69003,76.01113,334.45,0.42,0.37,"2026-02-16",802,"N20","nominal","2.0NRT",307.09,1.12,"D"
"26203",20.97041,85.17652,353.62,0.52,0.5,"2026-02-16",802,"N20","nominal","2.0NRT",315.49,15.82,"D"
"26204",20.96811,85.15652,339.67,0.52,0.5,"2026-02-16",802,"N20","nominal","2.0NRT",307.58,7.21,"D"
"26205",19.85065,76.99013,345.13,0.39,0.36,"2026-02-16",802,"N20","nominal","2.0NRT",314.16,3.79,"D"
"26206",20.956,85.01186,338.56,0.51,0.49,"2026-02-16",802,"N20","low","2.0NRT",309.56,7.4,"D"
"26207",20.96247,85.1906,346.09,0.52,0.5,"2026-02-16",802,"N20","low","2.0NRT",316.42,11.53,"D"
"26208",20.9649,85.16981,342.92,0.52,0.5,"2026-02-16",802,"N20","low","2.0NRT",314.04,9.03,"D"
"26209",20.97004,85.17429,349.5,0.52,0.5,"2026-02-16",802,"N20","nominal","2.0NRT",315.26,14.76,"D"
"26210",20.96788,85.15424,340.81,0.52,0.5,"2026-02-16",802,"N20","nominal","2.0NRT",309.55,4.67,"D"
"26211",20.97465,85.17377,339.78,0.52,0.5,"2026-02-16",802,"N20","low","2.0NRT",313.54,4.52,"D"
"26212",20.95681,85.00932,335.32,0.51,0.49,"2026-02-16",802,"N20","low","2.0NRT",309.19,3.19,"D"
"26213",20.97621,85.10245,342.46,0.52,0.5,"2026-02-16",802,"N20","nominal","2.0NRT",308.27,5.88,"D"
"26214",20.58743,81.83157,335.52,0.49,0.4,"2026-02-16",802,"N20","nominal","2.0NRT",310.33,3.06,"D"
"26215",19.81618,76.50182,338.01,0.4,0.37,"2026-02-16",802,"N20","nominal","2.0NRT",309.54,1.81,"D"
"26216",20.58341,81.71303,339.13,0.49,0.4,"2026-02-16",802,"N20","nominal","2.0NRT",309.25,2.78,"D"
"26217",21.02265,85.27102,334.33,0.53,0.5,"2026-02-16",802,"N20","low","2.0NRT",308.68,5.06,"D"
"26218",20.88573,83.98997,342.07,0.44,0.46,"2026-02-16",802,"N20","nominal","2.0NRT",310.81,4.56,"D"
"26219",20.78288,83.1026,344.6,0.39,0.44,"2026-02-16",802,"N20","nominal","2.0NRT",309.17,3.83,"D"
"26220",20.78242,83.09889,345.83,0.39,0.44,"2026-02-16",802,"N20","nominal","2.0NRT",309.59,4.22,"D"
"26221",19.82827,76.40551,336.8,0.4,0.37,"2026-02-16",802,"N20","low","2.0NRT",309.71,1.96,"D"
"26222",19.62924,75.20367,336.56,0.45,0.39,"2026-02-16",802,"N20","nominal","2.0NRT",309.87,4.74,"D"
"26223",21.12202,86.01085,336.91,0.59,0.53,"2026-02-16",802,"N20","nominal","2.0NRT",309.1,5.97,"D"
"26224",20.90127,84.04829,336.98,0.44,0.46,"2026-02-16",802,"N20","low","2.0NRT",307.34,2.05,"D"
"26225",19.83102,76.4011,344.28,0.4,0.37,"2026-02-16",802,"N20","nominal","2.0NRT",310.58,4.11,"D"
"26226",20.91588,84.09844,352.08,0.45,0.47,"2026-02-16",802,"N20","nominal","2.0NRT",311.52,11.07,"D"
"26227",20.78709,83.03801,336.41,0.38,0.43,"2026-02-16",802,"N20","nominal","2.0NRT",306.85,2.78,"D"
"26228",20.92067,84.10221,341.48,0.45,0.47,"2026-02-16",802,"N20","nominal","2.0NRT",308.79,11.07,"D"
"26229",20.92016,84.0979,340.16,0.45,0.47,"2026-02-16",802,"N20","nominal","2.0NRT",310.13,11.07,"D"
"26230",20.91965,84.09357,341.62,0.45,0.47,"2026-02-16",802,"N20","nominal","2.0NRT",309.71,5.23,"D"
"26231",20.92362,84.05405,335.9,0.44,0.46,"2026-02-16",802,"N20","nominal","2.0NRT",310.52,3.47,"D"
"26232",19.88816,76.64873,332.82,0.4,0.37,"2026-02-16",802,"N20","low","2.0NRT",307.79,1.73,"D"
"26233",20.8867,83.71245,344.48,0.42,0.45,"2026-02-16",802,"N20","nominal","2.0NRT",310.08,8.56,"D"
"26234",20.62959,81.69242,337.75,0.49,0.4,"2026-02-16",802,"N20","nominal","2.0NRT",311.36,3.51,"D"
"26235",20.92638,83.93346,339.33,0.44,0.46,"2026-02-16",802,"N20","low","2.0NRT",310.2,3.73,"D"
"26236",20.92604,83.89531,342.98,0.43,0.46,"2026-02-16",802,"N20","nominal","2.0NRT",307.73,4.73,"D"
"26237",19.884,76.49355,338.28,0.4,0.37,"2026-02-16",802,"N20","nominal","2.0NRT",311.36,2.56,"D"
"26238",19.7267,75.5061,336.57,0.43,0.38,"2026-02-16",802,"N20","nominal","2.0NRT",309.92,4.09,"D"
"26239",19.72821,75.50639,337.88,0.43,0.38,"2026-02-16",802,"N20","nominal","2.0NRT",311.26,3.33,"D"
"26240",20.92614,83.93387,337.24,0.44,0.46,"2026-02-16",802,"N20","nominal","2.0NRT",309.92,4.05,"D"
"26241",20.7929,82.80077,336.4,0.56,0.43,"2026-02-16",802,"N20","low","2.0NRT",310.15,6.57,"D"
"26242",20.92607,83.89563,342.19,0.43,0.46,"2026-02-16",802,"N20","nominal","2.0NRT",307.11,5.46,"D"
"26243",20.79306,82.70373,336.58,0.55,0.43,"2026-02-16",802,"N20","nominal","2.0NRT",309.01,3.27,"D"
"26244",20.79958,82.7244,343.21,0.55,0.43,"2026-02-16",802,"N20","low","2.0NRT",314.11,6.19,"D"
"26245",20.79698,82.70321,339.16,0.55,0.43,"2026-02-16",802,"N20","nominal","2.0NRT",309.23,6.98,"D"
"26246",20.93684,83.7309,341.6,0.42,0.45,"2026-02-16",802,"N20","nominal","2.0NRT",310.06,2.41,"D"
"26247",21.10718,85.19554,340.73,0.53,0.5,"2026-02-16",802,"N20","nominal","2.0NRT",306.82,6.03,"D"
"26248",20.45086,79.93467,332.83,0.41,0.37,"2026-02-16",802,"N20","low","2.0NRT",307.78,1.67,"D"
"26249",19.36192,73.19531,334.98,0.57,0.43,"2026-02-16",802,"N20","low","2.0NRT",309.65,2.69,"D"
"26250",19.72014,75.18305,335.28,0.45,0.39,"2026-02-16",802,"N20","nominal","2.0NRT",309.07,2.86,"D"
"26251",20.99436,84.07558,344.66,0.45,0.47,"2026-02-16",802,"N20","nominal","2.0NRT",313.8,5.95,"D"
"26252",20.84477,82.76682,335.63,0.56,0.43,"2026-02-16",802,"N20","low","2.0NRT",309.25,5.88,"D"
"26253",19.94236,76.45958,335.26,0.4,0.37,"2026-02-16",802,"N20","low","2.0NRT",308.78,1.45,"D"
"26254",20.44586,79.75182,338.74,0.41,0.37,"2026-02-16",802,"N20","nominal","2.0NRT",308.78,4.29,"D"
"26255",21.16529,85.29698,335.4,0.53,0.5,"2026-02-16",802,"N20","nominal","2.0NRT",308.47,4.53,"D"
"26256",20.97209,83.63573,341.82,0.42,0.45,"2026-02-16",802,"N20","nominal","2.0NRT",311.71,3.15,"D"
"26257",20.75871,81.93992,345.74,0.5,0.41,"2026-02-16",802,"N20","nominal","2.0NRT",313.94,5.93,"D"
"26258",20.11184,77.37644,336.03,0.39,0.36,"2026-02-16",802,"N20","low","2.0NRT",308.25,1.43,"D"
"26259",20.85062,82.53039,348.21,0.54,0.42,"2026-02-16",802,"N20","nominal","2.0NRT",313.08,11.13,"D"
"26260",20.97703,83.2335,336.81,0.4,0.44,"2026-02-16",802,"N20","nominal","2.0NRT",310.51,3.36,"D"
"26261",20.89427,82.39627,346.99,0.53,0.42,"2026-02-16",802,"N20","nominal","2.0NRT",308.62,4.03,"D"
"26262",21.41329,86.86337,332.06,0.34,0.56,"2026-02-16",802,"N20","nominal","2.0NRT",303.93,2.64,"D"
"26263",21.09291,83.9259,336.98,0.44,0.46,"2026-02-16",802,"N20","nominal","2.0NRT",308.4,4.93,"D"
"26264",20.99126,83.01385,335.24,0.38,0.44,"2026-02-16",802,"N20","low","2.0NRT",308.95,3.82,"D"
"26265",20.9908,83.01015,342.78,0.38,0.44,"2026-02-16",802,"N20","nominal","2.0NRT",309.5,3.29,"D"
"26266",21.253,85.16535,342.48,0.53,0.5,"2026-02-16",802,"N20","nominal","2.0NRT",311.35,4.96,"D"
"26267",21.00679,83.00793,335.96,0.38,0.44,"2026-02-16",802,"N20","nominal","2.0NRT",307.84,3.44,"D"
"26268",21.00633,83.00422,347.33,0.38,0.43,"2026-02-16",802,"N20","nominal","2.0NRT",309.84,3.44,"D"
"26269",20.45374,78.59404,338.33,0.39,0.36,"2026-02-16",802,"N20","nominal","2.0NRT",312.91,3.91,"D"
"26270",20.10696,76.32388,337.76,0.4,0.37,"2026-02-16",802,"N20","nominal","2.0NRT",307.19,2.67,"D"
"26271",20.77265,80.72388,340.33,0.44,0.38,"2026-02-16",802,"N20","nominal","2.0NRT",310,4.97,"D"
"26272",20.77208,80.71965,336.22,0.44,0.38,"2026-02-16",802,"N20","nominal","2.0NRT",310.2,5.31,"D"
"26273",19.6222,73.44794,338.07,0.54,0.42,"2026-02-16",802,"N20","low","2.0NRT",312.04,5.67,"D"
"26274",21.50175,86.84193,334.02,0.34,0.56,"2026-02-16",802,"N20","low","2.0NRT",307.94,3.45,"D"
"26275",21.5079,86.85127,332.59,0.34,0.56,"2026-02-16",802,"N20","low","2.0NRT",307.23,2.61,"D"
"26276",21.50691,86.84137,346.39,0.34,0.56,"2026-02-16",802,"N20","nominal","2.0NRT",309.94,3.69,"D"
"26277",21.50659,86.83806,337.61,0.34,0.56,"2026-02-16",802,"N20","low","2.0NRT",310.31,3.69,"D"
"26278",21.1565,83.52214,338.35,0.41,0.45,"2026-02-16",802,"N20","nominal","2.0NRT",306.28,3.27,"D"
"26279",19.55281,72.7979,333.26,0.4,0.44,"2026-02-16",802,"N20","low","2.0NRT",306.53,3.2,"D"
"26280",21.15396,83.29498,344.78,0.4,0.44,"2026-02-16",802,"N20","nominal","2.0NRT",309.32,4.55,"D"
"26281",19.55749,72.80078,334.81,0.4,0.44,"2026-02-16",802,"N20","low","2.0NRT",306.98,4.15,"D"
"26282",19.55681,72.79707,335.79,0.4,0.44,"2026-02-16",802,"N20","low","2.0NRT",308.04,3.2,"D"
"26283",20.95602,81.42996,337.41,0.48,0.4,"2026-02-16",802,"N20","nominal","2.0NRT",311.69,3.05,"D"
"26284",21.20328,83.39868,342.83,0.41,0.45,"2026-02-16",802,"N20","nominal","2.0NRT",306.67,4.39,"D"
"26285",21.27059,83.94214,342.09,0.44,0.46,"2026-02-16",802,"N20","nominal","2.0NRT",311.42,1.91,"D"
"26286",21.02558,81.85332,348.2,0.5,0.41,"2026-02-16",802,"N20","nominal","2.0NRT",314.45,14.41,"D"
"26287",21.13462,82.6919,337.97,0.56,0.43,"2026-02-16",802,"N20","nominal","2.0NRT",308.89,4.24,"D"
"26288",20.98265,81.49142,342.89,0.48,0.4,"2026-02-16",802,"N20","nominal","2.0NRT",313.22,4.54,"D"
"26289",20.90629,80.91298,340.9,0.45,0.39,"2026-02-16",802,"N20","nominal","2.0NRT",312.21,4.06,"D"
"26290",21.05175,81.84948,345.36,0.5,0.41,"2026-02-16",802,"N20","nominal","2.0NRT",318.32,28.76,"D"
"26291",21.63916,86.94272,367,0.35,0.56,"2026-02-16",802,"N20","high","2.0NRT",309.11,6.51,"D"
"26292",20.6908,79.1917,342.36,0.4,0.37,"2026-02-16",802,"N20","nominal","2.0NRT",309.45,6.08,"D"
"26293",21.3237,83.95245,350.38,0.44,0.46,"2026-02-16",802,"N20","nominal","2.0NRT",310.42,6.93,"D"
"26294",21.25622,83.38749,338.28,0.41,0.45,"2026-02-16",802,"N20","nominal","2.0NRT",306.77,4.09,"D"
"26295",20.99754,81.34978,336.66,0.47,0.4,"2026-02-16",802,"N20","low","2.0NRT",311.41,2.22,"D"
"26296",21.32796,83.9519,344.72,0.44,0.46,"2026-02-16",802,"N20","nominal","2.0NRT",312.32,6.72,"D"
"26297",21.32746,83.94765,342.32,0.44,0.46,"2026-02-16",802,"N20","nominal","2.0NRT",310.72,10.06,"D"
"26298",21.27244,83.34943,333.54,0.41,0.45,"2026-02-16",802,"N20","low","2.0NRT",307.58,2.31,"D"
"26299",21.06416,81.68318,338.34,0.49,0.4,"2026-02-16",802,"N20","low","2.0NRT",312.25,12.46,"D"
"26300",21.0013,81.21195,340.09,0.46,0.39,"2026-02-16",802,"N20","nominal","2.0NRT",310.42,7.18,"D"
"26301",19.78135,73.39281,336.89,0.54,0.42,"2026-02-16",802,"N20","low","2.0NRT",311.22,5.1,"D"
"26302",21.31803,83.61916,337.94,0.42,0.45,"2026-02-16",802,"N20","nominal","2.0NRT",312.42,3.74,"D"
"26303",21.25993,83.0819,342.49,0.39,0.44,"2026-02-16",802,"N20","nominal","2.0NRT",311.18,4.14,"D"
"26304",21.31937,83.6192,334.97,0.42,0.45,"2026-02-16",802,"N20","nominal","2.0NRT",308.17,1.28,"D"
"26305",21.2608,83.08141,340.89,0.39,0.44,"2026-02-16",802,"N20","nominal","2.0NRT",307.76,2.83,"D"
"26306",21.11343,81.87672,336.03,0.5,0.41,"2026-02-16",802,"N20","low","2.0NRT",310.25,1.22,"D"
"26307",21.29289,83.31869,343.39,0.4,0.45,"2026-02-16",802,"N20","nominal","2.0NRT",308.38,5.14,"D"
"26308",20.41564,76.93068,337.44,0.39,0.36,"2026-02-16",802,"N20","nominal","2.0NRT",309.38,2.64,"D"
"26309",20.75087,79.02367,342.3,0.39,0.36,"2026-02-16",802,"N20","nominal","2.0NRT",310.2,2.8,"D"
"26310",21.16392,82.03326,342.64,0.51,0.41,"2026-02-16",802,"N20","nominal","2.0NRT",313.05,4.26,"D"
"26311",21.07682,81.35786,342.68,0.47,0.4,"2026-02-16",802,"N20","nominal","2.0NRT",310.61,6.6,"D"
"26312",21.074,81.27994,346.22,0.47,0.4,"2026-02-16",802,"N20","nominal","2.0NRT",312.78,10.19,"D"
"26313",20.29015,75.96339,336.41,0.41,0.37,"2026-02-16",802,"N20","low","2.0NRT",310.38,3.52,"D"
"26314",21.09859,81.4103,336.4,0.48,0.4,"2026-02-16",802,"N20","low","2.0NRT",309.32,3.94,"D"
"26315",21.35717,83.43822,342.44,0.41,0.45,"2026-02-16",802,"N20","nominal","2.0NRT",309.51,3.02,"D"
"26316",21.36842,83.39249,331.77,0.41,0.45,"2026-02-16",802,"N20","low","2.0NRT",306.18,1.23,"D"
"26317",20.45895,76.88082,339.08,0.39,0.36,"2026-02-16",802,"N20","low","2.0NRT",309.73,2.6,"D"
"26318",20.46581,76.90258,345.43,0.39,0.36,"2026-02-16",802,"N20","nominal","2.0NRT",310.64,3.2,"D"
"26319",20.46913,76.90198,346.07,0.39,0.36,"2026-02-16",802,"N20","nominal","2.0NRT",312.02,2.7,"D"
"26320",21.80448,87.21636,342.34,0.36,0.58,"2026-02-16",802,"N20","nominal","2.0NRT",303.13,2.71,"D"
"26321",20.46773,76.87157,352.71,0.39,0.36,"2026-02-16",802,"N20","nominal","2.0NRT",311.9,3.57,"D"
"26322",20.32796,75.98051,335.12,0.41,0.37,"2026-02-16",802,"N20","low","2.0NRT",306.29,1.97,"D"
"26323",20.34047,76.01439,342.3,0.41,0.37,"2026-02-16",802,"N20","nominal","2.0NRT",310.21,5.19,"D"
"26324",20.9222,79.68066,333.63,0.41,0.37,"2026-02-16",802,"N20","nominal","2.0NRT",305.9,3.51,"D"
"26325",20.86887,79.27933,346.94,0.4,0.37,"2026-02-16",802,"N20","nominal","2.0NRT",308.72,4.5,"D"
"26326",21.42525,83.56879,338.75,0.42,0.45,"2026-02-16",802,"N20","nominal","2.0NRT",308.78,2.91,"D"
"26327",20.87222,79.27876,336.44,0.4,0.37,"2026-02-16",802,"N20","low","2.0NRT",309.99,4.5,"D"
"26328",21.40882,83.3193,338.9,0.41,0.45,"2026-02-16",802,"N20","nominal","2.0NRT",309.4,2.82,"D"
"26329",21.334,82.65997,341.08,0.56,0.43,"2026-02-16",802,"N20","nominal","2.0NRT",309.56,4.43,"D"
"26330",21.14204,81.14372,334.19,0.46,0.39,"2026-02-16",802,"N20","low","2.0NRT",307.21,1.66,"D"
"26331",21.42914,83.42119,341.27,0.41,0.45,"2026-02-16",802,"N20","nominal","2.0NRT",310.06,2.99,"D"
"26332",21.25888,82.02232,347.3,0.51,0.41,"2026-02-16",802,"N20","nominal","2.0NRT",313.14,7.85,"D"
"26333",21.14565,81.14317,337.41,0.46,0.39,"2026-02-16",802,"N20","nominal","2.0NRT",309.6,3.99,"D"
"26334",21.14701,81.09773,341.29,0.46,0.39,"2026-02-16",802,"N20","nominal","2.0NRT",310.69,3.16,"D"
"26335",21.43306,83.34805,339.52,0.41,0.45,"2026-02-16",802,"N20","nominal","2.0NRT",309.14,3.14,"D"
"26336",21.26898,82.0108,340.08,0.51,0.41,"2026-02-16",802,"N20","nominal","2.0NRT",311.92,4.76,"D"
"26337",21.27154,81.97038,346.69,0.51,0.41,"2026-02-16",802,"N20","low","2.0NRT",318.08,12.28,"D"
"26338",20.29489,75.29392,333.42,0.44,0.38,"2026-02-16",802,"N20","nominal","2.0NRT",307.37,3.84,"D"
"26339",20.39647,75.81897,340.14,0.42,0.37,"2026-02-16",802,"N20","nominal","2.0NRT",309.58,3.07,"D"
"26340",21.87837,86.99741,341.02,0.35,0.57,"2026-02-16",802,"N20","nominal","2.0NRT",308.45,4.48,"D"
"26341",21.74362,85.69757,335.37,0.58,0.52,"2026-02-16",802,"N20","nominal","2.0NRT",308.19,5.08,"D"
"26342",21.30302,81.97591,340.52,0.51,0.41,"2026-02-16",802,"N20","low","2.0NRT",314.62,12.46,"D"
"26343",21.30358,81.92097,349.12,0.51,0.41,"2026-02-16",802,"N20","nominal","2.0NRT",313.75,10.89,"D"
"26344",21.87561,86.81329,344.43,0.34,0.56,"2026-02-16",802,"N20","nominal","2.0NRT",307.14,3.56,"D"
"26345",21.35354,82.21741,336.74,0.53,0.42,"2026-02-16",802,"N20","low","2.0NRT",308.95,5.57,"D"
"26346",21.58184,84.02573,334.53,0.45,0.47,"2026-02-16",802,"N20","nominal","2.0NRT",306.15,2.79,"D"
"26347",21.35803,82.22192,334.73,0.53,0.42,"2026-02-16",802,"N20","low","2.0NRT",309.55,5.57,"D"
"26348",21.30849,81.8412,344.54,0.5,0.41,"2026-02-16",802,"N20","nominal","2.0NRT",313.13,4.41,"D"
"26349",21.62346,84.34035,354.54,0.47,0.48,"2026-02-16",802,"N20","nominal","2.0NRT",312.32,12.98,"D"
"26350",21.76616,85.54903,337.3,0.56,0.52,"2026-02-16",802,"N20","nominal","2.0NRT",308.19,3.37,"D"
"26351",20.58899,76.73843,339,0.39,0.36,"2026-02-16",802,"N20","low","2.0NRT",313.81,2.46,"D"
"26352",20.59232,76.73783,341.08,0.39,0.36,"2026-02-16",802,"N20","nominal","2.0NRT",314.43,2.3,"D"
"26353",21.61938,84.34197,342.32,0.47,0.48,"2026-02-16",802,"N20","nominal","2.0NRT",308.22,5.75,"D"
"26354",21.87724,86.81485,330.57,0.34,0.56,"2026-02-16",802,"N20","nominal","2.0NRT",303.62,2.35,"D"
"26355",21.87692,86.81152,342.41,0.34,0.56,"2026-02-16",802,"N20","nominal","2.0NRT",308.58,2.35,"D"
"26356",21.62378,84.34142,341.08,0.47,0.48,"2026-02-16",802,"N20","nominal","2.0NRT",308.62,9.39,"D"
"26357",21.28144,81.44285,339.67,0.48,0.4,"2026-02-16",802,"N20","nominal","2.0NRT",308.86,3.61,"D"
"26358",20.71775,77.46864,345.06,0.39,0.36,"2026-02-16",802,"N20","nominal","2.0NRT",312.37,3.55,"D"
"26359",21.60203,84.02816,339.5,0.45,0.47,"2026-02-16",802,"N20","nominal","2.0NRT",304.75,2.8,"D"
"26360",21.91969,87.04025,332.78,0.35,0.57,"2026-02-16",802,"N20","low","2.0NRT",307.42,2.61,"D"
"26361",21.62187,84.08751,342.52,0.45,0.47,"2026-02-16",802,"N20","nominal","2.0NRT",306.57,4.12,"D"
"26362",21.94504,87.08285,340.84,0.36,0.57,"2026-02-16",802,"N20","nominal","2.0NRT",306.92,2.76,"D"
"26363",21.63705,84.14376,333.69,0.46,0.47,"2026-02-16",802,"N20","low","2.0NRT",307.64,2.63,"D"
"26364",21.92776,86.79585,341.2,0.34,0.56,"2026-02-16",802,"N20","nominal","2.0NRT",306.75,3.25,"D"
"26365",21.91733,86.63771,336.86,0.33,0.56,"2026-02-16",802,"N20","nominal","2.0NRT",305.18,1.58,"D"
"26366",21.92246,86.63718,339.13,0.33,0.56,"2026-02-16",802,"N20","nominal","2.0NRT",305.73,2.68,"D"
"26367",21.64528,84.06236,350.12,0.45,0.47,"2026-02-16",802,"N20","nominal","2.0NRT",310.13,5.62,"D"
"26368",21.96873,87.05233,333.73,0.35,0.57,"2026-02-16",802,"N20","low","2.0NRT",306.02,2.62,"D"
"26369",21.81772,85.52928,334.13,0.56,0.52,"2026-02-16",802,"N20","nominal","2.0NRT",308.13,3,"D"
"26370",21.54033,83.10514,336.92,0.4,0.44,"2026-02-16",802,"N20","low","2.0NRT",310.16,5.45,"D"
"26371",21.53986,83.10127,340.99,0.4,0.44,"2026-02-16",802,"N20","nominal","2.0NRT",308.58,4.37,"D"
"26372",20.64053,76.67516,349.1,0.39,0.37,"2026-02-16",802,"N20","nominal","2.0NRT",311.1,2.98,"D"
"26373",20.63993,76.67142,336.77,0.39,0.37,"2026-02-16",802,"N20","low","2.0NRT",311.09,2.98,"D"
"26374",21.69302,84.32359,337.84,0.47,0.48,"2026-02-16",802,"N20","nominal","2.0NRT",308.28,6.47,"D"
"26375",20.64565,76.68582,339.29,0.39,0.37,"2026-02-16",802,"N20","low","2.0NRT",311.89,2.91,"D"
"26376",20.64506,76.68206,341.05,0.39,0.37,"2026-02-16",802,"N20","low","2.0NRT",313.57,3.28,"D"
"26377",20.64446,76.67832,350.67,0.39,0.37,"2026-02-16",802,"N20","nominal","2.0NRT",310.47,3.28,"D"
"26378",21.69794,84.32765,341.16,0.47,0.48,"2026-02-16",802,"N20","nominal","2.0NRT",311.01,4.79,"D"
"26379",21.69742,84.32308,354.47,0.47,0.48,"2026-02-16",802,"N20","nominal","2.0NRT",313.63,6.47,"D"
"26380",20.64958,76.68896,351.16,0.39,0.37,"2026-02-16",802,"N20","nominal","2.0NRT",311.67,2.91,"D"
"26381",20.64898,76.68521,342.93,0.39,0.37,"2026-02-16",802,"N20","nominal","2.0NRT",312.39,2.91,"D"
"26382",20.646,76.66647,348.82,0.39,0.37,"2026-02-16",802,"N20","nominal","2.0NRT",312.74,5.44,"D"
"26383",21.99232,87.02187,345.76,0.35,0.57,"2026-02-16",802,"N20","nominal","2.0NRT",306.91,6,"D"
"26384",20.64933,76.66586,344.69,0.39,0.37,"2026-02-16",802,"N20","nominal","2.0NRT",311.75,5.21,"D"
"26385",21.4952,82.48253,341.32,0.55,0.42,"2026-02-16",802,"N20","nominal","2.0NRT",309.15,8.29,"D"
"26386",22.02491,87.08138,330.14,0.36,0.57,"2026-02-16",802,"N20","low","2.0NRT",304.3,1.05,"D"
"26387",22.02035,87.03628,331.54,0.35,0.57,"2026-02-16",802,"N20","low","2.0NRT",305.96,1.3,"D"
"26388",21.99509,86.78848,333.35,0.34,0.56,"2026-02-16",802,"N20","nominal","2.0NRT",306.38,2.35,"D"
"26389",21.99474,86.78514,336.27,0.34,0.56,"2026-02-16",802,"N20","nominal","2.0NRT",308.25,2.35,"D"
"26390",21.57425,83.04655,343.04,0.39,0.44,"2026-02-16",802,"N20","nominal","2.0NRT",307.86,20.86,"D"
"26391",21.57331,83.03899,343.23,0.39,0.44,"2026-02-16",802,"N20","nominal","2.0NRT",310.81,44.63,"D"
"26392",21.68529,83.92079,342.08,0.44,0.46,"2026-02-16",802,"N20","nominal","2.0NRT",309.37,2.62,"D"
"26393",21.57829,83.04603,343.83,0.39,0.44,"2026-02-16",802,"N20","nominal","2.0NRT",313.62,20.86,"D"
"26394",21.56699,82.95564,344.77,0.39,0.44,"2026-02-16",802,"N20","nominal","2.0NRT",311.07,4.01,"D"
"26395",21.57515,83.04667,342.9,0.39,0.44,"2026-02-16",802,"N20","nominal","2.0NRT",307.94,17.74,"D"
"26396",21.57426,83.03909,345.06,0.39,0.44,"2026-02-16",802,"N20","nominal","2.0NRT",311.4,27.15,"D"
"26397",21.57471,83.04288,367,0.39,0.44,"2026-02-16",802,"N20","low","2.0NRT",326.39,27.15,"D"
"26398",21.5792,83.04614,343.5,0.39,0.44,"2026-02-16",802,"N20","nominal","2.0NRT",310.19,17.74,"D"
"26399",21.5685,82.95559,345.67,0.39,0.44,"2026-02-16",802,"N20","nominal","2.0NRT",313.56,5.87,"D"
"26400",21.68433,83.92213,343.59,0.44,0.46,"2026-02-16",802,"N20","nominal","2.0NRT",309.07,5.64,"D"
"26401",21.43031,81.79331,337.77,0.5,0.41,"2026-02-16",802,"N20","nominal","2.0NRT",311.37,9.99,"D"
"26402",21.4297,81.78848,348.58,0.5,0.41,"2026-02-16",802,"N20","nominal","2.0NRT",314.78,9.99,"D"
"26403",21.68909,83.92587,340.7,0.44,0.46,"2026-02-16",802,"N20","nominal","2.0NRT",305.66,2.32,"D"
"26404",21.43406,81.79276,349.16,0.5,0.41,"2026-02-16",802,"N20","nominal","2.0NRT",313.02,9.99,"D"
"26405",21.43345,81.78793,340.85,0.5,0.41,"2026-02-16",802,"N20","nominal","2.0NRT",312.62,9.99,"D"
"26406",21.72244,84.18419,351.12,0.46,0.47,"2026-02-16",802,"N20","nominal","2.0NRT",317.09,29.77,"D"
"26407",21.57519,82.90906,354.36,0.39,0.44,"2026-02-16",802,"N20","nominal","2.0NRT",315.41,16.43,"D"
"26408",21.57474,82.90531,342.21,0.39,0.44,"2026-02-16",802,"N20","nominal","2.0NRT",312.92,3.93,"D"
"26409",21.47861,82.11732,347.07,0.52,0.42,"2026-02-16",802,"N20","nominal","2.0NRT",313.21,7.14,"D"
"26410",22.02025,87.03592,331.32,0.35,0.57,"2026-02-16",802,"N20","low","2.0NRT",305.53,1.36,"D"
"26411",21.99672,86.78767,342.92,0.34,0.56,"2026-02-16",802,"N20","nominal","2.0NRT",306.81,3.64,"D"
"26412",21.9964,86.78433,348.47,0.34,0.56,"2026-02-16",802,"N20","nominal","2.0NRT",309.05,3.64,"D"
"26413",21.5792,82.9085,349.53,0.39,0.44,"2026-02-16",802,"N20","nominal","2.0NRT",312.97,16.43,"D"
"26414",21.57875,82.90477,343.3,0.39,0.44,"2026-02-16",802,"N20","nominal","2.0NRT",314.88,3.93,"D"
"26415",21.56416,82.78336,339.39,0.57,0.43,"2026-02-16",802,"N20","nominal","2.0NRT",306.84,4.68,"D"
"26416",21.48243,82.11676,341.75,0.52,0.42,"2026-02-16",802,"N20","nominal","2.0NRT",313.08,7.14,"D"
"26417",21.89035,85.6646,332.94,0.58,0.52,"2026-02-16",802,"N20","low","2.0NRT",307.68,4.81,"D"
"26418",21.81434,84.94147,344.76,0.52,0.5,"2026-02-16",802,"N20","nominal","2.0NRT",314.96,6.48,"D"
"26419",21.81003,84.90139,336.37,0.51,0.5,"2026-02-16",802,"N20","nominal","2.0NRT",308.82,3.41,"D"
"26420",21.81892,84.94094,338.38,0.52,0.5,"2026-02-16",802,"N20","low","2.0NRT",310.85,6.48,"D"
"26421",21.77585,84.5453,335.82,0.49,0.48,"2026-02-16",802,"N20","nominal","2.0NRT",310.74,4.18,"D"
"26422",21.7803,84.5447,351.15,0.49,0.48,"2026-02-16",802,"N20","nominal","2.0NRT",310.38,9.3,"D"
"26423",22.05191,87.08881,342.21,0.36,0.57,"2026-02-16",802,"N20","nominal","2.0NRT",303.49,4.27,"D"
"26424",22.05158,87.0853,337.72,0.36,0.57,"2026-02-16",802,"N20","nominal","2.0NRT",304.52,3.98,"D"
"26425",22.04163,86.98141,337.37,0.35,0.57,"2026-02-16",802,"N20","nominal","2.0NRT",306.15,2.25,"D"
"26426",21.72233,83.9128,342.05,0.44,0.46,"2026-02-16",802,"N20","nominal","2.0NRT",308.7,5.69,"D"
"26427",21.72183,83.9085,342.65,0.44,0.46,"2026-02-16",802,"N20","nominal","2.0NRT",310.9,5.2,"D"
"26428",22.05636,86.96928,355.81,0.35,0.57,"2026-02-16",802,"N20","nominal","2.0NRT",303.86,5.78,"D"
"26429",22.03105,86.71082,332.14,0.34,0.56,"2026-02-16",802,"N20","nominal","2.0NRT",303.66,1.42,"D"
"26430",21.49146,81.94321,344.14,0.51,0.41,"2026-02-16",802,"N20","nominal","2.0NRT",313.43,7.61,"D"
"26431",22.06385,86.93746,367,0.35,0.57,"2026-02-16",802,"N20","high","2.0NRT",306.14,6.47,"D"
"26432",22.06419,86.94091,332.24,0.35,0.57,"2026-02-16",802,"N20","nominal","2.0NRT",303.65,3.91,"D"
"26433",21.80203,84.45665,339.97,0.48,0.48,"2026-02-16",802,"N20","nominal","2.0NRT",306.94,3.42,"D"
"26434",21.8015,84.45199,353.22,0.48,0.48,"2026-02-16",802,"N20","nominal","2.0NRT",310.97,16.25,"D"
"26435",21.91716,85.45973,338.43,0.56,0.51,"2026-02-16",802,"N20","low","2.0NRT",308.92,3.64,"D"
"26436",21.80594,84.45144,346.48,0.48,0.48,"2026-02-16",802,"N20","nominal","2.0NRT",307.93,10.05,"D"
"26437",21.89404,85.20216,340.99,0.54,0.51,"2026-02-16",802,"N20","nominal","2.0NRT",310.31,9.23,"D"
"26438",21.52631,82.09519,343.01,0.52,0.42,"2026-02-16",802,"N20","low","2.0NRT",313.58,9.62,"D"
"26439",21.53012,82.09467,342.01,0.52,0.42,"2026-02-16",802,"N20","nominal","2.0NRT",310.92,5.15,"D"
"26440",20.72934,76.52763,335.86,0.4,0.37,"2026-02-16",802,"N20","low","2.0NRT",310.72,1.43,"D"
"26441",22.08852,86.97282,335.94,0.35,0.57,"2026-02-16",802,"N20","nominal","2.0NRT",304.15,3.31,"D"
"26442",22.08818,86.96938,338.85,0.35,0.57,"2026-02-16",802,"N20","nominal","2.0NRT",306.19,3.81,"D"
"26443",21.74898,83.84412,335.61,0.44,0.46,"2026-02-16",802,"N20","low","2.0NRT",310.25,3.39,"D"
"26444",21.74596,83.81846,343.88,0.44,0.46,"2026-02-16",802,"N20","nominal","2.0NRT",315.33,7.96,"D"
"26445",21.61239,82.716,340.62,0.56,0.43,"2026-02-16",802,"N20","nominal","2.0NRT",311.71,6.35,"D"
"26446",21.61172,82.71055,343.05,0.56,0.43,"2026-02-16",802,"N20","nominal","2.0NRT",314.87,6.35,"D"
"26447",22.09446,86.97914,330.69,0.35,0.57,"2026-02-16",802,"N20","nominal","2.0NRT",304.15,1.29,"D"
"26448",21.79522,84.20232,344.41,0.46,0.47,"2026-02-16",802,"N20","nominal","2.0NRT",310.63,3.45,"D"
"26449",21.79107,84.16656,338.51,0.46,0.47,"2026-02-16",802,"N20","low","2.0NRT",311.03,3.09,"D"
"26450",21.61635,82.71546,336.74,0.56,0.43,"2026-02-16",802,"N20","nominal","2.0NRT",311.06,3.31,"D"
"26451",21.61567,82.71001,336.06,0.56,0.43,"2026-02-16",802,"N20","low","2.0NRT",309.92,3.31,"D"
"26452",21.95527,85.58952,341.11,0.57,0.52,"2026-02-16",802,"N20","nominal","2.0NRT",305.28,6.52,"D"
"26453",21.95466,85.58392,340.05,0.57,0.52,"2026-02-16",802,"N20","nominal","2.0NRT",309,9.2,"D"
"26454",21.79958,84.20179,333.45,0.46,0.47,"2026-02-16",802,"N20","nominal","2.0NRT",308.38,3.45,"D"
"26455",21.53642,82.05303,340.9,0.52,0.41,"2026-02-16",802,"N20","low","2.0NRT",314.89,6.13,"D"
"26456",21.8848,84.90742,344.73,0.51,0.5,"2026-02-16",802,"N20","nominal","2.0NRT",314.01,11.47,"D"
"26457",21.54409,82.08251,336.92,0.52,0.42,"2026-02-16",802,"N20","nominal","2.0NRT",309.74,5.59,"D"
"26458",20.60723,75.68999,336.1,0.42,0.38,"2026-02-16",802,"N20","low","2.0NRT",309.93,4.46,"D"
"26459",21.68368,83.16066,349.98,0.4,0.44,"2026-02-16",802,"N20","nominal","2.0NRT",309.47,4.33,"D"
"26460",21.6832,83.15679,341.98,0.4,0.44,"2026-02-16",802,"N20","nominal","2.0NRT",307.41,4.33,"D"
"26461",21.5479,82.08198,344.23,0.52,0.42,"2026-02-16",802,"N20","nominal","2.0NRT",312.4,5.59,"D"
"26462",21.68775,83.16012,338.04,0.4,0.44,"2026-02-16",802,"N20","low","2.0NRT",310.88,5.1,"D"
"26463",21.84206,84.41388,343.34,0.48,0.48,"2026-02-16",802,"N20","nominal","2.0NRT",310.91,7.97,"D"
"26464",21.63891,82.73463,340.12,0.57,0.43,"2026-02-16",802,"N20","nominal","2.0NRT",314.09,8.01,"D"
"26465",20.61814,75.69202,339.72,0.42,0.38,"2026-02-16",802,"N20","low","2.0NRT",310.56,2.6,"D"
"26466",21.85188,84.45973,345.34,0.48,0.48,"2026-02-16",802,"N20","nominal","2.0NRT",309.21,5.51,"D"
"26467",21.84649,84.41336,354.12,0.48,0.48,"2026-02-16",802,"N20","nominal","2.0NRT",311.38,10.12,"D"
"26468",21.84595,84.40875,344.69,0.48,0.48,"2026-02-16",802,"N20","nominal","2.0NRT",312.06,6.04,"D"
"26469",21.60484,82.43411,348.57,0.54,0.42,"2026-02-16",802,"N20","nominal","2.0NRT",311.35,5.59,"D"
"26470",21.85632,84.45918,344.31,0.48,0.48,"2026-02-16",802,"N20","nominal","2.0NRT",307.5,5.51,"D"
"26471",21.85578,84.45454,339.69,0.48,0.48,"2026-02-16",802,"N20","nominal","2.0NRT",309.92,6.68,"D"
"26472",21.62087,82.52872,355.04,0.55,0.43,"2026-02-16",802,"N20","nominal","2.0NRT",316.3,38.56,"D"
"26473",21.6094,82.43883,350.97,0.54,0.42,"2026-02-16",802,"N20","nominal","2.0NRT",314.29,9.14,"D"
"26474",21.60873,82.43357,341.04,0.54,0.42,"2026-02-16",802,"N20","nominal","2.0NRT",310.07,5.59,"D"
"26475",21.62547,82.53348,338.41,0.55,0.43,"2026-02-16",802,"N20","low","2.0NRT",313.23,7.14,"D"
"26476",21.62479,82.52817,340.53,0.55,0.43,"2026-02-16",802,"N20","low","2.0NRT",313.36,6.72,"D"
"26477",21.62411,82.52287,343.07,0.55,0.43,"2026-02-16",802,"N20","low","2.0NRT",313.63,6.72,"D"
"26478",21.62938,82.53294,350.23,0.55,0.43,"2026-02-16",802,"N20","nominal","2.0NRT",313.3,7.14,"D"
"26479",21.6287,82.52763,355.35,0.55,0.43,"2026-02-16",802,"N20","nominal","2.0NRT",314.66,6.72,"D"
"26480",21.60571,82.43579,347.99,0.54,0.42,"2026-02-16",802,"N20","nominal","2.0NRT",313.92,8.8,"D"
"26481",21.62114,82.53059,347.48,0.55,0.43,"2026-02-16",802,"N20","nominal","2.0NRT",310.33,17.93,"D"
"26482",21.62049,82.52528,345.76,0.55,0.43,"2026-02-16",802,"N20","nominal","2.0NRT",317.14,17.93,"D"
"26483",21.61024,82.44052,344.39,0.55,0.42,"2026-02-16",802,"N20","nominal","2.0NRT",312.7,6.46,"D"
"26484",21.60961,82.43526,345.21,0.54,0.42,"2026-02-16",802,"N20","nominal","2.0NRT",311.42,4.06,"D"
"26485",21.84143,84.4141,343.26,0.48,0.48,"2026-02-16",802,"N20","nominal","2.0NRT",309.95,6.11,"D"
"26486",21.6257,82.53537,339.43,0.55,0.43,"2026-02-16",802,"N20","low","2.0NRT",314.39,8.08,"D"
"26487",21.62441,82.52472,352.06,0.55,0.43,"2026-02-16",802,"N20","nominal","2.0NRT",314.18,17.93,"D"
"26488",21.84586,84.41357,353.47,0.48,0.48,"2026-02-16",802,"N20","nominal","2.0NRT",311.55,8.5,"D"
"26489",21.84536,84.40897,346.11,0.48,0.48,"2026-02-16",802,"N20","nominal","2.0NRT",312.64,6.23,"D"
"26490",21.70188,83.14133,343.02,0.4,0.44,"2026-02-16",802,"N20","nominal","2.0NRT",312.26,3.6,"D"
"26491",21.62962,82.53481,340.03,0.55,0.43,"2026-02-16",802,"N20","low","2.0NRT",311.11,3.67,"D"
"26492",21.62897,82.52949,352.42,0.55,0.43,"2026-02-16",802,"N20","nominal","2.0NRT",314.44,11.09,"D"
"26493",21.69105,83.01439,367,0.39,0.44,"2026-02-16",802,"N20","high","2.0NRT",308.78,8.28,"D"
"26494",21.85536,84.45949,341.66,0.48,0.48,"2026-02-16",802,"N20","nominal","2.0NRT",308.91,10,"D"
"26495",21.85486,84.45484,342.4,0.48,0.48,"2026-02-16",802,"N20","nominal","2.0NRT",309.95,7.65,"D"
"26496",21.82415,84.17582,336.52,0.46,0.47,"2026-02-16",802,"N20","nominal","2.0NRT",306.31,2.98,"D"
"26497",21.70595,83.1408,337.67,0.4,0.44,"2026-02-16",802,"N20","low","2.0NRT",311.81,3.6,"D"
"26498",21.69061,83.01059,346.34,0.39,0.44,"2026-02-16",802,"N20","nominal","2.0NRT",313.02,11.27,"D"
"26499",21.36356,80.42695,344.53,0.43,0.38,"2026-02-16",802,"N20","nominal","2.0NRT",309.03,7.76,"D"
"26500",21.70051,83.05957,348.14,0.39,0.44,"2026-02-16",802,"N20","nominal","2.0NRT",311.02,5.61,"D"
"26501",21.69509,83.01385,351.51,0.39,0.44,"2026-02-16",802,"N20","nominal","2.0NRT",324.34,22.25,"D"
"26502",21.69464,83.01005,355.35,0.39,0.44,"2026-02-16",802,"N20","nominal","2.0NRT",316.92,13.75,"D"
"26503",21.83186,84.16573,336.29,0.46,0.47,"2026-02-16",802,"N20","low","2.0NRT",311.25,9.31,"D"
"26504",21.69913,83.0133,345.26,0.39,0.44,"2026-02-16",802,"N20","nominal","2.0NRT",315.19,22.25,"D"
"26505",21.65443,82.60766,344.77,0.56,0.43,"2026-02-16",802,"N20","nominal","2.0NRT",311.56,9.95,"D"
"26506",21.62077,82.33275,349.98,0.54,0.42,"2026-02-16",802,"N20","nominal","2.0NRT",313.11,22.14,"D"
"26507",21.68832,82.85455,349.79,0.38,0.43,"2026-02-16",802,"N20","nominal","2.0NRT",315.44,5.92,"D"
"26508",21.62528,82.33739,338.35,0.54,0.42,"2026-02-16",802,"N20","low","2.0NRT",311.64,22.14,"D"
"26509",21.62464,82.33219,354.34,0.54,0.42,"2026-02-16",802,"N20","nominal","2.0NRT",317.71,22.14,"D"
"26510",21.60299,82.15774,347.19,0.53,0.42,"2026-02-16",802,"N20","nominal","2.0NRT",311.19,8.3,"D"
"26511",21.62851,82.33164,339.41,0.54,0.42,"2026-02-16",802,"N20","low","2.0NRT",311.32,8.67,"D"
"26512",22.17454,87.3218,331.97,0.37,0.58,"2026-02-16",802,"N20","nominal","2.0NRT",299.37,2.09,"D"
"26513",21.64402,82.42516,338.26,0.54,0.42,"2026-02-16",802,"N20","low","2.0NRT",312.78,9.34,"D"
"26514",22.03508,85.8454,346.71,0.59,0.53,"2026-02-16",802,"N20","nominal","2.0NRT",310.71,7.76,"D"
"26515",21.86868,84.25702,367,0.47,0.48,"2026-02-16",802,"N20","high","2.0NRT",314.33,11.46,"D"
"26516",22.00766,85.53418,337.94,0.57,0.52,"2026-02-16",802,"N20","nominal","2.0NRT",308.73,5.02,"D"
"26517",21.69948,82.81251,335.6,0.57,0.43,"2026-02-16",802,"N20","low","2.0NRT",310.22,7.22,"D"
"26518",21.6761,82.62112,353.15,0.56,0.43,"2026-02-16",802,"N20","nominal","2.0NRT",315.68,14.91,"D"
"26519",21.88932,84.36101,336.27,0.48,0.48,"2026-02-16",802,"N20","low","2.0NRT",308.04,4.82,"D"
"26520",21.65502,82.38629,342.6,0.54,0.42,"2026-02-16",802,"N20","nominal","2.0NRT",310.34,3.96,"D"
"26521",21.1436,78.60164,347.9,0.39,0.36,"2026-02-16",802,"N20","nominal","2.0NRT",312.29,5.18,"D"
"26522",21.66794,82.36321,340.97,0.54,0.42,"2026-02-16",802,"N20","nominal","2.0NRT",311.97,3.85,"D"
"26523",20.77254,76.14223,334.61,0.4,0.37,"2026-02-16",802,"N20","nominal","2.0NRT",308.48,1.8,"D"
"26524",21.89351,84.12583,337.33,0.46,0.47,"2026-02-16",802,"N20","nominal","2.0NRT",308.55,2.48,"D"
"26525",22.17175,86.63868,333.19,0.34,0.56,"2026-02-16",802,"N20","nominal","2.0NRT",304.85,0.96,"D"
"26526",20.73529,75.82845,342.43,0.41,0.37,"2026-02-16",802,"N20","nominal","2.0NRT",309.9,3.07,"D"
"26527",21.92549,84.28681,336.2,0.47,0.48,"2026-02-16",802,"N20","low","2.0NRT",307.43,5.29,"D"
"26528",21.92496,84.28226,341.01,0.47,0.48,"2026-02-16",802,"N20","nominal","2.0NRT",311.05,5.29,"D"
"26529",22.1669,86.44046,338.89,0.33,0.55,"2026-02-16",802,"N20","nominal","2.0NRT",303.11,2.13,"D"
"26530",21.64605,81.94756,339.08,0.51,0.41,"2026-02-16",802,"N20","nominal","2.0NRT",307.43,1.48,"D"
"26531",21.78326,82.96338,346.03,0.39,0.44,"2026-02-16",802,"N20","nominal","2.0NRT",316.49,6.42,"D"
"26532",21.78279,82.95961,341.16,0.39,0.44,"2026-02-16",802,"N20","nominal","2.0NRT",311.71,4.75,"D"
"26533",21.78398,82.95972,342.08,0.39,0.44,"2026-02-16",802,"N20","low","2.0NRT",312.54,4.51,"D"
"26534",22.1656,86.43973,331.51,0.33,0.55,"2026-02-16",802,"N20","low","2.0NRT",302.41,1.58,"D"
"26535",21.95436,84.30349,341.75,0.47,0.48,"2026-02-16",802,"N20","nominal","2.0NRT",310.8,2.94,"D"
"26536",21.95927,84.30752,353.01,0.47,0.48,"2026-02-16",802,"N20","nominal","2.0NRT",316.97,20.81,"D"
"26537",21.95877,84.30294,353.08,0.47,0.48,"2026-02-16",802,"N20","nominal","2.0NRT",313.64,12.51,"D"
"26538",21.93087,83.97501,341.6,0.45,0.47,"2026-02-16",802,"N20","nominal","2.0NRT",311.95,3.83,"D"
"26539",21.7523,82.46168,338.54,0.55,0.43,"2026-02-16",802,"N20","nominal","2.0NRT",312.59,10.89,"D"
"26540",21.75621,82.46113,348.35,0.55,0.43,"2026-02-16",802,"N20","nominal","2.0NRT",313.4,10.89,"D"
"26541",21.82387,82.98502,339.23,0.39,0.44,"2026-02-16",802,"N20","low","2.0NRT",313.46,6.02,"D"
"26542",21.81338,82.86396,337.6,0.39,0.44,"2026-02-16",802,"N20","nominal","2.0NRT",312.25,1.92,"D"
"26543",20.78773,75.67683,344.03,0.42,0.37,"2026-02-16",802,"N20","low","2.0NRT",314.12,3.14,"D"
"26544",21.82176,82.83249,344.71,0.38,0.44,"2026-02-16",802,"N20","nominal","2.0NRT",314.02,6.57,"D"
"26545",21.8333,82.8271,350.07,0.38,0.43,"2026-02-16",802,"N20","nominal","2.0NRT",319.23,28.04,"D"
"26546",21.83776,82.83025,342.63,0.38,0.44,"2026-02-16",802,"N20","nominal","2.0NRT",309.24,8.3,"D"
"26547",21.84176,82.8297,343.53,0.38,0.44,"2026-02-16",802,"N20","nominal","2.0NRT",309.65,8.3,"D"
"26548",21.8413,82.82598,350.08,0.38,0.43,"2026-02-16",802,"N20","nominal","2.0NRT",313.11,8.3,"D"
"26549",22.29911,86.74169,337.78,0.34,0.56,"2026-02-16",802,"N20","nominal","2.0NRT",304.71,3.3,"D"
"26550",21.92206,83.35181,342.23,0.41,0.45,"2026-02-16",802,"N20","low","2.0NRT",314.11,7,"D"
"26551",21.8952,83.1312,348.01,0.4,0.44,"2026-02-16",802,"N20","nominal","2.0NRT",316.53,7.92,"D"
"26552",21.89975,83.13456,341.86,0.4,0.44,"2026-02-16",802,"N20","nominal","2.0NRT",309.59,2.43,"D"
"26553",21.86251,82.80046,344.74,0.38,0.43,"2026-02-16",802,"N20","nominal","2.0NRT",313.77,4.45,"D"
"26554",22.17501,85.42395,343.11,0.56,0.52,"2026-02-16",802,"N20","nominal","2.0NRT",311.75,9.02,"D"
"26555",21.91849,83.21948,344.24,0.41,0.45,"2026-02-16",802,"N20","nominal","2.0NRT",311.6,3.95,"D"
"26556",21.86605,82.79623,345.56,0.38,0.43,"2026-02-16",802,"N20","nominal","2.0NRT",312.34,14.61,"D"
"26557",21.91753,83.21959,339.14,0.41,0.45,"2026-02-16",802,"N20","low","2.0NRT",310.88,3.46,"D"
"26558",22.17146,85.42721,341.45,0.56,0.52,"2026-02-16",802,"N20","nominal","2.0NRT",309.19,3.93,"D"
"26559",21.93256,83.20557,340.16,0.41,0.45,"2026-02-16",802,"N20","low","2.0NRT",313.02,3.91,"D"
"26560",22.35514,87.09868,344.46,0.36,0.57,"2026-02-16",802,"N20","nominal","2.0NRT",306.54,6.82,"D"
"26561",20.95545,76.14074,338.26,0.4,0.37,"2026-02-16",802,"N20","low","2.0NRT",312.7,2.34,"D"
"26562",22.37751,87.2817,343.62,0.37,0.58,"2026-02-16",802,"N20","nominal","2.0NRT",310.81,6.42,"D"
"26563",21.93604,83.09405,343.03,0.4,0.44,"2026-02-16",802,"N20","nominal","2.0NRT",310.99,8.78,"D"
"26564",20.95944,76.14395,337.84,0.4,0.37,"2026-02-16",802,"N20","low","2.0NRT",311.74,2.55,"D"
"26565",22.36377,87.01967,337.01,0.36,0.57,"2026-02-16",802,"N20","nominal","2.0NRT",309.74,2.49,"D"
"26566",21.96274,83.2495,341.68,0.41,0.45,"2026-02-16",802,"N20","low","2.0NRT",314.85,6.58,"D"
"26567",22.46171,88.02745,343.18,0.42,0.61,"2026-02-16",802,"N20","nominal","2.0NRT",300.56,3.34,"D"
"26568",22.27161,86.02587,334.41,0.61,0.54,"2026-02-16",802,"N20","low","2.0NRT",306.25,5.13,"D"
"26569",22.08955,84.3158,341.42,0.48,0.48,"2026-02-16",802,"N20","nominal","2.0NRT",307.87,17.07,"D"
"26570",22.08904,84.31118,340.31,0.48,0.48,"2026-02-16",802,"N20","nominal","2.0NRT",314.03,17.07,"D"
"26571",22.05547,84.01324,355.41,0.46,0.47,"2026-02-16",802,"N20","nominal","2.0NRT",311.7,6.53,"D"
"26572",21.96732,83.25289,355.1,0.41,0.45,"2026-02-16",802,"N20","nominal","2.0NRT",313.69,9.57,"D"
"26573",22.05979,84.01269,348.44,0.46,0.47,"2026-02-16",802,"N20","nominal","2.0NRT",310.32,4.69,"D"
"26574",22.02893,83.74368,340.76,0.44,0.46,"2026-02-16",802,"N20","nominal","2.0NRT",306.98,5.1,"D"
"26575",21.01738,76.41632,349.96,0.4,0.37,"2026-02-16",802,"N20","nominal","2.0NRT",310.61,2.63,"D"
"26576",22.46643,87.95329,355.09,0.41,0.61,"2026-02-16",802,"N20","nominal","2.0NRT",302.13,5.32,"D"
"26577",22.29073,86.11562,332.42,0.62,0.54,"2026-02-16",802,"N20","nominal","2.0NRT",305.99,3.79,"D"
"26578",22.0407,83.73363,344.62,0.44,0.46,"2026-02-16",802,"N20","low","2.0NRT",318.12,14.16,"D"
"26579",22.0402,83.72939,354.29,0.44,0.46,"2026-02-16",802,"N20","nominal","2.0NRT",321.92,15.39,"D"
"26580",21.87198,82.33508,340.9,0.54,0.42,"2026-02-16",802,"N20","nominal","2.0NRT",310.47,7.59,"D"
"26581",22.31982,86.25298,332.23,0.32,0.54,"2026-02-16",802,"N20","low","2.0NRT",305.56,2.38,"D"
"26582",20.98972,76.13833,336.14,0.4,0.37,"2026-02-16",802,"N20","nominal","2.0NRT",310.55,1.43,"D"
"26583",22.13415,84.43288,355.27,0.48,0.48,"2026-02-16",802,"N20","nominal","2.0NRT",310.41,11.79,"D"
"26584",21.88363,82.33341,347.42,0.54,0.42,"2026-02-16",802,"N20","nominal","2.0NRT",311.52,17.76,"D"
"26585",22.38933,86.79139,341.26,0.35,0.56,"2026-02-16",802,"N20","nominal","2.0NRT",302.76,2.89,"D"
"26586",22.08751,83.98684,344.23,0.45,0.47,"2026-02-16",802,"N20","nominal","2.0NRT",312.7,10.82,"D"
"26587",22.08699,83.98241,338.06,0.45,0.47,"2026-02-16",802,"N20","low","2.0NRT",309.03,10.82,"D"
"26588",21.9565,82.8553,337.55,0.39,0.44,"2026-02-16",802,"N20","low","2.0NRT",311.86,3.6,"D"
"26589",21.96098,82.85853,342.77,0.39,0.44,"2026-02-16",802,"N20","nominal","2.0NRT",310.36,3.6,"D"
"26590",21.96052,82.85477,342.24,0.39,0.44,"2026-02-16",802,"N20","nominal","2.0NRT",310.09,3.6,"D"
"26591",22.08355,83.84108,339.78,0.44,0.46,"2026-02-16",802,"N20","nominal","2.0NRT",310.37,8.31,"D"
"26592",22.08783,83.84052,346.62,0.44,0.46,"2026-02-16",802,"N20","nominal","2.0NRT",308.1,8.31,"D"
"26593",22.21081,84.74681,340.7,0.51,0.49,"2026-02-16",802,"N20","nominal","2.0NRT",311.1,4.96,"D"
"26594",21.2388,77.4781,336.91,0.38,0.36,"2026-02-16",802,"N20","nominal","2.0NRT",307.6,2.45,"D"
"26595",21.02428,76.00126,337.86,0.41,0.37,"2026-02-16",802,"N20","low","2.0NRT",312.29,5.88,"D"
"26596",21.02301,75.99351,350.61,0.41,0.37,"2026-02-16",802,"N20","nominal","2.0NRT",311,2.93,"D"
"26597",21.02237,75.98964,341.04,0.41,0.37,"2026-02-16",802,"N20","nominal","2.0NRT",312.24,2.93,"D"
"26598",21.02702,75.99677,336.39,0.41,0.37,"2026-02-16",802,"N20","nominal","2.0NRT",309.41,5.88,"D"
"26599",21.02638,75.9929,338.57,0.41,0.37,"2026-02-16",802,"N20","nominal","2.0NRT",310.44,2.93,"D"
"26600",21.02575,75.98901,340.4,0.41,0.37,"2026-02-16",802,"N20","nominal","2.0NRT",310.96,2.93,"D"
"26601",21.02976,75.99227,337.58,0.41,0.37,"2026-02-16",802,"N20","nominal","2.0NRT",309.9,3.74,"D"
"26602",21.02913,75.9884,345.34,0.41,0.37,"2026-02-16",802,"N20","nominal","2.0NRT",312.27,3.74,"D"
"26603",21.03314,75.99163,346.88,0.41,0.37,"2026-02-16",802,"N20","nominal","2.0NRT",310.79,3.74,"D"
"26604",21.0325,75.98776,341.55,0.41,0.37,"2026-02-16",802,"N20","nominal","2.0NRT",313.7,3.74,"D"
"26605",22.0949,83.60728,333.44,0.43,0.46,"2026-02-16",802,"N20","nominal","2.0NRT",304.98,1.83,"D"
"26606",21.03478,75.95927,347.23,0.41,0.37,"2026-02-16",802,"N20","nominal","2.0NRT",308.77,4.67,"D"
"26607",21.03414,75.95538,349.87,0.41,0.37,"2026-02-16",802,"N20","nominal","2.0NRT",312.53,4.67,"D"
"26608",22.48166,87.25971,334.51,0.37,0.58,"2026-02-16",802,"N20","low","2.0NRT",304.66,3.76,"D"
"26609",22.09525,83.53607,340.12,0.43,0.46,"2026-02-16",802,"N20","nominal","2.0NRT",310.51,4.31,"D"
"26610",21.03752,75.95473,343.71,0.41,0.37,"2026-02-16",802,"N20","nominal","2.0NRT",311.38,3.92,"D"
"26611",22.48704,87.25911,340.53,0.37,0.58,"2026-02-16",802,"N20","nominal","2.0NRT",304.11,3.76,"D"
"26612",22.09944,83.53551,338.04,0.43,0.46,"2026-02-16",802,"N20","nominal","2.0NRT",310.91,4.31,"D"
"26613",22.09897,83.5314,345.98,0.43,0.46,"2026-02-16",802,"N20","nominal","2.0NRT",312.95,4.31,"D"
"26614",21.0345,75.91514,336.39,0.41,0.37,"2026-02-16",802,"N20","low","2.0NRT",307.57,1.12,"D"
"26615",22.49274,87.2622,343.53,0.37,0.58,"2026-02-16",802,"N20","nominal","2.0NRT",303.12,5.59,"D"
"26616",22.49241,87.25855,348.98,0.37,0.58,"2026-02-16",802,"N20","nominal","2.0NRT",305.95,6.97,"D"
"26617",22.44673,86.71978,344.96,0.34,0.56,"2026-02-16",802,"N20","nominal","2.0NRT",306.53,3.07,"D"
"26618",22.02498,82.83466,337.03,0.39,0.44,"2026-02-16",802,"N20","low","2.0NRT",311.86,2.2,"D"
"26619",22.03217,82.86042,345.25,0.39,0.44,"2026-02-16",802,"N20","nominal","2.0NRT",315.5,18,"D"
"26620",22.02944,82.83788,345.43,0.39,0.44,"2026-02-16",802,"N20","nominal","2.0NRT",311.27,6.95,"D"
"26621",22.03618,82.85986,345.64,0.39,0.44,"2026-02-16",802,"N20","nominal","2.0NRT",313.56,18,"D"
"26622",22.03572,82.8561,346,0.39,0.44,"2026-02-16",802,"N20","nominal","2.0NRT",310.57,16.62,"D"
"26623",21.25946,77.23638,342.68,0.39,0.36,"2026-02-16",802,"N20","nominal","2.0NRT",311.5,5.78,"D"
"26624",22.47316,86.82992,331.67,0.35,0.57,"2026-02-16",802,"N20","nominal","2.0NRT",302.98,1.52,"D"
"26625",22.44695,86.40588,352.22,0.33,0.55,"2026-02-16",802,"N20","nominal","2.0NRT",306.13,4.88,"D"
"26626",22.42967,86.18498,336.45,0.63,0.54,"2026-02-16",802,"N20","nominal","2.0NRT",307.98,6.36,"D"
"26627",22.12363,83.41608,341.27,0.42,0.45,"2026-02-16",802,"N20","low","2.0NRT",312.37,2.72,"D"
"26628",21.51275,78.8048,355.77,0.39,0.36,"2026-02-16",802,"N20","nominal","2.0NRT",311.07,7.81,"D"
"26629",22.1278,83.41553,340.37,0.42,0.45,"2026-02-16",802,"N20","low","2.0NRT",311.15,2.72,"D"
"26630",22.30109,84.88529,336.25,0.52,0.5,"2026-02-16",802,"N20","nominal","2.0NRT",306.82,2.82,"D"
"26631",21.26977,77.12841,332.12,0.39,0.36,"2026-02-16",802,"N20","nominal","2.0NRT",305.21,1.81,"D"
"26632",22.4059,85.7645,343.62,0.59,0.53,"2026-02-16",802,"N20","nominal","2.0NRT",308.8,5.62,"D"
"26633",22.08707,82.94137,340.34,0.39,0.44,"2026-02-16",802,"N20","nominal","2.0NRT",310.29,9.56,"D"
"26634",22.08661,82.93756,355.87,0.39,0.44,"2026-02-16",802,"N20","nominal","2.0NRT",316.4,9.56,"D"
"26635",21.29873,77.27114,337.46,0.39,0.36,"2026-02-16",802,"N20","nominal","2.0NRT",309.4,2.16,"D"
"26636",22.0734,82.79754,339.65,0.39,0.44,"2026-02-16",802,"N20","low","2.0NRT",309.69,5.23,"D"
"26637",22.07294,82.79382,342.49,0.38,0.44,"2026-02-16",802,"N20","nominal","2.0NRT",313.02,5.23,"D"
"26638",22.07787,82.80072,345.85,0.39,0.44,"2026-02-16",802,"N20","nominal","2.0NRT",311.2,3.8,"D"
"26639",21.30361,77.25893,350.71,0.39,0.36,"2026-02-16",802,"N20","nominal","2.0NRT",308.46,5.52,"D"
"26640",21.30305,77.25525,337.49,0.39,0.36,"2026-02-16",802,"N20","nominal","2.0NRT",307.12,5.52,"D"
"26641",21.11195,76.04867,333.69,0.41,0.37,"2026-02-16",802,"N20","nominal","2.0NRT",307.4,1.59,"D"
"26642",21.30634,77.25466,346.34,0.39,0.36,"2026-02-16",802,"N20","nominal","2.0NRT",308.9,7.58,"D"
"26643",21.98911,81.97707,333.72,0.52,0.41,"2026-02-16",802,"N20","low","2.0NRT",308.2,4.87,"D"
"26644",21.20301,76.53095,337.32,0.39,0.37,"2026-02-16",802,"N20","nominal","2.0NRT",309.94,1.68,"D"
"26645",21.19937,76.49257,342.6,0.4,0.37,"2026-02-16",802,"N20","nominal","2.0NRT",311.69,5.77,"D"
"26646",22.40436,85.76825,332.28,0.59,0.53,"2026-02-16",802,"N20","low","2.0NRT",306.04,7.32,"D"
"26647",21.9885,81.97938,334.92,0.52,0.42,"2026-02-16",802,"N20","nominal","2.0NRT",308.16,5.43,"D"
"26648",22.16636,83.40635,343.63,0.42,0.45,"2026-02-16",802,"N20","nominal","2.0NRT",314.61,4.51,"D"
"26649",22.56567,87.25741,330.15,0.37,0.58,"2026-02-16",802,"N20","nominal","2.0NRT",304.66,1.51,"D"
"26650",22.1949,83.61929,337.88,0.43,0.46,"2026-02-16",802,"N20","nominal","2.0NRT",306.03,2.74,"D"
"26651",22.11861,82.85566,338.52,0.39,0.44,"2026-02-16",802,"N20","nominal","2.0NRT",306.32,2.38,"D"
"26652",22.11817,82.8519,341.48,0.39,0.44,"2026-02-16",802,"N20","nominal","2.0NRT",312.89,5.4,"D"
"26653",22.05397,82.28852,334.98,0.54,0.42,"2026-02-16",802,"N20","low","2.0NRT",309.46,1.89,"D"
"26654",22.05786,82.28796,334.38,0.54,0.42,"2026-02-16",802,"N20","low","2.0NRT",307.68,1.89,"D"
"26655",20.80783,73.92892,337.09,0.49,0.41,"2026-02-16",802,"N20","low","2.0NRT",308.41,3.06,"D"
"26656",22.5341,86.52552,367,0.33,0.56,"2026-02-16",802,"N20","high","2.0NRT",306.56,7.6,"D"
"26657",22.53378,86.52222,367,0.33,0.56,"2026-02-16",802,"N20","high","2.0NRT",310.7,6.36,"D"
"26658",22.53346,86.51897,353.57,0.33,0.56,"2026-02-16",802,"N20","nominal","2.0NRT",310.85,6.36,"D"
"26659",21.25295,76.54871,342.17,0.39,0.36,"2026-02-16",802,"N20","low","2.0NRT",314.82,2.76,"D"
"26660",22.55098,86.64576,344.63,0.34,0.56,"2026-02-16",802,"N20","nominal","2.0NRT",303.96,4.15,"D"
"26661",22.19419,83.28346,341.97,0.41,0.45,"2026-02-16",802,"N20","nominal","2.0NRT",310.62,3.06,"D"
"26662",21.18054,76.03607,337.75,0.4,0.37,"2026-02-16",802,"N20","nominal","2.0NRT",307.13,2.16,"D"
"26663",22.58829,86.86823,330.77,0.35,0.57,"2026-02-16",802,"N20","nominal","2.0NRT",302.54,1.31,"D"
"26664",22.55172,86.49397,343.88,0.33,0.55,"2026-02-16",802,"N20","nominal","2.0NRT",307.7,2.79,"D"
"26665",22.16129,82.9382,337.24,0.39,0.44,"2026-02-16",802,"N20","low","2.0NRT",311,2.81,"D"
"26666",22.15812,82.7776,340.03,0.39,0.44,"2026-02-16",802,"N20","nominal","2.0NRT",307.58,2.36,"D"
"26667",22.66194,87.35548,335.51,0.38,0.59,"2026-02-16",802,"N20","nominal","2.0NRT",301.8,2.46,"D"
"26668",22.17116,82.81749,334.02,0.39,0.44,"2026-02-16",802,"N20","low","2.0NRT",306.84,2.25,"D"
"26669",21.20224,76.02012,333.05,0.41,0.37,"2026-02-16",802,"N20","nominal","2.0NRT",305.31,1.58,"D"
"26670",22.52028,85.83849,347.79,0.6,0.53,"2026-02-16",802,"N20","nominal","2.0NRT",308.69,8.89,"D"
"26671",22.41101,84.74604,332.52,0.51,0.49,"2026-02-16",802,"N20","nominal","2.0NRT",305.96,5.42,"D"
"26672",22.41046,84.7411,339.67,0.51,0.49,"2026-02-16",802,"N20","nominal","2.0NRT",308.03,5.42,"D"
"26673",21.6839,79.04792,337.56,0.4,0.37,"2026-02-16",802,"N20","low","2.0NRT",312.27,2.74,"D"
"26674",22.52254,85.83537,344.61,0.6,0.53,"2026-02-16",802,"N20","nominal","2.0NRT",309.32,10.01,"D"
"26675",22.41152,84.74245,345.71,0.51,0.49,"2026-02-16",802,"N20","nominal","2.0NRT",307.76,9.47,"D"
"26676",22.5385,85.94765,346.11,0.61,0.54,"2026-02-16",802,"N20","nominal","2.0NRT",308.04,7.89,"D"
"26677",22.7084,87.42097,332.61,0.38,0.59,"2026-02-16",802,"N20","nominal","2.0NRT",301.82,1.53,"D"
"26678",22.31231,83.55704,340.54,0.43,0.46,"2026-02-16",802,"N20","low","2.0NRT",310.99,4.93,"D"
"26679",21.35031,76.43343,343.8,0.4,0.37,"2026-02-16",802,"N20","nominal","2.0NRT",314.1,7.55,"D"
"26680",22.61814,86.09244,331.2,0.63,0.54,"2026-02-16",802,"N20","nominal","2.0NRT",306.1,2.67,"D"
"26681",22.38464,83.92412,334.38,0.45,0.47,"2026-02-16",802,"N20","low","2.0NRT",309.22,3.01,"D"
"26682",22.24476,82.73847,345.5,0.38,0.43,"2026-02-16",802,"N20","nominal","2.0NRT",312.25,6.12,"D"
"26683",22.61878,86.04897,337.28,0.62,0.54,"2026-02-16",802,"N20","low","2.0NRT",308.43,6.26,"D"
"26684",22.61817,85.94492,337.88,0.61,0.54,"2026-02-16",802,"N20","low","2.0NRT",310.7,4.71,"D"
"26685",22.62311,85.94438,341.29,0.61,0.54,"2026-02-16",802,"N20","nominal","2.0NRT",307.41,4.71,"D"
"26686",22.26013,82.60011,335.63,0.57,0.43,"2026-02-16",802,"N20","nominal","2.0NRT",308.36,3.66,"D"
"26687",23.13171,91.34128,329.55,0.69,0.74,"2026-02-16",802,"N20","nominal","2.0NRT",299.05,4.16,"D"
"26688",22.66686,86.12256,332.33,0.63,0.54,"2026-02-16",802,"N20","nominal","2.0NRT",306.74,3.17,"D"
"26689",22.32648,82.79537,336.77,0.39,0.44,"2026-02-16",802,"N20","low","2.0NRT",310.11,3.17,"D"
"26690",22.80342,87.06577,332.75,0.36,0.58,"2026-02-16",802,"N20","nominal","2.0NRT",302.28,2.47,"D"
"26691",22.33256,82.57675,338.58,0.57,0.43,"2026-02-16",802,"N20","low","2.0NRT",312.98,5.69,"D"
"26692",22.36656,82.65623,334.2,0.57,0.43,"2026-02-16",802,"N20","nominal","2.0NRT",308.47,2.71,"D"
"26693",22.77608,86.00538,341.17,0.62,0.54,"2026-02-16",802,"N20","nominal","2.0NRT",306.49,5.19,"D"
"26694",22.22797,81.35846,338.74,0.49,0.4,"2026-02-16",802,"N20","nominal","2.0NRT",308.63,7.71,"D"
"26695",22.23166,81.35792,343.53,0.49,0.4,"2026-02-16",802,"N20","nominal","2.0NRT",310.2,7.71,"D"
"26696",22.23083,81.36013,336.23,0.49,0.4,"2026-02-16",802,"N20","low","2.0NRT",310.82,16.82,"D"
"26697",22.7866,86.20744,335.06,0.32,0.55,"2026-02-16",802,"N20","low","2.0NRT",308,3.03,"D"
"26698",22.53971,83.78503,335.56,0.45,0.47,"2026-02-16",802,"N20","low","2.0NRT",307.45,1.56,"D"
"26699",22.34306,82.10712,343.28,0.53,0.42,"2026-02-16",802,"N20","nominal","2.0NRT",312.49,17.03,"D"
"26700",22.77701,86.00401,341.02,0.62,0.54,"2026-02-16",802,"N20","nominal","2.0NRT",306.02,7.37,"D"
"26701",22.78978,85.88029,335.32,0.61,0.53,"2026-02-16",802,"N20","nominal","2.0NRT",305.96,6.03,"D"
"26702",21.10224,73.13699,334.71,0.54,0.42,"2026-02-16",802,"N20","nominal","2.0NRT",306.94,2.34,"D"
"26703",21.74028,76.83314,338.18,0.39,0.36,"2026-02-16",802,"N20","low","2.0NRT",312.56,3.47,"D"
"26704",22.72621,84.10123,337.53,0.47,0.48,"2026-02-16",802,"N20","nominal","2.0NRT",309.45,2.61,"D"
"26705",21.58909,75.80556,337.51,0.41,0.37,"2026-02-16",802,"N20","nominal","2.0NRT",310.35,2.64,"D"
"26706",22.16638,79.13432,339.45,0.4,0.37,"2026-02-16",802,"N20","low","2.0NRT",311.73,4.59,"D"
"26707",21.10561,72.64944,336.03,0.57,0.43,"2026-02-16",802,"N20","low","2.0NRT",308.35,9.23,"D"
"26708",21.10359,72.63862,336.72,0.57,0.43,"2026-02-16",802,"N20","low","2.0NRT",308.35,25.24,"D"
"26709",21.1967,73.12072,340.63,0.54,0.42,"2026-02-16",802,"N20","nominal","2.0NRT",309.16,9.52,"D"
"26710",21.20051,73.11993,341.58,0.54,0.42,"2026-02-16",802,"N20","nominal","2.0NRT",307.64,7.98,"D"
"26711",21.89868,77.10645,332.89,0.39,0.36,"2026-02-16",802,"N20","low","2.0NRT",307.16,3.12,"D"
"26712",21.46873,74.37414,334.01,0.46,0.39,"2026-02-16",802,"N20","nominal","2.0NRT",307.16,3.44,"D"
"26713",21.82895,76.53242,341.13,0.39,0.36,"2026-02-16",802,"N20","low","2.0NRT",312.51,3.73,"D"
"26714",21.82836,76.52866,344.55,0.39,0.36,"2026-02-16",802,"N20","nominal","2.0NRT",311.81,2.73,"D"
"26715",23.16585,86.96207,340.82,0.36,0.57,"2026-02-16",802,"N20","nominal","2.0NRT",302.23,2.89,"D"
"26716",21.83167,76.52805,348.81,0.39,0.36,"2026-02-16",802,"N20","nominal","2.0NRT",312.05,3.51,"D"
"26717",21.83108,76.52429,348.08,0.39,0.36,"2026-02-16",802,"N20","nominal","2.0NRT",311.91,3.51,"D"
"26718",21.83048,76.52053,356.48,0.39,0.36,"2026-02-16",802,"N20","low","2.0NRT",312.67,5.42,"D"
"26719",21.835,76.52745,347.93,0.39,0.36,"2026-02-16",802,"N20","nominal","2.0NRT",312.36,3.51,"D"
"26720",21.8344,76.52367,352.88,0.39,0.36,"2026-02-16",802,"N20","nominal","2.0NRT",312.65,3.51,"D"
"26721",21.8338,76.51992,350.57,0.39,0.36,"2026-02-16",802,"N20","nominal","2.0NRT",312.43,5.42,"D"
"26722",21.8332,76.51616,350.99,0.39,0.36,"2026-02-16",802,"N20","nominal","2.0NRT",311.66,5.42,"D"
"26723",21.84359,76.45227,343.76,0.39,0.36,"2026-02-16",802,"N20","nominal","2.0NRT",312.98,3.19,"D"
"26724",21.84609,76.45107,343.68,0.39,0.36,"2026-02-16",802,"N20","nominal","2.0NRT",312.84,6.1,"D"
"26725",21.84548,76.4473,339.25,0.39,0.36,"2026-02-16",802,"N20","low","2.0NRT",313.28,4.56,"D"
"26726",23.16462,86.96276,339.71,0.36,0.58,"2026-02-16",802,"N20","nominal","2.0NRT",301.54,3.38,"D"
"26727",23.19683,87.14256,332.48,0.37,0.58,"2026-02-16",802,"N20","nominal","2.0NRT",303.76,2.3,"D"
"26728",21.96907,77.01285,339.61,0.39,0.36,"2026-02-16",802,"N20","low","2.0NRT",310.72,4.82,"D"
"26729",21.91498,76.45396,335.55,0.39,0.36,"2026-02-16",802,"N20","nominal","2.0NRT",309.78,1.03,"D"
"26730",22.49467,80.26247,339.98,0.44,0.38,"2026-02-16",802,"N20","nominal","2.0NRT",309.58,3.81,"D"
"26731",23.35228,87.69919,331.74,0.41,0.6,"2026-02-16",802,"N20","low","2.0NRT",305.71,3.25,"D"
"26732",23.26098,86.73979,331.98,0.35,0.57,"2026-02-16",802,"N20","nominal","2.0NRT",302.44,1.67,"D"
"26733",23.26136,86.7396,330.62,0.35,0.57,"2026-02-16",802,"N20","nominal","2.0NRT",301.93,1.16,"D"
"26734",23.17155,85.34382,337.94,0.57,0.52,"2026-02-16",802,"N20","low","2.0NRT",308.2,4.15,"D"
"26735",23.44118,87.02043,344.47,0.37,0.58,"2026-02-16",802,"N20","nominal","2.0NRT",305.74,3.39,"D"
"26736",21.49143,72.72256,330.78,0.56,0.43,"2026-02-16",802,"N20","nominal","2.0NRT",305.75,1.64,"D"
"26737",21.51661,72.77218,335.41,0.55,0.43,"2026-02-16",802,"N20","nominal","2.0NRT",308.82,2.03,"D"
"26738",21.51958,72.74415,334.57,0.56,0.43,"2026-02-16",802,"N20","nominal","2.0NRT",305.53,3.96,"D"
"26739",23.53589,87.13386,338.58,0.37,0.58,"2026-02-16",802,"N20","nominal","2.0NRT",303.31,4.25,"D"
"26740",23.38365,85.4755,347.72,0.59,0.52,"2026-02-16",802,"N20","nominal","2.0NRT",306.22,8.54,"D"
"26741",23.5564,87.24108,367,0.38,0.59,"2026-02-16",802,"N20","high","2.0NRT",304.11,8.21,"D"
"26742",23.58334,87.48238,352.84,0.4,0.6,"2026-02-16",802,"N20","nominal","2.0NRT",299.03,7.25,"D"
"26743",23.583,87.47845,341.87,0.39,0.6,"2026-02-16",802,"N20","nominal","2.0NRT",300.84,7.38,"D"
"26744",21.51892,72.21162,342.48,0.4,0.44,"2026-02-16",802,"N20","nominal","2.0NRT",310.34,3.35,"D"
"26745",21.52293,72.21079,339.06,0.4,0.44,"2026-02-16",802,"N20","low","2.0NRT",310.79,3.35,"D"
"26746",23.44296,85.38757,341.92,0.58,0.52,"2026-02-16",802,"N20","nominal","2.0NRT",305.41,5.08,"D"
"26747",23.44269,85.39086,340.97,0.58,0.52,"2026-02-16",802,"N20","nominal","2.0NRT",305.27,7.3,"D"
"26748",23.51166,86.05711,339.25,0.32,0.55,"2026-02-16",802,"N20","nominal","2.0NRT",306.12,2.36,"D"
"26749",22.3326,76.47062,334.33,0.39,0.36,"2026-02-16",802,"N20","low","2.0NRT",306.94,4.39,"D"
"26750",22.33532,76.46624,341.92,0.39,0.36,"2026-02-16",802,"N20","nominal","2.0NRT",308.38,5.49,"D"
"26751",22.33472,76.46246,330.77,0.39,0.36,"2026-02-16",802,"N20","low","2.0NRT",305.09,5.49,"D"
"26752",21.27534,70.51113,341.84,0.51,0.49,"2026-02-16",802,"N20","low","2.0NRT",311.93,6.34,"D"
"26753",23.16474,82.34051,345.8,0.56,0.43,"2026-02-16",802,"N20","nominal","2.0NRT",312.14,9.72,"D"
"26754",22.3018,76.19199,340.65,0.4,0.37,"2026-02-16",802,"N20","nominal","2.0NRT",308.09,2.71,"D"
"26755",22.3324,76.36195,340.13,0.39,0.36,"2026-02-16",802,"N20","nominal","2.0NRT",309.79,5.56,"D"
"26756",23.69,87.12473,332.3,0.38,0.58,"2026-02-16",802,"N20","nominal","2.0NRT",304.15,3.59,"D"
"26757",22.76122,79.09348,343.88,0.4,0.37,"2026-02-16",802,"N20","nominal","2.0NRT",309.11,7.07,"D"
"26758",22.24607,75.43861,336.34,0.41,0.37,"2026-02-16",802,"N20","nominal","2.0NRT",311.16,3.27,"D"
"26759",21.3589,70.56796,348.51,0.5,0.49,"2026-02-16",802,"N20","nominal","2.0NRT",309.98,9.31,"D"
"26760",23.68094,86.39869,331.78,0.34,0.56,"2026-02-16",802,"N20","low","2.0NRT",306.01,6.77,"D"
"26761",22.87325,79.43983,346.42,0.41,0.37,"2026-02-16",802,"N20","nominal","2.0NRT",309.95,4.47,"D"
"26762",23.68578,86.39475,335.78,0.34,0.56,"2026-02-16",802,"N20","low","2.0NRT",308.75,6.37,"D"
"26763",23.70705,86.56653,334.86,0.35,0.56,"2026-02-16",802,"N20","nominal","2.0NRT",302.98,2.79,"D"
"26764",23.46981,84.12568,339.64,0.48,0.48,"2026-02-16",802,"N20","nominal","2.0NRT",307.38,1.09,"D"
"26765",23.74089,86.75977,347.94,0.36,0.57,"2026-02-16",802,"N20","nominal","2.0NRT",303.32,3.68,"D"
"26766",23.7121,86.45255,343.04,0.34,0.56,"2026-02-16",802,"N20","nominal","2.0NRT",305.48,2.74,"D"
"26767",23.71178,86.44921,334.54,0.34,0.56,"2026-02-16",802,"N20","low","2.0NRT",306.43,2.74,"D"
"26768",22.45584,76.47474,338.95,0.39,0.36,"2026-02-16",802,"N20","nominal","2.0NRT",307.29,2.89,"D"
"26769",23.73668,86.43633,339.73,0.34,0.56,"2026-02-16",802,"N20","nominal","2.0NRT",308.41,5.37,"D"
"26770",22.46732,76.46105,335.04,0.39,0.36,"2026-02-16",802,"N20","low","2.0NRT",309.31,3.5,"D"
"26771",23.75376,86.39735,334.1,0.34,0.56,"2026-02-16",802,"N20","low","2.0NRT",306.28,3.64,"D"
"26772",23.75956,86.40333,336.2,0.34,0.56,"2026-02-16",802,"N20","low","2.0NRT",308.1,3.45,"D"
"26773",23.76504,86.40606,334.2,0.34,0.56,"2026-02-16",802,"N20","low","2.0NRT",307.05,3.45,"D"
"26774",23.75064,86.39946,336.35,0.34,0.56,"2026-02-16",802,"N20","nominal","2.0NRT",304.36,2.82,"D"
"26775",23.7564,86.40547,332.16,0.34,0.56,"2026-02-16",802,"N20","low","2.0NRT",305.84,2.73,"D"
"26776",23.76155,86.40485,342.25,0.34,0.56,"2026-02-16",802,"N20","nominal","2.0NRT",307.62,5.58,"D"
"26777",23.72664,85.86745,331.41,0.63,0.54,"2026-02-16",802,"N20","nominal","2.0NRT",304.18,6.38,"D"
"26778",23.72605,85.86124,342.33,0.63,0.54,"2026-02-16",802,"N20","nominal","2.0NRT",305.07,8.51,"D"
"26779",22.55167,76.56528,340.73,0.39,0.36,"2026-02-16",802,"N20","nominal","2.0NRT",308.55,6.24,"D"
"26780",23.78365,86.36208,330.06,0.34,0.56,"2026-02-16",802,"N20","low","2.0NRT",303.19,1.2,"D"
"26781",23.7818,86.34228,346.92,0.34,0.56,"2026-02-16",802,"N20","nominal","2.0NRT",308.01,3.91,"D"
"26782",23.74321,85.93486,335.76,0.63,0.54,"2026-02-16",802,"N20","nominal","2.0NRT",304.88,3.34,"D"
"26783",22.55498,76.56468,346.05,0.39,0.36,"2026-02-16",802,"N20","nominal","2.0NRT",306.1,6.24,"D"
"26784",23.77964,86.20944,353.48,0.33,0.55,"2026-02-16",802,"N20","nominal","2.0NRT",314.91,6.51,"D"
"26785",22.63398,76.80798,343.06,0.39,0.36,"2026-02-16",802,"N20","nominal","2.0NRT",310.85,7.32,"D"
"26786",23.88048,86.6089,340.92,0.35,0.57,"2026-02-16",802,"N20","nominal","2.0NRT",302.64,2.43,"D"
"26787",22.92137,78.58016,333.96,0.39,0.37,"2026-02-16",802,"N20","nominal","2.0NRT",308.45,1.82,"D"
"26788",23.88095,86.6086,340.51,0.35,0.57,"2026-02-16",802,"N20","nominal","2.0NRT",302.34,2.79,"D"
"26789",22.57949,76.16407,333.75,0.39,0.37,"2026-02-16",802,"N20","low","2.0NRT",306.6,2.37,"D"
"26790",22.57888,76.16026,334.62,0.39,0.37,"2026-02-16",802,"N20","nominal","2.0NRT",308.1,2.37,"D"
"26791",22.59616,76.16108,342.54,0.39,0.37,"2026-02-16",802,"N20","nominal","2.0NRT",311.01,4.96,"D"
"26792",22.5995,76.16051,345.55,0.39,0.37,"2026-02-16",802,"N20","nominal","2.0NRT",310.7,4.96,"D"
"26793",22.60405,76.16747,339.68,0.39,0.37,"2026-02-16",802,"N20","nominal","2.0NRT",308.88,4.18,"D"
"26794",22.6643,76.50252,334.83,0.39,0.36,"2026-02-16",802,"N20","low","2.0NRT",308.72,3.37,"D"
"26795",22.6694,76.51322,333.07,0.39,0.36,"2026-02-16",802,"N20","low","2.0NRT",307.15,1.78,"D"
"26796",22.83599,77.52419,341,0.38,0.36,"2026-02-16",802,"N20","nominal","2.0NRT",310.08,5.32,"D"
"26797",22.948,77.79461,344.18,0.39,0.36,"2026-02-16",802,"N20","nominal","2.0NRT",304.33,2.9,"D"
"26798",21.5957,70.06973,336.02,0.53,0.5,"2026-02-16",802,"N20","nominal","2.0NRT",307.93,2.37,"D"
"26799",23.15048,78.64004,333.08,0.4,0.37,"2026-02-16",802,"N20","low","2.0NRT",305.73,2.23,"D"
"26800",23.1628,78.63841,336.69,0.4,0.37,"2026-02-16",802,"N20","low","2.0NRT",310.81,3.05,"D"
"26801",23.16171,78.63074,343.62,0.4,0.37,"2026-02-16",802,"N20","nominal","2.0NRT",311.24,3.14,"D"
"26802",23.1656,78.63402,345.17,0.4,0.37,"2026-02-16",802,"N20","nominal","2.0NRT",309.94,3.14,"D"
"26803",23.16505,78.63017,335.75,0.4,0.37,"2026-02-16",802,"N20","low","2.0NRT",310.49,3.14,"D"
"26804",22.95014,77.17953,343.16,0.38,0.36,"2026-02-16",802,"N20","nominal","2.0NRT",312.2,4.71,"D"
"26805",23.1684,78.62961,346.52,0.4,0.37,"2026-02-16",802,"N20","nominal","2.0NRT",313.51,29.49,"D"
"26806",22.95343,77.17895,347.56,0.38,0.36,"2026-02-16",802,"N20","nominal","2.0NRT",311.16,8.75,"D"
"26807",23.17175,78.62904,350.96,0.4,0.37,"2026-02-16",802,"N20","nominal","2.0NRT",318.41,29.49,"D"
"26808",23.17564,78.63232,353.75,0.4,0.37,"2026-02-16",802,"N20","nominal","2.0NRT",317.19,10.64,"D"
"26809",21.77322,70.49837,334.03,0.5,0.49,"2026-02-16",802,"N20","nominal","2.0NRT",302.83,3.26,"D"
"26810",23.17899,78.63176,339.65,0.4,0.37,"2026-02-16",802,"N20","low","2.0NRT",312.99,10.64,"D"
"26811",22.13659,72.16461,336.77,0.39,0.44,"2026-02-16",802,"N20","low","2.0NRT",310,2.96,"D"
"26812",22.91806,76.53722,336.44,0.39,0.36,"2026-02-16",802,"N20","nominal","2.0NRT",310.68,2.73,"D"
"26813",22.92137,76.53661,336.94,0.39,0.36,"2026-02-16",802,"N20","nominal","2.0NRT",310.34,3.33,"D"
"26814",22.91699,76.48717,339.05,0.39,0.36,"2026-02-16",802,"N20","low","2.0NRT",310.21,5.16,"D"
"26815",23.25798,78.59422,339.55,0.4,0.37,"2026-02-16",802,"N20","nominal","2.0NRT",312.72,4.29,"D"
"26816",23.11286,77.37893,344.15,0.38,0.36,"2026-02-16",802,"N20","nominal","2.0NRT",312.35,4.81,"D"
"26817",22.14816,71.7598,339.72,0.41,0.45,"2026-02-16",802,"N20","nominal","2.0NRT",310.96,3.04,"D"
"26818",23.11616,77.37834,345.21,0.38,0.36,"2026-02-16",802,"N20","nominal","2.0NRT",311.94,4.81,"D"
"26819",23.11559,77.37462,350.86,0.38,0.36,"2026-02-16",802,"N20","nominal","2.0NRT",310.77,8.13,"D"
"26820",22.15223,71.75891,337.93,0.41,0.45,"2026-02-16",802,"N20","nominal","2.0NRT",308.13,3.04,"D"
"26821",23.24106,78.07785,335.51,0.39,0.36,"2026-02-16",802,"N20","nominal","2.0NRT",305.45,1.96,"D"
"26822",22.46968,73.34407,342.37,0.5,0.41,"2026-02-16",802,"N20","nominal","2.0NRT",306.18,13.08,"D"
"26823",22.93954,76.07344,336.36,0.39,0.37,"2026-02-16",802,"N20","nominal","2.0NRT",304.39,3.23,"D"
"26824",23.25599,78.08694,340.48,0.39,0.36,"2026-02-16",802,"N20","low","2.0NRT",311.54,2.19,"D"
"26825",21.93962,70.43702,341.55,0.5,0.49,"2026-02-16",802,"N20","nominal","2.0NRT",312.86,3.13,"D"
"26826",22.26666,72.07711,341.45,0.39,0.44,"2026-02-16",802,"N20","nominal","2.0NRT",307.24,3.67,"D"
"26827",23.46655,79.10834,339.4,0.41,0.37,"2026-02-16",802,"N20","nominal","2.0NRT",312.62,6.09,"D"
"26828",24.29686,86.05712,332.41,0.33,0.55,"2026-02-16",802,"N20","nominal","2.0NRT",300.04,1.14,"D"
"26829",23.60118,79.77896,339.09,0.43,0.38,"2026-02-16",802,"N20","low","2.0NRT",312.24,4.36,"D"
"26830",23.60061,79.77475,341.53,0.43,0.38,"2026-02-16",802,"N20","nominal","2.0NRT",311.56,2.94,"D"
"26831",23.42746,78.07693,350.04,0.39,0.36,"2026-02-16",802,"N20","nominal","2.0NRT",307.96,5.96,"D"
"26832",23.43466,78.10287,340.12,0.39,0.36,"2026-02-16",802,"N20","nominal","2.0NRT",305.58,2.47,"D"
"26833",23.43908,78.10986,340.04,0.39,0.36,"2026-02-16",802,"N20","nominal","2.0NRT",307.68,2.83,"D"
"26834",23.43853,78.10607,335.79,0.39,0.36,"2026-02-16",802,"N20","low","2.0NRT",310.36,2.83,"D"
"26835",24.18286,83.87527,333.74,0.47,0.48,"2026-02-16",802,"N20","nominal","2.0NRT",306.65,2.82,"D"
"26836",23.22936,76.2271,348.7,0.39,0.36,"2026-02-16",802,"N20","nominal","2.0NRT",310.51,8.81,"D"
"26837",23.22754,76.21574,339.3,0.39,0.36,"2026-02-16",802,"N20","nominal","2.0NRT",311.99,4.31,"D"
"26838",23.22694,76.21194,346.15,0.39,0.36,"2026-02-16",802,"N20","nominal","2.0NRT",312.28,4.31,"D"
"26839",23.23388,76.23405,350.07,0.39,0.36,"2026-02-16",802,"N20","nominal","2.0NRT",313.19,4.15,"D"
"26840",23.23328,76.23026,346.64,0.39,0.36,"2026-02-16",802,"N20","nominal","2.0NRT",310.38,6.45,"D"
"26841",23.23268,76.22648,347.65,0.39,0.36,"2026-02-16",802,"N20","nominal","2.0NRT",310.87,6.45,"D"
"26842",23.23146,76.2189,338.27,0.39,0.36,"2026-02-16",802,"N20","low","2.0NRT",312.85,3.28,"D"
"26843",23.23086,76.21512,346.25,0.39,0.36,"2026-02-16",802,"N20","nominal","2.0NRT",310.29,4.55,"D"
"26844",23.23025,76.21133,352.16,0.39,0.36,"2026-02-16",802,"N20","nominal","2.0NRT",310.22,4.55,"D"
"26845",23.22964,76.20753,336.72,0.39,0.36,"2026-02-16",802,"N20","nominal","2.0NRT",307.74,1.67,"D"
"26846",23.2372,76.23342,339.77,0.39,0.36,"2026-02-16",802,"N20","low","2.0NRT",309.97,4.15,"D"
"26847",23.23478,76.21828,344.7,0.39,0.36,"2026-02-16",802,"N20","nominal","2.0NRT",311.89,3.28,"D"
"26848",23.23357,76.2107,354.42,0.39,0.36,"2026-02-16",802,"N20","nominal","2.0NRT",311.6,4.55,"D"
"26849",23.24112,76.2366,340.84,0.39,0.36,"2026-02-16",802,"N20","nominal","2.0NRT",308.39,9.21,"D"
"26850",23.2387,76.22144,351.57,0.39,0.36,"2026-02-16",802,"N20","nominal","2.0NRT",311.03,5.53,"D"
"26851",23.24262,76.2246,347.33,0.39,0.36,"2026-02-16",802,"N20","nominal","2.0NRT",310.22,4.01,"D"
"26852",23.24201,76.22083,349.71,0.39,0.36,"2026-02-16",802,"N20","nominal","2.0NRT",310.44,5.53,"D"
"26853",22.33013,70.87017,343.06,0.46,0.47,"2026-02-16",802,"N20","nominal","2.0NRT",312.96,4.67,"D"
"26854",24.17667,82.67601,338.85,0.4,0.44,"2026-02-16",802,"N20","nominal","2.0NRT",309.17,2.58,"D"
"26855",23.59869,77.56104,335.18,0.39,0.36,"2026-02-16",802,"N20","nominal","2.0NRT",308.61,6.61,"D"
"26856",23.98577,79.87254,335.92,0.44,0.38,"2026-02-16",802,"N20","low","2.0NRT",309.02,2.52,"D"
"26857",24.00509,79.85632,337.36,0.44,0.38,"2026-02-16",802,"N20","low","2.0NRT",308.44,3.83,"D"
"26858",23.66255,77.33025,336.22,0.38,0.36,"2026-02-16",802,"N20","nominal","2.0NRT",308.29,6.23,"D"
"26859",23.66584,77.32967,367,0.38,0.36,"2026-02-16",802,"N20","high","2.0NRT",308.21,6.23,"D"
"26860",23.41905,75.47761,344.85,0.4,0.37,"2026-02-16",802,"N20","nominal","2.0NRT",308.04,9.91,"D"
"26861",23.42305,75.48088,343.97,0.4,0.37,"2026-02-16",802,"N20","nominal","2.0NRT",306.58,9.91,"D"
"26862",23.42241,75.47696,352.63,0.4,0.37,"2026-02-16",802,"N20","nominal","2.0NRT",311.33,9.91,"D"
"26863",23.42705,75.48415,339.18,0.4,0.37,"2026-02-16",802,"N20","nominal","2.0NRT",308.57,5.23,"D"
"26864",23.42578,75.47632,353.79,0.4,0.37,"2026-02-16",802,"N20","nominal","2.0NRT",308.9,11.01,"D"
"26865",23.42641,75.48023,356.04,0.4,0.37,"2026-02-16",802,"N20","low","2.0NRT",310.35,11.01,"D"
"26866",23.42978,75.47958,351.43,0.4,0.37,"2026-02-16",802,"N20","nominal","2.0NRT",307.69,11.01,"D"
"26867",23.42914,75.47567,355.78,0.4,0.37,"2026-02-16",802,"N20","nominal","2.0NRT",307.49,11.01,"D"
"26868",23.43112,75.47956,347.6,0.4,0.37,"2026-02-16",802,"N20","nominal","2.0NRT",303.21,10.48,"D"
"26869",23.43047,75.47565,352.1,0.4,0.37,"2026-02-16",802,"N20","nominal","2.0NRT",307.9,10.48,"D"
"26870",24.1908,80.62151,334.87,0.47,0.4,"2026-02-16",802,"N20","nominal","2.0NRT",305.57,3.03,"D"
"26871",24.61253,84.28314,331.71,0.51,0.49,"2026-02-16",802,"N20","nominal","2.0NRT",300.66,1.7,"D"
"26872",23.62798,76.27292,342.46,0.39,0.36,"2026-02-16",802,"N20","low","2.0NRT",312.76,3.04,"D"
"26873",24.33116,81.1952,338.12,0.5,0.41,"2026-02-16",802,"N20","nominal","2.0NRT",308.04,6.57,"D"
"26874",23.63129,76.2723,337.21,0.39,0.36,"2026-02-16",802,"N20","low","2.0NRT",311.76,3.04,"D"
"26875",23.63069,76.26852,348.07,0.39,0.36,"2026-02-16",802,"N20","nominal","2.0NRT",312.62,3.04,"D"
"26876",24.33492,81.19471,349.58,0.5,0.41,"2026-02-16",802,"N20","nominal","2.0NRT",308.29,8.36,"D"
"26877",24.33806,81.18931,339.09,0.5,0.41,"2026-02-16",802,"N20","low","2.0NRT",309.54,8.36,"D"
"26878",23.21399,73.65639,331.83,0.47,0.4,"2026-02-16",802,"N20","low","2.0NRT",303.83,2.03,"D"
"26879",23.62624,76.08975,355.87,0.39,0.36,"2026-02-16",802,"N20","nominal","2.0NRT",311.33,8.52,"D"
"26880",23.62896,76.08532,350.7,0.39,0.36,"2026-02-16",802,"N20","nominal","2.0NRT",312.27,2.94,"D"
"26881",23.66798,76.24629,349.87,0.39,0.36,"2026-02-16",802,"N20","nominal","2.0NRT",311.55,6.6,"D"
"26882",23.67189,76.24945,348.71,0.39,0.36,"2026-02-16",802,"N20","nominal","2.0NRT",312.19,4.36,"D"
"26883",23.6752,76.24884,339.39,0.39,0.36,"2026-02-16",802,"N20","low","2.0NRT",313.08,4.36,"D"
"26884",24.13777,79.34058,333.35,0.42,0.38,"2026-02-16",802,"N20","low","2.0NRT",307.84,1.43,"D"
"26885",24.1372,79.33641,338.34,0.42,0.38,"2026-02-16",802,"N20","nominal","2.0NRT",308.01,2.01,"D"
"26886",24.14121,79.34003,335.5,0.42,0.38,"2026-02-16",802,"N20","low","2.0NRT",306.49,1.35,"D"
"26887",23.68633,76.25454,335.1,0.39,0.36,"2026-02-16",802,"N20","low","2.0NRT",309.51,2.88,"D"
"26888",22.6672,70.52171,336.3,0.48,0.48,"2026-02-16",802,"N20","nominal","2.0NRT",303.9,1.95,"D"
"26889",23.69897,76.24829,344.81,0.39,0.36,"2026-02-16",802,"N20","nominal","2.0NRT",310.42,4.27,"D"
"26890",24.06345,78.65507,335.23,0.4,0.37,"2026-02-16",802,"N20","nominal","2.0NRT",310.14,1.71,"D"
"26891",23.70288,76.25146,344.98,0.39,0.36,"2026-02-16",802,"N20","nominal","2.0NRT",313.82,4.27,"D"
"26892",23.70558,76.24706,338.53,0.39,0.36,"2026-02-16",802,"N20","low","2.0NRT",312.13,8.14,"D"
"26893",23.70498,76.24328,339.43,0.39,0.36,"2026-02-16",802,"N20","low","2.0NRT",312.4,3.18,"D"
"26894",23.70438,76.23949,337.32,0.39,0.36,"2026-02-16",802,"N20","low","2.0NRT",307.54,3.18,"D"
"26895",23.67295,76.04215,338.64,0.39,0.36,"2026-02-16",802,"N20","low","2.0NRT",310,4.9,"D"
"26896",23.71069,76.25779,339.25,0.39,0.36,"2026-02-16",802,"N20","low","2.0NRT",312.65,3.65,"D"
"26897",23.71009,76.25401,340.13,0.39,0.36,"2026-02-16",802,"N20","low","2.0NRT",311.8,3.65,"D"
"26898",23.70829,76.24265,340.62,0.39,0.36,"2026-02-16",802,"N20","low","2.0NRT",312.18,3.18,"D"
"26899",23.70769,76.23887,350.88,0.39,0.36,"2026-02-16",802,"N20","nominal","2.0NRT",311.95,3.18,"D"
"26900",23.67566,76.03773,338.36,0.39,0.36,"2026-02-16",802,"N20","low","2.0NRT",308.91,2,"D"
"26901",23.711,76.23824,337.26,0.39,0.36,"2026-02-16",802,"N20","low","2.0NRT",309.59,5.12,"D"
"26902",24.42008,81.0452,335.14,0.5,0.41,"2026-02-16",802,"N20","nominal","2.0NRT",303.08,4.14,"D"
"26903",23.89875,77.25356,342.05,0.38,0.36,"2026-02-16",802,"N20","nominal","2.0NRT",312.45,4.02,"D"
"26904",23.7309,76.10566,342.05,0.39,0.36,"2026-02-16",802,"N20","nominal","2.0NRT",309.04,5.04,"D"
"26905",23.73813,76.10824,343.14,0.39,0.36,"2026-02-16",802,"N20","nominal","2.0NRT",307.72,6.58,"D"
"26906",23.74416,76.10318,340.06,0.39,0.36,"2026-02-16",802,"N20","nominal","2.0NRT",310.04,4.52,"D"
"26907",23.85369,76.08646,343.59,0.39,0.36,"2026-02-16",802,"N20","nominal","2.0NRT",313.77,3.33,"D"
"26908",24.40363,79.76263,339.3,0.44,0.38,"2026-02-16",802,"N20","nominal","2.0NRT",310.58,2.6,"D"
"26909",24.4077,79.76633,344.34,0.44,0.38,"2026-02-16",802,"N20","nominal","2.0NRT",313.83,7.05,"D"
"26910",24.42172,79.76401,337.78,0.44,0.38,"2026-02-16",802,"N20","low","2.0NRT",308.86,2.09,"D"
"26911",24.28315,78.65127,338.9,0.4,0.37,"2026-02-16",802,"N20","nominal","2.0NRT",308.05,2.91,"D"
"26912",24.99354,84.28687,336.8,0.51,0.5,"2026-02-16",802,"N20","nominal","2.0NRT",305.02,5.09,"D"
"26913",23.77917,75.07893,337.63,0.41,0.37,"2026-02-16",802,"N20","nominal","2.0NRT",305.98,2.24,"D"
"26914",24.49657,79.8406,340.27,0.44,0.38,"2026-02-16",802,"N20","nominal","2.0NRT",307.8,2.26,"D"
"26915",23.8527,75.07657,336.32,0.41,0.37,"2026-02-16",802,"N20","nominal","2.0NRT",305.78,4.86,"D"
"26916",24.59658,79.75433,353.16,0.44,0.38,"2026-02-16",802,"N20","nominal","2.0NRT",313.62,14.32,"D"
"26917",24.60009,79.75372,352.79,0.44,0.38,"2026-02-16",802,"N20","nominal","2.0NRT",313.65,13.41,"D"
"26918",22.90914,69.69813,334.52,0.53,0.5,"2026-02-16",802,"N20","nominal","2.0NRT",309.07,3.5,"D"
"26919",23.97738,75.339,341.92,0.4,0.37,"2026-02-16",802,"N20","nominal","2.0NRT",310.14,19.74,"D"
"26920",23.97673,75.33508,310.44,0.4,0.37,"2026-02-16",802,"N20","low","2.0NRT",314.77,89.38,"D"
"26921",23.98009,75.33443,298.07,0.4,0.37,"2026-02-16",802,"N20","low","2.0NRT",315.45,131.3,"D"
"26922",24.72674,80.05244,333.82,0.45,0.39,"2026-02-16",802,"N20","nominal","2.0NRT",307.02,2.91,"D"
"26923",24.09901,75.70467,346.57,0.4,0.37,"2026-02-16",802,"N20","nominal","2.0NRT",307.84,12.05,"D"
"26924",24.09839,75.70082,342.36,0.4,0.37,"2026-02-16",802,"N20","nominal","2.0NRT",309.57,12.05,"D"
"26925",24.10172,75.70017,333.21,0.4,0.37,"2026-02-16",802,"N20","low","2.0NRT",305.03,2,"D"
"26926",23.27268,70.47491,343.67,0.47,0.48,"2026-02-16",802,"N20","nominal","2.0NRT",311.52,3.33,"D"
"26927",23.13695,69.79047,343.5,0.52,0.5,"2026-02-16",802,"N20","nominal","2.0NRT",311.6,7.93,"D"
"26928",24.46791,77.31297,337.51,0.38,0.36,"2026-02-16",802,"N20","nominal","2.0NRT",309.86,3.88,"D"
"26929",24.46735,77.3092,334.87,0.38,0.36,"2026-02-16",802,"N20","nominal","2.0NRT",309.11,1.97,"D"
"26930",26.01281,91.73575,349.2,0.77,0.78,"2026-02-16",802,"N20","nominal","2.0NRT",295.19,15.32,"D"
"26931",23.73952,72.2672,331.26,0.54,0.42,"2026-02-16",802,"N20","nominal","2.0NRT",304.19,1.55,"D"
"26932",26.01517,91.73464,348.26,0.77,0.78,"2026-02-16",802,"N20","nominal","2.0NRT",294.87,12.58,"D"
"26933",25.38509,82.5134,337.89,0.41,0.45,"2026-02-16",802,"N20","nominal","2.0NRT",304.33,4.42,"D"
"26934",25.38406,82.51334,338.74,0.41,0.45,"2026-02-16",802,"N20","nominal","2.0NRT",304.83,4.92,"D"
"26935",24.30097,74.66479,339.83,0.42,0.38,"2026-02-16",802,"N20","nominal","2.0NRT",309.09,3.56,"D"
"26936",24.44568,75.34589,348.71,0.4,0.37,"2026-02-16",802,"N20","nominal","2.0NRT",309.57,4.46,"D"
"26937",24.44903,75.34523,347.6,0.4,0.37,"2026-02-16",802,"N20","nominal","2.0NRT",308.94,4.46,"D"
"26938",24.44839,75.34131,338.21,0.4,0.37,"2026-02-16",802,"N20","nominal","2.0NRT",309.23,5.38,"D"
"26939",23.42058,68.60263,343.7,0.61,0.53,"2026-02-16",802,"N20","nominal","2.0NRT",308.49,6.76,"D"
"26940",25.89531,84.39956,339.66,0.54,0.51,"2026-02-16",802,"N20","nominal","2.0NRT",299.87,5.19,"D"
"26941",25.19455,77.91268,332.9,0.39,0.36,"2026-02-16",802,"N20","low","2.0NRT",307.47,3.4,"D"
"26942",24.96062,75.94398,343.21,0.39,0.36,"2026-02-16",802,"N20","nominal","2.0NRT",312.57,14.57,"D"
"26943",24.89992,75.4799,334.41,0.4,0.37,"2026-02-16",802,"N20","low","2.0NRT",308.04,1.78,"D"
"26944",26.32794,86.27725,327.36,0.36,0.57,"2026-02-16",802,"N20","low","2.0NRT",297.7,1.6,"D"
"26945",24.28377,71.44155,332.49,0.39,0.44,"2026-02-16",802,"N20","nominal","2.0NRT",305.63,2.01,"D"
"26946",26.69565,90.91473,367,0.7,0.75,"2026-02-16",802,"N20","high","2.0NRT",295.14,12.53,"D"
"26947",26.69604,90.92183,325.47,0.7,0.75,"2026-02-16",802,"N20","nominal","2.0NRT",292.32,12.53,"D"
"26948",26.70298,90.9214,325.84,0.7,0.75,"2026-02-16",802,"N20","nominal","2.0NRT",293.37,8.59,"D"
"26949",26.70259,90.91428,347.36,0.7,0.75,"2026-02-16",802,"N20","nominal","2.0NRT",293.47,8.59,"D"
"26950",26.70219,90.90717,330.81,0.7,0.75,"2026-02-16",802,"N20","nominal","2.0NRT",292.9,9.23,"D"
"26951",26.72612,91.08736,344.02,0.71,0.75,"2026-02-16",802,"N20","nominal","2.0NRT",292.4,16.64,"D"
"26952",26.72572,91.08004,342.2,0.71,0.75,"2026-02-16",802,"N20","nominal","2.0NRT",294.08,15.99,"D"
"26953",25.00314,75.25391,343.4,0.4,0.37,"2026-02-16",802,"N20","nominal","2.0NRT",312.64,3.1,"D"
"26954",26.73767,90.91936,367,0.7,0.75,"2026-02-16",802,"N20","high","2.0NRT",295.32,13.53,"D"
"26955",25.00712,75.25716,345.24,0.4,0.37,"2026-02-16",802,"N20","nominal","2.0NRT",311.74,3.1,"D"
"26956",25.00648,75.25325,352.18,0.4,0.37,"2026-02-16",802,"N20","nominal","2.0NRT",313.18,3.1,"D"
"26957",25.00521,75.2454,337.03,0.4,0.37,"2026-02-16",802,"N20","low","2.0NRT",311.6,6.01,"D"
"26958",26.7446,90.91895,367,0.7,0.75,"2026-02-16",802,"N20","high","2.0NRT",294.13,13.57,"D"
"26959",26.74419,90.91183,346.4,0.7,0.75,"2026-02-16",802,"N20","nominal","2.0NRT",293.65,13.57,"D"
"26960",25.01047,75.25652,340.91,0.4,0.37,"2026-02-16",802,"N20","nominal","2.0NRT",312.06,2.55,"D"
"26961",25.00983,75.2526,355.15,0.4,0.37,"2026-02-16",802,"N20","nominal","2.0NRT",313.32,2.55,"D"
"26962",26.75154,90.91856,332.61,0.7,0.75,"2026-02-16",802,"N20","nominal","2.0NRT",293.64,13.57,"D"
"26963",25.01381,75.25586,339.52,0.4,0.37,"2026-02-16",802,"N20","nominal","2.0NRT",309.78,2.55,"D"
"26964",25.01318,75.25195,345.73,0.4,0.37,"2026-02-16",802,"N20","nominal","2.0NRT",311.7,2.55,"D"
"26965",25.0178,75.25913,347.21,0.4,0.37,"2026-02-16",802,"N20","nominal","2.0NRT",312.48,3.94,"D"
"26966",25.01716,75.25521,337.2,0.4,0.37,"2026-02-16",802,"N20","low","2.0NRT",310.84,4.12,"D"
"26967",25.01652,75.25129,356.7,0.4,0.37,"2026-02-16",802,"N20","low","2.0NRT",313.48,4.12,"D"
"26968",25.02114,75.25848,351.6,0.4,0.37,"2026-02-16",802,"N20","nominal","2.0NRT",312.3,3.94,"D"
"26969",25.02051,75.25455,346.48,0.4,0.37,"2026-02-16",802,"N20","nominal","2.0NRT",312.4,4.12,"D"
"26970",25.01987,75.25064,356.68,0.4,0.37,"2026-02-16",802,"N20","low","2.0NRT",313.58,4.12,"D"
"26971",25.02385,75.25391,353.4,0.4,0.37,"2026-02-16",802,"N20","nominal","2.0NRT",312.59,3.94,"D"
"26972",25.02322,75.24998,348.59,0.4,0.37,"2026-02-16",802,"N20","nominal","2.0NRT",312.21,3.94,"D"
"26973",26.69545,90.91559,367,0.7,0.75,"2026-02-16",802,"N20","high","2.0NRT",295.25,13.74,"D"
"26974",26.70238,90.91513,350.05,0.7,0.75,"2026-02-16",802,"N20","nominal","2.0NRT",293.6,13.74,"D"
"26975",26.70203,90.908,335.91,0.7,0.75,"2026-02-16",802,"N20","nominal","2.0NRT",292.96,13.74,"D"
"26976",26.72453,91.08108,335.1,0.71,0.75,"2026-02-16",802,"N20","nominal","2.0NRT",294.13,8.49,"D"
"26977",26.73189,91.088,334.18,0.72,0.75,"2026-02-16",802,"N20","nominal","2.0NRT",291.89,9.47,"D"
"26978",26.73153,91.08064,344.61,0.71,0.75,"2026-02-16",802,"N20","nominal","2.0NRT",292.93,9.47,"D"
"26979",26.28704,84.80406,335.19,0.57,0.52,"2026-02-16",802,"N20","nominal","2.0NRT",298.35,3.58,"D"
"26980",26.73743,90.92007,340.63,0.7,0.75,"2026-02-16",802,"N20","nominal","2.0NRT",295.13,18.02,"D"
"26981",26.74437,90.91964,367,0.7,0.75,"2026-02-16",802,"N20","high","2.0NRT",293.6,18.02,"D"
"26982",26.744,90.91249,353.37,0.7,0.75,"2026-02-16",802,"N20","nominal","2.0NRT",293.89,32.55,"D"
"26983",26.7513,90.9192,332.2,0.7,0.75,"2026-02-16",802,"N20","nominal","2.0NRT",293.51,10.83,"D"
"26984",26.75936,90.94012,340.25,0.7,0.75,"2026-02-16",802,"N20","nominal","2.0NRT",292.73,9.96,"D"
"26985",26.76631,90.93974,329.78,0.7,0.75,"2026-02-16",802,"N20","nominal","2.0NRT",292.85,6.91,"D"
"26986",26.76593,90.93261,337.28,0.7,0.75,"2026-02-16",802,"N20","nominal","2.0NRT",293.87,6.91,"D"
"26987",26.01305,81.63515,333.92,0.55,0.43,"2026-02-16",802,"N20","nominal","2.0NRT",304.98,5.3,"D"
"26988",25.72108,79.32197,336.1,0.43,0.38,"2026-02-16",802,"N20","nominal","2.0NRT",308.1,4.18,"D"
"26989",24.80227,73.07423,333.56,0.48,0.4,"2026-02-16",802,"N20","nominal","2.0NRT",307.14,5.29,"D"
"26990",25.1804,75.11022,335.14,0.4,0.37,"2026-02-16",802,"N20","nominal","2.0NRT",307.31,1.75,"D"
"26991",25.64428,77.64796,337.71,0.39,0.36,"2026-02-16",802,"N20","low","2.0NRT",310.77,5.86,"D"
"26992",25.61072,77.303,333.56,0.39,0.36,"2026-02-16",802,"N20","low","2.0NRT",306.82,2.18,"D"
"26993",26.52828,84.49664,336.5,0.55,0.51,"2026-02-16",802,"N20","nominal","2.0NRT",297.13,4.22,"D"
"26994",26.39961,83.21269,328.71,0.46,0.47,"2026-02-16",802,"N20","low","2.0NRT",299.7,2.26,"D"
"26995",25.21424,74.44358,335.79,0.42,0.38,"2026-02-16",802,"N20","nominal","2.0NRT",306.36,2.87,"D"
"26996",26.09278,79.92594,331.94,0.46,0.39,"2026-02-16",802,"N20","low","2.0NRT",302.77,1.25,"D"
"26997",26.18575,80.62882,335.97,0.49,0.41,"2026-02-16",802,"N20","nominal","2.0NRT",306.36,6.16,"D"
"26998",26.64502,84.40742,332.97,0.55,0.51,"2026-02-16",802,"N20","nominal","2.0NRT",296.81,4.38,"D"
"26999",25.59515,76.06242,335.08,0.39,0.36,"2026-02-16",802,"N20","nominal","2.0NRT",306.6,3.74,"D"
"27000",26.64254,84.4103,332.29,0.55,0.51,"2026-02-16",802,"N20","nominal","2.0NRT",296.41,3.38,"D"
"27001",25.8347,77.09733,340.88,0.39,0.36,"2026-02-16",802,"N20","nominal","2.0NRT",306.41,4.29,"D"
"27002",25.83413,77.09352,338.36,0.39,0.36,"2026-02-16",802,"N20","nominal","2.0NRT",307.27,3.75,"D"
"27003",25.83356,77.0897,333.17,0.39,0.36,"2026-02-16",802,"N20","nominal","2.0NRT",306.98,3.75,"D"
"27004",26.2627,79.93935,335.12,0.46,0.39,"2026-02-16",802,"N20","nominal","2.0NRT",308.45,3.99,"D"
"27005",26.18643,79.18481,333.1,0.43,0.38,"2026-02-16",802,"N20","nominal","2.0NRT",305.89,2.33,"D"
"27006",26.93398,85.74408,333.96,0.33,0.56,"2026-02-16",802,"N20","nominal","2.0NRT",299.46,1.25,"D"
"27007",27.05853,87.1866,336.71,0.41,0.61,"2026-02-16",802,"N20","nominal","2.0NRT",296.54,4.23,"D"
"27008",25.95804,77.19676,350.27,0.39,0.36,"2026-02-16",802,"N20","nominal","2.0NRT",309.26,10.22,"D"
"27009",25.96192,77.2,341.6,0.39,0.36,"2026-02-16",802,"N20","nominal","2.0NRT",307.87,4.48,"D"
"27010",25.96135,77.19617,355.07,0.39,0.36,"2026-02-16",802,"N20","nominal","2.0NRT",313.25,10.22,"D"
"27011",25.96078,77.19234,338.65,0.39,0.36,"2026-02-16",802,"N20","low","2.0NRT",312.86,10.22,"D"
"27012",25.9757,77.20145,333.05,0.39,0.36,"2026-02-16",802,"N20","nominal","2.0NRT",307.39,1.99,"D"
"27013",26.93678,84.1721,331.35,0.53,0.5,"2026-02-16",802,"N20","nominal","2.0NRT",297.51,3.66,"D"
"27014",26.8172,82.99215,328.78,0.45,0.47,"2026-02-16",802,"N20","nominal","2.0NRT",299.8,3.24,"D"
"27015",26.69736,80.65432,330.84,0.5,0.41,"2026-02-16",802,"N20","nominal","2.0NRT",299.9,3.31,"D"
"27016",27.22921,85.47843,326.45,0.32,0.55,"2026-02-16",802,"N20","nominal","2.0NRT",297.67,1.36,"D"
"27017",27.15583,84.32375,331.15,0.55,0.51,"2026-02-16",802,"N20","nominal","2.0NRT",296.96,6.07,"D"
"27018",27.14986,84.16845,327.23,0.54,0.51,"2026-02-16",802,"N20","nominal","2.0NRT",297.64,2.03,"D"
"27019",27.15179,84.14072,332.05,0.54,0.5,"2026-02-16",802,"N20","nominal","2.0NRT",297.75,2.66,"D"
"27020",26.70218,79.94303,333.25,0.47,0.39,"2026-02-16",802,"N20","nominal","2.0NRT",301.4,5.46,"D"
"27021",26.64335,79.48155,330.64,0.45,0.39,"2026-02-16",802,"N20","low","2.0NRT",305.39,3.93,"D"
"27022",26.99372,82.37053,333.35,0.42,0.45,"2026-02-16",802,"N20","nominal","2.0NRT",298.43,2.86,"D"
"27023",27.18077,84.02027,330.89,0.53,0.5,"2026-02-16",802,"N20","nominal","2.0NRT",296.32,4.65,"D"
"27024",27.50294,87.72428,367,0.45,0.63,"2026-02-16",802,"N20","high","2.0NRT",299.32,28.06,"D"
"27025",27.50255,87.71892,333.31,0.45,0.63,"2026-02-16",802,"N20","nominal","2.0NRT",296.06,8.19,"D"
"27026",27.50225,87.71463,326.3,0.45,0.63,"2026-02-16",802,"N20","nominal","2.0NRT",293.66,8.19,"D"
"27027",27.23937,84.28326,326.11,0.55,0.51,"2026-02-16",802,"N20","low","2.0NRT",297.74,1.77,"D"
"27028",27.21404,83.97858,339.11,0.52,0.5,"2026-02-16",802,"N20","nominal","2.0NRT",297.57,10.15,"D"
"27029",26.63534,79.04016,339.78,0.43,0.38,"2026-02-16",802,"N20","nominal","2.0NRT",303.44,3.58,"D"
"27030",27.10329,81.6916,339.73,0.38,0.43,"2026-02-16",805,"N20","nominal","2.0NRT",299.25,5.59,"D"
"27031",24.93433,68.22976,347.48,0.6,0.53,"2026-02-16",805,"N20","nominal","2.0NRT",302.96,12.92,"D"
"27032",27.37144,83.6026,328.01,0.5,0.49,"2026-02-16",805,"N20","nominal","2.0NRT",297.22,4.09,"D"
"27033",27.56066,84.34757,334.9,0.56,0.51,"2026-02-16",805,"N20","nominal","2.0NRT",296.29,3.5,"D"
"27034",26.30095,74.63081,332.45,0.41,0.37,"2026-02-16",805,"N20","nominal","2.0NRT",307.26,2.28,"D"
"27035",27.68885,85.46757,341.35,0.33,0.55,"2026-02-16",805,"N20","nominal","2.0NRT",297.47,1.89,"D"
"27036",27.56472,84.14389,332.05,0.54,0.51,"2026-02-16",805,"N20","nominal","2.0NRT",296.07,18.74,"D"
"27037",27.56417,84.13836,353.22,0.54,0.51,"2026-02-16",805,"N20","nominal","2.0NRT",301.35,18.74,"D"
"27038",27.56363,84.13287,351.52,0.54,0.51,"2026-02-16",805,"N20","nominal","2.0NRT",303.72,25.69,"D"
"27039",26.95485,78.43769,334.13,0.41,0.37,"2026-02-16",805,"N20","low","2.0NRT",307.38,3.79,"D"
"27040",26.95884,78.44125,333.36,0.41,0.37,"2026-02-16",805,"N20","nominal","2.0NRT",301.81,5,"D"
"27041",26.95827,78.4371,330.96,0.41,0.37,"2026-02-16",805,"N20","low","2.0NRT",304.94,3.79,"D"
"27042",25.38375,69.29092,339.98,0.5,0.49,"2026-02-16",805,"N20","nominal","2.0NRT",304,3.74,"D"
"27043",24.95586,67.18539,367,0.35,0.56,"2026-02-16",805,"N20","high","2.0NRT",300.9,14.86,"D"
"27044",25.39433,68.97747,341.19,0.53,0.5,"2026-02-16",805,"N20","nominal","2.0NRT",304.79,7.89,"D"
"27045",25.39549,68.98074,341.52,0.53,0.5,"2026-02-16",805,"N20","nominal","2.0NRT",306.3,5.51,"D"
"27046",25.46585,69.18024,330.31,0.51,0.49,"2026-02-16",805,"N20","low","2.0NRT",300.95,7.48,"D"
"27047",27.44104,81.28071,330.26,0.55,0.43,"2026-02-16",805,"N20","nominal","2.0NRT",296.83,2.7,"D"
"27048",27.53362,82.02128,331.25,0.4,0.45,"2026-02-16",805,"N20","nominal","2.0NRT",297.43,2.58,"D"
"27049",25.49016,69.1165,343.88,0.51,0.5,"2026-02-16",805,"N20","nominal","2.0NRT",307.48,14.78,"D"
"27050",25.46505,68.99541,341.15,0.52,0.5,"2026-02-16",805,"N20","nominal","2.0NRT",304.13,9.09,"D"
"27051",26.53257,74.69171,331.77,0.4,0.37,"2026-02-16",805,"N20","low","2.0NRT",305.12,3.63,"D"
"27052",25.51419,69.14194,336.86,0.51,0.49,"2026-02-16",805,"N20","nominal","2.0NRT",302.16,2.77,"D"
"27053",27.63746,82.49827,354.11,0.43,0.46,"2026-02-16",805,"N20","nominal","2.0NRT",298.84,15.62,"D"
"27054",27.63744,82.49918,339.88,0.43,0.46,"2026-02-16",805,"N20","nominal","2.0NRT",296.92,17.23,"D"
"27055",26.55103,74.23141,337.56,0.41,0.37,"2026-02-16",805,"N20","nominal","2.0NRT",307.11,1.2,"D"
"27056",25.4482,68.44016,332.54,0.57,0.52,"2026-02-16",805,"N20","nominal","2.0NRT",301.59,3.4,"D"
"27057",27.89163,84.26646,338.58,0.56,0.51,"2026-02-16",805,"N20","nominal","2.0NRT",296.32,8.15,"D"
"27058",25.72173,69.37743,331.92,0.49,0.49,"2026-02-16",805,"N20","nominal","2.0NRT",301.73,3,"D"
"27059",27.09053,77.02782,335.55,0.39,0.36,"2026-02-16",805,"N20","low","2.0NRT",310.49,8.51,"D"
"27060",27.62687,81.03065,333.65,0.54,0.42,"2026-02-16",805,"N20","nominal","2.0NRT",300.8,6.42,"D"
"27061",27.65209,81.21217,330.85,0.55,0.43,"2026-02-16",805,"N20","nominal","2.0NRT",297.71,3.55,"D"
"27062",26.69633,74.44714,336.6,0.41,0.37,"2026-02-16",805,"N20","nominal","2.0NRT",309.67,13.46,"D"
"27063",26.69565,74.44309,336.05,0.41,0.37,"2026-02-16",805,"N20","nominal","2.0NRT",308.95,13.46,"D"
"27064",26.6997,74.44644,336.65,0.41,0.37,"2026-02-16",805,"N20","nominal","2.0NRT",310.22,13.46,"D"
"27065",26.69902,74.4424,305.34,0.41,0.37,"2026-02-16",805,"N20","low","2.0NRT",313.01,13.46,"D"
"27066",25.5845,68.4958,343.18,0.56,0.51,"2026-02-16",805,"N20","nominal","2.0NRT",302.04,5.39,"D"
"27067",25.62235,68.56005,340.77,0.55,0.51,"2026-02-16",805,"N20","nominal","2.0NRT",301.24,10.06,"D"
"27068",25.62123,68.55467,337.75,0.55,0.51,"2026-02-16",805,"N20","nominal","2.0NRT",302.13,10.06,"D"
"27069",27.68727,81.1731,331.44,0.55,0.43,"2026-02-16",805,"N20","nominal","2.0NRT",298.01,3.64,"D"
"27070",25.62442,68.55716,332.88,0.55,0.51,"2026-02-16",805,"N20","nominal","2.0NRT",300.21,3.01,"D"
"27071",26.53637,73.07212,335.99,0.45,0.39,"2026-02-16",805,"N20","low","2.0NRT",310.47,6.22,"D"
"27072",25.84281,68.86236,334.39,0.52,0.5,"2026-02-16",805,"N20","nominal","2.0NRT",303.62,3.53,"D"
"27073",27.76166,80.17401,329.68,0.49,0.4,"2026-02-16",805,"N20","nominal","2.0NRT",299.43,1.38,"D"
"27074",27.16471,75.85625,340.3,0.38,0.36,"2026-02-16",805,"N20","nominal","2.0NRT",307.14,4.19,"D"
"27075",27.90177,81.00195,329.09,0.54,0.42,"2026-02-16",805,"N20","nominal","2.0NRT",298.01,2.38,"D"
"27076",27.90236,80.99946,331.16,0.54,0.42,"2026-02-16",805,"N20","nominal","2.0NRT",298.84,3.25,"D"
"27077",28.0336,81.10245,327.07,0.55,0.43,"2026-02-16",805,"N20","nominal","2.0NRT",298.9,2.55,"D"
"27078",25.63562,66.9571,335.43,0.35,0.56,"2026-02-16",805,"N20","nominal","2.0NRT",301.22,4.86,"D"
"27079",27.99928,80.22897,331.76,0.5,0.41,"2026-02-16",805,"N20","nominal","2.0NRT",299.89,11.46,"D"
"27080",27.42824,76.00005,335.89,0.38,0.36,"2026-02-16",805,"N20","nominal","2.0NRT",308.4,3.12,"D"
"27081",28.06489,80.51351,328.59,0.51,0.41,"2026-02-16",805,"N20","nominal","2.0NRT",299.4,1.18,"D"
"27082",28.10097,80.78872,341.55,0.53,0.42,"2026-02-16",805,"N20","nominal","2.0NRT",300.52,9.1,"D"
"27083",28.16823,81.1664,335.5,0.56,0.43,"2026-02-16",805,"N20","nominal","2.0NRT",298.06,6.45,"D"
"27084",28.073,80.13811,339.39,0.49,0.4,"2026-02-16",805,"N20","nominal","2.0NRT",299.27,3.78,"D"
"27085",28.07672,80.13754,328.81,0.49,0.4,"2026-02-16",805,"N20","nominal","2.0NRT",300.41,2.77,"D"
"27086",26.27932,69.0181,340.02,0.5,0.49,"2026-02-16",805,"N20","nominal","2.0NRT",301.27,3.72,"D"
"27087",28.22463,80.69186,328.96,0.53,0.42,"2026-02-16",805,"N20","nominal","2.0NRT",299.4,3.05,"D"
"27088",27.46285,74.8584,340.27,0.39,0.37,"2026-02-16",805,"N20","nominal","2.0NRT",309.02,1.33,"D"
"27089",28.39017,81.22809,331.32,0.56,0.43,"2026-02-16",805,"N20","nominal","2.0NRT",296.23,7.44,"D"
"27090",28.428,81.52853,325.4,0.39,0.44,"2026-02-16",805,"N20","nominal","2.0NRT",297.04,2.12,"D"
"27091",27.98175,77.68134,331.03,0.4,0.37,"2026-02-16",805,"N20","nominal","2.0NRT",298.78,1.35,"D"
"27092",28.42542,80.9813,330.22,0.55,0.42,"2026-02-16",805,"N20","nominal","2.0NRT",295.15,3.11,"D"
"27093",28.42567,80.9795,329.77,0.55,0.42,"2026-02-16",805,"N20","nominal","2.0NRT",294.84,2.73,"D"
"27094",28.47858,81.23716,328.12,0.56,0.43,"2026-02-16",805,"N20","nominal","2.0NRT",297.52,2.64,"D"
"27095",28.48254,81.23659,340.36,0.56,0.43,"2026-02-16",805,"N20","nominal","2.0NRT",296.83,5.78,"D"
"27096",26.52334,68.92142,341.07,0.5,0.49,"2026-02-16",805,"N20","nominal","2.0NRT",307.17,11.99,"D"
"27097",27.63991,74.83884,349.03,0.39,0.36,"2026-02-16",805,"N20","nominal","2.0NRT",315.83,10.06,"D"
"27098",27.64324,74.83815,340.51,0.39,0.36,"2026-02-16",805,"N20","nominal","2.0NRT",308.75,10.06,"D"
"27099",26.38784,67.88997,339.33,0.58,0.52,"2026-02-16",805,"N20","nominal","2.0NRT",306.12,2.8,"D"
"27100",28.24555,78.35114,334.81,0.42,0.38,"2026-02-16",805,"N20","nominal","2.0NRT",303.02,5.49,"D"
"27101",28.47252,80.00373,345.09,0.49,0.4,"2026-02-16",805,"N20","nominal","2.0NRT",296.25,6.78,"D"
"27102",28.47623,80.00317,331.06,0.49,0.4,"2026-02-16",805,"N20","nominal","2.0NRT",297.35,3.81,"D"
"27103",26.47176,68.09383,332.12,0.57,0.52,"2026-02-16",805,"N20","nominal","2.0NRT",301.15,6.64,"D"
"27104",26.47641,68.09261,343.34,0.57,0.52,"2026-02-16",805,"N20","nominal","2.0NRT",302.13,6.64,"D"
"27105",28.5326,80.09167,331.32,0.49,0.41,"2026-02-16",805,"N20","nominal","2.0NRT",298.25,3.42,"D"
"27106",28.53391,80.08921,333.97,0.49,0.41,"2026-02-16",805,"N20","nominal","2.0NRT",297.6,6.57,"D"
"27107",28.29953,78.23444,331.08,0.42,0.37,"2026-02-16",805,"N20","nominal","2.0NRT",299.26,2.3,"D"
"27108",26.5479,68.11898,342.1,0.56,0.52,"2026-02-16",805,"N20","nominal","2.0NRT",303.41,9.12,"D"
"27109",27.9434,75.46151,335.31,0.39,0.36,"2026-02-16",805,"N20","nominal","2.0NRT",307.45,7.26,"D"
"27110",26.78506,68.96788,337.95,0.49,0.49,"2026-02-16",805,"N20","nominal","2.0NRT",305.29,2.41,"D"
"27111",26.56772,67.93689,339.78,0.58,0.52,"2026-02-16",805,"N20","nominal","2.0NRT",299.96,6.38,"D"
"27112",28.44647,78.67213,335.47,0.43,0.38,"2026-02-16",805,"N20","nominal","2.0NRT",299.94,3.58,"D"
"27113",27.78459,74.17931,337.74,0.41,0.37,"2026-02-16",805,"N20","low","2.0NRT",312.08,2,"D"
"27114",28.39665,78.20034,331.3,0.42,0.37,"2026-02-16",805,"N20","nominal","2.0NRT",298.57,1.59,"D"
"27115",28.14498,76.40116,335.09,0.39,0.36,"2026-02-16",805,"N20","nominal","2.0NRT",306.49,2.17,"D"
"27116",28.69029,80.30798,329.74,0.51,0.41,"2026-02-16",805,"N20","nominal","2.0NRT",296.85,4.57,"D"
"27117",28.59365,79.30522,335.86,0.46,0.39,"2026-02-16",805,"N20","nominal","2.0NRT",299.44,3.87,"D"
"27118",28.54129,78.8979,331.27,0.44,0.38,"2026-02-16",805,"N20","nominal","2.0NRT",300.51,3.23,"D"
"27119",28.66145,79.81735,330.5,0.48,0.4,"2026-02-16",805,"N20","nominal","2.0NRT",298.06,2.14,"D"
"27120",28.14809,76.061,336,0.38,0.36,"2026-02-16",805,"N20","nominal","2.0NRT",309.55,4,"D"
"27121",28.58587,78.85384,329.81,0.44,0.38,"2026-02-16",805,"N20","nominal","2.0NRT",298.84,2.56,"D"
"27122",28.76556,80.17009,334.69,0.5,0.41,"2026-02-16",805,"N20","nominal","2.0NRT",297.19,2.54,"D"
"27123",27.93347,74.35836,342.68,0.4,0.37,"2026-02-16",805,"N20","nominal","2.0NRT",313.1,3.11,"D"
"27124",27.93522,74.35821,341.18,0.4,0.37,"2026-02-16",805,"N20","nominal","2.0NRT",313.92,3.14,"D"
"27125",28.76668,80.17211,331.29,0.5,0.41,"2026-02-16",805,"N20","nominal","2.0NRT",297.28,4.33,"D"
"27126",27.95196,74.3129,340.11,0.4,0.37,"2026-02-16",805,"N20","low","2.0NRT",312.82,1.05,"D"
"27127",28.7455,79.77577,331.58,0.48,0.4,"2026-02-16",805,"N20","nominal","2.0NRT",296.9,4.67,"D"
"27128",28.51175,77.91921,331.23,0.41,0.37,"2026-02-16",805,"N20","nominal","2.0NRT",299.34,2.33,"D"
"27129",28.8136,80.11785,333.83,0.5,0.41,"2026-02-16",805,"N20","nominal","2.0NRT",296.51,3.27,"D"
"27130",28.81056,79.51962,334.32,0.47,0.4,"2026-02-16",805,"N20","nominal","2.0NRT",297.12,4.16,"D"
"27131",28.06206,74.27765,342.78,0.4,0.37,"2026-02-16",805,"N20","nominal","2.0NRT",307.96,2.16,"D"
"27132",28.06139,74.2736,354.14,0.4,0.37,"2026-02-16",805,"N20","nominal","2.0NRT",311.52,2.16,"D"
"27133",28.48526,76.56589,331.53,0.39,0.36,"2026-02-16",805,"N20","nominal","2.0NRT",297.35,3.08,"D"
"27134",29.19385,81.29166,329.4,0.39,0.44,"2026-02-16",805,"N20","low","2.0NRT",301.19,4.28,"D"
"27135",26.98442,67.76299,341.35,0.58,0.52,"2026-02-16",805,"N20","nominal","2.0NRT",301.4,5.97,"D"
"27136",29.2417,81.45744,337.98,0.4,0.44,"2026-02-16",805,"N20","nominal","2.0NRT",295.02,5.78,"D"
"27137",28.25798,73.33288,346.04,0.43,0.38,"2026-02-16",805,"N20","nominal","2.0NRT",312.54,2.73,"D"
"27138",28.25725,73.3286,341.3,0.43,0.38,"2026-02-16",805,"N20","nominal","2.0NRT",314.32,2.73,"D"
"27139",28.1945,72.96741,339.2,0.44,0.38,"2026-02-16",805,"N20","low","2.0NRT",312.35,3.27,"D"
"27140",28.26585,73.35783,339.01,0.43,0.38,"2026-02-16",805,"N20","low","2.0NRT",313.05,5.68,"D"
"27141",28.26142,73.33213,343.69,0.43,0.38,"2026-02-16",805,"N20","nominal","2.0NRT",312.52,3.38,"D"
"27142",28.26068,73.32784,349.77,0.43,0.38,"2026-02-16",805,"N20","nominal","2.0NRT",313.52,3.38,"D"
"27143",28.26707,73.34423,337.83,0.43,0.38,"2026-02-16",805,"N20","low","2.0NRT",312.76,3.11,"D"
"27144",28.2656,73.33566,340.95,0.43,0.38,"2026-02-16",805,"N20","low","2.0NRT",313.96,4.77,"D"
"27145",28.26486,73.33137,338.1,0.43,0.38,"2026-02-16",805,"N20","low","2.0NRT",311.73,3.38,"D"
"27146",28.26634,73.33995,355.91,0.43,0.38,"2026-02-16",805,"N20","low","2.0NRT",312.17,4.77,"D"
"27147",28.26412,73.32708,355.93,0.43,0.38,"2026-02-16",805,"N20","low","2.0NRT",313.08,3.38,"D"
"27148",28.27198,73.35204,341.1,0.43,0.38,"2026-02-16",805,"N20","low","2.0NRT",312.08,3.74,"D"
"27149",28.27124,73.34776,348.09,0.43,0.38,"2026-02-16",805,"N20","nominal","2.0NRT",311.17,1.88,"D"
"27150",28.27051,73.34348,337.26,0.43,0.38,"2026-02-16",805,"N20","low","2.0NRT",311.05,1.88,"D"
"27151",28.26904,73.33491,347.89,0.43,0.38,"2026-02-16",805,"N20","nominal","2.0NRT",312.58,4.47,"D"
"27152",28.2683,73.33061,344.87,0.43,0.38,"2026-02-16",805,"N20","nominal","2.0NRT",311.96,4.39,"D"
"27153",28.26756,73.32633,352.09,0.43,0.38,"2026-02-16",805,"N20","nominal","2.0NRT",313.75,4.39,"D"
"27154",28.26977,73.3392,356.27,0.43,0.38,"2026-02-16",805,"N20","low","2.0NRT",312.31,4.47,"D"
"27155",28.27468,73.347,337.19,0.43,0.38,"2026-02-16",805,"N20","low","2.0NRT",311.99,1.88,"D"
"27156",28.27394,73.3427,343.08,0.43,0.38,"2026-02-16",805,"N20","nominal","2.0NRT",312.45,1.88,"D"
"27157",28.27247,73.33415,340.83,0.43,0.38,"2026-02-16",805,"N20","low","2.0NRT",311.16,4.47,"D"
"27158",28.27321,73.33843,356.31,0.43,0.38,"2026-02-16",805,"N20","low","2.0NRT",311.96,4.47,"D"
"27159",28.27174,73.32986,356.31,0.43,0.38,"2026-02-16",805,"N20","low","2.0NRT",311.99,4.39,"D"
"27160",28.271,73.32557,356.27,0.43,0.38,"2026-02-16",805,"N20","low","2.0NRT",312.63,4.39,"D"
"27161",28.27738,73.34195,346,0.43,0.38,"2026-02-16",805,"N20","nominal","2.0NRT",310.96,2.16,"D"
"27162",28.27665,73.33768,343.47,0.43,0.38,"2026-02-16",805,"N20","nominal","2.0NRT",312.08,2.81,"D"
"27163",28.27591,73.33338,348.49,0.43,0.38,"2026-02-16",805,"N20","nominal","2.0NRT",313.48,2.81,"D"
"27164",28.27518,73.32909,346.75,0.43,0.38,"2026-02-16",805,"N20","nominal","2.0NRT",312.12,1.97,"D"
"27165",28.27444,73.32481,337.77,0.43,0.38,"2026-02-16",805,"N20","low","2.0NRT",312.15,1.97,"D"
"27166",28.28155,73.34547,339.87,0.43,0.38,"2026-02-16",805,"N20","nominal","2.0NRT",312.26,2.16,"D"
"27167",28.28082,73.34119,350.89,0.43,0.38,"2026-02-16",805,"N20","nominal","2.0NRT",311.49,2.16,"D"
"27168",28.26159,73.22929,336.66,0.43,0.38,"2026-02-16",805,"N20","low","2.0NRT",310.89,1.23,"D"
"27169",28.28499,73.34472,339.21,0.43,0.38,"2026-02-16",805,"N20","low","2.0NRT",313.63,6.07,"D"
"27170",28.28352,73.33616,346.9,0.43,0.38,"2026-02-16",805,"N20","nominal","2.0NRT",311.13,2.37,"D"
"27171",28.28279,73.33188,343.44,0.43,0.38,"2026-02-16",805,"N20","nominal","2.0NRT",311.52,2.37,"D"
"27172",28.26281,73.21555,337.89,0.43,0.38,"2026-02-16",805,"N20","low","2.0NRT",312.85,2.15,"D"
"27173",28.29968,73.36816,339.48,0.42,0.38,"2026-02-16",805,"N20","low","2.0NRT",311.09,2.35,"D"
"27174",29.0106,77.6594,333.27,0.41,0.37,"2026-02-16",805,"N20","nominal","2.0NRT",303.25,2.62,"D"
"27175",28.35271,73.41437,340.23,0.42,0.38,"2026-02-16",805,"N20","low","2.0NRT",310.67,2.18,"D"
"27176",27.41375,68.52271,330.06,0.51,0.49,"2026-02-16",805,"N20","nominal","2.0NRT",300.99,3.05,"D"
"27177",28.35663,73.39584,337.13,0.42,0.38,"2026-02-16",805,"N20","low","2.0NRT",310.69,2.38,"D"
"27178",27.6637,69.70305,338.56,0.43,0.46,"2026-02-16",805,"N20","nominal","2.0NRT",310.88,2.77,"D"
"27179",28.35859,73.38654,340.4,0.42,0.38,"2026-02-16",805,"N20","low","2.0NRT",310.66,3.36,"D"
"27180",27.60242,69.35961,343.73,0.45,0.47,"2026-02-16",805,"N20","nominal","2.0NRT",309.68,4.05,"D"
"27181",29.63036,82.26411,342.8,0.44,0.46,"2026-02-16",805,"N20","nominal","2.0NRT",304.7,13.55,"D"
"27182",27.45962,68.35992,338.39,0.52,0.5,"2026-02-16",805,"N20","nominal","2.0NRT",302.13,9.71,"D"
"27183",29.13872,78.03319,331.56,0.42,0.37,"2026-02-16",805,"N20","nominal","2.0NRT",297.87,2.46,"D"
"27184",29.13842,78.03448,330.84,0.42,0.37,"2026-02-16",805,"N20","nominal","2.0NRT",298.04,2.49,"D"
"27185",29.28189,79.08964,334.82,0.46,0.39,"2026-02-16",805,"N20","nominal","2.0NRT",298.38,3.07,"D"
"27186",27.46128,68.36307,339.94,0.52,0.5,"2026-02-16",805,"N20","nominal","2.0NRT",303.43,7.99,"D"
"27187",29.51595,80.73283,326.78,0.55,0.42,"2026-02-16",805,"N20","low","2.0NRT",298.48,4.52,"D"
"27188",29.23807,77.61188,343.27,0.41,0.37,"2026-02-16",805,"N20","nominal","2.0NRT",299.83,5.04,"D"
"27189",29.34014,78.234,328.43,0.42,0.38,"2026-02-16",805,"N20","nominal","2.0NRT",299.12,2.06,"D"
"27190",27.83153,69.27569,344.02,0.45,0.47,"2026-02-16",805,"N20","nominal","2.0NRT",300.98,5.01,"D"
"27191",29.56514,79.67274,327.4,0.49,0.4,"2026-02-16",805,"N20","nominal","2.0NRT",298.54,2.45,"D"
"27192",29.32275,77.74362,331.83,0.41,0.37,"2026-02-16",805,"N20","nominal","2.0NRT",301.24,2.14,"D"
"27193",28.64851,73.22847,337.83,0.43,0.38,"2026-02-16",805,"N20","low","2.0NRT",311.25,1.72,"D"
"27194",29.2823,77.24976,337.91,0.4,0.37,"2026-02-16",805,"N20","nominal","2.0NRT",300.05,2.38,"D"
"27195",28.6524,73.20975,338.52,0.43,0.38,"2026-02-16",805,"N20","low","2.0NRT",311.01,2.34,"D"
"27196",28.65166,73.20545,340.12,0.43,0.38,"2026-02-16",805,"N20","low","2.0NRT",311.07,0.88,"D"
"27197",28.6551,73.20467,340.69,0.43,0.38,"2026-02-16",805,"N20","low","2.0NRT",312.88,1.76,"D"
"27198",29.59058,79.39189,329.66,0.47,0.4,"2026-02-16",805,"N20","nominal","2.0NRT",297.6,3.33,"D"
"27199",29.65064,79.60462,334.55,0.48,0.4,"2026-02-16",805,"N20","nominal","2.0NRT",298.51,4.73,"D"
"27200",29.32906,77.19094,329.02,0.4,0.37,"2026-02-16",805,"N20","nominal","2.0NRT",297.09,1.1,"D"
"27201",29.33067,77.17809,329,0.4,0.37,"2026-02-16",805,"N20","nominal","2.0NRT",297.11,1.5,"D"
"27202",29.19944,76.22975,331.62,0.39,0.36,"2026-02-16",805,"N20","nominal","2.0NRT",297.48,1.9,"D"
"27203",29.43145,77.82381,341.05,0.41,0.37,"2026-02-16",805,"N20","nominal","2.0NRT",299.43,10.52,"D"
"27204",29.46063,78.01094,337.84,0.42,0.38,"2026-02-16",805,"N20","nominal","2.0NRT",300.53,2.82,"D"
"27205",29.46333,78.01136,331.29,0.42,0.38,"2026-02-16",805,"N20","nominal","2.0NRT",299.17,2.37,"D"
"27206",27.99199,69.28954,343.68,0.45,0.47,"2026-02-16",805,"N20","nominal","2.0NRT",304.88,10.75,"D"
"27207",28.01798,69.32966,340.07,0.45,0.47,"2026-02-16",805,"N20","nominal","2.0NRT",301.56,5.39,"D"
"27208",29.15868,75.64413,328.53,0.38,0.36,"2026-02-16",805,"N20","nominal","2.0NRT",299.14,1.29,"D"
"27209",29.28102,76.43771,332.11,0.39,0.36,"2026-02-16",805,"N20","nominal","2.0NRT",299.51,2.66,"D"
"27210",28.03495,69.28313,343.29,0.45,0.47,"2026-02-16",805,"N20","nominal","2.0NRT",302.8,6.22,"D"
"27211",29.5246,77.99622,330.2,0.42,0.38,"2026-02-16",805,"N20","nominal","2.0NRT",301.92,1.7,"D"
"27212",29.76675,79.85717,326.1,0.5,0.41,"2026-02-16",805,"N20","low","2.0NRT",296.16,2.49,"D"
"27213",28.1289,69.63885,330.19,0.43,0.46,"2026-02-16",805,"N20","nominal","2.0NRT",303.23,1.26,"D"
"27214",28.05274,69.17449,340.63,0.45,0.47,"2026-02-16",805,"N20","nominal","2.0NRT",302.15,12.35,"D"
"27215",28.05182,69.16996,333.75,0.45,0.47,"2026-02-16",805,"N20","nominal","2.0NRT",308.23,12.35,"D"
"27216",28.09282,69.3289,331.43,0.44,0.46,"2026-02-16",805,"N20","nominal","2.0NRT",298.81,1.66,"D"
"27217",29.61439,78.42811,329.75,0.43,0.38,"2026-02-16",805,"N20","low","2.0NRT",302.05,3.28,"D"
"27218",28.20074,69.82754,330.95,0.41,0.45,"2026-02-16",805,"N20","nominal","2.0NRT",303.27,2.27,"D"
"27219",29.9031,80.63522,328.51,0.55,0.42,"2026-02-16",805,"N20","nominal","2.0NRT",296.98,5.04,"D"
"27220",29.90251,80.62988,328.26,0.55,0.42,"2026-02-16",805,"N20","low","2.0NRT",300.6,5.34,"D"
"27221",29.9069,80.63381,338.52,0.55,0.42,"2026-02-16",805,"N20","nominal","2.0NRT",293,5.04,"D"
"27222",29.90631,80.62849,331.05,0.55,0.42,"2026-02-16",805,"N20","nominal","2.0NRT",297.1,5.34,"D"
"27223",29.60077,78.04531,341.17,0.42,0.38,"2026-02-16",805,"N20","nominal","2.0NRT",304.09,8.05,"D"
"27224",28.32648,70.31278,335.9,0.39,0.44,"2026-02-16",805,"N20","nominal","2.0NRT",297.97,4.22,"D"
"27225",29.57069,77.71797,330.46,0.41,0.37,"2026-02-16",805,"N20","nominal","2.0NRT",299.01,1.42,"D"
"27226",28.16184,69.40897,343.82,0.44,0.46,"2026-02-16",805,"N20","nominal","2.0NRT",305.07,4.66,"D"
"27227",28.16095,69.40461,340.23,0.44,0.46,"2026-02-16",805,"N20","nominal","2.0NRT",303.41,4.66,"D"
"27228",27.94516,68.32579,336.91,0.51,0.49,"2026-02-16",805,"N20","nominal","2.0NRT",299.94,11.39,"D"
"27229",28.26976,69.87941,349.87,0.41,0.45,"2026-02-16",805,"N20","nominal","2.0NRT",305.44,8.02,"D"
"27230",28.28437,69.9315,335.8,0.41,0.45,"2026-02-16",805,"N20","nominal","2.0NRT",303.25,3.4,"D"
"27231",28.27699,69.85169,341.55,0.41,0.45,"2026-02-16",805,"N20","nominal","2.0NRT",306.1,7.95,"D"
"27232",28.24438,69.64529,334.79,0.42,0.45,"2026-02-16",805,"N20","nominal","2.0NRT",300.72,5,"D"
"27233",29.81741,79.21434,336.33,0.47,0.39,"2026-02-16",805,"N20","nominal","2.0NRT",303.69,3.78,"D"
"27234",29.62053,77.67448,335.96,0.41,0.37,"2026-02-16",805,"N20","nominal","2.0NRT",301.82,4.2,"D"
"27235",28.28718,69.68745,345.06,0.42,0.45,"2026-02-16",805,"N20","nominal","2.0NRT",305.68,10.21,"D"
"27236",28.28949,69.68772,340.2,0.42,0.45,"2026-02-16",805,"N20","nominal","2.0NRT",302.94,5.64,"D"
"27237",28.28863,69.68353,330.75,0.42,0.45,"2026-02-16",805,"N20","nominal","2.0NRT",299.56,3.57,"D"
"27238",28.40657,69.95217,335.71,0.4,0.45,"2026-02-16",805,"N20","nominal","2.0NRT",301.6,2.6,"D"
"27239",29.57057,76.74809,330.65,0.39,0.36,"2026-02-16",805,"N20","nominal","2.0NRT",297.84,4.25,"D"
"27240",30.08562,80.63447,338.25,0.55,0.43,"2026-02-16",805,"N20","nominal","2.0NRT",307.53,6.18,"D"
"27241",28.38784,69.77206,346.6,0.41,0.45,"2026-02-16",805,"N20","nominal","2.0NRT",298.65,5.53,"D"
"27242",30.09059,80.64326,353.84,0.55,0.43,"2026-02-16",805,"N20","nominal","2.0NRT",304.5,12.13,"D"
"27243",30.09437,80.64173,344.06,0.55,0.43,"2026-02-16",805,"N20","nominal","2.0NRT",307.21,12.13,"D"
"27244",30.09865,80.64465,346,0.55,0.43,"2026-02-16",805,"N20","nominal","2.0NRT",298.82,11.11,"D"
"27245",29.98631,79.67342,329.18,0.49,0.4,"2026-02-16",805,"N20","nominal","2.0NRT",300,3.62,"D"
"27246",29.79987,78.10188,329.01,0.42,0.38,"2026-02-16",805,"N20","nominal","2.0NRT",299.51,2.23,"D"
"27247",29.95656,79.22182,335.78,0.47,0.4,"2026-02-16",805,"N20","nominal","2.0NRT",297.99,4.6,"D"
"27248",29.99673,79.36806,329.6,0.48,0.4,"2026-02-16",805,"N20","nominal","2.0NRT",295.19,4.56,"D"
"27249",28.62294,70.64307,341.69,0.55,0.43,"2026-02-16",805,"N20","nominal","2.0NRT",303.7,9.59,"D"
"27250",28.46611,69.82693,339.77,0.41,0.45,"2026-02-16",805,"N20","nominal","2.0NRT",299.19,4.18,"D"
"27251",28.4644,69.79718,333.98,0.41,0.45,"2026-02-16",805,"N20","nominal","2.0NRT",304.8,2.17,"D"
"27252",28.15329,68.27042,331.72,0.51,0.49,"2026-02-16",805,"N20","nominal","2.0NRT",299.33,2.77,"D"
"27253",29.77289,77.51103,332.2,0.41,0.37,"2026-02-16",805,"N20","nominal","2.0NRT",298.67,3.04,"D"
"27254",28.52561,70.04103,341.93,0.4,0.44,"2026-02-16",805,"N20","nominal","2.0NRT",307.25,13.53,"D"
"27255",29.79787,77.54095,333.65,0.41,0.37,"2026-02-16",805,"N20","nominal","2.0NRT",301.86,3.76,"D"
"27256",28.5518,70.06778,343.65,0.4,0.44,"2026-02-16",805,"N20","nominal","2.0NRT",302.29,4.6,"D"
"27257",28.60048,70.11811,341.74,0.39,0.44,"2026-02-16",805,"N20","nominal","2.0NRT",309.19,20.47,"D"
"27258",30.09615,79.45331,334.11,0.48,0.4,"2026-02-16",805,"N20","nominal","2.0NRT",299.49,6.49,"D"
"27259",30.02422,78.86878,337.8,0.45,0.39,"2026-02-16",805,"N20","nominal","2.0NRT",297.82,3.75,"D"
"27260",30.10023,79.45611,329.53,0.48,0.4,"2026-02-16",805,"N20","nominal","2.0NRT",297.53,7.81,"D"
"27261",30.09971,79.4518,339.63,0.48,0.4,"2026-02-16",805,"N20","nominal","2.0NRT",301.5,6.49,"D"
"27262",30.09919,79.44749,342.99,0.48,0.4,"2026-02-16",805,"N20","nominal","2.0NRT",299.71,6.49,"D"
"27263",30.10717,79.48252,326.45,0.48,0.4,"2026-02-16",805,"N20","low","2.0NRT",297.89,3.98,"D"
"27264",28.68888,70.41888,333.51,0.57,0.43,"2026-02-16",805,"N20","nominal","2.0NRT",302.06,7.1,"D"
"27265",29.89988,77.59682,327.27,0.41,0.37,"2026-02-16",805,"N20","nominal","2.0NRT",300.69,1.68,"D"
"27266",29.82743,77.05139,342.13,0.4,0.37,"2026-02-16",805,"N20","nominal","2.0NRT",307.46,13.31,"D"
"27267",29.87146,77.24181,331.08,0.4,0.37,"2026-02-16",805,"N20","nominal","2.0NRT",297.65,2.16,"D"
"27268",28.82471,70.83156,334.34,0.54,0.42,"2026-02-16",805,"N20","nominal","2.0NRT",301.81,5.11,"D"
"27269",29.43275,74.19012,336.65,0.4,0.37,"2026-02-16",805,"N20","nominal","2.0NRT",302.4,3.04,"D"
"27270",28.80768,70.63571,332.74,0.55,0.43,"2026-02-16",805,"N20","nominal","2.0NRT",304.54,19.92,"D"
"27271",28.80837,70.63384,337.04,0.55,0.43,"2026-02-16",805,"N20","nominal","2.0NRT",303.08,18.18,"D"
"27272",29.35659,73.51335,339.53,0.41,0.37,"2026-02-16",805,"N20","nominal","2.0NRT",307.7,2.77,"D"
"27273",29.35517,73.50499,339.34,0.41,0.37,"2026-02-16",805,"N20","nominal","2.0NRT",305.27,3.29,"D"
"27274",29.35446,73.50079,338.7,0.41,0.37,"2026-02-16",805,"N20","nominal","2.0NRT",307.5,3.29,"D"
"27275",29.36565,73.54609,349.84,0.41,0.37,"2026-02-16",805,"N20","nominal","2.0NRT",307.2,8.26,"D"
"27276",29.36423,73.53772,330.82,0.41,0.37,"2026-02-16",805,"N20","low","2.0NRT",305.23,2.4,"D"
"27277",29.36211,73.52517,345.24,0.41,0.37,"2026-02-16",805,"N20","nominal","2.0NRT",307.73,5.4,"D"
"27278",29.36069,73.51679,346.95,0.41,0.37,"2026-02-16",805,"N20","nominal","2.0NRT",307.21,6.69,"D"
"27279",29.35997,73.51261,339.47,0.41,0.37,"2026-02-16",805,"N20","nominal","2.0NRT",308.43,2.77,"D"
"27280",29.35855,73.50423,350.55,0.41,0.37,"2026-02-16",805,"N20","nominal","2.0NRT",306.8,3.29,"D"
"27281",29.36194,73.50349,341.24,0.41,0.37,"2026-02-16",805,"N20","nominal","2.0NRT",308.32,3.96,"D"
"27282",30.21137,79.0618,335.26,0.46,0.39,"2026-02-16",805,"N20","nominal","2.0NRT",296.63,4.73,"D"
"27283",29.10155,71.55233,331.25,0.49,0.4,"2026-02-16",805,"N20","nominal","2.0NRT",298.44,2.61,"D"
"27284",28.99556,70.74467,337.85,0.54,0.42,"2026-02-16",805,"N20","nominal","2.0NRT",300.21,4.05,"D"
"27285",30.28845,78.73326,328.69,0.45,0.39,"2026-02-16",805,"N20","low","2.0NRT",299.6,2.47,"D"
"27286",29.02617,70.70684,331.7,0.54,0.42,"2026-02-16",805,"N20","nominal","2.0NRT",298.71,2.57,"D"
"27287",30.36062,78.9701,331.22,0.46,0.39,"2026-02-16",805,"N20","nominal","2.0NRT",297.36,2.97,"D"
"27288",29.15067,71.06599,334.59,0.52,0.41,"2026-02-16",805,"N20","nominal","2.0NRT",302.72,4.6,"D"
"27289",29.10107,70.72236,332.28,0.54,0.42,"2026-02-16",805,"N20","nominal","2.0NRT",299.46,3.43,"D"
"27290",30.34491,78.44576,335.86,0.44,0.38,"2026-02-16",805,"N20","nominal","2.0NRT",305.35,4.95,"D"
"27291",29.08628,70.41373,332.53,0.56,0.43,"2026-02-16",805,"N20","nominal","2.0NRT",300.14,2.86,"D"
"27292",30.27698,77.67106,332.21,0.41,0.37,"2026-02-16",805,"N20","nominal","2.0NRT",301.07,2.14,"D"
"27293",30.18516,77.01205,341.85,0.4,0.37,"2026-02-16",805,"N20","nominal","2.0NRT",307.25,12.55,"D"
"27294",30.37222,78.35309,328.67,0.44,0.38,"2026-02-16",805,"N20","nominal","2.0NRT",300.5,2.34,"D"
"27295",30.16363,76.79782,329.23,0.4,0.37,"2026-02-16",805,"N20","nominal","2.0NRT",300.26,0.89,"D"
"27296",29.18074,70.83548,336.29,0.53,0.42,"2026-02-16",805,"N20","nominal","2.0NRT",296.66,5.36,"D"
"27297",29.29599,71.31757,336.24,0.5,0.41,"2026-02-16",805,"N20","nominal","2.0NRT",305.56,42.28,"D"
"27298",29.3551,71.38733,330.94,0.49,0.41,"2026-02-16",805,"N20","nominal","2.0NRT",303.87,2.81,"D"
"27299",30.54469,78.96336,326.58,0.46,0.39,"2026-02-16",805,"N20","nominal","2.0NRT",296.56,6.17,"D"
"27300",30.26572,76.81637,328.79,0.4,0.37,"2026-02-16",805,"N20","nominal","2.0NRT",301.55,1.17,"D"
"27301",30.61834,79.22234,352.54,0.48,0.4,"2026-02-16",805,"N20","nominal","2.0NRT",305.12,10.81,"D"
"27302",30.57495,78.58177,338.69,0.45,0.39,"2026-02-16",805,"N20","nominal","2.0NRT",296.28,6.28,"D"
"27303",30.57434,78.57703,326.77,0.45,0.39,"2026-02-16",805,"N20","nominal","2.0NRT",295.75,2.85,"D"
"27304",30.57784,78.57615,333.13,0.45,0.39,"2026-02-16",805,"N20","nominal","2.0NRT",295.81,5.16,"D"
"27305",30.58133,78.57516,337.09,0.45,0.39,"2026-02-16",805,"N20","nominal","2.0NRT",295.43,5.16,"D"
"27306",30.58074,78.5706,337.03,0.45,0.39,"2026-02-16",805,"N20","nominal","2.0NRT",296.63,5.16,"D"
"27307",30.48949,77.69256,327.94,0.42,0.37,"2026-02-16",805,"N20","nominal","2.0NRT",297.75,2.68,"D"
"27308",30.4815,77.027,331.46,0.4,0.37,"2026-02-16",805,"N20","nominal","2.0NRT",300.46,1.8,"D"
"27309",29.80599,72.72234,337.63,0.43,0.38,"2026-02-16",805,"N20","nominal","2.0NRT",301.84,7.83,"D"
"27310",30.16301,74.51588,346.65,0.39,0.36,"2026-02-16",805,"N20","nominal","2.0NRT",308.32,6.99,"D"
"27311",29.53286,70.9128,331.23,0.52,0.41,"2026-02-16",805,"N20","nominal","2.0NRT",298.16,4.5,"D"
"27312",29.52696,70.82049,332.26,0.52,0.42,"2026-02-16",805,"N20","nominal","2.0NRT",299.48,2.33,"D"
"27313",29.58427,70.89455,330.45,0.52,0.41,"2026-02-16",805,"N20","nominal","2.0NRT",299.78,3.23,"D"
"27314",29.49956,69.92838,354.09,0.39,0.44,"2026-02-16",805,"N20","nominal","2.0NRT",304.14,7.39,"D"
"27315",29.49885,69.92482,333.81,0.39,0.44,"2026-02-16",805,"N20","nominal","2.0NRT",299.89,7.39,"D"
"27316",29.69559,70.92472,337.27,0.51,0.41,"2026-02-16",805,"N20","nominal","2.0NRT",300.66,4.73,"D"
"27317",29.50353,69.92754,340.67,0.39,0.44,"2026-02-16",805,"N20","nominal","2.0NRT",301.42,3.69,"D"
"27318",29.50282,69.92397,335.59,0.39,0.44,"2026-02-16",805,"N20","nominal","2.0NRT",301.97,3.69,"D"
"27319",29.71848,70.98431,340.6,0.51,0.41,"2026-02-16",805,"N20","nominal","2.0NRT",300.06,5.11,"D"
"27320",30.89645,77.65572,331.87,0.42,0.38,"2026-02-16",805,"N20","nominal","2.0NRT",295.16,2.14,"D"
"27321",31.05189,78.79258,331.86,0.46,0.39,"2026-02-16",805,"N20","nominal","2.0NRT",296.34,12.77,"D"
"27322",31.05132,78.78803,352.94,0.46,0.39,"2026-02-16",805,"N20","nominal","2.0NRT",313.2,20.26,"D"
"27323",31.05075,78.78355,348.95,0.46,0.39,"2026-02-16",805,"N20","nominal","2.0NRT",302.61,20.26,"D"
"27324",31.05019,78.77907,330.61,0.46,0.39,"2026-02-16",805,"N20","low","2.0NRT",301.06,6.27,"D"
"27325",31.05532,78.79089,346.73,0.46,0.39,"2026-02-16",805,"N20","nominal","2.0NRT",301.06,12.77,"D"
"27326",31.05476,78.78638,352.63,0.46,0.39,"2026-02-16",805,"N20","nominal","2.0NRT",305.05,20.26,"D"
"27327",31.05877,78.78937,327.66,0.46,0.39,"2026-02-16",805,"N20","nominal","2.0NRT",294.37,3.44,"D"
"27328",31.05825,78.78513,333.43,0.46,0.39,"2026-02-16",805,"N20","nominal","2.0NRT",294.66,3.16,"D"
"27329",30.96027,78.00103,325.23,0.43,0.38,"2026-02-16",805,"N20","low","2.0NRT",299.78,3.28,"D"
"27330",30.75025,76.32166,331.39,0.39,0.36,"2026-02-16",805,"N20","nominal","2.0NRT",298.21,1.87,"D"
"27331",30.76676,76.10657,331.13,0.39,0.36,"2026-02-16",805,"N20","nominal","2.0NRT",297.58,2.8,"D"
"27332",30.87063,76.40373,334.71,0.39,0.36,"2026-02-16",805,"N20","nominal","2.0NRT",298.61,2.99,"D"
"27333",31.16165,78.13213,328.67,0.44,0.38,"2026-02-16",805,"N20","nominal","2.0NRT",301.14,2.58,"D"
"27334",30.06395,71.01051,332.42,0.5,0.41,"2026-02-16",805,"N20","nominal","2.0NRT",297.81,2.07,"D"
"27335",30.30462,72.15716,336.78,0.45,0.39,"2026-02-16",805,"N20","nominal","2.0NRT",300.09,11.28,"D"
"27336",29.85216,69.27921,330.03,0.41,0.45,"2026-02-16",805,"N20","nominal","2.0NRT",295.48,2.12,"D"
"27337",29.8507,69.27642,336.19,0.41,0.45,"2026-02-16",805,"N20","nominal","2.0NRT",295.89,4.16,"D"
"27338",31.06384,76.16628,331.33,0.39,0.36,"2026-02-16",805,"N20","nominal","2.0NRT",297.85,2.54,"D"
"27339",31.06716,76.16564,331.81,0.39,0.36,"2026-02-16",805,"N20","nominal","2.0NRT",296.41,3.52,"D"
"27340",29.86738,69.29529,340.08,0.41,0.45,"2026-02-16",805,"N20","nominal","2.0NRT",293.76,9.91,"D"
"27341",29.85373,69.22887,334.7,0.42,0.45,"2026-02-16",805,"N20","nominal","2.0NRT",295.43,2.43,"D"
"27342",29.87076,69.27015,333.52,0.41,0.45,"2026-02-16",805,"N20","nominal","2.0NRT",296.3,3.52,"D"
"27343",29.8699,69.26598,331.21,0.41,0.45,"2026-02-16",805,"N20","nominal","2.0NRT",296.21,3.52,"D"
"27344",30.29858,71.3816,329.7,0.48,0.4,"2026-02-16",805,"N20","nominal","2.0NRT",298.89,3.91,"D"
"27345",30.32391,71.29304,333.94,0.48,0.4,"2026-02-16",805,"N20","nominal","2.0NRT",301.35,3.2,"D"
"27346",31.15067,76.08717,329.01,0.39,0.36,"2026-02-16",805,"N20","nominal","2.0NRT",297.73,2,"D"
"27347",30.61025,72.48189,333.38,0.43,0.38,"2026-02-16",805,"N20","nominal","2.0NRT",303.05,3.05,"D"
"27348",31.15647,75.82418,329.41,0.39,0.36,"2026-02-16",805,"N20","nominal","2.0NRT",295.08,2.56,"D"
"27349",31.15587,75.82015,327.59,0.39,0.36,"2026-02-16",805,"N20","nominal","2.0NRT",296.71,2.59,"D"
"27350",30.34016,70.87434,341.04,0.5,0.41,"2026-02-16",805,"N20","nominal","2.0NRT",300.7,12.39,"D"
"27351",30.35012,70.84478,330.29,0.51,0.41,"2026-02-16",805,"N20","nominal","2.0NRT",300.02,1.93,"D"
"27352",31.42357,77.49976,332.28,0.42,0.38,"2026-02-16",805,"N20","nominal","2.0NRT",295.9,2.46,"D"
"27353",30.66509,72.57016,332.27,0.43,0.38,"2026-02-16",805,"N20","nominal","2.0NRT",299.26,4.63,"D"
"27354",30.41328,71.10136,336.07,0.49,0.4,"2026-02-16",805,"N20","nominal","2.0NRT",304.41,24.77,"D"
"27355",31.1998,75.5432,332.36,0.38,0.36,"2026-02-16",805,"N20","nominal","2.0NRT",299.06,3.76,"D"
"27356",31.48556,77.54703,336.82,0.42,0.38,"2026-02-16",805,"N20","nominal","2.0NRT",301.07,3.83,"D"
"27357",31.48899,77.54636,344.68,0.42,0.38,"2026-02-16",805,"N20","nominal","2.0NRT",295.61,8.5,"D"
"27358",31.5438,77.64106,348,0.42,0.38,"2026-02-16",805,"N20","nominal","2.0NRT",301.93,7.95,"D"
"27359",30.97665,73.81315,337.17,0.4,0.37,"2026-02-16",805,"N20","nominal","2.0NRT",298.19,2.59,"D"
"27360",30.97997,73.81242,328.04,0.4,0.37,"2026-02-16",805,"N20","nominal","2.0NRT",298.96,2.59,"D"
"27361",30.47562,70.90823,341.82,0.5,0.41,"2026-02-16",805,"N20","nominal","2.0NRT",296.89,6.49,"D"
"27362",30.34671,70.15942,343.73,0.55,0.42,"2026-02-16",805,"N20","nominal","2.0NRT",297.68,7.08,"D"
"27363",30.79895,72.51423,332.29,0.43,0.38,"2026-02-16",805,"N20","nominal","2.0NRT",298.45,3.49,"D"
"27364",30.88315,72.73119,332.54,0.42,0.38,"2026-02-16",805,"N20","nominal","2.0NRT",300.53,2.63,"D"
"27365",30.80209,72.16448,341.26,0.44,0.38,"2026-02-16",805,"N20","nominal","2.0NRT",297.95,4.34,"D"
"27366",31.29169,75.09555,331.95,0.38,0.36,"2026-02-16",805,"N20","low","2.0NRT",306.46,1.69,"D"
"27367",30.94211,72.84784,330.99,0.42,0.37,"2026-02-16",805,"N20","nominal","2.0NRT",297.58,1.56,"D"
"27368",30.80288,71.9835,343.64,0.45,0.39,"2026-02-16",805,"N20","nominal","2.0NRT",303.03,21.62,"D"
"27369",30.80305,71.9848,345.11,0.45,0.39,"2026-02-16",805,"N20","nominal","2.0NRT",304.02,24.03,"D"
"27370",30.97393,72.93046,330.93,0.41,0.37,"2026-02-16",805,"N20","nominal","2.0NRT",298.29,2.79,"D"
"27371",31.04653,73.33546,332.39,0.4,0.37,"2026-02-16",805,"N20","nominal","2.0NRT",301.08,2.25,"D"
"27372",30.8517,71.9299,332.69,0.45,0.39,"2026-02-16",805,"N20","nominal","2.0NRT",299.87,4.74,"D"
"27373",31.48701,75.55592,333.37,0.39,0.36,"2026-02-16",805,"N20","nominal","2.0NRT",302.24,2.46,"D"
"27374",31.7864,77.42142,340.74,0.42,0.38,"2026-02-16",805,"N20","nominal","2.0NRT",306.59,9.6,"D"
"27375",31.05242,72.58949,330,0.42,0.38,"2026-02-16",805,"N20","low","2.0NRT",301.78,9.48,"D"
"27376",31.6551,76.12405,331.92,0.39,0.36,"2026-02-16",805,"N20","nominal","2.0NRT",300.32,4.3,"D"
"27377",31.65841,76.12338,331.44,0.39,0.36,"2026-02-16",805,"N20","nominal","2.0NRT",299.73,4.94,"D"
"27378",31.23405,73.36753,338.85,0.4,0.37,"2026-02-16",805,"N20","nominal","2.0NRT",297.76,2.94,"D"
"27379",31.62897,75.66568,335.19,0.39,0.36,"2026-02-16",805,"N20","nominal","2.0NRT",298.93,2.96,"D"
"27380",30.81117,70.77046,345.36,0.5,0.41,"2026-02-16",805,"N20","nominal","2.0NRT",297.2,7.96,"D"
"27381",30.80894,70.73859,330.18,0.5,0.41,"2026-02-16",805,"N20","nominal","2.0NRT",296.84,2.86,"D"
"27382",30.91312,70.7905,330.29,0.5,0.41,"2026-02-16",805,"N20","nominal","2.0NRT",294.91,1.91,"D"
"27383",31.24756,72.59646,333.76,0.42,0.38,"2026-02-16",805,"N20","nominal","2.0NRT",301.73,3.15,"D"
"27384",31.19321,72.28798,332.4,0.43,0.38,"2026-02-16",805,"N20","nominal","2.0NRT",300.98,2.83,"D"
"27385",31.29884,72.76938,331.45,0.42,0.37,"2026-02-16",805,"N20","nominal","2.0NRT",298.92,3.67,"D"
"27386",31.74173,75.51001,330.65,0.39,0.36,"2026-02-16",805,"N20","nominal","2.0NRT",297.69,2.73,"D"
"27387",31.74262,75.49318,329.78,0.39,0.36,"2026-02-16",805,"N20","nominal","2.0NRT",296.35,2.04,"D"
"27388",31.70696,75.20984,325.65,0.38,0.36,"2026-02-16",805,"N20","nominal","2.0NRT",296.69,2.01,"D"
"27389",31.9775,77.0242,335.87,0.41,0.37,"2026-02-16",805,"N20","nominal","2.0NRT",297.78,6.67,"D"
"27390",31.43814,73.44851,331.04,0.4,0.37,"2026-02-16",805,"N20","nominal","2.0NRT",299.35,2.53,"D"
"27391",31.77528,75.50735,332.16,0.39,0.36,"2026-02-16",805,"N20","nominal","2.0NRT",297.24,3,"D"
"27392",31.81273,75.69162,336.81,0.39,0.36,"2026-02-16",805,"N20","nominal","2.0NRT",299.85,7.69,"D"
"27393",31.018,70.91857,347.63,0.49,0.4,"2026-02-16",805,"N20","nominal","2.0NRT",300.15,6.28,"D"
"27394",31.44342,73.31332,340.49,0.4,0.37,"2026-02-16",805,"N20","nominal","2.0NRT",300.31,2.14,"D"
"27395",32.01082,77.03919,343.83,0.41,0.37,"2026-02-16",805,"N20","nominal","2.0NRT",306.26,8.01,"D"
"27396",31.79686,75.51546,328.63,0.39,0.36,"2026-02-16",805,"N20","nominal","2.0NRT",297.98,2.04,"D"
"27397",32.02857,76.99139,331.85,0.41,0.37,"2026-02-16",805,"N20","nominal","2.0NRT",293.25,3.46,"D"
"27398",31.2611,72.07967,331.82,0.44,0.38,"2026-02-16",805,"N20","nominal","2.0NRT",297.86,3.89,"D"
"27399",31.31769,72.41263,335.31,0.43,0.38,"2026-02-16",805,"N20","nominal","2.0NRT",299.76,3.86,"D"
"27400",31.26234,72.08136,335.76,0.44,0.38,"2026-02-16",805,"N20","nominal","2.0NRT",296.34,3.51,"D"
"27401",31.42455,72.78189,333.26,0.41,0.37,"2026-02-16",805,"N20","nominal","2.0NRT",300.16,5.13,"D"
"27402",31.35776,72.27378,333.06,0.43,0.38,"2026-02-16",805,"N20","nominal","2.0NRT",301.04,2.52,"D"
"27403",31.91155,75.69348,331.01,0.39,0.36,"2026-02-16",805,"N20","nominal","2.0NRT",297.8,3.97,"D"
"27404",31.91096,75.68941,327.81,0.39,0.36,"2026-02-16",805,"N20","nominal","2.0NRT",298.2,3.27,"D"
"27405",31.35417,72.2328,337.04,0.43,0.38,"2026-02-16",805,"N20","nominal","2.0NRT",301.57,3.06,"D"
"27406",31.3692,72.25711,347.42,0.43,0.38,"2026-02-16",805,"N20","nominal","2.0NRT",304.36,8.52,"D"
"27407",31.36843,72.25265,332.91,0.43,0.38,"2026-02-16",805,"N20","nominal","2.0NRT",301.48,8.52,"D"
"27408",32.12041,77.07327,336.54,0.41,0.37,"2026-02-16",805,"N20","low","2.0NRT",306.64,5.87,"D"
"27409",31.46624,72.79898,331.91,0.41,0.37,"2026-02-16",805,"N20","nominal","2.0NRT",298.13,2.17,"D"
"27410",31.37265,72.25629,344.5,0.43,0.38,"2026-02-16",805,"N20","nominal","2.0NRT",302.15,8.52,"D"
"27411",31.35838,72.1336,344.29,0.43,0.38,"2026-02-16",805,"N20","nominal","2.0NRT",298.45,6.13,"D"
"27412",31.3923,72.30725,333.18,0.43,0.38,"2026-02-16",805,"N20","nominal","2.0NRT",300.95,3.34,"D"
"27413",31.37709,72.19932,331.73,0.43,0.38,"2026-02-16",805,"N20","nominal","2.0NRT",300.09,2.77,"D"
"27414",31.89639,75.31696,332.76,0.38,0.36,"2026-02-16",805,"N20","nominal","2.0NRT",295.11,2.94,"D"
"27415",31.97981,75.81377,326.28,0.39,0.36,"2026-02-16",805,"N20","nominal","2.0NRT",295.5,1.27,"D"
"27416",31.45277,72.51838,334.7,0.42,0.38,"2026-02-16",805,"N20","nominal","2.0NRT",299.58,3.65,"D"
"27417",31.46338,72.49766,333.64,0.42,0.38,"2026-02-16",805,"N20","nominal","2.0NRT",298.64,2.35,"D"
"27418",31.4362,72.30202,336.41,0.43,0.38,"2026-02-16",805,"N20","nominal","2.0NRT",302.59,4.14,"D"
"27419",31.48199,72.50237,336.52,0.42,0.38,"2026-02-16",805,"N20","nominal","2.0NRT",297.32,2.85,"D"
"27420",31.54442,72.59665,332.53,0.42,0.38,"2026-02-16",805,"N20","nominal","2.0NRT",301.09,6.16,"D"
"27421",31.63308,73.0574,328.79,0.41,0.37,"2026-02-16",805,"N20","nominal","2.0NRT",298.11,1.47,"D"
"27422",31.90914,74.7528,331.26,0.38,0.36,"2026-02-16",805,"N20","nominal","2.0NRT",297.99,1.54,"D"
"27423",31.77833,73.8185,330.81,0.39,0.36,"2026-02-16",805,"N20","nominal","2.0NRT",296.55,3.49,"D"
"27424",31.66336,73.12622,337.9,0.4,0.37,"2026-02-16",805,"N20","nominal","2.0NRT",298.73,3.81,"D"
"27425",31.606,72.79047,332.28,0.41,0.37,"2026-02-16",805,"N20","nominal","2.0NRT",301.27,1.93,"D"
"27426",31.72976,73.29391,331.67,0.4,0.37,"2026-02-16",805,"N20","nominal","2.0NRT",298.07,1.83,"D"
"27427",31.66802,72.92715,330.84,0.41,0.37,"2026-02-16",805,"N20","nominal","2.0NRT",297.27,1.73,"D"
"27428",31.66295,72.89732,333.88,0.41,0.37,"2026-02-16",805,"N20","nominal","2.0NRT",301.82,4.08,"D"
"27429",31.55301,72.15965,340.71,0.43,0.38,"2026-02-16",805,"N20","nominal","2.0NRT",296.37,4.93,"D"
"27430",31.55725,72.1633,330.32,0.43,0.38,"2026-02-16",805,"N20","nominal","2.0NRT",297.1,2.97,"D"
"27431",31.79827,72.9067,333,0.41,0.37,"2026-02-16",805,"N20","nominal","2.0NRT",298.91,4.23,"D"
"27432",31.88039,73.37716,340.09,0.4,0.37,"2026-02-16",805,"N20","nominal","2.0NRT",298.42,2.3,"D"
"27433",31.86968,73.24972,335.17,0.4,0.37,"2026-02-16",805,"N20","nominal","2.0NRT",298.45,2.06,"D"
"27434",31.90978,73.16772,334.02,0.4,0.37,"2026-02-16",805,"N20","nominal","2.0NRT",302.21,3.22,"D"
"27435",31.7855,72.23724,332.81,0.43,0.38,"2026-02-16",805,"N20","nominal","2.0NRT",297.9,2.36,"D"
"27436",31.59479,71.01083,330.93,0.48,0.4,"2026-02-16",805,"N20","nominal","2.0NRT",296.64,3.31,"D"
"27437",31.59388,71.00589,331.02,0.48,0.4,"2026-02-16",805,"N20","nominal","2.0NRT",297.77,3.58,"D"
"27438",31.59285,70.93862,337.15,0.48,0.4,"2026-02-16",805,"N20","nominal","2.0NRT",296.21,3.69,"D"
"27439",31.61608,70.86202,332.33,0.48,0.4,"2026-02-16",805,"N20","nominal","2.0NRT",297.01,12.12,"D"
"27440",31.61513,70.85702,335.41,0.48,0.4,"2026-02-16",805,"N20","nominal","2.0NRT",298.72,13.24,"D"
"27441",31.59847,70.70788,331.06,0.49,0.4,"2026-02-16",805,"N20","nominal","2.0NRT",295.66,4,"D"
"27442",32.55194,76.47326,331.89,0.4,0.37,"2026-02-16",805,"N20","nominal","2.0NRT",299.01,3.97,"D"
"27443",31.6533,70.85777,334.55,0.48,0.4,"2026-02-16",805,"N20","nominal","2.0NRT",297.88,3.77,"D"
"27444",32.02024,72.84399,332.56,0.41,0.37,"2026-02-16",805,"N20","nominal","2.0NRT",296.27,2.62,"D"
"27445",32.40105,75.21503,337.64,0.38,0.36,"2026-02-16",805,"N20","nominal","2.0NRT",302.18,7.29,"D"
"27446",31.741,71.23187,330.46,0.46,0.39,"2026-02-16",805,"N20","nominal","2.0NRT",296.72,3.14,"D"
"27447",31.96802,72.27425,332.5,0.42,0.38,"2026-02-16",805,"N20","nominal","2.0NRT",300.09,4.56,"D"
"27448",32.15335,73.33884,332.78,0.4,0.37,"2026-02-16",805,"N20","nominal","2.0NRT",298.5,2.68,"D"
"27449",32.2006,73.47884,336.16,0.39,0.37,"2026-02-16",805,"N20","nominal","2.0NRT",297.46,3.68,"D"
"27450",31.77463,71.04182,347.91,0.47,0.4,"2026-02-16",805,"N20","nominal","2.0NRT",301.05,15.98,"D"
"27451",31.73483,70.68584,335.85,0.49,0.4,"2026-02-16",805,"N20","nominal","2.0NRT",293.84,11.26,"D"
"27452",31.82134,71.09148,340.85,0.47,0.4,"2026-02-16",805,"N20","nominal","2.0NRT",294.85,4.95,"D"
"27453",31.77085,70.75617,331.81,0.49,0.4,"2026-02-16",805,"N20","nominal","2.0NRT",295.96,2.91,"D"
"27454",31.76945,70.66627,342.22,0.49,0.4,"2026-02-16",805,"N20","nominal","2.0NRT",297.79,19.18,"D"
"27455",32.07885,72.36368,331.88,0.42,0.38,"2026-02-16",805,"N20","nominal","2.0NRT",300.75,1.88,"D"
"27456",32.11493,72.46893,334.8,0.42,0.37,"2026-02-16",805,"N20","nominal","2.0NRT",298.04,3.24,"D"
"27457",31.86633,71.04656,337.85,0.47,0.4,"2026-02-16",805,"N20","nominal","2.0NRT",297.28,3.41,"D"
"27458",31.80854,70.73855,332.98,0.49,0.4,"2026-02-16",805,"N20","nominal","2.0NRT",295.33,6.71,"D"
"27459",31.86796,70.99476,332.17,0.47,0.4,"2026-02-16",805,"N20","nominal","2.0NRT",295.51,2.06,"D"
"27460",31.8291,70.68553,336.41,0.49,0.4,"2026-02-16",805,"N20","nominal","2.0NRT",296.35,5.09,"D"
"27461",32.18018,72.49873,331.7,0.42,0.37,"2026-02-16",805,"N20","nominal","2.0NRT",298.25,2,"D"
"27462",32.42459,73.66099,329.88,0.39,0.36,"2026-02-16",805,"N20","nominal","2.0NRT",297.66,1.68,"D"
"27463",32.49208,73.69695,327.88,0.39,0.36,"2026-02-16",805,"N20","nominal","2.0NRT",298.36,2.17,"D"
"27464",32.28986,72.39693,333.54,0.42,0.37,"2026-02-16",805,"N20","nominal","2.0NRT",300.54,1.99,"D"
"27465",32.50528,73.59217,331.51,0.39,0.36,"2026-02-16",805,"N20","nominal","2.0NRT",300.4,2.66,"D"
"27466",32.33079,72.53335,331.54,0.41,0.37,"2026-02-16",805,"N20","nominal","2.0NRT",299.15,2.62,"D"
"27467",32.32059,72.18903,341.1,0.42,0.38,"2026-02-16",805,"N20","nominal","2.0NRT",299.99,3.79,"D"
"27468",32.01717,70.4983,335.75,0.5,0.41,"2026-02-16",805,"N20","nominal","2.0NRT",296.48,7.4,"D"
"27469",32.52245,73.23518,332.1,0.4,0.37,"2026-02-16",805,"N20","nominal","2.0NRT",299.72,5.44,"D"
"27470",32.35556,71.25961,331.66,0.46,0.39,"2026-02-16",805,"N20","nominal","2.0NRT",296.85,3.16,"D"
"27471",32.81268,73.67749,336.99,0.39,0.36,"2026-02-16",805,"N20","nominal","2.0NRT",304.06,2.39,"D"
"27472",32.81598,73.67673,328.52,0.39,0.36,"2026-02-16",805,"N20","low","2.0NRT",303.22,2.07,"D"
"27473",32.87172,73.94072,333.46,0.39,0.36,"2026-02-16",805,"N20","nominal","2.0NRT",304.12,2.73,"D"
"27474",32.87275,73.39493,334.71,0.39,0.36,"2026-02-16",805,"N20","nominal","2.0NRT",302.72,5.79,"D"
"27475",32.95754,73.90127,334.48,0.39,0.36,"2026-02-16",805,"N20","nominal","2.0NRT",300.22,3.73,"D"
"27476",32.79089,72.68498,337.32,0.41,0.37,"2026-02-16",805,"N20","nominal","2.0NRT",301.14,2.61,"D"
"27477",32.92781,73.1494,346.16,0.4,0.37,"2026-02-16",805,"N20","nominal","2.0NRT",305.2,9.55,"D"
"27478",33.02412,73.65697,332.39,0.39,0.36,"2026-02-16",805,"N20","nominal","2.0NRT",301.7,3.14,"D"
"27479",33.02346,73.65285,327.75,0.39,0.36,"2026-02-16",805,"N20","low","2.0NRT",302.4,2.86,"D"
"27480",33.02808,73.66034,334.88,0.39,0.36,"2026-02-16",805,"N20","nominal","2.0NRT",301.21,3.14,"D"
"27481",32.94236,73.13298,333.61,0.4,0.37,"2026-02-16",805,"N20","nominal","2.0NRT",301.86,2.46,"D"
"27482",33.03138,73.65958,333.01,0.39,0.36,"2026-02-16",805,"N20","nominal","2.0NRT",302.38,6.66,"D"
"27483",33.01012,73.52743,334.69,0.39,0.36,"2026-02-16",805,"N20","nominal","2.0NRT",301.49,2.53,"D"
"27484",32.97086,73.06216,338.94,0.4,0.37,"2026-02-16",805,"N20","nominal","2.0NRT",302.45,2.57,"D"
"27485",32.91054,72.47811,334.16,0.41,0.37,"2026-02-16",805,"N20","nominal","2.0NRT",303.05,2.61,"D"
"27486",32.93929,72.50264,338.39,0.41,0.37,"2026-02-16",805,"N20","nominal","2.0NRT",301.56,2.72,"D"
"27487",32.94266,72.50185,340.97,0.41,0.37,"2026-02-16",805,"N20","nominal","2.0NRT",303.58,11.67,"D"
"27488",33.05766,72.68044,341.07,0.4,0.37,"2026-02-16",805,"N20","nominal","2.0NRT",302.15,3.24,"D"
"27489",33.14404,73.15714,332.95,0.4,0.37,"2026-02-16",805,"N20","nominal","2.0NRT",302.81,3.74,"D"
"27490",32.94437,71.81638,331.21,0.43,0.38,"2026-02-16",805,"N20","nominal","2.0NRT",303.55,1.8,"D"
"27491",33.19497,73.25795,330.52,0.39,0.36,"2026-02-16",805,"N20","nominal","2.0NRT",292.82,1.67,"D"
"27492",33.14465,72.95155,332.15,0.4,0.37,"2026-02-16",805,"N20","nominal","2.0NRT",302.64,2.22,"D"
"27493",32.94702,71.74948,338.32,0.43,0.38,"2026-02-16",805,"N20","nominal","2.0NRT",302.59,2.57,"D"
"27494",33.16164,72.89602,337.15,0.4,0.37,"2026-02-16",805,"N20","nominal","2.0NRT",303.89,2.97,"D"
"27495",33.16568,72.89949,337.7,0.4,0.37,"2026-02-16",805,"N20","nominal","2.0NRT",301.49,5.73,"D"
"27496",33.16497,72.89524,330.79,0.4,0.37,"2026-02-16",805,"N20","low","2.0NRT",304.65,3.83,"D"
"27497",33.22854,72.75644,331.27,0.4,0.37,"2026-02-16",805,"N20","nominal","2.0NRT",301.93,1.42,"D"
"27498",33.34079,73.38169,332.83,0.39,0.36,"2026-02-16",805,"N20","nominal","2.0NRT",299.28,2.93,"D"
"27499",33.24968,72.77013,336.39,0.4,0.37,"2026-02-16",805,"N20","nominal","2.0NRT",303.39,2.86,"D"
"27500",33.31818,73.11836,340.8,0.39,0.37,"2026-02-16",805,"N20","nominal","2.0NRT",300.06,3.67,"D"
"27501",33.24529,72.68235,335.14,0.4,0.37,"2026-02-16",805,"N20","nominal","2.0NRT",299.47,2.84,"D"
"27502",33.2716,72.69387,343.58,0.4,0.37,"2026-02-16",805,"N20","nominal","2.0NRT",301.7,6.3,"D"
"27503",33.27495,72.69308,337.8,0.4,0.37,"2026-02-16",805,"N20","nominal","2.0NRT",301.32,2.67,"D"
"27504",33.25546,72.57762,338.82,0.41,0.37,"2026-02-16",805,"N20","nominal","2.0NRT",301.61,2.03,"D"
"27505",33.12117,71.7803,332.07,0.43,0.38,"2026-02-16",805,"N20","nominal","2.0NRT",301.82,1.87,"D"
"27506",33.27292,72.37085,334.07,0.41,0.37,"2026-02-16",805,"N20","nominal","2.0NRT",301.47,3.67,"D"
"27507",33.31566,71.39687,333.82,0.44,0.38,"2026-02-16",807,"N20","nominal","2.0NRT",302.78,2.79,"D"
"27508",33.31915,71.3961,340.71,0.44,0.38,"2026-02-16",807,"N20","nominal","2.0NRT",303.34,5.31,"D"
"27509",33.93824,73.51115,330.86,0.39,0.36,"2026-02-16",807,"N20","nominal","2.0NRT",295.86,2.52,"D"
"27510",33.99618,73.48949,331.27,0.39,0.36,"2026-02-16",807,"N20","nominal","2.0NRT",297.28,3.45,"D"
"27511",33.75848,71.21431,329.21,0.44,0.38,"2026-02-16",807,"N20","nominal","2.0NRT",294.77,1.25,"D"
"27512",34.00365,72.51674,329.84,0.4,0.37,"2026-02-16",807,"N20","nominal","2.0NRT",294.19,3.5,"D"
"27513",34.00292,72.51244,333.27,0.4,0.37,"2026-02-16",807,"N20","nominal","2.0NRT",296.46,3.5,"D"
"27514",34.44573,71.84066,326.69,0.41,0.37,"2026-02-16",807,"N20","nominal","2.0NRT",295.18,2.57,"D"
"27515",18.03173,54.64441,342.18,0.4,0.37,"2026-02-16",941,"N20","nominal","2.0NRT",312.64,4.19,"D"
"27516",18.03064,54.6369,336.89,0.4,0.37,"2026-02-16",941,"N20","low","2.0NRT",310.27,1.34,"D"
"27517",18.17459,55.24922,339.82,0.42,0.37,"2026-02-16",941,"N20","nominal","2.0NRT",311.11,1.85,"D"
"27518",18.32218,55.10694,344.56,0.41,0.37,"2026-02-16",941,"N20","nominal","2.0NRT",313.37,3.09,"D"
"27519",17.28123,42.40398,335.77,0.46,0.63,"2026-02-16",941,"N20","nominal","2.0NRT",304.77,4.11,"D"
"27520",20.37485,55.9351,344.12,0.46,0.39,"2026-02-16",941,"N20","nominal","2.0NRT",310.5,2.73,"D"
"27521",21.30342,57.80031,344.04,0.4,0.44,"2026-02-16",943,"N20","nominal","2.0NRT",311.55,2.08,"D"
"27522",21.30969,57.74906,341.19,0.39,0.44,"2026-02-16",943,"N20","nominal","2.0NRT",311.15,3.46,"D"
"27523",21.3191,57.72467,339.7,0.39,0.44,"2026-02-16",943,"N20","nominal","2.0NRT",309.35,1.85,"D"
"27524",21.29015,57.09853,335.65,0.54,0.42,"2026-02-16",943,"N20","low","2.0NRT",308.41,2.38,"D"
"27525",21.33152,56.70015,338.17,0.52,0.41,"2026-02-16",943,"N20","nominal","2.0NRT",307.94,2.22,"D"
"27526",21.88955,56.84959,337.52,0.53,0.42,"2026-02-16",943,"N20","nominal","2.0NRT",307.52,1.78,"D"
"27527",21.93726,57.07198,337.06,0.55,0.43,"2026-02-16",943,"N20","low","2.0NRT",308.93,2.31,"D"
"27528",22.40547,56.98821,336.26,0.55,0.43,"2026-02-16",943,"N20","low","2.0NRT",307.59,2.02,"D"
"27529",22.87698,55.92603,339.17,0.49,0.4,"2026-02-16",943,"N20","nominal","2.0NRT",306.76,3.6,"D"
"27530",22.87369,55.61726,337.04,0.47,0.4,"2026-02-16",943,"N20","nominal","2.0NRT",305.55,1.16,"D"
"27531",23.14991,55.42466,340.65,0.47,0.4,"2026-02-16",943,"N20","nominal","2.0NRT",305.79,3.97,"D"
"27532",23.15091,55.4263,340.28,0.47,0.4,"2026-02-16",943,"N20","nominal","2.0NRT",304.63,3.82,"D"
"27533",23.1883,55.45794,342.04,0.47,0.4,"2026-02-16",943,"N20","nominal","2.0NRT",305.33,2.49,"D"
"27534",24.50395,56.60938,345.58,0.56,0.43,"2026-02-16",943,"N20","nominal","2.0NRT",312.92,5.14,"D"
"27535",24.03968,49.20167,335.06,0.42,0.38,"2026-02-16",943,"N20","nominal","2.0NRT",302.8,1.24,"D"
"27536",24.04061,48.34109,338.43,0.46,0.39,"2026-02-16",943,"N20","nominal","2.0NRT",307.36,7.78,"D"
"27537",24.25374,48.7268,346.67,0.44,0.38,"2026-02-16",943,"N20","nominal","2.0NRT",303.97,6.14,"D"
"27538",24.51914,49.16822,337.34,0.42,0.38,"2026-02-16",943,"N20","nominal","2.0NRT",300.3,1.39,"D"
"27539",24.95237,51.58818,341.57,0.38,0.36,"2026-02-16",943,"N20","nominal","2.0NRT",308.71,5.18,"D"
"27540",25.16482,52.86833,337.45,0.4,0.37,"2026-02-16",943,"N20","nominal","2.0NRT",294.01,17.62,"D"
"27541",24.79555,49.40854,337.34,0.41,0.37,"2026-02-16",943,"N20","nominal","2.0NRT",299.56,1.5,"D"
"27542",24.79626,49.3499,335.35,0.41,0.37,"2026-02-16",943,"N20","nominal","2.0NRT",301.3,1.91,"D"
"27543",24.50943,46.8614,336.67,0.53,0.42,"2026-02-16",943,"N20","nominal","2.0NRT",305.35,2.34,"D"
"27544",25.53017,53.14972,330.4,0.41,0.37,"2026-02-16",943,"N20","nominal","2.0NRT",299.72,14.34,"D"
"27545",25.53356,53.14915,337.36,0.41,0.37,"2026-02-16",943,"N20","nominal","2.0NRT",295.93,17.52,"D"
"27546",24.94024,49.17896,338.03,0.42,0.38,"2026-02-16",943,"N20","nominal","2.0NRT",300.4,4.83,"D"
"27547",24.93987,49.1789,338.63,0.42,0.37,"2026-02-16",943,"N20","nominal","2.0NRT",300.2,4.45,"D"
"27548",25.59536,52.54217,330.53,0.39,0.37,"2026-02-16",943,"N20","nominal","2.0NRT",293.95,1.66,"D"
"27549",25.17423,49.31726,345.64,0.41,0.37,"2026-02-16",943,"N20","nominal","2.0NRT",301.08,4.05,"D"
"27550",25.34224,50.20785,339.85,0.39,0.36,"2026-02-16",943,"N20","nominal","2.0NRT",306.65,3.11,"D"
"27551",25.34494,50.20333,346.3,0.39,0.36,"2026-02-16",943,"N20","nominal","2.0NRT",304.8,3.11,"D"
"27552",24.69808,44.97423,337.72,0.45,0.47,"2026-02-16",943,"N20","nominal","2.0NRT",307.57,2.53,"D"
"27553",25.88976,51.54152,330.84,0.38,0.36,"2026-02-16",943,"N20","low","2.0NRT",303.66,1.75,"D"
"27554",25.89363,51.54473,337.83,0.38,0.36,"2026-02-16",943,"N20","nominal","2.0NRT",303.42,5.28,"D"
"27555",25.89306,51.54092,332.57,0.38,0.36,"2026-02-16",943,"N20","nominal","2.0NRT",302.48,1.75,"D"
"27556",25.59658,49.63443,335.86,0.4,0.37,"2026-02-16",943,"N20","nominal","2.0NRT",305.22,2.26,"D"
"27557",25.90466,51.55054,345.1,0.38,0.36,"2026-02-16",943,"N20","nominal","2.0NRT",302.24,5.08,"D"
"27558",25.90495,51.50739,331.22,0.38,0.36,"2026-02-16",943,"N20","low","2.0NRT",304.35,4.14,"D"
"27559",25.91741,51.56779,343.81,0.38,0.36,"2026-02-16",943,"N20","nominal","2.0NRT",303.22,3.9,"D"
"27560",25.65867,49.76049,337.64,0.4,0.37,"2026-02-16",943,"N20","nominal","2.0NRT",305.59,2.13,"D"
"27561",25.63833,49.39657,346.55,0.41,0.37,"2026-02-16",943,"N20","nominal","2.0NRT",303.58,4.25,"D"
"27562",25.63766,49.39256,339.42,0.41,0.37,"2026-02-16",943,"N20","nominal","2.0NRT",302.76,4.25,"D"
"27563",25.64036,49.38787,340.7,0.41,0.37,"2026-02-16",943,"N20","nominal","2.0NRT",306.01,12.83,"D"
"27564",25.67872,49.40909,335.8,0.41,0.37,"2026-02-16",943,"N20","nominal","2.0NRT",301.51,2.68,"D"
"27565",25.65936,49.27171,346.38,0.41,0.37,"2026-02-16",943,"N20","nominal","2.0NRT",302.63,7.14,"D"
"27566",25.66274,49.27102,343.89,0.41,0.37,"2026-02-16",943,"N20","nominal","2.0NRT",301.8,7.14,"D"
"27567",26.23976,52.33017,332.05,0.39,0.36,"2026-02-16",943,"N20","nominal","2.0NRT",301.74,13.76,"D"
"27568",26.61913,54.90007,338.04,0.48,0.4,"2026-02-16",943,"N20","nominal","2.0NRT",307.11,4.8,"D"
"27569",26.15693,50.6684,333.27,0.39,0.36,"2026-02-16",943,"N20","nominal","2.0NRT",299.71,2.7,"D"
"27570",26.19655,50.6809,333.08,0.39,0.36,"2026-02-16",943,"N20","low","2.0NRT",305.76,2.06,"D"
"27571",25.96212,49.22897,335.85,0.41,0.37,"2026-02-16",943,"N20","nominal","2.0NRT",302.2,1.54,"D"
"27572",26.95061,49.5989,335.28,0.4,0.37,"2026-02-16",943,"N20","low","2.0NRT",306.81,2.39,"D"
"27573",27.01553,49.58197,338.87,0.4,0.37,"2026-02-16",943,"N20","nominal","2.0NRT",306.57,3.61,"D"
"27574",27.01822,49.57735,338.87,0.4,0.37,"2026-02-16",943,"N20","nominal","2.0NRT",309.3,5.29,"D"
"27575",27.49834,52.64982,347.73,0.41,0.37,"2026-02-16",943,"N20","nominal","2.0NRT",305.31,6.79,"D"
"27576",27.03946,49.58119,331.17,0.39,0.37,"2026-02-16",943,"N20","low","2.0NRT",304.78,1.93,"D"
"27577",27.50395,52.64033,350.29,0.41,0.37,"2026-02-16",943,"N20","nominal","2.0NRT",309.48,5,"D"
"27578",27.5034,52.63638,336.25,0.41,0.37,"2026-02-16",943,"N20","nominal","2.0NRT",304.55,5,"D"
"27579",27.50228,52.62833,341.68,0.41,0.37,"2026-02-16",943,"N20","nominal","2.0NRT",308.82,13.37,"D"
"27580",27.50902,52.62696,337.76,0.41,0.37,"2026-02-16",943,"N20","nominal","2.0NRT",305.16,2.96,"D"
"27581",27.5124,52.62634,334.16,0.41,0.37,"2026-02-16",943,"N20","low","2.0NRT",305.82,1.67,"D"
"27582",27.51857,52.59624,337.28,0.4,0.37,"2026-02-16",943,"N20","nominal","2.0NRT",304.68,2.96,"D"
"27583",27.53944,52.5891,330.1,0.4,0.37,"2026-02-16",943,"N20","low","2.0NRT",303.88,1.25,"D"
"27584",27.14716,49.22298,341.23,0.4,0.37,"2026-02-16",943,"N20","nominal","2.0NRT",305.97,12.92,"D"
"27585",27.68333,52.25251,345.81,0.4,0.37,"2026-02-16",943,"N20","nominal","2.0NRT",304.68,3.93,"D"
"27586",27.68276,52.2485,338.24,0.4,0.37,"2026-02-16",943,"N20","nominal","2.0NRT",300.05,3.93,"D"
"27587",27.68775,52.23525,347.7,0.4,0.37,"2026-02-16",943,"N20","nominal","2.0NRT",305.88,3.25,"D"
"27588",27.7226,52.17628,342.18,0.4,0.37,"2026-02-16",943,"N20","nominal","2.0NRT",301.92,28.11,"D"
"27589",27.75942,52.16948,353.36,0.4,0.37,"2026-02-16",943,"N20","nominal","2.0NRT",310.84,13.69,"D"
"27590",27.76277,52.16885,342.47,0.4,0.37,"2026-02-16",943,"N20","nominal","2.0NRT",305.48,13.69,"D"
"27591",27.7588,52.141,334.24,0.4,0.37,"2026-02-16",943,"N20","nominal","2.0NRT",302.76,1.64,"D"
"27592",27.533,49.13697,331.7,0.4,0.37,"2026-02-16",943,"N20","nominal","2.0NRT",301.18,1.78,"D"
"27593",28.80626,53.80136,331.7,0.45,0.39,"2026-02-16",945,"N20","nominal","2.0NRT",297.66,2.1,"D"
"27594",29.17171,54.61599,330.82,0.5,0.41,"2026-02-16",945,"N20","nominal","2.0NRT",298.1,1.81,"D"
"27595",28.39427,48.53502,342.64,0.41,0.37,"2026-02-16",945,"N20","nominal","2.0NRT",303.71,10.19,"D"
"27596",29.19119,52.84041,333.6,0.42,0.38,"2026-02-16",945,"N20","nominal","2.0NRT",302.27,3.74,"D"
"27597",29.19016,52.84156,331.65,0.42,0.38,"2026-02-16",945,"N20","low","2.0NRT",302.63,4.69,"D"
"27598",29.25523,53.12144,343.91,0.43,0.38,"2026-02-16",945,"N20","nominal","2.0NRT",304.44,6.14,"D"
"27599",28.57493,47.91948,336.55,0.42,0.38,"2026-02-16",945,"N20","low","2.0NRT",308.41,3.91,"D"
"27600",28.58179,47.91797,336.37,0.42,0.38,"2026-02-16",945,"N20","nominal","2.0NRT",305.66,1.52,"D"
"27601",29.92813,56.73285,333.3,0.44,0.46,"2026-02-16",945,"N20","nominal","2.0NRT",295.84,2.14,"D"
"27602",27.71855,42.58659,332.84,0.54,0.51,"2026-02-16",945,"N20","nominal","2.0NRT",302.38,5.94,"D"
"27603",28.93153,47.96319,337.5,0.42,0.38,"2026-02-16",945,"N20","nominal","2.0NRT",307.29,2.06,"D"
"27604",28.99168,48.12967,332.58,0.41,0.37,"2026-02-16",945,"N20","low","2.0NRT",305.78,1.48,"D"
"27605",29.5073,51.25899,335.25,0.39,0.36,"2026-02-16",945,"N20","low","2.0NRT",305.29,4.33,"D"
"27606",29.02615,48.14505,330.22,0.41,0.37,"2026-02-16",945,"N20","low","2.0NRT",305.21,2.21,"D"
"27607",29.00736,47.74775,342.38,0.43,0.38,"2026-02-16",945,"N20","nominal","2.0NRT",311.08,56.9,"D"
"27608",29.88853,52.73461,331.48,0.42,0.38,"2026-02-16",945,"N20","nominal","2.0NRT",296.77,3.26,"D"
"27609",29.71177,50.66488,335.53,0.39,0.36,"2026-02-16",945,"N20","nominal","2.0NRT",307.11,2.06,"D"
"27610",29.91657,50.87886,334.69,0.39,0.36,"2026-02-16",945,"N20","nominal","2.0NRT",305.12,3.57,"D"
"27611",30.04052,50.63815,342.94,0.39,0.36,"2026-02-16",945,"N20","nominal","2.0NRT",310.42,7.19,"D"
"27612",30.06677,50.67786,334.03,0.39,0.36,"2026-02-16",945,"N20","nominal","2.0NRT",305.83,1.92,"D"
"27613",30.1071,50.35586,337.9,0.38,0.36,"2026-02-16",945,"N20","nominal","2.0NRT",303.64,2.02,"D"
"27614",30.15808,50.42346,332.45,0.38,0.36,"2026-02-16",945,"N20","nominal","2.0NRT",301.51,1.78,"D"
"27615",29.78687,47.70862,339.92,0.42,0.38,"2026-02-16",945,"N20","nominal","2.0NRT",305.54,6.58,"D"
"27616",30.34733,50.784,335.3,0.39,0.36,"2026-02-16",945,"N20","nominal","2.0NRT",303.16,28.33,"D"
"27617",30.34675,50.77999,301.7,0.39,0.36,"2026-02-16",945,"N20","low","2.0NRT",305.11,25.78,"D"
"27618",30.29465,50.09071,352.09,0.38,0.36,"2026-02-16",945,"N20","nominal","2.0NRT",304.97,6.16,"D"
"27619",30.29042,50.06297,335.33,0.38,0.36,"2026-02-16",945,"N20","nominal","2.0NRT",305.4,2.31,"D"
"27620",30.39488,50.62277,346.39,0.39,0.36,"2026-02-16",945,"N20","nominal","2.0NRT",303.07,5.35,"D"
"27621",30.3943,50.61879,356.12,0.39,0.36,"2026-02-16",945,"N20","nominal","2.0NRT",307.14,5.35,"D"
"27622",30.34738,50.30474,331.2,0.38,0.36,"2026-02-16",945,"N20","nominal","2.0NRT",301.51,1.49,"D"
"27623",30.39644,50.61053,345.21,0.39,0.36,"2026-02-16",945,"N20","nominal","2.0NRT",307.02,14.46,"D"
"27624",30.34851,50.28847,343.28,0.38,0.36,"2026-02-16",945,"N20","nominal","2.0NRT",304.73,3.51,"D"
"27625",30.32175,49.88947,335.19,0.38,0.36,"2026-02-16",945,"N20","nominal","2.0NRT",305.31,3.11,"D"
"27626",30.35413,49.92372,341.03,0.38,0.36,"2026-02-16",945,"N20","nominal","2.0NRT",308.15,3.31,"D"
"27627",30.44431,50.49849,332.1,0.39,0.36,"2026-02-16",945,"N20","nominal","2.0NRT",301.66,1.39,"D"
"27628",30.3612,49.88141,346.12,0.38,0.36,"2026-02-16",945,"N20","nominal","2.0NRT",307.45,3.79,"D"
"27629",30.48267,50.48273,336.87,0.39,0.36,"2026-02-16",945,"N20","low","2.0NRT",306.95,7.57,"D"
"27630",30.38896,49.86346,344.26,0.38,0.36,"2026-02-16",945,"N20","nominal","2.0NRT",312.5,18.37,"D"
"27631",30.40153,49.83226,335.43,0.38,0.36,"2026-02-16",945,"N20","nominal","2.0NRT",307.27,2.38,"D"
"27632",30.4461,49.83541,335.51,0.38,0.36,"2026-02-16",945,"N20","nominal","2.0NRT",306.68,2.37,"D"
"27633",30.56221,50.01666,342.62,0.38,0.36,"2026-02-16",945,"N20","nominal","2.0NRT",311.28,9.88,"D"
"27634",30.57129,49.92061,343.75,0.38,0.36,"2026-02-16",945,"N20","nominal","2.0NRT",304.17,5.27,"D"
"27635",30.16649,47.41541,350.04,0.43,0.38,"2026-02-16",945,"N20","nominal","2.0NRT",308.42,8.87,"D"
"27636",30.45116,49.08616,330.16,0.39,0.36,"2026-02-16",945,"N20","nominal","2.0NRT",303.36,2.45,"D"
"27637",30.1726,47.40948,338.05,0.43,0.38,"2026-02-16",945,"N20","nominal","2.0NRT",307.77,10.91,"D"
"27638",30.34378,48.27665,330.82,0.4,0.37,"2026-02-16",945,"N20","low","2.0NRT",303.84,2.6,"D"
"27639",30.19781,47.39005,342.85,0.43,0.38,"2026-02-16",945,"N20","nominal","2.0NRT",305.23,2.95,"D"
"27640",30.20794,47.39385,343.57,0.43,0.38,"2026-02-16",945,"N20","nominal","2.0NRT",307.92,4.8,"D"
"27641",30.27196,47.74164,337.78,0.41,0.37,"2026-02-16",945,"N20","nominal","2.0NRT",307.75,4.03,"D"
"27642",30.21404,47.38791,340.4,0.43,0.38,"2026-02-16",945,"N20","nominal","2.0NRT",305.28,6.18,"D"
"27643",30.27509,47.71882,336.55,0.42,0.37,"2026-02-16",945,"N20","nominal","2.0NRT",306.44,1.75,"D"
"27644",30.28118,47.3633,345.46,0.43,0.38,"2026-02-16",945,"N20","nominal","2.0NRT",305.57,6.91,"D"
"27645",30.72013,49.82557,336.12,0.38,0.36,"2026-02-16",945,"N20","nominal","2.0NRT",305.33,8.8,"D"
"27646",30.3128,47.34808,336.71,0.43,0.38,"2026-02-16",945,"N20","nominal","2.0NRT",306.25,2.46,"D"
"27647",30.70668,49.54088,347.42,0.38,0.36,"2026-02-16",945,"N20","nominal","2.0NRT",304.96,2.83,"D"
"27648",30.70996,49.5402,346.73,0.38,0.36,"2026-02-16",945,"N20","nominal","2.0NRT",308.46,4.41,"D"
"27649",30.354,47.33854,337.45,0.43,0.38,"2026-02-16",945,"N20","low","2.0NRT",308.06,13.49,"D"
"27650",30.35819,47.34211,346.24,0.43,0.38,"2026-02-16",945,"N20","nominal","2.0NRT",307.89,13.49,"D"
"27651",30.3601,47.33257,336.34,0.43,0.38,"2026-02-16",945,"N20","nominal","2.0NRT",304.27,2.94,"D"
"27652",30.36354,47.33178,343.51,0.43,0.38,"2026-02-16",945,"N20","nominal","2.0NRT",304.85,2.94,"D"
"27653",30.77258,49.76963,342.92,0.38,0.36,"2026-02-16",945,"N20","nominal","2.0NRT",309.11,8.01,"D"
"27654",30.40013,47.33692,341.57,0.43,0.38,"2026-02-16",945,"N20","nominal","2.0NRT",305.52,2.83,"D"
"27655",30.35039,46.84076,333.99,0.44,0.39,"2026-02-16",945,"N20","low","2.0NRT",307.13,1.89,"D"
"27656",30.35389,46.83993,335.27,0.44,0.39,"2026-02-16",945,"N20","nominal","2.0NRT",304.41,2.71,"D"
"27657",30.66422,48.54893,343.58,0.39,0.37,"2026-02-16",945,"N20","nominal","2.0NRT",296.34,9.53,"D"
"27658",30.52198,47.61612,335.35,0.42,0.37,"2026-02-16",945,"N20","nominal","2.0NRT",308.31,1.92,"D"
"27659",30.52124,47.61184,354.91,0.42,0.37,"2026-02-16",945,"N20","nominal","2.0NRT",312.03,8.65,"D"
"27660",30.52538,47.61534,335.99,0.42,0.37,"2026-02-16",945,"N20","nominal","2.0NRT",308.95,6.06,"D"
"27661",30.52464,47.61106,345.51,0.42,0.37,"2026-02-16",945,"N20","nominal","2.0NRT",308.31,12.67,"D"
"27662",30.53265,47.59586,334.41,0.42,0.37,"2026-02-16",945,"N20","nominal","2.0NRT",307.55,2.3,"D"
"27663",30.89805,49.67871,340.63,0.38,0.36,"2026-02-16",945,"N20","nominal","2.0NRT",308.85,9.11,"D"
"27664",30.90134,49.67803,339.73,0.38,0.36,"2026-02-16",945,"N20","nominal","2.0NRT",307.57,4.31,"D"
"27665",30.90401,49.67336,344.92,0.38,0.36,"2026-02-16",945,"N20","nominal","2.0NRT",306.77,4.31,"D"
"27666",30.94582,49.87818,346.99,0.38,0.36,"2026-02-16",945,"N20","nominal","2.0NRT",303.15,7.06,"D"
"27667",30.95032,49.88548,343.78,0.38,0.36,"2026-02-16",945,"N20","nominal","2.0NRT",301.67,8.91,"D"
"27668",30.55733,47.35241,337.76,0.42,0.38,"2026-02-16",945,"N20","nominal","2.0NRT",306.45,2.39,"D"
"27669",30.56915,47.3179,337.7,0.42,0.38,"2026-02-16",945,"N20","nominal","2.0NRT",305.67,3.31,"D"
"27670",30.56839,47.31353,336.24,0.42,0.38,"2026-02-16",945,"N20","nominal","2.0NRT",305.94,2.13,"D"
"27671",30.57334,47.32146,336.2,0.42,0.38,"2026-02-16",945,"N20","nominal","2.0NRT",305.18,3.31,"D"
"27672",30.75031,48.28342,336.94,0.4,0.37,"2026-02-16",945,"N20","low","2.0NRT",307.66,11.94,"D"
"27673",30.74963,48.2793,342.87,0.4,0.37,"2026-02-16",945,"N20","nominal","2.0NRT",312.87,11.94,"D"
"27674",30.60795,47.33615,332.88,0.42,0.38,"2026-02-16",945,"N20","nominal","2.0NRT",306.74,1.48,"D"
"27675",30.60987,47.32663,341.01,0.42,0.38,"2026-02-16",945,"N20","nominal","2.0NRT",314.06,17.65,"D"
"27676",30.98699,49.59412,352.06,0.38,0.36,"2026-02-16",945,"N20","nominal","2.0NRT",313.4,12.15,"D"
"27677",30.92037,48.86752,337.93,0.39,0.36,"2026-02-16",945,"N20","nominal","2.0NRT",307.69,1.76,"D"
"27678",30.92237,48.85874,336.72,0.39,0.36,"2026-02-16",945,"N20","low","2.0NRT",310.17,5.78,"D"
"27679",30.68413,47.32908,341.08,0.42,0.38,"2026-02-16",945,"N20","low","2.0NRT",311.62,13.48,"D"
"27680",31.04112,49.39369,339.07,0.39,0.36,"2026-02-16",945,"N20","nominal","2.0NRT",304.57,4.49,"D"
"27681",30.86007,47.92432,347.17,0.41,0.37,"2026-02-16",945,"N20","nominal","2.0NRT",306.18,5.23,"D"
"27682",30.76159,47.33039,339.32,0.42,0.38,"2026-02-16",945,"N20","nominal","2.0NRT",308.14,5.7,"D"
"27683",30.86343,47.92356,367,0.41,0.37,"2026-02-16",945,"N20","low","2.0NRT",325.19,80.01,"D"
"27684",30.76577,47.33395,340.94,0.42,0.38,"2026-02-16",945,"N20","nominal","2.0NRT",310.11,5.7,"D"
"27685",31.12464,49.31864,336.31,0.39,0.36,"2026-02-16",945,"N20","low","2.0NRT",308.11,4.68,"D"
"27686",31.12855,49.32195,336.58,0.39,0.36,"2026-02-16",945,"N20","nominal","2.0NRT",304.76,4.91,"D"
"27687",31.13184,49.32125,336.09,0.39,0.36,"2026-02-16",945,"N20","low","2.0NRT",306.65,8.08,"D"
"27688",31.13513,49.32055,350.47,0.39,0.36,"2026-02-16",945,"N20","nominal","2.0NRT",311.04,8.08,"D"
"27689",31.13451,49.31655,337.89,0.39,0.36,"2026-02-16",945,"N20","nominal","2.0NRT",306.49,3.48,"D"
"27690",31.13842,49.31986,339.53,0.39,0.36,"2026-02-16",945,"N20","nominal","2.0NRT",303.84,3.31,"D"
"27691",30.82615,47.33348,344.63,0.42,0.38,"2026-02-16",945,"N20","nominal","2.0NRT",312.02,14.68,"D"
"27692",30.8254,47.32913,341.11,0.42,0.38,"2026-02-16",945,"N20","low","2.0NRT",314.34,6.54,"D"
"27693",31.0022,48.14003,341.91,0.4,0.37,"2026-02-16",945,"N20","nominal","2.0NRT",310.21,3.7,"D"
"27694",30.88263,47.33546,349.59,0.42,0.38,"2026-02-16",945,"N20","nominal","2.0NRT",312.15,15.36,"D"
"27695",30.88187,47.33112,343.08,0.42,0.38,"2026-02-16",945,"N20","nominal","2.0NRT",317.08,15.36,"D"
"27696",31.20669,48.95306,346.86,0.39,0.36,"2026-02-16",945,"N20","nominal","2.0NRT",309.81,5.58,"D"
"27697",31.20999,48.95234,344.35,0.39,0.36,"2026-02-16",945,"N20","nominal","2.0NRT",309.5,6.43,"D"
"27698",31.21393,48.95567,340.62,0.39,0.36,"2026-02-16",945,"N20","nominal","2.0NRT",308.02,3.31,"D"
"27699",31.25152,49.17226,340.03,0.39,0.36,"2026-02-16",945,"N20","nominal","2.0NRT",304.88,3,"D"
"27700",31.23672,48.99294,337.89,0.39,0.36,"2026-02-16",945,"N20","nominal","2.0NRT",301.35,2.6,"D"
"27701",31.23607,48.98891,349.04,0.39,0.36,"2026-02-16",945,"N20","nominal","2.0NRT",310.67,25.28,"D"
"27702",31.02728,47.70454,346.39,0.41,0.37,"2026-02-16",945,"N20","nominal","2.0NRT",309.36,4.57,"D"
"27703",31.24202,48.98346,338.15,0.39,0.36,"2026-02-16",945,"N20","nominal","2.0NRT",307.51,3.75,"D"
"27704",31.31988,49.28263,345.88,0.39,0.36,"2026-02-16",945,"N20","nominal","2.0NRT",310.95,12.03,"D"
"27705",31.32317,49.28194,342.06,0.39,0.36,"2026-02-16",945,"N20","nominal","2.0NRT",305.16,3.39,"D"
"27706",31.30123,49.12057,338.4,0.39,0.36,"2026-02-16",945,"N20","nominal","2.0NRT",305.7,3.51,"D"
"27707",31.06153,47.61719,343.68,0.41,0.37,"2026-02-16",945,"N20","nominal","2.0NRT",309.76,8.88,"D"
"27708",31.27733,48.88404,335.64,0.39,0.36,"2026-02-16",945,"N20","low","2.0NRT",310.55,3.4,"D"
"27709",31.21519,48.49836,338.46,0.39,0.36,"2026-02-16",945,"N20","nominal","2.0NRT",305.88,5.47,"D"
"27710",31.24296,48.62731,337.87,0.39,0.36,"2026-02-16",945,"N20","nominal","2.0NRT",302.71,4.42,"D"
"27711",31.08061,47.62608,346.54,0.41,0.37,"2026-02-16",945,"N20","nominal","2.0NRT",313.05,14.83,"D"
"27712",31.02925,47.28436,367,0.42,0.38,"2026-02-16",945,"N20","high","2.0NRT",344.63,45.35,"D"
"27713",31.16006,48.05793,335.06,0.4,0.37,"2026-02-16",945,"N20","nominal","2.0NRT",308.53,1.35,"D"
"27714",31.03,47.28871,331.48,0.42,0.38,"2026-02-16",945,"N20","nominal","2.0NRT",304.14,2.95,"D"
"27715",31.0285,47.28,336.3,0.42,0.38,"2026-02-16",945,"N20","nominal","2.0NRT",310.63,45.35,"D"
"27716",31.03266,47.28355,353.3,0.42,0.38,"2026-02-16",945,"N20","nominal","2.0NRT",313.53,45.35,"D"
"27717",31.27714,48.73336,335.15,0.39,0.36,"2026-02-16",945,"N20","low","2.0NRT",309.16,3.71,"D"
"27718",31.13948,47.87175,339.51,0.41,0.37,"2026-02-16",945,"N20","nominal","2.0NRT",310.98,2.87,"D"
"27719",31.3041,48.77359,335.36,0.39,0.36,"2026-02-16",945,"N20","low","2.0NRT",306.43,6.14,"D"
"27720",31.3074,48.77287,342.19,0.39,0.36,"2026-02-16",945,"N20","nominal","2.0NRT",311.35,6.14,"D"
"27721",31.07425,47.26104,342.69,0.42,0.38,"2026-02-16",945,"N20","nominal","2.0NRT",311.23,5.51,"D"
"27722",31.10155,47.29542,341.28,0.42,0.38,"2026-02-16",945,"N20","nominal","2.0NRT",314.34,4.74,"D"
"27723",31.23693,47.96743,338.1,0.4,0.37,"2026-02-16",945,"N20","nominal","2.0NRT",305.74,3.58,"D"
"27724",31.23623,47.96325,336.15,0.4,0.37,"2026-02-16",945,"N20","nominal","2.0NRT",308.6,2.63,"D"
"27725",31.26921,48.1199,337.21,0.4,0.37,"2026-02-16",945,"N20","nominal","2.0NRT",303.91,1.75,"D"
"27726",31.26852,48.11575,343.57,0.4,0.37,"2026-02-16",945,"N20","nominal","2.0NRT",308.91,1.75,"D"
"27727",31.27255,48.11915,345.68,0.4,0.37,"2026-02-16",945,"N20","nominal","2.0NRT",308.44,49.74,"D"
"27728",31.51494,49.46519,336.63,0.38,0.36,"2026-02-16",945,"N20","nominal","2.0NRT",309.01,3.51,"D"
"27729",31.51432,49.46117,333.15,0.38,0.36,"2026-02-16",945,"N20","nominal","2.0NRT",306.87,1.6,"D"
"27730",31.40673,48.65107,347.64,0.39,0.36,"2026-02-16",945,"N20","nominal","2.0NRT",313.2,6.35,"D"
"27731",31.40607,48.647,346.63,0.39,0.36,"2026-02-16",945,"N20","nominal","2.0NRT",308.77,6.35,"D"
"27732",31.30008,47.79716,341.61,0.41,0.37,"2026-02-16",945,"N20","nominal","2.0NRT",313.64,10.65,"D"
"27733",31.35237,47.85943,336.51,0.4,0.37,"2026-02-16",945,"N20","low","2.0NRT",310.4,5.69,"D"
"27734",31.49706,48.47171,339.33,0.39,0.36,"2026-02-16",945,"N20","nominal","2.0NRT",309.04,3.62,"D"
"27735",32.39298,53.75837,339.57,0.49,0.4,"2026-02-16",945,"N20","nominal","2.0NRT",302.79,4.33,"D"
"27736",31.76308,49.15665,342.91,0.39,0.36,"2026-02-16",945,"N20","nominal","2.0NRT",309.85,2.88,"D"
"27737",31.896,49.68624,330.2,0.38,0.36,"2026-02-16",945,"N20","nominal","2.0NRT",300.96,1.83,"D"
"27738",31.3285,46.23204,332.48,0.45,0.39,"2026-02-16",945,"N20","nominal","2.0NRT",303.26,1.75,"D"
"27739",31.6643,47.84808,337.7,0.4,0.37,"2026-02-16",945,"N20","nominal","2.0NRT",301.67,5.15,"D"
"27740",31.35441,45.96707,345.41,0.47,0.39,"2026-02-16",945,"N20","nominal","2.0NRT",306.72,3.46,"D"
"27741",32.19567,51.18329,333.8,0.4,0.37,"2026-02-16",945,"N20","nominal","2.0NRT",296.01,3.14,"D"
"27742",31.35798,45.96618,338.73,0.47,0.39,"2026-02-16",945,"N20","nominal","2.0NRT",311.93,7.77,"D"
"27743",31.35711,45.96136,335.52,0.47,0.39,"2026-02-16",945,"N20","nominal","2.0NRT",308.43,7.77,"D"
"27744",31.88198,49.00253,330.39,0.39,0.36,"2026-02-16",945,"N20","nominal","2.0NRT",300.89,2.62,"D"
"27745",32.24302,51.42366,336.79,0.41,0.37,"2026-02-16",945,"N20","nominal","2.0NRT",302.83,7.47,"D"
"27746",31.23999,45.25637,335.17,0.5,0.41,"2026-02-16",945,"N20","nominal","2.0NRT",305.63,2.5,"D"
"27747",31.75512,48.11286,335.19,0.4,0.37,"2026-02-16",945,"N20","nominal","2.0NRT",308.78,3.36,"D"
"27748",31.65461,47.51659,345.65,0.41,0.37,"2026-02-16",945,"N20","nominal","2.0NRT",308.71,7.56,"D"
"27749",32.40675,51.51798,337.12,0.41,0.37,"2026-02-16",945,"N20","nominal","2.0NRT",302.04,3.74,"D"
"27750",32.0638,49.09776,337.31,0.39,0.36,"2026-02-16",945,"N20","nominal","2.0NRT",307.72,4.53,"D"
"27751",32.4063,51.33717,334.98,0.4,0.37,"2026-02-16",945,"N20","nominal","2.0NRT",301.49,3.13,"D"
"27752",32.07874,48.6755,335.74,0.39,0.36,"2026-02-16",945,"N20","nominal","2.0NRT",309.03,4.01,"D"
"27753",32.16072,49.06486,340.54,0.39,0.36,"2026-02-16",945,"N20","nominal","2.0NRT",308.77,9.96,"D"
"27754",31.76303,46.04842,335.79,0.46,0.39,"2026-02-16",945,"N20","low","2.0NRT",307.39,10.63,"D"
"27755",31.77002,46.06649,332.87,0.46,0.39,"2026-02-16",945,"N20","nominal","2.0NRT",306.18,1.89,"D"
"27756",31.76916,46.06175,333.93,0.46,0.39,"2026-02-16",945,"N20","nominal","2.0NRT",305.96,3.12,"D"
"27757",32.05796,47.44402,345.62,0.41,0.37,"2026-02-16",945,"N20","nominal","2.0NRT",316.59,14.83,"D"
"27758",32.10455,47.54929,345.42,0.41,0.37,"2026-02-16",945,"N20","nominal","2.0NRT",313.54,10.23,"D"
"27759",32.10792,47.54852,342.09,0.41,0.37,"2026-02-16",945,"N20","nominal","2.0NRT",309.44,10.23,"D"
"27760",32.09433,47.42758,337.17,0.41,0.37,"2026-02-16",945,"N20","nominal","2.0NRT",309.83,3.11,"D"
"27761",32.14531,47.58391,336.73,0.4,0.37,"2026-02-16",945,"N20","nominal","2.0NRT",307.82,6.45,"D"
"27762",32.11646,47.4135,340.33,0.41,0.37,"2026-02-16",945,"N20","nominal","2.0NRT",310.16,12.89,"D"
"27763",31.65224,44.83151,334.8,0.52,0.41,"2026-02-16",945,"N20","nominal","2.0NRT",305.27,3.58,"D"
"27764",32.12995,47.41035,338.47,0.41,0.37,"2026-02-16",945,"N20","nominal","2.0NRT",307.98,5.71,"D"
"27765",32.17704,47.52362,335.71,0.41,0.37,"2026-02-16",945,"N20","nominal","2.0NRT",307.37,7.88,"D"
"27766",32.25463,47.25205,345.81,0.41,0.37,"2026-02-16",945,"N20","nominal","2.0NRT",309.62,6.82,"D"
"27767",32.25801,47.25126,347.66,0.41,0.37,"2026-02-16",945,"N20","nominal","2.0NRT",308.86,6.82,"D"
"27768",32.35013,47.70906,345.54,0.4,0.37,"2026-02-16",945,"N20","nominal","2.0NRT",310.81,11.82,"D"
"27769",32.35418,47.71252,336.57,0.4,0.37,"2026-02-16",945,"N20","nominal","2.0NRT",307.34,10.53,"D"
"27770",32.35347,47.70831,316.68,0.4,0.37,"2026-02-16",945,"N20","low","2.0NRT",316.94,11.82,"D"
"27771",32.35875,47.69834,345.74,0.4,0.37,"2026-02-16",945,"N20","nominal","2.0NRT",310.96,6.88,"D"
"27772",32.34633,47.45919,341.65,0.41,0.37,"2026-02-16",945,"N20","nominal","2.0NRT",306.27,2.77,"D"
"27773",32.48746,47.20971,336.54,0.41,0.37,"2026-02-16",945,"N20","low","2.0NRT",309.98,3.33,"D"
"27774",32.50095,47.20639,338.53,0.41,0.37,"2026-02-16",945,"N20","nominal","2.0NRT",305.71,3.95,"D"
"27775",32.59666,47.54447,338.01,0.4,0.37,"2026-02-16",945,"N20","nominal","2.0NRT",309.58,5.24,"D"
"27776",32.72988,48.29311,343.83,0.39,0.36,"2026-02-16",945,"N20","nominal","2.0NRT",302.37,3.82,"D"
"27777",32.73318,48.29235,330.57,0.39,0.36,"2026-02-16",945,"N20","nominal","2.0NRT",298.2,1.45,"D"
"27778",32.6752,45.8219,334.96,0.45,0.39,"2026-02-16",945,"N20","nominal","2.0NRT",304.54,2.66,"D"
"27779",32.61491,44.31227,333.84,0.53,0.42,"2026-02-16",945,"N20","nominal","2.0NRT",300.46,2.64,"D"
"27780",32.89606,44.99768,334.17,0.49,0.4,"2026-02-16",945,"N20","nominal","2.0NRT",301.88,4.92,"D"
"27781",32.7912,44.42865,335.82,0.52,0.41,"2026-02-16",945,"N20","nominal","2.0NRT",300.36,5.77,"D"
"27782",33.15847,44.78543,340.62,0.49,0.4,"2026-02-16",945,"N20","nominal","2.0NRT",301.74,6.88,"D"
"27783",33.22058,44.76873,338.97,0.49,0.4,"2026-02-16",945,"N20","nominal","2.0NRT",306.33,46.53,"D"
"27784",33.32172,44.57116,343.68,0.5,0.41,"2026-02-16",945,"N20","nominal","2.0NRT",301.5,5.07,"D"
"27785",34.45232,50.45329,331.03,0.4,0.37,"2026-02-16",945,"N20","nominal","2.0NRT",298.01,0.9,"D"
"27786",33.4134,43.5528,332.14,0.56,0.43,"2026-02-16",945,"N20","nominal","2.0NRT",298.85,8.85,"D"
"27787",34.39804,47.66216,330.16,0.39,0.36,"2026-02-16",945,"N20","nominal","2.0NRT",297.7,1.55,"D"
"27788",34.23995,43.81773,335.12,0.52,0.42,"2026-02-16",945,"N20","low","2.0NRT",305.72,22.37,"D"
"27789",35.21267,46.99178,337.35,0.4,0.37,"2026-02-16",945,"N20","nominal","2.0NRT",297.27,2.97,"D"
"27790",35.12193,44.82453,335.14,0.46,0.39,"2026-02-16",947,"N20","nominal","2.0NRT",299.04,9.72,"D"
"27791",35.01881,43.50037,341.04,0.53,0.42,"2026-02-16",947,"N20","nominal","2.0NRT",301.9,12.83,"D"
"27792",35.24466,44.43234,344.74,0.47,0.4,"2026-02-16",947,"N20","nominal","2.0NRT",305.31,17.65,"D"
"27793",35.38635,44.21903,336.68,0.48,0.4,"2026-02-16",947,"N20","nominal","2.0NRT",299.23,4.96,"D"
"27794",35.45866,44.42166,339.23,0.47,0.4,"2026-02-16",947,"N20","nominal","2.0NRT",302.59,6.89,"D"
"27795",35.48402,44.15487,343.3,0.48,0.4,"2026-02-16",947,"N20","nominal","2.0NRT",300.39,14.72,"D"
"27796",35.52405,44.34576,339.91,0.47,0.4,"2026-02-16",947,"N20","nominal","2.0NRT",300.64,6.58,"D"
"27797",35.48764,44.15385,340.89,0.48,0.4,"2026-02-16",947,"N20","nominal","2.0NRT",300.52,14.72,"D"
"27798",35.52763,44.34476,343.54,0.47,0.4,"2026-02-16",947,"N20","nominal","2.0NRT",299.65,11.52,"D"
"27799",35.53384,44.3376,332.22,0.47,0.4,"2026-02-16",947,"N20","nominal","2.0NRT",299.58,2.73,"D"
"27800",35.66845,45.00472,329.81,0.45,0.39,"2026-02-16",947,"N20","nominal","2.0NRT",295.12,1.51,"D"
"27801",34.90791,40.82711,336.32,0.48,0.48,"2026-02-16",947,"N20","nominal","2.0NRT",305.72,3.19,"D"
"27802",35.62658,44.00993,336.91,0.49,0.4,"2026-02-16",947,"N20","nominal","2.0NRT",304.82,14.35,"D"
"27803",35.66042,43.96684,343.36,0.49,0.4,"2026-02-16",947,"N20","nominal","2.0NRT",306,17.79,"D"
"27804",35.08343,40.53706,338.42,0.49,0.49,"2026-02-16",947,"N20","nominal","2.0NRT",303.71,10.13,"D"
"27805",36.81375,46.3504,332.02,0.4,0.37,"2026-02-16",947,"N20","nominal","2.0NRT",295.94,6.14,"D"
"27806",36.7752,43.3269,343.61,0.5,0.41,"2026-02-16",947,"N20","nominal","2.0NRT",299.66,10.08,"D"
"27807",36.90468,43.38728,329.76,0.5,0.41,"2026-02-16",947,"N20","nominal","2.0NRT",293,3.51,"D"
"27808",36.94518,42.13139,334.63,0.56,0.43,"2026-02-16",947,"N20","nominal","2.0NRT",294.65,3.63,"D"
"27809",37.07649,42.55783,335.11,0.53,0.42,"2026-02-16",947,"N20","nominal","2.0NRT",296.63,5,"D"
"27810",38.85218,54.23944,339.88,0.41,0.45,"2026-02-16",947,"N20","nominal","2.0NRT",293.47,6.01,"D"
"27811",37.14222,40.34347,338.29,0.46,0.47,"2026-02-16",947,"N20","nominal","2.0NRT",295.43,26.46,"D"
"27812",37.1178,40.15148,326.67,0.47,0.47,"2026-02-16",947,"N20","nominal","2.0NRT",294.72,1.7,"D"
"27813",37.03093,39.66613,329.99,0.5,0.49,"2026-02-16",947,"N20","nominal","2.0NRT",295.15,2.93,"D"
"27814",37.12656,39.63257,325.37,0.5,0.49,"2026-02-16",947,"N20","nominal","2.0NRT",295.9,3.14,"D"
"27815",38.78386,48.52394,329.58,0.39,0.36,"2026-02-16",947,"N20","nominal","2.0NRT",296.09,1.64,"D"
"27816",37.12984,39.63353,328.22,0.5,0.49,"2026-02-16",947,"N20","nominal","2.0NRT",295.02,5.29,"D"
"27817",39.47481,52.68976,332.51,0.53,0.42,"2026-02-16",947,"N20","nominal","2.0NRT",281.99,3.38,"D"
"27818",39.3908,48.8097,331.08,0.4,0.37,"2026-02-16",947,"N20","nominal","2.0NRT",295.51,2.31,"D"
"27819",39.54068,48.1425,331.45,0.39,0.36,"2026-02-16",947,"N20","nominal","2.0NRT",296.36,2.39,"D"
"27820",39.69694,48.30637,331.9,0.39,0.36,"2026-02-16",947,"N20","nominal","2.0NRT",295.65,1.34,"D"
"27821",39.79145,48.39803,330.56,0.39,0.36,"2026-02-16",947,"N20","nominal","2.0NRT",294.88,4.6,"D"
"27822",39.68283,47.5837,344.57,0.38,0.36,"2026-02-16",947,"N20","nominal","2.0NRT",295.18,3.94,"D"
"27823",39.96432,48.53671,330.89,0.39,0.36,"2026-02-16",947,"N20","nominal","2.0NRT",295.49,3.01,"D"
"27824",40.02971,48.16037,329.45,0.39,0.36,"2026-02-16",947,"N20","nominal","2.0NRT",293.23,17.21,"D"
"27825",40.12654,48.63505,327.7,0.4,0.37,"2026-02-16",947,"N20","nominal","2.0NRT",292.04,2.48,"D"
"27826",40.29219,47.88516,330.55,0.39,0.36,"2026-02-16",947,"N20","nominal","2.0NRT",294.49,5.61,"D"
"27827",40.29153,47.88064,329.79,0.39,0.36,"2026-02-16",947,"N20","nominal","2.0NRT",295.17,4.28,"D"
"27828",40.29607,47.72503,331.92,0.39,0.36,"2026-02-16",947,"N20","nominal","2.0NRT",296.13,2.24,"D"
"27829",40.29131,47.62453,333.17,0.39,0.36,"2026-02-16",947,"N20","nominal","2.0NRT",296.15,6.46,"D"
"27830",40.35197,47.82925,326.26,0.39,0.36,"2026-02-16",947,"N20","low","2.0NRT",297.57,4.77,"D"
"27831",40.45145,48.11551,340.56,0.39,0.36,"2026-02-16",947,"N20","nominal","2.0NRT",295.29,3.23,"D"
"27832",40.42311,47.45717,331.61,0.39,0.36,"2026-02-16",947,"N20","nominal","2.0NRT",295.41,2.5,"D"
"27833",40.53016,48.09775,343.34,0.39,0.36,"2026-02-16",947,"N20","nominal","2.0NRT",295.35,8.24,"D"
"27834",40.4504,46.91557,328.24,0.38,0.36,"2026-02-16",947,"N20","nominal","2.0NRT",294.12,2.01,"D"
"27835",40.72854,48.48935,328.28,0.4,0.37,"2026-02-16",947,"N20","nominal","2.0NRT",292.94,2.07,"D"
"27836",40.67188,47.50481,330.2,0.39,0.36,"2026-02-16",947,"N20","nominal","2.0NRT",293.45,7.95,"D"
"27837",40.67121,47.50029,326.47,0.39,0.36,"2026-02-16",947,"N20","nominal","2.0NRT",297.92,9.23,"D"
"27838",40.71143,47.26664,329.95,0.38,0.36,"2026-02-16",947,"N20","nominal","2.0NRT",292.85,4.03,"D"
"27839",40.7618,47.21608,343.85,0.38,0.36,"2026-02-16",947,"N20","nominal","2.0NRT",292.79,3.91,"D"
"27840",38.28213,34.13904,325.25,0.45,0.63,"2026-02-16",947,"N20","nominal","2.0NRT",291.66,2.27,"D"
"27841",41.25165,46.93964,327.36,0.38,0.36,"2026-02-16",947,"N20","nominal","2.0NRT",293.77,2.28,"D"
"27842",41.0018,45.27617,333.19,0.39,0.36,"2026-02-16",947,"N20","nominal","2.0NRT",293.79,3.25,"D"
"27843",41.188,45.76588,326.69,0.39,0.36,"2026-02-16",947,"N20","nominal","2.0NRT",293.66,2.09,"D"
"27844",41.49978,47.56022,331.09,0.39,0.36,"2026-02-16",947,"N20","nominal","2.0NRT",299.04,2.4,"D"
"27845",41.50306,47.5593,330.98,0.39,0.36,"2026-02-16",947,"N20","nominal","2.0NRT",299.02,2.32,"D"
"27846",41.42156,46.00856,333.63,0.39,0.36,"2026-02-16",947,"N20","nominal","2.0NRT",299.75,2.18,"D"
"27847",41.45729,44.90786,341.66,0.4,0.37,"2026-02-16",949,"N20","nominal","2.0NRT",296.54,3.01,"D"
"27848",41.46139,44.91156,348.5,0.4,0.37,"2026-02-16",949,"N20","nominal","2.0NRT",296.81,6.28,"D"
"27849",41.46061,44.90689,345.64,0.4,0.37,"2026-02-16",949,"N20","nominal","2.0NRT",296.15,3.01,"D"
"27850",41.46548,44.91527,340.24,0.4,0.37,"2026-02-16",949,"N20","nominal","2.0NRT",297.53,4.29,"D"
"27851",41.4647,44.9106,356.39,0.4,0.37,"2026-02-16",949,"N20","low","2.0NRT",298.69,4.29,"D"
"27852",41.46801,44.90964,339.71,0.4,0.37,"2026-02-16",949,"N20","nominal","2.0NRT",295.5,4.29,"D"
"27853",41.68594,45.95276,338.33,0.39,0.36,"2026-02-16",949,"N20","nominal","2.0NRT",301.11,9.05,"D"
"27854",41.54121,45.06478,353.21,0.39,0.36,"2026-02-16",949,"N20","nominal","2.0NRT",296.77,4.78,"D"
"27855",41.68921,45.95184,345.37,0.39,0.36,"2026-02-16",949,"N20","nominal","2.0NRT",298.71,25.86,"D"
"27856",41.54529,45.06845,335.21,0.39,0.36,"2026-02-16",949,"N20","nominal","2.0NRT",296.6,4.41,"D"
"27857",41.54451,45.0638,354.9,0.39,0.36,"2026-02-16",949,"N20","nominal","2.0NRT",298.74,4.41,"D"
"27858",41.54781,45.06283,337.05,0.39,0.36,"2026-02-16",949,"N20","nominal","2.0NRT",296.12,4.41,"D"
"27859",41.57522,44.75117,329.51,0.4,0.37,"2026-02-16",949,"N20","nominal","2.0NRT",294.64,2.12,"D"
"27860",41.85611,45.75504,330.7,0.39,0.36,"2026-02-16",949,"N20","nominal","2.0NRT",296.37,7.81,"D"
"27861",41.45168,43.32548,329.93,0.43,0.38,"2026-02-16",949,"N20","nominal","2.0NRT",292.54,4.7,"D"
"27862",41.4551,43.32442,331.62,0.43,0.38,"2026-02-16",949,"N20","nominal","2.0NRT",289.08,4.7,"D"
"27863",42.00619,43.8968,325.63,0.41,0.37,"2026-02-16",949,"N20","nominal","2.0NRT",295.45,1.2,"D"
"27864",42.11953,44.16235,330.28,0.4,0.37,"2026-02-16",949,"N20","nominal","2.0NRT",294.03,4.76,"D"
"27865",42.28725,43.98351,330.12,0.41,0.37,"2026-02-16",949,"N20","nominal","2.0NRT",290.74,2.69,"D"
"27866",42.28971,43.97739,330.78,0.41,0.37,"2026-02-16",949,"N20","nominal","2.0NRT",291.41,2.69,"D"
"27867",43.37984,46.98546,338.21,0.39,0.36,"2026-02-16",949,"N20","nominal","2.0NRT",274.03,6.13,"D"
"27868",44.91357,48.96177,334.55,0.44,0.38,"2026-02-16",949,"N20","nominal","2.0NRT",271.92,2.72,"D"
"27869",44.9133,48.95947,339.01,0.44,0.38,"2026-02-16",949,"N20","nominal","2.0NRT",271.8,3.26,"D"
"27870",43.85688,41.83739,346.45,0.44,0.39,"2026-02-16",949,"N20","nominal","2.0NRT",303.83,23.14,"D"
"27871",43.85585,41.83198,352.51,0.44,0.39,"2026-02-16",949,"N20","nominal","2.0NRT",297.46,23.14,"D"
"27872",43.86136,41.84151,334.35,0.44,0.39,"2026-02-16",949,"N20","nominal","2.0NRT",291.85,4.41,"D"
"27873",43.86032,41.83607,346.18,0.44,0.39,"2026-02-16",949,"N20","nominal","2.0NRT",295.38,8.9,"D"
"27874",44.20987,40.85853,328.94,0.47,0.4,"2026-02-16",949,"N20","nominal","2.0NRT",279.82,7.05,"D"
"27875",44.27209,41.11671,342.89,0.46,0.39,"2026-02-16",949,"N20","nominal","2.0NRT",282.9,6.22,"D"
"27876",44.37916,41.1168,332.51,0.46,0.39,"2026-02-16",949,"N20","nominal","2.0NRT",284.84,13.67,"D"
"27877",44.38266,41.11542,342.97,0.46,0.39,"2026-02-16",949,"N20","nominal","2.0NRT",289.88,13.67,"D"
"27878",45.90279,47.56545,327.78,0.41,0.37,"2026-02-16",949,"N20","nominal","2.0NRT",279.82,3,"D"
"27879",45.15201,41.87674,344.2,0.43,0.38,"2026-02-16",949,"N20","nominal","2.0NRT",288.27,5.84,"D"
"27880",46.77435,48.13664,343.28,0.43,0.38,"2026-02-16",949,"N20","nominal","2.0NRT",295.94,27.83,"D"
"27881",46.77367,48.13102,338.82,0.43,0.38,"2026-02-16",949,"N20","nominal","2.0NRT",286.43,27.83,"D"
"27882",46.77714,48.13013,345.92,0.43,0.38,"2026-02-16",949,"N20","nominal","2.0NRT",296.51,27.83,"D"
"27883",45.16109,37.38917,338.73,0.41,0.45,"2026-02-16",949,"N20","nominal","2.0NRT",265.26,6.96,"D"
"27884",45.16737,37.3975,338.22,0.41,0.45,"2026-02-16",949,"N20","nominal","2.0NRT",281.65,15.55,"D"
"27885",45.16622,37.39244,352.2,0.41,0.45,"2026-02-16",949,"N20","nominal","2.0NRT",289.42,15.55,"D"
"27886",45.26314,36.99085,346.15,0.43,0.46,"2026-02-16",949,"N20","nominal","2.0NRT",284.87,8.89,"D"
"27887",45.26191,36.98559,336.77,0.43,0.46,"2026-02-16",949,"N20","nominal","2.0NRT",286.36,3.67,"D"
"27888",45.2672,36.98912,353.06,0.43,0.46,"2026-02-16",949,"N20","nominal","2.0NRT",287.84,15.51,"D"
"27889",45.26596,36.98385,329.49,0.43,0.46,"2026-02-16",949,"N20","nominal","2.0NRT",285.11,3.04,"D"
"27890",22.42336,28.18783,351.62,0.4,0.37,"2026-02-16",1123,"N20","nominal","2.0NRT",321.8,5.24,"D"
"27891",22.42672,28.18728,349.14,0.4,0.37,"2026-02-16",1123,"N20","nominal","2.0NRT",321.56,5.24,"D"
"27892",23.94756,38.28394,343.06,0.5,0.66,"2026-02-16",1125,"N20","nominal","2.0NRT",308.8,5.15,"D"
"27893",23.94852,38.2817,336.9,0.5,0.66,"2026-02-16",1125,"N20","low","2.0NRT",308.21,4.52,"D"
"27894",25.41739,32.51309,340.22,0.45,0.47,"2026-02-16",1125,"N20","nominal","2.0NRT",302.66,4.66,"D"
"27895",25.41689,32.5086,335.14,0.45,0.47,"2026-02-16",1125,"N20","nominal","2.0NRT",308.06,4.66,"D"
"27896",25.40017,32.41178,338.98,0.44,0.46,"2026-02-16",1125,"N20","low","2.0NRT",312.56,3.93,"D"
"27897",25.41921,32.50935,342.24,0.45,0.47,"2026-02-16",1125,"N20","nominal","2.0NRT",305.51,8.44,"D"
"27898",26.02646,32.17083,341.54,0.44,0.46,"2026-02-16",1125,"N20","nominal","2.0NRT",300.68,4.13,"D"
"27899",26.02591,32.17173,343.16,0.44,0.46,"2026-02-16",1125,"N20","nominal","2.0NRT",300.77,5.89,"D"
"27900",26.26243,32.05874,341.02,0.43,0.46,"2026-02-16",1125,"N20","nominal","2.0NRT",303.27,4.93,"D"
"27901",29.01583,31.20302,347.87,0.42,0.45,"2026-02-16",1125,"N20","nominal","2.0NRT",315.38,7.74,"D"
"27902",30.11167,38.20284,353.21,0.57,0.69,"2026-02-16",1125,"N20","nominal","2.0NRT",301.82,5.98,"D"
"27903",30.11339,38.20598,335.72,0.57,0.69,"2026-02-16",1125,"N20","nominal","2.0NRT",301.29,5.52,"D"
"27904",29.68894,32.31987,342.71,0.49,0.49,"2026-02-16",1125,"N20","nominal","2.0NRT",310.06,3.64,"D"
"27905",29.80537,32.09115,343.69,0.48,0.48,"2026-02-16",1125,"N20","nominal","2.0NRT",312.76,4.7,"D"
"27906",30.2729,30.51739,350.35,0.4,0.44,"2026-02-16",1125,"N20","nominal","2.0NRT",310.5,40.51,"D"
"27907",30.69906,33.85044,335.42,0.63,0.54,"2026-02-16",1125,"N20","low","2.0NRT",310.29,3.76,"D"
"27908",30.94495,31.73028,335.6,0.47,0.48,"2026-02-16",1127,"N20","nominal","2.0NRT",298.84,4.43,"D"
"27909",30.94447,31.7253,333.99,0.47,0.48,"2026-02-16",1127,"N20","nominal","2.0NRT",299.96,4.43,"D"
"27910",32.20019,36.58255,332.28,0.47,0.64,"2026-02-16",1127,"N20","nominal","2.0NRT",300.09,3.77,"D"
"27911",32.14561,35.20092,330.52,0.39,0.59,"2026-02-16",1127,"N20","nominal","2.0NRT",298.33,1.53,"D"
"27912",37.47832,33.37076,354.07,0.35,0.56,"2026-02-16",1127,"N20","nominal","2.0NRT",292.08,4.76,"D"
"27913",9.01242,41.41656,353.61,0.54,0.68,"2026-02-16",1119,"N20","nominal","2.0NRT",310.26,15.38,"D"
"27914",9.0119,41.41239,353.77,0.54,0.68,"2026-02-16",1119,"N20","nominal","2.0NRT",309.88,18.27,"D"
"27915",9.574,42.5336,367,0.65,0.73,"2026-02-16",1119,"N20","high","2.0NRT",303.16,23.8,"D"
"27916",9.01626,37.12144,335.87,0.54,0.51,"2026-02-16",1119,"N20","low","2.0NRT",305.88,7.7,"D"
"27917",9.01383,37.11854,333.23,0.55,0.51,"2026-02-16",1119,"N20","low","2.0NRT",307.3,5.19,"D"
"27918",9.11163,37.03439,343.29,0.54,0.51,"2026-02-16",1119,"N20","nominal","2.0NRT",305.82,4.87,"D"
"27919",9.11463,37.03123,347,0.54,0.51,"2026-02-16",1119,"N20","nominal","2.0NRT",311.19,8.99,"D"
"27920",9.0909,36.14285,342.03,0.47,0.48,"2026-02-16",1119,"N20","nominal","2.0NRT",305.89,3.15,"D"
"27921",9.08364,36.09094,355.3,0.47,0.47,"2026-02-16",1119,"N20","nominal","2.0NRT",311.38,19.17,"D"
"27922",9.09287,36.09346,334.04,0.47,0.47,"2026-02-16",1119,"N20","low","2.0NRT",308.69,5.75,"D"
"27923",9.10691,36.16169,353.45,0.47,0.48,"2026-02-16",1119,"N20","nominal","2.0NRT",313.06,20.87,"D"
"27924",9.0961,36.08485,345.1,0.47,0.47,"2026-02-16",1119,"N20","nominal","2.0NRT",312.91,14.86,"D"
"27925",9.11188,36.16532,339.09,0.47,0.48,"2026-02-16",1119,"N20","low","2.0NRT",311.7,12.16,"D"
"27926",9.11129,36.16111,355.17,0.47,0.48,"2026-02-16",1119,"N20","nominal","2.0NRT",318.86,17.42,"D"
"27927",9.11567,36.16051,342.53,0.47,0.48,"2026-02-16",1119,"N20","nominal","2.0NRT",313.53,17.42,"D"
"27928",9.10879,36.11192,339.51,0.47,0.48,"2026-02-16",1119,"N20","nominal","2.0NRT",307.67,3.67,"D"
"27929",9.10764,36.1038,342.16,0.47,0.47,"2026-02-16",1119,"N20","nominal","2.0NRT",306.54,10.71,"D"
"27930",9.09347,36.08981,336.94,0.47,0.47,"2026-02-16",1119,"N20","low","2.0NRT",310.44,5.78,"D"
"27931",9.09728,36.08511,343.14,0.47,0.47,"2026-02-16",1119,"N20","nominal","2.0NRT",308.1,8.63,"D"
"27932",9.09673,36.08094,339.74,0.47,0.47,"2026-02-16",1119,"N20","nominal","2.0NRT",300.99,8.63,"D"
"27933",9.11191,36.16156,367,0.47,0.48,"2026-02-16",1119,"N20","high","2.0NRT",317.95,14.62,"D"
"27934",9.10977,36.11215,353.5,0.47,0.48,"2026-02-16",1119,"N20","nominal","2.0NRT",312.02,11.89,"D"
"27935",9.10869,36.10406,352.88,0.47,0.48,"2026-02-16",1119,"N20","nominal","2.0NRT",305.75,12.53,"D"
"27936",9.11537,36.12082,333.58,0.47,0.48,"2026-02-16",1119,"N20","low","2.0NRT",306.73,3.06,"D"
"27937",9.11409,36.11124,353.52,0.47,0.48,"2026-02-16",1119,"N20","nominal","2.0NRT",316.29,23.46,"D"
"27938",9.11843,36.11051,355.63,0.47,0.48,"2026-02-16",1119,"N20","nominal","2.0NRT",310.98,23.46,"D"
"27939",9.1541,36.14392,346.18,0.47,0.48,"2026-02-16",1119,"N20","nominal","2.0NRT",307.95,5.75,"D"
"27940",9.17781,36.1867,340.67,0.47,0.48,"2026-02-16",1119,"N20","nominal","2.0NRT",309.5,7.15,"D"
"27941",9.18293,36.12672,344.2,0.47,0.48,"2026-02-16",1119,"N20","nominal","2.0NRT",311.86,25.37,"D"
"27942",9.21794,36.1858,340.65,0.47,0.48,"2026-02-16",1119,"N20","nominal","2.0NRT",308.69,3.57,"D"
"27943",9.33434,36.95318,340.33,0.54,0.51,"2026-02-16",1119,"N20","nominal","2.0NRT",292.33,15.98,"D"
"27944",9.21793,36.18266,334.26,0.47,0.48,"2026-02-16",1119,"N20","low","2.0NRT",309.19,5.51,"D"
"27945",9.27099,36.11282,348.08,0.47,0.48,"2026-02-16",1119,"N20","nominal","2.0NRT",310.36,7.57,"D"
"27946",9.26018,36.00192,342.16,0.46,0.47,"2026-02-16",1119,"N20","nominal","2.0NRT",303.12,3.83,"D"
"27947",9.37994,36.84423,342.56,0.53,0.5,"2026-02-16",1119,"N20","nominal","2.0NRT",307.22,33.59,"D"
"27948",9.37932,36.83967,339.92,0.53,0.5,"2026-02-16",1119,"N20","nominal","2.0NRT",306.83,33.59,"D"
"27949",9.26455,36.00156,335.9,0.46,0.47,"2026-02-16",1119,"N20","nominal","2.0NRT",304.99,3.83,"D"
"27950",9.26396,35.99731,333.35,0.46,0.47,"2026-02-16",1119,"N20","nominal","2.0NRT",303.96,3.83,"D"
"27951",9.26587,35.97916,338.35,0.46,0.47,"2026-02-16",1119,"N20","nominal","2.0NRT",304.71,6.05,"D"
"27952",9.38036,36.67693,340.35,0.51,0.5,"2026-02-16",1119,"N20","low","2.0NRT",312.47,3.98,"D"
"27953",9.10939,34.65984,334.07,0.57,0.43,"2026-02-16",1119,"N20","nominal","2.0NRT",300.06,6.95,"D"
"27954",9.10854,34.66154,335.34,0.57,0.43,"2026-02-16",1119,"N20","nominal","2.0NRT",301.4,6.48,"D"
"27955",9.64085,38.42745,341.58,0.34,0.56,"2026-02-16",1119,"N20","low","2.0NRT",311.71,2.89,"D"
"27956",9.40548,36.54655,340.66,0.5,0.49,"2026-02-16",1119,"N20","low","2.0NRT",313.35,14.3,"D"
"27957",9.41,36.54597,351.98,0.5,0.49,"2026-02-16",1119,"N20","nominal","2.0NRT",313.24,14.3,"D"
"27958",9.40938,36.54134,339.93,0.5,0.49,"2026-02-16",1119,"N20","low","2.0NRT",314.79,14.3,"D"
"27959",9.41514,36.55,339.47,0.51,0.49,"2026-02-16",1119,"N20","low","2.0NRT",312.12,10.8,"D"
"27960",9.35973,36.13847,341.76,0.47,0.48,"2026-02-16",1119,"N20","nominal","2.0NRT",308.61,6.15,"D"
"27961",9.41905,36.54486,339.14,0.5,0.49,"2026-02-16",1119,"N20","low","2.0NRT",310.07,8.96,"D"
"27962",9.33579,35.83294,344.42,0.45,0.47,"2026-02-16",1119,"N20","nominal","2.0NRT",304.8,9.46,"D"
"27963",9.34498,35.83613,356.14,0.45,0.47,"2026-02-16",1119,"N20","nominal","2.0NRT",308.11,9.79,"D"
"27964",9.34435,35.83162,334.03,0.45,0.47,"2026-02-16",1119,"N20","low","2.0NRT",306.91,4.98,"D"
"27965",9.34927,35.83551,339.21,0.45,0.47,"2026-02-16",1119,"N20","nominal","2.0NRT",306.64,9.79,"D"
"27966",9.43688,36.3735,335.88,0.49,0.49,"2026-02-16",1119,"N20","nominal","2.0NRT",304.26,2.34,"D"
"27967",9.6063,37.4724,330.4,0.59,0.53,"2026-02-16",1119,"N20","low","2.0NRT",305.34,3.3,"D"
"27968",9.48036,36.5226,337.43,0.5,0.49,"2026-02-16",1119,"N20","low","2.0NRT",310.02,2.87,"D"
"27969",9.48191,36.51947,335.79,0.5,0.49,"2026-02-16",1119,"N20","low","2.0NRT",309.5,5.68,"D"
"27970",9.62391,37.46181,345.69,0.59,0.53,"2026-02-16",1119,"N20","nominal","2.0NRT",306.77,6.16,"D"
"27971",9.49738,36.39467,341.45,0.49,0.49,"2026-02-16",1119,"N20","nominal","2.0NRT",305.6,5.6,"D"
"27972",9.43854,35.95735,350.17,0.46,0.47,"2026-02-16",1119,"N20","nominal","2.0NRT",305.11,7.77,"D"
"27973",10.02375,40.46066,367,0.48,0.64,"2026-02-16",1119,"N20","high","2.0NRT",299.85,13.81,"D"
"27974",9.03792,32.8769,343.68,0.45,0.39,"2026-02-16",1119,"N20","nominal","2.0NRT",309.62,8.63,"D"
"27975",9.04149,32.87638,338.63,0.45,0.39,"2026-02-16",1119,"N20","low","2.0NRT",310.07,7.41,"D"
"27976",9.49997,36.08213,347.94,0.47,0.48,"2026-02-16",1119,"N20","nominal","2.0NRT",305.59,9.04,"D"
"27977",9.1187,33.38326,334.87,0.48,0.4,"2026-02-16",1119,"N20","low","2.0NRT",305.86,1.62,"D"
"27978",9.61082,36.61985,343.25,0.51,0.5,"2026-02-16",1119,"N20","nominal","2.0NRT",310.55,19.47,"D"
"27979",9.61183,36.621,353.71,0.51,0.5,"2026-02-16",1119,"N20","nominal","2.0NRT",309.08,17.93,"D"
"27980",9.53609,36.04818,342.33,0.47,0.48,"2026-02-16",1119,"N20","nominal","2.0NRT",305.11,3.66,"D"
"27981",9.79296,37.98264,351.56,0.32,0.55,"2026-02-16",1119,"N20","nominal","2.0NRT",310.05,2.95,"D"
"27982",9.58735,36.16367,334.28,0.48,0.48,"2026-02-16",1119,"N20","low","2.0NRT",306.31,3.09,"D"
"27983",9.18786,33.26807,340.79,0.48,0.4,"2026-02-16",1119,"N20","nominal","2.0NRT",307.25,5.85,"D"
"27984",9.19213,33.27185,332.3,0.48,0.4,"2026-02-16",1119,"N20","low","2.0NRT",306.32,2.4,"D"
"27985",9.20636,33.34492,335.08,0.48,0.4,"2026-02-16",1119,"N20","low","2.0NRT",306.83,1.44,"D"
"27986",9.56471,35.86711,341.78,0.46,0.47,"2026-02-16",1119,"N20","nominal","2.0NRT",305.96,20.93,"D"
"27987",9.56415,35.863,353.38,0.46,0.47,"2026-02-16",1119,"N20","nominal","2.0NRT",307.34,34.75,"D"
"27988",9.26882,33.75459,335.79,0.5,0.41,"2026-02-16",1119,"N20","nominal","2.0NRT",301.67,15.05,"D"
"27989",9.5685,35.86266,349.41,0.46,0.47,"2026-02-16",1119,"N20","nominal","2.0NRT",312.74,34.75,"D"
"27990",9.79323,37.48565,353.3,0.59,0.53,"2026-02-16",1119,"N20","nominal","2.0NRT",309.65,10.62,"D"
"27991",10.01196,39.10939,341.86,0.39,0.59,"2026-02-16",1119,"N20","nominal","2.0NRT",308.97,3.71,"D"
"27992",9.79809,37.48511,344.03,0.59,0.53,"2026-02-16",1119,"N20","nominal","2.0NRT",308.18,10.62,"D"
"27993",9.57797,35.83577,347.83,0.45,0.47,"2026-02-16",1119,"N20","nominal","2.0NRT",306.55,8.75,"D"
"27994",9.58285,35.83928,333.98,0.46,0.47,"2026-02-16",1121,"N20","low","2.0NRT",308.28,5.04,"D"
"27995",9.59214,35.8429,341.67,0.46,0.47,"2026-02-16",1121,"N20","nominal","2.0NRT",305.03,6.31,"D"
"27996",9.59098,35.83454,340.18,0.45,0.47,"2026-02-16",1121,"N20","nominal","2.0NRT",307.52,5.48,"D"
"27997",9.45267,34.85201,342.05,0.39,0.44,"2026-02-16",1121,"N20","nominal","2.0NRT",303.57,8.48,"D"
"27998",9.45212,34.84816,344.27,0.39,0.44,"2026-02-16",1121,"N20","nominal","2.0NRT",310.51,15.73,"D"
"27999",9.29182,33.72803,335.78,0.5,0.41,"2026-02-16",1121,"N20","nominal","2.0NRT",303.94,4.01,"D"
"28000",9.60083,35.84213,336.81,0.46,0.47,"2026-02-16",1121,"N20","low","2.0NRT",307.6,4.84,"D"
"28001",9.66718,36.25265,337.35,0.49,0.48,"2026-02-16",1121,"N20","nominal","2.0NRT",306.08,4.73,"D"
"28002",9.60889,35.83691,344.74,0.46,0.47,"2026-02-16",1121,"N20","nominal","2.0NRT",308.08,8.13,"D"
"28003",9.60701,35.83807,347.28,0.46,0.47,"2026-02-16",1121,"N20","nominal","2.0NRT",308.55,5.71,"D"
"28004",9.60647,35.83398,341.72,0.46,0.47,"2026-02-16",1121,"N20","nominal","2.0NRT",309.75,3.54,"D"
"28005",9.66656,36.25423,337.01,0.49,0.48,"2026-02-16",1121,"N20","low","2.0NRT",307.55,5.02,"D"
"28006",9.67265,36.2661,342.11,0.49,0.48,"2026-02-16",1121,"N20","nominal","2.0NRT",307.66,6.92,"D"
"28007",9.75152,36.83096,352.2,0.53,0.5,"2026-02-16",1121,"N20","nominal","2.0NRT",305.4,35.93,"D"
"28008",9.7562,36.83073,348.61,0.53,0.5,"2026-02-16",1121,"N20","nominal","2.0NRT",309.59,17.39,"D"
"28009",9.82767,37.34168,334.9,0.58,0.52,"2026-02-16",1121,"N20","low","2.0NRT",308.27,8.5,"D"
"28010",9.66991,36.14372,343.32,0.48,0.48,"2026-02-16",1121,"N20","low","2.0NRT",313.35,51.9,"D"
"28011",9.15773,32.43296,367,0.44,0.38,"2026-02-16",1121,"N20","high","2.0NRT",310.68,8.68,"D"
"28012",9.83248,37.34116,334.78,0.58,0.52,"2026-02-16",1121,"N20","low","2.0NRT",308.88,7.22,"D"
"28013",9.7333,36.58613,330.03,0.51,0.5,"2026-02-16",1121,"N20","low","2.0NRT",301.08,5.9,"D"
"28014",9.67492,36.14761,352.66,0.48,0.48,"2026-02-16",1121,"N20","nominal","2.0NRT",305.58,16.16,"D"
"28015",9.67374,36.13877,334.35,0.48,0.48,"2026-02-16",1121,"N20","nominal","2.0NRT",306.58,6.76,"D"
"28016",9.15831,32.43691,351.07,0.44,0.38,"2026-02-16",1121,"N20","nominal","2.0NRT",310.83,8.68,"D"
"28017",9.67758,36.13392,367,0.48,0.48,"2026-02-16",1121,"N20","high","2.0NRT",310.25,27.1,"D"
"28018",9.73635,36.57423,341.14,0.51,0.5,"2026-02-16",1121,"N20","nominal","2.0NRT",301.08,18.13,"D"
"28019",9.7357,36.56937,353.34,0.51,0.5,"2026-02-16",1121,"N20","nominal","2.0NRT",309.81,24.95,"D"
"28020",9.67934,36.14709,354.36,0.48,0.48,"2026-02-16",1121,"N20","nominal","2.0NRT",307.43,16.16,"D"
"28021",9.67876,36.14271,334.7,0.48,0.48,"2026-02-16",1121,"N20","low","2.0NRT",307.39,6.76,"D"
"28022",9.67816,36.1383,336.28,0.48,0.48,"2026-02-16",1121,"N20","nominal","2.0NRT",306.73,6.76,"D"
"28023",9.67699,36.12955,341.33,0.48,0.48,"2026-02-16",1121,"N20","nominal","2.0NRT",309.85,27.1,"D"
"28024",9.16067,32.4285,338.97,0.44,0.38,"2026-02-16",1121,"N20","nominal","2.0NRT",311.37,7.04,"D"
"28025",9.74429,36.59914,338.78,0.51,0.5,"2026-02-16",1121,"N20","nominal","2.0NRT",302.68,5.66,"D"
"28026",9.74024,36.5687,342.8,0.51,0.5,"2026-02-16",1121,"N20","nominal","2.0NRT",300.05,8.07,"D"
"28027",9.68141,36.12907,354.63,0.48,0.48,"2026-02-16",1121,"N20","nominal","2.0NRT",310.16,14.26,"D"
"28028",9.74879,36.59809,340.31,0.51,0.5,"2026-02-16",1121,"N20","nominal","2.0NRT",301.14,5.66,"D"
"28029",9.68759,36.14165,351,0.48,0.48,"2026-02-16",1121,"N20","nominal","2.0NRT",310.17,13.01,"D"
"28030",9.68701,36.13731,336.91,0.48,0.48,"2026-02-16",1121,"N20","low","2.0NRT",306.97,13.01,"D"
"28031",9.68642,36.13297,334.91,0.48,0.48,"2026-02-16",1121,"N20","low","2.0NRT",307.75,14.26,"D"
"28032",9.692,36.14105,350.12,0.48,0.48,"2026-02-16",1121,"N20","nominal","2.0NRT",311.35,15.63,"D"
"28033",9.69142,36.13674,344.12,0.48,0.48,"2026-02-16",1121,"N20","nominal","2.0NRT",308.21,15.63,"D"
"28034",9.69083,36.1324,349.39,0.48,0.48,"2026-02-16",1121,"N20","nominal","2.0NRT",309.27,6.01,"D"
"28035",9.69025,36.12808,333.8,0.48,0.48,"2026-02-16",1121,"N20","low","2.0NRT",308.17,6.01,"D"
"28036",9.49024,34.49694,335.17,0.56,0.43,"2026-02-16",1121,"N20","nominal","2.0NRT",302.12,9.38,"D"
"28037",9.7164,36.08981,355.61,0.47,0.48,"2026-02-16",1121,"N20","nominal","2.0NRT",307.93,14.31,"D"
"28038",9.49416,34.49623,343.84,0.56,0.43,"2026-02-16",1121,"N20","nominal","2.0NRT",304.55,9.38,"D"
"28039",9.67,35.72157,332.2,0.45,0.47,"2026-02-16",1121,"N20","low","2.0NRT",307.1,3,"D"
"28040",9.35838,33.51782,343.23,0.49,0.4,"2026-02-16",1121,"N20","nominal","2.0NRT",310.81,8.52,"D"
"28041",9.73865,36.18631,347.32,0.48,0.48,"2026-02-16",1121,"N20","nominal","2.0NRT",310.53,26.35,"D"
"28042",9.67429,35.721,336.11,0.45,0.47,"2026-02-16",1121,"N20","low","2.0NRT",307.27,3,"D"
"28043",9.8361,36.86373,343.35,0.54,0.51,"2026-02-16",1121,"N20","nominal","2.0NRT",304.52,7.16,"D"
"28044",9.74632,36.20931,339.9,0.48,0.48,"2026-02-16",1121,"N20","nominal","2.0NRT",306.94,7.43,"D"
"28045",9.67858,35.72044,340.95,0.45,0.47,"2026-02-16",1121,"N20","nominal","2.0NRT",307.93,5.77,"D"
"28046",9.84138,36.86783,336.81,0.54,0.51,"2026-02-16",1121,"N20","nominal","2.0NRT",298.84,7.16,"D"
"28047",9.15336,31.96795,343.92,0.42,0.38,"2026-02-16",1121,"N20","nominal","2.0NRT",314.36,22.62,"D"
"28048",9.1528,31.96417,353.86,0.42,0.38,"2026-02-16",1121,"N20","nominal","2.0NRT",317.54,16.26,"D"
"28049",9.15624,31.96366,339.16,0.42,0.38,"2026-02-16",1121,"N20","nominal","2.0NRT",308.68,16.26,"D"
"28050",9.35097,33.18087,344.81,0.47,0.4,"2026-02-16",1121,"N20","nominal","2.0NRT",311.62,9.29,"D"
"28051",9.35522,33.18464,340.82,0.47,0.4,"2026-02-16",1121,"N20","low","2.0NRT",314.12,33.91,"D"
"28052",9.73912,35.92337,350.45,0.46,0.47,"2026-02-16",1121,"N20","nominal","2.0NRT",312.89,9.54,"D"
"28053",9.41436,33.49726,337.01,0.49,0.4,"2026-02-16",1121,"N20","low","2.0NRT",308.13,4.99,"D"
"28054",10.1273,38.81085,367,0.37,0.58,"2026-02-16",1121,"N20","high","2.0NRT",313.72,7.31,"D"
"28055",9.78072,36.03477,351.06,0.47,0.48,"2026-02-16",1121,"N20","nominal","2.0NRT",311.89,28.99,"D"
"28056",9.78018,36.03075,348.4,0.47,0.48,"2026-02-16",1121,"N20","nominal","2.0NRT",306.88,28.99,"D"
"28057",9.78512,36.03431,348.1,0.47,0.48,"2026-02-16",1121,"N20","nominal","2.0NRT",306.86,8.72,"D"
"28058",9.78457,36.03021,341.28,0.47,0.48,"2026-02-16",1121,"N20","nominal","2.0NRT",307.42,8.72,"D"
"28059",9.22641,31.89517,348.57,0.42,0.37,"2026-02-16",1121,"N20","nominal","2.0NRT",309.44,5.61,"D"
"28060",9.22585,31.8914,339.76,0.42,0.37,"2026-02-16",1121,"N20","low","2.0NRT",310.4,3.06,"D"
"28061",9.22474,31.88386,342.77,0.42,0.37,"2026-02-16",1121,"N20","nominal","2.0NRT",310.47,4.33,"D"
"28062",9.22928,31.89089,341.9,0.42,0.37,"2026-02-16",1121,"N20","low","2.0NRT",313.34,5.14,"D"
"28063",9.22817,31.88335,339.93,0.42,0.37,"2026-02-16",1121,"N20","low","2.0NRT",312.4,4.72,"D"
"28064",9.22761,31.87958,338.42,0.42,0.37,"2026-02-16",1121,"N20","low","2.0NRT",312.52,4.72,"D"
"28065",9.23383,31.89793,349.42,0.42,0.37,"2026-02-16",1121,"N20","nominal","2.0NRT",312.67,43.63,"D"
"28066",9.23327,31.89416,347.91,0.42,0.37,"2026-02-16",1121,"N20","nominal","2.0NRT",309.37,43.63,"D"
"28067",9.23271,31.89038,338.53,0.42,0.37,"2026-02-16",1121,"N20","low","2.0NRT",311.63,5.14,"D"
"28068",9.99183,37.22032,337.6,0.57,0.52,"2026-02-16",1121,"N20","nominal","2.0NRT",305.87,9.92,"D"
"28069",9.75464,35.4935,333.61,0.43,0.46,"2026-02-16",1121,"N20","nominal","2.0NRT",302.27,3.57,"D"
"28070",9.23726,31.89742,354.55,0.42,0.37,"2026-02-16",1121,"N20","nominal","2.0NRT",312.65,5.85,"D"
"28071",9.2367,31.89365,338.01,0.42,0.37,"2026-02-16",1121,"N20","low","2.0NRT",310.46,5.85,"D"
"28072",9.23503,31.88234,338.98,0.42,0.37,"2026-02-16",1121,"N20","low","2.0NRT",313.27,6.74,"D"
"28073",9.9966,37.21969,346.6,0.57,0.52,"2026-02-16",1121,"N20","nominal","2.0NRT",307.63,9.92,"D"
"28074",9.24069,31.89692,351.47,0.42,0.37,"2026-02-16",1121,"N20","nominal","2.0NRT",312.4,5.85,"D"
"28075",9.24013,31.89314,340.41,0.42,0.37,"2026-02-16",1121,"N20","low","2.0NRT",311.83,5.85,"D"
"28076",9.23957,31.88937,338.08,0.42,0.37,"2026-02-16",1121,"N20","low","2.0NRT",312.5,8.74,"D"
"28077",9.39721,32.93675,342.11,0.46,0.39,"2026-02-16",1121,"N20","nominal","2.0NRT",306.04,9.7,"D"
"28078",9.28363,32.16345,342.4,0.43,0.38,"2026-02-16",1121,"N20","nominal","2.0NRT",312.37,7.46,"D"
"28079",9.24412,31.89641,335.57,0.42,0.37,"2026-02-16",1121,"N20","low","2.0NRT",309.06,5.43,"D"
"28080",9.24301,31.88886,341.46,0.42,0.37,"2026-02-16",1121,"N20","low","2.0NRT",313.46,7.41,"D"
"28081",9.42294,33.08777,338.23,0.47,0.4,"2026-02-16",1121,"N20","nominal","2.0NRT",309.95,2.22,"D"
"28082",9.40081,32.93623,349.02,0.46,0.39,"2026-02-16",1121,"N20","nominal","2.0NRT",308.99,9.7,"D"
"28083",9.40019,32.93206,333.56,0.46,0.39,"2026-02-16",1121,"N20","low","2.0NRT",307.11,11.09,"D"
"28084",9.28767,32.1668,343.29,0.43,0.38,"2026-02-16",1121,"N20","nominal","2.0NRT",312.21,5.62,"D"
"28085",9.2871,32.16294,354.96,0.43,0.38,"2026-02-16",1121,"N20","nominal","2.0NRT",318.19,7.46,"D"
"28086",9.25878,31.97158,335.61,0.42,0.38,"2026-02-16",1121,"N20","nominal","2.0NRT",306.48,4.37,"D"
"28087",9.25822,31.96779,334.26,0.42,0.38,"2026-02-16",1121,"N20","nominal","2.0NRT",307.9,4.37,"D"
"28088",9.24364,31.86952,337.51,0.42,0.37,"2026-02-16",1121,"N20","low","2.0NRT",310.91,7.1,"D"
"28089",9.29057,32.16243,367,0.43,0.38,"2026-02-16",1121,"N20","high","2.0NRT",343.28,113.45,"D"
"28090",9.26166,31.96728,367,0.42,0.38,"2026-02-16",1121,"N20","high","2.0NRT",311.61,12.92,"D"
"28091",9.4044,32.93571,342.59,0.46,0.39,"2026-02-16",1121,"N20","nominal","2.0NRT",305.65,5.15,"D"
"28092",9.24875,31.88031,342.65,0.42,0.37,"2026-02-16",1121,"N20","nominal","2.0NRT",312.44,5.66,"D"
"28093",9.29114,32.16629,367,0.43,0.38,"2026-02-16",1121,"N20","low","2.0NRT",335.14,359.21,"D"
"28094",9.29404,32.16193,367,0.43,0.38,"2026-02-16",1121,"N20","high","2.0NRT",338.14,113.45,"D"
"28095",9.82382,35.83212,349.07,0.46,0.47,"2026-02-16",1121,"N20","nominal","2.0NRT",309.2,4.88,"D"
"28096",9.26454,31.96298,355.36,0.42,0.38,"2026-02-16",1121,"N20","nominal","2.0NRT",311.69,15.74,"D"
"28097",9.42329,33.01432,334.64,0.46,0.39,"2026-02-16",1121,"N20","low","2.0NRT",307.12,4.25,"D"
"28098",9.42267,33.01012,339.58,0.46,0.39,"2026-02-16",1121,"N20","nominal","2.0NRT",307.96,4.25,"D"
"28099",9.41459,32.92999,355.44,0.46,0.39,"2026-02-16",1121,"N20","nominal","2.0NRT",310.45,12.87,"D"
"28100",9.42048,33.01075,339.45,0.46,0.39,"2026-02-16",1121,"N20","nominal","2.0NRT",309.63,4.59,"D"
"28101",9.4241,33.01023,339.12,0.46,0.39,"2026-02-16",1121,"N20","nominal","2.0NRT",305.84,4.59,"D"
"28102",9.41285,32.93048,345.03,0.46,0.39,"2026-02-16",1121,"N20","nominal","2.0NRT",308.1,9.22,"D"
"28103",9.41645,32.92997,348.17,0.46,0.39,"2026-02-16",1121,"N20","nominal","2.0NRT",307.83,5.77,"D"
"28104",9.99672,37.21587,346.31,0.57,0.52,"2026-02-16",1121,"N20","nominal","2.0NRT",310.41,19.3,"D"
"28105",9.996,37.21022,338.48,0.57,0.52,"2026-02-16",1121,"N20","low","2.0NRT",311.09,7.26,"D"
"28106",9.42005,32.92944,341.25,0.46,0.39,"2026-02-16",1121,"N20","nominal","2.0NRT",307.25,5.77,"D"
"28107",9.41946,32.92527,341.67,0.46,0.39,"2026-02-16",1121,"N20","nominal","2.0NRT",308.31,5.77,"D"
"28108",9.84538,36.01321,335.53,0.47,0.48,"2026-02-16",1121,"N20","low","2.0NRT",309.84,5,"D"
"28109",9.42365,32.92892,336.21,0.46,0.39,"2026-02-16",1121,"N20","low","2.0NRT",307.77,4.94,"D"
"28110",9.82578,35.83149,355.96,0.46,0.47,"2026-02-16",1121,"N20","nominal","2.0NRT",310.33,9.76,"D"
"28111",9.44876,33.05411,336.54,0.47,0.4,"2026-02-16",1121,"N20","low","2.0NRT",308.76,2.55,"D"
"28112",9.44878,33.02819,337.25,0.47,0.39,"2026-02-16",1121,"N20","low","2.0NRT",310.46,14.23,"D"
"28113",9.83817,35.82534,332.63,0.46,0.47,"2026-02-16",1121,"N20","low","2.0NRT",307.46,4.16,"D"
"28114",9.83091,35.7383,345.1,0.45,0.47,"2026-02-16",1121,"N20","nominal","2.0NRT",306.55,6.33,"D"
"28115",10.06098,37.44947,344.62,0.59,0.53,"2026-02-16",1121,"N20","nominal","2.0NRT",316.94,13.32,"D"
"28116",9.50552,33.34956,337.55,0.48,0.4,"2026-02-16",1121,"N20","nominal","2.0NRT",307.46,1.7,"D"
"28117",10.06729,37.46009,348.88,0.59,0.53,"2026-02-16",1121,"N20","nominal","2.0NRT",316.2,12.8,"D"
"28118",9.81091,35.52542,339.03,0.44,0.46,"2026-02-16",1121,"N20","nominal","2.0NRT",308.41,5.88,"D"
"28119",9.81038,35.52148,346.54,0.44,0.46,"2026-02-16",1121,"N20","nominal","2.0NRT",310.37,5.88,"D"
"28120",10.07217,37.45963,354.66,0.59,0.53,"2026-02-16",1121,"N20","nominal","2.0NRT",315.84,15.95,"D"
"28121",9.48144,33.12759,333.44,0.47,0.4,"2026-02-16",1121,"N20","low","2.0NRT",307.58,1.75,"D"
"28122",10.02777,37.08268,336.34,0.56,0.52,"2026-02-16",1121,"N20","nominal","2.0NRT",304.22,11.39,"D"
"28123",9.84468,35.71064,335.34,0.45,0.47,"2026-02-16",1121,"N20","low","2.0NRT",309.43,4.2,"D"
"28124",9.58637,33.84106,342.57,0.52,0.41,"2026-02-16",1121,"N20","nominal","2.0NRT",309.41,11.52,"D"
"28125",9.46445,32.98291,335.05,0.46,0.39,"2026-02-16",1121,"N20","low","2.0NRT",307.44,4.41,"D"
"28126",10.19325,38.31924,342.1,0.34,0.56,"2026-02-16",1121,"N20","nominal","2.0NRT",310.5,6.08,"D"
"28127",10.19292,38.31665,354.38,0.34,0.56,"2026-02-16",1121,"N20","nominal","2.0NRT",314.32,8.43,"D"
"28128",9.66801,34.39543,338.91,0.56,0.43,"2026-02-16",1121,"N20","nominal","2.0NRT",304.81,4.3,"D"
"28129",9.46806,32.98239,336.5,0.46,0.39,"2026-02-16",1121,"N20","nominal","2.0NRT",307.12,1.64,"D"
"28130",9.89115,35.98872,337.41,0.47,0.48,"2026-02-16",1121,"N20","low","2.0NRT",308.91,3.9,"D"
"28131",9.82345,35.45949,334.95,0.43,0.46,"2026-02-16",1121,"N20","low","2.0NRT",305.28,6.3,"D"
"28132",9.47649,32.98977,337.65,0.46,0.39,"2026-02-16",1121,"N20","low","2.0NRT",309.56,3.31,"D"
"28133",9.87155,35.77932,355.61,0.46,0.47,"2026-02-16",1121,"N20","nominal","2.0NRT",310.62,11.39,"D"
"28134",10.05376,37.09718,340.88,0.56,0.52,"2026-02-16",1121,"N20","nominal","2.0NRT",304.87,13.61,"D"
"28135",10.05306,37.09193,356.2,0.56,0.52,"2026-02-16",1121,"N20","nominal","2.0NRT",314.75,13.61,"D"
"28136",10.05236,37.08666,349.6,0.56,0.52,"2026-02-16",1121,"N20","nominal","2.0NRT",313.1,18.38,"D"
"28137",9.87639,35.78257,342.89,0.46,0.47,"2026-02-16",1121,"N20","nominal","2.0NRT",307.68,4.94,"D"
"28138",9.87587,35.77877,342.42,0.46,0.47,"2026-02-16",1121,"N20","nominal","2.0NRT",309.44,4.94,"D"
"28139",10.0578,37.09135,342.41,0.56,0.52,"2026-02-16",1121,"N20","nominal","2.0NRT",309.47,13.61,"D"
"28140",9.46919,32.86283,346.94,0.46,0.39,"2026-02-16",1121,"N20","nominal","2.0NRT",311.27,3.98,"D"
"28141",9.9038,35.91834,347.31,0.47,0.47,"2026-02-16",1121,"N20","nominal","2.0NRT",308.55,6.16,"D"
"28142",9.96218,36.31289,333.5,0.5,0.49,"2026-02-16",1121,"N20","low","2.0NRT",306.68,4.84,"D"
"28143",9.93269,36.09675,354.79,0.48,0.48,"2026-02-16",1121,"N20","nominal","2.0NRT",310.29,18.35,"D"
"28144",9.90872,35.92185,339.84,0.47,0.47,"2026-02-16",1121,"N20","nominal","2.0NRT",306.87,6.16,"D"
"28145",9.89209,35.80086,339.09,0.46,0.47,"2026-02-16",1121,"N20","low","2.0NRT",312.94,94.29,"D"
"28146",9.89699,35.8045,350.1,0.46,0.47,"2026-02-16",1121,"N20","nominal","2.0NRT",311.73,12.86,"D"
"28147",9.89641,35.80025,338.91,0.46,0.47,"2026-02-16",1121,"N20","low","2.0NRT",310.93,12.86,"D"
"28148",9.48717,32.88569,346.44,0.46,0.39,"2026-02-16",1121,"N20","nominal","2.0NRT",312.04,5,"D"
"28149",9.90562,35.8032,353.94,0.46,0.47,"2026-02-16",1121,"N20","nominal","2.0NRT",311.81,8.44,"D"
"28150",9.49077,32.88517,340.47,0.46,0.39,"2026-02-16",1121,"N20","low","2.0NRT",311.34,5.16,"D"
"28151",9.94969,36.08973,342.13,0.48,0.48,"2026-02-16",1121,"N20","nominal","2.0NRT",305.51,5.88,"D"
"28152",9.49375,32.88049,345.27,0.46,0.39,"2026-02-16",1121,"N20","nominal","2.0NRT",310.98,5.16,"D"
"28153",9.48468,32.81831,346.81,0.46,0.39,"2026-02-16",1121,"N20","nominal","2.0NRT",310.5,25.75,"D"
"28154",9.49978,32.89663,338.45,0.46,0.39,"2026-02-16",1121,"N20","low","2.0NRT",309.83,6.87,"D"
"28155",9.49613,32.87166,336.43,0.46,0.39,"2026-02-16",1121,"N20","low","2.0NRT",311.16,2.6,"D"
"28156",9.49184,32.81728,336.55,0.46,0.39,"2026-02-16",1121,"N20","nominal","2.0NRT",306.35,5.22,"D"
"28157",9.49967,32.84572,334.67,0.46,0.39,"2026-02-16",1121,"N20","low","2.0NRT",308.22,2.26,"D"
"28158",9.71745,34.32152,335.39,0.55,0.43,"2026-02-16",1121,"N20","nominal","2.0NRT",303.7,3.33,"D"
"28159",9.70437,34.23021,333.18,0.54,0.42,"2026-02-16",1121,"N20","low","2.0NRT",305.54,3.83,"D"
"28160",9.54704,33.14438,348.24,0.47,0.4,"2026-02-16",1121,"N20","nominal","2.0NRT",307.66,7.14,"D"
"28161",9.57344,33.29962,337.53,0.48,0.4,"2026-02-16",1121,"N20","low","2.0NRT",308.7,3.94,"D"
"28162",9.5728,33.29526,337.03,0.48,0.4,"2026-02-16",1121,"N20","low","2.0NRT",308.75,3.94,"D"
"28163",9.18272,30.6452,341.82,0.39,0.36,"2026-02-16",1121,"N20","nominal","2.0NRT",315.31,15.46,"D"
"28164",9.54745,33.14511,339.52,0.47,0.4,"2026-02-16",1121,"N20","nominal","2.0NRT",308.06,3.82,"D"
"28165",9.54685,33.14082,335.64,0.47,0.4,"2026-02-16",1121,"N20","low","2.0NRT",307.48,3.82,"D"
"28166",9.57233,33.29625,342.98,0.48,0.4,"2026-02-16",1121,"N20","nominal","2.0NRT",309.17,8.36,"D"
"28167",9.71807,34.32357,332.72,0.55,0.43,"2026-02-16",1121,"N20","low","2.0NRT",303.68,3.77,"D"
"28168",9.70487,34.22709,338.49,0.54,0.42,"2026-02-16",1121,"N20","nominal","2.0NRT",306.73,5.4,"D"
"28169",9.55359,33.08311,334.5,0.47,0.4,"2026-02-16",1121,"N20","low","2.0NRT",308.48,4.82,"D"
"28170",9.52267,32.83868,336.68,0.46,0.39,"2026-02-16",1121,"N20","low","2.0NRT",308.53,10.15,"D"
"28171",9.75805,34.49876,335.16,0.57,0.43,"2026-02-16",1121,"N20","nominal","2.0NRT",303.22,5.14,"D"
"28172",9.76201,34.4983,334.71,0.57,0.43,"2026-02-16",1121,"N20","nominal","2.0NRT",302.8,5.14,"D"
"28173",9.91665,35.5434,338.92,0.44,0.46,"2026-02-16",1121,"N20","low","2.0NRT",311.6,4.71,"D"
"28174",9.59984,33.25223,338.27,0.48,0.4,"2026-02-16",1121,"N20","low","2.0NRT",309.18,2.52,"D"
"28175",9.59923,33.24788,336,0.48,0.4,"2026-02-16",1121,"N20","low","2.0NRT",309.95,2.52,"D"
"28176",10.18288,37.48761,344.08,0.6,0.53,"2026-02-16",1121,"N20","low","2.0NRT",314.36,13.69,"D"
"28177",9.55313,32.87244,337.51,0.46,0.39,"2026-02-16",1121,"N20","low","2.0NRT",307.77,4.26,"D"
"28178",9.55254,32.86828,335.62,0.46,0.39,"2026-02-16",1121,"N20","low","2.0NRT",310.42,3.88,"D"
"28179",9.61271,33.26372,337.98,0.48,0.4,"2026-02-16",1121,"N20","low","2.0NRT",309.38,2.48,"D"
"28180",9.56212,32.80759,337.9,0.46,0.39,"2026-02-16",1121,"N20","low","2.0NRT",311.05,8.41,"D"
"28181",9.65819,33.45068,339.47,0.49,0.4,"2026-02-16",1121,"N20","low","2.0NRT",311.7,4.18,"D"
"28182",9.65871,33.42788,343.71,0.49,0.4,"2026-02-16",1121,"N20","nominal","2.0NRT",315.08,4.99,"D"
"28183",9.57406,32.81431,338.03,0.46,0.39,"2026-02-16",1121,"N20","low","2.0NRT",311.21,6.02,"D"
"28184",9.66612,33.42681,339.18,0.49,0.4,"2026-02-16",1121,"N20","low","2.0NRT",312.98,7.12,"D"
"28185",9.59152,32.90951,346.42,0.46,0.39,"2026-02-16",1121,"N20","nominal","2.0NRT",311.85,8.21,"D"
"28186",9.58185,32.84282,340.7,0.46,0.39,"2026-02-16",1121,"N20","low","2.0NRT",314.61,14.9,"D"
"28187",9.59755,32.92574,344.2,0.46,0.39,"2026-02-16",1121,"N20","nominal","2.0NRT",313.07,5.45,"D"
"28188",9.59694,32.92155,341.63,0.46,0.39,"2026-02-16",1121,"N20","low","2.0NRT",311.75,6.03,"D"
"28189",9.65423,33.24,338.52,0.48,0.4,"2026-02-16",1121,"N20","low","2.0NRT",312.93,11.31,"D"
"28190",9.59863,32.85737,345.82,0.46,0.39,"2026-02-16",1121,"N20","nominal","2.0NRT",315.11,5.82,"D"
"28191",10.20534,37.13939,339.13,0.57,0.52,"2026-02-16",1121,"N20","low","2.0NRT",312.12,4.9,"D"
"28192",10.17078,36.88483,343.63,0.55,0.51,"2026-02-16",1121,"N20","nominal","2.0NRT",307.81,14.08,"D"
"28193",10.17009,36.87978,340.12,0.54,0.51,"2026-02-16",1121,"N20","nominal","2.0NRT",307.65,9.89,"D"
"28194",9.60953,32.90691,353.23,0.46,0.39,"2026-02-16",1121,"N20","nominal","2.0NRT",311.43,12.09,"D"
"28195",9.67234,33.31319,338.66,0.48,0.4,"2026-02-16",1121,"N20","low","2.0NRT",313.24,6.72,"D"
"28196",9.61557,32.92314,341.42,0.46,0.39,"2026-02-16",1121,"N20","nominal","2.0NRT",310.29,3.15,"D"
"28197",10.18273,36.9027,367,0.55,0.51,"2026-02-16",1121,"N20","high","2.0NRT",309.52,22.15,"D"
"28198",10.1834,36.90762,354.96,0.55,0.51,"2026-02-16",1121,"N20","nominal","2.0NRT",308.66,22.15,"D"
"28199",10.18209,36.89801,335.03,0.55,0.51,"2026-02-16",1121,"N20","nominal","2.0NRT",305.61,6.5,"D"
"28200",10.18143,36.89317,331.22,0.55,0.51,"2026-02-16",1121,"N20","low","2.0NRT",305.06,6.5,"D"
"28201",10.16281,36.7571,340.85,0.53,0.5,"2026-02-16",1121,"N20","low","2.0NRT",311.48,21.31,"D"
"28202",10.08071,36.16142,334.75,0.49,0.48,"2026-02-16",1121,"N20","nominal","2.0NRT",307.29,4.25,"D"
"28203",9.61857,32.91843,341.69,0.46,0.39,"2026-02-16",1121,"N20","nominal","2.0NRT",311.47,2.8,"D"
"28204",10.1881,36.90715,342.91,0.55,0.51,"2026-02-16",1121,"N20","nominal","2.0NRT",308.37,22.15,"D"
"28205",10.18743,36.90224,335.48,0.55,0.51,"2026-02-16",1121,"N20","nominal","2.0NRT",307,22.15,"D"
"28206",10.05353,35.9336,334.84,0.47,0.48,"2026-02-16",1121,"N20","low","2.0NRT",308.44,4.73,"D"
"28207",9.94981,35.19508,340.07,0.42,0.45,"2026-02-16",1121,"N20","nominal","2.0NRT",307.5,6.11,"D"
"28208",10.20186,37.143,338.28,0.57,0.52,"2026-02-16",1121,"N20","low","2.0NRT",312.22,2.09,"D"
"28209",9.94788,35.19568,340.51,0.42,0.45,"2026-02-16",1121,"N20","nominal","2.0NRT",308.58,2.56,"D"
"28210",9.05149,28.98336,349.69,0.39,0.36,"2026-02-16",1121,"N20","nominal","2.0NRT",318.16,10.26,"D"
"28211",10.17328,36.88192,351.21,0.55,0.51,"2026-02-16",1121,"N20","nominal","2.0NRT",309.13,17.66,"D"
"28212",10.08008,36.16274,332.99,0.49,0.48,"2026-02-16",1121,"N20","low","2.0NRT",306.88,4.47,"D"
"28213",9.79754,34.05722,343.71,0.53,0.42,"2026-02-16",1121,"N20","nominal","2.0NRT",308.52,7.05,"D"
"28214",10.18106,36.90546,349.52,0.55,0.51,"2026-02-16",1121,"N20","nominal","2.0NRT",311.32,33.95,"D"
"28215",10.18045,36.90068,350.97,0.55,0.51,"2026-02-16",1121,"N20","nominal","2.0NRT",310.49,9.8,"D"
"28216",10.17984,36.89596,346.24,0.55,0.51,"2026-02-16",1121,"N20","nominal","2.0NRT",308.69,9.8,"D"
"28217",10.16225,36.75951,346.6,0.54,0.5,"2026-02-16",1121,"N20","nominal","2.0NRT",311.43,11.34,"D"
"28218",10.05407,35.93058,345.96,0.47,0.48,"2026-02-16",1121,"N20","nominal","2.0NRT",309.03,4.07,"D"
"28219",9.42209,31.39123,344.17,0.4,0.37,"2026-02-16",1121,"N20","nominal","2.0NRT",311.43,5.42,"D"
"28220",10.18576,36.90497,349.06,0.55,0.51,"2026-02-16",1121,"N20","nominal","2.0NRT",310.84,48.52,"D"
"28221",10.1839,36.89058,342.21,0.55,0.51,"2026-02-16",1121,"N20","nominal","2.0NRT",305.06,4.49,"D"
"28222",10.16689,36.75899,346.11,0.54,0.5,"2026-02-16",1121,"N20","nominal","2.0NRT",311.86,8.07,"D"
"28223",10.05842,35.92984,336.89,0.47,0.48,"2026-02-16",1121,"N20","nominal","2.0NRT",306.78,3.48,"D"
"28224",9.426,31.39438,345.64,0.4,0.37,"2026-02-16",1121,"N20","low","2.0NRT",315.73,23.64,"D"
"28225",9.93662,34.92583,332.64,0.4,0.44,"2026-02-16",1121,"N20","nominal","2.0NRT",300.82,5.46,"D"
"28226",9.93611,34.92212,348.14,0.4,0.44,"2026-02-16",1121,"N20","nominal","2.0NRT",306.76,14.85,"D"
"28227",9.65521,32.9056,344.97,0.46,0.39,"2026-02-16",1121,"N20","nominal","2.0NRT",313.33,9.01,"D"
"28228",9.94072,34.92542,343.65,0.4,0.44,"2026-02-16",1121,"N20","nominal","2.0NRT",301.32,8.85,"D"
"28229",9.94022,34.92176,353.02,0.4,0.44,"2026-02-16",1121,"N20","nominal","2.0NRT",305.1,11.54,"D"
"28230",9.94122,34.9291,355.15,0.4,0.44,"2026-02-16",1121,"N20","low","2.0NRT",293.66,8.85,"D"
"28231",9.04562,28.77036,335.19,0.39,0.36,"2026-02-16",1121,"N20","low","2.0NRT",307.26,3.91,"D"
"28232",10.1439,36.33624,334.57,0.5,0.49,"2026-02-16",1121,"N20","low","2.0NRT",308.09,5.81,"D"
"28233",9.72328,33.22699,343.1,0.48,0.4,"2026-02-16",1121,"N20","low","2.0NRT",317.56,8.38,"D"
"28234",9.75375,33.36149,352.81,0.49,0.4,"2026-02-16",1121,"N20","nominal","2.0NRT",317.56,18.57,"D"
"28235",9.56654,32.04306,367,0.42,0.38,"2026-02-16",1121,"N20","high","2.0NRT",349.38,104.95,"D"
"28236",9.56598,32.03922,351.62,0.42,0.38,"2026-02-16",1121,"N20","nominal","2.0NRT",319.4,104.95,"D"
"28237",10.15036,36.14736,336.91,0.49,0.48,"2026-02-16",1121,"N20","nominal","2.0NRT",306.71,2.66,"D"
"28238",9.56888,32.03486,342.2,0.42,0.38,"2026-02-16",1121,"N20","low","2.0NRT",313.6,9.3,"D"
"28239",9.56944,32.03871,367,0.42,0.38,"2026-02-16",1121,"N20","low","2.0NRT",325.95,110.85,"D"
"28240",9.57346,32.04204,367,0.42,0.38,"2026-02-16",1121,"N20","high","2.0NRT",344.32,110.85,"D"
"28241",9.5729,32.0382,350.74,0.42,0.38,"2026-02-16",1121,"N20","nominal","2.0NRT",314.04,110.85,"D"
"28242",9.99261,34.94006,355.65,0.4,0.45,"2026-02-16",1121,"N20","nominal","2.0NRT",301.71,14.66,"D"
"28243",9.57693,32.04153,350.23,0.42,0.38,"2026-02-16",1121,"N20","nominal","2.0NRT",313.49,32.81,"D"
"28244",10.0191,35.09977,333.1,0.41,0.45,"2026-02-16",1121,"N20","low","2.0NRT",307.13,2.11,"D"
"28245",9.9967,34.93957,351.26,0.4,0.45,"2026-02-16",1121,"N20","nominal","2.0NRT",304.14,14.66,"D"
"28246",9.99565,34.93204,334.63,0.4,0.44,"2026-02-16",1121,"N20","nominal","2.0NRT",303.7,8.93,"D"
"28247",10.15503,35.98444,342.35,0.47,0.48,"2026-02-16",1121,"N20","nominal","2.0NRT",308.17,5.86,"D"
"28248",9.14797,29.10155,343.1,0.39,0.36,"2026-02-16",1121,"N20","low","2.0NRT",317.87,10.75,"D"
"28249",10.25489,36.67798,335.39,0.53,0.5,"2026-02-16",1121,"N20","low","2.0NRT",307.11,3.58,"D"
"28250",10.25183,36.65553,346.57,0.53,0.5,"2026-02-16",1121,"N20","nominal","2.0NRT",307.81,7.42,"D"
"28251",10.25592,36.65109,337.5,0.53,0.5,"2026-02-16",1121,"N20","low","2.0NRT",310.09,7.66,"D"
"28252",10.06557,35.28012,344.48,0.42,0.46,"2026-02-16",1121,"N20","nominal","2.0NRT",312.56,9.11,"D"
"28253",10.00605,34.8585,335.79,0.4,0.44,"2026-02-16",1121,"N20","nominal","2.0NRT",303.15,8.41,"D"
"28254",10.00246,34.83313,343.71,0.4,0.44,"2026-02-16",1121,"N20","nominal","2.0NRT",302.35,13.75,"D"
"28255",9.48243,31.26304,354.42,0.4,0.37,"2026-02-16",1121,"N20","nominal","2.0NRT",320.56,27.73,"D"
"28256",10.24404,36.53074,335.04,0.52,0.5,"2026-02-16",1121,"N20","nominal","2.0NRT",304.47,6.74,"D"
"28257",10.24342,36.52623,350.02,0.52,0.5,"2026-02-16",1121,"N20","nominal","2.0NRT",307.78,6.74,"D"
"28258",9.17319,29.11136,355.32,0.39,0.36,"2026-02-16",1121,"N20","nominal","2.0NRT",319.37,9.18,"D"
"28259",10.1553,35.98503,343.77,0.47,0.48,"2026-02-16",1121,"N20","nominal","2.0NRT",307.97,5.4,"D"
"28260",10.06254,35.28024,343.75,0.43,0.46,"2026-02-16",1121,"N20","nominal","2.0NRT",312.42,6.82,"D"
"28261",10.00616,34.85785,332.45,0.4,0.44,"2026-02-16",1121,"N20","low","2.0NRT",302.75,5.07,"D"
"28262",10.00325,34.83619,342.5,0.4,0.44,"2026-02-16",1121,"N20","nominal","2.0NRT",300.73,9.37,"D"
"28263",10.00274,34.83235,343.09,0.4,0.44,"2026-02-16",1121,"N20","nominal","2.0NRT",302.19,9.15,"D"
"28264",9.19014,29.17693,341.85,0.39,0.36,"2026-02-16",1121,"N20","low","2.0NRT",315.63,4.74,"D"
"28265",10.25383,36.67445,335,0.53,0.5,"2026-02-16",1121,"N20","low","2.0NRT",308.8,4.25,"D"
"28266",10.25159,36.65707,339.76,0.53,0.5,"2026-02-16",1121,"N20","nominal","2.0NRT",305.66,5.82,"D"
"28267",10.25569,36.65257,341.12,0.53,0.5,"2026-02-16",1121,"N20","nominal","2.0NRT",309.98,5.82,"D"
"28268",10.24414,36.52741,346.72,0.52,0.5,"2026-02-16",1121,"N20","nominal","2.0NRT",307.98,9.21,"D"
"28269",10.24358,36.52306,337.21,0.52,0.5,"2026-02-16",1121,"N20","nominal","2.0NRT",305.25,5.51,"D"
"28270",10.24819,36.52279,339.43,0.52,0.5,"2026-02-16",1121,"N20","nominal","2.0NRT",305.58,5.51,"D"
"28271",10.25279,36.52246,331.49,0.52,0.5,"2026-02-16",1121,"N20","low","2.0NRT",304.47,4.93,"D"
"28272",10.21162,36.17407,336.07,0.49,0.49,"2026-02-16",1121,"N20","low","2.0NRT",309.6,6.38,"D"
"28273",10.26205,36.5223,346.69,0.52,0.5,"2026-02-16",1121,"N20","nominal","2.0NRT",308.9,29.41,"D"
"28274",9.17525,28.90553,367,0.39,0.36,"2026-02-16",1121,"N20","high","2.0NRT",322.77,15.97,"D"
"28275",9.17858,28.90501,345.44,0.39,0.36,"2026-02-16",1121,"N20","nominal","2.0NRT",318.22,8.44,"D"
"28276",10.18186,35.81623,347.39,0.46,0.47,"2026-02-16",1121,"N20","nominal","2.0NRT",305.47,6.36,"D"
"28277",9.94252,34.06908,339.17,0.54,0.42,"2026-02-16",1121,"N20","low","2.0NRT",310.22,5.05,"D"
"28278",9.51648,31.10961,349.43,0.4,0.37,"2026-02-16",1121,"N20","nominal","2.0NRT",316.41,6.32,"D"
"28279",9.51594,31.10601,345.06,0.4,0.37,"2026-02-16",1121,"N20","low","2.0NRT",315.39,6.32,"D"
"28280",10.19409,35.87423,336.36,0.47,0.48,"2026-02-16",1121,"N20","nominal","2.0NRT",304.74,3.25,"D"
"28281",9.51983,31.10911,367,0.4,0.37,"2026-02-16",1121,"N20","low","2.0NRT",325.37,51.5,"D"
"28282",10.2834,36.50813,348.56,0.52,0.5,"2026-02-16",1121,"N20","nominal","2.0NRT",307.76,10.62,"D"
"28283",10.28204,36.49795,345.67,0.52,0.5,"2026-02-16",1121,"N20","nominal","2.0NRT",309.23,8.69,"D"
"28284",10.28006,36.48305,344.82,0.51,0.5,"2026-02-16",1121,"N20","nominal","2.0NRT",308.5,11.72,"D"
"28285",10.28791,36.50719,336.04,0.52,0.5,"2026-02-16",1121,"N20","nominal","2.0NRT",305.86,5.71,"D"
"28286",10.28721,36.50189,350.96,0.52,0.5,"2026-02-16",1121,"N20","nominal","2.0NRT",308.29,5.71,"D"
"28287",10.28651,36.4967,341.96,0.52,0.5,"2026-02-16",1121,"N20","nominal","2.0NRT",309.52,8.66,"D"
"28288",10.28581,36.49142,345.22,0.51,0.5,"2026-02-16",1121,"N20","nominal","2.0NRT",312.13,8.66,"D"
"28289",9.86834,33.45998,341.84,0.49,0.41,"2026-02-16",1121,"N20","low","2.0NRT",314.45,11.6,"D"
"28290",10.2861,36.45893,355.62,0.51,0.5,"2026-02-16",1121,"N20","nominal","2.0NRT",307.51,7.24,"D"
"28291",10.28557,36.45493,339.07,0.51,0.49,"2026-02-16",1121,"N20","nominal","2.0NRT",307.94,7.24,"D"
"28292",9.87206,33.45944,348.69,0.49,0.41,"2026-02-16",1121,"N20","nominal","2.0NRT",315.91,11.6,"D"
"28293",9.87707,33.46791,339.65,0.5,0.41,"2026-02-16",1121,"N20","low","2.0NRT",312.85,8.83,"D"
"28294",9.59271,31.50807,343.98,0.41,0.37,"2026-02-16",1121,"N20","low","2.0NRT",316.97,13.68,"D"
"28295",9.5961,31.50757,343.48,0.41,0.37,"2026-02-16",1121,"N20","low","2.0NRT",317.4,13.68,"D"
"28296",9.59665,31.51126,367,0.41,0.37,"2026-02-16",1121,"N20","low","2.0NRT",325.65,77.46,"D"
"28297",10.29873,36.44955,351.18,0.51,0.49,"2026-02-16",1121,"N20","nominal","2.0NRT",307.15,11.02,"D"
"28298",10.29812,36.44506,334.85,0.51,0.49,"2026-02-16",1121,"N20","nominal","2.0NRT",305.98,11.02,"D"
"28299",10.20213,35.73796,352.1,0.46,0.47,"2026-02-16",1121,"N20","nominal","2.0NRT",307.54,6.34,"D"
"28300",10.19372,35.67648,342.11,0.45,0.47,"2026-02-16",1121,"N20","nominal","2.0NRT",306.79,10.78,"D"
"28301",10.13409,35.2428,341.77,0.42,0.45,"2026-02-16",1121,"N20","nominal","2.0NRT",311.12,3.79,"D"
"28302",9.88516,33.47134,342.15,0.5,0.41,"2026-02-16",1121,"N20","low","2.0NRT",312.97,10.62,"D"
"28303",10.30331,36.44924,367,0.51,0.49,"2026-02-16",1121,"N20","high","2.0NRT",311.36,11.02,"D"
"28304",10.19802,35.67586,367,0.45,0.47,"2026-02-16",1121,"N20","high","2.0NRT",310.99,10.78,"D"
"28305",10.30931,36.49372,341.87,0.52,0.5,"2026-02-16",1121,"N20","nominal","2.0NRT",305.43,10.82,"D"
"28306",10.30871,36.48927,355.83,0.51,0.5,"2026-02-16",1121,"N20","nominal","2.0NRT",309.24,10.82,"D"
"28307",10.20763,35.7459,341.14,0.46,0.47,"2026-02-16",1121,"N20","nominal","2.0NRT",304.46,9.09,"D"
"28308",10.20704,35.74164,350.88,0.46,0.47,"2026-02-16",1121,"N20","nominal","2.0NRT",309.71,9.09,"D"
"28309",10.20645,35.73733,340.8,0.46,0.47,"2026-02-16",1121,"N20","nominal","2.0NRT",305.06,6.34,"D"
"28310",10.19746,35.67176,348.3,0.45,0.47,"2026-02-16",1121,"N20","nominal","2.0NRT",310.88,11.78,"D"
"28311",10.31333,36.48915,340.99,0.51,0.5,"2026-02-16",1121,"N20","nominal","2.0NRT",308.63,7.38,"D"
"28312",10.31272,36.48466,352.17,0.51,0.5,"2026-02-16",1121,"N20","nominal","2.0NRT",308.71,13.56,"D"
"28313",10.20232,35.67524,335.13,0.45,0.47,"2026-02-16",1121,"N20","nominal","2.0NRT",307.45,6.46,"D"
"28314",10.20175,35.67111,352.73,0.45,0.47,"2026-02-16",1121,"N20","nominal","2.0NRT",315.36,22.63,"D"
"28315",10.20119,35.66702,342.66,0.45,0.47,"2026-02-16",1121,"N20","nominal","2.0NRT",308.97,22.63,"D"
"28316",9.24389,29.10749,348.77,0.39,0.36,"2026-02-16",1121,"N20","nominal","2.0NRT",316.6,6.62,"D"
"28317",10.19964,35.46749,343.77,0.44,0.46,"2026-02-16",1121,"N20","nominal","2.0NRT",312.29,7.07,"D"
"28318",10.20387,35.46683,345.32,0.44,0.46,"2026-02-16",1121,"N20","nominal","2.0NRT",311.98,7.07,"D"
"28319",10.07035,34.5226,337.87,0.57,0.43,"2026-02-16",1121,"N20","nominal","2.0NRT",311.9,45.7,"D"
"28320",10.05414,34.40857,338.17,0.56,0.43,"2026-02-16",1121,"N20","low","2.0NRT",309.11,7.4,"D"
"28321",9.27033,29.1249,345.46,0.39,0.36,"2026-02-16",1121,"N20","low","2.0NRT",317.86,6.62,"D"
"28322",10.07436,34.52224,333.46,0.57,0.43,"2026-02-16",1121,"N20","low","2.0NRT",307.75,9.14,"D"
"28323",9.93158,33.5293,342.45,0.5,0.41,"2026-02-16",1121,"N20","low","2.0NRT",316.89,11.24,"D"
"28324",10.06868,34.5206,334.16,0.57,0.43,"2026-02-16",1121,"N20","low","2.0NRT",307.85,29.62,"D"
"28325",10.05321,34.40639,336.12,0.56,0.43,"2026-02-16",1121,"N20","low","2.0NRT",308.62,6.95,"D"
"28326",10.19949,35.46814,338.19,0.44,0.46,"2026-02-16",1121,"N20","low","2.0NRT",311.63,6.88,"D"
"28327",10.07337,34.52527,337.03,0.57,0.43,"2026-02-16",1121,"N20","low","2.0NRT",308.77,31.06,"D"
"28328",10.20372,35.46746,340.19,0.44,0.46,"2026-02-16",1121,"N20","low","2.0NRT",310.8,4.7,"D"
"28329",10.20319,35.46346,344.63,0.44,0.46,"2026-02-16",1121,"N20","low","2.0NRT",314.85,4.7,"D"
"28330",10.28398,35.97496,338.25,0.48,0.48,"2026-02-16",1121,"N20","nominal","2.0NRT",307.14,4.95,"D"
"28331",10.40818,36.81815,336.55,0.54,0.51,"2026-02-16",1121,"N20","low","2.0NRT",309.83,5.22,"D"
"28332",10.23188,35.48405,344.99,0.44,0.46,"2026-02-16",1121,"N20","nominal","2.0NRT",314.76,7.95,"D"
"28333",9.29177,28.97731,344.16,0.39,0.36,"2026-02-16",1121,"N20","low","2.0NRT",316.78,10.11,"D"
"28334",10.30003,35.92754,347.76,0.47,0.48,"2026-02-16",1121,"N20","nominal","2.0NRT",306.15,10.99,"D"
"28335",10.16937,34.68965,347.94,0.39,0.44,"2026-02-16",1121,"N20","nominal","2.0NRT",307.93,13.36,"D"
"28336",10.16886,34.68596,338.08,0.39,0.44,"2026-02-16",1121,"N20","nominal","2.0NRT",306.06,13.36,"D"
"28337",10.17342,34.68923,338.96,0.39,0.44,"2026-02-16",1121,"N20","nominal","2.0NRT",303.43,6.96,"D"
"28338",10.32938,35.78337,338.95,0.46,0.47,"2026-02-16",1121,"N20","nominal","2.0NRT",304.78,5.15,"D"
"28339",10.3231,35.73766,347.82,0.46,0.47,"2026-02-16",1121,"N20","nominal","2.0NRT",304.38,5.2,"D"
"28340",10.28874,35.48806,338.29,0.44,0.46,"2026-02-16",1121,"N20","low","2.0NRT",311.7,3.3,"D"
"28341",9.91869,32.87347,355.35,0.46,0.39,"2026-02-16",1121,"N20","nominal","2.0NRT",315.6,10.96,"D"
"28342",10.32744,35.7372,346.59,0.46,0.47,"2026-02-16",1121,"N20","nominal","2.0NRT",306.13,7.09,"D"
"28343",9.92047,32.86035,352.31,0.46,0.39,"2026-02-16",1121,"N20","nominal","2.0NRT",317.54,5.26,"D"
"28344",10.33235,35.74082,335.53,0.46,0.47,"2026-02-16",1121,"N20","nominal","2.0NRT",302.84,6.63,"D"
"28345",10.33174,35.7364,339.6,0.46,0.47,"2026-02-16",1121,"N20","nominal","2.0NRT",304.47,7.09,"D"
"28346",9.92408,32.85983,341.39,0.46,0.39,"2026-02-16",1121,"N20","low","2.0NRT",315.9,5.26,"D"
"28347",9.92347,32.85563,342.54,0.46,0.39,"2026-02-16",1121,"N20","low","2.0NRT",314.15,5.26,"D"
"28348",9.90228,32.70996,340.89,0.45,0.39,"2026-02-16",1121,"N20","low","2.0NRT",315.74,4.7,"D"
"28349",9.45189,29.68877,350.47,0.38,0.36,"2026-02-16",1121,"N20","nominal","2.0NRT",320.38,12.74,"D"
"28350",10.04276,33.65551,342.2,0.51,0.41,"2026-02-16",1121,"N20","low","2.0NRT",316.66,5.97,"D"
"28351",10.03218,33.58191,349.88,0.5,0.41,"2026-02-16",1121,"N20","nominal","2.0NRT",317.21,13.32,"D"
"28352",10.41268,36.25914,333.58,0.5,0.49,"2026-02-16",1121,"N20","nominal","2.0NRT",299.94,7.73,"D"
"28353",10.34278,35.75245,335.5,0.46,0.47,"2026-02-16",1121,"N20","nominal","2.0NRT",302.79,6.34,"D"
"28354",10.33848,35.72146,330.24,0.46,0.47,"2026-02-16",1121,"N20","low","2.0NRT",304.5,4.51,"D"
"28355",10.33787,35.7171,340.84,0.46,0.47,"2026-02-16",1121,"N20","nominal","2.0NRT",303.66,4.29,"D"
"28356",10.34709,35.75169,335.5,0.46,0.47,"2026-02-16",1121,"N20","nominal","2.0NRT",301.43,6.92,"D"
"28357",10.34282,35.72102,344.67,0.46,0.47,"2026-02-16",1121,"N20","nominal","2.0NRT",305.82,6.46,"D"
"28358",10.04036,33.58543,350.95,0.5,0.41,"2026-02-16",1121,"N20","nominal","2.0NRT",320.25,15.49,"D"
"28359",10.03969,33.58085,343.58,0.5,0.41,"2026-02-16",1121,"N20","low","2.0NRT",317.56,15.49,"D"
"28360",10.35016,35.74208,331.45,0.46,0.47,"2026-02-16",1121,"N20","low","2.0NRT",303.75,5.93,"D"
"28361",10.34894,35.7333,339.52,0.46,0.47,"2026-02-16",1121,"N20","nominal","2.0NRT",304.16,4.2,"D"
"28362",10.04411,33.58491,340.73,0.5,0.41,"2026-02-16",1121,"N20","low","2.0NRT",315.09,15.49,"D"
"28363",10.04345,33.58032,347.24,0.5,0.41,"2026-02-16",1121,"N20","nominal","2.0NRT",318.4,15.49,"D"
"28364",10.16884,34.42623,336.53,0.57,0.43,"2026-02-16",1121,"N20","low","2.0NRT",307.87,2.76,"D"
"28365",10.04054,33.58128,353.14,0.5,0.41,"2026-02-16",1121,"N20","nominal","2.0NRT",318.7,58.71,"D"
"28366",9.90834,32.63319,343.55,0.45,0.39,"2026-02-16",1121,"N20","low","2.0NRT",317.56,6.38,"D"
"28367",10.34,35.75218,333.69,0.46,0.47,"2026-02-16",1121,"N20","nominal","2.0NRT",302.97,3.45,"D"
"28368",10.33942,35.74776,331.61,0.46,0.47,"2026-02-16",1121,"N20","low","2.0NRT",304.22,3.45,"D"
"28369",10.33593,35.72103,336.44,0.46,0.47,"2026-02-16",1121,"N20","nominal","2.0NRT",303.39,3.24,"D"
"28370",10.3443,35.75134,341.34,0.46,0.47,"2026-02-16",1121,"N20","nominal","2.0NRT",302.08,3.45,"D"
"28371",10.34026,35.72048,332.89,0.46,0.47,"2026-02-16",1121,"N20","low","2.0NRT",305.07,3.24,"D"
"28372",10.16796,34.42782,337.26,0.57,0.43,"2026-02-16",1121,"N20","low","2.0NRT",307.82,8.93,"D"
"28373",10.34802,35.74603,330.15,0.46,0.47,"2026-02-16",1121,"N20","low","2.0NRT",302.05,2.87,"D"
"28374",10.34461,35.72006,343.6,0.46,0.47,"2026-02-16",1121,"N20","nominal","2.0NRT",304.9,7.13,"D"
"28375",10.25681,35.05758,340.28,0.41,0.45,"2026-02-16",1121,"N20","low","2.0NRT",311.63,5.74,"D"
"28376",9.1998,27.83333,348.72,0.42,0.37,"2026-02-16",1121,"N20","low","2.0NRT",322.71,4.69,"D"
"28377",10.35179,35.74117,334.64,0.46,0.47,"2026-02-16",1121,"N20","nominal","2.0NRT",302.79,4.09,"D"
"28378",10.35121,35.73676,333.93,0.46,0.47,"2026-02-16",1121,"N20","nominal","2.0NRT",304.4,4.09,"D"
"28379",10.35064,35.73246,334.65,0.46,0.47,"2026-02-16",1121,"N20","nominal","2.0NRT",303.93,4.97,"D"
"28380",9.22049,27.94116,353.65,0.41,0.37,"2026-02-16",1121,"N20","low","2.0NRT",323.86,37.06,"D"
"28381",10.20086,34.55064,344.25,0.38,0.44,"2026-02-16",1121,"N20","nominal","2.0NRT",307.05,7.49,"D"
"28382",10.3693,35.77351,331.13,0.46,0.47,"2026-02-16",1121,"N20","low","2.0NRT",304.52,3.2,"D"
"28383",9.70465,30.98438,348.18,0.4,0.37,"2026-02-16",1121,"N20","low","2.0NRT",320.13,6.78,"D"
"28384",9.34353,28.61204,351.03,0.4,0.37,"2026-02-16",1121,"N20","nominal","2.0NRT",323.96,10.72,"D"
"28385",10.25319,34.81429,355.91,0.4,0.44,"2026-02-16",1121,"N20","nominal","2.0NRT",297.89,15.4,"D"
"28386",10.25726,34.81376,335.62,0.4,0.44,"2026-02-16",1121,"N20","nominal","2.0NRT",301.8,4.29,"D"
"28387",10.26134,34.8133,341.42,0.4,0.44,"2026-02-16",1121,"N20","nominal","2.0NRT",291.68,4.29,"D"
"28388",10.26083,34.80958,334.61,0.4,0.44,"2026-02-16",1121,"N20","nominal","2.0NRT",303.18,6.24,"D"
"28389",9.37795,28.76707,342.71,0.39,0.36,"2026-02-16",1121,"N20","low","2.0NRT",317.39,7.87,"D"
"28390",10.26491,34.80917,333.62,0.4,0.44,"2026-02-16",1121,"N20","nominal","2.0NRT",296.5,2.84,"D"
"28391",10.49631,36.42309,344.78,0.51,0.5,"2026-02-16",1121,"N20","nominal","2.0NRT",310.99,6.67,"D"
"28392",9.43727,29.01812,342.52,0.39,0.36,"2026-02-16",1121,"N20","low","2.0NRT",315.24,2.23,"D"
"28393",10.31948,35.02352,343.03,0.41,0.45,"2026-02-16",1121,"N20","nominal","2.0NRT",310.93,4.18,"D"
"28394",9.44058,29.0176,347.94,0.39,0.36,"2026-02-16",1121,"N20","nominal","2.0NRT",316.61,3.23,"D"
"28395",10.12843,33.60625,350.89,0.51,0.41,"2026-02-16",1121,"N20","nominal","2.0NRT",318.51,11.1,"D"
"28396",9.4726,29.18139,341.19,0.39,0.36,"2026-02-16",1121,"N20","nominal","2.0NRT",315.95,1.95,"D"
"28397",10.27545,34.61826,340.71,0.39,0.44,"2026-02-16",1121,"N20","nominal","2.0NRT",301.81,15.68,"D"
"28398",11.16547,41.39183,335.53,0.57,0.69,"2026-02-16",1121,"N20","low","2.0NRT",309.92,1.67,"D"
"28399",10.51354,36.27757,354.86,0.5,0.49,"2026-02-16",1121,"N20","nominal","2.0NRT",310.77,14.1,"D"
"28400",10.5129,36.27285,343.75,0.5,0.49,"2026-02-16",1121,"N20","nominal","2.0NRT",308.95,5.98,"D"
"28401",10.51802,36.2768,347.12,0.5,0.49,"2026-02-16",1121,"N20","nominal","2.0NRT",311.08,16.3,"D"
"28402",10.51738,36.27211,351.73,0.5,0.49,"2026-02-16",1121,"N20","nominal","2.0NRT",316.5,8.45,"D"
"28403",10.52187,36.27141,343.47,0.5,0.49,"2026-02-16",1121,"N20","nominal","2.0NRT",311.13,8.45,"D"
"28404",10.52125,36.26689,342.07,0.5,0.49,"2026-02-16",1121,"N20","nominal","2.0NRT",307.73,8.45,"D"
"28405",10.31938,34.81351,344.87,0.4,0.44,"2026-02-16",1121,"N20","nominal","2.0NRT",309.1,8.17,"D"
"28406",9.05934,26.43705,352.43,0.48,0.4,"2026-02-16",1121,"N20","nominal","2.0NRT",321.23,10.21,"D"
"28407",10.52579,36.26657,343.24,0.5,0.49,"2026-02-16",1121,"N20","nominal","2.0NRT",309.79,12.55,"D"
"28408",10.43386,35.60122,331.87,0.45,0.47,"2026-02-16",1121,"N20","low","2.0NRT",306.72,0.88,"D"
"28409",9.08413,26.56888,356.34,0.47,0.4,"2026-02-16",1121,"N20","nominal","2.0NRT",321.14,14.64,"D"
"28410",10.40377,35.35424,341.01,0.43,0.46,"2026-02-16",1121,"N20","nominal","2.0NRT",313.09,4.53,"D"
"28411",10.40324,35.35041,342.65,0.43,0.46,"2026-02-16",1121,"N20","nominal","2.0NRT",313.09,3.98,"D"
"28412",9.85713,31.57016,353.04,0.41,0.37,"2026-02-16",1121,"N20","nominal","2.0NRT",318.24,11.95,"D"
"28413",9.85658,31.56643,354.94,0.41,0.37,"2026-02-16",1121,"N20","nominal","2.0NRT",319.88,15.75,"D"
"28414",9.85603,31.56271,345.66,0.41,0.37,"2026-02-16",1121,"N20","nominal","2.0NRT",314.05,15.75,"D"
"28415",9.85547,31.55898,344.66,0.41,0.37,"2026-02-16",1121,"N20","nominal","2.0NRT",313.99,7.31,"D"
"28416",9.85833,31.55475,341.78,0.41,0.37,"2026-02-16",1121,"N20","low","2.0NRT",314.46,6.82,"D"
"28417",9.87006,31.61018,347.75,0.41,0.37,"2026-02-16",1121,"N20","low","2.0NRT",318.59,22.14,"D"
"28418",9.8695,31.60645,350.9,0.41,0.37,"2026-02-16",1121,"N20","nominal","2.0NRT",318.82,22.14,"D"
"28419",9.86173,31.55425,343.03,0.41,0.37,"2026-02-16",1121,"N20","low","2.0NRT",316.66,6.82,"D"
"28420",10.11499,33.33704,343.49,0.49,0.4,"2026-02-16",1121,"N20","low","2.0NRT",316.65,7.1,"D"
"28421",9.87044,31.61025,345.36,0.41,0.37,"2026-02-16",1121,"N20","low","2.0NRT",319.36,27.02,"D"
"28422",9.86773,31.59156,346.94,0.41,0.37,"2026-02-16",1121,"N20","low","2.0NRT",317.54,20.44,"D"
"28423",9.55055,29.46539,340.64,0.38,0.36,"2026-02-16",1121,"N20","low","2.0NRT",312,6.08,"D"
"28424",10.5159,36.27914,347.73,0.5,0.49,"2026-02-16",1121,"N20","nominal","2.0NRT",309.21,6.96,"D"
"28425",10.51528,36.27435,354.12,0.5,0.49,"2026-02-16",1121,"N20","nominal","2.0NRT",316.31,6.71,"D"
"28426",10.51468,36.26965,336.87,0.5,0.49,"2026-02-16",1121,"N20","nominal","2.0NRT",308.58,6.71,"D"
"28427",9.87999,31.62795,349.13,0.41,0.37,"2026-02-16",1121,"N20","low","2.0NRT",320.62,17.14,"D"
"28428",10.52038,36.27833,332.33,0.5,0.49,"2026-02-16",1121,"N20","low","2.0NRT",305.38,6.96,"D"
"28429",10.51977,36.27358,339.62,0.5,0.49,"2026-02-16",1121,"N20","nominal","2.0NRT",312.06,6.71,"D"
"28430",10.51917,36.26895,340.17,0.5,0.49,"2026-02-16",1121,"N20","nominal","2.0NRT",311.34,6.71,"D"
"28431",9.88341,31.62744,350.71,0.41,0.37,"2026-02-16",1121,"N20","nominal","2.0NRT",316.4,17.14,"D"
"28432",10.52426,36.27289,330.2,0.5,0.49,"2026-02-16",1121,"N20","low","2.0NRT",304.42,8.98,"D"
"28433",10.52369,36.26844,353.49,0.5,0.49,"2026-02-16",1121,"N20","nominal","2.0NRT",309.72,8.98,"D"
"28434",10.40362,35.3509,346.03,0.43,0.46,"2026-02-16",1121,"N20","nominal","2.0NRT",313.58,5.93,"D"
"28435",9.39862,28.40088,344.6,0.4,0.37,"2026-02-16",1121,"N20","low","2.0NRT",319.33,13.59,"D"
"28436",9.21204,27.23244,350.65,0.44,0.38,"2026-02-16",1121,"N20","nominal","2.0NRT",320.2,10.39,"D"
"28437",10.13911,33.34725,342.56,0.49,0.4,"2026-02-16",1121,"N20","low","2.0NRT",317.09,8.61,"D"
"28438",10.44326,35.55199,339.11,0.45,0.47,"2026-02-16",1121,"N20","nominal","2.0NRT",309.01,3.04,"D"
"28439",10.14282,33.34673,350,0.49,0.4,"2026-02-16",1121,"N20","nominal","2.0NRT",319.33,8.61,"D"
"28440",10.14528,33.33727,345.09,0.49,0.4,"2026-02-16",1121,"N20","low","2.0NRT",320.07,11.38,"D"
"28441",10.37085,34.88571,339.34,0.41,0.45,"2026-02-16",1121,"N20","low","2.0NRT",310.44,3.63,"D"
"28442",9.90418,31.5785,341.23,0.41,0.37,"2026-02-16",1121,"N20","low","2.0NRT",315.28,4.39,"D"
"28443",10.37445,34.88157,349.3,0.41,0.45,"2026-02-16",1121,"N20","nominal","2.0NRT",311.54,5.64,"D"
"28444",9.58482,29.42439,341.08,0.38,0.36,"2026-02-16",1121,"N20","low","2.0NRT",312.88,5.61,"D"
"28445",9.91045,31.57375,354.55,0.41,0.37,"2026-02-16",1121,"N20","nominal","2.0NRT",320.26,14.18,"D"
"28446",10.37861,34.85102,337.85,0.4,0.44,"2026-02-16",1121,"N20","low","2.0NRT",310.6,2.3,"D"
"28447",9.91387,31.57324,342.66,0.41,0.37,"2026-02-16",1121,"N20","nominal","2.0NRT",312.32,3.43,"D"
"28448",10.30227,34.26772,341.1,0.56,0.43,"2026-02-16",1121,"N20","nominal","2.0NRT",310.85,5.79,"D"
"28449",10.3083,34.28231,337.62,0.56,0.43,"2026-02-16",1121,"N20","low","2.0NRT",309.44,16.4,"D"
"28450",9.83965,31.00061,343.97,0.4,0.37,"2026-02-16",1121,"N20","low","2.0NRT",318.03,7.05,"D"
"28451",9.83858,30.99342,348.77,0.4,0.37,"2026-02-16",1121,"N20","nominal","2.0NRT",317.96,11.3,"D"
"28452",9.25186,27.18946,349.76,0.44,0.38,"2026-02-16",1121,"N20","nominal","2.0NRT",323.17,10.25,"D"
"28453",9.843,31.0001,345.64,0.4,0.37,"2026-02-16",1121,"N20","low","2.0NRT",318.05,8.99,"D"
"28454",9.12151,26.35729,348.25,0.48,0.4,"2026-02-16",1121,"N20","nominal","2.0NRT",317.94,12.53,"D"
"28455",9.16116,26.5793,348.62,0.47,0.4,"2026-02-16",1121,"N20","nominal","2.0NRT",318.33,10.65,"D"
"28456",10.34671,34.44227,346.57,0.57,0.43,"2026-02-16",1121,"N20","nominal","2.0NRT",304.67,9.13,"D"
"28457",9.70846,30.01398,341.47,0.38,0.36,"2026-02-16",1121,"N20","low","2.0NRT",313.99,6.09,"D"
"28458",9.70793,30.0105,355.53,0.38,0.36,"2026-02-16",1121,"N20","nominal","2.0NRT",315.31,11.02,"D"
"28459",10.31672,34.14297,339.87,0.55,0.42,"2026-02-16",1121,"N20","low","2.0NRT",312.54,7.53,"D"
"28460",9.71559,30.01645,345.16,0.38,0.36,"2026-02-16",1121,"N20","low","2.0NRT",317.18,4.64,"D"
"28461",9.64414,29.54702,345.25,0.38,0.36,"2026-02-16",1121,"N20","low","2.0NRT",318.65,6.55,"D"
"28462",10.32593,34.15185,338.73,0.55,0.43,"2026-02-16",1121,"N20","low","2.0NRT",312.03,8.71,"D"
"28463",9.71889,30.01594,344.35,0.38,0.36,"2026-02-16",1121,"N20","low","2.0NRT",316.96,4.64,"D"
"28464",9.60272,29.23233,350.64,0.39,0.36,"2026-02-16",1121,"N20","nominal","2.0NRT",319.7,6.93,"D"
"28465",9.72602,30.0184,347.6,0.38,0.36,"2026-02-16",1121,"N20","nominal","2.0NRT",316.87,8,"D"
"28466",10.68144,36.61797,342.85,0.53,0.5,"2026-02-16",1121,"N20","nominal","2.0NRT",303.95,11.61,"D"
"28467",9.72932,30.0179,344.02,0.38,0.36,"2026-02-16",1121,"N20","low","2.0NRT",315.47,22.05,"D"
"28468",9.28981,27.17922,347.54,0.44,0.38,"2026-02-16",1121,"N20","nominal","2.0NRT",319.14,5.85,"D"
"28469",9.9618,31.52042,337.33,0.41,0.37,"2026-02-16",1121,"N20","low","2.0NRT",309.27,25.01,"D"
"28470",9.73487,30.00992,342.69,0.38,0.36,"2026-02-16",1121,"N20","low","2.0NRT",315.6,22.92,"D"
"28471",9.73923,30.01637,367,0.38,0.36,"2026-02-16",1121,"N20","high","2.0NRT",332.42,129.26,"D"
"28472",9.96632,31.52735,352.06,0.41,0.37,"2026-02-16",1121,"N20","nominal","2.0NRT",310.83,11.43,"D"
"28473",9.96521,31.51992,343,0.41,0.37,"2026-02-16",1121,"N20","nominal","2.0NRT",312.54,25.01,"D"
"28474",9.96465,31.51619,348.56,0.41,0.37,"2026-02-16",1121,"N20","low","2.0NRT",319.27,25.01,"D"
"28475",9.73817,30.00941,345.63,0.38,0.36,"2026-02-16",1121,"N20","low","2.0NRT",320.53,22.92,"D"
"28476",9.58537,29.009,345.32,0.39,0.36,"2026-02-16",1121,"N20","low","2.0NRT",317.8,5.52,"D"
"28477",9.9667,31.52699,348.12,0.41,0.37,"2026-02-16",1121,"N20","nominal","2.0NRT",316.8,13.42,"D"
"28478",9.96508,31.51582,344.37,0.41,0.37,"2026-02-16",1121,"N20","low","2.0NRT",314.75,7.08,"D"
"28479",9.74282,30.01511,348.25,0.38,0.36,"2026-02-16",1121,"N20","low","2.0NRT",318.86,19.42,"D"
"28480",9.66022,29.47257,344.11,0.38,0.36,"2026-02-16",1121,"N20","nominal","2.0NRT",317.67,5.95,"D"
"28481",9.58797,29.00439,354.62,0.39,0.36,"2026-02-16",1121,"N20","nominal","2.0NRT",321.64,13.14,"D"
"28482",9.9701,31.52648,348.94,0.41,0.37,"2026-02-16",1121,"N20","nominal","2.0NRT",314.27,13.42,"D"
"28483",9.96956,31.52275,337.83,0.41,0.37,"2026-02-16",1121,"N20","low","2.0NRT",312.65,13.42,"D"
"28484",9.74612,30.0146,346.67,0.38,0.36,"2026-02-16",1121,"N20","nominal","2.0NRT",312.8,19.42,"D"
"28485",9.59129,29.00387,352.67,0.39,0.36,"2026-02-16",1121,"N20","nominal","2.0NRT",321.29,13.14,"D"
"28486",9.59074,29.00035,345.22,0.39,0.36,"2026-02-16",1121,"N20","low","2.0NRT",317.3,9.29,"D"
"28487",9.74559,30.01111,367,0.38,0.36,"2026-02-16",1121,"N20","low","2.0NRT",330.11,126.69,"D"
"28488",10.18272,32.99335,343.79,0.47,0.4,"2026-02-16",1121,"N20","low","2.0NRT",318.14,7.39,"D"
"28489",9.74942,30.01409,351.14,0.38,0.36,"2026-02-16",1121,"N20","nominal","2.0NRT",314.01,29.69,"D"
"28490",9.7489,30.0106,367,0.38,0.36,"2026-02-16",1121,"N20","low","2.0NRT",326.26,77.56,"D"
"28491",9.59406,28.99983,352.36,0.39,0.36,"2026-02-16",1121,"N20","low","2.0NRT",330.15,57.26,"D"
"28492",9.59737,28.99931,367,0.39,0.36,"2026-02-16",1121,"N20","high","2.0NRT",337.63,57.26,"D"
"28493",9.59683,28.9958,349.78,0.39,0.36,"2026-02-16",1121,"N20","nominal","2.0NRT",317.54,57.26,"D"
"28494",9.75272,30.01358,367,0.38,0.36,"2026-02-16",1121,"N20","low","2.0NRT",329.99,29.69,"D"
"28495",9.97708,31.50263,342.51,0.41,0.37,"2026-02-16",1121,"N20","nominal","2.0NRT",311.7,6.59,"D"
"28496",9.75603,30.01307,339.64,0.38,0.36,"2026-02-16",1121,"N20","low","2.0NRT",310.8,16.84,"D"
"28497",10.68081,36.61957,348.57,0.53,0.5,"2026-02-16",1121,"N20","nominal","2.0NRT",306,13.64,"D"
"28498",9.12275,26.00369,353.17,0.5,0.41,"2026-02-16",1121,"N20","nominal","2.0NRT",318.89,14.56,"D"
"28499",9.98714,31.52394,340.91,0.41,0.37,"2026-02-16",1121,"N20","low","2.0NRT",312.71,3.81,"D"
"28500",9.98389,31.50161,354.19,0.41,0.37,"2026-02-16",1121,"N20","nominal","2.0NRT",314.97,12.82,"D"
"28501",9.99055,31.52343,335.81,0.41,0.37,"2026-02-16",1121,"N20","low","2.0NRT",309.28,3.81,"D"
"28502",9.99001,31.5197,344.61,0.41,0.37,"2026-02-16",1121,"N20","nominal","2.0NRT",309.58,3.81,"D"
"28503",9.98946,31.51598,340.47,0.41,0.37,"2026-02-16",1121,"N20","nominal","2.0NRT",310.11,4.95,"D"
"28504",9.98892,31.51226,353.75,0.41,0.37,"2026-02-16",1121,"N20","nominal","2.0NRT",311.27,4.95,"D"
"28505",9.98783,31.50482,339.75,0.41,0.37,"2026-02-16",1121,"N20","low","2.0NRT",311.44,7.31,"D"
"28506",9.98729,31.5011,339.14,0.41,0.37,"2026-02-16",1121,"N20","low","2.0NRT",309.37,12.82,"D"
"28507",9.6579,29.23737,347.6,0.39,0.36,"2026-02-16",1121,"N20","nominal","2.0NRT",317.01,8.96,"D"
"28508",9.66013,29.22987,352.61,0.39,0.36,"2026-02-16",1121,"N20","nominal","2.0NRT",321.02,24.35,"D"
"28509",9.66397,29.23284,352.71,0.39,0.36,"2026-02-16",1121,"N20","nominal","2.0NRT",320.53,60.36,"D"
"28510",10.07099,31.85863,344.4,0.42,0.38,"2026-02-16",1121,"N20","low","2.0NRT",315.53,11.32,"D"
"28511",10.5054,34.89853,339.07,0.41,0.45,"2026-02-16",1121,"N20","low","2.0NRT",309.78,5.34,"D"
"28512",10.08855,31.93057,343.16,0.42,0.38,"2026-02-16",1121,"N20","low","2.0NRT",315.5,25.1,"D"
"28513",9.30798,26.81677,349.68,0.46,0.39,"2026-02-16",1121,"N20","nominal","2.0NRT",319.73,8.45,"D"
"28514",9.70382,29.31598,340.63,0.39,0.36,"2026-02-16",1121,"N20","nominal","2.0NRT",314.91,2.86,"D"
"28515",9.31155,26.81618,355.2,0.46,0.39,"2026-02-16",1121,"N20","nominal","2.0NRT",322.62,17.03,"D"
"28516",10.5364,35.00171,335.38,0.41,0.45,"2026-02-16",1121,"N20","low","2.0NRT",309.45,1.5,"D"
"28517",10.09451,31.87473,339.84,0.42,0.38,"2026-02-16",1121,"N20","low","2.0NRT",313.49,4.58,"D"
"28518",10.49355,34.57515,335.89,0.39,0.44,"2026-02-16",1121,"N20","nominal","2.0NRT",304.01,2.51,"D"
"28519",10.49757,34.5746,333.49,0.39,0.44,"2026-02-16",1121,"N20","low","2.0NRT",306.02,3.26,"D"
"28520",10.6434,35.52658,331.03,0.45,0.47,"2026-02-16",1121,"N20","low","2.0NRT",304.64,3.6,"D"
"28521",9.84386,29.94212,354.89,0.38,0.36,"2026-02-16",1121,"N20","nominal","2.0NRT",318.96,26.7,"D"
"28522",9.84333,29.93864,353.84,0.38,0.36,"2026-02-16",1121,"N20","nominal","2.0NRT",318.75,49.52,"D"
"28523",9.8461,29.93465,356.36,0.38,0.36,"2026-02-16",1121,"N20","nominal","2.0NRT",316.86,25.83,"D"
"28524",10.68435,35.88428,336.2,0.48,0.48,"2026-02-16",1121,"N20","low","2.0NRT",310.69,5.74,"D"
"28525",9.84888,29.93066,353.4,0.38,0.36,"2026-02-16",1121,"N20","nominal","2.0NRT",317.63,17.74,"D"
"28526",10.64215,35.52702,330.31,0.45,0.47,"2026-02-16",1121,"N20","low","2.0NRT",304.75,2.9,"D"
"28527",10.26763,32.77414,352.71,0.46,0.39,"2026-02-16",1121,"N20","nominal","2.0NRT",320.81,13.57,"D"
"28528",9.85218,29.93015,348.45,0.38,0.36,"2026-02-16",1121,"N20","low","2.0NRT",320.07,10.75,"D"
"28529",9.85548,29.92964,341.05,0.38,0.36,"2026-02-16",1121,"N20","low","2.0NRT",315.68,10.75,"D"
"28530",9.37625,26.88203,352.12,0.45,0.39,"2026-02-16",1121,"N20","nominal","2.0NRT",323.78,35.29,"D"
"28531",9.5026,27.64204,353.05,0.42,0.38,"2026-02-16",1121,"N20","nominal","2.0NRT",320.23,26.44,"D"
"28532",10.66131,35.44174,332.45,0.44,0.46,"2026-02-16",1121,"N20","low","2.0NRT",304.99,3.47,"D"
"28533",10.66077,35.43773,343.16,0.44,0.46,"2026-02-16",1121,"N20","nominal","2.0NRT",308.1,5.18,"D"
"28534",10.31633,32.90974,340.84,0.47,0.4,"2026-02-16",1121,"N20","low","2.0NRT",315.74,6.5,"D"
"28535",10.32118,32.91776,344.84,0.47,0.4,"2026-02-16",1121,"N20","nominal","2.0NRT",315.22,12.58,"D"
"28536",10.32481,32.91724,367,0.47,0.4,"2026-02-16",1121,"N20","high","2.0NRT",315.58,15.71,"D"
"28537",10.67412,35.44011,352.81,0.44,0.46,"2026-02-16",1121,"N20","nominal","2.0NRT",309.02,5.88,"D"
"28538",10.32784,32.91244,346.34,0.47,0.4,"2026-02-16",1121,"N20","nominal","2.0NRT",313.48,15.71,"D"
"28539",10.33025,32.90338,344.71,0.47,0.4,"2026-02-16",1121,"N20","nominal","2.0NRT",313.48,18.73,"D"
"28540",10.32964,32.89911,342.75,0.47,0.4,"2026-02-16",1121,"N20","low","2.0NRT",313.28,5.99,"D"
"28541",10.67655,35.36194,353.49,0.44,0.46,"2026-02-16",1121,"N20","nominal","2.0NRT",310.27,11.05,"D"
"28542",10.33327,32.89859,342.75,0.47,0.4,"2026-02-16",1121,"N20","low","2.0NRT",313.23,5.99,"D"
"28543",10.55537,34.4483,336.47,0.38,0.43,"2026-02-16",1121,"N20","low","2.0NRT",307.88,1.19,"D"
"28544",10.18936,31.82966,339.02,0.42,0.38,"2026-02-16",1121,"N20","low","2.0NRT",313.71,5.52,"D"
"28545",10.76772,35.83894,334.69,0.47,0.48,"2026-02-16",1121,"N20","low","2.0NRT",309.58,3.13,"D"
"28546",10.20485,31.83911,347.18,0.42,0.38,"2026-02-16",1121,"N20","nominal","2.0NRT",317.47,7.11,"D"
"28547",10.1981,31.79323,341.81,0.42,0.38,"2026-02-16",1121,"N20","low","2.0NRT",315.12,7.19,"D"
"28548",10.20556,31.79603,349.81,0.42,0.38,"2026-02-16",1121,"N20","nominal","2.0NRT",315.11,28.82,"D"
"28549",10.10578,31.12262,351.8,0.4,0.37,"2026-02-16",1121,"N20","nominal","2.0NRT",323.18,6.6,"D"
"28550",9.61429,27.90489,355.11,0.41,0.37,"2026-02-16",1121,"N20","low","2.0NRT",325.46,31.69,"D"
"28551",9.61769,27.90434,367,0.41,0.37,"2026-02-16",1121,"N20","low","2.0NRT",329.69,31.69,"D"
"28552",10.17278,31.5269,351.2,0.41,0.37,"2026-02-16",1121,"N20","nominal","2.0NRT",320.86,51.84,"D"
"28553",10.17223,31.52316,348.98,0.41,0.37,"2026-02-16",1121,"N20","nominal","2.0NRT",320.73,51.84,"D"
"28554",9.62457,27.92607,356.28,0.41,0.37,"2026-02-16",1121,"N20","nominal","2.0NRT",320.1,12.71,"D"
"28555",9.62399,27.92236,345.73,0.41,0.37,"2026-02-16",1121,"N20","low","2.0NRT",320.09,12.71,"D"
"28556",9.50622,27.1734,352,0.44,0.38,"2026-02-16",1121,"N20","low","2.0NRT",323.38,21.3,"D"
"28557",10.17564,31.52265,367,0.41,0.37,"2026-02-16",1121,"N20","high","2.0NRT",334.36,51.84,"D"
"28558",10.78283,35.75446,336.22,0.47,0.48,"2026-02-16",1121,"N20","nominal","2.0NRT",306.44,3.78,"D"
"28559",9.57324,27.57606,356.27,0.42,0.38,"2026-02-16",1121,"N20","nominal","2.0NRT",319.88,11.54,"D"
"28560",10.1762,31.52639,367,0.41,0.37,"2026-02-16",1121,"N20","low","2.0NRT",332.3,51.84,"D"
"28561",10.51362,33.85225,344.22,0.53,0.42,"2026-02-16",1121,"N20","low","2.0NRT",315.77,7.41,"D"
"28562",10.09461,30.8947,352.36,0.4,0.37,"2026-02-16",1121,"N20","nominal","2.0NRT",319.36,6.3,"D"
"28563",10.09796,30.89419,346.15,0.4,0.37,"2026-02-16",1121,"N20","low","2.0NRT",318.01,7.16,"D"
"28564",10.78385,35.75478,333.53,0.47,0.48,"2026-02-16",1121,"N20","nominal","2.0NRT",305.27,3.77,"D"
"28565",10.55097,34.01081,353.22,0.54,0.42,"2026-02-16",1121,"N20","nominal","2.0NRT",315.72,16.95,"D"
"28566",10.55486,34.01028,340.36,0.54,0.42,"2026-02-16",1121,"N20","low","2.0NRT",315.21,9.99,"D"
"28567",10.7863,35.70583,332.77,0.46,0.47,"2026-02-16",1121,"N20","low","2.0NRT",306.2,5.81,"D"
"28568",10.65009,34.59066,333.07,0.39,0.44,"2026-02-16",1121,"N20","low","2.0NRT",307.06,2.18,"D"
"28569",10.80527,35.68197,335.75,0.46,0.47,"2026-02-16",1121,"N20","low","2.0NRT",306.65,3.78,"D"
"28570",10.80968,35.68192,339.99,0.46,0.47,"2026-02-16",1121,"N20","nominal","2.0NRT",308.47,3.78,"D"
"28571",10.83395,35.83083,354.35,0.47,0.48,"2026-02-16",1121,"N20","nominal","2.0NRT",310.11,6.08,"D"
"28572",10.05812,30.35203,348.77,0.39,0.36,"2026-02-16",1121,"N20","nominal","2.0NRT",319.75,7.98,"D"
"28573",9.98638,29.87665,349.28,0.38,0.36,"2026-02-16",1121,"N20","nominal","2.0NRT",318.74,8.88,"D"
"28574",10.83831,35.82999,344.05,0.47,0.48,"2026-02-16",1121,"N20","nominal","2.0NRT",310.69,6.08,"D"
"28575",10.8377,35.82542,342.05,0.47,0.48,"2026-02-16",1121,"N20","nominal","2.0NRT",308.71,6.08,"D"
"28576",10.19306,31.23599,349.14,0.4,0.37,"2026-02-16",1121,"N20","nominal","2.0NRT",316.62,7.86,"D"
"28577",9.99615,29.89653,345.47,0.38,0.36,"2026-02-16",1121,"N20","low","2.0NRT",318.78,5.11,"D"
"28578",10.85388,35.84612,336.23,0.47,0.48,"2026-02-16",1121,"N20","low","2.0NRT",309.95,5.41,"D"
"28579",10.85267,35.8371,353.61,0.47,0.48,"2026-02-16",1121,"N20","nominal","2.0NRT",314.67,17.75,"D"
"28580",10.85767,35.84106,333.86,0.47,0.48,"2026-02-16",1121,"N20","low","2.0NRT",308.71,5.41,"D"
"28581",10.85706,35.83651,355.22,0.47,0.48,"2026-02-16",1121,"N20","nominal","2.0NRT",310.72,17.75,"D"
"28582",10.85643,35.83186,335.47,0.47,0.48,"2026-02-16",1121,"N20","low","2.0NRT",309.02,17.75,"D"
"28583",10.25525,31.56411,340.83,0.41,0.37,"2026-02-16",1121,"N20","low","2.0NRT",313.9,3.78,"D"
"28584",10.2547,31.56036,345.38,0.41,0.37,"2026-02-16",1121,"N20","low","2.0NRT",316.38,7.55,"D"
"28585",10.25415,31.5566,349.86,0.41,0.37,"2026-02-16",1121,"N20","nominal","2.0NRT",315.96,7.55,"D"
"28586",10.25922,31.56736,341.72,0.41,0.37,"2026-02-16",1121,"N20","low","2.0NRT",315.43,26.25,"D"
"28587",10.26264,31.56685,338.65,0.41,0.37,"2026-02-16",1121,"N20","low","2.0NRT",313.26,26.25,"D"
"28588",10.26209,31.5631,367,0.41,0.37,"2026-02-16",1121,"N20","low","2.0NRT",328.55,26.25,"D"
"28589",9.71707,27.95655,355.17,0.41,0.37,"2026-02-16",1121,"N20","nominal","2.0NRT",322.06,5.12,"D"
"28590",9.71649,27.95286,367,0.41,0.37,"2026-02-16",1121,"N20","low","2.0NRT",326.4,5.12,"D"
"28591",9.72046,27.95601,367,0.41,0.37,"2026-02-16",1121,"N20","low","2.0NRT",325.26,5.12,"D"
"28592",9.68616,27.58125,350.44,0.42,0.38,"2026-02-16",1121,"N20","nominal","2.0NRT",319.86,37.73,"D"
"28593",10.27695,31.42293,343.99,0.41,0.37,"2026-02-16",1121,"N20","low","2.0NRT",318.13,5.94,"D"
"28594",10.16952,30.59784,345.85,0.39,0.36,"2026-02-16",1121,"N20","low","2.0NRT",319.48,6.62,"D"
"28595",10.46932,32.64342,348.93,0.46,0.39,"2026-02-16",1121,"N20","nominal","2.0NRT",317.62,6.95,"D"
"28596",10.75025,34.62431,343.57,0.4,0.44,"2026-02-16",1121,"N20","nominal","2.0NRT",312.19,9.38,"D"
"28597",10.75478,34.62739,343.43,0.4,0.44,"2026-02-16",1121,"N20","nominal","2.0NRT",309.65,10.19,"D"
"28598",10.7543,34.62377,336.4,0.4,0.44,"2026-02-16",1121,"N20","low","2.0NRT",311.39,12.86,"D"
"28599",9.59958,26.85046,349.62,0.45,0.39,"2026-02-16",1121,"N20","nominal","2.0NRT",319.41,8.07,"D"
"28600",10.98551,36.05917,343.08,0.49,0.49,"2026-02-16",1121,"N20","nominal","2.0NRT",309.66,5.46,"D"
"28601",9.62691,26.81672,350.7,0.45,0.39,"2026-02-16",1121,"N20","low","2.0NRT",325.58,13.53,"D"
"28602",10.15995,30.14899,349.87,0.39,0.36,"2026-02-16",1121,"N20","nominal","2.0NRT",320.92,12.84,"D"
"28603",10.84191,34.83975,343.87,0.41,0.45,"2026-02-16",1121,"N20","nominal","2.0NRT",313.51,8.67,"D"
"28604",9.77966,27.6629,345.86,0.42,0.37,"2026-02-16",1121,"N20","low","2.0NRT",318.78,4.04,"D"
"28605",9.78308,27.66235,345.28,0.42,0.37,"2026-02-16",1121,"N20","low","2.0NRT",319.01,4.04,"D"
"28606",9.83677,27.95956,348.8,0.41,0.37,"2026-02-16",1121,"N20","nominal","2.0NRT",322.35,18.56,"D"
"28607",9.80705,27.65847,367,0.42,0.37,"2026-02-16",1121,"N20","low","2.0NRT",326.59,6.45,"D"
"28608",9.80646,27.6547,367,0.42,0.37,"2026-02-16",1121,"N20","low","2.0NRT",325.09,6.45,"D"
"28609",9.81048,27.65792,347.95,0.42,0.37,"2026-02-16",1121,"N20","low","2.0NRT",322.06,6.45,"D"
"28610",9.81025,27.65794,349.88,0.42,0.37,"2026-02-16",1121,"N20","nominal","2.0NRT",321.25,8.93,"D"
"28611",9.84601,27.85927,349.18,0.41,0.37,"2026-02-16",1121,"N20","nominal","2.0NRT",317.53,7.52,"D"
"28612",10.91337,35.07034,336.65,0.42,0.45,"2026-02-16",1121,"N20","nominal","2.0NRT",306.25,3.08,"D"
"28613",10.91285,35.06642,351.2,0.42,0.45,"2026-02-16",1121,"N20","nominal","2.0NRT",308.94,8.58,"D"
"28614",11.0515,36.09074,347.44,0.5,0.49,"2026-02-16",1121,"N20","nominal","2.0NRT",304.81,9.62,"D"
"28615",10.81651,34.31712,340.51,0.57,0.43,"2026-02-16",1121,"N20","low","2.0NRT",314.92,6.04,"D"
"28616",9.86758,27.86341,345.88,0.41,0.37,"2026-02-16",1121,"N20","low","2.0NRT",317.37,6.98,"D"
"28617",9.86699,27.8597,342.69,0.41,0.37,"2026-02-16",1121,"N20","low","2.0NRT",317.13,6.98,"D"
"28618",11.05597,36.09002,367,0.5,0.49,"2026-02-16",1121,"N20","high","2.0NRT",339.1,71.65,"D"
"28619",11.05538,36.08549,367,0.5,0.49,"2026-02-16",1121,"N20","high","2.0NRT",311.3,71.65,"D"
"28620",11.05658,36.09473,345.56,0.5,0.49,"2026-02-16",1121,"N20","nominal","2.0NRT",302.83,100.25,"D"
"28621",9.87098,27.86286,345.12,0.41,0.37,"2026-02-16",1121,"N20","low","2.0NRT",317.12,23.98,"D"
"28622",11.05986,36.0849,367,0.5,0.49,"2026-02-16",1121,"N20","high","2.0NRT",312.99,71.65,"D"
"28623",11.06045,36.08939,351.05,0.5,0.49,"2026-02-16",1121,"N20","nominal","2.0NRT",308.68,71.65,"D"
"28624",11.0593,36.08055,354.19,0.5,0.49,"2026-02-16",1121,"N20","nominal","2.0NRT",311.26,15.4,"D"
"28625",11.06435,36.08439,353.51,0.5,0.49,"2026-02-16",1121,"N20","nominal","2.0NRT",313.41,22.47,"D"
"28626",11.06378,36.08,349.69,0.5,0.49,"2026-02-16",1121,"N20","nominal","2.0NRT",307.46,10.98,"D"
"28627",10.7427,33.69154,339.11,0.52,0.42,"2026-02-16",1121,"N20","low","2.0NRT",313.27,5.33,"D"
"28628",11.06886,36.08397,343.5,0.5,0.49,"2026-02-16",1121,"N20","nominal","2.0NRT",310.45,22.47,"D"
"28629",11.06827,36.07946,341.96,0.5,0.49,"2026-02-16",1121,"N20","nominal","2.0NRT",309.53,10.98,"D"
"28630",10.74718,33.69573,339.56,0.52,0.42,"2026-02-16",1121,"N20","low","2.0NRT",313.69,5.33,"D"
"28631",10.74652,33.691,341.36,0.52,0.42,"2026-02-16",1121,"N20","low","2.0NRT",313.95,5.33,"D"
"28632",11.07277,36.07901,339.79,0.5,0.49,"2026-02-16",1121,"N20","low","2.0NRT",310.72,3.85,"D"
"28633",11.07219,36.0746,335.15,0.5,0.49,"2026-02-16",1121,"N20","nominal","2.0NRT",309.74,3.85,"D"
"28634",11.07162,36.07024,348.52,0.49,0.49,"2026-02-16",1121,"N20","nominal","2.0NRT",312.65,9.95,"D"
"28635",11.06704,36.03535,345.05,0.49,0.49,"2026-02-16",1121,"N20","nominal","2.0NRT",311.64,9.45,"D"
"28636",11.07729,36.07869,336.35,0.5,0.49,"2026-02-16",1121,"N20","low","2.0NRT",309.19,3.85,"D"
"28637",11.0767,36.07423,341.88,0.5,0.49,"2026-02-16",1121,"N20","nominal","2.0NRT",310.36,3.85,"D"
"28638",11.07612,36.06978,352.92,0.49,0.49,"2026-02-16",1121,"N20","nominal","2.0NRT",312.01,9.95,"D"
"28639",9.75055,26.9999,352.61,0.44,0.39,"2026-02-16",1121,"N20","nominal","2.0NRT",321.79,10,"D"
"28640",11.08179,36.07828,350.72,0.5,0.49,"2026-02-16",1121,"N20","nominal","2.0NRT",309.3,5.66,"D"
"28641",11.0812,36.0738,338.02,0.5,0.49,"2026-02-16",1121,"N20","low","2.0NRT",308.84,5.66,"D"
"28642",11.08061,36.06932,339.63,0.49,0.49,"2026-02-16",1121,"N20","low","2.0NRT",310.92,5.93,"D"
"28643",10.42733,31.37737,356.34,0.41,0.37,"2026-02-16",1121,"N20","nominal","2.0NRT",317.33,12.78,"D"
"28644",10.42678,31.37365,345.07,0.41,0.37,"2026-02-16",1121,"N20","low","2.0NRT",317.87,5.68,"D"
"28645",9.75471,27.00332,344.69,0.44,0.39,"2026-02-16",1121,"N20","low","2.0NRT",319.63,7.43,"D"
"28646",9.75407,26.99932,348.21,0.44,0.39,"2026-02-16",1121,"N20","nominal","2.0NRT",316.02,10.22,"D"
"28647",9.75887,27.00673,345.51,0.44,0.39,"2026-02-16",1121,"N20","low","2.0NRT",319.07,7.43,"D"
"28648",9.75823,27.00274,344.56,0.44,0.39,"2026-02-16",1121,"N20","low","2.0NRT",316.36,7.43,"D"
"28649",11.09965,36.14438,337.68,0.5,0.49,"2026-02-16",1121,"N20","low","2.0NRT",308.05,3.11,"D"
"28650",10.43522,31.38381,353.4,0.41,0.37,"2026-02-16",1121,"N20","nominal","2.0NRT",316.72,6.27,"D"
"28651",10.32553,30.64262,354.83,0.39,0.36,"2026-02-16",1121,"N20","nominal","2.0NRT",327.58,45.92,"D"
"28652",10.325,30.63906,367,0.39,0.36,"2026-02-16",1121,"N20","low","2.0NRT",326.33,23.08,"D"
"28653",11.10593,36.15723,334.14,0.5,0.49,"2026-02-16",1121,"N20","low","2.0NRT",306.62,0.75,"D"
"28654",10.43917,31.38703,347.28,0.41,0.37,"2026-02-16",1121,"N20","nominal","2.0NRT",317.07,6.27,"D"
"28655",9.84741,27.51594,347.57,0.42,0.38,"2026-02-16",1121,"N20","low","2.0NRT",322.37,12.71,"D"
"28656",11.13978,36.34311,338.43,0.52,0.5,"2026-02-16",1121,"N20","low","2.0NRT",311.96,7.57,"D"
"28657",10.92071,34.72018,342.85,0.4,0.44,"2026-02-16",1121,"N20","nominal","2.0NRT",310.61,11.71,"D"
"28658",10.92021,34.71651,354.95,0.4,0.44,"2026-02-16",1121,"N20","nominal","2.0NRT",310.83,11.71,"D"
"28659",10.45224,31.38128,342.28,0.41,0.37,"2026-02-16",1121,"N20","low","2.0NRT",315.65,11.02,"D"
"28660",11.17497,36.46743,351.96,0.53,0.5,"2026-02-16",1121,"N20","nominal","2.0NRT",309.37,14.47,"D"
"28661",11.17432,36.46251,344.74,0.53,0.5,"2026-02-16",1121,"N20","nominal","2.0NRT",312.14,14.56,"D"
"28662",11.10542,35.94901,342.58,0.49,0.48,"2026-02-16",1121,"N20","low","2.0NRT",313.37,7.2,"D"
"28663",11.10986,35.94838,338.99,0.49,0.48,"2026-02-16",1121,"N20","low","2.0NRT",311.65,2.8,"D"
"28664",11.18345,36.46076,347.17,0.53,0.5,"2026-02-16",1121,"N20","nominal","2.0NRT",312.66,14.24,"D"
"28665",11.15907,36.27914,342.27,0.51,0.49,"2026-02-16",1121,"N20","nominal","2.0NRT",306.75,13.57,"D"
"28666",11.12035,35.9924,345.47,0.49,0.49,"2026-02-16",1121,"N20","nominal","2.0NRT",311.39,4.59,"D"
"28667",11.11977,35.98807,337.81,0.49,0.48,"2026-02-16",1121,"N20","low","2.0NRT",310.14,4.59,"D"
"28668",11.16424,36.2832,354.52,0.51,0.5,"2026-02-16",1121,"N20","nominal","2.0NRT",308.11,22.54,"D"
"28669",11.16362,36.27859,344.68,0.51,0.49,"2026-02-16",1121,"N20","nominal","2.0NRT",307.86,22.54,"D"
"28670",10.93855,34.63952,336.48,0.4,0.44,"2026-02-16",1121,"N20","low","2.0NRT",309.2,2.52,"D"
"28671",10.92193,34.46226,344.82,0.39,0.44,"2026-02-16",1121,"N20","nominal","2.0NRT",312.45,6.69,"D"
"28672",11.17917,36.2908,354.08,0.51,0.5,"2026-02-16",1121,"N20","nominal","2.0NRT",308.03,9.82,"D"
"28673",9.79891,26.91793,346.06,0.45,0.39,"2026-02-16",1121,"N20","low","2.0NRT",319.47,8.2,"D"
"28674",9.80243,26.91735,344.17,0.45,0.39,"2026-02-16",1121,"N20","low","2.0NRT",318.03,8.2,"D"
"28675",11.18287,36.4583,344.2,0.53,0.5,"2026-02-16",1121,"N20","nominal","2.0NRT",312.31,13.78,"D"
"28676",11.16041,36.28099,354.37,0.51,0.5,"2026-02-16",1121,"N20","nominal","2.0NRT",313.55,18.43,"D"
"28677",11.12322,35.98908,343.29,0.49,0.49,"2026-02-16",1121,"N20","nominal","2.0NRT",312.26,5.94,"D"
"28678",10.92359,34.46172,344.09,0.39,0.44,"2026-02-16",1121,"N20","nominal","2.0NRT",312.1,6.74,"D"
"28679",11.16556,36.28505,339.52,0.51,0.5,"2026-02-16",1121,"N20","nominal","2.0NRT",304.33,18.43,"D"
"28680",11.16497,36.28043,347.87,0.51,0.5,"2026-02-16",1121,"N20","nominal","2.0NRT",307.3,18.43,"D"
"28681",10.96499,34.71049,343.66,0.4,0.44,"2026-02-16",1121,"N20","nominal","2.0NRT",312.14,10.1,"D"
"28682",11.18042,36.29264,343.19,0.51,0.5,"2026-02-16",1121,"N20","nominal","2.0NRT",308.95,5.3,"D"
"28683",11.17982,36.28795,340.58,0.51,0.5,"2026-02-16",1121,"N20","nominal","2.0NRT",308.6,5.3,"D"
"28684",10.96088,34.61769,351.68,0.4,0.44,"2026-02-16",1121,"N20","nominal","2.0NRT",314.55,8.48,"D"
"28685",9.87455,27.22731,351.36,0.43,0.38,"2026-02-16",1121,"N20","nominal","2.0NRT",318.94,8.62,"D"
"28686",9.87329,27.21951,355.05,0.43,0.38,"2026-02-16",1121,"N20","nominal","2.0NRT",317.7,12.97,"D"
"28687",9.8774,27.22285,351.79,0.43,0.38,"2026-02-16",1121,"N20","nominal","2.0NRT",318.81,20.23,"D"
"28688",9.87677,27.21894,354.6,0.43,0.38,"2026-02-16",1121,"N20","nominal","2.0NRT",322.78,20.23,"D"
"28689",9.87615,27.21504,353.3,0.43,0.38,"2026-02-16",1121,"N20","nominal","2.0NRT",321.33,12.84,"D"
"28690",9.87803,27.22675,367,0.43,0.38,"2026-02-16",1121,"N20","low","2.0NRT",336.09,66.77,"D"
"28691",9.88088,27.22228,352.39,0.43,0.38,"2026-02-16",1121,"N20","nominal","2.0NRT",320.26,20.23,"D"
"28692",11.17935,36.14157,346.95,0.5,0.49,"2026-02-16",1121,"N20","nominal","2.0NRT",311.96,7.86,"D"
"28693",10.45266,30.90557,346.87,0.4,0.37,"2026-02-16",1121,"N20","low","2.0NRT",317.6,4.96,"D"
"28694",10.76865,33.07428,343.76,0.48,0.4,"2026-02-16",1121,"N20","nominal","2.0NRT",315.39,5.29,"D"
"28695",10.76803,33.06987,342.94,0.48,0.4,"2026-02-16",1121,"N20","nominal","2.0NRT",316.22,4.93,"D"
"28696",10.63689,32.14666,349.21,0.44,0.38,"2026-02-16",1121,"N20","nominal","2.0NRT",316.3,14.65,"D"
"28697",10.45601,30.90507,347.24,0.4,0.37,"2026-02-16",1121,"N20","low","2.0NRT",318.17,4.96,"D"
"28698",10.45548,30.90146,349.46,0.4,0.37,"2026-02-16",1121,"N20","nominal","2.0NRT",320.73,4.96,"D"
"28699",10.77233,33.07374,345.75,0.48,0.4,"2026-02-16",1121,"N20","nominal","2.0NRT",315.51,6.45,"D"
"28700",9.90318,27.29448,347.82,0.43,0.38,"2026-02-16",1121,"N20","low","2.0NRT",321.17,7.16,"D"
"28701",11.25715,36.63386,341.71,0.54,0.51,"2026-02-16",1121,"N20","nominal","2.0NRT",307.15,2.15,"D"
"28702",11.25653,36.6291,353.71,0.54,0.51,"2026-02-16",1121,"N20","nominal","2.0NRT",309.26,10.15,"D"
"28703",9.90665,27.29391,347.34,0.43,0.38,"2026-02-16",1121,"N20","low","2.0NRT",318.89,7.16,"D"
"28704",9.90603,27.29004,346.99,0.43,0.38,"2026-02-16",1121,"N20","nominal","2.0NRT",318.71,4.98,"D"
"28705",9.89953,27.22725,351.35,0.43,0.38,"2026-02-16",1121,"N20","low","2.0NRT",323,17.22,"D"
"28706",11.21029,36.20247,339.93,0.51,0.49,"2026-02-16",1121,"N20","nominal","2.0NRT",308.16,3.22,"D"
"28707",11.08487,35.25864,341.19,0.44,0.46,"2026-02-16",1121,"N20","low","2.0NRT",311.56,3.26,"D"
"28708",11.08435,35.25477,340.27,0.44,0.46,"2026-02-16",1121,"N20","low","2.0NRT",311.12,3.26,"D"
"28709",11.16574,35.83083,347.07,0.48,0.48,"2026-02-16",1121,"N20","nominal","2.0NRT",312.56,5.4,"D"
"28710",11.15357,35.73935,340.36,0.47,0.48,"2026-02-16",1121,"N20","nominal","2.0NRT",311.77,3.65,"D"
"28711",10.47816,30.93872,343.25,0.4,0.37,"2026-02-16",1121,"N20","low","2.0NRT",317.87,2.01,"D"
"28712",9.88131,27.069,367,0.44,0.38,"2026-02-16",1121,"N20","low","2.0NRT",326.39,8.38,"D"
"28713",9.88481,27.06842,349.2,0.44,0.38,"2026-02-16",1121,"N20","nominal","2.0NRT",321.6,8.38,"D"
"28714",11.16026,35.65644,338.37,0.47,0.47,"2026-02-16",1121,"N20","low","2.0NRT",312.85,5.86,"D"
"28715",11.2006,35.92332,343.94,0.49,0.48,"2026-02-16",1121,"N20","nominal","2.0NRT",310.25,6.89,"D"
"28716",11.16462,35.65586,351.89,0.47,0.47,"2026-02-16",1121,"N20","nominal","2.0NRT",311.51,5.86,"D"
"28717",10.44467,30.59881,349.74,0.39,0.36,"2026-02-16",1121,"N20","low","2.0NRT",321.24,5.21,"D"
"28718",11.27723,36.46295,343.41,0.53,0.5,"2026-02-16",1121,"N20","nominal","2.0NRT",312.29,8.69,"D"
"28719",11.2766,36.45818,348.49,0.53,0.5,"2026-02-16",1121,"N20","nominal","2.0NRT",312.61,8.69,"D"
"28720",10.9213,33.85991,337.89,0.54,0.42,"2026-02-16",1121,"N20","low","2.0NRT",311.05,7,"D"
"28721",10.44801,30.5983,352.24,0.39,0.36,"2026-02-16",1121,"N20","low","2.0NRT",322.49,10.77,"D"
"28722",10.92653,33.86911,349.21,0.54,0.42,"2026-02-16",1121,"N20","nominal","2.0NRT",313.68,8.37,"D"
"28723",10.92585,33.86423,340.73,0.54,0.42,"2026-02-16",1121,"N20","low","2.0NRT",312.96,8.37,"D"
"28724",10.92516,33.85935,344.36,0.54,0.42,"2026-02-16",1121,"N20","nominal","2.0NRT",313.75,7,"D"
"28725",10.45134,30.5978,345.14,0.39,0.36,"2026-02-16",1121,"N20","low","2.0NRT",319.12,10.77,"D"
"28726",11.1794,35.66662,341.56,0.47,0.47,"2026-02-16",1121,"N20","low","2.0NRT",313.56,5.48,"D"
"28727",10.92902,33.8588,346.76,0.54,0.42,"2026-02-16",1121,"N20","nominal","2.0NRT",316.31,14.99,"D"
"28728",11.18431,35.6701,351.24,0.47,0.47,"2026-02-16",1121,"N20","nominal","2.0NRT",313.18,14.07,"D"
"28729",11.18372,35.66579,339.93,0.47,0.47,"2026-02-16",1121,"N20","low","2.0NRT",312.88,5.48,"D"
"28730",10.93495,33.87291,339.75,0.54,0.42,"2026-02-16",1121,"N20","low","2.0NRT",312.28,7.52,"D"
"28731",10.93426,33.86801,339.21,0.54,0.42,"2026-02-16",1121,"N20","low","2.0NRT",313,14.37,"D"
"28732",10.48688,30.78987,348.11,0.4,0.37,"2026-02-16",1121,"N20","low","2.0NRT",320.53,5.36,"D"
"28733",11.29959,36.48965,344.1,0.53,0.5,"2026-02-16",1121,"N20","nominal","2.0NRT",309.89,68.35,"D"
"28734",10.93812,33.86746,340.77,0.54,0.42,"2026-02-16",1121,"N20","low","2.0NRT",314.78,13.7,"D"
"28735",10.49022,30.78937,351.31,0.4,0.37,"2026-02-16",1121,"N20","low","2.0NRT",321.52,8.39,"D"
"28736",11.18673,35.62282,338.02,0.46,0.47,"2026-02-16",1121,"N20","low","2.0NRT",311.38,7.62,"D"
"28737",11.29831,36.48653,347.87,0.53,0.5,"2026-02-16",1121,"N20","nominal","2.0NRT",316.13,65.04,"D"
"28738",11.18746,35.61884,339.58,0.46,0.47,"2026-02-16",1121,"N20","low","2.0NRT",314.07,7.07,"D"
"28739",11.30294,36.48602,331.66,0.53,0.5,"2026-02-16",1121,"N20","low","2.0NRT",305.96,4.69,"D"
"28740",11.23291,35.86665,344.17,0.48,0.48,"2026-02-16",1121,"N20","nominal","2.0NRT",313.45,7.36,"D"
"28741",11.22225,35.61403,343.17,0.46,0.47,"2026-02-16",1121,"N20","nominal","2.0NRT",310.25,4.38,"D"
"28742",11.24168,35.72783,348.08,0.47,0.48,"2026-02-16",1121,"N20","nominal","2.0NRT",311.39,5.3,"D"
"28743",11.22715,35.61766,338.75,0.46,0.47,"2026-02-16",1121,"N20","nominal","2.0NRT",310.16,1.89,"D"
"28744",10.32972,29.30027,367,0.38,0.36,"2026-02-16",1121,"N20","high","2.0NRT",322.76,15.26,"D"
"28745",11.30201,36.15337,346.11,0.5,0.49,"2026-02-16",1121,"N20","nominal","2.0NRT",306.07,7.14,"D"
"28746",11.24606,35.72721,343.27,0.47,0.48,"2026-02-16",1121,"N20","nominal","2.0NRT",310.63,5.3,"D"
"28747",10.35531,29.46749,348.72,0.38,0.36,"2026-02-16",1121,"N20","nominal","2.0NRT",323.25,12.95,"D"
"28748",9.99323,27.11177,345.52,0.44,0.38,"2026-02-16",1121,"N20","low","2.0NRT",319.74,3.71,"D"
"28749",10.08989,27.65154,367,0.42,0.37,"2026-02-16",1121,"N20","low","2.0NRT",327.13,28.42,"D"
"28750",11.07114,34.24601,344.07,0.57,0.43,"2026-02-16",1121,"N20","low","2.0NRT",316.68,8.99,"D"
"28751",10.0933,27.65099,349,0.42,0.37,"2026-02-16",1121,"N20","low","2.0NRT",320.38,28.42,"D"
"28752",11.27177,35.61996,340.02,0.46,0.47,"2026-02-16",1121,"N20","nominal","2.0NRT",308.86,3.3,"D"
"28753",11.37613,36.36416,333.88,0.52,0.5,"2026-02-16",1121,"N20","low","2.0NRT",306.78,9.02,"D"
"28754",11.27553,35.61502,343.19,0.46,0.47,"2026-02-16",1121,"N20","nominal","2.0NRT",311.3,3.3,"D"
"28755",11.2636,35.52705,343.19,0.46,0.47,"2026-02-16",1121,"N20","nominal","2.0NRT",310.34,4.85,"D"
"28756",11.38007,36.3587,336.2,0.52,0.5,"2026-02-16",1121,"N20","low","2.0NRT",308.59,8.14,"D"
"28757",11.31581,35.88001,342.11,0.48,0.48,"2026-02-16",1121,"N20","nominal","2.0NRT",306.58,6.4,"D"
"28758",11.38853,36.38705,348.16,0.52,0.5,"2026-02-16",1121,"N20","nominal","2.0NRT",305.49,41.9,"D"
"28759",10.48175,30.03337,349.15,0.39,0.36,"2026-02-16",1121,"N20","low","2.0NRT",320.69,9.34,"D"
"28760",11.39377,36.39121,345.57,0.52,0.5,"2026-02-16",1121,"N20","nominal","2.0NRT",305.57,16.14,"D"
"28761",11.39313,36.38644,347.88,0.52,0.5,"2026-02-16",1121,"N20","nominal","2.0NRT",308.17,16.14,"D"
"28762",11.20844,34.93723,352.4,0.42,0.45,"2026-02-16",1121,"N20","nominal","2.0NRT",315.07,12.4,"D"
"28763",10.76241,31.79991,349.96,0.42,0.38,"2026-02-16",1121,"N20","nominal","2.0NRT",318.13,8.61,"D"
"28764",10.76701,31.80714,342.6,0.43,0.38,"2026-02-16",1121,"N20","low","2.0NRT",316.77,5.95,"D"
"28765",10.76585,31.80769,346.9,0.43,0.38,"2026-02-16",1121,"N20","nominal","2.0NRT",315.87,6.88,"D"
"28766",10.76474,31.79994,345.06,0.43,0.38,"2026-02-16",1121,"N20","low","2.0NRT",316.42,6.62,"D"
"28767",11.39335,36.38869,367,0.53,0.5,"2026-02-16",1121,"N20","high","2.0NRT",310.23,56.89,"D"
"28768",11.20635,34.93776,343.76,0.42,0.45,"2026-02-16",1121,"N20","nominal","2.0NRT",313.18,5.03,"D"
"28769",10.52835,30.11551,348.34,0.39,0.36,"2026-02-16",1121,"N20","low","2.0NRT",323.25,15.54,"D"
"28770",11.21051,34.93723,351.02,0.42,0.45,"2026-02-16",1121,"N20","nominal","2.0NRT",315.96,9.63,"D"
"28771",10.62292,30.72816,350.23,0.4,0.37,"2026-02-16",1121,"N20","low","2.0NRT",323.59,8.63,"D"
"28772",10.6268,30.73124,351.93,0.4,0.37,"2026-02-16",1121,"N20","nominal","2.0NRT",321.59,8.63,"D"
"28773",10.62627,30.72765,355.27,0.4,0.37,"2026-02-16",1121,"N20","nominal","2.0NRT",323.9,8.63,"D"
"28774",11.32665,35.69089,343.95,0.47,0.48,"2026-02-16",1121,"N20","low","2.0NRT",315.44,6.42,"D"
"28775",11.33161,35.69475,337.42,0.47,0.48,"2026-02-16",1121,"N20","low","2.0NRT",309.54,11.89,"D"
"28776",11.33103,35.6903,343.09,0.47,0.48,"2026-02-16",1121,"N20","nominal","2.0NRT",310.89,6.42,"D"
"28777",10.15207,27.55675,346.55,0.42,0.38,"2026-02-16",1121,"N20","low","2.0NRT",321.52,8.39,"D"
"28778",10.15549,27.5562,351.46,0.42,0.38,"2026-02-16",1121,"N20","low","2.0NRT",323.21,10.18,"D"
"28779",11.19704,34.55533,350.27,0.4,0.44,"2026-02-16",1121,"N20","nominal","2.0NRT",318.72,9.9,"D"
"28780",11.30461,35.29103,345.47,0.44,0.46,"2026-02-16",1121,"N20","nominal","2.0NRT",313.46,6.24,"D"
"28781",11.3756,35.79112,338.96,0.48,0.48,"2026-02-16",1121,"N20","low","2.0NRT",310.01,7.81,"D"
"28782",11.3576,35.62203,336.03,0.47,0.47,"2026-02-16",1121,"N20","low","2.0NRT",308.33,1.8,"D"
"28783",10.68593,30.80689,351.07,0.4,0.37,"2026-02-16",1121,"N20","low","2.0NRT",321.37,7.29,"D"
"28784",10.6854,30.80329,351.18,0.4,0.37,"2026-02-16",1121,"N20","low","2.0NRT",324.3,14.39,"D"
"28785",11.3707,35.62046,345.84,0.47,0.47,"2026-02-16",1121,"N20","nominal","2.0NRT",311.7,6.51,"D"
"28786",11.22398,34.51115,342.54,0.39,0.44,"2026-02-16",1121,"N20","low","2.0NRT",315.93,4.4,"D"
"28787",11.4813,36.38146,349.5,0.53,0.5,"2026-02-16",1121,"N20","nominal","2.0NRT",313.31,9.93,"D"
"28788",11.50424,36.41299,349.51,0.53,0.5,"2026-02-16",1121,"N20","nominal","2.0NRT",310.94,12.25,"D"
"28789",11.42922,35.85531,348.24,0.48,0.48,"2026-02-16",1121,"N20","nominal","2.0NRT",309.86,13.77,"D"
"28790",11.43306,35.85035,348.07,0.48,0.48,"2026-02-16",1121,"N20","nominal","2.0NRT",310.73,13.77,"D"
"28791",11.43246,35.84595,340.6,0.48,0.48,"2026-02-16",1121,"N20","nominal","2.0NRT",308.16,7.7,"D"
"28792",11.46341,36.04082,339.5,0.5,0.49,"2026-02-16",1121,"N20","nominal","2.0NRT",305.81,2.75,"D"
"28793",11.51806,36.41111,349.95,0.53,0.5,"2026-02-16",1121,"N20","nominal","2.0NRT",312.69,15.86,"D"
"28794",10.79828,31.25626,343.19,0.41,0.37,"2026-02-16",1121,"N20","low","2.0NRT",318.13,8.21,"D"
"28795",10.79774,31.25256,354.41,0.41,0.37,"2026-02-16",1121,"N20","nominal","2.0NRT",322.97,8.21,"D"
"28796",11.42833,35.85509,346.15,0.48,0.48,"2026-02-16",1121,"N20","nominal","2.0NRT",309.33,13.32,"D"
"28797",10.8506,31.5943,341.71,0.42,0.38,"2026-02-16",1121,"N20","low","2.0NRT",316.08,6.39,"D"
"28798",11.50368,36.41346,341.86,0.53,0.5,"2026-02-16",1121,"N20","nominal","2.0NRT",310.18,13.77,"D"
"28799",11.4322,35.85012,348.15,0.48,0.48,"2026-02-16",1121,"N20","nominal","2.0NRT",311.03,13.32,"D"
"28800",11.43164,35.84571,340.86,0.48,0.48,"2026-02-16",1121,"N20","nominal","2.0NRT",308.36,7.77,"D"
"28801",11.46113,36.04102,339.27,0.5,0.49,"2026-02-16",1121,"N20","nominal","2.0NRT",305.39,3.1,"D"
"28802",11.40105,35.57308,342.16,0.46,0.47,"2026-02-16",1121,"N20","nominal","2.0NRT",308.28,3.7,"D"
"28803",11.51751,36.41154,345.13,0.53,0.5,"2026-02-16",1121,"N20","nominal","2.0NRT",312.96,12.55,"D"
"28804",10.04472,26.29353,354.8,0.47,0.4,"2026-02-16",1121,"N20","nominal","2.0NRT",324.51,11.4,"D"
"28805",11.45391,35.8785,367,0.49,0.48,"2026-02-16",1121,"N20","high","2.0NRT",307.79,13.63,"D"
"28806",11.52337,36.42072,344.13,0.53,0.5,"2026-02-16",1121,"N20","nominal","2.0NRT",312.08,6.69,"D"
"28807",11.45448,35.88289,342.38,0.49,0.48,"2026-02-16",1121,"N20","nominal","2.0NRT",307.88,13.03,"D"
"28808",11.45334,35.87409,344.52,0.49,0.48,"2026-02-16",1121,"N20","nominal","2.0NRT",305.39,13.63,"D"
"28809",11.45277,35.86966,339.43,0.49,0.48,"2026-02-16",1121,"N20","low","2.0NRT",311.37,20.01,"D"
"28810",11.51554,36.32264,345.38,0.52,0.5,"2026-02-16",1121,"N20","nominal","2.0NRT",312.18,16.01,"D"
"28811",11.51492,36.31776,348.24,0.52,0.5,"2026-02-16",1121,"N20","nominal","2.0NRT",317.84,32.08,"D"
"28812",11.45836,35.87797,353.03,0.49,0.48,"2026-02-16",1121,"N20","nominal","2.0NRT",310.16,10.94,"D"
"28813",10.05408,26.30512,367,0.47,0.4,"2026-02-16",1121,"N20","low","2.0NRT",325.03,5,"D"
"28814",11.52013,36.32201,349.06,0.52,0.5,"2026-02-16",1121,"N20","nominal","2.0NRT",311.5,16.01,"D"
"28815",11.48606,36.05714,342.33,0.5,0.49,"2026-02-16",1121,"N20","nominal","2.0NRT",308.46,7.31,"D"
"28816",10.05841,26.30879,343.93,0.47,0.4,"2026-02-16",1121,"N20","low","2.0NRT",318.27,5,"D"
"28817",11.40705,35.25241,336.77,0.44,0.46,"2026-02-16",1121,"N20","low","2.0NRT",310.5,1.21,"D"
"28818",11.40596,35.24421,338.05,0.44,0.46,"2026-02-16",1121,"N20","low","2.0NRT",312.42,3.25,"D"
"28819",11.51016,35.99658,343.13,0.5,0.49,"2026-02-16",1121,"N20","nominal","2.0NRT",304.24,7.92,"D"
"28820",11.51527,36.0008,331.32,0.5,0.49,"2026-02-16",1121,"N20","low","2.0NRT",303.73,5.33,"D"
"28821",11.51467,35.99622,347.33,0.5,0.49,"2026-02-16",1121,"N20","nominal","2.0NRT",305.12,7.92,"D"
"28822",10.35593,27.87123,367,0.41,0.37,"2026-02-16",1121,"N20","high","2.0NRT",337.84,88.37,"D"
"28823",10.35535,27.86755,367,0.41,0.37,"2026-02-16",1121,"N20","low","2.0NRT",330.82,23.51,"D"
"28824",10.35874,27.867,367,0.41,0.37,"2026-02-16",1121,"N20","low","2.0NRT",331.82,23.51,"D"
"28825",10.86985,31.20008,343.21,0.41,0.37,"2026-02-16",1121,"N20","low","2.0NRT",317.74,6.25,"D"
"28826",11.493,35.56527,340.56,0.46,0.47,"2026-02-16",1121,"N20","low","2.0NRT",313.18,3.65,"D"
"28827",11.50229,35.56842,343.84,0.46,0.47,"2026-02-16",1121,"N20","nominal","2.0NRT",312.09,4.7,"D"
"28828",10.61957,29.42116,348.3,0.38,0.36,"2026-02-16",1121,"N20","nominal","2.0NRT",321.81,34.03,"D"
"28829",10.61903,29.41767,367,0.38,0.36,"2026-02-16",1121,"N20","low","2.0NRT",336.34,34.03,"D"
"28830",10.61691,29.40373,367,0.38,0.36,"2026-02-16",1121,"N20","low","2.0NRT",325.09,7.19,"D"
"28831",10.62286,29.42064,367,0.38,0.36,"2026-02-16",1121,"N20","high","2.0NRT",356.55,115.1,"D"
"28832",10.89296,31.21554,346.22,0.41,0.37,"2026-02-16",1121,"N20","low","2.0NRT",318.73,7.09,"D"
"28833",10.6202,29.40321,351.33,0.38,0.36,"2026-02-16",1121,"N20","low","2.0NRT",324.57,11.25,"D"
"28834",10.62233,29.41716,367,0.38,0.36,"2026-02-16",1121,"N20","low","2.0NRT",328.28,115.1,"D"
"28835",10.62616,29.42013,367,0.38,0.36,"2026-02-16",1121,"N20","high","2.0NRT",348.53,115.1,"D"
"28836",10.89572,31.20378,346.87,0.41,0.37,"2026-02-16",1121,"N20","low","2.0NRT",321.27,27.2,"D"
"28837",10.63005,29.41911,351.64,0.38,0.36,"2026-02-16",1121,"N20","low","2.0NRT",326.24,12.08,"D"
"28838",10.62849,29.4087,355.75,0.38,0.36,"2026-02-16",1121,"N20","nominal","2.0NRT",322.72,11.82,"D"
"28839",10.62796,29.40522,351.5,0.38,0.36,"2026-02-16",1121,"N20","low","2.0NRT",323.22,8.81,"D"
"28840",10.62743,29.40173,346.24,0.38,0.36,"2026-02-16",1121,"N20","low","2.0NRT",320.8,8.81,"D"
"28841",10.95833,31.61366,347.36,0.42,0.38,"2026-02-16",1121,"N20","low","2.0NRT",320.87,19.29,"D"
"28842",10.63335,29.41859,352.7,0.38,0.36,"2026-02-16",1121,"N20","low","2.0NRT",322.89,12.08,"D"
"28843",10.63229,29.41161,349.58,0.38,0.36,"2026-02-16",1121,"N20","low","2.0NRT",321.79,11.82,"D"
"28844",10.63126,29.40471,347.07,0.38,0.36,"2026-02-16",1121,"N20","low","2.0NRT",321.24,8.81,"D"
"28845",11.49886,35.56565,339.07,0.46,0.47,"2026-02-16",1121,"N20","low","2.0NRT",312.36,4.61,"D"
"28846",10.58324,29.02597,354.43,0.39,0.36,"2026-02-16",1121,"N20","nominal","2.0NRT",325.17,9.62,"D"
"28847",10.58654,29.02545,353.08,0.39,0.36,"2026-02-16",1121,"N20","nominal","2.0NRT",325.89,9.62,"D"
"28848",11.53328,35.59177,343.23,0.47,0.47,"2026-02-16",1121,"N20","nominal","2.0NRT",309.24,6.87,"D"
"28849",11.54426,35.60781,336.77,0.47,0.48,"2026-02-16",1121,"N20","low","2.0NRT",310.36,4.23,"D"
"28850",11.54258,35.59496,352.03,0.47,0.48,"2026-02-16",1121,"N20","nominal","2.0NRT",311.48,8.23,"D"
"28851",10.44861,28.01056,367,0.4,0.37,"2026-02-16",1121,"N20","low","2.0NRT",327.7,25.31,"D"
"28852",11.56897,35.76245,342.75,0.48,0.48,"2026-02-16",1121,"N20","nominal","2.0NRT",311.04,11.69,"D"
"28853",11.5492,35.61155,335.97,0.47,0.48,"2026-02-16",1121,"N20","low","2.0NRT",308.99,2.55,"D"
"28854",10.45197,28.01001,352.87,0.4,0.37,"2026-02-16",1121,"N20","nominal","2.0NRT",324.48,2.81,"D"
"28855",10.4514,28.00636,367,0.4,0.37,"2026-02-16",1121,"N20","low","2.0NRT",325.64,2.81,"D"
"28856",10.93793,30.83404,349.93,0.4,0.37,"2026-02-16",1121,"N20","low","2.0NRT",323.44,7.98,"D"
"28857",10.40216,27.2732,367,0.43,0.38,"2026-02-16",1121,"N20","high","2.0NRT",325.45,8.41,"D"
"28858",10.40398,27.28476,367,0.43,0.38,"2026-02-16",1121,"N20","low","2.0NRT",327.2,1.3,"D"
"28859",10.40337,27.28091,367,0.43,0.38,"2026-02-16",1121,"N20","low","2.0NRT",326.34,1.08,"D"
"28860",10.40096,27.27349,351.14,0.43,0.38,"2026-02-16",1121,"N20","low","2.0NRT",323.3,6.49,"D"
"28861",10.40441,27.27293,351.06,0.43,0.38,"2026-02-16",1121,"N20","low","2.0NRT",326.46,6.49,"D"
"28862",11.02516,31.22958,349.15,0.41,0.37,"2026-02-16",1121,"N20","low","2.0NRT",322.78,9.38,"D"
"28863",10.32107,26.60633,367,0.45,0.39,"2026-02-16",1121,"N20","high","2.0NRT",321.73,18.64,"D"
"28864",10.32329,26.59753,346.9,0.45,0.39,"2026-02-16",1121,"N20","low","2.0NRT",319.33,5.68,"D"
"28865",10.32262,26.59342,352.25,0.45,0.39,"2026-02-16",1121,"N20","nominal","2.0NRT",320.08,8.26,"D"
"28866",10.34375,26.611,348.33,0.45,0.39,"2026-02-16",1121,"N20","low","2.0NRT",322.1,8.65,"D"
"28867",10.34309,26.60689,349.4,0.45,0.39,"2026-02-16",1121,"N20","low","2.0NRT",324,12.74,"D"
"28868",11.5014,34.26416,344.13,0.38,0.43,"2026-02-16",1121,"N20","low","2.0NRT",314.39,5.92,"D"
"28869",11.71925,35.84808,339.25,0.49,0.48,"2026-02-16",1121,"N20","low","2.0NRT",310.74,3.28,"D"
"28870",11.71866,35.84361,343.16,0.49,0.48,"2026-02-16",1121,"N20","nominal","2.0NRT",311.79,3.28,"D"
"28871",11.5054,34.26361,345.94,0.38,0.43,"2026-02-16",1121,"N20","low","2.0NRT",319.64,5.92,"D"
"28872",11.50491,34.26009,343.02,0.38,0.43,"2026-02-16",1121,"N20","low","2.0NRT",316.89,5.92,"D"
"28873",11.51387,34.26601,344.2,0.38,0.43,"2026-02-16",1121,"N20","low","2.0NRT",318.92,6.55,"D"
"28874",10.88371,29.90784,347.81,0.39,0.36,"2026-02-16",1121,"N20","low","2.0NRT",319.44,10.9,"D"
"28875",11.75621,36.02385,367,0.5,0.49,"2026-02-16",1121,"N20","high","2.0NRT",310.46,7.66,"D"
"28876",11.75559,36.01912,333,0.5,0.49,"2026-02-16",1121,"N20","nominal","2.0NRT",307.97,7.66,"D"
"28877",12.13162,38.91381,334.28,0.4,0.6,"2026-02-16",1121,"N20","low","2.0NRT",308.68,5.07,"D"
"28878",11.76137,36.02814,342.8,0.5,0.49,"2026-02-16",1121,"N20","nominal","2.0NRT",309.87,14.05,"D"
"28879",11.76075,36.0235,348.38,0.5,0.49,"2026-02-16",1121,"N20","nominal","2.0NRT",311.96,7.66,"D"
"28880",11.76015,36.01895,346.3,0.5,0.49,"2026-02-16",1121,"N20","nominal","2.0NRT",311.51,7.66,"D"
"28881",10.93368,30.19469,349.04,0.39,0.36,"2026-02-16",1121,"N20","nominal","2.0NRT",319.1,11.11,"D"
"28882",10.93314,30.19113,346.17,0.39,0.36,"2026-02-16",1121,"N20","nominal","2.0NRT",320.81,11.11,"D"
"28883",10.93647,30.1907,367,0.39,0.36,"2026-02-16",1121,"N20","high","2.0NRT",323.67,12.09,"D"
"28884",10.93872,30.18312,346.6,0.39,0.36,"2026-02-16",1121,"N20","low","2.0NRT",320.48,11.19,"D"
"28885",11.16017,31.60311,356.36,0.42,0.38,"2026-02-16",1121,"N20","low","2.0NRT",326.95,25.29,"D"
"28886",11.25552,32.25535,367,0.45,0.39,"2026-02-16",1121,"N20","low","2.0NRT",328.16,19.8,"D"
"28887",11.25907,32.25483,351.38,0.45,0.39,"2026-02-16",1121,"N20","low","2.0NRT",324.63,19.8,"D"
"28888",11.42901,33.40794,352.25,0.51,0.41,"2026-02-16",1121,"N20","low","2.0NRT",322.52,9.04,"D"
"28889",11.08488,31.04657,367,0.4,0.37,"2026-02-16",1121,"N20","low","2.0NRT",325.26,6.39,"D"
"28890",11.43279,33.40741,344.54,0.51,0.41,"2026-02-16",1121,"N20","low","2.0NRT",316.32,9.04,"D"
"28891",11.08826,31.04607,352.82,0.4,0.37,"2026-02-16",1121,"N20","nominal","2.0NRT",322.22,6.39,"D"
"28892",11.1496,31.4607,345.69,0.42,0.37,"2026-02-16",1121,"N20","low","2.0NRT",319.25,15.99,"D"
"28893",11.15357,31.46398,349.83,0.42,0.37,"2026-02-16",1121,"N20","low","2.0NRT",322.66,15.99,"D"
"28894",11.42942,33.40992,347.67,0.51,0.41,"2026-02-16",1121,"N20","low","2.0NRT",320.73,9.87,"D"
"28895",11.42878,33.40524,346.53,0.51,0.41,"2026-02-16",1121,"N20","low","2.0NRT",321.16,9.87,"D"
"28896",12.13195,38.91393,336.99,0.4,0.6,"2026-02-16",1121,"N20","low","2.0NRT",310.51,4.05,"D"
"28897",11.16935,31.5005,367,0.42,0.38,"2026-02-16",1121,"N20","low","2.0NRT",325.08,12.96,"D"
"28898",10.84576,29.32014,367,0.38,0.36,"2026-02-16",1121,"N20","low","2.0NRT",326.48,5.47,"D"
"28899",11.17278,31.49999,353.76,0.42,0.38,"2026-02-16",1121,"N20","low","2.0NRT",327.82,12.96,"D"
"28900",10.84852,29.31614,348.61,0.38,0.36,"2026-02-16",1121,"N20","low","2.0NRT",322.87,5.47,"D"
"28901",11.64268,34.81886,344.06,0.42,0.45,"2026-02-16",1121,"N20","low","2.0NRT",314.54,4.19,"D"
"28902",11.64683,34.81832,343.28,0.42,0.45,"2026-02-16",1121,"N20","low","2.0NRT",314.71,4.19,"D"
"28903",11.65098,34.81777,342.76,0.42,0.45,"2026-02-16",1121,"N20","low","2.0NRT",315.96,3.34,"D"
"28904",11.54871,34.05626,367,0.56,0.43,"2026-02-16",1121,"N20","low","2.0NRT",325.35,34.14,"D"
"28905",11.55336,34.0609,345.29,0.56,0.43,"2026-02-16",1121,"N20","low","2.0NRT",319.26,34.14,"D"
"28906",11.55266,34.05574,350.54,0.56,0.43,"2026-02-16",1121,"N20","low","2.0NRT",321.07,34.14,"D"
"28907",11.65826,34.80904,343.43,0.42,0.45,"2026-02-16",1121,"N20","low","2.0NRT",315.26,3.81,"D"
"28908",11.5566,34.05523,345.94,0.56,0.43,"2026-02-16",1121,"N20","low","2.0NRT",320.25,7.8,"D"
"28909",11.56055,34.05471,344.97,0.56,0.43,"2026-02-16",1121,"N20","low","2.0NRT",317.34,7.8,"D"
"28910",11.66707,34.81175,345.23,0.42,0.45,"2026-02-16",1121,"N20","low","2.0NRT",316.75,6.37,"D"
"28911",10.48165,26.61022,350.35,0.45,0.39,"2026-02-16",1121,"N20","low","2.0NRT",323.59,8.76,"D"
"28912",10.4852,26.60963,350.29,0.45,0.39,"2026-02-16",1121,"N20","nominal","2.0NRT",323.2,8.76,"D"
"28913",11.33533,32.03387,347.81,0.44,0.38,"2026-02-16",1121,"N20","low","2.0NRT",321.54,13.28,"D"
"28914",11.33416,32.02588,346.67,0.44,0.38,"2026-02-16",1121,"N20","low","2.0NRT",318.96,9.17,"D"
"28915",11.33709,32.02136,354.93,0.44,0.38,"2026-02-16",1121,"N20","nominal","2.0NRT",322.72,16.21,"D"
"28916",11.33767,32.02149,353.44,0.44,0.38,"2026-02-16",1121,"N20","nominal","2.0NRT",320.64,13.58,"D"
"28917",11.35752,32.03493,354.68,0.44,0.38,"2026-02-16",1121,"N20","nominal","2.0NRT",322.32,46.71,"D"
"28918",11.27084,31.38049,350.35,0.41,0.37,"2026-02-16",1121,"N20","nominal","2.0NRT",322.14,8.94,"D"
"28919",11.25992,31.30509,350.03,0.41,0.37,"2026-02-16",1121,"N20","low","2.0NRT",321.32,10.55,"D"
"28920",10.92846,29.06326,352.85,0.39,0.36,"2026-02-16",1121,"N20","low","2.0NRT",324.81,24.88,"D"
"28921",10.92792,29.05976,355.28,0.39,0.36,"2026-02-16",1121,"N20","nominal","2.0NRT",322.29,24.88,"D"
"28922",10.93506,29.06222,349.47,0.39,0.36,"2026-02-16",1121,"N20","low","2.0NRT",321.25,10.16,"D"
"28923",10.97797,29.32019,348.38,0.38,0.36,"2026-02-16",1121,"N20","low","2.0NRT",323.21,23.01,"D"
"28924",10.93729,29.05471,350.89,0.39,0.36,"2026-02-16",1121,"N20","low","2.0NRT",325.5,12.33,"D"
"28925",10.94167,29.06118,349.03,0.39,0.36,"2026-02-16",1121,"N20","low","2.0NRT",322.3,8.57,"D"
"28926",10.95562,29.15207,367,0.38,0.36,"2026-02-16",1121,"N20","low","2.0NRT",327.42,3.72,"D"
"28927",10.95508,29.14858,367,0.38,0.36,"2026-02-16",1121,"N20","low","2.0NRT",326.91,3.72,"D"
"28928",10.95892,29.15156,349.41,0.38,0.36,"2026-02-16",1121,"N20","low","2.0NRT",323.74,3.72,"D"
"28929",10.94551,29.06416,367,0.39,0.36,"2026-02-16",1121,"N20","low","2.0NRT",326.07,6.21,"D"
"28930",11.30441,31.39482,350.21,0.42,0.37,"2026-02-16",1121,"N20","nominal","2.0NRT",323.95,24.48,"D"
"28931",11.30784,31.39432,349.4,0.42,0.37,"2026-02-16",1121,"N20","nominal","2.0NRT",319.25,24.48,"D"
"28932",11.84778,35.22969,342.95,0.45,0.47,"2026-02-16",1121,"N20","low","2.0NRT",316.29,7.06,"D"
"28933",11.85097,35.221,346.04,0.45,0.47,"2026-02-16",1121,"N20","nominal","2.0NRT",314.64,9.14,"D"
"28934",11.15087,30.24014,348.7,0.39,0.36,"2026-02-16",1121,"N20","low","2.0NRT",322.65,7.14,"D"
"28935",12.00528,35.95298,346.58,0.5,0.49,"2026-02-16",1121,"N20","nominal","2.0NRT",313.74,5.8,"D"
"28936",11.26811,30.54935,352.47,0.39,0.37,"2026-02-16",1121,"N20","nominal","2.0NRT",322.45,10.99,"D"
"28937",11.4216,31.57593,355.91,0.42,0.38,"2026-02-16",1121,"N20","nominal","2.0NRT",324.25,16.36,"D"
"28938",11.41882,31.55667,349.46,0.42,0.38,"2026-02-16",1121,"N20","low","2.0NRT",319.74,10.2,"D"
"28939",11.27198,30.55243,349.09,0.39,0.37,"2026-02-16",1121,"N20","low","2.0NRT",322.78,14.06,"D"
"28940",11.27145,30.54884,347.58,0.39,0.37,"2026-02-16",1121,"N20","low","2.0NRT",322.17,10.99,"D"
"28941",11.27532,30.55192,350.31,0.39,0.37,"2026-02-16",1121,"N20","low","2.0NRT",328,19.55,"D"
"28942",11.27866,30.55141,355.57,0.39,0.37,"2026-02-16",1121,"N20","nominal","2.0NRT",323.26,19.55,"D"
"28943",11.90767,34.53355,345.09,0.4,0.44,"2026-02-16",1121,"N20","nominal","2.0NRT",317.36,9.83,"D"
"28944",11.90716,34.52987,349.89,0.4,0.44,"2026-02-16",1121,"N20","nominal","2.0NRT",318.4,5.35,"D"
"28945",11.90665,34.52618,348.53,0.4,0.44,"2026-02-16",1121,"N20","nominal","2.0NRT",315.34,5.35,"D"
"28946",11.51288,31.71691,346.54,0.43,0.38,"2026-02-16",1121,"N20","low","2.0NRT",320.09,9.19,"D"
"28947",11.35444,30.63153,349.34,0.4,0.37,"2026-02-16",1121,"N20","low","2.0NRT",320.2,11.42,"D"
"28948",11.90713,34.53306,345.3,0.4,0.45,"2026-02-16",1121,"N20","nominal","2.0NRT",317.86,9.64,"D"
"28949",11.90665,34.52936,347,0.4,0.44,"2026-02-16",1121,"N20","low","2.0NRT",317.57,5.1,"D"
"28950",11.90616,34.52566,345.44,0.4,0.44,"2026-02-16",1121,"N20","nominal","2.0NRT",314.89,5.1,"D"
"28951",11.90976,34.52141,343.13,0.4,0.44,"2026-02-16",1121,"N20","low","2.0NRT",314.3,2.24,"D"
"28952",11.91385,34.52085,342.74,0.4,0.44,"2026-02-16",1121,"N20","low","2.0NRT",314.14,2.24,"D"
"28953",11.91842,34.52399,350.97,0.4,0.44,"2026-02-16",1121,"N20","nominal","2.0NRT",318,6.14,"D"
"28954",11.9225,34.52344,345.18,0.4,0.44,"2026-02-16",1121,"N20","low","2.0NRT",317.3,6.14,"D"
"28955",11.92708,34.52658,347.62,0.4,0.44,"2026-02-16",1121,"N20","low","2.0NRT",317.7,7.24,"D"
"28956",11.92659,34.52288,352.97,0.4,0.44,"2026-02-16",1121,"N20","nominal","2.0NRT",318.07,7.24,"D"
"28957",11.92969,34.51494,367,0.4,0.44,"2026-02-16",1121,"N20","high","2.0NRT",319.18,15.14,"D"
"28958",11.93313,34.54083,346.18,0.4,0.45,"2026-02-16",1121,"N20","nominal","2.0NRT",319.41,38.18,"D"
"28959",11.93264,34.53712,350.21,0.4,0.45,"2026-02-16",1121,"N20","low","2.0NRT",324.75,38.18,"D"
"28960",11.93166,34.52972,345.38,0.4,0.45,"2026-02-16",1121,"N20","low","2.0NRT",317.56,10.24,"D"
"28961",11.93116,34.52602,342.59,0.4,0.44,"2026-02-16",1121,"N20","low","2.0NRT",315.92,7.24,"D"
"28962",11.93786,34.51383,340.7,0.4,0.44,"2026-02-16",1121,"N20","low","2.0NRT",313.96,4.42,"D"
"28963",12.10292,35.42958,344.51,0.46,0.47,"2026-02-16",1121,"N20","nominal","2.0NRT",313.97,11.06,"D"
"28964",12.17407,35.62818,339.65,0.48,0.48,"2026-02-16",1121,"N20","low","2.0NRT",311.91,6.26,"D"
"28965",12.17793,35.62322,341.69,0.48,0.48,"2026-02-16",1121,"N20","low","2.0NRT",312.73,10.47,"D"
"28966",12.1768,35.61441,342.29,0.48,0.48,"2026-02-16",1121,"N20","low","2.0NRT",315.03,10.35,"D"
"28967",12.18733,35.62651,352.44,0.48,0.48,"2026-02-16",1121,"N20","nominal","2.0NRT",313.96,8.11,"D"
"28968",12.12631,35.12334,343.37,0.44,0.46,"2026-02-16",1121,"N20","low","2.0NRT",314.48,18.86,"D"
"28969",12.24223,35.94687,349.99,0.5,0.49,"2026-02-16",1121,"N20","nominal","2.0NRT",315.24,10.52,"D"
"28970",12.13431,35.11816,345.1,0.44,0.46,"2026-02-16",1121,"N20","nominal","2.0NRT",313.46,6.01,"D"
"28971",11.63352,31.49357,348.9,0.42,0.38,"2026-02-16",1121,"N20","low","2.0NRT",320.24,21.04,"D"
"28972",11.63641,31.48921,346.02,0.42,0.38,"2026-02-16",1121,"N20","low","2.0NRT",320.99,11.03,"D"
"28973",11.49994,30.48778,346.38,0.39,0.36,"2026-02-16",1121,"N20","low","2.0NRT",321.06,13.02,"D"
"28974",11.49941,30.48419,351.79,0.39,0.36,"2026-02-16",1121,"N20","low","2.0NRT",324.3,17.84,"D"
"28975",11.49887,30.48059,350.44,0.39,0.36,"2026-02-16",1121,"N20","low","2.0NRT",324.78,17.84,"D"
"28976",11.50168,30.47649,353.71,0.39,0.36,"2026-02-16",1121,"N20","low","2.0NRT",325.23,7.74,"D"
"28977",11.50115,30.47289,351.63,0.39,0.36,"2026-02-16",1121,"N20","low","2.0NRT",321.93,7.74,"D"
"28978",11.47364,30.1745,351.17,0.39,0.36,"2026-02-16",1121,"N20","low","2.0NRT",323.94,6.9,"D"
"28979",11.47417,30.17804,367,0.39,0.36,"2026-02-16",1121,"N20","low","2.0NRT",325.33,7.03,"D"
"28980",11.47696,30.17399,367,0.39,0.36,"2026-02-16",1121,"N20","low","2.0NRT",326.4,10.3,"D"
"28981",12.35792,36.4063,344.25,0.54,0.51,"2026-02-16",1121,"N20","low","2.0NRT",316.45,9.34,"D"
"28982",12.30303,35.85184,351.47,0.5,0.49,"2026-02-16",1121,"N20","nominal","2.0NRT",316.42,10.88,"D"
"28983",11.49463,30.17854,355.49,0.39,0.36,"2026-02-16",1121,"N20","nominal","2.0NRT",321.33,17.2,"D"
"28984",11.49356,30.17145,352.56,0.39,0.36,"2026-02-16",1121,"N20","nominal","2.0NRT",325.39,14.39,"D"
"28985",11.49742,30.17449,367,0.39,0.36,"2026-02-16",1121,"N20","high","2.0NRT",326.02,18.83,"D"
"28986",11.49689,30.17094,350.77,0.39,0.36,"2026-02-16",1121,"N20","nominal","2.0NRT",323.1,8.54,"D"
"28987",11.49848,30.18157,367,0.39,0.36,"2026-02-16",1121,"N20","low","2.0NRT",332.61,56.24,"D"
"28988",11.49795,30.17803,367,0.39,0.36,"2026-02-16",1121,"N20","low","2.0NRT",327,18.83,"D"
"28989",11.71001,31.5176,350.65,0.42,0.38,"2026-02-16",1121,"N20","low","2.0NRT",323.01,10.83,"D"
"28990",12.30094,35.85317,345.25,0.5,0.49,"2026-02-16",1121,"N20","low","2.0NRT",316.78,12.11,"D"
"28991",12.06522,33.85709,353.29,0.55,0.43,"2026-02-16",1121,"N20","nominal","2.0NRT",319.63,46.73,"D"
"28992",12.06914,33.85656,367,0.55,0.43,"2026-02-16",1121,"N20","high","2.0NRT",333.82,51.83,"D"
"28993",12.32122,35.72708,353.05,0.49,0.48,"2026-02-16",1121,"N20","nominal","2.0NRT",315.53,13.58,"D"
"28994",12.07306,33.85603,348.71,0.55,0.43,"2026-02-16",1121,"N20","nominal","2.0NRT",320.07,51.83,"D"
"28995",12.32509,35.72203,344.66,0.49,0.48,"2026-02-16",1121,"N20","nominal","2.0NRT",311.98,3.49,"D"
"28996",12.07699,33.85549,350.21,0.55,0.43,"2026-02-16",1121,"N20","nominal","2.0NRT",319.33,11.68,"D"
"28997",11.5488,30.13336,353.19,0.39,0.36,"2026-02-16",1121,"N20","low","2.0NRT",324.65,8.01,"D"
"28998",12.27789,35.29245,352.71,0.46,0.47,"2026-02-16",1121,"N20","nominal","2.0NRT",318.24,10.2,"D"
"28999",12.19057,34.63531,343,0.41,0.45,"2026-02-16",1121,"N20","low","2.0NRT",317.07,4.74,"D"
"29000",12.28221,35.29188,355.84,0.46,0.47,"2026-02-16",1121,"N20","nominal","2.0NRT",317.15,10.2,"D"
"29001",11.1723,27.62048,367,0.41,0.37,"2026-02-16",1121,"N20","low","2.0NRT",327.52,2.54,"D"
"29002",11.17172,27.61677,367,0.41,0.37,"2026-02-16",1121,"N20","low","2.0NRT",326.28,2.54,"D"
"29003",11.17113,27.61306,367,0.41,0.37,"2026-02-16",1121,"N20","low","2.0NRT",327.44,3.07,"D"
"29004",11.17511,27.61622,352.9,0.41,0.37,"2026-02-16",1121,"N20","nominal","2.0NRT",324.62,2.54,"D"
"29005",11.17452,27.61251,367,0.41,0.37,"2026-02-16",1121,"N20","low","2.0NRT",327.59,3.07,"D"
"29006",12.35478,35.7411,347.14,0.49,0.49,"2026-02-16",1121,"N20","nominal","2.0NRT",318.28,10.71,"D"
"29007",12.19125,34.27438,346.01,0.39,0.44,"2026-02-16",1121,"N20","low","2.0NRT",319.7,16.55,"D"
"29008",12.31438,35.14009,342.49,0.45,0.47,"2026-02-16",1121,"N20","low","2.0NRT",314.69,6.51,"D"
"29009",12.23377,34.59121,350.87,0.41,0.45,"2026-02-16",1121,"N20","nominal","2.0NRT",314.5,4.26,"D"
"29010",12.19233,34.27407,345.66,0.39,0.44,"2026-02-16",1121,"N20","low","2.0NRT",318.93,16.29,"D"
"29011",12.31765,35.14053,345.2,0.45,0.47,"2026-02-16",1121,"N20","nominal","2.0NRT",316.56,7.35,"D"
"29012",11.09349,26.58352,351.25,0.45,0.39,"2026-02-16",1121,"N20","low","2.0NRT",325.34,3.48,"D"
"29013",12.47071,35.94578,349.1,0.51,0.49,"2026-02-16",1121,"N20","nominal","2.0NRT",317.72,10.52,"D"
"29014",12.44215,35.69047,351.25,0.49,0.48,"2026-02-16",1121,"N20","nominal","2.0NRT",319.77,42.11,"D"
"29015",11.68351,30.23959,352.52,0.39,0.36,"2026-02-16",1121,"N20","low","2.0NRT",329.83,23.32,"D"
"29016",11.68297,30.23603,367,0.39,0.36,"2026-02-16",1121,"N20","low","2.0NRT",327.26,4.86,"D"
"29017",11.68244,30.23247,367,0.39,0.36,"2026-02-16",1121,"N20","low","2.0NRT",327.26,4.86,"D"
"29018",11.6863,30.23551,349.37,0.39,0.36,"2026-02-16",1121,"N20","low","2.0NRT",323.55,4.86,"D"
"29019",11.77739,30.75657,367,0.4,0.37,"2026-02-16",1121,"N20","low","2.0NRT",326.36,5.28,"D"
"29020",11.77685,30.75291,367,0.4,0.37,"2026-02-16",1121,"N20","low","2.0NRT",325,3.42,"D"
"29021",11.77631,30.74925,367,0.4,0.37,"2026-02-16",1121,"N20","low","2.0NRT",326.97,3.42,"D"
"29022",11.78022,30.75241,350.74,0.4,0.37,"2026-02-16",1121,"N20","nominal","2.0NRT",325.67,8.76,"D"
"29023",11.77968,30.74874,367,0.4,0.37,"2026-02-16",1121,"N20","low","2.0NRT",326.84,8.76,"D"
"29024",11.78359,30.7519,367,0.4,0.37,"2026-02-16",1121,"N20","high","2.0NRT",329.87,8.76,"D"
"29025",12.45661,35.52691,349.64,0.48,0.48,"2026-02-16",1121,"N20","nominal","2.0NRT",315.82,6.67,"D"
"29026",12.46101,35.52633,367,0.48,0.48,"2026-02-16",1121,"N20","high","2.0NRT",316.5,13.8,"D"
"29027",12.46159,35.5307,341.67,0.48,0.48,"2026-02-16",1121,"N20","nominal","2.0NRT",315.39,7.02,"D"
"29028",11.78696,30.75139,367,0.4,0.37,"2026-02-16",1121,"N20","low","2.0NRT",327.27,6.7,"D"
"29029",12.56692,36.25453,344.71,0.53,0.5,"2026-02-16",1121,"N20","low","2.0NRT",315.26,24.51,"D"
"29030",12.46092,35.526,367,0.48,0.48,"2026-02-16",1121,"N20","high","2.0NRT",316.12,13.22,"D"
"29031",12.46147,35.53038,340.75,0.48,0.48,"2026-02-16",1121,"N20","nominal","2.0NRT",315.36,7.39,"D"
"29032",12.61549,36.57899,355.46,0.56,0.52,"2026-02-16",1121,"N20","nominal","2.0NRT",310.92,12.99,"D"
"29033",12.62029,36.57885,346.04,0.56,0.52,"2026-02-16",1121,"N20","nominal","2.0NRT",315.01,14.21,"D"
"29034",12.61963,36.57356,342.65,0.56,0.52,"2026-02-16",1121,"N20","low","2.0NRT",315.01,12.23,"D"
"29035",11.88202,31.03728,367,0.41,0.37,"2026-02-16",1121,"N20","high","2.0NRT",326.31,37.31,"D"
"29036",12.56654,36.0736,343.96,0.52,0.5,"2026-02-16",1121,"N20","low","2.0NRT",315.18,9.48,"D"
"29037",11.88056,30.90858,351.3,0.41,0.37,"2026-02-16",1121,"N20","nominal","2.0NRT",319.95,11.81,"D"
"29038",11.88339,30.90433,353.68,0.41,0.37,"2026-02-16",1121,"N20","nominal","2.0NRT",321.41,16.75,"D"
"29039",11.88284,30.90056,343.63,0.41,0.37,"2026-02-16",1121,"N20","low","2.0NRT",317.07,4.86,"D"
"29040",11.89082,30.88429,344.79,0.4,0.37,"2026-02-16",1121,"N20","low","2.0NRT",316.11,12.94,"D"
"29041",12.55306,35.54514,344.65,0.48,0.48,"2026-02-16",1121,"N20","low","2.0NRT",316.61,6.6,"D"
"29042",12.63041,36.09925,346.13,0.52,0.5,"2026-02-16",1121,"N20","nominal","2.0NRT",315.86,10.88,"D"
"29043",12.55805,35.54896,346.42,0.48,0.48,"2026-02-16",1121,"N20","nominal","2.0NRT",314.77,6.6,"D"
"29044",12.55747,35.54457,349.12,0.48,0.48,"2026-02-16",1121,"N20","nominal","2.0NRT",316.24,6.6,"D"
"29045",12.41727,34.50005,346.17,0.41,0.45,"2026-02-16",1121,"N20","low","2.0NRT",320.44,8.93,"D"
"29046",11.75926,29.9077,367,0.39,0.36,"2026-02-16",1121,"N20","low","2.0NRT",326.23,6.64,"D"
"29047",12.63499,36.09862,342.69,0.52,0.5,"2026-02-16",1121,"N20","low","2.0NRT",315.91,8.32,"D"
"29048",11.76204,29.90366,348.97,0.39,0.36,"2026-02-16",1121,"N20","low","2.0NRT",322.94,13.33,"D"
"29049",11.76588,29.90668,367,0.39,0.36,"2026-02-16",1121,"N20","low","2.0NRT",325.09,6.16,"D"
"29050",12.47681,34.54575,353.7,0.41,0.45,"2026-02-16",1121,"N20","nominal","2.0NRT",321.57,11.44,"D"
"29051",12.48978,34.36164,349.43,0.4,0.44,"2026-02-16",1121,"N20","low","2.0NRT",320.03,10.24,"D"
"29052",12.48897,34.29459,347.38,0.4,0.44,"2026-02-16",1121,"N20","low","2.0NRT",319.44,15.48,"D"
"29053",12.79979,36.5028,342.1,0.56,0.51,"2026-02-16",1121,"N20","low","2.0NRT",316.04,9.35,"D"
"29054",12.66592,35.48284,344.89,0.48,0.48,"2026-02-16",1121,"N20","nominal","2.0NRT",316.84,6.67,"D"
"29055",12.80079,36.49965,344.83,0.56,0.51,"2026-02-16",1121,"N20","nominal","2.0NRT",314.43,7.08,"D"
"29056",12.66007,35.15875,351.27,0.45,0.47,"2026-02-16",1121,"N20","nominal","2.0NRT",314.69,11.58,"D"
"29057",12.67299,35.15704,340.83,0.45,0.47,"2026-02-16",1121,"N20","low","2.0NRT",315.68,4.95,"D"
"29058",12.58069,34.23702,350.13,0.39,0.44,"2026-02-16",1121,"N20","nominal","2.0NRT",319.67,27.8,"D"
"29059",12.58118,34.24065,367,0.4,0.44,"2026-02-16",1121,"N20","low","2.0NRT",325.2,27.8,"D"
"29060",12.58522,34.2401,348.72,0.4,0.44,"2026-02-16",1121,"N20","nominal","2.0NRT",317.73,10.04,"D"
"29061",12.78192,35.51315,345.1,0.48,0.48,"2026-02-16",1121,"N20","low","2.0NRT",316.48,8.95,"D"
"29062",12.78134,35.50873,343.23,0.48,0.48,"2026-02-16",1121,"N20","low","2.0NRT",316.56,8.95,"D"
"29063",12.14928,31.00147,353.38,0.41,0.37,"2026-02-16",1121,"N20","nominal","2.0NRT",321.78,13.04,"D"
"29064",12.14873,30.99773,353.26,0.41,0.37,"2026-02-16",1121,"N20","nominal","2.0NRT",321.79,9.95,"D"
"29065",12.78634,35.51257,344.75,0.48,0.48,"2026-02-16",1121,"N20","nominal","2.0NRT",314.83,8.95,"D"
"29066",12.78575,35.50816,343.84,0.48,0.48,"2026-02-16",1121,"N20","low","2.0NRT",316.07,8.95,"D"
"29067",11.90687,29.29113,356.66,0.38,0.36,"2026-02-16",1121,"N20","nominal","2.0NRT",327.81,4.82,"D"
"29068",11.91069,29.29411,367,0.38,0.36,"2026-02-16",1121,"N20","low","2.0NRT",325.31,6.71,"D"
"29069",11.91016,29.29061,367,0.38,0.36,"2026-02-16",1121,"N20","low","2.0NRT",326.3,4.82,"D"
"29070",11.90963,29.28712,367,0.38,0.36,"2026-02-16",1121,"N20","low","2.0NRT",327.57,4.82,"D"
"29071",11.50831,26.70144,367,0.44,0.38,"2026-02-16",1121,"N20","low","2.0NRT",328.98,1.77,"D"
"29072",11.50766,26.69748,367,0.44,0.38,"2026-02-16",1121,"N20","low","2.0NRT",327.95,1.77,"D"
"29073",12.78129,35.51025,347.98,0.48,0.48,"2026-02-16",1121,"N20","nominal","2.0NRT",317.24,21.2,"D"
"29074",11.5118,26.70086,354.22,0.44,0.38,"2026-02-16",1121,"N20","nominal","2.0NRT",327.08,2.12,"D"
"29075",11.51245,26.70483,367,0.44,0.38,"2026-02-16",1121,"N20","low","2.0NRT",325.55,0.66,"D"
"29076",11.51115,26.69689,367,0.44,0.38,"2026-02-16",1121,"N20","low","2.0NRT",327,2.12,"D"
"29077",12.78571,35.50967,349.66,0.48,0.48,"2026-02-16",1121,"N20","nominal","2.0NRT",316.76,21.2,"D"
"29078",11.51595,26.70425,367,0.44,0.38,"2026-02-16",1121,"N20","low","2.0NRT",326.36,0.66,"D"
"29079",12.8958,35.98329,344.3,0.52,0.5,"2026-02-16",1121,"N20","low","2.0NRT",316.19,22.86,"D"
"29080",12.26813,31.36036,350.19,0.42,0.38,"2026-02-16",1121,"N20","low","2.0NRT",324.53,2.99,"D"
"29081",12.26869,31.36422,367,0.42,0.38,"2026-02-16",1121,"N20","low","2.0NRT",325.7,0.98,"D"
"29082",12.27214,31.36371,367,0.42,0.38,"2026-02-16",1121,"N20","low","2.0NRT",325.66,0.98,"D"
"29083",12.94461,36.29391,344.43,0.54,0.51,"2026-02-16",1121,"N20","low","2.0NRT",318.97,11.93,"D"
"29084",12.98091,36.3547,345.48,0.55,0.51,"2026-02-16",1121,"N20","low","2.0NRT",316.3,9.83,"D"
"29085",12.98557,36.35387,345.81,0.55,0.51,"2026-02-16",1121,"N20","low","2.0NRT",317.44,9.83,"D"
"29086",11.64821,27.08243,367,0.42,0.38,"2026-02-16",1121,"N20","low","2.0NRT",328.75,19.45,"D"
"29087",11.6476,27.07859,367,0.42,0.38,"2026-02-16",1121,"N20","low","2.0NRT",326.73,1.8,"D"
"29088",12.15392,30.34527,349.55,0.39,0.37,"2026-02-16",1121,"N20","nominal","2.0NRT",324.08,9.88,"D"
"29089",11.65104,27.07803,356.48,0.42,0.38,"2026-02-16",1121,"N20","low","2.0NRT",328.27,14.58,"D"
"29090",12.27858,31.1667,346.92,0.42,0.37,"2026-02-16",1121,"N20","low","2.0NRT",319.21,4.76,"D"
"29091",11.65509,27.08129,367,0.42,0.38,"2026-02-16",1121,"N20","low","2.0NRT",325.09,8.82,"D"
"29092",12.61253,33.47731,350.47,0.53,0.42,"2026-02-16",1121,"N20","low","2.0NRT",320.57,10.44,"D"
"29093",12.61639,33.47679,342.85,0.53,0.42,"2026-02-16",1121,"N20","low","2.0NRT",317.78,10.44,"D"
"29094",12.61956,33.47135,344.53,0.53,0.42,"2026-02-16",1121,"N20","low","2.0NRT",319.43,11.87,"D"
"29095",12.6177,33.47361,346.68,0.53,0.42,"2026-02-16",1121,"N20","low","2.0NRT",319.27,5.92,"D"
"29096",12.62156,33.47307,343.93,0.53,0.42,"2026-02-16",1121,"N20","low","2.0NRT",317.22,5.92,"D"
"29097",13.28239,37.73481,337.41,0.34,0.56,"2026-02-16",1121,"N20","low","2.0NRT",311.17,1.35,"D"
"29098",11.67138,26.48146,367,0.45,0.39,"2026-02-16",1121,"N20","low","2.0NRT",327.17,2.73,"D"
"29099",11.67073,26.47741,367,0.45,0.39,"2026-02-16",1121,"N20","low","2.0NRT",325.44,6.85,"D"
"29100",13.0486,35.8693,345.78,0.51,0.49,"2026-02-16",1121,"N20","nominal","2.0NRT",317.16,5.41,"D"
"29101",11.67425,26.47682,355.72,0.45,0.39,"2026-02-16",1121,"N20","nominal","2.0NRT",328.82,6.85,"D"
"29102",11.6749,26.48087,367,0.45,0.39,"2026-02-16",1121,"N20","low","2.0NRT",327.84,2.73,"D"
"29103",11.67843,26.48028,367,0.45,0.39,"2026-02-16",1121,"N20","low","2.0NRT",326.05,0.4,"D"
"29104",11.67778,26.47623,367,0.45,0.39,"2026-02-16",1121,"N20","low","2.0NRT",325.73,0.26,"D"
"29105",11.67713,26.47219,367,0.45,0.39,"2026-02-16",1121,"N20","low","2.0NRT",327.11,0.26,"D"
"29106",12.26801,30.2685,343.77,0.39,0.36,"2026-02-16",1121,"N20","nominal","2.0NRT",318.71,4.53,"D"
"29107",12.27135,30.26799,345.66,0.39,0.36,"2026-02-16",1121,"N20","nominal","2.0NRT",318.72,8.98,"D"
"29108",12.27469,30.26748,344.53,0.39,0.36,"2026-02-16",1121,"N20","low","2.0NRT",319.53,8.98,"D"
"29109",13.04991,35.87,345.16,0.51,0.49,"2026-02-16",1121,"N20","nominal","2.0NRT",317.44,8.26,"D"
"29110",12.29227,30.27505,351.7,0.39,0.36,"2026-02-16",1121,"N20","nominal","2.0NRT",320.08,5.55,"D"
"29111",13.0054,35.33538,347.64,0.47,0.48,"2026-02-16",1121,"N20","nominal","2.0NRT",315.31,9.22,"D"
"29112",12.35594,30.59188,367,0.4,0.37,"2026-02-16",1121,"N20","low","2.0NRT",325.94,9.1,"D"
"29113",12.35876,30.5877,350.66,0.4,0.37,"2026-02-16",1121,"N20","low","2.0NRT",324.83,13.38,"D"
"29114",12.17321,29.27611,355.59,0.38,0.36,"2026-02-16",1121,"N20","nominal","2.0NRT",328.12,6.77,"D"
"29115",12.17268,29.2726,367,0.38,0.36,"2026-02-16",1121,"N20","low","2.0NRT",325.79,6.77,"D"
"29116",12.48926,31.39069,367,0.42,0.38,"2026-02-16",1121,"N20","high","2.0NRT",344.33,47.71,"D"
"29117",12.17651,29.27559,367,0.38,0.36,"2026-02-16",1121,"N20","low","2.0NRT",326.09,2.14,"D"
"29118",13.21288,36.76264,347.99,0.59,0.53,"2026-02-16",1121,"N20","nominal","2.0NRT",316.62,9.54,"D"
"29119",12.49328,31.39407,347.85,0.42,0.38,"2026-02-16",1121,"N20","nominal","2.0NRT",315.06,45.73,"D"
"29120",12.49273,31.39018,349.4,0.42,0.38,"2026-02-16",1121,"N20","nominal","2.0NRT",318.8,47.71,"D"
"29121",12.07236,28.48624,367,0.39,0.36,"2026-02-16",1121,"N20","low","2.0NRT",325.64,2.29,"D"
"29122",12.07182,28.4827,367,0.39,0.36,"2026-02-16",1121,"N20","low","2.0NRT",325.9,2.29,"D"
"29123",12.07567,28.48571,351.83,0.39,0.36,"2026-02-16",1121,"N20","low","2.0NRT",323.87,7.03,"D"
"29124",12.07513,28.48217,367,0.39,0.36,"2026-02-16",1121,"N20","low","2.0NRT",325.95,7.03,"D"
"29125",12.07844,28.48164,355.72,0.39,0.36,"2026-02-16",1121,"N20","low","2.0NRT",328.89,7.03,"D"
"29126",12.07789,28.4781,352.72,0.39,0.36,"2026-02-16",1121,"N20","low","2.0NRT",327.58,7.29,"D"
"29127",13.36108,37.63335,352.11,0.34,0.56,"2026-02-16",1121,"N20","nominal","2.0NRT",312.4,4.64,"D"
"29128",13.3788,37.4996,348.23,0.33,0.55,"2026-02-16",1121,"N20","nominal","2.0NRT",307.44,4.56,"D"
"29129",13.21145,36.04519,343.16,0.53,0.5,"2026-02-16",1121,"N20","low","2.0NRT",314.02,7.49,"D"
"29130",13.21085,36.04039,344.86,0.53,0.5,"2026-02-16",1121,"N20","low","2.0NRT",319.63,7.49,"D"
"29131",13.17341,35.38952,346.76,0.48,0.48,"2026-02-16",1121,"N20","nominal","2.0NRT",315.14,6.21,"D"
"29132",13.45581,37.57813,342.22,0.34,0.56,"2026-02-16",1121,"N20","nominal","2.0NRT",310.61,3.03,"D"
"29133",13.17781,35.38895,354.61,0.48,0.48,"2026-02-16",1121,"N20","nominal","2.0NRT",320.16,22.61,"D"
"29134",13.38942,36.96227,350.7,0.61,0.53,"2026-02-16",1121,"N20","nominal","2.0NRT",317.95,20,"D"
"29135",13.29714,36.23724,348.23,0.54,0.51,"2026-02-16",1121,"N20","nominal","2.0NRT",315.6,6.53,"D"
"29136",13.013,34.06153,345.69,0.39,0.44,"2026-02-16",1121,"N20","low","2.0NRT",318.4,9.13,"D"
"29137",13.01251,34.05794,350.88,0.39,0.44,"2026-02-16",1121,"N20","low","2.0NRT",322.2,9.13,"D"
"29138",13.01957,34.04966,345.05,0.39,0.44,"2026-02-16",1121,"N20","low","2.0NRT",319.85,13.6,"D"
"29139",13.02811,34.05216,347.37,0.39,0.44,"2026-02-16",1121,"N20","low","2.0NRT",320.9,9.59,"D"
"29140",13.02762,34.04857,345.33,0.39,0.44,"2026-02-16",1121,"N20","low","2.0NRT",318.41,9.59,"D"
"29141",13.38645,36.96103,345.11,0.61,0.54,"2026-02-16",1121,"N20","low","2.0NRT",315.6,13.78,"D"
"29142",13.02499,34.04873,344.17,0.39,0.44,"2026-02-16",1121,"N20","low","2.0NRT",318.47,8.39,"D"
"29143",13.03043,34.05896,350.48,0.39,0.44,"2026-02-16",1121,"N20","low","2.0NRT",320.85,9.7,"D"
"29144",13.02996,34.05537,350.08,0.39,0.44,"2026-02-16",1121,"N20","low","2.0NRT",320.53,9.7,"D"
"29145",13.02949,34.05177,346.93,0.39,0.44,"2026-02-16",1121,"N20","low","2.0NRT",320.53,8.39,"D"
"29146",13.03445,34.05841,345.34,0.39,0.44,"2026-02-16",1121,"N20","low","2.0NRT",320.21,10.81,"D"
"29147",13.36191,35.97864,340.92,0.52,0.5,"2026-02-16",1121,"N20","low","2.0NRT",315.78,2.42,"D"
"29148",13.50915,36.80223,344.84,0.6,0.53,"2026-02-16",1121,"N20","low","2.0NRT",317.78,17.69,"D"
"29149",12.70466,30.08187,352.21,0.39,0.36,"2026-02-16",1121,"N20","low","2.0NRT",326.63,60.09,"D"
"29150",12.71171,30.1065,348.58,0.39,0.36,"2026-02-16",1121,"N20","low","2.0NRT",320.51,9.25,"D"
"29151",12.70852,30.08495,367,0.39,0.36,"2026-02-16",1121,"N20","low","2.0NRT",326.87,46.99,"D"
"29152",12.71185,30.08443,354.32,0.39,0.36,"2026-02-16",1121,"N20","nominal","2.0NRT",317.86,12.87,"D"
"29153",12.71572,30.08751,350.24,0.39,0.36,"2026-02-16",1121,"N20","nominal","2.0NRT",318.68,12.87,"D"
"29154",12.71958,30.09059,355.9,0.39,0.36,"2026-02-16",1121,"N20","nominal","2.0NRT",321.29,10.59,"D"
"29155",12.72344,30.09367,345.63,0.39,0.36,"2026-02-16",1121,"N20","low","2.0NRT",317.35,10.59,"D"
"29156",12.60034,29.27177,367,0.38,0.36,"2026-02-16",1121,"N20","low","2.0NRT",325.51,6.84,"D"
"29157",12.59981,29.26826,367,0.38,0.36,"2026-02-16",1121,"N20","low","2.0NRT",325.02,6.84,"D"
"29158",12.60364,29.27125,351.35,0.38,0.36,"2026-02-16",1121,"N20","low","2.0NRT",324.27,11.71,"D"
"29159",12.60311,29.26774,367,0.38,0.36,"2026-02-16",1121,"N20","low","2.0NRT",326.28,11.71,"D"
"29160",12.51416,28.66331,367,0.39,0.36,"2026-02-16",1121,"N20","high","2.0NRT",336.77,49.69,"D"
"29161",12.60641,29.26722,367,0.38,0.36,"2026-02-16",1121,"N20","low","2.0NRT",334.47,11.71,"D"
"29162",12.60587,29.26371,367,0.38,0.36,"2026-02-16",1121,"N20","low","2.0NRT",325.81,1.05,"D"
"29163",12.6097,29.2667,367,0.38,0.36,"2026-02-16",1121,"N20","high","2.0NRT",343.62,81.37,"D"
"29164",12.51746,28.66278,367,0.39,0.36,"2026-02-16",1121,"N20","high","2.0NRT",342.23,29.35,"D"
"29165",12.7361,30.11009,346.96,0.39,0.36,"2026-02-16",1121,"N20","low","2.0NRT",319.08,5.39,"D"
"29166",12.52076,28.66225,367,0.39,0.36,"2026-02-16",1121,"N20","low","2.0NRT",325.78,29.35,"D"
"29167",12.52022,28.65873,367,0.39,0.36,"2026-02-16",1121,"N20","low","2.0NRT",326.51,1.73,"D"
"29168",12.82964,30.19414,350.75,0.39,0.37,"2026-02-16",1121,"N20","low","2.0NRT",326.36,12.82,"D"
"29169",12.83298,30.19362,349.52,0.39,0.37,"2026-02-16",1121,"N20","low","2.0NRT",322.65,12.82,"D"
"29170",13.63188,35.64521,348.41,0.5,0.49,"2026-02-16",1121,"N20","nominal","2.0NRT",316.38,125.75,"D"
"29171",13.63129,35.6406,319.58,0.5,0.49,"2026-02-16",1121,"N20","low","2.0NRT",323.6,56.91,"D"
"29172",13.6358,35.64001,348.72,0.5,0.49,"2026-02-16",1121,"N20","low","2.0NRT",321.44,56.91,"D"
"29173",13.6352,35.6354,349.96,0.5,0.49,"2026-02-16",1121,"N20","nominal","2.0NRT",318.56,56.91,"D"
"29174",12.6633,28.68517,367,0.39,0.36,"2026-02-16",1121,"N20","low","2.0NRT",325.92,2.52,"D"
"29175",13.55966,34.92008,344.46,0.45,0.47,"2026-02-16",1121,"N20","low","2.0NRT",318.39,7.46,"D"
"29176",12.66714,28.68816,350.42,0.39,0.36,"2026-02-16",1121,"N20","low","2.0NRT",324.23,3.65,"D"
"29177",12.6666,28.68465,367,0.39,0.36,"2026-02-16",1121,"N20","low","2.0NRT",327.06,2.52,"D"
"29178",12.67044,28.68764,367,0.39,0.36,"2026-02-16",1121,"N20","low","2.0NRT",325.62,2.69,"D"
"29179",12.6699,28.68412,367,0.39,0.36,"2026-02-16",1121,"N20","low","2.0NRT",326.54,2.49,"D"
"29180",13.75655,36.27222,344.38,0.56,0.51,"2026-02-16",1121,"N20","low","2.0NRT",316.65,9.88,"D"
"29181",13.76127,36.27163,345.02,0.56,0.51,"2026-02-16",1121,"N20","low","2.0NRT",316.97,8.06,"D"
"29182",12.82102,29.36155,351.12,0.38,0.36,"2026-02-16",1121,"N20","low","2.0NRT",329.14,14.17,"D"
"29183",12.82432,29.36103,351.35,0.38,0.36,"2026-02-16",1121,"N20","low","2.0NRT",326.21,14.17,"D"
"29184",13.97209,37.30376,342.62,0.33,0.55,"2026-02-16",1121,"N20","nominal","2.0NRT",310.63,2.78,"D"
"29185",13.97076,37.30466,342.76,0.33,0.55,"2026-02-16",1121,"N20","nominal","2.0NRT",310.58,4.38,"D"
"29186",14.00199,37.26378,340.08,0.33,0.55,"2026-02-16",1121,"N20","low","2.0NRT",313.48,3.14,"D"
"29187",12.95595,29.46965,347.96,0.39,0.36,"2026-02-16",1121,"N20","low","2.0NRT",322.56,1.75,"D"
"29188",14.00708,37.26334,352.94,0.33,0.55,"2026-02-16",1121,"N20","nominal","2.0NRT",316.68,7.05,"D"
"29189",13.99751,37.18274,341.73,0.32,0.55,"2026-02-16",1121,"N20","nominal","2.0NRT",311.81,2.61,"D"
"29190",12.95979,29.47266,347.42,0.39,0.36,"2026-02-16",1121,"N20","nominal","2.0NRT",321.29,1.42,"D"
"29191",12.95926,29.46914,367,0.39,0.36,"2026-02-16",1121,"N20","low","2.0NRT",326.67,1.42,"D"
"29192",12.96256,29.46862,367,0.39,0.36,"2026-02-16",1121,"N20","low","2.0NRT",325.68,1.42,"D"
"29193",12.97684,29.47362,367,0.39,0.36,"2026-02-16",1121,"N20","low","2.0NRT",325.43,1.87,"D"
"29194",12.97578,29.46656,367,0.39,0.36,"2026-02-16",1121,"N20","low","2.0NRT",327.71,8.88,"D"
"29195",12.97961,29.46957,351.29,0.39,0.36,"2026-02-16",1121,"N20","low","2.0NRT",325.63,3.3,"D"
"29196",12.97908,29.46604,367,0.39,0.36,"2026-02-16",1121,"N20","low","2.0NRT",326.87,3.3,"D"
"29197",12.98345,29.47258,367,0.39,0.36,"2026-02-16",1121,"N20","low","2.0NRT",325.9,1.57,"D"
"29198",13.78817,35.05415,346.18,0.46,0.47,"2026-02-16",1121,"N20","low","2.0NRT",320.52,9.11,"D"
"29199",12.90886,28.82525,367,0.38,0.36,"2026-02-16",1121,"N20","low","2.0NRT",325.01,2.32,"D"
"29200",12.91269,28.82824,354.07,0.38,0.36,"2026-02-16",1121,"N20","low","2.0NRT",328.14,7.12,"D"
"29201",12.91215,28.82473,367,0.38,0.36,"2026-02-16",1121,"N20","low","2.0NRT",328.08,2.32,"D"
"29202",14.02172,36.68378,352.45,0.6,0.53,"2026-02-16",1121,"N20","nominal","2.0NRT",318.34,11.23,"D"
"29203",14.02477,36.68179,345.88,0.6,0.53,"2026-02-16",1121,"N20","low","2.0NRT",317.35,12.09,"D"
"29204",13.99721,35.91051,345.45,0.53,0.5,"2026-02-16",1121,"N20","low","2.0NRT",318,21.19,"D"
"29205",14.03526,35.92114,344.86,0.53,0.5,"2026-02-16",1121,"N20","low","2.0NRT",317.36,21.64,"D"
"29206",14.25379,37.5007,350.59,0.34,0.56,"2026-02-16",1121,"N20","nominal","2.0NRT",316.96,5.94,"D"
"29207",14.25962,37.50575,367,0.34,0.56,"2026-02-16",1121,"N20","high","2.0NRT",317.62,8.84,"D"
"29208",14.25925,37.50266,353.64,0.34,0.56,"2026-02-16",1121,"N20","nominal","2.0NRT",319.52,16.76,"D"
"29209",14.25854,37.49659,342.99,0.34,0.56,"2026-02-16",1121,"N20","low","2.0NRT",313.9,3.36,"D"
"29210",14.26472,37.5046,340.24,0.34,0.56,"2026-02-16",1121,"N20","nominal","2.0NRT",310.54,8.84,"D"
"29211",14.24056,36.7598,354.07,0.61,0.53,"2026-02-16",1121,"N20","nominal","2.0NRT",318.62,19.57,"D"
"29212",14.24337,36.76346,341.1,0.61,0.53,"2026-02-16",1121,"N20","low","2.0NRT",315.5,10.85,"D"
"29213",14.24271,36.75788,348.57,0.61,0.53,"2026-02-16",1121,"N20","low","2.0NRT",318.88,15.57,"D"
"29214",14.12842,35.72919,353.26,0.52,0.5,"2026-02-16",1121,"N20","nominal","2.0NRT",319,24.34,"D"
"29215",14.70299,34.67775,353.7,0.45,0.47,"2026-02-16",1121,"N20","low","2.0NRT",327.34,11.98,"D"
"29216",14.70674,34.67303,367,0.45,0.47,"2026-02-16",1121,"N20","low","2.0NRT",325.61,3.41,"D"
"29217",14.28462,29.18891,352.29,0.39,0.36,"2026-02-16",1121,"N20","low","2.0NRT",331.87,54.25,"D"
"29218",14.28778,29.18456,354.6,0.39,0.36,"2026-02-16",1121,"N20","low","2.0NRT",324.7,5.18,"D"
"29219",14.28725,29.181,367,0.39,0.36,"2026-02-16",1121,"N20","low","2.0NRT",326.55,5.18,"D"
"29220",14.29055,29.18048,351.28,0.39,0.36,"2026-02-16",1121,"N20","low","2.0NRT",327.98,5.18,"D"
"29221",14.29002,29.17693,367,0.39,0.36,"2026-02-16",1121,"N20","low","2.0NRT",326.62,2.29,"D"
"29222",14.29386,29.17996,349.71,0.39,0.36,"2026-02-16",1121,"N20","low","2.0NRT",323.47,3.03,"D"
"29223",14.29333,29.17641,367,0.39,0.36,"2026-02-16",1121,"N20","low","2.0NRT",326.49,5.12,"D"
"29224",14.29066,29.0461,367,0.39,0.36,"2026-02-16",1121,"N20","low","2.0NRT",339.27,25.07,"D"
"29225",14.29013,29.04255,367,0.38,0.36,"2026-02-16",1121,"N20","low","2.0NRT",330.28,25.07,"D"
"29226",14.29396,29.04558,349.36,0.39,0.36,"2026-02-16",1121,"N20","nominal","2.0NRT",324.35,19.29,"D"
"29227",14.29343,29.04203,367,0.38,0.36,"2026-02-16",1121,"N20","low","2.0NRT",340.59,19.29,"D"
"29228",14.29673,29.04151,367,0.38,0.36,"2026-02-16",1121,"N20","low","2.0NRT",325.13,19.29,"D"
"29229",15.83904,35.87123,347.08,0.56,0.51,"2026-02-16",1121,"N20","low","2.0NRT",319.48,3.23,"D"
"29230",15.84042,35.86895,345.49,0.56,0.51,"2026-02-16",1121,"N20","low","2.0NRT",318.86,4.96,"D"
"29231",26.61377,127.92596,299.27,0.4,0.37,"2026-02-16",1706,"N20","nominal","2.0NRT",287.3,0.62,"N"
"29232",24.00297,121.02725,298.66,0.54,0.51,"2026-02-16",1709,"N20","nominal","2.0NRT",286.11,2.4,"N"
"29233",23.99851,121.02482,322.16,0.54,0.51,"2026-02-16",1709,"N20","nominal","2.0NRT",288.33,2.4,"N"
"29234",23.998,121.02955,296.89,0.54,0.51,"2026-02-16",1709,"N20","nominal","2.0NRT",286.83,1.67,"N"
"29235",22.87754,121.15816,304.07,0.51,0.49,"2026-02-16",1709,"N20","nominal","2.0NRT",286.71,1.38,"N"
"29236",22.54613,120.34793,302.89,0.57,0.52,"2026-02-16",1709,"N20","nominal","2.0NRT",288.95,1.15,"N"
"29237",22.54554,120.35355,300.3,0.57,0.52,"2026-02-16",1709,"N20","nominal","2.0NRT",289.8,1.58,"N"
"29238",18.5461,120.77386,315.49,0.48,0.48,"2026-02-16",1709,"N20","nominal","2.0NRT",290.37,2.1,"N"
"29239",14.89683,121.07433,305.98,0.41,0.45,"2026-02-16",1711,"N20","nominal","2.0NRT",290.2,0.87,"N"
"29240",13.62689,121.0817,306.34,0.39,0.44,"2026-02-16",1711,"N20","nominal","2.0NRT",286.35,0.66,"N"
"29241",13.26316,123.68769,295,0.43,0.38,"2026-02-16",1711,"N20","nominal","2.0NRT",283.03,0.23,"N"
"29242",13.25673,123.68317,332.47,0.43,0.38,"2026-02-16",1711,"N20","nominal","2.0NRT",300.64,37.6,"N"
"29243",13.25612,123.6874,346.16,0.43,0.38,"2026-02-16",1711,"N20","nominal","2.0NRT",291.28,37.6,"N"
"29244",13.25559,123.69097,307.11,0.43,0.38,"2026-02-16",1711,"N20","nominal","2.0NRT",283.6,2.42,"N"
"29245",13.25459,123.69766,300.4,0.43,0.38,"2026-02-16",1711,"N20","nominal","2.0NRT",284.3,0.88,"N"
"29246",13.25408,123.701,310.23,0.43,0.38,"2026-02-16",1711,"N20","nominal","2.0NRT",285.38,0.88,"N"
"29247",13.25326,123.68261,332.73,0.43,0.38,"2026-02-16",1711,"N20","nominal","2.0NRT",289.06,37.6,"N"
"29248",13.25265,123.6869,337.61,0.43,0.38,"2026-02-16",1711,"N20","nominal","2.0NRT",316.03,37.6,"N"
"29249",13.25213,123.69034,321.31,0.43,0.38,"2026-02-16",1711,"N20","nominal","2.0NRT",285.34,2.42,"N"
"29250",13.25447,123.68436,367,0.43,0.38,"2026-02-16",1711,"N20","high","2.0NRT",333.01,42.1,"N"
"29251",13.25386,123.68842,350.97,0.43,0.38,"2026-02-16",1711,"N20","nominal","2.0NRT",293.87,42.1,"N"
"29252",13.25337,123.69173,303.93,0.43,0.38,"2026-02-16",1711,"N20","nominal","2.0NRT",283.8,1.53,"N"
"29253",13.25108,123.68335,330.89,0.43,0.38,"2026-02-16",1711,"N20","nominal","2.0NRT",286.67,42.1,"N"
"29254",13.25047,123.68736,355.91,0.43,0.38,"2026-02-16",1711,"N20","nominal","2.0NRT",293.82,42.1,"N"
"29255",13.24995,123.69087,307.17,0.43,0.38,"2026-02-16",1711,"N20","nominal","2.0NRT",285.22,1.53,"N"
"29256",13.2471,123.68626,352.43,0.43,0.38,"2026-02-16",1711,"N20","nominal","2.0NRT",292.38,6.69,"N"
"29257",13.24655,123.68993,330.43,0.43,0.38,"2026-02-16",1711,"N20","nominal","2.0NRT",287.56,2.71,"N"
"29258",13.24373,123.68505,327.42,0.43,0.38,"2026-02-16",1711,"N20","nominal","2.0NRT",288.13,6.69,"N"
"29259",13.24317,123.68884,307.72,0.43,0.38,"2026-02-16",1711,"N20","nominal","2.0NRT",285.31,2.71,"N"
"29260",13.24037,123.68382,301.99,0.43,0.38,"2026-02-16",1711,"N20","nominal","2.0NRT",286.37,0.55,"N"
"29261",12.10352,121.37663,333.49,0.54,0.42,"2026-02-16",1711,"N20","nominal","2.0NRT",291.2,4.04,"N"
"29262",12.10422,121.37159,311.92,0.54,0.42,"2026-02-16",1711,"N20","nominal","2.0NRT",290.95,4.04,"N"
"29263",10.19758,123.74517,306.39,0.41,0.37,"2026-02-16",1711,"N20","nominal","2.0NRT",286.21,1.18,"N"
"29264",45.63171,129.692,327.28,0.51,0.41,"2026-02-16",1702,"N20","nominal","2.0NRT",266.13,4.01,"N"
"29265",44.33459,123.30974,330.42,0.33,0.55,"2026-02-16",1702,"N20","nominal","2.0NRT",266.05,2.65,"N"
"29266",42.35491,120.22765,333.5,0.45,0.63,"2026-02-16",1702,"N20","nominal","2.0NRT",263.44,3.62,"N"
"29267",42.28164,120.31579,314.78,0.45,0.63,"2026-02-16",1702,"N20","nominal","2.0NRT",265.85,1.77,"N"
"29268",42.28231,120.3157,302.98,0.45,0.63,"2026-02-16",1702,"N20","nominal","2.0NRT",265.16,1.37,"N"
"29269",41.52441,120.36564,301.53,0.44,0.62,"2026-02-16",1702,"N20","nominal","2.0NRT",271.45,0.84,"N"
"29270",41.13597,122.99376,310.08,0.63,0.54,"2026-02-16",1702,"N20","nominal","2.0NRT",275.48,1.85,"N"
"29271",40.77313,117.91966,336.21,0.58,0.7,"2026-02-16",1702,"N20","nominal","2.0NRT",258.54,6.49,"N"
"29272",40.77301,117.92651,333.83,0.58,0.7,"2026-02-16",1702,"N20","nominal","2.0NRT",260.5,7.55,"N"
"29273",40.77312,117.91912,327.66,0.58,0.7,"2026-02-16",1702,"N20","nominal","2.0NRT",258.13,5.11,"N"
"29274",40.77296,117.92596,337.56,0.58,0.7,"2026-02-16",1702,"N20","nominal","2.0NRT",260.74,5.11,"N"
"29275",40.77281,117.93293,298.83,0.58,0.7,"2026-02-16",1702,"N20","nominal","2.0NRT",258.98,2.48,"N"
"29276",40.76647,117.92611,310.89,0.58,0.7,"2026-02-16",1702,"N20","nominal","2.0NRT",259.53,1.85,"N"
"29277",40.76632,117.93312,302.09,0.58,0.7,"2026-02-16",1702,"N20","nominal","2.0NRT",260.11,1.65,"N"
"29278",40.76616,117.94047,305.12,0.58,0.7,"2026-02-16",1702,"N20","nominal","2.0NRT",260.01,1.65,"N"
"29279",40.31618,122.14631,324.04,0.35,0.56,"2026-02-16",1702,"N20","nominal","2.0NRT",271.16,1.72,"N"
"29280",40.31641,122.14217,296.73,0.35,0.56,"2026-02-16",1702,"N20","nominal","2.0NRT",272.76,1.28,"N"
"29281",40.31096,122.14583,299.64,0.35,0.56,"2026-02-16",1702,"N20","nominal","2.0NRT",271.09,0.71,"N"
"29282",40.31165,122.12901,298.67,0.35,0.56,"2026-02-16",1702,"N20","nominal","2.0NRT",271.1,1.19,"N"
"29283",40.31061,122.14588,300.42,0.35,0.56,"2026-02-16",1702,"N20","nominal","2.0NRT",270.43,0.97,"N"
"29284",40.24662,121.02228,307.3,0.4,0.6,"2026-02-16",1702,"N20","nominal","2.0NRT",270.21,0.98,"N"
"29285",40.24725,121.01963,299.36,0.4,0.6,"2026-02-16",1702,"N20","nominal","2.0NRT",269.63,1.16,"N"
"29286",40.17862,118.05542,296.02,0.57,0.69,"2026-02-16",1702,"N20","nominal","2.0NRT",272.01,1.55,"N"
"29287",40.09183,118.43375,310.66,0.54,0.68,"2026-02-16",1702,"N20","nominal","2.0NRT",263.52,1.62,"N"
"29288",39.93624,118.56834,300.7,0.53,0.67,"2026-02-16",1702,"N20","nominal","2.0NRT",274.04,1.39,"N"
"29289",39.44509,126.021,326.95,0.42,0.45,"2026-02-16",1702,"N20","nominal","2.0NRT",274.85,3.83,"N"
"29290",39.90095,118.49001,298.7,0.54,0.68,"2026-02-16",1702,"N20","nominal","2.0NRT",267.74,0.95,"N"
"29291",39.67601,119.17847,306.17,0.49,0.65,"2026-02-16",1702,"N20","nominal","2.0NRT",267.74,1.14,"N"
"29292",39.61616,118.28254,326.8,0.55,0.68,"2026-02-16",1702,"N20","nominal","2.0NRT",263.27,2.02,"N"
"29293",39.61374,118.28351,322.92,0.55,0.68,"2026-02-16",1702,"N20","nominal","2.0NRT",263.16,2.27,"N"
"29294",39.34861,122.00516,326.34,0.34,0.56,"2026-02-16",1702,"N20","nominal","2.0NRT",266.13,2.03,"N"
"29295",39.30934,117.77913,297.08,0.58,0.7,"2026-02-16",1702,"N20","nominal","2.0NRT",267.05,1.35,"N"
"29296",39.30922,117.77869,296.31,0.58,0.7,"2026-02-16",1702,"N20","nominal","2.0NRT",267.01,1.48,"N"
"29297",38.99471,118.99543,295.9,0.5,0.66,"2026-02-16",1702,"N20","nominal","2.0NRT",270.52,0.83,"N"
"29298",38.99448,119.00129,299.14,0.5,0.66,"2026-02-16",1702,"N20","nominal","2.0NRT",271.1,0.83,"N"
"29299",37.59751,129.01315,309.38,0.45,0.39,"2026-02-16",1704,"N20","nominal","2.0NRT",276.08,1.81,"N"
"29300",37.48394,129.05661,323.06,0.44,0.39,"2026-02-16",1704,"N20","nominal","2.0NRT",275.12,2.68,"N"
"29301",37.48105,129.05089,296.22,0.44,0.39,"2026-02-16",1704,"N20","nominal","2.0NRT",272.04,2.02,"N"
"29302",38.28947,117.78869,306.2,0.57,0.69,"2026-02-16",1704,"N20","nominal","2.0NRT",271.79,2.54,"N"
"29303",37.42576,129.17259,300.13,0.44,0.38,"2026-02-16",1704,"N20","nominal","2.0NRT",272.25,1.24,"N"
"29304",37.42223,129.17201,313.69,0.44,0.38,"2026-02-16",1704,"N20","nominal","2.0NRT",274.24,1.24,"N"
"29305",38.21464,119.55197,307.32,0.46,0.63,"2026-02-16",1704,"N20","nominal","2.0NRT",271.64,1.2,"N"
"29306",38.12288,119.48572,295.47,0.46,0.64,"2026-02-16",1704,"N20","nominal","2.0NRT",270.79,0.95,"N"
"29307",37.01209,128.33585,295.73,0.47,0.4,"2026-02-16",1704,"N20","nominal","2.0NRT",271.54,0.83,"N"
"29308",36.9896,126.69759,313.32,0.55,0.43,"2026-02-16",1704,"N20","nominal","2.0NRT",273.38,3.38,"N"
"29309",36.98635,126.6907,303.28,0.55,0.43,"2026-02-16",1704,"N20","nominal","2.0NRT",275.87,2.13,"N"
"29310",36.98434,126.70937,313.83,0.55,0.43,"2026-02-16",1704,"N20","nominal","2.0NRT",277.76,3.08,"N"
"29311",36.98244,126.69006,305.75,0.55,0.43,"2026-02-16",1704,"N20","nominal","2.0NRT",279.74,2.13,"N"
"29312",36.98109,126.70248,297.32,0.55,0.43,"2026-02-16",1704,"N20","nominal","2.0NRT",274.63,2.22,"N"
"29313",35.99982,129.40065,314.92,0.42,0.38,"2026-02-16",1704,"N20","nominal","2.0NRT",275.34,2.07,"N"
"29314",36.54276,120.73125,325.7,0.38,0.59,"2026-02-16",1704,"N20","nominal","2.0NRT",263.98,1.5,"N"
"29315",34.22779,135.12061,303.69,0.45,0.39,"2026-02-16",1704,"N20","nominal","2.0NRT",263.81,0.9,"N"
"29316",33.8762,134.64833,297.86,0.44,0.38,"2026-02-16",1704,"N20","nominal","2.0NRT",266.41,0.37,"N"
"29317",33.87272,134.64745,296.2,0.44,0.38,"2026-02-16",1704,"N20","nominal","2.0NRT",268.07,0.37,"N"
"29318",34.92785,127.73541,298.09,0.47,0.4,"2026-02-16",1704,"N20","nominal","2.0NRT",269.17,1.23,"N"
"29319",34.92421,127.73476,296.94,0.47,0.4,"2026-02-16",1704,"N20","nominal","2.0NRT",267.5,1.23,"N"
"29320",34.92376,127.70828,300.68,0.47,0.4,"2026-02-16",1704,"N20","nominal","2.0NRT",269.31,1.11,"N"
"29321",34.91932,127.74437,302.86,0.47,0.4,"2026-02-16",1704,"N20","nominal","2.0NRT",267.13,1.68,"N"
"29322",34.91442,127.75396,300.52,0.47,0.4,"2026-02-16",1704,"N20","nominal","2.0NRT",268.93,0.79,"N"
"29323",35.18834,119.38084,300.18,0.44,0.63,"2026-02-16",1704,"N20","nominal","2.0NRT",278.43,1.52,"N"
"29324",35.19937,119.03248,295.24,0.47,0.64,"2026-02-16",1704,"N20","nominal","2.0NRT",271.51,0.92,"N"
"29325",35.13375,119.08278,305.17,0.46,0.64,"2026-02-16",1704,"N20","nominal","2.0NRT",272.94,1.65,"N"
"29326",34.40557,117.95622,295.63,0.53,0.67,"2026-02-16",1704,"N20","nominal","2.0NRT",272.54,1.9,"N"
"29327",42.35339,120.22812,325.77,0.32,0.55,"2026-02-16",1842,"N20","nominal","2.0NRT",260.15,1.82,"N"
"29328",42.28163,120.31618,320.24,0.33,0.55,"2026-02-16",1842,"N20","nominal","2.0NRT",264.42,1.22,"N"
"29329",41.15425,122.97418,301.51,0.47,0.64,"2026-02-16",1842,"N20","nominal","2.0NRT",269,1.23,"N"
"29330",41.13536,122.99455,300.52,0.47,0.64,"2026-02-16",1842,"N20","nominal","2.0NRT",273.75,2.88,"N"
"29331",41.03002,120.17435,296.06,0.35,0.57,"2026-02-16",1842,"N20","nominal","2.0NRT",266.02,0.38,"N"
"29332",40.3165,122.14425,326.59,0.46,0.63,"2026-02-16",1845,"N20","nominal","2.0NRT",273.5,3.38,"N"
"29333",40.93518,119.89002,310.03,0.34,0.56,"2026-02-16",1845,"N20","nominal","2.0NRT",261.75,0.84,"N"
"29334",41.41704,117.71893,328.21,0.51,0.5,"2026-02-16",1845,"N20","nominal","2.0NRT",254.83,2.58,"N"
"29335",40.24667,121.02431,327.62,0.4,0.6,"2026-02-16",1845,"N20","nominal","2.0NRT",270.66,2.25,"N"
"29336",38.68084,125.15112,305.64,0.72,0.75,"2026-02-16",1845,"N20","nominal","2.0NRT",266.4,3.45,"N"
"29337",43.68207,95.01918,367,0.45,0.63,"2026-02-16",1845,"N20","high","2.0NRT",290.34,11.37,"N"
"29338",40.22713,118.20792,296.67,0.58,0.52,"2026-02-16",1845,"N20","nominal","2.0NRT",262.94,1.02,"N"
"29339",40.09642,118.43874,304.58,0.6,0.53,"2026-02-16",1845,"N20","nominal","2.0NRT",261.5,2.57,"N"
"29340",40.09319,118.43736,314.88,0.6,0.53,"2026-02-16",1845,"N20","nominal","2.0NRT",264.19,2.52,"N"
"29341",40.13305,118.07504,300.7,0.58,0.52,"2026-02-16",1845,"N20","nominal","2.0NRT",260.24,0.54,"N"
"29342",39.94532,118.55691,296.64,0.62,0.54,"2026-02-16",1845,"N20","nominal","2.0NRT",272.32,1.45,"N"
"29343",39.90171,118.5842,295.54,0.62,0.54,"2026-02-16",1845,"N20","nominal","2.0NRT",274.37,3.28,"N"
"29344",39.8828,118.57618,299.4,0.62,0.54,"2026-02-16",1845,"N20","nominal","2.0NRT",268.12,1.49,"N"
"29345",39.70208,118.88139,296.5,0.32,0.55,"2026-02-16",1845,"N20","nominal","2.0NRT",268.76,0.89,"N"
"29346",39.70114,118.88499,309.18,0.32,0.55,"2026-02-16",1845,"N20","nominal","2.0NRT",269.84,0.89,"N"
"29347",39.30928,117.77848,296.26,0.58,0.52,"2026-02-16",1845,"N20","nominal","2.0NRT",264.55,2.36,"N"
"29348",38.99534,119.00225,317.75,0.34,0.56,"2026-02-16",1845,"N20","nominal","2.0NRT",273,1.39,"N"
"29349",40.43251,111.51595,323.64,0.44,0.38,"2026-02-16",1845,"N20","nominal","2.0NRT",256.18,2.58,"N"
"29350",40.40292,111.57568,324.58,0.44,0.38,"2026-02-16",1845,"N20","nominal","2.0NRT",256.28,5.07,"N"
"29351",40.36817,111.60036,324.08,0.44,0.38,"2026-02-16",1845,"N20","nominal","2.0NRT",258.35,5.15,"N"
"29352",40.36567,111.5942,326.97,0.44,0.38,"2026-02-16",1845,"N20","nominal","2.0NRT",257.41,4.37,"N"
"29353",40.36473,111.59924,329.74,0.44,0.38,"2026-02-16",1845,"N20","nominal","2.0NRT",258.16,4.37,"N"
"29354",40.62025,109.75368,339.45,0.39,0.37,"2026-02-16",1845,"N20","nominal","2.0NRT",264.27,7.2,"N"
"29355",40.61695,109.75271,340.3,0.39,0.37,"2026-02-16",1845,"N20","nominal","2.0NRT",263.17,7.2,"N"
"29356",38.97145,117.497,297.53,0.57,0.52,"2026-02-16",1845,"N20","nominal","2.0NRT",271.58,1.48,"N"
"29357",40.77024,107.33698,324.21,0.39,0.36,"2026-02-16",1845,"N20","nominal","2.0NRT",256.21,2.15,"N"
"29358",38.2413,119.47163,309.12,0.38,0.59,"2026-02-16",1845,"N20","nominal","2.0NRT",271.97,1.07,"N"
"29359",38.21393,119.55258,308.36,0.38,0.59,"2026-02-16",1845,"N20","nominal","2.0NRT",272.34,1.05,"N"
"29360",37.68729,121.09892,296,0.48,0.65,"2026-02-16",1845,"N20","nominal","2.0NRT",269.44,0.68,"N"
"29361",38.71112,117.14751,297.69,0.56,0.51,"2026-02-16",1845,"N20","nominal","2.0NRT",265.07,1.19,"N"
"29362",38.70962,117.15363,296.54,0.56,0.51,"2026-02-16",1845,"N20","nominal","2.0NRT",261.06,1.19,"N"
"29363",38.29185,117.79012,301.53,0.62,0.54,"2026-02-16",1845,"N20","nominal","2.0NRT",269.26,1.66,"N"
"29364",38.28711,117.78821,297.17,0.62,0.54,"2026-02-16",1845,"N20","nominal","2.0NRT",269.09,1.66,"N"
"29365",38.44686,116.83435,323.62,0.55,0.51,"2026-02-16",1845,"N20","nominal","2.0NRT",264.7,4.38,"N"
"29366",38.36296,115.44957,330.6,0.47,0.47,"2026-02-16",1845,"N20","nominal","2.0NRT",263.68,3.08,"N"
"29367",37.41697,118.85006,304.4,0.37,0.58,"2026-02-16",1845,"N20","nominal","2.0NRT",273.54,1.06,"N"
"29368",37.41761,118.85062,300.22,0.37,0.58,"2026-02-16",1845,"N20","nominal","2.0NRT",272.61,0.79,"N"
"29369",38.40159,114.15215,296.61,0.4,0.44,"2026-02-16",1845,"N20","nominal","2.0NRT",275.93,1.17,"N"
"29370",38.37876,114.13956,298.56,0.4,0.44,"2026-02-16",1845,"N20","nominal","2.0NRT",272.39,1.86,"N"
"29371",39.53038,106.51422,326.44,0.39,0.36,"2026-02-16",1845,"N20","nominal","2.0NRT",271.68,6,"N"
"29372",39.47626,106.69656,302.18,0.39,0.36,"2026-02-16",1845,"N20","nominal","2.0NRT",269.64,1.02,"N"
"29373",39.46505,106.70309,326.05,0.39,0.36,"2026-02-16",1845,"N20","nominal","2.0NRT",272.05,3.4,"N"
"29374",39.46188,106.70419,295.78,0.39,0.36,"2026-02-16",1845,"N20","nominal","2.0NRT",271.98,1.23,"N"
"29375",39.40016,106.9113,324.68,0.39,0.36,"2026-02-16",1845,"N20","nominal","2.0NRT",269.2,2.14,"N"
"29376",39.41965,106.71233,322.58,0.39,0.36,"2026-02-16",1845,"N20","nominal","2.0NRT",265.31,3.2,"N"
"29377",39.37983,106.88774,305.69,0.39,0.36,"2026-02-16",1845,"N20","nominal","2.0NRT",266.82,1.11,"N"
"29378",39.37916,106.89217,319.73,0.39,0.36,"2026-02-16",1845,"N20","nominal","2.0NRT",271.09,1.11,"N"
"29379",37.78015,114.93407,323.84,0.45,0.47,"2026-02-16",1845,"N20","nominal","2.0NRT",266.46,2.64,"N"
"29380",39.2188,106.69016,310.03,0.39,0.36,"2026-02-16",1845,"N20","nominal","2.0NRT",271.53,1.37,"N"
"29381",39.21287,106.68408,297.76,0.39,0.36,"2026-02-16",1845,"N20","nominal","2.0NRT",273.35,1.35,"N"
"29382",36.90131,117.74506,307.14,0.33,0.56,"2026-02-16",1845,"N20","nominal","2.0NRT",273.47,0.92,"N"
"29383",39.02057,106.46617,301.89,0.39,0.36,"2026-02-16",1845,"N20","nominal","2.0NRT",262.27,0.34,"N"
"29384",38.94627,106.46432,300.95,0.39,0.36,"2026-02-16",1845,"N20","nominal","2.0NRT",269.41,1.41,"N"
"29385",37.2933,114.08459,296.24,0.42,0.45,"2026-02-16",1845,"N20","nominal","2.0NRT",263.6,0.59,"N"
"29386",37.14014,114.53478,298.97,0.45,0.47,"2026-02-16",1845,"N20","nominal","2.0NRT",275.17,1.69,"N"
"29387",38.24523,106.5545,320.44,0.39,0.36,"2026-02-16",1845,"N20","nominal","2.0NRT",271.41,2.37,"N"
"29388",36.22883,116.52508,301.67,0.6,0.53,"2026-02-16",1845,"N20","nominal","2.0NRT",269.36,1.83,"N"
"29389",36.73334,114.08714,299.36,0.43,0.46,"2026-02-16",1845,"N20","nominal","2.0NRT",269.1,1.25,"N"
"29390",36.73229,114.09191,307.05,0.43,0.46,"2026-02-16",1845,"N20","nominal","2.0NRT",279.88,2.11,"N"
"29391",36.72714,114.09531,315.9,0.43,0.46,"2026-02-16",1845,"N20","nominal","2.0NRT",273.3,2.11,"N"
"29392",36.71989,114.10815,297.24,0.43,0.46,"2026-02-16",1845,"N20","nominal","2.0NRT",272.49,1.65,"N"
"29393",37.12838,112.0456,296.61,0.51,0.41,"2026-02-16",1845,"N20","nominal","2.0NRT",271.16,1,"N"
"29394",36.59784,114.41423,303.09,0.45,0.47,"2026-02-16",1845,"N20","nominal","2.0NRT",278.08,1.48,"N"
"29395",36.59929,114.41407,301.02,0.45,0.47,"2026-02-16",1845,"N20","nominal","2.0NRT",275.37,2.08,"N"
"29396",37.10429,111.96669,297.61,0.51,0.41,"2026-02-16",1845,"N20","nominal","2.0NRT",272.63,1.3,"N"
"29397",36.64552,114.12284,298.59,0.44,0.46,"2026-02-16",1845,"N20","nominal","2.0NRT",270.04,0.71,"N"
"29398",36.68561,113.81916,295.16,0.42,0.45,"2026-02-16",1845,"N20","nominal","2.0NRT",276.58,1.09,"N"
"29399",37.06054,111.97062,312.57,0.51,0.41,"2026-02-16",1845,"N20","nominal","2.0NRT",270.54,1.45,"N"
"29400",35.84509,117.28988,309.7,0.33,0.56,"2026-02-16",1845,"N20","nominal","2.0NRT",270.79,0.94,"N"
"29401",37.0666,111.84349,295.07,0.5,0.41,"2026-02-16",1845,"N20","nominal","2.0NRT",269.38,0.72,"N"
"29402",36.58816,114.10266,305.54,0.44,0.46,"2026-02-16",1845,"N20","nominal","2.0NRT",274.11,1.6,"N"
"29403",37.06516,111.83135,309.43,0.5,0.41,"2026-02-16",1845,"N20","nominal","2.0NRT",273.3,2.08,"N"
"29404",36.53345,114.228,307.15,0.44,0.46,"2026-02-16",1845,"N20","nominal","2.0NRT",269.7,1.23,"N"
"29405",36.53315,114.23022,303.47,0.44,0.46,"2026-02-16",1845,"N20","nominal","2.0NRT",269.27,1.23,"N"
"29406",36.5899,113.74889,304.72,0.42,0.45,"2026-02-16",1845,"N20","nominal","2.0NRT",274.32,1.64,"N"
"29407",36.5868,113.74326,298.77,0.42,0.45,"2026-02-16",1845,"N20","nominal","2.0NRT",268.53,0.67,"N"
"29408",36.4791,113.35326,305.58,0.4,0.44,"2026-02-16",1845,"N20","nominal","2.0NRT",267.75,0.94,"N"
"29409",36.47513,113.35195,299.89,0.4,0.44,"2026-02-16",1845,"N20","nominal","2.0NRT",273.15,0.97,"N"
"29410",36.81014,111.64291,296.15,0.5,0.41,"2026-02-16",1845,"N20","nominal","2.0NRT",271.54,1.11,"N"
"29411",36.48769,113.11471,295.48,0.39,0.44,"2026-02-16",1845,"N20","nominal","2.0NRT",271.35,1.4,"N"
"29412",36.46503,113.1031,295.21,0.39,0.44,"2026-02-16",1845,"N20","nominal","2.0NRT",266.71,0.46,"N"
"29413",36.46231,113.11581,304.42,0.39,0.44,"2026-02-16",1845,"N20","nominal","2.0NRT",272,1.04,"N"
"29414",36.45835,113.11467,311.99,0.39,0.44,"2026-02-16",1845,"N20","nominal","2.0NRT",274.95,1.86,"N"
"29415",36.21404,114.04775,300.35,0.44,0.46,"2026-02-16",1845,"N20","nominal","2.0NRT",275.42,1.96,"N"
"29416",36.39816,113.01546,303.51,0.39,0.44,"2026-02-16",1845,"N20","nominal","2.0NRT",265.38,2.04,"N"
"29417",36.55515,112.24351,300.49,0.53,0.42,"2026-02-16",1845,"N20","nominal","2.0NRT",267.83,1.01,"N"
"29418",36.37289,113.01646,305.02,0.39,0.44,"2026-02-16",1845,"N20","nominal","2.0NRT",271.59,0.91,"N"
"29419",36.32569,113.11902,299.93,0.39,0.44,"2026-02-16",1845,"N20","nominal","2.0NRT",269.45,0.83,"N"
"29420",36.39157,112.19725,310.68,0.53,0.42,"2026-02-16",1845,"N20","nominal","2.0NRT",270.69,1.47,"N"
"29421",36.39107,112.00349,300.85,0.52,0.42,"2026-02-16",1845,"N20","nominal","2.0NRT",268.03,1.66,"N"
"29422",37.40537,105.67974,297.48,0.39,0.37,"2026-02-16",1845,"N20","nominal","2.0NRT",271.3,1.04,"N"
"29423",34.74191,116.62526,310.02,0.33,0.55,"2026-02-16",1845,"N20","nominal","2.0NRT",273.36,1.17,"N"
"29424",34.74236,116.62566,310.06,0.33,0.55,"2026-02-16",1845,"N20","nominal","2.0NRT",273.15,0.89,"N"
"29425",34.47386,117.45916,297.29,0.37,0.58,"2026-02-16",1845,"N20","nominal","2.0NRT",271.11,0.57,"N"
"29426",35.38044,113.44471,298.31,0.43,0.46,"2026-02-16",1845,"N20","nominal","2.0NRT",275.58,1.13,"N"
"29427",35.70082,111.43745,301.63,0.51,0.41,"2026-02-16",1845,"N20","nominal","2.0NRT",278.22,1.49,"N"
"29428",35.70883,111.31188,296.05,0.5,0.41,"2026-02-16",1845,"N20","nominal","2.0NRT",272.35,0.84,"N"
"29429",35.68493,111.23647,302.31,0.5,0.41,"2026-02-16",1845,"N20","nominal","2.0NRT",273.02,1.62,"N"
"29430",35.67973,111.2236,297.91,0.5,0.41,"2026-02-16",1845,"N20","nominal","2.0NRT",275.02,1.22,"N"
"29431",35.65676,110.97054,297.27,0.48,0.4,"2026-02-16",1845,"N20","nominal","2.0NRT",273.14,1.5,"N"
"29432",35.67738,110.64899,307.7,0.47,0.4,"2026-02-16",1845,"N20","nominal","2.0NRT",271.18,1.11,"N"
"29433",35.6738,110.64806,319.32,0.47,0.4,"2026-02-16",1845,"N20","nominal","2.0NRT",277.81,2.56,"N"
"29434",35.64025,110.72422,295.73,0.47,0.4,"2026-02-16",1845,"N20","nominal","2.0NRT",274.41,1.04,"N"
"29435",35.65141,110.64713,301.08,0.47,0.4,"2026-02-16",1845,"N20","nominal","2.0NRT",272.31,1.04,"N"
"29436",33.8755,118.3335,308.62,0.43,0.62,"2026-02-16",1845,"N20","nominal","2.0NRT",270.8,1.09,"N"
"29437",35.48275,111.34646,305.22,0.5,0.41,"2026-02-16",1845,"N20","nominal","2.0NRT",270.33,1.72,"N"
"29438",35.48095,111.35024,301.29,0.51,0.41,"2026-02-16",1845,"N20","nominal","2.0NRT",269.62,0.91,"N"
"29439",35.60446,110.57306,298.47,0.47,0.4,"2026-02-16",1845,"N20","nominal","2.0NRT",276.85,1.28,"N"
"29440",35.6009,110.57204,313.76,0.47,0.4,"2026-02-16",1845,"N20","nominal","2.0NRT",278.4,2.47,"N"
"29441",35.41749,111.29694,302.24,0.5,0.41,"2026-02-16",1845,"N20","nominal","2.0NRT",271.94,1.32,"N"
"29442",35.22777,111.6906,301.57,0.53,0.42,"2026-02-16",1845,"N20","nominal","2.0NRT",270.44,0.97,"N"
"29443",35.05056,112.52586,300.89,0.39,0.44,"2026-02-16",1845,"N20","nominal","2.0NRT",276.14,1.67,"N"
"29444",35.04488,112.53294,317.76,0.39,0.44,"2026-02-16",1845,"N20","nominal","2.0NRT",271.13,2.41,"N"
"29445",36.01763,104.07182,300.33,0.42,0.38,"2026-02-16",1847,"N20","nominal","2.0NRT",271.51,1.59,"N"
"29446",33.61598,116.57504,308.01,0.35,0.56,"2026-02-16",1847,"N20","nominal","2.0NRT",274.08,1.29,"N"
"29447",33.61097,116.57327,296.42,0.35,0.56,"2026-02-16",1847,"N20","nominal","2.0NRT",273.48,1.29,"N"
"29448",34.93634,110.01383,299.19,0.45,0.39,"2026-02-16",1847,"N20","nominal","2.0NRT",269.05,0.97,"N"
"29449",33.65175,115.8644,299.64,0.63,0.54,"2026-02-16",1847,"N20","nominal","2.0NRT",267.66,1.16,"N"
"29450",34.66713,111.03154,316.1,0.5,0.41,"2026-02-16",1847,"N20","nominal","2.0NRT",276.79,2.6,"N"
"29451",34.80238,110.08286,300.03,0.46,0.39,"2026-02-16",1847,"N20","nominal","2.0NRT",266.95,0.8,"N"
"29452",34.30006,112.55544,295.4,0.4,0.45,"2026-02-16",1847,"N20","nominal","2.0NRT",273.65,0.92,"N"
"29453",34.87708,109.00308,312.05,0.42,0.38,"2026-02-16",1847,"N20","nominal","2.0NRT",271.15,1.79,"N"
"29454",34.09121,112.81394,300.04,0.42,0.45,"2026-02-16",1847,"N20","nominal","2.0NRT",269.31,0.55,"N"
"29455",34.00532,112.96243,306.89,0.43,0.46,"2026-02-16",1847,"N20","nominal","2.0NRT",272.74,1.43,"N"
"29456",34.51699,110.36697,316.38,0.47,0.4,"2026-02-16",1847,"N20","nominal","2.0NRT",274.95,2.66,"N"
"29457",33.22163,116.02271,303.11,0.33,0.55,"2026-02-16",1847,"N20","nominal","2.0NRT",270.55,0.78,"N"
"29458",33.21742,116.02036,299.94,0.33,0.55,"2026-02-16",1847,"N20","nominal","2.0NRT",269.73,0.68,"N"
"29459",34.54019,108.78959,298.65,0.42,0.38,"2026-02-16",1847,"N20","nominal","2.0NRT",268.42,0.77,"N"
"29460",34.50358,108.4198,301.48,0.41,0.37,"2026-02-16",1847,"N20","nominal","2.0NRT",268.93,0.96,"N"
"29461",33.41667,104.84446,295.64,0.39,0.36,"2026-02-16",1847,"N20","nominal","2.0NRT",276.09,0.36,"N"
"29462",32.61647,105.86134,300.88,0.38,0.36,"2026-02-16",1847,"N20","nominal","2.0NRT",278.37,1.02,"N"
"29463",32.13734,104.80649,298.31,0.39,0.36,"2026-02-16",1847,"N20","nominal","2.0NRT",275.12,0.67,"N"
"29464",27.78932,102.21545,296.02,0.41,0.37,"2026-02-16",1849,"N20","nominal","2.0NRT",281.85,0.66,"N"
"29465",27.74569,102.20329,317.23,0.41,0.37,"2026-02-16",1849,"N20","nominal","2.0NRT",288.93,3.67,"N"
"29466",27.74451,102.21171,316.82,0.41,0.37,"2026-02-16",1849,"N20","nominal","2.0NRT",286.43,1.64,"N"
"29467",27.74111,102.21109,302.61,0.41,0.37,"2026-02-16",1849,"N20","nominal","2.0NRT",287.4,0.91,"N"
"29468",27.73771,102.21047,297.81,0.41,0.37,"2026-02-16",1849,"N20","nominal","2.0NRT",284.74,0.91,"N"
"29469",27.72694,102.20972,310.24,0.41,0.37,"2026-02-16",1849,"N20","nominal","2.0NRT",284.34,2.06,"N"
"29470",27.61695,102.63507,301.88,0.4,0.37,"2026-02-16",1849,"N20","nominal","2.0NRT",278.4,0.66,"N"
"29471",28.13609,97.00499,303.85,0.5,0.49,"2026-02-16",1849,"N20","nominal","2.0NRT",279.71,1.77,"N"
"29472",28.13191,97.00134,311.04,0.5,0.49,"2026-02-16",1849,"N20","nominal","2.0NRT",279.64,2.48,"N"
"29473",28.10913,97.00129,338.68,0.5,0.49,"2026-02-16",1849,"N20","nominal","2.0NRT",285.23,8.71,"N"
"29474",28.10868,97.00556,331.31,0.5,0.49,"2026-02-16",1849,"N20","nominal","2.0NRT",282.73,5.85,"N"
"29475",27.39107,102.55324,295.37,0.4,0.37,"2026-02-16",1849,"N20","nominal","2.0NRT",281.48,0.23,"N"
"29476",27.85761,96.27309,330.75,0.55,0.51,"2026-02-16",1849,"N20","nominal","2.0NRT",290.41,4.26,"N"
"29477",27.85347,96.26687,308.48,0.55,0.51,"2026-02-16",1849,"N20","nominal","2.0NRT",289.17,2.67,"N"
"29478",27.86867,95.42008,297.37,0.62,0.54,"2026-02-16",1849,"N20","nominal","2.0NRT",284.84,1.59,"N"
"29479",27.86427,95.41315,316.27,0.62,0.54,"2026-02-16",1849,"N20","nominal","2.0NRT",285.44,2.69,"N"
"29480",27.86372,95.41946,303.1,0.62,0.54,"2026-02-16",1849,"N20","nominal","2.0NRT",285.73,1.59,"N"
"29481",27.8626,95.41843,323.37,0.62,0.54,"2026-02-16",1849,"N20","nominal","2.0NRT",286.43,2.83,"N"
"29482",27.86319,95.41212,302.66,0.62,0.54,"2026-02-16",1849,"N20","nominal","2.0NRT",285.47,2.83,"N"
"29483",27.85823,95.41151,313.95,0.62,0.54,"2026-02-16",1849,"N20","nominal","2.0NRT",286.6,2.83,"N"
"29484",27.85764,95.41782,314.62,0.62,0.54,"2026-02-16",1849,"N20","nominal","2.0NRT",286.16,2.83,"N"
"29485",26.94268,102.92802,299.01,0.39,0.36,"2026-02-16",1849,"N20","nominal","2.0NRT",285.69,0.58,"N"
"29486",26.52865,104.54341,308.81,0.39,0.36,"2026-02-16",1849,"N20","nominal","2.0NRT",280.17,1.12,"N"
"29487",27.23821,99.22864,295.47,0.54,0.42,"2026-02-16",1849,"N20","nominal","2.0NRT",273.8,0.57,"N"
"29488",27.24688,98.50839,309.07,0.4,0.44,"2026-02-16",1849,"N20","nominal","2.0NRT",279.18,1.59,"N"
"29489",27.53543,95.3979,301.79,0.61,0.54,"2026-02-16",1849,"N20","nominal","2.0NRT",285.03,0.71,"N"
"29490",27.2927,97.348,306.77,0.46,0.47,"2026-02-16",1849,"N20","nominal","2.0NRT",284.49,1.03,"N"
"29491",27.46836,95.42124,302.79,0.61,0.54,"2026-02-16",1849,"N20","nominal","2.0NRT",286.07,1.24,"N"
"29492",26.69407,102.07172,299.32,0.41,0.37,"2026-02-16",1849,"N20","nominal","2.0NRT",281.56,0.58,"N"
"29493",26.47763,103.3287,299.82,0.39,0.36,"2026-02-16",1849,"N20","nominal","2.0NRT",279.15,0.93,"N"
"29494",26.50197,103.10285,306.42,0.39,0.36,"2026-02-16",1849,"N20","nominal","2.0NRT",282.19,1.05,"N"
"29495",27.37681,95.08549,307.64,0.32,0.55,"2026-02-16",1849,"N20","nominal","2.0NRT",284.67,0.69,"N"
"29496",26.62175,101.59696,309.55,0.42,0.38,"2026-02-16",1849,"N20","nominal","2.0NRT",283.92,0.87,"N"
"29497",26.62973,101.49061,301.88,0.43,0.38,"2026-02-16",1849,"N20","nominal","2.0NRT",283.57,1,"N"
"29498",27.37741,95.08577,300.48,0.32,0.55,"2026-02-16",1849,"N20","nominal","2.0NRT",284.41,0.59,"N"
"29499",26.62412,101.45497,298.17,0.43,0.38,"2026-02-16",1849,"N20","nominal","2.0NRT",283.57,0.72,"N"
"29500",26.58228,101.70138,296.42,0.42,0.38,"2026-02-16",1849,"N20","nominal","2.0NRT",284.57,0.56,"N"
"29501",26.57885,101.70077,301.67,0.42,0.38,"2026-02-16",1849,"N20","nominal","2.0NRT",286.12,0.56,"N"
"29502",26.57672,101.66615,299.46,0.42,0.38,"2026-02-16",1849,"N20","nominal","2.0NRT",288.42,1.71,"N"
"29503",26.57611,101.67047,310.4,0.42,0.38,"2026-02-16",1849,"N20","nominal","2.0NRT",287.2,1.38,"N"
"29504",26.57208,101.67408,296.37,0.42,0.38,"2026-02-16",1849,"N20","nominal","2.0NRT",285.51,1.02,"N"
"29505",26.56867,101.67336,309.83,0.42,0.38,"2026-02-16",1849,"N20","nominal","2.0NRT",290.3,1.02,"N"
"29506",26.56525,101.67266,308.76,0.42,0.38,"2026-02-16",1849,"N20","nominal","2.0NRT",289.89,1.76,"N"
"29507",26.56465,101.67692,315.76,0.42,0.38,"2026-02-16",1849,"N20","nominal","2.0NRT",292.23,1.26,"N"
"29508",26.56405,101.68114,309.68,0.42,0.38,"2026-02-16",1849,"N20","nominal","2.0NRT",290.9,1.26,"N"
"29509",26.56288,101.68946,299.21,0.42,0.38,"2026-02-16",1849,"N20","nominal","2.0NRT",288.19,1.2,"N"
"29510",26.95903,98.60092,299.72,0.39,0.44,"2026-02-16",1849,"N20","nominal","2.0NRT",277.71,0.55,"N"
"29511",26.56123,101.67626,300.78,0.42,0.38,"2026-02-16",1849,"N20","nominal","2.0NRT",288.05,1.26,"N"
"29512",27.10765,96.52995,296.11,0.52,0.5,"2026-02-16",1849,"N20","nominal","2.0NRT",284.46,0.51,"N"
"29513",27.22116,95.34438,297.3,0.61,0.54,"2026-02-16",1849,"N20","nominal","2.0NRT",284.72,0.63,"N"
"29514",26.30665,102.77592,308.99,0.39,0.36,"2026-02-16",1849,"N20","nominal","2.0NRT",289.39,0.86,"N"
"29515",26.38264,101.97363,310.22,0.41,0.37,"2026-02-16",1849,"N20","nominal","2.0NRT",285.52,1.14,"N"
"29516",26.79736,98.68124,330.61,0.38,0.44,"2026-02-16",1849,"N20","nominal","2.0NRT",280.31,3.72,"N"
"29517",26.79508,98.66564,301.77,0.39,0.44,"2026-02-16",1849,"N20","nominal","2.0NRT",278.83,1.06,"N"
"29518",26.79123,98.66369,318.07,0.39,0.44,"2026-02-16",1849,"N20","nominal","2.0NRT",280.53,2.32,"N"
"29519",27.16594,94.44848,295.31,0.35,0.57,"2026-02-16",1847,"N20","nominal","2.0NRT",284.22,0.47,"N"
"29520",26.7384,98.57954,308.11,0.39,0.44,"2026-02-16",1847,"N20","nominal","2.0NRT",279.47,1.69,"N"
"29521",26.73403,98.58202,298.45,0.39,0.44,"2026-02-16",1847,"N20","nominal","2.0NRT",278.29,0.77,"N"
"29522",27.26304,92.49327,322.74,0.47,0.64,"2026-02-16",1847,"N20","nominal","2.0NRT",279.96,3.6,"N"
"29523",27.26447,92.49072,313.72,0.47,0.64,"2026-02-16",1847,"N20","nominal","2.0NRT",278.13,1.94,"N"
"29524",27.26412,92.49532,299.88,0.46,0.64,"2026-02-16",1847,"N20","nominal","2.0NRT",278.37,1.94,"N"
"29525",26.63636,98.70305,337.06,0.57,0.43,"2026-02-16",1847,"N20","nominal","2.0NRT",282.2,4.93,"N"
"29526",26.6371,98.69687,298.23,0.57,0.43,"2026-02-16",1847,"N20","nominal","2.0NRT",277.65,4.93,"N"
"29527",25.69709,103.8651,297.3,0.38,0.36,"2026-02-16",1847,"N20","nominal","2.0NRT",281.92,0.95,"N"
"29528",25.69649,103.86887,300.02,0.38,0.36,"2026-02-16",1847,"N20","nominal","2.0NRT",283.44,0.95,"N"
"29529",25.65513,104.04405,296.61,0.38,0.36,"2026-02-16",1847,"N20","nominal","2.0NRT",281.63,1.27,"N"
"29530",26.4017,98.63007,296.44,0.38,0.43,"2026-02-16",1847,"N20","nominal","2.0NRT",273.64,1.18,"N"
"29531",26.39783,98.62849,323.13,0.38,0.43,"2026-02-16",1847,"N20","nominal","2.0NRT",278.59,1.75,"N"
"29532",26.39743,98.63187,314.27,0.38,0.43,"2026-02-16",1847,"N20","nominal","2.0NRT",276.21,2.19,"N"
"29533",25.67175,103.87579,300.98,0.38,0.36,"2026-02-16",1847,"N20","nominal","2.0NRT",280.82,0.67,"N"
"29534",26.39474,98.62042,297.29,0.38,0.43,"2026-02-16",1847,"N20","nominal","2.0NRT",273.68,0.97,"N"
"29535",26.39396,98.62699,297.04,0.38,0.43,"2026-02-16",1847,"N20","nominal","2.0NRT",275.71,1.75,"N"
"29536",26.39357,98.63033,304.16,0.38,0.43,"2026-02-16",1847,"N20","nominal","2.0NRT",276.67,2.19,"N"
"29537",26.39088,98.6189,299.21,0.38,0.43,"2026-02-16",1847,"N20","nominal","2.0NRT",276.4,1.57,"N"
"29538",26.39007,98.62567,295.12,0.38,0.43,"2026-02-16",1847,"N20","nominal","2.0NRT",275.98,1.68,"N"
"29539",26.38968,98.62895,311.96,0.38,0.43,"2026-02-16",1847,"N20","nominal","2.0NRT",278.47,2,"N"
"29540",26.38659,98.62086,320.15,0.38,0.43,"2026-02-16",1847,"N20","nominal","2.0NRT",278.3,1.68,"N"
"29541",26.38949,98.59628,317.79,0.38,0.44,"2026-02-16",1847,"N20","nominal","2.0NRT",277.16,3.53,"N"
"29542",26.38906,98.59996,300.32,0.38,0.44,"2026-02-16",1847,"N20","nominal","2.0NRT",278.05,1.48,"N"
"29543",26.38619,98.62421,305.07,0.38,0.43,"2026-02-16",1847,"N20","nominal","2.0NRT",278.6,1.68,"N"
"29544",26.3858,98.62747,310.54,0.38,0.43,"2026-02-16",1847,"N20","nominal","2.0NRT",278,2,"N"
"29545",26.38563,98.5946,336.78,0.38,0.44,"2026-02-16",1847,"N20","nominal","2.0NRT",279.71,5.77,"N"
"29546",26.38519,98.59837,344.33,0.38,0.44,"2026-02-16",1847,"N20","nominal","2.0NRT",283.82,3.98,"N"
"29547",26.38475,98.6021,302.6,0.38,0.43,"2026-02-16",1847,"N20","nominal","2.0NRT",277.58,3.98,"N"
"29548",26.38235,98.62244,298.7,0.38,0.43,"2026-02-16",1847,"N20","nominal","2.0NRT",277.68,1.17,"N"
"29549",26.38195,98.62576,296.54,0.38,0.43,"2026-02-16",1847,"N20","nominal","2.0NRT",277.26,0.97,"N"
"29550",26.37889,98.61736,295.99,0.38,0.43,"2026-02-16",1847,"N20","nominal","2.0NRT",278.52,1.17,"N"
"29551",26.37789,98.59142,332.63,0.38,0.44,"2026-02-16",1847,"N20","nominal","2.0NRT",275.83,6.36,"N"
"29552",26.37746,98.59505,335.18,0.38,0.44,"2026-02-16",1847,"N20","nominal","2.0NRT",279.95,2.84,"N"
"29553",26.37355,98.59375,319.66,0.38,0.44,"2026-02-16",1847,"N20","nominal","2.0NRT",278.2,2.84,"N"
"29554",26.37314,98.59726,298.07,0.38,0.43,"2026-02-16",1847,"N20","nominal","2.0NRT",278.3,2.84,"N"
"29555",26.36755,98.6104,331.93,0.38,0.43,"2026-02-16",1847,"N20","nominal","2.0NRT",279.19,3.65,"N"
"29556",26.36835,98.60356,295.08,0.38,0.43,"2026-02-16",1847,"N20","nominal","2.0NRT",278.05,0.88,"N"
"29557",26.36563,98.60808,315.98,0.38,0.43,"2026-02-16",1847,"N20","nominal","2.0NRT",277.02,1.97,"N"
"29558",26.36523,98.6114,314.06,0.38,0.43,"2026-02-16",1847,"N20","nominal","2.0NRT",277.07,1.97,"N"
"29559",26.77327,94.50474,307.07,0.34,0.56,"2026-02-16",1847,"N20","nominal","2.0NRT",285.05,0.51,"N"
"29560",25.72778,102.76394,303.49,0.39,0.36,"2026-02-16",1847,"N20","nominal","2.0NRT",274.36,0.57,"N"
"29561",26.76091,90.92314,297.66,0.57,0.69,"2026-02-16",1847,"N20","nominal","2.0NRT",287.28,5.73,"N"
"29562",26.7545,90.92252,353.1,0.57,0.69,"2026-02-16",1847,"N20","nominal","2.0NRT",289.08,5.73,"N"
"29563",26.75413,90.92841,322.29,0.57,0.69,"2026-02-16",1847,"N20","nominal","2.0NRT",289.59,5.73,"N"
"29564",26.75486,90.91663,314.88,0.57,0.69,"2026-02-16",1847,"N20","nominal","2.0NRT",286.15,3.99,"N"
"29565",26.74809,90.92187,355.87,0.57,0.69,"2026-02-16",1847,"N20","nominal","2.0NRT",290.88,14.34,"N"
"29566",26.74844,90.91601,312.71,0.57,0.69,"2026-02-16",1847,"N20","nominal","2.0NRT",287.05,12.32,"N"
"29567",26.74203,90.91537,367,0.57,0.69,"2026-02-16",1847,"N20","high","2.0NRT",288.1,12.32,"N"
"29568",26.74167,90.92124,347.6,0.57,0.69,"2026-02-16",1847,"N20","nominal","2.0NRT",291,14.34,"N"
"29569",25.30577,103.88935,297.23,0.38,0.36,"2026-02-16",1847,"N20","nominal","2.0NRT",282.77,0.53,"N"
"29570",26.75948,90.9211,314.05,0.57,0.69,"2026-02-16",1847,"N20","nominal","2.0NRT",287.55,7.29,"N"
"29571",26.75908,90.92693,306.41,0.57,0.69,"2026-02-16",1847,"N20","nominal","2.0NRT",288.41,8.16,"N"
"29572",26.75307,90.92047,337.51,0.57,0.69,"2026-02-16",1847,"N20","nominal","2.0NRT",288.23,7.29,"N"
"29573",26.75267,90.92634,355.64,0.57,0.69,"2026-02-16",1847,"N20","nominal","2.0NRT",291.39,8.16,"N"
"29574",26.74666,90.91987,367,0.57,0.69,"2026-02-16",1847,"N20","high","2.0NRT",290.91,8.91,"N"
"29575",26.74705,90.914,297.91,0.57,0.69,"2026-02-16",1847,"N20","nominal","2.0NRT",286.42,8.91,"N"
"29576",26.74025,90.91927,367,0.57,0.69,"2026-02-16",1847,"N20","high","2.0NRT",291.88,8.91,"N"
"29577",26.74064,90.91341,307,0.57,0.69,"2026-02-16",1847,"N20","nominal","2.0NRT",286.82,8.91,"N"
"29578",26.34876,95.09241,321.28,0.62,0.54,"2026-02-16",1847,"N20","nominal","2.0NRT",281.7,3.56,"N"
"29579",26.34387,95.09108,306.07,0.62,0.54,"2026-02-16",1847,"N20","nominal","2.0NRT",281.1,1.67,"N"
"29580",25.9192,98.57275,301.73,0.57,0.43,"2026-02-16",1847,"N20","nominal","2.0NRT",276.55,1.81,"N"
"29581",25.91533,98.57141,342.99,0.57,0.43,"2026-02-16",1847,"N20","nominal","2.0NRT",285.42,14.02,"N"
"29582",25.91472,98.57639,300.61,0.57,0.43,"2026-02-16",1847,"N20","nominal","2.0NRT",277.96,2.66,"N"
"29583",25.91142,98.57038,307.15,0.57,0.43,"2026-02-16",1847,"N20","nominal","2.0NRT",276.32,14.02,"N"
"29584",25.82445,99.23806,338.14,0.52,0.42,"2026-02-16",1847,"N20","nominal","2.0NRT",279.49,3.31,"N"
"29585",25.82516,99.23247,304.01,0.52,0.42,"2026-02-16",1847,"N20","nominal","2.0NRT",276.66,1.17,"N"
"29586",25.82374,99.24369,295.78,0.52,0.42,"2026-02-16",1847,"N20","nominal","2.0NRT",276.15,3.31,"N"
"29587",25.81994,99.24303,307.28,0.52,0.42,"2026-02-16",1847,"N20","nominal","2.0NRT",276.63,3.31,"N"
"29588",26.52384,90.52808,300.23,0.6,0.71,"2026-02-16",1847,"N20","nominal","2.0NRT",287.75,1.21,"N"
"29589",25.79599,98.36565,337.17,0.39,0.44,"2026-02-16",1847,"N20","nominal","2.0NRT",278.53,4.14,"N"
"29590",25.79548,98.36995,323.2,0.39,0.44,"2026-02-16",1847,"N20","nominal","2.0NRT",276.7,4.14,"N"
"29591",24.89028,104.03712,307.1,0.39,0.36,"2026-02-16",1847,"N20","nominal","2.0NRT",283.08,1.83,"N"
"29592",25.6254,98.33414,327.34,0.39,0.44,"2026-02-16",1847,"N20","nominal","2.0NRT",276.23,2.34,"N"
"29593",26.05902,93.89145,296.76,0.37,0.58,"2026-02-16",1847,"N20","nominal","2.0NRT",284.82,0.22,"N"
"29594",23.42408,111.14889,296.57,0.55,0.51,"2026-02-16",1847,"N20","nominal","2.0NRT",284.78,1.47,"N"
"29595",24.9745,102.33122,331.06,0.39,0.37,"2026-02-16",1847,"N20","nominal","2.0NRT",286.64,3.86,"N"
"29596",24.96305,102.38486,300.1,0.39,0.36,"2026-02-16",1847,"N20","nominal","2.0NRT",282.68,0.9,"N"
"29597",24.96246,102.38879,299.65,0.39,0.36,"2026-02-16",1847,"N20","nominal","2.0NRT",284.38,0.88,"N"
"29598",25.06581,101.56801,300.14,0.41,0.37,"2026-02-16",1847,"N20","nominal","2.0NRT",279.96,0.72,"N"
"29599",23.24563,111.57558,316.62,0.59,0.53,"2026-02-16",1847,"N20","nominal","2.0NRT",287.6,2.89,"N"
"29600",23.24092,111.57424,299.47,0.59,0.53,"2026-02-16",1847,"N20","nominal","2.0NRT",283.56,2.89,"N"
"29601",23.31651,111.03916,299.82,0.55,0.51,"2026-02-16",1847,"N20","nominal","2.0NRT",283.16,2.12,"N"
"29602",24.63667,103.8964,295.15,0.38,0.36,"2026-02-16",1847,"N20","nominal","2.0NRT",282.13,0.67,"N"
"29603",24.63339,103.89577,297.55,0.38,0.36,"2026-02-16",1847,"N20","nominal","2.0NRT",280.22,0.65,"N"
"29604",23.31816,111.03718,296.64,0.55,0.51,"2026-02-16",1847,"N20","nominal","2.0NRT",283.74,2.16,"N"
"29605",24.70423,103.29847,301.43,0.38,0.36,"2026-02-16",1847,"N20","nominal","2.0NRT",278.14,0.85,"N"
"29606",25.24061,98.8328,304.37,0.54,0.42,"2026-02-16",1847,"N20","nominal","2.0NRT",282.87,1.21,"N"
"29607",24.70995,102.1662,296.45,0.4,0.37,"2026-02-16",1847,"N20","nominal","2.0NRT",280.95,0.65,"N"
"29608",24.86214,100.30767,324,0.46,0.39,"2026-02-16",1847,"N20","nominal","2.0NRT",280.38,2.35,"N"
"29609",24.21544,104.29135,299.76,0.39,0.36,"2026-02-16",1847,"N20","nominal","2.0NRT",282.28,0.86,"N"
"29610",24.21482,104.29517,310.25,0.39,0.36,"2026-02-16",1847,"N20","nominal","2.0NRT",283.03,0.85,"N"
"29611",23.05742,110.34349,295.22,0.5,0.49,"2026-02-16",1847,"N20","nominal","2.0NRT",280.49,1.04,"N"
"29612",24.9269,99.0853,298.24,0.52,0.42,"2026-02-16",1847,"N20","nominal","2.0NRT",282.61,1.07,"N"
"29613",23.95999,105.0265,309.17,0.4,0.37,"2026-02-16",1847,"N20","nominal","2.0NRT",285.32,1.18,"N"
"29614",23.95663,105.02589,300.85,0.4,0.37,"2026-02-16",1847,"N20","nominal","2.0NRT",284.82,0.9,"N"
"29615",25.3427,94.31039,296.45,0.34,0.56,"2026-02-16",1847,"N20","nominal","2.0NRT",281.12,0.19,"N"
"29616",22.80731,110.85403,301.05,0.54,0.51,"2026-02-16",1847,"N20","nominal","2.0NRT",284.93,1.47,"N"
"29617",24.12752,103.67504,303.88,0.38,0.36,"2026-02-16",1847,"N20","nominal","2.0NRT",285.78,0.9,"N"
"29618",22.8044,110.8512,318.76,0.54,0.51,"2026-02-16",1847,"N20","nominal","2.0NRT",285.88,4.06,"N"
"29619",25.32001,93.85746,339.98,0.36,0.58,"2026-02-16",1847,"N20","nominal","2.0NRT",281.12,3.38,"N"
"29620",24.19503,102.43289,316.89,0.39,0.36,"2026-02-16",1847,"N20","nominal","2.0NRT",282.63,1.86,"N"
"29621",23.89553,103.63653,298.33,0.38,0.36,"2026-02-16",1847,"N20","nominal","2.0NRT",283.94,0.39,"N"
"29622",22.71127,109.80573,298.19,0.47,0.48,"2026-02-16",1847,"N20","nominal","2.0NRT",277.84,1.3,"N"
"29623",24.01563,102.18154,299.05,0.39,0.36,"2026-02-16",1847,"N20","nominal","2.0NRT",284.38,0.54,"N"
"29624",24.01507,102.18531,309.14,0.39,0.36,"2026-02-16",1847,"N20","nominal","2.0NRT",285.22,1.82,"N"
"29625",23.81266,103.12964,302.86,0.38,0.36,"2026-02-16",1847,"N20","nominal","2.0NRT",281.88,0.75,"N"
"29626",23.93403,102.07019,297.58,0.39,0.37,"2026-02-16",1847,"N20","nominal","2.0NRT",284.75,0.66,"N"
"29627",24.89685,93.72638,355.91,0.37,0.58,"2026-02-16",1847,"N20","nominal","2.0NRT",287.68,12.38,"N"
"29628",24.89645,93.73084,355.91,0.37,0.58,"2026-02-16",1847,"N20","nominal","2.0NRT",294.68,8.64,"N"
"29629",24.8961,93.73479,305.5,0.37,0.58,"2026-02-16",1847,"N20","nominal","2.0NRT",287.48,8.64,"N"
"29630",24.891,93.73167,367,0.37,0.58,"2026-02-16",1847,"N20","high","2.0NRT",290.2,8.64,"N"
"29631",24.89062,93.73583,301.72,0.37,0.58,"2026-02-16",1847,"N20","nominal","2.0NRT",286.07,5.27,"N"
"29632",23.86262,102.25031,297.19,0.39,0.36,"2026-02-16",1847,"N20","nominal","2.0NRT",283.74,0.43,"N"
"29633",23.82917,102.04437,297.46,0.39,0.37,"2026-02-16",1847,"N20","nominal","2.0NRT",285.92,0.6,"N"
"29634",23.82585,102.04369,304.31,0.39,0.37,"2026-02-16",1847,"N20","nominal","2.0NRT",287.09,1.26,"N"
"29635",24.8302,93.70576,307.25,0.37,0.58,"2026-02-16",1847,"N20","nominal","2.0NRT",287.03,1.35,"N"
"29636",24.82991,93.70888,300.72,0.37,0.58,"2026-02-16",1847,"N20","nominal","2.0NRT",286.42,0.95,"N"
"29637",24.82477,93.70621,323.75,0.37,0.58,"2026-02-16",1847,"N20","nominal","2.0NRT",286.24,1.36,"N"
"29638",24.68491,94.06464,305.66,0.35,0.56,"2026-02-16",1847,"N20","nominal","2.0NRT",283.09,0.69,"N"
"29639",23.50404,103.16656,305.69,0.38,0.36,"2026-02-16",1847,"N20","nominal","2.0NRT",287.95,1.04,"N"
"29640",23.45351,103.22991,315.11,0.38,0.36,"2026-02-16",1847,"N20","nominal","2.0NRT",287.4,1.9,"N"
"29641",23.50012,102.55624,310.58,0.39,0.36,"2026-02-16",1847,"N20","nominal","2.0NRT",280.1,1.11,"N"
"29642",23.90046,99.68837,297.63,0.47,0.4,"2026-02-16",1847,"N20","nominal","2.0NRT",283.98,0.52,"N"
"29643",24.12011,96.81219,301.24,0.46,0.47,"2026-02-16",1847,"N20","nominal","2.0NRT",290.93,0.97,"N"
"29644",24.48691,92.88358,300.01,0.41,0.61,"2026-02-16",1847,"N20","nominal","2.0NRT",288.76,0.7,"N"
"29645",24.05058,96.55174,302.64,0.47,0.48,"2026-02-16",1847,"N20","nominal","2.0NRT",285.53,1.4,"N"
"29646",22.18487,107.78619,296.54,0.55,0.43,"2026-02-16",1847,"N20","nominal","2.0NRT",284.99,0.39,"N"
"29647",22.18099,107.78551,302.92,0.55,0.43,"2026-02-16",1847,"N20","nominal","2.0NRT",287.56,1.67,"N"
"29648",22.07868,107.85593,297.97,0.56,0.43,"2026-02-16",1847,"N20","nominal","2.0NRT",287.64,0.65,"N"
"29649",23.41727,99.51212,301.74,0.48,0.4,"2026-02-16",1847,"N20","nominal","2.0NRT",279.62,0.87,"N"
"29650",23.56894,97.48721,315.54,0.41,0.45,"2026-02-16",1847,"N20","nominal","2.0NRT",281.92,1.06,"N"
"29651",23.80808,93.79412,306.32,0.35,0.57,"2026-02-16",1847,"N20","nominal","2.0NRT",283.64,1.27,"N"
"29652",23.81295,93.62695,295.32,0.36,0.57,"2026-02-16",1847,"N20","nominal","2.0NRT",282.03,0.41,"N"
"29653",21.69197,108.4127,307.74,0.4,0.45,"2026-02-16",1847,"N20","nominal","2.0NRT",290.93,1.7,"N"
"29654",21.68389,108.41096,309.53,0.4,0.45,"2026-02-16",1847,"N20","nominal","2.0NRT",289.93,1.53,"N"
"29655",21.67986,108.4101,303.18,0.4,0.45,"2026-02-16",1847,"N20","nominal","2.0NRT",290.5,1.53,"N"
"29656",22.83437,101.50215,311.88,0.4,0.37,"2026-02-16",1847,"N20","nominal","2.0NRT",287.26,1.33,"N"
"29657",22.61375,102.53021,301.45,0.39,0.36,"2026-02-16",1847,"N20","nominal","2.0NRT",287.77,0.56,"N"
"29658",22.61317,102.53394,299.34,0.39,0.36,"2026-02-16",1847,"N20","nominal","2.0NRT",285.69,0.56,"N"
"29659",22.61046,102.52958,328.56,0.39,0.36,"2026-02-16",1847,"N20","nominal","2.0NRT",290.6,10.44,"N"
"29660",22.60988,102.53332,318.01,0.39,0.36,"2026-02-16",1847,"N20","nominal","2.0NRT",290.91,10.44,"N"
"29661",23.36952,95.88554,307.36,0.51,0.49,"2026-02-16",1847,"N20","nominal","2.0NRT",294.18,1.78,"N"
"29662",23.40667,95.49168,301.34,0.54,0.51,"2026-02-16",1847,"N20","nominal","2.0NRT",287.5,0.8,"N"
"29663",23.08964,97.88268,303.93,0.38,0.43,"2026-02-16",1847,"N20","nominal","2.0NRT",284.92,0.4,"N"
"29664",23.19324,96.70676,302.7,0.45,0.47,"2026-02-16",1847,"N20","nominal","2.0NRT",290.79,0.72,"N"
"29665",22.89197,99.05954,301.22,0.5,0.41,"2026-02-16",1847,"N20","nominal","2.0NRT",284.25,0.71,"N"
"29666",22.8877,99.06316,296.4,0.5,0.41,"2026-02-16",1847,"N20","nominal","2.0NRT",283.21,0.7,"N"
"29667",22.8871,99.06776,296.29,0.5,0.41,"2026-02-16",1847,"N20","nominal","2.0NRT",283.23,0.7,"N"
"29668",23.2523,95.68054,321.78,0.52,0.5,"2026-02-16",1849,"N20","nominal","2.0NRT",290.83,2.62,"N"
"29669",23.25288,95.67538,313.27,0.52,0.5,"2026-02-16",1849,"N20","nominal","2.0NRT",289.86,1.49,"N"
"29670",23.25172,95.68577,312.06,0.52,0.5,"2026-02-16",1849,"N20","nominal","2.0NRT",289.76,2.62,"N"
"29671",22.58853,100.84223,307.13,0.42,0.37,"2026-02-16",1849,"N20","nominal","2.0NRT",284.61,0.76,"N"
"29672",23.24827,95.67483,330.09,0.52,0.5,"2026-02-16",1849,"N20","nominal","2.0NRT",292.33,5.47,"N"
"29673",23.24769,95.68004,314.42,0.52,0.5,"2026-02-16",1849,"N20","nominal","2.0NRT",291.42,2.31,"N"
"29674",23.23965,95.66832,340.83,0.52,0.5,"2026-02-16",1849,"N20","nominal","2.0NRT",292.16,5.86,"N"
"29675",23.17189,95.90453,301.26,0.51,0.49,"2026-02-16",1849,"N20","nominal","2.0NRT",290.3,0.61,"N"
"29676",23.11402,96.10002,308.42,0.49,0.49,"2026-02-16",1849,"N20","nominal","2.0NRT",292.21,1.44,"N"
"29677",23.10399,96.10883,312.38,0.49,0.49,"2026-02-16",1849,"N20","nominal","2.0NRT",293.16,2.46,"N"
"29678",23.10345,96.11394,302.54,0.49,0.49,"2026-02-16",1849,"N20","nominal","2.0NRT",292.4,1.15,"N"
"29679",23.1154,96.10267,302.37,0.49,0.49,"2026-02-16",1849,"N20","nominal","2.0NRT",292.05,0.64,"N"
"29680",23.10143,96.10577,320.02,0.49,0.49,"2026-02-16",1849,"N20","nominal","2.0NRT",294.22,1.87,"N"
"29681",23.10085,96.11087,309.27,0.49,0.49,"2026-02-16",1849,"N20","nominal","2.0NRT",293.48,1.87,"N"
"29682",23.06392,95.91248,302.43,0.5,0.49,"2026-02-16",1849,"N20","nominal","2.0NRT",292.02,0.93,"N"
"29683",23.05939,95.91189,306.91,0.5,0.49,"2026-02-16",1849,"N20","nominal","2.0NRT",292.41,1.41,"N"
"29684",22.83417,97.78013,299.36,0.39,0.44,"2026-02-16",1849,"N20","nominal","2.0NRT",282.97,0.3,"N"
"29685",22.87539,97.21008,298.52,0.42,0.45,"2026-02-16",1849,"N20","nominal","2.0NRT",288.11,0.89,"N"
"29686",22.99434,96.10581,300.06,0.49,0.49,"2026-02-16",1849,"N20","nominal","2.0NRT",289.9,0.79,"N"
"29687",23.47375,90.93704,308.98,0.53,0.67,"2026-02-16",1849,"N20","nominal","2.0NRT",289.01,1.02,"N"
"29688",22.87146,96.12338,300.79,0.49,0.48,"2026-02-16",1849,"N20","nominal","2.0NRT",290.52,0.98,"N"
"29689",22.44267,99.21918,303.52,0.48,0.4,"2026-02-16",1849,"N20","nominal","2.0NRT",283.75,0.88,"N"
"29690",22.60502,97.51976,311.59,0.4,0.44,"2026-02-16",1849,"N20","nominal","2.0NRT",281.56,1.27,"N"
"29691",22.65121,96.93649,297.13,0.43,0.46,"2026-02-16",1849,"N20","nominal","2.0NRT",286.35,0.49,"N"
"29692",22.5509,97.75604,310.46,0.38,0.44,"2026-02-16",1849,"N20","nominal","2.0NRT",281.8,0.98,"N"
"29693",22.70123,96.08306,302.79,0.49,0.48,"2026-02-16",1849,"N20","nominal","2.0NRT",291.93,0.56,"N"
"29694",22.69566,95.96857,310.56,0.5,0.49,"2026-02-16",1849,"N20","nominal","2.0NRT",292.25,1.24,"N"
"29695",22.48417,97.77052,321.67,0.38,0.43,"2026-02-16",1849,"N20","nominal","2.0NRT",282.94,1.79,"N"
"29696",22.48586,97.77099,321.37,0.38,0.43,"2026-02-16",1849,"N20","nominal","2.0NRT",282.65,1.94,"N"
"29697",22.69348,95.96548,302.23,0.49,0.49,"2026-02-16",1849,"N20","nominal","2.0NRT",287.96,1.66,"N"
"29698",22.46616,97.73438,298.02,0.38,0.44,"2026-02-16",1849,"N20","nominal","2.0NRT",283.01,0.4,"N"
"29699",22.67616,95.91785,302.11,0.5,0.49,"2026-02-16",1849,"N20","nominal","2.0NRT",290.4,1.68,"N"
"29700",22.64235,96.09451,304.47,0.49,0.48,"2026-02-16",1849,"N20","nominal","2.0NRT",294.25,0.54,"N"
"29701",22.40948,97.49659,295.31,0.4,0.44,"2026-02-16",1849,"N20","nominal","2.0NRT",281.51,0.48,"N"
"29702",22.53438,96.1802,304.17,0.48,0.48,"2026-02-16",1849,"N20","nominal","2.0NRT",293.35,2.01,"N"
"29703",22.52997,96.17952,304.39,0.48,0.48,"2026-02-16",1849,"N20","nominal","2.0NRT",292.28,1.65,"N"
"29704",22.39263,97.01736,301.82,0.42,0.45,"2026-02-16",1849,"N20","nominal","2.0NRT",287.2,0.65,"N"
"29705",22.44257,96.47736,302.58,0.46,0.47,"2026-02-16",1849,"N20","nominal","2.0NRT",284.37,1.3,"N"
"29706",21.59699,102.48563,322.79,0.38,0.36,"2026-02-16",1849,"N20","nominal","2.0NRT",290.81,2.05,"N"
"29707",22.30488,97.20212,315.94,0.41,0.45,"2026-02-16",1849,"N20","nominal","2.0NRT",282.87,1.04,"N"
"29708",21.04749,105.6179,305.39,0.45,0.39,"2026-02-16",1849,"N20","nominal","2.0NRT",288.78,0.51,"N"
"29709",22.28689,97.00245,297.74,0.42,0.45,"2026-02-16",1849,"N20","nominal","2.0NRT",283.43,0.58,"N"
"29710",22.24294,97.29942,302.68,0.41,0.45,"2026-02-16",1849,"N20","nominal","2.0NRT",286.49,0.84,"N"
"29711",22.37091,96.16243,306.55,0.48,0.48,"2026-02-16",1849,"N20","nominal","2.0NRT",294.7,2.52,"N"
"29712",22.3703,96.1679,313.21,0.48,0.48,"2026-02-16",1849,"N20","nominal","2.0NRT",295.29,1.41,"N"
"29713",22.36975,96.17288,307.02,0.48,0.48,"2026-02-16",1849,"N20","nominal","2.0NRT",294.97,1.41,"N"
"29714",22.36594,96.16689,304.84,0.48,0.48,"2026-02-16",1849,"N20","nominal","2.0NRT",294.08,1.41,"N"
"29715",22.26043,96.7907,298.67,0.43,0.46,"2026-02-16",1849,"N20","nominal","2.0NRT",282.78,0.37,"N"
"29716",22.2836,96.37719,311.6,0.46,0.47,"2026-02-16",1849,"N20","nominal","2.0NRT",293.23,0.78,"N"
"29717",22.27986,96.37143,300.06,0.46,0.47,"2026-02-16",1849,"N20","nominal","2.0NRT",289.21,0.78,"N"
"29718",22.17155,97.27676,297.19,0.41,0.45,"2026-02-16",1849,"N20","nominal","2.0NRT",283.21,0.19,"N"
"29719",22.13297,97.35481,307.66,0.4,0.44,"2026-02-16",1849,"N20","nominal","2.0NRT",284.48,1.19,"N"
"29720",22.19963,96.76019,301.15,0.44,0.46,"2026-02-16",1849,"N20","nominal","2.0NRT",288.2,0.8,"N"
"29721",22.65567,92.15895,304.08,0.43,0.62,"2026-02-16",1849,"N20","nominal","2.0NRT",288.76,0.55,"N"
"29722",22.21038,96.51745,300.91,0.45,0.47,"2026-02-16",1849,"N20","nominal","2.0NRT",279.31,0.98,"N"
"29723",22.22953,96.37354,304.96,0.46,0.47,"2026-02-16",1849,"N20","nominal","2.0NRT",294.15,1.46,"N"
"29724",22.21188,96.5191,300.88,0.45,0.47,"2026-02-16",1849,"N20","nominal","2.0NRT",279.67,0.77,"N"
"29725",22.22267,96.35728,305.26,0.46,0.47,"2026-02-16",1849,"N20","nominal","2.0NRT",293.08,1.04,"N"
"29726",20.82788,105.75031,301.71,0.45,0.39,"2026-02-16",1849,"N20","nominal","2.0NRT",290.98,0.6,"N"
"29727",22.65961,92.16026,308.19,0.43,0.62,"2026-02-16",1849,"N20","nominal","2.0NRT",289.15,0.6,"N"
"29728",22.19452,96.33405,307.89,0.46,0.47,"2026-02-16",1849,"N20","nominal","2.0NRT",290.34,1.83,"N"
"29729",22.10605,96.93062,312.54,0.42,0.46,"2026-02-16",1849,"N20","nominal","2.0NRT",284.45,1.13,"N"
"29730",22.09254,96.93703,307.6,0.42,0.46,"2026-02-16",1849,"N20","nominal","2.0NRT",283.67,1.01,"N"
"29731",22.09114,96.94862,296.5,0.42,0.45,"2026-02-16",1849,"N20","nominal","2.0NRT",284.35,0.76,"N"
"29732",22.15814,96.34309,303.69,0.46,0.47,"2026-02-16",1849,"N20","nominal","2.0NRT",292.26,1.87,"N"
"29733",22.15756,96.34808,307.41,0.46,0.47,"2026-02-16",1849,"N20","nominal","2.0NRT",294.54,2.84,"N"
"29734",22.16588,96.23739,311.18,0.47,0.48,"2026-02-16",1849,"N20","nominal","2.0NRT",294.33,1.5,"N"
"29735",22.16535,96.24198,305.79,0.47,0.48,"2026-02-16",1849,"N20","nominal","2.0NRT",292.76,1.5,"N"
"29736",22.16273,96.26484,303.11,0.47,0.48,"2026-02-16",1849,"N20","nominal","2.0NRT",290.42,1.05,"N"
"29737",22.16579,96.19919,307.28,0.47,0.48,"2026-02-16",1849,"N20","nominal","2.0NRT",285.55,1.12,"N"
"29738",22.16527,96.20378,299.75,0.47,0.48,"2026-02-16",1849,"N20","nominal","2.0NRT",286.24,1.12,"N"
"29739",22.16206,96.2319,303.26,0.47,0.48,"2026-02-16",1849,"N20","nominal","2.0NRT",292.67,2.02,"N"
"29740",22.04891,97.1945,295.83,0.41,0.45,"2026-02-16",1849,"N20","nominal","2.0NRT",282.51,0.24,"N"
"29741",22.00969,97.44926,298.31,0.39,0.44,"2026-02-16",1849,"N20","nominal","2.0NRT",280.91,0.58,"N"
"29742",22.12636,96.3121,309.77,0.46,0.47,"2026-02-16",1849,"N20","nominal","2.0NRT",294.78,1.48,"N"
"29743",21.99599,97.35806,322.86,0.4,0.44,"2026-02-16",1849,"N20","nominal","2.0NRT",283.17,2.45,"N"
"29744",21.99581,97.35915,325.89,0.4,0.44,"2026-02-16",1849,"N20","nominal","2.0NRT",283.65,2.13,"N"
"29745",22.08794,96.29119,307.09,0.46,0.47,"2026-02-16",1849,"N20","nominal","2.0NRT",294.92,1.92,"N"
"29746",22.08729,96.29671,313.4,0.46,0.47,"2026-02-16",1849,"N20","nominal","2.0NRT",295.16,1.38,"N"
"29747",22.08683,96.30063,307.9,0.46,0.47,"2026-02-16",1849,"N20","nominal","2.0NRT",290.18,1.38,"N"
"29748",22.08294,96.2961,312.67,0.46,0.47,"2026-02-16",1849,"N20","nominal","2.0NRT",294.89,1.38,"N"
"29749",22.07861,96.29536,304.74,0.46,0.47,"2026-02-16",1849,"N20","nominal","2.0NRT",293.5,1.44,"N"
"29750",22.07809,96.29977,308.3,0.46,0.47,"2026-02-16",1849,"N20","nominal","2.0NRT",291.2,1.44,"N"
"29751",22.0699,96.2942,304.11,0.46,0.47,"2026-02-16",1849,"N20","nominal","2.0NRT",293.02,1.84,"N"
"29752",22.0069,96.75507,302.98,0.43,0.46,"2026-02-16",1849,"N20","nominal","2.0NRT",290.88,0.56,"N"
"29753",22.3024,93.97206,302.11,0.33,0.55,"2026-02-16",1849,"N20","nominal","2.0NRT",289.54,1.05,"N"
"29754",21.97819,96.70713,297.73,0.44,0.46,"2026-02-16",1849,"N20","nominal","2.0NRT",285.89,0.36,"N"
"29755",22.06042,95.99371,305.7,0.48,0.48,"2026-02-16",1849,"N20","nominal","2.0NRT",293.3,1.45,"N"
"29756",21.97454,96.66714,299.91,0.44,0.46,"2026-02-16",1849,"N20","nominal","2.0NRT",286.1,0.81,"N"
"29757",21.95763,96.66438,299.58,0.44,0.46,"2026-02-16",1849,"N20","nominal","2.0NRT",287.33,0.94,"N"
"29758",21.95959,96.5408,311.19,0.45,0.47,"2026-02-16",1849,"N20","nominal","2.0NRT",286.69,2.02,"N"
"29759",22.24087,93.98412,303.73,0.33,0.55,"2026-02-16",1849,"N20","nominal","2.0NRT",288.98,0.36,"N"
"29760",22.15213,94.81937,300.3,0.58,0.52,"2026-02-16",1849,"N20","nominal","2.0NRT",288.9,0.5,"N"
"29761",21.87471,97.16738,337.48,0.41,0.45,"2026-02-16",1849,"N20","nominal","2.0NRT",283.97,8.14,"N"
"29762",21.92709,96.73879,298.07,0.43,0.46,"2026-02-16",1849,"N20","nominal","2.0NRT",287.24,0.56,"N"
"29763",21.96631,96.37441,299.21,0.46,0.47,"2026-02-16",1849,"N20","nominal","2.0NRT",287.29,0.73,"N"
"29764",21.91183,96.72285,299.79,0.43,0.46,"2026-02-16",1849,"N20","nominal","2.0NRT",289.64,1.01,"N"
"29765",21.91035,96.73518,305.9,0.43,0.46,"2026-02-16",1849,"N20","nominal","2.0NRT",291.48,1.14,"N"
"29766",21.90393,96.75306,305.29,0.43,0.46,"2026-02-16",1849,"N20","nominal","2.0NRT",289.5,1.02,"N"
"29767",21.8997,96.75262,299.92,0.43,0.46,"2026-02-16",1849,"N20","nominal","2.0NRT",289.32,0.81,"N"
"29768",21.91286,96.60553,298.87,0.44,0.46,"2026-02-16",1849,"N20","nominal","2.0NRT",284.95,0.61,"N"
"29769",21.89912,96.7214,301.09,0.43,0.46,"2026-02-16",1849,"N20","nominal","2.0NRT",288.96,0.69,"N"
"29770",21.8542,97.09565,295.47,0.41,0.45,"2026-02-16",1849,"N20","nominal","2.0NRT",283.58,0.39,"N"
"29771",21.89075,96.75576,300.56,0.43,0.46,"2026-02-16",1849,"N20","nominal","2.0NRT",288.74,0.64,"N"
"29772",21.93528,96.33885,301.78,0.46,0.47,"2026-02-16",1849,"N20","nominal","2.0NRT",291.54,0.74,"N"
"29773",21.89161,96.71233,304.74,0.43,0.46,"2026-02-16",1849,"N20","nominal","2.0NRT",288.85,0.56,"N"
"29774",21.89106,96.71702,298.41,0.43,0.46,"2026-02-16",1849,"N20","nominal","2.0NRT",287.54,0.56,"N"
"29775",21.88803,96.7426,312.95,0.43,0.46,"2026-02-16",1849,"N20","nominal","2.0NRT",286.45,0.91,"N"
"29776",21.88753,96.74683,301.3,0.43,0.46,"2026-02-16",1849,"N20","nominal","2.0NRT",287.82,1.28,"N"
"29777",21.91351,96.48895,309.62,0.45,0.47,"2026-02-16",1849,"N20","nominal","2.0NRT",290.21,1.22,"N"
"29778",21.88335,96.74591,303.97,0.43,0.46,"2026-02-16",1849,"N20","nominal","2.0NRT",286.49,0.71,"N"
"29779",21.88285,96.75014,299.03,0.43,0.46,"2026-02-16",1849,"N20","nominal","2.0NRT",287.71,0.71,"N"
"29780",21.88184,96.75873,311.03,0.43,0.46,"2026-02-16",1849,"N20","nominal","2.0NRT",289.48,1.73,"N"
"29781",21.88035,96.77133,301.39,0.43,0.46,"2026-02-16",1849,"N20","nominal","2.0NRT",288.96,0.74,"N"
"29782",21.88062,96.73272,316.29,0.43,0.46,"2026-02-16",1849,"N20","nominal","2.0NRT",288.32,1.29,"N"
"29783",21.87966,96.74088,299.12,0.43,0.46,"2026-02-16",1849,"N20","nominal","2.0NRT",288.36,1.34,"N"
"29784",21.87867,96.74921,301.34,0.43,0.46,"2026-02-16",1849,"N20","nominal","2.0NRT",288.27,0.71,"N"
"29785",21.92499,96.27502,305.84,0.46,0.47,"2026-02-16",1849,"N20","nominal","2.0NRT",294.29,1.26,"N"
"29786",21.9244,96.28024,306.22,0.46,0.47,"2026-02-16",1849,"N20","nominal","2.0NRT",295.95,1.26,"N"
"29787",21.68584,98.09908,302.57,0.54,0.42,"2026-02-16",1849,"N20","nominal","2.0NRT",281.53,0.98,"N"
"29788",21.6847,98.09737,298.04,0.54,0.42,"2026-02-16",1849,"N20","nominal","2.0NRT",281.44,0.85,"N"
"29789",21.88002,96.45528,299.94,0.45,0.47,"2026-02-16",1849,"N20","nominal","2.0NRT",287.7,0.34,"N"
"29790",21.24923,101.07027,310.03,0.4,0.37,"2026-02-16",1849,"N20","nominal","2.0NRT",289.23,0.91,"N"
"29791",21.24587,101.06972,309.62,0.4,0.37,"2026-02-16",1849,"N20","nominal","2.0NRT",288.26,0.91,"N"
"29792",21.85156,96.51064,300.5,0.45,0.47,"2026-02-16",1849,"N20","nominal","2.0NRT",289.88,0.85,"N"
"29793",21.84082,96.59991,301.67,0.44,0.46,"2026-02-16",1849,"N20","nominal","2.0NRT",290.25,0.49,"N"
"29794",21.83653,96.59957,312.67,0.44,0.46,"2026-02-16",1849,"N20","nominal","2.0NRT",292.26,1.71,"N"
"29795",21.7689,97.15373,296.11,0.41,0.45,"2026-02-16",1849,"N20","nominal","2.0NRT",283.16,0.45,"N"
"29796",22.12269,93.99866,321.09,0.33,0.55,"2026-02-16",1849,"N20","nominal","2.0NRT",288.74,1.5,"N"
"29797",22.12333,93.99242,301.67,0.33,0.55,"2026-02-16",1849,"N20","nominal","2.0NRT",288.94,0.53,"N"
"29798",21.83197,96.60156,307.11,0.44,0.46,"2026-02-16",1849,"N20","nominal","2.0NRT",291.71,0.89,"N"
"29799",21.82606,96.5786,306.76,0.44,0.46,"2026-02-16",1849,"N20","nominal","2.0NRT",291.19,1.25,"N"
"29800",21.82408,96.59519,302.05,0.44,0.46,"2026-02-16",1849,"N20","nominal","2.0NRT",290.72,0.75,"N"
"29801",21.74159,97.27359,303.08,0.4,0.44,"2026-02-16",1849,"N20","nominal","2.0NRT",281.89,0.38,"N"
"29802",21.8385,96.43723,304.42,0.45,0.47,"2026-02-16",1849,"N20","nominal","2.0NRT",291.17,0.9,"N"
"29803",21.83426,96.43612,308.13,0.45,0.47,"2026-02-16",1849,"N20","nominal","2.0NRT",290.25,0.9,"N"
"29804",21.82919,96.29149,302.09,0.46,0.47,"2026-02-16",1849,"N20","nominal","2.0NRT",291.51,0.85,"N"
"29805",21.79474,96.55048,305.36,0.44,0.46,"2026-02-16",1849,"N20","nominal","2.0NRT",291.64,0.62,"N"
"29806",21.76658,96.6439,314.27,0.44,0.46,"2026-02-16",1849,"N20","nominal","2.0NRT",292.17,2.41,"N"
"29807",21.7765,96.52068,318.2,0.45,0.47,"2026-02-16",1849,"N20","nominal","2.0NRT",291.96,1.7,"N"
"29808",21.77236,96.51891,314.31,0.45,0.47,"2026-02-16",1849,"N20","nominal","2.0NRT",291.68,1.7,"N"
"29809",21.76698,96.64193,318.1,0.44,0.46,"2026-02-16",1849,"N20","nominal","2.0NRT",291.95,3.14,"N"
"29810",21.77781,96.51883,310.01,0.45,0.47,"2026-02-16",1849,"N20","nominal","2.0NRT",291.51,1.18,"N"
"29811",21.77368,96.51712,311.97,0.45,0.47,"2026-02-16",1849,"N20","nominal","2.0NRT",291.36,1.79,"N"
"29812",21.77308,96.52206,311.97,0.44,0.46,"2026-02-16",1849,"N20","nominal","2.0NRT",291.1,1.79,"N"
"29813",21.76831,96.52553,314.62,0.44,0.46,"2026-02-16",1849,"N20","nominal","2.0NRT",291.11,1.1,"N"
"29814",21.69089,97.08326,319.22,0.41,0.45,"2026-02-16",1849,"N20","nominal","2.0NRT",281.13,2.78,"N"
"29815",22.03365,94.02617,312.15,0.32,0.55,"2026-02-16",1849,"N20","nominal","2.0NRT",288.85,1.12,"N"
"29816",22.03022,94.01018,302.85,0.32,0.55,"2026-02-16",1849,"N20","nominal","2.0NRT",288.26,0.45,"N"
"29817",22.0299,94.01322,303.07,0.32,0.55,"2026-02-16",1849,"N20","nominal","2.0NRT",288.52,0.45,"N"
"29818",22.02893,94.02248,299.07,0.32,0.55,"2026-02-16",1849,"N20","nominal","2.0NRT",287.79,0.5,"N"
"29819",22.0286,94.0256,306.16,0.32,0.55,"2026-02-16",1849,"N20","nominal","2.0NRT",289.66,0.5,"N"
"29820",22.02732,94.0378,301.38,0.32,0.55,"2026-02-16",1849,"N20","nominal","2.0NRT",288.73,0.75,"N"
"29821",21.75783,96.43229,306.2,0.45,0.47,"2026-02-16",1849,"N20","nominal","2.0NRT",290.88,0.44,"N"
"29822",22.02516,94.00964,301.75,0.32,0.55,"2026-02-16",1849,"N20","nominal","2.0NRT",289.32,0.45,"N"
"29823",22.02484,94.01271,308.02,0.32,0.55,"2026-02-16",1849,"N20","nominal","2.0NRT",288.8,0.45,"N"
"29824",22.02355,94.02499,301.76,0.32,0.55,"2026-02-16",1849,"N20","nominal","2.0NRT",288.18,0.5,"N"
"29825",22.02323,94.02806,299,0.32,0.55,"2026-02-16",1849,"N20","nominal","2.0NRT",288.85,0.88,"N"
"29826",22.02291,94.0311,305.83,0.32,0.55,"2026-02-16",1849,"N20","nominal","2.0NRT",288.8,0.88,"N"
"29827",22.0226,94.0341,302.47,0.32,0.55,"2026-02-16",1849,"N20","nominal","2.0NRT",287.99,0.75,"N"
"29828",21.75531,96.41698,300.89,0.45,0.47,"2026-02-16",1849,"N20","nominal","2.0NRT",290.67,0.71,"N"
"29829",22.01946,94.01524,307.04,0.32,0.55,"2026-02-16",1849,"N20","nominal","2.0NRT",289.33,0.65,"N"
"29830",21.67801,97.01803,298.32,0.41,0.45,"2026-02-16",1849,"N20","nominal","2.0NRT",284.72,0.59,"N"
"29831",22.0141,94.01763,304.54,0.32,0.55,"2026-02-16",1849,"N20","nominal","2.0NRT",289.1,0.65,"N"
"29832",21.69434,96.85029,311.7,0.42,0.46,"2026-02-16",1849,"N20","nominal","2.0NRT",281.85,0.71,"N"
"29833",21.67388,97.01741,304.28,0.41,0.45,"2026-02-16",1849,"N20","nominal","2.0NRT",284.35,0.59,"N"
"29834",21.7152,96.64281,304.64,0.44,0.46,"2026-02-16",1849,"N20","nominal","2.0NRT",291.79,1.6,"N"
"29835",22.00493,94.00732,298.69,0.32,0.55,"2026-02-16",1849,"N20","nominal","2.0NRT",288.64,0.5,"N"
"29836",22.00462,94.01031,303.16,0.32,0.55,"2026-02-16",1849,"N20","nominal","2.0NRT",288.57,0.5,"N"
"29837",21.73056,96.47815,311.22,0.45,0.47,"2026-02-16",1849,"N20","nominal","2.0NRT",290.58,1.19,"N"
"29838",21.6535,97.04671,310.04,0.41,0.45,"2026-02-16",1849,"N20","nominal","2.0NRT",289.38,1.8,"N"
"29839",21.7471,96.22577,310.43,0.46,0.47,"2026-02-16",1849,"N20","nominal","2.0NRT",294.26,1.73,"N"
"29840",21.97013,93.9974,335.71,0.32,0.55,"2026-02-16",1849,"N20","nominal","2.0NRT",290.51,1.88,"N"
"29841",21.97045,93.99429,305.46,0.32,0.55,"2026-02-16",1849,"N20","nominal","2.0NRT",289.51,1.82,"N"
"29842",21.96983,94.00043,306.09,0.32,0.55,"2026-02-16",1849,"N20","nominal","2.0NRT",289.94,1.88,"N"
"29843",21.96887,93.95898,297.94,0.33,0.55,"2026-02-16",1849,"N20","nominal","2.0NRT",287.23,0.26,"N"
"29844",21.96635,93.98409,301.81,0.32,0.55,"2026-02-16",1849,"N20","nominal","2.0NRT",288.1,0.79,"N"
"29845",21.65967,96.78488,297.74,0.43,0.46,"2026-02-16",1849,"N20","nominal","2.0NRT",287.06,0.54,"N"
"29846",21.63768,96.86256,317.42,0.42,0.45,"2026-02-16",1849,"N20","nominal","2.0NRT",282.15,1.28,"N"
"29847",21.9489,93.95348,306.97,0.33,0.55,"2026-02-16",1849,"N20","nominal","2.0NRT",288.47,0.67,"N"
"29848",21.66306,96.61031,303.43,0.44,0.46,"2026-02-16",1849,"N20","nominal","2.0NRT",291.76,1.24,"N"
"29849",21.68882,96.31085,302.91,0.46,0.47,"2026-02-16",1849,"N20","nominal","2.0NRT",292.26,0.6,"N"
"29850",20.93193,101.88741,297.19,0.39,0.36,"2026-02-16",1849,"N20","nominal","2.0NRT",285.87,0.3,"N"
"29851",21.66324,96.61224,303.71,0.44,0.46,"2026-02-16",1849,"N20","nominal","2.0NRT",291.49,0.88,"N"
"29852",21.69031,96.35665,304.21,0.45,0.47,"2026-02-16",1849,"N20","nominal","2.0NRT",293.29,1.25,"N"
"29853",21.69172,96.3089,305.09,0.46,0.47,"2026-02-16",1849,"N20","nominal","2.0NRT",292.97,1.78,"N"
"29854",21.95022,93.95367,302.22,0.33,0.55,"2026-02-16",1849,"N20","nominal","2.0NRT",288.34,0.76,"N"
"29855",21.67764,96.35266,310.86,0.45,0.47,"2026-02-16",1849,"N20","nominal","2.0NRT",292.51,1.48,"N"
"29856",21.64991,96.50942,299.18,0.44,0.46,"2026-02-16",1849,"N20","nominal","2.0NRT",288.94,0.31,"N"
"29857",21.64586,96.54269,308,0.44,0.46,"2026-02-16",1849,"N20","nominal","2.0NRT",292.17,1.28,"N"
"29858",21.91774,94.01888,300.82,0.32,0.55,"2026-02-16",1849,"N20","nominal","2.0NRT",289.03,0.24,"N"
"29859",21.6333,96.50317,298.81,0.44,0.46,"2026-02-16",1849,"N20","nominal","2.0NRT",288.35,0.3,"N"
"29860",21.54442,97.12787,320.34,0.41,0.45,"2026-02-16",1849,"N20","nominal","2.0NRT",280.59,1.35,"N"
"29861",21.63564,96.37431,306.97,0.45,0.47,"2026-02-16",1849,"N20","nominal","2.0NRT",292.62,1.03,"N"
"29862",21.63138,96.37331,311.16,0.45,0.47,"2026-02-16",1849,"N20","nominal","2.0NRT",294.26,1.58,"N"
"29863",21.89295,93.96204,302.36,0.33,0.55,"2026-02-16",1849,"N20","nominal","2.0NRT",288.83,0.48,"N"
"29864",21.62769,96.36748,308.58,0.45,0.47,"2026-02-16",1849,"N20","nominal","2.0NRT",293.01,1.58,"N"
"29865",21.62112,96.42296,311.3,0.45,0.47,"2026-02-16",1849,"N20","nominal","2.0NRT",291.66,1.78,"N"
"29866",21.61886,96.44213,305.78,0.45,0.47,"2026-02-16",1849,"N20","nominal","2.0NRT",292.32,1.22,"N"
"29867",21.61831,96.44682,306.03,0.45,0.47,"2026-02-16",1849,"N20","nominal","2.0NRT",292.36,1.53,"N"
"29868",21.62399,96.36167,305.05,0.45,0.47,"2026-02-16",1849,"N20","nominal","2.0NRT",291.12,0.66,"N"
"29869",21.6173,96.41843,308.08,0.45,0.47,"2026-02-16",1849,"N20","nominal","2.0NRT",291.9,1.32,"N"
"29870",21.6092,96.45027,304.27,0.45,0.47,"2026-02-16",1849,"N20","nominal","2.0NRT",292.18,1.8,"N"
"29871",21.61687,96.34776,311.1,0.45,0.47,"2026-02-16",1849,"N20","nominal","2.0NRT",293.75,1.03,"N"
"29872",21.61642,96.35155,305.65,0.45,0.47,"2026-02-16",1849,"N20","nominal","2.0NRT",290.97,1.03,"N"
"29873",21.60484,96.45038,302.54,0.45,0.47,"2026-02-16",1849,"N20","nominal","2.0NRT",292.46,0.99,"N"
"29874",21.61256,96.34715,303.83,0.45,0.47,"2026-02-16",1849,"N20","nominal","2.0NRT",293.16,1.03,"N"
"29875",21.22392,99.38407,298.65,0.46,0.39,"2026-02-16",1849,"N20","nominal","2.0NRT",286.76,0.6,"N"
"29876",21.22329,99.38869,300.81,0.46,0.39,"2026-02-16",1849,"N20","nominal","2.0NRT",286.38,0.6,"N"
"29877",21.60535,96.29581,312.81,0.46,0.47,"2026-02-16",1849,"N20","nominal","2.0NRT",294.24,1.7,"N"
"29878",21.60162,96.29006,313.52,0.46,0.47,"2026-02-16",1849,"N20","nominal","2.0NRT",294.24,1.7,"N"
"29879",21.60105,96.29501,311.86,0.46,0.47,"2026-02-16",1849,"N20","nominal","2.0NRT",294.79,1.7,"N"
"29880",21.5792,96.44637,308.1,0.45,0.47,"2026-02-16",1849,"N20","nominal","2.0NRT",293.44,1.48,"N"
"29881",21.57878,96.44992,303.27,0.45,0.47,"2026-02-16",1849,"N20","nominal","2.0NRT",291.53,0.4,"N"
"29882",21.57494,96.44556,311.18,0.45,0.47,"2026-02-16",1849,"N20","nominal","2.0NRT",292.18,1.48,"N"
"29883",21.22628,99.14869,310.08,0.47,0.4,"2026-02-16",1849,"N20","nominal","2.0NRT",288.12,1.12,"N"
"29884",21.22526,99.15037,305.81,0.47,0.4,"2026-02-16",1849,"N20","nominal","2.0NRT",287.83,0.74,"N"
"29885",21.58153,96.40269,300.74,0.45,0.47,"2026-02-16",1849,"N20","nominal","2.0NRT",289.99,0.45,"N"
"29886",21.57653,96.44329,308.19,0.45,0.47,"2026-02-16",1849,"N20","nominal","2.0NRT",292.81,0.91,"N"
"29887",21.57608,96.44696,305.03,0.45,0.47,"2026-02-16",1849,"N20","nominal","2.0NRT",292.7,0.91,"N"
"29888",21.56392,96.33173,303.17,0.45,0.47,"2026-02-16",1849,"N20","nominal","2.0NRT",292.4,1.1,"N"
"29889",21.5201,96.51466,308.62,0.44,0.46,"2026-02-16",1849,"N20","nominal","2.0NRT",290.18,0.96,"N"
"29890",21.43976,97.06971,307.12,0.41,0.45,"2026-02-16",1849,"N20","nominal","2.0NRT",283.96,1.34,"N"
"29891",21.57145,95.73136,336.45,0.5,0.49,"2026-02-16",1849,"N20","nominal","2.0NRT",293.87,5.26,"N"
"29892",21.40321,96.90429,295.01,0.42,0.45,"2026-02-16",1849,"N20","nominal","2.0NRT",284.62,0.39,"N"
"29893",21.44138,96.49286,302.82,0.44,0.46,"2026-02-16",1849,"N20","nominal","2.0NRT",288.93,0.51,"N"
"29894",21.43765,96.48792,305.25,0.44,0.46,"2026-02-16",1849,"N20","nominal","2.0NRT",290.27,1.08,"N"
"29895",21.43714,96.49208,307.57,0.44,0.46,"2026-02-16",1849,"N20","nominal","2.0NRT",289.61,0.74,"N"
"29896",21.4433,96.36958,304.01,0.45,0.47,"2026-02-16",1849,"N20","nominal","2.0NRT",287.44,0.7,"N"
"29897",21.05039,99.36536,302.11,0.46,0.39,"2026-02-16",1849,"N20","nominal","2.0NRT",283,0.81,"N"
"29898",21.41562,96.52684,304.5,0.44,0.46,"2026-02-16",1849,"N20","nominal","2.0NRT",289.92,0.63,"N"
"29899",21.42588,96.29569,311.59,0.45,0.47,"2026-02-16",1849,"N20","nominal","2.0NRT",292.54,1.32,"N"
"29900",21.42529,96.30071,305.32,0.45,0.47,"2026-02-16",1849,"N20","nominal","2.0NRT",294.25,1.32,"N"
"29901",21.41246,96.37209,310.46,0.45,0.47,"2026-02-16",1849,"N20","nominal","2.0NRT",292.19,1.33,"N"
"29902",21.71211,93.59633,297.42,0.34,0.56,"2026-02-16",1849,"N20","nominal","2.0NRT",282.3,0.62,"N"
"29903",21.40812,96.37192,316,0.45,0.47,"2026-02-16",1849,"N20","nominal","2.0NRT",293.37,1.61,"N"
"29904",21.40767,96.3757,307.1,0.45,0.47,"2026-02-16",1849,"N20","nominal","2.0NRT",291.82,1.95,"N"
"29905",21.39175,96.50964,304.78,0.44,0.46,"2026-02-16",1849,"N20","nominal","2.0NRT",289.75,0.71,"N"
"29906",21.38754,96.50874,304.57,0.44,0.46,"2026-02-16",1849,"N20","nominal","2.0NRT",290.03,0.71,"N"
"29907",21.38335,96.50751,318.37,0.44,0.46,"2026-02-16",1849,"N20","nominal","2.0NRT",289.46,1.15,"N"
"29908",21.37273,96.52432,304.48,0.44,0.46,"2026-02-16",1849,"N20","nominal","2.0NRT",290.28,1.28,"N"
"29909",21.37222,96.52859,300.73,0.44,0.46,"2026-02-16",1849,"N20","nominal","2.0NRT",288.03,0.56,"N"
"29910",21.37689,96.3023,305.77,0.45,0.47,"2026-02-16",1849,"N20","nominal","2.0NRT",291.61,1.48,"N"
"29911",21.37207,96.30618,312.94,0.45,0.47,"2026-02-16",1849,"N20","nominal","2.0NRT",291.94,3.09,"N"
"29912",21.26135,97.20865,301.71,0.4,0.44,"2026-02-16",1849,"N20","nominal","2.0NRT",285.73,1.11,"N"
"29913",21.37872,96.30442,305.88,0.45,0.47,"2026-02-16",1849,"N20","nominal","2.0NRT",293.97,0.7,"N"
"29914",21.37636,96.32357,298.68,0.45,0.47,"2026-02-16",1849,"N20","nominal","2.0NRT",288.38,0.65,"N"
"29915",21.37386,96.30836,322.28,0.45,0.47,"2026-02-16",1849,"N20","nominal","2.0NRT",294.61,3.42,"N"
"29916",21.37446,96.30344,300.47,0.45,0.47,"2026-02-16",1849,"N20","nominal","2.0NRT",290.16,0.7,"N"
"29917",21.26101,97.209,301.38,0.4,0.44,"2026-02-16",1849,"N20","nominal","2.0NRT",286.01,1.03,"N"
"29918",21.3234,96.61263,302.57,0.43,0.46,"2026-02-16",1849,"N20","nominal","2.0NRT",290,0.44,"N"
"29919",21.41256,95.80161,301.29,0.49,0.48,"2026-02-16",1849,"N20","nominal","2.0NRT",287.74,0.55,"N"
"29920",21.40812,95.80095,303.8,0.49,0.48,"2026-02-16",1849,"N20","nominal","2.0NRT",287.69,0.55,"N"
"29921",21.33795,96.3879,308.64,0.45,0.47,"2026-02-16",1849,"N20","nominal","2.0NRT",292.06,0.93,"N"
"29922",21.33748,96.39179,309.86,0.45,0.47,"2026-02-16",1849,"N20","nominal","2.0NRT",290.64,0.93,"N"
"29923",21.34071,96.32906,323.11,0.45,0.47,"2026-02-16",1849,"N20","nominal","2.0NRT",294.05,2.2,"N"
"29924",21.29672,96.62027,303.26,0.43,0.46,"2026-02-16",1849,"N20","nominal","2.0NRT",289.34,0.84,"N"
"29925",20.58673,101.76777,298.39,0.39,0.36,"2026-02-16",1849,"N20","nominal","2.0NRT",286.21,0.35,"N"
"29926",21.32606,96.34193,314.14,0.45,0.47,"2026-02-16",1849,"N20","nominal","2.0NRT",293.65,2.02,"N"
"29927",21.32505,96.35029,307.36,0.45,0.47,"2026-02-16",1849,"N20","nominal","2.0NRT",292.78,1.17,"N"
"29928",21.30425,96.34177,310.21,0.45,0.47,"2026-02-16",1849,"N20","nominal","2.0NRT",293.35,1.72,"N"
"29929",21.29127,96.34089,305.6,0.45,0.47,"2026-02-16",1849,"N20","nominal","2.0NRT",293.87,1.76,"N"
"29930",21.28765,96.33442,304.94,0.45,0.47,"2026-02-16",1849,"N20","nominal","2.0NRT",294.9,1.61,"N"
"29931",21.28698,96.34025,313.26,0.45,0.47,"2026-02-16",1849,"N20","nominal","2.0NRT",294.81,1.61,"N"
"29932",21.14041,97.51622,302.5,0.57,0.43,"2026-02-16",1849,"N20","nominal","2.0NRT",283.48,1.59,"N"
"29933",21.27358,96.34287,313.44,0.45,0.47,"2026-02-16",1849,"N20","nominal","2.0NRT",292.66,1.38,"N"
"29934",22.0541,88.12261,309.2,0.78,0.78,"2026-02-16",1849,"N20","nominal","2.0NRT",293.2,1.9,"N"
"29935",20.83453,99.51653,298.91,0.45,0.39,"2026-02-16",1849,"N20","nominal","2.0NRT",285.89,1.19,"N"
"29936",21.16196,97.04399,304.64,0.41,0.45,"2026-02-16",1849,"N20","nominal","2.0NRT",284.96,0.91,"N"
"29937",21.1588,97.03603,306.21,0.41,0.45,"2026-02-16",1849,"N20","nominal","2.0NRT",286.13,0.83,"N"
"29938",21.24855,96.27613,317.24,0.45,0.47,"2026-02-16",1849,"N20","nominal","2.0NRT",292.87,2.84,"N"
"29939",21.24798,96.28084,319.52,0.45,0.47,"2026-02-16",1849,"N20","nominal","2.0NRT",296.11,2.84,"N"
"29940",21.10069,97.16847,296.18,0.4,0.44,"2026-02-16",1849,"N20","nominal","2.0NRT",283.74,0.68,"N"
"29941",21.19484,96.24885,305.84,0.46,0.47,"2026-02-16",1849,"N20","nominal","2.0NRT",293.45,0.91,"N"
"29942",21.19012,96.25159,311.86,0.45,0.47,"2026-02-16",1849,"N20","nominal","2.0NRT",292.53,0.38,"N"
"29943",21.1755,96.30172,319.68,0.45,0.47,"2026-02-16",1849,"N20","nominal","2.0NRT",292.59,1.92,"N"
"29944",21.15359,96.34011,302.77,0.45,0.47,"2026-02-16",1849,"N20","nominal","2.0NRT",292.16,1.39,"N"
"29945",20.76691,99.34819,311.32,0.46,0.39,"2026-02-16",1849,"N20","nominal","2.0NRT",288.05,1.51,"N"
"29946",20.76791,99.34984,311.74,0.46,0.39,"2026-02-16",1849,"N20","nominal","2.0NRT",288.17,1.54,"N"
"29947",21.15109,96.33685,308.43,0.45,0.47,"2026-02-16",1849,"N20","nominal","2.0NRT",291.44,1.31,"N"
"29948",21.03918,97.22674,302.49,0.4,0.44,"2026-02-16",1849,"N20","nominal","2.0NRT",284.52,0.8,"N"
"29949",21.15427,96.23946,302.64,0.46,0.47,"2026-02-16",1849,"N20","nominal","2.0NRT",291.9,1.18,"N"
"29950",21.12175,96.32722,305.98,0.45,0.47,"2026-02-16",1849,"N20","nominal","2.0NRT",290.44,0.95,"N"
"29951",21.12118,96.33188,303.5,0.45,0.47,"2026-02-16",1849,"N20","nominal","2.0NRT",291.37,1.37,"N"
"29952",21.00257,97.28832,296.73,0.39,0.44,"2026-02-16",1849,"N20","nominal","2.0NRT",286.29,0.89,"N"
"29953",21.12677,96.21294,304.6,0.46,0.47,"2026-02-16",1849,"N20","nominal","2.0NRT",293.76,1.26,"N"
"29954",21.12516,96.22633,302.57,0.46,0.47,"2026-02-16",1849,"N20","nominal","2.0NRT",290.83,0.86,"N"
"29955",21.12195,96.21647,320.96,0.46,0.47,"2026-02-16",1849,"N20","nominal","2.0NRT",295.73,3.37,"N"
"29956",21.12085,96.22569,302.54,0.46,0.47,"2026-02-16",1849,"N20","nominal","2.0NRT",291.56,1.69,"N"
"29957",21.10681,96.3427,306.58,0.45,0.47,"2026-02-16",1849,"N20","nominal","2.0NRT",290.88,1.62,"N"
"29958",20.74442,99.12352,306.02,0.47,0.39,"2026-02-16",1849,"N20","nominal","2.0NRT",288.28,1.3,"N"
"29959",21.09933,96.3324,311.49,0.45,0.47,"2026-02-16",1849,"N20","nominal","2.0NRT",292.45,1.75,"N"
"29960",21.0988,96.3368,309.02,0.45,0.47,"2026-02-16",1849,"N20","nominal","2.0NRT",292.83,1.34,"N"
"29961",21.09454,96.37242,303.8,0.45,0.47,"2026-02-16",1849,"N20","nominal","2.0NRT",292.69,1.45,"N"
"29962",21.00526,97.00232,312.45,0.41,0.45,"2026-02-16",1849,"N20","nominal","2.0NRT",284.04,1.59,"N"
"29963",21.07808,96.36462,309.95,0.45,0.47,"2026-02-16",1849,"N20","nominal","2.0NRT",290.47,1.33,"N"
"29964",21.00117,97.00169,302.25,0.41,0.45,"2026-02-16",1849,"N20","nominal","2.0NRT",283.83,2.06,"N"
"29965",21.00069,97.00562,314.93,0.41,0.45,"2026-02-16",1849,"N20","nominal","2.0NRT",281.71,2.6,"N"
"29966",20.99708,97.00106,328.08,0.41,0.45,"2026-02-16",1849,"N20","nominal","2.0NRT",284.22,2.06,"N"
"29967",20.65673,99.5987,299.47,0.44,0.39,"2026-02-16",1849,"N20","nominal","2.0NRT",286.96,0.37,"N"
"29968",20.99299,97.0004,337.56,0.41,0.45,"2026-02-16",1849,"N20","nominal","2.0NRT",283.88,2.2,"N"
"29969",20.99347,96.99644,319.81,0.41,0.45,"2026-02-16",1849,"N20","nominal","2.0NRT",283.14,2.2,"N"
"29970",21.07955,96.24136,308.77,0.45,0.47,"2026-02-16",1849,"N20","nominal","2.0NRT",292.04,0.97,"N"
"29971",20.9889,96.99976,295.45,0.41,0.45,"2026-02-16",1849,"N20","nominal","2.0NRT",281.63,2.2,"N"
"29972",21.30392,94.163,308.17,0.62,0.54,"2026-02-16",1849,"N20","nominal","2.0NRT",291.69,3.57,"N"
"29973",21.07581,96.23588,302.98,0.45,0.47,"2026-02-16",1849,"N20","nominal","2.0NRT",292.79,1.3,"N"
"29974",21.0753,96.24022,307.49,0.45,0.47,"2026-02-16",1849,"N20","nominal","2.0NRT",290.74,2,"N"
"29975",21.29903,94.16163,330.57,0.62,0.54,"2026-02-16",1849,"N20","nominal","2.0NRT",291.11,3.57,"N"
"29976",21.29843,94.16747,311.73,0.62,0.54,"2026-02-16",1849,"N20","nominal","2.0NRT",291.6,4.07,"N"
"29977",21.07006,96.24763,313.85,0.45,0.47,"2026-02-16",1849,"N20","nominal","2.0NRT",293,2.14,"N"
"29978",21.06581,96.24651,302.28,0.45,0.47,"2026-02-16",1849,"N20","nominal","2.0NRT",291.1,0.89,"N"
"29979",21.06533,96.25062,301.02,0.45,0.47,"2026-02-16",1849,"N20","nominal","2.0NRT",289.72,0.89,"N"
"29980",21.06008,96.25808,302.53,0.45,0.47,"2026-02-16",1849,"N20","nominal","2.0NRT",287.9,0.84,"N"
"29981",20.58112,99.98413,319.28,0.43,0.38,"2026-02-16",1849,"N20","nominal","2.0NRT",289.39,1.93,"N"
"29982",21.03785,96.4119,300.33,0.44,0.46,"2026-02-16",1849,"N20","nominal","2.0NRT",288.02,1.4,"N"
"29983",20.79833,98.35436,296.52,0.51,0.41,"2026-02-16",1849,"N20","nominal","2.0NRT",284.36,0.73,"N"
"29984",20.83089,98.07155,312.44,0.53,0.42,"2026-02-16",1849,"N20","nominal","2.0NRT",286.6,1.19,"N"
"29985",21.06188,96.26042,301.27,0.45,0.47,"2026-02-16",1849,"N20","nominal","2.0NRT",287.59,1.1,"N"
"29986",21.01353,96.64816,298.32,0.43,0.46,"2026-02-16",1849,"N20","nominal","2.0NRT",286.35,1,"N"
"29987",20.82815,98.07446,316.97,0.53,0.42,"2026-02-16",1849,"N20","nominal","2.0NRT",286.19,1.98,"N"
"29988",21.30227,94.16802,311.08,0.62,0.54,"2026-02-16",1849,"N20","nominal","2.0NRT",291.29,4.34,"N"
"29989",21.29804,94.16089,325.99,0.62,0.54,"2026-02-16",1849,"N20","nominal","2.0NRT",289.92,3.45,"N"
"29990",21.2974,94.16672,307.48,0.62,0.54,"2026-02-16",1849,"N20","nominal","2.0NRT",290.44,3.45,"N"
"29991",20.76633,98.44683,301.47,0.5,0.41,"2026-02-16",1849,"N20","nominal","2.0NRT",290.12,1.04,"N"
"29992",20.94818,97.03191,301.04,0.4,0.45,"2026-02-16",1849,"N20","nominal","2.0NRT",281.68,0.94,"N"
"29993",20.94767,97.03587,307.27,0.4,0.45,"2026-02-16",1849,"N20","nominal","2.0NRT",282.28,0.94,"N"
"29994",20.95445,96.84924,301,0.42,0.45,"2026-02-16",1849,"N20","nominal","2.0NRT",288.86,1.03,"N"
"29995",20.94443,96.86214,329.66,0.41,0.45,"2026-02-16",1849,"N20","nominal","2.0NRT",283.67,3.42,"N"
"29996",20.6087,99.37566,298.32,0.45,0.39,"2026-02-16",1849,"N20","nominal","2.0NRT",286.86,0.54,"N"
"29997",21.09871,95.50181,324.25,0.51,0.49,"2026-02-16",1849,"N20","nominal","2.0NRT",291.02,1.54,"N"
"29998",21.0942,95.50112,300.43,0.51,0.49,"2026-02-16",1849,"N20","nominal","2.0NRT",289.32,1.54,"N"
"29999",20.98511,96.42601,305.5,0.44,0.46,"2026-02-16",1849,"N20","nominal","2.0NRT",291.62,1.33,"N"
"30000",21.05263,95.42068,304.48,0.51,0.49,"2026-02-16",1849,"N20","nominal","2.0NRT",291.34,1.73,"N"
"30001",20.94491,96.25167,308.25,0.45,0.47,"2026-02-16",1849,"N20","nominal","2.0NRT",295.27,1.32,"N"
"30002",21.05132,95.42316,308.35,0.51,0.49,"2026-02-16",1849,"N20","nominal","2.0NRT",291.58,1.89,"N"
"30003",20.94763,96.24387,305.2,0.45,0.47,"2026-02-16",1849,"N20","nominal","2.0NRT",294.39,2.27,"N"
"30004",20.94222,96.25236,305.45,0.45,0.47,"2026-02-16",1849,"N20","nominal","2.0NRT",294.75,1.83,"N"
"30005",20.90125,96.33805,317,0.45,0.47,"2026-02-16",1849,"N20","nominal","2.0NRT",292.89,2.47,"N"
"30006",20.88447,96.36914,301.75,0.44,0.46,"2026-02-16",1849,"N20","nominal","2.0NRT",291.52,1.13,"N"
"30007",20.87104,96.48002,306.72,0.44,0.46,"2026-02-16",1849,"N20","nominal","2.0NRT",291.42,1.57,"N"
"30008",20.88016,96.36897,307.15,0.44,0.46,"2026-02-16",1849,"N20","nominal","2.0NRT",292.15,2.05,"N"
"30009",20.10429,101.98705,301.9,0.39,0.36,"2026-02-16",1849,"N20","nominal","2.0NRT",289.06,0.75,"N"
"30010",20.87982,96.33576,306.56,0.45,0.47,"2026-02-16",1849,"N20","nominal","2.0NRT",293.33,1.13,"N"
"30011",20.87586,96.36864,317.57,0.44,0.46,"2026-02-16",1849,"N20","nominal","2.0NRT",293.63,2.05,"N"
"30012",20.87541,96.37243,306.81,0.44,0.46,"2026-02-16",1849,"N20","nominal","2.0NRT",291.59,2.55,"N"
"30013",20.87557,96.33499,306.84,0.45,0.47,"2026-02-16",1849,"N20","nominal","2.0NRT",292.67,0.97,"N"
"30014",20.87262,96.24995,317.56,0.45,0.47,"2026-02-16",1849,"N20","nominal","2.0NRT",293.75,2.76,"N"
"30015",20.87103,96.2634,304.35,0.45,0.47,"2026-02-16",1849,"N20","nominal","2.0NRT",293.97,2.5,"N"
"30016",20.82925,96.50599,301.3,0.43,0.46,"2026-02-16",1849,"N20","nominal","2.0NRT",291.04,1.02,"N"
"30017",20.50068,99.08148,303,0.47,0.39,"2026-02-16",1849,"N20","nominal","2.0NRT",288.18,0.66,"N"
"30018",20.84139,96.36699,304.06,0.44,0.46,"2026-02-16",1849,"N20","nominal","2.0NRT",290.19,3.1,"N"
"30019",20.8404,96.37541,310.12,0.44,0.46,"2026-02-16",1849,"N20","nominal","2.0NRT",291.55,2,"N"
"30020",20.67657,97.68267,331.46,0.55,0.43,"2026-02-16",1849,"N20","nominal","2.0NRT",283.71,4.52,"N"
"30021",20.84071,96.33598,302.91,0.44,0.46,"2026-02-16",1849,"N20","nominal","2.0NRT",288.35,0.71,"N"
"30022",20.83243,96.36951,300.7,0.44,0.46,"2026-02-16",1849,"N20","nominal","2.0NRT",288.99,1.3,"N"
"30023",20.92384,95.49149,311,0.5,0.49,"2026-02-16",1849,"N20","nominal","2.0NRT",288.7,1.74,"N"
"30024",20.76319,96.88084,299.81,0.41,0.45,"2026-02-16",1849,"N20","nominal","2.0NRT",282.2,0.61,"N"
"30025",20.69373,97.52203,297.21,0.56,0.43,"2026-02-16",1849,"N20","nominal","2.0NRT",286.8,0.86,"N"
"30026",20.76444,96.8822,304.77,0.41,0.45,"2026-02-16",1849,"N20","nominal","2.0NRT",281.43,0.57,"N"
"30027",20.92257,95.48944,299.07,0.5,0.49,"2026-02-16",1849,"N20","nominal","2.0NRT",287.55,0.63,"N"
"30028",20.92197,95.49446,298.93,0.5,0.49,"2026-02-16",1849,"N20","nominal","2.0NRT",288.07,1.53,"N"
"30029",20.72642,97.08219,295.5,0.4,0.44,"2026-02-16",1849,"N20","nominal","2.0NRT",283.73,0.48,"N"
"30030",20.8117,96.2991,303.2,0.45,0.47,"2026-02-16",1849,"N20","nominal","2.0NRT",289.14,1.17,"N"
"30031",20.80899,96.24983,315.86,0.45,0.47,"2026-02-16",1849,"N20","nominal","2.0NRT",296.04,2.44,"N"
"30032",20.77609,96.48388,304.03,0.43,0.46,"2026-02-16",1849,"N20","nominal","2.0NRT",289.73,0.87,"N"
"30033",21.05545,93.86942,325.59,0.32,0.55,"2026-02-16",1849,"N20","nominal","2.0NRT",284.38,1.78,"N"
"30034",20.78807,96.24242,319.86,0.45,0.47,"2026-02-16",1849,"N20","nominal","2.0NRT",294.4,1.63,"N"
"30035",20.78434,96.23708,307.97,0.45,0.47,"2026-02-16",1849,"N20","nominal","2.0NRT",294.1,1.63,"N"
"30036",20.78379,96.2417,307.42,0.45,0.47,"2026-02-16",1849,"N20","nominal","2.0NRT",292.85,1.63,"N"
"30037",20.65003,97.32819,302.17,0.39,0.44,"2026-02-16",1849,"N20","nominal","2.0NRT",281.31,0.51,"N"
"30038",20.82631,95.80673,299.71,0.48,0.48,"2026-02-16",1849,"N20","nominal","2.0NRT",287.97,0.35,"N"
"30039",20.7668,96.2745,321.04,0.45,0.47,"2026-02-16",1849,"N20","nominal","2.0NRT",292.25,1.88,"N"
"30040",20.76306,96.26926,306.18,0.45,0.47,"2026-02-16",1849,"N20","nominal","2.0NRT",289.54,1.88,"N"
"30041",20.762,96.27824,300.73,0.45,0.47,"2026-02-16",1849,"N20","nominal","2.0NRT",290.38,0.69,"N"
"30042",20.76148,96.28261,300.32,0.45,0.47,"2026-02-16",1849,"N20","nominal","2.0NRT",289.58,0.69,"N"
"30043",20.73715,96.34146,305.98,0.44,0.46,"2026-02-16",1849,"N20","nominal","2.0NRT",290.93,1.8,"N"
"30044",20.71978,96.37873,307.82,0.44,0.46,"2026-02-16",1849,"N20","nominal","2.0NRT",292.7,1.31,"N"
"30045",20.71126,96.45115,314.57,0.44,0.46,"2026-02-16",1849,"N20","nominal","2.0NRT",294.56,2.21,"N"
"30046",18.69552,109.10299,301.18,0.51,0.49,"2026-02-16",1849,"N20","nominal","2.0NRT",287.7,0.97,"N"
"30047",20.72052,96.3769,308.33,0.44,0.46,"2026-02-16",1849,"N20","nominal","2.0NRT",293.16,1.86,"N"
"30048",20.71149,96.44907,308.36,0.44,0.46,"2026-02-16",1849,"N20","nominal","2.0NRT",293.35,1.6,"N"
"30049",20.71096,96.45334,307.95,0.44,0.46,"2026-02-16",1849,"N20","nominal","2.0NRT",293.4,1.6,"N"
"30050",20.70737,96.44768,300.33,0.44,0.46,"2026-02-16",1849,"N20","nominal","2.0NRT",289.33,0.99,"N"
"30051",20.6121,97.0361,296.06,0.4,0.44,"2026-02-16",1849,"N20","nominal","2.0NRT",282.14,0.69,"N"
"30052",20.6948,96.34,305.19,0.44,0.46,"2026-02-16",1849,"N20","nominal","2.0NRT",293.11,1.61,"N"
"30053",20.69002,96.34363,303.29,0.44,0.46,"2026-02-16",1849,"N20","nominal","2.0NRT",291.91,0.72,"N"
"30054",20.68252,96.3342,307.08,0.44,0.46,"2026-02-16",1849,"N20","nominal","2.0NRT",292.01,2.23,"N"
"30055",20.68856,96.21236,307.47,0.45,0.47,"2026-02-16",1849,"N20","nominal","2.0NRT",288.51,0.9,"N"
"30056",20.68099,96.27512,304.98,0.45,0.47,"2026-02-16",1849,"N20","nominal","2.0NRT",292.08,0.98,"N"
"30057",20.66552,96.22252,312.8,0.45,0.47,"2026-02-16",1849,"N20","nominal","2.0NRT",290.4,0.99,"N"
"30058",20.43784,98.04585,302.27,0.52,0.42,"2026-02-16",1849,"N20","nominal","2.0NRT",291.82,1.22,"N"
"30059",20.436,98.05992,305.96,0.52,0.42,"2026-02-16",1849,"N20","nominal","2.0NRT",291.81,1.06,"N"
"30060",20.43537,98.06467,310.46,0.52,0.42,"2026-02-16",1849,"N20","nominal","2.0NRT",291.35,1.06,"N"
"30061",20.43219,98.05928,300.83,0.52,0.42,"2026-02-16",1849,"N20","nominal","2.0NRT",290.52,1.06,"N"
"30062",20.43157,98.06403,302.69,0.52,0.42,"2026-02-16",1849,"N20","nominal","2.0NRT",289.58,1.06,"N"
"30063",20.65075,96.27345,300.9,0.45,0.47,"2026-02-16",1849,"N20","nominal","2.0NRT",288.73,0.55,"N"
"30064",20.43282,98.0246,304.19,0.53,0.42,"2026-02-16",1849,"N20","nominal","2.0NRT",291.16,0.63,"N"
"30065",20.429,98.05392,300.67,0.52,0.42,"2026-02-16",1849,"N20","nominal","2.0NRT",290.12,1.73,"N"
"30066",20.40749,98.0396,301.5,0.52,0.42,"2026-02-16",1849,"N20","nominal","2.0NRT",287.63,0.91,"N"
"30067",20.40748,98.00943,310.32,0.53,0.42,"2026-02-16",1849,"N20","nominal","2.0NRT",291.23,1.72,"N"
"30068",20.41024,98.02822,299.46,0.52,0.42,"2026-02-16",1849,"N20","nominal","2.0NRT",287.96,1,"N"
"30069",20.4089,98.03808,302.62,0.52,0.42,"2026-02-16",1849,"N20","nominal","2.0NRT",288.38,1.21,"N"
"30070",20.4084,98.01298,318.24,0.53,0.42,"2026-02-16",1849,"N20","nominal","2.0NRT",291.71,2.62,"N"
"30071",20.26789,98.95282,315.09,0.47,0.4,"2026-02-16",1849,"N20","nominal","2.0NRT",290.16,1.23,"N"
"30072",19.59659,103.33427,302.81,0.39,0.36,"2026-02-16",1849,"N20","nominal","2.0NRT",285.84,0.3,"N"
"30073",20.80536,94.39474,303.69,0.59,0.53,"2026-02-16",1849,"N20","nominal","2.0NRT",293.52,1.98,"N"
"30074",20.25512,98.83047,301.59,0.48,0.4,"2026-02-16",1849,"N20","nominal","2.0NRT",288.38,0.43,"N"
"30075",20.58808,96.22813,316.26,0.45,0.47,"2026-02-16",1849,"N20","nominal","2.0NRT",294.69,3.22,"N"
"30076",20.58383,96.22719,313.61,0.45,0.47,"2026-02-16",1849,"N20","nominal","2.0NRT",295.55,1.47,"N"
"30077",20.57961,96.22608,307.45,0.45,0.47,"2026-02-16",1849,"N20","nominal","2.0NRT",289.73,1.47,"N"
"30078",20.24725,98.77896,307.56,0.48,0.4,"2026-02-16",1849,"N20","nominal","2.0NRT",290.32,0.78,"N"
"30079",20.56457,96.27867,325.96,0.44,0.46,"2026-02-16",1849,"N20","nominal","2.0NRT",295,2.76,"N"
"30080",20.24365,98.77798,300.81,0.48,0.4,"2026-02-16",1849,"N20","nominal","2.0NRT",289.47,0.78,"N"
"30081",20.24304,98.78242,313.75,0.48,0.4,"2026-02-16",1849,"N20","nominal","2.0NRT",289.67,1.64,"N"
"30082",20.56409,96.24652,304.44,0.45,0.47,"2026-02-16",1849,"N20","nominal","2.0NRT",294.2,1.31,"N"
"30083",20.56031,96.27803,304.6,0.44,0.46,"2026-02-16",1849,"N20","nominal","2.0NRT",293.14,1,"N"
"30084",20.4561,96.99328,298.21,0.4,0.44,"2026-02-16",1849,"N20","nominal","2.0NRT",286.85,0.35,"N"
"30085",20.40282,97.41932,306.18,0.57,0.43,"2026-02-16",1849,"N20","nominal","2.0NRT",286.57,1.1,"N"
"30086",20.51232,96.49813,299.49,0.43,0.46,"2026-02-16",1849,"N20","nominal","2.0NRT",289.34,1.59,"N"
"30087",20.53108,96.26823,304.45,0.45,0.47,"2026-02-16",1849,"N20","nominal","2.0NRT",293.76,1.42,"N"
"30088",20.52681,96.26764,309.8,0.45,0.47,"2026-02-16",1849,"N20","nominal","2.0NRT",294.67,1.72,"N"
"30089",20.52625,96.27247,312.51,0.44,0.46,"2026-02-16",1849,"N20","nominal","2.0NRT",295.33,1.72,"N"
"30090",20.30728,97.9201,302.03,0.53,0.42,"2026-02-16",1849,"N20","nominal","2.0NRT",290.25,0.88,"N"
"30091",20.30344,97.91949,308.87,0.53,0.42,"2026-02-16",1849,"N20","nominal","2.0NRT",290.65,0.88,"N"
"30092",20.29838,97.95902,304.01,0.53,0.42,"2026-02-16",1849,"N20","nominal","2.0NRT",289.7,1.57,"N"
"30093",20.17864,98.92265,300.64,0.47,0.4,"2026-02-16",1849,"N20","nominal","2.0NRT",290.33,0.83,"N"
"30094",20.74061,94.41294,301.63,0.59,0.53,"2026-02-16",1849,"N20","nominal","2.0NRT",288.91,1.17,"N"
"30095",20.30537,97.91756,306.61,0.53,0.42,"2026-02-16",1849,"N20","nominal","2.0NRT",290.57,1.14,"N"
"30096",20.29939,97.96201,302.4,0.53,0.42,"2026-02-16",1849,"N20","nominal","2.0NRT",289.03,1.19,"N"
"30097",20.30154,97.91686,307.47,0.53,0.42,"2026-02-16",1849,"N20","nominal","2.0NRT",291,1.23,"N"
"30098",20.29121,97.93559,306.03,0.53,0.42,"2026-02-16",1849,"N20","nominal","2.0NRT",290.67,1,"N"
"30099",20.40528,97.00162,321.7,0.4,0.44,"2026-02-16",1849,"N20","nominal","2.0NRT",286.41,1.69,"N"
"30100",20.49942,96.2517,304.96,0.45,0.47,"2026-02-16",1849,"N20","nominal","2.0NRT",292.29,1.21,"N"
"30101",20.478,96.32011,304.86,0.44,0.46,"2026-02-16",1849,"N20","nominal","2.0NRT",293.59,1.79,"N"
"30102",20.47746,96.32454,315.38,0.44,0.46,"2026-02-16",1849,"N20","nominal","2.0NRT",294.62,2.23,"N"
"30103",20.2672,97.88026,313.58,0.53,0.42,"2026-02-16",1849,"N20","nominal","2.0NRT",291.99,1.76,"N"
"30104",20.26338,97.8795,310.42,0.53,0.42,"2026-02-16",1849,"N20","nominal","2.0NRT",291.52,1.76,"N"
"30105",20.17355,98.55297,300.25,0.49,0.4,"2026-02-16",1849,"N20","nominal","2.0NRT",288.18,0.46,"N"
"30106",20.26277,97.85422,307.74,0.53,0.42,"2026-02-16",1849,"N20","nominal","2.0NRT",291.83,1.19,"N"
"30107",20.26217,97.85879,301.95,0.53,0.42,"2026-02-16",1849,"N20","nominal","2.0NRT",289.94,1.19,"N"
"30108",20.21855,98.102,301.62,0.52,0.41,"2026-02-16",1849,"N20","nominal","2.0NRT",290.54,0.94,"N"
"30109",20.12741,98.69975,326.48,0.48,0.4,"2026-02-16",1849,"N20","nominal","2.0NRT",290.45,2.97,"N"
"30110",20.41977,96.33717,310.03,0.44,0.46,"2026-02-16",1849,"N20","nominal","2.0NRT",292.81,1.29,"N"
"30111",20.12739,98.58767,304.18,0.49,0.4,"2026-02-16",1849,"N20","nominal","2.0NRT",290.34,1.1,"N"
"30112",20.22625,97.80224,325.48,0.54,0.42,"2026-02-16",1849,"N20","nominal","2.0NRT",291.89,3.37,"N"
"30113",20.40816,96.32574,305.2,0.44,0.46,"2026-02-16",1849,"N20","nominal","2.0NRT",291.64,0.86,"N"
"30114",20.22564,97.80692,305.57,0.54,0.42,"2026-02-16",1849,"N20","nominal","2.0NRT",292.72,2.24,"N"
"30115",20.22377,97.80973,306.44,0.54,0.42,"2026-02-16",1849,"N20","nominal","2.0NRT",292.33,1.45,"N"
"30116",20.12945,98.36224,305.35,0.5,0.41,"2026-02-16",1849,"N20","nominal","2.0NRT",291.65,1.55,"N"
"30117",20.12646,98.35622,310.2,0.5,0.41,"2026-02-16",1849,"N20","nominal","2.0NRT",288.45,0.86,"N"
"30118",20.31017,96.93636,312.09,0.4,0.44,"2026-02-16",1849,"N20","nominal","2.0NRT",283.22,1.05,"N"
"30119",20.26387,97.26408,295.16,0.38,0.44,"2026-02-16",1849,"N20","nominal","2.0NRT",280.45,0.31,"N"
"30120",20.08621,98.51216,304.01,0.49,0.4,"2026-02-16",1849,"N20","nominal","2.0NRT",290.22,0.93,"N"
"30121",19.39081,103.13458,306.96,0.39,0.36,"2026-02-16",1849,"N20","nominal","2.0NRT",287.56,0.92,"N"
"30122",20.15787,97.862,307.75,0.53,0.42,"2026-02-16",1849,"N20","nominal","2.0NRT",292.05,2.46,"N"
"30123",20.35274,96.28952,309.98,0.44,0.46,"2026-02-16",1849,"N20","nominal","2.0NRT",294.67,1.83,"N"
"30124",20.15467,97.85646,302.15,0.53,0.42,"2026-02-16",1849,"N20","nominal","2.0NRT",290.77,1.48,"N"
"30125",20.15337,97.86641,303.07,0.53,0.42,"2026-02-16",1849,"N20","nominal","2.0NRT",291.11,1.98,"N"
"30126",20.04688,98.63536,300.37,0.48,0.4,"2026-02-16",1849,"N20","nominal","2.0NRT",287.82,0.71,"N"
"30127",20.14308,97.85513,304.04,0.53,0.42,"2026-02-16",1849,"N20","nominal","2.0NRT",292.19,2.01,"N"
"30128",20.14048,97.87502,305.79,0.53,0.42,"2026-02-16",1849,"N20","nominal","2.0NRT",291.63,1.7,"N"
"30129",20.03591,98.63326,298.7,0.48,0.4,"2026-02-16",1849,"N20","nominal","2.0NRT",288.26,0.37,"N"
"30130",20.03278,98.65634,308.78,0.48,0.4,"2026-02-16",1849,"N20","nominal","2.0NRT",289.25,1.84,"N"
"30131",19.5451,101.97716,309.18,0.38,0.36,"2026-02-16",1849,"N20","nominal","2.0NRT",292.42,1.41,"N"
"30132",20.13505,97.76543,301.03,0.54,0.42,"2026-02-16",1849,"N20","nominal","2.0NRT",290.2,1.09,"N"
"30133",20.13441,97.77039,307.86,0.54,0.42,"2026-02-16",1849,"N20","nominal","2.0NRT",290.31,1.09,"N"
"30134",20.30772,96.34076,311.17,0.44,0.46,"2026-02-16",1849,"N20","nominal","2.0NRT",295.19,2.11,"N"
"30135",20.22482,97.02301,301.24,0.4,0.44,"2026-02-16",1849,"N20","nominal","2.0NRT",284.88,0.97,"N"
"30136",20.13181,97.75998,306.96,0.54,0.42,"2026-02-16",1849,"N20","nominal","2.0NRT",290.67,2.1,"N"
"30137",20.13054,97.76987,308.12,0.54,0.42,"2026-02-16",1849,"N20","nominal","2.0NRT",290.19,1.09,"N"
"30138",20.30446,96.332,307.28,0.44,0.46,"2026-02-16",1849,"N20","nominal","2.0NRT",295.21,1.64,"N"
"30139",20.28598,96.48665,298.47,0.43,0.46,"2026-02-16",1849,"N20","nominal","2.0NRT",285.71,0.56,"N"
"30140",20.12857,97.75455,309.64,0.54,0.42,"2026-02-16",1849,"N20","nominal","2.0NRT",291.61,1.38,"N"
"30141",20.12795,97.75934,315.35,0.54,0.42,"2026-02-16",1849,"N20","nominal","2.0NRT",291.42,1.38,"N"
"30142",20.12732,97.76426,311.97,0.54,0.42,"2026-02-16",1849,"N20","nominal","2.0NRT",291.51,2.82,"N"
"30143",20.29982,96.33467,305.77,0.44,0.46,"2026-02-16",1849,"N20","nominal","2.0NRT",294.96,1.62,"N"
"30144",20.12409,97.75876,307.47,0.54,0.42,"2026-02-16",1849,"N20","nominal","2.0NRT",290.33,1.38,"N"
"30145",20.12084,97.7533,317.08,0.54,0.42,"2026-02-16",1849,"N20","nominal","2.0NRT",291.7,1.72,"N"
"30146",20.12022,97.75818,305.76,0.54,0.42,"2026-02-16",1849,"N20","nominal","2.0NRT",290.48,1.72,"N"
"30147",20.16543,97.30451,299.22,0.57,0.43,"2026-02-16",1849,"N20","nominal","2.0NRT",285.55,1.34,"N"
"30148",20.12222,97.76141,306.93,0.54,0.42,"2026-02-16",1849,"N20","nominal","2.0NRT",290.39,1.99,"N"
"30149",20.11965,97.75111,304.26,0.54,0.42,"2026-02-16",1849,"N20","nominal","2.0NRT",290.63,1.69,"N"
"30150",20.11901,97.75594,313.94,0.54,0.42,"2026-02-16",1849,"N20","nominal","2.0NRT",290.98,1.99,"N"
"30151",20.29212,96.32897,302.26,0.44,0.46,"2026-02-16",1849,"N20","nominal","2.0NRT",290.7,0.84,"N"
"30152",20.2916,96.33313,302.59,0.44,0.46,"2026-02-16",1849,"N20","nominal","2.0NRT",291.01,0.72,"N"
"30153",20.16647,97.30808,304.22,0.57,0.43,"2026-02-16",1849,"N20","nominal","2.0NRT",282.86,1.59,"N"
"30154",20.09196,97.8402,304.8,0.53,0.42,"2026-02-16",1849,"N20","nominal","2.0NRT",292.08,0.77,"N"
"30155",20.32839,95.82084,306.19,0.47,0.48,"2026-02-16",1849,"N20","nominal","2.0NRT",289.8,1.66,"N"
"30156",20.31867,95.90115,304.3,0.47,0.47,"2026-02-16",1849,"N20","nominal","2.0NRT",288.61,0.95,"N"
"30157",20.50809,94.18469,300.97,0.6,0.53,"2026-02-16",1849,"N20","nominal","2.0NRT",290.75,1.34,"N"
"30158",20.17076,97.02209,299.13,0.4,0.44,"2026-02-16",1849,"N20","nominal","2.0NRT",282.61,0.98,"N"
"30159",20.15885,97.05099,300.51,0.39,0.44,"2026-02-16",1849,"N20","nominal","2.0NRT",283.08,0.46,"N"
"30160",20.28396,96.00559,309.6,0.46,0.47,"2026-02-16",1849,"N20","nominal","2.0NRT",294.33,1.56,"N"
"30161",20.27966,96.00479,304.79,0.46,0.47,"2026-02-16",1849,"N20","nominal","2.0NRT",293.14,1.46,"N"
"30162",20.15498,97.01656,313.92,0.4,0.44,"2026-02-16",1849,"N20","nominal","2.0NRT",284.02,0.92,"N"
"30163",20.05732,97.71501,310.2,0.54,0.42,"2026-02-16",1849,"N20","nominal","2.0NRT",292.43,1.22,"N"
"30164",20.05673,97.71947,304.84,0.54,0.42,"2026-02-16",1849,"N20","nominal","2.0NRT",292.26,1.22,"N"
"30165",20.14416,97.00433,305.27,0.4,0.44,"2026-02-16",1849,"N20","nominal","2.0NRT",287.44,0.72,"N"
"30166",20.05288,97.71875,307.85,0.54,0.42,"2026-02-16",1849,"N20","nominal","2.0NRT",291.93,1.22,"N"
"30167",20.28088,95.84585,296.97,0.47,0.48,"2026-02-16",1849,"N20","nominal","2.0NRT",286.41,0.46,"N"
"30168",20.0502,97.70901,304.31,0.54,0.42,"2026-02-16",1849,"N20","nominal","2.0NRT",292.1,1.5,"N"
"30169",19.41284,102.14787,298.64,0.38,0.36,"2026-02-16",1849,"N20","nominal","2.0NRT",285.19,0.7,"N"
"30170",20.16111,96.80183,295.56,0.41,0.45,"2026-02-16",1849,"N20","nominal","2.0NRT",284.89,0.58,"N"
"30171",20.10968,97.21299,308.21,0.39,0.44,"2026-02-16",1849,"N20","nominal","2.0NRT",283.33,1.02,"N"
"30172",19.99417,98.10769,308.68,0.51,0.41,"2026-02-16",1849,"N20","nominal","2.0NRT",290.99,0.74,"N"
"30173",19.40956,102.14731,308.96,0.38,0.36,"2026-02-16",1849,"N20","nominal","2.0NRT",283.71,0.7,"N"
"30174",20.29268,95.63004,308.46,0.48,0.48,"2026-02-16",1849,"N20","nominal","2.0NRT",294.4,1.69,"N"
"30175",20.27455,95.786,300.43,0.47,0.48,"2026-02-16",1849,"N20","nominal","2.0NRT",290.08,0.84,"N"
"30176",20.03675,97.72133,301.56,0.54,0.42,"2026-02-16",1849,"N20","nominal","2.0NRT",290.46,1.17,"N"
"30177",19.98724,98.10174,305.1,0.51,0.41,"2026-02-16",1849,"N20","nominal","2.0NRT",290.87,1.4,"N"
"30178",19.98666,98.10608,309.9,0.51,0.41,"2026-02-16",1849,"N20","nominal","2.0NRT",291.9,2.09,"N"
"30179",20.22999,96.0902,303.43,0.45,0.47,"2026-02-16",1849,"N20","nominal","2.0NRT",292.08,1.62,"N"
"30180",20.03292,97.68965,308.28,0.54,0.42,"2026-02-16",1849,"N20","nominal","2.0NRT",291.64,1.39,"N"
"30181",20.19223,96.37157,310.27,0.43,0.46,"2026-02-16",1849,"N20","nominal","2.0NRT",294.97,1.1,"N"
"30182",19.38985,102.14385,342.99,0.38,0.36,"2026-02-16",1849,"N20","nominal","2.0NRT",289.87,10.39,"N"
"30183",19.38656,102.14327,339.82,0.38,0.36,"2026-02-16",1849,"N20","nominal","2.0NRT",291.41,6.91,"N"
"30184",20.24536,95.84549,307.66,0.47,0.48,"2026-02-16",1849,"N20","nominal","2.0NRT",288.01,0.95,"N"
"30185",20.2752,95.54577,304.97,0.49,0.49,"2026-02-16",1849,"N20","nominal","2.0NRT",293.52,1.2,"N"
"30186",20.25491,95.72386,307.21,0.48,0.48,"2026-02-16",1849,"N20","nominal","2.0NRT",292.79,1.17,"N"
"30187",20.06448,97.31457,306.33,0.57,0.43,"2026-02-16",1849,"N20","nominal","2.0NRT",284.75,1.47,"N"
"30188",19.38328,102.14269,311.27,0.38,0.36,"2026-02-16",1849,"N20","nominal","2.0NRT",288.13,6.91,"N"
"30189",19.03644,104.18926,323.74,0.41,0.37,"2026-02-16",1849,"N20","nominal","2.0NRT",288.66,1.84,"N"
"30190",19.03582,104.19296,308.14,0.41,0.37,"2026-02-16",1849,"N20","nominal","2.0NRT",289.61,1.57,"N"
"30191",20.06598,97.31446,296.84,0.57,0.43,"2026-02-16",1849,"N20","nominal","2.0NRT",284.83,1.12,"N"
"30192",20.06525,97.31996,305.42,0.57,0.43,"2026-02-16",1849,"N20","nominal","2.0NRT",286.13,1.12,"N"
"30193",20.24495,95.84445,301.46,0.47,0.48,"2026-02-16",1849,"N20","nominal","2.0NRT",287.22,0.67,"N"
"30194",20.2444,95.84888,297.64,0.47,0.48,"2026-02-16",1849,"N20","nominal","2.0NRT",287.27,0.67,"N"
"30195",20.27695,95.54528,303.48,0.49,0.49,"2026-02-16",1849,"N20","nominal","2.0NRT",292.89,1.58,"N"
"30196",19.89252,98.51296,300.06,0.49,0.4,"2026-02-16",1849,"N20","nominal","2.0NRT",289.34,0.59,"N"
"30197",19.89075,98.49844,314.6,0.49,0.4,"2026-02-16",1849,"N20","nominal","2.0NRT",291.67,1.64,"N"
"30198",19.88884,98.51229,312.47,0.49,0.4,"2026-02-16",1849,"N20","nominal","2.0NRT",289.81,1.81,"N"
"30199",20.03298,97.41204,298.94,0.56,0.43,"2026-02-16",1849,"N20","nominal","2.0NRT",288.54,0.42,"N"
"30200",19.88775,98.49277,310.95,0.49,0.4,"2026-02-16",1849,"N20","nominal","2.0NRT",288.57,1.64,"N"
"30201",20.02907,97.41121,304.71,0.56,0.43,"2026-02-16",1849,"N20","nominal","2.0NRT",290.24,1.86,"N"
"30202",20.2484,95.63201,310.19,0.48,0.48,"2026-02-16",1849,"N20","nominal","2.0NRT",294.81,0.92,"N"
"30203",20.2345,95.74733,308.75,0.48,0.48,"2026-02-16",1849,"N20","nominal","2.0NRT",290.65,1.34,"N"
"30204",19.12519,103.46724,310.25,0.4,0.37,"2026-02-16",1849,"N20","nominal","2.0NRT",287.6,1.14,"N"
"30205",20.24622,95.57486,304.37,0.49,0.48,"2026-02-16",1849,"N20","nominal","2.0NRT",291.13,1.21,"N"
"30206",20.14387,96.38034,306.7,0.43,0.46,"2026-02-16",1849,"N20","nominal","2.0NRT",294.47,1.16,"N"
"30207",20.01877,97.36677,315.81,0.57,0.43,"2026-02-16",1849,"N20","nominal","2.0NRT",288.96,3.15,"N"
"30208",19.85327,98.60686,308.51,0.48,0.4,"2026-02-16",1849,"N20","nominal","2.0NRT",290.81,1.24,"N"
"30209",20.1402,96.37526,310.24,0.43,0.46,"2026-02-16",1849,"N20","nominal","2.0NRT",294.18,1.16,"N"
"30210",19.84965,98.60588,311.69,0.48,0.4,"2026-02-16",1849,"N20","nominal","2.0NRT",289.77,1.24,"N"
"30211",18.96701,104.30918,306.89,0.42,0.38,"2026-02-16",1849,"N20","nominal","2.0NRT",289.24,1.06,"N"
"30212",20.19512,95.81508,296.45,0.47,0.48,"2026-02-16",1849,"N20","nominal","2.0NRT",286.35,0.47,"N"
"30213",20.12172,96.31553,301.69,0.44,0.46,"2026-02-16",1849,"N20","nominal","2.0NRT",290.95,0.79,"N"
"30214",19.94386,97.72825,303.33,0.54,0.42,"2026-02-16",1849,"N20","nominal","2.0NRT",290.75,1.8,"N"
"30215",20.18292,95.76762,299.15,0.47,0.48,"2026-02-16",1849,"N20","nominal","2.0NRT",286.05,0.79,"N"
"30216",20.11802,96.31055,303.53,0.44,0.46,"2026-02-16",1849,"N20","nominal","2.0NRT",289.55,0.85,"N"
"30217",20.11746,96.31512,306.98,0.44,0.46,"2026-02-16",1849,"N20","nominal","2.0NRT",292.23,0.85,"N"
"30218",20.10763,96.39614,311.75,0.43,0.46,"2026-02-16",1849,"N20","nominal","2.0NRT",292.83,1.02,"N"
"30219",19.94404,97.69655,303.15,0.54,0.42,"2026-02-16",1849,"N20","nominal","2.0NRT",290.59,0.99,"N"
"30220",19.94081,97.69098,303.77,0.54,0.42,"2026-02-16",1849,"N20","nominal","2.0NRT",290.51,0.99,"N"
"30221",19.49522,100.81297,308.18,0.4,0.37,"2026-02-16",1849,"N20","nominal","2.0NRT",292.7,1.44,"N"
"30222",19.09578,103.33378,325.29,0.39,0.36,"2026-02-16",1849,"N20","nominal","2.0NRT",290.16,2.35,"N"
"30223",20.17266,95.6637,302.04,0.48,0.48,"2026-02-16",1849,"N20","nominal","2.0NRT",290.22,1.55,"N"
"30224",20.0146,96.91559,302.61,0.4,0.44,"2026-02-16",1849,"N20","nominal","2.0NRT",285.31,0.55,"N"
"30225",20.0826,96.31869,303.99,0.44,0.46,"2026-02-16",1849,"N20","nominal","2.0NRT",289.96,0.64,"N"
"30226",19.94568,97.4035,306.01,0.56,0.43,"2026-02-16",1849,"N20","nominal","2.0NRT",290.97,2.24,"N"
"30227",19.04025,103.56493,330.69,0.4,0.37,"2026-02-16",1849,"N20","nominal","2.0NRT",292.28,4.07,"N"
"30228",19.94246,97.39707,304.92,0.56,0.43,"2026-02-16",1849,"N20","nominal","2.0NRT",291.07,1.24,"N"
"30229",19.94178,97.4025,301.1,0.56,0.43,"2026-02-16",1849,"N20","nominal","2.0NRT",290.06,1.05,"N"
"30230",19.03686,103.56451,345.14,0.4,0.37,"2026-02-16",1849,"N20","nominal","2.0NRT",293.82,4.07,"N"
"30231",19.03622,103.56832,311.32,0.4,0.37,"2026-02-16",1849,"N20","nominal","2.0NRT",292.05,4.07,"N"
"30232",19.9497,97.40777,300.6,0.56,0.43,"2026-02-16",1849,"N20","nominal","2.0NRT",289.99,0.6,"N"
"30233",19.30999,101.82529,301.23,0.38,0.36,"2026-02-16",1849,"N20","nominal","2.0NRT",291.22,0.6,"N"
"30234",19.01879,103.63894,314.12,0.4,0.37,"2026-02-16",1849,"N20","nominal","2.0NRT",291.48,1.44,"N"
"30235",19.94578,97.40703,302.4,0.56,0.43,"2026-02-16",1849,"N20","nominal","2.0NRT",290.39,1.52,"N"
"30236",18.93106,104.14593,299.81,0.41,0.37,"2026-02-16",1849,"N20","nominal","2.0NRT",289.42,0.9,"N"
"30237",20.08247,96.31982,304.25,0.44,0.46,"2026-02-16",1849,"N20","nominal","2.0NRT",289.87,1.4,"N"
"30238",19.94331,97.39533,303.34,0.56,0.43,"2026-02-16",1849,"N20","nominal","2.0NRT",291.45,1.52,"N"
"30239",19.94259,97.40073,307.15,0.56,0.43,"2026-02-16",1849,"N20","nominal","2.0NRT",291,1.52,"N"
"30240",19.45503,100.83694,301.13,0.4,0.37,"2026-02-16",1849,"N20","nominal","2.0NRT",290.64,0.42,"N"
"30241",18.96543,103.87727,300.93,0.41,0.37,"2026-02-16",1849,"N20","nominal","2.0NRT",289.75,0.53,"N"
"30242",20.07353,96.28815,302.27,0.44,0.46,"2026-02-16",1849,"N20","nominal","2.0NRT",291.65,1.07,"N"
"30243",20.25974,94.49513,321.17,0.57,0.52,"2026-02-16",1849,"N20","nominal","2.0NRT",294.89,4.83,"N"
"30244",20.25918,94.50008,331.06,0.57,0.52,"2026-02-16",1849,"N20","nominal","2.0NRT",296.92,4.82,"N"
"30245",19.07541,103.06354,328.16,0.39,0.36,"2026-02-16",1849,"N20","nominal","2.0NRT",289.75,5.87,"N"
"30246",19.07482,103.06716,319.97,0.39,0.36,"2026-02-16",1849,"N20","nominal","2.0NRT",293.41,7.15,"N"
"30247",20.25436,94.49979,319.3,0.57,0.52,"2026-02-16",1849,"N20","nominal","2.0NRT",295.36,4.82,"N"
"30248",20.11388,95.67072,301.53,0.48,0.48,"2026-02-16",1849,"N20","nominal","2.0NRT",287.99,0.62,"N"
"30249",19.53152,100.06458,306.8,0.42,0.38,"2026-02-16",1849,"N20","nominal","2.0NRT",293.66,0.82,"N"
"30250",20.24421,94.50377,310.73,0.57,0.52,"2026-02-16",1849,"N20","nominal","2.0NRT",293.55,3.79,"N"
"30251",20.03166,96.27808,303.82,0.44,0.46,"2026-02-16",1849,"N20","nominal","2.0NRT",290.44,0.86,"N"
"30252",20.03112,96.28245,310.81,0.44,0.46,"2026-02-16",1849,"N20","nominal","2.0NRT",292.12,1.62,"N"
"30253",19.85703,97.65721,302.19,0.54,0.42,"2026-02-16",1849,"N20","nominal","2.0NRT",291.2,1.15,"N"
"30254",20.10055,95.63154,299.12,0.48,0.48,"2026-02-16",1849,"N20","nominal","2.0NRT",288.18,0.45,"N"
"30255",19.88197,97.40366,298.68,0.56,0.43,"2026-02-16",1849,"N20","nominal","2.0NRT",288.65,1.08,"N"
"30256",19.51954,100.05031,304.54,0.42,0.38,"2026-02-16",1849,"N20","nominal","2.0NRT",293.59,1.47,"N"
"30257",20.22396,94.51137,323.49,0.57,0.52,"2026-02-16",1849,"N20","nominal","2.0NRT",290.73,3.63,"N"
"30258",19.88211,97.37139,299.59,0.56,0.43,"2026-02-16",1849,"N20","nominal","2.0NRT",287.83,1.67,"N"
"30259",19.87737,97.40826,300.4,0.56,0.43,"2026-02-16",1849,"N20","nominal","2.0NRT",287.61,0.32,"N"
"30260",19.84466,97.6612,308.74,0.54,0.42,"2026-02-16",1849,"N20","nominal","2.0NRT",291.67,1.71,"N"
"30261",19.87749,97.37601,308.4,0.56,0.43,"2026-02-16",1849,"N20","nominal","2.0NRT",288.45,2.01,"N"
"30262",19.12611,102.58192,311.34,0.39,0.36,"2026-02-16",1849,"N20","nominal","2.0NRT",291.44,0.58,"N"
"30263",19.12281,102.58136,302.1,0.39,0.36,"2026-02-16",1849,"N20","nominal","2.0NRT",291.35,0.58,"N"
"30264",19.13747,102.46861,314.54,0.38,0.36,"2026-02-16",1849,"N20","nominal","2.0NRT",292.68,1.24,"N"
"30265",19.82788,97.66875,307.96,0.54,0.42,"2026-02-16",1849,"N20","nominal","2.0NRT",291.6,1.3,"N"
"30266",19.07493,102.81548,327.97,0.39,0.36,"2026-02-16",1849,"N20","nominal","2.0NRT",290.96,2.54,"N"
"30267",20.1971,94.53551,303.25,0.57,0.52,"2026-02-16",1849,"N20","nominal","2.0NRT",290.71,1.85,"N"
"30268",18.91839,103.76447,315.62,0.4,0.37,"2026-02-16",1849,"N20","nominal","2.0NRT",291.74,1.37,"N"
"30269",19.90664,96.9179,298.66,0.4,0.44,"2026-02-16",1849,"N20","nominal","2.0NRT",286.24,0.63,"N"
"30270",19.80786,97.67091,305.65,0.54,0.42,"2026-02-16",1849,"N20","nominal","2.0NRT",292.28,0.74,"N"
"30271",19.80688,97.66911,299.96,0.54,0.42,"2026-02-16",1849,"N20","nominal","2.0NRT",289.72,1.65,"N"
"30272",19.00506,103.03593,303.95,0.39,0.36,"2026-02-16",1849,"N20","nominal","2.0NRT",285.24,0.33,"N"
"30273",18.84973,103.89719,310.46,0.41,0.37,"2026-02-16",1849,"N20","nominal","2.0NRT",291.01,1.01,"N"
"30274",20.03442,95.70058,302.75,0.48,0.48,"2026-02-16",1849,"N20","nominal","2.0NRT",292.6,1.17,"N"
"30275",19.42532,100.19301,314.6,0.41,0.37,"2026-02-16",1849,"N20","nominal","2.0NRT",293.27,1.28,"N"
"30276",19.42473,100.19701,306.74,0.41,0.37,"2026-02-16",1849,"N20","nominal","2.0NRT",293.68,0.85,"N"
"30277",18.82941,103.95628,326.41,0.41,0.37,"2026-02-16",1849,"N20","nominal","2.0NRT",292.52,2.5,"N"
"30278",19.79529,97.42682,306.72,0.56,0.43,"2026-02-16",1849,"N20","nominal","2.0NRT",290.24,2.12,"N"
"30279",19.19786,101.58607,302.54,0.39,0.36,"2026-02-16",1849,"N20","nominal","2.0NRT",291.65,0.61,"N"
"30280",20.12509,94.6554,312.1,0.56,0.51,"2026-02-16",1849,"N20","nominal","2.0NRT",288.97,1.14,"N"
"30281",19.78416,97.42009,300.63,0.56,0.43,"2026-02-16",1849,"N20","nominal","2.0NRT",288.6,0.63,"N"
"30282",19.76909,97.41274,302.47,0.56,0.43,"2026-02-16",1849,"N20","nominal","2.0NRT",289.94,1.01,"N"
"30283",19.76843,97.41784,304.89,0.56,0.43,"2026-02-16",1849,"N20","nominal","2.0NRT",289.74,1.67,"N"
"30284",19.11203,101.98513,304.47,0.38,0.36,"2026-02-16",1849,"N20","nominal","2.0NRT",291.94,0.91,"N"
"30285",19.10704,101.99541,329.94,0.38,0.36,"2026-02-16",1849,"N20","nominal","2.0NRT",294.49,3.41,"N"
"30286",19.10874,101.98455,312.85,0.38,0.36,"2026-02-16",1849,"N20","nominal","2.0NRT",291.52,0.91,"N"
"30287",19.1076,101.99178,307.63,0.38,0.36,"2026-02-16",1849,"N20","nominal","2.0NRT",291.69,3.41,"N"
"30288",19.10432,101.99121,324.7,0.38,0.36,"2026-02-16",1849,"N20","nominal","2.0NRT",291.5,2.05,"N"
"30289",19.10375,101.99483,317.81,0.38,0.36,"2026-02-16",1849,"N20","nominal","2.0NRT",291.09,2.05,"N"
"30290",20.09912,94.49962,315.51,0.57,0.52,"2026-02-16",1849,"N20","nominal","2.0NRT",290.51,2.29,"N"
"30291",20.09436,94.49886,300.22,0.57,0.52,"2026-02-16",1849,"N20","nominal","2.0NRT",289.98,1.66,"N"
"30292",20.086,94.48663,299.38,0.57,0.52,"2026-02-16",1849,"N20","nominal","2.0NRT",289.3,0.7,"N"
"30293",19.75439,97.27583,299.13,0.57,0.43,"2026-02-16",1849,"N20","nominal","2.0NRT",284.03,0.49,"N"
"30294",19.75042,97.27537,318.82,0.57,0.43,"2026-02-16",1849,"N20","nominal","2.0NRT",285.33,2.29,"N"
"30295",19.66939,97.84925,299.49,0.53,0.42,"2026-02-16",1849,"N20","nominal","2.0NRT",289.39,0.27,"N"
"30296",19.75175,97.27366,313.66,0.57,0.43,"2026-02-16",1849,"N20","nominal","2.0NRT",285.59,1.96,"N"
"30297",20.0941,94.49693,302.92,0.57,0.52,"2026-02-16",1849,"N20","nominal","2.0NRT",290.05,1.18,"N"
"30298",19.74777,97.27322,315.05,0.57,0.43,"2026-02-16",1849,"N20","nominal","2.0NRT",285.92,2.24,"N"
"30299",19.31485,100.3465,304.04,0.41,0.37,"2026-02-16",1849,"N20","nominal","2.0NRT",292.85,0.72,"N"
"30300",20.08583,94.4847,299.78,0.57,0.52,"2026-02-16",1849,"N20","nominal","2.0NRT",289.05,1.09,"N"
"30301",19.3578,99.98518,303.45,0.42,0.38,"2026-02-16",1849,"N20","nominal","2.0NRT",293.22,1.06,"N"
"30302",19.33988,100.0594,306.55,0.42,0.37,"2026-02-16",1849,"N20","nominal","2.0NRT",293.35,1.05,"N"
"30303",19.33645,100.05882,307.57,0.42,0.37,"2026-02-16",1849,"N20","nominal","2.0NRT",294.38,1.18,"N"
"30304",19.33586,100.06287,316.3,0.42,0.37,"2026-02-16",1849,"N20","nominal","2.0NRT",296.34,2.06,"N"
"30305",19.7199,97.2702,302.76,0.57,0.43,"2026-02-16",1849,"N20","nominal","2.0NRT",286.18,1.22,"N"
"30306",20.04173,94.61582,305.85,0.56,0.51,"2026-02-16",1849,"N20","nominal","2.0NRT",289.4,1.86,"N"
"30307",19.89943,95.74345,303.86,0.47,0.48,"2026-02-16",1849,"N20","nominal","2.0NRT",289.85,1.12,"N"
"30308",18.71255,103.93993,301.24,0.41,0.37,"2026-02-16",1849,"N20","nominal","2.0NRT",291.18,0.79,"N"
"30309",19.67866,97.46268,313.47,0.55,0.43,"2026-02-16",1849,"N20","nominal","2.0NRT",291.49,3.03,"N"
"30310",18.75866,103.64303,309.9,0.4,0.37,"2026-02-16",1849,"N20","nominal","2.0NRT",291.86,1.53,"N"
"30311",18.75803,103.64683,306.62,0.4,0.37,"2026-02-16",1849,"N20","nominal","2.0NRT",290.77,0.73,"N"
"30312",20.04708,94.39855,304.18,0.58,0.52,"2026-02-16",1849,"N20","nominal","2.0NRT",293.59,2.25,"N"
"30313",19.89948,95.66883,304.87,0.48,0.48,"2026-02-16",1849,"N20","nominal","2.0NRT",288.89,1.14,"N"
"30314",19.64563,97.44037,304.95,0.55,0.43,"2026-02-16",1849,"N20","nominal","2.0NRT",291.46,1.06,"N"
"30315",19.63847,97.40278,300.3,0.56,0.43,"2026-02-16",1849,"N20","nominal","2.0NRT",288.33,1.03,"N"
"30316",18.81966,103.00317,302.04,0.39,0.36,"2026-02-16",1849,"N20","nominal","2.0NRT",288.01,0.6,"N"
"30317",19.28273,99.92047,308.4,0.42,0.38,"2026-02-16",1849,"N20","nominal","2.0NRT",294.96,1.72,"N"
"30318",19.28217,99.92432,308.97,0.42,0.38,"2026-02-16",1849,"N20","nominal","2.0NRT",295.13,1.94,"N"
"30319",18.61481,104.16533,305.97,0.42,0.37,"2026-02-16",1849,"N20","nominal","2.0NRT",291.09,0.8,"N"
"30320",18.85487,102.61665,305.89,0.39,0.36,"2026-02-16",1849,"N20","nominal","2.0NRT",291.13,0.56,"N"
"30321",18.62609,103.97253,309.65,0.41,0.37,"2026-02-16",1849,"N20","nominal","2.0NRT",292.82,1.14,"N"
"30322",19.61209,97.39254,318.39,0.56,0.43,"2026-02-16",1849,"N20","nominal","2.0NRT",291.47,1.79,"N"
"30323",19.61138,97.39787,303.41,0.56,0.43,"2026-02-16",1849,"N20","nominal","2.0NRT",291.1,1.79,"N"
"30324",18.56684,104.24166,306.71,0.42,0.38,"2026-02-16",1849,"N20","nominal","2.0NRT",290.2,0.87,"N"
"30325",19.92321,94.63345,303.34,0.56,0.51,"2026-02-16",1849,"N20","nominal","2.0NRT",290.43,1.17,"N"
"30326",19.12034,100.66772,306.21,0.4,0.37,"2026-02-16",1849,"N20","nominal","2.0NRT",292.57,0.71,"N"
"30327",18.60393,103.91715,307.65,0.41,0.37,"2026-02-16",1849,"N20","nominal","2.0NRT",292.83,0.64,"N"
"30328",18.57853,104.0474,314.07,0.41,0.37,"2026-02-16",1849,"N20","nominal","2.0NRT",293.09,1.25,"N"
"30329",19.57219,97.39164,312,0.56,0.43,"2026-02-16",1849,"N20","nominal","2.0NRT",291.59,1.8,"N"
"30330",18.56409,104.11213,301.79,0.42,0.37,"2026-02-16",1849,"N20","nominal","2.0NRT",291.48,0.75,"N"
"30331",19.56759,97.39619,304.2,0.56,0.43,"2026-02-16",1849,"N20","nominal","2.0NRT",292.02,1.21,"N"
"30332",19.56698,97.40089,305.68,0.56,0.43,"2026-02-16",1849,"N20","nominal","2.0NRT",291.37,1.21,"N"
"30333",19.53918,97.58344,304.84,0.54,0.42,"2026-02-16",1849,"N20","nominal","2.0NRT",291.93,1.23,"N"
"30334",19.8589,94.65206,299.78,0.55,0.51,"2026-02-16",1849,"N20","nominal","2.0NRT",287.85,1.09,"N"
"30335",19.66046,96.32674,306.88,0.43,0.46,"2026-02-16",1849,"N20","nominal","2.0NRT",293.05,1.16,"N"
"30336",19.64958,96.34605,302.61,0.43,0.46,"2026-02-16",1849,"N20","nominal","2.0NRT",288.3,0.79,"N"
"30337",19.51323,97.44634,301.78,0.55,0.43,"2026-02-16",1849,"N20","nominal","2.0NRT",291.58,0.52,"N"
"30338",19.50779,97.45793,304.2,0.55,0.43,"2026-02-16",1849,"N20","nominal","2.0NRT",292.2,2.15,"N"
"30339",18.82261,102.24666,312.54,0.38,0.36,"2026-02-16",1849,"N20","nominal","2.0NRT",294.73,1.67,"N"
"30340",18.81932,102.24609,326.92,0.38,0.36,"2026-02-16",1849,"N20","nominal","2.0NRT",295.29,3.45,"N"
"30341",18.81701,102.26056,308.42,0.38,0.36,"2026-02-16",1849,"N20","nominal","2.0NRT",294.57,1.07,"N"
"30342",19.51226,97.45096,303.56,0.55,0.43,"2026-02-16",1849,"N20","nominal","2.0NRT",292.14,1.52,"N"
"30343",19.50756,97.45629,303.89,0.55,0.43,"2026-02-16",1849,"N20","nominal","2.0NRT",291.76,1.09,"N"
"30344",18.42019,104.58892,298.44,0.43,0.38,"2026-02-16",1849,"N20","nominal","2.0NRT",288.13,0.6,"N"
"30345",18.5215,103.96639,321.42,0.41,0.37,"2026-02-16",1849,"N20","nominal","2.0NRT",294.09,2.5,"N"
"30346",19.85708,94.65114,297.81,0.55,0.51,"2026-02-16",1849,"N20","nominal","2.0NRT",287.28,1.55,"N"
"30347",19.64853,96.34792,301.61,0.43,0.46,"2026-02-16",1849,"N20","nominal","2.0NRT",288.72,0.89,"N"
"30348",19.63373,96.36353,305.85,0.43,0.46,"2026-02-16",1849,"N20","nominal","2.0NRT",294.57,0.75,"N"
"30349",19.52556,97.19999,319.32,0.57,0.43,"2026-02-16",1849,"N20","nominal","2.0NRT",284.04,2.81,"N"
"30350",19.82271,94.57594,299.39,0.56,0.51,"2026-02-16",1849,"N20","nominal","2.0NRT",288.13,1.47,"N"
"30351",18.49033,103.96454,304.46,0.41,0.37,"2026-02-16",1849,"N20","nominal","2.0NRT",292.62,0.81,"N"
"30352",19.5971,96.38359,312.08,0.43,0.46,"2026-02-16",1849,"N20","nominal","2.0NRT",294.85,1.83,"N"
"30353",19.59291,96.38302,307.69,0.43,0.46,"2026-02-16",1849,"N20","nominal","2.0NRT",294.08,1.83,"N"
"30354",19.58972,96.3744,313.67,0.43,0.46,"2026-02-16",1849,"N20","nominal","2.0NRT",296.33,2.35,"N"
"30355",19.78591,94.64661,300.25,0.55,0.51,"2026-02-16",1849,"N20","nominal","2.0NRT",288.7,1.15,"N"
"30356",19.57767,96.36843,312.25,0.43,0.46,"2026-02-16",1849,"N20","nominal","2.0NRT",296.58,1.6,"N"
"30357",19.57716,96.3726,313.95,0.43,0.46,"2026-02-16",1849,"N20","nominal","2.0NRT",296.75,1.6,"N"
"30358",19.74017,94.9651,309.81,0.53,0.5,"2026-02-16",1849,"N20","nominal","2.0NRT",294.87,2.95,"N"
"30359",19.72303,95.03326,302.9,0.52,0.5,"2026-02-16",1849,"N20","nominal","2.0NRT",289.97,1.22,"N"
"30360",19.06771,100.07761,302.54,0.41,0.37,"2026-02-16",1849,"N20","nominal","2.0NRT",291.76,1,"N"
"30361",19.7683,94.54709,312.38,0.56,0.52,"2026-02-16",1849,"N20","nominal","2.0NRT",288.58,2.51,"N"
"30362",19.03371,100.2626,303.14,0.41,0.37,"2026-02-16",1849,"N20","nominal","2.0NRT",292.73,0.53,"N"
"30363",19.03315,100.26645,305.53,0.41,0.37,"2026-02-16",1849,"N20","nominal","2.0NRT",292.71,0.53,"N"
"30364",18.5854,103.14404,314.5,0.39,0.36,"2026-02-16",1849,"N20","nominal","2.0NRT",291.91,1.23,"N"
"30365",19.55364,96.35579,304,0.43,0.46,"2026-02-16",1849,"N20","nominal","2.0NRT",293.35,1.42,"N"
"30366",19.55314,96.35989,311.47,0.43,0.46,"2026-02-16",1849,"N20","nominal","2.0NRT",293.22,1.42,"N"
"30367",18.54341,103.3568,307.39,0.4,0.37,"2026-02-16",1849,"N20","nominal","2.0NRT",290.66,1.25,"N"
"30368",19.71087,94.93456,332.13,0.53,0.5,"2026-02-16",1849,"N20","nominal","2.0NRT",290.27,2.81,"N"
"30369",19.71934,94.85893,309.97,0.53,0.5,"2026-02-16",1849,"N20","nominal","2.0NRT",287.98,1.4,"N"
"30370",19.01673,100.30735,303.8,0.41,0.37,"2026-02-16",1849,"N20","nominal","2.0NRT",293.71,0.75,"N"
"30371",19.76734,94.54592,318.18,0.56,0.51,"2026-02-16",1849,"N20","nominal","2.0NRT",289.82,2.48,"N"
"30372",19.26944,98.38076,304.49,0.49,0.4,"2026-02-16",1849,"N20","nominal","2.0NRT",289.62,1.15,"N"
"30373",19.71178,94.93321,331.23,0.53,0.5,"2026-02-16",1849,"N20","nominal","2.0NRT",289.81,3.54,"N"
"30374",19.7208,94.85772,309.23,0.53,0.5,"2026-02-16",1849,"N20","nominal","2.0NRT",286.85,1.6,"N"
"30375",19.26641,98.37538,311.23,0.49,0.4,"2026-02-16",1849,"N20","nominal","2.0NRT",289.59,1.14,"N"
"30376",18.75846,101.78754,310.09,0.38,0.36,"2026-02-16",1849,"N20","nominal","2.0NRT",289.68,0.7,"N"
"30377",19.38641,97.3767,302.67,0.55,0.43,"2026-02-16",1849,"N20","nominal","2.0NRT",292.13,2.12,"N"
"30378",19.38122,97.38576,332.59,0.55,0.43,"2026-02-16",1849,"N20","nominal","2.0NRT",294.12,7.3,"N"
"30379",19.67154,95.07499,302.77,0.52,0.5,"2026-02-16",1849,"N20","nominal","2.0NRT",291.2,1.63,"N"
"30380",19.67095,95.07994,305.55,0.52,0.5,"2026-02-16",1849,"N20","nominal","2.0NRT",295.02,1.63,"N"
"30381",18.72103,101.91838,328.43,0.38,0.36,"2026-02-16",1849,"N20","nominal","2.0NRT",292.77,4.1,"N"
"30382",19.70744,94.73057,306.52,0.54,0.51,"2026-02-16",1849,"N20","nominal","2.0NRT",286.08,1.2,"N"
"30383",19.6807,94.91862,296.46,0.53,0.5,"2026-02-16",1849,"N20","nominal","2.0NRT",285.82,0.43,"N"
"30384",19.70356,94.68208,302.86,0.55,0.51,"2026-02-16",1849,"N20","nominal","2.0NRT",286.12,1.21,"N"
"30385",19.49424,96.41457,310.91,0.42,0.45,"2026-02-16",1849,"N20","nominal","2.0NRT",292.46,1.38,"N"
"30386",19.49368,96.41903,310.53,0.42,0.45,"2026-02-16",1849,"N20","nominal","2.0NRT",294.91,1.38,"N"
"30387",19.48948,96.41866,307.6,0.42,0.45,"2026-02-16",1849,"N20","nominal","2.0NRT",295.35,1.38,"N"
"30388",19.4889,96.42326,314.05,0.42,0.45,"2026-02-16",1849,"N20","nominal","2.0NRT",296.52,2.27,"N"
"30389",19.48473,96.42269,328.76,0.42,0.45,"2026-02-16",1849,"N20","nominal","2.0NRT",296.7,3.47,"N"
"30390",19.35035,97.40812,313.57,0.55,0.43,"2026-02-16",1849,"N20","nominal","2.0NRT",292.85,1.63,"N"
"30391",19.66695,94.7939,310.24,0.54,0.51,"2026-02-16",1849,"N20","nominal","2.0NRT",289.31,1.48,"N"
"30392",19.66455,94.81486,298.11,0.54,0.51,"2026-02-16",1849,"N20","nominal","2.0NRT",287.86,0.63,"N"
"30393",19.47325,96.41271,306.97,0.42,0.45,"2026-02-16",1849,"N20","nominal","2.0NRT",295.7,2.15,"N"
"30394",19.34647,97.40726,309.3,0.55,0.43,"2026-02-16",1849,"N20","nominal","2.0NRT",292.56,1.63,"N"
"30395",19.46383,96.42028,306.39,0.42,0.45,"2026-02-16",1849,"N20","nominal","2.0NRT",295.23,2.46,"N"
"30396",19.62252,95.0577,301.23,0.52,0.5,"2026-02-16",1849,"N20","nominal","2.0NRT",287.23,1.22,"N"
"30397",19.33857,97.3761,312.38,0.55,0.43,"2026-02-16",1849,"N20","nominal","2.0NRT",292.21,2.25,"N"
"30398",19.33332,97.41645,306.35,0.55,0.43,"2026-02-16",1849,"N20","nominal","2.0NRT",292.21,1.46,"N"
"30399",19.61501,95.08264,312.38,0.51,0.5,"2026-02-16",1849,"N20","nominal","2.0NRT",292.48,3.31,"N"
"30400",19.45351,96.43514,307.31,0.42,0.45,"2026-02-16",1849,"N20","nominal","2.0NRT",295.75,1.44,"N"
"30401",19.32947,97.41546,308.66,0.55,0.43,"2026-02-16",1849,"N20","nominal","2.0NRT",292.37,1.46,"N"
"30402",19.6105,95.08157,323.92,0.51,0.5,"2026-02-16",1849,"N20","nominal","2.0NRT",289.9,1.97,"N"
"30403",19.61166,95.07146,299.03,0.52,0.5,"2026-02-16",1849,"N20","nominal","2.0NRT",287.61,0.9,"N"
"30404",19.61108,95.07648,311.49,0.52,0.5,"2026-02-16",1849,"N20","nominal","2.0NRT",288.66,1.97,"N"
"30405",19.44847,96.4416,310.26,0.42,0.45,"2026-02-16",1849,"N20","nominal","2.0NRT",292.21,0.52,"N"
"30406",19.32559,97.41461,312.28,0.55,0.43,"2026-02-16",1849,"N20","nominal","2.0NRT",291.58,2.44,"N"
"30407",19.31873,97.43701,304.16,0.55,0.43,"2026-02-16",1849,"N20","nominal","2.0NRT",293.04,1.36,"N"
"30408",18.45717,103.28188,304.01,0.4,0.37,"2026-02-16",1849,"N20","nominal","2.0NRT",293.15,0.63,"N"
"30409",19.47874,96.12337,298.67,0.44,0.46,"2026-02-16",1849,"N20","nominal","2.0NRT",288.17,1.16,"N"
"30410",19.31781,97.41312,308.72,0.55,0.43,"2026-02-16",1849,"N20","nominal","2.0NRT",291.42,1.01,"N"
"30411",18.45384,103.28127,314.34,0.4,0.37,"2026-02-16",1849,"N20","nominal","2.0NRT",295.36,2.01,"N"
"30412",18.45048,103.28078,322.57,0.4,0.37,"2026-02-16",1849,"N20","nominal","2.0NRT",296.26,2.01,"N"
"30413",19.45998,96.24274,312.38,0.43,0.46,"2026-02-16",1849,"N20","nominal","2.0NRT",286.95,1.39,"N"
"30414",19.45948,96.24685,312.59,0.43,0.46,"2026-02-16",1849,"N20","nominal","2.0NRT",286.81,1.39,"N"
"30415",19.58618,95.1324,304.29,0.51,0.49,"2026-02-16",1849,"N20","nominal","2.0NRT",292.87,1.55,"N"
"30416",19.30712,97.43452,310.68,0.55,0.43,"2026-02-16",1849,"N20","nominal","2.0NRT",292.72,1.44,"N"
"30417",19.30323,97.4338,310.62,0.55,0.43,"2026-02-16",1849,"N20","nominal","2.0NRT",292.23,1.44,"N"
"30418",19.30151,97.41598,300.14,0.55,0.43,"2026-02-16",1849,"N20","nominal","2.0NRT",290.08,0.33,"N"
"30419",19.30009,97.42722,300.55,0.55,0.43,"2026-02-16",1849,"N20","nominal","2.0NRT",290.31,0.6,"N"
"30420",19.59918,94.89365,319.24,0.53,0.5,"2026-02-16",1849,"N20","nominal","2.0NRT",296.03,2.59,"N"
"30421",18.17077,104.79716,316.28,0.44,0.39,"2026-02-16",1849,"N20","nominal","2.0NRT",288.43,1.49,"N"
"30422",19.30303,97.43124,305.39,0.55,0.43,"2026-02-16",1849,"N20","nominal","2.0NRT",291.69,1.65,"N"
"30423",18.17011,104.79803,310.7,0.44,0.39,"2026-02-16",1849,"N20","nominal","2.0NRT",287.68,1.58,"N"
"30424",19.58487,95.13434,304.42,0.51,0.49,"2026-02-16",1849,"N20","nominal","2.0NRT",292.49,1.5,"N"
"30425",19.60013,94.89154,314.89,0.53,0.5,"2026-02-16",1849,"N20","nominal","2.0NRT",295.58,2.46,"N"
"30426",18.88497,100.22395,303.5,0.41,0.37,"2026-02-16",1849,"N20","nominal","2.0NRT",292.28,0.43,"N"
"30427",19.58009,95.02025,305.53,0.52,0.5,"2026-02-16",1849,"N20","nominal","2.0NRT",290.9,1.27,"N"
"30428",19.50569,95.56026,323.07,0.48,0.48,"2026-02-16",1849,"N20","nominal","2.0NRT",288.69,2.19,"N"
"30429",19.27389,97.38098,314.11,0.55,0.43,"2026-02-16",1849,"N20","nominal","2.0NRT",293.24,1.92,"N"
"30430",19.56989,94.98862,308.99,0.52,0.5,"2026-02-16",1849,"N20","nominal","2.0NRT",290.27,1.61,"N"
"30431",19.56357,95.00271,301.52,0.52,0.5,"2026-02-16",1849,"N20","nominal","2.0NRT",288.52,0.52,"N"
"30432",19.39515,96.38016,297.87,0.42,0.45,"2026-02-16",1849,"N20","nominal","2.0NRT",287.59,0.42,"N"
"30433",19.55266,95.01628,299.85,0.52,0.5,"2026-02-16",1849,"N20","nominal","2.0NRT",288.99,0.76,"N"
"30434",19.55208,95.02121,305.86,0.52,0.5,"2026-02-16",1849,"N20","nominal","2.0NRT",287.88,1.45,"N"
"30435",18.41606,103.07698,314.47,0.39,0.36,"2026-02-16",1849,"N20","nominal","2.0NRT",290.74,1.16,"N"
"30436",18.41516,103.06162,331.95,0.39,0.36,"2026-02-16",1849,"N20","nominal","2.0NRT",292.4,1.96,"N"
"30437",18.53099,102.34498,314.08,0.38,0.36,"2026-02-16",1849,"N20","nominal","2.0NRT",293.41,1.84,"N"
"30438",18.41394,103.06901,308.83,0.39,0.36,"2026-02-16",1849,"N20","nominal","2.0NRT",290.56,0.99,"N"
"30439",18.41334,103.07271,300.72,0.39,0.36,"2026-02-16",1849,"N20","nominal","2.0NRT",289.17,0.71,"N"
"30440",18.41274,103.07639,310.07,0.39,0.36,"2026-02-16",1849,"N20","nominal","2.0NRT",290.94,0.71,"N"
"30441",18.52712,102.34801,330.44,0.38,0.36,"2026-02-16",1849,"N20","nominal","2.0NRT",295.06,1.84,"N"
"30442",19.48586,95.50134,296.65,0.48,0.48,"2026-02-16",1849,"N20","nominal","2.0NRT",285.45,0.68,"N"
"30443",19.47536,95.58871,301.83,0.48,0.48,"2026-02-16",1849,"N20","nominal","2.0NRT",289.02,0.88,"N"
"30444",18.5277,102.34439,315.81,0.38,0.36,"2026-02-16",1849,"N20","nominal","2.0NRT",295.41,1.84,"N"
"30445",18.41304,103.05367,302.34,0.39,0.36,"2026-02-16",1849,"N20","nominal","2.0NRT",290.49,0.77,"N"
"30446",18.41244,103.05735,309.06,0.39,0.36,"2026-02-16",1849,"N20","nominal","2.0NRT",290.35,1.96,"N"
"30447",18.41183,103.06104,318.99,0.39,0.36,"2026-02-16",1849,"N20","nominal","2.0NRT",291.27,1.96,"N"
"30448",18.41123,103.06474,307.18,0.39,0.36,"2026-02-16",1849,"N20","nominal","2.0NRT",291.04,0.99,"N"
"30449",18.41062,103.06844,311.41,0.39,0.36,"2026-02-16",1849,"N20","nominal","2.0NRT",290.45,0.99,"N"
"30450",18.41002,103.07212,303.97,0.39,0.36,"2026-02-16",1849,"N20","nominal","2.0NRT",289.7,0.71,"N"
"30451",18.40941,103.07582,308.11,0.39,0.36,"2026-02-16",1849,"N20","nominal","2.0NRT",290.4,0.71,"N"
"30452",18.52383,102.34743,343.95,0.38,0.36,"2026-02-16",1849,"N20","nominal","2.0NRT",297.78,2.3,"N"
"30453",18.52441,102.34381,319.01,0.38,0.36,"2026-02-16",1849,"N20","nominal","2.0NRT",295.55,2.3,"N"
"30454",18.52325,102.35107,306.06,0.38,0.36,"2026-02-16",1849,"N20","nominal","2.0NRT",294.03,1.94,"N"
"30455",18.40971,103.05309,301.09,0.39,0.36,"2026-02-16",1849,"N20","nominal","2.0NRT",290.37,0.61,"N"
"30456",18.40911,103.05679,305.9,0.39,0.36,"2026-02-16",1849,"N20","nominal","2.0NRT",290.73,0.61,"N"
"30457",18.40851,103.06046,301.26,0.39,0.36,"2026-02-16",1849,"N20","nominal","2.0NRT",289.99,0.61,"N"
"30458",18.4079,103.06416,302.48,0.39,0.36,"2026-02-16",1849,"N20","nominal","2.0NRT",290.39,0.92,"N"
"30459",18.52112,102.34322,323,0.38,0.36,"2026-02-16",1849,"N20","nominal","2.0NRT",294.82,2.3,"N"
"30460",18.52054,102.34685,304.66,0.38,0.36,"2026-02-16",1849,"N20","nominal","2.0NRT",294.29,2.3,"N"
"30461",18.40397,103.06728,307.77,0.39,0.36,"2026-02-16",1849,"N20","nominal","2.0NRT",290.05,0.92,"N"
"30462",19.52459,94.97753,303.22,0.52,0.5,"2026-02-16",1849,"N20","nominal","2.0NRT",292.14,5.1,"N"
"30463",19.52056,94.97208,326.5,0.52,0.5,"2026-02-16",1849,"N20","nominal","2.0NRT",293.37,6.38,"N"
"30464",19.52002,94.97678,346.6,0.52,0.5,"2026-02-16",1849,"N20","nominal","2.0NRT",296.71,5.1,"N"
"30465",19.36999,96.23935,296.92,0.43,0.46,"2026-02-16",1849,"N20","nominal","2.0NRT",285.62,0.4,"N"
"30466",18.11455,104.70068,297.92,0.44,0.38,"2026-02-16",1849,"N20","nominal","2.0NRT",286.83,0.47,"N"
"30467",18.50196,102.33611,308.15,0.38,0.36,"2026-02-16",1849,"N20","nominal","2.0NRT",292.93,0.67,"N"
"30468",19.21746,97.35472,316.17,0.55,0.43,"2026-02-16",1849,"N20","nominal","2.0NRT",294.25,1.95,"N"
"30469",18.81029,100.30634,305.97,0.41,0.37,"2026-02-16",1849,"N20","nominal","2.0NRT",293.22,0.9,"N"
"30470",18.50098,102.32107,306.58,0.38,0.36,"2026-02-16",1849,"N20","nominal","2.0NRT",294.07,1.15,"N"
"30471",19.45737,95.35968,296.54,0.49,0.49,"2026-02-16",1849,"N20","nominal","2.0NRT",284.99,0.81,"N"
"30472",19.2129,97.35911,304.8,0.55,0.43,"2026-02-16",1849,"N20","nominal","2.0NRT",293.33,1.95,"N"
"30473",19.20383,97.36759,303.96,0.55,0.43,"2026-02-16",1849,"N20","nominal","2.0NRT",292.98,1.38,"N"
"30474",19.41502,95.60741,304.09,0.47,0.48,"2026-02-16",1849,"N20","nominal","2.0NRT",287.02,0.49,"N"
"30475",18.15326,104.31113,309.99,0.43,0.38,"2026-02-16",1849,"N20","nominal","2.0NRT",291.86,0.9,"N"
"30476",18.87949,99.68372,302.17,0.43,0.38,"2026-02-16",1849,"N20","nominal","2.0NRT",287.33,0.88,"N"
"30477",18.82598,100.05607,317.12,0.41,0.37,"2026-02-16",1849,"N20","nominal","2.0NRT",295.49,2.3,"N"
"30478",18.87661,99.67909,301.53,0.43,0.38,"2026-02-16",1849,"N20","nominal","2.0NRT",286.97,0.68,"N"
"30479",18.87545,99.68726,302.81,0.43,0.38,"2026-02-16",1849,"N20","nominal","2.0NRT",287.75,0.88,"N"
"30480",18.87787,99.68048,301.01,0.43,0.38,"2026-02-16",1849,"N20","nominal","2.0NRT",287.42,0.85,"N"
"30481",18.87727,99.68455,307.35,0.43,0.38,"2026-02-16",1849,"N20","nominal","2.0NRT",288.54,1.33,"N"
"30482",18.78392,100.26738,310.25,0.41,0.37,"2026-02-16",1849,"N20","nominal","2.0NRT",293.64,1.39,"N"
"30483",18.46522,102.33002,307.45,0.38,0.36,"2026-02-16",1849,"N20","nominal","2.0NRT",292.14,1.4,"N"
"30484",18.46192,102.32945,324.56,0.38,0.36,"2026-02-16",1849,"N20","nominal","2.0NRT",291.38,1.4,"N"
"30485",18.87631,99.61847,309.32,0.43,0.38,"2026-02-16",1849,"N20","nominal","2.0NRT",288.21,1.26,"N"
"30486",18.46135,102.33308,307.57,0.38,0.36,"2026-02-16",1849,"N20","nominal","2.0NRT",290.46,1.68,"N"
"30487",19.41524,95.60534,302.97,0.47,0.48,"2026-02-16",1849,"N20","nominal","2.0NRT",286.76,0.75,"N"
"30488",18.11319,104.38671,306.62,0.43,0.38,"2026-02-16",1849,"N20","nominal","2.0NRT",292.78,0.58,"N"
"30489",18.10974,104.38609,304.1,0.43,0.38,"2026-02-16",1849,"N20","nominal","2.0NRT",292.41,0.58,"N"
"30490",19.43039,95.33514,300.62,0.49,0.49,"2026-02-16",1849,"N20","nominal","2.0NRT",287.23,0.74,"N"
"30491",18.85196,99.66386,301.09,0.43,0.38,"2026-02-16",1849,"N20","nominal","2.0NRT",288.4,1.02,"N"
"30492",19.18617,97.22928,301.64,0.56,0.43,"2026-02-16",1849,"N20","nominal","2.0NRT",289.59,1,"N"
"30493",19.18546,97.2346,312.3,0.56,0.43,"2026-02-16",1849,"N20","nominal","2.0NRT",289.21,1.39,"N"
"30494",18.84672,99.67549,305.5,0.43,0.38,"2026-02-16",1849,"N20","nominal","2.0NRT",286.77,0.67,"N"
"30495",19.45605,95.04547,295.29,0.51,0.5,"2026-02-16",1849,"N20","nominal","2.0NRT",283.38,0.7,"N"
"30496",18.78713,100.05819,304.76,0.41,0.37,"2026-02-16",1849,"N20","nominal","2.0NRT",291.71,0.49,"N"
"30497",18.75739,100.25912,308.66,0.41,0.37,"2026-02-16",1849,"N20","nominal","2.0NRT",293.08,0.97,"N"
"30498",19.38564,95.59165,297.91,0.47,0.48,"2026-02-16",1849,"N20","nominal","2.0NRT",286.7,0.71,"N"
"30499",18.83989,99.62486,302.03,0.43,0.38,"2026-02-16",1849,"N20","nominal","2.0NRT",288.83,0.64,"N"
"30500",18.83931,99.62888,307.47,0.43,0.38,"2026-02-16",1849,"N20","nominal","2.0NRT",288.42,1.32,"N"
"30501",19.15814,97.28978,302.4,0.56,0.43,"2026-02-16",1849,"N20","nominal","2.0NRT",290.9,0.59,"N"
"30502",19.35117,95.7286,305.29,0.46,0.47,"2026-02-16",1849,"N20","nominal","2.0NRT",289.8,1.61,"N"
"30503",19.14955,97.29424,302.58,0.56,0.43,"2026-02-16",1849,"N20","nominal","2.0NRT",290.48,0.87,"N"
"30504",19.36694,95.52409,300.96,0.48,0.48,"2026-02-16",1849,"N20","nominal","2.0NRT",285.78,1.07,"N"
"30505",19.35114,95.65546,299.89,0.47,0.48,"2026-02-16",1849,"N20","nominal","2.0NRT",287.42,0.73,"N"
"30506",19.14563,97.29364,298.87,0.56,0.43,"2026-02-16",1849,"N20","nominal","2.0NRT",288.63,0.87,"N"
"30507",19.14494,97.29896,308.88,0.56,0.43,"2026-02-16",1849,"N20","nominal","2.0NRT",291.7,0.87,"N"
"30508",19.14424,97.3043,306.33,0.56,0.43,"2026-02-16",1849,"N20","nominal","2.0NRT",293.45,1.46,"N"
"30509",19.14358,97.30931,305.59,0.56,0.43,"2026-02-16",1849,"N20","nominal","2.0NRT",293.94,1.46,"N"
"30510",19.14228,97.31924,310.07,0.56,0.43,"2026-02-16",1849,"N20","nominal","2.0NRT",293.34,2.73,"N"
"30511",19.13838,97.31852,304.13,0.56,0.43,"2026-02-16",1849,"N20","nominal","2.0NRT",292.99,1.36,"N"
"30512",19.41211,95.06466,298.83,0.51,0.5,"2026-02-16",1849,"N20","nominal","2.0NRT",286.89,1.8,"N"
"30513",19.35321,95.5639,308.96,0.48,0.48,"2026-02-16",1849,"N20","nominal","2.0NRT",286.19,0.75,"N"
"30514",18.80522,99.64392,299.81,0.43,0.38,"2026-02-16",1849,"N20","nominal","2.0NRT",287.54,0.57,"N"
"30515",19.43992,94.65847,298.13,0.55,0.51,"2026-02-16",1849,"N20","nominal","2.0NRT",287.31,0.44,"N"
"30516",18.80118,99.64741,300.92,0.43,0.38,"2026-02-16",1849,"N20","nominal","2.0NRT",287.86,0.68,"N"
"30517",18.72691,100.15955,303.65,0.41,0.37,"2026-02-16",1849,"N20","nominal","2.0NRT",293.06,0.9,"N"
"30518",19.31832,95.66976,304.17,0.47,0.48,"2026-02-16",1849,"N20","nominal","2.0NRT",291.38,1.83,"N"
"30519",19.30403,95.64018,302.98,0.47,0.48,"2026-02-16",1849,"N20","nominal","2.0NRT",290.5,1.11,"N"
"30520",19.29911,95.64418,303.46,0.47,0.48,"2026-02-16",1849,"N20","nominal","2.0NRT",288.49,1.11,"N"
"30521",18.70205,100.18674,305.08,0.41,0.37,"2026-02-16",1849,"N20","nominal","2.0NRT",291.86,0.54,"N"
"30522",18.70812,100.0975,305.56,0.41,0.37,"2026-02-16",1849,"N20","nominal","2.0NRT",294.32,1.18,"N"
"30523",18.69637,100.17798,305.44,0.41,0.37,"2026-02-16",1849,"N20","nominal","2.0NRT",292.07,0.89,"N"
"30524",18.70811,100.09396,306.18,0.41,0.37,"2026-02-16",1849,"N20","nominal","2.0NRT",293.39,1.51,"N"
"30525",18.6961,100.17456,302.57,0.41,0.37,"2026-02-16",1849,"N20","nominal","2.0NRT",292.53,0.75,"N"
"30526",18.69554,100.17832,304.44,0.41,0.37,"2026-02-16",1849,"N20","nominal","2.0NRT",291.69,0.57,"N"
"30527",19.38999,94.93452,298.03,0.52,0.5,"2026-02-16",1849,"N20","nominal","2.0NRT",287.7,0.88,"N"
"30528",19.3032,95.64182,308.68,0.47,0.48,"2026-02-16",1849,"N20","nominal","2.0NRT",290.41,2.06,"N"
"30529",19.09138,97.25113,320.35,0.56,0.43,"2026-02-16",1849,"N20","nominal","2.0NRT",292.84,2.54,"N"
"30530",19.29604,95.66354,296.27,0.47,0.48,"2026-02-16",1849,"N20","nominal","2.0NRT",285.63,0.35,"N"
"30531",19.09207,97.24596,316.35,0.56,0.43,"2026-02-16",1849,"N20","nominal","2.0NRT",291.54,2.54,"N"
"30532",19.29274,95.65434,305.77,0.47,0.48,"2026-02-16",1849,"N20","nominal","2.0NRT",291.43,2.17,"N"
"30533",19.2922,95.65866,313.29,0.47,0.48,"2026-02-16",1849,"N20","nominal","2.0NRT",291.34,1.53,"N"
"30534",19.29167,95.66296,311.87,0.47,0.48,"2026-02-16",1849,"N20","nominal","2.0NRT",291.13,1.53,"N"
"30535",19.08962,97.23418,306.03,0.56,0.43,"2026-02-16",1849,"N20","nominal","2.0NRT",291.19,1,"N"
"30536",19.08888,97.23979,303.96,0.56,0.43,"2026-02-16",1849,"N20","nominal","2.0NRT",291.15,1,"N"
"30537",19.08678,97.25559,304.02,0.56,0.43,"2026-02-16",1849,"N20","nominal","2.0NRT",290.58,0.76,"N"
"30538",19.28784,95.65804,309.48,0.47,0.48,"2026-02-16",1849,"N20","nominal","2.0NRT",290.48,1.53,"N"
"30539",19.28675,95.66682,310.79,0.47,0.48,"2026-02-16",1849,"N20","nominal","2.0NRT",289.84,2.46,"N"
"30540",19.0857,97.2335,304.46,0.56,0.43,"2026-02-16",1849,"N20","nominal","2.0NRT",291.31,1,"N"
"30541",19.08217,97.26006,301.83,0.56,0.43,"2026-02-16",1849,"N20","nominal","2.0NRT",289.69,0.76,"N"
"30542",19.40664,94.63689,300.51,0.55,0.51,"2026-02-16",1849,"N20","nominal","2.0NRT",290.1,1.22,"N"
"30543",19.08249,97.22745,317.72,0.56,0.43,"2026-02-16",1849,"N20","nominal","2.0NRT",290.89,2.34,"N"
"30544",19.07824,97.25946,300.97,0.56,0.43,"2026-02-16",1849,"N20","nominal","2.0NRT",289.82,0.65,"N"
"30545",18.32678,102.38744,303.97,0.39,0.36,"2026-02-16",1849,"N20","nominal","2.0NRT",291.13,0.67,"N"
"30546",19.39628,94.60337,311.75,0.55,0.51,"2026-02-16",1849,"N20","nominal","2.0NRT",291.27,1.7,"N"
"30547",19.28199,95.56053,297.13,0.47,0.48,"2026-02-16",1849,"N20","nominal","2.0NRT",286.44,0.28,"N"
"30548",19.38376,94.66983,303.42,0.54,0.51,"2026-02-16",1849,"N20","nominal","2.0NRT",288.54,1.39,"N"
"30549",19.25501,95.74455,317.61,0.46,0.47,"2026-02-16",1849,"N20","nominal","2.0NRT",293.39,2.32,"N"
"30550",19.26,95.66763,298.18,0.47,0.48,"2026-02-16",1849,"N20","nominal","2.0NRT",287.42,1.16,"N"
"30551",18.66507,100.07856,310.29,0.41,0.37,"2026-02-16",1849,"N20","nominal","2.0NRT",291.6,1.21,"N"
"30552",18.6748,99.98869,305.64,0.41,0.37,"2026-02-16",1849,"N20","nominal","2.0NRT",292.33,0.66,"N"
"30553",19.31699,95.11864,308.91,0.51,0.49,"2026-02-16",1849,"N20","nominal","2.0NRT",289.7,1.94,"N"
"30554",18.66397,100.03864,302.79,0.41,0.37,"2026-02-16",1849,"N20","nominal","2.0NRT",291.29,0.66,"N"
"30555",18.66338,100.04262,305.81,0.41,0.37,"2026-02-16",1849,"N20","nominal","2.0NRT",292.17,0.66,"N"
"30556",18.66172,100.03014,301.52,0.41,0.37,"2026-02-16",1849,"N20","nominal","2.0NRT",290.84,0.61,"N"
"30557",19.32976,94.93106,300.49,0.52,0.5,"2026-02-16",1849,"N20","nominal","2.0NRT",288.35,0.76,"N"
"30558",19.24089,95.64204,302.43,0.47,0.48,"2026-02-16",1849,"N20","nominal","2.0NRT",287.51,0.71,"N"
"30559",19.28984,95.1539,299.47,0.5,0.49,"2026-02-16",1849,"N20","nominal","2.0NRT",287.81,1.28,"N"
"30560",18.65373,99.98931,307.87,0.41,0.37,"2026-02-16",1849,"N20","nominal","2.0NRT",291.35,0.68,"N"
"30561",19.20957,95.79184,302.31,0.46,0.47,"2026-02-16",1849,"N20","nominal","2.0NRT",290.11,1.06,"N"
"30562",18.64919,99.99641,302.41,0.41,0.37,"2026-02-16",1849,"N20","nominal","2.0NRT",291.16,0.56,"N"
"30563",19.23936,95.42919,296.29,0.48,0.48,"2026-02-16",1849,"N20","nominal","2.0NRT",285.63,0.55,"N"
"30564",19.2862,94.94518,312.87,0.52,0.5,"2026-02-16",1849,"N20","nominal","2.0NRT",287.26,1.58,"N"
"30565",18.63545,99.97083,304.68,0.41,0.37,"2026-02-16",1849,"N20","nominal","2.0NRT",293.21,0.8,"N"
"30566",18.62979,99.98565,303.65,0.41,0.37,"2026-02-16",1849,"N20","nominal","2.0NRT",291.95,0.65,"N"
"30567",19.22642,95.38538,303.28,0.49,0.48,"2026-02-16",1849,"N20","nominal","2.0NRT",286.29,0.72,"N"
"30568",18.59874,100.17459,307.17,0.41,0.37,"2026-02-16",1849,"N20","nominal","2.0NRT",293.12,1.12,"N"
"30569",18.57972,100.18088,304.74,0.41,0.37,"2026-02-16",1849,"N20","nominal","2.0NRT",293.81,0.81,"N"
"30570",19.28629,94.94478,312.95,0.52,0.5,"2026-02-16",1849,"N20","nominal","2.0NRT",286.8,1.15,"N"
"30571",18.58266,100.13788,308.48,0.41,0.37,"2026-02-16",1849,"N20","nominal","2.0NRT",293.5,1.05,"N"
"30572",19.22781,95.3847,299.64,0.49,0.48,"2026-02-16",1849,"N20","nominal","2.0NRT",286.5,0.67,"N"
"30573",18.60503,99.96378,303.98,0.41,0.37,"2026-02-16",1849,"N20","nominal","2.0NRT",293.35,0.86,"N"
"30574",18.57984,100.13345,306.78,0.41,0.37,"2026-02-16",1849,"N20","nominal","2.0NRT",292.2,0.38,"N"
"30575",19.19643,95.5295,302.46,0.48,0.48,"2026-02-16",1849,"N20","nominal","2.0NRT",286.99,1.07,"N"
"30576",19.293,94.65302,300.02,0.54,0.51,"2026-02-16",1849,"N20","nominal","2.0NRT",289.48,0.69,"N"
"30577",19.16661,95.69863,307.34,0.46,0.47,"2026-02-16",1849,"N20","nominal","2.0NRT",288.18,1.2,"N"
"30578",19.16219,95.73432,314.58,0.46,0.47,"2026-02-16",1849,"N20","nominal","2.0NRT",290.14,2.42,"N"
"30579",19.16108,95.74326,302.36,0.46,0.47,"2026-02-16",1849,"N20","nominal","2.0NRT",290.76,1.36,"N"
"30580",19.19492,95.43201,302.8,0.48,0.48,"2026-02-16",1849,"N20","nominal","2.0NRT",289.02,0.88,"N"
"30581",19.15079,95.71935,299.02,0.46,0.47,"2026-02-16",1849,"N20","nominal","2.0NRT",288.4,1.29,"N"
"30582",19.14698,95.71437,310.76,0.46,0.47,"2026-02-16",1849,"N20","nominal","2.0NRT",293.23,1.29,"N"
"30583",19.21847,95.08512,306.16,0.51,0.49,"2026-02-16",1849,"N20","nominal","2.0NRT",292.14,1.03,"N"
"30584",19.14264,95.71371,311.36,0.46,0.47,"2026-02-16",1849,"N20","nominal","2.0NRT",291.25,1.28,"N"
"30585",19.14208,95.71823,306.01,0.46,0.47,"2026-02-16",1849,"N20","nominal","2.0NRT",293.73,1.28,"N"
"30586",19.141,95.72707,312.25,0.46,0.47,"2026-02-16",1849,"N20","nominal","2.0NRT",291.87,2.49,"N"
"30587",18.45149,100.73617,308.41,0.4,0.37,"2026-02-16",1849,"N20","nominal","2.0NRT",292.11,1.16,"N"
"30588",18.55216,100.03796,305.28,0.41,0.37,"2026-02-16",1849,"N20","nominal","2.0NRT",290.6,0.73,"N"
"30589",18.55156,100.04207,302.48,0.41,0.37,"2026-02-16",1849,"N20","nominal","2.0NRT",291.91,0.73,"N"
"30590",19.15179,95.49124,299.65,0.48,0.48,"2026-02-16",1849,"N20","nominal","2.0NRT",289.53,0.59,"N"
"30591",18.58657,99.6077,300.59,0.43,0.38,"2026-02-16",1849,"N20","nominal","2.0NRT",289.54,0.49,"N"
"30592",17.94796,103.69913,300.92,0.41,0.37,"2026-02-16",1849,"N20","nominal","2.0NRT",289.88,0.46,"N"
"30593",19.12471,95.45471,298.77,0.48,0.48,"2026-02-16",1849,"N20","nominal","2.0NRT",288.42,0.85,"N"
"30594",18.88002,97.43292,311.47,0.54,0.42,"2026-02-16",1849,"N20","nominal","2.0NRT",293.05,1.44,"N"
"30595",18.87554,97.43686,303.26,0.54,0.42,"2026-02-16",1849,"N20","nominal","2.0NRT",292.81,1.21,"N"
"30596",18.38799,100.8849,303.35,0.39,0.36,"2026-02-16",1849,"N20","nominal","2.0NRT",289.09,0.69,"N"
"30597",19.20161,94.66452,311.62,0.54,0.51,"2026-02-16",1849,"N20","nominal","2.0NRT",291.91,1.19,"N"
"30598",19.13194,95.27655,300.65,0.49,0.49,"2026-02-16",1849,"N20","nominal","2.0NRT",288.3,0.38,"N"
"30599",19.10774,95.48455,304.52,0.48,0.48,"2026-02-16",1849,"N20","nominal","2.0NRT",289.58,2.29,"N"
"30600",19.09656,95.57999,299.02,0.47,0.48,"2026-02-16",1849,"N20","nominal","2.0NRT",287.91,3,"N"
"30601",19.09216,95.57955,335,0.47,0.48,"2026-02-16",1849,"N20","nominal","2.0NRT",293.91,3,"N"
"30602",19.09269,95.57497,301.66,0.47,0.48,"2026-02-16",1849,"N20","nominal","2.0NRT",290.96,1.85,"N"
"30603",18.52817,99.86658,303.27,0.42,0.37,"2026-02-16",1849,"N20","nominal","2.0NRT",284.78,0.83,"N"
"30604",18.0677,102.85412,303.05,0.39,0.36,"2026-02-16",1849,"N20","nominal","2.0NRT",291.38,0.39,"N"
"30605",18.87671,97.2731,301.14,0.55,0.43,"2026-02-16",1849,"N20","nominal","2.0NRT",290.07,0.42,"N"
"30606",19.13342,95.27894,298.54,0.49,0.49,"2026-02-16",1849,"N20","nominal","2.0NRT",288.48,0.63,"N"
"30607",19.10829,95.4818,308.55,0.48,0.48,"2026-02-16",1849,"N20","nominal","2.0NRT",288.93,1.98,"N"
"30608",19.09641,95.57709,299.2,0.47,0.48,"2026-02-16",1849,"N20","nominal","2.0NRT",288.62,1.44,"N"
"30609",19.09144,95.58118,332.32,0.47,0.48,"2026-02-16",1849,"N20","nominal","2.0NRT",293.4,4.41,"N"
"30610",19.20358,94.6629,304.98,0.54,0.51,"2026-02-16",1849,"N20","nominal","2.0NRT",292.41,1.44,"N"
"30611",19.20298,94.66792,303.59,0.54,0.51,"2026-02-16",1849,"N20","nominal","2.0NRT",291.98,1.44,"N"
"30612",19.09201,95.57662,309.86,0.47,0.48,"2026-02-16",1849,"N20","nominal","2.0NRT",293.36,1.44,"N"
"30613",19.08761,95.57612,313.63,0.47,0.48,"2026-02-16",1849,"N20","nominal","2.0NRT",290.16,1.68,"N"
"30614",18.83961,97.45998,307.26,0.54,0.42,"2026-02-16",1849,"N20","nominal","2.0NRT",290.36,0.9,"N"
"30615",18.8357,97.45969,303.82,0.54,0.42,"2026-02-16",1849,"N20","nominal","2.0NRT",291.28,1.21,"N"
"30616",18.83178,97.45948,303.44,0.54,0.42,"2026-02-16",1849,"N20","nominal","2.0NRT",292.08,1.21,"N"
"30617",19.07902,95.50105,304.7,0.48,0.48,"2026-02-16",1849,"N20","nominal","2.0NRT",290,1.2,"N"
"30618",19.07016,95.53678,316.16,0.47,0.48,"2026-02-16",1849,"N20","nominal","2.0NRT",289.68,1.42,"N"
"30619",19.06961,95.54131,301.11,0.47,0.48,"2026-02-16",1849,"N20","nominal","2.0NRT",289.07,1.38,"N"
"30620",19.06633,95.53157,301.23,0.47,0.48,"2026-02-16",1849,"N20","nominal","2.0NRT",288.74,0.72,"N"
"30621",18.83644,97.24467,306.83,0.56,0.43,"2026-02-16",1849,"N20","nominal","2.0NRT",293.85,2.06,"N"
"30622",18.83581,97.24946,309.27,0.56,0.43,"2026-02-16",1849,"N20","nominal","2.0NRT",293.13,1.23,"N"
"30623",19.27177,93.5982,303.27,0.32,0.54,"2026-02-16",1849,"N20","nominal","2.0NRT",289.62,0.22,"N"
"30624",19.02274,95.74285,304.9,0.46,0.47,"2026-02-16",1849,"N20","nominal","2.0NRT",289.95,1.39,"N"
"30625",19.02219,95.7474,312.64,0.46,0.47,"2026-02-16",1849,"N20","nominal","2.0NRT",293.81,1.39,"N"
"30626",18.83261,97.24334,308.26,0.56,0.43,"2026-02-16",1849,"N20","nominal","2.0NRT",292.89,1.45,"N"
"30627",18.83197,97.24818,311.73,0.56,0.43,"2026-02-16",1849,"N20","nominal","2.0NRT",292.93,1.66,"N"
"30628",18.49826,99.66389,301.23,0.42,0.38,"2026-02-16",1849,"N20","nominal","2.0NRT",290.41,0.45,"N"
"30629",17.66095,104.90372,302.53,0.45,0.39,"2026-02-16",1849,"N20","nominal","2.0NRT",289.05,0.42,"N"
"30630",18.82876,97.24216,307.68,0.56,0.43,"2026-02-16",1849,"N20","nominal","2.0NRT",290.96,1.45,"N"
"30631",18.80013,97.45992,303.62,0.54,0.42,"2026-02-16",1849,"N20","nominal","2.0NRT",291.95,0.89,"N"
"30632",19.0135,95.71014,302.68,0.46,0.47,"2026-02-16",1849,"N20","nominal","2.0NRT",292.13,1.41,"N"
"30633",19.01298,95.71442,297.12,0.46,0.47,"2026-02-16",1849,"N20","nominal","2.0NRT",286.74,1.02,"N"
"30634",18.56397,99.0797,305.15,0.45,0.39,"2026-02-16",1849,"N20","nominal","2.0NRT",291.15,0.9,"N"
"30635",18.89146,96.56103,316.28,0.41,0.45,"2026-02-16",1849,"N20","nominal","2.0NRT",290.3,1.27,"N"
"30636",18.35454,100.38249,304.71,0.4,0.37,"2026-02-16",1849,"N20","nominal","2.0NRT",293.1,0.56,"N"
"30637",18.35682,100.34372,329.82,0.4,0.37,"2026-02-16",1849,"N20","nominal","2.0NRT",293.97,1.31,"N"
"30638",18.35118,100.38193,310.1,0.4,0.37,"2026-02-16",1849,"N20","nominal","2.0NRT",293.47,0.9,"N"
"30639",18.35344,100.34317,303.3,0.4,0.37,"2026-02-16",1849,"N20","nominal","2.0NRT",292.77,1.31,"N"
"30640",18.3694,100.11207,305.01,0.41,0.37,"2026-02-16",1849,"N20","nominal","2.0NRT",293.12,1.11,"N"
"30641",18.44715,99.56251,301.94,0.43,0.38,"2026-02-16",1849,"N20","nominal","2.0NRT",291.89,0.46,"N"
"30642",18.97367,95.59347,300.13,0.47,0.48,"2026-02-16",1849,"N20","nominal","2.0NRT",287.35,0.46,"N"
"30643",19.0675,94.70853,304.85,0.54,0.51,"2026-02-16",1849,"N20","nominal","2.0NRT",293.6,1.22,"N"
"30644",18.35077,100.05008,308.24,0.41,0.37,"2026-02-16",1849,"N20","nominal","2.0NRT",289.87,1.02,"N"
"30645",18.3502,100.05395,310.98,0.41,0.37,"2026-02-16",1849,"N20","nominal","2.0NRT",292.11,1.31,"N"
"30646",19.00188,94.98675,297.72,0.51,0.5,"2026-02-16",1849,"N20","nominal","2.0NRT",286.76,0.93,"N"
"30647",18.9882,95.02444,336.21,0.51,0.49,"2026-02-16",1849,"N20","nominal","2.0NRT",291.55,3.91,"N"
"30648",19.01336,94.80941,300.61,0.53,0.5,"2026-02-16",1849,"N20","nominal","2.0NRT",287.83,0.48,"N"
"30649",18.98876,95.01968,314.44,0.51,0.49,"2026-02-16",1849,"N20","nominal","2.0NRT",289.39,3.91,"N"
"30650",18.44889,99.1792,309.32,0.44,0.38,"2026-02-16",1849,"N20","nominal","2.0NRT",290.81,0.74,"N"
"30651",18.44536,99.17873,305.32,0.44,0.38,"2026-02-16",1849,"N20","nominal","2.0NRT",290.86,0.75,"N"
"30652",18.67325,97.45499,301.62,0.54,0.42,"2026-02-16",1849,"N20","nominal","2.0NRT",290.17,0.76,"N"
"30653",18.66872,97.45951,310.99,0.54,0.42,"2026-02-16",1849,"N20","nominal","2.0NRT",290.64,2.14,"N"
"30654",18.66419,97.46403,309.71,0.54,0.42,"2026-02-16",1849,"N20","nominal","2.0NRT",290.26,1.37,"N"
"30655",18.87284,95.76791,301.59,0.46,0.47,"2026-02-16",1849,"N20","nominal","2.0NRT",290.5,0.73,"N"
"30656",18.96311,94.96204,319.73,0.51,0.5,"2026-02-16",1849,"N20","nominal","2.0NRT",289.75,2.21,"N"
"30657",18.96255,94.96685,301.16,0.51,0.5,"2026-02-16",1849,"N20","nominal","2.0NRT",290.3,1.56,"N"
"30658",18.97547,94.77243,308.76,0.53,0.5,"2026-02-16",1849,"N20","nominal","2.0NRT",294.68,1.5,"N"
"30659",18.94342,95.05292,301.96,0.51,0.49,"2026-02-16",1849,"N20","nominal","2.0NRT",288.33,0.77,"N"
"30660",18.94233,95.06239,303.51,0.51,0.49,"2026-02-16",1849,"N20","nominal","2.0NRT",287.46,1.04,"N"
"30661",18.97249,94.75734,302.97,0.53,0.5,"2026-02-16",1849,"N20","nominal","2.0NRT",292.57,0.87,"N"
"30662",18.96371,94.83479,313.59,0.52,0.5,"2026-02-16",1849,"N20","nominal","2.0NRT",292.21,2.42,"N"
"30663",18.6561,97.34357,329.72,0.55,0.42,"2026-02-16",1849,"N20","nominal","2.0NRT",293.55,3.65,"N"
"30664",18.65289,97.3377,304.53,0.55,0.42,"2026-02-16",1849,"N20","nominal","2.0NRT",292.1,1.77,"N"
"30665",18.96204,94.96439,321.63,0.51,0.5,"2026-02-16",1849,"N20","nominal","2.0NRT",290.2,3.41,"N"
"30666",18.6555,97.34145,328.46,0.55,0.42,"2026-02-16",1849,"N20","nominal","2.0NRT",293.26,4.45,"N"
"30667",18.02879,101.62653,329.68,0.38,0.36,"2026-02-16",1849,"N20","nominal","2.0NRT",293.88,7.46,"N"
"30668",18.02823,101.63013,323.9,0.38,0.36,"2026-02-16",1849,"N20","nominal","2.0NRT",293.82,5.88,"N"
"30669",18.97631,94.77046,313.36,0.53,0.5,"2026-02-16",1849,"N20","nominal","2.0NRT",294.94,2,"N"
"30670",18.94171,95.05502,301.12,0.51,0.49,"2026-02-16",1849,"N20","nominal","2.0NRT",287.11,0.92,"N"
"30671",18.94056,95.06446,306.01,0.51,0.49,"2026-02-16",1849,"N20","nominal","2.0NRT",286.91,0.87,"N"
"30672",18.30417,99.77247,303.23,0.42,0.38,"2026-02-16",1849,"N20","nominal","2.0NRT",292.25,0.69,"N"
"30673",18.96412,94.83264,316.24,0.52,0.5,"2026-02-16",1849,"N20","nominal","2.0NRT",291.98,2.21,"N"
"30674",18.95789,94.80679,301.7,0.53,0.5,"2026-02-16",1849,"N20","nominal","2.0NRT",290.93,0.74,"N"
"30675",18.95495,94.83122,306.9,0.52,0.5,"2026-02-16",1849,"N20","nominal","2.0NRT",294.83,1.55,"N"
"30676",18.95036,94.83059,313.89,0.52,0.5,"2026-02-16",1849,"N20","nominal","2.0NRT",295.83,1.55,"N"
"30677",18.92898,94.9312,317.41,0.52,0.5,"2026-02-16",1849,"N20","nominal","2.0NRT",294.97,4.12,"N"
"30678",18.61022,97.32388,307.36,0.55,0.42,"2026-02-16",1849,"N20","nominal","2.0NRT",292.36,1.82,"N"
"30679",18.8144,95.68975,307.41,0.46,0.47,"2026-02-16",1849,"N20","nominal","2.0NRT",288.84,1.38,"N"
"30680",18.91737,94.79343,304.79,0.53,0.5,"2026-02-16",1849,"N20","nominal","2.0NRT",294.44,1.39,"N"
"30681",18.91347,94.82662,304.1,0.52,0.5,"2026-02-16",1849,"N20","nominal","2.0NRT",293.67,1.44,"N"
"30682",18.87206,95.17635,317.09,0.5,0.49,"2026-02-16",1849,"N20","nominal","2.0NRT",293.38,2.73,"N"
"30683",18.8106,95.68476,299.3,0.46,0.47,"2026-02-16",1849,"N20","nominal","2.0NRT",287.92,1.38,"N"
"30684",18.6025,97.3222,308.37,0.55,0.42,"2026-02-16",1849,"N20","nominal","2.0NRT",291.08,1.67,"N"
"30685",18.90831,94.83084,314.32,0.52,0.5,"2026-02-16",1849,"N20","nominal","2.0NRT",294.69,2.04,"N"
"30686",18.90643,94.80704,314.1,0.53,0.5,"2026-02-16",1849,"N20","nominal","2.0NRT",294.01,1.46,"N"
"30687",18.90315,94.79498,299.49,0.53,0.5,"2026-02-16",1849,"N20","nominal","2.0NRT",289.44,0.61,"N"
"30688",18.88677,94.89553,300.03,0.52,0.5,"2026-02-16",1849,"N20","nominal","2.0NRT",289.86,0.57,"N"
"30689",18.23219,99.88066,312.59,0.41,0.37,"2026-02-16",1849,"N20","nominal","2.0NRT",292.71,1.52,"N"
"30690",18.23163,99.88449,302.77,0.41,0.37,"2026-02-16",1849,"N20","nominal","2.0NRT",290.6,0.6,"N"
"30691",18.88719,94.85201,334.67,0.52,0.5,"2026-02-16",1849,"N20","nominal","2.0NRT",296.76,4.62,"N"
"30692",18.8934,94.79844,301.39,0.53,0.5,"2026-02-16",1849,"N20","nominal","2.0NRT",289.89,0.63,"N"
"30693",18.87901,94.84223,312.07,0.52,0.5,"2026-02-16",1849,"N20","nominal","2.0NRT",295.65,2.35,"N"
"30694",18.87843,94.80667,302.87,0.53,0.5,"2026-02-16",1849,"N20","nominal","2.0NRT",291.31,1.33,"N"
"30695",18.35338,98.93399,304.37,0.45,0.39,"2026-02-16",1849,"N20","nominal","2.0NRT",292.93,1.39,"N"
"30696",18.87326,94.811,310.66,0.52,0.5,"2026-02-16",1849,"N20","nominal","2.0NRT",292.59,1.66,"N"
"30697",18.64558,96.70553,302.2,0.4,0.44,"2026-02-16",1849,"N20","nominal","2.0NRT",291.3,0.6,"N"
"30698",18.21114,99.90517,307.67,0.41,0.37,"2026-02-16",1849,"N20","nominal","2.0NRT",291.67,1.08,"N"
"30699",18.21057,99.90903,305.03,0.41,0.37,"2026-02-16",1849,"N20","nominal","2.0NRT",291.15,1.08,"N"
"30700",17.93744,101.67,305.34,0.38,0.36,"2026-02-16",1849,"N20","nominal","2.0NRT",292.65,0.82,"N"
"30701",18.34211,98.85793,310.77,0.45,0.39,"2026-02-16",1849,"N20","nominal","2.0NRT",292.08,0.96,"N"
"30702",18.34293,98.86067,315.77,0.45,0.39,"2026-02-16",1849,"N20","nominal","2.0NRT",293.5,2.05,"N"
"30703",18.87887,94.8064,305.15,0.52,0.5,"2026-02-16",1849,"N20","nominal","2.0NRT",291.64,1.1,"N"
"30704",18.87367,94.81072,313.13,0.52,0.5,"2026-02-16",1849,"N20","nominal","2.0NRT",292.08,1.1,"N"
"30705",18.32929,98.85408,308.97,0.45,0.39,"2026-02-16",1849,"N20","nominal","2.0NRT",293.75,0.9,"N"
"30706",18.20743,99.66942,310.01,0.42,0.38,"2026-02-16",1849,"N20","nominal","2.0NRT",291.16,1.13,"N"
"30707",18.20685,99.67335,307.41,0.42,0.38,"2026-02-16",1849,"N20","nominal","2.0NRT",291.2,0.86,"N"
"30708",18.81676,94.97363,333.1,0.51,0.49,"2026-02-16",1849,"N20","nominal","2.0NRT",291.7,3.8,"N"
"30709",18.8122,94.9731,341.03,0.51,0.49,"2026-02-16",1849,"N20","nominal","2.0NRT",292.72,2.44,"N"
"30710",18.81391,94.95884,307.83,0.51,0.49,"2026-02-16",1849,"N20","nominal","2.0NRT",290.72,2.16,"N"
"30711",18.81277,94.96831,301.04,0.51,0.49,"2026-02-16",1849,"N20","nominal","2.0NRT",290.18,1.51,"N"
"30712",18.81164,94.97773,306.04,0.51,0.49,"2026-02-16",1849,"N20","nominal","2.0NRT",289.13,2.44,"N"
"30713",18.31712,98.75969,306.47,0.46,0.39,"2026-02-16",1849,"N20","nominal","2.0NRT",291.63,0.96,"N"
"30714",18.31652,98.76394,305.47,0.46,0.39,"2026-02-16",1849,"N20","nominal","2.0NRT",292.07,0.95,"N"
"30715",18.8088,94.96293,301.87,0.51,0.49,"2026-02-16",1849,"N20","nominal","2.0NRT",290.45,1.51,"N"
"30716",18.80823,94.9677,316.65,0.51,0.49,"2026-02-16",1849,"N20","nominal","2.0NRT",288.98,1.51,"N"
"30717",18.80767,94.97237,299.21,0.51,0.49,"2026-02-16",1849,"N20","nominal","2.0NRT",287.25,2.44,"N"
"30718",18.80709,94.97713,300.88,0.51,0.49,"2026-02-16",1849,"N20","nominal","2.0NRT",287.83,2.44,"N"
"30719",18.70753,95.7924,301.48,0.45,0.47,"2026-02-16",1849,"N20","nominal","2.0NRT",290.64,1.17,"N"
"30720",18.09818,100.24191,304.02,0.4,0.37,"2026-02-16",1849,"N20","nominal","2.0NRT",291.64,1.03,"N"
"30721",18.81456,94.83663,304.68,0.52,0.5,"2026-02-16",1849,"N20","nominal","2.0NRT",294.22,2.01,"N"
"30722",18.79567,94.95675,353.42,0.51,0.49,"2026-02-16",1849,"N20","nominal","2.0NRT",300,25.27,"N"
"30723",18.79456,94.96606,336.39,0.51,0.49,"2026-02-16",1849,"N20","nominal","2.0NRT",292.14,7.14,"N"
"30724",18.79512,94.96136,313.06,0.51,0.49,"2026-02-16",1849,"N20","nominal","2.0NRT",292.19,7.14,"N"
"30725",18.70367,95.68156,299.63,0.46,0.47,"2026-02-16",1849,"N20","nominal","2.0NRT",287.54,0.53,"N"
"30726",17.30836,105.02776,305.24,0.46,0.39,"2026-02-16",1849,"N20","nominal","2.0NRT",290.24,0.55,"N"
"30727",18.76281,95.03973,314.43,0.51,0.49,"2026-02-16",1849,"N20","nominal","2.0NRT",290.48,2.68,"N"
"30728",18.77348,94.86945,304.42,0.52,0.5,"2026-02-16",1849,"N20","nominal","2.0NRT",290.54,0.82,"N"
"30729",18.77292,94.87426,301.89,0.52,0.5,"2026-02-16",1849,"N20","nominal","2.0NRT",290.14,0.82,"N"
"30730",18.15578,99.61247,301.74,0.42,0.38,"2026-02-16",1849,"N20","nominal","2.0NRT",291.7,0.41,"N"
"30731",18.7689,94.86886,303.79,0.52,0.5,"2026-02-16",1849,"N20","nominal","2.0NRT",291.09,1.17,"N"
"30732",18.74868,95.04263,300.77,0.5,0.49,"2026-02-16",1849,"N20","nominal","2.0NRT",287.61,0.69,"N"
"30733",18.15234,99.61189,315.48,0.42,0.38,"2026-02-16",1849,"N20","nominal","2.0NRT",291.81,1.58,"N"
"30734",18.73685,95.06538,301.22,0.5,0.49,"2026-02-16",1849,"N20","nominal","2.0NRT",289.2,1.32,"N"
"30735",18.73234,95.06474,320.84,0.5,0.49,"2026-02-16",1849,"N20","nominal","2.0NRT",291.52,1.32,"N"
"30736",18.76184,94.80894,310.06,0.52,0.5,"2026-02-16",1849,"N20","nominal","2.0NRT",288.83,1.58,"N"
"30737",18.73288,95.06013,302.95,0.5,0.49,"2026-02-16",1849,"N20","nominal","2.0NRT",291.13,1.32,"N"
"30738",18.53334,96.7098,306.44,0.39,0.44,"2026-02-16",1849,"N20","nominal","2.0NRT",293.39,0.9,"N"
"30739",18.72836,95.05951,339.24,0.5,0.49,"2026-02-16",1849,"N20","nominal","2.0NRT",292.35,5.55,"N"
"30740",18.72782,95.06419,337.5,0.5,0.49,"2026-02-16",1849,"N20","nominal","2.0NRT",292.12,5.55,"N"
"30741",18.75669,94.81318,303.18,0.52,0.5,"2026-02-16",1849,"N20","nominal","2.0NRT",289.46,0.56,"N"
"30742",18.75556,94.82303,311.77,0.52,0.5,"2026-02-16",1849,"N20","nominal","2.0NRT",290.08,1.22,"N"
"30743",18.75156,94.81725,298.04,0.52,0.5,"2026-02-16",1849,"N20","nominal","2.0NRT",287.86,1.22,"N"
"30744",18.63521,95.81232,314.15,0.45,0.47,"2026-02-16",1849,"N20","nominal","2.0NRT",291.7,1.29,"N"
"30745",17.39602,104.25241,307.64,0.43,0.38,"2026-02-16",1849,"N20","nominal","2.0NRT",291.33,1.09,"N"
"30746",18.22283,98.93841,310.35,0.45,0.39,"2026-02-16",1849,"N20","nominal","2.0NRT",292.79,1.78,"N"
"30747",17.39395,104.25272,310.3,0.43,0.38,"2026-02-16",1849,"N20","nominal","2.0NRT",291.53,1.18,"N"
"30748",18.22374,98.93531,305.57,0.45,0.39,"2026-02-16",1849,"N20","nominal","2.0NRT",292,0.96,"N"
"30749",18.2231,98.93971,305.83,0.45,0.39,"2026-02-16",1849,"N20","nominal","2.0NRT",292.5,0.96,"N"
"30750",18.22209,98.92162,305.05,0.45,0.39,"2026-02-16",1849,"N20","nominal","2.0NRT",293.04,0.78,"N"
"30751",18.73535,95.06268,310.53,0.5,0.49,"2026-02-16",1849,"N20","nominal","2.0NRT",291.53,1.47,"N"
"30752",18.22333,98.88772,310.18,0.45,0.39,"2026-02-16",1849,"N20","nominal","2.0NRT",294.16,0.98,"N"
"30753",18.73084,95.06203,353.85,0.5,0.49,"2026-02-16",1849,"N20","nominal","2.0NRT",295.23,6.34,"N"
"30754",18.73026,95.06668,323.45,0.5,0.49,"2026-02-16",1849,"N20","nominal","2.0NRT",291.06,6.34,"N"
"30755",18.76221,94.8064,303.34,0.52,0.5,"2026-02-16",1849,"N20","nominal","2.0NRT",287.08,0.48,"N"
"30756",18.76154,94.81181,302.69,0.52,0.5,"2026-02-16",1849,"N20","nominal","2.0NRT",290.82,1.19,"N"
"30757",18.63655,95.81377,307.97,0.45,0.47,"2026-02-16",1849,"N20","nominal","2.0NRT",292.24,1.09,"N"
"30758",18.75639,94.81582,303.86,0.52,0.5,"2026-02-16",1849,"N20","nominal","2.0NRT",290.82,1.19,"N"
"30759",18.75579,94.82076,304.71,0.52,0.5,"2026-02-16",1849,"N20","nominal","2.0NRT",291.11,1.22,"N"
"30760",18.75522,94.82544,304.05,0.52,0.5,"2026-02-16",1849,"N20","nominal","2.0NRT",289.31,1.22,"N"
"30761",18.63226,95.81319,305.5,0.45,0.47,"2026-02-16",1849,"N20","nominal","2.0NRT",291.15,1.09,"N"
"30762",18.68066,95.3211,305.94,0.48,0.48,"2026-02-16",1849,"N20","nominal","2.0NRT",287.45,0.81,"N"
"30763",18.73086,94.87285,305.94,0.52,0.5,"2026-02-16",1849,"N20","nominal","2.0NRT",294.2,2.11,"N"
"30764",18.71063,95.03962,297.86,0.5,0.49,"2026-02-16",1849,"N20","nominal","2.0NRT",287.14,0.85,"N"
"30765",18.6162,95.80215,310.49,0.45,0.47,"2026-02-16",1849,"N20","nominal","2.0NRT",285.73,1.11,"N"
"30766",18.61566,95.80644,297.36,0.45,0.47,"2026-02-16",1849,"N20","nominal","2.0NRT",286.02,0.7,"N"
"30767",18.73141,94.82973,313.01,0.52,0.5,"2026-02-16",1849,"N20","nominal","2.0NRT",295.1,2.87,"N"
"30768",18.72006,94.88535,311.76,0.52,0.5,"2026-02-16",1849,"N20","nominal","2.0NRT",293.22,1.03,"N"
"30769",18.71951,94.88998,299.67,0.52,0.5,"2026-02-16",1849,"N20","nominal","2.0NRT",289.43,1.03,"N"
"30770",18.71549,94.8848,329.26,0.52,0.5,"2026-02-16",1849,"N20","nominal","2.0NRT",294.86,4.64,"N"
"30771",18.7115,94.87938,320.75,0.52,0.5,"2026-02-16",1849,"N20","nominal","2.0NRT",291.42,4.21,"N"
"30772",18.71482,94.85162,312.92,0.52,0.5,"2026-02-16",1849,"N20","nominal","2.0NRT",295.61,4.04,"N"
"30773",18.71375,94.86058,299.6,0.52,0.5,"2026-02-16",1849,"N20","nominal","2.0NRT",289.24,2.16,"N"
"30774",18.58971,95.87442,308.91,0.44,0.46,"2026-02-16",1849,"N20","nominal","2.0NRT",296.58,2.63,"N"
"30775",18.70753,94.87379,325.6,0.52,0.5,"2026-02-16",1849,"N20","nominal","2.0NRT",290.89,3.63,"N"
"30776",18.70698,94.87838,327.06,0.52,0.5,"2026-02-16",1849,"N20","nominal","2.0NRT",291.99,3.63,"N"
"30777",18.7081,94.86903,307.12,0.52,0.5,"2026-02-16",1849,"N20","nominal","2.0NRT",289.62,1.03,"N"
"30778",18.58547,95.87365,307.61,0.44,0.46,"2026-02-16",1849,"N20","nominal","2.0NRT",296.17,2.72,"N"
"30779",18.12444,99.27452,307.34,0.43,0.38,"2026-02-16",1849,"N20","nominal","2.0NRT",290.71,0.58,"N"
"30780",18.57813,95.86274,338.16,0.45,0.47,"2026-02-16",1849,"N20","nominal","2.0NRT",297.41,2.9,"N"
"30781",18.69209,94.88652,316.28,0.52,0.5,"2026-02-16",1849,"N20","nominal","2.0NRT",292.75,1.48,"N"
"30782",18.6915,94.89148,308.93,0.52,0.5,"2026-02-16",1849,"N20","nominal","2.0NRT",294.43,1.3,"N"
"30783",18.69091,94.89647,314.66,0.51,0.5,"2026-02-16",1849,"N20","nominal","2.0NRT",293.4,1.3,"N"
"30784",18.59405,95.69863,302.66,0.46,0.47,"2026-02-16",1849,"N20","nominal","2.0NRT",289.03,0.85,"N"
"30785",18.57442,95.85767,318.65,0.45,0.47,"2026-02-16",1849,"N20","nominal","2.0NRT",293.51,3.89,"N"
"30786",18.57387,95.86208,317.32,0.45,0.47,"2026-02-16",1849,"N20","nominal","2.0NRT",293.81,2.9,"N"
"30787",18.68864,94.87649,308.82,0.52,0.5,"2026-02-16",1849,"N20","nominal","2.0NRT",292.7,1.32,"N"
"30788",18.68627,94.89657,304.38,0.51,0.5,"2026-02-16",1849,"N20","nominal","2.0NRT",293.19,0.99,"N"
"30789",18.55949,95.87303,333.28,0.44,0.46,"2026-02-16",1849,"N20","nominal","2.0NRT",294.42,2.33,"N"
"30790",18.55894,95.8775,308.05,0.44,0.46,"2026-02-16",1849,"N20","nominal","2.0NRT",294.06,3.41,"N"
"30791",18.55684,95.85918,301.03,0.45,0.47,"2026-02-16",1849,"N20","nominal","2.0NRT",289.04,0.76,"N"
"30792",18.55524,95.87226,306.28,0.44,0.46,"2026-02-16",1849,"N20","nominal","2.0NRT",293.35,2.33,"N"
"30793",17.20775,104.87308,307.63,0.46,0.39,"2026-02-16",1849,"N20","nominal","2.0NRT",291.26,1,"N"
"30794",18.5504,95.84083,301.56,0.45,0.47,"2026-02-16",1849,"N20","nominal","2.0NRT",291.3,0.33,"N"
"30795",18.093,99.29447,305.17,0.43,0.38,"2026-02-16",1849,"N20","nominal","2.0NRT",290.87,0.9,"N"
"30796",18.09241,99.29856,312.99,0.43,0.38,"2026-02-16",1849,"N20","nominal","2.0NRT",291.68,0.9,"N"
"30797",18.09009,99.28982,306.09,0.43,0.38,"2026-02-16",1849,"N20","nominal","2.0NRT",290.18,0.67,"N"
"30798",18.08834,99.30212,306.2,0.43,0.38,"2026-02-16",1849,"N20","nominal","2.0NRT",292.31,1.07,"N"
"30799",17.65209,102.18254,301.02,0.39,0.36,"2026-02-16",1849,"N20","nominal","2.0NRT",290.29,0.32,"N"
"30800",17.64806,102.20772,307.2,0.39,0.36,"2026-02-16",1849,"N20","nominal","2.0NRT",290.86,0.75,"N"
"30801",18.5343,95.83014,317.26,0.45,0.47,"2026-02-16",1849,"N20","nominal","2.0NRT",294.75,3.34,"N"
"30802",18.53327,95.83866,311.17,0.45,0.47,"2026-02-16",1849,"N20","nominal","2.0NRT",292.99,1.19,"N"
"30803",18.62575,94.97971,301.3,0.51,0.49,"2026-02-16",1849,"N20","nominal","2.0NRT",289.73,1.02,"N"
"30804",18.52524,95.83308,303.98,0.45,0.47,"2026-02-16",1849,"N20","nominal","2.0NRT",293.18,1.43,"N"
"30805",17.62673,102.19291,306.82,0.39,0.36,"2026-02-16",1849,"N20","nominal","2.0NRT",290.76,0.63,"N"
"30806",17.83708,100.82546,303.27,0.39,0.36,"2026-02-16",1849,"N20","nominal","2.0NRT",291.97,0.88,"N"
"30807",17.83651,100.82918,306.97,0.39,0.36,"2026-02-16",1849,"N20","nominal","2.0NRT",292.34,0.88,"N"
"30808",18.53545,95.83212,314.15,0.45,0.47,"2026-02-16",1849,"N20","nominal","2.0NRT",296.07,1.33,"N"
"30809",18.5349,95.8364,304.87,0.45,0.47,"2026-02-16",1849,"N20","nominal","2.0NRT",294.23,1.33,"N"
"30810",18.53436,95.84058,305.97,0.45,0.47,"2026-02-16",1849,"N20","nominal","2.0NRT",291.91,1.4,"N"
"30811",18.53117,95.8315,304.56,0.45,0.47,"2026-02-16",1849,"N20","nominal","2.0NRT",292.89,1.33,"N"
"30812",17.13517,105.02487,331.65,0.47,0.39,"2026-02-16",1849,"N20","nominal","2.0NRT",293.74,9.28,"N"
"30813",18.52854,95.7839,308.7,0.45,0.47,"2026-02-16",1849,"N20","nominal","2.0NRT",294.62,2.28,"N"
"30814",18.03495,99.39045,305.41,0.43,0.38,"2026-02-16",1849,"N20","nominal","2.0NRT",291.03,1,"N"
"30815",17.13592,105.02056,315.1,0.47,0.39,"2026-02-16",1849,"N20","nominal","2.0NRT",291.2,9.28,"N"
"30816",18.03333,99.35283,306.03,0.43,0.38,"2026-02-16",1849,"N20","nominal","2.0NRT",291.32,0.86,"N"
"30817",18.50663,95.81911,300.31,0.45,0.47,"2026-02-16",1849,"N20","nominal","2.0NRT",285.62,0.46,"N"
"30818",18.03222,99.31139,306.48,0.43,0.38,"2026-02-16",1849,"N20","nominal","2.0NRT",292.46,1.08,"N"
"30819",18.01338,99.44085,308.84,0.43,0.38,"2026-02-16",1849,"N20","nominal","2.0NRT",292.68,1.59,"N"
"30820",17.59735,102.16216,304.91,0.39,0.36,"2026-02-16",1849,"N20","nominal","2.0NRT",291.01,1.26,"N"
"30821",18.5131,95.73309,321.27,0.45,0.47,"2026-02-16",1849,"N20","nominal","2.0NRT",290.55,2.56,"N"
"30822",18.62104,94.8567,307.38,0.52,0.5,"2026-02-16",1849,"N20","nominal","2.0NRT",292.77,0.95,"N"
"30823",18.03048,99.29884,304.2,0.43,0.38,"2026-02-16",1849,"N20","nominal","2.0NRT",292.09,0.88,"N"
"30824",18.02991,99.30281,304.67,0.43,0.38,"2026-02-16",1849,"N20","nominal","2.0NRT",292.37,1.33,"N"
"30825",18.02873,99.31091,316.92,0.43,0.38,"2026-02-16",1849,"N20","nominal","2.0NRT",293.75,1.47,"N"
"30826",18.00994,99.44014,305.12,0.43,0.38,"2026-02-16",1849,"N20","nominal","2.0NRT",291.82,0.9,"N"
"30827",18.02526,99.31028,311.64,0.43,0.38,"2026-02-16",1849,"N20","nominal","2.0NRT",292.15,1.47,"N"
"30828",18.01126,99.35771,304.55,0.43,0.38,"2026-02-16",1849,"N20","nominal","2.0NRT",291.15,0.93,"N"
"30829",18.01067,99.36174,312.99,0.43,0.38,"2026-02-16",1849,"N20","nominal","2.0NRT",291.54,0.93,"N"
"30830",18.00481,99.4022,304.93,0.43,0.38,"2026-02-16",1849,"N20","nominal","2.0NRT",291.26,1.24,"N"
"30831",18.00132,99.42622,302.88,0.43,0.38,"2026-02-16",1849,"N20","nominal","2.0NRT",290.61,0.75,"N"
"30832",17.66664,101.63949,309.22,0.38,0.36,"2026-02-16",1849,"N20","nominal","2.0NRT",290.16,0.84,"N"
"30833",17.57283,102.20967,333.4,0.39,0.36,"2026-02-16",1849,"N20","nominal","2.0NRT",292.82,5.47,"N"
"30834",17.57084,102.17976,313.75,0.39,0.36,"2026-02-16",1849,"N20","nominal","2.0NRT",290.41,0.93,"N"
"30835",18.45645,95.83777,296.61,0.45,0.47,"2026-02-16",1849,"N20","nominal","2.0NRT",286.45,0.34,"N"
"30836",18.54209,94.9369,301.28,0.51,0.49,"2026-02-16",1849,"N20","nominal","2.0NRT",290.29,0.91,"N"
"30837",18.4356,95.83061,302.27,0.45,0.47,"2026-02-16",1849,"N20","nominal","2.0NRT",289.35,0.6,"N"
"30838",18.0432,98.83041,309.55,0.45,0.39,"2026-02-16",1849,"N20","nominal","2.0NRT",293.7,1.91,"N"
"30839",17.1653,104.42823,308,0.44,0.38,"2026-02-16",1849,"N20","nominal","2.0NRT",290.74,0.8,"N"
"30840",18.43184,95.8258,299.21,0.45,0.47,"2026-02-16",1849,"N20","nominal","2.0NRT",287.35,0.65,"N"
"30841",18.42226,95.83317,301.07,0.45,0.47,"2026-02-16",1849,"N20","nominal","2.0NRT",287.02,0.37,"N"
"30842",17.15062,104.4297,301.81,0.44,0.38,"2026-02-16",1849,"N20","nominal","2.0NRT",290.86,0.63,"N"
"30843",17.52587,102.16455,311.26,0.39,0.36,"2026-02-16",1849,"N20","nominal","2.0NRT",289.92,1.06,"N"
"30844",17.52357,102.17892,303.38,0.39,0.36,"2026-02-16",1849,"N20","nominal","2.0NRT",290.77,0.3,"N"
"30845",18.42367,95.83022,298.4,0.44,0.46,"2026-02-16",1849,"N20","nominal","2.0NRT",288.39,0.56,"N"
"30846",17.02743,105.05976,303.27,0.47,0.4,"2026-02-16",1849,"N20","nominal","2.0NRT",290.86,0.75,"N"
"30847",17.02668,105.06409,305.6,0.47,0.4,"2026-02-16",1849,"N20","nominal","2.0NRT",291.4,0.72,"N"
"30848",17.7444,100.49596,304.03,0.4,0.37,"2026-02-16",1849,"N20","nominal","2.0NRT",291.41,1.12,"N"
"30849",17.54732,101.77001,303.19,0.38,0.36,"2026-02-16",1849,"N20","nominal","2.0NRT",293.09,0.84,"N"
"30850",17.46963,102.25824,306.98,0.39,0.36,"2026-02-16",1849,"N20","nominal","2.0NRT",291.28,0.57,"N"
"30851",17.72819,100.53509,300.45,0.4,0.37,"2026-02-16",1849,"N20","nominal","2.0NRT",288.28,0.54,"N"
"30852",18.36589,95.90974,324.61,0.44,0.46,"2026-02-16",1849,"N20","nominal","2.0NRT",298.07,2.39,"N"
"30853",18.37036,95.87415,304.01,0.44,0.46,"2026-02-16",1849,"N20","nominal","2.0NRT",292.39,1.33,"N"
"30854",18.36291,95.89909,304.91,0.44,0.46,"2026-02-16",1849,"N20","nominal","2.0NRT",292.41,1.59,"N"
"30855",18.36236,95.90349,307.85,0.44,0.46,"2026-02-16",1849,"N20","nominal","2.0NRT",294.65,2.39,"N"
"30856",18.43799,95.02722,299.29,0.5,0.49,"2026-02-16",1849,"N20","nominal","2.0NRT",286.37,0.67,"N"
"30857",18.43744,95.03191,298.19,0.5,0.49,"2026-02-16",1849,"N20","nominal","2.0NRT",287.2,0.67,"N"
"30858",17.6791,100.65598,305.05,0.39,0.36,"2026-02-16",1849,"N20","nominal","2.0NRT",293.18,0.86,"N"
"30859",18.43293,95.03132,299.39,0.5,0.49,"2026-02-16",1849,"N20","nominal","2.0NRT",287.41,0.67,"N"
"30860",17.42347,102.2502,307.01,0.39,0.36,"2026-02-16",1849,"N20","nominal","2.0NRT",290.75,0.75,"N"
"30861",18.43862,94.90474,306.68,0.51,0.49,"2026-02-16",1849,"N20","nominal","2.0NRT",294.37,1.04,"N"
"30862",17.55198,101.41708,318.24,0.38,0.36,"2026-02-16",1849,"N20","nominal","2.0NRT",290.99,0.94,"N"
"30863",17.41607,102.2119,329.13,0.39,0.36,"2026-02-16",1849,"N20","nominal","2.0NRT",292.99,1.76,"N"
"30864",17.41277,102.21132,315.4,0.39,0.36,"2026-02-16",1849,"N20","nominal","2.0NRT",291.56,1.76,"N"
"30865",18.43733,94.90742,305.38,0.51,0.49,"2026-02-16",1849,"N20","nominal","2.0NRT",294.08,0.64,"N"
"30866",17.43766,101.94657,304.54,0.38,0.36,"2026-02-16",1849,"N20","nominal","2.0NRT",289.93,0.44,"N"
"30867",18.41339,94.95197,304.67,0.51,0.49,"2026-02-16",1849,"N20","nominal","2.0NRT",293.55,2.09,"N"
"30868",17.05758,104.1605,311.27,0.43,0.38,"2026-02-16",1849,"N20","nominal","2.0NRT",290.69,0.98,"N"
"30869",18.40831,94.88049,304.85,0.51,0.49,"2026-02-16",1849,"N20","nominal","2.0NRT",292.65,1.09,"N"
"30870",17.35451,102.29766,331.6,0.39,0.36,"2026-02-16",1849,"N20","nominal","2.0NRT",292.68,3.79,"N"
"30871",17.35394,102.30126,317.48,0.39,0.36,"2026-02-16",1849,"N20","nominal","2.0NRT",291.74,3.79,"N"
"30872",18.37487,95.07915,313.04,0.5,0.49,"2026-02-16",1849,"N20","nominal","2.0NRT",286.22,1.57,"N"
"30873",17.31042,102.55004,308.88,0.39,0.36,"2026-02-16",1849,"N20","nominal","2.0NRT",289.98,0.58,"N"
"30874",18.38459,94.88557,303.27,0.51,0.49,"2026-02-16",1849,"N20","nominal","2.0NRT",289.79,0.67,"N"
"30875",18.37896,94.89391,301.26,0.51,0.49,"2026-02-16",1849,"N20","nominal","2.0NRT",287.58,1,"N"
"30876",17.34265,102.26598,313.7,0.39,0.36,"2026-02-16",1849,"N20","nominal","2.0NRT",290.29,0.92,"N"
"30877",17.34207,102.26958,305.87,0.39,0.36,"2026-02-16",1849,"N20","nominal","2.0NRT",290.39,0.92,"N"
"30878",18.3681,94.94601,316.52,0.51,0.49,"2026-02-16",1849,"N20","nominal","2.0NRT",295.18,3.05,"N"
"30879",18.2366,95.94646,307.64,0.44,0.46,"2026-02-16",1849,"N20","nominal","2.0NRT",293.59,2.4,"N"
"30880",17.33218,102.26785,306.87,0.39,0.36,"2026-02-16",1849,"N20","nominal","2.0NRT",290.94,0.58,"N"
"30881",17.26175,102.66086,309.01,0.39,0.36,"2026-02-16",1849,"N20","nominal","2.0NRT",293.67,1.35,"N"
"30882",18.3283,95.04896,308.59,0.5,0.49,"2026-02-16",1849,"N20","nominal","2.0NRT",289.21,1.49,"N"
"30883",18.21908,95.91415,308.31,0.44,0.46,"2026-02-16",1849,"N20","nominal","2.0NRT",294.94,1.6,"N"
"30884",18.21497,95.94744,307.38,0.44,0.46,"2026-02-16",1849,"N20","nominal","2.0NRT",294.17,1.46,"N"
"30885",18.21074,95.94685,311.58,0.44,0.46,"2026-02-16",1849,"N20","nominal","2.0NRT",294.03,1.43,"N"
"30886",17.81971,98.82832,308.59,0.45,0.39,"2026-02-16",1849,"N20","nominal","2.0NRT",291.7,0.71,"N"
"30887",17.57035,100.52147,310.51,0.4,0.37,"2026-02-16",1849,"N20","nominal","2.0NRT",291.83,1.36,"N"
"30888",17.06093,103.6405,303.39,0.41,0.37,"2026-02-16",1849,"N20","nominal","2.0NRT",291.46,0.61,"N"
"30889",17.3083,102.05372,303.46,0.38,0.36,"2026-02-16",1849,"N20","nominal","2.0NRT",291,0.54,"N"
"30890",16.83962,104.84113,306.21,0.46,0.39,"2026-02-16",1849,"N20","nominal","2.0NRT",290.63,0.91,"N"
"30891",17.3087,101.98746,325.65,0.38,0.36,"2026-02-16",1849,"N20","nominal","2.0NRT",291.84,2.17,"N"
"30892",16.83824,104.82767,344.83,0.46,0.39,"2026-02-16",1849,"N20","nominal","2.0NRT",292.48,4.5,"N"
"30893",18.18183,95.93652,310.28,0.44,0.46,"2026-02-16",1849,"N20","nominal","2.0NRT",296.27,2,"N"
"30894",16.83751,104.83193,301.39,0.46,0.39,"2026-02-16",1849,"N20","nominal","2.0NRT",290.88,4.5,"N"
"30895",18.29305,95.01958,310.12,0.5,0.49,"2026-02-16",1849,"N20","nominal","2.0NRT",290.92,1.42,"N"
"30896",17.26787,102.17957,303.65,0.39,0.36,"2026-02-16",1849,"N20","nominal","2.0NRT",290.66,0.5,"N"
"30897",18.2596,95.1799,297.28,0.49,0.48,"2026-02-16",1849,"N20","nominal","2.0NRT",286.55,0.75,"N"
"30898",16.98705,103.84773,303.64,0.42,0.38,"2026-02-16",1849,"N20","nominal","2.0NRT",290.03,0.89,"N"
"30899",17.70141,99.27557,318.56,0.43,0.38,"2026-02-16",1849,"N20","nominal","2.0NRT",295.11,2.59,"N"
"30900",17.70086,99.27937,312.88,0.43,0.38,"2026-02-16",1849,"N20","nominal","2.0NRT",294.26,1.78,"N"
"30901",17.84176,98.23758,299.89,0.48,0.4,"2026-02-16",1849,"N20","nominal","2.0NRT",288.44,0.85,"N"
"30902",17.29092,101.92914,302.39,0.38,0.36,"2026-02-16",1849,"N20","nominal","2.0NRT",290.89,0.27,"N"
"30903",17.26748,102.07615,306.38,0.39,0.36,"2026-02-16",1849,"N20","nominal","2.0NRT",290.41,0.76,"N"
"30904",17.26691,102.07973,303.62,0.39,0.36,"2026-02-16",1849,"N20","nominal","2.0NRT",292.4,0.76,"N"
"30905",17.24291,102.2085,307.73,0.39,0.36,"2026-02-16",1849,"N20","nominal","2.0NRT",291.15,0.52,"N"
"30906",16.99328,103.68529,313.95,0.41,0.37,"2026-02-16",1849,"N20","nominal","2.0NRT",290.78,1.18,"N"
"30907",17.73877,98.86539,310.4,0.45,0.39,"2026-02-16",1849,"N20","nominal","2.0NRT",291.08,1.67,"N"
"30908",16.99052,103.68082,312.92,0.41,0.37,"2026-02-16",1849,"N20","nominal","2.0NRT",291.13,3.56,"N"
"30909",16.98988,103.68467,310.4,0.41,0.37,"2026-02-16",1849,"N20","nominal","2.0NRT",290.59,3.56,"N"
"30910",16.98712,103.68021,348.48,0.41,0.37,"2026-02-16",1849,"N20","nominal","2.0NRT",294.44,3.56,"N"
"30911",16.98647,103.68406,309.92,0.41,0.37,"2026-02-16",1849,"N20","nominal","2.0NRT",290.48,3.56,"N"
"30912",18.22958,95.05324,319.57,0.5,0.49,"2026-02-16",1849,"N20","nominal","2.0NRT",288.26,2.49,"N"
"30913",18.2262,95.0434,297.78,0.5,0.49,"2026-02-16",1849,"N20","nominal","2.0NRT",287.73,1.12,"N"
"30914",18.2217,95.04284,308.83,0.5,0.49,"2026-02-16",1849,"N20","nominal","2.0NRT",286.47,1.07,"N"
"30915",17.21999,102.18235,312.1,0.39,0.36,"2026-02-16",1849,"N20","nominal","2.0NRT",291.16,0.9,"N"
"30916",18.21218,94.96891,306.31,0.5,0.49,"2026-02-16",1849,"N20","nominal","2.0NRT",294.56,1.34,"N"
"30917",18.20074,94.94913,311.71,0.5,0.49,"2026-02-16",1849,"N20","nominal","2.0NRT",295.19,1.54,"N"
"30918",18.21521,94.96722,307.93,0.5,0.49,"2026-02-16",1849,"N20","nominal","2.0NRT",295.28,1.5,"N"
"30919",18.20897,94.98049,311.87,0.5,0.49,"2026-02-16",1849,"N20","nominal","2.0NRT",295.32,2.14,"N"
"30920",17.16506,102.26918,305.32,0.39,0.36,"2026-02-16",1849,"N20","nominal","2.0NRT",291.09,0.64,"N"
"30921",17.1756,102.18228,314.48,0.39,0.36,"2026-02-16",1849,"N20","nominal","2.0NRT",291.18,1.06,"N"
"30922",18.2038,94.94829,305.24,0.5,0.49,"2026-02-16",1849,"N20","nominal","2.0NRT",294.23,1.2,"N"
"30923",18.19936,94.94711,304.41,0.5,0.49,"2026-02-16",1849,"N20","nominal","2.0NRT",293.53,0.81,"N"
"30924",17.14411,102.27293,302.3,0.39,0.36,"2026-02-16",1849,"N20","nominal","2.0NRT",291.45,0.39,"N"
"30925",16.85004,103.99315,308.52,0.43,0.38,"2026-02-16",1849,"N20","nominal","2.0NRT",290.76,0.99,"N"
"30926",18.16601,94.95724,303.54,0.5,0.49,"2026-02-16",1849,"N20","nominal","2.0NRT",293.34,1.24,"N"
"30927",18.16549,94.96152,310.97,0.5,0.49,"2026-02-16",1849,"N20","nominal","2.0NRT",295.12,1.24,"N"
"30928",17.28528,101.29585,303.59,0.39,0.36,"2026-02-16",1849,"N20","nominal","2.0NRT",290.37,0.52,"N"
"30929",17.00454,103.04695,312.28,0.4,0.37,"2026-02-16",1849,"N20","nominal","2.0NRT",289.98,1.12,"N"
"30930",17.0987,102.42822,308.52,0.39,0.36,"2026-02-16",1849,"N20","nominal","2.0NRT",291.24,0.73,"N"
"30931",17.18469,101.87064,327.21,0.38,0.36,"2026-02-16",1849,"N20","nominal","2.0NRT",290.69,2.31,"N"
"30932",16.89473,103.64445,303.2,0.41,0.37,"2026-02-16",1849,"N20","nominal","2.0NRT",288.83,0.44,"N"
"30933",18.15194,94.92184,306.24,0.51,0.49,"2026-02-16",1849,"N20","nominal","2.0NRT",291.72,1.33,"N"
"30934",16.97089,103.16718,307.91,0.4,0.37,"2026-02-16",1849,"N20","nominal","2.0NRT",288.89,0.48,"N"
"30935",16.89068,103.64767,301.96,0.41,0.37,"2026-02-16",1849,"N20","nominal","2.0NRT",289.37,0.57,"N"
"30936",17.0073,102.92578,327.95,0.4,0.37,"2026-02-16",1849,"N20","nominal","2.0NRT",290.36,1.71,"N"
"30937",18.1382,94.9979,305.31,0.5,0.49,"2026-02-16",1849,"N20","nominal","2.0NRT",289.91,1,"N"
"30938",17.00669,102.92947,303.77,0.4,0.37,"2026-02-16",1849,"N20","nominal","2.0NRT",290.46,1.71,"N"
"30939",16.87364,103.72797,298.59,0.42,0.37,"2026-02-16",1849,"N20","nominal","2.0NRT",283.12,0.34,"N"
"30940",16.82999,103.98567,304.59,0.43,0.38,"2026-02-16",1849,"N20","nominal","2.0NRT",291.91,0.92,"N"
"30941",16.87576,103.65293,305.09,0.41,0.37,"2026-02-16",1849,"N20","nominal","2.0NRT",288.2,0.58,"N"
"30942",16.91276,103.41205,304.03,0.41,0.37,"2026-02-16",1849,"N20","nominal","2.0NRT",289.87,0.59,"N"
"30943",16.87235,103.65232,302.99,0.41,0.37,"2026-02-16",1849,"N20","nominal","2.0NRT",288.69,0.55,"N"
"30944",17.09674,102.2721,311.39,0.39,0.36,"2026-02-16",1849,"N20","nominal","2.0NRT",291.23,0.78,"N"
"30945",17.10956,102.1081,321.33,0.39,0.36,"2026-02-16",1849,"N20","nominal","2.0NRT",290.79,1.15,"N"
"30946",16.76545,104.11288,302.78,0.43,0.38,"2026-02-16",1849,"N20","nominal","2.0NRT",289.29,0.7,"N"
"30947",16.79617,103.85446,322.48,0.42,0.38,"2026-02-16",1849,"N20","nominal","2.0NRT",292.72,1.87,"N"
"30948",16.98183,102.72894,301.17,0.39,0.36,"2026-02-16",1849,"N20","nominal","2.0NRT",290.51,0.32,"N"
"30949",17.04882,102.29334,302.32,0.39,0.36,"2026-02-16",1849,"N20","nominal","2.0NRT",291.33,0.48,"N"
"30950",16.89287,103.23036,312.24,0.4,0.37,"2026-02-16",1849,"N20","nominal","2.0NRT",292.26,0.94,"N"
"30951",17.02324,102.389,305.43,0.39,0.36,"2026-02-16",1849,"N20","nominal","2.0NRT",290.82,0.46,"N"
"30952",16.8843,103.24033,319.14,0.4,0.37,"2026-02-16",1849,"N20","nominal","2.0NRT",292.26,2.02,"N"
"30953",16.50128,105.46864,322.3,0.5,0.41,"2026-02-16",1849,"N20","nominal","2.0NRT",291.98,3.21,"N"
"30954",17.03272,102.30905,304.45,0.39,0.36,"2026-02-16",1849,"N20","nominal","2.0NRT",290.06,0.63,"N"
"30955",18.0716,94.96355,306.36,0.5,0.49,"2026-02-16",1849,"N20","nominal","2.0NRT",291.02,0.6,"N"
"30956",16.63131,104.65608,341.73,0.46,0.39,"2026-02-16",1849,"N20","nominal","2.0NRT",292.5,9.88,"N"
"30957",18.0619,95.00523,306.56,0.5,0.49,"2026-02-16",1849,"N20","nominal","2.0NRT",294.81,1.24,"N"
"30958",16.62776,104.65542,307.42,0.46,0.39,"2026-02-16",1849,"N20","nominal","2.0NRT",290.76,1.04,"N"
"30959",17.92196,96.01752,304.97,0.43,0.46,"2026-02-16",1849,"N20","nominal","2.0NRT",292.02,0.98,"N"
"30960",16.8995,103.0017,313.73,0.4,0.37,"2026-02-16",1849,"N20","nominal","2.0NRT",290.74,1.37,"N"
"30961",16.9077,102.93095,302.21,0.4,0.37,"2026-02-16",1849,"N20","nominal","2.0NRT",289.34,0.24,"N"
"30962",16.90437,102.93035,303.36,0.4,0.37,"2026-02-16",1849,"N20","nominal","2.0NRT",289.58,0.4,"N"
"30963",16.89008,102.99622,302.83,0.4,0.37,"2026-02-16",1849,"N20","nominal","2.0NRT",289.91,0.29,"N"
"30964",17.05614,101.95142,302.62,0.38,0.36,"2026-02-16",1849,"N20","nominal","2.0NRT",290.96,0.74,"N"
"30965",17.03149,102.10558,301.62,0.39,0.36,"2026-02-16",1849,"N20","nominal","2.0NRT",290.67,0.28,"N"
"30966",17.07619,101.80411,309.61,0.38,0.36,"2026-02-16",1849,"N20","nominal","2.0NRT",290.43,0.79,"N"
"30967",16.89979,102.85386,304.15,0.4,0.37,"2026-02-16",1849,"N20","nominal","2.0NRT",291.29,0.83,"N"
"30968",16.88647,102.93475,311.88,0.4,0.37,"2026-02-16",1849,"N20","nominal","2.0NRT",290.51,0.91,"N"
"30969",17.88534,96.03751,316.69,0.43,0.46,"2026-02-16",1849,"N20","nominal","2.0NRT",295.68,1.73,"N"
"30970",17.03324,102.01003,305.38,0.38,0.36,"2026-02-16",1849,"N20","nominal","2.0NRT",291.92,0.6,"N"
"30971",16.97307,102.38397,303.86,0.39,0.36,"2026-02-16",1849,"N20","nominal","2.0NRT",290.71,0.48,"N"
"30972",17.88121,96.03651,319.38,0.43,0.46,"2026-02-16",1849,"N20","nominal","2.0NRT",291.8,1.73,"N"
"30973",16.8406,103.12848,303.48,0.4,0.37,"2026-02-16",1849,"N20","nominal","2.0NRT",290.74,1.32,"N"
"30974",17.86604,96.05593,309.55,0.42,0.46,"2026-02-16",1849,"N20","nominal","2.0NRT",297.24,1.65,"N"
"30975",16.83662,103.13167,304.42,0.4,0.37,"2026-02-16",1849,"N20","nominal","2.0NRT",291.29,0.68,"N"
"30976",17.99239,94.9758,329.41,0.5,0.49,"2026-02-16",1849,"N20","nominal","2.0NRT",295.7,4.37,"N"
"30977",17.86192,96.05476,310.44,0.42,0.46,"2026-02-16",1849,"N20","nominal","2.0NRT",296.85,1.65,"N"
"30978",16.82529,103.13744,302.7,0.4,0.37,"2026-02-16",1849,"N20","nominal","2.0NRT",290.09,0.42,"N"
"30979",17.40203,99.40514,304.23,0.42,0.38,"2026-02-16",1849,"N20","nominal","2.0NRT",291.12,0.48,"N"
"30980",17.99448,94.97863,303.96,0.5,0.49,"2026-02-16",1849,"N20","nominal","2.0NRT",292.32,1.88,"N"
"30981",17.99049,94.97401,319.8,0.5,0.49,"2026-02-16",1849,"N20","nominal","2.0NRT",294.57,1.57,"N"
"30982",17.98997,94.97822,305.65,0.5,0.49,"2026-02-16",1849,"N20","nominal","2.0NRT",292.02,1.57,"N"
"30983",16.71183,103.64433,323.78,0.42,0.37,"2026-02-16",1849,"N20","nominal","2.0NRT",287.12,2.07,"N"
"30984",17.38643,99.35117,303.97,0.43,0.38,"2026-02-16",1849,"N20","nominal","2.0NRT",288.2,0.85,"N"
"30985",16.74803,103.36386,303.28,0.41,0.37,"2026-02-16",1849,"N20","nominal","2.0NRT",289.34,0.56,"N"
"30986",17.81701,96.12943,307.45,0.42,0.45,"2026-02-16",1849,"N20","nominal","2.0NRT",295.35,1.06,"N"
"30987",16.89888,102.40105,307.88,0.39,0.36,"2026-02-16",1849,"N20","nominal","2.0NRT",292.49,0.85,"N"
"30988",16.74382,103.24284,301.14,0.4,0.37,"2026-02-16",1849,"N20","nominal","2.0NRT",290.97,0.88,"N"
"30989",17.91324,95.12096,306.48,0.49,0.48,"2026-02-16",1849,"N20","nominal","2.0NRT",285.62,1.47,"N"
"30990",17.92803,94.96179,304.01,0.5,0.49,"2026-02-16",1849,"N20","nominal","2.0NRT",290.85,0.46,"N"
"30991",16.8078,102.79279,303.58,0.39,0.37,"2026-02-16",1849,"N20","nominal","2.0NRT",291.46,0.52,"N"
"30992",16.85466,102.46397,317.67,0.39,0.36,"2026-02-16",1849,"N20","nominal","2.0NRT",291.33,1.45,"N"
"30993",17.89012,95.01173,303.64,0.49,0.49,"2026-02-16",1849,"N20","nominal","2.0NRT",292.99,1.54,"N"
"30994",17.89495,94.93262,310.72,0.5,0.49,"2026-02-16",1849,"N20","nominal","2.0NRT",294.74,1.84,"N"
"30995",17.8867,95.00223,311.79,0.5,0.49,"2026-02-16",1849,"N20","nominal","2.0NRT",296.73,3.15,"N"
"30996",17.88617,95.00666,307.36,0.49,0.49,"2026-02-16",1849,"N20","nominal","2.0NRT",295.67,1.82,"N"
"30997",17.88122,95.01004,303.99,0.49,0.49,"2026-02-16",1849,"N20","nominal","2.0NRT",291.47,1.82,"N"
"30998",17.75187,96.07555,303.3,0.42,0.45,"2026-02-16",1849,"N20","nominal","2.0NRT",289.73,0.54,"N"
"30999",16.68383,103.35241,325.53,0.41,0.37,"2026-02-16",1849,"N20","nominal","2.0NRT",291.71,1.63,"N"
"31000",17.8814,94.93114,305.98,0.5,0.49,"2026-02-16",1849,"N20","nominal","2.0NRT",293.68,2.15,"N"
"31001",17.8883,95.00453,316.05,0.49,0.49,"2026-02-16",1849,"N20","nominal","2.0NRT",295.8,4.35,"N"
"31002",17.7501,96.07591,299.96,0.42,0.45,"2026-02-16",1849,"N20","nominal","2.0NRT",289.35,0.46,"N"
"31003",16.69362,103.18005,302.05,0.4,0.37,"2026-02-16",1849,"N20","nominal","2.0NRT",291.76,0.45,"N"
"31004",17.89258,94.93433,304.67,0.5,0.49,"2026-02-16",1849,"N20","nominal","2.0NRT",293.98,1.1,"N"
"31005",16.67852,103.25071,301.91,0.4,0.37,"2026-02-16",1849,"N20","nominal","2.0NRT",291.54,0.63,"N"
"31006",17.88354,94.93336,307.81,0.5,0.49,"2026-02-16",1849,"N20","nominal","2.0NRT",294.18,2.23,"N"
"31007",17.74647,95.97363,302.58,0.43,0.46,"2026-02-16",1849,"N20","nominal","2.0NRT",290.29,0.77,"N"
"31008",17.29131,99.23549,303.78,0.43,0.38,"2026-02-16",1849,"N20","nominal","2.0NRT",289.39,0.65,"N"
"31009",17.29071,99.23961,303.78,0.43,0.38,"2026-02-16",1849,"N20","nominal","2.0NRT",290.14,0.65,"N"
"31010",17.71104,96.08291,326.01,0.42,0.45,"2026-02-16",1849,"N20","nominal","2.0NRT",297.57,3.58,"N"
"31011",16.66212,103.18215,328.36,0.4,0.37,"2026-02-16",1849,"N20","nominal","2.0NRT",291.41,2.1,"N"
"31012",17.71154,96.07899,313.06,0.42,0.45,"2026-02-16",1849,"N20","nominal","2.0NRT",296.03,3.57,"N"
"31013",17.70738,96.07837,315.42,0.42,0.45,"2026-02-16",1849,"N20","nominal","2.0NRT",295.35,1.87,"N"
"31014",17.70687,96.08235,307.36,0.42,0.45,"2026-02-16",1849,"N20","nominal","2.0NRT",296.86,1.98,"N"
"31015",17.70636,96.08632,313.87,0.42,0.45,"2026-02-16",1849,"N20","nominal","2.0NRT",296.3,1.98,"N"
"31016",16.68459,103.02511,308.13,0.4,0.37,"2026-02-16",1849,"N20","nominal","2.0NRT",286.9,1.14,"N"
"31017",16.68124,103.02451,312.59,0.4,0.37,"2026-02-16",1849,"N20","nominal","2.0NRT",286.35,1.14,"N"
"31018",16.54115,103.82196,321.09,0.42,0.38,"2026-02-16",1849,"N20","nominal","2.0NRT",291.19,1.96,"N"
"31019",16.52154,103.875,316.86,0.42,0.38,"2026-02-16",1849,"N20","nominal","2.0NRT",290.28,1.75,"N"
"31020",17.80275,94.99686,319.52,0.49,0.49,"2026-02-16",1849,"N20","nominal","2.0NRT",292.36,3.09,"N"
"31021",16.74733,102.41168,329.87,0.39,0.36,"2026-02-16",1849,"N20","nominal","2.0NRT",291.87,3.07,"N"
"31022",17.79382,94.99541,305.35,0.49,0.49,"2026-02-16",1849,"N20","nominal","2.0NRT",289.09,1.36,"N"
"31023",16.6065,103.24564,304.28,0.41,0.37,"2026-02-16",1849,"N20","nominal","2.0NRT",291.05,0.79,"N"
"31024",17.64884,96.10612,303.36,0.42,0.45,"2026-02-16",1849,"N20","nominal","2.0NRT",290.9,2.22,"N"
"31025",16.60313,103.24504,308.89,0.41,0.37,"2026-02-16",1849,"N20","nominal","2.0NRT",291.24,0.79,"N"
"31026",16.78068,102.12135,302.2,0.39,0.36,"2026-02-16",1849,"N20","nominal","2.0NRT",291.58,0.53,"N"
"31027",16.16694,105.68644,302.94,0.52,0.41,"2026-02-16",1849,"N20","nominal","2.0NRT",292.09,0.62,"N"
"31028",16.56874,103.36712,307.65,0.41,0.37,"2026-02-16",1849,"N20","nominal","2.0NRT",290.45,0.78,"N"
"31029",16.76286,102.14779,310.67,0.39,0.36,"2026-02-16",1849,"N20","nominal","2.0NRT",290.95,1.01,"N"
"31030",16.16734,105.68509,302.35,0.52,0.41,"2026-02-16",1849,"N20","nominal","2.0NRT",291.94,0.63,"N"
"31031",16.64641,102.76158,301.79,0.39,0.37,"2026-02-16",1849,"N20","nominal","2.0NRT",291.09,0.46,"N"
"31032",16.53729,103.42535,304.23,0.41,0.37,"2026-02-16",1849,"N20","nominal","2.0NRT",290.61,0.52,"N"
"31033",17.46154,97.21288,312.65,0.54,0.42,"2026-02-16",1849,"N20","nominal","2.0NRT",290.89,3.03,"N"
"31034",17.24704,98.74506,302.83,0.45,0.39,"2026-02-16",1849,"N20","nominal","2.0NRT",291.13,0.56,"N"
"31035",17.24644,98.74923,302.18,0.45,0.39,"2026-02-16",1849,"N20","nominal","2.0NRT",291.32,0.56,"N"
"31036",16.27137,104.86785,339.57,0.47,0.4,"2026-02-16",1849,"N20","nominal","2.0NRT",292,5.42,"N"
"31037",17.7377,95.0602,301.34,0.49,0.48,"2026-02-16",1849,"N20","nominal","2.0NRT",283.31,0.88,"N"
"31038",17.2435,98.74447,305.17,0.45,0.39,"2026-02-16",1849,"N20","nominal","2.0NRT",291.45,0.85,"N"
"31039",17.23938,98.74793,304.89,0.45,0.39,"2026-02-16",1849,"N20","nominal","2.0NRT",291.6,0.85,"N"
"31040",17.17373,99.20137,306.79,0.43,0.38,"2026-02-16",1849,"N20","nominal","2.0NRT",291.31,1.51,"N"
"31041",16.5375,103.27716,302.54,0.41,0.37,"2026-02-16",1849,"N20","nominal","2.0NRT",289.88,0.15,"N"
"31042",16.45881,103.74821,310.5,0.42,0.38,"2026-02-16",1849,"N20","nominal","2.0NRT",292,0.83,"N"
"31043",17.59327,96.12896,307.06,0.42,0.45,"2026-02-16",1849,"N20","nominal","2.0NRT",295.18,2.38,"N"
"31044",17.17025,99.20088,307.11,0.43,0.38,"2026-02-16",1849,"N20","nominal","2.0NRT",290.91,1.32,"N"
"31045",17.16966,99.20494,317.73,0.43,0.38,"2026-02-16",1849,"N20","nominal","2.0NRT",292.41,1.32,"N"
"31046",17.16789,99.21701,312.56,0.43,0.38,"2026-02-16",1849,"N20","nominal","2.0NRT",291.74,0.92,"N"
"31047",17.16558,99.2085,328.55,0.43,0.38,"2026-02-16",1849,"N20","nominal","2.0NRT",292.25,2.39,"N"
"31048",17.16617,99.20444,312.85,0.43,0.38,"2026-02-16",1849,"N20","nominal","2.0NRT",291.46,1.32,"N"
"31049",17.165,99.21252,312.99,0.43,0.38,"2026-02-16",1849,"N20","nominal","2.0NRT",291.6,2.39,"N"
"31050",17.16442,99.2165,305.27,0.43,0.38,"2026-02-16",1849,"N20","nominal","2.0NRT",291.14,0.92,"N"
"31051",16.66841,102.39514,311.74,0.39,0.36,"2026-02-16",1849,"N20","nominal","2.0NRT",290.7,0.68,"N"
"31052",16.7545,101.83801,308.12,0.38,0.36,"2026-02-16",1849,"N20","nominal","2.0NRT",292.58,0.93,"N"
"31053",16.49981,103.39896,301.35,0.41,0.37,"2026-02-16",1849,"N20","nominal","2.0NRT",289.13,0.4,"N"
"31054",16.4945,103.40981,319.1,0.41,0.37,"2026-02-16",1849,"N20","nominal","2.0NRT",288.93,1.58,"N"
"31055",17.56802,96.12855,304.54,0.42,0.45,"2026-02-16",1849,"N20","nominal","2.0NRT",293.79,1.3,"N"
"31056",16.49344,103.31199,302.77,0.41,0.37,"2026-02-16",1849,"N20","nominal","2.0NRT",291.42,0.8,"N"
"31057",16.49281,103.31577,312.16,0.41,0.37,"2026-02-16",1849,"N20","nominal","2.0NRT",291.47,0.8,"N"
"31058",17.13435,99.17866,319.06,0.43,0.38,"2026-02-16",1849,"N20","nominal","2.0NRT",289.68,1.85,"N"
"31059",17.69022,94.92756,315.34,0.5,0.49,"2026-02-16",1849,"N20","nominal","2.0NRT",284.46,1.26,"N"
"31060",17.12738,99.1777,313.24,0.43,0.38,"2026-02-16",1849,"N20","nominal","2.0NRT",289.93,1.55,"N"
"31061",16.68014,102.11221,306.87,0.39,0.36,"2026-02-16",1849,"N20","nominal","2.0NRT",290.91,0.59,"N"
"31062",16.49623,103.15002,304.38,0.4,0.37,"2026-02-16",1849,"N20","nominal","2.0NRT",289.68,0.7,"N"
"31063",17.07004,99.42818,306.99,0.42,0.38,"2026-02-16",1849,"N20","nominal","2.0NRT",291.37,0.88,"N"
"31064",17.07057,99.42889,307.59,0.42,0.38,"2026-02-16",1849,"N20","nominal","2.0NRT",291.28,0.98,"N"
"31065",16.72775,101.66091,306.11,0.38,0.36,"2026-02-16",1849,"N20","nominal","2.0NRT",292.69,0.93,"N"
"31066",16.81096,101.1099,306.79,0.39,0.36,"2026-02-16",1849,"N20","nominal","2.0NRT",291.64,1.36,"N"
"31067",16.80819,101.12775,304.76,0.39,0.36,"2026-02-16",1849,"N20","nominal","2.0NRT",292.28,1.37,"N"
"31068",16.72447,101.66036,306.61,0.38,0.36,"2026-02-16",1849,"N20","nominal","2.0NRT",292,0.93,"N"
"31069",17.10233,99.1664,304.79,0.43,0.38,"2026-02-16",1849,"N20","nominal","2.0NRT",290.14,1.06,"N"
"31070",16.38188,103.68274,304.85,0.42,0.38,"2026-02-16",1849,"N20","nominal","2.0NRT",289.8,0.6,"N"
"31071",16.38123,103.68661,302.95,0.42,0.38,"2026-02-16",1849,"N20","nominal","2.0NRT",290.25,0.67,"N"
"31072",17.08716,99.17278,303.69,0.43,0.38,"2026-02-16",1849,"N20","nominal","2.0NRT",289.28,0.95,"N"
"31073",16.56757,102.53397,319.21,0.39,0.36,"2026-02-16",1849,"N20","nominal","2.0NRT",292.04,1.95,"N"
"31074",16.37845,103.68211,309.81,0.42,0.38,"2026-02-16",1849,"N20","nominal","2.0NRT",290.38,1.12,"N"
"31075",17.08551,99.15977,305.68,0.43,0.38,"2026-02-16",1849,"N20","nominal","2.0NRT",290.19,0.89,"N"
"31076",16.73795,101.44646,305.89,0.38,0.36,"2026-02-16",1849,"N20","nominal","2.0NRT",290.69,0.57,"N"
"31077",16.37438,103.68539,304.07,0.42,0.38,"2026-02-16",1849,"N20","nominal","2.0NRT",289.78,0.83,"N"
"31078",16.69023,101.70584,307.53,0.38,0.36,"2026-02-16",1849,"N20","nominal","2.0NRT",292.44,0.74,"N"
"31079",16.68966,101.70941,304.57,0.38,0.36,"2026-02-16",1849,"N20","nominal","2.0NRT",292.45,0.74,"N"
"31080",16.68308,101.70828,306.36,0.38,0.36,"2026-02-16",1849,"N20","nominal","2.0NRT",292.17,1.16,"N"
"31081",16.72158,101.42167,302.63,0.38,0.36,"2026-02-16",1849,"N20","nominal","2.0NRT",290.87,0.45,"N"
"31082",16.57681,102.30862,318.63,0.39,0.36,"2026-02-16",1849,"N20","nominal","2.0NRT",291.08,1.43,"N"
"31083",16.57623,102.31223,319.36,0.39,0.36,"2026-02-16",1849,"N20","nominal","2.0NRT",291.36,1.43,"N"
"31084",16.26081,104.14626,337.47,0.44,0.38,"2026-02-16",1849,"N20","nominal","2.0NRT",291.44,4.61,"N"
"31085",16.6555,101.73294,301.95,0.38,0.36,"2026-02-16",1849,"N20","nominal","2.0NRT",290.56,0.61,"N"
"31086",16.99995,99.33339,308.42,0.42,0.38,"2026-02-16",1849,"N20","nominal","2.0NRT",292.33,1.2,"N"
"31087",16.99708,99.32883,308.14,0.42,0.38,"2026-02-16",1849,"N20","nominal","2.0NRT",291.43,1.2,"N"
"31088",16.99076,99.34804,320.05,0.42,0.38,"2026-02-16",1849,"N20","nominal","2.0NRT",292.97,1.59,"N"
"31089",17.30658,97.06127,297.84,0.55,0.42,"2026-02-16",1849,"N20","nominal","2.0NRT",284.76,0.67,"N"
"31090",16.99191,99.34015,307.05,0.42,0.38,"2026-02-16",1849,"N20","nominal","2.0NRT",292.66,1.1,"N"
"31091",16.98961,99.3316,307.94,0.42,0.38,"2026-02-16",1849,"N20","nominal","2.0NRT",291.44,2.1,"N"
"31092",16.98904,99.33555,306.92,0.42,0.38,"2026-02-16",1849,"N20","nominal","2.0NRT",291.11,1.1,"N"
"31093",16.98731,99.3475,306.04,0.42,0.38,"2026-02-16",1849,"N20","nominal","2.0NRT",292.26,1.59,"N"
"31094",16.98331,99.35078,307.45,0.42,0.38,"2026-02-16",1849,"N20","nominal","2.0NRT",292.32,1.23,"N"
"31095",16.97697,99.3458,309.04,0.42,0.38,"2026-02-16",1849,"N20","nominal","2.0NRT",292.1,1.7,"N"
"31096",16.97641,99.34971,310.8,0.42,0.38,"2026-02-16",1849,"N20","nominal","2.0NRT",292.36,1.43,"N"
"31097",16.97439,99.34641,306.71,0.42,0.38,"2026-02-16",1849,"N20","nominal","2.0NRT",291.23,1.28,"N"
"31098",16.60272,101.7424,323.3,0.38,0.36,"2026-02-16",1849,"N20","nominal","2.0NRT",292.77,2.96,"N"
"31099",16.60328,101.73882,313.17,0.38,0.36,"2026-02-16",1849,"N20","nominal","2.0NRT",292.3,1.02,"N"
"31100",16.53994,101.96667,303.1,0.39,0.36,"2026-02-16",1849,"N20","nominal","2.0NRT",289.94,0.45,"N"
"31101",16.90482,99.50734,302.46,0.42,0.37,"2026-02-16",1849,"N20","nominal","2.0NRT",288.34,0.67,"N"
"31102",17.51394,94.91281,311.81,0.5,0.49,"2026-02-16",1849,"N20","nominal","2.0NRT",292.82,1.31,"N"
"31103",16.37107,102.58968,330.92,0.39,0.36,"2026-02-16",1849,"N20","nominal","2.0NRT",291.5,4.76,"N"
"31104",15.62624,106.70814,313.54,0.4,0.45,"2026-02-16",1849,"N20","nominal","2.0NRT",292.66,1.38,"N"
"31105",15.62562,106.71156,307.43,0.4,0.45,"2026-02-16",1849,"N20","nominal","2.0NRT",292.66,1.38,"N"
"31106",15.61145,106.72043,306.54,0.4,0.45,"2026-02-16",1849,"N20","nominal","2.0NRT",292.08,0.88,"N"
"31107",15.61395,106.63786,303.7,0.4,0.44,"2026-02-16",1849,"N20","nominal","2.0NRT",290.41,0.37,"N"
"31108",16.37382,102.19593,310.73,0.39,0.36,"2026-02-16",1849,"N20","nominal","2.0NRT",290.85,0.83,"N"
"31109",16.37051,102.19536,330.76,0.39,0.36,"2026-02-16",1849,"N20","nominal","2.0NRT",291.03,3.46,"N"
"31110",16.33238,102.38888,310.46,0.39,0.36,"2026-02-16",1849,"N20","nominal","2.0NRT",290.91,0.74,"N"
"31111",16.33376,102.3594,308.46,0.39,0.36,"2026-02-16",1849,"N20","nominal","2.0NRT",290.97,0.67,"N"
"31112",16.33318,102.36301,304.82,0.39,0.36,"2026-02-16",1849,"N20","nominal","2.0NRT",291.13,0.67,"N"
"31113",15.59246,106.64139,301.24,0.4,0.44,"2026-02-16",1849,"N20","nominal","2.0NRT",290.5,0.4,"N"
"31114",15.65928,106.20881,311.41,0.56,0.43,"2026-02-16",1849,"N20","nominal","2.0NRT",291.96,1.35,"N"
"31115",16.39237,101.91177,308.51,0.39,0.36,"2026-02-16",1849,"N20","nominal","2.0NRT",294.16,1.46,"N"
"31116",16.90714,98.46569,300.28,0.46,0.39,"2026-02-16",1849,"N20","nominal","2.0NRT",286.58,1.04,"N"
"31117",16.3885,101.91478,315.89,0.39,0.36,"2026-02-16",1849,"N20","nominal","2.0NRT",294.38,1.46,"N"
"31118",16.32892,102.28435,302.16,0.39,0.36,"2026-02-16",1849,"N20","nominal","2.0NRT",291.11,0.69,"N"
"31119",16.32834,102.28796,308.71,0.39,0.36,"2026-02-16",1849,"N20","nominal","2.0NRT",291.46,0.69,"N"
"31120",17.24457,95.89854,330.52,0.43,0.46,"2026-02-16",1849,"N20","nominal","2.0NRT",289.96,3.04,"N"
"31121",16.38521,101.91421,307.16,0.39,0.36,"2026-02-16",1849,"N20","nominal","2.0NRT",293.66,1.46,"N"
"31122",16.93455,98.13647,310.42,0.47,0.4,"2026-02-16",1849,"N20","nominal","2.0NRT",285.23,0.7,"N"
"31123",16.77735,99.22663,315.9,0.43,0.38,"2026-02-16",1849,"N20","nominal","2.0NRT",288.32,1.94,"N"
"31124",16.93397,98.13824,312.55,0.47,0.4,"2026-02-16",1849,"N20","nominal","2.0NRT",285.87,0.64,"N"
"31125",16.34569,102.01062,302.08,0.39,0.36,"2026-02-16",1849,"N20","nominal","2.0NRT",290.77,0.47,"N"
"31126",16.30013,102.29445,317.44,0.39,0.36,"2026-02-16",1849,"N20","nominal","2.0NRT",291.13,0.93,"N"
"31127",16.29681,102.29388,306.67,0.39,0.36,"2026-02-16",1849,"N20","nominal","2.0NRT",290.5,0.93,"N"
"31128",16.76577,99.2423,319.41,0.42,0.38,"2026-02-16",1849,"N20","nominal","2.0NRT",290.45,2.17,"N"
"31129",16.29292,102.29691,306.27,0.39,0.36,"2026-02-16",1849,"N20","nominal","2.0NRT",290.91,0.72,"N"
"31130",16.24897,102.56863,302.88,0.39,0.36,"2026-02-16",1849,"N20","nominal","2.0NRT",292.14,1.02,"N"
"31131",16.76287,99.23793,324.67,0.42,0.38,"2026-02-16",1849,"N20","nominal","2.0NRT",289.95,2.17,"N"
"31132",16.76232,99.24173,314.4,0.42,0.38,"2026-02-16",1849,"N20","nominal","2.0NRT",289.81,2.17,"N"
"31133",16.24565,102.56805,319.7,0.39,0.36,"2026-02-16",1849,"N20","nominal","2.0NRT",293.04,1.02,"N"
"31134",16.78116,99.08997,301.94,0.43,0.38,"2026-02-16",1849,"N20","nominal","2.0NRT",286,1.07,"N"
"31135",16.78058,99.09392,305.04,0.43,0.38,"2026-02-16",1849,"N20","nominal","2.0NRT",286.46,1.1,"N"
"31136",16.77826,99.1097,307.02,0.43,0.38,"2026-02-16",1849,"N20","nominal","2.0NRT",287.56,1.03,"N"
"31137",16.77711,99.09335,316.73,0.43,0.38,"2026-02-16",1849,"N20","nominal","2.0NRT",286.56,1.1,"N"
"31138",16.77653,99.09729,308.99,0.43,0.38,"2026-02-16",1849,"N20","nominal","2.0NRT",286.78,1.1,"N"
"31139",16.75612,99.18774,308.86,0.43,0.38,"2026-02-16",1849,"N20","nominal","2.0NRT",286.16,0.86,"N"
"31140",16.73878,99.20929,303.7,0.43,0.38,"2026-02-16",1849,"N20","nominal","2.0NRT",284.52,0.71,"N"
"31141",15.49042,106.78717,304.23,0.41,0.45,"2026-02-16",1849,"N20","nominal","2.0NRT",292.28,0.78,"N"
"31142",16.84642,98.4408,299.11,0.46,0.39,"2026-02-16",1849,"N20","nominal","2.0NRT",285.48,0.49,"N"
"31143",15.58777,106.20354,301.38,0.57,0.43,"2026-02-16",1849,"N20","nominal","2.0NRT",290.89,0.58,"N"
"31144",16.8231,98.47601,322.24,0.46,0.39,"2026-02-16",1849,"N20","nominal","2.0NRT",286.52,1.74,"N"
"31145",16.81953,98.47546,308.26,0.46,0.39,"2026-02-16",1849,"N20","nominal","2.0NRT",286.8,1.01,"N"
"31146",16.69268,99.33108,311.51,0.42,0.38,"2026-02-16",1849,"N20","nominal","2.0NRT",287.01,1.06,"N"
"31147",15.45376,106.78019,303.47,0.41,0.45,"2026-02-16",1849,"N20","nominal","2.0NRT",291.71,0.59,"N"
"31148",15.44963,106.77972,302.9,0.41,0.45,"2026-02-16",1849,"N20","nominal","2.0NRT",291.3,0.59,"N"
"31149",15.44201,106.79807,302.2,0.41,0.45,"2026-02-16",1849,"N20","nominal","2.0NRT",291.17,0.84,"N"
"31150",16.2382,102.10973,302.48,0.39,0.36,"2026-02-16",1849,"N20","nominal","2.0NRT",289.61,0.27,"N"
"31151",15.41601,106.8242,305.18,0.41,0.45,"2026-02-16",1849,"N20","nominal","2.0NRT",291.78,0.58,"N"
"31152",16.77029,98.49593,302.75,0.45,0.39,"2026-02-16",1849,"N20","nominal","2.0NRT",287.82,0.81,"N"
"31153",15.41257,106.82463,305.5,0.41,0.45,"2026-02-16",1849,"N20","nominal","2.0NRT",291.5,0.51,"N"
"31154",16.64462,99.18372,299.21,0.43,0.38,"2026-02-16",1849,"N20","nominal","2.0NRT",280.07,0.59,"N"
"31155",16.64403,99.1877,302.22,0.43,0.38,"2026-02-16",1849,"N20","nominal","2.0NRT",283.75,1.76,"N"
"31156",16.59029,99.5505,308.59,0.41,0.37,"2026-02-16",1849,"N20","nominal","2.0NRT",287.25,1.08,"N"
"31157",16.63652,99.19061,310.47,0.43,0.38,"2026-02-16",1849,"N20","nominal","2.0NRT",285.3,1.93,"N"
"31158",16.63423,99.18213,308.84,0.43,0.38,"2026-02-16",1849,"N20","nominal","2.0NRT",285.41,0.9,"N"
"31159",16.63019,99.18553,304.73,0.43,0.38,"2026-02-16",1849,"N20","nominal","2.0NRT",284.78,0.95,"N"
"31160",15.35119,106.88242,309.65,0.42,0.45,"2026-02-16",1849,"N20","nominal","2.0NRT",292.02,1.07,"N"
"31161",16.18673,101.73051,322.25,0.38,0.36,"2026-02-16",1849,"N20","nominal","2.0NRT",293.47,2.57,"N"
"31162",15.29417,106.86881,303.88,0.42,0.45,"2026-02-16",1849,"N20","nominal","2.0NRT",291.63,0.73,"N"
"31163",16.18342,101.72998,326.83,0.38,0.36,"2026-02-16",1849,"N20","nominal","2.0NRT",294.48,2.57,"N"
"31164",15.29005,106.86808,304.01,0.42,0.45,"2026-02-16",1849,"N20","nominal","2.0NRT",291.62,0.73,"N"
"31165",16.17901,101.7365,306.01,0.38,0.36,"2026-02-16",1849,"N20","nominal","2.0NRT",293.33,1.78,"N"
"31166",16.17845,101.74005,312.57,0.38,0.36,"2026-02-16",1849,"N20","nominal","2.0NRT",293.34,1.78,"N"
"31167",16.17571,101.73597,330.54,0.38,0.36,"2026-02-16",1849,"N20","nominal","2.0NRT",294.17,1.78,"N"
"31168",15.29154,106.86903,309.63,0.42,0.45,"2026-02-16",1849,"N20","nominal","2.0NRT",291.9,1.27,"N"
"31169",16.52832,99.3325,311.08,0.42,0.38,"2026-02-16",1849,"N20","nominal","2.0NRT",291.08,1.56,"N"
"31170",16.52492,99.33169,315,0.42,0.38,"2026-02-16",1849,"N20","nominal","2.0NRT",291.99,1.56,"N"
"31171",16.52212,99.3269,316.63,0.42,0.38,"2026-02-16",1849,"N20","nominal","2.0NRT",292.05,2.59,"N"
"31172",16.52052,99.29018,319.91,0.42,0.38,"2026-02-16",1849,"N20","nominal","2.0NRT",288.25,1.91,"N"
"31173",16.14334,101.72347,324.31,0.38,0.36,"2026-02-16",1849,"N20","nominal","2.0NRT",290.92,2.1,"N"
"31174",16.65773,98.271,304.26,0.46,0.39,"2026-02-16",1849,"N20","nominal","2.0NRT",289.2,0.52,"N"
"31175",16.13877,101.64584,320.3,0.38,0.36,"2026-02-16",1849,"N20","nominal","2.0NRT",291.38,3.34,"N"
"31176",16.13548,101.64529,329.75,0.38,0.36,"2026-02-16",1849,"N20","nominal","2.0NRT",291.32,3.34,"N"
"31177",16.6165,98.4573,304.76,0.45,0.39,"2026-02-16",1849,"N20","nominal","2.0NRT",285.86,0.77,"N"
"31178",16.09642,101.76305,318.71,0.38,0.36,"2026-02-16",1849,"N20","nominal","2.0NRT",290.97,1.07,"N"
"31179",15.30305,106.39047,306.52,0.39,0.44,"2026-02-16",1849,"N20","nominal","2.0NRT",289.1,1.15,"N"
"31180",16.02116,102.20989,306.22,0.39,0.36,"2026-02-16",1849,"N20","nominal","2.0NRT",292.87,1.61,"N"
"31181",15.29903,106.38992,302.11,0.39,0.44,"2026-02-16",1849,"N20","nominal","2.0NRT",289.36,0.97,"N"
"31182",15.2985,106.39283,305.31,0.39,0.44,"2026-02-16",1849,"N20","nominal","2.0NRT",289.69,0.97,"N"
"31183",16.06197,101.91484,306.37,0.39,0.36,"2026-02-16",1849,"N20","nominal","2.0NRT",290.63,0.68,"N"
"31184",16.46366,99.24509,303.6,0.42,0.38,"2026-02-16",1849,"N20","nominal","2.0NRT",282.74,0.42,"N"
"31185",16.20796,100.90343,329.38,0.39,0.36,"2026-02-16",1849,"N20","nominal","2.0NRT",293.4,2.95,"N"
"31186",16.20741,100.90701,337.17,0.39,0.36,"2026-02-16",1849,"N20","nominal","2.0NRT",294.77,2.76,"N"
"31187",16.20685,100.91061,313.17,0.39,0.36,"2026-02-16",1849,"N20","nominal","2.0NRT",292.95,2.76,"N"
"31188",16.19858,100.92025,305.06,0.39,0.36,"2026-02-16",1849,"N20","nominal","2.0NRT",292.55,0.68,"N"
"31189",15.98984,102.17109,309.86,0.39,0.36,"2026-02-16",1849,"N20","nominal","2.0NRT",293.79,1.27,"N"
"31190",16.49366,98.83173,303.29,0.44,0.38,"2026-02-16",1849,"N20","nominal","2.0NRT",282.69,0.91,"N"
"31191",15.25468,106.41928,298.05,0.39,0.44,"2026-02-16",1849,"N20","nominal","2.0NRT",287.95,0.28,"N"
"31192",15.24735,106.41413,301.95,0.39,0.44,"2026-02-16",1849,"N20","nominal","2.0NRT",288.95,0.77,"N"
"31193",15.17315,106.82652,303.03,0.42,0.45,"2026-02-16",1849,"N20","nominal","2.0NRT",291.9,0.73,"N"
"31194",16.03207,101.7593,328.08,0.38,0.36,"2026-02-16",1849,"N20","nominal","2.0NRT",292.63,2.31,"N"
"31195",16.03264,101.75574,306.47,0.38,0.36,"2026-02-16",1849,"N20","nominal","2.0NRT",290.8,2.31,"N"
"31196",15.15883,106.83515,303.28,0.42,0.45,"2026-02-16",1849,"N20","nominal","2.0NRT",292.05,0.72,"N"
"31197",16.00807,101.82481,328.3,0.39,0.36,"2026-02-16",1849,"N20","nominal","2.0NRT",291.1,2.37,"N"
"31198",16.34849,99.62271,301.47,0.41,0.37,"2026-02-16",1849,"N20","nominal","2.0NRT",282.83,0.85,"N"
"31199",16.30157,99.88961,297.95,0.4,0.37,"2026-02-16",1849,"N20","nominal","2.0NRT",269.74,0.44,"N"
"31200",16.03,101.62357,329.49,0.38,0.36,"2026-02-16",1849,"N20","nominal","2.0NRT",291.38,3.35,"N"
"31201",16.02794,101.59396,309.29,0.38,0.36,"2026-02-16",1849,"N20","nominal","2.0NRT",290.67,0.61,"N"
"31202",16.01523,101.61009,304.34,0.38,0.36,"2026-02-16",1849,"N20","nominal","2.0NRT",290.61,0.39,"N"
"31203",15.89067,102.38402,306.48,0.39,0.36,"2026-02-16",1849,"N20","nominal","2.0NRT",291.36,0.71,"N"
"31204",16.36555,99.27029,309.07,0.42,0.38,"2026-02-16",1849,"N20","nominal","2.0NRT",286.96,1.31,"N"
"31205",15.11237,106.81033,303.31,0.42,0.45,"2026-02-16",1849,"N20","nominal","2.0NRT",291.52,0.51,"N"
"31206",15.99742,101.65825,306.16,0.38,0.36,"2026-02-16",1849,"N20","nominal","2.0NRT",290.82,0.41,"N"
"31207",16.35122,99.27205,318.66,0.42,0.38,"2026-02-16",1849,"N20","nominal","2.0NRT",287.84,2.56,"N"
"31208",16.26277,99.84881,296.11,0.4,0.37,"2026-02-16",1849,"N20","nominal","2.0NRT",272.01,0.27,"N"
"31209",16.34434,99.27087,312.37,0.42,0.38,"2026-02-16",1849,"N20","nominal","2.0NRT",286.3,1.52,"N"
"31210",16.08403,100.86829,313.56,0.39,0.36,"2026-02-16",1849,"N20","nominal","2.0NRT",293.2,2.11,"N"
"31211",15.93545,101.64057,312.64,0.38,0.36,"2026-02-16",1849,"N20","nominal","2.0NRT",291.94,0.82,"N"
"31212",15.93489,101.64413,314.93,0.38,0.36,"2026-02-16",1849,"N20","nominal","2.0NRT",291.87,0.93,"N"
"31213",15.29798,105.44756,308.47,0.52,0.41,"2026-02-16",1849,"N20","nominal","2.0NRT",292.26,1.06,"N"
"31214",15.92592,101.6792,303.89,0.38,0.36,"2026-02-16",1849,"N20","nominal","2.0NRT",291.51,0.4,"N"
"31215",15.91877,101.68164,303.3,0.38,0.36,"2026-02-16",1849,"N20","nominal","2.0NRT",291.64,0.69,"N"
"31216",15.88744,101.87775,318.58,0.39,0.36,"2026-02-16",1849,"N20","nominal","2.0NRT",291.09,1.12,"N"
"31217",15.88687,101.88132,308.4,0.39,0.36,"2026-02-16",1849,"N20","nominal","2.0NRT",291.49,1.12,"N"
"31218",15.89821,101.72569,314.58,0.38,0.36,"2026-02-16",1849,"N20","nominal","2.0NRT",293.49,1.56,"N"
"31219",15.87065,101.83453,307.78,0.39,0.36,"2026-02-16",1849,"N20","nominal","2.0NRT",292.71,0.92,"N"
"31220",15.86564,101.84467,304.26,0.39,0.36,"2026-02-16",1849,"N20","nominal","2.0NRT",291.91,1.24,"N"
"31221",15.87263,101.77989,309.36,0.39,0.36,"2026-02-16",1849,"N20","nominal","2.0NRT",293.79,1.51,"N"
"31222",14.99294,106.84391,301.83,0.42,0.45,"2026-02-16",1849,"N20","nominal","2.0NRT",291.53,0.43,"N"
"31223",15.96245,101.14839,316.45,0.38,0.36,"2026-02-16",1849,"N20","nominal","2.0NRT",290.74,1.14,"N"
"31224",15.93905,101.27602,301.24,0.38,0.36,"2026-02-16",1849,"N20","nominal","2.0NRT",290.61,0.59,"N"
"31225",16.33998,98.57189,302.62,0.45,0.39,"2026-02-16",1849,"N20","nominal","2.0NRT",284.86,0.67,"N"
"31226",15.93575,101.27547,311.15,0.38,0.36,"2026-02-16",1849,"N20","nominal","2.0NRT",290.58,0.59,"N"
"31227",15.86652,101.69102,303.98,0.38,0.36,"2026-02-16",1849,"N20","nominal","2.0NRT",293.17,1.18,"N"
"31228",15.15238,105.84258,305.43,0.55,0.42,"2026-02-16",1849,"N20","nominal","2.0NRT",294.04,1.92,"N"
"31229",16.32527,98.59916,307.03,0.45,0.39,"2026-02-16",1849,"N20","nominal","2.0NRT",283.25,1.21,"N"
"31230",16.31887,98.64433,313.9,0.44,0.39,"2026-02-16",1849,"N20","nominal","2.0NRT",281.23,1.95,"N"
"31231",15.85937,101.69346,306.53,0.38,0.36,"2026-02-16",1849,"N20","nominal","2.0NRT",292.53,1.16,"N"
"31232",15.84683,101.77185,302.73,0.39,0.36,"2026-02-16",1849,"N20","nominal","2.0NRT",291.04,0.44,"N"
"31233",15.85493,101.70003,303.11,0.38,0.36,"2026-02-16",1849,"N20","nominal","2.0NRT",292.34,0.78,"N"
"31234",16.32512,98.60046,306.65,0.45,0.39,"2026-02-16",1849,"N20","nominal","2.0NRT",283.11,1.68,"N"
"31235",16.31855,98.64532,306.54,0.44,0.39,"2026-02-16",1849,"N20","nominal","2.0NRT",282.07,1.6,"N"
"31236",15.87702,101.5355,311.11,0.38,0.36,"2026-02-16",1849,"N20","nominal","2.0NRT",292.39,0.92,"N"
"31237",15.85102,101.69922,311.88,0.38,0.36,"2026-02-16",1849,"N20","nominal","2.0NRT",292.97,0.83,"N"
"31238",15.84773,101.69865,305.82,0.38,0.36,"2026-02-16",1849,"N20","nominal","2.0NRT",292.85,0.83,"N"
"31239",15.84444,101.6981,326.31,0.38,0.36,"2026-02-16",1849,"N20","nominal","2.0NRT",292.89,1.98,"N"
"31240",16.29217,98.77591,306.63,0.44,0.38,"2026-02-16",1849,"N20","nominal","2.0NRT",282.92,0.95,"N"
"31241",14.9272,106.98147,340.8,0.43,0.46,"2026-02-16",1849,"N20","nominal","2.0NRT",293.85,5.51,"N"
"31242",14.99784,106.45127,303.24,0.4,0.44,"2026-02-16",1849,"N20","nominal","2.0NRT",288.64,0.89,"N"
"31243",15.71744,102.23541,302.83,0.39,0.36,"2026-02-16",1849,"N20","nominal","2.0NRT",291.6,0.49,"N"
"31244",16.24184,98.80144,311.19,0.44,0.38,"2026-02-16",1849,"N20","nominal","2.0NRT",281.55,1.52,"N"
"31245",14.99561,106.39484,301.03,0.4,0.44,"2026-02-16",1849,"N20","nominal","2.0NRT",290.63,0.7,"N"
"31246",14.99498,106.39833,303.83,0.4,0.44,"2026-02-16",1849,"N20","nominal","2.0NRT",290.59,0.7,"N"
"31247",14.97908,106.4401,306.17,0.4,0.44,"2026-02-16",1849,"N20","nominal","2.0NRT",290.16,0.66,"N"
"31248",15.84764,101.31522,331.59,0.38,0.36,"2026-02-16",1849,"N20","nominal","2.0NRT",293.06,2.88,"N"
"31249",14.97704,106.42852,300.15,0.4,0.44,"2026-02-16",1849,"N20","nominal","2.0NRT",289.98,0.62,"N"
"31250",14.97639,106.43212,306.25,0.4,0.44,"2026-02-16",1849,"N20","nominal","2.0NRT",289.93,0.62,"N"
"31251",14.97572,106.43575,304.61,0.4,0.44,"2026-02-16",1849,"N20","nominal","2.0NRT",290.15,0.66,"N"
"31252",14.97299,106.42798,301.24,0.4,0.44,"2026-02-16",1849,"N20","nominal","2.0NRT",290.4,0.83,"N"
"31253",14.97235,106.43147,309.1,0.4,0.44,"2026-02-16",1849,"N20","nominal","2.0NRT",290.95,0.83,"N"
"31254",16.21907,98.81038,298.15,0.44,0.38,"2026-02-16",1849,"N20","nominal","2.0NRT",280.19,0.91,"N"
"31255",14.9683,106.43089,309.96,0.4,0.44,"2026-02-16",1849,"N20","nominal","2.0NRT",290.91,0.83,"N"
"31256",16.51964,96.57548,308.28,0.57,0.43,"2026-02-16",1849,"N20","nominal","2.0NRT",290.24,1.47,"N"
"31257",15.75129,101.83603,306.88,0.39,0.36,"2026-02-16",1849,"N20","nominal","2.0NRT",290.54,0.51,"N"
"31258",15.74856,101.8319,320.17,0.39,0.36,"2026-02-16",1849,"N20","nominal","2.0NRT",291.46,1.56,"N"
"31259",15.74254,101.82721,304.69,0.39,0.36,"2026-02-16",1849,"N20","nominal","2.0NRT",291.19,0.37,"N"
"31260",14.93403,106.50398,300.88,0.4,0.44,"2026-02-16",1849,"N20","nominal","2.0NRT",290.67,0.54,"N"
"31261",15.80525,101.34823,345.78,0.38,0.36,"2026-02-16",1849,"N20","nominal","2.0NRT",292.1,4.43,"N"
"31262",15.84586,100.91382,307.8,0.39,0.36,"2026-02-16",1849,"N20","nominal","2.0NRT",294.46,1.36,"N"
"31263",14.84171,106.85265,304.46,0.42,0.46,"2026-02-16",1849,"N20","nominal","2.0NRT",293.47,1.56,"N"
"31264",15.72205,101.65615,303.54,0.38,0.36,"2026-02-16",1849,"N20","nominal","2.0NRT",292.24,0.83,"N"
"31265",14.89991,106.50617,301.32,0.4,0.44,"2026-02-16",1849,"N20","nominal","2.0NRT",290.39,0.79,"N"
"31266",14.89926,106.50978,300.26,0.4,0.44,"2026-02-16",1849,"N20","nominal","2.0NRT",289.99,0.79,"N"
"31267",14.8986,106.51341,302.04,0.4,0.45,"2026-02-16",1849,"N20","nominal","2.0NRT",289.79,0.59,"N"
"31268",14.6597,107.79826,299.76,0.49,0.49,"2026-02-16",1849,"N20","nominal","2.0NRT",285.84,0.39,"N"
"31269",16.11275,98.91969,297.33,0.43,0.38,"2026-02-16",1849,"N20","nominal","2.0NRT",279.43,0.41,"N"
"31270",15.69081,101.63988,305.56,0.38,0.36,"2026-02-16",1849,"N20","nominal","2.0NRT",291.94,0.74,"N"
"31271",15.69024,101.64343,311.34,0.38,0.36,"2026-02-16",1849,"N20","nominal","2.0NRT",292.06,0.74,"N"
"31272",15.79407,100.96371,309.94,0.39,0.36,"2026-02-16",1849,"N20","nominal","2.0NRT",292.66,0.84,"N"
"31273",15.79351,100.96728,310.68,0.39,0.36,"2026-02-16",1849,"N20","nominal","2.0NRT",291.95,0.84,"N"
"31274",15.68149,101.63464,312.84,0.38,0.36,"2026-02-16",1849,"N20","nominal","2.0NRT",292.44,1.77,"N"
"31275",15.68387,101.59851,313.39,0.38,0.36,"2026-02-16",1849,"N20","nominal","2.0NRT",292.86,1.81,"N"
"31276",15.73348,101.26398,316.28,0.38,0.36,"2026-02-16",1849,"N20","nominal","2.0NRT",294.62,1.85,"N"
"31277",15.73018,101.26344,319.8,0.38,0.36,"2026-02-16",1849,"N20","nominal","2.0NRT",293.73,2,"N"
"31278",15.72689,101.26289,321,0.38,0.36,"2026-02-16",1849,"N20","nominal","2.0NRT",294.49,2,"N"
"31279",15.7236,101.26233,305.72,0.38,0.36,"2026-02-16",1849,"N20","nominal","2.0NRT",292.57,0.79,"N"
"31280",14.83016,106.26356,303.04,0.39,0.44,"2026-02-16",1849,"N20","nominal","2.0NRT",291.01,0.6,"N"
"31281",16.19956,97.71052,309.73,0.49,0.4,"2026-02-16",1849,"N20","nominal","2.0NRT",284.67,1.53,"N"
"31282",14.70789,106.82379,301.64,0.42,0.46,"2026-02-16",1849,"N20","nominal","2.0NRT",291.04,0.56,"N"
"31283",14.80672,106.23365,305.34,0.39,0.44,"2026-02-16",1849,"N20","nominal","2.0NRT",291,1.33,"N"
"31284",14.75445,106.33923,313.55,0.4,0.44,"2026-02-16",1849,"N20","nominal","2.0NRT",291.53,1.27,"N"
"31285",15.312,103.14334,321.85,0.41,0.37,"2026-02-16",1849,"N20","nominal","2.0NRT",292.29,1.77,"N"
"31286",14.68522,106.69202,333.04,0.42,0.45,"2026-02-16",1849,"N20","nominal","2.0NRT",292.67,3.52,"N"
"31287",16.06972,98.23627,305.83,0.46,0.39,"2026-02-16",1849,"N20","nominal","2.0NRT",284.57,2.15,"N"
"31288",14.68451,106.69584,315.72,0.42,0.45,"2026-02-16",1849,"N20","nominal","2.0NRT",292.92,2.45,"N"
"31289",16.06247,98.23575,302.64,0.46,0.39,"2026-02-16",1849,"N20","nominal","2.0NRT",284.71,1.87,"N"
"31290",14.6756,106.69804,309.35,0.42,0.45,"2026-02-16",1849,"N20","nominal","2.0NRT",292.36,1.26,"N"
"31291",15.96649,98.81088,302.94,0.43,0.38,"2026-02-16",1849,"N20","nominal","2.0NRT",278.98,1.37,"N"
"31292",15.96512,98.81193,302.87,0.43,0.38,"2026-02-16",1849,"N20","nominal","2.0NRT",279.37,1.36,"N"
"31293",14.67293,106.6982,306.97,0.42,0.45,"2026-02-16",1849,"N20","nominal","2.0NRT",292.26,0.81,"N"
"31294",15.63199,100.95503,329.64,0.38,0.36,"2026-02-16",1849,"N20","nominal","2.0NRT",294.29,8.69,"N"
"31295",15.63144,100.95859,325.2,0.38,0.36,"2026-02-16",1849,"N20","nominal","2.0NRT",293.52,6.8,"N"
"31296",15.4867,101.87237,322.48,0.39,0.36,"2026-02-16",1849,"N20","nominal","2.0NRT",292.67,1.86,"N"
"31297",15.48613,101.87594,306.57,0.39,0.36,"2026-02-16",1849,"N20","nominal","2.0NRT",291.66,1.04,"N"
"31298",15.48282,101.87538,316.28,0.39,0.36,"2026-02-16",1849,"N20","nominal","2.0NRT",291.88,1.13,"N"
"31299",15.25815,103.16959,329.28,0.41,0.37,"2026-02-16",1849,"N20","nominal","2.0NRT",293.46,5.48,"N"
"31300",14.72547,106.26332,303.77,0.39,0.44,"2026-02-16",1849,"N20","nominal","2.0NRT",291.43,0.62,"N"
"31301",15.8469,99.39408,310.82,0.41,0.37,"2026-02-16",1849,"N20","nominal","2.0NRT",286.13,0.72,"N"
"31302",15.53917,101.3516,318.89,0.38,0.36,"2026-02-16",1849,"N20","nominal","2.0NRT",293.53,2.79,"N"
"31303",15.48164,101.58616,313.83,0.38,0.36,"2026-02-16",1849,"N20","nominal","2.0NRT",292.05,1.08,"N"
"31304",15.50414,101.31657,313.9,0.38,0.36,"2026-02-16",1849,"N20","nominal","2.0NRT",294.46,1.09,"N"
"31305",15.50358,101.32012,310.18,0.38,0.36,"2026-02-16",1849,"N20","nominal","2.0NRT",294.58,1.09,"N"
"31306",15.50028,101.31956,312.87,0.38,0.36,"2026-02-16",1849,"N20","nominal","2.0NRT",294.64,1.09,"N"
"31307",15.49699,101.31902,307.36,0.38,0.36,"2026-02-16",1849,"N20","nominal","2.0NRT",294.29,0.84,"N"
"31308",15.4937,101.31846,307.26,0.38,0.36,"2026-02-16",1849,"N20","nominal","2.0NRT",294.16,0.84,"N"
"31309",15.48599,101.32445,318.05,0.38,0.36,"2026-02-16",1849,"N20","nominal","2.0NRT",292.55,1.3,"N"
"31310",15.48269,101.3239,329.81,0.38,0.36,"2026-02-16",1849,"N20","nominal","2.0NRT",293.85,3.08,"N"
"31311",15.48213,101.32744,318.85,0.38,0.36,"2026-02-16",1849,"N20","nominal","2.0NRT",293.34,2.8,"N"
"31312",15.53993,100.78247,342.02,0.39,0.36,"2026-02-16",1849,"N20","nominal","2.0NRT",296.42,2.99,"N"
"31313",15.53662,100.78193,315.01,0.39,0.36,"2026-02-16",1849,"N20","nominal","2.0NRT",295.2,2.99,"N"
"31314",15.4122,101.48671,314.57,0.38,0.36,"2026-02-16",1849,"N20","nominal","2.0NRT",290.75,0.77,"N"
"31315",15.1354,103.16772,344.18,0.41,0.37,"2026-02-16",1849,"N20","nominal","2.0NRT",294.22,3.81,"N"
"31316",15.13476,103.17153,308.14,0.41,0.37,"2026-02-16",1849,"N20","nominal","2.0NRT",292.07,1.83,"N"
"31317",15.13199,103.16712,310.55,0.41,0.37,"2026-02-16",1849,"N20","nominal","2.0NRT",292.13,3.81,"N"
"31318",15.83501,98.56689,307.26,0.44,0.39,"2026-02-16",1849,"N20","nominal","2.0NRT",281.76,1.48,"N"
"31319",15.41383,101.34856,308.42,0.38,0.36,"2026-02-16",1849,"N20","nominal","2.0NRT",292.56,0.8,"N"
"31320",15.80274,98.56567,299.98,0.44,0.39,"2026-02-16",1849,"N20","nominal","2.0NRT",276.5,0.41,"N"
"31321",15.66083,99.51662,310.72,0.41,0.37,"2026-02-16",1849,"N20","nominal","2.0NRT",286.94,0.73,"N"
"31322",15.65744,99.51608,305.33,0.41,0.37,"2026-02-16",1849,"N20","nominal","2.0NRT",286.52,0.88,"N"
"31323",15.38728,101.23848,308.3,0.38,0.36,"2026-02-16",1849,"N20","nominal","2.0NRT",292.64,0.53,"N"
"31324",15.28533,101.85622,303.53,0.39,0.36,"2026-02-16",1849,"N20","nominal","2.0NRT",291.25,0.66,"N"
"31325",15.64191,99.49876,319.63,0.41,0.37,"2026-02-16",1849,"N20","nominal","2.0NRT",287.49,1.42,"N"
"31326",15.35951,101.15385,304.14,0.38,0.36,"2026-02-16",1849,"N20","nominal","2.0NRT",292.76,0.73,"N"
"31327",15.38378,100.84805,318.98,0.39,0.36,"2026-02-16",1849,"N20","nominal","2.0NRT",292.14,1.62,"N"
"31328",14.85408,103.87239,334.24,0.44,0.38,"2026-02-16",1849,"N20","nominal","2.0NRT",292.6,6.88,"N"
"31329",14.84427,103.86646,304.72,0.44,0.38,"2026-02-16",1849,"N20","nominal","2.0NRT",291.83,1.09,"N"
"31330",14.0315,108.32569,300.6,0.55,0.51,"2026-02-16",1849,"N20","nominal","2.0NRT",286.27,0.88,"N"
"31331",15.14511,101.6902,335.71,0.39,0.36,"2026-02-16",1849,"N20","nominal","2.0NRT",293.45,3.96,"N"
"31332",15.16004,101.44834,305.15,0.38,0.36,"2026-02-16",1849,"N20","nominal","2.0NRT",292.78,0.65,"N"
"31333",16.04792,95.15042,308.88,0.46,0.47,"2026-02-16",1849,"N20","nominal","2.0NRT",291.68,0.96,"N"
"31334",15.25786,100.78378,319.62,0.39,0.36,"2026-02-16",1849,"N20","nominal","2.0NRT",292.37,1.19,"N"
"31335",15.15288,101.45078,307.85,0.38,0.36,"2026-02-16",1849,"N20","nominal","2.0NRT",293.15,1.19,"N"
"31336",15.00119,102.38908,310.34,0.4,0.37,"2026-02-16",1849,"N20","nominal","2.0NRT",293.4,1.69,"N"
"31337",15.00059,102.39272,303.28,0.4,0.37,"2026-02-16",1849,"N20","nominal","2.0NRT",293.08,0.57,"N"
"31338",15.25455,100.78324,313.55,0.39,0.36,"2026-02-16",1849,"N20","nominal","2.0NRT",292.64,1.04,"N"
"31339",15.24846,100.82237,312.84,0.39,0.36,"2026-02-16",1849,"N20","nominal","2.0NRT",292.08,0.98,"N"
"31340",14.99726,102.39215,310.89,0.4,0.37,"2026-02-16",1849,"N20","nominal","2.0NRT",293.08,1.17,"N"
"31341",14.98299,102.37467,305.34,0.39,0.37,"2026-02-16",1849,"N20","nominal","2.0NRT",292.83,1.09,"N"
"31342",14.98747,102.33099,307.05,0.39,0.36,"2026-02-16",1849,"N20","nominal","2.0NRT",293.01,0.68,"N"
"31343",15.2239,100.80392,318.61,0.39,0.36,"2026-02-16",1849,"N20","nominal","2.0NRT",291.54,1.12,"N"
"31344",15.22334,100.80749,309.22,0.39,0.36,"2026-02-16",1849,"N20","nominal","2.0NRT",292.14,1.12,"N"
"31345",14.9814,102.3262,307.26,0.39,0.36,"2026-02-16",1849,"N20","nominal","2.0NRT",292.97,1.36,"N"
"31346",14.97533,102.32143,306.05,0.39,0.36,"2026-02-16",1849,"N20","nominal","2.0NRT",292.63,0.82,"N"
"31347",14.0891,107.34963,322.89,0.47,0.48,"2026-02-16",1849,"N20","nominal","2.0NRT",291.45,2.29,"N"
"31348",14.08474,107.34894,315.16,0.47,0.48,"2026-02-16",1849,"N20","nominal","2.0NRT",290.75,1.69,"N"
"31349",14.36141,105.76813,328.96,0.56,0.43,"2026-02-16",1849,"N20","nominal","2.0NRT",295.56,4.96,"N"
"31350",14.07724,107.31668,329.28,0.47,0.48,"2026-02-16",1849,"N20","nominal","2.0NRT",292.87,4.36,"N"
"31351",14.08023,107.30048,303.65,0.47,0.47,"2026-02-16",1849,"N20","nominal","2.0NRT",292.37,0.98,"N"
"31352",14.07948,107.30453,306.55,0.47,0.48,"2026-02-16",1849,"N20","nominal","2.0NRT",292.78,0.98,"N"
"31353",14.07486,107.32964,318.34,0.47,0.48,"2026-02-16",1849,"N20","nominal","2.0NRT",292.01,2.47,"N"
"31354",14.07514,107.30383,321.96,0.47,0.48,"2026-02-16",1849,"N20","nominal","2.0NRT",293.52,3.19,"N"
"31355",14.07438,107.30796,323.31,0.47,0.48,"2026-02-16",1849,"N20","nominal","2.0NRT",293.38,3.65,"N"
"31356",14.07081,107.3031,327.66,0.47,0.48,"2026-02-16",1849,"N20","nominal","2.0NRT",292.58,3.19,"N"
"31357",14.07004,107.30727,343.28,0.47,0.48,"2026-02-16",1849,"N20","nominal","2.0NRT",293.71,3.65,"N"
"31358",14.06926,107.31149,305.41,0.47,0.48,"2026-02-16",1849,"N20","nominal","2.0NRT",292.13,3.65,"N"
"31359",15.02757,101.68141,325.31,0.39,0.36,"2026-02-16",1849,"N20","nominal","2.0NRT",292.05,2.02,"N"
"31360",14.25843,106.18334,305.56,0.39,0.44,"2026-02-16",1849,"N20","nominal","2.0NRT",292.35,0.97,"N"
"31361",14.80513,102.71796,303.7,0.4,0.37,"2026-02-16",1849,"N20","nominal","2.0NRT",291.98,0.84,"N"
"31362",14.80116,102.72109,319.17,0.4,0.37,"2026-02-16",1849,"N20","nominal","2.0NRT",291.88,1.28,"N"
"31363",14.40327,105.06338,310.49,0.51,0.41,"2026-02-16",1849,"N20","nominal","2.0NRT",292.93,1.74,"N"
"31364",14.43504,104.85714,304.19,0.5,0.41,"2026-02-16",1849,"N20","nominal","2.0NRT",292.58,0.96,"N"
"31365",14.43426,104.86166,309.23,0.5,0.41,"2026-02-16",1849,"N20","nominal","2.0NRT",292.96,0.96,"N"
"31366",14.06456,106.93381,305.96,0.44,0.46,"2026-02-16",1849,"N20","nominal","2.0NRT",292.72,0.87,"N"
"31367",15.27308,99.62234,297.85,0.4,0.37,"2026-02-16",1849,"N20","nominal","2.0NRT",281.05,0.34,"N"
"31368",15.03355,101.12889,311.66,0.38,0.36,"2026-02-16",1849,"N20","nominal","2.0NRT",293.34,1.21,"N"
"31369",14.19336,106.12231,303.81,0.39,0.44,"2026-02-16",1849,"N20","nominal","2.0NRT",292.75,0.73,"N"
"31370",14.1932,106.10012,305.75,0.39,0.44,"2026-02-16",1849,"N20","nominal","2.0NRT",292.88,0.71,"N"
"31371",14.19256,106.1037,303.22,0.39,0.44,"2026-02-16",1849,"N20","nominal","2.0NRT",292.88,0.71,"N"
"31372",14.18937,106.12157,304.88,0.39,0.44,"2026-02-16",1849,"N20","nominal","2.0NRT",293.16,0.78,"N"
"31373",15.02359,100.91267,323.17,0.38,0.36,"2026-02-16",1849,"N20","nominal","2.0NRT",293.39,1.37,"N"
"31374",15.02414,100.90913,309.12,0.38,0.36,"2026-02-16",1849,"N20","nominal","2.0NRT",292.83,1.37,"N"
"31375",13.67394,108.57771,305.51,0.58,0.52,"2026-02-16",1849,"N20","nominal","2.0NRT",291.88,4.38,"N"
"31376",14.38307,104.61231,307.58,0.48,0.4,"2026-02-16",1849,"N20","nominal","2.0NRT",293.52,1.29,"N"
"31377",14.38295,104.61432,310.21,0.48,0.4,"2026-02-16",1849,"N20","nominal","2.0NRT",294.27,2.06,"N"
"31378",13.67358,108.57587,308.37,0.58,0.52,"2026-02-16",1849,"N20","nominal","2.0NRT",291.01,4.19,"N"
"31379",14.0351,106.51641,305.65,0.42,0.45,"2026-02-16",1849,"N20","nominal","2.0NRT",292.44,0.89,"N"
"31380",14.256,105.19553,308.17,0.52,0.41,"2026-02-16",1849,"N20","nominal","2.0NRT",291.7,1.34,"N"
"31381",14.94892,100.91135,306.24,0.38,0.36,"2026-02-16",1849,"N20","nominal","2.0NRT",292.99,0.97,"N"
"31382",14.34373,104.57994,306.95,0.48,0.4,"2026-02-16",1849,"N20","nominal","2.0NRT",293.83,2.04,"N"
"31383",14.27185,104.97166,304.98,0.5,0.41,"2026-02-16",1849,"N20","nominal","2.0NRT",293.36,1.28,"N"
"31384",14.3116,104.57014,341.52,0.48,0.4,"2026-02-16",1849,"N20","nominal","2.0NRT",292.71,4.99,"N"
"31385",15.11973,99.59911,305.88,0.4,0.37,"2026-02-16",1849,"N20","nominal","2.0NRT",290.56,1.64,"N"
"31386",14.30796,104.56949,317.1,0.48,0.4,"2026-02-16",1849,"N20","nominal","2.0NRT",291.92,2.29,"N"
"31387",15.07349,99.76926,305.51,0.4,0.37,"2026-02-16",1849,"N20","nominal","2.0NRT",290.79,0.87,"N"
"31388",14.35831,104.17431,306.54,0.46,0.39,"2026-02-16",1849,"N20","nominal","2.0NRT",292.36,2,"N"
"31389",15.12066,99.43025,308.25,0.41,0.37,"2026-02-16",1849,"N20","nominal","2.0NRT",290.9,1.39,"N"
"31390",14.35654,104.17073,307.42,0.46,0.39,"2026-02-16",1849,"N20","nominal","2.0NRT",292.22,2.3,"N"
"31391",15.10935,99.45207,329.71,0.41,0.37,"2026-02-16",1849,"N20","nominal","2.0NRT",289.14,2.97,"N"
"31392",14.01329,106.02564,303.55,0.39,0.44,"2026-02-16",1849,"N20","nominal","2.0NRT",292.96,0.52,"N"
"31393",14.15851,105.10677,308.51,0.51,0.41,"2026-02-16",1849,"N20","nominal","2.0NRT",292.74,1.59,"N"
"31394",14.19691,104.84158,304.88,0.5,0.41,"2026-02-16",1849,"N20","nominal","2.0NRT",292.82,1.41,"N"
"31395",14.18258,104.92406,310.46,0.5,0.41,"2026-02-16",1849,"N20","nominal","2.0NRT",293.15,1.42,"N"
"31396",15.01268,99.74828,313.88,0.4,0.37,"2026-02-16",1849,"N20","nominal","2.0NRT",291.2,1.46,"N"
"31397",14.17521,104.85643,317.78,0.5,0.41,"2026-02-16",1849,"N20","nominal","2.0NRT",293.13,2.61,"N"
"31398",13.72696,107.34647,314.61,0.48,0.48,"2026-02-16",1849,"N20","nominal","2.0NRT",292.03,2.99,"N"
"31399",14.19284,104.73356,306.95,0.49,0.4,"2026-02-16",1849,"N20","nominal","2.0NRT",292.69,0.86,"N"
"31400",14.18994,104.7284,309.14,0.49,0.4,"2026-02-16",1849,"N20","nominal","2.0NRT",292.81,1.43,"N"
"31401",14.18916,104.73289,306.51,0.49,0.4,"2026-02-16",1849,"N20","nominal","2.0NRT",292.86,0.86,"N"
"31402",13.82445,106.76985,302.65,0.44,0.46,"2026-02-16",1849,"N20","nominal","2.0NRT",292.09,0.77,"N"
"31403",13.82372,106.77382,306.27,0.44,0.46,"2026-02-16",1849,"N20","nominal","2.0NRT",292.39,0.77,"N"
"31404",13.82299,106.77779,302.65,0.44,0.46,"2026-02-16",1849,"N20","nominal","2.0NRT",292.14,1.31,"N"
"31405",13.82227,106.78175,317.44,0.44,0.46,"2026-02-16",1849,"N20","nominal","2.0NRT",292.6,1.31,"N"
"31406",13.8188,106.77699,308.34,0.44,0.46,"2026-02-16",1849,"N20","nominal","2.0NRT",292.47,1.3,"N"
"31407",13.81808,106.78096,314.8,0.44,0.46,"2026-02-16",1849,"N20","nominal","2.0NRT",292.69,1.3,"N"
"31408",14.04513,105.50472,305.59,0.54,0.42,"2026-02-16",1849,"N20","nominal","2.0NRT",293.35,1.12,"N"
"31409",13.80729,106.81599,312.92,0.44,0.46,"2026-02-16",1849,"N20","nominal","2.0NRT",292.17,1.32,"N"
"31410",14.4862,102.90898,314.37,0.41,0.37,"2026-02-16",1851,"N20","nominal","2.0NRT",291.84,1.16,"N"
"31411",13.95967,105.93535,314.48,0.39,0.44,"2026-02-16",1851,"N20","nominal","2.0NRT",293.96,0.89,"N"
"31412",14.63756,101.92648,334.74,0.39,0.36,"2026-02-16",1851,"N20","nominal","2.0NRT",293.98,3.48,"N"
"31413",13.87385,106.33788,307.9,0.41,0.45,"2026-02-16",1851,"N20","nominal","2.0NRT",293.43,0.85,"N"
"31414",13.78111,106.8399,319.47,0.44,0.46,"2026-02-16",1851,"N20","nominal","2.0NRT",293.3,1.6,"N"
"31415",13.77764,106.83511,309.88,0.44,0.46,"2026-02-16",1851,"N20","nominal","2.0NRT",292.81,1.6,"N"
"31416",14.9807,99.68657,316.99,0.4,0.37,"2026-02-16",1851,"N20","nominal","2.0NRT",292.58,2.09,"N"
"31417",13.79048,106.74279,302.62,0.43,0.46,"2026-02-16",1851,"N20","nominal","2.0NRT",291.86,2.82,"N"
"31418",14.62763,101.92477,327.48,0.39,0.36,"2026-02-16",1851,"N20","nominal","2.0NRT",294.32,3.18,"N"
"31419",14.13396,104.83005,323.86,0.5,0.41,"2026-02-16",1851,"N20","nominal","2.0NRT",292.88,2.75,"N"
"31420",13.7863,106.74198,338.89,0.43,0.46,"2026-02-16",1851,"N20","nominal","2.0NRT",292.45,2.82,"N"
"31421",13.78851,106.73013,311.59,0.43,0.46,"2026-02-16",1851,"N20","nominal","2.0NRT",292.37,1.26,"N"
"31422",13.78778,106.73408,303.92,0.43,0.46,"2026-02-16",1851,"N20","nominal","2.0NRT",292.15,1.26,"N"
"31423",14.62432,101.92419,317.51,0.39,0.36,"2026-02-16",1851,"N20","nominal","2.0NRT",294.11,1.93,"N"
"31424",14.13611,104.82878,307.33,0.5,0.41,"2026-02-16",1851,"N20","nominal","2.0NRT",292.77,1.35,"N"
"31425",14.13241,104.82809,312.76,0.5,0.41,"2026-02-16",1851,"N20","nominal","2.0NRT",292.58,1.35,"N"
"31426",13.7773,106.83727,310.26,0.44,0.46,"2026-02-16",1851,"N20","nominal","2.0NRT",292.84,0.81,"N"
"31427",14.95803,99.68804,312.57,0.4,0.37,"2026-02-16",1851,"N20","nominal","2.0NRT",292.76,1.91,"N"
"31428",13.79019,106.74072,304.56,0.43,0.46,"2026-02-16",1851,"N20","nominal","2.0NRT",291.56,0.8,"N"
"31429",13.7853,106.74389,332.04,0.43,0.46,"2026-02-16",1851,"N20","nominal","2.0NRT",292.21,3,"N"
"31430",14.05537,105.2086,302.62,0.52,0.42,"2026-02-16",1851,"N20","nominal","2.0NRT",292.33,0.95,"N"
"31431",13.78743,106.73199,315.55,0.43,0.46,"2026-02-16",1851,"N20","nominal","2.0NRT",292.46,1.65,"N"
"31432",13.78601,106.73991,312.94,0.43,0.46,"2026-02-16",1851,"N20","nominal","2.0NRT",291.87,3,"N"
"31433",14.73867,101.03687,308.94,0.38,0.36,"2026-02-16",1851,"N20","nominal","2.0NRT",293.63,1.45,"N"
"31434",13.92108,105.88538,308.93,0.38,0.43,"2026-02-16",1851,"N20","nominal","2.0NRT",293.47,1.15,"N"
"31435",13.91235,105.93475,304.17,0.39,0.44,"2026-02-16",1851,"N20","nominal","2.0NRT",293.13,0.88,"N"
"31436",13.90839,105.93402,315.62,0.39,0.44,"2026-02-16",1851,"N20","nominal","2.0NRT",293.58,0.88,"N"
"31437",13.7493,106.82354,312.98,0.44,0.46,"2026-02-16",1851,"N20","nominal","2.0NRT",292.44,1.51,"N"
"31438",13.86084,106.13175,307.03,0.4,0.44,"2026-02-16",1851,"N20","nominal","2.0NRT",293.03,0.76,"N"
"31439",14.34664,103.30281,308.5,0.42,0.38,"2026-02-16",1851,"N20","nominal","2.0NRT",293.36,1.93,"N"
"31440",13.87464,106.00826,322.72,0.39,0.44,"2026-02-16",1851,"N20","nominal","2.0NRT",293.68,2.02,"N"
"31441",13.66758,107.1516,322.78,0.46,0.47,"2026-02-16",1851,"N20","nominal","2.0NRT",291.85,2.73,"N"
"31442",13.87066,106.00748,330.75,0.39,0.44,"2026-02-16",1851,"N20","nominal","2.0NRT",293.34,2.02,"N"
"31443",13.88901,105.90485,307.26,0.38,0.44,"2026-02-16",1851,"N20","nominal","2.0NRT",293.26,1.15,"N"
"31444",14.05391,104.92738,306.52,0.5,0.41,"2026-02-16",1851,"N20","nominal","2.0NRT",292.71,1.14,"N"
"31445",14.82327,100.21099,331.18,0.39,0.36,"2026-02-16",1851,"N20","nominal","2.0NRT",288.17,5.13,"N"
"31446",14.81995,100.21045,303.72,0.39,0.36,"2026-02-16",1851,"N20","nominal","2.0NRT",287.25,0.64,"N"
"31447",13.7577,106.49306,306.05,0.42,0.45,"2026-02-16",1851,"N20","nominal","2.0NRT",292.06,0.73,"N"
"31448",13.88617,105.76167,307.39,0.57,0.43,"2026-02-16",1851,"N20","nominal","2.0NRT",293.2,1.29,"N"
"31449",13.79405,106.27066,305.6,0.41,0.45,"2026-02-16",1851,"N20","nominal","2.0NRT",293.17,1.69,"N"
"31450",13.78999,106.26993,333.3,0.41,0.45,"2026-02-16",1851,"N20","nominal","2.0NRT",293.97,1.69,"N"
"31451",13.88225,105.76092,307.83,0.57,0.43,"2026-02-16",1851,"N20","nominal","2.0NRT",293.34,1.29,"N"
"31452",13.79066,106.26622,312.35,0.41,0.45,"2026-02-16",1851,"N20","nominal","2.0NRT",293.38,1.69,"N"
"31453",13.87833,105.76017,312.73,0.57,0.43,"2026-02-16",1851,"N20","nominal","2.0NRT",293.78,1.33,"N"
"31454",13.87534,105.75429,311.2,0.57,0.43,"2026-02-16",1851,"N20","nominal","2.0NRT",293.42,2.9,"N"
"31455",13.8744,105.75948,306.8,0.57,0.43,"2026-02-16",1851,"N20","nominal","2.0NRT",293.36,1.33,"N"
"31456",13.87346,105.76466,305.41,0.57,0.43,"2026-02-16",1851,"N20","nominal","2.0NRT",293.13,1.33,"N"
"31457",13.83779,105.93903,316.67,0.39,0.44,"2026-02-16",1851,"N20","nominal","2.0NRT",293.91,2.18,"N"
"31458",13.83306,105.91993,305.48,0.39,0.44,"2026-02-16",1851,"N20","nominal","2.0NRT",293.53,1.01,"N"
"31459",13.90009,105.52811,325.04,0.55,0.43,"2026-02-16",1851,"N20","nominal","2.0NRT",292.79,3.68,"N"
"31460",14.46455,102.25704,307.61,0.4,0.37,"2026-02-16",1851,"N20","nominal","2.0NRT",293,0.75,"N"
"31461",13.8323,105.90159,306.39,0.38,0.44,"2026-02-16",1851,"N20","nominal","2.0NRT",293.45,1.22,"N"
"31462",14.06567,104.55703,308.27,0.48,0.4,"2026-02-16",1851,"N20","nominal","2.0NRT",292.49,2,"N"
"31463",14.64958,101.04,326.35,0.38,0.36,"2026-02-16",1851,"N20","nominal","2.0NRT",295,3.18,"N"
"31464",14.64355,101.03536,307.76,0.38,0.36,"2026-02-16",1851,"N20","nominal","2.0NRT",292.7,1.14,"N"
"31465",14.06635,104.55412,310.65,0.48,0.4,"2026-02-16",1851,"N20","nominal","2.0NRT",292.67,1.28,"N"
"31466",13.89932,105.5255,311.84,0.55,0.43,"2026-02-16",1851,"N20","nominal","2.0NRT",292.62,1.86,"N"
"31467",13.89845,105.53051,317.05,0.55,0.43,"2026-02-16",1851,"N20","nominal","2.0NRT",292.56,1.86,"N"
"31468",14.63356,101.07723,326.2,0.38,0.36,"2026-02-16",1851,"N20","nominal","2.0NRT",295.64,2.85,"N"
"31469",14.63021,101.09845,315.05,0.38,0.36,"2026-02-16",1851,"N20","nominal","2.0NRT",294.17,1.9,"N"
"31470",13.82981,105.90072,307.37,0.39,0.44,"2026-02-16",1851,"N20","nominal","2.0NRT",293.23,1.51,"N"
"31471",14.6737,100.80075,327.65,0.38,0.36,"2026-02-16",1851,"N20","nominal","2.0NRT",294.38,3.41,"N"
"31472",13.79201,106.09232,308.84,0.4,0.44,"2026-02-16",1851,"N20","nominal","2.0NRT",292.94,0.8,"N"
"31473",13.81568,105.93455,305.97,0.39,0.44,"2026-02-16",1851,"N20","nominal","2.0NRT",293.78,1.28,"N"
"31474",13.78479,106.10972,305.01,0.4,0.44,"2026-02-16",1851,"N20","nominal","2.0NRT",293.13,0.47,"N"
"31475",13.78078,106.10897,317.57,0.4,0.44,"2026-02-16",1851,"N20","nominal","2.0NRT",293.67,1.29,"N"
"31476",13.76004,106.22604,305.82,0.4,0.45,"2026-02-16",1851,"N20","nominal","2.0NRT",293.42,1.31,"N"
"31477",13.67237,106.66969,305.89,0.43,0.46,"2026-02-16",1851,"N20","nominal","2.0NRT",293.02,1.28,"N"
"31478",13.76615,106.12122,305.93,0.4,0.44,"2026-02-16",1851,"N20","nominal","2.0NRT",293.12,0.7,"N"
"31479",13.7479,106.22377,315.58,0.4,0.45,"2026-02-16",1851,"N20","nominal","2.0NRT",293.67,1.54,"N"
"31480",13.6689,106.66501,304.72,0.43,0.46,"2026-02-16",1851,"N20","nominal","2.0NRT",292.89,1.62,"N"
"31481",13.66819,106.66893,319.14,0.43,0.46,"2026-02-16",1851,"N20","nominal","2.0NRT",293.52,1.28,"N"
"31482",14.1293,104.00919,304.61,0.45,0.39,"2026-02-16",1851,"N20","nominal","2.0NRT",292.22,0.64,"N"
"31483",13.76213,106.12045,306.27,0.4,0.44,"2026-02-16",1851,"N20","nominal","2.0NRT",292.93,0.58,"N"
"31484",14.87899,99.30948,305.6,0.41,0.37,"2026-02-16",1851,"N20","nominal","2.0NRT",283.54,1.18,"N"
"31485",14.8722,99.33156,297.47,0.41,0.37,"2026-02-16",1851,"N20","nominal","2.0NRT",277.56,0.49,"N"
"31486",14.86825,99.33475,302.65,0.41,0.37,"2026-02-16",1851,"N20","nominal","2.0NRT",279.22,0.49,"N"
"31487",13.71845,106.29458,308.68,0.41,0.45,"2026-02-16",1851,"N20","nominal","2.0NRT",293.47,0.87,"N"
"31488",13.5139,107.4193,307.63,0.49,0.48,"2026-02-16",1851,"N20","nominal","2.0NRT",291.29,2.03,"N"
"31489",13.73417,106.16044,328.84,0.4,0.44,"2026-02-16",1851,"N20","nominal","2.0NRT",293.87,2.51,"N"
"31490",13.81123,105.72928,310.13,0.56,0.43,"2026-02-16",1851,"N20","nominal","2.0NRT",293.26,0.82,"N"
"31491",13.7223,106.22651,308.57,0.4,0.45,"2026-02-16",1851,"N20","nominal","2.0NRT",292.79,0.54,"N"
"31492",13.71825,106.22573,315.64,0.4,0.45,"2026-02-16",1851,"N20","nominal","2.0NRT",293.07,1.66,"N"
"31493",13.71758,106.22942,317.84,0.4,0.45,"2026-02-16",1851,"N20","nominal","2.0NRT",293.53,2.36,"N"
"31494",13.71354,106.22865,331.31,0.4,0.45,"2026-02-16",1851,"N20","nominal","2.0NRT",293.99,2.36,"N"
"31495",13.67635,106.38747,310.17,0.41,0.45,"2026-02-16",1851,"N20","nominal","2.0NRT",292.81,0.83,"N"
"31496",13.65917,106.43525,306.28,0.42,0.45,"2026-02-16",1851,"N20","nominal","2.0NRT",293.09,1.22,"N"
"31497",13.65506,106.43449,305.27,0.42,0.45,"2026-02-16",1851,"N20","nominal","2.0NRT",292.97,0.89,"N"
"31498",13.65437,106.43826,309.16,0.42,0.45,"2026-02-16",1851,"N20","nominal","2.0NRT",292.93,0.89,"N"
"31499",14.72423,99.94653,304.67,0.39,0.36,"2026-02-16",1851,"N20","nominal","2.0NRT",279.7,0.63,"N"
"31500",14.72368,99.95016,301.98,0.39,0.36,"2026-02-16",1851,"N20","nominal","2.0NRT",280.62,0.71,"N"
"31501",13.62832,106.44115,315.05,0.42,0.45,"2026-02-16",1851,"N20","nominal","2.0NRT",293.12,1.62,"N"
"31502",13.8172,105.38229,334.62,0.54,0.42,"2026-02-16",1851,"N20","nominal","2.0NRT",293.91,5.71,"N"
"31503",14.8134,99.30647,308.97,0.41,0.37,"2026-02-16",1851,"N20","nominal","2.0NRT",286.21,1.62,"N"
"31504",13.93919,104.65498,304.98,0.49,0.4,"2026-02-16",1851,"N20","nominal","2.0NRT",292.93,0.51,"N"
"31505",14.80863,99.31012,296.14,0.41,0.37,"2026-02-16",1851,"N20","nominal","2.0NRT",276.72,0.57,"N"
"31506",13.81963,105.38055,322.68,0.54,0.42,"2026-02-16",1851,"N20","nominal","2.0NRT",293.9,3.55,"N"
"31507",13.81578,105.37988,323.1,0.54,0.42,"2026-02-16",1851,"N20","nominal","2.0NRT",293.53,2.87,"N"
"31508",13.62578,106.44132,308.05,0.42,0.45,"2026-02-16",1851,"N20","nominal","2.0NRT",292.76,1.72,"N"
"31509",14.57052,100.76565,311.98,0.38,0.36,"2026-02-16",1851,"N20","nominal","2.0NRT",294.42,1.45,"N"
"31510",13.96965,104.43868,315.72,0.48,0.4,"2026-02-16",1851,"N20","nominal","2.0NRT",292.96,1.45,"N"
"31511",13.96593,104.46049,316.32,0.48,0.4,"2026-02-16",1851,"N20","nominal","2.0NRT",293.67,2.24,"N"
"31512",14.76115,99.44045,306.59,0.4,0.37,"2026-02-16",1851,"N20","nominal","2.0NRT",292.52,1.14,"N"
"31513",14.7606,99.44412,306,0.4,0.37,"2026-02-16",1851,"N20","nominal","2.0NRT",291.9,0.77,"N"
"31514",13.54438,106.75254,304.31,0.44,0.46,"2026-02-16",1851,"N20","nominal","2.0NRT",293.06,1.06,"N"
"31515",13.53812,106.73913,305.88,0.44,0.46,"2026-02-16",1851,"N20","nominal","2.0NRT",292.24,1.06,"N"
"31516",13.53739,106.74318,302.84,0.44,0.46,"2026-02-16",1851,"N20","nominal","2.0NRT",292.2,2.04,"N"
"31517",13.53098,106.75455,322.55,0.44,0.46,"2026-02-16",1851,"N20","nominal","2.0NRT",293.25,2.57,"N"
"31518",13.69537,105.79151,304.11,0.57,0.43,"2026-02-16",1851,"N20","nominal","2.0NRT",293.06,0.98,"N"
"31519",13.90989,104.54588,303.77,0.48,0.4,"2026-02-16",1851,"N20","nominal","2.0NRT",292.54,0.93,"N"
"31520",13.67568,105.87914,311.92,0.39,0.44,"2026-02-16",1851,"N20","nominal","2.0NRT",292.64,1.06,"N"
"31521",13.75471,105.38891,314.25,0.54,0.42,"2026-02-16",1851,"N20","nominal","2.0NRT",293.73,1.28,"N"
"31522",13.51015,106.72581,315.59,0.44,0.46,"2026-02-16",1851,"N20","nominal","2.0NRT",292.78,2.04,"N"
"31523",13.90003,104.49404,303.54,0.48,0.4,"2026-02-16",1851,"N20","nominal","2.0NRT",291.78,0.67,"N"
"31524",13.65819,105.83965,312.25,0.38,0.43,"2026-02-16",1851,"N20","nominal","2.0NRT",293.49,1.07,"N"
"31525",13.65756,105.84315,311.31,0.38,0.44,"2026-02-16",1851,"N20","nominal","2.0NRT",294.04,1.07,"N"
"31526",13.41738,107.13369,320.29,0.47,0.48,"2026-02-16",1851,"N20","nominal","2.0NRT",292.9,1.48,"N"
"31527",13.8744,104.57614,305.89,0.49,0.4,"2026-02-16",1851,"N20","nominal","2.0NRT",292.38,1.1,"N"
"31528",13.62535,105.97616,305.44,0.39,0.44,"2026-02-16",1851,"N20","nominal","2.0NRT",292.59,1.07,"N"
"31529",14.78022,98.93888,303.58,0.42,0.38,"2026-02-16",1851,"N20","nominal","2.0NRT",282.63,1.19,"N"
"31530",13.62395,105.96111,310.35,0.39,0.44,"2026-02-16",1851,"N20","nominal","2.0NRT",293.03,1.09,"N"
"31531",13.6206,105.9568,308.27,0.39,0.44,"2026-02-16",1851,"N20","nominal","2.0NRT",292.75,1.09,"N"
"31532",14.77225,98.94526,302.18,0.42,0.38,"2026-02-16",1851,"N20","nominal","2.0NRT",282.39,0.69,"N"
"31533",14.44571,101.08595,306.53,0.38,0.36,"2026-02-16",1851,"N20","nominal","2.0NRT",292.07,0.93,"N"
"31534",13.72452,105.35787,306.62,0.54,0.42,"2026-02-16",1851,"N20","nominal","2.0NRT",293.59,1.1,"N"
"31535",13.56696,106.22836,311.67,0.41,0.45,"2026-02-16",1851,"N20","nominal","2.0NRT",292.24,1.26,"N"
"31536",13.56628,106.23207,311.14,0.41,0.45,"2026-02-16",1851,"N20","nominal","2.0NRT",292.06,0.95,"N"
"31537",13.39218,107.17279,305.28,0.47,0.48,"2026-02-16",1851,"N20","nominal","2.0NRT",292.1,0.91,"N"
"31538",14.81867,98.60262,299.15,0.43,0.38,"2026-02-16",1851,"N20","nominal","2.0NRT",277.24,0.89,"N"
"31539",14.76883,98.9446,305.57,0.42,0.38,"2026-02-16",1851,"N20","nominal","2.0NRT",282.43,0.69,"N"
"31540",14.76829,98.94824,305.32,0.42,0.38,"2026-02-16",1851,"N20","nominal","2.0NRT",282.7,0.75,"N"
"31541",13.70207,105.46086,304.92,0.55,0.42,"2026-02-16",1851,"N20","nominal","2.0NRT",293.21,0.73,"N"
"31542",13.39023,107.15926,316.3,0.47,0.48,"2026-02-16",1851,"N20","nominal","2.0NRT",291.96,1.8,"N"
"31543",13.38785,107.17197,305.2,0.47,0.48,"2026-02-16",1851,"N20","nominal","2.0NRT",291.7,0.91,"N"
"31544",14.81462,98.60597,297.09,0.43,0.38,"2026-02-16",1851,"N20","nominal","2.0NRT",275.54,0.47,"N"
"31545",14.76488,98.94744,304.94,0.42,0.38,"2026-02-16",1851,"N20","nominal","2.0NRT",282.77,1.24,"N"
"31546",13.60343,105.98318,307.27,0.39,0.44,"2026-02-16",1851,"N20","nominal","2.0NRT",292.67,0.97,"N"
"31547",13.60008,105.97885,334.03,0.39,0.44,"2026-02-16",1851,"N20","nominal","2.0NRT",292.63,3.6,"N"
"31548",13.60246,105.979,327.31,0.39,0.44,"2026-02-16",1851,"N20","nominal","2.0NRT",292.61,3.08,"N"
"31549",13.60182,105.9826,307.01,0.39,0.44,"2026-02-16",1851,"N20","nominal","2.0NRT",292.36,1.16,"N"
"31550",13.59719,105.98546,315.05,0.39,0.44,"2026-02-16",1851,"N20","nominal","2.0NRT",292.07,1.16,"N"
"31551",13.38858,107.15998,313.23,0.47,0.48,"2026-02-16",1851,"N20","nominal","2.0NRT",291.92,2.08,"N"
"31552",13.38628,107.17273,303.04,0.47,0.48,"2026-02-16",1851,"N20","nominal","2.0NRT",291.63,1.92,"N"
"31553",13.70205,105.36138,304.79,0.54,0.42,"2026-02-16",1851,"N20","nominal","2.0NRT",292.77,1.01,"N"
"31554",14.78632,98.61778,307.79,0.43,0.38,"2026-02-16",1851,"N20","nominal","2.0NRT",281.87,1.34,"N"
"31555",13.54281,106.24677,312.06,0.41,0.45,"2026-02-16",1851,"N20","nominal","2.0NRT",292,1.05,"N"
"31556",13.55055,106.17935,307.53,0.4,0.45,"2026-02-16",1851,"N20","nominal","2.0NRT",291.99,1.54,"N"
"31557",13.54376,106.17046,326.31,0.4,0.45,"2026-02-16",1851,"N20","nominal","2.0NRT",292.45,3.35,"N"
"31558",13.54311,106.17413,304.34,0.4,0.45,"2026-02-16",1851,"N20","nominal","2.0NRT",291.03,0.59,"N"
"31559",13.68757,105.26298,308.74,0.53,0.42,"2026-02-16",1851,"N20","nominal","2.0NRT",292.65,1.24,"N"
"31560",13.66666,105.3596,313.76,0.54,0.42,"2026-02-16",1851,"N20","nominal","2.0NRT",293.88,2.2,"N"
"31561",13.64392,105.48879,303.35,0.55,0.43,"2026-02-16",1851,"N20","nominal","2.0NRT",291.48,0.87,"N"
"31562",13.55943,105.91934,316.62,0.39,0.44,"2026-02-16",1851,"N20","nominal","2.0NRT",292.85,1.99,"N"
"31563",13.47238,106.28722,304.49,0.41,0.45,"2026-02-16",1851,"N20","nominal","2.0NRT",289.69,0.48,"N"
"31564",13.80861,104.37045,304.56,0.48,0.4,"2026-02-16",1851,"N20","nominal","2.0NRT",291.16,0.88,"N"
"31565",13.80497,104.3698,307.64,0.48,0.4,"2026-02-16",1851,"N20","nominal","2.0NRT",291.21,1.25,"N"
"31566",13.55242,105.73042,314.47,0.57,0.43,"2026-02-16",1851,"N20","nominal","2.0NRT",291.68,1.66,"N"
"31567",13.45273,106.23317,305.72,0.41,0.45,"2026-02-16",1851,"N20","nominal","2.0NRT",290.34,0.61,"N"
"31568",13.44867,106.2324,306.13,0.41,0.45,"2026-02-16",1851,"N20","nominal","2.0NRT",290.55,0.6,"N"
"31569",13.44912,106.23295,307.84,0.41,0.45,"2026-02-16",1851,"N20","nominal","2.0NRT",290.62,0.53,"N"
"31570",14.66786,98.70929,304.17,0.43,0.38,"2026-02-16",1851,"N20","nominal","2.0NRT",285.76,0.95,"N"
"31571",14.66727,98.71326,309.96,0.43,0.38,"2026-02-16",1851,"N20","nominal","2.0NRT",286.77,0.95,"N"
"31572",13.58581,105.40428,306.35,0.55,0.42,"2026-02-16",1851,"N20","nominal","2.0NRT",292.34,1,"N"
"31573",14.6638,98.71269,309.59,0.43,0.38,"2026-02-16",1851,"N20","nominal","2.0NRT",286.58,0.95,"N"
"31574",14.66321,98.71665,307.5,0.43,0.38,"2026-02-16",1851,"N20","nominal","2.0NRT",286.45,1.11,"N"
"31575",13.73835,104.49542,312.03,0.48,0.4,"2026-02-16",1851,"N20","nominal","2.0NRT",292.04,0.93,"N"
"31576",13.73759,104.49985,303.48,0.48,0.4,"2026-02-16",1851,"N20","nominal","2.0NRT",291.14,0.93,"N"
"31577",13.58195,105.40356,306.95,0.55,0.42,"2026-02-16",1851,"N20","nominal","2.0NRT",292.45,1,"N"
"31578",13.64609,105.01064,312.13,0.52,0.41,"2026-02-16",1851,"N20","nominal","2.0NRT",291.82,1.22,"N"
"31579",13.37998,106.52737,317.26,0.43,0.46,"2026-02-16",1851,"N20","nominal","2.0NRT",292.92,1.31,"N"
"31580",13.58543,105.33788,305.15,0.54,0.42,"2026-02-16",1851,"N20","nominal","2.0NRT",292.85,2.01,"N"
"31581",13.57907,105.26093,309.24,0.53,0.42,"2026-02-16",1851,"N20","nominal","2.0NRT",293.59,1.48,"N"
"31582",13.59052,105.17305,305.37,0.53,0.42,"2026-02-16",1851,"N20","nominal","2.0NRT",292.38,0.83,"N"
"31583",13.5693,105.24911,305.46,0.53,0.42,"2026-02-16",1851,"N20","nominal","2.0NRT",293.63,1.14,"N"
"31584",13.27803,106.87591,306.31,0.45,0.47,"2026-02-16",1851,"N20","nominal","2.0NRT",292.25,0.55,"N"
"31585",13.30484,106.70464,314.49,0.44,0.46,"2026-02-16",1851,"N20","nominal","2.0NRT",292.08,1.43,"N"
"31586",13.27378,106.87509,304.56,0.45,0.47,"2026-02-16",1851,"N20","nominal","2.0NRT",292.22,0.48,"N"
"31587",13.57868,105.15099,304.64,0.53,0.42,"2026-02-16",1851,"N20","nominal","2.0NRT",291.62,0.54,"N"
"31588",13.31523,106.59995,312.01,0.43,0.46,"2026-02-16",1851,"N20","nominal","2.0NRT",292.28,1.49,"N"
"31589",13.38258,106.18204,304.76,0.41,0.45,"2026-02-16",1851,"N20","nominal","2.0NRT",291.56,0.28,"N"
"31590",13.3076,106.59441,303.14,0.43,0.46,"2026-02-16",1851,"N20","nominal","2.0NRT",291.46,0.49,"N"
"31591",13.27175,106.79024,315.84,0.45,0.47,"2026-02-16",1851,"N20","nominal","2.0NRT",291.87,1.55,"N"
"31592",13.57197,105.10013,310.06,0.52,0.42,"2026-02-16",1851,"N20","nominal","2.0NRT",292.1,1.46,"N"
"31593",13.56819,105.09939,321.4,0.52,0.42,"2026-02-16",1851,"N20","nominal","2.0NRT",292.14,3.1,"N"
"31594",13.65207,104.62228,303.59,0.49,0.4,"2026-02-16",1851,"N20","nominal","2.0NRT",291.82,0.72,"N"
"31595",13.54485,105.16462,305.11,0.53,0.42,"2026-02-16",1851,"N20","nominal","2.0NRT",291.97,1.12,"N"
"31596",13.1097,107.4435,300.77,0.5,0.49,"2026-02-16",1851,"N20","nominal","2.0NRT",289.73,0.43,"N"
"31597",13.49499,105.29935,307.34,0.54,0.42,"2026-02-16",1851,"N20","nominal","2.0NRT",293.1,1.16,"N"
"31598",13.11112,107.44181,300.92,0.5,0.49,"2026-02-16",1851,"N20","nominal","2.0NRT",289.55,0.4,"N"
"31599",13.32908,106.17661,304.02,0.41,0.45,"2026-02-16",1851,"N20","nominal","2.0NRT",292.33,0.65,"N"
"31600",12.99842,108.00769,307.28,0.54,0.51,"2026-02-16",1851,"N20","nominal","2.0NRT",289.42,1.24,"N"
"31601",13.21209,106.75938,306.95,0.45,0.47,"2026-02-16",1851,"N20","nominal","2.0NRT",292.24,1.13,"N"
"31602",14.39834,99.54731,302.73,0.4,0.37,"2026-02-16",1851,"N20","nominal","2.0NRT",285.84,0.98,"N"
"31603",13.70237,103.82724,313.38,0.45,0.39,"2026-02-16",1851,"N20","nominal","2.0NRT",293.8,1.27,"N"
"31604",13.43476,105.30358,305.3,0.54,0.42,"2026-02-16",1851,"N20","nominal","2.0NRT",293.53,0.86,"N"
"31605",13.41533,105.34587,311.15,0.54,0.42,"2026-02-16",1851,"N20","nominal","2.0NRT",293.61,1.65,"N"
"31606",13.30466,105.89472,305.99,0.39,0.44,"2026-02-16",1851,"N20","nominal","2.0NRT",292.35,0.58,"N"
"31607",14.37397,99.36526,306.84,0.4,0.37,"2026-02-16",1851,"N20","nominal","2.0NRT",292.96,1.52,"N"
"31608",14.37059,99.36473,311.38,0.4,0.37,"2026-02-16",1851,"N20","nominal","2.0NRT",292.47,1.51,"N"
"31609",13.23747,106.10339,325.66,0.4,0.45,"2026-02-16",1851,"N20","nominal","2.0NRT",293.62,3.09,"N"
"31610",13.23812,106.09971,306.39,0.4,0.45,"2026-02-16",1851,"N20","nominal","2.0NRT",293.19,0.89,"N"
"31611",13.23407,106.09895,312.23,0.4,0.45,"2026-02-16",1851,"N20","nominal","2.0NRT",292.78,0.89,"N"
"31612",14.4079,98.87846,302.29,0.42,0.38,"2026-02-16",1851,"N20","nominal","2.0NRT",280.18,1.03,"N"
"31613",14.40447,98.87791,320.83,0.42,0.38,"2026-02-16",1851,"N20","nominal","2.0NRT",275.4,1.45,"N"
"31614",14.40046,98.88122,300.58,0.42,0.38,"2026-02-16",1851,"N20","nominal","2.0NRT",273.24,1.45,"N"
"31615",13.46458,104.64388,308.2,0.5,0.41,"2026-02-16",1851,"N20","nominal","2.0NRT",293.63,1.53,"N"
"31616",13.17981,106.26194,303.88,0.41,0.45,"2026-02-16",1851,"N20","nominal","2.0NRT",293.03,0.69,"N"
"31617",13.15451,106.40294,306.05,0.42,0.45,"2026-02-16",1851,"N20","nominal","2.0NRT",293.25,0.66,"N"
"31618",13.08692,106.75336,325.35,0.45,0.47,"2026-02-16",1851,"N20","nominal","2.0NRT",291.28,1.92,"N"
"31619",13.53397,104.21883,305.53,0.47,0.4,"2026-02-16",1851,"N20","nominal","2.0NRT",294.09,2.19,"N"
"31620",13.46088,104.64319,305.64,0.5,0.41,"2026-02-16",1851,"N20","nominal","2.0NRT",294.17,1.32,"N"
"31621",13.11945,106.57362,312.09,0.43,0.46,"2026-02-16",1851,"N20","nominal","2.0NRT",289.81,0.95,"N"
"31622",13.08617,106.75748,308.75,0.45,0.47,"2026-02-16",1851,"N20","nominal","2.0NRT",291.14,1.92,"N"
"31623",13.08543,106.7616,304.84,0.45,0.47,"2026-02-16",1851,"N20","nominal","2.0NRT",291,0.86,"N"
"31624",13.45717,104.64259,310.25,0.5,0.41,"2026-02-16",1851,"N20","nominal","2.0NRT",294.21,1.32,"N"
"31625",13.23858,105.88625,304.09,0.39,0.44,"2026-02-16",1851,"N20","nominal","2.0NRT",292.42,0.51,"N"
"31626",12.9878,107.22259,302.43,0.48,0.48,"2026-02-16",1851,"N20","nominal","2.0NRT",289.87,0.68,"N"
"31627",13.05857,106.7646,316.53,0.45,0.47,"2026-02-16",1851,"N20","nominal","2.0NRT",290.83,2.83,"N"
"31628",13.05783,106.76864,302.16,0.45,0.47,"2026-02-16",1851,"N20","nominal","2.0NRT",290.6,2.83,"N"
"31629",13.05507,106.75978,323.31,0.45,0.47,"2026-02-16",1851,"N20","nominal","2.0NRT",291.85,3.11,"N"
"31630",13.05433,106.76379,346.43,0.45,0.47,"2026-02-16",1851,"N20","nominal","2.0NRT",293.84,2.83,"N"
"31631",13.05359,106.76782,317.66,0.45,0.47,"2026-02-16",1851,"N20","nominal","2.0NRT",291.68,2.83,"N"
"31632",13.32,105.22481,304.27,0.54,0.42,"2026-02-16",1851,"N20","nominal","2.0NRT",291.77,0.93,"N"
"31633",13.0474,106.58506,305.85,0.44,0.46,"2026-02-16",1851,"N20","nominal","2.0NRT",290.14,0.72,"N"
"31634",13.268,105.23799,303.99,0.54,0.42,"2026-02-16",1851,"N20","nominal","2.0NRT",291.19,1.02,"N"
"31635",13.7746,102.21169,341.14,0.4,0.37,"2026-02-16",1851,"N20","nominal","2.0NRT",293.38,6.45,"N"
"31636",14.2656,98.96312,301.88,0.42,0.37,"2026-02-16",1851,"N20","nominal","2.0NRT",281.16,0.71,"N"
"31637",14.26506,98.96677,302.33,0.41,0.37,"2026-02-16",1851,"N20","nominal","2.0NRT",281.15,0.53,"N"
"31638",12.86205,107.31364,305.51,0.49,0.49,"2026-02-16",1851,"N20","nominal","2.0NRT",290,1.5,"N"
"31639",13.06167,106.05543,313.86,0.4,0.45,"2026-02-16",1851,"N20","nominal","2.0NRT",292.82,1.47,"N"
"31640",13.0523,106.10705,304.54,0.41,0.45,"2026-02-16",1851,"N20","nominal","2.0NRT",292.04,0.65,"N"
"31641",14.23486,98.93427,309.03,0.42,0.37,"2026-02-16",1851,"N20","nominal","2.0NRT",291.57,1.56,"N"
"31642",13.02509,106.23331,318.06,0.42,0.45,"2026-02-16",1851,"N20","nominal","2.0NRT",291.83,1.6,"N"
"31643",14.23086,98.93761,306.1,0.42,0.37,"2026-02-16",1851,"N20","nominal","2.0NRT",291.28,1.06,"N"
"31644",13.02512,106.20997,303.01,0.41,0.45,"2026-02-16",1851,"N20","nominal","2.0NRT",291.37,0.49,"N"
"31645",12.83437,107.19338,301.57,0.48,0.48,"2026-02-16",1851,"N20","nominal","2.0NRT",288.9,0.78,"N"
"31646",14.1807,99.20548,305.47,0.41,0.37,"2026-02-16",1851,"N20","nominal","2.0NRT",278.99,0.62,"N"
"31647",14.17731,99.20498,298.95,0.41,0.37,"2026-02-16",1851,"N20","nominal","2.0NRT",278.36,0.35,"N"
"31648",14.22111,98.88481,342.07,0.42,0.37,"2026-02-16",1851,"N20","nominal","2.0NRT",291.71,5.03,"N"
"31649",14.22135,98.88566,340.13,0.42,0.37,"2026-02-16",1851,"N20","nominal","2.0NRT",291.78,3.19,"N"
"31650",14.21791,98.88514,306.69,0.42,0.37,"2026-02-16",1851,"N20","nominal","2.0NRT",290.67,3.19,"N"
"31651",12.83408,107.19517,303.15,0.48,0.48,"2026-02-16",1851,"N20","nominal","2.0NRT",289.34,0.72,"N"
"31652",13.03311,106.02769,308.91,0.4,0.44,"2026-02-16",1851,"N20","nominal","2.0NRT",292.61,1.03,"N"
"31653",13.01945,106.10516,314.78,0.41,0.45,"2026-02-16",1851,"N20","nominal","2.0NRT",293.14,1.66,"N"
"31654",13.01539,106.10439,321.27,0.41,0.45,"2026-02-16",1851,"N20","nominal","2.0NRT",293.01,1.66,"N"
"31655",14.19784,98.87856,304.74,0.42,0.37,"2026-02-16",1851,"N20","nominal","2.0NRT",291.27,0.74,"N"
"31656",13.01604,106.10068,317.56,0.41,0.45,"2026-02-16",1851,"N20","nominal","2.0NRT",292.63,1.66,"N"
"31657",13.01408,106.11181,309.33,0.41,0.45,"2026-02-16",1851,"N20","nominal","2.0NRT",292.77,1.58,"N"
"31658",14.19326,98.88573,309.35,0.42,0.37,"2026-02-16",1851,"N20","nominal","2.0NRT",291.62,1.23,"N"
"31659",14.19099,98.90085,305,0.42,0.37,"2026-02-16",1851,"N20","nominal","2.0NRT",292.12,1.07,"N"
"31660",13.01001,106.11105,304.3,0.41,0.45,"2026-02-16",1851,"N20","nominal","2.0NRT",292.2,0.63,"N"
"31661",14.19037,98.88158,313.99,0.42,0.37,"2026-02-16",1851,"N20","nominal","2.0NRT",291.58,2.38,"N"
"31662",14.18981,98.88532,308.22,0.42,0.37,"2026-02-16",1851,"N20","nominal","2.0NRT",291.4,1.23,"N"
"31663",14.18298,98.9075,304.57,0.42,0.37,"2026-02-16",1851,"N20","nominal","2.0NRT",291.66,1.12,"N"
"31664",13.75562,101.63597,306.32,0.39,0.36,"2026-02-16",1851,"N20","nominal","2.0NRT",291.79,0.97,"N"
"31665",14.17554,98.91036,308.19,0.42,0.37,"2026-02-16",1851,"N20","nominal","2.0NRT",292.14,1.37,"N"
"31666",13.16255,105.15057,317.28,0.53,0.42,"2026-02-16",1851,"N20","nominal","2.0NRT",292.29,1.87,"N"
"31667",12.95942,106.27646,303.04,0.42,0.45,"2026-02-16",1851,"N20","nominal","2.0NRT",291.15,0.81,"N"
"31668",14.16527,98.90876,307.26,0.42,0.37,"2026-02-16",1851,"N20","nominal","2.0NRT",291.89,1.54,"N"
"31669",14.16355,98.89675,324.73,0.42,0.37,"2026-02-16",1851,"N20","nominal","2.0NRT",292.46,3.53,"N"
"31670",14.16409,98.89314,314.13,0.42,0.37,"2026-02-16",1851,"N20","nominal","2.0NRT",292.05,2.85,"N"
"31671",14.16066,98.89262,336.05,0.42,0.37,"2026-02-16",1851,"N20","nominal","2.0NRT",292.94,2.85,"N"
"31672",14.15107,98.95699,303.26,0.41,0.37,"2026-02-16",1851,"N20","nominal","2.0NRT",290.54,0.4,"N"
"31673",14.14764,98.95651,304,0.41,0.37,"2026-02-16",1851,"N20","nominal","2.0NRT",290.64,0.84,"N"
"31674",14.12277,99.12293,317.59,0.41,0.37,"2026-02-16",1851,"N20","nominal","2.0NRT",286.63,1.43,"N"
"31675",14.14421,98.95605,311.48,0.41,0.37,"2026-02-16",1851,"N20","nominal","2.0NRT",290.96,0.84,"N"
"31676",14.14077,98.9557,308.05,0.41,0.37,"2026-02-16",1851,"N20","nominal","2.0NRT",290.6,1.13,"N"
"31677",14.1379,98.95148,306.78,0.41,0.37,"2026-02-16",1851,"N20","nominal","2.0NRT",290.6,1.64,"N"
"31678",14.13448,98.95094,318.96,0.41,0.37,"2026-02-16",1851,"N20","nominal","2.0NRT",291.4,2.43,"N"
"31679",13.15818,104.95161,312.9,0.52,0.42,"2026-02-16",1851,"N20","nominal","2.0NRT",291.51,1.38,"N"
"31680",14.12658,98.98052,307.22,0.41,0.37,"2026-02-16",1851,"N20","nominal","2.0NRT",290.86,0.67,"N"
"31681",14.12701,98.9306,311.5,0.42,0.37,"2026-02-16",1851,"N20","nominal","2.0NRT",290.53,1.33,"N"
"31682",14.12413,98.92639,306.22,0.42,0.37,"2026-02-16",1851,"N20","nominal","2.0NRT",290.31,0.79,"N"
"31683",12.94145,106.04864,318.66,0.41,0.45,"2026-02-16",1851,"N20","nominal","2.0NRT",291.87,1.74,"N"
"31684",14.09594,99.04593,302.72,0.41,0.37,"2026-02-16",1851,"N20","nominal","2.0NRT",286.4,0.59,"N"
"31685",14.09699,98.99169,305.71,0.41,0.37,"2026-02-16",1851,"N20","nominal","2.0NRT",290.68,0.92,"N"
"31686",14.09659,98.992,308.71,0.41,0.37,"2026-02-16",1851,"N20","nominal","2.0NRT",291.29,1.44,"N"
"31687",14.09317,98.99149,323.27,0.41,0.37,"2026-02-16",1851,"N20","nominal","2.0NRT",292.13,1.44,"N"
"31688",14.09372,98.98784,309.71,0.41,0.37,"2026-02-16",1851,"N20","nominal","2.0NRT",291.91,1.44,"N"
"31689",14.06638,99.16819,305.52,0.41,0.37,"2026-02-16",1851,"N20","nominal","2.0NRT",290.76,0.77,"N"
"31690",14.09031,98.98727,305.95,0.41,0.37,"2026-02-16",1851,"N20","nominal","2.0NRT",291.84,0.97,"N"
"31691",14.08691,98.98667,306.43,0.41,0.37,"2026-02-16",1851,"N20","nominal","2.0NRT",291.37,0.97,"N"
"31692",14.09087,98.93721,303.02,0.41,0.37,"2026-02-16",1851,"N20","nominal","2.0NRT",288.22,0.78,"N"
"31693",14.08351,98.98608,317.73,0.41,0.37,"2026-02-16",1851,"N20","nominal","2.0NRT",290.96,1.63,"N"
"31694",12.96878,105.65674,304.07,0.38,0.43,"2026-02-16",1851,"N20","nominal","2.0NRT",291.63,0.44,"N"
"31695",14.03242,99.07057,303.71,0.41,0.37,"2026-02-16",1851,"N20","nominal","2.0NRT",288.04,0.74,"N"
"31696",14.00984,99.22073,305.6,0.41,0.37,"2026-02-16",1851,"N20","nominal","2.0NRT",292,0.64,"N"
"31697",14.02901,99.07008,307.19,0.41,0.37,"2026-02-16",1851,"N20","nominal","2.0NRT",288.51,1.15,"N"
"31698",14.00139,99.2308,306.25,0.41,0.37,"2026-02-16",1851,"N20","nominal","2.0NRT",290.27,0.93,"N"
"31699",14.03512,98.98269,303.04,0.41,0.37,"2026-02-16",1851,"N20","nominal","2.0NRT",288.85,1.07,"N"
"31700",13.9946,99.22982,311.79,0.41,0.37,"2026-02-16",1851,"N20","nominal","2.0NRT",290.42,1.48,"N"
"31701",13.9918,99.22543,305.04,0.41,0.37,"2026-02-16",1851,"N20","nominal","2.0NRT",290.63,0.77,"N"
"31702",12.68432,106.99844,305.72,0.47,0.48,"2026-02-16",1851,"N20","nominal","2.0NRT",288.94,1.15,"N"
"31703",14.00017,99.12325,310.02,0.41,0.37,"2026-02-16",1851,"N20","nominal","2.0NRT",291.33,1.67,"N"
"31704",13.9996,99.12702,306.02,0.41,0.37,"2026-02-16",1851,"N20","nominal","2.0NRT",292.15,1.65,"N"
"31705",13.9962,99.12653,322.92,0.41,0.37,"2026-02-16",1851,"N20","nominal","2.0NRT",292.41,1.65,"N"
"31706",13.99281,99.12599,323.98,0.41,0.37,"2026-02-16",1851,"N20","nominal","2.0NRT",291.84,2.57,"N"
"31707",13.97602,99.23819,306.22,0.41,0.37,"2026-02-16",1851,"N20","nominal","2.0NRT",292.94,1.32,"N"
"31708",13.64213,101.34723,342.26,0.39,0.36,"2026-02-16",1851,"N20","nominal","2.0NRT",293.98,7.54,"N"
"31709",13.61739,101.37289,329.29,0.39,0.36,"2026-02-16",1851,"N20","nominal","2.0NRT",292.82,3.06,"N"
"31710",13.61682,101.37643,325.86,0.39,0.36,"2026-02-16",1851,"N20","nominal","2.0NRT",293.52,3.06,"N"
"31711",13.97099,99.08167,314.92,0.41,0.37,"2026-02-16",1851,"N20","nominal","2.0NRT",291.97,1.84,"N"
"31712",13.61409,101.37231,310.9,0.39,0.36,"2026-02-16",1851,"N20","nominal","2.0NRT",292.91,3.06,"N"
"31713",13.96532,99.09615,304.85,0.41,0.37,"2026-02-16",1851,"N20","nominal","2.0NRT",289.52,1.28,"N"
"31714",13.96535,99.07298,309.51,0.41,0.37,"2026-02-16",1851,"N20","nominal","2.0NRT",291.72,1.03,"N"
"31715",13.96303,99.08827,303.8,0.41,0.37,"2026-02-16",1851,"N20","nominal","2.0NRT",290.55,1.23,"N"
"31716",13.96247,99.09197,316.51,0.41,0.37,"2026-02-16",1851,"N20","nominal","2.0NRT",290.3,1.28,"N"
"31717",12.80346,106.14351,307.11,0.41,0.45,"2026-02-16",1851,"N20","nominal","2.0NRT",293.11,0.46,"N"
"31718",13.96313,98.99545,303.97,0.41,0.37,"2026-02-16",1851,"N20","nominal","2.0NRT",289.18,0.35,"N"
"31719",13.96252,98.9995,307.81,0.41,0.37,"2026-02-16",1851,"N20","nominal","2.0NRT",290.11,1.54,"N"
"31720",12.69403,106.66356,311.38,0.45,0.47,"2026-02-16",1851,"N20","nominal","2.0NRT",289.92,1.29,"N"
"31721",13.8751,99.3942,305.75,0.4,0.37,"2026-02-16",1851,"N20","nominal","2.0NRT",288.76,0.79,"N"
"31722",12.73876,106.245,305.04,0.42,0.45,"2026-02-16",1851,"N20","nominal","2.0NRT",292.19,0.67,"N"
"31723",13.87173,99.39369,316.65,0.4,0.37,"2026-02-16",1851,"N20","nominal","2.0NRT",290.1,1.46,"N"
"31724",13.86836,99.39314,308.43,0.4,0.37,"2026-02-16",1851,"N20","nominal","2.0NRT",289.87,1.46,"N"
"31725",12.78924,105.80013,302.98,0.39,0.44,"2026-02-16",1851,"N20","nominal","2.0NRT",289.95,1.13,"N"
"31726",12.7886,105.80371,307.29,0.39,0.44,"2026-02-16",1851,"N20","nominal","2.0NRT",289.86,0.89,"N"
"31727",12.71682,106.13145,306.04,0.41,0.45,"2026-02-16",1851,"N20","nominal","2.0NRT",292.21,0.57,"N"
"31728",12.71272,106.1307,308.56,0.41,0.45,"2026-02-16",1851,"N20","nominal","2.0NRT",292.3,0.81,"N"
"31729",13.37871,102.27668,308.09,0.4,0.37,"2026-02-16",1851,"N20","nominal","2.0NRT",291.58,0.59,"N"
"31730",12.78419,105.58387,306.34,0.38,0.43,"2026-02-16",1851,"N20","nominal","2.0NRT",289.9,0.59,"N"
"31731",12.56766,106.81058,312.43,0.46,0.47,"2026-02-16",1851,"N20","nominal","2.0NRT",289.34,1.31,"N"
"31732",12.57467,106.7219,303.9,0.45,0.47,"2026-02-16",1851,"N20","nominal","2.0NRT",288.69,0.63,"N"
"31733",13.35807,102.11566,320.73,0.4,0.37,"2026-02-16",1851,"N20","nominal","2.0NRT",290.99,1.77,"N"
"31734",13.35472,102.11509,313.36,0.4,0.37,"2026-02-16",1851,"N20","nominal","2.0NRT",290.96,1.45,"N"
"31735",12.63742,106.29775,308.17,0.43,0.46,"2026-02-16",1851,"N20","nominal","2.0NRT",291.73,0.72,"N"
"31736",13.81663,99.13091,308.77,0.41,0.37,"2026-02-16",1851,"N20","nominal","2.0NRT",291.57,1.51,"N"
"31737",12.59865,106.34647,307.15,0.43,0.46,"2026-02-16",1851,"N20","nominal","2.0NRT",292.07,0.93,"N"
"31738",12.47991,106.95035,303.55,0.47,0.48,"2026-02-16",1851,"N20","nominal","2.0NRT",289.65,0.75,"N"
"31739",12.40386,107.28837,312.26,0.5,0.49,"2026-02-16",1851,"N20","nominal","2.0NRT",287.53,1.55,"N"
"31740",12.48997,106.51454,307.63,0.44,0.46,"2026-02-16",1851,"N20","nominal","2.0NRT",290.44,0.54,"N"
"31741",13.6617,99.32355,318,0.4,0.37,"2026-02-16",1851,"N20","nominal","2.0NRT",292.17,2.02,"N"
"31742",12.35923,107.06469,325.63,0.48,0.48,"2026-02-16",1851,"N20","nominal","2.0NRT",290.49,1.91,"N"
"31743",13.66,99.312,308.68,0.4,0.37,"2026-02-16",1851,"N20","nominal","2.0NRT",291.69,1.12,"N"
"31744",13.65945,99.31567,309.98,0.4,0.37,"2026-02-16",1851,"N20","nominal","2.0NRT",291.9,1.12,"N"
"31745",13.65834,99.32297,319.28,0.4,0.37,"2026-02-16",1851,"N20","nominal","2.0NRT",291.37,2.19,"N"
"31746",13.65778,99.32664,311.62,0.4,0.37,"2026-02-16",1851,"N20","nominal","2.0NRT",292.12,1.52,"N"
"31747",13.65664,99.31143,314.95,0.4,0.37,"2026-02-16",1851,"N20","nominal","2.0NRT",291.75,1.12,"N"
"31748",13.65442,99.32606,306.31,0.4,0.37,"2026-02-16",1851,"N20","nominal","2.0NRT",291.66,1.52,"N"
"31749",13.34657,101.17532,319.51,0.39,0.36,"2026-02-16",1851,"N20","nominal","2.0NRT",291.2,1.66,"N"
"31750",13.61909,99.33178,315.92,0.4,0.37,"2026-02-16",1851,"N20","nominal","2.0NRT",292.46,1.86,"N"
"31751",13.615,99.18818,304.84,0.4,0.37,"2026-02-16",1851,"N20","nominal","2.0NRT",290.76,0.73,"N"
"31752",12.34464,106.66837,304.25,0.45,0.47,"2026-02-16",1851,"N20","nominal","2.0NRT",290.7,0.85,"N"
"31753",13.47283,99.69253,305.5,0.39,0.36,"2026-02-16",1851,"N20","nominal","2.0NRT",291.19,0.87,"N"
"31754",12.2972,106.63836,307.4,0.45,0.47,"2026-02-16",1851,"N20","nominal","2.0NRT",290.6,1.04,"N"
"31755",12.30758,106.51033,303.05,0.44,0.46,"2026-02-16",1851,"N20","nominal","2.0NRT",288.41,1.11,"N"
"31756",12.30335,106.50956,317.61,0.44,0.46,"2026-02-16",1851,"N20","nominal","2.0NRT",288.32,1.11,"N"
"31757",12.30261,106.51357,301.19,0.44,0.46,"2026-02-16",1851,"N20","nominal","2.0NRT",288.32,1.16,"N"
"31758",12.91176,103.02994,306.22,0.43,0.38,"2026-02-16",1851,"N20","nominal","2.0NRT",293.04,1.26,"N"
"31759",12.30782,106.5116,304.67,0.44,0.46,"2026-02-16",1851,"N20","nominal","2.0NRT",288.53,0.59,"N"
"31760",12.30359,106.5108,327.66,0.44,0.46,"2026-02-16",1851,"N20","nominal","2.0NRT",289.11,2.18,"N"
"31761",12.08914,107.71057,299.34,0.54,0.51,"2026-02-16",1851,"N20","nominal","2.0NRT",286.24,0.73,"N"
"31762",12.08894,107.58126,305.78,0.53,0.5,"2026-02-16",1851,"N20","nominal","2.0NRT",286.25,0.81,"N"
"31763",11.83854,108.88399,297.64,0.33,0.55,"2026-02-16",1851,"N20","nominal","2.0NRT",282.71,0.61,"N"
"31764",12.86927,103.01546,311.4,0.43,0.38,"2026-02-16",1851,"N20","nominal","2.0NRT",293.79,1.37,"N"
"31765",12.87989,102.80329,306.08,0.42,0.38,"2026-02-16",1851,"N20","nominal","2.0NRT",290.67,0.61,"N"
"31766",13.41743,99.25175,304.55,0.4,0.37,"2026-02-16",1851,"N20","nominal","2.0NRT",290.37,0.97,"N"
"31767",13.41353,99.25469,315.11,0.4,0.37,"2026-02-16",1851,"N20","nominal","2.0NRT",291.06,0.97,"N"
"31768",13.40963,99.25764,327.12,0.4,0.37,"2026-02-16",1851,"N20","nominal","2.0NRT",291.94,1.74,"N"
"31769",13.40627,99.25706,326.78,0.4,0.37,"2026-02-16",1851,"N20","nominal","2.0NRT",292.47,1.74,"N"
"31770",13.40573,99.26064,305.21,0.4,0.37,"2026-02-16",1851,"N20","nominal","2.0NRT",290.62,1.74,"N"
"31771",13.40444,99.25749,320.09,0.4,0.37,"2026-02-16",1851,"N20","nominal","2.0NRT",292.03,1.15,"N"
"31772",13.40389,99.26107,305.71,0.4,0.37,"2026-02-16",1851,"N20","nominal","2.0NRT",290.56,1.15,"N"
"31773",13.40108,99.25693,310.25,0.4,0.37,"2026-02-16",1851,"N20","nominal","2.0NRT",291.19,1.15,"N"
"31774",13.39771,99.25636,307.4,0.4,0.37,"2026-02-16",1851,"N20","nominal","2.0NRT",290.65,0.89,"N"
"31775",11.9004,107.5529,300.68,0.53,0.5,"2026-02-16",1851,"N20","nominal","2.0NRT",287.15,0.49,"N"
"31776",11.95935,106.69995,304.81,0.46,0.47,"2026-02-16",1851,"N20","nominal","2.0NRT",286.54,0.7,"N"
"31777",12.42141,103.86689,304.2,0.47,0.4,"2026-02-16",1851,"N20","nominal","2.0NRT",291.51,1.4,"N"
"31778",13.08128,99.70084,305.77,0.39,0.36,"2026-02-16",1851,"N20","nominal","2.0NRT",291.51,0.73,"N"
"31779",12.54152,102.89301,312.8,0.42,0.38,"2026-02-16",1851,"N20","nominal","2.0NRT",291.57,1.11,"N"
"31780",12.79754,101.24715,305.44,0.39,0.36,"2026-02-16",1851,"N20","nominal","2.0NRT",291.87,0.97,"N"
"31781",13.13646,98.9993,341.25,0.41,0.37,"2026-02-16",1851,"N20","nominal","2.0NRT",290.75,4.58,"N"
"31782",12.28918,104.11478,305.37,0.48,0.4,"2026-02-16",1851,"N20","nominal","2.0NRT",291.32,1.69,"N"
"31783",12.29358,104.11327,306.28,0.48,0.4,"2026-02-16",1851,"N20","nominal","2.0NRT",291.08,0.96,"N"
"31784",12.28998,104.1123,306.2,0.48,0.4,"2026-02-16",1851,"N20","nominal","2.0NRT",291.26,1.3,"N"
"31785",12.43968,103.1292,303.55,0.43,0.38,"2026-02-16",1851,"N20","nominal","2.0NRT",289.53,0.74,"N"
"31786",12.4362,103.12857,301.62,0.43,0.38,"2026-02-16",1851,"N20","nominal","2.0NRT",288.65,0.74,"N"
"31787",12.28311,103.90936,308.22,0.47,0.4,"2026-02-16",1851,"N20","nominal","2.0NRT",290.87,1.63,"N"
"31788",12.37161,103.36412,303.49,0.44,0.39,"2026-02-16",1851,"N20","nominal","2.0NRT",289.99,5.19,"N"
"31789",12.36809,103.3635,335.42,0.44,0.39,"2026-02-16",1851,"N20","nominal","2.0NRT",292.97,5.19,"N"
"31790",12.3674,103.36761,344.07,0.44,0.39,"2026-02-16",1851,"N20","nominal","2.0NRT",296.43,13.16,"N"
"31791",12.36457,103.36288,339.75,0.44,0.39,"2026-02-16",1851,"N20","nominal","2.0NRT",291.99,3.37,"N"
"31792",12.36387,103.36703,322.27,0.44,0.39,"2026-02-16",1851,"N20","nominal","2.0NRT",290.9,3.13,"N"
"31793",12.36526,103.35882,312.58,0.44,0.39,"2026-02-16",1851,"N20","nominal","2.0NRT",290.51,3.37,"N"
"31794",11.78602,106.55423,326.79,0.46,0.47,"2026-02-16",1851,"N20","nominal","2.0NRT",284.44,3.47,"N"
"31795",11.76286,106.58418,300.93,0.46,0.47,"2026-02-16",1851,"N20","nominal","2.0NRT",283.43,0.42,"N"
"31796",12.67705,101.15124,312.09,0.39,0.36,"2026-02-16",1851,"N20","nominal","2.0NRT",292.93,2.3,"N"
"31797",12.2173,103.78579,311.69,0.47,0.39,"2026-02-16",1851,"N20","nominal","2.0NRT",290.08,1.16,"N"
"31798",12.10568,104.31035,302.44,0.5,0.41,"2026-02-16",1851,"N20","nominal","2.0NRT",287.65,0.96,"N"
"31799",12.09619,104.07933,303.67,0.48,0.4,"2026-02-16",1851,"N20","nominal","2.0NRT",289.61,1.22,"N"
"31800",12.22788,103.05003,300.16,0.43,0.38,"2026-02-16",1851,"N20","nominal","2.0NRT",286.4,0.38,"N"
"31801",12.04913,103.91646,307.86,0.48,0.4,"2026-02-16",1851,"N20","nominal","2.0NRT",289.38,1.54,"N"
"31802",12.17485,103.10999,304.14,0.44,0.38,"2026-02-16",1851,"N20","nominal","2.0NRT",288.9,0.97,"N"
"31803",11.60262,106.29286,301.75,0.44,0.46,"2026-02-16",1851,"N20","nominal","2.0NRT",281.93,0.69,"N"
"31804",11.91389,104.33743,308.17,0.5,0.41,"2026-02-16",1851,"N20","nominal","2.0NRT",286.93,1.19,"N"
"31805",11.8712,104.45251,313.49,0.51,0.41,"2026-02-16",1851,"N20","nominal","2.0NRT",287.8,1.94,"N"
"31806",11.51214,106.50765,311.27,0.46,0.47,"2026-02-16",1851,"N20","nominal","2.0NRT",283,1.03,"N"
"31807",11.86912,104.44214,331.67,0.51,0.41,"2026-02-16",1851,"N20","nominal","2.0NRT",288.57,2.33,"N"
"31808",11.86827,104.44711,323.01,0.51,0.41,"2026-02-16",1851,"N20","nominal","2.0NRT",287.92,2.64,"N"
"31809",11.87076,104.43257,308.72,0.51,0.41,"2026-02-16",1851,"N20","nominal","2.0NRT",287.44,1.78,"N"
"31810",11.86998,104.43713,313.91,0.51,0.41,"2026-02-16",1851,"N20","nominal","2.0NRT",287.92,2.33,"N"
"31811",11.86627,104.43627,302.97,0.51,0.41,"2026-02-16",1851,"N20","nominal","2.0NRT",287.06,2.33,"N"
"31812",11.63628,104.3726,311.32,0.51,0.41,"2026-02-16",1851,"N20","nominal","2.0NRT",285.42,1.12,"N"
"31813",11.61456,104.23248,303.57,0.5,0.41,"2026-02-16",1851,"N20","nominal","2.0NRT",288.17,0.95,"N"
"31814",11.6034,104.13062,304.65,0.49,0.41,"2026-02-16",1851,"N20","nominal","2.0NRT",287.34,0.52,"N"
"31815",11.47467,104.79102,302.66,0.54,0.42,"2026-02-16",1851,"N20","nominal","2.0NRT",286.74,0.42,"N"
"31816",10.97435,107.44939,307.07,0.54,0.51,"2026-02-16",1851,"N20","nominal","2.0NRT",283.79,1.19,"N"
"31817",11.02189,106.84389,305.15,0.49,0.49,"2026-02-16",1851,"N20","nominal","2.0NRT",283.73,0.58,"N"
"31818",10.86944,107.61173,301.53,0.56,0.51,"2026-02-16",1851,"N20","nominal","2.0NRT",286.63,0.63,"N"
"31819",11.08466,106.36645,303.54,0.46,0.47,"2026-02-16",1851,"N20","nominal","2.0NRT",282.64,0.57,"N"
"31820",11.35933,104.71355,302.23,0.54,0.42,"2026-02-16",1851,"N20","nominal","2.0NRT",285.84,0.69,"N"
"31821",11.3555,104.71287,302.96,0.54,0.42,"2026-02-16",1851,"N20","nominal","2.0NRT",285.47,1.09,"N"
"31822",11.37662,104.52405,303.69,0.52,0.42,"2026-02-16",1851,"N20","nominal","2.0NRT",285.68,0.94,"N"
"31823",11.37499,104.53341,300.74,0.52,0.42,"2026-02-16",1851,"N20","nominal","2.0NRT",282.75,0.47,"N"
"31824",10.74738,107.71334,300.18,0.57,0.52,"2026-02-16",1851,"N20","nominal","2.0NRT",284.94,0.69,"N"
"31825",10.83246,106.22252,297.66,0.45,0.47,"2026-02-16",1851,"N20","nominal","2.0NRT",276.32,0.49,"N"
"31826",10.42177,108.39219,321.03,0.32,0.55,"2026-02-16",1851,"N20","nominal","2.0NRT",287.49,1.5,"N"
"31827",10.38558,108.50545,329.04,0.33,0.55,"2026-02-16",1851,"N20","nominal","2.0NRT",287.36,1.41,"N"
"31828",10.38504,108.50838,308.22,0.33,0.55,"2026-02-16",1851,"N20","nominal","2.0NRT",287.39,1.41,"N"
"31829",10.38144,108.36082,367,0.32,0.54,"2026-02-16",1851,"N20","high","2.0NRT",288.52,6.13,"N"
"31830",10.55833,107.03264,326.23,0.51,0.5,"2026-02-16",1851,"N20","nominal","2.0NRT",277.45,3.1,"N"
"31831",10.68692,104.5143,299.93,0.53,0.42,"2026-02-16",1851,"N20","nominal","2.0NRT",280.42,1.29,"N"
"31832",10.58192,98.79355,323.84,0.4,0.37,"2026-02-16",1851,"N20","nominal","2.0NRT",286.91,2.48,"N"
"31833",9.45989,101.08165,310.1,0.4,0.37,"2026-02-16",1851,"N20","nominal","2.0NRT",292.27,0.61,"N"
"31834",64.61764,120.18264,323.51,0.39,0.36,"2026-02-16",1836,"N20","nominal","2.0NRT",232.73,2.41,"N"
"31835",63.87078,122.70095,325.86,0.39,0.36,"2026-02-16",1836,"N20","nominal","2.0NRT",244.61,10.09,"N"
"31836",62.4993,113.90302,327.23,0.43,0.38,"2026-02-16",1838,"N20","nominal","2.0NRT",239.64,2.7,"N"
"31837",62.44408,113.66091,323.88,0.43,0.38,"2026-02-16",1838,"N20","nominal","2.0NRT",234.72,2.56,"N"
"31838",62.40533,113.58901,330.89,0.44,0.38,"2026-02-16",1838,"N20","nominal","2.0NRT",241.93,3.01,"N"
"31839",62.39448,113.49446,326.12,0.44,0.38,"2026-02-16",1838,"N20","nominal","2.0NRT",236.18,3.21,"N"
"31840",62.40265,113.3298,323.31,0.44,0.38,"2026-02-16",1838,"N20","nominal","2.0NRT",233.81,2.65,"N"
"31841",62.35187,113.76179,322.74,0.43,0.38,"2026-02-16",1838,"N20","nominal","2.0NRT",246.12,10.16,"N"
"31842",62.35628,113.69405,333.63,0.43,0.38,"2026-02-16",1838,"N20","nominal","2.0NRT",244.7,22.92,"N"
"31843",61.83247,113.5817,325.06,0.43,0.38,"2026-02-16",1838,"N20","nominal","2.0NRT",239.48,4.07,"N"
"31844",61.59555,113.05965,337.64,0.44,0.38,"2026-02-16",1838,"N20","nominal","2.0NRT",237.67,11.74,"N"
"31845",61.54332,113.16095,324.63,0.43,0.38,"2026-02-16",1838,"N20","nominal","2.0NRT",239.88,15.99,"N"
"31846",61.46275,113.00912,322.86,0.44,0.38,"2026-02-16",1838,"N20","nominal","2.0NRT",237.11,2.54,"N"
"31847",61.40434,112.88811,323.9,0.44,0.38,"2026-02-16",1838,"N20","nominal","2.0NRT",242.01,10.76,"N"
"31848",61.3487,112.80003,327.63,0.44,0.38,"2026-02-16",1838,"N20","nominal","2.0NRT",250.04,29.96,"N"
"31849",61.3443,112.80634,345.13,0.44,0.38,"2026-02-16",1838,"N20","nominal","2.0NRT",258.39,59.45,"N"
"31850",60.20956,109.93244,322.14,0.5,0.41,"2026-02-16",1838,"N20","nominal","2.0NRT",233.81,6.93,"N"
"31851",60.14876,109.08796,325.42,0.52,0.42,"2026-02-16",1838,"N20","nominal","2.0NRT",247.26,9.76,"N"
"31852",60.14788,109.09724,331.75,0.52,0.42,"2026-02-16",1838,"N20","nominal","2.0NRT",251.02,9.5,"N"
"31853",59.77232,109.2784,325.12,0.51,0.41,"2026-02-16",1838,"N20","nominal","2.0NRT",250.75,3.62,"N"
"31854",59.75909,109.37593,324.53,0.51,0.41,"2026-02-16",1838,"N20","nominal","2.0NRT",242.91,3.06,"N"
"31855",59.84465,108.40476,331.49,0.54,0.42,"2026-02-16",1838,"N20","nominal","2.0NRT",235.11,4.64,"N"
"31856",59.63856,108.12178,329.79,0.55,0.43,"2026-02-16",1838,"N20","nominal","2.0NRT",248.34,5.6,"N"
"31857",59.63898,108.12475,325.01,0.55,0.43,"2026-02-16",1838,"N20","nominal","2.0NRT",247.92,4.12,"N"
"31858",58.48151,107.02283,337.58,0.38,0.43,"2026-02-16",1838,"N20","nominal","2.0NRT",259.04,12.06,"N"
"31859",58.09587,106.55602,335.43,0.39,0.44,"2026-02-16",1838,"N20","nominal","2.0NRT",249.67,4.03,"N"
"31860",58.03514,106.54394,328.36,0.39,0.44,"2026-02-16",1838,"N20","nominal","2.0NRT",241.92,2.76,"N"
"31861",57.87878,105.8815,322.79,0.41,0.45,"2026-02-16",1838,"N20","nominal","2.0NRT",245.7,3.32,"N"
"31862",57.87413,105.88715,334.2,0.41,0.45,"2026-02-16",1838,"N20","nominal","2.0NRT",253.87,11.36,"N"
"31863",57.74208,105.94292,326.82,0.41,0.45,"2026-02-16",1838,"N20","nominal","2.0NRT",236.37,1.58,"N"
"31864",57.72688,106.03023,320.62,0.4,0.45,"2026-02-16",1838,"N20","nominal","2.0NRT",238.1,2.15,"N"
"31865",57.61734,105.68298,336.1,0.41,0.45,"2026-02-16",1840,"N20","nominal","2.0NRT",238.73,3.89,"N"
"31866",57.57125,105.87852,322.32,0.41,0.45,"2026-02-16",1840,"N20","nominal","2.0NRT",246.07,2.47,"N"
"31867",57.5675,105.92552,340.65,0.41,0.45,"2026-02-16",1840,"N20","nominal","2.0NRT",252.97,6.75,"N"
"31868",57.5634,105.92443,338.04,0.41,0.45,"2026-02-16",1840,"N20","nominal","2.0NRT",250.63,6.75,"N"
"31869",57.53495,105.86052,336.19,0.41,0.45,"2026-02-16",1840,"N20","nominal","2.0NRT",242.16,8.04,"N"
"31870",57.53442,105.86728,327.04,0.41,0.45,"2026-02-16",1840,"N20","nominal","2.0NRT",244.41,8.74,"N"
"31871",25.38695,68.58081,314.15,0.36,0.57,"2026-02-16",2029,"N20","nominal","2.0NRT",287.99,1.07,"N"
"31872",23.99041,79.39059,300.66,0.4,0.37,"2026-02-16",2029,"N20","nominal","2.0NRT",288.58,0.69,"N"
"31873",23.98977,79.39444,300.17,0.4,0.37,"2026-02-16",2029,"N20","nominal","2.0NRT",290.14,0.69,"N"
"31874",24.66235,74.63366,304.01,0.47,0.39,"2026-02-16",2029,"N20","nominal","2.0NRT",292.55,1.49,"N"
"31875",24.82062,73.09473,302.49,0.56,0.43,"2026-02-16",2029,"N20","nominal","2.0NRT",291.57,1.84,"N"
"31876",23.85315,79.66084,310.05,0.4,0.37,"2026-02-16",2029,"N20","nominal","2.0NRT",288.81,1.45,"N"
"31877",22.3817,87.27694,302.4,0.36,0.57,"2026-02-16",2029,"N20","nominal","2.0NRT",288.65,0.85,"N"
"31878",22.38095,87.28036,308.34,0.36,0.57,"2026-02-16",2029,"N20","nominal","2.0NRT",290.14,0.85,"N"
"31879",22.37579,87.27904,326.28,0.36,0.57,"2026-02-16",2029,"N20","nominal","2.0NRT",294.41,1.66,"N"
"31880",22.37654,87.27563,306.04,0.36,0.57,"2026-02-16",2029,"N20","nominal","2.0NRT",289.93,1.66,"N"
"31881",22.37129,87.29962,300.35,0.36,0.58,"2026-02-16",2029,"N20","nominal","2.0NRT",289.54,0.97,"N"
"31882",22.36612,87.29829,301.13,0.36,0.58,"2026-02-16",2029,"N20","nominal","2.0NRT",290.83,0.97,"N"
"31883",22.36537,87.30173,314.11,0.36,0.58,"2026-02-16",2029,"N20","nominal","2.0NRT",293.37,2.65,"N"
"31884",22.3573,87.28876,305.92,0.36,0.57,"2026-02-16",2029,"N20","nominal","2.0NRT",290.83,0.93,"N"
"31885",22.3857,87.06088,303.43,0.35,0.57,"2026-02-16",2029,"N20","nominal","2.0NRT",287.73,0.55,"N"
"31886",22.36828,87.0181,317.62,0.35,0.56,"2026-02-16",2029,"N20","nominal","2.0NRT",292.61,1.44,"N"
"31887",22.36319,87.01685,313.46,0.35,0.56,"2026-02-16",2029,"N20","nominal","2.0NRT",291.64,1.44,"N"
"31888",22.59052,85.90432,304.77,0.58,0.52,"2026-02-16",2029,"N20","nominal","2.0NRT",288.91,1.76,"N"
"31889",22.59077,85.90295,299.03,0.58,0.52,"2026-02-16",2029,"N20","nominal","2.0NRT",287.16,2.21,"N"
"31890",22.57305,85.89262,300.97,0.58,0.52,"2026-02-16",2029,"N20","nominal","2.0NRT",290.94,3.09,"N"
"31891",22.5719,85.89812,311.42,0.58,0.52,"2026-02-16",2029,"N20","nominal","2.0NRT",290.89,2.63,"N"
"31892",22.31651,87.09911,301.96,0.35,0.57,"2026-02-16",2029,"N20","nominal","2.0NRT",288.38,0.59,"N"
"31893",22.06269,88.12148,299.16,0.41,0.61,"2026-02-16",2029,"N20","nominal","2.0NRT",288.36,0.38,"N"
"31894",22.05635,88.12394,325.42,0.41,0.61,"2026-02-16",2029,"N20","nominal","2.0NRT",295.91,1.85,"N"
"31895",22.05546,88.12788,303.72,0.41,0.61,"2026-02-16",2029,"N20","nominal","2.0NRT",292.6,2.32,"N"
"31896",22.05088,88.12253,303.14,0.41,0.61,"2026-02-16",2029,"N20","nominal","2.0NRT",291.58,1.85,"N"
"31897",22.22558,87.14367,301.5,0.36,0.57,"2026-02-16",2029,"N20","nominal","2.0NRT",288.22,0.59,"N"
"31898",23.1675,82.34073,336.8,0.53,0.42,"2026-02-16",2029,"N20","nominal","2.0NRT",293.16,5.2,"N"
"31899",23.16467,82.33482,329.15,0.53,0.42,"2026-02-16",2029,"N20","nominal","2.0NRT",291.41,3.05,"N"
"31900",23.16371,82.33997,314.34,0.53,0.42,"2026-02-16",2029,"N20","nominal","2.0NRT",290.85,3.05,"N"
"31901",24.99416,66.93114,301.64,0.45,0.63,"2026-02-16",2029,"N20","nominal","2.0NRT",287.64,0.45,"N"
"31902",22.31519,84.76556,296.15,0.5,0.49,"2026-02-16",2029,"N20","nominal","2.0NRT",285.15,0.47,"N"
"31903",22.21574,84.87564,298.95,0.51,0.5,"2026-02-16",2029,"N20","nominal","2.0NRT",288.28,2.5,"N"
"31904",22.21226,84.86971,323.96,0.51,0.49,"2026-02-16",2029,"N20","nominal","2.0NRT",288.8,2.5,"N"
"31905",22.20978,84.85894,298.38,0.51,0.49,"2026-02-16",2029,"N20","nominal","2.0NRT",287.01,1.6,"N"
"31906",22.22246,84.75093,299.94,0.5,0.49,"2026-02-16",2029,"N20","nominal","2.0NRT",287.77,1.17,"N"
"31907",22.22149,84.75569,303.65,0.5,0.49,"2026-02-16",2029,"N20","nominal","2.0NRT",288.4,1.17,"N"
"31908",22.21705,84.75465,302.85,0.5,0.49,"2026-02-16",2029,"N20","nominal","2.0NRT",287.43,1.17,"N"
"31909",22.20825,84.54993,299.37,0.49,0.48,"2026-02-16",2029,"N20","nominal","2.0NRT",287.25,1.24,"N"
"31910",22.08545,84.86338,295.15,0.51,0.5,"2026-02-16",2029,"N20","nominal","2.0NRT",285.07,0.58,"N"
"31911",21.96846,85.31313,298.17,0.55,0.51,"2026-02-16",2029,"N20","nominal","2.0NRT",283.56,0.84,"N"
"31912",21.93099,85.22125,310.6,0.55,0.51,"2026-02-16",2029,"N20","nominal","2.0NRT",286.96,1.88,"N"
"31913",21.92639,85.22022,295.53,0.55,0.51,"2026-02-16",2029,"N20","nominal","2.0NRT",284.61,1.26,"N"
"31914",21.92532,85.22545,298.62,0.55,0.51,"2026-02-16",2029,"N20","nominal","2.0NRT",284.97,1.29,"N"
"31915",22.33208,82.60725,303.1,0.56,0.43,"2026-02-16",2029,"N20","nominal","2.0NRT",290.2,1.57,"N"
"31916",22.33422,82.57447,327.54,0.56,0.43,"2026-02-16",2029,"N20","nominal","2.0NRT",291.37,3.36,"N"
"31917",22.36147,82.30247,315.52,0.54,0.42,"2026-02-16",2029,"N20","nominal","2.0NRT",290.97,2.51,"N"
"31918",22.31903,82.52673,302.94,0.55,0.43,"2026-02-16",2029,"N20","nominal","2.0NRT",291.87,1.87,"N"
"31919",22.31803,82.53203,307.34,0.56,0.43,"2026-02-16",2029,"N20","nominal","2.0NRT",293.6,2.64,"N"
"31920",22.35765,82.30166,318.97,0.54,0.42,"2026-02-16",2029,"N20","nominal","2.0NRT",291.23,2.02,"N"
"31921",22.35668,82.30679,314.33,0.54,0.42,"2026-02-16",2029,"N20","nominal","2.0NRT",290.29,2.02,"N"
"31922",22.31415,82.5312,305.2,0.56,0.43,"2026-02-16",2029,"N20","nominal","2.0NRT",291,1.6,"N"
"31923",22.35285,82.30597,302.52,0.54,0.42,"2026-02-16",2029,"N20","nominal","2.0NRT",287.25,2.02,"N"
"31924",22.31128,82.52508,301.64,0.55,0.43,"2026-02-16",2029,"N20","nominal","2.0NRT",289.5,2.16,"N"
"31925",22.06426,83.70592,300.09,0.44,0.46,"2026-02-16",2029,"N20","nominal","2.0NRT",286.46,0.91,"N"
"31926",22.06094,83.72255,301.72,0.44,0.46,"2026-02-16",2029,"N20","nominal","2.0NRT",289.71,0.65,"N"
"31927",22.04257,83.72709,341.31,0.44,0.46,"2026-02-16",2029,"N20","nominal","2.0NRT",293,10.69,"N"
"31928",22.04173,83.73127,338.6,0.44,0.46,"2026-02-16",2029,"N20","nominal","2.0NRT",301.43,10.69,"N"
"31929",22.0409,83.73544,323.43,0.44,0.46,"2026-02-16",2029,"N20","nominal","2.0NRT",293.82,2.6,"N"
"31930",22.04006,83.73961,302.33,0.44,0.46,"2026-02-16",2029,"N20","nominal","2.0NRT",292.04,2.6,"N"
"31931",22.48034,81.43935,295.42,0.49,0.4,"2026-02-16",2029,"N20","nominal","2.0NRT",285.31,0.6,"N"
"31932",22.04612,83.72876,300.4,0.44,0.46,"2026-02-16",2029,"N20","nominal","2.0NRT",287.98,0.75,"N"
"31933",22.04531,83.73296,301.31,0.44,0.46,"2026-02-16",2029,"N20","nominal","2.0NRT",291.27,0.75,"N"
"31934",22.04195,83.72778,344.25,0.44,0.46,"2026-02-16",2029,"N20","nominal","2.0NRT",297.3,5.73,"N"
"31935",22.04114,83.73196,341.01,0.44,0.46,"2026-02-16",2029,"N20","nominal","2.0NRT",299.14,5.73,"N"
"31936",22.04033,83.73613,322.44,0.44,0.46,"2026-02-16",2029,"N20","nominal","2.0NRT",293.16,4.28,"N"
"31937",22.03778,83.7268,296.7,0.44,0.46,"2026-02-16",2029,"N20","nominal","2.0NRT",286.48,5.73,"N"
"31938",22.03697,83.73097,302.69,0.44,0.46,"2026-02-16",2029,"N20","nominal","2.0NRT",288.85,5.73,"N"
"31939",22.01871,83.75749,307.67,0.44,0.46,"2026-02-16",2029,"N20","nominal","2.0NRT",290.27,1.87,"N"
"31940",22.01788,83.76173,319.5,0.44,0.46,"2026-02-16",2029,"N20","nominal","2.0NRT",288.11,1.87,"N"
"31941",22.01535,83.75229,301.36,0.44,0.46,"2026-02-16",2029,"N20","nominal","2.0NRT",287.44,1.93,"N"
"31942",22.10719,83.12498,300.38,0.4,0.44,"2026-02-16",2029,"N20","nominal","2.0NRT",288.06,0.61,"N"
"31943",22.03816,83.34917,316.58,0.42,0.45,"2026-02-16",2029,"N20","nominal","2.0NRT",288.85,1.48,"N"
"31944",22.03738,83.35314,306.5,0.42,0.45,"2026-02-16",2029,"N20","nominal","2.0NRT",291.07,2.75,"N"
"31945",22.03093,83.36423,307.21,0.42,0.45,"2026-02-16",2029,"N20","nominal","2.0NRT",289.78,2.34,"N"
"31946",22.02226,83.30025,297.81,0.41,0.45,"2026-02-16",2029,"N20","nominal","2.0NRT",287.35,0.77,"N"
"31947",21.98499,83.36754,307.36,0.42,0.45,"2026-02-16",2029,"N20","nominal","2.0NRT",290.25,0.74,"N"
"31948",21.98561,83.2321,314.51,0.41,0.45,"2026-02-16",2029,"N20","nominal","2.0NRT",294.16,1.81,"N"
"31949",21.82258,83.99651,309.1,0.46,0.47,"2026-02-16",2029,"N20","nominal","2.0NRT",289.83,1.76,"N"
"31950",21.81831,83.99555,300.55,0.46,0.47,"2026-02-16",2029,"N20","nominal","2.0NRT",289.06,0.84,"N"
"31951",21.97062,83.20032,300.62,0.41,0.45,"2026-02-16",2029,"N20","nominal","2.0NRT",290.45,0.65,"N"
"31952",21.92435,83.34997,317.29,0.42,0.45,"2026-02-16",2029,"N20","nominal","2.0NRT",293.62,2.8,"N"
"31953",21.79699,83.99067,299.26,0.46,0.47,"2026-02-16",2029,"N20","nominal","2.0NRT",288.36,0.47,"N"
"31954",21.92026,83.34907,331.32,0.42,0.45,"2026-02-16",2029,"N20","nominal","2.0NRT",295.23,3.74,"N"
"31955",21.91948,83.35304,312.67,0.42,0.45,"2026-02-16",2029,"N20","nominal","2.0NRT",295.63,2.58,"N"
"31956",21.87961,83.55474,309.84,0.43,0.46,"2026-02-16",2029,"N20","nominal","2.0NRT",289.56,1.63,"N"
"31957",22.15407,82.09467,303.5,0.53,0.42,"2026-02-16",2029,"N20","nominal","2.0NRT",289.67,1.08,"N"
"31958",21.87851,83.49497,308.92,0.43,0.46,"2026-02-16",2029,"N20","nominal","2.0NRT",288.97,1.34,"N"
"31959",21.77287,84.0217,310.81,0.46,0.47,"2026-02-16",2029,"N20","nominal","2.0NRT",289.88,2.04,"N"
"31960",21.7686,84.02071,307.47,0.46,0.47,"2026-02-16",2029,"N20","nominal","2.0NRT",291.7,2.5,"N"
"31961",21.76432,84.01974,311.06,0.46,0.47,"2026-02-16",2029,"N20","nominal","2.0NRT",293.41,2.5,"N"
"31962",21.76344,84.02411,314.72,0.46,0.47,"2026-02-16",2029,"N20","nominal","2.0NRT",291.04,2.36,"N"
"31963",21.87672,83.49527,310.24,0.43,0.46,"2026-02-16",2029,"N20","nominal","2.0NRT",289.92,1.67,"N"
"31964",21.77127,84.01809,302.82,0.46,0.47,"2026-02-16",2029,"N20","nominal","2.0NRT",291.27,1.35,"N"
"31965",21.77041,84.02247,304.47,0.46,0.47,"2026-02-16",2029,"N20","nominal","2.0NRT",290.05,1.35,"N"
"31966",21.76699,84.01711,312.84,0.46,0.47,"2026-02-16",2029,"N20","nominal","2.0NRT",291.92,2.59,"N"
"31967",21.76186,84.02049,309.05,0.46,0.47,"2026-02-16",2029,"N20","nominal","2.0NRT",293.81,2.59,"N"
"31968",21.76101,84.02487,308.04,0.46,0.47,"2026-02-16",2029,"N20","nominal","2.0NRT",290.31,2.12,"N"
"31969",21.75673,84.0239,328.81,0.46,0.47,"2026-02-16",2029,"N20","nominal","2.0NRT",294.66,4.51,"N"
"31970",22.00414,82.67033,313.96,0.57,0.43,"2026-02-16",2029,"N20","nominal","2.0NRT",291.84,2.94,"N"
"31971",21.7796,83.83908,311.57,0.45,0.47,"2026-02-16",2029,"N20","nominal","2.0NRT",291.3,1.86,"N"
"31972",21.75338,83.97272,303.35,0.46,0.47,"2026-02-16",2029,"N20","nominal","2.0NRT",288.88,1.02,"N"
"31973",21.77623,83.83378,306.69,0.45,0.47,"2026-02-16",2029,"N20","nominal","2.0NRT",289.81,2.75,"N"
"31974",21.77538,83.83809,308.36,0.45,0.47,"2026-02-16",2029,"N20","nominal","2.0NRT",290.81,1.4,"N"
"31975",21.74824,83.97622,307.85,0.46,0.47,"2026-02-16",2029,"N20","nominal","2.0NRT",289.06,0.97,"N"
"31976",21.84951,83.4133,300.42,0.42,0.45,"2026-02-16",2029,"N20","nominal","2.0NRT",289.28,0.84,"N"
"31977",21.75255,83.84184,310.94,0.45,0.47,"2026-02-16",2029,"N20","nominal","2.0NRT",289.64,1.71,"N"
"31978",21.71295,84.04163,297.86,0.46,0.47,"2026-02-16",2029,"N20","nominal","2.0NRT",287.21,0.53,"N"
"31979",21.74833,83.84083,301.89,0.45,0.47,"2026-02-16",2029,"N20","nominal","2.0NRT",289.21,1.64,"N"
"31980",21.74919,83.81419,324.47,0.45,0.47,"2026-02-16",2029,"N20","nominal","2.0NRT",291.08,3.74,"N"
"31981",21.74496,83.81328,302.13,0.45,0.47,"2026-02-16",2029,"N20","nominal","2.0NRT",289.05,2.09,"N"
"31982",21.6967,84.0333,300.04,0.46,0.47,"2026-02-16",2029,"N20","nominal","2.0NRT",287.78,0.92,"N"
"31983",22.81822,77.73883,304.82,0.38,0.36,"2026-02-16",2029,"N20","nominal","2.0NRT",290.98,0.37,"N"
"31984",22.81493,77.73822,304.31,0.38,0.36,"2026-02-16",2029,"N20","nominal","2.0NRT",291.78,0.54,"N"
"31985",21.68206,84.03924,302.67,0.47,0.47,"2026-02-16",2029,"N20","nominal","2.0NRT",290.01,1.67,"N"
"31986",22.81164,77.73762,304.12,0.38,0.36,"2026-02-16",2029,"N20","nominal","2.0NRT",291.69,0.54,"N"
"31987",21.67778,84.03825,317.49,0.47,0.47,"2026-02-16",2029,"N20","nominal","2.0NRT",290.97,1.67,"N"
"31988",21.67261,84.04163,303.89,0.47,0.47,"2026-02-16",2029,"N20","nominal","2.0NRT",290.45,1.16,"N"
"31989",22.01662,82.17901,308.09,0.54,0.42,"2026-02-16",2029,"N20","nominal","2.0NRT",289.95,1.83,"N"
"31990",22.81163,77.56599,322.97,0.38,0.36,"2026-02-16",2029,"N20","nominal","2.0NRT",292.84,1.48,"N"
"31991",22.81221,77.56229,308.57,0.38,0.36,"2026-02-16",2029,"N20","nominal","2.0NRT",291.61,1.48,"N"
"31992",22.81105,77.5697,304.26,0.38,0.36,"2026-02-16",2029,"N20","nominal","2.0NRT",291.66,0.88,"N"
"31993",22.01865,82.17843,305.01,0.54,0.42,"2026-02-16",2029,"N20","nominal","2.0NRT",289.59,1.85,"N"
"31994",23.4099,72.41675,299.42,0.39,0.44,"2026-02-16",2029,"N20","nominal","2.0NRT",287.44,0.43,"N"
"31995",21.63973,83.12558,298.79,0.41,0.45,"2026-02-16",2029,"N20","nominal","2.0NRT",284.27,0.37,"N"
"31996",20.83096,86.96288,303.77,0.37,0.58,"2026-02-16",2029,"N20","nominal","2.0NRT",291.61,1.08,"N"
"31997",20.83194,86.9631,304.4,0.37,0.58,"2026-02-16",2029,"N20","nominal","2.0NRT",291.46,0.89,"N"
"31998",21.8022,82.03768,299.14,0.53,0.42,"2026-02-16",2029,"N20","nominal","2.0NRT",289.04,1.43,"N"
"31999",21.00378,86.02514,301.79,0.32,0.55,"2026-02-16",2029,"N20","nominal","2.0NRT",289.38,1.04,"N"
"32000",20.99586,86.01368,337.23,0.32,0.55,"2026-02-16",2029,"N20","nominal","2.0NRT",291.65,2.93,"N"
"32001",20.99649,86.01066,302.05,0.32,0.55,"2026-02-16",2029,"N20","nominal","2.0NRT",290.31,1.98,"N"
"32002",20.96998,86.01391,333.01,0.32,0.55,"2026-02-16",2029,"N20","nominal","2.0NRT",294.61,3.22,"N"
"32003",20.97254,86.00182,308.94,0.32,0.55,"2026-02-16",2029,"N20","nominal","2.0NRT",292.77,1.58,"N"
"32004",20.9687,86.01994,312.47,0.32,0.55,"2026-02-16",2029,"N20","nominal","2.0NRT",292.26,1.44,"N"
"32005",20.96635,86.00663,336.79,0.32,0.55,"2026-02-16",2029,"N20","nominal","2.0NRT",292.51,1.97,"N"
"32006",20.96571,86.00966,320.85,0.32,0.55,"2026-02-16",2029,"N20","nominal","2.0NRT",294.45,1.97,"N"
"32007",20.96507,86.01266,323.62,0.32,0.55,"2026-02-16",2029,"N20","nominal","2.0NRT",293.83,3.1,"N"
"32008",22.7907,75.84093,312.36,0.41,0.37,"2026-02-16",2029,"N20","nominal","2.0NRT",289.33,0.68,"N"
"32009",20.967,86.00361,305.17,0.32,0.55,"2026-02-16",2029,"N20","nominal","2.0NRT",294.26,2.03,"N"
"32010",20.95245,86.04768,337.13,0.32,0.55,"2026-02-16",2029,"N20","nominal","2.0NRT",292.62,2.9,"N"
"32011",20.96145,86.00542,305.35,0.32,0.55,"2026-02-16",2029,"N20","nominal","2.0NRT",289.84,1.97,"N"
"32012",20.94423,86.06191,301.81,0.32,0.55,"2026-02-16",2029,"N20","nominal","2.0NRT",290.99,1.25,"N"
"32013",22.66788,76.53202,299.79,0.39,0.36,"2026-02-16",2029,"N20","nominal","2.0NRT",289.72,0.74,"N"
"32014",22.66455,76.53143,308.65,0.39,0.36,"2026-02-16",2029,"N20","nominal","2.0NRT",290.57,0.74,"N"
"32015",21.67277,82.08167,309.78,0.54,0.42,"2026-02-16",2029,"N20","nominal","2.0NRT",294.4,1.78,"N"
"32016",21.63168,82.11016,300.44,0.54,0.42,"2026-02-16",2029,"N20","nominal","2.0NRT",290.44,1,"N"
"32017",22.61198,76.15426,303.96,0.4,0.37,"2026-02-16",2029,"N20","nominal","2.0NRT",290.12,0.38,"N"
"32018",22.59404,76.18263,302.1,0.4,0.37,"2026-02-16",2029,"N20","nominal","2.0NRT",291.19,0.5,"N"
"32019",20.97894,85.16766,305.92,0.56,0.52,"2026-02-16",2029,"N20","nominal","2.0NRT",291.44,1.44,"N"
"32020",20.97783,85.17291,307.09,0.56,0.52,"2026-02-16",2029,"N20","nominal","2.0NRT",290.78,1.44,"N"
"32021",20.97763,85.16573,303.83,0.56,0.52,"2026-02-16",2029,"N20","nominal","2.0NRT",291.95,1.55,"N"
"32022",20.97656,85.171,314.62,0.57,0.52,"2026-02-16",2029,"N20","nominal","2.0NRT",292.61,3.31,"N"
"32023",20.97083,85.17513,344.19,0.57,0.52,"2026-02-16",2029,"N20","nominal","2.0NRT",297.06,4.01,"N"
"32024",20.97945,85.13276,309.97,0.56,0.52,"2026-02-16",2029,"N20","nominal","2.0NRT",292.41,3.16,"N"
"32025",20.9719,85.16988,303.18,0.57,0.52,"2026-02-16",2029,"N20","nominal","2.0NRT",292.02,4.01,"N"
"32026",20.97048,85.15287,323.12,0.56,0.52,"2026-02-16",2029,"N20","nominal","2.0NRT",293.4,4.2,"N"
"32027",20.96725,85.16872,321.18,0.57,0.52,"2026-02-16",2029,"N20","nominal","2.0NRT",293.31,4.01,"N"
"32028",20.964,85.18466,330.55,0.57,0.52,"2026-02-16",2029,"N20","nominal","2.0NRT",293.67,3.66,"N"
"32029",21.62088,81.7921,298.76,0.52,0.41,"2026-02-16",2029,"N20","nominal","2.0NRT",288.3,1.25,"N"
"32030",20.96617,85.17402,310.62,0.57,0.52,"2026-02-16",2029,"N20","nominal","2.0NRT",293.17,4.01,"N"
"32031",20.96509,85.17931,303.77,0.57,0.52,"2026-02-16",2029,"N20","nominal","2.0NRT",292.85,3.66,"N"
"32032",20.96289,85.19007,313.6,0.57,0.52,"2026-02-16",2029,"N20","nominal","2.0NRT",295.42,4.89,"N"
"32033",20.96259,85.16757,323.31,0.57,0.52,"2026-02-16",2029,"N20","nominal","2.0NRT",293.74,2.98,"N"
"32034",20.96367,85.16232,302.63,0.56,0.52,"2026-02-16",2029,"N20","nominal","2.0NRT",291.93,1.81,"N"
"32035",20.96151,85.17288,316.48,0.57,0.52,"2026-02-16",2029,"N20","nominal","2.0NRT",293.45,2.98,"N"
"32036",23.3125,70.20013,301.31,0.53,0.5,"2026-02-16",2029,"N20","nominal","2.0NRT",288.69,0.97,"N"
"32037",20.96029,85.0126,301.41,0.55,0.51,"2026-02-16",2029,"N20","nominal","2.0NRT",289.78,1.78,"N"
"32038",20.95675,85.00626,316.37,0.55,0.51,"2026-02-16",2029,"N20","nominal","2.0NRT",288.95,2.38,"N"
"32039",20.95568,85.01146,312.65,0.55,0.51,"2026-02-16",2029,"N20","nominal","2.0NRT",290.4,3.8,"N"
"32040",23.43129,68.71064,306.31,0.33,0.55,"2026-02-16",2029,"N20","nominal","2.0NRT",290.97,1.13,"N"
"32041",23.26874,70.25755,299.48,0.53,0.5,"2026-02-16",2029,"N20","nominal","2.0NRT",288.52,0.72,"N"
"32042",20.91584,85.03992,307,0.56,0.51,"2026-02-16",2029,"N20","nominal","2.0NRT",289.58,1.53,"N"
"32043",21.56154,81.75397,300.79,0.52,0.41,"2026-02-16",2029,"N20","nominal","2.0NRT",290.67,1.62,"N"
"32044",20.91348,85.03819,299.84,0.56,0.51,"2026-02-16",2029,"N20","nominal","2.0NRT",288.48,1.67,"N"
"32045",20.88596,84.98268,307.67,0.55,0.51,"2026-02-16",2029,"N20","nominal","2.0NRT",291.42,2.2,"N"
"32046",20.88135,84.98154,302.65,0.55,0.51,"2026-02-16",2029,"N20","nominal","2.0NRT",290.61,1.29,"N"
"32047",20.87002,84.98963,304.4,0.55,0.51,"2026-02-16",2029,"N20","nominal","2.0NRT",292.53,2.43,"N"
"32048",20.86428,84.99403,301.85,0.55,0.51,"2026-02-16",2029,"N20","nominal","2.0NRT",291.45,3.08,"N"
"32049",20.81057,85.25523,305.92,0.58,0.52,"2026-02-16",2029,"N20","nominal","2.0NRT",292.22,1.23,"N"
"32050",21.4886,81.76762,310.34,0.52,0.42,"2026-02-16",2029,"N20","nominal","2.0NRT",290.91,2.32,"N"
"32051",20.80588,85.25406,302.4,0.58,0.52,"2026-02-16",2029,"N20","nominal","2.0NRT",292.25,1.77,"N"
"32052",20.79648,85.25179,335.43,0.58,0.52,"2026-02-16",2029,"N20","nominal","2.0NRT",292.24,4.96,"N"
"32053",21.79169,80.01792,320.6,0.43,0.38,"2026-02-16",2029,"N20","nominal","2.0NRT",288.38,1.81,"N"
"32054",20.78838,85.26705,307.7,0.58,0.52,"2026-02-16",2029,"N20","nominal","2.0NRT",292.38,1.99,"N"
"32055",20.78479,85.26054,302.3,0.58,0.52,"2026-02-16",2029,"N20","nominal","2.0NRT",292.2,1.75,"N"
"32056",20.76272,85.29519,306.86,0.58,0.52,"2026-02-16",2029,"N20","nominal","2.0NRT",292.88,3.26,"N"
"32057",22.90101,72.42252,306.42,0.39,0.44,"2026-02-16",2029,"N20","nominal","2.0NRT",289.95,1.13,"N"
"32058",21.37973,81.68124,306.7,0.52,0.41,"2026-02-16",2029,"N20","nominal","2.0NRT",291.94,2.1,"N"
"32059",21.37598,81.68044,311.05,0.52,0.41,"2026-02-16",2029,"N20","nominal","2.0NRT",293.62,2.1,"N"
"32060",21.37132,81.68454,303.44,0.52,0.41,"2026-02-16",2029,"N20","nominal","2.0NRT",292.73,1.73,"N"
"32061",21.36473,81.67805,305.57,0.52,0.41,"2026-02-16",2029,"N20","nominal","2.0NRT",291.22,1.55,"N"
"32062",21.36551,81.65288,305.19,0.51,0.41,"2026-02-16",2029,"N20","nominal","2.0NRT",292.42,1.38,"N"
"32063",21.34778,81.66438,310.19,0.52,0.41,"2026-02-16",2029,"N20","nominal","2.0NRT",291.39,1.64,"N"
"32064",21.34702,81.66676,308.23,0.52,0.41,"2026-02-16",2029,"N20","nominal","2.0NRT",290.96,2.06,"N"
"32065",21.34238,81.67088,304.15,0.52,0.41,"2026-02-16",2029,"N20","nominal","2.0NRT",289.7,0.97,"N"
"32066",21.21322,82.13693,301.29,0.55,0.43,"2026-02-16",2029,"N20","nominal","2.0NRT",289.54,1.5,"N"
"32067",21.30988,81.59308,306.7,0.51,0.41,"2026-02-16",2029,"N20","nominal","2.0NRT",291.73,0.84,"N"
"32068",21.29403,81.5948,302.38,0.51,0.41,"2026-02-16",2029,"N20","nominal","2.0NRT",289.26,0.75,"N"
"32069",21.29224,81.60452,299.48,0.51,0.41,"2026-02-16",2029,"N20","nominal","2.0NRT",288.96,0.42,"N"
"32070",21.24622,81.76845,304.23,0.52,0.42,"2026-02-16",2029,"N20","nominal","2.0NRT",290.05,1.05,"N"
"32071",22.26659,75.13412,307.63,0.42,0.38,"2026-02-16",2029,"N20","nominal","2.0NRT",294.43,1.09,"N"
"32072",22.9339,69.70358,305.85,0.57,0.52,"2026-02-16",2029,"N20","nominal","2.0NRT",290.41,1.52,"N"
"32073",21.19517,81.39191,303.59,0.5,0.41,"2026-02-16",2029,"N20","nominal","2.0NRT",292.93,1.86,"N"
"32074",21.18776,81.39036,313.92,0.5,0.41,"2026-02-16",2029,"N20","nominal","2.0NRT",295.27,2.92,"N"
"32075",21.18493,81.38484,304.33,0.5,0.41,"2026-02-16",2029,"N20","nominal","2.0NRT",294.14,1.29,"N"
"32076",21.18122,81.38407,303.67,0.5,0.41,"2026-02-16",2029,"N20","nominal","2.0NRT",293.37,1.29,"N"
"32077",21.18288,81.38668,310.96,0.5,0.41,"2026-02-16",2029,"N20","nominal","2.0NRT",295.21,3.35,"N"
"32078",21.19487,81.2131,300.88,0.49,0.4,"2026-02-16",2029,"N20","nominal","2.0NRT",290.87,1.44,"N"
"32079",21.19004,81.19759,300.1,0.49,0.4,"2026-02-16",2029,"N20","nominal","2.0NRT",289.46,0.94,"N"
"32080",21.2357,79.62994,305.42,0.42,0.38,"2026-02-16",2029,"N20","nominal","2.0NRT",290.51,0.95,"N"
"32081",21.23227,79.62927,305.25,0.42,0.38,"2026-02-16",2029,"N20","nominal","2.0NRT",292.56,0.95,"N"
"32082",21.3378,78.96523,303.58,0.4,0.37,"2026-02-16",2029,"N20","nominal","2.0NRT",289.09,0.8,"N"
"32083",21.33715,78.96906,305.87,0.4,0.37,"2026-02-16",2029,"N20","nominal","2.0NRT",290.51,0.8,"N"
"32084",21.28236,79.14991,304.11,0.41,0.37,"2026-02-16",2029,"N20","nominal","2.0NRT",288.96,1.23,"N"
"32085",21.25152,79.20824,305.71,0.41,0.37,"2026-02-16",2029,"N20","nominal","2.0NRT",291.71,1.11,"N"
"32086",21.24548,79.22319,315.05,0.41,0.37,"2026-02-16",2029,"N20","nominal","2.0NRT",293.37,2.01,"N"
"32087",21.24076,79.23035,313.02,0.41,0.37,"2026-02-16",2029,"N20","nominal","2.0NRT",292.61,1.82,"N"
"32088",22.41884,69.0412,301.52,0.62,0.54,"2026-02-16",2029,"N20","nominal","2.0NRT",291.32,1.09,"N"
"32089",22.31412,69.85737,302.62,0.54,0.51,"2026-02-16",2029,"N20","nominal","2.0NRT",289.55,0.93,"N"
"32090",21.54404,75.557,311.41,0.41,0.37,"2026-02-16",2029,"N20","nominal","2.0NRT",292.61,0.96,"N"
"32091",20.26341,82.77908,306.94,0.41,0.45,"2026-02-16",2029,"N20","nominal","2.0NRT",287.73,0.61,"N"
"32092",20.26398,82.78054,302.75,0.41,0.45,"2026-02-16",2029,"N20","nominal","2.0NRT",288.18,0.83,"N"
"32093",21.25672,76.5658,303.55,0.39,0.36,"2026-02-16",2029,"N20","nominal","2.0NRT",292.59,0.54,"N"
"32094",21.79622,72.64937,303.31,0.55,0.42,"2026-02-16",2029,"N20","nominal","2.0NRT",289.6,0.77,"N"
"32095",21.54725,74.52887,303.28,0.44,0.38,"2026-02-16",2029,"N20","nominal","2.0NRT",290.23,0.6,"N"
"32096",21.21276,76.52057,325.17,0.39,0.36,"2026-02-16",2029,"N20","nominal","2.0NRT",293.72,1.87,"N"
"32097",21.33504,74.92518,301.46,0.42,0.38,"2026-02-16",2029,"N20","nominal","2.0NRT",290.4,0.64,"N"
"32098",20.70304,78.62085,303.49,0.4,0.37,"2026-02-16",2029,"N20","nominal","2.0NRT",292.65,1.2,"N"
"32099",20.69716,78.63537,306.06,0.4,0.37,"2026-02-16",2029,"N20","nominal","2.0NRT",292.25,1.39,"N"
"32100",20.66014,78.49281,305.34,0.4,0.37,"2026-02-16",2029,"N20","nominal","2.0NRT",293.45,1.1,"N"
"32101",21.43505,72.9764,306.31,0.52,0.41,"2026-02-16",2029,"N20","nominal","2.0NRT",290.48,0.98,"N"
"32102",19.94602,82.26374,297.63,0.39,0.44,"2026-02-16",2029,"N20","nominal","2.0NRT",285.3,0.24,"N"
"32103",19.91676,82.25469,295.52,0.39,0.44,"2026-02-16",2029,"N20","nominal","2.0NRT",285.38,0.39,"N"
"32104",19.90364,82.23643,300.59,0.39,0.44,"2026-02-16",2029,"N20","nominal","2.0NRT",286.18,0.73,"N"
"32105",19.89244,82.23021,296.88,0.39,0.44,"2026-02-16",2029,"N20","nominal","2.0NRT",283.77,0.65,"N"
"32106",19.86661,82.30183,298.03,0.39,0.44,"2026-02-16",2029,"N20","nominal","2.0NRT",285.54,0.39,"N"
"32107",21.25305,73.07154,311.43,0.51,0.41,"2026-02-16",2029,"N20","nominal","2.0NRT",290.91,1.52,"N"
"32108",21.47299,71.20809,303.71,0.44,0.46,"2026-02-16",2029,"N20","nominal","2.0NRT",290.19,1.2,"N"
"32109",21.10905,72.64639,321.37,0.54,0.42,"2026-02-16",2031,"N20","nominal","2.0NRT",296.5,4.06,"N"
"32110",21.1104,72.6361,312.75,0.54,0.42,"2026-02-16",2031,"N20","nominal","2.0NRT",295.71,3.73,"N"
"32111",21.10519,72.64581,331.36,0.54,0.42,"2026-02-16",2031,"N20","nominal","2.0NRT",299.6,36.15,"N"
"32112",19.50779,82.60141,302.42,0.42,0.45,"2026-02-16",2031,"N20","nominal","2.0NRT",286.74,0.74,"N"
"32113",21.10268,72.63495,335.32,0.54,0.42,"2026-02-16",2031,"N20","nominal","2.0NRT",294.76,12.52,"N"
"32114",20.82614,73.93225,306.21,0.46,0.39,"2026-02-16",2031,"N20","nominal","2.0NRT",290.92,0.85,"N"
"32115",20.82545,73.93718,304.91,0.46,0.39,"2026-02-16",2031,"N20","nominal","2.0NRT",287.48,0.85,"N"
"32116",20.46397,76.35171,305.51,0.39,0.36,"2026-02-16",2031,"N20","nominal","2.0NRT",289.85,0.61,"N"
"32117",20.80393,73.93383,305.31,0.46,0.39,"2026-02-16",2031,"N20","nominal","2.0NRT",290.76,1.04,"N"
"32118",19.96266,79.33429,320.09,0.42,0.38,"2026-02-16",2031,"N20","nominal","2.0NRT",292.47,1.56,"N"
"32119",19.92876,79.12089,304.42,0.42,0.37,"2026-02-16",2031,"N20","nominal","2.0NRT",292.4,1.79,"N"
"32120",19.78694,79.14732,310.25,0.42,0.38,"2026-02-16",2031,"N20","nominal","2.0NRT",295.83,1.6,"N"
"32121",20.90897,71.45999,304.71,0.42,0.45,"2026-02-16",2031,"N20","nominal","2.0NRT",292.57,1.45,"N"
"32122",19.78732,79.06212,303.47,0.42,0.37,"2026-02-16",2031,"N20","nominal","2.0NRT",291.7,0.74,"N"
"32123",19.80338,78.86411,303.51,0.41,0.37,"2026-02-16",2031,"N20","nominal","2.0NRT",291.8,0.57,"N"
"32124",19.72207,79.17572,304.1,0.42,0.38,"2026-02-16",2031,"N20","nominal","2.0NRT",293.06,0.68,"N"
"32125",19.10287,82.16378,315.34,0.4,0.44,"2026-02-16",2031,"N20","nominal","2.0NRT",287.56,1.36,"N"
"32126",19.10217,82.1675,306.71,0.4,0.44,"2026-02-16",2031,"N20","nominal","2.0NRT",290.41,1.36,"N"
"32127",19.09816,82.16665,313.38,0.4,0.44,"2026-02-16",2031,"N20","nominal","2.0NRT",289.2,1.36,"N"
"32128",18.92958,82.32304,299.37,0.41,0.45,"2026-02-16",2031,"N20","nominal","2.0NRT",287.68,0.4,"N"
"32129",20.20701,73.84612,304.08,0.46,0.39,"2026-02-16",2031,"N20","nominal","2.0NRT",287.58,0.73,"N"
"32130",19.52087,77.44042,325.38,0.39,0.36,"2026-02-16",2031,"N20","nominal","2.0NRT",288.61,1.64,"N"
"32131",19.51758,77.43983,315.52,0.39,0.36,"2026-02-16",2031,"N20","nominal","2.0NRT",288.17,1.64,"N"
"32132",19.93578,73.7137,320.33,0.46,0.39,"2026-02-16",2031,"N20","nominal","2.0NRT",291,1.73,"N"
"32133",19.93638,73.70933,311.74,0.46,0.39,"2026-02-16",2031,"N20","nominal","2.0NRT",289.33,1.73,"N"
"32134",19.30581,77.02151,307.6,0.38,0.36,"2026-02-16",2031,"N20","nominal","2.0NRT",288.61,0.6,"N"
"32135",19.25717,77.04646,313.6,0.38,0.36,"2026-02-16",2031,"N20","nominal","2.0NRT",288.9,1.26,"N"
"32136",18.91279,78.94837,319.05,0.42,0.38,"2026-02-16",2031,"N20","nominal","2.0NRT",293.6,1.59,"N"
"32137",18.61375,80.4814,312.16,0.49,0.4,"2026-02-16",2031,"N20","nominal","2.0NRT",292.68,1.09,"N"
"32138",19.31181,76.28845,303.43,0.39,0.36,"2026-02-16",2031,"N20","nominal","2.0NRT",287.08,0.95,"N"
"32139",18.6143,80.48447,315.24,0.49,0.4,"2026-02-16",2031,"N20","nominal","2.0NRT",292.78,1.64,"N"
"32140",19.11419,77.42918,304.97,0.39,0.36,"2026-02-16",2031,"N20","nominal","2.0NRT",290.51,0.8,"N"
"32141",18.60308,80.44037,323.51,0.49,0.4,"2026-02-16",2031,"N20","nominal","2.0NRT",293.16,2.34,"N"
"32142",18.59941,80.43967,307.26,0.49,0.4,"2026-02-16",2031,"N20","nominal","2.0NRT",293.42,0.87,"N"
"32143",18.59575,80.43898,307.74,0.49,0.4,"2026-02-16",2031,"N20","nominal","2.0NRT",292.48,0.87,"N"
"32144",18.72068,79.53487,315.1,0.44,0.39,"2026-02-16",2031,"N20","nominal","2.0NRT",295.02,1.86,"N"
"32145",18.71996,79.539,308.28,0.44,0.39,"2026-02-16",2031,"N20","nominal","2.0NRT",294.56,2.26,"N"
"32146",18.71645,79.53835,323.96,0.44,0.39,"2026-02-16",2031,"N20","nominal","2.0NRT",296.36,2.26,"N"
"32147",19.17941,76.65789,327.69,0.38,0.36,"2026-02-16",2031,"N20","nominal","2.0NRT",288.46,1.5,"N"
"32148",19.30028,75.76416,305.66,0.39,0.36,"2026-02-16",2031,"N20","nominal","2.0NRT",289.5,0.35,"N"
"32149",17.97042,83.1533,305.05,0.48,0.48,"2026-02-16",2031,"N20","nominal","2.0NRT",292.26,0.91,"N"
"32150",18.65866,78.74618,304.13,0.42,0.37,"2026-02-16",2031,"N20","nominal","2.0NRT",292.87,0.72,"N"
"32151",18.64882,78.80458,304.36,0.42,0.37,"2026-02-16",2031,"N20","nominal","2.0NRT",292.1,0.93,"N"
"32152",18.60142,78.89696,302.72,0.42,0.38,"2026-02-16",2031,"N20","nominal","2.0NRT",292.01,0.73,"N"
"32153",18.70803,78.22334,302.92,0.4,0.37,"2026-02-16",2031,"N20","nominal","2.0NRT",291.93,0.28,"N"
"32154",19.32809,74.1383,304.05,0.44,0.38,"2026-02-16",2031,"N20","nominal","2.0NRT",290.51,1.21,"N"
"32155",19.3246,74.13772,313.84,0.44,0.38,"2026-02-16",2031,"N20","nominal","2.0NRT",291.1,1.21,"N"
"32156",18.63592,78.02139,316.81,0.4,0.37,"2026-02-16",2031,"N20","nominal","2.0NRT",292,1.62,"N"
"32157",17.69361,83.24384,311.06,0.49,0.49,"2026-02-16",2031,"N20","nominal","2.0NRT",292.66,1.63,"N"
"32158",18.71139,77.43644,303.6,0.39,0.36,"2026-02-16",2031,"N20","nominal","2.0NRT",289.49,0.58,"N"
"32159",19.53066,71.29705,309.61,0.41,0.45,"2026-02-16",2031,"N20","nominal","2.0NRT",295.28,1.03,"N"
"32160",17.61043,83.20493,321.23,0.49,0.48,"2026-02-16",2031,"N20","nominal","2.0NRT",293.55,2.22,"N"
"32161",17.60075,83.18417,338.27,0.49,0.48,"2026-02-16",2031,"N20","nominal","2.0NRT",292.85,4.25,"N"
"32162",19.21246,73.38698,300.69,0.47,0.4,"2026-02-16",2031,"N20","nominal","2.0NRT",290.21,0.56,"N"
"32163",18.01206,80.56654,313.98,0.5,0.41,"2026-02-16",2031,"N20","nominal","2.0NRT",291.54,1.11,"N"
"32164",19.33351,72.02092,320.26,0.55,0.43,"2026-02-16",2031,"N20","nominal","2.0NRT",295.05,1.34,"N"
"32165",17.95895,80.7981,305.38,0.52,0.41,"2026-02-16",2031,"N20","nominal","2.0NRT",295.07,2,"N"
"32166",17.9578,80.78284,311.69,0.52,0.41,"2026-02-16",2031,"N20","nominal","2.0NRT",294.1,1.36,"N"
"32167",17.95692,80.7877,307.39,0.52,0.41,"2026-02-16",2031,"N20","nominal","2.0NRT",295.43,1.36,"N"
"32168",17.72794,81.92276,324.94,0.41,0.45,"2026-02-16",2031,"N20","nominal","2.0NRT",288.52,2.59,"N"
"32169",19.10182,73.05264,326.54,0.48,0.4,"2026-02-16",2031,"N20","nominal","2.0NRT",293.21,3.29,"N"
"32170",19.28524,71.43585,315.25,0.4,0.44,"2026-02-16",2031,"N20","nominal","2.0NRT",295.16,0.71,"N"
"32171",19.28214,71.4277,306.5,0.4,0.44,"2026-02-16",2031,"N20","nominal","2.0NRT",295.8,0.69,"N"
"32172",19.27857,71.42332,310.65,0.4,0.44,"2026-02-16",2031,"N20","nominal","2.0NRT",295.11,0.6,"N"
"32173",18.80434,74.2602,332.39,0.43,0.38,"2026-02-16",2031,"N20","nominal","2.0NRT",291.06,4.44,"N"
"32174",17.81393,80.32458,307.73,0.49,0.41,"2026-02-16",2031,"N20","nominal","2.0NRT",291.81,1.26,"N"
"32175",19.17863,70.9454,316.64,0.42,0.46,"2026-02-16",2031,"N20","nominal","2.0NRT",296.01,0.85,"N"
"32176",17.87412,77.80715,306.84,0.4,0.37,"2026-02-16",2031,"N20","nominal","2.0NRT",287.81,0.86,"N"
"32177",16.92368,81.95472,302.7,0.42,0.45,"2026-02-16",2031,"N20","nominal","2.0NRT",292.25,0.61,"N"
"32178",16.92517,81.95534,303,0.42,0.45,"2026-02-16",2031,"N20","nominal","2.0NRT",292.33,0.68,"N"
"32179",17.30088,78.7849,304.87,0.43,0.38,"2026-02-16",2031,"N20","nominal","2.0NRT",290.56,0.37,"N"
"32180",17.98005,74.08527,315.81,0.43,0.38,"2026-02-16",2031,"N20","nominal","2.0NRT",290.14,1.53,"N"
"32181",17.55616,76.70533,299.6,0.38,0.36,"2026-02-16",2031,"N20","nominal","2.0NRT",288.79,0.21,"N"
"32182",17.338,78.0435,313.73,0.4,0.37,"2026-02-16",2031,"N20","nominal","2.0NRT",290.56,1.26,"N"
"32183",17.33463,78.04289,308.06,0.4,0.37,"2026-02-16",2031,"N20","nominal","2.0NRT",289.14,1.26,"N"
"32184",17.51294,76.6794,314.32,0.38,0.36,"2026-02-16",2031,"N20","nominal","2.0NRT",291.11,1.2,"N"
"32185",17.84142,74.31538,329.83,0.42,0.37,"2026-02-16",2031,"N20","nominal","2.0NRT",291.72,1.64,"N"
"32186",17.97075,73.42498,312.31,0.45,0.39,"2026-02-16",2031,"N20","nominal","2.0NRT",287.11,1.98,"N"
"32187",17.838,74.31483,297.16,0.42,0.37,"2026-02-16",2031,"N20","nominal","2.0NRT",287.16,1.64,"N"
"32188",17.14645,78.22454,300.97,0.41,0.37,"2026-02-16",2031,"N20","nominal","2.0NRT",290.25,0.79,"N"
"32189",17.14559,78.22475,301.6,0.41,0.37,"2026-02-16",2031,"N20","nominal","2.0NRT",290.32,0.77,"N"
"32190",17.16658,77.90907,309.25,0.4,0.37,"2026-02-16",2031,"N20","nominal","2.0NRT",291.29,1,"N"
"32191",17.16596,77.9128,316.63,0.4,0.37,"2026-02-16",2031,"N20","nominal","2.0NRT",291.47,1.21,"N"
"32192",17.08068,78.09143,305.87,0.41,0.37,"2026-02-16",2031,"N20","nominal","2.0NRT",290.4,0.62,"N"
"32193",17.41649,75.8638,309.07,0.39,0.36,"2026-02-16",2031,"N20","nominal","2.0NRT",289.93,0.6,"N"
"32194",16.48515,81.23885,310.35,0.39,0.44,"2026-02-16",2031,"N20","nominal","2.0NRT",292.24,0.88,"N"
"32195",17.14047,77.17449,305.11,0.39,0.36,"2026-02-16",2031,"N20","nominal","2.0NRT",294.08,0.87,"N"
"32196",16.6957,79.64889,305.05,0.47,0.4,"2026-02-16",2031,"N20","nominal","2.0NRT",294.55,0.91,"N"
"32197",17.38853,75.2746,302.88,0.39,0.36,"2026-02-16",2031,"N20","nominal","2.0NRT",289.2,0.41,"N"
"32198",17.57937,73.98006,301.68,0.43,0.38,"2026-02-16",2031,"N20","nominal","2.0NRT",291.28,1.26,"N"
"32199",17.57245,73.97895,307.58,0.43,0.38,"2026-02-16",2031,"N20","nominal","2.0NRT",290.66,1.05,"N"
"32200",16.35952,81.28432,303.16,0.39,0.44,"2026-02-16",2031,"N20","nominal","2.0NRT",291.42,0.4,"N"
"32201",17.5453,73.92178,335.21,0.43,0.38,"2026-02-16",2031,"N20","nominal","2.0NRT",290.97,3.37,"N"
"32202",17.54127,73.92509,325.57,0.43,0.38,"2026-02-16",2031,"N20","nominal","2.0NRT",290.85,3.37,"N"
"32203",17.06318,76.97872,309.66,0.39,0.36,"2026-02-16",2031,"N20","nominal","2.0NRT",294.94,0.78,"N"
"32204",16.88005,76.44289,311.31,0.38,0.36,"2026-02-16",2031,"N20","nominal","2.0NRT",291.14,1.36,"N"
"32205",16.45133,79.03029,305.11,0.45,0.39,"2026-02-16",2031,"N20","nominal","2.0NRT",293.55,1.13,"N"
"32206",16.92888,76.06956,320.79,0.38,0.36,"2026-02-16",2031,"N20","nominal","2.0NRT",289.09,1.08,"N"
"32207",17.2506,73.93146,299.58,0.43,0.38,"2026-02-16",2031,"N20","nominal","2.0NRT",289.46,0.54,"N"
"32208",17.25,73.9355,301.69,0.43,0.38,"2026-02-16",2031,"N20","nominal","2.0NRT",289.08,0.99,"N"
"32209",17.24711,73.93105,299.3,0.43,0.38,"2026-02-16",2031,"N20","nominal","2.0NRT",288.84,0.53,"N"
"32210",17.24653,73.93505,303.44,0.43,0.38,"2026-02-16",2031,"N20","nominal","2.0NRT",289.56,0.78,"N"
"32211",16.4373,78.98486,312.35,0.44,0.39,"2026-02-16",2031,"N20","nominal","2.0NRT",293.41,1.62,"N"
"32212",17.21947,73.87752,309.01,0.43,0.38,"2026-02-16",2031,"N20","nominal","2.0NRT",288.76,0.87,"N"
"32213",17.21366,73.86875,311.02,0.43,0.38,"2026-02-16",2031,"N20","nominal","2.0NRT",288.19,1.31,"N"
"32214",17.18017,73.9289,303.04,0.43,0.38,"2026-02-16",2031,"N20","nominal","2.0NRT",287.78,0.31,"N"
"32215",17.1305,73.91364,327.83,0.43,0.38,"2026-02-16",2031,"N20","nominal","2.0NRT",290.13,2.4,"N"
"32216",17.12706,73.91295,308.04,0.43,0.38,"2026-02-16",2031,"N20","nominal","2.0NRT",289.85,1.24,"N"
"32217",17.03097,74.44602,302.48,0.41,0.37,"2026-02-16",2031,"N20","nominal","2.0NRT",288.16,0.63,"N"
"32218",17.08101,73.98636,301.31,0.42,0.38,"2026-02-16",2031,"N20","nominal","2.0NRT",288.68,0.48,"N"
"32219",16.98381,74.40798,329.42,0.41,0.37,"2026-02-16",2031,"N20","nominal","2.0NRT",290.11,2.99,"N"
"32220",16.18716,79.10826,308.1,0.45,0.39,"2026-02-16",2031,"N20","nominal","2.0NRT",293.22,1.67,"N"
"32221",16.17017,78.84911,306.83,0.44,0.38,"2026-02-16",2031,"N20","nominal","2.0NRT",291.38,1.12,"N"
"32222",16.16664,78.84863,313.73,0.44,0.38,"2026-02-16",2031,"N20","nominal","2.0NRT",292.53,1.12,"N"
"32223",16.1659,78.85282,314.11,0.44,0.38,"2026-02-16",2031,"N20","nominal","2.0NRT",292.44,1.87,"N"
"32224",16.16916,78.85054,318.66,0.44,0.38,"2026-02-16",2031,"N20","nominal","2.0NRT",292.56,1.63,"N"
"32225",16.16563,78.85004,318.78,0.44,0.38,"2026-02-16",2031,"N20","nominal","2.0NRT",292.06,1.63,"N"
"32226",16.1614,78.85372,306.17,0.44,0.38,"2026-02-16",2031,"N20","nominal","2.0NRT",292.19,0.98,"N"
"32227",16.15857,78.8491,303.59,0.44,0.38,"2026-02-16",2031,"N20","nominal","2.0NRT",291.76,1.4,"N"
"32228",16.15787,78.85324,319.19,0.44,0.38,"2026-02-16",2031,"N20","nominal","2.0NRT",293.24,0.98,"N"
"32229",16.15504,78.84863,320.43,0.44,0.38,"2026-02-16",2031,"N20","nominal","2.0NRT",293.4,2.18,"N"
"32230",16.52472,75.4803,303.15,0.39,0.36,"2026-02-16",2031,"N20","nominal","2.0NRT",288.74,0.46,"N"
"32231",15.71968,79.11928,305.23,0.46,0.39,"2026-02-16",2031,"N20","nominal","2.0NRT",291.04,0.43,"N"
"32232",15.68554,79.10413,306.99,0.46,0.39,"2026-02-16",2031,"N20","nominal","2.0NRT",292.37,0.89,"N"
"32233",15.68363,79.10058,305.33,0.46,0.39,"2026-02-16",2031,"N20","nominal","2.0NRT",292.08,1.29,"N"
"32234",15.6829,79.10484,309.3,0.46,0.39,"2026-02-16",2031,"N20","nominal","2.0NRT",293.14,1.34,"N"
"32235",16.26933,75.48221,325.9,0.39,0.36,"2026-02-16",2031,"N20","nominal","2.0NRT",289.45,2.22,"N"
"32236",15.68663,78.99674,304.82,0.45,0.39,"2026-02-16",2031,"N20","nominal","2.0NRT",293.2,1.24,"N"
"32237",16.31462,74.58124,305.97,0.4,0.37,"2026-02-16",2031,"N20","nominal","2.0NRT",290.5,1.38,"N"
"32238",16.31406,74.58497,305.78,0.4,0.37,"2026-02-16",2031,"N20","nominal","2.0NRT",290.95,1.12,"N"
"32239",16.45216,73.50884,312.71,0.43,0.38,"2026-02-16",2031,"N20","nominal","2.0NRT",292.73,1.44,"N"
"32240",16.25288,74.19073,327.91,0.41,0.37,"2026-02-16",2031,"N20","nominal","2.0NRT",289.88,1.16,"N"
"32241",16.25231,74.19451,302.93,0.41,0.37,"2026-02-16",2031,"N20","nominal","2.0NRT",289.93,1.16,"N"
"32242",16.2489,74.19399,300.8,0.41,0.37,"2026-02-16",2031,"N20","nominal","2.0NRT",289.24,1.16,"N"
"32243",16.24195,73.86346,329.1,0.42,0.38,"2026-02-16",2031,"N20","nominal","2.0NRT",294.76,3.24,"N"
"32244",16.15845,74.4272,329.96,0.4,0.37,"2026-02-16",2031,"N20","nominal","2.0NRT",290.19,3.42,"N"
"32245",16.00062,75.26535,333.15,0.39,0.36,"2026-02-16",2031,"N20","nominal","2.0NRT",293.13,3.89,"N"
"32246",15.34756,78.02406,313.04,0.42,0.38,"2026-02-16",2031,"N20","nominal","2.0NRT",292.67,1.07,"N"
"32247",15.34624,78.03185,313.01,0.42,0.38,"2026-02-16",2031,"N20","nominal","2.0NRT",294.23,2.19,"N"
"32248",15.34347,78.02744,309.8,0.42,0.38,"2026-02-16",2031,"N20","nominal","2.0NRT",293.39,1.32,"N"
"32249",15.45514,76.46178,300.78,0.39,0.36,"2026-02-16",2031,"N20","nominal","2.0NRT",290.61,0.48,"N"
"32250",15.58725,74.81721,308.47,0.39,0.36,"2026-02-16",2031,"N20","nominal","2.0NRT",287.79,0.78,"N"
"32251",15.33858,76.27749,333.31,0.39,0.36,"2026-02-16",2031,"N20","nominal","2.0NRT",296.25,4.45,"N"
"32252",15.33982,76.24848,307.99,0.39,0.36,"2026-02-16",2031,"N20","nominal","2.0NRT",293.16,1.28,"N"
"32253",15.33415,76.28404,306.2,0.39,0.36,"2026-02-16",2031,"N20","nominal","2.0NRT",292.22,0.89,"N"
"32254",15.33358,76.2876,306.68,0.39,0.36,"2026-02-16",2031,"N20","nominal","2.0NRT",294.15,0.89,"N"
"32255",15.18095,77.10361,305.67,0.4,0.37,"2026-02-16",2031,"N20","nominal","2.0NRT",293.11,0.83,"N"
"32256",15.66015,73.98866,312.45,0.41,0.37,"2026-02-16",2031,"N20","nominal","2.0NRT",291.95,1.16,"N"
"32257",15.02243,78.01313,317.14,0.42,0.38,"2026-02-16",2031,"N20","nominal","2.0NRT",295.33,2.42,"N"
"32258",15.22663,76.76144,338.47,0.39,0.36,"2026-02-16",2031,"N20","nominal","2.0NRT",295.25,3.34,"N"
"32259",15.22605,76.76504,307.58,0.39,0.36,"2026-02-16",2031,"N20","nominal","2.0NRT",294.66,1.23,"N"
"32260",15.17503,76.78574,312.39,0.39,0.36,"2026-02-16",2031,"N20","nominal","2.0NRT",294.85,1.01,"N"
"32261",15.18872,76.65884,315.48,0.39,0.36,"2026-02-16",2031,"N20","nominal","2.0NRT",295.91,1.76,"N"
"32262",15.18641,76.67319,317.65,0.39,0.36,"2026-02-16",2031,"N20","nominal","2.0NRT",293.88,1,"N"
"32263",15.18425,76.66544,328.56,0.39,0.36,"2026-02-16",2031,"N20","nominal","2.0NRT",293.55,2.09,"N"
"32264",15.18368,76.66904,304.56,0.39,0.36,"2026-02-16",2031,"N20","nominal","2.0NRT",294.09,1,"N"
"32265",15.1831,76.67262,308.19,0.39,0.36,"2026-02-16",2031,"N20","nominal","2.0NRT",294.17,1,"N"
"32266",15.18252,76.6762,311.52,0.39,0.36,"2026-02-16",2031,"N20","nominal","2.0NRT",295.59,2.25,"N"
"32267",15.17921,76.67564,328.75,0.39,0.36,"2026-02-16",2031,"N20","nominal","2.0NRT",296.53,1.8,"N"
"32268",15.173,76.69299,330.56,0.39,0.36,"2026-02-16",2031,"N20","nominal","2.0NRT",294.17,3.41,"N"
"32269",15.17937,76.65354,308.26,0.39,0.36,"2026-02-16",2031,"N20","nominal","2.0NRT",294.58,1.59,"N"
"32270",15.17879,76.65714,319.42,0.39,0.36,"2026-02-16",2031,"N20","nominal","2.0NRT",295.6,1.59,"N"
"32271",15.17532,76.67866,305.63,0.39,0.36,"2026-02-16",2031,"N20","nominal","2.0NRT",294.17,1.8,"N"
"32272",15.17548,76.65656,327.64,0.39,0.36,"2026-02-16",2031,"N20","nominal","2.0NRT",296.44,1.61,"N"
"32273",15.17606,76.65297,307.29,0.39,0.36,"2026-02-16",2031,"N20","nominal","2.0NRT",294.5,1.61,"N"
"32274",15.17433,76.66373,305.02,0.39,0.36,"2026-02-16",2031,"N20","nominal","2.0NRT",293.23,0.94,"N"
"32275",15.17085,76.68524,307.51,0.39,0.36,"2026-02-16",2031,"N20","nominal","2.0NRT",294.3,0.78,"N"
"32276",15.31515,75.7598,304.85,0.38,0.36,"2026-02-16",2031,"N20","nominal","2.0NRT",289.51,0.39,"N"
"32277",15.16986,76.67033,306.91,0.39,0.36,"2026-02-16",2031,"N20","nominal","2.0NRT",293.95,1.26,"N"
"32278",15.16928,76.67391,306.9,0.39,0.36,"2026-02-16",2031,"N20","nominal","2.0NRT",293.62,0.46,"N"
"32279",15.173,76.37711,315.29,0.39,0.36,"2026-02-16",2031,"N20","nominal","2.0NRT",295.93,1.87,"N"
"32280",15.16913,76.38012,311.9,0.39,0.36,"2026-02-16",2031,"N20","nominal","2.0NRT",295.17,1.71,"N"
"32281",15.52638,73.99184,304.96,0.41,0.37,"2026-02-16",2031,"N20","nominal","2.0NRT",293.92,1.16,"N"
"32282",15.1506,76.28211,305.7,0.39,0.36,"2026-02-16",2031,"N20","nominal","2.0NRT",291.96,0.63,"N"
"32283",15.00431,76.99844,303.52,0.39,0.37,"2026-02-16",2031,"N20","nominal","2.0NRT",290.12,0.77,"N"
"32284",14.60634,79.12141,306.69,0.47,0.4,"2026-02-16",2031,"N20","nominal","2.0NRT",293.16,1.19,"N"
"32285",14.58969,79.13127,303.99,0.47,0.4,"2026-02-16",2031,"N20","nominal","2.0NRT",291.71,0.43,"N"
"32286",14.58861,79.1324,302.36,0.47,0.4,"2026-02-16",2031,"N20","nominal","2.0NRT",291.19,0.24,"N"
"32287",14.84995,76.79759,302.76,0.39,0.36,"2026-02-16",2031,"N20","nominal","2.0NRT",292.71,0.95,"N"
"32288",15.08972,75.20187,310.84,0.39,0.36,"2026-02-16",2031,"N20","nominal","2.0NRT",291.3,0.96,"N"
"32289",14.80634,76.3922,305.69,0.39,0.36,"2026-02-16",2031,"N20","nominal","2.0NRT",291.76,0.91,"N"
"32290",14.48097,78.01221,321.04,0.43,0.38,"2026-02-16",2031,"N20","nominal","2.0NRT",293.46,2.25,"N"
"32291",14.18531,78.05919,305.06,0.43,0.38,"2026-02-16",2031,"N20","nominal","2.0NRT",292.09,1.11,"N"
"32292",14.0721,78.31947,302.27,0.44,0.38,"2026-02-16",2031,"N20","nominal","2.0NRT",291.02,0.93,"N"
"32293",14.04694,78.31887,310.59,0.44,0.38,"2026-02-16",2031,"N20","nominal","2.0NRT",291.89,1.88,"N"
"32294",14.04343,78.31826,308.17,0.44,0.38,"2026-02-16",2031,"N20","nominal","2.0NRT",292.52,1.14,"N"
"32295",14.03992,78.31765,308.14,0.44,0.38,"2026-02-16",2031,"N20","nominal","2.0NRT",291.78,1.14,"N"
"32296",14.05461,78.08167,303.32,0.43,0.38,"2026-02-16",2031,"N20","nominal","2.0NRT",290.46,0.6,"N"
"32297",14.05116,78.08096,304.84,0.43,0.38,"2026-02-16",2031,"N20","nominal","2.0NRT",291.53,0.6,"N"
"32298",14.1134,77.66882,302.93,0.42,0.37,"2026-02-16",2031,"N20","nominal","2.0NRT",291.81,0.9,"N"
"32299",13.85151,78.63567,299.47,0.46,0.39,"2026-02-16",2031,"N20","nominal","2.0NRT",288.93,0.71,"N"
"32300",13.84858,78.6099,303,0.46,0.39,"2026-02-16",2031,"N20","nominal","2.0NRT",291.27,0.91,"N"
"32301",13.84498,78.60949,310.25,0.46,0.39,"2026-02-16",2031,"N20","nominal","2.0NRT",291.3,0.91,"N"
"32302",13.92889,77.99133,300.51,0.43,0.38,"2026-02-16",2031,"N20","nominal","2.0NRT",289.86,0.43,"N"
"32303",13.76163,78.41667,313.58,0.45,0.39,"2026-02-16",2031,"N20","nominal","2.0NRT",290.26,1.17,"N"
"32304",13.82487,77.96133,310.42,0.43,0.38,"2026-02-16",2031,"N20","nominal","2.0NRT",290.03,0.81,"N"
"32305",14.17579,75.80635,339.94,0.38,0.36,"2026-02-16",2031,"N20","nominal","2.0NRT",294.1,4.28,"N"
"32306",13.44715,80.09569,299.79,0.55,0.43,"2026-02-16",2031,"N20","nominal","2.0NRT",289.59,0.51,"N"
"32307",13.72492,78.39857,303.38,0.45,0.39,"2026-02-16",2031,"N20","nominal","2.0NRT",290.29,0.66,"N"
"32308",13.98299,76.75095,310.7,0.39,0.37,"2026-02-16",2031,"N20","nominal","2.0NRT",289.3,1.15,"N"
"32309",13.52336,79.45058,311.48,0.51,0.41,"2026-02-16",2031,"N20","nominal","2.0NRT",292.57,2.66,"N"
"32310",13.51822,79.43581,302.44,0.51,0.41,"2026-02-16",2031,"N20","nominal","2.0NRT",291.62,0.63,"N"
"32311",13.64729,78.61966,304.85,0.46,0.39,"2026-02-16",2031,"N20","nominal","2.0NRT",290.56,1.33,"N"
"32312",13.68183,78.37399,317.75,0.45,0.39,"2026-02-16",2031,"N20","nominal","2.0NRT",291.21,1.69,"N"
"32313",13.64088,78.61412,301.77,0.46,0.39,"2026-02-16",2031,"N20","nominal","2.0NRT",291.55,1.35,"N"
"32314",13.38057,80.10934,302.85,0.55,0.43,"2026-02-16",2031,"N20","nominal","2.0NRT",291.91,0.91,"N"
"32315",13.66221,78.46781,315.63,0.45,0.39,"2026-02-16",2031,"N20","nominal","2.0NRT",290.08,1.45,"N"
"32316",14.00183,76.31894,306.68,0.39,0.36,"2026-02-16",2031,"N20","nominal","2.0NRT",291.16,0.76,"N"
"32317",13.99033,76.30602,304.3,0.39,0.36,"2026-02-16",2031,"N20","nominal","2.0NRT",291.24,0.65,"N"
"32318",13.96215,76.16251,313.72,0.39,0.36,"2026-02-16",2031,"N20","nominal","2.0NRT",291.5,0.83,"N"
"32319",13.67037,77.92305,301.5,0.43,0.38,"2026-02-16",2031,"N20","nominal","2.0NRT",290.02,0.63,"N"
"32320",13.24527,80.32593,303.85,0.57,0.43,"2026-02-16",2031,"N20","nominal","2.0NRT",293.67,1.57,"N"
"32321",14.02095,75.51633,299.6,0.38,0.36,"2026-02-16",2031,"N20","nominal","2.0NRT",288.98,0.48,"N"
"32322",13.73916,77.23633,307.68,0.41,0.37,"2026-02-16",2031,"N20","nominal","2.0NRT",291.16,1.51,"N"
"32323",13.4043,79.19978,308.76,0.49,0.41,"2026-02-16",2031,"N20","nominal","2.0NRT",291.54,1.71,"N"
"32324",13.73579,77.23569,325.15,0.41,0.37,"2026-02-16",2031,"N20","nominal","2.0NRT",291.23,1.51,"N"
"32325",13.30778,79.17232,301.06,0.49,0.41,"2026-02-16",2031,"N20","nominal","2.0NRT",290.13,0.75,"N"
"32326",13.49933,77.66322,309.48,0.42,0.38,"2026-02-16",2031,"N20","nominal","2.0NRT",290.88,1.48,"N"
"32327",13.49591,77.66257,318.79,0.42,0.38,"2026-02-16",2031,"N20","nominal","2.0NRT",290.16,1.48,"N"
"32328",13.49374,77.65438,324.54,0.42,0.38,"2026-02-16",2031,"N20","nominal","2.0NRT",290.71,2.09,"N"
"32329",13.49311,77.65817,311.48,0.42,0.38,"2026-02-16",2031,"N20","nominal","2.0NRT",290.8,1.64,"N"
"32330",13.49184,77.66579,304.56,0.42,0.38,"2026-02-16",2031,"N20","nominal","2.0NRT",289.97,0.61,"N"
"32331",13.48969,77.65752,314.78,0.42,0.38,"2026-02-16",2031,"N20","nominal","2.0NRT",290.27,1.64,"N"
"32332",13.48841,77.6652,303.38,0.42,0.38,"2026-02-16",2031,"N20","nominal","2.0NRT",289.72,0.61,"N"
"32333",13.37224,78.12222,315.93,0.44,0.38,"2026-02-16",2031,"N20","nominal","2.0NRT",286.34,1.77,"N"
"32334",13.41371,77.4175,310.79,0.41,0.37,"2026-02-16",2031,"N20","nominal","2.0NRT",290.48,0.91,"N"
"32335",13.41031,77.41689,306.82,0.41,0.37,"2026-02-16",2031,"N20","nominal","2.0NRT",290.72,0.97,"N"
"32336",13.42671,77.19184,311.67,0.41,0.37,"2026-02-16",2031,"N20","nominal","2.0NRT",289.87,1.08,"N"
"32337",13.51098,76.63799,303.27,0.39,0.37,"2026-02-16",2031,"N20","nominal","2.0NRT",291.43,0.53,"N"
"32338",13.43529,77.05624,320.98,0.4,0.37,"2026-02-16",2031,"N20","nominal","2.0NRT",289.48,2.23,"N"
"32339",13.25244,77.98776,301.93,0.44,0.38,"2026-02-16",2031,"N20","nominal","2.0NRT",286.12,0.49,"N"
"32340",13.3863,77.11261,325.44,0.41,0.37,"2026-02-16",2031,"N20","nominal","2.0NRT",290.31,1.57,"N"
"32341",12.9531,77.84492,304.29,0.43,0.38,"2026-02-16",2031,"N20","nominal","2.0NRT",288.51,0.8,"N"
"32342",13.38603,75.14201,303.71,0.38,0.36,"2026-02-16",2031,"N20","nominal","2.0NRT",288.79,0.66,"N"
"32343",12.69517,78.47295,298.5,0.46,0.39,"2026-02-16",2031,"N20","nominal","2.0NRT",288.35,0.29,"N"
"32344",13.17768,75.2807,316.76,0.38,0.36,"2026-02-16",2031,"N20","nominal","2.0NRT",287.48,1.8,"N"
"32345",13.17495,75.27666,328.25,0.38,0.36,"2026-02-16",2031,"N20","nominal","2.0NRT",288.67,3.01,"N"
"32346",13.17439,75.28017,330.92,0.38,0.36,"2026-02-16",2031,"N20","nominal","2.0NRT",287.4,1.8,"N"
"32347",12.79632,77.57707,301.42,0.42,0.38,"2026-02-16",2031,"N20","nominal","2.0NRT",288.82,0.63,"N"
"32348",13.16837,75.27559,313.49,0.38,0.36,"2026-02-16",2031,"N20","nominal","2.0NRT",287.03,1.23,"N"
"32349",12.71589,77.44991,301.72,0.42,0.38,"2026-02-16",2031,"N20","nominal","2.0NRT",290.24,0.5,"N"
"32350",12.81194,76.831,311.21,0.4,0.37,"2026-02-16",2031,"N20","nominal","2.0NRT",289.12,1.34,"N"
"32351",12.39923,78.84205,317.08,0.49,0.4,"2026-02-16",2033,"N20","nominal","2.0NRT",289.84,1.42,"N"
"32352",12.39937,78.81931,304.01,0.49,0.4,"2026-02-16",2033,"N20","nominal","2.0NRT",291.7,1.11,"N"
"32353",12.39628,78.8372,309.25,0.49,0.4,"2026-02-16",2033,"N20","nominal","2.0NRT",291.35,1.42,"N"
"32354",12.58979,77.30032,303.7,0.42,0.37,"2026-02-16",2033,"N20","nominal","2.0NRT",291.03,0.7,"N"
"32355",12.30704,78.7014,303.07,0.48,0.4,"2026-02-16",2033,"N20","nominal","2.0NRT",291.58,1.59,"N"
"32356",12.3062,78.70625,302.58,0.48,0.4,"2026-02-16",2033,"N20","nominal","2.0NRT",291.02,1.35,"N"
"32357",12.29598,78.70014,309.62,0.48,0.4,"2026-02-16",2033,"N20","nominal","2.0NRT",289.83,1.49,"N"
"32358",12.66324,76.45203,301.57,0.4,0.37,"2026-02-16",2033,"N20","nominal","2.0NRT",289.7,0.78,"N"
"32359",12.65539,76.45812,299.29,0.4,0.37,"2026-02-16",2033,"N20","nominal","2.0NRT",289.18,0.61,"N"
"32360",12.38188,76.46787,300.55,0.4,0.37,"2026-02-16",2033,"N20","nominal","2.0NRT",288.45,0.43,"N"
"32361",11.99671,78.49567,304.46,0.47,0.4,"2026-02-16",2033,"N20","nominal","2.0NRT",288.15,0.58,"N"
"32362",11.81648,77.9149,313.4,0.45,0.39,"2026-02-16",2033,"N20","nominal","2.0NRT",293.12,1.96,"N"
"32363",11.8158,77.91896,314.1,0.45,0.39,"2026-02-16",2033,"N20","nominal","2.0NRT",294.62,1.65,"N"
"32364",11.81159,77.92242,306.57,0.45,0.39,"2026-02-16",2033,"N20","nominal","2.0NRT",295.58,1.65,"N"
"32365",11.26658,80.00266,334.7,0.39,0.44,"2026-02-16",2033,"N20","nominal","2.0NRT",293.45,3.09,"N"
"32366",11.44402,78.89758,298.01,0.5,0.41,"2026-02-16",2033,"N20","nominal","2.0NRT",282.9,0.37,"N"
"32367",11.4449,77.66132,304.45,0.44,0.38,"2026-02-16",2033,"N20","nominal","2.0NRT",291.52,0.63,"N"
"32368",11.18386,79.10104,305.94,0.52,0.42,"2026-02-16",2033,"N20","nominal","2.0NRT",292.31,1.18,"N"
"32369",11.43764,77.48888,321.73,0.43,0.38,"2026-02-16",2033,"N20","nominal","2.0NRT",290.11,1.87,"N"
"32370",11.18962,77.27161,307.66,0.43,0.38,"2026-02-16",2033,"N20","nominal","2.0NRT",291.08,0.57,"N"
"32371",11.02321,77.62167,316.16,0.44,0.39,"2026-02-16",2033,"N20","nominal","2.0NRT",289.41,1.32,"N"
"32372",11.16712,76.616,323.37,0.41,0.37,"2026-02-16",2033,"N20","nominal","2.0NRT",289.91,1.4,"N"
"32373",11.16372,76.61558,300.54,0.41,0.37,"2026-02-16",2033,"N20","nominal","2.0NRT",288.83,1.4,"N"
"32374",11.16579,76.58168,300.17,0.41,0.37,"2026-02-16",2033,"N20","nominal","2.0NRT",289.52,0.62,"N"
"32375",10.93186,77.06332,305.99,0.42,0.38,"2026-02-16",2033,"N20","nominal","2.0NRT",289.74,0.82,"N"
"32376",10.92154,77.06159,302.11,0.42,0.38,"2026-02-16",2033,"N20","nominal","2.0NRT",290.3,0.91,"N"
"32377",10.29831,78.2127,298.76,0.48,0.4,"2026-02-16",2033,"N20","nominal","2.0NRT",283.56,0.68,"N"
"32378",10.6385,76.13779,311.33,0.4,0.37,"2026-02-16",2033,"N20","nominal","2.0NRT",292.85,0.94,"N"
"32379",10.36427,77.78265,314.68,0.46,0.39,"2026-02-16",2033,"N20","nominal","2.0NRT",286.64,1.16,"N"
"32380",10.36358,77.78672,308.14,0.46,0.39,"2026-02-16",2033,"N20","nominal","2.0NRT",286.52,1.16,"N"
"32381",10.36277,77.79142,302.04,0.46,0.39,"2026-02-16",2033,"N20","nominal","2.0NRT",285.69,0.99,"N"
"32382",10.35987,77.78689,302.8,0.46,0.39,"2026-02-16",2033,"N20","nominal","2.0NRT",287.82,1.16,"N"
"32383",10.35907,77.79153,312.25,0.46,0.39,"2026-02-16",2033,"N20","nominal","2.0NRT",287.15,0.99,"N"
"32384",10.22022,77.12259,309.2,0.43,0.38,"2026-02-16",2033,"N20","nominal","2.0NRT",285.73,1.23,"N"
"32385",10.09287,76.80517,318.28,0.42,0.38,"2026-02-16",2033,"N20","nominal","2.0NRT",291.42,1.37,"N"
"32386",10.03404,77.11537,310.66,0.43,0.38,"2026-02-16",2033,"N20","nominal","2.0NRT",286.34,0.69,"N"
"32387",10.03053,77.115,299.13,0.43,0.38,"2026-02-16",2033,"N20","nominal","2.0NRT",285.36,0.69,"N"
"32388",10.03202,77.11675,318.22,0.43,0.38,"2026-02-16",2033,"N20","nominal","2.0NRT",286.43,1.61,"N"
"32389",9.79262,78.34216,315.42,0.5,0.41,"2026-02-16",2033,"N20","nominal","2.0NRT",288.55,0.89,"N"
"32390",10.04065,76.82573,309.34,0.42,0.38,"2026-02-16",2033,"N20","nominal","2.0NRT",293.35,1.35,"N"
"32391",10.04004,76.82942,317.59,0.42,0.38,"2026-02-16",2033,"N20","nominal","2.0NRT",293.32,1.35,"N"
"32392",10.03656,76.82915,324.25,0.42,0.38,"2026-02-16",2033,"N20","nominal","2.0NRT",293.75,2.7,"N"
"32393",10.01313,76.77857,304.92,0.42,0.38,"2026-02-16",2033,"N20","nominal","2.0NRT",293.21,0.57,"N"
"32394",10.01157,76.76663,322.47,0.42,0.38,"2026-02-16",2033,"N20","nominal","2.0NRT",294.28,1.73,"N"
"32395",10.01096,76.77039,309.78,0.42,0.38,"2026-02-16",2033,"N20","nominal","2.0NRT",294.52,1.73,"N"
"32396",10.00968,76.77808,318.4,0.42,0.38,"2026-02-16",2033,"N20","nominal","2.0NRT",293.9,2.05,"N"
"32397",9.84105,77.22375,305.68,0.44,0.38,"2026-02-16",2033,"N20","nominal","2.0NRT",286.68,0.62,"N"
"32398",9.84037,77.22779,315.74,0.44,0.38,"2026-02-16",2033,"N20","nominal","2.0NRT",287.52,1.72,"N"
"32399",9.82526,76.87633,333.48,0.42,0.38,"2026-02-16",2033,"N20","nominal","2.0NRT",294.57,4.75,"N"
"32400",9.80045,76.74771,303.82,0.42,0.38,"2026-02-16",2033,"N20","nominal","2.0NRT",292.8,0.75,"N"
"32401",9.34297,76.9666,301.89,0.43,0.38,"2026-02-16",2033,"N20","nominal","2.0NRT",291.22,0.78,"N"
"32402",9.24179,76.89795,303.81,0.43,0.38,"2026-02-16",2033,"N20","nominal","2.0NRT",292.07,0.43,"N"
"32403",9.1058,77.37016,311.28,0.45,0.39,"2026-02-16",2033,"N20","nominal","2.0NRT",291.84,1.3,"N"
"32404",9.00218,76.83612,320.65,0.43,0.38,"2026-02-16",2033,"N20","nominal","2.0NRT",292.46,1.46,"N"
"32405",42.85325,88.00757,315.61,0.47,0.39,"2026-02-16",2023,"N20","nominal","2.0NRT",271.8,2.27,"N"
"32406",41.8224,88.90172,320.4,0.52,0.42,"2026-02-16",2023,"N20","nominal","2.0NRT",273.51,3.91,"N"
"32407",41.82312,88.90248,320.76,0.52,0.42,"2026-02-16",2023,"N20","nominal","2.0NRT",273.97,4.39,"N"
"32408",42.13757,83.11993,304.4,0.38,0.36,"2026-02-16",2023,"N20","nominal","2.0NRT",271.11,1.13,"N"
"32409",41.8385,81.77679,326.03,0.39,0.36,"2026-02-16",2023,"N20","nominal","2.0NRT",270.09,3.87,"N"
"32410",41.73224,81.6645,327.49,0.39,0.37,"2026-02-16",2025,"N20","nominal","2.0NRT",267.38,3.48,"N"
"32411",41.71884,81.18816,325.25,0.4,0.37,"2026-02-16",2025,"N20","nominal","2.0NRT",265.38,2.45,"N"
"32412",34.86364,72.9211,295.05,0.5,0.49,"2026-02-16",2027,"N20","nominal","2.0NRT",276.98,1.26,"N"
"32413",34.71884,72.30018,302.26,0.54,0.51,"2026-02-16",2027,"N20","nominal","2.0NRT",276.31,2.82,"N"
"32414",34.71474,72.29272,318.28,0.54,0.51,"2026-02-16",2027,"N20","nominal","2.0NRT",276.61,3.24,"N"
"32415",34.58689,72.26859,301.26,0.54,0.51,"2026-02-16",2027,"N20","nominal","2.0NRT",278.85,1.39,"N"
"32416",34.58262,72.26321,300.31,0.54,0.51,"2026-02-16",2027,"N20","nominal","2.0NRT",276.8,1.38,"N"
"32417",34.58218,72.26849,307.42,0.54,0.51,"2026-02-16",2027,"N20","nominal","2.0NRT",277.3,1.39,"N"
"32418",34.19507,73.0899,297.27,0.48,0.48,"2026-02-16",2027,"N20","nominal","2.0NRT",279.09,0.6,"N"
"32419",34.09336,72.68076,300.52,0.51,0.49,"2026-02-16",2027,"N20","nominal","2.0NRT",282.07,1.15,"N"
"32420",34.09243,72.68024,304.67,0.51,0.49,"2026-02-16",2027,"N20","nominal","2.0NRT",282.4,1.31,"N"
"32421",34.08794,72.67905,305.32,0.51,0.49,"2026-02-16",2027,"N20","nominal","2.0NRT",282.46,1.31,"N"
"32422",33.77971,73.47605,311.89,0.45,0.47,"2026-02-16",2027,"N20","nominal","2.0NRT",274.97,1.43,"N"
"32423",33.68213,71.70098,296.32,0.57,0.52,"2026-02-16",2027,"N20","nominal","2.0NRT",278.41,0.97,"N"
"32424",33.46207,74.07635,300.16,0.42,0.45,"2026-02-16",2027,"N20","nominal","2.0NRT",264.96,0.52,"N"
"32425",33.71625,71.02052,307.07,0.63,0.54,"2026-02-16",2027,"N20","nominal","2.0NRT",277.84,2.47,"N"
"32426",33.7207,71.02368,307.36,0.63,0.54,"2026-02-16",2027,"N20","nominal","2.0NRT",276,2.04,"N"
"32427",33.6194,70.58124,342.38,0.33,0.55,"2026-02-16",2027,"N20","nominal","2.0NRT",275.34,3.79,"N"
"32428",33.61906,70.58561,334.35,0.33,0.55,"2026-02-16",2027,"N20","nominal","2.0NRT",275.87,3.79,"N"
"32429",33.61876,70.58959,310.48,0.33,0.55,"2026-02-16",2027,"N20","nominal","2.0NRT",273.18,1.44,"N"
"32430",33.64396,70.18752,335.73,0.35,0.57,"2026-02-16",2027,"N20","nominal","2.0NRT",280.35,3.5,"N"
"32431",33.64482,70.17579,311.44,0.35,0.57,"2026-02-16",2027,"N20","nominal","2.0NRT",277.7,1.01,"N"
"32432",33.64454,70.1796,297.44,0.35,0.57,"2026-02-16",2027,"N20","nominal","2.0NRT",277.92,1.01,"N"
"32433",33.40999,70.73083,305.68,0.32,0.55,"2026-02-16",2027,"N20","nominal","2.0NRT",269.65,0.68,"N"
"32434",33.40973,70.73441,319.11,0.32,0.55,"2026-02-16",2027,"N20","nominal","2.0NRT",274.7,1.37,"N"
"32435",33.41079,70.73421,305.55,0.32,0.55,"2026-02-16",2027,"N20","nominal","2.0NRT",273.44,1.13,"N"
"32436",33.40572,70.7338,314.53,0.32,0.55,"2026-02-16",2027,"N20","nominal","2.0NRT",273.72,1.13,"N"
"32437",33.27114,71.5901,300.56,0.57,0.52,"2026-02-16",2027,"N20","nominal","2.0NRT",281.57,1.2,"N"
"32438",33.29446,71.18293,339.52,0.61,0.53,"2026-02-16",2027,"N20","nominal","2.0NRT",284.1,14.91,"N"
"32439",33.24634,71.35435,300.45,0.59,0.53,"2026-02-16",2027,"N20","nominal","2.0NRT",282.54,1.7,"N"
"32440",33.24834,71.35433,297.61,0.59,0.53,"2026-02-16",2027,"N20","nominal","2.0NRT",282.3,0.73,"N"
"32441",32.12494,77.06657,312.9,0.44,0.38,"2026-02-16",2027,"N20","nominal","2.0NRT",276.27,1.72,"N"
"32442",32.0645,77.08487,309.42,0.44,0.38,"2026-02-16",2027,"N20","nominal","2.0NRT",277.96,1.75,"N"
"32443",32.13897,74.15325,297.66,0.4,0.44,"2026-02-16",2027,"N20","nominal","2.0NRT",286.61,0.36,"N"
"32444",32.13267,74.17378,300.52,0.4,0.44,"2026-02-16",2027,"N20","nominal","2.0NRT",285.55,0.37,"N"
"32445",32.13222,74.17802,301.41,0.4,0.44,"2026-02-16",2027,"N20","nominal","2.0NRT",287.67,0.94,"N"
"32446",32.13261,74.17569,310.4,0.4,0.44,"2026-02-16",2027,"N20","nominal","2.0NRT",286.77,0.74,"N"
"32447",32.10732,74.18038,299.69,0.4,0.44,"2026-02-16",2027,"N20","nominal","2.0NRT",286.6,0.58,"N"
"32448",32.09074,74.14346,298.9,0.4,0.44,"2026-02-16",2027,"N20","nominal","2.0NRT",285.24,0.51,"N"
"32449",32.08842,74.1646,302.95,0.4,0.44,"2026-02-16",2027,"N20","nominal","2.0NRT",286.3,1.28,"N"
"32450",32.08482,74.15975,296.24,0.4,0.44,"2026-02-16",2027,"N20","nominal","2.0NRT",285.16,0.82,"N"
"32451",31.62146,77.79633,317.16,0.41,0.37,"2026-02-16",2027,"N20","nominal","2.0NRT",279.32,2.61,"N"
"32452",31.58493,77.85814,302.63,0.41,0.37,"2026-02-16",2027,"N20","nominal","2.0NRT",280.08,0.93,"N"
"32453",31.41452,77.75059,307.33,0.41,0.37,"2026-02-16",2027,"N20","nominal","2.0NRT",278.65,1.58,"N"
"32454",31.4139,77.75502,319.38,0.41,0.37,"2026-02-16",2027,"N20","nominal","2.0NRT",279.55,1.17,"N"
"32455",31.41332,77.75914,297.11,0.41,0.37,"2026-02-16",2027,"N20","nominal","2.0NRT",277.77,1.17,"N"
"32456",31.41119,77.74941,305.06,0.41,0.37,"2026-02-16",2027,"N20","nominal","2.0NRT",279.54,0.98,"N"
"32457",31.40998,77.75808,304.4,0.41,0.37,"2026-02-16",2027,"N20","nominal","2.0NRT",280.02,1.05,"N"
"32458",31.4171,77.35632,301.74,0.42,0.38,"2026-02-16",2027,"N20","nominal","2.0NRT",281.45,0.83,"N"
"32459",31.71787,74.38109,299.06,0.38,0.43,"2026-02-16",2027,"N20","nominal","2.0NRT",283.19,0.62,"N"
"32460",31.61535,74.37479,296.78,0.38,0.43,"2026-02-16",2027,"N20","nominal","2.0NRT",275.64,0.16,"N"
"32461",31.2606,76.92403,298.35,0.44,0.38,"2026-02-16",2027,"N20","nominal","2.0NRT",280.71,0.63,"N"
"32462",31.25956,76.92595,296.12,0.44,0.38,"2026-02-16",2027,"N20","nominal","2.0NRT",280.54,0.69,"N"
"32463",31.25191,76.92947,296.75,0.44,0.38,"2026-02-16",2027,"N20","nominal","2.0NRT",280.51,0.46,"N"
"32464",31.05745,77.85229,328.8,0.41,0.37,"2026-02-16",2027,"N20","nominal","2.0NRT",281.9,2.39,"N"
"32465",30.63137,79.00172,300.79,0.39,0.36,"2026-02-16",2027,"N20","nominal","2.0NRT",280.5,1.1,"N"
"32466",30.54215,78.96366,298.6,0.39,0.36,"2026-02-16",2027,"N20","nominal","2.0NRT",277.26,0.53,"N"
"32467",30.37848,78.9437,295.29,0.39,0.36,"2026-02-16",2027,"N20","nominal","2.0NRT",282.84,0.48,"N"
"32468",30.36768,78.97001,296.9,0.39,0.36,"2026-02-16",2027,"N20","nominal","2.0NRT",282.79,0.53,"N"
"32469",30.03071,80.4112,297.57,0.39,0.36,"2026-02-16",2027,"N20","nominal","2.0NRT",278.84,0.61,"N"
"32470",29.93869,80.26577,300.14,0.39,0.36,"2026-02-16",2027,"N20","nominal","2.0NRT",280.45,0.47,"N"
"32471",27.49901,91.73228,297.8,0.52,0.67,"2026-02-16",2027,"N20","nominal","2.0NRT",280.41,1.11,"N"
"32472",29.67947,81.63409,295.53,0.41,0.37,"2026-02-16",2027,"N20","nominal","2.0NRT",276.74,0.62,"N"
"32473",27.49792,91.73119,298.45,0.52,0.67,"2026-02-16",2027,"N20","nominal","2.0NRT",280.49,0.79,"N"
"32474",27.26125,92.49803,307.1,0.59,0.7,"2026-02-16",2027,"N20","nominal","2.0NRT",278.33,1.93,"N"
"32475",30.26572,75.17268,296.1,0.51,0.41,"2026-02-16",2027,"N20","nominal","2.0NRT",277.47,0.82,"N"
"32476",29.2515,81.45247,299.06,0.41,0.37,"2026-02-16",2027,"N20","nominal","2.0NRT",278.2,0.59,"N"
"32477",28.97698,82.59418,297.59,0.45,0.39,"2026-02-16",2027,"N20","nominal","2.0NRT",279.33,0.71,"N"
"32478",30.31751,70.81028,308.55,0.59,0.53,"2026-02-16",2027,"N20","nominal","2.0NRT",272.93,2.76,"N"
"32479",30.31456,70.80978,301.76,0.59,0.53,"2026-02-16",2027,"N20","nominal","2.0NRT",272.09,1.16,"N"
"32480",26.75547,90.92779,298.96,0.49,0.65,"2026-02-16",2027,"N20","nominal","2.0NRT",288.28,2.12,"N"
"32481",26.74967,90.92608,324.74,0.49,0.65,"2026-02-16",2027,"N20","nominal","2.0NRT",288.75,2.12,"N"
"32482",26.74388,90.92432,321.77,0.49,0.65,"2026-02-16",2027,"N20","nominal","2.0NRT",288.73,1.73,"N"
"32483",26.7381,90.92255,301.29,0.49,0.65,"2026-02-16",2027,"N20","nominal","2.0NRT",288.1,1.73,"N"
"32484",29.46109,76.88776,316.22,0.42,0.38,"2026-02-16",2027,"N20","nominal","2.0NRT",289.17,1.84,"N"
"32485",27.48928,87.45756,303.74,0.58,0.52,"2026-02-16",2027,"N20","nominal","2.0NRT",270.39,3.43,"N"
"32486",29.47329,74.66903,307.97,0.52,0.42,"2026-02-16",2027,"N20","nominal","2.0NRT",279.01,1.78,"N"
"32487",29.47263,74.67443,305.8,0.52,0.42,"2026-02-16",2027,"N20","nominal","2.0NRT",279.5,1.78,"N"
"32488",29.20015,76.22945,297.78,0.44,0.39,"2026-02-16",2027,"N20","nominal","2.0NRT",284.3,0.52,"N"
"32489",28.8388,77.13869,296.84,0.41,0.37,"2026-02-16",2027,"N20","nominal","2.0NRT",284.39,0.35,"N"
"32490",28.83142,76.96867,295.79,0.42,0.37,"2026-02-16",2027,"N20","nominal","2.0NRT",285.09,0.68,"N"
"32491",25.32205,93.85464,306.24,0.79,0.78,"2026-02-16",2027,"N20","nominal","2.0NRT",279.89,1.55,"N"
"32492",25.31928,93.83731,303.3,0.79,0.78,"2026-02-16",2027,"N20","nominal","2.0NRT",279.93,1.61,"N"
"32493",28.819,76.83094,301.07,0.42,0.38,"2026-02-16",2027,"N20","nominal","2.0NRT",284.5,0.34,"N"
"32494",28.77784,76.95022,298.3,0.42,0.37,"2026-02-16",2027,"N20","nominal","2.0NRT",284.31,0.36,"N"
"32495",28.77457,76.70214,308.3,0.42,0.38,"2026-02-16",2027,"N20","nominal","2.0NRT",285.44,1.24,"N"
"32496",28.74275,76.9289,306.93,0.42,0.37,"2026-02-16",2027,"N20","nominal","2.0NRT",286.17,0.71,"N"
"32497",28.64881,77.55942,301.69,0.4,0.37,"2026-02-16",2027,"N20","nominal","2.0NRT",283.81,0.62,"N"
"32498",28.71069,76.83147,303.76,0.42,0.38,"2026-02-16",2027,"N20","nominal","2.0NRT",284.98,0.64,"N"
"32499",28.3696,77.26299,299.32,0.41,0.37,"2026-02-16",2027,"N20","nominal","2.0NRT",286.86,0.51,"N"
"32500",28.32317,77.19949,302.15,0.41,0.37,"2026-02-16",2027,"N20","nominal","2.0NRT",284.09,0.67,"N"
"32501",28.30097,77.23344,311.67,0.41,0.37,"2026-02-16",2027,"N20","nominal","2.0NRT",285.6,1.17,"N"
"32502",25.21843,91.19825,300.15,0.55,0.68,"2026-02-16",2027,"N20","nominal","2.0NRT",289.5,1.08,"N"
"32503",26.7605,83.19994,301.13,0.51,0.41,"2026-02-16",2027,"N20","nominal","2.0NRT",290.65,1.03,"N"
"32504",27.66936,76.13174,300.46,0.43,0.38,"2026-02-16",2027,"N20","nominal","2.0NRT",289.75,1.12,"N"
"32505",26.64451,79.48032,328.79,0.39,0.36,"2026-02-16",2027,"N20","nominal","2.0NRT",288.28,2.21,"N"
"32506",26.64179,79.47664,308.8,0.39,0.36,"2026-02-16",2027,"N20","nominal","2.0NRT",286.55,0.75,"N"
"32507",25.03414,87.36788,309.84,0.32,0.55,"2026-02-16",2027,"N20","nominal","2.0NRT",288.46,1.14,"N"
"32508",25.03346,87.37091,306.19,0.32,0.55,"2026-02-16",2027,"N20","nominal","2.0NRT",290.19,1.09,"N"
"32509",25.03276,87.37405,313.64,0.32,0.55,"2026-02-16",2027,"N20","nominal","2.0NRT",288.03,1.09,"N"
"32510",25.03205,87.3772,302.36,0.32,0.55,"2026-02-16",2027,"N20","nominal","2.0NRT",289.12,0.96,"N"
"32511",26.87811,73.51374,298.89,0.56,0.43,"2026-02-16",2029,"N20","nominal","2.0NRT",287.44,0.25,"N"
"32512",24.41501,85.4847,296.59,0.51,0.49,"2026-02-16",2029,"N20","nominal","2.0NRT",285.06,0.7,"N"
"32513",26.27246,74.18896,303.98,0.51,0.41,"2026-02-16",2029,"N20","nominal","2.0NRT",292.61,1.54,"N"
"32514",24.14886,86.33351,298.26,0.58,0.52,"2026-02-16",2029,"N20","nominal","2.0NRT",286.24,0.88,"N"
"32515",24.14848,86.33137,300.75,0.58,0.52,"2026-02-16",2029,"N20","nominal","2.0NRT",285.79,1.51,"N"
"32516",23.57981,87.7289,297.75,0.36,0.58,"2026-02-16",2029,"N20","nominal","2.0NRT",287.01,0.33,"N"
"32517",23.69958,87.11524,301.3,0.33,0.55,"2026-02-16",2029,"N20","nominal","2.0NRT",287.94,0.43,"N"
"32518",23.69879,87.09492,311.17,0.33,0.55,"2026-02-16",2029,"N20","nominal","2.0NRT",290.28,2.36,"N"
"32519",23.6967,87.10443,300.89,0.33,0.55,"2026-02-16",2029,"N20","nominal","2.0NRT",288.3,1.58,"N"
"32520",23.6953,87.11078,304.29,0.33,0.55,"2026-02-16",2029,"N20","nominal","2.0NRT",288.77,2.31,"N"
"32521",23.6946,87.11396,299.48,0.33,0.55,"2026-02-16",2029,"N20","nominal","2.0NRT",288.22,1.09,"N"
"32522",23.6939,87.11713,301.15,0.33,0.55,"2026-02-16",2029,"N20","nominal","2.0NRT",291.05,1.09,"N"
"32523",23.6932,87.12032,309.28,0.33,0.55,"2026-02-16",2029,"N20","nominal","2.0NRT",290.8,1.51,"N"
"32524",23.69251,87.12347,317.04,0.33,0.55,"2026-02-16",2029,"N20","nominal","2.0NRT",293.01,1.51,"N"
"32525",23.69243,87.09997,314.99,0.33,0.55,"2026-02-16",2029,"N20","nominal","2.0NRT",291.46,1.58,"N"
"32526",23.68752,87.12222,307.87,0.33,0.55,"2026-02-16",2029,"N20","nominal","2.0NRT",291.8,1.51,"N"
"32527",23.66415,87.15643,309.83,0.33,0.55,"2026-02-16",2029,"N20","nominal","2.0NRT",289.72,1.3,"N"
"32528",23.80485,86.33129,313.83,0.59,0.53,"2026-02-16",2029,"N20","nominal","2.0NRT",293.75,5.83,"N"
"32529",23.79516,86.35271,312.64,0.59,0.53,"2026-02-16",2029,"N20","nominal","2.0NRT",293.06,4.42,"N"
"32530",23.80534,86.33001,318.44,0.59,0.53,"2026-02-16",2029,"N20","nominal","2.0NRT",295.04,4.04,"N"
"32531",23.7958,86.3515,309.79,0.59,0.53,"2026-02-16",2029,"N20","nominal","2.0NRT",292.91,2.98,"N"
"32532",23.78268,86.38984,310.92,0.59,0.53,"2026-02-16",2029,"N20","nominal","2.0NRT",290.85,1.86,"N"
"32533",23.66882,86.92175,298.82,0.32,0.55,"2026-02-16",2029,"N20","nominal","2.0NRT",288.75,1.06,"N"
"32534",24.45142,83.03882,298.6,0.55,0.42,"2026-02-16",2029,"N20","nominal","2.0NRT",286.75,0.69,"N"
"32535",23.78152,86.37175,307.71,0.59,0.53,"2026-02-16",2029,"N20","nominal","2.0NRT",290.21,2.25,"N"
"32536",23.77792,86.38866,302.62,0.59,0.53,"2026-02-16",2029,"N20","nominal","2.0NRT",290.72,1.86,"N"
"32537",23.78276,86.34237,302.31,0.59,0.53,"2026-02-16",2029,"N20","nominal","2.0NRT",290.87,1.76,"N"
"32538",23.78157,86.34797,302.39,0.59,0.53,"2026-02-16",2029,"N20","nominal","2.0NRT",290.33,1.43,"N"
"32539",23.76951,86.40466,301.25,0.59,0.53,"2026-02-16",2029,"N20","nominal","2.0NRT",291.02,2.42,"N"
"32540",23.77322,86.36371,308.83,0.59,0.53,"2026-02-16",2029,"N20","nominal","2.0NRT",290.14,3.04,"N"
"32541",23.76717,86.39212,305.58,0.59,0.53,"2026-02-16",2029,"N20","nominal","2.0NRT",294.17,4.67,"N"
"32542",23.76475,86.40344,319.3,0.59,0.53,"2026-02-16",2029,"N20","nominal","2.0NRT",292.84,2.42,"N"
"32543",23.60348,87.15029,297.06,0.33,0.56,"2026-02-16",2029,"N20","nominal","2.0NRT",286.55,1.16,"N"
"32544",23.75999,86.40227,321.07,0.59,0.53,"2026-02-16",2029,"N20","nominal","2.0NRT",293.24,2.57,"N"
"32545",23.79597,86.23339,299.37,0.58,0.52,"2026-02-16",2029,"N20","nominal","2.0NRT",288.04,1.73,"N"
"32546",23.76606,86.37383,308,0.59,0.53,"2026-02-16",2029,"N20","nominal","2.0NRT",290.81,2.45,"N"
"32547",23.76484,86.37955,302.13,0.59,0.53,"2026-02-16",2029,"N20","nominal","2.0NRT",291.34,1.67,"N"
"32548",23.75642,86.39552,311.08,0.59,0.53,"2026-02-16",2029,"N20","nominal","2.0NRT",288.76,3.31,"N"
"32549",23.75522,86.40113,301.34,0.59,0.53,"2026-02-16",2029,"N20","nominal","2.0NRT",289.83,2.57,"N"
"32550",23.75166,86.39431,307.15,0.59,0.53,"2026-02-16",2029,"N20","nominal","2.0NRT",286.69,1.3,"N"
"32551",23.73833,86.43302,324.13,0.6,0.53,"2026-02-16",2029,"N20","nominal","2.0NRT",294.27,5.63,"N"
"32552",23.56226,87.24152,297.8,0.34,0.56,"2026-02-16",2029,"N20","nominal","2.0NRT",287.61,0.43,"N"
"32553",23.78192,86.20633,319.95,0.58,0.52,"2026-02-16",2029,"N20","nominal","2.0NRT",291.07,3.66,"N"
"32554",23.55724,87.24022,319.8,0.34,0.56,"2026-02-16",2029,"N20","nominal","2.0NRT",288.46,2.95,"N"
"32555",23.55581,87.24667,304,0.34,0.56,"2026-02-16",2029,"N20","nominal","2.0NRT",290.74,1.03,"N"
"32556",23.77602,86.21075,301.71,0.58,0.52,"2026-02-16",2029,"N20","nominal","2.0NRT",290.34,3.66,"N"
"32557",23.55078,87.24539,303.43,0.34,0.56,"2026-02-16",2029,"N20","nominal","2.0NRT",290.86,1.03,"N"
"32558",23.77248,86.20418,300.34,0.58,0.52,"2026-02-16",2029,"N20","nominal","2.0NRT",289.48,1.13,"N"
"32559",23.71429,86.45116,322.6,0.6,0.53,"2026-02-16",2029,"N20","nominal","2.0NRT",292.17,4.58,"N"
"32560",23.72046,86.42263,299.85,0.6,0.53,"2026-02-16",2029,"N20","nominal","2.0NRT",289.63,1.54,"N"
"32561",23.63079,86.83452,301.8,0.32,0.54,"2026-02-16",2029,"N20","nominal","2.0NRT",287.32,0.6,"N"
"32562",23.71074,86.44429,303.85,0.6,0.53,"2026-02-16",2029,"N20","nominal","2.0NRT",288.71,1.78,"N"
"32563",23.51615,87.32924,304.07,0.34,0.56,"2026-02-16",2029,"N20","nominal","2.0NRT",289.23,0.47,"N"
"32564",23.61499,86.85932,298.16,0.32,0.55,"2026-02-16",2029,"N20","nominal","2.0NRT",286.67,0.77,"N"
"32565",23.5655,87.0834,302.01,0.33,0.55,"2026-02-16",2029,"N20","nominal","2.0NRT",287.79,0.57,"N"
"32566",23.56409,87.08979,301.15,0.33,0.55,"2026-02-16",2029,"N20","nominal","2.0NRT",289.54,1,"N"
"32567",23.56053,87.08212,312.01,0.33,0.55,"2026-02-16",2029,"N20","nominal","2.0NRT",288.65,1.35,"N"
"32568",23.51838,87.27136,299.42,0.34,0.56,"2026-02-16",2029,"N20","nominal","2.0NRT",287.87,0.54,"N"
"32569",23.49131,87.36839,298.16,0.35,0.56,"2026-02-16",2029,"N20","nominal","2.0NRT",287.48,0.62,"N"
"32570",23.61554,86.78645,303.43,0.63,0.54,"2026-02-16",2029,"N20","nominal","2.0NRT",289.29,3.05,"N"
"32571",23.48265,87.3592,300.77,0.35,0.56,"2026-02-16",2029,"N20","nominal","2.0NRT",289.79,1.2,"N"
"32572",23.68727,86.39039,317.83,0.6,0.53,"2026-02-16",2029,"N20","nominal","2.0NRT",292.4,4.62,"N"
"32573",23.68605,86.39599,302.81,0.6,0.53,"2026-02-16",2029,"N20","nominal","2.0NRT",289.65,1.66,"N"
"32574",23.68127,86.39486,320.62,0.6,0.53,"2026-02-16",2029,"N20","nominal","2.0NRT",295.18,2.84,"N"
"32575",23.68002,86.40057,301.74,0.6,0.53,"2026-02-16",2029,"N20","nominal","2.0NRT",290.51,2.84,"N"
"32576",23.67648,86.39376,315.33,0.6,0.53,"2026-02-16",2029,"N20","nominal","2.0NRT",290.87,2.84,"N"
"32577",23.67523,86.39946,316.45,0.6,0.53,"2026-02-16",2029,"N20","nominal","2.0NRT",294.88,2.84,"N"
"32578",23.61301,86.79114,307.99,0.63,0.54,"2026-02-16",2029,"N20","nominal","2.0NRT",290.4,1.93,"N"
"32579",23.68825,86.38868,313.09,0.6,0.53,"2026-02-16",2029,"N20","nominal","2.0NRT",291.61,2.6,"N"
"32580",23.68707,86.39424,309.42,0.6,0.53,"2026-02-16",2029,"N20","nominal","2.0NRT",290.63,2.6,"N"
"32581",23.68229,86.39312,315.04,0.6,0.53,"2026-02-16",2029,"N20","nominal","2.0NRT",292.65,2.69,"N"
"32582",23.68109,86.3988,308.96,0.6,0.53,"2026-02-16",2029,"N20","nominal","2.0NRT",292.37,2.68,"N"
"32583",23.67751,86.392,305.19,0.6,0.53,"2026-02-16",2029,"N20","nominal","2.0NRT",287.39,2.69,"N"
"32584",23.67631,86.39768,316.86,0.6,0.53,"2026-02-16",2029,"N20","nominal","2.0NRT",295.53,2.68,"N"
"32585",23.67508,86.40347,302.58,0.6,0.53,"2026-02-16",2029,"N20","nominal","2.0NRT",292,2.68,"N"
"32586",23.67152,86.39658,310.37,0.6,0.53,"2026-02-16",2029,"N20","nominal","2.0NRT",289.11,2.04,"N"
"32587",23.75734,85.85068,302.77,0.55,0.51,"2026-02-16",2029,"N20","nominal","2.0NRT",287.84,2.85,"N"
"32588",23.82622,85.49894,307.15,0.52,0.5,"2026-02-16",2029,"N20","nominal","2.0NRT",291.32,2.15,"N"
"32589",23.82277,85.49285,302.01,0.52,0.5,"2026-02-16",2029,"N20","nominal","2.0NRT",287.55,1.28,"N"
"32590",23.69924,86.07909,304.02,0.57,0.52,"2026-02-16",2029,"N20","nominal","2.0NRT",286.97,1.42,"N"
"32591",23.82454,85.46176,297.16,0.52,0.5,"2026-02-16",2029,"N20","nominal","2.0NRT",284.77,0.67,"N"
"32592",23.68175,86.09185,309.58,0.57,0.52,"2026-02-16",2029,"N20","nominal","2.0NRT",289.5,2.98,"N"
"32593",23.79103,85.55389,299.72,0.53,0.5,"2026-02-16",2029,"N20","nominal","2.0NRT",288.57,0.51,"N"
"32594",23.67825,86.08517,308.3,0.57,0.52,"2026-02-16",2029,"N20","nominal","2.0NRT",291.63,1.48,"N"
"32595",23.78651,85.55283,305.03,0.53,0.5,"2026-02-16",2029,"N20","nominal","2.0NRT",287.74,0.51,"N"
"32596",23.78222,85.57317,300.27,0.53,0.5,"2026-02-16",2029,"N20","nominal","2.0NRT",289.55,2.22,"N"
"32597",23.67358,86.08398,306.26,0.57,0.52,"2026-02-16",2029,"N20","nominal","2.0NRT",287.12,1.48,"N"
"32598",23.66657,86.0937,297.1,0.57,0.52,"2026-02-16",2029,"N20","nominal","2.0NRT",287.06,1.39,"N"
"32599",23.54919,86.54188,298.09,0.61,0.54,"2026-02-16",2029,"N20","nominal","2.0NRT",287.05,0.91,"N"
"32600",23.55163,86.54137,299.49,0.61,0.54,"2026-02-16",2029,"N20","nominal","2.0NRT",286.61,2.54,"N"
"32601",24.52832,81.16881,304.52,0.45,0.39,"2026-02-16",2029,"N20","nominal","2.0NRT",289.11,0.94,"N"
"32602",23.66269,85.55272,296.5,0.53,0.5,"2026-02-16",2029,"N20","nominal","2.0NRT",284.69,0.68,"N"
"32603",23.69729,85.36652,303.41,0.51,0.5,"2026-02-16",2029,"N20","nominal","2.0NRT",286.2,1.46,"N"
"32604",23.70936,85.28693,299.34,0.51,0.49,"2026-02-16",2029,"N20","nominal","2.0NRT",286.46,0.96,"N"
"32605",23.65772,85.50892,302.78,0.53,0.5,"2026-02-16",2029,"N20","nominal","2.0NRT",286.7,1.77,"N"
"32606",23.69495,85.28873,297.1,0.51,0.49,"2026-02-16",2029,"N20","nominal","2.0NRT",285.68,1.18,"N"
"32607",23.71219,85.28471,305.3,0.51,0.49,"2026-02-16",2029,"N20","nominal","2.0NRT",287.28,1.52,"N"
"32608",23.6952,85.36842,299.92,0.51,0.5,"2026-02-16",2029,"N20","nominal","2.0NRT",287.17,1.16,"N"
"32609",23.65764,85.50619,306.01,0.53,0.5,"2026-02-16",2029,"N20","nominal","2.0NRT",286.16,1.9,"N"
"32610",23.82791,84.5741,305.52,0.46,0.47,"2026-02-16",2029,"N20","nominal","2.0NRT",287.27,1.78,"N"
"32611",23.73586,85.00851,299.12,0.49,0.48,"2026-02-16",2029,"N20","nominal","2.0NRT",287.45,1.99,"N"
"32612",23.64852,85.43543,305.78,0.52,0.5,"2026-02-16",2029,"N20","nominal","2.0NRT",285.95,2.28,"N"
"32613",23.64748,85.44048,313.05,0.52,0.5,"2026-02-16",2029,"N20","nominal","2.0NRT",287.59,2.32,"N"
"32614",24.18602,82.66203,300.83,0.53,0.42,"2026-02-16",2029,"N20","nominal","2.0NRT",287.62,0.5,"N"
"32615",24.17937,82.67641,307.9,0.53,0.42,"2026-02-16",2029,"N20","nominal","2.0NRT",288.34,1.58,"N"
"32616",23.72177,85.01012,299.17,0.49,0.48,"2026-02-16",2029,"N20","nominal","2.0NRT",285.59,0.58,"N"
"32617",23.64225,85.39725,295.13,0.52,0.5,"2026-02-16",2029,"N20","nominal","2.0NRT",284.67,0.46,"N"
"32618",23.28058,87.02608,298.78,0.33,0.55,"2026-02-16",2029,"N20","nominal","2.0NRT",287.34,0.36,"N"
"32619",24.16354,82.61417,313.72,0.52,0.42,"2026-02-16",2029,"N20","nominal","2.0NRT",288.31,1.6,"N"
"32620",24.14722,82.65869,297.24,0.53,0.42,"2026-02-16",2029,"N20","nominal","2.0NRT",286.88,0.33,"N"
"32621",24.14352,82.63666,302.52,0.53,0.42,"2026-02-16",2029,"N20","nominal","2.0NRT",289.49,1.04,"N"
"32622",24.523,79.6325,299.2,0.4,0.37,"2026-02-16",2029,"N20","nominal","2.0NRT",288.36,0.45,"N"
"32623",24.19712,80.7951,303.94,0.43,0.38,"2026-02-16",2029,"N20","nominal","2.0NRT",289.49,0.96,"N"
"32624",24.16837,80.69347,308.1,0.43,0.38,"2026-02-16",2029,"N20","nominal","2.0NRT",289.17,1.02,"N"
"32625",24.05501,80.61458,300.1,0.43,0.38,"2026-02-16",2029,"N20","nominal","2.0NRT",289.28,0.99,"N"
"32626",22.87586,86.06136,308.16,0.59,0.53,"2026-02-16",2029,"N20","nominal","2.0NRT",289.41,1.86,"N"
"32627",22.87613,86.06081,307.51,0.59,0.53,"2026-02-16",2029,"N20","nominal","2.0NRT",287.85,1.4,"N"
"32628",22.7852,86.20572,303.28,0.6,0.53,"2026-02-16",2029,"N20","nominal","2.0NRT",292.37,2.76,"N"
"32629",22.80005,86.08945,310.1,0.59,0.53,"2026-02-16",2029,"N20","nominal","2.0NRT",290.64,2.1,"N"
"32630",24.76296,74.60501,295.19,0.47,0.4,"2026-02-16",2029,"N20","nominal","2.0NRT",283.99,0.75,"N"
"32631",24.76236,74.60963,303.13,0.47,0.4,"2026-02-16",2029,"N20","nominal","2.0NRT",289.17,0.75,"N"
"32632",24.24167,78.16209,297.64,0.38,0.36,"2026-02-16",2029,"N20","nominal","2.0NRT",286.62,0.49,"N"
"32633",63.87142,122.70251,367,0.44,0.62,"2026-02-16",2016,"N20","high","2.0NRT",239.77,10.15,"N"
"32634",63.86898,122.70245,367,0.44,0.62,"2026-02-16",2016,"N20","high","2.0NRT",242.48,9.05,"N"
"32635",71.15972,67.15771,334.89,0.56,0.69,"2026-02-16",2016,"N20","nominal","2.0NRT",239.21,4.63,"N"
"32636",62.49775,113.90363,333.94,0.64,0.54,"2026-02-16",2018,"N20","nominal","2.0NRT",237.15,4.01,"N"
"32637",62.44497,113.65346,322.99,0.63,0.54,"2026-02-16",2018,"N20","nominal","2.0NRT",233.96,3.6,"N"
"32638",62.35088,113.7608,367,0.32,0.55,"2026-02-16",2018,"N20","high","2.0NRT",243.65,7.57,"N"
"32639",62.35614,113.69159,367,0.32,0.54,"2026-02-16",2018,"N20","high","2.0NRT",241.83,24.6,"N"
"32640",62.35442,113.6965,326.25,0.32,0.54,"2026-02-16",2018,"N20","nominal","2.0NRT",239.66,24.6,"N"
"32641",62.40498,113.58473,329.58,0.63,0.54,"2026-02-16",2018,"N20","nominal","2.0NRT",238.92,4.59,"N"
"32642",62.35498,113.69376,332.42,0.32,0.54,"2026-02-16",2018,"N20","nominal","2.0NRT",255.61,61.71,"N"
"32643",61.83288,113.579,348.85,0.33,0.56,"2026-02-16",2018,"N20","nominal","2.0NRT",238.1,3.23,"N"
"32644",61.59443,113.0526,367,0.33,0.55,"2026-02-16",2018,"N20","high","2.0NRT",234.33,6.11,"N"
"32645",61.59264,113.05774,322.96,0.33,0.55,"2026-02-16",2018,"N20","nominal","2.0NRT",237.28,5.1,"N"
"32646",61.54325,113.16268,367,0.33,0.56,"2026-02-16",2018,"N20","high","2.0NRT",243.31,15.66,"N"
"32647",61.54146,113.16782,341.13,0.33,0.56,"2026-02-16",2018,"N20","nominal","2.0NRT",248.82,15.94,"N"
"32648",61.4622,112.99953,329.88,0.33,0.56,"2026-02-16",2018,"N20","nominal","2.0NRT",233.81,2.37,"N"
"32649",61.40829,112.88557,367,0.33,0.56,"2026-02-16",2018,"N20","high","2.0NRT",234.62,13.42,"N"
"32650",61.40653,112.89064,338.93,0.33,0.56,"2026-02-16",2018,"N20","nominal","2.0NRT",262.58,13.42,"N"
"32651",61.34853,112.80134,367,0.33,0.56,"2026-02-16",2018,"N20","high","2.0NRT",263,49.02,"N"
"32652",61.35081,112.8013,326.76,0.33,0.56,"2026-02-16",2018,"N20","nominal","2.0NRT",246.06,23.04,"N"
"32653",61.34903,112.80647,350.62,0.33,0.56,"2026-02-16",2018,"N20","nominal","2.0NRT",291.67,36.61,"N"
"32654",61.34488,112.80012,347.35,0.33,0.56,"2026-02-16",2018,"N20","nominal","2.0NRT",244.23,36.61,"N"
"32655",61.34308,112.8053,339.06,0.33,0.56,"2026-02-16",2018,"N20","nominal","2.0NRT",243.52,36.61,"N"
"32656",61.30338,112.8465,327.83,0.34,0.56,"2026-02-16",2018,"N20","nominal","2.0NRT",234.38,1.77,"N"
"32657",60.92439,112.11744,339.3,0.33,0.55,"2026-02-16",2018,"N20","nominal","2.0NRT",239.94,3.36,"N"
"32658",60.92092,112.1145,351.78,0.33,0.56,"2026-02-16",2018,"N20","nominal","2.0NRT",242.04,4.68,"N"
"32659",60.21212,109.92375,330.78,0.62,0.54,"2026-02-16",2018,"N20","nominal","2.0NRT",234.37,3.61,"N"
"32660",59.78746,110.87254,320.88,0.34,0.56,"2026-02-16",2018,"N20","nominal","2.0NRT",235,1.27,"N"
"32661",60.14994,109.09273,335.42,0.59,0.53,"2026-02-16",2018,"N20","nominal","2.0NRT",247.68,16.99,"N"
"32662",60.14701,109.10188,335.62,0.59,0.53,"2026-02-16",2018,"N20","nominal","2.0NRT",242.3,9.16,"N"
"32663",60.14479,109.09311,334.05,0.59,0.53,"2026-02-16",2018,"N20","nominal","2.0NRT",245.65,15.17,"N"
"32664",59.77504,109.27763,330.28,0.62,0.54,"2026-02-16",2018,"N20","nominal","2.0NRT",239.1,8.04,"N"
"32665",59.84729,108.38387,321.2,0.58,0.52,"2026-02-16",2018,"N20","nominal","2.0NRT",235.96,2.88,"N"
"32666",59.84153,108.40205,328.44,0.58,0.52,"2026-02-16",2018,"N20","nominal","2.0NRT",234.13,3.96,"N"
"32667",59.78785,108.19093,322.42,0.57,0.52,"2026-02-16",2018,"N20","nominal","2.0NRT",240.95,4.03,"N"
"32668",58.44859,107.59554,335.89,0.62,0.54,"2026-02-16",2021,"N20","nominal","2.0NRT",243.99,8.38,"N"
"32669",58.42465,107.57921,333.74,0.62,0.54,"2026-02-16",2021,"N20","nominal","2.0NRT",249.95,12.13,"N"
"32670",58.47973,107.02432,325.18,0.59,0.53,"2026-02-16",2021,"N20","nominal","2.0NRT",245.38,4.51,"N"
"32671",60.4301,96.50984,344.04,0.41,0.37,"2026-02-16",2021,"N20","nominal","2.0NRT",261.89,5.93,"N"
"32672",60.42871,96.51692,321.93,0.41,0.37,"2026-02-16",2021,"N20","nominal","2.0NRT",256.37,5.24,"N"
"32673",60.42687,96.50729,334.47,0.41,0.37,"2026-02-16",2021,"N20","nominal","2.0NRT",283.69,46.43,"N"
"32674",60.4255,96.51437,341.86,0.41,0.37,"2026-02-16",2021,"N20","nominal","2.0NRT",257.39,17.13,"N"
"32675",60.43989,96.24913,330.36,0.41,0.37,"2026-02-16",2021,"N20","nominal","2.0NRT",263.16,13.22,"N"
"32676",60.43666,96.24667,340.1,0.41,0.37,"2026-02-16",2021,"N20","nominal","2.0NRT",273.5,13.22,"N"
"32677",60.43527,96.25383,320.05,0.41,0.37,"2026-02-16",2021,"N20","nominal","2.0NRT",257.49,13.22,"N"
"32678",57.87788,105.88197,332.65,0.57,0.52,"2026-02-16",2021,"N20","nominal","2.0NRT",247.74,7.75,"N"
"32679",57.87516,105.89083,335.62,0.57,0.52,"2026-02-16",2021,"N20","nominal","2.0NRT",250.33,7.39,"N"
"32680",57.87669,105.88335,342.49,0.57,0.52,"2026-02-16",2021,"N20","nominal","2.0NRT",250.15,8.63,"N"
"32681",57.874,105.89227,330.98,0.57,0.52,"2026-02-16",2021,"N20","nominal","2.0NRT",247.29,8.63,"N"
"32682",57.56838,105.92634,342.34,0.59,0.53,"2026-02-16",2021,"N20","nominal","2.0NRT",247.97,6.79,"N"
"32683",57.56418,105.92167,337.02,0.59,0.53,"2026-02-16",2021,"N20","nominal","2.0NRT",248.07,6.79,"N"
"32684",57.61903,105.68675,334.91,0.58,0.52,"2026-02-16",2021,"N20","nominal","2.0NRT",240.9,6.93,"N"
"32685",57.53809,105.86012,330.52,0.59,0.53,"2026-02-16",2021,"N20","nominal","2.0NRT",242.02,7.31,"N"
"32686",57.53536,105.869,333.82,0.59,0.53,"2026-02-16",2021,"N20","nominal","2.0NRT",244.92,7.8,"N"
"32687",57.5379,105.86419,337.3,0.59,0.53,"2026-02-16",2021,"N20","nominal","2.0NRT",244.74,13.88,"N"
"32688",61.98193,68.56685,341.79,0.56,0.69,"2026-02-16",2021,"N20","nominal","2.0NRT",254.87,4.88,"N"
"32689",61.9471,68.4593,342.5,0.56,0.69,"2026-02-16",2021,"N20","nominal","2.0NRT",253.67,4.95,"N"
"32690",61.94696,68.46562,335.71,0.56,0.69,"2026-02-16",2021,"N20","nominal","2.0NRT",255.14,4.41,"N"
"32691",61.75539,66.94498,325.99,0.63,0.72,"2026-02-16",2021,"N20","nominal","2.0NRT",254.58,4.73,"N"
"32692",61.75336,66.95046,332.05,0.63,0.72,"2026-02-16",2021,"N20","nominal","2.0NRT",255.33,4.83,"N"
"32693",61.49454,79.30148,340.38,0.49,0.49,"2026-02-16",2021,"N20","nominal","2.0NRT",266.13,7.6,"N"
"32694",61.51163,70.07365,341.37,0.5,0.66,"2026-02-16",2021,"N20","nominal","2.0NRT",258.33,5.13,"N"
"32695",61.28002,72.96505,337.2,0.4,0.6,"2026-02-16",2021,"N20","nominal","2.0NRT",256.22,2.8,"N"
"32696",61.02109,72.61406,335.47,0.41,0.61,"2026-02-16",2021,"N20","nominal","2.0NRT",258.66,2.67,"N"
"32697",60.96466,70.85625,326.2,0.47,0.64,"2026-02-16",2021,"N20","nominal","2.0NRT",255.38,3.65,"N"
"32698",60.75105,70.812,333.59,0.47,0.64,"2026-02-16",2021,"N20","nominal","2.0NRT",255.35,2.47,"N"
"32699",60.71774,72.51314,367,0.41,0.61,"2026-02-16",2021,"N20","high","2.0NRT",257.99,6.32,"N"
"32700",60.71547,72.51565,348.68,0.41,0.61,"2026-02-16",2021,"N20","nominal","2.0NRT",257.09,5.21,"N"
"32701",55.17475,106.64031,333.27,0.38,0.59,"2026-02-16",2021,"N20","nominal","2.0NRT",242.93,4.52,"N"
"32702",60.11517,73.57607,330.16,0.38,0.58,"2026-02-16",2021,"N20","nominal","2.0NRT",260.97,1.84,"N"
"32703",59.89413,71.73051,367,0.44,0.62,"2026-02-16",2021,"N20","high","2.0NRT",260.13,9.01,"N"
"32704",59.89445,71.72589,320.84,0.44,0.62,"2026-02-16",2021,"N20","nominal","2.0NRT",254.63,5.63,"N"
"32705",59.89442,71.73389,355.82,0.43,0.62,"2026-02-16",2021,"N20","nominal","2.0NRT",259.51,5.63,"N"
"32706",59.41551,71.62353,351.6,0.44,0.62,"2026-02-16",2021,"N20","nominal","2.0NRT",258.5,5.25,"N"
"32707",58.41538,85.04305,304.39,0.46,0.39,"2026-02-16",2021,"N20","nominal","2.0NRT",266.25,1.61,"N"
"32708",57.08338,92.52007,325.42,0.4,0.37,"2026-02-16",2021,"N20","nominal","2.0NRT",260.5,4.49,"N"
"32709",56.23159,90.41009,321.72,0.39,0.36,"2026-02-16",2021,"N20","nominal","2.0NRT",276.09,4.14,"N"
"32710",55.36825,86.04868,325.67,0.41,0.37,"2026-02-16",2021,"N20","nominal","2.0NRT",264.74,2.43,"N"
"32711",53.71205,91.08527,323.35,0.4,0.37,"2026-02-16",2023,"N20","nominal","2.0NRT",270.75,2.7,"N"
"32712",53.71095,91.09123,326.18,0.41,0.37,"2026-02-16",2023,"N20","nominal","2.0NRT",273.68,2.7,"N"
"32713",54.30463,86.13654,298.09,0.4,0.37,"2026-02-16",2023,"N20","nominal","2.0NRT",267.05,1.54,"N"
"32714",54.30379,86.14261,299.83,0.4,0.37,"2026-02-16",2023,"N20","nominal","2.0NRT",270.29,1.54,"N"
"32715",54.30132,86.13518,320.05,0.4,0.37,"2026-02-16",2023,"N20","nominal","2.0NRT",272.24,1.54,"N"
"32716",54.30048,86.14123,332.15,0.4,0.37,"2026-02-16",2023,"N20","nominal","2.0NRT",271.64,1.54,"N"
"32717",54.30215,86.12917,312.58,0.4,0.37,"2026-02-16",2023,"N20","nominal","2.0NRT",267.52,1.16,"N"
"32718",54.29633,86.14596,311.64,0.4,0.37,"2026-02-16",2023,"N20","nominal","2.0NRT",270.22,1.66,"N"
"32719",54.28888,86.14927,296.18,0.4,0.37,"2026-02-16",2023,"N20","nominal","2.0NRT",267.49,2.4,"N"
"32720",54.28555,86.14799,336.91,0.4,0.37,"2026-02-16",2023,"N20","nominal","2.0NRT",279.2,2.4,"N"
"32721",54.28223,86.14678,302.13,0.4,0.37,"2026-02-16",2023,"N20","nominal","2.0NRT",267.81,0.56,"N"
"32722",54.28141,86.15268,314.07,0.4,0.37,"2026-02-16",2023,"N20","nominal","2.0NRT",268.88,1.29,"N"
"32723",54.27892,86.17068,305.98,0.4,0.37,"2026-02-16",2023,"N20","nominal","2.0NRT",272.1,0.96,"N"
"32724",54.27727,86.15736,295.94,0.4,0.37,"2026-02-16",2023,"N20","nominal","2.0NRT",267.49,1.29,"N"
"32725",54.27645,86.16327,296.89,0.4,0.37,"2026-02-16",2023,"N20","nominal","2.0NRT",267.85,0.96,"N"
"32726",54.27312,86.16206,346.75,0.4,0.37,"2026-02-16",2023,"N20","nominal","2.0NRT",275.35,15.3,"N"
"32727",54.26645,86.18506,320.99,0.4,0.37,"2026-02-16",2023,"N20","nominal","2.0NRT",270.69,1.63,"N"
"32728",54.26481,86.17159,311.17,0.4,0.37,"2026-02-16",2023,"N20","nominal","2.0NRT",266.77,2.06,"N"
"32729",53.92013,87.28313,323.95,0.39,0.36,"2026-02-16",2023,"N20","nominal","2.0NRT",260.53,1.73,"N"
"32730",53.88282,87.25484,324.17,0.39,0.36,"2026-02-16",2023,"N20","nominal","2.0NRT",267.09,4.46,"N"
"32731",44.85157,90.93522,323.83,0.55,0.43,"2026-02-16",2025,"N20","nominal","2.0NRT",269.72,4.17,"N"
"32732",43.68962,94.98962,321.93,0.6,0.53,"2026-02-16",2025,"N20","nominal","2.0NRT",269.41,2.14,"N"
"32733",43.68026,95.02509,335.65,0.6,0.53,"2026-02-16",2025,"N20","nominal","2.0NRT",279.44,9.56,"N"
"32734",44.72754,90.26212,327.53,0.52,0.42,"2026-02-16",2025,"N20","nominal","2.0NRT",262.42,4.12,"N"
"32735",21.33392,57.72207,325.32,0.41,0.45,"2026-02-16",2212,"N20","nominal","2.0NRT",289.3,2.3,"N"
"32736",21.32093,57.72333,318.23,0.41,0.45,"2026-02-16",2212,"N20","nominal","2.0NRT",289.86,1.57,"N"
"32737",21.31231,57.74597,324.31,0.42,0.45,"2026-02-16",2212,"N20","nominal","2.0NRT",289.81,2.47,"N"
"32738",21.30236,57.79739,317.35,0.42,0.45,"2026-02-16",2212,"N20","nominal","2.0NRT",289.9,1.42,"N"
"32739",21.61777,56.0605,307.58,0.5,0.41,"2026-02-16",2212,"N20","nominal","2.0NRT",290.12,0.62,"N"
"32740",21.29432,57.09797,323.89,0.57,0.43,"2026-02-16",2212,"N20","nominal","2.0NRT",289.83,2.9,"N"
"32741",21.33261,56.69844,331.63,0.54,0.42,"2026-02-16",2212,"N20","nominal","2.0NRT",294.75,13.33,"N"
"32742",20.55939,56.42057,302.12,0.54,0.42,"2026-02-16",2212,"N20","nominal","2.0NRT",286.48,0.78,"N"
"32743",22.67129,39.03502,305.54,0.62,0.71,"2026-02-16",2212,"N20","nominal","2.0NRT",294.24,3.16,"N"
"32744",22.67303,39.03557,305.72,0.62,0.71,"2026-02-16",2212,"N20","nominal","2.0NRT",293.86,2.24,"N"
"32745",22.58333,39.08182,305.12,0.61,0.71,"2026-02-16",2212,"N20","nominal","2.0NRT",293.9,1.44,"N"
"32746",22.58433,39.08326,303.47,0.61,0.71,"2026-02-16",2212,"N20","nominal","2.0NRT",293.33,1.03,"N"
"32747",20.22507,55.73812,303.85,0.5,0.41,"2026-02-16",2212,"N20","nominal","2.0NRT",286.01,0.72,"N"
"32748",20.2242,55.74284,299.03,0.5,0.41,"2026-02-16",2212,"N20","nominal","2.0NRT",286.11,0.82,"N"
"32749",19.34934,56.46033,306.3,0.57,0.43,"2026-02-16",2212,"N20","nominal","2.0NRT",287.82,1.1,"N"
"32750",21.11083,39.2342,302.69,0.58,0.69,"2026-02-16",2212,"N20","nominal","2.0NRT",292.55,1.55,"N"
"32751",21.10958,39.23211,311.32,0.58,0.69,"2026-02-16",2212,"N20","nominal","2.0NRT",293.14,1.33,"N"
"32752",18.69008,55.50705,311.42,0.51,0.41,"2026-02-16",2212,"N20","nominal","2.0NRT",285.05,1.71,"N"
"32753",18.68633,55.50631,333.47,0.51,0.41,"2026-02-16",2212,"N20","nominal","2.0NRT",287.75,10.2,"N"
"32754",20.71557,39.82274,311.7,0.52,0.67,"2026-02-16",2212,"N20","nominal","2.0NRT",293.36,1.5,"N"
"32755",18.32172,55.10368,316.91,0.49,0.41,"2026-02-16",2212,"N20","nominal","2.0NRT",286.93,1.1,"N"
"32756",18.03471,54.64322,337.21,0.47,0.4,"2026-02-16",2214,"N20","nominal","2.0NRT",291.9,3.85,"N"
"32757",18.03266,54.63371,305.52,0.47,0.4,"2026-02-16",2214,"N20","nominal","2.0NRT",287.2,0.59,"N"
"32758",18.01615,54.57298,309.47,0.47,0.4,"2026-02-16",2214,"N20","nominal","2.0NRT",288.45,8.71,"N"
"32759",18.01254,54.57228,346.59,0.47,0.4,"2026-02-16",2214,"N20","nominal","2.0NRT",301.03,8.71,"N"
"32760",18.01178,54.57667,299.32,0.47,0.4,"2026-02-16",2214,"N20","nominal","2.0NRT",287.86,8.71,"N"
"32761",19.5201,42.53528,300.7,0.34,0.56,"2026-02-16",2214,"N20","nominal","2.0NRT",287.37,0.39,"N"
"32762",19.1015,41.15324,304.94,0.41,0.61,"2026-02-16",2214,"N20","nominal","2.0NRT",293.64,0.98,"N"
"32763",18.24742,42.57555,295.65,0.32,0.55,"2026-02-16",2214,"N20","nominal","2.0NRT",284.04,0.4,"N"
"32764",17.59865,44.3367,304.6,0.49,0.48,"2026-02-16",2214,"N20","nominal","2.0NRT",287.1,1.31,"N"
"32765",17.59975,44.33417,297.73,0.49,0.48,"2026-02-16",2214,"N20","nominal","2.0NRT",286.02,1.88,"N"
"32766",17.46359,43.07308,333.46,0.59,0.53,"2026-02-16",2214,"N20","nominal","2.0NRT",289.47,2.95,"N"
"32767",17.46406,43.06903,302.33,0.59,0.53,"2026-02-16",2214,"N20","nominal","2.0NRT",286.12,2.95,"N"
"32768",17.45884,43.07187,322.4,0.59,0.53,"2026-02-16",2214,"N20","nominal","2.0NRT",290.59,2.31,"N"
"32769",17.4593,43.0679,299.25,0.59,0.53,"2026-02-16",2214,"N20","nominal","2.0NRT",287.96,2.31,"N"
"32770",17.2859,42.40115,330,0.32,0.55,"2026-02-16",2214,"N20","nominal","2.0NRT",295.23,1.71,"N"
"32771",17.28556,42.4042,305.21,0.32,0.55,"2026-02-16",2214,"N20","nominal","2.0NRT",295.01,1.71,"N"
"32772",17.28658,42.40075,314.22,0.32,0.55,"2026-02-16",2214,"N20","nominal","2.0NRT",294.44,2.31,"N"
"32773",17.28622,42.40379,312.8,0.32,0.55,"2026-02-16",2214,"N20","nominal","2.0NRT",295.5,2.31,"N"
"32774",17.28119,42.40315,336.5,0.32,0.55,"2026-02-16",2214,"N20","nominal","2.0NRT",294.94,2.31,"N"
"32775",16.93988,42.63319,306.59,0.61,0.54,"2026-02-16",2214,"N20","nominal","2.0NRT",296.01,1.8,"N"
"32776",15.59553,49.12751,298.82,0.4,0.37,"2026-02-16",2214,"N20","nominal","2.0NRT",286.64,0.5,"N"
"32777",15.61552,46.01443,306.64,0.54,0.42,"2026-02-16",2214,"N20","nominal","2.0NRT",286.69,1.1,"N"
"32778",15.61483,46.01946,296.57,0.54,0.42,"2026-02-16",2214,"N20","nominal","2.0NRT",285.68,1.1,"N"
"32779",15.61234,46.00883,303.87,0.54,0.42,"2026-02-16",2214,"N20","nominal","2.0NRT",286.39,1.08,"N"
"32780",15.58065,45.80157,304.26,0.56,0.43,"2026-02-16",2214,"N20","nominal","2.0NRT",285.79,0.83,"N"
"32781",15.57673,45.80099,304.68,0.56,0.43,"2026-02-16",2214,"N20","nominal","2.0NRT",286.8,0.83,"N"
"32782",15.57605,45.80616,296.83,0.56,0.43,"2026-02-16",2214,"N20","nominal","2.0NRT",284.58,0.83,"N"
"32783",15.58089,45.8009,302.97,0.56,0.43,"2026-02-16",2214,"N20","nominal","2.0NRT",285.52,0.87,"N"
"32784",15.57697,45.80033,304.32,0.56,0.43,"2026-02-16",2214,"N20","nominal","2.0NRT",286.48,1.45,"N"
"32785",15.57625,45.80547,300.07,0.56,0.43,"2026-02-16",2214,"N20","nominal","2.0NRT",284.94,1,"N"
"32786",15.56521,45.7986,311.41,0.56,0.43,"2026-02-16",2214,"N20","nominal","2.0NRT",286.17,3.02,"N"
"32787",14.79529,49.16486,304.96,0.39,0.37,"2026-02-16",2214,"N20","nominal","2.0NRT",293.17,0.62,"N"
"32788",14.02739,37.19476,303.21,0.65,0.73,"2026-02-16",2214,"N20","nominal","2.0NRT",291.49,1.51,"N"
"32789",13.57232,39.47069,303.06,0.46,0.63,"2026-02-16",2214,"N20","nominal","2.0NRT",286.99,1.17,"N"
"32790",13.21139,37.67248,304.67,0.6,0.7,"2026-02-16",2214,"N20","nominal","2.0NRT",288.12,1.05,"N"
"32791",13.36481,35.96824,320.46,0.78,0.78,"2026-02-16",2214,"N20","nominal","2.0NRT",293.53,3.88,"N"
"32792",13.36175,35.96902,306.84,0.77,0.78,"2026-02-16",2214,"N20","nominal","2.0NRT",292.89,1.39,"N"
"32793",13.03548,37.17194,305.5,0.64,0.72,"2026-02-16",2214,"N20","nominal","2.0NRT",290.25,1.14,"N"
"32794",12.83832,36.13632,311.32,0.75,0.77,"2026-02-16",2216,"N20","nominal","2.0NRT",291.74,2.36,"N"
"32795",12.83126,36.13545,312.73,0.75,0.77,"2026-02-16",2216,"N20","nominal","2.0NRT",290.7,2.36,"N"
"32796",11.5118,43.09875,305.27,0.48,0.48,"2026-02-16",2216,"N20","nominal","2.0NRT",292.95,0.58,"N"
"32797",11.30164,36.04677,300.76,0.72,0.76,"2026-02-16",2216,"N20","nominal","2.0NRT",287.73,0.37,"N"
"32798",11.2958,36.04485,302.99,0.72,0.76,"2026-02-16",2216,"N20","nominal","2.0NRT",288.74,1.07,"N"
"32799",11.06848,36.07172,300.55,0.72,0.75,"2026-02-16",2216,"N20","nominal","2.0NRT",286.82,4.3,"N"
"32800",10.78936,35.75928,312.45,0.75,0.77,"2026-02-16",2216,"N20","nominal","2.0NRT",290.27,2.96,"N"
"32801",10.0359,40.45601,310.31,0.35,0.57,"2026-02-16",2216,"N20","nominal","2.0NRT",287.52,1.29,"N"
"32802",10.03547,40.45919,310.79,0.35,0.57,"2026-02-16",2216,"N20","nominal","2.0NRT",289.17,1.3,"N"
"32803",10.40888,36.86759,307.26,0.62,0.71,"2026-02-16",2216,"N20","nominal","2.0NRT",290.36,9.42,"N"
"32804",10.30807,36.45253,303.81,0.66,0.73,"2026-02-16",2216,"N20","nominal","2.0NRT",289.39,1.87,"N"
"32805",10.30142,36.45095,305.96,0.66,0.73,"2026-02-16",2216,"N20","nominal","2.0NRT",288.83,1.87,"N"
"32806",10.29535,36.44447,318.62,0.66,0.73,"2026-02-16",2216,"N20","nominal","2.0NRT",289.37,3.23,"N"
"32807",10.28792,36.50668,307.78,0.65,0.73,"2026-02-16",2216,"N20","nominal","2.0NRT",288.38,3.13,"N"
"32808",10.28826,36.44658,305.69,0.66,0.73,"2026-02-16",2216,"N20","nominal","2.0NRT",288.1,3.23,"N"
"32809",10.2606,36.50711,300.75,0.65,0.73,"2026-02-16",2216,"N20","nominal","2.0NRT",287.81,2.34,"N"
"32810",10.3396,35.70781,301.58,0.74,0.76,"2026-02-16",2216,"N20","nominal","2.0NRT",287.76,1.93,"N"
"32811",10.33491,35.70362,299.8,0.74,0.76,"2026-02-16",2216,"N20","nominal","2.0NRT",287.1,0.93,"N"
"32812",10.33383,35.71255,302.99,0.74,0.76,"2026-02-16",2216,"N20","nominal","2.0NRT",287.63,0.93,"N"
"32813",10.21156,35.65804,313.2,0.74,0.76,"2026-02-16",2216,"N20","nominal","2.0NRT",288.12,4.38,"N"
"32814",10.18837,35.86249,315.71,0.72,0.76,"2026-02-16",2216,"N20","nominal","2.0NRT",287.44,4.14,"N"
"32815",10.19441,35.74657,315.89,0.73,0.76,"2026-02-16",2216,"N20","nominal","2.0NRT",286.29,2.8,"N"
"32816",9.81827,38.87812,306.48,0.45,0.63,"2026-02-16",2216,"N20","nominal","2.0NRT",284.13,0.7,"N"
"32817",9.81704,38.88025,300.35,0.45,0.63,"2026-02-16",2216,"N20","nominal","2.0NRT",283.2,1.36,"N"
"32818",10.21377,35.65974,311.5,0.74,0.76,"2026-02-16",2216,"N20","nominal","2.0NRT",287.59,2.94,"N"
"32819",10.1893,35.86328,317.48,0.72,0.76,"2026-02-16",2216,"N20","nominal","2.0NRT",286.91,3.58,"N"
"32820",10.20678,35.65833,302.58,0.74,0.76,"2026-02-16",2216,"N20","nominal","2.0NRT",289.05,2.13,"N"
"32821",10.19607,35.74783,316.76,0.73,0.76,"2026-02-16",2216,"N20","nominal","2.0NRT",285.98,1.83,"N"
"32822",10.0268,35.74841,303.32,0.73,0.76,"2026-02-16",2216,"N20","nominal","2.0NRT",288.87,0.98,"N"
"32823",10.00434,35.69661,306.84,0.73,0.76,"2026-02-16",2216,"N20","nominal","2.0NRT",284.24,1.54,"N"
"32824",10.00654,35.69406,303.81,0.73,0.76,"2026-02-16",2216,"N20","nominal","2.0NRT",284.76,0.79,"N"
"32825",9.81189,36.73236,298.04,0.62,0.72,"2026-02-16",2216,"N20","nominal","2.0NRT",277.27,2.53,"N"
"32826",9.74129,36.82124,317.94,0.61,0.71,"2026-02-16",2216,"N20","nominal","2.0NRT",285.23,5.01,"N"
"32827",9.7423,36.81854,305.49,0.61,0.71,"2026-02-16",2216,"N20","nominal","2.0NRT",284.82,4.2,"N"
"32828",9.7415,36.82505,301.78,0.61,0.71,"2026-02-16",2216,"N20","nominal","2.0NRT",284.83,3.83,"N"
"32829",9.23109,40.0749,320.44,0.36,0.57,"2026-02-16",2216,"N20","nominal","2.0NRT",289.3,2.09,"N"
"32830",9.23065,40.07818,298.96,0.36,0.57,"2026-02-16",2216,"N20","nominal","2.0NRT",287.6,1.37,"N"
"32831",9.22582,40.07417,309.43,0.36,0.57,"2026-02-16",2216,"N20","nominal","2.0NRT",288.28,2.09,"N"
"32832",9.22538,40.07745,312.94,0.36,0.57,"2026-02-16",2216,"N20","nominal","2.0NRT",289.52,1.37,"N"
"32833",9.42593,38.33739,299.28,0.48,0.65,"2026-02-16",2216,"N20","nominal","2.0NRT",282.33,1.02,"N"
"32834",9.41983,37.59879,306.43,0.54,0.68,"2026-02-16",2216,"N20","nominal","2.0NRT",288.5,1.81,"N"
"32835",9.41299,37.6029,300.3,0.54,0.68,"2026-02-16",2216,"N20","nominal","2.0NRT",289.09,0.84,"N"
"32836",9.38235,36.84494,302.74,0.6,0.71,"2026-02-16",2216,"N20","nominal","2.0NRT",286.25,2.53,"N"
"32837",9.12527,38.70015,323.6,0.45,0.63,"2026-02-16",2216,"N20","nominal","2.0NRT",277.1,2.08,"N"
"32838",9.12243,36.15823,300.81,0.67,0.73,"2026-02-16",2216,"N20","nominal","2.0NRT",286.36,1.2,"N"
"32839",9.12018,36.15799,303.11,0.67,0.73,"2026-02-16",2216,"N20","nominal","2.0NRT",286.63,0.97,"N"
"32840",62.38863,76.63819,320.27,0.48,0.4,"2026-02-16",2159,"N20","nominal","2.0NRT",257.51,2.46,"N"
"32841",62.39066,76.63411,320.47,0.48,0.4,"2026-02-16",2159,"N20","nominal","2.0NRT",256.95,1.6,"N"
"32842",57.0839,92.51382,306.63,0.72,0.75,"2026-02-16",2159,"N20","nominal","2.0NRT",261.48,1.6,"N"
"32843",62.88639,73.60445,323.05,0.42,0.37,"2026-02-16",2159,"N20","nominal","2.0NRT",253.44,1.92,"N"
"32844",61.49566,79.29955,323.89,0.4,0.44,"2026-02-16",2159,"N20","nominal","2.0NRT",262.75,2.68,"N"
"32845",61.49393,79.30618,323.33,0.4,0.44,"2026-02-16",2159,"N20","nominal","2.0NRT",264.32,3.17,"N"
"32846",62.77793,64.34302,330.6,0.42,0.37,"2026-02-16",2159,"N20","nominal","2.0NRT",247.67,6.21,"N"
"32847",61.281,72.97264,326.11,0.43,0.38,"2026-02-16",2159,"N20","nominal","2.0NRT",259.23,5.07,"N"
"32848",61.98322,68.57516,328.09,0.38,0.36,"2026-02-16",2159,"N20","nominal","2.0NRT",254.44,3.36,"N"
"32849",61.98005,68.57281,325.2,0.38,0.36,"2026-02-16",2159,"N20","nominal","2.0NRT",251.6,2.18,"N"
"32850",61.95053,68.47208,327.35,0.38,0.36,"2026-02-16",2159,"N20","nominal","2.0NRT",256.25,3.29,"N"
"32851",61.94738,68.46974,326.43,0.38,0.36,"2026-02-16",2159,"N20","nominal","2.0NRT",255.69,3.59,"N"
"32852",61.51513,70.0785,325.06,0.39,0.36,"2026-02-16",2159,"N20","nominal","2.0NRT",276.16,46.66,"N"
"32853",61.02129,72.6173,325.01,0.43,0.38,"2026-02-16",2159,"N20","nominal","2.0NRT",258.62,2.39,"N"
"32854",60.89269,72.79459,323.76,0.43,0.38,"2026-02-16",2159,"N20","nominal","2.0NRT",254.39,1.96,"N"
"32855",60.77539,72.44415,329.51,0.43,0.38,"2026-02-16",2159,"N20","nominal","2.0NRT",257.23,2.99,"N"
"32856",61.75182,66.95858,324.55,0.39,0.36,"2026-02-16",2159,"N20","nominal","2.0NRT",243.89,1.99,"N"
"32857",60.71832,72.51665,332.39,0.43,0.38,"2026-02-16",2159,"N20","nominal","2.0NRT",257.12,11.99,"N"
"32858",60.96112,70.86456,331.82,0.4,0.37,"2026-02-16",2159,"N20","nominal","2.0NRT",258.11,3.96,"N"
"32859",60.55105,72.31602,325.24,0.43,0.38,"2026-02-16",2159,"N20","nominal","2.0NRT",254.06,2.96,"N"
"32860",60.57168,71.98322,321.4,0.43,0.38,"2026-02-16",2159,"N20","nominal","2.0NRT",251.01,1.66,"N"
"32861",60.46296,72.31146,331.63,0.43,0.38,"2026-02-16",2159,"N20","nominal","2.0NRT",256.74,2.9,"N"
"32862",54.27506,86.15503,324.62,0.61,0.71,"2026-02-16",2201,"N20","nominal","2.0NRT",266.2,3.49,"N"
"32863",54.27418,86.15501,323.75,0.61,0.71,"2026-02-16",2201,"N20","nominal","2.0NRT",266.26,5.63,"N"
"32864",52.5491,39.56591,344.01,0.79,0.78,"2026-02-16",2203,"N20","nominal","2.0NRT",261.31,13.88,"N"
"32865",46.77688,48.12695,349.6,0.62,0.54,"2026-02-16",2205,"N20","nominal","2.0NRT",254.22,11.04,"N"
"32866",46.77644,48.1351,328.84,0.62,0.54,"2026-02-16",2205,"N20","nominal","2.0NRT",252.93,11.04,"N"
"32867",45.89555,53.29588,327.35,0.53,0.42,"2026-02-16",2205,"N20","nominal","2.0NRT",275.21,3.04,"N"
"32868",45.89782,53.29679,326.57,0.53,0.42,"2026-02-16",2205,"N20","nominal","2.0NRT",275.15,3.39,"N"
"32869",71.15541,67.17226,325.04,0.48,0.4,"2026-02-16",2159,"N20","nominal","2.0NRT",243.41,7.29,"N"
"32870",70.38139,68.40687,330.57,0.45,0.39,"2026-02-16",2159,"N20","nominal","2.0NRT",246.24,3.29,"N"
"32871",60.84579,97.34766,355.07,0.63,0.72,"2026-02-16",2159,"N20","nominal","2.0NRT",250.11,9.29,"N"
"32872",60.84491,97.35186,353.4,0.63,0.72,"2026-02-16",2159,"N20","nominal","2.0NRT",250.75,9.25,"N"
"32873",60.44678,97.54913,338.77,0.66,0.73,"2026-02-16",2159,"N20","nominal","2.0NRT",248.1,5.61,"N"
"32874",60.49684,97.40964,323.2,0.66,0.73,"2026-02-16",2159,"N20","nominal","2.0NRT",248.27,3.49,"N"
"32875",60.44286,97.54668,333.63,0.67,0.73,"2026-02-16",2159,"N20","nominal","2.0NRT",248.55,5.45,"N"
"32876",60.49237,97.4068,329.89,0.66,0.73,"2026-02-16",2159,"N20","nominal","2.0NRT",248.81,4.61,"N"
"32877",60.42769,96.5078,367,0.63,0.72,"2026-02-16",2159,"N20","high","2.0NRT",253.3,34.49,"N"
"32878",60.43924,96.25241,367,0.62,0.71,"2026-02-16",2159,"N20","high","2.0NRT",251.59,14.97,"N"
"32879",60.43391,96.24427,355.7,0.62,0.71,"2026-02-16",2159,"N20","nominal","2.0NRT",246.87,14.97,"N"
"32880",65.86082,76.95517,321.52,0.41,0.37,"2026-02-16",2159,"N20","nominal","2.0NRT",254.5,1.69,"N"
"32881",66.20061,70.98694,329.72,0.39,0.36,"2026-02-16",2201,"N20","nominal","2.0NRT",250.34,3.46,"N"
"32882",33.37381,48.39769,297.72,0.43,0.46,"2026-02-16",2207,"N20","nominal","2.0NRT",275.73,0.94,"N"
"32883",42.15369,47.70821,325.71,0.59,0.53,"2026-02-16",2205,"N20","nominal","2.0NRT",279.73,3.1,"N"
"32884",41.51982,52.62107,296.69,0.5,0.41,"2026-02-16",2205,"N20","nominal","2.0NRT",279.26,0.56,"N"
"32885",41.71623,47.4763,345.28,0.6,0.53,"2026-02-16",2205,"N20","nominal","2.0NRT",275.51,11.97,"N"
"32886",41.71659,47.47081,311.36,0.6,0.53,"2026-02-16",2205,"N20","nominal","2.0NRT",271.09,4.34,"N"
"32887",41.71021,47.49331,321.32,0.6,0.53,"2026-02-16",2205,"N20","nominal","2.0NRT",275.48,3.94,"N"
"32888",41.71058,47.48763,313.89,0.6,0.53,"2026-02-16",2205,"N20","nominal","2.0NRT",272.97,3.94,"N"
"32889",41.71941,47.46807,303.53,0.6,0.53,"2026-02-16",2205,"N20","nominal","2.0NRT",270.93,1.81,"N"
"32890",41.71903,47.47351,299.13,0.6,0.53,"2026-02-16",2205,"N20","nominal","2.0NRT",272.47,5.4,"N"
"32891",41.71378,47.47826,337.63,0.6,0.53,"2026-02-16",2205,"N20","nominal","2.0NRT",274.97,5.4,"N"
"32892",41.71417,47.47257,316.13,0.6,0.53,"2026-02-16",2205,"N20","nominal","2.0NRT",269.98,5.4,"N"
"32893",41.70805,47.48979,336.95,0.6,0.53,"2026-02-16",2205,"N20","nominal","2.0NRT",276.77,7.62,"N"
"32894",41.33643,47.63065,311.07,0.58,0.52,"2026-02-16",2205,"N20","nominal","2.0NRT",276.89,3.74,"N"
"32895",41.32618,47.63809,301.74,0.58,0.52,"2026-02-16",2205,"N20","nominal","2.0NRT",275.58,1.03,"N"
"32896",40.01214,52.84228,300.73,0.47,0.4,"2026-02-16",2207,"N20","nominal","2.0NRT",278.31,0.6,"N"
"32897",40.25386,49.44352,296.58,0.46,0.47,"2026-02-16",2207,"N20","nominal","2.0NRT",280.25,1.41,"N"
"32898",40.05527,51.30417,329.23,0.55,0.43,"2026-02-16",2207,"N20","nominal","2.0NRT",284.49,4.41,"N"
"32899",40.0201,51.4485,326.91,0.54,0.42,"2026-02-16",2207,"N20","nominal","2.0NRT",284.62,6.29,"N"
"32900",40.02027,51.40945,312.93,0.55,0.42,"2026-02-16",2207,"N20","nominal","2.0NRT",283.88,0.98,"N"
"32901",39.50924,54.32761,310.39,0.42,0.38,"2026-02-16",2207,"N20","nominal","2.0NRT",278.88,1.12,"N"
"32902",39.5317,53.40428,304.96,0.45,0.39,"2026-02-16",2207,"N20","nominal","2.0NRT",279.3,0.41,"N"
"32903",39.52856,53.40791,297.48,0.45,0.39,"2026-02-16",2207,"N20","nominal","2.0NRT",278.88,0.59,"N"
"32904",39.467,53.16942,295.16,0.46,0.39,"2026-02-16",2207,"N20","nominal","2.0NRT",281.57,0.55,"N"
"32905",39.3827,53.75982,300.88,0.43,0.38,"2026-02-16",2207,"N20","nominal","2.0NRT",278.57,0.75,"N"
"32906",39.48602,52.63982,304.54,0.48,0.4,"2026-02-16",2207,"N20","nominal","2.0NRT",283.81,0.63,"N"
"32907",39.47641,52.68882,328.06,0.47,0.4,"2026-02-16",2207,"N20","nominal","2.0NRT",284.42,4.05,"N"
"32908",39.4731,52.71635,315.27,0.47,0.4,"2026-02-16",2207,"N20","nominal","2.0NRT",283.61,1.59,"N"
"32909",39.47672,52.65496,312.21,0.48,0.4,"2026-02-16",2207,"N20","nominal","2.0NRT",284.13,1.47,"N"
"32910",39.46748,52.7321,307.09,0.47,0.4,"2026-02-16",2207,"N20","nominal","2.0NRT",283.76,1.09,"N"
"32911",39.46086,52.72514,308.34,0.47,0.4,"2026-02-16",2207,"N20","nominal","2.0NRT",283.33,1.09,"N"
"32912",39.10257,53.83237,301.3,0.43,0.38,"2026-02-16",2207,"N20","nominal","2.0NRT",280.14,0.67,"N"
"32913",39.04361,54.25109,334.42,0.42,0.38,"2026-02-16",2207,"N20","nominal","2.0NRT",279.96,2.87,"N"
"32914",39.04018,54.25032,326.53,0.42,0.38,"2026-02-16",2207,"N20","nominal","2.0NRT",279.82,2.87,"N"
"32915",34.85781,72.91774,305.2,0.79,0.78,"2026-02-16",2207,"N20","nominal","2.0NRT",272.98,3.59,"N"
"32916",34.86025,72.91848,304.01,0.79,0.78,"2026-02-16",2207,"N20","nominal","2.0NRT",273.69,2.16,"N"
"32917",34.85777,72.92645,302.8,0.79,0.78,"2026-02-16",2207,"N20","nominal","2.0NRT",273.08,2.16,"N"
"32918",38.25749,58.38839,306.53,0.4,0.37,"2026-02-16",2207,"N20","nominal","2.0NRT",278.83,1.46,"N"
"32919",38.85365,54.23507,327.85,0.42,0.37,"2026-02-16",2207,"N20","nominal","2.0NRT",285.79,7.05,"N"
"32920",38.8543,54.23029,307.77,0.42,0.37,"2026-02-16",2207,"N20","nominal","2.0NRT",278.85,0.62,"N"
"32921",38.15042,58.39373,302.77,0.4,0.37,"2026-02-16",2207,"N20","nominal","2.0NRT",278.06,0.82,"N"
"32922",38.26191,57.65962,297.99,0.39,0.36,"2026-02-16",2207,"N20","nominal","2.0NRT",280.8,0.46,"N"
"32923",34.71857,72.3085,305.27,0.74,0.76,"2026-02-16",2207,"N20","nominal","2.0NRT",270.72,2.81,"N"
"32924",37.94348,58.56186,305.97,0.4,0.37,"2026-02-16",2207,"N20","nominal","2.0NRT",277.66,1.18,"N"
"32925",37.82969,58.38512,305.43,0.4,0.37,"2026-02-16",2207,"N20","nominal","2.0NRT",277.86,0.91,"N"
"32926",37.03362,62.41692,316.68,0.38,0.43,"2026-02-16",2207,"N20","nominal","2.0NRT",279.2,2.2,"N"
"32927",37.45361,57.68678,296.05,0.39,0.36,"2026-02-16",2207,"N20","nominal","2.0NRT",276.69,0.78,"N"
"32928",37.29654,55.48252,302.59,0.39,0.36,"2026-02-16",2207,"N20","nominal","2.0NRT",282.91,0.61,"N"
"32929",36.48145,59.7464,300.11,0.45,0.39,"2026-02-16",2207,"N20","nominal","2.0NRT",279.2,1.12,"N"
"32930",36.34684,58.67798,304.9,0.42,0.38,"2026-02-16",2207,"N20","nominal","2.0NRT",278.57,1.13,"N"
"32931",36.34345,58.67707,298.41,0.42,0.38,"2026-02-16",2207,"N20","nominal","2.0NRT",278.18,1.13,"N"
"32932",36.48204,54.90136,295.7,0.39,0.36,"2026-02-16",2207,"N20","nominal","2.0NRT",275.7,0.68,"N"
"32933",36.32423,54.84028,296.43,0.39,0.36,"2026-02-16",2207,"N20","nominal","2.0NRT",274.76,0.62,"N"
"32934",36.65218,49.51812,299.63,0.41,0.45,"2026-02-16",2207,"N20","nominal","2.0NRT",282.77,0.9,"N"
"32935",37.08004,42.5565,309.79,0.5,0.66,"2026-02-16",2207,"N20","nominal","2.0NRT",278.31,1.67,"N"
"32936",36.90925,43.3818,341.41,0.45,0.63,"2026-02-16",2207,"N20","nominal","2.0NRT",274.36,4.78,"N"
"32937",36.9486,42.12537,313.81,0.53,0.67,"2026-02-16",2207,"N20","nominal","2.0NRT",279.63,1.36,"N"
"32938",36.94839,42.13143,295.48,0.53,0.67,"2026-02-16",2207,"N20","nominal","2.0NRT",278.76,1.36,"N"
"32939",36.89544,43.42685,314.32,0.45,0.63,"2026-02-16",2207,"N20","nominal","2.0NRT",276.95,1.67,"N"
"32940",36.9409,42.16661,320.15,0.53,0.67,"2026-02-16",2207,"N20","nominal","2.0NRT",278.25,1.92,"N"
"32941",36.93591,42.13049,302.78,0.53,0.67,"2026-02-16",2207,"N20","nominal","2.0NRT",279.85,2.02,"N"
"32942",36.8694,43.48492,336.55,0.45,0.63,"2026-02-16",2207,"N20","nominal","2.0NRT",278.97,4.27,"N"
"32943",36.89599,43.42607,330.02,0.45,0.63,"2026-02-16",2207,"N20","nominal","2.0NRT",275.95,2.69,"N"
"32944",36.95074,42.1258,309.96,0.53,0.67,"2026-02-16",2207,"N20","nominal","2.0NRT",278.98,1.66,"N"
"32945",36.9505,42.13185,300.32,0.53,0.67,"2026-02-16",2207,"N20","nominal","2.0NRT",278.84,1.51,"N"
"32946",36.9428,42.16705,318.58,0.53,0.67,"2026-02-16",2207,"N20","nominal","2.0NRT",278.92,2.43,"N"
"32947",36.93802,42.13103,301.9,0.53,0.67,"2026-02-16",2207,"N20","nominal","2.0NRT",279.89,1.18,"N"
"32948",36.86962,43.48402,333.88,0.45,0.63,"2026-02-16",2207,"N20","nominal","2.0NRT",277.2,4.05,"N"
"32949",36.77801,43.32071,351.95,0.45,0.63,"2026-02-16",2207,"N20","nominal","2.0NRT",279.67,7.24,"N"
"32950",36.77776,43.32634,308.2,0.45,0.63,"2026-02-16",2207,"N20","nominal","2.0NRT",281.13,4.93,"N"
"32951",36.77885,43.32136,352.46,0.45,0.63,"2026-02-16",2207,"N20","nominal","2.0NRT",280.18,3.99,"N"
"32952",36.77856,43.32703,303.11,0.45,0.63,"2026-02-16",2207,"N20","nominal","2.0NRT",281.42,3.99,"N"
"32953",36.74654,43.49561,308.65,0.44,0.63,"2026-02-16",2207,"N20","nominal","2.0NRT",280.45,1.56,"N"
"32954",35.69902,51.78643,298.59,0.47,0.4,"2026-02-16",2207,"N20","nominal","2.0NRT",276.45,1.1,"N"
"32955",35.61518,51.49755,313.07,0.48,0.4,"2026-02-16",2207,"N20","nominal","2.0NRT",278.1,2.03,"N"
"32956",36.34976,42.07126,296.52,0.53,0.67,"2026-02-16",2207,"N20","nominal","2.0NRT",280.91,1.18,"N"
"32957",35.57596,51.51154,316.15,0.48,0.4,"2026-02-16",2207,"N20","nominal","2.0NRT",284.78,2.34,"N"
"32958",35.70565,50.30256,297.48,0.55,0.43,"2026-02-16",2207,"N20","nominal","2.0NRT",274.43,0.72,"N"
"32959",35.70566,50.30312,296.06,0.55,0.43,"2026-02-16",2207,"N20","nominal","2.0NRT",274.48,1.14,"N"
"32960",35.54651,51.42377,298.19,0.49,0.4,"2026-02-16",2207,"N20","nominal","2.0NRT",283.34,1.22,"N"
"32961",35.53914,51.42241,302.66,0.49,0.4,"2026-02-16",2207,"N20","nominal","2.0NRT",282.59,2.13,"N"
"32962",35.53546,51.42173,299,0.49,0.4,"2026-02-16",2207,"N20","nominal","2.0NRT",281.03,1.99,"N"
"32963",36.12675,43.77741,314.78,0.42,0.61,"2026-02-16",2207,"N20","nominal","2.0NRT",279.14,1.49,"N"
"32964",36.12994,43.77987,302.34,0.42,0.61,"2026-02-16",2207,"N20","nominal","2.0NRT",280.28,1.12,"N"
"32965",36.02099,43.67845,309.97,0.43,0.62,"2026-02-16",2207,"N20","nominal","2.0NRT",280.9,1.24,"N"
"32966",36.01937,43.67716,296.72,0.43,0.62,"2026-02-16",2207,"N20","nominal","2.0NRT",279.28,0.98,"N"
"32967",36.0191,43.68206,299.72,0.43,0.62,"2026-02-16",2207,"N20","nominal","2.0NRT",281.36,1.04,"N"
"32968",35.99769,43.75726,321.42,0.42,0.61,"2026-02-16",2207,"N20","nominal","2.0NRT",281.29,1.9,"N"
"32969",35.98579,43.76591,298.21,0.42,0.61,"2026-02-16",2207,"N20","nominal","2.0NRT",280.18,0.66,"N"
"32970",35.98011,43.76559,310.3,0.42,0.61,"2026-02-16",2207,"N20","nominal","2.0NRT",281.74,0.96,"N"
"32971",35.97416,43.76995,297.78,0.42,0.61,"2026-02-16",2207,"N20","nominal","2.0NRT",282.44,0.96,"N"
"32972",35.96897,43.76059,340.87,0.42,0.61,"2026-02-16",2207,"N20","nominal","2.0NRT",282.47,7.63,"N"
"32973",35.96872,43.76518,341.05,0.42,0.61,"2026-02-16",2207,"N20","nominal","2.0NRT",285.68,6.88,"N"
"32974",35.95376,43.72501,300.91,0.42,0.61,"2026-02-16",2207,"N20","nominal","2.0NRT",280.6,0.64,"N"
"32975",35.26317,50.42088,304.34,0.54,0.42,"2026-02-16",2207,"N20","nominal","2.0NRT",275.26,1.23,"N"
"32976",35.26205,50.42001,298.34,0.54,0.42,"2026-02-16",2207,"N20","nominal","2.0NRT",273.6,1.53,"N"
"32977",35.77369,43.99549,320.99,0.41,0.6,"2026-02-16",2207,"N20","nominal","2.0NRT",284.48,2.46,"N"
"32978",35.81514,43.25398,299.97,0.45,0.63,"2026-02-16",2207,"N20","nominal","2.0NRT",280.75,0.6,"N"
"32979",35.77396,43.99083,306.07,0.41,0.6,"2026-02-16",2207,"N20","nominal","2.0NRT",282.18,2.08,"N"
"32980",35.73222,44.03205,318.33,0.41,0.6,"2026-02-16",2207,"N20","nominal","2.0NRT",282.81,2.48,"N"
"32981",35.67261,45.00414,310.04,0.36,0.57,"2026-02-16",2207,"N20","nominal","2.0NRT",279.57,1.55,"N"
"32982",35.72639,44.03591,341.18,0.41,0.6,"2026-02-16",2207,"N20","nominal","2.0NRT",281.19,5.06,"N"
"32983",35.72613,44.04048,345.52,0.41,0.6,"2026-02-16",2207,"N20","nominal","2.0NRT",284.03,5.06,"N"
"32984",35.30811,49.21299,297.13,0.41,0.45,"2026-02-16",2207,"N20","nominal","2.0NRT",274.98,1.3,"N"
"32985",35.69016,43.87484,312.49,0.41,0.61,"2026-02-16",2207,"N20","nominal","2.0NRT",281.46,1.23,"N"
"32986",35.68008,44.06187,297.02,0.4,0.6,"2026-02-16",2207,"N20","nominal","2.0NRT",281.75,1.14,"N"
"32987",35.67983,44.06643,295.24,0.4,0.6,"2026-02-16",2207,"N20","nominal","2.0NRT",281.45,0.67,"N"
"32988",35.6268,45.20927,297.82,0.35,0.56,"2026-02-16",2207,"N20","nominal","2.0NRT",280.89,0.51,"N"
"32989",35.68123,44.06141,295.16,0.4,0.6,"2026-02-16",2207,"N20","nominal","2.0NRT",281.66,0.67,"N"
"32990",35.68096,44.06594,298.82,0.4,0.6,"2026-02-16",2207,"N20","nominal","2.0NRT",281.29,0.67,"N"
"32991",35.68684,43.87403,367,0.41,0.61,"2026-02-16",2207,"N20","high","2.0NRT",299.62,27.17,"N"
"32992",35.68711,43.8694,302.94,0.41,0.61,"2026-02-16",2207,"N20","nominal","2.0NRT",280,27.17,"N"
"32993",35.68657,43.87861,318.28,0.41,0.61,"2026-02-16",2207,"N20","nominal","2.0NRT",283.82,24.26,"N"
"32994",35.60471,45.07329,296.57,0.35,0.57,"2026-02-16",2207,"N20","nominal","2.0NRT",279.44,0.52,"N"
"32995",35.66484,43.95993,334.36,0.41,0.61,"2026-02-16",2207,"N20","nominal","2.0NRT",280.74,6.45,"N"
"32996",35.66457,43.96448,355.38,0.41,0.61,"2026-02-16",2207,"N20","nominal","2.0NRT",289.17,6.45,"N"
"32997",35.63399,44.00671,311,0.41,0.6,"2026-02-16",2207,"N20","nominal","2.0NRT",279.93,1.07,"N"
"32998",35.6284,44.00633,367,0.41,0.6,"2026-02-16",2207,"N20","high","2.0NRT",286.8,12.86,"N"
"32999",35.56501,44.3272,296.6,0.39,0.59,"2026-02-16",2207,"N20","nominal","2.0NRT",280.62,0.57,"N"
"33000",35.53683,44.33678,317.7,0.39,0.59,"2026-02-16",2207,"N20","nominal","2.0NRT",280.49,4.39,"N"
"33001",35.53136,44.33607,367,0.39,0.59,"2026-02-16",2207,"N20","high","2.0NRT",282.36,4.39,"N"
"33002",35.53109,44.34045,336.16,0.39,0.59,"2026-02-16",2207,"N20","nominal","2.0NRT",282.73,4.39,"N"
"33003",35.52562,44.33982,352.68,0.39,0.59,"2026-02-16",2207,"N20","nominal","2.0NRT",280.38,5.98,"N"
"33004",35.52535,44.34423,323.41,0.39,0.59,"2026-02-16",2207,"N20","nominal","2.0NRT",280.87,4.63,"N"
"33005",35.48711,44.14959,338.14,0.4,0.6,"2026-02-16",2207,"N20","nominal","2.0NRT",280.87,6.79,"N"
"33006",35.48686,44.15403,351.1,0.4,0.6,"2026-02-16",2207,"N20","nominal","2.0NRT",285.84,7.45,"N"
"33007",35.46054,44.41592,336.28,0.38,0.59,"2026-02-16",2207,"N20","nominal","2.0NRT",282.27,2.98,"N"
"33008",35.46029,44.42027,329.39,0.38,0.59,"2026-02-16",2207,"N20","nominal","2.0NRT",283.16,2.98,"N"
"33009",35.4874,44.15109,367,0.4,0.6,"2026-02-16",2207,"N20","high","2.0NRT",283.07,8.58,"N"
"33010",35.48712,44.15553,309.88,0.4,0.6,"2026-02-16",2207,"N20","nominal","2.0NRT",282.4,5.91,"N"
"33011",35.45921,44.41699,352.29,0.38,0.59,"2026-02-16",2207,"N20","nominal","2.0NRT",283.08,2.81,"N"
"33012",35.45892,44.42134,298.27,0.38,0.59,"2026-02-16",2207,"N20","nominal","2.0NRT",280.74,2.81,"N"
"33013",35.41099,44.21903,318.87,0.39,0.6,"2026-02-16",2207,"N20","nominal","2.0NRT",276.97,1.4,"N"
"33014",35.41072,44.22343,309.24,0.39,0.6,"2026-02-16",2207,"N20","nominal","2.0NRT",277.95,1.4,"N"
"33015",35.38895,44.21679,311.1,0.39,0.6,"2026-02-16",2207,"N20","nominal","2.0NRT",278.65,0.99,"N"
"33016",35.37819,44.21126,306.52,0.39,0.6,"2026-02-16",2207,"N20","nominal","2.0NRT",278.81,1.08,"N"
"33017",35.32727,44.31833,301.17,0.39,0.59,"2026-02-16",2207,"N20","nominal","2.0NRT",280.7,0.79,"N"
"33018",35.24921,44.42719,367,0.38,0.59,"2026-02-16",2207,"N20","high","2.0NRT",282.78,9.13,"N"
"33019",35.24896,44.43145,331.23,0.38,0.59,"2026-02-16",2207,"N20","nominal","2.0NRT",283.5,6.84,"N"
"33020",35.24759,44.42818,367,0.38,0.59,"2026-02-16",2207,"N20","high","2.0NRT",286.33,7.5,"N"
"33021",35.12469,44.82072,367,0.36,0.57,"2026-02-16",2207,"N20","high","2.0NRT",281.78,7.91,"N"
"33022",35.12433,44.56797,312.93,0.37,0.58,"2026-02-16",2207,"N20","nominal","2.0NRT",281.36,1.22,"N"
"33023",35.12619,44.82076,321.83,0.36,0.57,"2026-02-16",2207,"N20","nominal","2.0NRT",280.84,4.16,"N"
"33024",35.12087,44.8204,367,0.36,0.57,"2026-02-16",2207,"N20","high","2.0NRT",279.33,4.16,"N"
"33025",35.12059,44.82439,295.09,0.36,0.57,"2026-02-16",2207,"N20","nominal","2.0NRT",278.97,4.7,"N"
"33026",35.12741,44.5686,315.98,0.37,0.58,"2026-02-16",2207,"N20","nominal","2.0NRT",281.53,0.82,"N"
"33027",35.02085,43.4941,321.2,0.43,0.62,"2026-02-16",2207,"N20","nominal","2.0NRT",272.91,1.31,"N"
"33028",35.02059,43.49886,295.28,0.43,0.62,"2026-02-16",2207,"N20","nominal","2.0NRT",275.19,1.31,"N"
"33029",34.89852,43.80044,367,0.41,0.61,"2026-02-16",2207,"N20","high","2.0NRT",286.81,22.02,"N"
"33030",34.89825,43.80502,343.52,0.41,0.61,"2026-02-16",2207,"N20","nominal","2.0NRT",297.08,33.45,"N"
"33031",34.89879,43.79586,297.09,0.41,0.61,"2026-02-16",2207,"N20","nominal","2.0NRT",278.38,22.02,"N"
"33032",34.86325,44.0202,345.21,0.4,0.6,"2026-02-16",2207,"N20","nominal","2.0NRT",284.27,4.24,"N"
"33033",34.86371,44.02166,336.91,0.4,0.6,"2026-02-16",2207,"N20","nominal","2.0NRT",284.24,3.91,"N"
"33034",34.864,44.01717,299.04,0.4,0.6,"2026-02-16",2207,"N20","nominal","2.0NRT",280.76,2.77,"N"
"33035",34.75891,45.15074,298.2,0.34,0.56,"2026-02-16",2207,"N20","nominal","2.0NRT",282.21,0.54,"N"
"33036",34.91034,40.81924,306.42,0.61,0.71,"2026-02-16",2207,"N20","nominal","2.0NRT",280.73,1.12,"N"
"33037",34.91203,40.82051,306.31,0.61,0.71,"2026-02-16",2207,"N20","nominal","2.0NRT",280.75,1.39,"N"
"33038",33.04226,56.84766,317.52,0.4,0.37,"2026-02-16",2207,"N20","nominal","2.0NRT",280.84,1.83,"N"
"33039",34.25928,41.20801,297.44,0.57,0.69,"2026-02-16",2207,"N20","nominal","2.0NRT",281.66,1.19,"N"
"33040",34.25816,41.2118,297.32,0.57,0.69,"2026-02-16",2207,"N20","nominal","2.0NRT",283.05,1.14,"N"
"33041",34.06794,42.35762,301.05,0.49,0.65,"2026-02-16",2207,"N20","nominal","2.0NRT",279.34,0.69,"N"
"33042",33.1063,52.05866,300.32,0.44,0.38,"2026-02-16",2207,"N20","nominal","2.0NRT",272.57,0.82,"N"
"33043",33.72426,46.50758,296.23,0.56,0.51,"2026-02-16",2207,"N20","nominal","2.0NRT",276.03,0.59,"N"
"33044",33.6956,46.2249,323.13,0.58,0.52,"2026-02-16",2207,"N20","nominal","2.0NRT",281.25,3.06,"N"
"33045",33.80241,44.12536,295,0.38,0.59,"2026-02-16",2207,"N20","nominal","2.0NRT",281.43,0.29,"N"
"33046",33.25259,47.73236,305.82,0.47,0.48,"2026-02-16",2209,"N20","nominal","2.0NRT",280.29,1.01,"N"
"33047",33.25211,47.73716,304.19,0.47,0.48,"2026-02-16",2209,"N20","nominal","2.0NRT",282.35,1.01,"N"
"33048",32.78219,51.5068,306.26,0.45,0.39,"2026-02-16",2209,"N20","nominal","2.0NRT",282.26,1.51,"N"
"33049",32.77863,51.50618,307.16,0.45,0.39,"2026-02-16",2209,"N20","nominal","2.0NRT",280.84,1.51,"N"
"33050",33.41862,44.46181,297.29,0.36,0.58,"2026-02-16",2209,"N20","nominal","2.0NRT",285.22,0.5,"N"
"33051",32.39717,53.75576,296.62,0.39,0.36,"2026-02-16",2209,"N20","nominal","2.0NRT",279.02,1.62,"N"
"33052",32.39656,53.75988,312.2,0.39,0.36,"2026-02-16",2209,"N20","nominal","2.0NRT",279.53,1.62,"N"
"33053",32.39386,53.75509,326.68,0.39,0.36,"2026-02-16",2209,"N20","nominal","2.0NRT",283.15,1.62,"N"
"33054",33.37987,44.84961,297.5,0.35,0.56,"2026-02-16",2209,"N20","nominal","2.0NRT",284.53,0.68,"N"
"33055",32.33746,54.08551,298.14,0.39,0.36,"2026-02-16",2209,"N20","nominal","2.0NRT",274.26,0.33,"N"
"33056",32.38575,53.74071,295.35,0.39,0.36,"2026-02-16",2209,"N20","nominal","2.0NRT",281.57,0.62,"N"
"33057",32.38331,53.75718,301,0.39,0.36,"2026-02-16",2209,"N20","nominal","2.0NRT",279.39,1.12,"N"
"33058",33.32634,44.57091,326.96,0.36,0.57,"2026-02-16",2209,"N20","nominal","2.0NRT",286.37,2.74,"N"
"33059",33.32663,44.56702,310.62,0.36,0.57,"2026-02-16",2209,"N20","nominal","2.0NRT",282.44,2.31,"N"
"33060",33.28644,44.45617,296.76,0.36,0.58,"2026-02-16",2209,"N20","nominal","2.0NRT",285.81,0.36,"N"
"33061",33.22232,44.76405,367,0.35,0.57,"2026-02-16",2209,"N20","high","2.0NRT",284.72,13.06,"N"
"33062",33.22205,44.76783,341.61,0.35,0.57,"2026-02-16",2209,"N20","nominal","2.0NRT",286.8,10.06,"N"
"33063",33.22197,44.76543,367,0.35,0.57,"2026-02-16",2209,"N20","high","2.0NRT",288.79,15.65,"N"
"33064",33.22168,44.76921,304.42,0.35,0.57,"2026-02-16",2209,"N20","nominal","2.0NRT",283.75,8.24,"N"
"33065",33.16254,44.78547,304.25,0.35,0.56,"2026-02-16",2209,"N20","nominal","2.0NRT",281.99,3.52,"N"
"33066",33.15733,44.78487,367,0.35,0.56,"2026-02-16",2209,"N20","high","2.0NRT",288.61,3.52,"N"
"33067",33.03153,46.13532,307.82,0.58,0.52,"2026-02-16",2209,"N20","nominal","2.0NRT",281.09,1.89,"N"
"33068",33.01814,46.12085,306.51,0.58,0.52,"2026-02-16",2209,"N20","nominal","2.0NRT",281.51,1.45,"N"
"33069",32.99334,46.18666,308.13,0.57,0.52,"2026-02-16",2209,"N20","nominal","2.0NRT",284.01,2.26,"N"
"33070",33.01886,46.11985,306.59,0.58,0.52,"2026-02-16",2209,"N20","nominal","2.0NRT",280.78,0.75,"N"
"33071",32.41018,51.51805,326.09,0.45,0.39,"2026-02-16",2209,"N20","nominal","2.0NRT",280.3,3.38,"N"
"33072",32.99361,46.1856,316.25,0.57,0.52,"2026-02-16",2209,"N20","nominal","2.0NRT",284.41,1.71,"N"
"33073",32.4258,51.31534,295.11,0.46,0.39,"2026-02-16",2209,"N20","nominal","2.0NRT",279.31,1.64,"N"
"33074",32.42097,51.32434,322.08,0.46,0.39,"2026-02-16",2209,"N20","nominal","2.0NRT",278.95,3.01,"N"
"33075",32.4216,51.31951,313.49,0.46,0.39,"2026-02-16",2209,"N20","nominal","2.0NRT",275,1.64,"N"
"33076",32.41321,51.32782,318.17,0.46,0.39,"2026-02-16",2209,"N20","nominal","2.0NRT",273.29,1,"N"
"33077",32.40964,51.32716,325.91,0.46,0.39,"2026-02-16",2209,"N20","nominal","2.0NRT",275.16,2.58,"N"
"33078",32.75036,48.42054,299.65,0.42,0.45,"2026-02-16",2209,"N20","nominal","2.0NRT",283.1,0.6,"N"
"33079",32.40902,51.33197,298.56,0.46,0.39,"2026-02-16",2209,"N20","nominal","2.0NRT",277.58,2.75,"N"
"33080",32.73385,48.29206,336.83,0.43,0.46,"2026-02-16",2209,"N20","nominal","2.0NRT",287.62,3.54,"N"
"33081",32.73431,48.28756,311.78,0.43,0.46,"2026-02-16",2209,"N20","nominal","2.0NRT",283.3,2.5,"N"
"33082",32.72221,47.97623,301.99,0.45,0.47,"2026-02-16",2209,"N20","nominal","2.0NRT",284.6,0.71,"N"
"33083",31.9525,54.02295,297.69,0.39,0.36,"2026-02-16",2209,"N20","nominal","2.0NRT",279.11,0.4,"N"
"33084",32.72421,47.97596,308.23,0.45,0.47,"2026-02-16",2209,"N20","nominal","2.0NRT",284.81,0.94,"N"
"33085",31.93953,54.04114,303.62,0.39,0.36,"2026-02-16",2209,"N20","nominal","2.0NRT",280.88,0.96,"N"
"33086",31.92718,54.05529,306.35,0.39,0.36,"2026-02-16",2209,"N20","nominal","2.0NRT",282.6,1.25,"N"
"33087",32.25736,51.52798,311.12,0.45,0.39,"2026-02-16",2209,"N20","nominal","2.0NRT",272.26,2.18,"N"
"33088",32.24728,51.40986,314.22,0.45,0.39,"2026-02-16",2209,"N20","nominal","2.0NRT",276.86,2.25,"N"
"33089",32.2425,51.41874,325.29,0.45,0.39,"2026-02-16",2209,"N20","nominal","2.0NRT",280.18,4.8,"N"
"33090",32.24128,51.42824,337.58,0.45,0.39,"2026-02-16",2209,"N20","nominal","2.0NRT",289.72,12.17,"N"
"33091",32.24189,51.42349,319.72,0.45,0.39,"2026-02-16",2209,"N20","nominal","2.0NRT",285.63,12.17,"N"
"33092",32.23833,51.42287,303.99,0.45,0.39,"2026-02-16",2209,"N20","nominal","2.0NRT",283.25,1.96,"N"
"33093",32.23245,51.41212,317.86,0.45,0.39,"2026-02-16",2209,"N20","nominal","2.0NRT",277.84,2.72,"N"
"33094",31.43305,56.4906,302.27,0.4,0.37,"2026-02-16",2209,"N20","nominal","2.0NRT",275.48,0.97,"N"
"33095",32.1974,51.18386,308.79,0.46,0.39,"2026-02-16",2209,"N20","nominal","2.0NRT",272.61,2.08,"N"
"33096",32.59892,47.54384,337.21,0.47,0.48,"2026-02-16",2209,"N20","nominal","2.0NRT",286.88,3.34,"N"
"33097",32.52307,48.21792,303.03,0.43,0.46,"2026-02-16",2209,"N20","nominal","2.0NRT",284.32,0.88,"N"
"33098",32.84343,44.28814,300.08,0.37,0.58,"2026-02-16",2209,"N20","nominal","2.0NRT",282.6,1.1,"N"
"33099",32.84029,44.28963,304.71,0.37,0.58,"2026-02-16",2209,"N20","nominal","2.0NRT",283.77,0.68,"N"
"33100",31.62189,54.72738,309.6,0.38,0.36,"2026-02-16",2209,"N20","nominal","2.0NRT",278.12,1.01,"N"
"33101",32.55761,47.09789,301.8,0.5,0.49,"2026-02-16",2209,"N20","nominal","2.0NRT",282.47,0.79,"N"
"33102",32.5067,47.20312,337.34,0.49,0.49,"2026-02-16",2209,"N20","nominal","2.0NRT",284.67,3.12,"N"
"33103",32.50621,47.2084,297.78,0.49,0.49,"2026-02-16",2209,"N20","nominal","2.0NRT",283.77,3.71,"N"
"33104",32.50222,47.20247,296.2,0.49,0.49,"2026-02-16",2209,"N20","nominal","2.0NRT",282.61,3.12,"N"
"33105",32.49275,47.20671,337.54,0.49,0.49,"2026-02-16",2209,"N20","nominal","2.0NRT",286.58,6.7,"N"
"33106",32.49226,47.212,320.01,0.49,0.49,"2026-02-16",2209,"N20","nominal","2.0NRT",288.84,6.7,"N"
"33107",32.30331,49.08881,297.2,0.39,0.44,"2026-02-16",2209,"N20","nominal","2.0NRT",282.67,0.17,"N"
"33108",32.29932,49.08809,323.85,0.39,0.44,"2026-02-16",2209,"N20","nominal","2.0NRT",284.51,1.84,"N"
"33109",32.49003,47.20977,341.77,0.49,0.49,"2026-02-16",2209,"N20","nominal","2.0NRT",291.36,9.32,"N"
"33110",32.28694,49.00356,321.3,0.39,0.44,"2026-02-16",2209,"N20","nominal","2.0NRT",286.18,2.1,"N"
"33111",32.3227,48.52993,308.66,0.41,0.45,"2026-02-16",2209,"N20","nominal","2.0NRT",286.85,1.28,"N"
"33112",32.32221,48.53437,302.39,0.41,0.45,"2026-02-16",2209,"N20","nominal","2.0NRT",286.8,1.28,"N"
"33113",32.64119,44.53902,297.79,0.35,0.57,"2026-02-16",2209,"N20","nominal","2.0NRT",281.73,1.2,"N"
"33114",32.63593,44.53844,332.84,0.35,0.57,"2026-02-16",2209,"N20","nominal","2.0NRT",280.7,1.2,"N"
"33115",32.36142,47.6969,313.48,0.46,0.47,"2026-02-16",2209,"N20","nominal","2.0NRT",285.62,2.14,"N"
"33116",32.35612,47.70608,337.47,0.46,0.47,"2026-02-16",2209,"N20","nominal","2.0NRT",286.26,6.3,"N"
"33117",32.35563,47.71101,334.03,0.46,0.47,"2026-02-16",2209,"N20","nominal","2.0NRT",287.63,6.3,"N"
"33118",32.35178,47.70536,339.05,0.46,0.47,"2026-02-16",2209,"N20","nominal","2.0NRT",290.2,8.16,"N"
"33119",32.37199,47.40368,295.37,0.48,0.48,"2026-02-16",2209,"N20","nominal","2.0NRT",281.93,1.97,"N"
"33120",32.36757,47.40311,330.22,0.48,0.48,"2026-02-16",2209,"N20","nominal","2.0NRT",282.43,1.97,"N"
"33121",32.35189,47.42689,303.61,0.48,0.48,"2026-02-16",2209,"N20","nominal","2.0NRT",282.43,0.96,"N"
"33122",32.34902,47.45738,305.61,0.47,0.48,"2026-02-16",2209,"N20","nominal","2.0NRT",281.42,0.97,"N"
"33123",32.3527,47.42557,298.21,0.48,0.48,"2026-02-16",2209,"N20","nominal","2.0NRT",281.92,1,"N"
"33124",32.34962,47.45603,297.63,0.47,0.48,"2026-02-16",2209,"N20","nominal","2.0NRT",280.93,1.15,"N"
"33125",32.16436,49.06628,297.51,0.39,0.44,"2026-02-16",2209,"N20","nominal","2.0NRT",283.38,0.56,"N"
"33126",32.16037,49.06564,330.24,0.39,0.44,"2026-02-16",2209,"N20","nominal","2.0NRT",290.64,7.33,"N"
"33127",32.16083,49.06155,304.01,0.39,0.44,"2026-02-16",2209,"N20","nominal","2.0NRT",281.84,7.33,"N"
"33128",32.49288,45.66264,301.19,0.61,0.53,"2026-02-16",2209,"N20","nominal","2.0NRT",284.17,1.71,"N"
"33129",32.48796,45.66205,298.39,0.61,0.53,"2026-02-16",2209,"N20","nominal","2.0NRT",282.63,0.89,"N"
"33130",32.25732,47.24965,340.94,0.49,0.48,"2026-02-16",2209,"N20","nominal","2.0NRT",288.31,10.61,"N"
"33131",32.2589,47.24914,352.52,0.49,0.48,"2026-02-16",2209,"N20","nominal","2.0NRT",287.51,9.42,"N"
"33132",32.08005,48.67365,301.76,0.4,0.44,"2026-02-16",2209,"N20","nominal","2.0NRT",285.78,1.16,"N"
"33133",32.06546,48.69315,296.29,0.4,0.44,"2026-02-16",2209,"N20","nominal","2.0NRT",283.99,0.6,"N"
"33134",32.17868,47.51688,336.6,0.47,0.48,"2026-02-16",2209,"N20","nominal","2.0NRT",283.51,6.57,"N"
"33135",32.17818,47.5219,322.82,0.47,0.48,"2026-02-16",2209,"N20","nominal","2.0NRT",285.65,6.57,"N"
"33136",32.15001,47.58318,334.89,0.46,0.47,"2026-02-16",2209,"N20","nominal","2.0NRT",283.64,2.63,"N"
"33137",32.4271,44.27814,296.34,0.37,0.58,"2026-02-16",2209,"N20","nominal","2.0NRT",281.8,0.54,"N"
"33138",31.89853,49.68575,301.86,0.53,0.42,"2026-02-16",2209,"N20","nominal","2.0NRT",281.51,1.1,"N"
"33139",31.89717,49.68444,308.59,0.53,0.42,"2026-02-16",2209,"N20","nominal","2.0NRT",281.13,1.24,"N"
"33140",32.13191,47.40648,337.09,0.47,0.48,"2026-02-16",2209,"N20","nominal","2.0NRT",285.43,4.96,"N"
"33141",32.1314,47.41155,296.06,0.47,0.48,"2026-02-16",2209,"N20","nominal","2.0NRT",283.51,2.96,"N"
"33142",32.10895,47.54565,337.3,0.47,0.47,"2026-02-16",2209,"N20","nominal","2.0NRT",284.57,7.91,"N"
"33143",32.10844,47.55063,333.21,0.47,0.47,"2026-02-16",2209,"N20","nominal","2.0NRT",289.92,7.12,"N"
"33144",32.12259,47.4103,304.81,0.47,0.48,"2026-02-16",2209,"N20","nominal","2.0NRT",286.05,13.87,"N"
"33145",32.11869,47.40462,321.69,0.47,0.48,"2026-02-16",2209,"N20","nominal","2.0NRT",283.25,17.84,"N"
"33146",32.11819,47.40966,331.81,0.47,0.48,"2026-02-16",2209,"N20","nominal","2.0NRT",301.2,13.87,"N"
"33147",32.11768,47.41471,296.71,0.47,0.48,"2026-02-16",2209,"N20","nominal","2.0NRT",284.85,13.87,"N"
"33148",32.09417,47.42673,331.45,0.47,0.48,"2026-02-16",2209,"N20","nominal","2.0NRT",283.19,1.94,"N"
"33149",32.06141,47.44256,351.06,0.47,0.48,"2026-02-16",2209,"N20","nominal","2.0NRT",289.33,12.66,"N"
"33150",32.3349,44.08696,307.55,0.37,0.58,"2026-02-16",2209,"N20","nominal","2.0NRT",282.04,0.58,"N"
"33151",32.05701,47.44194,301.06,0.47,0.48,"2026-02-16",2209,"N20","nominal","2.0NRT",282.88,1.1,"N"
"33152",30.75493,56.65659,296.84,0.41,0.37,"2026-02-16",2209,"N20","nominal","2.0NRT",277.33,0.9,"N"
"33153",32.34218,43.32293,300.89,0.42,0.61,"2026-02-16",2209,"N20","nominal","2.0NRT",281.68,1.18,"N"
"33154",31.76733,49.15441,307.93,0.57,0.43,"2026-02-16",2209,"N20","nominal","2.0NRT",286.03,1.57,"N"
"33155",31.76337,49.15377,317.51,0.57,0.43,"2026-02-16",2209,"N20","nominal","2.0NRT",287.43,2.36,"N"
"33156",31.79931,48.78831,295.63,0.39,0.44,"2026-02-16",2209,"N20","nominal","2.0NRT",282.98,0.8,"N"
"33157",31.79886,48.79247,300.8,0.39,0.44,"2026-02-16",2209,"N20","nominal","2.0NRT",284.1,0.8,"N"
"33158",31.94328,47.27998,307.67,0.48,0.48,"2026-02-16",2209,"N20","nominal","2.0NRT",285.3,1.05,"N"
"33159",30.666,56.6225,303.44,0.41,0.37,"2026-02-16",2209,"N20","nominal","2.0NRT",274.34,0.79,"N"
"33160",30.66609,56.61976,306.28,0.41,0.37,"2026-02-16",2209,"N20","nominal","2.0NRT",273.98,0.92,"N"
"33161",31.9445,47.27879,303.4,0.48,0.48,"2026-02-16",2209,"N20","nominal","2.0NRT",284.72,1.03,"N"
"33162",31.65122,49.26858,314.65,0.56,0.43,"2026-02-16",2209,"N20","nominal","2.0NRT",284.35,1.5,"N"
"33163",30.50741,56.82033,299.5,0.42,0.38,"2026-02-16",2209,"N20","nominal","2.0NRT",273.94,0.82,"N"
"33164",30.73465,55.38619,295.08,0.39,0.36,"2026-02-16",2209,"N20","nominal","2.0NRT",275.44,0.58,"N"
"33165",31.51793,49.45954,317.65,0.54,0.42,"2026-02-16",2209,"N20","nominal","2.0NRT",282.47,1.63,"N"
"33166",31.51405,49.45889,297.64,0.54,0.42,"2026-02-16",2209,"N20","nominal","2.0NRT",282.3,0.75,"N"
"33167",31.51339,49.46467,301.75,0.54,0.42,"2026-02-16",2209,"N20","nominal","2.0NRT",282.38,0.75,"N"
"33168",31.46172,49.56075,301.73,0.54,0.42,"2026-02-16",2209,"N20","nominal","2.0NRT",283.98,0.63,"N"
"33169",31.96193,44.43293,297.39,0.35,0.57,"2026-02-16",2209,"N20","nominal","2.0NRT",282.34,0.51,"N"
"33170",31.67138,47.51193,298.34,0.46,0.47,"2026-02-16",2209,"N20","nominal","2.0NRT",284.15,0.85,"N"
"33171",31.69304,47.25207,314.18,0.48,0.48,"2026-02-16",2209,"N20","nominal","2.0NRT",283.91,1.57,"N"
"33172",31.66168,47.52047,342.49,0.46,0.47,"2026-02-16",2209,"N20","nominal","2.0NRT",292.87,11.71,"N"
"33173",31.66119,47.52536,307,0.46,0.47,"2026-02-16",2209,"N20","nominal","2.0NRT",287.35,11.71,"N"
"33174",31.65782,47.51497,331.67,0.46,0.47,"2026-02-16",2209,"N20","nominal","2.0NRT",287.28,3.02,"N"
"33175",31.65832,47.51007,319.98,0.46,0.47,"2026-02-16",2209,"N20","nominal","2.0NRT",283.48,3.02,"N"
"33176",31.77154,46.06438,322.27,0.56,0.52,"2026-02-16",2209,"N20","nominal","2.0NRT",287.39,3.58,"N"
"33177",31.76835,46.04578,337.61,0.56,0.52,"2026-02-16",2209,"N20","nominal","2.0NRT",286.77,7.79,"N"
"33178",31.76887,46.03978,304.87,0.57,0.52,"2026-02-16",2209,"N20","nominal","2.0NRT",280.86,5.07,"N"
"33179",31.76358,46.04518,333.87,0.56,0.52,"2026-02-16",2209,"N20","nominal","2.0NRT",286.6,7.79,"N"
"33180",31.7641,46.03917,312.02,0.57,0.52,"2026-02-16",2209,"N20","nominal","2.0NRT",281.02,5.07,"N"
"33181",31.55419,47.61103,305.19,0.46,0.47,"2026-02-16",2209,"N20","nominal","2.0NRT",288,2.58,"N"
"33182",30.37021,56.12944,297.98,0.4,0.37,"2026-02-16",2209,"N20","nominal","2.0NRT",275.58,0.82,"N"
"33183",31.82607,44.12011,299.27,0.37,0.58,"2026-02-16",2209,"N20","nominal","2.0NRT",284.49,0.58,"N"
"33184",31.41036,48.64627,319.83,0.4,0.44,"2026-02-16",2209,"N20","nominal","2.0NRT",284.34,1.87,"N"
"33185",31.4099,48.65046,318.91,0.4,0.44,"2026-02-16",2209,"N20","nominal","2.0NRT",285.91,1.8,"N"
"33186",31.4063,48.64565,320.46,0.4,0.44,"2026-02-16",2209,"N20","nominal","2.0NRT",285.95,2.07,"N"
"33187",31.40584,48.64983,333.33,0.4,0.44,"2026-02-16",2209,"N20","nominal","2.0NRT",284.77,3.95,"N"
"33188",31.40539,48.65401,335.63,0.4,0.44,"2026-02-16",2209,"N20","nominal","2.0NRT",288.13,3.95,"N"
"33189",31.3236,49.27862,326.92,0.55,0.43,"2026-02-16",2209,"N20","nominal","2.0NRT",287.79,10.95,"N"
"33190",31.32294,49.28442,307.81,0.55,0.43,"2026-02-16",2209,"N20","nominal","2.0NRT",285.49,4.55,"N"
"33191",30.32556,56.2268,311.58,0.41,0.37,"2026-02-16",2209,"N20","nominal","2.0NRT",274.97,1.04,"N"
"33192",31.31969,49.27796,329.98,0.55,0.43,"2026-02-16",2209,"N20","nominal","2.0NRT",285.61,4.14,"N"
"33193",31.31903,49.28377,295.03,0.55,0.43,"2026-02-16",2209,"N20","nominal","2.0NRT",284.8,1.78,"N"
"33194",30.38119,55.86325,295.56,0.4,0.37,"2026-02-16",2209,"N20","nominal","2.0NRT",274.46,0.7,"N"
"33195",31.77367,44.25144,298.94,0.36,0.57,"2026-02-16",2209,"N20","nominal","2.0NRT",281.69,0.56,"N"
"33196",30.32219,55.97432,306.25,0.4,0.37,"2026-02-16",2209,"N20","nominal","2.0NRT",274.16,1.41,"N"
"33197",31.30258,49.11921,333.25,0.56,0.43,"2026-02-16",2209,"N20","nominal","2.0NRT",286.19,3.28,"N"
"33198",31.77525,44.24921,298.17,0.36,0.57,"2026-02-16",2209,"N20","nominal","2.0NRT",282.02,0.71,"N"
"33199",31.3098,48.77171,338.06,0.39,0.44,"2026-02-16",2209,"N20","nominal","2.0NRT",291.43,2.47,"N"
"33200",31.31027,48.7676,304.84,0.39,0.44,"2026-02-16",2209,"N20","nominal","2.0NRT",285.35,2.49,"N"
"33201",31.30578,48.77109,308.42,0.39,0.44,"2026-02-16",2209,"N20","nominal","2.0NRT",286.09,2.47,"N"
"33202",31.30413,48.71213,300.95,0.39,0.44,"2026-02-16",2209,"N20","nominal","2.0NRT",287.36,0.52,"N"
"33203",31.25311,49.16529,296.42,0.56,0.43,"2026-02-16",2209,"N20","nominal","2.0NRT",282.54,0.78,"N"
"33204",31.28098,48.88336,337.09,0.38,0.44,"2026-02-16",2209,"N20","nominal","2.0NRT",286.89,2.93,"N"
"33205",31.28167,48.72966,299.01,0.39,0.44,"2026-02-16",2209,"N20","nominal","2.0NRT",287.17,6.64,"N"
"33206",31.27764,48.72904,335.83,0.39,0.44,"2026-02-16",2209,"N20","nominal","2.0NRT",298.17,6.64,"N"
"33207",31.24551,48.98313,343.44,0.57,0.43,"2026-02-16",2209,"N20","nominal","2.0NRT",286.79,6.63,"N"
"33208",31.27316,48.73255,307.66,0.39,0.44,"2026-02-16",2209,"N20","nominal","2.0NRT",295.27,1.61,"N"
"33209",31.26912,48.73193,305,0.39,0.44,"2026-02-16",2209,"N20","nominal","2.0NRT",289.51,1.61,"N"
"33210",31.24154,48.9825,306.91,0.57,0.43,"2026-02-16",2209,"N20","nominal","2.0NRT",285.34,6.63,"N"
"33211",31.24087,48.9885,296.42,0.57,0.43,"2026-02-16",2209,"N20","nominal","2.0NRT",283.58,1.08,"N"
"33212",31.23689,48.98788,339.63,0.57,0.43,"2026-02-16",2209,"N20","nominal","2.0NRT",293.41,13.4,"N"
"33213",31.23623,48.99386,333.46,0.57,0.43,"2026-02-16",2209,"N20","nominal","2.0NRT",284.42,13.4,"N"
"33214",31.21178,49.21228,323.29,0.55,0.43,"2026-02-16",2209,"N20","nominal","2.0NRT",282.57,2.29,"N"
"33215",31.35727,47.85384,303.31,0.44,0.46,"2026-02-16",2209,"N20","nominal","2.0NRT",282.54,0.8,"N"
"33216",31.21112,49.21809,313.65,0.55,0.43,"2026-02-16",2209,"N20","nominal","2.0NRT",284.17,2.29,"N"
"33217",31.35302,47.85323,313.7,0.44,0.46,"2026-02-16",2209,"N20","nominal","2.0NRT",281.45,0.8,"N"
"33218",31.2296,48.944,306.67,0.57,0.43,"2026-02-16",2209,"N20","nominal","2.0NRT",286.7,1.15,"N"
"33219",31.22561,48.94338,297.31,0.57,0.43,"2026-02-16",2209,"N20","nominal","2.0NRT",285.59,0.63,"N"
"33220",31.23469,48.98628,306.97,0.57,0.43,"2026-02-16",2209,"N20","nominal","2.0NRT",286.25,1.29,"N"
"33221",31.35351,47.85537,329.48,0.44,0.46,"2026-02-16",2209,"N20","nominal","2.0NRT",285.29,2.71,"N"
"33222",31.22695,48.94848,322.1,0.57,0.43,"2026-02-16",2209,"N20","nominal","2.0NRT",289.31,3.12,"N"
"33223",31.21829,48.95326,318.68,0.57,0.43,"2026-02-16",2209,"N20","nominal","2.0NRT",286.12,2.4,"N"
"33224",31.21432,48.95264,302.52,0.57,0.43,"2026-02-16",2209,"N20","nominal","2.0NRT",284.62,4.78,"N"
"33225",31.21034,48.95202,350.18,0.57,0.43,"2026-02-16",2209,"N20","nominal","2.0NRT",289.25,4.78,"N"
"33226",31.20636,48.9514,296.32,0.57,0.43,"2026-02-16",2209,"N20","nominal","2.0NRT",284.47,0.86,"N"
"33227",31.27421,48.11571,352.91,0.42,0.45,"2026-02-16",2209,"N20","nominal","2.0NRT",305.7,12.1,"N"
"33228",31.13995,49.31698,330.64,0.55,0.42,"2026-02-16",2209,"N20","nominal","2.0NRT",285.86,9.24,"N"
"33229",31.27468,48.11126,305.87,0.42,0.45,"2026-02-16",2209,"N20","nominal","2.0NRT",284,5.14,"N"
"33230",31.27374,48.12017,306.6,0.42,0.45,"2026-02-16",2209,"N20","nominal","2.0NRT",286.99,12.1,"N"
"33231",31.27003,48.11509,327.27,0.42,0.45,"2026-02-16",2209,"N20","nominal","2.0NRT",286.34,12.1,"N"
"33232",31.13605,49.31636,341.18,0.55,0.42,"2026-02-16",2209,"N20","nominal","2.0NRT",289.53,9.24,"N"
"33233",31.2705,48.11063,297.03,0.42,0.45,"2026-02-16",2209,"N20","nominal","2.0NRT",283.33,5.14,"N"
"33234",31.26956,48.11955,298.12,0.42,0.45,"2026-02-16",2209,"N20","nominal","2.0NRT",283.83,12.1,"N"
"33235",31.13538,49.32209,313.5,0.55,0.42,"2026-02-16",2209,"N20","nominal","2.0NRT",285.24,5.84,"N"
"33236",31.29933,47.79575,339.65,0.44,0.46,"2026-02-16",2209,"N20","nominal","2.0NRT",292.61,9.19,"N"
"33237",31.13149,49.32148,332.25,0.55,0.42,"2026-02-16",2209,"N20","nominal","2.0NRT",288.19,4.4,"N"
"33238",31.12759,49.32087,322.2,0.55,0.42,"2026-02-16",2209,"N20","nominal","2.0NRT",286.89,4.4,"N"
"33239",31.12825,49.31517,300.61,0.55,0.42,"2026-02-16",2209,"N20","nominal","2.0NRT",283.22,2.24,"N"
"33240",31.21641,48.49558,332.96,0.4,0.44,"2026-02-16",2209,"N20","nominal","2.0NRT",286.99,2.66,"N"
"33241",31.28614,47.71313,317.99,0.45,0.47,"2026-02-16",2209,"N20","nominal","2.0NRT",285.53,1.01,"N"
"33242",31.23891,47.96427,353.86,0.43,0.46,"2026-02-16",2209,"N20","nominal","2.0NRT",289.25,7.7,"N"
"33243",31.23469,47.96365,309.03,0.43,0.46,"2026-02-16",2209,"N20","nominal","2.0NRT",283.24,7.7,"N"
"33244",30.99879,49.95394,295.99,0.51,0.41,"2026-02-16",2209,"N20","nominal","2.0NRT",282.09,0.53,"N"
"33245",31.23479,47.96285,298.13,0.43,0.46,"2026-02-16",2209,"N20","nominal","2.0NRT",282.21,0.41,"N"
"33246",30.99851,49.95348,309.51,0.51,0.41,"2026-02-16",2209,"N20","nominal","2.0NRT",282.23,1.07,"N"
"33247",30.99607,49.94228,298.69,0.51,0.41,"2026-02-16",2209,"N20","nominal","2.0NRT",282.23,0.98,"N"
"33248",30.99231,49.94163,312.71,0.51,0.41,"2026-02-16",2209,"N20","nominal","2.0NRT",282.66,0.98,"N"
"33249",31.04383,49.38855,310.58,0.54,0.42,"2026-02-16",2209,"N20","nominal","2.0NRT",283.8,1.51,"N"
"33250",31.04315,49.39421,306.93,0.54,0.42,"2026-02-16",2209,"N20","nominal","2.0NRT",284.72,1.44,"N"
"33251",31.16481,48.05783,301.93,0.43,0.46,"2026-02-16",2209,"N20","nominal","2.0NRT",287.4,1.01,"N"
"33252",30.99214,49.59233,315.82,0.53,0.42,"2026-02-16",2209,"N20","nominal","2.0NRT",286.65,4.23,"N"
"33253",30.9883,49.59175,338.62,0.53,0.42,"2026-02-16",2209,"N20","nominal","2.0NRT",289.58,4.23,"N"
"33254",31.1649,48.01685,295.19,0.43,0.46,"2026-02-16",2209,"N20","nominal","2.0NRT",283.47,0.45,"N"
"33255",31.16062,48.05721,309.37,0.43,0.46,"2026-02-16",2209,"N20","nominal","2.0NRT",285.74,1.01,"N"
"33256",31.35985,45.96207,347.19,0.57,0.52,"2026-02-16",2209,"N20","nominal","2.0NRT",287.25,9.78,"N"
"33257",30.94638,49.87739,338.02,0.51,0.41,"2026-02-16",2209,"N20","nominal","2.0NRT",297.71,8.79,"N"
"33258",30.94703,49.87196,305.71,0.51,0.41,"2026-02-16",2209,"N20","nominal","2.0NRT",285.22,8.79,"N"
"33259",31.14157,47.87054,315.03,0.44,0.46,"2026-02-16",2209,"N20","nominal","2.0NRT",284.37,1.21,"N"
"33260",30.08434,55.39835,297.15,0.39,0.36,"2026-02-16",2209,"N20","nominal","2.0NRT",274.73,0.75,"N"
"33261",30.90616,49.67034,297.95,0.52,0.42,"2026-02-16",2209,"N20","nominal","2.0NRT",284.03,3.97,"N"
"33262",30.9055,49.67583,318.28,0.52,0.42,"2026-02-16",2209,"N20","nominal","2.0NRT",285.31,3.97,"N"
"33263",30.08104,55.39763,317.88,0.39,0.36,"2026-02-16",2209,"N20","nominal","2.0NRT",276.95,2.68,"N"
"33264",30.90169,49.67515,344.4,0.52,0.42,"2026-02-16",2209,"N20","nominal","2.0NRT",290.86,3.97,"N"
"33265",30.89789,49.67448,296.81,0.52,0.42,"2026-02-16",2209,"N20","nominal","2.0NRT",284.15,0.61,"N"
"33266",29.99442,55.851,321.6,0.4,0.37,"2026-02-16",2209,"N20","nominal","2.0NRT",269.98,1.73,"N"
"33267",29.99371,55.85513,300.86,0.4,0.37,"2026-02-16",2209,"N20","nominal","2.0NRT",271.76,1.58,"N"
"33268",30.94818,49.18523,299.55,0.55,0.43,"2026-02-16",2209,"N20","nominal","2.0NRT",282.48,0.72,"N"
"33269",30.89371,49.61233,318.24,0.52,0.42,"2026-02-16",2209,"N20","nominal","2.0NRT",285.92,1.95,"N"
"33270",31.09436,47.79096,347.44,0.44,0.46,"2026-02-16",2209,"N20","nominal","2.0NRT",288.38,21.17,"N"
"33271",31.09059,47.78573,325.86,0.44,0.46,"2026-02-16",2209,"N20","nominal","2.0NRT",284.62,14.05,"N"
"33272",31.09011,47.79035,337.88,0.44,0.46,"2026-02-16",2209,"N20","nominal","2.0NRT",298.32,21.17,"N"
"33273",31.65383,40.15175,307.91,0.63,0.72,"2026-02-16",2209,"N20","nominal","2.0NRT",277.72,3.51,"N"
"33274",31.08562,47.62383,314.86,0.45,0.47,"2026-02-16",2209,"N20","nominal","2.0NRT",282.51,3.85,"N"
"33275",31.08514,47.62855,312.26,0.45,0.47,"2026-02-16",2209,"N20","nominal","2.0NRT",282.77,2.29,"N"
"33276",30.84929,49.75635,302.32,0.52,0.41,"2026-02-16",2209,"N20","nominal","2.0NRT",285.61,1.41,"N"
"33277",31.08133,47.62321,337.83,0.45,0.47,"2026-02-16",2209,"N20","nominal","2.0NRT",285.92,3.85,"N"
"33278",31.08085,47.62793,306.03,0.45,0.47,"2026-02-16",2209,"N20","nominal","2.0NRT",283.96,2.29,"N"
"33279",30.84549,49.75576,313.46,0.52,0.41,"2026-02-16",2209,"N20","nominal","2.0NRT",286.1,1.41,"N"
"33280",31.65321,38.85466,300.17,0.75,0.77,"2026-02-16",2209,"N20","nominal","2.0NRT",281.92,1.23,"N"
"33281",31.10551,47.29364,326.19,0.47,0.48,"2026-02-16",2209,"N20","nominal","2.0NRT",284.69,2.67,"N"
"33282",31.06462,47.61602,350.23,0.45,0.47,"2026-02-16",2209,"N20","nominal","2.0NRT",286.93,7.85,"N"
"33283",31.00655,48.13967,325.69,0.42,0.45,"2026-02-16",2209,"N20","nominal","2.0NRT",286.73,1.37,"N"
"33284",30.92508,48.85777,328.33,0.57,0.43,"2026-02-16",2209,"N20","nominal","2.0NRT",286.77,2.36,"N"
"33285",31.00239,48.13905,303.08,0.42,0.45,"2026-02-16",2209,"N20","nominal","2.0NRT",282.93,1.37,"N"
"33286",30.92441,48.86377,318.12,0.57,0.43,"2026-02-16",2209,"N20","nominal","2.0NRT",286.78,2.36,"N"
"33287",30.92109,48.85714,327.84,0.57,0.43,"2026-02-16",2209,"N20","nominal","2.0NRT",285.5,2.49,"N"
"33288",30.92333,48.85687,339.85,0.57,0.43,"2026-02-16",2209,"N20","nominal","2.0NRT",288.29,8.06,"N"
"33289",30.92263,48.86287,325.92,0.57,0.43,"2026-02-16",2209,"N20","nominal","2.0NRT",285.89,3,"N"
"33290",31.07791,47.25815,336.38,0.47,0.48,"2026-02-16",2209,"N20","nominal","2.0NRT",287.44,4.91,"N"
"33291",31.03111,47.70459,295.66,0.44,0.46,"2026-02-16",2209,"N20","nominal","2.0NRT",283.62,1.28,"N"
"33292",31.02684,47.70398,324.16,0.44,0.46,"2026-02-16",2209,"N20","nominal","2.0NRT",283.52,1.28,"N"
"33293",30.76312,49.98928,298.44,0.5,0.41,"2026-02-16",2209,"N20","nominal","2.0NRT",283.44,0.51,"N"
"33294",30.00146,55.19907,300.02,0.39,0.36,"2026-02-16",2209,"N20","nominal","2.0NRT",273.28,0.54,"N"
"33295",30.77492,49.76883,328.94,0.51,0.41,"2026-02-16",2209,"N20","nominal","2.0NRT",288.09,5.29,"N"
"33296",29.99487,55.19763,324.09,0.39,0.36,"2026-02-16",2209,"N20","nominal","2.0NRT",274.9,2.2,"N"
"33297",30.77115,49.76815,326.34,0.51,0.41,"2026-02-16",2209,"N20","nominal","2.0NRT",285.93,2.74,"N"
"33298",31.03541,47.2823,340.33,0.47,0.48,"2026-02-16",2209,"N20","nominal","2.0NRT",286.78,2.88,"N"
"33299",31.03591,47.27737,297.58,0.47,0.48,"2026-02-16",2209,"N20","nominal","2.0NRT",280.92,0.78,"N"
"33300",31.03492,47.28723,309.31,0.47,0.48,"2026-02-16",2209,"N20","nominal","2.0NRT",283.99,2.88,"N"
"33301",31.03103,47.28169,333.44,0.47,0.48,"2026-02-16",2209,"N20","nominal","2.0NRT",317.79,37.25,"N"
"33302",31.03054,47.28662,325.91,0.47,0.48,"2026-02-16",2209,"N20","nominal","2.0NRT",288.7,37.25,"N"
"33303",30.71283,50.11857,324.38,0.49,0.41,"2026-02-16",2209,"N20","nominal","2.0NRT",286.31,2.33,"N"
"33304",31.03153,47.27675,307.01,0.47,0.48,"2026-02-16",2209,"N20","nominal","2.0NRT",281.98,6.56,"N"
"33305",31.02665,47.28107,300.01,0.47,0.48,"2026-02-16",2209,"N20","nominal","2.0NRT",281.68,37.25,"N"
"33306",31.22003,44.92375,305.01,0.32,0.55,"2026-02-16",2209,"N20","nominal","2.0NRT",286.25,0.96,"N"
"33307",30.66411,50.32877,332.36,0.48,0.4,"2026-02-16",2209,"N20","nominal","2.0NRT",287.5,4.38,"N"
"33308",31.2166,44.90256,296.77,0.33,0.55,"2026-02-16",2209,"N20","nominal","2.0NRT",282.96,0.38,"N"
"33309",30.72244,49.82041,338.3,0.51,0.41,"2026-02-16",2209,"N20","nominal","2.0NRT",296.44,8.71,"N"
"33310",30.72179,49.82578,296.06,0.51,0.41,"2026-02-16",2209,"N20","nominal","2.0NRT",286.01,8.71,"N"
"33311",30.66296,50.30781,299.59,0.48,0.4,"2026-02-16",2209,"N20","nominal","2.0NRT",286.17,0.9,"N"
"33312",30.62006,50.3859,304.63,0.48,0.4,"2026-02-16",2209,"N20","nominal","2.0NRT",282.29,0.95,"N"
"33313",30.71045,49.54011,330.39,0.53,0.42,"2026-02-16",2209,"N20","nominal","2.0NRT",290.45,9.83,"N"
"33314",30.70662,49.53949,295.63,0.53,0.42,"2026-02-16",2209,"N20","nominal","2.0NRT",283.77,0.65,"N"
"33315",31.15393,45.05632,301.32,0.32,0.54,"2026-02-16",2209,"N20","nominal","2.0NRT",286.25,0.67,"N"
"33316",31.1489,45.05574,302.56,0.32,0.54,"2026-02-16",2209,"N20","nominal","2.0NRT",283.02,0.66,"N"
"33317",30.86654,47.91972,340.67,0.43,0.46,"2026-02-16",2209,"N20","nominal","2.0NRT",290.62,17.4,"N"
"33318",30.86607,47.92422,330.14,0.43,0.46,"2026-02-16",2209,"N20","nominal","2.0NRT",291.39,17.4,"N"
"33319",30.86234,47.91911,327.71,0.43,0.46,"2026-02-16",2209,"N20","nominal","2.0NRT",296.85,17.4,"N"
"33320",30.86186,47.92361,335.02,0.43,0.46,"2026-02-16",2209,"N20","nominal","2.0NRT",293.91,17.4,"N"
"33321",30.61422,49.91895,300.15,0.5,0.41,"2026-02-16",2209,"N20","nominal","2.0NRT",284.39,0.58,"N"
"33322",30.99832,46.21914,299.39,0.54,0.51,"2026-02-16",2209,"N20","nominal","2.0NRT",282.51,1.14,"N"
"33323",30.88782,47.33376,314.64,0.46,0.47,"2026-02-16",2209,"N20","nominal","2.0NRT",283.99,1.61,"N"
"33324",30.88395,47.32826,337.74,0.46,0.47,"2026-02-16",2209,"N20","nominal","2.0NRT",285.3,12.75,"N"
"33325",30.88346,47.33314,327.23,0.46,0.47,"2026-02-16",2209,"N20","nominal","2.0NRT",294.64,13.41,"N"
"33326",30.57616,49.91741,339.43,0.5,0.41,"2026-02-16",2209,"N20","nominal","2.0NRT",285.51,4.2,"N"
"33327",30.56475,50.0125,327.94,0.5,0.41,"2026-02-16",2209,"N20","nominal","2.0NRT",287.43,3.82,"N"
"33328",30.56412,50.01781,313.28,0.5,0.41,"2026-02-16",2209,"N20","nominal","2.0NRT",288.82,3.82,"N"
"33329",30.57242,49.91676,316.65,0.5,0.41,"2026-02-16",2209,"N20","nominal","2.0NRT",284.11,4.2,"N"
"33330",30.57572,49.91587,327.2,0.5,0.41,"2026-02-16",2209,"N20","nominal","2.0NRT",284.59,3.52,"N"
"33331",30.56311,50.01604,340.06,0.5,0.41,"2026-02-16",2209,"N20","nominal","2.0NRT",290.51,6.47,"N"
"33332",30.57506,49.92111,318.29,0.5,0.41,"2026-02-16",2209,"N20","nominal","2.0NRT",285.55,3.32,"N"
"33333",30.75801,48.2803,297.38,0.41,0.45,"2026-02-16",2209,"N20","nominal","2.0NRT",286.22,0.55,"N"
"33334",30.7539,48.27969,343.68,0.41,0.45,"2026-02-16",2209,"N20","nominal","2.0NRT",295.26,4.8,"N"
"33335",30.75438,48.27541,303.05,0.41,0.45,"2026-02-16",2209,"N20","nominal","2.0NRT",284.61,7.02,"N"
"33336",30.75342,48.28396,299.5,0.41,0.45,"2026-02-16",2209,"N20","nominal","2.0NRT",286.61,4.8,"N"
"33337",30.48482,50.48228,334.33,0.47,0.4,"2026-02-16",2209,"N20","nominal","2.0NRT",289.2,11.06,"N"
"33338",30.74979,48.27907,310.17,0.41,0.45,"2026-02-16",2209,"N20","nominal","2.0NRT",285.21,4.8,"N"
"33339",30.74931,48.28334,299.23,0.41,0.45,"2026-02-16",2209,"N20","nominal","2.0NRT",284.39,4.8,"N"
"33340",30.53944,50.02277,298.98,0.5,0.41,"2026-02-16",2209,"N20","nominal","2.0NRT",284.49,0.58,"N"
"33341",30.83009,47.32897,322.2,0.46,0.47,"2026-02-16",2209,"N20","nominal","2.0NRT",285.19,5.66,"N"
"33342",30.8296,47.33382,337.84,0.46,0.47,"2026-02-16",2209,"N20","nominal","2.0NRT",289.1,5.66,"N"
"33343",30.82574,47.32835,345.5,0.46,0.47,"2026-02-16",2209,"N20","nominal","2.0NRT",287.45,5.66,"N"
"33344",30.62795,49.13118,298.99,0.55,0.43,"2026-02-16",2209,"N20","nominal","2.0NRT",284.72,0.75,"N"
"33345",30.4459,50.49599,314.31,0.47,0.4,"2026-02-16",2209,"N20","nominal","2.0NRT",281.37,0.93,"N"
"33346",30.75185,47.66457,336.14,0.44,0.46,"2026-02-16",2209,"N20","nominal","2.0NRT",287.45,3.28,"N"
"33347",30.76813,47.33007,337.64,0.46,0.47,"2026-02-16",2209,"N20","nominal","2.0NRT",285,4.24,"N"
"33348",30.39719,50.61696,334.45,0.47,0.39,"2026-02-16",2209,"N20","nominal","2.0NRT",284.55,1.8,"N"
"33349",30.39658,50.62185,320.85,0.47,0.39,"2026-02-16",2209,"N20","nominal","2.0NRT",283.46,2.47,"N"
"33350",30.76765,47.33493,300.05,0.46,0.47,"2026-02-16",2209,"N20","nominal","2.0NRT",285.05,4.24,"N"
"33351",30.39843,50.60722,316.27,0.47,0.39,"2026-02-16",2209,"N20","nominal","2.0NRT",283.2,1.51,"N"
"33352",30.39781,50.61208,303.12,0.47,0.39,"2026-02-16",2209,"N20","nominal","2.0NRT",283.65,1.8,"N"
"33353",30.76425,47.3246,337.26,0.46,0.47,"2026-02-16",2209,"N20","nominal","2.0NRT",287.11,3.82,"N"
"33354",30.39358,50.61639,295.77,0.47,0.39,"2026-02-16",2209,"N20","nominal","2.0NRT",281.64,1.8,"N"
"33355",30.7667,47.33358,333.97,0.46,0.47,"2026-02-16",2209,"N20","nominal","2.0NRT",285.16,2.68,"N"
"33356",30.76722,47.32874,300.1,0.46,0.47,"2026-02-16",2209,"N20","nominal","2.0NRT",283.96,2.55,"N"
"33357",30.76286,47.32812,335.02,0.46,0.47,"2026-02-16",2209,"N20","nominal","2.0NRT",286.63,2.55,"N"
"33358",30.76337,47.32328,305.54,0.46,0.47,"2026-02-16",2209,"N20","nominal","2.0NRT",284.02,2.55,"N"
"33359",30.35604,50.6132,300.57,0.47,0.39,"2026-02-16",2209,"N20","nominal","2.0NRT",282.22,0.71,"N"
"33360",30.44723,49.83505,320.07,0.51,0.41,"2026-02-16",2209,"N20","nominal","2.0NRT",286.9,2.44,"N"
"33361",30.31002,50.68404,302.96,0.46,0.39,"2026-02-16",2209,"N20","nominal","2.0NRT",282.59,1.33,"N"
"33362",30.30641,50.68348,326.76,0.46,0.39,"2026-02-16",2209,"N20","nominal","2.0NRT",284.17,1.33,"N"
"33363",30.30021,50.73156,313.28,0.46,0.39,"2026-02-16",2209,"N20","nominal","2.0NRT",280.92,1.5,"N"
"33364",30.29897,50.74117,317.38,0.46,0.39,"2026-02-16",2209,"N20","nominal","2.0NRT",282.35,1.96,"N"
"33365",30.68788,47.3274,341.37,0.46,0.47,"2026-02-16",2209,"N20","nominal","2.0NRT",287.47,4.67,"N"
"33366",30.4058,49.8606,310.42,0.5,0.41,"2026-02-16",2209,"N20","nominal","2.0NRT",285.83,1.34,"N"
"33367",30.29599,50.73578,299.17,0.46,0.39,"2026-02-16",2209,"N20","nominal","2.0NRT",280.02,0.68,"N"
"33368",30.34904,50.28945,327.31,0.48,0.4,"2026-02-16",2209,"N20","nominal","2.0NRT",285.38,2.58,"N"
"33369",30.34717,50.30432,310.19,0.48,0.4,"2026-02-16",2209,"N20","nominal","2.0NRT",285.35,0.99,"N"
"33370",30.67918,47.32619,310.59,0.46,0.47,"2026-02-16",2209,"N20","nominal","2.0NRT",285.47,1.1,"N"
"33371",30.40215,49.82755,316.86,0.51,0.41,"2026-02-16",2209,"N20","nominal","2.0NRT",286.8,1.81,"N"
"33372",30.40151,49.83288,299.08,0.51,0.41,"2026-02-16",2209,"N20","nominal","2.0NRT",288.01,1.64,"N"
"33373",30.39456,49.85865,329.42,0.5,0.41,"2026-02-16",2209,"N20","nominal","2.0NRT",287.37,2.64,"N"
"33374",30.39328,49.86917,299.86,0.5,0.41,"2026-02-16",2209,"N20","nominal","2.0NRT",285.43,1.17,"N"
"33375",30.39081,49.85802,338.08,0.5,0.41,"2026-02-16",2209,"N20","nominal","2.0NRT",293.2,13.36,"N"
"33376",30.39016,49.86339,325.88,0.5,0.41,"2026-02-16",2209,"N20","nominal","2.0NRT",292.71,7.31,"N"
"33377",30.27243,50.80479,307.26,0.46,0.39,"2026-02-16",2209,"N20","nominal","2.0NRT",281.43,0.6,"N"
"33378",29.51447,55.79708,297.81,0.4,0.37,"2026-02-16",2209,"N20","nominal","2.0NRT",275.61,0.7,"N"
"33379",30.25819,50.77331,328.29,0.46,0.39,"2026-02-16",2209,"N20","nominal","2.0NRT",285.81,2.82,"N"
"33380",30.25278,50.78703,313.04,0.46,0.39,"2026-02-16",2209,"N20","nominal","2.0NRT",283.28,1.22,"N"
"33381",30.36146,49.87949,329.93,0.5,0.41,"2026-02-16",2209,"N20","nominal","2.0NRT",291.39,5.16,"N"
"33382",30.35644,49.92125,330.79,0.5,0.41,"2026-02-16",2209,"N20","nominal","2.0NRT",287.35,3.77,"N"
"33383",30.45389,49.08553,307.02,0.55,0.43,"2026-02-16",2209,"N20","nominal","2.0NRT",288.03,1.5,"N"
"33384",30.36714,49.83194,297.39,0.5,0.41,"2026-02-16",2209,"N20","nominal","2.0NRT",284.82,0.47,"N"
"33385",30.25039,50.77701,316.05,0.46,0.39,"2026-02-16",2209,"N20","nominal","2.0NRT",284.32,2.16,"N"
"33386",30.25671,50.77099,308.99,0.46,0.39,"2026-02-16",2209,"N20","nominal","2.0NRT",281.44,1.06,"N"
"33387",30.25607,50.77583,301,0.46,0.39,"2026-02-16",2209,"N20","nominal","2.0NRT",284.4,1.06,"N"
"33388",30.25185,50.78005,312.42,0.46,0.39,"2026-02-16",2209,"N20","nominal","2.0NRT",283.55,0.79,"N"
"33389",30.25122,50.78473,301.24,0.46,0.39,"2026-02-16",2209,"N20","nominal","2.0NRT",283.39,0.79,"N"
"33390",30.36469,49.87858,317.21,0.5,0.41,"2026-02-16",2209,"N20","nominal","2.0NRT",287.32,1.89,"N"
"33391",30.24826,50.77947,303.49,0.46,0.39,"2026-02-16",2209,"N20","nominal","2.0NRT",282.6,0.62,"N"
"33392",30.36095,49.87795,327.65,0.5,0.41,"2026-02-16",2209,"N20","nominal","2.0NRT",287.67,1.89,"N"
"33393",30.35571,49.91962,326.79,0.5,0.41,"2026-02-16",2209,"N20","nominal","2.0NRT",285.93,2.71,"N"
"33394",30.36691,49.83041,295.48,0.5,0.41,"2026-02-16",2209,"N20","nominal","2.0NRT",284.61,0.51,"N"
"33395",30.35506,49.92478,301.7,0.5,0.41,"2026-02-16",2209,"N20","nominal","2.0NRT",286.46,2.15,"N"
"33396",30.45415,49.08469,309.2,0.55,0.43,"2026-02-16",2209,"N20","nominal","2.0NRT",287.59,2.1,"N"
"33397",30.4312,49.11023,312.86,0.55,0.43,"2026-02-16",2209,"N20","nominal","2.0NRT",289.96,2.6,"N"
"33398",30.22137,50.78911,302.35,0.46,0.39,"2026-02-16",2209,"N20","nominal","2.0NRT",282.35,0.69,"N"
"33399",30.32795,49.86669,298.19,0.5,0.41,"2026-02-16",2209,"N20","nominal","2.0NRT",284.79,0.76,"N"
"33400",30.20453,50.83382,316.17,0.45,0.39,"2026-02-16",2209,"N20","nominal","2.0NRT",285.17,2.02,"N"
"33401",30.61216,47.32489,346.5,0.46,0.47,"2026-02-16",2209,"N20","nominal","2.0NRT",290.24,11.97,"N"
"33402",30.61117,47.33453,320.24,0.46,0.47,"2026-02-16",2209,"N20","nominal","2.0NRT",285.23,1.63,"N"
"33403",30.29656,50.0882,334.52,0.49,0.4,"2026-02-16",2209,"N20","nominal","2.0NRT",287.25,4.47,"N"
"33404",30.32162,49.88692,297.83,0.5,0.41,"2026-02-16",2209,"N20","nominal","2.0NRT",284.54,0.83,"N"
"33405",30.18984,50.91758,300.02,0.45,0.39,"2026-02-16",2209,"N20","nominal","2.0NRT",283.79,0.66,"N"
"33406",30.29234,50.06149,323.28,0.49,0.4,"2026-02-16",2209,"N20","nominal","2.0NRT",288.14,2.41,"N"
"33407",30.18952,50.8647,303.13,0.45,0.39,"2026-02-16",2209,"N20","nominal","2.0NRT",285.07,0.63,"N"
"33408",30.28353,50.1018,336.96,0.49,0.4,"2026-02-16",2209,"N20","nominal","2.0NRT",284.4,5.64,"N"
"33409",30.29132,50.00879,301.99,0.49,0.41,"2026-02-16",2209,"N20","nominal","2.0NRT",285.86,0.39,"N"
"33410",30.48434,48.24799,322.82,0.41,0.45,"2026-02-16",2209,"N20","nominal","2.0NRT",286.7,2.43,"N"
"33411",30.57304,47.31941,328.63,0.46,0.47,"2026-02-16",2209,"N20","nominal","2.0NRT",285.25,2.81,"N"
"33412",30.58228,47.22725,306.28,0.47,0.47,"2026-02-16",2209,"N20","nominal","2.0NRT",284.41,1.05,"N"
"33413",30.58179,47.23212,298.64,0.47,0.47,"2026-02-16",2209,"N20","nominal","2.0NRT",284.41,0.43,"N"
"33414",30.26262,50.08768,297.06,0.49,0.4,"2026-02-16",2209,"N20","nominal","2.0NRT",286.47,0.63,"N"
"33415",30.56917,47.31397,339.35,0.46,0.47,"2026-02-16",2209,"N20","nominal","2.0NRT",285.96,3.94,"N"
"33416",30.56869,47.31881,300.33,0.46,0.47,"2026-02-16",2209,"N20","nominal","2.0NRT",284.99,2.81,"N"
"33417",30.25076,50.15296,295.2,0.49,0.4,"2026-02-16",2209,"N20","nominal","2.0NRT",284.73,0.33,"N"
"33418",30.56337,47.32785,326.34,0.46,0.47,"2026-02-16",2209,"N20","nominal","2.0NRT",284.74,2.85,"N"
"33419",30.56144,47.34711,331.22,0.46,0.47,"2026-02-16",2209,"N20","nominal","2.0NRT",283.74,3.5,"N"
"33420",30.56096,47.35191,324.46,0.46,0.47,"2026-02-16",2209,"N20","nominal","2.0NRT",285.23,3.5,"N"
"33421",30.53228,47.59198,296.19,0.44,0.46,"2026-02-16",2209,"N20","nominal","2.0NRT",283.42,0.67,"N"
"33422",30.5318,47.59662,299.78,0.44,0.46,"2026-02-16",2209,"N20","nominal","2.0NRT",284.21,0.67,"N"
"33423",30.52658,47.60529,327.92,0.44,0.46,"2026-02-16",2209,"N20","nominal","2.0NRT",285.16,3.74,"N"
"33424",30.52611,47.60992,367,0.44,0.46,"2026-02-16",2209,"N20","high","2.0NRT",289.92,3.95,"N"
"33425",30.52564,47.61454,300.13,0.44,0.46,"2026-02-16",2209,"N20","nominal","2.0NRT",285.55,3.95,"N"
"33426",29.89181,52.73653,317.7,0.4,0.37,"2026-02-16",2209,"N20","nominal","2.0NRT",280.21,2.25,"N"
"33427",30.52184,47.6093,307.58,0.44,0.46,"2026-02-16",2209,"N20","nominal","2.0NRT",285.59,3.95,"N"
"33428",30.23043,50.19558,302.08,0.48,0.4,"2026-02-16",2209,"N20","nominal","2.0NRT",284.52,0.85,"N"
"33429",30.56367,47.09997,337.37,0.47,0.48,"2026-02-16",2209,"N20","nominal","2.0NRT",284.15,11.84,"N"
"33430",30.56319,47.10493,323.39,0.47,0.48,"2026-02-16",2209,"N20","nominal","2.0NRT",293.75,11.84,"N"
"33431",30.52326,47.60688,337.1,0.44,0.46,"2026-02-16",2209,"N20","nominal","2.0NRT",285.15,3.99,"N"
"33432",30.52276,47.6115,336.63,0.44,0.46,"2026-02-16",2209,"N20","nominal","2.0NRT",287.81,4.26,"N"
"33433",28.81349,58.87202,297.15,0.54,0.42,"2026-02-16",2209,"N20","nominal","2.0NRT",282.88,0.78,"N"
"33434",30.56359,47.1027,347.62,0.47,0.48,"2026-02-16",2209,"N20","nominal","2.0NRT",293.57,22.04,"N"
"33435",30.47865,47.74004,332.21,0.43,0.46,"2026-02-16",2209,"N20","nominal","2.0NRT",285.49,2.02,"N"
"33436",30.48862,47.60663,311.01,0.44,0.46,"2026-02-16",2209,"N20","nominal","2.0NRT",284.65,0.98,"N"
"33437",30.15768,50.4196,314.4,0.47,0.4,"2026-02-16",2209,"N20","nominal","2.0NRT",286.19,3.23,"N"
"33438",30.15704,50.42456,298.03,0.47,0.4,"2026-02-16",2209,"N20","nominal","2.0NRT",286.73,3.23,"N"
"33439",30.15406,50.41888,328.56,0.47,0.4,"2026-02-16",2209,"N20","nominal","2.0NRT",291.87,3.23,"N"
"33440",30.15342,50.42384,325.87,0.47,0.4,"2026-02-16",2209,"N20","nominal","2.0NRT",291.41,3.23,"N"
"33441",30.48058,47.60079,298.28,0.44,0.46,"2026-02-16",2209,"N20","nominal","2.0NRT",286.18,1.04,"N"
"33442",30.56312,46.70486,305.06,0.5,0.49,"2026-02-16",2209,"N20","nominal","2.0NRT",283.99,1.23,"N"
"33443",30.49718,47.31617,340.15,0.46,0.47,"2026-02-16",2209,"N20","nominal","2.0NRT",288.56,3.83,"N"
"33444",30.49767,47.31136,313.86,0.46,0.47,"2026-02-16",2209,"N20","nominal","2.0NRT",284.12,3.83,"N"
"33445",30.49669,47.32099,299.39,0.46,0.47,"2026-02-16",2209,"N20","nominal","2.0NRT",285.16,2.82,"N"
"33446",29.74492,53.24664,297.35,0.39,0.36,"2026-02-16",2209,"N20","nominal","2.0NRT",276.68,0.61,"N"
"33447",30.49284,47.31557,295.66,0.46,0.47,"2026-02-16",2209,"N20","nominal","2.0NRT",283.36,0.39,"N"
"33448",30.45625,47.6674,307.54,0.44,0.46,"2026-02-16",2209,"N20","nominal","2.0NRT",287.53,1.16,"N"
"33449",30.06655,50.89425,301.91,0.45,0.39,"2026-02-16",2209,"N20","nominal","2.0NRT",283.48,0.84,"N"
"33450",30.08646,50.54181,325.07,0.47,0.39,"2026-02-16",2209,"N20","nominal","2.0NRT",286.44,2.22,"N"
"33451",30.11005,50.35521,303.16,0.47,0.4,"2026-02-16",2209,"N20","nominal","2.0NRT",283.51,1.01,"N"
"33452",30.0692,50.67692,318.49,0.46,0.39,"2026-02-16",2209,"N20","nominal","2.0NRT",284.56,1.44,"N"
"33453",30.41846,47.61535,333.51,0.44,0.46,"2026-02-16",2209,"N20","nominal","2.0NRT",286.72,2.95,"N"
"33454",30.41941,47.60608,300.62,0.44,0.46,"2026-02-16",2209,"N20","nominal","2.0NRT",284.11,1.43,"N"
"33455",30.41894,47.61071,307.02,0.44,0.46,"2026-02-16",2209,"N20","nominal","2.0NRT",284.07,1.43,"N"
"33456",30.34939,48.27209,303.3,0.4,0.45,"2026-02-16",2209,"N20","nominal","2.0NRT",289.19,0.74,"N"
"33457",30.1064,50.35457,310.19,0.47,0.4,"2026-02-16",2209,"N20","nominal","2.0NRT",283.82,1.26,"N"
"33458",30.3453,48.27148,302.49,0.4,0.45,"2026-02-16",2209,"N20","nominal","2.0NRT",288.43,0.74,"N"
"33459",30.42739,47.44164,295.33,0.45,0.47,"2026-02-16",2209,"N20","nominal","2.0NRT",283.38,0.33,"N"
"33460",30.0574,50.59657,305.38,0.46,0.39,"2026-02-16",2209,"N20","nominal","2.0NRT",283.09,0.39,"N"
"33461",30.41553,47.61293,299.37,0.44,0.46,"2026-02-16",2209,"N20","nominal","2.0NRT",285.68,0.65,"N"
"33462",30.05655,50.59432,301.47,0.46,0.39,"2026-02-16",2209,"N20","nominal","2.0NRT",284.05,0.97,"N"
"33463",30.04371,50.63589,336.78,0.46,0.39,"2026-02-16",2209,"N20","nominal","2.0NRT",288.72,4.13,"N"
"33464",30.03657,50.63424,327.33,0.46,0.39,"2026-02-16",2209,"N20","nominal","2.0NRT",286.49,1.95,"N"
"33465",30.03595,50.63897,296.26,0.46,0.39,"2026-02-16",2209,"N20","nominal","2.0NRT",285.48,1.16,"N"
"33466",30.37424,47.63507,299.57,0.44,0.46,"2026-02-16",2209,"N20","nominal","2.0NRT",283.56,0.75,"N"
"33467",30.40152,47.33509,340.02,0.46,0.47,"2026-02-16",2209,"N20","nominal","2.0NRT",284.85,4.74,"N"
"33468",30.3695,47.63907,304.56,0.44,0.46,"2026-02-16",2209,"N20","nominal","2.0NRT",284.64,0.79,"N"
"33469",29.73467,52.65425,297.17,0.4,0.37,"2026-02-16",2209,"N20","nominal","2.0NRT",278.7,1.09,"N"
"33470",30.35432,47.6601,297.13,0.44,0.46,"2026-02-16",2209,"N20","nominal","2.0NRT",284.13,0.56,"N"
"33471",29.98108,50.72186,308.74,0.46,0.39,"2026-02-16",2209,"N20","nominal","2.0NRT",285.99,1.22,"N"
"33472",30.36686,47.33024,296.7,0.46,0.47,"2026-02-16",2209,"N20","nominal","2.0NRT",282.58,1.72,"N"
"33473",30.36252,47.32963,336.81,0.46,0.47,"2026-02-16",2209,"N20","nominal","2.0NRT",284.32,1.72,"N"
"33474",30.36155,47.33919,349.23,0.46,0.47,"2026-02-16",2209,"N20","nominal","2.0NRT",288,9.79,"N"
"33475",30.33458,47.60135,308.32,0.44,0.46,"2026-02-16",2209,"N20","nominal","2.0NRT",284.55,0.98,"N"
"33476",30.35722,47.33858,337.22,0.46,0.47,"2026-02-16",2209,"N20","nominal","2.0NRT",286.5,6.51,"N"
"33477",29.9438,50.83997,316.25,0.45,0.39,"2026-02-16",2209,"N20","nominal","2.0NRT",286.94,1.88,"N"
"33478",29.91703,50.87794,312.99,0.45,0.39,"2026-02-16",2209,"N20","nominal","2.0NRT",287.27,1.37,"N"
"33479",29.9182,50.87553,307.67,0.45,0.39,"2026-02-16",2209,"N20","nominal","2.0NRT",284.65,1.1,"N"
"33480",29.91756,50.88026,303.34,0.45,0.39,"2026-02-16",2209,"N20","nominal","2.0NRT",286.51,1.08,"N"
"33481",30.27687,47.74283,334.66,0.43,0.46,"2026-02-16",2209,"N20","nominal","2.0NRT",285.47,3.11,"N"
"33482",30.27982,47.71581,303.47,0.43,0.46,"2026-02-16",2209,"N20","nominal","2.0NRT",283.5,1.12,"N"
"33483",30.31484,47.34948,324.03,0.46,0.47,"2026-02-16",2209,"N20","nominal","2.0NRT",284.05,1.69,"N"
"33484",30.2751,47.71972,298.78,0.43,0.46,"2026-02-16",2209,"N20","nominal","2.0NRT",283.78,0.87,"N"
"33485",30.35461,46.836,339.62,0.49,0.48,"2026-02-16",2209,"N20","nominal","2.0NRT",289.1,8.14,"N"
"33486",30.28741,47.36007,296.16,0.45,0.47,"2026-02-16",2209,"N20","nominal","2.0NRT",282.77,0.34,"N"
"33487",30.28309,47.35947,335.21,0.45,0.47,"2026-02-16",2209,"N20","nominal","2.0NRT",285.15,3.39,"N"
"33488",30.28408,47.34998,314.22,0.46,0.47,"2026-02-16",2209,"N20","nominal","2.0NRT",283.93,1.73,"N"
"33489",30.2826,47.3642,306.7,0.45,0.47,"2026-02-16",2209,"N20","nominal","2.0NRT",284.85,3.6,"N"
"33490",30.27877,47.35887,337.24,0.45,0.47,"2026-02-16",2209,"N20","nominal","2.0NRT",285.64,3.39,"N"
"33491",29.6249,52.44926,311.67,0.4,0.37,"2026-02-16",2209,"N20","nominal","2.0NRT",280.41,0.83,"N"
"33492",29.15432,55.36549,308.21,0.4,0.37,"2026-02-16",2209,"N20","nominal","2.0NRT",277.77,0.91,"N"
"33493",30.2145,47.3882,346.21,0.45,0.47,"2026-02-16",2209,"N20","nominal","2.0NRT",286.66,5.31,"N"
"33494",30.21402,47.39291,300.7,0.45,0.47,"2026-02-16",2209,"N20","nominal","2.0NRT",284.19,0.89,"N"
"33495",29.13902,55.37461,298.31,0.4,0.37,"2026-02-16",2209,"N20","nominal","2.0NRT",279.2,0.99,"N"
"33496",30.21688,47.38799,344.33,0.45,0.47,"2026-02-16",2209,"N20","nominal","2.0NRT",286.35,4.56,"N"
"33497",30.21207,47.3921,334.91,0.45,0.47,"2026-02-16",2209,"N20","nominal","2.0NRT",286.36,4.56,"N"
"33498",29.94603,49.68536,308.63,0.51,0.41,"2026-02-16",2209,"N20","nominal","2.0NRT",290.21,1.05,"N"
"33499",30.20776,47.3915,323.35,0.45,0.47,"2026-02-16",2209,"N20","nominal","2.0NRT",284,1.96,"N"
"33500",29.94227,49.68474,327.48,0.51,0.41,"2026-02-16",2209,"N20","nominal","2.0NRT",290.39,2.67,"N"
"33501",30.19965,47.38557,325.38,0.45,0.47,"2026-02-16",2209,"N20","nominal","2.0NRT",282.7,1.82,"N"
"33502",30.19915,47.39029,299.05,0.45,0.47,"2026-02-16",2209,"N20","nominal","2.0NRT",283.19,1.82,"N"
"33503",30.17564,47.40606,332.96,0.45,0.47,"2026-02-16",2209,"N20","nominal","2.0NRT",282.91,4.95,"N"
"33504",30.17514,47.41076,333.75,0.45,0.47,"2026-02-16",2209,"N20","nominal","2.0NRT",285.69,5.35,"N"
"33505",30.17035,47.41483,339.14,0.45,0.47,"2026-02-16",2209,"N20","nominal","2.0NRT",285.61,4.95,"N"
"33506",30.16606,47.4142,334.9,0.45,0.47,"2026-02-16",2209,"N20","nominal","2.0NRT",285.72,4.95,"N"
"33507",29.20121,54.48445,296.34,0.39,0.36,"2026-02-16",2209,"N20","nominal","2.0NRT",273.29,0.76,"N"
"33508",29.17294,54.61663,322.53,0.39,0.36,"2026-02-16",2209,"N20","nominal","2.0NRT",279.22,2.02,"N"
"33509",29.76273,50.36597,301.28,0.47,0.4,"2026-02-16",2209,"N20","nominal","2.0NRT",287.09,0.97,"N"
"33510",29.76208,50.37116,301.99,0.47,0.4,"2026-02-16",2209,"N20","nominal","2.0NRT",286.86,0.74,"N"
"33511",29.76191,50.36857,319.48,0.47,0.4,"2026-02-16",2209,"N20","nominal","2.0NRT",287.71,1.73,"N"
"33512",29.71571,50.66293,299.17,0.46,0.39,"2026-02-16",2209,"N20","nominal","2.0NRT",287.26,0.38,"N"
"33513",29.71214,50.66223,300.5,0.46,0.39,"2026-02-16",2209,"N20","nominal","2.0NRT",285.16,0.38,"N"
"33514",29.73486,50.34826,324.08,0.47,0.4,"2026-02-16",2209,"N20","nominal","2.0NRT",285.03,2.24,"N"
"33515",29.37023,52.61289,315.88,0.4,0.37,"2026-02-16",2209,"N20","nominal","2.0NRT",277.11,1.08,"N"
"33516",29.36689,52.61226,300.02,0.4,0.37,"2026-02-16",2209,"N20","nominal","2.0NRT",276.73,0.97,"N"
"33517",29.2573,53.12315,325.7,0.39,0.36,"2026-02-16",2209,"N20","nominal","2.0NRT",280.17,4.41,"N"
"33518",29.50326,51.40472,310.72,0.43,0.38,"2026-02-16",2209,"N20","nominal","2.0NRT",283.87,1.36,"N"
"33519",29.50899,51.25983,329.14,0.43,0.38,"2026-02-16",2209,"N20","nominal","2.0NRT",288.58,2.59,"N"
"33520",29.87242,47.71943,310.53,0.43,0.46,"2026-02-16",2209,"N20","nominal","2.0NRT",284.59,10.72,"N"
"33521",29.87196,47.72388,298.76,0.43,0.46,"2026-02-16",2209,"N20","nominal","2.0NRT",284.59,7.72,"N"
"33522",29.86822,47.7188,338.01,0.43,0.46,"2026-02-16",2209,"N20","nominal","2.0NRT",286.55,10.72,"N"
"33523",29.86775,47.72326,323.43,0.43,0.46,"2026-02-16",2209,"N20","nominal","2.0NRT",286.32,7.72,"N"
"33524",29.85985,47.79844,302.08,0.42,0.46,"2026-02-16",2209,"N20","nominal","2.0NRT",284.89,0.51,"N"
"33525",29.85749,47.73978,311.8,0.43,0.46,"2026-02-16",2209,"N20","nominal","2.0NRT",284.06,1,"N"
"33526",29.86754,47.7204,347.81,0.43,0.46,"2026-02-16",2209,"N20","nominal","2.0NRT",286.27,15.66,"N"
"33527",29.85866,47.79987,297.28,0.42,0.45,"2026-02-16",2209,"N20","nominal","2.0NRT",285.03,0.51,"N"
"33528",29.1943,52.8416,329.84,0.39,0.36,"2026-02-16",2209,"N20","nominal","2.0NRT",285.96,4.29,"N"
"33529",29.85667,47.74134,311.04,0.43,0.46,"2026-02-16",2209,"N20","nominal","2.0NRT",284.54,1.3,"N"
"33530",29.18919,52.85297,296.84,0.39,0.36,"2026-02-16",2209,"N20","nominal","2.0NRT",278.47,0.4,"N"
"33531",29.84779,47.74453,298.03,0.43,0.46,"2026-02-16",2209,"N20","nominal","2.0NRT",284.18,0.33,"N"
"33532",29.84476,47.69449,299.78,0.43,0.46,"2026-02-16",2209,"N20","nominal","2.0NRT",285.08,0.76,"N"
"33533",29.78767,47.7088,336.89,0.43,0.46,"2026-02-16",2209,"N20","nominal","2.0NRT",286.62,3.43,"N"
"33534",29.78815,47.70436,305.64,0.43,0.46,"2026-02-16",2209,"N20","nominal","2.0NRT",284.59,3.43,"N"
"33535",29.47761,49.39194,321.88,0.52,0.41,"2026-02-16",2209,"N20","nominal","2.0NRT",291.37,1.27,"N"
"33536",29.5606,48.16796,301.35,0.4,0.44,"2026-02-16",2209,"N20","nominal","2.0NRT",288.07,0.57,"N"
"33537",28.69375,54.18629,298.02,0.38,0.36,"2026-02-16",2209,"N20","nominal","2.0NRT",280.67,0.66,"N"
"33538",29.24225,50.30112,314.2,0.47,0.4,"2026-02-16",2209,"N20","nominal","2.0NRT",286.8,1.63,"N"
"33539",29.33088,49.49133,329.22,0.51,0.41,"2026-02-16",2209,"N20","nominal","2.0NRT",291.99,3.03,"N"
"33540",29.33054,49.49519,328.04,0.51,0.41,"2026-02-16",2209,"N20","nominal","2.0NRT",292.04,2.09,"N"
"33541",29.2183,50.30978,321.99,0.47,0.39,"2026-02-16",2209,"N20","nominal","2.0NRT",286.86,0.85,"N"
"33542",29.29321,49.54778,328.68,0.51,0.41,"2026-02-16",2209,"N20","nominal","2.0NRT",291.96,3.06,"N"
"33543",29.27118,49.57071,328.53,0.51,0.41,"2026-02-16",2209,"N20","nominal","2.0NRT",291.56,2.24,"N"
"33544",28.70342,53.54278,312.65,0.38,0.36,"2026-02-16",2209,"N20","nominal","2.0NRT",280.97,0.98,"N"
"33545",28.68226,52.0932,326.9,0.4,0.37,"2026-02-16",2209,"N20","nominal","2.0NRT",282.77,2.23,"N"
"33546",28.48229,53.41203,296.07,0.38,0.36,"2026-02-16",2209,"N20","nominal","2.0NRT",282.42,0.6,"N"
"33547",28.34572,53.43498,301.16,0.38,0.36,"2026-02-16",2209,"N20","nominal","2.0NRT",279.7,0.6,"N"
"33548",29.04296,48.14436,299.06,0.4,0.44,"2026-02-16",2209,"N20","nominal","2.0NRT",288.27,0.66,"N"
"33549",29.02627,48.14605,336.38,0.4,0.44,"2026-02-16",2209,"N20","nominal","2.0NRT",314.48,11.02,"N"
"33550",29.02673,48.14203,305.89,0.4,0.44,"2026-02-16",2209,"N20","nominal","2.0NRT",290.22,11.02,"N"
"33551",29.02267,48.14144,320.84,0.4,0.44,"2026-02-16",2209,"N20","nominal","2.0NRT",289.44,11.02,"N"
"33552",29.02488,48.01239,298.43,0.4,0.44,"2026-02-16",2209,"N20","nominal","2.0NRT",284.65,0.83,"N"
"33553",29.02032,48.01594,306.65,0.4,0.44,"2026-02-16",2209,"N20","nominal","2.0NRT",285.32,1.11,"N"
"33554",29.00506,48.15115,304.04,0.4,0.44,"2026-02-16",2209,"N20","nominal","2.0NRT",293.1,1.44,"N"
"33555",28.99559,48.16205,318.23,0.4,0.44,"2026-02-16",2209,"N20","nominal","2.0NRT",290.24,1.13,"N"
"33556",28.99154,48.16146,310.24,0.4,0.44,"2026-02-16",2209,"N20","nominal","2.0NRT",288.11,0.77,"N"
"33557",28.99111,48.12856,307.35,0.4,0.44,"2026-02-16",2209,"N20","nominal","2.0NRT",290.56,0.98,"N"
"33558",29.0083,47.74453,333.51,0.42,0.45,"2026-02-16",2209,"N20","nominal","2.0NRT",298.71,49.12,"N"
"33559",29.00785,47.7488,302.84,0.42,0.45,"2026-02-16",2209,"N20","nominal","2.0NRT",285.4,10.13,"N"
"33560",29.00415,47.74393,296.53,0.42,0.45,"2026-02-16",2209,"N20","nominal","2.0NRT",284.51,0.59,"N"
"33561",28.97764,47.98851,298.98,0.4,0.45,"2026-02-16",2209,"N20","nominal","2.0NRT",285.04,0.56,"N"
"33562",29.00632,47.74559,351.62,0.42,0.45,"2026-02-16",2209,"N20","nominal","2.0NRT",294.7,27.97,"N"
"33563",29.01513,47.66825,297.82,0.42,0.45,"2026-02-16",2209,"N20","nominal","2.0NRT",284.81,0.45,"N"
"33564",29.00681,47.74132,299.78,0.42,0.45,"2026-02-16",2209,"N20","nominal","2.0NRT",284.42,27.97,"N"
"33565",28.9787,47.98553,298.84,0.4,0.45,"2026-02-16",2209,"N20","nominal","2.0NRT",284.74,0.72,"N"
"33566",28.94328,47.96775,299.86,0.4,0.45,"2026-02-16",2209,"N20","nominal","2.0NRT",285,0.89,"N"
"33567",28.93556,47.96242,307.14,0.4,0.45,"2026-02-16",2209,"N20","nominal","2.0NRT",286.55,1.04,"N"
"33568",28.93147,47.96181,339.68,0.4,0.45,"2026-02-16",2209,"N20","nominal","2.0NRT",287.92,6.16,"N"
"33569",28.92199,47.93494,312.13,0.41,0.45,"2026-02-16",2209,"N20","nominal","2.0NRT",286.06,0.64,"N"
"33570",28.91788,47.93434,337.09,0.41,0.45,"2026-02-16",2209,"N20","nominal","2.0NRT",287.56,3.36,"N"
"33571",28.87414,47.95327,295.76,0.4,0.45,"2026-02-16",2209,"N20","nominal","2.0NRT",284.6,0.28,"N"
"33572",28.87538,47.951,300.08,0.4,0.45,"2026-02-16",2209,"N20","nominal","2.0NRT",284.95,0.41,"N"
"33573",25.05381,67.49443,305.56,0.7,0.75,"2026-02-16",2209,"N20","nominal","2.0NRT",287.4,1.84,"N"
"33574",28.72492,48.33089,309.7,0.38,0.44,"2026-02-16",2209,"N20","nominal","2.0NRT",288.78,1.33,"N"
"33575",28.72306,48.33128,305.51,0.38,0.43,"2026-02-16",2209,"N20","nominal","2.0NRT",288.57,1.35,"N"
"33576",25.05224,67.49184,304.12,0.7,0.75,"2026-02-16",2209,"N20","nominal","2.0NRT",286.73,1.63,"N"
"33577",28.49487,49.71077,329.32,0.49,0.4,"2026-02-16",2209,"N20","nominal","2.0NRT",291.66,18.81,"N"
"33578",27.42418,56.49966,301,0.44,0.38,"2026-02-16",2209,"N20","nominal","2.0NRT",287.17,0.53,"N"
"33579",27.42339,56.50406,299.65,0.44,0.38,"2026-02-16",2209,"N20","nominal","2.0NRT",287.85,0.53,"N"
"33580",28.47561,48.93269,329.17,0.53,0.42,"2026-02-16",2209,"N20","nominal","2.0NRT",291.8,3.88,"N"
"33581",28.58155,47.915,312.5,0.4,0.44,"2026-02-16",2209,"N20","nominal","2.0NRT",287.35,1.45,"N"
"33582",28.577,47.9185,328.38,0.4,0.44,"2026-02-16",2209,"N20","nominal","2.0NRT",287.08,1.45,"N"
"33583",28.37112,49.62757,316.01,0.49,0.4,"2026-02-16",2209,"N20","nominal","2.0NRT",290.79,1.37,"N"
"33584",27.30179,56.30419,315.15,0.43,0.38,"2026-02-16",2209,"N20","nominal","2.0NRT",288.9,1.41,"N"
"33585",24.99321,66.92941,296.76,0.65,0.73,"2026-02-16",2209,"N20","nominal","2.0NRT",286.29,0.86,"N"
"33586",28.30331,49.5793,317.26,0.49,0.4,"2026-02-16",2209,"N20","nominal","2.0NRT",291.71,7.73,"N"
"33587",28.30023,49.57367,319.22,0.49,0.4,"2026-02-16",2209,"N20","nominal","2.0NRT",291.32,1.89,"N"
"33588",28.39528,48.53432,331.47,0.56,0.43,"2026-02-16",2209,"N20","nominal","2.0NRT",291.17,8.49,"N"
"33589",28.45386,47.87313,310.68,0.4,0.45,"2026-02-16",2209,"N20","nominal","2.0NRT",284.84,1.03,"N"
"33590",28.45454,47.87492,313.73,0.4,0.45,"2026-02-16",2209,"N20","nominal","2.0NRT",284.99,1.01,"N"
"33591",26.16918,61.2428,297.58,0.55,0.51,"2026-02-16",2209,"N20","nominal","2.0NRT",287.24,0.67,"N"
"33592",27.16815,56.0979,303.65,0.43,0.38,"2026-02-16",2209,"N20","nominal","2.0NRT",291.72,0.91,"N"
"33593",27.16394,56.10141,327.21,0.43,0.38,"2026-02-16",2209,"N20","nominal","2.0NRT",291.54,2.95,"N"
"33594",27.1723,56.05456,303.57,0.43,0.38,"2026-02-16",2209,"N20","nominal","2.0NRT",289.56,0.69,"N"
"33595",27.1605,56.10065,341.28,0.43,0.38,"2026-02-16",2209,"N20","nominal","2.0NRT",293.49,2.95,"N"
"33596",27.16886,56.05381,307.12,0.43,0.38,"2026-02-16",2209,"N20","nominal","2.0NRT",290.46,0.69,"N"
"33597",27.16126,56.09639,305.95,0.43,0.38,"2026-02-16",2209,"N20","nominal","2.0NRT",292.86,2.95,"N"
"33598",27.16086,56.07861,307.81,0.43,0.38,"2026-02-16",2209,"N20","nominal","2.0NRT",289.88,0.48,"N"
"33599",27.14442,56.11044,314.98,0.43,0.38,"2026-02-16",2209,"N20","nominal","2.0NRT",289.89,1.69,"N"
"33600",27.14569,56.112,317.31,0.43,0.38,"2026-02-16",2209,"N20","nominal","2.0NRT",290.61,1.81,"N"
"33601",27.76316,52.16815,349.41,0.4,0.37,"2026-02-16",2209,"N20","nominal","2.0NRT",297.96,4.88,"N"
"33602",27.76257,52.17215,306.15,0.4,0.37,"2026-02-16",2209,"N20","nominal","2.0NRT",291.24,4.88,"N"
"33603",27.75982,52.16749,334.89,0.4,0.37,"2026-02-16",2209,"N20","nominal","2.0NRT",292.2,4.88,"N"
"33604",27.76042,52.16344,310.68,0.4,0.37,"2026-02-16",2209,"N20","nominal","2.0NRT",288.91,0.76,"N"
"33605",27.75923,52.1715,300.43,0.4,0.37,"2026-02-16",2209,"N20","nominal","2.0NRT",290.13,4.88,"N"
"33606",27.76064,52.13868,326.73,0.4,0.37,"2026-02-16",2209,"N20","nominal","2.0NRT",289.84,1.86,"N"
"33607",27.7386,52.17162,305,0.4,0.37,"2026-02-16",2209,"N20","nominal","2.0NRT",290.55,0.7,"N"
"33608",27.72406,52.17704,320.23,0.4,0.37,"2026-02-16",2209,"N20","nominal","2.0NRT",291.64,1.66,"N"
"33609",27.72131,52.17242,329.24,0.4,0.37,"2026-02-16",2209,"N20","nominal","2.0NRT",294.12,5.36,"N"
"33610",27.72072,52.17641,343.52,0.4,0.37,"2026-02-16",2209,"N20","nominal","2.0NRT",299.14,11.86,"N"
"33611",27.71562,52.18777,326.81,0.4,0.37,"2026-02-16",2209,"N20","nominal","2.0NRT",291.7,1.82,"N"
"33612",27.7162,52.18378,319.83,0.4,0.37,"2026-02-16",2209,"N20","nominal","2.0NRT",293.38,1.82,"N"
"33613",27.71227,52.18715,332.11,0.4,0.37,"2026-02-16",2209,"N20","nominal","2.0NRT",294.41,4.73,"N"
"33614",27.69188,52.23251,306.93,0.4,0.37,"2026-02-16",2209,"N20","nominal","2.0NRT",288.55,1.13,"N"
"33615",27.69129,52.2365,313.11,0.4,0.37,"2026-02-16",2209,"N20","nominal","2.0NRT",290.82,0.99,"N"
"33616",27.53145,53.29156,295.84,0.38,0.36,"2026-02-16",2209,"N20","nominal","2.0NRT",283.91,0.49,"N"
"33617",27.68854,52.23187,320.4,0.4,0.37,"2026-02-16",2209,"N20","nominal","2.0NRT",292.59,1.13,"N"
"33618",27.68619,52.24781,342.56,0.4,0.37,"2026-02-16",2209,"N20","nominal","2.0NRT",290.7,3.22,"N"
"33619",27.68795,52.23586,305.92,0.4,0.37,"2026-02-16",2209,"N20","nominal","2.0NRT",291.03,0.99,"N"
"33620",27.68561,52.25179,308.92,0.39,0.37,"2026-02-16",2209,"N20","nominal","2.0NRT",290.56,1.24,"N"
"33621",27.68227,52.25116,334.88,0.39,0.37,"2026-02-16",2209,"N20","nominal","2.0NRT",293.65,3.89,"N"
"33622",27.68286,52.24718,304.42,0.4,0.37,"2026-02-16",2209,"N20","nominal","2.0NRT",293.63,2.12,"N"
"33623",27.59066,52.52774,318.52,0.39,0.36,"2026-02-16",2209,"N20","nominal","2.0NRT",293.34,1.09,"N"
"33624",27.59007,52.53167,305.07,0.39,0.36,"2026-02-16",2209,"N20","nominal","2.0NRT",293.03,1.09,"N"
"33625",27.58013,52.52965,305.49,0.39,0.36,"2026-02-16",2209,"N20","nominal","2.0NRT",290.87,0.89,"N"
"33626",27.57385,52.54877,308.86,0.39,0.36,"2026-02-16",2209,"N20","nominal","2.0NRT",292.04,0.89,"N"
"33627",27.56485,52.56325,303.82,0.39,0.36,"2026-02-16",2209,"N20","nominal","2.0NRT",290.71,0.31,"N"
"33628",27.55551,52.5573,307.68,0.39,0.36,"2026-02-16",2209,"N20","nominal","2.0NRT",295.61,1.3,"N"
"33629",27.55195,52.58102,301.04,0.39,0.36,"2026-02-16",2209,"N20","nominal","2.0NRT",289.69,0.29,"N"
"33630",27.49212,52.9744,295.84,0.39,0.36,"2026-02-16",2209,"N20","nominal","2.0NRT",284.06,0.76,"N"
"33631",27.54805,52.58428,329.85,0.39,0.36,"2026-02-16",2209,"N20","nominal","2.0NRT",292.66,3.01,"N"
"33632",27.54829,52.55994,334.7,0.39,0.36,"2026-02-16",2209,"N20","nominal","2.0NRT",299.55,9,"N"
"33633",27.54652,52.57176,310.46,0.39,0.36,"2026-02-16",2209,"N20","nominal","2.0NRT",290.84,1.16,"N"
"33634",27.54593,52.57569,301.7,0.39,0.36,"2026-02-16",2209,"N20","nominal","2.0NRT",291.66,0.57,"N"
"33635",27.54415,52.58755,308.39,0.39,0.36,"2026-02-16",2209,"N20","nominal","2.0NRT",291.58,0.63,"N"
"33636",27.48613,52.96926,309.62,0.39,0.36,"2026-02-16",2209,"N20","nominal","2.0NRT",283.87,1.27,"N"
"33637",27.54084,52.58686,311.55,0.39,0.36,"2026-02-16",2209,"N20","nominal","2.0NRT",290.37,0.63,"N"
"33638",27.47894,52.97185,318.75,0.39,0.36,"2026-02-16",2209,"N20","nominal","2.0NRT",285.47,1.03,"N"
"33639",27.84746,50.36946,304.05,0.45,0.39,"2026-02-16",2209,"N20","nominal","2.0NRT",292.21,0.4,"N"
"33640",27.53244,52.59737,307.77,0.39,0.36,"2026-02-16",2209,"N20","nominal","2.0NRT",289.11,0.52,"N"
"33641",27.5315,52.58095,300.34,0.39,0.36,"2026-02-16",2209,"N20","nominal","2.0NRT",289.12,0.49,"N"
"33642",27.51921,52.59473,323.21,0.39,0.36,"2026-02-16",2209,"N20","nominal","2.0NRT",289.32,1.27,"N"
"33643",27.51626,52.61439,325.69,0.39,0.36,"2026-02-16",2209,"N20","nominal","2.0NRT",290.31,0.99,"N"
"33644",27.51507,52.62226,323.17,0.39,0.36,"2026-02-16",2209,"N20","nominal","2.0NRT",291.39,1.33,"N"
"33645",27.51118,52.62553,329.52,0.39,0.36,"2026-02-16",2209,"N20","nominal","2.0NRT",291.95,1.64,"N"
"33646",27.5159,52.59409,309.06,0.39,0.36,"2026-02-16",2209,"N20","nominal","2.0NRT",289.83,0.63,"N"
"33647",27.51295,52.61371,305.72,0.39,0.36,"2026-02-16",2209,"N20","nominal","2.0NRT",289.91,0.88,"N"
"33648",27.51177,52.62156,300.57,0.39,0.36,"2026-02-16",2209,"N20","nominal","2.0NRT",290.37,0.44,"N"
"33649",27.5061,52.63668,338.38,0.39,0.36,"2026-02-16",2209,"N20","nominal","2.0NRT",294.32,4.27,"N"
"33650",27.50551,52.64058,340.35,0.39,0.36,"2026-02-16",2209,"N20","nominal","2.0NRT",294.94,4.29,"N"
"33651",27.51081,52.60522,305.34,0.39,0.36,"2026-02-16",2209,"N20","nominal","2.0NRT",289.31,0.41,"N"
"33652",27.50905,52.61699,301.51,0.39,0.36,"2026-02-16",2209,"N20","nominal","2.0NRT",289.87,0.44,"N"
"33653",27.50846,52.6209,305.49,0.39,0.36,"2026-02-16",2209,"N20","nominal","2.0NRT",290.26,0.44,"N"
"33654",27.50397,52.6281,339.48,0.39,0.36,"2026-02-16",2209,"N20","nominal","2.0NRT",293.07,4.83,"N"
"33655",27.50102,52.64777,332.61,0.39,0.36,"2026-02-16",2209,"N20","nominal","2.0NRT",292.36,3.3,"N"
"33656",27.49714,52.65094,329.16,0.39,0.36,"2026-02-16",2209,"N20","nominal","2.0NRT",290.54,3.3,"N"
"33657",27.49949,52.63528,304.29,0.39,0.36,"2026-02-16",2209,"N20","nominal","2.0NRT",290,0.76,"N"
"33658",27.49831,52.64312,302.82,0.39,0.36,"2026-02-16",2209,"N20","nominal","2.0NRT",290.4,1.2,"N"
"33659",27.49568,52.63912,302.84,0.39,0.36,"2026-02-16",2209,"N20","nominal","2.0NRT",290.93,0.62,"N"
"33660",27.49508,52.64302,304.15,0.39,0.36,"2026-02-16",2209,"N20","nominal","2.0NRT",290.92,0.62,"N"
"33661",27.4861,52.65734,312.01,0.39,0.36,"2026-02-16",2209,"N20","nominal","2.0NRT",288.81,0.56,"N"
"33662",27.48516,52.64108,311.86,0.39,0.36,"2026-02-16",2209,"N20","nominal","2.0NRT",290.78,0.84,"N"
"33663",28.00442,48.73511,303.64,0.54,0.42,"2026-02-16",2209,"N20","nominal","2.0NRT",284.3,0.99,"N"
"33664",27.3266,53.44694,302.74,0.38,0.36,"2026-02-16",2209,"N20","nominal","2.0NRT",287.07,0.69,"N"
"33665",26.90156,55.91126,301.83,0.42,0.38,"2026-02-16",2209,"N20","nominal","2.0NRT",289.58,0.91,"N"
"33666",26.95889,55.54337,305.87,0.41,0.37,"2026-02-16",2209,"N20","nominal","2.0NRT",290.62,0.87,"N"
"33667",27.40585,52.78228,315.93,0.39,0.36,"2026-02-16",2209,"N20","nominal","2.0NRT",288.57,1.71,"N"
"33668",26.85286,55.85032,313.24,0.42,0.38,"2026-02-16",2209,"N20","nominal","2.0NRT",288.25,0.96,"N"
"33669",27.81437,48.62539,303.6,0.54,0.42,"2026-02-16",2209,"N20","nominal","2.0NRT",285.1,0.58,"N"
"33670",27.80593,48.62968,308.71,0.54,0.42,"2026-02-16",2209,"N20","nominal","2.0NRT",285.22,1.24,"N"
"33671",27.80272,48.62357,304.23,0.54,0.42,"2026-02-16",2209,"N20","nominal","2.0NRT",284.74,0.71,"N"
"33672",28.26957,43.19526,298.83,0.39,0.59,"2026-02-16",2209,"N20","nominal","2.0NRT",284.26,0.65,"N"
"33673",27.53488,49.13535,311.15,0.51,0.41,"2026-02-16",2209,"N20","nominal","2.0NRT",286.98,1.8,"N"
"33674",27.53422,49.14047,302.92,0.51,0.41,"2026-02-16",2209,"N20","nominal","2.0NRT",288.4,1.23,"N"
"33675",27.53357,49.1456,298.12,0.51,0.41,"2026-02-16",2209,"N20","nominal","2.0NRT",288.12,1.23,"N"
"33676",26.80067,53.35146,306.09,0.38,0.36,"2026-02-16",2209,"N20","nominal","2.0NRT",291.05,0.87,"N"
"33677",26.79591,53.3387,308.58,0.38,0.36,"2026-02-16",2209,"N20","nominal","2.0NRT",289.47,0.77,"N"
"33678",26.7947,53.34635,310.51,0.38,0.36,"2026-02-16",2209,"N20","nominal","2.0NRT",290.81,1.31,"N"
"33679",27.19115,49.14343,298.55,0.5,0.41,"2026-02-16",2209,"N20","nominal","2.0NRT",288.44,1.11,"N"
"33680",27.1336,49.20626,302.09,0.5,0.41,"2026-02-16",2209,"N20","nominal","2.0NRT",288.66,2.04,"N"
"33681",27.11239,49.31467,298.78,0.49,0.4,"2026-02-16",2209,"N20","nominal","2.0NRT",288.69,1.21,"N"
"33682",26.7221,52.13471,313.75,0.39,0.36,"2026-02-16",2209,"N20","nominal","2.0NRT",293.99,0.54,"N"
"33683",26.72343,52.10268,308.59,0.39,0.36,"2026-02-16",2209,"N20","nominal","2.0NRT",293.7,0.34,"N"
"33684",27.09692,49.31722,310.63,0.49,0.4,"2026-02-16",2209,"N20","nominal","2.0NRT",286.09,1.05,"N"
"33685",27.06306,49.58559,312.58,0.48,0.4,"2026-02-16",2209,"N20","nominal","2.0NRT",288.06,0.92,"N"
"33686",26.72782,52.02665,305.08,0.39,0.37,"2026-02-16",2209,"N20","nominal","2.0NRT",293.32,0.42,"N"
"33687",27.09321,49.31662,303.14,0.49,0.4,"2026-02-16",2209,"N20","nominal","2.0NRT",286.83,1.15,"N"
"33688",27.063,49.58802,312.79,0.48,0.4,"2026-02-16",2209,"N20","nominal","2.0NRT",289.61,0.53,"N"
"33689",27.09527,49.31464,320.74,0.49,0.4,"2026-02-16",2209,"N20","nominal","2.0NRT",286.23,1.52,"N"
"33690",27.04535,49.58021,305.31,0.48,0.4,"2026-02-16",2209,"N20","nominal","2.0NRT",292.57,1.2,"N"
"33691",27.03992,49.56461,310.84,0.48,0.4,"2026-02-16",2209,"N20","nominal","2.0NRT",291.27,1.9,"N"
"33692",27.01974,49.57605,330.91,0.48,0.4,"2026-02-16",2209,"N20","nominal","2.0NRT",295.29,6.19,"N"
"33693",27.02539,49.53272,309.91,0.48,0.4,"2026-02-16",2209,"N20","nominal","2.0NRT",288.07,1.72,"N"
"33694",27.01545,49.58025,320.67,0.48,0.4,"2026-02-16",2209,"N20","nominal","2.0NRT",293.1,6.19,"N"
"33695",27.02298,49.52248,308.97,0.48,0.4,"2026-02-16",2209,"N20","nominal","2.0NRT",291.25,2.66,"N"
"33696",27.01064,49.55983,306.37,0.48,0.4,"2026-02-16",2209,"N20","nominal","2.0NRT",288.69,0.65,"N"
"33697",25.97342,56.0677,301.33,0.44,0.38,"2026-02-16",2209,"N20","nominal","2.0NRT",291.19,0.93,"N"
"33698",25.97265,56.07201,310.79,0.44,0.38,"2026-02-16",2209,"N20","nominal","2.0NRT",293.81,0.93,"N"
"33699",25.96645,56.0662,315.75,0.44,0.38,"2026-02-16",2209,"N20","nominal","2.0NRT",294.9,1.8,"N"
"33700",26.95388,49.59464,326.55,0.48,0.4,"2026-02-16",2209,"N20","nominal","2.0NRT",287.05,1.74,"N"
"33701",26.95511,49.58506,298.22,0.48,0.4,"2026-02-16",2209,"N20","nominal","2.0NRT",286.58,2.55,"N"
"33702",26.95327,49.59943,304.87,0.48,0.4,"2026-02-16",2209,"N20","nominal","2.0NRT",285.9,1.74,"N"
"33703",26.95266,49.60421,300.3,0.48,0.4,"2026-02-16",2209,"N20","nominal","2.0NRT",284.6,0.61,"N"
"33704",26.94962,49.59882,339.96,0.48,0.4,"2026-02-16",2209,"N20","nominal","2.0NRT",287.6,4.68,"N"
"33705",26.94658,49.59343,327,0.48,0.4,"2026-02-16",2209,"N20","nominal","2.0NRT",288.33,4.68,"N"
"33706",26.94719,49.58864,301.47,0.48,0.4,"2026-02-16",2209,"N20","nominal","2.0NRT",284.98,2.53,"N"
"33707",26.95376,49.59749,328.41,0.48,0.4,"2026-02-16",2209,"N20","nominal","2.0NRT",287.07,4.62,"N"
"33708",26.95248,49.60704,299.76,0.48,0.4,"2026-02-16",2209,"N20","nominal","2.0NRT",284.16,0.6,"N"
"33709",26.95011,49.59689,329.41,0.48,0.4,"2026-02-16",2209,"N20","nominal","2.0NRT",287.75,4.62,"N"
"33710",26.94709,49.59151,329.36,0.48,0.4,"2026-02-16",2209,"N20","nominal","2.0NRT",287.59,3.55,"N"
"33711",26.86845,50.04082,311.27,0.45,0.39,"2026-02-16",2209,"N20","nominal","2.0NRT",291.49,0.88,"N"
"33712",26.7869,49.99451,296.92,0.46,0.39,"2026-02-16",2209,"N20","nominal","2.0NRT",285.89,0.52,"N"
"33713",26.7863,49.99908,297.21,0.46,0.39,"2026-02-16",2209,"N20","nominal","2.0NRT",286.63,0.48,"N"
"33714",26.78454,49.99606,304.92,0.46,0.39,"2026-02-16",2209,"N20","nominal","2.0NRT",286.02,0.65,"N"
"33715",26.77972,50.00459,317.38,0.45,0.39,"2026-02-16",2209,"N20","nominal","2.0NRT",287.02,1.33,"N"
"33716",26.78296,49.95372,314.06,0.46,0.39,"2026-02-16",2209,"N20","nominal","2.0NRT",286.78,1.53,"N"
"33717",26.69202,50.08731,298.11,0.45,0.39,"2026-02-16",2209,"N20","nominal","2.0NRT",287.35,0.33,"N"
"33718",26.68546,50.10927,307.23,0.45,0.39,"2026-02-16",2209,"N20","nominal","2.0NRT",289.46,0.78,"N"
"33719",25.90259,54.53293,349.21,0.4,0.37,"2026-02-16",2209,"N20","nominal","2.0NRT",293.95,4.46,"N"
"33720",25.90192,54.53685,303.03,0.4,0.37,"2026-02-16",2209,"N20","nominal","2.0NRT",291.53,0.81,"N"
"33721",26.24131,52.32913,333.45,0.39,0.36,"2026-02-16",2209,"N20","nominal","2.0NRT",302.32,14.02,"N"
"33722",25.55504,56.22438,301.88,0.45,0.39,"2026-02-16",2209,"N20","nominal","2.0NRT",291.15,0.39,"N"
"33723",25.57198,55.98741,306.27,0.44,0.38,"2026-02-16",2209,"N20","nominal","2.0NRT",291.01,1,"N"
"33724",25.55802,55.98435,312.77,0.44,0.38,"2026-02-16",2209,"N20","nominal","2.0NRT",291.32,1.46,"N"
"33725",25.55609,55.97495,313.01,0.44,0.38,"2026-02-16",2209,"N20","nominal","2.0NRT",290.73,1.78,"N"
"33726",26.16464,52.25176,328.87,0.39,0.36,"2026-02-16",2209,"N20","nominal","2.0NRT",304.27,16.79,"N"
"33727",25.9396,52.89996,312.44,0.38,0.36,"2026-02-16",2209,"N20","nominal","2.0NRT",293.88,0.57,"N"
"33728",25.30932,56.37402,308.46,0.46,0.39,"2026-02-16",2209,"N20","nominal","2.0NRT",291.65,1.31,"N"
"33729",26.1997,50.68106,311.82,0.42,0.38,"2026-02-16",2209,"N20","nominal","2.0NRT",291.6,1.35,"N"
"33730",26.19683,50.67624,317.6,0.42,0.38,"2026-02-16",2209,"N20","nominal","2.0NRT",291.88,2.05,"N"
"33731",26.19625,50.68046,311.58,0.42,0.38,"2026-02-16",2209,"N20","nominal","2.0NRT",292.93,1.35,"N"
"33732",26.15939,50.66542,323.15,0.42,0.38,"2026-02-16",2209,"N20","nominal","2.0NRT",292.45,2.67,"N"
"33733",26.15717,50.66675,326.51,0.42,0.38,"2026-02-16",2209,"N20","nominal","2.0NRT",291.56,2.71,"N"
"33734",25.98702,51.74104,326.52,0.4,0.37,"2026-02-16",2209,"N20","nominal","2.0NRT",299.9,8.87,"N"
"33735",26.11648,50.60339,303.09,0.43,0.38,"2026-02-16",2209,"N20","nominal","2.0NRT",290.88,0.76,"N"
"33736",26.11242,50.60704,304.11,0.43,0.38,"2026-02-16",2209,"N20","nominal","2.0NRT",292.01,1.48,"N"
"33737",26.10837,50.61067,315.25,0.43,0.38,"2026-02-16",2209,"N20","nominal","2.0NRT",293.5,2.25,"N"
"33738",25.91622,51.55531,315.48,0.4,0.37,"2026-02-16",2209,"N20","nominal","2.0NRT",292.37,1.42,"N"
"33739",25.91563,51.55928,311.12,0.4,0.37,"2026-02-16",2209,"N20","nominal","2.0NRT",291.03,1.42,"N"
"33740",25.91227,51.55867,323.77,0.4,0.37,"2026-02-16",2209,"N20","nominal","2.0NRT",293.75,1.86,"N"
"33741",25.91931,51.51107,302.33,0.4,0.37,"2026-02-16",2209,"N20","nominal","2.0NRT",289.1,0.22,"N"
"33742",25.91286,51.55471,313.17,0.4,0.37,"2026-02-16",2209,"N20","nominal","2.0NRT",292.46,1.86,"N"
"33743",25.91009,51.55014,301.57,0.4,0.37,"2026-02-16",2209,"N20","nominal","2.0NRT",290.5,0.41,"N"
"33744",25.90673,51.54954,306.55,0.4,0.37,"2026-02-16",2209,"N20","nominal","2.0NRT",289.59,1.86,"N"
"33745",25.90615,51.5535,306.33,0.4,0.37,"2026-02-16",2209,"N20","nominal","2.0NRT",291.42,1.06,"N"
"33746",25.90338,51.54893,329.6,0.4,0.37,"2026-02-16",2209,"N20","nominal","2.0NRT",292.98,1.86,"N"
"33747",25.90279,51.5529,304.8,0.4,0.37,"2026-02-16",2209,"N20","nominal","2.0NRT",290.99,1.06,"N"
"33748",25.90587,51.50865,324.57,0.4,0.37,"2026-02-16",2209,"N20","nominal","2.0NRT",294.53,1.86,"N"
"33749",25.90646,51.50468,316.17,0.4,0.37,"2026-02-16",2209,"N20","nominal","2.0NRT",295.87,1.86,"N"
"33750",25.89885,51.55626,314.89,0.4,0.37,"2026-02-16",2209,"N20","nominal","2.0NRT",291.89,1.15,"N"
"33751",25.90368,51.5001,305.7,0.4,0.37,"2026-02-16",2209,"N20","nominal","2.0NRT",295.2,2.17,"N"
"33752",25.9031,51.50408,309.01,0.4,0.37,"2026-02-16",2209,"N20","nominal","2.0NRT",297.41,1.86,"N"
"33753",25.89389,51.54316,332.35,0.4,0.37,"2026-02-16",2209,"N20","nominal","2.0NRT",293.83,1.97,"N"
"33754",25.89447,51.53919,315.39,0.4,0.37,"2026-02-16",2209,"N20","nominal","2.0NRT",291.21,1.69,"N"
"33755",25.8933,51.54712,314.19,0.4,0.37,"2026-02-16",2209,"N20","nominal","2.0NRT",291.56,1.97,"N"
"33756",25.89053,51.54255,322.38,0.4,0.37,"2026-02-16",2209,"N20","nominal","2.0NRT",295.58,1.97,"N"
"33757",25.88995,51.54652,321.01,0.4,0.37,"2026-02-16",2209,"N20","nominal","2.0NRT",294.84,1.97,"N"
"33758",25.88936,51.55048,316.95,0.4,0.37,"2026-02-16",2209,"N20","nominal","2.0NRT",292.3,1.47,"N"
"33759",25.88499,51.53342,321.23,0.4,0.37,"2026-02-16",2209,"N20","nominal","2.0NRT",289.47,1.45,"N"
"33760",25.8809,51.56116,333.6,0.4,0.37,"2026-02-16",2209,"N20","nominal","2.0NRT",293.89,4.78,"N"
"33761",25.35084,54.48542,329.99,0.4,0.37,"2026-02-16",2209,"N20","nominal","2.0NRT",294.62,1.95,"N"
"33762",25.66921,52.40475,322.13,0.39,0.36,"2026-02-16",2209,"N20","nominal","2.0NRT",292.61,1.21,"N"
"33763",25.50899,53.14848,317.62,0.38,0.36,"2026-02-16",2209,"N20","nominal","2.0NRT",293.92,1.07,"N"
"33764",25.15689,55.24269,303.64,0.42,0.38,"2026-02-16",2209,"N20","nominal","2.0NRT",291.68,0.67,"N"
"33765",25.91762,49.95251,304.36,0.45,0.39,"2026-02-16",2209,"N20","nominal","2.0NRT",284.52,0.68,"N"
"33766",25.92992,49.70092,315.17,0.46,0.39,"2026-02-16",2209,"N20","nominal","2.0NRT",284.82,1.45,"N"
"33767",25.96641,49.22859,310.59,0.48,0.4,"2026-02-16",2209,"N20","nominal","2.0NRT",282.75,1.46,"N"
"33768",24.98376,55.62609,310.07,0.43,0.38,"2026-02-16",2209,"N20","nominal","2.0NRT",286.51,0.83,"N"
"33769",24.98029,55.62535,303.33,0.43,0.38,"2026-02-16",2209,"N20","nominal","2.0NRT",286.44,0.96,"N"
"33770",25.06217,55.11788,311.73,0.42,0.37,"2026-02-16",2209,"N20","nominal","2.0NRT",292.29,1.18,"N"
"33771",26.49317,43.95876,307.57,0.33,0.55,"2026-02-16",2209,"N20","nominal","2.0NRT",285.56,1.29,"N"
"33772",26.49284,43.96221,302.12,0.33,0.55,"2026-02-16",2209,"N20","nominal","2.0NRT",289.13,1.39,"N"
"33773",25.64566,50.17164,311.64,0.44,0.38,"2026-02-16",2209,"N20","nominal","2.0NRT",282.86,0.48,"N"
"33774",25.67906,49.5188,306.79,0.47,0.39,"2026-02-16",2209,"N20","nominal","2.0NRT",291.41,1.77,"N"
"33775",25.68205,49.41079,314.82,0.47,0.4,"2026-02-16",2209,"N20","nominal","2.0NRT",283.94,1,"N"
"33776",25.68186,49.4094,309.51,0.47,0.4,"2026-02-16",2209,"N20","nominal","2.0NRT",283.9,1.06,"N"
"33777",25.16355,52.87857,330.7,0.38,0.36,"2026-02-16",2209,"N20","nominal","2.0NRT",295.53,3.61,"N"
"33778",25.16415,52.8748,305.74,0.38,0.36,"2026-02-16",2209,"N20","nominal","2.0NRT",293.02,3.61,"N"
"33779",25.16205,52.86662,306.21,0.38,0.36,"2026-02-16",2209,"N20","nominal","2.0NRT",292.93,0.47,"N"
"33780",25.16026,52.87795,314.68,0.38,0.36,"2026-02-16",2209,"N20","nominal","2.0NRT",292.88,0.53,"N"
"33781",25.15876,52.866,305.37,0.38,0.36,"2026-02-16",2209,"N20","nominal","2.0NRT",292.39,0.47,"N"
"33782",25.15816,52.86977,304.68,0.38,0.36,"2026-02-16",2209,"N20","nominal","2.0NRT",291.94,0.47,"N"
"33783",25.15488,52.86914,304.11,0.38,0.36,"2026-02-16",2209,"N20","nominal","2.0NRT",291.1,0.29,"N"
"33784",24.50518,56.60616,342.14,0.48,0.4,"2026-02-16",2209,"N20","nominal","2.0NRT",295.16,7.77,"N"
"33785",25.64741,49.38952,298.44,0.47,0.4,"2026-02-16",2209,"N20","nominal","2.0NRT",286.78,1.41,"N"
"33786",24.50776,56.59209,309.45,0.48,0.4,"2026-02-16",2209,"N20","nominal","2.0NRT",293.13,1.33,"N"
"33787",25.64015,49.38834,339.64,0.47,0.4,"2026-02-16",2209,"N20","nominal","2.0NRT",286.82,5.62,"N"
"33788",25.63952,49.39302,340.99,0.47,0.4,"2026-02-16",2209,"N20","nominal","2.0NRT",287.08,5.62,"N"
"33789",24.49963,56.59518,302.49,0.48,0.4,"2026-02-16",2209,"N20","nominal","2.0NRT",290.8,0.66,"N"
"33790",24.49877,56.59987,301.5,0.48,0.4,"2026-02-16",2209,"N20","nominal","2.0NRT",290.71,0.66,"N"
"33791",25.63589,49.39243,306.74,0.47,0.4,"2026-02-16",2209,"N20","nominal","2.0NRT",285.35,5.62,"N"
"33792",26.20599,44.31501,304.85,0.62,0.54,"2026-02-16",2209,"N20","nominal","2.0NRT",281.11,1.87,"N"
"33793",24.45484,56.55109,308.99,0.48,0.4,"2026-02-16",2209,"N20","nominal","2.0NRT",291.15,1.1,"N"
"33794",25.47816,50.18606,309.14,0.44,0.38,"2026-02-16",2209,"N20","nominal","2.0NRT",283.81,1.13,"N"
"33795",25.3827,50.79797,306.11,0.41,0.37,"2026-02-16",2209,"N20","nominal","2.0NRT",286.53,0.51,"N"
"33796",25.38213,50.80207,307.13,0.41,0.37,"2026-02-16",2209,"N20","nominal","2.0NRT",286.85,0.51,"N"
"33797",25.47647,50.09285,326.2,0.44,0.38,"2026-02-16",2209,"N20","nominal","2.0NRT",284.18,2.11,"N"
"33798",25.4758,50.09426,321.93,0.44,0.38,"2026-02-16",2209,"N20","nominal","2.0NRT",283.86,2.26,"N"
"33799",25.42773,50.10396,327.4,0.44,0.38,"2026-02-16",2209,"N20","nominal","2.0NRT",283.51,3.07,"N"
"33800",25.9651,45.42916,295.59,0.53,0.5,"2026-02-16",2209,"N20","nominal","2.0NRT",279.6,0.75,"N"
"33801",25.26638,50.80523,296.84,0.41,0.37,"2026-02-16",2209,"N20","nominal","2.0NRT",286.27,0.49,"N"
"33802",25.34468,50.2065,322.85,0.43,0.38,"2026-02-16",2209,"N20","nominal","2.0NRT",284.64,1.68,"N"
"33803",25.34528,50.20221,317.55,0.43,0.38,"2026-02-16",2209,"N20","nominal","2.0NRT",283.99,1.68,"N"
"33804",24.88088,53.07427,300.57,0.38,0.36,"2026-02-16",2209,"N20","nominal","2.0NRT",289.92,0.13,"N"
"33805",25.19336,50.85105,300.04,0.41,0.37,"2026-02-16",2209,"N20","nominal","2.0NRT",288.22,0.76,"N"
"33806",24.95352,51.5867,331.47,0.39,0.37,"2026-02-16",2212,"N20","nominal","2.0NRT",292.73,3.03,"N"
"33807",24.95927,51.54783,298.52,0.4,0.37,"2026-02-16",2212,"N20","nominal","2.0NRT",288.01,0.71,"N"
"33808",24.92674,51.56689,305.7,0.39,0.37,"2026-02-16",2212,"N20","nominal","2.0NRT",291.37,1.06,"N"
"33809",24.92123,51.55792,300.24,0.39,0.37,"2026-02-16",2212,"N20","nominal","2.0NRT",289.76,0.67,"N"
"33810",24.91731,51.56121,299.39,0.39,0.37,"2026-02-16",2212,"N20","nominal","2.0NRT",287.99,1.11,"N"
"33811",24.91238,51.54836,308.84,0.4,0.37,"2026-02-16",2212,"N20","nominal","2.0NRT",285.76,0.63,"N"
"33812",25.21049,49.2851,306.27,0.47,0.4,"2026-02-16",2212,"N20","nominal","2.0NRT",284.03,0.88,"N"
"33813",25.18501,49.30951,298.91,0.47,0.4,"2026-02-16",2212,"N20","nominal","2.0NRT",286.53,1.87,"N"
"33814",25.17954,49.32282,299.31,0.47,0.4,"2026-02-16",2212,"N20","nominal","2.0NRT",283.55,0.93,"N"
"33815",25.17653,49.31761,332.78,0.47,0.4,"2026-02-16",2212,"N20","nominal","2.0NRT",284.39,3.52,"N"
"33816",25.1729,49.31702,297.31,0.47,0.4,"2026-02-16",2212,"N20","nominal","2.0NRT",283.02,1.05,"N"
"33817",24.32761,54.47008,314.49,0.4,0.37,"2026-02-16",2212,"N20","nominal","2.0NRT",291.86,0.92,"N"
"33818",24.32425,54.46939,306.1,0.4,0.37,"2026-02-16",2212,"N20","nominal","2.0NRT",295.29,0.92,"N"
"33819",24.31953,54.45622,306.85,0.4,0.37,"2026-02-16",2212,"N20","nominal","2.0NRT",295.24,0.71,"N"
"33820",25.05819,49.31091,312.15,0.47,0.4,"2026-02-16",2212,"N20","nominal","2.0NRT",283.79,0.9,"N"
"33821",24.51128,52.44117,307.36,0.38,0.36,"2026-02-16",2212,"N20","nominal","2.0NRT",293.61,0.59,"N"
"33822",24.00366,55.44251,304.97,0.44,0.38,"2026-02-16",2212,"N20","nominal","2.0NRT",290.89,1.32,"N"
"33823",24.94138,49.17797,326.63,0.47,0.4,"2026-02-16",2212,"N20","nominal","2.0NRT",283.24,3.37,"N"
"33824",24.94076,49.18262,297.44,0.47,0.4,"2026-02-16",2212,"N20","nominal","2.0NRT",282.75,3.37,"N"
"33825",24.89272,49.20832,302.26,0.47,0.4,"2026-02-16",2212,"N20","nominal","2.0NRT",281.88,0.99,"N"
"33826",24.88366,49.19256,297.16,0.47,0.4,"2026-02-16",2212,"N20","nominal","2.0NRT",281.19,0.35,"N"
"33827",24.85881,49.15525,313.84,0.47,0.4,"2026-02-16",2212,"N20","nominal","2.0NRT",283.17,1.42,"N"
"33828",24.80882,49.41294,301.48,0.46,0.39,"2026-02-16",2212,"N20","nominal","2.0NRT",285.33,1.27,"N"
"33829",24.80522,49.41235,303.79,0.46,0.39,"2026-02-16",2212,"N20","nominal","2.0NRT",286.74,1.27,"N"
"33830",24.7995,49.3462,325.24,0.46,0.39,"2026-02-16",2212,"N20","nominal","2.0NRT",283.49,2.29,"N"
"33831",24.79527,49.35018,303.83,0.46,0.39,"2026-02-16",2212,"N20","nominal","2.0NRT",282.79,1.22,"N"
"33832",24.79465,49.35475,295.77,0.46,0.39,"2026-02-16",2212,"N20","nominal","2.0NRT",282.83,0.43,"N"
"33833",24.79105,49.35417,299.82,0.46,0.39,"2026-02-16",2212,"N20","nominal","2.0NRT",281.99,0.43,"N"
"33834",24.12035,53.44084,303.51,0.39,0.36,"2026-02-16",2212,"N20","nominal","2.0NRT",291.38,0.62,"N"
"33835",24.95,47.06385,298.47,0.41,0.45,"2026-02-16",2212,"N20","nominal","2.0NRT",284.34,0.86,"N"
"33836",24.14221,52.69021,303.76,0.38,0.36,"2026-02-16",2212,"N20","nominal","2.0NRT",291.42,1.11,"N"
"33837",24.13326,52.70396,326.75,0.38,0.36,"2026-02-16",2212,"N20","nominal","2.0NRT",291.69,1.8,"N"
"33838",24.12155,52.67091,306.64,0.38,0.36,"2026-02-16",2212,"N20","nominal","2.0NRT",294.56,0.92,"N"
"33839",23.9164,53.70841,305.45,0.39,0.36,"2026-02-16",2212,"N20","nominal","2.0NRT",291.06,1.44,"N"
"33840",24.95943,45.54404,301.28,0.5,0.49,"2026-02-16",2212,"N20","nominal","2.0NRT",285.71,1.09,"N"
"33841",24.52234,49.16621,321.74,0.47,0.4,"2026-02-16",2212,"N20","nominal","2.0NRT",282.6,1.77,"N"
"33842",23.85253,53.64126,309.74,0.39,0.36,"2026-02-16",2212,"N20","nominal","2.0NRT",291.07,1.69,"N"
"33843",24.52138,49.16811,321.76,0.47,0.4,"2026-02-16",2212,"N20","nominal","2.0NRT",283.65,1.24,"N"
"33844",24.9581,45.54153,301.1,0.5,0.49,"2026-02-16",2212,"N20","nominal","2.0NRT",284.88,1.37,"N"
"33845",23.83452,53.62595,307.19,0.39,0.36,"2026-02-16",2212,"N20","nominal","2.0NRT",287.64,0.73,"N"
"33846",24.70718,47.53125,298.5,0.57,0.43,"2026-02-16",2212,"N20","nominal","2.0NRT",285.45,1.76,"N"
"33847",24.7032,47.53066,308.63,0.57,0.43,"2026-02-16",2212,"N20","nominal","2.0NRT",287.6,1.76,"N"
"33848",23.82521,53.62021,312.9,0.39,0.36,"2026-02-16",2212,"N20","nominal","2.0NRT",288.73,0.92,"N"
"33849",23.82458,53.62402,304.21,0.39,0.36,"2026-02-16",2212,"N20","nominal","2.0NRT",289.29,0.92,"N"
"33850",23.66516,54.35045,301,0.41,0.37,"2026-02-16",2212,"N20","nominal","2.0NRT",289,0.68,"N"
"33851",22.66068,59.41093,339.27,0.5,0.49,"2026-02-16",2212,"N20","nominal","2.0NRT",292.78,5.9,"N"
"33852",24.78696,45.62673,301.92,0.5,0.49,"2026-02-16",2212,"N20","nominal","2.0NRT",286.84,2.31,"N"
"33853",24.7846,45.6065,323.01,0.5,0.49,"2026-02-16",2212,"N20","nominal","2.0NRT",286.02,2.63,"N"
"33854",24.78514,45.60159,309.7,0.5,0.49,"2026-02-16",2212,"N20","nominal","2.0NRT",282.66,2.63,"N"
"33855",24.60347,46.57381,302.52,0.43,0.46,"2026-02-16",2212,"N20","nominal","2.0NRT",284.34,0.43,"N"
"33856",24.59924,46.57338,301.67,0.43,0.46,"2026-02-16",2212,"N20","nominal","2.0NRT",283.99,0.4,"N"
"33857",24.49266,47.15532,300.52,0.4,0.44,"2026-02-16",2212,"N20","nominal","2.0NRT",281.62,0.44,"N"
"33858",24.50987,46.93899,310.87,0.41,0.45,"2026-02-16",2212,"N20","nominal","2.0NRT",286.89,0.98,"N"
"33859",24.51059,46.8608,297.56,0.41,0.45,"2026-02-16",2212,"N20","nominal","2.0NRT",282.22,0.6,"N"
"33860",24.69752,44.97243,318.3,0.54,0.51,"2026-02-16",2212,"N20","nominal","2.0NRT",280.94,2.38,"N"
"33861",24.25522,48.72694,328.93,0.49,0.4,"2026-02-16",2212,"N20","nominal","2.0NRT",284.8,4.85,"N"
"33862",24.25691,48.72604,332.51,0.49,0.4,"2026-02-16",2212,"N20","nominal","2.0NRT",283.66,4.01,"N"
"33863",24.69973,44.97291,317.7,0.54,0.51,"2026-02-16",2212,"N20","nominal","2.0NRT",282.26,1.74,"N"
"33864",23.1916,55.45943,320.97,0.45,0.39,"2026-02-16",2212,"N20","nominal","2.0NRT",290.8,1.12,"N"
"33865",23.19084,55.46374,305.07,0.45,0.39,"2026-02-16",2212,"N20","nominal","2.0NRT",288.93,1.12,"N"
"33866",23.1537,55.44712,317.23,0.45,0.39,"2026-02-16",2212,"N20","nominal","2.0NRT",288.91,1.06,"N"
"33867",23.15049,55.4242,332.13,0.45,0.39,"2026-02-16",2212,"N20","nominal","2.0NRT",289.41,3.55,"N"
"33868",23.29604,54.24006,305.13,0.41,0.37,"2026-02-16",2212,"N20","nominal","2.0NRT",288.27,0.6,"N"
"33869",24.04402,49.19876,297.91,0.46,0.39,"2026-02-16",2212,"N20","nominal","2.0NRT",280.6,1.64,"N"
"33870",24.04042,49.19817,329.83,0.46,0.39,"2026-02-16",2212,"N20","nominal","2.0NRT",283.64,1.64,"N"
"33871",23.18704,54.61238,303.71,0.42,0.37,"2026-02-16",2212,"N20","nominal","2.0NRT",287.98,0.43,"N"
"33872",22.92696,55.80321,303.36,0.47,0.39,"2026-02-16",2212,"N20","nominal","2.0NRT",287.62,0.54,"N"
"33873",24.00817,48.71642,297.85,0.49,0.4,"2026-02-16",2212,"N20","nominal","2.0NRT",281.22,0.51,"N"
"33874",22.8793,55.92395,308.73,0.47,0.4,"2026-02-16",2212,"N20","nominal","2.0NRT",288.26,0.83,"N"
"33875",24.04243,48.33914,324.69,0.51,0.41,"2026-02-16",2212,"N20","nominal","2.0NRT",283.52,7.28,"N"
"33876",24.29133,46.30486,296.88,0.44,0.46,"2026-02-16",2212,"N20","nominal","2.0NRT",283.81,0.49,"N"
"33877",22.87591,55.6134,321.77,0.46,0.39,"2026-02-16",2212,"N20","nominal","2.0NRT",288.53,1.22,"N"
"33878",22.87235,55.61267,305.57,0.46,0.39,"2026-02-16",2212,"N20","nominal","2.0NRT",288.21,1.22,"N"
"33879",22.67249,56.25155,299.69,0.49,0.4,"2026-02-16",2212,"N20","nominal","2.0NRT",288.18,0.39,"N"
"33880",22.4061,56.98648,307.21,0.54,0.42,"2026-02-16",2212,"N20","nominal","2.0NRT",287.73,1.61,"N"
"33881",22.32733,56.49082,326.64,0.51,0.41,"2026-02-16",2212,"N20","nominal","2.0NRT",288.63,3.37,"N"
"33882",24.24985,42.12755,301.73,0.41,0.6,"2026-02-16",2212,"N20","nominal","2.0NRT",284.95,0.6,"N"
"33883",22.60754,54.06904,301.18,0.41,0.37,"2026-02-16",2212,"N20","nominal","2.0NRT",290.17,1.27,"N"
"33884",22.53781,53.9397,306.39,0.4,0.37,"2026-02-16",2212,"N20","nominal","2.0NRT",289.77,1.11,"N"
"33885",22.15974,56.0249,301.2,0.49,0.4,"2026-02-16",2212,"N20","nominal","2.0NRT",287.82,0.52,"N"
"33886",21.93932,57.07443,326.64,0.56,0.43,"2026-02-16",2212,"N20","nominal","2.0NRT",288.08,3.59,"N"
"33887",21.93931,57.07222,328.16,0.56,0.43,"2026-02-16",2212,"N20","nominal","2.0NRT",288.47,3,"N"
"33888",22.0818,55.97698,317.08,0.49,0.4,"2026-02-16",2212,"N20","nominal","2.0NRT",291.23,7.54,"N"
"33889",21.89356,56.84495,327.88,0.54,0.42,"2026-02-16",2212,"N20","nominal","2.0NRT",288.37,2,"N"
"33890",21.90198,56.48923,298.46,0.52,0.41,"2026-02-16",2212,"N20","nominal","2.0NRT",288.13,0.43,"N"
"33891",21.83464,56.68276,301.9,0.53,0.42,"2026-02-16",2212,"N20","nominal","2.0NRT",288.68,0.45,"N"
"33892",71.15729,67.16325,324.31,0.49,0.4,"2026-02-16",2337,"N20","nominal","2.0NRT",245.41,6.21,"N"
"33893",66.24873,76.81128,326.19,0.41,0.61,"2026-02-16",2337,"N20","nominal","2.0NRT",252.98,5.68,"N"
"33894",66.24587,76.81728,352.61,0.41,0.61,"2026-02-16",2337,"N20","nominal","2.0NRT",257.47,7.18,"N"
"33895",65.86077,76.95934,343.37,0.43,0.62,"2026-02-16",2337,"N20","nominal","2.0NRT",248.43,4.35,"N"
"33896",65.86069,76.95191,326.18,0.43,0.62,"2026-02-16",2337,"N20","nominal","2.0NRT",246.97,3.45,"N"
"33897",66.20124,70.9872,322.15,0.32,0.55,"2026-02-16",2339,"N20","nominal","2.0NRT",248.1,2.42,"N"
"33898",66.19922,70.99228,339.13,0.32,0.55,"2026-02-16",2339,"N20","nominal","2.0NRT",250.62,2.42,"N"
"33899",61.51762,70.08176,367,0.52,0.67,"2026-02-16",2339,"N20","high","2.0NRT",255.02,15.23,"N"
"33900",61.51433,70.08902,337.38,0.52,0.67,"2026-02-16",2339,"N20","nominal","2.0NRT",253.44,23.65,"N"
"33901",61.51309,70.07286,367,0.52,0.67,"2026-02-16",2339,"N20","high","2.0NRT",252.4,15.23,"N"
"33902",61.51654,70.08268,367,0.52,0.67,"2026-02-16",2339,"N20","high","2.0NRT",259.11,31.22,"N"
"33903",61.51203,70.07375,331.1,0.52,0.67,"2026-02-16",2339,"N20","nominal","2.0NRT",251.71,4.24,"N"
"33904",61.98056,68.56985,326.22,0.46,0.63,"2026-02-16",2339,"N20","nominal","2.0NRT",243.61,2.54,"N"
"33905",61.95207,68.46901,348.6,0.46,0.63,"2026-02-16",2339,"N20","nominal","2.0NRT",248.67,8.41,"N"
"33906",61.95127,68.46938,341.76,0.46,0.63,"2026-02-16",2339,"N20","nominal","2.0NRT",248.37,4.29,"N"
"33907",59.89679,71.73019,338.34,0.69,0.74,"2026-02-16",2339,"N20","nominal","2.0NRT",252.58,6.44,"N"
"33908",59.89235,71.73911,325.54,0.69,0.74,"2026-02-16",2339,"N20","nominal","2.0NRT",255.03,6.44,"N"
"33909",59.89383,71.73038,351.87,0.69,0.74,"2026-02-16",2339,"N20","nominal","2.0NRT",254.19,8.39,"N"
"33910",57.13731,37.44309,335.48,0.39,0.36,"2026-02-16",2343,"N20","nominal","2.0NRT",251.21,5.51,"N"
"33911",56.38538,38.27909,324.67,0.39,0.36,"2026-02-16",2343,"N20","nominal","2.0NRT",254.91,2.33,"N"
"33912",54.16798,37.71218,324.77,0.38,0.36,"2026-02-16",2343,"N20","nominal","2.0NRT",259.44,2.31,"N"
"33913",52.5526,39.56847,324.92,0.4,0.37,"2026-02-16",2343,"N20","nominal","2.0NRT",265.07,3.86,"N"
"33914",52.53441,39.62873,331.07,0.4,0.37,"2026-02-16",2343,"N20","nominal","2.0NRT",272.06,8.04,"N"
"33915",51.1379,37.92955,327.15,0.39,0.36,"2026-02-16",2345,"N20","nominal","2.0NRT",267.81,5.37,"N"
"33916",45.89716,53.29435,322.29,0.66,0.73,"2026-02-16",2345,"N20","nominal","2.0NRT",274.93,3.12,"N"
"33917",48.50544,44.63067,319.84,0.46,0.47,"2026-02-16",2345,"N20","nominal","2.0NRT",275.24,3.08,"N"
"33918",45.89944,53.29576,319.34,0.66,0.73,"2026-02-16",2345,"N20","nominal","2.0NRT",274.36,2.65,"N"
"33919",46.57033,32.53507,298.38,0.39,0.37,"2026-02-16",2345,"N20","nominal","2.0NRT",270.63,0.62,"N"
"33920",46.39592,30.71419,299.77,0.43,0.38,"2026-02-16",2345,"N20","nominal","2.0NRT",266.3,1.36,"N"
"33921",42.92395,44.79599,305.08,0.34,0.56,"2026-02-16",2345,"N20","nominal","2.0NRT",274.09,0.83,"N"
"33922",41.7184,47.45881,324.45,0.49,0.65,"2026-02-16",2345,"N20","nominal","2.0NRT",264.88,2.38,"N"
"33923",41.32584,47.64454,300.12,0.51,0.66,"2026-02-16",2345,"N20","nominal","2.0NRT",268.2,1.47,"N"
"33924",40.40631,49.91438,308.11,0.7,0.75,"2026-02-16",2345,"N20","nominal","2.0NRT",281.16,2.58,"N"
"33925",40.40381,49.92196,296.72,0.7,0.75,"2026-02-16",2345,"N20","nominal","2.0NRT",279.99,2.03,"N"
"33926",41.46032,43.30455,298.24,0.62,0.54,"2026-02-16",2348,"N20","nominal","2.0NRT",269.47,1.66,"N"
"33927",41.19124,32.62069,311.37,0.38,0.36,"2026-02-16",2348,"N20","nominal","2.0NRT",274.28,1.43,"N"
"33928",15.68009,32.60245,301.91,0.54,0.51,"2026-02-16",2356,"N20","nominal","2.0NRT",290.8,0.68,"N"
"33929",13.99445,37.18424,302.72,0.59,0.7,"2026-02-16",2356,"N20","nominal","2.0NRT",290.82,1.28,"N"
"33930",14.30512,29.12839,299.01,0.52,0.42,"2026-02-16",2356,"N20","nominal","2.0NRT",288.67,0.5,"N"
"33931",14.2846,29.02448,300.3,0.52,0.41,"2026-02-16",2356,"N20","nominal","2.0NRT",289.59,0.9,"N"
"33932",12.599,36.75595,303,0.59,0.7,"2026-02-16",2356,"N20","nominal","2.0NRT",290.57,0.85,"N"
"33933",12.9425,34.26823,302.43,0.39,0.6,"2026-02-16",2356,"N20","nominal","2.0NRT",292.15,0.4,"N"
"33934",12.63995,35.62399,303.35,0.49,0.65,"2026-02-16",2356,"N20","nominal","2.0NRT",291.96,0.52,"N"
"33935",12.66433,35.15057,307.01,0.46,0.63,"2026-02-16",2356,"N20","nominal","2.0NRT",292.4,0.67,"N"
"33936",12.4008,35.79561,308.78,0.51,0.66,"2026-02-16",2356,"N20","nominal","2.0NRT",291.77,1.28,"N"
"33937",12.61806,33.46233,303.5,0.35,0.57,"2026-02-16",2356,"N20","nominal","2.0NRT",292.05,0.41,"N"
"33938",12.61652,33.46309,304.36,0.35,0.57,"2026-02-16",2356,"N20","nominal","2.0NRT",291.93,0.37,"N"
"33939",12.60775,33.48109,306.1,0.35,0.57,"2026-02-16",2356,"N20","nominal","2.0NRT",292.07,0.89,"N"
"33940",12.60199,33.48323,306.49,0.35,0.57,"2026-02-16",2356,"N20","nominal","2.0NRT",292.31,0.75,"N"
"33941",12.60018,33.49277,317.88,0.35,0.57,"2026-02-16",2356,"N20","nominal","2.0NRT",292.93,1.58,"N"
"33942",12.48756,33.54229,308.02,0.36,0.57,"2026-02-16",2356,"N20","nominal","2.0NRT",293.78,0.49,"N"
"33943",13.55468,26.82158,304.29,0.42,0.38,"2026-02-16",2356,"N20","nominal","2.0NRT",291.95,0.87,"N"
"33944",13.55126,26.82099,312.19,0.42,0.38,"2026-02-16",2356,"N20","nominal","2.0NRT",292.46,0.87,"N"
"33945",11.80822,36.11488,312.88,0.55,0.68,"2026-02-16",2356,"N20","nominal","2.0NRT",290.17,1.45,"N"
"33946",13.19761,28.56642,308.01,0.5,0.41,"2026-02-16",2356,"N20","nominal","2.0NRT",288.35,1.36,"N"
"33947",13.19388,28.56575,307.74,0.5,0.41,"2026-02-16",2356,"N20","nominal","2.0NRT",288.52,1.36,"N"
"33948",13.19656,28.56336,313.22,0.5,0.41,"2026-02-16",2356,"N20","nominal","2.0NRT",289.01,1.32,"N"
"33949",13.19578,28.56794,303,0.5,0.41,"2026-02-16",2356,"N20","nominal","2.0NRT",288.27,1.32,"N"
"33950",11.75905,36.01372,304.31,0.54,0.68,"2026-02-16",2356,"N20","nominal","2.0NRT",290.77,1.82,"N"
"33951",11.753,36.01199,323.93,0.54,0.68,"2026-02-16",2356,"N20","nominal","2.0NRT",290.89,1.82,"N"
"33952",11.85585,35.22292,313.08,0.48,0.65,"2026-02-16",2356,"N20","nominal","2.0NRT",292.92,1.36,"N"
"33953",12.59558,31.29339,304.39,0.5,0.49,"2026-02-16",2356,"N20","nominal","2.0NRT",290.33,0.55,"N"
"33954",13.04035,28.79425,331.78,0.52,0.42,"2026-02-16",2356,"N20","nominal","2.0NRT",292.48,2.34,"N"
"33955",13.03951,28.79897,318.18,0.52,0.42,"2026-02-16",2356,"N20","nominal","2.0NRT",291.48,2.34,"N"
"33956",13.03741,28.78885,323.69,0.52,0.42,"2026-02-16",2356,"N20","nominal","2.0NRT",291.01,3.17,"N"
"33957",13.03657,28.79356,303.75,0.52,0.42,"2026-02-16",2356,"N20","nominal","2.0NRT",291.43,2.34,"N"
"33958",13.04023,28.79677,327.88,0.52,0.42,"2026-02-16",2356,"N20","nominal","2.0NRT",292.81,2.38,"N"
"33959",13.04104,28.79204,317.19,0.52,0.42,"2026-02-16",2356,"N20","nominal","2.0NRT",290.91,2.87,"N"
"33960",13.03942,28.8015,301.45,0.52,0.42,"2026-02-16",2356,"N20","nominal","2.0NRT",289.9,2.38,"N"
"33961",13.03726,28.79135,329.68,0.52,0.42,"2026-02-16",2356,"N20","nominal","2.0NRT",292.93,2.87,"N"
"33962",13.0343,28.78593,332.37,0.52,0.42,"2026-02-16",2356,"N20","nominal","2.0NRT",294.97,4.44,"N"
"33963",13.03349,28.79066,301.52,0.52,0.42,"2026-02-16",2356,"N20","nominal","2.0NRT",291.28,4.44,"N"
"33964",12.59367,31.29052,299.91,0.5,0.49,"2026-02-16",2356,"N20","nominal","2.0NRT",289.72,0.71,"N"
"33965",11.85696,35.22486,317.46,0.48,0.65,"2026-02-16",2356,"N20","nominal","2.0NRT",293.31,1.42,"N"
"33966",13.03052,28.78523,311.78,0.52,0.42,"2026-02-16",2356,"N20","nominal","2.0NRT",291.4,4.44,"N"
"33967",12.76645,30.01171,330.64,0.41,0.45,"2026-02-16",2356,"N20","nominal","2.0NRT",293.17,2.14,"N"
"33968",12.73915,30.09264,300.89,0.42,0.45,"2026-02-16",2356,"N20","nominal","2.0NRT",290.7,0.67,"N"
"33969",12.73572,30.08808,305.47,0.42,0.45,"2026-02-16",2356,"N20","nominal","2.0NRT",290.63,0.67,"N"
"33970",12.72477,30.07821,308.01,0.42,0.45,"2026-02-16",2356,"N20","nominal","2.0NRT",290.37,1.36,"N"
"33971",12.71723,30.07292,303.07,0.42,0.45,"2026-02-16",2356,"N20","nominal","2.0NRT",290.29,0.59,"N"
"33972",12.70063,30.07881,302.08,0.42,0.45,"2026-02-16",2356,"N20","nominal","2.0NRT",289.39,0.42,"N"
"33973",12.5983,30.46049,330.03,0.44,0.46,"2026-02-16",2356,"N20","nominal","2.0NRT",290.9,3.18,"N"
"33974",12.59408,30.4597,324.62,0.44,0.46,"2026-02-16",2356,"N20","nominal","2.0NRT",289.04,3.18,"N"
"33975",12.50042,30.95229,305.57,0.48,0.48,"2026-02-16",2356,"N20","nominal","2.0NRT",289.03,1.05,"N"
"33976",11.46283,36.0303,306.92,0.55,0.68,"2026-02-16",2356,"N20","nominal","2.0NRT",287.19,1.53,"N"
"33977",11.46383,36.03367,301.03,0.55,0.68,"2026-02-16",2356,"N20","nominal","2.0NRT",288.92,1.37,"N"
"33978",11.88917,33.66763,305.77,0.37,0.58,"2026-02-16",2356,"N20","nominal","2.0NRT",295.18,0.95,"N"
"33979",12.29304,31.16552,317.34,0.5,0.49,"2026-02-16",2356,"N20","nominal","2.0NRT",294.75,1.14,"N"
"33980",12.29428,31.16729,308.43,0.5,0.49,"2026-02-16",2356,"N20","nominal","2.0NRT",294.5,1.01,"N"
"33981",12.37589,30.6349,326.38,0.46,0.47,"2026-02-16",2356,"N20","nominal","2.0NRT",298.97,3.68,"N"
"33982",12.37225,30.63051,319.05,0.46,0.47,"2026-02-16",2356,"N20","nominal","2.0NRT",297.78,3.68,"N"
"33983",12.36384,30.57866,301.5,0.46,0.47,"2026-02-16",2356,"N20","nominal","2.0NRT",289.81,0.72,"N"
"33984",12.35957,30.57787,303.52,0.46,0.47,"2026-02-16",2356,"N20","nominal","2.0NRT",290.04,1.1,"N"
"33985",12.59433,29.20988,303.47,0.56,0.43,"2026-02-16",2356,"N20","nominal","2.0NRT",288.06,0.93,"N"
"33986",11.48641,35.12004,314.86,0.48,0.65,"2026-02-16",2356,"N20","nominal","2.0NRT",295.62,3.68,"N"
"33987",11.48553,35.1245,310.2,0.48,0.65,"2026-02-16",2356,"N20","nominal","2.0NRT",295.94,3.32,"N"
"33988",11.3821,35.6138,300.36,0.52,0.67,"2026-02-16",2356,"N20","nominal","2.0NRT",289.12,0.77,"N"
"33989",11.15085,36.2942,302.1,0.58,0.7,"2026-02-16",2356,"N20","nominal","2.0NRT",287.42,2.22,"N"
"33990",11.10717,36.37984,297.55,0.59,0.7,"2026-02-16",2356,"N20","nominal","2.0NRT",286.32,0.69,"N"
"33991",11.31327,35.29425,304.96,0.5,0.65,"2026-02-16",2356,"N20","nominal","2.0NRT",292.88,0.91,"N"
"33992",11.06828,36.07071,337.54,0.57,0.69,"2026-02-16",2356,"N20","nominal","2.0NRT",291.55,7.32,"N"
"33993",11.06642,36.07995,303.6,0.57,0.69,"2026-02-16",2356,"N20","nominal","2.0NRT",290.73,4.9,"N"
"33994",11.06545,36.08475,302,0.57,0.69,"2026-02-16",2356,"N20","nominal","2.0NRT",290.35,1.47,"N"
"33995",11.04859,36.10389,312.26,0.57,0.69,"2026-02-16",2356,"N20","nominal","2.0NRT",289.77,2.1,"N"
"33996",12.3853,28.33487,305.37,0.5,0.41,"2026-02-16",2356,"N20","nominal","2.0NRT",290.32,1,"N"
"33997",12.38158,28.33422,319.62,0.5,0.41,"2026-02-16",2356,"N20","nominal","2.0NRT",291.23,2.63,"N"
"33998",11.09505,35.15123,312.13,0.49,0.65,"2026-02-16",2356,"N20","nominal","2.0NRT",295.95,1.96,"N"
"33999",11.09432,35.15486,308.91,0.49,0.65,"2026-02-16",2356,"N20","nominal","2.0NRT",296.32,1.96,"N"
"34000",12.48222,27.68876,304.49,0.46,0.39,"2026-02-16",2356,"N20","nominal","2.0NRT",291.16,0.59,"N"
"34001",11.88696,30.91231,344.15,0.49,0.49,"2026-02-16",2356,"N20","nominal","2.0NRT",298.42,4.26,"N"
"34002",11.88783,30.90749,308.35,0.49,0.48,"2026-02-16",2356,"N20","nominal","2.0NRT",295.39,4.26,"N"
"34003",11.09705,35.15194,310.39,0.49,0.65,"2026-02-16",2356,"N20","nominal","2.0NRT",295.68,2.87,"N"
"34004",12.34381,28.23134,304.52,0.5,0.41,"2026-02-16",2356,"N20","nominal","2.0NRT",289.34,0.75,"N"
"34005",12.34304,28.23585,303.85,0.5,0.41,"2026-02-16",2356,"N20","nominal","2.0NRT",290.27,0.75,"N"
"34006",11.87377,30.90972,312.71,0.49,0.49,"2026-02-16",2356,"N20","nominal","2.0NRT",297.2,2.52,"N"
"34007",11.87292,30.91445,317.31,0.49,0.49,"2026-02-16",2356,"N20","nominal","2.0NRT",297.95,2.82,"N"
"34008",11.86933,30.90909,322.6,0.49,0.49,"2026-02-16",2356,"N20","nominal","2.0NRT",296.6,2.52,"N"
"34009",12.34011,28.23069,302.68,0.5,0.41,"2026-02-16",2356,"N20","nominal","2.0NRT",289.85,0.75,"N"
"34010",11.86848,30.91379,307.91,0.49,0.49,"2026-02-16",2356,"N20","nominal","2.0NRT",295.78,2.82,"N"
"34011",10.89686,35.81846,301.63,0.55,0.68,"2026-02-16",2356,"N20","nominal","2.0NRT",290.91,0.85,"N"
"34012",10.86368,35.82396,299.54,0.55,0.68,"2026-02-16",2356,"N20","nominal","2.0NRT",288.51,1.07,"N"
"34013",10.86445,35.82736,302.2,0.55,0.68,"2026-02-16",2356,"N20","nominal","2.0NRT",289.7,1.71,"N"
"34014",10.84982,35.57815,305.42,0.53,0.67,"2026-02-16",2356,"N20","nominal","2.0NRT",291.83,2.03,"N"
"34015",11.90228,29.29072,312.84,0.39,0.44,"2026-02-16",2356,"N20","nominal","2.0NRT",291.46,1.29,"N"
"34016",11.68781,30.2237,301.35,0.44,0.46,"2026-02-16",2356,"N20","nominal","2.0NRT",290.82,0.47,"N"
"34017",11.51979,30.93812,303.98,0.5,0.49,"2026-02-16",2356,"N20","nominal","2.0NRT",292.16,0.61,"N"
"34018",10.64958,35.53213,318.72,0.53,0.67,"2026-02-16",2356,"N20","nominal","2.0NRT",292.49,2.4,"N"
"34019",11.51534,30.93734,326.37,0.5,0.49,"2026-02-16",2356,"N20","nominal","2.0NRT",293.61,2.62,"N"
"34020",12.18953,27.01897,299.15,0.44,0.38,"2026-02-16",2356,"N20","nominal","2.0NRT",289.06,0.89,"N"
"34021",12.24245,26.682,314.79,0.42,0.38,"2026-02-16",2356,"N20","nominal","2.0NRT",292.44,1.04,"N"
"34022",12.23901,26.68141,303.29,0.42,0.38,"2026-02-16",2356,"N20","nominal","2.0NRT",291.16,1.04,"N"
"34023",12.23837,26.68526,309.02,0.42,0.38,"2026-02-16",2356,"N20","nominal","2.0NRT",292.31,1.04,"N"
"34024",12.23492,26.68467,307.48,0.42,0.38,"2026-02-16",2356,"N20","nominal","2.0NRT",292.6,1.34,"N"
"34025",12.22394,26.68675,308.99,0.42,0.38,"2026-02-16",2356,"N20","nominal","2.0NRT",291.9,1.02,"N"
"34026",12.2205,26.68616,329.45,0.42,0.38,"2026-02-16",2356,"N20","nominal","2.0NRT",293.58,1.87,"N"
"34027",12.21706,26.68557,307.4,0.42,0.38,"2026-02-16",2356,"N20","nominal","2.0NRT",291.95,1.87,"N"
"34028",12.18642,26.66154,302.3,0.42,0.38,"2026-02-16",2356,"N20","nominal","2.0NRT",290.35,0.9,"N"
"34029",11.54912,30.12198,306.83,0.44,0.46,"2026-02-16",2356,"N20","nominal","2.0NRT",288.54,1.05,"N"
"34030",10.32925,36.43262,301.43,0.62,0.71,"2026-02-16",2356,"N20","nominal","2.0NRT",286.11,0.86,"N"
"34031",10.30533,36.45118,300.19,0.62,0.71,"2026-02-16",2356,"N20","nominal","2.0NRT",284.96,1.84,"N"
"34032",10.3045,36.45527,301.25,0.62,0.71,"2026-02-16",2356,"N20","nominal","2.0NRT",284.8,1.58,"N"
"34033",10.29885,36.44995,301.1,0.62,0.71,"2026-02-16",2356,"N20","nominal","2.0NRT",284.97,3.49,"N"
"34034",10.2979,36.45462,307.31,0.62,0.71,"2026-02-16",2356,"N20","nominal","2.0NRT",286.91,4.15,"N"
"34035",10.20309,36.88419,303.78,0.67,0.73,"2026-02-16",2356,"N20","nominal","2.0NRT",284.66,1.13,"N"
"34036",10.19983,36.90004,311.57,0.67,0.74,"2026-02-16",2356,"N20","nominal","2.0NRT",284.68,1.8,"N"
"34037",10.28027,36.47503,300,0.62,0.72,"2026-02-16",2356,"N20","nominal","2.0NRT",284.29,0.78,"N"
"34038",10.19655,36.8824,300.71,0.67,0.73,"2026-02-16",2356,"N20","nominal","2.0NRT",284.33,2.36,"N"
"34039",10.19431,36.89322,313.55,0.67,0.74,"2026-02-16",2356,"N20","nominal","2.0NRT",284.38,1.78,"N"
"34040",10.19323,36.89846,300.95,0.67,0.74,"2026-02-16",2356,"N20","nominal","2.0NRT",285.1,1.78,"N"
"34041",10.61382,34.79321,310.1,0.47,0.64,"2026-02-16",2356,"N20","nominal","2.0NRT",291.4,1.23,"N"
"34042",10.18999,36.8807,315.45,0.67,0.73,"2026-02-16",2356,"N20","nominal","2.0NRT",285.7,2.36,"N"
"34043",10.18778,36.89139,300.92,0.67,0.74,"2026-02-16",2356,"N20","nominal","2.0NRT",284.02,1.78,"N"
"34044",11.30906,31.13894,315.34,0.52,0.5,"2026-02-16",2356,"N20","nominal","2.0NRT",289.35,2.52,"N"
"34045",11.19709,31.83679,300.93,0.58,0.52,"2026-02-16",2356,"N20","nominal","2.0NRT",290.89,0.63,"N"
"34046",10.67172,34.65139,306.11,0.46,0.64,"2026-02-16",2356,"N20","nominal","2.0NRT",294.02,1.21,"N"
"34047",11.30759,31.14107,315.05,0.52,0.5,"2026-02-16",2356,"N20","nominal","2.0NRT",290.08,1.96,"N"
"34048",10.30492,36.45424,305.32,0.62,0.72,"2026-02-16",2356,"N20","nominal","2.0NRT",285.57,2.91,"N"
"34049",10.29835,36.45346,306.69,0.62,0.72,"2026-02-16",2356,"N20","nominal","2.0NRT",286.37,2.54,"N"
"34050",10.29746,36.458,302.9,0.62,0.72,"2026-02-16",2356,"N20","nominal","2.0NRT",286.55,3.9,"N"
"34051",10.61437,34.79479,305.01,0.47,0.64,"2026-02-16",2356,"N20","nominal","2.0NRT",291.18,1.28,"N"
"34052",10.29416,36.44067,299.18,0.62,0.71,"2026-02-16",2356,"N20","nominal","2.0NRT",283.99,2.63,"N"
"34053",10.292,36.4516,301.73,0.62,0.72,"2026-02-16",2356,"N20","nominal","2.0NRT",283.55,2.54,"N"
"34054",10.28384,36.45889,299.21,0.62,0.72,"2026-02-16",2356,"N20","nominal","2.0NRT",283.1,1.88,"N"
"34055",10.19664,36.89836,307.36,0.67,0.74,"2026-02-16",2356,"N20","nominal","2.0NRT",284.96,2.89,"N"
"34056",10.19329,36.8805,318.35,0.67,0.73,"2026-02-16",2356,"N20","nominal","2.0NRT",285.28,3.54,"N"
"34057",10.19113,36.89133,306.77,0.67,0.74,"2026-02-16",2356,"N20","nominal","2.0NRT",284.04,5.44,"N"
"34058",10.19007,36.89667,308.94,0.67,0.74,"2026-02-16",2356,"N20","nominal","2.0NRT",284.84,2.89,"N"
"34059",10.23775,36.52118,303.69,0.63,0.72,"2026-02-16",2356,"N20","nominal","2.0NRT",286.59,2.71,"N"
"34060",10.3605,35.74168,318.43,0.55,0.68,"2026-02-16",2356,"N20","nominal","2.0NRT",287.56,2.64,"N"
"34061",10.34757,35.70988,302.87,0.55,0.68,"2026-02-16",2356,"N20","nominal","2.0NRT",288.11,0.62,"N"
"34062",10.34136,35.7088,304.88,0.55,0.68,"2026-02-16",2356,"N20","nominal","2.0NRT",288.73,2.46,"N"
"34063",10.33503,35.70835,321.52,0.55,0.68,"2026-02-16",2356,"N20","nominal","2.0NRT",288.96,2.46,"N"
"34064",10.33415,35.71271,304.64,0.55,0.68,"2026-02-16",2356,"N20","nominal","2.0NRT",288.85,2.88,"N"
"34065",10.35644,35.73689,307.04,0.55,0.68,"2026-02-16",2356,"N20","nominal","2.0NRT",286.66,2.19,"N"
"34066",10.35544,35.7421,310.83,0.56,0.68,"2026-02-16",2356,"N20","nominal","2.0NRT",288.71,2.81,"N"
"34067",11.36189,30.22178,301.88,0.45,0.47,"2026-02-16",2356,"N20","nominal","2.0NRT",290.18,0.55,"N"
"34068",10.34838,35.71208,300.22,0.55,0.68,"2026-02-16",2356,"N20","nominal","2.0NRT",288.39,1.09,"N"
"34069",10.34226,35.71053,300.68,0.55,0.68,"2026-02-16",2356,"N20","nominal","2.0NRT",288.82,1.09,"N"
"34070",10.33598,35.70982,319.93,0.55,0.68,"2026-02-16",2356,"N20","nominal","2.0NRT",289.84,3.87,"N"
"34071",10.83884,32.94715,303.14,0.35,0.57,"2026-02-16",2356,"N20","nominal","2.0NRT",291.12,0.55,"N"
"34072",11.884,26.97737,307.78,0.44,0.38,"2026-02-16",2356,"N20","nominal","2.0NRT",288.67,0.89,"N"
"34073",11.87366,26.99608,301.23,0.44,0.38,"2026-02-16",2356,"N20","nominal","2.0NRT",289.8,0.64,"N"
"34074",11.86316,26.99428,305.69,0.44,0.38,"2026-02-16",2356,"N20","nominal","2.0NRT",291.06,0.92,"N"
"34075",11.51945,28.92288,321.31,0.56,0.43,"2026-02-16",2356,"N20","nominal","2.0NRT",290.21,1.83,"N"
"34076",11.51556,28.92218,325,0.56,0.43,"2026-02-16",2356,"N20","nominal","2.0NRT",290.18,2.25,"N"
"34077",10.19124,35.86842,303.62,0.57,0.69,"2026-02-16",2356,"N20","nominal","2.0NRT",288.51,1.82,"N"
"34078",10.20543,35.72927,305.94,0.56,0.69,"2026-02-16",2356,"N20","nominal","2.0NRT",289.28,1.35,"N"
"34079",10.20617,35.65973,304.96,0.55,0.68,"2026-02-16",2356,"N20","nominal","2.0NRT",290.03,2.56,"N"
"34080",10.85933,32.17088,306.42,0.62,0.54,"2026-02-16",2356,"N20","nominal","2.0NRT",290.32,1.24,"N"
"34081",10.88615,31.97179,324.86,0.6,0.53,"2026-02-16",2356,"N20","nominal","2.0NRT",292.24,3.25,"N"
"34082",10.88515,31.97719,316.44,0.6,0.53,"2026-02-16",2356,"N20","nominal","2.0NRT",291.77,3.25,"N"
"34083",10.12952,35.85174,305.23,0.57,0.69,"2026-02-16",2356,"N20","nominal","2.0NRT",289.45,2.44,"N"
"34084",10.96203,31.4818,302.95,0.55,0.51,"2026-02-16",2356,"N20","nominal","2.0NRT",291.47,1.67,"N"
"34085",10.00614,36.12926,321.25,0.6,0.7,"2026-02-16",2356,"N20","nominal","2.0NRT",287.06,3.16,"N"
"34086",9.86244,36.85446,323.02,0.68,0.74,"2026-02-16",2356,"N20","nominal","2.0NRT",282.45,4.57,"N"
"34087",9.87548,36.75443,297.1,0.66,0.73,"2026-02-16",2356,"N20","nominal","2.0NRT",282.46,1.09,"N"
"34088",11.27304,29.13101,308.93,0.39,0.44,"2026-02-16",2356,"N20","nominal","2.0NRT",294.42,1.43,"N"
"34089",11.27242,29.13449,316.13,0.39,0.44,"2026-02-16",2356,"N20","nominal","2.0NRT",295.8,1.59,"N"
"34090",10.0291,35.74896,303.53,0.56,0.69,"2026-02-16",2356,"N20","nominal","2.0NRT",290.31,0.88,"N"
"34091",10.00303,35.69636,303.31,0.56,0.69,"2026-02-16",2356,"N20","nominal","2.0NRT",289.77,0.76,"N"
"34092",11.61427,26.67911,303.06,0.43,0.38,"2026-02-16",2356,"N20","nominal","2.0NRT",289.46,0.92,"N"
"34093",11.61362,26.68301,305.04,0.43,0.38,"2026-02-16",2356,"N20","nominal","2.0NRT",289.71,0.91,"N"
"34094",10.55162,32.63166,323.36,0.34,0.56,"2026-02-16",2356,"N20","nominal","2.0NRT",293.89,2.79,"N"
"34095",10.55219,32.62864,309.47,0.34,0.56,"2026-02-16",2356,"N20","nominal","2.0NRT",291.21,1.15,"N"
"34096",9.74119,36.8211,304.17,0.67,0.74,"2026-02-16",2356,"N20","nominal","2.0NRT",280.76,3.32,"N"
"34097",9.74015,36.82631,304.85,0.68,0.74,"2026-02-16",2356,"N20","nominal","2.0NRT",280.99,3.27,"N"
"34098",10.54713,32.62768,309.79,0.34,0.56,"2026-02-16",2356,"N20","nominal","2.0NRT",291.45,1.15,"N"
"34099",10.79154,31.25322,302.92,0.54,0.51,"2026-02-16",2356,"N20","nominal","2.0NRT",290.55,0.61,"N"
"34100",11.63033,26.3696,300.32,0.42,0.38,"2026-02-16",2356,"N20","nominal","2.0NRT",288.54,0.28,"N"
"34101",10.36036,33.16049,305.16,0.37,0.58,"2026-02-16",2356,"N20","nominal","2.0NRT",292.15,0.82,"N"
"34102",10.35974,33.1638,312.88,0.37,0.58,"2026-02-16",2356,"N20","nominal","2.0NRT",293.31,1.83,"N"
"34103",10.35448,33.16279,308.77,0.37,0.58,"2026-02-16",2356,"N20","nominal","2.0NRT",292.89,0.47,"N"
"34104",10.89229,29.90224,302.2,0.44,0.46,"2026-02-16",2356,"N20","nominal","2.0NRT",289.62,0.43,"N"
"34105",11.38292,27.08573,299.55,0.45,0.39,"2026-02-16",2356,"N20","nominal","2.0NRT",289.17,0.57,"N"
"34106",10.89166,29.90311,303.89,0.44,0.46,"2026-02-16",2356,"N20","nominal","2.0NRT",289.83,0.49,"N"
"34107",11.40993,26.77054,300.44,0.43,0.38,"2026-02-16",2356,"N20","nominal","2.0NRT",289.93,0.8,"N"
"34108",9.95862,34.4929,310.14,0.46,0.64,"2026-02-16",2356,"N20","nominal","2.0NRT",288.66,1.52,"N"
"34109",11.24491,27.38629,308.47,0.46,0.39,"2026-02-16",2356,"N20","nominal","2.0NRT",289.99,1.22,"N"
"34110",11.24132,27.38567,307.92,0.46,0.39,"2026-02-16",2356,"N20","nominal","2.0NRT",290.15,1.22,"N"
"34111",11.24352,27.1394,307.67,0.45,0.39,"2026-02-16",2356,"N20","nominal","2.0NRT",290.32,1.26,"N"
"34112",10.70195,30.06643,324.12,0.45,0.47,"2026-02-16",2356,"N20","nominal","2.0NRT",297.46,2.32,"N"
"34113",10.70269,30.06224,314.32,0.45,0.47,"2026-02-16",2356,"N20","nominal","2.0NRT",297.6,2.32,"N"
"34114",10.69848,30.06126,323.89,0.45,0.47,"2026-02-16",2356,"N20","nominal","2.0NRT",296.92,2.32,"N"
"34115",10.74456,29.72826,321.1,0.43,0.46,"2026-02-16",2356,"N20","nominal","2.0NRT",292.58,2.21,"N"
"34116",9.56559,35.71682,302.67,0.57,0.69,"2026-02-16",2356,"N20","nominal","2.0NRT",289.76,1.33,"N"
"34117",9.56303,35.71262,302.95,0.57,0.69,"2026-02-16",2356,"N20","nominal","2.0NRT",288.36,1.38,"N"
"34118",9.56237,35.71605,305.02,0.57,0.69,"2026-02-16",2356,"N20","nominal","2.0NRT",289.17,1.38,"N"
"34119",10.62468,29.38913,309.9,0.41,0.45,"2026-02-16",2356,"N20","nominal","2.0NRT",292.75,1.38,"N"
"34120",10.62404,29.39282,307.7,0.41,0.45,"2026-02-16",2356,"N20","nominal","2.0NRT",295.33,1.38,"N"
"34121",10.61996,29.39212,367,0.41,0.45,"2026-02-16",2356,"N20","high","2.0NRT",299.88,13.97,"N"
"34122",10.61932,29.39582,342.27,0.41,0.45,"2026-02-16",2356,"N20","nominal","2.0NRT",297.4,5.28,"N"
"34123",10.61868,29.39951,306.63,0.41,0.45,"2026-02-16",2356,"N20","nominal","2.0NRT",293.66,5.28,"N"
"34124",10.31749,30.89816,299.61,0.52,0.5,"2026-02-16",2356,"N20","nominal","2.0NRT",288.61,0.17,"N"
"34125",10.31066,30.85859,300.15,0.52,0.5,"2026-02-16",2356,"N20","nominal","2.0NRT",288.39,0.26,"N"
"34126",11.02101,26.57477,299.05,0.43,0.38,"2026-02-16",2356,"N20","nominal","2.0NRT",288.98,0.43,"N"
"34127",10.9646,26.80849,299.18,0.44,0.38,"2026-02-16",2356,"N20","nominal","2.0NRT",288.53,0.43,"N"
"34128",10.39565,30.07964,314.51,0.46,0.47,"2026-02-16",2356,"N20","nominal","2.0NRT",291.95,1.2,"N"
"34129",10.39137,30.07888,347.03,0.46,0.47,"2026-02-16",2356,"N20","nominal","2.0NRT",294.68,6.15,"N"
"34130",10.38782,30.07399,336.51,0.46,0.47,"2026-02-16",2356,"N20","nominal","2.0NRT",294.54,2.95,"N"
"34131",10.38709,30.0781,339.99,0.46,0.47,"2026-02-16",2356,"N20","nominal","2.0NRT",296.8,6.15,"N"
"34132",10.38854,30.06988,303.69,0.46,0.47,"2026-02-16",2356,"N20","nominal","2.0NRT",291.96,2.95,"N"
"34133",10.38354,30.07322,326.63,0.46,0.47,"2026-02-16",2356,"N20","nominal","2.0NRT",292.92,11,"N"
"34134",10.38281,30.07733,344.34,0.46,0.47,"2026-02-16",2356,"N20","nominal","2.0NRT",301.19,26.69,"N"
"34135",9.17588,36.05053,300.37,0.61,0.71,"2026-02-16",2356,"N20","nominal","2.0NRT",288.21,1.23,"N"
"34136",9.17559,36.04784,298.03,0.61,0.71,"2026-02-16",2356,"N20","nominal","2.0NRT",287.36,1.65,"N"
"34137",9.12488,36.10209,298.17,0.62,0.71,"2026-02-16",2356,"N20","nominal","2.0NRT",285.59,0.89,"N"
"34138",9.12364,36.10839,298.54,0.62,0.71,"2026-02-16",2356,"N20","nominal","2.0NRT",286.24,0.89,"N"
"34139",10.78809,26.9529,300.42,0.45,0.39,"2026-02-16",2356,"N20","nominal","2.0NRT",289.88,0.68,"N"
"34140",10.08015,30.95699,306.8,0.53,0.5,"2026-02-16",2356,"N20","nominal","2.0NRT",292.15,1,"N"
"34141",10.08673,30.89485,315.89,0.52,0.5,"2026-02-16",2356,"N20","nominal","2.0NRT",291.23,2.04,"N"
"34142",10.07644,30.95144,306.1,0.53,0.5,"2026-02-16",2356,"N20","nominal","2.0NRT",291.83,1,"N"
"34143",10.16648,30.3788,303.54,0.48,0.48,"2026-02-16",2356,"N20","nominal","2.0NRT",291.85,0.57,"N"
"34144",10.27168,29.54443,332.8,0.42,0.45,"2026-02-16",2356,"N20","nominal","2.0NRT",293.59,2.49,"N"
"34145",9.86551,31.64746,334.42,0.59,0.53,"2026-02-16",2356,"N20","nominal","2.0NRT",290.9,9.28,"N"
"34146",9.86454,31.65279,337.82,0.59,0.53,"2026-02-16",2356,"N20","nominal","2.0NRT",291.84,7.52,"N"
"34147",10.6753,26.97666,302.58,0.45,0.39,"2026-02-16",2356,"N20","nominal","2.0NRT",291.45,0.69,"N"
"34148",10.21903,27.56428,336.54,0.49,0.4,"2026-02-16",2356,"N20","nominal","2.0NRT",292.63,3.36,"N"
"34149",10.21536,27.56364,318.39,0.49,0.4,"2026-02-16",2356,"N20","nominal","2.0NRT",293.24,3.36,"N"
"34150",9.01869,34.1095,303.92,0.45,0.63,"2026-02-16",2356,"N20","nominal","2.0NRT",291.24,0.72,"N"
"34151",10.21017,27.5718,304.02,0.49,0.4,"2026-02-16",2356,"N20","nominal","2.0NRT",291.85,1.13,"N"
"34152",9.0176,34.11011,305.35,0.45,0.63,"2026-02-16",2356,"N20","nominal","2.0NRT",290.97,1.19,"N"
"34153",9.0119,34.1089,314.28,0.45,0.63,"2026-02-16",2356,"N20","nominal","2.0NRT",290.96,1.64,"N"
"34154",9.01137,34.11172,311.97,0.45,0.63,"2026-02-16",2356,"N20","nominal","2.0NRT",291.3,1.64,"N"
"34155",9.01074,34.1151,304.02,0.45,0.63,"2026-02-16",2356,"N20","nominal","2.0NRT",290.26,0.83,"N"
"34156",9.00865,34.06287,323,0.45,0.63,"2026-02-16",2356,"N20","nominal","2.0NRT",292.64,2.18,"N"
"34157",9.00933,34.05926,306,0.45,0.63,"2026-02-16",2356,"N20","nominal","2.0NRT",291.54,2.18,"N"
"34158",9.00799,34.0664,319.06,0.45,0.63,"2026-02-16",2356,"N20","nominal","2.0NRT",292.49,2.06,"N"
"34159",9.00734,34.06987,306.36,0.45,0.63,"2026-02-16",2356,"N20","nominal","2.0NRT",292.21,2.06,"N"
"34160",9.00167,34.10015,314.09,0.45,0.63,"2026-02-16",2356,"N20","nominal","2.0NRT",291.49,1.23,"N"
"34161",9.03426,32.87468,306.94,0.37,0.58,"2026-02-16",2356,"N20","nominal","2.0NRT",292.53,1.32,"N"
"34162",9.5079,29.83328,309.09,0.45,0.47,"2026-02-16",2356,"N20","nominal","2.0NRT",289.73,1.74,"N"
"34163",9.50717,29.83737,310.99,0.45,0.47,"2026-02-16",2356,"N20","nominal","2.0NRT",290.25,1.68,"N"
"34164",10.05962,26.53624,303.25,0.44,0.38,"2026-02-16",2356,"N20","nominal","2.0NRT",291.7,0.59,"N"
"34165",10.05545,26.5396,302.38,0.44,0.38,"2026-02-16",2356,"N20","nominal","2.0NRT",290.94,0.59,"N"
"34166",10.05195,26.53901,302.45,0.44,0.38,"2026-02-16",2356,"N20","nominal","2.0NRT",291.87,0.67,"N"
"34167",10.05086,26.53939,301.91,0.44,0.38,"2026-02-16",2356,"N20","nominal","2.0NRT",291.78,0.68,"N"
"34168",10.0282,26.6337,305.82,0.44,0.39,"2026-02-16",2356,"N20","nominal","2.0NRT",291.57,1.03,"N"
"34169",10.10048,26.06197,310.37,0.42,0.38,"2026-02-16",2356,"N20","nominal","2.0NRT",291.86,0.94,"N"
"34170",10.09985,26.06576,305.33,0.42,0.38,"2026-02-16",2356,"N20","nominal","2.0NRT",291.46,0.99,"N"
"34171",9.87604,27.21841,304.8,0.47,0.4,"2026-02-16",2356,"N20","nominal","2.0NRT",290.69,1.5,"N"
"34172",9.87532,27.22267,302.18,0.47,0.4,"2026-02-16",2356,"N20","nominal","2.0NRT",290.16,1.71,"N"
"34173",9.88724,27.0639,305.02,0.46,0.39,"2026-02-16",2356,"N20","nominal","2.0NRT",289.53,0.6,"N"
"34174",9.73117,27.56738,305.57,0.49,0.41,"2026-02-16",2356,"N20","nominal","2.0NRT",290.28,0.59,"N"
"34175",9.69216,27.68542,304.64,0.5,0.41,"2026-02-16",2356,"N20","nominal","2.0NRT",290.47,0.77,"N"
"34176",9.68844,27.68478,303.93,0.5,0.41,"2026-02-16",2356,"N20","nominal","2.0NRT",290.4,0.77,"N"
"34177",9.60782,26.84931,322,0.46,0.39,"2026-02-16",2356,"N20","nominal","2.0NRT",290.83,2.06,"N"
"34178",9.43876,27.78215,306.32,0.51,0.41,"2026-02-16",2356,"N20","nominal","2.0NRT",287.08,0.98,"N"
"34179",9.43501,27.78151,307.19,0.51,0.41,"2026-02-16",2356,"N20","nominal","2.0NRT",287.67,1.02,"N"
"34180",9.57394,26.94151,312.97,0.46,0.39,"2026-02-16",2356,"N20","nominal","2.0NRT",290.58,1.3,"N"
"34181",9.39295,26.85414,310.22,0.46,0.39,"2026-02-16",2356,"N20","nominal","2.0NRT",290.14,1.26,"N"
"34182",9.39226,26.85829,318.32,0.46,0.39,"2026-02-16",2356,"N20","nominal","2.0NRT",290.36,1.26,"N"
"34183",9.38799,26.86183,301.77,0.46,0.39,"2026-02-16",2356,"N20","nominal","2.0NRT",290.14,0.38,"N"
"34184",9.05796,27.08251,310.48,0.48,0.4,"2026-02-16",2356,"N20","nominal","2.0NRT",291.52,0.95,"N"
"34185",9.05201,26.85119,301.05,0.46,0.39,"2026-02-16",2356,"N20","nominal","2.0NRT",287.87,0.45,"N"
"34186",41.17525,32.63508,300.22,0.38,0.36,"2026-02-16",2348,"N20","nominal","2.0NRT",272.63,0.88,"N"
"34187",41.26828,31.42322,299.98,0.39,0.36,"2026-02-16",2348,"N20","nominal","2.0NRT",281.3,0.85,"N"
"34188",41.26499,31.42234,304.6,0.39,0.36,"2026-02-16",2348,"N20","nominal","2.0NRT",283.5,1.07,"N"
"34189",41.2643,31.42693,301.52,0.39,0.36,"2026-02-16",2348,"N20","nominal","2.0NRT",285.98,1.07,"N"
"34190",41.25581,31.41516,335.38,0.39,0.36,"2026-02-16",2348,"N20","nominal","2.0NRT",282.53,3.31,"N"
"34191",40.75645,31.78354,299.35,0.38,0.36,"2026-02-16",2348,"N20","nominal","2.0NRT",279.05,0.85,"N"
"34192",40.44267,27.1393,297,0.49,0.41,"2026-02-16",2348,"N20","nominal","2.0NRT",281.84,1.52,"N"
"34193",39.8379,30.30263,299.34,0.39,0.37,"2026-02-16",2348,"N20","nominal","2.0NRT",276.9,0.82,"N"
"34194",36.90876,43.39241,326.56,0.42,0.61,"2026-02-16",2348,"N20","nominal","2.0NRT",269.66,3.29,"N"
"34195",36.89222,43.43085,319.24,0.42,0.61,"2026-02-16",2348,"N20","nominal","2.0NRT",274.66,1.7,"N"
"34196",36.90935,43.39268,309.96,0.42,0.61,"2026-02-16",2348,"N20","nominal","2.0NRT",267.46,0.76,"N"
"34197",36.89304,43.4312,325.56,0.42,0.61,"2026-02-16",2348,"N20","nominal","2.0NRT",275.12,2.4,"N"
"34198",36.90404,43.39036,299.18,0.42,0.61,"2026-02-16",2348,"N20","nominal","2.0NRT",272.15,0.83,"N"
"34199",37.07908,42.55893,319.8,0.37,0.58,"2026-02-16",2348,"N20","nominal","2.0NRT",279.78,2.28,"N"
"34200",36.78036,43.3225,297.29,0.41,0.61,"2026-02-16",2348,"N20","nominal","2.0NRT",280.52,0.74,"N"
"34201",36.77473,43.32135,353.43,0.41,0.61,"2026-02-16",2348,"N20","nominal","2.0NRT",281.17,3.87,"N"
"34202",36.77348,43.326,302.95,0.41,0.61,"2026-02-16",2348,"N20","nominal","2.0NRT",278.67,3.87,"N"
"34203",36.7322,43.2814,307.51,0.41,0.61,"2026-02-16",2348,"N20","nominal","2.0NRT",279.14,0.64,"N"
"34204",36.7322,43.28358,295.55,0.41,0.61,"2026-02-16",2348,"N20","nominal","2.0NRT",279.27,0.89,"N"
"34205",39.86657,26.2446,297.83,0.53,0.42,"2026-02-16",2348,"N20","nominal","2.0NRT",282.72,0.8,"N"
"34206",36.94982,42.13257,316.85,0.35,0.57,"2026-02-16",2348,"N20","nominal","2.0NRT",265.35,1.3,"N"
"34207",36.94481,42.13051,295.47,0.35,0.57,"2026-02-16",2348,"N20","nominal","2.0NRT",260.72,0.6,"N"
"34208",36.9388,42.13233,298.69,0.35,0.57,"2026-02-16",2348,"N20","nominal","2.0NRT",260.86,0.17,"N"
"34209",36.9957,41.56092,301.3,0.33,0.55,"2026-02-16",2348,"N20","nominal","2.0NRT",272.93,0.6,"N"
"34210",36.31683,43.74311,311.1,0.45,0.63,"2026-02-16",2348,"N20","nominal","2.0NRT",280.52,1.2,"N"
"34211",36.31299,43.75701,296.28,0.45,0.63,"2026-02-16",2348,"N20","nominal","2.0NRT",281.01,0.82,"N"
"34212",36.44281,42.93105,304.65,0.4,0.6,"2026-02-16",2348,"N20","nominal","2.0NRT",281.76,1.04,"N"
"34213",36.46003,42.67055,297.26,0.39,0.59,"2026-02-16",2348,"N20","nominal","2.0NRT",278.46,0.63,"N"
"34214",36.12645,43.77912,297.48,0.46,0.63,"2026-02-16",2348,"N20","nominal","2.0NRT",279.41,0.47,"N"
"34215",36.12492,43.78169,305.2,0.46,0.63,"2026-02-16",2348,"N20","nominal","2.0NRT",279.66,0.66,"N"
"34216",36.09943,43.62825,296.31,0.45,0.63,"2026-02-16",2348,"N20","nominal","2.0NRT",278.16,0.48,"N"
"34217",35.66918,45.0039,301.5,0.55,0.68,"2026-02-16",2348,"N20","nominal","2.0NRT",277.2,1.48,"N"
"34218",35.63565,45.0952,298.68,0.55,0.68,"2026-02-16",2348,"N20","nominal","2.0NRT",277.2,1.99,"N"
"34219",35.63587,45.09894,303.66,0.55,0.68,"2026-02-16",2348,"N20","nominal","2.0NRT",280.81,1.75,"N"
"34220",36.02161,43.68141,304.99,0.45,0.63,"2026-02-16",2348,"N20","nominal","2.0NRT",280.05,0.54,"N"
"34221",36.00053,43.75813,304.54,0.46,0.63,"2026-02-16",2348,"N20","nominal","2.0NRT",278.89,1.35,"N"
"34222",35.99919,43.763,307.24,0.46,0.63,"2026-02-16",2348,"N20","nominal","2.0NRT",279.19,1.36,"N"
"34223",35.98001,43.76516,297.14,0.46,0.63,"2026-02-16",2348,"N20","nominal","2.0NRT",281,1.82,"N"
"34224",35.60264,45.09795,297.24,0.55,0.68,"2026-02-16",2348,"N20","nominal","2.0NRT",276.53,1.19,"N"
"34225",35.96775,43.76465,367,0.46,0.63,"2026-02-16",2348,"N20","high","2.0NRT",285.48,7.43,"N"
"34226",35.96637,43.76964,346.35,0.46,0.64,"2026-02-16",2348,"N20","nominal","2.0NRT",283.53,11.16,"N"
"34227",35.96912,43.75971,302.04,0.46,0.63,"2026-02-16",2348,"N20","nominal","2.0NRT",280.99,7.43,"N"
"34228",35.95344,43.72695,301.33,0.46,0.63,"2026-02-16",2348,"N20","nominal","2.0NRT",280.15,0.67,"N"
"34229",35.77261,43.99518,328.04,0.48,0.65,"2026-02-16",2348,"N20","nominal","2.0NRT",284,3.27,"N"
"34230",35.72851,44.0395,367,0.48,0.65,"2026-02-16",2348,"N20","high","2.0NRT",283.76,5.45,"N"
"34231",35.73133,44.02951,311.1,0.48,0.65,"2026-02-16",2348,"N20","nominal","2.0NRT",280.89,2.61,"N"
"34232",35.72993,44.03446,296.53,0.48,0.65,"2026-02-16",2348,"N20","nominal","2.0NRT",282.04,2.61,"N"
"34233",35.72275,44.03748,318.22,0.48,0.65,"2026-02-16",2348,"N20","nominal","2.0NRT",281.2,5.45,"N"
"34234",35.73197,44.03232,323.52,0.48,0.65,"2026-02-16",2348,"N20","nominal","2.0NRT",282.22,6.96,"N"
"34235",35.72343,44.04033,367,0.48,0.65,"2026-02-16",2348,"N20","high","2.0NRT",285.85,8.96,"N"
"34236",35.67914,44.06302,295.59,0.49,0.65,"2026-02-16",2348,"N20","nominal","2.0NRT",273.38,0.66,"N"
"34237",35.68762,43.87469,367,0.47,0.64,"2026-02-16",2348,"N20","high","2.0NRT",287.98,37.49,"N"
"34238",35.68621,43.87973,341.2,0.47,0.64,"2026-02-16",2348,"N20","nominal","2.0NRT",284.1,25.28,"N"
"34239",35.66236,43.96475,367,0.48,0.65,"2026-02-16",2348,"N20","high","2.0NRT",287.55,5.33,"N"
"34240",35.71737,43.76824,295.33,0.47,0.64,"2026-02-16",2348,"N20","nominal","2.0NRT",281.79,0.95,"N"
"34241",35.66379,43.95967,297.65,0.48,0.65,"2026-02-16",2348,"N20","nominal","2.0NRT",279.07,5.33,"N"
"34242",35.631,44.00871,367,0.48,0.65,"2026-02-16",2348,"N20","high","2.0NRT",287.22,5.34,"N"
"34243",35.6324,44.00373,300.33,0.48,0.65,"2026-02-16",2348,"N20","nominal","2.0NRT",279.82,5.34,"N"
"34244",35.53163,44.33558,304.9,0.51,0.66,"2026-02-16",2348,"N20","nominal","2.0NRT",263.4,1.21,"N"
"34245",35.53013,44.34083,311.01,0.51,0.66,"2026-02-16",2348,"N20","nominal","2.0NRT",267.29,2.09,"N"
"34246",35.81602,43.25775,295.3,0.44,0.62,"2026-02-16",2348,"N20","nominal","2.0NRT",280.09,0.95,"N"
"34247",35.63247,44.01046,338.83,0.48,0.65,"2026-02-16",2348,"N20","nominal","2.0NRT",282.77,5.15,"N"
"34248",35.63385,44.00547,309.33,0.48,0.65,"2026-02-16",2348,"N20","nominal","2.0NRT",279.61,3.45,"N"
"34249",35.62684,44.00793,345.97,0.48,0.65,"2026-02-16",2348,"N20","nominal","2.0NRT",281.92,4.81,"N"
"34250",35.62822,44.00293,295.78,0.48,0.65,"2026-02-16",2348,"N20","nominal","2.0NRT",279.73,3.31,"N"
"34251",35.83541,43.21973,296.74,0.43,0.62,"2026-02-16",2348,"N20","nominal","2.0NRT",280.07,0.62,"N"
"34252",35.52773,44.34132,312.98,0.51,0.66,"2026-02-16",2348,"N20","nominal","2.0NRT",267.59,1.76,"N"
"34253",35.81335,43.25674,300.09,0.44,0.62,"2026-02-16",2348,"N20","nominal","2.0NRT",281.21,0.86,"N"
"34254",35.49125,44.15128,303.17,0.5,0.65,"2026-02-16",2348,"N20","nominal","2.0NRT",272.63,1.86,"N"
"34255",35.48977,44.1565,307.58,0.5,0.65,"2026-02-16",2348,"N20","nominal","2.0NRT",272.43,1.92,"N"
"34256",35.48737,44.15248,332.01,0.5,0.66,"2026-02-16",2348,"N20","nominal","2.0NRT",273.96,3.45,"N"
"34257",35.38637,44.21527,305.69,0.5,0.66,"2026-02-16",2348,"N20","nominal","2.0NRT",275.73,1.67,"N"
"34258",38.7885,26.91547,307.97,0.48,0.4,"2026-02-16",2348,"N20","nominal","2.0NRT",285.37,2.95,"N"
"34259",38.75367,26.93601,309.77,0.48,0.4,"2026-02-16",2348,"N20","nominal","2.0NRT",284.24,1.51,"N"
"34260",38.748,26.95193,297.33,0.48,0.4,"2026-02-16",2348,"N20","nominal","2.0NRT",283.55,0.55,"N"
"34261",38.74433,26.95124,301.31,0.48,0.4,"2026-02-16",2348,"N20","nominal","2.0NRT",283.7,1.64,"N"
"34262",38.73963,26.92761,298.37,0.48,0.4,"2026-02-16",2348,"N20","nominal","2.0NRT",285.64,0.7,"N"
"34263",38.73896,26.93319,296.86,0.48,0.4,"2026-02-16",2348,"N20","nominal","2.0NRT",284.33,0.93,"N"
"34264",38.73764,26.94427,297.96,0.48,0.4,"2026-02-16",2348,"N20","nominal","2.0NRT",286.66,0.66,"N"
"34265",38.73698,26.94985,295.47,0.48,0.4,"2026-02-16",2348,"N20","nominal","2.0NRT",284.8,0.66,"N"
"34266",35.24628,44.42915,367,0.52,0.67,"2026-02-16",2348,"N20","high","2.0NRT",283.89,7.99,"N"
"34267",35.12086,44.82222,320.27,0.55,0.68,"2026-02-16",2348,"N20","nominal","2.0NRT",279.88,2.94,"N"
"34268",35.12745,44.56897,312.88,0.53,0.67,"2026-02-16",2348,"N20","nominal","2.0NRT",279.42,1.49,"N"
"34269",35.12635,44.57206,296.16,0.53,0.67,"2026-02-16",2350,"N20","nominal","2.0NRT",278.98,1.07,"N"
"34270",34.76014,45.15039,299.87,0.59,0.7,"2026-02-16",2350,"N20","nominal","2.0NRT",281.86,0.83,"N"
"34271",34.75744,45.15055,303.23,0.59,0.7,"2026-02-16",2350,"N20","nominal","2.0NRT",281.57,1.12,"N"
"34272",37.89735,30.49121,302.06,0.39,0.36,"2026-02-16",2350,"N20","nominal","2.0NRT",279.43,0.79,"N"
"34273",35.01938,43.50041,324.65,0.47,0.64,"2026-02-16",2350,"N20","nominal","2.0NRT",281.92,2.62,"N"
"34274",34.86806,44.01938,311.13,0.51,0.66,"2026-02-16",2350,"N20","nominal","2.0NRT",278.69,2.53,"N"
"34275",34.86658,44.02463,316.07,0.51,0.66,"2026-02-16",2350,"N20","nominal","2.0NRT",280.06,2.93,"N"
"34276",35.00249,43.49364,321.4,0.47,0.64,"2026-02-16",2350,"N20","nominal","2.0NRT",281.84,3.8,"N"
"34277",35.00385,43.48875,318.95,0.47,0.64,"2026-02-16",2350,"N20","nominal","2.0NRT",279.9,3.47,"N"
"34278",34.8973,43.80195,355.59,0.49,0.65,"2026-02-16",2350,"N20","nominal","2.0NRT",279.48,21.21,"N"
"34279",34.89585,43.80708,345.84,0.49,0.65,"2026-02-16",2350,"N20","nominal","2.0NRT",288.3,26.62,"N"
"34280",34.89888,43.8052,367,0.49,0.65,"2026-02-16",2350,"N20","high","2.0NRT",286.59,12.64,"N"
"34281",34.89747,43.81037,342.2,0.49,0.65,"2026-02-16",2350,"N20","nominal","2.0NRT",280.12,13.41,"N"
"34282",34.9003,43.80007,298.68,0.49,0.65,"2026-02-16",2350,"N20","nominal","2.0NRT",275.18,12.64,"N"
"34283",34.89314,43.80295,319.67,0.49,0.65,"2026-02-16",2350,"N20","nominal","2.0NRT",278.46,12.64,"N"
"34284",34.89172,43.80809,299.62,0.49,0.65,"2026-02-16",2350,"N20","nominal","2.0NRT",278.83,13.41,"N"
"34285",34.91348,43.43237,309.36,0.47,0.64,"2026-02-16",2350,"N20","nominal","2.0NRT",280.99,1.35,"N"
"34286",33.69475,46.22964,323.45,0.72,0.76,"2026-02-16",2350,"N20","nominal","2.0NRT",279.72,4.04,"N"
"34287",34.06864,42.35977,297.46,0.43,0.62,"2026-02-16",2350,"N20","nominal","2.0NRT",279.6,0.56,"N"
"34288",34.06501,42.36092,309.18,0.43,0.62,"2026-02-16",2350,"N20","nominal","2.0NRT",278.47,1.53,"N"
"34289",32.99244,46.18337,296.64,0.75,0.77,"2026-02-16",2350,"N20","nominal","2.0NRT",282.29,1.44,"N"
"34290",34.25897,41.21223,296.92,0.37,0.58,"2026-02-16",2350,"N20","nominal","2.0NRT",283.15,0.57,"N"
"34291",33.32578,44.56793,310.04,0.6,0.7,"2026-02-16",2350,"N20","nominal","2.0NRT",282.07,1.68,"N"
"34292",33.32291,44.57113,304.01,0.6,0.7,"2026-02-16",2350,"N20","nominal","2.0NRT",282.62,1.22,"N"
"34293",33.22533,44.76619,367,0.62,0.71,"2026-02-16",2350,"N20","high","2.0NRT",283.18,10.68,"N"
"34294",33.2191,44.76363,332.32,0.62,0.71,"2026-02-16",2350,"N20","nominal","2.0NRT",279.97,4.82,"N"
"34295",33.15824,44.78091,337.31,0.62,0.71,"2026-02-16",2350,"N20","nominal","2.0NRT",280.43,5.19,"N"
"34296",33.15639,44.78721,326.69,0.62,0.71,"2026-02-16",2350,"N20","nominal","2.0NRT",283.78,5.19,"N"
"34297",33.15752,44.78365,367,0.62,0.71,"2026-02-16",2350,"N20","high","2.0NRT",284.04,8.94,"N"
"34298",33.58936,42.50259,298.34,0.45,0.63,"2026-02-16",2350,"N20","nominal","2.0NRT",280.67,0.75,"N"
"34299",32.49338,45.65888,300.19,0.72,0.76,"2026-02-16",2350,"N20","nominal","2.0NRT",281.88,2.39,"N"
"34300",32.83932,44.29137,303.47,0.59,0.7,"2026-02-16",2350,"N20","nominal","2.0NRT",282.51,0.72,"N"
"34301",32.11384,45.1305,300.03,0.69,0.74,"2026-02-16",2350,"N20","nominal","2.0NRT",280.46,1.13,"N"
"34302",31.77388,46.06469,301.41,0.79,0.78,"2026-02-16",2350,"N20","nominal","2.0NRT",283.13,1.42,"N"
"34303",31.76706,46.06187,301.09,0.79,0.78,"2026-02-16",2350,"N20","nominal","2.0NRT",282.93,10.69,"N"
"34304",31.76509,46.04322,367,0.79,0.78,"2026-02-16",2350,"N20","high","2.0NRT",286.76,22.5,"N"
"34305",32.33139,44.09131,297.51,0.6,0.7,"2026-02-16",2350,"N20","nominal","2.0NRT",281.27,1.18,"N"
"34306",31.77019,46.0624,311.64,0.79,0.78,"2026-02-16",2350,"N20","nominal","2.0NRT",283.73,3.05,"N"
"34307",31.76815,46.04366,367,0.79,0.78,"2026-02-16",2350,"N20","high","2.0NRT",284.71,10.17,"N"
"34308",31.76576,46.05162,298.68,0.79,0.78,"2026-02-16",2350,"N20","nominal","2.0NRT",282.21,10.17,"N"
"34309",32.34571,43.32681,307.17,0.54,0.68,"2026-02-16",2350,"N20","nominal","2.0NRT",284.14,1.53,"N"
"34310",31.24419,45.25517,296.88,0.74,0.76,"2026-02-16",2350,"N20","nominal","2.0NRT",281.7,0.59,"N"
"34311",31.24457,45.25625,295.14,0.74,0.76,"2026-02-16",2350,"N20","nominal","2.0NRT",281.52,0.99,"N"
"34312",31.21711,44.92148,295.72,0.71,0.75,"2026-02-16",2350,"N20","nominal","2.0NRT",281.57,1.11,"N"
"34313",31.65583,40.15799,345.26,0.37,0.58,"2026-02-16",2350,"N20","nominal","2.0NRT",281.71,3.39,"N"
"34314",31.65012,38.85794,311.18,0.63,0.54,"2026-02-16",2350,"N20","nominal","2.0NRT",280.13,2.97,"N"
"34315",31.18541,36.0755,301.48,0.45,0.47,"2026-02-16",2350,"N20","nominal","2.0NRT",285.18,0.49,"N"
"34316",31.28517,34.849,295.72,0.57,0.43,"2026-02-16",2350,"N20","nominal","2.0NRT",279.3,0.74,"N"
"34317",30.72661,33.77645,303.18,0.52,0.41,"2026-02-16",2350,"N20","nominal","2.0NRT",286.99,1.67,"N"
"34318",30.72287,33.77549,311.97,0.52,0.41,"2026-02-16",2350,"N20","nominal","2.0NRT",288.36,1.67,"N"
"34319",30.7045,33.84834,312,0.52,0.42,"2026-02-16",2350,"N20","nominal","2.0NRT",285.92,2.68,"N"
"34320",30.69968,33.85273,302.68,0.52,0.42,"2026-02-16",2350,"N20","nominal","2.0NRT",286.69,2.21,"N"
"34321",30.70423,33.85231,308.22,0.52,0.42,"2026-02-16",2350,"N20","nominal","2.0NRT",287.01,2.41,"N"
"34322",30.70048,33.85134,314.61,0.52,0.42,"2026-02-16",2350,"N20","nominal","2.0NRT",288.67,2.41,"N"
"34323",31.12361,29.814,332.03,0.39,0.36,"2026-02-16",2350,"N20","nominal","2.0NRT",270.76,2.91,"N"
"34324",30.88043,29.46237,302.61,0.38,0.36,"2026-02-16",2350,"N20","nominal","2.0NRT",272.99,0.73,"N"
"34325",30.93434,27.55469,297.51,0.4,0.37,"2026-02-16",2350,"N20","nominal","2.0NRT",282.74,0.49,"N"
"34326",30.89766,27.34473,302.29,0.4,0.37,"2026-02-16",2350,"N20","nominal","2.0NRT",282.02,0.68,"N"
"34327",30.75729,27.46807,296.56,0.4,0.37,"2026-02-16",2352,"N20","nominal","2.0NRT",281.07,0.57,"N"
"34328",29.92528,32.46644,298.45,0.46,0.39,"2026-02-16",2352,"N20","nominal","2.0NRT",271.9,0.75,"N"
"34329",29.92172,32.46556,295.74,0.46,0.39,"2026-02-16",2352,"N20","nominal","2.0NRT",272.11,0.75,"N"
"34330",30.7027,27.72367,330.17,0.39,0.36,"2026-02-16",2352,"N20","nominal","2.0NRT",283.92,2.54,"N"
"34331",30.85658,26.62044,317.29,0.42,0.38,"2026-02-16",2352,"N20","nominal","2.0NRT",281.82,1.3,"N"
"34332",30.77124,27.10604,315.68,0.41,0.37,"2026-02-16",2352,"N20","nominal","2.0NRT",282.84,1.44,"N"
"34333",30.7611,27.10409,327.94,0.41,0.37,"2026-02-16",2352,"N20","nominal","2.0NRT",282.36,2.47,"N"
"34334",30.74065,27.19951,295.7,0.4,0.37,"2026-02-16",2352,"N20","nominal","2.0NRT",281.64,0.23,"N"
"34335",30.75233,27.06769,308.41,0.41,0.37,"2026-02-16",2352,"N20","nominal","2.0NRT",280.82,0.77,"N"
"34336",30.82584,26.46841,306.06,0.42,0.38,"2026-02-16",2352,"N20","nominal","2.0NRT",281.56,0.67,"N"
"34337",30.67089,26.36905,326.7,0.43,0.38,"2026-02-16",2352,"N20","nominal","2.0NRT",281.53,1.38,"N"
"34338",30.53527,26.08857,302.54,0.43,0.38,"2026-02-16",2352,"N20","nominal","2.0NRT",282.01,0.51,"N"
"34339",30.53239,26.08343,297.17,0.43,0.38,"2026-02-16",2352,"N20","nominal","2.0NRT",280.82,0.51,"N"
"34340",30.37153,27.22895,318.5,0.4,0.37,"2026-02-16",2352,"N20","nominal","2.0NRT",280.06,1.28,"N"
"34341",30.36817,27.22829,320.96,0.4,0.37,"2026-02-16",2352,"N20","nominal","2.0NRT",279.05,1.82,"N"
"34342",30.3072,26.04213,305.19,0.43,0.38,"2026-02-16",2352,"N20","nominal","2.0NRT",280.92,1.01,"N"
"34343",29.98012,27.78922,295.97,0.39,0.36,"2026-02-16",2352,"N20","nominal","2.0NRT",283.67,0.41,"N"
"34344",29.78789,28.5568,298.37,0.38,0.36,"2026-02-16",2352,"N20","nominal","2.0NRT",259.02,0.69,"N"
"34345",29.76626,28.05589,300.06,0.39,0.36,"2026-02-16",2352,"N20","nominal","2.0NRT",284.27,0.49,"N"
"34346",28.85142,33.06843,308.15,0.51,0.41,"2026-02-16",2352,"N20","nominal","2.0NRT",287.62,1.44,"N"
"34347",27.75903,35.44175,302.32,0.48,0.48,"2026-02-16",2352,"N20","nominal","2.0NRT",290.58,1.35,"N"
"34348",27.53212,35.53798,305.34,0.49,0.49,"2026-02-16",2352,"N20","nominal","2.0NRT",293.1,1.54,"N"
"34349",27.47159,33.62171,300.47,0.38,0.43,"2026-02-16",2352,"N20","nominal","2.0NRT",287,0.61,"N"
"34350",26.2552,32.96885,303.11,0.56,0.43,"2026-02-16",2352,"N20","nominal","2.0NRT",288.96,0.88,"N"
"34351",26.25415,32.97274,305.91,0.56,0.43,"2026-02-16",2352,"N20","nominal","2.0NRT",290.14,1.64,"N"
"34352",26.02907,32.94046,300.53,0.56,0.43,"2026-02-16",2352,"N20","nominal","2.0NRT",289.82,0.6,"N"
"34353",22.67108,39.03598,304.7,0.51,0.66,"2026-02-16",2352,"N20","nominal","2.0NRT",294.55,1.75,"N"
"34354",22.55557,39.43383,309.13,0.54,0.68,"2026-02-16",2352,"N20","nominal","2.0NRT",294.3,1.08,"N"
"34355",20.7177,39.82689,309.14,0.63,0.72,"2026-02-16",2352,"N20","nominal","2.0NRT",293.31,1.72,"N"
